1.000000000000000000e+00 0.000000000000000000e+00 0.000000000000000000e+00 -3.619798645377159119e-02
0.000000000000000000e+00 1.000000000000000000e+00 0.000000000000000000e+00 -1.327119767665863037e-03
0.000000000000000000e+00 0.000000000000000000e+00 1.000000000000000000e+00 -2.960163652896881104e-01
0.000000000000000000e+00 0.000000000000000000e+00 0.000000000000000000e+00 1.000000000000000000e+00
9.904145598411560059e-01 1.378378868103027344e-01 8.924254216253757477e-03 -4.213403910398483276e-02
-1.370628774166107178e-01 9.887371659278869629e-01 -6.010327488183975220e-02 2.842813171446323395e-02
-1.710830070078372955e-02 5.830395966768264771e-02 9.981522560119628906e-01 -2.969763278961181641e-01
0.000000000000000000e+00 0.000000000000000000e+00 0.000000000000000000e+00 1.000000000000000000e+00
9.705280065536499023e-01 2.392320185899734497e-01 2.903748862445354462e-02 -4.848557710647583008e-02
-2.351161539554595947e-01 9.664185643196105957e-01 -1.037080213427543640e-01 5.236211046576499939e-02
-5.287272110581398010e-02 9.382433444261550903e-02 9.941837787628173828e-01 -2.948031425476074219e-01
0.000000000000000000e+00 0.000000000000000000e+00 0.000000000000000000e+00 1.000000000000000000e+00
9.412987232208251953e-01 3.363249301910400391e-01 2.901686169207096100e-02 -4.746733605861663818e-02
-3.290229737758636475e-01 9.332831501960754395e-01 -1.439661979675292969e-01 7.360527664422988892e-02
-7.550044357776641846e-02 1.259679794311523438e-01 9.891570806503295898e-01 -2.919042706489562988e-01
0.000000000000000000e+00 0.000000000000000000e+00 0.000000000000000000e+00 1.000000000000000000e+00
8.946498632431030273e-01 4.467567205429077148e-01 -3.166646230965852737e-03 -3.226327151060104370e-02
-4.410098195075988770e-01 8.819627165794372559e-01 -1.662886589765548706e-01 8.741431683301925659e-02
-7.149773091077804565e-02 1.501666307449340820e-01 9.860720038414001465e-01 -2.911185622215270996e-01
0.000000000000000000e+00 0.000000000000000000e+00 0.000000000000000000e+00 1.000000000000000000e+00
8.319961428642272949e-01 5.545335412025451660e-01 -1.657575555145740509e-02 -2.232301980257034302e-02
-5.472754836082458496e-01 8.154754638671875000e-01 -1.883852779865264893e-01 1.005503162741661072e-01
-9.094891697168350220e-02 1.658073067665100098e-01 9.819552898406982422e-01 -2.895812392234802246e-01
0.000000000000000000e+00 0.000000000000000000e+00 0.000000000000000000e+00 1.000000000000000000e+00
7.544587850570678711e-01 6.546866893768310547e-01 -4.665638133883476257e-02 -6.057862192392349243e-03
-6.516948938369750977e-01 7.387675642967224121e-01 -1.718015819787979126e-01 9.938802570104598999e-02
-7.800808548927307129e-02 1.600229293107986450e-01 9.840261340141296387e-01 -2.924152910709381104e-01
0.000000000000000000e+00 0.000000000000000000e+00 0.000000000000000000e+00 1.000000000000000000e+00
6.907829046249389648e-01 7.187922596931457520e-01 -7.846276462078094482e-02 7.772341836243867874e-03
-7.224920392036437988e-01 6.818546652793884277e-01 -1.143640503287315369e-01 8.089301735162734985e-02
-2.870382927358150482e-02 1.356894671916961670e-01 9.903355240821838379e-01 -2.993118464946746826e-01
0.000000000000000000e+00 0.000000000000000000e+00 0.000000000000000000e+00 1.000000000000000000e+00
5.876469016075134277e-01 8.076094985008239746e-01 -4.937313497066497803e-02 2.214838284999132156e-03
-8.084411025047302246e-01 5.835673213005065918e-01 -7.662878930568695068e-02 6.904888898134231567e-02
-3.307361900806427002e-02 8.494594693183898926e-02 9.958364963531494141e-01 -3.065212965011596680e-01
0.000000000000000000e+00 0.000000000000000000e+00 0.000000000000000000e+00 1.000000000000000000e+00
5.040053725242614746e-01 8.624317049980163574e-01 -4.679743945598602295e-02 5.983164999634027481e-03
-8.632509112358093262e-01 5.012550950050354004e-01 -5.950706824660301208e-02 6.401531398296356201e-02
-2.786334604024887085e-02 7.038980722427368164e-02 9.971303343772888184e-01 -3.103793561458587646e-01
0.000000000000000000e+00 0.000000000000000000e+00 0.000000000000000000e+00 1.000000000000000000e+00
4.096528589725494385e-01 9.101585745811462402e-01 -6.160961836576461792e-02 1.535192877054214478e-02
-9.121388792991638184e-01 4.096839427947998047e-01 -1.270909328013658524e-02 4.666496068239212036e-02
1.367317512631416321e-02 6.140285357832908630e-02 9.980193972587585449e-01 -3.145026862621307373e-01
0.000000000000000000e+00 0.000000000000000000e+00 0.000000000000000000e+00 1.000000000000000000e+00
2.924700081348419189e-01 9.539926052093505859e-01 -6.602393835783004761e-02 2.184862084686756134e-02
-9.552966356277465820e-01 2.945954203605651855e-01 2.493350952863693237e-02 3.350771218538284302e-02
4.323672875761985779e-02 5.578014999628067017e-02 9.975064992904663086e-01 -3.170419037342071533e-01
0.000000000000000000e+00 0.000000000000000000e+00 0.000000000000000000e+00 1.000000000000000000e+00
1.790313273668289185e-01 9.806117415428161621e-01 -7.967483252286911011e-02 3.125862032175064087e-02
-9.816386103630065918e-01 1.834618449211120605e-01 5.222212895750999451e-02 2.385478653013706207e-02
6.582692265510559082e-02 6.886251270771026611e-02 9.954520463943481445e-01 -3.175857961177825928e-01
0.000000000000000000e+00 0.000000000000000000e+00 0.000000000000000000e+00 1.000000000000000000e+00
1.029882803559303284e-01 9.929250478744506836e-01 -5.910439416766166687e-02 2.801180817186832428e-02
-9.896230697631835938e-01 1.082690060138702393e-01 9.446735680103302002e-02 9.694257751107215881e-03
1.001981720328330994e-01 4.876204580068588257e-02 9.937719106674194336e-01 -3.184425234794616699e-01
0.000000000000000000e+00 0.000000000000000000e+00 0.000000000000000000e+00 1.000000000000000000e+00
