-0.4716950058937073 0.2274879515171051 -0.8519113659858704 0.3172945976257324 
0.4066554009914398 0.9133893251419067 0.01874343492090702 -0.003670977894216776 
0.7823906540870667 -0.3375931978225708 -0.5233503580093384 0.2154298722743988 
0 0 0 1 

-0.5207710266113281 0.1459501683712006 -0.8411276936531067 0.308660089969635 
0.3753713667392731 0.924068808555603 -0.07206346839666367 0.02630576305091381 
0.7667421698570251 -0.3532638847827911 -0.5360138416290283 0.2172561287879944 
0 0 0 1 

-0.5869965553283691 0.08569218218326569 -0.805041491985321 0.2909893095493317 
0.3140279948711395 0.940629780292511 -0.1288489550352097 0.04541192203760147 
0.746204674243927 -0.328439474105835 -0.5790562033653259 0.2325367033481598 
0 0 0 1 

-0.6777385473251343 -0.005684051662683487 -0.7352807521820068 0.2648398578166962 
0.2076847106218338 0.9577742218971252 -0.1988356113433838 0.06913047283887863 
0.7053630948066711 -0.2874651849269867 -0.6479399800300598 0.2560895085334778 
0 0 0 1 

-0.7241945266723633 -0.07287537306547165 -0.6857341527938843 0.2465733289718628 
0.1144733354449272 0.9678993821144104 -0.223755806684494 0.07794542610645294 
0.680027961730957 -0.2405410259962082 -0.6926051378250122 0.2704579830169678 
0 0 0 1 

-0.717467188835144 -0.1742056012153625 -0.6744573712348938 0.2378799319267273 
-0.02027405425906181 0.9730364680290222 -0.2297586351633072 0.0807909220457077 
0.6962968111038208 -0.1511703580617905 -0.7016535997390747 0.2707503736019135 
0 0 0 1 

-0.7582191824913025 -0.1780086010694504 -0.6272289156913757 0.2220770865678787 
-0.1730940043926239 0.982444703578949 -0.0695764347910881 0.01259233709424734 
0.628602921962738 0.05581535771489143 -0.7757206559181213 0.2896773517131805 
0 0 0 1 

-0.752875030040741 -0.08634382486343384 -0.6524752378463745 0.2233086377382278 
-0.1290675401687622 0.9914774298667908 0.01772292330861092 -0.02387595735490322 
0.6453841924667358 0.09755652397871017 -0.7576028108596802 0.2810066044330597 
0 0 0 1 

-0.7118900418281555 -0.02733167819678783 -0.7017585039138794 0.2373326867818832 
-0.07597019523382187 0.9963757395744324 0.03826076164841652 -0.02815157361328602 
0.698169469833374 0.08055020123720169 -0.7113862633705139 0.2652460336685181 
0 0 0 1 

-0.7029335498809814 0.08799140155315399 -0.7057912945747375 0.2386281937360764 
0.02116068452596664 0.9944660067558289 0.1029056161642075 -0.04890875890851021 
0.7109403014183044 0.05740080401301384 -0.7009055018424988 0.2633801698684692 
0 0 0 1 

