1.000000000000000000e+00 0.000000000000000000e+00 0.000000000000000000e+00 -1.792658120393753052e-02
0.000000000000000000e+00 1.000000000000000000e+00 0.000000000000000000e+00 2.243540808558464050e-02
0.000000000000000000e+00 0.000000000000000000e+00 1.000000000000000000e+00 -3.816788792610168457e-01
0.000000000000000000e+00 0.000000000000000000e+00 0.000000000000000000e+00 1.000000000000000000e+00
9.953251481056213379e-01 5.566295608878135681e-02 -7.892654091119766235e-02 1.555975992232561111e-02
-5.727203190326690674e-02 9.981912374496459961e-01 -1.827025227248668671e-02 2.625942230224609375e-02
7.776679098606109619e-02 2.270516566932201385e-02 9.967127442359924316e-01 -3.788765072822570801e-01
0.000000000000000000e+00 0.000000000000000000e+00 0.000000000000000000e+00 1.000000000000000000e+00
9.693425297737121582e-01 7.151234894990921021e-02 -2.350777089595794678e-01 7.893152534961700439e-02
-7.743688672780990601e-02 9.968679547309875488e-01 -1.605654694139957428e-02 2.631505206227302551e-02
2.331930994987487793e-01 3.376793488860130310e-02 9.718439579010009766e-01 -3.685114681720733643e-01
0.000000000000000000e+00 0.000000000000000000e+00 0.000000000000000000e+00 1.000000000000000000e+00
9.985985159873962402e-01 5.120206624269485474e-02 -1.339719723910093307e-02 -9.324715472757816315e-03
-5.114284530282020569e-02 9.986802935600280762e-01 4.726470448076725006e-03 1.830477640032768250e-02
1.362152863293886185e-02 -4.034726880490779877e-03 9.998991489410400391e-01 -3.686502277851104736e-01
0.000000000000000000e+00 0.000000000000000000e+00 0.000000000000000000e+00 1.000000000000000000e+00
9.923508763313293457e-01 6.237564980983734131e-02 -1.065313965082168579e-01 2.951850742101669312e-02
-5.900152400135993958e-02 9.976603984832763672e-01 3.453857079148292542e-02 9.956607595086097717e-03
1.084365025162696838e-01 -2.798877842724323273e-02 9.937092065811157227e-01 -3.663625419139862061e-01
0.000000000000000000e+00 0.000000000000000000e+00 0.000000000000000000e+00 1.000000000000000000e+00
-6.986432522535324097e-02 9.220938384532928467e-02 -9.932855963706970215e-01 4.100382030010223389e-01
-3.902474045753479004e-02 9.947037100791931152e-01 9.508590400218963623e-02 -9.593891911208629608e-03
9.967928528785705566e-01 4.540582373738288879e-02 -6.589583307504653931e-02 2.885384671390056610e-02
0.000000000000000000e+00 0.000000000000000000e+00 0.000000000000000000e+00 1.000000000000000000e+00
-5.209381878376007080e-02 1.049057617783546448e-01 -9.931171536445617676e-01 4.051462411880493164e-01
-2.160720899701118469e-02 9.941158890724182129e-01 1.061446741223335266e-01 -9.475336410105228424e-03
9.984082579612731934e-01 2.698797360062599182e-02 -4.952055588364601135e-02 2.879701368510723114e-02
0.000000000000000000e+00 0.000000000000000000e+00 0.000000000000000000e+00 1.000000000000000000e+00
-6.376575678586959839e-02 1.038685142993927002e-01 -9.925446510314941406e-01 4.000555872917175293e-01
-2.111864089965820312e-02 9.942052960395812988e-01 1.053990870714187622e-01 -5.118196364492177963e-03
9.977411031723022461e-01 2.768207341432571411e-02 -6.120273470878601074e-02 4.057690501213073730e-02
0.000000000000000000e+00 0.000000000000000000e+00 0.000000000000000000e+00 1.000000000000000000e+00
-6.417883932590484619e-02 9.890526533126831055e-02 -9.930249452590942383e-01 3.945198655128479004e-01
-3.051202744245529175e-02 9.944167733192443848e-01 1.010158360004425049e-01 -1.726461108773946762e-03
9.974713921546936035e-01 3.678230568766593933e-02 -6.080283597111701965e-02 4.918747395277023315e-02
0.000000000000000000e+00 0.000000000000000000e+00 0.000000000000000000e+00 1.000000000000000000e+00
-4.298834130167961121e-02 9.710255265235900879e-02 -9.943453073501586914e-01 3.910740315914154053e-01
-5.398026108741760254e-02 9.935863018035888672e-01 9.936220943927764893e-02 1.076882006600499153e-03
9.976159930229187012e-01 5.794644728302955627e-02 -3.747097402811050415e-02 4.893685877323150635e-02
0.000000000000000000e+00 0.000000000000000000e+00 0.000000000000000000e+00 1.000000000000000000e+00
-4.378014057874679565e-02 8.465771377086639404e-02 -9.954477548599243164e-01 3.869976699352264404e-01
-7.702642679214477539e-02 9.931508898735046387e-01 8.785001933574676514e-02 7.561764679849147797e-03
9.960675239562988281e-01 8.052196353673934937e-02 -3.695931285619735718e-02 5.786514654755592346e-02
0.000000000000000000e+00 0.000000000000000000e+00 0.000000000000000000e+00 1.000000000000000000e+00
-6.578250974416732788e-02 6.796472519636154175e-02 -9.955167770385742188e-01 3.831587731838226318e-01
-1.091020032763481140e-01 9.912062883377075195e-01 7.487981766462326050e-02 1.551975775510072708e-02
9.918515086174011230e-01 1.135386526584625244e-01 -5.778894573450088501e-02 7.393550872802734375e-02
0.000000000000000000e+00 0.000000000000000000e+00 0.000000000000000000e+00 1.000000000000000000e+00
-2.923863567411899567e-02 8.270132541656494141e-02 -9.961453080177307129e-01 3.839652240276336670e-01
-1.050485670566558838e-01 9.907984733581542969e-01 8.534079790115356445e-02 1.561755407601594925e-02
9.940369129180908203e-01 1.071389019489288330e-01 -2.028196491301059723e-02 6.555970758199691772e-02
0.000000000000000000e+00 0.000000000000000000e+00 0.000000000000000000e+00 1.000000000000000000e+00
-2.369311824440956116e-02 8.845616877079010010e-02 -9.957982301712036133e-01 3.845379352569580078e-01
-1.343211531639099121e-01 9.867645502090454102e-01 9.084960818290710449e-02 1.738770678639411926e-02
9.906547069549560547e-01 1.359092891216278076e-01 -1.149798743426799774e-02 6.884053349494934082e-02
0.000000000000000000e+00 0.000000000000000000e+00 0.000000000000000000e+00 1.000000000000000000e+00
-7.746163755655288696e-03 8.935415744781494141e-02 -9.959697127342224121e-01 3.857973217964172363e-01
-1.491869688034057617e-01 9.847495555877685547e-01 8.950784802436828613e-02 2.007321827113628387e-02
9.887788891792297363e-01 1.492790430784225464e-01 5.702400114387273788e-03 6.866630166769027710e-02
0.000000000000000000e+00 0.000000000000000000e+00 0.000000000000000000e+00 1.000000000000000000e+00
-5.540399812161922455e-03 1.008104085922241211e-01 -9.948902130126953125e-01 3.866893053054809570e-01
-1.758683174848556519e-01 9.793000221252441406e-01 1.002100557088851929e-01 1.817588508129119873e-02
9.843982458114624023e-01 1.755248308181762695e-01 1.230357028543949127e-02 7.508477568626403809e-02
0.000000000000000000e+00 0.000000000000000000e+00 0.000000000000000000e+00 1.000000000000000000e+00
2.728286571800708771e-02 9.852270781993865967e-02 -9.947606325149536133e-01 3.886545598506927490e-01
-1.941126883029937744e-01 9.767107963562011719e-01 9.141117334365844727e-02 2.442037872970104218e-02
9.805997610092163086e-01 1.906016916036605835e-01 4.577196389436721802e-02 7.230813056230545044e-02
0.000000000000000000e+00 0.000000000000000000e+00 0.000000000000000000e+00 1.000000000000000000e+00
7.031633704900741577e-02 1.027404814958572388e-01 -9.922197461128234863e-01 3.909737765789031982e-01
-2.115562558174133301e-01 9.735904335975646973e-01 8.581901341676712036e-02 2.840414829552173615e-02
9.748331904411315918e-01 2.038757652044296265e-01 9.019462019205093384e-02 6.399142742156982422e-02
0.000000000000000000e+00 0.000000000000000000e+00 0.000000000000000000e+00 1.000000000000000000e+00
1.463992297649383545e-01 1.301049739122390747e-01 -9.806324839591979980e-01 3.973593711853027344e-01
-2.326614260673522949e-01 9.680337309837341309e-01 9.369922429323196411e-02 2.470179088413715363e-02
9.614761471748352051e-01 2.144378423690795898e-01 1.719899922609329224e-01 5.095307156443595886e-02
0.000000000000000000e+00 0.000000000000000000e+00 0.000000000000000000e+00 1.000000000000000000e+00
1.807149946689605713e-01 1.848378479480743408e-01 -9.660103917121887207e-01 4.135991930961608887e-01
-2.408032715320587158e-01 9.606039524078369141e-01 1.387554854154586792e-01 8.580125868320465088e-03
9.536011219024658203e-01 2.075433582067489624e-01 2.181052118539810181e-01 5.502224713563919067e-02
0.000000000000000000e+00 0.000000000000000000e+00 0.000000000000000000e+00 1.000000000000000000e+00
4.883594810962677002e-02 1.634929329156875610e-01 -9.853346943855285645e-01 4.138645827770233154e-01
-2.726339101791381836e-01 9.512315988540649414e-01 1.443218886852264404e-01 8.121949620544910431e-03
9.608772397041320801e-01 2.615876793861389160e-01 9.102813899517059326e-02 1.098390370607376099e-01
0.000000000000000000e+00 0.000000000000000000e+00 0.000000000000000000e+00 1.000000000000000000e+00
5.266538262367248535e-02 2.053094357252120972e-01 -9.772787690162658691e-01 4.067752659320831299e-01
-1.941311955451965332e-01 9.620718359947204590e-01 1.916529834270477295e-01 -1.172441430389881134e-02
9.795605540275573730e-01 1.796269565820693970e-01 9.052491188049316406e-02 9.773344546556472778e-02
0.000000000000000000e+00 0.000000000000000000e+00 0.000000000000000000e+00 1.000000000000000000e+00
6.195488944649696350e-02 2.170731723308563232e-01 -9.741874933242797852e-01 4.025325477123260498e-01
-1.680974066257476807e-01 9.643887877464294434e-01 2.041993886232376099e-01 -1.930715143680572510e-02
9.838215708732604980e-01 1.511071771383285522e-01 9.623793512582778931e-02 9.027133882045745850e-02
0.000000000000000000e+00 0.000000000000000000e+00 0.000000000000000000e+00 1.000000000000000000e+00
1.659591495990753174e-01 2.694524228572845459e-01 -9.486064314842224121e-01 3.837398588657379150e-01
-6.405456364154815674e-02 9.628596901893615723e-01 2.622947096824645996e-01 -4.827599227428436279e-02
9.840499162673950195e-01 1.723244413733482361e-02 1.770547479391098022e-01 4.219479858875274658e-02
0.000000000000000000e+00 0.000000000000000000e+00 0.000000000000000000e+00 1.000000000000000000e+00
1.702614426612854004e-01 3.209714889526367188e-01 -9.316588640213012695e-01 3.615431785583496094e-01
-2.985617704689502716e-02 9.467098116874694824e-01 3.207005560398101807e-01 -7.936334609985351562e-02
9.849464893341064453e-01 -2.678718604147434235e-02 1.707712262868881226e-01 3.725500404834747314e-02
0.000000000000000000e+00 0.000000000000000000e+00 0.000000000000000000e+00 1.000000000000000000e+00
2.262828946113586426e-01 3.787139952182769775e-01 -8.974248170852661133e-01 3.427850008010864258e-01
7.639182265847921371e-03 9.206043481826782227e-01 3.904219567775726318e-01 -1.071494594216346741e-01
9.740316271781921387e-01 -9.520140290260314941e-02 2.054239809513092041e-01 2.119454927742481232e-02
0.000000000000000000e+00 0.000000000000000000e+00 0.000000000000000000e+00 1.000000000000000000e+00
2.536941468715667725e-01 4.123655557632446289e-01 -8.749819993972778320e-01 3.279846012592315674e-01
5.370818823575973511e-02 8.971751928329467773e-01 4.383971095085144043e-01 -1.252103298902511597e-01
9.657919406890869141e-01 -1.582124084234237671e-01 2.054607719182968140e-01 1.716401427984237671e-02
0.000000000000000000e+00 0.000000000000000000e+00 0.000000000000000000e+00 1.000000000000000000e+00
3.529319167137145996e-01 4.483968317508697510e-01 -8.212059736251831055e-01 3.043774664402008057e-01
1.183113381266593933e-01 8.492537736892700195e-01 5.145584940910339355e-01 -1.538288742303848267e-01
9.281387925148010254e-01 -2.787621617317199707e-01 2.466784268617630005e-01 -2.917476231232285500e-03
0.000000000000000000e+00 0.000000000000000000e+00 0.000000000000000000e+00 1.000000000000000000e+00
3.837016820907592773e-01 4.844440221786499023e-01 -7.861852049827575684e-01 2.887400984764099121e-01
1.387937217950820923e-01 8.114257454872131348e-01 5.677361488342285156e-01 -1.737703979015350342e-01
9.129674434661865234e-01 -3.269588053226470947e-01 2.441076636314392090e-01 -5.192661657929420471e-03
0.000000000000000000e+00 0.000000000000000000e+00 0.000000000000000000e+00 1.000000000000000000e+00
3.465678393840789795e-01 5.546353459358215332e-01 -7.564854621887207031e-01 2.708799839019775391e-01
1.582589149475097656e-01 7.603326439857482910e-01 6.299588680267333984e-01 -1.939709782600402832e-01
9.245780110359191895e-01 -3.380439877510070801e-01 1.757308542728424072e-01 1.423866767436265945e-02
0.000000000000000000e+00 0.000000000000000000e+00 0.000000000000000000e+00 1.000000000000000000e+00
4.150815904140472412e-01 5.506820082664489746e-01 -7.241938114166259766e-01 2.565931975841522217e-01
1.595684736967086792e-01 7.396008968353271484e-01 6.538564562797546387e-01 -2.021329849958419800e-01
8.956814408302307129e-01 -3.869622945785522461e-01 2.191232442855834961e-01 -2.970075001940131187e-03
0.000000000000000000e+00 0.000000000000000000e+00 0.000000000000000000e+00 1.000000000000000000e+00
4.179745912551879883e-01 5.687854290008544922e-01 -7.083643078804016113e-01 2.450988739728927612e-01
1.748753637075424194e-01 7.147850394248962402e-01 6.771271824836730957e-01 -2.089158743619918823e-01
8.914682865142822266e-01 -4.068973958492279053e-01 1.992952972650527954e-01 7.810910465195775032e-04
0.000000000000000000e+00 0.000000000000000000e+00 0.000000000000000000e+00 1.000000000000000000e+00
4.378908276557922363e-01 5.938041806221008301e-01 -6.750172376632690430e-01 2.291419357061386108e-01
1.776137948036193848e-01 6.788915395736694336e-01 7.124322056770324707e-01 -2.193812131881713867e-01
8.813087344169616699e-01 -4.318599104881286621e-01 1.918125748634338379e-01 -1.309099723584949970e-03
0.000000000000000000e+00 0.000000000000000000e+00 0.000000000000000000e+00 1.000000000000000000e+00
2.922831177711486816e-01 7.082465887069702148e-01 -6.426174640655517578e-01 2.064520120620727539e-01
1.406581401824951172e-01 6.328157186508178711e-01 7.614195942878723145e-01 -2.314237207174301147e-01
9.459311366081237793e-01 -3.129393756389617920e-01 8.534074574708938599e-02 2.174590528011322021e-02
0.000000000000000000e+00 0.000000000000000000e+00 0.000000000000000000e+00 1.000000000000000000e+00
1.943785846233367920e-01 7.563905119895935059e-01 -6.245723366737365723e-01 1.970818191766738892e-01
1.298855394124984741e-01 6.112639904022216797e-01 7.806960940361022949e-01 -2.351566553115844727e-01
9.722893834114074707e-01 -2.328734248876571655e-01 2.057248167693614960e-02 3.490923345088958740e-02
0.000000000000000000e+00 0.000000000000000000e+00 0.000000000000000000e+00 1.000000000000000000e+00
2.719001173973083496e-01 7.828807830810546875e-01 -5.596143603324890137e-01 1.747980415821075439e-01
1.202277541160583496e-01 5.493312478065490723e-01 8.269100785255432129e-01 -2.449785768985748291e-01
9.547855257987976074e-01 -2.921181321144104004e-01 5.523929372429847717e-02 1.417350210249423981e-02
0.000000000000000000e+00 0.000000000000000000e+00 0.000000000000000000e+00 1.000000000000000000e+00
3.839686810970306396e-01 7.737752199172973633e-01 -5.038257837295532227e-01 1.554587334394454956e-01
1.054152995347976685e-01 5.053489208221435547e-01 8.564521670341491699e-01 -2.489768564701080322e-01
9.173088073730468750e-01 -3.819617927074432373e-01 1.124702841043472290e-01 -1.016878895461559296e-02
0.000000000000000000e+00 0.000000000000000000e+00 0.000000000000000000e+00 1.000000000000000000e+00
5.278065204620361328e-01 7.387588024139404297e-01 -4.191125929355621338e-01 1.261425167322158813e-01
3.172872960567474365e-02 4.759491086006164551e-01 8.789002895355224609e-01 -2.477581948041915894e-01
8.487718701362609863e-01 -4.771870672702789307e-01 2.277692258358001709e-01 -4.755442962050437927e-02
0.000000000000000000e+00 0.000000000000000000e+00 0.000000000000000000e+00 1.000000000000000000e+00
6.219428777694702148e-01 7.089517712593078613e-01 -3.325270414352416992e-01 1.047731190919876099e-01
-3.005857579410076141e-02 4.459506571292877197e-01 8.945525884628295898e-01 -2.438871860504150391e-01
7.824854254722595215e-01 -5.463652610778808594e-01 2.986660301685333252e-01 -6.697067618370056152e-02
0.000000000000000000e+00 0.000000000000000000e+00 0.000000000000000000e+00 1.000000000000000000e+00
6.196184754371643066e-01 7.541666626930236816e-01 -2.174991667270660400e-01 7.941260933876037598e-02
-1.084230393171310425e-01 3.566862046718597412e-01 9.279116392135620117e-01 -2.554674446582794189e-01
7.773786783218383789e-01 -5.513690114021301270e-01 3.027785420417785645e-01 -6.447833776473999023e-02
0.000000000000000000e+00 0.000000000000000000e+00 0.000000000000000000e+00 1.000000000000000000e+00
6.090245842933654785e-01 7.881154417991638184e-01 -8.923386782407760620e-02 4.435117170214653015e-02
-1.825965493917465210e-01 2.488009929656982422e-01 9.511867761611938477e-01 -2.708497047424316406e-01
7.718467116355895996e-01 -5.630028247833251953e-01 2.954331040382385254e-01 -5.806571990251541138e-02
0.000000000000000000e+00 0.000000000000000000e+00 0.000000000000000000e+00 1.000000000000000000e+00
6.162989735603332520e-01 7.872183918952941895e-01 2.152408845722675323e-02 8.926946669816970825e-03
-2.028772383928298950e-01 1.323010921478271484e-01 9.702248573303222656e-01 -2.852469682693481445e-01
7.609313726425170898e-01 -6.023151278495788574e-01 2.412456572055816650e-01 -4.237769544124603271e-02
0.000000000000000000e+00 0.000000000000000000e+00 0.000000000000000000e+00 1.000000000000000000e+00
6.421128511428833008e-01 7.530466318130493164e-01 1.435710638761520386e-01 -3.438856080174446106e-02
-2.394070923328399658e-01 1.906560175120830536e-02 9.707319736480712891e-01 -2.915978133678436279e-01
7.282689809799194336e-01 -6.576912999153137207e-01 1.925269514322280884e-01 -2.967931888997554779e-02
0.000000000000000000e+00 0.000000000000000000e+00 0.000000000000000000e+00 1.000000000000000000e+00
6.470361948013305664e-01 7.234584689140319824e-01 2.407328635454177856e-01 -7.316915690898895264e-02
-2.399809658527374268e-01 -1.064505204558372498e-01 9.649233222007751465e-01 -2.966535389423370361e-01
7.237081527709960938e-01 -6.821117997169494629e-01 1.047389060258865356e-01 -5.326030775904655457e-03
0.000000000000000000e+00 0.000000000000000000e+00 0.000000000000000000e+00 1.000000000000000000e+00
6.217948198318481445e-01 7.754125595092773438e-01 1.100300401449203491e-01 -2.316241711378097534e-02
-3.032124340534210205e-01 1.088085249066352844e-01 9.466903209686279297e-01 -2.736912369728088379e-01
7.221034765243530273e-01 -6.220094561576843262e-01 3.027713000774383545e-01 -7.622021436691284180e-02
0.000000000000000000e+00 0.000000000000000000e+00 0.000000000000000000e+00 1.000000000000000000e+00
6.051338315010070801e-01 7.954328656196594238e-01 3.316111117601394653e-02 3.607231890782713890e-03
-3.817122578620910645e-01 2.533344030380249023e-01 8.888856768608093262e-01 -2.458247244358062744e-01
6.986477971076965332e-01 -5.505527257919311523e-01 4.569278061389923096e-01 -1.190098822116851807e-01
0.000000000000000000e+00 0.000000000000000000e+00 0.000000000000000000e+00 1.000000000000000000e+00
5.930875539779663086e-01 8.014094829559326172e-01 -7.739358395338058472e-02 3.789645060896873474e-02
-4.482839703559875488e-01 4.085367023944854736e-01 7.950718998908996582e-01 -2.052140980958938599e-01
6.687962412834167480e-01 -4.368530213832855225e-01 6.015571355819702148e-01 -1.561547666788101196e-01
0.000000000000000000e+00 0.000000000000000000e+00 0.000000000000000000e+00 1.000000000000000000e+00
6.004266142845153809e-01 7.881661057472229004e-01 -1.352105289697647095e-01 5.505288764834403992e-02
-5.172749757766723633e-01 5.117393136024475098e-01 6.859657764434814453e-01 -1.632646322250366211e-01
6.098474860191345215e-01 -3.419311046600341797e-01 7.149608731269836426e-01 -1.811733990907669067e-01
0.000000000000000000e+00 0.000000000000000000e+00 0.000000000000000000e+00 1.000000000000000000e+00
6.017436981201171875e-01 7.794603705406188965e-01 -1.742018014192581177e-01 6.478623300790786743e-02
-5.743495225906372070e-01 5.738672018051147461e-01 5.837803483009338379e-01 -1.295092999935150146e-01
5.550020933151245117e-01 -2.512332201004028320e-01 7.930034995079040527e-01 -1.970688551664352417e-01
0.000000000000000000e+00 0.000000000000000000e+00 0.000000000000000000e+00 1.000000000000000000e+00
5.928661823272705078e-01 7.878350615501403809e-01 -1.668076813220977783e-01 5.902944877743721008e-02
-6.617786884307861328e-01 5.946666002273559570e-01 4.565306007862091064e-01 -9.426166862249374390e-02
4.588660895824432373e-01 -1.602717787027359009e-01 8.739307522773742676e-01 -2.137776166200637817e-01
0.000000000000000000e+00 0.000000000000000000e+00 0.000000000000000000e+00 1.000000000000000000e+00
5.802170038223266602e-01 7.906829118728637695e-01 -1.953695863485336304e-01 6.210291013121604919e-02
-7.110770344734191895e-01 6.087411046028137207e-01 3.518574833869934082e-01 -6.403037160634994507e-02
3.971369564533233643e-01 -6.523072719573974609e-02 9.154380559921264648e-01 -2.203090786933898926e-01
0.000000000000000000e+00 0.000000000000000000e+00 0.000000000000000000e+00 1.000000000000000000e+00
5.696688890457153320e-01 7.838254570960998535e-01 -2.471728622913360596e-01 7.135128229856491089e-02
-7.539293766021728516e-01 6.181160807609558105e-01 2.225368469953536987e-01 -2.637337334454059601e-02
3.272116184234619141e-01 5.957858636975288391e-02 9.430710673332214355e-01 -2.225541025400161743e-01
0.000000000000000000e+00 0.000000000000000000e+00 0.000000000000000000e+00 1.000000000000000000e+00
5.575237870216369629e-01 7.892312407493591309e-01 -2.574511468410491943e-01 7.254845649003982544e-02
-7.837963700294494629e-01 6.026240587234497070e-01 1.500264257192611694e-01 -6.451252847909927368e-03
2.735518515110015869e-01 1.181459352374076843e-01 9.545736908912658691e-01 -2.235004752874374390e-01
0.000000000000000000e+00 0.000000000000000000e+00 0.000000000000000000e+00 1.000000000000000000e+00
5.386344790458679199e-01 7.993206977844238281e-01 -2.663813829421997070e-01 7.141856849193572998e-02
-8.261405229568481445e-01 5.631337761878967285e-01 1.928389817476272583e-02 2.778888866305351257e-02
1.654223054647445679e-01 2.096816003322601318e-01 9.636747837066650391e-01 -2.237133234739303589e-01
0.000000000000000000e+00 0.000000000000000000e+00 0.000000000000000000e+00 1.000000000000000000e+00
5.231850743293762207e-01 8.079741597175598145e-01 -2.710265815258026123e-01 7.017989456653594971e-02
-8.511469960212707520e-01 5.113490223884582520e-01 -1.186244785785675049e-01 6.412344425916671753e-02
4.274364188313484192e-02 2.927458286285400391e-01 9.552344083786010742e-01 -2.192850112915039062e-01
0.000000000000000000e+00 0.000000000000000000e+00 0.000000000000000000e+00 1.000000000000000000e+00
5.343054533004760742e-01 7.957497835159301758e-01 -2.851312160491943359e-01 7.049299031496047974e-02
-8.433784842491149902e-01 4.791704118251800537e-01 -2.431218624114990234e-01 9.584493935108184814e-02
-5.683778226375579834e-02 3.703746795654296875e-01 9.271417856216430664e-01 -2.082735002040863037e-01
0.000000000000000000e+00 0.000000000000000000e+00 0.000000000000000000e+00 1.000000000000000000e+00
5.024363994598388672e-01 8.110063076019287109e-01 -2.997107505798339844e-01 7.286102324724197388e-02
-8.438132405281066895e-01 3.843675255775451660e-01 -3.744876980781555176e-01 1.295300424098968506e-01
-1.885129064321517944e-01 4.410559535026550293e-01 8.774578571319580078e-01 -1.894028633832931519e-01
0.000000000000000000e+00 0.000000000000000000e+00 0.000000000000000000e+00 1.000000000000000000e+00
4.780907332897186279e-01 8.240200281143188477e-01 -3.040071725845336914e-01 7.449341565370559692e-02
-8.259190917015075684e-01 3.040275573730468750e-01 -4.747894704341888428e-01 1.551522761583328247e-01
-2.988094091415405273e-01 4.780775308609008789e-01 8.259267210960388184e-01 -1.717128008604049683e-01
0.000000000000000000e+00 0.000000000000000000e+00 0.000000000000000000e+00 1.000000000000000000e+00
4.536228179931640625e-01 8.356060385704040527e-01 -3.098189532756805420e-01 7.960697263479232788e-02
-8.065875172615051270e-01 2.371057718992233276e-01 -5.414762496948242188e-01 1.715984493494033813e-01
-3.790012300014495850e-01 4.955223202705383301e-01 7.815469503402709961e-01 -1.565608978271484375e-01
0.000000000000000000e+00 0.000000000000000000e+00 0.000000000000000000e+00 1.000000000000000000e+00
4.134397804737091064e-01 8.605521917343139648e-01 -2.975181937217712402e-01 8.243901282548904419e-02
-7.870476841926574707e-01 1.734518259763717651e-01 -5.920053124427795410e-01 1.825743019580841064e-01
-4.578466713428497314e-01 4.789198637008666992e-01 7.490079998970031738e-01 -1.418866813182830811e-01
0.000000000000000000e+00 0.000000000000000000e+00 0.000000000000000000e+00 1.000000000000000000e+00
3.664405345916748047e-01 8.891615271568298340e-01 -2.740672230720520020e-01 8.437737822532653809e-02
-7.773015499114990234e-01 1.306517124176025391e-01 -6.154120564460754395e-01 1.851020008325576782e-01
-5.113931894302368164e-01 4.385449886322021484e-01 7.390229701995849609e-01 -1.327832043170928955e-01
0.000000000000000000e+00 0.000000000000000000e+00 0.000000000000000000e+00 1.000000000000000000e+00
2.545450627803802490e-01 9.412437081336975098e-01 -2.219613790512084961e-01 8.188410103321075439e-02
-7.723146677017211914e-01 5.972385779023170471e-02 -6.324265003204345703e-01 1.836358308792114258e-01
-5.820108056068420410e-01 3.324052095413208008e-01 7.421389222145080566e-01 -1.278437227010726929e-01
0.000000000000000000e+00 0.000000000000000000e+00 0.000000000000000000e+00 1.000000000000000000e+00
7.339026033878326416e-02 9.809880256652832031e-01 -1.796583384275436401e-01 8.303060382604598999e-02
-7.836695909500122070e-01 -5.469239130616188049e-02 -6.187655329704284668e-01 1.674841940402984619e-01
-6.168271303176879883e-01 1.862040758132934570e-01 7.647564411163330078e-01 -1.317632347345352173e-01
0.000000000000000000e+00 0.000000000000000000e+00 0.000000000000000000e+00 1.000000000000000000e+00
-9.303816407918930054e-02 9.808264970779418945e-01 -1.712414920330047607e-01 8.258346468210220337e-02
-7.885503768920898438e-01 -1.775922030210494995e-01 -5.887696146965026855e-01 1.506875306367874146e-01
-6.078918576240539551e-01 8.025442808866500854e-02 7.899537682533264160e-01 -1.385568231344223022e-01
0.000000000000000000e+00 0.000000000000000000e+00 0.000000000000000000e+00 1.000000000000000000e+00
-2.164583355188369751e-01 9.580398201942443848e-01 -1.878959983587265015e-01 8.540200442075729370e-02
-7.491205334663391113e-01 -2.864047288894653320e-01 -5.973193049430847168e-01 1.550350040197372437e-01
-6.260704398155212402e-01 1.146191917359828949e-02 7.796825170516967773e-01 -1.341418772935867310e-01
0.000000000000000000e+00 0.000000000000000000e+00 0.000000000000000000e+00 1.000000000000000000e+00
-2.715049088001251221e-01 9.522234797477722168e-01 -1.398391723632812500e-01 8.120167255401611328e-02
-7.093926072120666504e-01 -2.961895763874053955e-01 -6.395574808120727539e-01 1.692125350236892700e-01
-6.504207253456115723e-01 -7.444218546152114868e-02 7.559174299240112305e-01 -1.261442601680755615e-01
0.000000000000000000e+00 0.000000000000000000e+00 0.000000000000000000e+00 1.000000000000000000e+00
-3.731998503208160400e-01 9.222905635833740234e-01 -1.005071327090263367e-01 8.403487503528594971e-02
-6.934846043586730957e-01 -3.492849171161651611e-01 -6.301419734954833984e-01 1.641122698783874512e-01
-6.162798404693603516e-01 -1.654689013957977295e-01 7.699475884437561035e-01 -1.224856600165367126e-01
0.000000000000000000e+00 0.000000000000000000e+00 0.000000000000000000e+00 1.000000000000000000e+00
2.092269510030746460e-01 9.306166768074035645e-01 -3.002949655055999756e-01 8.196629583835601807e-02
-7.335892915725708008e-01 -5.367855355143547058e-02 -6.774697899818420410e-01 1.833473592996597290e-01
-6.465841531753540039e-01 3.620383143424987793e-01 6.714595556259155273e-01 -1.024667322635650635e-01
0.000000000000000000e+00 0.000000000000000000e+00 0.000000000000000000e+00 1.000000000000000000e+00
5.260263085365295410e-01 7.898125648498535156e-01 -3.154242336750030518e-01 6.878143548965454102e-02
-7.685661315917968750e-01 2.826638817787170410e-01 -5.739403367042541504e-01 1.738585978746414185e-01
-3.641461730003356934e-01 5.443319082260131836e-01 7.557117938995361328e-01 -1.593609005212783813e-01
0.000000000000000000e+00 0.000000000000000000e+00 0.000000000000000000e+00 1.000000000000000000e+00
5.880742073059082031e-01 7.411807179450988770e-01 -3.237597048282623291e-01 6.854488700628280640e-02
-7.722902894020080566e-01 3.956514596939086914e-01 -4.970189332962036133e-01 1.565132439136505127e-01
-2.402846366167068481e-01 5.423201322555541992e-01 8.050789237022399902e-01 -1.872794777154922485e-01
0.000000000000000000e+00 0.000000000000000000e+00 0.000000000000000000e+00 1.000000000000000000e+00
5.992029905319213867e-01 7.460604906082153320e-01 -2.904291749000549316e-01 5.935931578278541565e-02
-7.717538475990295410e-01 4.417724311351776123e-01 -4.574196636676788330e-01 1.476149111986160278e-01
-2.129592448472976685e-01 4.982270300388336182e-01 8.404864668846130371e-01 -2.030420601367950439e-01
0.000000000000000000e+00 0.000000000000000000e+00 0.000000000000000000e+00 1.000000000000000000e+00
6.204046607017517090e-01 7.518689036369323730e-01 -2.231389880180358887e-01 3.952688351273536682e-02
-7.629902362823486328e-01 5.127736330032348633e-01 -3.935842514038085938e-01 1.305131912231445312e-01
-1.815040409564971924e-01 4.144345819950103760e-01 8.917965292930603027e-01 -2.229676395654678345e-01
0.000000000000000000e+00 0.000000000000000000e+00 0.000000000000000000e+00 1.000000000000000000e+00
6.374512314796447754e-01 7.559691071510314941e-01 -1.488843560218811035e-01 1.771847903728485107e-02
-7.458190321922302246e-01 5.569024682044982910e-01 -3.655318021774291992e-01 1.234257593750953674e-01
-1.934168040752410889e-01 3.440493047237396240e-01 9.188144207000732422e-01 -2.349479049444198608e-01
0.000000000000000000e+00 0.000000000000000000e+00 0.000000000000000000e+00 1.000000000000000000e+00
6.504403948783874512e-01 7.557723522186279297e-01 -7.572902739048004150e-02 -4.868613090366125107e-03
-7.315904498100280762e-01 5.965643525123596191e-01 -3.299792706966400146e-01 1.134953498840332031e-01
-2.042120844125747681e-01 2.700343430042266846e-01 9.409456849098205566e-01 -2.451481074094772339e-01
0.000000000000000000e+00 0.000000000000000000e+00 0.000000000000000000e+00 1.000000000000000000e+00
6.671841144561767578e-01 7.445830702781677246e-01 -2.146966196596622467e-02 -2.306546270847320557e-02
-7.199818491935729980e-01 6.372128725051879883e-01 -2.749272584915161133e-01 9.748098999261856079e-02
-1.910256445407867432e-01 1.988849341869354248e-01 9.612253308296203613e-01 -2.547113001346588135e-01
0.000000000000000000e+00 0.000000000000000000e+00 0.000000000000000000e+00 1.000000000000000000e+00
7.068673968315124512e-01 7.055294513702392578e-01 5.065698921680450439e-02 -5.004983395338058472e-02
-6.836182475090026855e-01 6.997950673103332520e-01 -2.072513401508331299e-01 7.709326595067977905e-02
-1.816715747117996216e-01 1.118691489100456238e-01 9.769753217697143555e-01 -2.636630833148956299e-01
0.000000000000000000e+00 0.000000000000000000e+00 0.000000000000000000e+00 1.000000000000000000e+00
7.442532181739807129e-01 6.615962982177734375e-01 9.152640402317047119e-02 -6.640471518039703369e-02
-6.471685767173767090e-01 7.482272386550903320e-01 -1.460446864366531372e-01 5.775913596153259277e-02
-1.651051789522171021e-01 4.946115985512733459e-02 9.850348830223083496e-01 -2.692212164402008057e-01
0.000000000000000000e+00 0.000000000000000000e+00 0.000000000000000000e+00 1.000000000000000000e+00
7.699014544486999512e-01 6.176880598068237305e-01 1.603530794382095337e-01 -9.200936555862426758e-02
-6.162503957748413086e-01 7.848923802375793457e-01 -6.464718282222747803e-02 3.071758151054382324e-02
-1.657917201519012451e-01 -4.904580861330032349e-02 9.849402308464050293e-01 -2.714348137378692627e-01
0.000000000000000000e+00 0.000000000000000000e+00 0.000000000000000000e+00 1.000000000000000000e+00
7.907077074050903320e-01 5.764806270599365234e-01 2.060368508100509644e-01 -1.103578731417655945e-01
-5.917076468467712402e-01 8.060008287429809570e-01 1.564717851579189301e-02 4.257709253579378128e-03
-1.570454835891723633e-01 -1.342858970165252686e-01 9.784190058708190918e-01 -2.729012668132781982e-01
0.000000000000000000e+00 0.000000000000000000e+00 0.000000000000000000e+00 1.000000000000000000e+00
8.248199224472045898e-01 5.176481008529663086e-01 2.274032682180404663e-01 -1.215284541249275208e-01
-5.489521026611328125e-01 8.294955492019653320e-01 1.028998196125030518e-01 -2.640560455620288849e-02
-1.353640407323837280e-01 -2.097073644399642944e-01 9.683489799499511719e-01 -2.731158733367919922e-01
0.000000000000000000e+00 0.000000000000000000e+00 0.000000000000000000e+00 1.000000000000000000e+00
8.462005853652954102e-01 4.868369996547698975e-01 2.166435271501541138e-01 -1.224685385823249817e-01
-5.271180868148803711e-01 8.243178725242614746e-01 2.065106779336929321e-01 -6.176058202981948853e-02
-7.804603129625320435e-02 -2.889463007450103760e-01 9.541588425636291504e-01 -2.724553644657135010e-01
0.000000000000000000e+00 0.000000000000000000e+00 0.000000000000000000e+00 1.000000000000000000e+00
8.543608188629150391e-01 4.879431724548339844e-01 1.788254678249359131e-01 -1.142338439822196960e-01
-5.196381807327270508e-01 8.064828515052795410e-01 2.820661664009094238e-01 -8.943796902894973755e-02
-6.587249226868152618e-03 -3.339108824729919434e-01 9.425815939903259277e-01 -2.732932865619659424e-01
0.000000000000000000e+00 0.000000000000000000e+00 0.000000000000000000e+00 1.000000000000000000e+00
8.656393885612487793e-01 4.834799766540527344e-01 1.300594210624694824e-01 -1.023425534367561340e-01
-4.949819445610046387e-01 7.873895764350891113e-01 3.674372434616088867e-01 -1.200848519802093506e-01
7.524117082357406616e-02 -3.824453353881835938e-01 9.209095239639282227e-01 -2.716548442840576172e-01
0.000000000000000000e+00 0.000000000000000000e+00 0.000000000000000000e+00 1.000000000000000000e+00
8.785648345947265625e-01 4.704021215438842773e-01 8.273691684007644653e-02 -9.126045554876327515e-02
-4.538712799549102783e-01 7.683067321777343750e-01 4.513368010520935059e-01 -1.518520116806030273e-01
1.487426757812500000e-01 -4.340806603431701660e-01 8.885095119476318359e-01 -2.676846683025360107e-01
0.000000000000000000e+00 0.000000000000000000e+00 0.000000000000000000e+00 1.000000000000000000e+00
8.971151709556579590e-01 4.407114088535308838e-01 3.094436973333358765e-02 -7.762907445430755615e-02
-3.843210935592651367e-01 7.439428567886352539e-01 5.466677546501159668e-01 -1.888832151889801025e-01
2.179021537303924561e-01 -5.023168921470642090e-01 8.367773890495300293e-01 -2.622489333152770996e-01
0.000000000000000000e+00 0.000000000000000000e+00 0.000000000000000000e+00 1.000000000000000000e+00
9.335416555404663086e-01 3.582701385021209717e-01 1.190840080380439758e-02 -7.266797125339508057e-02
-2.895148396492004395e-01 7.339652776718139648e-01 6.143903136253356934e-01 -2.147124707698822021e-01
2.113775461912155151e-01 -5.770068764686584473e-01 7.889119982719421387e-01 -2.564227283000946045e-01
0.000000000000000000e+00 0.000000000000000000e+00 0.000000000000000000e+00 1.000000000000000000e+00
9.510692358016967773e-01 3.044115006923675537e-01 -5.291918665170669556e-02 -5.244316905736923218e-02
-1.908763796091079712e-01 7.135412096977233887e-01 6.741107702255249023e-01 -2.388788163661956787e-01
2.429671287536621094e-01 -6.310248970985412598e-01 7.367321252822875977e-01 -2.500159442424774170e-01
0.000000000000000000e+00 0.000000000000000000e+00 0.000000000000000000e+00 1.000000000000000000e+00
9.334884881973266602e-01 3.250056207180023193e-01 -1.515605300664901733e-01 -1.762669533491134644e-02
-1.211608946323394775e-01 6.836234927177429199e-01 7.197073698043823242e-01 -2.561552524566650391e-01
3.375193774700164795e-01 -6.534753441810607910e-01 6.775327324867248535e-01 -2.424108237028121948e-01
0.000000000000000000e+00 0.000000000000000000e+00 0.000000000000000000e+00 1.000000000000000000e+00
8.901164531707763672e-01 3.854807913303375244e-01 -2.430994212627410889e-01 1.868555508553981781e-02
-7.614139467477798462e-02 6.517180800437927246e-01 7.546294927597045898e-01 -2.701320946216583252e-01
4.493276476860046387e-01 -6.531982421875000000e-01 6.094560027122497559e-01 -2.271549403667449951e-01
0.000000000000000000e+00 0.000000000000000000e+00 0.000000000000000000e+00 1.000000000000000000e+00
9.639323949813842773e-01 2.074879258871078491e-01 -1.666819453239440918e-01 -1.695410348474979401e-02
-2.886789105832576752e-02 7.040937542915344238e-01 7.095198631286621094e-01 -2.508990168571472168e-01
2.645766139030456543e-01 -6.791176199913024902e-01 6.846886873245239258e-01 -2.318285107612609863e-01
0.000000000000000000e+00 0.000000000000000000e+00 0.000000000000000000e+00 1.000000000000000000e+00
9.436718821525573730e-01 2.326305508613586426e-01 -2.353012412786483765e-01 3.994477447122335434e-03
-1.016715355217456818e-02 7.311815619468688965e-01 6.821069717407226562e-01 -2.371115237474441528e-01
3.307268023490905762e-01 -6.412927508354187012e-01 6.923605799674987793e-01 -2.391769140958786011e-01
0.000000000000000000e+00 0.000000000000000000e+00 0.000000000000000000e+00 1.000000000000000000e+00
9.275755286216735840e-01 2.936552464962005615e-01 -2.310210168361663818e-01 8.063658606261014938e-04
-4.783977195620536804e-02 7.065579295158386230e-01 7.060362696647644043e-01 -2.439892590045928955e-01
3.705608248710632324e-01 -6.438494920730590820e-01 6.694338321685791016e-01 -2.319754511117935181e-01
0.000000000000000000e+00 0.000000000000000000e+00 0.000000000000000000e+00 1.000000000000000000e+00
8.606596589088439941e-01 3.732066452503204346e-01 -3.463835716247558594e-01 4.464340955018997192e-02
3.247124329209327698e-02 6.386634111404418945e-01 7.688005566596984863e-01 -2.731933593750000000e-01
5.081440210342407227e-01 -6.729233860969543457e-01 5.375534892082214355e-01 -1.929102092981338501e-01
0.000000000000000000e+00 0.000000000000000000e+00 0.000000000000000000e+00 1.000000000000000000e+00
7.556295394897460938e-01 4.816293418407440186e-01 -4.439110755920410156e-01 8.912897109985351562e-02
8.830109238624572754e-02 5.966368913650512695e-01 7.976383566856384277e-01 -2.871857583522796631e-01
6.490198969841003418e-01 -6.419171690940856934e-01 4.083080887794494629e-01 -1.553241312503814697e-01
0.000000000000000000e+00 0.000000000000000000e+00 0.000000000000000000e+00 1.000000000000000000e+00
6.220560073852539062e-01 5.840543508529663086e-01 -5.214660167694091797e-01 1.286071985960006714e-01
1.354345977306365967e-01 5.757050514221191406e-01 8.063629865646362305e-01 -2.928503453731536865e-01
7.711701393127441406e-01 -5.722272396087646484e-01 2.790196239948272705e-01 -1.143699958920478821e-01
0.000000000000000000e+00 0.000000000000000000e+00 0.000000000000000000e+00 1.000000000000000000e+00
4.529578089714050293e-01 6.525175571441650391e-01 -6.074948906898498535e-01 1.727889031171798706e-01
2.591347396373748779e-01 5.556252598762512207e-01 7.900190353393554688e-01 -2.929101586341857910e-01
8.530404567718505859e-01 -5.152680277824401855e-01 8.258498460054397583e-02 -4.588441550731658936e-02
0.000000000000000000e+00 0.000000000000000000e+00 0.000000000000000000e+00 1.000000000000000000e+00
3.687670826911926270e-01 6.768530607223510742e-01 -6.370880007743835449e-01 1.899102032184600830e-01
3.323347270488739014e-01 5.440819263458251953e-01 7.704080343246459961e-01 -2.890148758888244629e-01
8.680809736251831055e-01 -4.958276152610778809e-01 -2.430232428014278412e-02 -6.170666776597499847e-03
0.000000000000000000e+00 0.000000000000000000e+00 0.000000000000000000e+00 1.000000000000000000e+00
3.059521913528442383e-01 6.952134966850280762e-01 -6.504390835762023926e-01 2.000427395105361938e-01
3.822819590568542480e-01 5.359950661659240723e-01 7.527081966400146484e-01 -2.841751277446746826e-01
8.719253540039062500e-01 -4.789439737796783447e-01 -1.017788350582122803e-01 2.487620338797569275e-02
0.000000000000000000e+00 0.000000000000000000e+00 0.000000000000000000e+00 1.000000000000000000e+00
4.883767962455749512e-01 5.008008480072021484e-01 -7.146232724189758301e-01 2.264180034399032593e-01
4.482975304126739502e-01 5.586139559745788574e-01 6.978393197059631348e-01 -2.664063274860382080e-01
7.486771941184997559e-01 -6.611723899841308594e-01 4.830629751086235046e-02 -1.884392579086124897e-03
