-0.6072436571121216 -0.6710364818572998 0.4253998994827271 -0.1035345420241356 
-0.7930787801742554 0.4797559082508087 -0.3753135800361633 0.1523849070072174 
0.047760970890522 -0.5652824640274048 -0.8235135078430176 0.2491932064294815 
0 0 0 1 

-0.6708491444587708 -0.6788161396980286 0.2986147701740265 -0.06066347286105156 
-0.7358170747756958 0.559112012386322 -0.3820565342903137 0.153150275349617 
0.09238696098327637 -0.4760279655456543 -0.8745642304420471 0.2651936113834381 
0 0 0 1 

-0.7230432033538818 -0.6504024863243103 0.2327762544155121 -0.03779243677854538 
-0.6862024068832397 0.6374018788337708 -0.3504925966262817 0.1426810920238495 
0.07958924770355225 -0.4131529927253723 -0.9071767926216125 0.2776957154273987 
0 0 0 1 

-0.7673493623733521 -0.6269906759262085 0.1343783587217331 -0.003737823804840446 
-0.632365882396698 0.7052164673805237 -0.3205980658531189 0.1322403699159622 
0.1062461733818054 -0.3309870362281799 -0.9376347661018372 0.2873604595661163 
0 0 0 1 

-0.8057734966278076 -0.5895174145698547 0.05655287951231003 0.02255219779908657 
-0.5862619876861572 0.7805011868476868 -0.2170595526695251 0.09805800020694733 
0.08382081240415573 -0.2080556452274323 -0.9745188355445862 0.3004266321659088 
0 0 0 1 

-0.8444067239761353 -0.5355219841003418 0.01392102241516113 0.0370958186686039 
-0.5304799675941467 0.8322715163230896 -0.1609819829463959 0.07988272607326508 
0.07462331652641296 -0.1433190554380417 -0.9868593215942383 0.3047801852226257 
0 0 0 1 

-0.880710244178772 -0.4717240035533905 -0.04273182526230812 0.05560637265443802 
-0.4678041636943817 0.8804201483726501 -0.07758623361587524 0.05382095277309418 
0.07422125339508057 -0.04834086075425148 -0.9960694313049316 0.3080330789089203 
0 0 0 1 

-0.9216554164886475 -0.3853594362735748 -0.04526715353131294 0.05736915022134781 
-0.3828984797000885 0.9221781492233276 -0.05455480888485909 0.04572078585624695 
0.06276758760213852 -0.03294801712036133 -0.9974842071533203 0.30832439661026 
0 0 0 1 

-0.9579392075538635 -0.2854847311973572 -0.02916966006159782 0.05402888357639313 
-0.2829398810863495 0.9565683603286743 -0.07015719264745712 0.04919912666082382 
0.04793158173561096 -0.05895306915044785 -0.9971092939376831 0.3077555298805237 
0 0 0 1 

-0.9815142750740051 -0.1906344443559647 -0.01696140505373478 0.05192896351218224 
-0.188627153635025 0.9785494208335876 -0.08283040672540665 0.05207862332463264 
0.03238790109753609 -0.07809986919164658 -0.9964190125465393 0.307628333568573 
0 0 0 1 

