1.000000000000000000e+00 0.000000000000000000e+00 0.000000000000000000e+00 -1.792658120393753052e-02
0.000000000000000000e+00 1.000000000000000000e+00 0.000000000000000000e+00 2.243540808558464050e-02
0.000000000000000000e+00 0.000000000000000000e+00 1.000000000000000000e+00 -3.816788792610168457e-01
0.000000000000000000e+00 0.000000000000000000e+00 0.000000000000000000e+00 1.000000000000000000e+00
9.955638647079467773e-01 5.230358242988586426e-02 -7.820961624383926392e-02 1.504136435687541962e-02
-5.387064814567565918e-02 9.983845949172973633e-01 -1.806091889739036560e-02 2.606548927724361420e-02
7.713858783245086670e-02 2.219410240650177002e-02 9.967732429504394531e-01 -3.787862956523895264e-01
0.000000000000000000e+00 0.000000000000000000e+00 0.000000000000000000e+00 1.000000000000000000e+00
9.714493155479431152e-01 6.671965122222900391e-02 -2.276723831892013550e-01 7.578887045383453369e-02
-7.361855357885360718e-02 9.970451593399047852e-01 -2.193580567836761475e-02 2.830551564693450928e-02
2.255360931158065796e-01 3.807045519351959229e-02 9.734906554222106934e-01 -3.687986731529235840e-01
0.000000000000000000e+00 0.000000000000000000e+00 0.000000000000000000e+00 1.000000000000000000e+00
9.356086850166320801e-01 6.168290600180625916e-02 -3.476081788539886475e-01 1.248506084084510803e-01
-6.044439971446990967e-02 9.980674386024475098e-01 1.441679988056421280e-02 1.514387037605047226e-02
3.478257358074188232e-01 7.522505708038806915e-03 9.375289678573608398e-01 -3.551602661609649658e-01
0.000000000000000000e+00 0.000000000000000000e+00 0.000000000000000000e+00 1.000000000000000000e+00
9.074147939682006836e-01 7.248327136039733887e-02 -4.139374494552612305e-01 1.530553102493286133e-01
-5.973931401968002319e-02 9.972583651542663574e-01 4.366888478398323059e-02 7.324771024286746979e-03
4.159678518772125244e-01 -1.489741168916225433e-02 9.092571735382080078e-01 -3.427789509296417236e-01
0.000000000000000000e+00 0.000000000000000000e+00 0.000000000000000000e+00 1.000000000000000000e+00
1.693996042013168335e-01 9.211270511150360107e-02 -9.812331795692443848e-01 3.982855677604675293e-01
-4.967006295919418335e-02 9.951554536819458008e-01 8.484461903572082520e-02 -4.656337667256593704e-03
9.842948317527770996e-01 3.436529263854026794e-02 1.731541901826858521e-01 -6.402315199375152588e-02
0.000000000000000000e+00 0.000000000000000000e+00 0.000000000000000000e+00 1.000000000000000000e+00
1.496990472078323364e-01 1.049505695700645447e-01 -9.831460118293762207e-01 3.968615531921386719e-01
-3.188017383217811584e-02 9.943458437919616699e-01 1.012919247150421143e-01 -6.310047581791877747e-03
9.882175326347351074e-01 1.617955788969993591e-02 1.521985232830047607e-01 -4.923741519451141357e-02
0.000000000000000000e+00 0.000000000000000000e+00 0.000000000000000000e+00 1.000000000000000000e+00
1.467442810535430908e-01 1.014975011348724365e-01 -9.839533567428588867e-01 3.935955166816711426e-01
-3.277312219142913818e-02 9.946746230125427246e-01 9.771573543548583984e-02 -1.178343314677476883e-03
9.886313080787658691e-01 1.790801621973514557e-02 1.492892503738403320e-01 -3.984323889017105103e-02
0.000000000000000000e+00 0.000000000000000000e+00 0.000000000000000000e+00 1.000000000000000000e+00
1.621750146150588989e-01 9.644937515258789062e-02 -9.820370674133300781e-01 3.891879320144653320e-01
-4.239070415496826172e-02 9.949737787246704102e-01 9.071948379278182983e-02 3.309292020276188850e-03
9.858506321907043457e-01 2.691682055592536926e-02 1.654484272003173828e-01 -3.619003668427467346e-02
0.000000000000000000e+00 0.000000000000000000e+00 0.000000000000000000e+00 1.000000000000000000e+00
1.748306006193161011e-01 1.035653278231620789e-01 -9.791365861892700195e-01 3.862581849098205566e-01
-6.585238128900527954e-02 9.934559464454650879e-01 9.332164376974105835e-02 4.018169827759265900e-03
9.823939204216003418e-01 4.816301167011260986e-02 1.805065721273422241e-01 -3.225337341427803040e-02
0.000000000000000000e+00 0.000000000000000000e+00 0.000000000000000000e+00 1.000000000000000000e+00
1.963793188333511353e-01 9.257627278566360474e-02 -9.761478900909423828e-01 3.827344775199890137e-01
-8.404152840375900269e-02 9.934585094451904297e-01 7.731067389249801636e-02 1.240224670618772507e-02
9.769198298454284668e-01 6.685478240251541138e-02 2.028749734163284302e-01 -3.099638782441616058e-02
0.000000000000000000e+00 0.000000000000000000e+00 0.000000000000000000e+00 1.000000000000000000e+00
1.960033923387527466e-01 8.995246887207031250e-02 -9.764686226844787598e-01 3.817659020423889160e-01
-1.169646307826042175e-01 9.908193349838256836e-01 6.779654324054718018e-02 1.917439885437488556e-02
9.736025333404541016e-01 1.009239777922630310e-01 2.047252058982849121e-01 -2.264014631509780884e-02
0.000000000000000000e+00 0.000000000000000000e+00 0.000000000000000000e+00 1.000000000000000000e+00
2.083829343318939209e-01 1.027190610766410828e-01 -9.726382493972778320e-01 3.819547891616821289e-01
-1.129688844084739685e-01 9.903414845466613770e-01 8.038568496704101562e-02 1.840603165328502655e-02
9.715010523796081543e-01 9.312684834003448486e-02 2.179743051528930664e-01 -2.230805903673171997e-02
0.000000000000000000e+00 0.000000000000000000e+00 0.000000000000000000e+00 1.000000000000000000e+00
2.117379009723663330e-01 1.152297556400299072e-01 -9.705098271369934082e-01 3.833442628383636475e-01
-1.423247307538986206e-01 9.860745072364807129e-01 8.602655678987503052e-02 1.944818161427974701e-02
9.669077396392822266e-01 1.199124827980995178e-01 2.251893281936645508e-01 -1.871928013861179352e-02
0.000000000000000000e+00 0.000000000000000000e+00 0.000000000000000000e+00 1.000000000000000000e+00
2.265583127737045288e-01 1.192876547574996948e-01 -9.666652679443359375e-01 3.843888938426971436e-01
-1.568602174520492554e-01 9.839850664138793945e-01 8.466142416000366211e-02 2.284537814557552338e-02
9.612835645675659180e-01 1.324505656957626343e-01 2.416415512561798096e-01 -1.915461011230945587e-02
0.000000000000000000e+00 0.000000000000000000e+00 0.000000000000000000e+00 1.000000000000000000e+00
2.278959453105926514e-01 1.331756412982940674e-01 -9.645348191261291504e-01 3.866692185401916504e-01
-1.810513138771057129e-01 9.791222810745239258e-01 9.241173416376113892e-02 2.204257436096668243e-02
9.567047357559204102e-01 1.535700410604476929e-01 2.472495883703231812e-01 -1.280151028186082840e-02
0.000000000000000000e+00 0.000000000000000000e+00 0.000000000000000000e+00 1.000000000000000000e+00
2.588966488838195801e-01 1.403490006923675537e-01 -9.556540250778198242e-01 3.882136940956115723e-01
-1.934077441692352295e-01 9.768827557563781738e-01 9.107051044702529907e-02 2.549783699214458466e-02
9.463434219360351562e-01 1.612530946731567383e-01 2.800562679767608643e-01 -1.706342585384845734e-02
0.000000000000000000e+00 0.000000000000000000e+00 0.000000000000000000e+00 1.000000000000000000e+00
2.990291714668273926e-01 1.470532268285751343e-01 -9.428453445434570312e-01 3.881570398807525635e-01
-2.228928953409194946e-01 9.714859724044799805e-01 8.082845062017440796e-02 3.035765886306762695e-02
9.278472065925598145e-01 1.859834045171737671e-01 3.232797682285308838e-01 -2.481135912239551544e-02
0.000000000000000000e+00 0.000000000000000000e+00 0.000000000000000000e+00 1.000000000000000000e+00
3.648706376552581787e-01 1.727480590343475342e-01 -9.148918986320495605e-01 3.918687403202056885e-01
-2.378801107406616211e-01 9.673200249671936035e-01 8.777776360511779785e-02 2.780299820005893707e-02
9.001566767692565918e-01 1.856071203947067261e-01 3.940400779247283936e-01 -3.697493672370910645e-02
0.000000000000000000e+00 0.000000000000000000e+00 0.000000000000000000e+00 1.000000000000000000e+00
4.201249182224273682e-01 2.249208986759185791e-01 -8.791505694389343262e-01 4.065511524677276611e-01
-2.449172586202621460e-01 9.609494209289550781e-01 1.288082301616668701e-01 1.297603733837604523e-02
8.737909793853759766e-01 1.612036228179931641e-01 4.588058292865753174e-01 -4.680554196238517761e-02
0.000000000000000000e+00 0.000000000000000000e+00 0.000000000000000000e+00 1.000000000000000000e+00
4.411537051200866699e-01 2.484126091003417969e-01 -8.623655438423156738e-01 4.116309583187103271e-01
-2.739343941211700439e-01 9.523400664329528809e-01 1.341961473226547241e-01 1.279477309435606003e-02
8.546013236045837402e-01 1.770305782556533813e-01 4.881770312786102295e-01 -5.945250764489173889e-02
0.000000000000000000e+00 0.000000000000000000e+00 0.000000000000000000e+00 1.000000000000000000e+00
4.277054071426391602e-01 2.498148232698440552e-01 -8.687121272087097168e-01 4.028372764587402344e-01
-2.044034153223037720e-01 9.628870487213134766e-01 1.762598007917404175e-01 -5.748237948864698410e-03
8.805040717124938965e-01 1.021804884076118469e-01 4.628950655460357666e-01 -5.740448832511901855e-02
0.000000000000000000e+00 0.000000000000000000e+00 0.000000000000000000e+00 1.000000000000000000e+00
4.209284186363220215e-01 2.528473436832427979e-01 -8.711414933204650879e-01 3.977140784263610840e-01
-1.799856573343276978e-01 9.645512104034423828e-01 1.929917931556701660e-01 -1.502109505236148834e-02
8.890582323074340820e-01 7.555726915597915649e-02 4.515160322189331055e-01 -5.542333796620368958e-02
0.000000000000000000e+00 0.000000000000000000e+00 0.000000000000000000e+00 1.000000000000000000e+00
3.832009434700012207e-01 2.607997655868530273e-01 -8.860815167427062988e-01 3.772158324718475342e-01
-7.318961620330810547e-02 9.648677706718444824e-01 2.523367702960968018e-01 -4.440991207957267761e-02
9.207606315612792969e-01 -3.184366226196289062e-02 3.888259232044219971e-01 -4.085243865847587585e-02
0.000000000000000000e+00 0.000000000000000000e+00 0.000000000000000000e+00 1.000000000000000000e+00
3.860922455787658691e-01 2.949329912662506104e-01 -8.740409016609191895e-01 3.555936813354492188e-01
-3.590036556124687195e-02 9.515970349311828613e-01 3.052448928356170654e-01 -7.369718700647354126e-02
9.217613339424133301e-01 -8.647425472736358643e-02 3.779923617839813232e-01 -4.032466933131217957e-02
0.000000000000000000e+00 0.000000000000000000e+00 0.000000000000000000e+00 1.000000000000000000e+00
3.978937864303588867e-01 3.441594839096069336e-01 -8.504320383071899414e-01 3.370539844036102295e-01
7.170607335865497589e-03 9.257757663726806641e-01 3.780050873756408691e-01 -1.023224592208862305e-01
9.174033999443054199e-01 -1.565039604902267456e-01 3.658926486968994141e-01 -3.784967958927154541e-02
0.000000000000000000e+00 0.000000000000000000e+00 0.000000000000000000e+00 1.000000000000000000e+00
4.363082945346832275e-01 3.613981902599334717e-01 -8.240305185317993164e-01 3.208949267864227295e-01
5.185861140489578247e-02 9.041737914085388184e-01 4.240052103996276855e-01 -1.200608089566230774e-01
8.983015418052673340e-01 -2.277300506830215454e-01 3.757568597793579102e-01 -4.409485310316085815e-02
0.000000000000000000e+00 0.000000000000000000e+00 0.000000000000000000e+00 1.000000000000000000e+00
4.865766763687133789e-01 3.930114507675170898e-01 -7.802467346191406250e-01 2.976125478744506836e-01
1.166794598102569580e-01 8.558659553527832031e-01 5.038644671440124512e-01 -1.499559730291366577e-01
8.658112883567810059e-01 -3.362073600292205811e-01 3.705880939960479736e-01 -4.656360670924186707e-02
0.000000000000000000e+00 0.000000000000000000e+00 0.000000000000000000e+00 1.000000000000000000e+00
5.017704367637634277e-01 4.274182915687561035e-01 -7.520238757133483887e-01 2.831916809082031250e-01
1.356667727231979370e-01 8.197448849678039551e-01 5.564284324645996094e-01 -1.699256449937820435e-01
8.542956113815307617e-01 -3.812240362167358398e-01 3.533372581005096436e-01 -4.318784922361373901e-02
0.000000000000000000e+00 0.000000000000000000e+00 0.000000000000000000e+00 1.000000000000000000e+00
5.017711520195007324e-01 4.749118685722351074e-01 -7.229689955711364746e-01 2.667685747146606445e-01
1.599973142147064209e-01 7.704235315322875977e-01 6.171291470527648926e-01 -1.897807121276855469e-01
8.500743508338928223e-01 -4.253307580947875977e-01 3.105918169021606445e-01 -3.139061480760574341e-02
0.000000000000000000e+00 0.000000000000000000e+00 0.000000000000000000e+00 1.000000000000000000e+00
5.376378893852233887e-01 4.810038805007934570e-01 -6.925176382064819336e-01 2.514138817787170410e-01
1.583532392978668213e-01 7.491052746772766113e-01 6.432459950447082520e-01 -1.990664303302764893e-01
8.281725645065307617e-01 -4.554957747459411621e-01 3.265787661075592041e-01 -3.873848915100097656e-02
0.000000000000000000e+00 0.000000000000000000e+00 0.000000000000000000e+00 1.000000000000000000e+00
5.384033918380737305e-01 4.952704310417175293e-01 -6.817836761474609375e-01 2.411596775054931641e-01
1.732304543256759644e-01 7.267303466796875000e-01 6.647208929061889648e-01 -2.052110582590103149e-01
8.246895074844360352e-01 -4.759935736656188965e-01 3.054782748222351074e-01 -3.397980332374572754e-02
0.000000000000000000e+00 0.000000000000000000e+00 0.000000000000000000e+00 1.000000000000000000e+00
5.215420126914978027e-01 5.397648215293884277e-01 -6.607932448387145996e-01 2.274288684129714966e-01
1.760430186986923218e-01 6.897263526916503906e-01 7.023434638977050781e-01 -2.159692198038101196e-01
8.348668813705444336e-01 -4.826295673847198486e-01 2.646994888782501221e-01 -2.426897175610065460e-02
0.000000000000000000e+00 0.000000000000000000e+00 0.000000000000000000e+00 1.000000000000000000e+00
4.795413017272949219e-01 6.146705150604248047e-01 -6.262748837471008301e-01 2.051128894090652466e-01
1.413836330175399780e-01 6.502441763877868652e-01 7.464535832405090332e-01 -2.271450012922286987e-01
8.660546541213989258e-01 -4.465003609657287598e-01 2.249146103858947754e-01 -1.983061619102954865e-02
0.000000000000000000e+00 0.000000000000000000e+00 0.000000000000000000e+00 1.000000000000000000e+00
4.032594561576843262e-01 6.728890538215637207e-01 -6.201628446578979492e-01 1.982236206531524658e-01
1.309634894132614136e-01 6.282958388328552246e-01 7.668721079826354980e-01 -2.310455888509750366e-01
9.056658148765563965e-01 -3.904671370983123779e-01 1.652423292398452759e-01 -6.839314475655555725e-03
0.000000000000000000e+00 0.000000000000000000e+00 0.000000000000000000e+00 1.000000000000000000e+00
4.646007120609283447e-01 6.942625641822814941e-01 -5.496777296066284180e-01 1.719924062490463257e-01
1.227221786975860596e-01 5.642687678337097168e-01 8.164191246032714844e-01 -2.419883161783218384e-01
8.769750595092773438e-01 -4.467664659023284912e-01 1.769582927227020264e-01 -1.987036876380443573e-02
0.000000000000000000e+00 0.000000000000000000e+00 0.000000000000000000e+00 1.000000000000000000e+00
6.041812300682067871e-01 6.356470584869384766e-01 -4.805389046669006348e-01 1.468372046947479248e-01
1.178560853004455566e-01 5.251353383064270020e-01 8.428184986114501953e-01 -2.453299760818481445e-01
7.880830168724060059e-01 -5.658494234085083008e-01 2.423620074987411499e-01 -4.530343785881996155e-02
0.000000000000000000e+00 0.000000000000000000e+00 0.000000000000000000e+00 1.000000000000000000e+00
7.269380688667297363e-01 5.793810486793518066e-01 -3.686169981956481934e-01 1.084913834929466248e-01
4.927275329828262329e-02 4.914010465145111084e-01 8.695384860038757324e-01 -2.455065101385116577e-01
6.849328875541687012e-01 -6.502633094787597656e-01 3.286704421043395996e-01 -7.279679924249649048e-02
0.000000000000000000e+00 0.000000000000000000e+00 0.000000000000000000e+00 1.000000000000000000e+00
8.045439124107360840e-01 5.298289060592651367e-01 -2.683105766773223877e-01 8.275282382965087891e-02
-7.159830536693334579e-03 4.604028165340423584e-01 8.876813054084777832e-01 -2.424534410238265991e-01
5.938501954078674316e-01 -7.122573256492614746e-01 3.742077052593231201e-01 -8.631203323602676392e-02
0.000000000000000000e+00 0.000000000000000000e+00 0.000000000000000000e+00 1.000000000000000000e+00
8.055615425109863281e-01 5.715184807777404785e-01 -1.563237458467483521e-01 5.858324840664863586e-02
-8.592370897531509399e-02 3.737235665321350098e-01 9.235517382621765137e-01 -2.544784545898437500e-01
5.862488746643066406e-01 -7.305458188056945801e-01 3.501642942428588867e-01 -7.732736319303512573e-02
0.000000000000000000e+00 0.000000000000000000e+00 0.000000000000000000e+00 1.000000000000000000e+00
7.930934429168701172e-01 6.079632639884948730e-01 -3.719197586178779602e-02 2.771897986531257629e-02
-1.622793823480606079e-01 2.697592675685882568e-01 9.491550326347351074e-01 -2.706195116043090820e-01
5.870842933654785156e-01 -7.467333078384399414e-01 3.126042485237121582e-01 -6.343242526054382324e-02
0.000000000000000000e+00 0.000000000000000000e+00 0.000000000000000000e+00 1.000000000000000000e+00
8.054320216178894043e-01 5.892112255096435547e-01 6.410547345876693726e-02 -4.945797380059957504e-03
-1.967284828424453735e-01 1.637468338012695312e-01 9.666874408721923828e-01 -2.836768627166748047e-01
5.590859651565551758e-01 -7.912123799324035645e-01 2.478015571832656860e-01 -4.284878447651863098e-02
0.000000000000000000e+00 0.000000000000000000e+00 0.000000000000000000e+00 1.000000000000000000e+00
8.214365243911743164e-01 5.481359362602233887e-01 1.574455946683883667e-01 -4.126074910163879395e-02
-2.256350815296173096e-01 5.881626158952713013e-02 9.724348783493041992e-01 -2.917255461215972900e-01
5.237660408020019531e-01 -8.343186974525451660e-01 1.719925403594970703e-01 -1.976231671869754791e-02
0.000000000000000000e+00 0.000000000000000000e+00 0.000000000000000000e+00 1.000000000000000000e+00
8.310365080833435059e-01 5.070386528968811035e-01 2.286700904369354248e-01 -7.244458794593811035e-02
-2.325649112462997437e-01 -5.670556426048278809e-02 9.709264039993286133e-01 -2.983400523662567139e-01
5.052641034126281738e-01 -8.600560426712036133e-01 7.079505175352096558e-02 1.178766600787639618e-02
0.000000000000000000e+00 0.000000000000000000e+00 0.000000000000000000e+00 1.000000000000000000e+00
7.930582165718078613e-01 5.883821845054626465e-01 1.576867699623107910e-01 -4.262462630867958069e-02
-2.938927412033081055e-01 1.428381651639938354e-01 9.451053738594055176e-01 -2.727532684803009033e-01
5.335595607757568359e-01 -7.958664894104003906e-01 2.862003147602081299e-01 -6.704846024513244629e-02
0.000000000000000000e+00 0.000000000000000000e+00 0.000000000000000000e+00 1.000000000000000000e+00
7.710318565368652344e-01 6.240395307540893555e-01 1.268239617347717285e-01 -2.851183712482452393e-02
-3.672763109207153320e-01 2.730925083160400391e-01 8.891165852546691895e-01 -2.459891736507415771e-01
5.202093720436096191e-01 -7.321166992187500000e-01 4.397580325603485107e-01 -1.120606884360313416e-01
0.000000000000000000e+00 0.000000000000000000e+00 0.000000000000000000e+00 1.000000000000000000e+00
7.555073499679565430e-01 6.521545052528381348e-01 6.247541680932044983e-02 -6.110876332968473434e-03
-4.315855801105499268e-01 4.236909449100494385e-01 7.963792085647583008e-01 -2.061359882354736328e-01
4.928920269012451172e-01 -6.286337375640869141e-01 6.015620231628417969e-01 -1.551770120859146118e-01
0.000000000000000000e+00 0.000000000000000000e+00 0.000000000000000000e+00 1.000000000000000000e+00
7.352987527847290039e-01 6.776412129402160645e-01 1.174846477806568146e-02 1.075826771557331085e-02
-5.028281807899475098e-01 5.338249206542968750e-01 6.798490881919860840e-01 -1.617311090230941772e-01
4.544221758842468262e-01 -5.057996511459350586e-01 7.332579493522644043e-01 -1.854706406593322754e-01
0.000000000000000000e+00 0.000000000000000000e+00 0.000000000000000000e+00 1.000000000000000000e+00
7.259751558303833008e-01 6.877118945121765137e-01 3.535871626809239388e-03 1.321011409163475037e-02
-5.616134405136108398e-01 5.898777246475219727e-01 5.802021622657775879e-01 -1.282920539379119873e-01
3.969262242317199707e-01 -4.231981039047241211e-01 8.144648075103759766e-01 -2.023506015539169312e-01
0.000000000000000000e+00 0.000000000000000000e+00 0.000000000000000000e+00 1.000000000000000000e+00
6.925739049911499023e-01 7.207738161087036133e-01 2.874226495623588562e-02 4.118795040994882584e-03
-6.525931358337402344e-01 6.090881228446960449e-01 4.507033526897430420e-01 -9.282386302947998047e-02
3.073487877845764160e-01 -3.309023380279541016e-01 8.922109603881835938e-01 -2.173063457012176514e-01
0.000000000000000000e+00 0.000000000000000000e+00 0.000000000000000000e+00 1.000000000000000000e+00
6.653534770011901855e-01 7.465221881866455078e-01 3.052683547139167786e-03 7.399521768093109131e-03
-7.019815444946289062e-01 6.242538690567016602e-01 3.428248167037963867e-01 -6.224149838089942932e-02
2.540207207202911377e-01 -2.302425652742385864e-01 9.393943548202514648e-01 -2.244907021522521973e-01
0.000000000000000000e+00 0.000000000000000000e+00 0.000000000000000000e+00 1.000000000000000000e+00
