0.906074047088623 0.4230368435382843 -0.008335367776453495 -0.0276122409850359 
-0.3729492127895355 0.8077893853187561 0.4564919471740723 -0.1203623563051224 
0.1998462826013565 -0.4105067849159241 0.8896884322166443 -0.2437262833118439 
0 0 0 1 

0.9159754514694214 0.4011738896369934 -0.006950327660888433 -0.03074730560183525 
-0.3323699235916138 0.7683557271957397 0.5469546318054199 -0.1505232751369476 
0.2247643917798996 -0.4986869096755981 0.8371332883834839 -0.2309414893388748 
0 0 0 1 

0.9089917540550232 0.4164619743824005 0.01712579466402531 -0.03896994516253471 
-0.3342354595661163 0.7037393450737 0.6269268989562988 -0.1746017634868622 
0.2490392476320267 -0.5755953788757324 0.7788897156715393 -0.2169425338506699 
0 0 0 1 

0.9178672432899475 0.3956394493579865 0.03144970163702965 -0.04548386111855507 
-0.2934772074222565 0.6232336759567261 0.7248798608779907 -0.205693781375885 
0.2671905755996704 -0.6745733022689819 0.6881570219993591 -0.1917832344770432 
0 0 0 1 

0.9260549545288086 0.3732857704162598 0.0554971732199192 -0.05397775396704674 
-0.2680841088294983 0.5471836924552917 0.7929191589355469 -0.2279932349920273 
0.2656183540821075 -0.7491645812988281 0.6067941188812256 -0.167299211025238 
0 0 0 1 

0.9315545558929443 0.3593823611736298 0.05523030087351799 -0.05577318370342255 
-0.2323412001132965 0.4715147018432617 0.8507004380226135 -0.2475993633270264 
0.2796849012374878 -0.8053061366081238 0.5227410197257996 -0.143736869096756 
0 0 0 1 

0.9429053664207458 0.3286850154399872 0.05381094291806221 -0.0583709143102169 
-0.1933939307928085 0.4087733924388885 0.8919097185134888 -0.2616348564624786 
0.271160900592804 -0.8513932228088379 0.4490003287792206 -0.1230550557374954 
0 0 0 1 

0.9531306624412537 0.2972803711891174 0.05627031624317169 -0.0613781064748764 
-0.1652187556028366 0.3555928170681 0.9199219346046448 -0.2719329297542572 
0.2534654438495636 -0.8861027359962463 0.3880427181720734 -0.1043563857674599 
0 0 0 1 

0.9594232439994812 0.2724685072898865 0.07258037477731705 -0.06918781995773315 
-0.149664044380188 0.2739304304122925 0.9500330090522766 -0.285984605550766 
0.2389721125364304 -0.9223464131355286 0.3035939335823059 -0.07520187646150589 
0 0 0 1 

0.9618239998817444 0.2659592032432556 0.0645068883895874 -0.0675489604473114 
-0.1355016678571701 0.258017510175705 0.9565906524658203 -0.2890211045742035 
0.2377703934907913 -0.9288126230239868 0.2842054963111877 -0.06819149851799011 
0 0 0 1 

