1.000000000000000000e+00 0.000000000000000000e+00 0.000000000000000000e+00 -4.097584310382009209e-01
0.000000000000000000e+00 -1.000000000000000000e+00 0.000000000000000000e+00 -1.932597221741734483e-02
0.000000000000000000e+00 0.000000000000000000e+00 -1.000000000000000000e+00 -2.664692399556274349e+00
0.000000000000000000e+00 0.000000000000000000e+00 0.000000000000000000e+00 1.000000000000000000e+00
9.966904520988464355e-01 -7.966944575309753418e-02 -1.615501381456851959e-02 -4.415297802395515281e-01
-7.938371598720550537e-02 -9.966884255409240723e-01 1.761855743825435638e-02 6.017405040264754007e-02
-1.750516891479492188e-02 -1.627780683338642120e-02 -9.997142553329467773e-01 -2.717417411409814854e+00
0.000000000000000000e+00 0.000000000000000000e+00 0.000000000000000000e+00 1.000000000000000000e+00
9.863222241401672363e-01 -1.620324999094009399e-01 -3.022884950041770935e-02 -4.650241629616696515e-01
-1.604190319776535034e-01 -9.857918024063110352e-01 4.980101808905601501e-02 1.973236529705211517e-01
-3.786877915263175964e-02 -4.427053406834602356e-02 -9.983015656471252441e-01 -2.711488282749206835e+00
0.000000000000000000e+00 0.000000000000000000e+00 0.000000000000000000e+00 1.000000000000000000e+00
9.662867784500122070e-01 -2.549600005149841309e-01 -3.584967181086540222e-02 -4.594027421987513793e-01
-2.517084777355194092e-01 -9.647551178932189941e-01 7.674936205148696899e-02 3.196694134038238211e-01
-5.415417626500129700e-02 -6.513823568820953369e-02 -9.964057207107543945e-01 -2.705531836001504153e+00
0.000000000000000000e+00 0.000000000000000000e+00 0.000000000000000000e+00 1.000000000000000000e+00
9.371388554573059082e-01 -3.453396856784820557e-01 -5.011055245995521545e-02 -4.729819700218546030e-01
-3.376584351062774658e-01 -9.336438179016113281e-01 1.195642873644828796e-01 4.851822182296665065e-01
-8.807577192783355713e-02 -9.512805938720703125e-02 -9.915610551834106445e-01 -2.681200250489034431e+00
0.000000000000000000e+00 0.000000000000000000e+00 0.000000000000000000e+00 1.000000000000000000e+00
8.932973742485046387e-01 -4.485610723495483398e-01 -2.850720100104808807e-02 -3.829467288384103552e-01
-4.410268068313598633e-01 -8.869928717613220215e-01 1.368899792432785034e-01 5.711358198698729405e-01
-8.668924123048782349e-02 -1.097110137343406677e-01 -9.901759624481201172e-01 -2.688075026467551254e+00
0.000000000000000000e+00 0.000000000000000000e+00 0.000000000000000000e+00 1.000000000000000000e+00
8.452431559562683105e-01 -5.341777801513671875e-01 -1.475648023188114166e-02 -3.165100033378650535e-01
-5.250112414360046387e-01 -8.352537751197814941e-01 1.634443998336791992e-01 6.851317138528897344e-01
-9.963385015726089478e-02 -1.304029226303100586e-01 -9.864422082901000977e-01 -2.677587088545440697e+00
0.000000000000000000e+00 0.000000000000000000e+00 0.000000000000000000e+00 1.000000000000000000e+00
7.946410775184631348e-01 -6.070557832717895508e-01 5.358085501939058304e-03 -2.313267407104435125e-01
-5.991442203521728516e-01 -7.828013300895690918e-01 1.680718660354614258e-01 7.283027766256652269e-01
-9.783469885587692261e-02 -1.367670595645904541e-01 -9.857601523399353027e-01 -2.684202204726422458e+00
0.000000000000000000e+00 0.000000000000000000e+00 0.000000000000000000e+00 1.000000000000000000e+00
7.226088643074035645e-01 -6.905018091201782227e-01 3.230208158493041992e-02 -1.043859279853168176e-01
-6.855169534683227539e-01 -7.098162174224853516e-01 1.619476824998855591e-01 7.395634162991542304e-01
-8.889668434858322144e-02 -1.391684561967849731e-01 -9.862704873085021973e-01 -2.693501116009236807e+00
0.000000000000000000e+00 0.000000000000000000e+00 0.000000000000000000e+00 1.000000000000000000e+00
6.480603218078613281e-01 -7.608447074890136719e-01 3.365587443113327026e-02 -5.283272668493495250e-02
-7.571063041687011719e-01 -6.388291120529174805e-01 1.367001384496688843e-01 6.903719576202503871e-01
-8.250729739665985107e-02 -1.140709966421127319e-01 -9.900406002998352051e-01 -2.720436749884445060e+00
0.000000000000000000e+00 0.000000000000000000e+00 0.000000000000000000e+00 1.000000000000000000e+00
5.505492687225341797e-01 -8.338032364845275879e-01 4.083563014864921570e-02 2.349254056869869850e-02
-8.329320549964904785e-01 -5.453853011131286621e-01 9.369605034589767456e-02 5.839342057035241673e-01
-5.585293099284172058e-02 -8.559759706258773804e-02 -9.947630167007446289e-01 -2.766485938696793490e+00
0.000000000000000000e+00 0.000000000000000000e+00 0.000000000000000000e+00 1.000000000000000000e+00
4.585761129856109619e-01 -8.839061856269836426e-01 9.174840897321701050e-02 2.284760555645895252e-01
-8.886289000511169434e-01 -4.553180932998657227e-01 5.499262362718582153e-02 4.762317160349101020e-01
-6.833611987531185150e-03 -1.067485883831977844e-01 -9.942625761032104492e-01 -2.800261580076034207e+00
0.000000000000000000e+00 0.000000000000000000e+00 0.000000000000000000e+00 1.000000000000000000e+00
3.533540070056915283e-01 -9.302077889442443848e-01 9.926860779523849487e-02 2.896948884599425122e-01
-9.352795481681823730e-01 -3.535288274288177490e-01 1.641527004539966583e-02 3.420315786904899458e-01
1.982468925416469574e-02 -9.864430874586105347e-02 -9.949252605438232422e-01 -2.816217274521156444e+00
0.000000000000000000e+00 0.000000000000000000e+00 0.000000000000000000e+00 1.000000000000000000e+00
2.727075219154357910e-01 -9.545674324035644531e-01 1.201309338212013245e-01 3.744735881536117583e-01
-9.588481187820434570e-01 -2.799122631549835205e-01 -4.753186181187629700e-02 1.228524262599744038e-01
7.899848371744155884e-02 -1.022250354290008545e-01 -9.916195273399353027e-01 -2.813252572220715564e+00
0.000000000000000000e+00 0.000000000000000000e+00 0.000000000000000000e+00 1.000000000000000000e+00
1.929944008588790894e-01 -9.710839390754699707e-01 1.405318528413772583e-01 4.407570288321266405e-01
-9.730569720268249512e-01 -2.078332155942916870e-01 -9.982719272375106812e-02 -5.275842366018296953e-02
1.261477619409561157e-01 -1.174794137477874756e-01 -9.850306510925292969e-01 -2.802230413928756381e+00
0.000000000000000000e+00 0.000000000000000000e+00 0.000000000000000000e+00 1.000000000000000000e+00
