-0.4692218899726868 -0.4565043151378632 0.7559329271316528 -0.202568918466568 
-0.882989764213562 0.2302782535552979 -0.4090244770050049 0.1686966121196747 
0.01264655217528343 -0.8594043254852295 -0.5111401677131653 0.1511131078004837 
0 0 0 1 

-0.4926328957080841 -0.5311615467071533 0.689332902431488 -0.1837933361530304 
-0.8702073097229004 0.2941292822360992 -0.3952556550502777 0.1641166657209396 
0.007191723212599754 -0.7945786118507385 -0.6071183681488037 0.1827733069658279 
0 0 0 1 

-0.4670811891555786 -0.5873632431030273 0.6609382629394531 -0.1792837083339691 
-0.8824847340583801 0.3563944697380066 -0.3069259524345398 0.1385252177715302 
-0.05527765676379204 -0.7266273498535156 -0.6848042011260986 0.2115191221237183 
0 0 0 1 

-0.3319098949432373 -0.7750154733657837 0.5377606153488159 -0.1602685153484344 
-0.6294668912887573 0.6065577268600464 0.4856532514095306 -0.112150177359581 
-0.70257169008255 -0.1773093640804291 -0.68916916847229 0.2526225745677948 
0 0 0 1 

-0.2558995187282562 -0.7691075801849365 0.5856522917747498 -0.1778334975242615 
-0.6843639016151428 0.5720106959342957 0.45216104388237 -0.09988031536340714 
-0.6827598810195923 -0.2850914895534515 -0.6727266907691956 0.2458267211914062 
0 0 0 1 

-0.189502164721489 -0.7483039498329163 0.6357120871543884 -0.1957684904336929 
-0.7324599027633667 0.5389150381088257 0.416020393371582 -0.08613302558660507 
-0.6539044976234436 -0.3867968022823334 -0.6502281427383423 0.2369090169668198 
0 0 0 1 

-0.1211176365613937 -0.7109058499336243 0.6927791237831116 -0.2165191024541855 
-0.7797952890396118 0.4999872446060181 0.3767385184764862 -0.07197035104036331 
-0.6142063140869141 -0.4945961833000183 -0.6149184107780457 0.2238007485866547 
0 0 0 1 

-0.06637269258499146 -0.6582797169685364 0.749841570854187 -0.2363375425338745 
-0.8094678521156311 0.4749174118041992 0.345275491476059 -0.06097451969981194 
-0.5834006667137146 -0.5840557813644409 -0.5643777847290039 0.2070460915565491 
0 0 0 1 

-0.02309619262814522 -0.5752655267715454 0.8176403641700745 -0.2588729560375214 
-0.8801702857017517 0.3995474278926849 0.2562460899353027 -0.02888091653585434 
-0.4740956127643585 -0.7137445211410522 -0.5155596733093262 0.1853677332401276 
0 0 0 1 

-0.03714493289589882 -0.5436928868293762 0.8384613990783691 -0.2640211284160614 
-0.9269508123397827 0.3322093188762665 0.1743529886007309 -0.0009880927391350269 
-0.3733392059803009 -0.7707365751266479 -0.5163164138793945 0.1808241456747055 
0 0 0 1 

