1.000000000000000000e+00 0.000000000000000000e+00 0.000000000000000000e+00 -4.542167112231254578e-02
0.000000000000000000e+00 1.000000000000000000e+00 0.000000000000000000e+00 9.935460984706878662e-04
0.000000000000000000e+00 0.000000000000000000e+00 1.000000000000000000e+00 -2.875000238418579102e-01
0.000000000000000000e+00 0.000000000000000000e+00 0.000000000000000000e+00 1.000000000000000000e+00
9.963326454162597656e-01 8.230719715356826782e-02 2.338637225329875946e-02 -5.092267692089080811e-02
-8.188313245773315430e-02 9.964694380760192871e-01 -1.854815520346164703e-02 9.991987608373165131e-03
-2.483041770756244659e-02 1.656521297991275787e-02 9.995545744895935059e-01 -2.929652631282806396e-01
0.000000000000000000e+00 0.000000000000000000e+00 0.000000000000000000e+00 1.000000000000000000e+00
9.854385852813720703e-01 1.659164726734161377e-01 3.718999773263931274e-02 -5.314429849386215210e-02
-1.639421880245208740e-01 9.851494431495666504e-01 -5.102256312966346741e-02 2.522831968963146210e-02
-4.510322585701942444e-02 4.418254271149635315e-02 9.980047345161437988e-01 -2.924119532108306885e-01
0.000000000000000000e+00 0.000000000000000000e+00 0.000000000000000000e+00 1.000000000000000000e+00
9.661362171173095703e-01 2.546910345554351807e-01 4.138857126235961914e-02 -5.219939723610877991e-02
-2.510788738727569580e-01 9.649147391319274902e-01 -7.680168002843856812e-02 3.808156028389930725e-02
-5.949720740318298340e-02 6.380911916494369507e-02 9.961873292922973633e-01 -2.917810380458831787e-01
0.000000000000000000e+00 0.000000000000000000e+00 0.000000000000000000e+00 1.000000000000000000e+00
9.363191723823547363e-01 3.471309244632720947e-01 5.296727642416954041e-02 -5.276024714112281799e-02
-3.390726149082183838e-01 9.329923987388610840e-01 -1.206439211964607239e-01 5.627783760428428650e-02
-9.129737317562103271e-02 9.500146657228469849e-02 9.912818670272827148e-01 -2.892823517322540283e-01
0.000000000000000000e+00 0.000000000000000000e+00 0.000000000000000000e+00 1.000000000000000000e+00
8.911038637161254883e-01 4.519203305244445801e-01 4.125055298209190369e-02 -4.604674875736236572e-02
-4.426840543746948242e-01 8.856746554374694824e-01 -1.400407850742340088e-01 6.617940962314605713e-02
-9.982182830572128296e-02 1.065299063920974731e-01 9.892861247062683105e-01 -2.893252670764923096e-01
0.000000000000000000e+00 0.000000000000000000e+00 0.000000000000000000e+00 1.000000000000000000e+00
8.453759551048278809e-01 5.338594317436218262e-01 1.826551929116249084e-02 -3.620398044586181641e-02
-5.241366624832153320e-01 8.356062173843383789e-01 -1.644453555345535278e-01 7.745227962732315063e-02
-1.030535548925399780e-01 1.294445246458053589e-01 9.862171411514282227e-01 -2.887521684169769287e-01
0.000000000000000000e+00 0.000000000000000000e+00 0.000000000000000000e+00 1.000000000000000000e+00
7.917177677154541016e-01 6.108790040016174316e-01 3.135383594781160355e-03 -2.839538455009460449e-02
-6.014768481254577637e-01 7.804087996482849121e-01 -1.708424985408782959e-01 8.317936211824417114e-02
-1.068109944462776184e-01 1.333731412887573242e-01 9.852933883666992188e-01 -2.893358170986175537e-01
0.000000000000000000e+00 0.000000000000000000e+00 0.000000000000000000e+00 1.000000000000000000e+00
7.229331135749816895e-01 6.905838251113891602e-01 -2.148970589041709900e-02 -1.541565824300050735e-02
-6.838798522949218750e-01 7.107942104339599609e-01 -1.645593047142028809e-01 8.403550088405609131e-02
-9.836726635694503784e-02 1.336616873741149902e-01 9.861328005790710449e-01 -2.903405427932739258e-01
0.000000000000000000e+00 0.000000000000000000e+00 0.000000000000000000e+00 1.000000000000000000e+00
6.446326971054077148e-01 7.641867399215698242e-01 -2.160099335014820099e-02 -1.035810355097055435e-02
-7.587667107582092285e-01 6.360980272293090820e-01 -1.401846110820770264e-01 7.920266687870025635e-02
-9.338693320751190186e-02 1.067577153444290161e-01 9.898896813392639160e-01 -2.933102846145629883e-01
0.000000000000000000e+00 0.000000000000000000e+00 0.000000000000000000e+00 1.000000000000000000e+00
5.474146008491516113e-01 8.360568881034851074e-01 -3.669123351573944092e-02 1.621130504645407200e-04
-8.346883058547973633e-01 5.423102378845214844e-01 -9.588903933763504028e-02 6.713441014289855957e-02
-6.027068570256233215e-02 8.311676234006881714e-02 9.947154521942138672e-01 -2.984157204627990723e-01
0.000000000000000000e+00 0.000000000000000000e+00 0.000000000000000000e+00 1.000000000000000000e+00
4.578894674777984619e-01 8.850057125091552734e-01 -8.427481353282928467e-02 2.143809758126735687e-02
-8.888767361640930176e-01 4.541239738464355469e-01 -6.057469174265861511e-02 5.662658438086509705e-02
-1.533773262053728104e-02 1.026464253664016724e-01 9.945995807647705078e-01 -3.022075295448303223e-01
0.000000000000000000e+00 0.000000000000000000e+00 0.000000000000000000e+00 1.000000000000000000e+00
3.502696752548217773e-01 9.312765002250671387e-01 -1.001772880554199219e-01 3.089150972664356232e-02
-9.364301562309265137e-01 3.504900336265563965e-01 -1.597279682755470276e-02 4.028370976448059082e-02
2.023604139685630798e-02 9.940383583307266235e-02 9.948415160179138184e-01 -3.040033876895904541e-01
0.000000000000000000e+00 0.000000000000000000e+00 0.000000000000000000e+00 1.000000000000000000e+00
2.707765400409698486e-01 9.560071229934692383e-01 -1.128288581967353821e-01 3.736935183405876160e-02
-9.599500894546508789e-01 2.769177258014678955e-01 4.257258027791976929e-02 1.798177324235439301e-02
7.194398343563079834e-02 9.678239375352859497e-02 9.927018880844116211e-01 -3.037735223770141602e-01
0.000000000000000000e+00 0.000000000000000000e+00 0.000000000000000000e+00 1.000000000000000000e+00
1.952056288719177246e-01 9.694730043411254883e-01 -1.483812034130096436e-01 5.014400556683540344e-02
-9.723686575889587402e-01 2.110583931207656860e-01 9.976688027381896973e-02 -3.026083344593644142e-03
1.280384063720703125e-01 1.248061731457710266e-01 9.838849902153015137e-01 -3.021326363086700439e-01
0.000000000000000000e+00 0.000000000000000000e+00 0.000000000000000000e+00 1.000000000000000000e+00
1.151589155197143555e-01 9.823490381240844727e-01 -1.474067419767379761e-01 5.180866643786430359e-02
-9.709488749504089355e-01 1.426506489515304565e-01 1.921172142028808594e-01 -3.450840711593627930e-02
2.097538262605667114e-01 1.210004165768623352e-01 9.702381491661071777e-01 -2.992781400680541992e-01
0.000000000000000000e+00 0.000000000000000000e+00 0.000000000000000000e+00 1.000000000000000000e+00
1.937154978513717651e-01 9.723927974700927734e-01 -1.301008462905883789e-01 4.526747763156890869e-02
-9.533951282501220703e-01 2.178598642349243164e-01 2.087456285953521729e-01 -3.941611200571060181e-02
2.313265502452850342e-01 8.360030502080917358e-02 9.692776203155517578e-01 -2.969778478145599365e-01
0.000000000000000000e+00 0.000000000000000000e+00 0.000000000000000000e+00 1.000000000000000000e+00
2.758720815181732178e-01 9.520888924598693848e-01 -1.319896578788757324e-01 4.375752434134483337e-02
-9.377763867378234863e-01 2.967278957366943359e-01 1.803549975156784058e-01 -2.846078947186470032e-02
2.108789980411529541e-01 7.402187585830688477e-02 9.747054576873779297e-01 -2.961087226867675781e-01
0.000000000000000000e+00 0.000000000000000000e+00 0.000000000000000000e+00 1.000000000000000000e+00
3.275869488716125488e-01 9.348029494285583496e-01 -1.372223347425460815e-01 4.355110228061676025e-02
-9.336397051811218262e-01 3.425556123256683350e-01 1.047482714056968689e-01 -1.751971663907170296e-03
1.449253112077713013e-01 9.380212426185607910e-02 9.849861264228820801e-01 -2.956281006336212158e-01
0.000000000000000000e+00 0.000000000000000000e+00 0.000000000000000000e+00 1.000000000000000000e+00
3.606086373329162598e-01 9.170724153518676758e-01 -1.701158583164215088e-01 5.235890299081802368e-02
-9.298365712165832520e-01 3.677879273891448975e-01 1.164495293051004410e-02 3.096750564873218536e-02
7.324582338333129883e-02 1.539807170629501343e-01 9.853552579879760742e-01 -2.918127775192260742e-01
0.000000000000000000e+00 0.000000000000000000e+00 0.000000000000000000e+00 1.000000000000000000e+00
4.027776420116424561e-01 8.976886868476867676e-01 -1.786754131317138672e-01 5.296061933040618896e-02
-9.152341485023498535e-01 3.973011374473571777e-01 -6.706647574901580811e-02 5.721292644739151001e-02
1.078310701996088028e-02 1.905427724123001099e-01 9.816197156906127930e-01 -2.870212495326995850e-01
0.000000000000000000e+00 0.000000000000000000e+00 0.000000000000000000e+00 1.000000000000000000e+00
4.596165418624877930e-01 8.606165051460266113e-01 -2.192980349063873291e-01 6.161852180957794189e-02
-8.870587944984436035e-01 4.328007400035858154e-01 -1.606554090976715088e-01 8.602151274681091309e-02
-4.335040226578712463e-02 2.683701217174530029e-01 9.623399376869201660e-01 -2.758544087409973145e-01
0.000000000000000000e+00 0.000000000000000000e+00 0.000000000000000000e+00 1.000000000000000000e+00
5.361172556877136230e-01 8.210294246673583984e-01 -1.961851567029953003e-01 4.912885278463363647e-02
-8.390493988990783691e-01 4.927969574928283691e-01 -2.305373698472976685e-01 1.050599589943885803e-01
-9.259858727455139160e-02 2.882041633129119873e-01 9.530811905860900879e-01 -2.693375945091247559e-01
0.000000000000000000e+00 0.000000000000000000e+00 0.000000000000000000e+00 1.000000000000000000e+00
5.954914689064025879e-01 7.790414690971374512e-01 -1.961742192506790161e-01 4.495183378458023071e-02
-7.938886284828186035e-01 5.332661271095275879e-01 -2.921776473522186279e-01 1.198911815881729126e-01
-1.230054795742034912e-01 3.297297358512878418e-01 9.360274076461791992e-01 -2.606844604015350342e-01
0.000000000000000000e+00 0.000000000000000000e+00 0.000000000000000000e+00 1.000000000000000000e+00
6.740124225616455078e-01 7.186814546585083008e-01 -1.708920896053314209e-01 3.122669085860252380e-02
-7.199915647506713867e-01 5.873447060585021973e-01 -3.696456551551818848e-01 1.361419260501861572e-01
-1.652850061655044556e-01 3.721867203712463379e-01 9.133224487304687500e-01 -2.496315091848373413e-01
0.000000000000000000e+00 0.000000000000000000e+00 0.000000000000000000e+00 1.000000000000000000e+00
7.367258667945861816e-01 6.578145623207092285e-01 -1.565721035003662109e-01 2.333362214267253876e-02
-6.475612521171569824e-01 6.196948289871215820e-01 -4.434444904327392578e-01 1.508104354143142700e-01
-1.946772933006286621e-01 4.280867874622344971e-01 8.825201988220214844e-01 -2.354504615068435669e-01
0.000000000000000000e+00 0.000000000000000000e+00 0.000000000000000000e+00 1.000000000000000000e+00
7.619461417198181152e-01 6.332665085792541504e-01 -1.356877535581588745e-01 1.529794465750455856e-02
-5.965956449508666992e-01 6.047883629798889160e-01 -5.275458097457885742e-01 1.698462218046188354e-01
-2.520148158073425293e-01 4.829119741916656494e-01 8.386201858520507812e-01 -2.152197808027267456e-01
0.000000000000000000e+00 0.000000000000000000e+00 0.000000000000000000e+00 1.000000000000000000e+00
7.912976145744323730e-01 5.940189361572265625e-01 -1.448763459920883179e-01 1.483462750911712646e-02
-5.359075069427490234e-01 5.597326755523681641e-01 -6.320619583129882812e-01 1.969456076622009277e-01
-2.943647801876068115e-01 5.777894854545593262e-01 7.612541913986206055e-01 -1.867990642786026001e-01
0.000000000000000000e+00 0.000000000000000000e+00 0.000000000000000000e+00 1.000000000000000000e+00
8.124071955680847168e-01 5.665553808212280273e-01 -1.378749310970306396e-01 1.106200460344552994e-02
-4.820453822612762451e-01 5.195405483245849609e-01 -7.054855823516845703e-01 2.161587923765182495e-01
-3.280649185180664062e-01 6.396035552024841309e-01 6.951838135719299316e-01 -1.631845980882644653e-01
0.000000000000000000e+00 0.000000000000000000e+00 0.000000000000000000e+00 1.000000000000000000e+00
8.409210443496704102e-01 5.236827135086059570e-01 -1.364120841026306152e-01 7.732937578111886978e-03
-4.178074598312377930e-01 4.680722057819366455e-01 -7.786815166473388672e-01 2.352434694766998291e-01
-3.439316451549530029e-01 7.118037939071655273e-01 6.124104857444763184e-01 -1.394958645105361938e-01
0.000000000000000000e+00 0.000000000000000000e+00 0.000000000000000000e+00 1.000000000000000000e+00
8.698106408119201660e-01 4.844114482402801514e-01 -9.367357939481735229e-02 -6.347880698740482330e-03
-3.312096595764160156e-01 4.325631856918334961e-01 -8.385639190673828125e-01 2.495437860488891602e-01
-3.656902313232421875e-01 7.604172229766845703e-01 5.366897583007812500e-01 -1.193362250924110413e-01
0.000000000000000000e+00 0.000000000000000000e+00 0.000000000000000000e+00 1.000000000000000000e+00
8.932056427001953125e-01 4.450205564498901367e-01 -6.434762477874755859e-02 -1.534452661871910095e-02
-2.252316474914550781e-01 3.189479410648345947e-01 -9.206208586692810059e-01 2.651820182800292969e-01
-3.891718387603759766e-01 8.367967009544372559e-01 3.851186335086822510e-01 -7.842407375574111938e-02
0.000000000000000000e+00 0.000000000000000000e+00 0.000000000000000000e+00 1.000000000000000000e+00
8.885488510131835938e-01 4.582802951335906982e-01 -2.145220898091793060e-02 -3.177776187658309937e-02
-7.660842686891555786e-02 1.021070256829261780e-01 -9.918193221092224121e-01 2.823124527931213379e-01
-4.523406624794006348e-01 8.829230666160583496e-01 1.258351653814315796e-01 -7.164595182985067368e-03
0.000000000000000000e+00 0.000000000000000000e+00 0.000000000000000000e+00 1.000000000000000000e+00
8.783981800079345703e-01 4.767050445079803467e-01 -3.418922796845436096e-02 -2.503114938735961914e-02
-8.118108659982681274e-02 7.832577079534530640e-02 -9.936172962188720703e-01 2.824273109436035156e-01
-4.709843695163726807e-01 8.755667209625244141e-01 1.075006127357482910e-01 -7.916386239230632782e-03
0.000000000000000000e+00 0.000000000000000000e+00 0.000000000000000000e+00 1.000000000000000000e+00
8.433936238288879395e-01 5.366187095642089844e-01 -2.696980163455009460e-02 -2.349463850259780884e-02
-9.465910494327545166e-02 9.898870438337326050e-02 -9.905762076377868652e-01 2.820981442928314209e-01
-5.288921594619750977e-01 8.379986882209777832e-01 1.342822909355163574e-01 -1.331892702728509903e-02
0.000000000000000000e+00 0.000000000000000000e+00 0.000000000000000000e+00 1.000000000000000000e+00
8.273529410362243652e-01 5.583767294883728027e-01 -6.084625795483589172e-02 -1.390313077718019485e-02
-2.220698297023773193e-01 2.256794720888137817e-01 -9.485534429550170898e-01 2.754551768302917480e-01
-5.159184336662292480e-01 7.983006834983825684e-01 3.107151985168457031e-01 -5.429739132523536682e-02
0.000000000000000000e+00 0.000000000000000000e+00 0.000000000000000000e+00 1.000000000000000000e+00
8.325403332710266113e-01 5.454674363136291504e-01 -9.665188193321228027e-02 -4.841065034270286560e-03
-3.073057532310485840e-01 3.095933198928833008e-01 -8.998412489891052246e-01 2.655299603939056396e-01
-4.609117209911346436e-01 7.788559794425964355e-01 4.253742098808288574e-01 -8.560421317815780640e-02
0.000000000000000000e+00 0.000000000000000000e+00 0.000000000000000000e+00 1.000000000000000000e+00
8.151270151138305664e-01 5.689723491668701172e-01 -1.088068336248397827e-01 -1.204094616696238518e-03
-3.703216612339019775e-01 3.673794865608215332e-01 -8.531674146652221680e-01 2.555301189422607422e-01
-4.454549551010131836e-01 7.357328534126281738e-01 5.101634860038757324e-01 -1.093375384807586670e-01
0.000000000000000000e+00 0.000000000000000000e+00 0.000000000000000000e+00 1.000000000000000000e+00
8.318812847137451172e-01 5.494682788848876953e-01 -7.783485949039459229e-02 -1.435496471822261810e-02
-4.531221687793731689e-01 5.915463566780090332e-01 -6.668979525566101074e-01 2.158199995756149292e-01
-3.203964531421661377e-01 5.900484323501586914e-01 7.410727143287658691e-01 -1.804171800613403320e-01
0.000000000000000000e+00 0.000000000000000000e+00 0.000000000000000000e+00 1.000000000000000000e+00
8.367406129837036133e-01 5.447554588317871094e-01 -5.573274567723274231e-02 -2.225311473011970520e-02
-4.617411494255065918e-01 6.471712589263916016e-01 -6.065999865531921387e-01 1.979293823242187500e-01
-2.943802475929260254e-01 5.333010554313659668e-01 7.930508255958557129e-01 -1.967904865741729736e-01
0.000000000000000000e+00 0.000000000000000000e+00 0.000000000000000000e+00 1.000000000000000000e+00
8.557049632072448730e-01 5.146902799606323242e-01 -5.351023375988006592e-02 -2.298040501773357391e-02
-4.598169922828674316e-01 7.088675498962402344e-01 -5.348594188690185547e-01 1.763599365949630737e-01
-2.373552471399307251e-01 4.822866320610046387e-01 8.432449698448181152e-01 -2.129905372858047485e-01
0.000000000000000000e+00 0.000000000000000000e+00 0.000000000000000000e+00 1.000000000000000000e+00
8.714103102684020996e-01 4.901864230632781982e-01 -1.900260709226131439e-02 -3.164916858077049255e-02
-4.577287435531616211e-01 7.985566854476928711e-01 -3.908849060535430908e-01 1.349065005779266357e-01
-1.764321029186248779e-01 3.493191301822662354e-01 9.202432036399841309e-01 -2.367018759250640869e-01
0.000000000000000000e+00 0.000000000000000000e+00 0.000000000000000000e+00 1.000000000000000000e+00
8.768963813781738281e-01 4.804022312164306641e-01 -1.631963066756725311e-02 -3.076795861124992371e-02
-4.683287739753723145e-01 8.462260961532592773e-01 -2.541055977344512939e-01 9.739518165588378906e-02
-1.082628816366195679e-01 2.304672300815582275e-01 9.670388698577880859e-01 -2.526185810565948486e-01
0.000000000000000000e+00 0.000000000000000000e+00 0.000000000000000000e+00 1.000000000000000000e+00
8.806999325752258301e-01 4.736276865005493164e-01 -6.623619236052036285e-03 -2.937992848455905914e-02
-4.733721911907196045e-01 8.795533776283264160e-01 -4.800105094909667969e-02 3.886011242866516113e-02
-1.690882444381713867e-02 4.540998488664627075e-02 9.988251328468322754e-01 -2.655764818191528320e-01
0.000000000000000000e+00 0.000000000000000000e+00 0.000000000000000000e+00 1.000000000000000000e+00
8.871856331825256348e-01 4.612991511821746826e-01 -1.022899802774190903e-02 -2.664948813617229462e-02
-4.602923691272735596e-01 8.863581418991088867e-01 5.000020936131477356e-02 1.000361982733011246e-02
3.213161602616310120e-02 -3.965112194418907166e-02 9.986969232559204102e-01 -2.683729529380798340e-01
0.000000000000000000e+00 0.000000000000000000e+00 0.000000000000000000e+00 1.000000000000000000e+00
8.938549757003784180e-01 4.482494294643402100e-01 -9.772723540663719177e-03 -2.644493617117404938e-02
-4.419303238391876221e-01 8.845124840736389160e-01 1.494491547346115112e-01 -2.073310501873493195e-02
7.563462853431701660e-02 -1.292669624090194702e-01 9.887211322784423828e-01 -2.676235437393188477e-01
0.000000000000000000e+00 0.000000000000000000e+00 0.000000000000000000e+00 1.000000000000000000e+00
8.979409337043762207e-01 4.400767683982849121e-01 -5.868698935955762863e-03 -2.718999236822128296e-02
-4.238845109939575195e-01 8.683359622955322266e-01 2.575160264968872070e-01 -5.460990965366363525e-02
1.184228882193565369e-01 -2.287465631961822510e-01 9.662561416625976562e-01 -2.627438604831695557e-01
0.000000000000000000e+00 0.000000000000000000e+00 0.000000000000000000e+00 1.000000000000000000e+00
9.012385010719299316e-01 4.331606030464172363e-01 -1.185884233564138412e-02 -2.523563057184219360e-02
-3.986037969589233398e-01 8.394519686698913574e-01 3.693709969520568848e-01 -9.176291525363922119e-02
1.699520200490951538e-01 -3.281643986701965332e-01 9.292061924934387207e-01 -2.533622980117797852e-01
0.000000000000000000e+00 0.000000000000000000e+00 0.000000000000000000e+00 1.000000000000000000e+00
9.060367345809936523e-01 4.231529831886291504e-01 -6.218309048563241959e-03 -2.812591753900051117e-02
-3.740223646163940430e-01 8.075422644615173340e-01 4.560510516166687012e-01 -1.204706281423568726e-01
1.980010569095611572e-01 -4.108731746673583984e-01 8.899317383766174316e-01 -2.436811029911041260e-01
0.000000000000000000e+00 0.000000000000000000e+00 0.000000000000000000e+00 1.000000000000000000e+00
9.174513220787048340e-01 3.978361487388610840e-01 -3.081235103309154510e-03 -3.185011073946952820e-02
-3.305689692497253418e-01 7.665898799896240234e-01 5.505126118659973145e-01 -1.518391668796539307e-01
2.213759571313858032e-01 -5.040497779846191406e-01 8.348211050033569336e-01 -2.300567328929901123e-01
0.000000000000000000e+00 0.000000000000000000e+00 0.000000000000000000e+00 1.000000000000000000e+00
9.117276668548583984e-01 4.102200567722320557e-01 2.172066830098628998e-02 -4.025050997734069824e-02
-3.315007090568542480e-01 7.034844756126403809e-01 6.286628246307373047e-01 -1.756262928247451782e-01
2.426101118326187134e-01 -5.803696513175964355e-01 7.773745656013488770e-01 -2.161136418581008911e-01
0.000000000000000000e+00 0.000000000000000000e+00 0.000000000000000000e+00 1.000000000000000000e+00
9.169299602508544922e-01 3.973957002162933350e-01 3.628557175397872925e-02 -4.664527997374534607e-02
-2.976941168308258057e-01 6.206504702568054199e-01 7.253765463829040527e-01 -2.064150124788284302e-01
2.657410204410552979e-01 -6.759213209152221680e-01 6.873952150344848633e-01 -1.914440691471099854e-01
0.000000000000000000e+00 0.000000000000000000e+00 0.000000000000000000e+00 1.000000000000000000e+00
9.259410500526428223e-01 3.728285133838653564e-01 6.026397272944450378e-02 -5.524528399109840393e-02
-2.705941200256347656e-01 5.436093807220458984e-01 7.945234179496765137e-01 -2.288758456707000732e-01
2.634609341621398926e-01 -7.519890069961547852e-01 6.042357087135314941e-01 -1.661835312843322754e-01
0.000000000000000000e+00 0.000000000000000000e+00 0.000000000000000000e+00 1.000000000000000000e+00
9.342675209045410156e-01 3.523568809032440186e-01 5.466867238283157349e-02 -5.546920374035835266e-02
-2.280849516391754150e-01 4.726990759372711182e-01 8.511947393417358398e-01 -2.486027628183364868e-01
2.740825712680816650e-01 -8.077128529548645020e-01 5.219947695732116699e-01 -1.429538875818252563e-01
0.000000000000000000e+00 0.000000000000000000e+00 0.000000000000000000e+00 1.000000000000000000e+00
9.452182650566101074e-01 3.222991526126861572e-01 5.182415992021560669e-02 -5.777900665998458862e-02
-1.877902001142501831e-01 4.070017933845520020e-01 8.939151167869567871e-01 -2.631903588771820068e-01
2.670156061649322510e-01 -8.546768426895141602e-01 4.452301561832427979e-01 -1.213922128081321716e-01
0.000000000000000000e+00 0.000000000000000000e+00 0.000000000000000000e+00 1.000000000000000000e+00
9.576115608215332031e-01 2.835677564144134521e-01 5.069230496883392334e-02 -6.073316186666488647e-02
-1.503984928131103516e-01 3.420818746089935303e-01 9.275558590888977051e-01 -2.761909067630767822e-01
2.456840425729751587e-01 -8.958621621131896973e-01 3.702296912670135498e-01 -9.826800972223281860e-02
0.000000000000000000e+00 0.000000000000000000e+00 0.000000000000000000e+00 1.000000000000000000e+00
9.624631404876708984e-01 2.605797946453094482e-01 7.591217756271362305e-02 -7.021399587392807007e-02
-1.446822285652160645e-01 2.559455335140228271e-01 9.558026790618896484e-01 -2.890582978725433350e-01
2.296335995197296143e-01 -9.309080243110656738e-01 2.840394377708435059e-01 -6.790695339441299438e-02
0.000000000000000000e+00 0.000000000000000000e+00 0.000000000000000000e+00 1.000000000000000000e+00
9.761312603950500488e-01 2.075545638799667358e-01 6.394060701131820679e-02 -7.000481337308883667e-02
-9.658689796924591064e-02 1.511806994676589966e-01 9.837761521339416504e-01 -3.020450770854949951e-01
1.945206224918365479e-01 -9.664707183837890625e-01 1.676192283630371094e-01 -2.703581564128398895e-02
0.000000000000000000e+00 0.000000000000000000e+00 0.000000000000000000e+00 1.000000000000000000e+00
9.933234453201293945e-01 1.124823093414306641e-01 2.562431432306766510e-02 -6.059369444847106934e-02
-4.034285992383956909e-02 1.305954605340957642e-01 9.906147122383117676e-01 -3.052809536457061768e-01
1.080801635980606079e-01 -9.850342273712158203e-01 1.342613995075225830e-01 -1.671202480792999268e-02
0.000000000000000000e+00 0.000000000000000000e+00 0.000000000000000000e+00 1.000000000000000000e+00
9.956719875335693359e-01 9.282160550355911255e-02 -4.657061770558357239e-03 -5.289271473884582520e-02
-1.835232786834239960e-02 2.454886734485626221e-01 9.692256450653076172e-01 -3.012617528438568115e-01
9.110833704471588135e-02 -9.649450182914733887e-01 2.461296021938323975e-01 -5.260988697409629822e-02
0.000000000000000000e+00 0.000000000000000000e+00 0.000000000000000000e+00 1.000000000000000000e+00
9.981844425201416016e-01 3.266134485602378845e-02 -5.060706287622451782e-02 -3.765233606100082397e-02
3.898828476667404175e-02 2.900589108467102051e-01 9.562140703201293945e-01 -3.082345724105834961e-01
4.591026157140731812e-02 -9.564510583877563477e-01 2.882587611675262451e-01 -6.377309560775756836e-02
0.000000000000000000e+00 0.000000000000000000e+00 0.000000000000000000e+00 1.000000000000000000e+00
9.889412522315979004e-01 -4.913631081581115723e-02 -1.399306803941726685e-01 -3.952807281166315079e-03
1.480651944875717163e-01 2.732555270195007324e-01 9.504778385162353516e-01 -3.186775147914886475e-01
-8.466145955026149750e-03 -9.606855511665344238e-01 2.775090336799621582e-01 -5.762093514204025269e-02
0.000000000000000000e+00 0.000000000000000000e+00 0.000000000000000000e+00 1.000000000000000000e+00
9.694091081619262695e-01 -6.329818814992904663e-02 -2.371481359004974365e-01 2.858809381723403931e-02
2.454428672790527344e-01 2.575840353965759277e-01 9.345631599426269531e-01 -3.232309520244598389e-01
1.929414109326899052e-03 -9.641803503036499023e-01 2.652403712272644043e-01 -5.269887670874595642e-02
0.000000000000000000e+00 0.000000000000000000e+00 0.000000000000000000e+00 1.000000000000000000e+00
9.730167388916015625e-01 -2.388542704284191132e-02 -2.294945418834686279e-01 2.445826306939125061e-02
2.264200598001480103e-01 2.902806997299194336e-01 9.297693967819213867e-01 -3.216336965560913086e-01
4.440989345312118530e-02 -9.566435217857360840e-01 2.878561317920684814e-01 -6.334158778190612793e-02
0.000000000000000000e+00 0.000000000000000000e+00 0.000000000000000000e+00 1.000000000000000000e+00
9.823828935623168945e-01 3.975167125463485718e-02 -1.826031208038330078e-01 5.746284965425729752e-03
1.594670265913009644e-01 3.311546444892883301e-01 9.300038218498229980e-01 -3.189415037631988525e-01
9.743903577327728271e-02 -9.427384734153747559e-01 3.189814090728759766e-01 -7.907638698816299438e-02
0.000000000000000000e+00 0.000000000000000000e+00 0.000000000000000000e+00 1.000000000000000000e+00
9.852676987648010254e-01 1.288387030363082886e-01 -1.124645620584487915e-01 -2.031128108501434326e-02
5.711370706558227539e-02 3.719725012779235840e-01 9.264849424362182617e-01 -3.120697736740112305e-01
1.612008661031723022e-01 -9.192587137222290039e-01 3.591340482234954834e-01 -1.000304073095321655e-01
0.000000000000000000e+00 0.000000000000000000e+00 0.000000000000000000e+00 1.000000000000000000e+00
9.764140248298645020e-01 2.153121978044509888e-01 -1.600449532270431519e-02 -5.326162278652191162e-02
-5.197087675333023071e-02 3.063340187072753906e-01 9.505042433738708496e-01 -3.134017586708068848e-01
2.095579504966735840e-01 -9.272541403770446777e-01 3.102988004684448242e-01 -8.862318098545074463e-02
0.000000000000000000e+00 0.000000000000000000e+00 0.000000000000000000e+00 1.000000000000000000e+00
9.155095815658569336e-01 3.912874758243560791e-01 9.346827119588851929e-02 -8.738660812377929688e-02
-2.304221838712692261e-01 3.195743262767791748e-01 9.191176891326904297e-01 -2.933826148509979248e-01
3.297693431377410889e-01 -8.629983067512512207e-01 3.827347755432128906e-01 -1.226395592093467712e-01
0.000000000000000000e+00 0.000000000000000000e+00 0.000000000000000000e+00 1.000000000000000000e+00
8.740742802619934082e-01 4.780561923980712891e-01 8.635126054286956787e-02 -8.377175033092498779e-02
-2.773690521717071533e-01 3.451844453811645508e-01 8.966125845909118652e-01 -2.826132774353027344e-01
3.988240957260131836e-01 -8.076570630073547363e-01 4.343148171901702881e-01 -1.472838521003723145e-01
0.000000000000000000e+00 0.000000000000000000e+00 0.000000000000000000e+00 1.000000000000000000e+00
8.276113271713256836e-01 5.569526553153991699e-01 6.973814964294433594e-02 -7.570096850395202637e-02
-3.492314815521240234e-01 4.136680066585540771e-01 8.407829403877258301e-01 -2.605601549148559570e-01
4.394278824329376221e-01 -7.201961874961853027e-01 5.368617773056030273e-01 -1.849377304315567017e-01
0.000000000000000000e+00 0.000000000000000000e+00 0.000000000000000000e+00 1.000000000000000000e+00
7.962691187858581543e-01 6.029714345932006836e-01 4.879387840628623962e-02 -6.710696965456008911e-02
-4.301894605159759521e-01 5.076931118965148926e-01 7.464480400085449219e-01 -2.241330146789550781e-01
4.253145456314086914e-01 -6.153640151023864746e-01 6.636523604393005371e-01 -2.266722917556762695e-01
0.000000000000000000e+00 0.000000000000000000e+00 0.000000000000000000e+00 1.000000000000000000e+00
7.758014202117919922e-01 6.305744647979736328e-01 2.253298833966255188e-02 -5.774498358368873596e-02
-5.034312009811401367e-01 5.970577597618103027e-01 6.245630979537963867e-01 -1.783378422260284424e-01
3.803800642490386963e-01 -4.958807229995727539e-01 7.806491255760192871e-01 -2.623186707496643066e-01
0.000000000000000000e+00 0.000000000000000000e+00 0.000000000000000000e+00 1.000000000000000000e+00
7.516927123069763184e-01 6.593200564384460449e-01 1.597103476524353027e-02 -5.415954068303108215e-02
-5.662095546722412109e-01 6.327413320541381836e-01 5.282468795776367188e-01 -1.423712968826293945e-01
3.381783366203308105e-01 -4.061223268508911133e-01 8.489404320716857910e-01 -2.825928628444671631e-01
0.000000000000000000e+00 0.000000000000000000e+00 0.000000000000000000e+00 1.000000000000000000e+00
6.495667099952697754e-01 7.602550387382507324e-01 8.679446764290332794e-03 -4.474319517612457275e-02
-6.770383715629577637e-01 5.731961131095886230e-01 4.615894854068756104e-01 -1.121612861752510071e-01
3.459508717060089111e-01 -3.057094216346740723e-01 8.870512247085571289e-01 -2.972924411296844482e-01
0.000000000000000000e+00 0.000000000000000000e+00 0.000000000000000000e+00 1.000000000000000000e+00
5.870300531387329102e-01 8.090417385101318359e-01 -2.910700067877769470e-02 -2.786169946193695068e-02
-7.362038493156433105e-01 5.484447479248046875e-01 3.964996039867401123e-01 -8.604311197996139526e-02
3.367483913898468018e-01 -2.113284021615982056e-01 9.175733327865600586e-01 -3.082741498947143555e-01
0.000000000000000000e+00 0.000000000000000000e+00 0.000000000000000000e+00 1.000000000000000000e+00
5.387803912162780762e-01 8.401752710342407227e-01 -6.181598082184791565e-02 -1.273713633418083191e-02
-7.815914154052734375e-01 5.258953571319580078e-01 3.354831337928771973e-01 -6.157802790403366089e-02
3.143733739852905273e-01 -1.324368268251419067e-01 9.400158524513244629e-01 -3.144242763519287109e-01
0.000000000000000000e+00 0.000000000000000000e+00 0.000000000000000000e+00 1.000000000000000000e+00
5.024167895317077637e-01 8.561656475067138672e-01 -1.206558346748352051e-01 1.030219253152608871e-02
-8.187303543090820312e-01 5.159534215927124023e-01 2.519373893737792969e-01 -3.072119690477848053e-02
2.779529392719268799e-01 -2.779293991625308990e-02 9.601925611495971680e-01 -3.196938335895538330e-01
0.000000000000000000e+00 0.000000000000000000e+00 0.000000000000000000e+00 1.000000000000000000e+00
4.386041164398193359e-01 8.825109601020812988e-01 -1.697074323892593384e-01 3.235644102096557617e-02
-8.574675321578979492e-01 4.674914777278900146e-01 2.149435728788375854e-01 -1.522215455770492554e-02
2.690268754959106445e-01 5.124352872371673584e-02 9.617684483528137207e-01 -3.197307884693145752e-01
0.000000000000000000e+00 0.000000000000000000e+00 0.000000000000000000e+00 1.000000000000000000e+00
3.517430424690246582e-01 8.948390483856201172e-01 -2.748450636863708496e-01 7.397143542766571045e-02
-8.941581845283508301e-01 4.080739915370941162e-01 1.842732280492782593e-01 -1.995012629777193069e-03
2.770520150661468506e-01 1.809381544589996338e-01 9.436649680137634277e-01 -3.140415549278259277e-01
0.000000000000000000e+00 0.000000000000000000e+00 0.000000000000000000e+00 1.000000000000000000e+00
2.872652411460876465e-01 8.837280869483947754e-01 -3.694632649421691895e-01 1.103002876043319702e-01
-9.148045778274536133e-01 3.674577176570892334e-01 1.676517874002456665e-01 4.890830256044864655e-03
2.839207351207733154e-01 2.898262143135070801e-01 9.139965772628784180e-01 -3.047823607921600342e-01
0.000000000000000000e+00 0.000000000000000000e+00 0.000000000000000000e+00 1.000000000000000000e+00
2.684446275234222412e-01 8.483765721321105957e-01 -4.562833011150360107e-01 1.396400779485702515e-01
-9.327942728996276855e-01 3.471840620040893555e-01 9.673645347356796265e-02 2.987556532025337219e-02
2.404831945896148682e-01 3.996501266956329346e-01 8.845607042312622070e-01 -2.915366590023040771e-01
0.000000000000000000e+00 0.000000000000000000e+00 0.000000000000000000e+00 1.000000000000000000e+00
1.749348193407058716e-01 7.717038989067077637e-01 -6.114498376846313477e-01 1.968569457530975342e-01
-9.615216851234436035e-01 2.675161063671112061e-01 6.253927201032638550e-02 4.175096005201339722e-02
2.118344902992248535e-01 5.769820213317871094e-01 7.888078689575195312e-01 -2.583022117614746094e-01
0.000000000000000000e+00 0.000000000000000000e+00 0.000000000000000000e+00 1.000000000000000000e+00
1.335428953170776367e-01 6.697794795036315918e-01 -7.304531931877136230e-01 2.386152595281600952e-01
-9.734050035476684570e-01 2.270838320255279541e-01 3.026177361607551575e-02 5.273449793457984924e-02
1.861428767442703247e-01 7.069854736328125000e-01 6.822920441627502441e-01 -2.222438752651214600e-01
0.000000000000000000e+00 0.000000000000000000e+00 0.000000000000000000e+00 1.000000000000000000e+00
1.110283732414245605e-01 5.696145892143249512e-01 -8.143781423568725586e-01 2.669903337955474854e-01
-9.836320281028747559e-01 1.800017803907394409e-01 -8.201858028769493103e-03 6.564992666244506836e-02
1.419175416231155396e-01 8.019591569900512695e-01 5.802764892578125000e-01 -1.867040395736694336e-01
0.000000000000000000e+00 0.000000000000000000e+00 0.000000000000000000e+00 1.000000000000000000e+00
7.815034687519073486e-02 5.058788061141967773e-01 -8.590571880340576172e-01 2.837780117988586426e-01
-9.908828735351562500e-01 1.342701166868209839e-01 -1.107425894588232040e-02 6.747742742300033569e-02
1.097434088587760925e-01 8.520904779434204102e-01 5.117598772048950195e-01 -1.625441163778305054e-01
0.000000000000000000e+00 0.000000000000000000e+00 0.000000000000000000e+00 1.000000000000000000e+00
1.576766222715377808e-01 5.088936090469360352e-01 -8.462656140327453613e-01 2.725251317024230957e-01
-9.872335791587829590e-01 1.007947102189064026e-01 -1.233299449086189270e-01 1.037085652351379395e-01
2.253731153905391693e-02 8.549080491065979004e-01 5.182896852493286133e-01 -1.576813012361526489e-01
0.000000000000000000e+00 0.000000000000000000e+00 0.000000000000000000e+00 1.000000000000000000e+00
2.652269899845123291e-01 5.698410272598266602e-01 -7.777761220932006836e-01 2.428257763385772705e-01
-9.593951106071472168e-01 7.565804570913314819e-02 -2.717289924621582031e-01 1.493315994739532471e-01
-9.599732607603073120e-02 8.182645440101623535e-01 5.667693614959716797e-01 -1.633528918027877808e-01
0.000000000000000000e+00 0.000000000000000000e+00 0.000000000000000000e+00 1.000000000000000000e+00
