1.000000000000000000e+00 0.000000000000000000e+00 0.000000000000000000e+00 -4.255350477121360719e-01
0.000000000000000000e+00 -1.000000000000000000e+00 0.000000000000000000e+00 3.076616963927396031e-01
0.000000000000000000e+00 0.000000000000000000e+00 -1.000000000000000000e+00 -5.117628744684824760e+00
0.000000000000000000e+00 0.000000000000000000e+00 0.000000000000000000e+00 1.000000000000000000e+00
9.919723272323608398e-01 -5.218365043401718140e-02 1.151845529675483704e-01 2.222296057663759594e-01
-5.453646183013916016e-02 -9.983603954315185547e-01 1.736822351813316345e-02 3.547559338096817894e-01
1.140893697738647461e-01 -2.351060509681701660e-02 -9.931918978691101074e-01 -5.078032176149946508e+00
0.000000000000000000e+00 0.000000000000000000e+00 0.000000000000000000e+00 1.000000000000000000e+00
9.649373888969421387e-01 -6.507723033428192139e-02 2.542842626571655273e-01 9.760672105007223154e-01
-7.219747453927993774e-02 -9.972139000892639160e-01 1.875891909003257751e-02 3.745548133053898110e-01
2.523550391197204590e-01 -3.645991906523704529e-02 -9.669474959373474121e-01 -4.926378727368264876e+00
0.000000000000000000e+00 0.000000000000000000e+00 0.000000000000000000e+00 1.000000000000000000e+00
9.976679682731628418e-01 -5.118643492460250854e-02 4.515337198972702026e-02 -1.405453855776926941e-01
-5.080743879079818726e-02 -9.986630082130432129e-01 -9.502022527158260345e-03 2.329123847707844919e-01
4.557939246296882629e-02 7.185785565525293350e-03 -9.989351034164428711e-01 -4.954153665665907091e+00
0.000000000000000000e+00 0.000000000000000000e+00 0.000000000000000000e+00 1.000000000000000000e+00
9.901073575019836426e-01 -4.982580617070198059e-02 1.311685293912887573e-01 3.356700445216516115e-01
-4.614984244108200073e-02 -9.984560608863830566e-01 -3.091884404420852661e-02 1.604601954446110701e-01
1.325065642595291138e-01 2.455954439938068390e-02 -9.908777475357055664e-01 -4.910624225549637067e+00
0.000000000000000000e+00 0.000000000000000000e+00 0.000000000000000000e+00 1.000000000000000000e+00
-3.208072185516357422e-01 -8.162187784910202026e-02 9.436210393905639648e-01 5.105854687895084787e+00
-3.874673694372177124e-02 -9.943144917488098145e-01 -9.917975962162017822e-02 -1.436733625788166047e-01
9.463516473770141602e-01 -6.837982684373855591e-02 3.158208429813385010e-01 1.667277102573209602e+00
0.000000000000000000e+00 0.000000000000000000e+00 0.000000000000000000e+00 1.000000000000000000e+00
-3.706898391246795654e-01 -9.596906602382659912e-02 9.237856268882751465e-01 4.942575637386026344e+00
-2.365485578775405884e-02 -9.933487772941589355e-01 -1.126878261566162109e-01 -1.513580695437621304e-01
9.284550547599792480e-01 -6.362425535917282104e-02 3.659543395042419434e-01 1.994994113030682970e+00
0.000000000000000000e+00 0.000000000000000000e+00 0.000000000000000000e+00 1.000000000000000000e+00
-3.571363389492034912e-01 -9.479264914989471436e-02 9.292295575141906738e-01 4.873395430254041649e+00
-2.063696272671222687e-02 -9.937930703163146973e-01 -1.093104854226112366e-01 -8.105980671266249660e-02
9.338238835334777832e-01 -5.821525305509567261e-02 3.529635667800903320e-01 1.995909772517522107e+00
0.000000000000000000e+00 0.000000000000000000e+00 0.000000000000000000e+00 1.000000000000000000e+00
-3.437128961086273193e-01 -7.697672396898269653e-02 9.359143376350402832e-01 4.795904249214209436e+00
-3.740709275007247925e-02 -9.947215914726257324e-01 -9.555114060640335083e-02 1.631290839833885245e-02
9.383289217948913574e-01 -6.785201281309127808e-02 3.390191495418548584e-01 2.016220548324398898e+00
0.000000000000000000e+00 0.000000000000000000e+00 0.000000000000000000e+00 1.000000000000000000e+00
-3.086343407630920410e-01 -8.036784082651138306e-02 9.477791190147399902e-01 4.772926453944258185e+00
-5.337844043970108032e-02 -9.933905601501464844e-01 -1.016176939010620117e-01 6.717980224961160943e-03
9.496815800666809082e-01 -8.195369690656661987e-02 3.023044168949127197e-01 1.930950527449028842e+00
0.000000000000000000e+00 0.000000000000000000e+00 0.000000000000000000e+00 1.000000000000000000e+00
-2.829189896583557129e-01 -5.888453871011734009e-02 9.573344588279724121e-01 4.733162031037577933e+00
-7.718107849359512329e-02 -9.934789538383483887e-01 -8.391691744327545166e-02 1.286199100740014756e-01
9.560336470603942871e-01 -9.762991964817047119e-02 2.765293717384338379e-01 1.903128764527573624e+00
0.000000000000000000e+00 0.000000000000000000e+00 0.000000000000000000e+00 1.000000000000000000e+00
-2.817936837673187256e-01 -4.445730894804000854e-02 9.584445953369140625e-01 4.671072183043551540e+00
-1.025764346122741699e-01 -9.918051362037658691e-01 -7.616343349218368530e-02 2.155221336665469056e-01
9.539763331413269043e-01 -1.197761967778205872e-01 2.749240994453430176e-01 1.988746597121346715e+00
0.000000000000000000e+00 0.000000000000000000e+00 0.000000000000000000e+00 1.000000000000000000e+00
-2.754643559455871582e-01 -5.729862302541732788e-02 9.596021175384521484e-01 4.661367184530172736e+00
-1.043695434927940369e-01 -9.905387759208679199e-01 -8.910633623600006104e-02 2.013751945948839828e-01
9.556285142898559570e-01 -1.246988400816917419e-01 2.668780684471130371e-01 2.025486069965980018e+00
0.000000000000000000e+00 0.000000000000000000e+00 0.000000000000000000e+00 1.000000000000000000e+00
-2.700151503086090088e-01 -4.981614649295806885e-02 9.615665674209594727e-01 4.652737565089093863e+00
-1.342499554157257080e-01 -9.869577884674072266e-01 -8.882992714643478394e-02 2.497593784744406575e-01
9.534514546394348145e-01 -1.530757546424865723e-01 2.598056197166442871e-01 2.074659067708176430e+00
0.000000000000000000e+00 0.000000000000000000e+00 0.000000000000000000e+00 1.000000000000000000e+00
-2.503466308116912842e-01 -4.902980104088783264e-02 9.669139981269836426e-01 4.676598679109946310e+00
-1.466624140739440918e-01 -9.852702617645263672e-01 -8.793341368436813354e-02 2.840979484945088673e-01
9.569832086563110352e-01 -1.638237982988357544e-01 2.394682168960571289e-01 2.057706172975029446e+00
0.000000000000000000e+00 0.000000000000000000e+00 0.000000000000000000e+00 1.000000000000000000e+00
-2.293840348720550537e-01 -5.620797351002693176e-02 9.717115163803100586e-01 4.697207069051223982e+00
-1.745649278163909912e-01 -9.797686338424682617e-01 -9.788208454847335815e-02 2.635967740451491403e-01
9.575542807579040527e-01 -1.920792907476425171e-01 2.149313390254974365e-01 2.057246259932668853e+00
0.000000000000000000e+00 0.000000000000000000e+00 0.000000000000000000e+00 1.000000000000000000e+00
-2.310953587293624878e-01 -5.261888727545738220e-02 9.715073108673095703e-01 4.678520075961636771e+00
-1.914135217666625977e-01 -9.765619039535522461e-01 -9.842473268508911133e-02 3.003489450928500948e-01
9.539163112640380859e-01 -2.087051421403884888e-01 2.156069278717041016e-01 2.185117561643825645e+00
0.000000000000000000e+00 0.000000000000000000e+00 0.000000000000000000e+00 1.000000000000000000e+00
-1.948038488626480103e-01 -4.351470619440078735e-02 9.798763990402221680e-01 4.716301991914363612e+00
-2.161285132169723511e-01 -9.725561141967773438e-01 -8.615691959857940674e-02 3.783011304268681929e-01
9.567341208457946777e-01 -2.285629361867904663e-01 1.800529509782791138e-01 2.131159920667582863e+00
0.000000000000000000e+00 0.000000000000000000e+00 0.000000000000000000e+00 1.000000000000000000e+00
-1.176463365554809570e-01 -6.916806846857070923e-02 9.906437993049621582e-01 4.847017294293851641e+00
-2.325440645217895508e-01 -9.679158926010131836e-01 -9.519746899604797363e-02 3.295258691741202450e-01
9.654447436332702637e-01 -2.415679991245269775e-01 9.778690338134765625e-02 1.982015359038898028e+00
0.000000000000000000e+00 0.000000000000000000e+00 0.000000000000000000e+00 1.000000000000000000e+00
-7.844255864620208740e-02 -1.210954263806343079e-01 9.895358681678771973e-01 5.043335085090984826e+00
-2.415267825126647949e-01 -9.607145786285400391e-01 -1.367147564888000488e-01 1.303390781213662475e-01
9.672181606292724609e-01 -2.497239112854003906e-01 4.611314460635185242e-02 2.074414032070853064e+00
0.000000000000000000e+00 0.000000000000000000e+00 0.000000000000000000e+00 1.000000000000000000e+00
-8.266111463308334351e-02 -1.271338313817977905e-01 9.884347319602966309e-01 5.136222440531625466e+00
-2.704629004001617432e-01 -9.517431259155273438e-01 -1.450329124927520752e-01 1.171099562390167520e-01
9.591746926307678223e-01 -2.793236672878265381e-01 4.428708553314208984e-02 2.123995554814869902e+00
0.000000000000000000e+00 0.000000000000000000e+00 0.000000000000000000e+00 1.000000000000000000e+00
-1.128975600004196167e-01 -1.672669947147369385e-01 9.794263243675231934e-01 5.007232903312814010e+00
-2.018076330423355103e-01 -9.613224267959594727e-01 -1.874374002218246460e-01 -1.368408116847823763e-01
9.728962779045104980e-01 -2.188169956207275391e-01 7.477516680955886841e-02 2.115636565826673365e+00
0.000000000000000000e+00 0.000000000000000000e+00 0.000000000000000000e+00 1.000000000000000000e+00
-1.010667011141777039e-01 -1.878549754619598389e-01 9.769831299781799316e-01 4.971351352812946267e+00
-1.680159866809844971e-01 -9.646831154823303223e-01 -2.028709053993225098e-01 -2.432363270599511296e-01
9.805895686149597168e-01 -1.846522837877273560e-01 6.593489646911621094e-02 1.990377522577861713e+00
0.000000000000000000e+00 0.000000000000000000e+00 0.000000000000000000e+00 1.000000000000000000e+00
-6.388998031616210938e-02 -2.602427303791046143e-01 9.634277820587158203e-01 4.757198538988303582e+00
-6.743340194225311279e-02 -9.620668292045593262e-01 -2.643470466136932373e-01 -6.493301934200543801e-01
9.956759214401245117e-01 -8.185652643442153931e-02 4.391786828637123108e-02 1.629104121647880321e+00
0.000000000000000000e+00 0.000000000000000000e+00 0.000000000000000000e+00 1.000000000000000000e+00
-9.934695065021514893e-02 -3.116344809532165527e-01 9.449943900108337402e-01 4.444701713773497431e+00
-3.222614526748657227e-02 -9.481864571571350098e-01 -3.160750865936279297e-01 -1.039953506646926318e+00
9.945311546325683594e-01 -6.185461580753326416e-02 8.415666967630386353e-02 1.669597897593265046e+00
0.000000000000000000e+00 0.000000000000000000e+00 0.000000000000000000e+00 1.000000000000000000e+00
-7.023045420646667480e-02 -3.929295241832733154e-01 9.168825745582580566e-01 4.218209024298915644e+00
5.885998718440532684e-03 -9.192996025085449219e-01 -3.935143053531646729e-01 -1.425763208864003539e+00
9.975132346153259277e-01 -2.223999239504337311e-02 6.687557697296142578e-02 1.511384438061126545e+00
0.000000000000000000e+00 0.000000000000000000e+00 0.000000000000000000e+00 1.000000000000000000e+00
4.225768521428108215e-02 -4.387634098529815674e-01 8.976082801818847656e-01 4.118457496462460732e+00
5.326107516884803772e-02 -8.961442708969116211e-01 -4.405550360679626465e-01 -1.663404523813229563e+00
9.976860880851745605e-01 6.642438471317291260e-02 -1.449995767325162888e-02 1.067398017693832912e+00
0.000000000000000000e+00 0.000000000000000000e+00 0.000000000000000000e+00 1.000000000000000000e+00
3.082014918327331543e-01 -4.581520259380340576e-01 8.337314724922180176e-01 3.891074345497752773e+00
1.193409264087677002e-01 -8.508501052856445312e-01 -5.116751194000244141e-01 -2.027135225446244693e+00
9.438060522079467773e-01 2.571974396705627441e-01 -2.075570672750473022e-01 1.004239514038214737e-01
0.000000000000000000e+00 0.000000000000000000e+00 0.000000000000000000e+00 1.000000000000000000e+00
3.749648928642272949e-01 -4.851367771625518799e-01 7.899645566940307617e-01 3.670639889343028539e+00
1.361732482910156250e-01 -8.140701651573181152e-01 -5.645766258239746094e-01 -2.293508407339922783e+00
9.169832468032836914e-01 3.192683458328247070e-01 -2.391850799322128296e-01 -8.324219123655747510e-02
0.000000000000000000e+00 0.000000000000000000e+00 0.000000000000000000e+00 1.000000000000000000e+00
4.100033044815063477e-01 -5.238977670669555664e-01 7.466111779212951660e-01 3.417946045113514408e+00
1.591006368398666382e-01 -7.649466991424560547e-01 -6.241343021392822266e-01 -2.555139802434908347e+00
8.981003165245056152e-01 3.746834099292755127e-01 -2.302781343460083008e-01 -8.914224574412840663e-02
0.000000000000000000e+00 0.000000000000000000e+00 0.000000000000000000e+00 1.000000000000000000e+00
4.223971962928771973e-01 -5.434980988502502441e-01 7.253897190093994141e-01 3.239863270740526602e+00
1.585640162229537964e-01 -7.436403036117553711e-01 -6.495046615600585938e-01 -2.667361560912169249e+00
8.924336433410644531e-01 3.893696665763854980e-01 -2.279323041439056396e-01 -1.105930014913543563e-01
0.000000000000000000e+00 0.000000000000000000e+00 0.000000000000000000e+00 1.000000000000000000e+00
4.344053864479064941e-01 -5.563386082649230957e-01 7.083637714385986328e-01 3.086140411677646522e+00
1.722846925258636475e-01 -7.206015586853027344e-01 -6.716034412384033203e-01 -2.757294203226481777e+00
8.840871453285217285e-01 4.137885272502899170e-01 -2.171845436096191406e-01 -1.098150753457981244e-01
0.000000000000000000e+00 0.000000000000000000e+00 0.000000000000000000e+00 1.000000000000000000e+00
4.388569593429565430e-01 -5.887728333473205566e-01 6.787863373756408691e-01 2.883959225613976773e+00
1.716875582933425903e-01 -6.865572929382324219e-01 -7.065144181251525879e-01 -2.892946527276829105e+00
8.820021748542785645e-01 4.265979528427124023e-01 -2.002152949571609497e-01 -9.064002607726596994e-02
0.000000000000000000e+00 0.000000000000000000e+00 0.000000000000000000e+00 1.000000000000000000e+00
4.271231889724731445e-01 -6.432217359542846680e-01 6.354771852493286133e-01 2.575157974310733788e+00
1.462786346673965454e-01 -6.443976759910583496e-01 -7.505689859390258789e-01 -3.032642832185411308e+00
8.922825455665588379e-01 4.135423898696899414e-01 -1.811477094888687134e-01 -1.231573154003976905e-01
0.000000000000000000e+00 0.000000000000000000e+00 0.000000000000000000e+00 1.000000000000000000e+00
3.535970747470855713e-01 -6.951152086257934570e-01 6.259261369705200195e-01 2.469887093147108637e+00
1.354809701442718506e-01 -6.240409612655639648e-01 -7.695566415786743164e-01 -3.081778132137250381e+00
9.255342483520507812e-01 3.569141626358032227e-01 -1.264842301607131958e-01 2.031922844069014231e-02
0.000000000000000000e+00 0.000000000000000000e+00 0.000000000000000000e+00 1.000000000000000000e+00
3.199870586395263672e-01 -7.623667120933532715e-01 5.624992251396179199e-01 2.152930619333021767e+00
1.180343776941299438e-01 -5.570113062858581543e-01 -8.220744729042053223e-01 -3.240637414341038358e+00
9.400404095649719238e-01 3.294474482536315918e-01 -8.825096487998962402e-02 2.747208034657848408e-02
0.000000000000000000e+00 0.000000000000000000e+00 0.000000000000000000e+00 1.000000000000000000e+00
3.725152611732482910e-01 -7.756970524787902832e-01 5.094379186630249023e-01 1.909465789411268544e+00
1.014566570520401001e-01 -5.116165280342102051e-01 -8.532027006149291992e-01 -3.294169665514511181e+00
9.224639534950256348e-01 3.695168793201446533e-01 -1.118853986263275146e-01 -1.729035675678053108e-01
0.000000000000000000e+00 0.000000000000000000e+00 0.000000000000000000e+00 1.000000000000000000e+00
4.974863231182098389e-01 -7.559707164764404297e-01 4.254592061042785645e-01 1.526554650453829654e+00
2.515745162963867188e-02 -4.776793420314788818e-01 -8.781738281250000000e-01 -3.288007465657035944e+00
8.671069741249084473e-01 4.475829601287841797e-01 -2.186206728219985962e-01 -6.372575708398794392e-01
0.000000000000000000e+00 0.000000000000000000e+00 0.000000000000000000e+00 1.000000000000000000e+00
5.964159369468688965e-01 -7.269617915153503418e-01 3.403147161006927490e-01 1.246723853426116024e+00
-3.644182160496711731e-02 -4.480617642402648926e-01 -8.932595849037170410e-01 -3.233546658384233830e+00
8.018476963043212891e-01 5.203527808189392090e-01 -2.937230467796325684e-01 -9.149035825069585792e-01
0.000000000000000000e+00 0.000000000000000000e+00 0.000000000000000000e+00 1.000000000000000000e+00
5.930526256561279297e-01 -7.720868587493896484e-01 2.284076809883117676e-01 9.137264737913964874e-01
-1.148549392819404602e-01 -3.619001507759094238e-01 -9.251143336296081543e-01 -3.383426326924888095e+00
7.969296574592590332e-01 5.224078297615051270e-01 -3.033037781715393066e-01 -8.936113744895400890e-01
0.000000000000000000e+00 0.000000000000000000e+00 0.000000000000000000e+00 1.000000000000000000e+00
5.753974914550781250e-01 -8.116459250450134277e-01 1.007394492626190186e-01 4.523823538658154342e-01
-1.868897229433059692e-01 -2.503944635391235352e-01 -9.499339461326599121e-01 -3.598786660497505618e+00
7.962350845336914062e-01 5.277628302574157715e-01 -2.957647442817687988e-01 -8.077175047861105961e-01
0.000000000000000000e+00 0.000000000000000000e+00 0.000000000000000000e+00 1.000000000000000000e+00
5.841532945632934570e-01 -8.115699291229248047e-01 -1.094117946922779083e-02 -2.009564723416849136e-02
-2.120197713375091553e-01 -1.395680904388427734e-01 -9.672474265098571777e-01 -3.780620166601632359e+00
7.834620475769042969e-01 5.673401951789855957e-01 -2.535979747772216797e-01 -6.452906723509076459e-01
0.000000000000000000e+00 0.000000000000000000e+00 0.000000000000000000e+00 1.000000000000000000e+00
5.983092188835144043e-01 -7.909120917320251465e-01 -1.283937990665435791e-01 -5.752945793472040714e-01
-2.469967752695083618e-01 -2.961499243974685669e-02 -9.685634374618530273e-01 -3.868179038579965479e+00
7.622460126876831055e-01 6.112132668495178223e-01 -2.130716592073440552e-01 -5.112471511064179408e-01
0.000000000000000000e+00 0.000000000000000000e+00 0.000000000000000000e+00 1.000000000000000000e+00
6.099613904953002930e-01 -7.575818300247192383e-01 -2.324166595935821533e-01 -1.122952502519853901e+00
-2.393894493579864502e-01 1.034296900033950806e-01 -9.653984904289245605e-01 -3.949050322548895764e+00
7.554072141647338867e-01 6.444939970970153809e-01 -1.182690337300300598e-01 -1.747907759958059748e-01
0.000000000000000000e+00 0.000000000000000000e+00 0.000000000000000000e+00 1.000000000000000000e+00
5.839281082153320312e-01 -8.062904477119445801e-01 -9.446647018194198608e-02 -4.248064883111234979e-01
-3.082177042961120605e-01 -1.125407665967941284e-01 -9.446355104446411133e-01 -3.628564740329086824e+00
7.510192990303039551e-01 5.807151794433593750e-01 -3.142285943031311035e-01 -1.090961092695351020e+00
0.000000000000000000e+00 0.000000000000000000e+00 0.000000000000000000e+00 1.000000000000000000e+00
5.632715821266174316e-01 -8.262583613395690918e-01 -4.745962098240852356e-03 -1.146483733655255174e-02
-3.829085528850555420e-01 -2.559354603290557861e-01 -8.876250386238098145e-01 -3.264268373431287618e+00
7.321927547454833984e-01 5.017912387847900391e-01 -4.605425000190734863e-01 -1.636377386207695794e+00
0.000000000000000000e+00 0.000000000000000000e+00 0.000000000000000000e+00 1.000000000000000000e+00
5.449585318565368652e-01 -8.299073576927185059e-01 1.194733828306198120e-01 4.978061575499008740e-01
-4.483852684497833252e-01 -4.088585674762725830e-01 -7.948489785194396973e-01 -2.722581482637115968e+00
7.084988951683044434e-01 3.795897066593170166e-01 -5.949293375015258789e-01 -2.091226325661763585e+00
0.000000000000000000e+00 0.000000000000000000e+00 0.000000000000000000e+00 1.000000000000000000e+00
5.616596341133117676e-01 -8.039854168891906738e-01 1.953098624944686890e-01 7.823810230846707237e-01
-5.111941099166870117e-01 -5.228300690650939941e-01 -6.821505427360534668e-01 -2.152601804951444819e+00
6.505529880523681641e-01 2.832951247692108154e-01 -7.046450376510620117e-01 -2.407780623575564327e+00
0.000000000000000000e+00 0.000000000000000000e+00 0.000000000000000000e+00 1.000000000000000000e+00
5.662978291511535645e-01 -7.913024425506591797e-01 2.305367141962051392e-01 8.944092331698599851e-01
-5.708684325218200684e-01 -5.783320665359497070e-01 -5.827876925468444824e-01 -1.709031349939331923e+00
5.944881439208984375e-01 1.984252035617828369e-01 -7.792376875877380371e-01 -2.611308215983261682e+00
0.000000000000000000e+00 0.000000000000000000e+00 0.000000000000000000e+00 1.000000000000000000e+00
5.789611339569091797e-01 -7.887695431709289551e-01 2.065106481313705444e-01 7.460659479956927020e-01
-6.576762795448303223e-01 -6.014775633811950684e-01 -4.535266458988189697e-01 -1.233452395567728344e+00
4.819395542144775391e-01 1.267570406198501587e-01 -8.669872879981994629e-01 -2.858832899517083970e+00
0.000000000000000000e+00 0.000000000000000000e+00 0.000000000000000000e+00 1.000000000000000000e+00
5.678225755691528320e-01 -7.903288006782531738e-01 2.301254868507385254e-01 7.726466599766975696e-01
-7.106806635856628418e-01 -6.117542982101440430e-01 -3.474042415618896484e-01 -8.251043749524974436e-01
4.153439104557037354e-01 3.371820598840713501e-02 -9.090394973754882812e-01 -2.950128812976373638e+00
0.000000000000000000e+00 0.000000000000000000e+00 0.000000000000000000e+00 1.000000000000000000e+00
5.619165897369384766e-01 -7.804556488990783691e-01 2.741133868694305420e-01 8.633287938861418098e-01
-7.536711692810058594e-01 -6.196209192276000977e-01 -2.192019820213317871e-01 -3.296793940460611694e-01
3.409238755702972412e-01 -8.341827988624572754e-02 -9.363826513290405273e-01 -2.980619579455133117e+00
0.000000000000000000e+00 0.000000000000000000e+00 0.000000000000000000e+00 1.000000000000000000e+00
5.560711622238159180e-01 -7.806113362312316895e-01 2.853608429431915283e-01 8.777467106271764630e-01
-7.791366577148437500e-01 -6.091287136077880859e-01 -1.480134129524230957e-01 -7.226020619878018025e-02
2.893624007701873779e-01 -1.400291472673416138e-01 -9.469219446182250977e-01 -2.988748016693880682e+00
0.000000000000000000e+00 0.000000000000000000e+00 0.000000000000000000e+00 1.000000000000000000e+00
5.393945574760437012e-01 -7.942644953727722168e-01 2.796377539634704590e-01 8.185564179399034135e-01
-8.250384330749511719e-01 -5.649234056472778320e-01 -1.315029896795749664e-02 4.009781370116524690e-01
1.684187501668930054e-01 -2.236187607049942017e-01 -9.600154161453247070e-01 -3.000065290178019151e+00
0.000000000000000000e+00 0.000000000000000000e+00 0.000000000000000000e+00 1.000000000000000000e+00
5.330379009246826172e-01 -7.993922829627990723e-01 2.772043943405151367e-01 7.692306449420480696e-01
-8.448467254638671875e-01 -5.206406116485595703e-01 1.231554001569747925e-01 8.785203774243629526e-01
4.587436094880104065e-02 -2.998418211936950684e-01 -9.528854489326477051e-01 -2.947716551212345770e+00
0.000000000000000000e+00 0.000000000000000000e+00 0.000000000000000000e+00 1.000000000000000000e+00
5.432965755462646484e-01 -7.855952978134155273e-01 2.960887849330902100e-01 7.906183870966091431e-01
-8.381803631782531738e-01 -4.874934554100036621e-01 2.445481121540069580e-01 1.290813372595784658e+00
-4.777453094720840454e-02 -3.810379803180694580e-01 -9.233242869377136230e-01 -2.801842570511300146e+00
0.000000000000000000e+00 0.000000000000000000e+00 0.000000000000000000e+00 1.000000000000000000e+00
5.018211007118225098e-01 -8.066906929016113281e-01 3.121306002140045166e-01 8.324446807264165304e-01
-8.445340394973754883e-01 -3.789717555046081543e-01 3.783418536186218262e-01 1.748404231070084691e+00
-1.869162023067474365e-01 -4.534648656845092773e-01 -8.714539408683776855e-01 -2.540155620777893031e+00
0.000000000000000000e+00 0.000000000000000000e+00 0.000000000000000000e+00 1.000000000000000000e+00
4.933365285396575928e-01 -8.053923249244689941e-01 3.285759985446929932e-01 8.851939091122813519e-01
-8.230573534965515137e-01 -3.100082576274871826e-01 4.758899211883544922e-01 2.078293824708682180e+00
-2.814169526100158691e-01 -5.052106976509094238e-01 -8.158226013183593750e-01 -2.300642709742133363e+00
0.000000000000000000e+00 0.000000000000000000e+00 0.000000000000000000e+00 1.000000000000000000e+00
4.747320711612701416e-01 -8.133931756019592285e-01 3.361858427524566650e-01 9.565149539177207894e-01
-8.039587140083312988e-01 -2.453234791755676270e-01 5.417257547378540039e-01 2.298179480399571428e+00
-3.581617474555969238e-01 -5.274540185928344727e-01 -7.703974843025207520e-01 -2.094267346887068282e+00
0.000000000000000000e+00 0.000000000000000000e+00 0.000000000000000000e+00 1.000000000000000000e+00
4.276500642299652100e-01 -8.441612124443054199e-01 3.232757747173309326e-01 9.973692397845760338e-01
-7.865479588508605957e-01 -1.712529957294464111e-01 5.933081507682800293e-01 2.447454595428546931e+00
-4.454858303070068359e-01 -5.080001950263977051e-01 -7.372097969055175781e-01 -1.892884361931861381e+00
0.000000000000000000e+00 0.000000000000000000e+00 0.000000000000000000e+00 1.000000000000000000e+00
4.088774025440216064e-01 -8.491626977920532227e-01 3.342782557010650635e-01 1.115170668053578673e+00
-7.766978740692138672e-01 -1.314949244260787964e-01 6.159946322441101074e-01 2.480406233979953079e+00
-4.791238009929656982e-01 -5.114994645118713379e-01 -7.133082151412963867e-01 -1.723589339310029667e+00
0.000000000000000000e+00 0.000000000000000000e+00 0.000000000000000000e+00 1.000000000000000000e+00
2.841744124889373779e-01 -9.259628653526306152e-01 2.486718595027923584e-01 9.752578984645756677e-01
-7.677822709083557129e-01 -6.443575769662857056e-02 6.374624967575073242e-01 2.473070640795248298e+00
-5.742431879043579102e-01 -3.720764219760894775e-01 -7.292488813400268555e-01 -1.691897501389541203e+00
0.000000000000000000e+00 0.000000000000000000e+00 0.000000000000000000e+00 1.000000000000000000e+00
1.104243546724319458e-01 -9.691643118858337402e-01 2.202887237071990967e-01 1.035766720971954769e+00
-7.832994461059570312e-01 5.156404152512550354e-02 6.195023059844970703e-01 2.244913494671676002e+00
-6.117584705352783203e-01 -2.409602254629135132e-01 -7.534519433975219727e-01 -1.738023624828456404e+00
0.000000000000000000e+00 0.000000000000000000e+00 0.000000000000000000e+00 1.000000000000000000e+00
-6.652261316776275635e-02 -9.787696003913879395e-01 1.938676387071609497e-01 9.807896523806787226e-01
-7.897070646286010742e-01 1.704055219888687134e-01 5.893424153327941895e-01 2.021878883029405660e+00
-6.098666787147521973e-01 -1.138940677046775818e-01 -7.842773795127868652e-01 -1.852439593113941241e+00
0.000000000000000000e+00 0.000000000000000000e+00 0.000000000000000000e+00 1.000000000000000000e+00
-1.875481009483337402e-01 -9.581466913223266602e-01 2.162884175777435303e-01 1.034666838335921657e+00
-7.488975524902343750e-01 2.819652259349822998e-01 5.997070074081420898e-01 2.081555477212289507e+00
-6.355930566787719727e-01 -4.950399696826934814e-02 -7.704354524612426758e-01 -1.780060034037150629e+00
0.000000000000000000e+00 0.000000000000000000e+00 0.000000000000000000e+00 1.000000000000000000e+00
-2.261490970849990845e-01 -9.549793004989624023e-01 1.920184195041656494e-01 1.040600172924042610e+00
-7.055069208145141602e-01 2.965003252029418945e-01 6.436982154846191406e-01 2.275243152699013116e+00
-6.716520190238952637e-01 1.010149437934160233e-02 -7.407979369163513184e-01 -1.639242517479569949e+00
0.000000000000000000e+00 0.000000000000000000e+00 0.000000000000000000e+00 1.000000000000000000e+00
-3.295040428638458252e-01 -9.323863387107849121e-01 1.486015319824218750e-01 1.061877500234740923e+00
-6.938769221305847168e-01 3.458762466907501221e-01 6.315886378288269043e-01 2.201470957882650570e+00
-6.402825117111206055e-01 1.049999520182609558e-01 -7.609292268753051758e-01 -1.604077919429472976e+00
0.000000000000000000e+00 0.000000000000000000e+00 0.000000000000000000e+00 1.000000000000000000e+00
2.434496581554412842e-01 -9.112603068351745605e-01 3.321695923805236816e-01 9.890801901179633315e-01
-7.328347563743591309e-01 5.152527242898941040e-02 6.784526705741882324e-01 2.457154038478083891e+00
-6.353623270988464355e-01 -4.085944294929504395e-01 -6.552596688270568848e-01 -1.355900766508333133e+00
0.000000000000000000e+00 0.000000000000000000e+00 0.000000000000000000e+00 1.000000000000000000e+00
5.504611730575561523e-01 -7.608608603477478027e-01 3.436320424079895020e-01 8.222374087588808500e-01
-7.636230587959289551e-01 -2.924931645393371582e-01 5.756105184555053711e-01 2.327631970368118974e+00
-3.374495804309844971e-01 -5.792567729949951172e-01 -7.420171499252319336e-01 -2.131003248362088875e+00
0.000000000000000000e+00 0.000000000000000000e+00 0.000000000000000000e+00 1.000000000000000000e+00
6.029757857322692871e-01 -7.184621095657348633e-01 3.467453420162200928e-01 8.127769498592676278e-01
-7.675888538360595703e-01 -4.040995240211486816e-01 4.975044429302215576e-01 2.090847188897697606e+00
-2.173183709383010864e-01 -5.661411285400390625e-01 -7.951458096504211426e-01 -2.511363635778292025e+00
0.000000000000000000e+00 0.000000000000000000e+00 0.000000000000000000e+00 1.000000000000000000e+00
6.128740310668945312e-01 -7.172909975051879883e-01 3.314799666404724121e-01 7.590189087624963360e-01
-7.687222957611083984e-01 -4.441335797309875488e-01 4.602297544479370117e-01 1.982045413643544585e+00
-1.828973442316055298e-01 -5.368787646293640137e-01 -8.235955238342285156e-01 -2.706277283089322694e+00
0.000000000000000000e+00 0.000000000000000000e+00 0.000000000000000000e+00 1.000000000000000000e+00
6.360338926315307617e-01 -7.231891751289367676e-01 2.691806554794311523e-01 5.162077882869541279e-01
-7.574961185455322266e-01 -5.186086893081665039e-01 3.965406119823455811e-01 1.753000186942921035e+00
-1.471745669841766357e-01 -4.561165571212768555e-01 -8.776658773422241211e-01 -2.983546912081096902e+00
0.000000000000000000e+00 0.000000000000000000e+00 0.000000000000000000e+00 1.000000000000000000e+00
6.525410413742065430e-01 -7.326535582542419434e-01 1.934138685464859009e-01 2.237437672774944819e-01
-7.410191297531127930e-01 -5.636458992958068848e-01 3.649572432041168213e-01 1.649508046255896643e+00
-1.583703756332397461e-01 -3.814727365970611572e-01 -9.107125401496887207e-01 -3.163182637007386777e+00
0.000000000000000000e+00 0.000000000000000000e+00 0.000000000000000000e+00 1.000000000000000000e+00
6.612640023231506348e-01 -7.406482696533203125e-01 1.190356388688087463e-01 -7.565975970554950081e-02
-7.295529842376708984e-01 -5.980249643325805664e-01 3.318410217761993408e-01 1.531050081206406288e+00
-1.745913624763488770e-01 -3.062771856784820557e-01 -9.357948303222656250e-01 -3.306797726428332584e+00
0.000000000000000000e+00 0.000000000000000000e+00 0.000000000000000000e+00 1.000000000000000000e+00
6.774095892906188965e-01 -7.326728105545043945e-01 6.561935693025588989e-02 -3.157776210718339915e-01
-7.181401848793029785e-01 -6.393665671348571777e-01 2.747445404529571533e-01 1.306680967785484260e+00
-1.593432724475860596e-01 -2.332385331392288208e-01 -9.592755436897277832e-01 -3.450716183856944230e+00
0.000000000000000000e+00 0.000000000000000000e+00 0.000000000000000000e+00 1.000000000000000000e+00
7.195609807968139648e-01 -6.943320631980895996e-01 -1.159868761897087097e-02 -6.928052386068973556e-01
-6.779038310050964355e-01 -7.059617042541503906e-01 2.050959914922714233e-01 1.027119709958826066e+00
-1.505931168794631958e-01 -1.397162377834320068e-01 -9.786731600761413574e-01 -3.584548101451875191e+00
0.000000000000000000e+00 0.000000000000000000e+00 0.000000000000000000e+00 1.000000000000000000e+00
7.560057044029235840e-01 -6.528908610343933105e-01 -4.677411541342735291e-02 -8.877994401436393179e-01
-6.414930224418640137e-01 -7.532243728637695312e-01 1.453952193260192871e-01 7.711942226509236331e-01
-1.301586925983428955e-01 -7.991431653499603271e-02 -9.882673621177673340e-01 -3.670102641439732416e+00
0.000000000000000000e+00 0.000000000000000000e+00 0.000000000000000000e+00 1.000000000000000000e+00
7.817664742469787598e-01 -6.135386824607849121e-01 -1.114054620265960693e-01 -1.209169432366175245e+00
-6.107066273689270020e-01 -7.894228696823120117e-01 6.203841045498847961e-02 4.038711448074487342e-01
-1.260090619325637817e-01 1.953663676977157593e-02 -9.918365478515625000e-01 -3.721179179185554631e+00
0.000000000000000000e+00 0.000000000000000000e+00 0.000000000000000000e+00 1.000000000000000000e+00
8.060595989227294922e-01 -5.716978907585144043e-01 -1.530664712190628052e-01 -1.435302008738132074e+00
-5.807415843009948730e-01 -8.138799667358398438e-01 -1.841590553522109985e-02 4.215583959038556039e-02
-1.140493452548980713e-01 1.037363260984420776e-01 -9.880442023277282715e-01 -3.757207155839547674e+00
0.000000000000000000e+00 0.000000000000000000e+00 0.000000000000000000e+00 1.000000000000000000e+00
8.388324379920959473e-01 -5.148695707321166992e-01 -1.768310070037841797e-01 -1.592594352524300927e+00
-5.364568829536437988e-01 -8.370354175567626953e-01 -1.076342090964317322e-01 -3.730665250037322189e-01
-9.259624779224395752e-02 1.851493120193481445e-01 -9.783383607864379883e-01 -3.759636877632793528e+00
0.000000000000000000e+00 0.000000000000000000e+00 0.000000000000000000e+00 1.000000000000000000e+00
8.519591689109802246e-01 -4.983189105987548828e-01 -1.607603132724761963e-01 -1.581789768989023459e+00
-5.226001143455505371e-01 -8.282951712608337402e-01 -2.020310312509536743e-01 -8.054018232316236814e-01
-3.248101100325584412e-02 2.561355531215667725e-01 -9.660947322845458984e-01 -3.767477621208287442e+00
0.000000000000000000e+00 0.000000000000000000e+00 0.000000000000000000e+00 1.000000000000000000e+00
8.561245203018188477e-01 -5.012149810791015625e-01 -1.258336156606674194e-01 -1.478215089982058750e+00
-5.151873826980590820e-01 -8.087739944458007812e-01 -2.836664915084838867e-01 -1.197302595528054070e+00
4.040705412626266479e-02 3.076815903186798096e-01 -9.506310224533081055e-01 -3.763666176193731339e+00
0.000000000000000000e+00 0.000000000000000000e+00 0.000000000000000000e+00 1.000000000000000000e+00
8.623673915863037109e-01 -5.005344152450561523e-01 -7.606963068246841431e-02 -1.313670782582951668e+00
-4.909362196922302246e-01 -7.900223731994628906e-01 -3.672134876251220703e-01 -1.594288402924852299e+00
1.237063854932785034e-01 3.540185391902923584e-01 -9.270209074020385742e-01 -3.739089597793779696e+00
0.000000000000000000e+00 0.000000000000000000e+00 0.000000000000000000e+00 1.000000000000000000e+00
8.707392215728759766e-01 -4.905086159706115723e-01 -3.484518826007843018e-02 -1.181678417952750637e+00
-4.520300626754760742e-01 -7.705060243606567383e-01 -4.494314491748809814e-01 -2.011783097937326570e+00
1.936018764972686768e-01 4.070889651775360107e-01 -8.926346302032470703e-01 -3.676437854314005271e+00
0.000000000000000000e+00 0.000000000000000000e+00 0.000000000000000000e+00 1.000000000000000000e+00
8.863306641578674316e-01 -4.627233147621154785e-01 1.746496371924877167e-02 -9.883148442583892246e-01
-3.799461126327514648e-01 -7.482981085777282715e-01 -5.437741279602050781e-01 -2.498455817578133509e+00
2.646861076354980469e-01 4.753282368183135986e-01 -8.390497565269470215e-01 -3.601014496279988819e+00
0.000000000000000000e+00 0.000000000000000000e+00 0.000000000000000000e+00 1.000000000000000000e+00
9.212191700935363770e-01 -3.868588805198669434e-01 4.116841405630111694e-02 -8.948444627284577457e-01
-2.832599580287933350e-01 -7.395053505897521973e-01 -6.106513142585754395e-01 -2.847718900909669504e+00
2.666803002357482910e-01 5.508825778961181641e-01 -7.908283472061157227e-01 -3.528419662979314975e+00
0.000000000000000000e+00 0.000000000000000000e+00 0.000000000000000000e+00 1.000000000000000000e+00
9.370877146720886230e-01 -3.349789977073669434e-01 9.826181083917617798e-02 -6.521311084960660365e-01
-1.852024942636489868e-01 -7.156465053558349609e-01 -6.734614372253417969e-01 -3.176892633350322015e+00
2.959161400794982910e-01 6.128939390182495117e-01 -7.326624989509582520e-01 -3.413119582305237376e+00
0.000000000000000000e+00 0.000000000000000000e+00 0.000000000000000000e+00 1.000000000000000000e+00
9.119211435317993164e-01 -3.624798059463500977e-01 1.923743486404418945e-01 -1.951343653377103082e-01
-1.202714666724205017e-01 -6.842840909957885742e-01 -7.192286252975463867e-01 -3.404793434499464144e+00
3.923447132110595703e-01 6.327428221702575684e-01 -6.676092743873596191e-01 -3.283672909775987137e+00
0.000000000000000000e+00 0.000000000000000000e+00 0.000000000000000000e+00 1.000000000000000000e+00
8.551834821701049805e-01 -4.288440048694610596e-01 2.911252081394195557e-01 3.340416983876347001e-01
-7.307218015193939209e-02 -6.558040380477905273e-01 -7.513862848281860352e-01 -3.578626279033212398e+00
5.131486058235168457e-01 6.212999224662780762e-01 -5.921695232391357422e-01 -3.059596648663315044e+00
0.000000000000000000e+00 0.000000000000000000e+00 0.000000000000000000e+00 1.000000000000000000e+00
9.434996247291564941e-01 -2.478199899196624756e-01 2.199845165014266968e-01 -1.341214495897487258e-01
-2.105387672781944275e-02 -7.073477506637573242e-01 -7.065519094467163086e-01 -3.328241523667800461e+00
3.307033777236938477e-01 6.620002388954162598e-01 -6.726002693176269531e-01 -3.148708669604373789e+00
0.000000000000000000e+00 0.000000000000000000e+00 0.000000000000000000e+00 1.000000000000000000e+00
9.225113391876220703e-01 -2.643263339996337891e-01 2.812557518482208252e-01 1.083266994474197387e-01
-3.554753959178924561e-03 -7.344852685928344727e-01 -6.786149740219116211e-01 -3.148450840982198962e+00
3.859539031982421875e-01 6.250301003456115723e-01 -6.785104274749755859e-01 -3.231582103060127498e+00
0.000000000000000000e+00 0.000000000000000000e+00 0.000000000000000000e+00 1.000000000000000000e+00
8.974300622940063477e-01 -3.363244831562042236e-01 2.854915857315063477e-01 1.076822408405532228e-01
-3.975766897201538086e-02 -7.061682343482971191e-01 -7.069270610809326172e-01 -3.261362270613577863e+00
4.393617808818817139e-01 6.230667233467102051e-01 -6.471079587936401367e-01 -3.120398025864809632e+00
0.000000000000000000e+00 0.000000000000000000e+00 0.000000000000000000e+00 1.000000000000000000e+00
8.155493140220642090e-01 -4.250445365905761719e-01 3.927038311958312988e-01 6.750700962344415856e-01
3.468589484691619873e-02 -6.414866447448730469e-01 -7.663493752479553223e-01 -3.624039815029660883e+00
5.776470303535461426e-01 6.386170983314514160e-01 -5.084209442138671875e-01 -2.570160879398733389e+00
0.000000000000000000e+00 0.000000000000000000e+00 0.000000000000000000e+00 1.000000000000000000e+00
6.973541378974914551e-01 -5.386716127395629883e-01 4.727895259857177734e-01 1.191033106140547471e+00
7.578553259372711182e-02 -6.005344986915588379e-01 -7.959994673728942871e-01 -3.798705185502039061e+00
7.127088308334350586e-01 5.909240245819091797e-01 -3.779616653919219971e-01 -2.055535248207911891e+00
0.000000000000000000e+00 0.000000000000000000e+00 0.000000000000000000e+00 1.000000000000000000e+00
5.794928669929504395e-01 -6.128072142601013184e-01 5.372664332389831543e-01 1.637986144199545802e+00
1.288371235132217407e-01 -5.820666551589965820e-01 -8.028694987297058105e-01 -3.874867023408214983e+00
8.047290444374084473e-01 5.344767570495605469e-01 -2.583511471748352051e-01 -1.512400762264016318e+00
0.000000000000000000e+00 0.000000000000000000e+00 0.000000000000000000e+00 1.000000000000000000e+00
4.326973855495452881e-01 -6.595782637596130371e-01 6.145969033241271973e-01 2.164731614990272224e+00
2.599985003471374512e-01 -5.614583492279052734e-01 -7.855983376502990723e-01 -3.877724119098460154e+00
8.632344603538513184e-01 4.997207820415496826e-01 -7.145229727029800415e-02 -6.159383295385862933e-01
0.000000000000000000e+00 0.000000000000000000e+00 0.000000000000000000e+00 1.000000000000000000e+00
3.640100359916687012e-01 -6.765362620353698730e-01 6.401528120040893555e-01 2.360014303827959736e+00
3.316815197467803955e-01 -5.480895042419433594e-01 -7.678443789482116699e-01 -3.833933572181609239e+00
8.703354001045227051e-01 4.918298423290252686e-01 2.488439716398715973e-02 -1.247933374989643185e-01
0.000000000000000000e+00 0.000000000000000000e+00 0.000000000000000000e+00 1.000000000000000000e+00
3.241614997386932373e-01 -6.812186241149902344e-01 6.563994288444519043e-01 2.498933439026910897e+00
3.851668238639831543e-01 -5.387091636657714844e-01 -7.492920756340026855e-01 -3.763650208658112728e+00
8.640401959419250488e-01 4.957149326801300049e-01 8.775402605533599854e-02 2.366949160348763292e-01
0.000000000000000000e+00 0.000000000000000000e+00 0.000000000000000000e+00 1.000000000000000000e+00
5.691043734550476074e-01 -4.101127982139587402e-01 7.126904726028442383e-01 2.805030965123836317e+00
