0.9157922863960266 0.4015563428401947 -0.008773530833423138 -0.03031524829566479 
-0.3310230076313019 0.7669447064399719 0.5497449040412903 -0.1513174176216125 
0.2274824380874634 -0.5005478262901306 0.8352864980697632 -0.2304674386978149 
0 0 0 1 

0.9099417328834534 0.4142595827579498 0.01987311244010925 -0.03989868983626366 
-0.3332836925983429 0.7018746733665466 0.6295185089111328 -0.1752972602844238 
0.2468357980251312 -0.5794484615325928 0.7767311334609985 -0.2162399291992188 
0 0 0 1 

0.9176322221755981 0.3961378335952759 0.03202944248914719 -0.0455426387488842 
-0.2939549684524536 0.6222701668739319 0.725513756275177 -0.2057441473007202 
0.267472505569458 -0.6751700043678284 0.6874618530273438 -0.1915795207023621 
0 0 0 1 

0.9242768287658691 0.3780083954334259 0.05312222987413406 -0.05340022593736649 
-0.2689376771450043 0.5460898280143738 0.7933841347694397 -0.2281439304351807 
0.2708963751792908 -0.747593104839325 0.60639888048172 -0.1673342138528824 
0 0 0 1 

0.9319970011711121 0.3590316772460938 0.04977761209011078 -0.05427991226315498 
-0.2275994420051575 0.4727931022644043 0.8512726426124573 -0.2481814473867416 
0.2820993959903717 -0.8047129511833191 0.522357165813446 -0.1436225026845932 
0 0 0 1 

0.9421893954277039 0.3306299448013306 0.05443334579467773 -0.05861996114253998 
-0.1951293796300888 0.4093199968338013 0.8912808299064636 -0.2615443766117096 
0.2724035382270813 -0.8503769040107727 0.450172632932663 -0.1232817843556404 
0 0 0 1 

0.9540882706642151 0.2941685318946838 0.05639507248997688 -0.06216209381818771 
-0.158987820148468 0.3378036916255951 0.9276914596557617 -0.2750344276428223 
0.2538471817970276 -0.8940657377243042 0.3690637648105621 -0.09845317900180817 
0 0 0 1 

0.9605550765991211 0.2665132582187653 0.07940185070037842 -0.07115104049444199 
-0.1499281227588654 0.2558357715606689 0.9550232291221619 -0.2877769768238068 
0.2342125773429871 -0.9292569756507874 0.2857021987438202 -0.06883972138166428 
0 0 0 1 

0.9729061126708984 0.2206156253814697 0.06915499269962311 -0.07147251814603806 
-0.1034446060657501 0.1478693783283234 0.9835821390151978 -0.3007605969905853 
0.2067676931619644 -0.9640867710113525 0.1666844934225082 -0.02771696448326111 
0 0 0 1 

0.9788599014282227 0.1954712867736816 0.06019125878810883 -0.06912915408611298 
-0.08778319507837296 0.1357120871543884 0.9868512749671936 -0.3018001019954681 
0.1847326010465622 -0.9712735414505005 0.1500022411346436 -0.02225927449762821 
0 0 0 1 

