1.000000000000000000e+00 0.000000000000000000e+00 0.000000000000000000e+00 -4.097584310382009209e-01
0.000000000000000000e+00 -1.000000000000000000e+00 0.000000000000000000e+00 -1.932597221741734483e-02
0.000000000000000000e+00 0.000000000000000000e+00 -1.000000000000000000e+00 -2.664692399556274349e+00
0.000000000000000000e+00 0.000000000000000000e+00 0.000000000000000000e+00 1.000000000000000000e+00
9.964873194694519043e-01 -8.162834495306015015e-02 -1.871211640536785126e-02 -4.468569796856562415e-01
-8.133947104215621948e-02 -9.965626597404479980e-01 1.571296900510787964e-02 5.804353279581487418e-02
-1.993039064109325409e-02 -1.413577329367399216e-02 -9.997016191482543945e-01 -2.716576621395905278e+00
0.000000000000000000e+00 0.000000000000000000e+00 0.000000000000000000e+00 1.000000000000000000e+00
9.858409166336059570e-01 -1.622885763645172119e-01 -4.219629615545272827e-02 -4.980468668116345698e-01
-1.601564139127731323e-01 -9.858349561691284180e-01 4.979117214679718018e-02 2.007914633749529887e-01
-4.967916756868362427e-02 -4.232811555266380310e-02 -9.978677630424499512e-01 -2.707114905351618805e+00
0.000000000000000000e+00 0.000000000000000000e+00 0.000000000000000000e+00 1.000000000000000000e+00
9.650891423225402832e-01 -2.586278915405273438e-01 -4.140512272715568542e-02 -4.731113860102115209e-01
-2.550636827945709229e-01 -9.639404416084289551e-01 7.590040564537048340e-02 3.225325351910154903e-01
-5.954209342598915100e-02 -6.268973648548126221e-02 -9.962555766105651855e-01 -2.704488781766985817e+00
0.000000000000000000e+00 0.000000000000000000e+00 0.000000000000000000e+00 1.000000000000000000e+00
9.371017217636108398e-01 -3.448338508605957031e-01 -5.412271246314048767e-02 -4.824884573755462980e-01
-3.367283642292022705e-01 -9.339174628257751465e-01 1.200515851378440857e-01 4.890607312389399497e-01
-9.194406121969223022e-02 -9.427587687969207764e-02 -9.912914037704467773e-01 -2.680122703720305921e+00
0.000000000000000000e+00 0.000000000000000000e+00 0.000000000000000000e+00 1.000000000000000000e+00
8.928986787796020508e-01 -4.490007162094116211e-01 -3.361419960856437683e-02 -3.935311423787071217e-01
-4.408001303672790527e-01 -8.869259357452392578e-01 1.380499750375747681e-01 5.799448681818331064e-01
-9.179785102605819702e-02 -1.084475070238113403e-01 -9.898547530174255371e-01 -2.686767345510571836e+00
0.000000000000000000e+00 0.000000000000000000e+00 0.000000000000000000e+00 1.000000000000000000e+00
8.453496098518371582e-01 -5.339148044586181641e-01 -1.785821467638015747e-02 -3.251275146073555056e-01
-5.242788791656494141e-01 -8.355823755264282227e-01 1.641131788492202759e-01 6.888831218735983475e-01
-1.025445312261581421e-01 -1.293703317642211914e-01 -9.862799048423767090e-01 -2.676661584867510602e+00
0.000000000000000000e+00 0.000000000000000000e+00 0.000000000000000000e+00 1.000000000000000000e+00
7.942767143249511719e-01 -6.075533628463745117e-01 1.791852293536067009e-03 -2.404457906736184036e-01
-5.991454720497131348e-01 -7.827886939048767090e-01 1.681253015995025635e-01 7.336441525033303712e-01
-1.007424890995025635e-01 -1.346115916967391968e-01 -9.857640862464904785e-01 -2.684515948817598918e+00
0.000000000000000000e+00 0.000000000000000000e+00 0.000000000000000000e+00 1.000000000000000000e+00
7.230218648910522461e-01 -6.903817653656005859e-01 2.474717982113361359e-02 -1.243321499445603079e-01
-6.843320727348327637e-01 -7.108664512634277344e-01 1.623522639274597168e-01 7.471224551713342432e-01
-9.449313580989837646e-02 -1.343194693326950073e-01 -9.864222407341003418e-01 -2.693977112981338351e+00
0.000000000000000000e+00 0.000000000000000000e+00 0.000000000000000000e+00 1.000000000000000000e+00
6.442628502845764160e-01 -7.643672227859497070e-01 2.583554945886135101e-02 -7.352649240341721515e-02
-7.595839500427246094e-01 -6.355605125427246094e-01 1.381831765174865723e-01 7.018868762559374863e-01
-8.920270204544067383e-02 -1.086505725979804993e-01 -9.900696277618408203e-01 -2.719369688846116073e+00
0.000000000000000000e+00 0.000000000000000000e+00 0.000000000000000000e+00 1.000000000000000000e+00
5.492501258850097656e-01 -8.347871899604797363e-01 3.813941404223442078e-02 1.668425649511410397e-02
-8.335775136947631836e-01 -5.440931320190429688e-01 9.545226395130157471e-02 5.953625480783435453e-01
-5.893096700310707092e-02 -8.421929925680160522e-02 -9.947030544281005859e-01 -2.766460828131888317e+00
0.000000000000000000e+00 0.000000000000000000e+00 0.000000000000000000e+00 1.000000000000000000e+00
4.593508839607238770e-01 -8.832233548164367676e-01 9.441053867340087891e-02 2.372011145557476330e-01
-8.882420659065246582e-01 -4.561732709407806396e-01 5.414508655667304993e-02 4.777807067612247494e-01
-4.754638765007257462e-03 -1.087310090661048889e-01 -9.940598607063293457e-01 -2.800302419236539109e+00
0.000000000000000000e+00 0.000000000000000000e+00 0.000000000000000000e+00 1.000000000000000000e+00
3.533380031585693359e-01 -9.300518035888671875e-01 1.007761880755424500e-01 2.959516617030139018e-01
-9.352793097496032715e-01 -3.535171151161193848e-01 1.667620055377483368e-02 3.483051497977217581e-01
2.011637017130851746e-02 -1.001462265849113464e-01 -9.947693943977355957e-01 -2.817592008964640904e+00
0.000000000000000000e+00 0.000000000000000000e+00 0.000000000000000000e+00 1.000000000000000000e+00
2.728556096553802490e-01 -9.542701840400695801e-01 1.221394315361976624e-01 3.825190407432249584e-01
-9.589918255805969238e-01 -2.799088954925537109e-01 -4.455910995602607727e-02 1.335032896674272218e-01
7.670933753252029419e-02 -1.049725338816642761e-01 -9.915121793746948242e-01 -2.812949589800212369e+00
0.000000000000000000e+00 0.000000000000000000e+00 0.000000000000000000e+00 1.000000000000000000e+00
1.934699565172195435e-01 -9.688792824745178223e-01 1.544100344181060791e-01 4.920754351405724480e-01
-9.723415970802307129e-01 -2.103419750928878784e-01 -1.015291884541511536e-01 -6.150953313780336412e-02
1.308484375476837158e-01 -1.304964274168014526e-01 -9.827763438224792480e-01 -2.795831910862614844e+00
0.000000000000000000e+00 0.000000000000000000e+00 0.000000000000000000e+00 1.000000000000000000e+00
1.182767152786254883e-01 -9.813347458839416504e-01 1.516340225934982300e-01 4.978583154561290192e-01
-9.702100157737731934e-01 -1.467241346836090088e-01 -1.927815228700637817e-01 -3.512600117425984658e-01
2.114315629005432129e-01 -1.243152543902397156e-01 -9.694547057151794434e-01 -2.770995354649306908e+00
0.000000000000000000e+00 0.000000000000000000e+00 0.000000000000000000e+00 1.000000000000000000e+00
1.877161562442779541e-01 -9.723746776580810547e-01 1.387439370155334473e-01 4.536606513876533242e-01
-9.539271593093872070e-01 -2.141413539648056030e-01 -2.101576477289199829e-01 -3.938050350194575722e-01
2.340628057718276978e-01 -9.290166199207305908e-02 -9.677726626396179199e-01 -2.747869352192554349e+00
0.000000000000000000e+00 0.000000000000000000e+00 0.000000000000000000e+00 1.000000000000000000e+00
2.724670171737670898e-01 -9.514501690864562988e-01 1.431923806667327881e-01 4.449629104835897686e-01
-9.378682971000671387e-01 -2.958624958992004395e-01 -1.812961399555206299e-01 -2.912591274764771421e-01
2.148595005273818970e-01 -8.489840477705001831e-02 -9.729478955268859863e-01 -2.738342514243678583e+00
0.000000000000000000e+00 0.000000000000000000e+00 0.000000000000000000e+00 1.000000000000000000e+00
3.258348107337951660e-01 -9.344662427902221680e-01 1.435423195362091064e-01 4.288656241855344775e-01
-9.339963197708129883e-01 -3.417015075683593750e-01 -1.043591946363449097e-01 -4.116481785293697737e-02
1.465687751770019531e-01 -1.000641584396362305e-01 -9.841263890266418457e-01 -2.738178329780837750e+00
0.000000000000000000e+00 0.000000000000000000e+00 0.000000000000000000e+00 1.000000000000000000e+00
3.598768711090087891e-01 -9.147399663925170898e-01 1.836823672056198120e-01 5.300867942133683508e-01
-9.296517968177795410e-01 -3.682307600975036621e-01 -1.238683890551328659e-02 2.548646676669030775e-01
7.896820455789566040e-02 -1.663029193878173828e-01 -9.829075932502746582e-01 -2.696511348454835311e+00
0.000000000000000000e+00 0.000000000000000000e+00 0.000000000000000000e+00 1.000000000000000000e+00
4.032285511493682861e-01 -8.944823145866394043e-01 1.931530833244323730e-01 5.394775591147845661e-01
-9.149249196052551270e-01 -3.981859982013702393e-01 6.602812558412551880e-02 5.008765282505432959e-01
1.784987747669219971e-02 -2.033450305461883545e-01 -9.789445400238037109e-01 -2.652156708863168788e+00
0.000000000000000000e+00 0.000000000000000000e+00 0.000000000000000000e+00 1.000000000000000000e+00
4.578736722469329834e-01 -8.610346913337707520e-01 2.212940603494644165e-01 5.864074458031239834e-01
-8.878973722457885742e-01 -4.304132163524627686e-01 1.624274402856826782e-01 7.725320013629433102e-01
-4.460781440138816833e-02 -2.708576619625091553e-01 -9.615850448608398438e-01 -2.554509724215271227e+00
0.000000000000000000e+00 0.000000000000000000e+00 0.000000000000000000e+00 1.000000000000000000e+00
5.309799909591674805e-01 -8.214264512062072754e-01 2.081312090158462524e-01 4.959177999739936005e-01
-8.429431319236755371e-01 -4.869032204151153564e-01 2.288498431444168091e-01 9.432474875863915420e-01
-8.664363622665405273e-02 -2.969574928283691406e-01 -9.509516358375549316e-01 -2.491016419121558911e+00
0.000000000000000000e+00 0.000000000000000000e+00 0.000000000000000000e+00 1.000000000000000000e+00
5.947374701499938965e-01 -7.773994803428649902e-01 2.047862112522125244e-01 4.483923651899797691e-01
-7.950953841209411621e-01 -5.311654210090637207e-01 2.927223742008209229e-01 1.084783876524527679e+00
-1.187869310379028320e-01 -3.369175195693969727e-01 -9.340105056762695312e-01 -2.412221673971624902e+00
0.000000000000000000e+00 0.000000000000000000e+00 0.000000000000000000e+00 1.000000000000000000e+00
6.717572212219238281e-01 -7.205961346626281738e-01 1.717068850994110107e-01 3.021098380370452197e-01
-7.217178344726562500e-01 -5.844203829765319824e-01 3.709121644496917725e-01 1.238538555855966505e+00
-1.669289916753768921e-01 -3.730869293212890625e-01 -9.126559495925903320e-01 -2.312937949590381681e+00
0.000000000000000000e+00 0.000000000000000000e+00 0.000000000000000000e+00 1.000000000000000000e+00
7.355875968933105469e-01 -6.583677530288696289e-01 1.595699638128280640e-01 2.345084721188902266e-01
-6.491550207138061523e-01 -6.177090406417846680e-01 4.438846707344055176e-01 1.373468244791468118e+00
-1.936715245246887207e-01 -4.301014244556427002e-01 -8.817616105079650879e-01 -2.181709309575642131e+00
0.000000000000000000e+00 0.000000000000000000e+00 0.000000000000000000e+00 1.000000000000000000e+00
7.582049965858459473e-01 -6.359251141548156738e-01 1.439585238695144653e-01 1.726704982344629824e-01
-6.024870872497558594e-01 -5.989111065864562988e-01 5.275552868843078613e-01 1.548391613233363717e+00
-2.492674589157104492e-01 -4.867280721664428711e-01 -8.372340798377990723e-01 -1.994363937833397715e+00
0.000000000000000000e+00 0.000000000000000000e+00 0.000000000000000000e+00 1.000000000000000000e+00
7.938567996025085449e-01 -5.892977714538574219e-01 1.500636935234069824e-01 1.563564436051632367e-01
-5.349714756011962891e-01 -5.594552159309387207e-01 6.330996155738830566e-01 1.798253047590074871e+00
-2.891303300857543945e-01 -5.828702449798583984e-01 -7.593848705291748047e-01 -1.730720666507632011e+00
0.000000000000000000e+00 0.000000000000000000e+00 0.000000000000000000e+00 1.000000000000000000e+00
8.150975704193115234e-01 -5.623489618301391602e-01 1.392103284597396851e-01 1.141450752348535935e-01
-4.796005785465240479e-01 -5.202267765998840332e-01 7.066452503204345703e-01 1.978009371955376183e+00
-3.249601721763610840e-01 -6.427501440048217773e-01 -6.937383413314819336e-01 -1.511349804571975985e+00
0.000000000000000000e+00 0.000000000000000000e+00 0.000000000000000000e+00 1.000000000000000000e+00
8.426596522331237793e-01 -5.206047892570495605e-01 1.374609321355819702e-01 8.190229501061735418e-02
-4.164075851440429688e-01 -4.682269692420959473e-01 7.793381214141845703e-01 2.153161770824428167e+00
-3.413644433021545410e-01 -7.139565348625183105e-01 -6.113398075103759766e-01 -1.294650458395973258e+00
0.000000000000000000e+00 0.000000000000000000e+00 0.000000000000000000e+00 1.000000000000000000e+00
8.755416274070739746e-01 -4.739993512630462646e-01 9.354776889085769653e-02 -5.397139853585106173e-02
-3.245280981063842773e-01 -4.335343241691589355e-01 8.406720161437988281e-01 2.287848494348952322e+00
-3.579219579696655273e-01 -7.664023041725158691e-01 -5.334034562110900879e-01 -1.103336582622700845e+00
0.000000000000000000e+00 0.000000000000000000e+00 0.000000000000000000e+00 1.000000000000000000e+00
8.934322595596313477e-01 -4.440190792083740234e-01 6.801581382751464844e-02 -1.233456031042118040e-01
-2.271020561456680298e-01 -3.158469200134277344e-01 9.212302565574645996e-01 2.430740577851688844e+00
-3.875613808631896973e-01 -8.385032415390014648e-01 -3.830252289772033691e-01 -7.256327783048085456e-01
0.000000000000000000e+00 0.000000000000000000e+00 0.000000000000000000e+00 1.000000000000000000e+00
8.924918174743652344e-01 -4.505868852138519287e-01 2.073607221245765686e-02 -2.857730162524118600e-01
-7.769843935966491699e-02 -1.082902550697326660e-01 9.910783767700195312e-01 2.586668631763716864e+00
-4.443212747573852539e-01 -8.861402273178100586e-01 -1.316580027341842651e-01 -8.742835194558243317e-02
0.000000000000000000e+00 0.000000000000000000e+00 0.000000000000000000e+00 1.000000000000000000e+00
8.827140927314758301e-01 -4.688237309455871582e-01 3.194257989525794983e-02 -2.320964588576127363e-01
-7.762982696294784546e-02 -7.844623923301696777e-02 9.938914775848388672e-01 2.588478799959071708e+00
-4.634540081024169922e-01 -8.798013329505920410e-01 -1.056402698159217834e-01 -7.415067510281250773e-02
0.000000000000000000e+00 0.000000000000000000e+00 0.000000000000000000e+00 1.000000000000000000e+00
8.520487546920776367e-01 -5.223320722579956055e-01 3.437751904129981995e-02 -1.937510050984562471e-01
-1.016628891229629517e-01 -1.006982773542404175e-01 9.897093772888183594e-01 2.587065709817545578e+00
-5.134954452514648438e-01 -8.467756509780883789e-01 -1.389016509056091309e-01 -1.408201476010751407e-01
0.000000000000000000e+00 0.000000000000000000e+00 0.000000000000000000e+00 1.000000000000000000e+00
8.346279263496398926e-01 -5.467228889465332031e-01 6.700643151998519897e-02 -1.097131964164899387e-01
-2.248688340187072754e-01 -2.271542698144912720e-01 9.475415349006652832e-01 2.524628980031762282e+00
-5.028218626976013184e-01 -8.059124350547790527e-01 -3.125302195549011230e-01 -5.089032856539061900e-01
0.000000000000000000e+00 0.000000000000000000e+00 0.000000000000000000e+00 1.000000000000000000e+00
8.331840038299560547e-01 -5.436082482337951660e-01 1.014608070254325867e-01 -2.359481962879421066e-02
-3.116680383682250977e-01 -3.100515604019165039e-01 8.981815576553344727e-01 2.431121651369644088e+00
-4.568012058734893799e-01 -7.799728512763977051e-01 -4.277553856372833252e-01 -8.016947489543315708e-01
0.000000000000000000e+00 0.000000000000000000e+00 0.000000000000000000e+00 1.000000000000000000e+00
8.179048299789428711e-01 -5.630269646644592285e-01 1.184597015380859375e-01 2.238898103971694378e-02
-3.766944706439971924e-01 -3.683971464633941650e-01 8.499325513839721680e-01 2.333254466383348102e+00
-4.348945319652557373e-01 -7.397866845130920410e-01 -5.134028792381286621e-01 -1.031131429178433256e+00
0.000000000000000000e+00 0.000000000000000000e+00 0.000000000000000000e+00 1.000000000000000000e+00
8.323310613632202148e-01 -5.489981770515441895e-01 7.632931321859359741e-02 -1.273379673457798178e-01
-4.515326619148254395e-01 -5.917140841484069824e-01 6.678265929222106934e-01 1.973796867737344751e+00
-3.214705288410186768e-01 -5.903177857398986816e-01 -7.403926849365234375e-01 -1.670978907404765401e+00
0.000000000000000000e+00 0.000000000000000000e+00 0.000000000000000000e+00 1.000000000000000000e+00
8.381727337837219238e-01 -5.420886278152465820e-01 6.005040183663368225e-02 -1.852137062172717341e-01
-4.626719653606414795e-01 -6.484078764915466309e-01 6.045668125152587891e-01 1.800371854981543063e+00
-2.887918055057525635e-01 -5.345150232315063477e-01 -7.942872643470764160e-01 -1.833523181258869927e+00
0.000000000000000000e+00 0.000000000000000000e+00 0.000000000000000000e+00 1.000000000000000000e+00
8.580331802368164062e-01 -5.099338889122009277e-01 6.121036037802696228e-02 -1.860433551426312893e-01
-4.599739611148834229e-01 -7.099563479423522949e-01 5.332781076431274414e-01 1.603370367272203056e+00
-2.284799069166183472e-01 -4.857254326343536377e-01 -8.437225222587585449e-01 -1.983273898234112487e+00
0.000000000000000000e+00 0.000000000000000000e+00 0.000000000000000000e+00 1.000000000000000000e+00
8.725331425666809082e-01 -4.881008863449096680e-01 2.105450071394443512e-02 -2.795187954568720268e-01
-4.561706483364105225e-01 -7.985109090805053711e-01 3.927954733371734619e-01 1.226494452760425569e+00
-1.749118417501449585e-01 -3.523314595222473145e-01 -9.193847775459289551e-01 -2.192965741159957460e+00
0.000000000000000000e+00 0.000000000000000000e+00 0.000000000000000000e+00 1.000000000000000000e+00
8.773488998413085938e-01 -4.794802963733673096e-01 1.891231536865234375e-02 -2.681630771128323820e-01
-4.682411551475524902e-01 -8.468345999717712402e-01 2.522323131561279297e-01 8.683120431041758680e-01
-1.049248948693275452e-01 -2.301512211561203003e-01 -9.674820899963378906e-01 -2.343510614242857226e+00
0.000000000000000000e+00 0.000000000000000000e+00 0.000000000000000000e+00 1.000000000000000000e+00
8.789222240447998047e-01 -4.768014848232269287e-01 1.246536616235971451e-02 -2.462327238619446412e-01
-4.768165946006774902e-01 -8.776988387107849121e-01 4.785548523068428040e-02 3.337690645830915237e-01
-1.187674980610609055e-02 -4.800496250391006470e-02 -9.987762570381164551e-01 -2.463004066298443373e+00
0.000000000000000000e+00 0.000000000000000000e+00 0.000000000000000000e+00 1.000000000000000000e+00
8.864945769309997559e-01 -4.625729918479919434e-01 1.238321885466575623e-02 -2.316471763532569061e-01
-4.616366028785705566e-01 -8.859123587608337402e-01 -4.528510943055152893e-02 7.843902863628063327e-02
3.191813081502914429e-02 3.442845866084098816e-02 -9.988974332809448242e-01 -2.487951826442045267e+00
0.000000000000000000e+00 0.000000000000000000e+00 0.000000000000000000e+00 1.000000000000000000e+00
8.935711979866027832e-01 -4.487960636615753174e-01 1.060516014695167542e-02 -2.326410097414573219e-01
-4.422681033611297607e-01 -8.841345310211181641e-01 -1.506811827421188354e-01 -2.197978227787208971e-01
7.700155675411224365e-02 1.299540102481842041e-01 -9.885256290435791016e-01 -2.480520478931511619e+00
0.000000000000000000e+00 0.000000000000000000e+00 0.000000000000000000e+00 1.000000000000000000e+00
8.966349959373474121e-01 -4.426330327987670898e-01 1.102315820753574371e-02 -2.291589021815953475e-01
-4.253698885440826416e-01 -8.680419325828552246e-01 -2.560538947582244873e-01 -5.287124072853249812e-01
1.229065209627151489e-01 2.248979657888412476e-01 -9.665995836257934570e-01 -2.437309059893709939e+00
0.000000000000000000e+00 0.000000000000000000e+00 0.000000000000000000e+00 1.000000000000000000e+00
9.002801775932312012e-01 -4.351320564746856689e-01 1.246947981417179108e-02 -2.220254321965015876e-01
-4.003531932830810547e-01 -8.388907909393310547e-01 -3.687536716461181641e-01 -8.729615922398714645e-01
1.709172129631042480e-01 3.269894421100616455e-01 -9.294434785842895508e-01 -2.350105034903312795e+00
0.000000000000000000e+00 0.000000000000000000e+00 0.000000000000000000e+00 1.000000000000000000e+00
9.060589671134948730e-01 -4.230863451957702637e-01 7.408147677779197693e-03 -2.464274169712944718e-01
-3.730078935623168945e-01 -8.068355321884155273e-01 -4.581281244754791260e-01 -1.146457655962799693e+00
1.998050510883331299e-01 4.123277366161346436e-01 -8.888551592826843262e-01 -2.255774438434664297e+00
0.000000000000000000e+00 0.000000000000000000e+00 0.000000000000000000e+00 1.000000000000000000e+00
9.148507118225097656e-01 -4.037597477436065674e-01 5.122248083353042603e-03 -2.799258763456216048e-01
-3.348233699798583984e-01 -7.656211256980895996e-01 -5.492880940437316895e-01 -1.428160252410103137e+00
2.257022410631179810e-01 5.008014440536499023e-01 -8.356173038482666016e-01 -2.136489321285708343e+00
0.000000000000000000e+00 0.000000000000000000e+00 0.000000000000000000e+00 1.000000000000000000e+00
9.080826640129089355e-01 -4.184915423393249512e-01 -1.582061313092708588e-02 -3.466099478089887387e-01
-3.346681296825408936e-01 -7.024487257003784180e-01 -6.281424760818481445e-01 -1.648557474193720118e+00
2.517593204975128174e-01 5.756999254226684570e-01 -7.779374122619628906e-01 -2.008791475042868147e+00
0.000000000000000000e+00 0.000000000000000000e+00 0.000000000000000000e+00 1.000000000000000000e+00
9.167659878730773926e-01 -3.979089856147766113e-01 -3.476553410291671753e-02 -4.185861398111687670e-01
-2.980344593524932861e-01 -6.235093474388122559e-01 -7.227802872657775879e-01 -1.927146222622657445e+00
2.659243047237396240e-01 6.729816794395446777e-01 -6.902027726173400879e-01 -1.783576612021034791e+00
0.000000000000000000e+00 0.000000000000000000e+00 0.000000000000000000e+00 1.000000000000000000e+00
9.256696701049804688e-01 -3.745174407958984375e-01 -5.359373241662979126e-02 -4.836089818419010422e-01
-2.661785781383514404e-01 -5.440264344215393066e-01 -7.957286834716796875e-01 -2.149755519610247134e+00
2.688578963279724121e-01 7.508473992347717285e-01 -6.032773852348327637e-01 -1.541653979338158731e+00
0.000000000000000000e+00 0.000000000000000000e+00 0.000000000000000000e+00 1.000000000000000000e+00
9.329515695571899414e-01 -3.559743165969848633e-01 -5.369794368743896484e-02 -5.026999786616680455e-01
-2.288419455289840698e-01 -4.712683260440826416e-01 -8.517847657203674316e-01 -2.326837430843021082e+00
2.779074013233184814e-01 8.069624304771423340e-01 -5.211324691772460938e-01 -1.326503072007923389e+00
0.000000000000000000e+00 0.000000000000000000e+00 0.000000000000000000e+00 1.000000000000000000e+00
9.414840936660766602e-01 -3.331287801265716553e-01 -5.131370946764945984e-02 -5.253385326249609966e-01
-1.916282773017883301e-01 -4.037831723690032959e-01 -8.945599794387817383e-01 -2.461083339780338441e+00
2.772841453552246094e-01 8.520470261573791504e-01 -4.439922869205474854e-01 -1.128541381131237697e+00
0.000000000000000000e+00 0.000000000000000000e+00 0.000000000000000000e+00 1.000000000000000000e+00
9.564051032066345215e-01 -2.883837223052978516e-01 -4.609050601720809937e-02 -5.383611199309789042e-01
-1.472425907850265503e-01 -3.398638069629669189e-01 -9.288767576217651367e-01 -2.588010622808921024e+00
2.522084116935729980e-01 8.951687216758728027e-01 -3.675098121166229248e-01 -9.082276312804097307e-01
0.000000000000000000e+00 0.000000000000000000e+00 0.000000000000000000e+00 1.000000000000000000e+00
9.601570367813110352e-01 -2.698376178741455078e-01 -7.270669937133789062e-02 -6.341237774349695044e-01
-1.447006911039352417e-01 -2.574580609798431396e-01 -9.553935527801513672e-01 -2.699576034861345342e+00
2.390822768211364746e-01 9.278483986854553223e-01 -2.862458229064941406e-01 -6.429503796240354507e-01
0.000000000000000000e+00 0.000000000000000000e+00 0.000000000000000000e+00 1.000000000000000000e+00
9.727756381034851074e-01 -2.225343734025955200e-01 -6.469681113958358765e-02 -6.396839739496645860e-01
-1.002324894070625305e-01 -1.522969007492065430e-01 -9.832389950752258301e-01 -2.817717379575888970e+00
2.089513391256332397e-01 9.629561305046081543e-01 -1.704558730125427246e-01 -2.711748071608616750e-01
0.000000000000000000e+00 0.000000000000000000e+00 0.000000000000000000e+00 1.000000000000000000e+00
9.921720623970031738e-01 -1.225172281265258789e-01 -2.417447604238986969e-02 -5.452125789563695424e-01
-4.080674424767494202e-02 -1.351227611303329468e-01 -9.899882078170776367e-01 -2.850617462466736196e+00
1.180240437388420105e-01 9.832248687744140625e-01 -1.390645653009414673e-01 -1.743747866904972466e-01
0.000000000000000000e+00 0.000000000000000000e+00 0.000000000000000000e+00 1.000000000000000000e+00
9.952769279479980469e-01 -9.705965220928192139e-02 1.854102942161262035e-03 -4.913550047420349176e-01
-2.221374399960041046e-02 -2.462954074144363403e-01 -9.689400792121887207e-01 -2.810823839658761703e+00
9.450165927410125732e-02 9.643223285675048828e-01 -2.472881376743316650e-01 -4.941082649849595221e-01
0.000000000000000000e+00 0.000000000000000000e+00 0.000000000000000000e+00 1.000000000000000000e+00
9.977607727050781250e-01 -4.191542789340019226e-02 5.211963877081871033e-02 -3.351922291347061433e-01
3.800404071807861328e-02 -2.859399914741516113e-01 -9.574934244155883789e-01 -2.883214562937080672e+00
5.503682792186737061e-02 9.573302865028381348e-01 -2.837066948413848877e-01 -5.864394672155759380e-01
0.000000000000000000e+00 0.000000000000000000e+00 0.000000000000000000e+00 1.000000000000000000e+00
9.891382455825805664e-01 4.009833931922912598e-02 1.414130479097366333e-01 -2.416216792196839921e-02
1.469876766204833984e-01 -2.723511159420013428e-01 -9.509044885635375977e-01 -2.978826212126298945e+00
3.842958540190011263e-04 9.613619446754455566e-01 -2.752868533134460449e-01 -5.346512725911863884e-01
0.000000000000000000e+00 0.000000000000000000e+00 0.000000000000000000e+00 1.000000000000000000e+00
9.696848392486572266e-01 5.249466374516487122e-02 2.386533617973327637e-01 2.767522203556898042e-01
2.440908700227737427e-01 -2.537916600704193115e-01 -9.359537959098815918e-01 -3.019654610960581298e+00
1.143563352525234222e-02 9.658332467079162598e-01 -2.589113712310791016e-01 -4.770339431628641824e-01
0.000000000000000000e+00 0.000000000000000000e+00 0.000000000000000000e+00 1.000000000000000000e+00
9.731926918029785156e-01 1.026078406721353531e-02 2.297623306512832642e-01 2.353172875535867736e-01
2.226803153753280640e-01 -2.919209301471710205e-01 -9.301589727401733398e-01 -3.002057623767597772e+00
5.752826109528541565e-02 9.563874602317810059e-01 -2.863801717758178711e-01 -5.917981583454146044e-01
0.000000000000000000e+00 0.000000000000000000e+00 0.000000000000000000e+00 1.000000000000000000e+00
9.815211892127990723e-01 -4.809477180242538452e-02 1.852115839719772339e-01 6.991065505961012450e-02
1.594145596027374268e-01 -3.298692405223846436e-01 -9.304693937301635742e-01 -2.977544193614771739e+00
1.058463007211685181e-01 9.428005218505859375e-01 -3.161065280437469482e-01 -7.313338423292183865e-01
0.000000000000000000e+00 0.000000000000000000e+00 0.000000000000000000e+00 1.000000000000000000e+00
9.851130247116088867e-01 -1.295590251684188843e-01 1.129901856184005737e-01 -1.768917614734290267e-01
5.766228958964347839e-02 -3.701624572277069092e-01 -9.271756410598754883e-01 -2.916027172761170849e+00
1.619487255811691284e-01 9.198880195617675781e-01 -3.571812808513641357e-01 -9.240988880017850793e-01
0.000000000000000000e+00 0.000000000000000000e+00 0.000000000000000000e+00 1.000000000000000000e+00
9.761193990707397461e-01 -2.166888415813446045e-01 1.538308244198560715e-02 -4.884966774170985127e-01
-5.276349186897277832e-02 -3.051849603652954102e-01 -9.508302211761474609e-01 -2.927736974215146226e+00
2.107290178537368774e-01 9.273122549057006836e-01 -3.093302547931671143e-01 -8.222985193394924952e-01
0.000000000000000000e+00 0.000000000000000000e+00 0.000000000000000000e+00 1.000000000000000000e+00
9.116466641426086426e-01 -3.990415930747985840e-01 -9.831588715314865112e-02 -8.099187722163585512e-01
-2.371437698602676392e-01 -3.153892755508422852e-01 -9.188535809516906738e-01 -2.737750992023900487e+00
3.356532752513885498e-01 8.609849214553833008e-01 -3.821538984775543213e-01 -1.140949311477628791e+00
0.000000000000000000e+00 0.000000000000000000e+00 0.000000000000000000e+00 1.000000000000000000e+00
8.714706301689147949e-01 -4.813897907733917236e-01 -9.382340312004089355e-02 -7.839538272388958395e-01
-2.857675552368164062e-01 -3.429261147975921631e-01 -8.948399424552917480e-01 -2.632407205322187416e+00
3.985923528671264648e-01 8.066383600234985352e-01 -4.364156126976013184e-01 -1.373400915131981259e+00
0.000000000000000000e+00 0.000000000000000000e+00 0.000000000000000000e+00 1.000000000000000000e+00
8.275663256645202637e-01 -5.560818910598754883e-01 -7.685545831918716431e-02 -7.069842200441639468e-01
-3.517521619796752930e-01 -4.069713354110717773e-01 -8.429974317550659180e-01 -2.444265607920232952e+00
4.374977648258209229e-01 7.246703505516052246e-01 -5.323988199234008789e-01 -1.700998449778645005e+00
0.000000000000000000e+00 0.000000000000000000e+00 0.000000000000000000e+00 1.000000000000000000e+00
7.998318672180175781e-01 -5.984817743301391602e-01 -4.569965973496437073e-02 -6.044466079556609639e-01
-4.259729385375976562e-01 -5.123448371887207031e-01 -7.456873059272766113e-01 -2.102304968118004158e+00
4.228663444519042969e-01 6.158912181854248047e-01 -6.647268533706665039e-01 -2.101925456514694535e+00
0.000000000000000000e+00 0.000000000000000000e+00 0.000000000000000000e+00 1.000000000000000000e+00
7.752149105072021484e-01 -6.313327550888061523e-01 -2.146149240434169769e-02 -5.215144833272055136e-01
-5.033757090568542480e-01 -5.968568921089172363e-01 -6.247996687889099121e-01 -1.676553132630278053e+00
3.816472291946411133e-01 4.951572418212890625e-01 -7.804899811744689941e-01 -2.432828893610206933e+00
0.000000000000000000e+00 0.000000000000000000e+00 0.000000000000000000e+00 1.000000000000000000e+00
7.531737685203552246e-01 -6.576550602912902832e-01 -1.479780673980712891e-02 -4.876988306082807867e-01
-5.645434260368347168e-01 -6.346643567085266113e-01 -5.277231335639953613e-01 -1.343006325683027580e+00
3.376682102680206299e-01 4.058212041854858398e-01 -8.492874503135681152e-01 -2.618594093375210541e+00
0.000000000000000000e+00 0.000000000000000000e+00 0.000000000000000000e+00 1.000000000000000000e+00
6.498937010765075684e-01 -7.599822282791137695e-01 -8.065348491072654724e-03 -4.038547578678400307e-01
-6.775105595588684082e-01 -5.744946002960205078e-01 -4.592767357826232910e-01 -1.058808332355748005e+00
3.444087505340576172e-01 3.039453625679016113e-01 -8.882565498352050781e-01 -2.757583829527534114e+00
0.000000000000000000e+00 0.000000000000000000e+00 0.000000000000000000e+00 1.000000000000000000e+00
5.834001302719116211e-01 -8.118249773979187012e-01 2.417491190135478973e-02 -2.579140862214633900e-01
-7.393168807029724121e-01 -5.431456565856933594e-01 -3.979988396167755127e-01 -8.260546430867820034e-01
3.362359702587127686e-01 2.143196016550064087e-01 -9.170672893524169922e-01 -2.854531305581647249e+00
0.000000000000000000e+00 0.000000000000000000e+00 0.000000000000000000e+00 1.000000000000000000e+00
5.389072895050048828e-01 -8.403610587120056152e-01 5.807018280029296875e-02 -1.164187433990375581e-01
-7.826264500617980957e-01 -5.249960422515869141e-01 -3.344770371913909912e-01 -5.926167599092209137e-01
3.115681111812591553e-01 1.348048299551010132e-01 -9.406130909919738770e-01 -2.915299148592201295e+00
0.000000000000000000e+00 0.000000000000000000e+00 0.000000000000000000e+00 1.000000000000000000e+00
4.978975951671600342e-01 -8.578358292579650879e-01 1.273404061794281006e-01 1.265439512910143394e-01
-8.207957148551940918e-01 -5.135331153869628906e-01 -2.501559853553771973e-01 -3.057789494612271897e-01
2.799862921237945557e-01 2.003159373998641968e-02 -9.597949981689453125e-01 -2.962454581961741162e+00
0.000000000000000000e+00 0.000000000000000000e+00 0.000000000000000000e+00 1.000000000000000000e+00
4.363812506198883057e-01 -8.820449709892272949e-01 1.776735484600067139e-01 3.319098354306764809e-01
-8.578450083732604980e-01 -4.674287736415863037e-01 -2.135699391365051270e-01 -1.633917935436613456e-01
2.714280188083648682e-01 -5.921851098537445068e-02 -9.606351852416992188e-01 -2.962612143858013969e+00
0.000000000000000000e+00 0.000000000000000000e+00 0.000000000000000000e+00 1.000000000000000000e+00
3.593614399433135986e-01 -8.976933360099792480e-01 2.549624741077423096e-01 6.238944148783210908e-01
-8.910120129585266113e-01 -4.112795591354370117e-01 -1.922147572040557861e-01 -8.306160029865698735e-02
2.774107456207275391e-01 -1.581001132726669312e-01 -9.476537704467773438e-01 -2.924652144168657042e+00
0.000000000000000000e+00 0.000000000000000000e+00 0.000000000000000000e+00 1.000000000000000000e+00
