1.000000000000000000e+00 0.000000000000000000e+00 0.000000000000000000e+00 -1.792658120393753052e-02
0.000000000000000000e+00 1.000000000000000000e+00 0.000000000000000000e+00 2.243540808558464050e-02
0.000000000000000000e+00 0.000000000000000000e+00 1.000000000000000000e+00 -3.816788792610168457e-01
0.000000000000000000e+00 0.000000000000000000e+00 0.000000000000000000e+00 1.000000000000000000e+00
9.973256587982177734e-01 5.074900016188621521e-02 -5.259266123175621033e-02 4.521132912486791611e-03
-5.198078975081443787e-02 9.983985424041748047e-01 -2.232311666011810303e-02 2.795330621302127838e-02
5.137554183602333069e-02 2.499726414680480957e-02 9.983664751052856445e-01 -3.784723877906799316e-01
0.000000000000000000e+00 0.000000000000000000e+00 0.000000000000000000e+00 1.000000000000000000e+00
9.858399629592895508e-01 6.664519011974334717e-02 -1.538767218589782715e-01 4.585788771510124207e-02
-7.116097211837768555e-02 9.971755743026733398e-01 -2.402166649699211121e-02 2.959736064076423645e-02
1.518411785364151001e-01 3.463152796030044556e-02 9.877980351448059082e-01 -3.718500137329101562e-01
0.000000000000000000e+00 0.000000000000000000e+00 0.000000000000000000e+00 1.000000000000000000e+00
9.985178709030151367e-01 4.243770986795425415e-02 -3.407274559140205383e-02 -1.530049019493162632e-03
-4.220943897962570190e-02 9.990813732147216797e-01 7.391201332211494446e-03 1.701609417796134949e-02
3.435512259602546692e-02 -5.941988900303840637e-03 9.993919730186462402e-01 -3.691339790821075439e-01
0.000000000000000000e+00 0.000000000000000000e+00 0.000000000000000000e+00 1.000000000000000000e+00
9.936582446098327637e-01 5.650122091174125671e-02 -9.721563756465911865e-02 2.546571008861064911e-02
-5.342640727758407593e-02 9.979946017265319824e-01 3.394835442304611206e-02 1.046896353363990784e-02
9.893883019685745239e-02 -2.853914536535739899e-02 9.946841597557067871e-01 -3.664948642253875732e-01
0.000000000000000000e+00 0.000000000000000000e+00 0.000000000000000000e+00 1.000000000000000000e+00
1.160695031285285950e-01 9.075065702199935913e-02 -9.890865087509155273e-01 4.020812809467315674e-01
-3.670105710625648499e-02 9.955289363861083984e-01 8.703490346670150757e-02 -6.040126550942659378e-03
9.925627708435058594e-01 2.619842253625392914e-02 1.188812255859375000e-01 -4.389246553182601929e-02
0.000000000000000000e+00 0.000000000000000000e+00 0.000000000000000000e+00 1.000000000000000000e+00
9.031116962432861328e-02 1.107700318098068237e-01 -9.897344112396240234e-01 4.001671969890594482e-01
-2.557311207056045532e-02 9.937255978584289551e-01 1.088832393288612366e-01 -9.696663357317447662e-03
9.955852031707763672e-01 1.547722052782773972e-02 9.257732331752777100e-02 -2.695959061384201050e-02
0.000000000000000000e+00 0.000000000000000000e+00 0.000000000000000000e+00 1.000000000000000000e+00
8.790127933025360107e-02 1.059602200984954834e-01 -9.904774427413940430e-01 3.963497579097747803e-01
-2.573049627244472504e-02 9.942360520362854004e-01 1.040788292884826660e-01 -3.687936579808592796e-03
9.957966208457946777e-01 1.633683219552040100e-02 9.012109041213989258e-02 -1.802122034132480621e-02
0.000000000000000000e+00 0.000000000000000000e+00 0.000000000000000000e+00 1.000000000000000000e+00
1.023798212409019470e-01 1.009537950158119202e-01 -9.896094202995300293e-01 3.918874263763427734e-01
-3.769303113222122192e-02 9.945160746574401855e-01 9.755481779575347900e-02 7.541326340287923813e-04
9.940305948257446289e-01 2.731374092400074005e-02 1.056235581636428833e-01 -1.448641996830701828e-02
0.000000000000000000e+00 0.000000000000000000e+00 0.000000000000000000e+00 1.000000000000000000e+00
1.171393692493438721e-01 1.039568185806274414e-01 -9.876595139503479004e-01 3.886579573154449463e-01
-6.161004677414894104e-02 9.933513402938842773e-01 9.724882990121841431e-02 2.344532636925578117e-03
9.912024736404418945e-01 4.945810511708259583e-02 1.227653473615646362e-01 -1.144186500459909439e-02
0.000000000000000000e+00 0.000000000000000000e+00 0.000000000000000000e+00 1.000000000000000000e+00
1.367545276880264282e-01 9.653133153915405273e-02 -9.858903884887695312e-01 3.852391541004180908e-01
-7.991185039281845093e-02 9.930719137191772461e-01 8.614976704120635986e-02 8.932637982070446014e-03
9.873766303062438965e-01 6.700301170349121094e-02 1.435211449861526489e-01 -9.700332768261432648e-03
0.000000000000000000e+00 0.000000000000000000e+00 0.000000000000000000e+00 1.000000000000000000e+00
1.412522494792938232e-01 8.777720481157302856e-02 -9.860744476318359375e-01 3.835585713386535645e-01
-1.104711368680000305e-01 9.912380576133728027e-01 7.241220027208328247e-02 1.701981574296951294e-02
9.837906360626220703e-01 9.870438277721405029e-02 1.497114449739456177e-01 -3.152340417727828026e-03
0.000000000000000000e+00 0.000000000000000000e+00 0.000000000000000000e+00 1.000000000000000000e+00
1.549130380153656006e-01 1.010832414031028748e-01 -9.827430248260498047e-01 3.836193084716796875e-01
-1.058393716812133789e-01 9.907249212265014648e-01 8.522044867277145386e-02 1.686518266797065735e-02
9.822421073913574219e-01 9.081113338470458984e-02 1.641747355461120605e-01 -3.149751806631684303e-03
0.000000000000000000e+00 0.000000000000000000e+00 0.000000000000000000e+00 1.000000000000000000e+00
1.615190356969833374e-01 1.101489216089248657e-01 -9.807034730911254883e-01 3.846313059329986572e-01
-1.357486397027969360e-01 9.867851138114929199e-01 8.847462385892868042e-02 1.887076906859874725e-02
9.774885177612304688e-01 1.188388243317604065e-01 1.743370294570922852e-01 -5.570779321715235710e-04
0.000000000000000000e+00 0.000000000000000000e+00 0.000000000000000000e+00 1.000000000000000000e+00
1.724470853805541992e-01 1.163396462798118591e-01 -9.781242012977600098e-01 3.860192000865936279e-01
-1.548485010862350464e-01 9.838553667068481445e-01 8.972090482711791992e-02 2.077339030802249908e-02
9.727711081504821777e-01 1.359889805316925049e-01 1.876781135797500610e-01 6.154243601486086845e-04
0.000000000000000000e+00 0.000000000000000000e+00 0.000000000000000000e+00 1.000000000000000000e+00
1.806641966104507446e-01 1.286921799182891846e-01 -9.750890731811523438e-01 3.877209722995758057e-01
-1.767027378082275391e-01 9.795183539390563965e-01 9.653729200363159180e-02 2.061408385634422302e-02
9.675414562225341797e-01 1.548600643873214722e-01 1.997041702270507812e-01 4.449657630175352097e-03
0.000000000000000000e+00 0.000000000000000000e+00 0.000000000000000000e+00 1.000000000000000000e+00
2.079537808895111084e-01 1.337780356407165527e-01 -9.689474701881408691e-01 3.894090354442596436e-01
-1.931977272033691406e-01 9.767058491706848145e-01 9.338542819023132324e-02 2.437441423535346985e-02
9.588691592216491699e-01 1.677786260843276978e-01 2.289552986621856689e-01 2.219833200797438622e-03
0.000000000000000000e+00 0.000000000000000000e+00 0.000000000000000000e+00 1.000000000000000000e+00
2.486276924610137939e-01 1.382617205381393433e-01 -9.586803913116455078e-01 3.900423645973205566e-01
-2.174100428819656372e-01 9.724703431129455566e-01 8.386666327714920044e-02 2.933826111257076263e-02
9.438841342926025391e-01 1.875751018524169922e-01 2.718424797058105469e-01 -5.421212874352931976e-03
0.000000000000000000e+00 0.000000000000000000e+00 0.000000000000000000e+00 1.000000000000000000e+00
3.154826760292053223e-01 1.659798026084899902e-01 -9.343023896217346191e-01 3.942372500896453857e-01
-2.358225882053375244e-01 9.674093723297119141e-01 9.223189204931259155e-02 2.604649402201175690e-02
9.191616773605346680e-01 1.912321001291275024e-01 3.443427979946136475e-01 -1.746259443461894989e-02
0.000000000000000000e+00 0.000000000000000000e+00 0.000000000000000000e+00 1.000000000000000000e+00
3.722875118255615234e-01 2.191306501626968384e-01 -9.018778204917907715e-01 4.093962311744689941e-01
-2.390283197164535522e-01 9.615863561630249023e-01 1.349693387746810913e-01 1.091776043176651001e-02
8.968095779418945312e-01 1.653270274400711060e-01 4.103651344776153564e-01 -2.657107822597026825e-02
0.000000000000000000e+00 0.000000000000000000e+00 0.000000000000000000e+00 1.000000000000000000e+00
4.070498049259185791e-01 2.412065714597702026e-01 -8.809820413589477539e-01 4.143435060977935791e-01
-2.726467549800872803e-01 9.526175260543823242e-01 1.348458826541900635e-01 1.234739925712347031e-02
8.717648386955261230e-01 1.853080242872238159e-01 4.535271525382995605e-01 -4.440101236104965210e-02
0.000000000000000000e+00 0.000000000000000000e+00 0.000000000000000000e+00 1.000000000000000000e+00
3.896691799163818359e-01 2.497077137231826782e-01 -8.864556550979614258e-01 4.054822623729705811e-01
-2.028880566358566284e-01 9.621679782867431641e-01 1.818494945764541626e-01 -8.033144287765026093e-03
8.983284831047058105e-01 1.089901849627494812e-01 4.255898892879486084e-01 -4.142830520868301392e-02
0.000000000000000000e+00 0.000000000000000000e+00 0.000000000000000000e+00 1.000000000000000000e+00
3.889831304550170898e-01 2.481138408184051514e-01 -8.872044086456298828e-01 3.997531831264495850e-01
-1.665763705968856812e-01 9.661180973052978516e-01 1.971495151519775391e-01 -1.562062837183475494e-02
9.060599803924560547e-01 7.109945267438888550e-02 4.171336591243743896e-01 -4.205598309636116028e-02
0.000000000000000000e+00 0.000000000000000000e+00 0.000000000000000000e+00 1.000000000000000000e+00
3.508329987525939941e-01 2.647405266761779785e-01 -8.982365131378173828e-01 3.787035942077636719e-01
-6.397449970245361328e-02 9.637403488159179688e-01 2.590596675872802734e-01 -4.631325230002403259e-02
9.342501163482666016e-01 -3.342236950993537903e-02 3.550484776496887207e-01 -2.854648977518081665e-02
0.000000000000000000e+00 0.000000000000000000e+00 0.000000000000000000e+00 1.000000000000000000e+00
3.275522291660308838e-01 3.081120550632476807e-01 -8.931832313537597656e-01 3.580019176006317139e-01
-3.450449556112289429e-02 9.486048817634582520e-01 3.145765662193298340e-01 -7.728061079978942871e-02
9.442028999328613281e-01 -7.222141325473785400e-02 3.213489055633544922e-01 -1.933565922081470490e-02
0.000000000000000000e+00 0.000000000000000000e+00 0.000000000000000000e+00 1.000000000000000000e+00
3.307889103889465332e-01 3.596963286399841309e-01 -8.724660873413085938e-01 3.398769199848175049e-01
7.482108194380998611e-03 9.234830737113952637e-01 3.835660815238952637e-01 -1.045093908905982971e-01
9.436751604080200195e-01 -1.334072947502136230e-01 3.027867972850799561e-01 -1.472426671534776688e-02
0.000000000000000000e+00 0.000000000000000000e+00 0.000000000000000000e+00 1.000000000000000000e+00
3.661297559738159180e-01 3.839726150035858154e-01 -8.476520180702209473e-01 3.242400288581848145e-01
5.839836969971656799e-02 8.996254205703735352e-01 4.327399134635925293e-01 -1.229148358106613159e-01
9.287295341491699219e-01 -2.079404741525650024e-01 3.069562017917633057e-01 -1.981444656848907471e-02
0.000000000000000000e+00 0.000000000000000000e+00 0.000000000000000000e+00 1.000000000000000000e+00
4.210985302925109863e-01 4.214751124382019043e-01 -8.031403422355651855e-01 3.011147081851959229e-01
1.251074969768524170e-01 8.500223755836486816e-01 5.116738080978393555e-01 -1.525578647851943970e-01
8.983454704284667969e-01 -3.159439265727996826e-01 3.052135407924652100e-01 -2.402721904218196869e-02
0.000000000000000000e+00 0.000000000000000000e+00 0.000000000000000000e+00 1.000000000000000000e+00
4.392263591289520264e-01 4.569046497344970703e-01 -7.735102772712707520e-01 2.866163253784179688e-01
1.452083885669708252e-01 8.135808110237121582e-01 5.630282163619995117e-01 -1.718882918357849121e-01
8.865635395050048828e-01 -3.596170246601104736e-01 2.909997701644897461e-01 -2.214014902710914612e-02
0.000000000000000000e+00 0.000000000000000000e+00 0.000000000000000000e+00 1.000000000000000000e+00
4.379970431327819824e-01 5.070147514343261719e-01 -7.423571944236755371e-01 2.694855034351348877e-01
1.689030677080154419e-01 7.646626234054565430e-01 6.219029426574707031e-01 -1.913242787122726440e-01
8.829666972160339355e-01 -3.977780640125274658e-01 2.492836564779281616e-01 -1.118510775268077850e-02
0.000000000000000000e+00 0.000000000000000000e+00 0.000000000000000000e+00 1.000000000000000000e+00
4.716348350048065186e-01 5.166484713554382324e-01 -7.145872116088867188e-01 2.550816237926483154e-01
1.676895171403884888e-01 7.430407404899597168e-01 6.478968858718872070e-01 -2.004613429307937622e-01
8.657023310661315918e-01 -4.253995120525360107e-01 2.638072967529296875e-01 -1.849897392094135284e-02
0.000000000000000000e+00 0.000000000000000000e+00 0.000000000000000000e+00 1.000000000000000000e+00
4.833947718143463135e-01 5.265293717384338379e-01 -6.993543505668640137e-01 2.438102066516876221e-01
1.839255541563034058e-01 7.199750542640686035e-01 6.691836714744567871e-01 -2.064768671989440918e-01
8.558625578880310059e-01 -4.521089792251586914e-01 2.511901557445526123e-01 -1.691637374460697174e-02
0.000000000000000000e+00 0.000000000000000000e+00 0.000000000000000000e+00 1.000000000000000000e+00
4.635629653930664062e-01 5.734428167343139648e-01 -6.754795312881469727e-01 2.294653803110122681e-01
1.839523911476135254e-01 6.834441423416137695e-01 7.064458131790161133e-01 -2.172836810350418091e-01
8.667587041854858398e-01 -4.517381191253662109e-01 2.113333195447921753e-01 -8.055319078266620636e-03
0.000000000000000000e+00 0.000000000000000000e+00 0.000000000000000000e+00 1.000000000000000000e+00
4.081741571426391602e-01 6.533306837081909180e-01 -6.376149654388427734e-01 2.066899389028549194e-01
1.488478928804397583e-01 6.414713859558105469e-01 7.525677680969238281e-01 -2.290706634521484375e-01
9.006875753402709961e-01 -4.020865559577941895e-01 1.645851880311965942e-01 -2.222877228632569313e-03
0.000000000000000000e+00 0.000000000000000000e+00 0.000000000000000000e+00 1.000000000000000000e+00
2.905794382095336914e-01 7.225939035415649414e-01 -6.272332668304443359e-01 1.983141899108886719e-01
1.330396980047225952e-01 6.186406612396240234e-01 7.743282914161682129e-01 -2.334872335195541382e-01
9.475569128990173340e-01 -3.084508180618286133e-01 8.363054692745208740e-02 1.615343429148197174e-02
0.000000000000000000e+00 0.000000000000000000e+00 0.000000000000000000e+00 1.000000000000000000e+00
3.502395451068878174e-01 7.485837936401367188e-01 -5.629868507385253906e-01 1.750046312808990479e-01
1.299782842397689819e-01 5.563995838165283203e-01 8.206856846809387207e-01 -2.433590143918991089e-01
9.275979399681091309e-01 -3.606126308441162109e-01 9.757358580827713013e-02 1.732853823341429234e-03
0.000000000000000000e+00 0.000000000000000000e+00 0.000000000000000000e+00 1.000000000000000000e+00
4.743935763835906982e-01 7.209490537643432617e-01 -5.051563382148742676e-01 1.542037725448608398e-01
1.201740652322769165e-01 5.154282450675964355e-01 8.484644889831542969e-01 -2.468534409999847412e-01
8.720715045928955078e-01 -4.632126986980438232e-01 1.578763574361801147e-01 -2.295445464551448822e-02
0.000000000000000000e+00 0.000000000000000000e+00 0.000000000000000000e+00 1.000000000000000000e+00
6.078641414642333984e-01 6.823219656944274902e-01 -4.061252772808074951e-01 1.205465942621231079e-01
4.294587671756744385e-02 4.824669659137725830e-01 8.748607635498046875e-01 -2.471257895231246948e-01
7.928787469863891602e-01 -5.492377877235412598e-01 2.639713883399963379e-01 -5.697122961282730103e-02
0.000000000000000000e+00 0.000000000000000000e+00 0.000000000000000000e+00 1.000000000000000000e+00
6.985816955566406250e-01 6.413745284080505371e-01 -3.172101974487304688e-01 9.831848740577697754e-02
-1.089564058929681778e-02 4.528055489063262939e-01 8.915430307388305664e-01 -2.432157099246978760e-01
7.154476046562194824e-01 -6.193590760231018066e-01 3.233098387718200684e-01 -7.387024164199829102e-02
0.000000000000000000e+00 0.000000000000000000e+00 0.000000000000000000e+00 1.000000000000000000e+00
6.983126401901245117e-01 6.869323849678039551e-01 -2.012046873569488525e-01 7.281949371099472046e-02
-9.252292662858963013e-02 3.653593957424163818e-01 9.262570142745971680e-01 -2.553509771823883057e-01
7.097880840301513672e-01 -6.282010674476623535e-01 3.186922669410705566e-01 -6.918080896139144897e-02
0.000000000000000000e+00 0.000000000000000000e+00 0.000000000000000000e+00 1.000000000000000000e+00
6.910390853881835938e-01 7.190234661102294922e-01 -7.395780831575393677e-02 3.889504447579383850e-02
-1.656227856874465942e-01 2.571069896221160889e-01 9.520843625068664551e-01 -2.717552483081817627e-01
7.035862207412719727e-01 -6.456788778305053711e-01 2.967577576637268066e-01 -5.916620045900344849e-02
0.000000000000000000e+00 0.000000000000000000e+00 0.000000000000000000e+00 1.000000000000000000e+00
7.083269953727722168e-01 7.046420574188232422e-01 4.186421632766723633e-02 1.817341661080718040e-03
-2.004666924476623535e-01 1.439407169818878174e-01 9.690683484077453613e-01 -2.850387990474700928e-01
6.768205165863037109e-01 -6.948097944259643555e-01 2.432143390178680420e-01 -4.264947026968002319e-02
0.000000000000000000e+00 0.000000000000000000e+00 0.000000000000000000e+00 1.000000000000000000e+00
7.129558920860290527e-01 6.858350038528442383e-01 1.460283249616622925e-01 -3.747981786727905273e-02
-2.352831661701202393e-01 3.780063241720199585e-02 9.711915850639343262e-01 -2.920988798141479492e-01
6.605572700500488281e-01 -7.267748117446899414e-01 1.883156895637512207e-01 -2.671426907181739807e-02
0.000000000000000000e+00 0.000000000000000000e+00 0.000000000000000000e+00 1.000000000000000000e+00
7.281244397163391113e-01 6.399224400520324707e-01 2.456305772066116333e-01 -7.699507474899291992e-02
-2.425654977560043335e-01 -9.460715204477310181e-02 9.655110836029052734e-01 -2.973193228244781494e-01
6.410905122756958008e-01 -7.625935673713684082e-01 8.633732795715332031e-02 2.624984132125973701e-03
0.000000000000000000e+00 0.000000000000000000e+00 0.000000000000000000e+00 1.000000000000000000e+00
6.871287822723388672e-01 7.152497172355651855e-01 1.275618821382522583e-01 -3.094231337308883667e-02
-2.985566258430480957e-01 1.179106310009956360e-01 9.470801353454589844e-01 -2.740804255008697510e-01
6.623579859733581543e-01 -6.888504624366760254e-01 2.945623695850372314e-01 -7.224024087190628052e-02
0.000000000000000000e+00 0.000000000000000000e+00 0.000000000000000000e+00 1.000000000000000000e+00
6.683156490325927734e-01 7.407509684562683105e-01 6.813025474548339844e-02 -8.647979237139225006e-03
-3.770766556262969971e-01 2.584011554718017578e-01 8.894055485725402832e-01 -2.465935051441192627e-01
6.412231922149658203e-01 -6.200940012931823730e-01 4.520135819911956787e-01 -1.170391961932182312e-01
0.000000000000000000e+00 0.000000000000000000e+00 0.000000000000000000e+00 1.000000000000000000e+00
6.585664749145507812e-01 7.520418763160705566e-01 -2.689448371529579163e-02 2.163629233837127686e-02
-4.423009753227233887e-01 4.157446324825286865e-01 7.946863770484924316e-01 -2.055695205926895142e-01
6.088184714317321777e-01 -5.114581584930419922e-01 6.064242124557495117e-01 -1.574995964765548706e-01
0.000000000000000000e+00 0.000000000000000000e+00 0.000000000000000000e+00 1.000000000000000000e+00
6.430806517601013184e-01 7.584239244461059570e-01 -1.060208529233932495e-01 4.551752284169197083e-02
-5.090738534927368164e-01 5.268049836158752441e-01 6.806763410568237305e-01 -1.619270890951156616e-01
5.720933675765991211e-01 -3.837572634220123291e-01 7.248715758323669434e-01 -1.836249381303787231e-01
0.000000000000000000e+00 0.000000000000000000e+00 0.000000000000000000e+00 1.000000000000000000e+00
6.356230378150939941e-01 7.605963349342346191e-01 -1.321970522403717041e-01 5.231884121894836426e-02
-5.719131231307983398e-01 5.789498686790466309e-01 5.811471939086914062e-01 -1.284047663211822510e-01
5.185540914535522461e-01 -2.937853634357452393e-01 8.029890656471252441e-01 -1.997169405221939087e-01
0.000000000000000000e+00 0.000000000000000000e+00 0.000000000000000000e+00 1.000000000000000000e+00
6.212043762207031250e-01 7.748965620994567871e-01 -1.167908832430839539e-01 4.483707994222640991e-02
-6.614922881126403809e-01 5.984200835227966309e-01 4.520186483860015869e-01 -9.281823784112930298e-02
4.201577007770538330e-01 -2.035395950078964233e-01 8.843295574188232422e-01 -2.160776704549789429e-01
0.000000000000000000e+00 0.000000000000000000e+00 0.000000000000000000e+00 1.000000000000000000e+00
5.998381376266479492e-01 7.862785458564758301e-01 -1.481887549161911011e-01 4.898380115628242493e-02
-7.138079404830932617e-01 6.095472574234008789e-01 3.448622822761535645e-01 -6.207220628857612610e-02
3.614859879016876221e-01 -1.010831668972969055e-01 9.268817901611328125e-01 -2.227665632963180542e-01
0.000000000000000000e+00 0.000000000000000000e+00 0.000000000000000000e+00 1.000000000000000000e+00
5.906186103820800781e-01 7.826510071754455566e-01 -1.965379267930984497e-01 5.755355209112167358e-02
-7.519717216491699219e-01 6.221665143966674805e-01 2.178244441747665405e-01 -2.504984103143215179e-02
2.927597761154174805e-01 1.913983002305030823e-02 9.559943079948425293e-01 -2.251898050308227539e-01
0.000000000000000000e+00 0.000000000000000000e+00 0.000000000000000000e+00 1.000000000000000000e+00
5.750864148139953613e-01 7.920895814895629883e-01 -2.046199142932891846e-01 5.812712758779525757e-02
-7.824297547340393066e-01 6.055783629417419434e-01 1.451840251684188843e-01 -5.102574825286865234e-03
2.389121949672698975e-01 7.660739123821258545e-02 9.680145978927612305e-01 -2.261148393154144287e-01
0.000000000000000000e+00 0.000000000000000000e+00 0.000000000000000000e+00 1.000000000000000000e+00
5.491406321525573730e-01 8.114873766899108887e-01 -1.998313963413238525e-01 5.391741916537284851e-02
-8.264519572257995605e-01 5.628219246864318848e-01 1.443446986377239227e-02 2.908485569059848785e-02
1.241828426718711853e-01 1.572245508432388306e-01 9.797240495681762695e-01 -2.265424281358718872e-01
0.000000000000000000e+00 0.000000000000000000e+00 0.000000000000000000e+00 1.000000000000000000e+00
5.349440574645996094e-01 8.222411870956420898e-01 -1.943041384220123291e-01 4.959770292043685913e-02
-8.448873758316040039e-01 5.205578207969665527e-01 -1.232263892889022827e-01 6.548471748828887939e-02
-1.753163815010339022e-04 2.300843447446823120e-01 9.731706976890563965e-01 -2.223320454359054565e-01
0.000000000000000000e+00 0.000000000000000000e+00 0.000000000000000000e+00 1.000000000000000000e+00
5.304024815559387207e-01 8.242220282554626465e-01 -1.983204334974288940e-01 4.814344272017478943e-02
-8.405061364173889160e-01 4.807725250720977783e-01 -2.498140633106231689e-01 9.763386845588684082e-02
-1.105552986264228821e-01 2.991915643215179443e-01 9.477668404579162598e-01 -2.112431526184082031e-01
0.000000000000000000e+00 0.000000000000000000e+00 0.000000000000000000e+00 1.000000000000000000e+00
4.860092997550964355e-01 8.429223299026489258e-01 -2.308180928230285645e-01 5.551919341087341309e-02
-8.428243398666381836e-01 3.821951150894165039e-01 -3.789116144180297852e-01 1.307204067707061768e-01
-2.311755120754241943e-01 3.786936402320861816e-01 8.961858153343200684e-01 -1.923117786645889282e-01
0.000000000000000000e+00 0.000000000000000000e+00 0.000000000000000000e+00 1.000000000000000000e+00
4.616838395595550537e-01 8.497889637947082520e-01 -2.543750107288360596e-01 6.207051873207092285e-02
-8.240653872489929199e-01 3.047653138637542725e-01 -4.775292277336120605e-01 1.560968160629272461e-01
-3.282743990421295166e-01 4.300891458988189697e-01 8.409870266914367676e-01 -1.742770373821258545e-01
0.000000000000000000e+00 0.000000000000000000e+00 0.000000000000000000e+00 1.000000000000000000e+00
4.484410285949707031e-01 8.445622324943542480e-01 -2.926006317138671875e-01 7.505851984024047852e-02
-8.048633933067321777e-01 2.391965538263320923e-01 -5.431204438209533691e-01 1.724517345428466797e-01
-3.887100219726562500e-01 4.790610373020172119e-01 7.870229482650756836e-01 -1.575315445661544800e-01
0.000000000000000000e+00 0.000000000000000000e+00 0.000000000000000000e+00 1.000000000000000000e+00
4.215797781944274902e-01 8.503448963165283203e-01 -3.149347901344299316e-01 8.620549738407135010e-02
-7.868551611900329590e-01 1.704275012016296387e-01 -5.931387543678283691e-01 1.831398904323577881e-01
-4.506990015506744385e-01 4.978633821010589600e-01 7.409471273422241211e-01 -1.401456594467163086e-01
0.000000000000000000e+00 0.000000000000000000e+00 0.000000000000000000e+00 1.000000000000000000e+00
3.913677036762237549e-01 8.639588356018066406e-01 -3.168695271015167236e-01 9.381445497274398804e-02
-7.798482775688171387e-01 1.285786032676696777e-01 -6.126206517219543457e-01 1.847223639488220215e-01
-4.885364472866058350e-01 4.868701696395874023e-01 7.240784168243408203e-01 -1.293690502643585205e-01
0.000000000000000000e+00 0.000000000000000000e+00 0.000000000000000000e+00 1.000000000000000000e+00
3.185872733592987061e-01 8.961513638496398926e-01 -3.088928461074829102e-01 9.995906800031661987e-02
-7.758175730705261230e-01 5.928651243448257446e-02 -6.281658411026000977e-01 1.829440444707870483e-01
-5.446183681488037109e-01 4.397701323032379150e-01 7.141379714012145996e-01 -1.203451529145240784e-01
0.000000000000000000e+00 0.000000000000000000e+00 0.000000000000000000e+00 1.000000000000000000e+00
1.109865233302116394e-01 9.681239724159240723e-01 -2.245393097400665283e-01 9.210799634456634521e-02
-7.858443856239318848e-01 -5.281861126422882080e-02 -6.161645650863647461e-01 1.674295961856842041e-01
-6.083835363388061523e-01 2.448389083147048950e-01 7.549327015876770020e-01 -1.282417476177215576e-01
0.000000000000000000e+00 0.000000000000000000e+00 0.000000000000000000e+00 1.000000000000000000e+00
-5.738513544201850891e-02 9.757230877876281738e-01 -2.113563418388366699e-01 9.057983756065368652e-02
-7.896574139595031738e-01 -1.738960146903991699e-01 -5.883888006210327148e-01 1.510747820138931274e-01
-6.108585596084594727e-01 1.331343054771423340e-01 7.804659605026245117e-01 -1.351836919784545898e-01
0.000000000000000000e+00 0.000000000000000000e+00 0.000000000000000000e+00 1.000000000000000000e+00
-1.721032112836837769e-01 9.538299441337585449e-01 -2.461476922035217285e-01 9.739200770854949951e-02
-7.490010857582092285e-01 -2.890059053897857666e-01 -5.962154269218444824e-01 1.548237949609756470e-01
-6.398263573646545410e-01 8.175425231456756592e-02 7.641586661338806152e-01 -1.289873570203781128e-01
0.000000000000000000e+00 0.000000000000000000e+00 0.000000000000000000e+00 1.000000000000000000e+00
-1.940365582704544067e-01 9.541306495666503906e-01 -2.280008941888809204e-01 9.871580451726913452e-02
-7.084303498268127441e-01 -2.970581948757171631e-01 -6.402208209037780762e-01 1.696870774030685425e-01
-6.785838603973388672e-01 3.729652240872383118e-02 7.335754036903381348e-01 -1.173941642045974731e-01
0.000000000000000000e+00 0.000000000000000000e+00 0.000000000000000000e+00 1.000000000000000000e+00
-2.554787695407867432e-01 9.344375133514404297e-01 -2.481070458889007568e-01 1.120677962899208069e-01
-6.945741772651672363e-01 -3.559041917324066162e-01 -6.252191066741943359e-01 1.630382835865020752e-01
-6.725305318832397461e-01 1.259845122694969177e-02 7.399621605873107910e-01 -1.083957552909851074e-01
0.000000000000000000e+00 0.000000000000000000e+00 0.000000000000000000e+00 1.000000000000000000e+00
2.609327435493469238e-01 8.962455391883850098e-01 -3.586893379688262939e-01 9.309840202331542969e-02
-7.373026609420776367e-01 -5.481929704546928406e-02 -6.733347177505493164e-01 1.828577220439910889e-01
-6.231364011764526367e-01 4.401577115058898926e-01 6.465000510215759277e-01 -9.746058285236358643e-02
0.000000000000000000e+00 0.000000000000000000e+00 0.000000000000000000e+00 1.000000000000000000e+00
5.155890583992004395e-01 8.073138594627380371e-01 -2.870750427246093750e-01 6.136256456375122070e-02
-7.652804851531982422e-01 2.831922173500061035e-01 -5.780551433563232422e-01 1.750149577856063843e-01
-3.853746056556701660e-01 5.177317261695861816e-01 7.638325095176696777e-01 -1.601997017860412598e-01
0.000000000000000000e+00 0.000000000000000000e+00 0.000000000000000000e+00 1.000000000000000000e+00
5.428832173347473145e-01 8.181332349777221680e-01 -1.895671337842941284e-01 3.294518962502479553e-02
-7.696907520294189453e-01 3.944206833839416504e-01 -5.020042657852172852e-01 1.582124680280685425e-01
-3.359372615814208984e-01 4.184377193450927734e-01 8.438341021537780762e-01 -1.915489733219146729e-01
0.000000000000000000e+00 0.000000000000000000e+00 0.000000000000000000e+00 1.000000000000000000e+00
5.494861602783203125e-01 8.240486383438110352e-01 -1.378716528415679932e-01 1.807066798210144043e-02
-7.707579135894775391e-01 4.362634420394897461e-01 -4.643342792987823486e-01 1.499308645725250244e-01
-3.224857747554779053e-01 3.614108860492706299e-01 8.748628497123718262e-01 -2.053018212318420410e-01
0.000000000000000000e+00 0.000000000000000000e+00 0.000000000000000000e+00 1.000000000000000000e+00
5.528222918510437012e-01 8.307695984840393066e-01 -6.487918645143508911e-02 -4.030187148600816727e-03
-7.804878354072570801e-01 4.889381825923919678e-01 -3.895869553089141846e-01 1.306522637605667114e-01
-2.919351160526275635e-01 2.660097777843475342e-01 9.187016487121582031e-01 -2.228606194257736206e-01
0.000000000000000000e+00 0.000000000000000000e+00 0.000000000000000000e+00 1.000000000000000000e+00
