-0.2194869816303253 0.8094910383224487 0.544563889503479 -0.153195783495903 
-0.8644566535949707 0.09738629311323166 -0.4931842684745789 0.2035160809755325 
-0.4522612988948822 -0.578999400138855 0.6783947944641113 -0.2095110714435577 
0 0 0 1 

-0.2328792214393616 0.7056387066841125 0.6692094802856445 -0.2006326019763947 
-0.8935385346412659 0.1163665130734444 -0.4336448311805725 0.1838226765394211 
-0.3838701248168945 -0.6989513039588928 0.6034159660339355 -0.1853415817022324 
0 0 0 1 

-0.2016718089580536 0.6808918118476868 0.704069972038269 -0.2147785127162933 
-0.9265976548194885 0.100316971540451 -0.3624265789985657 0.1609071791172028 
-0.3174034357070923 -0.7254809141159058 0.6106818914413452 -0.188463032245636 
0 0 0 1 

-0.1426570564508438 0.6529493927955627 0.7438454031944275 -0.2307996600866318 
-0.9570593237876892 0.1006178185343742 -0.2718704640865326 0.1299265921115875 
-0.2523617148399353 -0.7506884336471558 0.610557496547699 -0.1860887408256531 
0 0 0 1 

-0.1779370158910751 0.5558260083198547 0.8120318651199341 -0.2542406916618347 
-0.9617531895637512 0.07640727609395981 -0.2630447149276733 0.1295486688613892 
-0.2082522213459015 -0.8277797102928162 0.5209718346595764 -0.1514711827039719 
0 0 0 1 

-0.2042055726051331 0.4878976345062256 0.8486788868904114 -0.2511388063430786 
-0.9547476768493652 -0.2907600700855255 -0.06257212162017822 0.07825773954391479 
0.2162332087755203 -0.8230518102645874 0.5251941084861755 -0.1768367737531662 
0 0 0 1 

-0.180042639374733 0.4836094677448273 0.8565664887428284 -0.2570348978042603 
-0.9788870811462402 -0.1737541258335114 -0.1076534315943718 0.09343787282705307 
0.09676992148160934 -0.8578642010688782 0.5046824812889099 -0.1596440374851227 
0 0 0 1 

-0.1145627275109291 0.6035497784614563 0.7890519499778748 -0.2423813790082932 
-0.9929540753364563 -0.09378812462091446 -0.07242839783430099 0.07921931892633438 
0.03028963692486286 -0.7917900085449219 0.6100418567657471 -0.1875740140676498 
0 0 0 1 

0.02156407199800014 0.754586398601532 0.6558462381362915 -0.2084892392158508 
-0.9997411370277405 0.021036671474576 0.008667457848787308 0.04921521991491318 
-0.007256475742906332 -0.6558634042739868 0.7548447251319885 -0.2306619882583618 
0 0 0 1 

0.0130559541285038 0.808699905872345 0.5880765914916992 -0.1831317543983459 
-0.9994462132453918 0.02855564467608929 -0.01707982830703259 0.05475015193223953 
-0.03060534223914146 -0.5875277519226074 0.8086251020431519 -0.2496455013751984 
0 0 0 1 

