0.1894779205322266 0.973557710647583 -0.1276062875986099 0.04413670301437378 
-0.9741976261138916 0.2026305943727493 0.09939663112163544 -0.002530470956116915 
0.1226252913475037 0.1054802909493446 0.9868317842483521 -0.3031353056430817 
0 0 0 1 

0.1131031662225723 0.9852158427238464 -0.1286758929491043 0.04655413702130318 
-0.9719758629798889 0.1365734189748764 0.191339448094368 -0.03408345580101013 
0.206084355711937 0.1034287512302399 0.9730527997016907 -0.3000864088535309 
0 0 0 1 

0.1911783069372177 0.9749387502670288 -0.1137779876589775 0.04076841101050377 
-0.9547457695007324 0.211609736084938 0.2090021669864655 -0.03909911960363388 
0.2278408259153366 0.06867236644029617 0.9712737202644348 -0.2975422441959381 
0 0 0 1 

0.2764214873313904 0.9540621042251587 -0.1155701652169228 0.03888554871082306 
-0.9389725923538208 0.2937356531620026 0.1790242195129395 -0.02737223729491234 
0.2047473192214966 0.05903109908103943 0.9770331978797913 -0.2967814207077026 
0 0 0 1 

0.3276521265506744 0.9374901056289673 -0.1172871366143227 0.03817884624004364 
-0.9346119165420532 0.3397923707962036 0.1050790548324585 -0.001310102408751845 
0.138363853096962 0.07518859952688217 0.9875231981277466 -0.2963047027587891 
0 0 0 1 

0.364268034696579 0.9182080626487732 -0.1555717587471008 0.04829199612140656 
-0.9288070797920227 0.3703904747962952 0.0113180736079812 0.03147586062550545 
0.06801462918519974 0.1403733640909195 0.9877597689628601 -0.2923763394355774 
0 0 0 1 

0.4026226699352264 0.9008052945137024 -0.1626181602478027 0.04867653921246529 
-0.9153608679771423 0.3968096673488617 -0.06823830306529999 0.05839332938194275 
0.003059015609323978 0.1763285994529724 0.9843266010284424 -0.2877009809017181 
0 0 0 1 

0.3561645448207855 0.9001734256744385 -0.2506682574748993 0.06669743359088898 
-0.8948259353637695 0.4058349430561066 0.1859690248966217 -0.002092158421874046 
0.2691343128681183 0.1580689400434494 0.9500426054000854 -0.3156289160251617 
0 0 0 1 

0.2887674570083618 0.8909769654273987 -0.3503901958465576 0.1044728085398674 
-0.9160968661308289 0.3634759485721588 0.1692676842212677 0.005052747204899788 
0.2781720161437988 0.2721123993396759 0.9211813807487488 -0.3068145513534546 
0 0 0 1 

0.9739570617675781 0.01423726789653301 -0.2262841910123825 0.0255800373852253 
-0.0373791828751564 0.9944527745246887 -0.09831614792346954 0.03126883506774902 
0.2236292511224747 0.1042140573263168 0.9690868258476257 -0.2836305797100067 
0 0 0 1 

