-0.2247475236654282 0.8719237446784973 0.4350143074989319 -0.1133627668023109 
-0.8109243512153625 0.08016281574964523 -0.5796339511871338 0.2302011549472809 
-0.5402685403823853 -0.4830350577831268 0.6890479326248169 -0.2065279930830002 
0 0 0 1 

-0.1991522610187531 0.8274922966957092 0.5249711275100708 -0.1474495232105255 
-0.865182101726532 0.1031098291277885 -0.4907423555850983 0.2024103403091431 
-0.4602152407169342 -0.5519281625747681 0.6953971385955811 -0.2144320011138916 
0 0 0 1 

-0.1893765926361084 0.7518330216407776 0.6315721869468689 -0.1893562525510788 
-0.8998787999153137 0.1244715377688408 -0.4180010557174683 0.1783009916543961 
-0.3928797543048859 -0.6474981307983398 0.6529866456985474 -0.200491264462471 
0 0 0 1 

-0.1680219918489456 0.7252056002616882 0.6677165627479553 -0.2036439478397369 
-0.9347334504127502 0.09794022887945175 -0.3415860235691071 0.1539150923490524 
-0.3131164014339447 -0.6815310120582581 0.6614178419113159 -0.2043748050928116 
0 0 0 1 

-0.1142986416816711 0.7086724042892456 0.6962175965309143 -0.2158018052577972 
-0.9619014263153076 0.0962536558508873 -0.2558917105197906 0.1253392994403839 
-0.2483567893505096 -0.6989409327507019 0.6706715822219849 -0.2054371535778046 
0 0 0 1 

-0.1459040343761444 0.6194304227828979 0.7713740468025208 -0.2422897517681122 
-0.9651752710342407 0.0820099338889122 -0.2484169900417328 0.1252220720052719 
-0.2171373069286346 -0.7807562351226807 0.5858933925628662 -0.1720500290393829 
0 0 0 1 

-0.2024583220481873 0.5838440656661987 0.786216676235199 -0.2462349981069565 
-0.9730108976364136 -0.02915369905531406 -0.2289101630449295 0.1209686025977135 
-0.1107266843318939 -0.811342179775238 0.5739890336990356 -0.1667424291372299 
0 0 0 1 

-0.2474306225776672 0.44887775182724 0.8586539626121521 -0.2623765468597412 
-0.9655453562736511 -0.04049159213900566 -0.2570648491382599 0.1305386573076248 
-0.08062230050563812 -0.8926751613616943 0.4434309005737305 -0.1209061145782471 
0 0 0 1 

-0.3357529044151306 0.3366483747959137 0.8797370791435242 -0.2581709623336792 
-0.941872239112854 -0.1319751143455505 -0.3089641034603119 0.1464510411024094 
0.0120913228020072 -0.9323357343673706 0.36139115691185 -0.09941193461418152 
0 0 0 1 

-0.367377758026123 0.3476454019546509 0.8626567721366882 -0.2449049949645996 
-0.924465537071228 -0.2381793111562729 -0.2977153956890106 0.141574814915657 
0.1019676998257637 -0.9068701267242432 0.4088879525661469 -0.1219492554664612 
0 0 0 1 

