1.000000000000000000e+00 0.000000000000000000e+00 0.000000000000000000e+00 -4.542167112231254578e-02
0.000000000000000000e+00 1.000000000000000000e+00 0.000000000000000000e+00 9.935460984706878662e-04
0.000000000000000000e+00 0.000000000000000000e+00 1.000000000000000000e+00 -2.875000238418579102e-01
0.000000000000000000e+00 0.000000000000000000e+00 0.000000000000000000e+00 1.000000000000000000e+00
9.964374303817749023e-01 8.272161334753036499e-02 1.642418466508388519e-02 -4.898766055703163147e-02
-8.246657252311706543e-02 9.964709877967834473e-01 -1.564296334981918335e-02 9.339244104921817780e-03
-1.766023039817810059e-02 1.423280034214258194e-02 9.997426867485046387e-01 -2.933408915996551514e-01
0.000000000000000000e+00 0.000000000000000000e+00 0.000000000000000000e+00 1.000000000000000000e+00
9.847805500030517578e-01 1.682985424995422363e-01 4.339194670319557190e-02 -5.501767247915267944e-02
-1.660833060741424561e-01 9.848211407661437988e-01 -5.043169483542442322e-02 2.517777867615222931e-02
-5.122093483805656433e-02 4.245744273066520691e-02 9.977843761444091797e-01 -2.920513153076171875e-01
0.000000000000000000e+00 0.000000000000000000e+00 0.000000000000000000e+00 1.000000000000000000e+00
9.657685160636901855e-01 2.549353837966918945e-01 4.794773459434509277e-02 -5.411813408136367798e-02
-2.508435249328613281e-01 9.648972749710083008e-01 -7.778584957122802734e-02 3.843632340431213379e-02
-6.609502434730529785e-02 6.309574842453002930e-02 9.958164095878601074e-01 -2.914138138294219971e-01
0.000000000000000000e+00 0.000000000000000000e+00 0.000000000000000000e+00 1.000000000000000000e+00
9.359715580940246582e-01 3.477762639522552490e-01 5.485172569751739502e-02 -5.338663235306739807e-02
-3.396899700164794922e-01 9.329783916473388672e-01 -1.190034598112106323e-01 5.598659068346023560e-02
-9.256212413311004639e-02 9.275122731924057007e-02 9.913775920867919922e-01 -2.891341447830200195e-01
0.000000000000000000e+00 0.000000000000000000e+00 0.000000000000000000e+00 1.000000000000000000e+00
8.912752866744995117e-01 4.521642923355102539e-01 3.428510949015617371e-02 -4.400260001420974731e-02
-4.440183341503143311e-01 8.855655193328857422e-01 -1.364591717720031738e-01 6.549976021051406860e-02
-9.206374734640121460e-02 1.063994467258453369e-01 9.900521039962768555e-01 -2.900310158729553223e-01
0.000000000000000000e+00 0.000000000000000000e+00 0.000000000000000000e+00 1.000000000000000000e+00
8.428941369056701660e-01 5.377952456474304199e-01 1.748285070061683655e-02 -3.591524064540863037e-02
-5.278991460800170898e-01 8.328006863594055176e-01 -1.666296124458312988e-01 7.816731929779052734e-02
-1.041724085807800293e-01 1.312218904495239258e-01 9.858645796775817871e-01 -2.886443138122558594e-01
0.000000000000000000e+00 0.000000000000000000e+00 0.000000000000000000e+00 1.000000000000000000e+00
7.894719839096069336e-01 6.137253046035766602e-01 8.676510304212570190e-03 -2.970374189317226410e-02
-6.036604642868041992e-01 7.789266109466552734e-01 -1.699025928974151611e-01 8.304677158594131470e-02
-1.110318973660469055e-01 1.288955956697463989e-01 9.854229092597961426e-01 -2.892005145549774170e-01
0.000000000000000000e+00 0.000000000000000000e+00 0.000000000000000000e+00 1.000000000000000000e+00
7.178646326065063477e-01 6.957653164863586426e-01 -2.410390973091125488e-02 -1.466631144285202026e-02
-6.892502307891845703e-01 7.054159641265869141e-01 -1.652949899435043335e-01 8.462493866682052612e-02
-9.800329059362411499e-02 1.352730393409729004e-01 9.859493970870971680e-01 -2.902804017066955566e-01
0.000000000000000000e+00 0.000000000000000000e+00 0.000000000000000000e+00 1.000000000000000000e+00
6.452732682228088379e-01 7.636495232582092285e-01 -2.146963030099868774e-02 -1.022724993526935577e-02
-7.582761645317077637e-01 6.368075013160705566e-01 -1.396157294511795044e-01 7.917571067810058594e-02
-9.294551610946655273e-02 1.063702404499053955e-01 9.899731278419494629e-01 -2.932521104812622070e-01
0.000000000000000000e+00 0.000000000000000000e+00 0.000000000000000000e+00 1.000000000000000000e+00
5.477308034896850586e-01 8.359522819519042969e-01 -3.427403420209884644e-02 -5.037024966441094875e-04
-8.344125747680664062e-01 5.428071618080139160e-01 -9.547960758209228516e-02 6.721096485853195190e-02
-6.121223792433738708e-02 8.089574426412582397e-02 9.948409199714660645e-01 -2.986212968826293945e-01
0.000000000000000000e+00 0.000000000000000000e+00 0.000000000000000000e+00 1.000000000000000000e+00
4.589080810546875000e-01 8.851671814918518066e-01 -7.669764012098312378e-02 1.918037794530391693e-02
-8.883889913558959961e-01 4.558866620063781738e-01 -5.414715036749839783e-02 5.493989959359169006e-02
-1.296384632587432861e-02 9.298589825630187988e-02 9.955831766128540039e-01 -3.026424646377563477e-01
0.000000000000000000e+00 0.000000000000000000e+00 0.000000000000000000e+00 1.000000000000000000e+00
3.526505529880523682e-01 9.300443530082702637e-01 -1.032251641154289246e-01 3.156734630465507507e-02
-9.354653954505920410e-01 3.531326651573181152e-01 -1.417753379791975021e-02 3.982726112008094788e-02
2.326643280684947968e-02 1.015633270144462585e-01 9.945570230484008789e-01 -3.040798604488372803e-01
0.000000000000000000e+00 0.000000000000000000e+00 0.000000000000000000e+00 1.000000000000000000e+00
2.746465206146240234e-01 9.544692635536193848e-01 -1.164351478219032288e-01 3.856971114873886108e-02
-9.585280418395996094e-01 2.813556194305419922e-01 4.542325809597969055e-02 1.722974888980388641e-02
7.611478865146636963e-02 9.913099557161331177e-02 9.921589493751525879e-01 -3.037762641906738281e-01
0.000000000000000000e+00 0.000000000000000000e+00 0.000000000000000000e+00 1.000000000000000000e+00
1.898719966411590576e-01 9.701400399208068848e-01 -1.509211957454681396e-01 5.114486441016197205e-02
-9.730332493782043457e-01 2.064447700977325439e-01 1.028916984796524048e-01 -3.935770131647586823e-03
1.309762150049209595e-01 1.273150295019149780e-01 9.831765294075012207e-01 -3.018707633018493652e-01
0.000000000000000000e+00 0.000000000000000000e+00 0.000000000000000000e+00 1.000000000000000000e+00
1.174913123250007629e-01 9.819296002388000488e-01 -1.483572274446487427e-01 5.191802605986595154e-02
-9.699460864067077637e-01 1.455205529928207397e-01 1.950073391199111938e-01 -3.554650023579597473e-02
2.130725085735321045e-01 1.209868416190147400e-01 9.695163369178771973e-01 -2.992755770683288574e-01
0.000000000000000000e+00 0.000000000000000000e+00 0.000000000000000000e+00 1.000000000000000000e+00
1.923550218343734741e-01 9.720509052276611328e-01 -1.345970481634140015e-01 4.672924801707267761e-02
-9.530963301658630371e-01 2.177172601222991943e-01 2.102533131837844849e-01 -3.983863443136215210e-02
2.336810678243637085e-01 8.784071356058120728e-02 9.683370590209960938e-01 -2.968001961708068848e-01
0.000000000000000000e+00 0.000000000000000000e+00 0.000000000000000000e+00 1.000000000000000000e+00
2.750178277492523193e-01 9.512440562248229980e-01 -1.396415829658508301e-01 4.597373306751251221e-02
-9.373093843460083008e-01 2.976080179214477539e-01 1.813299059867858887e-01 -2.859006449580192566e-02
2.140474766492843628e-01 8.101838827133178711e-02 9.734575748443603516e-01 -2.957110106945037842e-01
0.000000000000000000e+00 0.000000000000000000e+00 0.000000000000000000e+00 1.000000000000000000e+00
3.275211453437805176e-01 9.349712133407592773e-01 -1.362296044826507568e-01 4.325661808252334595e-02
-9.335769414901733398e-01 3.424338400363922119e-01 1.057001277804374695e-01 -1.977534033358097076e-03
1.454762071371078491e-01 9.256184846162796021e-02 9.850221872329711914e-01 -2.956424951553344727e-01
0.000000000000000000e+00 0.000000000000000000e+00 0.000000000000000000e+00 1.000000000000000000e+00
3.606685101985931396e-01 9.164312481880187988e-01 -1.734118014574050903e-01 5.321958661079406738e-02
-9.295585751533508301e-01 3.684207499027252197e-01 1.366514433175325394e-02 3.061399236321449280e-02
7.641166448593139648e-02 1.562678664922714233e-01 9.847546815872192383e-01 -2.918708324432373047e-01
0.000000000000000000e+00 0.000000000000000000e+00 0.000000000000000000e+00 1.000000000000000000e+00
4.001810550689697266e-01 8.978084921836853027e-01 -1.838337779045104980e-01 5.465103313326835632e-02
-9.163367152214050293e-01 3.949566185474395752e-01 -6.584762036800384521e-02 5.690406635403633118e-02
1.348782423883676529e-02 1.948046088218688965e-01 9.807492494583129883e-01 -2.867864072322845459e-01
0.000000000000000000e+00 0.000000000000000000e+00 0.000000000000000000e+00 1.000000000000000000e+00
4.595563113689422607e-01 8.595997095108032227e-01 -2.233746498823165894e-01 6.306498497724533081e-02
-8.871027827262878418e-01 4.320592880249023438e-01 -1.623980849981307983e-01 8.659687638282775879e-02
-4.308628290891647339e-02 2.727873027324676514e-01 9.611088037490844727e-01 -2.758317887783050537e-01
0.000000000000000000e+00 0.000000000000000000e+00 0.000000000000000000e+00 1.000000000000000000e+00
5.328339338302612305e-01 8.217782378196716309e-01 -2.019120603799819946e-01 5.122267082333564758e-02
-8.417232036590576172e-01 4.901290833950042725e-01 -2.264417707920074463e-01 1.039344742894172668e-01
-8.712200820446014404e-02 2.906099855899810791e-01 9.528672099113464355e-01 -2.693473100662231445e-01
0.000000000000000000e+00 0.000000000000000000e+00 0.000000000000000000e+00 1.000000000000000000e+00
5.928346514701843262e-01 7.810592055320739746e-01 -1.961983442306518555e-01 4.492548480629920959e-02
-7.953798174858093262e-01 5.297049880027770996e-01 -2.945896983146667480e-01 1.209729239344596863e-01
-1.261648982763290405e-01 3.306952416896820068e-01 9.352661371231079102e-01 -2.603860199451446533e-01
0.000000000000000000e+00 0.000000000000000000e+00 0.000000000000000000e+00 1.000000000000000000e+00
6.734042763710021973e-01 7.207777500152587891e-01 -1.643348038196563721e-01 2.952419221401214600e-02
-7.196439504623413086e-01 5.882361531257629395e-01 -3.689035177230834961e-01 1.360393017530441284e-01
-1.692299097776412964e-01 3.666839003562927246e-01 9.148244261741638184e-01 -2.498721629381179810e-01
0.000000000000000000e+00 0.000000000000000000e+00 0.000000000000000000e+00 1.000000000000000000e+00
7.332284450531005859e-01 6.626124978065490723e-01 -1.527105867862701416e-01 2.235118485987186432e-02
-6.505337953567504883e-01 6.181795597076416016e-01 -4.412024319171905518e-01 1.507934331893920898e-01
-1.979438066482543945e-01 4.228455424308776855e-01 8.843189477920532227e-01 -2.359981387853622437e-01
0.000000000000000000e+00 0.000000000000000000e+00 0.000000000000000000e+00 1.000000000000000000e+00
7.594833374023437500e-01 6.369399428367614746e-01 -1.322591900825500488e-01 1.437495183199644089e-02
-5.970619916915893555e-01 6.017882823944091797e-01 -5.304409265518188477e-01 1.711546033620834351e-01
-2.582670748233795166e-01 4.818279147148132324e-01 8.373408317565917969e-01 -2.146710008382797241e-01
0.000000000000000000e+00 0.000000000000000000e+00 0.000000000000000000e+00 1.000000000000000000e+00
7.910500764846801758e-01 5.959700345993041992e-01 -1.380558311939239502e-01 1.304344739764928818e-02
-5.318924784660339355e-01 5.585584044456481934e-01 -6.364768743515014648e-01 1.983346045017242432e-01
-3.022089898586273193e-01 5.769158601760864258e-01 7.588396072387695312e-01 -1.859857887029647827e-01
0.000000000000000000e+00 0.000000000000000000e+00 0.000000000000000000e+00 1.000000000000000000e+00
8.086861968040466309e-01 5.728207230567932129e-01 -1.338026672601699829e-01 1.043075509369373322e-02
-4.825623929500579834e-01 5.159375667572021484e-01 -7.077724337577819824e-01 2.172449529170989990e-01
-3.363928198814392090e-01 6.369337439537048340e-01 6.936534643173217773e-01 -1.623583287000656128e-01
0.000000000000000000e+00 0.000000000000000000e+00 0.000000000000000000e+00 1.000000000000000000e+00
8.384445905685424805e-01 5.297104120254516602e-01 -1.281300932168960571e-01 5.975829903036355972e-03
-4.141034483909606934e-01 4.663824141025543213e-01 -7.816684842109680176e-01 2.363621443510055542e-01
-3.543003797531127930e-01 7.084448337554931641e-01 6.103907823562622070e-01 -1.388361155986785889e-01
0.000000000000000000e+00 0.000000000000000000e+00 0.000000000000000000e+00 1.000000000000000000e+00
8.679434061050415039e-01 4.896861016750335693e-01 -8.295608311891555786e-02 -9.029155597090721130e-03
-3.231223821640014648e-01 4.298947453498840332e-01 -8.430789709091186523e-01 2.509364187717437744e-01
-3.771817684173583984e-01 7.585498690605163574e-01 5.313528776168823242e-01 -1.174360662698745728e-01
0.000000000000000000e+00 0.000000000000000000e+00 0.000000000000000000e+00 1.000000000000000000e+00
8.880187869071960449e-01 4.562268853187561035e-01 -5.727004632353782654e-02 -1.680428907275199890e-02
-2.231508046388626099e-01 3.187106549739837646e-01 -9.212095737457275391e-01 2.657929062843322754e-01
-4.020280539989471436e-01 8.308311700820922852e-01 3.848284184932708740e-01 -7.790234684944152832e-02
0.000000000000000000e+00 0.000000000000000000e+00 0.000000000000000000e+00 1.000000000000000000e+00
8.796653747558593750e-01 4.747658669948577881e-01 -2.803747355937957764e-02 -2.978836558759212494e-02
-9.371962398290634155e-02 1.152474060654640198e-01 -9.889056682586669922e-01 2.829111516475677490e-01
-4.662675559520721436e-01 8.725339174270629883e-01 1.458740532398223877e-01 -1.112979557365179062e-02
0.000000000000000000e+00 0.000000000000000000e+00 0.000000000000000000e+00 1.000000000000000000e+00
8.691079020500183105e-01 4.935433566570281982e-01 -3.265079855918884277e-02 -2.526423893868923187e-02
-9.337978810071945190e-02 9.889658540487289429e-02 -9.907065033912658691e-01 2.827657163143157959e-01
-4.857276678085327148e-01 8.640798330307006836e-01 1.320387721061706543e-01 -1.326131448149681091e-02
0.000000000000000000e+00 0.000000000000000000e+00 0.000000000000000000e+00 1.000000000000000000e+00
8.321725130081176758e-01 5.539599657058715820e-01 -2.484420873224735260e-02 -2.356974966824054718e-02
-1.065048798918724060e-01 1.157040074467658997e-01 -9.875569939613342285e-01 2.824469506740570068e-01
-5.441926121711730957e-01 8.244637250900268555e-01 1.552851498126983643e-01 -1.782898791134357452e-02
0.000000000000000000e+00 0.000000000000000000e+00 0.000000000000000000e+00 1.000000000000000000e+00
8.119246363639831543e-01 5.810440778732299805e-01 -5.626695603132247925e-02 -1.453650929033756256e-02
-2.379920035600662231e-01 2.414566725492477417e-01 -9.407754540443420410e-01 2.746605575084686279e-01
-5.330460071563720703e-01 7.772297859191894531e-01 3.343285024166107178e-01 -5.897815153002738953e-02
0.000000000000000000e+00 0.000000000000000000e+00 0.000000000000000000e+00 1.000000000000000000e+00
8.251758813858032227e-01 5.571843385696411133e-01 -9.289917349815368652e-02 -4.871106240898370743e-03
-3.098895847797393799e-01 3.090234994888305664e-01 -8.991509079933166504e-01 2.660667300224304199e-01
-4.722850024700164795e-01 7.707462310791015625e-01 4.276645183563232422e-01 -8.558432757854461670e-02
0.000000000000000000e+00 0.000000000000000000e+00 0.000000000000000000e+00 1.000000000000000000e+00
8.122956156730651855e-01 5.749472975730895996e-01 -9.803817421197891235e-02 -3.639737376943230629e-03
-3.632394969463348389e-01 3.671788275241851807e-01 -8.562923669815063477e-01 2.567302286624908447e-01
-4.563255608081817627e-01 7.311738729476928711e-01 5.071013569831848145e-01 -1.081650033593177795e-01
0.000000000000000000e+00 0.000000000000000000e+00 0.000000000000000000e+00 1.000000000000000000e+00
8.319322466850280762e-01 5.498822331428527832e-01 -7.428241521120071411e-02 -1.542947534471750259e-02
-4.494278430938720703e-01 5.892522931098937988e-01 -6.714137792587280273e-01 2.174353748559951782e-01
-3.254274129867553711e-01 5.919553041458129883e-01 7.373506426811218262e-01 -1.790509074926376343e-01
0.000000000000000000e+00 0.000000000000000000e+00 0.000000000000000000e+00 1.000000000000000000e+00
8.299656510353088379e-01 5.552476644515991211e-01 -5.345041677355766296e-02 -2.242307178676128387e-02
-4.685971140861511230e-01 6.420297622680664062e-01 -6.068065762519836426e-01 1.986977905035018921e-01
-3.026113212108612061e-01 5.286752581596374512e-01 7.930501103401184082e-01 -1.960983425378799438e-01
0.000000000000000000e+00 0.000000000000000000e+00 0.000000000000000000e+00 1.000000000000000000e+00
8.576860427856445312e-01 5.112882852554321289e-01 -5.439487844705581665e-02 -2.304771915078163147e-02
-4.579351842403411865e-01 7.114814519882202148e-01 -5.330005288124084473e-01 1.761956810951232910e-01
-2.338159829378128052e-01 4.820562005043029785e-01 8.443646430969238281e-01 -2.137083262205123901e-01
0.000000000000000000e+00 0.000000000000000000e+00 0.000000000000000000e+00 1.000000000000000000e+00
8.704822659492492676e-01 4.920338392257690430e-01 -1.276620198041200638e-02 -3.325109183788299561e-02
-4.573261737823486328e-01 7.989459037780761719e-01 -3.905611038208007812e-01 1.350702792406082153e-01
-1.819699406623840332e-01 3.458147943019866943e-01 9.204884767532348633e-01 -2.365771681070327759e-01
0.000000000000000000e+00 0.000000000000000000e+00 0.000000000000000000e+00 1.000000000000000000e+00
8.751449584960937500e-01 4.837165772914886475e-01 -1.180656068027019501e-02 -3.170286118984222412e-02
-4.707170128822326660e-01 8.454701900482177734e-01 -2.522014379501342773e-01 9.664317965507507324e-02
-1.120119914412498474e-01 2.262704223394393921e-01 9.676026701927185059e-01 -2.526591122150421143e-01
0.000000000000000000e+00 0.000000000000000000e+00 0.000000000000000000e+00 1.000000000000000000e+00
8.782502412796020508e-01 4.780627191066741943e-01 -1.148978620767593384e-02 -2.799023874104022980e-02
-4.780549407005310059e-01 8.771351575851440430e-01 -4.579483345150947571e-02 3.870141878724098206e-02
-1.181472279131412506e-02 4.571209102869033813e-02 9.988847374916076660e-01 -2.659371793270111084e-01
0.000000000000000000e+00 0.000000000000000000e+00 0.000000000000000000e+00 1.000000000000000000e+00
8.868653774261474609e-01 4.618996977806091309e-01 -1.088543795049190521e-02 -2.655581012368202209e-02
-4.609291851520538330e-01 8.861346840858459473e-01 4.805888235569000244e-02 1.079495251178741455e-02
3.184435144066810608e-02 -3.760433197021484375e-02 9.987853765487670898e-01 -2.684058845043182373e-01
0.000000000000000000e+00 0.000000000000000000e+00 0.000000000000000000e+00 1.000000000000000000e+00
8.948963880538940430e-01 4.461966454982757568e-01 -8.293436840176582336e-03 -2.677797898650169373e-02
-4.400468170642852783e-01 8.853509426116943359e-01 1.500404030084609985e-01 -2.102783136069774628e-02
7.429018616676330566e-02 -1.306211054325103760e-01 9.886451363563537598e-01 -2.676460444927215576e-01
0.000000000000000000e+00 0.000000000000000000e+00 0.000000000000000000e+00 1.000000000000000000e+00
8.967515826225280762e-01 4.424051642417907715e-01 -1.067842822521924973e-02 -2.601712755858898163e-02
-4.251903295516967773e-01 8.680445551872253418e-01 2.563432455062866211e-01 -5.445917695760726929e-02
1.226769760251045227e-01 -2.253359109163284302e-01 9.665268063545227051e-01 -2.630401849746704102e-01
0.000000000000000000e+00 0.000000000000000000e+00 0.000000000000000000e+00 1.000000000000000000e+00
9.002242088317871094e-01 4.350268244743347168e-01 -1.863669417798519135e-02 -2.351952902972698212e-02
-3.976456224918365479e-01 8.388007879257202148e-01 3.718745410442352295e-01 -9.234531968832015991e-02
1.774080395698547363e-01 -3.273597359657287598e-01 9.280958771705627441e-01 -2.533381283283233643e-01
0.000000000000000000e+00 0.000000000000000000e+00 0.000000000000000000e+00 1.000000000000000000e+00
9.032808542251586914e-01 4.287853538990020752e-01 -1.503731403499841690e-02 -2.577551454305648804e-02
-3.743278682231903076e-01 8.047196269035339355e-01 4.607656896114349365e-01 -1.216337010264396667e-01
2.096705883741378784e-01 -4.105719625949859619e-01 8.873941898345947266e-01 -2.433273494243621826e-01
0.000000000000000000e+00 0.000000000000000000e+00 0.000000000000000000e+00 1.000000000000000000e+00
9.161109924316406250e-01 4.007570445537567139e-01 -1.160973124206066132e-02 -2.946466021239757538e-02
-3.286394178867340088e-01 7.672100663185119629e-01 5.508039593696594238e-01 -1.521732211112976074e-01
2.296457290649414062e-01 -5.007818341255187988e-01 8.345540165901184082e-01 -2.302502691745758057e-01
0.000000000000000000e+00 0.000000000000000000e+00 0.000000000000000000e+00 1.000000000000000000e+00
9.090141654014587402e-01 4.164953827857971191e-01 1.497911103069782257e-02 -3.845557942986488342e-02
-3.321257531642913818e-01 7.022264599800109863e-01 6.297384500503540039e-01 -1.757989823818206787e-01
2.517646551132202148e-01 -5.774161219596862793e-01 7.766628265380859375e-01 -2.162625491619110107e-01
0.000000000000000000e+00 0.000000000000000000e+00 0.000000000000000000e+00 1.000000000000000000e+00
9.179070591926574707e-01 3.953505754470825195e-01 3.383978083729743958e-02 -4.611744731664657593e-02
-2.944289743900299072e-01 6.214476823806762695e-01 7.260262966156005859e-01 -2.064703702926635742e-01
2.660055756568908691e-01 -6.763880252838134766e-01 6.868337392807006836e-01 -1.913125067949295044e-01
0.000000000000000000e+00 0.000000000000000000e+00 0.000000000000000000e+00 1.000000000000000000e+00
9.266899824142456055e-01 3.723121881484985352e-01 5.127064883708953857e-02 -5.290225520730018616e-02
-2.650582492351531982e-01 5.507410764694213867e-01 7.914723157882690430e-01 -2.281831204891204834e-01
2.664379775524139404e-01 -7.470393180847167969e-01 6.090507507324218750e-01 -1.677675992250442505e-01
0.000000000000000000e+00 0.000000000000000000e+00 0.000000000000000000e+00 1.000000000000000000e+00
9.351449012756347656e-01 3.502474427223205566e-01 5.320114269852638245e-02 -5.542194470763206482e-02
-2.258047610521316528e-01 4.735778272151947021e-01 8.513140678405761719e-01 -2.486003488302230835e-01
2.729757726192474365e-01 -8.081154823303222656e-01 5.219516158103942871e-01 -1.429124027490615845e-01
0.000000000000000000e+00 0.000000000000000000e+00 0.000000000000000000e+00 1.000000000000000000e+00
9.458827376365661621e-01 3.211270868778228760e-01 4.672627896070480347e-02 -5.670030042529106140e-02
-1.826002001762390137e-01 4.076671898365020752e-01 8.946866989135742188e-01 -2.635788321495056152e-01
2.682593762874603271e-01 -8.548008799552917480e-01 4.442433118820190430e-01 -1.212331503629684448e-01
0.000000000000000000e+00 0.000000000000000000e+00 0.000000000000000000e+00 1.000000000000000000e+00
9.576846957206726074e-01 2.841125130653381348e-01 4.604793712496757507e-02 -5.936511978507041931e-02
-1.458659768104553223e-01 3.411779105663299561e-01 9.286118745803833008e-01 -2.767090797424316406e-01
2.481197118759155273e-01 -8.960341811180114746e-01 3.681833148002624512e-01 -9.785955399274826050e-02
0.000000000000000000e+00 0.000000000000000000e+00 0.000000000000000000e+00 1.000000000000000000e+00
9.629163146018981934e-01 2.612238824367523193e-01 6.748099625110626221e-02 -6.811732053756713867e-02
-1.371215879917144775e-01 2.584297358989715576e-01 9.562485218048095703e-01 -2.893312573432922363e-01
2.323559224605560303e-01 -9.300408959388732910e-01 2.846657931804656982e-01 -6.817240267992019653e-02
0.000000000000000000e+00 0.000000000000000000e+00 0.000000000000000000e+00 1.000000000000000000e+00
9.766204357147216797e-01 2.075589001178741455e-01 5.595780536532402039e-02 -6.789414584636688232e-02
-8.777160942554473877e-02 1.473857164382934570e-01 9.851768612861633301e-01 -3.028164505958557129e-01
1.962348669767379761e-01 -9.670560359954833984e-01 1.621576845645904541e-01 -2.569088526070117950e-02
0.000000000000000000e+00 0.000000000000000000e+00 0.000000000000000000e+00 1.000000000000000000e+00
9.931872487068176270e-01 1.164399683475494385e-01 -4.545461852103471756e-03 -5.249398574233055115e-02
-1.084912195801734924e-02 1.312357932329177856e-01 9.912918210029602051e-01 -3.069474697113037109e-01
1.160225123167037964e-01 -9.844890832901000977e-01 1.316050440073013306e-01 -1.658469252288341522e-02
0.000000000000000000e+00 0.000000000000000000e+00 0.000000000000000000e+00 1.000000000000000000e+00
9.951883554458618164e-01 9.677095711231231689e-02 -1.535386126488447189e-02 -5.038333684206008911e-02
-8.719353936612606049e-03 2.435477972030639648e-01 9.698495864868164062e-01 -3.018372654914855957e-01
9.759267419576644897e-02 -9.650488495826721191e-01 2.432196438312530518e-01 -5.218063294887542725e-02
0.000000000000000000e+00 0.000000000000000000e+00 0.000000000000000000e+00 1.000000000000000000e+00
9.980949163436889648e-01 2.840787917375564575e-02 -5.477195233106613159e-02 -3.615846857428550720e-02
4.433511570096015930e-02 2.871744632720947266e-01 9.568515419960021973e-01 -3.085652589797973633e-01
4.291121661663055420e-02 -9.574568271636962891e-01 2.853676974773406982e-01 -6.283989548683166504e-02
0.000000000000000000e+00 0.000000000000000000e+00 0.000000000000000000e+00 1.000000000000000000e+00
9.897007942199707031e-01 -4.443802312016487122e-02 -1.360775083303451538e-01 -4.823243711143732071e-03
1.430559903383255005e-01 2.726314663887023926e-01 9.514239430427551270e-01 -3.188917934894561768e-01
-5.180411972105503082e-03 -9.610915184020996094e-01 2.761806249618530273e-01 -5.754548311233520508e-02
0.000000000000000000e+00 0.000000000000000000e+00 0.000000000000000000e+00 1.000000000000000000e+00
9.681707024574279785e-01 -5.920371040701866150e-02 -2.431873977184295654e-01 3.055760078132152557e-02
2.502187788486480713e-01 2.521774470806121826e-01 9.347712397575378418e-01 -3.234778940677642822e-01
5.984422750771045685e-03 -9.658684134483337402e-01 2.589646577835083008e-01 -5.104383453726768494e-02
0.000000000000000000e+00 0.000000000000000000e+00 0.000000000000000000e+00 1.000000000000000000e+00
9.724007248878479004e-01 -2.312437258660793304e-02 -2.321673035621643066e-01 2.559144981205463409e-02
2.286966145038604736e-01 2.914985418319702148e-01 9.288306236267089844e-01 -3.213305473327636719e-01
4.619779065251350403e-02 -9.562917351722717285e-01 2.887418866157531738e-01 -6.391997635364532471e-02
0.000000000000000000e+00 0.000000000000000000e+00 0.000000000000000000e+00 1.000000000000000000e+00
9.824004173278808594e-01 4.432061314582824707e-02 -1.814537048339843750e-01 5.319863092154264450e-03
1.572388708591461182e-01 3.281421363353729248e-01 9.314498901367187500e-01 -3.190082609653472900e-01
1.008249968290328979e-01 -9.435878992080688477e-01 3.153979182243347168e-01 -7.828228175640106201e-02
0.000000000000000000e+00 0.000000000000000000e+00 0.000000000000000000e+00 1.000000000000000000e+00
9.855976104736328125e-01 1.251262277364730835e-01 -1.137594282627105713e-01 -1.978436484932899475e-02
6.062995642423629761e-02 3.665196895599365234e-01 9.284326434135437012e-01 -3.126711845397949219e-01
1.578663140535354614e-01 -9.219579100608825684e-01 3.536544740200042725e-01 -9.822268038988113403e-02
0.000000000000000000e+00 0.000000000000000000e+00 0.000000000000000000e+00 1.000000000000000000e+00
9.787543416023254395e-01 2.032109797000885010e-01 -2.729930914938449860e-02 -5.044166371226310730e-02
-3.776658326387405396e-02 3.095417022705078125e-01 9.501354694366455078e-01 -3.142127394676208496e-01
2.015282660722732544e-01 -9.289182424545288086e-01 3.106398284435272217e-01 -8.845535665750503540e-02
0.000000000000000000e+00 0.000000000000000000e+00 0.000000000000000000e+00 1.000000000000000000e+00
9.179319739341735840e-01 3.871724009513854980e-01 8.659181743860244751e-02 -8.582171052694320679e-02
-2.231333106756210327e-01 3.233489990234375000e-01 9.195956587791442871e-01 -2.942723929882049561e-01
3.280428946018218994e-01 -8.634480237960815430e-01 3.832035064697265625e-01 -1.226910054683685303e-01
0.000000000000000000e+00 0.000000000000000000e+00 0.000000000000000000e+00 1.000000000000000000e+00
8.718587756156921387e-01 4.813005626201629639e-01 9.062146395444869995e-02 -8.504879474639892578e-02
-2.828004062175750732e-01 3.436748385429382324e-01 8.954949975013732910e-01 -2.818680107593536377e-01
3.998581469058990479e-01 -8.063730001449584961e-01 4.357479512691497803e-01 -1.479028910398483276e-01
0.000000000000000000e+00 0.000000000000000000e+00 0.000000000000000000e+00 1.000000000000000000e+00
8.366081118583679199e-01 5.446611046791076660e-01 5.857918784022331238e-02 -7.294581830501556396e-02
-3.319755196571350098e-01 4.190273880958557129e-01 8.451083898544311523e-01 -2.630850374698638916e-01
4.357512891292572021e-01 -7.264713048934936523e-01 5.313757061958312988e-01 -1.828361898660659790e-01
0.000000000000000000e+00 0.000000000000000000e+00 0.000000000000000000e+00 1.000000000000000000e+00
8.004381656646728516e-01 5.976223349571228027e-01 4.632783681154251099e-02 -6.653405725955963135e-02
-4.244275689125061035e-01 5.104932785034179688e-01 7.478353381156921387e-01 -2.246266156435012817e-01
4.232730865478515625e-01 -6.182585954666137695e-01 6.622658371925354004e-01 -2.261049151420593262e-01
0.000000000000000000e+00 0.000000000000000000e+00 0.000000000000000000e+00 1.000000000000000000e+00
7.742322087287902832e-01 6.325436234474182129e-01 2.129010297358036041e-02 -5.715456604957580566e-02
-5.040181279182434082e-01 5.958738327026367188e-01 6.252200007438659668e-01 -1.784162074327468872e-01
3.827925324440002441e-01 -4.947958886623382568e-01 7.801581025123596191e-01 -2.623198926448822021e-01
0.000000000000000000e+00 0.000000000000000000e+00 0.000000000000000000e+00 1.000000000000000000e+00
7.519634366035461426e-01 6.591062545776367188e-01 1.139962486922740936e-02 -5.278018116950988770e-02
-5.648947358131408691e-01 6.353728771209716797e-01 5.264933109283447266e-01 -1.418373435735702515e-01
3.397720754146575928e-01 -4.023431539535522461e-01 8.501029610633850098e-01 -2.830589115619659424e-01
0.000000000000000000e+00 0.000000000000000000e+00 0.000000000000000000e+00 1.000000000000000000e+00
6.497940421104431152e-01 7.600858211517333984e-01 6.110426038503646851e-03 -4.416893050074577332e-02
-6.753169894218444824e-01 5.735986828804016113e-01 4.636061191558837891e-01 -1.127656772732734680e-01
3.488756418228149414e-01 -3.053749799728393555e-01 8.860203027725219727e-01 -2.972915768623352051e-01
0.000000000000000000e+00 0.000000000000000000e+00 0.000000000000000000e+00 1.000000000000000000e+00
5.873157382011413574e-01 8.089836239814758301e-01 -2.461156621575355530e-02 -2.900855429470539093e-02
-7.371101975440979004e-01 5.471999645233154297e-01 3.965357840061187744e-01 -8.599380403757095337e-02
3.342585861682891846e-01 -2.147501707077026367e-01 9.176891446113586426e-01 -3.081703186035156250e-01
0.000000000000000000e+00 0.000000000000000000e+00 0.000000000000000000e+00 1.000000000000000000e+00
5.349538326263427734e-01 8.420988321304321289e-01 -6.850925087928771973e-02 -1.040625106543302536e-02
-7.832669019699096680e-01 5.247064828872680664e-01 3.334303796291351318e-01 -6.089692562818527222e-02
3.167287707328796387e-01 -1.247088462114334106e-01 9.402825236320495605e-01 -3.150027096271514893e-01
0.000000000000000000e+00 0.000000000000000000e+00 0.000000000000000000e+00 1.000000000000000000e+00
5.037938952445983887e-01 8.552684783935546875e-01 -1.212735697627067566e-01 1.054919138550758362e-02
-8.177680969238281250e-01 5.174390673637390137e-01 2.520155310630798340e-01 -3.089580498635768890e-02
2.782925665378570557e-01 -2.779020741581916809e-02 9.600940942764282227e-01 -3.196991086006164551e-01
0.000000000000000000e+00 0.000000000000000000e+00 0.000000000000000000e+00 1.000000000000000000e+00
4.343717098236083984e-01 8.847655057907104492e-01 -1.688516736030578613e-01 3.226932510733604431e-02
-8.599374294281005859e-01 4.631240963935852051e-01 2.145300954580307007e-01 -1.485591940581798553e-02
2.680082023143768311e-01 5.201615020632743835e-02 9.620113968849182129e-01 -3.199284374713897705e-01
0.000000000000000000e+00 0.000000000000000000e+00 0.000000000000000000e+00 1.000000000000000000e+00
3.546315431594848633e-01 8.935959339141845703e-01 -2.751775681972503662e-01 7.416951656341552734e-02
-8.929223418235778809e-01 4.109719991683959961e-01 1.838251054286956787e-01 -1.673436490818858147e-03
2.773555815219879150e-01 1.805219799280166626e-01 9.436554312705993652e-01 -3.140919208526611328e-01
0.000000000000000000e+00 0.000000000000000000e+00 0.000000000000000000e+00 1.000000000000000000e+00
2.872819900512695312e-01 8.823072910308837891e-01 -3.728303909301757812e-01 1.111776009202003479e-01
-9.142759442329406738e-01 3.686487674713134766e-01 1.679221689701080322e-01 4.726780578494071960e-03
2.856024205684661865e-01 2.926288545131683350e-01 9.125785231590270996e-01 -3.047443032264709473e-01
0.000000000000000000e+00 0.000000000000000000e+00 0.000000000000000000e+00 1.000000000000000000e+00
2.693678736686706543e-01 8.525243401527404785e-01 -4.479315578937530518e-01 1.371026039123535156e-01
-9.329878687858581543e-01 3.462994396686553955e-01 9.803243726491928101e-02 2.955677732825279236e-02
2.386934459209442139e-01 3.915079534053802490e-01 8.886771798133850098e-01 -2.929964959621429443e-01
0.000000000000000000e+00 0.000000000000000000e+00 0.000000000000000000e+00 1.000000000000000000e+00
1.745098233222961426e-01 7.716888785362243652e-01 -6.115905046463012695e-01 1.968206018209457397e-01
-9.618459343910217285e-01 2.665139734745025635e-01 6.182954460382461548e-02 4.212198406457901001e-02
2.107107043266296387e-01 5.774658322334289551e-01 7.887549400329589844e-01 -2.582234740257263184e-01
0.000000000000000000e+00 0.000000000000000000e+00 0.000000000000000000e+00 1.000000000000000000e+00
1.338831186294555664e-01 6.688675880432128906e-01 -7.312260866165161133e-01 2.390336096286773682e-01
-9.733615517616271973e-01 2.273390293121337891e-01 2.973505668342113495e-02 5.340096354484558105e-02
1.861249953508377075e-01 7.077662348747253418e-01 6.814867854118347168e-01 -2.220980077981948853e-01
0.000000000000000000e+00 0.000000000000000000e+00 0.000000000000000000e+00 1.000000000000000000e+00
1.073834374547004700e-01 5.738821029663085938e-01 -8.118668198585510254e-01 2.661732733249664307e-01
-9.841872453689575195e-01 1.770596504211425781e-01 -5.018115509301424026e-03 6.512628495693206787e-02
1.408690661191940308e-01 7.995680570602416992e-01 5.838208794593811035e-01 -1.881915628910064697e-01
0.000000000000000000e+00 0.000000000000000000e+00 0.000000000000000000e+00 1.000000000000000000e+00
7.739963382482528687e-02 5.052902698516845703e-01 -8.594713807106018066e-01 2.838484346866607666e-01
-9.908968806266784668e-01 1.342259645462036133e-01 -1.032249629497528076e-02 6.749116629362106323e-02
1.101475134491920471e-01 8.524464368820190430e-01 5.110796689987182617e-01 -1.628145277500152588e-01
0.000000000000000000e+00 0.000000000000000000e+00 0.000000000000000000e+00 1.000000000000000000e+00
1.536065191030502319e-01 5.174428224563598633e-01 -8.418182134628295898e-01 2.712213099002838135e-01
-9.879143238067626953e-01 9.829926490783691406e-02 -1.198426932096481323e-01 1.028671935200691223e-01
2.073835395276546478e-02 8.500528931617736816e-01 5.262885689735412598e-01 -1.606162637472152710e-01
0.000000000000000000e+00 0.000000000000000000e+00 0.000000000000000000e+00 1.000000000000000000e+00
2.635675072669982910e-01 5.749652981758117676e-01 -7.745622396469116211e-01 2.418906837701797485e-01
-9.596933126449584961e-01 7.506999373435974121e-02 -2.708385288715362549e-01 1.495297998189926147e-01
-9.757631272077560425e-02 8.147267103195190430e-01 5.715763568878173828e-01 -1.647702306509017944e-01
0.000000000000000000e+00 0.000000000000000000e+00 0.000000000000000000e+00 1.000000000000000000e+00
3.196409642696380615e-01 6.126669049263000488e-01 -7.228204607963562012e-01 2.220399379730224609e-01
-9.289140701293945312e-01 5.210907012224197388e-02 -3.666103184223175049e-01 1.773724257946014404e-01
-1.869444996118545532e-01 7.886218428611755371e-01 5.857710242271423340e-01 -1.627487093210220337e-01
0.000000000000000000e+00 0.000000000000000000e+00 0.000000000000000000e+00 1.000000000000000000e+00
3.661675751209259033e-01 6.354078054428100586e-01 -6.798369884490966797e-01 2.050467729568481445e-01
-8.893227577209472656e-01 2.390617504715919495e-02 -4.566550254821777344e-01 2.024428695440292358e-01
-2.739097476005554199e-01 7.718067765235900879e-01 5.738362669944763184e-01 -1.521649062633514404e-01
0.000000000000000000e+00 0.000000000000000000e+00 0.000000000000000000e+00 1.000000000000000000e+00
4.205827116966247559e-01 6.384519338607788086e-01 -6.445845365524291992e-01 1.889623552560806274e-01
-8.385773301124572754e-01 2.405948704108595848e-03 -5.447772145271301270e-01 2.258385270833969116e-01
-3.462632000446319580e-01 7.696580886840820312e-01 5.364032387733459473e-01 -1.332833170890808105e-01
0.000000000000000000e+00 0.000000000000000000e+00 0.000000000000000000e+00 1.000000000000000000e+00
5.226588845252990723e-01 6.351341009140014648e-01 -5.687109231948852539e-01 1.587221026420593262e-01
-7.296720147132873535e-01 -1.173929497599601746e-02 -6.836966276168823242e-01 2.587041854858398438e-01
-4.409151971340179443e-01 7.723127007484436035e-01 4.573039114475250244e-01 -9.825355559587478638e-02
0.000000000000000000e+00 0.000000000000000000e+00 0.000000000000000000e+00 1.000000000000000000e+00
6.348772048950195312e-01 6.629720926284790039e-01 -3.967348635196685791e-01 9.603478014469146729e-02
-5.775482058525085449e-01 6.615730375051498413e-02 -8.136711120605468750e-01 2.905845642089843750e-01
-5.131948590278625488e-01 7.457147836685180664e-01 4.249003529548645020e-01 -8.097452670335769653e-02
0.000000000000000000e+00 0.000000000000000000e+00 0.000000000000000000e+00 1.000000000000000000e+00
6.393310427665710449e-01 7.187387347221374512e-01 -2.732596993446350098e-01 6.075335666537284851e-02
-4.891717731952667236e-01 1.059845834970474243e-01 -8.657241463661193848e-01 3.010264635086059570e-01
-5.932679772377014160e-01 6.871550679206848145e-01 4.193457961082458496e-01 -7.376807928085327148e-02
0.000000000000000000e+00 0.000000000000000000e+00 0.000000000000000000e+00 1.000000000000000000e+00
6.070007681846618652e-01 7.674528360366821289e-01 -2.063159793615341187e-01 4.559454694390296936e-02
-3.879119157791137695e-01 5.954685434699058533e-02 -9.197709560394287109e-01 3.109236061573028564e-01
-6.935953497886657715e-01 6.383340358734130859e-01 3.338490426540374756e-01 -4.504914209246635437e-02
0.000000000000000000e+00 0.000000000000000000e+00 0.000000000000000000e+00 1.000000000000000000e+00
4.460271000862121582e-01 8.929293155670166016e-01 -6.113110855221748352e-02 1.715999469161033630e-02
-2.080831974744796753e-01 3.702481836080551147e-02 -9.774100780487060547e-01 3.185402154922485352e-01
-8.704947829246520996e-01 4.486716091632843018e-01 2.023176103830337524e-01 -4.208393394947052002e-03
0.000000000000000000e+00 0.000000000000000000e+00 0.000000000000000000e+00 1.000000000000000000e+00
3.323082923889160156e-01 9.392073154449462891e-01 8.637543022632598877e-02 -2.506586536765098572e-02
-2.472763508558273315e-01 1.751333922147750854e-01 -9.529860615730285645e-01 3.205989003181457520e-01
-9.101787805557250977e-01 2.953265011310577393e-01 2.904421389102935791e-01 -3.666165843605995178e-02
0.000000000000000000e+00 0.000000000000000000e+00 0.000000000000000000e+00 1.000000000000000000e+00
3.215043544769287109e-01 9.462696313858032227e-01 -3.476395085453987122e-02 1.614082604646682739e-02
-3.727819323539733887e-01 9.273727238178253174e-02 -9.232734441757202148e-01 3.137444257736206055e-01
-8.704414367675781250e-01 3.097957074642181396e-01 3.825677335262298584e-01 -6.479190289974212646e-02
0.000000000000000000e+00 0.000000000000000000e+00 0.000000000000000000e+00 1.000000000000000000e+00
2.918395996093750000e-01 9.557979106903076172e-01 -3.577345609664916992e-02 2.270079776644706726e-02
-4.605185985565185547e-01 1.076352447271347046e-01 -8.810998797416687012e-01 3.042112588882446289e-01
-8.383030295372009277e-01 2.736141383647918701e-01 4.715750217437744141e-01 -9.623806923627853394e-02
0.000000000000000000e+00 0.000000000000000000e+00 0.000000000000000000e+00 1.000000000000000000e+00
1.810073703527450562e-01 9.811114072799682617e-01 -6.823889166116714478e-02 3.737960010766983032e-02
-4.778980910778045654e-01 2.710148133337497711e-02 -8.779971003532409668e-01 3.026755452156066895e-01
-8.595635890960693359e-01 1.915350705385208130e-01 4.737769365310668945e-01 -9.823986142873764038e-02
