1 0 0 -0.01792658120393753 
0 1 0 0.02243540808558464 
0 0 1 -0.3816788792610168 
0 0 0 1 

0.9964743852615356 0.05460307002067566 -0.0636979341506958 0.009316151961684227 
-0.05585463345050812 0.9982760548591614 -0.01803503930568695 0.02624961920082569 
0.06260336935520172 0.02152923122048378 0.9978062510490417 -0.3786767721176147 
0 0 0 1 

0.9791883230209351 0.06479483097791672 -0.1923323124647141 0.06110772490501404 
-0.07026728242635727 0.9972907900810242 -0.02176233381032944 0.02841201983392239 
0.1904011368751526 0.03482412919402122 0.9810884594917297 -0.3707012236118317 
0 0 0 1 

0.9986766576766968 0.04984133690595627 -0.01267521549016237 -0.009819052182137966 
-0.04978483915328979 0.9987486600875854 0.004734308924525976 0.01818620227277279 
0.01289533171802759 -0.004096973221749067 0.999908447265625 -0.3685025870800018 
0 0 0 1 

0.9944837689399719 0.05658530071377754 -0.08831867575645447 0.02211281470954418 
-0.0537688173353672 0.9979760646820068 0.03395173326134682 0.01020614430308342 
0.09006108343601227 -0.02901568077504635 0.9955134987831116 -0.3665787577629089 
0 0 0 1 

0.6179192066192627 0.7598556876182556 -0.2019778937101364 0.03338343650102615 
-0.7610940337181091 0.5136305093765259 -0.3961304426193237 0.1312667280435562 
-0.1972600370645523 0.3985008001327515 0.8957039713859558 -0.223060131072998 
0 0 0 1 

0.6339104175567627 0.7615187764167786 -0.1350793391466141 0.01354360859841108 
-0.7466259598731995 0.5569918155670166 -0.3637435734272003 0.1234089359641075 
-0.2017596215009689 0.331434577703476 0.9216529130935669 -0.2351737022399902 
0 0 0 1 

0.6448610424995422 0.7611371874809265 -0.06945671886205673 -0.006617366336286068 
-0.7345579266548157 0.5920981764793396 -0.3314273953437805 0.1148073449730873 
-0.2111366242170334 0.2647445797920227 0.9409205913543701 -0.2446395307779312 
0 0 0 1 

0.6627552509307861 0.7486094236373901 -0.01841587573289871 -0.02394876070320606 
-0.7236839532852173 0.6339805722236633 -0.2726719677448273 0.09752688556909561 
-0.1924495697021484 0.1940420269966125 0.9619308114051819 -0.2547134160995483 
0 0 0 1 

0.6840190887451172 0.7279927730560303 0.04630649089813232 -0.04568669945001602 
-0.6988333463668823 0.6721770763397217 -0.2445604056119919 0.08933169394731522 
-0.2091644108295441 0.134923443198204 0.9685276746749878 -0.2580799460411072 
0 0 0 1 

