-0.1865123212337494 -0.8117502331733704 -0.5534209609031677 0.1798120886087418 
-0.9503315091133118 0.00620420603081584 0.3111777901649475 -0.05923008918762207 
-0.2491650879383087 0.5839718580245972 -0.7725889682769775 0.273429811000824 
0 0 0 1 

-0.1877118349075317 -0.8171816468238831 -0.5449573993682861 0.1760175973176956 
-0.9694406390190125 0.06491634249687195 0.2365816384553909 -0.03580242395401001 
-0.1579534709453583 0.5727129578590393 -0.8043946623802185 0.278697669506073 
0 0 0 1 

-0.09679009020328522 -0.818534255027771 -0.566244900226593 0.1752567291259766 
-0.990399956703186 0.02279682457447052 0.1363385319709778 -0.002104826038703322 
-0.09868916869163513 0.574005126953125 -0.8128827214241028 0.2774907350540161 
0 0 0 1 

0.01835634186863899 -0.8188917636871338 -0.5736539959907532 0.1677680015563965 
-0.99937903881073 -0.03228245675563812 0.01410481054335833 0.03915221616625786 
-0.03006939217448235 0.5730389952659607 -0.8189758062362671 0.2748360335826874 
0 0 0 1 

0.06343363970518112 -0.8168554902076721 -0.5733436942100525 0.16387839615345 
-0.9940915703773499 -0.001014734501950443 -0.1085382401943207 0.07794376462697983 
0.08807819336652756 0.5768411755561829 -0.8120936751365662 0.2648140788078308 
0 0 0 1 

0.04260571300983429 -0.8295894861221313 -0.5567458868026733 0.1623275578022003 
-0.981175422668457 0.0703163743019104 -0.1798617392778397 0.09270460158586502 
0.1883597075939178 0.553928554058075 -0.8109769225120544 0.260448157787323 
0 0 0 1 

-0.03227318823337555 -0.8291759490966797 -0.5580549836158752 0.1715531498193741 
-0.9946064949035645 0.08170876652002335 -0.06388537585735321 0.05557893961668015 
0.09857014566659927 0.5529833436012268 -0.827340841293335 0.2802714109420776 
0 0 0 1 

-0.06021716445684433 -0.8171064257621765 -0.5733330249786377 0.1767843216657639 
-0.9931758642196655 -0.008425137028098106 0.11632090061903 -0.0008233963744714856 
-0.0998770147562027 0.5764250755310059 -0.8110230565071106 0.2931945025920868 
0 0 0 1 

0.1145749017596245 -0.7890545725822449 -0.6035438179969788 0.173596128821373 
-0.9866505861282349 -0.161160945892334 0.02339471131563187 0.02796584740281105 
-0.115727536380291 0.5928065180778503 -0.7969861626625061 0.2925234735012054 
0 0 0 1 

0.3285240232944489 -0.6780992746353149 -0.6574597358703613 0.1586048454046249 
-0.9272549152374268 -0.3639526069164276 -0.08795894682407379 0.06033197790384293 
-0.1796392947435379 0.6385294198989868 -0.748337984085083 0.2716591060161591 
0 0 0 1 

