-0.4689061939716339 -0.5936442613601685 0.6539983749389648 -0.1771928369998932 
-0.8818743228912354 0.3559509515762329 -0.309187263250351 0.139435738325119 
-0.04924420267343521 -0.7217240333557129 -0.690427303314209 0.2134263068437576 
0 0 0 1 

-0.1906134486198425 -0.7466800808906555 0.6372875571250916 -0.1962382346391678 
-0.7340199947357178 0.5394746065139771 0.4125310182571411 -0.08485040068626404 
-0.6518291234970093 -0.3891478180885315 -0.6509091258049011 0.2374696731567383 
0 0 0 1 

-0.1260759383440018 -0.7089341878890991 0.6939142942428589 -0.2166541218757629 
-0.7793465256690979 0.503571629524231 0.3728733360767365 -0.07040724903345108 
-0.6137781739234924 -0.4937893450260162 -0.6159936785697937 0.2246799916028976 
0 0 0 1 

-0.06936671584844589 -0.6569857001304626 0.750704824924469 -0.2365817725658417 
-0.8115027546882629 0.4748390316963196 0.3405745625495911 -0.05883936211466789 
-0.5802165865898132 -0.5855745077133179 -0.5660837292671204 0.207662045955658 
0 0 0 1 

-0.02786481752991676 -0.5812020897865295 0.8132820129394531 -0.2576108276844025 
-0.8811514973640442 0.3984587490558624 0.2545634806156158 -0.02795801870524883 
-0.4720121324062347 -0.709531307220459 -0.5232301354408264 0.1879653185606003 
0 0 0 1 

-0.04217108339071274 -0.5503122806549072 0.8338931202888489 -0.2626387774944305 
-0.9294317960739136 0.3278379440307617 0.1693476736545563 0.002352291950955987 
-0.3665758073329926 -0.7679052948951721 -0.5253030061721802 0.1833727806806564 
0 0 0 1 

-0.07794865965843201 -0.5264446139335632 0.8466283679008484 -0.2641588747501373 
-0.9609972834587097 0.2656982839107513 0.0767357125878334 0.03313435241580009 
-0.2653447091579437 -0.8076262474060059 -0.5266225934028625 0.1784844547510147 
0 0 0 1 

-0.08261691033840179 -0.5148105621337891 0.8533136248588562 -0.2662119567394257 
-0.9794408679008484 0.2000647336244583 0.02587186358869076 0.05031209066510201 
-0.1840369254350662 -0.8336329460144043 -0.5207552909851074 0.17226342856884 
0 0 0 1 

-0.06325776129961014 -0.4957692623138428 0.8661473393440247 -0.2713154554367065 
-0.9941332936286926 0.1075986921787262 -0.01101731229573488 0.06233537942171097 
-0.08773426711559296 -0.8617628812789917 -0.4996671676635742 0.1594021916389465 
0 0 0 1 

-0.09090261906385422 -0.4713583290576935 0.8772445321083069 -0.2730925679206848 
-0.9958404302597046 0.0485188215970993 -0.07712189853191376 0.07967547327280045 
-0.006210824009031057 -0.8806061744689941 -0.4738080203533173 0.1461473405361176 
0 0 0 1 

