1.000000000000000000e+00 0.000000000000000000e+00 0.000000000000000000e+00 -4.255350477121360719e-01
0.000000000000000000e+00 -1.000000000000000000e+00 0.000000000000000000e+00 3.076616963927396031e-01
0.000000000000000000e+00 0.000000000000000000e+00 -1.000000000000000000e+00 -5.117628744684824760e+00
0.000000000000000000e+00 0.000000000000000000e+00 0.000000000000000000e+00 1.000000000000000000e+00
9.958834648132324219e-01 -5.591402202844619751e-02 7.133980840444564819e-02 -2.095396639777967474e-02
-5.725985020399093628e-02 -9.982152581214904785e-01 1.695979945361614227e-02 3.579001279349121045e-01
7.026417553424835205e-02 -2.097496762871742249e-02 -9.973080158233642578e-01 -5.076965527092254682e+00
0.000000000000000000e+00 0.000000000000000000e+00 0.000000000000000000e+00 1.000000000000000000e+00
9.734482169151306152e-01 -7.070757448673248291e-02 2.177134901285171509e-01 7.683883969416944737e-01
-7.566888630390167236e-02 -9.970272779464721680e-01 1.452514063566923141e-02 3.547324718954198430e-01
2.160392105579376221e-01 -3.061367012560367584e-02 -9.759045243263244629e-01 -4.955511976575311728e+00
0.000000000000000000e+00 0.000000000000000000e+00 0.000000000000000000e+00 1.000000000000000000e+00
9.385277032852172852e-01 -6.759118288755416870e-02 3.385223746299743652e-01 1.425352551326306116e+00
-6.521596759557723999e-02 -9.977015256881713867e-01 -1.839999854564666748e-02 1.992996584227524071e-01
3.389879763126373291e-01 -4.808169323951005936e-03 -9.407784342765808105e-01 -4.778043080956880573e+00
0.000000000000000000e+00 0.000000000000000000e+00 0.000000000000000000e+00 1.000000000000000000e+00
9.102301001548767090e-01 -7.940335571765899658e-02 4.064185917377471924e-01 1.807905362865926735e+00
-6.588906049728393555e-02 -9.967116713523864746e-01 -4.716327041387557983e-02 9.824942310760131914e-02
4.088271260261535645e-01 1.615085080265998840e-02 -9.124687910079956055e-01 -4.613569208902914554e+00
0.000000000000000000e+00 0.000000000000000000e+00 0.000000000000000000e+00 1.000000000000000000e+00
1.640372425317764282e-01 -8.878022432327270508e-02 9.824508428573608398e-01 5.113516069352247229e+00
-3.338784724473953247e-02 -9.958708286285400391e-01 -8.441825211048126221e-02 -5.036025151803232708e-02
9.858888983726501465e-01 -1.895419694483280182e-02 -1.663240939378738403e-01 -8.677129429116485770e-01
0.000000000000000000e+00 0.000000000000000000e+00 0.000000000000000000e+00 1.000000000000000000e+00
1.478026509284973145e-01 -1.055653616786003113e-01 9.833667874336242676e-01 5.090104154264916581e+00
-2.801288664340972900e-02 -9.943351149559020996e-01 -1.025324240326881409e-01 -8.243126844663042907e-02
9.886201024055480957e-01 -1.239238120615482330e-02 -1.499226242303848267e-01 -6.879357024644509044e-01
0.000000000000000000e+00 0.000000000000000000e+00 0.000000000000000000e+00 1.000000000000000000e+00
1.408298462629318237e-01 -1.021354943513870239e-01 9.847513437271118164e-01 5.049149274820633693e+00
-2.296477183699607849e-02 -9.947337508201599121e-01 -9.988664090633392334e-02 -1.174566081960848329e-02
9.897673130035400391e-01 -8.547580800950527191e-03 -1.424337774515151978e-01 -5.446566690035991032e-01
0.000000000000000000e+00 0.000000000000000000e+00 0.000000000000000000e+00 1.000000000000000000e+00
1.608447432518005371e-01 -9.319151192903518677e-02 9.825702309608459473e-01 4.986945142998997937e+00
-3.231496736407279968e-02 -9.954958558082580566e-01 -8.912754058837890625e-02 6.527150770824562132e-02
9.864503741264343262e-01 -1.741603575646877289e-02 -1.631317585706710815e-01 -5.207971918604857864e-01
0.000000000000000000e+00 0.000000000000000000e+00 0.000000000000000000e+00 1.000000000000000000e+00
1.722550988197326660e-01 -1.016802862286567688e-01 9.797904491424560547e-01 4.948672362133932801e+00
-5.434869974851608276e-02 -9.941241741180419922e-01 -9.361288696527481079e-02 6.533770205197186876e-02
9.835518598556518555e-01 -3.712505847215652466e-02 -1.767691820859909058e-01 -4.603577630487778460e-01
0.000000000000000000e+00 0.000000000000000000e+00 0.000000000000000000e+00 1.000000000000000000e+00
1.909951120615005493e-01 -9.094434231519699097e-02 9.773687720298767090e-01 4.904180239497588190e+00
-7.501479983329772949e-02 -9.941393136978149414e-01 -7.784560322761535645e-02 1.781589608009216397e-01
9.787204265594482422e-01 -5.844900384545326233e-02 -1.966978907585144043e-01 -4.308709234488852791e-01
0.000000000000000000e+00 0.000000000000000000e+00 0.000000000000000000e+00 1.000000000000000000e+00
1.890694350004196167e-01 -8.884069323539733887e-02 9.779365658760070801e-01 4.892639160184381275e+00
-1.043110489845275879e-01 -9.920811057090759277e-01 -6.995867937803268433e-02 2.630743372333868568e-01
9.764076471328735352e-01 -8.878257870674133301e-02 -1.968393027782440186e-01 -3.134637347032519505e-01
0.000000000000000000e+00 0.000000000000000000e+00 0.000000000000000000e+00 1.000000000000000000e+00
1.966001987457275391e-01 -1.009089574217796326e-01 9.752771854400634766e-01 4.894989121389607512e+00
-1.019030585885047913e-01 -9.914060235023498535e-01 -8.203576505184173584e-02 2.556849006915334899e-01
9.751737117767333984e-01 -8.325546979904174805e-02 -2.051935195922851562e-01 -2.829596747931561462e-01
0.000000000000000000e+00 0.000000000000000000e+00 0.000000000000000000e+00 1.000000000000000000e+00
2.021276056766510010e-01 -1.132800206542015076e-01 9.727858304977416992e-01 4.913031283854660813e+00
-1.338410377502441406e-01 -9.871637225151062012e-01 -8.714455366134643555e-02 2.752956880543003804e-01
9.701705574989318848e-01 -1.125843226909637451e-01 -2.146945297718048096e-01 -2.463345353784885117e-01
0.000000000000000000e+00 0.000000000000000000e+00 0.000000000000000000e+00 1.000000000000000000e+00
2.123076617717742920e-01 -1.201428622007369995e-01 9.697892069816589355e-01 4.931010748942067146e+00
-1.455951780080795288e-01 -9.852253198623657227e-01 -9.018124639987945557e-02 2.987638522130327545e-01
9.662957191467285156e-01 -1.220504492521286011e-01 -2.266631871461868286e-01 -2.291516469223945085e-01
0.000000000000000000e+00 0.000000000000000000e+00 0.000000000000000000e+00 1.000000000000000000e+00
2.134718000888824463e-01 -1.327640712261199951e-01 9.678862094879150391e-01 4.960812637904400191e+00
-1.718610972166061401e-01 -9.803761839866638184e-01 -9.657254815101623535e-02 2.936351670396195601e-01
9.617139101028442383e-01 -1.457264274358749390e-01 -2.320995926856994629e-01 -1.445607567005484095e-01
0.000000000000000000e+00 0.000000000000000000e+00 0.000000000000000000e+00 1.000000000000000000e+00
2.366239279508590698e-01 -1.383731514215469360e-01 9.616973400115966797e-01 4.984630498671053012e+00
-1.846866607666015625e-01 -9.781659841537475586e-01 -9.530090540647506714e-02 3.413429111934506155e-01
9.538866877555847168e-01 -1.550622582435607910e-01 -2.570131719112396240e-01 -1.584278020793965513e-01
0.000000000000000000e+00 0.000000000000000000e+00 0.000000000000000000e+00 1.000000000000000000e+00
2.747547030448913574e-01 -1.425197273492813110e-01 9.508932828903198242e-01 4.990143502896689398e+00
-2.124808728694915771e-01 -9.735034704208374023e-01 -8.451352268457412720e-02 4.086081697799908152e-01
9.377429485321044922e-01 -1.788261383771896362e-01 -2.977574169635772705e-01 -2.489363277437738609e-01
0.000000000000000000e+00 0.000000000000000000e+00 0.000000000000000000e+00 1.000000000000000000e+00
3.456349074840545654e-01 -1.695519983768463135e-01 9.229238033294677734e-01 5.039808952826606792e+00
-2.299105674028396606e-01 -9.688639044761657715e-01 -9.189022332429885864e-02 3.709421745326129671e-01
9.097678661346435547e-01 -1.804294884204864502e-01 -3.738550543785095215e-01 -4.321338986305697238e-01
0.000000000000000000e+00 0.000000000000000000e+00 0.000000000000000000e+00 1.000000000000000000e+00
3.965375125408172607e-01 -2.235545814037322998e-01 8.903825879096984863e-01 5.242366719975004585e+00
-2.361028939485549927e-01 -9.621053934097290039e-01 -1.364126950502395630e-01 1.616779828802223928e-01
8.871377706527709961e-01 -1.561291962862014771e-01 -4.342927932739257812e-01 -5.321392169201349942e-01
0.000000000000000000e+00 0.000000000000000000e+00 0.000000000000000000e+00 1.000000000000000000e+00
4.201224148273468018e-01 -2.461574673652648926e-01 8.734433054924011230e-01 5.312127076259647751e+00
-2.656664550304412842e-01 -9.536995887756347656e-01 -1.409912705421447754e-01 1.636283971100163936e-01
8.677086830139160156e-01 -1.728110909461975098e-01 -4.660663902759552002e-01 -7.103700047226315650e-01
0.000000000000000000e+00 0.000000000000000000e+00 0.000000000000000000e+00 1.000000000000000000e+00
3.988147079944610596e-01 -2.534873783588409424e-01 8.813006877899169922e-01 5.200173368912770044e+00
-1.979692429304122925e-01 -9.621738195419311523e-01 -1.871618777513504028e-01 -1.069284210744637920e-01
8.954076766967773438e-01 -9.982754290103912354e-02 -4.339118301868438721e-01 -6.449481184822125623e-01
0.000000000000000000e+00 0.000000000000000000e+00 0.000000000000000000e+00 1.000000000000000000e+00
3.993360400199890137e-01 -2.512530982494354248e-01 8.817043304443359375e-01 5.122892501861247894e+00
-1.641517281532287598e-01 -9.657684564590454102e-01 -2.008616626262664795e-01 -2.003079186881027707e-01
9.019894003868103027e-01 -6.452202796936035156e-02 -4.269098341464996338e-01 -6.562516521138126446e-01
0.000000000000000000e+00 0.000000000000000000e+00 0.000000000000000000e+00 1.000000000000000000e+00
3.582139313220977783e-01 -2.648332715034484863e-01 8.952910304069519043e-01 4.847893470305526975e+00
-6.336069852113723755e-02 -9.636108279228210449e-01 -2.596915066242218018e-01 -6.002198930555050493e-01
9.314870238304138184e-01 3.629883378744125366e-02 -3.619588315486907959e-01 -4.500952588581330072e-01
0.000000000000000000e+00 0.000000000000000000e+00 0.000000000000000000e+00 1.000000000000000000e+00
3.543512523174285889e-01 -3.027458786964416504e-01 8.847485780715942383e-01 4.561852557544700204e+00
-2.958284132182598114e-02 -9.492971897125244141e-01 -3.129850625991821289e-01 -9.960619693338019776e-01
9.346442818641662598e-01 8.473325520753860474e-02 -3.453407585620880127e-01 -4.193564309983509042e-01
0.000000000000000000e+00 0.000000000000000000e+00 0.000000000000000000e+00 1.000000000000000000e+00
3.789264261722564697e-01 -3.534134924411773682e-01 8.552857041358947754e-01 4.299773153972730633e+00
1.055939774960279465e-02 -9.224954247474670410e-01 -3.858635127544403076e-01 -1.372153578015586683e+00
9.253665208816528320e-01 1.552451550960540771e-01 -3.458260595798492432e-01 -4.483488343162927436e-01
0.000000000000000000e+00 0.000000000000000000e+00 0.000000000000000000e+00 1.000000000000000000e+00
4.071539044380187988e-01 -3.727439343929290771e-01 8.338390588760375977e-01 4.099571300312247146e+00
6.286238878965377808e-02 -8.993354439735412598e-01 -4.327171146869659424e-01 -1.605587125127946324e+00
9.111937284469604492e-01 2.285995632410049438e-01 -3.427363038063049316e-01 -4.754377224317865025e-01
0.000000000000000000e+00 0.000000000000000000e+00 0.000000000000000000e+00 1.000000000000000000e+00
4.520408511161804199e-01 -4.113872945308685303e-01 7.914666533470153809e-01 3.794777919352264828e+00
1.288827806711196899e-01 -8.478636145591735840e-01 -5.143117308616638184e-01 -2.010408517455242183e+00
8.826370835304260254e-01 3.344963490962982178e-01 -3.302482068538665771e-01 -4.760837931152143709e-01
0.000000000000000000e+00 0.000000000000000000e+00 0.000000000000000000e+00 1.000000000000000000e+00
4.661598205566406250e-01 -4.499166011810302734e-01 7.617545723915100098e-01 3.596176436097165308e+00
1.510530412197113037e-01 -8.079112768173217773e-01 -5.696159005165100098e-01 -2.279989979717758075e+00
8.717098236083984375e-01 3.805973827838897705e-01 -3.086545169353485107e-01 -4.156230848928968991e-01
0.000000000000000000e+00 0.000000000000000000e+00 0.000000000000000000e+00 1.000000000000000000e+00
4.780536592006683350e-01 -4.920965731143951416e-01 7.275339365005493164e-01 3.363527895866643025e+00
1.751162409782409668e-01 -7.582852840423583984e-01 -6.279631257057189941e-01 -2.536081783724434491e+00
8.606967926025390625e-01 4.276030659675598145e-01 -2.763269543647766113e-01 -3.101525790486229228e-01
0.000000000000000000e+00 0.000000000000000000e+00 0.000000000000000000e+00 1.000000000000000000e+00
5.207083821296691895e-01 -4.956007599830627441e-01 6.951564550399780273e-01 3.156735674813994308e+00
1.774310469627380371e-01 -7.336527705192565918e-01 -6.559509634971618652e-01 -2.659287884674151226e+00
8.350933194160461426e-01 4.649014770984649658e-01 -2.940841615200042725e-01 -4.182910219995527035e-01
0.000000000000000000e+00 0.000000000000000000e+00 0.000000000000000000e+00 1.000000000000000000e+00
5.402198433876037598e-01 -4.974095523357391357e-01 6.787829399108886719e-01 3.005465156218574574e+00
1.948469281196594238e-01 -7.107579708099365234e-01 -6.759125590324401855e-01 -2.737210010980594799e+00
8.186557292938232422e-01 4.974001049995422363e-01 -2.870467901229858398e-01 -4.182355169634869863e-01
0.000000000000000000e+00 0.000000000000000000e+00 0.000000000000000000e+00 1.000000000000000000e+00
5.509703159332275391e-01 -5.239396095275878906e-01 6.495528221130371094e-01 2.802011372116208321e+00
2.014591395854949951e-01 -6.718242168426513672e-01 -7.127876877784729004e-01 -2.877058694325990373e+00
8.098430633544921875e-01 5.235832333564758301e-01 -2.646028101444244385e-01 -3.686544902430274884e-01
0.000000000000000000e+00 0.000000000000000000e+00 0.000000000000000000e+00 1.000000000000000000e+00
6.621212959289550781e-01 -4.674832820892333984e-01 5.857087373733520508e-01 2.429391134698071664e+00
2.226306945085525513e-01 -6.235819458961486816e-01 -7.493871450424194336e-01 -2.960052760710888187e+00
7.155633568763732910e-01 6.265819072723388672e-01 -3.088107407093048096e-01 -6.683448056463331399e-01
0.000000000000000000e+00 0.000000000000000000e+00 0.000000000000000000e+00 1.000000000000000000e+00
