-0.2019112855195999 0.8247209191322327 0.5282679796218872 -0.1484236717224121 
-0.8647233843803406 0.1031484678387642 -0.4915423095226288 0.2024618983268738 
-0.4598752558231354 -0.556053638458252 0.6923286914825439 -0.2138915807008743 
0 0 0 1 

-0.1953134685754776 0.752447783946991 0.6290270090103149 -0.1883220821619034 
-0.8994387984275818 0.1182617023587227 -0.4207421839237213 0.1791468113660812 
-0.3909763097763062 -0.6479479074478149 0.6536826491355896 -0.2010340690612793 
0 0 0 1 

-0.1677317917346954 0.7244226336479187 0.6686387658119202 -0.2039627134799957 
-0.9330400824546814 0.102320559322834 -0.3449154496192932 0.1551217436790466 
-0.3182800114154816 -0.6817201375961304 0.658752977848053 -0.2032897621393204 
0 0 0 1 

-0.1094961389899254 0.7101182341575623 0.6955161690711975 -0.2158104628324509 
-0.962298572063446 0.09954078495502472 -0.2531266510486603 0.1244886517524719 
-0.2489820569753647 -0.6970105767250061 0.6724464297294617 -0.2059014886617661 
0 0 0 1 

-0.1450718343257904 0.6127641797065735 0.7768360376358032 -0.2441750317811966 
-0.9654245972633362 0.08420293033123016 -0.2467089891433716 0.1242297738790512 
-0.216586247086525 -0.785767138004303 0.5793620944023132 -0.1700973063707352 
0 0 0 1 

-0.2028149217367172 0.5796899199485779 0.7891928553581238 -0.2472967505455017 
-0.9734981656074524 -0.03238872066140175 -0.2263890206813812 0.1198955774307251 
-0.1056743711233139 -0.8141930103302002 0.5708962678909302 -0.1658087819814682 
0 0 0 1 

-0.2491470128297806 0.4511164128780365 0.8569826483726501 -0.2618105709552765 
-0.9652461409568787 -0.04357748106122017 -0.2576828896999359 0.1305105239152908 
-0.07889971882104874 -0.8914002776145935 0.4462959170341492 -0.1219400838017464 
0 0 0 1 

-0.3367641270160675 0.3408771753311157 0.877720057964325 -0.2576445639133453 
-0.941544771194458 -0.1309399157762527 -0.3103997111320496 0.146612212061882 
0.009120481088757515 -0.9309442639350891 0.3650471270084381 -0.1005429998040199 
0 0 0 1 

-0.3648399114608765 0.3642002642154694 0.8568838834762573 -0.2432643920183182 
-0.9267725944519043 -0.2303770184516907 -0.2966799139976501 0.139764279127121 
0.08935546875 -0.902377188205719 0.4215815365314484 -0.1257656067609787 
0 0 0 1 

-0.3575805723667145 0.422497034072876 0.8328457474708557 -0.2328728139400482 
-0.9293221831321716 -0.2490043193101883 -0.2726843357086182 0.1302954405546188 
0.09217400848865509 -0.8714889287948608 0.4816753268241882 -0.1502998918294907 
0 0 0 1 

