0.8946345448493958 0.4466207027435303 -0.01260405220091343 -0.02571835555136204 
-0.4398516416549683 0.8853293657302856 0.1507392376661301 -0.02077939361333847 
0.07848204672336578 -0.129312589764595 0.9884932041168213 -0.2677616477012634 
0 0 0 1 

0.8965808749198914 0.4426000714302063 -0.01574488915503025 -0.02455616742372513 
-0.424113392829895 0.8682856559753418 0.2573088705539703 -0.0543888583779335 
0.1275559961795807 -0.2240205854177475 0.9662009477615356 -0.2630476355552673 
0 0 0 1 

0.9009426832199097 0.4336821138858795 -0.01489800866693258 -0.02441755309700966 
-0.3980583250522614 0.8396317958831787 0.3695506751537323 -0.09149808436632156 
0.1727764904499054 -0.3270136415958405 0.9290910959243774 -0.2533763647079468 
0 0 0 1 

0.904356062412262 0.4266469180583954 -0.01059816218912601 -0.02703606337308884 
-0.3754412829875946 0.8071340918540955 0.4556072950363159 -0.1199331879615784 
0.2029377669095993 -0.4080522060394287 0.8901176452636719 -0.2439334839582443 
0 0 0 1 

0.914254903793335 0.405034065246582 -0.009237590245902538 -0.03022838942706585 
-0.3336331844329834 0.7656306028366089 0.5499985218048096 -0.1512052714824677 
0.2298408299684525 -0.4997568130493164 0.8351144194602966 -0.2305109798908234 
0 0 0 1 

0.9091532230377197 0.4162377119064331 0.01365696638822556 -0.03820675984025002 
-0.3320448994636536 0.7046849131584167 0.62702876329422 -0.1744955480098724 
0.2513692677021027 -0.5745999217033386 0.7788762450218201 -0.2169560939073563 
0 0 0 1 

0.9156413078308105 0.400780588388443 0.03123879618942738 -0.04526868462562561 
-0.2962709963321686 0.6202635169029236 0.7262895703315735 -0.2058634907007217 
0.2717065513134003 -0.674275815486908 0.6866785883903503 -0.1915047019720078 
0 0 0 1 

0.9241036176681519 0.3784128129482269 0.05325623229146004 -0.05344503372907639 
-0.269340306520462 0.546106219291687 0.7932361960411072 -0.2281608283519745 
0.2710872292518616 -0.7473765015602112 0.6065806150436401 -0.1673635989427567 
0 0 0 1 

0.9318482279777527 0.3593709468841553 0.0501139722764492 -0.05439725518226624 
-0.2285780310630798 0.4741338789463043 0.8502640724182129 -0.2475894093513489 
0.2817995250225067 -0.80377197265625 0.5239651203155518 -0.144091472029686 
0 0 0 1 

0.9351364374160767 0.3491509556770325 0.06011174246668816 -0.05730926617980003 
-0.2255809456110001 0.4559525847434998 0.8609415292739868 -0.2498909831047058 
0.2731904983520508 -0.8186578750610352 0.5051397085189819 -0.138594463467598 
0 0 0 1 

