0.8946343660354614 0.4466208815574646 -0.01260402798652649 -0.02571834810078144 
-0.439851850271225 0.8853291869163513 0.1507392972707748 -0.02077938430011272 
0.07848210632801056 -0.1293126344680786 0.9884932041168213 -0.2677616477012634 
0 0 0 1 

0.8965809345245361 0.4425999820232391 -0.01574489288032055 -0.02455625124275684 
-0.4241133034229279 0.8682857155799866 0.2573088109493256 -0.05438880994915962 
0.1275559514760971 -0.2240205407142639 0.9662009477615356 -0.2630475759506226 
0 0 0 1 

0.9009426236152649 0.4336823523044586 -0.01489798631519079 -0.02441759034991264 
-0.3980584740638733 0.8396317362785339 0.3695508241653442 -0.09149801731109619 
0.1727766096591949 -0.3270137906074524 0.9290910363197327 -0.2533763647079468 
0 0 0 1 

0.904356062412262 0.4266469776630402 -0.0105981333181262 -0.027036027982831 
-0.3754413723945618 0.8071339726448059 0.4556074440479279 -0.1199331656098366 
0.2029378414154053 -0.4080522954463959 0.8901175856590271 -0.2439335286617279 
0 0 0 1 

0.9142547845840454 0.405034214258194 -0.00923753809183836 -0.03022838942706585 
-0.3336333036422729 0.7656304240226746 0.5499987006187439 -0.1512052118778229 
0.229840949177742 -0.4997570216655731 0.8351143002510071 -0.2305109947919846 
0 0 0 1 

0.9091532826423645 0.4162376224994659 0.01365693565458059 -0.03820675611495972 
-0.3320448696613312 0.7046849727630615 0.6270287036895752 -0.1744955033063889 
0.2513692080974579 -0.5745998024940491 0.7788763046264648 -0.2169561088085175 
0 0 0 1 

0.9156413674354553 0.4007805585861206 0.03123876452445984 -0.04526869207620621 
-0.2962709963321686 0.6202636361122131 0.7262895107269287 -0.2058634012937546 
0.2717064917087555 -0.6742757558822632 0.6866787075996399 -0.1915047466754913 
0 0 0 1 

0.9241036176681519 0.3784127831459045 0.05325620621442795 -0.0534450076520443 
-0.2693402767181396 0.5461062788963318 0.7932360768318176 -0.2281608432531357 
0.2710871994495392 -0.7473763823509216 0.6065806150436401 -0.167363628745079 
0 0 0 1 

0.9318482875823975 0.3593708872795105 0.05011390894651413 -0.05439724773168564 
-0.2285780310630798 0.4741341471672058 0.8502639532089233 -0.2475893944501877 
0.2817994356155396 -0.8037718534469604 0.5239653587341309 -0.1440915167331696 
0 0 0 1 

0.9342654347419739 0.3521740436553955 0.05586950853466988 -0.05681218206882477 
-0.2220497727394104 0.4520090818405151 0.8639339208602905 -0.2516387701034546 
0.2790015637874603 -0.8195493817329407 0.5004965662956238 -0.1374672651290894 
0 0 0 1 

