1.000000000000000000e+00 0.000000000000000000e+00 0.000000000000000000e+00 -4.146692231928954531e-01
0.000000000000000000e+00 -1.000000000000000000e+00 0.000000000000000000e+00 -7.693198940031911737e-02
0.000000000000000000e+00 0.000000000000000000e+00 -1.000000000000000000e+00 -3.421550398492883005e+00
0.000000000000000000e+00 0.000000000000000000e+00 0.000000000000000000e+00 1.000000000000000000e+00
9.897782802581787109e-01 -1.416534334421157837e-01 -1.652897894382476807e-02 -5.051081672994255367e-01
-1.406224519014358521e-01 -9.886797666549682617e-01 5.232510715723037720e-02 2.528290480748935365e-01
-2.375390008091926575e-02 -4.946591332554817200e-02 -9.984936118125915527e-01 -3.429443680478000189e+00
0.000000000000000000e+00 0.000000000000000000e+00 0.000000000000000000e+00 1.000000000000000000e+00
9.720590114593505859e-01 -2.328138798475265503e-01 -2.998199686408042908e-02 -5.600286781848675677e-01
-2.288487702608108521e-01 -9.683429598808288574e-01 9.969790279865264893e-02 5.451248306341103245e-01
-5.224395915865898132e-02 -9.005086869001388550e-02 -9.945656657218933105e-01 -3.410042593825730162e+00
0.000000000000000000e+00 0.000000000000000000e+00 0.000000000000000000e+00 1.000000000000000000e+00
9.416852593421936035e-01 -3.345305025577545166e-01 -3.630654141306877136e-02 -5.689220206249967493e-01
-3.262919485569000244e-01 -9.341692924499511719e-01 1.444337368011474609e-01 8.076145459732592125e-01
-8.223399519920349121e-02 -1.241645589470863342e-01 -9.888483881950378418e-01 -3.371495153714211490e+00
0.000000000000000000e+00 0.000000000000000000e+00 0.000000000000000000e+00 1.000000000000000000e+00
8.941964507102966309e-01 -4.475266933441162109e-01 -1.150345709174871445e-02 -4.180578382073040222e-01
-4.398468434810638428e-01 -8.830553293228149414e-01 1.635477542877197266e-01 9.534875606620555333e-01
-8.335022628307342529e-02 -1.411840915679931641e-01 -9.864682555198669434e-01 -3.360122126690456845e+00
0.000000000000000000e+00 0.000000000000000000e+00 0.000000000000000000e+00 1.000000000000000000e+00
8.289759755134582520e-01 -5.590996742248535156e-01 1.436640601605176926e-02 -2.554811855834101531e-01
-5.510239601135253906e-01 -8.120639920234680176e-01 1.921554803848266602e-01 1.131312873132083174e+00
-9.576769173145294189e-02 -1.672084629535675049e-01 -9.812592864036560059e-01 -3.341688267831987247e+00
0.000000000000000000e+00 0.000000000000000000e+00 0.000000000000000000e+00 1.000000000000000000e+00
7.519568204879760742e-01 -6.583625674247741699e-01 3.345372527837753296e-02 -1.066908036697988699e-01
-6.535195112228393555e-01 -7.378484606742858887e-01 1.687950193881988525e-01 1.094549427121353835e+00
-8.644464612007141113e-02 -1.487892419099807739e-01 -9.850832223892211914e-01 -3.382461434908783815e+00
0.000000000000000000e+00 0.000000000000000000e+00 0.000000000000000000e+00 1.000000000000000000e+00
6.915914416313171387e-01 -7.185749411582946777e-01 7.315280288457870483e-02 8.089050032964020809e-02
-7.216160297393798828e-01 -6.830235123634338379e-01 1.129118502140045166e-01 8.856136600915520685e-01
-3.117057494819164276e-02 -1.308771371841430664e-01 -9.909086227416992188e-01 -3.461834781174950582e+00
0.000000000000000000e+00 0.000000000000000000e+00 0.000000000000000000e+00 1.000000000000000000e+00
5.882309079170227051e-01 -8.080387711524963379e-01 3.251108154654502869e-02 -2.927061565134747925e-02
-8.077158331871032715e-01 -5.850701928138732910e-01 7.271481305360794067e-02 7.371350591970045052e-01
-3.973515331745147705e-02 -6.903284043073654175e-02 -9.968227744102478027e-01 -3.546450667539446933e+00
0.000000000000000000e+00 0.000000000000000000e+00 0.000000000000000000e+00 1.000000000000000000e+00
4.976507425308227539e-01 -8.665223717689514160e-01 3.850573301315307617e-02 5.242793849691285146e-02
-8.669667840003967285e-01 -4.955585300922393799e-01 5.282170325517654419e-02 6.705432697380624418e-01
-2.668935060501098633e-02 -5.966994538903236389e-02 -9.978615045547485352e-01 -3.593277453473950445e+00
0.000000000000000000e+00 0.000000000000000000e+00 0.000000000000000000e+00 1.000000000000000000e+00
3.994448184967041016e-01 -9.153543114662170410e-01 5.069969221949577332e-02 1.522003528993599308e-01
-9.165697693824768066e-01 -3.998704254627227783e-01 1.891451654955744743e-03 4.584598759801460366e-01
1.854195259511470795e-02 -4.722531512379646301e-02 -9.987121224403381348e-01 -3.644501575461737364e+00
0.000000000000000000e+00 0.000000000000000000e+00 0.000000000000000000e+00 1.000000000000000000e+00
2.902390658855438232e-01 -9.556416273117065430e-01 5.010663717985153198e-02 2.058693878728749538e-01
-9.557868242263793945e-01 -2.920727729797363281e-01 -3.413016721606254578e-02 3.031287712258933786e-01
4.725097119808197021e-02 -3.798535466194152832e-02 -9.981602430343627930e-01 -3.673202664208354840e+00
0.000000000000000000e+00 0.000000000000000000e+00 0.000000000000000000e+00 1.000000000000000000e+00
1.757510453462600708e-01 -9.818808436393737793e-01 7.086245715618133545e-02 3.415686940529978344e-01
-9.820941090583801270e-01 -1.798390150070190430e-01 -5.611446127295494080e-02 2.048694706973701318e-01
6.784155964851379395e-02 -5.973143875598907471e-02 -9.959065914154052734e-01 -3.679147357911805916e+00
0.000000000000000000e+00 0.000000000000000000e+00 0.000000000000000000e+00 1.000000000000000000e+00
9.730765223503112793e-02 -9.913713335990905762e-01 8.782602846622467041e-02 4.402398462773087218e-01
-9.902452826499938965e-01 -1.052825003862380981e-01 -9.126722067594528198e-02 4.968271977936930539e-02
9.972629696130752563e-02 -7.808826863765716553e-02 -9.919459819793701172e-01 -3.668909772211208509e+00
0.000000000000000000e+00 0.000000000000000000e+00 0.000000000000000000e+00 1.000000000000000000e+00
9.071527048945426941e-03 -9.963973760604858398e-01 8.431950956583023071e-02 4.859479519191159946e-01
-9.972950816154479980e-01 -1.516594830900430679e-02 -7.192081212997436523e-02 1.470943710482484901e-01
7.294050604104995728e-02 -8.343903720378875732e-02 -9.938399791717529297e-01 -3.603234453492383249e+00
0.000000000000000000e+00 0.000000000000000000e+00 0.000000000000000000e+00 1.000000000000000000e+00
-9.206452220678329468e-02 -8.983696103096008301e-01 4.294832050800323486e-01 1.874574851922817365e+00
-9.905956387519836426e-01 3.878867253661155701e-02 -1.312094479799270630e-01 -8.088348177404341977e-02
1.012154221534729004e-01 -4.375239908695220947e-01 -8.934920430183410645e-01 -3.152698644100552006e+00
0.000000000000000000e+00 0.000000000000000000e+00 0.000000000000000000e+00 1.000000000000000000e+00
-1.646355688571929932e-01 -8.713769316673278809e-01 4.621655941009521484e-01 2.015073306468727399e+00
-9.763373136520385742e-01 7.735931873321533203e-02 -2.019419968128204346e-01 -3.638146700640859654e-01
1.402147710323333740e-01 -4.844765663146972656e-01 -8.634942173957824707e-01 -3.057514260174428955e+00
0.000000000000000000e+00 0.000000000000000000e+00 0.000000000000000000e+00 1.000000000000000000e+00
-1.376889944076538086e-01 -8.106808066368103027e-01 5.690678358078002930e-01 2.335929583321106229e+00
-9.903814196586608887e-01 1.206113994121551514e-01 -6.780785322189331055e-02 1.365845155494942453e-01
-1.366556901484727859e-02 -5.729306340217590332e-01 -8.194897770881652832e-01 -2.809417745815674383e+00
0.000000000000000000e+00 0.000000000000000000e+00 0.000000000000000000e+00 1.000000000000000000e+00
-9.000938385725021362e-02 -7.354603409767150879e-01 6.715624332427978516e-01 2.594992895924216114e+00
-9.947169423103332520e-01 3.296682983636856079e-02 -9.721815586090087891e-02 6.537171214683000497e-02
4.936080425977706909e-02 -6.767650842666625977e-01 -7.345423698425292969e-01 -2.606586009997408304e+00
0.000000000000000000e+00 0.000000000000000000e+00 0.000000000000000000e+00 1.000000000000000000e+00
-6.165063381195068359e-02 -5.639432072639465332e-01 8.235092759132385254e-01 3.105879962420778462e+00
-9.852150678634643555e-01 -9.775241464376449585e-02 -1.406977027654647827e-01 -9.317269273686312747e-02
1.598455458879470825e-01 -8.200079798698425293e-01 -5.495787262916564941e-01 -1.940304629410638082e+00
0.000000000000000000e+00 0.000000000000000000e+00 0.000000000000000000e+00 1.000000000000000000e+00
-1.253517568111419678e-01 -4.273856282234191895e-01 8.953369855880737305e-01 3.348333912499198650e+00
-9.854557514190673828e-01 -5.072819441556930542e-02 -1.621838361024856567e-01 -2.174437579781379748e-01
1.147337481379508972e-01 -9.026449322700500488e-01 -4.148108363151550293e-01 -1.391128216819166763e+00
0.000000000000000000e+00 0.000000000000000000e+00 0.000000000000000000e+00 1.000000000000000000e+00
-1.940850764513015747e-01 -3.233637809753417969e-01 9.261569380760192871e-01 3.475597443753281279e+00
-9.749804139137268066e-01 -4.070983827114105225e-02 -2.185301929712295532e-01 -4.289382751208604683e-01
1.083684265613555908e-01 -9.453983306884765625e-01 -3.073721826076507568e-01 -1.002232928165625259e+00
0.000000000000000000e+00 0.000000000000000000e+00 0.000000000000000000e+00 1.000000000000000000e+00
-2.746283710002899170e-01 -2.031097412109375000e-01 9.398538470268249512e-01 3.565488616702354729e+00
-9.590112566947937012e-01 -1.312525570392608643e-02 -2.830627560615539551e-01 -6.764085560176094081e-01
6.982861459255218506e-02 -9.790680408477783203e-01 -1.911801695823669434e-01 -5.533095816091202490e-01
0.000000000000000000e+00 0.000000000000000000e+00 0.000000000000000000e+00 1.000000000000000000e+00
-1.446502953767776489e-01 8.898749351501464844e-01 4.326651394367218018e-01 1.609943085508249716e+00
-9.502744674682617188e-01 -3.063661511987447739e-03 -3.113985955715179443e-01 -7.550791454539077519e-01
-2.757801115512847900e-01 -4.561946392059326172e-01 8.460683226585388184e-01 3.425707129415361152e+00
0.000000000000000000e+00 0.000000000000000000e+00 0.000000000000000000e+00 1.000000000000000000e+00
-1.548685878515243530e-01 9.052652716636657715e-01 3.956155478954315186e-01 1.466690306769052432e+00
-9.690767526626586914e-01 -6.133107095956802368e-02 -2.390162199735641479e-01 -4.949052960921819233e-01
-1.921094208955764771e-01 -4.203978776931762695e-01 8.867691159248352051e-01 3.520842910661895697e+00
0.000000000000000000e+00 0.000000000000000000e+00 0.000000000000000000e+00 1.000000000000000000e+00
-7.316558063030242920e-02 9.056261181831359863e-01 4.177168607711791992e-01 1.470124206726943106e+00
-9.903520941734313965e-01 -1.655325107276439667e-02 -1.375792622566223145e-01 -9.248242050487660848e-02
-1.176808550953865051e-01 -4.237529337406158447e-01 8.980998992919921875e-01 3.503234263256867820e+00
0.000000000000000000e+00 0.000000000000000000e+00 0.000000000000000000e+00 1.000000000000000000e+00
2.635952457785606384e-02 8.985651135444641113e-01 4.380469322204589844e-01 1.442209119825234032e+00
-9.992155432701110840e-01 3.663649037480354309e-02 -1.502511650323867798e-02 3.895380447622342479e-01
-2.954961173236370087e-02 -4.373074173927307129e-01 8.988263607025146484e-01 3.434704829736663800e+00
0.000000000000000000e+00 0.000000000000000000e+00 0.000000000000000000e+00 1.000000000000000000e+00
4.319915175437927246e-02 8.946152329444885254e-01 4.447433948516845703e-01 1.440792403420201984e+00
-9.942418336868286133e-01 -5.198277067393064499e-03 1.070299670100212097e-01 8.455153291563495266e-01
9.806258231401443481e-02 -4.468063414096832275e-01 8.892398476600646973e-01 3.302523120948031909e+00
0.000000000000000000e+00 0.000000000000000000e+00 0.000000000000000000e+00 1.000000000000000000e+00
9.686825796961784363e-03 9.000798463821411133e-01 4.356174170970916748e-01 1.457399266870941235e+00
-9.811362028121948242e-01 -7.555907964706420898e-02 1.779391169548034668e-01 1.012577905696323333e+00
1.930743455886840820e-01 -4.291235804557800293e-01 8.823691010475158691e-01 3.238004959643243641e+00
0.000000000000000000e+00 0.000000000000000000e+00 0.000000000000000000e+00 1.000000000000000000e+00
-4.788586124777793884e-02 9.017664194107055664e-01 4.295618236064910889e-01 1.507954843489492269e+00
-9.945864677429199219e-01 -8.275345712900161743e-02 6.284876912832260132e-02 5.828849762762631226e-01
9.222262352705001831e-02 -4.242271780967712402e-01 9.008474946022033691e-01 3.488926806365464373e+00
0.000000000000000000e+00 0.000000000000000000e+00 0.000000000000000000e+00 1.000000000000000000e+00
-4.060285910964012146e-02 8.926308751106262207e-01 4.489567577838897705e-01 1.550354649183161682e+00
-9.926741123199462891e-01 1.513774506747722626e-02 -1.198737695813179016e-01 -8.908563502671180967e-02
-1.137992590665817261e-01 -4.505343735218048096e-01 8.854761719703674316e-01 3.644810421900182895e+00
0.000000000000000000e+00 0.000000000000000000e+00 0.000000000000000000e+00 1.000000000000000000e+00
1.261083781719207764e-01 8.685775995254516602e-01 4.792385101318359375e-01 1.511854088251955552e+00
-9.872065186500549316e-01 1.573968082666397095e-01 -2.549133449792861938e-02 2.542968877772058267e-01
-9.757180511951446533e-02 -4.698926508426666260e-01 8.773143887519836426e-01 3.632530489557294739e+00
0.000000000000000000e+00 0.000000000000000000e+00 0.000000000000000000e+00 1.000000000000000000e+00
2.337348759174346924e-01 8.197395205497741699e-01 5.228718519210815430e-01 1.506361296058722488e+00
-9.459466934204101562e-01 3.160750269889831543e-01 -7.267269492149353027e-02 6.205129384440635776e-02
-2.248394638299942017e-01 -4.776229560375213623e-01 8.493077754974365234e-01 3.583464188663303851e+00
0.000000000000000000e+00 0.000000000000000000e+00 0.000000000000000000e+00 1.000000000000000000e+00
3.479380607604980469e-01 7.574066519737243652e-01 5.525163412094116211e-01 1.439789154491528889e+00
-9.105244874954223633e-01 4.134017825126647949e-01 6.683926098048686981e-03 3.362873892380154883e-01
-2.233487516641616821e-01 -5.054051876068115234e-01 8.334755897521972656e-01 3.451287650372500071e+00
0.000000000000000000e+00 0.000000000000000000e+00 0.000000000000000000e+00 1.000000000000000000e+00
3.617691993713378906e-01 7.507700324058532715e-01 5.526909828186035156e-01 1.417680019601537555e+00
-9.224280118942260742e-01 3.741696476936340332e-01 9.551558643579483032e-02 6.845922017380370317e-01
-1.350900679826736450e-01 -5.443723201751708984e-01 8.278944492340087891e-01 3.337301268142512267e+00
0.000000000000000000e+00 0.000000000000000000e+00 0.000000000000000000e+00 1.000000000000000000e+00
3.764055073261260986e-01 7.467198371887207031e-01 5.483869910240173340e-01 1.395798558965931635e+00
-9.247029423713684082e-01 3.391943573951721191e-01 1.728341579437255859e-01 9.675112433976338355e-01
-5.695115029811859131e-02 -5.721509456634521484e-01 8.181686997413635254e-01 3.221020218976198723e+00
0.000000000000000000e+00 0.000000000000000000e+00 0.000000000000000000e+00 1.000000000000000000e+00
5.358188152313232422e-01 6.336798667907714844e-01 5.579856634140014648e-01 1.374495073812597834e+00
-8.425024747848510742e-01 4.447567164897918701e-01 3.039419949054718018e-01 1.379071581632703269e+00
-5.556597560644149780e-02 -6.329621076583862305e-01 7.721858620643615723e-01 3.048051210416705015e+00
0.000000000000000000e+00 0.000000000000000000e+00 0.000000000000000000e+00 1.000000000000000000e+00
6.854510307312011719e-01 4.342352151870727539e-01 5.844624638557434082e-01 1.414982312359473582e+00
-7.101786732673645020e-01 5.758051872253417969e-01 4.050858914852142334e-01 1.708204360534260946e+00
-1.606340259313583374e-01 -6.927393078804016113e-01 7.030708193778991699e-01 2.977091642917066405e+00
0.000000000000000000e+00 0.000000000000000000e+00 0.000000000000000000e+00 1.000000000000000000e+00
7.077934741973876953e-01 3.591538071632385254e-01 6.083064675331115723e-01 1.457858234728192093e+00
-6.557676792144775391e-01 6.542439460754394531e-01 3.767403960227966309e-01 1.601640917336916603e+00
-2.626732885837554932e-01 -6.655622124671936035e-01 6.985909342765808105e-01 3.079616410260503478e+00
0.000000000000000000e+00 0.000000000000000000e+00 0.000000000000000000e+00 1.000000000000000000e+00
7.609764933586120605e-01 2.780812084674835205e-01 5.861616134643554688e-01 1.427126519134361615e+00
-5.737248659133911133e-01 7.102673053741455078e-01 4.078720808029174805e-01 1.616219135964610754e+00
-3.029099702835083008e-01 -6.466766595840454102e-01 7.000386714935302734e-01 3.074611713062288754e+00
0.000000000000000000e+00 0.000000000000000000e+00 0.000000000000000000e+00 1.000000000000000000e+00
7.637979388236999512e-01 2.833714187145233154e-01 5.799252986907958984e-01 1.471439064324752133e+00
-5.442408919334411621e-01 7.657799720764160156e-01 3.426131010055541992e-01 1.292306060795973099e+00
-3.470079600811004639e-01 -5.773062109947204590e-01 7.391232252120971680e-01 3.248756148128147281e+00
0.000000000000000000e+00 0.000000000000000000e+00 0.000000000000000000e+00 1.000000000000000000e+00
7.453292608261108398e-01 3.742966353893280029e-01 5.517122149467468262e-01 1.469944618102363654e+00
-5.911241769790649414e-01 7.537003159523010254e-01 2.872418463230133057e-01 1.049719832148104937e+00
-3.083119690418243408e-01 -5.402202606201171875e-01 7.830107212066650391e-01 3.386888065817914129e+00
0.000000000000000000e+00 0.000000000000000000e+00 0.000000000000000000e+00 1.000000000000000000e+00
8.159911632537841797e-01 2.037676274776458740e-01 5.409594178199768066e-01 1.483972523411168698e+00
-5.314800739288330078e-01 6.325053572654724121e-01 5.634412169456481934e-01 2.060061563567411547e+00
-2.273486256599426270e-01 -7.472721338272094727e-01 6.244169473648071289e-01 2.883026154721049394e+00
0.000000000000000000e+00 0.000000000000000000e+00 0.000000000000000000e+00 1.000000000000000000e+00
8.502572178840637207e-01 1.260232180356979370e-01 5.110584497451782227e-01 1.363957513062978633e+00
-4.832805097103118896e-01 5.716297030448913574e-01 6.630830764770507812e-01 2.440281877139117483e+00
-2.085723876953125000e-01 -8.107756376266479492e-01 5.469368100166320801e-01 2.580475336031063716e+00
0.000000000000000000e+00 0.000000000000000000e+00 0.000000000000000000e+00 1.000000000000000000e+00
8.760322332382202148e-01 3.917945176362991333e-02 4.806585609912872314e-01 1.248574407019562571e+00
-4.317883253097534180e-01 5.076003670692443848e-01 7.455874681472778320e-01 2.755013182263755134e+00
-2.147707641124725342e-01 -8.607012629508972168e-01 4.615916311740875244e-01 2.261269482085569216e+00
0.000000000000000000e+00 0.000000000000000000e+00 0.000000000000000000e+00 1.000000000000000000e+00
8.896449804306030273e-01 -1.077607497572898865e-01 4.437559247016906738e-01 1.125510440276820345e+00
-3.661378026008605957e-01 4.124076962471008301e-01 8.341837525367736816e-01 3.093139094213534168e+00
-2.729006707668304443e-01 -9.046032428741455078e-01 3.274410963058471680e-01 1.782947934412707713e+00
0.000000000000000000e+00 0.000000000000000000e+00 0.000000000000000000e+00 1.000000000000000000e+00
9.563260078430175781e-01 2.241229414939880371e-01 1.876409947872161865e-01 7.526441701113452398e-02
-2.497323900461196899e-01 2.928757667541503906e-01 9.229613542556762695e-01 3.364513017446648213e+00
1.519013047218322754e-01 -9.295120835304260254e-01 3.360555469989776611e-01 1.518293934857477323e+00
0.000000000000000000e+00 0.000000000000000000e+00 0.000000000000000000e+00 1.000000000000000000e+00
9.801648855209350586e-01 2.812286652624607086e-02 1.961782425642013550e-01 1.277250043093398346e-01
-1.975106894969940186e-01 2.201270312070846558e-01 9.552660584449768066e-01 3.456529609703125061e+00
-1.631930842995643616e-02 -9.750656485557556152e-01 2.213154286146163940e-01 1.171717275081696208e+00
0.000000000000000000e+00 0.000000000000000000e+00 0.000000000000000000e+00 1.000000000000000000e+00
9.867265224456787109e-01 -2.671637572348117828e-02 1.601792871952056885e-01 2.757379514085099917e-03
-1.563423871994018555e-01 1.104339510202407837e-01 9.815096259117126465e-01 3.528431586606987302e+00
-4.391165077686309814e-02 -9.935242533683776855e-01 1.047911718487739563e-01 7.240347187416057428e-01
0.000000000000000000e+00 0.000000000000000000e+00 0.000000000000000000e+00 1.000000000000000000e+00
9.843211770057678223e-01 1.075202599167823792e-01 1.398262530565261841e-01 -1.112908986410562490e-01
-1.458156704902648926e-01 4.998468607664108276e-02 9.880483746528625488e-01 3.533003685486876932e+00
9.924601018428802490e-02 -9.929455518722534180e-01 6.487914174795150757e-02 4.659040777718088111e-01
0.000000000000000000e+00 0.000000000000000000e+00 0.000000000000000000e+00 1.000000000000000000e+00
9.885352253913879395e-01 1.078098565340042114e-01 1.057138964533805847e-01 -2.427533804098617187e-01
-1.027400717139244080e-01 -3.279068693518638611e-02 9.941676259040832520e-01 3.515401587379098913e+00
1.106475070118904114e-01 -9.936306476593017578e-01 -2.133834920823574066e-02 9.124761842286717439e-02
0.000000000000000000e+00 0.000000000000000000e+00 0.000000000000000000e+00 1.000000000000000000e+00
9.759545922279357910e-01 1.983473896980285645e-01 9.039453417062759399e-02 -2.884754463958061343e-01
-6.581800431013107300e-02 -1.271880120038986206e-01 9.896926283836364746e-01 3.450062351019131501e+00
2.077999860048294067e-01 -9.718443155288696289e-01 -1.110748574137687683e-01 -3.445390550724236611e-01
0.000000000000000000e+00 0.000000000000000000e+00 0.000000000000000000e+00 1.000000000000000000e+00
9.848653078079223633e-01 -3.531972644850611687e-03 1.732851117849349976e-01 -2.313353095525573846e-02
-1.714704483747482300e-01 -1.655686050653457642e-01 9.711771011352539062e-01 3.475227853350562945e+00
2.526037022471427917e-02 -9.861917495727539062e-01 -1.636683940887451172e-01 -3.035409067088606916e-01
0.000000000000000000e+00 0.000000000000000000e+00 0.000000000000000000e+00 1.000000000000000000e+00
9.117422699928283691e-01 -3.642205297946929932e-01 1.899201273918151855e-01 1.473384153005666553e-01
-2.670385837554931641e-01 -1.742451786994934082e-01 9.478021264076232910e-01 3.503103041244028049e+00
-3.121164739131927490e-01 -9.148671627044677734e-01 -2.561276555061340332e-01 -3.881543155431474990e-01
0.000000000000000000e+00 0.000000000000000000e+00 0.000000000000000000e+00 1.000000000000000000e+00
5.531405210494995117e-01 -8.330017328262329102e-01 1.198313478380441666e-02 -6.908961852026360151e-02
-3.780201077461242676e-01 -2.381478399038314819e-01 8.946431875228881836e-01 3.490159906379660004e+00
-7.423855066299438477e-01 -4.993932247161865234e-01 -4.466207027435302734e-01 -8.464537566870438123e-01
0.000000000000000000e+00 0.000000000000000000e+00 0.000000000000000000e+00 1.000000000000000000e+00
9.180424213409423828e-01 -2.329080551862716675e-01 3.208603560924530029e-01 6.063269222269562775e-01
-3.866010904312133789e-01 -3.463132679462432861e-01 8.547549247741699219e-01 3.408537393558058959e+00
-8.796123415231704712e-02 -9.087466597557067871e-01 -4.079729318618774414e-01 -1.026215075894021167e+00
0.000000000000000000e+00 0.000000000000000000e+00 0.000000000000000000e+00 1.000000000000000000e+00
8.840973377227783203e-01 -1.733852326869964600e-01 4.339462518692016602e-01 1.032269387959570572e+00
-4.648938775062561035e-01 -4.205044209957122803e-01 7.791338562965393066e-01 3.254002588556890174e+00
4.738588631153106689e-02 -8.905690312385559082e-01 -4.523725509643554688e-01 -1.316386947207701219e+00
0.000000000000000000e+00 0.000000000000000000e+00 0.000000000000000000e+00 1.000000000000000000e+00
8.719229102134704590e-01 -1.523825079202651978e-01 4.653281271457672119e-01 1.153332630567542205e+00
-4.736988544464111328e-01 -5.030605792999267578e-01 7.228688001632690430e-01 3.057944204894069706e+00
1.239355579018592834e-01 -8.507112264633178711e-01 -5.108135342597961426e-01 -1.618130909711536169e+00
0.000000000000000000e+00 0.000000000000000000e+00 0.000000000000000000e+00 1.000000000000000000e+00
8.600550293922424316e-01 -1.403466612100601196e-01 4.905179440975189209e-01 1.252276914339648162e+00
-4.720214605331420898e-01 -5.837969183921813965e-01 6.605883836746215820e-01 2.859192336562411452e+00
1.936514228582382202e-01 -7.996773123741149902e-01 -5.683439970016479492e-01 -1.854020395746785344e+00
0.000000000000000000e+00 0.000000000000000000e+00 0.000000000000000000e+00 1.000000000000000000e+00
8.416207432746887207e-01 -1.012014970183372498e-01 5.305023193359375000e-01 1.369876526627214597e+00
-4.465672075748443604e-01 -6.828340888023376465e-01 5.781997442245483398e-01 2.574132450276889195e+00
3.037303984165191650e-01 -7.235299348831176758e-01 -6.198807358741760254e-01 -2.116812154334087204e+00
0.000000000000000000e+00 0.000000000000000000e+00 0.000000000000000000e+00 1.000000000000000000e+00
8.246372342109680176e-01 -1.143521070480346680e-01 5.539827942848205566e-01 1.477020789080636831e+00
-4.450148642063140869e-01 -7.357200980186462402e-01 5.105652213096618652e-01 2.343168725173005118e+00
3.491921424865722656e-01 -6.675617694854736328e-01 -6.575910449028015137e-01 -2.302061095236469068e+00
0.000000000000000000e+00 0.000000000000000000e+00 0.000000000000000000e+00 1.000000000000000000e+00
7.946675419807434082e-01 -1.570035219192504883e-01 5.863897204399108887e-01 1.638559033390623254e+00
-4.565064907073974609e-01 -7.912800312042236328e-01 4.067890942096710205e-01 1.991322380185294394e+00
4.001310467720031738e-01 -5.909531712532043457e-01 -7.004778385162353516e-01 -2.520856570750562575e+00
0.000000000000000000e+00 0.000000000000000000e+00 0.000000000000000000e+00 1.000000000000000000e+00
7.658699154853820801e-01 -2.149783819913864136e-01 6.059927344322204590e-01 1.756371928713618802e+00
-4.624709188938140869e-01 -8.389455080032348633e-01 2.868639826774597168e-01 1.572857962374679897e+00
4.467251598834991455e-01 -4.999545812606811523e-01 -7.419442534446716309e-01 -2.738479549707060645e+00
0.000000000000000000e+00 0.000000000000000000e+00 0.000000000000000000e+00 1.000000000000000000e+00
7.413746118545532227e-01 -2.790944576263427734e-01 6.103031039237976074e-01 1.817062370475905908e+00
-4.634315669536590576e-01 -8.706739544868469238e-01 1.647966653108596802e-01 1.142316123386130089e+00
4.853813052177429199e-01 -4.050099253654479980e-01 -7.748367786407470703e-01 -2.916727464199611486e+00
0.000000000000000000e+00 0.000000000000000000e+00 0.000000000000000000e+00 1.000000000000000000e+00
7.227461338043212891e-01 -3.604137301445007324e-01 5.896945595741271973e-01 1.778103875787014898e+00
-4.425249099731445312e-01 -8.967378735542297363e-01 -5.704086273908615112e-03 5.214797993641380192e-01
5.308574438095092773e-01 -2.568319439888000488e-01 -8.076061010360717773e-01 -3.101585170766297139e+00
0.000000000000000000e+00 0.000000000000000000e+00 0.000000000000000000e+00 1.000000000000000000e+00
7.093612551689147949e-01 -4.003046154975891113e-01 5.801401138305664062e-01 1.733665859849317537e+00
-3.778854906558990479e-01 -9.107772707939147949e-01 -1.663928925991058350e-01 -1.242316065893760979e-01
5.949865579605102539e-01 -1.011940464377403259e-01 -7.973397374153137207e-01 -3.079447856663140026e+00
0.000000000000000000e+00 0.000000000000000000e+00 0.000000000000000000e+00 1.000000000000000000e+00
7.088609933853149414e-01 -4.196850061416625977e-01 5.669046044349670410e-01 1.670723838632609537e+00
-2.972815334796905518e-01 -9.066151380538940430e-01 -2.994531095027923584e-01 -6.767058596427529826e-01
6.396402120590209961e-01 4.374026507139205933e-02 -7.674288749694824219e-01 -3.001564647871171054e+00
0.000000000000000000e+00 0.000000000000000000e+00 0.000000000000000000e+00 1.000000000000000000e+00
7.007608413696289062e-01 -4.508899152278900146e-01 5.528399944305419922e-01 1.617408594973015257e+00
-2.438462078571319580e-01 -8.796549439430236816e-01 -4.083454012870788574e-01 -1.113042534072689049e+00
6.704273819923400879e-01 1.513446420431137085e-01 -7.263758778572082520e-01 -2.869117520194004900e+00
0.000000000000000000e+00 0.000000000000000000e+00 0.000000000000000000e+00 1.000000000000000000e+00
6.917554736137390137e-01 -4.804577827453613281e-01 5.391055941581726074e-01 1.568577207030369625e+00
-1.641074568033218384e-01 -8.316072225570678711e-01 -5.305640101432800293e-01 -1.633772591110564720e+00
7.032376527786254883e-01 2.785491645336151123e-01 -6.541156172752380371e-01 -2.632760448805123943e+00
0.000000000000000000e+00 0.000000000000000000e+00 0.000000000000000000e+00 1.000000000000000000e+00
6.753599643707275391e-01 -5.117840170860290527e-01 5.310044288635253906e-01 1.548735076913321240e+00
-9.957274794578552246e-02 -7.767027616500854492e-01 -6.219467520713806152e-01 -2.034250742824737390e+00
7.307349443435668945e-01 3.671643733978271484e-01 -5.755134820938110352e-01 -2.367432388682973787e+00
0.000000000000000000e+00 0.000000000000000000e+00 0.000000000000000000e+00 1.000000000000000000e+00
6.907480359077453613e-01 -5.233870148658752441e-01 4.989316463470458984e-01 1.424514211281433074e+00
-4.046252742409706116e-02 -7.168906331062316895e-01 -6.960104703903198242e-01 -2.370866180008858848e+00
7.219623327255249023e-01 4.605798423290252686e-01 -5.163683891296386719e-01 -2.155469208999571951e+00
0.000000000000000000e+00 0.000000000000000000e+00 0.000000000000000000e+00 1.000000000000000000e+00
6.993902921676635742e-01 -5.279292464256286621e-01 4.818128943443298340e-01 1.352363964306835031e+00
1.786700449883937836e-02 -6.609853506088256836e-01 -7.501861453056335449e-01 -2.629348328656035960e+00
7.145164608955383301e-01 5.332815051078796387e-01 -4.528543353080749512e-01 -1.944422930931105853e+00
0.000000000000000000e+00 0.000000000000000000e+00 0.000000000000000000e+00 1.000000000000000000e+00
7.488080859184265137e-01 -5.010664463043212891e-01 4.338425397872924805e-01 1.143525402636210719e+00
6.593745946884155273e-02 -5.950074791908264160e-01 -8.010109663009643555e-01 -2.874236721462080979e+00
6.594987511634826660e-01 6.284098625183105469e-01 -4.125071167945861816e-01 -1.798186774944815269e+00
0.000000000000000000e+00 0.000000000000000000e+00 0.000000000000000000e+00 1.000000000000000000e+00
7.953819632530212402e-01 -4.767195582389831543e-01 3.743074238300323486e-01 8.826992949734088212e-01
1.063578575849533081e-01 -4.981999695301055908e-01 -8.605137467384338379e-01 -3.175622454641358505e+00
5.967040061950683594e-01 7.242482900619506836e-01 -3.455565273761749268e-01 -1.549853451785511815e+00
0.000000000000000000e+00 0.000000000000000000e+00 0.000000000000000000e+00 1.000000000000000000e+00
8.233337402343750000e-01 -4.712254703044891357e-01 3.163362741470336914e-01 6.598818184609052118e-01
1.284080445766448975e-01 -3.882518112659454346e-01 -9.125632047653198242e-01 -3.426738022682223495e+00
5.528410077095031738e-01 7.919641733169555664e-01 -2.591518163681030273e-01 -1.222500358236552787e+00
0.000000000000000000e+00 0.000000000000000000e+00 0.000000000000000000e+00 1.000000000000000000e+00
8.868253231048583984e-01 -3.774741291999816895e-01 2.665590047836303711e-01 4.286356118256526848e-01
1.565111279487609863e-01 -2.973921895027160645e-01 -9.418396949768066406e-01 -3.576316388464911178e+00
4.347926676273345947e-01 8.769666552543640137e-01 -2.046559303998947144e-01 -9.731225945158752388e-01
0.000000000000000000e+00 0.000000000000000000e+00 0.000000000000000000e+00 1.000000000000000000e+00
9.158455729484558105e-01 -3.125032782554626465e-01 2.521286904811859131e-01 3.451011566257458085e-01
1.936818212270736694e-01 -2.062230706214904785e-01 -9.591450691223144531e-01 -3.691501636791420182e+00
3.517307043075561523e-01 9.272612929344177246e-01 -1.283423304557800293e-01 -6.471787201500971420e-01
0.000000000000000000e+00 0.000000000000000000e+00 0.000000000000000000e+00 1.000000000000000000e+00
9.679909944534301758e-01 -1.221283078193664551e-01 2.192683219909667969e-01 1.684619240419839847e-01
2.064542770385742188e-01 -1.093489080667495728e-01 -9.723269939422607422e-01 -3.775351600077575309e+00
1.427254080772399902e-01 9.864722490310668945e-01 -8.063483238220214844e-02 -3.360571980844859752e-01
0.000000000000000000e+00 0.000000000000000000e+00 0.000000000000000000e+00 1.000000000000000000e+00
9.805799722671508789e-01 -5.041855201125144958e-02 1.895282268524169922e-01 7.749995302163464363e-03
1.885736137628555298e-01 -2.310465276241302490e-02 -9.817873239517211914e-01 -3.843954109967090194e+00
5.387929081916809082e-02 9.984610080718994141e-01 -1.314840279519557953e-02 6.855173331462875372e-04
0.000000000000000000e+00 0.000000000000000000e+00 0.000000000000000000e+00 1.000000000000000000e+00
9.821917414665222168e-01 -7.465865463018417358e-02 1.724108308553695679e-01 -5.269618891114016129e-02
1.777205914258956909e-01 7.149697840213775635e-02 -9.814802408218383789e-01 -3.889663378970908525e+00
6.094914674758911133e-02 9.946427345275878906e-01 8.349204063415527344e-02 4.255885428403238246e-01
0.000000000000000000e+00 0.000000000000000000e+00 0.000000000000000000e+00 1.000000000000000000e+00
9.829484820365905762e-01 2.053809165954589844e-02 1.827306896448135376e-01 1.029738243821563294e-02
1.791771352291107178e-01 1.163595840334892273e-01 -9.769114851951599121e-01 -3.896401571741120229e+00
-4.132636636495590210e-02 9.929948449134826660e-01 1.106955260038375854e-01 6.646170381073065458e-01
0.000000000000000000e+00 0.000000000000000000e+00 0.000000000000000000e+00 1.000000000000000000e+00
9.456313848495483398e-01 2.908176779747009277e-01 1.456239372491836548e-01 -7.314198542154624894e-02
1.299177110195159912e-01 7.271462678909301758e-02 -9.888549447059631348e-01 -3.910170607458640646e+00
-2.981654405593872070e-01 9.540113806724548340e-01 3.097887896001338959e-02 5.020371539222698853e-01
0.000000000000000000e+00 0.000000000000000000e+00 0.000000000000000000e+00 1.000000000000000000e+00
9.327395558357238770e-01 -3.522648811340332031e-01 7.685274630784988403e-02 -3.319154054464000247e-01
5.962053686380386353e-02 -5.952651798725128174e-02 -9.964445829391479492e-01 -3.869275071933234056e+00
3.555872738361358643e-01 9.340053200721740723e-01 -3.452052921056747437e-02 -2.042817180752530271e-01
0.000000000000000000e+00 0.000000000000000000e+00 0.000000000000000000e+00 1.000000000000000000e+00
8.518218994140625000e-01 -5.191491842269897461e-01 6.988206505775451660e-02 -2.880609663636222173e-01
-3.810695558786392212e-02 -1.944653689861297607e-01 -9.801689386367797852e-01 -3.714618932583021227e+00
5.224435329437255859e-01 8.322660923004150391e-01 -1.854331493377685547e-01 -8.812175988375319236e-01
0.000000000000000000e+00 0.000000000000000000e+00 0.000000000000000000e+00 1.000000000000000000e+00
7.785128355026245117e-01 -6.237425804138183594e-01 6.973350048065185547e-02 -1.961554320917550664e-01
-1.653566807508468628e-01 -3.110199272632598877e-01 -9.359077215194702148e-01 -3.426705620895830862e+00
6.054545044898986816e-01 7.170854806900024414e-01 -3.452731072902679443e-01 -1.536225915358566674e+00
0.000000000000000000e+00 0.000000000000000000e+00 0.000000000000000000e+00 1.000000000000000000e+00
9.443026185035705566e-01 -2.333095222711563110e-01 -2.320750802755355835e-01 -1.360707756754637066e+00
-3.103294670581817627e-01 -3.967101275920867920e-01 -8.638963699340820312e-01 -3.021340659333935363e+00
1.094887629151344299e-01 8.877993822097778320e-01 -4.470171928405761719e-01 -1.639096589006735938e+00
0.000000000000000000e+00 0.000000000000000000e+00 0.000000000000000000e+00 1.000000000000000000e+00
8.872080445289611816e-01 -3.747198283672332764e-01 -2.691604197025299072e-01 -1.399608600392739488e+00
-4.384286105632781982e-01 -5.030752420425415039e-01 -7.447791695594787598e-01 -2.459330812607026129e+00
1.436755508184432983e-01 7.787814140319824219e-01 -6.106200218200683594e-01 -2.244040009153152493e+00
0.000000000000000000e+00 0.000000000000000000e+00 0.000000000000000000e+00 1.000000000000000000e+00
8.097718954086303711e-01 -5.083370804786682129e-01 -2.930234670639038086e-01 -1.370142967367202091e+00
-5.738034248352050781e-01 -5.817775130271911621e-01 -5.764411687850952148e-01 -1.740636267881822130e+00
1.225520521402359009e-01 6.349236965179443359e-01 -7.627929449081420898e-01 -2.744089884550930059e+00
0.000000000000000000e+00 0.000000000000000000e+00 0.000000000000000000e+00 1.000000000000000000e+00
7.343264818191528320e-01 -5.951218605041503906e-01 -3.264878094196319580e-01 -1.369375062264693410e+00
-6.766731142997741699e-01 -6.037805080413818359e-01 -4.213815927505493164e-01 -1.110731321543311667e+00
5.364660918712615967e-02 5.303573012351989746e-01 -8.460749387741088867e-01 -2.979364943094215956e+00
0.000000000000000000e+00 0.000000000000000000e+00 0.000000000000000000e+00 1.000000000000000000e+00
6.603924632072448730e-01 -7.049829959869384766e-01 -2.586129903793334961e-01 -9.936591140513224563e-01
-7.500097751617431641e-01 -6.022839546203613281e-01 -2.733840942382812500e-01 -5.358995450386324633e-01
3.697288408875465393e-02 3.745030760765075684e-01 -9.264882206916809082e-01 -3.208475906476190520e+00
0.000000000000000000e+00 0.000000000000000000e+00 0.000000000000000000e+00 1.000000000000000000e+00
6.852386593818664551e-01 -6.956880688667297363e-01 -2.155600935220718384e-01 -8.512608462532625930e-01
-7.282977104187011719e-01 -6.567659974098205566e-01 -1.955515593290328979e-01 -2.194926108301964995e-01
-5.529538262635469437e-03 2.909914553165435791e-01 -9.567096829414367676e-01 -3.255154471472941236e+00
0.000000000000000000e+00 0.000000000000000000e+00 0.000000000000000000e+00 1.000000000000000000e+00
6.899980306625366211e-01 -6.923090815544128418e-01 -2.112129032611846924e-01 -8.387634944766823031e-01
-7.150182723999023438e-01 -6.972966194152832031e-01 -5.026433244347572327e-02 2.953359477048374537e-01
-1.124795749783515930e-01 1.857033520936965942e-01 -9.761466979980468750e-01 -3.205823096390271409e+00
0.000000000000000000e+00 0.000000000000000000e+00 0.000000000000000000e+00 1.000000000000000000e+00
6.689200401306152344e-01 -7.172588706016540527e-01 -1.951556652784347534e-01 -7.595268217031178049e-01
-7.266291379928588867e-01 -6.862960457801818848e-01 3.174408897757530212e-02 5.558815343166976231e-01
-1.567032635211944580e-01 1.205715090036392212e-01 -9.802584648132324219e-01 -3.158705383777946629e+00
0.000000000000000000e+00 0.000000000000000000e+00 0.000000000000000000e+00 1.000000000000000000e+00
6.573500633239746094e-01 -7.341365814208984375e-01 -1.701009571552276611e-01 -6.571072309030105973e-01
-7.322105169296264648e-01 -6.756002306938171387e-01 8.620913326740264893e-02 7.209489019195843840e-01
-1.782095134258270264e-01 6.788013130426406860e-02 -9.816486239433288574e-01 -3.118026319761630027e+00
0.000000000000000000e+00 0.000000000000000000e+00 0.000000000000000000e+00 1.000000000000000000e+00
5.770499110221862793e-01 -7.965499758720397949e-01 -1.803368628025054932e-01 -6.047494772663065676e-01
-7.620047926902770996e-01 -6.045625209808349609e-01 2.320623546838760376e-01 1.203607549346026317e+00
-2.938741743564605713e-01 3.506050212308764458e-03 -9.558376669883728027e-01 -2.953447650378508538e+00
0.000000000000000000e+00 0.000000000000000000e+00 0.000000000000000000e+00 1.000000000000000000e+00
5.762299895286560059e-01 -7.950420379638671875e-01 -1.893845051527023315e-01 -6.266633396883048990e-01
-6.774281263351440430e-01 -5.942564010620117188e-01 4.335324168205261230e-01 1.849211419716576321e+00
-4.572195708751678467e-01 -1.215199753642082214e-01 -8.810123801231384277e-01 -2.573344017707800191e+00
0.000000000000000000e+00 0.000000000000000000e+00 0.000000000000000000e+00 1.000000000000000000e+00
5.863863229751586914e-01 -7.856202125549316406e-01 -1.973614394664764404e-01 -6.759952318207574917e-01
-6.137495636940002441e-01 -5.899162292480468750e-01 5.247003436088562012e-01 2.128620296575310711e+00
-5.286419987678527832e-01 -1.865465641021728516e-01 -8.280929923057556152e-01 -2.330931948661791875e+00
0.000000000000000000e+00 0.000000000000000000e+00 0.000000000000000000e+00 1.000000000000000000e+00
6.488212943077087402e-01 -7.353610396385192871e-01 -1.956407278776168823e-01 -7.278835473421080282e-01
-4.984372556209564209e-01 -6.049777865409851074e-01 6.209363341331481934e-01 2.399655207500797527e+00
-5.749709010124206543e-01 -3.053621053695678711e-01 -7.590536475181579590e-01 -2.012462890656870673e+00
0.000000000000000000e+00 0.000000000000000000e+00 0.000000000000000000e+00 1.000000000000000000e+00
7.324939370155334473e-01 -6.609734892845153809e-01 -1.629923433065414429e-01 -6.908249951678122613e-01
