1.000000000000000000e+00 0.000000000000000000e+00 0.000000000000000000e+00 -4.097584310382009209e-01
0.000000000000000000e+00 -1.000000000000000000e+00 0.000000000000000000e+00 -1.932597221741734483e-02
0.000000000000000000e+00 0.000000000000000000e+00 -1.000000000000000000e+00 -2.664692399556274349e+00
0.000000000000000000e+00 0.000000000000000000e+00 0.000000000000000000e+00 1.000000000000000000e+00
9.964889883995056152e-01 -7.871112972497940063e-02 -2.854989655315876007e-02 -4.734284758772064894e-01
-7.836684584617614746e-02 -9.968399405479431152e-01 1.298430562019348145e-02 4.838512307519405448e-02
-2.948167547583580017e-02 -1.070135738700628281e-02 -9.995080232620239258e-01 -2.710834304300580033e+00
0.000000000000000000e+00 0.000000000000000000e+00 0.000000000000000000e+00 1.000000000000000000e+00
9.851876497268676758e-01 -1.647742837667465210e-01 -4.748487100005149841e-02 -5.083307813938915398e-01
-1.623727977275848389e-01 -9.854279160499572754e-01 5.065829679369926453e-02 2.054565096418231873e-01
-5.514017492532730103e-02 -4.219765961170196533e-02 -9.975864291191101074e-01 -2.704199044479619563e+00
0.000000000000000000e+00 0.000000000000000000e+00 0.000000000000000000e+00 1.000000000000000000e+00
9.642583131790161133e-01 -2.593035697937011719e-01 -5.447673425078392029e-02 -5.065480347632338454e-01
-2.547455132007598877e-01 -9.638122916221618652e-01 7.855523377656936646e-02 3.321083870310040376e-01
-7.287500053644180298e-02 -6.186981126666069031e-02 -9.954198598861694336e-01 -2.694934901671289129e+00
0.000000000000000000e+00 0.000000000000000000e+00 0.000000000000000000e+00 1.000000000000000000e+00
9.358862638473510742e-01 -3.470017611980438232e-01 -6.087821349501609802e-02 -4.998457904408368790e-01
-3.383950889110565186e-01 -9.334918856620788574e-01 1.186639964580535889e-01 4.896389640824408973e-01
-9.800601005554199219e-02 -9.045505523681640625e-02 -9.910660982131958008e-01 -2.677386755906747240e+00
0.000000000000000000e+00 0.000000000000000000e+00 0.000000000000000000e+00 1.000000000000000000e+00
8.896461725234985352e-01 -4.546546339988708496e-01 -4.264415800571441650e-02 -4.174838963879454745e-01
-4.455123841762542725e-01 -8.846538662910461426e-01 1.374991089105606079e-01 5.812146073511814670e-01
-1.002400070428848267e-01 -1.033270061016082764e-01 -9.895833730697631836e-01 -2.681336013103686078e+00
0.000000000000000000e+00 0.000000000000000000e+00 0.000000000000000000e+00 1.000000000000000000e+00
8.440257310867309570e-01 -5.357021093368530273e-01 -2.535060048103332520e-02 -3.429642938981687927e-01
-5.251772999763488770e-01 -8.351724743843078613e-01 1.633257418870925903e-01 6.921596366833000502e-01
-1.086661890149116516e-01 -1.245376318693161011e-01 -9.862470030784606934e-01 -2.674389492654011935e+00
0.000000000000000000e+00 0.000000000000000000e+00 0.000000000000000000e+00 1.000000000000000000e+00
7.900663018226623535e-01 -6.128578782081604004e-01 -1.417105365544557571e-02 -2.834445632380135915e-01
-6.025672554969787598e-01 -7.806357145309448242e-01 1.658917367458343506e-01 7.321007495675577736e-01
-1.127305105328559875e-01 -1.225263029336929321e-01 -9.860419631004333496e-01 -2.681692251997009890e+00
0.000000000000000000e+00 0.000000000000000000e+00 0.000000000000000000e+00 1.000000000000000000e+00
7.187492847442626953e-01 -6.950630545616149902e-01 1.693093217909336090e-02 -1.443469516849473500e-01
-6.877126097679138184e-01 -7.071460485458374023e-01 1.643045693635940552e-01 7.566071432434050559e-01
-1.022294238209724426e-01 -1.297374367713928223e-01 -9.862639904022216797e-01 -2.690162514637956637e+00
0.000000000000000000e+00 0.000000000000000000e+00 0.000000000000000000e+00 1.000000000000000000e+00
6.417310833930969238e-01 -7.666721940040588379e-01 1.985644362866878510e-02 -8.765610034864652900e-02
-7.612421512603759766e-01 -6.336116790771484375e-01 1.380070745944976807e-01 7.030191971689920827e-01
-9.322495013475418091e-02 -1.036790013313293457e-01 -9.902324676513671875e-01 -2.718012062699600051e+00
0.000000000000000000e+00 0.000000000000000000e+00 0.000000000000000000e+00 1.000000000000000000e+00
5.470048785209655762e-01 -8.366456031799316406e-01 2.845904603600502014e-02 -8.164032569283892482e-03
-8.345546126365661621e-01 -5.423427820205688477e-01 9.686649590730667114e-02 5.983102800519529696e-01
-6.560837477445602417e-02 -7.673698663711547852e-02 -9.948901534080505371e-01 -2.765509386068232267e+00
0.000000000000000000e+00 0.000000000000000000e+00 0.000000000000000000e+00 1.000000000000000000e+00
4.583506882190704346e-01 -8.862453699111938477e-01 6.695736199617385864e-02 1.620275681098785059e-01
-8.886299729347229004e-01 -4.556325972080230713e-01 5.229779705405235291e-02 4.763460587858171502e-01
-1.584072969853878021e-02 -8.347105234861373901e-02 -9.963845014572143555e-01 -2.808796964621570247e+00
0.000000000000000000e+00 0.000000000000000000e+00 0.000000000000000000e+00 1.000000000000000000e+00
3.511793315410614014e-01 -9.321438074111938477e-01 8.821482956409454346e-02 2.634340320314899064e-01
-9.361312985420227051e-01 -3.513808846473693848e-01 1.374464854598045349e-02 3.448011222323691394e-01
1.818500272929668427e-02 -8.740749210119247437e-02 -9.960065484046936035e-01 -2.823424834469733913e+00
0.000000000000000000e+00 0.000000000000000000e+00 0.000000000000000000e+00 1.000000000000000000e+00
2.717977464199066162e-01 -9.568812847137451172e-01 1.024864166975021362e-01 3.295556854782915601e-01
-9.594109058380126953e-01 -2.777487635612487793e-01 -4.885397478938102722e-02 1.245354722204972814e-01
7.521293312311172485e-02 -8.504816889762878418e-02 -9.935342073440551758e-01 -2.820717584444638604e+00
0.000000000000000000e+00 0.000000000000000000e+00 0.000000000000000000e+00 1.000000000000000000e+00
1.952204853296279907e-01 -9.719793200492858887e-01 1.309423148632049561e-01 4.267316055864794899e-01
-9.719897508621215820e-01 -2.095569670200347900e-01 -1.064034029841423035e-01 -7.293595902119066887e-02
1.308616250753402710e-01 -1.065023839473724365e-01 -9.856629967689514160e-01 -2.805944018131970363e+00
0.000000000000000000e+00 0.000000000000000000e+00 0.000000000000000000e+00 1.000000000000000000e+00
1.183509305119514465e-01 -9.848132133483886719e-01 1.270254850387573242e-01 4.342943696523541841e-01
-9.705857634544372559e-01 -1.417423337697982788e-01 -1.946070492267608643e-01 -3.509757587681716640e-01
2.096564918756484985e-01 -1.002571880817413330e-01 -9.726213812828063965e-01 -2.782054212997665754e+00
0.000000000000000000e+00 0.000000000000000000e+00 0.000000000000000000e+00 1.000000000000000000e+00
1.880718171596527100e-01 -9.747651219367980957e-01 1.202598735690116882e-01 4.050504608952608665e-01
-9.557747840881347656e-01 -2.098314613103866577e-01 -2.060709744691848755e-01 -3.827626985949852956e-01
2.261050343513488770e-01 -7.618526369333267212e-02 -9.711187481880187988e-01 -2.758614190509462993e+00
0.000000000000000000e+00 0.000000000000000000e+00 0.000000000000000000e+00 1.000000000000000000e+00
2.798598706722259521e-01 -9.522629976272583008e-01 1.219576746225357056e-01 3.875060403244138252e-01
-9.379224777221679688e-01 -2.983083128929138184e-01 -1.769557893276214600e-01 -2.775483451278960012e-01
2.048894464969635010e-01 -6.486407667398452759e-02 -9.766334891319274902e-01 -2.747897498100469793e+00
0.000000000000000000e+00 0.000000000000000000e+00 0.000000000000000000e+00 1.000000000000000000e+00
3.301929831504821777e-01 -9.359772801399230957e-01 1.221435889601707458e-01 3.738512393588559468e-01
-9.331890344619750977e-01 -3.431474864482879639e-01 -1.068062633275985718e-01 -4.837630887252265116e-02
1.418815106153488159e-01 -7.871644198894500732e-02 -9.867489933967590332e-01 -2.745263924128447552e+00
0.000000000000000000e+00 0.000000000000000000e+00 0.000000000000000000e+00 1.000000000000000000e+00
3.587959706783294678e-01 -9.195250868797302246e-01 1.604333966970443726e-01 4.727710330116465243e-01
-9.306119084358215332e-01 -3.657075464725494385e-01 -1.481871306896209717e-02 2.493070753385409344e-01
7.229787856340408325e-02 -1.439843475818634033e-01 -9.869358539581298828e-01 -2.710685296552791890e+00
0.000000000000000000e+00 0.000000000000000000e+00 0.000000000000000000e+00 1.000000000000000000e+00
3.987919390201568604e-01 -9.007025957107543945e-01 1.723349094390869141e-01 4.856621002847206769e-01
-9.170143008232116699e-01 -3.931147754192352295e-01 6.741651147603988647e-02 5.092845318672405419e-01
7.025197613984346390e-03 -1.849187612533569336e-01 -9.827284216880798340e-01 -2.662284268787850294e+00
0.000000000000000000e+00 0.000000000000000000e+00 0.000000000000000000e+00 1.000000000000000000e+00
4.530342221260070801e-01 -8.681091666221618652e-01 2.028454691171646118e-01 5.417993895626145306e-01
-8.899757862091064453e-01 -4.271294772624969482e-01 1.596993356943130493e-01 7.687695557312873573e-01
-5.199521780014038086e-02 -2.528766989707946777e-01 -9.661000967025756836e-01 -2.567302315303174876e+00
0.000000000000000000e+00 0.000000000000000000e+00 0.000000000000000000e+00 1.000000000000000000e+00
5.262976884841918945e-01 -8.300330638885498047e-01 1.845429837703704834e-01 4.404586684112078432e-01
-8.444462418556213379e-01 -4.847924113273620605e-01 2.277866750955581665e-01 9.426544919382486842e-01
-9.960553795099258423e-02 -2.757203280925750732e-01 -9.560633301734924316e-01 -2.503480641283780894e+00
0.000000000000000000e+00 0.000000000000000000e+00 0.000000000000000000e+00 1.000000000000000000e+00
5.892906785011291504e-01 -7.883368730545043945e-01 1.768102049827575684e-01 3.790086320590434488e-01
-7.963490486145019531e-01 -5.298627018928527832e-01 2.916732728481292725e-01 1.089889254483126013e+00
-1.362518966197967529e-01 -3.126829266548156738e-01 -9.400340914726257324e-01 -2.425091252395886077e+00
0.000000000000000000e+00 0.000000000000000000e+00 0.000000000000000000e+00 1.000000000000000000e+00
6.691533327102661133e-01 -7.273082137107849121e-01 1.524993926286697388e-01 2.553193529257166694e-01
-7.213832736015319824e-01 -5.864762663841247559e-01 3.683086037635803223e-01 1.234803014400994714e+00
-1.784368008375167847e-01 -3.564656674861907959e-01 -9.171109199523925781e-01 -2.320312867314947347e+00
0.000000000000000000e+00 0.000000000000000000e+00 0.000000000000000000e+00 1.000000000000000000e+00
7.297666668891906738e-01 -6.694737672805786133e-01 1.387290209531784058e-01 1.865069368851721143e-01
-6.506851911544799805e-01 -6.177940964698791504e-01 4.415191411972045898e-01 1.371408626588704660e+00
-2.098795771598815918e-01 -4.124746322631835938e-01 -8.864622116088867188e-01 -2.189092781448691571e+00
0.000000000000000000e+00 0.000000000000000000e+00 0.000000000000000000e+00 1.000000000000000000e+00
7.516121864318847656e-01 -6.485013961791992188e-01 1.205186322331428528e-01 1.183924858975058808e-01
-6.018827557563781738e-01 -5.995449423789978027e-01 5.275243520736694336e-01 1.553857162234185685e+00
-2.698441445827484131e-01 -4.690318703651428223e-01 -8.409474492073059082e-01 -1.994983699688087642e+00
0.000000000000000000e+00 0.000000000000000000e+00 0.000000000000000000e+00 1.000000000000000000e+00
7.841628193855285645e-01 -6.058027148246765137e-01 1.345057189464569092e-01 1.279512208173925747e-01
-5.384131073951721191e-01 -5.564198493957519531e-01 6.328571438789367676e-01 1.804208114636409066e+00
-3.085449934005737305e-01 -5.686828494071960449e-01 -7.624961733818054199e-01 -1.731939356726349244e+00
0.000000000000000000e+00 0.000000000000000000e+00 0.000000000000000000e+00 1.000000000000000000e+00
8.044001460075378418e-01 -5.814318656921386719e-01 1.219735965132713318e-01 8.188921802858488419e-02
-4.813784658908843994e-01 -5.175840258598327637e-01 7.073767185211181641e-01 1.985890916022422292e+00
-3.481594324111938477e-01 -6.277292370796203613e-01 -6.962336897850036621e-01 -1.509041012302077434e+00
0.000000000000000000e+00 0.000000000000000000e+00 0.000000000000000000e+00 1.000000000000000000e+00
8.295283913612365723e-01 -5.450366735458374023e-01 1.217251792550086975e-01 5.439411093691953053e-02
-4.173176586627960205e-01 -4.601253867149353027e-01 7.836649417877197266e-01 2.169963636118796391e+00
-3.711173236370086670e-01 -7.008703351020812988e-01 -6.091409325599670410e-01 -1.276565194888709343e+00
0.000000000000000000e+00 0.000000000000000000e+00 0.000000000000000000e+00 1.000000000000000000e+00
8.621909618377685547e-01 -4.991242587566375732e-01 8.661101758480072021e-02 -5.624281383336589279e-02
-3.318771719932556152e-01 -4.273578822612762451e-01 8.409651517868041992e-01 2.297650168810415394e+00
-3.827322721481323242e-01 -7.538167834281921387e-01 -5.341119766235351562e-01 -1.093793050287267477e+00
0.000000000000000000e+00 0.000000000000000000e+00 0.000000000000000000e+00 1.000000000000000000e+00
8.798952698707580566e-01 -4.724653065204620361e-01 5.060414597392082214e-02 -1.518688420977829245e-01
-2.257965952157974243e-01 -3.220374286174774170e-01 9.194060564041137695e-01 2.433737289223877109e+00
-4.180911481380462646e-01 -8.204071521759033203e-01 -3.900402486324310303e-01 -7.292663598286549531e-01
0.000000000000000000e+00 0.000000000000000000e+00 0.000000000000000000e+00 1.000000000000000000e+00
8.679044246673583984e-01 -4.957464635372161865e-01 3.126501291990280151e-02 -2.482555212844386461e-01
-1.099702566862106323e-01 -1.303828060626983643e-01 9.853461384773254395e-01 2.592877011981291169e+00
-4.844055175781250000e-01 -8.586244583129882812e-01 -1.676771342754364014e-01 -1.431759876876363968e-01
0.000000000000000000e+00 0.000000000000000000e+00 0.000000000000000000e+00 1.000000000000000000e+00
8.581991195678710938e-01 -5.120279788970947266e-01 3.635471686720848083e-02 -2.118873520488857021e-01
-1.055347323417663574e-01 -1.066872030496597290e-01 9.886756539344787598e-01 2.591942402274329815e+00
-5.023511648178100586e-01 -8.523172140121459961e-01 -1.455955952405929565e-01 -1.448123738725063114e-01
0.000000000000000000e+00 0.000000000000000000e+00 0.000000000000000000e+00 1.000000000000000000e+00
8.141104578971862793e-01 -5.800868272781372070e-01 2.690639719367027283e-02 -1.926627311515881069e-01
-1.148640289902687073e-01 -1.154392808675765991e-01 9.866507649421691895e-01 2.591286768184061007e+00
-5.692369341850280762e-01 -8.063330650329589844e-01 -1.606114059686660767e-01 -1.705198148358222643e-01
0.000000000000000000e+00 0.000000000000000000e+00 0.000000000000000000e+00 1.000000000000000000e+00
7.917049527168273926e-01 -6.086172461509704590e-01 5.280121788382530212e-02 -1.197961661175713788e-01
-2.517206072807312012e-01 -2.462455928325653076e-01 9.359484314918518066e-01 2.511062100535906172e+00
-5.566322207450866699e-01 -7.542864680290222168e-01 -3.481554090976715088e-01 -5.720957123717022030e-01
0.000000000000000000e+00 0.000000000000000000e+00 0.000000000000000000e+00 1.000000000000000000e+00
8.172950744628906250e-01 -5.716501474380493164e-01 7.242223620414733887e-02 -7.560418469410686015e-02
-3.030743002891540527e-01 -3.195684850215911865e-01 8.977870345115661621e-01 2.432532533988980727e+00
-4.900763332843780518e-01 -7.557063698768615723e-01 -4.344344437122344971e-01 -8.045955020963465598e-01
0.000000000000000000e+00 0.000000000000000000e+00 0.000000000000000000e+00 1.000000000000000000e+00
8.043816089630126953e-01 -5.878911018371582031e-01 8.575724810361862183e-02 -4.529924678060474191e-02
-3.636851310729980469e-01 -3.731043636798858643e-01 8.535378575325012207e-01 2.347072175587981313e+00
-4.697905778884887695e-01 -7.177585363388061523e-01 -5.139256119728088379e-01 -1.015943883470173725e+00
0.000000000000000000e+00 0.000000000000000000e+00 0.000000000000000000e+00 1.000000000000000000e+00
8.270947337150573730e-01 -5.576384067535400391e-01 7.037739455699920654e-02 -1.396802152839008437e-01
-4.549008309841156006e-01 -5.905934572219848633e-01 6.665316224098205566e-01 1.977106219439614510e+00
-3.301193118095397949e-01 -5.832999944686889648e-01 -7.421475052833557129e-01 -1.671110944825722422e+00
0.000000000000000000e+00 0.000000000000000000e+00 0.000000000000000000e+00 1.000000000000000000e+00
8.229892849922180176e-01 -5.664588212966918945e-01 4.258006066083908081e-02 -2.196641077970009348e-01
-4.736709594726562500e-01 -6.429382562637329102e-01 6.018849015235900879e-01 1.806316160357203771e+00
-3.135667443275451660e-01 -5.155136585235595703e-01 -7.974467277526855469e-01 -1.827889998541785799e+00
0.000000000000000000e+00 0.000000000000000000e+00 0.000000000000000000e+00 1.000000000000000000e+00
8.513594269752502441e-01 -5.224673748016357422e-01 4.706171527504920959e-02 -2.121222117143234109e-01
-4.644085168838500977e-01 -7.089424133300781250e-01 5.307785868644714355e-01 1.604351886825690299e+00
-2.439503669738769531e-01 -4.737389683723449707e-01 -8.462029695510864258e-01 -1.980656742708374329e+00
0.000000000000000000e+00 0.000000000000000000e+00 0.000000000000000000e+00 1.000000000000000000e+00
8.685448169708251953e-01 -4.953930974006652832e-01 1.468687783926725388e-02 -2.905888983713835749e-01
-4.612297117710113525e-01 -7.970931529998779297e-01 3.897556662559509277e-01 1.226397183813952463e+00
-1.813755929470062256e-01 -3.452942073345184326e-01 -9.208012819290161133e-01 -2.194627315517934107e+00
0.000000000000000000e+00 0.000000000000000000e+00 0.000000000000000000e+00 1.000000000000000000e+00
8.757063150405883789e-01 -4.828042685985565186e-01 6.200061179697513580e-03 -2.960320617175031810e-01
-4.682258963584899902e-01 -8.459883928298950195e-01 2.550830841064453125e-01 8.780288659314817723e-01
-1.179101094603538513e-01 -2.262810170650482178e-01 -9.668992161750793457e-01 -2.337197928601831176e+00
0.000000000000000000e+00 0.000000000000000000e+00 0.000000000000000000e+00 1.000000000000000000e+00
8.792022466659545898e-01 -4.764219820499420166e-01 5.024394951760768890e-03 -2.644508008721853098e-01
-4.761040210723876953e-01 -8.781167268753051758e-01 4.728563874959945679e-02 3.349317734187854390e-01
-1.811592094600200653e-02 -4.396579042077064514e-02 -9.988688826560974121e-01 -2.461681208626410822e+00
0.000000000000000000e+00 0.000000000000000000e+00 0.000000000000000000e+00 1.000000000000000000e+00
8.851097822189331055e-01 -4.653417170047760010e-01 6.168456748127937317e-03 -2.443754906036599006e-01
-4.644758105278015137e-01 -8.841345310211181641e-01 -5.067172273993492126e-02 6.770209773283963894e-02
2.903341688215732574e-02 4.198491945862770081e-02 -9.986966848373413086e-01 -2.486434706817340690e+00
0.000000000000000000e+00 0.000000000000000000e+00 0.000000000000000000e+00 1.000000000000000000e+00
8.936388492584228516e-01 -4.487848579883575439e-01 1.311147469095885754e-03 -2.539375799224985464e-01
-4.434491395950317383e-01 -8.834558725357055664e-01 -1.511876285076141357e-01 -2.194805776953219489e-01
6.900908052921295166e-02 1.345256417989730835e-01 -9.885040521621704102e-01 -2.478033981125361773e+00
0.000000000000000000e+00 0.000000000000000000e+00 0.000000000000000000e+00 1.000000000000000000e+00
8.978174924850463867e-01 -4.403496682643890381e-01 3.988525830209255219e-03 -2.450126366955919510e-01
-4.246588945388793945e-01 -8.681524395942687988e-01 -2.568593323230743408e-01 -5.284243946246692802e-01
1.165706068277359009e-01 2.289189845323562622e-01 -9.664406776428222656e-01 -2.435135202417642031e+00
0.000000000000000000e+00 0.000000000000000000e+00 0.000000000000000000e+00 1.000000000000000000e+00
9.024484157562255859e-01 -4.307393431663513184e-01 7.034955546259880066e-03 -2.343632047283088493e-01
-3.977409899234771729e-01 -8.393647074699401855e-01 -3.704976737499237061e-01 -8.795097929044853879e-01
1.654929071664810181e-01 3.315568864345550537e-01 -9.288067221641540527e-01 -2.345224203342423319e+00
0.000000000000000000e+00 0.000000000000000000e+00 0.000000000000000000e+00 1.000000000000000000e+00
9.073451757431030273e-01 -4.203561544418334961e-01 4.937331657856702805e-03 -2.532766684744956476e-01
-3.720135986804962158e-01 -8.083564639091491699e-01 -4.562523365020751953e-01 -1.143313523499396966e+00
1.957798302173614502e-01 4.121416509151458740e-01 -8.898365497589111328e-01 -2.256759821151983036e+00
0.000000000000000000e+00 0.000000000000000000e+00 0.000000000000000000e+00 1.000000000000000000e+00
9.174485802650451660e-01 -3.978510797023773193e-01 -1.913304091431200504e-03 -2.953584915094450980e-01
-3.333427906036376953e-01 -7.660485506057739258e-01 -5.495928525924682617e-01 -1.430666204005547559e+00
2.171903550624847412e-01 5.048602819442749023e-01 -8.354304432868957520e-01 -2.132297788528476623e+00
0.000000000000000000e+00 0.000000000000000000e+00 0.000000000000000000e+00 1.000000000000000000e+00
9.144741892814636230e-01 -4.037772417068481445e-01 -2.646427229046821594e-02 -3.739437634991201187e-01
-3.293990194797515869e-01 -7.048462033271789551e-01 -6.282420754432678223e-01 -1.652085646533019814e+00
2.350168377161026001e-01 5.832284688949584961e-01 -7.775675058364868164e-01 -2.000488432207772505e+00
0.000000000000000000e+00 0.000000000000000000e+00 0.000000000000000000e+00 1.000000000000000000e+00
9.224485158920288086e-01 -3.840890824794769287e-01 -3.956149518489837646e-02 -4.298039742497028470e-01
-2.910541892051696777e-01 -6.243452429771423340e-01 -7.249003052711486816e-01 -1.936082962296264087e+00
2.537264227867126465e-01 6.801975965499877930e-01 -6.877167224884033203e-01 -1.772191868209457288e+00
0.000000000000000000e+00 0.000000000000000000e+00 0.000000000000000000e+00 1.000000000000000000e+00
9.304681420326232910e-01 -3.612065613269805908e-01 -6.130892410874366760e-02 -5.044102909704841764e-01
-2.653613984584808350e-01 -5.490495562553405762e-01 -7.925450801849365234e-01 -2.140723718512357099e+00
2.526106834411621094e-01 7.537068724632263184e-01 -6.067233085632324219e-01 -1.543804243920826602e+00
0.000000000000000000e+00 0.000000000000000000e+00 0.000000000000000000e+00 1.000000000000000000e+00
9.397422671318054199e-01 -3.376419842243194580e-01 -5.368908122181892395e-02 -5.035674658970562545e-01
-2.197650820016860962e-01 -4.762806296348571777e-01 -8.513870239257812500e-01 -2.328917468626037213e+00
2.618929445743560791e-01 8.118832707405090332e-01 -5.217829346656799316e-01 -1.319765300375289829e+00
0.000000000000000000e+00 0.000000000000000000e+00 0.000000000000000000e+00 1.000000000000000000e+00
9.480558037757873535e-01 -3.130266666412353516e-01 -5.660961568355560303e-02 -5.381399538016227169e-01
-1.881121844053268433e-01 -4.081788659095764160e-01 -8.933105468750000000e-01 -2.457324481372240133e+00
2.565231621265411377e-01 8.575569987297058105e-01 -4.458604454994201660e-01 -1.123986641988772073e+00
0.000000000000000000e+00 0.000000000000000000e+00 0.000000000000000000e+00 1.000000000000000000e+00
9.597617387771606445e-01 -2.767929732799530029e-01 -4.736143350601196289e-02 -5.416218716525464938e-01
-1.452646255493164062e-01 -3.450307846069335938e-01 -9.272819757461547852e-01 -2.581978844366503267e+00
2.403239458799362183e-01 8.968496322631835938e-01 -3.713555634021759033e-01 -9.137439532915893059e-01
0.000000000000000000e+00 0.000000000000000000e+00 0.000000000000000000e+00 1.000000000000000000e+00
9.678719639778137207e-01 -2.412149012088775635e-01 -7.098808139562606812e-02 -6.254925726293975030e-01
-1.356898993253707886e-01 -2.633729279041290283e-01 -9.551035761833190918e-01 -2.700189174149467242e+00
2.116888463497161865e-01 9.340502619743347168e-01 -2.876417040824890137e-01 -6.313039754479387033e-01
0.000000000000000000e+00 0.000000000000000000e+00 0.000000000000000000e+00 1.000000000000000000e+00
9.797360301017761230e-01 -1.913388669490814209e-01 -5.921624973416328430e-02 -6.216569338401474187e-01
-8.811167627573013306e-02 -1.462291181087493896e-01 -9.853188395500183105e-01 -2.825239235496190382e+00
1.798706799745559692e-01 9.705700874328613281e-01 -1.601250767707824707e-01 -2.284143780078594366e-01
0.000000000000000000e+00 0.000000000000000000e+00 0.000000000000000000e+00 1.000000000000000000e+00
9.962717890739440918e-01 -8.622345328330993652e-02 -2.805199474096298218e-03 -4.937401289901406365e-01
-1.381976250559091568e-02 -1.274152547121047974e-01 -9.917532205581665039e-01 -2.863704757766932563e+00
8.515497297048568726e-02 9.880946278572082520e-01 -1.281317025423049927e-01 -1.332731380002009636e-01
0.000000000000000000e+00 0.000000000000000000e+00 0.000000000000000000e+00 1.000000000000000000e+00
9.974142313003540039e-01 -7.114887982606887817e-02 1.012968271970748901e-02 -4.641372219369868657e-01
-7.575599942356348038e-03 -2.442565560340881348e-01 -9.696810245513916016e-01 -2.817857557234919597e+00
7.146595418453216553e-02 9.670969247817993164e-01 -2.441639006137847900e-01 -4.748032764829520080e-01
0.000000000000000000e+00 0.000000000000000000e+00 0.000000000000000000e+00 1.000000000000000000e+00
9.982780814170837402e-01 -2.613960579037666321e-02 5.251250043511390686e-02 -3.321479525578421854e-01
4.267486929893493652e-02 -2.905702888965606689e-01 -9.559015631675720215e-01 -2.877119042291442330e+00
4.024545848369598389e-02 9.564964175224304199e-01 -2.889544665813446045e-01 -5.923442441470315734e-01
0.000000000000000000e+00 0.000000000000000000e+00 0.000000000000000000e+00 1.000000000000000000e+00
9.898588657379150391e-01 5.986852571368217468e-02 1.288225054740905762e-01 -5.172082104056600904e-02
1.404433697462081909e-01 -2.762478291988372803e-01 -9.507695436477661133e-01 -2.972215235049422422e+00
-2.133423276245594025e-02 9.592199921607971191e-01 -2.818544805049896240e-01 -5.452931506934773909e-01
0.000000000000000000e+00 0.000000000000000000e+00 0.000000000000000000e+00 1.000000000000000000e+00
9.702413678169250488e-01 7.139690965414047241e-02 2.313743382692337036e-01 2.663416491878127790e-01
2.420035302639007568e-01 -2.538864910602569580e-01 -9.364700317382812500e-01 -3.018687992181873003e+00
-8.118244819343090057e-03 9.645952582359313965e-01 -2.636094093322753906e-01 -4.804878185834750570e-01
0.000000000000000000e+00 0.000000000000000000e+00 0.000000000000000000e+00 1.000000000000000000e+00
9.746431112289428711e-01 2.946140989661216736e-02 2.218167632818222046e-01 2.208252320588759976e-01
2.205059230327606201e-01 -2.950186431407928467e-01 -9.296994209289550781e-01 -2.999834648922814484e+00
3.804980590939521790e-02 9.550370573997497559e-01 -2.940343618392944336e-01 -6.032527840313022249e-01
0.000000000000000000e+00 0.000000000000000000e+00 0.000000000000000000e+00 1.000000000000000000e+00
9.825617671012878418e-01 -3.562726080417633057e-02 1.824911534786224365e-01 6.678623076794183711e-02
1.608595848083496094e-01 -3.293724656105041504e-01 -9.303965568542480469e-01 -2.976412286612127645e+00
9.325505048036575317e-02 9.435275793075561523e-01 -3.178978860378265381e-01 -7.305383755052612393e-01
0.000000000000000000e+00 0.000000000000000000e+00 0.000000000000000000e+00 1.000000000000000000e+00
9.871819615364074707e-01 -1.170665174722671509e-01 1.084758117794990540e-01 -1.889646140962343290e-01
5.807256698608398438e-02 -3.696109652519226074e-01 -9.273701310157775879e-01 -2.914715628640359935e+00
1.486578136682510376e-01 9.217824935913085938e-01 -3.580747842788696289e-01 -9.195368364420667406e-01
0.000000000000000000e+00 0.000000000000000000e+00 0.000000000000000000e+00 1.000000000000000000e+00
9.825595021247863770e-01 -1.842652112245559692e-01 2.496614679694175720e-02 -4.626306915202850201e-01
-3.349268436431884766e-02 -3.074417710304260254e-01 -9.509772658348083496e-01 -2.934284760969349648e+00
1.829076260328292847e-01 9.335553646087646484e-01 -3.082513511180877686e-01 -8.032558810526881921e-01
0.000000000000000000e+00 0.000000000000000000e+00 0.000000000000000000e+00 1.000000000000000000e+00
9.241959452629089355e-01 -3.711950182914733887e-01 -8.986382186412811279e-02 -7.938006869201744697e-01
-2.199294567108154297e-01 -3.248942792415618896e-01 -9.198228716850280762e-01 -2.749132148611920456e+00
3.122377991676330566e-01 8.698609471321105957e-01 -3.819032013416290283e-01 -1.125015623269332687e+00
0.000000000000000000e+00 0.000000000000000000e+00 0.000000000000000000e+00 1.000000000000000000e+00
8.748088479042053223e-01 -4.746512770652770996e-01 -9.703614562749862671e-02 -7.964975201999383581e-01
-2.845919430255889893e-01 -3.413834571838378906e-01 -8.958039879798889160e-01 -2.635733389381151870e+00
3.920680582523345947e-01 8.112730979919433594e-01 -4.337272047996520996e-01 -1.359749321972105074e+00
0.000000000000000000e+00 0.000000000000000000e+00 0.000000000000000000e+00 1.000000000000000000e+00
8.401328921318054199e-01 -5.392947793006896973e-01 -5.777296051383018494e-02 -6.668096616883711913e-01
-3.283409774303436279e-01 -4.209166765213012695e-01 -8.455893993377685547e-01 -2.462846322188893211e+00
4.317042231559753418e-01 7.293764948844909668e-01 -5.306983590126037598e-01 -1.692049430762859741e+00
0.000000000000000000e+00 0.000000000000000000e+00 0.000000000000000000e+00 1.000000000000000000e+00
8.056880831718444824e-01 -5.902461409568786621e-01 -4.976262524724006653e-02 -6.189948690348674454e-01
-4.210533797740936279e-01 -5.115928649902343750e-01 -7.489903569221496582e-01 -2.112211499883466459e+00
4.166305065155029297e-01 6.244051456451416016e-01 -6.607097387313842773e-01 -2.087941769235441392e+00
0.000000000000000000e+00 0.000000000000000000e+00 0.000000000000000000e+00 1.000000000000000000e+00
7.795370817184448242e-01 -6.258681416511535645e-01 -2.472681552171707153e-02 -5.318700044104829328e-01
-5.008746385574340820e-01 -5.991778373718261719e-01 -6.245884299278259277e-01 -1.679893389643200230e+00
3.760940134525299072e-01 4.992747306823730469e-01 -7.805624008178710938e-01 -2.429650061657388616e+00
0.000000000000000000e+00 0.000000000000000000e+00 0.000000000000000000e+00 1.000000000000000000e+00
7.585304975509643555e-01 -6.509357094764709473e-01 -3.023799695074558258e-02 -5.341458908027447716e-01
-5.640419125556945801e-01 -6.326209306716918945e-01 -5.307044982910156250e-01 -1.351878219392318670e+00
3.263253569602966309e-01 4.196108877658843994e-01 -8.470178246498107910e-01 -2.605723963070401883e+00
0.000000000000000000e+00 0.000000000000000000e+00 0.000000000000000000e+00 1.000000000000000000e+00
6.561211943626403809e-01 -7.544232606887817383e-01 -1.873112842440605164e-02 -4.378083462310716212e-01
-6.750938296318054199e-01 -5.756739377975463867e-01 -4.613536000251770020e-01 -1.064165436829012990e+00
3.372728228569030762e-01 3.153489828109741211e-01 -8.870185017585754395e-01 -2.750312251435462318e+00
0.000000000000000000e+00 0.000000000000000000e+00 0.000000000000000000e+00 1.000000000000000000e+00
5.886436700820922852e-01 -8.082648515701293945e-01 1.437961589545011520e-02 -2.880055800217056206e-01
-7.387539744377136230e-01 -5.450724959373474121e-01 -3.964070677757263184e-01 -8.202721766816359894e-01
3.282399773597717285e-01 2.227193713188171387e-01 -9.179620146751403809e-01 -2.853018876941595394e+00
0.000000000000000000e+00 0.000000000000000000e+00 0.000000000000000000e+00 1.000000000000000000e+00
5.400508046150207520e-01 -8.403293490409851074e-01 4.681477323174476624e-02 -1.491731298253808347e-01
-7.839162349700927734e-01 -5.224810242652893066e-01 -3.353932499885559082e-01 -5.941626463074567432e-01
3.063007295131683350e-01 1.444305777549743652e-01 -9.409145116806030273e-01 -2.914724089061847323e+00
0.000000000000000000e+00 0.000000000000000000e+00 0.000000000000000000e+00 1.000000000000000000e+00
5.080418586730957031e-01 -8.536720871925354004e-01 1.146174296736717224e-01 8.728651492733839612e-02
-8.165499567985534668e-01 -5.196931362152099609e-01 -2.513269782066345215e-01 -3.055970875746035209e-01
2.741165459156036377e-01 3.409370779991149902e-02 -9.610916972160339355e-01 -2.962705135730244521e+00
0.000000000000000000e+00 0.000000000000000000e+00 0.000000000000000000e+00 1.000000000000000000e+00
4.388467371463775635e-01 -8.836368918418884277e-01 1.630924195051193237e-01 2.906809092891443069e-01
-8.596275448799133301e-01 -4.657073915004730225e-01 -2.101347893476486206e-01 -1.508366749306616350e-01
2.616362869739532471e-01 -4.798178374767303467e-02 -9.639732241630554199e-01 -2.967575757501008216e+00
0.000000000000000000e+00 0.000000000000000000e+00 0.000000000000000000e+00 1.000000000000000000e+00
3.626379370689392090e-01 -8.962314724922180176e-01 2.554662823677062988e-01 6.357223877545006285e-01
-8.924707174301147461e-01 -4.129029214382171631e-01 -1.816790103912353516e-01 -3.688075510006535995e-02
2.683090865612030029e-01 -1.621124744415283203e-01 -9.495944380760192871e-01 -2.923732987117022120e+00
0.000000000000000000e+00 0.000000000000000000e+00 0.000000000000000000e+00 1.000000000000000000e+00
2.895709276199340820e-01 -8.886674046516418457e-01 3.555531203746795654e-01 9.936810098487939280e-01
-9.160122275352478027e-01 -3.650359213352203369e-01 -1.663460135459899902e-01 2.471131450168089633e-02
2.776158750057220459e-01 -2.775221168994903564e-01 -9.197339415550231934e-01 -2.839841901052452489e+00
0.000000000000000000e+00 0.000000000000000000e+00 0.000000000000000000e+00 1.000000000000000000e+00
2.743346989154815674e-01 -8.577418923377990723e-01 4.347637295722961426e-01 1.240830848121099228e+00
-9.328222274780273438e-01 -3.472058176994323730e-01 -9.639137983322143555e-02 2.563057657462080585e-01
2.336314022541046143e-01 -3.791139125823974609e-01 -8.953715562820434570e-01 -2.732313495203997800e+00
0.000000000000000000e+00 0.000000000000000000e+00 0.000000000000000000e+00 1.000000000000000000e+00
1.813310086727142334e-01 -7.773525118827819824e-01 6.023644804954528809e-01 1.806662383842193131e+00
-9.607566595077514648e-01 -2.707778215408325195e-01 -6.022111698985099792e-02 3.715472196320917520e-01
2.099200636148452759e-01 -5.678052902221679688e-01 -7.959471940994262695e-01 -2.414274393667546370e+00
0.000000000000000000e+00 0.000000000000000000e+00 0.000000000000000000e+00 1.000000000000000000e+00
1.364701092243194580e-01 -6.828483343124389648e-01 7.177008986473083496e-01 2.185323631924693810e+00
-9.733545780181884766e-01 -2.271895557641983032e-01 -3.107448108494281769e-02 4.638858032650292063e-01
1.842731684446334839e-01 -6.943363547325134277e-01 -6.956580281257629395e-01 -2.101023131819753864e+00
0.000000000000000000e+00 0.000000000000000000e+00 0.000000000000000000e+00 1.000000000000000000e+00
1.085496097803115845e-01 -5.827481746673583984e-01 8.053699135780334473e-01 2.461342272644555962e+00
-9.839072823524475098e-01 -1.786470115184783936e-01 3.348164726048707962e-03 5.717806233043997155e-01
1.419258117675781250e-01 -7.927730083465576172e-01 -5.927625298500061035e-01 -1.769791187828422707e+00
0.000000000000000000e+00 0.000000000000000000e+00 0.000000000000000000e+00 1.000000000000000000e+00
7.928526401519775391e-02 -5.141492486000061035e-01 8.540283441543579102e-01 2.627352908216655791e+00
-9.907239675521850586e-01 -1.354907006025314331e-01 1.040630694478750229e-02 6.028330791077399775e-01
1.103624701499938965e-01 -8.469312787055969238e-01 -5.201225876808166504e-01 -1.532389560589554556e+00
0.000000000000000000e+00 0.000000000000000000e+00 0.000000000000000000e+00 1.000000000000000000e+00
1.560286879539489746e-01 -5.159785747528076172e-01 8.422713875770568848e-01 2.527200385883724199e+00
-9.872925281524658203e-01 -1.074866801500320435e-01 1.170466318726539612e-01 9.215600997464808986e-01
3.013937175273895264e-02 -8.498309850692749023e-01 -5.261932015419006348e-01 -1.490229887904892525e+00
0.000000000000000000e+00 0.000000000000000000e+00 0.000000000000000000e+00 1.000000000000000000e+00
2.657783627510070801e-01 -5.790700316429138184e-01 7.707393169403076172e-01 2.242571856744432157e+00
-9.592586755752563477e-01 -7.937416434288024902e-02 2.711511254310607910e-01 1.362470369243592883e+00
-9.583864361047744751e-02 -8.114050626754760742e-01 -5.765740871429443359e-01 -1.543122947385105581e+00
0.000000000000000000e+00 0.000000000000000000e+00 0.000000000000000000e+00 1.000000000000000000e+00
3.213404119014739990e-01 -6.174150705337524414e-01 7.180110216140747070e-01 2.057232294851583099e+00
-9.297393560409545898e-01 -6.174370273947715759e-02 3.630047142505645752e-01 1.609703886403892170e+00
-1.797918677330017090e-01 -7.842109799385070801e-01 -5.938757061958312988e-01 -1.532957721613066093e+00
0.000000000000000000e+00 0.000000000000000000e+00 0.000000000000000000e+00 1.000000000000000000e+00
3.644518852233886719e-01 -6.452916264533996582e-01 6.713967323303222656e-01 1.892292583481643975e+00
-8.908917307853698730e-01 -3.172586858272552490e-02 4.531070888042449951e-01 1.842298910015491176e+00
-2.710855305194854736e-01 -7.632774710655212402e-01 -5.864475369453430176e-01 -1.448221844400618963e+00
0.000000000000000000e+00 0.000000000000000000e+00 0.000000000000000000e+00 1.000000000000000000e+00
4.186363220214843750e-01 -6.498578190803527832e-01 6.343724131584167480e-01 1.738602819099588803e+00
-8.395921587944030762e-01 -1.069194171577692032e-02 5.431122779846191406e-01 2.063985738668161485e+00
-3.461630940437316895e-01 -7.599805593490600586e-01 -5.500913262367248535e-01 -1.274673624312618214e+00
0.000000000000000000e+00 0.000000000000000000e+00 0.000000000000000000e+00 1.000000000000000000e+00
5.201223492622375488e-01 -6.435388922691345215e-01 5.615428090095520020e-01 1.467763439346603693e+00
-7.339106202125549316e-01 -4.626619047485291958e-04 6.792460083961486816e-01 2.362143481455952099e+00
-4.368612170219421387e-01 -7.654134631156921387e-01 -4.725406169891357422e-01 -9.527016840255122521e-01
0.000000000000000000e+00 0.000000000000000000e+00 0.000000000000000000e+00 1.000000000000000000e+00
6.221382021903991699e-01 -6.816527843475341797e-01 3.850879371166229248e-01 8.827112838621807844e-01
-5.842340588569641113e-01 -7.679074257612228394e-02 8.079439997673034668e-01 2.655027591703265966e+00
-5.211666822433471680e-01 -7.276342511177062988e-01 -4.460193216800689697e-01 -8.058433729990056582e-01
0.000000000000000000e+00 0.000000000000000000e+00 0.000000000000000000e+00 1.000000000000000000e+00
6.327500343322753906e-01 -7.275049686431884766e-01 2.652633786201477051e-01 5.628715340698166036e-01
-4.949735701084136963e-01 -1.165460050106048584e-01 8.610565066337585449e-01 2.752183402664009293e+00
-5.955072641372680664e-01 -6.761316657066345215e-01 -4.338401257991790771e-01 -7.255161935391778449e-01
0.000000000000000000e+00 0.000000000000000000e+00 0.000000000000000000e+00 1.000000000000000000e+00
5.982046127319335938e-01 -7.767611742019653320e-01 1.969600319862365723e-01 4.186224107936457051e-01
-3.981463313102722168e-01 -7.479605823755264282e-02 9.142675995826721191e-01 2.846654866642372994e+00
-6.954358220100402832e-01 -6.253379583358764648e-01 -3.540078699588775635e-01 -4.743469057628159624e-01
0.000000000000000000e+00 0.000000000000000000e+00 0.000000000000000000e+00 1.000000000000000000e+00
4.434850215911865234e-01 -8.943368196487426758e-01 5.901108682155609131e-02 1.725434104921652334e-01
-2.308855205774307251e-01 -5.037767440080642700e-02 9.716759920120239258e-01 2.922809967134263776e+00
-8.660328984260559082e-01 -4.445485472679138184e-01 -2.288311868906021118e-01 -1.025345038962392624e-01
0.000000000000000000e+00 0.000000000000000000e+00 0.000000000000000000e+00 1.000000000000000000e+00
2.881659865379333496e-01 -9.531452059745788574e-01 -9.205866605043411255e-02 -2.129162988369121823e-01
-2.692736089229583740e-01 -1.729149967432022095e-01 9.474133253097534180e-01 2.935168504171665749e+00
-9.189407229423522949e-01 -2.482234090566635132e-01 -3.064853250980377197e-01 -3.866890280072801667e-01
0.000000000000000000e+00 0.000000000000000000e+00 0.000000000000000000e+00 1.000000000000000000e+00
2.960137128829956055e-01 -9.548960924148559570e-01 2.343452908098697662e-02 1.437461369374271325e-01
-3.715650439262390137e-01 -9.251258522272109985e-02 9.237862229347229004e-01 2.880302471734625502e+00
-8.799518942832946777e-01 -2.821607589721679688e-01 -3.821911513805389404e-01 -6.065379909596249064e-01
0.000000000000000000e+00 0.000000000000000000e+00 0.000000000000000000e+00 1.000000000000000000e+00
2.704741358757019043e-01 -9.623266458511352539e-01 2.777006290853023529e-02 2.082595501072743993e-01
-4.616529047489166260e-01 -1.043329983949661255e-01 8.809036016464233398e-01 2.790751574716561656e+00
-8.448196053504943848e-01 -2.510816454887390137e-01 -4.724802672863006592e-01 -8.963843437190408547e-01
0.000000000000000000e+00 0.000000000000000000e+00 0.000000000000000000e+00 1.000000000000000000e+00
