0.9155368804931641 0.4021494686603546 -0.008240467868745327 -0.03051934204995632 
-0.3324830830097198 0.7681461572647095 0.5471802353858948 -0.1504738181829453 
0.2263782471418381 -0.4982238411903381 0.8369741439819336 -0.2308707982301712 
0 0 0 1 

0.9081239104270935 0.4185366034507751 0.0117461895570159 -0.03749381378293037 
-0.3323205709457397 0.7034228444099426 0.6282985210418701 -0.1749288737773895 
0.2547035217285156 -0.5744763612747192 0.7778835296630859 -0.2166826277971268 
0 0 0 1 

0.9167850017547607 0.3980511128902435 0.03256621956825256 -0.04572257772088051 
-0.2961069047451019 0.622735857963562 0.7242379784584045 -0.2052752673625946 
0.2680036127567291 -0.6736136078834534 0.6887806057929993 -0.1920513212680817 
0 0 0 1 

0.9234983921051025 0.3803055584430695 0.05018347874283791 -0.05241407081484795 
-0.2683533728122711 0.5470103025436401 0.7929476499557495 -0.2279956936836243 
0.2741115987300873 -0.7457528114318848 0.6072194576263428 -0.1676743924617767 
0 0 0 1 

0.9296832680702209 0.365373820066452 0.04680784419178963 -0.05345598980784416 
-0.2293747961521149 0.4747848808765411 0.8496860861778259 -0.2474384307861328 
0.2882294356822968 -0.8006754517555237 0.5252071619033813 -0.1446562856435776 
0 0 0 1 

0.9414849877357483 0.3330698311328888 0.05167645588517189 -0.05764222890138626 
-0.193378359079361 0.4081975817680359 0.8921768069267273 -0.2617078423500061 
0.2760629951953888 -0.8499642014503479 0.448720395565033 -0.1230109930038452 
0 0 0 1 

0.9533669948577881 0.2963919639587402 0.05694923177361488 -0.06161629036068916 
-0.165218710899353 0.3546102344989777 0.9203012585639954 -0.2723116874694824 
0.2525751292705536 -0.8867939114570618 0.3870431780815125 -0.1040846407413483 
0 0 0 1 

0.9586960673332214 0.2752500176429749 0.07168871164321899 -0.06915539503097534 
-0.1503473371267319 0.2764420807361603 0.9491971731185913 -0.2857273519039154 
0.2414487898349762 -0.9207698106765747 0.3064070641994476 -0.07615663856267929 
0 0 0 1 

0.9726557731628418 0.2223144918680191 0.06720847636461258 -0.07071505486965179 
-0.1103193387389183 0.1875952780246735 0.9760315418243408 -0.2978923618793488 
0.2043779641389847 -0.9567570686340332 0.2069912105798721 -0.04018796980381012 
0 0 0 1 

0.9734634160995483 0.2205478698015213 0.06105468794703484 -0.06959490478038788 
-0.09878299385309219 0.1643160134553909 0.9814488887786865 -0.3001748919487 
0.2064241766929626 -0.9614359736442566 0.1817422658205032 -0.03214380517601967 
0 0 0 1 

