1.000000000000000000e+00 0.000000000000000000e+00 0.000000000000000000e+00 -4.542167112231254578e-02
0.000000000000000000e+00 1.000000000000000000e+00 0.000000000000000000e+00 9.935460984706878662e-04
0.000000000000000000e+00 0.000000000000000000e+00 1.000000000000000000e+00 -2.875000238418579102e-01
0.000000000000000000e+00 0.000000000000000000e+00 0.000000000000000000e+00 1.000000000000000000e+00
9.965859055519104004e-01 8.093272894620895386e-02 1.632044464349746704e-02 -4.886985197663307190e-02
-8.065529912710189819e-02 9.965971112251281738e-01 -1.699632033705711365e-02 9.688278660178184509e-03
-1.764047332108020782e-02 1.562195550650358200e-02 9.997223615646362305e-01 -2.932907342910766602e-01
0.000000000000000000e+00 0.000000000000000000e+00 0.000000000000000000e+00 1.000000000000000000e+00
9.858745932579040527e-01 1.640683859586715698e-01 3.365573659539222717e-02 -5.231942981481552124e-02
-1.622855812311172485e-01 9.854646921157836914e-01 -5.022475123405456543e-02 2.498485147953033447e-02
-4.140688478946685791e-02 4.405342042446136475e-02 9.981706738471984863e-01 -2.925192713737487793e-01
0.000000000000000000e+00 0.000000000000000000e+00 0.000000000000000000e+00 1.000000000000000000e+00
9.663463234901428223e-01 2.546572685241699219e-01 3.639291599392890930e-02 -5.091757327318191528e-02
-2.514888346195220947e-01 9.649820923805236816e-01 -7.458537817001342773e-02 3.752770274877548218e-02
-5.411221459507942200e-02 6.292290240526199341e-02 9.965503811836242676e-01 -2.921059131622314453e-01
0.000000000000000000e+00 0.000000000000000000e+00 0.000000000000000000e+00 1.000000000000000000e+00
9.373715519905090332e-01 3.443616330623626709e-01 5.243483930826187134e-02 -5.287280306220054626e-02
-3.364303112030029297e-01 9.340417385101318359e-01 -1.199183464050292969e-01 5.594307929277420044e-02
-9.027165919542312622e-02 9.476734697818756104e-02 9.913980960845947266e-01 -2.892301082611083984e-01
0.000000000000000000e+00 0.000000000000000000e+00 0.000000000000000000e+00 1.000000000000000000e+00
8.935509324073791504e-01 4.482000172138214111e-01 2.614252083003520966e-02 -4.173858836293220520e-02
-4.409559071063995361e-01 8.870754241943359375e-01 -1.365832388401031494e-01 6.521676480770111084e-02
-8.440700918436050415e-02 1.105163842439651489e-01 9.902835488319396973e-01 -2.903572022914886475e-01
0.000000000000000000e+00 0.000000000000000000e+00 0.000000000000000000e+00 1.000000000000000000e+00
8.470323681831359863e-01 5.313422679901123047e-01 1.453974843025207520e-02 -3.535644710063934326e-02
-5.220608115196228027e-01 8.367570638656616211e-01 -1.651965975761413574e-01 7.811834663152694702e-02
-9.994223713874816895e-02 1.323361843824386597e-01 9.861535429954528809e-01 -2.889668643474578857e-01
0.000000000000000000e+00 0.000000000000000000e+00 0.000000000000000000e+00 1.000000000000000000e+00
7.936481237411499023e-01 6.083163619041442871e-01 -8.588521741330623627e-03 -2.508493885397911072e-02
-6.006364822387695312e-01 7.812273502349853516e-01 -1.700573861598968506e-01 8.317644149065017700e-02
-9.673912078142166138e-02 1.401242762804031372e-01 9.853966832160949707e-01 -2.897429466247558594e-01
0.000000000000000000e+00 0.000000000000000000e+00 0.000000000000000000e+00 1.000000000000000000e+00
7.243204116821289062e-01 6.887635588645935059e-01 -3.105635382235050201e-02 -1.297491230070590973e-02
-6.834452748298645020e-01 7.113309502601623535e-01 -1.640443950891494751e-01 8.429285883903503418e-02
-9.089648723602294922e-02 1.400460302829742432e-01 9.859638810157775879e-01 -2.906465828418731689e-01
0.000000000000000000e+00 0.000000000000000000e+00 0.000000000000000000e+00 1.000000000000000000e+00
6.480373144149780273e-01 7.609880566596984863e-01 -3.073267824947834015e-02 -7.890925742685794830e-03
-7.569299340248107910e-01 6.390662193298339844e-01 -1.365685313940048218e-01 7.839352637529373169e-02
-8.428686112165451050e-02 1.117639839649200439e-01 9.901537895202636719e-01 -2.937808632850646973e-01
0.000000000000000000e+00 0.000000000000000000e+00 0.000000000000000000e+00 1.000000000000000000e+00
5.510294437408447266e-01 8.333688378334045410e-01 -4.315743967890739441e-02 1.951770274899899960e-03
-8.326351046562194824e-01 5.456295013427734375e-01 -9.490460157394409180e-02 6.712319701910018921e-02
-5.554259940981864929e-02 8.822962641716003418e-02 9.945504069328308105e-01 -2.984889745712280273e-01
0.000000000000000000e+00 0.000000000000000000e+00 0.000000000000000000e+00 1.000000000000000000e+00
4.598898291587829590e-01 8.828931450843811035e-01 -9.487374126911163330e-02 2.426954545080661774e-02
-8.879590630531311035e-01 4.565906226634979248e-01 -5.525930970907211304e-02 5.535226315259933472e-02
-5.469610448926687241e-03 1.096571981906890869e-01 9.939543604850769043e-01 -3.023203313350677490e-01
0.000000000000000000e+00 0.000000000000000000e+00 0.000000000000000000e+00 1.000000000000000000e+00
3.518008589744567871e-01 9.300180077552795410e-01 -1.063136532902717590e-01 3.233461827039718628e-02
-9.358223080635070801e-01 3.520681262016296387e-01 -1.686895452439785004e-02 4.084756225347518921e-02
2.174121141433715820e-02 1.054252088069915771e-01 9.941895604133605957e-01 -3.037271201610565186e-01
0.000000000000000000e+00 0.000000000000000000e+00 0.000000000000000000e+00 1.000000000000000000e+00
2.694855034351348877e-01 9.546699523925781250e-01 -1.264235824346542358e-01 4.148260876536369324e-02
-9.598318934440612793e-01 2.769204974174499512e-01 4.514085501432418823e-02 1.742243766784667969e-02
7.810389995574951172e-02 1.091805920004844666e-01 9.909486770629882812e-01 -3.034245073795318604e-01
0.000000000000000000e+00 0.000000000000000000e+00 0.000000000000000000e+00 1.000000000000000000e+00
1.913316100835800171e-01 9.683411717414855957e-01 -1.603362113237380981e-01 5.345552414655685425e-02
-9.726280570030212402e-01 2.089956402778625488e-01 1.015654653310775757e-01 -3.519426798447966576e-03
1.318595856428146362e-01 1.365148127079010010e-01 9.818232059478759766e-01 -3.015030920505523682e-01
0.000000000000000000e+00 0.000000000000000000e+00 0.000000000000000000e+00 1.000000000000000000e+00
1.139030903577804565e-01 9.809888601303100586e-01 -1.571209281682968140e-01 5.454277619719505310e-02
-9.709846973419189453e-01 1.433943212032318115e-01 1.913815587759017944e-01 -3.417899832129478455e-02
2.102734297513961792e-01 1.307630538940429688e-01 9.688581228256225586e-01 -2.989146709442138672e-01
0.000000000000000000e+00 0.000000000000000000e+00 0.000000000000000000e+00 1.000000000000000000e+00
1.826370060443878174e-01 9.724413752555847168e-01 -1.449180692434310913e-01 4.977302998304367065e-02
-9.554662108421325684e-01 2.103002071380615234e-01 2.070216685533523560e-01 -3.864829987287521362e-02
2.317927628755569458e-01 1.006545275449752808e-01 9.675436615943908691e-01 -2.964857220649719238e-01
0.000000000000000000e+00 0.000000000000000000e+00 0.000000000000000000e+00 1.000000000000000000e+00
2.703366577625274658e-01 9.509391784667968750e-01 -1.504417210817337036e-01 4.877992346882820129e-02
-9.382200241088867188e-01 2.952676713466644287e-01 1.804442256689071655e-01 -2.799768000841140747e-02
2.160120755434036255e-01 9.236675500869750977e-02 9.720119237899780273e-01 -2.951994240283966064e-01
0.000000000000000000e+00 0.000000000000000000e+00 0.000000000000000000e+00 1.000000000000000000e+00
3.233231008052825928e-01 9.348431229591369629e-01 -1.467321366071701050e-01 4.615977779030799866e-02
-9.348590970039367676e-01 3.395816683769226074e-01 1.035496667027473450e-01 -1.011386979371309280e-03
1.466302424669265747e-01 1.036939024925231934e-01 9.837414026260375977e-01 -2.953577935695648193e-01
0.000000000000000000e+00 0.000000000000000000e+00 0.000000000000000000e+00 1.000000000000000000e+00
3.631777167320251465e-01 9.134038686752319336e-01 -1.838362067937850952e-01 5.577728897333145142e-02
-9.284703731536865234e-01 3.712604641914367676e-01 1.039532665163278580e-02 3.120444342494010925e-02
7.774624228477478027e-02 1.669111251831054688e-01 9.829018115997314453e-01 -2.910601794719696045e-01
0.000000000000000000e+00 0.000000000000000000e+00 0.000000000000000000e+00 1.000000000000000000e+00
4.013154208660125732e-01 8.940302729606628418e-01 -1.991367489099502563e-01 5.859931185841560364e-02
-9.157364368438720703e-01 3.962105512619018555e-01 -6.666205078363418579e-02 5.768442153930664062e-02
1.930215582251548767e-02 2.091093212366104126e-01 9.777018427848815918e-01 -2.858677804470062256e-01
0.000000000000000000e+00 0.000000000000000000e+00 0.000000000000000000e+00 1.000000000000000000e+00
4.563535451889038086e-01 8.604946136474609375e-01 -2.264738380908966064e-01 6.359841674566268921e-02
-8.887488842010498047e-01 4.284450411796569824e-01 -1.629724949598312378e-01 8.694573491811752319e-02
-4.320541769266128540e-02 2.756514847278594971e-01 9.602862000465393066e-01 -2.753894925117492676e-01
0.000000000000000000e+00 0.000000000000000000e+00 0.000000000000000000e+00 1.000000000000000000e+00
5.333000421524047852e-01 8.191292285919189453e-01 -2.112309932708740234e-01 5.317234247922897339e-02
-8.416238427162170410e-01 4.886279106140136719e-01 -2.300260663032531738e-01 1.053672805428504944e-01
-8.520773053169250488e-02 3.004499077796936035e-01 9.499838948249816895e-01 -2.685506343841552734e-01
0.000000000000000000e+00 0.000000000000000000e+00 0.000000000000000000e+00 1.000000000000000000e+00
5.938976407051086426e-01 7.782146930694580078e-01 -2.041257321834564209e-01 4.684462025761604309e-02
-7.950834035873413086e-01 5.289245247840881348e-01 -2.967842519283294678e-01 1.217462494969367981e-01
-1.229948773980140686e-01 3.385564684867858887e-01 9.328729510307312012e-01 -2.598913311958312988e-01
0.000000000000000000e+00 0.000000000000000000e+00 0.000000000000000000e+00 1.000000000000000000e+00
6.742525696754455566e-01 7.164309620857238770e-01 -1.791920065879821777e-01 3.334733843803405762e-02
-7.207511067390441895e-01 5.855038166046142578e-01 -3.710832297801971436e-01 1.370239853858947754e-01
-1.609380543231964111e-01 3.793567121028900146e-01 9.111462235450744629e-01 -2.493031919002532959e-01
0.000000000000000000e+00 0.000000000000000000e+00 0.000000000000000000e+00 1.000000000000000000e+00
7.376068234443664551e-01 6.555817723274230957e-01 -1.617048531770706177e-01 2.452434785664081573e-02
-6.481437087059020996e-01 6.202666759490966797e-01 -4.417904019355773926e-01 1.509373337030410767e-01
-1.893297135829925537e-01 4.306756854057312012e-01 8.824242949485778809e-01 -2.358253598213195801e-01
0.000000000000000000e+00 0.000000000000000000e+00 0.000000000000000000e+00 1.000000000000000000e+00
7.635635733604431152e-01 6.305586695671081543e-01 -1.391621977090835571e-01 1.579489000141620636e-02
-5.950075387954711914e-01 6.033222079277038574e-01 -5.310062170028686523e-01 1.712204366922378540e-01
-2.508711814880371094e-01 4.882596433162689209e-01 8.358624577522277832e-01 -2.147332280874252319e-01
0.000000000000000000e+00 0.000000000000000000e+00 0.000000000000000000e+00 1.000000000000000000e+00
7.929705381393432617e-01 5.906294584274291992e-01 -1.495140492916107178e-01 1.573791913688182831e-02
-5.351538658142089844e-01 5.579216480255126953e-01 -6.342976093292236328e-01 1.977591216564178467e-01
-2.912179231643676758e-01 5.829924345016479492e-01 7.584931850433349609e-01 -1.864778548479080200e-01
0.000000000000000000e+00 0.000000000000000000e+00 0.000000000000000000e+00 1.000000000000000000e+00
8.161294460296630859e-01 5.595465302467346191e-01 -1.443613022565841675e-01 1.236720848828554153e-02
-4.800702035427093506e-01 5.174543261528015137e-01 -7.083596587181091309e-01 2.172747552394866943e-01
-3.216599524021148682e-01 6.474166512489318848e-01 6.909314990043640137e-01 -1.624857485294342041e-01
0.000000000000000000e+00 0.000000000000000000e+00 0.000000000000000000e+00 1.000000000000000000e+00
8.461684584617614746e-01 5.143691897392272949e-01 -1.393676698207855225e-01 8.025461807847023010e-03
-4.122936129570007324e-01 4.661611020565032959e-01 -7.827565073966979980e-01 2.366387248039245605e-01
-3.376580774784088135e-01 7.198041677474975586e-01 6.065219044685363770e-01 -1.385321170091629028e-01
0.000000000000000000e+00 0.000000000000000000e+00 0.000000000000000000e+00 1.000000000000000000e+00
8.779405355453491211e-01 4.688535928726196289e-01 -9.693692624568939209e-02 -6.323392502963542938e-03
-3.227664828300476074e-01 4.300695955753326416e-01 -8.431260585784912109e-01 2.509393095970153809e-01
-3.536132574081420898e-01 7.715024352073669434e-01 5.289059281349182129e-01 -1.179635822772979736e-01
0.000000000000000000e+00 0.000000000000000000e+00 0.000000000000000000e+00 1.000000000000000000e+00
8.947030305862426758e-01 4.421195089817047119e-01 -6.353413313627243042e-02 -1.524042896926403046e-02
-2.232900857925415039e-01 3.195297122001647949e-01 -9.208920001983642578e-01 2.663581967353820801e-01
-3.868432641029357910e-01 8.381114602088928223e-01 3.846051692962646484e-01 -7.925788313150405884e-02
0.000000000000000000e+00 0.000000000000000000e+00 0.000000000000000000e+00 1.000000000000000000e+00
8.955659866333007812e-01 4.447196424007415771e-01 -1.364567503333091736e-02 -3.325034305453300476e-02
-6.065693125128746033e-02 9.165157377719879150e-02 -9.939420223236083984e-01 2.822818756103515625e-01
-4.407747685909271240e-01 8.909679651260375977e-01 1.090553849935531616e-01 -4.899391438812017441e-03
0.000000000000000000e+00 0.000000000000000000e+00 0.000000000000000000e+00 1.000000000000000000e+00
8.852488398551940918e-01 4.642205834388732910e-01 -2.888063155114650726e-02 -2.698823995888233185e-02
-7.483257353305816650e-02 8.086793124675750732e-02 -9.939119219779968262e-01 2.827794253826141357e-01
-4.590586721897125244e-01 8.820202946662902832e-01 1.063270047307014465e-01 -8.314288221299648285e-03
0.000000000000000000e+00 0.000000000000000000e+00 0.000000000000000000e+00 1.000000000000000000e+00
8.525472879409790039e-01 5.217759609222412109e-01 -3.021544404327869415e-02 -2.307366952300071716e-02
-9.796215593814849854e-02 1.027412414550781250e-01 -9.898723959922790527e-01 2.826562225818634033e-01
-5.133872032165527344e-01 8.468729853630065918e-01 1.387060135602951050e-01 -1.502323523163795471e-02
0.000000000000000000e+00 0.000000000000000000e+00 0.000000000000000000e+00 1.000000000000000000e+00
8.374509811401367188e-01 5.426292419433593750e-01 -6.503364443778991699e-02 -1.339259464293718338e-02
-2.186055332422256470e-01 2.235381752252578735e-01 -9.498643279075622559e-01 2.760967910289764404e-01
-5.008866786956787109e-01 8.096812963485717773e-01 3.058240413665771484e-01 -5.387035757303237915e-02
0.000000000000000000e+00 0.000000000000000000e+00 0.000000000000000000e+00 1.000000000000000000e+00
8.394647240638732910e-01 5.349565744400024414e-01 -9.550116211175918579e-02 -5.187412723898887634e-03
-2.951346039772033691e-01 3.012627661228179932e-01 -9.067173004150390625e-01 2.673009037971496582e-01
-4.562834203243255615e-01 7.893429398536682129e-01 4.107836186885833740e-01 -8.246880024671554565e-02
0.000000000000000000e+00 0.000000000000000000e+00 0.000000000000000000e+00 1.000000000000000000e+00
8.226401805877685547e-01 5.578877329826354980e-01 -1.096564456820487976e-01 -1.646269927732646465e-03
-3.639645576477050781e-01 3.685553669929504395e-01 -8.553926348686218262e-01 2.563626468181610107e-01
-4.367986321449279785e-01 7.435915470123291016e-01 5.062399506568908691e-01 -1.092117428779602051e-01
0.000000000000000000e+00 0.000000000000000000e+00 0.000000000000000000e+00 1.000000000000000000e+00
8.375542163848876953e-01 5.408087372779846191e-01 -7.764547318220138550e-02 -1.476375106722116470e-02
-4.450722634792327881e-01 5.929391980171203613e-01 -6.710688471794128418e-01 2.170639783143997192e-01
-3.168810606002807617e-01 5.966144204139709473e-01 7.373178005218505859e-01 -1.795999854803085327e-01
0.000000000000000000e+00 0.000000000000000000e+00 0.000000000000000000e+00 1.000000000000000000e+00
8.395770192146301270e-01 5.398162007331848145e-01 -6.089917570352554321e-02 -2.100668288767337799e-02
-4.608658552169799805e-01 6.484283804893493652e-01 -6.059232354164123535e-01 1.981982588768005371e-01
-2.875986397266387939e-01 5.367856025695800781e-01 7.931886315345764160e-01 -1.974602192640304565e-01
0.000000000000000000e+00 0.000000000000000000e+00 0.000000000000000000e+00 1.000000000000000000e+00
8.617265820503234863e-01 5.035690665245056152e-01 -6.201014295220375061e-02 -2.101992443203926086e-02
-4.549485146999359131e-01 7.127915620803833008e-01 -5.338069796562194824e-01 1.765196919441223145e-01
-2.246084958314895630e-01 4.882071316242218018e-01 8.433294892311096191e-01 -2.139853090047836304e-01
0.000000000000000000e+00 0.000000000000000000e+00 0.000000000000000000e+00 1.000000000000000000e+00
8.737489581108093262e-01 4.855768382549285889e-01 -2.788627333939075470e-02 -2.943093329668045044e-02
-4.566764831542968750e-01 7.993159294128417969e-01 -3.905642032623291016e-01 1.354218870401382446e-01
-1.673591583967208862e-01 3.539899587631225586e-01 9.201531410217285156e-01 -2.372758537530899048e-01
0.000000000000000000e+00 0.000000000000000000e+00 0.000000000000000000e+00 1.000000000000000000e+00
8.801642656326293945e-01 4.740062952041625977e-01 -2.507601119577884674e-02 -2.855474315583705902e-02
-4.640507996082305908e-01 8.481619954109191895e-01 -2.554955482482910156e-01 9.799671173095703125e-02
-9.983801841735839844e-02 2.365145683288574219e-01 9.664848446846008301e-01 -2.528361678123474121e-01
0.000000000000000000e+00 0.000000000000000000e+00 0.000000000000000000e+00 1.000000000000000000e+00
8.798417448997497559e-01 4.749370515346527100e-01 -1.769680343568325043e-02 -2.633192762732505798e-02
-4.752202332019805908e-01 8.786253929138183594e-01 -4.672271013259887695e-02 3.885753825306892395e-02
-6.641503889113664627e-03 4.951847344636917114e-02 9.987511038780212402e-01 -2.660626769065856934e-01
0.000000000000000000e+00 0.000000000000000000e+00 0.000000000000000000e+00 1.000000000000000000e+00
8.877465128898620605e-01 4.600134491920471191e-01 -1.713615655899047852e-02 -2.502519264817237854e-02
-4.587869644165039062e-01 8.872005939483642578e-01 4.888270422816276550e-02 1.082897931337356567e-02
3.768991678953170776e-02 -3.553360328078269958e-02 9.986575245857238770e-01 -2.686325907707214355e-01
0.000000000000000000e+00 0.000000000000000000e+00 0.000000000000000000e+00 1.000000000000000000e+00
8.936076760292053223e-01 4.486107528209686279e-01 -1.461393292993307114e-02 -2.522170729935169220e-02
-4.414224922657012939e-01 8.842549920082092285e-01 1.524437218904495239e-01 -2.128357812762260437e-02
8.131038397550582886e-02 -1.297739297151565552e-01 9.882041215896606445e-01 -2.677094340324401855e-01
0.000000000000000000e+00 0.000000000000000000e+00 0.000000000000000000e+00 1.000000000000000000e+00
8.970453143119812012e-01 4.416479170322418213e-01 -1.602276600897312164e-02 -2.462569437921047211e-02
-4.235120713710784912e-01 8.694382309913635254e-01 2.543906867504119873e-01 -5.333016440272331238e-02
1.262819468975067139e-01 -2.214141488075256348e-01 9.669687747955322266e-01 -2.633203566074371338e-01
0.000000000000000000e+00 0.000000000000000000e+00 0.000000000000000000e+00 1.000000000000000000e+00
9.000275135040283203e-01 4.353516399860382080e-01 -2.047710679471492767e-02 -2.311584167182445526e-02
-3.977798521518707275e-01 8.397381305694580078e-01 3.696089684963226318e-01 -9.130641818046569824e-02
1.781053990125656128e-01 -3.245128095149993896e-01 9.289616346359252930e-01 -2.537300586700439453e-01
0.000000000000000000e+00 0.000000000000000000e+00 0.000000000000000000e+00 1.000000000000000000e+00
9.082926511764526367e-01 4.182999730110168457e-01 -5.430135875940322876e-03 -2.887978032231330872e-02
-3.705415129661560059e-01 8.104798197746276855e-01 4.536752700805664062e-01 -1.171246245503425598e-01
1.941734701395034790e-01 -4.100577831268310547e-01 8.911504745483398438e-01 -2.444265037775039673e-01
0.000000000000000000e+00 0.000000000000000000e+00 0.000000000000000000e+00 1.000000000000000000e+00
