0.5950493812561035 0.7778142690658569 -0.2022895365953445 0.04627244174480438 
-0.7939531803131104 0.5298561453819275 -0.2981454432010651 0.121737964451313 
-0.1247174814343452 0.3380196988582611 0.9328387975692749 -0.2596408724784851 
0 0 0 1 

0.6747478842735291 0.7169961333274841 -0.1750189065933228 0.03216544166207314 
-0.719693124294281 0.5866419672966003 -0.3713392615318298 0.1365834474563599 
-0.1635755002498627 0.3765202760696411 0.9118527770042419 -0.249402329325676 
0 0 0 1 

0.7358031272888184 0.6570456624031067 -0.1639654487371445 0.0252678282558918 
-0.6491002440452576 0.6152734756469727 -0.4473335742950439 0.1520488262176514 
-0.1930350512266159 0.4355794787406921 0.8792087435722351 -0.2347523421049118 
0 0 0 1 

0.7645664811134338 0.6275924444198608 -0.1468520611524582 0.01809558644890785 
-0.5960731506347656 0.6017888784408569 -0.5315510630607605 0.170858770608902 
-0.2452237159013748 0.4939406514167786 0.8341988921165466 -0.2143310159444809 
0 0 0 1 

0.7934600710868835 0.5910230875015259 -0.1453019380569458 0.01461470499634743 
-0.5336902141571045 0.5608892440795898 -0.6329120993614197 0.1968706399202347 
-0.2925675213336945 0.5797366499900818 0.7604666352272034 -0.1867178082466125 
0 0 0 1 

0.8157539963722229 0.5614773035049438 -0.1388834267854691 0.01111399196088314 
-0.477764219045639 0.5187661647796631 -0.7089589834213257 0.2167682200670242 
-0.3260164856910706 0.644689679145813 0.6914393901824951 -0.162418007850647 
0 0 0 1 

0.8454940319061279 0.5161992311477661 -0.1366682946681976 0.007285986561328173 
-0.4123212993144989 0.4684790074825287 -0.7813568711280823 0.2355370819568634 
-0.3393096327781677 0.7169838547706604 0.6089361310005188 -0.1391801089048386 
0 0 0 1 

0.8771375417709351 0.4707080721855164 -0.09520292282104492 -0.006683141924440861 
-0.3232991099357605 0.4321832954883575 -0.8418402671813965 0.2499001920223236 
-0.3551160097122192 0.7691886425018311 0.5312637686729431 -0.1187220066785812 
0 0 0 1 

0.9008438587188721 0.4290957748889923 -0.0660087913274765 -0.01522317714989185 
-0.227149173617363 0.3362809419631958 -0.9139574766159058 0.2631261646747589 
-0.3699778318405151 0.8383268117904663 0.4004053473472595 -0.08323746919631958 
0 0 0 1 

0.9010012149810791 0.4314186275005341 -0.04554994031786919 -0.01982941851019859 
-0.2025663405656815 0.3255392909049988 -0.9235748052597046 0.2629831731319427 
-0.3836194574832916 0.8413689136505127 0.3807022869586945 -0.07665082812309265 
0 0 0 1 

