1 0 0 -0.04542167112231255 
0 1 0 0.0009935460984706879 
0 0 1 -0.2875000238418579 
0 0 0 1 

0.9966456890106201 0.08024224638938904 0.0160761084407568 -0.04884787276387215 
-0.07991655170917511 0.9966014623641968 -0.01997028104960918 0.01044187694787979 
-0.01762394793331623 0.01861853711307049 0.9996713399887085 -0.2932931184768677 
0 0 0 1 

0.9855186939239502 0.1660150736570358 0.03452132269740105 -0.05253665894269943 
-0.164107546210289 0.985058069229126 -0.05224112048745155 0.02550053410232067 
-0.04267838224768639 0.04581933841109276 0.9980376362800598 -0.2923894226551056 
0 0 0 1 

0.8871240615844727 0.4612825512886047 -0.01513891853392124 -0.02547775395214558 
-0.4601036310195923 0.8864824175834656 0.04953291267156601 0.0107019804418087 
0.03626906126737595 -0.03697636723518372 0.998657763004303 -0.2685404121875763 
0 0 0 1 

0.893629789352417 0.4486517012119293 -0.01171312388032675 -0.02595374546945095 
-0.4420670568943024 0.8844199180603027 0.1495926231145859 -0.02034825831651688 
0.07747436314821243 -0.1285024136304855 0.9886783361434937 -0.2677534818649292 
0 0 0 1 

0.8968082666397095 0.4421895146369934 -0.01425565592944622 -0.02505215257406235 
-0.4242101311683655 0.868600070476532 0.2560850381851196 -0.05405900627374649 
0.1256206482648849 -0.2236117571592331 0.9665490984916687 -0.2631682753562927 
0 0 0 1 

0.899036169052124 0.4375017583370209 -0.01805754005908966 -0.02364030666649342 
-0.4001623094081879 0.8376505970954895 0.3717678785324097 -0.09200910478830338 
0.1777751296758652 -0.3270067572593689 0.9281499981880188 -0.2533222734928131 
0 0 0 1 

0.903781533241272 0.4277750253677368 -0.01368616428226233 -0.02617856860160828 
-0.3750661611557007 0.8070143461227417 0.4561280608177185 -0.1199985444545746 
0.2061653137207031 -0.4071068167686462 0.8898087739944458 -0.2440273463726044 
0 0 0 1 

0.9140249490737915 0.4055499732494354 -0.009353452362120152 -0.03016922436654568 
-0.335298091173172 0.768268346786499 0.5452876687049866 -0.1496374756097794 
0.2283274978399277 -0.495270311832428 0.8381966948509216 -0.231396958231926 
0 0 0 1 

0.9031850099563599 0.4289642870426178 0.01569583639502525 -0.03896229341626167 
-0.3443367183208466 0.7021995186805725 0.6231755018234253 -0.1711999773979187 
0.2562985718250275 -0.5682474374771118 0.7819243669509888 -0.2183773219585419 
0 0 0 1 

