1.000000000000000000e+00 0.000000000000000000e+00 0.000000000000000000e+00 -4.542167112231254578e-02
0.000000000000000000e+00 1.000000000000000000e+00 0.000000000000000000e+00 9.935460984706878662e-04
0.000000000000000000e+00 0.000000000000000000e+00 1.000000000000000000e+00 -2.875000238418579102e-01
0.000000000000000000e+00 0.000000000000000000e+00 0.000000000000000000e+00 1.000000000000000000e+00
9.966456890106201172e-01 8.024224638938903809e-02 1.607610844075679779e-02 -4.884787276387214661e-02
-7.991655170917510986e-02 9.966014623641967773e-01 -1.997028104960918427e-02 1.044187694787979126e-02
-1.762394793331623077e-02 1.861853711307048798e-02 9.996713399887084961e-01 -2.932931184768676758e-01
0.000000000000000000e+00 0.000000000000000000e+00 0.000000000000000000e+00 1.000000000000000000e+00
9.855186939239501953e-01 1.660150736570358276e-01 3.452132269740104675e-02 -5.253665894269943237e-02
-1.641075462102890015e-01 9.850580692291259766e-01 -5.224112048745155334e-02 2.550053410232067108e-02
-4.267838224768638611e-02 4.581933841109275818e-02 9.980376362800598145e-01 -2.923894226551055908e-01
0.000000000000000000e+00 0.000000000000000000e+00 0.000000000000000000e+00 1.000000000000000000e+00
9.662287235260009766e-01 2.555052340030670166e-01 3.345404192805290222e-02 -5.000215768814086914e-02
-2.523530423641204834e-01 9.644995927810668945e-01 -7.783631980419158936e-02 3.847840055823326111e-02
-5.215399339795112610e-02 6.676546484231948853e-02 9.964047670364379883e-01 -2.921727597713470459e-01
0.000000000000000000e+00 0.000000000000000000e+00 0.000000000000000000e+00 1.000000000000000000e+00
9.368489384651184082e-01 3.461188077926635742e-01 5.015603080391883850e-02 -5.208028852939605713e-02
-3.384600877761840820e-01 9.333965182304382324e-01 -1.192293986678123474e-01 5.595621094107627869e-02
-8.808304369449615479e-02 9.472408145666122437e-02 9.915990829467773438e-01 -2.894117832183837891e-01
0.000000000000000000e+00 0.000000000000000000e+00 0.000000000000000000e+00 1.000000000000000000e+00
8.941327333450317383e-01 4.467945992946624756e-01 3.002092801034450531e-02 -4.293407499790191650e-02
-4.388246536254882812e-01 8.875927925109863281e-01 -1.400421261787414551e-01 6.604465842247009277e-02
-8.921644091606140137e-02 1.120423302054405212e-01 9.896903038024902344e-01 -2.899509966373443604e-01
0.000000000000000000e+00 0.000000000000000000e+00 0.000000000000000000e+00 1.000000000000000000e+00
8.457526564598083496e-01 5.334169268608093262e-01 1.298983860760927200e-02 -3.475891426205635071e-02
-5.242638587951660156e-01 8.352757096290588379e-01 -1.657156646251678467e-01 7.827573269605636597e-02
-9.924568980932235718e-02 1.333443075418472290e-01 9.860880970954895020e-01 -2.889272868633270264e-01
0.000000000000000000e+00 0.000000000000000000e+00 0.000000000000000000e+00 1.000000000000000000e+00
7.928885221481323242e-01 6.093469858169555664e-01 -4.889074247330427170e-03 -2.618264220654964447e-02
-6.012115478515625000e-01 7.809438705444335938e-01 -1.693255454301834106e-01 8.294576406478881836e-02
-9.935995191335678101e-02 1.371956467628479004e-01 9.855480194091796875e-01 -2.896627187728881836e-01
0.000000000000000000e+00 0.000000000000000000e+00 0.000000000000000000e+00 1.000000000000000000e+00
7.243083715438842773e-01 6.883799433708190918e-01 -3.886032104492187500e-02 -1.070763263851404190e-02
-6.841464042663574219e-01 7.105728983879089355e-01 -1.644064038991928101e-01 8.422412723302841187e-02
-8.556102216243743896e-02 1.456671208143234253e-01 9.856268167495727539e-01 -2.906766235828399658e-01
0.000000000000000000e+00 0.000000000000000000e+00 0.000000000000000000e+00 1.000000000000000000e+00
6.458612084388732910e-01 7.628708481788635254e-01 -2.984861470758914948e-02 -8.025291375815868378e-03
-7.583471536636352539e-01 6.365352869033813477e-01 -1.404705941677093506e-01 7.942242175340652466e-02
-8.816126734018325806e-02 1.133601143956184387e-01 9.896347522735595703e-01 -2.933122515678405762e-01
0.000000000000000000e+00 0.000000000000000000e+00 0.000000000000000000e+00 1.000000000000000000e+00
5.525555610656738281e-01 8.324295282363891602e-01 -4.174915328621864319e-02 1.521991915069520473e-03
-8.314914107322692871e-01 5.470935106277465820e-01 -9.649083763360977173e-02 6.759253889322280884e-02
-5.748116597533226013e-02 8.803060650825500488e-02 9.944579005241394043e-01 -2.984202802181243896e-01
0.000000000000000000e+00 0.000000000000000000e+00 0.000000000000000000e+00 1.000000000000000000e+00
4.595105051994323730e-01 8.834056854248046875e-01 -9.189332276582717896e-02 2.352969720959663391e-02
-8.881136178970336914e-01 4.558253586292266846e-01 -5.896927043795585632e-02 5.639976635575294495e-02
-1.020649168640375137e-02 1.087087094783782959e-01 9.940211772918701172e-01 -3.021745979785919189e-01
0.000000000000000000e+00 0.000000000000000000e+00 0.000000000000000000e+00 1.000000000000000000e+00
3.516791164875030518e-01 9.299924373626708984e-01 -1.069382131099700928e-01 3.261097893118858337e-02
-9.359296560287475586e-01 3.516127467155456543e-01 -2.010255120694637299e-02 4.197319597005844116e-02
1.890561170876026154e-02 1.071562990546226501e-01 9.940624833106994629e-01 -3.037318587303161621e-01
0.000000000000000000e+00 0.000000000000000000e+00 0.000000000000000000e+00 1.000000000000000000e+00
2.743353843688964844e-01 9.542303681373596191e-01 -1.190995573997497559e-01 3.910523280501365662e-02
-9.586204886436462402e-01 2.811674177646636963e-01 4.462601616978645325e-02 1.748649775981903076e-02
7.607042044401168823e-02 1.019287928938865662e-01 9.918789267539978027e-01 -3.035842776298522949e-01
0.000000000000000000e+00 0.000000000000000000e+00 0.000000000000000000e+00 1.000000000000000000e+00
1.915872395038604736e-01 9.677292704582214355e-01 -1.636902093887329102e-01 5.470314621925354004e-02
-9.726689457893371582e-01 2.095008194446563721e-01 1.001230105757713318e-01 -3.126768628135323524e-03
1.311851888895034790e-01 1.400340795516967773e-01 9.814177751541137695e-01 -3.013015687465667725e-01
0.000000000000000000e+00 0.000000000000000000e+00 0.000000000000000000e+00 1.000000000000000000e+00
1.125885844230651855e-01 9.803052544593811035e-01 -1.622513979673385620e-01 5.588372796773910522e-02
-9.707875251770019531e-01 1.433427482843399048e-01 1.924175918102264404e-01 -3.451443836092948914e-02
2.118855565786361694e-01 1.358475834131240845e-01 9.678068161010742188e-01 -2.984578609466552734e-01
0.000000000000000000e+00 0.000000000000000000e+00 0.000000000000000000e+00 1.000000000000000000e+00
1.905380040407180786e-01 9.710453152656555176e-01 -1.441043019294738770e-01 4.945657774806022644e-02
-9.537595510482788086e-01 2.178740054368972778e-01 2.070590853691101074e-01 -3.876554965972900391e-02
2.324603199958801270e-01 9.798824787139892578e-02 9.676571488380432129e-01 -2.964834570884704590e-01
0.000000000000000000e+00 0.000000000000000000e+00 0.000000000000000000e+00 1.000000000000000000e+00
2.731707394123077393e-01 9.512671828269958496e-01 -1.430670171976089478e-01 4.666890203952789307e-02
-9.384781718254089355e-01 2.962009012699127197e-01 1.775489598512649536e-01 -2.726975455880165100e-02
2.112731039524078369e-01 8.576411753892898560e-02 9.736570715904235840e-01 -2.956516444683074951e-01
0.000000000000000000e+00 0.000000000000000000e+00 0.000000000000000000e+00 1.000000000000000000e+00
3.249506950378417969e-01 9.337186217308044434e-01 -1.502543389797210693e-01 4.698335751891136169e-02
-9.337831735610961914e-01 3.419444561004638672e-01 1.054641753435134888e-01 -1.678691827692091465e-03
1.498524993658065796e-01 1.060343608260154724e-01 9.830060601234436035e-01 -2.951531410217285156e-01
0.000000000000000000e+00 0.000000000000000000e+00 0.000000000000000000e+00 1.000000000000000000e+00
3.603632152080535889e-01 9.139532446861267090e-01 -1.866232007741928101e-01 5.683932453393936157e-02
-9.295113086700439453e-01 3.686434030532836914e-01 1.050878968089818954e-02 3.122271224856376648e-02
7.840195298194885254e-02 1.696814000606536865e-01 9.823752045631408691e-01 -2.907453477382659912e-01
0.000000000000000000e+00 0.000000000000000000e+00 0.000000000000000000e+00 1.000000000000000000e+00
4.006493985652923584e-01 8.949188590049743652e-01 -1.964683681726455688e-01 5.802163854241371155e-02
-9.160979986190795898e-01 3.949317634105682373e-01 -6.923342496156692505e-02 5.841580778360366821e-02
1.563327014446258545e-02 2.077226489782333374e-01 9.780629277229309082e-01 -2.859517633914947510e-01
0.000000000000000000e+00 0.000000000000000000e+00 0.000000000000000000e+00 1.000000000000000000e+00
4.574955701828002930e-01 8.597848415374755859e-01 -2.268649637699127197e-01 6.361422687768936157e-02
-8.882214426994323730e-01 4.298245608806610107e-01 -1.622138321399688721e-01 8.672130852937698364e-02
-4.195693135261535645e-02 2.757184505462646484e-01 9.603223204612731934e-01 -2.753755748271942139e-01
0.000000000000000000e+00 0.000000000000000000e+00 0.000000000000000000e+00 1.000000000000000000e+00
5.350750088691711426e-01 8.180148601531982422e-01 -2.110609114170074463e-01 5.301406979560852051e-02
-8.400951623916625977e-01 4.888758361339569092e-01 -2.350328862667083740e-01 1.064532324671745300e-01
-8.907781541347503662e-02 3.030714094638824463e-01 9.487954974174499512e-01 -2.679999470710754395e-01
0.000000000000000000e+00 0.000000000000000000e+00 0.000000000000000000e+00 1.000000000000000000e+00
5.943835973739624023e-01 7.778058052062988281e-01 -2.042698860168457031e-01 4.690532758831977844e-02
-7.947933077812194824e-01 5.294775962829589844e-01 -2.965751290321350098e-01 1.214903369545936584e-01
-1.225216537714004517e-01 3.386317491531372070e-01 9.329079389572143555e-01 -2.598561048507690430e-01
0.000000000000000000e+00 0.000000000000000000e+00 0.000000000000000000e+00 1.000000000000000000e+00
6.727336645126342773e-01 7.176105976104736328e-01 -1.801783442497253418e-01 3.355763480067253113e-02
-7.218577265739440918e-01 5.831556916236877441e-01 -3.726264536380767822e-01 1.373878270387649536e-01
-1.623287945985794067e-01 3.807415366172790527e-01 9.103215336799621582e-01 -2.488860338926315308e-01
0.000000000000000000e+00 0.000000000000000000e+00 0.000000000000000000e+00 1.000000000000000000e+00
7.379987239837646484e-01 6.546726822853088379e-01 -1.635885536670684814e-01 2.505757287144660950e-02
-6.474617719650268555e-01 6.186695694923400879e-01 -4.450179636478424072e-01 1.517021656036376953e-01
-1.901339590549468994e-01 4.343401491641998291e-01 8.804531097412109375e-01 -2.351441383361816406e-01
0.000000000000000000e+00 0.000000000000000000e+00 0.000000000000000000e+00 1.000000000000000000e+00
7.654270529747009277e-01 6.270364522933959961e-01 -1.447287052869796753e-01 1.729953289031982422e-02
-5.945782065391540527e-01 6.030623912811279297e-01 -5.317816734313964844e-01 1.714674532413482666e-01
-2.461663335561752319e-01 4.930927455425262451e-01 8.344229459762573242e-01 -2.143283784389495850e-01
0.000000000000000000e+00 0.000000000000000000e+00 0.000000000000000000e+00 1.000000000000000000e+00
7.952382564544677734e-01 5.871946811676025391e-01 -1.509912163019180298e-01 1.603778265416622162e-02
-5.331101417541503906e-01 5.585995912551879883e-01 -6.354209780693054199e-01 1.979543566703796387e-01
-2.887723743915557861e-01 5.858061313629150391e-01 7.572593092918395996e-01 -1.861738264560699463e-01
0.000000000000000000e+00 0.000000000000000000e+00 0.000000000000000000e+00 1.000000000000000000e+00
8.158396482467651367e-01 5.612665414810180664e-01 -1.392311900854110718e-01 1.099582854658365250e-02
-4.769372045993804932e-01 5.169207453727722168e-01 -7.108611464500427246e-01 2.178930938243865967e-01
-3.270112276077270508e-01 6.463531255722045898e-01 6.894134283065795898e-01 -1.618513762950897217e-01
0.000000000000000000e+00 0.000000000000000000e+00 0.000000000000000000e+00 1.000000000000000000e+00
8.467382192611694336e-01 5.133594870567321777e-01 -1.396299004554748535e-01 7.932111620903015137e-03
-4.118467569351196289e-01 4.663682878017425537e-01 -7.828683853149414062e-01 2.364472001791000366e-01
-3.367739617824554443e-01 7.203905582427978516e-01 6.063172221183776855e-01 -1.385062336921691895e-01
0.000000000000000000e+00 0.000000000000000000e+00 0.000000000000000000e+00 1.000000000000000000e+00
8.784328103065490723e-01 4.678841233253479004e-01 -9.716156125068664551e-02 -6.129986140877008438e-03
-3.219152987003326416e-01 4.291305541992187500e-01 -8.439295887947082520e-01 2.510706782341003418e-01
-3.531664311885833740e-01 7.726130485534667969e-01 5.275816321372985840e-01 -1.176281794905662537e-01
0.000000000000000000e+00 0.000000000000000000e+00 0.000000000000000000e+00 1.000000000000000000e+00
8.950183987617492676e-01 4.417542815208435059e-01 -6.160346046090126038e-02 -1.589291915297508240e-02
-2.217317372560501099e-01 3.208313584327697754e-01 -9.208159446716308594e-01 2.662277221679687500e-01
-3.870100378990173340e-01 8.378067016601562500e-01 3.851009905338287354e-01 -7.913845777511596680e-02
0.000000000000000000e+00 0.000000000000000000e+00 0.000000000000000000e+00 1.000000000000000000e+00
8.931229114532470703e-01 4.496330022811889648e-01 -1.272016763687133789e-02 -3.356474265456199646e-02
-6.036796420812606812e-02 9.179224818944931030e-02 -9.939466118812561035e-01 2.820960581302642822e-01
-4.457435011863708496e-01 8.884840011596679688e-01 1.091252192854881287e-01 -4.498425871133804321e-03
0.000000000000000000e+00 0.000000000000000000e+00 0.000000000000000000e+00 1.000000000000000000e+00
8.898172974586486816e-01 4.555059373378753662e-01 -2.719972282648086548e-02 -2.731164172291755676e-02
-6.969294697046279907e-02 7.675144821405410767e-02 -9.946117997169494629e-01 2.826810181140899658e-01
-4.509637653827667236e-01 8.869181275367736816e-01 1.000402644276618958e-01 -7.034923881292343140e-03
0.000000000000000000e+00 0.000000000000000000e+00 0.000000000000000000e+00 1.000000000000000000e+00
8.546124100685119629e-01 5.183225870132446289e-01 -3.129533678293228149e-02 -2.275464497506618500e-02
-1.006212756037712097e-01 1.061761081218719482e-01 -9.892430305480957031e-01 2.824586927890777588e-01
-5.094241499900817871e-01 8.485683202743530273e-01 1.428936421871185303e-01 -1.622310094535350800e-02
0.000000000000000000e+00 0.000000000000000000e+00 0.000000000000000000e+00 1.000000000000000000e+00
8.329389095306396484e-01 5.493726134300231934e-01 -6.635222584009170532e-02 -1.277406606823205948e-02
-2.230168431997299194e-01 2.235310226678848267e-01 -9.488399624824523926e-01 2.758637070655822754e-01
-5.064349174499511719e-01 8.051230907440185547e-01 3.087070286273956299e-01 -5.436880886554718018e-02
0.000000000000000000e+00 0.000000000000000000e+00 0.000000000000000000e+00 1.000000000000000000e+00
8.368761539459228516e-01 5.390064120292663574e-01 -9.544881433248519897e-02 -5.267946980893611908e-03
-2.974085807800292969e-01 3.013364970684051514e-01 -9.059493541717529297e-01 2.671030163764953613e-01
-4.595503211021423340e-01 7.865547537803649902e-01 4.124864339828491211e-01 -8.281724900007247925e-02
0.000000000000000000e+00 0.000000000000000000e+00 0.000000000000000000e+00 1.000000000000000000e+00
8.220860958099365234e-01 5.582109689712524414e-01 -1.121387109160423279e-01 -9.912657551467418671e-04
-3.641645014286041260e-01 3.641060590744018555e-01 -8.572110533714294434e-01 2.567264437675476074e-01
-4.376742839813232422e-01 7.455383539199829102e-01 5.026072859764099121e-01 -1.080711856484413147e-01
0.000000000000000000e+00 0.000000000000000000e+00 0.000000000000000000e+00 1.000000000000000000e+00
8.376072049140930176e-01 5.404241085052490234e-01 -7.972455024719238281e-02 -1.415157690644264221e-02
-4.458565711975097656e-01 5.919922590255737305e-01 -6.713841557502746582e-01 2.171630263328552246e-01
-3.156360685825347900e-01 5.979018807411193848e-01 7.368086576461791992e-01 -1.795359402894973755e-01
0.000000000000000000e+00 0.000000000000000000e+00 0.000000000000000000e+00 1.000000000000000000e+00
8.403737545013427734e-01 5.387501120567321777e-01 -5.932974815368652344e-02 -2.145244181156158447e-02
-4.587407112121582031e-01 6.486975550651550293e-01 -6.072464585304260254e-01 1.982808858156204224e-01
-2.886672317981719971e-01 5.375309586524963379e-01 7.922951579093933105e-01 -1.969398707151412964e-01
0.000000000000000000e+00 0.000000000000000000e+00 0.000000000000000000e+00 1.000000000000000000e+00
8.599766492843627930e-01 5.066844820976257324e-01 -6.091596931219100952e-02 -2.114102058112621307e-02
-4.564068913459777832e-01 7.102006673812866211e-01 -5.360108613967895508e-01 1.770313978195190430e-01
-2.283259332180023193e-01 4.887593388557434082e-01 8.420103192329406738e-01 -2.134201824665069580e-01
0.000000000000000000e+00 0.000000000000000000e+00 0.000000000000000000e+00 1.000000000000000000e+00
8.752067685127258301e-01 4.831658601760864258e-01 -2.374169975519180298e-02 -3.061211109161376953e-02
-4.526677429676055908e-01 8.006793260574340820e-01 -3.924338519573211670e-01 1.354913711547851562e-01
-1.706013083457946777e-01 3.542077541351318359e-01 9.194737076759338379e-01 -2.368939369916915894e-01
0.000000000000000000e+00 0.000000000000000000e+00 0.000000000000000000e+00 1.000000000000000000e+00
8.816630840301513672e-01 4.712737202644348145e-01 -2.389923855662345886e-02 -2.892303653061389923e-02
-4.610471725463867188e-01 8.495292067527770996e-01 -2.563894093036651611e-01 9.811316430568695068e-02
-1.005265340209007263e-01 2.370677441358566284e-01 9.662778973579406738e-01 -2.528095245361328125e-01
0.000000000000000000e+00 0.000000000000000000e+00 0.000000000000000000e+00 1.000000000000000000e+00
8.794825673103332520e-01 4.755596518516540527e-01 -1.879654079675674438e-02 -2.615363150835037231e-02
-4.758912026882171631e-01 8.782125115394592285e-01 -4.764566570520401001e-02 3.917468339204788208e-02
-6.151017267256975174e-03 5.084864795207977295e-02 9.986874461174011230e-01 -2.659449577331542969e-01
0.000000000000000000e+00 0.000000000000000000e+00 0.000000000000000000e+00 1.000000000000000000e+00
8.871240615844726562e-01 4.612825512886047363e-01 -1.513891853392124176e-02 -2.547775395214557648e-02
-4.601036310195922852e-01 8.864824175834655762e-01 4.953291267156600952e-02 1.070198044180870056e-02
3.626906126737594604e-02 -3.697636723518371582e-02 9.986577630043029785e-01 -2.685404121875762939e-01
0.000000000000000000e+00 0.000000000000000000e+00 0.000000000000000000e+00 1.000000000000000000e+00
8.936297893524169922e-01 4.486517012119293213e-01 -1.171312388032674789e-02 -2.595374546945095062e-02
-4.420670568943023682e-01 8.844199180603027344e-01 1.495926231145858765e-01 -2.034825831651687622e-02
7.747436314821243286e-02 -1.285024136304855347e-01 9.886783361434936523e-01 -2.677534818649291992e-01
0.000000000000000000e+00 0.000000000000000000e+00 0.000000000000000000e+00 1.000000000000000000e+00
8.968082666397094727e-01 4.421895146369934082e-01 -1.425565592944622040e-02 -2.505215257406234741e-02
-4.242101311683654785e-01 8.686000704765319824e-01 2.560850381851196289e-01 -5.405900627374649048e-02
1.256206482648849487e-01 -2.236117571592330933e-01 9.665490984916687012e-01 -2.631682753562927246e-01
0.000000000000000000e+00 0.000000000000000000e+00 0.000000000000000000e+00 1.000000000000000000e+00
8.990361690521240234e-01 4.375017583370208740e-01 -1.805754005908966064e-02 -2.364030666649341583e-02
-4.001623094081878662e-01 8.376505970954895020e-01 3.717678785324096680e-01 -9.200910478830337524e-02
1.777751296758651733e-01 -3.270067572593688965e-01 9.281499981880187988e-01 -2.533222734928131104e-01
0.000000000000000000e+00 0.000000000000000000e+00 0.000000000000000000e+00 1.000000000000000000e+00
9.037815332412719727e-01 4.277750253677368164e-01 -1.368616428226232529e-02 -2.617856860160827637e-02
-3.750661611557006836e-01 8.070143461227416992e-01 4.561280608177185059e-01 -1.199985444545745850e-01
2.061653137207031250e-01 -4.071068167686462402e-01 8.898087739944458008e-01 -2.440273463726043701e-01
0.000000000000000000e+00 0.000000000000000000e+00 0.000000000000000000e+00 1.000000000000000000e+00
9.140249490737915039e-01 4.055499732494354248e-01 -9.353452362120151520e-03 -3.016922436654567719e-02
-3.352980911731719971e-01 7.682683467864990234e-01 5.452876687049865723e-01 -1.496374756097793579e-01
2.283274978399276733e-01 -4.952703118324279785e-01 8.381966948509216309e-01 -2.313969582319259644e-01
0.000000000000000000e+00 0.000000000000000000e+00 0.000000000000000000e+00 1.000000000000000000e+00
9.031850099563598633e-01 4.289642870426177979e-01 1.569583639502525330e-02 -3.896229341626167297e-02
-3.443367183208465576e-01 7.021995186805725098e-01 6.231755018234252930e-01 -1.711999773979187012e-01
2.562985718250274658e-01 -5.682474374771118164e-01 7.819243669509887695e-01 -2.183773219585418701e-01
0.000000000000000000e+00 0.000000000000000000e+00 0.000000000000000000e+00 1.000000000000000000e+00
