-0.4267798066139221 -0.4080750346183777 0.8070524334907532 -0.2201378494501114 
-0.9027264714241028 0.1386922895908356 -0.4072457253932953 0.1715443730354309 
0.05425494164228439 -0.902351975440979 -0.4275711476802826 0.1235450506210327 
0 0 0 1 

-0.4748352468013763 -0.4767059087753296 0.7397856712341309 -0.1977359354496002 
-0.8796743154525757 0.2317326217889786 -0.4152987003326416 0.1707132309675217 
0.02654288709163666 -0.8479689955711365 -0.5293807983398438 0.1562661677598953 
0 0 0 1 

-0.4715018570423126 -0.603449285030365 0.6430666446685791 -0.1738509982824326 
-0.8808913230895996 0.3565430045127869 -0.3112996518611908 0.1398672759532928 
-0.04142731800675392 -0.7132502794265747 -0.6996838450431824 0.2157336920499802 
0 0 0 1 

-0.05303200334310532 -0.5603939890861511 0.8265264630317688 -0.2597487270832062 
-0.9276023507118225 0.3341445922851562 0.1670362204313278 0.003021260257810354 
-0.3697854280471802 -0.7578296661376953 -0.5375431180000305 0.1873249262571335 
0 0 0 1 

-0.08298151195049286 -0.5363013744354248 0.8399372696876526 -0.2618783414363861 
-0.9618279337882996 0.2636502683162689 0.0733172670006752 0.03456967324018478 
-0.2607697546482086 -0.801791250705719 -0.5377076864242554 0.1816959232091904 
0 0 0 1 

-0.08431827276945114 -0.529685378074646 0.8439926505088806 -0.2631888389587402 
-0.9798362255096436 0.1980495452880859 0.02640504017472267 0.05028749629855156 
-0.181138664484024 -0.8247482180595398 -0.5357040762901306 0.1767553836107254 
0 0 0 1 

-0.06432154029607773 -0.5081073641777039 0.8588883876800537 -0.2691425681114197 
-0.9943427443504333 0.1055335476994514 -0.01203374657779932 0.06258432567119598 
-0.08452692627906799 -0.8548036217689514 -0.5120209455490112 0.1630619764328003 
0 0 0 1 

-0.09296736121177673 -0.4835455417633057 0.8703680038452148 -0.270936518907547 
-0.9956530332565308 0.05010026693344116 -0.07851573824882507 0.08267409354448318 
-0.005639622453600168 -0.8738840818405151 -0.4861012101173401 0.149578794836998 
0 0 0 1 

-0.1164350509643555 -0.4766872823238373 0.8713278770446777 -0.2701359391212463 
-0.9897044897079468 -0.01783536560833454 -0.142010971903801 0.1012730151414871 
0.0832352340221405 -0.8788920640945435 -0.469702810049057 0.1386552900075912 
0 0 0 1 

-0.1378182470798492 -0.4001603424549103 0.9060231447219849 -0.2799690365791321 
-0.9689691662788391 -0.1350384801626205 -0.2070351988077164 0.1184213683009148 
0.2051951587200165 -0.9064414501190186 -0.3691321909427643 0.09832832217216492 
0 0 0 1 

