-0.426779717206955 -0.4080750346183777 0.8070523142814636 -0.2201378494501114 
-0.9027264714241028 0.1386923640966415 -0.4072457849979401 0.1715443283319473 
0.05425501242280006 -0.9023518562316895 -0.427571028470993 0.1235449686646461 
0 0 0 1 

-0.4748352468013763 -0.47670578956604 0.7397857904434204 -0.1977359503507614 
-0.8796743154525757 0.2317327558994293 -0.4152986705303192 0.1707132309675217 
0.02654273621737957 -0.8479689955711365 -0.5293806791305542 0.1562661230564117 
0 0 0 1 

-0.4715018570423126 -0.6034494042396545 0.6430665850639343 -0.1738510578870773 
-0.8808913826942444 0.3565428853034973 -0.3112997710704803 0.139867290854454 
-0.0414271280169487 -0.7132502794265747 -0.6996839642524719 0.215733677148819 
0 0 0 1 

-0.05303194746375084 -0.5603938698768616 0.8265266418457031 -0.2597487270832062 
-0.9276023507118225 0.3341446816921234 0.1670364439487457 0.003021224867552519 
-0.3697856664657593 -0.7578298449516296 -0.537542998790741 0.1873248666524887 
0 0 0 1 

-0.08298146724700928 -0.53630131483078 0.8399373888969421 -0.2618783414363861 
-0.9618279933929443 0.2636502683162689 0.07331739366054535 0.03456965088844299 
-0.2607699036598206 -0.8017913103103638 -0.5377076864242554 0.1816958785057068 
0 0 0 1 

-0.08431842178106308 -0.5296855568885803 0.8439925312995911 -0.2631888389587402 
-0.9798362851142883 0.1980493366718292 0.02640491351485252 0.05028749629855156 
-0.1811384111642838 -0.824748158454895 -0.5357043743133545 0.1767553687095642 
0 0 0 1 

-0.06432168930768967 -0.5081073641777039 0.8588883876800537 -0.2691425681114197 
-0.9943427443504333 0.1055335476994514 -0.01203378196805716 0.06258433312177658 
-0.08452696353197098 -0.8548036217689514 -0.5120209455490112 0.1630619466304779 
0 0 0 1 

-0.09296736121177673 -0.4835456907749176 0.8703678846359253 -0.2709364593029022 
-0.9956530332565308 0.05010026693344116 -0.0785159170627594 0.08267411589622498 
-0.005639505572617054 -0.8738840222358704 -0.4861013293266296 0.1495787799358368 
0 0 0 1 

-0.1164349168539047 -0.4766872823238373 0.8713278770446777 -0.2701359391212463 
-0.9897044897079468 -0.01783557049930096 -0.1420108824968338 0.1012730076909065 
0.08323532342910767 -0.8788920640945435 -0.4697029590606689 0.1386553347110748 
0 0 0 1 

-0.1419652104377747 -0.3938620090484619 0.9081403017044067 -0.2807458937168121 
-0.9688441753387451 -0.1328072398900986 -0.2090533822774887 0.1193058788776398 
0.202945739030838 -0.90952467918396 -0.3627369403839111 0.09678459167480469 
0 0 0 1 

