-0.2266349792480469 0.7093831896781921 0.6673918962478638 -0.2003006190061569 
-0.8953647017478943 0.1179557144641876 -0.4294280111789703 0.1824464201927185 
-0.3833516836166382 -0.6948825716972351 0.6084238886833191 -0.1869021058082581 
0 0 0 1 

-0.2002688348293304 0.6808685660362244 0.7044928073883057 -0.215054988861084 
-0.9292396903038025 0.09587711840867996 -0.3568205237388611 0.1590243279933929 
-0.3104925751686096 -0.7261028289794922 0.6134891510009766 -0.1893278062343597 
0 0 0 1 

-0.146148607134819 0.6506538987159729 0.7451778650283813 -0.2311105281114578 
-0.9590327143669128 0.09160486608743668 -0.2680760622024536 0.12867771089077 
-0.2426866441965103 -0.7538289427757263 0.6106104850769043 -0.1867637187242508 
0 0 0 1 

-0.1773188412189484 0.5465061664581299 0.8184674978256226 -0.2563190162181854 
-0.9618431329727173 0.07984171062707901 -0.2616926431655884 0.1292820274829865 
-0.2083644717931747 -0.8336403965950012 0.5114957690238953 -0.1486411243677139 
0 0 0 1 

-0.2308946251869202 0.5128832459449768 0.826824426651001 -0.2578046023845673 
-0.9679912924766541 -0.03515342250466347 -0.2485102415084839 0.1273287832736969 
-0.09839107841253281 -0.8577384352684021 0.5045831203460693 -0.1447454243898392 
0 0 0 1 

-0.2746309041976929 0.3453475534915924 0.897392213344574 -0.272571325302124 
-0.9594272375106812 -0.03644268214702606 -0.2795912325382233 0.1377057731151581 
-0.06385266035795212 -0.9377669095993042 0.3413442671298981 -0.08951261639595032 
0 0 0 1 

-0.3522718548774719 0.2085863202810287 0.9123574495315552 -0.2669697105884552 
-0.9349194765090942 -0.1229879781603813 -0.3328654170036316 0.1536869704723358 
0.0427778884768486 -0.9702399373054504 0.2383367121219635 -0.06268171221017838 
0 0 0 1 

-0.3698150217533112 0.2663144171237946 0.8901196718215942 -0.2531760931015015 
-0.9216845631599426 -0.2259968519210815 -0.3153134286403656 0.1454610973596573 
0.1171918883919716 -0.9370174407958984 0.3290351629257202 -0.09875360876321793 
0 0 0 1 

-0.3818848729133606 0.3668583631515503 0.8482797741889954 -0.2350648939609528 
-0.9178106784820557 -0.2583580911159515 -0.3014538586139679 0.1388136893510818 
0.1085691452026367 -0.8936810493469238 0.4353697597980499 -0.139197826385498 
0 0 0 1 

-0.2050101459026337 0.2057296186685562 0.9568938016891479 -0.2834856808185577 
-0.9327937364578247 -0.3371574282646179 -0.1273589730262756 0.09672698378562927 
0.2964226007461548 -0.9186945557594299 0.2610242664813995 -0.102662593126297 
0 0 0 1 

