-0.4630199074745178 -0.4517504274845123 0.7625835537910461 -0.204789325594902 
-0.8862813115119934 0.2254502028226852 -0.4045706391334534 0.1674129664897919 
0.01084048766642809 -0.8631879687309265 -0.5047656893730164 0.1490473747253418 
0 0 0 1 

-0.4908682405948639 -0.5243424773216248 0.695782482624054 -0.1856040358543396 
-0.8712227344512939 0.2914019823074341 -0.3950389325618744 0.1645572036504745 
0.004383292514830828 -0.8000935912132263 -0.5998589992523193 0.1805621534585953 
0 0 0 1 

-0.4593812823295593 -0.5917667746543884 0.662405252456665 -0.18021459877491 
-0.886802613735199 0.3479516804218292 -0.3041557669639587 0.1374711394309998 
-0.05049571394920349 -0.7271462678909302 -0.6846227049827576 0.210893303155899 
0 0 0 1 

-0.495530366897583 -0.6388121247291565 0.5885311961174011 -0.1580272018909454 
-0.8683329820632935 0.3808397054672241 -0.3177405893802643 0.1403752565383911 
-0.02115957997739315 -0.6684910655021667 -0.7434192895889282 0.2283606380224228 
0 0 0 1 

-0.7263725399971008 -0.6471601724624634 0.2314447462558746 -0.04704707860946655 
-0.2686764597892761 0.5773146748542786 0.7710517048835754 -0.2226372957229614 
-0.6326103806495667 0.4978870153427124 -0.5932222604751587 0.2244480401277542 
0 0 0 1 

-0.6707363724708557 -0.6875354051589966 0.2782220244407654 -0.06573887169361115 
-0.3334114849567413 0.6145753860473633 0.7149362564086914 -0.1995472013950348 
-0.6625324487686157 0.3867714107036591 -0.6414502859115601 0.2409895211458206 
0 0 0 1 

-0.6135173439979553 -0.7209475040435791 0.3222282826900482 -0.08256229013204575 
-0.3912180662155151 0.6319436430931091 0.6690258383750916 -0.1809141635894775 
-0.6859626173973083 0.2843974232673645 -0.6697560548782349 0.2504284381866455 
0 0 0 1 

-0.55997234582901 -0.7453672289848328 0.361743688583374 -0.09769642353057861 
-0.443610817193985 0.6384972333908081 0.6289122700691223 -0.1649650633335114 
-0.6997429728507996 0.1917001456022263 -0.6881937980651855 0.2561590373516083 
0 0 0 1 

-0.5015529990196228 -0.7681424617767334 0.3979969918727875 -0.1111693605780602 
-0.5042672753334045 0.6333855390548706 0.5869729518890381 -0.148506373167038 
-0.7029643654823303 0.09370122849941254 -0.7050255537033081 0.2602943181991577 
0 0 0 1 

-0.4108135104179382 -0.7745073437690735 0.4810094237327576 -0.1395519822835922 
-0.5839711427688599 0.6286883354187012 0.5135455131530762 -0.1227416396141052 
-0.7001496553421021 -0.06992410123348236 -0.7105633616447449 0.2600362300872803 
0 0 0 1 

