1.000000000000000000e+00 0.000000000000000000e+00 0.000000000000000000e+00 -4.542167112231254578e-02
0.000000000000000000e+00 1.000000000000000000e+00 0.000000000000000000e+00 9.935460984706878662e-04
0.000000000000000000e+00 0.000000000000000000e+00 1.000000000000000000e+00 -2.875000238418579102e-01
0.000000000000000000e+00 0.000000000000000000e+00 0.000000000000000000e+00 1.000000000000000000e+00
9.968284368515014648e-01 7.834435999393463135e-02 1.396826747804880142e-02 -4.816991090774536133e-02
-7.811027020215988159e-02 9.968068599700927734e-01 -1.658389531075954437e-02 9.151329286396503448e-03
-1.522291731089353561e-02 1.544023584574460983e-02 9.997649192810058594e-01 -2.932662367820739746e-01
0.000000000000000000e+00 0.000000000000000000e+00 0.000000000000000000e+00 1.000000000000000000e+00
9.861215353012084961e-01 1.630140393972396851e-01 3.147199004888534546e-02 -5.176267772912979126e-02
-1.613274961709976196e-01 9.856207370758056641e-01 -5.024999007582664490e-02 2.463421970605850220e-02
-3.921094536781311035e-02 4.447526857256889343e-02 9.982407093048095703e-01 -2.925441563129425049e-01
0.000000000000000000e+00 0.000000000000000000e+00 0.000000000000000000e+00 1.000000000000000000e+00
9.665428996086120605e-01 2.542160153388977051e-01 3.419178351759910583e-02 -5.039339512586593628e-02
-2.510347664356231689e-01 9.648708701133728027e-01 -7.749678939580917358e-02 3.786069527268409729e-02
-5.269157886505126953e-02 6.632064282894134521e-02 9.964061379432678223e-01 -2.919295430183410645e-01
0.000000000000000000e+00 0.000000000000000000e+00 0.000000000000000000e+00 1.000000000000000000e+00
9.369578361511230469e-01 3.458212316036224365e-01 5.017476901412010193e-02 -5.225785821676254272e-02
-3.380614519119262695e-01 9.333961606025695801e-01 -1.203570589423179626e-01 5.578110367059707642e-02
-8.845502883195877075e-02 9.580729901790618896e-02 9.914618730545043945e-01 -2.892811894416809082e-01
0.000000000000000000e+00 0.000000000000000000e+00 0.000000000000000000e+00 1.000000000000000000e+00
8.941655158996582031e-01 4.470896720886230469e-01 2.405649796128273010e-02 -4.124546423554420471e-02
-4.399862289428710938e-01 8.873722553253173828e-01 -1.377773433923721313e-01 6.507497280836105347e-02
-8.294592052698135376e-02 1.126112267374992371e-01 9.901710748672485352e-01 -2.901920378208160400e-01
0.000000000000000000e+00 0.000000000000000000e+00 0.000000000000000000e+00 1.000000000000000000e+00
8.462862968444824219e-01 5.325334668159484863e-01 1.439923699945211411e-02 -3.532071784138679504e-02
-5.232775807380676270e-01 8.360382318496704102e-01 -1.649860739707946777e-01 7.729697972536087036e-02
-9.989897906780242920e-02 1.320906430482864380e-01 9.861907958984375000e-01 -2.887670993804931641e-01
0.000000000000000000e+00 0.000000000000000000e+00 0.000000000000000000e+00 1.000000000000000000e+00
7.950152754783630371e-01 6.065201163291931152e-01 -9.165843948721885681e-03 -2.493568137288093567e-02
-5.990872383117675781e-01 7.827239632606506348e-01 -1.686348170042037964e-01 8.184424042701721191e-02
-9.510610252618789673e-02 1.395583748817443848e-01 9.856359958648681641e-01 -2.896773517131805420e-01
0.000000000000000000e+00 0.000000000000000000e+00 0.000000000000000000e+00 1.000000000000000000e+00
7.239984869956970215e-01 6.890574693679809570e-01 -3.202877938747406006e-02 -1.268696878105401993e-02
-6.841691732406616211e-01 7.113912105560302734e-01 -1.607325077056884766e-01 8.253306895494461060e-02
-8.796897530555725098e-02 1.382832080125808716e-01 9.864782094955444336e-01 -2.906958758831024170e-01
0.000000000000000000e+00 0.000000000000000000e+00 0.000000000000000000e+00 1.000000000000000000e+00
6.506689190864562988e-01 7.587919831275939941e-01 -2.939963899552822113e-02 -8.347772061824798584e-03
-7.545242309570312500e-01 6.416763663291931152e-01 -1.376388370990753174e-01 7.788848876953125000e-02
-8.557425439357757568e-02 1.117400377988815308e-01 9.900460839271545410e-01 -2.934122979640960693e-01
0.000000000000000000e+00 0.000000000000000000e+00 0.000000000000000000e+00 1.000000000000000000e+00
5.504856705665588379e-01 8.338296413421630859e-01 -4.115131869912147522e-02 1.435664133168756962e-03
-8.329046964645385742e-01 5.451808571815490723e-01 -9.511642158031463623e-02 6.652027368545532227e-02
-5.687601119279861450e-02 8.663534373044967651e-02 9.946152567863464355e-01 -2.983097732067108154e-01
0.000000000000000000e+00 0.000000000000000000e+00 0.000000000000000000e+00 1.000000000000000000e+00
4.599950313568115234e-01 8.836191296577453613e-01 -8.730284124612808228e-02 2.202957496047019958e-02
-8.878816366195678711e-01 4.568150639533996582e-01 -5.464516207575798035e-02 5.423482134938240051e-02
-8.404275402426719666e-03 1.026510894298553467e-01 9.946819543838500977e-01 -3.022219836711883545e-01
0.000000000000000000e+00 0.000000000000000000e+00 0.000000000000000000e+00 1.000000000000000000e+00
