1.000000000000000000e+00 0.000000000000000000e+00 0.000000000000000000e+00 -4.542167112231254578e-02
0.000000000000000000e+00 1.000000000000000000e+00 0.000000000000000000e+00 9.935460984706878662e-04
0.000000000000000000e+00 0.000000000000000000e+00 1.000000000000000000e+00 -2.875000238418579102e-01
0.000000000000000000e+00 0.000000000000000000e+00 0.000000000000000000e+00 1.000000000000000000e+00
9.967023134231567383e-01 7.909183204174041748e-02 1.813713274896144867e-02 -4.945433884859085083e-02
-7.877822220325469971e-02 9.967403411865234375e-01 -1.739944890141487122e-02 9.454577229917049408e-03
-1.945416443049907684e-02 1.591326296329498291e-02 9.996840953826904297e-01 -2.931900620460510254e-01
0.000000000000000000e+00 0.000000000000000000e+00 0.000000000000000000e+00 1.000000000000000000e+00
9.861224889755249023e-01 1.630324274301528931e-01 3.134714812040328979e-02 -5.164716020226478577e-02
-1.613960415124893188e-01 9.856670498847961426e-01 -4.910817742347717285e-02 2.418958023190498352e-02
-3.890412300825119019e-02 4.336734116077423096e-02 9.983014464378356934e-01 -2.925892770290374756e-01
0.000000000000000000e+00 0.000000000000000000e+00 0.000000000000000000e+00 1.000000000000000000e+00
9.665627479553222656e-01 2.543131113052368164e-01 3.288267552852630615e-02 -4.997216537594795227e-02
-2.513012886047363281e-01 9.649288654327392578e-01 -7.589424401521682739e-02 3.727428615093231201e-02
-5.103034153580665588e-02 6.509309262037277222e-02 9.965735077857971191e-01 -2.920666635036468506e-01
0.000000000000000000e+00 0.000000000000000000e+00 0.000000000000000000e+00 1.000000000000000000e+00
9.369366765022277832e-01 3.458029329776763916e-01 5.069320648908615112e-02 -5.238413065671920776e-02
-3.378928899765014648e-01 9.333124160766601562e-01 -1.214746013283729553e-01 5.596097186207771301e-02
-8.931893855333328247e-02 9.668509662151336670e-02 9.912992119789123535e-01 -2.891414761543273926e-01
0.000000000000000000e+00 0.000000000000000000e+00 0.000000000000000000e+00 1.000000000000000000e+00
8.937188982963562012e-01 4.477987885475158691e-01 2.725219167768955231e-02 -4.223195463418960571e-02
-4.404755234718322754e-01 8.873866200447082520e-01 -1.361111998558044434e-01 6.450261175632476807e-02
-8.513367921113967896e-02 1.096412241458892822e-01 9.903186559677124023e-01 -2.901573181152343750e-01
0.000000000000000000e+00 0.000000000000000000e+00 0.000000000000000000e+00 1.000000000000000000e+00
8.459524512290954590e-01 5.330488085746765137e-01 1.494117267429828644e-02 -3.553332015872001648e-02
-5.237552523612976074e-01 8.358169794082641602e-01 -1.645909994840621948e-01 7.723040878772735596e-02
-1.002231761813163757e-01 1.314106136560440063e-01 9.862487316131591797e-01 -2.887816429138183594e-01
0.000000000000000000e+00 0.000000000000000000e+00 0.000000000000000000e+00 1.000000000000000000e+00
7.941546440124511719e-01 6.076529026031494141e-01 -8.735947310924530029e-03 -2.504634484648704529e-02
-6.000951528549194336e-01 7.818458080291748047e-01 -1.691239625215530396e-01 8.197358995676040649e-02
-9.593852609395980835e-02 1.395529657602310181e-01 9.855560660362243652e-01 -2.896722853183746338e-01
0.000000000000000000e+00 0.000000000000000000e+00 0.000000000000000000e+00 1.000000000000000000e+00
7.223414182662963867e-01 6.909901499748229980e-01 -2.748461812734603882e-02 -1.392324175685644150e-02
-6.853443980216979980e-01 7.100011110305786133e-01 -1.618685275316238403e-01 8.280213922262191772e-02
-9.233547747135162354e-02 1.357607692480087280e-01 9.864295125007629395e-01 -2.905974090099334717e-01
0.000000000000000000e+00 0.000000000000000000e+00 0.000000000000000000e+00 1.000000000000000000e+00
6.495144963264465332e-01 7.597085237503051758e-01 -3.120285086333751678e-02 -7.757916580885648727e-03
-7.555519342422485352e-01 6.402704119682312012e-01 -1.385455131530761719e-01 7.806474715471267700e-02
-8.527600020170211792e-02 1.135626733303070068e-01 9.898644089698791504e-01 -2.933735251426696777e-01
0.000000000000000000e+00 0.000000000000000000e+00 0.000000000000000000e+00 1.000000000000000000e+00
5.514335036277770996e-01 8.333616852760314941e-01 -3.780433535575866699e-02 4.213660431560128927e-04
-8.322960734367370605e-01 5.465224981307983398e-01 -9.271471947431564331e-02 6.567403674125671387e-02
-5.660400539636611938e-02 8.259039372205734253e-02 9.949747920036315918e-01 -2.985170781612396240e-01
0.000000000000000000e+00 0.000000000000000000e+00 0.000000000000000000e+00 1.000000000000000000e+00
4.689428508281707764e-01 8.806114792823791504e-01 -6.794048845767974854e-02 1.500391867011785507e-02
-8.831828236579895020e-01 4.667479097843170166e-01 -4.619864374399185181e-02 5.199153721332550049e-02
-8.971990086138248444e-03 8.166839927434921265e-02 9.966191649436950684e-01 -3.030808866024017334e-01
0.000000000000000000e+00 0.000000000000000000e+00 0.000000000000000000e+00 1.000000000000000000e+00
