-0.7206355333328247 -0.6515932679176331 0.2368766963481903 -0.03920981660485268 
-0.6890227794647217 0.6351242661476135 -0.3490912914276123 0.1419702917337418 
0.07701939344406128 -0.4147810339927673 -0.9066556096076965 0.2777309417724609 
0 0 0 1 

-0.7682908773422241 -0.625112771987915 0.1377061158418655 -0.00483511621132493 
-0.6317476034164429 0.7058685421943665 -0.3203818798065186 0.132006824016571 
0.1030723750591278 -0.3331420123577118 -0.9372259378433228 0.2873187661170959 
0 0 0 1 

-0.8067725300788879 -0.588037371635437 0.05770372599363327 0.02249044552445412 
-0.5849311947822571 0.7810549736022949 -0.2186515629291534 0.09830016642808914 
0.08350551873445511 -0.2101548314094543 -0.9740950465202332 0.3003718852996826 
0 0 0 1 

-0.8414341807365417 -0.5401560664176941 0.01482477877289057 0.03688722848892212 
-0.5351606607437134 0.8292286396026611 -0.1611920297145844 0.07984403520822525 
0.07477572560310364 -0.1435661315917969 -0.986811637878418 0.3049079179763794 
0 0 0 1 

-0.8840157389640808 -0.4656956493854523 -0.04053782299160957 0.05515028163790703 
-0.4617560803890228 0.8834476470947266 -0.07938238233327866 0.05404946953058243 
0.07278107851743698 -0.05145670101046562 -0.9960193037986755 0.3082095682621002 
0 0 0 1 

-0.9233936667442322 -0.3810282349586487 -0.04649408534169197 0.05822259187698364 
-0.3784920871257782 0.9239656329154968 -0.05505712330341339 0.04518443718552589 
0.06393725425004959 -0.03324175253510475 -0.997400164604187 0.3083192408084869 
0 0 0 1 

-0.9590653777122498 -0.2820821404457092 -0.02497542649507523 0.05291370674967766 
-0.2798770666122437 0.9576085805892944 -0.06822482496500015 0.04851334169507027 
0.04316168650984764 -0.05844200402498245 -0.9973574876785278 0.3081493079662323 
0 0 0 1 

-0.9817221760749817 -0.1899618059396744 -0.01166335307061672 0.05029609426856041 
-0.1883703768253326 0.9785898923873901 -0.08293621987104416 0.05136746540665627 
0.02716835401952267 -0.07922329753637314 -0.9964865446090698 0.3080355823040009 
0 0 0 1 

-0.9947659969329834 -0.0996963158249855 -0.02238616347312927 0.05623911693692207 
-0.09825164079666138 0.9934502840042114 -0.05833668261766434 0.03787174448370934 
0.02805549278855324 -0.05583187565207481 -0.9980457425117493 0.309213399887085 
0 0 0 1 

-0.9996931552886963 -0.0244753509759903 -0.003792842384427786 0.0509742796421051 
-0.02436376176774502 0.9993356466293335 -0.02710437215864658 0.02094265073537827 
0.004453711677342653 -0.02700364962220192 -0.9996253252029419 0.3119986653327942 
0 0 0 1 

