0.9177032709121704 0.3972207903862 -0.006021552719175816 -0.03109731338918209 
-0.3291337490081787 0.7687146067619324 0.5484054684638977 -0.1510777175426483 
0.2224670201539993 -0.5012915730476379 0.8361907601356506 -0.2305546253919601 
0 0 0 1 

0.9088290929794312 0.4169071912765503 0.01476479601114988 -0.03830448910593987 
-0.3331409692764282 0.7040121555328369 0.6272030472755432 -0.1748197078704834 
0.2510910332202911 -0.5749390721321106 0.7787156701087952 -0.2168036103248596 
0 0 0 1 

0.9159850478172302 0.3998908996582031 0.03253597393631935 -0.04558619484305382 
-0.297005832195282 0.6213236451148987 0.7250823378562927 -0.2057307064533234 
0.269738495349884 -0.6738279461860657 0.6878930926322937 -0.1919112503528595 
0 0 0 1 

0.9242430329322815 0.3782781958580017 0.05177285149693489 -0.05303603038191795 
-0.2677244544029236 0.5454234480857849 0.794252336025238 -0.2285303622484207 
0.2722102403640747 -0.7479429841041565 0.6053781509399414 -0.1670593321323395 
0 0 0 1 

0.9335189461708069 0.3553629219532013 0.04753467813134193 -0.05363795906305313 
-0.2240433245897293 0.4746955335140228 0.8511572480201721 -0.2480829656124115 
0.2799052298069 -0.8052212595939636 0.5227540135383606 -0.1435858011245728 
0 0 0 1 

0.9419335722923279 0.3315873742103577 0.05301883071660995 -0.0583026111125946 
-0.1931343078613281 0.4057955145835876 0.893324613571167 -0.2621683180332184 
0.2747004330158234 -0.8516921997070312 0.4462732970714569 -0.122234433889389 
0 0 0 1 

0.951610267162323 0.3036821186542511 0.04706425964832306 -0.05912410840392113 
-0.1588527858257294 0.3549993932247162 0.9212715625762939 -0.2728530168533325 
0.2630658745765686 -0.8841677904129028 0.3860618770122528 -0.1040487661957741 
0 0 0 1 

0.9836838245391846 0.13519686460495 -0.1186924129724503 -0.01829434186220169 
0.06013648584485054 0.3746997714042664 0.9251936674118042 -0.3113453984260559 
0.1695573180913925 -0.9172358512878418 0.3604558110237122 -0.1012147665023804 
0 0 0 1 

0.9760335087776184 0.2170305103063583 -0.0160096101462841 -0.05331941694021225 
-0.05258540064096451 0.3065949082374573 0.9503863453865051 -0.3127500116825104 
0.2111713290214539 -0.9267670512199402 0.3106595575809479 -0.08899927139282227 
0 0 0 1 

0.9400634169578552 0.3393180966377258 0.03381149098277092 -0.06850142031908035 
-0.1481723338365555 0.3171635866165161 0.9367243647575378 -0.3041672110557556 
0.307123988866806 -0.8855904340744019 0.3484311699867249 -0.1093737334012985 
0 0 0 1 

