0.4727439880371094 0.6814225912094116 -0.5587273836135864 0.1745635867118835 
0.1472071409225464 0.5640740394592285 0.8124964833259583 -0.2403813004493713 
0.8688170313835144 -0.4663514792919159 0.1663523763418198 -0.01694888435304165 
0 0 0 1 

0.6087536811828613 0.6242589950561523 -0.4896116852760315 0.1492929458618164 
0.1404549330472946 0.5225875973701477 0.8409367203712463 -0.2446628212928772 
0.7808273434638977 -0.5806916356086731 0.2304468750953674 -0.04196582362055779 
0 0 0 1 

0.730606734752655 0.5691308379173279 -0.3772318363189697 0.1109472811222076 
0.07101470232009888 0.4861456155776978 0.8709875345230103 -0.2459151148796082 
0.6790955066680908 -0.6631383895874023 0.3147645890712738 -0.06895735859870911 
0 0 0 1 

0.8066002130508423 0.5223979949951172 -0.2765797078609467 0.08492124825716019 
0.0129765635356307 0.4521467089653015 0.8918490409851074 -0.2435726076364517 
0.5909548401832581 -0.7229546308517456 0.3579227328300476 -0.08191639184951782 
0 0 0 1 

0.8093181252479553 0.5639362931251526 -0.1642556190490723 0.06062932312488556 
-0.06669893860816956 0.3660725951194763 0.9281927943229675 -0.255785197019577 
0.583571195602417 -0.7402475476264954 0.3338831663131714 -0.07304951548576355 
0 0 0 1 

0.8108379244804382 0.5840137600898743 -0.0383378304541111 0.02751161344349384 
-0.1406778991222382 0.258061558008194 0.9558315277099609 -0.2724562287330627 
0.5681122541427612 -0.7696311473846436 0.2914039492607117 -0.05809935554862022 
0 0 0 1 

0.817868709564209 0.5725533962249756 0.0572126992046833 -0.003158994717523456 
-0.175691619515419 0.1538050472736359 0.9723560214042664 -0.2852798402309418 
0.5479261875152588 -0.805311381816864 0.226385235786438 -0.03680342063307762 
0 0 0 1 

0.8285362124443054 0.5391345620155334 0.151200920343399 -0.0401548333466053 
-0.2110527604818344 0.0505768395960331 0.9761654734611511 -0.2927180528640747 
0.5186372399330139 -0.8406998515129089 0.1556905210018158 -0.01487552374601364 
0 0 0 1 

0.8345445990562439 0.5051357746124268 0.2199389934539795 -0.07077503204345703 
-0.2164998203516006 -0.06641086935997009 0.974021315574646 -0.2993564307689667 
0.5066193342208862 -0.8604810237884521 0.05393895879387856 0.01653498411178589 
0 0 0 1 

0.850294828414917 0.4813476800918579 0.2128448933362961 -0.07262556254863739 
-0.2051161974668503 -0.06935982406139374 0.9762769341468811 -0.3004521429538727 
0.4846915900707245 -0.8737810850143433 0.0397559218108654 0.01742595061659813 
0 0 0 1 

