1 0 0 -0.04542167112231255 
0 1 0 0.0009935460984706879 
0 0 1 -0.2875000238418579 
0 0 0 1 

0.7195555567741394 0.6943791508674622 -0.008784178644418716 -0.01906301081180573 
-0.6863434314727783 0.7091892957687378 -0.1611922681331635 0.08369947224855423 
-0.1056989505887032 0.1220157220959663 0.9868838787078857 -0.2903052270412445 
0 0 0 1 

0.6434608697891235 0.7653571963310242 -0.01364263240247965 -0.0123677933588624 
-0.7594172954559326 0.6360257863998413 -0.1369534879922867 0.07892280071973801 
-0.09614133834838867 0.09848463535308838 0.9904835820198059 -0.2932212650775909 
0 0 0 1 

0.5446679592132568 0.8380318880081177 -0.03223788365721703 -0.0006933885742910206 
-0.8361657857894897 0.5396945476531982 -0.09775681048631668 0.06854370981454849 
-0.06452472507953644 0.08020120859146118 0.9946880340576172 -0.2981615662574768 
0 0 0 1 

0.8754292726516724 0.4833451807498932 0.0008751649875193834 -0.03124178387224674 
-0.4827811419963837 0.8744924068450928 -0.04674664884805679 0.03943205997347832 
-0.02336010709404945 0.04050087183713913 0.9989063739776611 -0.2651697993278503 
0 0 0 1 

0.8857744932174683 0.4641121625900269 -0.001836365088820457 -0.02881797216832638 
-0.4634968340396881 0.8847905397415161 0.04812880605459213 0.01149996463209391 
0.02396197244524956 -0.04178011789917946 0.9988394379615784 -0.2681608200073242 
0 0 0 1 

0.8930370807647705 0.4499734342098236 -0.002925471169874072 -0.02806656807661057 
-0.4445794820785522 0.8832992315292358 0.148766353726387 -0.0200127549469471 
0.06952501088380814 -0.1315532475709915 0.9888679981231689 -0.2672986090183258 
0 0 0 1 

0.2617705762386322 0.9560503959655762 0.1320751905441284 -0.03816038370132446 
-0.9650473594665527 0.2610774636268616 0.02284892648458481 0.04608721658587456 
-0.01263712160289288 -0.1334399729967117 0.9909762740135193 -0.2967508137226105 
0 0 0 1 

0.3295333385467529 0.9412071108818054 0.07441064715385437 -0.0243191123008728 
-0.9441221356391907 0.3290362954139709 0.01919671893119812 0.0483182966709137 
-0.006415717303752899 -0.07657869905233383 0.9970428943634033 -0.2954154908657074 
0 0 0 1 

0.3563656806945801 0.9321115016937256 0.06458895653486252 -0.02287290617823601 
-0.9341806769371033 0.3567526340484619 0.005832658614963293 0.05244980007410049 
-0.01760554127395153 -0.06241628900170326 0.997894823551178 -0.2927065491676331 
0 0 0 1 

