0.9003463387489319 0.4350144267082214 -0.01177998259663582 -0.0252868290990591 
-0.4002107977867126 0.8383374214172363 0.370164155960083 -0.09151667356491089 
0.1709024459123611 -0.3285614252090454 0.9288915991783142 -0.2533921301364899 
0 0 0 1 

0.906005322933197 0.4232273101806641 -0.005737015046179295 -0.02828567661345005 
-0.3743288516998291 0.8075075149536133 0.4558610022068024 -0.1199690252542496 
0.1975656449794769 -0.410864919424057 0.8900324106216431 -0.2437913864850998 
0 0 0 1 

0.9141574501991272 0.4052098393440247 -0.01100290287286043 -0.02978284657001495 
-0.3335049152374268 0.7672650218009949 0.5477942824363708 -0.1506218165159225 
0.2304138988256454 -0.4971006512641907 0.8365406394004822 -0.2310225814580917 
0 0 0 1 

0.9104596972465515 0.4134173393249512 0.01221321895718575 -0.03770098462700844 
-0.3283420205116272 0.7045134305953979 0.6291676759719849 -0.1753103584051132 
0.2515045702457428 -0.5768419504165649 0.7771734595298767 -0.2164043635129929 
0 0 0 1 

0.9146501421928406 0.4029497802257538 0.03235048428177834 -0.04555140808224678 
-0.2993184030056 0.6212794780731201 0.724168598651886 -0.2053186446428299 
0.2717049419879913 -0.6720439791679382 0.6888636946678162 -0.192156970500946 
0 0 0 1 

0.9240993857383728 0.3782559335231781 0.05443170294165611 -0.05358944088220596 
-0.2698515355587006 0.545032262802124 0.793800950050354 -0.2282077223062515 
0.2705928981304169 -0.7482393980026245 0.6057369709014893 -0.1670649647712708 
0 0 0 1 

0.9318440556526184 0.3594834208488464 0.04937933012843132 -0.05408375337719917 
-0.2281580567359924 0.4746564328670502 0.8500852584838867 -0.2477897852659225 
0.2821534276008606 -0.8034131526947021 0.5243247747421265 -0.1442312747240067 
0 0 0 1 

0.9411991238594055 0.3330826759338379 0.05656933411955833 -0.05913854390382767 
-0.1981114596128464 0.4084832668304443 0.8910068273544312 -0.261319100856781 
0.2736713588237762 -0.849821925163269 0.4504515826702118 -0.1235449910163879 
0 0 0 1 

0.9539603590965271 0.2952229976654053 0.05294284969568253 -0.06115416064858437 
-0.1577666848897934 0.343787670135498 0.9256994128227234 -0.274782657623291 
0.2550867199897766 -0.8914331793785095 0.3745361864566803 -0.1001944616436958 
0 0 0 1 

0.9605922698974609 0.2673981487751007 0.07589947432279587 -0.06968093663454056 
-0.1512037664651871 0.2735564708709717 0.9498968720436096 -0.286567747592926 
0.2332379072904587 -0.9239398837089539 0.3032078444957733 -0.07504328340291977 
0 0 0 1 

