1 0 0 -0.01792658120393753 
0 1 0 0.02243540808558464 
0 0 1 -0.3816788792610168 
0 0 0 1 

0.9882352352142334 0.04652352258563042 -0.1456932872533798 0.04343888908624649 
-0.04958102479577065 0.9986181259155273 -0.0174233466386795 0.02615374326705933 
0.1446813493967056 0.02444203570485115 0.9891762733459473 -0.3782439529895782 
0 0 0 1 

0.997230052947998 0.046705711632967 -0.05788600817322731 0.008308412507176399 
-0.04639679566025734 0.998900830745697 0.006669905502349138 0.01747922413051128 
0.05813390761613846 -0.003965675365179777 0.9983009099960327 -0.3696975111961365 
0 0 0 1 

0.7281566858291626 0.6836357712745667 -0.0492933914065361 -0.0195440985262394 
-0.6773776412010193 0.7067809700965881 -0.2040099054574966 0.0763101801276207 
-0.1046288833022118 0.1819414049386978 0.9777269959449768 -0.2696665227413177 
0 0 0 1 

0.7646055221557617 0.6444389820098877 -0.008752822875976562 -0.03560266271233559 
-0.6382781267166138 0.7552739977836609 -0.1488690823316574 0.05796762183308601 
-0.08932630717754364 0.1194128468632698 0.9888181686401367 -0.2763702571392059 
0 0 0 1 

0.7863101959228516 0.6154282093048096 0.05444494262337685 -0.05903341621160507 
-0.6122442483901978 0.7879924178123474 -0.06499829888343811 0.03050046786665916 
-0.08290399610996246 0.01777520775794983 0.9963989853858948 -0.2817636430263519 
0 0 0 1 

0.9791442155838013 0.1833331882953644 -0.08755267411470413 0.001601307070814073 
-0.1884633302688599 0.9805734753608704 -0.05437986925244331 0.002493634819984436 
0.07588217407464981 0.0697462260723114 0.9946745038032532 -0.2358561307191849 
0 0 0 1 

0.9679010510444641 0.2320705652236938 -0.09649178385734558 -0.006742211524397135 
-0.2364430129528046 0.9709593057632446 -0.03650422021746635 -0.02742892503738403 
0.08521801233291626 0.05814733728766441 0.9946641325950623 -0.3110736906528473 
0 0 0 1 

0.9906499981880188 0.1317787319421768 -0.03531015291810036 -0.02555555291473866 
-0.1331456750631332 0.9903032183647156 -0.03964423760771751 -0.04829702153801918 
0.02974345348775387 0.04397498443722725 0.9985897541046143 -0.336576521396637 
0 0 0 1 

0.9989420771598816 0.01603641919791698 -0.04309998080134392 -0.01522081438452005 
-0.01736799068748951 0.9993777871131897 -0.03069968521595001 -0.05789263918995857 
0.04258077964186668 0.03141580149531364 0.9985989928245544 -0.3365219533443451 
0 0 0 1 

