-0.256921797990799 0.4163268506526947 0.8721598982810974 -0.265886127948761 
-0.9636693000793457 -0.04217284545302391 -0.2637474834918976 0.132427841424942 
-0.07302358001470566 -0.9082362651824951 0.412036657333374 -0.1112946048378944 
0 0 0 1 

-0.339998185634613 0.3128619194030762 0.8868588209152222 -0.2603003978729248 
-0.9402161836624146 -0.133006826043129 -0.3135324120521545 0.1480220407247543 
0.01986601576209068 -0.9404394626617432 0.3393799960613251 -0.09236540645360947 
0 0 0 1 

-0.3832986652851105 0.1076573878526688 0.9173285961151123 -0.2529314756393433 
-0.9152941107749939 -0.177363783121109 -0.3616333901882172 0.1559023708105087 
0.123768538236618 -0.978239119052887 0.1665216237306595 -0.05780450254678726 
0 0 0 1 

-0.3995852768421173 -0.05766477063298225 0.9148802757263184 -0.2514732480049133 
-0.9134193658828735 -0.05925913155078888 -0.4026823937892914 0.1673634201288223 
0.07743572443723679 -0.9965755343437195 -0.02899282053112984 0.003623110707849264 
0 0 0 1 

-0.3858553171157837 -0.1403672993183136 0.9118181467056274 -0.2512191534042358 
-0.9210808873176575 0.002686497289687395 -0.389361709356308 0.1644639372825623 
0.05220417305827141 -0.9900957942008972 -0.1303261369466782 0.03467217832803726 
0 0 0 1 

-0.3926995396614075 -0.2950548231601715 0.8710507750511169 -0.2399154901504517 
-0.9175827503204346 0.06197967752814293 -0.3926832675933838 0.1662581861019135 
0.06187577173113823 -0.953467845916748 -0.2950765192508698 0.08402108401060104 
0 0 0 1 

-0.4217318892478943 -0.3964695632457733 0.8154469728469849 -0.2232435792684555 
-0.9061843752861023 0.1533797383308411 -0.3940865099430084 0.1674139201641083 
0.03117040731012821 -0.9051443338394165 -0.4239595234394073 0.1219600960612297 
0 0 0 1 

-0.4662339091300964 -0.4554587602615356 0.7584083676338196 -0.2040820419788361 
-0.8846583962440491 0.2377757132053375 -0.4010513722896576 0.166261687874794 
0.002331230789422989 -0.8579161167144775 -0.5137844681739807 0.1510403901338577 
0 0 0 1 

-0.4920171499252319 -0.5267115235328674 0.6931767463684082 -0.1854074746370316 
-0.8705477714538574 0.3050724864006042 -0.3861053586006165 0.1615662425756454 
-0.008103006519377232 -0.7934139370918274 -0.6086284518241882 0.1827036440372467 
0 0 0 1 

-0.4809935390949249 -0.5485371947288513 0.6839239001274109 -0.1842749416828156 
-0.8750158548355103 0.3490267693996429 -0.3354508876800537 0.1472916901111603 
-0.05470044910907745 -0.7597942352294922 -0.6478586196899414 0.1982662528753281 
0 0 0 1 

