-0.2569217383861542 0.416327029466629 0.8721599578857422 -0.265886127948761 
-0.9636694192886353 -0.04217297583818436 -0.263747364282608 0.1324278265237808 
-0.07302359491586685 -0.9082363247871399 0.412036806344986 -0.1112946048378944 
0 0 0 1 

-0.3399979472160339 0.3128621876239777 0.8868588805198669 -0.2603003680706024 
-0.9402163028717041 -0.1330065727233887 -0.3135322630405426 0.1480219960212708 
0.01986571960151196 -0.9404394626617432 0.339380145072937 -0.09236543625593185 
0 0 0 1 

-0.3832986056804657 0.1076574400067329 0.9173284769058228 -0.2529314756393433 
-0.9152939319610596 -0.1773637682199478 -0.3616332411766052 0.1559023708105087 
0.1237685531377792 -0.9782389402389526 0.1665218025445938 -0.05780452489852905 
0 0 0 1 

-0.399585485458374 -0.05766481161117554 0.9148803353309631 -0.2514732182025909 
-0.9134193658828735 -0.05925939604640007 -0.4026825428009033 0.1673634201288223 
0.07743594795465469 -0.9965755939483643 -0.02899289503693581 0.003623077878728509 
0 0 0 1 

-0.3858556747436523 -0.1403676122426987 0.9118179678916931 -0.2512191236019135 
-0.9210807681083679 0.002686266787350178 -0.3893620073795319 0.1644639223814011 
0.05220453068614006 -0.9900957345962524 -0.1303263455629349 0.03467216715216637 
0 0 0 1 

-0.392699807882309 -0.2950549721717834 0.8710507750511169 -0.2399154901504517 
-0.9175828099250793 0.06197945028543472 -0.3926834464073181 0.1662582010030746 
0.06187589466571808 -0.9534679055213928 -0.2950768172740936 0.08402111381292343 
0 0 0 1 

-0.4217321276664734 -0.3964698612689972 0.8154466152191162 -0.2232435494661331 
-0.9061842560768127 0.1533797085285187 -0.3940868973731995 0.1674139201641083 
0.03117077238857746 -0.905144214630127 -0.4239597916603088 0.1219600141048431 
0 0 0 1 

-0.4662339091300964 -0.4554589092731476 0.7584080696105957 -0.2040820419788361 
-0.8846582770347595 0.2377757132053375 -0.4010515511035919 0.166261687874794 
0.002331543015316129 -0.8579159379005432 -0.5137844681739807 0.1510403752326965 
0 0 0 1 

-0.4920172691345215 -0.5267117023468018 0.6931763887405396 -0.1854074150323868 
-0.8705475926399231 0.305072546005249 -0.3861056268215179 0.1615662723779678 
-0.008102682419121265 -0.7934137582778931 -0.6086286306381226 0.1827036738395691 
0 0 0 1 

-0.478402316570282 -0.5495349168777466 0.6849397420883179 -0.1846915185451508 
-0.8763670325279236 0.3483251333236694 -0.3326414525508881 0.1463394612073898 
-0.05578360706567764 -0.7593951225280762 -0.6482337713241577 0.198378399014473 
0 0 0 1 

