0.9946449995040894 0.1030781865119934 -0.007497086189687252 -0.05105104297399521 
-0.005963154602795839 0.1296578794717789 0.9915407299995422 -0.3067093789577484 
0.1031782925128937 -0.9861863255500793 0.1295782625675201 -0.01540635991841555 
0 0 0 1 

0.9899249076843262 -0.0523933619260788 -0.1315431147813797 -0.005812144372612238 
0.1409443318843842 0.2757768332958221 0.9508320689201355 -0.3178902566432953 
-0.01354076061397791 -0.9597926735877991 0.2803828716278076 -0.05843817442655563 
0 0 0 1 

0.9692693948745728 -0.0678345188498497 -0.2364640980958939 0.0292135663330555 
0.2459810525178909 0.2548231184482574 0.9351783394813538 -0.3229206204414368 
-0.003180842380970716 -0.9646055102348328 0.263678252696991 -0.05169470235705376 
0 0 0 1 

-0.9777006506919861 -0.2080265283584595 0.02875323966145515 0.03731527552008629 
-0.08784672617912292 0.5294922590255737 0.8437540531158447 -0.2699238359928131 
-0.1907478272914886 0.82241290807724 -0.5359593033790588 0.1857083737850189 
0 0 0 1 

-0.9846078157424927 -0.1622830033302307 0.06489337980747223 0.02646812982857227 
-0.005852553527802229 0.4016983509063721 0.9157533049583435 -0.2995979189872742 
-0.1746787577867508 0.9012782573699951 -0.3964650332927704 0.1390861570835114 
0 0 0 1 

-0.97444087266922 -0.1993023157119751 0.1036506369709969 0.01139235775917768 
0.06142729893326759 0.2074190229177475 0.9763216972351074 -0.3233739733695984 
-0.216082289814949 0.9577348232269287 -0.1898749619722366 0.06823435425758362 
0 0 0 1 

-0.9826189875602722 -0.1539752632379532 0.1036896631121635 0.008332616649568081 
0.07338161021471024 0.1908879280090332 0.9788652062416077 -0.3262907266616821 
-0.1705141365528107 0.9694604277610779 -0.1762712299823761 0.05666100233793259 
0 0 0 1 

-0.9766323566436768 -0.1672178953886032 0.1350089311599731 -0.0009407435427419841 
0.1113726943731308 0.1434835493564606 0.9833659529685974 -0.3293679654598236 
-0.1838079541921616 0.975423276424408 -0.1215071380138397 0.03617284819483757 
0 0 0 1 

-0.9784836769104004 -0.1492170691490173 0.142491489648819 -0.006108712870627642 
0.1344631612300873 0.06262792646884918 0.9889374375343323 -0.3307849764823914 
-0.1564903110265732 0.9868190884590149 -0.04121626168489456 0.007177924271672964 
0 0 0 1 

-0.9496020078659058 -0.3016400635242462 0.08526062965393066 0.01071787625551224 
0.02690979465842247 0.1925477683544159 0.9809185862541199 -0.3127934038639069 
-0.3123010694980621 0.9337765574455261 -0.1747267991304398 0.07601071894168854 
0 0 0 1 

