1.000000000000000000e+00 0.000000000000000000e+00 0.000000000000000000e+00 -4.542167112231254578e-02
0.000000000000000000e+00 1.000000000000000000e+00 0.000000000000000000e+00 9.935460984706878662e-04
0.000000000000000000e+00 0.000000000000000000e+00 1.000000000000000000e+00 -2.875000238418579102e-01
0.000000000000000000e+00 0.000000000000000000e+00 0.000000000000000000e+00 1.000000000000000000e+00
9.963159561157226562e-01 8.135647326707839966e-02 2.711859904229640961e-02 -5.171886831521987915e-02
-8.082606643438339233e-02 9.965252876281738281e-01 -2.011419646441936493e-02 1.061551459133625031e-02
-2.866079099476337433e-02 1.784821413457393646e-02 9.994300007820129395e-01 -2.926994562149047852e-01
0.000000000000000000e+00 0.000000000000000000e+00 0.000000000000000000e+00 1.000000000000000000e+00
9.846759438514709473e-01 1.663343310356140137e-01 5.240501090884208679e-02 -5.751901492476463318e-02
-1.637680381536483765e-01 9.852316975593566895e-01 -4.998314753174781799e-02 2.515135519206523895e-02
-5.994502082467079163e-02 4.063491150736808777e-02 9.973743557929992676e-01 -2.915223240852355957e-01
0.000000000000000000e+00 0.000000000000000000e+00 0.000000000000000000e+00 1.000000000000000000e+00
9.646917581558227539e-01 2.584380507469177246e-01 5.079026892781257629e-02 -5.474451184272766113e-02
-2.540917694568634033e-01 9.639616012573242188e-01 -7.883571833372116089e-02 3.901800885796546936e-02
-6.933405995368957520e-02 6.314671784639358521e-02 9.955926537513732910e-01 -2.912248075008392334e-01
0.000000000000000000e+00 0.000000000000000000e+00 0.000000000000000000e+00 1.000000000000000000e+00
9.356620311737060547e-01 3.471004068851470947e-01 6.369530409574508667e-02 -5.609725043177604675e-02
-3.379959166049957275e-01 9.333311915397644043e-01 -1.210429370403289795e-01 5.661440268158912659e-02
-1.014628857374191284e-01 9.172646701335906982e-02 9.906014204025268555e-01 -2.886065244674682617e-01
0.000000000000000000e+00 0.000000000000000000e+00 0.000000000000000000e+00 1.000000000000000000e+00
8.913294076919555664e-01 4.510108828544616699e-01 4.604314640164375305e-02 -4.752057418227195740e-02
-4.416612982749938965e-01 8.867673277854919434e-01 -1.363028287887573242e-01 6.528553366661071777e-02
-1.023037210106849670e-01 1.011553257703781128e-01 9.895968437194824219e-01 -2.893715798854827881e-01
0.000000000000000000e+00 0.000000000000000000e+00 0.000000000000000000e+00 1.000000000000000000e+00
8.434813618659973145e-01 5.362417101860046387e-01 3.135965019464492798e-02 -3.989779576659202576e-02
-5.248702168464660645e-01 8.351963162422180176e-01 -1.641890257596969604e-01 7.811651378870010376e-02
-1.142365187406539917e-01 1.220306754112243652e-01 9.859306812286376953e-01 -2.883176207542419434e-01
0.000000000000000000e+00 0.000000000000000000e+00 0.000000000000000000e+00 1.000000000000000000e+00
7.918616533279418945e-01 6.104072332382202148e-01 1.891634613275527954e-02 -3.308802098035812378e-02
-5.991491675376892090e-01 7.825068831443786621e-01 -1.694213151931762695e-01 8.314857631921768188e-02
-1.182181760668754578e-01 1.228244751691818237e-01 9.853621125221252441e-01 -2.889768183231353760e-01
0.000000000000000000e+00 0.000000000000000000e+00 0.000000000000000000e+00 1.000000000000000000e+00
7.202109098434448242e-01 6.935423016548156738e-01 -1.719919778406620026e-02 -1.670335046947002411e-02
-6.861734390258789062e-01 7.084652781486511230e-01 -1.650531589984893799e-01 8.477526158094406128e-02
-1.022863537073135376e-01 1.306747347116470337e-01 9.861345887184143066e-01 -2.903584241867065430e-01
0.000000000000000000e+00 0.000000000000000000e+00 0.000000000000000000e+00 1.000000000000000000e+00
6.436328291893005371e-01 7.652135491371154785e-01 -1.360034383833408356e-02 -1.256382185965776443e-02
-7.590793371200561523e-01 6.360042691230773926e-01 -1.389118283987045288e-01 7.964793592691421509e-02
-9.764733910560607910e-02 9.973194450139999390e-02 9.902110695838928223e-01 -2.932627797126770020e-01
0.000000000000000000e+00 0.000000000000000000e+00 0.000000000000000000e+00 1.000000000000000000e+00
5.474786162376403809e-01 8.361980319023132324e-01 -3.225867822766304016e-02 -1.080579706467688084e-03
-8.346478939056396484e-01 5.428766608238220215e-01 -9.299179166555404663e-02 6.682332605123519897e-02
-6.024705246090888977e-02 7.783564925193786621e-02 9.951441287994384766e-01 -2.986786365509033203e-01
0.000000000000000000e+00 0.000000000000000000e+00 0.000000000000000000e+00 1.000000000000000000e+00
4.584027826786041260e-01 8.861835002899169922e-01 -6.741409003734588623e-02 1.656971499323844910e-02
-8.886100053787231445e-01 4.556926190853118896e-01 -5.212264880537986755e-02 5.480160936713218689e-02
-1.547013968229293823e-02 8.379805088043212891e-02 9.963626861572265625e-01 -3.029029667377471924e-01
0.000000000000000000e+00 0.000000000000000000e+00 0.000000000000000000e+00 1.000000000000000000e+00
3.524510860443115234e-01 9.320448040962219238e-01 -8.408233523368835449e-02 2.608660236001014709e-02
-9.356644749641418457e-01 3.526562750339508057e-01 -1.289594452828168869e-02 3.994577750563621521e-02
1.763254962861537933e-02 8.321800827980041504e-02 9.963751435279846191e-01 -3.046643733978271484e-01
0.000000000000000000e+00 0.000000000000000000e+00 0.000000000000000000e+00 1.000000000000000000e+00
2.714680731296539307e-01 9.572157859802246094e-01 -1.002119332551956177e-01 3.401141241192817688e-02
-9.595578908920288086e-01 2.772442102432250977e-01 4.882820323109626770e-02 1.670351065695285797e-02
7.452230900526046753e-02 8.290384709835052490e-02 9.937672615051269531e-01 -3.041852712631225586e-01
0.000000000000000000e+00 0.000000000000000000e+00 0.000000000000000000e+00 1.000000000000000000e+00
1.915573328733444214e-01 9.727278351783752441e-01 -1.307894438505172729e-01 4.509874433279037476e-02
-9.727571010589599609e-01 2.058900594711303711e-01 1.065551713109016418e-01 -5.100356880575418472e-03
1.305774301290512085e-01 1.068149358034133911e-01 9.856677055358886719e-01 -3.028982281684875488e-01
0.000000000000000000e+00 0.000000000000000000e+00 0.000000000000000000e+00 1.000000000000000000e+00
1.142734736204147339e-01 9.843779802322387695e-01 -1.339471042156219482e-01 4.798820614814758301e-02
-9.701383113861083984e-01 1.396099328994750977e-01 1.983458250761032104e-01 -3.640213236212730408e-02
2.139475494623184204e-01 1.072815656661987305e-01 9.709362387657165527e-01 -2.998500168323516846e-01
0.000000000000000000e+00 0.000000000000000000e+00 0.000000000000000000e+00 1.000000000000000000e+00
1.926745921373367310e-01 9.736996889114379883e-01 -1.215953454375267029e-01 4.289423674345016479e-02
-9.540064334869384766e-01 2.148823887109756470e-01 2.090378850698471069e-01 -3.903009742498397827e-02
2.296687960624694824e-01 7.572653144598007202e-02 9.703184366226196289e-01 -2.973802983760833740e-01
0.000000000000000000e+00 0.000000000000000000e+00 0.000000000000000000e+00 1.000000000000000000e+00
2.736985385417938232e-01 9.534849524497985840e-01 -1.263141483068466187e-01 4.199244081974029541e-02
-9.387872815132141113e-01 2.933973371982574463e-01 1.805435121059417725e-01 -2.822503447532653809e-02
2.092058807611465454e-01 6.916765123605728149e-02 9.754224419593811035e-01 -2.962382435798645020e-01
0.000000000000000000e+00 0.000000000000000000e+00 0.000000000000000000e+00 1.000000000000000000e+00
3.276415765285491943e-01 9.370128512382507324e-01 -1.210679709911346436e-01 3.902669250965118408e-02
-9.340329766273498535e-01 3.405291140079498291e-01 1.078079342842102051e-01 -2.364522544667124748e-03
1.422446668148040771e-01 7.775918394327163696e-02 9.867722392082214355e-01 -2.964279651641845703e-01
0.000000000000000000e+00 0.000000000000000000e+00 0.000000000000000000e+00 1.000000000000000000e+00
3.626481294631958008e-01 9.179557561874389648e-01 -1.607581377029418945e-01 4.987969249486923218e-02
-9.292989373207092285e-01 3.691478073596954346e-01 1.152639184147119522e-02 3.126162663102149963e-02
6.992421299219131470e-02 1.452123969793319702e-01 9.869264364242553711e-01 -2.922635972499847412e-01
0.000000000000000000e+00 0.000000000000000000e+00 0.000000000000000000e+00 1.000000000000000000e+00
4.045036435127258301e-01 8.978791236877441406e-01 -1.737520545721054077e-01 5.162739008665084839e-02
-9.145072102546691895e-01 3.986462056636810303e-01 -6.898005306720733643e-02 5.851032212376594543e-02
7.329778745770454407e-03 1.868001818656921387e-01 9.823708534240722656e-01 -2.870593965053558350e-01
0.000000000000000000e+00 0.000000000000000000e+00 0.000000000000000000e+00 1.000000000000000000e+00
4.540526568889617920e-01 8.673577308654785156e-01 -2.037779241800308228e-01 5.777587369084358215e-02
-8.895398378372192383e-01 4.283316135406494141e-01 -1.589044630527496338e-01 8.610469102859497070e-02
-5.054263770580291748e-02 2.534196674823760986e-01 9.660349488258361816e-01 -2.770694792270660400e-01
0.000000000000000000e+00 0.000000000000000000e+00 0.000000000000000000e+00 1.000000000000000000e+00
5.301988124847412109e-01 8.280161619186401367e-01 -1.824247092008590698e-01 4.557089507579803467e-02
-8.419098258018493652e-01 4.886656105518341064e-01 -2.288984954357147217e-01 1.052370741963386536e-01
-1.003868058323860168e-01 2.749466598033905029e-01 9.562041759490966797e-01 -2.700182199478149414e-01
0.000000000000000000e+00 0.000000000000000000e+00 0.000000000000000000e+00 1.000000000000000000e+00
5.918751358985900879e-01 7.870295643806457520e-01 -1.739796847105026245e-01 3.881562873721122742e-02
-7.942766547203063965e-01 5.327687859535217285e-01 -2.920307517051696777e-01 1.205408871173858643e-01
-1.371459811925888062e-01 3.110333681106567383e-01 9.404516220092773438e-01 -2.616646885871887207e-01
0.000000000000000000e+00 0.000000000000000000e+00 0.000000000000000000e+00 1.000000000000000000e+00
6.628218293190002441e-01 7.338890433311462402e-01 -1.485752463340759277e-01 2.546966448426246643e-02
-7.261365652084350586e-01 5.815733075141906738e-01 -3.667401671409606934e-01 1.364184916019439697e-01
-1.827393621206283569e-01 3.509688079357147217e-01 9.183821678161621094e-01 -2.506055235862731934e-01
0.000000000000000000e+00 0.000000000000000000e+00 0.000000000000000000e+00 1.000000000000000000e+00
7.292637228965759277e-01 6.695212721824645996e-01 -1.411236673593521118e-01 1.955376379191875458e-02
-6.521743535995483398e-01 6.177578568458557129e-01 -4.393665492534637451e-01 1.505704820156097412e-01
-2.069849967956542969e-01 4.124513566493988037e-01 8.871533870697021484e-01 -2.366251498460769653e-01
0.000000000000000000e+00 0.000000000000000000e+00 0.000000000000000000e+00 1.000000000000000000e+00
7.491008639335632324e-01 6.501589417457580566e-01 -1.270477026700973511e-01 1.336658559739589691e-02
-6.068867444992065430e-01 5.966359376907348633e-01 -5.250850915908813477e-01 1.703898459672927856e-01
-2.655875384807586670e-01 4.704448282718658447e-01 8.415133953094482422e-01 -2.154478430747985840e-01
0.000000000000000000e+00 0.000000000000000000e+00 0.000000000000000000e+00 1.000000000000000000e+00
7.823480367660522461e-01 6.084061264991760254e-01 -1.333167552947998047e-01 1.256056688725948334e-02
-5.397301912307739258e-01 5.554155111312866211e-01 -6.326171755790710449e-01 1.980504691600799561e-01
-3.108422458171844482e-01 5.668817162513732910e-01 7.629039883613586426e-01 -1.866070032119750977e-01
0.000000000000000000e+00 0.000000000000000000e+00 0.000000000000000000e+00 1.000000000000000000e+00
8.030432462692260742e-01 5.834181904792785645e-01 -1.214283630251884460e-01 7.487999740988016129e-03
-4.834156334400177002e-01 5.186136364936828613e-01 -7.052298784255981445e-01 2.169734984636306763e-01
-3.484696149826049805e-01 6.250304579734802246e-01 6.985026001930236816e-01 -1.632453203201293945e-01
0.000000000000000000e+00 0.000000000000000000e+00 0.000000000000000000e+00 1.000000000000000000e+00
8.327918052673339844e-01 5.401637554168701172e-01 -1.211650669574737549e-01 4.253505729138851166e-03
-4.153031706809997559e-01 4.648963510990142822e-01 -7.819170951843261719e-01 2.369674295186996460e-01
-3.660342097282409668e-01 7.014946341514587402e-01 6.114938259124755859e-01 -1.384653300046920776e-01
0.000000000000000000e+00 0.000000000000000000e+00 0.000000000000000000e+00 1.000000000000000000e+00
8.659780621528625488e-01 4.918810725212097168e-01 -9.019532799720764160e-02 -6.518830545246601105e-03
-3.338492512702941895e-01 4.343523383140563965e-01 -8.365898728370666504e-01 2.500319182872772217e-01
-3.723261952400207520e-01 7.545802593231201172e-01 5.403536558151245117e-01 -1.200824305415153503e-01
0.000000000000000000e+00 0.000000000000000000e+00 0.000000000000000000e+00 1.000000000000000000e+00
8.801473379135131836e-01 4.708146750926971436e-01 -6.061791256070137024e-02 -1.454833708703517914e-02
-2.461067587137222290e-01 3.433783352375030518e-01 -9.063785672187805176e-01 2.639974057674407959e-01
-4.059214293956756592e-01 8.126652836799621582e-01 4.180943667888641357e-01 -8.613780140876770020e-02
0.000000000000000000e+00 0.000000000000000000e+00 0.000000000000000000e+00 1.000000000000000000e+00
8.515507578849792480e-01 5.238481760025024414e-01 -2.106816507875919342e-02 -2.912310324609279633e-02
-1.037558838725090027e-01 1.289992034435272217e-01 -9.862015247344970703e-01 2.825720906257629395e-01
-5.139024853706359863e-01 8.419868946075439453e-01 1.642016172409057617e-01 -1.404206454753875732e-02
0.000000000000000000e+00 0.000000000000000000e+00 0.000000000000000000e+00 1.000000000000000000e+00
8.603799343109130859e-01 5.085371732711791992e-01 -3.369900956749916077e-02 -2.475347742438316345e-02
-1.037101224064826965e-01 1.099590212106704712e-01 -9.885101914405822754e-01 2.829314470291137695e-01
-4.989889860153198242e-01 8.539898991584777832e-01 1.473470181226730347e-01 -1.597385480999946594e-02
0.000000000000000000e+00 0.000000000000000000e+00 0.000000000000000000e+00 1.000000000000000000e+00
8.148027658462524414e-01 5.793143510818481445e-01 -2.217112481594085693e-02 -2.299745939671993256e-02
-1.123382151126861572e-01 1.202537268400192261e-01 -9.863666892051696777e-01 2.827754914760589600e-01
-5.687500238418579102e-01 8.061845302581787109e-01 1.630621403455734253e-01 -1.885241083800792694e-02
0.000000000000000000e+00 0.000000000000000000e+00 0.000000000000000000e+00 1.000000000000000000e+00
7.964582443237304688e-01 6.026977896690368652e-01 -4.909588396549224854e-02 -1.529640052467584610e-02
-2.429819852113723755e-01 2.446330785751342773e-01 -9.386770725250244141e-01 2.748640775680541992e-01
-5.537276268005371094e-01 7.595464587211608887e-01 3.412845730781555176e-01 -5.947611480951309204e-02
0.000000000000000000e+00 0.000000000000000000e+00 0.000000000000000000e+00 1.000000000000000000e+00
8.162649869918823242e-01 5.731286406517028809e-01 -7.235451042652130127e-02 -9.372768923640251160e-03
-3.044904172420501709e-01 3.204214572906494141e-01 -8.970038294792175293e-01 2.657625973224639893e-01
-4.909143149852752686e-01 7.542238831520080566e-01 4.360607862472534180e-01 -8.718624711036682129e-02
0.000000000000000000e+00 0.000000000000000000e+00 0.000000000000000000e+00 1.000000000000000000e+00
8.004407882690429688e-01 5.930562615394592285e-01 -8.705740422010421753e-02 -5.569783505052328110e-03
-3.680841028690338135e-01 3.716905713081359863e-01 -8.522674441337585449e-01 2.564405202865600586e-01
-4.730841219425201416e-01 7.142344713211059570e-01 5.158110857009887695e-01 -1.098036840558052063e-01
0.000000000000000000e+00 0.000000000000000000e+00 0.000000000000000000e+00 1.000000000000000000e+00
8.262790441513061523e-01 5.591284632682800293e-01 -6.810580193996429443e-02 -1.661557331681251526e-02
-4.548900425434112549e-01 5.911013484001159668e-01 -6.660887598991394043e-01 2.166329473257064819e-01
-3.321718275547027588e-01 5.813558697700500488e-01 7.427564859390258789e-01 -1.802022308111190796e-01
0.000000000000000000e+00 0.000000000000000000e+00 0.000000000000000000e+00 1.000000000000000000e+00
8.283113837242126465e-01 5.587797760963439941e-01 -4.080790653824806213e-02 -2.556724287569522858e-02
-4.676326513290405273e-01 6.494053602218627930e-01 -5.996601581573486328e-01 1.972556114196777344e-01
-3.085772395133972168e-01 5.157883763313293457e-01 7.992133498191833496e-01 -1.977423280477523804e-01
0.000000000000000000e+00 0.000000000000000000e+00 0.000000000000000000e+00 1.000000000000000000e+00
8.494737148284912109e-01 5.256777405738830566e-01 -4.534888640046119690e-02 -2.474855072796344757e-02
-4.660021960735321045e-01 7.071678638458251953e-01 -5.317476987838745117e-01 1.766200661659240723e-01
-2.474589794874191284e-01 4.728384613990783691e-01 8.456878662109375000e-01 -2.133347690105438232e-01
0.000000000000000000e+00 0.000000000000000000e+00 0.000000000000000000e+00 1.000000000000000000e+00
8.686519265174865723e-01 4.953741133213043213e-01 -6.969741079956293106e-03 -3.434666246175765991e-02
-4.583848118782043457e-01 7.982937097549438477e-01 -3.906534612178802490e-01 1.357048153877258301e-01
-1.879558861255645752e-01 3.425366580486297607e-01 9.205114245414733887e-01 -2.362986207008361816e-01
0.000000000000000000e+00 0.000000000000000000e+00 0.000000000000000000e+00 1.000000000000000000e+00
8.771893382072448730e-01 4.801207482814788818e-01 -4.785961471498012543e-03 -3.367390856146812439e-02
-4.651255011558532715e-01 8.472346663475036621e-01 -2.566159963607788086e-01 9.834402054548263550e-02
-1.191519349813461304e-01 2.273270487785339355e-01 9.665015339851379395e-01 -2.519224882125854492e-01
0.000000000000000000e+00 0.000000000000000000e+00 0.000000000000000000e+00 1.000000000000000000e+00
8.769621849060058594e-01 4.805506467819213867e-01 -2.903548767790198326e-03 -3.014593198895454407e-02
-4.801319837570190430e-01 8.759108185768127441e-01 -4.746454581618309021e-02 3.970217704772949219e-02
-2.026588842272758484e-02 4.301868751645088196e-02 9.988683462142944336e-01 -2.654578685760498047e-01
0.000000000000000000e+00 0.000000000000000000e+00 0.000000000000000000e+00 1.000000000000000000e+00
8.865910172462463379e-01 4.625533521175384521e-01 4.258701810613274574e-04 -2.951012179255485535e-02
-4.620424509048461914e-01 8.855678439140319824e-01 4.781401157379150391e-02 1.147196162492036819e-02
2.173939533531665802e-02 -4.258826747536659241e-02 9.988561868667602539e-01 -2.681674957275390625e-01
0.000000000000000000e+00 0.000000000000000000e+00 0.000000000000000000e+00 1.000000000000000000e+00
8.950148224830627441e-01 4.459731280803680420e-01 7.493506651371717453e-03 -3.090891242027282715e-02
-4.418505132198333740e-01 8.841950297355651855e-01 1.515490412712097168e-01 -2.110441029071807861e-02
6.096114963293075562e-02 -1.389496475458145142e-01 9.884214997291564941e-01 -2.668639719486236572e-01
0.000000000000000000e+00 0.000000000000000000e+00 0.000000000000000000e+00 1.000000000000000000e+00
8.985291123390197754e-01 4.389001131057739258e-01 3.572875401005148888e-03 -2.973625436425209045e-02
-4.250090420246124268e-01 8.679999709129333496e-01 2.567949891090393066e-01 -5.414287000894546509e-02
1.096060127019882202e-01 -2.322559803724288940e-01 9.664593935012817383e-01 -2.625700831413269043e-01
0.000000000000000000e+00 0.000000000000000000e+00 0.000000000000000000e+00 1.000000000000000000e+00
9.026478528976440430e-01 4.303752183914184570e-01 -2.103460254147648811e-03 -2.780498191714286804e-02
-3.986075222492218018e-01 8.378416895866394043e-01 3.730050325393676758e-01 -9.252027422189712524e-02
1.622945219278335571e-01 -3.358535468578338623e-01 9.278269410133361816e-01 -2.526240050792694092e-01
0.000000000000000000e+00 0.000000000000000000e+00 0.000000000000000000e+00 1.000000000000000000e+00
9.062523245811462402e-01 4.227309823036193848e-01 -2.101649530231952667e-03 -2.918959036469459534e-02
-3.748629093170166016e-01 8.059107065200805664e-01 4.582413733005523682e-01 -1.204789727926254272e-01
1.954068690538406372e-01 -4.144947826862335205e-01 8.888252377510070801e-01 -2.432483285665512085e-01
0.000000000000000000e+00 0.000000000000000000e+00 0.000000000000000000e+00 1.000000000000000000e+00
9.181480407714843750e-01 3.962291777133941650e-01 2.483096672222018242e-03 -3.339472040534019470e-02
-3.320139050483703613e-01 7.658967375755310059e-01 5.506073832511901855e-01 -1.513842493295669556e-01
2.162651717662811279e-01 -5.063636302947998047e-01 8.347605466842651367e-01 -2.298592478036880493e-01
0.000000000000000000e+00 0.000000000000000000e+00 0.000000000000000000e+00 1.000000000000000000e+00
9.131617546081542969e-01 4.068325161933898926e-01 2.495037764310836792e-02 -4.105988889932632446e-02
-3.299635946750640869e-01 7.019127607345581055e-01 6.312226653099060059e-01 -1.758911013603210449e-01
2.392891496419906616e-01 -5.846410393714904785e-01 7.751998305320739746e-01 -2.153625339269638062e-01
0.000000000000000000e+00 0.000000000000000000e+00 0.000000000000000000e+00 1.000000000000000000e+00
9.209243059158325195e-01 3.878533244132995605e-01 3.831909969449043274e-02 -4.711277410387992859e-02
-2.923947572708129883e-01 6.225478649139404297e-01 7.259061336517333984e-01 -2.061237990856170654e-01
2.576896548271179199e-01 -6.797088980674743652e-01 6.867257356643676758e-01 -1.907628178596496582e-01
0.000000000000000000e+00 0.000000000000000000e+00 0.000000000000000000e+00 1.000000000000000000e+00
9.298962354660034180e-01 3.631163537502288818e-01 5.863824486732482910e-02 -5.483762174844741821e-02
-2.641216516494750977e-01 5.482415556907653809e-01 7.935180068016052246e-01 -2.284091264009475708e-01
2.559914886951446533e-01 -7.533776164054870605e-01 6.057150959968566895e-01 -1.661801338195800781e-01
0.000000000000000000e+00 0.000000000000000000e+00 0.000000000000000000e+00 1.000000000000000000e+00
9.397252798080444336e-01 3.378202021121978760e-01 5.285605788230895996e-02 -5.515154823660850525e-02
-2.194045633077621460e-01 4.771791994571685791e-01 8.509767651557922363e-01 -2.483144104480743408e-01
2.622554302215576172e-01 -8.112812638282775879e-01 5.225366353988647461e-01 -1.423645615577697754e-01
0.000000000000000000e+00 0.000000000000000000e+00 0.000000000000000000e+00 1.000000000000000000e+00
9.509472250938415527e-01 3.035905063152313232e-01 5.943130701780319214e-02 -6.005625054240226746e-02
-1.858465969562530518e-01 4.070660769939422607e-01 8.942919969558715820e-01 -2.626700401306152344e-01
2.473060935735702515e-01 -8.614696264266967773e-01 4.435196816921234131e-01 -1.201484128832817078e-01
0.000000000000000000e+00 0.000000000000000000e+00 0.000000000000000000e+00 1.000000000000000000e+00
9.614070653915405273e-01 2.696334123611450195e-01 5.471979454159736633e-02 -6.135632097721099854e-02
-1.521076411008834839e-01 3.551749289035797119e-01 9.223415255546569824e-01 -2.733038365840911865e-01
2.292590439319610596e-01 -8.950690031051635742e-01 3.824809789657592773e-01 -1.012477576732635498e-01
0.000000000000000000e+00 0.000000000000000000e+00 0.000000000000000000e+00 1.000000000000000000e+00
9.687303900718688965e-01 2.413063794374465942e-01 5.772877112030982971e-02 -6.482360512018203735e-02
-1.263114959001541138e-01 2.793679237365722656e-01 9.518396258354187012e-01 -2.875829339027404785e-01
2.135574370622634888e-01 -9.293678402900695801e-01 3.011120259761810303e-01 -7.279185950756072998e-02
0.000000000000000000e+00 0.000000000000000000e+00 0.000000000000000000e+00 1.000000000000000000e+00
9.806794524192810059e-01 1.885480284690856934e-01 5.212837085127830505e-02 -6.633462011814117432e-02
-8.843851089477539062e-02 1.896356493234634399e-01 9.778633117675781250e-01 -2.995407283306121826e-01
1.744888424873352051e-01 -9.635806083679199219e-01 2.026466727256774902e-01 -3.703333064913749695e-02
0.000000000000000000e+00 0.000000000000000000e+00 0.000000000000000000e+00 1.000000000000000000e+00
9.961561560630798340e-01 8.756667375564575195e-02 2.234730636700987816e-03 -5.390155315399169922e-02
-1.379636209458112717e-02 1.316514015197753906e-01 9.911999106407165527e-01 -3.060283362865447998e-01
8.650188893079757690e-02 -9.874207377433776855e-01 1.323534846305847168e-01 -1.527306716889142990e-02
0.000000000000000000e+00 0.000000000000000000e+00 0.000000000000000000e+00 1.000000000000000000e+00
9.965433478355407715e-01 8.288671821355819702e-02 -5.570802371948957443e-03 -5.302813649177551270e-02
-1.484550442546606064e-02 2.436634153127670288e-01 9.697462320327758789e-01 -3.007979393005371094e-01
8.173648267984390259e-02 -9.663114547729492188e-01 2.440516650676727295e-01 -5.136212706565856934e-02
0.000000000000000000e+00 0.000000000000000000e+00 0.000000000000000000e+00 1.000000000000000000e+00
9.984414577484130859e-01 1.936952583491802216e-02 -5.233975499868392944e-02 -3.707998245954513550e-02
4.441184550523757935e-02 2.921744585037231445e-01 9.553332924842834473e-01 -3.075806796550750732e-01
3.379669040441513062e-02 -9.561688303947448730e-01 2.908588945865631104e-01 -6.391999870538711548e-02
0.000000000000000000e+00 0.000000000000000000e+00 0.000000000000000000e+00 1.000000000000000000e+00
9.890368580818176270e-01 -5.769879370927810669e-02 -1.359299719333648682e-01 -4.712983965873718262e-03
1.466437429189682007e-01 2.754862010478973389e-01 9.500541090965270996e-01 -3.179512917995452881e-01
-1.737016253173351288e-02 -9.595718383789062500e-01 2.809271216392517090e-01 -5.832039937376976013e-02
0.000000000000000000e+00 0.000000000000000000e+00 0.000000000000000000e+00 1.000000000000000000e+00
9.693956375122070312e-01 -8.089721202850341797e-02 -2.317921668291091919e-01 2.796575240790843964e-02
2.449534237384796143e-01 2.555472850799560547e-01 9.352504611015319824e-01 -3.226777911186218262e-01
-1.642528735101222992e-02 -9.634061455726623535e-01 2.675424516201019287e-01 -5.241061747074127197e-02
0.000000000000000000e+00 0.000000000000000000e+00 0.000000000000000000e+00 1.000000000000000000e+00
9.770706295967102051e-01 3.625998506322503090e-03 -2.128845900297164917e-01 1.794621907174587250e-02
2.013751268386840820e-01 3.089690506458282471e-01 9.295084476470947266e-01 -3.196795284748077393e-01
6.914511322975158691e-02 -9.510651230812072754e-01 3.011543750762939453e-01 -6.947746127843856812e-02
0.000000000000000000e+00 0.000000000000000000e+00 0.000000000000000000e+00 1.000000000000000000e+00
9.876267910003662109e-01 1.138850897550582886e-01 -1.078121364116668701e-01 -2.159519121050834656e-02
5.842402949929237366e-02 3.707903623580932617e-01 9.268769621849060059e-01 -3.113939166069030762e-01
1.455331742763519287e-01 -9.217073917388916016e-01 3.595488667488098145e-01 -9.932070225477218628e-02
0.000000000000000000e+00 0.000000000000000000e+00 0.000000000000000000e+00 1.000000000000000000e+00
9.816356301307678223e-01 1.895912289619445801e-01 -2.113424986600875854e-02 -5.203780531883239746e-02
-3.950640186667442322e-02 3.104242980480194092e-01 9.497767686843872070e-01 -3.131613135337829590e-01
1.866299360990524292e-01 -9.314997196197509766e-01 3.122136294841766357e-01 -8.774024248123168945e-02
0.000000000000000000e+00 0.000000000000000000e+00 0.000000000000000000e+00 1.000000000000000000e+00
9.252663850784301758e-01 3.683285117149353027e-01 9.063981473445892334e-02 -8.720355480909347534e-02
-2.190320491790771484e-01 3.237145245075225830e-01 9.204530715942382812e-01 -2.937862575054168701e-01
3.096877932548522949e-01 -8.715174794197082520e-01 3.801979124546051025e-01 -1.204731687903404236e-01
0.000000000000000000e+00 0.000000000000000000e+00 0.000000000000000000e+00 1.000000000000000000e+00
8.805540800094604492e-01 4.644937813282012939e-01 9.417966753244400024e-02 -8.660557866096496582e-02
-2.776669561862945557e-01 3.445561528205871582e-01 8.967621326446533203e-01 -2.823311388492584229e-01
3.840903341770172119e-01 -8.157985210418701172e-01 4.323747754096984863e-01 -1.457146406173706055e-01
0.000000000000000000e+00 0.000000000000000000e+00 0.000000000000000000e+00 1.000000000000000000e+00
8.415358066558837891e-01 5.359457135200500488e-01 6.768292933702468872e-02 -7.590205967426300049e-02
-3.354005217552185059e-01 4.201579689979553223e-01 8.431929945945739746e-01 -2.616164684295654297e-01
4.234674572944641113e-01 -7.322771549224853516e-01 5.333340764045715332e-01 -1.826955080032348633e-01
0.000000000000000000e+00 0.000000000000000000e+00 0.000000000000000000e+00 1.000000000000000000e+00
8.086153864860534668e-01 5.861241817474365234e-01 5.097319558262825012e-02 -6.835938245058059692e-02
-4.192140102386474609e-01 5.132164359092712402e-01 7.489112019538879395e-01 -2.252248972654342651e-01
4.127951264381408691e-01 -6.269501447677612305e-01 6.607067584991455078e-01 -2.247036695480346680e-01
0.000000000000000000e+00 0.000000000000000000e+00 0.000000000000000000e+00 1.000000000000000000e+00
7.775827646255493164e-01 6.282325983047485352e-01 2.624362893402576447e-02 -5.889141559600830078e-02
-5.023390054702758789e-01 5.955745577812194824e-01 6.268541812896728516e-01 -1.788387894630432129e-01
3.781802058219909668e-01 -5.006140470504760742e-01 7.786938548088073730e-01 -2.614650726318359375e-01
0.000000000000000000e+00 0.000000000000000000e+00 0.000000000000000000e+00 1.000000000000000000e+00
7.550326585769653320e-01 6.554076671600341797e-01 1.914370805025100708e-02 -5.512769147753715515e-02
-5.636565089225769043e-01 6.338654756546020508e-01 5.296277403831481934e-01 -1.426368504762649536e-01
3.349874615669250488e-01 -4.106765389442443848e-01 8.480136394500732422e-01 -2.820587456226348877e-01
0.000000000000000000e+00 0.000000000000000000e+00 0.000000000000000000e+00 1.000000000000000000e+00
6.560221314430236816e-01 7.544806599617004395e-01 1.983889751136302948e-02 -4.875584691762924194e-02
-6.755838394165039062e-01 5.752964615821838379e-01 4.611085355281829834e-01 -1.120613813400268555e-01
3.364843726158142090e-01 -3.159000277519226074e-01 8.871222138404846191e-01 -2.966206967830657959e-01
0.000000000000000000e+00 0.000000000000000000e+00 0.000000000000000000e+00 1.000000000000000000e+00
5.879924893379211426e-01 8.087720870971679688e-01 -1.235499884933233261e-02 -3.284915909171104431e-02
-7.395611405372619629e-01 5.437353849411010742e-01 3.967377543449401855e-01 -8.565677702426910400e-02
3.275884985923767090e-01 -2.241415679454803467e-01 9.178492426872253418e-01 -3.078059852123260498e-01
0.000000000000000000e+00 0.000000000000000000e+00 0.000000000000000000e+00 1.000000000000000000e+00
5.414403080940246582e-01 8.393547534942626953e-01 -4.822819307446479797e-02 -1.693678088486194611e-02
-7.834765315055847168e-01 5.245406031608581543e-01 3.331992030143737793e-01 -6.037330254912376404e-02
3.049701750278472900e-01 -1.426218748092651367e-01 9.416225552558898926e-01 -3.144484460353851318e-01
0.000000000000000000e+00 0.000000000000000000e+00 0.000000000000000000e+00 1.000000000000000000e+00
5.062152147293090820e-01 8.542490005493164062e-01 -1.183404698967933655e-01 9.464513510465621948e-03
-8.172097206115722656e-01 5.189877748489379883e-01 2.506388127803802490e-01 -3.017863258719444275e-02
2.755253612995147705e-01 -3.016824834048748016e-02 9.608203768730163574e-01 -3.197042942047119141e-01
0.000000000000000000e+00 0.000000000000000000e+00 0.000000000000000000e+00 1.000000000000000000e+00
4.385018348693847656e-01 8.844287395477294922e-01 -1.596931517124176025e-01 2.933887019753456116e-02
-8.592239618301391602e-01 4.646584093570709229e-01 2.140720933675765991e-01 -1.428677607327699661e-02
2.635342478752136230e-01 4.334125667810440063e-02 9.636759757995605469e-01 -3.201861977577209473e-01
0.000000000000000000e+00 0.000000000000000000e+00 0.000000000000000000e+00 1.000000000000000000e+00
3.617400825023651123e-01 8.968676924705505371e-01 -2.545034587383270264e-01 6.737767904996871948e-02
-8.924916982650756836e-01 4.120483696460723877e-01 1.835058033466339111e-01 -1.675436738878488541e-03
2.694483101367950439e-01 1.607610285282135010e-01 9.495015740394592285e-01 -3.155280649662017822e-01
0.000000000000000000e+00 0.000000000000000000e+00 0.000000000000000000e+00 1.000000000000000000e+00
2.936352491378784180e-01 8.858388066291809082e-01 -3.592598140239715576e-01 1.069672703742980957e-01
-9.133594632148742676e-01 3.708854913711547852e-01 1.679850667715072632e-01 5.186793860048055649e-03
2.820518612861633301e-01 2.788068950176239014e-01 9.179941415786743164e-01 -3.061277568340301514e-01
0.000000000000000000e+00 0.000000000000000000e+00 0.000000000000000000e+00 1.000000000000000000e+00
2.683569788932800293e-01 8.564435243606567383e-01 -4.410088062286376953e-01 1.351652145385742188e-01
-9.339593648910522461e-01 3.434751331806182861e-01 9.871107339859008789e-02 3.003373555839061737e-02
2.360159903764724731e-01 3.853945732116699219e-01 8.920578956604003906e-01 -2.938539385795593262e-01
0.000000000000000000e+00 0.000000000000000000e+00 0.000000000000000000e+00 1.000000000000000000e+00
1.789615452289581299e-01 7.820275425910949707e-01 -5.969968438148498535e-01 1.923789680004119873e-01
-9.618061780929565430e-01 2.668065428733825684e-01 6.117910891771316528e-02 4.300305247306823730e-02
2.071265578269958496e-01 5.632466077804565430e-01 7.999076247215270996e-01 -2.617930769920349121e-01
0.000000000000000000e+00 0.000000000000000000e+00 0.000000000000000000e+00 1.000000000000000000e+00
1.389640867710113525e-01 6.796527504920959473e-01 -7.202507257461547852e-01 2.354132235050201416e-01
-9.736133813858032227e-01 2.267087101936340332e-01 2.608253248035907745e-02 5.505540966987609863e-02
1.810140907764434814e-01 6.976210474967956543e-01 6.932233572006225586e-01 -2.257208526134490967e-01
0.000000000000000000e+00 0.000000000000000000e+00 0.000000000000000000e+00 1.000000000000000000e+00
1.097592711448669434e-01 5.750862360000610352e-01 -8.106963634490966797e-01 2.662483751773834229e-01
-9.839770793914794922e-01 1.781665533781051636e-01 -6.832964252680540085e-03 6.605992466211318970e-02
1.405093222856521606e-01 7.984561920166015625e-01 5.854266285896301270e-01 -1.882248222827911377e-01
0.000000000000000000e+00 0.000000000000000000e+00 0.000000000000000000e+00 1.000000000000000000e+00
7.936555892229080200e-02 5.040282607078552246e-01 -8.600327372550964355e-01 2.843439877033233643e-01
-9.906007647514343262e-01 1.362990289926528931e-01 -1.153550948947668076e-02 6.852206587791442871e-02
1.114073097705841064e-01 8.528645038604736328e-01 5.101087093353271484e-01 -1.621430814266204834e-01
0.000000000000000000e+00 0.000000000000000000e+00 0.000000000000000000e+00 1.000000000000000000e+00
1.561014503240585327e-01 5.163895487785339355e-01 -8.420060873031616211e-01 2.716529965400695801e-01
-9.874423742294311523e-01 1.025521755218505859e-01 -1.201704442501068115e-01 1.038030460476875305e-01
2.429473958909511566e-02 8.501907587051391602e-01 5.259132981300354004e-01 -1.606068164110183716e-01
0.000000000000000000e+00 0.000000000000000000e+00 0.000000000000000000e+00 1.000000000000000000e+00
2.616241872310638428e-01 5.791587233543395996e-01 -7.720928788185119629e-01 2.417775094509124756e-01
-9.602623581886291504e-01 7.562600076198577881e-02 -2.686572372913360596e-01 1.496374011039733887e-01
-9.720492362976074219e-02 8.116996884346008301e-01 5.759301781654357910e-01 -1.660498827695846558e-01
0.000000000000000000e+00 0.000000000000000000e+00 0.000000000000000000e+00 1.000000000000000000e+00
3.221962451934814453e-01 6.234331130981445312e-01 -7.124050259590148926e-01 2.192693650722503662e-01
-9.281360507011413574e-01 5.983616411685943604e-02 -3.674009740352630615e-01 1.784310489892959595e-01
-1.864220798015594482e-01 7.795835137367248535e-01 5.979091525077819824e-01 -1.664752811193466187e-01
0.000000000000000000e+00 0.000000000000000000e+00 0.000000000000000000e+00 1.000000000000000000e+00
3.667742908000946045e-01 6.418514847755432129e-01 -6.734264492988586426e-01 2.035330981016159058e-01
-8.896068334579467773e-01 3.020386025309562683e-02 -4.557268619537353516e-01 2.029258310794830322e-01
-2.721689343452453613e-01 7.662338614463806152e-01 5.820735692977905273e-01 -1.543727517127990723e-01
0.000000000000000000e+00 0.000000000000000000e+00 0.000000000000000000e+00 1.000000000000000000e+00
4.176782667636871338e-01 6.477413177490234375e-01 -6.371623873710632324e-01 1.872780174016952515e-01
-8.392685055732727051e-01 6.379011087119579315e-03 -5.436800718307495117e-01 2.262457162141799927e-01
-3.480993509292602539e-01 7.618338465690612793e-01 5.462935566902160645e-01 -1.361164152622222900e-01
0.000000000000000000e+00 0.000000000000000000e+00 0.000000000000000000e+00 1.000000000000000000e+00
5.194973945617675781e-01 6.431398987770080566e-01 -5.625778436660766602e-01 1.574965715408325195e-01
-7.345351576805114746e-01 -2.484802680555731058e-04 -6.785706281661987305e-01 2.578352093696594238e-01
-4.365554451942443848e-01 7.657490372657775879e-01 4.722795486450195312e-01 -1.023798435926437378e-01
0.000000000000000000e+00 0.000000000000000000e+00 0.000000000000000000e+00 1.000000000000000000e+00
6.255852580070495605e-01 6.820729374885559082e-01 -3.787069916725158691e-01 9.177980571985244751e-02
-5.794813036918640137e-01 8.124010264873504639e-02 -8.109263777732849121e-01 2.906563580036163330e-01
-5.223447084426879883e-01 7.267574667930603027e-01 4.460712075233459473e-01 -8.644777536392211914e-02
0.000000000000000000e+00 0.000000000000000000e+00 0.000000000000000000e+00 1.000000000000000000e+00
6.426334381103515625e-01 7.162692546844482422e-01 -2.719945013523101807e-01 6.023658812046051025e-02
-4.977672994136810303e-01 1.204346939921379089e-01 -8.589083552360534668e-01 3.000363707542419434e-01
-5.824517011642456055e-01 6.873530149459838867e-01 4.339306652545928955e-01 -7.813837379217147827e-02
0.000000000000000000e+00 0.000000000000000000e+00 0.000000000000000000e+00 1.000000000000000000e+00
5.985741019248962402e-01 7.780233025550842285e-01 -1.907576620578765869e-01 4.221982881426811218e-02
-3.957017362117767334e-01 8.012218773365020752e-02 -9.148773550987243652e-01 3.108366727828979492e-01
-6.965121030807495117e-01 6.231051087379455566e-01 3.558242917060852051e-01 -5.140951648354530334e-02
0.000000000000000000e+00 0.000000000000000000e+00 0.000000000000000000e+00 1.000000000000000000e+00
4.185630381107330322e-01 9.066056013107299805e-01 -5.357642099261283875e-02 1.677154749631881714e-02
-2.257310450077056885e-01 4.671182855963706970e-02 -9.730691313743591309e-01 3.190122544765472412e-01
-8.796876668930053711e-01 4.193845689296722412e-01 2.242010533809661865e-01 -9.613470174372196198e-03
0.000000000000000000e+00 0.000000000000000000e+00 0.000000000000000000e+00 1.000000000000000000e+00
3.008590638637542725e-01 9.487503170967102051e-01 9.673305600881576538e-02 -2.643590420484542847e-02
-2.660344541072845459e-01 1.809004545211791992e-01 -9.468373656272888184e-01 3.201285004615783691e-01
-9.158111214637756348e-01 2.591300010681152344e-01 3.068257570266723633e-01 -4.167205840349197388e-02
0.000000000000000000e+00 0.000000000000000000e+00 0.000000000000000000e+00 1.000000000000000000e+00
2.965638041496276855e-01 9.547967910766601562e-01 -2.033255621790885925e-02 1.331192813813686371e-02
-3.757075071334838867e-01 9.706980735063552856e-02 -9.216404557228088379e-01 3.138560056686401367e-01
-8.780057430267333984e-01 2.809644341468811035e-01 3.875119090080261230e-01 -6.670015305280685425e-02
0.000000000000000000e+00 0.000000000000000000e+00 0.000000000000000000e+00 1.000000000000000000e+00
2.747628986835479736e-01 9.610569477081298828e-01 -2.958949469029903412e-02 2.181057445704936981e-02
-4.709085226058959961e-01 1.076732203364372253e-01 -8.755864500999450684e-01 3.032667040824890137e-01
-8.383021950721740723e-01 2.545125186443328857e-01 4.821542799472808838e-01 -9.993093460798263550e-02
0.000000000000000000e+00 0.000000000000000000e+00 0.000000000000000000e+00 1.000000000000000000e+00
1.669375449419021606e-01 9.845756292343139648e-01 -5.237043276429176331e-02 3.376682847738265991e-02
-4.829712510108947754e-01 3.535119444131851196e-02 -8.749222755432128906e-01 3.025986552238464355e-01
-8.595759868621826172e-01 1.713507175445556641e-01 4.814230203628540039e-01 -1.007634848356246948e-01
0.000000000000000000e+00 0.000000000000000000e+00 0.000000000000000000e+00 1.000000000000000000e+00
5.505627766251564026e-02 9.980448484420776367e-01 -2.957775630056858063e-02 3.168716654181480408e-02
-4.782014191150665283e-01 3.520351019687950611e-04 -8.782499432563781738e-01 3.042741715908050537e-01
-8.765226006507873535e-01 6.249729543924331665e-02 4.772859215736389160e-01 -1.027736291289329529e-01
