-0.2833618819713593 0.4052493870258331 -0.8691827058792114 0.3276571333408356 
0.5634140372276306 0.8037753105163574 0.1910751610994339 -0.07162617892026901 
0.7760607600212097 -0.4355663955211639 -0.4560825526714325 0.1942409127950668 
0 0 0 1 

-0.4285913705825806 0.3207824230194092 -0.8446346521377563 0.317720353603363 
0.4641202986240387 0.8802449107170105 0.09879901260137558 -0.03314841166138649 
0.7751783728599548 -0.3496677279472351 -0.5261470079421997 0.2189067304134369 
0 0 0 1 

-0.5048875212669373 0.2393584698438644 -0.829334557056427 0.309244841337204 
0.4020298421382904 0.91541987657547 0.01945363916456699 -0.003979618195444345 
0.7638457417488098 -0.3235953152179718 -0.5584133863449097 0.2275725454092026 
0 0 0 1 

-0.5524827837944031 0.1583566665649414 -0.8183433413505554 0.3006204068660736 
0.3740581274032593 0.9244769215583801 -0.07364100217819214 0.02695930190384388 
0.7448779940605164 -0.3467933833599091 -0.5699922442436218 0.2289599031209946 
0 0 0 1 

-0.6167058944702148 0.09597545862197876 -0.7813208103179932 0.2828813493251801 
0.310255378484726 0.9418333172798157 -0.1291959434747696 0.04558884724974632 
0.7234743237495422 -0.3220849335193634 -0.6106111407279968 0.2427724450826645 
0 0 0 1 

-0.7084224820137024 0.003819299628958106 -0.7057780027389526 0.2547237575054169 
0.203211709856987 0.958743691444397 -0.1987849622964859 0.06890345364809036 
0.6759009957313538 -0.2842461466789246 -0.6799716949462891 0.2668641209602356 
0 0 0 1 

-0.7598697543144226 -0.06493464112281799 -0.6468238830566406 0.2332119792699814 
0.109290823340416 0.9680757522583008 -0.2255768030881882 0.07821854203939438 
0.6408222317695618 -0.2421009391546249 -0.7285147309303284 0.2821630239486694 
0 0 0 1 

-0.7528859376907349 -0.1645199209451675 -0.6372565031051636 0.2251825928688049 
-0.0194582249969244 0.9733937382698059 -0.2283112555742264 0.08018306642770767 
0.6578632593154907 -0.1594924479722977 -0.7360557317733765 0.2816901803016663 
0 0 0 1 

-0.7943587899208069 -0.1855040490627289 -0.5784307718276978 0.2079220861196518 
-0.0678781270980835 0.9733731150627136 -0.2189459055662155 0.07616087794303894 
0.6036443114280701 -0.1346588283777237 -0.7857990264892578 0.299733966588974 
0 0 0 1 

-0.7934873700141907 -0.1838071197271347 -0.5801663994789124 0.2078405618667603 
-0.0704544261097908 0.9746349453926086 -0.2124220430850983 0.07342275977134705 
0.6044949293136597 -0.1276789158582687 -0.7863103151321411 0.2998692989349365 
0 0 0 1 

