1.000000000000000000e+00 0.000000000000000000e+00 0.000000000000000000e+00 -1.792658120393753052e-02
0.000000000000000000e+00 1.000000000000000000e+00 0.000000000000000000e+00 2.243540808558464050e-02
0.000000000000000000e+00 0.000000000000000000e+00 1.000000000000000000e+00 -3.816788792610168457e-01
0.000000000000000000e+00 0.000000000000000000e+00 0.000000000000000000e+00 1.000000000000000000e+00
9.940298199653625488e-01 5.263405665755271912e-02 -9.557273238897323608e-02 2.242378145456314087e-02
-5.438018217682838440e-02 9.983956813812255859e-01 -1.575647480785846710e-02 2.497266605496406555e-02
9.459006786346435547e-02 2.085971459746360779e-02 9.952974319458007812e-01 -3.790852725505828857e-01
0.000000000000000000e+00 0.000000000000000000e+00 0.000000000000000000e+00 1.000000000000000000e+00
9.674968123435974121e-01 6.853313744068145752e-02 -2.434192150831222534e-01 8.254837244749069214e-02
-7.502650469541549683e-02 9.970280528068542480e-01 -1.749423332512378693e-02 2.660933509469032288e-02
2.414968460798263550e-01 3.518856316804885864e-02 9.697632789611816406e-01 -3.680842220783233643e-01
0.000000000000000000e+00 0.000000000000000000e+00 0.000000000000000000e+00 1.000000000000000000e+00
9.986083507537841797e-01 4.798655584454536438e-02 -2.188552916049957275e-02 -6.103055085986852646e-03
-4.779739677906036377e-02 9.988155961036682129e-01 9.085344150662422180e-03 1.658805646002292633e-02
2.229559794068336487e-02 -8.026679046452045441e-03 9.997194409370422363e-01 -3.690251111984252930e-01
0.000000000000000000e+00 0.000000000000000000e+00 0.000000000000000000e+00 1.000000000000000000e+00
9.910713434219360352e-01 5.684026330709457397e-02 -1.206087544560432434e-01 3.493566811084747314e-02
-5.285782739520072937e-02 9.979544878005981445e-01 3.596794977784156799e-02 9.044254198670387268e-03
1.224064230918884277e-01 -2.927159331738948822e-02 9.920481443405151367e-01 -3.663199841976165771e-01
0.000000000000000000e+00 0.000000000000000000e+00 0.000000000000000000e+00 1.000000000000000000e+00
-3.223884999752044678e-01 8.355534821748733521e-02 -9.429125785827636719e-01 3.970493376255035400e-01
-4.141598194837570190e-02 9.938975572586059570e-01 1.022338122129440308e-01 -1.268512289971113205e-02
9.457010030746459961e-01 7.201065868139266968e-02 -3.169607222080230713e-01 1.285868436098098755e-01
0.000000000000000000e+00 0.000000000000000000e+00 0.000000000000000000e+00 1.000000000000000000e+00
-3.972090184688568115e-01 9.770384430885314941e-02 -9.125128388404846191e-01 3.814285695552825928e-01
-1.858710497617721558e-02 9.932562112808227539e-01 1.144399642944335938e-01 -1.288079749792814255e-02
9.175396561622619629e-01 6.241756677627563477e-02 -3.927145302295684814e-01 1.632461100816726685e-01
0.000000000000000000e+00 0.000000000000000000e+00 0.000000000000000000e+00 1.000000000000000000e+00
-3.874075114727020264e-01 9.861540049314498901e-02 -9.166187644004821777e-01 3.755000531673431396e-01
-2.481416426599025726e-02 9.927862882614135742e-01 1.172976791858673096e-01 -9.927230887115001678e-03
9.215742945671081543e-01 6.818716228008270264e-02 -3.821660280227661133e-01 1.645367741584777832e-01
0.000000000000000000e+00 0.000000000000000000e+00 0.000000000000000000e+00 1.000000000000000000e+00
-3.625854253768920898e-01 8.817593008279800415e-02 -9.277694821357727051e-01 3.714954257011413574e-01
-3.153217956423759460e-02 9.937834739685058594e-01 1.067731231451034546e-01 -3.743833862245082855e-03
9.314163923263549805e-01 6.796899437904357910e-02 -3.575510680675506592e-01 1.614367663860321045e-01
0.000000000000000000e+00 0.000000000000000000e+00 0.000000000000000000e+00 1.000000000000000000e+00
-3.317855298519134521e-01 8.503115177154541016e-02 -9.395144581794738770e-01 3.696427345275878906e-01
-5.866360664367675781e-02 9.921422600746154785e-01 1.105111166834831238e-01 -3.476561047136783600e-03
9.415287971496582031e-01 9.178130328655242920e-02 -3.241900801658630371e-01 1.561640053987503052e-01
0.000000000000000000e+00 0.000000000000000000e+00 0.000000000000000000e+00 1.000000000000000000e+00
-3.169963061809539795e-01 6.454747915267944336e-02 -9.462277889251708984e-01 3.651731014251708984e-01
-7.767553627490997314e-02 9.925627112388610840e-01 9.373039007186889648e-02 5.234395619481801987e-03
9.452407956123352051e-01 1.032110303640365601e-01 -3.096249103546142578e-01 1.581523716449737549e-01
0.000000000000000000e+00 0.000000000000000000e+00 0.000000000000000000e+00 1.000000000000000000e+00
-2.977494895458221436e-01 4.865785315632820129e-02 -9.534033536911010742e-01 3.628024458885192871e-01
-1.103602647781372070e-01 9.902499914169311523e-01 8.500410616397857666e-02 1.155000831931829453e-02
9.482437968254089355e-01 1.305277645587921143e-01 -2.894765734672546387e-01 1.581091284751892090e-01
0.000000000000000000e+00 0.000000000000000000e+00 0.000000000000000000e+00 1.000000000000000000e+00
-2.967115044593811035e-01 6.143711134791374207e-02 -9.529888629913330078e-01 3.612121939659118652e-01
-9.850677102804183960e-02 9.906361103057861328e-01 9.453409165143966675e-02 1.254416350275278091e-02
9.498727321624755859e-01 1.219251751899719238e-01 -2.878812849521636963e-01 1.623484194278717041e-01
0.000000000000000000e+00 0.000000000000000000e+00 0.000000000000000000e+00 1.000000000000000000e+00
-2.814801931381225586e-01 5.789629369974136353e-02 -9.578189253807067871e-01 3.621543645858764648e-01
-1.332707256078720093e-01 9.861452579498291016e-01 9.877354651689529419e-02 1.381279714405536652e-02
9.502676725387573242e-01 1.554520875215530396e-01 -2.698644101619720459e-01 1.623522192239761353e-01
0.000000000000000000e+00 0.000000000000000000e+00 0.000000000000000000e+00 1.000000000000000000e+00
-2.688127458095550537e-01 6.202644482254981995e-02 -9.611932039260864258e-01 3.630006611347198486e-01
-1.427363455295562744e-01 9.843407273292541504e-01 1.034386456012725830e-01 1.497979741543531418e-02
9.525576829910278320e-01 1.650028377771377563e-01 -2.557499110698699951e-01 1.635051369667053223e-01
0.000000000000000000e+00 0.000000000000000000e+00 0.000000000000000000e+00 1.000000000000000000e+00
-2.498781085014343262e-01 5.670043081045150757e-02 -9.666156768798828125e-01 3.640624582767486572e-01
-1.766708642244338989e-01 9.788567423820495605e-01 1.030893102288246155e-01 1.672010309994220734e-02
9.520234465599060059e-01 1.965325474739074707e-01 -2.345775663852691650e-01 1.648799777030944824e-01
0.000000000000000000e+00 0.000000000000000000e+00 0.000000000000000000e+00 1.000000000000000000e+00
-2.429283410310745239e-01 5.530504509806632996e-02 -9.684664011001586914e-01 3.637285828590393066e-01
-1.891137510538101196e-01 9.765169024467468262e-01 1.032017022371292114e-01 2.026106789708137512e-02
9.514316320419311523e-01 2.082209289073944092e-01 -2.267646640539169312e-01 1.709651499986648560e-01
0.000000000000000000e+00 0.000000000000000000e+00 0.000000000000000000e+00 1.000000000000000000e+00
-2.028254717588424683e-01 5.013784021139144897e-02 -9.779304862022399902e-01 3.673866391181945801e-01
-2.142081856727600098e-01 9.722279310226440430e-01 9.427282214164733887e-02 2.457635104656219482e-02
9.554983377456665039e-01 2.286016494035720825e-01 -1.864527016878128052e-01 1.652183085680007935e-01
0.000000000000000000e+00 0.000000000000000000e+00 0.000000000000000000e+00 1.000000000000000000e+00
-1.222836524248123169e-01 7.632696628570556641e-02 -9.895559549331665039e-01 3.778281509876251221e-01
-2.291591763496398926e-01 9.679267406463623047e-01 1.029767841100692749e-01 2.184602990746498108e-02
9.656776785850524902e-01 2.393582016229629517e-01 -1.008703634142875671e-01 1.525783389806747437e-01
0.000000000000000000e+00 0.000000000000000000e+00 0.000000000000000000e+00 1.000000000000000000e+00
-8.132965117692947388e-02 1.275960505008697510e-01 -9.884856343269348145e-01 3.927117288112640381e-01
-2.414798438549041748e-01 9.596992731094360352e-01 1.437485069036483765e-01 6.122947670519351959e-03
9.669913053512573242e-01 2.503904700279235840e-01 -4.724014550447463989e-02 1.591079980134963989e-01
0.000000000000000000e+00 0.000000000000000000e+00 0.000000000000000000e+00 1.000000000000000000e+00
-1.353873591870069504e-02 1.512612551450729370e-01 -9.884008169174194336e-01 4.082021713256835938e-01
-2.739295959472656250e-01 9.501133561134338379e-01 1.491541117429733276e-01 5.808363202959299088e-03
9.616540670394897461e-01 2.727717161178588867e-01 2.857168205082416534e-02 1.344728916883468628e-01
0.000000000000000000e+00 0.000000000000000000e+00 0.000000000000000000e+00 1.000000000000000000e+00
-2.091689966619014740e-02 1.952116042375564575e-01 -9.805377721786499023e-01 4.007434546947479248e-01
-1.961390376091003418e-01 9.608928561210632324e-01 1.954846084117889404e-01 -1.334353629499673843e-02
9.803525805473327637e-01 1.964107751846313477e-01 1.818976923823356628e-02 1.258762180805206299e-01
0.000000000000000000e+00 0.000000000000000000e+00 0.000000000000000000e+00 1.000000000000000000e+00
-3.112987428903579712e-02 2.024807631969451904e-01 -9.787914156913757324e-01 3.949496448040008545e-01
-1.688673049211502075e-01 9.641231298446655273e-01 2.048171311616897583e-01 -2.003297209739685059e-02
9.851469993591308594e-01 1.716617792844772339e-01 4.179181531071662903e-03 1.260479390621185303e-01
0.000000000000000000e+00 0.000000000000000000e+00 0.000000000000000000e+00 1.000000000000000000e+00
-1.365417689085006714e-01 2.567847967147827148e-01 -9.567753672599792480e-01 3.631409406661987305e-01
-6.907196342945098877e-02 9.610016942024230957e-01 2.677764296531677246e-01 -5.118602886795997620e-02
9.882231354713439941e-01 1.026491969823837280e-01 -1.134807914495468140e-01 1.504623740911483765e-01
0.000000000000000000e+00 0.000000000000000000e+00 0.000000000000000000e+00 1.000000000000000000e+00
-1.215317845344543457e-01 3.220280110836029053e-01 -9.388971924781799316e-01 3.445550799369812012e-01
-3.036928176879882812e-02 9.442592859268188477e-01 3.277982473373413086e-01 -8.201137930154800415e-02
9.921230077743530273e-01 6.835151463747024536e-02 -1.049777716398239136e-01 1.356571912765502930e-01
0.000000000000000000e+00 0.000000000000000000e+00 0.000000000000000000e+00 1.000000000000000000e+00
-9.189604967832565308e-02 3.972411751747131348e-01 -9.131013154983520508e-01 3.281162381172180176e-01
6.381005514413118362e-03 9.171977639198303223e-01 3.983810245990753174e-01 -1.094676256179809570e-01
9.957479834556579590e-01 3.078321181237697601e-02 -8.682162314653396606e-02 1.232081204652786255e-01
0.000000000000000000e+00 0.000000000000000000e+00 0.000000000000000000e+00 1.000000000000000000e+00
-9.353628382086753845e-03 4.469597935676574707e-01 -8.945050239562988281e-01 3.193528950214385986e-01
4.783904179930686951e-02 8.937200903892517090e-01 4.460672438144683838e-01 -1.282899379730224609e-01
9.988113045692443848e-01 -3.861987963318824768e-02 -2.974164672195911407e-02 9.798926115036010742e-02
0.000000000000000000e+00 0.000000000000000000e+00 0.000000000000000000e+00 1.000000000000000000e+00
1.914668828248977661e-01 4.969534575939178467e-01 -8.463909029960632324e-01 3.043498694896697998e-01
1.128012612462043762e-01 8.454895019531250000e-01 5.219416022300720215e-01 -1.565543562173843384e-01
9.749955534934997559e-01 -1.954085528850555420e-01 1.058263182640075684e-01 4.539769887924194336e-02
0.000000000000000000e+00 0.000000000000000000e+00 0.000000000000000000e+00 1.000000000000000000e+00
2.927258014678955078e-01 5.179888606071472168e-01 -8.037407398223876953e-01 2.902034819126129150e-01
1.291359364986419678e-01 8.114438056945800781e-01 5.699850916862487793e-01 -1.750696152448654175e-01
9.474361538887023926e-01 -2.706411182880401611e-01 1.706395149230957031e-01 1.966081745922565460e-02
0.000000000000000000e+00 0.000000000000000000e+00 0.000000000000000000e+00 1.000000000000000000e+00
3.254137039184570312e-01 5.651686191558837891e-01 -7.580834031105041504e-01 2.705698907375335693e-01
1.591852754354476929e-01 7.575334906578063965e-01 6.330901384353637695e-01 -1.955110579729080200e-01
9.320760965347290039e-01 -3.266918957233428955e-01 1.565452814102172852e-01 2.066855691373348236e-02
0.000000000000000000e+00 0.000000000000000000e+00 0.000000000000000000e+00 1.000000000000000000e+00
3.795664608478546143e-01 5.675280094146728516e-01 -7.306444048881530762e-01 2.572040557861328125e-01
1.552016288042068481e-01 7.394934296607971191e-01 6.550281643867492676e-01 -2.033277302980422974e-01
9.120535254478454590e-01 -3.620238900184631348e-01 1.926055848598480225e-01 6.047768052667379379e-03
0.000000000000000000e+00 0.000000000000000000e+00 0.000000000000000000e+00 1.000000000000000000e+00
3.828858137130737305e-01 5.863801836967468262e-01 -7.138324975967407227e-01 2.454203814268112183e-01
1.645460873842239380e-01 7.170705199241638184e-01 6.772992610931396484e-01 -2.101451903581619263e-01
9.090231657028198242e-01 -3.767867088317871094e-01 1.780695766210556030e-01 7.047035731375217438e-03
0.000000000000000000e+00 0.000000000000000000e+00 0.000000000000000000e+00 1.000000000000000000e+00
3.850493431091308594e-01 6.206536293029785156e-01 -6.830269694328308105e-01 2.299262732267379761e-01
1.697858124971389771e-01 6.798201799392700195e-01 7.134544849395751953e-01 -2.202166914939880371e-01
9.071437716484069824e-01 -3.906835317611694336e-01 1.563860476016998291e-01 9.686059318482875824e-03
0.000000000000000000e+00 0.000000000000000000e+00 0.000000000000000000e+00 1.000000000000000000e+00
3.385428488254547119e-01 6.876190304756164551e-01 -6.423150897026062012e-01 2.075775414705276489e-01
1.427582055330276489e-01 6.371870636940002441e-01 7.573721408843994141e-01 -2.305542975664138794e-01
9.300583600997924805e-01 -3.480987548828125000e-01 1.175519302487373352e-01 1.227818336337804794e-02
0.000000000000000000e+00 0.000000000000000000e+00 0.000000000000000000e+00 1.000000000000000000e+00
1.786955296993255615e-01 7.609114050865173340e-01 -6.237637996673583984e-01 1.964870989322662354e-01
1.284462958574295044e-01 6.105015873908996582e-01 7.815300226211547852e-01 -2.358558475971221924e-01
9.754841327667236328e-01 -2.197760641574859619e-01 1.135769393295049667e-02 3.745119646191596985e-02
0.000000000000000000e+00 0.000000000000000000e+00 0.000000000000000000e+00 1.000000000000000000e+00
2.622447609901428223e-01 7.868359088897705078e-01 -5.586741566658020020e-01 1.744119375944137573e-01
1.159736812114715576e-01 5.490425825119018555e-01 8.277091979980468750e-01 -2.455198317766189575e-01
9.580070376396179199e-01 -2.818538546562194824e-01 5.273127183318138123e-02 1.486897841095924377e-02
0.000000000000000000e+00 0.000000000000000000e+00 0.000000000000000000e+00 1.000000000000000000e+00
3.694523572921752930e-01 7.804577946662902832e-01 -5.043717026710510254e-01 1.560395807027816772e-01
1.004987657070159912e-01 5.060307383537292480e-01 8.566405773162841797e-01 -2.490674406290054321e-01
9.237994551658630371e-01 -3.671765923500061035e-01 1.085192337632179260e-01 -9.218810126185417175e-03
0.000000000000000000e+00 0.000000000000000000e+00 0.000000000000000000e+00 1.000000000000000000e+00
5.008398890495300293e-01 7.571612000465393066e-01 -4.193640649318695068e-01 1.266792267560958862e-01
2.564697898924350739e-02 4.713164865970611572e-01 8.815910220146179199e-01 -2.488509267568588257e-01
8.651598095893859863e-01 -4.522914290428161621e-01 2.166352272033691406e-01 -4.454473033547401428e-02
0.000000000000000000e+00 0.000000000000000000e+00 0.000000000000000000e+00 1.000000000000000000e+00
5.965028405189514160e-01 7.288930416107177734e-01 -3.360045850276947021e-01 1.061279103159904480e-01
-3.732246533036231995e-02 4.433770775794982910e-01 8.955577015876770020e-01 -2.443374842405319214e-01
8.017426729202270508e-01 -5.216624140739440918e-01 2.916798293590545654e-01 -6.529094278812408447e-02
0.000000000000000000e+00 0.000000000000000000e+00 0.000000000000000000e+00 1.000000000000000000e+00
5.968244671821594238e-01 7.713658809661865234e-01 -2.208963930606842041e-01 8.050712198019027710e-02
-1.162264719605445862e-01 3.555121719837188721e-01 9.274170398712158203e-01 -2.557201683521270752e-01
7.939093112945556641e-01 -5.278310775756835938e-01 3.018314838409423828e-01 -6.386009603738784790e-02
0.000000000000000000e+00 0.000000000000000000e+00 0.000000000000000000e+00 1.000000000000000000e+00
5.817915201187133789e-01 8.081408739089965820e-01 -9.179749339818954468e-02 4.527185857295989990e-02
-1.910626143217086792e-01 2.455031871795654297e-01 9.503805041313171387e-01 -2.712633609771728516e-01
7.905782461166381836e-01 -5.353845357894897461e-01 2.972371876239776611e-01 -5.839157849550247192e-02
0.000000000000000000e+00 0.000000000000000000e+00 0.000000000000000000e+00 1.000000000000000000e+00
5.907202363014221191e-01 8.066733479499816895e-01 1.812133193016052246e-02 1.019664015620946884e-02
-2.153243720531463623e-01 1.359566301107406616e-01 9.670317173004150391e-01 -2.846651971340179443e-01
7.776151895523071289e-01 -5.751469135284423828e-01 2.540086805820465088e-01 -4.590969532728195190e-02
0.000000000000000000e+00 0.000000000000000000e+00 0.000000000000000000e+00 1.000000000000000000e+00
6.022775769233703613e-01 7.863966822624206543e-01 1.372687965631484985e-01 -3.181219473481178284e-02
-2.501475214958190918e-01 2.262185513973236084e-02 9.679430723190307617e-01 -2.908056378364562988e-01
7.580819129943847656e-01 -6.173077821731567383e-01 2.103398293256759644e-01 -3.474630042910575867e-02
0.000000000000000000e+00 0.000000000000000000e+00 0.000000000000000000e+00 1.000000000000000000e+00
6.271213889122009277e-01 7.444598078727722168e-01 2.291261553764343262e-01 -7.013297826051712036e-02
-2.415239661931991577e-01 -9.380853176116943359e-02 9.658496975898742676e-01 -2.971296608448028564e-01
7.405303716659545898e-01 -6.610444784164428711e-01 1.209755763411521912e-01 -1.061470340937376022e-02
0.000000000000000000e+00 0.000000000000000000e+00 0.000000000000000000e+00 1.000000000000000000e+00
5.950115919113159180e-01 7.978478670120239258e-01 9.695406258106231689e-02 -1.872970908880233765e-02
-3.088915944099426270e-01 1.156429126858711243e-01 9.440404176712036133e-01 -2.727931141853332520e-01
7.419887781143188477e-01 -5.916631221771240234e-01 3.152572810649871826e-01 -7.932343333959579468e-02
0.000000000000000000e+00 0.000000000000000000e+00 0.000000000000000000e+00 1.000000000000000000e+00
5.678514242172241211e-01 8.230199813842773438e-01 1.353544183075428009e-02 1.033381465822458267e-02
-3.866170048713684082e-01 2.521611452102661133e-01 8.870974779129028320e-01 -2.458281219005584717e-01
7.266857028007507324e-01 -5.089725852012634277e-01 4.613835513591766357e-01 -1.207332238554954529e-01
0.000000000000000000e+00 0.000000000000000000e+00 0.000000000000000000e+00 1.000000000000000000e+00
5.503154993057250977e-01 8.283681869506835938e-01 -1.046845167875289917e-01 4.722956568002700806e-02
-4.540711641311645508e-01 4.021306335926055908e-01 7.950535416603088379e-01 -2.056223899126052856e-01
7.006940245628356934e-01 -3.899960517883300781e-01 5.974369049072265625e-01 -1.547869145870208740e-01
0.000000000000000000e+00 0.000000000000000000e+00 0.000000000000000000e+00 1.000000000000000000e+00
5.652093291282653809e-01 8.061869740486145020e-01 -1.749309599399566650e-01 6.681843847036361694e-02
-5.179126858711242676e-01 5.118290185928344727e-01 6.854177117347717285e-01 -1.635345220565795898e-01
6.421096324920654297e-01 -2.968054711818695068e-01 7.068250179290771484e-01 -1.790063977241516113e-01
0.000000000000000000e+00 0.000000000000000000e+00 0.000000000000000000e+00 1.000000000000000000e+00
5.672745108604431152e-01 7.945789098739624023e-01 -2.164346128702163696e-01 7.729963958263397217e-02
-5.761576890945434570e-01 5.707096457481384277e-01 5.850920677185058594e-01 -1.301910430192947388e-01
5.884231925010681152e-01 -2.072073072195053101e-01 7.815518379211425781e-01 -1.940842419862747192e-01
0.000000000000000000e+00 0.000000000000000000e+00 0.000000000000000000e+00 1.000000000000000000e+00
5.749449729919433594e-01 7.955665588378906250e-01 -1.910811066627502441e-01 6.633663922548294067e-02
-6.666999459266662598e-01 5.909145474433898926e-01 4.542366564273834229e-01 -9.392808377742767334e-02
4.742881953716278076e-01 -1.337672621011734009e-01 8.701476454734802246e-01 -2.126276791095733643e-01
0.000000000000000000e+00 0.000000000000000000e+00 0.000000000000000000e+00 1.000000000000000000e+00
5.659606456756591797e-01 7.933387756347656250e-01 -2.242809534072875977e-01 7.017297297716140747e-02
-7.121268510818481445e-01 6.075018644332885742e-01 3.518759906291961670e-01 -6.411428749561309814e-02
4.154080152511596680e-01 -3.943141922354698181e-02 9.087800979614257812e-01 -2.189410924911499023e-01
0.000000000000000000e+00 0.000000000000000000e+00 0.000000000000000000e+00 1.000000000000000000e+00
5.605536699295043945e-01 7.810717821121215820e-01 -2.751477658748626709e-01 7.899594306945800781e-02
-7.530299425125122070e-01 6.190146207809448242e-01 2.230844348669052124e-01 -2.668893523514270782e-02
3.445654511451721191e-01 8.214376866817474365e-02 9.351614713668823242e-01 -2.210051268339157104e-01
0.000000000000000000e+00 0.000000000000000000e+00 0.000000000000000000e+00 1.000000000000000000e+00
5.506178736686706543e-01 7.848033905029296875e-01 -2.844351530075073242e-01 7.970050722360610962e-02
-7.835482954978942871e-01 6.034184098243713379e-01 1.481151282787322998e-01 -6.331725511699914932e-03
2.878746390342712402e-01 1.413139104843139648e-01 9.471845626831054688e-01 -2.218695729970932007e-01
0.000000000000000000e+00 0.000000000000000000e+00 0.000000000000000000e+00 1.000000000000000000e+00
5.337697267532348633e-01 7.951543927192687988e-01 -2.877829968929290771e-01 7.746076583862304688e-02
-8.276411890983581543e-01 5.610533952713012695e-01 1.513070333749055862e-02 2.864103950560092926e-02
1.734928637742996216e-01 2.301048189401626587e-01 9.575760960578918457e-01 -2.222415953874588013e-01
0.000000000000000000e+00 0.000000000000000000e+00 0.000000000000000000e+00 1.000000000000000000e+00
5.254373550415039062e-01 8.003664016723632812e-01 -2.886681258678436279e-01 7.473617047071456909e-02
-8.493189215660095215e-01 5.136190652847290039e-01 -1.218716502189636230e-01 6.475430727005004883e-02
5.072348564863204956e-02 3.092072010040283203e-01 9.496409893035888672e-01 -2.181205451488494873e-01
0.000000000000000000e+00 0.000000000000000000e+00 0.000000000000000000e+00 1.000000000000000000e+00
5.393477678298950195e-01 7.830867767333984375e-01 -3.096437454223632812e-01 7.670669257640838623e-02
-8.410247564315795898e-01 4.824996888637542725e-01 -2.446860969066619873e-01 9.598612040281295776e-02
-4.220740497112274170e-02 3.923888504505157471e-01 9.188303947448730469e-01 -2.066875845193862915e-01
0.000000000000000000e+00 0.000000000000000000e+00 0.000000000000000000e+00 1.000000000000000000e+00
5.065640211105346680e-01 7.968636155128479004e-01 -3.292440772056579590e-01 8.037708699703216553e-02
-8.451205492019653320e-01 3.832647502422332764e-01 -3.726654052734375000e-01 1.292260885238647461e-01
-1.707759350538253784e-01 4.670294523239135742e-01 8.675935268402099609e-01 -1.877671927213668823e-01
0.000000000000000000e+00 0.000000000000000000e+00 0.000000000000000000e+00 1.000000000000000000e+00
4.903820753097534180e-01 8.020901679992675781e-01 -3.408466875553131104e-01 8.357214182615280151e-02
-8.261160850524902344e-01 3.032425045967102051e-01 -4.749484956264495850e-01 1.552616506814956665e-01
-2.775923013687133789e-01 5.144850015640258789e-01 8.113245368003845215e-01 -1.689337342977523804e-01
0.000000000000000000e+00 0.000000000000000000e+00 0.000000000000000000e+00 1.000000000000000000e+00
4.746415019035339355e-01 8.074619770050048828e-01 -3.503136634826660156e-01 8.922827988862991333e-02
-8.068690896034240723e-01 2.401394695043563843e-01 -5.397169589996337891e-01 1.713368892669677734e-01
-3.516770005226135254e-01 5.388295650482177734e-01 7.654971480369567871e-01 -1.536151617765426636e-01
0.000000000000000000e+00 0.000000000000000000e+00 0.000000000000000000e+00 1.000000000000000000e+00
4.359577298164367676e-01 8.353344798088073730e-01 -3.348986506462097168e-01 9.123121947050094604e-02
-7.875498533248901367e-01 1.740083098411560059e-01 -5.911738872528076172e-01 1.824633181095123291e-01
-4.355529844760894775e-01 5.214764475822448730e-01 7.337281703948974609e-01 -1.388184130191802979e-01
0.000000000000000000e+00 0.000000000000000000e+00 0.000000000000000000e+00 1.000000000000000000e+00
3.943513333797454834e-01 8.605608344078063965e-01 -3.223688006401062012e-01 9.527563303709030151e-02
-7.791433930397033691e-01 1.271014958620071411e-01 -6.138239502906799316e-01 1.849582493305206299e-01
-4.872592687606811523e-01 4.932340979576110840e-01 7.206234335899353027e-01 -1.284613162279129028e-01
0.000000000000000000e+00 0.000000000000000000e+00 0.000000000000000000e+00 1.000000000000000000e+00
2.767738103866577148e-01 9.274725317955017090e-01 -2.513782083988189697e-01 8.816174417734146118e-02
-7.700704932212829590e-01 5.759903788566589355e-02 -6.353531479835510254e-01 1.843508630990982056e-01
-5.747932195663452148e-01 3.694282472133636475e-01 7.301614284515380859e-01 -1.246399506926536560e-01
0.000000000000000000e+00 0.000000000000000000e+00 0.000000000000000000e+00 1.000000000000000000e+00
1.042845472693443298e-01 9.700511097908020020e-01 -2.193772792816162109e-01 9.158759564161300659e-02
-7.847530245780944824e-01 -5.524754896759986877e-02 -6.173413991928100586e-01 1.672802269458770752e-01
-6.109722852706909180e-01 2.365361303091049194e-01 7.554888725280761719e-01 -1.284107416868209839e-01
0.000000000000000000e+00 0.000000000000000000e+00 0.000000000000000000e+00 1.000000000000000000e+00
-6.257284432649612427e-02 9.761212468147277832e-01 -2.080200761556625366e-01 9.061788022518157959e-02
-7.881001830101013184e-01 -1.762089282274246216e-01 -5.897871255874633789e-01 1.508073508739471436e-01
-6.123586297035217285e-01 1.270359009504318237e-01 7.803069949150085449e-01 -1.350636780261993408e-01
0.000000000000000000e+00 0.000000000000000000e+00 0.000000000000000000e+00 1.000000000000000000e+00
-1.795744597911834717e-01 9.554721117019653320e-01 -2.341485321521759033e-01 9.531379491090774536e-02
-7.497044801712036133e-01 -2.870279550552368164e-01 -5.962866544723510742e-01 1.547391861677169800e-01
-6.369428038597106934e-01 6.846420466899871826e-02 7.678649425506591797e-01 -1.300310194492340088e-01
0.000000000000000000e+00 0.000000000000000000e+00 0.000000000000000000e+00 1.000000000000000000e+00
-2.260602414608001709e-01 9.538572430610656738e-01 -1.976175904273986816e-01 9.336884319782257080e-02
-7.071136236190795898e-01 -3.002183735370635986e-01 -6.402026414871215820e-01 1.691690832376480103e-01
-6.699905991554260254e-01 -4.986338317394256592e-03 7.423530817031860352e-01 -1.206107810139656067e-01
0.000000000000000000e+00 0.000000000000000000e+00 0.000000000000000000e+00 1.000000000000000000e+00
-3.366330862045288086e-01 9.298919439315795898e-01 -1.482512354850769043e-01 9.362889826297760010e-02
-6.930447220802307129e-01 -3.512564003467559814e-01 -6.295298337936401367e-01 1.638891845941543579e-01
-6.374691724777221680e-01 -1.091760620474815369e-01 7.627015113830566406e-01 -1.184287667274475098e-01
0.000000000000000000e+00 0.000000000000000000e+00 0.000000000000000000e+00 1.000000000000000000e+00
2.377083599567413330e-01 9.141969084739685059e-01 -3.282357156276702881e-01 8.743263781070709229e-02
-7.331376671791076660e-01 -5.281093344092369080e-02 -6.780266761779785156e-01 1.835267394781112671e-01
-6.371843814849853516e-01 4.018147289752960205e-01 6.576789021492004395e-01 -9.937882423400878906e-02
0.000000000000000000e+00 0.000000000000000000e+00 0.000000000000000000e+00 1.000000000000000000e+00
5.473055243492126465e-01 7.568452954292297363e-01 -3.572702109813690186e-01 7.934162765741348267e-02
-7.673143744468688965e-01 2.833066284656524658e-01 -5.752967000007629395e-01 1.741815656423568726e-01
-3.341935873031616211e-01 5.890014767646789551e-01 7.357933521270751953e-01 -1.559990495443344116e-01
0.000000000000000000e+00 0.000000000000000000e+00 0.000000000000000000e+00 1.000000000000000000e+00
6.010680198669433594e-01 7.167417407035827637e-01 -3.535521924495697021e-01 7.664539664983749390e-02
-7.696061730384826660e-01 3.998277783393859863e-01 -4.978397488594055176e-01 1.566210985183715820e-01
-2.154621928930282593e-01 5.713311433792114258e-01 7.919322252273559570e-01 -1.852275878190994263e-01
0.000000000000000000e+00 0.000000000000000000e+00 0.000000000000000000e+00 1.000000000000000000e+00
6.060063242912292480e-01 7.339828610420227051e-01 -3.066351115703582764e-01 6.396175175905227661e-02
-7.695870399475097656e-01 4.434687793254852295e-01 -4.594248831272125244e-01 1.479411423206329346e-01
-2.012269943952560425e-01 5.143967866897583008e-01 8.336083889007568359e-01 -2.021205276250839233e-01
0.000000000000000000e+00 0.000000000000000000e+00 0.000000000000000000e+00 1.000000000000000000e+00
6.291502118110656738e-01 7.402989864349365234e-01 -2.369123846292495728e-01 4.341153055429458618e-02
-7.589665055274963379e-01 5.193135142326354980e-01 -3.927890658378601074e-01 1.298916935920715332e-01
-1.677496135234832764e-01 4.269320964813232422e-01 8.885889053344726562e-01 -2.228818535804748535e-01
0.000000000000000000e+00 0.000000000000000000e+00 0.000000000000000000e+00 1.000000000000000000e+00
6.420447230339050293e-01 7.507680058479309082e-01 -1.553245633840560913e-01 1.965566165745258331e-02
-7.427530884742736816e-01 5.589117407798767090e-01 -3.686942756175994873e-01 1.239074990153312683e-01
-1.899912506341934204e-01 3.520858585834503174e-01 9.164817333221435547e-01 -2.346052527427673340e-01
0.000000000000000000e+00 0.000000000000000000e+00 0.000000000000000000e+00 1.000000000000000000e+00
6.532411575317382812e-01 7.525662183761596680e-01 -8.318215608596801758e-02 -2.546902047470211983e-03
-7.306563854217529297e-01 5.977603197097778320e-01 -3.298844397068023682e-01 1.135304123163223267e-01
-1.985370814800262451e-01 2.762714922428131104e-01 9.403494000434875488e-01 -2.453525662422180176e-01
0.000000000000000000e+00 0.000000000000000000e+00 0.000000000000000000e+00 1.000000000000000000e+00
6.719505190849304199e-01 7.399213314056396484e-01 -3.159607201814651489e-02 -2.012584730982780457e-02
-7.176682353019714355e-01 6.400219202041625977e-01 -2.744515240192413330e-01 9.699293226003646851e-02
-1.828505992889404297e-01 2.070934027433395386e-01 9.610817432403564453e-01 -2.553573250770568848e-01
0.000000000000000000e+00 0.000000000000000000e+00 0.000000000000000000e+00 1.000000000000000000e+00
7.137175202369689941e-01 6.990569233894348145e-01 4.389091953635215759e-02 -4.805468022823333740e-02
-6.782675385475158691e-01 7.054121494293212891e-01 -2.057828009128570557e-01 7.622765749692916870e-02
-1.748152524232864380e-01 1.171009615063667297e-01 9.776129126548767090e-01 -2.645154595375061035e-01
0.000000000000000000e+00 0.000000000000000000e+00 0.000000000000000000e+00 1.000000000000000000e+00
7.530999779701232910e-01 6.527836322784423828e-01 8.193239569664001465e-02 -6.370373070240020752e-02
-6.388033628463745117e-01 7.553333044052124023e-01 -1.462951898574829102e-01 5.686879903078079224e-02
-1.573854237794876099e-01 5.783619359135627747e-02 9.858422279357910156e-01 -2.701419889926910400e-01
0.000000000000000000e+00 0.000000000000000000e+00 0.000000000000000000e+00 1.000000000000000000e+00
7.753154039382934570e-01 6.138808727264404297e-01 1.484451293945312500e-01 -8.814105391502380371e-02
-6.126427650451660156e-01 7.881224751472473145e-01 -5.942855402827262878e-02 2.868496812880039215e-02
-1.534750312566757202e-01 -4.486808180809020996e-02 9.871330857276916504e-01 -2.729662060737609863e-01
0.000000000000000000e+00 0.000000000000000000e+00 0.000000000000000000e+00 1.000000000000000000e+00
7.959114909172058105e-01 5.742788314819335938e-01 1.916471272706985474e-01 -1.061415895819664001e-01
-5.877595543861389160e-01 8.088528513908386230e-01 1.720668002963066101e-02 3.378485096618533134e-03
-1.451328396797180176e-01 -1.263374090194702148e-01 9.813128709793090820e-01 -2.747346758842468262e-01
0.000000000000000000e+00 0.000000000000000000e+00 0.000000000000000000e+00 1.000000000000000000e+00
8.310316205024719238e-01 5.113186240196228027e-01 2.189508527517318726e-01 -1.189075782895088196e-01
-5.412343740463256836e-01 8.341220021247863770e-01 1.063276752829551697e-01 -2.819195948541164398e-02
-1.282643973827362061e-01 -2.068654000759124756e-01 9.699254631996154785e-01 -2.741467356681823730e-01
0.000000000000000000e+00 0.000000000000000000e+00 0.000000000000000000e+00 1.000000000000000000e+00
8.470319509506225586e-01 4.911445975303649902e-01 2.032583355903625488e-01 -1.184470579028129578e-01
-5.273973345756530762e-01 8.242157697677612305e-01 2.062059193849563599e-01 -6.212283670902252197e-02
-6.625171750783920288e-02 -2.818608582019805908e-01 9.571648240089416504e-01 -2.744747996330261230e-01
0.000000000000000000e+00 0.000000000000000000e+00 0.000000000000000000e+00 1.000000000000000000e+00
8.562073111534118652e-01 4.893337786197662354e-01 1.657138317823410034e-01 -1.102364286780357361e-01
-5.166003108024597168e-01 8.073564171791076660e-01 2.851312160491943359e-01 -9.103476256132125854e-02
5.734403617680072784e-03 -3.297392427921295166e-01 9.440546631813049316e-01 -2.748156189918518066e-01
0.000000000000000000e+00 0.000000000000000000e+00 0.000000000000000000e+00 1.000000000000000000e+00
8.623845577239990234e-01 4.915223121643066406e-01 1.212348043918609619e-01 -9.966006129980087280e-02
-4.988289773464202881e-01 7.841508388519287109e-01 3.691567480564117432e-01 -1.207797154784202576e-01
8.638250082731246948e-02 -3.788307309150695801e-01 9.214257597923278809e-01 -2.727055549621582031e-01
0.000000000000000000e+00 0.000000000000000000e+00 0.000000000000000000e+00 1.000000000000000000e+00
8.795886039733886719e-01 4.701278209686279297e-01 7.282608002424240112e-02 -8.786407858133316040e-02
-4.497562050819396973e-01 7.718608379364013672e-01 4.493878483772277832e-01 -1.519632637500762939e-01
1.550583839416503906e-01 -4.280306100845336914e-01 8.903630375862121582e-01 -2.691472470760345459e-01
0.000000000000000000e+00 0.000000000000000000e+00 0.000000000000000000e+00 1.000000000000000000e+00
8.973122239112854004e-01 4.408314824104309082e-01 2.231805957853794098e-02 -7.447015494108200073e-02
-3.807481527328491211e-01 7.474526166915893555e-01 5.443754792213439941e-01 -1.890943944454193115e-01
2.232963740825653076e-01 -4.969727396965026855e-01 8.385446071624755859e-01 -2.635670304298400879e-01
0.000000000000000000e+00 0.000000000000000000e+00 0.000000000000000000e+00 1.000000000000000000e+00
9.317892789840698242e-01 3.629948198795318604e-01 1.694843755103647709e-03 -6.873412430286407471e-02
-2.877879142761230469e-01 7.358753681182861328e-01 6.129150986671447754e-01 -2.150420695543289185e-01
2.212380319833755493e-01 -5.715956091880798340e-01 7.901465296745300293e-01 -2.577201426029205322e-01
0.000000000000000000e+00 0.000000000000000000e+00 0.000000000000000000e+00 1.000000000000000000e+00
9.474633336067199707e-01 3.130424022674560547e-01 -6.570485234260559082e-02 -4.769650846719741821e-02
-1.889953762292861938e-01 7.136059999465942383e-01 6.745722293853759766e-01 -2.393997609615325928e-01
2.580570578575134277e-01 -6.267143487930297852e-01 7.352790832519531250e-01 -2.507851421833038330e-01
0.000000000000000000e+00 0.000000000000000000e+00 0.000000000000000000e+00 1.000000000000000000e+00
9.290121793746948242e-01 3.329222500324249268e-01 -1.615517139434814453e-01 -1.338572148233652115e-02
-1.192455962300300598e-01 6.826127171516418457e-01 7.209855318069458008e-01 -2.571591436862945557e-01
3.503094613552093506e-01 -6.505399942398071289e-01 6.738552451133728027e-01 -2.421152293682098389e-01
0.000000000000000000e+00 0.000000000000000000e+00 0.000000000000000000e+00 1.000000000000000000e+00
8.840376734733581543e-01 3.933375775814056396e-01 -2.525130510330200195e-01 2.245349995791912079e-02
-7.590112835168838501e-02 6.538654565811157227e-01 7.527940273284912109e-01 -2.697184383869171143e-01
4.612117707729339600e-01 -6.463322043418884277e-01 6.078965663909912109e-01 -2.278629541397094727e-01
0.000000000000000000e+00 0.000000000000000000e+00 0.000000000000000000e+00 1.000000000000000000e+00
9.496777653694152832e-01 2.395720034837722778e-01 -2.017846256494522095e-01 -3.108286531642079353e-03
-2.693869732320308685e-02 7.042927145957946777e-01 7.093980312347412109e-01 -2.512257099151611328e-01
3.120675086975097656e-01 -6.682641506195068359e-01 6.753051280975341797e-01 -2.329713404178619385e-01
0.000000000000000000e+00 0.000000000000000000e+00 0.000000000000000000e+00 1.000000000000000000e+00
9.300585389137268066e-01 2.538050413131713867e-01 -2.656584084033966064e-01 1.617907173931598663e-02
-6.861279252916574478e-03 7.349256873130798340e-01 6.781126260757446289e-01 -2.371025532484054565e-01
3.673475086688995361e-01 -6.288616061210632324e-01 6.852653026580810547e-01 -2.404295653104782104e-01
0.000000000000000000e+00 0.000000000000000000e+00 0.000000000000000000e+00 1.000000000000000000e+00
9.061825871467590332e-01 3.297668099403381348e-01 -2.647406160831451416e-01 1.432583574205636978e-02
-4.958013072609901428e-02 7.045617103576660156e-01 7.079086899757385254e-01 -2.449520826339721680e-01
4.199706315994262695e-01 -6.283680796623229980e-01 6.548110246658325195e-01 -2.322086095809936523e-01
0.000000000000000000e+00 0.000000000000000000e+00 0.000000000000000000e+00 1.000000000000000000e+00
8.255529403686523438e-01 4.193249046802520752e-01 -3.776622712612152100e-01 5.862527340650558472e-02
2.739633992314338684e-02 6.386594772338867188e-01 7.690014243125915527e-01 -2.731292247772216797e-01
5.636591315269470215e-01 -6.451979875564575195e-01 5.157592296600341797e-01 -1.911863833665847778e-01
0.000000000000000000e+00 0.000000000000000000e+00 0.000000000000000000e+00 1.000000000000000000e+00
7.113687396049499512e-01 5.276840329170227051e-01 -4.642241597175598145e-01 9.924743324518203735e-02
7.849242538213729858e-02 5.967353582382202148e-01 7.985900640487670898e-01 -2.870363593101501465e-01
6.984221339225769043e-01 -6.045300364494323730e-01 3.830796480178833008e-01 -1.518558859825134277e-01
0.000000000000000000e+00 0.000000000000000000e+00 0.000000000000000000e+00 1.000000000000000000e+00
6.038689017295837402e-01 5.986402630805969238e-01 -5.262815952301025391e-01 1.315176635980606079e-01
1.317200809717178345e-01 5.762344598770141602e-01 8.066000342369079590e-01 -2.929562926292419434e-01
7.861247658729553223e-01 -5.564023852348327637e-01 2.691170871257781982e-01 -1.126102134585380554e-01
0.000000000000000000e+00 0.000000000000000000e+00 0.000000000000000000e+00 1.000000000000000000e+00
4.280390143394470215e-01 6.706668734550476074e-01 -6.057957410812377930e-01 1.737697124481201172e-01
2.553361356258392334e-01 5.532552003860473633e-01 7.929136753082275391e-01 -2.938186526298522949e-01
8.669406175613403320e-01 -4.940795302391052246e-01 6.556936353445053101e-02 -4.182361066341400146e-02
0.000000000000000000e+00 0.000000000000000000e+00 0.000000000000000000e+00 1.000000000000000000e+00
3.570179939270019531e-01 6.851592659950256348e-01 -6.348975896835327148e-01 1.896574348211288452e-01
3.295350074768066406e-01 5.436053872108459473e-01 7.719452977180480957e-01 -2.896264493465423584e-01
8.740392327308654785e-01 -4.848192930221557617e-01 -3.170697391033172607e-02 -4.798758309334516525e-03
0.000000000000000000e+00 0.000000000000000000e+00 0.000000000000000000e+00 1.000000000000000000e+00
3.006931543350219727e-01 7.004042863845825195e-01 -6.473153829574584961e-01 1.993825137615203857e-01
3.796283900737762451e-01 5.347390770912170410e-01 7.549412250518798828e-01 -2.851882576942443848e-01
8.749088644981384277e-01 -4.727449715137481689e-01 -1.051009669899940491e-01 2.538463659584522247e-02
0.000000000000000000e+00 0.000000000000000000e+00 0.000000000000000000e+00 1.000000000000000000e+00
5.174160599708557129e-01 4.766505658626556396e-01 -7.106932401657104492e-01 2.246975749731063843e-01
4.493100047111511230e-01 5.554924607276916504e-01 6.996776461601257324e-01 -2.675128579139709473e-01
7.282864451408386230e-01 -6.813459992408752441e-01 7.325683534145355225e-02 -8.764164522290229797e-03
