1.000000000000000000e+00 0.000000000000000000e+00 0.000000000000000000e+00 -4.146692231928954531e-01
0.000000000000000000e+00 -1.000000000000000000e+00 0.000000000000000000e+00 -7.693198940031911737e-02
0.000000000000000000e+00 0.000000000000000000e+00 -1.000000000000000000e+00 -3.421550398492883005e+00
0.000000000000000000e+00 0.000000000000000000e+00 0.000000000000000000e+00 1.000000000000000000e+00
9.903645515441894531e-01 -1.380464136600494385e-01 -1.100440416485071182e-02 -4.902301459726373656e-01
-1.373269259929656982e-01 -9.892339706420898438e-01 5.057292059063911438e-02 2.430970939744498405e-01
-1.786734350025653839e-02 -4.857443273067474365e-02 -9.986598491668701172e-01 -3.434052662242400356e+00
0.000000000000000000e+00 0.000000000000000000e+00 0.000000000000000000e+00 1.000000000000000000e+00
9.725303649902343750e-01 -2.317486405372619629e-01 -2.184217050671577454e-02 -5.308466469652278752e-01
-2.284537553787231445e-01 -9.682600498199462891e-01 1.013958156108856201e-01 5.479530067713822561e-01
-4.464729502797126770e-02 -9.362056106328964233e-02 -9.946063160896301270e-01 -3.414563332427189124e+00
0.000000000000000000e+00 0.000000000000000000e+00 0.000000000000000000e+00 1.000000000000000000e+00
9.412866830825805664e-01 -3.364054858684539795e-01 -2.847197651863098145e-02 -5.408227778256264884e-01
-3.295389115810394287e-01 -9.338436126708984375e-01 1.390679776668548584e-01 7.875032052692692019e-01
-7.337167859077453613e-02 -1.215201914310455322e-01 -9.898734688758850098e-01 -3.379520800443740036e+00
0.000000000000000000e+00 0.000000000000000000e+00 0.000000000000000000e+00 1.000000000000000000e+00
8.968325257301330566e-01 -4.423288106918334961e-01 6.036640144884586334e-03 -3.603261276524605816e-01
-4.371445775032043457e-01 -8.840650320053100586e-01 1.653288006782531738e-01 9.576134455793383626e-01
-6.779295206069946289e-02 -1.509111225605010986e-01 -9.862200021743774414e-01 -3.367529037179831874e+00
0.000000000000000000e+00 0.000000000000000000e+00 0.000000000000000000e+00 1.000000000000000000e+00
8.304814696311950684e-01 -5.567169189453125000e-01 1.914616115391254425e-02 -2.403956334000271755e-01
-5.501385927200317383e-01 -8.143028020858764648e-01 1.850894391536712646e-01 1.104998744708031833e+00
-8.745170384645462036e-02 -1.642463803291320801e-01 -9.825351834297180176e-01 -3.351629411657079061e+00
0.000000000000000000e+00 0.000000000000000000e+00 0.000000000000000000e+00 1.000000000000000000e+00
7.543338537216186523e-01 -6.547937989234924316e-01 4.717237874865531921e-02 -5.962415510946628833e-02
-6.520559787750244141e-01 -7.389633059501647949e-01 1.695754528045654297e-01 1.090969374424841876e+00
-7.617840170860290527e-02 -1.586755365133285522e-01 -9.843875765800476074e-01 -3.384370727406952550e+00
0.000000000000000000e+00 0.000000000000000000e+00 0.000000000000000000e+00 1.000000000000000000e+00
6.943184137344360352e-01 -7.149085402488708496e-01 8.262867480516433716e-02 1.119233166329569318e-01
-7.192817330360412598e-01 -6.855962276458740234e-01 1.122116446495056152e-01 8.784338206318158537e-01
-2.357119321823120117e-02 -1.373439133167266846e-01 -9.902428984642028809e-01 -3.463871612619557894e+00
0.000000000000000000e+00 0.000000000000000000e+00 0.000000000000000000e+00 1.000000000000000000e+00
5.886321067810058594e-01 -8.071583509445190430e-01 4.480285570025444031e-02 1.614502562812759195e-02
-8.077832460403442383e-01 -5.851126909255981445e-01 7.161689549684524536e-02 7.341100594423910497e-01
-3.159147873520851135e-02 -7.834700495004653931e-02 -9.964255094528198242e-01 -3.548898036511643816e+00
0.000000000000000000e+00 0.000000000000000000e+00 0.000000000000000000e+00 1.000000000000000000e+00
5.033301115036010742e-01 -8.621776103973388672e-01 5.751992762088775635e-02 1.170823316476138076e-01
-8.639274239540100098e-01 -5.008087754249572754e-01 5.310419201850891113e-02 6.671072154060765369e-01
-1.697875559329986572e-02 -7.642196863889694214e-02 -9.969309568405151367e-01 -3.592923102022764770e+00
0.000000000000000000e+00 0.000000000000000000e+00 0.000000000000000000e+00 1.000000000000000000e+00
4.040265083312988281e-01 -9.125379323959350586e-01 6.353781372308731079e-02 1.976576247652579721e-01
-9.144666790962219238e-01 -4.046472907066345215e-01 3.348047146573662758e-03 4.642752641504007682e-01
2.265517972409725189e-02 -5.945591628551483154e-02 -9.979737997055053711e-01 -3.641864621569159244e+00
0.000000000000000000e+00 0.000000000000000000e+00 0.000000000000000000e+00 1.000000000000000000e+00
2.922093570232391357e-01 -9.539778828620910645e-01 6.737984716892242432e-02 2.695896121002668844e-01
-9.550583362579345703e-01 -2.947548031806945801e-01 -3.135246038436889648e-02 3.109740968436504049e-01
4.977007210254669189e-02 -5.519020557403564453e-02 -9.972346425056457520e-01 -3.668031821679915261e+00
0.000000000000000000e+00 0.000000000000000000e+00 0.000000000000000000e+00 1.000000000000000000e+00
1.763290315866470337e-01 -9.805971980094909668e-01 8.565565943717956543e-02 3.986512916929443318e-01
-9.818587899208068848e-01 -1.813827455043792725e-01 -5.525821819901466370e-02 2.052779615695692617e-01
6.972251087427139282e-02 -7.435815036296844482e-02 -9.947913289070129395e-01 -3.674122323422132297e+00
0.000000000000000000e+00 0.000000000000000000e+00 0.000000000000000000e+00 1.000000000000000000e+00
1.007354035973548889e-01 -9.899614453315734863e-01 9.913774579763412476e-02 4.838670419805202183e-01
-9.902346730232238770e-01 -1.094146296381950378e-01 -8.639090508222579956e-02 6.753005029040881624e-02
9.637080132961273193e-02 -8.946704119443893433e-02 -9.913165569305419922e-01 -3.664908840991449868e+00
0.000000000000000000e+00 0.000000000000000000e+00 0.000000000000000000e+00 1.000000000000000000e+00
1.753489859402179718e-02 -9.947032332420349121e-01 1.012803092598915100e-01 5.471049018479871018e-01
-9.972758889198303223e-01 -2.465852536261081696e-02 -6.951784342527389526e-02 1.557769726143809763e-01
7.164705544710159302e-02 -9.978543967008590698e-02 -9.924260973930358887e-01 -3.596002995229325094e+00
0.000000000000000000e+00 0.000000000000000000e+00 0.000000000000000000e+00 1.000000000000000000e+00
-8.839539438486099243e-02 -8.877861499786376953e-01 4.516877532005310059e-01 1.950841763093570602e+00
-9.907017350196838379e-01 3.127637878060340881e-02 -1.324074715375900269e-01 -8.207501222677024422e-02
1.034223511815071106e-01 -4.591921865940093994e-01 -8.822959661483764648e-01 -3.110887585759630980e+00
0.000000000000000000e+00 0.000000000000000000e+00 0.000000000000000000e+00 1.000000000000000000e+00
-1.632619649171829224e-01 -8.649748563766479492e-01 4.745141863822937012e-01 2.058896377864678495e+00
-9.772689938545227051e-01 7.585517317056655884e-02 -1.979667693376541138e-01 -3.480279768314060163e-01
1.352419108152389526e-01 -4.960486888885498047e-01 -8.576979041099548340e-01 -3.031330169770766414e+00
0.000000000000000000e+00 0.000000000000000000e+00 0.000000000000000000e+00 1.000000000000000000e+00
-1.315599530935287476e-01 -8.047030568122863770e-01 5.789170861244201660e-01 2.368042683584806518e+00
-9.912602305412292480e-01 1.125516220927238464e-01 -6.881732493638992310e-02 1.338340045983558435e-01
-9.780549444258213043e-03 -5.829108953475952148e-01 -8.124770522117614746e-01 -2.783221418567150884e+00
0.000000000000000000e+00 0.000000000000000000e+00 0.000000000000000000e+00 1.000000000000000000e+00
-8.871546387672424316e-02 -7.214025855064392090e-01 6.868098378181457520e-01 2.650455964381804197e+00
-9.942715764045715332e-01 2.287207357585430145e-02 -1.044063195586204529e-01 3.915212842994833520e-02
5.961022526025772095e-02 -6.921380758285522461e-01 -7.192994356155395508e-01 -2.556023884081607633e+00
0.000000000000000000e+00 0.000000000000000000e+00 0.000000000000000000e+00 1.000000000000000000e+00
-5.979517847299575806e-02 -5.473643541336059570e-01 8.347554802894592285e-01 3.146593496422618763e+00
-9.856467843055725098e-01 -9.988617897033691406e-02 -1.361009329557418823e-01 -7.632480464476709692e-02
1.578773856163024902e-01 -8.309123516082763672e-01 -5.335351824760437012e-01 -1.880955414785085988e+00
0.000000000000000000e+00 0.000000000000000000e+00 0.000000000000000000e+00 1.000000000000000000e+00
-1.232218220829963684e-01 -4.023877084255218506e-01 9.071385860443115234e-01 3.389362502168727254e+00
-9.854220747947692871e-01 -5.843589454889297485e-02 -1.597765982151031494e-01 -2.068016454536767412e-01
1.173015236854553223e-01 -9.136023521423339844e-01 -3.893213570117950439e-01 -1.302630406859933032e+00
0.000000000000000000e+00 0.000000000000000000e+00 0.000000000000000000e+00 1.000000000000000000e+00
-1.923699080944061279e-01 -3.113660514354705811e-01 9.306152462959289551e-01 3.491844526730114584e+00
-9.749876856803894043e-01 -4.693480581045150757e-02 -2.172458320856094360e-01 -4.234114869044045548e-01
1.113211810588836670e-01 -9.491300582885742188e-01 -2.945493161678314209e-01 -9.572703652232179561e-01
0.000000000000000000e+00 0.000000000000000000e+00 0.000000000000000000e+00 1.000000000000000000e+00
-2.725607752799987793e-01 -1.935918480157852173e-01 9.424609541893005371e-01 3.572655616092483388e+00
-9.599568843841552734e-01 -1.120863854885101318e-02 -2.799230217933654785e-01 -6.607251003915735055e-01
6.475447863340377808e-02 -9.810180664062500000e-01 -1.827849596738815308e-01 -5.187475612238745537e-01
0.000000000000000000e+00 0.000000000000000000e+00 0.000000000000000000e+00 1.000000000000000000e+00
-1.766854971647262573e-01 8.309350609779357910e-01 5.275694131851196289e-01 1.982172567035806132e+00
-9.516497254371643066e-01 -7.375157438218593597e-03 -3.070960640907287598e-01 -7.367124168922459804e-01
-2.512858808040618896e-01 -5.563209056854248047e-01 7.920619845390319824e-01 3.223640971975580527e+00
0.000000000000000000e+00 0.000000000000000000e+00 0.000000000000000000e+00 1.000000000000000000e+00
-1.780915111303329468e-01 8.520894050598144531e-01 4.921664297580718994e-01 1.838271752568759743e+00
-9.699205160140991211e-01 -6.765815615653991699e-02 -2.338307797908782959e-01 -4.718903330701045284e-01
-1.659454852342605591e-01 -5.190056562423706055e-01 8.385078310966491699e-01 3.340428040529384912e+00
0.000000000000000000e+00 0.000000000000000000e+00 0.000000000000000000e+00 1.000000000000000000e+00
-8.657891303300857544e-02 8.535546064376831055e-01 5.137587189674377441e-01 1.832798435917347701e+00
-9.909111857414245605e-01 -2.049020677804946899e-02 -1.329475939273834229e-01 -7.344604918967409524e-02
-1.029511168599128723e-01 -5.205996632575988770e-01 8.475704193115234375e-01 3.323155130783360445e+00
0.000000000000000000e+00 0.000000000000000000e+00 0.000000000000000000e+00 1.000000000000000000e+00
2.256146073341369629e-02 8.572130203247070312e-01 5.144672393798828125e-01 1.725991634622204618e+00
-9.994630217552185059e-01 3.156609460711479187e-02 -8.765939623117446899e-03 4.126446548583232454e-01
-2.375407889485359192e-02 -5.139933228492736816e-01 8.574649095535278320e-01 3.295252711601331708e+00
0.000000000000000000e+00 0.000000000000000000e+00 0.000000000000000000e+00 1.000000000000000000e+00
5.138784274458885193e-02 8.621105551719665527e-01 5.041072368621826172e-01 1.654161355288232160e+00
-9.935324788093566895e-01 -7.045405451208353043e-03 1.133278906345367432e-01 8.666382777605020626e-01
1.012528464198112488e-01 -5.066708326339721680e-01 8.561731576919555664e-01 3.193023352033834250e+00
0.000000000000000000e+00 0.000000000000000000e+00 0.000000000000000000e+00 1.000000000000000000e+00
2.629271522164344788e-02 8.683009147644042969e-01 4.953404963016510010e-01 1.668021047067680618e+00
-9.805967807769775391e-01 -7.389053702354431152e-02 1.815757453441619873e-01 1.021748645344956019e+00
1.942634731531143188e-01 -4.905035495758056641e-01 8.495106101036071777e-01 3.129679583135845267e+00
0.000000000000000000e+00 0.000000000000000000e+00 0.000000000000000000e+00 1.000000000000000000e+00
-4.361775517463684082e-02 8.681069612503051758e-01 4.944559931755065918e-01 1.753217235638471871e+00
-9.938631057739257812e-01 -8.806453645229339600e-02 6.694051623344421387e-02 5.993408611904077476e-01
1.016555726528167725e-01 -4.885021746158599854e-01 8.666210770606994629e-01 3.368961260446501349e+00
0.000000000000000000e+00 0.000000000000000000e+00 0.000000000000000000e+00 1.000000000000000000e+00
-4.539003968238830566e-02 8.593444824218750000e-01 5.093793869018554688e-01 1.791745027858241857e+00
-9.936078786849975586e-01 1.392263360321521759e-02 -1.120275929570198059e-01 -5.949771568807685207e-02
-1.033622622489929199e-01 -5.112077593803405762e-01 8.532187342643737793e-01 3.530224261922079165e+00
0.000000000000000000e+00 0.000000000000000000e+00 0.000000000000000000e+00 1.000000000000000000e+00
1.258798241615295410e-01 8.438882231712341309e-01 5.215427279472351074e-01 1.680836642985610307e+00
-9.870170354843139648e-01 1.594017893075942993e-01 -1.969559118151664734e-02 2.805956770576991111e-01
-9.975580871105194092e-02 -5.122923254966735840e-01 8.529974818229675293e-01 3.554041643119671079e+00
0.000000000000000000e+00 0.000000000000000000e+00 0.000000000000000000e+00 1.000000000000000000e+00
2.192641645669937134e-01 7.904842495918273926e-01 5.718895196914672852e-01 1.707410244225692875e+00
-9.489527344703674316e-01 3.090041875839233398e-01 -6.328403204679489136e-02 1.081792331380241889e-01
-2.267411500215530396e-01 -5.288202166557312012e-01 8.178857564926147461e-01 3.490221843721597050e+00
0.000000000000000000e+00 0.000000000000000000e+00 0.000000000000000000e+00 1.000000000000000000e+00
3.313512504100799561e-01 7.269169688224792480e-01 6.014957427978515625e-01 1.637797591410400377e+00
-9.132298827171325684e-01 4.072999656200408936e-01 1.085025258362293243e-02 3.588389463922059264e-01
-2.371021062135696411e-01 -5.528993010520935059e-01 7.988018393516540527e-01 3.359547507399924804e+00
0.000000000000000000e+00 0.000000000000000000e+00 0.000000000000000000e+00 1.000000000000000000e+00
3.558807373046875000e-01 7.206667661666870117e-01 5.949690937995910645e-01 1.582722482639883577e+00
-9.224361777305603027e-01 3.729844987392425537e-01 9.997103363275527954e-02 6.982518814264830898e-01
-1.498684436082839966e-01 -5.843988656997680664e-01 7.975068688392639160e-01 3.259184352848691457e+00
0.000000000000000000e+00 0.000000000000000000e+00 0.000000000000000000e+00 1.000000000000000000e+00
3.720182478427886963e-01 7.079373598098754883e-01 6.003553271293640137e-01 1.594913654770047762e+00
-9.253207445144653320e-01 3.339715003967285156e-01 1.795687377452850342e-01 9.951557409129800913e-01
-7.337819039821624756e-02 -6.223241090774536133e-01 7.793125510215759277e-01 3.117393790895417904e+00
0.000000000000000000e+00 0.000000000000000000e+00 0.000000000000000000e+00 1.000000000000000000e+00
5.322209596633911133e-01 6.018049716949462891e-01 5.954596400260925293e-01 1.517769999517494250e+00
-8.432223200798034668e-01 4.396301805973052979e-01 3.093560338020324707e-01 1.400533370194555705e+00
-7.560987025499343872e-02 -6.667504906654357910e-01 7.414357066154479980e-01 2.968423820357227072e+00
0.000000000000000000e+00 0.000000000000000000e+00 0.000000000000000000e+00 1.000000000000000000e+00
6.771736145019531250e-01 4.162640869617462158e-01 6.067621707916259766e-01 1.504952507750360935e+00
-7.154899239540100098e-01 5.650112032890319824e-01 4.108970463275909424e-01 1.738338883628889553e+00
-1.717858910560607910e-01 -7.123806476593017578e-01 6.804436445236206055e-01 2.916722633769789574e+00
0.000000000000000000e+00 0.000000000000000000e+00 0.000000000000000000e+00 1.000000000000000000e+00
7.024552822113037109e-01 3.285856246948242188e-01 6.313381791114807129e-01 1.556206963325408754e+00
-6.502103805541992188e-01 6.570278406143188477e-01 3.814974427223205566e-01 1.612207174349484351e+00
-2.894524037837982178e-01 -6.784878969192504883e-01 6.751826405525207520e-01 3.025515078581036743e+00
0.000000000000000000e+00 0.000000000000000000e+00 0.000000000000000000e+00 1.000000000000000000e+00
7.501473426818847656e-01 2.456437498331069946e-01 6.139523386955261230e-01 1.545296523507385000e+00
-5.708365440368652344e-01 7.092200517654418945e-01 4.137064814567565918e-01 1.638679261482199001e+00
-3.338029384613037109e-01 -6.608071923255920410e-01 6.722418069839477539e-01 3.005130907941624852e+00
0.000000000000000000e+00 0.000000000000000000e+00 0.000000000000000000e+00 1.000000000000000000e+00
7.372317910194396973e-01 2.419126927852630615e-01 6.308466792106628418e-01 1.688156172061682225e+00
-5.485390424728393555e-01 7.594262361526489258e-01 3.498244583606719971e-01 1.327129622196381309e+00
-3.944543004035949707e-01 -6.039456725120544434e-01 6.925715804100036621e-01 3.127208429873637119e+00
0.000000000000000000e+00 0.000000000000000000e+00 0.000000000000000000e+00 1.000000000000000000e+00
7.212625741958618164e-01 3.324567973613739014e-01 6.076621413230895996e-01 1.705255525430594110e+00
-5.923652052879333496e-01 7.507506012916564941e-01 2.923643589019775391e-01 1.071341044393005593e+00
-3.590042889118194580e-01 -5.708290338516235352e-01 7.384243011474609375e-01 3.265138008748379228e+00
0.000000000000000000e+00 0.000000000000000000e+00 0.000000000000000000e+00 1.000000000000000000e+00
8.113691806793212891e-01 1.749907433986663818e-01 5.577257275581359863e-01 1.562939468548008692e+00
-5.271183848381042480e-01 6.314210295677185059e-01 5.687290430068969727e-01 2.076123715071909182e+00
-2.526377737522125244e-01 -7.554367184638977051e-01 6.045567989349365234e-01 2.828656474204279014e+00
0.000000000000000000e+00 0.000000000000000000e+00 0.000000000000000000e+00 1.000000000000000000e+00
8.490594625473022461e-01 1.100091338157653809e-01 5.167161822319030762e-01 1.393073792785231468e+00
-4.807794392108917236e-01 5.663008689880371094e-01 6.694432497024536133e-01 2.464735746619408197e+00
-2.189720422029495239e-01 -8.168237209320068359e-01 5.337134599685668945e-01 2.540618898219275223e+00
0.000000000000000000e+00 0.000000000000000000e+00 0.000000000000000000e+00 1.000000000000000000e+00
8.803592920303344727e-01 5.286780744791030884e-02 4.713517129421234131e-01 1.210609940538216911e+00
-4.316003918647766113e-01 5.014051795005798340e-01 7.498756647109985352e-01 2.772872426463541373e+00
-1.966940611600875854e-01 -8.635956645011901855e-01 4.642346799373626709e-01 2.261804628610827539e+00
0.000000000000000000e+00 0.000000000000000000e+00 0.000000000000000000e+00 1.000000000000000000e+00
9.204494953155517578e-01 1.581202447414398193e-02 3.905417919158935547e-01 8.713759047288087700e-01
-3.625608086585998535e-01 4.078260362148284912e-01 8.379903435707092285e-01 3.106471395214466913e+00
-1.460228860378265381e-01 -9.129229784011840820e-01 3.811160624027252197e-01 1.906706729888647978e+00
0.000000000000000000e+00 0.000000000000000000e+00 0.000000000000000000e+00 1.000000000000000000e+00
9.581602215766906738e-01 2.200802564620971680e-01 1.830131113529205322e-01 5.768997029486904599e-02
-2.441972643136978149e-01 2.949702143669128418e-01 9.237750172615051270e-01 3.364578855118999012e+00
1.493212878704071045e-01 -9.298156499862670898e-01 3.363716006278991699e-01 1.523352749932964434e+00
0.000000000000000000e+00 0.000000000000000000e+00 0.000000000000000000e+00 1.000000000000000000e+00
9.810909628868103027e-01 8.251015841960906982e-02 1.750782132148742676e-01 4.204249540919130501e-02
-1.890484839677810669e-01 2.146386653184890747e-01 9.582227468490600586e-01 3.464419444689689875e+00
4.148456454277038574e-02 -9.732018709182739258e-01 2.261784821748733521e-01 1.153264199206297080e+00
0.000000000000000000e+00 0.000000000000000000e+00 0.000000000000000000e+00 1.000000000000000000e+00
9.655596017837524414e-01 2.343468070030212402e-01 1.130323559045791626e-01 -2.049258459460096826e-01
-1.410333067178726196e-01 1.063420027494430542e-01 9.842768311500549316e-01 3.530873785081355631e+00
2.186420261859893799e-01 -9.663196802139282227e-01 1.357302516698837280e-01 6.750387366180834459e-01
0.000000000000000000e+00 0.000000000000000000e+00 0.000000000000000000e+00 1.000000000000000000e+00
9.664902687072753906e-01 2.261058241128921509e-01 1.215435191988945007e-01 -1.841988928443038243e-01
-1.354992985725402832e-01 4.720312356948852539e-02 9.896524548530578613e-01 3.533516254171617632e+00
2.180289626121520996e-01 -9.729582667350769043e-01 7.625849545001983643e-02 4.396675068151861265e-01
0.000000000000000000e+00 0.000000000000000000e+00 0.000000000000000000e+00 1.000000000000000000e+00
9.844469428062438965e-01 1.483296751976013184e-01 9.414197504520416260e-02 -2.825721382187245112e-01
-8.923354744911193848e-02 -3.942099586129188538e-02 9.952300190925598145e-01 3.512224144113506252e+00
1.513333022594451904e-01 -9.881519675254821777e-01 -2.557183615863323212e-02 5.159215139855336668e-02
0.000000000000000000e+00 0.000000000000000000e+00 0.000000000000000000e+00 1.000000000000000000e+00
8.917253613471984863e-01 4.409062862396240234e-01 1.021180450916290283e-01 -2.121208306556355283e-01
-5.230835452675819397e-02 -1.237178370356559753e-01 9.909377098083496094e-01 3.446860089363961599e+00
4.495446085929870605e-01 -8.889855742454528809e-01 -8.725927770137786865e-02 -4.138235967130106108e-01
0.000000000000000000e+00 0.000000000000000000e+00 0.000000000000000000e+00 1.000000000000000000e+00
9.720663428306579590e-01 1.445015221834182739e-01 1.849483996629714966e-01 -1.269039381859387444e-03
-1.605861485004425049e-01 -1.652054190635681152e-01 9.730976223945617676e-01 3.476111663779395844e+00
1.711686104536056519e-01 -9.756158590316772461e-01 -1.373857110738754272e-01 -3.041566914565042024e-01
0.000000000000000000e+00 0.000000000000000000e+00 0.000000000000000000e+00 1.000000000000000000e+00
9.647414088249206543e-01 -1.283320933580398560e-01 2.297930419445037842e-01 2.045194355210543935e-01
-2.505174279212951660e-01 -1.799806803464889526e-01 9.512347579002380371e-01 3.505906829866541674e+00
-8.071564882993698120e-02 -9.752630591392517090e-01 -2.057842761278152466e-01 -3.521101504115971004e-01
0.000000000000000000e+00 0.000000000000000000e+00 0.000000000000000000e+00 1.000000000000000000e+00
8.037930727005004883e-01 -5.693005323410034180e-01 1.726667582988739014e-01 2.595574244259100105e-01
-3.694112002849578857e-01 -2.501290440559387207e-01 8.949698209762573242e-01 3.489516007050073476e+00
-4.663178622722625732e-01 -7.831555008888244629e-01 -4.113579392433166504e-01 -8.060198604427661895e-01
0.000000000000000000e+00 0.000000000000000000e+00 0.000000000000000000e+00 1.000000000000000000e+00
9.225043654441833496e-01 -2.176066935062408447e-01 3.187993168830871582e-01 5.955668146332985247e-01
-3.785348832607269287e-01 -3.485287129878997803e-01 8.574607372283935547e-01 3.412769273680827720e+00
-7.547852396965026855e-02 -9.116879701614379883e-01 -4.038910269737243652e-01 -1.025438897994986887e+00
0.000000000000000000e+00 0.000000000000000000e+00 0.000000000000000000e+00 1.000000000000000000e+00
8.838056921958923340e-01 -1.577870696783065796e-01 4.404437243938446045e-01 1.053526510982375042e+00
-4.638713300228118896e-01 -4.181083440780639648e-01 7.810304760932922363e-01 3.258498853468627221e+00
6.091661751270294189e-02 -8.945884108543395996e-01 -4.427194893360137939e-01 -1.292860751212822512e+00
0.000000000000000000e+00 0.000000000000000000e+00 0.000000000000000000e+00 1.000000000000000000e+00
8.708326816558837891e-01 -1.370025426149368286e-01 4.721023738384246826e-01 1.174984262574667593e+00
-4.703665971755981445e-01 -5.113038420677185059e-01 7.192521095275878906e-01 3.043447163082284135e+00
1.428483426570892334e-01 -8.484094142913818359e-01 -5.097015500068664551e-01 -1.630703319881594782e+00
0.000000000000000000e+00 0.000000000000000000e+00 0.000000000000000000e+00 1.000000000000000000e+00
8.584936857223510742e-01 -1.237709447741508484e-01 4.976638853549957275e-01 1.275303984944140767e+00
-4.683763980865478516e-01 -5.844277143478393555e-01 6.626217961311340332e-01 2.862413212009764507e+00
2.088351994752883911e-01 -8.019506335258483887e-01 -5.596989393234252930e-01 -1.837573042154057923e+00
0.000000000000000000e+00 0.000000000000000000e+00 0.000000000000000000e+00 1.000000000000000000e+00
8.394445180892944336e-01 -8.530916273593902588e-02 5.367077589035034180e-01 1.388867592801678041e+00
-4.409555196762084961e-01 -6.841577291488647461e-01 5.809357762336730957e-01 2.578013081247169325e+00
3.176335692405700684e-01 -7.243276238441467285e-01 -6.119300127029418945e-01 -2.102404389784808814e+00
0.000000000000000000e+00 0.000000000000000000e+00 0.000000000000000000e+00 1.000000000000000000e+00
8.221709132194519043e-01 -9.947654604911804199e-02 5.604812502861022949e-01 1.497669172159089124e+00
-4.395529329776763916e-01 -7.365770339965820312e-01 5.140498876571655273e-01 2.347904039434350221e+00
3.617016375064849854e-01 -6.689981222152709961e-01 -6.493174433708190918e-01 -2.287761566441735450e+00
0.000000000000000000e+00 0.000000000000000000e+00 0.000000000000000000e+00 1.000000000000000000e+00
7.910177111625671387e-01 -1.417086869478225708e-01 5.951550006866455078e-01 1.667748217132259070e+00
-4.487741291522979736e-01 -7.955645322799682617e-01 4.070364236831665039e-01 1.986358357569998123e+00
4.158035516738891602e-01 -5.890632867813110352e-01 -6.929008960723876953e-01 -2.505953817209160661e+00
0.000000000000000000e+00 0.000000000000000000e+00 0.000000000000000000e+00 1.000000000000000000e+00
7.605859637260437012e-01 -2.023783773183822632e-01 6.168888807296752930e-01 1.795870395725741808e+00
-4.565637111663818359e-01 -8.422651886940002441e-01 2.865988016128540039e-01 1.568826525217732470e+00
4.615825712680816650e-01 -4.996321499347686768e-01 -7.330136895179748535e-01 -2.715781925989212642e+00
0.000000000000000000e+00 0.000000000000000000e+00 0.000000000000000000e+00 1.000000000000000000e+00
7.353358268737792969e-01 -2.658474147319793701e-01 6.233829855918884277e-01 1.867583477108933021e+00
-4.576069712638854980e-01 -8.732582330703735352e-01 1.673790514469146729e-01 1.147011538639231443e+00
4.998769760131835938e-01 -4.083442389965057373e-01 -7.637917399406433105e-01 -2.885793926840538592e+00
0.000000000000000000e+00 0.000000000000000000e+00 0.000000000000000000e+00 1.000000000000000000e+00
7.147968411445617676e-01 -3.502864241600036621e-01 6.052804589271545410e-01 1.837383461041808941e+00
-4.371467232704162598e-01 -8.993801474571228027e-01 -4.245490767061710358e-03 5.246924451024471692e-01
5.458645820617675781e-01 -2.615618407726287842e-01 -7.960007190704345703e-01 -3.067470226093296226e+00
0.000000000000000000e+00 0.000000000000000000e+00 0.000000000000000000e+00 1.000000000000000000e+00
7.005649805068969727e-01 -3.932239115238189697e-01 5.954692363739013672e-01 1.792026130590189226e+00
-3.690451681613922119e-01 -9.138617515563964844e-01 -1.692989617586135864e-01 -1.376613714743777361e-01
6.107490062713623047e-01 -1.011502072215080261e-01 -7.853370308876037598e-01 -3.049471378452138115e+00
0.000000000000000000e+00 0.000000000000000000e+00 0.000000000000000000e+00 1.000000000000000000e+00
6.968270540237426758e-01 -4.179692566394805908e-01 5.828670859336853027e-01 1.732946988301216518e+00
-2.944799363613128662e-01 -9.077228903770446777e-01 -2.988652884960174561e-01 -6.768860514920791438e-01
6.539982557296752930e-01 3.661473095417022705e-02 -7.556094527244567871e-01 -2.969607179592111290e+00
0.000000000000000000e+00 0.000000000000000000e+00 0.000000000000000000e+00 1.000000000000000000e+00
6.871722936630249023e-01 -4.505005478858947754e-01 5.699503421783447266e-01 1.684391187892834596e+00
-2.424905300140380859e-01 -8.817593455314636230e-01 -4.045971035957336426e-01 -1.101141685395599756e+00
6.848301291465759277e-01 1.398202925920486450e-01 -7.151626944541931152e-01 -2.836317950168596003e+00
0.000000000000000000e+00 0.000000000000000000e+00 0.000000000000000000e+00 1.000000000000000000e+00
6.808916330337524414e-01 -4.795245230197906494e-01 5.535726547241210938e-01 1.625221906591717058e+00
-1.590323150157928467e-01 -8.346199989318847656e-01 -5.273689031600952148e-01 -1.623876430616581601e+00
7.149092555046081543e-01 2.710451185703277588e-01 -6.445459127426147461e-01 -2.606220800500782531e+00
0.000000000000000000e+00 0.000000000000000000e+00 0.000000000000000000e+00 1.000000000000000000e+00
6.654756665229797363e-01 -5.107448697090148926e-01 5.443175435066223145e-01 1.600256674876179508e+00
-9.266442805528640747e-02 -7.801274061203002930e-01 -6.187198162078857422e-01 -2.025174278586512777e+00
7.406451106071472168e-01 3.613041639328002930e-01 -5.664837956428527832e-01 -2.338912784410139611e+00
0.000000000000000000e+00 0.000000000000000000e+00 0.000000000000000000e+00 1.000000000000000000e+00
6.736533641815185547e-01 -5.263562202453613281e-01 5.187872648239135742e-01 1.502682486853684551e+00
-3.235194087028503418e-02 -7.222972512245178223e-01 -6.908255219459533691e-01 -2.354880379522296785e+00
7.383389472961425781e-01 4.485931098461151123e-01 -5.036065578460693359e-01 -2.123454348194614649e+00
0.000000000000000000e+00 0.000000000000000000e+00 0.000000000000000000e+00 1.000000000000000000e+00
6.910274624824523926e-01 -5.314571857452392578e-01 4.899329841136932373e-01 1.387080582577155274e+00
1.809858530759811401e-02 -6.648657321929931641e-01 -7.467435598373413086e-01 -2.615367302527543014e+00
7.226018905639648438e-01 5.248873233795166016e-01 -4.498219192028045654e-01 -1.937779702971012652e+00
0.000000000000000000e+00 0.000000000000000000e+00 0.000000000000000000e+00 1.000000000000000000e+00
7.360132336616516113e-01 -5.120147466659545898e-01 4.428606331348419189e-01 1.179330496874411827e+00
6.612562388181686401e-02 -5.966796278953552246e-01 -7.997505664825439453e-01 -2.868176553307124621e+00
6.737298369407653809e-01 6.179113388061523438e-01 -4.053067862987518311e-01 -1.781706157816057345e+00
0.000000000000000000e+00 0.000000000000000000e+00 0.000000000000000000e+00 1.000000000000000000e+00
7.889667153358459473e-01 -4.837740957736968994e-01 3.788062632083892822e-01 9.033342347575068487e-01
1.050705462694168091e-01 -5.012040138244628906e-01 -8.589261770248413086e-01 -3.167960121559251441e+00
6.053855419158935547e-01 7.174657583236694336e-01 -3.446028828620910645e-01 -1.552346493488527601e+00
0.000000000000000000e+00 0.000000000000000000e+00 0.000000000000000000e+00 1.000000000000000000e+00
8.493410348892211914e-01 -4.341279268264770508e-01 3.002546727657318115e-01 5.855117044185682573e-01
1.254253238439559937e-01 -3.865530788898468018e-01 -9.136985540390014648e-01 -3.427546688542614017e+00
5.127263069152832031e-01 8.137011528015136719e-01 -2.738647758960723877e-01 -1.250532643089042883e+00
0.000000000000000000e+00 0.000000000000000000e+00 0.000000000000000000e+00 1.000000000000000000e+00
8.472222089767456055e-01 -4.442387223243713379e-01 2.913182675838470459e-01 5.471564775638272371e-01
1.642296761274337769e-01 -3.024921417236328125e-01 -9.388967752456665039e-01 -3.569448933248985156e+00
5.052157640457153320e-01 8.432972431182861328e-01 -1.833208352327346802e-01 -9.345873050742538046e-01
0.000000000000000000e+00 0.000000000000000000e+00 0.000000000000000000e+00 1.000000000000000000e+00
9.038089513778686523e-01 -3.407898545265197754e-01 2.588277161121368408e-01 3.781539733260504965e-01
1.959688067436218262e-01 -2.080781757831573486e-01 -9.582794308662414551e-01 -3.688558589427389567e+00
3.804282546043395996e-01 9.168235063552856445e-01 -1.212787777185440063e-01 -6.425629736510377610e-01
0.000000000000000000e+00 0.000000000000000000e+00 0.000000000000000000e+00 1.000000000000000000e+00
9.651927947998046875e-01 -1.403845846652984619e-01 2.206701338291168213e-01 1.750639926849873740e-01
2.067209035158157349e-01 -1.073764637112617493e-01 -9.724900126457214355e-01 -3.775746970811534542e+00
1.602173745632171631e-01 9.842571616172790527e-01 -7.461854070425033569e-02 -3.240380527258269194e-01
0.000000000000000000e+00 0.000000000000000000e+00 0.000000000000000000e+00 1.000000000000000000e+00
9.821327328681945801e-01 1.620030216872692108e-02 1.874911189079284668e-01 -1.152334580773377391e-03
1.878477185964584351e-01 -2.435396425426006317e-02 -9.818961620330810547e-01 -3.843707649570594409e+00
-1.134084630757570267e-02 9.995722174644470215e-01 -2.696202881634235382e-02 -3.385369274763074324e-03
0.000000000000000000e+00 0.000000000000000000e+00 0.000000000000000000e+00 1.000000000000000000e+00
9.834543466567993164e-01 -4.228280857205390930e-02 1.761529892683029175e-01 -4.213237172723530155e-02
1.787589937448501587e-01 6.882920861244201660e-02 -9.814823865890502930e-01 -3.889956718547717074e+00
2.937536314129829407e-02 9.967320561408996582e-01 7.524881511926651001e-02 4.190099891905699758e-01
0.000000000000000000e+00 0.000000000000000000e+00 0.000000000000000000e+00 1.000000000000000000e+00
9.812257289886474609e-01 3.486822172999382019e-02 1.896844208240509033e-01 3.958459154766888477e-02
1.845801919698715210e-01 1.153462082147598267e-01 -9.760253429412841797e-01 -3.896295748885561849e+00
-5.591164529323577881e-02 9.927132129669189453e-01 1.067446321249008179e-01 6.557794939562442416e-01
0.000000000000000000e+00 0.000000000000000000e+00 0.000000000000000000e+00 1.000000000000000000e+00
9.811910986900329590e-01 1.260146051645278931e-01 1.462341696023941040e-01 -1.105379125791571965e-01
1.382905840873718262e-01 6.968050450086593628e-02 -9.879375100135803223e-01 -3.911494254902758261e+00
-1.346842050552368164e-01 9.895781874656677246e-01 5.094324424862861633e-02 4.654882835714267975e-01
0.000000000000000000e+00 0.000000000000000000e+00 0.000000000000000000e+00 1.000000000000000000e+00
9.647494554519653320e-01 -2.535227835178375244e-01 7.060272246599197388e-02 -3.740777991147735126e-01
5.649504810571670532e-02 -6.251148879528045654e-02 -9.964438676834106445e-01 -3.866645356737616002e+00
2.570347189903259277e-01 9.653075933456420898e-01 -4.598516598343849182e-02 -1.862098371522662998e-01
0.000000000000000000e+00 0.000000000000000000e+00 0.000000000000000000e+00 1.000000000000000000e+00
8.530422449111938477e-01 -5.172298550605773926e-01 6.922559440135955811e-02 -2.889119872187253524e-01
-3.928158432245254517e-02 -1.959250420331954956e-01 -9.798318147659301758e-01 -3.711781363374694109e+00
5.203613042831420898e-01 8.331184983253479004e-01 -1.874499469995498657e-01 -8.939352999965736180e-01
0.000000000000000000e+00 0.000000000000000000e+00 0.000000000000000000e+00 1.000000000000000000e+00
7.777146100997924805e-01 -6.243311762809753418e-01 7.328215986490249634e-02 -1.811797745309704499e-01
-1.591947972774505615e-01 -3.083867728710174561e-01 -9.378454685211181641e-01 -3.435884978040844917e+00
6.081257462501525879e-01 7.177101969718933105e-01 -3.392272591590881348e-01 -1.514469322245521221e+00
0.000000000000000000e+00 0.000000000000000000e+00 0.000000000000000000e+00 1.000000000000000000e+00
9.453005790710449219e-01 -2.335369884967803955e-01 -2.277439236640930176e-01 -1.345462457732091943e+00
-3.065290153026580811e-01 -3.971731066703796387e-01 -8.650397062301635742e-01 -3.023769759213804420e+00
1.115650460124015808e-01 8.875325322151184082e-01 -4.470337629318237305e-01 -1.644312242516356770e+00
0.000000000000000000e+00 0.000000000000000000e+00 0.000000000000000000e+00 1.000000000000000000e+00
8.825106024742126465e-01 -3.957938849925994873e-01 -2.540122270584106445e-01 -1.341503752244599834e+00
-4.394781589508056641e-01 -5.017569661140441895e-01 -7.450495958328247070e-01 -2.459128129092145620e+00
1.674336642026901245e-01 7.691469192504882812e-01 -6.167486310005187988e-01 -2.282076087029424105e+00
0.000000000000000000e+00 0.000000000000000000e+00 0.000000000000000000e+00 1.000000000000000000e+00
8.082038164138793945e-01 -5.215931534767150879e-01 -2.733991146087646484e-01 -1.300149679736761765e+00
-5.718474388122558594e-01 -5.841774344444274902e-01 -5.759573578834533691e-01 -1.739045305699966626e+00
1.407019495964050293e-01 6.218335628509521484e-01 -7.704063653945922852e-01 -2.780511388305262344e+00
0.000000000000000000e+00 0.000000000000000000e+00 0.000000000000000000e+00 1.000000000000000000e+00
7.369166612625122070e-01 -6.010037064552307129e-01 -3.094319105148315430e-01 -1.310929047434830963e+00
-6.727821826934814453e-01 -6.075795292854309082e-01 -4.221505522727966309e-01 -1.113405416845291818e+00
6.570971012115478516e-02 5.192701816558837891e-01 -8.520801663398742676e-01 -3.006050227087396109e+00
0.000000000000000000e+00 0.000000000000000000e+00 0.000000000000000000e+00 1.000000000000000000e+00
6.592509150505065918e-01 -7.133870720863342285e-01 -2.376271635293960571e-01 -9.216937985490600838e-01
-7.501336336135864258e-01 -6.021885275840759277e-01 -2.732548117637634277e-01 -5.392263726039894234e-01
5.184026435017585754e-02 3.583956956863403320e-01 -9.321293830871582031e-01 -3.232519755478674650e+00
0.000000000000000000e+00 0.000000000000000000e+00 0.000000000000000000e+00 1.000000000000000000e+00
6.864367127418518066e-01 -6.991999745368957520e-01 -1.998089700937271118e-01 -7.959781419949282233e-01
-7.271499037742614746e-01 -6.571180820465087891e-01 -1.986164599657058716e-01 -2.318655475027764368e-01
7.574600167572498322e-03 2.816287279129028320e-01 -9.594935178756713867e-01 -3.268543303250133203e+00
0.000000000000000000e+00 0.000000000000000000e+00 0.000000000000000000e+00 1.000000000000000000e+00
6.915069818496704102e-01 -6.956592798233032227e-01 -1.946183145046234131e-01 -7.811051188160410552e-01
-7.152694463729858398e-01 -6.970734596252441406e-01 -4.978064820170402527e-02 2.976212862013308258e-01
-1.010328829288482666e-01 1.736282259225845337e-01 -9.796150922775268555e-01 -3.221524864196116944e+00
0.000000000000000000e+00 0.000000000000000000e+00 0.000000000000000000e+00 1.000000000000000000e+00
6.719959378242492676e-01 -7.175656557083129883e-01 -1.830866038799285889e-01 -7.214576526407432411e-01
-7.257412075996398926e-01 -6.873121857643127441e-01 3.002158179879188538e-02 5.511713400573028387e-01
-1.473801285028457642e-01 1.126991137862205505e-01 -9.826382994651794434e-01 -3.171135260557863766e+00
0.000000000000000000e+00 0.000000000000000000e+00 0.000000000000000000e+00 1.000000000000000000e+00
6.584722995758056641e-01 -7.350195646286010742e-01 -1.617412418127059937e-01 -6.301359322049461253e-01
-7.325041890144348145e-01 -6.752477288246154785e-01 8.647501468658447266e-02 7.164787480218816063e-01
-1.727762520313262939e-01 6.153477355837821960e-02 -9.830369949340820312e-01 -3.126648297240722574e+00
0.000000000000000000e+00 0.000000000000000000e+00 0.000000000000000000e+00 1.000000000000000000e+00
5.796690583229064941e-01 -7.964719533920288086e-01 -1.720929741859436035e-01 -5.803968202810105836e-01
-7.624991536140441895e-01 -6.046714186668395996e-01 2.301466017961502075e-01 1.193832637026123411e+00
-2.873650491237640381e-01 -2.188086509704589844e-03 -9.578186869621276855e-01 -2.963289520645291386e+00
0.000000000000000000e+00 0.000000000000000000e+00 0.000000000000000000e+00 1.000000000000000000e+00
5.832176804542541504e-01 -7.922981381416320801e-01 -1.792221814393997192e-01 -5.990118620008900718e-01
-6.771720051765441895e-01 -5.960668325424194336e-01 4.314419925212860107e-01 1.839046565685434231e+00
-4.486591517925262451e-01 -1.302602589130401611e-01 -8.841590285301208496e-01 -2.589580759688976386e+00
0.000000000000000000e+00 0.000000000000000000e+00 0.000000000000000000e+00 1.000000000000000000e+00
5.983710289001464844e-01 -7.783414721488952637e-01 -1.900961697101593018e-01 -6.589454721435181739e-01
-6.123588681221008301e-01 -5.972704887390136719e-01 5.179617404937744141e-01 2.104856171505353313e+00
-5.166899561882019043e-01 -1.935261487960815430e-01 -8.340138196945190430e-01 -2.356941793288630738e+00
0.000000000000000000e+00 0.000000000000000000e+00 0.000000000000000000e+00 1.000000000000000000e+00
6.456076502799987793e-01 -7.391833066940307617e-01 -1.918297410011291504e-01 -6.988826558963965319e-01
-5.156025886535644531e-01 -6.072135567665100098e-01 6.045209169387817383e-01 2.351200404150000534e+00
-5.633334517478942871e-01 -2.913753688335418701e-01 -7.731466889381408691e-01 -2.070087916606517364e+00
0.000000000000000000e+00 0.000000000000000000e+00 0.000000000000000000e+00 1.000000000000000000e+00
