1 0 0 -0.04542167112231255 
0 1 0 0.0009935460984706879 
0 0 1 -0.2875000238418579 
0 0 0 1 

0.1869944632053375 0.9718620181083679 -0.1432372331619263 0.04913101345300674 
-0.9545060992240906 0.2142261415719986 0.207424595952034 -0.03900918737053871 
0.232273280620575 0.09793362766504288 0.967707633972168 -0.2963728010654449 
0 0 0 1 

0.272203266620636 0.9513910412788391 -0.1440840363502502 0.04696303233504295 
-0.938287079334259 0.2956367433071136 0.1794881075620651 -0.02788413316011429 
0.213359922170639 0.08633499592542648 0.9731515049934387 -0.295647144317627 
0 0 0 1 

0.8946794271469116 0.4465312957763672 -0.01258368790149689 -0.02575315721333027 
-0.4398227334022522 0.8854658007621765 0.1500204056501389 -0.02084687538444996 
0.07813128083944321 -0.1286855489015579 0.9886028170585632 -0.2676017284393311 
0 0 0 1 

0.8969615697860718 0.4420483112335205 -0.007292064372450113 -0.02687826380133629 
-0.425514280796051 0.8676539063453674 0.2571268677711487 -0.05439284816384315 
0.1199895069003105 -0.2275300472974777 0.9663501381874084 -0.2629565596580505 
0 0 0 1 

0.9011302590370178 0.4334520399570465 -0.009131195023655891 -0.02608679048717022 
-0.3994748890399933 0.8383092284202576 0.3710218071937561 -0.0919526070356369 
0.1684750467538834 -0.3306912779808044 0.9285792112350464 -0.2532142698764801 
0 0 0 1 

0.9059628844261169 0.4232292473316193 -0.01039799675345421 -0.02690256014466286 
-0.3721200525760651 0.8077906370162964 0.45716592669487 -0.1205607503652573 
0.2018855363130569 -0.4103060066699982 0.8893205523490906 -0.2436098009347916 
0 0 0 1 

0.7518411874771118 0.6592221260070801 0.01268573198467493 -0.05329509824514389 
-0.5653786659240723 0.6346752643585205 0.5268149971961975 -0.1416871100664139 
0.3392368853092194 -0.4032534062862396 0.8498852252960205 -0.2829942405223846 
0 0 0 1 

0.6521269679069519 0.7580205798149109 0.01161695271730423 -0.04594678804278374 
-0.6763163208961487 0.5747765302658081 0.4606820046901703 -0.1116555482149124 
0.3425294160842896 -0.3082798421382904 0.8874891996383667 -0.2972782552242279 
0 0 0 1 

0.5924134850502014 0.8055688142776489 -0.0102442130446434 -0.033942561596632 
-0.7347195148468018 0.5454401969909668 0.4033386707305908 -0.08847425878047943 
0.3305047452449799 -0.2314165979623795 0.9149934053421021 -0.3066534399986267 
0 0 0 1 

