0.7201411724090576 0.5257951021194458 -0.452698677778244 0.1057467982172966 
0.0662921741604805 0.5973381996154785 0.7992448210716248 -0.2423848956823349 
0.6906532645225525 -0.6055794954299927 0.3953117728233337 -0.1522286236286163 
0 0 0 1 

0.7794442176818848 0.49361652135849 -0.3857582807540894 0.08052703738212585 
0.1078654602169991 0.5008236765861511 0.8588018417358398 -0.2686187624931335 
0.6171156167984009 -0.7109980583190918 0.337119996547699 -0.132717177271843 
0 0 0 1 

0.8132553100585938 0.4843496084213257 -0.3225233852863312 0.05939141660928726 
0.1314895898103714 0.3869598805904388 0.91267329454422 -0.2908987998962402 
0.5668565630912781 -0.7846448421478271 0.2510102093219757 -0.103972464799881 
0 0 0 1 

0.8540706038475037 0.4327625036239624 -0.2885826826095581 0.04573662579059601 
0.1650617569684982 0.3006376028060913 0.9393463134765625 -0.3033894300460815 
0.4932727515697479 -0.8499021530151367 0.1853332072496414 -0.08153200894594193 
0 0 0 1 

0.9015940427780151 0.3445545732975006 -0.2615537643432617 0.03319015353918076 
0.1999846249818802 0.2041496932506561 0.9582949280738831 -0.3137080371379852 
0.3835809826850891 -0.9162996411323547 0.1151545122265816 -0.05433712154626846 
0 0 0 1 

0.9448952674865723 0.2286111414432526 -0.2343285530805588 0.02049154601991177 
0.2142069488763809 0.1095415055751801 0.9706265926361084 -0.3208598792552948 
0.2475647330284119 -0.9673352837562561 0.05453513935208321 -0.02683983370661736 
0 0 0 1 

0.9573448300361633 0.2137027382850647 -0.1944792121648788 0.003740726970136166 
0.1944304406642914 0.02145595289766788 0.9806817770004272 -0.326873391866684 
0.2137470990419388 -0.9766631722450256 -0.02100948058068752 0.001036576577462256 
0 0 0 1 

0.9836474061012268 0.03581148758530617 -0.1765086650848389 -0.003826528089120984 
0.1786969155073166 -0.07175213843584061 0.9812843203544617 -0.3307517468929291 
0.02247635647654533 -0.9967793822288513 -0.07697826623916626 0.03689802065491676 
0 0 0 1 

0.9780192971229553 -0.07871167361736298 -0.1930872201919556 0.00466496217995882 
0.1833806782960892 -0.1160620674490929 0.9761664867401123 -0.3314070403575897 
-0.09924580901861191 -0.990118145942688 -0.09907673299312592 0.05652180686593056 
0 0 0 1 

0.9801344275474548 -0.08212035894393921 -0.1805357486009598 0.001426070695742965 
0.171175479888916 -0.109519749879837 0.9791345000267029 -0.3320358395576477 
-0.100179135799408 -0.990586519241333 -0.09328705072402954 0.0544697679579258 
0 0 0 1 

