1 0 0 -0.01792658120393753 
0 1 0 0.02243540808558464 
0 0 1 -0.3816788792610168 
0 0 0 1 

0.9986052513122559 0.03851734101772308 -0.03610879927873611 -0.000170224200701341 
-0.03833556920289993 0.9992485642433167 0.005713088437914848 0.01760041527450085 
0.03630172461271286 -0.004320826381444931 0.999331533908844 -0.3693818151950836 
0 0 0 1 

0.9931790828704834 0.04533411934971809 -0.1074251383543015 0.02995788305997849 
-0.04147188737988472 0.9984198808670044 0.03791917487978935 0.008995098993182182 
0.108974426984787 -0.03320540115237236 0.9934898018836975 -0.3666725158691406 
0 0 0 1 

0.6892204880714417 0.716269314289093 -0.1092385798692703 0.003405327210202813 
-0.7136191725730896 0.6449703574180603 -0.2734238505363464 0.09695953130722046 
-0.1253895908594131 0.2664040327072144 0.9556705951690674 -0.2577811777591705 
0 0 0 1 

0.7250828146934509 0.6874026656150818 -0.04162037000060081 -0.02175898849964142 
-0.6797186732292175 0.7046506404876709 -0.2035920768976212 0.07621217519044876 
-0.1106219962239265 0.1759112328290939 0.9781707525253296 -0.2692487835884094 
0 0 0 1 

0.7611299753189087 0.6485985517501831 -0.0009469659416936338 -0.03791198506951332 
-0.6418319940567017 0.7529774904251099 -0.1451770663261414 0.05729316920042038 
-0.09344861656427383 0.1111064031720161 0.9894052147865295 -0.2760474979877472 
0 0 0 1 

0.7908271551132202 0.6084580421447754 0.0661141574382782 -0.06261308491230011 
-0.6054145097732544 0.7935402989387512 -0.06137464940547943 0.02923864684998989 
-0.08980815857648849 0.008510246872901917 0.9959227442741394 -0.2809249460697174 
0 0 0 1 

0.8144856691360474 0.5698906779289246 0.1088016852736473 -0.07975175976753235 
-0.5748317241668701 0.8180692791938782 0.01821678876876831 0.00233602779917419 
-0.07862570881843567 -0.07737991213798523 0.9938963651657104 -0.2841793894767761 
0 0 0 1 

0.9781298637390137 0.1853400617837906 -0.09439820796251297 0.003512474009767175 
-0.1907787472009659 0.980243980884552 -0.05220360308885574 0.002399936085566878 
0.08285786211490631 0.06907106935977936 0.9941648840904236 -0.2358893901109695 
0 0 0 1 

0.9686722755432129 0.2473461031913757 -0.02221084386110306 -0.03216022998094559 
-0.2477615028619766 0.9686455130577087 -0.01841641403734684 -0.03196048736572266 
0.01695919036865234 0.02334245853126049 0.9995835423469543 -0.3076735436916351 
0 0 0 1 

