1.000000000000000000e+00 0.000000000000000000e+00 0.000000000000000000e+00 -1.792658120393753052e-02
0.000000000000000000e+00 1.000000000000000000e+00 0.000000000000000000e+00 2.243540808558464050e-02
0.000000000000000000e+00 0.000000000000000000e+00 1.000000000000000000e+00 -3.816788792610168457e-01
0.000000000000000000e+00 0.000000000000000000e+00 0.000000000000000000e+00 1.000000000000000000e+00
9.882867932319641113e-01 4.905965551733970642e-02 -1.445069909095764160e-01 4.275336861610412598e-02
-5.207684263586997986e-02 9.984954595565795898e-01 -1.716869138181209564e-02 2.614442817866802216e-02
1.434472799301147461e-01 2.449309267103672028e-02 9.893547892570495605e-01 -3.783859610557556152e-01
0.000000000000000000e+00 0.000000000000000000e+00 0.000000000000000000e+00 1.000000000000000000e+00
9.609181880950927734e-01 5.822428688406944275e-02 -2.706400454044342041e-01 9.380878508090972900e-02
-6.571806222200393677e-02 9.976629614830017090e-01 -1.870179921388626099e-02 2.708549425005912781e-02
2.689186334609985352e-01 3.575687855482101440e-02 9.624988436698913574e-01 -3.662278950214385986e-01
0.000000000000000000e+00 0.000000000000000000e+00 0.000000000000000000e+00 1.000000000000000000e+00
9.986052513122558594e-01 3.851734101772308350e-02 -3.610879927873611450e-02 -1.699886779533699155e-04
-3.833556920289993286e-02 9.992485642433166504e-01 5.713088437914848328e-03 1.760051026940345764e-02
3.630172461271286011e-02 -4.320826381444931030e-03 9.993315339088439941e-01 -3.693819046020507812e-01
0.000000000000000000e+00 0.000000000000000000e+00 0.000000000000000000e+00 1.000000000000000000e+00
9.931790828704833984e-01 4.533411562442779541e-02 -1.074251309037208557e-01 2.995821088552474976e-02
-4.147188365459442139e-02 9.984198808670043945e-01 3.791917115449905396e-02 8.995458483695983887e-03
1.089744195342063904e-01 -3.320539742708206177e-02 9.934898018836975098e-01 -3.666736483573913574e-01
0.000000000000000000e+00 0.000000000000000000e+00 0.000000000000000000e+00 1.000000000000000000e+00
-2.738880515098571777e-01 7.497084140777587891e-02 -9.588352441787719727e-01 4.020613729953765869e-01
-4.144784063100814819e-02 9.951105713844299316e-01 8.964667469263076782e-02 -7.305493578314781189e-03
9.608681201934814453e-01 6.429480016231536865e-02 -2.694417238235473633e-01 1.089711189270019531e-01
0.000000000000000000e+00 0.000000000000000000e+00 0.000000000000000000e+00 1.000000000000000000e+00
-3.256693482398986816e-01 9.497060626745223999e-02 -9.407024383544921875e-01 3.908048868179321289e-01
-2.276444062590599060e-02 9.938663840293884277e-01 1.082189232110977173e-01 -1.057402510195970535e-02
9.452091455459594727e-01 5.665815621614456177e-02 -3.215100467205047607e-01 1.345976442098617554e-01
0.000000000000000000e+00 0.000000000000000000e+00 0.000000000000000000e+00 1.000000000000000000e+00
-3.201903104782104492e-01 8.654368668794631958e-02 -9.433916807174682617e-01 3.844657242298126221e-01
-2.471942454576492310e-02 9.947156906127929688e-01 9.964187443256378174e-02 -2.856131410226225853e-03
9.470300674438476562e-01 5.522449314594268799e-02 -3.163592219352722168e-01 1.381447464227676392e-01
0.000000000000000000e+00 0.000000000000000000e+00 0.000000000000000000e+00 1.000000000000000000e+00
-3.004190325736999512e-01 8.097629249095916748e-02 -9.503637552261352539e-01 3.795022666454315186e-01
-3.237562626600265503e-02 9.949499368667602539e-01 9.500950574874877930e-02 8.443554397672414780e-04
9.532572031021118164e-01 5.931128934025764465e-02 -2.962802648544311523e-01 1.376527398824691772e-01
0.000000000000000000e+00 0.000000000000000000e+00 0.000000000000000000e+00 1.000000000000000000e+00
-2.692534923553466797e-01 7.550004869699478149e-02 -9.601049423217773438e-01 3.771387636661529541e-01
-6.156434863805770874e-02 9.935343265533447266e-01 9.539411962032318115e-02 2.568115480244159698e-03
9.610993862152099609e-01 8.479344844818115234e-02 -2.628643512725830078e-01 1.330036222934722900e-01
0.000000000000000000e+00 0.000000000000000000e+00 0.000000000000000000e+00 1.000000000000000000e+00
-2.570769190788269043e-01 5.694307759404182434e-02 -9.647116661071777344e-01 3.725474476814270020e-01
-7.793103158473968506e-02 9.937893152236938477e-01 7.942651212215423584e-02 1.086086779832839966e-02
9.632437825202941895e-01 9.559981524944305420e-02 -2.510427832603454590e-01 1.360379457473754883e-01
0.000000000000000000e+00 0.000000000000000000e+00 0.000000000000000000e+00 1.000000000000000000e+00
-2.321077436208724976e-01 4.111044481396675110e-02 -9.718207120895385742e-01 3.707971274852752686e-01
-1.059377864003181458e-01 9.920948147773742676e-01 6.727011501789093018e-02 1.869960129261016846e-02
9.669042229652404785e-01 1.185664609074592590e-01 -2.259178608655929565e-01 1.342033594846725464e-01
0.000000000000000000e+00 0.000000000000000000e+00 0.000000000000000000e+00 1.000000000000000000e+00
-2.250417917966842651e-01 5.326997861266136169e-02 -9.728917479515075684e-01 3.699836730957031250e-01
-1.053853407502174377e-01 9.913158416748046875e-01 7.865571975708007812e-02 1.843384839594364166e-02
9.686326384544372559e-01 1.202293485403060913e-01 -2.174737900495529175e-01 1.365600526332855225e-01
0.000000000000000000e+00 0.000000000000000000e+00 0.000000000000000000e+00 1.000000000000000000e+00
-2.274616360664367676e-01 5.030219629406929016e-02 -9.724870324134826660e-01 3.686242401599884033e-01
-1.361981332302093506e-01 9.872050285339355469e-01 8.291974663734436035e-02 2.006291970610618591e-02
9.642156958580017090e-01 1.513120681047439575e-01 -2.177000641822814941e-01 1.432006806135177612e-01
0.000000000000000000e+00 0.000000000000000000e+00 0.000000000000000000e+00 1.000000000000000000e+00
-2.164431363344192505e-01 5.319592356681823730e-02 -9.748449325561523438e-01 3.695549368858337402e-01
-1.500181406736373901e-01 9.848434329032897949e-01 8.704980462789535522e-02 2.082432620227336884e-02
9.647004008293151855e-01 1.650857478380203247e-01 -2.051821798086166382e-01 1.446235477924346924e-01
0.000000000000000000e+00 0.000000000000000000e+00 0.000000000000000000e+00 1.000000000000000000e+00
-2.044840604066848755e-01 5.516356602311134338e-02 -9.773142933845520020e-01 3.699370324611663818e-01
-1.764175444841384888e-01 9.799855351448059082e-01 9.222622960805892944e-02 2.131780050694942474e-02
9.628412723541259766e-01 1.912741065025329590e-01 -1.906596124172210693e-01 1.485673934221267700e-01
0.000000000000000000e+00 0.000000000000000000e+00 0.000000000000000000e+00 1.000000000000000000e+00
-1.823053508996963501e-01 5.629570409655570984e-02 -9.816291928291320801e-01 3.717931210994720459e-01
-1.884892582893371582e-01 9.778420925140380859e-01 9.108418226242065430e-02 2.505253069102764130e-02
9.650062918663024902e-01 2.016317099332809448e-01 -1.676546633243560791e-01 1.490490585565567017e-01
0.000000000000000000e+00 0.000000000000000000e+00 0.000000000000000000e+00 1.000000000000000000e+00
-1.488589048385620117e-01 4.699542373418807983e-02 -9.877408742904663086e-01 3.738892078399658203e-01
-2.131168097257614136e-01 9.738717675209045410e-01 7.845357805490493774e-02 3.102076798677444458e-02
9.656202793121337891e-01 2.221827507019042969e-01 -1.349540203809738159e-01 1.461493521928787231e-01
0.000000000000000000e+00 0.000000000000000000e+00 0.000000000000000000e+00 1.000000000000000000e+00
-7.146320492029190063e-02 7.386142760515213013e-02 -9.947047233581542969e-01 3.833217918872833252e-01
-2.277657538652420044e-01 9.696981906890869141e-01 8.836805820465087891e-02 2.755475230515003204e-02
9.710904359817504883e-01 2.328747510910034180e-01 -5.247442051768302917e-02 1.342493295669555664e-01
0.000000000000000000e+00 0.000000000000000000e+00 0.000000000000000000e+00 1.000000000000000000e+00
-4.452064260840415955e-02 1.216322332620620728e-01 -9.915754795074462891e-01 3.969883024692535400e-01
-2.406295239925384521e-01 9.620311260223388672e-01 1.288121789693832397e-01 1.239921059459447861e-02
9.695952534675598145e-01 2.443373948335647583e-01 -1.356195379048585892e-02 1.458304077386856079e-01
0.000000000000000000e+00 0.000000000000000000e+00 0.000000000000000000e+00 1.000000000000000000e+00
-1.280838903039693832e-02 1.358096599578857422e-01 -9.906517863273620605e-01 4.080404639244079590e-01
-2.773420214653015137e-01 9.513788819313049316e-01 1.340116113424301147e-01 1.146464049816131592e-02
9.606856107711791992e-01 2.764659523963928223e-01 2.548017725348472595e-02 1.354777067899703979e-01
0.000000000000000000e+00 0.000000000000000000e+00 0.000000000000000000e+00 1.000000000000000000e+00
-6.265175342559814453e-02 1.714507192373275757e-01 -9.831985831260681152e-01 3.961897194385528564e-01
-1.967062652111053467e-01 9.636889696121215820e-01 1.805832237005233765e-01 -7.477543782442808151e-03
9.784584045410156250e-01 2.047152668237686157e-01 -2.665129490196704865e-02 1.426332741975784302e-01
0.000000000000000000e+00 0.000000000000000000e+00 0.000000000000000000e+00 1.000000000000000000e+00
-5.832139775156974792e-02 1.876797229051589966e-01 -9.804971814155578613e-01 3.923542797565460205e-01
-1.634600609540939331e-01 9.671179056167602539e-01 1.948416680097579956e-01 -1.481032744050025940e-02
9.848242998123168945e-01 1.716355532407760620e-01 -2.572571113705635071e-02 1.363669335842132568e-01
0.000000000000000000e+00 0.000000000000000000e+00 0.000000000000000000e+00 1.000000000000000000e+00
-4.729338362812995911e-02 2.551411688327789307e-01 -9.657472372055053711e-01 3.732884228229522705e-01
-6.278061866760253906e-02 9.641572237014770508e-01 2.577955126762390137e-01 -4.627367854118347168e-02
9.969059228897094727e-01 7.282240688800811768e-02 -2.958082035183906555e-02 1.190083920955657959e-01
0.000000000000000000e+00 0.000000000000000000e+00 0.000000000000000000e+00 1.000000000000000000e+00
-5.607999488711357117e-02 3.102290034294128418e-01 -9.490064978599548340e-01 3.522032201290130615e-01
-3.099943883717060089e-02 9.495027065277099609e-01 3.122231066226959229e-01 -7.649327814579010010e-02
9.979453086853027344e-01 4.692813754081726074e-02 -4.363119602203369141e-02 1.137836426496505737e-01
0.000000000000000000e+00 0.000000000000000000e+00 0.000000000000000000e+00 1.000000000000000000e+00
-3.554697707295417786e-02 3.861862421035766602e-01 -9.217353463172912598e-01 3.345394134521484375e-01
9.477237239480018616e-03 9.224072694778442383e-01 3.861020207405090332e-01 -1.049144268035888672e-01
9.993228912353515625e-01 4.989319015294313431e-03 -3.644872829318046570e-02 1.055625751614570618e-01
0.000000000000000000e+00 0.000000000000000000e+00 0.000000000000000000e+00 1.000000000000000000e+00
2.638291940093040466e-02 4.325026869773864746e-01 -9.012465476989746094e-01 3.233929872512817383e-01
5.002344399690628052e-02 8.998596072196960449e-01 4.333013892173767090e-01 -1.235317513346672058e-01
9.983995556831359863e-01 -5.651516467332839966e-02 2.105645369738340378e-03 8.685033023357391357e-02
0.000000000000000000e+00 0.000000000000000000e+00 0.000000000000000000e+00 1.000000000000000000e+00
3.431700468063354492e-01 4.426249265670776367e-01 -8.284426331520080566e-01 3.064197599887847900e-01
1.202590391039848328e-01 8.540394902229309082e-01 5.061162114143371582e-01 -1.508229374885559082e-01
9.315429925918579102e-01 -2.733118236064910889e-01 2.398512661457061768e-01 -6.928982911631464958e-04
0.000000000000000000e+00 0.000000000000000000e+00 0.000000000000000000e+00 1.000000000000000000e+00
4.445436894893646240e-01 4.504449963569641113e-01 -7.742610573768615723e-01 2.880777418613433838e-01
1.453829854726791382e-01 8.166224956512451172e-01 5.585616827011108398e-01 -1.702602803707122803e-01
8.838804960250854492e-01 -3.608693778514862061e-01 2.975374758243560791e-01 -2.418119274079799652e-02
0.000000000000000000e+00 0.000000000000000000e+00 0.000000000000000000e+00 1.000000000000000000e+00
4.683118760585784912e-01 4.882911145687103271e-01 -7.363799214363098145e-01 2.698354423046112061e-01
1.654155254364013672e-01 7.702330946922302246e-01 6.159375905990600586e-01 -1.892836093902587891e-01
8.679409623146057129e-01 -4.102595150470733643e-01 2.799383103847503662e-01 -2.125315368175506592e-02
0.000000000000000000e+00 0.000000000000000000e+00 0.000000000000000000e+00 1.000000000000000000e+00
4.960404038429260254e-01 5.003837347030639648e-01 -7.096195816993713379e-01 2.555355727672576904e-01
1.639525890350341797e-01 7.485752105712890625e-01 6.424596309661865234e-01 -1.989549845457077026e-01
8.526801466941833496e-01 -4.350299239158630371e-01 2.892843484878540039e-01 -2.632006071507930756e-02
0.000000000000000000e+00 0.000000000000000000e+00 0.000000000000000000e+00 1.000000000000000000e+00
5.108033418655395508e-01 5.096151232719421387e-01 -6.923673152923583984e-01 2.437613904476165771e-01
1.804129928350448608e-01 7.238841652870178223e-01 6.659147143363952637e-01 -2.053896486759185791e-01
8.405542373657226562e-01 -4.650637209415435791e-01 2.778212726116180420e-01 -2.532964758574962616e-02
0.000000000000000000e+00 0.000000000000000000e+00 0.000000000000000000e+00 1.000000000000000000e+00
5.200687646865844727e-01 5.387925505638122559e-01 -6.627449989318847656e-01 2.284880876541137695e-01
1.793696433305740356e-01 6.897370815277099609e-01 7.014907002449035645e-01 -2.162301242351531982e-01
8.350778818130493164e-01 -4.836998581886291504e-01 2.620674967765808105e-01 -2.377771399915218353e-02
0.000000000000000000e+00 0.000000000000000000e+00 0.000000000000000000e+00 1.000000000000000000e+00
5.179804563522338867e-01 5.893710255622863770e-01 -6.199496388435363770e-01 2.046122252941131592e-01
1.481837183237075806e-01 6.519709229469299316e-01 7.436230182647705078e-01 -2.265664041042327881e-01
8.424592614173889160e-01 -4.770488142967224121e-01 2.503730952739715576e-01 -2.755861915647983551e-02
0.000000000000000000e+00 0.000000000000000000e+00 0.000000000000000000e+00 1.000000000000000000e+00
5.170210599899291992e-01 6.100189685821533203e-01 -6.004710793495178223e-01 1.944885849952697754e-01
1.411782950162887573e-01 6.311290860176086426e-01 7.627219557762145996e-01 -2.301843017339706421e-01
8.442495465278625488e-01 -4.791169166564941406e-01 2.401855438947677612e-01 -2.861422859132289886e-02
0.000000000000000000e+00 0.000000000000000000e+00 0.000000000000000000e+00 1.000000000000000000e+00
5.320466160774230957e-01 6.519098877906799316e-01 -5.403146147727966309e-01 1.699337661266326904e-01
1.238576620817184448e-01 5.713446140289306641e-01 8.113106489181518555e-01 -2.409485727548599243e-01
8.376070857048034668e-01 -4.985771775245666504e-01 2.232379019260406494e-01 -3.278014436364173889e-02
0.000000000000000000e+00 0.000000000000000000e+00 0.000000000000000000e+00 1.000000000000000000e+00
3.868483006954193115e-01 7.649209499359130859e-01 -5.150194764137268066e-01 1.588446199893951416e-01
9.908427298069000244e-02 5.207889676094055176e-01 8.479157686233520508e-01 -2.465042024850845337e-01
9.168049693107604980e-01 -3.790450990200042725e-01 1.256747394800186157e-01 -1.441203895956277847e-02
0.000000000000000000e+00 0.000000000000000000e+00 0.000000000000000000e+00 1.000000000000000000e+00
4.993379712104797363e-01 7.514133453369140625e-01 -4.313230812549591064e-01 1.302061975002288818e-01
2.889869734644889832e-02 4.831076562404632568e-01 8.750837445259094238e-01 -2.467667609453201294e-01
8.659251332283020020e-01 -4.494271874427795410e-01 2.195191830396652222e-01 -4.569684714078903198e-02
0.000000000000000000e+00 0.000000000000000000e+00 0.000000000000000000e+00 1.000000000000000000e+00
5.934378504753112793e-01 7.251589298248291016e-01 -3.492504656314849854e-01 1.100117787718772888e-01
-3.008263930678367615e-02 4.535961151123046875e-01 8.906995654106140137e-01 -2.425105273723602295e-01
8.043175339698791504e-01 -5.180683135986328125e-01 2.909957766532897949e-01 -6.545961648225784302e-02
0.000000000000000000e+00 0.000000000000000000e+00 0.000000000000000000e+00 1.000000000000000000e+00
5.871152877807617188e-01 7.727554440498352051e-01 -2.411313056945800781e-01 8.635856211185455322e-02
-1.097886189818382263e-01 3.711360394954681396e-01 9.220653176307678223e-01 -2.535538971424102783e-01
8.020237684249877930e-01 -5.148851275444030762e-01 3.027394115924835205e-01 -6.435097754001617432e-02
0.000000000000000000e+00 0.000000000000000000e+00 0.000000000000000000e+00 1.000000000000000000e+00
5.712654590606689453e-01 8.129852414131164551e-01 -1.127411499619483948e-01 5.160395428538322449e-02
-1.869718581438064575e-01 2.626512348651885986e-01 9.466019272804260254e-01 -2.700326144695281982e-01
7.991856336593627930e-01 -5.196819901466369629e-01 3.020489811897277832e-01 -5.977739021182060242e-02
0.000000000000000000e+00 0.000000000000000000e+00 0.000000000000000000e+00 1.000000000000000000e+00
5.761205554008483887e-01 8.173642754554748535e-01 -1.089227967895567417e-03 1.594910770654678345e-02
-2.025688588619232178e-01 1.440718770027160645e-01 9.686115980148315430e-01 -2.850563526153564453e-01
7.918658852577209473e-01 -5.578161478042602539e-01 2.485753297805786133e-01 -4.461845383048057556e-02
0.000000000000000000e+00 0.000000000000000000e+00 0.000000000000000000e+00 1.000000000000000000e+00
5.934047102928161621e-01 7.973899245262145996e-01 1.097328737378120422e-01 -2.427418157458305359e-02
-2.252942919731140137e-01 3.366338089108467102e-02 9.737086892127990723e-01 -2.929515540599822998e-01
7.727314829826354980e-01 -6.025255322456359863e-01 1.996234953403472900e-01 -3.255896270275115967e-02
0.000000000000000000e+00 0.000000000000000000e+00 0.000000000000000000e+00 1.000000000000000000e+00
6.108035445213317871e-01 7.614061236381530762e-01 2.172108143568038940e-01 -6.611302495002746582e-02
-2.410800904035568237e-01 -8.246487379074096680e-02 9.669949412345886230e-01 -2.977802753448486328e-01
7.541880607604980469e-01 -6.430091857910156250e-01 1.331900656223297119e-01 -1.433513220399618149e-02
0.000000000000000000e+00 0.000000000000000000e+00 0.000000000000000000e+00 1.000000000000000000e+00
5.736480355262756348e-01 8.152527213096618652e-01 7.931658625602722168e-02 -1.267963927239179611e-02
-3.037330508232116699e-01 1.217859014868736267e-01 9.449414014816284180e-01 -2.732774317264556885e-01
7.607064843177795410e-01 -5.661545395851135254e-01 3.174814581871032715e-01 -8.044681698083877563e-02
0.000000000000000000e+00 0.000000000000000000e+00 0.000000000000000000e+00 1.000000000000000000e+00
5.530521869659423828e-01 8.330857157707214355e-01 -1.008692383766174316e-02 1.778595149517059326e-02
-3.809615969657897949e-01 2.636352777481079102e-01 8.862079381942749023e-01 -2.454457730054855347e-01
7.409464120864868164e-01 -4.862767755985260010e-01 4.631778299808502197e-01 -1.213629245758056641e-01
0.000000000000000000e+00 0.000000000000000000e+00 0.000000000000000000e+00 1.000000000000000000e+00
5.439619421958923340e-01 8.293533921241760254e-01 -1.275864541530609131e-01 5.378107354044914246e-02
-4.467883110046386719e-01 4.149714410305023193e-01 7.925770282745361328e-01 -2.048242688179016113e-01
7.102713584899902344e-01 -3.741276860237121582e-01 5.962742567062377930e-01 -1.547828316688537598e-01
0.000000000000000000e+00 0.000000000000000000e+00 0.000000000000000000e+00 1.000000000000000000e+00
5.553373098373413086e-01 8.054237365722656250e-01 -2.071064263582229614e-01 7.628778368234634399e-02
-5.099979639053344727e-01 5.265448689460754395e-01 6.801857948303222656e-01 -1.615926623344421387e-01
6.568885445594787598e-01 -2.721087038516998291e-01 7.031742334365844727e-01 -1.777741163969039917e-01
0.000000000000000000e+00 0.000000000000000000e+00 0.000000000000000000e+00 1.000000000000000000e+00
5.654132366180419922e-01 7.897533178329467773e-01 -2.379023283720016479e-01 8.311747014522552490e-02
-5.678347349166870117e-01 5.819101333618164062e-01 5.821894407272338867e-01 -1.288656294345855713e-01
5.982238650321960449e-01 -1.940883398056030273e-01 7.774689197540283203e-01 -1.930595189332962036e-01
0.000000000000000000e+00 0.000000000000000000e+00 0.000000000000000000e+00 1.000000000000000000e+00
5.813486576080322266e-01 7.873284220695495605e-01 -2.052994370460510254e-01 6.998714804649353027e-02
-6.580306291580200195e-01 6.033512353897094727e-01 4.505141675472259521e-01 -9.252295643091201782e-02
4.785701930522918701e-01 -1.268123835325241089e-01 8.688436746597290039e-01 -2.125034183263778687e-01
0.000000000000000000e+00 0.000000000000000000e+00 0.000000000000000000e+00 1.000000000000000000e+00
5.804491043090820312e-01 7.835414409637451172e-01 -2.216791212558746338e-01 6.948501616716384888e-02
-7.041213512420654297e-01 6.196976304054260254e-01 3.466818332672119141e-01 -6.244948506355285645e-02
4.090135097503662109e-01 -4.514211043715476990e-02 9.114112257957458496e-01 -2.195727378129959106e-01
0.000000000000000000e+00 0.000000000000000000e+00 0.000000000000000000e+00 1.000000000000000000e+00
5.764412879943847656e-01 7.760716080665588379e-01 -2.557885348796844482e-01 7.362685352563858032e-02
-7.489110827445983887e-01 6.269795298576354980e-01 2.145433127880096436e-01 -2.414165250957012177e-02
3.268751800060272217e-01 6.789133697748184204e-02 9.426259398460388184e-01 -2.225539982318878174e-01
0.000000000000000000e+00 0.000000000000000000e+00 0.000000000000000000e+00 1.000000000000000000e+00
5.635610818862915039e-01 7.828195691108703613e-01 -2.638036012649536133e-01 7.431589812040328979e-02
-7.792610526084899902e-01 6.097640991210937500e-01 1.447062194347381592e-01 -4.959788173437118530e-03
2.741368412971496582e-01 1.240211352705955505e-01 9.536601901054382324e-01 -2.233262509107589722e-01
0.000000000000000000e+00 0.000000000000000000e+00 0.000000000000000000e+00 1.000000000000000000e+00
5.432672500610351562e-01 7.939344048500061035e-01 -2.729995250701904297e-01 7.374069094657897949e-02
-8.231124877929687500e-01 5.677278041839599609e-01 1.307166740298271179e-02 2.953991107642650604e-02
1.653674691915512085e-01 2.176079750061035156e-01 9.619253873825073242e-01 -2.231003195047378540e-01
0.000000000000000000e+00 0.000000000000000000e+00 0.000000000000000000e+00 1.000000000000000000e+00
5.362319946289062500e-01 7.959489822387695312e-01 -2.809275388717651367e-01 7.260441780090332031e-02
-8.426593542098999023e-01 5.240525603294372559e-01 -1.236681714653968811e-01 6.539706885814666748e-02
4.878723248839378357e-02 3.030411005020141602e-01 9.517278671264648438e-01 -2.186202704906463623e-01
0.000000000000000000e+00 0.000000000000000000e+00 0.000000000000000000e+00 1.000000000000000000e+00
5.463305711746215820e-01 7.758417129516601562e-01 -3.155823349952697754e-01 7.829578965902328491e-02
-8.367546200752258301e-01 4.889579117298126221e-01 -2.464989721775054932e-01 9.659796208143234253e-02
-3.693773224949836731e-02 3.987350165843963623e-01 9.163221120834350586e-01 -2.063527405261993408e-01
0.000000000000000000e+00 0.000000000000000000e+00 0.000000000000000000e+00 1.000000000000000000e+00
5.183514356613159180e-01 7.914927005767822266e-01 -3.238069117069244385e-01 7.890614122152328491e-02
-8.383602499961853027e-01 3.956250846385955811e-01 -3.750102519989013672e-01 1.296953409910202026e-01
-1.687117964029312134e-01 4.658539891242980957e-01 8.686289191246032715e-01 -1.881558001041412354e-01
0.000000000000000000e+00 0.000000000000000000e+00 0.000000000000000000e+00 1.000000000000000000e+00
5.038138628005981445e-01 7.960233688354492188e-01 -3.354373872280120850e-01 8.202965557575225830e-02
-8.189223408699035645e-01 3.165959715843200684e-01 -4.786784946918487549e-01 1.559931635856628418e-01
-2.748412787914276123e-01 5.158620476722717285e-01 8.113868832588195801e-01 -1.692810058593750000e-01
0.000000000000000000e+00 0.000000000000000000e+00 0.000000000000000000e+00 1.000000000000000000e+00
4.856613576412200928e-01 7.913801670074462891e-01 -3.712822198867797852e-01 9.467116743326187134e-02
-8.056880831718444824e-01 2.404721230268478394e-01 -5.413312911987304688e-01 1.718515157699584961e-01
-3.391158282756805420e-01 5.620412826538085938e-01 7.543936371803283691e-01 -1.512418091297149658e-01
0.000000000000000000e+00 0.000000000000000000e+00 0.000000000000000000e+00 1.000000000000000000e+00
4.467821419239044189e-01 8.243289589881896973e-01 -3.476597964763641357e-01 9.437996149063110352e-02
-7.847275137901306152e-01 1.744707822799682617e-01 -5.947793722152709961e-01 1.835804581642150879e-01
-4.296374619007110596e-01 5.385550856590270996e-01 7.248241305351257324e-01 -1.368273347616195679e-01
0.000000000000000000e+00 0.000000000000000000e+00 0.000000000000000000e+00 1.000000000000000000e+00
4.298931956291198730e-01 8.274849057197570801e-01 -3.611928522586822510e-01 1.037122830748558044e-01
-7.745486497879028320e-01 1.324210315942764282e-01 -6.184973120689392090e-01 1.860287934541702271e-01
-4.639676809310913086e-01 5.456492900848388672e-01 6.978543996810913086e-01 -1.230881586670875549e-01
0.000000000000000000e+00 0.000000000000000000e+00 0.000000000000000000e+00 1.000000000000000000e+00
3.047178387641906738e-01 9.106494188308715820e-01 -2.790426909923553467e-01 9.413835406303405762e-02
-7.714091539382934570e-01 6.413047015666961670e-02 -6.330996751785278320e-01 1.841967254877090454e-01
-5.586366653442382812e-01 4.081727564334869385e-01 7.220250368118286133e-01 -1.225168928503990173e-01
0.000000000000000000e+00 0.000000000000000000e+00 0.000000000000000000e+00 1.000000000000000000e+00
1.385674327611923218e-01 9.593530297279357910e-01 -2.458476722240447998e-01 9.685533493757247925e-02
-7.837752103805541992e-01 -4.551617801189422607e-02 -6.193746328353881836e-01 1.681378632783889771e-01
-6.053888797760009766e-01 2.785144746303558350e-01 7.456099390983581543e-01 -1.254964619874954224e-01
0.000000000000000000e+00 0.000000000000000000e+00 0.000000000000000000e+00 1.000000000000000000e+00
-3.593088686466217041e-02 9.723324179649353027e-01 -2.308216989040374756e-01 9.536588191986083984e-02
-7.899226546287536621e-01 -1.691139489412307739e-01 -5.894258022308349609e-01 1.512812227010726929e-01
-6.121530532836914062e-01 1.611527353525161743e-01 7.741436958312988281e-01 -1.331067830324172974e-01
0.000000000000000000e+00 0.000000000000000000e+00 0.000000000000000000e+00 1.000000000000000000e+00
-1.423608809709548950e-01 9.532321691513061523e-01 -2.666114866733551025e-01 1.020194813609123230e-01
-7.517223358154296875e-01 -2.793518602848052979e-01 -5.973909497261047363e-01 1.552631109952926636e-01
-6.439307332038879395e-01 1.153726503252983093e-01 7.563349008560180664e-01 -1.265770792961120605e-01
0.000000000000000000e+00 0.000000000000000000e+00 0.000000000000000000e+00 1.000000000000000000e+00
-1.515958160161972046e-01 9.514314532279968262e-01 -2.679490149021148682e-01 1.075191870331764221e-01
-7.091235518455505371e-01 -2.935330271720886230e-01 -6.410787105560302734e-01 1.700443625450134277e-01
-6.885943412780761719e-01 9.282396733760833740e-02 7.191810607910156250e-01 -1.125472113490104675e-01
0.000000000000000000e+00 0.000000000000000000e+00 0.000000000000000000e+00 1.000000000000000000e+00
-2.462337464094161987e-01 9.389865398406982422e-01 -2.401519417762756348e-01 1.110253185033798218e-01
-6.968021392822265625e-01 -3.437326252460479736e-01 -6.295351386070251465e-01 1.644500344991683960e-01
-6.736731529235839844e-01 1.232553925365209579e-02 7.389264702796936035e-01 -1.080607697367668152e-01
0.000000000000000000e+00 0.000000000000000000e+00 0.000000000000000000e+00 1.000000000000000000e+00
2.581449747085571289e-01 9.037922620773315430e-01 -3.413508832454681396e-01 8.981901407241821289e-02
-7.326255440711975098e-01 -4.719167947769165039e-02 -6.789938211441040039e-01 1.842263340950012207e-01
-6.297784447669982910e-01 4.253613352775573730e-01 6.499593257904052734e-01 -9.810286015272140503e-02
0.000000000000000000e+00 0.000000000000000000e+00 0.000000000000000000e+00 1.000000000000000000e+00
5.628911852836608887e-01 7.379609346389770508e-01 -3.722464144229888916e-01 8.323917537927627563e-02
-7.619756460189819336e-01 2.888284027576446533e-01 -5.796301960945129395e-01 1.751364171504974365e-01
-3.202290236949920654e-01 6.099114418029785156e-01 7.248872518539428711e-01 -1.540298461914062500e-01
0.000000000000000000e+00 0.000000000000000000e+00 0.000000000000000000e+00 1.000000000000000000e+00
6.112915277481079102e-01 6.901754140853881836e-01 -3.872732520103454590e-01 8.614914864301681519e-02
-7.679750919342041016e-01 3.991260528564453125e-01 -5.009115338325500488e-01 1.577706336975097656e-01
-1.911460310220718384e-01 6.036191582679748535e-01 7.740199565887451172e-01 -1.821551620960235596e-01
0.000000000000000000e+00 0.000000000000000000e+00 0.000000000000000000e+00 1.000000000000000000e+00
6.151744127273559570e-01 6.978018879890441895e-01 -3.669233024120330811e-01 8.093172311782836914e-02
-7.711260914802551270e-01 4.356996715068817139e-01 -4.642522931098937988e-01 1.496651023626327515e-01
-1.640878915786743164e-01 5.685402154922485352e-01 8.061246871948242188e-01 -1.972674131393432617e-01
0.000000000000000000e+00 0.000000000000000000e+00 0.000000000000000000e+00 1.000000000000000000e+00
6.440587043762207031e-01 7.006090283393859863e-01 -3.071404397487640381e-01 6.390775740146636963e-02
-7.559670209884643555e-01 5.214811563491821289e-01 -3.956907391548156738e-01 1.308037638664245605e-01
-1.170566231012344360e-01 4.870361685752868652e-01 8.655019402503967285e-01 -2.198270261287689209e-01
0.000000000000000000e+00 0.000000000000000000e+00 0.000000000000000000e+00 1.000000000000000000e+00
6.584721207618713379e-01 7.158993482589721680e-01 -2.321690768003463745e-01 4.241140559315681458e-02
-7.408788800239562988e-01 5.623549818992614746e-01 -3.672264218330383301e-01 1.238453686237335205e-01
-1.323357671499252319e-01 4.138174951076507568e-01 9.006898403167724609e-01 -2.338542044162750244e-01
0.000000000000000000e+00 0.000000000000000000e+00 0.000000000000000000e+00 1.000000000000000000e+00
6.731999516487121582e-01 7.209779620170593262e-01 -1.642931550741195679e-01 2.146027423441410065e-02
-7.261450886726379395e-01 6.025815606117248535e-01 -3.310716748237609863e-01 1.140647083520889282e-01
-1.396955102682113647e-01 3.421781063079833984e-01 9.291927814483642578e-01 -2.462159097194671631e-01
0.000000000000000000e+00 0.000000000000000000e+00 0.000000000000000000e+00 1.000000000000000000e+00
6.892203688621520996e-01 7.162694931030273438e-01 -1.092386320233345032e-01 3.405312774702906609e-03
-7.136193513870239258e-01 6.449701786041259766e-01 -2.734239101409912109e-01 9.695961326360702515e-02
-1.253896504640579224e-01 2.664040923118591309e-01 9.556705951690673828e-01 -2.577811479568481445e-01
0.000000000000000000e+00 0.000000000000000000e+00 0.000000000000000000e+00 1.000000000000000000e+00
7.250825762748718262e-01 6.874029040336608887e-01 -4.162041470408439636e-02 -2.175898663699626923e-02
-6.797189116477966309e-01 7.046504020690917969e-01 -2.035921663045883179e-01 7.621220499277114868e-02
-1.106220632791519165e-01 1.759112924337387085e-01 9.781706929206848145e-01 -2.692487537860870361e-01
0.000000000000000000e+00 0.000000000000000000e+00 0.000000000000000000e+00 1.000000000000000000e+00
7.611299753189086914e-01 6.485985517501831055e-01 -9.469659416936337948e-04 -3.791202232241630554e-02
-6.418319940567016602e-01 7.529774904251098633e-01 -1.451770663261413574e-01 5.729322880506515503e-02
-9.344861656427383423e-02 1.111064031720161438e-01 9.894052147865295410e-01 -2.760475277900695801e-01
0.000000000000000000e+00 0.000000000000000000e+00 0.000000000000000000e+00 1.000000000000000000e+00
7.908271551132202148e-01 6.084580421447753906e-01 6.611415743827819824e-02 -6.261310726404190063e-02
-6.054145097732543945e-01 7.935402989387512207e-01 -6.137464940547943115e-02 2.923866547644138336e-02
-8.980815857648849487e-02 8.510246872901916504e-03 9.959227442741394043e-01 -2.809249758720397949e-01
0.000000000000000000e+00 0.000000000000000000e+00 0.000000000000000000e+00 1.000000000000000000e+00
8.144853115081787109e-01 5.698907971382141113e-01 1.088016927242279053e-01 -7.975178211927413940e-02
-5.748315453529357910e-01 8.180688023567199707e-01 1.821673102676868439e-02 2.336034085601568222e-03
-7.862569391727447510e-02 -7.737995684146881104e-02 9.938965439796447754e-01 -2.841794192790985107e-01
0.000000000000000000e+00 0.000000000000000000e+00 0.000000000000000000e+00 1.000000000000000000e+00
8.442680835723876953e-01 5.187959671020507812e-01 1.343958377838134766e-01 -9.198519587516784668e-02
-5.325734019279479980e-01 8.401709198951721191e-01 1.023616567254066467e-01 -2.739954367280006409e-02
-5.981063097715377808e-02 -1.579963117837905884e-01 9.856266975402832031e-01 -2.850106954574584961e-01
0.000000000000000000e+00 0.000000000000000000e+00 0.000000000000000000e+00 1.000000000000000000e+00
8.556324243545532227e-01 5.033967494964599609e-01 1.203522831201553345e-01 -9.137389063835144043e-02
-5.175831317901611328e-01 8.317372798919677734e-01 2.008010447025299072e-01 -6.136014685034751892e-02
9.812065400183200836e-04 -2.341042608022689819e-01 9.722107648849487305e-01 -2.852951288223266602e-01
0.000000000000000000e+00 0.000000000000000000e+00 0.000000000000000000e+00 1.000000000000000000e+00
8.549718856811523438e-01 5.120151638984680176e-01 8.284498751163482666e-02 -8.283329755067825317e-02
-5.127493143081665039e-01 8.102803230285644531e-01 2.837857902050018311e-01 -9.065213054418563843e-02
7.817507535219192505e-02 -2.851073741912841797e-01 9.553022980690002441e-01 -2.849523425102233887e-01
0.000000000000000000e+00 0.000000000000000000e+00 0.000000000000000000e+00 1.000000000000000000e+00
8.604199290275573730e-01 5.082173943519592285e-01 3.730143606662750244e-02 -7.133293896913528442e-02
-4.851673543453216553e-01 7.946067452430725098e-01 3.649827539920806885e-01 -1.203206181526184082e-01
1.558507829904556274e-01 -3.321362137794494629e-01 9.302668571472167969e-01 -2.823242843151092529e-01
0.000000000000000000e+00 0.000000000000000000e+00 0.000000000000000000e+00 1.000000000000000000e+00
8.646528720855712891e-01 5.022850036621093750e-01 -9.209049865603446960e-03 -5.973824113607406616e-02
-4.452402293682098389e-01 7.746866345405578613e-01 4.490226209163665771e-01 -1.523703187704086304e-01
2.326717376708984375e-01 -3.841487765312194824e-01 8.934726119041442871e-01 -2.774488925933837891e-01
0.000000000000000000e+00 0.000000000000000000e+00 0.000000000000000000e+00 1.000000000000000000e+00
8.740540742874145508e-01 4.827009439468383789e-01 -5.503823608160018921e-02 -4.672591388225555420e-02
-3.804345428943634033e-01 7.504917979240417480e-01 5.403990149497985840e-01 -1.880452632904052734e-01
3.021569848060607910e-01 -4.513998329639434814e-01 8.396067619323730469e-01 -2.717716991901397705e-01
0.000000000000000000e+00 0.000000000000000000e+00 0.000000000000000000e+00 1.000000000000000000e+00
9.081559777259826660e-01 4.115270376205444336e-01 -7.679624855518341064e-02 -3.976673632860183716e-02
-2.817721366882324219e-01 7.365595698356628418e-01 6.148852109909057617e-01 -2.159021645784378052e-01
3.096071183681488037e-01 -5.367730855941772461e-01 7.848680019378662109e-01 -2.641828060150146484e-01
0.000000000000000000e+00 0.000000000000000000e+00 0.000000000000000000e+00 1.000000000000000000e+00
9.215354323387145996e-01 3.644589185714721680e-01 -1.339460164308547974e-01 -2.106991410255432129e-02
-1.862295418977737427e-01 7.175449132919311523e-01 6.711543798446655273e-01 -2.384326756000518799e-01
3.407203853130340576e-01 -5.935475826263427734e-01 7.291159629821777344e-01 -2.566728293895721436e-01
0.000000000000000000e+00 0.000000000000000000e+00 0.000000000000000000e+00 1.000000000000000000e+00
8.996196985244750977e-01 3.733635246753692627e-01 -2.264592200517654419e-01 1.316962856799364090e-02
-1.057384535670280457e-01 6.894221901893615723e-01 7.166002988815307617e-01 -2.569059133529663086e-01
4.236786961555480957e-01 -6.207224726676940918e-01 6.596967577934265137e-01 -2.442424744367599487e-01
0.000000000000000000e+00 0.000000000000000000e+00 0.000000000000000000e+00 1.000000000000000000e+00
8.358590602874755859e-01 4.496935904026031494e-01 -3.148254454135894775e-01 4.928825050592422485e-02
-7.029487937688827515e-02 6.564728617668151855e-01 7.510672211647033691e-01 -2.699283063411712646e-01
5.444244146347045898e-01 -6.056556701660156250e-01 5.803301334381103516e-01 -2.261832356452941895e-01
0.000000000000000000e+00 0.000000000000000000e+00 0.000000000000000000e+00 1.000000000000000000e+00
9.390838742256164551e-01 2.540632784366607666e-01 -2.314579486846923828e-01 8.540026843547821045e-03
-1.994386687874794006e-02 7.126040458679199219e-01 7.012826204299926758e-01 -2.492406964302062988e-01
3.431082367897033691e-01 -6.539475321769714355e-01 6.742624044418334961e-01 -2.357497364282608032e-01
0.000000000000000000e+00 0.000000000000000000e+00 0.000000000000000000e+00 1.000000000000000000e+00
9.136283397674560547e-01 2.762101590633392334e-01 -2.983145415782928467e-01 2.895019575953483582e-02
-1.933186664246022701e-03 7.367125153541564941e-01 6.762027740478515625e-01 -2.363250702619552612e-01
4.065461456775665283e-01 -6.172215938568115234e-01 6.736153960227966309e-01 -2.403930574655532837e-01
0.000000000000000000e+00 0.000000000000000000e+00 0.000000000000000000e+00 1.000000000000000000e+00
8.927630782127380371e-01 3.403893411159515381e-01 -2.951433956623077393e-01 2.643400430679321289e-02
-3.741120547056198120e-02 7.088558077812194824e-01 7.043607234954833984e-01 -2.450440526008605957e-01
4.489707052707672119e-01 -6.177850365638732910e-01 6.455745100975036621e-01 -2.320827990770339966e-01
0.000000000000000000e+00 0.000000000000000000e+00 0.000000000000000000e+00 1.000000000000000000e+00
8.025084137916564941e-01 4.359538257122039795e-01 -4.073378443717956543e-01 7.075039297342300415e-02
3.898645192384719849e-02 6.429442763328552246e-01 7.649199366569519043e-01 -2.726958990097045898e-01
5.953654050827026367e-01 -6.297355294227600098e-01 4.989718496799468994e-01 -1.892197877168655396e-01
0.000000000000000000e+00 0.000000000000000000e+00 0.000000000000000000e+00 1.000000000000000000e+00
6.879855394363403320e-01 5.417929291725158691e-01 -4.828417599201202393e-01 1.080149710178375244e-01
8.119077235460281372e-02 6.036859154701232910e-01 7.930772304534912109e-01 -2.851381897926330566e-01
7.211686372756958008e-01 -5.848278403282165527e-01 3.713385462760925293e-01 -1.503864526748657227e-01
0.000000000000000000e+00 0.000000000000000000e+00 0.000000000000000000e+00 1.000000000000000000e+00
5.816640257835388184e-01 6.091550588607788086e-01 -5.390704870223999023e-01 1.378582566976547241e-01
1.308141648769378662e-01 5.840365290641784668e-01 8.011173605918884277e-01 -2.909906208515167236e-01
8.028414249420166016e-01 -5.364990830421447754e-01 2.600270509719848633e-01 -1.113959401845932007e-01
0.000000000000000000e+00 0.000000000000000000e+00 0.000000000000000000e+00 1.000000000000000000e+00
4.561938345432281494e-01 6.471387743949890137e-01 -6.108176112174987793e-01 1.741657108068466187e-01
2.583565115928649902e-01 5.605218410491943359e-01 7.868077158927917480e-01 -2.917656898498535156e-01
8.515509963035583496e-01 -5.167458057403564453e-01 8.851416409015655518e-02 -4.803036153316497803e-02
0.000000000000000000e+00 0.000000000000000000e+00 0.000000000000000000e+00 1.000000000000000000e+00
4.191555082798004150e-01 6.354016065597534180e-01 -6.485164165496826172e-01 1.916158795356750488e-01
3.355067670345306396e-01 5.553310513496398926e-01 7.609484791755676270e-01 -2.863645851612091064e-01
8.436490297317504883e-01 -5.365373492240905762e-01 1.958861015737056732e-02 -1.897411979734897614e-02
0.000000000000000000e+00 0.000000000000000000e+00 0.000000000000000000e+00 1.000000000000000000e+00
3.670053482055664062e-01 6.486791372299194336e-01 -6.667249798774719238e-01 2.033730894327163696e-01
3.873467147350311279e-01 5.450762510299682617e-01 7.435417771339416504e-01 -2.816911935806274414e-01
8.457358479499816895e-01 -5.311375260353088379e-01 -5.121777951717376709e-02 9.916706010699272156e-03
0.000000000000000000e+00 0.000000000000000000e+00 0.000000000000000000e+00 1.000000000000000000e+00
6.107915043830871582e-01 3.603762686252593994e-01 -7.050266861915588379e-01 2.215852290391921997e-01
4.571193158626556396e-01 5.665485262870788574e-01 6.856128573417663574e-01 -2.633637189865112305e-01
6.465104222297668457e-01 -7.410475611686706543e-01 1.813080310821533203e-01 -4.070587083697319031e-02
