0.9796269536018372 0.1956288516521454 0.04539110884070396 -0.06495033204555511 
-0.07610613107681274 0.1524748653173447 0.9853725433349609 -0.3025883734226227 
0.1858463287353516 -0.9687520265579224 0.1642570644617081 -0.02592051960527897 
0 0 0 1 

0.9950481653213501 0.09936550259590149 -0.002370179165154696 -0.05300312861800194 
-0.01096961926668882 0.133488267660141 0.9909896850585938 -0.3065061569213867 
0.09878657758235931 -0.9860564470291138 0.1339171677827835 -0.01616863906383514 
0 0 0 1 

-0.9713372588157654 -0.2373618483543396 -0.01278833299875259 0.04824085906147957 
-0.1591668277978897 0.6095027327537537 0.7766417264938354 -0.2430654615163803 
-0.1765505820512772 0.756416380405426 -0.6298127770423889 0.2135353833436966 
0 0 0 1 

-0.9754785299301147 -0.2160867154598236 0.04180974140763283 0.03335389867424965 
-0.08161299675703049 0.5315501689910889 0.8430858850479126 -0.2699648141860962 
-0.2044036090373993 0.8190000057220459 -0.5361512303352356 0.1863804906606674 
0 0 0 1 

-0.9826851487159729 -0.1733729988336563 0.06535355001688004 0.02612614072859287 
-0.01089802011847496 0.4062001407146454 0.9137190580368042 -0.2988221645355225 
-0.1849608570337296 0.8971861600875854 -0.4010561108589172 0.1408892571926117 
0 0 0 1 

-0.9839264750480652 -0.1564584523439407 0.0860772579908371 0.01601129770278931 
0.04728978499770164 0.2365235239267349 0.9704741835594177 -0.3214589059352875 
-0.1721982061862946 0.9589459300041199 -0.2253227680921555 0.07839546352624893 
0 0 0 1 

-0.9764191508293152 -0.1944196671247482 0.09384249895811081 0.01201762724667788 
0.05487094819545746 0.1969137191772461 0.9788841009140015 -0.3250460624694824 
-0.2087932080030441 0.960950493812561 -0.1816022545099258 0.06257648766040802 
0 0 0 1 

-0.979509174823761 -0.1642897129058838 0.1164935827255249 0.004826515913009644 
0.09092146158218384 0.1554048210382462 0.9836578369140625 -0.3285346925258636 
-0.1797085255384445 0.9740936160087585 -0.1372829973697662 0.04319019615650177 
0 0 0 1 

-0.9757757782936096 -0.1783080548048019 0.126758337020874 -0.0003314946661703289 
0.1081743985414505 0.1103787869215012 0.9879851341247559 -0.3296360075473785 
-0.1901571452617645 0.9777640700340271 -0.08841646462678909 0.02471628226339817 
0 0 0 1 

-0.9538400769233704 -0.2930131256580353 0.06582622230052948 0.01627257652580738 
-0.01245736144483089 0.257605254650116 0.9661701917648315 -0.3082873225212097 
-0.3000576198101044 0.9207514524459839 -0.2493640035390854 0.09391656517982483 
0 0 0 1 

