0.271424263715744 0.9576529860496521 -0.09607017040252686 0.03276832774281502 
-0.9597832560539246 0.27675661444664 0.04713607206940651 0.01696863397955894 
0.07172805070877075 0.07941267639398575 0.9942578673362732 -0.3043250739574432 
0 0 0 1 

0.1945655941963196 0.973014235496521 -0.1240468248724937 0.04309127479791641 
-0.9724220037460327 0.2079184055328369 0.1056671962141991 -0.00462476909160614 
0.128607302904129 0.100066639482975 0.9866340756416321 -0.3031162619590759 
0 0 0 1 

0.1127355620265007 0.985535204410553 -0.1265347898006439 0.04551151394844055 
-0.972619354724884 0.1355004906654358 0.1888152360916138 -0.03316400945186615 
0.2032295912504196 0.1017839834094048 0.9738263487815857 -0.300348699092865 
0 0 0 1 

0.1894691586494446 0.9752826690673828 -0.1136883497238159 0.0407683476805687 
-0.9559658765792847 0.2096554934978485 0.2053623497486115 -0.03791888058185577 
0.2241217344999313 0.0697723850607872 0.9720603227615356 -0.2976942658424377 
0 0 0 1 

0.2686423659324646 0.9554954171180725 -0.1219007298350334 0.04108856245875359 
-0.941274106502533 0.2872777581214905 0.1774107366800308 -0.02716582268476486 
0.2045345157384872 0.06708195060491562 0.9765580296516418 -0.2964923977851868 
0 0 0 1 

0.3253130912780762 0.93837571144104 -0.1167145594954491 0.03771955147385597 
-0.9354084730148315 0.337422251701355 0.1056271567940712 -0.001634803833439946 
0.1385000497102737 0.07481390237808228 0.9875326156616211 -0.2965197861194611 
0 0 0 1 

0.3623644411563873 0.9201953411102295 -0.1480957865715027 0.04597226902842522 
-0.9298896789550781 0.3677148520946503 0.00952465832233429 0.03161345422267914 
0.06322154402732849 0.1342613697052002 0.9889271259307861 -0.2927100360393524 
0 0 0 1 

0.3597560226917267 0.9015002846717834 -0.2405673563480377 0.06345871835947037 
-0.8945545554161072 0.4065448939800262 0.1857234984636307 -0.00224332744255662 
0.2652312219142914 0.1483855396509171 0.9526983499526978 -0.3164157867431641 
0 0 0 1 

0.2922616899013519 0.8886418342590332 -0.3534100651741028 0.1051973849534988 
-0.9150640964508057 0.3672462999820709 0.1666965633630753 0.00580077338963747 
0.2779220938682556 0.2746738493442535 0.92049640417099 -0.3066511750221252 
0 0 0 1 

0.9755054712295532 0.007456360384821892 -0.2198485732078552 0.02401894889771938 
-0.03124825097620487 0.9939873218536377 -0.1049417033791542 0.03239329159259796 
0.2177442163228989 0.1092410907149315 0.9698730707168579 -0.2849383950233459 
0 0 0 1 

