1 0 0 -0.04542167112231255 
0 1 0 0.0009935460984706879 
0 0 1 -0.2875000238418579 
0 0 0 1 

0.996895432472229 0.07746712863445282 0.01408119779080153 -0.04815268144011497 
-0.07721127569675446 0.9968542456626892 -0.01788666471838951 0.009612936526536942 
-0.01542253885418177 0.01674389839172363 0.9997408390045166 -0.2933636903762817 
0 0 0 1 

0.9862992167472839 0.1619225889444351 0.03153868392109871 -0.05181807279586792 
-0.160140261054039 0.9856908917427063 -0.05261452496051788 0.02521325834095478 
-0.03960694372653961 0.04684299975633621 0.9981167316436768 -0.2924590110778809 
0 0 0 1 

0.5509545207023621 0.8333710432052612 -0.04406308382749557 0.002294147619977593 
-0.8327969312667847 0.5456339716911316 -0.09344852715730667 0.06598096340894699 
-0.05383501201868057 0.08818148821592331 0.9946485757827759 -0.2984545826911926 
0 0 0 1 

0.4588035047054291 0.8833693265914917 -0.0956968367099762 0.02462492510676384 
-0.8885219097137451 0.4554839134216309 -0.05534614622592926 0.05466049537062645 
-0.005302717443555593 0.110421746969223 0.9938706755638123 -0.3019781112670898 
0 0 0 1 

0.3514081239700317 0.9305209517478943 -0.1031646206974983 0.03142425417900085 
-0.9360125660896301 0.3515222072601318 -0.01767653413116932 0.04038103669881821 
0.01981626264750957 0.1027750670909882 0.9945071935653687 -0.3036699593067169 
0 0 0 1 

0.2705802023410797 0.9542919397354126 -0.1269368827342987 0.04156528413295746 
-0.9592844247817993 0.2783597707748413 0.04784398525953293 0.01622446812689304 
0.08099125325679779 0.1088229566812515 0.9907562732696533 -0.3031775057315826 
0 0 0 1 

0.1950431615114212 0.9673615097999573 -0.1617713421583176 0.05381325632333755 
-0.9717652201652527 0.2129303365945816 0.1016524657607079 -0.003686018753796816 
0.1327807158231735 0.1373771131038666 0.9815787076950073 -0.3013786673545837 
0 0 0 1 

0.1153841391205788 0.9798279404640198 -0.1631675809621811 0.05610041692852974 
-0.9709065556526184 0.1459472477436066 0.1898414641618729 -0.03354993090033531 
0.2098258286714554 0.1365157812833786 0.968161404132843 -0.2984746992588043 
0 0 0 1 

0.1764373034238815 0.9718895554542542 -0.1558863967657089 0.05231137573719025 
-0.9550948739051819 0.2073391973972321 0.2116700410842896 -0.03956953436136246 
0.2380411922931671 0.111539788544178 0.96482914686203 -0.2965776026248932 
0 0 0 1 

