1 0 0 -0.03619798645377159 
0 1 0 -0.001327119767665863 
0 0 1 -0.2960163652896881 
0 0 0 1 

0.7004390358924866 0.4728691875934601 -0.5345844030380249 0.1335205882787704 
-0.1635507345199585 0.8354328274726868 0.5246937274932861 -0.1342350989580154 
0.6947205662727356 -0.280084103345871 0.6625074744224548 -0.2298645079135895 
0 0 0 1 

0.8881173729896545 0.3627948462963104 0.2821833789348602 -0.1255040019750595 
-0.4415026605129242 0.5027371048927307 0.7431895732879639 -0.2068170160055161 
0.1277613043785095 -0.7846242189407349 0.6066644787788391 -0.1921768635511398 
0 0 0 1 

0.8098605871200562 0.499483048915863 0.3076400756835938 -0.1235866695642471 
-0.576123058795929 0.5784441232681274 0.5774810910224915 -0.1454789042472839 
0.1104895547032356 -0.6449177861213684 0.7562228441238403 -0.2348921895027161 
0 0 0 1 

0.7394747138023376 0.5849100351333618 0.3332526683807373 -0.1213596537709236 
-0.6716480255126953 0.6076164841651917 0.4238997101783752 -0.09185215085744858 
0.04545345529913902 -0.5372916460037231 0.842170774936676 -0.2563848495483398 
0 0 0 1 

0.6629727482795715 0.7011467218399048 0.2624123394489288 -0.08777840435504913 
-0.7479178905487061 0.6048820018768311 0.2733795642852783 -0.04125339165329933 
0.0329507440328598 -0.3775061368942261 0.9254206418991089 -0.277193695306778 
0 0 0 1 

0.6866660118103027 0.6909304261207581 0.2260637730360031 -0.07704626768827438 
-0.7268165946006775 0.6589298844337463 0.1937752813100815 -0.01343230251222849 
-0.01507489755749702 -0.2973658442497253 0.9546445608139038 -0.2806150615215302 
0 0 0 1 

0.9681899547576904 -0.07816171646118164 0.2376946955919266 -0.1458315253257751 
0.06979022920131683 0.9966151118278503 0.04344620928168297 -0.02151330374181271 
-0.2402859628200531 -0.02547536417841911 0.9703677296638489 -0.2979032695293427 
0 0 0 1 

0.9650200009346008 -0.1709689795970917 0.1987606436014175 -0.1342049241065979 
0.1519717574119568 0.9825424551963806 0.1073071733117104 -0.05245717987418175 
-0.2136370092630386 -0.07334747165441513 0.9741556644439697 -0.3046542704105377 
0 0 0 1 

0.9412751197814941 -0.2570182979106903 0.2189589887857437 -0.1427101939916611 
0.2271870970726013 0.9618532657623291 0.1523954123258591 -0.0759001299738884 
-0.2497747987508774 -0.0937013253569603 0.9637596011161804 -0.3008948564529419 
0 0 0 1 

