0.7048794627189636 0.4716350436210632 -0.5298160910606384 0.131923496723175 
-0.1601362228393555 0.8334526419639587 0.5288789868354797 -0.1355497986078262 
0.6910145282745361 -0.2879530787467957 0.6630095243453979 -0.2298256903886795 
0 0 0 1 

0.6822669506072998 0.502585768699646 -0.5309606194496155 0.133154034614563 
-0.09624264389276505 0.7816670536994934 0.6162254810333252 -0.1689366400241852 
0.7247406244277954 -0.3693291842937469 0.5816758275032043 -0.2061739414930344 
0 0 0 1 

0.7044458389282227 0.5065626502037048 -0.4971421658992767 0.1213533878326416 
-0.03317287191748619 0.7231724858283997 0.689870297908783 -0.1981450021266937 
0.7089820504188538 -0.4694845974445343 0.5262400507926941 -0.1890233606100082 
0 0 0 1 

0.7188678383827209 0.5074784755706787 -0.4750728011131287 0.1134912073612213 
0.02186951972544193 0.6665657162666321 0.7451255917549133 -0.2207813411951065 
0.6948023438453674 -0.5460363626480103 0.4680745303630829 -0.1718009263277054 
0 0 0 1 

0.8866700530052185 0.3732443749904633 0.2729556560516357 -0.1224575191736221 
-0.4408905804157257 0.5044569373130798 0.7423871159553528 -0.2067664265632629 
0.1393974870443344 -0.7785959839820862 0.6118468046188354 -0.1941531598567963 
0 0 0 1 

0.8066704869270325 0.5057177543640137 0.3058302402496338 -0.1226694956421852 
-0.5802044868469238 0.579192578792572 0.5726242661476135 -0.1438964009284973 
0.1124517694115639 -0.6393632292747498 0.7606373429298401 -0.2363102734088898 
0 0 0 1 

0.736869752407074 0.5929182767868042 0.3247625231742859 -0.118880070745945 
-0.6742020845413208 0.6091751456260681 0.4175605773925781 -0.08971679210662842 
0.04974218085408211 -0.5266433954238892 0.8486297130584717 -0.2580828070640564 
0 0 0 1 

0.9527400135993958 -0.2604319453239441 0.1564018279314041 -0.1228351294994354 
0.2333289533853531 0.9570231437683105 0.1722328215837479 -0.08220061659812927 
-0.1945351511240005 -0.1275999695062637 0.9725606441497803 -0.3073180615901947 
0 0 0 1 

0.9340223073959351 -0.3351815640926361 0.1235131025314331 -0.1140493378043175 
0.3004666864871979 0.9241816401481628 0.2358132749795914 -0.1092173308134079 
-0.19318887591362 -0.1831432431936264 0.9639173150062561 -0.3060143291950226 
0 0 0 1 

0.9084675312042236 -0.3988773822784424 0.124835304915905 -0.1152617260813713 
0.3544266223907471 0.8935146927833557 0.2757047414779663 -0.1275341510772705 
-0.2215145975351334 -0.2062237560749054 0.9531018733978271 -0.302013635635376 
0 0 0 1 

