0.0208673533052206 0.9957147836685181 -0.09009279310703278 0.04302141815423965 
-0.9974324703216553 0.02690819837152958 0.0663655698299408 0.01955560781061649 
0.06850540637969971 0.08847660571336746 0.993719756603241 -0.3113487362861633 
0 0 0 1 

-0.09262825548648834 0.8662543296813965 -0.4909411668777466 0.1805986016988754 
-0.9908411502838135 -0.03153896704316139 0.1312971115112305 -0.001416044891811907 
0.09825289249420166 0.4986065924167633 0.8612419962882996 -0.2612467110157013 
0 0 0 1 

-0.1628817915916443 0.8417494893074036 -0.5147110819816589 0.1900721788406372 
-0.9784945845603943 -0.07089515030384064 0.1937066912651062 -0.02315721474587917 
0.1265619844198227 0.5351932644844055 0.8351947069168091 -0.2537207007408142 
0 0 0 1 

-0.1297054886817932 0.7738596796989441 -0.6199336051940918 0.2170499861240387 
-0.9913764595985413 -0.1129946708679199 0.06636992841959 0.01747149229049683 
-0.01868815533816814 0.6231961250305176 0.7818422913551331 -0.2296628206968307 
0 0 0 1 

-0.08745376765727997 0.681912899017334 -0.7261864542961121 0.2411250472068787 
-0.9948774576187134 -0.02268362417817116 0.09851127862930298 0.01062248181551695 
0.05070360749959946 0.7310816645622253 0.6804034113883972 -0.2077282518148422 
0 0 0 1 

-0.06157552450895309 0.5081026554107666 -0.8590925335884094 0.2790769338607788 
-0.9855616092681885 0.1050626784563065 0.1327786445617676 0.0001953652972588316 
0.1577237397432327 0.8548645973205566 0.4942972362041473 -0.1501622498035431 
0 0 0 1 

-0.1246799230575562 0.3688839972019196 -0.9210752248764038 0.2967506051063538 
-0.9853024482727051 0.06321578472852707 0.1586913764476776 -0.01194973289966583 
0.116765208542347 0.9273232221603394 0.3555805087089539 -0.1023407205939293 
0 0 0 1 

-0.1939739584922791 0.2702373564243317 -0.9430513381958008 0.3052142560482025 
-0.9747171401977539 0.05558962747454643 0.2164167910814285 -0.03071361593902111 
0.1109076738357544 0.9611875414848328 0.2526220381259918 -0.07027154415845871 
0 0 0 1 

-0.2741873860359192 0.1527499109506607 -0.9494673013687134 0.310563325881958 
-0.9596058130264282 0.02128969132900238 0.2805404663085938 -0.05152140930294991 
0.06306622922420502 0.988035261631012 0.140742614865303 -0.03255845233798027 
0 0 0 1 

-0.3054327964782715 0.100420318543911 -0.9469035863876343 0.3158462345600128 
-0.9502153992652893 0.03224389627575874 0.3099205195903778 -0.05795316398143768 
0.06165419146418571 0.9944221973419189 0.08557264506816864 -0.01291635818779469 
0 0 0 1 

