1.000000000000000000e+00 0.000000000000000000e+00 0.000000000000000000e+00 -4.255350477121360719e-01
0.000000000000000000e+00 -1.000000000000000000e+00 0.000000000000000000e+00 3.076616963927396031e-01
0.000000000000000000e+00 0.000000000000000000e+00 -1.000000000000000000e+00 -5.117628744684824760e+00
0.000000000000000000e+00 0.000000000000000000e+00 0.000000000000000000e+00 1.000000000000000000e+00
9.954658150672912598e-01 -5.534834787249565125e-02 7.735727727413177490e-02 7.473069269512556088e-03
-5.698035284876823425e-02 -9.981935024261474609e-01 1.904963515698909760e-02 3.659174310956391785e-01
7.616315782070159912e-02 -2.337114512920379639e-02 -9.968213438987731934e-01 -5.078358758060095290e+00
0.000000000000000000e+00 0.000000000000000000e+00 0.000000000000000000e+00 1.000000000000000000e+00
9.710687994956970215e-01 -6.719991564750671387e-02 2.291497886180877686e-01 8.259293120961196388e-01
-7.364558428525924683e-02 -9.970899820327758789e-01 1.968392170965671539e-02 3.795332281421086029e-01
2.271602302789688110e-01 -3.599028661847114563e-02 -9.731920361518859863e-01 -4.944212559939237472e+00
0.000000000000000000e+00 0.000000000000000000e+00 0.000000000000000000e+00 1.000000000000000000e+00
9.984364509582519531e-01 -5.069059506058692932e-02 -2.355779893696308136e-02 -5.110933326778511754e-01
-5.086280032992362976e-02 -9.986826777458190918e-01 -6.768377032130956650e-03 2.483089807916174507e-01
-2.318365499377250671e-02 7.956063374876976013e-03 -9.996995329856872559e-01 -4.924167652759091851e+00
0.000000000000000000e+00 0.000000000000000000e+00 0.000000000000000000e+00 1.000000000000000000e+00
9.965204596519470215e-01 -5.075916647911071777e-02 6.611085683107376099e-02 -1.678196185939703766e-02
-4.858358204364776611e-02 -9.982364773750305176e-01 -3.411090001463890076e-02 1.454377995954310721e-01
6.772574037313461304e-02 3.078027442097663879e-02 -9.972292184829711914e-01 -4.915613825717573881e+00
0.000000000000000000e+00 0.000000000000000000e+00 0.000000000000000000e+00 1.000000000000000000e+00
6.916384398937225342e-02 -8.674876391887664795e-02 9.938263893127441406e-01 5.208602198017839413e+00
-3.182346001267433167e-02 -9.958968758583068848e-01 -8.471481502056121826e-02 -6.054894740334581388e-02
9.970975518226623535e-01 -2.576779201626777649e-02 -7.164074480533599854e-02 -3.785647185032535167e-01
0.000000000000000000e+00 0.000000000000000000e+00 0.000000000000000000e+00 1.000000000000000000e+00
4.202975705265998840e-02 -1.016947627067565918e-01 9.939275383949279785e-01 5.171853995158596895e+00
-2.068074047565460205e-02 -9.946818351745605469e-01 -1.008974313735961914e-01 -8.244502690005198198e-02
9.989022612571716309e-01 -1.631446927785873413e-02 -4.390942305326461792e-02 -1.449741799349975879e-01
0.000000000000000000e+00 0.000000000000000000e+00 0.000000000000000000e+00 1.000000000000000000e+00
4.189102724194526672e-02 -9.801889210939407349e-02 9.943023920059204102e-01 5.116258087577191027e+00
-2.360627241432666779e-02 -9.949951171875000000e-01 -9.709264338016510010e-02 -1.259745882351433893e-02
9.988430142402648926e-01 -1.940448395907878876e-02 -4.399527236819267273e-02 -4.201906380254216700e-02
0.000000000000000000e+00 0.000000000000000000e+00 0.000000000000000000e+00 1.000000000000000000e+00
5.540472269058227539e-02 -9.456415474414825439e-02 9.939757585525512695e-01 5.053380157355271685e+00
-2.804946154356002808e-02 -9.952594637870788574e-01 -9.312278032302856445e-02 3.196702279932997492e-02
9.980696439743041992e-01 -2.272105403244495392e-02 -5.779446661472320557e-02 1.099590455394369032e-02
0.000000000000000000e+00 0.000000000000000000e+00 0.000000000000000000e+00 1.000000000000000000e+00
6.638862937688827515e-02 -9.366775304079055786e-02 9.933873414993286133e-01 5.007659483572122205e+00
-5.566453933715820312e-02 -9.943813085556030273e-01 -9.004144370555877686e-02 7.428437975089825784e-02
9.962397217750549316e-01 -4.931874945759773254e-02 -7.122957706451416016e-02 6.745211849333758447e-02
0.000000000000000000e+00 0.000000000000000000e+00 0.000000000000000000e+00 1.000000000000000000e+00
8.605771511793136597e-02 -8.659022301435470581e-02 9.925199151039123535e-01 4.959458295183455157e+00
-7.223358750343322754e-02 -9.941361546516418457e-01 -8.046808838844299316e-02 1.526286903078724888e-01
9.936683773994445801e-01 -6.476845592260360718e-02 -9.180788695812225342e-02 8.935834787208571384e-02
0.000000000000000000e+00 0.000000000000000000e+00 0.000000000000000000e+00 1.000000000000000000e+00
8.527451008558273315e-02 -7.560206949710845947e-02 9.934850335121154785e-01 4.934428152842676774e+00
-1.042716205120086670e-01 -9.923191070556640625e-01 -6.656333059072494507e-02 2.705769911522017956e-01
9.908863306045532227e-01 -9.791614860296249390e-02 -9.250265359878540039e-02 2.028457724588298428e-01
0.000000000000000000e+00 0.000000000000000000e+00 0.000000000000000000e+00 1.000000000000000000e+00
9.379076212644577026e-02 -9.007240831851959229e-02 9.915087819099426270e-01 4.935812653795908389e+00
-1.004521176218986511e-01 -9.916731119155883789e-01 -8.058517426252365112e-02 2.545569431221553769e-01
9.905111789703369141e-01 -9.204100072383880615e-02 -1.020577326416969299e-01 2.287572990586350108e-01
0.000000000000000000e+00 0.000000000000000000e+00 0.000000000000000000e+00 1.000000000000000000e+00
1.086531728506088257e-01 -9.767298400402069092e-02 9.892698526382446289e-01 4.947625554018534544e+00
-1.344031691551208496e-01 -9.874670505523681641e-01 -8.273329585790634155e-02 2.829063015003690507e-01
9.849519729614257812e-01 -1.239717975258827209e-01 -1.204189211130142212e-01 2.252157156604463473e-01
0.000000000000000000e+00 0.000000000000000000e+00 0.000000000000000000e+00 1.000000000000000000e+00
1.240153759717941284e-01 -1.035315096378326416e-01 9.868646264076232910e-01 4.964454244452925380e+00
-1.459144204854965210e-01 -9.856328964233398438e-01 -8.506577461957931519e-02 3.079263993641110364e-01
9.814931750297546387e-01 -1.334483176469802856e-01 -1.373403966426849365e-01 2.194325770054863234e-01
0.000000000000000000e+00 0.000000000000000000e+00 0.000000000000000000e+00 1.000000000000000000e+00
1.318218261003494263e-01 -1.118059158325195312e-01 9.849478006362915039e-01 4.984003128075737088e+00
-1.766840070486068726e-01 -9.803580641746520996e-01 -8.763810992240905762e-02 3.222671844419801590e-01
9.754001498222351074e-01 -1.624719053506851196e-01 -1.489869356155395508e-01 2.790202341645398598e-01
0.000000000000000000e+00 0.000000000000000000e+00 0.000000000000000000e+00 1.000000000000000000e+00
1.587662398815155029e-01 -1.196539700031280518e-01 9.800391793251037598e-01 5.008116222063715206e+00
-1.918797194957733154e-01 -9.774426817893981934e-01 -8.825249969959259033e-02 3.549248298309540806e-01
9.684914350509643555e-01 -1.740381121635437012e-01 -1.781441569328308105e-01 2.530960093616668738e-01
0.000000000000000000e+00 0.000000000000000000e+00 0.000000000000000000e+00 1.000000000000000000e+00
1.951562315225601196e-01 -1.207811459898948669e-01 9.733068346977233887e-01 5.021656871541248179e+00
-2.099869251251220703e-01 -9.745209813117980957e-01 -7.882773131132125854e-02 4.286182809075896327e-01
9.580290913581848145e-01 -1.889978796243667603e-01 -2.155462354421615601e-01 1.749454394058929663e-01
0.000000000000000000e+00 0.000000000000000000e+00 0.000000000000000000e+00 1.000000000000000000e+00
2.695883512496948242e-01 -1.461666226387023926e-01 9.518177509307861328e-01 5.085534785254752776e+00
-2.275115251541137695e-01 -9.700990319252014160e-01 -8.453468978404998779e-02 4.008897208125576372e-01
9.357140660285949707e-01 -1.937600374221801758e-01 -2.947822213172912598e-01 -9.178474075108066302e-03
0.000000000000000000e+00 0.000000000000000000e+00 0.000000000000000000e+00 1.000000000000000000e+00
3.200924098491668701e-01 -2.033667266368865967e-01 9.253013730049133301e-01 5.298924119619947248e+00
-2.361071258783340454e-01 -9.629952311515808105e-01 -1.299739927053451538e-01 1.813999787245436091e-01
9.174934029579162598e-01 -1.768666356801986694e-01 -3.562637865543365479e-01 -8.033078716707857392e-02
0.000000000000000000e+00 0.000000000000000000e+00 0.000000000000000000e+00 1.000000000000000000e+00
3.557005524635314941e-01 -2.277789264917373657e-01 9.064179658889770508e-01 5.376101416952697498e+00
-2.700176537036895752e-01 -9.535334110260009766e-01 -1.336573362350463867e-01 1.821496439279207402e-01
8.947440981864929199e-01 -1.972069144248962402e-01 -4.006768167018890381e-01 -3.143704657660589818e-01
0.000000000000000000e+00 0.000000000000000000e+00 0.000000000000000000e+00 1.000000000000000000e+00
3.414700925350189209e-01 -2.354148775339126587e-01 9.099326729774475098e-01 5.257252585340028261e+00
-1.954840868711471558e-01 -9.647419452667236328e-01 -1.762356609106063843e-01 -6.106592795597743512e-02
9.193388223648071289e-01 -1.176982372999191284e-01 -3.754503130912780762e-01 -3.041640618397486451e-01
0.000000000000000000e+00 0.000000000000000000e+00 0.000000000000000000e+00 1.000000000000000000e+00
3.372305631637573242e-01 -2.364750206470489502e-01 9.112381339073181152e-01 5.184451803058348851e+00
-1.649344712495803833e-01 -9.678078889846801758e-01 -1.901165246963500977e-01 -1.617528632171479908e-01
9.268615841865539551e-01 -8.618148416280746460e-02 -3.653773665428161621e-01 -2.986111773201031716e-01
0.000000000000000000e+00 0.000000000000000000e+00 0.000000000000000000e+00 1.000000000000000000e+00
2.743528783321380615e-01 -2.651901245117187500e-01 9.243404269218444824e-01 4.903198906491758713e+00
-6.593985110521316528e-02 -9.641488790512084961e-01 -2.570395469665527344e-01 -6.029791232978882753e-01
9.593655467033386230e-01 9.568590670824050903e-03 -2.820034027099609375e-01 -2.304732373964601261e-02
0.000000000000000000e+00 0.000000000000000000e+00 0.000000000000000000e+00 1.000000000000000000e+00
2.613979876041412354e-01 -3.032851815223693848e-01 9.163454174995422363e-01 4.623809471225360568e+00
-2.658839523792266846e-02 -9.512559175491333008e-01 -3.072548210620880127e-01 -9.785600757273973382e-01
9.648650288581848145e-01 5.595164000988006592e-02 -2.567203044891357422e-01 2.848533866861749017e-02
0.000000000000000000e+00 0.000000000000000000e+00 0.000000000000000000e+00 1.000000000000000000e+00
2.713446319103240967e-01 -3.648753166198730469e-01 8.906389474868774414e-01 4.370994994066703221e+00
1.216889265924692154e-02 -9.239819645881652832e-01 -3.822424709796905518e-01 -1.369595088506856628e+00
9.624053239822387695e-01 1.145575493574142456e-01 -2.462775707244873047e-01 4.177746174304290683e-02
0.000000000000000000e+00 0.000000000000000000e+00 0.000000000000000000e+00 1.000000000000000000e+00
3.073946833610534668e-01 -3.923150897026062012e-01 8.669471144676208496e-01 4.170902662407679706e+00
5.866621434688568115e-02 -9.015126228332519531e-01 -4.287581443786621094e-01 -1.607107536535887338e+00
9.497719407081604004e-01 1.826584935188293457e-01 -2.541044354438781738e-01 -4.360576255862636669e-02
0.000000000000000000e+00 0.000000000000000000e+00 0.000000000000000000e+00 1.000000000000000000e+00
3.644770681858062744e-01 -4.365131556987762451e-01 8.225645422935485840e-01 3.868072344278203012e+00
1.314468979835510254e-01 -8.503652215003967285e-01 -5.095100998878479004e-01 -2.004411394237648025e+00
9.218885898590087891e-01 2.938282489776611328e-01 -2.525603473186492920e-01 -1.111295625739117526e-01
0.000000000000000000e+00 0.000000000000000000e+00 0.000000000000000000e+00 1.000000000000000000e+00
3.651863634586334229e-01 -4.845716059207916260e-01 7.948767542839050293e-01 3.673468017257525808e+00
1.465224921703338623e-01 -8.132877349853515625e-01 -5.631113648414611816e-01 -2.278205485367892358e+00
9.193314909934997559e-01 3.221079409122467041e-01 -2.260010093450546265e-01 -2.923814880659989651e-02
0.000000000000000000e+00 0.000000000000000000e+00 0.000000000000000000e+00 1.000000000000000000e+00
3.736358880996704102e-01 -5.361047983169555664e-01 7.569593191146850586e-01 3.427598266720393028e+00
1.693872511386871338e-01 -7.629056572914123535e-01 -6.239258050918579102e-01 -2.542304696865327340e+00
9.119780063629150391e-01 3.613402545452117920e-01 -1.942396610975265503e-01 6.474199458313044386e-02
0.000000000000000000e+00 0.000000000000000000e+00 0.000000000000000000e+00 1.000000000000000000e+00
4.013909995555877686e-01 -5.495386719703674316e-01 7.327292561531066895e-01 3.247745680294836568e+00
1.747343093156814575e-01 -7.393655180931091309e-01 -6.502352356910705566e-01 -2.661687845053957169e+00
8.990843892097473145e-01 3.890315592288970947e-01 -2.007514685392379761e-01 -2.049908722645701984e-03
0.000000000000000000e+00 0.000000000000000000e+00 0.000000000000000000e+00 1.000000000000000000e+00
4.025291502475738525e-01 -5.673546195030212402e-01 7.183865308761596680e-01 3.100451683353854015e+00
1.882756352424621582e-01 -7.166825532913208008e-01 -6.715041995048522949e-01 -2.747244765954889534e+00
8.958361744880676270e-01 4.055545330047607422e-01 -1.816667616367340088e-01 3.798854859857844074e-02
0.000000000000000000e+00 0.000000000000000000e+00 0.000000000000000000e+00 1.000000000000000000e+00
4.038094580173492432e-01 -6.040019989013671875e-01 6.871094107627868652e-01 2.891169424043387615e+00
1.885961145162582397e-01 -6.799741387367248535e-01 -7.085665464401245117e-01 -2.893002280324673769e+00
8.951923251152038574e-01 4.157120287418365479e-01 -1.606676280498504639e-01 6.965326643106958815e-02
0.000000000000000000e+00 0.000000000000000000e+00 0.000000000000000000e+00 1.000000000000000000e+00
3.419639468193054199e-01 -6.800454854965209961e-01 6.485359072685241699e-01 2.590017649631930041e+00
1.520154774188995361e-01 -6.410197615623474121e-01 -7.523192167282104492e-01 -3.035641195384785718e+00
9.273357987403869629e-01 3.558537065982818604e-01 -1.158282682299613953e-01 1.286500975303933314e-01
0.000000000000000000e+00 0.000000000000000000e+00 0.000000000000000000e+00 1.000000000000000000e+00
2.462855726480484009e-01 -7.344183325767517090e-01 6.324344277381896973e-01 2.467863713852030738e+00
1.391338407993316650e-01 -6.189844012260437012e-01 -7.729812860488891602e-01 -3.091344640873421756e+00
9.591588973999023438e-01 2.783672213554382324e-01 -5.026442185044288635e-02 3.121143802839678738e-01
0.000000000000000000e+00 0.000000000000000000e+00 0.000000000000000000e+00 1.000000000000000000e+00
2.796382308006286621e-01 -7.728976607322692871e-01 5.695887207984924316e-01 2.169344435664057880e+00
1.350380182266235352e-01 -5.556974411010742188e-01 -8.203443884849548340e-01 -3.228383648380652726e+00
9.505615234375000000e-01 3.063158392906188965e-01 -5.102377384901046753e-02 1.642162762525080921e-01
0.000000000000000000e+00 0.000000000000000000e+00 0.000000000000000000e+00 1.000000000000000000e+00
4.283356666564941406e-01 -7.429503798484802246e-01 5.143469572067260742e-01 1.907313047172437770e+00
1.243952512741088867e-01 -5.153067111968994141e-01 -8.479297161102294922e-01 -3.276458449966911157e+00
8.950162529945373535e-01 4.271808266639709473e-01 -1.283046305179595947e-01 -2.330321384161318232e-01
0.000000000000000000e+00 0.000000000000000000e+00 0.000000000000000000e+00 1.000000000000000000e+00
5.682865381240844727e-01 -7.078111767768859863e-01 4.195873737335205078e-01 1.476846344088557972e+00
4.781354591250419617e-02 -4.806636273860931396e-01 -8.756005764007568359e-01 -3.282018278816359658e+00
8.214402198791503906e-01 5.176537036895751953e-01 -2.393115311861038208e-01 -7.103018510858538637e-01
0.000000000000000000e+00 0.000000000000000000e+00 0.000000000000000000e+00 1.000000000000000000e+00
6.634749770164489746e-01 -6.714816689491271973e-01 3.300202786922454834e-01 1.175415308414321292e+00
-1.414690818637609482e-02 -4.522662758827209473e-01 -8.917710185050964355e-01 -3.230259609474491089e+00
7.480648756027221680e-01 5.869986414909362793e-01 -3.095667958259582520e-01 -9.706781577737165767e-01
0.000000000000000000e+00 0.000000000000000000e+00 0.000000000000000000e+00 1.000000000000000000e+00
6.637237071990966797e-01 -7.153242826461791992e-01 2.185908257961273193e-01 8.506902128499765903e-01
-8.700004220008850098e-02 -3.640888035297393799e-01 -9.272922277450561523e-01 -3.393883693970031423e+00
7.429010272026062012e-01 5.964484214782714844e-01 -3.038878142833709717e-01 -9.000334906910580912e-01
0.000000000000000000e+00 0.000000000000000000e+00 0.000000000000000000e+00 1.000000000000000000e+00
6.543036103248596191e-01 -7.508124709129333496e-01 9.037125855684280396e-02 3.970971058383677144e-01
-1.616885066032409668e-01 -2.556316554546356201e-01 -9.531574249267578125e-01 -3.610141234953155198e+00
7.387443184852600098e-01 6.090428233146667480e-01 -2.886585295200347900e-01 -7.906632228378444038e-01
0.000000000000000000e+00 0.000000000000000000e+00 0.000000000000000000e+00 1.000000000000000000e+00
6.668674945831298828e-01 -7.447566986083984375e-01 -2.500933222472667694e-02 -8.756224178263068147e-02
-1.974944025278091431e-01 -1.442791521549224854e-01 -9.696280360221862793e-01 -3.787126408398474364e+00
7.185289263725280762e-01 6.515526771545410156e-01 -2.433003187179565430e-01 -6.007206244137058837e-01
0.000000000000000000e+00 0.000000000000000000e+00 0.000000000000000000e+00 1.000000000000000000e+00
6.774596571922302246e-01 -7.238246798515319824e-01 -1.308679878711700439e-01 -6.141577274502081352e-01
-2.294475734233856201e-01 -3.891365975141525269e-02 -9.725430607795715332e-01 -3.883439500935488287e+00
6.988579630851745605e-01 6.888858675956726074e-01 -1.924422383308410645e-01 -4.132063837180308119e-01
0.000000000000000000e+00 0.000000000000000000e+00 0.000000000000000000e+00 1.000000000000000000e+00
6.862320899963378906e-01 -6.888005137443542480e-01 -2.337506264448165894e-01 -1.148275298759459107e+00
-2.405499219894409180e-01 8.837334066629409790e-02 -9.666054844856262207e-01 -3.955980366873124154e+00
6.864554882049560547e-01 7.195442914962768555e-01 -1.050462573766708374e-01 -8.328711236996856615e-02
0.000000000000000000e+00 0.000000000000000000e+00 0.000000000000000000e+00 1.000000000000000000e+00
6.589161157608032227e-01 -7.446838617324829102e-01 -1.061854511499404907e-01 -5.059266769011240283e-01
-2.915859818458557129e-01 -1.227355450391769409e-01 -9.486377239227294922e-01 -3.646272781325919699e+00
6.934025883674621582e-01 6.560347676277160645e-01 -2.980117499828338623e-01 -1.017352387243485978e+00
0.000000000000000000e+00 0.000000000000000000e+00 0.000000000000000000e+00 1.000000000000000000e+00
6.395191550254821777e-01 -7.675326466560363770e-01 -4.368609189987182617e-02 -1.970848415704489764e-01
-3.710195422172546387e-01 -2.583707571029663086e-01 -8.919579982757568359e-01 -3.283952770689963163e+00
6.733196377754211426e-01 5.866327881813049316e-01 -4.500028789043426514e-01 -1.591711754530995782e+00
0.000000000000000000e+00 0.000000000000000000e+00 0.000000000000000000e+00 1.000000000000000000e+00
6.300058364868164062e-01 -7.747840285301208496e-01 5.294084548950195312e-02 2.108441290431042614e-01
-4.408529698848724365e-01 -4.129300117492675781e-01 -7.969552278518676758e-01 -2.735484642638763564e+00
6.393288373947143555e-01 4.787470698356628418e-01 -6.017141342163085938e-01 -2.116785229114659828e+00
0.000000000000000000e+00 0.000000000000000000e+00 0.000000000000000000e+00 1.000000000000000000e+00
6.229870915412902832e-01 -7.720128297805786133e-01 1.260292232036590576e-01 4.966519603343398370e-01
-5.079789161682128906e-01 -5.218001008033752441e-01 -6.853334307670593262e-01 -2.163080203395419510e+00
5.948480367660522461e-01 3.629336655139923096e-01 -7.172406911849975586e-01 -2.457035366000009269e+00
0.000000000000000000e+00 0.000000000000000000e+00 0.000000000000000000e+00 1.000000000000000000e+00
6.274525523185729980e-01 -7.635173797607421875e-01 1.527890413999557495e-01 5.836974479308323360e-01
-5.657900571823120117e-01 -5.818705558776855469e-01 -5.842158794403076172e-01 -1.711184488997008257e+00
5.349624752998352051e-01 2.801212072372436523e-01 -7.970867156982421875e-01 -2.675989886269070528e+00
0.000000000000000000e+00 0.000000000000000000e+00 0.000000000000000000e+00 1.000000000000000000e+00
6.100561022758483887e-01 -7.799128293991088867e-01 1.398836523294448853e-01 4.933613896573401658e-01
-6.599935293197631836e-01 -5.978530049324035645e-01 -4.549507498741149902e-01 -1.238415607282414843e+00
4.384518563747406006e-01 1.852231472730636597e-01 -8.794614076614379883e-01 -2.898351889967595518e+00
0.000000000000000000e+00 0.000000000000000000e+00 0.000000000000000000e+00 1.000000000000000000e+00
5.927664637565612793e-01 -7.862665653228759766e-01 1.743910163640975952e-01 5.569356377490447541e-01
-7.097529172897338867e-01 -6.123309731483459473e-01 -3.482833802700042725e-01 -8.300988361512959823e-01
3.806286454200744629e-01 8.267617970705032349e-02 -9.210245013236999512e-01 -2.985768502389685608e+00
0.000000000000000000e+00 0.000000000000000000e+00 0.000000000000000000e+00 1.000000000000000000e+00
5.848041176795959473e-01 -7.804397940635681152e-01 2.211739122867584229e-01 6.621673330516402167e-01
-7.497437000274658203e-01 -6.241217255592346191e-01 -2.199010103940963745e-01 -3.298860374600466328e-01
3.096589446067810059e-01 -3.722472861409187317e-02 -9.501184821128845215e-01 -3.019966747345383951e+00
0.000000000000000000e+00 0.000000000000000000e+00 0.000000000000000000e+00 1.000000000000000000e+00
5.731462836265563965e-01 -7.869348526000976562e-01 2.285532802343368530e-01 6.671613974315928619e-01
-7.788556814193725586e-01 -6.098341941833496094e-01 -1.465809494256973267e-01 -6.921506177765501810e-02
2.547293007373809814e-01 -9.399772435426712036e-02 -9.624329805374145508e-01 -3.032371899695467388e+00
0.000000000000000000e+00 0.000000000000000000e+00 0.000000000000000000e+00 1.000000000000000000e+00
5.479041934013366699e-01 -8.015089631080627441e-01 2.395508736371994019e-01 6.639878387117683634e-01
-8.234941959381103516e-01 -5.671492218971252441e-01 -1.410643104463815689e-02 3.943415650251210214e-01
1.471674442291259766e-01 -1.895398497581481934e-01 -9.707813262939453125e-01 -3.030815377772552832e+00
0.000000000000000000e+00 0.000000000000000000e+00 0.000000000000000000e+00 1.000000000000000000e+00
5.303878188133239746e-01 -8.099263906478881836e-01 2.504155635833740234e-01 6.652134137172297512e-01
-8.471303582191467285e-01 -5.176854133605957031e-01 1.198834031820297241e-01 8.674446674126464751e-01
3.253971412777900696e-02 -2.757193446159362793e-01 -9.606872797012329102e-01 -2.967587850147424877e+00
0.000000000000000000e+00 0.000000000000000000e+00 0.000000000000000000e+00 1.000000000000000000e+00
5.416963696479797363e-01 -7.955986261367797852e-01 2.712705731391906738e-01 6.931569008196547532e-01
-8.380484580993652344e-01 -4.861729145050048828e-01 2.476097345352172852e-01 1.298802228805498560e+00
-6.511361896991729736e-02 -3.614670634269714355e-01 -9.301084280014038086e-01 -2.814241770578695512e+00
0.000000000000000000e+00 0.000000000000000000e+00 0.000000000000000000e+00 1.000000000000000000e+00
5.019137263298034668e-01 -8.153296113014221191e-01 2.886523008346557617e-01 7.386588282140204020e-01
-8.422703742980957031e-01 -3.848782479763031006e-01 3.774244785308837891e-01 1.741003559594657801e+00
-1.966294348239898682e-01 -4.325577914714813232e-01 -8.799038529396057129e-01 -2.563663169207077708e+00
0.000000000000000000e+00 0.000000000000000000e+00 0.000000000000000000e+00 1.000000000000000000e+00
4.828067421913146973e-01 -8.238013982772827148e-01 2.970672249794006348e-01 7.731526040051784898e-01
-8.215671777725219727e-01 -3.086449801921844482e-01 4.793390035629272461e-01 2.086875230659987590e+00
-3.031918406486511230e-01 -4.754886031150817871e-01 -8.258240222930908203e-01 -2.318920979420477479e+00
0.000000000000000000e+00 0.000000000000000000e+00 0.000000000000000000e+00 1.000000000000000000e+00
4.558939337730407715e-01 -8.362771868705749512e-01 3.046319186687469482e-01 8.462080447811928252e-01
-8.040934205055236816e-01 -2.402618080377578735e-01 5.437902212142944336e-01 2.304025812455735789e+00
-3.815681040287017822e-01 -4.928632974624633789e-01 -7.819792628288269043e-01 -2.121634950639428308e+00
0.000000000000000000e+00 0.000000000000000000e+00 0.000000000000000000e+00 1.000000000000000000e+00
4.084894359111785889e-01 -8.652827739715576172e-01 2.905542552471160889e-01 8.851836910270003411e-01
-7.855634093284606934e-01 -1.711827218532562256e-01 5.946317911148071289e-01 2.448668861096901406e+00
-4.647868871688842773e-01 -4.711496531963348389e-01 -7.496609687805175781e-01 -1.926372896381725708e+00
0.000000000000000000e+00 0.000000000000000000e+00 0.000000000000000000e+00 1.000000000000000000e+00
3.735986649990081787e-01 -8.812963366508483887e-01 2.893795371055603027e-01 9.766563872821238945e-01
-7.764825224876403809e-01 -1.264656782150268555e-01 6.173176765441894531e-01 2.475936268090679793e+00
-5.074431896209716797e-01 -4.553273022174835205e-01 -7.315587997436523438e-01 -1.780559430554674583e+00
0.000000000000000000e+00 0.000000000000000000e+00 0.000000000000000000e+00 1.000000000000000000e+00
2.704119682312011719e-01 -9.312543272972106934e-01 2.442185878753662109e-01 9.622930331323960029e-01
-7.702832221984863281e-01 -5.710680037736892700e-02 6.351397037506103516e-01 2.461449404075175540e+00
-5.775299668312072754e-01 -3.598669171333312988e-01 -7.327718734741210938e-01 -1.704355331441413934e+00
0.000000000000000000e+00 0.000000000000000000e+00 0.000000000000000000e+00 1.000000000000000000e+00
8.665530383586883545e-02 -9.773044586181640625e-01 1.933054924011230469e-01 9.493317391698291585e-01
-7.827112674713134766e-01 5.325171723961830139e-02 6.201028823852539062e-01 2.242000050705317271e+00
-6.163229346275329590e-01 -2.050375342369079590e-01 -7.603326439857482910e-01 -1.771469501252390222e+00
0.000000000000000000e+00 0.000000000000000000e+00 0.000000000000000000e+00 1.000000000000000000e+00
-9.101139754056930542e-02 -9.810520410537719727e-01 1.710378229618072510e-01 9.072361047483893381e-01
-7.860339879989624023e-01 1.762228906154632568e-01 5.925337672233581543e-01 2.026677811741903312e+00
-6.114471554756164551e-01 -8.051423728466033936e-02 -7.871785759925842285e-01 -1.870890280580814746e+00
0.000000000000000000e+00 0.000000000000000000e+00 0.000000000000000000e+00 1.000000000000000000e+00
-2.022269964218139648e-01 -9.593862891197204590e-01 1.966765224933624268e-01 9.673460251109600172e-01
-7.487738132476806641e-01 2.809070646762847900e-01 6.003573536872863770e-01 2.082724703941637667e+00
-6.312226653099060059e-01 -2.585769817233085632e-02 -7.751705646514892578e-01 -1.803685040844712040e+00
0.000000000000000000e+00 0.000000000000000000e+00 0.000000000000000000e+00 1.000000000000000000e+00
-2.571040093898773193e-01 -9.535382390022277832e-01 1.570420712232589722e-01 9.377883781482579950e-01
-7.060113549232482910e-01 2.963002622127532959e-01 6.432371139526367188e-01 2.272146973654132651e+00
-6.598829030990600586e-01 5.450534820556640625e-02 -7.493890523910522461e-01 -1.683231176205220336e+00
0.000000000000000000e+00 0.000000000000000000e+00 0.000000000000000000e+00 1.000000000000000000e+00
-3.562797307968139648e-01 -9.266316890716552734e-01 1.200763061642646790e-01 9.758865587211411619e-01
-6.926513910293579102e-01 3.481714129447937012e-01 6.316729784011840820e-01 2.198003554807461235e+00
-6.271353363990783691e-01 1.418813169002532959e-01 -7.658792138099670410e-01 -1.642211020060792448e+00
0.000000000000000000e+00 0.000000000000000000e+00 0.000000000000000000e+00 1.000000000000000000e+00
2.145282775163650513e-01 -9.273052811622619629e-01 3.067290484905242920e-01 9.156487634854896251e-01
-7.334238290786743164e-01 5.445395410060882568e-02 6.775869131088256836e-01 2.451038266425575429e+00
-6.450327038764953613e-01 -3.703239560127258301e-01 -6.684258580207824707e-01 -1.392263658268238169e+00
0.000000000000000000e+00 0.000000000000000000e+00 0.000000000000000000e+00 1.000000000000000000e+00
5.303125381469726562e-01 -7.840454578399658203e-01 3.225538432598114014e-01 7.457244853788238537e-01
-7.663942575454711914e-01 -2.806632220745086670e-01 5.778129696846008301e-01 2.336181035583486221e+00
-3.625028133392333984e-01 -5.536248683929443359e-01 -7.497273087501525879e-01 -2.140688802752020337e+00
0.000000000000000000e+00 0.000000000000000000e+00 0.000000000000000000e+00 1.000000000000000000e+00
5.930055975914001465e-01 -7.346852421760559082e-01 3.295179605484008789e-01 7.401322165887259663e-01
-7.695980668067932129e-01 -3.968109786510467529e-01 5.002600550651550293e-01 2.102980321928939134e+00
-2.367772161960601807e-01 -5.502530932426452637e-01 -8.007231950759887695e-01 -2.517406393163160949e+00
0.000000000000000000e+00 0.000000000000000000e+00 0.000000000000000000e+00 1.000000000000000000e+00
5.978973507881164551e-01 -7.464166283607482910e-01 2.921999990940093994e-01 6.028703952995402293e-01
-7.717214822769165039e-01 -4.374665915966033936e-01 4.615940451622009277e-01 1.987997894740978433e+00
-2.167137563228607178e-01 -5.014827251434326172e-01 -8.375857472419738770e-01 -2.728383862583172892e+00
0.000000000000000000e+00 0.000000000000000000e+00 0.000000000000000000e+00 1.000000000000000000e+00
6.265770792961120605e-01 -7.472469210624694824e-01 2.214117348194122314e-01 3.278658082799774665e-01
-7.576256990432739258e-01 -5.173833370208740234e-01 3.978911340236663818e-01 1.758030262633136109e+00
-1.827682256698608398e-01 -4.170567691326141357e-01 -8.903142213821411133e-01 -2.997739534922390092e+00
0.000000000000000000e+00 0.000000000000000000e+00 0.000000000000000000e+00 1.000000000000000000e+00
6.392725706100463867e-01 -7.551059722900390625e-01 1.454145312309265137e-01 3.186794183982361028e-02
-7.435147762298583984e-01 -5.586891770362854004e-01 3.674942553043365479e-01 1.658127249202270947e+00
-1.962556689977645874e-01 -3.430467545986175537e-01 -9.185873270034790039e-01 -3.160965808524948795e+00
0.000000000000000000e+00 0.000000000000000000e+00 0.000000000000000000e+00 1.000000000000000000e+00
6.486339569091796875e-01 -7.574703693389892578e-01 7.424534112215042114e-02 -2.600519351269458546e-01
-7.321885228157043457e-01 -5.943867564201354980e-01 3.325719833374023438e-01 1.533339924356484252e+00
-2.077830731868743896e-01 -2.700790464878082275e-01 -9.401507973670959473e-01 -3.293275925845978058e+00
0.000000000000000000e+00 0.000000000000000000e+00 0.000000000000000000e+00 1.000000000000000000e+00
6.657134294509887695e-01 -7.459481358528137207e-01 1.966441236436367035e-02 -5.051525329351924665e-01
-7.207109928131103516e-01 -6.359145641326904297e-01 2.760216295719146729e-01 1.311979590629640313e+00
-1.933930367231369019e-01 -1.979236304759979248e-01 -9.609501957893371582e-01 -3.424896372012890211e+00
0.000000000000000000e+00 0.000000000000000000e+00 0.000000000000000000e+00 1.000000000000000000e+00
7.069346904754638672e-01 -7.047766447067260742e-01 -5.943778157234191895e-02 -8.900225185229000413e-01
-6.822460293769836426e-01 -7.016619443893432617e-01 2.054520845413208008e-01 1.031366564452010470e+00
-1.865031570196151733e-01 -1.046899780631065369e-01 -9.768605232238769531e-01 -3.538825046755649684e+00
0.000000000000000000e+00 0.000000000000000000e+00 0.000000000000000000e+00 1.000000000000000000e+00
7.453146576881408691e-01 -6.596347093582153320e-01 -9.688996523618698120e-02 -1.092835440189190210e+00
-6.446339488029479980e-01 -7.500719428062438965e-01 1.477799117565155029e-01 7.826462657355895969e-01
-1.701552718877792358e-01 -4.768390953540802002e-02 -9.842628836631774902e-01 -3.613148026130076129e+00
0.000000000000000000e+00 0.000000000000000000e+00 0.000000000000000000e+00 1.000000000000000000e+00
7.698162198066711426e-01 -6.175249814987182617e-01 -1.613868325948715210e-01 -1.419326379617644962e+00
-6.160882115364074707e-01 -7.849957942962646484e-01 6.493563205003738403e-02 4.199323131903981432e-01
-1.667873561382293701e-01 4.944010078907012939e-02 -9.847525358200073242e-01 -3.648338715019288969e+00
0.000000000000000000e+00 0.000000000000000000e+00 0.000000000000000000e+00 1.000000000000000000e+00
7.919114232063293457e-01 -5.733212828636169434e-01 -2.101879566907882690e-01 -1.673663450687896015e+00
-5.886577963829040527e-01 -8.082753419876098633e-01 -1.314723771065473557e-02 7.453861662520992748e-02
-1.623521447181701660e-01 1.341402530670166016e-01 -9.775725603103637695e-01 -3.660673828843076905e+00
0.000000000000000000e+00 0.000000000000000000e+00 0.000000000000000000e+00 1.000000000000000000e+00
8.268038630485534668e-01 -5.108170509338378906e-01 -2.355017364025115967e-01 -1.838920246324758034e+00
-5.440722703933715820e-01 -8.325248360633850098e-01 -1.043436676263809204e-01 -3.471058920717509655e-01
-1.427604705095291138e-01 2.144017666578292847e-01 -9.662563204765319824e-01 -3.654383456498386806e+00
0.000000000000000000e+00 0.000000000000000000e+00 0.000000000000000000e+00 1.000000000000000000e+00
8.430564403533935547e-01 -4.887300431728363037e-01 -2.244964390993118286e-01 -1.849639116989328258e+00
-5.311771035194396973e-01 -8.220564723014831543e-01 -2.051192522048950195e-01 -8.022860016538728711e-01
-8.430072665214538574e-02 2.921745181083679199e-01 -9.526423215866088867e-01 -3.648604980464865921e+00
0.000000000000000000e+00 0.000000000000000000e+00 0.000000000000000000e+00 1.000000000000000000e+00
8.516731858253479004e-01 -4.894196391105651855e-01 -1.874057203531265259e-01 -1.746255109437802933e+00
-5.239351391792297363e-01 -8.033504486083984375e-01 -2.830541431903839111e-01 -1.172329495896369700e+00
-1.202002167701721191e-02 3.392581045627593994e-01 -9.406164288520812988e-01 -3.658271487550195822e+00
0.000000000000000000e+00 0.000000000000000000e+00 0.000000000000000000e+00 1.000000000000000000e+00
8.618639707565307617e-01 -4.886288642883300781e-01 -1.357651799917221069e-01 -1.579551214674773885e+00
-5.018599033355712891e-01 -7.832334637641906738e-01 -3.669902086257934570e-01 -1.574345279778671447e+00
7.298624515533447266e-02 3.844307661056518555e-01 -9.202640652656555176e-01 -3.646777629679646360e+00
0.000000000000000000e+00 0.000000000000000000e+00 0.000000000000000000e+00 1.000000000000000000e+00
8.781474232673645020e-01 -4.694007635116577148e-01 -9.230300784111022949e-02 -1.444364458335340329e+00
-4.571943283081054688e-01 -7.666748166084289551e-01 -4.507579207420349121e-01 -1.996006969491599392e+00
1.408199220895767212e-01 4.380323290824890137e-01 -8.878610730171203613e-01 -3.588260738573810560e+00
0.000000000000000000e+00 0.000000000000000000e+00 0.000000000000000000e+00 1.000000000000000000e+00
8.962461352348327637e-01 -4.414770901203155518e-01 -4.290368035435676575e-02 -1.274995726612888847e+00
-3.913556039333343506e-01 -7.415351867675781250e-01 -5.449458360671997070e-01 -2.479520415891033114e+00
2.087666839361190796e-01 5.051962137222290039e-01 -8.373727202415466309e-01 -3.520755106971385828e+00
0.000000000000000000e+00 0.000000000000000000e+00 0.000000000000000000e+00 1.000000000000000000e+00
9.302632808685302734e-01 -3.665840625762939453e-01 -1.504329964518547058e-02 -1.171973121825237163e+00
-2.979399561882019043e-01 -7.308698892593383789e-01 -6.140527725219726562e-01 -2.830352322529705589e+00
2.141073495149612427e-01 5.757126808166503906e-01 -7.891215085983276367e-01 -3.455203411366012833e+00
0.000000000000000000e+00 0.000000000000000000e+00 0.000000000000000000e+00 1.000000000000000000e+00
9.496178627014160156e-01 -3.128312230110168457e-01 1.903959177434444427e-02 -1.050599034282178934e+00
-2.184913605451583862e-01 -7.043495178222656250e-01 -6.753908991813659668e-01 -3.128596605257492502e+00
2.246940284967422485e-01 6.372032761573791504e-01 -7.372138500213623047e-01 -3.347894468610012719e+00
0.000000000000000000e+00 0.000000000000000000e+00 0.000000000000000000e+00 1.000000000000000000e+00
