0.8922743797302246 0.4284677803516388 0.1423439830541611 -0.07402896881103516 
0.2018836289644241 -0.0966297835111618 -0.9746310710906982 0.2506072521209717 
-0.4038433432579041 0.8983752727508545 -0.1727208346128464 0.1225073859095573 
0 0 0 1 

0.144307404756546 0.9593918323516846 -0.2423683851957321 0.1051252335309982 
0.5157941579818726 -0.2819548845291138 -0.8089854717254639 0.1774764060974121 
-0.8444711565971375 -0.008269723504781723 -0.5355367660522461 0.2295228838920593 
0 0 0 1 

-0.019381457939744 0.9625347852706909 -0.2704643905162811 0.1098586842417717 
0.5320050120353699 -0.2191107422113419 -0.8179003000259399 0.2120432257652283 
-0.8465192914009094 -0.1597405672073364 -0.5078266263008118 0.2455112785100937 
0 0 0 1 

0.6228561997413635 0.7062616944313049 0.3365183770656586 -0.1493024677038193 
0.4614175260066986 0.0157303474843502 -0.8870436549186707 0.2453205436468124 
-0.6317785382270813 0.7077761292457581 -0.3160838484764099 0.1788367629051208 
0 0 0 1 

0.6427569389343262 0.6506601572036743 0.4043572247028351 -0.1770094484090805 
0.3496578335762024 0.2204678654670715 -0.9105674624443054 0.2653283178806305 
-0.681617796421051 0.7266601920127869 -0.08580120652914047 0.1020771339535713 
0 0 0 1 

0.5979341268539429 0.6691005229949951 0.4413380026817322 -0.1871388256549835 
0.2575644552707672 0.3610188364982605 -0.8962844610214233 0.2698475122451782 
-0.7590357661247253 0.6495920419692993 0.0435289554297924 0.06210679933428764 
0 0 0 1 

0.4415970742702484 0.7827560305595398 0.4385029673576355 -0.1529578268527985 
0.480860561132431 0.2061369866132736 -0.8522209525108337 0.2482359558343887 
-0.757472813129425 0.5871970057487488 -0.2853670120239258 0.1740831285715103 
0 0 0 1 

0.3875435888767242 0.787973940372467 0.4784421622753143 -0.1648483574390411 
0.5628151297569275 0.2088024914264679 -0.7997753024101257 0.2260803729295731 
-0.7301020622253418 0.5792222619056702 -0.3625636100769043 0.1969705522060394 
0 0 0 1 

0.2063609212636948 0.8674553632736206 0.4526987671852112 -0.1463577598333359 
0.6372540593147278 0.2319366484880447 -0.7349234819412231 0.2014873176813126 
-0.7425107955932617 0.4401436150074005 -0.5049268007278442 0.2387556135654449 
0 0 0 1 

0.2136952579021454 0.8593986630439758 0.4645084738731384 -0.1452330946922302 
0.6210280656814575 0.2475357949733734 -0.7436733245849609 0.2065343260765076 
-0.7540943026542664 0.4473922550678253 -0.4808136224746704 0.2170537859201431 
0 0 0 1 

