0.4589629173278809 0.8589040637016296 -0.2272371649742126 0.06354475766420364 
-0.8874070644378662 0.4307524859905243 -0.1641978174448013 0.08686181902885437 
-0.0431472435593605 0.2770125567913055 0.9598970413208008 -0.2751046121120453 
0 0 0 1 

0.5357073545455933 0.8177893757820129 -0.2103279381990433 0.05281708016991615 
-0.8399444222450256 0.490518718957901 -0.232130154967308 0.1054556891322136 
-0.0866638571023941 0.3010176718235016 0.9496724605560303 -0.2682900726795197 
0 0 0 1 

0.5954322218894958 0.7766839861869812 -0.2054802626371384 0.04715070128440857 
-0.793880820274353 0.5295380353927612 -0.2989020347595215 0.1216201260685921 
-0.1233429238200188 0.3411027789115906 0.931898832321167 -0.2594156265258789 
0 0 0 1 

0.6734403967857361 0.7166470289230347 -0.1813694089651108 0.03401041403412819 
-0.7212905287742615 0.583264946937561 -0.3735528886318207 0.1371621340513229 
-0.1619193106889725 0.3823856711387634 0.9097051024436951 -0.2488587200641632 
0 0 0 1 

0.7382932305335999 0.6542385220527649 -0.1639968007802963 0.02508172392845154 
-0.6473601460456848 0.6190880537033081 -0.4445837736129761 0.1511053591966629 
-0.1893354505300522 0.4343981444835663 0.8805965185165405 -0.2351965606212616 
0 0 0 1 

0.7657268643379211 0.6260654330253601 -0.1473231613636017 0.01818768493831158 
-0.5944138169288635 0.6013896465301514 -0.5338561534881592 0.1714449524879456 
-0.2456304281949997 0.4963589310646057 0.8326423764228821 -0.2139115035533905 
0 0 0 1 

0.7945963740348816 0.5891192555427551 -0.1468159109354019 0.01494333986192942 
-0.5328681468963623 0.5608050227165222 -0.6336788535118103 0.1969780176877975 
-0.2909774482250214 0.5817524194717407 0.7595366835594177 -0.1868181228637695 
0 0 0 1 

0.8202340006828308 0.5539988279342651 -0.1424832195043564 0.01180662214756012 
-0.4747606515884399 0.52036052942276 -0.7098077535629272 0.2166309654712677 
-0.3190900683403015 0.6498538851737976 0.6898342967033386 -0.1623066812753677 
0 0 0 1 

0.8482478857040405 0.510556161403656 -0.1407405734062195 0.008160029537975788 
-0.4126635789871216 0.4706227481365204 -0.7798864245414734 0.2349145263433456 
-0.3319401144981384 0.7196155190467834 0.609892725944519 -0.1397343426942825 
0 0 0 1 

0.8529701828956604 0.5038886666297913 -0.1361553966999054 0.006436464376747608 
-0.3992286324501038 0.4617794752120972 -0.7920709252357483 0.238190770149231 
-0.3362416625022888 0.7299697995185852 0.5950506925582886 -0.1358878910541534 
0 0 0 1 

