0.02086786925792694 0.9957147836685181 -0.09009278565645218 0.04302134364843369 
-0.9974324703216553 0.02690871804952621 0.06636552512645721 0.01955560222268105 
0.06850540637969971 0.08847656100988388 0.993719756603241 -0.3113486766815186 
0 0 0 1 

-0.09262844175100327 0.8662542700767517 -0.4909411370754242 0.1805985867977142 
-0.9908410906791687 -0.03153915330767632 0.1312971562147141 -0.001415941282175481 
0.09825286269187927 0.4986065924167633 0.8612419962882996 -0.2612467110157013 
0 0 0 1 

-0.1628819853067398 0.8417492508888245 -0.5147110223770142 0.190072238445282 
-0.9784944653511047 -0.07089526206254959 0.1937068104743958 -0.02315723709762096 
0.1265619397163391 0.5351933240890503 0.8351947069168091 -0.2537207007408142 
0 0 0 1 

-0.1297054886817932 0.7738596200942993 -0.6199337840080261 0.2170500159263611 
-0.991376519203186 -0.1129946708679199 0.0663699209690094 0.01747154071927071 
-0.01868817955255508 0.6231963038444519 0.7818421721458435 -0.2296628504991531 
0 0 0 1 

-0.087453693151474 0.681912899017334 -0.7261863946914673 0.2411251217126846 
-0.9948773384094238 -0.02268356457352638 0.0985112264752388 0.01062245201319456 
0.05070359632372856 0.7310816049575806 0.680403470993042 -0.207728236913681 
0 0 0 1 

-0.06157495081424713 0.50810307264328 -0.8590924739837646 0.2790768444538116 
-0.9855616688728333 0.1050630435347557 0.132778212428093 0.0001953985192812979 
0.157723993062973 0.8548644185066223 0.494297593832016 -0.1501622647047043 
0 0 0 1 

-0.1246809139847755 0.368883341550827 -0.9210752248764038 0.2967507839202881 
-0.9853022694587708 0.06321501731872559 0.1586921066045761 -0.0119498185813427 
0.1167645826935768 0.9273234605789185 0.3555800020694733 -0.1023405715823174 
0 0 0 1 

-0.193975031375885 0.270236611366272 -0.943051278591156 0.3052144646644592 
-0.9747170209884644 0.05558859556913376 0.216417595744133 -0.03071360476315022 
0.1109068542718887 0.9611878395080566 0.2526215016841888 -0.07027137279510498 
0 0 0 1 

-0.2741887271404266 0.1527487188577652 -0.9494670629501343 0.3105634748935699 
-0.9596054553985596 0.02128864265978336 0.2805415987968445 -0.05152138695120811 
0.06306502968072891 0.9880354404449463 0.1407417953014374 -0.03255841135978699 
0 0 0 1 

-0.2844747304916382 0.1483235210180283 -0.9471399784088135 0.3109956681728363 
-0.956373929977417 0.02462846413254738 0.2911050617694855 -0.05377694219350815 
0.06650426238775253 0.9886321425437927 0.1348466724157333 -0.03141044452786446 
0 0 0 1 

