0.8680667281150818 0.4015949666500092 -0.2918588817119598 0.04706910997629166 
0.1263354271650314 0.3898424804210663 0.9121744632720947 -0.2907938659191132 
0.480103611946106 -0.8287002444267273 0.2876735329627991 -0.1110270097851753 
0 0 0 1 

0.8790338635444641 0.3915165960788727 -0.272055596113205 0.03940967097878456 
0.1593880653381348 0.2964703738689423 0.9416478276252747 -0.3041172623634338 
0.4493272006511688 -0.8711027503013611 0.198204442858696 -0.08325296640396118 
0 0 0 1 

0.8893968462944031 0.3725399672985077 -0.2649286687374115 0.03588743880391121 
0.1971015334129333 0.2103904336690903 0.9575420618057251 -0.313604325056076 
0.4124611616134644 -0.9038527011871338 0.1136924028396606 -0.05455461516976357 
0 0 0 1 

0.9576017260551453 0.1793281883001328 -0.2254779487848282 0.01778453029692173 
0.2074259072542191 0.1139820218086243 0.971587598323822 -0.3210492432117462 
0.1999334692955017 -0.9771639108657837 0.07195204496383667 -0.03018390014767647 
0 0 0 1 

0.9807162284851074 -0.07193606346845627 -0.1817162930965424 -0.001712099765427411 
0.1836754083633423 0.02157061733305454 0.9827502369880676 -0.3271504938602448 
-0.06677544862031937 -0.9971759915351868 0.03436756879091263 0.0004139617958571762 
0 0 0 1 

0.9755996465682983 0.1397264152765274 -0.1693575382232666 -0.005387900862842798 
0.1800241321325302 -0.0675157904624939 0.9813423752784729 -0.3311309516429901 
0.1256851404905319 -0.9878857135772705 -0.09102252125740051 0.03489116951823235 
0 0 0 1 

0.9714840054512024 0.2277011126279831 -0.06611417979001999 -0.03364743664860725 
0.05393698066473007 0.05929939821362495 0.9967814683914185 -0.3289879560470581 
0.2308890819549561 -0.9719239473342896 0.04532695189118385 -0.01462901756167412 
0 0 0 1 

0.8322531580924988 0.5490704774856567 -0.07665195316076279 -0.02172602526843548 
-0.03900385275483131 0.1959095448255539 0.9798456430435181 -0.3158283233642578 
0.5530215501785278 -0.8124901652336121 0.1844624131917953 -0.07834978401660919 
0 0 0 1 

0.7808348536491394 0.6209404468536377 -0.06878029555082321 -0.01738044060766697 
-0.1654439568519592 0.3116885721683502 0.935670018196106 -0.2908453643321991 
0.6024332642555237 -0.7192240357398987 0.3461079001426697 -0.1334557682275772 
0 0 0 1 

-0.5443231463432312 0.8202102184295654 0.175974428653717 -0.008747048676013947 
0.2487003356218338 -0.04255881905555725 0.967644989490509 -0.3477658331394196 
0.8011615872383118 0.5704765319824219 -0.1808205395936966 0.02414865978062153 
0 0 0 1 

