0.6727290153503418 0.7180814146995544 -0.1783104091882706 0.0330703891813755 
-0.7222452759742737 0.585016131401062 -0.3689412772655487 0.1362169235944748 
-0.1606154888868332 0.3769813477993011 0.9121883511543274 -0.2495742440223694 
0 0 0 1 

0.7376003861427307 0.6549754738807678 -0.1641729027032852 0.02530623599886894 
-0.6477199196815491 0.6176085472106934 -0.4461148679256439 0.1518097668886185 
-0.1907997578382492 0.4353924989700317 0.8797890543937683 -0.2349721491336823 
0 0 0 1 

0.7657070159912109 0.6262959837913513 -0.1464438587427139 0.01796851493418217 
-0.5946176052093506 0.6024925112724304 -0.5323836207389832 0.1713142395019531 
-0.2451986074447632 0.4947279691696167 0.8337396383285522 -0.2142363488674164 
0 0 0 1 

0.7964510917663574 0.5856651663780212 -0.150538295507431 0.01592090353369713 
-0.5317087769508362 0.5596936345100403 -0.6356322765350342 0.197845846414566 
-0.2880125045776367 0.586292564868927 0.757172167301178 -0.1861684620380402 
0 0 0 1 

0.8185026049613953 0.556840181350708 -0.1413592994213104 0.01149623095989227 
-0.4760468900203705 0.5196366310119629 -0.7094765305519104 0.2170839458703995 
-0.3216097056865692 0.648002028465271 0.6904060244560242 -0.1623844504356384 
0 0 0 1 

0.8460423350334167 0.5150827765464783 -0.1374848484992981 0.00735035864636302 
-0.411395400762558 0.4667711853981018 -0.7828655242919922 0.2361238747835159 
-0.3390665948390961 0.7188979983329773 0.6068108677864075 -0.1386110186576843 
0 0 0 1 

0.8792522549629211 0.4653114378452301 -0.1019835844635963 -0.005032861605286598 
-0.3264225423336029 0.4326122105121613 -0.8404134511947632 0.2498833984136581 
-0.3469347357749939 0.7722252011299133 0.532263457775116 -0.119209498167038 
0 0 0 1 

0.8979169726371765 0.4352259635925293 -0.06575251370668411 -0.01478917803615332 
-0.2320690155029297 0.3411661386489868 -0.9109058380126953 0.2635801136493683 
-0.3740173876285553 0.8331769704818726 0.4073413610458374 -0.08526480942964554 
0 0 0 1 

0.8980947732925415 0.4390608966350555 -0.02552081644535065 -0.03055587597191334 
-0.09779692441225052 0.1427939534187317 -0.9849088788032532 0.280802994966507 
-0.428790807723999 0.8870373368263245 0.1711813509464264 -0.02017221972346306 
0 0 0 1 

0.892920196056366 0.4494057297706604 -0.02698728628456593 -0.03067002072930336 
-0.09511471539735794 0.1297135204076767 -0.9869792461395264 0.2818521857261658 
-0.4400533735752106 0.8838602900505066 0.1585689336061478 -0.01662011072039604 
0 0 0 1 

