-0.4762232005596161 0.7542737126350403 0.4519763290882111 -0.09937368333339691 
0.8141468167304993 0.1840167641639709 0.5507293343544006 -0.2340119481086731 
0.3322294056415558 0.6302452087402344 -0.7017225623130798 0.2183340042829514 
0 0 0 1 

0.1709654778242111 0.932758092880249 0.3173849582672119 -0.1070211306214333 
0.8213823437690735 -0.3128351271152496 0.4769332110881805 -0.2346372604370117 
0.5441524386405945 0.1791552752256393 -0.8196349740028381 0.2451904565095901 
0 0 0 1 

0.5924914479255676 0.7393690347671509 0.319823831319809 -0.1409012973308563 
0.4651811718940735 0.0101150069385767 -0.8851576447486877 0.2441914528608322 
-0.6576932072639465 0.6732243895530701 -0.3379475474357605 0.1875957995653152 
0 0 0 1 

0.1853014528751373 0.9141448736190796 0.3605583608150482 -0.1084727272391319 
0.5642281770706177 0.2014298886060715 -0.8006699085235596 0.2259582132101059 
-0.8045555949211121 0.3518024384975433 -0.4784610569477081 0.235102191567421 
0 0 0 1 

0.8042502999305725 0.1659898608922958 0.5706389546394348 -0.2159549742937088 
-0.06956729292869568 -0.9273049235343933 0.3677854835987091 -0.1249441504478455 
0.5902048945426941 -0.335489422082901 -0.7342377901077271 0.2059924751520157 
0 0 0 1 

0.814127504825592 0.09417774528264999 0.5729982256889343 -0.2147980779409409 
-0.07395411282777786 -0.961909294128418 0.2631745040416718 -0.0872981995344162 
0.5759575963020325 -0.2566331923007965 -0.7761520147323608 0.219803124666214 
0 0 0 1 

0.7945625782012939 0.01291547901928425 0.6070448160171509 -0.2213658094406128 
-0.1084654480218887 -0.98067307472229 0.162835493683815 -0.04805278778076172 
0.5974156856536865 -0.1952263861894608 -0.7778052687644958 0.2210098057985306 
0 0 0 1 

0.8276752829551697 -0.08290765434503555 0.5550494790077209 -0.202025443315506 
-0.1362369954586029 -0.9891257882118225 0.05540752783417702 -0.00570225715637207 
0.5444199442863464 -0.1214777156710625 -0.8299700021743774 0.2413983792066574 
0 0 0 1 

0.8214321732521057 -0.0468112975358963 0.5683817863464355 -0.2024845331907272 
-0.06600084900856018 -0.9977322220802307 0.01321310736238956 0.02397239208221436 
0.5664741992950439 -0.04836735501885414 -0.822658896446228 0.2424312084913254 
0 0 0 1 

0.8020063638687134 -0.05894634872674942 0.5944001078605652 -0.2065279185771942 
-0.07526107877492905 -0.9971607327461243 0.002659682184457779 0.05040527135133743 
0.5925554633140564 -0.04686826094985008 -0.8041651844978333 0.2425522655248642 
0 0 0 1 

