1.000000000000000000e+00 0.000000000000000000e+00 0.000000000000000000e+00 -3.619798645377159119e-02
0.000000000000000000e+00 1.000000000000000000e+00 0.000000000000000000e+00 -1.327119767665863037e-03
0.000000000000000000e+00 0.000000000000000000e+00 1.000000000000000000e+00 -2.960163652896881104e-01
0.000000000000000000e+00 0.000000000000000000e+00 0.000000000000000000e+00 1.000000000000000000e+00
9.900833964347839355e-01 1.386718451976776123e-01 2.246782556176185608e-02 -4.620511457324028015e-02
-1.372198313474655151e-01 9.889129996299743652e-01 -5.675933882594108582e-02 2.800844237208366394e-02
-3.008970059454441071e-02 5.311343818902969360e-02 9.981352090835571289e-01 -2.965253889560699463e-01
0.000000000000000000e+00 0.000000000000000000e+00 0.000000000000000000e+00 1.000000000000000000e+00
9.705943465232849121e-01 2.353364676237106323e-01 5.063121020793914795e-02 -5.504256114363670349e-02
-2.294629663228988647e-01 9.680748581886291504e-01 -1.008839905261993408e-01 5.272324010729789734e-02
-7.275652885437011719e-02 8.629940450191497803e-02 9.936087131500244141e-01 -2.938276231288909912e-01
0.000000000000000000e+00 0.000000000000000000e+00 0.000000000000000000e+00 1.000000000000000000e+00
9.384511709213256836e-01 3.405655622482299805e-01 5.765384435653686523e-02 -5.593884736299514771e-02
-3.300020396709442139e-01 9.333061575889587402e-01 -1.415549814701080322e-01 7.448044419288635254e-02
-1.020175442099571228e-01 1.138165146112442017e-01 9.882500767707824707e-01 -2.906013727188110352e-01
0.000000000000000000e+00 0.000000000000000000e+00 0.000000000000000000e+00 1.000000000000000000e+00
8.928880095481872559e-01 4.496425390243530273e-01 2.392857335507869720e-02 -4.028952494263648987e-02
-4.402327835559844971e-01 8.828965425491333008e-01 -1.633660048246383667e-01 8.772075921297073364e-02
-9.458282589912414551e-02 1.353334188461303711e-01 9.862754344940185547e-01 -2.903274893760681152e-01
0.000000000000000000e+00 0.000000000000000000e+00 0.000000000000000000e+00 1.000000000000000000e+00
8.233535885810852051e-01 5.670814514160156250e-01 2.253941819071769714e-02 -3.333986550569534302e-02
-5.534976124763488770e-01 8.111401796340942383e-01 -1.889225840568542480e-01 1.023996546864509583e-01
-1.254171878099441528e-01 1.430745273828506470e-01 9.817333221435546875e-01 -2.883151471614837646e-01
0.000000000000000000e+00 0.000000000000000000e+00 0.000000000000000000e+00 1.000000000000000000e+00
7.487090826034545898e-01 6.621781587600708008e-01 -3.090117126703262329e-02 -1.021951436996459961e-02
-6.561971902847290039e-01 7.337226867675781250e-01 -1.762277483940124512e-01 1.021133065223693848e-01
-9.402125328779220581e-02 1.522204428911209106e-01 9.838640093803405762e-01 -2.916388511657714844e-01
0.000000000000000000e+00 0.000000000000000000e+00 0.000000000000000000e+00 1.000000000000000000e+00
6.872884035110473633e-01 7.239460945129394531e-01 -5.947111919522285461e-02 2.637104364112019539e-03
-7.250122427940368652e-01 6.786556243896484375e-01 -1.174038201570510864e-01 8.316129446029663086e-02
-4.463365674018859863e-02 1.238075941801071167e-01 9.913021326065063477e-01 -2.991967797279357910e-01
0.000000000000000000e+00 0.000000000000000000e+00 0.000000000000000000e+00 1.000000000000000000e+00
5.880926251411437988e-01 8.085673451423645020e-01 -1.912554912269115448e-02 -7.192747201770544052e-03
-8.073341250419616699e-01 5.854471921920776367e-01 -7.391565293073654175e-02 6.935830414295196533e-02
-4.856876283884048462e-02 5.890993028879165649e-02 9.970809817314147949e-01 -3.066818714141845703e-01
0.000000000000000000e+00 0.000000000000000000e+00 0.000000000000000000e+00 1.000000000000000000e+00
5.060352683067321777e-01 8.617183566093444824e-01 -3.700641170144081116e-02 3.129801480099558830e-03
-8.620440363883972168e-01 5.038805603981018066e-01 -5.462720617651939392e-02 6.363193690776824951e-02
-2.842649817466735840e-02 5.954443290829658508e-02 9.978214502334594727e-01 -3.106631934642791748e-01
0.000000000000000000e+00 0.000000000000000000e+00 0.000000000000000000e+00 1.000000000000000000e+00
4.029294550418853760e-01 9.148148894309997559e-01 -2.760338038206100464e-02 5.114748142659664154e-03
-9.151899814605712891e-01 4.030126929283142090e-01 -2.722690580412745476e-03 4.529966041445732117e-02
8.633750490844249725e-03 2.635939046740531921e-02 9.996151924133300781e-01 -3.154713511466979980e-01
0.000000000000000000e+00 0.000000000000000000e+00 0.000000000000000000e+00 1.000000000000000000e+00
2.933134734630584717e-01 9.552266597747802734e-01 -3.884020447731018066e-02 1.386518776416778564e-02
-9.551138281822204590e-01 2.945594489574432373e-01 3.149447962641716003e-02 3.235903754830360413e-02
4.152514040470123291e-02 2.785908989608287811e-02 9.987491965293884277e-01 -3.178840279579162598e-01
0.000000000000000000e+00 0.000000000000000000e+00 0.000000000000000000e+00 1.000000000000000000e+00
1.756246089935302734e-01 9.826159477233886719e-01 -6.018505245447158813e-02 2.575519867241382599e-02
-9.824273586273193359e-01 1.788586229085922241e-01 5.335114523768424988e-02 2.368950471282005310e-02
6.318826973438262939e-02 4.975765943527221680e-02 9.967603683471679688e-01 -3.185370266437530518e-01
0.000000000000000000e+00 0.000000000000000000e+00 0.000000000000000000e+00 1.000000000000000000e+00
1.005364134907722473e-01 9.916314482688903809e-01 -8.099117875099182129e-02 3.567933663725852966e-02
-9.905736446380615234e-01 1.073760464787483215e-01 8.505458384752273560e-02 1.151086762547492981e-02
9.303932636976242065e-02 7.167663425207138062e-02 9.930790662765502930e-01 -3.173849880695343018e-01
0.000000000000000000e+00 0.000000000000000000e+00 0.000000000000000000e+00 1.000000000000000000e+00
1.603147387504577637e-02 9.960545301437377930e-01 -8.728598803281784058e-02 4.244878143072128296e-02
-9.972338080406188965e-01 2.226516976952552795e-02 7.091884315013885498e-02 1.860495656728744507e-02
7.258248329162597656e-02 8.590756356716156006e-02 9.936559200286865234e-01 -3.117326200008392334e-01
0.000000000000000000e+00 0.000000000000000000e+00 0.000000000000000000e+00 1.000000000000000000e+00
-8.961295336484909058e-02 9.053879380226135254e-01 -4.150200784206390381e-01 1.571749597787857056e-01
-9.908964633941650391e-01 -3.901345655322074890e-02 1.288492679595947266e-01 -9.217982878908514977e-04
1.004670858383178711e-01 4.227886497974395752e-01 9.006417989730834961e-01 -2.756542861461639404e-01
0.000000000000000000e+00 0.000000000000000000e+00 0.000000000000000000e+00 1.000000000000000000e+00
-1.611892133951187134e-01 8.848406672477722168e-01 -4.371207058429718018e-01 1.661039441823959351e-01
-9.775282144546508789e-01 -8.217217773199081421e-02 1.941287070512771606e-01 -2.393141202628612518e-02
1.358538419008255005e-01 4.585890769958496094e-01 8.782022595405578613e-01 -2.694659233093261719e-01
0.000000000000000000e+00 0.000000000000000000e+00 0.000000000000000000e+00 1.000000000000000000e+00
-1.356779336929321289e-01 8.218210339546203613e-01 -5.533549785614013672e-01 1.969750672578811646e-01
-9.906754493713378906e-01 -1.195376813411712646e-01 6.537248939275741577e-02 1.788676343858242035e-02
-1.242226921021938324e-02 5.570645332336425781e-01 8.303760886192321777e-01 -2.466662228107452393e-01
0.000000000000000000e+00 0.000000000000000000e+00 0.000000000000000000e+00 1.000000000000000000e+00
-8.553062379360198975e-02 7.422595024108886719e-01 -6.646316647529602051e-01 2.216611057519912720e-01
-9.946265816688537598e-01 -2.455973625183105469e-02 1.005690470337867737e-01 9.986969642341136932e-03
5.832515284419059753e-02 6.696621775627136230e-01 7.403718829154968262e-01 -2.278686463832855225e-01
0.000000000000000000e+00 0.000000000000000000e+00 0.000000000000000000e+00 1.000000000000000000e+00
-5.742954090237617493e-02 5.688033699989318848e-01 -8.204660415649414062e-01 2.674254477024078369e-01
-9.857214093208312988e-01 9.799395501613616943e-02 1.369328200817108154e-01 -1.672202139161527157e-03
1.582886874675750732e-01 8.166151642799377441e-01 5.550540089607238770e-01 -1.694420427083969116e-01
0.000000000000000000e+00 0.000000000000000000e+00 0.000000000000000000e+00 1.000000000000000000e+00
-1.243525147438049316e-01 4.155567288398742676e-01 -9.010269641876220703e-01 2.911626398563385010e-01
-9.854222536087036133e-01 5.453196540474891663e-02 1.611505150794982910e-01 -1.296671293675899506e-02
1.161017715930938721e-01 9.079309105873107910e-01 4.027174711227416992e-01 -1.168496087193489075e-01
0.000000000000000000e+00 0.000000000000000000e+00 0.000000000000000000e+00 1.000000000000000000e+00
-1.930405646562576294e-01 3.101747930049896240e-01 -9.308742284774780273e-01 3.019684255123138428e-01
-9.749476909637451172e-01 4.621330648660659790e-02 2.175790071487426758e-01 -3.118701465427875519e-02
1.105062887072563171e-01 9.495553374290466309e-01 2.934833467006683350e-01 -8.232951164245605469e-02
0.000000000000000000e+00 0.000000000000000000e+00 0.000000000000000000e+00 1.000000000000000000e+00
-2.743676602840423584e-01 2.044218778610229492e-01 -9.396458268165588379e-01 3.082867562770843506e-01
-9.593914747238159180e-01 8.363657630980014801e-03 2.819527089595794678e-01 -5.271479114890098572e-02
6.549613177776336670e-02 9.788472652435302734e-01 1.938260793685913086e-01 -4.888995736837387085e-02
0.000000000000000000e+00 0.000000000000000000e+00 0.000000000000000000e+00 1.000000000000000000e+00
-1.646862477064132690e-01 -8.549135923385620117e-01 -4.919367134571075439e-01 1.596059501171112061e-01
-9.490383267402648926e-01 1.469657989218831062e-03 3.151569664478302002e-01 -6.122253090143203735e-02
-2.687088251113891602e-01 5.187693238258361816e-01 -8.115872144699096680e-01 2.845037579536437988e-01
0.000000000000000000e+00 0.000000000000000000e+00 0.000000000000000000e+00 1.000000000000000000e+00
-1.544682681560516357e-01 -9.050216674804687500e-01 -3.963285386562347412e-01 1.278085112571716309e-01
-9.680973291397094727e-01 5.853882804512977600e-02 2.436396181583404541e-01 -3.922796994447708130e-02
-1.972984969615936279e-01 4.213194251060485840e-01 -8.851913213729858398e-01 3.033442497253417969e-01
0.000000000000000000e+00 0.000000000000000000e+00 0.000000000000000000e+00 1.000000000000000000e+00
-7.820260524749755859e-02 -8.822505474090576172e-01 -4.642385542392730713e-01 1.428113132715225220e-01
-9.902280569076538086e-01 1.480794697999954224e-02 1.386673003435134888e-01 -2.797046443447470665e-03
-1.154649779200553894e-01 4.705463349819183350e-01 -8.747873902320861816e-01 2.951309680938720703e-01
0.000000000000000000e+00 0.000000000000000000e+00 0.000000000000000000e+00 1.000000000000000000e+00
2.777522616088390350e-02 -8.815956115722656250e-01 -4.711866080760955811e-01 1.356855183839797974e-01
-9.988755583763122559e-01 -4.259232804179191589e-02 2.081026881933212280e-02 3.712639957666397095e-02
-3.841526061296463013e-02 4.700790941715240479e-01 -8.817878365516662598e-01 2.917403578758239746e-01
0.000000000000000000e+00 0.000000000000000000e+00 0.000000000000000000e+00 1.000000000000000000e+00
5.089829489588737488e-02 -8.785251379013061523e-01 -4.749765396118164062e-01 1.343846321105957031e-01
-9.946646690368652344e-01 -1.864165882579982281e-03 -1.031398847699165344e-01 7.708609849214553833e-02
8.972559869289398193e-02 4.776920676231384277e-01 -8.739328384399414062e-01 2.809513211250305176e-01
0.000000000000000000e+00 0.000000000000000000e+00 0.000000000000000000e+00 1.000000000000000000e+00
2.353003621101379395e-02 -8.905433416366577148e-01 -4.542897045612335205e-01 1.317449212074279785e-01
-9.827941060066223145e-01 6.266512721776962280e-02 -1.737465411424636841e-01 9.104055911302566528e-02
1.831971853971481323e-01 4.505610764026641846e-01 -8.737468123435974121e-01 2.773011028766632080e-01
0.000000000000000000e+00 0.000000000000000000e+00 0.000000000000000000e+00 1.000000000000000000e+00
-3.862882778048515320e-02 -8.900912404060363770e-01 -4.541410207748413086e-01 1.385390758514404297e-01
-9.955728054046630859e-01 7.325326651334762573e-02 -5.888932570815086365e-02 5.426175519824028015e-02
8.568426221609115601e-02 4.498564898967742920e-01 -8.889814615249633789e-01 2.978608608245849609e-01
0.000000000000000000e+00 0.000000000000000000e+00 0.000000000000000000e+00 1.000000000000000000e+00
-3.589745610952377319e-02 -8.942444324493408203e-01 -4.461372792720794678e-01 1.337281316518783569e-01
-9.923781752586364746e-01 -2.076245658099651337e-02 1.214659586548805237e-01 -3.158695762977004051e-03
-1.178832203149795532e-01 4.470973014831542969e-01 -8.866835236549377441e-01 3.148161470890045166e-01
0.000000000000000000e+00 0.000000000000000000e+00 0.000000000000000000e+00 1.000000000000000000e+00
1.442869901657104492e-01 -8.821400403976440430e-01 -4.483414590358734131e-01 1.202461495995521545e-01
-9.839488267898559570e-01 -1.759796142578125000e-01 2.959288284182548523e-02 2.532858774065971375e-02
-1.050041094422340393e-01 4.368751645088195801e-01 -8.933727145195007324e-01 3.181415200233459473e-01
0.000000000000000000e+00 0.000000000000000000e+00 0.000000000000000000e+00 1.000000000000000000e+00
2.398236989974975586e-01 -8.276933431625366211e-01 -5.073536634445190430e-01 1.252571195363998413e-01
-9.453452229499816895e-01 -3.180287480354309082e-01 7.197009772062301636e-02 1.133225206285715103e-02
-2.209224551916122437e-01 4.623645544052124023e-01 -8.587272167205810547e-01 3.115150034427642822e-01
0.000000000000000000e+00 0.000000000000000000e+00 0.000000000000000000e+00 1.000000000000000000e+00
3.530537486076354980e-01 -7.612905502319335938e-01 -5.438658595085144043e-01 1.218181848526000977e-01
-9.074637889862060547e-01 -4.201286137104034424e-01 -9.988821111619472504e-04 3.228258341550827026e-02
-2.277331799268722534e-01 4.938908517360687256e-01 -8.391713500022888184e-01 2.993795275688171387e-01
0.000000000000000000e+00 0.000000000000000000e+00 0.000000000000000000e+00 1.000000000000000000e+00
3.674378991127014160e-01 -7.611554265022277832e-01 -5.344458222389221191e-01 1.170543059706687927e-01
-9.199844598770141602e-01 -3.817652761936187744e-01 -8.879183232784271240e-02 6.182545423507690430e-02
-1.364484429359436035e-01 5.243070125579833984e-01 -8.405256271362304688e-01 2.910309135913848877e-01
0.000000000000000000e+00 0.000000000000000000e+00 0.000000000000000000e+00 1.000000000000000000e+00
3.747012615203857422e-01 -7.466153502464294434e-01 -5.496947765350341797e-01 1.218267604708671570e-01
-9.252624511718750000e-01 -3.388954699039459229e-01 -1.704078316688537598e-01 8.722779154777526855e-02
-5.906007066369056702e-02 5.724641084671020508e-01 -8.177998065948486328e-01 2.778639197349548340e-01
0.000000000000000000e+00 0.000000000000000000e+00 0.000000000000000000e+00 1.000000000000000000e+00
5.430468320846557617e-01 -6.479037404060363770e-01 -5.341535210609436035e-01 1.113677993416786194e-01
-8.383867740631103516e-01 -4.539457559585571289e-01 -3.017291426658630371e-01 1.231104508042335510e-01
-4.698543623089790344e-02 6.116806268692016602e-01 -7.897079586982727051e-01 2.670544981956481934e-01
0.000000000000000000e+00 0.000000000000000000e+00 0.000000000000000000e+00 1.000000000000000000e+00
6.958804130554199219e-01 -4.587301611900329590e-01 -5.525550246238708496e-01 1.118315607309341431e-01
-7.058334350585937500e-01 -5.787997841835021973e-01 -4.083985090255737305e-01 1.538504362106323242e-01
-1.324741542339324951e-01 6.742083430290222168e-01 -7.265627384185791016e-01 2.616771459579467773e-01
0.000000000000000000e+00 0.000000000000000000e+00 0.000000000000000000e+00 1.000000000000000000e+00
7.253920435905456543e-01 -3.883004188537597656e-01 -5.683563947677612305e-01 1.122384294867515564e-01
-6.483772993087768555e-01 -6.626825332641601562e-01 -3.747781813144683838e-01 1.419638991355895996e-01
-2.311134040355682373e-01 6.403706073760986328e-01 -7.324692606925964355e-01 2.730275094509124756e-01
0.000000000000000000e+00 0.000000000000000000e+00 0.000000000000000000e+00 1.000000000000000000e+00
7.715193033218383789e-01 -2.951985895633697510e-01 -5.635743737220764160e-01 1.154594197869300842e-01
-5.689729452133178711e-01 -7.164974212646484375e-01 -4.036102294921875000e-01 1.433740854263305664e-01
-2.846544981002807617e-01 6.320516467094421387e-01 -7.207512259483337402e-01 2.700752019882202148e-01
0.000000000000000000e+00 0.000000000000000000e+00 0.000000000000000000e+00 1.000000000000000000e+00
7.721281647682189941e-01 -2.810700833797454834e-01 -5.699273943901062012e-01 1.240481287240982056e-01
-5.345450043678283691e-01 -7.722567915916442871e-01 -3.433398306369781494e-01 1.167365014553070068e-01
-3.436274826526641846e-01 5.697539448738098145e-01 -7.465253472328186035e-01 2.821797728538513184e-01
0.000000000000000000e+00 0.000000000000000000e+00 0.000000000000000000e+00 1.000000000000000000e+00
7.581930160522460938e-01 -3.799395561218261719e-01 -5.298956036567687988e-01 1.199257597327232361e-01
-5.816794037818908691e-01 -7.613254189491271973e-01 -2.864111661911010742e-01 9.500177204608917236e-02
-2.946041822433471680e-01 5.253850221633911133e-01 -7.982349991798400879e-01 2.959140837192535400e-01
0.000000000000000000e+00 0.000000000000000000e+00 0.000000000000000000e+00 1.000000000000000000e+00
8.278833031654357910e-01 -2.320315390825271606e-01 -5.106570124626159668e-01 1.175389066338539124e-01
-5.253247618675231934e-01 -6.398297548294067383e-01 -5.609381794929504395e-01 1.818066835403442383e-01
-1.965782195329666138e-01 7.326523065567016602e-01 -6.515961289405822754e-01 2.553601264953613281e-01
0.000000000000000000e+00 0.000000000000000000e+00 0.000000000000000000e+00 1.000000000000000000e+00
8.600881695747375488e-01 -1.483596116304397583e-01 -4.880955219268798828e-01 1.099205911159515381e-01
-4.755959510803222656e-01 -5.793012380599975586e-01 -6.619797945022583008e-01 2.150379121303558350e-01
-1.845436245203018188e-01 8.014975786209106445e-01 -5.688095688819885254e-01 2.280193418264389038e-01
0.000000000000000000e+00 0.000000000000000000e+00 0.000000000000000000e+00 1.000000000000000000e+00
8.830566406250000000e-01 -5.217896774411201477e-02 -4.663565456867218018e-01 1.031895503401756287e-01
-4.243214428424835205e-01 -5.131970047950744629e-01 -7.460426092147827148e-01 2.427654564380645752e-01
-2.004052251577377319e-01 8.566828370094299316e-01 -4.753230810165405273e-01 1.984111368656158447e-01
0.000000000000000000e+00 0.000000000000000000e+00 0.000000000000000000e+00 1.000000000000000000e+00
8.915277123451232910e-01 1.041284427046775818e-01 -4.408350884914398193e-01 9.649760276079177856e-02
-3.623853623867034912e-01 -4.199337661266326904e-01 -8.320652246475219727e-01 2.714021205902099609e-01
-2.717632353305816650e-01 9.015610814094543457e-01 -3.366479873657226562e-01 1.564581692218780518e-01
0.000000000000000000e+00 0.000000000000000000e+00 0.000000000000000000e+00 1.000000000000000000e+00
9.272475242614746094e-01 -3.496789038181304932e-01 -1.339269131422042847e-01 -1.161179319024085999e-02
-2.497229576110839844e-01 -3.109730482101440430e-01 -9.170244932174682617e-01 2.936175465583801270e-01
2.790165543556213379e-01 8.837532997131347656e-01 -3.756719529628753662e-01 1.354958862066268921e-01
0.000000000000000000e+00 0.000000000000000000e+00 0.000000000000000000e+00 1.000000000000000000e+00
9.684964418411254883e-01 -2.017112374305725098e-01 -1.460375338792800903e-01 -6.892600096762180328e-03
-1.911771893501281738e-01 -2.264491468667984009e-01 -9.550771713256835938e-01 3.033488392829895020e-01
1.595797240734100342e-01 9.529080986976623535e-01 -2.578777968883514404e-01 1.025872379541397095e-01
0.000000000000000000e+00 0.000000000000000000e+00 0.000000000000000000e+00 1.000000000000000000e+00
9.839363694190979004e-01 -1.134331747889518738e-01 -1.378487795591354370e-01 -9.155623614788055420e-03
-1.511750072240829468e-01 -1.187366992235183716e-01 -9.813499450683593750e-01 3.096028566360473633e-01
9.494989365339279175e-02 9.864251613616943359e-01 -1.339775472879409790e-01 6.421704590320587158e-02
0.000000000000000000e+00 0.000000000000000000e+00 0.000000000000000000e+00 1.000000000000000000e+00
9.579809904098510742e-01 -2.599233686923980713e-01 -1.212951168417930603e-01 -1.599408127367496490e-02
-1.407846957445144653e-01 -5.765471979975700378e-02 -9.883601665496826172e-01 3.101851344108581543e-01
2.499047368764877319e-01 9.639068841934204102e-01 -9.182538837194442749e-02 3.984898701310157776e-02
0.000000000000000000e+00 0.000000000000000000e+00 0.000000000000000000e+00 1.000000000000000000e+00
9.913274049758911133e-01 8.734458684921264648e-02 -9.818977862596511841e-02 -2.148027159273624420e-02
-1.012566462159156799e-01 3.139302134513854980e-02 -9.943647980690002441e-01 3.089248538017272949e-01
-8.376996964216232300e-02 9.956831336021423340e-01 3.996494039893150330e-02 1.206352375447750092e-02
0.000000000000000000e+00 0.000000000000000000e+00 0.000000000000000000e+00 1.000000000000000000e+00
9.967167377471923828e-01 4.399207234382629395e-02 -6.797713041305541992e-02 -3.128763660788536072e-02
-7.293855398893356323e-02 1.232682242989540100e-01 -9.896894097328186035e-01 3.036675751209259033e-01
-3.515906259417533875e-02 9.913977384567260742e-01 1.260720640420913696e-01 -2.223568409681320190e-02
0.000000000000000000e+00 0.000000000000000000e+00 0.000000000000000000e+00 1.000000000000000000e+00
9.847601652145385742e-01 6.127130240201950073e-02 -1.627672016620635986e-01 -4.328149370849132538e-03
-1.707172095775604248e-01 1.618344187736511230e-01 -9.719390273094177246e-01 3.056298196315765381e-01
-3.321063518524169922e-02 9.849140048027038574e-01 1.698281317949295044e-01 -2.565077692270278931e-02
0.000000000000000000e+00 0.000000000000000000e+00 0.000000000000000000e+00 1.000000000000000000e+00
6.503040790557861328e-01 7.578106522560119629e-01 -5.317366495728492737e-02 -6.608130875974893570e-03
-2.742662727832794189e-01 1.689299494028091431e-01 -9.466999769210815430e-01 3.078155517578125000e-01
-7.084369659423828125e-01 6.302266120910644531e-01 3.176977038383483887e-01 -3.557596728205680847e-02
0.000000000000000000e+00 0.000000000000000000e+00 0.000000000000000000e+00 1.000000000000000000e+00
5.852032899856567383e-01 8.104187250137329102e-01 -2.755350247025489807e-02 -3.449377138167619705e-03
-3.736152946949005127e-01 2.393184304237365723e-01 -8.961795568466186523e-01 3.070683181285858154e-01
-7.196864485740661621e-01 5.347417593002319336e-01 4.428349435329437256e-01 -7.228076457977294922e-02
0.000000000000000000e+00 0.000000000000000000e+00 0.000000000000000000e+00 1.000000000000000000e+00
5.213235616683959961e-01 8.489540219306945801e-01 8.659459650516510010e-02 -3.524304553866386414e-02
-3.996199071407318115e-01 3.325313031673431396e-01 -8.542398810386657715e-01 2.999109923839569092e-01
-7.540058493614196777e-01 4.107309281826019287e-01 5.126153826713562012e-01 -9.579446166753768921e-02
0.000000000000000000e+00 0.000000000000000000e+00 0.000000000000000000e+00 1.000000000000000000e+00
8.857252597808837891e-01 1.898031234741210938e-01 -4.236341416835784912e-01 8.664945513010025024e-02
-4.633825719356536865e-01 4.159695506095886230e-01 -7.824612259864807129e-01 2.871185541152954102e-01
2.770520560443401337e-02 8.893500566482543945e-01 4.563860893249511719e-01 -1.140284016728401184e-01
0.000000000000000000e+00 0.000000000000000000e+00 0.000000000000000000e+00 1.000000000000000000e+00
8.722851276397705078e-01 1.684894561767578125e-01 -4.590541720390319824e-01 9.789965301752090454e-02
-4.766648411750793457e-01 5.024837851524353027e-01 -7.213182449340820312e-01 2.691466212272644043e-01
1.091326847672462463e-01 8.480101227760314941e-01 5.186221003532409668e-01 -1.413809955120086670e-01
0.000000000000000000e+00 0.000000000000000000e+00 0.000000000000000000e+00 1.000000000000000000e+00
8.608570098876953125e-01 1.558116823434829712e-01 -4.844041764736175537e-01 1.065640151500701904e-01
-4.764260053634643555e-01 5.811719894409179688e-01 -6.597405076026916504e-01 2.522855997085571289e-01
1.787268370389938354e-01 7.987248301506042480e-01 5.745384097099304199e-01 -1.613721251487731934e-01
0.000000000000000000e+00 0.000000000000000000e+00 0.000000000000000000e+00 1.000000000000000000e+00
8.467673063278198242e-01 1.146867424249649048e-01 -5.194534659385681152e-01 1.150902584195137024e-01
-4.484646022319793701e-01 6.791093349456787109e-01 -5.811108350753784180e-01 2.285637110471725464e-01
2.861199676990509033e-01 7.250222563743591309e-01 6.264803409576416016e-01 -1.838824748992919922e-01
0.000000000000000000e+00 0.000000000000000000e+00 0.000000000000000000e+00 1.000000000000000000e+00
8.300548195838928223e-01 1.254430562257766724e-01 -5.433902144432067871e-01 1.241416186094284058e-01
-4.453378021717071533e-01 7.355970740318298340e-01 -5.104600191116333008e-01 2.077288180589675903e-01
3.356828093528747559e-01 6.657023429870605469e-01 6.664512157440185547e-01 -2.011946588754653931e-01
0.000000000000000000e+00 0.000000000000000000e+00 0.000000000000000000e+00 1.000000000000000000e+00
7.993109822273254395e-01 1.553257405757904053e-01 -5.804951786994934082e-01 1.391393393278121948e-01
-4.521543383598327637e-01 7.917357087135314941e-01 -4.107436239719390869e-01 1.782798469066619873e-01
3.957998752593994141e-01 5.907860994338989258e-01 7.030749917030334473e-01 -2.187680602073669434e-01
0.000000000000000000e+00 0.000000000000000000e+00 0.000000000000000000e+00 1.000000000000000000e+00
7.769953608512878418e-01 2.193123996257781982e-01 -5.900682210922241211e-01 1.462513655424118042e-01
-4.591587483882904053e-01 8.386790752410888672e-01 -2.929009497165679932e-01 1.428832262754440308e-01
4.306406378746032715e-01 4.985173046588897705e-01 7.523483633995056152e-01 -2.392922192811965942e-01
0.000000000000000000e+00 0.000000000000000000e+00 0.000000000000000000e+00 1.000000000000000000e+00
7.484962940216064453e-01 2.867388725280761719e-01 -5.979412794113159180e-01 1.527205109596252441e-01
-4.655809700489044189e-01 8.693096041679382324e-01 -1.659371852874755859e-01 1.041503176093101501e-01
4.722156822681427002e-01 4.025937318801879883e-01 7.841753363609313965e-01 -2.545080184936523438e-01
0.000000000000000000e+00 0.000000000000000000e+00 0.000000000000000000e+00 1.000000000000000000e+00
7.292192578315734863e-01 3.528202772140502930e-01 -5.863075852394104004e-01 1.516992151737213135e-01
-4.373187422752380371e-01 8.993022441864013672e-01 -2.744134748354554176e-03 5.264114961028099060e-02
5.262993574142456055e-01 2.584042847156524658e-01 8.100836277008056641e-01 -2.687990367412567139e-01
0.000000000000000000e+00 0.000000000000000000e+00 0.000000000000000000e+00 1.000000000000000000e+00
7.207677960395812988e-01 4.004113376140594482e-01 -5.658310651779174805e-01 1.445946842432022095e-01
-3.760343194007873535e-01 9.115981459617614746e-01 1.660932600498199463e-01 -5.559935234487056732e-03
5.823165178298950195e-01 9.305747598409652710e-02 8.076189756393432617e-01 -2.691833078861236572e-01
0.000000000000000000e+00 0.000000000000000000e+00 0.000000000000000000e+00 1.000000000000000000e+00
7.147533893585205078e-01 4.207664728164672852e-01 -5.586447119712829590e-01 1.414307355880737305e-01
-3.005156517028808594e-01 9.060485959053039551e-01 2.979357838630676270e-01 -5.268697813153266907e-02
6.315205693244934082e-01 -4.506903514266014099e-02 7.740478515625000000e-01 -2.613540291786193848e-01
0.000000000000000000e+00 0.000000000000000000e+00 0.000000000000000000e+00 1.000000000000000000e+00
7.098441720008850098e-01 4.486412107944488525e-01 -5.429937839508056641e-01 1.361290216445922852e-01
-2.441617250442504883e-01 8.798363804817199707e-01 4.077652096748352051e-01 -9.088680893182754517e-02
6.606863141059875488e-01 -1.568714529275894165e-01 7.340878248214721680e-01 -2.500297129154205322e-01
0.000000000000000000e+00 0.000000000000000000e+00 0.000000000000000000e+00 1.000000000000000000e+00
7.004349827766418457e-01 4.740913212299346924e-01 -5.335051417350769043e-01 1.332437992095947266e-01
-1.625333130359649658e-01 8.338176012039184570e-01 5.275706052780151367e-01 -1.350678056478500366e-01
6.949629187583923340e-01 -2.828163504600524902e-01 6.610909104347229004e-01 -2.293491363525390625e-01
0.000000000000000000e+00 0.000000000000000000e+00 0.000000000000000000e+00 1.000000000000000000e+00
6.929805278778076172e-01 4.961174428462982178e-01 -5.231110453605651855e-01 1.304884850978851318e-01
-9.319254010915756226e-02 7.811331748962402344e-01 6.173700690269470215e-01 -1.696020364761352539e-01
7.149074077606201172e-01 -3.790753781795501709e-01 5.875447988510131836e-01 -2.075702846050262451e-01
0.000000000000000000e+00 0.000000000000000000e+00 0.000000000000000000e+00 1.000000000000000000e+00
6.946455240249633789e-01 5.175254344940185547e-01 -4.996344745159149170e-01 1.228777840733528137e-01
-3.815560415387153625e-02 7.200917601585388184e-01 6.928289532661437988e-01 -1.988784521818161011e-01
7.183392643928527832e-01 -4.622066318988800049e-01 5.199550986289978027e-01 -1.876211464405059814e-01
0.000000000000000000e+00 0.000000000000000000e+00 0.000000000000000000e+00 1.000000000000000000e+00
7.078005075454711914e-01 5.181064009666442871e-01 -4.801919162273406982e-01 1.159330978989601135e-01
1.849364861845970154e-02 6.659383773803710938e-01 7.457777261734008789e-01 -2.208710610866546631e-01
7.061703801155090332e-01 -5.367421507835388184e-01 4.617698192596435547e-01 -1.701119691133499146e-01
0.000000000000000000e+00 0.000000000000000000e+00 0.000000000000000000e+00 1.000000000000000000e+00
7.545114755630493164e-01 4.969309568405151367e-01 -4.286860823631286621e-01 9.674711525440216064e-02
6.074440851807594299e-02 5.975168943405151367e-01 7.995522022247314453e-01 -2.425465881824493408e-01
6.534696817398071289e-01 -6.293116211891174316e-01 4.206477105617523193e-01 -1.575307548046112061e-01
0.000000000000000000e+00 0.000000000000000000e+00 0.000000000000000000e+00 1.000000000000000000e+00
7.982735037803649902e-01 4.759613573551177979e-01 -3.690800666809082031e-01 7.465913891792297363e-02
9.853131324052810669e-02 5.013340115547180176e-01 8.596253395080566406e-01 -2.686484754085540771e-01
5.941808819770812988e-01 -7.225821614265441895e-01 3.533046245574951172e-01 -1.362268775701522827e-01
0.000000000000000000e+00 0.000000000000000000e+00 0.000000000000000000e+00 1.000000000000000000e+00
8.771618604660034180e-01 3.874778449535369873e-01 -2.836336195468902588e-01 4.409195855259895325e-02
1.265527755022048950e-01 3.832457661628723145e-01 9.149354696273803711e-01 -2.915909588336944580e-01
4.632185697555541992e-01 -8.384410738945007324e-01 2.871321737766265869e-01 -1.099651157855987549e-01
0.000000000000000000e+00 0.000000000000000000e+00 0.000000000000000000e+00 1.000000000000000000e+00
8.794546723365783691e-01 3.894473910331726074e-01 -2.736608386039733887e-01 3.978431969881057739e-02
1.593618541955947876e-01 3.008419871330261230e-01 9.402647614479064941e-01 -3.035364151000976562e-01
4.485123753547668457e-01 -8.705314397811889648e-01 2.025138437747955322e-01 -8.451287448406219482e-02
0.000000000000000000e+00 0.000000000000000000e+00 0.000000000000000000e+00 1.000000000000000000e+00
8.987521529197692871e-01 3.539805710315704346e-01 -2.587324082851409912e-01 3.282784298062324524e-02
1.942492723464965820e-01 2.075685560703277588e-01 9.587401151657104492e-01 -3.137490153312683105e-01
3.930800259113311768e-01 -9.119282960891723633e-01 1.177921518683433533e-01 -5.537383630871772766e-02
0.000000000000000000e+00 0.000000000000000000e+00 0.000000000000000000e+00 1.000000000000000000e+00
9.557815790176391602e-01 1.811123043298721313e-01 -2.316894084215164185e-01 1.967424899339675903e-02
2.138595134019851685e-01 1.127170622348785400e-01 9.703395366668701172e-01 -3.209241628646850586e-01
2.018557786941528320e-01 -9.769816398620605469e-01 6.900037080049514771e-02 -2.883682213723659515e-02
0.000000000000000000e+00 0.000000000000000000e+00 0.000000000000000000e+00 1.000000000000000000e+00
9.797376990318298340e-01 -8.543056994676589966e-02 -1.811506748199462891e-01 -1.798108918592333794e-03
1.836306750774383545e-01 2.205884270370006561e-02 9.827477931976318359e-01 -3.270784318447113037e-01
-7.996072620153427124e-02 -9.960999488830566406e-01 3.729955479502677917e-02 1.825112849473953247e-04
0.000000000000000000e+00 0.000000000000000000e+00 0.000000000000000000e+00 1.000000000000000000e+00
9.810997843742370605e-01 8.983062207698822021e-02 -1.713875383138656616e-01 -4.715269431471824646e-03
1.779579520225524902e-01 -7.105454802513122559e-02 9.814693927764892578e-01 -3.309857547283172607e-01
7.598811388015747070e-02 -9.934189319610595703e-01 -8.569771051406860352e-02 3.614770993590354919e-02
0.000000000000000000e+00 0.000000000000000000e+00 0.000000000000000000e+00 1.000000000000000000e+00
9.733859300613403320e-01 1.580940634012222290e-01 -1.659102439880371094e-01 -5.280547309666872025e-03
1.842193454504013062e-01 -1.091389283537864685e-01 9.768067002296447754e-01 -3.319710493087768555e-01
1.363200992345809937e-01 -9.813738465309143066e-01 -1.353583484888076782e-01 5.346349254250526428e-02
0.000000000000000000e+00 0.000000000000000000e+00 0.000000000000000000e+00 1.000000000000000000e+00
9.254800677299499512e-01 3.598547279834747314e-01 -1.182848662137985229e-01 -1.737994700670242310e-02
1.517424285411834717e-01 -6.608514487743377686e-02 9.862082004547119141e-01 -3.332698345184326172e-01
3.470748662948608398e-01 -9.306649565696716309e-01 -1.157657057046890259e-01 3.161965683102607727e-02
0.000000000000000000e+00 0.000000000000000000e+00 0.000000000000000000e+00 1.000000000000000000e+00
9.667729139328002930e-01 2.471365779638290405e-01 -6.537325680255889893e-02 -3.377576544880867004e-02
5.130553618073463440e-02 6.294712424278259277e-02 9.966973066329956055e-01 -3.288580477237701416e-01
2.504354119300842285e-01 -9.669340252876281738e-01 4.817609488964080811e-02 -1.665538549423217773e-02
0.000000000000000000e+00 0.000000000000000000e+00 0.000000000000000000e+00 1.000000000000000000e+00
8.467844724655151367e-01 5.275937318801879883e-01 -6.782931089401245117e-02 -2.561308443546295166e-02
-4.180771112442016602e-02 1.931297183036804199e-01 9.802820086479187012e-01 -3.157558739185333252e-01
5.302906632423400879e-01 -8.272517323493957520e-01 1.855968236923217773e-01 -7.696268707513809204e-02
0.000000000000000000e+00 0.000000000000000000e+00 0.000000000000000000e+00 1.000000000000000000e+00
7.861596345901489258e-01 6.147283911705017090e-01 -6.373362988233566284e-02 -1.923806220293045044e-02
-1.683074086904525757e-01 3.121819794178009033e-01 9.349946975708007812e-01 -2.905663549900054932e-01
5.946643352508544922e-01 -7.243282198905944824e-01 3.488882184028625488e-01 -1.333519369363784790e-01
0.000000000000000000e+00 0.000000000000000000e+00 0.000000000000000000e+00 1.000000000000000000e+00
9.450527429580688477e-01 2.228959053754806519e-01 2.391500025987625122e-01 -1.197621002793312073e-01
-3.118824660778045654e-01 3.954145312309265137e-01 8.639309406280517578e-01 -2.558500468730926514e-01
9.800328314304351807e-02 -8.910470008850097656e-01 4.432049095630645752e-01 -1.400918513536453247e-01
0.000000000000000000e+00 0.000000000000000000e+00 0.000000000000000000e+00 1.000000000000000000e+00
8.825409412384033203e-01 4.046102464199066162e-01 2.396082133054733276e-01 -1.119969338178634644e-01
-4.339422583580017090e-01 5.044696927070617676e-01 7.464611530303955078e-01 -2.080028206110000610e-01
1.811507940292358398e-01 -7.627586126327514648e-01 6.207926869392395020e-01 -1.988023519515991211e-01
0.000000000000000000e+00 0.000000000000000000e+00 0.000000000000000000e+00 1.000000000000000000e+00
8.051277995109558105e-01 5.297701954841613770e-01 2.666693925857543945e-01 -1.106463894248008728e-01
-5.734025835990905762e-01 5.803563594818115234e-01 5.782700181007385254e-01 -1.458232998847961426e-01
1.515868455171585083e-01 -6.184898018836975098e-01 7.710325121879577637e-01 -2.409040033817291260e-01
0.000000000000000000e+00 0.000000000000000000e+00 0.000000000000000000e+00 1.000000000000000000e+00
7.355961203575134277e-01 6.130225062370300293e-01 2.882732748985290527e-01 -1.070826351642608643e-01
-6.724116802215576172e-01 6.090952157974243164e-01 4.205535054206848145e-01 -9.078083187341690063e-02
8.222310245037078857e-02 -5.031958222389221191e-01 8.602515459060668945e-01 -2.627136409282684326e-01
0.000000000000000000e+00 0.000000000000000000e+00 0.000000000000000000e+00 1.000000000000000000e+00
6.576038599014282227e-01 7.213687300682067871e-01 2.172197699546813965e-01 -7.371503859758377075e-02
-7.504089474678039551e-01 6.016934514045715332e-01 2.735882103443145752e-01 -4.150709509849548340e-02
6.665825843811035156e-02 -3.429164588451385498e-01 9.369978904724121094e-01 -2.810376286506652832e-01
0.000000000000000000e+00 0.000000000000000000e+00 0.000000000000000000e+00 1.000000000000000000e+00
6.834088563919067383e-01 7.073780298233032227e-01 1.804664880037307739e-01 -6.316485255956649780e-02
-7.298083305358886719e-01 6.558268666267395020e-01 1.930558979511260986e-01 -1.349727995693683624e-02
1.820876449346542358e-02 -2.636423408985137939e-01 9.644487500190734863e-01 -2.840598225593566895e-01
0.000000000000000000e+00 0.000000000000000000e+00 0.000000000000000000e+00 1.000000000000000000e+00
6.927740573883056641e-01 6.989647746086120605e-01 1.775168478488922119e-01 -6.274848431348800659e-02
-7.155699729919433594e-01 6.968319416046142578e-01 4.882689565420150757e-02 3.091730549931526184e-02
-8.957110345363616943e-02 -1.608517915010452271e-01 9.829058647155761719e-01 -2.796929180622100830e-01
0.000000000000000000e+00 0.000000000000000000e+00 0.000000000000000000e+00 1.000000000000000000e+00
6.795277595520019531e-01 7.169734835624694824e-01 1.555328816175460815e-01 -5.492837354540824890e-02
-7.217281460762023926e-01 6.913532614707946777e-01 -3.374094143509864807e-02 5.348325520753860474e-02
-1.317196041345596313e-01 -8.932467550039291382e-02 9.872543215751647949e-01 -2.754254937171936035e-01
0.000000000000000000e+00 0.000000000000000000e+00 0.000000000000000000e+00 1.000000000000000000e+00
6.632795929908752441e-01 7.353727221488952637e-01 1.388768404722213745e-01 -4.822145402431488037e-02
-7.314950227737426758e-01 6.762487292289733887e-01 -8.719149231910705566e-02 6.764761358499526978e-02
-1.580334603786468506e-01 -4.375544190406799316e-02 9.864637255668640137e-01 -2.712528407573699951e-01
0.000000000000000000e+00 0.000000000000000000e+00 0.000000000000000000e+00 1.000000000000000000e+00
5.862653255462646484e-01 7.957272529602050781e-01 1.520235091447830200e-01 -4.487074166536331177e-02
-7.620832920074462891e-01 6.053626537322998047e-01 -2.297056019306182861e-01 1.084173172712326050e-01
-2.748124301433563232e-01 1.881382614374160767e-02 9.613137245178222656e-01 -2.571602761745452881e-01
0.000000000000000000e+00 0.000000000000000000e+00 0.000000000000000000e+00 1.000000000000000000e+00
5.885930061340332031e-01 7.915220856666564941e-01 1.644730269908905029e-01 -4.802469164133071899e-02
-6.772512793540954590e-01 5.938706994056701660e-01 -4.343368113040924072e-01 1.651072800159454346e-01
-4.414628744125366211e-01 1.442578881978988647e-01 8.856073617935180664e-01 -2.241729944944381714e-01
0.000000000000000000e+00 0.000000000000000000e+00 0.000000000000000000e+00 1.000000000000000000e+00
6.048986911773681641e-01 7.790454030036926270e-01 1.648820042610168457e-01 -5.024581402540206909e-02
-6.154787540435791016e-01 5.887860655784606934e-01 -5.239435434341430664e-01 1.888495087623596191e-01
-5.052558779716491699e-01 2.154513001441955566e-01 8.356416821479797363e-01 -2.040364593267440796e-01
0.000000000000000000e+00 0.000000000000000000e+00 0.000000000000000000e+00 1.000000000000000000e+00
6.735762953758239746e-01 7.211109995841979980e-01 1.621531099081039429e-01 -5.516060441732406616e-02
-5.003978013992309570e-01 6.063764691352844238e-01 -6.179879307746887207e-01 2.118926048278808594e-01
-5.439637899398803711e-01 3.351209163665771484e-01 7.692832946777343750e-01 -1.776617616415023804e-01
0.000000000000000000e+00 0.000000000000000000e+00 0.000000000000000000e+00 1.000000000000000000e+00
7.481591105461120605e-01 6.483052968978881836e-01 1.412736326456069946e-01 -5.491468310356140137e-02
-3.923290669918060303e-01 6.039404869079589844e-01 -6.937820911407470703e-01 2.282914221286773682e-01
