1.000000000000000000e+00 0.000000000000000000e+00 0.000000000000000000e+00 -3.619798645377159119e-02
0.000000000000000000e+00 1.000000000000000000e+00 0.000000000000000000e+00 -1.327119767665863037e-03
0.000000000000000000e+00 0.000000000000000000e+00 1.000000000000000000e+00 -2.960163652896881104e-01
0.000000000000000000e+00 0.000000000000000000e+00 0.000000000000000000e+00 1.000000000000000000e+00
9.905176758766174316e-01 1.369766145944595337e-01 1.058718934655189514e-02 -4.270792007446289062e-02
-1.361489742994308472e-01 9.890005588531494141e-01 -5.780339613556861877e-02 2.800009399652481079e-02
-1.838848739862442017e-02 5.581384524703025818e-02 9.982717633247375488e-01 -2.968845367431640625e-01
0.000000000000000000e+00 0.000000000000000000e+00 0.000000000000000000e+00 1.000000000000000000e+00
9.716646671295166016e-01 2.341386675834655762e-01 3.235171735286712646e-02 -4.961227625608444214e-02
-2.297530919313430786e-01 9.677454233169555664e-01 -1.033529564738273621e-01 5.237008258700370789e-02
-5.550723895430564880e-02 9.299150109291076660e-02 9.941184520721435547e-01 -2.945591509342193604e-01
0.000000000000000000e+00 0.000000000000000000e+00 0.000000000000000000e+00 1.000000000000000000e+00
9.427661299705505371e-01 3.323139250278472900e-01 2.755470760166645050e-02 -4.710293933749198914e-02
-3.251984119415283203e-01 9.345538616180419922e-01 -1.444123387336730957e-01 7.393272221088409424e-02
-7.374166697263717651e-02 1.271863132715225220e-01 9.891339540481567383e-01 -2.919429540634155273e-01
0.000000000000000000e+00 0.000000000000000000e+00 0.000000000000000000e+00 1.000000000000000000e+00
8.951112031936645508e-01 4.458335638046264648e-01 2.881824271753430367e-03 -3.411908447742462158e-02
-4.392163455486297607e-01 8.828989863395690918e-01 -1.660669296979904175e-01 8.752138167619705200e-02
-7.658258825540542603e-02 1.473826020956039429e-01 9.861102700233459473e-01 -2.908388376235961914e-01
0.000000000000000000e+00 0.000000000000000000e+00 0.000000000000000000e+00 1.000000000000000000e+00
8.331938385963439941e-01 5.526638031005859375e-01 -1.872415840625762939e-02 -2.165471203625202179e-02
-5.458291769027709961e-01 8.165184259414672852e-01 -1.880631744861602783e-01 1.007184013724327087e-01
-8.864717930555343628e-02 1.669132560491561890e-01 9.819784760475158691e-01 -2.896045744419097900e-01
0.000000000000000000e+00 0.000000000000000000e+00 0.000000000000000000e+00 1.000000000000000000e+00
7.550845742225646973e-01 6.537724137306213379e-01 -4.928012937307357788e-02 -5.311601329594850540e-03
-6.513562202453613281e-01 7.394780516624450684e-01 -1.700207442045211792e-01 9.905263781547546387e-02
-7.471340149641036987e-02 1.604789793491363525e-01 9.842075109481811523e-01 -2.926288843154907227e-01
0.000000000000000000e+00 0.000000000000000000e+00 0.000000000000000000e+00 1.000000000000000000e+00
6.940194368362426758e-01 7.154213190078735352e-01 -8.067920058965682983e-02 8.313768543303012848e-03
-7.194977998733520508e-01 6.852115392684936523e-01 -1.131713464856147766e-01 8.085427433252334595e-02
-2.568292431533336639e-02 1.365916281938552856e-01 9.902943968772888184e-01 -2.994372844696044922e-01
0.000000000000000000e+00 0.000000000000000000e+00 0.000000000000000000e+00 1.000000000000000000e+00
5.875650048255920410e-01 8.080418705940246582e-01 -4.284166172146797180e-02 2.283577050548046827e-04
-8.083612918853759766e-01 5.837731361389160156e-01 -7.589986175298690796e-02 6.914301216602325439e-02
-3.632048144936561584e-02 7.922765612602233887e-02 9.961947202682495117e-01 -3.066607415676116943e-01
0.000000000000000000e+00 0.000000000000000000e+00 0.000000000000000000e+00 1.000000000000000000e+00
5.038738250732421875e-01 8.625630140304565430e-01 -4.578452929854393005e-02 5.770523101091384888e-03
-8.633389472961425781e-01 5.012217760086059570e-01 -5.850267782807350159e-02 6.375814974308013916e-02
-2.751403674483299255e-02 6.900554150342941284e-02 9.972367882728576660e-01 -3.105061948299407959e-01
0.000000000000000000e+00 0.000000000000000000e+00 0.000000000000000000e+00 1.000000000000000000e+00
4.054671525955200195e-01 9.119607210159301758e-01 -6.264057010412216187e-02 1.601530611515045166e-02
-9.139663577079772949e-01 4.056634902954101562e-01 -1.012339908629655838e-02 4.602106288075447083e-02
1.617884077131748199e-02 6.135608255863189697e-02 9.979848265647888184e-01 -3.146287202835083008e-01
0.000000000000000000e+00 0.000000000000000000e+00 0.000000000000000000e+00 1.000000000000000000e+00
2.926005423069000244e-01 9.539888501167297363e-01 -6.549861282110214233e-02 2.195079252123832703e-02
-9.552273154258728027e-01 2.947492003440856934e-01 2.576248534023761749e-02 3.331885859370231628e-02
4.388278722763061523e-02 5.502795055508613586e-02 9.975200295448303223e-01 -3.171580433845520020e-01
0.000000000000000000e+00 0.000000000000000000e+00 0.000000000000000000e+00 1.000000000000000000e+00
1.766145974397659302e-01 9.803531765937805176e-01 -8.783330023288726807e-02 3.423463553190231323e-02
-9.818288087844848633e-01 1.817657202482223511e-01 5.452738702297210693e-02 2.320747822523117065e-02
6.942118704319000244e-02 7.660693675279617310e-02 9.946416616439819336e-01 -3.175936639308929443e-01
0.000000000000000000e+00 0.000000000000000000e+00 0.000000000000000000e+00 1.000000000000000000e+00
9.941049665212631226e-02 9.914780259132385254e-01 -8.419588208198547363e-02 3.631820902228355408e-02
-9.908273816108703613e-01 1.064176782965660095e-01 8.328466117382049561e-02 1.219197362661361694e-02
9.153485298156738281e-02 7.514420896768569946e-02 9.929625988006591797e-01 -3.173728585243225098e-01
0.000000000000000000e+00 0.000000000000000000e+00 0.000000000000000000e+00 1.000000000000000000e+00
1.613256707787513733e-02 9.953009486198425293e-01 -9.547793120145797729e-02 4.472521319985389709e-02
-9.973555803298950195e-01 2.278628759086132050e-02 6.901329010725021362e-02 1.875678263604640961e-02
7.086457312107086182e-02 9.411206841468811035e-02 9.930363297462463379e-01 -3.111109435558319092e-01
0.000000000000000000e+00 0.000000000000000000e+00 0.000000000000000000e+00 1.000000000000000000e+00
-8.978421986103057861e-02 8.901166915893554688e-01 -4.468007683753967285e-01 1.660548746585845947e-01
-9.905703663825988770e-01 -3.319568559527397156e-02 1.329218596220016479e-01 -1.607986981980502605e-03
1.034840941429138184e-01 4.545219242572784424e-01 8.847038149833679199e-01 -2.700777947902679443e-01
0.000000000000000000e+00 0.000000000000000000e+00 0.000000000000000000e+00 1.000000000000000000e+00
-1.613360047340393066e-01 8.664870858192443848e-01 -4.724096953868865967e-01 1.760535240173339844e-01
-9.774643182754516602e-01 -7.426410168409347534e-02 1.976065486669540405e-01 -2.439209446310997009e-02
1.361404210329055786e-01 4.936446547508239746e-01 8.589416146278381348e-01 -2.629735767841339111e-01
0.000000000000000000e+00 0.000000000000000000e+00 0.000000000000000000e+00 1.000000000000000000e+00
-1.300408095121383667e-01 8.117352128028869629e-01 -5.693639516830444336e-01 2.005811035633087158e-01
-9.914914965629577637e-01 -1.098263338208198547e-01 6.987529247999191284e-02 1.657134667038917542e-02
-5.810945294797420502e-03 5.736061930656433105e-01 8.191106319427490234e-01 -2.433938235044479370e-01
0.000000000000000000e+00 0.000000000000000000e+00 0.000000000000000000e+00 1.000000000000000000e+00
