-0.2569219172000885 0.4163269102573395 0.8721599578857422 -0.2658860981464386 
-0.9636694192886353 -0.04217306151986122 -0.26374751329422 0.1324277967214584 
-0.07302352786064148 -0.9082363843917847 0.4120366871356964 -0.1112946197390556 
0 0 0 1 

-0.3399978876113892 0.3128622174263 0.8868588805198669 -0.2603003978729248 
-0.9402163624763489 -0.1330064684152603 -0.3135322332382202 0.1480219811201096 
0.01986555755138397 -0.9404395222663879 0.3393801152706146 -0.09236542880535126 
0 0 0 1 

-0.3832984268665314 0.107657715678215 0.9173285961151123 -0.2529314458370209 
-0.9152941107749939 -0.1773636937141418 -0.3616330027580261 0.1559023708105087 
0.1237683296203613 -0.9782389998435974 0.1665219366550446 -0.05780453234910965 
0 0 0 1 

-0.3995852172374725 -0.05766478553414345 0.9148802161216736 -0.2514731585979462 
-0.913419246673584 -0.05925926193594933 -0.4026825428009033 0.1673633754253387 
0.07743599265813828 -0.9965754747390747 -0.02899263054132462 0.0036230084951967 
0 0 0 1 

-0.3858556747436523 -0.140367716550827 0.9118177890777588 -0.2512190639972687 
-0.9210806488990784 0.002686282387003303 -0.3893621563911438 0.1644638925790787 
0.05220459774136543 -0.9900956153869629 -0.1303262859582901 0.03467213362455368 
0 0 0 1 

-0.3926998972892761 -0.2950552105903625 0.8710505962371826 -0.2399154603481293 
-0.9175827503204346 0.06197956949472427 -0.3926836252212524 0.1662581861019135 
0.06187606975436211 -0.953467845916748 -0.2950768172740936 0.08402108401060104 
0 0 0 1 

-0.4217325150966644 -0.3964701890945435 0.8154464960098267 -0.2232435196638107 
-0.9061843156814575 0.1533795297145844 -0.394087165594101 0.1674139201641083 
0.03117107041180134 -0.905144214630127 -0.4239601790904999 0.1219600066542625 
0 0 0 1 

-0.4662341773509979 -0.4554591178894043 0.7584080100059509 -0.2040820419788361 
-0.8846582770347595 0.2377755790948868 -0.4010517001152039 0.166261687874794 
0.00233170879073441 -0.8579159379005432 -0.5137848258018494 0.1510403603315353 
0 0 0 1 

-0.4920172989368439 -0.5267118811607361 0.6931761503219604 -0.1854073852300644 
-0.8705474734306335 0.3050725162029266 -0.3861058354377747 0.1615662723779678 
-0.008102403022348881 -0.7934136986732483 -0.608628511428833 0.1827036440372467 
0 0 0 1 

-0.465945690870285 -0.5878111124038696 0.6613416075706482 -0.1798759698867798 
-0.8819854855537415 0.3682631850242615 -0.2940812706947327 0.1344471573829651 
-0.07068346440792084 -0.7203196287155151 -0.6900315284729004 0.2121854573488235 
0 0 0 1 

