1.000000000000000000e+00 0.000000000000000000e+00 0.000000000000000000e+00 -4.542167112231254578e-02
0.000000000000000000e+00 1.000000000000000000e+00 0.000000000000000000e+00 9.935460984706878662e-04
0.000000000000000000e+00 0.000000000000000000e+00 1.000000000000000000e+00 -2.875000238418579102e-01
0.000000000000000000e+00 0.000000000000000000e+00 0.000000000000000000e+00 1.000000000000000000e+00
9.961990118026733398e-01 8.295403420925140381e-02 2.658739686012268066e-02 -5.174927785992622375e-02
-8.258935809135437012e-02 9.964776635169982910e-01 -1.453331019729375839e-02 9.106636047363281250e-03
-2.769933268427848816e-02 1.228223647922277451e-02 9.995407462120056152e-01 -2.927533388137817383e-01
0.000000000000000000e+00 0.000000000000000000e+00 0.000000000000000000e+00 1.000000000000000000e+00
9.847049713134765625e-01 1.673249304294586182e-01 4.856508597731590271e-02 -5.657505244016647339e-02
-1.650021374225616455e-01 9.851015806198120117e-01 -4.846381023526191711e-02 2.470620162785053253e-02
-5.595080927014350891e-02 3.970918059349060059e-02 9.976434111595153809e-01 -2.918331623077392578e-01
0.000000000000000000e+00 0.000000000000000000e+00 0.000000000000000000e+00 1.000000000000000000e+00
9.647580981254577637e-01 2.570286393165588379e-01 5.637481063604354858e-02 -5.671858042478561401e-02
-2.525517046451568604e-01 9.646017551422119141e-01 -7.590302824974060059e-02 3.790507093071937561e-02
-7.388850301504135132e-02 5.899049341678619385e-02 9.955199956893920898e-01 -2.909636199474334717e-01
0.000000000000000000e+00 0.000000000000000000e+00 0.000000000000000000e+00 1.000000000000000000e+00
9.348831772804260254e-01 3.500404953956604004e-01 5.886176601052284241e-02 -5.460446700453758240e-02
-3.415321707725524902e-01 9.322471022605895996e-01 -1.194592788815498352e-01 5.613731220364570618e-02
-9.668938070535659790e-02 9.157723188400268555e-02 9.910925030708312988e-01 -2.889846265316009521e-01
0.000000000000000000e+00 0.000000000000000000e+00 0.000000000000000000e+00 1.000000000000000000e+00
8.901773095130920410e-01 4.533376991748809814e-01 4.548538476228713989e-02 -4.699175432324409485e-02
-4.439224302768707275e-01 8.854725360870361328e-01 -1.373715549707412720e-01 6.576707214117050171e-02
-1.025518402457237244e-01 1.020930111408233643e-01 9.894745945930480957e-01 -2.892825901508331299e-01
0.000000000000000000e+00 0.000000000000000000e+00 0.000000000000000000e+00 1.000000000000000000e+00
8.432272672653198242e-01 5.366595983505249023e-01 3.103910945355892181e-02 -3.979301080107688904e-02
-5.251970887184143066e-01 8.347762227058410645e-01 -1.652767658233642578e-01 7.789460569620132446e-02
-1.146081686019897461e-01 1.230642646551132202e-01 9.857590198516845703e-01 -2.880852222442626953e-01
0.000000000000000000e+00 0.000000000000000000e+00 0.000000000000000000e+00 1.000000000000000000e+00
7.868919968605041504e-01 6.169513463973999023e-01 1.312141865491867065e-02 -3.115214407444000244e-02
-6.066096425056457520e-01 7.772538065910339355e-01 -1.670343577861785889e-01 8.240512758493423462e-02
-1.132507696747779846e-01 1.234783157706260681e-01 9.858636260032653809e-01 -2.891993522644042969e-01
0.000000000000000000e+00 0.000000000000000000e+00 0.000000000000000000e+00 1.000000000000000000e+00
7.162715792655944824e-01 6.976693868637084961e-01 -1.457574777305126190e-02 -1.717703230679035187e-02
-6.904215216636657715e-01 7.054873704910278320e-01 -1.600184589624404907e-01 8.321209996938705444e-02
-1.013569757342338562e-01 1.246800497174263000e-01 9.870059490203857422e-01 -2.905799746513366699e-01
0.000000000000000000e+00 0.000000000000000000e+00 0.000000000000000000e+00 1.000000000000000000e+00
6.427849531173706055e-01 7.659088969230651855e-01 -1.450930628925561905e-02 -1.254686340689659119e-02
-7.600303888320922852e-01 6.352534294128417969e-01 -1.371349096298217773e-01 7.869265228509902954e-02
-9.581582248210906982e-02 9.917578846216201782e-02 9.904462099075317383e-01 -2.933672070503234863e-01
0.000000000000000000e+00 0.000000000000000000e+00 0.000000000000000000e+00 1.000000000000000000e+00
5.501891970634460449e-01 8.344828486442565918e-01 -3.050224669277667999e-02 -1.571507425978779793e-03
-8.327547311782836914e-01 5.456163883209228516e-01 -9.392783790826797485e-02 6.655510514974594116e-02
-6.173866242170333862e-02 7.707891613245010376e-02 9.951114654541015625e-01 -2.985409200191497803e-01
0.000000000000000000e+00 0.000000000000000000e+00 0.000000000000000000e+00 1.000000000000000000e+00
4.528662264347076416e-01 8.896552920341491699e-01 -5.852729082107543945e-02 1.396547816693782806e-02
-8.913592696189880371e-01 4.503235518932342529e-01 -5.183498188853263855e-02 5.420038104057312012e-02
-1.975904218852519989e-02 7.564318180084228516e-02 9.969393610954284668e-01 -3.029246628284454346e-01
0.000000000000000000e+00 0.000000000000000000e+00 0.000000000000000000e+00 1.000000000000000000e+00
3.506618440151214600e-01 9.325188398361206055e-01 -8.628718554973602295e-02 2.674235031008720398e-02
-9.363623261451721191e-01 3.507082760334014893e-01 -1.511801220476627350e-02 4.032359272241592407e-02
1.616379432380199432e-02 8.609740436077117920e-02 9.961556792259216309e-01 -3.044964075088500977e-01
0.000000000000000000e+00 0.000000000000000000e+00 0.000000000000000000e+00 1.000000000000000000e+00
2.724421620368957520e-01 9.562560319900512695e-01 -1.065326407551765442e-01 3.566537052392959595e-02
-9.591652750968933105e-01 2.786675691604614258e-01 4.844024032354354858e-02 1.640386506915092468e-02
7.600849121809005737e-02 8.898524940013885498e-02 9.931285381317138672e-01 -3.041972517967224121e-01
0.000000000000000000e+00 0.000000000000000000e+00 0.000000000000000000e+00 1.000000000000000000e+00
1.948323696851730347e-01 9.708577394485473633e-01 -1.395568400621414185e-01 4.763024672865867615e-02
-9.722209572792053223e-01 2.099733948707580566e-01 1.034283787012100220e-01 -4.002832341939210892e-03
1.297173947095870972e-01 1.155288219451904297e-01 9.847974777221679688e-01 -3.025304973125457764e-01
0.000000000000000000e+00 0.000000000000000000e+00 0.000000000000000000e+00 1.000000000000000000e+00
1.147963628172874451e-01 9.838254451751708984e-01 -1.375092715024948120e-01 4.880191013216972351e-02
-9.709457159042358398e-01 1.403804272413253784e-01 1.937968581914901733e-01 -3.515190631151199341e-02
2.099659591913223267e-01 1.112668663263320923e-01 9.713567495346069336e-01 -2.996718883514404297e-01
0.000000000000000000e+00 0.000000000000000000e+00 0.000000000000000000e+00 1.000000000000000000e+00
1.887925267219543457e-01 9.740844964981079102e-01 -1.245680078864097595e-01 4.401706159114837646e-02
-9.541514515876770020e-01 2.119571566581726074e-01 2.113503664731979370e-01 -4.019045084714889526e-02
2.322761565446853638e-01 7.895545661449432373e-02 9.694396257400512695e-01 -2.972592711448669434e-01
0.000000000000000000e+00 0.000000000000000000e+00 0.000000000000000000e+00 1.000000000000000000e+00
2.729037702083587646e-01 9.536517858505249023e-01 -1.267744004726409912e-01 4.205859079957008362e-02
-9.380749464035034180e-01 2.930149734020233154e-01 1.848177015781402588e-01 -2.970836684107780457e-02
2.133985459804534912e-01 6.848648190498352051e-02 9.745617508888244629e-01 -2.961818575859069824e-01
0.000000000000000000e+00 0.000000000000000000e+00 0.000000000000000000e+00 1.000000000000000000e+00
3.258189260959625244e-01 9.367751479148864746e-01 -1.276481002569198608e-01 4.075616598129272461e-02
-9.345893859863281250e-01 3.395224213600158691e-01 1.061447858810424805e-01 -1.748361741192638874e-03
1.427732259035110474e-01 8.471463620662689209e-02 9.861232638359069824e-01 -2.960686087608337402e-01
0.000000000000000000e+00 0.000000000000000000e+00 0.000000000000000000e+00 1.000000000000000000e+00
3.607775270938873291e-01 9.180095195770263672e-01 -1.646143049001693726e-01 5.081837996840476990e-02
-9.295986890792846680e-01 3.682209551334381104e-01 1.611034758388996124e-02 2.970924787223339081e-02
7.540387660264968872e-02 1.472130119800567627e-01 9.862267374992370605e-01 -2.921015620231628418e-01
0.000000000000000000e+00 0.000000000000000000e+00 0.000000000000000000e+00 1.000000000000000000e+00
4.011008739471435547e-01 8.998855352401733398e-01 -1.712427437305450439e-01 5.096997693181037903e-02
-9.159894585609436035e-01 3.958490490913391113e-01 -6.531780958175659180e-02 5.727913230657577515e-02
9.007749147713184357e-03 1.830555647611618042e-01 9.830610156059265137e-01 -2.874783277511596680e-01
0.000000000000000000e+00 0.000000000000000000e+00 0.000000000000000000e+00 1.000000000000000000e+00
4.537285566329956055e-01 8.665440678596496582e-01 -2.079218924045562744e-01 5.882392823696136475e-02
-8.899199366569519043e-01 4.283962547779083252e-01 -1.565860658884048462e-01 8.515325933694839478e-02
-4.661581292748451233e-02 2.560812830924987793e-01 9.655303359031677246e-01 -2.769976258277893066e-01
0.000000000000000000e+00 0.000000000000000000e+00 0.000000000000000000e+00 1.000000000000000000e+00
5.304373502731323242e-01 8.266992568969726562e-01 -1.876292228698730469e-01 4.685471951961517334e-02
-8.423897624015808105e-01 4.892354607582092285e-01 -2.258942127227783203e-01 1.038766130805015564e-01
-9.495180845260620117e-02 2.778797745704650879e-01 9.559116959571838379e-01 -2.702379822731018066e-01
0.000000000000000000e+00 0.000000000000000000e+00 0.000000000000000000e+00 1.000000000000000000e+00
5.920377969741821289e-01 7.835823297500610352e-01 -1.883895397186279297e-01 4.290136694908142090e-02
-7.949920892715454102e-01 5.294887423515319824e-01 -2.960217893123626709e-01 1.213731616735458374e-01
-1.322075128555297852e-01 3.250242471694946289e-01 9.364187121391296387e-01 -2.604849338531494141e-01
0.000000000000000000e+00 0.000000000000000000e+00 0.000000000000000000e+00 1.000000000000000000e+00
6.676436662673950195e-01 7.282500863075256348e-01 -1.546082943677902222e-01 2.720373496413230896e-02
-7.231562733650207520e-01 5.850322246551513672e-01 -3.671264052391052246e-01 1.359377354383468628e-01
-1.769091933965682983e-01 3.569157421588897705e-01 9.172316789627075195e-01 -2.504027783870697021e-01
0.000000000000000000e+00 0.000000000000000000e+00 0.000000000000000000e+00 1.000000000000000000e+00
7.316744923591613770e-01 6.669614315032958984e-01 -1.407665610313415527e-01 1.950141414999961853e-02
-6.499085426330566406e-01 6.202759742736816406e-01 -4.391772449016571045e-01 1.503131687641143799e-01
-2.056001722812652588e-01 4.128199517726898193e-01 8.873039484024047852e-01 -2.365851998329162598e-01
0.000000000000000000e+00 0.000000000000000000e+00 0.000000000000000000e+00 1.000000000000000000e+00
7.500055432319641113e-01 6.499871015548706055e-01 -1.225078850984573364e-01 1.189915928989648819e-02
-6.033809781074523926e-01 5.964662432670593262e-01 -5.293000936508178711e-01 1.711891740560531616e-01
-2.709665000438690186e-01 4.708968400955200195e-01 8.395431637763977051e-01 -2.147263437509536743e-01
0.000000000000000000e+00 0.000000000000000000e+00 0.000000000000000000e+00 1.000000000000000000e+00
7.873487472534179688e-01 6.014073491096496582e-01 -1.356134116649627686e-01 1.277862396091222763e-02
-5.360736846923828125e-01 5.592184066772460938e-01 -6.323762536048889160e-01 1.975331008434295654e-01
-3.044782876968383789e-01 5.705995559692382812e-01 7.626987695693969727e-01 -1.868529021739959717e-01
0.000000000000000000e+00 0.000000000000000000e+00 0.000000000000000000e+00 1.000000000000000000e+00
8.062887191772460938e-01 5.780998468399047852e-01 -1.252977848052978516e-01 8.336468599736690521e-03
-4.823147952556610107e-01 5.198824405670166016e-01 -7.050496339797973633e-01 2.165464311838150024e-01
-3.424486517906188965e-01 6.289063096046447754e-01 6.980015635490417480e-01 -1.634816080331802368e-01
0.000000000000000000e+00 0.000000000000000000e+00 0.000000000000000000e+00 1.000000000000000000e+00
8.346157073974609375e-01 5.360514521598815918e-01 -1.267470568418502808e-01 5.417448468506336212e-03
-4.191149771213531494e-01 4.686874151229858398e-01 -7.776082754135131836e-01 2.357749193906784058e-01
-3.574332892894744873e-01 7.021256685256958008e-01 6.158413887023925781e-01 -1.399869620800018311e-01
0.000000000000000000e+00 0.000000000000000000e+00 0.000000000000000000e+00 1.000000000000000000e+00
8.630046844482421875e-01 4.987864196300506592e-01 -8.021622151136398315e-02 -9.392021223902702332e-03
-3.291959762573242188e-01 4.347741901874542236e-01 -8.382129073143005371e-01 2.500347495079040527e-01
-3.832135498523712158e-01 7.497888207435607910e-01 5.394107103347778320e-01 -1.194339469075202942e-01
0.000000000000000000e+00 0.000000000000000000e+00 0.000000000000000000e+00 1.000000000000000000e+00
8.812711834907531738e-01 4.694220721721649170e-01 -5.480836331844329834e-02 -1.671676151454448700e-02
-2.299947738647460938e-01 3.246637284755706787e-01 -9.174397587776184082e-01 2.652333676815032959e-01
-4.128722846508026123e-01 8.211187720298767090e-01 3.940813541412353516e-01 -7.985077798366546631e-02
0.000000000000000000e+00 0.000000000000000000e+00 0.000000000000000000e+00 1.000000000000000000e+00
8.660768270492553711e-01 4.991010129451751709e-01 -2.844523452222347260e-02 -2.902868017554283142e-02
-1.085895746946334839e-01 1.322806179523468018e-01 -9.852462410926818848e-01 2.828708291053771973e-01
-4.879746437072753906e-01 8.563879132270812988e-01 1.687623113393783569e-01 -1.556449662894010544e-02
0.000000000000000000e+00 0.000000000000000000e+00 0.000000000000000000e+00 1.000000000000000000e+00
8.660321831703186035e-01 4.986830651760101318e-01 -3.609917685389518738e-02 -2.422587387263774872e-02
-9.776394814252853394e-02 9.808923304080963135e-02 -9.903636574745178223e-01 2.830577790737152100e-01
-4.903367757797241211e-01 8.612162470817565918e-01 1.337016671895980835e-01 -1.336705219000577927e-02
0.000000000000000000e+00 0.000000000000000000e+00 0.000000000000000000e+00 1.000000000000000000e+00
8.212205171585083008e-01 5.702482461929321289e-01 -2.035259269177913666e-02 -2.406195178627967834e-02
-1.025335192680358887e-01 1.123843118548393250e-01 -9.883604645729064941e-01 2.825977504253387451e-01
-5.613234043121337891e-01 8.137484788894653320e-01 1.507618278264999390e-01 -1.643887348473072052e-02
0.000000000000000000e+00 0.000000000000000000e+00 0.000000000000000000e+00 1.000000000000000000e+00
8.020637631416320801e-01 5.953705906867980957e-01 -4.719588533043861389e-02 -1.622486487030982971e-02
-2.362007945775985718e-01 2.436341196298599243e-01 -9.406654238700866699e-01 2.747862040996551514e-01
-5.485460162162780762e-01 7.656215429306030273e-01 3.360371589660644531e-01 -5.887379497289657593e-02
0.000000000000000000e+00 0.000000000000000000e+00 0.000000000000000000e+00 1.000000000000000000e+00
8.127424120903015137e-01 5.772657394409179688e-01 -7.882913202047348022e-02 -7.703478448092937469e-03
-3.092389404773712158e-01 3.127434253692626953e-01 -8.980881571769714355e-01 2.657784521579742432e-01
-4.937823712825775146e-01 7.542915344238281250e-01 4.326930642127990723e-01 -8.604181557893753052e-02
0.000000000000000000e+00 0.000000000000000000e+00 0.000000000000000000e+00 1.000000000000000000e+00
8.063305616378784180e-01 5.823230743408203125e-01 -1.035883873701095581e-01 -1.484599313698709011e-03
-3.740377426147460938e-01 3.663649559020996094e-01 -8.519817590713500977e-01 2.561235725879669189e-01
-4.581773579120635986e-01 7.257248759269714355e-01 5.132222175598144531e-01 -1.097051128745079041e-01
0.000000000000000000e+00 0.000000000000000000e+00 0.000000000000000000e+00 1.000000000000000000e+00
8.282743692398071289e-01 5.556796193122863770e-01 -7.198094576597213745e-02 -1.576635800302028656e-02
-4.531455636024475098e-01 5.887340307235717773e-01 -6.693665981292724609e-01 2.170933187007904053e-01
-3.295757472515106201e-01 5.870372056961059570e-01 7.394373416900634766e-01 -1.793740093708038330e-01
0.000000000000000000e+00 0.000000000000000000e+00 0.000000000000000000e+00 1.000000000000000000e+00
8.298941850662231445e-01 5.556357502937316895e-01 -5.044401809573173523e-02 -2.328707091510295868e-02
-4.686101973056793213e-01 6.451236009597778320e-01 -6.035060286521911621e-01 1.980390995740890503e-01
-3.027869760990142822e-01 5.244845151901245117e-01 7.957611680030822754e-01 -1.970363855361938477e-01
0.000000000000000000e+00 0.000000000000000000e+00 0.000000000000000000e+00 1.000000000000000000e+00
8.517981767654418945e-01 5.218040347099304199e-01 -4.647974669933319092e-02 -2.461583726108074188e-02
-4.637347459793090820e-01 7.097728848457336426e-01 -5.302574634552001953e-01 1.757882386445999146e-01
-2.437003552913665771e-01 4.732264876365661621e-01 8.465618491172790527e-01 -2.135453075170516968e-01
0.000000000000000000e+00 0.000000000000000000e+00 0.000000000000000000e+00 1.000000000000000000e+00
8.667698502540588379e-01 4.986453056335449219e-01 -7.935654371976852417e-03 -3.434376791119575500e-02
-4.619808197021484375e-01 7.968412041664123535e-01 -3.893809318542480469e-01 1.350019574165344238e-01
-1.878396868705749512e-01 3.411697447299957275e-01 9.210425615310668945e-01 -2.363501340150833130e-01
0.000000000000000000e+00 0.000000000000000000e+00 0.000000000000000000e+00 1.000000000000000000e+00
8.761277794837951660e-01 4.820149242877960205e-01 -7.861486636102199554e-03 -3.272238373756408691e-02
-4.681352972984313965e-01 8.467795252799987793e-01 -2.526128888130187988e-01 9.702161699533462524e-02
-1.151063293218612671e-01 2.250014692544937134e-01 9.675355553627014160e-01 -2.524171769618988037e-01
0.000000000000000000e+00 0.000000000000000000e+00 0.000000000000000000e+00 1.000000000000000000e+00
8.787596821784973145e-01 4.772522151470184326e-01 -3.393319202587008476e-03 -3.002730198204517365e-02
-4.768970310688018799e-01 8.777822256088256836e-01 -4.547186195850372314e-02 3.878261893987655640e-02
-1.872296445071697235e-02 4.157710820436477661e-02 9.989598989486694336e-01 -2.655823230743408203e-01
0.000000000000000000e+00 0.000000000000000000e+00 0.000000000000000000e+00 1.000000000000000000e+00
8.872048854827880859e-01 4.613546729087829590e-01 -4.392218310385942459e-03 -2.832377143204212189e-02
-4.606437087059020996e-01 8.862934708595275879e-01 4.786630719900131226e-02 1.102901156991720200e-02
2.597615309059619904e-02 -4.044396430253982544e-02 9.988444447517395020e-01 -2.681930363178253174e-01
0.000000000000000000e+00 0.000000000000000000e+00 0.000000000000000000e+00 1.000000000000000000e+00
8.943325877189636230e-01 4.473923444747924805e-01 -3.051182022318243980e-03 -2.823317609727382660e-02
-4.415539503097534180e-01 8.837197422981262207e-01 1.551415175199508667e-01 -2.219263650476932526e-02
7.210554182529449463e-02 -1.374007910490036011e-01 9.878874421119689941e-01 -2.673983871936798096e-01
0.000000000000000000e+00 0.000000000000000000e+00 0.000000000000000000e+00 1.000000000000000000e+00
8.963099122047424316e-01 4.434076249599456787e-01 -4.250176716595888138e-03 -2.771563082933425903e-02
-4.268822968006134033e-01 8.654198646545410156e-01 2.623363435268402100e-01 -5.567395314574241638e-02
1.200001761317253113e-01 -2.333203405141830444e-01 9.649672508239746094e-01 -2.625971138477325439e-01
0.000000000000000000e+00 0.000000000000000000e+00 0.000000000000000000e+00 1.000000000000000000e+00
9.014846086502075195e-01 4.327635169029235840e-01 -6.357966922223567963e-03 -2.678256481885910034e-02
-3.996194303035736084e-01 8.379049301147460938e-01 3.717786967754364014e-01 -9.209044277667999268e-02
1.662196964025497437e-01 -3.326119482517242432e-01 9.282995462417602539e-01 -2.529807686805725098e-01
0.000000000000000000e+00 0.000000000000000000e+00 0.000000000000000000e+00 1.000000000000000000e+00
9.061383605003356934e-01 4.229369163513183594e-01 -6.061162799596786499e-03 -2.824271097779273987e-02
-3.725844919681549072e-01 8.048788905143737793e-01 4.618995189666748047e-01 -1.218473091721534729e-01
2.002330422401428223e-01 -4.162865877151489258e-01 8.869112730026245117e-01 -2.427862137556076050e-01
0.000000000000000000e+00 0.000000000000000000e+00 0.000000000000000000e+00 1.000000000000000000e+00
9.181026816368103027e-01 3.963316380977630615e-01 -3.076333319768309593e-03 -3.174307569861412048e-02
-3.292157649993896484e-01 7.669045329093933105e-01 5.508853197097778320e-01 -1.515210121870040894e-01
2.206925600767135620e-01 -5.047560334205627441e-01 8.345754146575927734e-01 -2.299805134534835815e-01
0.000000000000000000e+00 0.000000000000000000e+00 0.000000000000000000e+00 1.000000000000000000e+00
9.115681648254394531e-01 4.104278683662414551e-01 2.432504668831825256e-02 -4.091783240437507629e-02
-3.327752649784088135e-01 7.017671465873718262e-01 6.299076080322265625e-01 -1.753217726945877075e-01
2.414613813161849976e-01 -5.822985172271728516e-01 7.762890458106994629e-01 -2.156504243612289429e-01
0.000000000000000000e+00 0.000000000000000000e+00 0.000000000000000000e+00 1.000000000000000000e+00
9.195446372032165527e-01 3.907408714294433594e-01 4.194996505975723267e-02 -4.822416231036186218e-02
-2.965842783451080322e-01 6.199747920036315918e-01 7.264079451560974121e-01 -2.062987834215164185e-01
2.578296959400177002e-01 -6.804063916206359863e-01 6.859819889068603516e-01 -1.905286461114883423e-01
0.000000000000000000e+00 0.000000000000000000e+00 0.000000000000000000e+00 1.000000000000000000e+00
9.282541275024414062e-01 3.676310181617736816e-01 5.649348348379135132e-02 -5.431455373764038086e-02
-2.651267647743225098e-01 5.474649667739868164e-01 7.937188148498535156e-01 -2.285770922899246216e-01
2.608673870563507080e-01 -7.517507076263427734e-01 6.056554913520812988e-01 -1.663614958524703979e-01
0.000000000000000000e+00 0.000000000000000000e+00 0.000000000000000000e+00 1.000000000000000000e+00
9.380841255187988281e-01 3.422854244709014893e-01 5.327881500124931335e-02 -5.501345172524452209e-02
-2.217906564474105835e-01 4.753256738185882568e-01 8.513951897621154785e-01 -2.486323863267898560e-01
2.660954892635345459e-01 -8.104975223541259766e-01 5.218114256858825684e-01 -1.424473375082015991e-01
0.000000000000000000e+00 0.000000000000000000e+00 0.000000000000000000e+00 1.000000000000000000e+00
9.481983184814453125e-01 3.137091696262359619e-01 5.006806179881095886e-02 -5.757604539394378662e-02
-1.826008409261703491e-01 4.092406630516052246e-01 8.939679265022277832e-01 -2.628558576107025146e-01
2.599560618400573730e-01 -8.568013906478881836e-01 4.453249573707580566e-01 -1.211954951286315918e-01
0.000000000000000000e+00 0.000000000000000000e+00 0.000000000000000000e+00 1.000000000000000000e+00
9.616271257400512695e-01 2.704026997089385986e-01 4.642707481980323792e-02 -5.932410061359405518e-02
-1.406782716512680054e-01 3.406834602355957031e-01 9.295932650566101074e-01 -2.766462564468383789e-01
2.355476468801498413e-01 -9.004537463188171387e-01 3.656503558158874512e-01 -9.638904780149459839e-02
0.000000000000000000e+00 0.000000000000000000e+00 0.000000000000000000e+00 1.000000000000000000e+00
9.672636985778808594e-01 2.431075721979141235e-01 7.279665023088455200e-02 -6.989452987909317017e-02
-1.363575309514999390e-01 2.559595108032226562e-01 9.570218920707702637e-01 -2.892417013645172119e-01
2.140262871980667114e-01 -9.356192946434020996e-01 2.807300686836242676e-01 -6.606582552194595337e-02
0.000000000000000000e+00 0.000000000000000000e+00 0.000000000000000000e+00 1.000000000000000000e+00
9.781120419502258301e-01 2.041205614805221558e-01 4.038535803556442261e-02 -6.338444352149963379e-02
-7.314766943454742432e-02 1.556075960397720337e-01 9.851067662239074707e-01 -3.028291165828704834e-01
1.947963535785675049e-01 -9.664998054504394531e-01 1.671327352523803711e-01 -2.720194309949874878e-02
0.000000000000000000e+00 0.000000000000000000e+00 0.000000000000000000e+00 1.000000000000000000e+00
9.942128658294677734e-01 1.073981449007987976e-01 -2.514919033274054527e-03 -5.278423056006431580e-02
-1.182469073683023453e-02 1.326724290847778320e-01 9.910895228385925293e-01 -3.063866794109344482e-01
1.067748293280601501e-01 -9.853240847587585449e-01 1.331746578216552734e-01 -1.639765873551368713e-02
0.000000000000000000e+00 0.000000000000000000e+00 0.000000000000000000e+00 1.000000000000000000e+00
9.958646297454833984e-01 9.012408554553985596e-02 -1.148102618753910065e-02 -5.095572769641876221e-02
-1.125399768352508545e-02 2.477669417858123779e-01 9.687542319297790527e-01 -3.010033965110778809e-01
9.015270322561264038e-02 -9.646182060241699219e-01 2.477564662694931030e-01 -5.296021327376365662e-02
0.000000000000000000e+00 0.000000000000000000e+00 0.000000000000000000e+00 1.000000000000000000e+00
9.979383945465087891e-01 3.602635487914085388e-02 -5.311623215675354004e-02 -3.700740635395050049e-02
4.047109559178352356e-02 2.890959680080413818e-01 9.564442038536071777e-01 -3.079127371311187744e-01
4.981287941336631775e-02 -9.566217660903930664e-01 2.870416343212127686e-01 -6.359155476093292236e-02
0.000000000000000000e+00 0.000000000000000000e+00 0.000000000000000000e+00 1.000000000000000000e+00
9.890406727790832520e-01 -5.409780889749526978e-02 -1.373727768659591675e-01 -4.563808441162109375e-03
1.470221430063247681e-01 2.757705748081207275e-01 9.499135613441467285e-01 -3.181235194206237793e-01
-1.350487396121025085e-02 -9.596997499465942383e-01 2.807019650936126709e-01 -5.862421169877052307e-02
0.000000000000000000e+00 0.000000000000000000e+00 0.000000000000000000e+00 1.000000000000000000e+00
9.687311053276062012e-01 -6.521452963352203369e-02 -2.393888980150222778e-01 2.993082068860530853e-02
2.481107711791992188e-01 2.505764067173004150e-01 9.357631206512451172e-01 -3.232149183750152588e-01
-1.040147384628653526e-03 -9.658978581428527832e-01 2.589215636253356934e-01 -5.053627863526344299e-02
0.000000000000000000e+00 0.000000000000000000e+00 0.000000000000000000e+00 1.000000000000000000e+00
9.735756516456604004e-01 -3.050144016742706299e-02 -2.263180017471313477e-01 2.378010377287864685e-02
2.253551334142684937e-01 2.886717915534973145e-01 9.305287003517150879e-01 -3.214211463928222656e-01
3.694916889071464539e-02 -9.569422006607055664e-01 2.879174649715423584e-01 -6.320233643054962158e-02
0.000000000000000000e+00 0.000000000000000000e+00 0.000000000000000000e+00 1.000000000000000000e+00
9.834867119789123535e-01 3.159121423959732056e-02 -1.782022565603256226e-01 4.745174665004014969e-03
1.581347733736038208e-01 3.288782835006713867e-01 9.310384392738342285e-01 -3.188284933567047119e-01
8.801943808794021606e-02 -9.438434839248657227e-01 3.184515237808227539e-01 -7.847452163696289062e-02
0.000000000000000000e+00 0.000000000000000000e+00 0.000000000000000000e+00 1.000000000000000000e+00
9.862106442451477051e-01 1.190218105912208557e-01 -1.149914190173149109e-01 -1.927306689321994781e-02
6.294094771146774292e-02 3.728713989257812500e-01 9.257458448410034180e-01 -3.115547001361846924e-01
1.530608832836151123e-01 -9.202175736427307129e-01 3.602382242679595947e-01 -1.000629141926765442e-01
0.000000000000000000e+00 0.000000000000000000e+00 0.000000000000000000e+00 1.000000000000000000e+00
9.789893627166748047e-01 2.019563019275665283e-01 -2.816920913755893707e-02 -5.036719143390655518e-02
-3.572540357708930969e-02 3.058827221393585205e-01 9.513983726501464844e-01 -3.143005669116973877e-01
2.007574141025543213e-01 -9.304028749465942383e-01 3.066710233688354492e-01 -8.699639886617660522e-02
0.000000000000000000e+00 0.000000000000000000e+00 0.000000000000000000e+00 1.000000000000000000e+00
9.223234653472900391e-01 3.740538954734802246e-01 9.696713089942932129e-02 -8.919453620910644531e-02
-2.274977415800094604e-01 3.227895200252532959e-01 9.187224507331848145e-01 -2.932698428630828857e-01
3.123520612716674805e-01 -8.694195747375488281e-01 3.828130662441253662e-01 -1.214849129319190979e-01
0.000000000000000000e+00 0.000000000000000000e+00 0.000000000000000000e+00 1.000000000000000000e+00
8.767696022987365723e-01 4.721977412700653076e-01 9.112913161516189575e-02 -8.509349822998046875e-02
-2.784958183765411377e-01 3.440534770488739014e-01 8.966979384422302246e-01 -2.821349203586578369e-01
3.920656144618988037e-01 -8.115767836570739746e-01 4.331608116626739502e-01 -1.464688181877136230e-01
0.000000000000000000e+00 0.000000000000000000e+00 0.000000000000000000e+00 1.000000000000000000e+00
8.359085917472839355e-01 5.451839566230773926e-01 6.349067389965057373e-02 -7.441640645265579224e-02
-3.353752195835113525e-01 4.157676100730895996e-01 8.453760743141174316e-01 -2.625536620616912842e-01
4.344880878925323486e-01 -7.279501557350158691e-01 5.303849577903747559e-01 -1.824945211410522461e-01
0.000000000000000000e+00 0.000000000000000000e+00 0.000000000000000000e+00 1.000000000000000000e+00
8.026938438415527344e-01 5.940580964088439941e-01 5.270304530858993530e-02 -6.855809688568115234e-02
-4.260658919811248779e-01 5.093708634376525879e-01 7.476688027381896973e-01 -2.245170027017593384e-01
4.173133671283721924e-01 -6.226040720939636230e-01 6.619769334793090820e-01 -2.255044877529144287e-01
0.000000000000000000e+00 0.000000000000000000e+00 0.000000000000000000e+00 1.000000000000000000e+00
7.758757472038269043e-01 6.303773522377014160e-01 2.533216960728168488e-02 -5.889048799872398376e-02
-5.029315948486328125e-01 5.937740206718444824e-01 6.280862092971801758e-01 -1.792100965976715088e-01
3.808894455432891846e-01 -5.000570416450500488e-01 7.777313590049743652e-01 -2.614928781986236572e-01
0.000000000000000000e+00 0.000000000000000000e+00 0.000000000000000000e+00 1.000000000000000000e+00
7.556478381156921387e-01 6.546647548675537109e-01 2.026632614433765411e-02 -5.553293973207473755e-02
-5.627302527427673340e-01 6.330770254135131836e-01 5.315522551536560059e-01 -1.433297991752624512e-01
3.351585268974304199e-01 -4.130706191062927246e-01 8.467833399772644043e-01 -2.817318737506866455e-01
0.000000000000000000e+00 0.000000000000000000e+00 0.000000000000000000e+00 1.000000000000000000e+00
6.535072922706604004e-01 7.566858530044555664e-01 1.883818395435810089e-02 -4.836228862404823303e-02
-6.751872301101684570e-01 5.715110898017883301e-01 4.663651287555694580e-01 -1.135338321328163147e-01
3.421256542205810547e-01 -3.174921870231628418e-01 8.843917846679687500e-01 -2.962381839752197266e-01
0.000000000000000000e+00 0.000000000000000000e+00 0.000000000000000000e+00 1.000000000000000000e+00
5.878031849861145020e-01 8.087563514709472656e-01 -2.002703957259654999e-02 -3.064675070345401764e-02
-7.368510365486145020e-01 5.454337596893310547e-01 3.994402587413787842e-01 -8.681914955377578735e-02
3.339734971523284912e-01 -2.200351953506469727e-01 9.165402650833129883e-01 -3.075789809226989746e-01
0.000000000000000000e+00 0.000000000000000000e+00 0.000000000000000000e+00 1.000000000000000000e+00
5.391225218772888184e-01 8.402816653251647949e-01 -5.721529573202133179e-02 -1.408044900745153427e-02
-7.814552783966064453e-01 5.244028568267822266e-01 3.381256163120269775e-01 -6.203974038362503052e-02
3.141246736049652100e-01 -1.375799477100372314e-01 9.393603801727294922e-01 -3.143856525421142578e-01
0.000000000000000000e+00 0.000000000000000000e+00 0.000000000000000000e+00 1.000000000000000000e+00
5.072481036186218262e-01 8.543071150779724121e-01 -1.133954599499702454e-01 7.972114719450473785e-03
-8.169581890106201172e-01 5.185643434524536133e-01 2.523295581340789795e-01 -3.077821247279644012e-02
2.743696272373199463e-01 -3.535426035523414612e-02 9.609740972518920898e-01 -3.196369707584381104e-01
0.000000000000000000e+00 0.000000000000000000e+00 0.000000000000000000e+00 1.000000000000000000e+00
4.358141124248504639e-01 8.843662738800048828e-01 -1.672186851501464844e-01 3.179132193326950073e-02
-8.593494892120361328e-01 4.640977084636688232e-01 2.147821336984634399e-01 -1.488927006721496582e-02
2.675519287586212158e-01 5.009426549077033997e-02 9.622405767440795898e-01 -3.198609650135040283e-01
0.000000000000000000e+00 0.000000000000000000e+00 0.000000000000000000e+00 1.000000000000000000e+00
3.520439565181732178e-01 8.973094224929809570e-01 -2.662725448608398438e-01 7.153635472059249878e-02
-8.948691487312316895e-01 4.060625135898590088e-01 1.852627247571945190e-01 -2.384712919592857361e-03
2.743612229824066162e-01 1.730585098266601562e-01 9.459261894226074219e-01 -3.146398365497589111e-01
0.000000000000000000e+00 0.000000000000000000e+00 0.000000000000000000e+00 1.000000000000000000e+00
2.941180765628814697e-01 8.844240903854370117e-01 -3.623365759849548340e-01 1.077685356140136719e-01
-9.124922752380371094e-01 3.726255297660827637e-01 1.688441783189773560e-01 4.776616580784320831e-03
2.843457162380218506e-01 2.809692919254302979e-01 9.166262745857238770e-01 -3.058293461799621582e-01
0.000000000000000000e+00 0.000000000000000000e+00 0.000000000000000000e+00 1.000000000000000000e+00
2.724955379962921143e-01 8.545028567314147949e-01 -4.422336518764495850e-01 1.352392882108688354e-01
-9.321281313896179199e-01 3.483875989913940430e-01 9.881071001291275024e-02 2.950728684663772583e-02
2.385027259588241577e-01 3.852930665016174316e-01 8.914406299591064453e-01 -2.938256561756134033e-01
0.000000000000000000e+00 0.000000000000000000e+00 0.000000000000000000e+00 1.000000000000000000e+00
1.771074980497360229e-01 7.792029976844787598e-01 -6.012291312217712402e-01 1.936840713024139404e-01
-9.618438482284545898e-01 2.664769589900970459e-01 6.202309206128120422e-02 4.228883609175682068e-02
2.085423618555068970e-01 5.673032999038696289e-01 7.966666817665100098e-01 -2.606948912143707275e-01
0.000000000000000000e+00 0.000000000000000000e+00 0.000000000000000000e+00 1.000000000000000000e+00
1.343822628259658813e-01 6.780357956886291504e-01 -7.226406931877136230e-01 2.365175187587738037e-01
-9.738046526908874512e-01 2.253502011299133301e-01 3.035176917910575867e-02 5.352767929434776306e-02
1.834267228841781616e-01 6.996320486068725586e-01 6.905574798583984375e-01 -2.249044328927993774e-01
0.000000000000000000e+00 0.000000000000000000e+00 0.000000000000000000e+00 1.000000000000000000e+00
1.095101460814476013e-01 5.774880051612854004e-01 -8.090206384658813477e-01 2.656094133853912354e-01
-9.841697812080383301e-01 1.770971864461898804e-01 -6.804554257541894913e-03 6.565476953983306885e-02
1.393457949161529541e-01 7.969591021537780762e-01 5.877403616905212402e-01 -1.891296505928039551e-01
0.000000000000000000e+00 0.000000000000000000e+00 0.000000000000000000e+00 1.000000000000000000e+00
8.061218261718750000e-02 5.036159753799438477e-01 -8.601585030555725098e-01 2.841857075691223145e-01
-9.901722073554992676e-01 1.394053399562835693e-01 -1.117597240954637527e-02 6.819155067205429077e-02
1.142822876572608948e-01 8.526060581207275391e-01 5.099043846130371094e-01 -1.622126549482345581e-01
0.000000000000000000e+00 0.000000000000000000e+00 0.000000000000000000e+00 1.000000000000000000e+00
1.573214530944824219e-01 5.111968517303466797e-01 -8.449426293373107910e-01 2.724602222442626953e-01
-9.872530102729797363e-01 1.023004502058029175e-01 -1.219258680939674377e-01 1.040360480546951294e-01
2.410987578332424164e-02 8.533536195755004883e-01 5.207747817039489746e-01 -1.585138291120529175e-01
0.000000000000000000e+00 0.000000000000000000e+00 0.000000000000000000e+00 1.000000000000000000e+00
2.651371359825134277e-01 5.767297744750976562e-01 -7.727125883102416992e-01 2.415850460529327393e-01
-9.596450924873352051e-01 7.994039356708526611e-02 -2.696131169795989990e-01 1.497173011302947998e-01
-9.372286498546600342e-02 8.130145072937011719e-01 5.746510028839111328e-01 -1.659220010042190552e-01
0.000000000000000000e+00 0.000000000000000000e+00 0.000000000000000000e+00 1.000000000000000000e+00
3.203895688056945801e-01 6.208178400993347168e-01 -7.154973149299621582e-01 2.200838923454284668e-01
-9.294242262840270996e-01 6.002856791019439697e-02 -3.640978634357452393e-01 1.766574680805206299e-01
-1.830880492925643921e-01 7.816535234451293945e-01 5.962354540824890137e-01 -1.661423891782760620e-01
0.000000000000000000e+00 0.000000000000000000e+00 0.000000000000000000e+00 1.000000000000000000e+00
3.617005348205566406e-01 6.451905965805053711e-01 -6.729798913002014160e-01 2.036092728376388550e-01
-8.905717730522155762e-01 2.558055706322193146e-02 -4.541232585906982422e-01 2.019082307815551758e-01
-2.757807672023773193e-01 7.635934948921203613e-01 5.838410854339599609e-01 -1.550655364990234375e-01
0.000000000000000000e+00 0.000000000000000000e+00 0.000000000000000000e+00 1.000000000000000000e+00
4.207465052604675293e-01 6.456766128540039062e-01 -6.372394561767578125e-01 1.871358156204223633e-01
-8.391425013542175293e-01 1.010396610945463181e-02 -5.438181161880493164e-01 2.257946431636810303e-01
-3.446918725967407227e-01 7.635442018508911133e-01 5.460656285285949707e-01 -1.363036930561065674e-01
0.000000000000000000e+00 0.000000000000000000e+00 0.000000000000000000e+00 1.000000000000000000e+00
5.166161656379699707e-01 6.490302681922912598e-01 -5.584510564804077148e-01 1.563831567764282227e-01
-7.318539619445800781e-01 -3.804374486207962036e-03 -6.814510822296142578e-01 2.585138082504272461e-01
-4.444066882133483887e-01 7.607533335685729980e-01 4.730298817157745361e-01 -1.026881486177444458e-01
0.000000000000000000e+00 0.000000000000000000e+00 0.000000000000000000e+00 1.000000000000000000e+00
6.278129220008850098e-01 6.749886870384216309e-01 -3.876086771488189697e-01 9.414503723382949829e-02
-5.828855037689208984e-01 7.767901569604873657e-02 -8.088324666023254395e-01 2.897543609142303467e-01
-5.158444643020629883e-01 7.337268590927124023e-01 4.422092437744140625e-01 -8.603557944297790527e-02
0.000000000000000000e+00 0.000000000000000000e+00 0.000000000000000000e+00 1.000000000000000000e+00
6.360371112823486328e-01 7.236004471778869629e-01 -2.680664956569671631e-01 5.976960435509681702e-02
-4.939171969890594482e-01 1.148502379655838013e-01 -8.618906140327453613e-01 3.003616631031036377e-01
-5.928767323493957520e-01 6.805968880653381348e-01 4.304477572441101074e-01 -7.724677771329879761e-02
0.000000000000000000e+00 0.000000000000000000e+00 0.000000000000000000e+00 1.000000000000000000e+00
5.974768996238708496e-01 7.771314382553100586e-01 -1.977075189352035522e-01 4.433654621243476868e-02
-4.032010138034820557e-01 7.802759855985641479e-02 -9.117787480354309082e-01 3.099798858165740967e-01
-6.931455135345458984e-01 6.244826912879943848e-01 3.599598109722137451e-01 -5.255998298525810242e-02
0.000000000000000000e+00 0.000000000000000000e+00 0.000000000000000000e+00 1.000000000000000000e+00
4.288938343524932861e-01 9.020278453826904297e-01 -4.894537478685379028e-02 1.466146670281887054e-02
-2.210125178098678589e-01 5.224274843931198120e-02 -9.738706946372985840e-01 3.186537325382232666e-01
-8.759015798568725586e-01 4.285046756267547607e-01 2.217660695314407349e-01 -9.294215589761734009e-03
0.000000000000000000e+00 0.000000000000000000e+00 0.000000000000000000e+00 1.000000000000000000e+00
3.019142448902130127e-01 9.490147233009338379e-01 9.065823256969451904e-02 -2.467156574130058289e-02
-2.582823634147644043e-01 1.729647517204284668e-01 -9.504595398902893066e-01 3.202175199985504150e-01
-9.176806211471557617e-01 2.635418474674224854e-01 2.973345816135406494e-01 -3.898139670491218567e-02
0.000000000000000000e+00 0.000000000000000000e+00 0.000000000000000000e+00 1.000000000000000000e+00
3.058730065822601318e-01 9.518637061119079590e-01 -1.991949416697025299e-02 1.269209757447242737e-02
-3.688258826732635498e-01 9.917859733104705811e-02 -9.241923093795776367e-01 3.141779899597167969e-01
-8.777294158935546875e-01 2.900322377681732178e-01 3.814081847667694092e-01 -6.475755572319030762e-02
0.000000000000000000e+00 0.000000000000000000e+00 0.000000000000000000e+00 1.000000000000000000e+00
2.780621647834777832e-01 9.599896073341369629e-01 -3.318216651678085327e-02 2.296204678714275360e-02
-4.693976044654846191e-01 1.056603267788887024e-01 -8.766422867774963379e-01 3.029605150222778320e-01
-8.380614519119262695e-01 2.593365609645843506e-01 4.799970686435699463e-01 -9.903296083211898804e-02
0.000000000000000000e+00 0.000000000000000000e+00 0.000000000000000000e+00 1.000000000000000000e+00
1.717181205749511719e-01 9.838677644729614258e-01 -5.017125234007835388e-02 3.283900022506713867e-02
-4.755436182022094727e-01 3.818179666996002197e-02 -8.788633346557617188e-01 3.031478524208068848e-01
-8.627694845199584961e-01 1.747752577066421509e-01 4.744286835193634033e-01 -9.874656796455383301e-02
