1.000000000000000000e+00 0.000000000000000000e+00 0.000000000000000000e+00 -4.542167112231254578e-02
0.000000000000000000e+00 1.000000000000000000e+00 0.000000000000000000e+00 9.935460984706878662e-04
0.000000000000000000e+00 0.000000000000000000e+00 1.000000000000000000e+00 -2.875000238418579102e-01
0.000000000000000000e+00 0.000000000000000000e+00 0.000000000000000000e+00 1.000000000000000000e+00
9.964873194694519043e-01 8.162834495306015015e-02 1.871211640536785126e-02 -4.942841827869415283e-02
-8.133947104215621948e-02 9.965626597404479980e-01 -1.571296900510787964e-02 9.349669329822063446e-03
-1.993039064109325409e-02 1.413577329367399216e-02 9.997016191482543945e-01 -2.931036651134490967e-01
0.000000000000000000e+00 0.000000000000000000e+00 0.000000000000000000e+00 1.000000000000000000e+00
9.858409166336059570e-01 1.622885763645172119e-01 4.219629615545272827e-02 -5.495706945657730103e-02
-1.601564139127731323e-01 9.858349561691284180e-01 -4.979117214679718018e-02 2.476684562861919403e-02
-4.967916756868362427e-02 4.232811555266380310e-02 9.978677630424499512e-01 -2.920817732810974121e-01
0.000000000000000000e+00 0.000000000000000000e+00 0.000000000000000000e+00 1.000000000000000000e+00
9.650891423225402832e-01 2.586278915405273438e-01 4.140512272715568542e-02 -5.226396769285202026e-02
-2.550636827945709229e-01 9.639404416084289551e-01 -7.590040564537048340e-02 3.791522234678268433e-02
-5.954209342598915100e-02 6.268973648548126221e-02 9.962555766105651855e-01 -2.917981445789337158e-01
0.000000000000000000e+00 0.000000000000000000e+00 0.000000000000000000e+00 1.000000000000000000e+00
9.371017217636108398e-01 3.448338508605957031e-01 5.412271246314048767e-02 -5.327671766281127930e-02
-3.367283642292022705e-01 9.339174628257751465e-01 -1.200515851378440857e-01 5.590073391795158386e-02
-9.194406121969223022e-02 9.427587687969207764e-02 9.912914037704467773e-01 -2.891665399074554443e-01
0.000000000000000000e+00 0.000000000000000000e+00 0.000000000000000000e+00 1.000000000000000000e+00
8.928986787796020508e-01 4.490007162094116211e-01 3.361419960856437683e-02 -4.366907849907875061e-02
-4.408001303672790527e-01 8.869259357452392578e-01 -1.380499750375747681e-01 6.571647524833679199e-02
-9.179785102605819702e-02 1.084475070238113403e-01 9.898547530174255371e-01 -2.898841798305511475e-01
0.000000000000000000e+00 0.000000000000000000e+00 0.000000000000000000e+00 1.000000000000000000e+00
8.453496098518371582e-01 5.339148044586181641e-01 1.785821467638015747e-02 -3.628129512071609497e-02
-5.242788791656494141e-01 8.355823755264282227e-01 -1.641131788492202759e-01 7.748211175203323364e-02
-1.025445312261581421e-01 1.293703317642211914e-01 9.862799048423767090e-01 -2.887927293777465820e-01
0.000000000000000000e+00 0.000000000000000000e+00 0.000000000000000000e+00 1.000000000000000000e+00
7.942767143249511719e-01 6.075533628463745117e-01 -1.791852293536067009e-03 -2.713543176651000977e-02
-5.991454720497131348e-01 7.827886939048767090e-01 -1.681253015995025635e-01 8.231642842292785645e-02
-1.007424890995025635e-01 1.346115916967391968e-01 9.857640862464904785e-01 -2.896410226821899414e-01
0.000000000000000000e+00 0.000000000000000000e+00 0.000000000000000000e+00 1.000000000000000000e+00
7.230218648910522461e-01 6.903817653656005859e-01 -2.474717982113361359e-02 -1.459483336657285690e-02
-6.843320727348327637e-01 7.108664512634277344e-01 -1.623522639274597168e-01 8.377212285995483398e-02
-9.449313580989837646e-02 1.343194693326950073e-01 9.864222407341003418e-01 -2.906628549098968506e-01
0.000000000000000000e+00 0.000000000000000000e+00 0.000000000000000000e+00 1.000000000000000000e+00
6.442628502845764160e-01 7.643672227859497070e-01 -2.583554945886135101e-02 -9.107680059969425201e-03
-7.595839500427246094e-01 6.355605125427246094e-01 -1.381831765174865723e-01 7.888655364513397217e-02
-8.920270204544067383e-02 1.086505725979804993e-01 9.900696277618408203e-01 -2.934053242206573486e-01
0.000000000000000000e+00 0.000000000000000000e+00 0.000000000000000000e+00 1.000000000000000000e+00
5.492501258850097656e-01 8.347871899604797363e-01 -3.813941404223442078e-02 6.353334756568074226e-04
-8.335775136947631836e-01 5.440931320190429688e-01 -9.545226395130157471e-02 6.738162785768508911e-02
-5.893096700310707092e-02 8.421929925680160522e-02 9.947030544281005859e-01 -2.984912991523742676e-01
0.000000000000000000e+00 0.000000000000000000e+00 0.000000000000000000e+00 1.000000000000000000e+00
4.593508839607238770e-01 8.832233548164367676e-01 -9.441053867340087891e-02 2.445177175104618073e-02
-8.882420659065246582e-01 4.561732709407806396e-01 -5.414508655667304993e-02 5.468245968222618103e-02
-4.754638765007257462e-03 1.087310090661048889e-01 9.940598607063293457e-01 -3.021462857723236084e-01
0.000000000000000000e+00 0.000000000000000000e+00 0.000000000000000000e+00 1.000000000000000000e+00
3.533380031585693359e-01 9.300518035888671875e-01 -1.007761880755424500e-01 3.079699538648128510e-02
-9.352793097496032715e-01 3.535171151161193848e-01 -1.667620055377483368e-02 4.069873690605163574e-02
2.011637017130851746e-02 1.001462265849113464e-01 9.947693943977355957e-01 -3.040136098861694336e-01
0.000000000000000000e+00 0.000000000000000000e+00 0.000000000000000000e+00 1.000000000000000000e+00
2.728556096553802490e-01 9.542701840400695801e-01 -1.221394315361976624e-01 4.014651477336883545e-02
-9.589918255805969238e-01 2.799088954925537109e-01 4.455910995602607727e-02 1.749953441321849823e-02
7.670933753252029419e-02 1.049725338816642761e-01 9.915121793746948242e-01 -3.035122156143188477e-01
0.000000000000000000e+00 0.000000000000000000e+00 0.000000000000000000e+00 1.000000000000000000e+00
1.934699565172195435e-01 9.688792824745178223e-01 -1.544100344181060791e-01 5.197891220450401306e-02
-9.723415970802307129e-01 2.103419750928878784e-01 1.015291884541511536e-01 -3.562396625056862831e-03
1.308484375476837158e-01 1.304964274168014526e-01 9.827763438224792480e-01 -3.016634583473205566e-01
0.000000000000000000e+00 0.000000000000000000e+00 0.000000000000000000e+00 1.000000000000000000e+00
1.182767152786254883e-01 9.813347458839416504e-01 -1.516340225934982300e-01 5.260347947478294373e-02
-9.702100157737731934e-01 1.467241346836090088e-01 1.927815228700637817e-01 -3.485625982284545898e-02
2.114315629005432129e-01 1.243152543902397156e-01 9.694547057151794434e-01 -2.989810407161712646e-01
0.000000000000000000e+00 0.000000000000000000e+00 0.000000000000000000e+00 1.000000000000000000e+00
1.877161562442779541e-01 9.723746776580810547e-01 -1.387439370155334473e-01 4.783000797033309937e-02
-9.539271593093872070e-01 2.141413539648056030e-01 2.101576477289199829e-01 -3.945124149322509766e-02
2.340628057718276978e-01 9.290166199207305908e-02 9.677726626396179199e-01 -2.964833676815032959e-01
0.000000000000000000e+00 0.000000000000000000e+00 0.000000000000000000e+00 1.000000000000000000e+00
2.724670171737670898e-01 9.514501690864562988e-01 -1.431923806667327881e-01 4.689062759280204773e-02
-9.378682971000671387e-01 2.958624958992004395e-01 1.812961399555206299e-01 -2.837599627673625946e-02
2.148595005273818970e-01 8.489840477705001831e-02 9.729478955268859863e-01 -2.954544425010681152e-01
0.000000000000000000e+00 0.000000000000000000e+00 0.000000000000000000e+00 1.000000000000000000e+00
3.258348107337951660e-01 9.344662427902221680e-01 -1.435423195362091064e-01 4.515207558870315552e-02
-9.339963197708129883e-01 3.417015075683593750e-01 1.043591946363449097e-01 -1.365110394544899464e-03
1.465687751770019531e-01 1.000641584396362305e-01 9.841263890266418457e-01 -2.954367101192474365e-01
0.000000000000000000e+00 0.000000000000000000e+00 0.000000000000000000e+00 1.000000000000000000e+00
3.598768711090087891e-01 9.147399663925170898e-01 -1.836823672056198120e-01 5.608424544334411621e-02
-9.296517968177795410e-01 3.682307600975036621e-01 1.238683890551328659e-02 3.060690313577651978e-02
7.896820455789566040e-02 1.663029193878173828e-01 9.829075932502746582e-01 -2.909365594387054443e-01
0.000000000000000000e+00 0.000000000000000000e+00 0.000000000000000000e+00 1.000000000000000000e+00
4.032285511493682861e-01 8.944823145866394043e-01 -1.931530833244323730e-01 5.709847435355186462e-02
-9.149249196052551270e-01 3.981859982013702393e-01 -6.602812558412551880e-02 5.717687308788299561e-02
1.784987747669219971e-02 2.033450305461883545e-01 9.789445400238037109e-01 -2.861461341381072998e-01
0.000000000000000000e+00 0.000000000000000000e+00 0.000000000000000000e+00 1.000000000000000000e+00
4.578736722469329834e-01 8.610346913337707520e-01 -2.212940603494644165e-01 6.216703355312347412e-02
-8.878973722457885742e-01 4.304132163524627686e-01 -1.624274402856826782e-01 8.651642501354217529e-02
-4.460781440138816833e-02 2.708576619625091553e-01 9.615850448608398438e-01 -2.755999863147735596e-01
0.000000000000000000e+00 0.000000000000000000e+00 0.000000000000000000e+00 1.000000000000000000e+00
5.309799909591674805e-01 8.214264512062072754e-01 -2.081312090158462524e-01 5.239389836788177490e-02
-8.429431319236755371e-01 4.869032204151153564e-01 -2.288498431444168091e-01 1.049541756510734558e-01
-8.664363622665405273e-02 2.969574928283691406e-01 9.509516358375549316e-01 -2.687425315380096436e-01
0.000000000000000000e+00 0.000000000000000000e+00 0.000000000000000000e+00 1.000000000000000000e+00
5.947374701499938965e-01 7.773994803428649902e-01 -2.047862112522125244e-01 4.726101830601692200e-02
-7.950953841209411621e-01 5.311654210090637207e-01 -2.927223742008209229e-01 1.202405020594596863e-01
-1.187869310379028320e-01 3.369175195693969727e-01 9.340105056762695312e-01 -2.602324783802032471e-01
0.000000000000000000e+00 0.000000000000000000e+00 0.000000000000000000e+00 1.000000000000000000e+00
6.717572212219238281e-01 7.205961346626281738e-01 -1.717068850994110107e-01 3.146209567785263062e-02
-7.217178344726562500e-01 5.844203829765319824e-01 -3.709121644496917725e-01 1.368464380502700806e-01
-1.669289916753768921e-01 3.730869293212890625e-01 9.126559495925903320e-01 -2.495095580816268921e-01
0.000000000000000000e+00 0.000000000000000000e+00 0.000000000000000000e+00 1.000000000000000000e+00
7.355875968933105469e-01 6.583677530288696289e-01 -1.595699638128280640e-01 2.416095882654190063e-02
-6.491550207138061523e-01 6.177090406417846680e-01 -4.438846707344055176e-01 1.514192223548889160e-01
-1.936715245246887207e-01 4.301014244556427002e-01 8.817616105079650879e-01 -2.353364974260330200e-01
0.000000000000000000e+00 0.000000000000000000e+00 0.000000000000000000e+00 1.000000000000000000e+00
7.582049965858459473e-01 6.359251141548156738e-01 -1.439585238695144653e-01 1.748228445649147034e-02
-6.024870872497558594e-01 5.989111065864562988e-01 -5.275552868843078613e-01 1.703114360570907593e-01
-2.492674589157104492e-01 4.867280721664428711e-01 8.372340798377990723e-01 -2.151026725769042969e-01
0.000000000000000000e+00 0.000000000000000000e+00 0.000000000000000000e+00 1.000000000000000000e+00
7.938567996025085449e-01 5.892977714538574219e-01 -1.500636935234069824e-01 1.572032086551189423e-02
-5.349714756011962891e-01 5.594552159309387207e-01 -6.330996155738830566e-01 1.972971707582473755e-01
-2.891303300857543945e-01 5.828702449798583984e-01 7.593848705291748047e-01 -1.866284608840942383e-01
0.000000000000000000e+00 0.000000000000000000e+00 0.000000000000000000e+00 1.000000000000000000e+00
8.150975704193115234e-01 5.623489618301391602e-01 -1.392103284597396851e-01 1.116137485951185226e-02
-4.796005785465240479e-01 5.202267765998840332e-01 -7.066452503204345703e-01 2.167113572359085083e-01
-3.249601721763610840e-01 6.427501440048217773e-01 6.937383413314819336e-01 -1.629357933998107910e-01
0.000000000000000000e+00 0.000000000000000000e+00 0.000000000000000000e+00 1.000000000000000000e+00
8.426596522331237793e-01 5.206047892570495605e-01 -1.374609321355819702e-01 7.679064292460680008e-03
-4.164075851440429688e-01 4.682269692420959473e-01 -7.793381214141845703e-01 2.356283068656921387e-01
-3.413644433021545410e-01 7.139565348625183105e-01 6.113398075103759766e-01 -1.395316570997238159e-01
0.000000000000000000e+00 0.000000000000000000e+00 0.000000000000000000e+00 1.000000000000000000e+00
8.755416274070739746e-01 4.739993512630462646e-01 -9.354776889085769653e-02 -6.995675154030323029e-03
-3.245280981063842773e-01 4.335343241691589355e-01 -8.406720161437988281e-01 2.501748502254486084e-01
-3.579219579696655273e-01 7.664023041725158691e-01 5.334034562110900879e-01 -1.188692227005958557e-01
0.000000000000000000e+00 0.000000000000000000e+00 0.000000000000000000e+00 1.000000000000000000e+00
8.934322595596313477e-01 4.440190792083740234e-01 -6.801581382751464844e-02 -1.448828354477882385e-02
-2.271020561456680298e-01 3.158469200134277344e-01 -9.212302565574645996e-01 2.656075954437255859e-01
-3.875613808631896973e-01 8.385032415390014648e-01 3.830252289772033691e-01 -7.807615399360656738e-02
0.000000000000000000e+00 0.000000000000000000e+00 0.000000000000000000e+00 1.000000000000000000e+00
8.924918174743652344e-01 4.505868852138519287e-01 -2.073607221245765686e-02 -3.203089907765388489e-02
-7.769843935966491699e-02 1.082902550697326660e-01 -9.910783767700195312e-01 2.824482619762420654e-01
-4.443212747573852539e-01 8.861402273178100586e-01 1.316580027341842651e-01 -9.148288518190383911e-03
0.000000000000000000e+00 0.000000000000000000e+00 0.000000000000000000e+00 1.000000000000000000e+00
8.827140927314758301e-01 4.688237309455871582e-01 -3.194257989525794983e-02 -2.623368054628372192e-02
-7.762982696294784546e-02 7.844623923301696777e-02 -9.938914775848388672e-01 2.826437652111053467e-01
-4.634540081024169922e-01 8.798013329505920410e-01 1.056402698159217834e-01 -7.714262232184410095e-03
0.000000000000000000e+00 0.000000000000000000e+00 0.000000000000000000e+00 1.000000000000000000e+00
8.520487546920776367e-01 5.223320722579956055e-01 -3.437751904129981995e-02 -2.209226414561271667e-02
-1.016628891229629517e-01 1.006982773542404175e-01 -9.897093772888183594e-01 2.824911475181579590e-01
-5.134954452514648438e-01 8.467756509780883789e-01 1.389016509056091309e-01 -1.491475198417901993e-02
0.000000000000000000e+00 0.000000000000000000e+00 0.000000000000000000e+00 1.000000000000000000e+00
8.346279263496398926e-01 5.467228889465332031e-01 -6.700643151998519897e-02 -1.301594544202089310e-02
-2.248688340187072754e-01 2.271542698144912720e-01 -9.475415349006652832e-01 2.757478058338165283e-01
-5.028218626976013184e-01 8.059124350547790527e-01 3.125302195549011230e-01 -5.466876178979873657e-02
0.000000000000000000e+00 0.000000000000000000e+00 0.000000000000000000e+00 1.000000000000000000e+00
8.331840038299560547e-01 5.436082482337951660e-01 -1.014608070254325867e-01 -3.714919555932283401e-03
-3.116680383682250977e-01 3.100515604019165039e-01 -8.981815576553344727e-01 2.656487524509429932e-01
-4.568012058734893799e-01 7.799728512763977051e-01 4.277553856372833252e-01 -8.629105985164642334e-02
0.000000000000000000e+00 0.000000000000000000e+00 0.000000000000000000e+00 1.000000000000000000e+00
8.179048299789428711e-01 5.630269646644592285e-01 -1.184597015380859375e-01 1.251459703780710697e-03
-3.766944706439971924e-01 3.683971464633941650e-01 -8.499325513839721680e-01 2.550788223743438721e-01
-4.348945319652557373e-01 7.397866845130920410e-01 5.134028792381286621e-01 -1.110708639025688171e-01
0.000000000000000000e+00 0.000000000000000000e+00 0.000000000000000000e+00 1.000000000000000000e+00
8.323310613632202148e-01 5.489981770515441895e-01 -7.632931321859359741e-02 -1.491947006434202194e-02
-4.515326619148254395e-01 5.917140841484069824e-01 -6.678265929222106934e-01 2.162563949823379517e-01
-3.214705288410186768e-01 5.903177857398986816e-01 7.403926849365234375e-01 -1.801761835813522339e-01
0.000000000000000000e+00 0.000000000000000000e+00 0.000000000000000000e+00 1.000000000000000000e+00
8.381727337837219238e-01 5.420886278152465820e-01 -6.005040183663368225e-02 -2.117021195590496063e-02
-4.626719653606414795e-01 6.484078764915466309e-01 -6.045668125152587891e-01 1.975260078907012939e-01
-2.887918055057525635e-01 5.345150232315063477e-01 7.942872643470764160e-01 -1.977314203977584839e-01
0.000000000000000000e+00 0.000000000000000000e+00 0.000000000000000000e+00 1.000000000000000000e+00
8.580331802368164062e-01 5.099338889122009277e-01 -6.121036037802696228e-02 -2.125981636345386505e-02
-4.599739611148834229e-01 7.099563479423522949e-01 -5.332781076431274414e-01 1.762492954730987549e-01
-2.284799069166183472e-01 4.857254326343536377e-01 8.437225222587585449e-01 -2.139049172401428223e-01
0.000000000000000000e+00 0.000000000000000000e+00 0.000000000000000000e+00 1.000000000000000000e+00
8.725331425666809082e-01 4.881008863449096680e-01 -2.105450071394443512e-02 -3.135542571544647217e-02
-4.561706483364105225e-01 7.985109090805053711e-01 -3.927954733371734619e-01 1.355456411838531494e-01
-1.749118417501449585e-01 3.523314595222473145e-01 9.193847775459289551e-01 -2.365522235631942749e-01
0.000000000000000000e+00 0.000000000000000000e+00 0.000000000000000000e+00 1.000000000000000000e+00
8.773488998413085938e-01 4.794802963733673096e-01 -1.891231536865234375e-02 -3.012897633016109467e-02
-4.682411551475524902e-01 8.468345999717712402e-01 -2.522323131561279297e-01 9.686093777418136597e-02
-1.049248948693275452e-01 2.301512211561203003e-01 9.674820899963378906e-01 -2.528114914894104004e-01
0.000000000000000000e+00 0.000000000000000000e+00 0.000000000000000000e+00 1.000000000000000000e+00
8.789222240447998047e-01 4.768014848232269287e-01 -1.246536616235971451e-02 -2.776043675839900970e-02
-4.768165946006774902e-01 8.776988387107849121e-01 -4.785548523068428040e-02 3.912879899144172668e-02
-1.187674980610609055e-02 4.800496250391006470e-02 9.987762570381164551e-01 -2.657171189785003662e-01
0.000000000000000000e+00 0.000000000000000000e+00 0.000000000000000000e+00 1.000000000000000000e+00
8.864945769309997559e-01 4.625729918479919434e-01 -1.238321885466575623e-02 -2.618515677750110626e-02
-4.616366028785705566e-01 8.859123587608337402e-01 4.528510943055152893e-02 1.155244000256061554e-02
3.191813081502914429e-02 -3.442845866084098816e-02 9.988974332809448242e-01 -2.684115469455718994e-01
0.000000000000000000e+00 0.000000000000000000e+00 0.000000000000000000e+00 1.000000000000000000e+00
8.935711979866027832e-01 4.487960636615753174e-01 -1.060516014695167542e-02 -2.629249356687068939e-02
-4.422681033611297607e-01 8.841345310211181641e-01 1.506811827421188354e-01 -2.065797522664070129e-02
7.700155675411224365e-02 -1.299540102481842041e-01 9.885256290435791016e-01 -2.676089406013488770e-01
0.000000000000000000e+00 0.000000000000000000e+00 0.000000000000000000e+00 1.000000000000000000e+00
8.966349959373474121e-01 4.426330327987670898e-01 -1.102315820753574371e-02 -2.591641619801521301e-02
-4.253698885440826416e-01 8.680419325828552246e-01 2.560538947582244873e-01 -5.402161553502082825e-02
1.229065209627151489e-01 -2.248979657888412476e-01 9.665995836257934570e-01 -2.629419863224029541e-01
0.000000000000000000e+00 0.000000000000000000e+00 0.000000000000000000e+00 1.000000000000000000e+00
9.002801775932312012e-01 4.351320564746856689e-01 -1.246947981417179108e-02 -2.514598146080970764e-02
-4.003531932830810547e-01 8.388907909393310547e-01 3.687536716461181641e-01 -9.120149165391921997e-02
1.709172129631042480e-01 -3.269894421100616455e-01 9.294434785842895508e-01 -2.535237073898315430e-01
0.000000000000000000e+00 0.000000000000000000e+00 0.000000000000000000e+00 1.000000000000000000e+00
9.060589671134948730e-01 4.230863451957702637e-01 -7.408147677779197693e-03 -2.778146415948867798e-02
-3.730078935623168945e-01 8.068355321884155273e-01 4.581281244754791260e-01 -1.207398325204849243e-01
1.998050510883331299e-01 -4.123277366161346436e-01 8.888551592826843262e-01 -2.433357387781143188e-01
0.000000000000000000e+00 0.000000000000000000e+00 0.000000000000000000e+00 1.000000000000000000e+00
9.148507118225097656e-01 4.037597477436065674e-01 -5.122248083353042603e-03 -3.139939159154891968e-02
-3.348233699798583984e-01 7.656211256980895996e-01 5.492880940437316895e-01 -1.511645019054412842e-01
2.257022410631179810e-01 -5.008014440536499023e-01 8.356173038482666016e-01 -2.304526120424270630e-01
0.000000000000000000e+00 0.000000000000000000e+00 0.000000000000000000e+00 1.000000000000000000e+00
9.080826640129089355e-01 4.184915423393249512e-01 1.582061313092708588e-02 -3.860145807266235352e-02
-3.346681296825408936e-01 7.024487257003784180e-01 6.281424760818481445e-01 -1.749680191278457642e-01
2.517593204975128174e-01 -5.756999254226684570e-01 7.779374122619628906e-01 -2.166608870029449463e-01
0.000000000000000000e+00 0.000000000000000000e+00 0.000000000000000000e+00 1.000000000000000000e+00
9.167659878730773926e-01 3.979089856147766113e-01 3.476553410291671753e-02 -4.637508839368820190e-02
-2.980344593524932861e-01 6.235093474388122559e-01 7.227802872657775879e-01 -2.050563842058181763e-01
2.659243047237396240e-01 -6.729816794395446777e-01 6.902027726173400879e-01 -1.923370510339736938e-01
0.000000000000000000e+00 0.000000000000000000e+00 0.000000000000000000e+00 1.000000000000000000e+00
9.256696701049804688e-01 3.745174407958984375e-01 5.359373241662979126e-02 -5.339773744344711304e-02
-2.661785781383514404e-01 5.440264344215393066e-01 7.957286834716796875e-01 -2.290988117456436157e-01
2.688578963279724121e-01 -7.508473992347717285e-01 6.032773852348327637e-01 -1.662087291479110718e-01
0.000000000000000000e+00 0.000000000000000000e+00 0.000000000000000000e+00 1.000000000000000000e+00
9.329515695571899414e-01 3.559743165969848633e-01 5.369794368743896484e-02 -5.545961856842041016e-02
-2.288419455289840698e-01 4.712683260440826416e-01 8.517847657203674316e-01 -2.482241541147232056e-01
2.779074013233184814e-01 -8.069624304771423340e-01 5.211324691772460938e-01 -1.429718285799026489e-01
0.000000000000000000e+00 0.000000000000000000e+00 0.000000000000000000e+00 1.000000000000000000e+00
9.414840936660766602e-01 3.331287801265716553e-01 5.131370946764945984e-02 -5.790464580059051514e-02
-1.916282773017883301e-01 4.037831723690032959e-01 8.945599794387817383e-01 -2.627230882644653320e-01
2.772841453552246094e-01 -8.520470261573791504e-01 4.439922869205474854e-01 -1.215914115309715271e-01
0.000000000000000000e+00 0.000000000000000000e+00 0.000000000000000000e+00 1.000000000000000000e+00
9.564051032066345215e-01 2.883837223052978516e-01 4.609050601720809937e-02 -5.931112170219421387e-02
-1.472425907850265503e-01 3.398638069629669189e-01 9.288767576217651367e-01 -2.764315903186798096e-01
2.522084116935729980e-01 -8.951687216758728027e-01 3.675098121166229248e-01 -9.779690951108932495e-02
0.000000000000000000e+00 0.000000000000000000e+00 0.000000000000000000e+00 1.000000000000000000e+00
9.601570367813110352e-01 2.698376178741455078e-01 7.270669937133789062e-02 -6.965375691652297974e-02
-1.447006911039352417e-01 2.574580609798431396e-01 9.553935527801513672e-01 -2.884809672832489014e-01
2.390822768211364746e-01 -9.278483986854553223e-01 2.862458229064941406e-01 -6.914622336626052856e-02
0.000000000000000000e+00 0.000000000000000000e+00 0.000000000000000000e+00 1.000000000000000000e+00
9.727756381034851074e-01 2.225343734025955200e-01 6.469681113958358765e-02 -7.025427371263504028e-02
-1.002324894070625305e-01 1.522969007492065430e-01 9.832389950752258301e-01 -3.012405633926391602e-01
2.089513391256332397e-01 -9.629561305046081543e-01 1.704558730125427246e-01 -2.899342030286788940e-02
0.000000000000000000e+00 0.000000000000000000e+00 0.000000000000000000e+00 1.000000000000000000e+00
9.921720623970031738e-01 1.225172281265258789e-01 2.417447604238986969e-02 -6.005109846591949463e-02
-4.080674424767494202e-02 1.351227611303329468e-01 9.899882078170776367e-01 -3.047938644886016846e-01
1.180240437388420105e-01 -9.832248687744140625e-01 1.390645653009414673e-01 -1.853874698281288147e-02
0.000000000000000000e+00 0.000000000000000000e+00 0.000000000000000000e+00 1.000000000000000000e+00
9.952769279479980469e-01 9.705965220928192139e-02 -1.854102942161262035e-03 -5.423432961106300354e-02
-2.221374399960041046e-02 2.462954074144363403e-01 9.689400792121887207e-01 -3.004960417747497559e-01
9.450165927410125732e-02 -9.643223285675048828e-01 2.472881376743316650e-01 -5.307085812091827393e-02
0.000000000000000000e+00 0.000000000000000000e+00 0.000000000000000000e+00 1.000000000000000000e+00
9.977607727050781250e-01 4.191542789340019226e-02 -5.211963877081871033e-02 -3.736831247806549072e-02
3.800404071807861328e-02 2.859399914741516113e-01 9.574934244155883789e-01 -3.083144426345825195e-01
5.503682792186737061e-02 -9.573302865028381348e-01 2.837066948413848877e-01 -6.304288655519485474e-02
0.000000000000000000e+00 0.000000000000000000e+00 0.000000000000000000e+00 1.000000000000000000e+00
9.891382455825805664e-01 -4.009833931922912598e-02 -1.414130479097366333e-01 -3.776194760575890541e-03
1.469876766204833984e-01 2.723511159420013428e-01 9.509044885635375977e-01 -3.186407685279846191e-01
3.842958540190011263e-04 -9.613619446754455566e-01 2.752868533134460449e-01 -5.744961649179458618e-02
0.000000000000000000e+00 0.000000000000000000e+00 0.000000000000000000e+00 1.000000000000000000e+00
9.696848392486572266e-01 -5.249466374516487122e-02 -2.386533617973327637e-01 2.872340194880962372e-02
2.440908700227737427e-01 2.537916600704193115e-01 9.359537959098815918e-01 -3.230503499507904053e-01
1.143563352525234222e-02 -9.658332467079162598e-01 2.589113712310791016e-01 -5.122678354382514954e-02
0.000000000000000000e+00 0.000000000000000000e+00 0.000000000000000000e+00 1.000000000000000000e+00
9.731926918029785156e-01 -1.026078406721353531e-02 -2.297623306512832642e-01 2.424831315875053406e-02
2.226803153753280640e-01 2.919209301471710205e-01 9.301589727401733398e-01 -3.211498260498046875e-01
5.752826109528541565e-02 -9.563874602317810059e-01 2.863801717758178711e-01 -6.362164020538330078e-02
0.000000000000000000e+00 0.000000000000000000e+00 0.000000000000000000e+00 1.000000000000000000e+00
9.815211892127990723e-01 4.809477180242538452e-02 -1.852115839719772339e-01 6.383933592587709427e-03
1.594145596027374268e-01 3.298692405223846436e-01 9.304693937301635742e-01 -3.185023069381713867e-01
1.058463007211685181e-01 -9.428005218505859375e-01 3.161065280437469482e-01 -7.869188487529754639e-02
0.000000000000000000e+00 0.000000000000000000e+00 0.000000000000000000e+00 1.000000000000000000e+00
9.851130247116088867e-01 1.295590251684188843e-01 -1.129901856184005737e-01 -2.027141861617565155e-02
5.766228958964347839e-02 3.701624572277069092e-01 9.271756410598754883e-01 -3.118582963943481445e-01
1.619487255811691284e-01 -9.198880195617675781e-01 3.571812808513641357e-01 -9.951104968786239624e-02
0.000000000000000000e+00 0.000000000000000000e+00 0.000000000000000000e+00 1.000000000000000000e+00
9.761193990707397461e-01 2.166888415813446045e-01 -1.538308244198560715e-02 -5.392562225461006165e-02
-5.276349186897277832e-02 3.051849603652954102e-01 9.508302211761474609e-01 -3.131229877471923828e-01
2.107290178537368774e-01 -9.273122549057006836e-01 3.093302547931671143e-01 -8.851632475852966309e-02
0.000000000000000000e+00 0.000000000000000000e+00 0.000000000000000000e+00 1.000000000000000000e+00
9.116466641426086426e-01 3.990415930747985840e-01 9.831588715314865112e-02 -8.864010870456695557e-02
-2.371437698602676392e-01 3.153892755508422852e-01 9.188535809516906738e-01 -2.926039695739746094e-01
3.356532752513885498e-01 -8.609849214553833008e-01 3.821538984775543213e-01 -1.229315027594566345e-01
0.000000000000000000e+00 0.000000000000000000e+00 0.000000000000000000e+00 1.000000000000000000e+00
8.714706301689147949e-01 4.813897907733917236e-01 9.382340312004089355e-02 -8.583582192659378052e-02
-2.857675552368164062e-01 3.429261147975921631e-01 8.948399424552917480e-01 -2.812265455722808838e-01
3.985923528671264648e-01 -8.066383600234985352e-01 4.364156126976013184e-01 -1.480369269847869873e-01
0.000000000000000000e+00 0.000000000000000000e+00 0.000000000000000000e+00 1.000000000000000000e+00
8.275663256645202637e-01 5.560818910598754883e-01 7.685545831918716431e-02 -7.752288877964019775e-02
-3.517521619796752930e-01 4.069713354110717773e-01 8.429974317550659180e-01 -2.609067261219024658e-01
4.374977648258209229e-01 -7.246703505516052246e-01 5.323988199234008789e-01 -1.834183782339096069e-01
0.000000000000000000e+00 0.000000000000000000e+00 0.000000000000000000e+00 1.000000000000000000e+00
7.998318672180175781e-01 5.984817743301391602e-01 4.569965973496437073e-02 -6.644853949546813965e-02
-4.259729385375976562e-01 5.123448371887207031e-01 7.456873059272766113e-01 -2.239740192890167236e-01
4.228663444519042969e-01 -6.158912181854248047e-01 6.647268533706665039e-01 -2.267196178436279297e-01
0.000000000000000000e+00 0.000000000000000000e+00 0.000000000000000000e+00 1.000000000000000000e+00
7.752149105072021484e-01 6.313327550888061523e-01 2.146149240434169769e-02 -5.749163776636123657e-02
-5.033757090568542480e-01 5.968568921089172363e-01 6.247996687889099121e-01 -1.779916286468505859e-01
3.816472291946411133e-01 -4.951572418212890625e-01 7.804899811744689941e-01 -2.624581158161163330e-01
0.000000000000000000e+00 0.000000000000000000e+00 0.000000000000000000e+00 1.000000000000000000e+00
7.531737685203552246e-01 6.576550602912902832e-01 1.479780673980712891e-02 -5.383945256471633911e-02
-5.645434260368347168e-01 6.346643567085266113e-01 5.277231335639953613e-01 -1.419676393270492554e-01
3.376682102680206299e-01 -4.058212041854858398e-01 8.492874503135681152e-01 -2.825212776660919189e-01
0.000000000000000000e+00 0.000000000000000000e+00 0.000000000000000000e+00 1.000000000000000000e+00
6.498937010765075684e-01 7.599822282791137695e-01 8.065348491072654724e-03 -4.478405788540840149e-02
-6.775105595588684082e-01 5.744946002960205078e-01 4.592767357826232910e-01 -1.112734600901603699e-01
3.444087505340576172e-01 -3.039453625679016113e-01 8.882565498352050781e-01 -2.975325584411621094e-01
0.000000000000000000e+00 0.000000000000000000e+00 0.000000000000000000e+00 1.000000000000000000e+00
5.834001302719116211e-01 8.118249773979187012e-01 -2.417491190135478973e-02 -2.902205660939216614e-02
-7.393168807029724121e-01 5.431456565856933594e-01 3.979988396167755127e-01 -8.613540977239608765e-02
3.362359702587127686e-01 -2.143196016550064087e-01 9.170672893524169922e-01 -3.080031573772430420e-01
0.000000000000000000e+00 0.000000000000000000e+00 0.000000000000000000e+00 1.000000000000000000e+00
5.389072895050048828e-01 8.403610587120056152e-01 -5.807018280029296875e-02 -1.374016329646110535e-02
-7.826264500617980957e-01 5.249960422515869141e-01 3.344770371913909912e-01 -6.092346459627151489e-02
3.115681111812591553e-01 -1.348048299551010132e-01 9.406130909919738770e-01 -3.145662546157836914e-01
0.000000000000000000e+00 0.000000000000000000e+00 0.000000000000000000e+00 1.000000000000000000e+00
4.978975951671600342e-01 8.578358292579650879e-01 -1.273404061794281006e-01 1.250048819929361343e-02
-8.207957148551940918e-01 5.135331153869628906e-01 2.501559853553771973e-01 -2.994417771697044373e-02
2.799862921237945557e-01 -2.003159373998641968e-02 9.597949981689453125e-01 -3.196591734886169434e-01
0.000000000000000000e+00 0.000000000000000000e+00 0.000000000000000000e+00 1.000000000000000000e+00
4.363812506198883057e-01 8.820449709892272949e-01 -1.776735484600067139e-01 3.468057885766029358e-02
-8.578450083732604980e-01 4.674287736415863037e-01 2.135699391365051270e-01 -1.456596609205007553e-02
2.714280188083648682e-01 5.921851098537445068e-02 9.606351852416992188e-01 -3.196761906147003174e-01
0.000000000000000000e+00 0.000000000000000000e+00 0.000000000000000000e+00 1.000000000000000000e+00
3.593614399433135986e-01 8.976933360099792480e-01 -2.549624741077423096e-01 6.621573120355606079e-02
-8.910120129585266113e-01 4.112795591354370117e-01 1.922147572040557861e-01 -5.890080239623785019e-03
2.774107456207275391e-01 1.581001132726669312e-01 9.476537704467773438e-01 -3.155764043331146240e-01
0.000000000000000000e+00 0.000000000000000000e+00 0.000000000000000000e+00 1.000000000000000000e+00
