0.7883643507957458 0.6002887487411499 -0.1346660107374191 0.01229699142277241 
-0.5336517691612244 0.5583560466766357 -0.6351803541183472 0.1982235163450241 
-0.306100070476532 0.5726181864738464 0.7605331540107727 -0.1863134056329727 
0 0 0 1 

0.8115954995155334 0.5679278373718262 -0.1370060294866562 0.01093651261180639 
-0.4821245968341827 0.5186420679092407 -0.7060921192169189 0.2168752402067184 
-0.3299523591995239 0.6391152143478394 0.6947396993637085 -0.163015604019165 
0 0 0 1 

0.8420518040657043 0.5230523943901062 -0.1317757070064545 0.006369259674102068 
-0.4131870269775391 0.4684390723705292 -0.7809233665466309 0.2363255321979523 
-0.3467350006103516 0.7120259404182434 0.6105684638023376 -0.1390947848558426 
0 0 0 1 

0.874026894569397 0.4757656455039978 -0.09861024469137192 -0.00524502107873559 
-0.3286202251911163 0.4293479323387146 -0.8412305116653442 0.2509211301803589 
-0.3578906059265137 0.7676634192466736 0.5316079258918762 -0.1181031540036201 
0 0 0 1 

0.82932049036026 0.5495288968086243 -0.1012202128767967 -0.003658529138192534 
-0.313086986541748 0.3069491684436798 -0.8987539410591125 0.2662838101387024 
-0.4628218114376068 0.777045726776123 0.426609605550766 -0.08564808964729309 
0 0 0 1 

0.8141544461250305 0.5695680975914001 -0.1128929033875465 -0.000354114716174081 
-0.3734759390354156 0.364804595708847 -0.852897047996521 0.2563654184341431 
-0.4445990025997162 0.7365526556968689 0.5097272396087646 -0.1093444526195526 
0 0 0 1 

0.8356969356536865 0.5440529584884644 -0.07494568079710007 -0.01534388400614262 
-0.4471850097179413 0.5948920845985413 -0.6679286956787109 0.2165450900793076 
-0.3188040852546692 0.591700553894043 0.7404419183731079 -0.1804334074258804 
0 0 0 1 

0.8335414528846741 0.5499881505966187 -0.05216852203011513 -0.02297242730855942 
-0.4633938372135162 0.6446266770362854 -0.6080479621887207 0.1992268115282059 
-0.3007901012897491 0.5310076475143433 0.7921842932701111 -0.1961946040391922 
0 0 0 1 

0.524868905544281 0.6344822645187378 -0.5674020648002625 0.1580478698015213 
-0.727834165096283 -0.01107913721352816 -0.6856637597084045 0.2594484388828278 
-0.4413277208805084 0.7728581428527832 0.4559826552867889 -0.09766356647014618 
0 0 0 1 

0.3191826045513153 0.9447914361953735 -0.07409914582967758 0.02897558733820915 
-0.3934608697891235 0.06098016351461411 -0.9173163175582886 0.3123518228530884 
-0.8621547818183899 0.3219465911388397 0.3912025988101959 -0.07162774354219437 
0 0 0 1 

