0.3534323573112488 0.9320780038833618 -0.07947452366352081 0.0248557273298502 
-0.9353678822517395 0.3533123433589935 -0.0160385649651289 0.04103730246424675 
0.0131301274523139 0.08000646531581879 0.9967078566551208 -0.3045802116394043 
0 0 0 1 

0.3614928722381592 0.9197387099266052 -0.1529819071292877 0.04772982373833656 
-0.9301629662513733 0.3670428097248077 0.008734368719160557 0.0322083905339241 
0.06418421864509583 0.139140710234642 0.9881903529167175 -0.2924605011940002 
0 0 0 1 

0.3983451128005981 0.9019410014152527 -0.1668036282062531 0.04998669400811195 
-0.9171988964080811 0.3933128714561462 -0.0636475682258606 0.05728387087583542 
0.008199646137654781 0.1783458292484283 0.983933687210083 -0.2876488864421844 
0 0 0 1 

0.4517935514450073 0.8714346885681152 -0.1910077631473541 0.05413935333490372 
-0.8904759883880615 0.4275007545948029 -0.1558696031570435 0.08526916056871414 
-0.05417425930500031 0.2405087351799011 0.9691339731216431 -0.2779618203639984 
0 0 0 1 

0.5230642557144165 0.8327912092208862 -0.1812801957130432 0.04565136879682541 
-0.8456898331642151 0.4807104468345642 -0.2317885160446167 0.1060382723808289 
-0.1058881878852844 0.2745471298694611 0.9557256698608398 -0.2696235179901123 
0 0 0 1 

0.5915907025337219 0.7864928245544434 -0.1773394495248795 0.04008373618125916 
-0.7939883470535278 0.5301359891891479 -0.2975535094738007 0.1224199384450912 
-0.1400097608566284 0.316835343837738 0.9380898475646973 -0.2607052624225616 
0 0 0 1 

0.6653416156768799 0.7316900491714478 -0.1481541246175766 0.02549625560641289 
-0.7237069606781006 0.5834594964981079 -0.3685407042503357 0.1369000673294067 
-0.1832159012556076 0.3524259030818939 0.9177297949790955 -0.2503239810466766 
0 0 0 1 

0.3584302961826324 0.8986979126930237 -0.2527238428592682 0.06713415682315826 
-0.8947142362594604 0.4079651534557343 0.1817980706691742 -0.0007830517715774477 
0.2664840817451477 0.1609538048505783 0.9503052234649658 -0.315569132566452 
0 0 0 1 

0.9379981160163879 0.305369108915329 -0.1640401482582092 0.006664532236754894 
-0.3322929441928864 0.9268568158149719 -0.1746931225061417 0.08481332659721375 
0.09869581460952759 0.2183712422847748 0.9708620309829712 -0.273906409740448 
0 0 0 1 

0.9455116391181946 0.2717227935791016 -0.1793730854988098 0.009843233041465282 
-0.302958071231842 0.9360446333885193 -0.1789882630109787 0.08423046767711639 
0.1192659810185432 0.223578006029129 0.9673616886138916 -0.2734923660755157 
0 0 0 1 

