0.05327286943793297 0.09254301339387894 -0.9942824840545654 0.3854310810565948 
-0.1069879233837128 0.9904940724372864 0.08645808696746826 0.01531950104981661 
0.9928320050239563 0.101770356297493 0.06266742199659348 0.03495073318481445 
0 0 0 1 

0.06886646151542664 0.09832210838794708 -0.9927689433097839 0.3862808644771576 
-0.140137791633606 0.9862179756164551 0.08795221894979477 0.01808323711156845 
0.9877341389656067 0.1330674737691879 0.08169606328010559 0.03463401645421982 
0 0 0 1 

0.09182862937450409 0.113961786031723 -0.9892321228981018 0.3889783024787903 
-0.1735710054636002 0.9800532460212708 0.09679208695888519 0.01984386704862118 
0.9805306792259216 0.162813737988472 0.109777420759201 0.03857036307454109 
0 0 0 1 

0.118666984140873 0.1182007268071175 -0.9858734607696533 0.3909645080566406 
-0.1880669146776199 0.9775925874710083 0.09457080066204071 0.0235986839979887 
0.9749609231948853 0.1741877645254135 0.1382375806570053 0.0369982048869133 
0 0 0 1 

0.07387164235115051 0.6473918557167053 -0.7585688233375549 0.2767100930213928 
0.612964391708374 0.5705269575119019 0.5466018915176392 -0.2103068083524704 
0.7866495251655579 -0.5053540468215942 -0.3546824157238007 0.1572480648756027 
0 0 0 1 

-0.06463826447725296 0.6300280690193176 -0.7738775610923767 0.2868298292160034 
0.6561256647109985 0.6111351847648621 0.4427334070205688 -0.1727161407470703 
0.7518782615661621 -0.4791433811187744 -0.4528803527355194 0.1929451078176498 
0 0 0 1 

-0.1474565267562866 0.6009418368339539 -0.7855731248855591 0.2931367456912994 
0.6550055742263794 0.6544578075408936 0.3776937127113342 -0.1480787992477417 
0.7410963773727417 -0.4588614106178284 -0.4901244044303894 0.2060656696557999 
0 0 0 1 

-0.2313208729028702 0.5677842497825623 -0.7900071740150452 0.2968573868274689 
0.6316534280776978 0.7052537798881531 0.3219175040721893 -0.1257139444351196 
0.7399352192878723 -0.4245445132255554 -0.5217828154563904 0.2172042429447174 
0 0 0 1 

-0.3212132155895233 0.5276094079017639 -0.7864159941673279 0.2971041798591614 
0.6089615821838379 0.751043438911438 0.2551460564136505 -0.09876840561628342 
0.7252500057220459 -0.3969407975673676 -0.5625389218330383 0.2317266166210175 
0 0 0 1 

-0.4018558859825134 0.471024364233017 -0.785269558429718 0.2973513007164001 
0.5642567873001099 0.8027784824371338 0.192772388458252 -0.0735117569565773 
0.7211977243423462 -0.3656267523765564 -0.5883798599243164 0.2408352494239807 
0 0 0 1 

