0.7201409339904785 0.5257953405380249 -0.4526987373828888 0.1057468801736832 
0.06629233807325363 0.5973379015922546 0.7992450594902039 -0.2423850446939468 
0.6906535029411316 -0.6055795550346375 0.3953112959861755 -0.1522285342216492 
0 0 0 1 

0.77944415807724 0.4936166107654572 -0.385758250951767 0.08052713423967361 
0.1078655198216438 0.5008235573768616 0.8588019013404846 -0.2686189413070679 
0.6171157360076904 -0.7109981179237366 0.3371197581291199 -0.1327170878648758 
0 0 0 1 

0.813255250453949 0.4843496680259705 -0.3225234150886536 0.05939139798283577 
0.1314896196126938 0.3869598805904388 0.9126733541488647 -0.2908987700939178 
0.5668566226959229 -0.7846448421478271 0.2510102093219757 -0.1039724722504616 
0 0 0 1 

0.8540705442428589 0.4327625632286072 -0.2885827422142029 0.04573665931820869 
0.165061816573143 0.3006376028060913 0.9393463134765625 -0.3033895492553711 
0.4932727813720703 -0.8499020338058472 0.1853331476449966 -0.08153194934129715 
0 0 0 1 

0.9015939831733704 0.344554603099823 -0.2615537643432617 0.03319018334150314 
0.1999846398830414 0.2041495144367218 0.9582949280738831 -0.3137081265449524 
0.3835810124874115 -0.9162997603416443 0.1151543259620667 -0.054337028414011 
0 0 0 1 

0.9448952674865723 0.2286111563444138 -0.2343285381793976 0.02049156278371811 
0.2142069637775421 0.1095414832234383 0.9706265330314636 -0.3208599388599396 
0.2475647479295731 -0.9673351645469666 0.05453516915440559 -0.02683978527784348 
0 0 0 1 

0.9573447704315186 0.2137026637792587 -0.1944791674613953 0.00374069856479764 
0.1944303661584854 0.02145624347031116 0.9806816577911377 -0.3268733322620392 
0.2137470692396164 -0.9766631126403809 -0.02100932039320469 0.001036512781865895 
0 0 0 1 

0.9836474061012268 0.03581146895885468 -0.1765086799860001 -0.003826536005362868 
0.1786969155073166 -0.07175208628177643 0.9812843799591064 -0.3307518064975739 
0.02247636765241623 -0.9967794418334961 -0.0769781693816185 0.03689802065491676 
0 0 0 1 

0.9780192971229553 -0.07871168851852417 -0.1930872201919556 0.004664952866733074 
0.1833806931972504 -0.1160619929432869 0.9761666059494019 -0.3314070403575897 
-0.09924579411745071 -0.9901182651519775 -0.09907666593790054 0.05652180314064026 
0 0 0 1 

0.9808672070503235 -0.1344779133796692 -0.1407686620950699 -0.01018806733191013 
0.1342096477746964 -0.05669903755187988 0.9893295764923096 -0.3329663872718811 
-0.1410243362188339 -0.9892932176589966 -0.03756598383188248 0.03523834049701691 
0 0 0 1 

