1.000000000000000000e+00 0.000000000000000000e+00 0.000000000000000000e+00 -4.255350477121360719e-01
0.000000000000000000e+00 -1.000000000000000000e+00 0.000000000000000000e+00 3.076616963927396031e-01
0.000000000000000000e+00 0.000000000000000000e+00 -1.000000000000000000e+00 -5.117628744684824760e+00
0.000000000000000000e+00 0.000000000000000000e+00 0.000000000000000000e+00 1.000000000000000000e+00
9.952664375305175781e-01 -5.052705109119415283e-02 8.301562070846557617e-02 4.317355877036448825e-02
-5.219316855072975159e-02 -9.984741210937500000e-01 1.802246272563934326e-02 3.594773092389899616e-01
8.197831362485885620e-02 -2.227004617452621460e-02 -9.963850378990173340e-01 -5.079527786380020338e+00
0.000000000000000000e+00 0.000000000000000000e+00 0.000000000000000000e+00 1.000000000000000000e+00
9.693545103073120117e-01 -7.075766474008560181e-02 2.352569699287414551e-01 8.666117754027142794e-01
-7.707825303077697754e-02 -9.968665838241577148e-01 1.776876673102378845e-02 3.681315562496899618e-01
2.332624346017837524e-01 -3.535738587379455566e-02 -9.717707037925720215e-01 -4.941609031491501547e+00
0.000000000000000000e+00 0.000000000000000000e+00 0.000000000000000000e+00 1.000000000000000000e+00
9.987999200820922852e-01 -4.736218601465225220e-02 1.247313059866428375e-02 -3.197127247592338462e-01
-4.728979617357254028e-02 -9.988630414009094238e-01 -6.035673432052135468e-03 2.470339522374897512e-01
1.274482160806655884e-02 5.438630003482103348e-03 -9.999040961265563965e-01 -4.942259417579878189e+00
0.000000000000000000e+00 0.000000000000000000e+00 0.000000000000000000e+00 1.000000000000000000e+00
9.926658868789672852e-01 -6.199145689606666565e-02 1.037854477763175964e-01 1.893889028835678556e-01
-5.832089856266975403e-02 -9.975731968879699707e-01 -3.803801909089088440e-02 1.259870666340270062e-01
1.058915778994560242e-01 3.170609846711158752e-02 -9.938720464706420898e-01 -4.915828504713187996e+00
0.000000000000000000e+00 0.000000000000000000e+00 0.000000000000000000e+00 1.000000000000000000e+00
-1.430365294218063354e-01 -8.587683737277984619e-02 9.859846830368041992e-01 5.258307329832343946e+00
-3.290007635951042175e-02 -9.952650666236877441e-01 -9.145797044038772583e-02 -1.023423856727742609e-01
9.891703724861145020e-01 -4.552079364657402039e-02 1.395339071750640869e-01 7.330013060015178050e-01
0.000000000000000000e+00 0.000000000000000000e+00 0.000000000000000000e+00 1.000000000000000000e+00
-1.163311302661895752e-01 -1.064232364296913147e-01 9.874927401542663574e-01 5.196232560954460844e+00
-2.121634781360626221e-02 -9.937497973442077637e-01 -1.095969602465629578e-01 -1.341161046819896174e-01
9.929836392402648926e-01 -3.370052576065063477e-02 1.133461222052574158e-01 6.791140507680608618e-01
0.000000000000000000e+00 0.000000000000000000e+00 0.000000000000000000e+00 1.000000000000000000e+00
-1.114397123456001282e-01 -9.871999174356460571e-02 9.888554215431213379e-01 5.126824579804948101e+00
-2.443697676062583923e-02 -9.944801330566406250e-01 -1.020354852080345154e-01 -4.382719964791653017e-02
9.934704303741455078e-01 -3.553547337651252747e-02 1.084122434258460999e-01 7.459591774015390531e-01
0.000000000000000000e+00 0.000000000000000000e+00 0.000000000000000000e+00 1.000000000000000000e+00
-9.576128423213958740e-02 -9.398687630891799927e-02 9.909569621086120605e-01 5.057045573034549157e+00
-3.542703390121459961e-02 -9.945799112319946289e-01 -9.775394946336746216e-02 4.146268975799316178e-03
9.947731494903564453e-01 -4.446772858500480652e-02 9.191270172595977783e-02 7.758228708991162792e-01
0.000000000000000000e+00 0.000000000000000000e+00 0.000000000000000000e+00 1.000000000000000000e+00
-9.049700200557708740e-02 -9.173841029405593872e-02 9.916620850563049316e-01 5.003364713203299452e+00
-5.528689175844192505e-02 -9.937500953674316406e-01 -9.697698801755905151e-02 3.233978760281389780e-02
9.943606853485107422e-01 -6.360206007957458496e-02 8.485943078994750977e-02 8.542321915435736601e-01
0.000000000000000000e+00 0.000000000000000000e+00 0.000000000000000000e+00 1.000000000000000000e+00
-7.382116466760635376e-02 -7.722299546003341675e-02 9.942771196365356445e-01 4.951395729873120821e+00
-7.555338740348815918e-02 -9.936987161636352539e-01 -8.278761059045791626e-02 1.337214875600063746e-01
9.944055080413818359e-01 -8.123258501291275024e-02 6.752145290374755859e-02 8.840407272215753398e-01
0.000000000000000000e+00 0.000000000000000000e+00 0.000000000000000000e+00 1.000000000000000000e+00
-9.375144541263580322e-02 -6.341892480850219727e-02 9.935738444328308105e-01 4.896201799782578412e+00
-1.021156907081604004e-01 -9.920934438705444336e-01 -7.295988500118255615e-02 2.271540720948690417e-01
9.903450012207031250e-01 -1.082995682954788208e-01 8.653410524129867554e-02 1.083808758678813655e+00
0.000000000000000000e+00 0.000000000000000000e+00 0.000000000000000000e+00 1.000000000000000000e+00
-7.599709182977676392e-02 -7.775834947824478149e-02 9.940714836120605469e-01 4.899468015702913348e+00
-1.050526127219200134e-01 -9.907815456390380859e-01 -8.553232252597808838e-02 2.183212814047066075e-01
9.915583133697509766e-01 -1.109300255775451660e-01 6.712783873081207275e-02 1.066002802631763169e+00
0.000000000000000000e+00 0.000000000000000000e+00 0.000000000000000000e+00 1.000000000000000000e+00
-7.590021938085556030e-02 -7.860021293163299561e-02 9.940127134323120117e-01 4.897910104914037888e+00
-1.356698423624038696e-01 -9.868033528327941895e-01 -8.838951587677001953e-02 2.513207862293952988e-01
9.878427386283874512e-01 -1.415663510560989380e-01 6.423489749431610107e-02 1.139569842104812158e+00
0.000000000000000000e+00 0.000000000000000000e+00 0.000000000000000000e+00 1.000000000000000000e+00
-5.403668433427810669e-02 -8.299060165882110596e-02 9.950842261314392090e-01 4.919744665089045732e+00
-1.483099609613418579e-01 -9.848198294639587402e-01 -9.018833935260772705e-02 2.787258645615117714e-01
9.874637126922607422e-01 -1.524543613195419312e-01 4.090810567140579224e-02 1.107001232944379687e+00
0.000000000000000000e+00 0.000000000000000000e+00 0.000000000000000000e+00 1.000000000000000000e+00
-1.666592247784137726e-02 -9.236425161361694336e-02 9.955857992172241211e-01 4.950474713331862731e+00
-1.743941605091094971e-01 -9.801928997039794922e-01 -9.385553002357482910e-02 2.846872492817998368e-01
9.845349192619323730e-01 -1.751884967088699341e-01 2.281039196532219648e-04 1.024611918480583750e+00
0.000000000000000000e+00 0.000000000000000000e+00 0.000000000000000000e+00 1.000000000000000000e+00
-1.208870019763708115e-02 -9.429186582565307617e-02 9.954711794853210449e-01 4.966740714642813082e+00
-1.910494565963745117e-01 -9.769858121871948242e-01 -9.486095607280731201e-02 3.214875346145621982e-01
9.815059304237365723e-01 -1.913309544324874878e-01 -6.203898694366216660e-03 1.115130067001973257e+00
0.000000000000000000e+00 0.000000000000000000e+00 0.000000000000000000e+00 1.000000000000000000e+00
2.798630483448505402e-02 -9.411638230085372925e-02 9.951676726341247559e-01 4.993972407940463931e+00
-2.142695933580398560e-01 -9.729816317558288574e-01 -8.599246293306350708e-02 3.804001533144395486e-01
9.763736128807067871e-01 -2.108275890350341797e-01 -4.739635437726974487e-02 1.028529810150544010e+00
0.000000000000000000e+00 0.000000000000000000e+00 0.000000000000000000e+00 1.000000000000000000e+00
1.033776402473449707e-01 -1.170188933610916138e-01 9.877346158027648926e-01 5.087159361609733921e+00
-2.315215766429901123e-01 -9.686092734336853027e-01 -9.052165597677230835e-02 3.585338476317623257e-01
9.673216938972473145e-01 -2.193239480257034302e-01 -1.272251158952713013e-01 8.702592087046006064e-01
0.000000000000000000e+00 0.000000000000000000e+00 0.000000000000000000e+00 1.000000000000000000e+00
1.326624006032943726e-01 -1.703087836503982544e-01 9.764193296432495117e-01 5.295147991482672900e+00
-2.388519048690795898e-01 -9.615877270698547363e-01 -1.352699548006057739e-01 1.451441908512559886e-01
9.619508981704711914e-01 -2.152744382619857788e-01 -1.682452112436294556e-01 9.643544807120618678e-01
0.000000000000000000e+00 0.000000000000000000e+00 0.000000000000000000e+00 1.000000000000000000e+00
7.771003246307373047e-02 -1.639127880334854126e-01 9.834089279174804688e-01 5.352360142223297146e+00
-2.709079980850219727e-01 -9.527493715286254883e-01 -1.373950988054275513e-01 1.571512594954010966e-01
9.594630002975463867e-01 -2.557365000247955322e-01 -1.184435933828353882e-01 1.279645307420620659e+00
0.000000000000000000e+00 0.000000000000000000e+00 0.000000000000000000e+00 1.000000000000000000e+00
8.278715610504150391e-02 -2.066124528646469116e-01 9.749138355255126953e-01 5.253719310336425252e+00
-2.005313187837600708e-01 -9.617160558700561523e-01 -1.867868155241012573e-01 -1.339429428581242199e-01
9.761827588081359863e-01 -1.800373494625091553e-01 -1.210500821471214294e-01 1.103826682177440510e+00
0.000000000000000000e+00 0.000000000000000000e+00 0.000000000000000000e+00 1.000000000000000000e+00
1.075940057635307312e-01 -2.199708223342895508e-01 9.695549607276916504e-01 5.203357443332009780e+00
-1.638027131557464600e-01 -9.658105373382568359e-01 -2.009437531232833862e-01 -2.250037907535931969e-01
9.806079864501953125e-01 -1.371953338384628296e-01 -1.399471610784530640e-01 9.354287677614036012e-01
0.000000000000000000e+00 0.000000000000000000e+00 0.000000000000000000e+00 1.000000000000000000e+00
1.782945096492767334e-01 -2.682695984840393066e-01 9.467015266418457031e-01 4.924004118580586287e+00
-6.585213541984558105e-02 -9.632128477096557617e-01 -2.605463862419128418e-01 -6.286105453948668265e-01
9.817709326744079590e-01 -1.588840782642364502e-02 -1.894014328718185425e-01 4.649017637188935792e-01
0.000000000000000000e+00 0.000000000000000000e+00 0.000000000000000000e+00 1.000000000000000000e+00
1.704673320055007935e-01 -3.129558861255645752e-01 9.343443512916564941e-01 4.637069569778866196e+00
-2.731772512197494507e-02 -9.493595361709594727e-01 -3.130012452602386475e-01 -1.008338453173113214e+00
9.849846363067626953e-01 2.783235535025596619e-02 -1.703840941190719604e-01 4.642974582189932642e-01
0.000000000000000000e+00 0.000000000000000000e+00 0.000000000000000000e+00 1.000000000000000000e+00
2.245828211307525635e-01 -3.762026131153106689e-01 8.989070653915405273e-01 4.381233713927773721e+00
6.211802829056978226e-03 -9.219002723693847656e-01 -3.873774111270904541e-01 -1.404079439850425270e+00
9.744350910186767578e-01 9.258210659027099609e-02 -2.047060877084732056e-01 2.513667224337324813e-01
0.000000000000000000e+00 0.000000000000000000e+00 0.000000000000000000e+00 1.000000000000000000e+00
2.374549508094787598e-01 -4.096792936325073242e-01 8.807825446128845215e-01 4.188890460690848805e+00
5.842183530330657959e-02 -8.990517854690551758e-01 -4.339271187782287598e-01 -1.629078503189161919e+00
9.696400761604309082e-01 1.544950753450393677e-01 -1.895501166582107544e-01 2.664827923317150682e-01
0.000000000000000000e+00 0.000000000000000000e+00 0.000000000000000000e+00 1.000000000000000000e+00
3.371636271476745605e-01 -4.516621828079223633e-01 8.260277509689331055e-01 3.876789263865372259e+00
1.204950138926506042e-01 -8.494840860366821289e-01 -5.136708021163940430e-01 -2.030621874235458701e+00
9.337031841278076172e-01 2.727234065532684326e-01 -2.319922000169754028e-01 -5.376124892534311570e-03
0.000000000000000000e+00 0.000000000000000000e+00 0.000000000000000000e+00 1.000000000000000000e+00
3.644968569278717041e-01 -4.924882352352142334e-01 7.903149127960205078e-01 3.663947539507474982e+00
1.410083919763565063e-01 -8.097240328788757324e-01 -5.696169137954711914e-01 -2.309119062326923100e+00
9.204667806625366211e-01 3.190645575523376465e-01 -2.256969213485717773e-01 -2.289037413573737426e-02
0.000000000000000000e+00 0.000000000000000000e+00 0.000000000000000000e+00 1.000000000000000000e+00
3.608580827713012695e-01 -5.485714077949523926e-01 7.542219758033752441e-01 3.417780571654787991e+00
1.652737408876419067e-01 -7.582972049713134766e-01 -6.306106448173522949e-01 -2.571136562158937711e+00
9.178592562675476074e-01 3.522140085697174072e-01 -1.829732358455657959e-01 1.238604816601848874e-01
0.000000000000000000e+00 0.000000000000000000e+00 0.000000000000000000e+00 1.000000000000000000e+00
3.681925833225250244e-01 -5.678318142890930176e-01 7.362074255943298340e-01 3.255524123311529294e+00
1.659324318170547485e-01 -7.389891147613525391e-01 -6.529634594917297363e-01 -2.677562979801728638e+00
9.148228168487548828e-01 3.625771105289459229e-01 -1.778686940670013428e-01 1.055742136019787170e-01
0.000000000000000000e+00 0.000000000000000000e+00 0.000000000000000000e+00 1.000000000000000000e+00
3.965615332126617432e-01 -5.762441158294677734e-01 7.146196961402893066e-01 3.094292459637723258e+00
1.805467009544372559e-01 -7.142857909202575684e-01 -6.761649250984191895e-01 -2.766821823715758022e+00
9.000787138938903809e-01 3.971631824970245361e-01 -1.792192012071609497e-01 5.477606287741577928e-02
0.000000000000000000e+00 0.000000000000000000e+00 0.000000000000000000e+00 1.000000000000000000e+00
3.956314623355865479e-01 -6.129100918769836426e-01 6.839715242385864258e-01 2.884001486821061722e+00
1.794958412647247314e-01 -6.787706017494201660e-01 -7.120756506919860840e-01 -2.910235725981848987e+00
9.006981253623962402e-01 4.044896066188812256e-01 -1.585282087326049805e-01 8.586086096814404822e-02
0.000000000000000000e+00 0.000000000000000000e+00 0.000000000000000000e+00 1.000000000000000000e+00
2.782839238643646240e-01 -7.100806832313537598e-01 6.467946767807006836e-01 2.577702575159858345e+00
1.485735625028610229e-01 -6.334665417671203613e-01 -7.593722939491271973e-01 -3.059665401951289443e+00
9.489382505416870117e-01 3.074175417423248291e-01 -7.078434526920318604e-02 3.083548193335086673e-01
0.000000000000000000e+00 0.000000000000000000e+00 0.000000000000000000e+00 1.000000000000000000e+00
1.956856995820999146e-01 -7.526988387107849121e-01 6.286109089851379395e-01 2.453005824215640729e+00
1.353055536746978760e-01 -6.141499876976013184e-01 -7.775038480758666992e-01 -3.106224157136911579e+00
9.712874293327331543e-01 2.372008711099624634e-01 -1.833609677851200104e-02 4.420219331015153297e-01
0.000000000000000000e+00 0.000000000000000000e+00 0.000000000000000000e+00 1.000000000000000000e+00
2.652409672737121582e-01 -7.830637097358703613e-01 5.625466108322143555e-01 2.152844708052891409e+00
1.267080605030059814e-01 -5.500754117965698242e-01 -8.254465460777282715e-01 -3.247732733714570053e+00
9.558200836181640625e-01 2.902214229106903076e-01 -4.668209701776504517e-02 1.875735047426426993e-01
0.000000000000000000e+00 0.000000000000000000e+00 0.000000000000000000e+00 1.000000000000000000e+00
3.748086988925933838e-01 -7.748688459396362305e-01 5.090156793594360352e-01 1.904418452101258152e+00
1.081520318984985352e-01 -5.087466835975646973e-01 -8.540961146354675293e-01 -3.293102818047396241e+00
9.207720756530761719e-01 3.751738071441650391e-01 -1.068788841366767883e-01 -1.486419765273499505e-01
0.000000000000000000e+00 0.000000000000000000e+00 0.000000000000000000e+00 1.000000000000000000e+00
5.217223167419433594e-01 -7.418931722640991211e-01 4.211886525154113770e-01 1.502691155519901844e+00
3.549242392182350159e-02 -4.744037091732025146e-01 -8.795914649963378906e-01 -3.292015137590873941e+00
8.523768782615661621e-01 4.738514721393585205e-01 -2.211755216121673584e-01 -6.427702278490251553e-01
0.000000000000000000e+00 0.000000000000000000e+00 0.000000000000000000e+00 1.000000000000000000e+00
6.207515597343444824e-01 -7.102361917495727539e-01 3.320116996765136719e-01 1.206546441305599071e+00
-2.635228633880615234e-02 -4.421426057815551758e-01 -8.965575695037841797e-01 -3.243120309859630623e+00
7.835641503334045410e-01 5.477901697158813477e-01 -2.931771576404571533e-01 -9.097030731224434730e-01
0.000000000000000000e+00 0.000000000000000000e+00 0.000000000000000000e+00 1.000000000000000000e+00
6.177077293395996094e-01 -7.552267313003540039e-01 2.192491441965103149e-01 8.700056677867066268e-01
-1.063481420278549194e-01 -3.564592301845550537e-01 -9.282388687133789062e-01 -3.389948044656718729e+00
7.791838645935058594e-01 5.500633120536804199e-01 -3.005047142505645752e-01 -8.790698486780177401e-01
0.000000000000000000e+00 0.000000000000000000e+00 0.000000000000000000e+00 1.000000000000000000e+00
6.054807305335998535e-01 -7.907696366310119629e-01 8.986674994230270386e-02 4.075797700849353444e-01
-1.815895289182662964e-01 -2.472069114446640015e-01 -9.517950415611267090e-01 -3.599860849113268646e+00
7.748665809631347656e-01 5.599751472473144531e-01 -2.932745218276977539e-01 -8.016702335868700624e-01
0.000000000000000000e+00 0.000000000000000000e+00 0.000000000000000000e+00 1.000000000000000000e+00
6.208667159080505371e-01 -7.835174798965454102e-01 -2.501222118735313416e-02 -7.749234353929876362e-02
-2.085829824209213257e-01 -1.343583613634109497e-01 -9.687311649322509766e-01 -3.782811003449666032e+00
7.556573152542114258e-01 6.066697835922241211e-01 -2.468469440937042236e-01 -6.175599297522234021e-01
0.000000000000000000e+00 0.000000000000000000e+00 0.000000000000000000e+00 1.000000000000000000e+00
6.385554075241088867e-01 -7.558106184005737305e-01 -1.449076086282730103e-01 -6.503174479610290826e-01
-2.413997352123260498e-01 -1.792640425264835358e-02 -9.702599644660949707e-01 -3.868717521753807898e+00
7.307349443435668945e-01 6.545454263687133789e-01 -1.938994675874710083e-01 -4.320281960105017971e-01
0.000000000000000000e+00 0.000000000000000000e+00 0.000000000000000000e+00 1.000000000000000000e+00
6.475988030433654785e-01 -7.211007475852966309e-01 -2.462317645549774170e-01 -1.177726796680891530e+00
-2.463895529508590698e-01 1.076178848743438721e-01 -9.631770849227905273e-01 -3.933385104970588575e+00
7.210466861724853516e-01 6.844213604927062988e-01 -1.079784482717514038e-01 -1.167151102448076572e-01
0.000000000000000000e+00 0.000000000000000000e+00 0.000000000000000000e+00 1.000000000000000000e+00
6.189346909523010254e-01 -7.772202491760253906e-01 -1.133520081639289856e-01 -5.128709571014476998e-01
-3.037807345390319824e-01 -1.037902906537055969e-01 -9.470716118812561035e-01 -3.631452391070463914e+00
7.243184447288513184e-01 6.206094622611999512e-01 -3.003438711166381836e-01 -1.037961273208320767e+00
0.000000000000000000e+00 0.000000000000000000e+00 0.000000000000000000e+00 1.000000000000000000e+00
6.000664234161376953e-01 -7.992833852767944336e-01 -3.265567496418952942e-02 -1.335197234123465526e-01
-3.856802582740783691e-01 -2.533046901226043701e-01 -8.871795535087585449e-01 -3.257886732752048431e+00
7.008359432220458984e-01 5.449612736701965332e-01 -4.602675735950469971e-01 -1.629331569985185801e+00
0.000000000000000000e+00 0.000000000000000000e+00 0.000000000000000000e+00 1.000000000000000000e+00
5.931493639945983887e-01 -8.015073537826538086e-01 7.589209824800491333e-02 3.172972327532795345e-01
-4.488083124160766602e-01 -4.074450433254241943e-01 -7.953363060951232910e-01 -2.721944588389499042e+00
6.683896183967590332e-01 4.376922845840454102e-01 -6.013990044593811035e-01 -2.112233320133714898e+00
0.000000000000000000e+00 0.000000000000000000e+00 0.000000000000000000e+00 1.000000000000000000e+00
6.025877594947814941e-01 -7.867344021797180176e-01 1.339284628629684448e-01 5.399851239289729099e-01
-5.171395540237426758e-01 -5.127576589584350586e-01 -6.853069067001342773e-01 -2.159863788240241167e+00
6.078274846076965332e-01 3.436979949474334717e-01 -7.158334255218505859e-01 -2.449984688746637218e+00
0.000000000000000000e+00 0.000000000000000000e+00 0.000000000000000000e+00 1.000000000000000000e+00
6.018795967102050781e-01 -7.791996002197265625e-01 1.748978644609451294e-01 6.799001752263396092e-01
-5.737637877464294434e-01 -5.742691159248352051e-01 -5.839612483978271484e-01 -1.713181479838836063e+00
5.554604530334472656e-01 2.511240839958190918e-01 -7.927170991897583008e-01 -2.659154648323723169e+00
0.000000000000000000e+00 0.000000000000000000e+00 0.000000000000000000e+00 1.000000000000000000e+00
5.942830443382263184e-01 -7.877415418624877930e-01 1.621417850255966187e-01 5.822665191726345002e-01
-6.635069251060485840e-01 -5.941488146781921387e-01 -4.546927511692047119e-01 -1.238849528690370905e+00
4.545170962810516357e-01 1.626340001821517944e-01 -8.757649660110473633e-01 -2.887018148501353743e+00
0.000000000000000000e+00 0.000000000000000000e+00 0.000000000000000000e+00 1.000000000000000000e+00
5.814408063888549805e-01 -7.901383638381958008e-01 1.939288079738616943e-01 6.359969317572622405e-01
-7.102455496788024902e-01 -6.092178821563720703e-01 -3.527106344699859619e-01 -8.437391863638534772e-01
3.968348801136016846e-01 6.734313070774078369e-02 -9.154160022735595703e-01 -2.969521945202182600e+00
0.000000000000000000e+00 0.000000000000000000e+00 0.000000000000000000e+00 1.000000000000000000e+00
5.707333683967590332e-01 -7.823285460472106934e-01 2.494488209486007690e-01 7.739192580153942957e-01
-7.522605061531066895e-01 -6.199385523796081543e-01 -2.231143862009048462e-01 -3.423863023272491479e-01
3.291917145252227783e-01 -6.031166389584541321e-02 -9.423349499702453613e-01 -2.997391524794564610e+00
0.000000000000000000e+00 0.000000000000000000e+00 0.000000000000000000e+00 1.000000000000000000e+00
5.593549013137817383e-01 -7.875249981880187988e-01 2.587014734745025635e-01 7.818441271862121011e-01
-7.825024724006652832e-01 -6.046329736709594727e-01 -1.486922502517700195e-01 -7.463547080572542625e-02
2.735183238983154297e-01 -1.192627549171447754e-01 -9.544442892074584961e-01 -3.010939317011323446e+00
0.000000000000000000e+00 0.000000000000000000e+00 0.000000000000000000e+00 1.000000000000000000e+00
5.375097393989562988e-01 -8.006873726844787598e-01 2.645424902439117432e-01 7.626973202589757417e-01
-8.274965286254882812e-01 -5.612053871154785156e-01 -1.724767498672008514e-02 3.864894873113419727e-01
1.622726172208786011e-01 -2.096373438835144043e-01 -9.642196893692016602e-01 -3.014212477261460688e+00
0.000000000000000000e+00 0.000000000000000000e+00 0.000000000000000000e+00 1.000000000000000000e+00
5.278205871582031250e-01 -8.034170269966125488e-01 2.755486369132995605e-01 7.602992447686874877e-01
-8.482918739318847656e-01 -5.148840546607971191e-01 1.236771643161773682e-01 8.806943494714474241e-01
4.251123964786529541e-02 -2.990248203277587891e-01 -9.532980322837829590e-01 -2.947569331420528904e+00
0.000000000000000000e+00 0.000000000000000000e+00 0.000000000000000000e+00 1.000000000000000000e+00
5.364219546318054199e-01 -7.887096405029296875e-01 3.003138601779937744e-01 8.004996723822647153e-01
-8.425595164299011230e-01 -4.800670444965362549e-01 2.441899925470352173e-01 1.285998273515318147e+00
-4.842424765229225159e-02 -3.840210437774658203e-01 -9.220535159111022949e-01 -2.794722449959901045e+00
0.000000000000000000e+00 0.000000000000000000e+00 0.000000000000000000e+00 1.000000000000000000e+00
5.005647540092468262e-01 -8.067862391471862793e-01 3.138965964317321777e-01 8.337420799429799967e-01
-8.463666439056396484e-01 -3.798817098140716553e-01 3.733010590076446533e-01 1.730828330748925836e+00
-1.819306761026382446e-01 -4.525326788425445557e-01 -8.729920387268066406e-01 -2.546370399132445339e+00
0.000000000000000000e+00 0.000000000000000000e+00 0.000000000000000000e+00 1.000000000000000000e+00
4.864678084850311279e-01 -8.126631975173950195e-01 3.208231925964355469e-01 8.574738310200797908e-01
-8.248187303543090820e-01 -3.060696721076965332e-01 4.753899574279785156e-01 2.075529187809524334e+00
-2.881376743316650391e-01 -4.958826899528503418e-01 -8.191930055618286133e-01 -2.304610501381961551e+00
0.000000000000000000e+00 0.000000000000000000e+00 0.000000000000000000e+00 1.000000000000000000e+00
4.625000059604644775e-01 -8.261768817901611328e-01 3.217524886131286621e-01 9.095112656011700158e-01
-8.048248887062072754e-01 -2.389694005250930786e-01 5.432767271995544434e-01 2.301275857853875006e+00
-3.719539046287536621e-01 -5.102200508117675781e-01 -7.754519581794738770e-01 -2.103082082319744028e+00
0.000000000000000000e+00 0.000000000000000000e+00 0.000000000000000000e+00 1.000000000000000000e+00
4.146993458271026611e-01 -8.560328483581542969e-01 3.085964620113372803e-01 9.490037683937198043e-01
-7.874990701675415039e-01 -1.677023768424987793e-01 5.930609107017517090e-01 2.443466367618156720e+00
-4.559275507926940918e-01 -4.889616966247558594e-01 -7.436715364456176758e-01 -1.908938263569695648e+00
0.000000000000000000e+00 0.000000000000000000e+00 0.000000000000000000e+00 1.000000000000000000e+00
3.721862733364105225e-01 -8.805299401283264160e-01 2.935030460357666016e-01 9.977884788952349204e-01
-7.810795307159423828e-01 -1.263143271207809448e-01 6.115217804908752441e-01 2.462987077102911648e+00
-5.013893842697143555e-01 -4.568494558334350586e-01 -7.347767353057861328e-01 -1.791361831586300024e+00
0.000000000000000000e+00 0.000000000000000000e+00 0.000000000000000000e+00 1.000000000000000000e+00
2.727769017219543457e-01 -9.297320246696472168e-01 2.473680824041366577e-01 9.769892190890951955e-01
-7.715098261833190918e-01 -5.778077244758605957e-02 6.335882544517517090e-01 2.458679410121598075e+00
-5.747738480567932129e-01 -3.636752963066101074e-01 -7.330588698387145996e-01 -1.705258887953454039e+00
0.000000000000000000e+00 0.000000000000000000e+00 0.000000000000000000e+00 1.000000000000000000e+00
9.358290582895278931e-02 -9.747081995010375977e-01 2.029456794261932373e-01 9.822561956302932051e-01
-7.827662229537963867e-01 5.393157526850700378e-02 6.199747323989868164e-01 2.243568278784185299e+00
-6.152391433715820312e-01 -2.168779820203781128e-01 -7.579212784767150879e-01 -1.758036984910355649e+00
0.000000000000000000e+00 0.000000000000000000e+00 0.000000000000000000e+00 1.000000000000000000e+00
-7.305695116519927979e-02 -9.803891777992248535e-01 1.830304265022277832e-01 9.434701295880988381e-01
-7.899882197380065918e-01 1.689043641090393066e-01 5.893982648849487305e-01 2.021218774879305347e+00
-6.087542176246643066e-01 -1.015321463346481323e-01 -7.868352532386779785e-01 -1.864123725621083860e+00
0.000000000000000000e+00 0.000000000000000000e+00 0.000000000000000000e+00 1.000000000000000000e+00
-2.105272114276885986e-01 -9.575570225715637207e-01 1.968808621168136597e-01 9.785902839274586151e-01
-7.471436858177185059e-01 2.874811887741088867e-01 5.992749333381652832e-01 2.077735103773700853e+00
-6.304398179054260254e-01 -2.093454264104366302e-02 -7.759559750556945801e-01 -1.805961392154030287e+00
0.000000000000000000e+00 0.000000000000000000e+00 0.000000000000000000e+00 1.000000000000000000e+00
-2.468070238828659058e-01 -9.538954496383666992e-01 1.707896888256072998e-01 9.812418274555446684e-01
-7.066742777824401855e-01 2.977587282657623291e-01 6.418341398239135742e-01 2.269603364852122329e+00
-6.630970239639282227e-01 3.771653026342391968e-02 -7.475826740264892578e-01 -1.671619859956294363e+00
0.000000000000000000e+00 0.000000000000000000e+00 0.000000000000000000e+00 1.000000000000000000e+00
-3.565349578857421875e-01 -9.255998730659484863e-01 1.270717084407806396e-01 1.002721333968212614e+00
-6.922944784164428711e-01 3.530671596527099609e-01 6.293421983718872070e-01 2.189802896538765697e+00
-6.273841857910156250e-01 1.364116072654724121e-01 -7.666686773300170898e-01 -1.641162227851164834e+00
0.000000000000000000e+00 0.000000000000000000e+00 0.000000000000000000e+00 1.000000000000000000e+00
2.352544516324996948e-01 -9.146633148193359375e-01 3.287047147750854492e-01 9.795357048277377743e-01
-7.360430359840393066e-01 5.320626124739646912e-02 6.748403310775756836e-01 2.444693529899001572e+00
-6.347408890724182129e-01 -4.007001817226409912e-01 -6.607148051261901855e-01 -1.371754473038427458e+00
0.000000000000000000e+00 0.000000000000000000e+00 0.000000000000000000e+00 1.000000000000000000e+00
5.361639261245727539e-01 -7.758154273033142090e-01 3.326238691806793213e-01 7.867308520683576889e-01
-7.674739956855773926e-01 -2.839799225330352783e-01 5.747515559196472168e-01 2.326097868709995353e+00
-3.514425456523895264e-01 -5.634410381317138672e-01 -7.476779222488403320e-01 -2.138493799306104837e+00
0.000000000000000000e+00 0.000000000000000000e+00 0.000000000000000000e+00 1.000000000000000000e+00
5.933347344398498535e-01 -7.327444553375244141e-01 3.332263827323913574e-01 7.603793029708413309e-01
-7.707038521766662598e-01 -3.976514935493469238e-01 4.978847205638885498e-01 2.095292750427950157e+00
-2.323140352964401245e-01 -5.522307753562927246e-01 -8.006691932678222656e-01 -2.519498223709150775e+00
0.000000000000000000e+00 0.000000000000000000e+00 0.000000000000000000e+00 1.000000000000000000e+00
6.031571626663208008e-01 -7.387900948524475098e-01 3.006496131420135498e-01 6.419730235760252590e-01
-7.713801264762878418e-01 -4.443967342376708984e-01 4.555043578147888184e-01 1.966121470177731645e+00
-2.029144614934921265e-01 -5.066557526588439941e-01 -8.379290699958801270e-01 -2.736839278550915466e+00
0.000000000000000000e+00 0.000000000000000000e+00 0.000000000000000000e+00 1.000000000000000000e+00
6.262858510017395020e-01 -7.431724071502685547e-01 2.355011552572250366e-01 3.883910987694598749e-01
-7.606484889984130859e-01 -5.163276791572570801e-01 3.934708535671234131e-01 1.744743180398112159e+00
-1.708209961652755737e-01 -4.255590438842773438e-01 -8.886622786521911621e-01 -3.001827364263093045e+00
0.000000000000000000e+00 0.000000000000000000e+00 0.000000000000000000e+00 1.000000000000000000e+00
6.414594650268554688e-01 -7.504736781120300293e-01 1.591189205646514893e-01 8.835153317943511553e-02
-7.445642352104187012e-01 -5.590634942054748535e-01 3.647906482219696045e-01 1.649486022809951047e+00
-1.848082989454269409e-01 -3.524725139141082764e-01 -9.173924922943115234e-01 -3.164704635690711587e+00
0.000000000000000000e+00 0.000000000000000000e+00 0.000000000000000000e+00 1.000000000000000000e+00
6.542088985443115234e-01 -7.518268823623657227e-01 8.225748687982559204e-02 -2.246901150103055578e-01
-7.291369438171386719e-01 -5.980665087699890137e-01 3.326794207096099854e-01 1.529410227325859406e+00
-2.009220570325851440e-01 -2.776187360286712646e-01 -9.394456744194030762e-01 -3.295939373939440031e+00
0.000000000000000000e+00 0.000000000000000000e+00 0.000000000000000000e+00 1.000000000000000000e+00
6.696763634681701660e-01 -7.421715855598449707e-01 2.672677859663963318e-02 -4.726017310204683186e-01
-7.189497947692871094e-01 -6.388631463050842285e-01 2.737953662872314453e-01 1.301486609093080116e+00
-1.861286014318466187e-01 -2.025695741176605225e-01 -9.614166021347045898e-01 -3.432272837538719035e+00
0.000000000000000000e+00 0.000000000000000000e+00 0.000000000000000000e+00 1.000000000000000000e+00
7.108279466629028320e-01 -7.018802762031555176e-01 -4.568671807646751404e-02 -8.333259346677691637e-01
-6.809337139129638672e-01 -7.029779553413391113e-01 2.053078263998031616e-01 1.025808521287368880e+00
-1.762184053659439087e-01 -1.148288771510124207e-01 -9.776304960250854492e-01 -3.553069652865751937e+00
0.000000000000000000e+00 0.000000000000000000e+00 0.000000000000000000e+00 1.000000000000000000e+00
7.464058995246887207e-01 -6.599201560020446777e-01 -8.592461049556732178e-02 -1.048760274955140792e+00
-6.454608440399169922e-01 -7.493202686309814453e-01 1.479858607053756714e-01 7.843917230314930711e-01
-1.620439141988754272e-01 -5.499651283025741577e-02 -9.852496385574340820e-01 -3.624424427273090110e+00
0.000000000000000000e+00 0.000000000000000000e+00 0.000000000000000000e+00 1.000000000000000000e+00
7.732728123664855957e-01 -6.145636439323425293e-01 -1.560788601636886597e-01 -1.392290119601584442e+00
-6.130021214485168457e-01 -7.875036001205444336e-01 6.376924365758895874e-02 4.079873714968091369e-01
-1.621029227972030640e-01 4.636579006910324097e-02 -9.856837391853332520e-01 -3.656079857064470140e+00
0.000000000000000000e+00 0.000000000000000000e+00 0.000000000000000000e+00 1.000000000000000000e+00
7.963197231292724609e-01 -5.718719363212585449e-01 -1.970711052417755127e-01 -1.619470793750188431e+00
-5.852644443511962891e-01 -8.107502460479736328e-01 -1.224065944552421570e-02 7.116809315106244205e-02
-1.527752727270126343e-01 1.250861734151840210e-01 -9.803126454353332520e-01 -3.682431406161986498e+00
0.000000000000000000e+00 0.000000000000000000e+00 0.000000000000000000e+00 1.000000000000000000e+00
8.286480903625488281e-01 -5.131868124008178711e-01 -2.235653251409530640e-01 -1.787859779742193345e+00
-5.438600778579711914e-01 -8.326407074928283691e-01 -1.045253574848175049e-01 -3.515970629681003379e-01
-1.325085014104843140e-01 2.082029879093170166e-01 -9.690683484077453613e-01 -3.676800943557974044e+00
0.000000000000000000e+00 0.000000000000000000e+00 0.000000000000000000e+00 1.000000000000000000e+00
8.452811837196350098e-01 -4.908465147018432617e-01 -2.111151367425918579e-01 -1.795791196423967895e+00
-5.291129946708679199e-01 -8.239703178405761719e-01 -2.027625143527984619e-01 -7.994271202788212349e-01
-7.442723214626312256e-02 2.830951809883117676e-01 -9.561995267868041992e-01 -3.676465234814370042e+00
0.000000000000000000e+00 0.000000000000000000e+00 0.000000000000000000e+00 1.000000000000000000e+00
8.539921045303344727e-01 -4.901011884212493896e-01 -1.746363192796707153e-01 -1.688450508160298735e+00
-5.202832221984863281e-01 -8.054708242416381836e-01 -2.837641537189483643e-01 -1.188797279590443789e+00
-1.591122942045331001e-03 3.331927657127380371e-01 -9.428573250770568848e-01 -3.681142141731763129e+00
0.000000000000000000e+00 0.000000000000000000e+00 0.000000000000000000e+00 1.000000000000000000e+00
8.643269538879394531e-01 -4.872671365737915039e-01 -1.245361194014549255e-01 -1.524845371764648405e+00
-4.964517056941986084e-01 -7.870056629180908203e-01 -3.662750124931335449e-01 -1.584649673158733174e+00
8.046323806047439575e-02 3.784077465534210205e-01 -9.221351742744445801e-01 -3.665176929105980363e+00
0.000000000000000000e+00 0.000000000000000000e+00 0.000000000000000000e+00 1.000000000000000000e+00
8.797032833099365234e-01 -4.691825509071350098e-01 -7.739362865686416626e-02 -1.375742872933625183e+00
-4.508905410766601562e-01 -7.713090777397155762e-01 -4.491985142230987549e-01 -2.006592310614535357e+00
1.510619074106216431e-01 4.300574958324432373e-01 -8.900731801986694336e-01 -3.611759160169540017e+00
0.000000000000000000e+00 0.000000000000000000e+00 0.000000000000000000e+00 1.000000000000000000e+00
8.975028395652770996e-01 -4.401058256626129150e-01 -2.819744497537612915e-02 -1.205707088731270638e+00
-3.832306563854217529e-01 -7.466843724250793457e-01 -5.436874032020568848e-01 -2.494051326798428558e+00
2.182256728410720825e-01 4.987675249576568604e-01 -8.388137221336364746e-01 -3.540269070535761120e+00
0.000000000000000000e+00 0.000000000000000000e+00 0.000000000000000000e+00 1.000000000000000000e+00
9.300651550292968750e-01 -3.672419190406799316e-01 -1.055375207215547562e-02 -1.144767519366702624e+00
-2.956025004386901855e-01 -7.309578657150268555e-01 -6.150766015052795410e-01 -2.843455479229670235e+00
2.181677371263504028e-01 5.751812458038330078e-01 -7.883962988853454590e-01 -3.455189919525253117e+00
0.000000000000000000e+00 0.000000000000000000e+00 0.000000000000000000e+00 1.000000000000000000e+00
9.504932165145874023e-01 -3.049350380897521973e-01 5.980601534247398376e-02 -8.497142553879583060e-01
-1.871868520975112915e-01 -7.154794335365295410e-01 -6.730902194976806641e-01 -3.168637214080896936e+00
2.480388432741165161e-01 6.285727620124816895e-01 -7.371382713317871094e-01 -3.372869453131215334e+00
0.000000000000000000e+00 0.000000000000000000e+00 0.000000000000000000e+00 1.000000000000000000e+00
9.327811002731323242e-01 -3.267515897750854492e-01 1.521593332290649414e-01 -4.171905426118134308e-01
-1.210172623395919800e-01 -6.815451383590698242e-01 -7.216998934745788574e-01 -3.408946937359158103e+00
3.395201563835144043e-01 6.547742486000061035e-01 -6.752751469612121582e-01 -3.253081946538646463e+00
0.000000000000000000e+00 0.000000000000000000e+00 0.000000000000000000e+00 1.000000000000000000e+00
8.858648538589477539e-01 -3.935712277889251709e-01 2.456528842449188232e-01 7.536531403311221011e-02
-7.867896556854248047e-02 -6.492630839347839355e-01 -7.564829587936401367e-01 -3.586248375424633483e+00
4.572235047817230225e-01 6.508139967918395996e-01 -6.061251163482666016e-01 -3.054187015747027889e+00
0.000000000000000000e+00 0.000000000000000000e+00 0.000000000000000000e+00 1.000000000000000000e+00
9.629667401313781738e-01 -2.091189771890640259e-01 1.701879650354385376e-01 -3.917940000698216241e-01
-2.778281271457672119e-02 -7.048177719116210938e-01 -7.088440656661987305e-01 -3.326751468901568476e+00
2.681843340396881104e-01 6.778652071952819824e-01 -6.845260262489318848e-01 -3.124768191814347507e+00
0.000000000000000000e+00 0.000000000000000000e+00 0.000000000000000000e+00 1.000000000000000000e+00
9.435696005821228027e-01 -2.289637625217437744e-01 2.392743527889251709e-01 -1.117764315718882684e-01
-6.165865808725357056e-03 -7.345225811004638672e-01 -6.785559654235839844e-01 -3.140740650806995493e+00
3.311170935630798340e-01 6.387894153594970703e-01 -6.944848895072937012e-01 -3.228999606011222490e+00
0.000000000000000000e+00 0.000000000000000000e+00 0.000000000000000000e+00 1.000000000000000000e+00
9.263423681259155273e-01 -2.959560155868530273e-01 2.330241501331329346e-01 -1.685940792766282281e-01
-4.671448096632957458e-02 -7.041066288948059082e-01 -7.085561752319335938e-01 -3.250341222397879815e+00
3.737750947475433350e-01 6.454794406890869141e-01 -6.660686731338500977e-01 -3.114456655695060139e+00
0.000000000000000000e+00 0.000000000000000000e+00 0.000000000000000000e+00 1.000000000000000000e+00
8.579806685447692871e-01 -3.763116002082824707e-01 3.496552109718322754e-01 4.235950810900091512e-01
3.436660021543502808e-02 -6.371086835861206055e-01 -7.700071930885314941e-01 -3.633940842052898468e+00
5.125310420989990234e-01 6.726679205894470215e-01 -5.336944460868835449e-01 -2.594114650620095830e+00
0.000000000000000000e+00 0.000000000000000000e+00 0.000000000000000000e+00 1.000000000000000000e+00
7.429038882255554199e-01 -4.974076151847839355e-01 4.479723572731018066e-01 1.030158579428022136e+00
8.129039406776428223e-02 -5.972270369529724121e-01 -7.979420423507690430e-01 -3.805547929680176633e+00
6.644437909126281738e-01 6.292103528976440430e-01 -4.032478630542755127e-01 -2.102002536649561826e+00
0.000000000000000000e+00 0.000000000000000000e+00 0.000000000000000000e+00 1.000000000000000000e+00
6.323980093002319336e-01 -5.749983787536621094e-01 5.190854072570800781e-01 1.508888275435813053e+00
1.405820399522781372e-01 -5.737797617912292480e-01 -8.068540692329406738e-01 -3.892697681428420431e+00
7.617802023887634277e-01 5.832268595695495605e-01 -2.820227146148681641e-01 -1.557239307752803059e+00
0.000000000000000000e+00 0.000000000000000000e+00 0.000000000000000000e+00 1.000000000000000000e+00
4.482138454914093018e-01 -6.551091670989990234e-01 6.082239747047424316e-01 2.124697355268402088e+00
2.580036520957946777e-01 -5.566384196281433105e-01 -7.896759510040283203e-01 -3.882844669485533196e+00
8.558843731880187988e-01 5.108674168586730957e-01 -8.047261089086532593e-02 -6.368868924354835759e-01
0.000000000000000000e+00 0.000000000000000000e+00 0.000000000000000000e+00 1.000000000000000000e+00
3.624296486377716064e-01 -6.769677400588989258e-01 6.405931711196899414e-01 2.362798781669411152e+00
3.383474946022033691e-01 -5.448646545410156250e-01 -7.672310471534729004e-01 -3.827330903405221640e+00
8.684272170066833496e-01 4.948104619979858398e-01 3.157529607415199280e-02 -8.271999623627938891e-02
0.000000000000000000e+00 0.000000000000000000e+00 0.000000000000000000e+00 1.000000000000000000e+00
2.997618615627288818e-01 -6.968707442283630371e-01 6.515471935272216797e-01 2.489133997628215411e+00
3.812713027000427246e-01 -5.385326743125915527e-01 -7.514083981513977051e-01 -3.765152167989720855e+00
8.745143413543701172e-01 4.736599922180175781e-01 1.042653471231460571e-01 3.022273907274029559e-01
0.000000000000000000e+00 0.000000000000000000e+00 0.000000000000000000e+00 1.000000000000000000e+00
5.074626207351684570e-01 -4.784189462661743164e-01 7.166566848754882812e-01 2.836922303719084937e+00
