1 0 0 -0.01792658120393753 
0 1 0 0.02243540808558464 
0 0 1 -0.3816788792610168 
0 0 0 1 

0.9898125529289246 0.04842300340533257 -0.1338888257741928 0.03855988383293152 
-0.05088974162936211 0.9985907077789307 -0.01506128907203674 0.02515693008899689 
0.1329708248376846 0.02172144874930382 0.9908818602561951 -0.3784518837928772 
0 0 0 1 

0.9597508907318115 0.06809967011213303 -0.2724711000919342 0.09494064003229141 
-0.07685650140047073 0.9968085289001465 -0.02158300951123238 0.02868110872805119 
0.2701317071914673 0.0416555218398571 0.9619218111038208 -0.3658333122730255 
0 0 0 1 

0.9992575645446777 0.03792226314544678 -0.006823263131082058 -0.01189326029270887 
-0.03786244615912437 0.999244749546051 0.008688393048942089 0.01658448204398155 
0.007147605530917645 -0.008423645049333572 0.9999393224716187 -0.3685682713985443 
0 0 0 1 

0.9927902221679688 0.05357398465275764 -0.1072257161140442 0.03014934994280338 
-0.04989771172404289 0.9980804920196533 0.03668133169412613 0.009199436753988266 
0.1089850664138794 -0.03106653690338135 0.9935578107833862 -0.3666413128376007 
0 0 0 1 

0.5364100933074951 0.7925958037376404 -0.2899237871170044 0.07828100770711899 
-0.8255245089530945 0.5641677975654602 0.01496030297130346 0.02894882671535015 
0.1754230856895447 0.2313143908977509 0.9569327831268311 -0.222202256321907 
0 0 0 1 

0.65424644947052 0.7246403694152832 -0.2164663225412369 0.03787411004304886 
-0.7427041530609131 0.561629056930542 -0.3646409809589386 0.12342219799757 
-0.1426598876714706 0.3993355333805084 0.9056375026702881 -0.2344994992017746 
0 0 0 1 

0.6686901450157166 0.73119056224823 -0.1349574774503708 0.01301957480609417 
-0.7253873348236084 0.601665198802948 -0.3343826830387115 0.114841639995575 
-0.1632983833551407 0.321494847536087 0.9327242970466614 -0.24567811191082 
0 0 0 1 

0.9753453135490417 0.05147447437047958 -0.2145970016717911 0.03701500594615936 
-0.1067651733756065 0.9611049890518188 -0.2547124028205872 0.06630458682775497 
0.193139061331749 0.2713440656661987 0.9429048895835876 -0.1949212551116943 
0 0 0 1 

0.9872292280197144 0.0795491486787796 -0.1380207240581512 0.0190115999430418 
-0.09654023498296738 0.987930953502655 -0.121128723025322 0.02856940776109695 
0.1267191767692566 0.1329063773155212 0.9829941987991333 -0.2096296399831772 
0 0 0 1 

