0.8839950561523438 0.1664512753486633 -0.4368599951267242 0.08988925814628601 
-0.4642616510391235 0.4223020076751709 -0.7785383462905884 0.286418080329895 
0.05489810183644295 0.8910413980484009 0.4505898654460907 -0.1142004802823067 
0 0 0 1 

0.8711050152778625 0.1439085602760315 -0.4695384204387665 0.1007560044527054 
-0.472571849822998 0.5057583451271057 -0.7217230796813965 0.2693003714084625 
0.1336108148097992 0.8505872488021851 0.5085757970809937 -0.1399688273668289 
0 0 0 1 

0.8579751253128052 0.1246212795376778 -0.4983454346656799 0.110099583864212 
-0.46927410364151 0.5847591161727905 -0.6616936922073364 0.2526540160179138 
0.2089508920907974 0.8015773296356201 0.5601903200149536 -0.1590858697891235 
0 0 0 1 

0.8391767740249634 0.09484786540269852 -0.5355242490768433 0.1196665093302727 
-0.4453760385513306 0.6849640011787415 -0.5765972137451172 0.2272616475820541 
0.3121258020401001 0.7223767042160034 0.6170488595962524 -0.182838499546051 
0 0 0 1 

0.8226029276847839 0.1004449650645256 -0.559674084186554 0.1289283186197281 
-0.4388387799263 0.7380524277687073 -0.5125417113304138 0.208101212978363 
0.3615865111351013 0.6672250628471375 0.6512032747268677 -0.1984313726425171 
0 0 0 1 

0.79072505235672 0.1424126625061035 -0.5953758955001831 0.1439593434333801 
-0.4506075978279114 0.7937249541282654 -0.4085991978645325 0.1776044964790344 
0.4143749177455902 0.5913705825805664 0.6917904615402222 -0.2164622098207474 
0 0 0 1 

0.577869176864624 0.7946068644523621 0.1861906349658966 -0.05406264960765839 
-0.6781755089759827 0.5944451689720154 -0.4321026802062988 0.1646080166101456 
-0.4540319442749023 0.1234288364648819 0.8823946118354797 -0.2236309200525284 
0 0 0 1 

0.5951787233352661 0.7788225412368774 0.1979838162660599 -0.05935148894786835 
-0.6082158088684082 0.597608208656311 -0.5224345326423645 0.1884944289922714 
-0.5252006053924561 0.1905249804258347 0.8293759822845459 -0.2023340910673141 
0 0 0 1 

0.653016209602356 0.7325140833854675 0.1923351883888245 -0.06265237927436829 
-0.5004453063011169 0.6079747080802917 -0.6163773536682129 0.2115271389484406 
-0.5684400796890259 0.3062510788440704 0.7636007070541382 -0.176215186715126 
0 0 0 1 

0.699435830116272 0.6884564161300659 0.1918777227401733 -0.06550634652376175 
-0.4191030859947205 0.6125656962394714 -0.6701610088348389 0.2228906452655792 
-0.5789143443107605 0.3883182108402252 0.7169848680496216 -0.1596492975950241 
0 0 0 1 

