0.8839950561523438 0.1664512604475021 -0.4368600249290466 0.08988925814628601 
-0.4642616510391235 0.4223020076751709 -0.7785383462905884 0.2864180505275726 
0.05489810928702354 0.8910413980484009 0.4505898654460907 -0.1142004355788231 
0 0 0 1 

0.8711050152778625 0.1439085602760315 -0.4695383906364441 0.1007560715079308 
-0.472571849822998 0.5057583451271057 -0.7217230796813965 0.2693004906177521 
0.1336108297109604 0.8505872488021851 0.5085757970809937 -0.1399688124656677 
0 0 0 1 

0.8579751253128052 0.124621294438839 -0.4983454942703247 0.1100995764136314 
-0.4692741334438324 0.5847590565681458 -0.6616937518119812 0.2526540160179138 
0.2089508771896362 0.8015773892402649 0.5601902604103088 -0.1590858697891235 
0 0 0 1 

0.8391767740249634 0.09484782814979553 -0.5355241894721985 0.1196665689349174 
-0.4453760087490082 0.6849640607833862 -0.5765972137451172 0.2272617369890213 
0.3121257722377777 0.7223767042160034 0.6170488595962524 -0.1828384399414062 
0 0 0 1 

0.8226028680801392 0.1004448756575584 -0.5596741437911987 0.1289283931255341 
-0.4388388097286224 0.7380523085594177 -0.512541651725769 0.208101287484169 
0.3615864515304565 0.6672251224517822 0.6512031555175781 -0.1984312683343887 
0 0 0 1 

0.7907249331474304 0.1424125730991364 -0.5953759551048279 0.1439594328403473 
-0.4506076872348785 0.7937248945236206 -0.4085992276668549 0.1776045560836792 
0.4143749177455902 0.591370701789856 0.6917902827262878 -0.2164621502161026 
0 0 0 1 

0.5778689980506897 0.7946070432662964 0.1861906349658966 -0.05406269058585167 
-0.6781755685806274 0.5944449901580811 -0.4321027994155884 0.1646080911159515 
-0.4540320634841919 0.1234288141131401 0.882394552230835 -0.2236309051513672 
0 0 0 1 

0.5951785445213318 0.778822660446167 0.1979837715625763 -0.05935150012373924 
-0.6082158088684082 0.5976079702377319 -0.5224346518516541 0.188494473695755 
-0.5252007246017456 0.1905249804258347 0.8293758630752563 -0.202334076166153 
0 0 0 1 

0.6530159711837769 0.7325142621994019 0.1923351287841797 -0.0626523569226265 
-0.5004453659057617 0.6079744696617126 -0.6163775324821472 0.2115271687507629 
-0.5684402585029602 0.306251049041748 0.7636005282402039 -0.176215186715126 
0 0 0 1 

0.7089516520500183 0.6798579096794128 0.1875650882720947 -0.06404795497655869 
-0.4114740490913391 0.6147288084030151 -0.6729022264480591 0.2235160917043686 
-0.572779655456543 0.3998768627643585 0.7155569791793823 -0.1596684902906418 
0 0 0 1 

