0.4496126770973206 0.8166166543960571 -0.3619193732738495 0.09772253036499023 
-0.7885118722915649 0.1725080758333206 -0.5903302431106567 0.1822864562273026 
-0.4196395576000214 0.550797700881958 0.7214738130569458 -0.1362353265285492 
0 0 0 1 

0.4256982803344727 0.8287326693534851 -0.3632948100566864 0.1045255362987518 
-0.7793563008308411 0.1318039149045944 -0.6125614047050476 0.1847529411315918 
-0.4597660005092621 0.5439024567604065 0.7019867300987244 -0.1241822317242622 
0 0 0 1 

0.2994042336940765 0.9129350781440735 -0.2773203253746033 0.09406895935535431 
-0.7718400359153748 0.06087764725089073 -0.6328955888748169 0.1839360296726227 
-0.5609099864959717 0.4035385549068451 0.722866952419281 -0.1226702779531479 
0 0 0 1 

0.1272609233856201 0.9610369205474854 -0.2453828454017639 0.09727523475885391 
-0.7857788801193237 -0.05328400805592537 -0.6162080764770508 0.1670980006456375 
-0.6052736639976501 0.2712359428405762 0.748381495475769 -0.1261967271566391 
0 0 0 1 

-0.1890682429075241 0.9543132781982422 -0.2313852906227112 0.1003034040331841 
-0.7088820934295654 -0.2957038879394531 -0.6403477191925049 0.1697945296764374 
-0.6795139312744141 0.0429554171860218 0.7324039936065674 -0.1169333085417747 
0 0 0 1 

-0.289050430059433 0.9346926212310791 -0.2068801522254944 0.1052831709384918 
-0.6952483654022217 -0.353519469499588 -0.6258223056793213 0.1633434891700745 
-0.6580877304077148 -0.0370611660182476 0.7520285844802856 -0.113069012761116 
0 0 0 1 

0.2531406581401825 0.9024074077606201 -0.3486840128898621 0.09186644852161407 
-0.7339808940887451 -0.05565007403492928 -0.6768863201141357 0.1835316866636276 
-0.6302315592765808 0.4272748529911041 0.6482625603675842 -0.09776637703180313 
0 0 0 1 

0.9009948968887329 0.09856186807155609 -0.4224852025508881 0.09977004677057266 
-0.3558329641819 0.7249939441680908 -0.5897173881530762 0.1766010820865631 
0.2481755316257477 0.6816664934158325 0.6882873773574829 -0.1446937471628189 
0 0 0 1 

0.9110953211784363 0.1197933107614517 -0.3944043815135956 0.09612955898046494 
-0.3730175495147705 0.6467640399932861 -0.66524738073349 0.2003998607397079 
0.1753943115472794 0.7532235980033875 0.6339486837387085 -0.1204771995544434 
0 0 0 1 

0.9358396530151367 0.1740067303180695 -0.3064731955528259 0.06574024260044098 
-0.3444704115390778 0.6353602409362793 -0.691127598285675 0.1864049732685089 
0.07446000725030899 0.7523555159568787 0.6545355319976807 -0.1041128933429718 
0 0 0 1 

