0.6288813948631287 0.7756816148757935 -0.05316226184368134 0.02982980571687222 
-0.4432001411914825 0.4138223528862 0.7951884269714355 -0.2052665501832962 
0.638812780380249 -0.4765176773071289 0.6040273904800415 -0.1566766053438187 
0 0 0 1 

0.6263192296028137 0.7702276706695557 -0.1203054785728455 0.04988729953765869 
-0.5097283124923706 0.5213832855224609 0.6843510866165161 -0.1627642065286636 
0.589831531047821 -0.3672990798950195 0.7191593050956726 -0.1823269128799438 
0 0 0 1 

0.6274229288101196 0.7646678686141968 -0.1470491141080856 0.05630728229880333 
-0.5682225227355957 0.5787295699119568 0.584974467754364 -0.129207655787468 
0.5324128866195679 -0.2834697365760803 0.797609806060791 -0.1986093372106552 
0 0 0 1 

0.6096110343933105 0.7809541821479797 -0.1359585374593735 0.05005789175629616 
-0.6613186001777649 0.5956054925918579 0.4559731483459473 -0.0939394012093544 
0.4370718598365784 -0.1880542635917664 0.8795474171638489 -0.2151234298944473 
0 0 0 1 

0.594358503818512 0.7867042422294617 -0.1668361127376556 0.05403869971632957 
-0.710042417049408 0.6107592582702637 0.3504466414451599 -0.06329796463251114 
0.3775945901870728 -0.0898301899433136 0.9216033816337585 -0.2217643558979034 
0 0 0 1 

0.5837889909744263 0.782429039478302 -0.2167834341526031 0.06278383731842041 
-0.7519053816795349 0.6217542290687561 0.2192255407571793 -0.02566029503941536 
0.3063144683837891 0.03501921892166138 0.9512860178947449 -0.2243643254041672 
0 0 0 1 

0.9520189166069031 0.3017504215240479 -0.05105498433113098 -0.05344641581177711 
-0.1899789273738861 0.7134902477264404 0.6744177341461182 -0.2387306243181229 
0.23993319272995 -0.6323590278625488 0.7365825176239014 -0.2495774477720261 
0 0 0 1 

0.9364258050918579 0.319746345281601 -0.1444608420133591 -0.02078176289796829 
-0.1208852529525757 0.6805344223976135 0.7226752042770386 -0.256802886724472 
0.329383373260498 -0.6592684984207153 0.6759226322174072 -0.2410824000835419 
0 0 0 1 

0.8948949575424194 0.380250871181488 -0.2336069941520691 0.01439072750508785 
-0.08128992468118668 0.6535904407501221 0.7524701356887817 -0.2685301303863525 
0.4388107657432556 -0.6543917655944824 0.6158053874969482 -0.2284287065267563 
0 0 0 1 

0.8960034847259521 0.3631758391857147 -0.2555013298988342 0.01973831281065941 
-0.06494893133640289 0.6763914227485657 0.7336729168891907 -0.2588833570480347 
0.4392712712287903 -0.6407789587974548 0.6296370029449463 -0.2307540625333786 
0 0 0 1 

