1 0 0 -0.04542167112231255 
0 1 0 0.0009935460984706879 
0 0 1 -0.2875000238418579 
0 0 0 1 

0.9966412782669067 0.08032231777906418 0.01595497690141201 -0.04873747751116753 
-0.07999709993600845 0.9965929985046387 -0.02007194049656391 0.01045972295105457 
-0.01751283369958401 0.01872817985713482 0.9996712207794189 -0.293364018201828 
0 0 0 1 

0.985495388507843 0.1662602871656418 0.03400319442152977 -0.0523969903588295 
-0.1644507199525833 0.98509281873703 -0.05047725141048431 0.02511214837431908 
-0.04188870638608932 0.04415321350097656 0.9981461763381958 -0.2925925254821777 
0 0 0 1 

0.8875378966331482 0.4604397416114807 -0.01648245006799698 -0.02518531121313572 
-0.4591771364212036 0.8869104385375977 0.05046016722917557 0.01038723532110453 
0.03785232827067375 -0.03721694648265839 0.9985900521278381 -0.2685321271419525 
0 0 0 1 

0.8949075937271118 0.4461440145969391 -0.009785967878997326 -0.0263979509472847 
-0.4399779140949249 0.8857789039611816 0.1476992070674896 -0.01991705596446991 
0.07456336915493011 -0.1278715133666992 0.9889839291572571 -0.2677038311958313 
0 0 0 1 

0.8971750140190125 0.4414900243282318 -0.01278532389551401 -0.02546892501413822 
-0.4238700568675995 0.8687829375267029 0.2560278475284576 -0.0538850724697113 
0.1241414770483971 -0.2242824584245682 0.9665848016738892 -0.2630878388881683 
0 0 0 1 

0.8989452123641968 0.4377424120903015 -0.01670178212225437 -0.02402678318321705 
-0.40130615234375 0.8382091522216797 0.369267612695694 -0.09115751832723618 
0.1756438314914703 -0.3252488076686859 0.9291729331016541 -0.2536589205265045 
0 0 0 1 

0.9053508043289185 0.4243575930595398 -0.01613464020192623 -0.02545717358589172 
-0.3710705041885376 0.808998167514801 0.4558818936347961 -0.1201304793357849 
0.2065100073814392 -0.4067459106445312 0.8898939490318298 -0.2440934181213379 
0 0 0 1 

0.9148967862129211 0.4035411477088928 -0.01087786536663771 -0.02969777770340443 
-0.3325762152671814 0.7687333226203918 0.5462984442710876 -0.1498460918664932 
0.2288161516189575 -0.4961889386177063 0.8375198841094971 -0.2312046736478806 
0 0 0 1 

0.905059814453125 0.4249837100505829 0.01598306931555271 -0.03894670307636261 
-0.3413294851779938 0.7034615278244019 0.6234065294265747 -0.1712207198143005 
0.2536942958831787 -0.5696756839752197 0.7817343473434448 -0.2182331532239914 
0 0 0 1 

