1.000000000000000000e+00 0.000000000000000000e+00 0.000000000000000000e+00 -4.146692231928954531e-01
0.000000000000000000e+00 -1.000000000000000000e+00 0.000000000000000000e+00 -7.693198940031911737e-02
0.000000000000000000e+00 0.000000000000000000e+00 -1.000000000000000000e+00 -3.421550398492883005e+00
0.000000000000000000e+00 0.000000000000000000e+00 0.000000000000000000e+00 1.000000000000000000e+00
9.896029829978942871e-01 -1.413122415542602539e-01 -2.676937170326709747e-02 -5.452015431742089913e-01
-1.396067291498184204e-01 -9.885398149490356445e-01 5.743709206581115723e-02 2.705408253678603381e-01
-3.457920625805854797e-02 -5.310270935297012329e-02 -9.979902505874633789e-01 -3.424258015855785153e+00
0.000000000000000000e+00 0.000000000000000000e+00 0.000000000000000000e+00 1.000000000000000000e+00
9.701062440872192383e-01 -2.385616153478622437e-01 -4.452326148748397827e-02 -6.086786247412117046e-01
-2.332333475351333618e-01 -9.672068357467651367e-01 1.005615815520286560e-01 5.477612243894236510e-01
-6.705339252948760986e-02 -8.717106282711029053e-02 -9.939340949058532715e-01 -3.399534418738769936e+00
0.000000000000000000e+00 0.000000000000000000e+00 0.000000000000000000e+00 1.000000000000000000e+00
9.396809339523315430e-01 -3.384445011615753174e-01 -4.954639449715614319e-02 -6.143556159195879829e-01
-3.284755647182464600e-01 -9.332715868949890137e-01 1.452858299016952515e-01 8.106995235026841495e-01
-9.541147202253341675e-02 -1.202474832534790039e-01 -9.881483316421508789e-01 -3.361937660828000496e+00
0.000000000000000000e+00 0.000000000000000000e+00 0.000000000000000000e+00 1.000000000000000000e+00
8.937653303146362305e-01 -4.483391642570495605e-01 -1.324044540524482727e-02 -4.265571025379312764e-01
-4.399833381175994873e-01 -8.820803761482238770e-01 1.683701574802398682e-01 9.707891666710288803e-01
-8.716613799333572388e-02 -1.446578353643417358e-01 -9.856348633766174316e-01 -3.356658927244871027e+00
0.000000000000000000e+00 0.000000000000000000e+00 0.000000000000000000e+00 1.000000000000000000e+00
8.265612721443176270e-01 -5.628009438514709473e-01 -7.159967441111803055e-03 -3.300932789241249332e-01
-5.516965389251708984e-01 -8.126410841941833496e-01 1.877371817827224731e-01 1.115598609956485188e+00
-1.114771962165832520e-01 -1.512261331081390381e-01 -9.821932315826416016e-01 -3.340857196481006319e+00
0.000000000000000000e+00 0.000000000000000000e+00 0.000000000000000000e+00 1.000000000000000000e+00
7.503111958503723145e-01 -6.605287194252014160e-01 2.710500359535217285e-02 -1.276041316744842558e-01
-6.544898152351379395e-01 -7.364243865013122559e-01 1.712369620800018311e-01 1.103960250219160555e+00
-9.314626455307006836e-02 -1.462208926677703857e-01 -9.848570227622985840e-01 -3.377517060185236009e+00
0.000000000000000000e+00 0.000000000000000000e+00 0.000000000000000000e+00 1.000000000000000000e+00
6.891321539878845215e-01 -7.219181656837463379e-01 6.269849091768264771e-02 3.902246148686745741e-02
-7.235426902770996094e-01 -6.807611584663391113e-01 1.142370477318763733e-01 8.879837301212114564e-01
-3.978713974356651306e-02 -1.240894943475723267e-01 -9.914731979370117188e-01 -3.460602823892326541e+00
0.000000000000000000e+00 0.000000000000000000e+00 0.000000000000000000e+00 1.000000000000000000e+00
5.863732695579528809e-01 -8.098050951957702637e-01 1.951708272099494934e-02 -7.589593259936656955e-02
-8.086726069450378418e-01 -5.838135480880737305e-01 7.218000292778015137e-02 7.334746052592580057e-01
-4.705747961997985840e-02 -5.810740590095520020e-02 -9.972007870674133301e-01 -3.546147676366691925e+00
0.000000000000000000e+00 0.000000000000000000e+00 0.000000000000000000e+00 1.000000000000000000e+00
5.027172565460205078e-01 -8.635295033454895020e-01 3.989856690168380737e-02 5.187197533195906513e-02
-8.640165925025939941e-01 -5.004665255546569824e-01 5.484860762953758240e-02 6.746774274518709813e-01
-2.739552408456802368e-02 -6.204634159803390503e-02 -9.976977109909057617e-01 -3.590296833825699085e+00
0.000000000000000000e+00 0.000000000000000000e+00 0.000000000000000000e+00 1.000000000000000000e+00
4.025760591030120850e-01 -9.145067930221557617e-01 4.012629762291908264e-02 1.070215769727540372e-01
-9.153145551681518555e-01 -4.027088284492492676e-01 5.077296402305364609e-03 4.676095889376091774e-01
1.151597592979669571e-02 -3.877214714884757996e-02 -9.991815090179443359e-01 -3.643299951766374445e+00
0.000000000000000000e+00 0.000000000000000000e+00 0.000000000000000000e+00 1.000000000000000000e+00
2.920160293579101562e-01 -9.547175168991088867e-01 5.693302303552627563e-02 2.302596386861329447e-01
-9.551897644996643066e-01 -2.941350340843200684e-01 -3.311398997902870178e-02 3.054383895184401565e-01
4.836050048470497131e-02 -4.471204057335853577e-02 -9.978281855583190918e-01 -3.671450210144319826e+00
0.000000000000000000e+00 0.000000000000000000e+00 0.000000000000000000e+00 1.000000000000000000e+00
1.753449141979217529e-01 -9.826749563217163086e-01 6.003598123788833618e-02 3.001242024643823725e-01
-9.823564887046813965e-01 -1.786648482084274292e-01 -5.527099967002868652e-02 2.017040272954878088e-01
6.503974646329879761e-02 -4.928527027368545532e-02 -9.966651201248168945e-01 -3.682487844208926830e+00
0.000000000000000000e+00 0.000000000000000000e+00 0.000000000000000000e+00 1.000000000000000000e+00
9.682754427194595337e-02 -9.921863079071044922e-01 7.867851853370666504e-02 4.053477326931898550e-01
-9.909681677818298340e-01 -1.034727022051811218e-01 -8.529886603355407715e-02 7.220920001909114649e-02
9.277345240116119385e-02 -6.970855593681335449e-02 -9.932436943054199219e-01 -3.672448116225236703e+00
0.000000000000000000e+00 0.000000000000000000e+00 0.000000000000000000e+00 1.000000000000000000e+00
1.710858754813671112e-02 -9.971204400062561035e-01 7.387688755989074707e-02 4.470533990533717139e-01
-9.971381425857543945e-01 -2.245740406215190887e-02 -7.218927145004272461e-02 1.462402694381891854e-01
7.364048063755035400e-02 -7.243048399686813354e-02 -9.946514964103698730e-01 -3.609152950006836225e+00
0.000000000000000000e+00 0.000000000000000000e+00 0.000000000000000000e+00 1.000000000000000000e+00
-9.159906953573226929e-02 -9.065407514572143555e-01 4.120593667030334473e-01 1.811537693546063421e+00
-9.902737140655517578e-01 3.940771892666816711e-02 -1.334360539913177490e-01 -9.161261350766297662e-02
1.047268211841583252e-01 -4.202741980552673340e-01 -9.013331532478332520e-01 -3.189878315186482460e+00
0.000000000000000000e+00 0.000000000000000000e+00 0.000000000000000000e+00 1.000000000000000000e+00
-1.659632623195648193e-01 -8.839142918586730957e-01 4.372084438800811768e-01 1.927461806012277012e+00
-9.762640595436096191e-01 8.470888435840606689e-02 -1.993294656276702881e-01 -3.570813246355889481e-01
1.391547471284866333e-01 -4.599122703075408936e-01 -8.769927620887756348e-01 -3.113441811686951777e+00
0.000000000000000000e+00 0.000000000000000000e+00 0.000000000000000000e+00 1.000000000000000000e+00
-1.384079754352569580e-01 -8.260951638221740723e-01 5.462689995765686035e-01 2.257851791460855129e+00
-9.903391003608703613e-01 1.201740428805351257e-01 -6.918869912624359131e-02 1.296622099691033814e-01
-8.490900509059429169e-03 -5.505677461624145508e-01 -8.347470760345458984e-01 -2.867797836798222644e+00
0.000000000000000000e+00 0.000000000000000000e+00 0.000000000000000000e+00 1.000000000000000000e+00
-8.987890928983688354e-02 -7.511435151100158691e-01 6.539914608001708984e-01 2.531064516071741544e+00
-9.944064617156982422e-01 3.110738284885883331e-02 -1.009341329336166382e-01 4.844733704193378981e-02
5.547208338975906372e-02 -6.594054698944091797e-01 -7.497380971908569336e-01 -2.664715676535124977e+00
0.000000000000000000e+00 0.000000000000000000e+00 0.000000000000000000e+00 1.000000000000000000e+00
-5.801754817366600037e-02 -5.750415325164794922e-01 8.160644173622131348e-01 3.079823410963554497e+00
-9.853000044822692871e-01 -9.858494251966476440e-02 -1.395172029733657837e-01 -9.168142421626505889e-02
1.606799662113189697e-01 -8.121629953384399414e-01 -5.608686804771423340e-01 -1.981669473788952418e+00
0.000000000000000000e+00 0.000000000000000000e+00 0.000000000000000000e+00 1.000000000000000000e+00
-1.263771504163742065e-01 -4.338794350624084473e-01 8.920636773109436035e-01 3.339439966834322870e+00
-9.851507544517517090e-01 -5.046374350786209106e-02 -1.641091853380203247e-01 -2.232587799047965338e-01
1.162203103303909302e-01 -8.995563983917236328e-01 -4.210590720176696777e-01 -1.415206708157102033e+00
0.000000000000000000e+00 0.000000000000000000e+00 0.000000000000000000e+00 1.000000000000000000e+00
-1.949239820241928101e-01 -3.231033086776733398e-01 9.260717034339904785e-01 3.479484968720666149e+00
-9.747530817985534668e-01 -4.102235659956932068e-02 -2.194832861423492432e-01 -4.286829817905741247e-01
1.089053973555564880e-01 -9.454736709594726562e-01 -3.069497346878051758e-01 -1.002511100948803024e+00
0.000000000000000000e+00 0.000000000000000000e+00 0.000000000000000000e+00 1.000000000000000000e+00
-2.785272896289825439e-01 -2.070456892251968384e-01 9.378457069396972656e-01 3.561023719477444338e+00
-9.576473832130432129e-01 -1.438407227396965027e-02 -2.875837385654449463e-01 -6.895957383794866224e-01
7.303296029567718506e-02 -9.782255887985229492e-01 -1.942705661058425903e-01 -5.667632169590971492e-01
0.000000000000000000e+00 0.000000000000000000e+00 0.000000000000000000e+00 1.000000000000000000e+00
-1.912950575351715088e-01 8.135830760002136230e-01 5.490800738334655762e-01 2.075348901955234471e+00
-9.481491446495056152e-01 -8.514710702002048492e-03 -3.177113831043243408e-01 -7.774075094518310136e-01
-2.538091838359832764e-01 -5.813867449760437012e-01 7.730267047882080078e-01 3.151598357530780881e+00
0.000000000000000000e+00 0.000000000000000000e+00 0.000000000000000000e+00 1.000000000000000000e+00
-1.790550649166107178e-01 8.529880046844482422e-01 4.902566373348236084e-01 1.839426841783665445e+00
-9.675902128219604492e-01 -6.248582527041435242e-02 -2.446721941232681274e-01 -5.139968853619293343e-01
-1.780682951211929321e-01 -5.181775689125061035e-01 8.365309238433837891e-01 3.330905017628698062e+00
0.000000000000000000e+00 0.000000000000000000e+00 0.000000000000000000e+00 1.000000000000000000e+00
-9.651555120944976807e-02 8.413541316986083984e-01 5.317962169647216797e-01 1.909607042910608898e+00
-9.892144203186035156e-01 -2.194104157388210297e-02 -1.448204219341278076e-01 -1.195545681473071109e-01
-1.101772412657737732e-01 -5.400378704071044922e-01 8.343973159790039062e-01 3.275473833907719623e+00
0.000000000000000000e+00 0.000000000000000000e+00 0.000000000000000000e+00 1.000000000000000000e+00
1.795652508735656738e-02 8.493703603744506836e-01 5.274907350540161133e-01 1.783793146897733939e+00
-9.992350935935974121e-01 3.357423841953277588e-02 -2.004672773182392120e-02 3.706876592161902906e-01
-3.473729640245437622e-02 -5.267274975776672363e-01 8.493240475654602051e-01 3.267042475448574290e+00
0.000000000000000000e+00 0.000000000000000000e+00 0.000000000000000000e+00 1.000000000000000000e+00
5.338577926158905029e-02 8.450444936752319336e-01 5.320233702659606934e-01 1.760876638771809333e+00
-9.949970841407775879e-01 -3.637971894931979477e-05 9.990055859088897705e-02 8.196699925354231642e-01
8.443982154130935669e-02 -5.346952080726623535e-01 8.408152461051940918e-01 3.145204864615808393e+00
0.000000000000000000e+00 0.000000000000000000e+00 0.000000000000000000e+00 1.000000000000000000e+00
2.581442333757877350e-02 8.589728474617004395e-01 5.113701224327087402e-01 1.729978433147898675e+00
-9.825904369354248047e-01 -7.234223932027816772e-02 1.711188703775405884e-01 9.856174650436988482e-01
1.839802712202072144e-01 -5.068845748901367188e-01 8.421514034271240234e-01 3.105223817806351150e+00
0.000000000000000000e+00 0.000000000000000000e+00 0.000000000000000000e+00 1.000000000000000000e+00
-4.204435274004936218e-02 8.602475523948669434e-01 5.081386566162109375e-01 1.809155300496579244e+00
-9.949372410774230957e-01 -8.251506835222244263e-02 5.736951902508735657e-02 5.607356407656546304e-01
9.128110110759735107e-02 -5.031545162200927734e-01 8.593623638153076172e-01 3.341963678384474612e+00
0.000000000000000000e+00 0.000000000000000000e+00 0.000000000000000000e+00 1.000000000000000000e+00
-5.024600774049758911e-02 8.724773526191711426e-01 4.860644936561584473e-01 1.709788328526986589e+00
-9.925713539123535156e-01 1.037004496902227402e-02 -1.212191358208656311e-01 -8.930743861168762010e-02
-1.108014881610870361e-01 -4.885446131229400635e-01 8.654752373695373535e-01 3.569793737104381304e+00
0.000000000000000000e+00 0.000000000000000000e+00 0.000000000000000000e+00 1.000000000000000000e+00
1.297451704740524292e-01 8.554300069808959961e-01 5.014035701751708984e-01 1.609339860761581420e+00
-9.852138161659240723e-01 1.682829856872558594e-01 -3.216493502259254456e-02 2.270928089581502329e-01
-1.118926107883453369e-01 -4.898164868354797363e-01 8.646157383918762207e-01 3.590764586897409849e+00
0.000000000000000000e+00 0.000000000000000000e+00 0.000000000000000000e+00 1.000000000000000000e+00
2.244118750095367432e-01 8.020337224006652832e-01 5.535168647766113281e-01 1.637103365901948937e+00
-9.453184604644775391e-01 3.171143531799316406e-01 -7.623226940631866455e-02 5.352767431463237996e-02
-2.366691082715988159e-01 -5.061424374580383301e-01 8.293415904045104980e-01 3.524536024910925658e+00
0.000000000000000000e+00 0.000000000000000000e+00 0.000000000000000000e+00 1.000000000000000000e+00
3.323191702365875244e-01 7.332696914672851562e-01 5.931943655014038086e-01 1.611372038758142944e+00
-9.102799892425537109e-01 4.139885306358337402e-01 -1.790312002412974834e-03 3.081148546319250614e-01
-2.468885928392410278e-01 -5.393780469894409180e-01 8.050569891929626465e-01 3.375942466614656023e+00
0.000000000000000000e+00 0.000000000000000000e+00 0.000000000000000000e+00 1.000000000000000000e+00
3.553496599197387695e-01 7.247637510299682617e-01 5.902918577194213867e-01 1.572264633731788486e+00
-9.212619662284851074e-01 3.783843219280242920e-01 9.000765532255172729e-02 6.588625980935071125e-01
-1.581229716539382935e-01 -5.757974982261657715e-01 8.021559119224548340e-01 3.270234740807942408e+00
0.000000000000000000e+00 0.000000000000000000e+00 0.000000000000000000e+00 1.000000000000000000e+00
3.674918115139007568e-01 7.079527974128723145e-01 6.031190156936645508e-01 1.613760808754948872e+00
-9.260862469673156738e-01 3.381885290145874023e-01 1.673093438148498535e-01 9.447383889363799581e-01
-8.552090823650360107e-02 -6.200251579284667969e-01 7.799072265625000000e-01 3.119800140584841230e+00
0.000000000000000000e+00 0.000000000000000000e+00 0.000000000000000000e+00 1.000000000000000000e+00
5.359807610511779785e-01 6.012825965881347656e-01 5.926068425178527832e-01 1.512450246651591224e+00
-8.396201729774475098e-01 4.529113471508026123e-01 2.998483479022979736e-01 1.356880580527092706e+00
-8.810503035783767700e-02 -6.582779288291931152e-01 7.476009130477905273e-01 2.989439136431581545e+00
0.000000000000000000e+00 0.000000000000000000e+00 0.000000000000000000e+00 1.000000000000000000e+00
6.762143373489379883e-01 4.196613132953643799e-01 6.054902672767639160e-01 1.506824055614380820e+00
-7.143933773040771484e-01 5.742764472961425781e-01 3.998105525970458984e-01 1.692180987763477473e+00
-1.799338310956954956e-01 -7.029160261154174805e-01 6.881371140480041504e-01 2.940425574615442184e+00
0.000000000000000000e+00 0.000000000000000000e+00 0.000000000000000000e+00 1.000000000000000000e+00
7.061389088630676270e-01 3.467649221420288086e-01 6.173505783081054688e-01 1.502996508421807320e+00
-6.501553654670715332e-01 6.628878712654113770e-01 3.713182806968688965e-01 1.572135816177954171e+00
-2.804742157459259033e-01 -6.635761857032775879e-01 6.935421824455261230e-01 3.073394233173584844e+00
0.000000000000000000e+00 0.000000000000000000e+00 0.000000000000000000e+00 1.000000000000000000e+00
7.474049925804138184e-01 2.531661391258239746e-01 6.142415404319763184e-01 1.552328228204332250e+00
-5.727481842041015625e-01 7.140451073646545410e-01 4.026148319244384766e-01 1.600433261394086815e+00
-3.366678059101104736e-01 -6.527220606803894043e-01 6.786811947822570801e-01 3.023261430927484117e+00
0.000000000000000000e+00 0.000000000000000000e+00 0.000000000000000000e+00 1.000000000000000000e+00
7.386187911033630371e-01 2.438058704137802124e-01 6.284910440444946289e-01 1.687541055170008297e+00
-5.421828627586364746e-01 7.688760757446289062e-01 3.389226496219635010e-01 1.276677972584184806e+00
-4.005998671054840088e-01 -5.910914540290832520e-01 7.000930905342102051e-01 3.146234138383551926e+00
0.000000000000000000e+00 0.000000000000000000e+00 0.000000000000000000e+00 1.000000000000000000e+00
7.295228242874145508e-01 3.491059243679046631e-01 5.881507992744445801e-01 1.630257626776903113e+00
-5.900214910507202148e-01 7.561594247817993164e-01 2.830138206481933594e-01 1.032702862044595271e+00
-3.459340035915374756e-01 -5.534872412681579590e-01 7.576158642768859863e-01 3.316394877222413662e+00
0.000000000000000000e+00 0.000000000000000000e+00 0.000000000000000000e+00 1.000000000000000000e+00
8.085929155349731445e-01 1.813243031501770020e-01 5.597314238548278809e-01 1.575550485101854026e+00
-5.296183228492736816e-01 6.386956572532653809e-01 5.581866502761840820e-01 2.035529619569909077e+00
-2.562852501869201660e-01 -7.477895021438598633e-01 6.124773025512695312e-01 2.850859453629859264e+00
0.000000000000000000e+00 0.000000000000000000e+00 0.000000000000000000e+00 1.000000000000000000e+00
8.454281687736511230e-01 1.093783080577850342e-01 5.227689743041992188e-01 1.422870854721581368e+00
-4.820911884307861328e-01 5.775516033172607422e-01 6.588028669357299805e-01 2.418943060250621890e+00
-2.298675924539566040e-01 -8.089929223060607910e-01 5.410088896751403809e-01 2.567716270889393471e+00
0.000000000000000000e+00 0.000000000000000000e+00 0.000000000000000000e+00 1.000000000000000000e+00
8.663282990455627441e-01 9.847768582403659821e-03 4.993779361248016357e-01 1.339670305962696206e+00
-4.334958791732788086e-01 5.114610791206359863e-01 7.419489622116088867e-01 2.739626125425742575e+00
-2.481059879064559937e-01 -8.592497706413269043e-01 4.473624229431152344e-01 2.226125953044535422e+00
0.000000000000000000e+00 0.000000000000000000e+00 0.000000000000000000e+00 1.000000000000000000e+00
8.612357378005981445e-01 -1.785570234060287476e-01 4.758049845695495605e-01 1.286034319087802302e+00
-3.702147901058197021e-01 4.209639728069305420e-01 8.280878067016601562e-01 3.068357932220694195e+00
-3.481578528881072998e-01 -8.893290162086486816e-01 2.964447438716888428e-01 1.709265582756536395e+00
0.000000000000000000e+00 0.000000000000000000e+00 0.000000000000000000e+00 1.000000000000000000e+00
9.496710896492004395e-01 2.617624402046203613e-01 1.720627397298812866e-01 1.664961639629648771e-02
-2.502209842205047607e-01 3.034516870975494385e-01 9.194051623344421387e-01 3.346658943744690529e+00
1.884530335664749146e-01 -9.161862730979919434e-01 3.536777794361114502e-01 1.556484610618823483e+00
0.000000000000000000e+00 0.000000000000000000e+00 0.000000000000000000e+00 1.000000000000000000e+00
9.739737510681152344e-01 1.603374630212783813e-01 1.602089107036590576e-01 -2.779819521111517519e-02
-1.940284073352813721e-01 2.244134545326232910e-01 9.549825787544250488e-01 3.450163003376861326e+00
1.171664372086524963e-01 -9.612131714820861816e-01 2.496827542781829834e-01 1.187977111953173681e+00
0.000000000000000000e+00 0.000000000000000000e+00 0.000000000000000000e+00 1.000000000000000000e+00
9.797090888023376465e-01 1.522368639707565308e-01 1.303609609603881836e-01 -1.318852823328112711e-01
-1.482823789119720459e-01 1.129662320017814636e-01 9.824718832969665527e-01 3.523306244459439185e+00
1.348420381546020508e-01 -9.818665981292724609e-01 1.332480907440185547e-01 7.179839436577046818e-01
0.000000000000000000e+00 0.000000000000000000e+00 0.000000000000000000e+00 1.000000000000000000e+00
9.649927616119384766e-01 2.297075241804122925e-01 1.265839040279388428e-01 -1.631503132339190698e-01
-1.434930413961410522e-01 5.839648097753524780e-02 9.879273176193237305e-01 3.526125889275293801e+00
2.195421755313873291e-01 -9.715061187744140625e-01 8.931364119052886963e-02 4.768348979687736522e-01
0.000000000000000000e+00 0.000000000000000000e+00 0.000000000000000000e+00 1.000000000000000000e+00
9.920654892921447754e-01 -7.961680740118026733e-02 9.730280190706253052e-02 -2.502247928596482707e-01
-1.001031175255775452e-01 -3.196199983358383179e-02 9.944637417793273926e-01 3.513785289757883401e+00
-7.606606185436248779e-02 -9.963131546974182129e-01 -3.967827185988426208e-02 1.397831892584949220e-01
0.000000000000000000e+00 0.000000000000000000e+00 0.000000000000000000e+00 1.000000000000000000e+00
9.966406226158142090e-01 -5.215828493237495422e-02 6.314553320407867432e-02 -3.789013996265419570e-01
-6.924647837877273560e-02 -1.249218136072158813e-01 9.897473454475402832e-01 3.450022365835923921e+00
-4.373539611697196960e-02 -9.907943010330200195e-01 -1.281138956546783447e-01 -2.512812632684540137e-01
0.000000000000000000e+00 0.000000000000000000e+00 0.000000000000000000e+00 1.000000000000000000e+00
9.782292842864990234e-01 -1.397979408502578735e-01 1.533744782209396362e-01 -6.139580464668982496e-02
-1.753589510917663574e-01 -1.616007387638092041e-01 9.711512923240661621e-01 3.475257152838258534e+00
-1.109795346856117249e-01 -9.769039750099182129e-01 -1.825973540544509888e-01 -2.860261253831630213e-01
0.000000000000000000e+00 0.000000000000000000e+00 0.000000000000000000e+00 1.000000000000000000e+00
8.214222788810729980e-01 -5.545901656150817871e-01 1.330243945121765137e-01 4.852413723323820149e-02
-2.696258127689361572e-01 -1.720927655696868896e-01 9.474629163742065430e-01 3.501055524103908301e+00
-5.025609135627746582e-01 -8.141335844993591309e-01 -2.908925116062164307e-01 -4.079525826036167202e-01
0.000000000000000000e+00 0.000000000000000000e+00 0.000000000000000000e+00 1.000000000000000000e+00
5.564610362052917480e-01 -8.307744264602661133e-01 1.286524720489978790e-02 -6.268596773143214618e-02
-3.736455440521240234e-01 -2.363816499710083008e-01 8.969462513923645020e-01 3.492581422862713669e+00
-7.421185970306396484e-01 -5.039228200912475586e-01 -4.419523477554321289e-01 -8.241363369095244806e-01
0.000000000000000000e+00 0.000000000000000000e+00 0.000000000000000000e+00 1.000000000000000000e+00
8.904524445533752441e-01 -3.766135275363922119e-01 2.554528415203094482e-01 4.411347301889910200e-01
-3.888331651687622070e-01 -3.380062282085418701e-01 8.570643663406372070e-01 3.412480759901992844e+00
-2.364375740289688110e-01 -8.625044226646423340e-01 -4.474185705184936523e-01 -1.086727221656185849e+00
0.000000000000000000e+00 0.000000000000000000e+00 0.000000000000000000e+00 1.000000000000000000e+00
8.851943016052246094e-01 -1.829089522361755371e-01 4.277565777301788330e-01 1.014246583678473534e+00
-4.641114771366119385e-01 -4.106802344322204590e-01 7.848194837570190430e-01 3.269485816654514210e+00
3.212054446339607239e-02 -8.932444453239440918e-01 -4.484218657016754150e-01 -1.290203115328929950e+00
0.000000000000000000e+00 0.000000000000000000e+00 0.000000000000000000e+00 1.000000000000000000e+00
8.722803592681884766e-01 -1.683234721422195435e-01 4.591240882873535156e-01 1.137258931617893820e+00
-4.770239889621734619e-01 -4.994682073593139648e-01 7.231730222702026367e-01 3.058117588921254626e+00
1.075908020138740540e-01 -8.498228788375854492e-01 -5.159707665443420410e-01 -1.625745846563547925e+00
0.000000000000000000e+00 0.000000000000000000e+00 0.000000000000000000e+00 1.000000000000000000e+00
8.626171946525573730e-01 -1.569288820028305054e-01 4.808995425701141357e-01 1.225192640264028965e+00
-4.747991859912872314e-01 -5.791521072387695312e-01 6.626830697059631348e-01 2.865413824249619434e+00
1.745198071002960205e-01 -7.999724745750427246e-01 -5.740960240364074707e-01 -1.860703264190230799e+00
0.000000000000000000e+00 0.000000000000000000e+00 0.000000000000000000e+00 1.000000000000000000e+00
8.456696867942810059e-01 -1.148226931691169739e-01 5.212082266807556152e-01 1.339530443996433062e+00
-4.499370753765106201e-01 -6.786344051361083984e-01 5.805268287658691406e-01 2.582580181979158063e+00
2.870521545410156250e-01 -7.254453897476196289e-01 -6.255637407302856445e-01 -2.124217513674113711e+00
0.000000000000000000e+00 0.000000000000000000e+00 0.000000000000000000e+00 1.000000000000000000e+00
8.317411541938781738e-01 -1.263951212167739868e-01 5.405839681625366211e-01 1.429999850952669904e+00
-4.455624222755432129e-01 -7.328589558601379395e-01 5.141891837120056152e-01 2.353274980228756252e+00
3.311809301376342773e-01 -6.685366630554199219e-01 -6.658665537834167480e-01 -2.320121988851569839e+00
0.000000000000000000e+00 0.000000000000000000e+00 0.000000000000000000e+00 1.000000000000000000e+00
8.039240837097167969e-01 -1.669875085353851318e-01 5.708069801330566406e-01 1.579855958643716418e+00
-4.546389579772949219e-01 -7.913094162940979004e-01 4.088180661201477051e-01 1.995579768097350826e+00
3.834173679351806641e-01 -5.881702899932861328e-01 -7.120720148086547852e-01 -2.549931831190041631e+00
0.000000000000000000e+00 0.000000000000000000e+00 0.000000000000000000e+00 1.000000000000000000e+00
7.762973308563232422e-01 -2.220730483531951904e-01 5.899539589881896973e-01 1.694545356228464028e+00
-4.617143869400024414e-01 -8.374838829040527344e-01 2.923026680946350098e-01 1.591446763818079368e+00
4.291640818119049072e-01 -4.993038475513458252e-01 -7.526706457138061523e-01 -2.765492643262572603e+00
0.000000000000000000e+00 0.000000000000000000e+00 0.000000000000000000e+00 1.000000000000000000e+00
7.519557476043701172e-01 -2.849264144897460938e-01 5.944570899009704590e-01 1.757364664296707124e+00
-4.631527960300445557e-01 -8.700463771820068359e-01 1.688449233770370483e-01 1.152097240303427306e+00
4.690969884395599365e-01 -4.022886455059051514e-01 -7.862010002136230469e-01 -2.947990017570509824e+00
0.000000000000000000e+00 0.000000000000000000e+00 0.000000000000000000e+00 1.000000000000000000e+00
7.320306301116943359e-01 -3.647469580173492432e-01 5.754045844078063965e-01 1.720847333982618244e+00
-4.421905577182769775e-01 -8.969008326530456543e-01 -5.987022072076797485e-03 5.216051408489993380e-01
5.182643532752990723e-01 -2.500556707382202148e-01 -8.178467154502868652e-01 -3.130980485021365833e+00
0.000000000000000000e+00 0.000000000000000000e+00 0.000000000000000000e+00 1.000000000000000000e+00
7.186220884323120117e-01 -4.015810787677764893e-01 5.677282810211181641e-01 1.684374642299782954e+00
-3.728601336479187012e-01 -9.116392731666564941e-01 -1.728847920894622803e-01 -1.469735780979746775e-01
5.869907140731811523e-01 -8.744456619024276733e-02 -8.048573732376098633e-01 -3.106651913938454523e+00
0.000000000000000000e+00 0.000000000000000000e+00 0.000000000000000000e+00 1.000000000000000000e+00
7.187138795852661133e-01 -4.196095466613769531e-01 5.544173121452331543e-01 1.620244440682066189e+00
-2.981971800327301025e-01 -9.063345789909362793e-01 -2.993921339511871338e-01 -6.763439678822339429e-01
6.281153559684753418e-01 4.985153302550315857e-02 -7.765215039253234863e-01 -3.027734605580768790e+00
0.000000000000000000e+00 0.000000000000000000e+00 0.000000000000000000e+00 1.000000000000000000e+00
7.081998586654663086e-01 -4.504472017288208008e-01 5.436452627182006836e-01 1.581061546387414696e+00
-2.441435754299163818e-01 -8.787671327590942383e-01 -4.100756347179412842e-01 -1.119977722810169496e+00
6.624550819396972656e-01 1.576879173517227173e-01 -7.323165535926818848e-01 -2.886458163461584014e+00
0.000000000000000000e+00 0.000000000000000000e+00 0.000000000000000000e+00 1.000000000000000000e+00
7.088236808776855469e-01 -4.699468910694122314e-01 5.260404944419860840e-01 1.512129331086363715e+00
-1.589615643024444580e-01 -8.329867124557495117e-01 -5.299661159515380859e-01 -1.634206568228310674e+00
6.872407793998718262e-01 2.920321524143218994e-01 -6.651442646980285645e-01 -2.662712453326403939e+00
0.000000000000000000e+00 0.000000000000000000e+00 0.000000000000000000e+00 1.000000000000000000e+00
6.908132433891296387e-01 -5.001291036605834961e-01 5.221568346023559570e-01 1.509744869837748249e+00
-9.602084010839462280e-02 -7.792377471923828125e-01 -6.193289756774902344e-01 -2.027920329983273984e+00
7.166288495063781738e-01 3.777026832103729248e-01 -5.863305926322937012e-01 -2.394990452709618634e+00
0.000000000000000000e+00 0.000000000000000000e+00 0.000000000000000000e+00 1.000000000000000000e+00
7.063590288162231445e-01 -5.090273618698120117e-01 4.918820858001708984e-01 1.389162569702798722e+00
-3.639441728591918945e-02 -7.200896739959716797e-01 -6.929258108139038086e-01 -2.361511542987456025e+00
7.069174647331237793e-01 4.715526103973388672e-01 -5.271676778793334961e-01 -2.186124228875611308e+00
0.000000000000000000e+00 0.000000000000000000e+00 0.000000000000000000e+00 1.000000000000000000e+00
7.214333415031433105e-01 -5.116921067237854004e-01 4.665887355804443359e-01 1.288924799723908610e+00
1.633213087916374207e-02 -6.610300540924072266e-01 -7.501814961433410645e-01 -2.628740450461321654e+00
6.922912001609802246e-01 5.488262772560119629e-01 -4.685321748256683350e-01 -1.986626947106999275e+00
0.000000000000000000e+00 0.000000000000000000e+00 0.000000000000000000e+00 1.000000000000000000e+00
7.637830376625061035e-01 -4.850678145885467529e-01 4.258456826210021973e-01 1.105618328680762152e+00
6.436702609062194824e-02 -5.992163419723510742e-01 -7.979953289031982422e-01 -2.863329039242898943e+00
6.422556042671203613e-01 6.369056701660156250e-01 -4.264488816261291504e-01 -1.837348987248152543e+00
0.000000000000000000e+00 0.000000000000000000e+00 0.000000000000000000e+00 1.000000000000000000e+00
8.111486434936523438e-01 -4.575630128383636475e-01 3.642443716526031494e-01 8.352085309427513815e-01
1.046912372112274170e-01 -4.991479516029357910e-01 -8.601691126823425293e-01 -3.172873128595972592e+00
5.753934383392333984e-01 7.358582019805908203e-01 -3.569803535938262939e-01 -1.578545233636037715e+00
0.000000000000000000e+00 0.000000000000000000e+00 0.000000000000000000e+00 1.000000000000000000e+00
8.835404515266418457e-01 -3.823410570621490479e-01 2.705022096633911133e-01 4.607609920216959587e-01
1.153617426753044128e-01 -3.821042776107788086e-01 -9.168902635574340820e-01 -3.433632709186713150e+00
4.539248943328857422e-01 8.413152694702148438e-01 -2.934970855712890625e-01 -1.292495972591015896e+00
0.000000000000000000e+00 0.000000000000000000e+00 0.000000000000000000e+00 1.000000000000000000e+00
8.799687027931213379e-01 -3.888874053955078125e-01 2.728042602539062500e-01 4.609018450000429978e-01
1.597610116004943848e-01 -2.985543310642242432e-01 -9.409258961677551270e-01 -3.573928997267525887e+00
4.473610520362854004e-01 8.715683817863464355e-01 -2.005892693996429443e-01 -9.640883560099171579e-01
0.000000000000000000e+00 0.000000000000000000e+00 0.000000000000000000e+00 1.000000000000000000e+00
8.950842022895812988e-01 -3.641406893730163574e-01 2.573445737361907959e-01 3.860478585359142789e-01
1.923637688159942627e-01 -2.053243964910507202e-01 -9.596030712127685547e-01 -3.692356837132267700e+00
4.022695720195770264e-01 9.084290862083435059e-01 -1.137352064251899719e-01 -6.290360895818225551e-01
0.000000000000000000e+00 0.000000000000000000e+00 0.000000000000000000e+00 1.000000000000000000e+00
9.615705609321594238e-01 -1.605715900659561157e-01 2.227087318897247314e-01 1.878366088397168954e-01
2.063265591859817505e-01 -1.125528067350387573e-01 -9.719883799552917480e-01 -3.774025884434326183e+00
1.811403185129165649e-01 9.805861711502075195e-01 -7.509725540876388550e-02 -3.408366985585247200e-01
0.000000000000000000e+00 0.000000000000000000e+00 0.000000000000000000e+00 1.000000000000000000e+00
9.820897579193115234e-01 -3.702408075332641602e-02 1.847408413887023926e-01 -2.740101893169781186e-03
1.839617341756820679e-01 -2.347766421735286713e-02 -9.826529622077941895e-01 -3.844249517743029809e+00
4.071914404630661011e-02 9.990383982658386230e-01 -1.624620147049427032e-02 -6.237101809661728391e-03
0.000000000000000000e+00 0.000000000000000000e+00 0.000000000000000000e+00 1.000000000000000000e+00
9.646208286285400391e-01 -2.093801349401473999e-01 1.602087318897247314e-01 -8.522688766352734535e-02
1.774230748414993286e-01 6.607513874769210815e-02 -9.819141030311584473e-01 -3.889740936438337293e+00
1.950075179338455200e-01 9.755994081497192383e-01 1.008863896131515503e-01 3.928642897332846884e-01
0.000000000000000000e+00 0.000000000000000000e+00 0.000000000000000000e+00 1.000000000000000000e+00
9.818667173385620117e-01 -7.912558317184448242e-02 1.722687929868698120e-01 -2.613706506497763191e-02
1.807946264743804932e-01 1.175423786044120789e-01 -9.764714837074279785e-01 -3.895850396672592808e+00
5.701501667499542236e-02 9.899104833602905273e-01 1.297164559364318848e-01 6.573475766852081570e-01
0.000000000000000000e+00 0.000000000000000000e+00 0.000000000000000000e+00 1.000000000000000000e+00
9.898307323455810547e-01 -4.382651671767234802e-02 1.353298574686050415e-01 -1.599613009794347840e-01
1.383821070194244385e-01 7.634185999631881714e-02 -9.874323010444641113e-01 -3.908266485458300465e+00
3.294441103935241699e-02 9.961180686950683594e-01 8.163029700517654419e-02 4.667948252852281987e-01
0.000000000000000000e+00 0.000000000000000000e+00 0.000000000000000000e+00 1.000000000000000000e+00
9.660607576370239258e-01 -2.509457468986511230e-01 6.126175448298454285e-02 -4.050357239886043792e-01
4.768974706530570984e-02 -5.981793254613876343e-02 -9.970691800117492676e-01 -3.863819162624511971e+00
2.538750171661376953e-01 9.661511778831481934e-01 -4.582023248076438904e-02 -1.821936529639132663e-01
0.000000000000000000e+00 0.000000000000000000e+00 0.000000000000000000e+00 1.000000000000000000e+00
8.733602166175842285e-01 -4.841420352458953857e-01 5.336702242493629456e-02 -3.548448829043781005e-01
-4.412107169628143311e-02 -1.877520233392715454e-01 -9.812250733375549316e-01 -3.714296293518517533e+00
4.850720465183258057e-01 8.546081781387329102e-01 -1.853361576795578003e-01 -8.624940197507340311e-01
0.000000000000000000e+00 0.000000000000000000e+00 0.000000000000000000e+00 1.000000000000000000e+00
7.818193435668945312e-01 -6.201747655868530273e-01 6.435758620500564575e-02 -2.166510700468546324e-01
-1.682076603174209595e-01 -3.091825842857360840e-01 -9.360087513923645020e-01 -3.424646728660488471e+00
6.003872752189636230e-01 7.209641337394714355e-01 -3.460429906845092773e-01 -1.540236670524199658e+00
0.000000000000000000e+00 0.000000000000000000e+00 0.000000000000000000e+00 1.000000000000000000e+00
9.472885727882385254e-01 -1.874004155397415161e-01 -2.598558366298675537e-01 -1.461013777304864369e+00
-3.149007558822631836e-01 -3.952433168888092041e-01 -8.629140257835388184e-01 -3.014046810397078779e+00
5.900423973798751831e-02 8.992573022842407227e-01 -4.334219694137573242e-01 -1.563450482275268172e+00
0.000000000000000000e+00 0.000000000000000000e+00 0.000000000000000000e+00 1.000000000000000000e+00
8.880066275596618652e-01 -3.715577721595764160e-01 -2.709041237831115723e-01 -1.407977826702977886e+00
-4.378199875354766846e-01 -5.031013488769531250e-01 -7.451191544532775879e-01 -2.461701658211359778e+00
1.405626386404037476e-01 7.802780270576477051e-01 -6.094328165054321289e-01 -2.237140841550544490e+00
0.000000000000000000e+00 0.000000000000000000e+00 0.000000000000000000e+00 1.000000000000000000e+00
8.089121580123901367e-01 -5.149944424629211426e-01 -2.836226820945739746e-01 -1.338767180093857867e+00
-5.730876326560974121e-01 -5.829666852951049805e-01 -5.759514570236206055e-01 -1.740385843436990987e+00
1.312693208456039429e-01 6.284347176551818848e-01 -7.667059302330017090e-01 -2.761165453629830235e+00
0.000000000000000000e+00 0.000000000000000000e+00 0.000000000000000000e+00 1.000000000000000000e+00
7.385491728782653809e-01 -5.997951626777648926e-01 -3.078804910182952881e-01 -1.308831117940882915e+00
-6.711155176162719727e-01 -6.104105114936828613e-01 -4.207169115543365479e-01 -1.113608100360172326e+00
6.441070884466171265e-02 5.173435211181640625e-01 -8.533502817153930664e-01 -3.005003718326890283e+00
0.000000000000000000e+00 0.000000000000000000e+00 0.000000000000000000e+00 1.000000000000000000e+00
6.600486636161804199e-01 -7.130052447319030762e-01 -2.365571260452270508e-01 -9.189672226941197897e-01
-7.494146823883056641e-01 -6.031273603439331055e-01 -2.731569707393646240e-01 -5.357839844121635720e-01
5.208832398056983948e-02 3.575763106346130371e-01 -9.324299693107604980e-01 -3.230873124270198016e+00
0.000000000000000000e+00 0.000000000000000000e+00 0.000000000000000000e+00 1.000000000000000000e+00
6.846345663070678711e-01 -7.022640705108642578e-01 -1.951932907104492188e-01 -7.798662675363121632e-01
-7.288415431976318359e-01 -6.566179394721984863e-01 -1.940174400806427002e-01 -2.173562042149072837e-01
8.084135130047798157e-03 2.750960886478424072e-01 -9.613826870918273926e-01 -3.272355683649076141e+00
0.000000000000000000e+00 0.000000000000000000e+00 0.000000000000000000e+00 1.000000000000000000e+00
6.906099915504455566e-01 -6.960325837135314941e-01 -1.964599192142486572e-01 -7.900018220797587754e-01
-7.160529494285583496e-01 -6.962153315544128418e-01 -5.051768943667411804e-02 2.922623452706353819e-01
-1.016163751482963562e-01 1.755637675523757935e-01 -9.792096018791198730e-01 -3.218101994633594032e+00
0.000000000000000000e+00 0.000000000000000000e+00 0.000000000000000000e+00 1.000000000000000000e+00
6.744204163551330566e-01 -7.171531319618225098e-01 -1.756365150213241577e-01 -6.982539233604405648e-01
-7.243275046348571777e-01 -6.887586712837219238e-01 3.099693730473518372e-02 5.526014566692073471e-01
-1.432007104158401489e-01 1.063134595751762390e-01 -9.839669466018676758e-01 -3.173395112808810481e+00
0.000000000000000000e+00 0.000000000000000000e+00 0.000000000000000000e+00 1.000000000000000000e+00
6.576402187347412109e-01 -7.364231348037719727e-01 -1.587134450674057007e-01 -6.190227657845598364e-01
-7.341095209121704102e-01 -6.737649440765380859e-01 8.440364152193069458e-02 7.102333036947343636e-01
-1.690923422574996948e-01 6.100584566593170166e-02 -9.837103486061096191e-01 -3.125160572665511172e+00
0.000000000000000000e+00 0.000000000000000000e+00 0.000000000000000000e+00 1.000000000000000000e+00
5.769409537315368652e-01 -7.985626459121704102e-01 -1.715718656778335571e-01 -5.768817435072112199e-01
-7.629919648170471191e-01 -6.018899679183959961e-01 2.357359528541564941e-01 1.212083718786352682e+00
-2.915173470973968506e-01 -5.097741726785898209e-03 -9.565520286560058594e-01 -2.954556549812811905e+00
0.000000000000000000e+00 0.000000000000000000e+00 0.000000000000000000e+00 1.000000000000000000e+00
5.776571631431579590e-01 -7.951416969299316406e-01 -1.845585554838180542e-01 -6.131908320212536845e-01
-6.782334446907043457e-01 -5.933480858802795410e-01 4.335174560546875000e-01 1.848509955511165037e+00
-4.542152583599090576e-01 -1.252506077289581299e-01 -8.820436000823974609e-01 -2.577720671769769378e+00
0.000000000000000000e+00 0.000000000000000000e+00 0.000000000000000000e+00 1.000000000000000000e+00
5.958235263824462891e-01 -7.811757922172546387e-01 -1.864364892244338989e-01 -6.446885999558705782e-01
-6.108949184417724609e-01 -5.915319919586181641e-01 5.262103080749511719e-01 2.130491672089403377e+00
-5.213458538055419922e-01 -1.996353119611740112e-01 -8.296651244163513184e-01 -2.333887060520755341e+00
0.000000000000000000e+00 0.000000000000000000e+00 0.000000000000000000e+00 1.000000000000000000e+00
6.588351726531982422e-01 -7.300820946693420410e-01 -1.814277619123458862e-01 -6.857603201947860549e-01
-4.978306293487548828e-01 -6.039277315139770508e-01 6.224433779716491699e-01 2.402147215104247557e+00
-5.640042424201965332e-01 -3.197673261165618896e-01 -7.613462805747985840e-01 -2.019415659086968073e+00
0.000000000000000000e+00 0.000000000000000000e+00 0.000000000000000000e+00 1.000000000000000000e+00
7.335483431816101074e-01 -6.613887548446655273e-01 -1.564339101314544678e-01 -6.679882419708934593e-01
