1.000000000000000000e+00 0.000000000000000000e+00 0.000000000000000000e+00 -4.146692231928954531e-01
0.000000000000000000e+00 -1.000000000000000000e+00 0.000000000000000000e+00 -7.693198940031911737e-02
0.000000000000000000e+00 0.000000000000000000e+00 -1.000000000000000000e+00 -3.421550398492883005e+00
0.000000000000000000e+00 0.000000000000000000e+00 0.000000000000000000e+00 1.000000000000000000e+00
9.896646738052368164e-01 -1.422528028488159180e-01 -1.810956001281738281e-02 -5.107874852018247092e-01
-1.410728394985198975e-01 -9.884664416313171387e-01 5.507268011569976807e-02 2.631262237629653500e-01
-2.573493681848049164e-02 -5.194871872663497925e-02 -9.983185529708862305e-01 -3.430243728842009787e+00
0.000000000000000000e+00 0.000000000000000000e+00 0.000000000000000000e+00 1.000000000000000000e+00
9.715213179588317871e-01 -2.351990491151809692e-01 -2.876951918005943298e-02 -5.530140361307545049e-01
-2.311539351940155029e-01 -9.674317836761474609e-01 1.031657904386520386e-01 5.602493985323582226e-01
-5.209709331393241882e-02 -9.357754886150360107e-02 -9.942477345466613770e-01 -3.408902326704599250e+00
0.000000000000000000e+00 0.000000000000000000e+00 0.000000000000000000e+00 1.000000000000000000e+00
9.406135082244873047e-01 -3.381669223308563232e-01 -2.982106432318687439e-02 -5.469526615263048397e-01
-3.307636380195617676e-01 -9.326987862586975098e-01 1.437637656927108765e-01 8.074540020156817377e-01
-7.643027603626251221e-02 -1.253623813390731812e-01 -9.891628026962280273e-01 -3.372273830687196217e+00
0.000000000000000000e+00 0.000000000000000000e+00 0.000000000000000000e+00 1.000000000000000000e+00
8.947873115539550781e-01 -4.464856088161468506e-01 -2.495327498763799667e-03 -3.864500248439020069e-01
-4.401094913482666016e-01 -8.829230070114135742e-01 1.635554432868957520e-01 9.552668151398352459e-01
-7.522839307785034180e-02 -1.452491432428359985e-01 -9.865309596061706543e-01 -3.364471204764007073e+00
0.000000000000000000e+00 0.000000000000000000e+00 0.000000000000000000e+00 1.000000000000000000e+00
8.264527916908264160e-01 -5.629462003707885742e-01 8.206726983189582825e-03 -2.756580408036364838e-01
-5.538487434387207031e-01 -8.103052973747253418e-01 1.914570331573486328e-01 1.131116308039633145e+00
-1.011301353573799133e-01 -1.627754569053649902e-01 -9.814665913581848145e-01 -3.339110947014365394e+00
0.000000000000000000e+00 0.000000000000000000e+00 0.000000000000000000e+00 1.000000000000000000e+00
7.502637505531311035e-01 -6.598058342933654785e-01 4.195617139339447021e-02 -7.397122555454645199e-02
-6.559000611305236816e-01 -7.348464131355285645e-01 1.726147532463073730e-01 1.108172223925289357e+00
-8.306097984313964844e-02 -1.570256352424621582e-01 -9.840953350067138672e-01 -3.377523609482485867e+00
0.000000000000000000e+00 0.000000000000000000e+00 0.000000000000000000e+00 1.000000000000000000e+00
6.915693283081054688e-01 -7.185366749763488770e-01 7.373596727848052979e-02 8.081268433732001488e-02
-7.216486334800720215e-01 -6.829580068588256836e-01 1.130996122956275940e-01 8.847708689454928388e-01
-3.090768307447433472e-02 -1.314277350902557373e-01 -9.908440113067626953e-01 -3.461424243647361010e+00
0.000000000000000000e+00 0.000000000000000000e+00 0.000000000000000000e+00 1.000000000000000000e+00
5.808205604553222656e-01 -8.135695457458496094e-01 2.740786038339138031e-02 -4.200381483903688207e-02
-8.129584193229675293e-01 -5.779982805252075195e-01 7.082483172416687012e-02 7.327414286671647403e-01
-4.177927598357200623e-02 -6.341800093650817871e-02 -9.971122145652770996e-01 -3.548292398865988684e+00
0.000000000000000000e+00 0.000000000000000000e+00 0.000000000000000000e+00 1.000000000000000000e+00
4.960196614265441895e-01 -8.674446940422058105e-01 3.878436982631683350e-02 5.355952887637476650e-02
-8.678097128868103027e-01 -4.937201440334320068e-01 5.609492585062980652e-02 6.839726899232088098e-01
-2.951062843203544617e-02 -6.148163229227066040e-02 -9.976720809936523438e-01 -3.590477456549844071e+00
0.000000000000000000e+00 0.000000000000000000e+00 0.000000000000000000e+00 1.000000000000000000e+00
4.002306759357452393e-01 -9.151891469955444336e-01 4.737232252955436707e-02 1.391204368236848843e-01
-9.162873625755310059e-01 -4.005012810230255127e-01 4.049358889460563660e-03 4.629974186995479690e-01
1.526674069464206696e-02 -4.502732306718826294e-02 -9.988690614700317383e-01 -3.645005526650096694e+00
0.000000000000000000e+00 0.000000000000000000e+00 0.000000000000000000e+00 1.000000000000000000e+00
2.868213355541229248e-01 -9.563363194465637207e-01 5.616792291402816772e-02 2.320429002997298484e-01
-9.567651748657226562e-01 -2.889203727245330811e-01 -3.354673460125923157e-02 3.000676641614437035e-01
4.830999299883842468e-02 -4.411758854985237122e-02 -9.978572726249694824e-01 -3.671229946936822142e+00
0.000000000000000000e+00 0.000000000000000000e+00 0.000000000000000000e+00 1.000000000000000000e+00
1.697533577680587769e-01 -9.830433726310729980e-01 6.935013830661773682e-02 3.415803276731121385e-01
-9.832220077514648438e-01 -1.737112849950790405e-01 -5.566630139946937561e-02 2.054852123575316714e-01
6.676930189132690430e-02 -5.873704329133033752e-02 -9.960381388664245605e-01 -3.680677480569211735e+00
0.000000000000000000e+00 0.000000000000000000e+00 0.000000000000000000e+00 1.000000000000000000e+00
9.497784823179244995e-02 -9.913433194160461426e-01 9.064794331789016724e-02 4.502384688032616822e-01
-9.907416105270385742e-01 -1.030067205429077148e-01 -8.843596279621124268e-02 6.351538493579292344e-02
9.700778126716613770e-02 -8.140917122364044189e-02 -9.919484853744506836e-01 -3.667672299730901031e+00
0.000000000000000000e+00 0.000000000000000000e+00 0.000000000000000000e+00 1.000000000000000000e+00
1.458835229277610779e-02 -9.965942502021789551e-01 8.115840703248977661e-02 4.735047611072901730e-01
-9.973083734512329102e-01 -2.033565193414688110e-02 -7.044636458158493042e-02 1.536218014007221799e-01
7.185687124729156494e-02 -7.991232722997665405e-02 -9.942086935043334961e-01 -3.604547759940843754e+00
0.000000000000000000e+00 0.000000000000000000e+00 0.000000000000000000e+00 1.000000000000000000e+00
-9.763833880424499512e-02 -8.906667828559875488e-01 4.440486133098602295e-01 1.930416400821457934e+00
-9.896404147148132324e-01 3.970237448811531067e-02 -1.379699707031250000e-01 -1.068643675735911486e-01
1.052554100751876831e-01 -4.529196321964263916e-01 -8.853161931037902832e-01 -3.123401914004081625e+00
0.000000000000000000e+00 0.000000000000000000e+00 0.000000000000000000e+00 1.000000000000000000e+00
-1.711231470108032227e-01 -8.672987818717956543e-01 4.674497842788696289e-01 2.036279413912956748e+00
-9.766073822975158691e-01 8.661320805549621582e-02 -1.968137025833129883e-01 -3.494202195467162042e-01
1.302089393138885498e-01 -4.901944994926452637e-01 -8.618323206901550293e-01 -3.045672096647694449e+00
0.000000000000000000e+00 0.000000000000000000e+00 0.000000000000000000e+00 1.000000000000000000e+00
-1.370830982923507690e-01 -8.045721054077148438e-01 5.778164863586425781e-01 2.368455116961599938e+00
-9.904654622077941895e-01 1.193803325295448303e-01 -6.875191628932952881e-02 1.303152869323355167e-01
-1.366405561566352844e-02 -5.817320346832275391e-01 -8.132656812667846680e-01 -2.781987220735467670e+00
0.000000000000000000e+00 0.000000000000000000e+00 0.000000000000000000e+00 1.000000000000000000e+00
-9.308198839426040649e-02 -7.314351797103881836e-01 6.755280494689941406e-01 2.612260635172412027e+00
-9.943472743034362793e-01 3.348185494542121887e-02 -1.007597073912620544e-01 4.914952296266700271e-02
5.108125135302543640e-02 -6.810883879661560059e-01 -7.304173111915588379e-01 -2.591425938014070951e+00
0.000000000000000000e+00 0.000000000000000000e+00 0.000000000000000000e+00 1.000000000000000000e+00
-6.357748806476593018e-02 -5.624017119407653809e-01 8.244163393974304199e-01 3.112157980884246111e+00
-9.845653176307678223e-01 -9.962956607341766357e-02 -1.438932418823242188e-01 -1.047241127075742989e-01
1.630620807409286499e-01 -8.208402395248413086e-01 -5.473868846893310547e-01 -1.932379807388766579e+00
0.000000000000000000e+00 0.000000000000000000e+00 0.000000000000000000e+00 1.000000000000000000e+00
-1.278772652149200439e-01 -4.170327782630920410e-01 8.998505473136901855e-01 3.366324487343831162e+00
-9.855962991714477539e-01 -4.780505225062370300e-02 -1.622177362442016602e-01 -2.172870488064499728e-01
1.106673926115036011e-01 -9.076332449913024902e-01 -4.049128293991088867e-01 -1.351802444434518469e+00
0.000000000000000000e+00 0.000000000000000000e+00 0.000000000000000000e+00 1.000000000000000000e+00
-1.995486170053482056e-01 -3.032419681549072266e-01 9.317857027053833008e-01 3.498282485926412999e+00
-9.738036990165710449e-01 -4.442965984344482422e-02 -2.230063676834106445e-01 -4.466773914210959151e-01
1.090237870812416077e-01 -9.518769383430480957e-01 -2.864322364330291748e-01 -9.252187938836776704e-01
0.000000000000000000e+00 0.000000000000000000e+00 0.000000000000000000e+00 1.000000000000000000e+00
-2.801146507263183594e-01 -1.812683641910552979e-01 9.426967501640319824e-01 3.577460732074514649e+00
-9.580832123756408691e-01 -8.687855675816535950e-03 -2.863572835922241211e-01 -6.872320452971492077e-01
6.009750440716743469e-02 -9.833953380584716797e-01 -1.712368130683898926e-01 -4.754054323009456740e-01
0.000000000000000000e+00 0.000000000000000000e+00 0.000000000000000000e+00 1.000000000000000000e+00
-1.435452103614807129e-01 8.964592814445495605e-01 4.192324578762054443e-01 1.558035423707524014e+00
-9.482324719429016113e-01 -3.327644662931561470e-03 -3.175595104694366455e-01 -7.826553923979167049e-01
-2.832839787006378174e-01 -4.431140720844268799e-01 8.505291938781738281e-01 3.442760465353598587e+00
0.000000000000000000e+00 0.000000000000000000e+00 0.000000000000000000e+00 1.000000000000000000e+00
-1.459068059921264648e-01 9.164700508117675781e-01 3.725519776344299316e-01 1.377795144051691789e+00
-9.686535596847534180e-01 -5.581334233283996582e-02 -2.420648336410522461e-01 -5.047635826895706668e-01
-2.010516673326492310e-01 -3.961926400661468506e-01 8.958848714828491211e-01 3.552047209757258184e+00
0.000000000000000000e+00 0.000000000000000000e+00 0.000000000000000000e+00 1.000000000000000000e+00
-7.137485593557357788e-02 9.104256629943847656e-01 4.074680209159851074e-01 1.432777442386185429e+00
-9.896228909492492676e-01 -1.356320921331644058e-02 -1.430454552173614502e-01 -1.134675995786059710e-01
-1.247057244181632996e-01 -4.134495854377746582e-01 9.019460082054138184e-01 3.515054365992867691e+00
0.000000000000000000e+00 0.000000000000000000e+00 0.000000000000000000e+00 1.000000000000000000e+00
2.613029256463050842e-02 9.096116423606872559e-01 4.146360158920288086e-01 1.357391842570314422e+00
-9.991410970687866211e-01 3.710570186376571655e-02 -1.843594945967197418e-02 3.782535194263123013e-01
-3.215497359633445740e-02 -4.137983322143554688e-01 9.098004102706909180e-01 3.468840456400978933e+00
0.000000000000000000e+00 0.000000000000000000e+00 0.000000000000000000e+00 1.000000000000000000e+00
4.331066459417343140e-02 9.119029641151428223e-01 4.081133306026458740e-01 1.311880689808294420e+00
-9.946475625038146973e-01 1.001887023448944092e-03 1.033174544572830200e-01 8.334238614593132422e-01
9.380664676427841187e-02 -4.104039967060089111e-01 9.070659875869750977e-01 3.359726406624794048e+00
0.000000000000000000e+00 0.000000000000000000e+00 0.000000000000000000e+00 1.000000000000000000e+00
6.301634013652801514e-03 9.215376377105712891e-01 3.882378935813903809e-01 1.289006838289455503e+00
-9.828944802284240723e-01 -6.575406342744827271e-02 1.720305234193801880e-01 9.868503702509248132e-01
1.840609014034271240e-01 -3.826807737350463867e-01 9.053600430488586426e-01 3.317114955220008099e+00
0.000000000000000000e+00 0.000000000000000000e+00 0.000000000000000000e+00 1.000000000000000000e+00
-4.784908518195152283e-02 9.189544916152954102e-01 3.914489150047302246e-01 1.366574560538916794e+00
-9.952384233474731445e-01 -7.718000560998916626e-02 5.953117832541465759e-02 5.679569303829834492e-01
8.491849154233932495e-02 -3.867369592189788818e-01 9.182719588279724121e-01 3.549183098660077640e+00
0.000000000000000000e+00 0.000000000000000000e+00 0.000000000000000000e+00 1.000000000000000000e+00
-3.287958726286888123e-02 9.131815433502197266e-01 4.062255620956420898e-01 1.383216583374890396e+00
-9.924005270004272461e-01 1.839220896363258362e-02 -1.216700226068496704e-01 -9.843198309378312083e-02
-1.185782179236412048e-01 -4.071382582187652588e-01 9.056362509727478027e-01 3.710970043915619243e+00
0.000000000000000000e+00 0.000000000000000000e+00 0.000000000000000000e+00 1.000000000000000000e+00
1.354534775018692017e-01 8.964303135871887207e-01 4.219775199890136719e-01 1.285713834397393729e+00
-9.862548708915710449e-01 1.626696139574050903e-01 -2.898356691002845764e-02 2.364583040249930157e-01
-9.462466090917587280e-02 -4.122514426708221436e-01 9.061428904533386230e-01 3.720898089146211785e+00
0.000000000000000000e+00 0.000000000000000000e+00 0.000000000000000000e+00 1.000000000000000000e+00
2.414715439081192017e-01 8.487412333488464355e-01 4.704570174217224121e-01 1.298032286949104996e+00
-9.472017884254455566e-01 3.115341365337371826e-01 -7.586169242858886719e-02 5.591823244193748488e-02
-2.109504193067550659e-01 -4.272995293140411377e-01 8.791561126708984375e-01 3.665500686011046838e+00
0.000000000000000000e+00 0.000000000000000000e+00 0.000000000000000000e+00 1.000000000000000000e+00
3.594000041484832764e-01 7.812984585762023926e-01 5.102983117103576660e-01 1.272323882345672175e+00
-9.092840552330017090e-01 4.161643683910369873e-01 3.229963826015591621e-03 3.242847248411850347e-01
-2.098443806171417236e-01 -4.651669859886169434e-01 8.599917292594909668e-01 3.518600293403710833e+00
0.000000000000000000e+00 0.000000000000000000e+00 0.000000000000000000e+00 1.000000000000000000e+00
3.718283474445343018e-01 7.807021141052246094e-01 5.022428035736083984e-01 1.224127517711340651e+00
-9.206139445304870605e-01 3.796021044254302979e-01 9.149785339832305908e-02 6.647995360502154671e-01
-1.192199289798736572e-01 -4.963932335376739502e-01 8.598720431327819824e-01 3.417424336593823941e+00
0.000000000000000000e+00 0.000000000000000000e+00 0.000000000000000000e+00 1.000000000000000000e+00
3.807067573070526123e-01 7.765509486198425293e-01 5.020268559455871582e-01 1.223089367922324699e+00
-9.237500429153442383e-01 3.439348638057708740e-01 1.685066521167755127e-01 9.467564342388765652e-01
-4.181061312556266785e-02 -5.278990268707275391e-01 8.482773900032043457e-01 3.295992092790819061e+00
0.000000000000000000e+00 0.000000000000000000e+00 0.000000000000000000e+00 1.000000000000000000e+00
5.427666902542114258e-01 6.762231588363647461e-01 4.981229603290557861e-01 1.148195310100024402e+00
-8.396134376525878906e-01 4.519001245498657227e-01 3.013889789581298828e-01 1.364876841593962498e+00
-2.129564806818962097e-02 -5.818145871162414551e-01 8.130423426628112793e-01 3.148610499185569456e+00
0.000000000000000000e+00 0.000000000000000000e+00 0.000000000000000000e+00 1.000000000000000000e+00
6.994321346282958984e-01 4.965112507343292236e-01 5.140728950500488281e-01 1.136647089374844599e+00
-7.082837224006652832e-01 5.777023434638977051e-01 4.057020545005798340e-01 1.712542580562370853e+00
-9.554551541805267334e-02 -6.478704214096069336e-01 7.557343244552612305e-01 3.097232296362490978e+00
0.000000000000000000e+00 0.000000000000000000e+00 0.000000000000000000e+00 1.000000000000000000e+00
7.346376180648803711e-01 4.191069006919860840e-01 5.335325598716735840e-01 1.147466700781013094e+00
-6.491438150405883789e-01 6.628657579421997070e-01 3.731234967708587646e-01 1.580264183464344274e+00
-1.972819864749908447e-01 -6.204499006271362305e-01 7.590265870094299316e-01 3.223790916412609509e+00
0.000000000000000000e+00 0.000000000000000000e+00 0.000000000000000000e+00 1.000000000000000000e+00
7.908080220222473145e-01 3.351313769817352295e-01 5.121614933013916016e-01 1.123195866923854425e+00
-5.665857195854187012e-01 7.173529267311096191e-01 4.054440855979919434e-01 1.604185319318363057e+00
-2.315236628055572510e-01 -6.108119487762451172e-01 7.571691274642944336e-01 3.209890205350387493e+00
0.000000000000000000e+00 0.000000000000000000e+00 0.000000000000000000e+00 1.000000000000000000e+00
7.862374186515808105e-01 3.229695856571197510e-01 5.268027186393737793e-01 1.252163680437202053e+00
-5.436272025108337402e-01 7.668376564979553223e-01 3.412186503410339355e-01 1.289360428183028429e+00
-2.937685549259185791e-01 -5.546632409095764160e-01 7.784913778305053711e-01 3.343104979605171057e+00
0.000000000000000000e+00 0.000000000000000000e+00 0.000000000000000000e+00 1.000000000000000000e+00
7.690952420234680176e-01 4.091366827487945557e-01 4.910190403461456299e-01 1.223603401581449646e+00
-5.854254961013793945e-01 7.592240571975708008e-01 2.843510508537292480e-01 1.032253976658110250e+00
-2.564549744129180908e-01 -5.061482787132263184e-01 8.234347105026245117e-01 3.490907107033812018e+00
0.000000000000000000e+00 0.000000000000000000e+00 0.000000000000000000e+00 1.000000000000000000e+00
8.386039137840270996e-01 2.779907584190368652e-01 4.684702455997467041e-01 1.174255739430619894e+00
-5.253376364707946777e-01 6.401953101158142090e-01 5.605089664459228516e-01 2.042058234828135532e+00
-1.440961509943008423e-01 -7.161499857902526855e-01 6.829090714454650879e-01 3.040556401464244107e+00
0.000000000000000000e+00 0.000000000000000000e+00 0.000000000000000000e+00 1.000000000000000000e+00
8.708492517471313477e-01 2.063960433006286621e-01 4.461191296577453613e-01 1.084372839278072265e+00
-4.760733842849731445e-01 5.800939202308654785e-01 6.609424352645874023e-01 2.423274041581771510e+00
-1.223751455545425415e-01 -7.879664897918701172e-01 6.034339070320129395e-01 2.728974963616781046e+00
0.000000000000000000e+00 0.000000000000000000e+00 0.000000000000000000e+00 1.000000000000000000e+00
8.978177905082702637e-01 1.400655955076217651e-01 4.174981415271759033e-01 9.674708133225455864e-01
-4.265981614589691162e-01 5.118559002876281738e-01 7.456657290458679199e-01 2.749366136885302847e+00
-1.092567741870880127e-01 -8.475759029388427734e-01 5.193052887916564941e-01 2.405436921890643287e+00
0.000000000000000000e+00 0.000000000000000000e+00 0.000000000000000000e+00 1.000000000000000000e+00
8.975625038146972656e-01 -7.692015171051025391e-02 4.341250956058502197e-01 1.075595143639375584e+00
-3.670407831668853760e-01 4.151536226272583008e-01 8.324229717254638672e-01 3.086367120857509416e+00
-2.442587018013000488e-01 -9.064933657646179199e-01 3.443934917449951172e-01 1.827116567413535897e+00
0.000000000000000000e+00 0.000000000000000000e+00 0.000000000000000000e+00 1.000000000000000000e+00
9.221965670585632324e-01 3.665220737457275391e-01 1.233474612236022949e-01 -1.810708493767149430e-01
-2.437937706708908081e-01 3.034053444862365723e-01 9.211459755897521973e-01 3.351115568173075321e+00
3.001959919929504395e-01 -8.795492053031921387e-01 3.691552281379699707e-01 1.536784841541988911e+00
0.000000000000000000e+00 0.000000000000000000e+00 0.000000000000000000e+00 1.000000000000000000e+00
9.804210662841796875e-01 3.063872829079627991e-02 1.945142447948455811e-01 1.204801350675386157e-01
-1.964419633150100708e-01 2.204328775405883789e-01 9.554159641265869141e-01 3.455658553168936553e+00
-1.360460370779037476e-02 -9.749206900596618652e-01 2.221358269453048706e-01 1.168816453449932791e+00
0.000000000000000000e+00 0.000000000000000000e+00 0.000000000000000000e+00 1.000000000000000000e+00
9.872266650199890137e-01 2.790475264191627502e-02 1.568609625101089478e-01 -2.570173877045462546e-02
-1.590440124273300171e-01 1.142962649464607239e-01 9.806329607963562012e-01 3.525371341292175664e+00
9.435688145458698273e-03 -9.930546283721923828e-01 1.172743663191795349e-01 7.362512263111300470e-01
0.000000000000000000e+00 0.000000000000000000e+00 0.000000000000000000e+00 1.000000000000000000e+00
9.853302240371704102e-01 9.403311461210250854e-02 1.424162834882736206e-01 -9.939040543569276076e-02
-1.477233916521072388e-01 5.208776518702507019e-02 9.876564145088195801e-01 3.532383915147157438e+00
8.545421808958053589e-02 -9.942055344581604004e-01 6.521456688642501831e-02 4.761288234027985511e-01
0.000000000000000000e+00 0.000000000000000000e+00 0.000000000000000000e+00 1.000000000000000000e+00
9.833981990814208984e-01 1.454084068536758423e-01 1.085574775934219360e-01 -2.341542392961789565e-01
-1.046913936734199524e-01 -3.400415182113647461e-02 9.939233660697937012e-01 3.515743184935641086e+00
1.482162028551101685e-01 -9.887873530387878418e-01 -1.821660995483398438e-02 7.832073292511251839e-02
0.000000000000000000e+00 0.000000000000000000e+00 0.000000000000000000e+00 1.000000000000000000e+00
9.920776486396789551e-01 9.447710961103439331e-02 8.280199021100997925e-02 -3.187770842890029210e-01
-7.051776349544525146e-02 -1.266765594482421875e-01 9.894345402717590332e-01 3.451292584802479357e+00
1.039678826928138733e-01 -9.874345064163208008e-01 -1.190106347203254700e-01 -3.115862875051020331e-01
0.000000000000000000e+00 0.000000000000000000e+00 0.000000000000000000e+00 1.000000000000000000e+00
9.847957491874694824e-01 -3.138286992907524109e-02 1.708570122718811035e-01 -3.289550356574904438e-02
-1.736938208341598511e-01 -1.624186784029006958e-01 9.713139533996582031e-01 3.476695930034025661e+00
-2.732295077294111252e-03 -9.862225651741027832e-01 -1.654002368450164795e-01 -2.964886708267857052e-01
0.000000000000000000e+00 0.000000000000000000e+00 0.000000000000000000e+00 1.000000000000000000e+00
8.129252791404724121e-01 -5.669508576393127441e-01 1.331149786710739136e-01 5.360046198418439573e-02
-2.726604640483856201e-01 -1.685543209314346313e-01 9.472306370735168457e-01 3.503780376459572743e+00
-5.145961046218872070e-01 -8.063225746154785156e-01 -2.916071414947509766e-01 -4.044580585586859400e-01
0.000000000000000000e+00 0.000000000000000000e+00 0.000000000000000000e+00 1.000000000000000000e+00
5.411420464515686035e-01 -8.409203290939331055e-01 4.279463086277246475e-03 -8.665221617900524531e-02
-3.759227991104125977e-01 -2.373522669076919556e-01 8.957375884056091309e-01 3.492187430928175740e+00
-7.522281408309936523e-01 -4.863300323486328125e-01 -4.445624947547912598e-01 -8.379656951017118161e-01
0.000000000000000000e+00 0.000000000000000000e+00 0.000000000000000000e+00 1.000000000000000000e+00
9.146966338157653809e-01 -2.602846920490264893e-01 3.091626763343811035e-01 5.743446355583190499e-01
-3.867323398590087891e-01 -3.416271805763244629e-01 8.565793037414550781e-01 3.412363217251356051e+00
-1.173362210392951965e-01 -9.030738472938537598e-01 -4.131458699703216553e-01 -1.028211749805493014e+00
0.000000000000000000e+00 0.000000000000000000e+00 0.000000000000000000e+00 1.000000000000000000e+00
8.812034130096435547e-01 -1.689310967922210693e-01 4.415234327316284180e-01 1.058361615851812099e+00
-4.699620008468627930e-01 -4.141006469726562500e-01 7.795230746269226074e-01 3.255977029327699057e+00
5.114934593439102173e-02 -8.944174051284790039e-01 -4.442980587482452393e-01 -1.292298631923891605e+00
0.000000000000000000e+00 0.000000000000000000e+00 0.000000000000000000e+00 1.000000000000000000e+00
8.685358762741088867e-01 -1.448658406734466553e-01 4.739826619625091553e-01 1.183434234825995635e+00
-4.770160317420959473e-01 -5.039327144622802734e-01 7.200743556022644043e-01 3.049915800565698998e+00
1.345411390066146851e-01 -8.515077829360961914e-01 -5.067871809005737305e-01 -1.610891868051662623e+00
0.000000000000000000e+00 0.000000000000000000e+00 0.000000000000000000e+00 1.000000000000000000e+00
8.570682406425476074e-01 -1.345770210027694702e-01 4.973156750202178955e-01 1.275855160012667744e+00
-4.750518202781677246e-01 -5.800212025642395020e-01 6.617411375045776367e-01 2.865333164483493622e+00
1.993983983993530273e-01 -8.034079074859619141e-01 -5.610485672950744629e-01 -1.828419882198042412e+00
0.000000000000000000e+00 0.000000000000000000e+00 0.000000000000000000e+00 1.000000000000000000e+00
8.358440399169921875e-01 -9.301412850618362427e-02 5.410296320915222168e-01 1.407334801371141975e+00
-4.494511485099792480e-01 -6.818366050720214844e-01 5.771412253379821777e-01 2.571868289277751796e+00
3.152115643024444580e-01 -7.255665063858032227e-01 -6.117144823074340820e-01 -2.095140874435213352e+00
0.000000000000000000e+00 0.000000000000000000e+00 0.000000000000000000e+00 1.000000000000000000e+00
8.176959156990051270e-01 -1.091156601905822754e-01 5.652143359184265137e-01 1.518014908764641513e+00
-4.500265717506408691e-01 -7.334323525428771973e-01 5.094625949859619141e-01 2.341499688473937635e+00
3.589562475681304932e-01 -6.709470748901367188e-01 -6.488300561904907227e-01 -2.275901306172600780e+00
0.000000000000000000e+00 0.000000000000000000e+00 0.000000000000000000e+00 1.000000000000000000e+00
7.894287705421447754e-01 -1.485729962587356567e-01 5.955902934074401855e-01 1.673087790239838224e+00
-4.572613537311553955e-01 -7.896528840065002441e-01 4.090966284275054932e-01 1.999602415407989664e+00
4.095287024974822998e-01 -5.952935218811035156e-01 -6.913115382194519043e-01 -2.493633037933426611e+00
0.000000000000000000e+00 0.000000000000000000e+00 0.000000000000000000e+00 1.000000000000000000e+00
7.571929693222045898e-01 -2.088804095983505249e-01 6.188919544219970703e-01 1.805808609602064019e+00
-4.649410545825958252e-01 -8.378549814224243164e-01 2.860575318336486816e-01 1.571850749397671665e+00
4.587897062301635742e-01 -5.043490529060363770e-01 -7.315348386764526367e-01 -2.707072050047034217e+00
0.000000000000000000e+00 0.000000000000000000e+00 0.000000000000000000e+00 1.000000000000000000e+00
7.324503660202026367e-01 -2.726802825927734375e-01 6.238284111022949219e-01 1.871531841600767798e+00
-4.658094942569732666e-01 -8.689674735069274902e-01 1.670841127634048462e-01 1.150812026893168749e+00
4.965261220932006836e-01 -4.129661619663238525e-01 -7.634926438331604004e-01 -2.879415256019341562e+00
0.000000000000000000e+00 0.000000000000000000e+00 0.000000000000000000e+00 1.000000000000000000e+00
7.174794673919677734e-01 -3.545753359794616699e-01 5.995827913284301758e-01 1.815609977635856520e+00
-4.418922364711761475e-01 -8.970661759376525879e-01 -1.716433791443705559e-03 5.403205764017172674e-01
5.384740829467773438e-01 -2.637194991111755371e-01 -8.003107905387878418e-01 -3.077720910388392905e+00
0.000000000000000000e+00 0.000000000000000000e+00 0.000000000000000000e+00 1.000000000000000000e+00
7.010862827301025391e-01 -4.014291763305664062e-01 5.893493294715881348e-01 1.772075937068523288e+00
-3.823673129081726074e-01 -9.092551469802856445e-01 -1.644682288169860840e-01 -1.199041476598717987e-01
6.018914580345153809e-01 -1.100416705012321472e-01 -7.909597754478454590e-01 -3.058846180415072613e+00
0.000000000000000000e+00 0.000000000000000000e+00 0.000000000000000000e+00 1.000000000000000000e+00
6.995401978492736816e-01 -4.235748946666717529e-01 5.755243301391601562e-01 1.705569891698571983e+00
-3.044303357601165771e-01 -9.052944183349609375e-01 -2.962492704391479492e-01 -6.641357331092354599e-01
6.465027928352355957e-01 3.203109279274940491e-02 -7.622389197349548340e-01 -2.985018710119845320e+00
0.000000000000000000e+00 0.000000000000000000e+00 0.000000000000000000e+00 1.000000000000000000e+00
6.934669613838195801e-01 -4.562548100948333740e-01 5.576151609420776367e-01 1.640754771468495354e+00
-2.462502270936965942e-01 -8.774248361587524414e-01 -4.116870462894439697e-01 -1.125504726464034988e+00
6.770997643470764160e-01 1.481785774230957031e-01 -7.208183407783508301e-01 -2.853691167572495413e+00
0.000000000000000000e+00 0.000000000000000000e+00 0.000000000000000000e+00 1.000000000000000000e+00
6.809432506561279297e-01 -4.846205115318298340e-01 5.490531921386718750e-01 1.609900170376272532e+00
-1.658133417367935181e-01 -8.322841525077819824e-01 -5.289697647094726562e-01 -1.626780009847186959e+00
7.133178114891052246e-01 2.691578567028045654e-01 -6.470947861671447754e-01 -2.612380759263830399e+00
0.000000000000000000e+00 0.000000000000000000e+00 0.000000000000000000e+00 1.000000000000000000e+00
6.721008419990539551e-01 -5.125549435615539551e-01 5.343850851058959961e-01 1.562717654191162486e+00
-1.043858528137207031e-01 -7.800731062889099121e-01 -6.169192790985107422e-01 -2.015010458654936443e+00
7.330643534660339355e-01 3.588496446609497070e-01 -5.777909755706787109e-01 -2.374453752384263705e+00
0.000000000000000000e+00 0.000000000000000000e+00 0.000000000000000000e+00 1.000000000000000000e+00
6.814978718757629395e-01 -5.257460474967956543e-01 5.090692043304443359e-01 1.461971365750831087e+00
-3.960717096924781799e-02 -7.210991978645324707e-01 -6.916989088058471680e-01 -2.357676757097922682e+00
7.307473421096801758e-01 4.512285590171813965e-01 -5.122509002685546875e-01 -2.150356965446522661e+00
0.000000000000000000e+00 0.000000000000000000e+00 0.000000000000000000e+00 1.000000000000000000e+00
6.916291713714599609e-01 -5.321979522705078125e-01 4.882766008377075195e-01 1.380201666091042778e+00
1.445046160370111465e-02 -6.657153367996215820e-01 -7.460659742355346680e-01 -2.614176019827837205e+00
7.221080064773559570e-01 5.230568647384643555e-01 -4.527377784252166748e-01 -1.946576787976566525e+00
0.000000000000000000e+00 0.000000000000000000e+00 0.000000000000000000e+00 1.000000000000000000e+00
7.320812940597534180e-01 -5.186420083045959473e-01 4.416649341583251953e-01 1.179833758663060728e+00
5.817630887031555176e-02 -5.983786582946777344e-01 -7.990987300872802734e-01 -2.864655788985714047e+00
6.787284612655639648e-01 6.106996536254882812e-01 -4.078889191150665283e-01 -1.793283419504040799e+00
0.000000000000000000e+00 0.000000000000000000e+00 0.000000000000000000e+00 1.000000000000000000e+00
8.086584210395812988e-01 -4.629038274288177490e-01 3.630310297012329102e-01 8.321231225385073982e-01
1.017862930893898010e-01 -4.977019429206848145e-01 -8.613544106483459473e-01 -3.177915053378553178e+00
5.794057846069335938e-01 7.334936857223510742e-01 -3.553537130355834961e-01 -1.575083585339800418e+00
0.000000000000000000e+00 0.000000000000000000e+00 0.000000000000000000e+00 1.000000000000000000e+00
8.530954718589782715e-01 -4.277878999710083008e-01 2.987072467803955078e-01 5.772716543790806787e-01
1.233552321791648865e-01 -3.909065127372741699e-01 -9.121268391609191895e-01 -3.423121431801056325e+00
5.069632530212402344e-01 8.149783611297607422e-01 -2.807108461856842041e-01 -1.271490308112608325e+00
0.000000000000000000e+00 0.000000000000000000e+00 0.000000000000000000e+00 1.000000000000000000e+00
8.847993612289428711e-01 -3.806241154670715332e-01 2.688029408454895020e-01 4.402950844291108057e-01
1.557427644729614258e-01 -3.021276891231536865e-01 -9.404589533805847168e-01 -3.573148252095409649e+00
4.391741156578063965e-01 8.739815354347229004e-01 -2.080428302288055420e-01 -9.873095788078730672e-01
0.000000000000000000e+00 0.000000000000000000e+00 0.000000000000000000e+00 1.000000000000000000e+00
9.148923158645629883e-01 -3.176337778568267822e-01 2.491611093282699585e-01 3.325138381869482407e-01
1.898815333843231201e-01 -2.060785889625549316e-01 -9.599357843399047852e-01 -3.692346151436755264e+00
3.562546968460083008e-01 9.255486130714416504e-01 -1.282269656658172607e-01 -6.479603270718514718e-01
0.000000000000000000e+00 0.000000000000000000e+00 0.000000000000000000e+00 1.000000000000000000e+00
9.598933458328247070e-01 -1.692716777324676514e-01 2.235006839036941528e-01 1.908200076305511250e-01
2.057045251131057739e-01 -1.164541840553283691e-01 -9.716607332229614258e-01 -3.774836273793992891e+00
1.905022263526916504e-01 9.786652326583862305e-01 -7.696361094713211060e-02 -3.520897915763970820e-01
0.000000000000000000e+00 0.000000000000000000e+00 0.000000000000000000e+00 1.000000000000000000e+00
9.828706979751586914e-01 -1.040723524056375027e-03 1.842931509017944336e-01 -8.416970541519403284e-03
1.841747462749481201e-01 -3.073929809033870697e-02 -9.824126958847045898e-01 -3.845314640295718345e+00
6.687486078590154648e-03 9.995269775390625000e-01 -3.002113476395606995e-02 -2.917368264297698702e-02
0.000000000000000000e+00 0.000000000000000000e+00 0.000000000000000000e+00 1.000000000000000000e+00
9.817340970039367676e-01 -8.829851448535919189e-02 1.685276329517364502e-01 -6.591306393398507768e-02
1.744670569896697998e-01 6.448049098253250122e-02 -9.825494289398193359e-01 -3.892583331444638084e+00
7.589090615510940552e-02 9.940047860145568848e-01 7.870791107416152954e-02 4.013238704930775502e-01
0.000000000000000000e+00 0.000000000000000000e+00 0.000000000000000000e+00 1.000000000000000000e+00
9.837151169776916504e-01 -3.226428106427192688e-02 1.768147200345993042e-01 -1.788390431263672115e-02
1.793728917837142944e-01 1.138751134276390076e-01 -9.771681427955627441e-01 -3.900820968585138715e+00
1.139282062649726868e-02 9.929709434509277344e-01 1.178080067038536072e-01 6.498632379908501067e-01
0.000000000000000000e+00 0.000000000000000000e+00 0.000000000000000000e+00 1.000000000000000000e+00
9.646109938621520996e-01 2.224694043397903442e-01 1.415383368730545044e-01 -1.087152797789697201e-01
1.293939799070358276e-01 6.832407414913177490e-02 -9.892364740371704102e-01 -3.914586557304107206e+00
-2.297453433275222778e-01 9.725425243377685547e-01 3.711992874741554260e-02 4.814466804194977301e-01
0.000000000000000000e+00 0.000000000000000000e+00 0.000000000000000000e+00 1.000000000000000000e+00
9.444715976715087891e-01 -3.209632635116577148e-01 7.039884477853775024e-02 -3.663251977580758156e-01
5.269539356231689453e-02 -6.352553516626358032e-02 -9.965878725051879883e-01 -3.866894230033098623e+00
3.243402838706970215e-01 9.449586868286132812e-01 -4.308478534221649170e-02 -2.169219479418298124e-01
0.000000000000000000e+00 0.000000000000000000e+00 0.000000000000000000e+00 1.000000000000000000e+00
7.811937928199768066e-01 -6.179339885711669922e-01 8.884699642658233643e-02 -1.837672639943217778e-01
-4.383420944213867188e-02 -1.962588280439376831e-01 -9.795718789100646973e-01 -3.711668991221886316e+00
6.227477788925170898e-01 7.613405585289001465e-01 -1.804029047489166260e-01 -9.207657888037730221e-01
0.000000000000000000e+00 0.000000000000000000e+00 0.000000000000000000e+00 1.000000000000000000e+00
7.881879210472106934e-01 -6.123940348625183105e-01 6.109892949461936951e-02 -2.305074440901963839e-01
-1.697509288787841797e-01 -3.117527961730957031e-01 -9.348766207695007324e-01 -3.421048751571504454e+00
5.915611982345581055e-01 7.264871001243591309e-01 -3.496743738651275635e-01 -1.543315874331049553e+00
0.000000000000000000e+00 0.000000000000000000e+00 0.000000000000000000e+00 1.000000000000000000e+00
9.467857480049133301e-01 -2.060465812683105469e-01 -2.472672462463378906e-01 -1.416562404247776685e+00
-3.121091425418853760e-01 -4.000329971313476562e-01 -8.617201447486877441e-01 -3.013265375825251891e+00
7.863950729370117188e-02 8.930388092994689941e-01 -4.430545270442962646e-01 -1.605684314988639949e+00
0.000000000000000000e+00 0.000000000000000000e+00 0.000000000000000000e+00 1.000000000000000000e+00
8.870496749877929688e-01 -3.710503578186035156e-01 -2.747093141078948975e-01 -1.418938506524902721e+00
-4.403407573699951172e-01 -5.011916160583496094e-01 -7.449209690093994141e-01 -2.458958881463223278e+00
1.387211382389068604e-01 7.817472219467163086e-01 -6.079701781272888184e-01 -2.235116936350508787e+00
0.000000000000000000e+00 0.000000000000000000e+00 0.000000000000000000e+00 1.000000000000000000e+00
8.096796870231628418e-01 -5.018346905708312988e-01 -3.042704164981842041e-01 -1.410405720133353524e+00
-5.760048031806945801e-01 -5.802271366119384766e-01 -5.758080482482910156e-01 -1.736567603140509064e+00
1.124145537614822388e-01 6.414812803268432617e-01 -7.588576078414916992e-01 -2.727167189857828244e+00
0.000000000000000000e+00 0.000000000000000000e+00 0.000000000000000000e+00 1.000000000000000000e+00
7.326552867889404297e-01 -5.971172451972961426e-01 -3.265990912914276123e-01 -1.371329165744043177e+00
-6.783992648124694824e-01 -6.021525859832763672e-01 -4.209352731704711914e-01 -1.109737638035621643e+00
5.468543991446495056e-02 5.299651622772216797e-01 -8.462541699409484863e-01 -2.980574494886249592e+00
0.000000000000000000e+00 0.000000000000000000e+00 0.000000000000000000e+00 1.000000000000000000e+00
6.595699787139892578e-01 -7.088207602500915527e-01 -2.500815987586975098e-01 -9.655453938580321749e-01
-7.505185604095458984e-01 -6.028690338134765625e-01 -2.706847190856933594e-01 -5.325596188787763419e-01
4.110069200396537781e-02 3.662264049053192139e-01 -9.296176433563232422e-01 -3.220499382126781107e+00
0.000000000000000000e+00 0.000000000000000000e+00 0.000000000000000000e+00 1.000000000000000000e+00
6.846312284469604492e-01 -6.962473988533020020e-01 -2.156840264797210693e-01 -8.501940863762618150e-01
-7.288705706596374512e-01 -6.560935974121093750e-01 -1.956739127635955811e-01 -2.223389267973504002e-01
-5.271365866065025330e-03 2.911702692508697510e-01 -9.566567540168762207e-01 -3.255267877725315007e+00
0.000000000000000000e+00 0.000000000000000000e+00 0.000000000000000000e+00 1.000000000000000000e+00
6.865277886390686035e-01 -6.945818662643432617e-01 -2.150249630212783813e-01 -8.527354722339748339e-01
-7.179054021835327148e-01 -6.944149136543273926e-01 -4.898978024721145630e-02 2.991820225146300527e-01
-1.152891293168067932e-01 1.880004256963729858e-01 -9.753789305686950684e-01 -3.203980330964164125e+00
0.000000000000000000e+00 0.000000000000000000e+00 0.000000000000000000e+00 1.000000000000000000e+00
6.666052937507629395e-01 -7.185522317886352539e-01 -1.982922852039337158e-01 -7.720945784251305177e-01
-7.285681962966918945e-01 -6.842966079711914062e-01 3.043613582849502563e-02 5.529124190261148764e-01
-1.575606763362884521e-01 1.241805627942085266e-01 -9.796704053878784180e-01 -3.157759527375170627e+00
0.000000000000000000e+00 0.000000000000000000e+00 0.000000000000000000e+00 1.000000000000000000e+00
6.538705229759216309e-01 -7.362158894538879395e-01 -1.744690090417861938e-01 -6.706125712312733800e-01
-7.346732020378112793e-01 -6.729246377944946289e-01 8.618506789207458496e-02 7.162883013518621667e-01
-1.808552443981170654e-01 7.182380557060241699e-02 -9.808837771415710449e-01 -3.115301812105821355e+00
0.000000000000000000e+00 0.000000000000000000e+00 0.000000000000000000e+00 1.000000000000000000e+00
5.771331191062927246e-01 -7.947980761528015137e-01 -1.876513808965682983e-01 -6.310504640083770544e-01
-7.598952054977416992e-01 -6.068200469017028809e-01 2.330852150917053223e-01 1.205337167044651769e+00
-2.991263270378112793e-01 8.074220269918441772e-03 -9.541794657707214355e-01 -2.947192037405631737e+00
0.000000000000000000e+00 0.000000000000000000e+00 0.000000000000000000e+00 1.000000000000000000e+00
5.704815983772277832e-01 -7.985453009605407715e-01 -1.920302361249923706e-01 -6.335712109622576582e-01
-6.808140873908996582e-01 -5.905655026435852051e-01 4.332720041275024414e-01 1.848683856588132945e+00
-4.593938589096069336e-01 -1.164367944002151489e-01 -8.805676102638244629e-01 -2.572786810391806345e+00
0.000000000000000000e+00 0.000000000000000000e+00 0.000000000000000000e+00 1.000000000000000000e+00
5.813235640525817871e-01 -7.874425649642944336e-01 -2.049305886030197144e-01 -6.979492086884093727e-01
-6.115664243698120117e-01 -5.889728665351867676e-01 5.282967090606689453e-01 2.138717417084898376e+00
-5.367020964622497559e-01 -1.817826628684997559e-01 -8.239575624465942383e-01 -2.316950060783661058e+00
0.000000000000000000e+00 0.000000000000000000e+00 0.000000000000000000e+00 1.000000000000000000e+00
6.433906555175781250e-01 -7.383108139038085938e-01 -2.023511379957199097e-01 -7.449604952204293973e-01
-4.983756840229034424e-01 -6.045989990234375000e-01 6.213545799255371094e-01 2.400252572349926616e+00
-5.810942649841308594e-01 -2.989267706871032715e-01 -7.569492459297180176e-01 -2.004212327271797989e+00
0.000000000000000000e+00 0.000000000000000000e+00 0.000000000000000000e+00 1.000000000000000000e+00
7.282472252845764160e-01 -6.653406023979187012e-01 -1.642494499683380127e-01 -6.939276816523001212e-01
