1.000000000000000000e+00 0.000000000000000000e+00 0.000000000000000000e+00 -4.542167112231254578e-02
0.000000000000000000e+00 1.000000000000000000e+00 0.000000000000000000e+00 9.935460984706878662e-04
0.000000000000000000e+00 0.000000000000000000e+00 1.000000000000000000e+00 -2.875000238418579102e-01
0.000000000000000000e+00 0.000000000000000000e+00 0.000000000000000000e+00 1.000000000000000000e+00
9.965092539787292480e-01 7.898283749818801880e-02 2.703633345663547516e-02 -5.187039077281951904e-02
-7.852575182914733887e-02 9.967572689056396484e-01 -1.757189631462097168e-02 1.007887814193964005e-02
-2.833653427660465240e-02 1.538751646876335144e-02 9.994800686836242676e-01 -2.927199006080627441e-01
0.000000000000000000e+00 0.000000000000000000e+00 0.000000000000000000e+00 1.000000000000000000e+00
9.858024716377258301e-01 1.606677621603012085e-01 4.877771064639091492e-02 -5.670741945505142212e-02
-1.581780314445495605e-01 9.860804677009582520e-01 -5.123234167695045471e-02 2.508876845240592957e-02
-5.633016303181648254e-02 4.278938099741935730e-02 9.974948763847351074e-01 -2.916499376296997070e-01
0.000000000000000000e+00 0.000000000000000000e+00 0.000000000000000000e+00 1.000000000000000000e+00
9.657478332519531250e-01 2.552889287471771240e-01 4.646086320281028748e-02 -5.356959253549575806e-02
-2.513001561164855957e-01 9.647896885871887207e-01 -7.764548808336257935e-02 3.834533691406250000e-02
-6.464703381061553955e-02 6.331028044223785400e-02 9.958975911140441895e-01 -2.915648818016052246e-01
0.000000000000000000e+00 0.000000000000000000e+00 0.000000000000000000e+00 1.000000000000000000e+00
9.366042017936706543e-01 3.451250791549682617e-01 6.050073727965354919e-02 -5.499501526355743408e-02
-3.362407982349395752e-01 9.338574409484863281e-01 -1.218691840767860413e-01 5.692544579505920410e-02
-9.855920821428298950e-02 9.380032122135162354e-02 9.907003641128540039e-01 -2.887479662895202637e-01
0.000000000000000000e+00 0.000000000000000000e+00 0.000000000000000000e+00 1.000000000000000000e+00
8.908067941665649414e-01 4.513717591762542725e-01 5.220757052302360535e-02 -4.915656149387359619e-02
-4.413822591304779053e-01 8.868785500526428223e-01 -1.364836394786834717e-01 6.547596305608749390e-02
-1.079067438840866089e-01 9.853714704513549805e-02 9.892659187316894531e-01 -2.891344726085662842e-01
0.000000000000000000e+00 0.000000000000000000e+00 0.000000000000000000e+00 1.000000000000000000e+00
8.449524641036987305e-01 5.339302420616149902e-01 3.119761310517787933e-02 -3.996530547738075256e-02
-5.225663781166076660e-01 8.365801572799682617e-01 -1.644918173551559448e-01 7.774833589792251587e-02
-1.139265149831771851e-01 1.226849779486656189e-01 9.858853220939636230e-01 -2.883884310722351074e-01
0.000000000000000000e+00 0.000000000000000000e+00 0.000000000000000000e+00 1.000000000000000000e+00
7.906427979469299316e-01 6.121503710746765137e-01 1.247971691191196442e-02 -3.098169155418872833e-02
-6.019268631935119629e-01 7.808470129966735840e-01 -1.672198325395584106e-01 8.275964856147766113e-02
-1.121084243059158325e-01 1.246992126107215881e-01 9.858406186103820801e-01 -2.893234193325042725e-01
0.000000000000000000e+00 0.000000000000000000e+00 0.000000000000000000e+00 1.000000000000000000e+00
7.188074588775634766e-01 6.951194405555725098e-01 -1.118832547217607498e-02 -1.827490888535976410e-02
-6.875080466270446777e-01 7.083634138107299805e-01 -1.598545163869857788e-01 8.353444188833236694e-02
-1.031926274299621582e-01 1.225966811180114746e-01 9.870770573616027832e-01 -2.906589508056640625e-01
0.000000000000000000e+00 0.000000000000000000e+00 0.000000000000000000e+00 1.000000000000000000e+00
6.436210274696350098e-01 7.651543617248535156e-01 -1.704585179686546326e-02 -1.150235161185264587e-02
-7.594261765480041504e-01 6.357213854789733887e-01 -1.383097916841506958e-01 7.911317050457000732e-02
-9.499192237854003906e-02 1.019641533493995667e-01 9.902420639991760254e-01 -2.932846248149871826e-01
0.000000000000000000e+00 0.000000000000000000e+00 0.000000000000000000e+00 1.000000000000000000e+00
5.500064492225646973e-01 8.346210718154907227e-01 -3.001614287495613098e-02 -1.662483089603483677e-03
-8.326970934867858887e-01 5.452718138694763184e-01 -9.640443325042724609e-02 6.767148524522781372e-02
-6.409420073032379150e-02 7.801740616559982300e-02 9.948894381523132324e-01 -2.983777523040771484e-01
0.000000000000000000e+00 0.000000000000000000e+00 0.000000000000000000e+00 1.000000000000000000e+00
4.555495083332061768e-01 8.876381516456604004e-01 -6.761737912893295288e-02 1.680536568164825439e-02
-8.900707364082336426e-01 4.528160393238067627e-01 -5.226944759488105774e-02 5.466745048761367798e-02
-1.577813550829887390e-02 8.399560302495956421e-02 9.963411092758178711e-01 -3.030603528022766113e-01
0.000000000000000000e+00 0.000000000000000000e+00 0.000000000000000000e+00 1.000000000000000000e+00
3.527593612670898438e-01 9.313646554946899414e-01 -9.011083096265792847e-02 2.803434990346431732e-02
-9.355782866477966309e-01 3.527112603187561035e-01 -1.699051447212696075e-02 4.093927890062332153e-02
1.595871895551681519e-02 9.029926359653472900e-02 9.957866072654724121e-01 -3.042538762092590332e-01
0.000000000000000000e+00 0.000000000000000000e+00 0.000000000000000000e+00 1.000000000000000000e+00
2.775970101356506348e-01 9.548200368881225586e-01 -1.061040684580802917e-01 3.562581166625022888e-02
-9.579070210456848145e-01 2.835092842578887939e-01 4.512742161750793457e-02 1.752313226461410522e-02
7.317005842924118042e-02 8.911057561635971069e-02 9.933304786682128906e-01 -3.041017055511474609e-01
0.000000000000000000e+00 0.000000000000000000e+00 0.000000000000000000e+00 1.000000000000000000e+00
1.975582838058471680e-01 9.707356095314025879e-01 -1.365388780832290649e-01 4.678293690085411072e-02
-9.714836478233337402e-01 2.125042825937271118e-01 1.051780283451080322e-01 -4.428943619132041931e-03
1.311151683330535889e-01 1.118664965033531189e-01 9.850357770919799805e-01 -3.026019930839538574e-01
0.000000000000000000e+00 0.000000000000000000e+00 0.000000000000000000e+00 1.000000000000000000e+00
1.176380962133407593e-01 9.837632179260253906e-01 -1.355414986610412598e-01 4.824638366699218750e-02
-9.707763791084289551e-01 1.426725089550018311e-01 1.929715126752853394e-01 -3.476899117231369019e-02
2.091762572526931763e-01 1.088796928524971008e-01 9.717975854873657227e-01 -2.998715639114379883e-01
0.000000000000000000e+00 0.000000000000000000e+00 0.000000000000000000e+00 1.000000000000000000e+00
1.948189884424209595e-01 9.730471372604370117e-01 -1.233886107802391052e-01 4.353212565183639526e-02
-9.529202580451965332e-01 2.175709307193756104e-01 2.112002223730087280e-01 -3.970270603895187378e-02
2.323534935712814331e-01 7.643378525972366333e-02 9.696235060691833496e-01 -2.972532212734222412e-01
0.000000000000000000e+00 0.000000000000000000e+00 0.000000000000000000e+00 1.000000000000000000e+00
2.769363522529602051e-01 9.521703720092773438e-01 -1.291417330503463745e-01 4.296437650918960571e-02
-9.374556541442871094e-01 2.972312867641448975e-01 1.811904609203338623e-01 -2.826653420925140381e-02
2.109092772006988525e-01 7.088644057512283325e-02 9.749321937561035156e-01 -2.962099313735961914e-01
0.000000000000000000e+00 0.000000000000000000e+00 0.000000000000000000e+00 1.000000000000000000e+00
3.331438899040222168e-01 9.345220923423767090e-01 -1.252332180738449097e-01 3.994143754243850708e-02
-9.320988655090332031e-01 3.464426696300506592e-01 1.056848987936973572e-01 -1.817498006857931614e-03
1.421510577201843262e-01 8.152154833078384399e-02 9.864819645881652832e-01 -2.961149513721466064e-01
0.000000000000000000e+00 0.000000000000000000e+00 0.000000000000000000e+00 1.000000000000000000e+00
3.643964827060699463e-01 9.179680347442626953e-01 -1.566827446222305298e-01 4.849360138177871704e-02
-9.286131262779235840e-01 3.708243668079376221e-01 1.290305051952600479e-02 3.063888475298881531e-02
6.994634866714477539e-02 1.407958716154098511e-01 9.875646829605102539e-01 -2.925544679164886475e-01
0.000000000000000000e+00 0.000000000000000000e+00 0.000000000000000000e+00 1.000000000000000000e+00
4.008752107620239258e-01 8.993260860443115234e-01 -1.746753305196762085e-01 5.206182226538658142e-02
-9.160723090171813965e-01 3.956873416900634766e-01 -6.514218449592590332e-02 5.712251737713813782e-02
1.053268928080797195e-02 1.861291378736495972e-01 9.824691414833068848e-01 -2.872081398963928223e-01
0.000000000000000000e+00 0.000000000000000000e+00 0.000000000000000000e+00 1.000000000000000000e+00
4.612525403499603271e-01 8.636770844459533691e-01 -2.032408416271209717e-01 5.738743767142295837e-02
-8.859264254570007324e-01 4.357146918773651123e-01 -1.590186804533004761e-01 8.597622066736221313e-02
-4.878590255975723267e-02 2.534042596817016602e-01 9.661293029785156250e-01 -2.771550714969635010e-01
0.000000000000000000e+00 0.000000000000000000e+00 0.000000000000000000e+00 1.000000000000000000e+00
5.330618619918823242e-01 8.250303268432617188e-01 -1.875383406877517700e-01 4.676111415028572083e-02
-8.403552770614624023e-01 4.905532896518707275e-01 -2.305670976638793945e-01 1.055511236190795898e-01
-9.822711348533630371e-02 2.805051207542419434e-01 9.548130035400390625e-01 -2.695233523845672607e-01
0.000000000000000000e+00 0.000000000000000000e+00 0.000000000000000000e+00 1.000000000000000000e+00
5.951739549636840820e-01 7.830056548118591309e-01 -1.807506829500198364e-01 4.060432687401771545e-02
-7.925258874893188477e-01 5.347245335578918457e-01 -2.932107448577880859e-01 1.208645924925804138e-01
-1.329339444637298584e-01 3.177606165409088135e-01 9.388061165809631348e-01 -2.612016201019287109e-01
0.000000000000000000e+00 0.000000000000000000e+00 0.000000000000000000e+00 1.000000000000000000e+00
6.695288419723510742e-01 7.262020707130432129e-01 -1.560838520526885986e-01 2.731148712337017059e-02
-7.216674089431762695e-01 5.862173438072204590e-01 -3.681653141975402832e-01 1.363087296485900879e-01
-1.758634746074676514e-01 3.591374456882476807e-01 9.165647625923156738e-01 -2.502785325050354004e-01
0.000000000000000000e+00 0.000000000000000000e+00 0.000000000000000000e+00 1.000000000000000000e+00
7.354175448417663574e-01 6.632182002067565918e-01 -1.389346271753311157e-01 1.889856345951557159e-02
-6.451430320739746094e-01 6.225911974906921387e-01 -4.429105818271636963e-01 1.514369696378707886e-01
-2.072468996047973633e-01 4.153569936752319336e-01 8.857354521751403809e-01 -2.360337525606155396e-01
0.000000000000000000e+00 0.000000000000000000e+00 0.000000000000000000e+00 1.000000000000000000e+00
7.560191154479980469e-01 6.429436802864074707e-01 -1.227130666375160217e-01 1.200150325894355774e-02
-5.985595583915710449e-01 6.032228469848632812e-01 -5.271137356758117676e-01 1.706184297800064087e-01
-2.648812532424926758e-01 4.719587564468383789e-01 8.408880829811096191e-01 -2.152570486068725586e-01
0.000000000000000000e+00 0.000000000000000000e+00 0.000000000000000000e+00 1.000000000000000000e+00
7.801479101181030273e-01 6.113297939300537109e-01 -1.328357756137847900e-01 1.270946022123098373e-02
-5.418196916580200195e-01 5.541229844093322754e-01 -6.319641470909118652e-01 1.977077424526214600e-01
-3.127313256263732910e-01 5.649982690811157227e-01 7.635287046432495117e-01 -1.868644952774047852e-01
0.000000000000000000e+00 0.000000000000000000e+00 0.000000000000000000e+00 1.000000000000000000e+00
8.070839047431945801e-01 5.754188895225524902e-01 -1.323204636573791504e-01 1.027788221836090088e-02
-4.847811758518218994e-01 5.178744792938232422e-01 -7.048355340957641602e-01 2.168640941381454468e-01
-3.370503783226013184e-01 6.330077648162841797e-01 6.969203352928161621e-01 -1.632516086101531982e-01
0.000000000000000000e+00 0.000000000000000000e+00 0.000000000000000000e+00 1.000000000000000000e+00
8.338578343391418457e-01 5.394041538238525391e-01 -1.171507686376571655e-01 3.145603695884346962e-03
-4.134783148765563965e-01 4.697962403297424316e-01 -7.799532413482666016e-01 2.361887395381927490e-01
-3.656730949878692627e-01 6.988093852996826172e-01 6.147753596305847168e-01 -1.395151317119598389e-01
0.000000000000000000e+00 0.000000000000000000e+00 0.000000000000000000e+00 1.000000000000000000e+00
8.643347024917602539e-01 4.956893920898437500e-01 -8.495696634054183960e-02 -7.871126756072044373e-03
-3.330369889736175537e-01 4.375646710395812988e-01 -8.352385759353637695e-01 2.495038211345672607e-01
-3.768447637557983398e-01 7.502196431159973145e-01 5.432851910591125488e-01 -1.206809133291244507e-01
0.000000000000000000e+00 0.000000000000000000e+00 0.000000000000000000e+00 1.000000000000000000e+00
8.821368813514709473e-01 4.681112468242645264e-01 -5.202529951930046082e-02 -1.709200441837310791e-02
-2.359256744384765625e-01 3.435664176940917969e-01 -9.090107083320617676e-01 2.643589377403259277e-01
-4.076439738273620605e-01 8.141461610794067383e-01 4.135122299194335938e-01 -8.492255210876464844e-02
0.000000000000000000e+00 0.000000000000000000e+00 0.000000000000000000e+00 1.000000000000000000e+00
8.571541905403137207e-01 5.146132707595825195e-01 -2.143926918506622314e-02 -2.960455976426601410e-02
-1.036611944437026978e-01 1.315887868404388428e-01 -9.858694076538085938e-01 2.823750376701354980e-01
-5.045205354690551758e-01 8.472645282745361328e-01 1.661372035741806030e-01 -1.518212445080280304e-02
0.000000000000000000e+00 0.000000000000000000e+00 0.000000000000000000e+00 1.000000000000000000e+00
8.723024129867553711e-01 4.877122044563293457e-01 -3.499385714530944824e-02 -2.441830374300479889e-02
-9.826727956533432007e-02 1.047497540712356567e-01 -9.896314144134521484e-01 2.828403413295745850e-01
-4.789899885654449463e-01 8.666972517967224121e-01 1.392996609210968018e-01 -1.487616728991270065e-02
0.000000000000000000e+00 0.000000000000000000e+00 0.000000000000000000e+00 1.000000000000000000e+00
8.210709691047668457e-01 5.704916119575500488e-01 -1.955442316830158234e-02 -2.433473803102970123e-02
-1.025825664401054382e-01 1.137685924768447876e-01 -9.881971478462219238e-01 2.828583121299743652e-01
-5.615331530570983887e-01 8.133853673934936523e-01 1.519344747066497803e-01 -1.681131310760974884e-02
0.000000000000000000e+00 0.000000000000000000e+00 0.000000000000000000e+00 1.000000000000000000e+00
8.048096299171447754e-01 5.917274951934814453e-01 -4.626921564340591431e-02 -1.652527227997779846e-02
-2.391487360000610352e-01 2.519423961639404297e-01 -9.377276301383972168e-01 2.743633687496185303e-01
-5.432214736938476562e-01 7.657572627067565918e-01 3.442763686180114746e-01 -6.070875376462936401e-02
0.000000000000000000e+00 0.000000000000000000e+00 0.000000000000000000e+00 1.000000000000000000e+00
8.171114325523376465e-01 5.727208852767944336e-01 -6.572350114583969116e-02 -1.142896153032779694e-02
-2.993819117546081543e-01 3.241533637046813965e-01 -8.973824381828308105e-01 2.656065821647644043e-01
-4.926449060440063477e-01 7.529377937316894531e-01 4.363315105438232422e-01 -8.708433806896209717e-02
0.000000000000000000e+00 0.000000000000000000e+00 0.000000000000000000e+00 1.000000000000000000e+00
8.066635727882385254e-01 5.845335721969604492e-01 -8.726167678833007812e-02 -5.803248379379510880e-03
-3.660651743412017822e-01 3.782456219196319580e-01 -8.502506613731384277e-01 2.555037736892700195e-01
-4.639937877655029297e-01 7.178101539611816406e-01 5.190945267677307129e-01 -1.111680418252944946e-01
0.000000000000000000e+00 0.000000000000000000e+00 0.000000000000000000e+00 1.000000000000000000e+00
8.267869353294372559e-01 5.574803948402404785e-01 -7.509358972311019897e-02 -1.460427977144718170e-02
-4.569760262966156006e-01 5.878077745437622070e-01 -6.675737500190734863e-01 2.168485224246978760e-01
-3.280187845230102539e-01 5.862574577331542969e-01 7.407468557357788086e-01 -1.799258142709732056e-01
0.000000000000000000e+00 0.000000000000000000e+00 0.000000000000000000e+00 1.000000000000000000e+00
8.291743993759155273e-01 5.571687817573547363e-01 -4.508346319198608398e-02 -2.442217990756034851e-02
-4.675586223602294922e-01 6.470887660980224609e-01 -6.022167205810546875e-01 1.978357583284378052e-01
-3.063634932041168213e-01 5.204218029975891113e-01 7.970582842826843262e-01 -1.973721534013748169e-01
0.000000000000000000e+00 0.000000000000000000e+00 0.000000000000000000e+00 1.000000000000000000e+00
8.539570569992065430e-01 5.183439254760742188e-01 -4.556758701801300049e-02 -2.492055483162403107e-02
-4.604426026344299316e-01 7.119563817977905273e-01 -5.301988124847412109e-01 1.759268194437026978e-01
-2.423834204673767090e-01 4.737482368946075439e-01 8.466480970382690430e-01 -2.138714343309402466e-01
0.000000000000000000e+00 0.000000000000000000e+00 0.000000000000000000e+00 1.000000000000000000e+00
8.714098334312438965e-01 4.905115067958831787e-01 -6.596174556761980057e-03 -3.462010994553565979e-02
-4.546874165534973145e-01 8.025739192962646484e-01 -3.861787021160125732e-01 1.338632404804229736e-01
-1.841313540935516357e-01 3.395191133022308350e-01 9.224004149436950684e-01 -2.371903359889984131e-01
0.000000000000000000e+00 0.000000000000000000e+00 0.000000000000000000e+00 1.000000000000000000e+00
8.749091625213623047e-01 4.842287003993988037e-01 -7.520185783505439758e-03 -3.267512097954750061e-02
-4.701594710350036621e-01 8.455604910850524902e-01 -2.529377043247222900e-01 9.748674184083938599e-02
-1.161210089921951294e-01 2.248333394527435303e-01 9.674532413482666016e-01 -2.523910999298095703e-01
0.000000000000000000e+00 0.000000000000000000e+00 0.000000000000000000e+00 1.000000000000000000e+00
8.801634907722473145e-01 4.746679961681365967e-01 -1.619631424546241760e-03 -3.073356486856937408e-02
-4.742406606674194336e-01 8.792152404785156250e-01 -4.555954411625862122e-02 3.881041705608367920e-02
-2.020167373120784760e-02 4.086793586611747742e-02 9.989599585533142090e-01 -2.656840384006500244e-01
0.000000000000000000e+00 0.000000000000000000e+00 0.000000000000000000e+00 1.000000000000000000e+00
8.890001177787780762e-01 4.579052031040191650e-01 -1.041215728037059307e-03 -2.918364666402339935e-02
-4.573169350624084473e-01 8.879688978195190430e-01 4.870628193020820618e-02 1.073397789150476456e-02
2.322742715477943420e-02 -4.282374307513237000e-02 9.988125562667846680e-01 -2.682152092456817627e-01
0.000000000000000000e+00 0.000000000000000000e+00 0.000000000000000000e+00 1.000000000000000000e+00
8.938873410224914551e-01 4.482482075691223145e-01 -6.229910533875226974e-03 -2.717002294957637787e-02
-4.422591626644134521e-01 8.840460777282714844e-01 1.512265056371688843e-01 -2.085630409419536591e-02
7.329460233449935913e-02 -1.324242204427719116e-01 9.884796738624572754e-01 -2.675402462482452393e-01
0.000000000000000000e+00 0.000000000000000000e+00 0.000000000000000000e+00 1.000000000000000000e+00
8.993915319442749023e-01 4.371373057365417480e-01 -2.585398731753230095e-03 -2.800163254141807556e-02
-4.216248393058776855e-01 8.690064549446105957e-01 2.589600980281829834e-01 -5.484045669436454773e-02
1.154477596282958984e-01 -2.318161576986312866e-01 9.658846855163574219e-01 -2.627006173133850098e-01
0.000000000000000000e+00 0.000000000000000000e+00 0.000000000000000000e+00 1.000000000000000000e+00
9.012866616249084473e-01 4.330689907073974609e-01 -1.157242339104413986e-02 -2.525732666254043579e-02
-3.982358574867248535e-01 8.387174010276794434e-01 3.714306950569152832e-01 -9.182857722043991089e-02
1.705611795186996460e-01 -3.301568031311035156e-01 9.283885955810546875e-01 -2.532246112823486328e-01
0.000000000000000000e+00 0.000000000000000000e+00 0.000000000000000000e+00 1.000000000000000000e+00
9.053177833557128906e-01 4.246853590011596680e-01 -6.422924809157848358e-03 -2.800703980028629303e-02
-3.746235668659210205e-01 8.055423498153686523e-01 4.590841531753540039e-01 -1.212140843272209167e-01
2.001405507326126099e-01 -4.132111668586730957e-01 8.883696198463439941e-01 -2.433622628450393677e-01
0.000000000000000000e+00 0.000000000000000000e+00 0.000000000000000000e+00 1.000000000000000000e+00
9.179190397262573242e-01 3.966828584671020508e-01 -8.176847361028194427e-03 -3.032210655510425568e-02
-3.276391625404357910e-01 7.694540619850158691e-01 5.482633113861083984e-01 -1.509062200784683228e-01
2.237786501646041870e-01 -5.005824565887451172e-01 8.362658619880676270e-01 -2.306743860244750977e-01
0.000000000000000000e+00 0.000000000000000000e+00 0.000000000000000000e+00 1.000000000000000000e+00
9.136974811553955078e-01 4.058437049388885498e-01 2.114698849618434906e-02 -3.984312340617179871e-02
-3.274029493331909180e-01 7.042768597602844238e-01 6.299214363098144531e-01 -1.756393015384674072e-01
2.407565414905548096e-01 -5.824810862541198730e-01 7.763704657554626465e-01 -2.156722843647003174e-01
0.000000000000000000e+00 0.000000000000000000e+00 0.000000000000000000e+00 1.000000000000000000e+00
9.209964871406555176e-01 3.876413404941558838e-01 3.872780129313468933e-02 -4.737024754285812378e-02
-2.930082380771636963e-01 6.237640380859375000e-01 7.246135473251342773e-01 -2.056283503770828247e-01
2.567331790924072266e-01 -6.787140965461730957e-01 6.880666017532348633e-01 -1.913172304630279541e-01
0.000000000000000000e+00 0.000000000000000000e+00 0.000000000000000000e+00 1.000000000000000000e+00
9.298717975616455078e-01 3.636298179626464844e-01 5.577325820922851562e-02 -5.409463867545127869e-02
-2.628637254238128662e-01 5.506798028945922852e-01 7.922464013099670410e-01 -2.280311584472656250e-01
2.573712766170501709e-01 -7.513489723205566406e-01 6.076471805572509766e-01 -1.667888909578323364e-01
0.000000000000000000e+00 0.000000000000000000e+00 0.000000000000000000e+00 1.000000000000000000e+00
9.398894906044006348e-01 3.370223641395568848e-01 5.498369783163070679e-02 -5.563827604055404663e-02
-2.214660942554473877e-01 4.790516495704650879e-01 8.493890762329101562e-01 -2.477665245532989502e-01
2.599231600761413574e-01 -8.105091452598571777e-01 5.248948335647583008e-01 -1.430828124284744263e-01
0.000000000000000000e+00 0.000000000000000000e+00 0.000000000000000000e+00 1.000000000000000000e+00
9.517492055892944336e-01 3.017421066761016846e-01 5.590388551354408264e-02 -5.895363911986351013e-02
-1.824487298727035522e-01 4.099007844924926758e-01 8.936967849731445312e-01 -2.626796662807464600e-01
2.467507719993591309e-01 -8.607742190361022949e-01 4.451751410961151123e-01 -1.205451190471649170e-01
0.000000000000000000e+00 0.000000000000000000e+00 0.000000000000000000e+00 1.000000000000000000e+00
9.616872072219848633e-01 2.699858844280242920e-01 4.759270325303077698e-02 -5.942442268133163452e-02
-1.458001881837844849e-01 3.566722571849822998e-01 9.227823615074157715e-01 -2.735695838928222656e-01
2.321633398532867432e-01 -8.943674564361572266e-01 3.823713362216949463e-01 -1.013880372047424316e-01
0.000000000000000000e+00 0.000000000000000000e+00 0.000000000000000000e+00 1.000000000000000000e+00
9.671062231063842773e-01 2.468264698982238770e-01 6.150379776954650879e-02 -6.634422391653060913e-02
-1.308147311210632324e-01 2.752265334129333496e-01 9.524381160736083984e-01 -2.875302433967590332e-01
2.181593328714370728e-01 -9.291538000106811523e-01 2.984616160392761230e-01 -7.236170768737792969e-02
0.000000000000000000e+00 0.000000000000000000e+00 0.000000000000000000e+00 1.000000000000000000e+00
9.810925126075744629e-01 1.887724697589874268e-01 4.268770664930343628e-02 -6.353927403688430786e-02
-7.922087609767913818e-02 1.904590129852294922e-01 9.784929752349853516e-01 -3.000430166721343994e-01
1.765823662281036377e-01 -9.633744359016418457e-01 2.018128186464309692e-01 -3.675860539078712463e-02
0.000000000000000000e+00 0.000000000000000000e+00 0.000000000000000000e+00 1.000000000000000000e+00
9.950408935546875000e-01 9.904615581035614014e-02 -9.119839407503604889e-03 -5.095637589693069458e-02
-3.979307133704423904e-03 1.312563717365264893e-01 9.913404583930969238e-01 -3.066067397594451904e-01
9.938552230596542358e-02 -9.863877296447753906e-01 1.309995651245117188e-01 -1.568719930946826935e-02
0.000000000000000000e+00 0.000000000000000000e+00 0.000000000000000000e+00 1.000000000000000000e+00
9.972808957099914551e-01 7.311206310987472534e-02 -9.224316105246543884e-03 -5.118142813444137573e-02
-9.017111733555793762e-03 2.453041523694992065e-01 9.694040417671203613e-01 -3.009020388126373291e-01
7.313793897628784180e-02 -9.666851758956909180e-01 2.452964335680007935e-01 -5.140734836459159851e-02
0.000000000000000000e+00 0.000000000000000000e+00 0.000000000000000000e+00 1.000000000000000000e+00
9.975185394287109375e-01 2.923501096665859222e-02 -6.404849141836166382e-02 -3.326025605201721191e-02
5.268712341785430908e-02 2.934555113315582275e-01 9.545192122459411621e-01 -3.080542981624603271e-01
4.670077562332153320e-02 -9.555258154869079590e-01 2.911871373653411865e-01 -6.497015804052352905e-02
0.000000000000000000e+00 0.000000000000000000e+00 0.000000000000000000e+00 1.000000000000000000e+00
9.897539019584655762e-01 -4.667718708515167236e-02 -1.349386274814605713e-01 -5.079827271401882172e-03
1.426340490579605103e-01 2.799476683139801025e-01 9.493600726127624512e-01 -3.177173733711242676e-01
-6.537751294672489166e-03 -9.588799476623535156e-01 2.837370634078979492e-01 -5.984141677618026733e-02
0.000000000000000000e+00 0.000000000000000000e+00 0.000000000000000000e+00 1.000000000000000000e+00
9.673318862915039062e-01 -8.236871659755706787e-02 -2.397584766149520874e-01 3.044965676963329315e-02
2.529934048652648926e-01 2.531359493732452393e-01 9.337648153305053711e-01 -3.226400613784790039e-01
-1.622158288955688477e-02 -9.639179110527038574e-01 2.657051980495452881e-01 -5.188906565308570862e-02
0.000000000000000000e+00 0.000000000000000000e+00 0.000000000000000000e+00 1.000000000000000000e+00
9.764290452003479004e-01 -1.570169813930988312e-03 -2.158326357603073120e-01 1.925469748675823212e-02
2.057805210351943970e-01 3.084698915481567383e-01 9.287092685699462891e-01 -3.195405900478363037e-01
6.511960923671722412e-02 -9.512326717376708984e-01 3.015221059322357178e-01 -6.957152485847473145e-02
0.000000000000000000e+00 0.000000000000000000e+00 0.000000000000000000e+00 1.000000000000000000e+00
9.871942996978759766e-01 1.107865944504737854e-01 -1.147784143686294556e-01 -1.910553127527236938e-02
6.490115821361541748e-02 3.783404231071472168e-01 9.233887195587158203e-01 -3.108979165554046631e-01
1.457243412733078003e-01 -9.190132021903991699e-01 3.663052618503570557e-01 -1.015547811985015869e-01
0.000000000000000000e+00 0.000000000000000000e+00 0.000000000000000000e+00 1.000000000000000000e+00
9.802247881889343262e-01 1.960005760192871094e-01 -2.725181914865970612e-02 -5.034234002232551575e-02
-3.569788485765457153e-02 3.105994164943695068e-01 9.498701095581054688e-01 -3.137436211109161377e-01
1.946395188570022583e-01 -9.301137328147888184e-01 3.114539980888366699e-01 -8.811635524034500122e-02
0.000000000000000000e+00 0.000000000000000000e+00 0.000000000000000000e+00 1.000000000000000000e+00
9.254954457283020020e-01 3.673315048217773438e-01 9.233163297176361084e-02 -8.759126067161560059e-02
-2.209271937608718872e-01 3.255412280559539795e-01 9.193552136421203613e-01 -2.937701046466827393e-01
3.076505362987518311e-01 -8.712578415870666504e-01 3.824403882026672363e-01 -1.210296079516410828e-01
0.000000000000000000e+00 0.000000000000000000e+00 0.000000000000000000e+00 1.000000000000000000e+00
8.828074932098388672e-01 4.606937766075134277e-01 9.171661734580993652e-02 -8.590981364250183105e-02
-2.748914659023284912e-01 3.483541905879974365e-01 8.961496949195861816e-01 -2.821775674819946289e-01
3.809007704257965088e-01 -8.163400888442993164e-01 4.341703355312347412e-01 -1.461977809667587280e-01
0.000000000000000000e+00 0.000000000000000000e+00 0.000000000000000000e+00 1.000000000000000000e+00
8.398000597953796387e-01 5.386999845504760742e-01 6.737402081489562988e-02 -7.554450631141662598e-02
-3.369455933570861816e-01 4.198810756206512451e-01 8.427147269248962402e-01 -2.614140212535858154e-01
4.256806969642639160e-01 -7.304124832153320312e-01 5.341283679008483887e-01 -1.831899434328079224e-01
0.000000000000000000e+00 0.000000000000000000e+00 0.000000000000000000e+00 1.000000000000000000e+00
8.047398924827575684e-01 5.913998484611511230e-01 5.136749893426895142e-02 -6.809080392122268677e-02
-4.249751567840576172e-01 5.135327577590942383e-01 7.454392313957214355e-01 -2.237019389867782593e-01
4.144742190837860107e-01 -6.217148900032043457e-01 6.645911931991577148e-01 -2.262726426124572754e-01
0.000000000000000000e+00 0.000000000000000000e+00 0.000000000000000000e+00 1.000000000000000000e+00
7.780563235282897949e-01 6.276805400848388672e-01 2.540300041437149048e-02 -5.867410451173782349e-02
-5.022700428962707520e-01 5.972955226898193359e-01 6.252700090408325195e-01 -1.784870922565460205e-01
3.772967457771301270e-01 -4.992542862892150879e-01 7.799943685531616211e-01 -2.619453668594360352e-01
0.000000000000000000e+00 0.000000000000000000e+00 0.000000000000000000e+00 1.000000000000000000e+00
7.553236484527587891e-01 6.549969911575317383e-01 2.156629227101802826e-02 -5.598279088735580444e-02
-5.636024475097656250e-01 6.324338316917419434e-01 5.313938260078430176e-01 -1.432724595069885254e-01
3.344220519065856934e-01 -4.135290086269378662e-01 8.468498587608337402e-01 -2.816153168678283691e-01
0.000000000000000000e+00 0.000000000000000000e+00 0.000000000000000000e+00 1.000000000000000000e+00
6.581755280494689941e-01 7.526630163192749023e-01 1.740765757858753204e-02 -4.808696359395980835e-02
-6.728152036666870117e-01 5.776618719100952148e-01 4.621979892253875732e-01 -1.123912632465362549e-01
3.378237187862396240e-01 -3.159193098545074463e-01 8.866060376167297363e-01 -2.966133356094360352e-01
0.000000000000000000e+00 0.000000000000000000e+00 0.000000000000000000e+00 1.000000000000000000e+00
5.849243402481079102e-01 8.108934164047241211e-01 -1.775871589779853821e-02 -3.092459589242935181e-02
-7.403005361557006836e-01 5.426930189132690430e-01 3.967861533164978027e-01 -8.532248437404632568e-02
3.313890099525451660e-01 -2.189431488513946533e-01 9.177396297454833984e-01 -3.079411685466766357e-01
0.000000000000000000e+00 0.000000000000000000e+00 0.000000000000000000e+00 1.000000000000000000e+00
5.415163636207580566e-01 8.393064737319946289e-01 -4.821491613984107971e-02 -1.697881333529949188e-02
-7.831982970237731934e-01 5.244982242584228516e-01 3.339193761348724365e-01 -6.069902703166007996e-02
3.055495917797088623e-01 -1.430610567331314087e-01 9.413681030273437500e-01 -3.144336938858032227e-01
0.000000000000000000e+00 0.000000000000000000e+00 0.000000000000000000e+00 1.000000000000000000e+00
5.100543498992919922e-01 8.521959185600280762e-01 -1.166468709707260132e-01 8.772736415266990662e-03
-8.147094845771789551e-01 5.221418738365173340e-01 2.522226572036743164e-01 -3.098664805293083191e-02
2.758494913578033447e-01 -3.361400961875915527e-02 9.606130123138427734e-01 -3.196758925914764404e-01
0.000000000000000000e+00 0.000000000000000000e+00 0.000000000000000000e+00 1.000000000000000000e+00
4.395895600318908691e-01 8.851953744888305664e-01 -1.522827297449111938e-01 2.698116935789585114e-02
-8.596974611282348633e-01 4.637621343135833740e-01 2.141149938106536865e-01 -1.442330796271562576e-02
2.601565420627593994e-01 3.679445013403892517e-02 9.648652672767639160e-01 -3.202668428421020508e-01
0.000000000000000000e+00 0.000000000000000000e+00 0.000000000000000000e+00 1.000000000000000000e+00
3.595178425312042236e-01 8.957038521766662598e-01 -2.616505324840545654e-01 6.962211430072784424e-02
-8.924165368080139160e-01 4.119649231433868408e-01 1.840584576129913330e-01 -1.751599367707967758e-03
2.726528942584991455e-01 1.673291623592376709e-01 9.474498629570007324e-01 -3.151039183139801025e-01
0.000000000000000000e+00 0.000000000000000000e+00 0.000000000000000000e+00 1.000000000000000000e+00
2.948586940765380859e-01 8.845227956771850586e-01 -3.614934980869293213e-01 1.075186207890510559e-01
-9.123322367668151855e-01 3.730784058570861816e-01 1.687093377113342285e-01 4.690598230808973312e-03
2.840925455093383789e-01 2.800566256046295166e-01 9.169839024543762207e-01 -3.059409260749816895e-01
0.000000000000000000e+00 0.000000000000000000e+00 0.000000000000000000e+00 1.000000000000000000e+00
2.723432779312133789e-01 8.551730513572692871e-01 -4.410306811332702637e-01 1.348531991243362427e-01
-9.321026802062988281e-01 3.482219278812408447e-01 9.962586313486099243e-02 2.933735959231853485e-02
2.387738823890686035e-01 3.839534223079681396e-01 8.919453620910644531e-01 -2.940982878208160400e-01
0.000000000000000000e+00 0.000000000000000000e+00 0.000000000000000000e+00 1.000000000000000000e+00
1.814984232187271118e-01 7.757857441902160645e-01 -6.043297052383422852e-01 1.946299821138381958e-01
-9.611766338348388672e-01 2.698302567005157471e-01 5.771426856517791748e-02 4.415765404701232910e-02
2.078404873609542847e-01 5.703926086425781250e-01 7.946413159370422363e-01 -2.599087655544281006e-01
0.000000000000000000e+00 0.000000000000000000e+00 0.000000000000000000e+00 1.000000000000000000e+00
1.371010839939117432e-01 6.802355647087097168e-01 -7.200574278831481934e-01 2.356460690498352051e-01
-9.734286665916442871e-01 2.271193265914916992e-01 2.921514958143234253e-02 5.358365923166275024e-02
1.834120601415634155e-01 6.969189643859863281e-01 6.932991147041320801e-01 -2.257481962442398071e-01
0.000000000000000000e+00 0.000000000000000000e+00 0.000000000000000000e+00 1.000000000000000000e+00
1.166491881012916565e-01 5.729006528854370117e-01 -8.112815022468566895e-01 2.660374939441680908e-01
-9.822039604187011719e-01 1.876157671213150024e-01 -8.736897259950637817e-03 6.659853458404541016e-02
1.472037434577941895e-01 7.978627681732177734e-01 5.845901966094970703e-01 -1.886194646358489990e-01
0.000000000000000000e+00 0.000000000000000000e+00 0.000000000000000000e+00 1.000000000000000000e+00
7.853971421718597412e-02 5.020710825920104980e-01 -8.612524867057800293e-01 2.848533987998962402e-01
-9.900342226028442383e-01 1.405815333127975464e-01 -8.330865763127803802e-03 6.727557629346847534e-02
1.168934106826782227e-01 8.533236384391784668e-01 5.081092715263366699e-01 -1.616608053445816040e-01
0.000000000000000000e+00 0.000000000000000000e+00 0.000000000000000000e+00 1.000000000000000000e+00
1.603671610355377197e-01 5.127507448196411133e-01 -8.434270620346069336e-01 2.717463076114654541e-01
-9.865791201591491699e-01 1.098682433366775513e-01 -1.207926720380783081e-01 1.035737022757530212e-01
3.072927147150039673e-02 8.514781594276428223e-01 5.234882831573486328e-01 -1.598999947309494019e-01
0.000000000000000000e+00 0.000000000000000000e+00 0.000000000000000000e+00 1.000000000000000000e+00
2.692490816116333008e-01 5.771536231040954590e-01 -7.709721326828002930e-01 2.408544719219207764e-01
-9.584558010101318359e-01 8.230969309806823730e-02 -2.731070816516876221e-01 1.506759971380233765e-01
-9.416628628969192505e-02 8.124772310256958008e-01 5.753383636474609375e-01 -1.659822314977645874e-01
0.000000000000000000e+00 0.000000000000000000e+00 0.000000000000000000e+00 1.000000000000000000e+00
3.227658569812774658e-01 6.185323596000671387e-01 -7.164077162742614746e-01 2.204805910587310791e-01
-9.279402494430541992e-01 5.772152915596961975e-02 -3.682330548763275146e-01 1.780440807342529297e-01
-1.864116489887237549e-01 7.836361527442932129e-01 5.925910472869873047e-01 -1.644674241542816162e-01
0.000000000000000000e+00 0.000000000000000000e+00 0.000000000000000000e+00 1.000000000000000000e+00
3.685253262519836426e-01 6.416614055633544922e-01 -6.726511120796203613e-01 2.032079100608825684e-01
-8.896955251693725586e-01 3.367871791124343872e-02 -4.553102552890777588e-01 2.026633471250534058e-01
-2.695010304450988770e-01 7.662482261657714844e-01 5.832947492599487305e-01 -1.551490873098373413e-01
0.000000000000000000e+00 0.000000000000000000e+00 0.000000000000000000e+00 1.000000000000000000e+00
4.262456297874450684e-01 6.432224512100219727e-01 -6.360658407211303711e-01 1.866439282894134521e-01
-8.373238444328308105e-01 1.443538907915353775e-02 -5.465167760848999023e-01 2.268338799476623535e-01
-3.423497676849365234e-01 7.655435204505920410e-01 5.447386503219604492e-01 -1.357553601264953613e-01
0.000000000000000000e+00 0.000000000000000000e+00 0.000000000000000000e+00 1.000000000000000000e+00
5.248206853866577148e-01 6.399176716804504395e-01 -5.613100528717041016e-01 1.567779630422592163e-01
-7.326202988624572754e-01 3.830793080851435661e-03 -6.806268692016601562e-01 2.587377130985260010e-01
-4.333947896957397461e-01 7.684343457221984863e-01 4.708269834518432617e-01 -1.021531224250793457e-01
0.000000000000000000e+00 0.000000000000000000e+00 0.000000000000000000e+00 1.000000000000000000e+00
6.228042244911193848e-01 6.844678521156311035e-01 -3.789698481559753418e-01 9.209546446800231934e-02
-5.771137475967407227e-01 7.486277073621749878e-02 -8.132253885269165039e-01 2.910225987434387207e-01
-5.282558202743530273e-01 7.251891493797302246e-01 4.416407048702239990e-01 -8.514469861984252930e-02
0.000000000000000000e+00 0.000000000000000000e+00 0.000000000000000000e+00 1.000000000000000000e+00
6.351182460784912109e-01 7.274452447891235352e-01 -2.597083747386932373e-01 5.763948708772659302e-02
-4.901022315025329590e-01 1.196475923061370850e-01 -8.634144663810729980e-01 3.009453117847442627e-01
-5.970129370689392090e-01 6.756537556648254395e-01 4.325128197669982910e-01 -7.762777060270309448e-02
0.000000000000000000e+00 0.000000000000000000e+00 0.000000000000000000e+00 1.000000000000000000e+00
6.057382225990295410e-01 7.702559232711791992e-01 -1.994657367467880249e-01 4.433693736791610718e-02
-3.975767195224761963e-01 7.585844397544860840e-02 -9.144277572631835938e-01 3.105268478393554688e-01
-6.892123818397521973e-01 6.332070827484130859e-01 3.521862328052520752e-01 -5.042460560798645020e-02
0.000000000000000000e+00 0.000000000000000000e+00 0.000000000000000000e+00 1.000000000000000000e+00
4.356198906898498535e-01 8.983386754989624023e-01 -5.676303803920745850e-02 1.699517294764518738e-02
-2.216588854789733887e-01 4.593983665108680725e-02 -9.740415215492248535e-01 3.186247050762176514e-01
-8.724120259284973145e-01 4.368938207626342773e-01 2.191372364759445190e-01 -8.607494644820690155e-03
0.000000000000000000e+00 0.000000000000000000e+00 0.000000000000000000e+00 1.000000000000000000e+00
2.934081256389617920e-01 9.508966803550720215e-01 9.852746129035949707e-02 -2.639531344175338745e-02
-2.578830122947692871e-01 1.779698878526687622e-01 -9.496437907218933105e-01 3.203825652599334717e-01
-9.205479025840759277e-01 2.532244622707366943e-01 2.974378764629364014e-01 -3.870902583003044128e-02
0.000000000000000000e+00 0.000000000000000000e+00 0.000000000000000000e+00 1.000000000000000000e+00
3.045981824398040771e-01 9.520688056945800781e-01 -2.802085317671298981e-02 1.511442940682172775e-02
-3.872771859169006348e-01 9.691825509071350098e-02 -9.168550372123718262e-01 3.128263354301452637e-01
-8.701933026313781738e-01 2.901242971420288086e-01 3.982358276844024658e-01 -6.927403062582015991e-02
0.000000000000000000e+00 0.000000000000000000e+00 0.000000000000000000e+00 1.000000000000000000e+00
2.811549007892608643e-01 9.590633511543273926e-01 -3.391401469707489014e-02 2.302713133394718170e-02
-4.641358256340026855e-01 1.049627959728240967e-01 -8.795230388641357422e-01 3.039062917232513428e-01
-8.399581909179687500e-01 2.630227804183959961e-01 4.746462106704711914e-01 -9.730675071477890015e-02
0.000000000000000000e+00 0.000000000000000000e+00 0.000000000000000000e+00 1.000000000000000000e+00
1.706705093383789062e-01 9.838787913322448730e-01 -5.342382192611694336e-02 3.403657674789428711e-02
-4.762475788593292236e-01 3.490494564175605774e-02 -8.786181211471557617e-01 3.034952878952026367e-01
-8.625891208648681641e-01 1.753970831632614136e-01 4.745270013809204102e-01 -9.854985773563385010e-02
0.000000000000000000e+00 0.000000000000000000e+00 0.000000000000000000e+00 1.000000000000000000e+00
6.819006800651550293e-02 9.972872734069824219e-01 -2.770958095788955688e-02 3.056030534207820892e-02
-4.748463034629821777e-01 8.016242645680904388e-03 -8.800321221351623535e-01 3.047741651535034180e-01
-8.774228096008300781e-01 7.316724210977554321e-02 4.741048812866210938e-01 -1.015137284994125366e-01
