1.000000000000000000e+00 0.000000000000000000e+00 0.000000000000000000e+00 -4.255350477121360719e-01
0.000000000000000000e+00 -1.000000000000000000e+00 0.000000000000000000e+00 3.076616963927396031e-01
0.000000000000000000e+00 0.000000000000000000e+00 -1.000000000000000000e+00 -5.117628744684824760e+00
0.000000000000000000e+00 0.000000000000000000e+00 0.000000000000000000e+00 1.000000000000000000e+00
9.872084259986877441e-01 -4.724666103720664978e-02 1.522734165191650391e-01 4.246724442565391611e-01
-5.058087781071662903e-02 -9.985560178756713867e-01 1.809521019458770752e-02 3.558109263137759770e-01
1.511985957622528076e-01 -2.556588873267173767e-02 -9.881727099418640137e-01 -5.068589078074840160e+00
0.000000000000000000e+00 0.000000000000000000e+00 0.000000000000000000e+00 1.000000000000000000e+00
9.545298814773559570e-01 -6.053288653492927551e-02 2.919046282768249512e-01 1.183205159972832821e+00
-6.878103315830230713e-02 -9.974681735038757324e-01 1.806723698973655701e-02 3.696636986147618376e-01
2.900719046592712402e-01 -3.732325881719589233e-02 -9.562766551971435547e-01 -4.888117057430884316e+00
0.000000000000000000e+00 0.000000000000000000e+00 0.000000000000000000e+00 1.000000000000000000e+00
9.986337423324584961e-01 -4.091881215572357178e-02 3.249775618314743042e-02 -2.085001122587066824e-01
-4.073781520128250122e-02 -9.991505146026611328e-01 -6.212320178747177124e-03 2.471299327958339509e-01
3.272436559200286865e-02 4.879863001406192780e-03 -9.994524717330932617e-01 -4.950908877963249743e+00
0.000000000000000000e+00 0.000000000000000000e+00 0.000000000000000000e+00 1.000000000000000000e+00
9.892283678054809570e-01 -5.128834769129753113e-02 1.371009349822998047e-01 3.662000464637960029e-01
-4.678752645850181580e-02 -9.982612133026123047e-01 -3.585395961999893188e-02 1.409042434861074999e-01
1.387014240026473999e-01 2.905313111841678619e-02 -9.899079799652099609e-01 -4.910210343493397467e+00
0.000000000000000000e+00 0.000000000000000000e+00 0.000000000000000000e+00 1.000000000000000000e+00
-2.750857472419738770e-01 -7.572221010923385620e-02 9.584332704544067383e-01 5.163683495122187495e+00
-4.472520202398300171e-02 -9.948061108589172363e-01 -9.143279492855072021e-02 -9.661736857814488821e-02
9.603788852691650391e-01 -6.801797449588775635e-02 2.702704966068267822e-01 1.420858055548685162e+00
0.000000000000000000e+00 0.000000000000000000e+00 0.000000000000000000e+00 1.000000000000000000e+00
-3.227643966674804688e-01 -9.278747439384460449e-02 9.419207572937011719e-01 5.019487066092045424e+00
-2.375120855867862701e-02 -9.940755963325500488e-01 -1.060639545321464539e-01 -1.124679749610058982e-01
9.461807608604431152e-01 -5.660542473196983337e-02 3.186485767364501953e-01 1.743430805693045205e+00
0.000000000000000000e+00 0.000000000000000000e+00 0.000000000000000000e+00 1.000000000000000000e+00
-3.173341751098632812e-01 -9.063338488340377808e-02 9.439724683761596680e-01 4.937179694719921130e+00
-2.684599161148071289e-02 -9.941642880439758301e-01 -1.044772639870643616e-01 -5.300046090783320368e-02
9.479330778121948242e-01 -5.849611759185791016e-02 3.130493760108947754e-01 1.790281024320956815e+00
0.000000000000000000e+00 0.000000000000000000e+00 0.000000000000000000e+00 1.000000000000000000e+00
-3.016721308231353760e-01 -7.598545402288436890e-02 9.503789544105529785e-01 4.861165870243254084e+00
-4.013783857226371765e-02 -9.949232339859008789e-01 -9.228754788637161255e-02 2.893820685368281645e-02
9.525660276412963867e-01 -6.598674505949020386e-02 2.970907688140869141e-01 1.801989164368274388e+00
0.000000000000000000e+00 0.000000000000000000e+00 0.000000000000000000e+00 1.000000000000000000e+00
-2.695106863975524902e-01 -7.990273833274841309e-02 9.596763253211975098e-01 4.834858764856474700e+00
-5.390514060854911804e-02 -9.937378764152526855e-01 -9.787721186876296997e-02 3.254014391821013347e-02
9.614873528480529785e-01 -7.811045646667480469e-02 2.635156810283660889e-01 1.733288512811520299e+00
0.000000000000000000e+00 0.000000000000000000e+00 0.000000000000000000e+00 1.000000000000000000e+00
-2.596627473831176758e-01 -6.011326983571052551e-02 9.638263583183288574e-01 4.769537224181704893e+00
-7.463559508323669434e-02 -9.938256740570068359e-01 -8.209174126386642456e-02 1.436463361145848272e-01
9.628110527992248535e-01 -9.325204044580459595e-02 2.535730302333831787e-01 1.786203710679669099e+00
0.000000000000000000e+00 0.000000000000000000e+00 0.000000000000000000e+00 1.000000000000000000e+00
-2.385200560092926025e-01 -4.362798482179641724e-02 9.701569080352783203e-01 4.741491258612334114e+00
-1.093115806579589844e-01 -9.914357066154479980e-01 -7.145997881889343262e-02 2.342446792446064019e-01
9.649661779403686523e-01 -1.230940222740173340e-01 2.317083626985549927e-01 1.779600843493858608e+00
0.000000000000000000e+00 0.000000000000000000e+00 0.000000000000000000e+00 1.000000000000000000e+00
-2.253908216953277588e-01 -5.660547688603401184e-02 9.726225733757019043e-01 4.740117471767941737e+00
-1.060178652405738831e-01 -9.909574389457702637e-01 -8.224062621593475342e-02 2.347784501946537927e-01
9.684824943542480469e-01 -1.216516494750976562e-01 2.173516750335693359e-01 1.780531185277994810e+00
0.000000000000000000e+00 0.000000000000000000e+00 0.000000000000000000e+00 1.000000000000000000e+00
-2.163830548524856567e-01 -4.798446968197822571e-02 9.751287102699279785e-01 4.738429007578775831e+00
-1.365726441144943237e-01 -9.874829053878784180e-01 -7.889808714389801025e-02 2.974150153535737306e-01
9.667093753814697266e-01 -1.502481997013092041e-01 2.071210443973541260e-01 1.818181754192739419e+00
0.000000000000000000e+00 0.000000000000000000e+00 0.000000000000000000e+00 1.000000000000000000e+00
-2.020328789949417114e-01 -5.557849258184432983e-02 9.778004884719848633e-01 4.756258475142443487e+00
-1.495225876569747925e-01 -9.849339723587036133e-01 -8.687828481197357178e-02 2.888163477824730596e-01
9.678975343704223633e-01 -1.637555211782455444e-01 1.906787306070327759e-01 1.822942786705456619e+00
0.000000000000000000e+00 0.000000000000000000e+00 0.000000000000000000e+00 1.000000000000000000e+00
-2.047065645456314087e-01 -5.295341834425926208e-02 9.773899912834167480e-01 4.736279836709558211e+00
-1.782224178314208984e-01 -9.798279404640197754e-01 -9.041271358728408813e-02 2.995809518190294951e-01
9.624615311622619629e-01 -1.927008032798767090e-01 1.911397427320480347e-01 1.945228267932760824e+00
0.000000000000000000e+00 0.000000000000000000e+00 0.000000000000000000e+00 1.000000000000000000e+00
-1.913157105445861816e-01 -5.719000473618507385e-02 9.798611998558044434e-01 4.748499476249198104e+00
-1.861097067594528198e-01 -9.780771732330322266e-01 -9.342336654663085938e-02 3.334745639069909839e-01
9.637230634689331055e-01 -2.002350538969039917e-01 1.764778643846511841e-01 1.989884276752448500e+00
0.000000000000000000e+00 0.000000000000000000e+00 0.000000000000000000e+00 1.000000000000000000e+00
-1.569330245256423950e-01 -5.095792561769485474e-02 9.862934947013854980e-01 4.782546533224621754e+00
-2.144988328218460083e-01 -9.730705022811889648e-01 -8.440444618463516235e-02 3.898888855568207745e-01
9.640345573425292969e-01 -2.248046994209289551e-01 1.417765319347381592e-01 1.941708484769916865e+00
0.000000000000000000e+00 0.000000000000000000e+00 0.000000000000000000e+00 1.000000000000000000e+00
-7.160715758800506592e-02 -7.566118240356445312e-02 9.945590496063232422e-01 4.917469702645687946e+00
-2.327666878700256348e-01 -9.683201313018798828e-01 -9.042396396398544312e-02 3.539399006543333392e-01
9.698932766914367676e-01 -2.379752397537231445e-01 5.172703787684440613e-02 1.752532837970128599e+00
0.000000000000000000e+00 0.000000000000000000e+00 0.000000000000000000e+00 1.000000000000000000e+00
-4.632629454135894775e-02 -1.210979670286178589e-01 9.915581345558166504e-01 5.092274753351810901e+00
-2.402987778186798096e-01 -9.621247649192810059e-01 -1.287302523851394653e-01 1.760079422439527197e-01
9.695926904678344727e-01 -2.442340552806854248e-01 1.547199673950672150e-02 1.916751952325047359e+00
0.000000000000000000e+00 0.000000000000000000e+00 0.000000000000000000e+00 1.000000000000000000e+00
-2.130044065415859222e-02 -1.319798231124877930e-01 9.910231828689575195e-01 5.228952655709302455e+00
-2.703611850738525391e-01 -9.535555243492126465e-01 -1.328011304140090942e-01 1.840743393362669622e-01
9.625230431556701660e-01 -2.707630395889282227e-01 -1.537114568054676056e-02 1.811850311097502164e+00
0.000000000000000000e+00 0.000000000000000000e+00 0.000000000000000000e+00 1.000000000000000000e+00
-5.519580096006393433e-02 -1.763877719640731812e-01 9.827720522880554199e-01 5.099957563026650043e+00
-1.982512772083282471e-01 -9.627395868301391602e-01 -1.839268207550048828e-01 -1.122150153473543549e-01
9.785956144332885742e-01 -2.049878835678100586e-01 1.816999912261962891e-02 1.822264424888446088e+00
0.000000000000000000e+00 0.000000000000000000e+00 0.000000000000000000e+00 1.000000000000000000e+00
-4.405434429645538330e-02 -1.949394047260284424e-01 9.798253178596496582e-01 5.059796718092948176e+00
-1.628395617008209229e-01 -9.662597179412841797e-01 -1.995620578527450562e-01 -2.147743465330446966e-01
9.856683015823364258e-01 -1.683458834886550903e-01 1.082426495850086212e-02 1.704188199568680506e+00
0.000000000000000000e+00 0.000000000000000000e+00 0.000000000000000000e+00 1.000000000000000000e+00
-6.151763722300529480e-02 -2.556034922599792480e-01 9.648232460021972656e-01 4.763288120996985064e+00
-6.578340381383895874e-02 -9.635128378868103027e-01 -2.594507336616516113e-01 -6.236749125899681001e-01
9.959355592727661133e-01 -7.943033427000045776e-02 4.245906695723533630e-02 1.614097821763135876e+00
0.000000000000000000e+00 0.000000000000000000e+00 0.000000000000000000e+00 1.000000000000000000e+00
-6.430928409099578857e-02 -3.113711774349212646e-01 9.481100440025329590e-01 4.494935011471850927e+00
-3.324497491121292114e-02 -9.488804936408996582e-01 -3.138792216777801514e-01 -1.019217837060836684e+00
9.973765015602111816e-01 -5.170524120330810547e-02 5.067031458020210266e-02 1.512029467095084012e+00
0.000000000000000000e+00 0.000000000000000000e+00 0.000000000000000000e+00 1.000000000000000000e+00
-4.814391210675239563e-02 -3.876365423202514648e-01 9.205539226531982422e-01 4.251144194868218484e+00
3.350513521581888199e-03 -9.216803312301635742e-01 -3.879353702068328857e-01 -1.405325351821737456e+00
9.988346099853515625e-01 -1.559246797114610672e-02 4.567203670740127563e-02 1.415969941800579113e+00
0.000000000000000000e+00 0.000000000000000000e+00 0.000000000000000000e+00 1.000000000000000000e+00
4.723611846566200256e-02 -4.337800145149230957e-01 8.997797369956970215e-01 4.130983480151110498e+00
6.072225794196128845e-02 -8.978722691535949707e-01 -4.360480904579162598e-01 -1.634972155892695955e+00
9.970364570617675781e-01 7.523383200168609619e-02 -1.607189700007438660e-02 1.054932449674465866e+00
0.000000000000000000e+00 0.000000000000000000e+00 0.000000000000000000e+00 1.000000000000000000e+00
3.362649977207183838e-01 -4.477595686912536621e-01 8.285149335861206055e-01 3.887749003569383799e+00
1.261340677738189697e-01 -8.504057526588439941e-01 -5.107833147048950195e-01 -2.006095295010086321e+00
9.332825541496276855e-01 2.762626707553863525e-01 -2.294840812683105469e-01 -1.984095697029147030e-03
0.000000000000000000e+00 0.000000000000000000e+00 0.000000000000000000e+00 1.000000000000000000e+00
4.593990743160247803e-01 -4.468999207019805908e-01 7.676150798797607422e-01 3.629893339792826357e+00
1.425696760416030884e-01 -8.159021139144897461e-01 -5.603367686271667480e-01 -2.272143482268998760e+00
8.767133951187133789e-01 3.668567538261413574e-01 -3.111104369163513184e-01 -4.153782724661745362e-01
0.000000000000000000e+00 0.000000000000000000e+00 0.000000000000000000e+00 1.000000000000000000e+00
4.885157048702239990e-01 -4.808952212333679199e-01 7.280740141868591309e-01 3.386421565541270606e+00
1.650627702474594116e-01 -7.684180736541748047e-01 -6.182947754859924316e-01 -2.520275695455844289e+00
8.568001389503479004e-01 4.222245812416076660e-01 -2.960063219070434570e-01 -3.913664912897816817e-01
0.000000000000000000e+00 0.000000000000000000e+00 0.000000000000000000e+00 1.000000000000000000e+00
4.980140328407287598e-01 -5.020521879196166992e-01 7.070541381835937500e-01 3.204586075342914508e+00
1.614033728837966919e-01 -7.474457621574401855e-01 -6.444172263145446777e-01 -2.643971867680207311e+00
8.520157933235168457e-01 4.350497424602508545e-01 -2.912055253982543945e-01 -3.959241789451695692e-01
0.000000000000000000e+00 0.000000000000000000e+00 0.000000000000000000e+00 1.000000000000000000e+00
5.147145390510559082e-01 -5.063575506210327148e-01 6.918606162071228027e-01 3.058995621707241153e+00
1.838649213314056396e-01 -7.229978442192077637e-01 -6.659333705902099609e-01 -2.723198139123593986e+00
8.374145030975341797e-01 4.699746966361999512e-01 -2.790361344814300537e-01 -3.778642092344082215e-01
0.000000000000000000e+00 0.000000000000000000e+00 0.000000000000000000e+00 1.000000000000000000e+00
5.253435969352722168e-01 -5.341858863830566406e-01 6.623136997222900391e-01 2.851766701514715230e+00
1.824647635221481323e-01 -6.895462274551391602e-01 -7.008797526359558105e-01 -2.862393460239268883e+00
8.310961127281188965e-01 4.890517592430114746e-01 -2.647784352302551270e-01 -3.680266236241537814e-01
0.000000000000000000e+00 0.000000000000000000e+00 0.000000000000000000e+00 1.000000000000000000e+00
5.320274233818054199e-01 -5.829130411148071289e-01 6.141324639320373535e-01 2.516481958847704536e+00
1.474416702985763550e-01 -6.504428982734680176e-01 -7.451071143150329590e-01 -3.012889983675823835e+00
8.337910771369934082e-01 4.869663417339324951e-01 -2.601079046726226807e-01 -4.401421493613754676e-01
0.000000000000000000e+00 0.000000000000000000e+00 0.000000000000000000e+00 1.000000000000000000e+00
5.200400948524475098e-01 -6.098459959030151367e-01 5.980346798896789551e-01 2.391337993064194478e+00
1.340817958116531372e-01 -6.331922411918640137e-01 -7.622923851013183594e-01 -3.064771666859911203e+00
8.435518145561218262e-01 4.766083061695098877e-01 -2.475160658359527588e-01 -4.507466865959801061e-01
0.000000000000000000e+00 0.000000000000000000e+00 0.000000000000000000e+00 1.000000000000000000e+00
5.380858182907104492e-01 -6.470497846603393555e-01 5.401761531829833984e-01 2.075323964009042399e+00
1.310893744230270386e-01 -5.688229799270629883e-01 -8.119460344314575195e-01 -3.201122987307254419e+00
8.326339125633239746e-01 5.077079534530639648e-01 -2.212541997432708740e-01 -4.653350122301369018e-01
0.000000000000000000e+00 0.000000000000000000e+00 0.000000000000000000e+00 1.000000000000000000e+00
3.801427781581878662e-01 -7.697508335113525391e-01 5.128116607666015625e-01 1.920896553085324809e+00
9.917963296175003052e-02 -5.173134207725524902e-01 -8.500295281410217285e-01 -3.279869107947141593e+00
9.195953011512756348e-01 3.739930391311645508e-01 -1.203094124794006348e-01 -2.096858472454364297e-01
0.000000000000000000e+00 0.000000000000000000e+00 0.000000000000000000e+00 1.000000000000000000e+00
4.980573058128356934e-01 -7.539710998535156250e-01 4.283298552036285400e-01 1.536775711876259054e+00
2.326552383601665497e-02 -4.821577966213226318e-01 -8.757752180099487305e-01 -3.273294216489964548e+00
8.668318390846252441e-01 4.461515545845031738e-01 -2.226007282733917236e-01 -6.556813738299455130e-01
0.000000000000000000e+00 0.000000000000000000e+00 0.000000000000000000e+00 1.000000000000000000e+00
5.862736105918884277e-01 -7.300187349319458008e-01 3.512203991413116455e-01 1.287111877149077044e+00
-3.306563571095466614e-02 -4.547470211982727051e-01 -8.900066614151000977e-01 -3.220809765479004660e+00
8.094381690025329590e-01 5.101739764213562012e-01 -2.907446920871734619e-01 -9.078359412479258816e-01
0.000000000000000000e+00 0.000000000000000000e+00 0.000000000000000000e+00 1.000000000000000000e+00
5.835221409797668457e-01 -7.759780287742614746e-01 2.394987046718597412e-01 9.585428966295261866e-01
-1.126247122883796692e-01 -3.693899214267730713e-01 -9.224243760108947754e-01 -3.370049563630697964e+00
8.042497038841247559e-01 5.112814903259277344e-01 -3.029415011405944824e-01 -8.923098086750950175e-01
0.000000000000000000e+00 0.000000000000000000e+00 0.000000000000000000e+00 1.000000000000000000e+00
5.743397474288940430e-01 -8.112085461616516113e-01 1.098836362361907959e-01 4.890915196710954871e-01
-1.840601861476898193e-01 -2.587613761425018311e-01 -9.482424259185791016e-01 -3.590549098076144308e+00
7.976565957069396973e-01 5.243885517120361328e-01 -2.979281842708587646e-01 -8.219198496891276795e-01
0.000000000000000000e+00 0.000000000000000000e+00 0.000000000000000000e+00 1.000000000000000000e+00
5.848919153213500977e-01 -8.111062049865722656e-01 -2.936450066044926643e-03 1.167082983110977537e-02
-2.062015533447265625e-01 -1.451895684003829956e-01 -9.676777720451354980e-01 -3.780972144917916555e+00
7.844635248184204102e-01 5.665921568870544434e-01 -2.521715760231018066e-01 -6.478622568815513016e-01
0.000000000000000000e+00 0.000000000000000000e+00 0.000000000000000000e+00 1.000000000000000000e+00
5.866755247116088867e-01 -8.018304705619812012e-01 -1.134941056370735168e-01 -5.258718833462455722e-01
-2.263836711645126343e-01 -2.782545983791351318e-02 -9.736403226852416992e-01 -3.888131090150178437e+00
7.775364518165588379e-01 5.969042181968688965e-01 -1.978459358215332031e-01 -4.620838258235895890e-01
0.000000000000000000e+00 0.000000000000000000e+00 0.000000000000000000e+00 1.000000000000000000e+00
6.017032861709594727e-01 -7.665926814079284668e-01 -2.242536693811416626e-01 -1.094379859137306177e+00
-2.390127480030059814e-01 9.508659690618515015e-02 -9.663491845130920410e-01 -3.953559375094487294e+00
7.621195912361145020e-01 6.350549459457397461e-01 -1.260115504264831543e-01 -2.008460254213487728e-01
0.000000000000000000e+00 0.000000000000000000e+00 0.000000000000000000e+00 1.000000000000000000e+00
5.683193206787109375e-01 -8.188126087188720703e-01 -8.098893612623214722e-02 -3.632430329167294358e-01
-3.083376288414001465e-01 -1.206793114542961121e-01 -9.435911774635314941e-01 -3.622895389478179240e+00
7.628507018089294434e-01 5.612327456474304199e-01 -3.210551440715789795e-01 -1.120420626198412206e+00
0.000000000000000000e+00 0.000000000000000000e+00 0.000000000000000000e+00 1.000000000000000000e+00
5.487324595451354980e-01 -8.359773159027099609e-01 5.905461963266134262e-03 3.719424279847877851e-02
-3.840554356575012207e-01 -2.583544552326202393e-01 -8.864277601242065430e-01 -3.260947793329069366e+00
7.425591945648193359e-01 4.841439425945281982e-01 -4.628292322158813477e-01 -1.645228529769479753e+00
0.000000000000000000e+00 0.000000000000000000e+00 0.000000000000000000e+00 1.000000000000000000e+00
5.385700464248657227e-01 -8.323652148246765137e-01 1.308068186044692993e-01 5.444869841329827986e-01
-4.485664963722229004e-01 -4.146603643894195557e-01 -7.917349934577941895e-01 -2.713884800811086073e+00
7.132532000541687012e-01 3.677292764186859131e-01 -5.966949462890625000e-01 -2.095827043360750430e+00
0.000000000000000000e+00 0.000000000000000000e+00 0.000000000000000000e+00 1.000000000000000000e+00
5.509729981422424316e-01 -8.083731532096862793e-01 2.072716802358627319e-01 8.265293021910711246e-01
-5.121825933456420898e-01 -5.236503481864929199e-01 -6.807786226272583008e-01 -2.144955899429271895e+00
6.588609218597412109e-01 2.689296901226043701e-01 -7.025516033172607422e-01 -2.402675945942326141e+00
0.000000000000000000e+00 0.000000000000000000e+00 0.000000000000000000e+00 1.000000000000000000e+00
5.621061921119689941e-01 -7.906534075736999512e-01 2.427008748054504395e-01 9.364261982551066454e-01
-5.677571892738342285e-01 -5.822650790214538574e-01 -5.819101333618164062e-01 -1.705783586095330095e+00
6.014055609703063965e-01 1.893000453710556030e-01 -7.761937975883483887e-01 -2.603693659149912243e+00
0.000000000000000000e+00 0.000000000000000000e+00 0.000000000000000000e+00 1.000000000000000000e+00
5.770727396011352539e-01 -7.907128930091857910e-01 2.043535411357879639e-01 7.431729401998964368e-01
-6.619015932083129883e-01 -5.993955731391906738e-01 -4.501236975193023682e-01 -1.221004684396425288e+00
4.784071147441864014e-01 1.244920790195465088e-01 -8.692689538002014160e-01 -2.866534954905947341e+00
0.000000000000000000e+00 0.000000000000000000e+00 0.000000000000000000e+00 1.000000000000000000e+00
5.760986804962158203e-01 -7.863584756851196289e-01 2.230485826730728149e-01 7.449311453012233963e-01
-7.067227959632873535e-01 -6.163054108619689941e-01 -3.474347293376922607e-01 -8.279707958856206140e-01
4.106741845607757568e-01 4.252313077449798584e-02 -9.107902050018310547e-01 -2.956042207417489909e+00
0.000000000000000000e+00 0.000000000000000000e+00 0.000000000000000000e+00 1.000000000000000000e+00
5.740381479263305664e-01 -7.746160626411437988e-01 2.654234170913696289e-01 8.293063396791626740e-01
-7.480101585388183594e-01 -6.279447674751281738e-01 -2.148632854223251343e-01 -3.150948381909400853e-01
3.331078290939331055e-01 -7.519978284835815430e-02 -9.398853182792663574e-01 -2.991332299427592378e+00
0.000000000000000000e+00 0.000000000000000000e+00 0.000000000000000000e+00 1.000000000000000000e+00
5.653396248817443848e-01 -7.785901427268981934e-01 2.723754346370697021e-01 8.301457107428836801e-01
-7.748995423316955566e-01 -6.144813299179077148e-01 -1.481325179338455200e-01 -6.750061835467384419e-02
2.827041745185852051e-01 -1.273184716701507568e-01 -9.507199525833129883e-01 -3.003775943205725163e+00
0.000000000000000000e+00 0.000000000000000000e+00 0.000000000000000000e+00 1.000000000000000000e+00
5.461044907569885254e-01 -7.943032383918762207e-01 2.661805748939514160e-01 7.685599218878206296e-01
-8.218245506286621094e-01 -5.695785880088806152e-01 -1.358468178659677505e-02 3.970672640750284588e-01
1.624011099338531494e-01 -2.113351523876190186e-01 -9.638274908065795898e-01 -3.014459100174167183e+00
0.000000000000000000e+00 0.000000000000000000e+00 0.000000000000000000e+00 1.000000000000000000e+00
5.349754095077514648e-01 -7.961262464523315430e-01 2.828147709369659424e-01 7.859470356430581228e-01
-8.432863354682922363e-01 -5.236387252807617188e-01 1.211212873458862305e-01 8.714767437055050969e-01
5.166492238640785217e-02 -3.032907843589782715e-01 -9.514964818954467773e-01 -2.949177042974560958e+00
0.000000000000000000e+00 0.000000000000000000e+00 0.000000000000000000e+00 1.000000000000000000e+00
5.444365739822387695e-01 -7.814484834671020508e-01 3.048388659954071045e-01 8.220933635178310217e-01
-8.374801874160766602e-01 -4.860179424285888672e-01 2.498267143964767456e-01 1.305083573521444995e+00
-4.706957936286926270e-02 -3.913114070892333984e-01 -9.190539121627807617e-01 -2.786449570661257535e+00
0.000000000000000000e+00 0.000000000000000000e+00 0.000000000000000000e+00 1.000000000000000000e+00
5.194541811943054199e-01 -7.820446491241455078e-01 3.443448543548583984e-01 9.308703375941171920e-01
-8.395264744758605957e-01 -3.919750452041625977e-01 3.762321174144744873e-01 1.740817649965368918e+00
-1.592557877302169800e-01 -4.845219850540161133e-01 -8.601603507995605469e-01 -2.519923216693074952e+00
0.000000000000000000e+00 0.000000000000000000e+00 0.000000000000000000e+00 1.000000000000000000e+00
5.024346709251403809e-01 -7.933186292648315430e-01 3.438093364238739014e-01 9.338907242394368646e-01
-8.206626176834106445e-01 -3.123989105224609375e-01 4.784555435180664062e-01 2.088486711993055245e+00
-2.721621692180633545e-01 -5.225440859794616699e-01 -8.080070614814758301e-01 -2.279987891995889360e+00
0.000000000000000000e+00 0.000000000000000000e+00 0.000000000000000000e+00 1.000000000000000000e+00
4.929673373699188232e-01 -7.860366702079772949e-01 3.730007410049438477e-01 1.073728792680705313e+00
-8.027751445770263672e-01 -2.456328421831130981e-01 5.433380603790283203e-01 2.302072670096376505e+00
-3.354624211788177490e-01 -5.672835707664489746e-01 -7.520997524261474609e-01 -2.044781060666059691e+00
0.000000000000000000e+00 0.000000000000000000e+00 0.000000000000000000e+00 1.000000000000000000e+00
4.432754516601562500e-01 -8.322162032127380371e-01 3.330510556697845459e-01 1.020290488368991610e+00
-7.836270332336425781e-01 -1.793675273656845093e-01 5.947737693786621094e-01 2.454149524586598741e+00
-4.352418482303619385e-01 -5.246364474296569824e-01 -7.316563725471496582e-01 -1.878590947103717657e+00
0.000000000000000000e+00 0.000000000000000000e+00 0.000000000000000000e+00 1.000000000000000000e+00
4.238691627979278564e-01 -8.319507837295532227e-01 3.580398261547088623e-01 1.187318683333805636e+00
-7.764244675636291504e-01 -1.302132159471511841e-01 6.166113018989562988e-01 2.480612976598649766e+00
-4.663687348365783691e-01 -5.393534302711486816e-01 -7.011405229568481445e-01 -1.686667429001009078e+00
0.000000000000000000e+00 0.000000000000000000e+00 0.000000000000000000e+00 1.000000000000000000e+00
3.038270771503448486e-01 -9.124111533164978027e-01 2.742173671722412109e-01 1.051186406889381475e+00
-7.694700360298156738e-01 -6.528340280055999756e-02 6.353376507759094238e-01 2.469825654683167393e+00
-5.617872476577758789e-01 -4.040347337722778320e-01 -7.219079136848449707e-01 -1.665087428115625157e+00
0.000000000000000000e+00 0.000000000000000000e+00 0.000000000000000000e+00 1.000000000000000000e+00
1.377827674150466919e-01 -9.584063291549682617e-01 2.499467283487319946e-01 1.118088477027241678e+00
-7.852577567100524902e-01 4.809722676873207092e-02 6.172983050346374512e-01 2.239991948935805333e+00
-6.036442518234252930e-01 -2.813256680965423584e-01 -7.459689378738403320e-01 -1.705500153811741360e+00
0.000000000000000000e+00 0.000000000000000000e+00 0.000000000000000000e+00 1.000000000000000000e+00
-3.129770234227180481e-02 -9.712846875190734863e-01 2.358525693416595459e-01 1.097616493564230966e+00
-7.898690700531005859e-01 1.686306446790695190e-01 5.896360874176025391e-01 2.021810630187916846e+00
-6.124765872955322266e-01 -1.678384393453598022e-01 -7.724654078483581543e-01 -1.800272993998521143e+00
0.000000000000000000e+00 0.000000000000000000e+00 0.000000000000000000e+00 1.000000000000000000e+00
-1.405793130397796631e-01 -9.540925025939941406e-01 2.644709050655364990e-01 1.165842152962481837e+00
-7.538703680038452148e-01 2.763134837150573730e-01 5.960958003997802734e-01 2.077816054818257818e+00
-6.418074965476989746e-01 -1.155779883265495300e-01 -7.581062316894531250e-01 -1.725388714366615339e+00
0.000000000000000000e+00 0.000000000000000000e+00 0.000000000000000000e+00 1.000000000000000000e+00
-1.479891985654830933e-01 -9.511228799819946289e-01 2.710429430007934570e-01 1.252369891169828886e+00
-7.094727158546447754e-01 2.930339872837066650e-01 6.409207582473754883e-01 2.269905740812673489e+00
-6.890191435813903809e-01 -9.744808077812194824e-02 -7.181617617607116699e-01 -1.530789545990934419e+00
0.000000000000000000e+00 0.000000000000000000e+00 0.000000000000000000e+00 1.000000000000000000e+00
-2.528041899204254150e-01 -9.380181431770324707e-01 2.370901554822921753e-01 1.285557339320391401e+00
-6.973362565040588379e-01 3.465206623077392578e-01 6.274117231369018555e-01 2.195148840030291204e+00
-6.706802845001220703e-01 -6.719198077917098999e-03 -7.417159676551818848e-01 -1.487313577214144811e+00
0.000000000000000000e+00 0.000000000000000000e+00 0.000000000000000000e+00 1.000000000000000000e+00
2.474180907011032104e-01 -9.104502201080322266e-01 3.314580321311950684e-01 9.881712765515040520e-01
-7.330780625343322754e-01 4.778450354933738708e-02 6.784637570381164551e-01 2.458310170185518562e+00
-6.335461139678955078e-01 -4.108489155769348145e-01 -6.556086540222167969e-01 -1.358090512104540792e+00
0.000000000000000000e+00 0.000000000000000000e+00 0.000000000000000000e+00 1.000000000000000000e+00
5.589334964752197266e-01 -7.414174675941467285e-01 3.713404834270477295e-01 9.190103151335438092e-01
-7.640018463134765625e-01 -2.863780558109283447e-01 5.781769752502441406e-01 2.337744501836203526e+00
-3.223266303539276123e-01 -6.068673133850097656e-01 -7.265106439590454102e-01 -2.090613042135475386e+00
0.000000000000000000e+00 0.000000000000000000e+00 0.000000000000000000e+00 1.000000000000000000e+00
6.125325560569763184e-01 -6.891233325004577637e-01 3.871859312057495117e-01 9.584606559237202061e-01
-7.675304412841796875e-01 -4.014461338520050049e-01 4.997377097606658936e-01 2.102514059785044687e+00
-1.889466494321823120e-01 -6.032825112342834473e-01 -7.748219966888427734e-01 -2.464938806953150152e+00
0.000000000000000000e+00 0.000000000000000000e+00 0.000000000000000000e+00 1.000000000000000000e+00
6.176827549934387207e-01 -6.909990310668945312e-01 3.754838109016418457e-01 9.242641966528282182e-01
-7.716088891029357910e-01 -4.402550160884857178e-01 4.591241776943206787e-01 1.985596347085788915e+00
-1.519458740949630737e-01 -5.733196735382080078e-01 -8.051190972328186035e-01 -2.664383331846295278e+00
0.000000000000000000e+00 0.000000000000000000e+00 0.000000000000000000e+00 1.000000000000000000e+00
6.432642340660095215e-01 -7.003880143165588379e-01 3.093019127845764160e-01 6.741977892065136313e-01
-7.566686868667602539e-01 -5.198649168014526367e-01 3.964755237102508545e-01 1.752937092746428061e+00
-1.168915480375289917e-01 -4.890776574611663818e-01 -8.643723130226135254e-01 -2.960415547917794488e+00
0.000000000000000000e+00 0.000000000000000000e+00 0.000000000000000000e+00 1.000000000000000000e+00
6.587388515472412109e-01 -7.147622108459472656e-01 2.349000275135040283e-01 3.859480835448772518e-01
-7.410485744476318359e-01 -5.624296069145202637e-01 3.667695224285125732e-01 1.658292722660997587e+00
-1.300383210182189941e-01 -4.156776368618011475e-01 -9.001677632331848145e-01 -3.151072122650359741e+00
0.000000000000000000e+00 0.000000000000000000e+00 0.000000000000000000e+00 1.000000000000000000e+00
6.683064699172973633e-01 -7.248742580413818359e-01 1.671030819416046143e-01 1.128295516985443198e-01
-7.306191325187683105e-01 -5.973768830299377441e-01 3.306602239608764648e-01 1.528513515938910494e+00
-1.398637145757675171e-01 -3.430710732936859131e-01 -9.288381338119506836e-01 -3.314844617394254733e+00
0.000000000000000000e+00 0.000000000000000000e+00 0.000000000000000000e+00 1.000000000000000000e+00
6.916907429695129395e-01 -7.133712768554687500e-01 1.125386506319046021e-01 -1.289595618394664689e-01
-7.116655111312866211e-01 -6.467701196670532227e-01 2.742631137371063232e-01 1.300731363624682890e+00
-1.228649020195007324e-01 -2.697951495647430420e-01 -9.550470113754272461e-01 -3.468823821431565424e+00
0.000000000000000000e+00 0.000000000000000000e+00 0.000000000000000000e+00 1.000000000000000000e+00
7.284946441650390625e-01 -6.838307380676269531e-01 4.087828844785690308e-02 -4.782157504435551876e-01
-6.760523319244384766e-01 -7.080034613609313965e-01 2.041671574115753174e-01 1.022152827669815300e+00
-1.106738224625587463e-01 -1.763705313205718994e-01 -9.780821800231933594e-01 -3.621166544548518829e+00
0.000000000000000000e+00 0.000000000000000000e+00 0.000000000000000000e+00 1.000000000000000000e+00
7.607859373092651367e-01 -6.490022540092468262e-01 7.894790614955127239e-04 -6.882234194054451804e-01
-6.419964432716369629e-01 -7.523941397666931152e-01 1.474564820528030396e-01 7.807327060561055632e-01
-9.510563313961029053e-02 -1.126896515488624573e-01 -9.890682101249694824e-01 -3.708307963100999416e+00
0.000000000000000000e+00 0.000000000000000000e+00 0.000000000000000000e+00 1.000000000000000000e+00
7.884423136711120605e-01 -6.120868921279907227e-01 -6.089487299323081970e-02 -9.999506640710474903e-01
-6.091428995132446289e-01 -7.907143831253051758e-01 6.095558032393455505e-02 3.980935368151530263e-01
-8.546057343482971191e-02 -1.096626091748476028e-02 -9.962812066078186035e-01 -3.781096840817302684e+00
0.000000000000000000e+00 0.000000000000000000e+00 0.000000000000000000e+00 1.000000000000000000e+00
8.121786713600158691e-01 -5.750174522399902344e-01 -9.859153628349304199e-02 -1.211304813780499146e+00
-5.790255069732666016e-01 -8.151593208312988281e-01 -1.563423685729503632e-02 5.314292879328978703e-02
-7.137782126665115356e-02 6.978486478328704834e-02 -9.950051307678222656e-01 -3.832269408723824711e+00
0.000000000000000000e+00 0.000000000000000000e+00 0.000000000000000000e+00 1.000000000000000000e+00
8.409802317619323730e-01 -5.261030793190002441e-01 -1.263638883829116821e-01 -1.378067834551562454e+00
-5.387519598007202148e-01 -8.358027935028076172e-01 -1.057334169745445251e-01 -3.613456371509911058e-01
-4.998858645558357239e-02 1.569985002279281616e-01 -9.863329529762268066e-01 -3.841503780086005015e+00
0.000000000000000000e+00 0.000000000000000000e+00 0.000000000000000000e+00 1.000000000000000000e+00
8.538804650306701660e-01 -5.078139901161193848e-01 -1.140743121504783630e-01 -1.377623397444190934e+00
-5.203636288642883301e-01 -8.285323381423950195e-01 -2.067756801843643188e-01 -8.267139713960470759e-01
1.048943120986223221e-02 2.359219044446945190e-01 -9.717151522636413574e-01 -3.839065725096995507e+00
0.000000000000000000e+00 0.000000000000000000e+00 0.000000000000000000e+00 1.000000000000000000e+00
8.533650636672973633e-01 -5.155547857284545898e-01 -7.727300375699996948e-02 -1.265588441438621814e+00
-5.144234299659729004e-01 -8.087632060050964355e-01 -2.850807011127471924e-01 -1.203963596674784364e+00
8.447926491498947144e-02 2.830287516117095947e-01 -9.553836584091186523e-01 -3.836616559180302310e+00
0.000000000000000000e+00 0.000000000000000000e+00 0.000000000000000000e+00 1.000000000000000000e+00
8.565030097961425781e-01 -5.154116153717041016e-01 -2.742628380656242371e-02 -1.097148761839057407e+00
-4.884193241596221924e-01 -7.921750545501708984e-01 -3.659301400184631348e-01 -1.593195266209199046e+00
1.668783724308013916e-01 3.268161416053771973e-01 -9.302381873130798340e-01 -3.807769019542279754e+00
0.000000000000000000e+00 0.000000000000000000e+00 0.000000000000000000e+00 1.000000000000000000e+00
8.607925176620483398e-01 -5.087254047393798828e-01 1.530409231781959534e-02 -9.551792801719237724e-01
-4.479859173297882080e-01 -7.716034650802612305e-01 -4.515930712223052979e-01 -2.023903334356077721e+00
2.415458410978317261e-01 3.818722367286682129e-01 -8.920924663543701172e-01 -3.733113505975016455e+00
0.000000000000000000e+00 0.000000000000000000e+00 0.000000000000000000e+00 1.000000000000000000e+00
8.729264140129089355e-01 -4.836964607238769531e-01 6.353864818811416626e-02 -7.694231701740420482e-01
-3.761182725429534912e-01 -7.502137422561645508e-01 -5.437957048416137695e-01 -2.507224323615265593e+00
3.106997609138488770e-01 4.507959187030792236e-01 -8.368087410926818848e-01 -3.651548582663510345e+00
0.000000000000000000e+00 0.000000000000000000e+00 0.000000000000000000e+00 1.000000000000000000e+00
9.076162576675415039e-01 -4.117181599140167236e-01 8.197754621505737305e-02 -6.904363789041362276e-01
-2.797245681285858154e-01 -7.387379407882690430e-01 -6.132045388221740723e-01 -2.861869659362723972e+00
3.130275607109069824e-01 5.336236953735351562e-01 -7.856584191322326660e-01 -3.563912331010232748e+00
0.000000000000000000e+00 0.000000000000000000e+00 0.000000000000000000e+00 1.000000000000000000e+00
9.214872121810913086e-01 -3.625471591949462891e-01 1.393569111824035645e-01 -4.387223300074243881e-01
-1.816373020410537720e-01 -7.193778753280639648e-01 -6.704503893852233887e-01 -3.168179285132765699e+00
3.433200418949127197e-01 5.924987792968750000e-01 -7.287494540214538574e-01 -3.455326822027077416e+00
0.000000000000000000e+00 0.000000000000000000e+00 0.000000000000000000e+00 1.000000000000000000e+00
8.947077989578247070e-01 -3.864949345588684082e-01 2.238735109567642212e-01 -2.292830136362612389e-02
-1.159920170903205872e-01 -6.850848197937011719e-01 -7.191690802574157715e-01 -3.408789400277348669e+00
4.313278198242187500e-01 6.174787878990173340e-01 -6.577811837196350098e-01 -3.288347237370881970e+00
0.000000000000000000e+00 0.000000000000000000e+00 0.000000000000000000e+00 1.000000000000000000e+00
8.334046006202697754e-01 -4.511053860187530518e-01 3.192811608314514160e-01 4.994839572325839860e-01
-6.606233119964599609e-02 -6.548858880996704102e-01 -7.528347373008728027e-01 -3.595546634620998105e+00
5.487005114555358887e-01 6.063234210014343262e-01 -5.755861997604370117e-01 -3.029656666742619908e+00
0.000000000000000000e+00 0.000000000000000000e+00 0.000000000000000000e+00 1.000000000000000000e+00
9.327859282493591309e-01 -2.659826278686523438e-01 2.432346493005752563e-01 -1.291212247155349054e-02
-1.928237825632095337e-02 -7.107051610946655273e-01 -7.032253742218017578e-01 -3.320607919529849461e+00
3.599140644073486328e-01 6.512690782546997070e-01 -6.680650115013122559e-01 -3.168057754938291115e+00
0.000000000000000000e+00 0.000000000000000000e+00 0.000000000000000000e+00 1.000000000000000000e+00
9.095790982246398926e-01 -2.808421850204467773e-01 3.062578141689300537e-01 2.416509121302411744e-01
5.287955282256007195e-04 -7.362442612648010254e-01 -6.767150759696960449e-01 -3.143708062136392201e+00
4.155307412147521973e-01 6.156881451606750488e-01 -6.695239543914794922e-01 -3.231880907651065726e+00
0.000000000000000000e+00 0.000000000000000000e+00 0.000000000000000000e+00 1.000000000000000000e+00
8.844538927078247070e-01 -3.523904681205749512e-01 3.058802783489227295e-01 2.208201052258549624e-01
-3.717496246099472046e-02 -7.066405415534973145e-01 -7.065955996513366699e-01 -3.255856012308322001e+00
4.651446640491485596e-01 6.135795712471008301e-01 -6.380909085273742676e-01 -3.115343545815573822e+00
0.000000000000000000e+00 0.000000000000000000e+00 0.000000000000000000e+00 1.000000000000000000e+00
8.136382102966308594e-01 -4.256772696971893311e-01 3.959689140319824219e-01 6.898525902901169182e-01
3.465589135885238647e-02 -6.443711519241333008e-01 -7.639270424842834473e-01 -3.615488368901218497e+00
5.803374648094177246e-01 6.352831125259399414e-01 -5.095326900482177734e-01 -2.580144246332488400e+00
0.000000000000000000e+00 0.000000000000000000e+00 0.000000000000000000e+00 1.000000000000000000e+00
6.852393746376037598e-01 -5.432734489440917969e-01 4.850780963897705078e-01 1.264307987738326533e+00
8.219655603170394897e-02 -6.040839552879333496e-01 -7.926704287528991699e-01 -3.786839111554066051e+00
7.236649990081787109e-01 5.830406546592712402e-01 -3.692868649959564209e-01 -2.032428486813053325e+00
0.000000000000000000e+00 0.000000000000000000e+00 0.000000000000000000e+00 1.000000000000000000e+00
5.847974419593811035e-01 -6.043759584426879883e-01 5.410559773445129395e-01 1.656365602683586014e+00
1.358698904514312744e-01 -5.845965743064880371e-01 -7.998663783073425293e-01 -3.864624732177531552e+00
7.997193336486816406e-01 5.412728786468505859e-01 -2.597542107105255127e-01 -1.512237372104230371e+00
0.000000000000000000e+00 0.000000000000000000e+00 0.000000000000000000e+00 1.000000000000000000e+00
4.504287242889404297e-01 -6.511432528495788574e-01 6.108403801918029785e-01 2.135717213027562345e+00
2.534391283988952637e-01 -5.627796053886413574e-01 -7.867953181266784668e-01 -3.873273795742057324e+00
8.560856580734252930e-01 5.092063546180725098e-01 -8.846700191497802734e-02 -6.835930658223453582e-01
0.000000000000000000e+00 0.000000000000000000e+00 0.000000000000000000e+00 1.000000000000000000e+00
4.256396889686584473e-01 -6.326712369918823242e-01 6.469606161117553711e-01 2.351694996724349895e+00
3.382672071456909180e-01 -5.518784523010253906e-01 -7.622371315956115723e-01 -3.812408530706377974e+00
8.392890095710754395e-01 5.432839393615722656e-01 -2.088949643075466156e-02 -2.870601279333933054e-01
0.000000000000000000e+00 0.000000000000000000e+00 0.000000000000000000e+00 1.000000000000000000e+00
4.029767811298370361e-01 -6.219257712364196777e-01 6.714296340942382812e-01 2.521912027934554157e+00
3.920322656631469727e-01 -5.456206202507019043e-01 -7.406813502311706543e-01 -3.732987222800247196e+00
8.269945383071899414e-01 5.616994500160217285e-01 2.394245937466621399e-02 3.182975499427261913e-03
0.000000000000000000e+00 0.000000000000000000e+00 0.000000000000000000e+00 1.000000000000000000e+00
6.106904745101928711e-01 -3.577068448066711426e-01 7.064721584320068359e-01 2.770584708389471018e+00
