0.9052963256835938 0.424683690071106 -0.009064611047506332 -0.02731785736978054 
-0.3738140463829041 0.8066299557685852 0.4578327536582947 -0.1208074614405632 
0.2017460763454437 -0.4110857844352722 0.8889920115470886 -0.2435456663370132 
0 0 0 1 

0.91496741771698 0.4034965038299561 -0.005010097287595272 -0.03138670697808266 
-0.3347182273864746 0.7658237218856812 0.5490697026252747 -0.1508995145559311 
0.2253846526145935 -0.5007038712501526 0.8357614874839783 -0.230517640709877 
0 0 0 1 

0.9100214242935181 0.4141907095909119 0.01751822791993618 -0.03911055997014046 
-0.3324614763259888 0.7039058208465576 0.6276827454566956 -0.1747550368309021 
0.2476493418216705 -0.5770288109779358 0.7782719731330872 -0.216708242893219 
0 0 0 1 

0.9154271483421326 0.4010543823242188 0.03388966619968414 -0.04607174172997475 
-0.2987591624259949 0.620676577091217 0.7249161005020142 -0.2055085748434067 
0.2696962952613831 -0.6737327575683594 0.68800288438797 -0.1919902265071869 
0 0 0 1 

0.9253230690956116 0.3749891519546509 0.05621695145964622 -0.0542188286781311 
-0.2694619297981262 0.5460004210472107 0.7932676672935486 -0.228124126791954 
0.2667723298072815 -0.7491771578788757 0.6062721610069275 -0.1671288907527924 
0 0 0 1 

0.9314467310905457 0.3603568077087402 0.05049675330519676 -0.05443887412548065 
-0.229302778840065 0.4735326766967773 0.8504039645195007 -0.2478297054767609 
0.282537043094635 -0.8036850094795227 0.5237013101577759 -0.1440697014331818 
0 0 0 1 

0.9426934123039246 0.3290440738201141 0.05530915409326553 -0.05874958261847496 
-0.1949021518230438 0.4084964394569397 0.8917083144187927 -0.2616695463657379 
0.270817756652832 -0.8513874411582947 0.4492183327674866 -0.1230158135294914 
0 0 0 1 

0.9556816816329956 0.2900324165821075 0.05053378269076347 -0.06013530120253563 
-0.1529953926801682 0.3426296412944794 0.9269288182258606 -0.2753167748451233 
0.2515251040458679 -0.8935803771018982 0.3718185424804688 -0.09923065453767776 
0 0 0 1 

0.9611573815345764 0.2639825046062469 0.08055876195430756 -0.07138153910636902 
-0.1507339775562286 0.2575594186782837 0.9544329047203064 -0.2876140177249908 
0.2312049716711044 -0.9295031428337097 0.2873462438583374 -0.06901875883340836 
0 0 0 1 

0.9639244079589844 0.2553638815879822 0.07509544491767883 -0.07131718099117279 
-0.1376011073589325 0.2365586459636688 0.9618244171142578 -0.2921996414661407 
0.2278508991003036 -0.9374591112136841 0.2631629705429077 -0.05982241034507751 
0 0 0 1 

