1.000000000000000000e+00 0.000000000000000000e+00 0.000000000000000000e+00 -4.255350477121360719e-01
0.000000000000000000e+00 -1.000000000000000000e+00 0.000000000000000000e+00 3.076616963927396031e-01
0.000000000000000000e+00 0.000000000000000000e+00 -1.000000000000000000e+00 -5.117628744684824760e+00
0.000000000000000000e+00 0.000000000000000000e+00 0.000000000000000000e+00 1.000000000000000000e+00
9.974249005317687988e-01 -5.127038434147834778e-02 5.014711245894432068e-02 -1.405238085529486591e-01
-5.230646952986717224e-02 -9.984392523765563965e-01 1.957027241587638855e-02 3.653582885406341241e-01
4.906544834375381470e-02 -2.214295789599418640e-02 -9.985500574111938477e-01 -5.075559597921346366e+00
0.000000000000000000e+00 0.000000000000000000e+00 0.000000000000000000e+00 1.000000000000000000e+00
9.877501130104064941e-01 -6.298579275608062744e-02 1.427671015262603760e-01 3.570227674130648787e-01
-6.717042624950408936e-02 -9.974362254142761230e-01 2.467850595712661743e-02 3.999111407374707494e-01
1.408466696739196777e-01 -3.396594896912574768e-02 -9.894484877586364746e-01 -4.990551080665403205e+00
0.000000000000000000e+00 0.000000000000000000e+00 0.000000000000000000e+00 1.000000000000000000e+00
9.732118248939514160e-01 -5.454671010375022888e-02 2.233459353446960449e-01 7.996365913925030933e-01
-5.339842662215232849e-02 -9.985106587409973145e-01 -1.118217036128044128e-02 2.246895294478981064e-01
2.236232459545135498e-01 -1.043687458150088787e-03 -9.746751189231872559e-01 -4.905150506389742482e+00
0.000000000000000000e+00 0.000000000000000000e+00 0.000000000000000000e+00 1.000000000000000000e+00
9.764177203178405762e-01 -5.741204693913459778e-02 2.081156671047210693e-01 7.370771082943928798e-01
-5.130106210708618164e-02 -9.980820417404174805e-01 -3.464735671877861023e-02 1.451856584206491219e-01
2.097057104110717773e-01 2.315371111035346985e-02 -9.774903655052185059e-01 -4.872018116854043512e+00
0.000000000000000000e+00 0.000000000000000000e+00 0.000000000000000000e+00 1.000000000000000000e+00
1.676352322101593018e-01 -9.288217127323150635e-02 9.814637303352355957e-01 5.113876777683140418e+00
-4.312720522284507751e-02 -9.952898025512695312e-01 -8.682440966367721558e-02 -6.989457064914167406e-02
9.849051833152770996e-01 -2.777297608554363251e-02 -1.708513498306274414e-01 -8.837022126799622956e-01
0.000000000000000000e+00 0.000000000000000000e+00 0.000000000000000000e+00 1.000000000000000000e+00
1.390213519334793091e-01 -1.056727468967437744e-01 9.846352934837341309e-01 5.102652756627780839e+00
-3.434042632579803467e-02 -9.942067861557006836e-01 -1.018514335155487061e-01 -8.704290486417287642e-02
9.896938204765319824e-01 -1.965326815843582153e-02 -1.418448835611343384e-01 -6.374317247108595152e-01
0.000000000000000000e+00 0.000000000000000000e+00 0.000000000000000000e+00 1.000000000000000000e+00
1.390100717544555664e-01 -1.046009808778762817e-01 9.847510457038879395e-01 5.056852322256611743e+00
-2.862879820168018341e-02 -9.944146275520324707e-01 -1.015861406922340393e-01 -3.655656384819193361e-02
9.898769259452819824e-01 -1.407076232135295868e-02 -1.412283182144165039e-01 -5.304771411842192919e-01
0.000000000000000000e+00 0.000000000000000000e+00 0.000000000000000000e+00 1.000000000000000000e+00
1.531741768121719360e-01 -9.886944293975830078e-02 9.832409024238586426e-01 4.997183466041222211e+00
-4.294100403785705566e-02 -9.947084188461303711e-01 -9.333299845457077026e-02 3.052524972610991608e-02
9.872654080390930176e-01 -2.792515605688095093e-02 -1.566091477870941162e-01 -4.768678079499368838e-01
0.000000000000000000e+00 0.000000000000000000e+00 0.000000000000000000e+00 1.000000000000000000e+00
1.628712862730026245e-01 -1.021952554583549500e-01 9.813404083251953125e-01 4.962196742038785580e+00
-6.256274133920669556e-02 -9.936894774436950684e-01 -9.309789538383483887e-02 5.448248381193219331e-02
9.846618175506591797e-01 -4.623239114880561829e-02 -1.682371348142623901e-01 -4.093843982028810835e-01
0.000000000000000000e+00 0.000000000000000000e+00 0.000000000000000000e+00 1.000000000000000000e+00
1.819897890090942383e-01 -9.712505340576171875e-02 9.784918427467346191e-01 4.917359783825382635e+00
-8.124664425849914551e-02 -9.931921362876892090e-01 -8.347310870885848999e-02 1.355784385510096501e-01
9.799382686614990234e-01 -6.430798768997192383e-02 -1.886419951915740967e-01 -3.835993576101961455e-01
0.000000000000000000e+00 0.000000000000000000e+00 0.000000000000000000e+00 1.000000000000000000e+00
1.802701801061630249e-01 -8.865059167146682739e-02 9.796138405799865723e-01 4.902734231623247396e+00
-1.139416843652725220e-01 -9.911077022552490234e-01 -6.872300058603286743e-02 2.497270625396803279e-01
9.769954085350036621e-01 -9.923017770051956177e-02 -1.887681931257247925e-01 -2.647986402825879271e-01
0.000000000000000000e+00 0.000000000000000000e+00 0.000000000000000000e+00 1.000000000000000000e+00
1.927301287651062012e-01 -1.019266247749328613e-01 9.759435653686523438e-01 4.904576661524609804e+00
-1.127294898033142090e-01 -9.903053045272827148e-01 -8.116467297077178955e-02 2.415488245357761687e-01
9.747547507286071777e-01 -9.437472373247146606e-02 -2.023517638444900513e-01 -2.566057943849202605e-01
0.000000000000000000e+00 0.000000000000000000e+00 0.000000000000000000e+00 1.000000000000000000e+00
2.019961625337600708e-01 -1.136522442102432251e-01 9.727697968482971191e-01 4.919201023270207251e+00
-1.388475298881530762e-01 -9.865350127220153809e-01 -8.642876148223876953e-02 2.596874139803749815e-01
9.694940447807312012e-01 -1.176084205508232117e-01 -2.150565385818481445e-01 -2.401540942546926960e-01
0.000000000000000000e+00 0.000000000000000000e+00 0.000000000000000000e+00 1.000000000000000000e+00
2.225166857242584229e-01 -1.202736273407936096e-01 9.674815535545349121e-01 4.930796069946452143e+00
-1.575716584920883179e-01 -9.837504625320434570e-01 -8.605527877807617188e-02 2.931981950867859621e-01
9.621109366416931152e-01 -1.332989484071731567e-01 -2.378527075052261353e-01 -2.732819079730748335e-01
0.000000000000000000e+00 0.000000000000000000e+00 0.000000000000000000e+00 1.000000000000000000e+00
2.283429950475692749e-01 -1.303938329219818115e-01 9.648091793060302734e-01 4.957255950588890236e+00
-1.800633668899536133e-01 -9.795500636100769043e-01 -8.977011591196060181e-02 3.061251642191852862e-01
9.567844867706298828e-01 -1.532284170389175415e-01 -2.471525371074676514e-01 -2.080188608763032243e-01
0.000000000000000000e+00 0.000000000000000000e+00 0.000000000000000000e+00 1.000000000000000000e+00
2.549439966678619385e-01 -1.408440023660659790e-01 9.566435217857360840e-01 4.979591296147383161e+00
-1.912356764078140259e-01 -9.771383404731750488e-01 -9.289740025997161865e-02 3.338433326206911578e-01
9.478567838668823242e-01 -1.592607498168945312e-01 -2.760499119758605957e-01 -2.471741296528103260e-01
0.000000000000000000e+00 0.000000000000000000e+00 0.000000000000000000e+00 1.000000000000000000e+00
2.935244739055633545e-01 -1.454229801893234253e-01 9.448258280754089355e-01 4.982163872725141829e+00
-2.199855446815490723e-01 -9.721107482910156250e-01 -8.128080517053604126e-02 4.043560078347429587e-01
9.302956461906433105e-01 -1.839900463819503784e-01 -3.173291981220245361e-01 -3.423793287733405410e-01
0.000000000000000000e+00 0.000000000000000000e+00 0.000000000000000000e+00 1.000000000000000000e+00
3.635467588901519775e-01 -1.690504252910614014e-01 9.161089062690734863e-01 5.027110749758850083e+00
-2.368307113647460938e-01 -9.678590893745422363e-01 -8.461654186248779297e-02 3.863835614806732655e-01
9.009687900543212891e-01 -1.862006932497024536e-01 -3.918983638286590576e-01 -5.205884651475595204e-01
0.000000000000000000e+00 0.000000000000000000e+00 0.000000000000000000e+00 1.000000000000000000e+00
4.074380397796630859e-01 -2.234727740287780762e-01 8.854682445526123047e-01 5.236621576724536098e+00
-2.465417087078094482e-01 -9.605123400688171387e-01 -1.289690136909484863e-01 1.677509977020885390e-01
8.793243765830993652e-01 -1.657580286264419556e-01 -4.464446902275085449e-01 -5.876890439130647570e-01
0.000000000000000000e+00 0.000000000000000000e+00 0.000000000000000000e+00 1.000000000000000000e+00
4.325026869773864746e-01 -2.467849701642990112e-01 8.672015070915222168e-01 5.301151066982955129e+00
-2.746913135051727295e-01 -9.521547555923461914e-01 -1.339628100395202637e-01 1.706140208738439745e-01
8.587700128555297852e-01 -1.802734732627868652e-01 -4.795991778373718262e-01 -7.788603918934317027e-01
0.000000000000000000e+00 0.000000000000000000e+00 0.000000000000000000e+00 1.000000000000000000e+00
4.247274398803710938e-01 -2.500233054161071777e-01 8.701121211051940918e-01 5.174632917536206023e+00
-2.047662585973739624e-01 -9.627319574356079102e-01 -1.766848862171173096e-01 -7.987617049897363652e-02
8.818601965904235840e-01 -1.031267195940017700e-01 -4.600950479507446289e-01 -7.874263715121040397e-01
0.000000000000000000e+00 0.000000000000000000e+00 0.000000000000000000e+00 1.000000000000000000e+00
4.256975054740905762e-01 -2.493996471166610718e-01 8.698169589042663574e-01 5.098811550199784826e+00
-1.742814630270004272e-01 -9.658665060997009277e-01 -1.916444599628448486e-01 -1.875733446930044623e-01
8.879233002662658691e-01 -7.001041620969772339e-02 -4.546327888965606689e-01 -7.990847107942652405e-01
0.000000000000000000e+00 0.000000000000000000e+00 0.000000000000000000e+00 1.000000000000000000e+00
3.760292828083038330e-01 -2.636486291885375977e-01 8.883081674575805664e-01 4.837344834925834114e+00
-7.322293519973754883e-02 -9.641237854957580566e-01 -2.551546692848205566e-01 -6.054914826157862251e-01
9.237099885940551758e-01 3.090103343129158020e-02 -3.818437755107879639e-01 -5.459492567916564010e-01
0.000000000000000000e+00 0.000000000000000000e+00 0.000000000000000000e+00 1.000000000000000000e+00
3.674858212471008301e-01 -3.002390861511230469e-01 8.802332878112792969e-01 4.557891511825252095e+00
-3.438694030046463013e-02 -9.501971006393432617e-01 -3.097470104694366455e-01 -1.000965955835742660e+00
9.293932914733886719e-01 8.355907350778579712e-02 -3.595081865787506104e-01 -4.838891702110703630e-01
0.000000000000000000e+00 0.000000000000000000e+00 0.000000000000000000e+00 1.000000000000000000e+00
3.789799511432647705e-01 -3.494239747524261475e-01 8.568995594978332520e-01 4.311461453077754413e+00
5.593226291239261627e-03 -9.250909686088562012e-01 -3.797045350074768066e-01 -1.367780138310570548e+00
9.253879189491271973e-01 1.486932188272476196e-01 -3.486366271972656250e-01 -4.550854790555163842e-01
0.000000000000000000e+00 0.000000000000000000e+00 0.000000000000000000e+00 1.000000000000000000e+00
4.128729403018951416e-01 -3.690302670001983643e-01 8.326777815818786621e-01 4.105010893051398213e+00
5.452610179781913757e-02 -9.025837182998657227e-01 -4.270476102828979492e-01 -1.608723184466836376e+00
9.091548919677734375e-01 2.217191159725189209e-01 -3.525305390357971191e-01 -5.141074709497859274e-01
0.000000000000000000e+00 0.000000000000000000e+00 0.000000000000000000e+00 1.000000000000000000e+00
4.602993428707122803e-01 -4.028038680553436279e-01 7.911215424537658691e-01 3.800887739122085218e+00
1.214620918035507202e-01 -8.541851639747619629e-01 -5.055835247039794922e-01 -2.002438807754840955e+00
8.794156908988952637e-01 3.288109600543975830e-01 -3.442555367946624756e-01 -5.322871807472877581e-01
0.000000000000000000e+00 0.000000000000000000e+00 0.000000000000000000e+00 1.000000000000000000e+00
4.800334870815277100e-01 -4.370781183242797852e-01 7.606118917465209961e-01 3.603176320538266086e+00
1.406848728656768799e-01 -8.174630403518676758e-01 -5.585353374481201172e-01 -2.270555611657260719e+00
8.658958673477172852e-01 3.751222491264343262e-01 -3.309193551540374756e-01 -5.094759997902446047e-01
0.000000000000000000e+00 0.000000000000000000e+00 0.000000000000000000e+00 1.000000000000000000e+00
4.790875315666198730e-01 -4.862467944622039795e-01 7.307795286178588867e-01 3.381664898035858347e+00
1.622805744409561157e-01 -7.691262960433959961e-01 -6.181503534317016602e-01 -2.530980280641963454e+00
8.626354932785034180e-01 4.147395193576812744e-01 -2.895705103874206543e-01 -3.602134589584476410e-01
0.000000000000000000e+00 0.000000000000000000e+00 0.000000000000000000e+00 1.000000000000000000e+00
5.121139883995056152e-01 -4.933613538742065430e-01 7.030885815620422363e-01 3.188626814999819814e+00
1.654096096754074097e-01 -7.466042041778564453e-01 -6.443770527839660645e-01 -2.648995991087734314e+00
8.428396582603454590e-01 4.462920427322387695e-01 -3.007396757602691650e-01 -4.380126210250280261e-01
0.000000000000000000e+00 0.000000000000000000e+00 0.000000000000000000e+00 1.000000000000000000e+00
5.118169784545898438e-01 -5.091847181320190430e-01 6.919351220130920410e-01 3.048567817666114621e+00
1.778782904148101807e-01 -7.251594066619873047e-01 -6.652085781097412109e-01 -2.735989793029552697e+00
8.404774665832519531e-01 4.635453224182128906e-01 -2.805762290954589844e-01 -3.853409707235302961e-01
0.000000000000000000e+00 0.000000000000000000e+00 0.000000000000000000e+00 1.000000000000000000e+00
4.918683171272277832e-01 -5.573649406433105469e-01 6.688868403434753418e-01 2.858154691295488714e+00
1.783630251884460449e-01 -6.874473094940185547e-01 -7.039907574653625488e-01 -2.883449858657530562e+00
8.522042632102966309e-01 4.655753672122955322e-01 -2.387203723192214966e-01 -2.530360864510307617e-01
0.000000000000000000e+00 0.000000000000000000e+00 0.000000000000000000e+00 1.000000000000000000e+00
4.209041297435760498e-01 -6.459290385246276855e-01 6.368793845176696777e-01 2.568802523675321137e+00
1.421808898448944092e-01 -6.464447975158691406e-01 -7.495952844619750977e-01 -3.035315208702905387e+00
8.958929181098937988e-01 4.060599803924560547e-01 -1.802525371313095093e-01 -1.257159041138392330e-01
0.000000000000000000e+00 0.000000000000000000e+00 0.000000000000000000e+00 1.000000000000000000e+00
3.446683585643768311e-01 -7.009526491165161133e-01 6.243949532508850098e-01 2.455558758260528496e+00
1.306036561727523804e-01 -6.228764653205871582e-01 -7.713415622711181641e-01 -3.095473739374094979e+00
9.295948743820190430e-01 3.474052250385284424e-01 -1.231387779116630554e-01 3.192529304020284148e-02
0.000000000000000000e+00 0.000000000000000000e+00 0.000000000000000000e+00 1.000000000000000000e+00
3.969176411628723145e-01 -7.277755737304687500e-01 5.592843890190124512e-01 2.135541422278843360e+00
1.266657561063766479e-01 -5.600769519805908203e-01 -8.187000155448913574e-01 -3.227291206097980147e+00
9.090721607208251953e-01 3.957985937595367432e-01 -1.301202774047851562e-01 -1.291390494871254013e-01
0.000000000000000000e+00 0.000000000000000000e+00 0.000000000000000000e+00 1.000000000000000000e+00
5.380004644393920898e-01 -6.814271807670593262e-01 4.961977005004882812e-01 1.829523458360513999e+00
1.179044842720031738e-01 -5.220293402671813965e-01 -8.447389602661132812e-01 -3.273152552161989970e+00
8.346579074859619141e-01 5.129738450050354004e-01 -2.005086243152618408e-01 -4.919253470681539953e-01
0.000000000000000000e+00 0.000000000000000000e+00 0.000000000000000000e+00 1.000000000000000000e+00
6.649324297904968262e-01 -6.361235976219177246e-01 3.914223015308380127e-01 1.353701055626970629e+00
4.608261212706565857e-02 -4.881213605403900146e-01 -8.715583086013793945e-01 -3.274728319798929643e+00
7.454804182052612305e-01 5.975650548934936523e-01 -2.952534556388854980e-01 -8.969997114096903701e-01
0.000000000000000000e+00 0.000000000000000000e+00 0.000000000000000000e+00 1.000000000000000000e+00
7.490152120590209961e-01 -5.920172333717346191e-01 2.974758744239807129e-01 1.036601727028371167e+00
-1.108716893941164017e-02 -4.601211547851562500e-01 -8.877871632575988770e-01 -3.225585083470173142e+00
6.624602675437927246e-01 6.616675257682800293e-01 -3.512014746665954590e-01 -1.110026650963896078e+00
0.000000000000000000e+00 0.000000000000000000e+00 0.000000000000000000e+00 1.000000000000000000e+00
7.457602620124816895e-01 -6.408367753028869629e-01 1.821258813142776489e-01 7.029722149721848723e-01
-9.204333275556564331e-02 -3.698612451553344727e-01 -9.245164394378662109e-01 -3.389772253907999300e+00
6.598255038261413574e-01 6.727041602134704590e-01 -3.348126411437988281e-01 -1.011199413424177518e+00
0.000000000000000000e+00 0.000000000000000000e+00 0.000000000000000000e+00 1.000000000000000000e+00
7.361739873886108398e-01 -6.742352247238159180e-01 5.877356603741645813e-02 2.673239010013243044e-01
-1.663327366113662720e-01 -2.644212841987609863e-01 -9.499550461769104004e-01 -3.606150824639112518e+00
6.560342311859130859e-01 6.895565390586853027e-01 -3.068075776100158691e-01 -8.580393922918045924e-01
0.000000000000000000e+00 0.000000000000000000e+00 0.000000000000000000e+00 1.000000000000000000e+00
7.531107664108276367e-01 -6.559895873069763184e-01 -5.001877248287200928e-02 -1.956589350507691449e-01
-1.974764466285705566e-01 -1.528801918029785156e-01 -9.683130979537963867e-01 -3.789536686068272875e+00
6.275564432144165039e-01 7.391245365142822266e-01 -2.446781545877456665e-01 -5.991691619310758332e-01
0.000000000000000000e+00 0.000000000000000000e+00 0.000000000000000000e+00 1.000000000000000000e+00
7.609779238700866699e-01 -6.306940913200378418e-01 -1.521103978157043457e-01 -7.049990353192009396e-01
-2.319101393222808838e-01 -4.546853527426719666e-02 -9.716740846633911133e-01 -3.886441832323320966e+00
6.059128642082214355e-01 7.746984362602233887e-01 -1.808649450540542603e-01 -3.475880721489075231e-01
0.000000000000000000e+00 0.000000000000000000e+00 0.000000000000000000e+00 1.000000000000000000e+00
7.797315120697021484e-01 -5.807994604110717773e-01 -2.338605225086212158e-01 -1.172021236110298625e+00
-2.360599637031555176e-01 7.324627786874771118e-02 -9.689740538597106934e-01 -3.969456731697627028e+00
5.799089670181274414e-01 8.107447028160095215e-01 -7.999109476804733276e-02 5.485925842856966689e-02
0.000000000000000000e+00 0.000000000000000000e+00 0.000000000000000000e+00 1.000000000000000000e+00
7.375195622444152832e-01 -6.609520316123962402e-01 -1.385912448167800903e-01 -6.588113553568207825e-01
-2.957952022552490234e-01 -1.316721886396408081e-01 -9.461328983306884766e-01 -3.640579621344259831e+00
6.070998907089233398e-01 7.387860417366027832e-01 -2.926172912120819092e-01 -9.744613294455048980e-01
0.000000000000000000e+00 0.000000000000000000e+00 0.000000000000000000e+00 1.000000000000000000e+00
7.152769565582275391e-01 -6.927273273468017578e-01 -9.223496168851852417e-02 -4.141926506348188597e-01
-3.717609047889709473e-01 -2.654176950454711914e-01 -8.895770311355590820e-01 -3.278238777718895491e+00
5.917536616325378418e-01 6.705834865570068359e-01 -4.473762214183807373e-01 -1.568521561973793554e+00
0.000000000000000000e+00 0.000000000000000000e+00 0.000000000000000000e+00 1.000000000000000000e+00
7.004479765892028809e-01 -7.136250734329223633e-01 -1.058124750852584839e-02 -5.158848050345438141e-02
-4.398341774940490723e-01 -4.199419915676116943e-01 -7.938480973243713379e-01 -2.732533302472624825e+00
5.620663166046142578e-01 5.607030987739562988e-01 -6.080241203308105469e-01 -2.132793099766373768e+00
0.000000000000000000e+00 0.000000000000000000e+00 0.000000000000000000e+00 1.000000000000000000e+00
6.835452318191528320e-01 -7.278901934623718262e-01 5.423846840858459473e-02 2.184432347426428500e-01
-5.087698698043823242e-01 -5.284184813499450684e-01 -6.796521544456481934e-01 -2.146146554376296756e+00
5.233727097511291504e-01 4.369780719280242920e-01 -7.315262556076049805e-01 -2.502579455396748198e+00
0.000000000000000000e+00 0.000000000000000000e+00 0.000000000000000000e+00 1.000000000000000000e+00
6.761671304702758789e-01 -7.328382730484008789e-01 7.580115646123886108e-02 2.950307352645450965e-01
-5.690642595291137695e-01 -5.848467350006103516e-01 -5.780311226844787598e-01 -1.688953506794979020e+00
4.679354429244995117e-01 3.477098643779754639e-01 -8.124862313270568848e-01 -2.725440458793951581e+00
0.000000000000000000e+00 0.000000000000000000e+00 0.000000000000000000e+00 1.000000000000000000e+00
6.495654582977294922e-01 -7.580688595771789551e-01 5.827615782618522644e-02 1.949655717327874738e-01
-6.605467200279235840e-01 -6.006311774253845215e-01 -4.504662156105041504e-01 -1.223944318406610998e+00
3.764869570732116699e-01 2.541130781173706055e-01 -8.908894062042236328e-01 -2.930418424083294227e+00
0.000000000000000000e+00 0.000000000000000000e+00 0.000000000000000000e+00 1.000000000000000000e+00
6.307808160781860352e-01 -7.709441184997558594e-01 8.809243142604827881e-02 2.463552987527106442e-01
-7.070897221565246582e-01 -6.178372502326965332e-01 -3.439490795135498047e-01 -8.174746894006492681e-01
3.195924162864685059e-01 1.546672284603118896e-01 -9.348468184471130371e-01 -3.021786756981954536e+00
0.000000000000000000e+00 0.000000000000000000e+00 0.000000000000000000e+00 1.000000000000000000e+00
6.147946119308471680e-01 -7.777704596519470215e-01 1.307694464921951294e-01 3.456607526040550993e-01
-7.489135861396789551e-01 -6.276993155479431152e-01 -2.124193757772445679e-01 -3.115130024810737752e-01
2.472974359989166260e-01 3.265924751758575439e-02 -9.683890938758850098e-01 -3.063560075295838736e+00
0.000000000000000000e+00 0.000000000000000000e+00 0.000000000000000000e+00 1.000000000000000000e+00
5.937464833259582520e-01 -7.925967574119567871e-01 1.387626975774765015e-01 3.576076783918734625e-01
-7.803018689155578613e-01 -6.092557311058044434e-01 -1.411952227354049683e-01 -5.097792485280280145e-02
1.964528709650039673e-01 -2.444269135594367981e-02 -9.802085161209106445e-01 -3.074320413529802121e+00
0.000000000000000000e+00 0.000000000000000000e+00 0.000000000000000000e+00 1.000000000000000000e+00
5.619809031486511230e-01 -8.156998753547668457e-01 1.371527612209320068e-01 3.131702671539028371e-01
-8.226386308670043945e-01 -5.684732794761657715e-01 -1.018113922327756882e-02 4.060465057204938333e-01
8.627241849899291992e-02 -1.071055755019187927e-01 -9.904976487159729004e-01 -3.073916055125863078e+00
0.000000000000000000e+00 0.000000000000000000e+00 0.000000000000000000e+00 1.000000000000000000e+00
5.345285534858703613e-01 -8.355010747909545898e-01 1.273457854986190796e-01 2.451387017736369467e-01
-8.441762924194335938e-01 -5.205848217010498047e-01 1.278969943523406982e-01 8.899087806866228245e-01
-4.056383296847343445e-02 -1.758669018745422363e-01 -9.835778474807739258e-01 -3.011946641651557677e+00
0.000000000000000000e+00 0.000000000000000000e+00 0.000000000000000000e+00 1.000000000000000000e+00
5.282139778137207031e-01 -8.387916684150695801e-01 1.319787800312042236e-01 2.251513333261419003e-01
-8.361459374427795410e-01 -4.867688417434692383e-01 2.528160810470581055e-01 1.309111284806999231e+00
-1.478169262409210205e-01 -2.438944876194000244e-01 -9.584704637527465820e-01 -2.866963320850061336e+00
0.000000000000000000e+00 0.000000000000000000e+00 0.000000000000000000e+00 1.000000000000000000e+00
4.718776345252990723e-01 -8.651195168495178223e-01 1.699986457824707031e-01 3.513494483736986917e-01
-8.400952219963073730e-01 -3.826850354671478271e-01 3.844373822212219238e-01 1.759587776603165787e+00
-2.675283849239349365e-01 -3.242224454879760742e-01 -9.073634147644042969e-01 -2.614987520322144210e+00
0.000000000000000000e+00 0.000000000000000000e+00 0.000000000000000000e+00 1.000000000000000000e+00
4.417336583137512207e-01 -8.773453235626220703e-01 1.874469667673110962e-01 4.221002148952709421e-01
-8.202358484268188477e-01 -3.103108704090118408e-01 4.805413484573364258e-01 2.088742064920370733e+00
-3.634339570999145508e-01 -3.660219907760620117e-01 -8.567050695419311523e-01 -2.387464292304845248e+00
0.000000000000000000e+00 0.000000000000000000e+00 0.000000000000000000e+00 1.000000000000000000e+00
4.151119589805603027e-01 -8.829135298728942871e-01 2.194213569164276123e-01 5.812427265502966289e-01
-8.020648360252380371e-01 -2.413321435451507568e-01 5.463063716888427734e-01 2.307885867778911138e+00
-4.293878972530364990e-01 -4.027684628963470459e-01 -8.083338141441345215e-01 -2.185266043030803296e+00
0.000000000000000000e+00 0.000000000000000000e+00 0.000000000000000000e+00 1.000000000000000000e+00
3.966190814971923828e-01 -8.784040808677673340e-01 2.666448056697845459e-01 8.124499711302729521e-01
-7.849637866020202637e-01 -1.739261448383331299e-01 5.946270823478698730e-01 2.448877389400404336e+00
-4.759464561939239502e-01 -4.451469480991363525e-01 -7.584979534149169922e-01 -1.952505798295169237e+00
0.000000000000000000e+00 0.000000000000000000e+00 0.000000000000000000e+00 1.000000000000000000e+00
3.751395046710968018e-01 -8.820120692253112793e-01 2.851754724979400635e-01 9.654431795403143335e-01
-7.751685976982116699e-01 -1.297926008701324463e-01 6.182779669761657715e-01 2.481483200327637029e+00
-5.083149075508117676e-01 -4.529995620250701904e-01 -7.323983311653137207e-01 -1.781894527561595609e+00
0.000000000000000000e+00 0.000000000000000000e+00 0.000000000000000000e+00 1.000000000000000000e+00
3.384029865264892578e-01 -8.816297054290771484e-01 3.289566040039062500e-01 1.197280820459306838e+00
-7.724096775054931641e-01 -6.058096513152122498e-02 6.322286725044250488e-01 2.452699746933222347e+00
-5.374631285667419434e-01 -4.680373072624206543e-01 -7.014801502227783203e-01 -1.592993876221993288e+00
0.000000000000000000e+00 0.000000000000000000e+00 0.000000000000000000e+00 1.000000000000000000e+00
3.002530336380004883e-01 -8.605338335037231445e-01 4.114968776702880859e-01 1.530700216936606184e+00
-7.928215265274047852e-01 1.472132001072168350e-02 6.092761158943176270e-01 2.224519188497743993e+00
-5.303604006767272949e-01 -5.091806054115295410e-01 -6.778295636177062988e-01 -1.439191752594651152e+00
0.000000000000000000e+00 0.000000000000000000e+00 0.000000000000000000e+00 1.000000000000000000e+00
