1.000000000000000000e+00 0.000000000000000000e+00 0.000000000000000000e+00 -4.542167112231254578e-02
0.000000000000000000e+00 1.000000000000000000e+00 0.000000000000000000e+00 9.935460984706878662e-04
0.000000000000000000e+00 0.000000000000000000e+00 1.000000000000000000e+00 -2.875000238418579102e-01
0.000000000000000000e+00 0.000000000000000000e+00 0.000000000000000000e+00 1.000000000000000000e+00
9.964529275894165039e-01 8.306773006916046143e-02 1.346829440444707870e-02 -4.807763546705245972e-02
-8.284498751163482666e-02 9.964286684989929199e-01 -1.632955670356750488e-02 9.279268793761730194e-03
-1.477664895355701447e-02 1.515585742890834808e-02 9.997759461402893066e-01 -2.933012843132019043e-01
0.000000000000000000e+00 0.000000000000000000e+00 0.000000000000000000e+00 1.000000000000000000e+00
9.860606193542480469e-01 1.631293743848800659e-01 3.275999054312705994e-02 -5.215243995189666748e-02
-1.613661646842956543e-01 9.855899214744567871e-01 -5.072763189673423767e-02 2.485089935362339020e-02
-4.056313261389732361e-02 4.473412036895751953e-02 9.981750845909118652e-01 -2.924721539020538330e-01
0.000000000000000000e+00 0.000000000000000000e+00 0.000000000000000000e+00 1.000000000000000000e+00
9.662321209907531738e-01 2.552042901515960693e-01 3.558282926678657532e-02 -5.075493082404136658e-02
-2.518759667873382568e-01 9.645724296569824219e-01 -7.847671955823898315e-02 3.826743736863136292e-02
-5.434982106089591980e-02 6.686426699161529541e-02 9.962807297706604004e-01 -2.918234169483184814e-01
0.000000000000000000e+00 0.000000000000000000e+00 0.000000000000000000e+00 1.000000000000000000e+00
9.374959468841552734e-01 3.447270691394805908e-01 4.758624359965324402e-02 -5.139529332518577576e-02
-3.373785912990570068e-01 9.338751435279846191e-01 -1.185433119535446167e-01 5.527060851454734802e-02
-8.530477434396743774e-02 9.507925808429718018e-02 9.918079972267150879e-01 -2.894588410854339600e-01
0.000000000000000000e+00 0.000000000000000000e+00 0.000000000000000000e+00 1.000000000000000000e+00
8.932150602340698242e-01 4.486790597438812256e-01 2.922104299068450928e-02 -4.266232624650001526e-02
-4.410468041896820068e-01 8.869501352310180664e-01 -1.371023207902908325e-01 6.492588669061660767e-02
-8.743258565664291382e-02 1.095739975571632385e-01 9.901258349418640137e-01 -2.900144159793853760e-01
0.000000000000000000e+00 0.000000000000000000e+00 0.000000000000000000e+00 1.000000000000000000e+00
8.455061316490173340e-01 5.336891412734985352e-01 1.717388816177845001e-02 -3.609530255198478699e-02
-5.241687297821044922e-01 8.356969356536865234e-01 -1.638826727867126465e-01 7.724123448133468628e-02
-1.018146499991416931e-01 1.295617967844009399e-01 9.863304495811462402e-01 -2.887242138385772705e-01
0.000000000000000000e+00 0.000000000000000000e+00 0.000000000000000000e+00 1.000000000000000000e+00
7.925098538398742676e-01 6.098098754882812500e-01 -7.738088723272085190e-03 -2.525367774069309235e-02
-6.019602417945861816e-01 7.801470756530761719e-01 -1.703361421823501587e-01 8.265711367130279541e-02
-9.783583134412765503e-02 1.396510750055313110e-01 9.853555560111999512e-01 -2.894969284534454346e-01
0.000000000000000000e+00 0.000000000000000000e+00 0.000000000000000000e+00 1.000000000000000000e+00
7.227881550788879395e-01 6.902885437011718750e-01 -3.284403681755065918e-02 -1.220621168613433838e-02
-6.855363249778747559e-01 7.101888656616210938e-01 -1.602231115102767944e-01 8.254848420619964600e-02
-8.727476745843887329e-02 1.383231431245803833e-01 9.865342974662780762e-01 -2.906911969184875488e-01
0.000000000000000000e+00 0.000000000000000000e+00 0.000000000000000000e+00 1.000000000000000000e+00
6.487935781478881836e-01 7.602615356445312500e-01 -3.269432112574577332e-02 -7.349098566919565201e-03
-7.563704252243041992e-01 6.395676732063293457e-01 -1.373192518949508667e-01 7.783054560422897339e-02
-8.348837494850158691e-02 1.138208582997322083e-01 9.899871349334716797e-01 -2.934391200542449951e-01
0.000000000000000000e+00 0.000000000000000000e+00 0.000000000000000000e+00 1.000000000000000000e+00
5.499368906021118164e-01 8.340507745742797852e-01 -4.391554743051528931e-02 2.364702755585312843e-03
-8.334710597991943359e-01 5.446479320526123047e-01 -9.319022297859191895e-02 6.603477895259857178e-02
-5.380687862634658813e-02 8.785107731819152832e-02 9.946793317794799805e-01 -2.984775900840759277e-01
0.000000000000000000e+00 0.000000000000000000e+00 0.000000000000000000e+00 1.000000000000000000e+00
4.557187855243682861e-01 8.851103186607360840e-01 -9.433986991643905640e-02 2.437179908156394958e-02
-8.901028037071228027e-01 4.524141848087310791e-01 -5.512128397822380066e-02 5.434188991785049438e-02
-6.107721477746963501e-03 1.090919971466064453e-01 9.940128922462463379e-01 -3.019630014896392822e-01
0.000000000000000000e+00 0.000000000000000000e+00 0.000000000000000000e+00 1.000000000000000000e+00
3.538089692592620850e-01 9.291141629219055176e-01 -1.075451672077178955e-01 3.257598727941513062e-02
-9.350768923759460449e-01 3.539807498455047607e-01 -1.813248358666896820e-02 4.060452431440353394e-02
2.122176066040992737e-02 1.069784387946128845e-01 9.940348267555236816e-01 -3.035801351070404053e-01
0.000000000000000000e+00 0.000000000000000000e+00 0.000000000000000000e+00 1.000000000000000000e+00
2.730372846126556396e-01 9.534508585929870605e-01 -1.279915571212768555e-01 4.176401719450950623e-02
-9.587135910987854004e-01 2.806780338287353516e-01 4.569169878959655762e-02 1.689361222088336945e-02
7.948920875787734985e-02 1.102317422628402710e-01 9.907221794128417969e-01 -3.031770288944244385e-01
0.000000000000000000e+00 0.000000000000000000e+00 0.000000000000000000e+00 1.000000000000000000e+00
1.939612776041030884e-01 9.681350588798522949e-01 -1.584098488092422485e-01 5.279301106929779053e-02
-9.721005558967590332e-01 2.113898843526840210e-01 1.016608029603958130e-01 -3.749675350263714790e-03
1.319076269865036011e-01 1.342720240354537964e-01 9.821259379386901855e-01 -3.014621734619140625e-01
0.000000000000000000e+00 0.000000000000000000e+00 0.000000000000000000e+00 1.000000000000000000e+00
1.151205450296401978e-01 9.801927804946899414e-01 -1.611498445272445679e-01 5.545122921466827393e-02
-9.708955287933349609e-01 1.453271359205245972e-01 1.903729438781738281e-01 -3.380517289042472839e-02
2.100216597318649292e-01 1.345438063144683838e-01 9.683949947357177734e-01 -2.985072731971740723e-01
0.000000000000000000e+00 0.000000000000000000e+00 0.000000000000000000e+00 1.000000000000000000e+00
1.871595680713653564e-01 9.716792106628417969e-01 -1.442590653896331787e-01 4.929829761385917664e-02
-9.544188976287841797e-01 2.146279513835906982e-01 2.074109464883804321e-01 -3.883582353591918945e-02
2.324989438056945801e-01 9.886465221643447876e-02 9.675588011741638184e-01 -2.963899672031402588e-01
0.000000000000000000e+00 0.000000000000000000e+00 0.000000000000000000e+00 1.000000000000000000e+00
2.736014425754547119e-01 9.503712058067321777e-01 -1.481099575757980347e-01 4.802433401346206665e-02
-9.378635287284851074e-01 2.977679967880249023e-01 1.781742125749588013e-01 -2.744914032518863678e-02
2.134340703487396240e-01 9.015825390815734863e-02 9.727884531021118164e-01 -2.953315377235412598e-01
0.000000000000000000e+00 0.000000000000000000e+00 0.000000000000000000e+00 1.000000000000000000e+00
3.292639255523681641e-01 9.313447475433349609e-01 -1.555058956146240234e-01 4.845329374074935913e-02
-9.325966835021972656e-01 3.465447723865509033e-01 1.008461862802505493e-01 -2.911939518526196480e-04
1.478123217821121216e-01 1.118193045258522034e-01 9.826738834381103516e-01 -2.948986887931823730e-01
0.000000000000000000e+00 0.000000000000000000e+00 0.000000000000000000e+00 1.000000000000000000e+00
