1.000000000000000000e+00 0.000000000000000000e+00 0.000000000000000000e+00 -4.542167112231254578e-02
0.000000000000000000e+00 1.000000000000000000e+00 0.000000000000000000e+00 9.935460984706878662e-04
0.000000000000000000e+00 0.000000000000000000e+00 1.000000000000000000e+00 -2.875000238418579102e-01
0.000000000000000000e+00 0.000000000000000000e+00 0.000000000000000000e+00 1.000000000000000000e+00
9.966142773628234863e-01 8.074163645505905151e-02 1.552080363035202026e-02 -4.874633252620697021e-02
-8.046234399080276489e-02 9.965978860855102539e-01 -1.784818992018699646e-02 9.732457809150218964e-03
-1.690908707678318024e-02 1.653892360627651215e-02 9.997202157974243164e-01 -2.932246327400207520e-01
0.000000000000000000e+00 0.000000000000000000e+00 0.000000000000000000e+00 1.000000000000000000e+00
9.860504865646362305e-01 1.635464429855346680e-01 3.093563579022884369e-02 -5.152049660682678223e-02
-1.619401127099990845e-01 9.855938553810119629e-01 -4.878608137369155884e-02 2.417106740176677704e-02
-3.846880793571472168e-02 4.309576749801635742e-02 9.983300566673278809e-01 -2.925903499126434326e-01
0.000000000000000000e+00 0.000000000000000000e+00 0.000000000000000000e+00 1.000000000000000000e+00
9.664698839187622070e-01 2.549119591712951660e-01 3.091534972190856934e-02 -4.928715899586677551e-02
-2.519633471965789795e-01 9.646527767181396484e-01 -7.719814032316207886e-02 3.782809153199195862e-02
-4.950131848454475403e-02 6.682013720273971558e-02 9.965363740921020508e-01 -2.922004461288452148e-01
0.000000000000000000e+00 0.000000000000000000e+00 0.000000000000000000e+00 1.000000000000000000e+00
9.367365241050720215e-01 3.464771509170532227e-01 4.978083446621894836e-02 -5.203664675354957581e-02
-3.387612402439117432e-01 9.331545233726501465e-01 -1.202624142169952393e-01 5.574478209018707275e-02
-8.812146633863449097e-02 9.579034149646759033e-02 9.914932250976562500e-01 -2.892771661281585693e-01
0.000000000000000000e+00 0.000000000000000000e+00 0.000000000000000000e+00 1.000000000000000000e+00
8.936624526977539062e-01 4.477077126502990723e-01 3.041530959308147430e-02 -4.313996061682701111e-02
-4.400343298912048340e-01 8.875965476036071777e-01 -1.361693441867828369e-01 6.463484466075897217e-02
-8.796063065528869629e-02 1.083056405186653137e-01 9.902185797691345215e-01 -2.899906337261199951e-01
0.000000000000000000e+00 0.000000000000000000e+00 0.000000000000000000e+00 1.000000000000000000e+00
8.454510569572448730e-01 5.337260961532592773e-01 1.867058128118515015e-02 -3.644236549735069275e-02
-5.240262150764465332e-01 8.358139395713806152e-01 -1.637416630983352661e-01 7.699826359748840332e-02
-1.029984056949615479e-01 1.286516934633255005e-01 9.863266348838806152e-01 -2.887663841247558594e-01
0.000000000000000000e+00 0.000000000000000000e+00 0.000000000000000000e+00 1.000000000000000000e+00
7.929453849792480469e-01 6.092672348022460938e-01 -5.557938478887081146e-03 -2.600161172449588776e-02
-6.012695431709289551e-01 7.809960842132568359e-01 -1.688786447048187256e-01 8.207443356513977051e-02
-9.855151176452636719e-02 1.372533440589904785e-01 9.856210947036743164e-01 -2.895448207855224609e-01
0.000000000000000000e+00 0.000000000000000000e+00 0.000000000000000000e+00 1.000000000000000000e+00
7.221468091011047363e-01 6.911217570304870605e-01 -2.922981791198253632e-02 -1.328586228191852570e-02
-6.856845617294311523e-01 7.096076607704162598e-01 -1.621525138616561890e-01 8.304244279861450195e-02
-9.132549166679382324e-02 1.371403485536575317e-01 9.863327145576477051e-01 -2.906122803688049316e-01
0.000000000000000000e+00 0.000000000000000000e+00 0.000000000000000000e+00 1.000000000000000000e+00
6.469587683677673340e-01 7.618293762207031250e-01 -3.255722299218177795e-02 -7.271809969097375870e-03
-7.579147815704345703e-01 6.377731561660766602e-01 -1.371503919363021851e-01 7.778510451316833496e-02
-8.372113853693008423e-02 1.134062334895133972e-01 9.900150299072265625e-01 -2.934465408325195312e-01
0.000000000000000000e+00 0.000000000000000000e+00 0.000000000000000000e+00 1.000000000000000000e+00
5.510538816452026367e-01 8.334446549415588379e-01 -4.134561493992805481e-02 1.349829486571252346e-03
-8.325601220130920410e-01 5.457678437232971191e-01 -9.476783871650695801e-02 6.648861616849899292e-02
-5.641865357756614685e-02 8.664488792419433594e-02 9.946404695510864258e-01 -2.983392775058746338e-01
0.000000000000000000e+00 0.000000000000000000e+00 0.000000000000000000e+00 1.000000000000000000e+00
4.595692753791809082e-01 8.834919333457946777e-01 -9.076322615146636963e-02 2.310967631638050079e-02
-8.881133198738098145e-01 4.563290774822235107e-01 -5.494056269526481628e-02 5.458655208349227905e-02
-7.121642585843801498e-03 1.058570370078086853e-01 9.943558573722839355e-01 -3.021613955497741699e-01
0.000000000000000000e+00 0.000000000000000000e+00 0.000000000000000000e+00 1.000000000000000000e+00
3.528931736946105957e-01 9.295945167541503906e-01 -1.063971742987632751e-01 3.225393965840339661e-02
-9.354482293128967285e-01 3.529630601406097412e-01 -1.880468241870403290e-02 4.080452397465705872e-02
2.007353119552135468e-02 1.061650887131690979e-01 9.941458702087402344e-01 -3.035054206848144531e-01
0.000000000000000000e+00 0.000000000000000000e+00 0.000000000000000000e+00 1.000000000000000000e+00
2.703051269054412842e-01 9.543333053588867188e-01 -1.272119432687759399e-01 4.146638512611389160e-02
-9.593150615692138672e-01 2.781634628772735596e-01 4.836708307266235352e-02 1.611103117465972900e-02
8.154402673244476318e-02 1.089624986052513123e-01 9.906955957412719727e-01 -3.032812178134918213e-01
0.000000000000000000e+00 0.000000000000000000e+00 0.000000000000000000e+00 1.000000000000000000e+00
1.925788670778274536e-01 9.684475660324096680e-01 -1.581861972808837891e-01 5.274640023708343506e-02
-9.721782207489013672e-01 2.102040052413940430e-01 1.033627316355705261e-01 -4.300765693187713623e-03
1.333527565002441406e-01 1.338796764612197876e-01 9.819843173027038574e-01 -3.014667332172393799e-01
0.000000000000000000e+00 0.000000000000000000e+00 0.000000000000000000e+00 1.000000000000000000e+00
1.162917912006378174e-01 9.804870486259460449e-01 -1.584970504045486450e-01 5.450984090566635132e-02
-9.711975455284118652e-01 1.456711292266845703e-01 1.885608583688735962e-01 -3.335630148649215698e-02
2.079699337482452393e-01 1.320038437843322754e-01 9.691870212554931641e-01 -2.987479567527770996e-01
0.000000000000000000e+00 0.000000000000000000e+00 0.000000000000000000e+00 1.000000000000000000e+00
1.869648993015289307e-01 9.714627265930175781e-01 -1.459596157073974609e-01 4.983992129564285278e-02
-9.542322158813476562e-01 2.148984968662261963e-01 2.079888284206390381e-01 -3.900927677750587463e-02
2.334198951721191406e-01 1.003927737474441528e-01 9.671796560287475586e-01 -2.962323725223541260e-01
0.000000000000000000e+00 0.000000000000000000e+00 0.000000000000000000e+00 1.000000000000000000e+00
2.728319168090820312e-01 9.509522914886474609e-01 -1.457813680171966553e-01 4.732552170753479004e-02
-9.380227923393249512e-01 2.966048419475555420e-01 1.792723238468170166e-01 -2.788796834647655487e-02
2.137189209461212158e-01 8.783508092164993286e-02 9.729384779930114746e-01 -2.954066395759582520e-01
0.000000000000000000e+00 0.000000000000000000e+00 0.000000000000000000e+00 1.000000000000000000e+00
3.268731832504272461e-01 9.332548975944519043e-01 -1.489600390195846558e-01 4.659352079033851624e-02
-9.332099556922912598e-01 3.436275720596313477e-01 1.050667464733123779e-01 -1.989442389458417892e-03
1.492408365011215210e-01 1.046675294637680054e-01 9.832456111907958984e-01 -2.951183319091796875e-01
0.000000000000000000e+00 0.000000000000000000e+00 0.000000000000000000e+00 1.000000000000000000e+00
