1 0 0 -0.03619798645377159 
0 1 0 -0.001327119767665863 
0 0 1 -0.2960163652896881 
0 0 0 1 

0.9902488589286804 0.1391264349222183 0.007136251777410507 -0.04153740778565407 
-0.1385063380002975 0.9887405037879944 -0.05664073303341866 0.02775393053889275 
-0.01493615563958883 0.05509999766945839 0.9983690977096558 -0.2970775961875916 
0 0 0 1 

0.9716839194297791 0.2349261045455933 0.02529492415487766 -0.04726344347000122 
-0.2311927676200867 0.9673867225646973 -0.1035016551613808 0.05269711837172508 
-0.04878530278801918 0.09472285956144333 0.9943075776100159 -0.2950344681739807 
0 0 0 1 

0.9421340227127075 0.3345517516136169 0.02141342684626579 -0.04512912034988403 
-0.328290581703186 0.9336650967597961 -0.1431597024202347 0.07369037717580795 
-0.0678873211145401 0.1278457790613174 0.9894679188728333 -0.2922986149787903 
0 0 0 1 

0.8957337141036987 0.44459068775177 -2.310203308297787e-05 -0.03315632045269012 
-0.4384878873825073 0.8834296464920044 -0.165167048573494 0.08727796375751495 
-0.07341139763593674 0.1479558199644089 0.9862655997276306 -0.291038453578949 
0 0 0 1 

0.8300832509994507 0.5576379299163818 -0.001210559858009219 -0.02697517536580563 
-0.5479528903961182 0.8152596354484558 -0.1873473972082138 0.1005025431513786 
-0.103485181927681 0.1561772376298904 0.9822929501533508 -0.2892409265041351 
0 0 0 1 

0.8041009306907654 0.594490647315979 0.00151191302575171 -0.0242515504360199 
-0.5857425928115845 0.7926980257034302 -0.1689238995313644 0.09782692044973373 
-0.1016222387552261 0.134946271777153 0.9856279492378235 -0.2915092408657074 
0 0 0 1 

