-0.1438234150409698 0.6183600425720215 0.7726224660873413 -0.2428790777921677 
-0.9653037786483765 0.08428949117660522 -0.2471512258052826 0.1247458979487419 
-0.2179522961378098 -0.7813616394996643 0.5847826600074768 -0.1716605424880981 
0 0 0 1 

-0.1990761011838913 0.5764116048812866 0.7925391793251038 -0.2485607117414474 
-0.9736132621765137 -0.02426706068217754 -0.2269103229045868 0.1200871542096138 
-0.1115611121058464 -0.8167991042137146 0.5660330057144165 -0.1639920920133591 
0 0 0 1 

-0.2532716989517212 0.4428474009037018 0.860080897808075 -0.2625282108783722 
-0.9645552039146423 -0.04752841219305992 -0.2595648765563965 0.1312263011932373 
-0.07406923174858093 -0.8953362107276917 0.4391886293888092 -0.1197947710752487 
0 0 0 1 

-0.3359407186508179 0.3290807604789734 0.8825244307518005 -0.259248822927475 
-0.94174724817276 -0.1332595199346542 -0.3087939918041229 0.1466242969036102 
0.01598677039146423 -0.9348515272140503 0.3546784520149231 -0.09726946800947189 
0 0 0 1 

-0.3628000020980835 0.3539692759513855 0.8620219826698303 -0.2448744922876358 
-0.927872359752655 -0.2227801233530045 -0.299034982919693 0.1402991861104965 
0.08619218319654465 -0.9083362817764282 0.4092629253864288 -0.1218246817588806 
0 0 0 1 

-0.3774394392967224 0.4565026462078094 0.805695116519928 -0.2216172516345978 
-0.9221377372741699 -0.2650114297866821 -0.2818345129489899 0.1326519548892975 
0.08486025035381317 -0.8493374586105347 0.5209842324256897 -0.1636775583028793 
0 0 0 1 

-0.3838921189308167 0.1410456150770187 0.9125417470932007 -0.2512573301792145 
-0.9156221747398376 -0.1859637945890427 -0.3564449548721313 0.1540758013725281 
0.1194249093532562 -0.9723801612854004 0.2005348354578018 -0.06733765453100204 
0 0 0 1 

-0.3969455361366272 -0.03619781881570816 0.9171279072761536 -0.2521440088748932 
-0.915579080581665 -0.0545063242316246 -0.3984266817569733 0.166296973824501 
0.06441160291433334 -0.9978569746017456 -0.01150576211512089 -0.001026701997034252 
0 0 0 1 

-0.3897127211093903 -0.255479097366333 0.8847905397415161 -0.2438086718320847 
-0.9197692275047302 0.05961881950497627 -0.3879047334194183 0.1652376055717468 
0.04635147750377655 -0.9649745225906372 -0.2582159340381622 0.07358712702989578 
0 0 0 1 

-0.4157224893569946 -0.3387158811092377 0.844065248966217 -0.2313612401485443 
-0.9094086289405823 0.1422878950834274 -0.3908069431781769 0.1656844913959503 
0.01227230485528708 -0.9300674796104431 -0.3671833574771881 0.1058397814631462 
0 0 0 1 

