0.4842343628406525 0.8501190543174744 -0.2069166004657745 0.04935754835605621 
-0.8407203555107117 0.3866064250469208 -0.379110187292099 0.1305207014083862 
-0.2422935664653778 0.357537180185318 0.9019207358360291 -0.1933678388595581 
0 0 0 1 

0.4655610918998718 0.8489998579025269 -0.2499040812253952 0.06072234734892845 
-0.8226325511932373 0.3109971582889557 -0.4759792983531952 0.1555726081132889 
-0.3263869285583496 0.4271766841411591 0.8432031869888306 -0.1748655140399933 
0 0 0 1 

0.4517713487148285 0.8430109620094299 -0.2919503748416901 0.07483654469251633 
-0.8033749461174011 0.2421239465475082 -0.544026255607605 0.1726474314928055 
-0.3879319727420807 0.480321079492569 0.7866386771202087 -0.1575245410203934 
0 0 0 1 

0.4345500767230988 0.8363499641418457 -0.3341928720474243 0.09059102088212967 
-0.7875118255615234 0.1727873831987381 -0.5915822982788086 0.1828251332044601 
-0.4370255470275879 0.5202529430389404 0.7337203025817871 -0.1387910395860672 
0 0 0 1 

0.4162769019603729 0.8383684754371643 -0.3519257307052612 0.1012705713510513 
-0.7791338562965393 0.1293931305408478 -0.6133576631546021 0.1849412173032761 
-0.4686830043792725 0.5295238494873047 0.7070648074150085 -0.1253294199705124 
0 0 0 1 

0.3443455100059509 0.874134361743927 -0.3425130844116211 0.1070440486073494 
-0.7752390503883362 0.05896136909723282 -0.6289101243019104 0.1830627024173737 
-0.529556930065155 0.4820919334888458 0.6979662179946899 -0.1161124184727669 
0 0 0 1 

0.1657795608043671 0.9402140974998474 -0.2975137233734131 0.1073239743709564 
-0.7843177914619446 -0.05717422813177109 -0.6177188754081726 0.1674569994211197 
-0.5977981686592102 0.3357504308223724 0.7279484272003174 -0.119851216673851 
0 0 0 1 

0.0003307483275420964 0.9559546113014221 -0.293514609336853 0.107948437333107 
-0.7884748578071594 -0.180281862616539 -0.5880526304244995 0.150868684053421 
-0.6150669455528259 0.2316233962774277 0.7536864280700684 -0.1265199780464172 
0 0 0 1 

-0.1119483858346939 0.9429448843002319 -0.3135636150836945 0.1111860126256943 
-0.7507048845291138 -0.2869980931282043 -0.5950410962104797 0.154869869351387 
-0.6510832905769348 0.1687797755002975 0.7400026321411133 -0.1214528977870941 
0 0 0 1 

0.4983042478561401 0.831518828868866 -0.2454980462789536 0.0519665963947773 
-0.764897882938385 0.288314014673233 -0.5760262608528137 0.1717531085014343 
-0.4081962108612061 0.4748172163963318 0.7796950936317444 -0.1587514579296112 
0 0 0 1 

