0.5945883393287659 0.7775436639785767 -0.2046714723110199 0.04697402939200401 
-0.7945806980133057 0.5293309688568115 -0.2974055707454681 0.1215040981769562 
-0.1229069456458092 0.3394618928432465 0.9325553774833679 -0.2596757411956787 
0 0 0 1 

0.6741098761558533 0.7164437174797058 -0.1796775907278061 0.03347698971629143 
-0.7207947373390198 0.5849365592002869 -0.3718924224376678 0.1369727998971939 
-0.16134013235569 0.3802070319652557 0.9107205271720886 -0.2490909695625305 
0 0 0 1 

0.7384552955627441 0.6546434164047241 -0.1616342812776566 0.0245799832046032 
-0.6462512016296387 0.6186826229095459 -0.44675612449646 0.1518931686878204 
-0.1924657076597214 0.4343657493591309 0.8799336552619934 -0.234956368803978 
0 0 0 1 

0.7670335173606873 0.6241159439086914 -0.1487906128168106 0.01849968545138836 
-0.5938348770141602 0.6027613282203674 -0.5329526662826538 0.1714005768299103 
-0.242939218878746 0.4971495866775513 0.8329601883888245 -0.2141426205635071 
0 0 0 1 

0.7939972877502441 0.5896389484405518 -0.1479663401842117 0.01534281391650438 
-0.53425133228302 0.5606545209884644 -0.6326465606689453 0.1970149427652359 
-0.2900751829147339 0.5813708305358887 0.7601737380027771 -0.1867956072092056 
0 0 0 1 

0.8173273205757141 0.558539092540741 -0.1414570212364197 0.01158063393086195 
-0.4771132171154022 0.5184526443481445 -0.7096263766288757 0.2171237021684647 
-0.323015421628952 0.6474880576133728 0.69023197889328 -0.1621032655239105 
0 0 0 1 

0.8479887843132019 0.5130472779273987 -0.1330316811800003 0.006114444695413113 
-0.4086847901344299 0.4731198251247406 -0.7804705500602722 0.2352217882871628 
-0.3374783992767334 0.7161982655525208 0.6108750104904175 -0.1397264450788498 
0 0 0 1 

0.879399299621582 0.4664523601531982 -0.09528370946645737 -0.006658314261585474 
-0.3228181600570679 0.4371256828308105 -0.8394696712493896 0.2493888288736343 
-0.3499217331409454 0.7689883708953857 0.5349873900413513 -0.119891069829464 
0 0 0 1 

0.8983946442604065 0.4340757727622986 -0.06682276725769043 -0.01431757304817438 
-0.2352029532194138 0.3470314145088196 -0.9078813791275024 0.2627905309200287 
-0.3708997666835785 0.831352710723877 0.4138670861721039 -0.08705728501081467 
0 0 0 1 

0.8891236186027527 0.456930011510849 -0.02596420608460903 -0.02484687604010105 
-0.1811887472867966 0.2993375957012177 -0.9367856979370117 0.2669024765491486 
-0.42027348279953 0.8376227617263794 0.3489386737346649 -0.06541292369365692 
0 0 0 1 

