0.2586841583251953 0.7877563834190369 -0.559036910533905 0.1745849847793579 
0.1218764260411263 0.5474939942359924 0.8278867602348328 -0.2451555579900742 
0.9582424163818359 -0.2822945713996887 0.04561906680464745 0.0169092807918787 
0 0 0 1 

0.3833467960357666 0.7735484838485718 -0.5046464204788208 0.1558794528245926 
0.1041645109653473 0.506692111492157 0.8558112382888794 -0.2488264441490173 
0.9177117943763733 -0.3806387484073639 0.1136625409126282 -0.01034175604581833 
0 0 0 1 

0.5137655735015869 0.7481833696365356 -0.4198409914970398 0.1266421526670456 
0.02955902367830276 0.4736373722553253 0.8802236914634705 -0.2481622844934464 
0.8574211597442627 -0.464638739824295 0.2212230414152145 -0.04555560275912285 
0 0 0 1 

0.4315910041332245 0.6658409833908081 -0.6085925698280334 0.1746223419904709 
0.2600967288017273 0.5541558861732483 0.7907343506813049 -0.2929423451423645 
0.8637585639953613 -0.4995667338371277 0.06598564982414246 -0.04122840985655785 
0 0 0 1 

0.351456493139267 0.6860361695289612 -0.6370499730110168 0.1906912922859192 
0.3389422595500946 0.5410599708557129 0.7696572542190552 -0.2891129851341248 
0.8726949691772461 -0.4864242076873779 -0.04236756265163422 -0.0006668079877272248 
0 0 0 1 

0.3040394484996796 0.6942249536514282 -0.6523891091346741 0.2009396106004715 
0.3879900574684143 0.535205602645874 0.7503455877304077 -0.283476710319519 
0.8700709939002991 -0.4812551438808441 -0.1066287681460381 0.02634589001536369 
0 0 0 1 

0.6137112379074097 0.4962895512580872 -0.6140481233596802 0.1931755095720291 
0.3512707948684692 0.5248888731002808 0.7753066420555115 -0.2529661953449249 
0.7070836424827576 -0.6915115714073181 0.1477981954813004 -0.0005989508354105055 
0 0 0 1 

0.6304267048835754 0.5538986325263977 -0.5438368320465088 0.1635271161794662 
0.3050629496574402 0.4674382209777832 0.8297217488288879 -0.2684553563594818 
0.7137918472290039 -0.6889832615852356 0.1257116049528122 0.001714032259769738 
0 0 0 1 

0.7400327324867249 0.5386790633201599 -0.4027113616466522 0.1155458390712738 
0.234747514128685 0.3542348146438599 0.9052134156227112 -0.2906221747398376 
0.6302738785743713 -0.7644230723381042 0.1356918066740036 -0.004446913488209248 
0 0 0 1 

0.8359416723251343 0.4734558761119843 -0.27756267786026 0.07723288983106613 
0.1916667371988297 0.2220500260591507 0.9560112953186035 -0.3041859269142151 
0.5142619609832764 -0.8523691892623901 0.09487514197826385 0.003544342471286654 
0 0 0 1 

