1 0 0 -0.04542167112231255 
0 1 0 0.0009935460984706879 
0 0 1 -0.2875000238418579 
0 0 0 1 

0.9966082572937012 0.08103099465370178 0.01434929016977549 -0.04837004095315933 
-0.08079637587070465 0.9965983033180237 -0.01623882539570332 0.00946419220417738 
-0.01561632938683033 0.01502437423914671 0.999765157699585 -0.2934329509735107 
0 0 0 1 

0.9859397411346436 0.1633076518774033 0.03540174663066864 -0.05282741412520409 
-0.1614435762166977 0.9855973720550537 -0.05033520609140396 0.0249638520181179 
-0.04311204329133034 0.04391205310821533 0.9981047511100769 -0.2924915254116058 
0 0 0 1 

0.9661887288093567 0.2556909918785095 0.0331861823797226 -0.04997538030147552 
-0.2526838183403015 0.964608371257782 -0.07537553459405899 0.03766306489706039 
-0.051284559071064 0.06444134563207626 0.9966028332710266 -0.2921358942985535 
0 0 0 1 

0.8939831256866455 0.4472874402999878 0.02698192745447159 -0.04211555793881416 
-0.439760148525238 0.8873150944709778 -0.1388624906539917 0.06595730781555176 
-0.08605294674634933 0.112275131046772 0.9899440407752991 -0.2901650965213776 
0 0 0 1 

0.8465399742126465 0.5322301983833313 0.01004133466631174 -0.03404733538627625 
-0.5236254334449768 0.8359537124633789 -0.1643092334270477 0.07777225226163864 
-0.09584449231624603 0.133836418390274 0.9863577485084534 -0.2890686094760895 
0 0 0 1 

0.6491844058036804 0.7599309086799622 -0.03262224793434143 -0.007384461350739002 
-0.7559173703193665 0.6398007869720459 -0.1387212127447128 0.07903145253658295 
-0.08454685658216476 0.1147153601050377 0.9897940158843994 -0.2934480309486389 
0 0 0 1 

0.5510857701301575 0.8332913517951965 -0.04392863810062408 0.002221486298367381 
-0.8326120972633362 0.5456199049949646 -0.09516202658414841 0.0672198161482811 
-0.05532938241958618 0.08901794999837875 0.9944920539855957 -0.2984586954116821 
0 0 0 1 

0.4596783220767975 0.883021354675293 -0.09470498561859131 0.02434709854424 
-0.8880693912506104 0.4564085006713867 -0.05498989298939705 0.05530392751097679 
-0.005333094857633114 0.1093822717666626 0.9939854741096497 -0.3022778928279877 
0 0 0 1 

0.8891651034355164 0.4567850828170776 -0.02706813253462315 -0.02479862980544567 
-0.4573250412940979 0.8851020336151123 -0.08630229532718658 0.04914918914437294 
-0.01546357106417418 0.08911591768264771 0.9959012269973755 -0.2645785510540009 
0 0 0 1 

