0.2685967683792114 0.9585878849029541 -0.09468281269073486 0.0324370451271534 
-0.9608337879180908 0.2735863626003265 0.04414443299174309 0.01809495314955711 
0.06822024285793304 0.07911740988492966 0.9945282340049744 -0.3044918179512024 
0 0 0 1 

0.1932740360498428 0.9725774526596069 -0.1293763816356659 0.04480045661330223 
-0.9732545614242554 0.2067350298166275 0.1001808270812035 -0.002724702702835202 
0.1241802498698235 0.1065537929534912 0.9865219593048096 -0.3029069900512695 
0 0 0 1 

0.330591082572937 0.9361248016357422 -0.1199151948094368 0.03850114345550537 
-0.9336609840393066 0.3429486751556396 0.1032627671957016 -0.0007958922069519758 
0.1377916038036346 0.07782240211963654 0.987399160861969 -0.2962790429592133 
0 0 0 1 

0.3644665777683258 0.9187982082366943 -0.1515711843967438 0.04722096398472786 
-0.9289700984954834 0.3700374364852905 0.009310207329690456 0.03208673745393753 
0.06464119255542755 0.1374118477106094 0.9884024858474731 -0.2926026284694672 
0 0 0 1 

0.3995189666748047 0.9012465476989746 -0.1677469909191132 0.05019999295473099 
-0.9167138338088989 0.3936643898487091 -0.06829267740249634 0.0585828423500061 
0.00448745209723711 0.1810602247714996 0.9834617972373962 -0.2873304486274719 
0 0 0 1 

0.4523236751556396 0.8707769513130188 -0.192744567990303 0.05453845486044884 
-0.8898348212242126 0.4261009693145752 -0.1631923615932465 0.08772584795951843 
-0.05997554585337639 0.2453266084194183 0.9675834774971008 -0.27727872133255 
0 0 0 1 

0.5230737328529358 0.8335626125335693 -0.1776714324951172 0.04477611184120178 
-0.8458179235458374 0.4820618033409119 -0.2284915447235107 0.1054735854268074 
-0.1048133969306946 0.2697956264019012 0.9571961760520935 -0.2704261541366577 
0 0 0 1 

0.3613953292369843 0.8984435796737671 -0.2493845522403717 0.06586691737174988 
-0.8933779001235962 0.4102288782596588 0.1832708418369293 -0.001250154571607709 
0.2669632434844971 0.1565614342689514 0.950904369354248 -0.3158408999443054 
0 0 0 1 

0.2934216260910034 0.889667809009552 -0.3498498499393463 0.1040804907679558 
-0.9156199097633362 0.3667537271976471 0.1647173762321472 0.006396736484020948 
0.2748524844646454 0.27199786901474 0.9222110509872437 -0.306999534368515 
0 0 0 1 

0.9715416431427002 0.1457851231098175 -0.1866909861564636 0.009698119945824146 
-0.1844587326049805 0.960101306438446 -0.2101911753416061 0.08281572163105011 
0.1485994756221771 0.2386462837457657 0.9596697688102722 -0.2729441523551941 
0 0 0 1 

