1.000000000000000000e+00 0.000000000000000000e+00 0.000000000000000000e+00 -4.096739311332171507e-01
0.000000000000000000e+00 -1.000000000000000000e+00 0.000000000000000000e+00 -1.964994255000929863e-02
0.000000000000000000e+00 0.000000000000000000e+00 -1.000000000000000000e+00 -2.664639050480994698e+00
0.000000000000000000e+00 0.000000000000000000e+00 0.000000000000000000e+00 1.000000000000000000e+00
9.966315031051635742e-01 -8.022879809141159058e-02 -1.700055971741676331e-02 -4.434396053252021574e-01
-7.991849631071090698e-02 -9.966350793838500977e-01 1.820782944560050964e-02 6.180943514524860072e-02
-1.840414293110370636e-02 -1.678784191608428955e-02 -9.996896982192993164e-01 -2.716812362377598600e+00
0.000000000000000000e+00 0.000000000000000000e+00 0.000000000000000000e+00 1.000000000000000000e+00
9.858829975128173828e-01 -1.639727056026458740e-01 -3.387412801384925842e-02 -4.744286847653646499e-01
-1.621576547622680664e-01 -9.854579567909240723e-01 5.076749995350837708e-02 1.998507048848397749e-01
-4.170606285333633423e-02 -4.455782845616340637e-02 -9.981358647346496582e-01 -2.710337193995753680e+00
0.000000000000000000e+00 0.000000000000000000e+00 0.000000000000000000e+00 1.000000000000000000e+00
9.656903743743896484e-01 -2.569273412227630615e-01 -3.781952336430549622e-02 -4.640095301190644284e-01
-2.535268366336822510e-01 -9.642534255981445312e-01 7.706712931394577026e-02 3.204397129565909608e-01
-5.626830086112022400e-02 -6.483469158411026001e-02 -9.963083267211914062e-01 -2.704343813903123284e+00
0.000000000000000000e+00 0.000000000000000000e+00 0.000000000000000000e+00 1.000000000000000000e+00
9.360874295234680176e-01 -3.476299047470092773e-01 -5.379237979650497437e-02 -4.819786673568462465e-01
-3.394736051559448242e-01 -9.328221082687377930e-01 1.208323016762733459e-01 4.875045966697622579e-01
-9.218369424343109131e-02 -9.484847635030746460e-02 -9.912143349647521973e-01 -2.678075314608548307e+00
0.000000000000000000e+00 0.000000000000000000e+00 0.000000000000000000e+00 1.000000000000000000e+00
8.933386206626892090e-01 -4.481886625289916992e-01 -3.275598213076591492e-02 -3.940854171724454402e-01
-4.402651786804199219e-01 -8.874924182891845703e-01 1.361021548509597778e-01 5.681922352735288007e-01
-9.007013589143753052e-02 -1.071639955043792725e-01 -9.901531338691711426e-01 -2.686801311784849489e+00
0.000000000000000000e+00 0.000000000000000000e+00 0.000000000000000000e+00 1.000000000000000000e+00
8.441296815872192383e-01 -5.357704162597656250e-01 -1.987303793430328369e-02 -3.306541671517984060e-01
-5.258411169052124023e-01 -8.345773816108703613e-01 1.642298996448516846e-01 6.861629681988049567e-01
-1.045751646161079407e-01 -1.281812489032745361e-01 -9.862218499183654785e-01 -2.674494463160018487e+00
0.000000000000000000e+00 0.000000000000000000e+00 0.000000000000000000e+00 1.000000000000000000e+00
7.923711538314819336e-01 -6.100299954414367676e-01 3.346048062667250633e-03 -2.353360723994891990e-01
-6.016371846199035645e-01 -7.805389761924743652e-01 1.696805506944656372e-01 7.314349939783869603e-01
-1.008985415101051331e-01 -1.364630609750747681e-01 -9.854934215545654297e-01 -2.683755228781048885e+00
0.000000000000000000e+00 0.000000000000000000e+00 0.000000000000000000e+00 1.000000000000000000e+00
7.203002572059631348e-01 -6.932752132415771484e-01 2.317066304385662079e-02 -1.322602652467212425e-01
-6.878540515899658203e-01 -7.095567584037780762e-01 1.529243737459182739e-01 7.123974580966754289e-01
-8.957780897617340088e-02 -1.260894984006881714e-01 -9.879662394523620605e-01 -2.699452255482217566e+00
0.000000000000000000e+00 0.000000000000000000e+00 0.000000000000000000e+00 1.000000000000000000e+00
