0.7340508699417114 0.6610797643661499 -0.155377522110939 0.02313326857984066 
-0.6499821543693542 0.617672324180603 -0.4427233636379242 0.1511150151491165 
-0.1967031508684158 0.4259742796421051 0.8830932974815369 -0.2354738712310791 
0 0 0 1 

0.7586098313331604 0.6371732950210571 -0.1360901296138763 0.01542648207396269 
-0.5994049310684204 0.6006348133087158 -0.5291042327880859 0.1707443594932556 
-0.2553910315036774 0.4829569756984711 0.8375727534294128 -0.2149137854576111 
0 0 0 1 

0.7943627238273621 0.5887973308563232 -0.149349570274353 0.01601731963455677 
-0.5327845811843872 0.5572497248649597 -0.6368769407272339 0.1982375830411911 
-0.2917668223381042 0.5854830145835876 0.7563608288764954 -0.1856027990579605 
0 0 0 1 

0.8138234615325928 0.5628392696380615 -0.1445789784193039 0.01295038592070341 
-0.483284056186676 0.5173816084861755 -0.7062243819236755 0.2167410403490067 
-0.3226885497570038 0.6446142792701721 0.6930685043334961 -0.1626951992511749 
0 0 0 1 

0.2684665024280548 0.5687468647956848 -0.7774655818939209 0.242512121796608 
-0.9583792090415955 0.07631666958332062 -0.2751090824604034 0.1505632847547531 
-0.09713385254144669 0.8189644813537598 0.5655636191368103 -0.1629291325807571 
0 0 0 1 

0.3220805525779724 0.6151931285858154 -0.7195842862129211 0.2208904922008514 
-0.9285496473312378 0.05710737407207489 -0.3667892217636108 0.1770413517951965 
-0.1845525950193405 0.7863054275512695 0.5896304845809937 -0.1640595346689224 
0 0 0 1 

0.3682110905647278 0.6339993476867676 -0.6800482273101807 0.2050039619207382 
-0.8890619277954102 0.02610700577497482 -0.4570421278476715 0.2022799700498581 
-0.2720102965831757 0.772892951965332 0.573277473449707 -0.1517732292413712 
0 0 0 1 

0.4233728051185608 0.6361811757087708 -0.6450031995773315 0.189081683754921 
-0.8373693823814392 0.003052376676350832 -0.5466291308403015 0.2261858135461807 
-0.3457862436771393 0.7715337872505188 0.5340108275413513 -0.1324930191040039 
0 0 0 1 

0.523690402507782 0.6360453367233276 -0.5667404532432556 0.1580633223056793 
-0.7309128046035767 -0.00628184899687767 -0.6824420094490051 0.258075475692749 
-0.4376242458820343 0.7716261744499207 0.4616039097309113 -0.09963446855545044 
0 0 0 1 

0.6051260232925415 0.6745490431785583 -0.4228554666042328 0.1067558601498604 
-0.6251347064971924 0.07369966059923172 -0.7770295739173889 0.2791233360767365 
-0.4929800927639008 0.7345422506332397 0.4662812948226929 -0.09365195035934448 
0 0 0 1 

