1 0 0 -0.01792658120393753 
0 1 0 0.02243540808558464 
0 0 1 -0.3816788792610168 
0 0 0 1 

0.9991587400436401 0.04092151299118996 0.002677237847819924 -0.01621747948229313 
-0.04092728719115257 0.9991598129272461 0.002138410229235888 0.01891159079968929 
-0.002587479772046208 -0.002246185671538115 0.999994158744812 -0.3679786026477814 
0 0 0 1 

0.6688681244850159 0.7430948615074158 -0.02061730623245239 -0.02353054285049438 
-0.7185500264167786 0.6391692161560059 -0.274131566286087 0.09749606996774673 
-0.190527930855751 0.198172390460968 0.9614711403846741 -0.2547651827335358 
0 0 0 1 

0.7071712613105774 0.7048660516738892 0.0554288923740387 -0.0514352060854435 
-0.682506799697876 0.7010034322738647 -0.2068291902542114 0.07745158672332764 
-0.1846427768468857 0.1084330156445503 0.9768056869506836 -0.2632484436035156 
0 0 0 1 

0.7448523044586182 0.6602723002433777 0.09609978646039963 -0.06796415150165558 
-0.6452167630195618 0.7494591474533081 -0.1483441442251205 0.05854911729693413 
-0.1699704378843307 0.04848922416567802 0.9842554926872253 -0.2685652077198029 
0 0 0 1 

0.7709877490997314 0.6158132553100586 0.1623316407203674 -0.09259285777807236 
-0.6143789291381836 0.7863283157348633 -0.06500743329524994 0.03112339414656162 
-0.1676784008741379 -0.04961328953504562 0.9845925569534302 -0.2711966931819916 
0 0 0 1 

0.7915309071540833 0.5739398598670959 0.2099324762821198 -0.1114847883582115 
-0.5897514224052429 0.8074228167533875 0.01616888307034969 0.00467119412496686 
-0.1602242738008499 -0.1366062164306641 0.9775821566581726 -0.2722474634647369 
0 0 0 1 

0.8257298469543457 0.5129939913749695 0.2345360070466995 -0.1236175149679184 
-0.5459470152854919 0.8313830494880676 0.1036522537469864 -0.02598512172698975 
-0.1418161988258362 -0.2136330753564835 0.9665655493736267 -0.2719675004482269 
0 0 0 1 

0.8383923172950745 0.4972652494907379 0.2232158929109573 -0.1245328783988953 
-0.5387005209922791 0.8183408975601196 0.2002989202737808 -0.05857359617948532 
-0.08306492120027542 -0.2881756722927094 0.9539679884910583 -0.2720929980278015 
0 0 0 1 

0.8471429347991943 0.497449517250061 0.1867959350347519 -0.1162982061505318 
-0.5313494205474854 0.7957394123077393 0.290630966424942 -0.08893804997205734 
-0.004066561348736286 -0.345459908246994 0.9384246468544006 -0.2719167768955231 
0 0 0 1 

