0.1854331940412521 0.9346321225166321 0.3034423589706421 -0.1033743098378181 
0.8194987177848816 -0.3174877166748047 0.4770988821983337 -0.2345300912857056 
0.5422511696815491 0.1602006703615189 -0.824802577495575 0.2468108087778091 
0 0 0 1 

0.5861836075782776 0.7460963129997253 0.3157991766929626 -0.138947457075119 
0.4675997495651245 0.006755359005182981 -0.8839145302772522 0.2435325384140015 
-0.661618709564209 0.665803849697113 -0.344914585351944 0.1898854076862335 
0 0 0 1 

0.1550894528627396 0.9264470338821411 0.3429913520812988 -0.1003074645996094 
0.563291072845459 0.2022933661937714 -0.8011120557785034 0.2260513603687286 
-0.8115727305412292 0.3174479305744171 -0.4904858469963074 0.2387626469135284 
0 0 0 1 

0.5874616503715515 0.4434300065040588 0.6769479513168335 -0.2403598874807358 
-0.01426007971167564 -0.8307085037231445 0.5565248131752014 -0.1948446035385132 
0.8091262578964233 -0.3365902900695801 -0.4816859662532806 0.1142964139580727 
0 0 0 1 

0.6200256943702698 0.3316972553730011 0.711016833782196 -0.251761257648468 
-0.04948779568076134 -0.8878987431526184 0.4573692977428436 -0.1572039425373077 
0.7830191254615784 -0.3187673985958099 -0.534105122089386 0.1330818086862564 
0 0 0 1 

0.7264725565910339 0.2079627811908722 0.6549726128578186 -0.2377717345952988 
-0.06736510992050171 -0.9269675612449646 0.3690439462661743 -0.1250259131193161 
0.6838856339454651 -0.3122225999832153 -0.6594071388244629 0.1780978292226791 
0 0 0 1 

0.7174808382987976 0.1357633024454117 0.6832199096679688 -0.2437854707241058 
-0.07100559771060944 -0.9614595174789429 0.2656188309192657 -0.0881158709526062 
0.6929497718811035 -0.2390888631343842 -0.6801888346672058 0.1846473664045334 
0 0 0 1 

0.6856346130371094 0.0457104817032814 0.7265093326568604 -0.2528241872787476 
-0.1089472845196724 -0.9803422093391418 0.1644988656044006 -0.04872384294867516 
0.7197469472885132 -0.1919373273849487 -0.6671767234802246 0.1814813911914825 
0 0 0 1 

0.7319741249084473 -0.05779238045215607 0.6788768768310547 -0.2358244806528091 
-0.1333604007959366 -0.9892751574516296 0.05957452207803726 -0.007195407059043646 
0.6681532859802246 -0.1341423094272614 -0.7318310141563416 0.2065627127885818 
0 0 0 1 

0.6984097361564636 -0.03266055509448051 0.7149525880813599 -0.2431961297988892 
-0.06748807430267334 -0.9975125789642334 0.02035802602767944 0.0177584495395422 
0.7125091552734375 -0.06246901303529739 -0.6988766193389893 0.199266105890274 
0 0 0 1 

