0.1241197884082794 -0.842037558555603 -0.5249447822570801 0.1463744342327118 
-0.9871375560760498 -0.1585077047348022 0.02085182443261147 0.02897454798221588 
-0.1007658019661903 0.5156046152114868 -0.8508809208869934 0.3064171075820923 
0 0 0 1 

0.3313665091991425 -0.7261030077934265 -0.6024704575538635 0.1415189951658249 
-0.9133687615394592 -0.4069595038890839 -0.01189321465790272 0.03681311383843422 
-0.2365453839302063 0.5542187094688416 -0.7980526089668274 0.2899852991104126 
0 0 0 1 

0.7555550336837769 0.6325499415397644 0.1703444123268127 -0.07094296813011169 
0.3658755123615265 -0.1917763203382492 -0.9106904268264771 0.2202275842428207 
-0.5433891415596008 0.7504016160964966 -0.3763320446014404 0.1909530609846115 
0 0 0 1 

0.7070720195770264 0.6616658568382263 0.249494269490242 -0.09400591999292374 
0.5285780429840088 -0.2601658403873444 -0.8080339431762695 0.1778739094734192 
-0.4697386026382446 0.7032153606414795 -0.5336980223655701 0.2345296293497086 
0 0 0 1 

0.6625767350196838 0.7059916257858276 0.2501356303691864 -0.09147785604000092 
0.5931408405303955 -0.2906532883644104 -0.7508025765419006 0.1555725485086441 
-0.4573576152324677 0.645829975605011 -0.6113325953483582 0.2549110054969788 
0 0 0 1 

0.6271592974662781 0.7344109416007996 0.2594449520111084 -0.09372702240943909 
0.6688599586486816 -0.3371216654777527 -0.6625518202781677 0.123586006462574 
-0.3991208374500275 0.5890578627586365 -0.7026471495628357 0.275502473115921 
0 0 0 1 

0.5913336277008057 0.7656922936439514 0.2530609965324402 -0.09286865592002869 
0.7278716564178467 -0.3716761469841003 -0.5762462615966797 0.09511072188615799 
-0.3471705615520477 0.5249496698379517 -0.7771103382110596 0.2880916595458984 
0 0 0 1 

0.4968149960041046 0.823459267616272 0.2740252017974854 -0.09241580963134766 
0.8024240136146545 -0.3155798614025116 -0.5064831972122192 0.07523160427808762 
-0.3305914103984833 0.4715128242969513 -0.8175482153892517 0.2962245047092438 
0 0 0 1 

0.3801569044589996 0.8788865804672241 0.2881651818752289 -0.0898514911532402 
0.8597376346588135 -0.2208877056837082 -0.4604995846748352 0.06373230367898941 
-0.3410747349262238 0.4228085279464722 -0.8395838141441345 0.3008910715579987 
0 0 0 1 

0.3660607933998108 0.8803375959396362 0.3016706109046936 -0.09456601738929749 
0.8723670244216919 -0.2117615938186646 -0.4406048357486725 0.05878583714365959 
-0.323998749256134 0.4244556128978729 -0.8454951047897339 0.3009587526321411 
0 0 0 1 

