1 0 0 -0.04542167112231255 
0 1 0 0.0009935460984706879 
0 0 1 -0.2875000238418579 
0 0 0 1 

0.1136501654982567 0.9807370901107788 -0.1588665843009949 0.05495525524020195 
-0.9706032276153564 0.1437466442584991 0.1930451244115829 -0.03476985916495323 
0.212163046002388 0.1322567760944366 0.9682432413101196 -0.298671692609787 
0 0 0 1 

0.187042310833931 0.9720264673233032 -0.1420548260211945 0.0487484410405159 
-0.9544867277145386 0.2140243351459503 0.2077219784259796 -0.03899415209889412 
0.2323144674301147 0.09673666208982468 0.9678181409835815 -0.2964951992034912 
0 0 0 1 

0.2706324458122253 0.9509861469268799 -0.1496100574731827 0.04843650013208389 
-0.9387145042419434 0.2951508164405823 0.1780476123094559 -0.02749922499060631 
0.2134783565998077 0.09225569665431976 0.9725820422172546 -0.295313835144043 
0 0 0 1 

0.8881740570068359 0.4591790437698364 -0.01735945232212543 -0.02496530301868916 
-0.4580010175704956 0.8876872658729553 0.047395009547472 0.0110889608040452 
0.03717257082462311 -0.03414436057209969 0.9987253546714783 -0.2686087489128113 
0 0 0 1 

0.8944500088691711 0.4470160901546478 -0.01164548564702272 -0.02595099434256554 
-0.4404617249965668 0.8852307796478271 0.1495319306850433 -0.02049900591373444 
0.07715217024087906 -0.1286194324493408 0.9886882901191711 -0.2677641808986664 
0 0 0 1 

0.8966662287712097 0.4424346387386322 -0.01553110405802727 -0.02458248659968376 
-0.4242840707302094 0.8688380122184753 0.2551539242267609 -0.05365240946412086 
0.126382976770401 -0.2221983075141907 0.9667757153511047 -0.2632445991039276 
0 0 0 1 

0.9005441665649414 0.4344122409820557 -0.01749383471906185 -0.02387904934585094 
-0.3980712294578552 0.8400514721870422 0.3685818314552307 -0.0912153497338295 
0.1748123019933701 -0.3249604105949402 0.9294306039810181 -0.2536269128322601 
0 0 0 1 

0.9042102694511414 0.4268256723880768 -0.01494760438799858 -0.02586178667843342 
-0.3741888105869293 0.808601975440979 0.4540322422981262 -0.1193916723132133 
0.2058794349431992 -0.4049473404884338 0.8908597826957703 -0.2442691326141357 
0 0 0 1 

0.9056772589683533 0.4238190650939941 -0.0112246023491025 -0.02781609632074833 
-0.3657135367393494 0.7943548560142517 0.4850296974182129 -0.1279831528663635 
0.2144812196493149 -0.435175359249115 0.8744255900382996 -0.2404948174953461 
0 0 0 1 

