1.000000000000000000e+00 0.000000000000000000e+00 0.000000000000000000e+00 -1.792658120393753052e-02
0.000000000000000000e+00 1.000000000000000000e+00 0.000000000000000000e+00 2.243540808558464050e-02
0.000000000000000000e+00 0.000000000000000000e+00 1.000000000000000000e+00 -3.816788792610168457e-01
0.000000000000000000e+00 0.000000000000000000e+00 0.000000000000000000e+00 1.000000000000000000e+00
9.940699934959411621e-01 5.899120494723320007e-02 -9.135030955076217651e-02 2.069530636072158813e-02
-6.119636818766593933e-02 9.978933334350585938e-01 -2.152732759714126587e-02 2.752967551350593567e-02
8.988793939352035522e-02 2.699002251029014587e-02 9.955858588218688965e-01 -3.786793053150177002e-01
0.000000000000000000e+00 0.000000000000000000e+00 0.000000000000000000e+00 1.000000000000000000e+00
9.691779613494873047e-01 6.909757107496261597e-02 -2.364745885133743286e-01 7.985733449459075928e-02
-7.551085948944091797e-02 9.969794750213623047e-01 -1.816106587648391724e-02 2.696865797042846680e-02
2.345053255558013916e-01 3.545765951275825500e-02 9.714679121971130371e-01 -3.684190511703491211e-01
0.000000000000000000e+00 0.000000000000000000e+00 0.000000000000000000e+00 1.000000000000000000e+00
9.992209076881408691e-01 3.945826366543769836e-02 7.499943603761494160e-04 -1.517645176500082016e-02
-3.946058452129364014e-02 9.992154836654663086e-01 3.390233730897307396e-03 1.821230351924896240e-02
-6.156246527098119259e-04 -3.417238825932145119e-03 9.999939799308776855e-01 -3.680490851402282715e-01
0.000000000000000000e+00 0.000000000000000000e+00 0.000000000000000000e+00 1.000000000000000000e+00
9.923462867736816406e-01 6.054230034351348877e-02 -1.076260879635810852e-01 2.998226508498191833e-02
-5.672144889831542969e-02 9.976585507392883301e-01 3.821719065308570862e-02 8.714563213288784027e-03
1.096878126263618469e-01 -3.181989490985870361e-02 9.934566020965576172e-01 -3.663995862007141113e-01
0.000000000000000000e+00 0.000000000000000000e+00 0.000000000000000000e+00 1.000000000000000000e+00
-1.133063882589340210e-01 8.818983286619186401e-02 -9.896383881568908691e-01 4.096548855304718018e-01
-3.718855232000350952e-02 9.949783086776733398e-01 9.292352199554443359e-02 -8.830681443214416504e-03
9.928637742996215820e-01 4.733204096555709839e-02 -1.094577237963676453e-01 4.598352313041687012e-02
0.000000000000000000e+00 0.000000000000000000e+00 0.000000000000000000e+00 1.000000000000000000e+00
-6.586588919162750244e-02 1.071283593773841858e-01 -9.920614361763000488e-01 4.051567018032073975e-01
-1.928370445966720581e-02 9.938977360725402832e-01 1.086069718003273010e-01 -1.021893974393606186e-02
9.976419806480407715e-01 2.628411725163459778e-02 -6.339811533689498901e-02 3.409450128674507141e-02
0.000000000000000000e+00 0.000000000000000000e+00 0.000000000000000000e+00 1.000000000000000000e+00
-9.425173699855804443e-02 1.018794775009155273e-01 -9.903215169906616211e-01 3.996089994907379150e-01
-1.944263838231563568e-02 9.943715333938598633e-01 1.041465550661087036e-01 -4.872061777859926224e-03
9.953582286834716797e-01 2.907048538327217102e-02 -9.174050390720367432e-02 5.214202776551246643e-02
0.000000000000000000e+00 0.000000000000000000e+00 0.000000000000000000e+00 1.000000000000000000e+00
-5.115709826350212097e-02 9.545995295047760010e-02 -9.941176176071166992e-01 3.950473070144653320e-01
-3.366007655858993530e-02 9.946908950805664062e-01 9.724710881710052490e-02 -3.045686753466725349e-04
9.981226921081542969e-01 3.843697160482406616e-02 -4.767243191599845886e-02 4.426189139485359192e-02
0.000000000000000000e+00 0.000000000000000000e+00 0.000000000000000000e+00 1.000000000000000000e+00
-5.109937489032745361e-02 9.575053304433822632e-02 -9.940926432609558105e-01 3.909084200859069824e-01
-5.502011626958847046e-02 9.936118721961975098e-01 9.853248298168182373e-02 1.192750642076134682e-03
9.971766471862792969e-01 5.973005667328834534e-02 -4.550470411777496338e-02 5.201041325926780701e-02
0.000000000000000000e+00 0.000000000000000000e+00 0.000000000000000000e+00 1.000000000000000000e+00
-4.513475298881530762e-02 8.266097307205200195e-02 -9.955550432205200195e-01 3.871023654937744141e-01
-7.489450275897979736e-02 9.934857487678527832e-01 8.588458597660064697e-02 8.400488644838333130e-03
9.961696863174438477e-01 7.843809574842453003e-02 -3.864979743957519531e-02 5.834300443530082703e-02
0.000000000000000000e+00 0.000000000000000000e+00 0.000000000000000000e+00 1.000000000000000000e+00
-5.580854788422584534e-02 6.986760348081588745e-02 -9.959940910339355469e-01 3.837678730487823486e-01
-1.017182022333145142e-01 9.919606447219848633e-01 7.528427988290786743e-02 1.591497100889682770e-02
9.932466745376586914e-01 1.055122241377830505e-01 -4.825306311249732971e-02 7.003256678581237793e-02
0.000000000000000000e+00 0.000000000000000000e+00 0.000000000000000000e+00 1.000000000000000000e+00
-4.918795078992843628e-02 8.359942585229873657e-02 -9.952847361564636230e-01 3.833842277526855469e-01
-1.041006222367286682e-01 9.906345009803771973e-01 8.835359662771224976e-02 1.482792757451534271e-02
9.933494329452514648e-01 1.079556941986083984e-01 -4.002455621957778931e-02 7.273989170789718628e-02
0.000000000000000000e+00 0.000000000000000000e+00 0.000000000000000000e+00 1.000000000000000000e+00
-5.883563682436943054e-02 8.528502285480499268e-02 -9.946179389953613281e-01 3.830402493476867676e-01
-1.353677064180374146e-01 9.864593744277954102e-01 9.259297698736190796e-02 1.632858067750930786e-02
9.890472292900085449e-01 1.400869339704513550e-01 -4.649411886930465698e-02 8.186851441860198975e-02
0.000000000000000000e+00 0.000000000000000000e+00 0.000000000000000000e+00 1.000000000000000000e+00
-2.118784561753273010e-02 9.048330038785934448e-02 -9.956725835800170898e-01 3.853761255741119385e-01
-1.541571170091629028e-01 9.836905002593994141e-01 9.267488121986389160e-02 1.877029240131378174e-02
9.878194332122802734e-01 1.554535776376724243e-01 -6.893681362271308899e-03 7.375141978263854980e-02
0.000000000000000000e+00 0.000000000000000000e+00 0.000000000000000000e+00 1.000000000000000000e+00
-4.421750549226999283e-03 9.521247446537017822e-02 -9.954471588134765625e-01 3.865015506744384766e-01
-1.752892434597015381e-01 9.799702167510986328e-01 9.451077878475189209e-02 2.049253322184085846e-02
9.845070838928222656e-01 1.749090403318405151e-01 1.235646661370992661e-02 7.517999410629272461e-02
0.000000000000000000e+00 0.000000000000000000e+00 0.000000000000000000e+00 1.000000000000000000e+00
2.297279611229896545e-02 1.024850904941558838e-01 -9.944691658020019531e-01 3.889511525630950928e-01
-1.906779408454895020e-01 9.769203662872314453e-01 9.627182036638259888e-02 2.277065068483352661e-02
9.813838005065917969e-01 1.874116808176040649e-01 4.198422282934188843e-02 7.310333847999572754e-02
0.000000000000000000e+00 0.000000000000000000e+00 0.000000000000000000e+00 1.000000000000000000e+00
6.917092949151992798e-02 1.023691967129707336e-01 -9.923385977745056152e-01 3.911197483539581299e-01
-2.172781229019165039e-01 9.723869562149047852e-01 8.516565710306167603e-02 2.815461345016956329e-02
9.736558198928833008e-01 2.097224742174148560e-01 8.950341492891311646e-02 6.454389542341232300e-02
0.000000000000000000e+00 0.000000000000000000e+00 0.000000000000000000e+00 1.000000000000000000e+00
1.282014101743698120e-01 1.261201798915863037e-01 -9.836962223052978516e-01 3.970446586608886719e-01
-2.295845448970794678e-01 9.687119722366333008e-01 9.427810460329055786e-02 2.507736720144748688e-02
9.648087024688720703e-01 2.137548476457595825e-01 1.531456559896469116e-01 5.781862512230873108e-02
0.000000000000000000e+00 0.000000000000000000e+00 0.000000000000000000e+00 1.000000000000000000e+00
1.690897643566131592e-01 1.835550516843795776e-01 -9.683570265769958496e-01 4.134179651737213135e-01
-2.400727272033691406e-01 9.605827331542968750e-01 1.401611268520355225e-01 8.043223991990089417e-03
9.559146165847778320e-01 2.087763696908950806e-01 2.064913660287857056e-01 5.960024893283843994e-02
0.000000000000000000e+00 0.000000000000000000e+00 0.000000000000000000e+00 1.000000000000000000e+00
6.617949903011322021e-02 1.675461232662200928e-01 -9.836401343345642090e-01 4.154097735881805420e-01
-2.778394222259521484e-01 9.499080777168273926e-01 1.431073993444442749e-01 7.702945731580257416e-03
9.583447575569152832e-01 2.638233602046966553e-01 1.094154864549636841e-01 1.025871261954307556e-01
0.000000000000000000e+00 0.000000000000000000e+00 0.000000000000000000e+00 1.000000000000000000e+00
7.647388428449630737e-02 2.073411941528320312e-01 -9.752746820449829102e-01 4.085000157356262207e-01
-2.021351754665374756e-01 9.610521793365478516e-01 1.884675174951553345e-01 -1.132302731275558472e-02
9.763669371604919434e-01 1.827246248722076416e-01 1.154064089059829712e-01 8.816950023174285889e-02
0.000000000000000000e+00 0.000000000000000000e+00 0.000000000000000000e+00 1.000000000000000000e+00
8.559103310108184814e-02 2.175361067056655884e-01 -9.722924828529357910e-01 4.039904773235321045e-01
-1.632212698459625244e-01 9.657505154609680176e-01 2.017040848731994629e-01 -1.791844516992568970e-02
9.828697443008422852e-01 1.414346992969512939e-01 1.181659996509552002e-01 8.126877993345260620e-02
0.000000000000000000e+00 0.000000000000000000e+00 0.000000000000000000e+00 1.000000000000000000e+00
1.791937798261642456e-01 2.701105475425720215e-01 -9.460079669952392578e-01 3.838490247726440430e-01
-6.522808223962783813e-02 9.627177715301513672e-01 2.625260651111602783e-01 -4.845780879259109497e-02
9.816488623619079590e-01 1.466332934796810150e-02 1.901315450668334961e-01 3.721427917480468750e-02
0.000000000000000000e+00 0.000000000000000000e+00 0.000000000000000000e+00 1.000000000000000000e+00
1.978985369205474854e-01 3.176756203174591064e-01 -9.273177981376647949e-01 3.621158599853515625e-01
-2.881640382111072540e-02 9.475042819976806641e-01 3.184413611888885498e-01 -7.861195504665374756e-02
9.797988533973693848e-01 -3.629713505506515503e-02 1.966640353202819824e-01 2.781195193529129028e-02
0.000000000000000000e+00 0.000000000000000000e+00 0.000000000000000000e+00 1.000000000000000000e+00
2.481962889432907104e-01 3.780116736888885498e-01 -8.919110894203186035e-01 3.424043655395507812e-01
5.483280401676893234e-03 9.201579689979553223e-01 3.915091454982757568e-01 -1.075318604707717896e-01
9.686942100524902344e-01 -1.020617187023162842e-01 2.263070195913314819e-01 1.349494885653257370e-02
0.000000000000000000e+00 0.000000000000000000e+00 0.000000000000000000e+00 1.000000000000000000e+00
2.788195610046386719e-01 4.053591787815093994e-01 -8.705992698669433594e-01 3.277640342712402344e-01
5.060859769582748413e-02 8.990883231163024902e-01 4.348319470882415771e-01 -1.244661509990692139e-01
9.590086936950683594e-01 -1.652993857860565186e-01 2.301688641309738159e-01 8.466359227895736694e-03
0.000000000000000000e+00 0.000000000000000000e+00 0.000000000000000000e+00 1.000000000000000000e+00
3.672159612178802490e-01 4.436237514019012451e-01 -8.175269365310668945e-01 3.040990233421325684e-01
1.177307963371276855e-01 8.496956229209899902e-01 5.139619112014770508e-01 -1.533988714218139648e-01
9.226548671722412109e-01 -2.849831879138946533e-01 2.597936987876892090e-01 -7.436223328113555908e-03
0.000000000000000000e+00 0.000000000000000000e+00 0.000000000000000000e+00 1.000000000000000000e+00
3.873041868209838867e-01 4.850919246673583984e-01 -7.840163111686706543e-01 2.882896661758422852e-01
1.342560201883316040e-01 8.116470575332641602e-01 5.685104131698608398e-01 -1.741087436676025391e-01
9.121245741844177246e-01 -3.254453241825103760e-01 2.492278516292572021e-01 -6.850059144198894501e-03
0.000000000000000000e+00 0.000000000000000000e+00 0.000000000000000000e+00 1.000000000000000000e+00
3.835829794406890869e-01 5.375531315803527832e-01 -7.509331703186035156e-01 2.706753313541412354e-01
1.640123426914215088e-01 7.605533003807067871e-01 6.282184123992919922e-01 -1.931708455085754395e-01
9.088254570960998535e-01 -3.641361892223358154e-01 2.035699635744094849e-01 4.954165313392877579e-03
0.000000000000000000e+00 0.000000000000000000e+00 0.000000000000000000e+00 1.000000000000000000e+00
4.180991649627685547e-01 5.498398542404174805e-01 -7.230970263481140137e-01 2.565127909183502197e-01
1.664549410343170166e-01 7.361605763435363770e-01 6.560183763504028320e-01 -2.024940401315689087e-01
8.930206894874572754e-01 -3.946439027786254883e-01 2.162646204233169556e-01 -1.902275369502604008e-03
0.000000000000000000e+00 0.000000000000000000e+00 0.000000000000000000e+00 1.000000000000000000e+00
4.248799979686737061e-01 5.665674209594726562e-01 -7.060297727584838867e-01 2.446517348289489746e-01
1.765598207712173462e-01 7.130854129791259766e-01 6.784807443618774414e-01 -2.093053013086318970e-01
8.878645300865173340e-01 -4.129293262958526611e-01 2.029425799846649170e-01 -7.117119384929537773e-04
0.000000000000000000e+00 0.000000000000000000e+00 0.000000000000000000e+00 1.000000000000000000e+00
4.282167851924896240e-01 6.009243130683898926e-01 -6.749224662780761719e-01 2.289030849933624268e-01
1.769744157791137695e-01 6.766354441642761230e-01 7.147339582443237305e-01 -2.197195142507553101e-01
8.861774802207946777e-01 -4.255051314830780029e-01 1.833984255790710449e-01 1.339140115305781364e-03
0.000000000000000000e+00 0.000000000000000000e+00 0.000000000000000000e+00 1.000000000000000000e+00
3.001164793968200684e-01 7.052387595176696777e-01 -6.423147320747375488e-01 2.067762017250061035e-01
1.386841237545013428e-01 6.339419484138488770e-01 7.608447074890136719e-01 -2.311908602714538574e-01
9.437673091888427734e-01 -3.174207508563995361e-01 9.245099872350692749e-02 1.948231086134910583e-02
0.000000000000000000e+00 0.000000000000000000e+00 0.000000000000000000e+00 1.000000000000000000e+00
2.146634757518768311e-01 7.503501176834106445e-01 -6.252153515815734863e-01 1.976143568754196167e-01
1.298219859600067139e-01 6.125372052192687988e-01 7.797079682350158691e-01 -2.350877225399017334e-01
9.680215716361999512e-01 -2.485414743423461914e-01 3.407746180891990662e-02 3.102955035865306854e-02
0.000000000000000000e+00 0.000000000000000000e+00 0.000000000000000000e+00 1.000000000000000000e+00
2.770202755928039551e-01 7.818191647529602051e-01 -5.585863590240478516e-01 1.745748370885848999e-01
1.205065548419952393e-01 5.484789013862609863e-01 8.274351358413696289e-01 -2.450419068336486816e-01
9.532773494720458984e-01 -2.965296506881713867e-01 5.772549659013748169e-02 1.344951707869768143e-02
0.000000000000000000e+00 0.000000000000000000e+00 0.000000000000000000e+00 1.000000000000000000e+00
3.864809870719909668e-01 7.716775536537170410e-01 -5.051202178001403809e-01 1.560218930244445801e-01
1.041842103004455566e-01 5.076426863670349121e-01 8.552454113960266113e-01 -2.484290152788162231e-01
9.163938760757446289e-01 -3.831617236137390137e-01 1.157974898815155029e-01 -1.102986186742782593e-02
0.000000000000000000e+00 0.000000000000000000e+00 0.000000000000000000e+00 1.000000000000000000e+00
5.205072760581970215e-01 7.453858256340026855e-01 -4.164994657039642334e-01 1.257323473691940308e-01
2.956781722605228424e-02 4.717588126659393311e-01 8.812316060066223145e-01 -2.481463402509689331e-01
8.533452749252319336e-01 -4.710023403167724609e-01 2.235145419836044312e-01 -4.605071619153022766e-02
0.000000000000000000e+00 0.000000000000000000e+00 0.000000000000000000e+00 1.000000000000000000e+00
6.212815046310424805e-01 7.114796638488769531e-01 -3.283377885818481445e-01 1.038515046238899231e-01
-3.259453549981117249e-02 4.421209692955017090e-01 8.963629603385925293e-01 -2.443055957555770874e-01
7.829090952873229980e-01 -5.461916327476501465e-01 2.978720366954803467e-01 -6.701415777206420898e-02
0.000000000000000000e+00 0.000000000000000000e+00 0.000000000000000000e+00 1.000000000000000000e+00
6.195363402366638184e-01 7.549021244049072266e-01 -2.151696532964706421e-01 7.844705134630203247e-02
-1.109727099537849426e-01 3.555899858474731445e-01 9.280309081077575684e-01 -2.554912865161895752e-01
7.770842909812927246e-01 -5.510706305503845215e-01 3.040745556354522705e-01 -6.444426625967025757e-02
0.000000000000000000e+00 0.000000000000000000e+00 0.000000000000000000e+00 1.000000000000000000e+00
6.061564087867736816e-01 7.906863689422607422e-01 -8.595918118953704834e-02 4.363116621971130371e-02
-1.868892759084701538e-01 2.466513216495513916e-01 9.509128928184509277e-01 -2.709397375583648682e-01
7.730761170387268066e-01 -5.603375434875488281e-01 2.972800731658935547e-01 -5.891104042530059814e-02
0.000000000000000000e+00 0.000000000000000000e+00 0.000000000000000000e+00 1.000000000000000000e+00
6.268142461776733398e-01 7.787709832191467285e-01 2.490460313856601715e-02 8.490014821290969849e-03
-2.009115070104598999e-01 1.306615322828292847e-01 9.708558917045593262e-01 -2.853815555572509766e-01
7.528204917907714844e-01 -6.135497093200683594e-01 2.383644878864288330e-01 -4.160417616367340088e-02
0.000000000000000000e+00 0.000000000000000000e+00 0.000000000000000000e+00 1.000000000000000000e+00
6.433404684066772461e-01 7.522998452186584473e-01 1.419817805290222168e-01 -3.370004519820213318e-02
-2.397390604019165039e-01 2.183630131185054779e-02 9.705916047096252441e-01 -2.913793325424194336e-01
7.270753979682922363e-01 -6.584593653678894043e-01 1.944038122892379761e-01 -3.004488535225391388e-02
0.000000000000000000e+00 0.000000000000000000e+00 0.000000000000000000e+00 1.000000000000000000e+00
6.437055468559265137e-01 7.263363003730773926e-01 2.409962564706802368e-01 -7.346186041831970215e-02
-2.461667656898498535e-01 -1.016514673829078674e-01 9.638819694519042969e-01 -2.965309917926788330e-01
7.246001958847045898e-01 -6.797816157341003418e-01 1.133662164211273193e-01 -7.399693131446838379e-03
0.000000000000000000e+00 0.000000000000000000e+00 0.000000000000000000e+00 1.000000000000000000e+00
6.246824860572814941e-01 7.720360755920410156e-01 1.171843260526657104e-01 -2.522112801671028137e-02
-3.037066161632537842e-01 1.019538715481758118e-01 9.472948908805847168e-01 -2.738966643810272217e-01
7.193984389305114746e-01 -6.273480057716369629e-01 2.981612086296081543e-01 -7.469482719898223877e-02
0.000000000000000000e+00 0.000000000000000000e+00 0.000000000000000000e+00 1.000000000000000000e+00
6.015902161598205566e-01 7.979878187179565430e-01 3.612141311168670654e-02 2.740173367783427238e-03
-3.856913745403289795e-01 2.505728304386138916e-01 8.879502415657043457e-01 -2.457121908664703369e-01
6.995222568511962891e-01 -5.481138229370117188e-01 4.585192501544952393e-01 -1.194364130496978760e-01
0.000000000000000000e+00 0.000000000000000000e+00 0.000000000000000000e+00 1.000000000000000000e+00
5.885437726974487305e-01 8.052573800086975098e-01 -7.194855809211730957e-02 3.692811354994773865e-02
-4.523705840110778809e-01 4.017670452594757080e-01 7.962062358856201172e-01 -2.055103331804275513e-01
6.700573563575744629e-01 -4.360548257827758789e-01 6.007322669029235840e-01 -1.558279842138290405e-01
0.000000000000000000e+00 0.000000000000000000e+00 0.000000000000000000e+00 1.000000000000000000e+00
5.991944670677185059e-01 7.891412377357482910e-01 -1.349884569644927979e-01 5.494095757603645325e-02
-5.198509693145751953e-01 5.117297768592834473e-01 6.840226054191589355e-01 -1.625214517116546631e-01
6.088681817054748535e-01 -3.396888077259063721e-01 7.168619632720947266e-01 -1.816750019788742065e-01
0.000000000000000000e+00 0.000000000000000000e+00 0.000000000000000000e+00 1.000000000000000000e+00
6.006021499633789062e-01 7.799649834632873535e-01 -1.758743971586227417e-01 6.552347540855407715e-02
-5.733483433723449707e-01 5.734502077102661133e-01 5.851727724075317383e-01 -1.295974999666213989e-01
5.572691559791564941e-01 -2.506185173988342285e-01 7.916068434715270996e-01 -1.968030929565429688e-01
0.000000000000000000e+00 0.000000000000000000e+00 0.000000000000000000e+00 1.000000000000000000e+00
5.902647972106933594e-01 7.899417281150817871e-01 -1.660679727792739868e-01 5.907438322901725769e-02
-6.641618013381958008e-01 5.922008752822875977e-01 4.562751352787017822e-01 -9.402372688055038452e-02
4.587767124176025391e-01 -1.590271741151809692e-01 8.742048740386962891e-01 -2.137714475393295288e-01
0.000000000000000000e+00 0.000000000000000000e+00 0.000000000000000000e+00 1.000000000000000000e+00
5.777859687805175781e-01 7.921497821807861328e-01 -1.966280043125152588e-01 6.280434131622314453e-02
-7.135221362113952637e-01 6.072031259536743164e-01 3.495574593544006348e-01 -6.337552517652511597e-02
3.962947726249694824e-01 -6.167082488536834717e-02 9.160494804382324219e-01 -2.203749269247055054e-01
0.000000000000000000e+00 0.000000000000000000e+00 0.000000000000000000e+00 1.000000000000000000e+00
5.719788074493408203e-01 7.827537059783935547e-01 -2.452267855405807495e-01 7.092087715864181519e-02
-7.529053092002868652e-01 6.196419596672058105e-01 2.217591702938079834e-01 -2.603639289736747742e-02
3.255356550216674805e-01 5.779100954532623291e-02 9.437620043754577637e-01 -2.228960245847702026e-01
0.000000000000000000e+00 0.000000000000000000e+00 0.000000000000000000e+00 1.000000000000000000e+00
5.604789257049560547e-01 7.883831262588500977e-01 -2.536047995090484619e-01 7.146616280078887939e-02
-7.831192016601562500e-01 6.041512489318847656e-01 1.473975181579589844e-01 -5.871893372386693954e-03
2.694214284420013428e-01 1.159895360469818115e-01 9.560117721557617188e-01 -2.236786186695098877e-01
0.000000000000000000e+00 0.000000000000000000e+00 0.000000000000000000e+00 1.000000000000000000e+00
5.368449687957763672e-01 8.043531179428100586e-01 -2.545845508575439453e-01 6.888481229543685913e-02
-8.294118642807006836e-01 5.584263801574707031e-01 1.534471008926630020e-02 2.897723764181137085e-02
1.545092314481735229e-01 2.029178589582443237e-01 9.669287204742431641e-01 -2.240553945302963257e-01
0.000000000000000000e+00 0.000000000000000000e+00 0.000000000000000000e+00 1.000000000000000000e+00
5.241156220436096191e-01 8.074728250503540039e-01 -2.707228958606719971e-01 7.005457580089569092e-02
-8.507446646690368652e-01 5.110371112823486328e-01 -1.227815821766853333e-01 6.506922096014022827e-02
3.920663520693778992e-02 2.946676015853881836e-01 9.547951817512512207e-01 -2.189659327268600464e-01
0.000000000000000000e+00 0.000000000000000000e+00 0.000000000000000000e+00 1.000000000000000000e+00
5.331884622573852539e-01 7.950136661529541016e-01 -2.892457842826843262e-01 7.167661935091018677e-02
-8.441236019134521484e-01 4.772097170352935791e-01 -2.443888932466506958e-01 9.609661251306533813e-02
-5.626165494322776794e-02 3.744643926620483398e-01 9.255326986312866211e-01 -2.078416496515274048e-01
0.000000000000000000e+00 0.000000000000000000e+00 0.000000000000000000e+00 1.000000000000000000e+00
4.976249635219573975e-01 8.110082149505615234e-01 -3.076283335685729980e-01 7.508075237274169922e-02
-8.470083475112915039e-01 3.779071867465972900e-01 -3.738492429256439209e-01 1.293681412935256958e-01
-1.869399547576904297e-01 4.466002583503723145e-01 8.749864697456359863e-01 -1.889818757772445679e-01
0.000000000000000000e+00 0.000000000000000000e+00 0.000000000000000000e+00 1.000000000000000000e+00
4.846466183662414551e-01 8.153098225593566895e-01 -3.168399333953857422e-01 7.736755162477493286e-02
-8.258165717124938965e-01 3.070775270462036133e-01 -4.730016887187957764e-01 1.546082794666290283e-01
-2.883484661579132080e-01 4.908900856971740723e-01 8.221205472946166992e-01 -1.713455021381378174e-01
0.000000000000000000e+00 0.000000000000000000e+00 0.000000000000000000e+00 1.000000000000000000e+00
4.569222331047058105e-01 8.307768106460571289e-01 -3.178536593914031982e-01 8.159534633159637451e-02
-8.058205246925354004e-01 2.352901548147201538e-01 -5.434067845344543457e-01 1.721023023128509521e-01
-3.766621649265289307e-01 5.044278502464294434e-01 7.769672274589538574e-01 -1.553514152765274048e-01
0.000000000000000000e+00 0.000000000000000000e+00 0.000000000000000000e+00 1.000000000000000000e+00
4.114343822002410889e-01 8.602340817451477051e-01 -3.011953234672546387e-01 8.354923874139785767e-02
-7.864703536033630371e-01 1.680632084608078003e-01 -5.943224430084228516e-01 1.831271052360534668e-01
-4.606368243694305420e-01 4.814062118530273438e-01 7.456960082054138184e-01 -1.410272121429443359e-01
0.000000000000000000e+00 0.000000000000000000e+00 0.000000000000000000e+00 1.000000000000000000e+00
3.727999627590179443e-01 8.797922730445861816e-01 -2.949330806732177734e-01 8.931693434715270996e-02
-7.785765528678894043e-01 1.236625909805297852e-01 -6.152442693710327148e-01 1.848403811454772949e-01
-5.048148036003112793e-01 4.589911997318267822e-01 7.310873866081237793e-01 -1.309773921966552734e-01
0.000000000000000000e+00 0.000000000000000000e+00 0.000000000000000000e+00 1.000000000000000000e+00
2.718934416770935059e-01 9.306352138519287109e-01 -2.449323982000350952e-01 8.700428158044815063e-02
-7.699114680290222168e-01 5.766994506120681763e-02 -6.355397701263427734e-01 1.841549128293991089e-01
-5.773301124572753906e-01 3.613754510879516602e-01 7.321869134902954102e-01 -1.250231117010116577e-01
0.000000000000000000e+00 0.000000000000000000e+00 0.000000000000000000e+00 1.000000000000000000e+00
9.062515944242477417e-02 9.757601022720336914e-01 -1.991984099149703979e-01 8.714561164379119873e-02
-7.841355204582214355e-01 -5.339384451508522034e-02 -6.182885766029357910e-01 1.674116849899291992e-01
-6.139368414878845215e-01 2.122309654951095581e-01 7.602890729904174805e-01 -1.301209777593612671e-01
0.000000000000000000e+00 0.000000000000000000e+00 0.000000000000000000e+00 1.000000000000000000e+00
-7.742064446210861206e-02 9.782321453094482422e-01 -1.925313621759414673e-01 8.727356791496276855e-02
-7.873247861862182617e-01 -1.784614771604537964e-01 -5.901454091072082520e-01 1.509050279855728149e-01
-6.116584539413452148e-01 1.058951914310455322e-01 7.840027213096618652e-01 -1.364532709121704102e-01
0.000000000000000000e+00 0.000000000000000000e+00 0.000000000000000000e+00 1.000000000000000000e+00
-2.078264802694320679e-01 9.565300345420837402e-01 -2.045916020870208740e-01 8.918633311986923218e-02
-7.476987838745117188e-01 -2.902024388313293457e-01 -5.972676873207092285e-01 1.549329608678817749e-01
-6.306778192520141602e-01 2.884476259350776672e-02 7.755087018013000488e-01 -1.327691078186035156e-01
0.000000000000000000e+00 0.000000000000000000e+00 0.000000000000000000e+00 1.000000000000000000e+00
-2.590313553810119629e-01 9.521071314811706543e-01 -1.624626219272613525e-01 8.613916486501693726e-02
-7.053942680358886719e-01 -3.013812303543090820e-01 -6.415513157844543457e-01 1.694275736808776855e-01
-6.597890257835388184e-01 -5.158173292875289917e-02 7.496784329414367676e-01 -1.237762048840522766e-01
0.000000000000000000e+00 0.000000000000000000e+00 0.000000000000000000e+00 1.000000000000000000e+00
-3.591343462467193604e-01 9.251776933670043945e-01 -1.227530986070632935e-01 8.855780959129333496e-02
-6.917257905006408691e-01 -3.521648049354553223e-01 -6.304721236228942871e-01 1.640419065952301025e-01
-6.265283226966857910e-01 -1.415128558874130249e-01 7.664439678192138672e-01 -1.207842901349067688e-01
0.000000000000000000e+00 0.000000000000000000e+00 0.000000000000000000e+00 1.000000000000000000e+00
2.281472980976104736e-01 9.197617769241333008e-01 -3.193548619747161865e-01 8.557381480932235718e-02
-7.351115942001342773e-01 -5.234539881348609924e-02 -6.759220957756042480e-01 1.830769032239913940e-01
-6.384041309356689453e-01 3.889714777469635010e-01 6.641852855682373047e-01 -1.010514050722122192e-01
0.000000000000000000e+00 0.000000000000000000e+00 0.000000000000000000e+00 1.000000000000000000e+00
5.362393856048583984e-01 7.765628099441528320e-01 -3.307530283927917480e-01 7.273359596729278564e-02
-7.667226791381835938e-01 2.842842936515808105e-01 -5.756031274795532227e-01 1.740742176771163940e-01
-3.529640138149261475e-01 5.622567534446716309e-01 7.478526830673217773e-01 -1.579320728778839111e-01
0.000000000000000000e+00 0.000000000000000000e+00 0.000000000000000000e+00 1.000000000000000000e+00
5.945415496826171875e-01 7.311467528343200684e-01 -3.345820903778076172e-01 7.153877615928649902e-02
-7.702773213386535645e-01 3.985489308834075928e-01 -4.978270828723907471e-01 1.567286103963851929e-01
-2.306370735168457031e-01 5.536995530128479004e-01 8.001394867897033691e-01 -1.863026618957519531e-01
0.000000000000000000e+00 0.000000000000000000e+00 0.000000000000000000e+00 1.000000000000000000e+00
5.947871804237365723e-01 7.491293549537658691e-01 -2.916041314601898193e-01 5.984642356634140015e-02
-7.747339606285095215e-01 4.373801946640014648e-01 -4.566024541854858398e-01 1.475700139999389648e-01
-2.145125120878219604e-01 4.974968135356903076e-01 8.405240774154663086e-01 -2.030420154333114624e-01
0.000000000000000000e+00 0.000000000000000000e+00 0.000000000000000000e+00 1.000000000000000000e+00
6.247598528861999512e-01 7.475374341011047363e-01 -2.255278974771499634e-01 4.019934311509132385e-02
-7.597851157188415527e-01 5.154341459274291992e-01 -3.963003456592559814e-01 1.307232379913330078e-01
-1.800046563148498535e-01 4.189454913139343262e-01 8.899909853935241699e-01 -2.227304130792617798e-01
0.000000000000000000e+00 0.000000000000000000e+00 0.000000000000000000e+00 1.000000000000000000e+00
6.398894190788269043e-01 7.543261051177978516e-01 -1.467430144548416138e-01 1.718400418758392334e-02
-7.438046932220458984e-01 5.599675774574279785e-01 -3.649533092975616455e-01 1.231795176863670349e-01
-1.931225806474685669e-01 3.426777720451354980e-01 9.193887114524841309e-01 -2.351415902376174927e-01
0.000000000000000000e+00 0.000000000000000000e+00 0.000000000000000000e+00 1.000000000000000000e+00
6.504330039024353027e-01 7.556049227714538574e-01 -7.744267582893371582e-02 -4.340130370110273361e-03
-7.312783002853393555e-01 5.953842401504516602e-01 -3.327904343605041504e-01 1.143292561173439026e-01
-2.053501009941101074e-01 2.730899453163146973e-01 9.398154616355895996e-01 -2.447644174098968506e-01
0.000000000000000000e+00 0.000000000000000000e+00 0.000000000000000000e+00 1.000000000000000000e+00
6.670958399772644043e-01 7.446495294570922852e-01 -2.190060727298259735e-02 -2.289148047566413879e-02
-7.199794054031372070e-01 6.368868350982666016e-01 -2.756878137588500977e-01 9.774478524923324585e-02
-1.913428306579589844e-01 1.996782422065734863e-01 9.609977006912231445e-01 -2.546084523200988770e-01
0.000000000000000000e+00 0.000000000000000000e+00 0.000000000000000000e+00 1.000000000000000000e+00
7.083347439765930176e-01 7.042890191078186035e-01 4.731201753020286560e-02 -4.917644709348678589e-02
-6.828931570053100586e-01 7.006945610046386719e-01 -2.066013514995574951e-01 7.692334055900573730e-02
-1.786584854125976562e-01 1.140338256955146790e-01 9.772806167602539062e-01 -2.638704776763916016e-01
0.000000000000000000e+00 0.000000000000000000e+00 0.000000000000000000e+00 1.000000000000000000e+00
7.453344464302062988e-01 6.603261232376098633e-01 9.189838916063308716e-02 -6.647643446922302246e-02
-6.457980275154113770e-01 7.493235468864440918e-01 -1.464904248714447021e-01 5.756812915205955505e-02
-1.655930876731872559e-01 4.983652755618095398e-02 9.849340319633483887e-01 -2.691176831722259521e-01
0.000000000000000000e+00 0.000000000000000000e+00 0.000000000000000000e+00 1.000000000000000000e+00
7.711009979248046875e-01 6.170908808708190918e-01 1.568503975868225098e-01 -9.083974361419677734e-02
-6.156075000762939453e-01 7.854655981063842773e-01 -6.380569189786911011e-02 3.042115084826946259e-02
-1.625745147466659546e-01 -4.735777527093887329e-02 9.855589866638183594e-01 -2.717813849449157715e-01
0.000000000000000000e+00 0.000000000000000000e+00 0.000000000000000000e+00 1.000000000000000000e+00
7.933141589164733887e-01 5.735936164855957031e-01 2.040654420852661133e-01 -1.095482259988784790e-01
-5.885571837425231934e-01 8.082962036132812500e-01 1.605945080518722534e-02 3.893188899382948875e-03
-1.557336300611495972e-01 -1.328443437814712524e-01 9.788253903388977051e-01 -2.731026709079742432e-01
0.000000000000000000e+00 0.000000000000000000e+00 0.000000000000000000e+00 1.000000000000000000e+00
8.264352083206176758e-01 5.129802823066711426e-01 2.320687174797058105e-01 -1.227063611149787903e-01
-5.457102060317993164e-01 8.312550783157348633e-01 1.059019714593887329e-01 -2.749510109424591064e-02
-1.385826021432876587e-01 -2.141633778810501099e-01 9.669173955917358398e-01 -2.722627222537994385e-01
0.000000000000000000e+00 0.000000000000000000e+00 0.000000000000000000e+00 1.000000000000000000e+00
8.437375426292419434e-01 4.911945462226867676e-01 2.164141684770584106e-01 -1.221906915307044983e-01
-5.309479236602783203e-01 8.229165077209472656e-01 2.022446393966674805e-01 -6.040091812610626221e-02
-7.874923944473266602e-02 -2.855461537837982178e-01 9.551240205764770508e-01 -2.728210985660552979e-01
0.000000000000000000e+00 0.000000000000000000e+00 0.000000000000000000e+00 1.000000000000000000e+00
8.547583222389221191e-01 4.872975051403045654e-01 1.786865741014480591e-01 -1.141947880387306213e-01
-5.189949274063110352e-01 8.062203526496887207e-01 2.839945256710052490e-01 -9.002947807312011719e-02
-5.670730490237474442e-03 -3.354841768741607666e-01 9.420287013053894043e-01 -2.731522321701049805e-01
0.000000000000000000e+00 0.000000000000000000e+00 0.000000000000000000e+00 1.000000000000000000e+00
8.628427982330322266e-01 4.884254634380340576e-01 1.301635801792144775e-01 -1.022029891610145569e-01
-4.997851848602294922e-01 7.858449220657348633e-01 3.642281591892242432e-01 -1.187761947512626648e-01
7.561000436544418335e-02 -3.793256282806396484e-01 9.221687912940979004e-01 -2.722765207290649414e-01
0.000000000000000000e+00 0.000000000000000000e+00 0.000000000000000000e+00 1.000000000000000000e+00
8.808286190032958984e-01 4.661466181278228760e-01 8.275312930345535278e-02 -9.098529815673828125e-02
-4.509283602237701416e-01 7.727867960929870605e-01 4.466133415699005127e-01 -1.508724391460418701e-01
1.442369818687438965e-01 -4.307056069374084473e-01 8.908915519714355469e-01 -2.682827413082122803e-01
0.000000000000000000e+00 0.000000000000000000e+00 0.000000000000000000e+00 1.000000000000000000e+00
8.980652093887329102e-01 4.385366737842559814e-01 3.411821275949478149e-02 -7.861747592687606812e-02
-3.849039673805236816e-01 7.459470629692077637e-01 5.435174703598022461e-01 -1.879642307758331299e-01
2.129022479057312012e-01 -5.012468099594116211e-01 8.387039303779602051e-01 -2.626288831233978271e-01
0.000000000000000000e+00 0.000000000000000000e+00 0.000000000000000000e+00 1.000000000000000000e+00
9.315809607505798340e-01 3.633812963962554932e-01 1.050326414406299591e-02 -7.224781811237335205e-02
-2.926244735717773438e-01 7.324165701866149902e-01 6.147652864456176758e-01 -2.147621810436248779e-01
2.157016098499298096e-01 -5.757773518562316895e-01 7.886397838592529297e-01 -2.565848231315612793e-01
0.000000000000000000e+00 0.000000000000000000e+00 0.000000000000000000e+00 1.000000000000000000e+00
9.500029087066650391e-01 3.067747950553894043e-01 -5.816423147916793823e-02 -5.064801871776580811e-02
-1.887439340353012085e-01 7.126041054725646973e-01 6.757006049156188965e-01 -2.394929975271224976e-01
2.487360686063766479e-01 -6.309394240379333496e-01 7.348780035972595215e-01 -2.498159855604171753e-01
0.000000000000000000e+00 0.000000000000000000e+00 0.000000000000000000e+00 1.000000000000000000e+00
9.330708384513854980e-01 3.261753320693969727e-01 -1.516187489032745361e-01 -1.739966124296188354e-02
-1.208765432238578796e-01 6.813532114028930664e-01 7.219046354293823242e-01 -2.566947638988494873e-01
3.387735486030578613e-01 -6.552611589431762695e-01 6.751778721809387207e-01 -2.416423559188842773e-01
0.000000000000000000e+00 0.000000000000000000e+00 0.000000000000000000e+00 1.000000000000000000e+00
8.869978785514831543e-01 3.918197453022003174e-01 -2.443605512380599976e-01 1.926846802234649658e-02
-8.002875000238418579e-02 6.516066193580627441e-01 7.543233633041381836e-01 -2.694388031959533691e-01
4.547859728336334229e-01 -6.495274305343627930e-01 6.093305945396423340e-01 -2.276263535022735596e-01
0.000000000000000000e+00 0.000000000000000000e+00 0.000000000000000000e+00 1.000000000000000000e+00
9.623385071754455566e-01 2.097817361354827881e-01 -1.729042828083038330e-01 -1.413734164088964462e-02
-2.693188562989234924e-02 7.064604759216308594e-01 7.072398066520690918e-01 -2.502068877220153809e-01
2.705160975456237793e-01 -6.759476661682128906e-01 6.855039596557617188e-01 -2.325287163257598877e-01
0.000000000000000000e+00 0.000000000000000000e+00 0.000000000000000000e+00 1.000000000000000000e+00
9.431393742561340332e-01 2.314849793910980225e-01 -2.385435104370117188e-01 5.446508992463350296e-03
-8.428169414401054382e-03 7.340678572654724121e-01 6.790235042572021484e-01 -2.364558726549148560e-01
3.322908580303192139e-01 -6.384033560752868652e-01 6.942792534828186035e-01 -2.398833036422729492e-01
0.000000000000000000e+00 0.000000000000000000e+00 0.000000000000000000e+00 1.000000000000000000e+00
9.245024919509887695e-01 2.998470664024353027e-01 -2.353448718786239624e-01 2.476695692166686058e-03
-4.821541160345077515e-02 7.044486999511718750e-01 7.081154584884643555e-01 -2.445059269666671753e-01
3.781145513057708740e-01 -6.433067321777343750e-01 6.657213568687438965e-01 -2.315746396780014038e-01
0.000000000000000000e+00 0.000000000000000000e+00 0.000000000000000000e+00 1.000000000000000000e+00
8.519330620765686035e-01 3.864432573318481445e-01 -3.533717989921569824e-01 4.792284965515136719e-02
3.068340755999088287e-02 6.368249654769897461e-01 7.703974246978759766e-01 -2.734270989894866943e-01
5.227508544921875000e-01 -6.671698093414306641e-01 5.306749939918518066e-01 -1.920220553874969482e-01
0.000000000000000000e+00 0.000000000000000000e+00 0.000000000000000000e+00 1.000000000000000000e+00
7.513980269432067871e-01 4.893296658992767334e-01 -4.426707029342651367e-01 8.906806260347366333e-02
8.159961551427841187e-02 5.968091487884521484e-01 7.982230186462402344e-01 -2.867251336574554443e-01
6.547842621803283691e-01 -6.359052062034606934e-01 4.085121154785156250e-01 -1.559875011444091797e-01
0.000000000000000000e+00 0.000000000000000000e+00 0.000000000000000000e+00 1.000000000000000000e+00
6.241141557693481445e-01 5.846016407012939453e-01 -5.183845162391662598e-01 1.277629435062408447e-01
1.339095234870910645e-01 5.736130475997924805e-01 8.081066012382507324e-01 -2.932964265346527100e-01
7.697722911834716797e-01 -5.737671852111816406e-01 2.797163128852844238e-01 -1.142088100314140320e-01
0.000000000000000000e+00 0.000000000000000000e+00 0.000000000000000000e+00 1.000000000000000000e+00
4.506548941135406494e-01 6.525454521179199219e-01 -6.091753840446472168e-01 1.737027913331985474e-01
2.594916522502899170e-01 5.571749806404113770e-01 7.888094782829284668e-01 -2.923469543457031250e-01
8.541509509086608887e-01 -5.135565400123596191e-01 8.176362514495849609e-02 -4.547971487045288086e-02
0.000000000000000000e+00 0.000000000000000000e+00 0.000000000000000000e+00 1.000000000000000000e+00
3.759176731109619141e-01 6.731926202774047852e-01 -6.367871165275573730e-01 1.896443814039230347e-01
3.324850499629974365e-01 5.434455275535583496e-01 7.707921862602233887e-01 -2.889891564846038818e-01
8.649507164955139160e-01 -5.014767050743103027e-01 -1.953576132655143738e-02 -7.401281036436557770e-03
0.000000000000000000e+00 0.000000000000000000e+00 0.000000000000000000e+00 1.000000000000000000e+00
3.003084063529968262e-01 6.974047422409057617e-01 -6.507234573364257812e-01 2.007363140583038330e-01
3.799931704998016357e-01 5.382662415504455566e-01 7.522463202476501465e-01 -2.838937938213348389e-01
8.748829960823059082e-01 -4.731765389442443848e-01 -1.033632755279541016e-01 2.492495067417621613e-02
0.000000000000000000e+00 0.000000000000000000e+00 0.000000000000000000e+00 1.000000000000000000e+00
5.079348087310791016e-01 4.815317392349243164e-01 -7.142333388328552246e-01 2.261119037866592407e-01
4.527598917484283447e-01 5.561419725418090820e-01 6.969322562217712402e-01 -2.662990391254425049e-01
7.328101992607116699e-01 -6.773723363876342773e-01 6.446554511785507202e-02 -6.342138163745403290e-03
