1 0 0 -0.01792658120393753 
0 1 0 0.02243540808558464 
0 0 1 -0.3816788792610168 
0 0 0 1 

0.9991580247879028 0.03965379670262337 0.0105302669107914 -0.01862328313291073 
-0.03972287103533745 0.9991900324821472 0.00643388694152236 0.01747757755219936 
-0.01026662159711123 -0.006846745032817125 0.9999238848686218 -0.368083655834198 
0 0 0 1 

0.7266560792922974 0.6829197406768799 -0.07477543503046036 -0.01131467707455158 
-0.6813845634460449 0.7025437951087952 -0.2052973806858063 0.07656428217887878 
-0.08766869455575943 0.2001314163208008 0.9758388996124268 -0.2705204784870148 
0 0 0 1 

0.7579492330551147 0.6508036851882935 -0.04435521364212036 -0.02398275211453438 
-0.6492897272109985 0.7461503148078918 -0.1472494751214981 0.05842386186122894 
-0.06273487955331802 0.1404070109128952 0.9881043434143066 -0.2781413495540619 
0 0 0 1 

0.7871671915054321 0.6162812113761902 0.02377295307815075 -0.0490058921277523 
-0.6140157580375671 0.7867269515991211 -0.06360180675983429 0.0303366631269455 
-0.05789943411946297 0.03546827659010887 0.9976921677589417 -0.2839924097061157 
0 0 0 1 

0.8115079402923584 0.5807077288627625 0.06506244093179703 -0.06579145044088364 
-0.5826727747917175 0.8125672340393066 0.01505544222891331 0.003822797443717718 
-0.0441247746348381 -0.05012775212526321 0.9977676272392273 -0.2883134186267853 
0 0 0 1 

0.9820979237556458 0.1871679276227951 0.02125656232237816 -0.02651974186301231 
-0.1858768314123154 0.9812065362930298 -0.05180293694138527 0.001932966988533735 
-0.03055293671786785 0.04692444577813148 0.9984310865402222 -0.2324799448251724 
0 0 0 1 

0.9632000923156738 0.23996202647686 -0.1210935190320015 0.001846291474066675 
-0.2460855692625046 0.9684943556785583 -0.03821643441915512 -0.02683421783149242 
0.1081078723073006 0.06660949438810349 0.991905152797699 -0.3117631375789642 
0 0 0 1 

0.9888791441917419 0.1327252835035324 -0.06709617376327515 -0.01352747157216072 
-0.1355559080839157 0.9899803400039673 -0.03953997790813446 -0.04807327687740326 
0.06117590516805649 0.04819559305906296 0.9969627261161804 -0.3379783034324646 
0 0 0 1 

0.9923058152198792 -0.04250847548246384 0.1162845343351364 -0.01075345650315285 
0.02793507277965546 0.991864025592804 0.1241987273097038 -0.01889140903949738 
-0.1206179708242416 -0.1199946776032448 0.9854199290275574 -0.2020493596792221 
0 0 0 1 

