1.000000000000000000e+00 0.000000000000000000e+00 0.000000000000000000e+00 -4.096739311332171507e-01
0.000000000000000000e+00 -1.000000000000000000e+00 0.000000000000000000e+00 -1.964994255000929863e-02
0.000000000000000000e+00 0.000000000000000000e+00 -1.000000000000000000e+00 -2.664639050480994698e+00
0.000000000000000000e+00 0.000000000000000000e+00 0.000000000000000000e+00 1.000000000000000000e+00
9.966451525688171387e-01 -7.907614111900329590e-02 -2.110498398542404175e-02 -4.525945830966462413e-01
-7.874692231416702271e-02 -9.967662692070007324e-01 1.600122265517711639e-02 5.851876732194494224e-02
-2.230204455554485321e-02 -1.428559701889753342e-02 -9.996492266654968262e-01 -2.716792494819280535e+00
0.000000000000000000e+00 0.000000000000000000e+00 0.000000000000000000e+00 1.000000000000000000e+00
9.852122664451599121e-01 -1.661787778139114380e-01 -4.172874242067337036e-02 -4.932005955314377466e-01
-1.640759408473968506e-01 -9.852000474929809570e-01 4.959766939282417297e-02 2.031114678938000240e-01
-4.935326427221298218e-02 -4.201751947402954102e-02 -9.978970885276794434e-01 -2.708124168749764138e+00
0.000000000000000000e+00 0.000000000000000000e+00 0.000000000000000000e+00 1.000000000000000000e+00
9.655006527900695801e-01 -2.564021348953247070e-01 -4.545773938298225403e-02 -4.840981495157549164e-01
-2.527239620685577393e-01 -9.647238850593566895e-01 7.374143600463867188e-02 3.170911670727702969e-01
-6.276167929172515869e-02 -5.970908701419830322e-02 -9.962406754493713379e-01 -2.704206948501376218e+00
0.000000000000000000e+00 0.000000000000000000e+00 0.000000000000000000e+00 1.000000000000000000e+00
9.362709522247314453e-01 -3.465736210346221924e-01 -5.729666724801063538e-02 -4.914266571211937662e-01
-3.379626274108886719e-01 -9.332005977630615234e-01 1.221386343240737915e-01 4.994934263923484496e-01
-9.579933434724807739e-02 -9.499067068099975586e-02 -9.908576607704162598e-01 -2.678293581811737489e+00
0.000000000000000000e+00 0.000000000000000000e+00 0.000000000000000000e+00 1.000000000000000000e+00
8.894371986389160156e-01 -4.555040597915649414e-01 -3.764184936881065369e-02 -4.036541644396952067e-01
-4.473980069160461426e-01 -8.845253586769104004e-01 1.320980340242385864e-01 5.701154563094685823e-01
-9.346643835306167603e-02 -1.006520465016365051e-01 -9.905218482017517090e-01 -2.688431555320174748e+00
0.000000000000000000e+00 0.000000000000000000e+00 0.000000000000000000e+00 1.000000000000000000e+00
8.449116349220275879e-01 -5.346214175224304199e-01 -1.743016578257083893e-02 -3.206864475806153192e-01
-5.245855450630187988e-01 -8.345405459403991699e-01 1.683803051710128784e-01 7.039276006566074217e-01
-1.045659556984901428e-01 -1.331228166818618774e-01 -9.855681657791137695e-01 -2.675492256088883636e+00
0.000000000000000000e+00 0.000000000000000000e+00 0.000000000000000000e+00 1.000000000000000000e+00
7.888824343681335449e-01 -6.144716739654541016e-01 -9.442483074963092804e-03 -2.675720480778457921e-01
-6.044989228248596191e-01 -7.786624431610107422e-01 1.681254208087921143e-01 7.391113908081252681e-01
-1.106607839465141296e-01 -1.269231587648391724e-01 -9.857201576232910156e-01 -2.681687347086105344e+00
0.000000000000000000e+00 0.000000000000000000e+00 0.000000000000000000e+00 1.000000000000000000e+00
7.212886810302734375e-01 -6.924984455108642578e-01 1.374733634293079376e-02 -1.527574975420497860e-01
-6.849734187126159668e-01 -7.102254629135131836e-01 1.624521464109420776e-01 7.482910305660233075e-01
-1.027341634035110474e-01 -1.265914142131805420e-01 -9.866205453872680664e-01 -2.692262958754160884e+00
0.000000000000000000e+00 0.000000000000000000e+00 0.000000000000000000e+00 1.000000000000000000e+00
6.434683799743652344e-01 -7.651756405830383301e-01 2.131390199065208435e-02 -8.621936323561384119e-02
-7.600889205932617188e-01 -6.353987455368041992e-01 1.361354440450668335e-01 6.972291981819938034e-01
-9.062470495700836182e-02 -1.037993356585502625e-01 -9.904606938362121582e-01 -2.721706680181603666e+00
0.000000000000000000e+00 0.000000000000000000e+00 0.000000000000000000e+00 1.000000000000000000e+00
5.489850640296936035e-01 -8.350634574890136719e-01 3.583744540810585022e-02 1.165521413208717855e-02
-8.337801694869995117e-01 -5.441313385963439941e-01 9.344182908535003662e-02 5.908769167827414570e-01
-5.852959305047988892e-02 -8.117872476577758789e-02 -9.949795007705688477e-01 -2.768250022739812355e+00
0.000000000000000000e+00 0.000000000000000000e+00 0.000000000000000000e+00 1.000000000000000000e+00
4.495624303817749023e-01 -8.897871971130371094e-01 7.855780422687530518e-02 1.972304445584864563e-01
-8.931751847267150879e-01 -4.466525912284851074e-01 5.234590545296669006e-02 4.762806679424234635e-01
-1.148868445307016373e-02 -9.369864314794540405e-02 -9.955344200134277344e-01 -2.806019354855784798e+00
0.000000000000000000e+00 0.000000000000000000e+00 0.000000000000000000e+00 1.000000000000000000e+00
3.544628024101257324e-01 -9.303920865058898926e-01 9.341467916965484619e-02 2.767054377667844123e-01
-9.349151849746704102e-01 -3.544502556324005127e-01 1.728689298033714294e-02 3.516675135271695729e-01
1.702725701034069061e-02 -9.346234798431396484e-02 -9.954770207405090332e-01 -2.819415883866702277e+00
0.000000000000000000e+00 0.000000000000000000e+00 0.000000000000000000e+00 1.000000000000000000e+00
2.731794118881225586e-01 -9.551416039466857910e-01 1.143535226583480835e-01 3.641491154596603885e-01
-9.589635729789733887e-01 -2.797768414020538330e-01 -4.597524181008338928e-02 1.311182487759869619e-01
7.590635865926742554e-02 -9.710140526294708252e-02 -9.923757314682006836e-01 -2.816821787814638434e+00
0.000000000000000000e+00 0.000000000000000000e+00 0.000000000000000000e+00 1.000000000000000000e+00
1.931710839271545410e-01 -9.712864160537719727e-01 1.388790607452392578e-01 4.485438127964810340e-01
-9.725895524024963379e-01 -2.082283794879913330e-01 -1.034944653511047363e-01 -6.690878883444396907e-02
1.294413357973098755e-01 -1.150802001357078552e-01 -9.848868250846862793e-01 -2.804163669721210894e+00
0.000000000000000000e+00 0.000000000000000000e+00 0.000000000000000000e+00 1.000000000000000000e+00
1.139103695750236511e-01 -9.829505681991577148e-01 1.443363428115844727e-01 4.817056994739546405e-01
-9.715165495872497559e-01 -1.405961215496063232e-01 -1.907573342323303223e-01 -3.436869213661731814e-01
2.077980935573577881e-01 -1.184959113597869873e-01 -9.709679484367370605e-01 -2.776504165406058267e+00
0.000000000000000000e+00 0.000000000000000000e+00 0.000000000000000000e+00 1.000000000000000000e+00
1.897108405828475952e-01 -9.725624918937683105e-01 1.346553564071655273e-01 4.464140174432371100e-01
-9.540751576423645020e-01 -2.149883806705474854e-01 -2.086152285337448120e-01 -3.915115834667451944e-01
2.318406701087951660e-01 -8.889481425285339355e-02 -9.686835408210754395e-01 -2.751183238267933540e+00
0.000000000000000000e+00 0.000000000000000000e+00 0.000000000000000000e+00 1.000000000000000000e+00
2.724875807762145996e-01 -9.524428248405456543e-01 1.363928765058517456e-01 4.266243427131145016e-01
-9.377951025962829590e-01 -2.946042418479919434e-01 -1.837057173252105713e-01 -2.968058648088452989e-01
2.151512950658798218e-01 -7.785108685493469238e-02 -9.734728336334228516e-01 -2.742870872618283329e+00
0.000000000000000000e+00 0.000000000000000000e+00 0.000000000000000000e+00 1.000000000000000000e+00
3.263047337532043457e-01 -9.353314042091369629e-01 1.366749554872512817e-01 4.135481780800766005e-01
-9.337406754493713379e-01 -3.414483070373535156e-01 -1.074325293302536011e-01 -4.765264298242369995e-02
1.471524983644485474e-01 -9.256328642368316650e-02 -9.847728013992309570e-01 -2.742045265194841708e+00
0.000000000000000000e+00 0.000000000000000000e+00 0.000000000000000000e+00 1.000000000000000000e+00
3.627278506755828857e-01 -9.156220555305480957e-01 1.733910739421844482e-01 5.056553856729533170e-01
-9.289378523826599121e-01 -3.700736761093139648e-01 -1.093525439500808716e-02 2.596316359874210056e-01
7.418001443147659302e-02 -1.571030616760253906e-01 -9.847923517227172852e-01 -2.701536969414069844e+00
0.000000000000000000e+00 0.000000000000000000e+00 0.000000000000000000e+00 1.000000000000000000e+00
3.994652926921844482e-01 -8.986139297485351562e-01 1.814400106668472290e-01 5.101939845031134846e-01
-9.165822267532348633e-01 -3.952609300613403320e-01 6.038284301757812500e-02 4.870603704829932212e-01
1.745522767305374146e-02 -1.904255598783493042e-01 -9.815467000007629395e-01 -2.662350418138072161e+00
0.000000000000000000e+00 0.000000000000000000e+00 0.000000000000000000e+00 1.000000000000000000e+00
4.565191864967346191e-01 -8.634604811668395996e-01 2.145348489284515381e-01 5.721361334339869487e-01
-8.886244297027587891e-01 -4.305800795555114746e-01 1.579477190971374512e-01 7.634730184116260698e-01
-4.400730133056640625e-02 -2.627470791339874268e-01 -9.638604521751403809e-01 -2.563381832006253358e+00
0.000000000000000000e+00 0.000000000000000000e+00 0.000000000000000000e+00 1.000000000000000000e+00
5.354282855987548828e-01 -8.215024471282958984e-01 1.960888952016830444e-01 4.663774298317769906e-01
-8.394578695297241211e-01 -4.921044409275054932e-01 2.305309027433395386e-01 9.487785626595934829e-01
-9.288529306650161743e-02 -2.880408465862274170e-01 -9.531024694442749023e-01 -2.495333513198547681e+00
0.000000000000000000e+00 0.000000000000000000e+00 0.000000000000000000e+00 1.000000000000000000e+00
5.921744108200073242e-01 -7.822371125221252441e-01 1.934824436902999878e-01 4.208984503197146232e-01
-7.955196499824523926e-01 -5.292587876319885254e-01 2.950150370597839355e-01 1.094276556464967243e+00
-1.283695101737976074e-01 -3.286190629005432129e-01 -9.356982111930847168e-01 -2.414711513420265909e+00
0.000000000000000000e+00 0.000000000000000000e+00 0.000000000000000000e+00 1.000000000000000000e+00
6.725828647613525391e-01 -7.215675115585327148e-01 1.642347425222396851e-01 2.871600849782050546e-01
-7.205777168273925781e-01 -5.880373120307922363e-01 3.673963546752929688e-01 1.231559797797843858e+00
-1.685252338647842407e-01 -3.654479086399078369e-01 -9.154483675956726074e-01 -2.319805567026191451e+00
0.000000000000000000e+00 0.000000000000000000e+00 0.000000000000000000e+00 1.000000000000000000e+00
7.319279909133911133e-01 -6.652545928955078125e-01 1.473697870969772339e-01 2.069679453484295772e-01
-6.503177285194396973e-01 -6.174659132957458496e-01 4.425176680088043213e-01 1.374032266003510028e+00
-2.033910900354385376e-01 -4.197283089160919189e-01 -8.845679163932800293e-01 -2.186837242030952311e+00
0.000000000000000000e+00 0.000000000000000000e+00 0.000000000000000000e+00 1.000000000000000000e+00
7.544125318527221680e-01 -6.441145539283752441e-01 1.264043301343917847e-01 1.330852990145763304e-01
-6.003876328468322754e-01 -5.992805957794189453e-01 5.295256972312927246e-01 1.557221777321443401e+00
-2.653236985206604004e-01 -4.753721952438354492e-01 -8.388232588768005371e-01 -1.991881169299116738e+00
0.000000000000000000e+00 0.000000000000000000e+00 0.000000000000000000e+00 1.000000000000000000e+00
7.869979143142700195e-01 -6.022437810897827148e-01 1.339277178049087524e-01 1.263068054454927480e-01
-5.359360575675964355e-01 -5.598104596138000488e-01 6.319684982299804688e-01 1.801347849384128175e+00
-3.056251704692840576e-01 -5.691344738006591797e-01 -7.633340954780578613e-01 -1.734147889325849512e+00
0.000000000000000000e+00 0.000000000000000000e+00 0.000000000000000000e+00 1.000000000000000000e+00
8.070642352104187012e-01 -5.748669505119323730e-01 1.348165273666381836e-01 1.094214849047104726e-01
-4.841473698616027832e-01 -5.135658383369445801e-01 7.084146142005920410e-01 1.986789845126377463e+00
-3.380070030689239502e-01 -6.370071172714233398e-01 -6.928007602691650391e-01 -1.504039897317298147e+00
0.000000000000000000e+00 0.000000000000000000e+00 0.000000000000000000e+00 1.000000000000000000e+00
8.384926915168762207e-01 -5.304161310195922852e-01 1.248546764254570007e-01 5.586476922566124825e-02
-4.138579368591308594e-01 -4.708373248577117920e-01 7.791237831115722656e-01 2.156058958551908322e+00
-3.544735610485076904e-01 -7.049615979194641113e-01 -6.143105030059814453e-01 -1.297718063566797086e+00
0.000000000000000000e+00 0.000000000000000000e+00 0.000000000000000000e+00 1.000000000000000000e+00
8.655188083648681641e-01 -4.934384226799011230e-01 8.599901199340820312e-02 -6.389203046088946791e-02
-3.307836949825286865e-01 -4.341804385185241699e-01 8.378958106040954590e-01 2.287338679059262692e+00
-3.761110007762908936e-01 -7.536618113517761230e-01 -5.390127897262573242e-01 -1.110319113330213714e+00
0.000000000000000000e+00 0.000000000000000000e+00 0.000000000000000000e+00 1.000000000000000000e+00
8.854298591613769531e-01 -4.612329602241516113e-01 5.725403130054473877e-02 -1.370299106730512861e-01
-2.356597334146499634e-01 -3.393540680408477783e-01 9.106606245040893555e-01 2.421221463613755009e+00
-4.005973637104034424e-01 -8.198187947273254395e-01 -4.091685116291046143e-01 -7.853122113544918070e-01
0.000000000000000000e+00 0.000000000000000000e+00 0.000000000000000000e+00 1.000000000000000000e+00
8.610500693321228027e-01 -5.079655051231384277e-01 2.374237775802612305e-02 -2.589519249818527658e-01
-9.879093617200851440e-02 -1.212954819202423096e-01 9.876879453659057617e-01 2.588132684180559639e+00
-4.988317191600799561e-01 -8.527942895889282227e-01 -1.546237766742706299e-01 -1.180928690766136768e-01
0.000000000000000000e+00 0.000000000000000000e+00 0.000000000000000000e+00 1.000000000000000000e+00
8.616723418235778809e-01 -5.060333609580993652e-01 3.808457776904106140e-02 -2.097352748304735781e-01
-1.042427867650985718e-01 -1.030563041567802429e-01 9.891977906227111816e-01 2.592192564535204191e+00
-4.966424703598022461e-01 -8.563349246978759766e-01 -1.415511220693588257e-01 -1.410467025379891770e-01
0.000000000000000000e+00 0.000000000000000000e+00 0.000000000000000000e+00 1.000000000000000000e+00
8.162707686424255371e-01 -5.771607160568237305e-01 2.424116618931293488e-02 -2.036418843466217821e-01
-1.095663234591484070e-01 -1.134834736585617065e-01 9.874800443649291992e-01 2.590233678472700252e+00
-5.671834945678710938e-01 -8.087069988250732422e-01 -1.558705419301986694e-01 -1.645225164280409991e-01
0.000000000000000000e+00 0.000000000000000000e+00 0.000000000000000000e+00 1.000000000000000000e+00
7.966939806938171387e-01 -6.019572019577026367e-01 5.409838259220123291e-02 -1.222661245823581100e-01
-2.469696998596191406e-01 -2.425511032342910767e-01 9.381765127182006836e-01 2.514325808782010618e+00
-5.516201257705688477e-01 -7.608002424240112305e-01 -3.419040441513061523e-01 -5.578842356892720344e-01
0.000000000000000000e+00 0.000000000000000000e+00 0.000000000000000000e+00 1.000000000000000000e+00
8.180336952209472656e-01 -5.686563253402709961e-01 8.631852269172668457e-02 -4.690608729076081729e-02
-3.105695247650146484e-01 -3.103875219821929932e-01 8.984465003013610840e-01 2.435672352907082505e+00
-4.841150343418121338e-01 -7.617673873901367188e-01 -4.305148124694824219e-01 -7.999940610132671992e-01
0.000000000000000000e+00 0.000000000000000000e+00 0.000000000000000000e+00 1.000000000000000000e+00
8.069947957992553711e-01 -5.819041728973388672e-01 1.007337793707847595e-01 -9.711623060953935432e-03
-3.720144033432006836e-01 -3.684298992156982422e-01 8.519769310951232910e-01 2.345126507748903411e+00
-4.586555361747741699e-01 -7.250154018402099609e-01 -5.137977004051208496e-01 -1.021867639944735950e+00
0.000000000000000000e+00 0.000000000000000000e+00 0.000000000000000000e+00 1.000000000000000000e+00
8.315194845199584961e-01 -5.496388673782348633e-01 8.045186102390289307e-02 -1.159096700353072357e-01
-4.547626972198486328e-01 -5.903837084770202637e-01 6.668115854263305664e-01 1.976736308740792536e+00
-3.190082311630249023e-01 -5.910534858703613281e-01 -7.408707141876220703e-01 -1.673649932524801320e+00
0.000000000000000000e+00 0.000000000000000000e+00 0.000000000000000000e+00 1.000000000000000000e+00
8.303196430206298828e-01 -5.544033646583557129e-01 5.662178993225097656e-02 -1.912181586013725620e-01
-4.706957936286926270e-01 -6.432806253433227539e-01 6.038503646850585938e-01 1.807746858792420364e+00
-2.983531355857849121e-01 -5.280404686927795410e-01 -7.950838804244995117e-01 -1.827175523643932653e+00
0.000000000000000000e+00 0.000000000000000000e+00 0.000000000000000000e+00 1.000000000000000000e+00
8.553707003593444824e-01 -5.156206488609313965e-01 4.975952580571174622e-02 -2.111795704371651206e-01
-4.598598778247833252e-01 -7.116078734397888184e-01 5.311712622642517090e-01 1.601323617713003911e+00
-2.384737730026245117e-01 -4.772306382656097412e-01 -8.458021879196166992e-01 -1.981656413192192989e+00
0.000000000000000000e+00 0.000000000000000000e+00 0.000000000000000000e+00 1.000000000000000000e+00
8.706377744674682617e-01 -4.917531907558441162e-01 1.298919692635536194e-02 -2.957916726699563736e-01
-4.574185609817504883e-01 -7.995693087577819824e-01 3.891741931438446045e-01 1.222702867893460166e+00
-1.809920072555541992e-01 -3.447711765766143799e-01 -9.210724830627441406e-01 -2.195425132083111741e+00
0.000000000000000000e+00 0.000000000000000000e+00 0.000000000000000000e+00 1.000000000000000000e+00
8.756515383720397949e-01 -4.827834367752075195e-01 1.244073919951915741e-02 -2.808457155562473773e-01
-4.696283042430877686e-01 -8.452187180519104004e-01 2.550578415393829346e-01 8.774990062420944259e-01
-1.126225888729095459e-01 -2.291843593120574951e-01 -9.668456912040710449e-01 -2.339622352695268859e+00
0.000000000000000000e+00 0.000000000000000000e+00 0.000000000000000000e+00 1.000000000000000000e+00
8.781918883323669434e-01 -4.782502949237823486e-01 7.459080312401056290e-03 -2.580595232412531415e-01
-4.780304729938507080e-01 -8.770429491996765137e-01 4.776648432016372681e-02 3.351635397307710651e-01
-1.630242168903350830e-02 -4.551381617784500122e-02 -9.988304972648620605e-01 -2.462581291434518871e+00
0.000000000000000000e+00 0.000000000000000000e+00 0.000000000000000000e+00 1.000000000000000000e+00
8.863646984100341797e-01 -4.628056883811950684e-01 1.296537835150957108e-02 -2.304117463042744673e-01
-4.618268907070159912e-01 -8.857780098915100098e-01 -4.597155749797821045e-02 7.946783997678337486e-02
3.276034444570541382e-02 3.475981950759887695e-02 -9.988585114479064941e-01 -2.488789636177519249e+00
0.000000000000000000e+00 0.000000000000000000e+00 0.000000000000000000e+00 1.000000000000000000e+00
8.946998715400695801e-01 -4.465952813625335693e-01 8.030131459236145020e-03 -2.387344596405488739e-01
-4.404088854789733887e-01 -8.850199580192565918e-01 -1.509293913841247559e-01 -2.211694839228814380e-01
7.451126724481582642e-02 1.315000206232070923e-01 -9.885120987892150879e-01 -2.480608893101726053e+00
0.000000000000000000e+00 0.000000000000000000e+00 0.000000000000000000e+00 1.000000000000000000e+00
8.967447280883789062e-01 -4.422774314880371094e-01 1.549546141177415848e-02 -2.167560939741472736e-01
-4.239818453788757324e-01 -8.686309456825256348e-01 -2.563591599464416504e-01 -5.298961290870159990e-01
1.268416345119476318e-01 2.233186811208724976e-01 -9.664573073387145996e-01 -2.439108323158288627e+00
0.000000000000000000e+00 0.000000000000000000e+00 0.000000000000000000e+00 1.000000000000000000e+00
9.002007842063903809e-01 -4.352459907531738281e-01 1.413120515644550323e-02 -2.165729744131909273e-01
-3.991174399852752686e-01 -8.375879526138305664e-01 -3.730299770832061768e-01 -8.826677368585678085e-01
1.741960197687149048e-01 3.301616907119750977e-01 -9.277116656303405762e-01 -2.345923955880140355e+00
0.000000000000000000e+00 0.000000000000000000e+00 0.000000000000000000e+00 1.000000000000000000e+00
9.039455652236938477e-01 -4.274896085262298584e-01 1.158165559172630310e-02 -2.375795888287310642e-01
-3.751855790615081787e-01 -8.057613372802734375e-01 -4.582400321960449219e-01 -1.147179027508876237e+00
2.052251845598220825e-01 4.098791182041168213e-01 -8.887530565261840820e-01 -2.258617764450208565e+00
0.000000000000000000e+00 0.000000000000000000e+00 0.000000000000000000e+00 1.000000000000000000e+00
9.161041975021362305e-01 -4.008820056915283203e-01 6.793628912419080734e-03 -2.754407566634914373e-01
-3.316699564456939697e-01 -7.672418951988220215e-01 -5.489394068717956543e-01 -1.425891276328252966e+00
2.252725362777709961e-01 5.006325840950012207e-01 -8.358346223831176758e-01 -2.138044036462372510e+00
0.000000000000000000e+00 0.000000000000000000e+00 0.000000000000000000e+00 1.000000000000000000e+00
9.100468754768371582e-01 -4.141208529472351074e-01 -1.784022152423858643e-02 -3.511540381072160710e-01
-3.321872055530548096e-01 -7.028993964195251465e-01 -6.289545297622680664e-01 -1.652414001875315064e+00
2.479235082864761353e-01 5.783043503761291504e-01 -7.772371172904968262e-01 -2.005558327571277388e+00
0.000000000000000000e+00 0.000000000000000000e+00 0.000000000000000000e+00 1.000000000000000000e+00
9.172888398170471191e-01 -3.969998657703399658e-01 -3.118085116147994995e-02 -4.073593605891570046e-01
-2.941303849220275879e-01 -6.226519346237182617e-01 -7.251151204109191895e-01 -1.935390394383294410e+00
2.684558629989624023e-01 6.743112802505493164e-01 -6.879214644432067871e-01 -1.777868382973026407e+00
0.000000000000000000e+00 0.000000000000000000e+00 0.000000000000000000e+00 1.000000000000000000e+00
9.258685708045959473e-01 -3.743282556533813477e-01 -5.142723396420478821e-02 -4.794129929507099375e-01
-2.659083306789398193e-01 -5.488207936286926270e-01 -7.925202250480651855e-01 -2.139859716289786551e+00
2.684385180473327637e-01 7.474450469017028809e-01 -6.076734662055969238e-01 -1.553263980556902180e+00
0.000000000000000000e+00 0.000000000000000000e+00 0.000000000000000000e+00 1.000000000000000000e+00
9.391095638275146484e-01 -3.402957916259765625e-01 -4.766263440251350403e-02 -4.882949987490124988e-01
-2.168125063180923462e-01 -4.792116582393646240e-01 -8.504989743232727051e-01 -2.326619455431315320e+00
2.665808200836181641e-01 8.090457320213317871e-01 -5.238128304481506348e-01 -1.328825693003382158e+00
0.000000000000000000e+00 0.000000000000000000e+00 0.000000000000000000e+00 1.000000000000000000e+00
9.469997882843017578e-01 -3.176972568035125732e-01 -4.753458499908447266e-02 -5.183629961104825323e-01
-1.830647289752960205e-01 -4.121399819850921631e-01 -8.925401568412780762e-01 -2.456509688578796702e+00
2.639665603637695312e-01 8.539371490478515625e-01 -4.484557807445526123e-01 -1.135608790454733841e+00
0.000000000000000000e+00 0.000000000000000000e+00 0.000000000000000000e+00 1.000000000000000000e+00
9.598006606101989746e-01 -2.765207588672637939e-01 -4.815372452139854431e-02 -5.426342884097556940e-01
-1.494295448064804077e-01 -3.581764698028564453e-01 -9.216186404228210449e-01 -2.557407083497332145e+00
2.375991344451904297e-01 8.917659521102905273e-01 -3.850985765457153320e-01 -9.532829660470183430e-01
0.000000000000000000e+00 0.000000000000000000e+00 0.000000000000000000e+00 1.000000000000000000e+00
9.653859138488769531e-01 -2.554564774036407471e-01 -5.265701562166213989e-02 -5.789375602848371161e-01
-1.256551295518875122e-01 -2.785918712615966797e-01 -9.521542191505432129e-01 -2.691199084347843051e+00
2.285640090703964233e-01 9.258123040199279785e-01 -3.010478615760803223e-01 -6.856544003089360961e-01
0.000000000000000000e+00 0.000000000000000000e+00 0.000000000000000000e+00 1.000000000000000000e+00
9.773488640785217285e-01 -2.056425362825393677e-01 -5.000443011522293091e-02 -6.037336527573916589e-01
-8.960330486297607422e-02 -1.880251467227935791e-01 -9.780680537223815918e-01 -2.800114142800977035e+00
1.917302906513214111e-01 9.603945016860961914e-01 -2.021925300359725952e-01 -3.531593604154556476e-01
0.000000000000000000e+00 0.000000000000000000e+00 0.000000000000000000e+00 1.000000000000000000e+00
9.941871762275695801e-01 -1.076635569334030151e-01 1.040426359395496547e-04 -4.861920728887022536e-01
-1.377408858388662338e-02 -1.281510442495346069e-01 -9.916589856147766113e-01 -2.865306776038763825e+00
1.067789271473884583e-01 9.858930110931396484e-01 -1.288890838623046875e-01 -1.458901183468762630e-01
0.000000000000000000e+00 0.000000000000000000e+00 0.000000000000000000e+00 1.000000000000000000e+00
9.961764812469482422e-01 -8.603486418724060059e-02 1.516650803387165070e-02 -4.536651892470557890e-01
-6.825956050306558609e-03 -2.497297376394271851e-01 -9.682912826538085938e-01 -2.813818894904135171e+00
8.709439635276794434e-02 9.644857048988342285e-01 -2.493622303009033203e-01 -4.979653354317039038e-01
0.000000000000000000e+00 0.000000000000000000e+00 0.000000000000000000e+00 1.000000000000000000e+00
9.982472062110900879e-01 -2.562608197331428528e-02 5.334756150841712952e-02 -3.296621689274426559e-01
4.364374279975891113e-02 -2.900745272636413574e-01 -9.560078382492065430e-01 -2.877191714987644922e+00
3.997351601719856262e-02 9.566611647605895996e-01 -2.884477972984313965e-01 -5.941442887265538930e-01
0.000000000000000000e+00 0.000000000000000000e+00 0.000000000000000000e+00 1.000000000000000000e+00
9.888371825218200684e-01 5.108594521880149841e-02 1.399680376052856445e-01 -2.407861848497698867e-02
1.486894786357879639e-01 -2.777651250362396240e-01 -9.490721225738525391e-01 -2.970776744691875138e+00
-9.606044739484786987e-03 9.592897295951843262e-01 -2.822604477405548096e-01 -5.518484645737716798e-01
0.000000000000000000e+00 0.000000000000000000e+00 0.000000000000000000e+00 1.000000000000000000e+00
9.699699282646179199e-01 5.824832990765571594e-02 2.361468672752380371e-01 2.765433240096747958e-01
2.431463301181793213e-01 -2.568559646606445312e-01 -9.353634715080261230e-01 -3.017134656705781293e+00
6.172307301312685013e-03 9.646928906440734863e-01 -2.633054554462432861e-01 -4.871683867467607731e-01
0.000000000000000000e+00 0.000000000000000000e+00 0.000000000000000000e+00 1.000000000000000000e+00
9.761213660240173340e-01 -8.963868953287601471e-03 2.170404493808746338e-01 1.907899926652651124e-01
2.032666951417922974e-01 -3.146972954273223877e-01 -9.271724224090576172e-01 -2.983019299690482296e+00
7.661306858062744141e-02 9.491495490074157715e-01 -3.053607344627380371e-01 -6.655631939905896077e-01
0.000000000000000000e+00 0.000000000000000000e+00 0.000000000000000000e+00 1.000000000000000000e+00
9.849277138710021973e-01 -1.254433989524841309e-01 1.190863102674484253e-01 -1.553184809969165303e-01
6.504546850919723511e-02 -3.693313002586364746e-01 -9.270188808441162109e-01 -2.917295209267685596e+00
1.602706462144851685e-01 9.207925796508789062e-01 -3.556050062179565430e-01 -9.191721620138336712e-01
0.000000000000000000e+00 0.000000000000000000e+00 0.000000000000000000e+00 1.000000000000000000e+00
9.791922569274902344e-01 -2.016730308532714844e-01 2.258693426847457886e-02 -4.725731375999459583e-01
-4.196524620056152344e-02 -3.101277351379394531e-01 -9.497680068016052246e-01 -2.928251339865194591e+00
1.985474526882171631e-01 9.290577769279479980e-01 -3.121378719806671143e-01 -8.259806203396261592e-01
0.000000000000000000e+00 0.000000000000000000e+00 0.000000000000000000e+00 1.000000000000000000e+00
9.230671525001525879e-01 -3.734340369701385498e-01 -9.215924143791198730e-02 -8.002082140090129858e-01
-2.236075103282928467e-01 -3.260380625724792480e-01 -9.185308218002319336e-01 -2.741919029165814869e+00
3.129632472991943359e-01 8.684734702110290527e-01 -3.844575881958007812e-01 -1.133851408343088174e+00
0.000000000000000000e+00 0.000000000000000000e+00 0.000000000000000000e+00 1.000000000000000000e+00
8.761311769485473633e-01 -4.746525287628173828e-01 -8.425492793321609497e-02 -7.586562505553426927e-01
-2.761791050434112549e-01 -3.509584963321685791e-01 -8.947365283966064453e-01 -2.635554192573458909e+00
3.951190412044525146e-01 8.071763515472412109e-01 -4.385746419429779053e-01 -1.378695747826634843e+00
0.000000000000000000e+00 0.000000000000000000e+00 0.000000000000000000e+00 1.000000000000000000e+00
8.336306810379028320e-01 -5.488764047622680664e-01 -6.160406768321990967e-02 -6.722912157161542446e-01
-3.370171785354614258e-01 -4.171262979507446289e-01 -8.440530300140380859e-01 -2.452005547545094366e+00
4.375836253166198730e-01 7.243896126747131348e-01 -5.327097177505493164e-01 -1.702416501339568677e+00
0.000000000000000000e+00 0.000000000000000000e+00 0.000000000000000000e+00 1.000000000000000000e+00
8.031027913093566895e-01 -5.939347147941589355e-01 -4.760760068893432617e-02 -6.098879738693145924e-01
-4.245109558105468750e-01 -5.142809152603149414e-01 -7.451882362365722656e-01 -2.097108455956392614e+00
4.181096851825714111e-01 6.186725497245788574e-01 -6.651524901390075684e-01 -2.102934749654547630e+00
0.000000000000000000e+00 0.000000000000000000e+00 0.000000000000000000e+00 1.000000000000000000e+00
7.746360898017883301e-01 -6.321553587913513184e-01 -1.784321665763854980e-02 -5.085261402828044064e-01
-5.026164650917053223e-01 -5.982866287231445312e-01 -6.240428090095520020e-01 -1.677801844053608438e+00
3.838166594505310059e-01 4.923742711544036865e-01 -7.811861038208007812e-01 -2.436102251209434133e+00
0.000000000000000000e+00 0.000000000000000000e+00 0.000000000000000000e+00 1.000000000000000000e+00
7.517475485801696777e-01 -6.592882871627807617e-01 -1.465636398643255234e-02 -4.858004129499832180e-01
-5.657265782356262207e-01 -6.333258152008056641e-01 -5.280638933181762695e-01 -1.342165522439386471e+00
3.388640582561492920e-01 4.052621722221374512e-01 -8.490777015686035156e-01 -2.621431250213749120e+00
0.000000000000000000e+00 0.000000000000000000e+00 0.000000000000000000e+00 1.000000000000000000e+00
6.513403654098510742e-01 -7.587324380874633789e-01 -8.966638706624507904e-03 -4.083118306506090534e-01
-6.745302677154541016e-01 -5.735635161399841309e-01 -4.647941887378692627e-01 -1.075671063155296370e+00
3.475117087364196777e-01 3.087874650955200195e-01 -8.853732943534851074e-01 -2.751481527581015385e+00
0.000000000000000000e+00 0.000000000000000000e+00 0.000000000000000000e+00 1.000000000000000000e+00
5.854247212409973145e-01 -8.102752566337585449e-01 2.704961039125919342e-02 -2.517588858404666285e-01
-7.371039390563964844e-01 -5.458580851554870605e-01 -3.983923494815826416e-01 -8.269184024338585015e-01
3.375729918479919434e-01 2.132903933525085449e-01 -9.168164730072021484e-01 -2.856473847019561862e+00
0.000000000000000000e+00 0.000000000000000000e+00 0.000000000000000000e+00 1.000000000000000000e+00
5.382061004638671875e-01 -8.407088518142700195e-01 5.951959639787673950e-02 -1.118027508218845528e-01
-7.823962569236755371e-01 -5.246338248252868652e-01 -3.355822563171386719e-01 -5.953801876724241771e-01
3.133530914783477783e-01 1.340445876121520996e-01 -9.401290416717529297e-01 -2.914574313814402906e+00
0.000000000000000000e+00 0.000000000000000000e+00 0.000000000000000000e+00 1.000000000000000000e+00
5.013302564620971680e-01 -8.561581373214721680e-01 1.251428574323654175e-01 1.203335343572014132e-01
-8.182120323181152344e-01 -5.161288380622863770e-01 -2.532584965229034424e-01 -3.133447792937442133e-01
2.814193069934844971e-01 2.457275800406932831e-02 -9.592701792716979980e-01 -2.962694643814111739e+00
0.000000000000000000e+00 0.000000000000000000e+00 0.000000000000000000e+00 1.000000000000000000e+00
4.346077442169189453e-01 -8.829940557479858398e-01 1.773067265748977661e-01 3.349526002656650903e-01
-8.586974143981933594e-01 -4.656338393688201904e-01 -2.140660136938095093e-01 -1.621448048741442882e-01
2.715789377689361572e-01 -5.921812728047370911e-02 -9.605926275253295898e-01 -2.963616277769423935e+00
0.000000000000000000e+00 0.000000000000000000e+00 0.000000000000000000e+00 1.000000000000000000e+00
3.540134131908416748e-01 -8.967273235321044922e-01 2.656201720237731934e-01 6.709886875064616785e-01
-8.947123289108276367e-01 -4.074274599552154541e-01 -1.830103099346160889e-01 -4.282729035399965301e-02
2.723314166069030762e-01 -1.728656440973281860e-01 -9.465480446815490723e-01 -2.918278785625800786e+00
0.000000000000000000e+00 0.000000000000000000e+00 0.000000000000000000e+00 1.000000000000000000e+00
2.889460027217864990e-01 -8.832533955574035645e-01 3.692877888679504395e-01 1.031584043165277853e+00
-9.142126441001892090e-01 -3.690536618232727051e-01 -1.673758774995803833e-01 1.961564780565138583e-02
2.841222584247589111e-01 -2.892449200153350830e-01 -9.141179919242858887e-01 -2.827210037370221585e+00
0.000000000000000000e+00 0.000000000000000000e+00 0.000000000000000000e+00 1.000000000000000000e+00
2.672273516654968262e-01 -8.503974080085754395e-01 4.532259702682495117e-01 1.296464470289753645e+00
-9.334617257118225098e-01 -3.452125489711761475e-01 -9.734962880611419678e-02 2.532923499770938225e-01
2.392451763153076172e-01 -3.970545828342437744e-01 -8.860638737678527832e-01 -2.707758274550738697e+00
0.000000000000000000e+00 0.000000000000000000e+00 0.000000000000000000e+00 1.000000000000000000e+00
1.718101799488067627e-01 -7.724257707595825195e-01 6.114240884780883789e-01 1.834215670180616486e+00
-9.624710083007812500e-01 -2.639655172824859619e-01 -6.301921606063842773e-02 3.624279693706186634e-01
2.100726217031478882e-01 -5.776505470275878906e-01 -7.887896895408630371e-01 -2.394210124804143636e+00
0.000000000000000000e+00 0.000000000000000000e+00 0.000000000000000000e+00 1.000000000000000000e+00
1.318789720535278320e-01 -6.755835413932800293e-01 7.253926396369934082e-01 2.205512327407681106e+00
-9.743978381156921387e-01 -2.227754294872283936e-01 -3.032965026795864105e-02 4.664329815360789278e-01
1.820897907018661499e-01 -7.028212547302246094e-01 -6.876668930053710938e-01 -2.078390864797309057e+00
0.000000000000000000e+00 0.000000000000000000e+00 0.000000000000000000e+00 1.000000000000000000e+00
1.079943776130676270e-01 -5.715354681015014648e-01 8.134397864341735840e-01 2.479557286667583682e+00
-9.844285845756530762e-01 -1.756353229284286499e-01 7.291134912520647049e-03 5.831071148350770450e-01
1.387015879154205322e-01 -8.015605807304382324e-01 -5.816032886505126953e-01 -1.735793033529913210e+00
0.000000000000000000e+00 0.000000000000000000e+00 0.000000000000000000e+00 1.000000000000000000e+00
7.703157514333724976e-02 -5.043016076087951660e-01 8.600846529006958008e-01 2.641512655187259195e+00
-9.910231232643127441e-01 -1.332676708698272705e-01 1.061855349689722061e-02 6.014817779116540253e-01
1.092664599418640137e-01 -8.531819581985473633e-01 -5.100408792495727539e-01 -1.505350604289673599e+00
0.000000000000000000e+00 0.000000000000000000e+00 0.000000000000000000e+00 1.000000000000000000e+00
1.562242358922958374e-01 -5.113412141799926758e-01 8.450587391853332520e-01 2.531497430692259965e+00
-9.875116348266601562e-01 -9.850595146417617798e-02 1.229535713791847229e-01 9.373587867167507692e-01
2.037205547094345093e-02 -8.537132740020751953e-01 -5.203444361686706543e-01 -1.470621008596372681e+00
0.000000000000000000e+00 0.000000000000000000e+00 0.000000000000000000e+00 1.000000000000000000e+00
2.643191218376159668e-01 -5.750646591186523438e-01 7.742323279380798340e-01 2.250049184544915093e+00
-9.594265818595886230e-01 -7.507769763469696045e-02 2.717791795730590820e-01 1.359797022499427133e+00
-9.816298633813858032e-02 -8.146559596061706543e-01 -5.715769529342651367e-01 -1.530052187891062010e+00
0.000000000000000000e+00 0.000000000000000000e+00 0.000000000000000000e+00 1.000000000000000000e+00
3.230791985988616943e-01 -6.141295433044433594e-01 7.200447916984558105e-01 2.059688864365693206e+00
-9.280701279640197754e-01 -5.669212713837623596e-02 3.680660128593444824e-01 1.622228842045773112e+00
-1.852191239595413208e-01 -7.871662974357604980e-01 -5.882707834243774414e-01 -1.515632065719296984e+00
0.000000000000000000e+00 0.000000000000000000e+00 0.000000000000000000e+00 1.000000000000000000e+00
3.624362349510192871e-01 -6.399902701377868652e-01 6.775339841842651367e-01 1.906336838443535298e+00
-8.895291090011596680e-01 -2.056383900344371796e-02 4.564152956008911133e-01 1.848372980231551166e+00
-2.781686186790466309e-01 -7.681077122688293457e-01 -5.767431259155273438e-01 -1.416254539012097080e+00
0.000000000000000000e+00 0.000000000000000000e+00 0.000000000000000000e+00 1.000000000000000000e+00
4.180466830730438232e-01 -6.392352581024169922e-01 6.454576849937438965e-01 1.765555320201388501e+00
-8.402833938598632812e-01 -2.107503125444054604e-03 5.421435236930847168e-01 2.057347960832450084e+00
-3.451967239379882812e-01 -7.690085768699645996e-01 -5.380198359489440918e-01 -1.242935065103616177e+00
0.000000000000000000e+00 0.000000000000000000e+00 0.000000000000000000e+00 1.000000000000000000e+00
5.194278359413146973e-01 -6.381667852401733398e-01 5.682764649391174316e-01 1.481485936047603147e+00
-7.313234806060791016e-01 1.199142541736364365e-02 6.819252967834472656e-01 2.365248757127122126e+00
-4.419964551925659180e-01 -7.698050737380981445e-01 -4.604774713516235352e-01 -9.182541152565508735e-01
0.000000000000000000e+00 0.000000000000000000e+00 0.000000000000000000e+00 1.000000000000000000e+00
6.271722316741943359e-01 -6.740828752517700195e-01 3.902139067649841309e-01 8.878604016776129315e-01
-5.798292160034179688e-01 -6.956382840871810913e-02 8.117630481719970703e-01 2.659657825693935163e+00
-5.200507044792175293e-01 -7.353729009628295898e-01 -4.344815313816070557e-01 -7.767391529864937638e-01
0.000000000000000000e+00 0.000000000000000000e+00 0.000000000000000000e+00 1.000000000000000000e+00
6.312518119812011719e-01 -7.261722087860107422e-01 2.723878324031829834e-01 5.771166474675700764e-01
-4.927166700363159180e-01 -1.042542308568954468e-01 8.639222979545593262e-01 2.757946223891668769e+00
-5.989584326744079590e-01 -6.795623898506164551e-01 -4.236075878143310547e-01 -6.963254176476649793e-01
0.000000000000000000e+00 0.000000000000000000e+00 0.000000000000000000e+00 1.000000000000000000e+00
5.951933860778808594e-01 -7.767749428749084473e-01 2.058279216289520264e-01 4.398997692982421492e-01
-4.061089456081390381e-01 -6.973865628242492676e-02 9.111597537994384766e-01 2.840139692345251099e+00
-6.934119462966918945e-01 -6.259047985076904297e-01 -3.569633066654205322e-01 -4.812258827800315331e-01
0.000000000000000000e+00 0.000000000000000000e+00 0.000000000000000000e+00 1.000000000000000000e+00
4.273440539836883545e-01 -9.018225073814392090e-01 6.397380679845809937e-02 1.889460866472983946e-01
-2.206660360097885132e-01 -3.542242199182510376e-02 9.747060537338256836e-01 2.921607167105292113e+00
-8.767462968826293945e-01 -4.306516349315643311e-01 -2.141392976045608521e-01 -7.020011488651953235e-02
0.000000000000000000e+00 0.000000000000000000e+00 0.000000000000000000e+00 1.000000000000000000e+00
3.239212036132812500e-01 -9.419313669204711914e-01 -8.854753524065017700e-02 -2.197928985522750456e-01
-2.615284919738769531e-01 -1.790960133075714111e-01 9.484342336654663086e-01 2.934884214827990778e+00
-9.092184901237487793e-01 -2.840601503849029541e-01 -3.043548762798309326e-01 -3.814067513000073961e-01
0.000000000000000000e+00 0.000000000000000000e+00 0.000000000000000000e+00 1.000000000000000000e+00
3.093037009239196777e-01 -9.506154060363769531e-01 2.571836486458778381e-02 1.420228460208332877e-01
-3.694980144500732422e-01 -9.521675109863281250e-02 9.243403077125549316e-01 2.880992359136870018e+00
-8.762434124946594238e-01 -2.954048216342926025e-01 -3.807015717029571533e-01 -6.007656354281074584e-01
0.000000000000000000e+00 0.000000000000000000e+00 0.000000000000000000e+00 1.000000000000000000e+00
2.875943481922149658e-01 -9.571309089660644531e-01 3.450165688991546631e-02 2.184170914751401293e-01
-4.669415950775146484e-01 -1.086702421307563782e-01 8.775855898857116699e-01 2.782582824021058610e+00
-8.362147808074951172e-01 -2.684988677501678467e-01 -4.781769812107086182e-01 -9.153162000702599332e-01
0.000000000000000000e+00 0.000000000000000000e+00 0.000000000000000000e+00 1.000000000000000000e+00
1.705196946859359741e-01 -9.832456111907958984e-01 6.442804634571075439e-02 3.540388047667983318e-01
-4.765973091125488281e-01 -2.507220953702926636e-02 8.787640333175659180e-01 2.777419190426519080e+00
-8.624257445335388184e-01 -1.805527806282043457e-01 -4.728874564170837402e-01 -9.107283807440582635e-01
0.000000000000000000e+00 0.000000000000000000e+00 0.000000000000000000e+00 1.000000000000000000e+00
