0.9690524339675903 0.2382775396108627 0.06450658291578293 -0.06722217053174973 
-0.1275965720415115 0.2597904205322266 0.9571979641914368 -0.2895952165126801 
0.211320623755455 -0.9358058571815491 0.2821539640426636 -0.06634396314620972 
0 0 0 1 

0.9804236888885498 0.1918716281652451 0.04421258345246315 -0.06444946676492691 
-0.07414033263921738 0.1517229527235031 0.985638439655304 -0.3028163313865662 
0.1824080049991608 -0.9696211218833923 0.1629782319068909 -0.02536459639668465 
0 0 0 1 

0.9955224394798279 0.09438228607177734 0.00519538763910532 -0.05466503277420998 
-0.01760180667042732 0.1310973614454269 0.9912131428718567 -0.3059897720813751 
0.09287186712026596 -0.9868663549423218 0.1321716904640198 -0.0155611140653491 
0 0 0 1 

0.9962630867958069 0.08581072837114334 -0.009819052182137966 -0.05195917934179306 
-0.01176890730857849 0.2474959045648575 0.968817412853241 -0.3010278344154358 
0.08556511998176575 -0.9650813937187195 0.2475809156894684 -0.0527728870511055 
0 0 0 1 

0.9982010126113892 0.02168666385114193 -0.05589719489216805 -0.03584879264235497 
0.04724142327904701 0.2895942032337189 0.9559829831123352 -0.3080603182315826 
0.03691958263516426 -0.9569038152694702 0.288048654794693 -0.06349209696054459 
0 0 0 1 

0.9888862371444702 -0.05187034234404564 -0.1393317878246307 -0.003974613267928362 
0.148238942027092 0.2723786532878876 0.9507022500038147 -0.3183304071426392 
-0.01136227045208216 -0.9607908129692078 0.2770407497882843 -0.05738595128059387 
0 0 0 1 

0.9694870710372925 -0.07770262658596039 -0.2325018346309662 0.02779087051749229 
0.2447887808084488 0.2559312582015991 0.935188353061676 -0.322782039642334 
-0.0131621491163969 -0.9635668396949768 0.2671428024768829 -0.05244322121143341 
0 0 0 1 

0.9731886386871338 -0.03502083942294121 -0.2273265868425369 0.02418482676148415 
0.2276493608951569 0.2878440618515015 0.9302265048027039 -0.3213547170162201 
0.03285728394985199 -0.9570367336273193 0.2880991101264954 -0.06286715716123581 
0 0 0 1 

0.9838321208953857 0.02962125465273857 -0.1766266524791718 0.004366235807538033 
0.157489225268364 0.3264889121055603 0.9319881796836853 -0.3188160061836243 
0.08527329564094543 -0.9447367191314697 0.3165452480316162 -0.07750871777534485 
0 0 0 1 

-0.9787247776985168 -0.1573519855737686 0.1316709071397781 -5.385110853239894e-06 
0.1118433028459549 0.1288588643074036 0.9853355884552002 -0.3297244310379028 
-0.1720114648342133 0.9790992736816406 -0.1085184141993523 0.03360854089260101 
0 0 0 1 

