1.000000000000000000e+00 0.000000000000000000e+00 0.000000000000000000e+00 -4.255350477121360719e-01
0.000000000000000000e+00 -1.000000000000000000e+00 0.000000000000000000e+00 3.076616963927396031e-01
0.000000000000000000e+00 0.000000000000000000e+00 -1.000000000000000000e+00 -5.117628744684824760e+00
0.000000000000000000e+00 0.000000000000000000e+00 0.000000000000000000e+00 1.000000000000000000e+00
9.945549368858337402e-01 -5.376330018043518066e-02 8.927438408136367798e-02 7.475069124321934155e-02
-5.568489804863929749e-02 -9.982640147209167480e-01 1.917354948818683624e-02 3.602033885222158394e-01
8.808856457471847534e-02 -2.404042892158031464e-02 -9.958222508430480957e-01 -5.079063508330355248e+00
0.000000000000000000e+00 0.000000000000000000e+00 0.000000000000000000e+00 1.000000000000000000e+00
9.687561988830566406e-01 -6.457662582397460938e-02 2.394617199897766113e-01 8.880025929033308341e-01
-7.148109376430511475e-02 -9.972362518310546875e-01 2.025220356881618500e-02 3.780276974408876556e-01
2.374919801950454712e-01 -3.673638775944709778e-02 -9.706945419311523438e-01 -4.936827761217644550e+00
0.000000000000000000e+00 0.000000000000000000e+00 0.000000000000000000e+00 1.000000000000000000e+00
9.987729191780090332e-01 -4.335344210267066956e-02 2.394092269241809845e-02 -2.566671447752305046e-01
-4.334499686956405640e-02 -9.990598559379577637e-01 -8.715571020729839802e-04 2.664414195441053290e-01
2.395620755851268768e-02 -1.671802165219560266e-04 -9.997130632400512695e-01 -4.945258574416943276e+00
0.000000000000000000e+00 0.000000000000000000e+00 0.000000000000000000e+00 1.000000000000000000e+00
9.921492338180541992e-01 -5.432340875267982483e-02 1.126445159316062927e-01 2.385285926438892590e-01
-5.084026604890823364e-02 -9.981427192687988281e-01 -3.356874734163284302e-02 1.465200113922340008e-01
1.142588406801223755e-01 2.757824398577213287e-02 -9.930681586265563965e-01 -4.913063074176338141e+00
0.000000000000000000e+00 0.000000000000000000e+00 0.000000000000000000e+00 1.000000000000000000e+00
-1.303444355726242065e-01 -8.542086929082870483e-02 9.877821803092956543e-01 5.263437800690563328e+00
-3.393604233860969543e-02 -9.953132867813110352e-01 -9.055025130510330200e-02 -9.474609490692356695e-02
9.908877611160278320e-01 -4.532413184642791748e-02 1.268346905708312988e-01 6.674754036211257846e-01
0.000000000000000000e+00 0.000000000000000000e+00 0.000000000000000000e+00 1.000000000000000000e+00
-8.546764403581619263e-02 -1.025207564234733582e-01 9.910527467727661133e-01 5.207561739003974566e+00
-2.582307159900665283e-02 -9.941300153732299805e-01 -1.050660610198974609e-01 -1.110011216966681202e-01
9.960060715675354004e-01 -3.457177430391311646e-02 8.231853693723678589e-02 5.195256635373475262e-01
0.000000000000000000e+00 0.000000000000000000e+00 0.000000000000000000e+00 1.000000000000000000e+00
-1.021122336387634277e-01 -9.911099821329116821e-02 9.898229837417602539e-01 5.129873338997747112e+00
-2.443058788776397705e-02 -9.944739937782287598e-01 -1.020970344543457031e-01 -4.323452590043570104e-02
9.944725632667541504e-01 -3.460734710097312927e-02 9.912669658660888672e-02 6.986532123291486762e-01
0.000000000000000000e+00 0.000000000000000000e+00 0.000000000000000000e+00 1.000000000000000000e+00
-8.143221586942672729e-02 -9.311735630035400391e-02 9.923191666603088379e-01 5.063614909027883471e+00
-3.483776748180389404e-02 -9.947517514228820801e-01 -9.620446711778640747e-02 1.294869566140322698e-02
9.960693120956420898e-01 -4.240434616804122925e-02 7.776096463203430176e-02 7.035422189196580689e-01
0.000000000000000000e+00 0.000000000000000000e+00 0.000000000000000000e+00 1.000000000000000000e+00
-7.818600535392761230e-02 -9.477533400058746338e-02 9.924232959747314453e-01 5.011142362582299725e+00
-5.332950502634048462e-02 -9.936482310295104980e-01 -9.909381717443466187e-02 2.339376713510097835e-02
9.955111742019653320e-01 -6.067321076989173889e-02 7.263502478599548340e-02 7.915497938079559814e-01
0.000000000000000000e+00 0.000000000000000000e+00 0.000000000000000000e+00 1.000000000000000000e+00
-6.199853867292404175e-02 -8.025286346673965454e-02 9.948444962501525879e-01 4.958039667809479134e+00
-6.958508491516113281e-02 -9.939886927604675293e-01 -8.452035486698150635e-02 1.310920666825775016e-01
9.956477284431457520e-01 -7.446658611297607422e-02 5.604135617613792419e-02 8.235163295744961642e-01
0.000000000000000000e+00 0.000000000000000000e+00 0.000000000000000000e+00 1.000000000000000000e+00
-8.394832909107208252e-02 -6.268703192472457886e-02 9.944965243339538574e-01 4.901227113646642763e+00
-1.018326058983802795e-01 -9.922546148300170898e-01 -7.114174216985702515e-02 2.427224658747847430e-01
9.912532567977905273e-01 -1.072443947196006775e-01 7.691451162099838257e-02 1.037401786701735995e+00
0.000000000000000000e+00 0.000000000000000000e+00 0.000000000000000000e+00 1.000000000000000000e+00
-7.328663021326065063e-02 -7.476931810379028320e-02 9.945042133331298828e-01 4.900519982463307223e+00
-1.059523224830627441e-01 -9.909586310386657715e-01 -8.231056481599807739e-02 2.323981571488960562e-01
9.916666150093078613e-01 -1.114023029804229736e-01 6.470207124948501587e-02 1.055783328484717121e+00
0.000000000000000000e+00 0.000000000000000000e+00 0.000000000000000000e+00 1.000000000000000000e+00
-6.265912204980850220e-02 -7.742338627576828003e-02 9.950274229049682617e-01 4.909758322013946241e+00
-1.375983506441116333e-01 -9.867954850196838379e-01 -8.544771373271942139e-02 2.622159436662420684e-01
9.885044097900390625e-01 -1.422682255506515503e-01 5.117839574813842773e-02 1.074946801803480012e+00
0.000000000000000000e+00 0.000000000000000000e+00 0.000000000000000000e+00 1.000000000000000000e+00
-5.308166146278381348e-02 -7.989521324634552002e-02 9.953889250755310059e-01 4.920402590735493575e+00
-1.485570967197418213e-01 -9.850703477859497070e-01 -8.698920160531997681e-02 2.926699299982249980e-01
9.874783754348754883e-01 -1.524896025657653809e-01 4.042020812630653381e-02 1.106462749770537490e+00
0.000000000000000000e+00 0.000000000000000000e+00 0.000000000000000000e+00 1.000000000000000000e+00
-3.289667889475822449e-03 -9.427824616432189941e-02 9.955404400825500488e-01 4.962390786454414560e+00
-1.735353916883468628e-01 -9.803872108459472656e-01 -9.341666847467422485e-02 2.874231664169883405e-01
9.848221540451049805e-01 -1.730687618255615234e-01 -1.313539035618305206e-02 9.587291767530455866e-01
0.000000000000000000e+00 0.000000000000000000e+00 0.000000000000000000e+00 1.000000000000000000e+00
2.233052859082818031e-03 -9.385728836059570312e-02 9.955831170082092285e-01 4.975480252904197265e+00
-1.877939552068710327e-01 -9.779117703437805176e-01 -9.177011996507644653e-02 3.372579091870243628e-01
9.822058677673339844e-01 -1.867595463991165161e-01 -1.980953849852085114e-02 1.048449719394241697e+00
0.000000000000000000e+00 0.000000000000000000e+00 0.000000000000000000e+00 1.000000000000000000e+00
4.938390478491783142e-02 -9.706366062164306641e-02 9.940521717071533203e-01 5.006074985920573539e+00
-2.161063700914382935e-01 -9.727281928062438965e-01 -8.424548059701919556e-02 3.882046375678923633e-01
9.751201868057250977e-01 -2.106606513261795044e-01 -6.901311129331588745e-02 9.266179013124753450e-01
0.000000000000000000e+00 0.000000000000000000e+00 0.000000000000000000e+00 1.000000000000000000e+00
1.065337955951690674e-01 -1.200572773814201355e-01 9.870343804359436035e-01 5.090739461237149932e+00
-2.272929400205612183e-01 -9.693399071693420410e-01 -9.337250888347625732e-02 3.502511222655056988e-01
9.679818749427795410e-01 -2.143985927104949951e-01 -1.305558085441589355e-01 8.457814381972700302e-01
0.000000000000000000e+00 0.000000000000000000e+00 0.000000000000000000e+00 1.000000000000000000e+00
1.514630913734436035e-01 -1.748692691326141357e-01 9.728714227676391602e-01 5.307690641562849976e+00
-2.393660694360733032e-01 -9.614211320877075195e-01 -1.355450600385665894e-01 1.390070029816597164e-01
9.590421915054321289e-01 -2.123423963785171509e-01 -1.874776929616928101e-01 8.596148407783419376e-01
0.000000000000000000e+00 0.000000000000000000e+00 0.000000000000000000e+00 1.000000000000000000e+00
7.074377685785293579e-02 -1.624701619148254395e-01 9.841738343238830566e-01 5.348794328074332860e+00
-2.748090922832489014e-01 -9.516386389732360840e-01 -1.373455375432968140e-01 1.499256471339462937e-01
9.588922858238220215e-01 -2.607437074184417725e-01 -1.119709089398384094e-01 1.315479735682541840e+00
0.000000000000000000e+00 0.000000000000000000e+00 0.000000000000000000e+00 1.000000000000000000e+00
7.068911939859390259e-02 -2.032658010721206665e-01 9.765682220458984375e-01 5.246292845636016722e+00
-1.972777694463729858e-01 -9.625288248062133789e-01 -1.860635578632354736e-01 -1.288334041940241148e-01
9.777953624725341797e-01 -1.795026659965515137e-01 -1.081402078270912170e-01 1.170335604043757360e+00
0.000000000000000000e+00 0.000000000000000000e+00 0.000000000000000000e+00 1.000000000000000000e+00
1.019844114780426025e-01 -2.157768905162811279e-01 9.711024761199951172e-01 5.200990418916410896e+00
-1.671682000160217285e-01 -9.660273194313049316e-01 -1.970933824777603149e-01 -2.094798406844146643e-01
9.806395173072814941e-01 -1.422369480133056641e-01 -1.345906704664230347e-01 9.671196136347772754e-01
0.000000000000000000e+00 0.000000000000000000e+00 0.000000000000000000e+00 1.000000000000000000e+00
1.817677915096282959e-01 -2.675513923168182373e-01 9.462441205978393555e-01 4.926253684617808659e+00
-6.327771395444869995e-02 -9.634616374969482422e-01 -2.602643966674804688e-01 -6.228929810541864454e-01
9.813032150268554688e-01 -1.256856229156255722e-02 -1.920560747385025024e-01 4.517494510843972910e-01
0.000000000000000000e+00 0.000000000000000000e+00 0.000000000000000000e+00 1.000000000000000000e+00
1.857149749994277954e-01 -3.129238486289978027e-01 9.314442873001098633e-01 4.639525878434785255e+00
-2.261395379900932312e-02 -9.490448236465454102e-01 -3.143280446529388428e-01 -1.012620227724733812e+00
9.823434352874755859e-01 3.731181472539901733e-02 -1.833283454179763794e-01 3.940073487751172832e-01
0.000000000000000000e+00 0.000000000000000000e+00 0.000000000000000000e+00 1.000000000000000000e+00
2.227990627288818359e-01 -3.757870495319366455e-01 8.995244503021240234e-01 4.384436835651615461e+00
4.239697940647602081e-03 -9.223355650901794434e-01 -3.863667547702789307e-01 -1.404995099337264408e+00
9.748551249504089355e-01 8.989587426185607910e-02 -2.039022743701934814e-01 2.576315991675755535e-01
0.000000000000000000e+00 0.000000000000000000e+00 0.000000000000000000e+00 1.000000000000000000e+00
2.514898478984832764e-01 -4.052093327045440674e-01 8.789526820182800293e-01 4.194513383736789613e+00
5.614473298192024231e-02 -9.005034565925598145e-01 -4.312089085578918457e-01 -1.623229492605787971e+00
9.662296772003173828e-01 1.577931493520736694e-01 -2.037172019481658936e-01 2.006655505149228802e-01
0.000000000000000000e+00 0.000000000000000000e+00 0.000000000000000000e+00 1.000000000000000000e+00
3.633515238761901855e-01 -4.444708228111267090e-01 8.187925219535827637e-01 3.863114489617935465e+00
1.228266730904579163e-01 -8.483359813690185547e-01 -5.150142312049865723e-01 -2.037961832427467979e+00
9.235200285911560059e-01 2.877008616924285889e-01 -2.536514103412628174e-01 -1.052520554371688954e-01
0.000000000000000000e+00 0.000000000000000000e+00 0.000000000000000000e+00 1.000000000000000000e+00
3.942382335662841797e-01 -4.760603308677673340e-01 7.860935926437377930e-01 3.667003044620654073e+00
1.387774199247360229e-01 -8.147233724594116211e-01 -5.629976987838745117e-01 -2.285211322091681208e+00
9.084698557853698730e-01 3.310472071170806885e-01 -2.551287114620208740e-01 -1.547912177693894498e-01
0.000000000000000000e+00 0.000000000000000000e+00 0.000000000000000000e+00 1.000000000000000000e+00
3.766542077064514160e-01 -5.405657887458801270e-01 7.522765994071960449e-01 3.421386464507184755e+00
1.601264774799346924e-01 -7.618663907051086426e-01 -6.276296377182006836e-01 -2.563480140937349105e+00
9.124093055725097656e-01 3.568587303161621094e-01 -2.004012912511825562e-01 4.671315655088628671e-02
0.000000000000000000e+00 0.000000000000000000e+00 0.000000000000000000e+00 1.000000000000000000e+00
3.920535147190093994e-01 -5.591055750846862793e-01 7.305443882942199707e-01 3.245628651752133997e+00
1.632575541734695435e-01 -7.392292022705078125e-01 -6.533658504486083984e-01 -2.682020445897356886e+00
9.053403139114379883e-01 3.754213750362396240e-01 -1.985392719507217407e-01 1.626438156640262062e-02
0.000000000000000000e+00 0.000000000000000000e+00 0.000000000000000000e+00 1.000000000000000000e+00
4.146987199783325195e-01 -5.658836364746093750e-01 7.126011252403259277e-01 3.096267823852451251e+00
1.788602024316787720e-01 -7.171461582183837891e-01 -6.735805869102478027e-01 -2.755777958416422369e+00
8.922073245048522949e-01 4.067889153957366943e-01 -1.961854398250579834e-01 -1.430844890977034031e-02
0.000000000000000000e+00 0.000000000000000000e+00 0.000000000000000000e+00 1.000000000000000000e+00
4.241333007812500000e-01 -6.002228856086730957e-01 6.781175732612609863e-01 2.873811377268610023e+00
1.762842535972595215e-01 -6.797596812248229980e-01 -7.119344472885131836e-01 -2.908514524237899135e+00
8.882763981819152832e-01 4.214965999126434326e-01 -1.824989020824432373e-01 -1.306246873521903912e-02
0.000000000000000000e+00 0.000000000000000000e+00 0.000000000000000000e+00 1.000000000000000000e+00
2.780959606170654297e-01 -7.093175053596496582e-01 6.477122306823730469e-01 2.581383863592970229e+00
1.410894542932510376e-01 -6.368342041969299316e-01 -7.579816579818725586e-01 -3.057868010988933349e+00
9.501348733901977539e-01 3.021768629550933838e-01 -7.702380418777465820e-02 2.820465482913697142e-01
0.000000000000000000e+00 0.000000000000000000e+00 0.000000000000000000e+00 1.000000000000000000e+00
2.293839305639266968e-01 -7.448250055313110352e-01 6.265929937362670898e-01 2.452081434714192820e+00
1.297174394130706787e-01 -6.146223545074462891e-01 -7.780827879905700684e-01 -3.111211971620041705e+00
9.646534323692321777e-01 2.597596645355224609e-01 -4.436776414513587952e-02 3.387345013366029334e-01
0.000000000000000000e+00 0.000000000000000000e+00 0.000000000000000000e+00 1.000000000000000000e+00
2.771535515785217285e-01 -7.788771390914916992e-01 5.626157522201538086e-01 2.153338549106573296e+00
1.220068037509918213e-01 -5.522856712341308594e-01 -8.246785998344421387e-01 -3.244007795208413203e+00
9.530477523803710938e-01 2.972055673599243164e-01 -5.803967267274856567e-02 1.441561411491520950e-01
0.000000000000000000e+00 0.000000000000000000e+00 0.000000000000000000e+00 1.000000000000000000e+00
3.870909810066223145e-01 -7.699664831161499023e-01 5.072597861289978027e-01 1.899062588138585861e+00
1.079635322093963623e-01 -5.085144639015197754e-01 -8.542582392692565918e-01 -3.294238116765423108e+00
9.156987071037292480e-01 3.854412734508514404e-01 -1.137129068374633789e-01 -1.725722982350396117e-01
0.000000000000000000e+00 0.000000000000000000e+00 0.000000000000000000e+00 1.000000000000000000e+00
5.230836272239685059e-01 -7.420405149459838867e-01 4.192361235618591309e-01 1.494408554159534441e+00
3.062108531594276428e-02 -4.752187132835388184e-01 -8.793345689773559570e-01 -3.289048916718015025e+00
8.517312407493591309e-01 4.728029668331146240e-01 -2.258571535348892212e-01 -6.598587354227473112e-01
0.000000000000000000e+00 0.000000000000000000e+00 0.000000000000000000e+00 1.000000000000000000e+00
6.188778281211853027e-01 -7.121500968933105469e-01 3.314093649387359619e-01 1.202911283063319292e+00
-2.868530526757240295e-02 -4.421249032020568848e-01 -8.964946866035461426e-01 -3.243234196868394648e+00
7.849631309509277344e-01 5.453140139579772949e-01 -2.940496504306793213e-01 -9.119033344180667022e-01
0.000000000000000000e+00 0.000000000000000000e+00 0.000000000000000000e+00 1.000000000000000000e+00
6.152240633964538574e-01 -7.563283443450927734e-01 2.224122881889343262e-01 8.874938711429288807e-01
-1.091337054967880249e-01 -3.611139357089996338e-01 -9.261139631271362305e-01 -3.383546563035185972e+00
7.807620763778686523e-01 5.454946756362915039e-01 -3.047070205211639404e-01 -8.974424620369668704e-01
0.000000000000000000e+00 0.000000000000000000e+00 0.000000000000000000e+00 1.000000000000000000e+00
6.089900732040405273e-01 -7.877900004386901855e-01 9.229061752557754517e-02 4.187048344406065215e-01
-1.796929240226745605e-01 -2.503587901592254639e-01 -9.513310194015502930e-01 -3.599109274219195687e+00
7.725551724433898926e-01 5.627676248550415039e-01 -2.940263152122497559e-01 -8.026705146925903200e-01
0.000000000000000000e+00 0.000000000000000000e+00 0.000000000000000000e+00 1.000000000000000000e+00
6.207888722419738770e-01 -7.836830615997314453e-01 -2.151301875710487366e-02 -6.465617151906945248e-02
-2.026446461677551270e-01 -1.338943541049957275e-01 -9.700549244880676270e-01 -3.787502592664356627e+00
7.573352456092834473e-01 6.065585017204284668e-01 -2.419292032718658447e-01 -6.018121738539756738e-01
0.000000000000000000e+00 0.000000000000000000e+00 0.000000000000000000e+00 1.000000000000000000e+00
6.350418925285339355e-01 -7.603826522827148438e-01 -1.361649036407470703e-01 -6.206706655650739979e-01
-2.388244271278381348e-01 -2.562505565583705902e-02 -9.707244038581848145e-01 -3.869974247038669990e+00
7.346326112747192383e-01 6.489701867103576660e-01 -1.978709101676940918e-01 -4.510374556052894612e-01
0.000000000000000000e+00 0.000000000000000000e+00 0.000000000000000000e+00 1.000000000000000000e+00
6.478149294853210449e-01 -7.253069877624511719e-01 -2.329508662223815918e-01 -1.131051971982853344e+00
-2.358209490776062012e-01 9.984003752470016479e-02 -9.666540026664733887e-01 -3.949551901570072410e+00
7.243788242340087891e-01 6.811476945877075195e-01 -1.063646972179412842e-01 -1.123763797882160465e-01
0.000000000000000000e+00 0.000000000000000000e+00 0.000000000000000000e+00 1.000000000000000000e+00
6.191642880439758301e-01 -7.778053283691406250e-01 -1.079565882682800293e-01 -4.850285596000075139e-01
-3.037447929382324219e-01 -1.104457974433898926e-01 -9.463300704956054688e-01 -3.633228552224566421e+00
7.241372466087341309e-01 6.187248826026916504e-01 -3.046383559703826904e-01 -1.053219255446056657e+00
0.000000000000000000e+00 0.000000000000000000e+00 0.000000000000000000e+00 1.000000000000000000e+00
6.062057614326477051e-01 -7.947050929069519043e-01 -3.095873259007930756e-02 -1.275769147742806531e-01
-3.797977268695831299e-01 -2.550716102123260498e-01 -8.892087936401367188e-01 -3.266956622702616553e+00
6.987619400024414062e-01 5.508015155792236328e-01 -4.564531743526458740e-01 -1.617401012974759356e+00
0.000000000000000000e+00 0.000000000000000000e+00 0.000000000000000000e+00 1.000000000000000000e+00
5.890783667564392090e-01 -8.048632740974426270e-01 7.198367267847061157e-02 3.040064799439312626e-01
-4.532639086246490479e-01 -4.028580188751220703e-01 -7.951461672782897949e-01 -2.721129522480087548e+00
6.689829826354980469e-01 4.357758760452270508e-01 -6.021304726600646973e-01 -2.116493567262947462e+00
0.000000000000000000e+00 0.000000000000000000e+00 0.000000000000000000e+00 1.000000000000000000e+00
5.981497168540954590e-01 -7.887803316116333008e-01 1.415708959102630615e-01 5.709191866609217847e-01
-5.171770453453063965e-01 -5.148935317993164062e-01 -6.836752891540527344e-01 -2.153379173070498975e+00
6.121636629104614258e-01 3.357231020927429199e-01 -7.159229516983032227e-01 -2.450086274371179318e+00
0.000000000000000000e+00 0.000000000000000000e+00 0.000000000000000000e+00 1.000000000000000000e+00
6.006290912628173828e-01 -7.789462208747863770e-01 1.802435517311096191e-01 6.991805116952103383e-01
-5.717899799346923828e-01 -5.760601758956909180e-01 -5.841331481933593750e-01 -1.710937866084301762e+00
5.588390827178955078e-01 2.477856874465942383e-01 -7.913919091224670410e-01 -2.655539033409602734e+00
0.000000000000000000e+00 0.000000000000000000e+00 0.000000000000000000e+00 1.000000000000000000e+00
5.858205556869506836e-01 -7.920052409172058105e-01 1.718751043081283569e-01 6.183176105243991527e-01
-6.658492684364318848e-01 -5.912563800811767578e-01 -4.550389051437377930e-01 -1.236517027514362210e+00
4.620158076286315918e-01 1.521282345056533813e-01 -8.737266659736633301e-01 -2.879473828603722918e+00
0.000000000000000000e+00 0.000000000000000000e+00 0.000000000000000000e+00 1.000000000000000000e+00
5.767227411270141602e-01 -7.905915379524230957e-01 2.058066278696060181e-01 6.773795819173898947e-01
-7.112814188003540039e-01 -6.098522543907165527e-01 -3.495123386383056641e-01 -8.340970836375444231e-01
4.018329381942749023e-01 5.518512800335884094e-02 -9.140483140945434570e-01 -2.965436695183977456e+00
0.000000000000000000e+00 0.000000000000000000e+00 0.000000000000000000e+00 1.000000000000000000e+00
5.651258230209350586e-01 -7.828691601753234863e-01 2.602843642234802246e-01 8.101941551962281718e-01
-7.552820444107055664e-01 -6.178802847862243652e-01 -2.185694873332977295e-01 -3.295737658295268546e-01
3.319359123706817627e-01 -7.306883484125137329e-02 -9.404676556587219238e-01 -2.990704532013430228e+00
0.000000000000000000e+00 0.000000000000000000e+00 0.000000000000000000e+00 1.000000000000000000e+00
5.583497881889343262e-01 -7.854505777359008789e-01 2.670446932315826416e-01 8.104763926003514252e-01
-7.824457287788391113e-01 -6.055650711059570312e-01 -1.451553106307983398e-01 -6.375108328036725724e-02
2.757253050804138184e-01 -1.279005110263824463e-01 -9.526892900466918945e-01 -3.004782871027113611e+00
0.000000000000000000e+00 0.000000000000000000e+00 0.000000000000000000e+00 1.000000000000000000e+00
5.343334078788757324e-01 -8.009348511695861816e-01 2.701684236526489258e-01 7.825190168383211464e-01
-8.294258117675781250e-01 -5.584138631820678711e-01 -1.503992639482021332e-02 3.942752218743275638e-01
1.629117429256439209e-01 -2.160484790802001953e-01 -9.626955389976501465e-01 -3.007566555230873462e+00
0.000000000000000000e+00 0.000000000000000000e+00 0.000000000000000000e+00 1.000000000000000000e+00
5.277376174926757812e-01 -8.023829460144042969e-01 2.787024974822998047e-01 7.705892534655864878e-01
-8.482132554054260254e-01 -5.152162313461303711e-01 1.228301674127578735e-01 8.756649682142125801e-01
4.503519460558891296e-02 -3.012210428714752197e-01 -9.524903297424316406e-01 -2.944685450458187859e+00
0.000000000000000000e+00 0.000000000000000000e+00 0.000000000000000000e+00 1.000000000000000000e+00
5.364500880241394043e-01 -7.926059961318969727e-01 2.898220419883728027e-01 7.661027203894982263e-01
-8.420351743698120117e-01 -4.796797633171081543e-01 2.467462718486785889e-01 1.293315712237824489e+00
-5.655085295438766479e-02 -3.764072954654693604e-01 -9.247266054153442383e-01 -2.799830302143906380e+00
0.000000000000000000e+00 0.000000000000000000e+00 0.000000000000000000e+00 1.000000000000000000e+00
5.074840188026428223e-01 -8.064971566200256348e-01 3.033520877361297607e-01 7.955852693856199087e-01
-8.420062065124511719e-01 -3.893935978412628174e-01 3.733609616756439209e-01 1.729191651419145881e+00
-1.829912811517715454e-01 -4.448988139629364014e-01 -8.766863346099853516e-01 -2.557381130058150820e+00
0.000000000000000000e+00 0.000000000000000000e+00 0.000000000000000000e+00 1.000000000000000000e+00
4.871638417243957520e-01 -8.150652647018432617e-01 3.135920166969299316e-01 8.341818544289124615e-01
-8.225215673446655273e-01 -3.075587153434753418e-01 4.783995151519775391e-01 2.083139379635569277e+00
-2.934788465499877930e-01 -4.909949302673339844e-01 -8.202403783798217773e-01 -2.305901353087568051e+00
0.000000000000000000e+00 0.000000000000000000e+00 0.000000000000000000e+00 1.000000000000000000e+00
4.564594626426696777e-01 -8.322372436523437500e-01 3.146823942661285400e-01 8.893162616925748276e-01
-8.052203059196472168e-01 -2.359410524368286133e-01 5.440139770507812500e-01 2.303582565804902060e+00
-3.785024285316467285e-01 -5.017091631889343262e-01 -7.778327465057373047e-01 -2.106578453170681708e+00
0.000000000000000000e+00 0.000000000000000000e+00 0.000000000000000000e+00 1.000000000000000000e+00
4.123423695564270020e-01 -8.617639541625976562e-01 2.955270111560821533e-01 9.089687150341577704e-01
-7.872793078422546387e-01 -1.738277971744537354e-01 5.915870666503906250e-01 2.438077369281854256e+00
-4.584378898143768311e-01 -4.765990078449249268e-01 -7.501258850097656250e-01 -1.929097057758605516e+00
0.000000000000000000e+00 0.000000000000000000e+00 0.000000000000000000e+00 1.000000000000000000e+00
3.720417022705078125e-01 -8.836044073104858398e-01 2.843025922775268555e-01 9.684394594407476076e-01
-7.755749821662902832e-01 -1.276430785655975342e-01 6.182153224945068359e-01 2.480410995806103358e+00
-5.099682807922363281e-01 -4.505000412464141846e-01 -7.327903509140014648e-01 -1.782875662158002639e+00
0.000000000000000000e+00 0.000000000000000000e+00 0.000000000000000000e+00 1.000000000000000000e+00
2.689067721366882324e-01 -9.337404370307922363e-01 2.362577915191650391e-01 9.444028522853101792e-01
-7.700742483139038086e-01 -6.109768152236938477e-02 6.350219845771789551e-01 2.460267082323913446e+00
-5.785105824470520020e-01 -3.526978790760040283e-01 -7.354792356491088867e-01 -1.713079393767808600e+00
0.000000000000000000e+00 0.000000000000000000e+00 0.000000000000000000e+00 1.000000000000000000e+00
8.332838118076324463e-02 -9.791099429130554199e-01 1.854745596647262573e-01 9.334335889289976373e-01
-7.835361361503601074e-01 5.062746629118919373e-02 6.192803978919982910e-01 2.241951241987275800e+00
-6.157332062721252441e-01 -1.969295740127563477e-01 -7.629490494728088379e-01 -1.781609413220839766e+00
0.000000000000000000e+00 0.000000000000000000e+00 0.000000000000000000e+00 1.000000000000000000e+00
-8.394218236207962036e-02 -9.804497361183166504e-01 1.779675781726837158e-01 9.321819230844203830e-01
-7.874521017074584961e-01 1.747122108936309814e-01 5.910965800285339355e-01 2.022454865584182304e+00
-6.106334924697875977e-01 -9.052291512489318848e-02 -7.867226004600524902e-01 -1.866078455255826718e+00
0.000000000000000000e+00 0.000000000000000000e+00 0.000000000000000000e+00 1.000000000000000000e+00
-2.071966975927352905e-01 -9.587519764900207520e-01 1.945852786302566528e-01 9.682903547594129412e-01
-7.482571005821228027e-01 2.834417521953582764e-01 5.998097062110900879e-01 2.080415416668112361e+00
-6.302226781845092773e-01 -2.132114581763744354e-02 -7.761217951774597168e-01 -1.807183395789879077e+00
0.000000000000000000e+00 0.000000000000000000e+00 0.000000000000000000e+00 1.000000000000000000e+00
-2.498158961534500122e-01 -9.542654156684875488e-01 1.642219573259353638e-01 9.603163792564191059e-01
-7.071248888969421387e-01 2.956540286540985107e-01 6.423106193542480469e-01 2.269843241844449189e+00
-6.614879965782165527e-01 4.433401301503181458e-02 -7.486442923545837402e-01 -1.677786821639919435e+00
0.000000000000000000e+00 0.000000000000000000e+00 0.000000000000000000e+00 1.000000000000000000e+00
-3.591085672378540039e-01 -9.252831935882568359e-01 1.220311149954795837e-01 9.922886688962242463e-01
-6.903571486473083496e-01 3.513403534889221191e-01 6.324291229248046875e-01 2.194792298297279398e+00
-6.280507445335388184e-01 1.428658068180084229e-01 -7.649454474449157715e-01 -1.637432031495299922e+00
0.000000000000000000e+00 0.000000000000000000e+00 0.000000000000000000e+00 1.000000000000000000e+00
2.306083589792251587e-01 -9.204034805297851562e-01 3.157176077365875244e-01 9.435113987480691078e-01
-7.334949970245361328e-01 4.877032712101936340e-02 6.779426932334899902e-01 2.451717620289700417e+00
-6.393784880638122559e-01 -3.879167139530181885e-01 -6.638647317886352539e-01 -1.378459818691183170e+00
0.000000000000000000e+00 0.000000000000000000e+00 0.000000000000000000e+00 1.000000000000000000e+00
5.365304946899414062e-01 -7.765039205551147461e-01 3.304188549518585205e-01 7.789379251637907897e-01
-7.659865021705627441e-01 -2.838179469108581543e-01 5.768121480941772461e-01 2.329216864838512979e+00
-3.541180491447448730e-01 -5.625735521316528320e-01 -7.470684647560119629e-01 -2.135250995697676402e+00
0.000000000000000000e+00 0.000000000000000000e+00 0.000000000000000000e+00 1.000000000000000000e+00
5.977925658226013184e-01 -7.263892292976379395e-01 3.391210436820983887e-01 7.811978084910056186e-01
-7.685593366622924805e-01 -3.990216553211212158e-01 5.000985264778137207e-01 2.100134337166378096e+00
-2.279492914676666260e-01 -5.595894455909729004e-01 -7.968052029609680176e-01 -2.508408525833117686e+00
0.000000000000000000e+00 0.000000000000000000e+00 0.000000000000000000e+00 1.000000000000000000e+00
6.032862067222595215e-01 -7.424471378326416016e-01 2.912345230579376221e-01 6.068564902086339696e-01
-7.682403326034545898e-01 -4.429529309272766113e-01 4.621682167053222656e-01 1.984895168185141223e+00
-2.141323536634445190e-01 -5.025576949119567871e-01 -8.376052379608154297e-01 -2.729375116060149598e+00
0.000000000000000000e+00 0.000000000000000000e+00 0.000000000000000000e+00 1.000000000000000000e+00
6.294073462486267090e-01 -7.431679964065551758e-01 2.270412296056747437e-01 3.534424693762263092e-01
-7.559057474136352539e-01 -5.178108215332031250e-01 4.005972445011138916e-01 1.762805580624304369e+00
-1.801467239856719971e-01 -4.237608313560485840e-01 -8.876795172691345215e-01 -2.991167222787711300e+00
0.000000000000000000e+00 0.000000000000000000e+00 0.000000000000000000e+00 1.000000000000000000e+00
6.402320861816406250e-01 -7.528008222579956055e-01 1.529496610164642334e-01 6.259243461879875070e-02
-7.439584732055664062e-01 -5.580230355262756348e-01 3.676088154315948486e-01 1.659274154871539286e+00
-1.913868635892868042e-01 -3.491429984569549561e-01 -9.173168540000915527e-01 -3.161681272904047546e+00
0.000000000000000000e+00 0.000000000000000000e+00 0.000000000000000000e+00 1.000000000000000000e+00
6.494482755661010742e-01 -7.566748857498168945e-01 7.522824406623840332e-02 -2.520280100517283683e-01
-7.311389446258544922e-01 -5.942060947418212891e-01 3.351937234401702881e-01 1.542855739485095912e+00
-2.089317440986633301e-01 -2.726931869983673096e-01 -9.391410350799560547e-01 -3.290297998817166114e+00
0.000000000000000000e+00 0.000000000000000000e+00 0.000000000000000000e+00 1.000000000000000000e+00
6.679903268814086914e-01 -7.438457608222961426e-01 2.195123583078384399e-02 -4.930545183718100799e-01
-7.196885347366333008e-01 -6.382305026054382324e-01 2.733296751976013184e-01 1.298396283126176165e+00
-1.893053799867630005e-01 -1.983796954154968262e-01 -9.616699218750000000e-01 -3.430530009167669370e+00
0.000000000000000000e+00 0.000000000000000000e+00 0.000000000000000000e+00 1.000000000000000000e+00
7.104842066764831543e-01 -7.018805742263793945e-01 -5.074890702962875366e-02 -8.542482083161277995e-01
-6.798745393753051758e-01 -7.032403945922851562e-01 2.079027891159057617e-01 1.034016520704712949e+00
-1.816117465496063232e-01 -1.132087185978889465e-01 -9.768320918083190918e-01 -3.545992388749706681e+00
0.000000000000000000e+00 0.000000000000000000e+00 0.000000000000000000e+00 1.000000000000000000e+00
7.454496026039123535e-01 -6.600703597068786621e-01 -9.279764443635940552e-02 -1.074486933575127701e+00
-6.450605988502502441e-01 -7.494534850120544434e-01 1.490525454282760620e-01 7.841841867751043749e-01
-1.679326891899108887e-01 -5.125102028250694275e-02 -9.844651818275451660e-01 -3.617394384599703194e+00
0.000000000000000000e+00 0.000000000000000000e+00 0.000000000000000000e+00 1.000000000000000000e+00
7.739465236663818359e-01 -6.128240227699279785e-01 -1.595413386821746826e-01 -1.405341590646874694e+00
-6.115708947181701660e-01 -7.886980772018432617e-01 6.274097412824630737e-02 4.058116633672739226e-01
-1.642791181802749634e-01 4.901281744241714478e-02 -9.851952791213989258e-01 -3.651296205877538448e+00
0.000000000000000000e+00 0.000000000000000000e+00 0.000000000000000000e+00 1.000000000000000000e+00
7.972987294197082520e-01 -5.683708786964416504e-01 -2.031476050615310669e-01 -1.644803411256228864e+00
-5.825958847999572754e-01 -8.126605153083801270e-01 -1.284945569932460785e-02 6.527287177302829035e-02
-1.577866971492767334e-01 1.285977959632873535e-01 -9.790636897087097168e-01 -3.671808168839270525e+00
0.000000000000000000e+00 0.000000000000000000e+00 0.000000000000000000e+00 1.000000000000000000e+00
8.288251161575317383e-01 -5.133622288703918457e-01 -2.225039601325988770e-01 -1.784351305916456631e+00
-5.436249971389770508e-01 -8.329613208770751953e-01 -1.031849384307861328e-01 -3.463940734657984244e-01
-1.323658823966979980e-01 2.064809799194335938e-01 -9.694561958312988281e-01 -3.679284632714257874e+00
0.000000000000000000e+00 0.000000000000000000e+00 0.000000000000000000e+00 1.000000000000000000e+00
8.450942635536193848e-01 -4.910584986209869385e-01 -2.113702148199081421e-01 -1.797678070036067499e+00
-5.293955802917480469e-01 -8.237814307212829590e-01 -2.027923613786697388e-01 -7.999700180623235957e-01
-7.453984767198562622e-02 2.832772135734558105e-01 -9.561368227005004883e-01 -3.675259302341779222e+00
0.000000000000000000e+00 0.000000000000000000e+00 0.000000000000000000e+00 1.000000000000000000e+00
8.563137650489807129e-01 -4.857920706272125244e-01 -1.753064543008804321e-01 -1.695116469542602200e+00
-5.164345502853393555e-01 -8.085068464279174805e-01 -2.821558713912963867e-01 -1.182701646094363124e+00
-4.667199682444334030e-03 3.321483433246612549e-01 -9.432155489921569824e-01 -3.678971542644868808e+00
0.000000000000000000e+00 0.000000000000000000e+00 0.000000000000000000e+00 1.000000000000000000e+00
8.636572360992431641e-01 -4.878039658069610596e-01 -1.270553767681121826e-01 -1.537454588206219386e+00
-4.980668127536773682e-01 -7.869898080825805664e-01 -3.641099929809570312e-01 -1.573924453392629097e+00
7.762310653924942017e-02 3.777485191822052002e-01 -9.226487874984741211e-01 -3.664653921867127018e+00
0.000000000000000000e+00 0.000000000000000000e+00 0.000000000000000000e+00 1.000000000000000000e+00
8.798570036888122559e-01 -4.683984816074371338e-01 -8.033960312604904175e-02 -1.388690575850721087e+00
-4.518004357814788818e-01 -7.719905972480773926e-01 -4.471085965633392334e-01 -1.997555356628174072e+00
1.474037915468215942e-01 4.296891689300537109e-01 -8.908640742301940918e-01 -3.611257184329518033e+00
0.000000000000000000e+00 0.000000000000000000e+00 0.000000000000000000e+00 1.000000000000000000e+00
8.972559571266174316e-01 -4.403577446937561035e-01 -3.188123926520347595e-02 -1.221506431079481203e+00
-3.849584758281707764e-01 -7.449287772178649902e-01 -5.448737144470214844e-01 -2.497471508430959553e+00
2.161903828382492065e-01 5.011645555496215820e-01 -8.379115462303161621e-01 -3.532704512876990943e+00
0.000000000000000000e+00 0.000000000000000000e+00 0.000000000000000000e+00 1.000000000000000000e+00
9.334232807159423828e-01 -3.585759997367858887e-01 -1.198002044111490250e-02 -1.152558561381751723e+00
-2.897384762763977051e-01 -7.336959838867187500e-01 -6.146066188812255859e-01 -2.847362160767234585e+00
2.115936577320098877e-01 5.771594047546386719e-01 -7.887423634529113770e-01 -3.448360667187875261e+00
0.000000000000000000e+00 0.000000000000000000e+00 0.000000000000000000e+00 1.000000000000000000e+00
9.522535204887390137e-01 -3.003381788730621338e-01 5.486009642481803894e-02 -8.745107706332319042e-01
-1.881120651960372925e-01 -7.187007069587707520e-01 -6.693902611732482910e-01 -3.150524219451856123e+00
2.404715269804000854e-01 6.271093487739562988e-01 -7.408826351165771484e-01 -3.382528817477319372e+00
0.000000000000000000e+00 0.000000000000000000e+00 0.000000000000000000e+00 1.000000000000000000e+00
9.319053888320922852e-01 -3.284204602241516113e-01 1.539221405982971191e-01 -4.078134404710102578e-01
-1.210225895047187805e-01 -6.816161870956420898e-01 -7.216318845748901367e-01 -3.409355660770401641e+00
3.419146239757537842e-01 6.538647413253784180e-01 -6.749482154846191406e-01 -3.254519224398378263e+00
0.000000000000000000e+00 0.000000000000000000e+00 0.000000000000000000e+00 1.000000000000000000e+00
8.867611289024353027e-01 -3.909150660037994385e-01 2.466580867767333984e-01 7.980187273579907037e-02
-7.768308371305465698e-02 -6.520768404006958008e-01 -7.541621923446655273e-01 -3.576925910278670351e+00
4.556536376476287842e-01 6.496006250381469727e-01 -6.086038947105407715e-01 -3.065123541548556485e+00
0.000000000000000000e+00 0.000000000000000000e+00 0.000000000000000000e+00 1.000000000000000000e+00
9.633886218070983887e-01 -2.050545960664749146e-01 1.727268397808074951e-01 -3.803150725083481176e-01
-2.388222329318523407e-02 -7.073161005973815918e-01 -7.064937353134155273e-01 -3.319901185165359703e+00
2.670423388481140137e-01 6.765031814575195312e-01 -6.863175034523010254e-01 -3.132562705994297758e+00
0.000000000000000000e+00 0.000000000000000000e+00 0.000000000000000000e+00 1.000000000000000000e+00
9.430506229400634766e-01 -2.305140495300292969e-01 2.398312538862228394e-01 -1.089628123464433385e-01
-7.469649892300367355e-03 -7.354652285575866699e-01 -6.775210499763488770e-01 -3.129138064572678513e+00
3.325656354427337646e-01 6.371451616287231445e-01 -6.953027248382568359e-01 -3.235328866602807718e+00
0.000000000000000000e+00 0.000000000000000000e+00 0.000000000000000000e+00 1.000000000000000000e+00
9.269548058509826660e-01 -2.951488494873046875e-01 2.316079437732696533e-01 -1.732309198911777259e-01
-4.847726598381996155e-02 -7.063877582550048828e-01 -7.061632275581359863e-01 -3.240187024950978767e+00
3.720280826091766357e-01 6.433531641960144043e-01 -6.690970063209533691e-01 -3.124294390112381858e+00
0.000000000000000000e+00 0.000000000000000000e+00 0.000000000000000000e+00 1.000000000000000000e+00
8.554418087005615234e-01 -3.790179789066314697e-01 3.529371917247772217e-01 4.454262683048270666e-01
3.363975510001182556e-02 -6.393757462501525879e-01 -7.681579589843750000e-01 -3.625406855953674068e+00
5.168051719665527344e-01 6.689873337745666504e-01 -5.341987609863281250e-01 -2.600556210945061508e+00
0.000000000000000000e+00 0.000000000000000000e+00 0.000000000000000000e+00 1.000000000000000000e+00
7.491124272346496582e-01 -4.910518825054168701e-01 4.446328878402709961e-01 1.011490832052459155e+00
8.042161166667938232e-02 -5.988236069679260254e-01 -7.968327403068542480e-01 -3.803336061433311599e+00
6.575430035591125488e-01 6.326756477355957031e-01 -4.090950489044189453e-01 -2.118735990560943971e+00
0.000000000000000000e+00 0.000000000000000000e+00 0.000000000000000000e+00 1.000000000000000000e+00
6.265579462051391602e-01 -5.798673033714294434e-01 5.207485556602478027e-01 1.519576194230405575e+00
1.372085809707641602e-01 -5.756572484970092773e-01 -8.060970902442932129e-01 -3.890884219302806368e+00
7.672017812728881836e-01 5.765175819396972656e-01 -2.811198532581329346e-01 -1.562327418199226381e+00
0.000000000000000000e+00 0.000000000000000000e+00 0.000000000000000000e+00 1.000000000000000000e+00
4.465488493442535400e-01 -6.548921465873718262e-01 6.096805930137634277e-01 2.133334315858129049e+00
2.615999579429626465e-01 -5.560603141784667969e-01 -7.888996601104736328e-01 -3.885177567480387673e+00
8.556630015373229980e-01 5.117744207382202148e-01 -7.698843628168106079e-02 -6.218725073667544789e-01
0.000000000000000000e+00 0.000000000000000000e+00 0.000000000000000000e+00 1.000000000000000000e+00
3.693534135818481445e-01 -6.711825728416442871e-01 6.427224874496459961e-01 2.368605035022143035e+00
3.371841013431549072e-01 -5.477004647254943848e-01 -7.657225728034973145e-01 -3.823052799427924864e+00
8.659590482711791992e-01 4.995381236076354980e-01 2.401711232960224152e-02 -1.146895980484332611e-01
0.000000000000000000e+00 0.000000000000000000e+00 0.000000000000000000e+00 1.000000000000000000e+00
3.126298487186431885e-01 -6.876149177551269531e-01 6.553227901458740234e-01 2.500123300336244192e+00
3.850517272949218750e-01 -5.389370918273925781e-01 -7.491874694824218750e-01 -3.759881620078910025e+00
8.683305978775024414e-01 4.865517020225524902e-01 9.627959877252578735e-02 2.749849833209142558e-01
0.000000000000000000e+00 0.000000000000000000e+00 0.000000000000000000e+00 1.000000000000000000e+00
5.168234109878540039e-01 -4.709841012954711914e-01 7.148897647857666016e-01 2.824444335110784188e+00
