0.7032454609870911 0.4700747728347778 -0.5333623290061951 0.1328904032707214 
-0.162646546959877 0.8366940021514893 0.5229618549346924 -0.1338466554880142 
0.6920922994613647 -0.2810209095478058 0.6648573279380798 -0.2303521335124969 
0 0 0 1 

0.6941250562667847 0.4980298280715942 -0.5197658538818359 0.1292330026626587 
-0.09755176305770874 0.7804611325263977 0.6175467371940613 -0.1693240851163864 
0.7132138013839722 -0.377950519323349 0.5903213620185852 -0.2084259390830994 
0 0 0 1 

0.6982928514480591 0.5125164389610291 -0.4997139871120453 0.1225593462586403 
-0.03708737716078758 0.7230743765830994 0.6897737383842468 -0.197893351316452 
0.7148507833480835 -0.4631309509277344 0.5239256024360657 -0.1886216849088669 
0 0 0 1 

0.718181312084198 0.5104609131813049 -0.4729113578796387 0.1130032241344452 
0.01724103651940823 0.6663491129875183 0.7454404830932617 -0.2207527458667755 
0.6956422924995422 -0.5435148477554321 0.4697585999965668 -0.1723762154579163 
0 0 0 1 

0.7607743740081787 0.4889114499092102 -0.4268349409103394 0.09592636674642563 
0.06273642182350159 0.5991868376731873 0.7981476783752441 -0.2421973943710327 
0.6459768414497375 -0.6339882016181946 0.4251731932163239 -0.1585605889558792 
0 0 0 1 

0.8124251961708069 0.5038624405860901 0.2934072613716125 -0.1192486211657524 
-0.570487916469574 0.5829655528068542 0.5785278677940369 -0.1459445953369141 
0.1204522401094437 -0.637395977973938 0.7610634565353394 -0.2367578744888306 
0 0 0 1 

0.7417901158332825 0.5925362110137939 0.3140830993652344 -0.1157449632883072 
-0.6680181622505188 0.6115437150001526 0.4239879548549652 -0.09190183132886887 
0.0591527596116066 -0.5243232846260071 0.8494621515274048 -0.2588322758674622 
0 0 0 1 

0.937181293964386 -0.331421971321106 0.108860157430172 -0.1089191660284996 
0.3005245923995972 0.9255108237266541 0.2304657846689224 -0.1074111610651016 
-0.1771327555179596 -0.1832730323076248 0.9669720530509949 -0.3082537055015564 
0 0 0 1 

0.9174882769584656 -0.3917743861675262 0.06876040995121002 -0.09751062095165253 
0.3552630841732025 0.8848685622215271 0.3013229668140411 -0.1358997970819473 
-0.1788946092128754 -0.2520322203636169 0.9510396122932434 -0.3045369684696198 
0 0 0 1 

0.9162943363189697 -0.3947236835956573 0.06780371814966202 -0.0971604660153389 
0.3567548096179962 0.8813590407371521 0.3097287714481354 -0.1395013779401779 
-0.1820167154073715 -0.2596133351325989 0.94840407371521 -0.3039107918739319 
0 0 0 1 

