0.4004169702529907 0.1414763629436493 -0.9053455591201782 0.3594125807285309 
-0.08525358885526657 0.9894757270812988 0.1169171705842018 -0.006072572898119688 
0.9123584628105164 0.03036836162209511 0.4082642197608948 -0.1278035789728165 
0 0 0 1 

0.4154833853244781 0.1492108851671219 -0.897278904914856 0.3567642569541931 
-0.1062714010477066 0.9876608848571777 0.1150319650769234 -0.004004853777587414 
0.903371274471283 0.04756126552820206 0.4262135326862335 -0.1247357651591301 
0 0 0 1 

0.4375514388084412 0.1461720764636993 -0.8872328996658325 0.3534417748451233 
-0.1270677447319031 0.9868485331535339 0.09991855919361115 0.003953715320676565 
0.8901697993278503 0.06901921331882477 0.4503707587718964 -0.123736783862114 
0 0 0 1 

0.4305716454982758 0.1522360593080521 -0.8896246552467346 0.3556690216064453 
-0.1556807309389114 0.9834255576133728 0.09293932467699051 0.009443084709346294 
0.8890283107757568 0.09848041832447052 0.4471354186534882 -0.113596498966217 
0 0 0 1 

0.4361980557441711 0.1606702506542206 -0.8853904008865356 0.3567316830158234 
-0.1574263274669647 0.9823817014694214 0.1007131338119507 0.01011014264076948 
0.8859729170799255 0.09545291215181351 0.4538066983222961 -0.110859289765358 
0 0 0 1 

0.4430771470069885 0.1799927353858948 -0.8782283663749695 0.3581219613552094 
-0.1835246086120605 0.9771011471748352 0.1076662391424179 0.01051273569464684 
0.877497136592865 0.1134720966219902 0.465964287519455 -0.1100206673145294 
0 0 0 1 

0.4414222538471222 0.2041991055011749 -0.8737556338310242 0.3650109767913818 
-0.2234087884426117 0.9681078195571899 0.1133831292390823 0.012566770426929 
0.8690424561500549 0.1451548933982849 0.4729641973972321 -0.09996458142995834 
0 0 0 1 

0.452788770198822 0.2136264443397522 -0.8656477928161621 0.367803543806076 
-0.2391020655632019 0.9644047021865845 0.1129323467612267 0.01500601414591074 
0.8589601516723633 0.1558436900377274 0.4877501428127289 -0.09823958575725555 
0 0 0 1 

0.4857326149940491 0.2226660698652267 -0.8452711701393127 0.3666535317897797 
-0.2649416923522949 0.9590250253677368 0.1003837734460831 0.02062339708209038 
0.8329882621765137 0.1751879751682281 0.5248232483863831 -0.1050389409065247 
0 0 0 1 

0.4273318946361542 0.2276439666748047 -0.874966025352478 0.3794069886207581 
-0.2765407562255859 0.954308807849884 0.1132249310612679 0.01585573516786098 
0.8607627749443054 0.1935791671276093 0.4707594811916351 -0.07379672676324844 
0 0 0 1 

