0.9161746501922607 0.400612860918045 -0.01154288090765476 -0.02943095006048679 
-0.3297125399112701 0.7697786688804626 0.5465620756149292 -0.1505206674337387 
0.2278454005718231 -0.4969404637813568 0.8373388648033142 -0.2310858964920044 
0 0 0 1 

0.908848762512207 0.4168924689292908 0.01394695788621902 -0.03794071078300476 
-0.3321605324745178 0.7030938863754272 0.6287512183189392 -0.1750028729438782 
0.2523157894611359 -0.5760723948478699 0.7774813175201416 -0.2165039032697678 
0 0 0 1 

0.9163716435432434 0.3986960649490356 0.03611741587519646 -0.04658162593841553 
-0.2986736297607422 0.6208162903785706 0.724831759929657 -0.2053725868463516 
0.266565352678299 -0.6750025153160095 0.6879784464836121 -0.1917975097894669 
0 0 0 1 

0.922311544418335 0.3826610147953033 0.05396213009953499 -0.05345886573195457 
-0.2729186117649078 0.5461171269416809 0.7920046448707581 -0.2275990396738052 
0.2735997140407562 -0.7452022433280945 0.6081254482269287 -0.1678196936845779 
0 0 0 1 

0.9342098236083984 0.3534998595714569 0.04785269498825073 -0.05413395538926125 
-0.2227843254804611 0.4734000265598297 0.8522085547447205 -0.2484404742717743 
0.2786021828651428 -0.8068024516105652 0.5210091471672058 -0.1430567055940628 
0 0 0 1 

0.9429688453674316 0.3289313316345215 0.05112626403570175 -0.05759213864803314 
-0.1908309906721115 0.4083187580108643 0.8926697373390198 -0.2621442675590515 
0.2727512717247009 -0.8515161871910095 0.4478021264076233 -0.1226354762911797 
0 0 0 1 

0.9546688199043274 0.2939325571060181 0.04702262580394745 -0.05906595289707184 
-0.1547025740146637 0.3549633920192719 0.9219914078712463 -0.273147851228714 
0.2543120086193085 -0.8874709010124207 0.3843445777893066 -0.1032191142439842 
0 0 0 1 

0.9596016407012939 0.2729796767234802 0.06816749274730682 -0.06807976961135864 
-0.1447902917861938 0.2713687121868134 0.9515222311019897 -0.286587119102478 
0.2412477731704712 -0.9229522943496704 0.2999306619167328 -0.07416729629039764 
0 0 0 1 

0.9750723838806152 0.01777249947190285 -0.2211740612983704 0.02000278420746326 
0.2049352079629898 0.3099876642227173 0.9283906221389771 -0.3193993866443634 
0.08506103605031967 -0.9505743980407715 0.2986181676387787 -0.06989560276269913 
0 0 0 1 

0.9803903102874756 0.06277286261320114 -0.1868010610342026 0.006039263680577278 
0.1561392843723297 0.3308927714824677 0.9306610226631165 -0.3210135698318481 
0.1202316358685493 -0.9415779709815979 0.3146025538444519 -0.08175139874219894 
0 0 0 1 

