1.000000000000000000e+00 0.000000000000000000e+00 0.000000000000000000e+00 -3.619798645377159119e-02
0.000000000000000000e+00 1.000000000000000000e+00 0.000000000000000000e+00 -1.327119767665863037e-03
0.000000000000000000e+00 0.000000000000000000e+00 1.000000000000000000e+00 -2.960163652896881104e-01
0.000000000000000000e+00 0.000000000000000000e+00 0.000000000000000000e+00 1.000000000000000000e+00
9.903637170791625977e-01 1.380087286233901978e-01 1.153604220598936081e-02 -4.298402741551399231e-02
-1.371633261442184448e-01 9.889698028564453125e-01 -5.590322241187095642e-02 2.814479358494281769e-02
-1.912393420934677124e-02 5.378220975399017334e-02 9.983697533607482910e-01 -2.970664501190185547e-01
0.000000000000000000e+00 0.000000000000000000e+00 0.000000000000000000e+00 1.000000000000000000e+00
9.712736010551452637e-01 2.353587448596954346e-01 3.512163460254669189e-02 -5.008870363235473633e-02
-2.311108559370040894e-01 9.681354165077209473e-01 -9.644283354282379150e-02 5.142996832728385925e-02
-5.670121684670448303e-02 8.555538207292556763e-02 9.947185516357421875e-01 -2.949390411376953125e-01
0.000000000000000000e+00 0.000000000000000000e+00 0.000000000000000000e+00 1.000000000000000000e+00
9.407793283462524414e-01 3.371198773384094238e-01 3.584158793091773987e-02 -4.946802929043769836e-02
-3.294768035411834717e-01 9.340807795524597168e-01 -1.376150101423263550e-01 7.303761690855026245e-02
-7.987175881862640381e-02 1.176563650369644165e-01 9.898372292518615723e-01 -2.920137047767639160e-01
0.000000000000000000e+00 0.000000000000000000e+00 0.000000000000000000e+00 1.000000000000000000e+00
8.942782282829284668e-01 4.472463428974151611e-01 1.538325566798448563e-02 -3.774137049913406372e-02
-4.390127658843994141e-01 8.834452033042907715e-01 -1.636835783720016479e-01 8.774936199188232422e-02
-8.679718524217605591e-02 1.396252363920211792e-01 9.863929152488708496e-01 -2.906040549278259277e-01
0.000000000000000000e+00 0.000000000000000000e+00 0.000000000000000000e+00 1.000000000000000000e+00
8.309810757637023926e-01 5.562862753868103027e-01 -3.977966029196977615e-03 -2.567753940820693970e-02
-5.469356775283813477e-01 8.156644701957702637e-01 -1.885526478290557861e-01 1.019748672842979431e-01
-1.016446202993392944e-01 1.588593274354934692e-01 9.820550084114074707e-01 -2.893137037754058838e-01
0.000000000000000000e+00 0.000000000000000000e+00 0.000000000000000000e+00 1.000000000000000000e+00
7.529595494270324707e-01 6.572773456573486328e-01 -3.221862763166427612e-02 -9.992781095206737518e-03
-6.522210240364074707e-01 7.388650774955749512e-01 -1.693695038557052612e-01 1.000575199723243713e-01
-8.751762658357620239e-02 1.485420763492584229e-01 9.850259423255920410e-01 -2.926695346832275391e-01
0.000000000000000000e+00 0.000000000000000000e+00 0.000000000000000000e+00 1.000000000000000000e+00
6.949226856231689453e-01 7.154526114463806152e-01 -7.218043506145477295e-02 6.025607697665691376e-03
-7.183825969696044922e-01 6.863039135932922363e-01 -1.136365979909896851e-01 8.214639872312545776e-02
-3.176391497254371643e-02 1.308218240737915039e-01 9.908968806266784668e-01 -2.995673120021820068e-01
0.000000000000000000e+00 0.000000000000000000e+00 0.000000000000000000e+00 1.000000000000000000e+00
5.885440707206726074e-01 8.076268434524536133e-01 -3.679689764976501465e-02 -1.579649746417999268e-03
-8.076316118240356445e-01 5.852623581886291504e-01 -7.210174202919006348e-02 6.894704699516296387e-02
-3.669548779726028442e-02 7.215340435504913330e-02 9.967183470726013184e-01 -3.070945441722869873e-01
0.000000000000000000e+00 0.000000000000000000e+00 0.000000000000000000e+00 1.000000000000000000e+00
5.007143020629882812e-01 8.645830154418945312e-01 -4.220595955848693848e-02 5.159892141819000244e-03
-8.651952743530273438e-01 4.983636438846588135e-01 -5.541301891207695007e-02 6.392846256494522095e-02
-2.687523700296878815e-02 6.426248699426651001e-02 9.975712299346923828e-01 -3.107166886329650879e-01
0.000000000000000000e+00 0.000000000000000000e+00 0.000000000000000000e+00 1.000000000000000000e+00
4.043474793434143066e-01 9.127155542373657227e-01 -5.876546353101730347e-02 1.509439945220947266e-02
-9.143610000610351562e-01 4.048895835876464844e-01 -2.901396481320261955e-03 4.525036737322807312e-02
2.114536985754966736e-02 5.490600690245628357e-02 9.982675313949584961e-01 -3.151433467864990234e-01
0.000000000000000000e+00 0.000000000000000000e+00 0.000000000000000000e+00 1.000000000000000000e+00
2.930845022201538086e-01 9.545849561691284180e-01 -5.356699228286743164e-02 1.830678060650825500e-02
-9.550232887268066406e-01 2.949402332305908203e-01 3.067062981426715851e-02 3.229678794741630554e-02
4.507675394415855408e-02 4.216863960027694702e-02 9.980928897857666016e-01 -3.176380097866058350e-01
0.000000000000000000e+00 0.000000000000000000e+00 0.000000000000000000e+00 1.000000000000000000e+00
1.743820458650588989e-01 9.816017746925354004e-01 -7.777245342731475830e-02 3.151263669133186340e-02
-9.825513958930969238e-01 1.786499917507171631e-01 5.173837766051292419e-02 2.427301555871963501e-02
6.468054652214050293e-02 6.739319115877151489e-02 9.956278204917907715e-01 -3.179972171783447266e-01
0.000000000000000000e+00 0.000000000000000000e+00 0.000000000000000000e+00 1.000000000000000000e+00
9.662057459354400635e-02 9.913131594657897949e-01 -8.922909945249557495e-02 3.823209181427955627e-02
-9.905220866203308105e-01 1.045604422688484192e-01 8.906703442335128784e-02 1.055673602968454361e-02
9.762321412563323975e-02 7.977767288684844971e-02 9.920208454132080078e-01 -3.174687922000885010e-01
0.000000000000000000e+00 0.000000000000000000e+00 0.000000000000000000e+00 1.000000000000000000e+00
9.725752286612987518e-03 9.960391521453857422e-01 -8.838015049695968628e-02 4.304923862218856812e-02
-9.974055290222167969e-01 1.596760004758834839e-02 7.019498199224472046e-02 1.849902421236038208e-02
7.132817804813385010e-02 8.746820688247680664e-02 9.936105608940124512e-01 -3.116326034069061279e-01
0.000000000000000000e+00 0.000000000000000000e+00 0.000000000000000000e+00 1.000000000000000000e+00
-9.054216742515563965e-02 8.985964059829711914e-01 -4.293324947357177734e-01 1.615382134914398193e-01
-9.900498390197753906e-01 -3.458721935749053955e-02 1.364010572433471680e-01 -3.153662895783782005e-03
1.077200248837471008e-01 4.374106526374816895e-01 8.927866816520690918e-01 -2.731492221355438232e-01
0.000000000000000000e+00 0.000000000000000000e+00 0.000000000000000000e+00 1.000000000000000000e+00
-1.655292212963104248e-01 8.725004792213439941e-01 -4.597202539443969727e-01 1.733051985502243042e-01
-9.768393039703369141e-01 -8.096447587013244629e-02 1.980636268854141235e-01 -2.516769804060459137e-02
1.355895698070526123e-01 4.818583130836486816e-01 8.656951785087585449e-01 -2.649876475334167480e-01
0.000000000000000000e+00 0.000000000000000000e+00 0.000000000000000000e+00 1.000000000000000000e+00
-1.356832385063171387e-01 8.124282360076904297e-01 -5.670540928840637207e-01 2.009523808956146240e-01
-9.906949400901794434e-01 -1.174254566431045532e-01 6.881345063447952271e-02 1.702994294464588165e-02
-1.068062614649534225e-02 5.711144208908081055e-01 8.208007216453552246e-01 -2.437395155429840088e-01
0.000000000000000000e+00 0.000000000000000000e+00 0.000000000000000000e+00 1.000000000000000000e+00
-9.048522263765335083e-02 7.384055852890014648e-01 -6.682584285736083984e-01 2.230762392282485962e-01
-9.941903948783874512e-01 -2.769883163273334503e-02 1.040114983916282654e-01 9.033687412738800049e-03
5.829267203807830811e-02 6.737877130508422852e-01 7.366222143173217773e-01 -2.266701608896255493e-01
0.000000000000000000e+00 0.000000000000000000e+00 0.000000000000000000e+00 1.000000000000000000e+00
-5.905686318874359131e-02 5.646290183067321777e-01 -8.232293128967285156e-01 2.679439783096313477e-01
-9.852070212364196777e-01 9.993112832307815552e-02 1.392165869474411011e-01 -2.189629012718796730e-03
1.608719825744628906e-01 8.192729949951171875e-01 5.503747463226318359e-01 -1.684960424900054932e-01
0.000000000000000000e+00 0.000000000000000000e+00 0.000000000000000000e+00 1.000000000000000000e+00
-1.225695982575416565e-01 4.307087361812591553e-01 -8.941289782524108887e-01 2.887686192989349365e-01
-9.852951765060424805e-01 5.525000020861625671e-02 1.616813689470291138e-01 -1.308589056134223938e-02
1.190380826592445374e-01 9.007981419563293457e-01 4.176033735275268555e-01 -1.216566786170005798e-01
0.000000000000000000e+00 0.000000000000000000e+00 0.000000000000000000e+00 1.000000000000000000e+00
-1.915878355503082275e-01 3.260460197925567627e-01 -9.257363677024841309e-01 3.001210093498229980e-01
-9.745038151741027832e-01 4.902764782309532166e-02 2.189482748508453369e-01 -3.181274235248565674e-02
1.167738586664199829e-01 9.440813660621643066e-01 3.083400130271911621e-01 -8.746910840272903442e-02
0.000000000000000000e+00 0.000000000000000000e+00 0.000000000000000000e+00 1.000000000000000000e+00
-2.734614312648773193e-01 2.001987993717193604e-01 -9.408181905746459961e-01 3.080778717994689941e-01
-9.590670466423034668e-01 1.803391985595226288e-02 2.826032936573028564e-01 -5.260938405990600586e-02
7.354345917701721191e-02 9.795894026756286621e-01 1.870727241039276123e-01 -4.676852747797966003e-02
0.000000000000000000e+00 0.000000000000000000e+00 0.000000000000000000e+00 1.000000000000000000e+00
-1.683524250984191895e-01 -8.481137156486511230e-01 -5.023551583290100098e-01 1.623880416154861450e-01
-9.522466063499450684e-01 8.235849440097808838e-03 3.052186667919158936e-01 -5.768807232379913330e-02
-2.547226846218109131e-01 5.297504067420959473e-01 -8.089997172355651855e-01 2.838782370090484619e-01
0.000000000000000000e+00 0.000000000000000000e+00 0.000000000000000000e+00 1.000000000000000000e+00
-1.744822114706039429e-01 -8.621760606765747070e-01 -4.756146371364593506e-01 1.533054113388061523e-01
-9.698982238769531250e-01 6.716082990169525146e-02 2.340663224458694458e-01 -3.585790842771530151e-02
-1.698635667562484741e-01 5.021381974220275879e-01 -8.479408025741577148e-01 2.913379073143005371e-01
0.000000000000000000e+00 0.000000000000000000e+00 0.000000000000000000e+00 1.000000000000000000e+00
-8.796735852956771851e-02 -8.615043163299560547e-01 -5.000714659690856934e-01 1.537819355726242065e-01
-9.908744692802429199e-01 2.421198599040508270e-02 1.325938552618026733e-01 -1.179923187009990215e-03
-1.021225377917289734e-01 5.071721076965332031e-01 -8.557723760604858398e-01 2.893792986869812012e-01
0.000000000000000000e+00 0.000000000000000000e+00 0.000000000000000000e+00 1.000000000000000000e+00
2.045359648764133453e-02 -8.608739376068115234e-01 -5.084063410758972168e-01 1.471076756715774536e-01
-9.995455145835876465e-01 -2.886861935257911682e-02 8.670650422573089600e-03 4.101248085498809814e-02
-2.214141003787517548e-02 5.079980492591857910e-01 -8.610733747482299805e-01 2.855117321014404297e-01
0.000000000000000000e+00 0.000000000000000000e+00 0.000000000000000000e+00 1.000000000000000000e+00
4.867951571941375732e-02 -8.598410487174987793e-01 -5.082352757453918457e-01 1.441356837749481201e-01
-9.937710165977478027e-01 9.373751468956470490e-03 -1.110435426235198975e-01 7.952594012022018433e-02
1.002439185976982117e-01 5.104751586914062500e-01 -8.540293574333190918e-01 2.752169370651245117e-01
0.000000000000000000e+00 0.000000000000000000e+00 0.000000000000000000e+00 1.000000000000000000e+00
2.599430829286575317e-02 -8.682289719581604004e-01 -4.954823255538940430e-01 1.439826786518096924e-01
-9.803799986839294434e-01 7.473880797624588013e-02 -1.823975741863250732e-01 9.389888495206832886e-02
1.953947395086288452e-01 4.905021786689758301e-01 -8.492517471313476562e-01 2.700601220130920410e-01
0.000000000000000000e+00 0.000000000000000000e+00 0.000000000000000000e+00 1.000000000000000000e+00
-4.531048238277435303e-02 -8.662405014038085938e-01 -4.975672364234924316e-01 1.523311585187911987e-01
-9.935477375984191895e-01 9.091683477163314819e-02 -6.780494749546051025e-02 5.744460970163345337e-02
1.039726138114929199e-01 4.912848472595214844e-01 -8.647711277008056641e-01 2.902882695198059082e-01
0.000000000000000000e+00 0.000000000000000000e+00 0.000000000000000000e+00 1.000000000000000000e+00
-5.064333602786064148e-02 -8.594748973846435547e-01 -5.086636543273925781e-01 1.544647365808486938e-01
-9.936753511428833008e-01 -7.749731186777353287e-03 1.120269522070884705e-01 3.315146313980221748e-04
-1.002264171838760376e-01 5.111193656921386719e-01 -8.536458015441894531e-01 3.050329983234405518e-01
0.000000000000000000e+00 0.000000000000000000e+00 0.000000000000000000e+00 1.000000000000000000e+00
1.241198331117630005e-01 -8.420375585556030273e-01 -5.249447226524353027e-01 1.463743746280670166e-01
-9.871374964714050293e-01 -1.585077345371246338e-01 2.085198275744915009e-02 2.897445671260356903e-02
-1.007659733295440674e-01 5.156044960021972656e-01 -8.508808016777038574e-01 3.064171373844146729e-01
0.000000000000000000e+00 0.000000000000000000e+00 0.000000000000000000e+00 1.000000000000000000e+00
2.156628966331481934e-01 -7.873774170875549316e-01 -5.775172710418701172e-01 1.493605673313140869e-01
-9.491819143295288086e-01 -3.078783154487609863e-01 6.530226022005081177e-02 1.403598673641681671e-02
-2.292226105928421021e-01 5.340858101844787598e-01 -8.137624263763427734e-01 3.005020320415496826e-01
0.000000000000000000e+00 0.000000000000000000e+00 0.000000000000000000e+00 1.000000000000000000e+00
3.313664793968200684e-01 -7.261033058166503906e-01 -6.024702787399291992e-01 1.415190845727920532e-01
-9.133688807487487793e-01 -4.069598317146301270e-01 -1.189293060451745987e-02 3.681313619017601013e-02
-2.365456074476242065e-01 5.542184710502624512e-01 -7.980529665946960449e-01 2.899852991104125977e-01
0.000000000000000000e+00 0.000000000000000000e+00 0.000000000000000000e+00 1.000000000000000000e+00
3.528244197368621826e-01 -7.212521433830261230e-01 -5.960789918899536133e-01 1.370040029287338257e-01
-9.235958456993103027e-01 -3.705422282218933105e-01 -9.833040833473205566e-02 6.542603671550750732e-02
-1.499515175819396973e-01 5.852294564247131348e-01 -7.968819141387939453e-01 2.810994982719421387e-01
0.000000000000000000e+00 0.000000000000000000e+00 0.000000000000000000e+00 1.000000000000000000e+00
3.665854036808013916e-01 -7.138035893440246582e-01 -5.967407822608947754e-01 1.364685893058776855e-01
-9.279153943061828613e-01 -3.271991312503814697e-01 -1.786441802978515625e-01 9.123302251100540161e-02
-6.773623824119567871e-02 6.192132830619812012e-01 -7.822957634925842285e-01 2.697613239288330078e-01
0.000000000000000000e+00 0.000000000000000000e+00 0.000000000000000000e+00 1.000000000000000000e+00
5.308337807655334473e-01 -6.024132966995239258e-01 -5.960818529129028320e-01 1.311585009098052979e-01
-8.441166877746582031e-01 -4.384005665779113770e-01 -3.086609542369842529e-01 1.264653056859970093e-01
-7.538122683763504028e-02 6.670103073120117188e-01 -7.412249445915222168e-01 2.561764717102050781e-01
0.000000000000000000e+00 0.000000000000000000e+00 0.000000000000000000e+00 1.000000000000000000e+00
6.751278638839721680e-01 -4.090605378150939941e-01 -6.138988137245178223e-01 1.324355006217956543e-01
-7.157129645347595215e-01 -5.648658275604248047e-01 -4.107081294059753418e-01 1.557739228010177612e-01
-1.787660866975784302e-01 7.166558504104614258e-01 -6.741266250610351562e-01 2.504850924015045166e-01
0.000000000000000000e+00 0.000000000000000000e+00 0.000000000000000000e+00 1.000000000000000000e+00
6.985888481140136719e-01 -3.253440260887145996e-01 -6.372792720794677734e-01 1.365244090557098389e-01
-6.523086428642272949e-01 -6.556030511856079102e-01 -3.803651928901672363e-01 1.448590308427810669e-01
-2.940528094768524170e-01 6.814216971397399902e-01 -6.702216863632202148e-01 2.600964307785034180e-01
0.000000000000000000e+00 0.000000000000000000e+00 0.000000000000000000e+00 1.000000000000000000e+00
7.470650076866149902e-01 -2.436203062534332275e-01 -6.185004711151123047e-01 1.348583251237869263e-01
-5.725275874137878418e-01 -7.086020112037658691e-01 -4.124253690242767334e-01 1.468385756015777588e-01
-3.377956449985504150e-01 6.622171998023986816e-01 -6.688509583473205566e-01 2.588381767272949219e-01
0.000000000000000000e+00 0.000000000000000000e+00 0.000000000000000000e+00 1.000000000000000000e+00
7.366892695426940918e-01 -2.383634299039840698e-01 -6.328283548355102539e-01 1.466104984283447266e-01
-5.449950695037841797e-01 -7.632933259010314941e-01 -3.469358086585998535e-01 1.187222450971603394e-01
-4.003364145755767822e-01 6.004722118377685547e-01 -6.922166943550109863e-01 2.698854207992553711e-01
0.000000000000000000e+00 0.000000000000000000e+00 0.000000000000000000e+00 1.000000000000000000e+00
7.230846285820007324e-01 -3.367139399051666260e-01 -6.031354069709777832e-01 1.455759704113006592e-01
-5.934342145919799805e-01 -7.496874332427978516e-01 -2.929243147373199463e-01 9.840466082096099854e-02
-3.535312414169311523e-01 5.697302818298339844e-01 -7.419050335884094238e-01 2.828710377216339111e-01
0.000000000000000000e+00 0.000000000000000000e+00 0.000000000000000000e+00 1.000000000000000000e+00
8.061957955360412598e-01 -1.687807440757751465e-01 -5.670638084411621094e-01 1.382660567760467529e-01
-5.299416780471801758e-01 -6.321740746498107910e-01 -5.652590394020080566e-01 1.841654479503631592e-01
-2.630781829357147217e-01 7.562201619148254395e-01 -5.990998148918151855e-01 2.429355233907699585e-01
0.000000000000000000e+00 0.000000000000000000e+00 0.000000000000000000e+00 1.000000000000000000e+00
8.429026007652282715e-01 -9.335920959711074829e-02 -5.299049019813537598e-01 1.251569092273712158e-01
-4.808348417282104492e-01 -5.726817846298217773e-01 -6.639527082443237305e-01 2.165877521038055420e-01
-2.414808720350265503e-01 8.144441843032836914e-01 -5.276052951812744141e-01 2.184452712535858154e-01
0.000000000000000000e+00 0.000000000000000000e+00 0.000000000000000000e+00 1.000000000000000000e+00
8.744129538536071777e-01 -3.432115912437438965e-02 -4.839671552181243896e-01 1.090583428740501404e-01
-4.341817498207092285e-01 -5.005351305007934570e-01 -7.489665150642395020e-01 2.450100481510162354e-01
-2.165371775627136230e-01 8.650355935096740723e-01 -4.525760412216186523e-01 1.926468908786773682e-01
0.000000000000000000e+00 0.000000000000000000e+00 0.000000000000000000e+00 1.000000000000000000e+00
9.034925699234008789e-01 5.903404206037521362e-02 -4.245185852050781250e-01 8.881393820047378540e-02
-3.660377562046051025e-01 -4.089975059032440186e-01 -8.359048962593078613e-01 2.735579907894134521e-01
-2.229739427566528320e-01 9.106237888336181641e-01 -3.479174971580505371e-01 1.579499840736389160e-01
0.000000000000000000e+00 0.000000000000000000e+00 0.000000000000000000e+00 1.000000000000000000e+00
9.538779258728027344e-01 -2.393607795238494873e-01 -1.811718642711639404e-01 3.786330111324787140e-03
-2.490514516830444336e-01 -2.940516769886016846e-01 -9.227713942527770996e-01 2.963159680366516113e-01
1.676014065742492676e-01 9.253324270248413086e-01 -3.401025533676147461e-01 1.312801837921142578e-01
0.000000000000000000e+00 0.000000000000000000e+00 0.000000000000000000e+00 1.000000000000000000e+00
9.738333821296691895e-01 -1.668949574232101440e-01 -1.542545706033706665e-01 -4.544402938336133957e-03
-1.893924325704574585e-01 -2.208200097084045410e-01 -9.567491412162780762e-01 3.043870031833648682e-01
1.256141215562820435e-01 9.609288573265075684e-01 -2.466505616903305054e-01 1.012758985161781311e-01
0.000000000000000000e+00 0.000000000000000000e+00 0.000000000000000000e+00 1.000000000000000000e+00
9.811903238296508789e-01 -1.369267404079437256e-01 -1.360757052898406982e-01 -1.049730274826288223e-02
-1.516148149967193604e-01 -1.102785617113113403e-01 -9.822685122489929199e-01 3.104927837848663330e-01
1.194925904273986816e-01 9.844234585762023926e-01 -1.289643794298171997e-01 6.119732931256294250e-02
0.000000000000000000e+00 0.000000000000000000e+00 0.000000000000000000e+00 1.000000000000000000e+00
9.795325398445129395e-01 -1.510605812072753906e-01 -1.330292820930480957e-01 -1.247740909457206726e-02
-1.422268897294998169e-01 -5.176136642694473267e-02 -9.884798526763916016e-01 3.107382655143737793e-01
1.424345523118972778e-01 9.871684908866882324e-01 -7.218685001134872437e-02 4.001334309577941895e-02
0.000000000000000000e+00 0.000000000000000000e+00 0.000000000000000000e+00 1.000000000000000000e+00
9.946009516716003418e-01 -1.737822964787483215e-02 -1.023095548152923584e-01 -2.160798013210296631e-02
-1.016437336802482605e-01 3.564199060201644897e-02 -9.941821694374084473e-01 3.093457520008087158e-01
2.092364430427551270e-02 9.992135167121887207e-01 3.368316218256950378e-02 8.493294939398765564e-03
0.000000000000000000e+00 0.000000000000000000e+00 0.000000000000000000e+00 1.000000000000000000e+00
9.084218144416809082e-01 -4.048378467559814453e-01 -1.042886301875114441e-01 -1.894336380064487457e-02
-5.797121673822402954e-02 1.250642240047454834e-01 -9.904536604881286621e-01 3.035180270671844482e-01
4.140158891677856445e-01 9.057953357696533203e-01 9.014211595058441162e-02 -3.523593395948410034e-02
0.000000000000000000e+00 0.000000000000000000e+00 0.000000000000000000e+00 1.000000000000000000e+00
9.775289297103881836e-01 -1.005452424287796021e-01 -1.852770745754241943e-01 -5.784895256510935724e-05
-1.670977771282196045e-01 1.662341356277465820e-01 -9.718253612518310547e-01 3.059578835964202881e-01
1.285117864608764648e-01 9.809467792510986328e-01 1.456977576017379761e-01 -2.713963761925697327e-02
0.000000000000000000e+00 0.000000000000000000e+00 0.000000000000000000e+00 1.000000000000000000e+00
9.571793079376220703e-01 1.813980489969253540e-01 -2.256163209676742554e-01 1.733397319912910461e-02
-2.575573623180389404e-01 1.777552813291549683e-01 -9.497720599174499512e-01 3.084142506122589111e-01
-1.321823894977569580e-01 9.672112464904785156e-01 2.168640941381454468e-01 -3.091867268085479736e-02
0.000000000000000000e+00 0.000000000000000000e+00 0.000000000000000000e+00 1.000000000000000000e+00
5.558567047119140625e-01 8.311978578567504883e-01 -1.153621636331081390e-02 -6.596413906663656235e-03
-3.755674660205841064e-01 2.387286275625228882e-01 -8.955208659172058105e-01 3.073854744434356689e-01
-7.416011095046997070e-01 5.021140575408935547e-01 4.448697865009307861e-01 -7.320521771907806396e-02
0.000000000000000000e+00 0.000000000000000000e+00 0.000000000000000000e+00 1.000000000000000000e+00
9.140205383300781250e-01 2.723025977611541748e-01 -3.006950318813323975e-01 4.733395576477050781e-02
-3.842338621616363525e-01 3.433652520179748535e-01 -8.570088744163513184e-01 3.005250394344329834e-01
-1.301176249980926514e-01 8.988610506057739258e-01 4.184708595275878906e-01 -9.036333858966827393e-02
0.000000000000000000e+00 0.000000000000000000e+00 0.000000000000000000e+00 1.000000000000000000e+00
8.845770955085754395e-01 1.794598996639251709e-01 -4.304852783679962158e-01 8.796131610870361328e-02
-4.647958874702453613e-01 4.155475497245788574e-01 -7.818470597267150879e-01 2.874299585819244385e-01
3.857678547501564026e-02 8.916916251182556152e-01 4.509960114955902100e-01 -1.136791929602622986e-01
0.000000000000000000e+00 0.000000000000000000e+00 0.000000000000000000e+00 1.000000000000000000e+00
8.743025064468383789e-01 1.706036478281021118e-01 -4.544113874435424805e-01 9.633285552263259888e-02
-4.739349484443664551e-01 5.021727681159973145e-01 -7.233310341835021973e-01 2.699725031852722168e-01
1.047900244593620300e-01 8.477717041969299316e-01 5.199061036109924316e-01 -1.420128643512725830e-01
0.000000000000000000e+00 0.000000000000000000e+00 0.000000000000000000e+00 1.000000000000000000e+00
8.615375161170959473e-01 1.470829546451568604e-01 -4.859214425086975098e-01 1.065957397222518921e-01
-4.732252061367034912e-01 5.792989134788513184e-01 -6.636797785758972168e-01 2.535822689533233643e-01
1.838776916265487671e-01 8.017351627349853516e-01 5.686909556388854980e-01 -1.600928753614425659e-01
0.000000000000000000e+00 0.000000000000000000e+00 0.000000000000000000e+00 1.000000000000000000e+00
8.433316946029663086e-01 1.061726957559585571e-01 -5.268008112907409668e-01 1.169005036354064941e-01
-4.478623270988464355e-01 6.806381344795227051e-01 -5.797851085662841797e-01 2.284628301858901978e-01
2.970033288002014160e-01 7.248853445053100586e-01 6.215544342994689941e-01 -1.834277361631393433e-01
0.000000000000000000e+00 0.000000000000000000e+00 0.000000000000000000e+00 1.000000000000000000e+00
8.292617797851562500e-01 1.193961501121520996e-01 -5.459572672843933105e-01 1.247786581516265869e-01
-4.449238181114196777e-01 7.322044372558593750e-01 -5.156733393669128418e-01 2.094561010599136353e-01
3.381828665733337402e-01 6.705376505851745605e-01 6.603115797042846680e-01 -1.998839229345321655e-01
0.000000000000000000e+00 0.000000000000000000e+00 0.000000000000000000e+00 1.000000000000000000e+00
7.987874150276184082e-01 1.549387425184249878e-01 -5.813193321228027344e-01 1.393993794918060303e-01
-4.521483480930328369e-01 7.920230031013488770e-01 -4.101964831352233887e-01 1.784297525882720947e-01
3.968628942966461182e-01 5.905026793479919434e-01 7.027134895324707031e-01 -2.189460545778274536e-01
0.000000000000000000e+00 0.000000000000000000e+00 0.000000000000000000e+00 1.000000000000000000e+00
7.695459723472595215e-01 2.157451957464218140e-01 -6.010432839393615723e-01 1.498756557703018188e-01
-4.613267779350280762e-01 8.386232852935791016e-01 -2.896350324153900146e-01 1.422518342733383179e-01
4.415613114833831787e-01 5.001647472381591797e-01 7.448880672454833984e-01 -2.375968694686889648e-01
0.000000000000000000e+00 0.000000000000000000e+00 0.000000000000000000e+00 1.000000000000000000e+00
7.421856522560119629e-01 2.814786136150360107e-01 -6.082186102867126465e-01 1.562232077121734619e-01
-4.640948474407196045e-01 8.705801367759704590e-01 -1.634193956851959229e-01 1.035667210817337036e-01
4.835041165351867676e-01 4.035588502883911133e-01 7.767651081085205078e-01 -2.531180381774902344e-01
0.000000000000000000e+00 0.000000000000000000e+00 0.000000000000000000e+00 1.000000000000000000e+00
7.222585082054138184e-01 3.563199043273925781e-01 -5.927719473838806152e-01 1.543515473604202271e-01
-4.393652081489562988e-01 8.982964158058166504e-01 4.632248077541589737e-03 5.106117948889732361e-02
5.341356396675109863e-01 2.570976912975311279e-01 8.053569793701171875e-01 -2.680520713329315186e-01
0.000000000000000000e+00 0.000000000000000000e+00 0.000000000000000000e+00 1.000000000000000000e+00
7.111294865608215332e-01 3.996011912822723389e-01 -5.784579515457153320e-01 1.490717828273773193e-01
-3.736669719219207764e-01 9.117615222930908203e-01 1.704801619052886963e-01 -6.647302769124507904e-03
5.955399274826049805e-01 9.491728246212005615e-02 7.976983785629272461e-01 -2.668757140636444092e-01
0.000000000000000000e+00 0.000000000000000000e+00 0.000000000000000000e+00 1.000000000000000000e+00
7.116984128952026367e-01 4.205627143383026123e-01 -5.626834034919738770e-01 1.426757276058197021e-01
-3.004744648933410645e-01 9.062660932540893555e-01 2.973154485225677490e-01 -5.251858010888099670e-02
6.349806785583496094e-01 -4.252684488892555237e-02 7.713566422462463379e-01 -2.607600092887878418e-01
0.000000000000000000e+00 0.000000000000000000e+00 0.000000000000000000e+00 1.000000000000000000e+00
6.992454528808593750e-01 4.492373764514923096e-01 -5.560946464538574219e-01 1.404024362564086914e-01
-2.384017109870910645e-01 8.798912167549133301e-01 4.110427796840667725e-01 -9.194324165582656860e-02
6.739584207534790039e-01 -1.548459082841873169e-01 7.223589420318603516e-01 -2.473336011171340942e-01
0.000000000000000000e+00 0.000000000000000000e+00 0.000000000000000000e+00 1.000000000000000000e+00
6.935391426086425781e-01 4.759519398212432861e-01 -5.408079624176025391e-01 1.356777250766754150e-01
-1.605637818574905396e-01 8.339233994483947754e-01 5.280067324638366699e-01 -1.351862400770187378e-01
7.022982239723205566e-01 -2.793590426445007324e-01 6.547792553901672363e-01 -2.278528660535812378e-01
0.000000000000000000e+00 0.000000000000000000e+00 0.000000000000000000e+00 1.000000000000000000e+00
6.798802614212036133e-01 5.053957700729370117e-01 -5.313544869422912598e-01 1.335065513849258423e-01
-9.320029616355895996e-02 7.782600522041320801e-01 6.209869980812072754e-01 -1.703219413757324219e-01
7.273761630058288574e-01 -3.726743161678314209e-01 5.762265324592590332e-01 -2.050172686576843262e-01
0.000000000000000000e+00 0.000000000000000000e+00 0.000000000000000000e+00 1.000000000000000000e+00
6.981748342514038086e-01 5.131828188896179199e-01 -4.991942644119262695e-01 1.223575323820114136e-01
-3.173550963401794434e-02 7.187688350677490234e-01 6.945243477821350098e-01 -1.994499415159225464e-01
7.152232527732849121e-01 -4.690573215484619141e-01 5.181124210357666016e-01 -1.870826184749603271e-01
0.000000000000000000e+00 0.000000000000000000e+00 0.000000000000000000e+00 1.000000000000000000e+00
7.076828479766845703e-01 5.206848382949829102e-01 -4.775691330432891846e-01 1.149127259850502014e-01
1.985229179263114929e-02 6.610148549079895020e-01 7.501101493835449219e-01 -2.219937592744827271e-01
7.062512636184692383e-01 -5.403208732604980469e-01 4.574520289897918701e-01 -1.692829579114913940e-01
0.000000000000000000e+00 0.000000000000000000e+00 0.000000000000000000e+00 1.000000000000000000e+00
7.475728988647460938e-01 5.004109740257263184e-01 -4.367196261882781982e-01 9.926001727581024170e-02
6.505087763071060181e-02 5.992060899734497070e-01 7.979478240013122559e-01 -2.420069128274917603e-01
6.609864234924316406e-01 -6.249329447746276855e-01 4.153978228569030762e-01 -1.566998064517974854e-01
0.000000000000000000e+00 0.000000000000000000e+00 0.000000000000000000e+00 1.000000000000000000e+00
8.109316825866699219e-01 4.586516022682189941e-01 -3.633576333522796631e-01 7.164809852838516235e-02
1.040815412998199463e-01 4.980089366436004639e-01 8.609026670455932617e-01 -2.691684663295745850e-01
5.758099555969238281e-01 -7.359524965286254883e-01 3.561141192913055420e-01 -1.367394179105758667e-01
0.000000000000000000e+00 0.000000000000000000e+00 0.000000000000000000e+00 1.000000000000000000e+00
8.472509384155273438e-01 4.376132488250732422e-01 -3.010997772216796875e-01 5.064934119582176208e-02
1.237805113196372986e-01 3.885836303234100342e-01 9.130612015724182129e-01 -2.907396256923675537e-01
5.165699720382690430e-01 -8.108622431755065918e-01 2.750599682331085205e-01 -1.087812557816505432e-01
0.000000000000000000e+00 0.000000000000000000e+00 0.000000000000000000e+00 1.000000000000000000e+00
8.876811861991882324e-01 3.709252476692199707e-01 -2.728299498558044434e-01 3.849662840366363525e-02
1.616477817296981812e-01 3.037725985050201416e-01 9.389312863349914551e-01 -3.031927347183227539e-01
4.311516880989074707e-01 -8.775739669799804688e-01 2.096938937902450562e-01 -8.504177629947662354e-02
0.000000000000000000e+00 0.000000000000000000e+00 0.000000000000000000e+00 1.000000000000000000e+00
9.163525700569152832e-01 3.088005781173706055e-01 -2.548341453075408936e-01 3.003773279488086700e-02
1.974360793828964233e-01 2.051911503076553345e-01 9.586007595062255859e-01 -3.138576149940490723e-01
3.483061790466308594e-01 -9.287294745445251465e-01 1.270591020584106445e-01 -5.599496513605117798e-02
0.000000000000000000e+00 0.000000000000000000e+00 0.000000000000000000e+00 1.000000000000000000e+00
9.781491756439208984e-01 -1.288546947762370110e-03 -2.079007625579833984e-01 9.270314127206802368e-03
2.067267149686813354e-01 1.123290657997131348e-01 9.719292521476745605e-01 -3.209890425205230713e-01
2.210089750587940216e-02 -9.936700463294982910e-01 1.101409494876861572e-01 -3.157659620046615601e-02
0.000000000000000000e+00 0.000000000000000000e+00 0.000000000000000000e+00 1.000000000000000000e+00
9.819700121879577637e-01 1.342750620096921921e-02 -1.885605454444885254e-01 -5.916052759857848287e-05
1.881293505430221558e-01 2.826965600252151489e-02 9.817373156547546387e-01 -3.270149528980255127e-01
1.851286180317401886e-02 -9.995103478431701660e-01 2.523386105895042419e-02 -1.731306547299027443e-03
0.000000000000000000e+00 0.000000000000000000e+00 0.000000000000000000e+00 1.000000000000000000e+00
9.844037890434265137e-01 3.320827707648277283e-02 -1.727596670389175415e-01 -4.985014442354440689e-03
1.746164560317993164e-01 -6.500791013240814209e-02 9.824881553649902344e-01 -3.310060203075408936e-01
2.139599807560443878e-02 -9.973321557044982910e-01 -6.979274749755859375e-02 3.453157469630241394e-02
0.000000000000000000e+00 0.000000000000000000e+00 0.000000000000000000e+00 1.000000000000000000e+00
9.825907349586486816e-01 4.350884631276130676e-02 -1.806174814701080322e-01 -7.105008116923272610e-04
1.844577938318252563e-01 -1.125196591019630432e-01 9.763782620429992676e-01 -3.317757844924926758e-01
2.215805836021900177e-02 -9.926964044570922852e-01 -1.185862496495246887e-01 5.564808472990989685e-02
0.000000000000000000e+00 0.000000000000000000e+00 0.000000000000000000e+00 1.000000000000000000e+00
9.784244894981384277e-01 -1.436531394720077515e-01 -1.484908461570739746e-01 -8.563252165913581848e-03
1.401252001523971558e-01 -6.675378233194351196e-02 9.878810644149780273e-01 -3.330077230930328369e-01
-1.518245637416839600e-01 -9.873741269111633301e-01 -4.518409818410873413e-02 3.963401168584823608e-02
0.000000000000000000e+00 0.000000000000000000e+00 0.000000000000000000e+00 1.000000000000000000e+00
9.540637731552124023e-01 2.899025082588195801e-01 -7.562533766031265259e-02 -3.038436174392700195e-02
5.951234698295593262e-02 6.401231139898300171e-02 9.961728453636169434e-01 -3.289873898029327393e-01
2.936339080333709717e-01 -9.549133181571960449e-01 4.381906241178512573e-02 -1.708988659083843231e-02
0.000000000000000000e+00 0.000000000000000000e+00 0.000000000000000000e+00 1.000000000000000000e+00
8.446757197380065918e-01 5.302496552467346191e-01 -7.319775968790054321e-02 -2.419256232678890228e-02
-3.827318921685218811e-02 1.962253749370574951e-01 9.798116683959960938e-01 -3.158282339572906494e-01
5.339080691337585449e-01 -8.248214721679687500e-01 1.860412657260894775e-01 -7.687079906463623047e-02
0.000000000000000000e+00 0.000000000000000000e+00 0.000000000000000000e+00 1.000000000000000000e+00
7.714076638221740723e-01 6.321377158164978027e-01 -7.301963865756988525e-02 -1.583725959062576294e-02
-1.678376793861389160e-01 3.128039836883544922e-01 9.348708987236022949e-01 -2.903765738010406494e-01
6.138083934783935547e-01 -7.089114189147949219e-01 3.473960161209106445e-01 -1.342513114213943481e-01
0.000000000000000000e+00 0.000000000000000000e+00 0.000000000000000000e+00 1.000000000000000000e+00
9.434330463409423828e-01 2.460367828607559204e-01 2.222611755132675171e-01 -1.146291792392730713e-01
-3.077515661716461182e-01 4.003497958183288574e-01 8.631393313407897949e-01 -2.556752860546112061e-01
1.233818233013153076e-01 -8.827151656150817871e-01 4.534213244915008545e-01 -1.449014693498611450e-01
0.000000000000000000e+00 0.000000000000000000e+00 0.000000000000000000e+00 1.000000000000000000e+00
8.827845454216003418e-01 3.956916332244873047e-01 2.532187402248382568e-01 -1.163600981235504150e-01
-4.388715624809265137e-01 5.023650527000427246e-01 7.449976205825805664e-01 -2.072412967681884766e-01
1.675811260938644409e-01 -7.688026428222656250e-01 6.171377301216125488e-01 -1.972538381814956665e-01
0.000000000000000000e+00 0.000000000000000000e+00 0.000000000000000000e+00 1.000000000000000000e+00
8.099046945571899414e-01 5.130698680877685547e-01 2.842775285243988037e-01 -1.161536574363708496e-01
-5.722026228904724121e-01 5.845085382461547852e-01 5.752682089805603027e-01 -1.447752714157104492e-01
1.289902329444885254e-01 -6.285768151283264160e-01 7.669763565063476562e-01 -2.389781177043914795e-01
0.000000000000000000e+00 0.000000000000000000e+00 0.000000000000000000e+00 1.000000000000000000e+00
7.386880517005920410e-01 5.937669277191162109e-01 3.190306127071380615e-01 -1.169337257742881775e-01
-6.716479659080505371e-01 6.084931492805480957e-01 4.226403832435607910e-01 -9.118711203336715698e-02
5.682215839624404907e-02 -5.264757871627807617e-01 8.482890129089355469e-01 -2.585342228412628174e-01
0.000000000000000000e+00 0.000000000000000000e+00 0.000000000000000000e+00 1.000000000000000000e+00
6.583645343780517578e-01 7.105079889297485352e-01 2.484641969203948975e-01 -8.322616666555404663e-02
-7.513225078582763672e-01 6.003688573837280273e-01 2.739913165569305420e-01 -4.139078035950660706e-02
4.550302028656005859e-02 -3.670629262924194336e-01 9.290825128555297852e-01 -2.785818576812744141e-01
0.000000000000000000e+00 0.000000000000000000e+00 0.000000000000000000e+00 1.000000000000000000e+00
6.859874725341796875e-01 6.970590353012084961e-01 2.086377143859863281e-01 -7.189147919416427612e-02
-7.276122570037841797e-01 6.576630473136901855e-01 1.950881183147430420e-01 -1.377247832715511322e-02
-1.225244952365756035e-03 -2.856353819370269775e-01 9.583375453948974609e-01 -2.821939587593078613e-01
0.000000000000000000e+00 0.000000000000000000e+00 0.000000000000000000e+00 1.000000000000000000e+00
6.896734833717346191e-01 6.946581602096557617e-01 2.044515013694763184e-01 -7.084404677152633667e-02
-7.159549593925476074e-01 6.964338421821594238e-01 4.887140169739723206e-02 3.112250007688999176e-02
-1.084380298852920532e-01 -1.800833791494369507e-01 9.776558279991149902e-01 -2.778371870517730713e-01
0.000000000000000000e+00 0.000000000000000000e+00 0.000000000000000000e+00 1.000000000000000000e+00
6.719770431518554688e-01 7.152107954025268555e-01 1.921458542346954346e-01 -6.540930271148681641e-02
-7.240393161773681641e-01 6.889940500259399414e-01 -3.246576711535453796e-02 5.374874174594879150e-02
-1.556072086095809937e-01 -1.173049062490463257e-01 9.808291792869567871e-01 -2.734884321689605713e-01
0.000000000000000000e+00 0.000000000000000000e+00 0.000000000000000000e+00 1.000000000000000000e+00
6.592042446136474609e-01 7.322646975517272949e-01 1.709919422864913940e-01 -5.739637464284896851e-02
-7.306509613990783691e-01 6.774953007698059082e-01 -8.455224335193634033e-02 6.707867980003356934e-02
-1.777608692646026611e-01 -6.919825077056884766e-02 9.816379547119140625e-01 -2.698085904121398926e-01
0.000000000000000000e+00 0.000000000000000000e+00 0.000000000000000000e+00 1.000000000000000000e+00
5.774004459381103516e-01 7.960751056671142578e-01 1.813090890645980835e-01 -5.314086377620697021e-02
-7.608789801597595215e-01 6.051914095878601074e-01 -2.341081798076629639e-01 1.099288538098335266e-01
-2.960943877696990967e-01 -2.780160866677761078e-03 9.551547169685363770e-01 -2.553379237651824951e-01
0.000000000000000000e+00 0.000000000000000000e+00 0.000000000000000000e+00 1.000000000000000000e+00
5.762121081352233887e-01 7.957748174667358398e-01 1.863367706537246704e-01 -5.358600988984107971e-02
-6.782108545303344727e-01 5.927850604057312012e-01 -4.343221187591552734e-01 1.654922068119049072e-01
-4.560804069042205811e-01 1.238859593868255615e-01 8.812733292579650879e-01 -2.227594107389450073e-01
0.000000000000000000e+00 0.000000000000000000e+00 0.000000000000000000e+00 1.000000000000000000e+00
5.903252363204956055e-01 7.834457159042358398e-01 1.942384541034698486e-01 -5.822024121880531311e-02
-6.118705272674560547e-01 5.912918448448181152e-01 -5.253460407257080078e-01 1.895825713872909546e-01
-5.264318585395812988e-01 1.912762075662612915e-01 8.284218907356262207e-01 -2.019242942333221436e-01
0.000000000000000000e+00 0.000000000000000000e+00 0.000000000000000000e+00 1.000000000000000000e+00
6.563405990600585938e-01 7.292740345001220703e-01 1.933304816484451294e-01 -6.293467432260513306e-02
-4.949873089790344238e-01 6.096215248107910156e-01 -6.191518306732177734e-01 2.123819738626480103e-01
-5.693898200988769531e-01 3.106783032417297363e-01 7.611007094383239746e-01 -1.751676201820373535e-01
0.000000000000000000e+00 0.000000000000000000e+00 0.000000000000000000e+00 1.000000000000000000e+00
7.343987822532653809e-01 6.596240997314453125e-01 1.598570942878723145e-01 -5.950956419110298157e-02
-3.936426043510437012e-01 6.058221459388732910e-01 -6.913933753967285156e-01 2.281878143548965454e-01
