1.000000000000000000e+00 0.000000000000000000e+00 0.000000000000000000e+00 -3.619798645377159119e-02
0.000000000000000000e+00 1.000000000000000000e+00 0.000000000000000000e+00 -1.327119767665863037e-03
0.000000000000000000e+00 0.000000000000000000e+00 1.000000000000000000e+00 -2.960163652896881104e-01
0.000000000000000000e+00 0.000000000000000000e+00 0.000000000000000000e+00 1.000000000000000000e+00
9.895420074462890625e-01 1.438610404729843140e-01 1.050710119307041168e-02 -4.247521236538887024e-02
-1.430695056915283203e-01 9.881533384323120117e-01 -5.553635954856872559e-02 2.817943692207336426e-02
-1.837214827537536621e-02 5.345232784748077393e-02 9.984015822410583496e-01 -2.970744371414184570e-01
0.000000000000000000e+00 0.000000000000000000e+00 0.000000000000000000e+00 1.000000000000000000e+00
9.713585972785949707e-01 2.358518242835998535e-01 2.891768701374530792e-02 -4.844394326210021973e-02
-2.320078760385513306e-01 9.676640033721923828e-01 -9.898647665977478027e-02 5.221291631460189819e-02
-5.132879689335823059e-02 8.944220840930938721e-02 9.946683049201965332e-01 -2.950896024703979492e-01
0.000000000000000000e+00 0.000000000000000000e+00 0.000000000000000000e+00 1.000000000000000000e+00
9.416180253028869629e-01 3.354099392890930176e-01 2.925528213381767273e-02 -4.753845930099487305e-02
-3.283304274082183838e-01 9.340189099311828613e-01 -1.407394260168075562e-01 7.394870370626449585e-02
-7.453044503927230835e-02 1.229173466563224792e-01 9.896143674850463867e-01 -2.921578586101531982e-01
0.000000000000000000e+00 0.000000000000000000e+00 0.000000000000000000e+00 1.000000000000000000e+00
8.962205052375793457e-01 4.433583617210388184e-01 1.489549409598112106e-02 -3.757243603467941284e-02
-4.351686835289001465e-01 8.851925730705261230e-01 -1.645060330629348755e-01 8.784800022840499878e-02
-8.612054586410522461e-02 1.409516781568527222e-01 9.862636327743530273e-01 -2.906417548656463623e-01
0.000000000000000000e+00 0.000000000000000000e+00 0.000000000000000000e+00 1.000000000000000000e+00
8.309432268142700195e-01 5.563081502914428711e-01 -7.366289850324392319e-03 -2.482966333627700806e-02
-5.472539663314819336e-01 8.148904442787170410e-01 -1.909609287977218628e-01 1.025553271174430847e-01
-1.002304553985595703e-01 1.627089083194732666e-01 9.815700054168701172e-01 -2.890168428421020508e-01
0.000000000000000000e+00 0.000000000000000000e+00 0.000000000000000000e+00 1.000000000000000000e+00
7.527497410774230957e-01 6.574822664260864258e-01 -3.293197229504585266e-02 -9.853519499301910400e-03
-6.522678136825561523e-01 7.381505966186523438e-01 -1.722791343927383423e-01 1.010090038180351257e-01
-8.896182477474212646e-02 1.511635482311248779e-01 9.844976663589477539e-01 -2.922444045543670654e-01
0.000000000000000000e+00 0.000000000000000000e+00 0.000000000000000000e+00 1.000000000000000000e+00
6.935259103775024414e-01 7.171965241432189941e-01 -6.819720566272735596e-02 5.065345205366611481e-03
-7.194187045097351074e-01 6.844227313995361328e-01 -1.183314174413681030e-01 8.329394459724426270e-02
-3.819118812680244446e-02 1.311282664537429810e-01 9.906294345855712891e-01 -2.990917563438415527e-01
0.000000000000000000e+00 0.000000000000000000e+00 0.000000000000000000e+00 1.000000000000000000e+00
5.900136232376098633e-01 8.063024878501892090e-01 -4.194660484790802002e-02 -5.279343167785555124e-05
-8.066409230232238770e-01 5.864263176918029785e-01 -7.371584326028823853e-02 6.928076595067977905e-02
-3.483870998024940491e-02 7.732921838760375977e-02 9.963967800140380859e-01 -3.067856729030609131e-01
0.000000000000000000e+00 0.000000000000000000e+00 0.000000000000000000e+00 1.000000000000000000e+00
5.016048550605773926e-01 8.640388250350952148e-01 -4.277308285236358643e-02 5.362676922231912613e-03
-8.647001385688781738e-01 4.992642402648925781e-01 -5.503456294536590576e-02 6.403641402721405029e-02
-2.619692124426364899e-02 6.459148973226547241e-02 9.975679516792297363e-01 -3.107078969478607178e-01
0.000000000000000000e+00 0.000000000000000000e+00 0.000000000000000000e+00 1.000000000000000000e+00
4.032401144504547119e-01 9.135947227478027344e-01 -5.236473679542541504e-02 1.299138925969600677e-02
-9.149460196495056152e-01 4.035438299179077148e-01 -5.105330143123865128e-03 4.577047005295753479e-02
1.646726019680500031e-02 4.996958002448081970e-02 9.986149668693542480e-01 -3.150247633457183838e-01
0.000000000000000000e+00 0.000000000000000000e+00 0.000000000000000000e+00 1.000000000000000000e+00
2.901721000671386719e-01 9.557351469993591309e-01 -4.868923127651214600e-02 1.682699285447597504e-02
-9.559858441352844238e-01 2.918088436126708984e-01 3.063462860882282257e-02 3.267463669180870056e-02
4.348652437329292297e-02 3.765689581632614136e-02 9.983438849449157715e-01 -3.176641166210174561e-01
0.000000000000000000e+00 0.000000000000000000e+00 0.000000000000000000e+00 1.000000000000000000e+00
1.760104745626449585e-01 9.820950627326965332e-01 -6.715083867311477661e-02 2.796459756791591644e-02
-9.821841120719909668e-01 1.797695904970169067e-01 5.474392697215080261e-02 2.304178103804588318e-02
6.583542376756668091e-02 5.631900206208229065e-02 9.962398409843444824e-01 -3.183218538761138916e-01
0.000000000000000000e+00 0.000000000000000000e+00 0.000000000000000000e+00 1.000000000000000000e+00
9.977014362812042236e-02 9.907941818237304688e-01 -9.150000661611557007e-02 3.924164175987243652e-02
-9.904001951217651367e-01 1.077290177345275879e-01 8.661146461963653564e-02 1.130375638604164124e-02
9.567137807607650757e-02 8.198039978742599487e-02 9.920314550399780273e-01 -3.171238005161285400e-01
0.000000000000000000e+00 0.000000000000000000e+00 0.000000000000000000e+00 1.000000000000000000e+00
1.130679715424776077e-02 9.966958165168762207e-01 -8.043204247951507568e-02 4.054046794772148132e-02
-9.972304701805114746e-01 1.715302467346191406e-02 7.237005233764648438e-02 1.778992637991905212e-02
7.351057976484298706e-02 7.939102500677108765e-02 9.941294193267822266e-01 -3.118689954280853271e-01
0.000000000000000000e+00 0.000000000000000000e+00 0.000000000000000000e+00 1.000000000000000000e+00
-9.513128548860549927e-02 8.970621824264526367e-01 -4.315429627895355225e-01 1.623619347810745239e-01
-9.898903965950012207e-01 -3.943466767668724060e-02 1.362420469522476196e-01 -2.832582918927073479e-03
1.051997989416122437e-01 4.401411712169647217e-01 8.917446136474609375e-01 -2.727604806423187256e-01
0.000000000000000000e+00 0.000000000000000000e+00 0.000000000000000000e+00 1.000000000000000000e+00
-1.614599674940109253e-01 8.742179870605468750e-01 -4.579007327556610107e-01 1.725141257047653198e-01
-9.774302244186401367e-01 -7.760579884052276611e-02 1.964867264032363892e-01 -2.454313635826110840e-02
1.362364888191223145e-01 4.792910218238830566e-01 8.670179247856140137e-01 -2.656973898410797119e-01
0.000000000000000000e+00 0.000000000000000000e+00 0.000000000000000000e+00 1.000000000000000000e+00
-1.323281675577163696e-01 8.098600506782531738e-01 -5.715032219886779785e-01 2.023629248142242432e-01
-9.911567568778991699e-01 -1.138810962438583374e-01 6.811894476413726807e-02 1.719542033970355988e-02
-9.916625916957855225e-03 5.754631757736206055e-01 8.177673816680908203e-01 -2.424526363611221313e-01
0.000000000000000000e+00 0.000000000000000000e+00 0.000000000000000000e+00 1.000000000000000000e+00
-8.889384567737579346e-02 7.379423379898071289e-01 -6.689832806587219238e-01 2.232575267553329468e-01
-9.944505095481872559e-01 -2.781264111399650574e-02 1.014620438218116760e-01 9.418831206858158112e-03
5.626693740487098694e-02 6.742902398109436035e-01 7.363197803497314453e-01 -2.264870256185531616e-01
0.000000000000000000e+00 0.000000000000000000e+00 0.000000000000000000e+00 1.000000000000000000e+00
-5.836262181401252747e-02 5.625752806663513184e-01 -8.246836066246032715e-01 2.684268057346343994e-01
-9.852700233459472656e-01 1.005519181489944458e-01 1.383208185434341431e-01 -1.989561365917325020e-03
1.607394069433212280e-01 8.206087350845336914e-01 5.484200119972229004e-01 -1.678165942430496216e-01
0.000000000000000000e+00 0.000000000000000000e+00 0.000000000000000000e+00 1.000000000000000000e+00
-1.255661100149154663e-01 4.163542985916137695e-01 -9.004898667335510254e-01 2.908194363117218018e-01
-9.849025011062622070e-01 5.670972540974617004e-02 1.635574549436569214e-01 -1.394254900515079498e-02
1.191643029451370239e-01 9.074321389198303223e-01 4.029477834701538086e-01 -1.172008514404296875e-01
0.000000000000000000e+00 0.000000000000000000e+00 0.000000000000000000e+00 1.000000000000000000e+00
-1.951691806316375732e-01 3.115279078483581543e-01 -9.299780130386352539e-01 3.015020787715911865e-01
-9.747701287269592285e-01 4.310440272092819214e-02 2.190088033676147461e-01 -3.183419257402420044e-02
1.083134710788726807e-01 9.492585659027099609e-01 2.952555119991302490e-01 -8.326823264360427856e-02
0.000000000000000000e+00 0.000000000000000000e+00 0.000000000000000000e+00 1.000000000000000000e+00
-2.765459418296813965e-01 2.062402516603469849e-01 -9.386091828346252441e-01 3.076444268226623535e-01
-9.581025242805480957e-01 1.662266626954078674e-02 2.859418690204620361e-01 -5.381445214152336121e-02
7.457488030195236206e-02 9.783602356910705566e-01 1.930025815963745117e-01 -4.888673871755599976e-02
0.000000000000000000e+00 0.000000000000000000e+00 0.000000000000000000e+00 1.000000000000000000e+00
-1.809049397706985474e-01 -8.313086032867431641e-01 -5.255470275878906250e-01 1.703877449035644531e-01
-9.510948061943054199e-01 1.183222606778144836e-02 3.086719214916229248e-01 -5.899834632873535156e-02
-2.503831386566162109e-01 5.556854605674743652e-01 -7.927935719490051270e-01 2.786779403686523438e-01
0.000000000000000000e+00 0.000000000000000000e+00 0.000000000000000000e+00 1.000000000000000000e+00
-1.744023710489273071e-01 -8.510367274284362793e-01 -4.952990114688873291e-01 1.596898138523101807e-01
-9.703049063682556152e-01 6.291295588016510010e-02 2.335601300001144409e-01 -3.539770096540451050e-02
-1.676073670387268066e-01 5.213245749473571777e-01 -8.367367982864379883e-01 2.878836691379547119e-01
0.000000000000000000e+00 0.000000000000000000e+00 0.000000000000000000e+00 1.000000000000000000e+00
-9.317314624786376953e-02 -8.517904281616210938e-01 -5.155301094055175781e-01 1.589690446853637695e-01
-9.904755949974060059e-01 2.657908573746681213e-02 1.350967139005661011e-01 -1.790818176232278347e-03
-1.013718694448471069e-01 5.232074856758117676e-01 -8.461539149284362793e-01 2.865796089172363281e-01
0.000000000000000000e+00 0.000000000000000000e+00 0.000000000000000000e+00 1.000000000000000000e+00
1.528631616383790970e-02 -8.585549592971801758e-01 -5.124931335449218750e-01 1.486562341451644897e-01
-9.996767640113830566e-01 -2.353429235517978668e-02 9.608664549887180328e-03 4.100120440125465393e-02
-2.031080983579158783e-02 5.121806859970092773e-01 -8.586373329162597656e-01 2.847673296928405762e-01
0.000000000000000000e+00 0.000000000000000000e+00 0.000000000000000000e+00 1.000000000000000000e+00
4.779782518744468689e-02 -8.581649661064147949e-01 -5.111436247825622559e-01 1.451560407876968384e-01
-9.937229156494140625e-01 1.096176262944936752e-02 -1.113284304738044739e-01 7.978354394435882568e-02
1.011412292718887329e-01 5.132565498352050781e-01 -8.522547483444213867e-01 2.744889855384826660e-01
0.000000000000000000e+00 0.000000000000000000e+00 0.000000000000000000e+00 1.000000000000000000e+00
2.468503080308437347e-02 -8.699750304222106934e-01 -4.924775063991546631e-01 1.430077254772186279e-01
-9.802982211112976074e-01 7.550617307424545288e-02 -1.825205087661743164e-01 9.390947967767715454e-02
1.959735155105590820e-01 4.872803986072540283e-01 -8.509714603424072266e-01 2.705473005771636963e-01
0.000000000000000000e+00 0.000000000000000000e+00 0.000000000000000000e+00 1.000000000000000000e+00
-4.471337422728538513e-02 -8.683374524116516113e-01 -4.939530491828918457e-01 1.510875821113586426e-01
-9.938057661056518555e-01 8.901935815811157227e-02 -6.652903556823730469e-02 5.661490559577941895e-02
1.017410382628440857e-01 4.879190325736999512e-01 -8.669394850730895996e-01 2.910176515579223633e-01
0.000000000000000000e+00 0.000000000000000000e+00 0.000000000000000000e+00 1.000000000000000000e+00
-5.124154686927795410e-02 -8.623597621917724609e-01 -5.036968588829040527e-01 1.527089476585388184e-01
-9.935026764869689941e-01 -7.305149920284748077e-03 1.135774254798889160e-01 -2.434899797663092613e-04
-1.016242504119873047e-01 5.062433481216430664e-01 -8.563816547393798828e-01 3.059161901473999023e-01
0.000000000000000000e+00 0.000000000000000000e+00 0.000000000000000000e+00 1.000000000000000000e+00
1.220979392528533936e-01 -8.486664891242980957e-01 -5.146424770355224609e-01 1.427987366914749146e-01
-9.876160621643066406e-01 -1.553553193807601929e-01 2.187786623835563660e-02 2.857521176338195801e-02
-9.851954877376556396e-02 5.055980682373046875e-01 -8.571254014968872070e-01 3.082466423511505127e-01
0.000000000000000000e+00 0.000000000000000000e+00 0.000000000000000000e+00 1.000000000000000000e+00
2.168257236480712891e-01 -7.953264117240905762e-01 -5.660760402679443359e-01 1.454270929098129272e-01
-9.497356414794921875e-01 -3.059884905815124512e-01 6.612790375947952271e-02 1.361405197530984879e-02
-2.258059233427047729e-01 5.232846140861511230e-01 -8.216961622238159180e-01 3.023940026760101318e-01
0.000000000000000000e+00 0.000000000000000000e+00 0.000000000000000000e+00 1.000000000000000000e+00
3.290960192680358887e-01 -7.294605970382690430e-01 -5.996515154838562012e-01 1.407898366451263428e-01
-9.143240451812744141e-01 -4.048768877983093262e-01 -9.269501082599163055e-03 3.621767088770866394e-02
-2.360234707593917847e-01 5.513265728950500488e-01 -8.002070188522338867e-01 2.903626859188079834e-01
0.000000000000000000e+00 0.000000000000000000e+00 0.000000000000000000e+00 1.000000000000000000e+00
3.547325134277343750e-01 -7.275936603546142578e-01 -5.871731638908386230e-01 1.340932399034500122e-01
-9.234524965286254883e-01 -3.709150254726409912e-01 -9.827272593975067139e-02 6.525962054729461670e-02
-1.462887227535247803e-01 5.770872235298156738e-01 -8.034735918045043945e-01 2.826894223690032959e-01
0.000000000000000000e+00 0.000000000000000000e+00 0.000000000000000000e+00 1.000000000000000000e+00
3.651313185691833496e-01 -7.119043469429016113e-01 -5.998920202255249023e-01 1.376838386058807373e-01
-9.281579256057739258e-01 -3.283027410507202148e-01 -1.753299534320831299e-01 8.978839218616485596e-02
-7.212810218334197998e-02 6.208130121231079102e-01 -7.806332707405090332e-01 2.693705260753631592e-01
0.000000000000000000e+00 0.000000000000000000e+00 0.000000000000000000e+00 1.000000000000000000e+00
5.330216288566589355e-01 -6.040070652961730957e-01 -5.925064682960510254e-01 1.298606097698211670e-01
-8.428708314895629883e-01 -4.401933252811431885e-01 -3.095131218433380127e-01 1.265230029821395874e-01
-7.386909425258636475e-02 6.643833518028259277e-01 -7.437323331832885742e-01 2.568023800849914551e-01
0.000000000000000000e+00 0.000000000000000000e+00 0.000000000000000000e+00 1.000000000000000000e+00
6.767559647560119629e-01 -4.262473285198211670e-01 -6.002622842788696289e-01 1.277029067277908325e-01
-7.179467678070068359e-01 -5.625776648521423340e-01 -4.099496304988861084e-01 1.555646061897277832e-01
-1.629543900489807129e-01 7.083921432495117188e-01 -6.867508292198181152e-01 2.529194653034210205e-01
0.000000000000000000e+00 0.000000000000000000e+00 0.000000000000000000e+00 1.000000000000000000e+00
7.022983431816101074e-01 -3.393903076648712158e-01 -6.257724761962890625e-01 1.323097497224807739e-01
-6.547699570655822754e-01 -6.529394388198852539e-01 -3.807177245616912842e-01 1.450166404247283936e-01
-2.793797254562377930e-01 6.771146655082702637e-01 -6.807809472084045410e-01 2.622008323669433594e-01
0.000000000000000000e+00 0.000000000000000000e+00 0.000000000000000000e+00 1.000000000000000000e+00
7.491671442985534668e-01 -2.564969062805175781e-01 -6.107023358345031738e-01 1.320419311523437500e-01
-5.763298869132995605e-01 -7.068567276000976562e-01 -4.101193249225616455e-01 1.460017859935760498e-01
-3.264847099781036377e-01 6.592138409614562988e-01 -6.773805618286132812e-01 2.605997323989868164e-01
0.000000000000000000e+00 0.000000000000000000e+00 0.000000000000000000e+00 1.000000000000000000e+00
7.343121170997619629e-01 -2.451885193586349487e-01 -6.329836845397949219e-01 1.465904563665390015e-01
-5.522416830062866211e-01 -7.580282688140869141e-01 -3.470199108123779297e-01 1.192985028028488159e-01
-3.947339057922363281e-01 6.043809056282043457e-01 -6.920325160026550293e-01 2.697736918926239014e-01
0.000000000000000000e+00 0.000000000000000000e+00 0.000000000000000000e+00 1.000000000000000000e+00
7.258388400077819824e-01 -3.412570655345916748e-01 -5.972452759742736816e-01 1.434221118688583374e-01
-5.934385061264038086e-01 -7.497195005416870117e-01 -2.928338944911956787e-01 9.811700135469436646e-02
-3.478347957134246826e-01 5.669781565666198730e-01 -7.466906905174255371e-01 2.838760316371917725e-01
0.000000000000000000e+00 0.000000000000000000e+00 0.000000000000000000e+00 1.000000000000000000e+00
8.089230656623840332e-01 -1.813305765390396118e-01 -5.592516064643859863e-01 1.351025402545928955e-01
-5.320764780044555664e-01 -6.304224729537963867e-01 -5.652090311050415039e-01 1.841176450252532959e-01
-2.500754594802856445e-01 7.547752857208251953e-01 -6.064453721046447754e-01 2.446650862693786621e-01
0.000000000000000000e+00 0.000000000000000000e+00 0.000000000000000000e+00 1.000000000000000000e+00
8.518339395523071289e-01 -1.158886253833770752e-01 -5.108314156532287598e-01 1.179135963320732117e-01
-4.777980446815490723e-01 -5.715925097465515137e-01 -6.670763492584228516e-01 2.173964679241180420e-01
-2.146808505058288574e-01 8.123124837875366211e-01 -5.422734022140502930e-01 2.217367887496948242e-01
0.000000000000000000e+00 0.000000000000000000e+00 0.000000000000000000e+00 1.000000000000000000e+00
8.806225061416625977e-01 -5.705591663718223572e-02 -4.703706800937652588e-01 1.038878038525581360e-01
-4.323769211769104004e-01 -5.027850866317749023e-01 -7.485030889511108398e-01 2.446635812520980835e-01
-1.937889754772186279e-01 8.625261783599853516e-01 -4.674336910247802734e-01 1.959973722696304321e-01
0.000000000000000000e+00 0.000000000000000000e+00 0.000000000000000000e+00 1.000000000000000000e+00
9.137939810752868652e-01 1.652321405708789825e-02 -4.058418571949005127e-01 8.149558305740356445e-02
-3.638841509819030762e-01 -4.106399118900299072e-01 -8.360403180122375488e-01 2.732511162757873535e-01
-1.804690062999725342e-01 9.116480946540832520e-01 -3.692277669906616211e-01 1.624485850334167480e-01
0.000000000000000000e+00 0.000000000000000000e+00 0.000000000000000000e+00 1.000000000000000000e+00
9.557096958160400391e-01 -2.312147617340087891e-01 -1.820951551198959351e-01 4.524645861238241196e-03
-2.466441541910171509e-01 -2.916378974914550781e-01 -9.241830110549926758e-01 2.965420484542846680e-01
1.605789214372634888e-01 9.281634092330932617e-01 -3.357490301132202148e-01 1.302070319652557373e-01
0.000000000000000000e+00 0.000000000000000000e+00 0.000000000000000000e+00 1.000000000000000000e+00
9.808048009872436523e-01 -8.068998903036117554e-02 -1.775134205818176270e-01 4.154015798121690750e-03
-1.912818104028701782e-01 -2.214015871286392212e-01 -9.562389254570007324e-01 3.041764795780181885e-01
3.785717114806175232e-02 9.718387722969055176e-01 -2.325862646102905273e-01 1.013234034180641174e-01
0.000000000000000000e+00 0.000000000000000000e+00 0.000000000000000000e+00 1.000000000000000000e+00
9.670873284339904785e-01 -2.242981642484664917e-01 -1.201353147625923157e-01 -1.610701903700828552e-02
-1.477009057998657227e-01 -1.104094460606575012e-01 -9.828498959541320801e-01 3.103576004505157471e-01
2.071873545646667480e-01 9.682457447052001953e-01 -1.399046182632446289e-01 5.968537926673889160e-02
0.000000000000000000e+00 0.000000000000000000e+00 0.000000000000000000e+00 1.000000000000000000e+00
9.725266098976135254e-01 -1.928945034742355347e-01 -1.303213387727737427e-01 -1.347672007977962494e-02
-1.424928307533264160e-01 -5.057186633348464966e-02 -9.885031580924987793e-01 3.107278645038604736e-01
1.840862184762954712e-01 9.799154996871948242e-01 -7.666855305433273315e-02 3.896169364452362061e-02
0.000000000000000000e+00 0.000000000000000000e+00 0.000000000000000000e+00 1.000000000000000000e+00
9.921808242797851562e-01 -7.308319211006164551e-02 -1.011734753847122192e-01 -2.220378629863262177e-02
-9.888434410095214844e-02 3.429848700761795044e-02 -9.945076704025268555e-01 3.091812133789062500e-01
7.615188509225845337e-02 9.967358112335205078e-01 2.680352330207824707e-02 7.670288905501365662e-03
0.000000000000000000e+00 0.000000000000000000e+00 0.000000000000000000e+00 1.000000000000000000e+00
8.768898844718933105e-01 -4.684032499790191650e-01 -1.079927459359169006e-01 -1.646779850125312805e-02
-5.663356184959411621e-02 1.224251240491867065e-01 -9.908605813980102539e-01 3.033936619758605957e-01
4.773433506488800049e-01 8.749916553497314453e-01 8.082602918148040771e-02 -3.584460914134979248e-02
0.000000000000000000e+00 0.000000000000000000e+00 0.000000000000000000e+00 1.000000000000000000e+00
9.746239781379699707e-01 -1.229160949587821960e-01 -1.870819479227066040e-01 4.450079868547618389e-04
-1.660290658473968506e-01 1.636248379945755005e-01 -9.724511504173278809e-01 3.058302998542785645e-01
1.501411348581314087e-01 9.788352251052856445e-01 1.390650272369384766e-01 -2.644179575145244598e-02
0.000000000000000000e+00 0.000000000000000000e+00 0.000000000000000000e+00 1.000000000000000000e+00
9.607416987419128418e-01 1.474319696426391602e-01 -2.350303381681442261e-01 1.932453922927379608e-02
-2.591531574726104736e-01 1.743777096271514893e-01 -9.499641060829162598e-01 3.083244860172271729e-01
-9.907110035419464111e-02 9.735789299011230469e-01 2.057393938302993774e-01 -2.960122562944889069e-02
0.000000000000000000e+00 0.000000000000000000e+00 0.000000000000000000e+00 1.000000000000000000e+00
5.394396781921386719e-01 8.420242071151733398e-01 2.657648583408445120e-04 -9.291856549680233002e-03
-3.729960024356842041e-01 2.392414659261703491e-01 -8.964582681655883789e-01 3.072798848152160645e-01
-7.549030780792236328e-01 4.834860861301422119e-01 4.431280493736267090e-01 -7.220991700887680054e-02
0.000000000000000000e+00 0.000000000000000000e+00 0.000000000000000000e+00 1.000000000000000000e+00
9.200191497802734375e-01 2.187441140413284302e-01 -3.251395821571350098e-01 5.327458679676055908e-02
-3.841869831085205078e-01 3.399564325809478760e-01 -8.583877682685852051e-01 3.006914556026458740e-01
-7.723408192396163940e-02 9.146476984024047852e-01 3.968051075935363770e-01 -8.651190996170043945e-02
0.000000000000000000e+00 0.000000000000000000e+00 0.000000000000000000e+00 1.000000000000000000e+00
8.833937048912048340e-01 1.746511906385421753e-01 -4.348707199096679688e-01 8.921431750059127808e-02
-4.667048156261444092e-01 4.119334518909454346e-01 -7.826219797134399414e-01 2.876029610633850098e-01
4.245185106992721558e-02 8.943195343017578125e-01 4.454099535942077637e-01 -1.118795722723007202e-01
0.000000000000000000e+00 0.000000000000000000e+00 0.000000000000000000e+00 1.000000000000000000e+00
8.706730604171752930e-01 1.545483171939849854e-01 -4.669511616230010986e-01 1.001092568039894104e-01
-4.760807156562805176e-01 5.033497810363769531e-01 -7.211002707481384277e-01 2.692533135414123535e-01
1.235948055982589722e-01 8.501491546630859375e-01 5.118306875228881836e-01 -1.403208523988723755e-01
0.000000000000000000e+00 0.000000000000000000e+00 0.000000000000000000e+00 1.000000000000000000e+00
8.609780669212341309e-01 1.399212181568145752e-01 -4.890181124210357666e-01 1.072346046566963196e-01
-4.711841940879821777e-01 5.815176367759704590e-01 -6.631913781166076660e-01 2.531950473785400391e-01
1.915780454874038696e-01 8.014107346534729004e-01 5.666025280952453613e-01 -1.600277870893478394e-01
0.000000000000000000e+00 0.000000000000000000e+00 0.000000000000000000e+00 1.000000000000000000e+00
8.404446244239807129e-01 9.852693974971771240e-02 -5.328652858734130859e-01 1.188884600996971130e-01
-4.482222497463226318e-01 6.790293455123901367e-01 -5.813913345336914062e-01 2.287991940975189209e-01
3.045483827590942383e-01 7.274692654609680176e-01 6.148484349250793457e-01 -1.818069368600845337e-01
0.000000000000000000e+00 0.000000000000000000e+00 0.000000000000000000e+00 1.000000000000000000e+00
8.220903873443603516e-01 1.124398410320281982e-01 -5.581437349319458008e-01 1.286764293909072876e-01
-4.470216333866119385e-01 7.345957756042480469e-01 -5.104314684867858887e-01 2.078903615474700928e-01
3.526170849800109863e-01 6.691232323646545410e-01 6.541672945022583008e-01 -1.986611187458038330e-01
0.000000000000000000e+00 0.000000000000000000e+00 0.000000000000000000e+00 1.000000000000000000e+00
7.950448989868164062e-01 1.514096558094024658e-01 -5.873485207557678223e-01 1.414860039949417114e-01
-4.516553878784179688e-01 7.941282987594604492e-01 -4.066537916660308838e-01 1.773493289947509766e-01
4.048586487770080566e-01 5.885874032974243164e-01 6.997529268264770508e-01 -2.183942645788192749e-01
0.000000000000000000e+00 0.000000000000000000e+00 0.000000000000000000e+00 1.000000000000000000e+00
7.669752836227416992e-01 2.136905938386917114e-01 -6.050496697425842285e-01 1.512354016304016113e-01
-4.602701961994171143e-01 8.402089476585388184e-01 -2.867055833339691162e-01 1.412172019481658936e-01
4.471017718315124512e-01 4.983824789524078369e-01 7.427750229835510254e-01 -2.373694330453872681e-01
0.000000000000000000e+00 0.000000000000000000e+00 0.000000000000000000e+00 1.000000000000000000e+00
7.406537532806396484e-01 2.811164855957031250e-01 -6.102502942085266113e-01 1.569240838289260864e-01
-4.670260250568389893e-01 8.683680891990661621e-01 -1.668034642934799194e-01 1.048899814486503601e-01
4.830306470394134521e-01 4.085464775562286377e-01 7.744488120079040527e-01 -2.521012723445892334e-01
0.000000000000000000e+00 0.000000000000000000e+00 0.000000000000000000e+00 1.000000000000000000e+00
7.199397087097167969e-01 3.534000515937805176e-01 -5.973231196403503418e-01 1.557354629039764404e-01
-4.379803836345672607e-01 8.989756107330322266e-01 3.982360940426588058e-03 5.099656805396080017e-02
5.383865237236022949e-01 2.587488293647766113e-01 8.019907474517822266e-01 -2.672095000743865967e-01
0.000000000000000000e+00 0.000000000000000000e+00 0.000000000000000000e+00 1.000000000000000000e+00
7.078038454055786133e-01 3.997192978858947754e-01 -5.824413299560546875e-01 1.504695266485214233e-01
-3.741046786308288574e-01 9.114994406700134277e-01 1.709209382534027100e-01 -7.123188115656375885e-03
5.992155671119689941e-01 9.691563993692398071e-02 7.946998476982116699e-01 -2.660281956195831299e-01
0.000000000000000000e+00 0.000000000000000000e+00 0.000000000000000000e+00 1.000000000000000000e+00
7.076900005340576172e-01 4.196154773235321045e-01 -5.684170126914978027e-01 1.445105671882629395e-01
-2.969293892383575439e-01 9.066698551177978516e-01 2.996369302272796631e-01 -5.313117057085037231e-02
6.410988569259643555e-01 -4.327029362320899963e-02 7.662373781204223633e-01 -2.596359550952911377e-01
0.000000000000000000e+00 0.000000000000000000e+00 0.000000000000000000e+00 1.000000000000000000e+00
6.978757977485656738e-01 4.535155594348907471e-01 -5.543400645256042480e-01 1.399987041950225830e-01
-2.436459213495254517e-01 8.781479597091674805e-01 4.116952121257781982e-01 -9.190817922353744507e-02
6.735025644302368164e-01 -1.522493958473205566e-01 7.233353853225708008e-01 -2.476348727941513062e-01
0.000000000000000000e+00 0.000000000000000000e+00 0.000000000000000000e+00 1.000000000000000000e+00
6.947414875030517578e-01 4.778209328651428223e-01 -5.376070737838745117e-01 1.347400844097137451e-01
-1.634507477283477783e-01 8.327723145484924316e-01 5.289366841316223145e-01 -1.353414505720138550e-01
7.004414200782775879e-01 -2.796019017696380615e-01 6.566618680953979492e-01 -2.284871190786361694e-01
0.000000000000000000e+00 0.000000000000000000e+00 0.000000000000000000e+00 1.000000000000000000e+00
6.736829876899719238e-01 5.072417259216308594e-01 -5.374537706375122070e-01 1.356592774391174316e-01
-9.235646575689315796e-02 7.793368101119995117e-01 6.197615265846252441e-01 -1.700078547000885010e-01
7.332264780998229980e-01 -3.678854405879974365e-01 5.718730092048645020e-01 -2.039600312709808350e-01
0.000000000000000000e+00 0.000000000000000000e+00 0.000000000000000000e+00 1.000000000000000000e+00
6.897151470184326172e-01 5.188879370689392090e-01 -5.050228238105773926e-01 1.243611723184585571e-01
-3.581815212965011597e-02 7.210637331008911133e-01 6.919422745704650879e-01 -1.984297782182693481e-01
7.231941223144531250e-01 -4.591540694236755371e-01 5.159141421318054199e-01 -1.867823898792266846e-01
0.000000000000000000e+00 0.000000000000000000e+00 0.000000000000000000e+00 1.000000000000000000e+00
7.007037401199340820e-01 5.237630009651184082e-01 -4.844444990158081055e-01 1.172966808080673218e-01
1.524126436561346054e-02 6.678705811500549316e-01 7.441213130950927734e-01 -2.199571728706359863e-01
7.132894992828369141e-01 -5.287920236587524414e-01 4.599966406822204590e-01 -1.704186350107192993e-01
0.000000000000000000e+00 0.000000000000000000e+00 0.000000000000000000e+00 1.000000000000000000e+00
7.488912343978881836e-01 5.020467638969421387e-01 -4.325635731220245361e-01 9.796397387981414795e-02
6.220410764217376709e-02 5.965995192527770996e-01 8.001248836517333984e-01 -2.426134347915649414e-01
6.597669720649719238e-01 -6.261135935783386230e-01 4.155586659908294678e-01 -1.569601893424987793e-01
0.000000000000000000e+00 0.000000000000000000e+00 0.000000000000000000e+00 1.000000000000000000e+00
7.905493974685668945e-01 4.816131293773651123e-01 -3.782598972320556641e-01 7.742217928171157837e-02
1.026655584573745728e-01 5.046998858451843262e-01 8.571680188179016113e-01 -2.679416835308074951e-01
6.037312150001525879e-01 -7.164683341979980469e-01 3.495452702045440674e-01 -1.360544562339782715e-01
0.000000000000000000e+00 0.000000000000000000e+00 0.000000000000000000e+00 1.000000000000000000e+00
8.429390192031860352e-01 4.450174272060394287e-01 -3.023466169834136963e-01 5.121522769331932068e-02
1.227824315428733826e-01 3.880207240581512451e-01 9.134352803230285645e-01 -2.907719314098358154e-01
5.238113403320312500e-01 -8.070932030677795410e-01 2.724376022815704346e-01 -1.084892675280570984e-01
0.000000000000000000e+00 0.000000000000000000e+00 0.000000000000000000e+00 1.000000000000000000e+00
8.759298324584960938e-01 3.952271938323974609e-01 -2.766623795032501221e-01 4.084105417132377625e-02
1.591535508632659912e-01 3.046353459358215332e-01 9.390779733657836914e-01 -3.031518757343292236e-01
4.554303884506225586e-01 -8.665981292724609375e-01 2.039373219013214111e-01 -8.485794067382812500e-02
0.000000000000000000e+00 0.000000000000000000e+00 0.000000000000000000e+00 1.000000000000000000e+00
9.136787652969360352e-01 3.185933828353881836e-01 -2.523677349090576172e-01 2.950592152774333954e-02
1.927431225776672363e-01 2.070230841636657715e-01 9.591617584228515625e-01 -3.137511610984802246e-01
3.578284978866577148e-01 -9.250077605247497559e-01 1.277459561824798584e-01 -5.667884275317192078e-02
0.000000000000000000e+00 0.000000000000000000e+00 0.000000000000000000e+00 1.000000000000000000e+00
9.609904289245605469e-01 1.630969643592834473e-01 -2.233762145042419434e-01 1.592190191149711609e-02
2.067410647869110107e-01 1.129029840230941772e-01 9.718596935272216797e-01 -3.209546506404876709e-01
1.837272047996520996e-01 -9.801285862922668457e-01 7.477983832359313965e-02 -2.962098643183708191e-02
0.000000000000000000e+00 0.000000000000000000e+00 0.000000000000000000e+00 1.000000000000000000e+00
9.823030233383178711e-01 1.133104041218757629e-02 -1.869564503431320190e-01 -4.547327407635748386e-04
1.865978837013244629e-01 2.711337432265281677e-02 9.820621609687805176e-01 -3.270351588726043701e-01
1.619683951139450073e-02 -9.995681643486022949e-01 2.451921254396438599e-02 -1.240931684151291847e-03
0.000000000000000000e+00 0.000000000000000000e+00 0.000000000000000000e+00 1.000000000000000000e+00
9.845431447029113770e-01 -5.814847070723772049e-03 -1.750453412532806396e-01 -4.120726138353347778e-03
1.742806285619735718e-01 -6.646820902824401855e-02 9.824501276016235352e-01 -3.310505449771881104e-01
-1.734773255884647369e-02 -9.977717399597167969e-01 -6.442740559577941895e-02 3.538941219449043274e-02
0.000000000000000000e+00 0.000000000000000000e+00 0.000000000000000000e+00 1.000000000000000000e+00
9.812293052673339844e-01 7.855381071567535400e-02 -1.761208176612854004e-01 -2.473157132044434547e-03
1.841230988502502441e-01 -1.100665032863616943e-01 9.767210483551025391e-01 -3.318823575973510742e-01
5.734017118811607361e-02 -9.908151030540466309e-01 -1.224639862775802612e-01 5.507558584213256836e-02
0.000000000000000000e+00 0.000000000000000000e+00 0.000000000000000000e+00 1.000000000000000000e+00
9.754467010498046875e-01 -1.625659763813018799e-01 -1.485806256532669067e-01 -8.415284566581249237e-03
1.389005780220031738e-01 -6.943724304437637329e-02 9.878690242767333984e-01 -3.328666388988494873e-01
-1.709109544754028320e-01 -9.842513203620910645e-01 -4.515181109309196472e-02 4.042850807309150696e-02
0.000000000000000000e+00 0.000000000000000000e+00 0.000000000000000000e+00 1.000000000000000000e+00
9.581758975982666016e-01 2.772088944911956787e-01 -7.109390199184417725e-02 -3.214227035641670227e-02
5.543952062726020813e-02 6.391622871160507202e-02 9.964140653610229492e-01 -3.288994133472442627e-01
2.807588577270507812e-01 -9.586815834045410156e-01 4.587467387318611145e-02 -1.730418950319290161e-02
0.000000000000000000e+00 0.000000000000000000e+00 0.000000000000000000e+00 1.000000000000000000e+00
8.518114686012268066e-01 5.198893547058105469e-01 -6.428122520446777344e-02 -2.688184008002281189e-02
-4.360977560281753540e-02 1.926600635051727295e-01 9.802960753440856934e-01 -3.155353367328643799e-01
5.220300555229187012e-01 -8.322238922119140625e-01 1.867823600769042969e-01 -7.692422717809677124e-02
0.000000000000000000e+00 0.000000000000000000e+00 0.000000000000000000e+00 1.000000000000000000e+00
7.729376554489135742e-01 6.300831437110900879e-01 -7.458101212978363037e-02 -1.520060747861862183e-02
-1.639272421598434448e-01 3.118702173233032227e-01 9.358762502670288086e-01 -2.908575236797332764e-01
6.129397153854370117e-01 -7.111483216285705566e-01 3.443440794944763184e-01 -1.330123990774154663e-01
0.000000000000000000e+00 0.000000000000000000e+00 0.000000000000000000e+00 1.000000000000000000e+00
9.464700222015380859e-01 2.151177227497100830e-01 2.406634688377380371e-01 -1.206419914960861206e-01
-3.099170327186584473e-01 3.971303999423980713e-01 8.638514280319213867e-01 -2.558098137378692627e-01
9.025499224662780762e-02 -8.921949267387390137e-01 4.425405263900756836e-01 -1.398231685161590576e-01
0.000000000000000000e+00 0.000000000000000000e+00 0.000000000000000000e+00 1.000000000000000000e+00
8.891357183456420898e-01 3.579241037368774414e-01 2.851808965206146240e-01 -1.266166418790817261e-01
-4.410042464733123779e-01 5.036042928695678711e-01 7.428984045982360840e-01 -2.064293175935745239e-01
1.222829669713973999e-01 -7.863033413887023926e-01 6.056185364723205566e-01 -1.920140236616134644e-01
0.000000000000000000e+00 0.000000000000000000e+00 0.000000000000000000e+00 1.000000000000000000e+00
8.075954914093017578e-01 5.032083392143249512e-01 3.075238168239593506e-01 -1.231595128774642944e-01
-5.791612267494201660e-01 5.784333348274230957e-01 5.744448900222778320e-01 -1.444490700960159302e-01
1.111835390329360962e-01 -6.420249342918395996e-01 7.585790157318115234e-01 -2.359461933374404907e-01
0.000000000000000000e+00 0.000000000000000000e+00 0.000000000000000000e+00 1.000000000000000000e+00
7.385119199752807617e-01 5.833413600921630859e-01 3.381018042564392090e-01 -1.227592229843139648e-01
-6.731640696525573730e-01 6.096068620681762695e-01 4.186041057109832764e-01 -9.003166109323501587e-02
3.808006644248962402e-02 -5.367422699928283691e-01 8.428863883018493652e-01 -2.564528882503509521e-01
0.000000000000000000e+00 0.000000000000000000e+00 0.000000000000000000e+00 1.000000000000000000e+00
6.590265631675720215e-01 7.050938606262207031e-01 2.617753446102142334e-01 -8.734198659658432007e-02
-7.513943314552307129e-01 6.019452214241027832e-01 2.703112661838531494e-01 -4.010318592190742493e-02
3.302059695124626160e-02 -3.748388886451721191e-01 9.265016913414001465e-01 -2.776485681533813477e-01
0.000000000000000000e+00 0.000000000000000000e+00 0.000000000000000000e+00 1.000000000000000000e+00
6.844357848167419434e-01 6.913529038429260254e-01 2.314701378345489502e-01 -7.858934998512268066e-02
-7.288938164710998535e-01 6.559058427810668945e-01 1.962174326181411743e-01 -1.390160992741584778e-02
-1.616701297461986542e-02 -3.030153810977935791e-01 9.528484940528869629e-01 -2.802924811840057373e-01
0.000000000000000000e+00 0.000000000000000000e+00 0.000000000000000000e+00 1.000000000000000000e+00
6.855234503746032715e-01 6.906616091728210449e-01 2.303132712841033936e-01 -7.830123603343963623e-02
-7.166318893432617188e-01 6.959260702133178711e-01 4.610487073659896851e-02 3.204741328954696655e-02
-1.284381300210952759e-01 -1.966558098793029785e-01 9.720237851142883301e-01 -2.758842408657073975e-01
0.000000000000000000e+00 0.000000000000000000e+00 0.000000000000000000e+00 1.000000000000000000e+00
6.653541326522827148e-01 7.154917716979980469e-01 2.130140811204910278e-01 -7.133644074201583862e-02
-7.277048230171203613e-01 6.852853894233703613e-01 -2.879909984767436981e-02 5.245523527264595032e-02
-1.665809601545333862e-01 -1.358498185873031616e-01 9.766247272491455078e-01 -2.723031342029571533e-01
0.000000000000000000e+00 0.000000000000000000e+00 0.000000000000000000e+00 1.000000000000000000e+00
6.546031236648559570e-01 7.320502400398254395e-01 1.886719912290573120e-01 -6.250046938657760620e-02
-7.316579222679138184e-01 6.762886047363281250e-01 -8.550103008747100830e-02 6.708463281393051147e-02
-1.901877671480178833e-01 -8.207413554191589355e-02 9.783110618591308594e-01 -2.686941623687744141e-01
0.000000000000000000e+00 0.000000000000000000e+00 0.000000000000000000e+00 1.000000000000000000e+00
5.688058733940124512e-01 7.971390485763549805e-01 2.025564014911651611e-01 -5.884261056780815125e-02
-7.626261115074157715e-01 6.033979058265686035e-01 -2.330503016710281372e-01 1.094552427530288696e-01
-3.079956471920013428e-01 -2.191444113850593567e-02 9.511353969573974609e-01 -2.542340457439422607e-01
0.000000000000000000e+00 0.000000000000000000e+00 0.000000000000000000e+00 1.000000000000000000e+00
5.676938295364379883e-01 7.966496348381042480e-01 2.075394093990325928e-01 -5.944170430302619934e-02
-6.753844022750854492e-01 5.948416590690612793e-01 -4.359116554260253906e-01 1.656556278467178345e-01
-4.707220792770385742e-01 1.072953790426254272e-01 8.757329583168029785e-01 -2.211899459362030029e-01
0.000000000000000000e+00 0.000000000000000000e+00 0.000000000000000000e+00 1.000000000000000000e+00
5.806641578674316406e-01 7.851343750953674316e-01 2.153901308774948120e-01 -6.351927667856216431e-02
-6.103160977363586426e-01 5.948783159255981445e-01 -5.231003761291503906e-01 1.887748986482620239e-01
-5.388350486755371094e-01 1.722895354032516479e-01 8.246046900749206543e-01 -2.007992863655090332e-01
0.000000000000000000e+00 0.000000000000000000e+00 0.000000000000000000e+00 1.000000000000000000e+00
6.429614424705505371e-01 7.383270859718322754e-01 2.036507576704025269e-01 -6.513055413961410522e-02
-4.979769885540008545e-01 6.050181984901428223e-01 -6.212662458419799805e-01 2.127595692873001099e-01
-5.819101929664611816e-01 2.980368733406066895e-01 7.566733956336975098e-01 -1.736708879470825195e-01
0.000000000000000000e+00 0.000000000000000000e+00 0.000000000000000000e+00 1.000000000000000000e+00
7.282245159149169922e-01 6.654280424118041992e-01 1.639952063560485840e-01 -6.037721037864685059e-02
-3.948271870613098145e-01 6.029362678527832031e-01 -6.932381987571716309e-01 2.284117490053176880e-01
