0.7605970501899719 0.6487586498260498 -0.02458027191460133 -0.03024311736226082 
-0.644519567489624 0.7499944567680359 -0.148669496178627 0.05849592760205269 
-0.07801557332277298 0.1289200335741043 0.9885814189910889 -0.2772261798381805 
0 0 0 1 

0.7855265736579895 0.6177126169204712 0.03713379800319672 -0.05335899442434311 
-0.615103006362915 0.7859653830528259 -0.06250219792127609 0.03014234639704227 
-0.06779429316520691 0.02625600807368755 0.9973537921905518 -0.2830780744552612 
0 0 0 1 

0.8104810118675232 0.5802057981491089 0.08050853759050369 -0.07047048211097717 
-0.5829405784606934 0.8123989701271057 0.01370898447930813 0.004029746633023024 
-0.05745100975036621 -0.05804258584976196 0.9966596364974976 -0.2868446111679077 
0 0 0 1 

0.8385390043258667 0.5347793102264404 0.1042259931564331 -0.08215370029211044 
-0.5440984964370728 0.8319161534309387 0.1089583188295364 -0.02820326201617718 
-0.02843854390084743 -0.148075059056282 0.9885671734809875 -0.2882464826107025 
0 0 0 1 

0.8487398624420166 0.5199636816978455 0.09632377326488495 -0.08314408361911774 
-0.5281234383583069 0.8241745233535767 0.2045040130615234 -0.0612126886844635 
0.02694710716605186 -0.2244415581226349 0.9741148948669434 -0.2880260050296783 
0 0 0 1 

0.8503975868225098 0.5229926705360413 0.05746674537658691 -0.07431679964065552 
-0.5166179537773132 0.8093246817588806 0.2794623672962189 -0.08931821584701538 
0.09964761137962341 -0.2673424780368805 0.9584353566169739 -0.2882027924060822 
0 0 0 1 

0.9890324473381042 0.1376011520624161 -0.05367201939225197 -0.01880287006497383 
-0.1395813822746277 0.9895895719528198 -0.03506200015544891 -0.04919394105672836 
0.04828867688775063 0.04216909408569336 0.9979428052902222 -0.3372482359409332 
0 0 0 1 

0.9091349244117737 -0.1681924760341644 0.3810311853885651 -0.05716473609209061 
0.07008205354213715 0.9635682702064514 0.2581175565719604 -0.07674971222877502 
-0.4105630218982697 -0.2079602032899857 0.8878008723258972 -0.2078417390584946 
0 0 0 1 

0.8953178524971008 -0.1397909373044968 0.4229234457015991 -0.06477602571249008 
0.03862931206822395 0.9702681303024292 0.2389299422502518 -0.06615278124809265 
-0.4437493681907654 -0.197580948472023 0.8740983605384827 -0.2023661732673645 
0 0 0 1 

0.8546649813652039 -0.1573168933391571 0.4947724044322968 -0.08380812406539917 
0.06558096408843994 0.9780665636062622 0.1977001577615738 -0.05140251293778419 
-0.5150217413902283 -0.1365197002887726 0.846235990524292 -0.1926084458827972 
0 0 0 1 

