1.000000000000000000e+00 0.000000000000000000e+00 0.000000000000000000e+00 -1.792658120393753052e-02
0.000000000000000000e+00 1.000000000000000000e+00 0.000000000000000000e+00 2.243540808558464050e-02
0.000000000000000000e+00 0.000000000000000000e+00 1.000000000000000000e+00 -3.816788792610168457e-01
0.000000000000000000e+00 0.000000000000000000e+00 0.000000000000000000e+00 1.000000000000000000e+00
9.873664975166320801e-01 5.150559544563293457e-02 -1.498477160930633545e-01 4.533771798014640808e-02
-5.437330901622772217e-02 9.984064102172851562e-01 -1.510099880397319794e-02 2.500988356769084930e-02
1.488312035799026489e-01 2.305798977613449097e-02 9.885936379432678223e-01 -3.782346546649932861e-01
0.000000000000000000e+00 0.000000000000000000e+00 0.000000000000000000e+00 1.000000000000000000e+00
9.652158617973327637e-01 6.427497416734695435e-02 -2.534305453300476074e-01 8.699686825275421143e-02
-7.128299027681350708e-02 9.972833991050720215e-01 -1.855775527656078339e-02 2.727430872619152069e-02
2.515492439270019531e-01 3.597757965326309204e-02 9.671754837036132812e-01 -3.675169050693511963e-01
0.000000000000000000e+00 0.000000000000000000e+00 0.000000000000000000e+00 1.000000000000000000e+00
9.992085099220275879e-01 3.974818438291549683e-02 1.580047653988003731e-03 -1.490306202322244644e-02
-3.975631296634674072e-02 9.991942644119262695e-01 5.500306375324726105e-03 1.758958958089351654e-02
-1.360164838843047619e-03 -5.558716598898172379e-03 9.999834299087524414e-01 -3.683928847312927246e-01
0.000000000000000000e+00 0.000000000000000000e+00 0.000000000000000000e+00 1.000000000000000000e+00
9.949160218238830566e-01 4.837889224290847778e-02 -8.832520991563796997e-02 2.220159396529197693e-02
-4.545186832547187805e-02 9.983582496643066406e-01 3.485574200749397278e-02 9.691631421446800232e-03
8.986651152372360229e-02 -3.066394478082656860e-02 9.954814910888671875e-01 -3.668548762798309326e-01
0.000000000000000000e+00 0.000000000000000000e+00 0.000000000000000000e+00 1.000000000000000000e+00
-2.319106161594390869e-01 7.940280437469482422e-02 -9.694910645484924316e-01 4.053553044795989990e-01
-4.177379235625267029e-02 9.949302673339843750e-01 9.147901087999343872e-02 -8.320416323840618134e-03
9.718397259712219238e-01 6.171426177024841309e-02 -2.274180948734283447e-01 9.206970036029815674e-02
0.000000000000000000e+00 0.000000000000000000e+00 0.000000000000000000e+00 1.000000000000000000e+00
-2.891862988471984863e-01 9.617706388235092163e-02 -9.524297118186950684e-01 3.947157859802246094e-01
-2.150061726570129395e-02 9.940365552902221680e-01 1.069067940115928650e-01 -9.833012707531452179e-03
9.570308327674865723e-01 5.139381065964698792e-02 -2.853940129280090332e-01 1.201865524053573608e-01
0.000000000000000000e+00 0.000000000000000000e+00 0.000000000000000000e+00 1.000000000000000000e+00
-2.707088291645050049e-01 9.680361300706863403e-02 -9.577813744544982910e-01 3.900629281997680664e-01
-2.147940360009670258e-02 9.940753579139709473e-01 1.065428853034973145e-01 -5.845393054187297821e-03
9.624209403991699219e-01 4.941470548510551453e-02 -2.670259475708007812e-01 1.186043098568916321e-01
0.000000000000000000e+00 0.000000000000000000e+00 0.000000000000000000e+00 1.000000000000000000e+00
-2.590422034263610840e-01 8.556305617094039917e-02 -9.620684981346130371e-01 3.842453658580780029e-01
-3.142030909657478333e-02 9.947949051856994629e-01 9.693368524312973022e-02 -5.752182187279686332e-05
9.653542041778564453e-01 5.533841252326965332e-02 -2.550054490566253662e-01 1.215642467141151428e-01
0.000000000000000000e+00 0.000000000000000000e+00 0.000000000000000000e+00 1.000000000000000000e+00
-2.409942746162414551e-01 8.201728761196136475e-02 -9.670542478561401367e-01 3.805309236049652100e-01
-5.988112837076187134e-02 9.932681322097778320e-01 9.916320443153381348e-02 8.197065908461809158e-04
9.686771631240844727e-01 8.180608600378036499e-02 -2.344605624675750732e-01 1.219658255577087402e-01
0.000000000000000000e+00 0.000000000000000000e+00 0.000000000000000000e+00 1.000000000000000000e+00
-2.012065201997756958e-01 6.747256219387054443e-02 -9.772219657897949219e-01 3.783591687679290771e-01
-7.777602970600128174e-02 9.933744072914123535e-01 8.460160344839096069e-02 8.802203461527824402e-03
9.764562249183654785e-01 9.302695095539093018e-02 -1.946257948875427246e-01 1.151730567216873169e-01
0.000000000000000000e+00 0.000000000000000000e+00 0.000000000000000000e+00 1.000000000000000000e+00
-2.163313329219818115e-01 4.751371964812278748e-02 -9.751629829406738281e-01 3.726539909839630127e-01
-1.098296791315078735e-01 9.912907481193542480e-01 7.266432791948318481e-02 1.656484231352806091e-02
9.701231718063354492e-01 1.228214353322982788e-01 -2.092289924621582031e-01 1.281874179840087891e-01
0.000000000000000000e+00 0.000000000000000000e+00 0.000000000000000000e+00 1.000000000000000000e+00
-1.853226721286773682e-01 6.195135042071342468e-02 -9.807228446006774902e-01 3.742606639862060547e-01
-1.096382066607475281e-01 9.904761910438537598e-01 8.328530937433242798e-02 1.654165424406528473e-02
9.765419363975524902e-01 1.229593679308891296e-01 -1.767655760049819946e-01 1.221455708146095276e-01
0.000000000000000000e+00 0.000000000000000000e+00 0.000000000000000000e+00 1.000000000000000000e+00
-1.914633363485336304e-01 5.620614439249038696e-02 -9.798891544342041016e-01 3.730691969394683838e-01
-1.386705040931701660e-01 9.867952466011047363e-01 8.369746059179306030e-02 1.988871954381465912e-02
9.716547131538391113e-01 1.519067734479904175e-01 -1.811407804489135742e-01 1.298868358135223389e-01
0.000000000000000000e+00 0.000000000000000000e+00 0.000000000000000000e+00 1.000000000000000000e+00
-1.621081978082656860e-01 6.571978330612182617e-02 -9.845820665359497070e-01 3.759134113788604736e-01
-1.485155224800109863e-01 9.847889542579650879e-01 9.018618613481521606e-02 2.004893682897090912e-02
9.755325317382812500e-01 1.608456224203109741e-01 -1.498818397521972656e-01 1.246454566717147827e-01
0.000000000000000000e+00 0.000000000000000000e+00 0.000000000000000000e+00 1.000000000000000000e+00
-1.589911580085754395e-01 6.696559488773345947e-02 -9.850063323974609375e-01 3.754678070545196533e-01
-1.693751215934753418e-01 9.810556173324584961e-01 9.403600543737411499e-02 2.105494029819965363e-02
9.726428985595703125e-01 1.817863434553146362e-01 -1.446368843317031860e-01 1.314643323421478271e-01
0.000000000000000000e+00 0.000000000000000000e+00 0.000000000000000000e+00 1.000000000000000000e+00
-1.338660866022109985e-01 6.731993705034255981e-02 -9.887104034423828125e-01 3.773734271526336670e-01
-1.883634179830551147e-01 9.777730107307434082e-01 9.207860380411148071e-02 2.463039569556713104e-02
9.729336500167846680e-01 1.985631138086318970e-01 -1.182100027799606323e-01 1.311657279729843140e-01
0.000000000000000000e+00 0.000000000000000000e+00 0.000000000000000000e+00 1.000000000000000000e+00
-1.153573915362358093e-01 5.414742231369018555e-02 -9.918469190597534180e-01 3.777995705604553223e-01
-2.192860990762710571e-01 9.724897742271423340e-01 7.859483361244201660e-02 3.028170391917228699e-02
9.688172340393066406e-01 2.265647947788238525e-01 -1.003102064132690430e-01 1.338898390531539917e-01
0.000000000000000000e+00 0.000000000000000000e+00 0.000000000000000000e+00 1.000000000000000000e+00
-3.011760301887989044e-02 8.766475319862365723e-02 -9.956945776939392090e-01 3.880145847797393799e-01
-2.309791445732116699e-01 9.685747623443603516e-01 9.226357191801071167e-02 2.567551285028457642e-02
9.724928736686706543e-01 2.327634692192077637e-01 -8.922236040234565735e-03 1.183535605669021606e-01
0.000000000000000000e+00 0.000000000000000000e+00 0.000000000000000000e+00 1.000000000000000000e+00
8.243232965469360352e-03 1.362079232931137085e-01 -9.906454086303710938e-01 4.030722379684448242e-01
-2.394590675830841064e-01 9.621236920356750488e-01 1.302938610315322876e-01 1.188053190708160400e-02
9.708714485168457031e-01 2.361451834440231323e-01 4.054721072316169739e-02 1.245701313018798828e-01
0.000000000000000000e+00 0.000000000000000000e+00 0.000000000000000000e+00 1.000000000000000000e+00
4.525058716535568237e-02 1.577062010765075684e-01 -9.864483475685119629e-01 4.140837490558624268e-01
-2.724294066429138184e-01 9.519798755645751953e-01 1.396987885236740112e-01 9.825907647609710693e-03
9.611108899116516113e-01 2.624162733554840088e-01 8.604156225919723511e-02 1.108838096261024475e-01
0.000000000000000000e+00 0.000000000000000000e+00 0.000000000000000000e+00 1.000000000000000000e+00
-3.883075714111328125e-02 1.752003133296966553e-01 -9.837668538093566895e-01 3.991729915142059326e-01
-1.997915506362915039e-01 9.632685184478759766e-01 1.794358491897583008e-01 -7.255356758832931519e-03
9.790683984756469727e-01 2.035160064697265625e-01 -2.400817116722464561e-03 1.334273070096969604e-01
0.000000000000000000e+00 0.000000000000000000e+00 0.000000000000000000e+00 1.000000000000000000e+00
-2.175534702837467194e-02 1.942981034517288208e-01 -9.807012677192687988e-01 3.965183496475219727e-01
-1.676097959280014038e-01 9.663408994674682617e-01 1.951712816953659058e-01 -1.578110270202159882e-02
9.856131076812744141e-01 1.686211377382278442e-01 1.154302340000867844e-02 1.222028434276580811e-01
0.000000000000000000e+00 0.000000000000000000e+00 0.000000000000000000e+00 1.000000000000000000e+00
1.251647528260946274e-02 2.616875469684600830e-01 -9.650722742080688477e-01 3.780626058578491211e-01
-7.003017514944076538e-02 9.630061388015747070e-01 2.602190673351287842e-01 -4.803495109081268311e-02
9.974660873413085938e-01 6.432730704545974731e-02 3.037907183170318604e-02 9.730625152587890625e-02
0.000000000000000000e+00 0.000000000000000000e+00 0.000000000000000000e+00 1.000000000000000000e+00
-1.614723540842533112e-02 3.144320249557495117e-01 -9.491428136825561523e-01 3.552551865577697754e-01
-2.966978214681148529e-02 9.486974477767944336e-01 3.147893249988555908e-01 -7.739762961864471436e-02
9.994297623634338379e-01 3.324383869767189026e-02 -5.989733617752790451e-03 1.004154905676841736e-01
0.000000000000000000e+00 0.000000000000000000e+00 0.000000000000000000e+00 1.000000000000000000e+00
8.291546255350112915e-03 3.897778987884521484e-01 -9.208714365959167480e-01 3.374591171741485596e-01
-2.463820157572627068e-03 9.209082126617431641e-01 3.897710144519805908e-01 -1.071808412671089172e-01
9.999624490737915039e-01 -9.628884145058691502e-04 8.596138097345829010e-03 9.035571664571762085e-02
0.000000000000000000e+00 0.000000000000000000e+00 0.000000000000000000e+00 1.000000000000000000e+00
7.640521228313446045e-02 4.312753975391387939e-01 -8.989791274070739746e-01 3.259048163890838623e-01
5.464226379990577698e-02 8.984485864639282227e-01 4.356648623943328857e-01 -1.237741336226463318e-01
9.955785870552062988e-01 -8.240930736064910889e-02 4.508030042052268982e-02 7.206095010042190552e-02
0.000000000000000000e+00 0.000000000000000000e+00 0.000000000000000000e+00 1.000000000000000000e+00
3.939276933670043945e-01 4.300782680511474609e-01 -8.123136162757873535e-01 3.040103316307067871e-01
1.196615770459175110e-01 8.522559404373168945e-01 5.092548727989196777e-01 -1.513361930847167969e-01
9.113190174102783203e-01 -2.978123724460601807e-01 2.842634320259094238e-01 -1.628357730805873871e-02
0.000000000000000000e+00 0.000000000000000000e+00 0.000000000000000000e+00 1.000000000000000000e+00
4.787164330482482910e-01 4.397281408309936523e-01 -7.599145770072937012e-01 2.852528393268585205e-01
1.388758867979049683e-01 8.167138099670410156e-01 5.600817203521728516e-01 -1.711256206035614014e-01
8.669164776802062988e-01 -3.736540973186492920e-01 3.299067616462707520e-01 -3.536282107234001160e-02
0.000000000000000000e+00 0.000000000000000000e+00 0.000000000000000000e+00 1.000000000000000000e+00
5.312632918357849121e-01 4.630900621414184570e-01 -7.094410061836242676e-01 2.646532356739044189e-01
1.557295769453048706e-01 7.697415351867675781e-01 6.190692782402038574e-01 -1.907933354377746582e-01
8.327711224555969238e-01 -4.393697381019592285e-01 3.368185162544250488e-01 -4.062165319919586182e-02
0.000000000000000000e+00 0.000000000000000000e+00 0.000000000000000000e+00 1.000000000000000000e+00
5.454719066619873047e-01 4.787243008613586426e-01 -6.879560947418212891e-01 2.509607374668121338e-01
1.604914516210556030e-01 7.459733486175537109e-01 6.463480591773986816e-01 -2.002095580101013184e-01
8.226194977760314941e-01 -4.629757404327392578e-01 3.300763964653015137e-01 -4.034287482500076294e-02
0.000000000000000000e+00 0.000000000000000000e+00 0.000000000000000000e+00 1.000000000000000000e+00
5.828470587730407715e-01 4.671692550182342529e-01 -6.648628115653991699e-01 2.384002208709716797e-01
1.793987900018692017e-01 7.240402698516845703e-01 6.660189628601074219e-01 -2.054586112499237061e-01
7.925311326980590820e-01 -5.074629783630371094e-01 3.381951153278350830e-01 -4.510077089071273804e-02
0.000000000000000000e+00 0.000000000000000000e+00 0.000000000000000000e+00 1.000000000000000000e+00
5.830420255661010742e-01 5.038588047027587891e-01 -6.373289823532104492e-01 2.227449566125869751e-01
1.760187000036239624e-01 6.874891519546508789e-01 7.045394182205200195e-01 -2.171155214309692383e-01
7.931451201438903809e-01 -5.229580998420715332e-01 3.121463358402252197e-01 -3.983533382415771484e-02
0.000000000000000000e+00 0.000000000000000000e+00 0.000000000000000000e+00 1.000000000000000000e+00
6.051236987113952637e-01 5.371147394180297852e-01 -5.876500606536865234e-01 1.970658302307128906e-01
1.470001041889190674e-01 6.500599980354309082e-01 7.455283403396606445e-01 -2.268663644790649414e-01
7.824422121047973633e-01 -5.375217199325561523e-01 3.144109547138214111e-01 -4.702873528003692627e-02
0.000000000000000000e+00 0.000000000000000000e+00 0.000000000000000000e+00 1.000000000000000000e+00
6.189831495285034180e-01 5.458995103836059570e-01 -5.646702051162719727e-01 1.859996616840362549e-01
1.385357379913330078e-01 6.317958831787109375e-01 7.626542448997497559e-01 -2.303436100482940674e-01
7.730891704559326172e-01 -5.502973198890686035e-01 3.154445290565490723e-01 -5.102190002799034119e-02
0.000000000000000000e+00 0.000000000000000000e+00 0.000000000000000000e+00 1.000000000000000000e+00
7.041178941726684570e-01 5.215908288955688477e-01 -4.818308651447296143e-01 1.539937704801559448e-01
1.310581564903259277e-01 5.714383125305175781e-01 8.101124763488769531e-01 -2.406263351440429688e-01
6.978837847709655762e-01 -6.335626244544982910e-01 3.340012133121490479e-01 -6.379164010286331177e-02
0.000000000000000000e+00 0.000000000000000000e+00 0.000000000000000000e+00 1.000000000000000000e+00
4.005285799503326416e-01 7.640896439552307129e-01 -5.057117938995361328e-01 1.563446670770645142e-01
9.854117035865783691e-02 5.127947926521301270e-01 8.528370857238769531e-01 -2.475998699665069580e-01
9.109704494476318359e-01 -3.914192020893096924e-01 1.300947368144989014e-01 -1.577193289995193481e-02
0.000000000000000000e+00 0.000000000000000000e+00 0.000000000000000000e+00 1.000000000000000000e+00
5.240885019302368164e-01 7.422851324081420898e-01 -4.175449609756469727e-01 1.262729912996292114e-01
2.014696039259433746e-02 4.793268442153930664e-01 8.774051070213317871e-01 -2.471769452095031738e-01
8.514253497123718262e-01 -4.682502150535583496e-01 2.362549901008605957e-01 -5.026073381304740906e-02
0.000000000000000000e+00 0.000000000000000000e+00 0.000000000000000000e+00 1.000000000000000000e+00
6.016209125518798828e-01 7.228316068649291992e-01 -3.399510085582733154e-01 1.077625826001167297e-01
-3.900872915983200073e-02 4.516656994819641113e-01 8.913342952728271484e-01 -2.428821176290512085e-01
7.978289127349853516e-01 -5.229841470718383789e-01 2.999282479286193848e-01 -6.780202686786651611e-02
0.000000000000000000e+00 0.000000000000000000e+00 0.000000000000000000e+00 1.000000000000000000e+00
5.995883345603942871e-01 7.669076919555664062e-01 -2.287927120923995972e-01 8.306818455457687378e-02
-1.151849925518035889e-01 3.655989170074462891e-01 9.236177802085876465e-01 -2.540475726127624512e-01
7.919760346412658691e-01 -5.274367928504943848e-01 3.075450062751770020e-01 -6.570333987474441528e-02
0.000000000000000000e+00 0.000000000000000000e+00 0.000000000000000000e+00 1.000000000000000000e+00
5.806792378425598145e-01 8.074503540992736816e-01 -1.040941551327705383e-01 4.934083670377731323e-02
-1.873016506433486938e-01 2.569255530834197998e-01 9.481066465377807617e-01 -2.702855467796325684e-01
7.922943234443664551e-01 -5.310493111610412598e-01 3.004280924797058105e-01 -5.983909592032432556e-02
0.000000000000000000e+00 0.000000000000000000e+00 0.000000000000000000e+00 1.000000000000000000e+00
5.904859900474548340e-01 8.069807291030883789e-01 1.044268533587455750e-02 1.311160624027252197e-02
-2.084555327892303467e-01 1.400059312582015991e-01 9.679585099220275879e-01 -2.849136292934417725e-01
7.796621322631835938e-01 -5.737426280975341797e-01 2.508912086486816406e-01 -4.510359838604927063e-02
0.000000000000000000e+00 0.000000000000000000e+00 0.000000000000000000e+00 1.000000000000000000e+00
5.946232080459594727e-01 7.923256754875183105e-01 1.365450322628021240e-01 -3.073571622371673584e-02
-2.587053477764129639e-01 2.775391936302185059e-02 9.655572772026062012e-01 -2.902746498584747314e-01
7.612459063529968262e-01 -6.094677448272705078e-01 2.214820533990859985e-01 -3.775351494550704956e-02
0.000000000000000000e+00 0.000000000000000000e+00 0.000000000000000000e+00 1.000000000000000000e+00
6.063384413719177246e-01 7.621927857398986816e-01 2.267523854970932007e-01 -6.875041872262954712e-02
-2.389303892850875854e-01 -9.735444933176040649e-02 9.661436676979064941e-01 -2.974508702754974365e-01
7.584631443023681641e-01 -6.399880647659301758e-01 1.230813711881637573e-01 -1.173791103065013885e-02
0.000000000000000000e+00 0.000000000000000000e+00 0.000000000000000000e+00 1.000000000000000000e+00
5.854805707931518555e-01 8.054400682449340820e-01 9.208209812641143799e-02 -1.633704639971256256e-02
-3.097459673881530762e-01 1.172841936349868774e-01 9.435580968856811523e-01 -2.729133367538452148e-01
7.491795420646667480e-01 -5.809567570686340332e-01 3.181493282318115234e-01 -8.051791042089462280e-02
0.000000000000000000e+00 0.000000000000000000e+00 0.000000000000000000e+00 1.000000000000000000e+00
5.634659528732299805e-01 8.261370658874511719e-01 -2.089316956698894501e-03 1.530811935663223267e-02
-3.827952444553375244e-01 2.633246183395385742e-01 8.855099678039550781e-01 -2.450401186943054199e-01
7.321025133132934570e-01 -4.981550872325897217e-01 4.646157920360565186e-01 -1.215203106403350830e-01
0.000000000000000000e+00 0.000000000000000000e+00 0.000000000000000000e+00 1.000000000000000000e+00
5.528457164764404297e-01 8.253415226936340332e-01 -1.147740706801414490e-01 5.042355880141258240e-02
-4.511247873306274414e-01 4.122540950775146484e-01 7.915379405021667480e-01 -2.041585445404052734e-01
7.006053328514099121e-01 -3.858209550380706787e-01 6.002450585365295410e-01 -1.558517217636108398e-01
0.000000000000000000e+00 0.000000000000000000e+00 0.000000000000000000e+00 1.000000000000000000e+00
5.570868253707885742e-01 8.079231977462768555e-01 -1.921301186084747314e-01 7.220816612243652344e-02
-5.171943902969360352e-01 5.185434818267822266e-01 6.808985471725463867e-01 -1.619508266448974609e-01
6.497415900230407715e-01 -2.799510657787322998e-01 7.067269682884216309e-01 -1.789273321628570557e-01
0.000000000000000000e+00 0.000000000000000000e+00 0.000000000000000000e+00 1.000000000000000000e+00
5.728616714477539062e-01 7.902759313583374023e-01 -2.174701988697052002e-01 7.771073281764984131e-02
-5.738392472267150879e-01 5.761373639106750488e-01 5.820432305335998535e-01 -1.289139986038208008e-01
5.852676033973693848e-01 -2.086372971534729004e-01 7.835382223129272461e-01 -1.948094218969345093e-01
0.000000000000000000e+00 0.000000000000000000e+00 0.000000000000000000e+00 1.000000000000000000e+00
5.914127826690673828e-01 7.863041162490844727e-01 -1.787649393081665039e-01 6.273218989372253418e-02
-6.616506576538085938e-01 5.999165773391723633e-01 4.497984051704406738e-01 -9.219383448362350464e-02
4.609223008155822754e-01 -1.477364897727966309e-01 8.750570416450500488e-01 -2.142295986413955688e-01
0.000000000000000000e+00 0.000000000000000000e+00 0.000000000000000000e+00 1.000000000000000000e+00
5.907574295997619629e-01 7.864793539047241211e-01 -1.801545768976211548e-01 5.837240442633628845e-02
-7.116487622261047363e-01 6.131166815757751465e-01 3.429935276508331299e-01 -6.164477393031120300e-02
3.802131414413452148e-01 -7.441910356283187866e-02 9.219005107879638672e-01 -2.220542579889297485e-01
0.000000000000000000e+00 0.000000000000000000e+00 0.000000000000000000e+00 1.000000000000000000e+00
5.880029201507568359e-01 7.799568176269531250e-01 -2.142889052629470825e-01 6.321707367897033691e-02
-7.502380609512329102e-01 6.249194145202636719e-01 2.159141600131988525e-01 -2.457679063081741333e-02
3.023170232772827148e-01 3.380965813994407654e-02 9.526076912879943848e-01 -2.247969657182693481e-01
0.000000000000000000e+00 0.000000000000000000e+00 0.000000000000000000e+00 1.000000000000000000e+00
5.763293504714965820e-01 7.889557480812072754e-01 -2.130567431449890137e-01 6.134923174977302551e-02
-7.798378467559814453e-01 6.088951230049133301e-01 1.452564448118209839e-01 -4.960531834512948990e-03
2.443301677703857422e-01 8.243417739868164062e-02 9.661818146705627441e-01 -2.260407358407974243e-01
0.000000000000000000e+00 0.000000000000000000e+00 0.000000000000000000e+00 1.000000000000000000e+00
5.549183487892150879e-01 8.090935349464416504e-01 -1.934763491153717041e-01 5.315255746245384216e-02
-8.236145377159118652e-01 5.670751929283142090e-01 9.189929813146591187e-03 3.038902953267097473e-02
1.171511784195899963e-01 1.542503982782363892e-01 9.810618758201599121e-01 -2.267548590898513794e-01
0.000000000000000000e+00 0.000000000000000000e+00 0.000000000000000000e+00 1.000000000000000000e+00
5.337363481521606445e-01 8.200361728668212891e-01 -2.065576612949371338e-01 5.359583720564842224e-02
-8.456374406814575195e-01 5.189359784126281738e-01 -1.249101907014846802e-01 6.564859300851821899e-02
4.759280011057853699e-03 2.413419783115386963e-01 9.704283475875854492e-01 -2.219698876142501831e-01
0.000000000000000000e+00 0.000000000000000000e+00 0.000000000000000000e+00 1.000000000000000000e+00
5.432366132736206055e-01 7.993641495704650879e-01 -2.567302584648132324e-01 6.354279816150665283e-02
-8.362525701522827148e-01 4.879719913005828857e-01 -2.501295506954193115e-01 9.708346426486968994e-02
-7.466743886470794678e-02 3.505710959434509277e-01 9.335550069808959961e-01 -2.095110863447189331e-01
0.000000000000000000e+00 0.000000000000000000e+00 0.000000000000000000e+00 1.000000000000000000e+00
5.024623870849609375e-01 8.189908266067504883e-01 -2.771020829677581787e-01 6.788083910942077637e-02
-8.396666049957275391e-01 3.858200311660766602e-01 -3.822338283061981201e-01 1.311913132667541504e-01
-2.061344832181930542e-01 4.247314333915710449e-01 8.815393447875976562e-01 -1.898960173130035400e-01
0.000000000000000000e+00 0.000000000000000000e+00 0.000000000000000000e+00 1.000000000000000000e+00
4.829001724720001221e-01 8.258636593818664551e-01 -2.911298274993896484e-01 7.168097048997879028e-02
-8.204463720321655273e-01 3.105054199695587158e-01 -4.800561070442199707e-01 1.562365740537643433e-01
-3.060637116432189941e-01 4.706756174564361572e-01 8.275202512741088867e-01 -1.721572279930114746e-01
0.000000000000000000e+00 0.000000000000000000e+00 0.000000000000000000e+00 1.000000000000000000e+00
4.623551070690155029e-01 8.281089067459106445e-01 -3.169598281383514404e-01 8.192538470029830933e-02
-8.034689426422119141e-01 2.400775253772735596e-01 -5.447934269905090332e-01 1.724622547626495361e-01
-3.750534057617187500e-01 5.065553188323974609e-01 7.763609886169433594e-01 -1.556352972984313965e-01
0.000000000000000000e+00 0.000000000000000000e+00 0.000000000000000000e+00 1.000000000000000000e+00
4.310830831527709961e-01 8.426496386528015137e-01 -3.226594626903533936e-01 8.907648175954818726e-02
-7.845442295074462891e-01 1.733974516391754150e-01 -5.953348875045776367e-01 1.834173202514648438e-01
-4.457103610038757324e-01 5.097795128822326660e-01 7.358444929122924805e-01 -1.391979306936264038e-01
0.000000000000000000e+00 0.000000000000000000e+00 0.000000000000000000e+00 1.000000000000000000e+00
4.096375107765197754e-01 8.470127582550048828e-01 -3.387715816497802734e-01 9.937139600515365601e-02
-7.747129201889038086e-01 1.269180625677108765e-01 -6.194449067115783691e-01 1.860054135322570801e-01
-4.816814064979553223e-01 5.161985754966735840e-01 7.081822156906127930e-01 -1.255899369716644287e-01
0.000000000000000000e+00 0.000000000000000000e+00 0.000000000000000000e+00 1.000000000000000000e+00
3.123292922973632812e-01 9.038879871368408203e-01 -2.922963798046112061e-01 9.732542932033538818e-02
-7.702495455741882324e-01 6.086214631795883179e-02 -6.348317265510559082e-01 1.843321323394775391e-01
-5.560269951820373535e-01 4.234176278114318848e-01 7.152284979820251465e-01 -1.206845194101333618e-01
0.000000000000000000e+00 0.000000000000000000e+00 0.000000000000000000e+00 1.000000000000000000e+00
1.309542357921600342e-01 9.601297378540039062e-01 -2.469855993986129761e-01 9.780867397785186768e-02
-7.837786674499511719e-01 -5.228905752301216125e-02 -6.188352704048156738e-01 1.678398102521896362e-01
-6.070768833160400391e-01 2.746211886405944824e-01 7.456816434860229492e-01 -1.254431605339050293e-01
0.000000000000000000e+00 0.000000000000000000e+00 0.000000000000000000e+00 1.000000000000000000e+00
-5.819668248295783997e-02 9.774754047393798828e-01 -2.028668075799942017e-01 9.008288383483886719e-02
-7.909572124481201172e-01 -1.691328585147857666e-01 -5.880312323570251465e-01 1.509101688861846924e-01
-6.090976595878601074e-01 1.262375712394714355e-01 7.829841375350952148e-01 -1.361426115036010742e-01
0.000000000000000000e+00 0.000000000000000000e+00 0.000000000000000000e+00 1.000000000000000000e+00
-1.859778165817260742e-01 9.582694768905639648e-01 -2.170989513397216797e-01 9.242041409015655518e-02
-7.499339580535888672e-01 -2.811982035636901855e-01 -5.987707376480102539e-01 1.556738764047622681e-01
-6.348315477371215820e-01 5.145170539617538452e-02 7.709356546401977539e-01 -1.313409209251403809e-01
0.000000000000000000e+00 0.000000000000000000e+00 0.000000000000000000e+00 1.000000000000000000e+00
-1.942107826471328735e-01 9.549675583839416504e-01 -2.243182063102722168e-01 9.919663518667221069e-02
-7.065564990043640137e-01 -2.948062419891357422e-01 -6.433250904083251953e-01 1.703144758939743042e-01
-6.804850101470947266e-01 3.355270624160766602e-02 7.319933176040649414e-01 -1.172848492860794067e-01
0.000000000000000000e+00 0.000000000000000000e+00 0.000000000000000000e+00 1.000000000000000000e+00
-2.542739510536193848e-01 9.366061687469482422e-01 -2.410673350095748901e-01 1.118647679686546326e-01
-6.952601075172424316e-01 -3.502919077873229980e-01 -6.276218295097351074e-01 1.636909395456314087e-01
-6.722785234451293945e-01 8.016557432711124420e-03 7.402550578117370605e-01 -1.086882725358009338e-01
0.000000000000000000e+00 0.000000000000000000e+00 0.000000000000000000e+00 1.000000000000000000e+00
2.792813777923583984e-01 8.849853277206420898e-01 -3.725621998310089111e-01 9.683193266391754150e-02
-7.342369556427001953e-01 -5.321327224373817444e-02 -6.768046021461486816e-01 1.833991110324859619e-01
-6.187874674797058105e-01 4.625679552555084229e-01 6.349279880523681641e-01 -9.507616609334945679e-02
0.000000000000000000e+00 0.000000000000000000e+00 0.000000000000000000e+00 1.000000000000000000e+00
5.424590706825256348e-01 7.714885473251342773e-01 -3.324813544750213623e-01 7.381134480237960815e-02
-7.620249986648559570e-01 2.852782607078552246e-01 -5.813210606575012207e-01 1.753080338239669800e-01
-3.536327183246612549e-01 5.687021017074584961e-01 7.426453828811645508e-01 -1.569392681121826172e-01
0.000000000000000000e+00 0.000000000000000000e+00 0.000000000000000000e+00 1.000000000000000000e+00
6.096859574317932129e-01 6.977062225341796875e-01 -3.761504292488098145e-01 8.350158482789993286e-02
-7.678787112236022949e-01 4.022021293640136719e-01 -4.985931515693664551e-01 1.570163220167160034e-01
-1.965830326080322266e-01 5.928230881690979004e-01 7.809708714485168457e-01 -1.835022866725921631e-01
0.000000000000000000e+00 0.000000000000000000e+00 0.000000000000000000e+00 1.000000000000000000e+00
6.148847937583923340e-01 6.883577108383178711e-01 -3.848117589950561523e-01 8.656530082225799561e-02
-7.739282846450805664e-01 4.329764544963836670e-01 -4.621326625347137451e-01 1.494147926568984985e-01
-1.514983326196670532e-01 5.819748044013977051e-01 7.989701032638549805e-01 -1.959829628467559814e-01
0.000000000000000000e+00 0.000000000000000000e+00 0.000000000000000000e+00 1.000000000000000000e+00
6.419673562049865723e-01 6.914834380149841309e-01 -3.312528729438781738e-01 7.105932384729385376e-02
-7.597456574440002441e-01 5.154992938041687012e-01 -3.962912559509277344e-01 1.309188753366470337e-01
-1.032682657241821289e-01 5.060740709304809570e-01 8.562855124473571777e-01 -2.183669954538345337e-01
0.000000000000000000e+00 0.000000000000000000e+00 0.000000000000000000e+00 1.000000000000000000e+00
6.562311053276062012e-01 7.094972729682922363e-01 -2.568550705909729004e-01 4.981426149606704712e-02
-7.455393075942993164e-01 5.571854114532470703e-01 -3.656713366508483887e-01 1.236810311675071716e-01
-1.163269355893135071e-01 4.314603209495544434e-01 8.946003913879394531e-01 -2.333672195672988892e-01
0.000000000000000000e+00 0.000000000000000000e+00 0.000000000000000000e+00 1.000000000000000000e+00
6.703935861587524414e-01 7.182861566543579102e-01 -1.861115097999572754e-01 2.828521654009819031e-02
-7.309135794639587402e-01 5.960547327995300293e-01 -3.323912620544433594e-01 1.145458444952964783e-01
-1.278194636106491089e-01 3.588643372058868408e-01 9.245963692665100098e-01 -2.459788620471954346e-01
0.000000000000000000e+00 0.000000000000000000e+00 0.000000000000000000e+00 1.000000000000000000e+00
6.839814782142639160e-01 7.167332768440246582e-01 -1.358750164508819580e-01 1.173560228198766708e-02
-7.212744951248168945e-01 6.365469098091125488e-01 -2.730762064456939697e-01 9.714698046445846558e-02
-1.092320829629898071e-01 2.847822606563568115e-01 9.523483514785766602e-01 -2.581074535846710205e-01
0.000000000000000000e+00 0.000000000000000000e+00 0.000000000000000000e+00 1.000000000000000000e+00
7.270038723945617676e-01 6.832526922225952148e-01 -6.805163621902465820e-02 -1.338936481624841690e-02
-6.802602410316467285e-01 7.032379508018493652e-01 -2.066448330879211426e-01 7.677172124385833740e-02
-9.333420544862747192e-02 1.965244263410568237e-01 9.760465621948242188e-01 -2.701232731342315674e-01
0.000000000000000000e+00 0.000000000000000000e+00 0.000000000000000000e+00 1.000000000000000000e+00
7.605469226837158203e-01 6.487985849380493164e-01 -2.507241815328598022e-02 -3.001574799418449402e-02
-6.448308229446411133e-01 7.502543330192565918e-01 -1.459844112396240234e-01 5.780280008912086487e-02
-7.590382546186447144e-02 1.271954774856567383e-01 9.889690876007080078e-01 -2.773787975311279297e-01
0.000000000000000000e+00 0.000000000000000000e+00 0.000000000000000000e+00 1.000000000000000000e+00
7.866094112396240234e-01 6.165198087692260742e-01 3.389338031411170959e-02 -5.234227329492568970e-02
-6.138867139816284180e-01 7.867792248725891113e-01 -6.419754773378372192e-02 3.037761710584163666e-02
-6.624568253755569458e-02 2.969168685376644135e-02 9.973614811897277832e-01 -2.832846641540527344e-01
0.000000000000000000e+00 0.000000000000000000e+00 0.000000000000000000e+00 1.000000000000000000e+00
8.100935220718383789e-01 5.811524391174316406e-01 7.752516120672225952e-02 -6.946896761655807495e-02
-5.838700532913208008e-01 8.116790056228637695e-01 1.651226542890071869e-02 3.372076665982604027e-03
-5.332938954234123230e-02 -5.864112824201583862e-02 9.968536496162414551e-01 -2.871828377246856689e-01
0.000000000000000000e+00 0.000000000000000000e+00 0.000000000000000000e+00 1.000000000000000000e+00
8.413250446319580078e-01 5.313974022865295410e-01 9.893721342086791992e-02 -8.040761202573776245e-02
-5.398696660995483398e-01 8.351412415504455566e-01 1.052588447928428650e-01 -2.789715491235256195e-02
-2.669221162796020508e-02 -1.419701576232910156e-01 9.895109534263610840e-01 -2.888731956481933594e-01
0.000000000000000000e+00 0.000000000000000000e+00 0.000000000000000000e+00 1.000000000000000000e+00
8.517571091651916504e-01 5.160346627235412598e-01 9.065272659063339233e-02 -8.151384443044662476e-02
-5.231705307960510254e-01 8.283297419548034668e-01 2.004057168960571289e-01 -6.092532724142074585e-02
2.832598984241485596e-02 -2.181238383054733276e-01 9.755099415779113770e-01 -2.886510193347930908e-01
0.000000000000000000e+00 0.000000000000000000e+00 0.000000000000000000e+00 1.000000000000000000e+00
8.512966632843017578e-01 5.217170715332031250e-01 5.572342872619628906e-02 -7.359332591295242310e-02
-5.149658322334289551e-01 8.104564547538757324e-01 2.792317569255828857e-01 -8.945851027965545654e-02
1.005186289548873901e-01 -2.664047181606292725e-01 9.586054682731628418e-01 -2.882178723812103271e-01
0.000000000000000000e+00 0.000000000000000000e+00 0.000000000000000000e+00 1.000000000000000000e+00
8.477213382720947266e-01 5.303781032562255859e-01 8.221180178225040436e-03 -6.125553697347640991e-02
-4.971543848514556885e-01 7.890239357948303223e-01 3.609411418437957764e-01 -1.185986250638961792e-01
1.849486678838729858e-01 -3.100646734237670898e-01 9.325523376464843750e-01 -2.861296236515045166e-01
0.000000000000000000e+00 0.000000000000000000e+00 0.000000000000000000e+00 1.000000000000000000e+00
8.566844463348388672e-01 5.145853757858276367e-01 -3.596573695540428162e-02 -5.036405473947525024e-02
-4.465030133724212646e-01 7.746415734291076660e-01 4.478450119495391846e-01 -1.517528295516967773e-01
2.583151459693908691e-01 -3.676030337810516357e-01 8.933874964714050293e-01 -2.801693975925445557e-01
0.000000000000000000e+00 0.000000000000000000e+00 0.000000000000000000e+00 1.000000000000000000e+00
8.678742051124572754e-01 4.908891022205352783e-01 -7.630334049463272095e-02 -3.877355530858039856e-02
-3.770523667335510254e-01 7.508954405784606934e-01 5.422056913375854492e-01 -1.880918741226196289e-01
3.234587609767913818e-01 -4.417963624000549316e-01 8.367739915847778320e-01 -2.730413973331451416e-01
0.000000000000000000e+00 0.000000000000000000e+00 0.000000000000000000e+00 1.000000000000000000e+00
8.996633291244506836e-01 4.268009662628173828e-01 -9.190137684345245361e-02 -3.384011611342430115e-02
-2.855483293533325195e-01 7.344765067100524902e-01 6.156345009803771973e-01 -2.158524543046951294e-01
3.302530348300933838e-01 -5.276221036911010742e-01 7.826542258262634277e-01 -2.656755745410919189e-01
0.000000000000000000e+00 0.000000000000000000e+00 0.000000000000000000e+00 1.000000000000000000e+00
9.132663011550903320e-01 3.771192729473114014e-01 -1.540298759937286377e-01 -1.286633033305406570e-02
-1.832425147294998169e-01 7.180130481719970703e-01 6.714757084846496582e-01 -2.388503849506378174e-01
3.638219237327575684e-01 -5.850113034248352051e-01 7.248415350914001465e-01 -2.575037181377410889e-01
0.000000000000000000e+00 0.000000000000000000e+00 0.000000000000000000e+00 1.000000000000000000e+00
8.856668472290039062e-01 3.980377614498138428e-01 -2.390818297863006592e-01 1.885224878787994385e-02
-1.133118271827697754e-01 6.846200227737426758e-01 7.200384140014648438e-01 -2.572199106216430664e-01
4.502829313278198242e-01 -6.106234788894653320e-01 6.514477729797363281e-01 -2.441159635782241821e-01
0.000000000000000000e+00 0.000000000000000000e+00 0.000000000000000000e+00 1.000000000000000000e+00
8.230726122856140137e-01 4.663975536823272705e-01 -3.240748941898345947e-01 5.395095422863960266e-02
-7.463798671960830688e-02 6.544986963272094727e-01 7.523698806762695312e-01 -2.697378695011138916e-01
5.630100369453430176e-01 -5.950666666030883789e-01 5.735113024711608887e-01 -2.258161455392837524e-01
0.000000000000000000e+00 0.000000000000000000e+00 0.000000000000000000e+00 1.000000000000000000e+00
9.438021183013916016e-01 2.490670531988143921e-01 -2.172611057758331299e-01 3.474375000223517418e-03
-2.339196205139160156e-02 7.060406804084777832e-01 7.077841758728027344e-01 -2.510169744491577148e-01
3.296811878681182861e-01 -6.629267930984497070e-01 6.721896529197692871e-01 -2.338338345289230347e-01
0.000000000000000000e+00 0.000000000000000000e+00 0.000000000000000000e+00 1.000000000000000000e+00
9.193607568740844727e-01 2.659548819065093994e-01 -2.899037301540374756e-01 2.601790614426136017e-02
1.334479748038575053e-04 7.366774678230285645e-01 6.762435436248779297e-01 -2.365268915891647339e-01
3.934158682823181152e-01 -6.217508316040039062e-01 6.772369742393493652e-01 -2.406581938266754150e-01
0.000000000000000000e+00 0.000000000000000000e+00 0.000000000000000000e+00 1.000000000000000000e+00
9.007998704910278320e-01 3.311048746109008789e-01 -2.809438705444335938e-01 2.108115702867507935e-02
-4.104163497686386108e-02 7.090087532997131348e-01 7.040043473243713379e-01 -2.443877011537551880e-01
4.322906732559204102e-01 -6.226361989974975586e-01 6.522638201713562012e-01 -2.326805889606475830e-01
0.000000000000000000e+00 0.000000000000000000e+00 0.000000000000000000e+00 1.000000000000000000e+00
8.199351429939270020e-01 4.191584289073944092e-01 -3.898874223232269287e-01 6.374596804380416870e-02
3.595732524991035461e-02 6.420232057571411133e-01 7.658415436744689941e-01 -2.724712789058685303e-01
5.713258385658264160e-01 -6.419600248336791992e-01 5.113453269004821777e-01 -1.908841133117675781e-01
0.000000000000000000e+00 0.000000000000000000e+00 0.000000000000000000e+00 1.000000000000000000e+00
7.071076631546020508e-01 5.311843752861022949e-01 -4.667355418205261230e-01 1.011042892932891846e-01
7.488421350717544556e-02 6.000987887382507324e-01 7.964131236076354980e-01 -2.857940495014190674e-01
7.031299471855163574e-01 -5.981007814407348633e-01 3.845570087432861328e-01 -1.532900184392929077e-01
0.000000000000000000e+00 0.000000000000000000e+00 0.000000000000000000e+00 1.000000000000000000e+00
5.957827568054199219e-01 6.016944646835327148e-01 -5.319836139678955078e-01 1.346874237060546875e-01
1.308304667472839355e-01 5.808194279670715332e-01 8.034503459930419922e-01 -2.915851473808288574e-01
7.924176454544067383e-01 -5.482813119888305664e-01 2.673223912715911865e-01 -1.128677278757095337e-01
0.000000000000000000e+00 0.000000000000000000e+00 0.000000000000000000e+00 1.000000000000000000e+00
4.639247655868530273e-01 6.419764757156372070e-01 -6.104421019554138184e-01 1.737093925476074219e-01
2.557426989078521729e-01 5.626878738403320312e-01 7.861151099205017090e-01 -2.913160920143127441e-01
8.481565117835998535e-01 -5.208146572113037109e-01 9.686414897441864014e-02 -5.094735696911811829e-02
0.000000000000000000e+00 0.000000000000000000e+00 0.000000000000000000e+00 1.000000000000000000e+00
4.734291136264801025e-01 6.056768894195556641e-01 -6.395471692085266113e-01 1.860713660717010498e-01
3.332290947437286377e-01 5.489535331726074219e-01 7.665561437606811523e-01 -2.879460752010345459e-01
8.153668642044067383e-01 -5.760255455970764160e-01 5.806146562099456787e-02 -2.890478260815143585e-02
0.000000000000000000e+00 0.000000000000000000e+00 0.000000000000000000e+00 1.000000000000000000e+00
6.816193461418151855e-01 3.567598462104797363e-01 -6.388405561447143555e-01 1.833586990833282471e-01
3.982313573360443115e-01 5.515740513801574707e-01 7.329242229461669922e-01 -2.790798842906951904e-01
6.138454675674438477e-01 -7.539815902709960938e-01 2.338906675577163696e-01 -6.545210629701614380e-02
0.000000000000000000e+00 0.000000000000000000e+00 0.000000000000000000e+00 1.000000000000000000e+00
6.397622227668762207e-01 3.297205865383148193e-01 -6.942541003227233887e-01 2.178123593330383301e-01
4.535623192787170410e-01 5.672712922096252441e-01 6.873752474784851074e-01 -2.635736167430877686e-01
6.204721927642822266e-01 -7.546439766883850098e-01 2.133697718381881714e-01 -5.046292766928672791e-02
