0.4639746844768524 0.8206025958061218 -0.3336749672889709 0.08559604734182358 
-0.8061544299125671 0.2349933832883835 -0.5430406332015991 0.1720293611288071 
-0.3672091364860535 0.5209506750106812 0.7705633640289307 -0.1541758030653 
0 0 0 1 

0.4321581423282623 0.8379766345024109 -0.3332182466983795 0.09090889990329742 
-0.7877040505409241 0.1708718091249466 -0.5918827056884766 0.182699903845787 
-0.4390462934970856 0.5182642936706543 0.7339212894439697 -0.1386857181787491 
0 0 0 1 

0.3964029252529144 0.8588608503341675 -0.324380487203598 0.09580381214618683 
-0.7786997556686401 0.1273807883262634 -0.6143295168876648 0.1847846508026123 
-0.4863037765026093 0.4961170554161072 0.7192889451980591 -0.128158837556839 
0 0 0 1 

0.08905506879091263 0.9749722480773926 -0.2037110775709152 0.08849846571683884 
-0.784746527671814 -0.0572710745036602 -0.6171650290489197 0.1669424474239349 
-0.6133855581283569 0.2148231863975525 0.7600059509277344 -0.1299942135810852 
0 0 0 1 

-0.06782256066799164 0.9785196185112 -0.1946773827075958 0.08754314482212067 
-0.7900300621986389 -0.1718392074108124 -0.5884926915168762 0.1507077813148499 
-0.6093049049377441 0.1138879209756851 0.7847146391868591 -0.1366011202335358 
0 0 0 1 

-0.1920464783906937 0.9583785533905029 -0.2112552672624588 0.09064233303070068 
-0.7511560916900635 -0.2820791006088257 -0.5968216061592102 0.1550190597772598 
-0.6315717101097107 0.04406822100281715 0.7740641236305237 -0.1321800500154495 
0 0 0 1 

-0.2359665930271149 0.9549837112426758 -0.1797943413257599 0.08954805135726929 
-0.7078559398651123 -0.2956777215003967 -0.6414941549301147 0.1696863323450089 
-0.6657775640487671 -0.02410273253917694 0.7457609176635742 -0.1221236735582352 
0 0 0 1 

-0.3371913433074951 0.930250346660614 -0.1446938961744308 0.09289472550153732 
-0.6941933035850525 -0.3495009541511536 -0.6292414665222168 0.1638481616973877 
-0.6359227299690247 -0.1117292121052742 0.7636222243309021 -0.118890218436718 
0 0 0 1 

0.5406585931777954 0.7694798111915588 -0.3399839401245117 0.07495062798261642 
-0.7669982314109802 0.2848867177963257 -0.574937641620636 0.1742292791604996 
-0.3455460071563721 0.5716120600700378 0.7442160844802856 -0.1573650687932968 
0 0 0 1 

0.9103028774261475 0.1536242216825485 -0.3843802809715271 0.08942350000143051 
-0.3722893893718719 0.7097985148429871 -0.5979854464530945 0.1775622516870499 
0.1809674948453903 0.6874485611915588 0.7033243179321289 -0.1464321166276932 
0 0 0 1 

