1.000000000000000000e+00 0.000000000000000000e+00 0.000000000000000000e+00 -1.792658120393753052e-02
0.000000000000000000e+00 1.000000000000000000e+00 0.000000000000000000e+00 2.243540808558464050e-02
0.000000000000000000e+00 0.000000000000000000e+00 1.000000000000000000e+00 -3.816788792610168457e-01
0.000000000000000000e+00 0.000000000000000000e+00 0.000000000000000000e+00 1.000000000000000000e+00
9.976061582565307617e-01 5.234333127737045288e-02 -4.518983885645866394e-02 1.463273656554520130e-03
-5.342265218496322632e-02 9.983067512512207031e-01 -2.301562950015068054e-02 2.816285192966461182e-02
4.390861093997955322e-02 2.537468075752258301e-02 9.987132549285888672e-01 -3.784378767013549805e-01
0.000000000000000000e+00 0.000000000000000000e+00 0.000000000000000000e+00 1.000000000000000000e+00
9.869319796562194824e-01 6.386657804250717163e-02 -1.479404717683792114e-01 4.319040849804878235e-02
-6.824570894241333008e-02 9.973624944686889648e-01 -2.471094578504562378e-02 2.951865270733833313e-02
1.459720730781555176e-01 3.448431566357612610e-02 9.886875152587890625e-01 -3.721188306808471680e-01
0.000000000000000000e+00 0.000000000000000000e+00 0.000000000000000000e+00 1.000000000000000000e+00
9.982612133026123047e-01 4.476041346788406372e-02 -3.835281729698181152e-02 9.116398359765298665e-06
-4.457073658704757690e-02 9.989894032478332520e-01 5.786751862615346909e-03 1.771004498004913330e-02
3.857308626174926758e-02 -4.067208152264356613e-03 9.992474913597106934e-01 -3.690523505210876465e-01
0.000000000000000000e+00 0.000000000000000000e+00 0.000000000000000000e+00 1.000000000000000000e+00
9.928844571113586426e-01 5.749590322375297546e-02 -1.042816191911697388e-01 2.805650793015956879e-02
-5.429911613464355469e-02 9.979712367057800293e-01 3.324170783162117004e-02 1.058957073837518692e-02
1.059813424944877625e-01 -2.734274044632911682e-02 9.939920902252197266e-01 -3.665749132633209229e-01
0.000000000000000000e+00 0.000000000000000000e+00 0.000000000000000000e+00 1.000000000000000000e+00
1.146605089306831360e-01 9.829981625080108643e-02 -9.885292649269104004e-01 4.021479189395904541e-01
-3.894866630434989929e-02 9.947717785835266113e-01 9.440290182828903198e-02 -8.804842829704284668e-03
9.926408529281616211e-01 2.767761237919330597e-02 1.178897172212600708e-01 -4.364521056413650513e-02
0.000000000000000000e+00 0.000000000000000000e+00 0.000000000000000000e+00 1.000000000000000000e+00
8.843807876110076904e-02 1.114432439208030701e-01 -9.898279905319213867e-01 4.002718627452850342e-01
-2.783847041428089142e-02 9.936099648475646973e-01 1.093817800283432007e-01 -1.013632398098707199e-02
9.956926107406616211e-01 1.788178645074367523e-02 9.097543358802795410e-02 -2.626320719718933105e-02
0.000000000000000000e+00 0.000000000000000000e+00 0.000000000000000000e+00 1.000000000000000000e+00
8.870868384838104248e-02 1.071104183793067932e-01 -9.902817010879516602e-01 3.963952064514160156e-01
-2.666521072387695312e-02 9.941002726554870605e-01 1.051347926259040833e-01 -4.132655449211597443e-03
9.957004189491271973e-01 1.707972027361392975e-02 9.104151278734207153e-02 -1.841388270258903503e-02
0.000000000000000000e+00 0.000000000000000000e+00 0.000000000000000000e+00 1.000000000000000000e+00
1.011122614145278931e-01 1.015893220901489258e-01 -9.896746873855590820e-01 3.919891119003295898e-01
-3.646070882678031921e-02 9.944829344749450684e-01 9.835779666900634766e-02 1.869558764155954123e-04
9.942063093185424805e-01 2.613907121121883392e-02 1.042583659291267395e-01 -1.387081760913133621e-02
0.000000000000000000e+00 0.000000000000000000e+00 0.000000000000000000e+00 1.000000000000000000e+00
1.161417439579963684e-01 1.076127514243125916e-01 -9.873857498168945312e-01 3.886626958847045898e-01
-5.829568952322006226e-02 9.931380152702331543e-01 1.013826727867126465e-01 7.417348679155111313e-04
9.915202856063842773e-01 4.578559473156929016e-02 1.216181516647338867e-01 -1.111993007361888885e-02
0.000000000000000000e+00 0.000000000000000000e+00 0.000000000000000000e+00 1.000000000000000000e+00
1.361045539379119873e-01 9.636058658361434937e-02 -9.859970211982727051e-01 3.852962553501129150e-01
-8.206166326999664307e-02 9.929345250129699707e-01 8.571097999811172485e-02 8.958945050835609436e-03
9.872900843620300293e-01 6.924696266651153564e-02 1.430504918098449707e-01 -9.413981810212135315e-03
0.000000000000000000e+00 0.000000000000000000e+00 0.000000000000000000e+00 1.000000000000000000e+00
1.350391209125518799e-01 8.967420458793640137e-02 -9.867739677429199219e-01 3.838103413581848145e-01
-1.104749366641044617e-01 9.910494089126586914e-01 7.494435459375381470e-02 1.640877500176429749e-02
9.846622943878173828e-01 9.889337420463562012e-02 1.437371820211410522e-01 -1.033750246278941631e-03
0.000000000000000000e+00 0.000000000000000000e+00 0.000000000000000000e+00 1.000000000000000000e+00
1.479160338640213013e-01 1.026958599686622620e-01 -9.836534857749938965e-01 3.838615119457244873e-01
-1.095567941665649414e-01 9.901745915412902832e-01 8.690218627452850342e-02 1.562856137752532959e-02
9.829128980636596680e-01 9.491167962551116943e-02 1.577136516571044922e-01 -5.908809835091233253e-04
0.000000000000000000e+00 0.000000000000000000e+00 0.000000000000000000e+00 1.000000000000000000e+00
1.544182300567626953e-01 1.124122068285942078e-01 -9.815900325775146484e-01 3.847958445549011230e-01
-1.364152133464813232e-01 9.864167571067810059e-01 9.150494635105133057e-02 1.743016205728054047e-02
9.785426855087280273e-01 1.197737827897071838e-01 1.676553487777709961e-01 1.839301199652254581e-03
0.000000000000000000e+00 0.000000000000000000e+00 0.000000000000000000e+00 1.000000000000000000e+00
1.721596419811248779e-01 1.192497238516807556e-01 -9.778243899345397949e-01 3.861911892890930176e-01
-1.509708613157272339e-01 9.841122031211853027e-01 9.343600273132324219e-02 1.953085511922836304e-02
9.734313488006591797e-01 1.315370947122573853e-01 1.874277442693710327e-01 3.740856191143393517e-04
0.000000000000000000e+00 0.000000000000000000e+00 0.000000000000000000e+00 1.000000000000000000e+00
1.769165694713592529e-01 1.302517652511596680e-01 -9.755690693855285645e-01 3.879040777683258057e-01
-1.790150403976440430e-01 9.789293408393859863e-01 9.823653101921081543e-02 1.977360434830188751e-02
9.678088426589965820e-01 1.572618484497070312e-01 1.965058594942092896e-01 5.974898114800453186e-03
0.000000000000000000e+00 0.000000000000000000e+00 0.000000000000000000e+00 1.000000000000000000e+00
2.119694054126739502e-01 1.364516764879226685e-01 -9.677037000656127930e-01 3.893429934978485107e-01
-1.910858750343322754e-01 9.768787026405334473e-01 9.588923305273056030e-02 2.384840138256549835e-02
9.584129452705383301e-01 1.645889580249786377e-01 2.331423908472061157e-01 3.845434403046965599e-04
0.000000000000000000e+00 0.000000000000000000e+00 0.000000000000000000e+00 1.000000000000000000e+00
2.479625046253204346e-01 1.407821029424667358e-01 -9.584858417510986328e-01 3.900732398033142090e-01
-2.207661122083663940e-01 9.715636968612670898e-01 8.559033274650573730e-02 2.851839922368526459e-02
9.432799220085144043e-01 1.903779357671737671e-01 2.719912230968475342e-01 -5.379602313041687012e-03
0.000000000000000000e+00 0.000000000000000000e+00 0.000000000000000000e+00 1.000000000000000000e+00
3.143042623996734619e-01 1.649706214666366577e-01 -9.348781108856201172e-01 3.944829106330871582e-01
-2.364909797906875610e-01 9.673447608947753906e-01 9.119193255901336670e-02 2.602927945554256439e-02
9.193936586380004883e-01 1.924282759428024292e-01 3.430548012256622314e-01 -1.695077121257781982e-02
0.000000000000000000e+00 0.000000000000000000e+00 0.000000000000000000e+00 1.000000000000000000e+00
3.749994635581970215e-01 2.212055027484893799e-01 -9.002462625503540039e-01 4.094243049621582031e-01
-2.423338145017623901e-01 9.607368111610412598e-01 1.351244598627090454e-01 1.047550607472658157e-02
8.947902917861938477e-01 1.674886047840118408e-01 4.138814806938171387e-01 -2.783939614892005920e-02
0.000000000000000000e+00 0.000000000000000000e+00 0.000000000000000000e+00 1.000000000000000000e+00
3.956239819526672363e-01 2.441920638084411621e-01 -8.853538632392883301e-01 4.151597023010253906e-01
-2.749856114387512207e-01 9.512748122215270996e-01 1.394954770803451538e-01 1.022736728191375732e-02
8.762786388397216797e-01 1.882719248533248901e-01 4.434965848922729492e-01 -3.972739726305007935e-02
0.000000000000000000e+00 0.000000000000000000e+00 0.000000000000000000e+00 1.000000000000000000e+00
3.723051249980926514e-01 2.514316737651824951e-01 -8.934039473533630371e-01 4.066886901855468750e-01
-2.061837762594223022e-01 9.609580039978027344e-01 1.845211982727050781e-01 -9.611973538994789124e-03
9.049181342124938965e-01 1.155072748661041260e-01 4.096106886863708496e-01 -3.469702601432800293e-02
0.000000000000000000e+00 0.000000000000000000e+00 0.000000000000000000e+00 1.000000000000000000e+00
3.771683871746063232e-01 2.502887547016143799e-01 -8.916835784912109375e-01 4.005855321884155273e-01
-1.693026572465896606e-01 9.652000665664672852e-01 1.993119120597839355e-01 -1.660499721765518188e-02
9.105387926101684570e-01 7.579024881124496460e-02 4.064176082611083984e-01 -3.733729198575019836e-02
0.000000000000000000e+00 0.000000000000000000e+00 0.000000000000000000e+00 1.000000000000000000e+00
3.368720710277557373e-01 2.692799270153045654e-01 -9.022226333618164062e-01 3.793921470642089844e-01
-7.521337270736694336e-02 9.628647565841674805e-01 2.592962384223937988e-01 -4.780159890651702881e-02
9.385414123535156250e-01 -1.949037797749042511e-02 3.446156084537506104e-01 -2.349086850881576538e-02
0.000000000000000000e+00 0.000000000000000000e+00 0.000000000000000000e+00 1.000000000000000000e+00
3.184839487075805664e-01 3.066759109497070312e-01 -8.969491124153137207e-01 3.586193919181823730e-01
-3.080700896680355072e-02 9.490694403648376465e-01 3.135575354099273682e-01 -7.654837518930435181e-02
9.474276304244995117e-01 -7.223071902990341187e-02 3.117111623287200928e-01 -1.610339805483818054e-02
0.000000000000000000e+00 0.000000000000000000e+00 0.000000000000000000e+00 1.000000000000000000e+00
3.280647993087768555e-01 3.625285327434539795e-01 -8.723223805427551270e-01 3.398676812648773193e-01
1.032385602593421936e-02 9.219984412193298340e-01 3.870559334754943848e-01 -1.056117489933967590e-01
9.445988535881042480e-01 -1.359851509332656860e-01 2.987326681613922119e-01 -1.359584461897611618e-02
0.000000000000000000e+00 0.000000000000000000e+00 0.000000000000000000e+00 1.000000000000000000e+00
3.652409017086029053e-01 3.854764699935913086e-01 -8.473529219627380371e-01 3.242135941982269287e-01
5.432972684502601624e-02 8.998604416847229004e-01 4.327812194824218750e-01 -1.232406571507453918e-01
9.293262958526611328e-01 -2.041058689355850220e-01 3.077229559421539307e-01 -2.004883997142314911e-02
0.000000000000000000e+00 0.000000000000000000e+00 0.000000000000000000e+00 1.000000000000000000e+00
4.169087707996368408e-01 4.241601824760437012e-01 -8.039122223854064941e-01 3.012537360191345215e-01
1.212022677063941956e-01 8.506021499633789062e-01 5.116502046585083008e-01 -1.527249962091445923e-01
9.008315801620483398e-01 -3.107474148273468018e-01 3.032144010066986084e-01 -2.322836220264434814e-02
0.000000000000000000e+00 0.000000000000000000e+00 0.000000000000000000e+00 1.000000000000000000e+00
4.327150285243988037e-01 4.599882662296295166e-01 -7.753503918647766113e-01 2.867817878723144531e-01
1.425898224115371704e-01 8.142922520637512207e-01 5.626688599586486816e-01 -1.720344275236129761e-01
8.901831507682800293e-01 -3.540323674678802490e-01 2.867668569087982178e-01 -2.058774419128894806e-02
0.000000000000000000e+00 0.000000000000000000e+00 0.000000000000000000e+00 1.000000000000000000e+00
4.319472908973693848e-01 5.147820115089416504e-01 -7.405542731285095215e-01 2.688214480876922607e-01
1.630705893039703369e-01 7.629956603050231934e-01 6.254966259002685547e-01 -1.927179694175720215e-01
8.870339989662170410e-01 -3.909441530704498291e-01 2.456281334161758423e-01 -9.843898005783557892e-03
0.000000000000000000e+00 0.000000000000000000e+00 0.000000000000000000e+00 1.000000000000000000e+00
4.847442209720611572e-01 5.113941431045532227e-01 -7.095766663551330566e-01 2.541283965110778809e-01
1.685438007116317749e-01 7.414450049400329590e-01 6.495013236999511719e-01 -2.008302062749862671e-01
8.582632541656494141e-01 -4.344367682933807373e-01 2.732188105583190918e-01 -2.143036015331745148e-02
0.000000000000000000e+00 0.000000000000000000e+00 0.000000000000000000e+00 1.000000000000000000e+00
4.765218198299407959e-01 5.327169895172119141e-01 -6.993852853775024414e-01 2.436572164297103882e-01
1.816720068454742432e-01 7.186766266822814941e-01 6.711919307708740234e-01 -2.073453813791275024e-01
8.601872324943542480e-01 -4.468962848186492920e-01 2.456855177879333496e-01 -1.538022700697183609e-02
0.000000000000000000e+00 0.000000000000000000e+00 0.000000000000000000e+00 1.000000000000000000e+00
4.571079909801483154e-01 5.802245736122131348e-01 -6.740857362747192383e-01 2.287611067295074463e-01
1.807398051023483276e-01 6.814885139465332031e-01 7.091591358184814453e-01 -2.182994484901428223e-01
8.708531260490417480e-01 -4.459963440895080566e-01 2.066442817449569702e-01 -6.561197340488433838e-03
0.000000000000000000e+00 0.000000000000000000e+00 0.000000000000000000e+00 1.000000000000000000e+00
4.016261696815490723e-01 6.584535837173461914e-01 -6.365023851394653320e-01 2.062736451625823975e-01
1.477956622838973999e-01 6.393081545829772949e-01 7.546131014823913574e-01 -2.297032028436660767e-01
9.037990570068359375e-01 -3.971448540687561035e-01 1.594463586807250977e-01 -7.096728077158331871e-04
0.000000000000000000e+00 0.000000000000000000e+00 0.000000000000000000e+00 1.000000000000000000e+00
2.893106341361999512e-01 7.245894670486450195e-01 -6.255152821540832520e-01 1.978386938571929932e-01
1.359719783067703247e-01 6.157266497611999512e-01 7.761394381523132324e-01 -2.340249717235565186e-01
9.475289583206176758e-01 -3.095979690551757812e-01 7.961236685514450073e-02 1.755792647600173950e-02
0.000000000000000000e+00 0.000000000000000000e+00 0.000000000000000000e+00 1.000000000000000000e+00
3.459765613079071045e-01 7.527540922164916992e-01 -5.600546002388000488e-01 1.742305457592010498e-01
1.286232173442840576e-01 5.532298088073730469e-01 8.230386972427368164e-01 -2.439990192651748657e-01
9.293848872184753418e-01 -3.567880988121032715e-01 9.458298236131668091e-02 2.656062133610248566e-03
0.000000000000000000e+00 0.000000000000000000e+00 0.000000000000000000e+00 1.000000000000000000e+00
4.722253978252410889e-01 7.229381799697875977e-01 -5.043444633483886719e-01 1.540438830852508545e-01
1.168164834380149841e-01 5.157862305641174316e-01 8.487158417701721191e-01 -2.470621764659881592e-01
8.737029433250427246e-01 -4.597007930278778076e-01 1.591161340475082397e-01 -2.345410734415054321e-02
0.000000000000000000e+00 0.000000000000000000e+00 0.000000000000000000e+00 1.000000000000000000e+00
6.018855571746826172e-01 6.861585378646850586e-01 -4.085584580898284912e-01 1.212267354130744934e-01
4.394342005252838135e-02 4.823723733425140381e-01 8.748633861541748047e-01 -2.471639066934585571e-01
7.973722815513610840e-01 -5.445209741592407227e-01 2.601807415485382080e-01 -5.600467696785926819e-02
0.000000000000000000e+00 0.000000000000000000e+00 0.000000000000000000e+00 1.000000000000000000e+00
6.950013637542724609e-01 6.461498141288757324e-01 -3.153783977031707764e-01 9.752951562404632568e-02
-1.623868569731712341e-02 4.526236653327941895e-01 8.915540575981140137e-01 -2.434713542461395264e-01
7.188252806663513184e-01 -6.145095825195312500e-01 3.250666558742523193e-01 -7.433653622865676880e-02
0.000000000000000000e+00 0.000000000000000000e+00 0.000000000000000000e+00 1.000000000000000000e+00
6.937333941459655762e-01 6.909432411193847656e-01 -2.033011168241500854e-01 7.336588203907012939e-02
-9.532848745584487915e-02 3.678756356239318848e-01 9.249756932258605957e-01 -2.549771070480346680e-01
7.138953208923339844e-01 -6.223062872886657715e-01 3.210743665695190430e-01 -6.979456543922424316e-02
0.000000000000000000e+00 0.000000000000000000e+00 0.000000000000000000e+00 1.000000000000000000e+00
6.829288005828857422e-01 7.264625430107116699e-01 -7.655092328786849976e-02 3.937878087162971497e-02
-1.685953587293624878e-01 2.587170898914337158e-01 9.511259794235229492e-01 -2.715640664100646973e-01
7.107625603675842285e-01 -6.366456151008605957e-01 2.991636693477630615e-01 -5.991070345044136047e-02
0.000000000000000000e+00 0.000000000000000000e+00 0.000000000000000000e+00 1.000000000000000000e+00
6.988961696624755859e-01 7.142488956451416016e-01 3.732181712985038757e-02 2.969914814457297325e-03
-2.009744048118591309e-01 1.460394263267517090e-01 9.686490893363952637e-01 -2.850935459136962891e-01
6.864062547683715820e-01 -6.844859719276428223e-01 2.456121146678924561e-01 -4.346690699458122253e-02
0.000000000000000000e+00 0.000000000000000000e+00 0.000000000000000000e+00 1.000000000000000000e+00
7.080709934234619141e-01 6.911497116088867188e-01 1.447329074144363403e-01 -3.662554547190666199e-02
-2.377471029758453369e-01 4.033866152167320251e-02 9.704892039299011230e-01 -2.918411195278167725e-01
6.649150252342224121e-01 -7.215850949287414551e-01 1.928815543651580811e-01 -2.826719731092453003e-02
0.000000000000000000e+00 0.000000000000000000e+00 0.000000000000000000e+00 1.000000000000000000e+00
7.230760455131530762e-01 6.492708921432495117e-01 2.358148992061614990e-01 -7.470048964023590088e-02
-2.422441393136978149e-01 -8.135974407196044922e-02 9.667980670928955078e-01 -2.978781163692474365e-01
6.468995809555053711e-01 -7.561931610107421875e-01 9.845279902219772339e-02 -6.897012935951352119e-04
0.000000000000000000e+00 0.000000000000000000e+00 0.000000000000000000e+00 1.000000000000000000e+00
6.836984157562255859e-01 7.190023660659790039e-01 1.248685866594314575e-01 -3.044441714882850647e-02
-2.986040115356445312e-01 1.195007413625717163e-01 9.468658566474914551e-01 -2.741634547710418701e-01
6.658770442008972168e-01 -6.846569776535034180e-01 2.963995039463043213e-01 -7.284984737634658813e-02
0.000000000000000000e+00 0.000000000000000000e+00 0.000000000000000000e+00 1.000000000000000000e+00
6.680054068565368652e-01 7.413033246994018555e-01 6.509739905595779419e-02 -7.881659083068370819e-03
-3.763866126537322998e-01 2.611116170883178711e-01 8.889060616493225098e-01 -2.465528845787048340e-01
6.419514417648315430e-01 -6.182959079742431641e-01 4.534407854080200195e-01 -1.175437793135643005e-01
0.000000000000000000e+00 0.000000000000000000e+00 0.000000000000000000e+00 1.000000000000000000e+00
6.523481011390686035e-01 7.572299838066101074e-01 -3.232438117265701294e-02 2.352299541234970093e-02
-4.431044757366180420e-01 4.156379699707031250e-01 7.942944765090942383e-01 -2.054159641265869141e-01
6.148986220359802246e-01 -5.038331747055053711e-01 6.066725254058837891e-01 -1.574383080005645752e-01
0.000000000000000000e+00 0.000000000000000000e+00 0.000000000000000000e+00 1.000000000000000000e+00
6.295466423034667969e-01 7.687180042266845703e-01 -1.128878667950630188e-01 4.750161245465278625e-02
-5.142880082130432129e-01 5.211967825889587402e-01 6.810739636421203613e-01 -1.622063219547271729e-01
5.823904275894165039e-01 -3.707108497619628906e-01 7.234598398208618164e-01 -1.834669560194015503e-01
0.000000000000000000e+00 0.000000000000000000e+00 0.000000000000000000e+00 1.000000000000000000e+00
6.345729231834411621e-01 7.609139680862426758e-01 -1.353756636381149292e-01 5.326586961746215820e-02
-5.717415809631347656e-01 5.800400376319885254e-01 5.802282094955444336e-01 -1.281549930572509766e-01
5.200272798538208008e-01 -2.907972931861877441e-01 8.031240701675415039e-01 -1.996477097272872925e-01
0.000000000000000000e+00 0.000000000000000000e+00 0.000000000000000000e+00 1.000000000000000000e+00
6.168876886367797852e-01 7.773059010505676270e-01 -1.234698742628097534e-01 4.669760912656784058e-02
-6.628280878067016602e-01 5.976802706718444824e-01 4.510395824909210205e-01 -9.254169464111328125e-02
4.243912398815155029e-01 -1.964013725519180298e-01 8.839220404624938965e-01 -2.160048633813858032e-01
0.000000000000000000e+00 0.000000000000000000e+00 0.000000000000000000e+00 1.000000000000000000e+00
6.032181978225708008e-01 7.830088138580322266e-01 -1.517388224601745605e-01 4.983737692236900330e-02
-7.098016738891601562e-01 6.137939095497131348e-01 3.455985486507415771e-01 -6.232295557856559753e-02
3.637431859970092773e-01 -1.007667928934097290e-01 9.260327816009521484e-01 -2.225706428289413452e-01
0.000000000000000000e+00 0.000000000000000000e+00 0.000000000000000000e+00 1.000000000000000000e+00
5.876585245132446289e-01 7.845398783683776855e-01 -1.978756934404373169e-01 5.801192671060562134e-02
-7.536693215370178223e-01 6.197392344474792480e-01 2.188743501901626587e-01 -2.512816712260246277e-02
2.943469285964965820e-01 2.050948701798915863e-02 9.554784297943115234e-01 -2.250778824090957642e-01
0.000000000000000000e+00 0.000000000000000000e+00 0.000000000000000000e+00 1.000000000000000000e+00
5.725601315498352051e-01 7.932248115539550781e-01 -2.072894871234893799e-01 5.899273604154586792e-02
-7.836120128631591797e-01 6.038144826889038086e-01 1.461510360240936279e-01 -5.400040652602910995e-03
2.410950660705566406e-01 7.875432074069976807e-02 9.673008322715759277e-01 -2.260000258684158325e-01
0.000000000000000000e+00 0.000000000000000000e+00 0.000000000000000000e+00 1.000000000000000000e+00
5.485541820526123047e-01 8.101974129676818848e-01 -2.065629214048385620e-01 5.569719523191452026e-02
-8.264137506484985352e-01 5.629075765609741211e-01 1.323307305574417114e-02 2.939549647271633148e-02
1.269971877336502075e-01 1.634474396705627441e-01 9.783439040184020996e-01 -2.261856347322463989e-01
0.000000000000000000e+00 0.000000000000000000e+00 0.000000000000000000e+00 1.000000000000000000e+00
5.299994349479675293e-01 8.237008452415466309e-01 -2.015376389026641846e-01 5.170276761054992676e-02
-8.479970097541809082e-01 5.151678323745727539e-01 -1.245114803314208984e-01 6.577892601490020752e-02
1.265474013052880764e-03 2.368943393230438232e-01 9.715346097946166992e-01 -2.218672186136245728e-01
0.000000000000000000e+00 0.000000000000000000e+00 0.000000000000000000e+00 1.000000000000000000e+00
5.338546037673950195e-01 8.195807933807373047e-01 -2.080539166927337646e-01 5.025520920753479004e-02
-8.390486240386962891e-01 4.829339683055877686e-01 -2.505435645580291748e-01 9.764253348112106323e-02
-1.048644259572029114e-01 3.083212077617645264e-01 9.454847574234008789e-01 -2.110571563243865967e-01
0.000000000000000000e+00 0.000000000000000000e+00 0.000000000000000000e+00 1.000000000000000000e+00
4.870983660221099854e-01 8.402429819107055664e-01 -2.381737679243087769e-01 5.752504989504814148e-02
-8.431468009948730469e-01 3.813334107398986816e-01 -3.790621161460876465e-01 1.308679878711700439e-01
-2.276807874441146851e-01 3.854559659957885742e-01 8.941952586174011230e-01 -1.919229626655578613e-01
0.000000000000000000e+00 0.000000000000000000e+00 0.000000000000000000e+00 1.000000000000000000e+00
4.637402892112731934e-01 8.476915359497070312e-01 -2.576121091842651367e-01 6.277794390916824341e-02
-8.237211704254150391e-01 3.054613769054412842e-01 -4.776783287525177002e-01 1.561855971813201904e-01
-3.262333273887634277e-01 4.337191879749298096e-01 8.399162888526916504e-01 -1.740344762802124023e-01
0.000000000000000000e+00 0.000000000000000000e+00 0.000000000000000000e+00 1.000000000000000000e+00
4.467771053314208984e-01 8.461142182350158691e-01 -2.906557917594909668e-01 7.463093101978302002e-02
-8.049680590629577637e-01 2.384137213230133057e-01 -5.433094501495361328e-01 1.725230365991592407e-01
-3.904056251049041748e-01 4.767068624496459961e-01 7.876128554344177246e-01 -1.575102061033248901e-01
0.000000000000000000e+00 0.000000000000000000e+00 0.000000000000000000e+00 1.000000000000000000e+00
4.177519977092742920e-01 8.535908460617065430e-01 -3.112327754497528076e-01 8.537364751100540161e-02
-7.872923612594604492e-01 1.691114604473114014e-01 -5.929353237152099609e-01 1.830769330263137817e-01
-4.534911811351776123e-01 4.927310943603515625e-01 7.426722645759582520e-01 -1.405516266822814941e-01
0.000000000000000000e+00 0.000000000000000000e+00 0.000000000000000000e+00 1.000000000000000000e+00
3.863427340984344482e-01 8.690519928932189941e-01 -3.090110719203948975e-01 9.190371632575988770e-02
-7.781985402107238770e-01 1.272814869880676270e-01 -6.149848103523254395e-01 1.852173507213592529e-01
-4.951224327087402344e-01 4.780669510364532471e-01 7.254693508148193359e-01 -1.296030431985855103e-01
0.000000000000000000e+00 0.000000000000000000e+00 0.000000000000000000e+00 1.000000000000000000e+00
3.052752614021301270e-01 9.084737896919250488e-01 -2.854511141777038574e-01 9.470149874687194824e-02
-7.714467048645019531e-01 6.019704416394233704e-02 -6.334400773048400879e-01 1.842155605554580688e-01
-5.582802891731262207e-01 4.135839343070983887e-01 7.192158699035644531e-01 -1.216781809926033020e-01
0.000000000000000000e+00 0.000000000000000000e+00 0.000000000000000000e+00 1.000000000000000000e+00
8.878696709871292114e-02 9.750004410743713379e-01 -2.036933749914169312e-01 8.777248859405517578e-02
-7.828156948089599609e-01 -5.814405530691146851e-02 -6.195310950279235840e-01 1.678062677383422852e-01
-6.158866286277770996e-01 2.144606411457061768e-01 7.580832839012145996e-01 -1.295401751995086670e-01
0.000000000000000000e+00 0.000000000000000000e+00 0.000000000000000000e+00 1.000000000000000000e+00
-7.013640552759170532e-02 9.775654077529907227e-01 -1.986123323440551758e-01 8.802795410156250000e-02
-7.887089848518371582e-01 -1.762462556362152100e-01 -5.889612436294555664e-01 1.511236876249313354e-01
-6.107528209686279297e-01 1.153396964073181152e-01 7.833759188652038574e-01 -1.362237930297851562e-01
0.000000000000000000e+00 0.000000000000000000e+00 0.000000000000000000e+00 1.000000000000000000e+00
-1.944128870964050293e-01 9.562982320785522461e-01 -2.183964997529983521e-01 9.147904813289642334e-02
-7.475531697273254395e-01 -2.885968685150146484e-01 -5.982273817062377930e-01 1.552604883909225464e-01
-6.351124048233032227e-01 4.695983976125717163e-02 7.709909081459045410e-01 -1.313349604606628418e-01
0.000000000000000000e+00 0.000000000000000000e+00 0.000000000000000000e+00 1.000000000000000000e+00
-2.221188247203826904e-01 9.537348151206970215e-01 -2.026153206825256348e-01 9.385003149509429932e-02
-7.078268527984619141e-01 -3.006454408168792725e-01 -6.392129659652709961e-01 1.692728400230407715e-01
-6.705551147460937500e-01 1.435334910638630390e-03 7.418583035469055176e-01 -1.205190271139144897e-01
0.000000000000000000e+00 0.000000000000000000e+00 0.000000000000000000e+00 1.000000000000000000e+00
-2.831713557243347168e-01 9.346761703491210938e-01 -2.149287760257720947e-01 1.058463901281356812e-01
-6.935677528381347656e-01 -3.543526530265808105e-01 -6.272144913673400879e-01 1.634992361068725586e-01
-6.624030470848083496e-01 -2.854161337018013000e-02 7.486037611961364746e-01 -1.119822710752487183e-01
0.000000000000000000e+00 0.000000000000000000e+00 0.000000000000000000e+00 1.000000000000000000e+00
2.532455921173095703e-01 9.017361402511596680e-01 -3.503407239913940430e-01 9.159597009420394897e-02
-7.380865812301635742e-01 -5.400834605097770691e-02 -6.725409030914306641e-01 1.826680600643157959e-01
-6.253758668899536133e-01 4.288998246192932129e-01 6.518819928169250488e-01 -9.866756200790405273e-02
0.000000000000000000e+00 0.000000000000000000e+00 0.000000000000000000e+00 1.000000000000000000e+00
5.174682140350341797e-01 8.048539161682128906e-01 -2.905800342559814453e-01 6.212004646658897400e-02
-7.651861906051635742e-01 2.832277715206146240e-01 -5.781625509262084961e-01 1.749667525291442871e-01
-3.830361664295196533e-01 5.215284824371337891e-01 7.624245882034301758e-01 -1.599883139133453369e-01
0.000000000000000000e+00 0.000000000000000000e+00 0.000000000000000000e+00 1.000000000000000000e+00
5.506325960159301758e-01 8.076733350753784180e-01 -2.108730673789978027e-01 3.862278908491134644e-02
-7.704412937164306641e-01 3.944998979568481445e-01 -5.007892847061157227e-01 1.579225957393646240e-01
-3.212847709655761719e-01 4.382162094116210938e-01 8.394895195960998535e-01 -1.912731081247329712e-01
0.000000000000000000e+00 0.000000000000000000e+00 0.000000000000000000e+00 1.000000000000000000e+00
5.631477236747741699e-01 8.071149587631225586e-01 -1.772850304841995239e-01 2.845995686948299408e-02
-7.724431753158569336e-01 4.379276335239410400e-01 -4.599465429782867432e-01 1.486864089965820312e-01
-2.935917973518371582e-01 3.959604203701019287e-01 8.700684905052185059e-01 -2.059718817472457886e-01
0.000000000000000000e+00 0.000000000000000000e+00 0.000000000000000000e+00 1.000000000000000000e+00
5.970155000686645508e-01 7.930186986923217773e-01 -1.212177574634552002e-01 1.114505808800458908e-02
-7.606966495513916016e-01 5.116187930107116699e-01 -3.994830250740051270e-01 1.324096620082855225e-01
-2.547802627086639404e-01 3.307074904441833496e-01 9.086911082267761230e-01 -2.228170484304428101e-01
0.000000000000000000e+00 0.000000000000000000e+00 0.000000000000000000e+00 1.000000000000000000e+00
5.994761586189270020e-01 7.994437813758850098e-01 -3.895999491214752197e-02 -1.341893989592790604e-02
-7.525240778923034668e-01 5.463746190071105957e-01 -3.676713109016418457e-01 1.249134168028831482e-01
-2.726458311080932617e-01 2.497285008430480957e-01 9.291393160820007324e-01 -2.326046973466873169e-01
0.000000000000000000e+00 0.000000000000000000e+00 0.000000000000000000e+00 1.000000000000000000e+00
