0.2702579498291016 0.9552789330482483 -0.1200100034475327 0.03966587036848068 
-0.9597298502922058 0.2772252559661865 0.04543635621666908 0.01692535355687141 
0.07667418569326401 0.1028976738452911 0.9917324185371399 -0.3035982251167297 
0 0 0 1 

0.1946921646595001 0.9697845578193665 -0.1470133066177368 0.04970190301537514 
-0.9721651673316956 0.2107031643390656 0.102464959025383 -0.003872974077239633 
0.1303451210260391 0.1229720860719681 0.9838130474090576 -0.3020079433917999 
0 0 0 1 

0.1162187233567238 0.9815563559532166 -0.1517901867628098 0.05282887071371078 
-0.9705666899681091 0.1446897834539413 0.1925231665372849 -0.03492299094796181 
0.2109348326921463 0.1249476820230484 0.9694815874099731 -0.2989572882652283 
0 0 0 1 

0.1874220818281174 0.9724768400192261 -0.1384256035089493 0.047768734395504 
-0.9545211791992188 0.2135730534791946 0.2080285996198654 -0.03896637633442879 
0.2318669855594635 0.09314102679491043 0.9682781100273132 -0.2966426610946655 
0 0 0 1 

0.2730758786201477 0.9513601064682007 -0.1426298767328262 0.04671710729598999 
-0.9375672936439514 0.2963989675045013 0.1819754987955093 -0.0288536511361599 
0.2153996080160141 0.08403200656175613 0.9729037284851074 -0.2955092489719391 
0 0 0 1 

0.3253824710845947 0.9347135424613953 -0.142957791686058 0.04499500617384911 
-0.9340211153030396 0.3412790298461914 0.1055141761898994 -0.002215290209278464 
0.1474140286445618 0.09919314086437225 0.9840883016586304 -0.2953372299671173 
0 0 0 1 

0.8965882658958435 0.4426713585853577 -0.01309414487332106 -0.02527406997978687 
-0.4250151216983795 0.8683844208717346 0.2554809153079987 -0.05379271879792213 
0.1244648844003677 -0.2234959602355957 0.9667254090309143 -0.2631871104240417 
0 0 0 1 

0.5840716958045959 0.8112908601760864 -0.02582919411361217 -0.02857369929552078 
-0.7383754253387451 0.544256329536438 0.3982293307781219 -0.08634892106056213 
0.3371375799179077 -0.2135227918624878 0.9169220924377441 -0.308011382818222 
0 0 0 1 

0.5354489088058472 0.8419954776763916 -0.06586362421512604 -0.01128034573048353 
-0.7824437618255615 0.5239084959030151 0.3366031348705292 -0.06174976751208305 
0.317924827337265 -0.1286991834640503 0.9393404126167297 -0.3144849240779877 
0 0 0 1 

0.506896436214447 0.8554701209068298 -0.1059580743312836 0.005334017798304558 
-0.8177390694618225 0.516103208065033 0.2548346817493439 -0.03131901472806931 
0.2726889252662659 -0.0425284318625927 0.9611617922782898 -0.319487988948822 
0 0 0 1 

