1.000000000000000000e+00 0.000000000000000000e+00 0.000000000000000000e+00 -4.542167112231254578e-02
0.000000000000000000e+00 1.000000000000000000e+00 0.000000000000000000e+00 9.935460984706878662e-04
0.000000000000000000e+00 0.000000000000000000e+00 1.000000000000000000e+00 -2.875000238418579102e-01
0.000000000000000000e+00 0.000000000000000000e+00 0.000000000000000000e+00 1.000000000000000000e+00
9.966102838516235352e-01 7.952862977981567383e-02 2.105653844773769379e-02 -5.014230683445930481e-02
-7.915057986974716187e-02 9.966960549354553223e-01 -1.821701973676681519e-02 9.980800561606884003e-03
-2.243575267493724823e-02 1.648862659931182861e-02 9.996121525764465332e-01 -2.930168211460113525e-01
0.000000000000000000e+00 0.000000000000000000e+00 0.000000000000000000e+00 1.000000000000000000e+00
9.856996536254882812e-01 1.644976437091827393e-01 3.656267002224922180e-02 -5.300756916403770447e-02
-1.626063883304595947e-01 9.854339361190795898e-01 -4.979033395648002625e-02 2.480031363666057587e-02
-4.422053322196006775e-02 4.313294216990470886e-02 9.980902075767517090e-01 -2.924225628376007080e-01
0.000000000000000000e+00 0.000000000000000000e+00 0.000000000000000000e+00 1.000000000000000000e+00
9.660076498985290527e-01 2.553879320621490479e-01 4.008072614669799805e-02 -5.194884911179542542e-02
-2.518610060214996338e-01 9.647139906883239746e-01 -7.676406204700469971e-02 3.787405416369438171e-02
-5.827105417847633362e-02 6.405990570783615112e-02 9.962434172630310059e-01 -2.918910086154937744e-01
0.000000000000000000e+00 0.000000000000000000e+00 0.000000000000000000e+00 1.000000000000000000e+00
9.370225667953491211e-01 3.448472321033477783e-01 5.540240928530693054e-02 -5.369700863957405090e-02
-3.365045487880706787e-01 9.338389039039611816e-01 -1.212835311889648438e-01 5.621452629566192627e-02
-9.356123208999633789e-02 9.500217437744140625e-02 9.910705089569091797e-01 -2.891305387020111084e-01
0.000000000000000000e+00 0.000000000000000000e+00 0.000000000000000000e+00 1.000000000000000000e+00
8.934808373451232910e-01 4.480217099189758301e-01 3.111834637820720673e-02 -4.326852783560752869e-02
-4.401889443397521973e-01 8.873808383941650391e-01 -1.370730102062225342e-01 6.529168039560317993e-02
-8.902555704116821289e-02 1.087742000818252563e-01 9.900720715522766113e-01 -2.901327908039093018e-01
0.000000000000000000e+00 0.000000000000000000e+00 0.000000000000000000e+00 1.000000000000000000e+00
8.451801538467407227e-01 5.341812372207641602e-01 1.792192459106445312e-02 -3.602911531925201416e-02
-5.244189500808715820e-01 8.352771997451782227e-01 -1.652157008647918701e-01 7.780015468597412109e-02
-1.032249554991722107e-01 1.302383542060852051e-01 9.860946536064147949e-01 -2.886216342449188232e-01
0.000000000000000000e+00 0.000000000000000000e+00 0.000000000000000000e+00 1.000000000000000000e+00
7.925276756286621094e-01 6.098222136497497559e-01 -4.106206819415092468e-03 -2.625808492302894592e-02
-6.017281413078308105e-01 7.808787226676940918e-01 -1.677840650081634521e-01 8.208316564559936523e-02
-9.911201149225234985e-02 1.354443281888961792e-01 9.858152270317077637e-01 -2.897807061672210693e-01
0.000000000000000000e+00 0.000000000000000000e+00 0.000000000000000000e+00 1.000000000000000000e+00
7.195190787315368652e-01 6.939896941184997559e-01 -2.589037269353866577e-02 -1.400298718363046646e-02
-6.880563497543334961e-01 7.073200941085815430e-01 -1.621001660823822021e-01 8.346556872129440308e-02
-9.418305009603500366e-02 1.344481706619262695e-01 9.864343404769897461e-01 -2.906673848628997803e-01
0.000000000000000000e+00 0.000000000000000000e+00 0.000000000000000000e+00 1.000000000000000000e+00
6.449280381202697754e-01 7.637990117073059082e-01 -2.604633942246437073e-02 -9.042737074196338654e-03
-7.591698169708251953e-01 6.363544464111328125e-01 -1.367970854043960571e-01 7.825330644845962524e-02
-8.791085332632064819e-02 1.079978868365287781e-01 9.902564287185668945e-01 -2.935325503349304199e-01
0.000000000000000000e+00 0.000000000000000000e+00 0.000000000000000000e+00 1.000000000000000000e+00
5.471280813217163086e-01 8.360936641693115234e-01 -3.997537121176719666e-02 1.318130060099065304e-03
-8.350689411163330078e-01 5.419285893440246582e-01 -9.472600370645523071e-02 6.707539409399032593e-02
-5.753603577613830566e-02 8.520942926406860352e-02 9.947003126144409180e-01 -2.984174191951751709e-01
0.000000000000000000e+00 0.000000000000000000e+00 0.000000000000000000e+00 1.000000000000000000e+00
4.599950611591339111e-01 8.836725950241088867e-01 -8.675643801689147949e-02 2.207961492240428925e-02
-8.878955841064453125e-01 4.570351541042327881e-01 -5.254021659493446350e-02 5.427043512463569641e-02
-6.777615752071142197e-03 1.011989042162895203e-01 9.948429465293884277e-01 -3.025976419448852539e-01
0.000000000000000000e+00 0.000000000000000000e+00 0.000000000000000000e+00 1.000000000000000000e+00
3.557822108268737793e-01 9.290592670440673828e-01 -1.013298630714416504e-01 3.100501745939254761e-02
-9.343697428703308105e-01 3.558474779129028320e-01 -1.804685778915882111e-02 4.095245152711868286e-02
1.929137110710144043e-02 1.011003181338310242e-01 9.946891665458679199e-01 -3.039633333683013916e-01
0.000000000000000000e+00 0.000000000000000000e+00 0.000000000000000000e+00 1.000000000000000000e+00
2.702580094337463379e-01 9.552790522575378418e-01 -1.200100108981132507e-01 3.966588154435157776e-02
-9.597299695014953613e-01 2.772252857685089111e-01 4.543634876608848572e-02 1.692535728216171265e-02
7.667419314384460449e-02 1.028976738452911377e-01 9.917324185371398926e-01 -3.035981953144073486e-01
0.000000000000000000e+00 0.000000000000000000e+00 0.000000000000000000e+00 1.000000000000000000e+00
1.946922391653060913e-01 9.697844982147216797e-01 -1.470133066177368164e-01 4.970190674066543579e-02
-9.721651077270507812e-01 2.107032239437103271e-01 1.024649590253829956e-01 -3.872976172715425491e-03
1.303451061248779297e-01 1.229720860719680786e-01 9.838129878044128418e-01 -3.020079731941223145e-01
0.000000000000000000e+00 0.000000000000000000e+00 0.000000000000000000e+00 1.000000000000000000e+00
1.162187829613685608e-01 9.815564155578613281e-01 -1.517901867628097534e-01 5.282888188958168030e-02
-9.705667495727539062e-01 1.446897983551025391e-01 1.925231814384460449e-01 -3.492299467325210571e-02
2.109348475933074951e-01 1.249477043747901917e-01 9.694815874099731445e-01 -2.989573180675506592e-01
0.000000000000000000e+00 0.000000000000000000e+00 0.000000000000000000e+00 1.000000000000000000e+00
1.874218285083770752e-01 9.724768996238708496e-01 -1.384256184101104736e-01 4.776874184608459473e-02
-9.545211195945739746e-01 2.135728150606155396e-01 2.080286592245101929e-01 -3.896638751029968262e-02
2.318670153617858887e-01 9.314107894897460938e-02 9.682780504226684570e-01 -2.966426610946655273e-01
0.000000000000000000e+00 0.000000000000000000e+00 0.000000000000000000e+00 1.000000000000000000e+00
2.730758190155029297e-01 9.513602256774902344e-01 -1.426298767328262329e-01 4.671711474657058716e-02
-9.375673532485961914e-01 2.963988780975341797e-01 1.819755136966705322e-01 -2.885366044938564301e-02
2.153996080160140991e-01 8.403202891349792480e-02 9.729037284851074219e-01 -2.955092787742614746e-01
0.000000000000000000e+00 0.000000000000000000e+00 0.000000000000000000e+00 1.000000000000000000e+00
3.253822326660156250e-01 9.347135424613952637e-01 -1.429578065872192383e-01 4.499501734972000122e-02
-9.340211749076843262e-01 3.412788510322570801e-01 1.055142134428024292e-01 -2.215292770415544510e-03
1.474140286445617676e-01 9.919317811727523804e-02 9.840883016586303711e-01 -2.953372299671173096e-01
0.000000000000000000e+00 0.000000000000000000e+00 0.000000000000000000e+00 1.000000000000000000e+00
3.633463084697723389e-01 9.147323369979858398e-01 -1.767616868019104004e-01 5.412275344133377075e-02
-9.285793900489807129e-01 3.709703087806701660e-01 1.099009811878204346e-02 3.097012080252170563e-02
7.562632113695144653e-02 1.601440459489822388e-01 9.841921329498291016e-01 -2.913726270198822021e-01
0.000000000000000000e+00 0.000000000000000000e+00 0.000000000000000000e+00 1.000000000000000000e+00
4.056357145309448242e-01 8.936015367507934570e-01 -1.921868473291397095e-01 5.654168128967285156e-02
-9.138349890708923340e-01 4.008789360523223877e-01 -6.482265144586563110e-02 5.648231133818626404e-02
1.911802962422370911e-02 2.019214481115341187e-01 9.792152047157287598e-01 -2.864219248294830322e-01
0.000000000000000000e+00 0.000000000000000000e+00 0.000000000000000000e+00 1.000000000000000000e+00
4.586051702499389648e-01 8.613669872283935547e-01 -2.184681892395019531e-01 6.149614229798316956e-02
-8.874807953834533691e-01 4.313959777355194092e-01 -1.620962619781494141e-01 8.626635372638702393e-02
-4.537811875343322754e-02 2.682243883609771729e-01 9.622869491577148438e-01 -2.759725451469421387e-01
0.000000000000000000e+00 0.000000000000000000e+00 0.000000000000000000e+00 1.000000000000000000e+00
5.345615148544311523e-01 8.207046985626220703e-01 -2.017133533954620361e-01 5.069612711668014526e-02
-8.402671217918395996e-01 4.905585646629333496e-01 -2.308757603168487549e-01 1.051104888319969177e-01
-9.052854031324386597e-02 2.929102182388305664e-01 9.518445730209350586e-01 -2.688734829425811768e-01
0.000000000000000000e+00 0.000000000000000000e+00 0.000000000000000000e+00 1.000000000000000000e+00
5.932372212409973145e-01 7.805272340774536133e-01 -1.970970630645751953e-01 4.517617076635360718e-02
-7.953293919563293457e-01 5.303630232810974121e-01 -2.935409843921661377e-01 1.203892230987548828e-01
-1.245838329195976257e-01 3.308962583541870117e-01 9.354071617126464844e-01 -2.604560554027557373e-01
0.000000000000000000e+00 0.000000000000000000e+00 0.000000000000000000e+00 1.000000000000000000e+00
6.739527583122253418e-01 7.185232639312744141e-01 -1.717907935380935669e-01 3.149576485157012939e-02
-7.202199101448059082e-01 5.872274637222290039e-01 -3.693875074386596680e-01 1.362161040306091309e-01
-1.645333766937255859e-01 3.726767301559448242e-01 9.132581353187561035e-01 -2.496223449707031250e-01
0.000000000000000000e+00 0.000000000000000000e+00 0.000000000000000000e+00 1.000000000000000000e+00
7.375170588493347168e-01 6.570739746093750000e-01 -1.559544801712036133e-01 2.328736893832683563e-02
-6.459171175956726074e-01 6.189222931861877441e-01 -4.469072818756103516e-01 1.519341617822647095e-01
-1.971275508403778076e-01 4.303356111049652100e-01 8.808813691139221191e-01 -2.349095791578292847e-01
0.000000000000000000e+00 0.000000000000000000e+00 0.000000000000000000e+00 1.000000000000000000e+00
7.591839432716369629e-01 6.341943144798278809e-01 -1.464128792285919189e-01 1.807580888271331787e-02
-6.012443900108337402e-01 5.971643328666687012e-01 -5.309420228004455566e-01 1.708715707063674927e-01
-2.492882609367370605e-01 4.911127388477325439e-01 8.346639275550842285e-01 -2.142054289579391479e-01
0.000000000000000000e+00 0.000000000000000000e+00 0.000000000000000000e+00 1.000000000000000000e+00
7.917791008949279785e-01 5.928471684455871582e-01 -1.470296978950500488e-01 1.525285001844167709e-02
-5.354901552200317383e-01 5.579411983489990234e-01 -6.339960694313049316e-01 1.974398195743560791e-01
-2.938292026519775391e-01 5.807181596755981445e-01 7.592302560806274414e-01 -1.864409446716308594e-01
0.000000000000000000e+00 0.000000000000000000e+00 0.000000000000000000e+00 1.000000000000000000e+00
8.151820302009582520e-01 5.619506835937500000e-01 -1.403191834688186646e-01 1.146688405424356461e-02
-4.792817234992980957e-01 5.184267163276672363e-01 -7.081825733184814453e-01 2.168281525373458862e-01
-3.252187371253967285e-01 6.445499658584594727e-01 6.919449567794799805e-01 -1.623423546552658081e-01
0.000000000000000000e+00 0.000000000000000000e+00 0.000000000000000000e+00 1.000000000000000000e+00
8.426766395568847656e-01 5.203908085823059082e-01 -1.381641179323196411e-01 8.034895174205303192e-03
-4.166916608810424805e-01 4.678148627281188965e-01 -7.794341444969177246e-01 2.353854775428771973e-01
-3.409751355648040771e-01 7.143826484680175781e-01 6.110591888427734375e-01 -1.395011693239212036e-01
0.000000000000000000e+00 0.000000000000000000e+00 0.000000000000000000e+00 1.000000000000000000e+00
8.750416636466979980e-01 4.742193520069122314e-01 -9.704586863517761230e-02 -5.853250622749328613e-03
-3.268476128578186035e-01 4.309851527214050293e-01 -8.410837650299072266e-01 2.500453293323516846e-01
-3.570331335067749023e-01 7.677024006843566895e-01 5.321276783943176270e-01 -1.185713633894920349e-01
0.000000000000000000e+00 0.000000000000000000e+00 0.000000000000000000e+00 1.000000000000000000e+00
8.973487615585327148e-01 4.360644817352294922e-01 -6.791900843381881714e-02 -1.400756184011697769e-02
-2.333774566650390625e-01 3.382579386234283447e-01 -9.116560220718383789e-01 2.638807892799377441e-01
-3.745665550231933594e-01 8.339239954948425293e-01 4.053030312061309814e-01 -8.443599939346313477e-02
0.000000000000000000e+00 0.000000000000000000e+00 0.000000000000000000e+00 1.000000000000000000e+00
8.871744871139526367e-01 4.609508812427520752e-01 -2.110497839748859406e-02 -3.099435381591320038e-02
-7.583010196685791016e-02 1.005259528756141663e-01 -9.920402765274047852e-01 2.820120155811309814e-01
-4.551603198051452637e-01 8.817130923271179199e-01 1.241380795836448669e-01 -7.348611950874328613e-03
0.000000000000000000e+00 0.000000000000000000e+00 0.000000000000000000e+00 1.000000000000000000e+00
8.804907798767089844e-01 4.728836119174957275e-01 -3.343390673398971558e-02 -2.564097940921783447e-02
-8.322173357009887695e-02 8.475373685359954834e-02 -9.929205179214477539e-01 2.824364006519317627e-01
-4.667020440101623535e-01 8.770394325256347656e-01 1.139790043234825134e-01 -9.986335411667823792e-03
0.000000000000000000e+00 0.000000000000000000e+00 0.000000000000000000e+00 1.000000000000000000e+00
8.515195846557617188e-01 5.233063697814941406e-01 -3.263661637902259827e-02 -2.245667204260826111e-02
-9.862453490495681763e-02 9.872496873140335083e-02 -9.902154207229614258e-01 2.822934091091156006e-01
-5.149638056755065918e-01 8.464062809944152832e-01 1.356769949197769165e-01 -1.439261995255947113e-02
0.000000000000000000e+00 0.000000000000000000e+00 0.000000000000000000e+00 1.000000000000000000e+00
8.340829014778137207e-01 5.479008555412292480e-01 -6.411363184452056885e-02 -1.359873823821544647e-02
-2.232324928045272827e-01 2.289595752954483032e-01 -9.474940299987792969e-01 2.752639651298522949e-01
-5.044534206390380859e-01 8.046005964279174805e-01 3.132805228233337402e-01 -5.543975904583930969e-02
0.000000000000000000e+00 0.000000000000000000e+00 0.000000000000000000e+00 1.000000000000000000e+00
8.363698720932006836e-01 5.380147695541381836e-01 -1.050020530819892883e-01 -2.988500986248254776e-03
-3.123254179954528809e-01 3.102909624576568604e-01 -8.978709578514099121e-01 2.652063071727752686e-01
-4.504868686199188232e-01 7.837468981742858887e-01 4.275536835193634033e-01 -8.654707670211791992e-02
0.000000000000000000e+00 0.000000000000000000e+00 0.000000000000000000e+00 1.000000000000000000e+00
8.168141841888427734e-01 5.656120181083679199e-01 -1.135675311088562012e-01 1.196532593894517049e-05
-3.733978569507598877e-01 3.682753443717956543e-01 -8.514382839202880859e-01 2.552806735038757324e-01
-4.397595822811126709e-01 7.378729581832885742e-01 5.120110511779785156e-01 -1.101528555154800415e-01
0.000000000000000000e+00 0.000000000000000000e+00 0.000000000000000000e+00 1.000000000000000000e+00
8.365460038185119629e-01 5.409746766090393066e-01 -8.681697398424148560e-02 -1.223610341548919678e-02
-4.518737196922302246e-01 5.916112065315246582e-01 -6.676869988441467285e-01 2.161172777414321899e-01
-3.098399937152862549e-01 5.977812409400939941e-01 7.393621802330017090e-01 -1.803077757358551025e-01
0.000000000000000000e+00 0.000000000000000000e+00 0.000000000000000000e+00 1.000000000000000000e+00
8.354855775833129883e-01 5.459742546081542969e-01 -6.225556135177612305e-02 -2.025277167558670044e-02
-4.663504660129547119e-01 6.445559859275817871e-01 -6.058582067489624023e-01 1.978295594453811646e-01
-2.906561195850372314e-01 5.352187156677246094e-01 7.931329607963562012e-01 -1.970879137516021729e-01
0.000000000000000000e+00 0.000000000000000000e+00 0.000000000000000000e+00 1.000000000000000000e+00
8.583737611770629883e-01 5.099070668220520020e-01 -5.646825954318046570e-02 -2.227010205388069153e-02
-4.571883678436279297e-01 7.103666067123413086e-01 -5.351244211196899414e-01 1.764356642961502075e-01
-2.327507138252258301e-01 4.851535260677337646e-01 8.428835272789001465e-01 -2.133818119764328003e-01
0.000000000000000000e+00 0.000000000000000000e+00 0.000000000000000000e+00 1.000000000000000000e+00
8.729471564292907715e-01 4.873220026493072510e-01 -2.191751450300216675e-02 -3.086654096841812134e-02
-4.565620720386505127e-01 8.003725409507751465e-01 -3.885284662246704102e-01 1.343388706445693970e-01
-1.717964559793472290e-01 3.491714894771575928e-01 9.211760163307189941e-01 -2.372035533189773560e-01
0.000000000000000000e+00 0.000000000000000000e+00 0.000000000000000000e+00 1.000000000000000000e+00
8.787041306495666504e-01 4.770929217338562012e-01 -1.616637036204338074e-02 -3.087997250258922577e-02
-4.651077985763549805e-01 8.480222821235656738e-01 -2.540330290794372559e-01 9.731939435005187988e-02
-1.074879616498947144e-01 2.307389825582504272e-01 9.670603275299072266e-01 -2.525803148746490479e-01
0.000000000000000000e+00 0.000000000000000000e+00 0.000000000000000000e+00 1.000000000000000000e+00
8.797532320022583008e-01 4.752988219261169434e-01 -1.117555610835552216e-02 -2.795123681426048279e-02
-4.752545654773712158e-01 8.785461187362670898e-01 -4.784778505563735962e-02 3.880689293146133423e-02
-1.292377337813377380e-02 4.740549623966217041e-02 9.987920522689819336e-01 -2.657029032707214355e-01
0.000000000000000000e+00 0.000000000000000000e+00 0.000000000000000000e+00 1.000000000000000000e+00
8.870772719383239746e-01 4.614616632461547852e-01 -1.212184317409992218e-02 -2.623760327696800232e-02
-4.604565799236297607e-01 8.863987326622009277e-01 4.771680384874343872e-02 1.081834547221660614e-02
3.276427090167999268e-02 -3.674691542983055115e-02 9.987873435020446777e-01 -2.684140205383300781e-01
0.000000000000000000e+00 0.000000000000000000e+00 0.000000000000000000e+00 1.000000000000000000e+00
8.937385678291320801e-01 4.484272301197052002e-01 -1.200749538838863373e-02 -2.586811035871505737e-02
-4.416908323764801025e-01 8.843576312065124512e-01 1.510645002126693726e-01 -2.110565081238746643e-02
7.836043089628219604e-02 -1.297085285186767578e-01 9.884509444236755371e-01 -2.676858305931091309e-01
0.000000000000000000e+00 0.000000000000000000e+00 0.000000000000000000e+00 1.000000000000000000e+00
8.965883255004882812e-01 4.426712989807128906e-01 -1.309416815638542175e-02 -2.527402900159358978e-02
-4.250150918960571289e-01 8.683844804763793945e-01 2.554808557033538818e-01 -5.379275232553482056e-02
1.244648322463035583e-01 -2.234959304332733154e-01 9.667254090309143066e-01 -2.631871700286865234e-01
0.000000000000000000e+00 0.000000000000000000e+00 0.000000000000000000e+00 1.000000000000000000e+00
9.010235667228698730e-01 4.336767792701721191e-01 -8.989285677671432495e-03 -2.607371471822261810e-02
-3.997178375720977783e-01 8.381612896919250488e-01 3.710942566394805908e-01 -9.188272058963775635e-02
1.684695780277252197e-01 -3.307714760303497314e-01 9.285516142845153809e-01 -2.531605660915374756e-01
0.000000000000000000e+00 0.000000000000000000e+00 0.000000000000000000e+00 1.000000000000000000e+00
9.068741798400878906e-01 4.213684201240539551e-01 -5.262647289782762527e-03 -2.838691323995590210e-02
-3.723454177379608154e-01 8.070892095565795898e-01 4.582201242446899414e-01 -1.210510879755020142e-01
1.973270624876022339e-01 -4.135884642601013184e-01 8.888230919837951660e-01 -2.433563768863677979e-01
0.000000000000000000e+00 0.000000000000000000e+00 0.000000000000000000e+00 1.000000000000000000e+00
9.158241152763366699e-01 4.014941155910491943e-01 -8.278859779238700867e-03 -3.050621785223484039e-02
-3.313606977462768555e-01 7.671721577644348145e-01 5.492238402366638184e-01 -1.513211429119110107e-01
2.268615663051605225e-01 -5.002492070198059082e-01 8.356342911720275879e-01 -2.305333018302917480e-01
0.000000000000000000e+00 0.000000000000000000e+00 0.000000000000000000e+00 1.000000000000000000e+00
9.095037579536437988e-01 4.152629971504211426e-01 1.895759440958499908e-02 -3.942590579390525818e-02
-3.336884677410125732e-01 7.021240592002868652e-01 6.290258765220642090e-01 -1.752198487520217896e-01
2.479007542133331299e-01 -5.784273147583007812e-01 7.771530151367187500e-01 -2.163198590278625488e-01
0.000000000000000000e+00 0.000000000000000000e+00 0.000000000000000000e+00 1.000000000000000000e+00
9.174907803535461426e-01 3.961795568466186523e-01 3.538908064365386963e-02 -4.648338258266448975e-02
-2.958610057830810547e-01 6.202782988548278809e-01 7.264440059661865234e-01 -2.064572721719741821e-01
2.658513188362121582e-01 -6.769759654998779297e-01 6.863137483596801758e-01 -1.911349892616271973e-01
0.000000000000000000e+00 0.000000000000000000e+00 0.000000000000000000e+00 1.000000000000000000e+00
9.249256253242492676e-01 3.766033053398132324e-01 5.179324746131896973e-02 -5.303357169032096863e-02
-2.662996053695678711e-01 5.446533560752868652e-01 7.952591776847839355e-01 -2.288897186517715454e-01
2.712878584861755371e-01 -7.493481040000915527e-01 6.040531992912292480e-01 -1.665847003459930420e-01
0.000000000000000000e+00 0.000000000000000000e+00 0.000000000000000000e+00 1.000000000000000000e+00
9.327716827392578125e-01 3.569664359092712402e-01 5.011753737926483154e-02 -5.457513406872749329e-02
-2.264494746923446655e-01 4.721105992794036865e-01 8.519579172134399414e-01 -2.485645711421966553e-01
2.804593443870544434e-01 -8.060314059257507324e-01 5.212062597274780273e-01 -1.430571526288986206e-01
0.000000000000000000e+00 0.000000000000000000e+00 0.000000000000000000e+00 1.000000000000000000e+00
9.439954161643981934e-01 3.266385495662689209e-01 4.668859392404556274e-02 -5.666033923625946045e-02
-1.856795996427536011e-01 4.089080393314361572e-01 8.934859633445739746e-01 -2.627678215503692627e-01
2.727555930614471436e-01 -8.521157503128051758e-01 4.466574192047119141e-01 -1.222777068614959717e-01
0.000000000000000000e+00 0.000000000000000000e+00 0.000000000000000000e+00 1.000000000000000000e+00
9.533986449241638184e-01 2.989598214626312256e-01 4.067167639732360840e-02 -5.741051584482192993e-02
-1.507329195737838745e-01 3.551861345767974854e-01 9.225630164146423340e-01 -2.738122940063476562e-01
2.613632380962371826e-01 -8.857007622718811035e-01 3.836970627307891846e-01 -1.032501459121704102e-01
0.000000000000000000e+00 0.000000000000000000e+00 0.000000000000000000e+00 1.000000000000000000e+00
9.601774215698242188e-01 2.715922892093658447e-01 6.555087864398956299e-02 -6.730832159519195557e-02
-1.423490643501281738e-01 2.736685574054718018e-01 9.512319564819335938e-01 -2.870805859565734863e-01
2.404080480337142944e-01 -9.226826429367065430e-01 3.014312386512756348e-01 -7.449213415384292603e-02
0.000000000000000000e+00 0.000000000000000000e+00 0.000000000000000000e+00 1.000000000000000000e+00
9.750972390174865723e-01 2.139700353145599365e-01 5.832666903734207153e-02 -6.834627687931060791e-02
-9.897349774837493896e-02 1.844872087240219116e-01 9.778386354446411133e-01 -2.994482517242431641e-01
1.984677165746688843e-01 -9.592608809471130371e-01 2.010703980922698975e-01 -3.792740777134895325e-02
0.000000000000000000e+00 0.000000000000000000e+00 0.000000000000000000e+00 1.000000000000000000e+00
9.908036589622497559e-01 1.330386251211166382e-01 2.467570081353187561e-02 -6.031736359000205994e-02
-4.305264353752136230e-02 1.370808929204940796e-01 9.896238446235656738e-01 -3.046952188014984131e-01
1.282756775617599487e-01 -9.815850853919982910e-01 1.415479034185409546e-01 -1.976273767650127411e-02
0.000000000000000000e+00 0.000000000000000000e+00 0.000000000000000000e+00 1.000000000000000000e+00
9.952352643013000488e-01 9.737291187047958374e-02 -4.999839700758457184e-03 -5.292781069874763489e-02
-1.966232620179653168e-02 2.506638467311859131e-01 9.678741097450256348e-01 -3.006371557712554932e-01
9.549804031848907471e-02 -9.631644487380981445e-01 2.513841688632965088e-01 -5.435132235288619995e-02
0.000000000000000000e+00 0.000000000000000000e+00 0.000000000000000000e+00 1.000000000000000000e+00
9.978259801864624023e-01 4.174404591321945190e-02 -5.099972337484359741e-02 -3.775361180305480957e-02
3.679024428129196167e-02 2.892304062843322754e-01 9.565522074699401855e-01 -3.080207705497741699e-01
5.468103289604187012e-02 -9.563488960266113281e-01 2.870658338069915771e-01 -6.414501368999481201e-02
0.000000000000000000e+00 0.000000000000000000e+00 0.000000000000000000e+00 1.000000000000000000e+00
9.887147545814514160e-01 -4.020845517516136169e-02 -1.443137079477310181e-01 -3.043162636458873749e-03
1.498029232025146484e-01 2.749811112880706787e-01 9.497073888778686523e-01 -3.182547390460968018e-01
1.497248536907136440e-03 -9.606081843376159668e-01 2.779012620449066162e-01 -5.846621468663215637e-02
0.000000000000000000e+00 0.000000000000000000e+00 0.000000000000000000e+00 1.000000000000000000e+00
9.686648249626159668e-01 -5.501732230186462402e-02 -2.422016263008117676e-01 2.994530834257602692e-02
2.481538355350494385e-01 2.552223205566406250e-01 9.344950914382934570e-01 -3.230280578136444092e-01
1.040177606046199799e-02 -9.653156399726867676e-01 2.608776092529296875e-01 -5.197397619485855103e-02
0.000000000000000000e+00 0.000000000000000000e+00 0.000000000000000000e+00 1.000000000000000000e+00
9.750843644142150879e-01 2.366398461163043976e-02 -2.205686271190643311e-01 1.967435516417026520e-02
2.023876905441284180e-01 3.122065961360931396e-01 9.282061457633972168e-01 -3.195498883724212646e-01
9.082800149917602539e-02 -9.497194290161132812e-01 2.996384203433990479e-01 -7.041451334953308105e-02
0.000000000000000000e+00 0.000000000000000000e+00 0.000000000000000000e+00 1.000000000000000000e+00
9.835541844367980957e-01 1.348612010478973389e-01 -1.201388612389564514e-01 -1.794064976274967194e-02
6.227838620543479919e-02 3.711424171924591064e-01 9.264851212501525879e-01 -3.120810389518737793e-01
1.695355325937271118e-01 -9.187305569648742676e-01 3.566398024559020996e-01 -9.981013834476470947e-02
0.000000000000000000e+00 0.000000000000000000e+00 0.000000000000000000e+00 1.000000000000000000e+00
9.759714007377624512e-01 2.173907458782196045e-01 -1.487525179982185364e-02 -5.376490950584411621e-02
-5.377293378114700317e-02 3.064429163932800293e-01 9.503689408302307129e-01 -3.131699562072753906e-01
2.111597806215286255e-01 -9.267328381538391113e-01 3.107691705226898193e-01 -8.890870213508605957e-02
0.000000000000000000e+00 0.000000000000000000e+00 0.000000000000000000e+00 1.000000000000000000e+00
9.140495657920837402e-01 3.933531939983367920e-01 9.892747551202774048e-02 -8.895395696163177490e-02
-2.351922243833541870e-01 3.153015971183776855e-01 9.193853139877319336e-01 -2.929193079471588135e-01
3.304512202739715576e-01 -8.636306524276733398e-01 3.807148635387420654e-01 -1.220605894923210144e-01
0.000000000000000000e+00 0.000000000000000000e+00 0.000000000000000000e+00 1.000000000000000000e+00
8.699735403060913086e-01 4.859864711761474609e-01 8.344512432813644409e-02 -8.270411193370819092e-02
-2.780439257621765137e-01 3.437203764915466309e-01 8.969660401344299316e-01 -2.826067209243774414e-01
4.072315096855163574e-01 -8.035380840301513672e-01 4.341531693935394287e-01 -1.479403972625732422e-01
0.000000000000000000e+00 0.000000000000000000e+00 0.000000000000000000e+00 1.000000000000000000e+00
8.266960978507995605e-01 5.576756000518798828e-01 7.464272528886795044e-02 -7.724162191152572632e-02
-3.520810008049011230e-01 4.092581868171691895e-01 8.417521715164184570e-01 -2.601710259914398193e-01
4.388763904571533203e-01 -7.221534252166748047e-01 5.346790552139282227e-01 -1.842581033706665039e-01
0.000000000000000000e+00 0.000000000000000000e+00 0.000000000000000000e+00 1.000000000000000000e+00
7.949991226196289062e-01 6.050856709480285645e-01 4.298244416713714600e-02 -6.547170132398605347e-02
-4.278642833232879639e-01 5.091039538383483887e-01 7.468233704566955566e-01 -2.242755889892578125e-01
4.300097525119781494e-01 -6.121145486831665039e-01 6.636318564414978027e-01 -2.269007712602615356e-01
0.000000000000000000e+00 0.000000000000000000e+00 0.000000000000000000e+00 1.000000000000000000e+00
7.722473740577697754e-01 6.350191235542297363e-01 1.961060240864753723e-02 -5.666321143507957458e-02
-5.058534741401672363e-01 5.959078073501586914e-01 6.237034201622009277e-01 -1.777802854776382446e-01
3.843775987625122070e-01 -4.915734231472015381e-01 7.814149260520935059e-01 -2.629226446151733398e-01
0.000000000000000000e+00 0.000000000000000000e+00 0.000000000000000000e+00 1.000000000000000000e+00
7.526495456695556641e-01 6.582739949226379395e-01 1.392738614231348038e-02 -5.346332862973213196e-02
-5.636498332023620605e-01 6.332378387451171875e-01 5.303851962089538574e-01 -1.431005001068115234e-01
3.403195142745971680e-01 -4.070443212985992432e-01 8.476422429084777832e-01 -2.822416722774505615e-01
0.000000000000000000e+00 0.000000000000000000e+00 0.000000000000000000e+00 1.000000000000000000e+00
6.488440036773681641e-01 7.608374953269958496e-01 1.129142753779888153e-02 -4.556437209248542786e-02
-6.785002946853637695e-01 5.717821717262268066e-01 4.611965417861938477e-01 -1.119620576500892639e-01
3.444395363330841064e-01 -3.069058358669281006e-01 8.872260451316833496e-01 -2.971735596656799316e-01
0.000000000000000000e+00 0.000000000000000000e+00 0.000000000000000000e+00 1.000000000000000000e+00
5.840717554092407227e-01 8.112908005714416504e-01 -2.582920528948307037e-02 -2.857369929552078247e-02
-7.383753657341003418e-01 5.442563891410827637e-01 3.982293009757995605e-01 -8.634892851114273071e-02
3.371375501155853271e-01 -2.135228067636489868e-01 9.169221520423889160e-01 -3.080113232135772705e-01
0.000000000000000000e+00 0.000000000000000000e+00 0.000000000000000000e+00 1.000000000000000000e+00
5.354489088058471680e-01 8.419954180717468262e-01 -6.586361676454544067e-02 -1.128034293651580811e-02
-7.824437022209167480e-01 5.239084362983703613e-01 3.366031050682067871e-01 -6.174977123737335205e-02
3.179247975349426270e-01 -1.286991685628890991e-01 9.393403530120849609e-01 -3.144849538803100586e-01
0.000000000000000000e+00 0.000000000000000000e+00 0.000000000000000000e+00 1.000000000000000000e+00
4.997589588165283203e-01 8.573827147483825684e-01 -1.230277866125106812e-01 1.142374798655509949e-02
-8.193109631538391113e-01 5.140149593353271484e-01 2.540042400360107422e-01 -3.127016499638557434e-02
2.810169756412506104e-01 -2.614287845790386200e-02 9.593466520309448242e-01 -3.193862736225128174e-01
0.000000000000000000e+00 0.000000000000000000e+00 0.000000000000000000e+00 1.000000000000000000e+00
