0.6787265539169312 -0.4129748940467834 -0.6072742938995361 0.1303252428770065 
-0.7139425277709961 -0.5648194551467896 -0.4138417840003967 0.1567503809928894 
-0.1720940619707108 0.7144443392753601 -0.6781982779502869 0.2508844137191772 
0 0 0 1 

0.7008830308914185 -0.3328037858009338 -0.6308760643005371 0.1340750455856323 
-0.6540297865867615 -0.6527911424636841 -0.3822414577007294 0.1450430005788803 
-0.2846189439296722 0.6805183291435242 -0.6751936674118042 0.2608161568641663 
0 0 0 1 

0.746671736240387 -0.2476426362991333 -0.6173771023750305 0.134615033864975 
-0.5774980783462524 -0.7019292116165161 -0.4168826937675476 0.1488876491785049 
-0.3301171064376831 0.6678085923194885 -0.6671237945556641 0.2578715682029724 
0 0 0 1 

0.8118864297866821 -0.179873138666153 -0.5554152131080627 0.133845254778862 
-0.5293742418289185 -0.627973198890686 -0.5704492926597595 0.1858544498682022 
-0.2461773902177811 0.7571625113487244 -0.6050631403923035 0.2439966946840286 
0 0 0 1 

0.8496245741844177 -0.1110592782497406 -0.5155616998672485 0.1198034733533859 
-0.4799506962299347 -0.5680223107337952 -0.6685789823532104 0.2181697934865952 
-0.2185986638069153 0.8154853582382202 -0.5359086394309998 0.2200654298067093 
0 0 0 1 

0.8789523839950562 -0.04625057056546211 -0.4746615588665009 0.1055353283882141 
-0.4315264225006104 -0.5008757710456848 -0.7502722144126892 0.2452412098646164 
-0.2030459493398666 0.8642825484275818 -0.4602043330669403 0.1942108273506165 
0 0 0 1 

0.8179365992546082 0.5644645690917969 0.1111729592084885 -0.05550543591380119 
0.1922174543142319 -0.08599580079317093 -0.9775772094726562 0.2528342008590698 
-0.5422473549842834 0.8209655284881592 -0.1788390874862671 0.1289648711681366 
0 0 0 1 

0.7747252583503723 0.6051614284515381 0.1832496672868729 -0.07716232538223267 
0.3629746735095978 -0.1883436441421509 -0.9125657677650452 0.2209945023059845 
-0.5177356600761414 0.7735027670860291 -0.3655728697776794 0.1869768500328064 
0 0 0 1 

0.7109808325767517 0.6567162871360779 0.251455545425415 -0.09466896951198578 
0.5231963992118835 -0.2550772428512573 -0.813142716884613 0.1799459904432297 
-0.4698635041713715 0.7096895575523376 -0.5249466896057129 0.2321113497018814 
0 0 0 1 

0.6963997483253479 0.6474983692169189 0.3094724118709564 -0.1125008538365364 
0.5967912673950195 -0.2830018103122711 -0.7508329153060913 0.1548434197902679 
-0.398581862449646 0.7075703144073486 -0.5835038423538208 0.2443522661924362 
0 0 0 1 

