0.99787837266922 0.03048924915492535 -0.05752484872937202 -0.03549342975020409 
0.04621055722236633 0.2907130420207977 0.9556937217712402 -0.3078156113624573 
0.04586160555481911 -0.9563243389129639 0.2886873781681061 -0.06393446773290634 
0 0 0 1 

0.9899249076843262 -0.05239337310194969 -0.1315430849790573 -0.005812146235257387 
0.1409443020820618 0.2757770717144012 0.9508320093154907 -0.3178902566432953 
-0.01354074571281672 -0.9597924947738647 0.2803831398487091 -0.05843819305300713 
0 0 0 1 

0.9692693948745728 -0.0678345263004303 -0.2364640980958939 0.02921354584395885 
0.2459810376167297 0.2548231184482574 0.9351783990859985 -0.3229205310344696 
-0.003180863568559289 -0.964605450630188 0.263678252696991 -0.05169473588466644 
0 0 0 1 

0.9757958650588989 0.003485329914838076 -0.2186555564403534 0.02035748958587646 
0.2068736404180527 0.309423953294754 0.928148627281189 -0.3193057775497437 
0.07089215517044067 -0.9509177207946777 0.3012135922908783 -0.0696423128247261 
0 0 0 1 

0.9861864447593689 0.1200210377573967 -0.1141545996069908 -0.01954611949622631 
0.0619993545114994 0.371606171131134 0.9263178110122681 -0.3112137019634247 
0.1535981893539429 -0.9205995798110962 0.3590317368507385 -0.0995623767375946 
0 0 0 1 

-0.9744409322738647 -0.1993025243282318 0.1036509200930595 0.01139242202043533 
0.06142754107713699 0.2074190825223923 0.9763216376304626 -0.3233740329742432 
-0.2160825431346893 0.9577347040176392 -0.1898748874664307 0.0682343989610672 
0 0 0 1 

-0.982619047164917 -0.1539752781391144 0.1036896556615829 0.008332648314535618 
0.07338162511587143 0.1908878237009048 0.9788652062416077 -0.3262906968593597 
-0.1705141216516495 0.9694604277610779 -0.1762711703777313 0.05666100233793259 
0 0 0 1 

-0.9766318798065186 -0.1672181338071823 0.1350091844797134 -0.0009406887111254036 
0.1113729402422905 0.1434835940599442 0.9833657145500183 -0.3293680548667908 
-0.1838081926107407 0.9754230380058289 -0.1215066909790039 0.03617283701896667 
0 0 0 1 

-0.9784837365150452 -0.1492170691490173 0.1424914747476578 -0.006108727306127548 
0.1344631612300873 0.0626278892159462 0.9889373779296875 -0.3307849764823914 
-0.156490296125412 0.9868190288543701 -0.04121605679392815 0.00717786094173789 
0 0 0 1 

-0.9713616371154785 -0.202372282743454 0.124505490064621 -0.0004525290569290519 
0.08857866376638412 0.177802786231041 0.9800713658332825 -0.3249770104885101 
-0.2204767018556595 0.9630324840545654 -0.154784768819809 0.04947775602340698 
0 0 0 1 

