0.2017306685447693 0.1362288445234299 -0.9699207544326782 0.3930181860923767 
-0.08250884711742401 0.9891236424446106 0.1217652037739754 -0.01769794896245003 
0.9759594202041626 0.05546329170465469 0.21077661216259 -0.07882524281740189 
0 0 0 1 

0.1910867840051651 0.1485031694173813 -0.9702744483947754 0.3911962807178497 
-0.0710454061627388 0.9879891276359558 0.1372226774692535 -0.01950978115200996 
0.9789985418319702 0.04271212220191956 0.1993421167135239 -0.06721016019582748 
0 0 0 1 

0.1591198891401291 0.1460099220275879 -0.9764025211334229 0.3909689486026764 
-0.07105907052755356 0.9881318807601929 0.1361837387084961 -0.01507529802620411 
0.9846986532211304 0.04771272093057632 0.1676067709922791 -0.04663373157382011 
0 0 0 1 

0.1714973747730255 0.1386086493730545 -0.9753851294517517 0.3869918584823608 
-0.07620526105165482 0.9889533519744873 0.1271379590034485 -0.009922925382852554 
0.9822328090667725 0.05252565443515778 0.1801656037569046 -0.04169845953583717 
0 0 0 1 

0.4090245366096497 0.29710653424263 -0.8628014922142029 0.4016234576702118 
-0.2527036964893341 0.945412814617157 0.2057556658983231 -0.02206378988921642 
0.8768349289894104 0.1338740736246109 0.4617769420146942 -0.05550874397158623 
0 0 0 1 

0.4118788242340088 0.2935338020324707 -0.8626666069030762 0.395558774471283 
-0.2175576239824295 0.9509959816932678 0.219716489315033 -0.02835694141685963 
0.8848866820335388 0.09718315303325653 0.4555556178092957 -0.05662738159298897 
0 0 0 1 

0.3960232436656952 0.3048034310340881 -0.866175651550293 0.3723054826259613 
-0.1178319454193115 0.9523696303367615 0.2812608480453491 -0.0580485574901104 
0.9106487035751343 -0.009322633966803551 0.4130761027336121 -0.04992224276065826 
0 0 0 1 

0.397106945514679 0.3369673490524292 -0.8536737561225891 0.3496839702129364 
-0.07851796597242355 0.939221978187561 0.3342109024524689 -0.08604434877634048 
0.9144073724746704 -0.06568869203329086 0.3994295597076416 -0.04847421497106552 
0 0 0 1 

0.4219886660575867 0.3806006014347076 -0.8228417038917542 0.3291328251361847 
-0.0238826759159565 0.9119636416435242 0.4095752835273743 -0.1139793992042542 
0.9062862992286682 -0.1531844139099121 0.3939281105995178 -0.04873526468873024 
0 0 0 1 

0.495611697435379 0.38065305352211 -0.7806869149208069 0.3093220293521881 
0.01648137718439102 0.8945619463920593 0.4466399848461151 -0.1283510625362396 
0.8683876991271973 -0.2342267334461212 0.4370816648006439 -0.06908518075942993 
0 0 0 1 

