0.5030112266540527 0.808922290802002 -0.3043423891067505 0.07455331832170486 
-0.8439048528671265 0.3836847245693207 -0.3749805688858032 0.1295678913593292 
-0.1865586638450623 0.4454554915428162 0.8756512999534607 -0.1891147494316101 
0 0 0 1 

0.4898125529289246 0.807750403881073 -0.3280591666698456 0.08040166646242142 
-0.8247969746589661 0.3074117600917816 -0.4745604693889618 0.1549778282642365 
-0.2824772894382477 0.5030278563499451 0.8168044090270996 -0.1702775955200195 
0 0 0 1 

0.4748386144638062 0.8088634014129639 -0.3467969000339508 0.08849202841520309 
-0.8059003353118896 0.2412990033626556 -0.5406469702720642 0.1715971231460571 
-0.3536279499530792 0.5362038016319275 0.7664415836334229 -0.1536850780248642 
0 0 0 1 

-0.06205747276544571 0.9788257479667664 -0.1950621157884598 0.08768807351589203 
-0.7913841605186462 -0.1673451066017151 -0.5879685878753662 0.1507628709077835 
-0.6081613898277283 0.1178812682628632 0.7850120067596436 -0.1365419328212738 
0 0 0 1 

0.546674370765686 0.7609808444976807 -0.3493645787239075 0.07737039029598236 
-0.7671929597854614 0.2880227565765381 -0.5731126070022583 0.1735100895166397 
-0.3355027139186859 0.5813357830047607 0.7412735819816589 -0.1572744995355606 
0 0 0 1 

0.6001377701759338 0.7228016257286072 -0.3426257073879242 0.07389772683382034 
-0.7685797810554504 0.4023836851119995 -0.4973653852939606 0.1566470712423325 
-0.2216295301914215 0.5618230104446411 0.797016441822052 -0.1861728876829147 
0 0 0 1 

0.6071398854255676 0.7337468862533569 -0.3049531579017639 0.06361592561006546 
-0.7683595418930054 0.4443314671516418 -0.4606440961360931 0.1483810096979141 
-0.2024959921836853 0.5139890909194946 0.8335529565811157 -0.201813668012619 
0 0 0 1 

0.7713056802749634 0.500063955783844 -0.3937301337718964 0.09156980365514755 
-0.6175745129585266 0.7376182079315186 -0.2729850113391876 0.1037064865231514 
0.1539124399423599 0.453712671995163 0.8777560591697693 -0.2131379991769791 
0 0 0 1 

0.8168243169784546 0.4179875552654266 -0.3975981771945953 0.08566802740097046 
-0.5634112358093262 0.7261069416999817 -0.39412721991539 0.1345911622047424 
0.1239584162831306 0.5459440350532532 0.8286008238792419 -0.1981821060180664 
0 0 0 1 

0.8649336099624634 0.3346128463745117 -0.3740639090538025 0.0772586315870285 
-0.4886311888694763 0.7315891981124878 -0.4754117727279663 0.1495568454265594 
0.1145821511745453 0.5939791202545166 0.796278715133667 -0.1849798560142517 
0 0 0 1 

