-0.4897615313529968 -0.5314025282859802 0.691190779209137 -0.1844051480293274 
-0.8718327879905701 0.2926830053329468 -0.392739325761795 0.1634269505739212 
0.006402954459190369 -0.7949514985084534 -0.6066390872001648 0.1826527565717697 
0 0 0 1 

-0.4610392153263092 -0.5910654664039612 0.6618794798851013 -0.1798622906208038 
-0.8859176635742188 0.3493819534778595 -0.3050935864448547 0.1380334943532944 
-0.05091841891407967 -0.7270307540893555 -0.6847140789031982 0.211107462644577 
0 0 0 1 

-0.4960845708847046 -0.639519214630127 0.5872951745986938 -0.1575599610805511 
-0.8680107593536377 0.3819438517093658 -0.3172954320907593 0.1402279287576675 
-0.02139736153185368 -0.6671838164329529 -0.744586169719696 0.228775754570961 
0 0 0 1 

-0.6028633713722229 -0.6609129905700684 0.4469333589076996 -0.1097431108355522 
-0.796413779258728 0.4649716913700104 -0.3866864442825317 0.1559431403875351 
0.04775482043623924 -0.5890630483627319 -0.8066744804382324 0.2449641823768616 
0 0 0 1 

-0.7941475510597229 -0.5809213519096375 0.1784918457269669 -0.02588495053350925 
-0.2035690546035767 0.5310205817222595 0.8225427269935608 -0.2452842891216278 
-0.5726155638694763 0.6168851852416992 -0.5399661064147949 0.2041110992431641 
0 0 0 1 

-0.7312995195388794 -0.6429793238639832 0.2275478541851044 -0.04562486708164215 
-0.2670548260211945 0.5769151449203491 0.7719135880470276 -0.2229010760784149 
-0.6276003122329712 0.503732442855835 -0.5936083197593689 0.2245873808860779 
0 0 0 1 

-0.6756023168563843 -0.6837267279624939 0.275824248790741 -0.06440264731645584 
-0.3323585689067841 0.6163909435272217 0.7138627171516418 -0.1990399807691574 
-0.6581025719642639 0.3906148374080658 -0.6436774730682373 0.2415565103292465 
0 0 0 1 

-0.618740975856781 -0.7179999947547913 0.3188030123710632 -0.08146949857473373 
-0.3900662958621979 0.6330387592315674 0.668662965297699 -0.1809495687484741 
-0.681914746761322 0.2893749177455902 -0.6717546582221985 0.2510170340538025 
0 0 0 1 

-0.5649086833000183 -0.742882251739502 0.3591712117195129 -0.09680240601301193 
-0.4436774551868439 0.6404629349708557 0.6268632411956787 -0.1644480377435684 
-0.695721447467804 0.1947643458843231 -0.6914032101631165 0.2569835186004639 
0 0 0 1 

-0.5163338184356689 -0.7586866021156311 0.3972329199314117 -0.1103883236646652 
-0.4942102432250977 0.6427919268608093 0.5852990746498108 -0.1490942388772964 
-0.6993966102600098 0.1058931425213814 -0.7068458795547485 0.2610122561454773 
0 0 0 1 

