0.7927359938621521 0.6095398664474487 -0.005534912925213575 -0.02591907978057861 
-0.6014049053192139 0.7806107997894287 -0.1701730787754059 0.08247292041778564 
-0.09940669685602188 0.1382310390472412 0.9853986501693726 -0.2894991934299469 
0 0 0 1 

0.7238786816596985 0.6891482472419739 -0.03277338668704033 -0.01235750038176775 
-0.6841520667076111 0.7108756899833679 -0.1630687117576599 0.0832875594496727 
-0.08908078074455261 0.1404639184474945 0.9860702157020569 -0.2905576229095459 
0 0 0 1 

0.6485870480537415 0.7604148387908936 -0.03322288393974304 -0.007064902223646641 
-0.7566989660263062 0.6394796371459961 -0.135912224650383 0.07761087268590927 
-0.08210436999797821 0.1132906228303909 0.9901636838912964 -0.2935801148414612 
0 0 0 1 

0.5516349673271179 0.832851767539978 -0.04535030946135521 0.002561275148764253 
-0.8322981595993042 0.546081006526947 -0.09526348859071732 0.06667549908161163 
-0.05457544699311256 0.09029565006494522 0.9944185018539429 -0.2983039915561676 
0 0 0 1 

0.4011151790618896 0.8935955762863159 -0.2014781981706619 0.05917168408632278 
-0.915785551071167 0.396244615316391 -0.06577908992767334 0.05674277991056442 
0.02105472609400749 0.210895836353302 0.9772817492485046 -0.2856936752796173 
0 0 0 1 

0.4569969177246094 0.8583898544311523 -0.2330674082040787 0.06546925753355026 
-0.8885291814804077 0.4285267889499664 -0.163952648639679 0.08645805716514587 
-0.04085974767804146 0.2820130586624146 0.9585400819778442 -0.274708479642868 
0 0 0 1 

0.5331193804740906 0.8184391260147095 -0.2143382877111435 0.05420854687690735 
-0.8420253992080688 0.4886294603347778 -0.228547990322113 0.1041673421859741 
-0.08232066780328751 0.3023216724395752 0.9496446251869202 -0.2683417201042175 
0 0 0 1 

0.5945078134536743 0.7767454981803894 -0.2079102843999863 0.04770778119564056 
-0.7950591444969177 0.5291980504989624 -0.2963616847991943 0.1209336593747139 
-0.1201719716191292 0.3414903283119202 0.9321711659431458 -0.2594418823719025 
0 0 0 1 

0.6757369041442871 0.7141901850700378 -0.1825151145458221 0.03420807793736458 
-0.7200793623924255 0.5865762233734131 -0.3706936836242676 0.1361304372549057 
-0.157686859369278 0.3819167613983154 0.9106450080871582 -0.2491479367017746 
0 0 0 1 

0.6980918049812317 0.6990310549736023 -0.154993548989296 0.0248613003641367 
-0.6930590271949768 0.6053298711776733 -0.391464501619339 0.1391042619943619 
-0.1798238009214401 0.3806978762149811 0.9070459604263306 -0.2460537552833557 
0 0 0 1 

