-0.1645656228065491 0.8503765463829041 -0.499777615070343 0.1855615377426147 
-0.9777148365974426 -0.07367221266031265 0.1965856999158859 -0.02398151159286499 
0.130352109670639 0.5209912657737732 0.8435498476028442 -0.2569754123687744 
0 0 0 1 

-0.1225308030843735 0.3917815685272217 -0.9118626117706299 0.2940855026245117 
-0.9852960109710693 0.06221127137541771 0.1591274589300156 -0.01173996832221746 
0.1190712600946426 0.9179526567459106 0.3783980011940002 -0.1095489040017128 
0 0 0 1 

-0.1922526955604553 0.2924847900867462 -0.9367449879646301 0.3033157587051392 
-0.9747039675712585 0.0539526492357254 0.2168892920017242 -0.03067943640053272 
0.1139766126871109 0.9547468423843384 0.2747137844562531 -0.07663600146770477 
0 0 0 1 

-0.2724049985408783 0.1654395759105682 -0.9478528499603271 0.3100598156452179 
-0.9597914814949036 0.02268469147384167 0.2797955572605133 -0.05099678412079811 
0.06779091060161591 0.9859588742256165 0.152608260512352 -0.03552468121051788 
0 0 0 1 

0.6806827187538147 0.4171293973922729 -0.6022242307662964 0.1564300507307053 
-0.2917882204055786 0.9084132313728333 0.2994078099727631 -0.05266015604138374 
0.6719602346420288 -0.02807971276342869 0.7400546073913574 -0.2528750896453857 
0 0 0 1 

0.6715551018714905 0.4542798399925232 -0.5853574872016907 0.150948092341423 
-0.2391161769628525 0.8806079626083374 0.4090879857540131 -0.09063639491796494 
0.701310932636261 -0.1347565948963165 0.7000024914741516 -0.2415595799684525 
0 0 0 1 

0.6645030975341797 0.4849249720573425 -0.568580150604248 0.1457628011703491 
-0.1563854366540909 0.8342525362968445 0.5287402868270874 -0.1345247477293015 
0.7307388186454773 -0.2624319195747375 0.63019859790802 -0.2218556106090546 
0 0 0 1 

0.6464502811431885 0.5191922783851624 -0.559053897857666 0.1435449570417404 
-0.09325017780065536 0.78102046251297 0.6175041198730469 -0.1681707799434662 
0.7572359442710876 -0.347053736448288 0.5533056855201721 -0.1993276178836823 
0 0 0 1 

0.6635262966156006 0.5295895934104919 -0.5284578204154968 0.1331665813922882 
-0.03294115886092186 0.7263452410697937 0.6865400671958923 -0.1955726593732834 
0.7474273443222046 -0.438129335641861 0.4993944764137268 -0.1829069554805756 
0 0 0 1 

0.666234016418457 0.5345802307128906 -0.5199578404426575 0.1303530037403107 
-0.007457999046891928 0.7019762992858887 0.7121612429618835 -0.2062480300664902 
0.7457053661346436 -0.4705881774425507 0.4716674387454987 -0.1751619130373001 
0 0 0 1 

