0.4292261898517609 0.1475659012794495 -0.8910605907440186 0.3551797270774841 
-0.07476267963647842 0.9889821410179138 0.1277689784765244 -0.01559968572109938 
0.9000973105430603 0.01177630480378866 0.4355294704437256 -0.1577001661062241 
0 0 0 1 

0.4177337288856506 0.143789529800415 -0.897119402885437 0.3567396700382233 
-0.07447297126054764 0.9894939064979553 0.1239177286624908 -0.01021209079772234 
0.9055122137069702 0.01504653785377741 0.4240534007549286 -0.1443425267934799 
0 0 0 1 

0.4403229951858521 0.1397489309310913 -0.8868967294692993 0.3520431816577911 
-0.08438320457935333 0.989881157875061 0.1140820309519768 -0.004843640141189098 
0.893865168094635 0.02460627257823944 0.4476599097251892 -0.1427315771579742 
0 0 0 1 

0.459847629070282 0.1496712416410446 -0.8752934336662292 0.3487662076950073 
-0.1061438396573067 0.9878907799720764 0.1131607070565224 -0.003280803561210632 
0.8816311955451965 0.04087034240365028 0.4701659083366394 -0.1413720995187759 
0 0 0 1 

0.4761405289173126 0.1495958268642426 -0.8665511608123779 0.3464250266551971 
-0.1288947463035583 0.9866532683372498 0.09950615465641022 0.003943221177905798 
0.869871199131012 0.06431504338979721 0.4890676736831665 -0.1384289860725403 
0 0 0 1 

0.4686650037765503 0.1532067060470581 -0.8699889183044434 0.3492000102996826 
-0.1563197672367096 0.9836868047714233 0.08901932090520859 0.01078264601528645 
0.8694349527359009 0.09427622705698013 0.484968900680542 -0.1278889030218124 
0 0 0 1 

0.471376359462738 0.1647370904684067 -0.8664097785949707 0.3507837653160095 
-0.1595552414655685 0.9821181893348694 0.09993045032024384 0.0103053729981184 
0.8673790097236633 0.09113540500402451 0.4892319440841675 -0.1244512870907784 
0 0 0 1 

0.4783191382884979 0.1828993558883667 -0.8589286208152771 0.3521716296672821 
-0.1842401623725891 0.9772043824195862 0.1054854243993759 0.01119998563081026 
0.8586419820785522 0.1077934950590134 0.5011129975318909 -0.1237927600741386 
0 0 0 1 

0.4815084934234619 0.1924435645341873 -0.8550525903701782 0.3548494875431061 
-0.2011221796274185 0.9738231301307678 0.1059162840247154 0.01357164233922958 
0.8530528545379639 0.1209704801440239 0.5076088309288025 -0.1210753172636032 
0 0 0 1 

0.4673421680927277 0.2168769836425781 -0.8570617437362671 0.3677552342414856 
-0.2499353587627411 0.9623072147369385 0.1072232648730278 0.01783820986747742 
0.8480111360549927 0.1641001999378204 0.5039321184158325 -0.100800447165966 
0 0 0 1 

