0.6917946934700012 0.4980697631835938 -0.5228254795074463 0.1303386986255646 
-0.0946698933839798 0.7803503274917603 0.6181349754333496 -0.1696718782186508 
0.7158613801002502 -0.3781266808509827 0.586994469165802 -0.2074401676654816 
0 0 0 1 

0.70262610912323 0.5112870931625366 -0.4948757588863373 0.1210463643074036 
-0.03847613930702209 0.7217630743980408 0.6910699009895325 -0.1982395350933075 
0.7105181813240051 -0.4665228426456451 0.5268019437789917 -0.1892040371894836 
0 0 0 1 

0.7168059945106506 0.5117995142936707 -0.4735507369041443 0.1132806688547134 
0.01892276667058468 0.6646186709403992 0.7469429969787598 -0.2211315929889679 
0.6970157623291016 -0.5443741083145142 0.4667180478572845 -0.1714391112327576 
0 0 0 1 

0.7597838640213013 0.4913485944271088 -0.4257993102073669 0.0956546738743782 
0.06149597465991974 0.5976547598838806 0.7993916273117065 -0.2425422817468643 
0.6472609043121338 -0.6335498094558716 0.4238724708557129 -0.1584505587816238 
0 0 0 1 

0.82484370470047 0.4398811161518097 -0.3551583886146545 0.06857971847057343 
0.1026539206504822 0.5012273192405701 0.8592050671577454 -0.2686234414577484 
0.5559631586074829 -0.7451682686805725 0.3682786822319031 -0.139042004942894 
0 0 0 1 

0.8691427707672119 0.4024437069892883 -0.2874540686607361 0.0454719066619873 
0.1239505708217621 0.3854222893714905 0.9143772721290588 -0.2912332713603973 
0.478776603937149 -0.8303545117378235 0.2851038575172424 -0.1100275740027428 
0 0 0 1 

0.7884111404418945 0.6117027997970581 -0.06501925736665726 -0.01899298094213009 
-0.1637825220823288 0.3106192350387573 0.9363177418708801 -0.2911179065704346 
0.5929444432258606 -0.7275543808937073 0.3450818359851837 -0.1325543224811554 
0 0 0 1 

0.8846558928489685 0.387243926525116 0.2596653699874878 -0.1182269304990768 
-0.4386261701583862 0.5024023056030273 0.745116651058197 -0.2073848396539688 
0.158085510134697 -0.7730678915977478 0.6143084764480591 -0.19597427546978 
0 0 0 1 

0.8855212926864624 -0.4638553559780121 -0.0262704286724329 -0.06478382647037506 
0.4362349808216095 0.8106758594512939 0.3905169665813446 -0.1761393845081329 
-0.1598466336727142 -0.3572711646556854 0.9202207922935486 -0.2989789843559265 
0 0 0 1 

0.8676241040229797 -0.4942465424537659 -0.05430104583501816 -0.05439707636833191 
0.4683746099472046 0.7757447361946106 0.4229007363319397 -0.1912967562675476 
-0.1668936461210251 -0.3923521041870117 0.9045475125312805 -0.2949114441871643 
0 0 0 1 

