0.4540890753269196 0.8611919283866882 -0.2283665835857391 0.05567535385489464 
-0.822766125202179 0.3069817125797272 -0.4783490896224976 0.1561425030231476 
-0.3418461382389069 0.4051053524017334 0.8479568362236023 -0.1753963232040405 
0 0 0 1 

0.4402722716331482 0.8548856973648071 -0.2744643688201904 0.07082667946815491 
-0.8039474487304688 0.2392387986183167 -0.5444567203521729 0.1726382374763489 
-0.3997857570648193 0.4603641331195831 0.7926135063171387 -0.1585251092910767 
0 0 0 1 

0.423054963350296 0.8489746451377869 -0.3166489005088806 0.08665195852518082 
-0.786328136920929 0.170339822769165 -0.5938621759414673 0.1832892149686813 
-0.4502360820770264 0.5002262592315674 0.7396358251571655 -0.139693558216095 
0 0 0 1 

0.3978402614593506 0.8577699661254883 -0.3255054950714111 0.09571800380945206 
-0.7777206897735596 0.1270951926708221 -0.615627646446228 0.1852946728467941 
-0.4866966605186462 0.4980738461017609 0.7176690101623535 -0.1277075856924057 
0 0 0 1 

0.3397479057312012 0.8802642226219177 -0.331219345331192 0.1045522317290306 
-0.7738146185874939 0.06145107746124268 -0.6304242014884949 0.1834040880203247 
-0.5345860719680786 0.470487654209137 0.7020392417907715 -0.1170640140771866 
0 0 0 1 

0.1748570501804352 0.9338488578796387 -0.3120118379592896 0.1102716252207756 
-0.7849588394165039 -0.05907792598009109 -0.6167248487472534 0.1671325117349625 
-0.5943607687950134 0.3527551293373108 0.7227026224136353 -0.1183311194181442 
0 0 0 1 

0.04820072650909424 0.9335012435913086 -0.3553197979927063 0.1206971630454063 
-0.788496732711792 -0.1828093677759171 -0.5872423648834229 0.1505172848701477 
-0.6131472587585449 0.3084739744663239 0.7272511720657349 -0.1186323910951614 
0 0 0 1 

-0.05309225991368294 0.922921895980835 -0.3813087940216064 0.1248125806450844 
-0.752405047416687 -0.2880309522151947 -0.5923890471458435 0.1542389541864395 
-0.656557559967041 0.2554473876953125 0.709703266620636 -0.1126958951354027 
0 0 0 1 

0.003668231656774879 0.901037335395813 -0.4337261319160461 0.1387538760900497 
-0.7141611576080322 -0.3012396693229675 -0.6318453550338745 0.1676031947135925 
-0.6999717354774475 0.3120680749416351 0.6423807740211487 -0.0894644483923912 
0 0 0 1 

0.06584233790636063 0.885353147983551 -0.4602330923080444 0.1495097726583481 
-0.7247113585472107 -0.2746179699897766 -0.6319637894630432 0.1712910383939743 
-0.6858994960784912 0.3751460909843445 0.6235440969467163 -0.07173619419336319 
0 0 0 1 

