0.5187594294548035 0.137638047337532 -0.8437678813934326 0.3346375226974487 
-0.07320581376552582 0.9904817342758179 0.1165625676512718 -0.01157389022409916 
0.8517800569534302 0.001300793490372598 0.523897647857666 -0.1908192932605743 
0 0 0 1 

0.5056937336921692 0.1324174702167511 -0.8524899482727051 0.3380419909954071 
-0.06922911107540131 0.9911921620368958 0.1128956452012062 -0.006050271913409233 
0.8599307537078857 0.001926534110680223 0.5104068517684937 -0.1768962442874908 
0 0 0 1 

0.526670515537262 0.1319132149219513 -0.8397718071937561 0.333563357591629 
-0.08322015404701233 0.9911419749259949 0.1034984812140465 -0.000967190251685679 
0.8459859490394592 0.0153763722628355 0.5329831838607788 -0.1747299581766129 
0 0 0 1 

0.5363283753395081 0.1434612721204758 -0.8317275047302246 0.3324000537395477 
-0.1039476916193962 0.9891734719276428 0.1035892069339752 0.0003326945879962295 
0.8375838398933411 0.03089833818376064 0.5454342365264893 -0.1698440313339233 
0 0 0 1 

0.5471631288528442 0.1450308561325073 -0.8243653774261475 0.3313647210597992 
-0.1262329071760178 0.9879079461097717 0.09001728892326355 0.007577817887067795 
0.8274523615837097 0.05480795726180077 0.5588544607162476 -0.1648662239313126 
0 0 0 1 

0.5402711033821106 0.1519407033920288 -0.8276599645614624 0.3348782956600189 
-0.1525786817073822 0.9849485158920288 0.08121684938669205 0.01377806533128023 
0.8275426030158997 0.08240415155887604 0.5553221106529236 -0.154937818646431 
0 0 0 1 

0.5427412986755371 0.1621966809034348 -0.8240898251533508 0.3368327021598816 
-0.1538721770048141 0.9837716221809387 0.09228571504354477 0.01341327745467424 
0.8256846070289612 0.07671723514795303 0.5588911175727844 -0.1514566540718079 
0 0 0 1 

0.5495344996452332 0.1838203519582748 -0.8149980306625366 0.3381355106830597 
-0.1834676414728165 0.9782352447509766 0.09692999720573425 0.01434239838272333 
0.8150774240493774 0.09625941514968872 0.5712990760803223 -0.1511250436306 
0 0 0 1 

0.5568652749061584 0.1914980411529541 -0.8082260489463806 0.3400055766105652 
-0.1946072727441788 0.9760555028915405 0.097179114818573 0.01720832474529743 
0.8074830770492554 0.1031710430979729 0.5807982683181763 -0.1501607000827789 
0 0 0 1 

0.5342801213264465 0.2065376192331314 -0.8196871280670166 0.3467069864273071 
-0.2126507163047791 0.9713462591171265 0.1061435118317604 0.01434656232595444 
0.8181225657463074 0.117596760392189 0.5628913640975952 -0.1394607722759247 
0 0 0 1 

