0.6190587282180786 0.7836148142814636 -0.05209607258439064 0.02983627840876579 
-0.4505856335163116 0.4087291061878204 0.7936704754829407 -0.204544335603714 
0.6432252526283264 -0.4678547978401184 0.6061129570007324 -0.1572290509939194 
0 0 0 1 

0.62283855676651 0.7741788029670715 -0.1127798184752464 0.04778464511036873 
-0.5174136757850647 0.5157433152198792 0.6828556060791016 -0.1624671220779419 
0.5868178009986877 -0.3669549226760864 0.7217955589294434 -0.1828534454107285 
0 0 0 1 

0.6208876967430115 0.7693783640861511 -0.1501839458942413 0.05759948864579201 
-0.5718235373497009 0.5755723118782043 0.5845802426338196 -0.1292676031589508 
0.5362052917480469 -0.2770798802375793 0.7973145842552185 -0.1983413696289062 
0 0 0 1 

0.6078547239303589 0.7817378044128418 -0.1392782181501389 0.05097442120313644 
-0.6615560054779053 0.5955866575241089 0.4556532502174377 -0.09395971149206161 
0.4391537010669708 -0.1848305761814117 0.8791937232017517 -0.2150460630655289 
0 0 0 1 

0.9338076114654541 0.3235010504722595 -0.1528083831071854 -0.01729506254196167 
-0.1188524067401886 0.6833429932594299 0.7203584313392639 -0.2565580904483795 
0.3374572992324829 -0.654514491558075 0.6765596866607666 -0.2418917864561081 
0 0 0 1 

0.8848482370376587 0.3946674466133118 -0.2475502490997314 0.01999369263648987 
-0.07892418652772903 0.650669276714325 0.755248486995697 -0.2698067426681519 
0.4591453969478607 -0.6487425565719604 0.6068923473358154 -0.2272172868251801 
0 0 0 1 

0.9514923691749573 0.2113998979330063 -0.2235447764396667 -0.00106093124486506 
-0.00452728196978569 0.7361093759536743 0.6768471598625183 -0.2362592071294785 
0.3076388835906982 -0.6430028676986694 0.7013596296310425 -0.2397529035806656 
0 0 0 1 

0.9332385659217834 0.2837991416454315 -0.2202811390161514 -0.00372275453992188 
-0.04773605614900589 0.7056782245635986 0.7069224119186401 -0.2444248497486115 
0.3560716509819031 -0.6492118835449219 0.6721135973930359 -0.2313587516546249 
0 0 0 1 

0.877934992313385 0.3498518764972687 -0.3268543183803558 0.03643414750695229 
0.02966765314340591 0.6416181921958923 0.7664501070976257 -0.271939218044281 
0.4778597354888916 -0.6825903058052063 0.5529198050498962 -0.1949860751628876 
0 0 0 1 

0.8486541509628296 0.3947011530399323 -0.3521326780319214 0.04851289838552475 
0.02849281951785088 0.6306436061859131 0.7755492329597473 -0.2746407985687256 
0.5281804800033569 -0.6682063341140747 0.5239521861076355 -0.1868282854557037 
0 0 0 1 

