1.000000000000000000e+00 0.000000000000000000e+00 0.000000000000000000e+00 -4.146692231928954531e-01
0.000000000000000000e+00 -1.000000000000000000e+00 0.000000000000000000e+00 -7.693198940031911737e-02
0.000000000000000000e+00 0.000000000000000000e+00 -1.000000000000000000e+00 -3.421550398492883005e+00
0.000000000000000000e+00 0.000000000000000000e+00 0.000000000000000000e+00 1.000000000000000000e+00
9.903117418289184570e-01 -1.372426152229309082e-01 -2.114221081137657166e-02 -5.258452244156380795e-01
-1.359429359436035156e-01 -9.892460107803344727e-01 5.395985767245292664e-02 2.599044003910105372e-01
-2.832048758864402771e-02 -5.056292191147804260e-02 -9.983192682266235352e-01 -3.428891126610051909e+00
0.000000000000000000e+00 0.000000000000000000e+00 0.000000000000000000e+00 1.000000000000000000e+00
9.701237678527832031e-01 -2.378703653812408447e-01 -4.772267118096351624e-02 -6.197745561688360327e-01
-2.322023212909698486e-01 -9.673616886138916016e-01 1.014550700783729553e-01 5.534022806078913170e-01
-7.029829919338226318e-02 -8.734262734651565552e-02 -9.936947822570800781e-01 -3.397549981672159269e+00
0.000000000000000000e+00 0.000000000000000000e+00 0.000000000000000000e+00 1.000000000000000000e+00
9.408287405967712402e-01 -3.354070484638214111e-01 -4.840746149420738220e-02 -6.138723898100248988e-01
-3.257691860198974609e-01 -9.345003366470336914e-01 1.434689760208129883e-01 8.009245250078175227e-01
-9.335733950138092041e-02 -1.192100346088409424e-01 -9.884701967239379883e-01 -3.362637401534135595e+00
0.000000000000000000e+00 0.000000000000000000e+00 0.000000000000000000e+00 1.000000000000000000e+00
8.955360651016235352e-01 -4.445661008358001709e-01 -1.939075998961925507e-02 -4.488543142864372948e-01
-4.354109764099121094e-01 -8.844207525253295898e-01 1.679790765047073364e-01 9.684573583253009987e-01
-9.182745218276977539e-02 -1.419883668422698975e-01 -9.855996966361999512e-01 -3.353460112588253050e+00
0.000000000000000000e+00 0.000000000000000000e+00 0.000000000000000000e+00 1.000000000000000000e+00
8.318344354629516602e-01 -5.550115704536437988e-01 -3.646627534180879593e-03 -3.231349737526025279e-01
-5.439867377281188965e-01 -8.165792226791381836e-01 1.930716633796691895e-01 1.131651282214964027e+00
-1.101348325610160828e-01 -1.586198955774307251e-01 -9.811778664588928223e-01 -3.335414730466637945e+00
0.000000000000000000e+00 0.000000000000000000e+00 0.000000000000000000e+00 1.000000000000000000e+00
7.549136281013488770e-01 -6.552761793136596680e-01 2.680016122758388519e-02 -1.351421465994252502e-01
-6.488758921623229980e-01 -7.403590083122253418e-01 1.755798459053039551e-01 1.116313517456250848e+00
-9.521164745092391968e-02 -1.499375551939010620e-01 -9.841004014015197754e-01 -3.373609887326102452e+00
0.000000000000000000e+00 0.000000000000000000e+00 0.000000000000000000e+00 1.000000000000000000e+00
6.924246549606323242e-01 -7.192617058753967285e-01 5.666344240307807922e-02 1.979090253215206804e-02
-7.201188206672668457e-01 -6.841332912445068359e-01 1.157164424657821655e-01 8.939403159696683865e-01
-4.446509480476379395e-02 -1.209293752908706665e-01 -9.916649460792541504e-01 -3.461547301495681239e+00
0.000000000000000000e+00 0.000000000000000000e+00 0.000000000000000000e+00 1.000000000000000000e+00
5.886664986610412598e-01 -8.081056475639343262e-01 2.087733335793018341e-02 -7.432507072781972812e-02
-8.069620132446289062e-01 -5.859146118164062500e-01 7.426881790161132812e-02 7.425924334801116133e-01
-4.778479039669036865e-02 -6.056682765483856201e-02 -9.970197677612304688e-01 -3.545242839246689481e+00
0.000000000000000000e+00 0.000000000000000000e+00 0.000000000000000000e+00 1.000000000000000000e+00
5.026117563247680664e-01 -8.639588356018066406e-01 3.092630393803119659e-02 1.986686845571797311e-02
-8.639634847640991211e-01 -5.006967186927795410e-01 5.356972292065620422e-02 6.735942081567825035e-01
-3.079735115170478821e-02 -5.364394560456275940e-02 -9.980854392051696777e-01 -3.593826215643491029e+00
0.000000000000000000e+00 0.000000000000000000e+00 0.000000000000000000e+00 1.000000000000000000e+00
4.021442830562591553e-01 -9.143735766410827637e-01 4.691507667303085327e-02 1.367970089931875854e-01
-9.154751896858215332e-01 -4.023342430591583252e-01 5.738333333283662796e-03 4.700748392147963695e-01
1.362854707986116409e-02 -4.525719583034515381e-02 -9.988822937011718750e-01 -3.642936293419097193e+00
0.000000000000000000e+00 0.000000000000000000e+00 0.000000000000000000e+00 1.000000000000000000e+00
2.938429415225982666e-01 -9.547976851463317871e-01 4.492291808128356934e-02 1.860566003310037964e-01
-9.549677371978759766e-01 -2.952689528465270996e-01 -2.919813431799411774e-02 3.181231287538247021e-01
4.114263504743576050e-02 -3.432027250528335571e-02 -9.985630512237548828e-01 -3.673302971866229338e+00
0.000000000000000000e+00 0.000000000000000000e+00 0.000000000000000000e+00 1.000000000000000000e+00
1.788256466388702393e-01 -9.820436239242553711e-01 6.009881570935249329e-02 3.008754973426166490e-01
-9.817563891410827637e-01 -1.821183413267135620e-01 -5.465858802199363708e-02 2.078059256766689733e-01
6.462223082780838013e-02 -4.922805726528167725e-02 -9.966951608657836914e-01 -3.682575053272302501e+00
0.000000000000000000e+00 0.000000000000000000e+00 0.000000000000000000e+00 1.000000000000000000e+00
1.006284505128860474e-01 -9.921696782112121582e-01 7.398021221160888672e-02 3.869007752402212064e-01
-9.904480576515197754e-01 -1.069439351558685303e-01 -8.704056590795516968e-02 6.693992413823969534e-02
9.427074342966079712e-02 -6.451471894979476929e-02 -9.934536218643188477e-01 -3.675595915303278893e+00
0.000000000000000000e+00 0.000000000000000000e+00 0.000000000000000000e+00 1.000000000000000000e+00
1.789816468954086304e-02 -9.977508783340454102e-01 6.459305435419082642e-02 4.145092516206949629e-01
-9.976921081542968750e-01 -2.205457910895347595e-02 -6.421942263841629028e-02 1.744148076121881941e-01
6.549955904483795166e-02 -6.329466402530670166e-02 -9.958435893058776855e-01 -3.612447246523355027e+00
0.000000000000000000e+00 0.000000000000000000e+00 0.000000000000000000e+00 1.000000000000000000e+00
-8.729454874992370605e-02 -9.036000967025756836e-01 4.193875789642333984e-01 1.837270744189145599e+00
-9.908821582794189453e-01 3.538883849978446960e-02 -1.300023645162582397e-01 -7.486741904275198700e-02
1.026284471154212952e-01 -4.269121885299682617e-01 -8.984504342079162598e-01 -3.177196807512240984e+00
0.000000000000000000e+00 0.000000000000000000e+00 0.000000000000000000e+00 1.000000000000000000e+00
-1.620668768882751465e-01 -8.790528774261474609e-01 4.483300447463989258e-01 1.965375515439938825e+00
-9.773093461990356445e-01 8.019468933343887329e-02 -1.960476040840148926e-01 -3.454689035623709215e-01
1.363825649023056030e-01 -4.699300825595855713e-01 -8.721039295196533203e-01 -3.091636098844534608e+00
0.000000000000000000e+00 0.000000000000000000e+00 0.000000000000000000e+00 1.000000000000000000e+00
-1.348328441381454468e-01 -8.205332756042480469e-01 5.554683804512023926e-01 2.289026101668812263e+00
-9.908080101013183594e-01 1.178464293479919434e-01 -6.642418354749679565e-02 1.404613332776259715e-01
-1.095671020448207855e-02 -5.593186020851135254e-01 -8.288802504539489746e-01 -2.846541575525056267e+00
0.000000000000000000e+00 0.000000000000000000e+00 0.000000000000000000e+00 1.000000000000000000e+00
-8.763972669839859009e-02 -7.467264533042907715e-01 6.593319177627563477e-01 2.550898028692409003e+00
-9.945791959762573242e-01 2.841172367334365845e-02 -1.000237762928009033e-01 5.427662092510284614e-02
5.595766007900238037e-02 -6.645240783691406250e-01 -7.451688051223754883e-01 -2.651238429245064143e+00
0.000000000000000000e+00 0.000000000000000000e+00 0.000000000000000000e+00 1.000000000000000000e+00
-5.832246318459510803e-02 -5.663841962814331055e-01 8.220750689506530762e-01 3.103499465220498355e+00
-9.860375523567199707e-01 -9.597831219434738159e-02 -1.360808014869689941e-01 -7.636767668926244812e-02
1.559755057096481323e-01 -8.185338377952575684e-01 -5.528783202171325684e-01 -1.948798033843726296e+00
0.000000000000000000e+00 0.000000000000000000e+00 0.000000000000000000e+00 1.000000000000000000e+00
-1.209654510021209717e-01 -4.282421767711639404e-01 8.955310583114624023e-01 3.349147404157562846e+00
-9.856984615325927734e-01 -5.481236428022384644e-02 -1.593563109636306763e-01 -2.058755015738724936e-01
1.173291578888893127e-01 -9.019999504089355469e-01 -4.154872894287109375e-01 -1.394631746147815710e+00
0.000000000000000000e+00 0.000000000000000000e+00 0.000000000000000000e+00 1.000000000000000000e+00
-1.953873336315155029e-01 -3.219434320926666260e-01 9.263779520988464355e-01 3.480508727290725801e+00
-9.744639396667480469e-01 -4.284081980586051941e-02 -2.204179018735885620e-01 -4.339412057323169813e-01
1.106488704681396484e-01 -9.457886815071105957e-01 -3.053517043590545654e-01 -9.937322850355769788e-01
0.000000000000000000e+00 0.000000000000000000e+00 0.000000000000000000e+00 1.000000000000000000e+00
-2.738837301731109619e-01 -2.005812823772430420e-01 9.406139850616455078e-01 3.570676349523701276e+00
-9.591960906982421875e-01 -1.443531922996044159e-02 -2.823727428913116455e-01 -6.726498195336380048e-01
7.021670788526535034e-02 -9.795707464218139648e-01 -1.884433478116989136e-01 -5.412047998801752247e-01
0.000000000000000000e+00 0.000000000000000000e+00 0.000000000000000000e+00 1.000000000000000000e+00
-1.850463449954986572e-01 8.124340176582336426e-01 5.529093742370605469e-01 2.086851536124559203e+00
-9.485141634941101074e-01 -4.850935365539044142e-04 -3.167338967323303223e-01 -7.741515607942075494e-01
-2.570570409297943115e-01 -5.830532908439636230e-01 7.706949114799499512e-01 3.143835372090943991e+00
0.000000000000000000e+00 0.000000000000000000e+00 0.000000000000000000e+00 1.000000000000000000e+00
-1.816692203283309937e-01 8.411180377006530762e-01 5.094289183616638184e-01 1.914826143418782101e+00
-9.679806232452392578e-01 -6.169855222105979919e-02 -2.433242797851562500e-01 -5.100425747975916302e-01
-1.732333451509475708e-01 -5.373219847679138184e-01 8.253942728042602539e-01 3.289481057225210225e+00
0.000000000000000000e+00 0.000000000000000000e+00 0.000000000000000000e+00 1.000000000000000000e+00
-9.472665935754776001e-02 8.273407816886901855e-01 5.536543726921081543e-01 1.991869491013461113e+00
-9.895889163017272949e-01 -1.772569678723812103e-02 -1.428252160549163818e-01 -1.088556555498247647e-01
-1.083513721823692322e-01 -5.614197254180908203e-01 8.204064965248107910e-01 3.224540293897899090e+00
0.000000000000000000e+00 0.000000000000000000e+00 0.000000000000000000e+00 1.000000000000000000e+00
1.609417423605918884e-02 8.358196020126342773e-01 5.487671494483947754e-01 1.862338351761689159e+00
-9.992836117744445801e-01 3.224352002143859863e-02 -1.980332471430301666e-02 3.709572145029871870e-01
-3.424631059169769287e-02 -5.480555891990661621e-01 8.357404470443725586e-01 3.221513484469045618e+00
0.000000000000000000e+00 0.000000000000000000e+00 0.000000000000000000e+00 1.000000000000000000e+00
5.634143203496932983e-02 8.402846455574035645e-01 5.392090678215026855e-01 1.785314479708831170e+00
-9.945089817047119141e-01 -4.693958908319473267e-04 1.046467646956443787e-01 8.392966852429470936e-01
8.818621933460235596e-02 -5.421445369720458984e-01 8.356446027755737305e-01 3.126074712049756066e+00
0.000000000000000000e+00 0.000000000000000000e+00 0.000000000000000000e+00 1.000000000000000000e+00
3.324285894632339478e-02 8.543686270713806152e-01 5.186031460762023926e-01 1.753358390229192043e+00
-9.827918410301208496e-01 -6.638988107442855835e-02 1.723712980747222900e-01 9.889184832073948384e-01
1.816987693309783936e-01 -5.154089331626892090e-01 8.374598622322082520e-01 3.089409333147842496e+00
0.000000000000000000e+00 0.000000000000000000e+00 0.000000000000000000e+00 1.000000000000000000e+00
-3.710497543215751648e-02 8.529747724533081055e-01 5.206302404403686523e-01 1.855096035453190906e+00
-9.951574802398681641e-01 -7.899334281682968140e-02 5.849410966038703918e-02 5.639911585484591594e-01
9.102034568786621094e-02 -5.159392356872558594e-01 8.517760038375854492e-01 3.316100158846184254e+00
0.000000000000000000e+00 0.000000000000000000e+00 0.000000000000000000e+00 1.000000000000000000e+00
-4.702007770538330078e-02 8.594698905944824219e-01 5.090195536613464355e-01 1.798482014178959698e+00
-9.923409223556518555e-01 1.808191090822219849e-02 -1.221971511840820312e-01 -9.595830921388351364e-02
-1.142288222908973694e-01 -5.108667612075805664e-01 8.520371317863464355e-01 3.523953826855427351e+00
0.000000000000000000e+00 0.000000000000000000e+00 0.000000000000000000e+00 1.000000000000000000e+00
1.336478739976882935e-01 8.515704274177551270e-01 5.069178938865661621e-01 1.628366258671206879e+00
-9.843771457672119141e-01 1.732341647148132324e-01 -3.148679062724113464e-02 2.266094966736232896e-01
-1.146287992596626282e-01 -4.947903454303741455e-01 8.614193201065063477e-01 3.582964718573062424e+00
0.000000000000000000e+00 0.000000000000000000e+00 0.000000000000000000e+00 1.000000000000000000e+00
2.240229845046997070e-01 7.967637181282043457e-01 5.612317323684692383e-01 1.667236510197156685e+00
-9.449180960655212402e-01 3.185752332210540771e-01 -7.509548217058181763e-02 5.631795501156897088e-02
-2.386279851198196411e-01 -5.134950280189514160e-01 8.242447376251220703e-01 3.509148968072913544e+00
0.000000000000000000e+00 0.000000000000000000e+00 0.000000000000000000e+00 1.000000000000000000e+00
3.327493667602539062e-01 7.245118021965026855e-01 6.036228537559509277e-01 1.652307559466757114e+00
-9.088470935821533203e-01 4.171285331249237061e-01 3.371761413291096687e-04 3.105296925552835652e-01
-2.515442073345184326e-01 -5.487130880355834961e-01 7.972695827484130859e-01 3.354853729471135804e+00
0.000000000000000000e+00 0.000000000000000000e+00 0.000000000000000000e+00 1.000000000000000000e+00
3.570412695407867432e-01 7.185160517692565918e-01 5.968722105026245117e-01 1.596904468783980402e+00
-9.195522069931030273e-01 3.826590776443481445e-01 8.941832929849624634e-02 6.566403181267814748e-01
-1.641501039266586304e-01 -5.807811021804809570e-01 7.973378896713256836e-01 3.259225716831320341e+00
0.000000000000000000e+00 0.000000000000000000e+00 0.000000000000000000e+00 1.000000000000000000e+00
3.733114898204803467e-01 7.018620371818542480e-01 6.066531538963317871e-01 1.625456647193134652e+00
-9.232715368270874023e-01 3.449421226978302002e-01 1.690685451030731201e-01 9.455113783617533629e-01
-9.059756994247436523e-02 -6.232209205627441406e-01 7.767804861068725586e-01 3.111935468687708983e+00
0.000000000000000000e+00 0.000000000000000000e+00 0.000000000000000000e+00 1.000000000000000000e+00
5.357428193092346191e-01 5.972411036491394043e-01 5.968936085700988770e-01 1.527837475839531223e+00
-8.394345641136169434e-01 4.531227052211761475e-01 3.000487685203552246e-01 1.358199574523164754e+00
-9.126477688550949097e-02 -6.618022322654724121e-01 7.441020607948303223e-01 2.979877162447252648e+00
0.000000000000000000e+00 0.000000000000000000e+00 0.000000000000000000e+00 1.000000000000000000e+00
6.769418716430664062e-01 4.065977334976196289e-01 6.135371327400207520e-01 1.539391297937358516e+00
-7.106333971023559570e-01 5.781511664390563965e-01 4.009252190589904785e-01 1.693140804510390396e+00
-1.917020231485366821e-01 -7.074032425880432129e-01 6.803166866302490234e-01 2.922330555714672595e+00
0.000000000000000000e+00 0.000000000000000000e+00 0.000000000000000000e+00 1.000000000000000000e+00
6.981778144836425781e-01 3.254543244838714600e-01 6.376732587814331055e-01 1.589575977511672455e+00
-6.489015817642211914e-01 6.639562845230102539e-01 3.716026246547698975e-01 1.570841123521676597e+00
-3.024476766586303711e-01 -6.732319593429565430e-01 6.747474670410156250e-01 3.026774611852079744e+00
0.000000000000000000e+00 0.000000000000000000e+00 0.000000000000000000e+00 1.000000000000000000e+00
7.533907294273376465e-01 2.466346174478530884e-01 6.095682978630065918e-01 1.533250470016276346e+00
-5.639133453369140625e-01 7.191458344459533691e-01 4.059934914112091064e-01 1.599444145159478747e+00
-3.382365703582763672e-01 -6.496155858039855957e-01 6.808783411979675293e-01 3.032136762800177188e+00
0.000000000000000000e+00 0.000000000000000000e+00 0.000000000000000000e+00 1.000000000000000000e+00
7.394753098487854004e-01 2.354660183191299438e-01 6.306600570678710938e-01 1.695803683050013833e+00
-5.357390642166137695e-01 7.731168866157531738e-01 3.395220339298248291e-01 1.275774341913675780e+00
-4.076274633407592773e-01 -5.889371633529663086e-01 6.978486180305480957e-01 3.142786105731596891e+00
0.000000000000000000e+00 0.000000000000000000e+00 0.000000000000000000e+00 1.000000000000000000e+00
7.322448492050170898e-01 3.368870317935943604e-01 5.918820500373840332e-01 1.647253570189243232e+00
-5.803926587104797363e-01 7.633839249610900879e-01 2.835290729999542236e-01 1.026659153307726502e+00
-3.563160002231597900e-01 -5.511372089385986328e-01 7.545109391212463379e-01 3.310342292464272695e+00
0.000000000000000000e+00 0.000000000000000000e+00 0.000000000000000000e+00 1.000000000000000000e+00
8.083060383796691895e-01 1.706029474735260010e-01 5.635035037994384766e-01 1.592743079781608007e+00
-5.258441567420959473e-01 6.396820545196533203e-01 5.606199502944946289e-01 2.040763369821930073e+00
-2.648198306560516357e-01 -7.494672536849975586e-01 6.067693233489990234e-01 2.835372261483899869e+00
0.000000000000000000e+00 0.000000000000000000e+00 0.000000000000000000e+00 1.000000000000000000e+00
8.441373705863952637e-01 8.536662906408309937e-02 5.292866230010986328e-01 1.457285688268640023e+00
-4.737890064716339111e-01 5.808160901069641113e-01 6.619485616683959961e-01 2.426476820286724401e+00
-2.509101927280426025e-01 -8.095456957817077637e-01 5.307345390319824219e-01 2.541982186146745093e+00
0.000000000000000000e+00 0.000000000000000000e+00 0.000000000000000000e+00 1.000000000000000000e+00
8.713493347167968750e-01 1.942000724375247955e-02 4.902786910533905029e-01 1.299606962062800353e+00
-4.298793375492095947e-01 5.119315385818481445e-01 7.437266111373901367e-01 2.743028140647023605e+00
-2.365460842847824097e-01 -8.588064908981323242e-01 4.544196128845214844e-01 2.244494663630364872e+00
0.000000000000000000e+00 0.000000000000000000e+00 0.000000000000000000e+00 1.000000000000000000e+00
8.641702532768249512e-01 -1.768834441900253296e-01 4.710862040519714355e-01 1.268330362172801262e+00
-3.674260973930358887e-01 4.178431034088134766e-01 8.309057950973510742e-01 3.079018119943814469e+00
-3.438137471675872803e-01 -8.911334276199340820e-01 2.960959672927856445e-01 1.703550114456819031e+00
0.000000000000000000e+00 0.000000000000000000e+00 0.000000000000000000e+00 1.000000000000000000e+00
9.455971717834472656e-01 2.878283560276031494e-01 1.516610831022262573e-01 -6.025628078462217513e-02
-2.414062917232513428e-01 3.082361221313476562e-01 9.201700687408447266e-01 3.344548346531062588e+00
2.181036472320556641e-01 -9.067221283912658691e-01 3.609507679939270020e-01 1.559794763328683276e+00
0.000000000000000000e+00 0.000000000000000000e+00 0.000000000000000000e+00 1.000000000000000000e+00
9.798440933227539062e-01 9.415502101182937622e-02 1.761824190616607666e-01 4.825891762430800647e-02
-1.933499425649642944e-01 2.253206521272659302e-01 9.549065828323364258e-01 3.449468777868410108e+00
5.021172016859054565e-02 -9.697245359420776367e-01 2.389839291572570801e-01 1.189455960507112664e+00
0.000000000000000000e+00 0.000000000000000000e+00 0.000000000000000000e+00 1.000000000000000000e+00
9.746718406677246094e-01 1.879774779081344604e-01 1.211576163768768311e-01 -1.676773426077362572e-01
-1.444840580224990845e-01 1.157667785882949829e-01 9.827117919921875000e-01 3.522055673384631991e+00
1.707016378641128540e-01 -9.753266572952270508e-01 1.399943828582763672e-01 7.184975033545287770e-01
0.000000000000000000e+00 0.000000000000000000e+00 0.000000000000000000e+00 1.000000000000000000e+00
9.489338397979736328e-01 2.943069338798522949e-01 1.136132404208183289e-01 -2.103020003257261572e-01
-1.356900334358215332e-01 5.564272031188011169e-02 9.891880154609680176e-01 3.528285433868366017e+00
2.848030030727386475e-01 -9.540897011756896973e-01 9.273578971624374390e-02 4.485181926482295078e-01
0.000000000000000000e+00 0.000000000000000000e+00 0.000000000000000000e+00 1.000000000000000000e+00
9.950281977653503418e-01 -2.813434787094593048e-02 9.553973376750946045e-02 -2.614130392172537287e-01
-9.639840573072433472e-02 -3.093143552541732788e-02 9.948622584342956543e-01 3.512460952914055579e+00
-2.503464929759502411e-02 -9.991255998611450195e-01 -3.348974511027336121e-02 1.320234030641895262e-01
0.000000000000000000e+00 0.000000000000000000e+00 0.000000000000000000e+00 1.000000000000000000e+00
9.977480769157409668e-01 -2.890850044786930084e-02 6.052633002400398254e-02 -3.896251413854719958e-01
-6.370411813259124756e-02 -1.259123235940933228e-01 9.899940490722656250e-01 3.449042384147479545e+00
-2.099835686385631561e-02 -9.916198253631591797e-01 -1.274703294038772583e-01 -2.645370409015238011e-01
0.000000000000000000e+00 0.000000000000000000e+00 0.000000000000000000e+00 1.000000000000000000e+00
9.860795736312866211e-01 -2.599416859447956085e-02 1.642289310693740845e-01 -4.929528857845345141e-02
-1.662585884332656860e-01 -1.673503667116165161e-01 9.717779755592346191e-01 3.473589839638467680e+00
2.223179442808032036e-03 -9.855545163154602051e-01 -1.693424731492996216e-01 -3.160366642486104882e-01
0.000000000000000000e+00 0.000000000000000000e+00 0.000000000000000000e+00 1.000000000000000000e+00
7.818123102188110352e-01 -6.139512062072753906e-01 1.087828427553176880e-01 4.916911988802952216e-03
-2.675749063491821289e-01 -1.727758049964904785e-01 9.479199051856994629e-01 3.501889697753586717e+00
-5.631814599037170410e-01 -7.702026367187500000e-01 -2.993560433387756348e-01 -4.078647272280126468e-01
0.000000000000000000e+00 0.000000000000000000e+00 0.000000000000000000e+00 1.000000000000000000e+00
4.922696352005004883e-01 -8.699970841407775879e-01 -2.786105312407016754e-02 -1.563905120915324298e-01
-3.737482428550720215e-01 -2.401681244373321533e-01 8.958969116210937500e-01 3.490374999089329133e+00
-7.861188650131225586e-01 -4.306099414825439453e-01 -4.433873593807220459e-01 -8.261351651950914476e-01
0.000000000000000000e+00 0.000000000000000000e+00 0.000000000000000000e+00 1.000000000000000000e+00
8.991429209709167480e-01 -3.472591340541839600e-01 2.663694918155670166e-01 4.618558880243806564e-01
-3.856615126132965088e-01 -3.409486711025238037e-01 8.573318719863891602e-01 3.412593132054800638e+00
-2.068981826305389404e-01 -8.735930323600769043e-01 -4.404862523078918457e-01 -1.079767559228983487e+00
0.000000000000000000e+00 0.000000000000000000e+00 0.000000000000000000e+00 1.000000000000000000e+00
8.856877088546752930e-01 -1.869031339883804321e-01 4.249999225139617920e-01 1.005454152120965672e+00
-4.631661474704742432e-01 -4.191074967384338379e-01 7.809131741523742676e-01 3.256747433504158185e+00
3.216542676091194153e-02 -8.884906768798828125e-01 -4.577654600143432617e-01 -1.327947749477597084e+00
0.000000000000000000e+00 0.000000000000000000e+00 0.000000000000000000e+00 1.000000000000000000e+00
8.743248581886291504e-01 -1.598224043846130371e-01 4.582723081111907959e-01 1.130113820668572799e+00
-4.714212119579315186e-01 -5.041779279708862305e-01 7.235788106918334961e-01 3.057466450894708476e+00
1.154065877199172974e-01 -8.486822843551635742e-01 -5.161590576171875000e-01 -1.627642902216855481e+00
0.000000000000000000e+00 0.000000000000000000e+00 0.000000000000000000e+00 1.000000000000000000e+00
8.626147508621215820e-01 -1.516060978174209595e-01 4.826083779335021973e-01 1.226093685685623713e+00
-4.726626574993133545e-01 -5.814796686172485352e-01 6.621719002723693848e-01 2.864508987129617434e+00
1.802376508712768555e-01 -7.993102073669433594e-01 -5.732513070106506348e-01 -1.861746325952183811e+00
0.000000000000000000e+00 0.000000000000000000e+00 0.000000000000000000e+00 1.000000000000000000e+00
8.469201326370239258e-01 -1.079996302723884583e-01 5.206361413002014160e-01 1.335532270375516140e+00
-4.455214738845825195e-01 -6.785990595817565918e-01 5.839634537696838379e-01 2.591635619526213574e+00
2.902354001998901367e-01 -7.265254259109497070e-01 -6.228355765342712402e-01 -2.115515221128750678e+00
0.000000000000000000e+00 0.000000000000000000e+00 0.000000000000000000e+00 1.000000000000000000e+00
8.303096294403076172e-01 -1.270811557769775391e-01 5.426197648048400879e-01 1.438645268021918389e+00
-4.484652578830718994e-01 -7.303896546363830566e-01 5.151782035827636719e-01 2.358025978333515127e+00
3.308545947074890137e-01 -6.711040139198303223e-01 -6.634417176246643066e-01 -2.310013320896831868e+00
0.000000000000000000e+00 0.000000000000000000e+00 0.000000000000000000e+00 1.000000000000000000e+00
8.023059368133544922e-01 -1.547487974166870117e-01 5.765044093132019043e-01 1.598334628483367048e+00
-4.481978416442871094e-01 -7.940568923950195312e-01 4.105991423130035400e-01 1.999720992158191990e+00
3.942375183105468750e-01 -5.878148078918457031e-01 -7.064350247383117676e-01 -2.536663299662328175e+00
0.000000000000000000e+00 0.000000000000000000e+00 0.000000000000000000e+00 1.000000000000000000e+00
7.735905051231384277e-01 -2.180983871221542358e-01 5.949707627296447754e-01 1.713426290799178631e+00
-4.605849087238311768e-01 -8.383718132972717285e-01 2.915382087230682373e-01 1.588563004829150138e+00
4.352224171161651611e-01 -4.995656907558441162e-01 -7.490091323852539062e-01 -2.756100606306876699e+00
0.000000000000000000e+00 0.000000000000000000e+00 0.000000000000000000e+00 1.000000000000000000e+00
7.484668493270874023e-01 -2.804653346538543701e-01 6.009463667869567871e-01 1.783546858851165817e+00
-4.599632024765014648e-01 -8.723300099372863770e-01 1.657530665397644043e-01 1.140510671719352276e+00
4.777355790138244629e-01 -4.004741013050079346e-01 -7.819139957427978516e-01 -2.937329140447678899e+00
0.000000000000000000e+00 0.000000000000000000e+00 0.000000000000000000e+00 1.000000000000000000e+00
7.327093482017517090e-01 -3.611861467361450195e-01 5.767854452133178711e-01 1.728579468785411244e+00
-4.411668181419372559e-01 -8.974235057830810547e-01 -1.543139456771314144e-03 5.378659687325605399e-01
5.181779861450195312e-01 -2.533278167247772217e-01 -8.168939352035522461e-01 -3.124435324170088180e+00
0.000000000000000000e+00 0.000000000000000000e+00 0.000000000000000000e+00 1.000000000000000000e+00
7.210989594459533691e-01 -3.992422521114349365e-01 5.662351846694946289e-01 1.682144778936242258e+00
-3.719570040702819824e-01 -9.125936031341552734e-01 -1.697672009468078613e-01 -1.411038350692969401e-01
5.845208764076232910e-01 -8.819636702537536621e-02 -8.065709471702575684e-01 -3.108527770550665092e+00
0.000000000000000000e+00 0.000000000000000000e+00 0.000000000000000000e+00 1.000000000000000000e+00
7.212812900543212891e-01 -4.164828658103942871e-01 5.534398555755615234e-01 1.616879997745006348e+00
-2.968592643737792969e-01 -9.078004956245422363e-01 -2.962640225887298584e-01 -6.679259234549974611e-01
6.258019208908081055e-01 4.939584434032440186e-02 -7.784162759780883789e-01 -3.033619666209264043e+00
0.000000000000000000e+00 0.000000000000000000e+00 0.000000000000000000e+00 1.000000000000000000e+00
7.061144113540649414e-01 -4.468901455402374268e-01 5.492642521858215332e-01 1.602416391819179164e+00
-2.386633902788162231e-01 -8.805042505264282227e-01 -4.095751941204071045e-01 -1.120575518534117743e+00
6.666648983955383301e-01 1.581176966428756714e-01 -7.283934950828552246e-01 -2.874142727033606182e+00
0.000000000000000000e+00 0.000000000000000000e+00 0.000000000000000000e+00 1.000000000000000000e+00
7.004388570785522461e-01 -4.728689193725585938e-01 5.345841050148010254e-01 1.548331778082691734e+00
-1.635506898164749146e-01 -8.354327082633972168e-01 -5.246934890747070312e-01 -1.614173819091315076e+00
6.947203278541564941e-01 2.800840437412261963e-01 -6.625075936317443848e-01 -2.656423921517351516e+00
0.000000000000000000e+00 0.000000000000000000e+00 0.000000000000000000e+00 1.000000000000000000e+00
6.859235763549804688e-01 -4.993591904640197754e-01 5.292904973030090332e-01 1.538278262104791905e+00
-9.421569108963012695e-02 -7.821968197822570801e-01 -6.158663034439086914e-01 -2.016453544598894254e+00
7.215480804443359375e-01 3.725696504116058350e-01 -5.835745334625244141e-01 -2.389034556260872133e+00
0.000000000000000000e+00 0.000000000000000000e+00 0.000000000000000000e+00 1.000000000000000000e+00
7.034799456596374512e-01 -5.068615674972534180e-01 4.982035756111145020e-01 1.413879531347600471e+00
-3.218738362193107605e-02 -7.229920029640197754e-01 -6.901064515113830566e-01 -2.355090991133847567e+00
7.099857330322265625e-01 4.694401919841766357e-01 -5.249249339103698730e-01 -2.179194382985887302e+00
0.000000000000000000e+00 0.000000000000000000e+00 0.000000000000000000e+00 1.000000000000000000e+00
7.112399935722351074e-01 -5.143777728080749512e-01 4.791166186332702637e-01 1.338353293990791837e+00
1.695856638252735138e-02 -6.688271760940551758e-01 -7.432246804237365723e-01 -2.606874932194020555e+00
7.027443647384643555e-01 5.367361903190612793e-01 -4.669737219810485840e-01 -1.980510420525711357e+00
0.000000000000000000e+00 0.000000000000000000e+00 0.000000000000000000e+00 1.000000000000000000e+00
7.475411295890808105e-01 -5.004791617393493652e-01 4.366957247257232666e-01 1.153462410063039734e+00
6.181677803397178650e-02 -6.021862030029296875e-01 -7.959591150283813477e-01 -2.854237580560971210e+00
6.613325476646423340e-01 6.220071315765380859e-01 -4.192206561565399170e-01 -1.821549324683419124e+00
0.000000000000000000e+00 0.000000000000000000e+00 0.000000000000000000e+00 1.000000000000000000e+00
8.036950826644897461e-01 -4.654271602630615234e-01 3.707445859909057617e-01 8.682837746773875987e-01
1.052736565470695496e-01 -5.020121335983276367e-01 -8.584290146827697754e-01 -3.168912182559421531e+00
5.856548547744750977e-01 7.289452552795410156e-01 -3.544675409793853760e-01 -1.577007355231889063e+00
0.000000000000000000e+00 0.000000000000000000e+00 0.000000000000000000e+00 1.000000000000000000e+00
8.640598654747009277e-01 -4.087961316108703613e-01 2.937459945678710938e-01 5.584488017339739319e-01
1.251976490020751953e-01 -3.906830251216888428e-01 -9.119716882705688477e-01 -3.423079723118572115e+00
4.875718355178833008e-01 8.247742056846618652e-01 -2.863932549953460693e-01 -1.279800676922564717e+00
0.000000000000000000e+00 0.000000000000000000e+00 0.000000000000000000e+00 1.000000000000000000e+00
8.717767000198364258e-01 -4.044297933578491211e-01 2.764816880226135254e-01 4.822559579446151767e-01
1.592184603214263916e-01 -2.998280227184295654e-01 -9.406129121780395508e-01 -3.574051365716135908e+00
4.633087813854217529e-01 8.640250563621520996e-01 -1.969902813434600830e-01 -9.619575938547574312e-01
0.000000000000000000e+00 0.000000000000000000e+00 0.000000000000000000e+00 1.000000000000000000e+00
9.312336444854736328e-01 -2.692959904670715332e-01 2.455282509326934814e-01 3.131023889952799788e-01
1.920985281467437744e-01 -2.097940742969512939e-01 -9.586889743804931641e-01 -3.690295187298083590e+00
3.096812963485717773e-01 9.399286508560180664e-01 -1.436359435319900513e-01 -6.804820690139377071e-01
0.000000000000000000e+00 0.000000000000000000e+00 0.000000000000000000e+00 1.000000000000000000e+00
9.641700983047485352e-01 -1.421089768409729004e-01 2.240121960639953613e-01 1.944999155663775792e-01
2.088213413953781128e-01 -1.142397448420524597e-01 -9.712585210800170898e-01 -3.774325428608528821e+00
1.636157333850860596e-01 9.832368493080139160e-01 -8.047113567590713501e-02 -3.536690985943972687e-01
0.000000000000000000e+00 0.000000000000000000e+00 0.000000000000000000e+00 1.000000000000000000e+00
9.827001690864562988e-01 3.249910473823547363e-02 1.823307424783706665e-01 -1.644531831757022056e-02
1.831547021865844727e-01 -2.446803450584411621e-02 -9.827795028686523438e-01 -3.845465618832312860e+00
-2.747817896306514740e-02 9.991720914840698242e-01 -2.999715134501457214e-02 -4.325846138098790594e-03
0.000000000000000000e+00 0.000000000000000000e+00 0.000000000000000000e+00 1.000000000000000000e+00
9.546985030174255371e-01 -2.516935169696807861e-01 1.587494462728500366e-01 -8.672041289099018113e-02
1.809510588645935059e-01 6.751548498868942261e-02 -9.811719655990600586e-01 -3.891571982069367053e+00
2.362365871667861938e-01 9.654492139816284180e-01 1.100011914968490601e-01 3.960803824701462084e-01
0.000000000000000000e+00 0.000000000000000000e+00 0.000000000000000000e+00 1.000000000000000000e+00
9.833644628524780273e-01 -3.450381010770797729e-02 1.783355325460433960e-01 -7.904536505160009510e-03
1.811258196830749512e-01 1.122467219829559326e-01 -9.770330786705017090e-01 -3.901118789260065167e+00
1.369378902018070221e-02 9.930810332298278809e-01 1.166289746761322021e-01 6.420498401971845848e-01
0.000000000000000000e+00 0.000000000000000000e+00 0.000000000000000000e+00 1.000000000000000000e+00
9.870960712432861328e-01 -8.156590908765792847e-02 1.377972662448883057e-01 -1.532734990193111990e-01
1.436306238174438477e-01 7.056687772274017334e-02 -9.871123433113098145e-01 -3.913623121208714029e+00
7.079081237316131592e-02 9.941666722297668457e-01 8.137163519859313965e-02 4.375466116933826588e-01
0.000000000000000000e+00 0.000000000000000000e+00 0.000000000000000000e+00 1.000000000000000000e+00
9.628406167030334473e-01 -2.607374191284179688e-01 7.038556039333343506e-02 -3.693362802560338776e-01
5.520381405949592590e-02 -6.510841101408004761e-02 -9.963498711585998535e-01 -3.867106565143926034e+00
2.643686234951019287e-01 9.632117748260498047e-01 -4.829532653093338013e-02 -1.975091199507406359e-01
0.000000000000000000e+00 0.000000000000000000e+00 0.000000000000000000e+00 1.000000000000000000e+00
8.820893168449401855e-01 -4.674559831619262695e-01 5.833745375275611877e-02 -3.322477822818141746e-01
-3.842596709728240967e-02 -1.948222666978836060e-01 -9.800856113433837891e-01 -3.716714363003019272e+00
4.695123434066772461e-01 8.622812032699584961e-01 -1.898131966590881348e-01 -8.645211134244306095e-01
0.000000000000000000e+00 0.000000000000000000e+00 0.000000000000000000e+00 1.000000000000000000e+00
7.673056721687316895e-01 -6.368872523307800293e-01 7.494740188121795654e-02 -1.664780887238779816e-01
-1.666978001594543457e-01 -3.109436035156250000e-01 -9.356950521469116211e-01 -3.427085480136304430e+00
6.192372441291809082e-01 7.054707407951354980e-01 -3.447565734386444092e-01 -1.542275053118155492e+00
0.000000000000000000e+00 0.000000000000000000e+00 0.000000000000000000e+00 1.000000000000000000e+00
9.484282135963439941e-01 -1.932150572538375854e-01 -2.512997984886169434e-01 -1.430814536812414772e+00
-3.097938001155853271e-01 -3.969882130622863770e-01 -8.639608621597290039e-01 -3.021540929949829035e+00
6.716726720333099365e-02 8.972560167312622070e-01 -4.363716542720794678e-01 -1.576938070560986116e+00
0.000000000000000000e+00 0.000000000000000000e+00 0.000000000000000000e+00 1.000000000000000000e+00
8.881173729896545410e-01 -3.627948462963104248e-01 -2.821833789348602295e-01 -1.447601333587588579e+00
-4.415026605129241943e-01 -5.027371048927307129e-01 -7.431895732879638672e-01 -2.453671013333929896e+00
1.277613043785095215e-01 7.846242189407348633e-01 -6.066644787788391113e-01 -2.220521138030197683e+00
0.000000000000000000e+00 0.000000000000000000e+00 0.000000000000000000e+00 1.000000000000000000e+00
8.098605275154113770e-01 -4.994830787181854248e-01 -3.076401352882385254e-01 -1.425425240750717304e+00
-5.761231184005737305e-01 -5.784440040588378906e-01 -5.774811506271362305e-01 -1.744222352825800737e+00
1.104895919561386108e-01 6.449178457260131836e-01 -7.562227845191955566e-01 -2.714575648845803713e+00
0.000000000000000000e+00 0.000000000000000000e+00 0.000000000000000000e+00 1.000000000000000000e+00
7.394747138023376465e-01 -5.849100351333618164e-01 -3.332526683807373047e-01 -1.399666854668274896e+00
-6.716480255126953125e-01 -6.076164841651916504e-01 -4.238997101783752441e-01 -1.123963487236297576e+00
4.545345529913902283e-02 5.372916460037231445e-01 -8.421707749366760254e-01 -2.963163705198128994e+00
0.000000000000000000e+00 0.000000000000000000e+00 0.000000000000000000e+00 1.000000000000000000e+00
6.629728078842163086e-01 -7.011466622352600098e-01 -2.624123096466064453e-01 -1.011259143959968965e+00
-7.479178309440612793e-01 -6.048820614814758301e-01 -2.733795642852783203e-01 -5.387275919134586477e-01
3.295074403285980225e-02 3.775061368942260742e-01 -9.254206418991088867e-01 -3.203843140421779090e+00
0.000000000000000000e+00 0.000000000000000000e+00 0.000000000000000000e+00 1.000000000000000000e+00
6.866658926010131836e-01 -6.909304857254028320e-01 -2.260638475418090820e-01 -8.871290205649724481e-01
-7.268167734146118164e-01 -6.589297652244567871e-01 -1.937752962112426758e-01 -2.169434799976110162e-01
-1.507485844194889069e-02 2.973659038543701172e-01 -9.546445608139038086e-01 -3.243415717902778272e+00
0.000000000000000000e+00 0.000000000000000000e+00 0.000000000000000000e+00 1.000000000000000000e+00
6.919203996658325195e-01 -6.889633536338806152e-01 -2.158133387565612793e-01 -8.557997677720855512e-01
-7.125622630119323730e-01 -6.997850537300109863e-01 -5.055347830057144165e-02 2.955335468968531831e-01
-1.161934137344360352e-01 1.887594908475875854e-01 -9.751250743865966797e-01 -3.202312328364662619e+00
0.000000000000000000e+00 0.000000000000000000e+00 0.000000000000000000e+00 1.000000000000000000e+00
6.713981628417968750e-01 -7.122235894203186035e-01 -2.048456221818923950e-01 -7.949544695998322918e-01
-7.228583097457885742e-01 -6.903055906295776367e-01 3.088285401463508606e-02 5.504588885440058199e-01
-1.634015738964080811e-01 1.273397356271743774e-01 -9.783068895339965820e-01 -3.149909677571813837e+00
0.000000000000000000e+00 0.000000000000000000e+00 0.000000000000000000e+00 1.000000000000000000e+00
6.561404466629028320e-01 -7.319514155387878418e-01 -1.836480647325515747e-01 -7.018380693677335191e-01
-7.313378453254699707e-01 -6.767708063125610352e-01 8.441674709320068359e-02 7.142874910421275203e-01
-1.860765963792800903e-01 7.891955971717834473e-02 -9.793605208396911621e-01 -3.108316469539403659e+00
0.000000000000000000e+00 0.000000000000000000e+00 0.000000000000000000e+00 1.000000000000000000e+00
5.768944621086120605e-01 -7.940484881401062012e-01 -1.915198415517807007e-01 -6.426934341062655598e-01
-7.590817809104919434e-01 -6.077585220336914062e-01 2.332901358604431152e-01 1.206544564462590063e+00
-3.016414940357208252e-01 1.079546380788087845e-02 -9.533603191375732422e-01 -2.943896706789546958e+00
0.000000000000000000e+00 0.000000000000000000e+00 0.000000000000000000e+00 1.000000000000000000e+00
5.676574110984802246e-01 -7.980260848999023438e-01 -2.022847980260848999e-01 -6.656703077943390001e-01
-6.763516068458557129e-01 -5.921500921249389648e-01 4.380714595317840576e-01 1.862074067164745994e+00
-4.693754613399505615e-01 -1.118588075041770935e-01 -8.758847713470458984e-01 -2.555323109275907001e+00
0.000000000000000000e+00 0.000000000000000000e+00 0.000000000000000000e+00 1.000000000000000000e+00
5.822555422782897949e-01 -7.850305438041687012e-01 -2.114362418651580811e-01 -7.203617656259747593e-01
-6.092355251312255859e-01 -5.935129523277282715e-01 5.259034037590026855e-01 2.129453263775495930e+00
-5.383403897285461426e-01 -1.773956716060638428e-01 -8.238448500633239746e-01 -2.316012132477555774e+00
0.000000000000000000e+00 0.000000000000000000e+00 0.000000000000000000e+00 1.000000000000000000e+00
6.416624784469604492e-01 -7.392245531082153320e-01 -2.044896334409713745e-01 -7.489277320293384888e-01
-4.994930028915405273e-01 -6.050767898559570312e-01 6.199908256530761719e-01 2.395974330096628080e+00
-5.820445418357849121e-01 -2.956837117671966553e-01 -7.574927210807800293e-01 -2.005843791686644284e+00
0.000000000000000000e+00 0.000000000000000000e+00 0.000000000000000000e+00 1.000000000000000000e+00
7.207468748092651367e-01 -6.714618802070617676e-01 -1.722287833690643311e-01 -7.097422955732545224e-01
