0.9698910713195801 0.2338348478078842 0.06806224584579468 -0.06838065385818481 
-0.1294788867235184 0.2584002315998077 0.9573215246200562 -0.2896181046962738 
0.2062678635120392 -0.9373102784156799 0.280896782875061 -0.06557741016149521 
0 0 0 1 

0.9793658256530762 0.1948142647743225 0.05375867336988449 -0.0669073611497879 
-0.08404312282800674 0.1506900042295456 0.9850022196769714 -0.3023007214069366 
0.1837915927171707 -0.969195544719696 0.163953423500061 -0.02587099745869637 
0 0 0 1 

0.995543897151947 0.09429458528757095 0.0009437386761419475 -0.05402322113513947 
-0.01334075443446636 0.1309277564287186 0.9913020730018616 -0.3062513768672943 
0.093350850045681 -0.986897349357605 0.1316022574901581 -0.01530453562736511 
0 0 0 1 

0.9968829154968262 0.07801025360822678 -0.01178071927279234 -0.05078640580177307 
-0.007916976697742939 0.2474824190139771 0.9688600301742554 -0.3012289702892303 
0.0784965455532074 -0.9657468199729919 0.2473286390304565 -0.05234053730964661 
0 0 0 1 

0.9982160329818726 0.02483798749744892 -0.05429418757557869 -0.03620138391852379 
0.04482278972864151 0.2889853119850159 0.9562835693359375 -0.3081469833850861 
0.03944237902760506 -0.9570111632347107 0.2873564064502716 -0.06324650347232819 
0 0 0 1 

0.9894233345985413 -0.05289124697446823 -0.1350701004266739 -0.005224268883466721 
0.1444362848997116 0.2732042074203491 0.9510508179664612 -0.3183430433273315 
-0.01340054627507925 -0.9605008959770203 0.2779540419578552 -0.05754617974162102 
0 0 0 1 

-0.9803531765937805 -0.1833852976560593 0.07263939082622528 0.02395585179328918 
-0.007378204260021448 0.4021009504795074 0.9155654907226562 -0.2996706664562225 
-0.197109654545784 0.8970420360565186 -0.395553857088089 0.1400080472230911 
0 0 0 1 

-0.9819467663764954 -0.1690402179956436 0.08488482981920242 0.01653356850147247 
0.04402067139744759 0.2322161793708801 0.971667468547821 -0.3217359483242035 
-0.1839625239372253 0.9578626751899719 -0.2205825746059418 0.07727096229791641 
0 0 0 1 

-0.9747286438941956 -0.2015014737844467 0.09644107520580292 0.01112424302846193 
0.05689287930727005 0.1935612112283707 0.9794371724128723 -0.3253912031650543 
-0.2160252928733826 0.9601724743843079 -0.177205502986908 0.06145670264959335 
0 0 0 1 

-0.977100133895874 -0.189244881272316 0.09726975113153458 0.01055965293198824 
0.06907746195793152 0.1502535343170166 0.9862310886383057 -0.3274282813072205 
-0.2012543529272079 0.9703660011291504 -0.1337401121854782 0.04711247235536575 
0 0 0 1 

