0.9698911309242249 0.2338348478078842 0.06806225329637527 -0.06838066130876541 
-0.129478856921196 0.2584001421928406 0.9573215246200562 -0.2896181344985962 
0.2062678635120392 -0.9373102188110352 0.2808966934680939 -0.06557731330394745 
0 0 0 1 

0.9793658256530762 0.1948142647743225 0.05375868454575539 -0.0669073686003685 
-0.08404308557510376 0.1506897807121277 0.9850021004676819 -0.3023006916046143 
0.1837916076183319 -0.9691954255104065 0.1639532595872879 -0.02587099559605122 
0 0 0 1 

0.995543897151947 0.09429458528757095 0.0009437528206035495 -0.05402322858572006 
-0.01334075815975666 0.1309277266263962 0.9913020730018616 -0.3062513172626495 
0.09335086494684219 -0.9868972897529602 0.1316022723913193 -0.01530455332249403 
0 0 0 1 

0.9968829751014709 0.07801024615764618 -0.01178072113543749 -0.05078640580177307 
-0.007916976697742939 0.247482568025589 0.9688599109649658 -0.3012289702892303 
0.0784965381026268 -0.9657466411590576 0.2473287433385849 -0.05234052613377571 
0 0 0 1 

0.9982160329818726 0.02483799867331982 -0.05429419130086899 -0.03620138019323349 
0.04482280090451241 0.2889851033687592 0.9562836885452271 -0.3081470429897308 
0.03944238275289536 -0.957011342048645 0.2873562276363373 -0.06324649602174759 
0 0 0 1 

0.9894233345985413 -0.05289123207330704 -0.1350701004266739 -0.005224264226853848 
0.1444362699985504 0.2732041776180267 0.9510506987571716 -0.3183430433273315 
-0.01340054534375668 -0.9605007767677307 0.2779540419578552 -0.05754613876342773 
0 0 0 1 

-0.9803534150123596 -0.1833853423595428 0.07263945788145065 0.02395584806799889 
-0.00737816235050559 0.4021009206771851 0.9155654311180115 -0.2996706664562225 
-0.1971096992492676 0.8970419764518738 -0.3955538272857666 0.140007957816124 
0 0 0 1 

-0.9819472432136536 -0.1690401136875153 0.08488468825817108 0.01653358712792397 
0.04402055963873863 0.2322160601615906 0.9716675877571106 -0.3217359185218811 
-0.1839623898267746 0.9578627943992615 -0.2205827385187149 0.07727096229791641 
0 0 0 1 

-0.9747285842895508 -0.2015017569065094 0.09644142538309097 0.01112420205026865 
0.05689316987991333 0.1935611814260483 0.9794371724128723 -0.3253912031650543 
-0.21602563560009 0.9601724147796631 -0.1772054880857468 0.06145670637488365 
0 0 0 1 

-0.9759076833724976 -0.1939998865127563 0.09983727335929871 0.00950511172413826 
0.07305538654327393 0.1406210511922836 0.9873642921447754 -0.3279942572116852 
-0.2055878043174744 0.9708704352378845 -0.1230600848793983 0.04318175837397575 
0 0 0 1 

