-0.09031914919614792 0.6795552968978882 -0.7280433177947998 0.2419469207525253 
-0.9949369430541992 -0.02921254746615887 0.09616222977638245 0.0111059732735157 
0.04407953843474388 0.7330424785614014 0.678753137588501 -0.2067724317312241 
0 0 0 1 

-0.06515322625637054 0.5152510404586792 -0.854559063911438 0.2780934572219849 
-0.9853277206420898 0.102160356938839 0.1367203146219254 -0.001301739015616477 
0.157747358083725 0.8509286046028137 0.5010351538658142 -0.1520152539014816 
0 0 0 1 

-0.1249906197190285 0.3784714043140411 -0.9171350598335266 0.2958634495735168 
-0.9855079054832458 0.05948653072118759 0.1588567942380905 -0.01220172829926014 
0.1146799847483635 0.9236994981765747 0.3655512928962708 -0.104758583009243 
0 0 0 1 

-0.1935724169015884 0.2768151462078094 -0.941224217414856 0.3048936426639557 
-0.975061297416687 0.05187472701072693 0.215787798166275 -0.03064419701695442 
0.1085590049624443 0.9595219492912292 0.2598702907562256 -0.07168100774288177 
0 0 0 1 

-0.2732105553150177 0.1511944830417633 -0.9499978423118591 0.3109118938446045 
-0.9600321650505066 0.01953927800059319 0.2792061567306519 -0.05117814987897873 
0.06077656522393227 0.9883107542991638 0.1398134827613831 -0.03111672401428223 
0 0 0 1 

-0.2725114226341248 -0.5457053780555725 -0.7924289107322693 0.2617030739784241 
-0.9498762488365173 0.02144166268408298 0.3118905425071716 -0.05945572629570961 
-0.1532092690467834 0.8377029299736023 -0.5241957306861877 0.1902188956737518 
0 0 0 1 

-0.2291371822357178 -0.6286245584487915 -0.7431871891021729 0.242515504360199 
-0.9691643714904785 0.07623642683029175 0.2343252897262573 -0.03543590381741524 
-0.09064473956823349 0.7739632129669189 -0.6267092227935791 0.2193265706300735 
0 0 0 1 

-0.1235744133591652 -0.6450387835502625 -0.7540915608406067 0.2373688817024231 
-0.9902408123016357 0.03081061318516731 0.1359179317951202 -0.001937763416208327 
-0.06443839520215988 0.7635282874107361 -0.6425511240959167 0.2229408621788025 
0 0 0 1 

0.009380175732076168 -0.666012704372406 -0.7458813786506653 0.2238452881574631 
-0.9995516538619995 -0.0274540651589632 0.01194404903799295 0.03969743847846985 
-0.02843237668275833 0.7454349994659424 -0.6659716367721558 0.2279965579509735 
0 0 0 1 

0.04938513040542603 -0.659939169883728 -0.7496940493583679 0.2222503572702408 
-0.9983187317848206 -0.00981378648430109 -0.05712395906448364 0.06085240468382835 
0.03034095838665962 0.7512547969818115 -0.6593142747879028 0.2216096371412277 
0 0 0 1 

