0.1241198927164078 -0.8420376181602478 -0.5249447226524353 0.1463743895292282 
-0.987137496471405 -0.1585077345371246 0.02085195295512676 0.02897449024021626 
-0.1007659435272217 0.5156044960021973 -0.8508808016777039 0.3064171373844147 
0 0 0 1 

0.3313665688037872 -0.7261030077934265 -0.6024703979492188 0.1415190398693085 
-0.9133687019348145 -0.4069595038890839 -0.01189324446022511 0.03681311383843422 
-0.2365453243255615 0.5542186498641968 -0.7980526089668274 0.2899852693080902 
0 0 0 1 

0.7555550336837769 0.6325499415397644 0.1703444421291351 -0.07094296813011169 
0.3658755123615265 -0.191776230931282 -0.9106904268264771 0.2202275842428207 
-0.5433891415596008 0.7504016160964966 -0.3763320446014404 0.1909530609846115 
0 0 0 1 

0.7070720195770264 0.6616658568382263 0.249494269490242 -0.09400591999292374 
0.5285780429840088 -0.2601658403873444 -0.8080339431762695 0.1778738796710968 
-0.4697386026382446 0.7032153606414795 -0.5336980223655701 0.2345296442508698 
0 0 0 1 

0.6625767350196838 0.7059916257858276 0.2501356899738312 -0.09147782623767853 
0.5931408405303955 -0.2906531095504761 -0.7508025765419006 0.1555725038051605 
-0.4573575854301453 0.645829975605011 -0.6113324761390686 0.2549109756946564 
0 0 0 1 

0.6271592974662781 0.7344109416007996 0.259444922208786 -0.09372702240943909 
0.6688599586486816 -0.3371216654777527 -0.6625518202781677 0.1235860213637352 
-0.3991208672523499 0.5890578627586365 -0.7026471495628357 0.2755024135112762 
0 0 0 1 

0.5913336873054504 0.7656921744346619 0.2530611157417297 -0.09286867827177048 
0.7278715372085571 -0.3716759979724884 -0.576246440410614 0.09511074423789978 
-0.3471706807613373 0.5249499678611755 -0.7771100401878357 0.2880916595458984 
0 0 0 1 

0.4968148767948151 0.8234593272209167 0.2740252315998077 -0.09241581708192825 
0.8024240732192993 -0.3155798614025116 -0.5064831972122192 0.07523163408041 
-0.3305914402008057 0.4715128242969513 -0.8175483345985413 0.2962245047092438 
0 0 0 1 

0.3801568448543549 0.8788865208625793 0.2881651818752289 -0.08985154330730438 
0.8597376346588135 -0.2208875715732574 -0.4604995548725128 0.0637323260307312 
-0.3410747349262238 0.4228084981441498 -0.8395837545394897 0.3008910119533539 
0 0 0 1 

0.3302551805973053 0.8898817896842957 0.3147092759609222 -0.09625084698200226 
0.8959622383117676 -0.1906517595052719 -0.4011277258396149 0.04716386273503304 
-0.2969563901424408 0.4144421517848969 -0.8602642416954041 0.3032542169094086 
0 0 0 1 

