0.5601055026054382 0.799338698387146 0.2175756990909576 -0.06204773113131523 
-0.6774559020996094 0.593117892742157 -0.4350453317165375 0.1654686480760574 
-0.4767966866493225 0.09627325832843781 0.8737255334854126 -0.2204062044620514 
0 0 0 1 

0.5753137469291687 0.7879559397697449 0.2194066196680069 -0.06480924040079117 
-0.6108956933021545 0.5923140048980713 -0.5253286957740784 0.1895051449537277 
-0.543893575668335 0.1681941300630569 0.8221254944801331 -0.1996576339006424 
0 0 0 1 

0.631242036819458 0.7437360882759094 0.2199772596359253 -0.06910894811153412 
-0.4981540739536285 0.606181800365448 -0.619988739490509 0.2125716805458069 
-0.5944542288780212 0.281780332326889 0.7531427145004272 -0.1720593124628067 
0 0 0 1 

0.775490939617157 0.6119367480278015 0.155393660068512 -0.06151736527681351 
-0.3663971126079559 0.6366374492645264 -0.6785615682601929 0.2233785092830658 
-0.5141662359237671 0.4692825078964233 0.7179184556007385 -0.1612593829631805 
0 0 0 1 

0.8548098206520081 0.5052804350852966 0.1182868033647537 -0.05906660854816437 
-0.305048018693924 0.6736525297164917 -0.6731550693511963 0.2168550044298172 
-0.4198163747787476 0.5393363237380981 0.7299796938896179 -0.1687936931848526 
0 0 0 1 

0.7902804017066956 0.442933589220047 0.4233987927436829 -0.1901695281267166 
-0.06627538055181503 0.7487221360206604 -0.6595624089241028 0.230020672082901 
-0.6091504693031311 0.4931783080101013 0.6210560202598572 -0.1325443983078003 
0 0 0 1 

0.7860396504402161 0.4272392392158508 0.4467753171920776 -0.197874516248703 
-0.1033729910850525 0.8033994436264038 -0.5863985419273376 0.2094602733850479 
-0.6094715595245361 0.4147479236125946 0.6756688356399536 -0.1553544551134109 
0 0 0 1 

0.7929720878601074 0.3953841626644135 0.4635368287563324 -0.2042588889598846 
-0.1265346109867096 0.8511098623275757 -0.5095103979110718 0.1856683641672134 
-0.5959731936454773 0.3453739881515503 0.7249362468719482 -0.1765485852956772 
0 0 0 1 

0.8180105686187744 0.3317103981971741 0.4699219763278961 -0.209424301981926 
-0.1529190987348557 0.9129791855812073 -0.3782652616500854 0.1440060287714005 
-0.5545035600662231 0.2375648617744446 0.7975515723228455 -0.2095343917608261 
0 0 0 1 

0.8286598324775696 0.2966716885566711 0.4746667146682739 -0.2082410305738449 
-0.1617885231971741 0.9387433528900146 -0.3042783737182617 0.1190528124570847 
-0.5358610153198242 0.1753475219011307 0.8258970379829407 -0.222631573677063 
0 0 0 1 

