1 0 0 -0.04542167112231255 
0 1 0 0.0009935460984706879 
0 0 1 -0.2875000238418579 
0 0 0 1 

0.9965741038322449 0.08129902184009552 0.01518675591796637 -0.04867776855826378 
-0.08101275563240051 0.9965395331382751 -0.01859993487596512 0.01022017374634743 
-0.01664634607732296 0.01730590313673019 0.9997116923332214 -0.2933931350708008 
0 0 0 1 

0.985826849937439 0.1645535826683044 0.03266938030719757 -0.05197972059249878 
-0.1629133820533752 0.9854834079742432 -0.04776432365179062 0.02448427118360996 
-0.04005498066544533 0.04176503047347069 0.9983242750167847 -0.2925997972488403 
0 0 0 1 

0.5535844564437866 0.8317776322364807 -0.04110994562506676 0.001206525019370019 
-0.8307161927223206 0.5480467677116394 -0.09775060415267944 0.06788524240255356 
-0.0587766207754612 0.08826389908790588 0.9943614602088928 -0.2983201742172241 
0 0 0 1 

0.8796864151954651 0.4752810895442963 -0.01610996015369892 -0.02689539454877377 
-0.4754895865917206 0.8785046935081482 -0.0462496280670166 0.03887262567877769 
-0.007828907109797001 0.04834529012441635 0.9987999796867371 -0.2658879160881042 
0 0 0 1 

0.8883470296859741 0.4588958323001862 -0.01594069786369801 -0.02538758143782616 
-0.4577333033084869 0.8877752423286438 0.04832478612661362 0.01068963948637247 
0.03632780537009239 -0.03563258796930313 0.9987044930458069 -0.2685935497283936 
0 0 0 1 

0.894599974155426 0.4467000067234039 -0.0122397355735302 -0.02598640508949757 
-0.4401252567768097 0.885511577129364 0.148858517408371 -0.02027158252894878 
0.07733357697725296 -0.1277818083763123 0.9887827634811401 -0.2677732408046722 
0 0 0 1 

0.8967286944389343 0.4422922432422638 -0.01597195491194725 -0.02456734701991081 
-0.4239133894443512 0.86871737241745 0.2561785578727722 -0.05397369340062141 
0.1271809488534927 -0.2229519337415695 0.9664974808692932 -0.2631749510765076 
0 0 0 1 

0.899456262588501 0.436540424823761 -0.0202668197453022 -0.0230915080755949 
-0.3990795612335205 0.8394011259078979 0.3689728677272797 -0.09114795923233032 
0.178083673119545 -0.3237868249416351 0.929219126701355 -0.2537051737308502 
0 0 0 1 

0.9041876196861267 0.4267920851707458 -0.01712860912084579 -0.02565152198076248 
-0.3731871247291565 0.8088584542274475 0.4544005692005157 -0.1170535832643509 
0.2077890783548355 -0.404471218585968 0.8906329870223999 -0.2447645515203476 
0 0 0 1 

