1.000000000000000000e+00 0.000000000000000000e+00 0.000000000000000000e+00 -4.542167112231254578e-02
0.000000000000000000e+00 1.000000000000000000e+00 0.000000000000000000e+00 9.935460984706878662e-04
0.000000000000000000e+00 0.000000000000000000e+00 1.000000000000000000e+00 -2.875000238418579102e-01
0.000000000000000000e+00 0.000000000000000000e+00 0.000000000000000000e+00 1.000000000000000000e+00
9.965334534645080566e-01 8.189399540424346924e-02 1.464992109686136246e-02 -4.829193279147148132e-02
-8.163645118474960327e-02 9.965104460716247559e-01 -1.738999038934707642e-02 9.691392071545124054e-03
-1.602292247116565704e-02 1.613374985754489899e-02 9.997414946556091309e-01 -2.934819459915161133e-01
0.000000000000000000e+00 0.000000000000000000e+00 0.000000000000000000e+00 1.000000000000000000e+00
9.855768084526062012e-01 1.660213768482208252e-01 3.278604522347450256e-02 -5.197878926992416382e-02
-1.642028987407684326e-01 9.850540161132812500e-01 -5.201707780361175537e-02 2.563358843326568604e-02
-4.093203693628311157e-02 4.588321596384048462e-02 9.981078505516052246e-01 -2.926180958747863770e-01
0.000000000000000000e+00 0.000000000000000000e+00 0.000000000000000000e+00 1.000000000000000000e+00
9.665335416793823242e-01 2.538482546806335449e-01 3.706663474440574646e-02 -5.111156404018402100e-02
-2.505533099174499512e-01 9.651045799255371094e-01 -7.613194733858108521e-02 3.792850673198699951e-02
-5.509916692972183228e-02 6.429689377546310425e-02 9.964085817337036133e-01 -2.920526266098022461e-01
0.000000000000000000e+00 0.000000000000000000e+00 0.000000000000000000e+00 1.000000000000000000e+00
9.379092454910278320e-01 3.427377641201019287e-01 5.344832688570022583e-02 -5.320348590612411499e-02
-3.345298767089843750e-01 9.344632625579833984e-01 -1.219345554709434509e-01 5.643738806247711182e-02
-9.173712879419326782e-02 9.648346155881881714e-02 9.910979866981506348e-01 -2.891483604907989502e-01
0.000000000000000000e+00 0.000000000000000000e+00 0.000000000000000000e+00 1.000000000000000000e+00
8.927974700927734375e-01 4.495006799697875977e-01 2.935679256916046143e-02 -4.276420176029205322e-02
-4.417882263660430908e-01 8.864769339561462402e-01 -1.377738565206527710e-01 6.563200056552886963e-02
-8.795356750488281250e-02 1.100346446037292480e-01 9.900286197662353516e-01 -2.901461720466613770e-01
0.000000000000000000e+00 0.000000000000000000e+00 0.000000000000000000e+00 1.000000000000000000e+00
8.455793857574462891e-01 5.335641503334045410e-01 1.744846627116203308e-02 -3.611829876899719238e-02
-5.238043665885925293e-01 8.355361819267272949e-01 -1.658553779125213623e-01 7.836913317441940308e-02
-1.030733808875083923e-01 1.311043053865432739e-01 9.859957695007324219e-01 -2.887742519378662109e-01
0.000000000000000000e+00 0.000000000000000000e+00 0.000000000000000000e+00 1.000000000000000000e+00
7.939506769180297852e-01 6.079518198966979980e-01 -6.061018444597721100e-03 -2.589230239391326904e-02
-5.999412536621093750e-01 7.817953824996948242e-01 -1.699009835720062256e-01 8.313736319541931152e-02
-9.855316579341888428e-02 1.385292559862136841e-01 9.854425191879272461e-01 -2.896629571914672852e-01
0.000000000000000000e+00 0.000000000000000000e+00 0.000000000000000000e+00 1.000000000000000000e+00
7.263629436492919922e-01 6.864345669746398926e-01 -3.470295295119285583e-02 -1.184190250933170319e-02
-6.815769076347351074e-01 7.128756046295166016e-01 -1.651093363761901855e-01 8.440268784761428833e-02
-8.859792351722717285e-02 1.435820311307907104e-01 9.856644868850708008e-01 -2.905907630920410156e-01
0.000000000000000000e+00 0.000000000000000000e+00 0.000000000000000000e+00 1.000000000000000000e+00
6.485943198204040527e-01 7.604918479919433594e-01 -3.125985711812973022e-02 -7.636880036443471909e-03
-7.561290860176086426e-01 6.390836238861083984e-01 -1.408568173646926880e-01 7.961438596248626709e-02
-8.714285492897033691e-02 1.149954125285148621e-01 9.895364046096801758e-01 -2.932108938694000244e-01
0.000000000000000000e+00 0.000000000000000000e+00 0.000000000000000000e+00 1.000000000000000000e+00
5.517084598541259766e-01 8.328198194503784180e-01 -4.504127427935600281e-02 2.495240652933716774e-03
-8.320785164833068848e-01 5.459110736846923828e-01 -9.811328351497650146e-02 6.805584579706192017e-02
-5.712218210101127625e-02 9.160779416561126709e-02 9.941554665565490723e-01 -2.982124090194702148e-01
0.000000000000000000e+00 0.000000000000000000e+00 0.000000000000000000e+00 1.000000000000000000e+00
4.578813314437866211e-01 8.841637969017028809e-01 -9.273134171962738037e-02 2.369348704814910889e-02
-8.889857530593872070e-01 4.545474648475646973e-01 -5.559632927179336548e-02 5.543958395719528198e-02
-7.005456835031509399e-03 1.078933551907539368e-01 9.941377639770507812e-01 -3.021738529205322266e-01
0.000000000000000000e+00 0.000000000000000000e+00 0.000000000000000000e+00 1.000000000000000000e+00
3.515529036521911621e-01 9.302663803100585938e-01 -1.049521639943122864e-01 3.195270150899887085e-02
-9.359427094459533691e-01 3.517123162746429443e-01 -1.760056801140308380e-02 4.124375432729721069e-02
2.053974941372871399e-02 1.044167429208755493e-01 9.943215250968933105e-01 -3.039042055606842041e-01
0.000000000000000000e+00 0.000000000000000000e+00 0.000000000000000000e+00 1.000000000000000000e+00
2.709486782550811768e-01 9.539976716041564941e-01 -1.283557564020156860e-01 4.191166162490844727e-02
-9.595750570297241211e-01 2.782389521598815918e-01 4.241095110774040222e-02 1.817232370376586914e-02
7.617351412773132324e-02 1.116757988929748535e-01 9.908209443092346191e-01 -3.032304644584655762e-01
0.000000000000000000e+00 0.000000000000000000e+00 0.000000000000000000e+00 1.000000000000000000e+00
1.928710639476776123e-01 9.684029817581176758e-01 -1.581018865108489990e-01 5.281482636928558350e-02
-9.724174737930297852e-01 2.101814597845077515e-01 1.011319607496261597e-01 -3.505526809021830559e-03
1.311666071414947510e-01 1.342356055974960327e-01 9.822300076484680176e-01 -3.015637993812561035e-01
0.000000000000000000e+00 0.000000000000000000e+00 0.000000000000000000e+00 1.000000000000000000e+00
1.130743473768234253e-01 9.809611439704895020e-01 -1.578904688358306885e-01 5.468000471591949463e-02
-9.709394574165344238e-01 1.428278833627700806e-01 1.920336037874221802e-01 -3.439662605524063110e-02
2.109286636114120483e-01 1.315879970788955688e-01 9.686040282249450684e-01 -2.987062931060791016e-01
0.000000000000000000e+00 0.000000000000000000e+00 0.000000000000000000e+00 1.000000000000000000e+00
1.897232234477996826e-01 9.717032909393310547e-01 -1.407042443752288818e-01 4.838461056351661682e-02
-9.541128277778625488e-01 2.162779122591018677e-01 2.071049958467483521e-01 -3.869940340518951416e-02
2.316758334636688232e-01 9.495510160923004150e-02 9.681475758552551270e-01 -2.966983020305633545e-01
0.000000000000000000e+00 0.000000000000000000e+00 0.000000000000000000e+00 1.000000000000000000e+00
2.710453867912292480e-01 9.511823654174804688e-01 -1.476020365953445435e-01 4.807776212692260742e-02
-9.382552504539489746e-01 2.953205704689025879e-01 1.801735013723373413e-01 -2.803774178028106689e-02
2.149677723646163940e-01 8.965324610471725464e-02 9.724973440170288086e-01 -2.954761385917663574e-01
0.000000000000000000e+00 0.000000000000000000e+00 0.000000000000000000e+00 1.000000000000000000e+00
3.273613452911376953e-01 9.327633976936340332e-01 -1.509521007537841797e-01 4.713280871510505676e-02
-9.329063296318054199e-01 3.444275557994842529e-01 1.051458045840263367e-01 -1.868957886472344398e-03
1.500682383775711060e-01 1.064035147428512573e-01 9.829332828521728516e-01 -2.950809895992279053e-01
0.000000000000000000e+00 0.000000000000000000e+00 0.000000000000000000e+00 1.000000000000000000e+00
3.619059324264526367e-01 9.132485985755920410e-01 -1.870858520269393921e-01 5.698118731379508972e-02
-9.288971424102783203e-01 3.701969981193542480e-01 1.020054053515195847e-02 3.149974346160888672e-02
7.857426255941390991e-02 1.700919717550277710e-01 9.822905659675598145e-01 -2.908815145492553711e-01
0.000000000000000000e+00 0.000000000000000000e+00 0.000000000000000000e+00 1.000000000000000000e+00
4.008265435695648193e-01 8.952984213829040527e-01 -1.943673044443130493e-01 5.729868263006210327e-02
-9.160389900207519531e-01 3.950130939483642578e-01 -6.954928487539291382e-02 5.825248733162879944e-02
1.451026275753974915e-02 2.059252709150314331e-01 9.784603118896484375e-01 -2.860698699951171875e-01
0.000000000000000000e+00 0.000000000000000000e+00 0.000000000000000000e+00 1.000000000000000000e+00
4.562114775180816650e-01 8.601717948913574219e-01 -2.279814928770065308e-01 6.411064416170120239e-02
-8.889684677124023438e-01 4.290012121200561523e-01 -1.602890640497207642e-01 8.609589934349060059e-02
-4.007182642817497253e-02 2.757940888404846191e-01 9.603809714317321777e-01 -2.755694389343261719e-01
0.000000000000000000e+00 0.000000000000000000e+00 0.000000000000000000e+00 1.000000000000000000e+00
5.322657823562622070e-01 8.191062808036804199e-01 -2.139104604721069336e-01 5.398146808147430420e-02
-8.421439528465270996e-01 4.864727258682250977e-01 -2.326749265193939209e-01 1.059484332799911499e-01
-8.652392774820327759e-02 3.039883673191070557e-01 9.487383961677551270e-01 -2.681600153446197510e-01
0.000000000000000000e+00 0.000000000000000000e+00 0.000000000000000000e+00 1.000000000000000000e+00
5.933362841606140137e-01 7.784597873687744141e-01 -2.048225849866867065e-01 4.715473577380180359e-02
-7.957204580307006836e-01 5.287932157516479492e-01 -2.953075468540191650e-01 1.212341412901878357e-01
-1.215762719511985779e-01 3.381981253623962402e-01 9.331884980201721191e-01 -2.598631978034973145e-01
0.000000000000000000e+00 0.000000000000000000e+00 0.000000000000000000e+00 1.000000000000000000e+00
6.721871495246887207e-01 7.185702323913574219e-01 -1.783844530582427979e-01 3.315459936857223511e-02
-7.219999432563781738e-01 5.828351974487304688e-01 -3.728523850440979004e-01 1.373802125453948975e-01
-1.639520078897476196e-01 3.794202208518981934e-01 9.105823040008544922e-01 -2.490711361169815063e-01
0.000000000000000000e+00 0.000000000000000000e+00 0.000000000000000000e+00 1.000000000000000000e+00
7.381016016006469727e-01 6.547017097473144531e-01 -1.630079746246337891e-01 2.489021234214305878e-02
-6.476118564605712891e-01 6.197307109832763672e-01 -4.433198571205139160e-01 1.512934416532516479e-01
-1.892212629318237305e-01 4.327809214591979980e-01 8.814169168472290039e-01 -2.354743629693984985e-01
0.000000000000000000e+00 0.000000000000000000e+00 0.000000000000000000e+00 1.000000000000000000e+00
7.623739242553710938e-01 6.315156221389770508e-01 -1.413275748491287231e-01 1.647965237498283386e-02
-5.972355604171752930e-01 6.025099158287048340e-01 -5.294252634048461914e-01 1.708375811576843262e-01
-2.491893321275711060e-01 4.880259335041046143e-01 8.365017175674438477e-01 -2.148710340261459351e-01
0.000000000000000000e+00 0.000000000000000000e+00 0.000000000000000000e+00 1.000000000000000000e+00
7.924779653549194336e-01 5.926194190979003906e-01 -1.441555470228195190e-01 1.428213622421026230e-02
-5.333037972450256348e-01 5.586393475532531738e-01 -6.352235674858093262e-01 1.977851986885070801e-01
-2.959150075912475586e-01 5.802793502807617188e-01 7.587555646896362305e-01 -1.863956302404403687e-01
0.000000000000000000e+00 0.000000000000000000e+00 0.000000000000000000e+00 1.000000000000000000e+00
8.175060749053955078e-01 5.580864548683166504e-01 -1.422079652547836304e-01 1.167239248752593994e-02
-4.767062962055206299e-01 5.171663165092468262e-01 -7.108374834060668945e-01 2.177373170852661133e-01
-3.231635987758636475e-01 6.489053964614868164e-01 6.888298988342285156e-01 -1.618077456951141357e-01
0.000000000000000000e+00 0.000000000000000000e+00 0.000000000000000000e+00 1.000000000000000000e+00
8.495832085609436035e-01 5.089681148529052734e-01 -1.384193450212478638e-01 7.622623350471258163e-03
-4.073188006877899170e-01 4.663520753383636475e-01 -7.852433323860168457e-01 2.370129823684692383e-01
-3.351117372512817383e-01 7.235103249549865723e-01 6.035171747207641602e-01 -1.378273665904998779e-01
0.000000000000000000e+00 0.000000000000000000e+00 0.000000000000000000e+00 1.000000000000000000e+00
8.765736818313598633e-01 4.707616567611694336e-01 -1.000090315937995911e-01 -5.458181723952293396e-03
-3.248633146286010742e-01 4.254670441150665283e-01 -8.446546196937561035e-01 2.513012588024139404e-01
-3.550805449485778809e-01 7.728912830352783203e-01 5.258864164352416992e-01 -1.170089095830917358e-01
0.000000000000000000e+00 0.000000000000000000e+00 0.000000000000000000e+00 1.000000000000000000e+00
8.971993327140808105e-01 4.367372095584869385e-01 -6.553040444850921631e-02 -1.497865654528141022e-02
-2.216603159904479980e-01 3.169960677623748779e-01 -9.221605658531188965e-01 2.657218873500823975e-01
-3.819690346717834473e-01 8.418871164321899414e-01 3.812157213687896729e-01 -7.784025371074676514e-02
0.000000000000000000e+00 0.000000000000000000e+00 0.000000000000000000e+00 1.000000000000000000e+00
8.982557654380798340e-01 4.390241503715515137e-01 -1.985608972609043121e-02 -3.264178335666656494e-02
-7.193572074174880981e-02 1.023098453879356384e-01 -9.921481013298034668e-01 2.826487720012664795e-01
-4.335455000400543213e-01 8.926311135292053223e-01 1.234819367527961731e-01 -7.616256829351186752e-03
0.000000000000000000e+00 0.000000000000000000e+00 0.000000000000000000e+00 1.000000000000000000e+00
8.914278149604797363e-01 4.521817266941070557e-01 -2.980060130357742310e-02 -2.650725282728672028e-02
-7.450430840253829956e-02 8.137549459934234619e-02 -9.938950538635253906e-01 2.827143967151641846e-01
-4.469961225986480713e-01 8.882058858871459961e-01 1.062298342585563660e-01 -8.673558011651039124e-03
0.000000000000000000e+00 0.000000000000000000e+00 0.000000000000000000e+00 1.000000000000000000e+00
8.547554016113281250e-01 5.182325243949890137e-01 -2.878080680966377258e-02 -2.355935610830783844e-02
-9.652905166149139404e-02 1.042386367917060852e-01 -9.898568391799926758e-01 2.823746204376220703e-01
-5.099760293960571289e-01 8.488636016845703125e-01 1.391230076551437378e-01 -1.523303519934415817e-02
0.000000000000000000e+00 0.000000000000000000e+00 0.000000000000000000e+00 1.000000000000000000e+00
8.416404724121093750e-01 5.359194278717041016e-01 -6.657062470912933350e-02 -1.319161430001258850e-02
-2.197592258453369141e-01 2.272768169641494751e-01 -9.487102031707763672e-01 2.758463621139526367e-01
-4.933022558689117432e-01 8.131024241447448730e-01 3.090585470199584961e-01 -5.468443408608436584e-02
0.000000000000000000e+00 0.000000000000000000e+00 0.000000000000000000e+00 1.000000000000000000e+00
8.356406092643737793e-01 5.408096909523010254e-01 -9.607110917568206787e-02 -5.092536099255084991e-03
-2.983230352401733398e-01 2.999973595142364502e-01 -9.060929417610168457e-01 2.670246362686157227e-01
-4.612029492855072021e-01 7.858282923698425293e-01 4.120259881019592285e-01 -8.274038136005401611e-02
0.000000000000000000e+00 0.000000000000000000e+00 0.000000000000000000e+00 1.000000000000000000e+00
8.215801119804382324e-01 5.595725774765014648e-01 -1.090167537331581116e-01 -1.829384011216461658e-03
-3.635591268539428711e-01 3.669728338718414307e-01 -8.562451601028442383e-01 2.564750909805297852e-01
-4.391251206398010254e-01 7.431079745292663574e-01 5.049354434013366699e-01 -1.087758541107177734e-01
0.000000000000000000e+00 0.000000000000000000e+00 0.000000000000000000e+00 1.000000000000000000e+00
8.384981155395507812e-01 5.390594005584716797e-01 -7.959810644388198853e-02 -1.417545136064291000e-02
-4.450158476829528809e-01 5.931457281112670898e-01 -6.709238886833190918e-01 2.169629186391830444e-01
-3.144546151161193848e-01 5.979907512664794922e-01 7.372416257858276367e-01 -1.798258125782012939e-01
0.000000000000000000e+00 0.000000000000000000e+00 0.000000000000000000e+00 1.000000000000000000e+00
8.406371474266052246e-01 5.380905270576477051e-01 -6.154344230890274048e-02 -2.093769423663616180e-02
-4.594793915748596191e-01 6.484007835388183594e-01 -6.070045232772827148e-01 1.983751952648162842e-01
-2.867187559604644775e-01 5.385485291481018066e-01 7.923116087913513184e-01 -1.970945596694946289e-01
0.000000000000000000e+00 0.000000000000000000e+00 0.000000000000000000e+00 1.000000000000000000e+00
8.600257635116577148e-01 5.068376660346984863e-01 -5.891715735197067261e-02 -2.183803543448448181e-02
-4.551387131214141846e-01 7.098066210746765137e-01 -5.376088023185729980e-01 1.774291396141052246e-01
-2.306605875492095947e-01 4.891728460788726807e-01 8.411334156990051270e-01 -2.130228281021118164e-01
0.000000000000000000e+00 0.000000000000000000e+00 0.000000000000000000e+00 1.000000000000000000e+00
8.745223283767700195e-01 4.843170046806335449e-01 -2.544530294835567474e-02 -3.004949539899826050e-02
-4.543516337871551514e-01 7.998050451278686523e-01 -3.922706842422485352e-01 1.355136334896087646e-01
-1.696322709321975708e-01 3.546105325222015381e-01 9.194977283477783203e-01 -2.369606196880340576e-01
0.000000000000000000e+00 0.000000000000000000e+00 0.000000000000000000e+00 1.000000000000000000e+00
8.798666596412658691e-01 4.746099710464477539e-01 -2.408447861671447754e-02 -2.887978404760360718e-02
-4.645103812217712402e-01 8.482322692871093750e-01 -2.544248998165130615e-01 9.753113240003585815e-02
-1.003234386444091797e-01 2.350474745035171509e-01 9.667926430702209473e-01 -2.530092597007751465e-01
0.000000000000000000e+00 0.000000000000000000e+00 0.000000000000000000e+00 1.000000000000000000e+00
8.787606358528137207e-01 4.770323038101196289e-01 -1.482074521481990814e-02 -2.723430097103118896e-02
-4.771952033042907715e-01 8.776916265487670898e-01 -4.406758770346641541e-02 3.833238780498504639e-02
-8.013635873794555664e-03 4.579725489020347595e-02 9.989185929298400879e-01 -2.660094201564788818e-01
0.000000000000000000e+00 0.000000000000000000e+00 0.000000000000000000e+00 1.000000000000000000e+00
8.879141807556152344e-01 4.597822725772857666e-01 -1.443972531706094742e-02 -2.573276869952678680e-02
-4.587206244468688965e-01 8.873388171195983887e-01 4.695905745029449463e-02 1.129600312560796738e-02
3.440387919545173645e-02 -3.507180511951446533e-02 9.987924695014953613e-01 -2.685001194477081299e-01
0.000000000000000000e+00 0.000000000000000000e+00 0.000000000000000000e+00 1.000000000000000000e+00
8.936035633087158203e-01 4.486874938011169434e-01 -1.233026105910539627e-02 -2.588687650859355927e-02
-4.418924748897552490e-01 8.842267990112304688e-01 1.512411832809448242e-01 -2.101456932723522186e-02
7.876280695199966431e-02 -1.297010034322738647e-01 9.884200096130371094e-01 -2.676946222782135010e-01
0.000000000000000000e+00 0.000000000000000000e+00 0.000000000000000000e+00 1.000000000000000000e+00
8.954669237136840820e-01 4.448825418949127197e-01 -1.477678678929805756e-02 -2.479633502662181854e-02
-4.266146719455718994e-01 8.672249913215637207e-01 2.567500472068786621e-01 -5.391889810562133789e-02
1.270384490489959717e-01 -2.236071974039077759e-01 9.663648605346679688e-01 -2.631601095199584961e-01
0.000000000000000000e+00 0.000000000000000000e+00 0.000000000000000000e+00 1.000000000000000000e+00
9.001886844635009766e-01 4.351560175418853760e-01 -1.730308867990970612e-02 -2.391857653856277466e-02
-3.987513482570648193e-01 8.395518660545349121e-01 3.689846992492675781e-01 -9.132880717515945435e-02
1.750928759574890137e-01 -3.252561986446380615e-01 9.292743802070617676e-01 -2.535660266876220703e-01
0.000000000000000000e+00 0.000000000000000000e+00 0.000000000000000000e+00 1.000000000000000000e+00
9.045829176902770996e-01 4.259647727012634277e-01 -1.684455014765262604e-02 -2.530236355960369110e-02
-3.725837767124176025e-01 8.091879487037658691e-01 4.543082416057586670e-01 -1.193725243210792542e-01
2.071498185396194458e-01 -4.046834707260131836e-01 8.906852006912231445e-01 -2.443021088838577271e-01
0.000000000000000000e+00 0.000000000000000000e+00 0.000000000000000000e+00 1.000000000000000000e+00
