0.5528759360313416 0.4613855183124542 -0.6938670873641968 0.2521898150444031 
0.1921276748180389 0.7396872639656067 0.6449415683746338 -0.1965234279632568 
0.8108114004135132 -0.4898837506771088 0.3203103542327881 -0.03744934499263763 
0 0 0 1 

0.5686302781105042 0.466549813747406 -0.6774885654449463 0.2405179291963577 
0.2028137445449829 0.7186596393585205 0.665127694606781 -0.2029295414686203 
0.7971988916397095 -0.5156156420707703 0.3140288591384888 -0.03751311078667641 
0 0 0 1 

0.5613994598388672 0.505186140537262 -0.6554521322250366 0.2267111241817474 
0.2085861712694168 0.6800891160964966 0.70283043384552 -0.2135916650295258 
0.8008260726928711 -0.5312868356704712 0.2764268219470978 -0.02882955968379974 
0 0 0 1 

0.5301272869110107 0.5774099826812744 -0.6209369301795959 0.2043545842170715 
0.1733545660972595 0.6430336236953735 0.7459597587585449 -0.2249642610549927 
0.8300079107284546 -0.5030958652496338 0.2407929748296738 -0.02484872564673424 
0 0 0 1 

0.5025328993797302 0.6126169562339783 -0.6100500822067261 0.1964700222015381 
0.1659702956676483 0.6241375803947449 0.7634828090667725 -0.2280112355947495 
0.8484777212142944 -0.484925389289856 0.2119734734296799 -0.02070609293878078 
0 0 0 1 

0.5568945407867432 0.6287991404533386 -0.542660117149353 0.1698629856109619 
0.1595803946256638 0.5601735711097717 0.8128588795661926 -0.2389020174741745 
0.8151088953018188 -0.5392746329307556 0.2116135954856873 -0.02954118698835373 
0 0 0 1 

0.6815124154090881 0.5650820136070251 -0.4649980664253235 0.1416788250207901 
0.1518044620752335 0.5124263167381287 0.8452069163322449 -0.2445953190326691 
0.715888500213623 -0.6466078162193298 0.2634428739547729 -0.05066752061247826 
0 0 0 1 

0.7812100648880005 0.51386958360672 -0.3544697165489197 0.1037239730358124 
0.08029316365718842 0.4803903996944427 0.8733716011047363 -0.2451803833246231 
0.6190829873085022 -0.7107481956481934 0.3340256214141846 -0.07332288473844528 
0 0 0 1 

0.8540390133857727 0.4590126276016235 -0.2447952628135681 0.07535778731107712 
0.0191291943192482 0.4425424039363861 0.8965434432029724 -0.2433214038610458 
0.5198571085929871 -0.7703657746315002 0.3691679835319519 -0.08423162996768951 
0 0 0 1 

0.8365411758422852 0.5249026417732239 -0.1570859402418137 0.06007096916437149 
-0.04530099406838417 0.3519838750362396 0.9349090456962585 -0.2569509446620941 
0.5460280179977417 -0.7749736905097961 0.3182276487350464 -0.067991703748703 
0 0 0 1 

