1.000000000000000000e+00 0.000000000000000000e+00 0.000000000000000000e+00 -3.619798645377159119e-02
0.000000000000000000e+00 1.000000000000000000e+00 0.000000000000000000e+00 -1.327119767665863037e-03
0.000000000000000000e+00 0.000000000000000000e+00 1.000000000000000000e+00 -2.960163652896881104e-01
0.000000000000000000e+00 0.000000000000000000e+00 0.000000000000000000e+00 1.000000000000000000e+00
9.901483654975891113e-01 1.389779150485992432e-01 1.706402562558650970e-02 -4.461375623941421509e-02
-1.378538012504577637e-01 9.889143705368041992e-01 -5.517723411321640015e-02 2.798764035105705261e-02
-2.454332821071147919e-02 5.228129029273986816e-02 9.983307123184204102e-01 -2.966783344745635986e-01
0.000000000000000000e+00 0.000000000000000000e+00 0.000000000000000000e+00 1.000000000000000000e+00
9.714021682739257812e-01 2.355144321918487549e-01 3.017731755971908569e-02 -4.869604110717773438e-02
-2.314473092555999756e-01 9.675804972648620605e-01 -1.010940670967102051e-01 5.269344151020050049e-02
-5.300814658403396606e-02 9.121851623058319092e-02 9.944190979003906250e-01 -2.949598729610443115e-01
0.000000000000000000e+00 0.000000000000000000e+00 0.000000000000000000e+00 1.000000000000000000e+00
9.417634010314941406e-01 3.349964022636413574e-01 2.930858172476291656e-02 -4.740362986922264099e-02
-3.277900218963623047e-01 9.339607954025268555e-01 -1.423756182193756104e-01 7.429017871618270874e-02
-7.506842166185379028e-02 1.244770660996437073e-01 9.893786907196044922e-01 -2.919198572635650635e-01
0.000000000000000000e+00 0.000000000000000000e+00 0.000000000000000000e+00 1.000000000000000000e+00
8.947335481643676758e-01 4.465222060680389404e-01 8.338056504726409912e-03 -3.549244254827499390e-02
-4.393097758293151855e-01 8.833342790603637695e-01 -1.634847223758697510e-01 8.765037357807159424e-02
-8.036481589078903198e-02 1.426122486591339111e-01 9.865105748176574707e-01 -2.908901274204254150e-01
0.000000000000000000e+00 0.000000000000000000e+00 0.000000000000000000e+00 1.000000000000000000e+00
8.313935995101928711e-01 5.555135607719421387e-01 -1.374127529561519623e-02 -2.288985438644886017e-02
-5.479573607444763184e-01 8.154747486114501953e-01 -1.863950341939926147e-01 1.010736674070358276e-01
-9.233935922384262085e-02 1.624972373247146606e-01 9.823789000511169434e-01 -2.896546125411987305e-01
0.000000000000000000e+00 0.000000000000000000e+00 0.000000000000000000e+00 1.000000000000000000e+00
7.558310627937316895e-01 6.532199978828430176e-01 -4.497107863426208496e-02 -6.426686886698007584e-03
-6.502487659454345703e-01 7.407893538475036621e-01 -1.685460507869720459e-01 9.959659725427627563e-02
-7.678365707397460938e-02 1.566347330808639526e-01 9.846671819686889648e-01 -2.927166819572448730e-01
0.000000000000000000e+00 0.000000000000000000e+00 0.000000000000000000e+00 1.000000000000000000e+00
6.936749219894409180e-01 7.159812450408935547e-01 -7.864963263273239136e-02 8.106307126581668854e-03
-7.197993397712707520e-01 6.850386857986450195e-01 -1.122964546084403992e-01 8.148339390754699707e-02
-2.652417309582233429e-02 1.345091909170150757e-01 9.905573725700378418e-01 -2.995332181453704834e-01
0.000000000000000000e+00 0.000000000000000000e+00 0.000000000000000000e+00 1.000000000000000000e+00
5.866134762763977051e-01 8.090536594390869141e-01 -3.627584502100944519e-02 -1.740207546390593052e-03
-8.090816736221313477e-01 5.834854841232299805e-01 -7.022362947463989258e-02 6.825561821460723877e-02
-3.564826026558876038e-02 7.054423540830612183e-02 9.968715906143188477e-01 -3.069803714752197266e-01
0.000000000000000000e+00 0.000000000000000000e+00 0.000000000000000000e+00 1.000000000000000000e+00
5.010275244712829590e-01 8.643231391906738281e-01 -4.377740994095802307e-02 5.627108737826347351e-03
-8.651862144470214844e-01 4.990420639514923096e-01 -4.908475652337074280e-02 6.169709935784339905e-02
-2.057834342122077942e-02 6.246848031878471375e-02 9.978351593017578125e-01 -3.111314177513122559e-01
0.000000000000000000e+00 0.000000000000000000e+00 0.000000000000000000e+00 1.000000000000000000e+00
4.030110836029052734e-01 9.136685729026794434e-01 -5.283559113740921021e-02 1.333372294902801514e-02
-9.149391055107116699e-01 4.035915732383728027e-01 3.480135055724531412e-04 4.399452358484268188e-02
2.164196968078613281e-02 4.820109903812408447e-02 9.986031651496887207e-01 -3.152969181537628174e-01
0.000000000000000000e+00 0.000000000000000000e+00 0.000000000000000000e+00 1.000000000000000000e+00
2.911664545536041260e-01 9.546917676925659180e-01 -6.152828782796859741e-02 2.130067721009254456e-02
-9.553142786026000977e-01 2.935769259929656982e-01 3.445485234260559082e-02 3.128915280103683472e-02
5.095705017447471619e-02 4.874674975872039795e-02 9.975104928016662598e-01 -3.174716532230377197e-01
0.000000000000000000e+00 0.000000000000000000e+00 0.000000000000000000e+00 1.000000000000000000e+00
1.757164150476455688e-01 9.814563393592834473e-01 -7.659691572189331055e-02 3.138771653175354004e-02
-9.817335009574890137e-01 1.804683804512023926e-01 6.025232002139091492e-02 2.152078226208686829e-02
7.295833528041839600e-02 6.461045145988464355e-02 9.952399730682373047e-01 -3.180718719959259033e-01
0.000000000000000000e+00 0.000000000000000000e+00 0.000000000000000000e+00 1.000000000000000000e+00
9.782350063323974609e-02 9.912626743316650391e-01 -8.847928047180175781e-02 3.825903683900833130e-02
-9.901320934295654297e-01 1.059036329388618469e-01 9.177406877279281616e-02 9.419905953109264374e-03
1.003424897789955139e-01 7.862853258848190308e-02 9.918411970138549805e-01 -3.172721862792968750e-01
0.000000000000000000e+00 0.000000000000000000e+00 0.000000000000000000e+00 1.000000000000000000e+00
2.148605883121490479e-02 9.934520125389099121e-01 -1.122113987803459167e-01 5.029392242431640625e-02
-9.967495799064636230e-01 3.000239841639995575e-02 7.476716488599777222e-02 1.734333485364913940e-02
7.764419913291931152e-02 1.102402135729789734e-01 9.908675551414489746e-01 -3.104820251464843750e-01
0.000000000000000000e+00 0.000000000000000000e+00 0.000000000000000000e+00 1.000000000000000000e+00
-8.871068060398101807e-02 8.820614218711853027e-01 -4.627070426940917969e-01 1.720401793718338013e-01
-9.910689592361450195e-01 -3.173103928565979004e-02 1.295198947191238403e-01 -1.052149455063045025e-03
9.956233203411102295e-02 4.700644910335540771e-01 8.769985437393188477e-01 -2.668317854404449463e-01
0.000000000000000000e+00 0.000000000000000000e+00 0.000000000000000000e+00 1.000000000000000000e+00
-1.636808365583419800e-01 8.601222038269042969e-01 -4.831128418445587158e-01 1.804811060428619385e-01
-9.780595898628234863e-01 -7.751429826021194458e-02 1.933664679527282715e-01 -2.357292734086513519e-02
1.288706213235855103e-01 5.041637420654296875e-01 8.539388775825500488e-01 -2.605254352092742920e-01
0.000000000000000000e+00 0.000000000000000000e+00 0.000000000000000000e+00 1.000000000000000000e+00
-1.306933015584945679e-01 7.973741888999938965e-01 -5.891637206077575684e-01 2.076419442892074585e-01
-9.913234114646911621e-01 -1.135276854038238525e-01 6.625545024871826172e-02 1.743693836033344269e-02
-1.405600458383560181e-02 5.927107334136962891e-01 8.052926659584045410e-01 -2.379683256149291992e-01
0.000000000000000000e+00 0.000000000000000000e+00 0.000000000000000000e+00 1.000000000000000000e+00
-8.708690851926803589e-02 7.166653871536254883e-01 -6.919586062431335449e-01 2.303693145513534546e-01
-9.948289394378662109e-01 -2.612482383847236633e-02 9.814724326133728027e-02 1.057621277868747711e-02
5.226142331957817078e-02 6.969276666641235352e-01 7.152346372604370117e-01 -2.192935943603515625e-01
0.000000000000000000e+00 0.000000000000000000e+00 0.000000000000000000e+00 1.000000000000000000e+00
-5.861702561378479004e-02 5.410709977149963379e-01 -8.389316201210021973e-01 2.729004323482513428e-01
-9.855051636695861816e-01 1.026525720953941345e-01 1.350642293691635132e-01 -1.090304343961179256e-03
1.591978669166564941e-01 8.346884846687316895e-01 5.272109508514404297e-01 -1.607082933187484741e-01
0.000000000000000000e+00 0.000000000000000000e+00 0.000000000000000000e+00 1.000000000000000000e+00
-1.243772655725479126e-01 3.977594971656799316e-01 -9.090201854705810547e-01 2.932466566562652588e-01
-9.855085611343383789e-01 5.697156116366386414e-02 1.597719937562942505e-01 -1.257865503430366516e-02
1.153390482068061829e-01 9.157190918922424316e-01 3.849095702171325684e-01 -1.112915426492691040e-01
0.000000000000000000e+00 0.000000000000000000e+00 0.000000000000000000e+00 1.000000000000000000e+00
-1.912599056959152222e-01 3.041235804557800293e-01 -9.332353472709655762e-01 3.022189140319824219e-01
-9.746639728546142578e-01 5.349275469779968262e-02 2.171827852725982666e-01 -3.089829720556735992e-02
1.159717068076133728e-01 9.511293172836303711e-01 2.861874401569366455e-01 -8.017572015523910522e-02
0.000000000000000000e+00 0.000000000000000000e+00 0.000000000000000000e+00 1.000000000000000000e+00
-2.725283801555633545e-01 1.801881492137908936e-01 -9.451245069503784180e-01 3.093219101428985596e-01
-9.600878953933715820e-01 1.331281196326017380e-02 2.793812155723571777e-01 -5.175669118762016296e-02
6.292340904474258423e-02 9.835422039031982422e-01 1.693684905767440796e-01 -4.036322236061096191e-02
0.000000000000000000e+00 0.000000000000000000e+00 0.000000000000000000e+00 1.000000000000000000e+00
-1.893021613359451294e-01 -8.097338080406188965e-01 -5.554242730140686035e-01 1.805747896432876587e-01
-9.510186314582824707e-01 1.040769182145595551e-02 3.089574873447418213e-01 -5.872639268636703491e-02
-2.443925738334655762e-01 5.867053866386413574e-01 -7.720420360565185547e-01 2.721656858921051025e-01
0.000000000000000000e+00 0.000000000000000000e+00 0.000000000000000000e+00 1.000000000000000000e+00
-1.845418661832809448e-01 -8.226709961891174316e-01 -5.377333164215087891e-01 1.734320372343063354e-01
-9.702931046485900879e-01 6.540716439485549927e-02 2.329239547252655029e-01 -3.513375669717788696e-02
-1.564480364322662354e-01 5.647431612014770508e-01 -8.103020191192626953e-01 2.795449793338775635e-01
0.000000000000000000e+00 0.000000000000000000e+00 0.000000000000000000e+00 1.000000000000000000e+00
-9.347312897443771362e-02 -8.265627622604370117e-01 -5.550279617309570312e-01 1.713322103023529053e-01
-9.908523559570312500e-01 2.272972092032432556e-02 1.330221295356750488e-01 -9.492387762293219566e-04
-9.733562916517257690e-02 5.623847842216491699e-01 -8.211258053779602051e-01 2.790349423885345459e-01
0.000000000000000000e+00 0.000000000000000000e+00 0.000000000000000000e+00 1.000000000000000000e+00
1.890431717038154602e-02 -8.362330794334411621e-01 -5.480480194091796875e-01 1.594990342855453491e-01
-9.995549321174621582e-01 -2.845578268170356750e-02 8.940870873630046844e-03 4.112701863050460815e-02
-2.307187207043170929e-02 5.476351976394653320e-01 -8.363986611366271973e-01 2.786456048488616943e-01
0.000000000000000000e+00 0.000000000000000000e+00 0.000000000000000000e+00 1.000000000000000000e+00
5.912854149937629700e-02 -8.398374915122985840e-01 -5.396076440811157227e-01 1.534770280122756958e-01
-9.934203028678894043e-01 3.606006037443876266e-03 -1.144682615995407104e-01 8.066970854997634888e-02
9.808059036731719971e-02 5.428256988525390625e-01 -8.340985774993896484e-01 2.697505056858062744e-01
0.000000000000000000e+00 0.000000000000000000e+00 0.000000000000000000e+00 1.000000000000000000e+00
3.165259212255477905e-02 -8.488274216651916504e-01 -5.277214646339416504e-01 1.535656601190567017e-01
-9.805796146392822266e-01 7.587023824453353882e-02 -1.808504313230514526e-01 9.362891316413879395e-02
1.935492753982543945e-01 5.231974720954895020e-01 -8.299417495727539062e-01 2.648060321807861328e-01
0.000000000000000000e+00 0.000000000000000000e+00 0.000000000000000000e+00 1.000000000000000000e+00
-3.847805410623550415e-02 -8.478404283523559570e-01 -5.288525819778442383e-01 1.621947139501571655e-01
-9.938528537750244141e-01 8.745215833187103271e-02 -6.788988411426544189e-02 5.720833688974380493e-02
1.038090661168098450e-01 5.229896903038024902e-01 -8.459939360618591309e-01 2.848502695560455322e-01
0.000000000000000000e+00 0.000000000000000000e+00 0.000000000000000000e+00 1.000000000000000000e+00
-5.108873546123504639e-02 -8.337423801422119141e-01 -5.497853755950927734e-01 1.686284840106964111e-01
-9.935281276702880859e-01 -1.349184196442365646e-02 1.127842292189598083e-01 4.512875239015556872e-05
-1.014507040381431580e-01 5.519887208938598633e-01 -8.276566267013549805e-01 2.973225116729736328e-01
0.000000000000000000e+00 0.000000000000000000e+00 0.000000000000000000e+00 1.000000000000000000e+00
1.229259967803955078e-01 -8.178859353065490723e-01 -5.620958805084228516e-01 1.589416414499282837e-01
-9.865773916244506836e-01 -1.620574742555618286e-01 2.004785649478435516e-02 2.910721115767955780e-02
-1.074887812137603760e-01 5.520867109298706055e-01 -8.268288373947143555e-01 2.999661266803741455e-01
0.000000000000000000e+00 0.000000000000000000e+00 0.000000000000000000e+00 1.000000000000000000e+00
2.115401327610015869e-01 -7.685503363609313965e-01 -6.038054227828979492e-01 1.586568206548690796e-01
-9.479488134384155273e-01 -3.117738068103790283e-01 6.473036855459213257e-02 1.405947655439376831e-02
-2.379991114139556885e-01 5.586835741996765137e-01 -7.944990396499633789e-01 2.956677675247192383e-01
0.000000000000000000e+00 0.000000000000000000e+00 0.000000000000000000e+00 1.000000000000000000e+00
3.200643360614776611e-01 -7.054225802421569824e-01 -6.324058771133422852e-01 1.520740985870361328e-01
-9.141575098037719727e-01 -4.052186012268066406e-01 -1.065556704998016357e-02 3.646819666028022766e-02
-2.487460821866989136e-01 5.815293192863464355e-01 -7.745635509490966797e-01 2.844915986061096191e-01
0.000000000000000000e+00 0.000000000000000000e+00 0.000000000000000000e+00 1.000000000000000000e+00
3.521924316883087158e-01 -6.981295347213745117e-01 -6.233582496643066406e-01 1.459753364324569702e-01
-9.212701916694641113e-01 -3.760058283805847168e-01 -9.940285235643386841e-02 6.549152731895446777e-02
-1.649903059005737305e-01 6.092905402183532715e-01 -7.755920886993408203e-01 2.766250073909759521e-01
0.000000000000000000e+00 0.000000000000000000e+00 0.000000000000000000e+00 1.000000000000000000e+00
3.687773346900939941e-01 -6.831116676330566406e-01 -6.303659081459045410e-01 1.474718749523162842e-01
-9.252121448516845703e-01 -3.349627554416656494e-01 -1.782775670289993286e-01 9.062003344297409058e-02
-8.936565369367599487e-02 6.489669680595397949e-01 -7.555497288703918457e-01 2.639322876930236816e-01
0.000000000000000000e+00 0.000000000000000000e+00 0.000000000000000000e+00 1.000000000000000000e+00
5.301917791366577148e-01 -5.779610276222229004e-01 -6.203693151473999023e-01 1.389136463403701782e-01
-8.426365852355957031e-01 -4.404024481773376465e-01 -3.098535537719726562e-01 1.264437139034271240e-01
-9.412875026464462280e-02 6.870275735855102539e-01 -7.205086350440979004e-01 2.519389390945434570e-01
0.000000000000000000e+00 0.000000000000000000e+00 0.000000000000000000e+00 1.000000000000000000e+00
6.714594960212707520e-01 -3.914487063884735107e-01 -6.292141079902648926e-01 1.378834247589111328e-01
-7.148985862731933594e-01 -5.657225251197814941e-01 -4.109473526477813721e-01 1.553602069616317749e-01
-1.950959116220474243e-01 7.257586121559143066e-01 -6.597061157226562500e-01 2.475270926952362061e-01
0.000000000000000000e+00 0.000000000000000000e+00 0.000000000000000000e+00 1.000000000000000000e+00
6.904466152191162109e-01 -3.088513016700744629e-01 -6.541363000869750977e-01 1.426796019077301025e-01
-6.532022953033447266e-01 -6.547346115112304688e-01 -3.803270757198333740e-01 1.446634680032730103e-01
-3.108213841915130615e-01 6.898791193962097168e-01 -6.538017988204956055e-01 2.568124234676361084e-01
0.000000000000000000e+00 0.000000000000000000e+00 0.000000000000000000e+00 1.000000000000000000e+00
7.365634441375732422e-01 -2.245561480522155762e-01 -6.380035281181335449e-01 1.422170847654342651e-01
-5.726983547210693359e-01 -7.089119553565979004e-01 -4.116563200950622559e-01 1.463526040315628052e-01
-3.598483502864837646e-01 6.685944199562072754e-01 -6.507612466812133789e-01 2.551182508468627930e-01
0.000000000000000000e+00 0.000000000000000000e+00 0.000000000000000000e+00 1.000000000000000000e+00
7.219446301460266113e-01 -2.159770280122756958e-01 -6.573812365531921387e-01 1.556574255228042603e-01
-5.458418726921081543e-01 -7.616451382637023926e-01 -3.492185473442077637e-01 1.197353005409240723e-01
-4.252678155899047852e-01 6.109425425529479980e-01 -6.677548289299011230e-01 2.643575966358184814e-01
0.000000000000000000e+00 0.000000000000000000e+00 0.000000000000000000e+00 1.000000000000000000e+00
7.089702486991882324e-01 -3.104563057422637939e-01 -6.332286596298217773e-01 1.565458923578262329e-01
-5.902726054191589355e-01 -7.525742053985595703e-01 -2.919077575206756592e-01 9.787736833095550537e-02
-3.859270215034484863e-01 5.807310342788696289e-01 -7.168067693710327148e-01 2.769590020179748535e-01
0.000000000000000000e+00 0.000000000000000000e+00 0.000000000000000000e+00 1.000000000000000000e+00
7.993382215499877930e-01 -1.477911770343780518e-01 -5.824223756790161133e-01 1.441383659839630127e-01
-5.299098491668701172e-01 -6.303572654724121094e-01 -5.673132538795471191e-01 1.846224814653396606e-01
-2.832905948162078857e-01 7.621064782142639160e-01 -5.821849703788757324e-01 2.389764189720153809e-01
0.000000000000000000e+00 0.000000000000000000e+00 0.000000000000000000e+00 1.000000000000000000e+00
8.412777781486511230e-01 -8.311530202627182007e-02 -5.341750979423522949e-01 1.268776506185531616e-01
-4.799962937831878662e-01 -5.694259405136108398e-01 -6.673509478569030762e-01 2.177550047636032104e-01
-2.487062811851501465e-01 8.178297281265258789e-01 -5.189408063888549805e-01 2.163784503936767578e-01
0.000000000000000000e+00 0.000000000000000000e+00 0.000000000000000000e+00 1.000000000000000000e+00
8.738986253738403320e-01 -2.232406474649906158e-02 -4.855951964855194092e-01 1.099964231252670288e-01
-4.298621714115142822e-01 -5.019279718399047852e-01 -7.505241036415100098e-01 2.453501224517822266e-01
-2.269791662693023682e-01 8.646209836006164551e-01 -4.482305645942687988e-01 1.918450295925140381e-01
0.000000000000000000e+00 0.000000000000000000e+00 0.000000000000000000e+00 1.000000000000000000e+00
9.034765362739562988e-01 6.288024038076400757e-02 -4.240004420280456543e-01 8.876344561576843262e-02
-3.642148673534393311e-01 -4.089390337467193604e-01 -8.367297053337097168e-01 2.736999392509460449e-01
-2.260041385889053345e-01 9.103930592536926270e-01 -3.465649485588073730e-01 1.580518484115600586e-01
0.000000000000000000e+00 0.000000000000000000e+00 0.000000000000000000e+00 1.000000000000000000e+00
9.582126140594482422e-01 -2.205718904733657837e-01 -1.821446269750595093e-01 4.647150635719299316e-03
-2.438993155956268311e-01 -2.972532212734222412e-01 -9.231215715408325195e-01 2.960663139820098877e-01
1.494716852903366089e-01 9.289717078208923340e-01 -3.386290371417999268e-01 1.321275383234024048e-01
0.000000000000000000e+00 0.000000000000000000e+00 0.000000000000000000e+00 1.000000000000000000e+00
9.815667271614074707e-01 -6.884812563657760620e-02 -1.782872080802917480e-01 4.661194980144500732e-03
-1.892662793397903442e-01 -2.206000834703445435e-01 -9.568248391151428223e-01 3.044024407863616943e-01
2.654542401432991028e-02 9.729312658309936523e-01 -2.295643687248229980e-01 1.013002768158912659e-01
0.000000000000000000e+00 0.000000000000000000e+00 0.000000000000000000e+00 1.000000000000000000e+00
9.822340011596679688e-01 -1.385358422994613647e-01 -1.265877187252044678e-01 -1.286449097096920013e-02
-1.423622220754623413e-01 -1.105775684118270874e-01 -9.836186170578002930e-01 3.103788793087005615e-01
1.222686320543289185e-01 9.841651320457458496e-01 -1.283352971076965332e-01 6.089020520448684692e-02
0.000000000000000000e+00 0.000000000000000000e+00 0.000000000000000000e+00 1.000000000000000000e+00
9.807775616645812988e-01 -1.498982310295104980e-01 -1.249236315488815308e-01 -1.465628575533628464e-02
-1.332461237907409668e-01 -4.678585007786750793e-02 -9.899780750274658203e-01 3.108762502670288086e-01
1.425513178110122681e-01 9.875935912132263184e-01 -6.585981696844100952e-02 3.846639767289161682e-02
0.000000000000000000e+00 0.000000000000000000e+00 0.000000000000000000e+00 1.000000000000000000e+00
9.822138547897338867e-01 -1.630821228027343750e-01 -9.306149929761886597e-02 -2.469052188098430634e-02
-8.813628554344177246e-02 3.719623014330863953e-02 -9.954134821891784668e-01 3.091643750667572021e-01
1.657956540584564209e-01 9.859110116958618164e-01 2.216114476323127747e-02 4.592842422425746918e-03
0.000000000000000000e+00 0.000000000000000000e+00 0.000000000000000000e+00 1.000000000000000000e+00
8.844102025032043457e-01 -4.556480944156646729e-01 -1.010137349367141724e-01 -1.868690550327301025e-02
-5.030319839715957642e-02 1.221124157309532166e-01 -9.912406206130981445e-01 3.033767044544219971e-01
4.639920592308044434e-01 8.817444443702697754e-01 8.507695049047470093e-02 -3.582116588950157166e-02
0.000000000000000000e+00 0.000000000000000000e+00 0.000000000000000000e+00 1.000000000000000000e+00
9.470565915107727051e-01 -2.569129467010498047e-01 -1.925591975450515747e-01 1.842631376348435879e-03
-1.541183143854141235e-01 1.623637974262237549e-01 -9.746205210685729980e-01 3.060370385646820068e-01
2.816573381423950195e-01 9.526980519294738770e-01 1.141727417707443237e-01 -2.608307264745235443e-02
0.000000000000000000e+00 0.000000000000000000e+00 0.000000000000000000e+00 1.000000000000000000e+00
9.666620492935180664e-01 -3.192279115319252014e-02 -2.540577650070190430e-01 2.139348909258842468e-02
-2.446432709693908691e-01 1.777689605951309204e-01 -9.531775712966918945e-01 3.087755739688873291e-01
7.559167593717575073e-02 9.835544228553771973e-01 1.640328466892242432e-01 -2.600415237247943878e-02
0.000000000000000000e+00 0.000000000000000000e+00 0.000000000000000000e+00 1.000000000000000000e+00
8.853468298912048340e-01 3.991795182228088379e-01 -2.383629083633422852e-01 3.385113179683685303e-02
-3.554604351520538330e-01 2.506977915763854980e-01 -9.004435539245605469e-01 3.080052137374877930e-01
-2.996816337108612061e-01 8.819333314895629883e-01 3.638469874858856201e-01 -6.253506243228912354e-02
0.000000000000000000e+00 0.000000000000000000e+00 0.000000000000000000e+00 1.000000000000000000e+00
9.253332018852233887e-01 1.946860849857330322e-01 -3.253549933433532715e-01 5.269510298967361450e-02
-3.750846385955810547e-01 3.446341454982757568e-01 -8.605452775955200195e-01 3.010686635971069336e-01
-5.540781095623970032e-02 9.183269739151000977e-01 3.919252753257751465e-01 -8.609531819820404053e-02
0.000000000000000000e+00 0.000000000000000000e+00 0.000000000000000000e+00 1.000000000000000000e+00
8.845985531806945801e-01 1.530893146991729736e-01 -4.405100643634796143e-01 9.063214808702468872e-02
-4.618299007415771484e-01 4.188146293163299561e-01 -7.818614244461059570e-01 2.872915267944335938e-01
6.479737907648086548e-02 8.950741291046142578e-01 4.411838948726654053e-01 -1.117718368768692017e-01
0.000000000000000000e+00 0.000000000000000000e+00 0.000000000000000000e+00 1.000000000000000000e+00
8.705550432205200195e-01 1.326353698968887329e-01 -4.738588333129882812e-01 1.018728762865066528e-01
-4.706525206565856934e-01 5.054636001586914062e-01 -7.231823205947875977e-01 2.696708440780639648e-01
1.435988247394561768e-01 8.525927662849426270e-01 5.024588108062744141e-01 -1.386515051126480103e-01
0.000000000000000000e+00 0.000000000000000000e+00 0.000000000000000000e+00 1.000000000000000000e+00
8.568800687789916992e-01 1.176889166235923767e-01 -5.019019246101379395e-01 1.111829429864883423e-01
-4.686595797538757324e-01 5.833981633186340332e-01 -6.633281111717224121e-01 2.530693411827087402e-01
2.147421836853027344e-01 8.036141991615295410e-01 5.550584197044372559e-01 -1.576441973447799683e-01
0.000000000000000000e+00 0.000000000000000000e+00 0.000000000000000000e+00 1.000000000000000000e+00
8.374777436256408691e-01 7.750023156404495239e-02 -5.409479737281799316e-01 1.211388781666755676e-01
-4.403517842292785645e-01 6.818957328796386719e-01 -5.840445756912231445e-01 2.291060984134674072e-01
3.236064016819000244e-01 7.273318767547607422e-01 6.051999926567077637e-01 -1.798439323902130127e-01
0.000000000000000000e+00 0.000000000000000000e+00 0.000000000000000000e+00 1.000000000000000000e+00
8.200574517250061035e-01 9.474754333496093750e-02 -5.643835067749023438e-01 1.303684264421463013e-01
-4.384399652481079102e-01 7.378371357917785645e-01 -5.131929516792297363e-01 2.083011120557785034e-01
3.677992224693298340e-01 6.682958006858825684e-01 6.466099619865417480e-01 -1.972586810588836670e-01
0.000000000000000000e+00 0.000000000000000000e+00 0.000000000000000000e+00 1.000000000000000000e+00
7.888513207435607910e-01 1.316626220941543579e-01 -6.003153324127197266e-01 1.453503668308258057e-01
-4.447043240070343018e-01 7.964925765991210938e-01 -4.096801877021789551e-01 1.776979416608810425e-01
4.242071807384490967e-01 5.901399254798889160e-01 6.868653893470764160e-01 -2.155262976884841919e-01
0.000000000000000000e+00 0.000000000000000000e+00 0.000000000000000000e+00 1.000000000000000000e+00
7.571179270744323730e-01 1.959781348705291748e-01 -6.231890916824340820e-01 1.570430099964141846e-01
-4.552236795425415039e-01 8.424721360206604004e-01 -2.881175577640533447e-01 1.412968486547470093e-01
4.685548841953277588e-01 5.018295049667358398e-01 7.270649671554565430e-01 -2.335047125816345215e-01
0.000000000000000000e+00 0.000000000000000000e+00 0.000000000000000000e+00 1.000000000000000000e+00
7.326743006706237793e-01 2.625901997089385986e-01 -6.278808116912841797e-01 1.624988317489624023e-01
-4.574211537837982178e-01 8.731184005737304688e-01 -1.686120927333831787e-01 1.046425178647041321e-01
5.039381980895996094e-01 4.107437729835510254e-01 7.598257660865783691e-01 -2.486484944820404053e-01
0.000000000000000000e+00 0.000000000000000000e+00 0.000000000000000000e+00 1.000000000000000000e+00
7.072966694831848145e-01 3.455070853233337402e-01 -6.167299151420593262e-01 1.624209284782409668e-01
-4.368921220302581787e-01 8.995091915130615234e-01 2.877393737435340881e-03 5.111964419484138489e-02
5.557485818862915039e-01 2.674093842506408691e-01 7.871693372726440430e-01 -2.631645202636718750e-01
0.000000000000000000e+00 0.000000000000000000e+00 0.000000000000000000e+00 1.000000000000000000e+00
6.932326555252075195e-01 3.893851935863494873e-01 -6.064714193344116211e-01 1.582986414432525635e-01
-3.681096434593200684e-01 9.147453308105468750e-01 1.665417402982711792e-01 -5.750540643930435181e-03
6.196157932281494141e-01 1.077958792448043823e-01 7.774678468704223633e-01 -2.615370750427246094e-01
0.000000000000000000e+00 0.000000000000000000e+00 0.000000000000000000e+00 1.000000000000000000e+00
6.888886094093322754e-01 4.188011884689331055e-01 -5.916402339935302734e-01 1.527188122272491455e-01
-2.957394123077392578e-01 9.075695872306823730e-01 2.980861961841583252e-01 -5.274143069982528687e-02
6.617935299873352051e-01 -3.037684969604015350e-02 7.490704059600830078e-01 -2.550861835479736328e-01
0.000000000000000000e+00 0.000000000000000000e+00 0.000000000000000000e+00 1.000000000000000000e+00
6.779824495315551758e-01 4.552663862705230713e-01 -5.771241188049316406e-01 1.481152623891830444e-01
-2.407861649990081787e-01 8.793495297431945801e-01 4.108118712902069092e-01 -9.161155670881271362e-02
6.945225596427917480e-01 -1.395596116781234741e-01 7.058053612709045410e-01 -2.430532276630401611e-01
0.000000000000000000e+00 0.000000000000000000e+00 0.000000000000000000e+00 1.000000000000000000e+00
6.754605770111083984e-01 4.820086359977722168e-01 -5.580506920814514160e-01 1.418650448322296143e-01
-1.603237539529800415e-01 8.346776366233825684e-01 5.268866419792175293e-01 -1.347721815109252930e-01
7.197563052177429199e-01 -2.664223313331604004e-01 6.410693526268005371e-01 -2.245845198631286621e-01
0.000000000000000000e+00 0.000000000000000000e+00 0.000000000000000000e+00 1.000000000000000000e+00
6.592829823493957520e-01 5.125159025192260742e-01 -5.501575469970703125e-01 1.402063965797424316e-01
-9.273824840784072876e-02 7.815352678298950195e-01 6.169295310974121094e-01 -1.691008657217025757e-01
7.461537718772888184e-01 -3.557105064392089844e-01 5.627827644348144531e-01 -2.015930116176605225e-01
0.000000000000000000e+00 0.000000000000000000e+00 0.000000000000000000e+00 1.000000000000000000e+00
6.692085266113281250e-01 5.296232700347900391e-01 -5.212091803550720215e-01 1.303928792476654053e-01
-3.336864337325096130e-02 7.221340537071228027e-01 6.909477114677429199e-01 -1.982382684946060181e-01
7.423250079154968262e-01 -4.449960291385650635e-01 5.009310841560363770e-01 -1.830108612775802612e-01
0.000000000000000000e+00 0.000000000000000000e+00 0.000000000000000000e+00 1.000000000000000000e+00
6.895759701728820801e-01 5.313733816146850586e-01 -4.920643866062164307e-01 1.202465072274208069e-01
2.100889757275581360e-02 6.644832491874694824e-01 7.470077276229858398e-01 -2.210956662893295288e-01
7.239085435867309570e-01 -5.254562497138977051e-01 4.470480978488922119e-01 -1.669092625379562378e-01
0.000000000000000000e+00 0.000000000000000000e+00 0.000000000000000000e+00 1.000000000000000000e+00
7.274901866912841797e-01 5.175744891166687012e-01 -4.504160284996032715e-01 1.042832955718040466e-01
6.632550060749053955e-02 6.003460884094238281e-01 7.969852089881896973e-01 -2.417962849140167236e-01
6.829047203063964844e-01 -6.096730232238769531e-01 4.024175405502319336e-01 -1.538929790258407593e-01
0.000000000000000000e+00 0.000000000000000000e+00 0.000000000000000000e+00 1.000000000000000000e+00
7.947363257408142090e-01 4.777311086654663086e-01 -3.743889033794403076e-01 7.603994756937026978e-02
1.038597226142883301e-01 5.006951689720153809e-01 8.593702316284179688e-01 -2.685012519359588623e-01
5.980026721954345703e-01 -7.218568325042724609e-01 3.483036458492279053e-01 -1.352429389953613281e-01
0.000000000000000000e+00 0.000000000000000000e+00 0.000000000000000000e+00 1.000000000000000000e+00
8.311157226562500000e-01 4.593764841556549072e-01 -3.134005367755889893e-01 5.538800358772277832e-02
1.282479912042617798e-01 3.900429606437683105e-01 9.118216037750244141e-01 -2.905646562576293945e-01
5.411090850830078125e-01 -7.980222105979919434e-01 2.652567625045776367e-01 -1.073415875434875488e-01
0.000000000000000000e+00 0.000000000000000000e+00 0.000000000000000000e+00 1.000000000000000000e+00
8.589374423027038574e-01 4.285219013690948486e-01 -2.803488373756408691e-01 4.285012930631637573e-02
1.595742404460906982e-01 2.962241470813751221e-01 9.416939020156860352e-01 -3.039395213127136230e-01
4.865825772285461426e-01 -8.535924553871154785e-01 1.860568821430206299e-01 -8.124626427888870239e-02
0.000000000000000000e+00 0.000000000000000000e+00 0.000000000000000000e+00 1.000000000000000000e+00
9.189023971557617188e-01 3.038188517093658447e-01 -2.516199648380279541e-01 2.883408404886722565e-02
1.937111467123031616e-01 2.081285566091537476e-01 9.587274789810180664e-01 -3.136498928070068359e-01
3.436487615108489990e-01 -9.297184348106384277e-01 1.323967725038528442e-01 -5.693352594971656799e-02
0.000000000000000000e+00 0.000000000000000000e+00 0.000000000000000000e+00 1.000000000000000000e+00
9.698610305786132812e-01 1.054799705743789673e-01 -2.196446061134338379e-01 1.395850256085395813e-02
2.079322487115859985e-01 1.116307452321052551e-01 9.717524051666259766e-01 -3.209072053432464600e-01
1.270194947719573975e-01 -9.881358146667480469e-01 8.633361011743545532e-02 -2.998039498925209045e-02
0.000000000000000000e+00 0.000000000000000000e+00 0.000000000000000000e+00 1.000000000000000000e+00
9.692971706390380859e-01 1.524598449468612671e-01 -1.929218322038650513e-01 2.357891993597149849e-03
1.907460093498229980e-01 2.891242876648902893e-02 9.812135100364685059e-01 -3.269121944904327393e-01
1.551735103130340576e-01 -9.878866672515869141e-01 -1.056343782693147659e-03 -1.405785325914621353e-03
0.000000000000000000e+00 0.000000000000000000e+00 0.000000000000000000e+00 1.000000000000000000e+00
9.840750694274902344e-01 3.565453365445137024e-02 -1.741408407688140869e-01 -4.431872628629207611e-03
1.762022525072097778e-01 -6.652618199586868286e-02 9.821033477783203125e-01 -3.309907615184783936e-01
2.343151718378067017e-02 -9.971474409103393555e-01 -7.174915820360183716e-02 3.547140210866928101e-02
0.000000000000000000e+00 0.000000000000000000e+00 0.000000000000000000e+00 1.000000000000000000e+00
9.825781583786010742e-01 -3.471261635422706604e-02 -1.825791895389556885e-01 2.505583106540143490e-04
1.777460128068923950e-01 -1.114107742905616760e-01 9.777494668960571289e-01 -3.317587971687316895e-01
-5.428152531385421753e-02 -9.931679964065551758e-01 -1.032997071743011475e-01 5.546101182699203491e-02
0.000000000000000000e+00 0.000000000000000000e+00 0.000000000000000000e+00 1.000000000000000000e+00
9.655162096023559570e-01 -2.135188579559326172e-01 -1.489570736885070801e-01 -7.336888927966356277e-03
1.372703015804290771e-01 -6.863864511251449585e-02 9.881526827812194824e-01 -3.328381776809692383e-01
-2.212134003639221191e-01 -9.745247364044189453e-01 -3.696192055940628052e-02 4.077429696917533875e-02
0.000000000000000000e+00 0.000000000000000000e+00 0.000000000000000000e+00 1.000000000000000000e+00
9.815762042999267578e-01 1.814314126968383789e-01 -5.992268770933151245e-02 -3.683779388666152954e-02
4.958875849843025208e-02 6.097171455621719360e-02 9.969067573547363281e-01 -3.285943567752838135e-01
1.845238357782363892e-01 -9.815117120742797852e-01 5.085144937038421631e-02 -1.302053220570087433e-02
0.000000000000000000e+00 0.000000000000000000e+00 0.000000000000000000e+00 1.000000000000000000e+00
9.783002734184265137e-01 2.068403363227844238e-01 1.206552516669034958e-02 -5.781066417694091797e-02
-5.214006826281547546e-02 1.894129663705825806e-01 9.805122017860412598e-01 -3.152019083499908447e-01
2.005241066217422485e-01 -9.598644375801086426e-01 1.960874348878860474e-01 -6.183382123708724976e-02
0.000000000000000000e+00 0.000000000000000000e+00 0.000000000000000000e+00 1.000000000000000000e+00
8.817478418350219727e-01 4.716541469097137451e-01 7.939415052533149719e-03 -4.751094058156013489e-02
-1.725337952375411987e-01 3.067924678325653076e-01 9.360075592994689941e-01 -2.904754877090454102e-01
4.390362799167633057e-01 -8.266924619674682617e-01 3.518899083137512207e-01 -1.268484145402908325e-01
0.000000000000000000e+00 0.000000000000000000e+00 0.000000000000000000e+00 1.000000000000000000e+00
9.190766811370849609e-01 3.627084791660308838e-01 1.540798693895339966e-01 -9.120673686265945435e-02
-3.031404316425323486e-01 4.008836746215820312e-01 8.645219206809997559e-01 -2.562694251537322998e-01
2.518013417720794678e-01 -8.412697911262512207e-01 4.783944189548492432e-01 -1.581244766712188721e-01
0.000000000000000000e+00 0.000000000000000000e+00 0.000000000000000000e+00 1.000000000000000000e+00
8.718388676643371582e-01 4.444210231304168701e-01 2.058809995651245117e-01 -1.008812114596366882e-01
-4.344387054443359375e-01 5.075584650039672852e-01 7.440748214721679688e-01 -2.070642113685607910e-01
2.261858433485031128e-01 -7.381559610366821289e-01 6.355829238891601562e-01 -2.053304463624954224e-01
0.000000000000000000e+00 0.000000000000000000e+00 0.000000000000000000e+00 1.000000000000000000e+00
8.005919456481933594e-01 5.494504570960998535e-01 2.390745580196380615e-01 -1.019700616598129272e-01
-5.720525383949279785e-01 5.820849537849426270e-01 5.778691768646240234e-01 -1.455789208412170410e-01
1.783488988876342773e-01 -5.994006395339965820e-01 7.803271412849426270e-01 -2.450079768896102905e-01
0.000000000000000000e+00 0.000000000000000000e+00 0.000000000000000000e+00 1.000000000000000000e+00
7.359084486961364746e-01 6.198192834854125977e-01 2.725116014480590820e-01 -1.026373431086540222e-01
-6.701064705848693848e-01 6.091125011444091797e-01 4.241922199726104736e-01 -9.172099083662033081e-02
9.693244099617004395e-02 -4.947784543037414551e-01 8.635961413383483887e-01 -2.642018496990203857e-01
0.000000000000000000e+00 0.000000000000000000e+00 0.000000000000000000e+00 1.000000000000000000e+00
6.629321575164794922e-01 7.127713561058044434e-01 2.290799319744110107e-01 -7.796392589807510376e-02
-7.466884255409240723e-01 6.071592569351196289e-01 2.716869115829467773e-01 -4.066586121916770935e-02
5.456277728080749512e-02 -3.511613607406616211e-01 9.347237944602966309e-01 -2.802352905273437500e-01
0.000000000000000000e+00 0.000000000000000000e+00 0.000000000000000000e+00 1.000000000000000000e+00
7.161226868629455566e-01 6.788834333419799805e-01 1.621276289224624634e-01 -5.941657349467277527e-02
-6.977621316909790039e-01 6.905970573425292969e-01 1.902721673250198364e-01 -1.161634363234043121e-02
1.720781624317169189e-02 -2.493847459554672241e-01 9.682515859603881836e-01 -2.849241495132446289e-01
0.000000000000000000e+00 0.000000000000000000e+00 0.000000000000000000e+00 1.000000000000000000e+00
