-0.4847991764545441 0.2333131581544876 -0.8429321050643921 0.3142101764678955 
0.4059409499168396 0.9136927723884583 0.01942824199795723 -0.003836611518636346 
0.7747138738632202 -0.3327618837356567 -0.537668764591217 0.2204495966434479 
0 0 0 1 

-0.535699188709259 0.1464724987745285 -0.8316079378128052 0.305262953042984 
0.3700478374958038 0.9259572625160217 -0.07528437674045563 0.0272947158664465 
0.7590063214302063 -0.3480645716190338 -0.5502364039421082 0.2220790386199951 
0 0 0 1 

-0.5944150686264038 0.08563580363988876 -0.7995855212211609 0.289355605840683 
0.3136374950408936 0.9402587413787842 -0.1324574649333954 0.04649043828248978 
0.7404741644859314 -0.329514741897583 -0.5857625603675842 0.2345684170722961 
0 0 0 1 

-0.6889073252677917 0.002566822804510593 -0.7248444557189941 0.2613509595394135 
0.2123468369245529 0.9568354487419128 -0.1984305679798126 0.06890633702278137 
0.6930475234985352 -0.2906187772750854 -0.659716010093689 0.2600892782211304 
0 0 0 1 

-0.7446252703666687 -0.0690823569893837 -0.6638981699943542 0.2390138953924179 
0.1121026054024696 0.9675586819648743 -0.2264137268066406 0.07879510521888733 
0.6580016613006592 -0.2430181056261063 -0.7127242684364319 0.2770145237445831 
0 0 0 1 

-0.7328345775604248 -0.1713009625673294 -0.6584901809692383 0.2323649674654007 
-0.02198533900082111 0.9732452630996704 -0.2287144660949707 0.08024697750806808 
0.6800514459609985 -0.153132751584053 -0.7169939875602722 0.2755363583564758 
0 0 0 1 

-0.7776761651039124 -0.195500835776329 -0.597493588924408 0.2143158465623856 
-0.0726621076464653 0.9719997048377991 -0.2234653681516647 0.07765499502420425 
0.6244512796401978 -0.1303686052560806 -0.7701064944267273 0.2946934998035431 
0 0 0 1 

-0.772929310798645 -0.2099673449993134 -0.5987434983253479 0.2129328399896622 
-0.1426821798086166 0.9770072102546692 -0.1584256887435913 0.05005013942718506 
0.6182409524917603 -0.03702184557914734 -0.7851161956787109 0.2964693009853363 
0 0 0 1 

-0.7784424424171448 -0.1744922995567322 -0.6029754877090454 0.2141435146331787 
-0.1682033985853195 0.9834424257278442 -0.06744293868541718 0.01193812675774097 
0.6047599911689758 0.0489220879971981 -0.7949035167694092 0.2957755923271179 
0 0 0 1 

-0.772832989692688 -0.1229337602853775 -0.6225883364677429 0.2153036296367645 
-0.1502387225627899 0.9886113405227661 -0.008712428621947765 -0.01399293262511492 
0.616568922996521 0.0868036299943924 -0.7825008630752563 0.2887232601642609 
0 0 0 1 

