0.2303236722946167 0.9470256567001343 0.2238154113292694 -0.07975589483976364 
0.8231867551803589 -0.3122712671756744 0.4741835296154022 -0.2337550967931747 
0.5189551711082458 0.07502618432044983 -0.8515024781227112 0.2563422322273254 
0 0 0 1 

0.3561055064201355 0.9229744076728821 0.1459687352180481 -0.06299587339162827 
0.8349080681800842 -0.3844208419322968 0.3938892185688019 -0.2103215306997299 
0.4196631908416748 -0.01839559897780418 -0.9074931144714355 0.2819339036941528 
0 0 0 1 

0.4271732270717621 0.8983516693115234 0.1024068966507912 -0.05317405238747597 
0.8500214815139771 -0.4376130700111389 0.2931858599185944 -0.1807230412960052 
0.3081986606121063 -0.03819305822253227 -0.9505549073219299 0.3048461675643921 
0 0 0 1 

0.6154519319534302 0.715254545211792 0.3311039805412292 -0.1467168629169464 
0.4631081223487854 0.01176002621650696 -0.8862237930297852 0.2447821497917175 
-0.637769341468811 0.6987651586532593 -0.3240025341510773 0.1817495077848434 
0 0 0 1 

0.6069702506065369 0.6847035884857178 0.4034452140331268 -0.1728238314390182 
0.3524819910526276 0.2230516970157623 -0.9088478088378906 0.2646290957927704 
-0.7122805118560791 0.6938507556915283 -0.1059599667787552 0.1112369894981384 
0 0 0 1 

0.4027645587921143 0.8113710284233093 0.4236245155334473 -0.1441590040922165 
0.4840199649333954 0.2040171176195145 -0.8509415984153748 0.2475071549415588 
-0.7768560647964478 0.5477718710899353 -0.3105489611625671 0.1827889978885651 
0 0 0 1 

0.3706659972667694 0.8024407625198364 0.4676489233970642 -0.1598858684301376 
0.5637320280075073 0.2057756036520004 -0.7999141216278076 0.2259331047534943 
-0.7381144165992737 0.5601296424865723 -0.3760875761508942 0.2014914751052856 
0 0 0 1 

0.147195890545845 0.8987100124359131 0.4131022989749908 -0.1286497861146927 
0.6402761936187744 0.2317636460065842 -0.732346773147583 0.2003834992647171 
-0.7539095282554626 0.372298002243042 -0.5413079261779785 0.2500679790973663 
0 0 0 1 

0.06827544420957565 0.9014677405357361 0.4274275600910187 -0.1187353506684303 
0.7244384288787842 0.2497704774141312 -0.6424979567527771 0.1669808775186539 
-0.685949981212616 0.3535117506980896 -0.6360047459602356 0.2555359601974487 
0 0 0 1 

-0.02054006233811378 0.8733648657798767 0.4866330027580261 -0.1336917877197266 
0.7942862510681152 0.3098612725734711 -0.5225850343704224 0.1291221380233765 
-0.6071961522102356 0.3757920265197754 -0.7000662684440613 0.2677118480205536 
0 0 0 1 

