0.4563335180282593 0.8874258995056152 -0.0650763139128685 0.01604592241346836 
-0.8895764350891113 0.4533215463161469 -0.05615407600998878 0.05653560161590576 
-0.02033209428191185 0.08351534605026245 0.9962990283966064 -0.3027642667293549 
0 0 0 1 

0.3507415354251862 0.933127224445343 -0.0790809765458107 0.0246554147452116 
-0.9363893866539001 0.3505813181400299 -0.01635879836976528 0.04111943766474724 
0.0124594634398818 0.07978829741477966 0.9967339634895325 -0.304654985666275 
0 0 0 1 

0.3995189666748047 0.9012465476989746 -0.1677469909191132 0.05019998550415039 
-0.9167138338088989 0.3936643898487091 -0.06829267740249634 0.05858286470174789 
0.00448745209723711 0.1810602247714996 0.9834617972373962 -0.2873304486274719 
0 0 0 1 

0.4523236751556396 0.8707769513130188 -0.192744567990303 0.05453839525580406 
-0.8898348212242126 0.4261009693145752 -0.1631923615932465 0.08772587031126022 
-0.05997554585337639 0.2453266084194183 0.9675834774971008 -0.27727872133255 
0 0 0 1 

0.5230739116668701 0.833562433719635 -0.1776713877916336 0.04477608948945999 
-0.8458177447319031 0.4820619821548462 -0.2284915149211884 0.1054736003279686 
-0.104813352227211 0.2697955667972565 0.9571961760520935 -0.2704261839389801 
0 0 0 1 

0.8916349411010742 0.4356825649738312 -0.1231574639678001 -0.001488410285674036 
-0.4450291693210602 0.8934093713760376 -0.06139027327299118 0.05592263117432594 
0.08328334987163544 0.109546385705471 0.9904865026473999 -0.2846971452236176 
0 0 0 1 

0.918100118637085 0.3722593784332275 -0.1360693573951721 0.000589441682677716 
-0.389367401599884 0.911262571811676 -0.1341392248868942 0.07573063671588898 
0.07406023889780045 0.1761342734098434 0.981576144695282 -0.2784125804901123 
0 0 0 1 

0.9388706684112549 0.3059822916984558 -0.1577865481376648 0.004706816747784615 
-0.3313074707984924 0.927617609500885 -0.1725132167339325 0.08425581455230713 
0.09357950836420059 0.2142435014247894 0.9722872972488403 -0.2743420302867889 
0 0 0 1 

0.9579499363899231 0.2085355669260025 -0.1970905810594559 0.01319002639502287 
-0.2465902417898178 0.949529767036438 -0.1938718855381012 0.08554162830114365 
0.1467141211032867 0.2343202233314514 0.9610249400138855 -0.2728189527988434 
0 0 0 1 

0.9638902544975281 0.1779794991016388 -0.1980879604816437 0.0129343755543232 
-0.2220948040485382 0.9477007389068604 -0.2292096465826035 0.09142962843179703 
0.1469334363937378 0.2649272978305817 0.9530078768730164 -0.2696836292743683 
0 0 0 1 

