0.999328076839447 0.03383150324225426 0.01409729942679405 -0.02000384777784348 
-0.03385690972208977 0.9994254112243652 0.001567526487633586 0.01894061639904976 
-0.01403616555035114 -0.002043781103566289 0.9998993873596191 -0.3678376972675323 
0 0 0 1 

0.787080705165863 0.6161811947822571 0.02871374785900116 -0.05060994997620583 
-0.6137052178382874 0.7869136929512024 -0.06428446620702744 0.0304686613380909 
-0.06220613420009613 0.03297526761889458 0.9975184202194214 -0.283624678850174 
0 0 0 1 

0.8118143081665039 0.5791295170783997 0.07460738718509674 -0.06849706918001175 
-0.5814877152442932 0.8134520053863525 0.01294721383601427 0.004106637556105852 
-0.0531914047896862 -0.0538940392434597 0.9971289038658142 -0.287420392036438 
0 0 0 1 

0.8406042456626892 0.5333073139190674 0.09469687938690186 -0.07908124476671219 
-0.5411773920059204 0.8342345952987671 0.105732835829258 -0.02741225250065327 
-0.02261126786470413 -0.1401273161172867 0.9898752570152283 -0.289334625005722 
0 0 0 1 

0.8499311804771423 0.5199646353721619 0.08516840636730194 -0.07974729686975479 
-0.525795042514801 0.8265728354454041 0.2007902711629868 -0.06049677729606628 
0.03400600329041481 -0.215439036488533 0.9759249687194824 -0.2891717255115509 
0 0 0 1 

0.9826270341873169 0.1847947239875793 0.01717644743621349 -0.02573193050920963 
-0.1836677193641663 0.9815592765808105 -0.05298598110675812 0.002021634019911289 
-0.02665123157203197 0.04891069978475571 0.9984475374221802 -0.232628345489502 
0 0 0 1 

0.9575375914573669 -0.07917465269565582 0.2772237658500671 -0.02850595861673355 
0.02932604402303696 0.9833135008811951 0.1795395463705063 -0.0450751781463623 
-0.2868128716945648 -0.1637859493494034 0.9438815116882324 -0.2095677256584167 
0 0 0 1 

0.9482254385948181 -0.02690737135708332 0.3164558112621307 -0.04108796641230583 
-0.02851939015090466 0.9851654171943665 0.1692208349704742 -0.04212963581085205 
-0.3163146078586578 -0.1694846451282501 0.9333915710449219 -0.2046560943126678 
0 0 0 1 

0.9352618455886841 -0.05359878391027451 0.3498746752738953 -0.05286590382456779 
-0.005389140918850899 0.9861974716186523 0.1654854863882065 -0.03834158554673195 
-0.3539153337478638 -0.1566577702760696 0.9220640659332275 -0.1998473256826401 
0 0 0 1 

0.9090068936347961 -0.1087381020188332 0.4023460149765015 -0.07235013693571091 
0.04633896425366402 0.9857487082481384 0.1617164313793182 -0.03053602576255798 
-0.4141968190670013 -0.1283570230007172 0.9010912179946899 -0.1925134211778641 
0 0 0 1 

