0.9050363898277283 0.4252123534679413 -0.01016648951917887 -0.02712681703269482 
-0.3738777637481689 0.8067156076431274 0.4576298892498016 -0.1206739023327827 
0.2027915120124817 -0.4103706181049347 0.88908451795578 -0.2436234652996063 
0 0 0 1 

0.9174003005027771 0.3979092538356781 -0.006692760158330202 -0.03086504898965359 
-0.3291051387786865 0.7680099010467529 0.5494090914726257 -0.1511601209640503 
0.2237551808357239 -0.5018254518508911 0.8355266451835632 -0.2304508090019226 
0 0 0 1 

0.9091931581497192 0.4161105453968048 0.01482290122658014 -0.03838346153497696 
-0.3320471048355103 0.7031175494194031 0.6287845969200134 -0.1752457171678543 
0.2512218058109283 -0.5766085982322693 0.7774381041526794 -0.2164783924818039 
0 0 0 1 

0.9176909327507019 0.3958703577518463 0.03361640498042107 -0.04597261548042297 
-0.295001208782196 0.622288703918457 0.7250730395317078 -0.2058705538511276 
0.2661159038543701 -0.6753097176551819 0.6878508925437927 -0.1915928423404694 
0 0 0 1 

0.9234963655471802 0.3799192905426025 0.0530642531812191 -0.05319475755095482 
-0.2701954245567322 0.5460222363471985 0.7930032014846802 -0.228190615773201 
0.2723029851913452 -0.7466732263565063 0.606902003288269 -0.1674743443727493 
0 0 0 1 

0.9333245754241943 0.3561276793479919 0.04558723792433739 -0.05315681546926498 
-0.2228513062000275 0.4750712215900421 0.8512605428695679 -0.2485058456659317 
0.2815003395080566 -0.8046615719795227 0.5227591991424561 -0.1435545384883881 
0 0 0 1 

0.9439319372177124 0.3256576061248779 0.05421844869852066 -0.05872879177331924 
-0.1921131759881973 0.4082702696323395 0.8924168348312378 -0.2621253430843353 
0.2684865891933441 -0.8527968525886536 0.4479424953460693 -0.1223452240228653 
0 0 0 1 

0.9108301997184753 0.4005397260189056 0.09978093951940536 -0.0889212042093277 
-0.2396144717931747 0.3162141144275665 0.9179287552833557 -0.2921115458011627 
0.336114913225174 -0.8599861264228821 0.3839925229549408 -0.1237607970833778 
0 0 0 1 

0.8678895235061646 0.4885428845882416 0.08996450155973434 -0.08477971702814102 
-0.2844259440898895 0.3402270674705505 0.8962963819503784 -0.2817730903625488 
0.4072709679603577 -0.803474485874176 0.4342337846755981 -0.1479805707931519 
0 0 0 1 

0.8429549932479858 0.5335623025894165 0.06883638352155685 -0.07756990939378738 
-0.3255640268325806 0.4040617942810059 0.8548346757888794 -0.2672102153301239 
0.4282933473587036 -0.7429976463317871 0.5143143534660339 -0.1768094897270203 
0 0 0 1 

