0.905036449432373 0.4252123832702637 -0.01016650721430779 -0.02712682075798512 
-0.3738777041435242 0.8067156076431274 0.4576298296451569 -0.1206739544868469 
0.2027914971113205 -0.4103706181049347 0.8890845775604248 -0.2436234503984451 
0 0 0 1 

0.9174003601074219 0.3979091346263885 -0.006692812312394381 -0.03086508437991142 
-0.3291050493717194 0.7680100798606873 0.5494089126586914 -0.1511600911617279 
0.2237550616264343 -0.5018253326416016 0.835526704788208 -0.230450764298439 
0 0 0 1 

0.9091931581497192 0.4161105453968048 0.0148228844627738 -0.03838349133729935 
-0.3320471346378326 0.7031175494194031 0.628784716129303 -0.1752456873655319 
0.2512218356132507 -0.5766085982322693 0.7774380445480347 -0.2164783477783203 
0 0 0 1 

0.9176908731460571 0.3958704471588135 0.03361640498042107 -0.04597258567810059 
-0.2950013279914856 0.6222885847091675 0.7250732183456421 -0.2058706730604172 
0.2661159634590149 -0.6753098964691162 0.6878508329391479 -0.1915928572416306 
0 0 0 1 

0.9234963655471802 0.3799192607402802 0.05306422337889671 -0.05319476127624512 
-0.2701954543590546 0.546022355556488 0.7930031418800354 -0.2281906455755234 
0.2723029255867004 -0.7466731667518616 0.6069021224975586 -0.1674743443727493 
0 0 0 1 

0.9333245754241943 0.3561277687549591 0.04558727517724037 -0.05315682664513588 
-0.2228513211011887 0.4750710427761078 0.8512605428695679 -0.2485058903694153 
0.2815003991127014 -0.8046616315841675 0.5227590799331665 -0.1435544937849045 
0 0 0 1 

0.9439318776130676 0.3256576657295227 0.05421847850084305 -0.05872877687215805 
-0.1921131610870361 0.4082700312137604 0.8924169540405273 -0.2621254920959473 
0.2684866487979889 -0.8527969121932983 0.4479422271251678 -0.1223451718688011 
0 0 0 1 

0.9108301997184753 0.400539755821228 0.09978095442056656 -0.08892123401165009 
-0.2396144419908524 0.3162140548229218 0.9179288148880005 -0.2921116352081299 
0.3361149430274963 -0.8599861860275269 0.383992463350296 -0.1237607449293137 
0 0 0 1 

0.8678895235061646 0.488542914390564 0.08996447175741196 -0.08477971702814102 
-0.2844260334968567 0.3402270674705505 0.896296501159668 -0.2817731201648712 
0.4072709679603577 -0.8034745454788208 0.4342338442802429 -0.1479805707931519 
0 0 0 1 

0.834013044834137 0.547890305519104 0.06510327011346817 -0.07481367141008377 
-0.3359499573707581 0.4106713235378265 0.8476358652114868 -0.2634018063545227 
0.4376755058765411 -0.7288107872009277 0.5265690088272095 -0.1815824508666992 
0 0 0 1 

