1.000000000000000000e+00 0.000000000000000000e+00 0.000000000000000000e+00 -4.255350477121360719e-01
0.000000000000000000e+00 -1.000000000000000000e+00 0.000000000000000000e+00 3.076616963927396031e-01
0.000000000000000000e+00 0.000000000000000000e+00 -1.000000000000000000e+00 -5.117628744684824760e+00
0.000000000000000000e+00 0.000000000000000000e+00 0.000000000000000000e+00 1.000000000000000000e+00
9.952823519706726074e-01 -5.511349812150001526e-02 7.984643429517745972e-02 2.491944543926251018e-02
-5.664597451686859131e-02 -9.982486367225646973e-01 1.705468259751796722e-02 3.572334970750327687e-01
7.876663655042648315e-02 -2.149723842740058899e-02 -9.966611862182617188e-01 -5.079696831208360130e+00
0.000000000000000000e+00 0.000000000000000000e+00 0.000000000000000000e+00 1.000000000000000000e+00
9.697616100311279297e-01 -6.961390376091003418e-02 2.339153587818145752e-01 8.546784406603669115e-01
-7.624717056751251221e-02 -9.968996047973632812e-01 1.942374929785728455e-02 3.777890357062763105e-01
2.318379729986190796e-01 -3.667176514863967896e-02 -9.720628261566162109e-01 -4.941630856528023585e+00
0.000000000000000000e+00 0.000000000000000000e+00 0.000000000000000000e+00 1.000000000000000000e+00
9.985825419425964355e-01 -5.170227587223052979e-02 -1.263445988297462463e-02 -4.497613590770759839e-01
-5.177558213472366333e-02 -9.986432790756225586e-01 -5.545294843614101410e-03 2.542196223019902446e-01
-1.233059912919998169e-02 6.191622465848922729e-03 -9.999048113822937012e-01 -4.930676275469008552e+00
0.000000000000000000e+00 0.000000000000000000e+00 0.000000000000000000e+00 1.000000000000000000e+00
9.947782158851623535e-01 -5.729834735393524170e-02 8.445899933576583862e-02 8.487088627526495621e-02
-5.461324378848075867e-02 -9.979364275932312012e-01 -3.376816213130950928e-02 1.490816754517310105e-01
8.621959388256072998e-02 2.897921577095985413e-02 -9.958546757698059082e-01 -4.913920202883411470e+00
0.000000000000000000e+00 0.000000000000000000e+00 0.000000000000000000e+00 1.000000000000000000e+00
8.206252008676528931e-02 -9.059198200702667236e-02 9.925011992454528809e-01 5.198305145786425996e+00
-4.041591286659240723e-02 -9.953434467315673828e-01 -8.750975131988525391e-02 -7.428097516988757532e-02
9.958072900772094727e-01 -3.293157368898391724e-02 -8.534178882837295532e-02 -4.452404282907240773e-01
0.000000000000000000e+00 0.000000000000000000e+00 0.000000000000000000e+00 1.000000000000000000e+00
5.659376084804534912e-02 -1.064297258853912354e-01 9.927084445953369141e-01 5.164082694881130031e+00
-3.154192492365837097e-02 -9.939961433410644531e-01 -1.047696024179458618e-01 -1.032615917280482326e-01
9.978988766670227051e-01 -2.538263611495494843e-02 -5.961104482412338257e-02 -2.217096814858194320e-01
0.000000000000000000e+00 0.000000000000000000e+00 0.000000000000000000e+00 1.000000000000000000e+00
4.147889465093612671e-02 -1.017878204584121704e-01 9.939409494400024414e-01 5.113777176152828119e+00
-2.770696952939033508e-02 -9.945315718650817871e-01 -1.006920635700225830e-01 -3.025980520020124173e-02
9.987548589706420898e-01 -2.336251549422740936e-02 -4.407234489917755127e-02 -3.804664054274742996e-02
0.000000000000000000e+00 0.000000000000000000e+00 0.000000000000000000e+00 1.000000000000000000e+00
5.594561994075775146e-02 -9.904688596725463867e-02 9.935088157653808594e-01 5.052217874955726273e+00
-3.331577777862548828e-02 -9.946984052658081055e-01 -9.728942066431045532e-02 1.113862509686248253e-02
9.978775382041931152e-01 -2.765661105513572693e-02 -5.894875898957252502e-02 4.505997432874272318e-03
0.000000000000000000e+00 0.000000000000000000e+00 0.000000000000000000e+00 1.000000000000000000e+00
6.903428584337234497e-02 -1.005727797746658325e-01 9.925315976142883301e-01 5.005494836767915068e+00
-5.636231228709220886e-02 -9.937095046043395996e-01 -9.677198529243469238e-02 3.807003464582591618e-02
9.960206747055053711e-01 -4.926081374287605286e-02 -7.426852732896804810e-02 5.122204788882141202e-02
0.000000000000000000e+00 0.000000000000000000e+00 0.000000000000000000e+00 1.000000000000000000e+00
8.838602900505065918e-02 -9.178653359413146973e-02 9.918482303619384766e-01 4.960916207623171204e+00
-7.760991156101226807e-02 -9.933527112007141113e-01 -8.500972390174865723e-02 1.294935935673010852e-01
9.930584430694580078e-01 -6.946367025375366211e-02 -9.492212533950805664e-02 7.556395754379810481e-02
0.000000000000000000e+00 0.000000000000000000e+00 0.000000000000000000e+00 1.000000000000000000e+00
9.024071693420410156e-02 -8.211406320333480835e-02 9.925289750099182129e-01 4.936287645954411829e+00
-1.067255362868309021e-01 -9.916537404060363770e-01 -7.233817130327224731e-02 2.376545683883228288e-01
9.901850223541259766e-01 -9.940036386251449585e-02 -9.825120121240615845e-02 1.757368201904419003e-01
0.000000000000000000e+00 0.000000000000000000e+00 0.000000000000000000e+00 1.000000000000000000e+00
1.035468876361846924e-01 -9.553527832031250000e-02 9.900255799293518066e-01 4.935093618047196706e+00
-1.071759536862373352e-01 -9.906526207923889160e-01 -8.438624441623687744e-02 2.282844105773223220e-01
9.888331294059753418e-01 -9.736898541450500488e-02 -1.128180623054504395e-01 1.764734151730832645e-01
0.000000000000000000e+00 0.000000000000000000e+00 0.000000000000000000e+00 1.000000000000000000e+00
1.141787990927696228e-01 -1.004709452390670776e-01 9.883669018745422363e-01 4.947062468076248720e+00
-1.368442177772521973e-01 -9.869802594184875488e-01 -8.452141284942626953e-02 2.739080373514799494e-01
9.839902520179748535e-01 -1.256017684936523438e-01 -1.264410167932510376e-01 1.952218655814245418e-01
0.000000000000000000e+00 0.000000000000000000e+00 0.000000000000000000e+00 1.000000000000000000e+00
1.323249340057373047e-01 -1.104303151369094849e-01 9.850358366966247559e-01 4.964134408463156234e+00
-1.553591638803482056e-01 -9.838021397590637207e-01 -8.942180126905441284e-02 2.812691013458538114e-01
9.789552092552185059e-01 -1.412016004323959351e-01 -1.473379284143447876e-01 1.762301156182108086e-01
0.000000000000000000e+00 0.000000000000000000e+00 0.000000000000000000e+00 1.000000000000000000e+00
1.409119814634323120e-01 -1.194265633821487427e-01 9.827924370765686035e-01 4.983212664934769442e+00
-1.760429739952087402e-01 -9.798998236656188965e-01 -9.383410960435867310e-02 2.913612214445542858e-01
9.742444753646850586e-01 -1.597913205623626709e-01 -1.591038554906845093e-01 2.273290240264689011e-01
0.000000000000000000e+00 0.000000000000000000e+00 0.000000000000000000e+00 1.000000000000000000e+00
1.692655384540557861e-01 -1.246737986803054810e-01 9.776533842086791992e-01 5.007851543893521828e+00
-1.909443885087966919e-01 -9.773204326629638672e-01 -9.157229959964752197e-02 3.426828444300554777e-01
9.668969511985778809e-01 -1.711773872375488281e-01 -1.892325133085250854e-01 1.937273466031764479e-01
0.000000000000000000e+00 0.000000000000000000e+00 0.000000000000000000e+00 1.000000000000000000e+00
2.111540138721466064e-01 -1.283400803804397583e-01 9.689906835556030273e-01 5.019652539550772730e+00
-2.132978886365890503e-01 -9.735009670257568359e-01 -8.245749771595001221e-02 4.094458295624390232e-01
9.538963437080383301e-01 -1.892723441123962402e-01 -2.329332530498504639e-01 8.918888142372245753e-02
0.000000000000000000e+00 0.000000000000000000e+00 0.000000000000000000e+00 1.000000000000000000e+00
2.757627069950103760e-01 -1.554130762815475464e-01 9.485785365104675293e-01 5.085093522698148405e+00
-2.325916439294815063e-01 -9.683051109313964844e-01 -9.102795273065567017e-02 3.617649946865933996e-01
9.326608180999755859e-01 -1.955294013023376465e-01 -3.031704425811767578e-01 -5.073789618055429829e-02
0.000000000000000000e+00 0.000000000000000000e+00 0.000000000000000000e+00 1.000000000000000000e+00
3.276971280574798584e-01 -2.085359543561935425e-01 9.214809536933898926e-01 5.295972977863231179e+00
-2.381302565336227417e-01 -9.620779752731323242e-01 -1.330394148826599121e-01 1.639044838220286293e-01
9.142802953720092773e-01 -1.758359521627426147e-01 -3.649289309978485107e-01 -1.292834171434875390e-01
0.000000000000000000e+00 0.000000000000000000e+00 0.000000000000000000e+00 1.000000000000000000e+00
3.558557033538818359e-01 -2.294121682643890381e-01 9.059450626373291016e-01 5.374697868694864766e+00
-2.741425335407257080e-01 -9.523795247077941895e-01 -1.334874480962753296e-01 1.769575917450580682e-01
8.934271931648254395e-01 -2.008558660745620728e-01 -4.018014371395111084e-01 -3.175444213047293740e-01
0.000000000000000000e+00 0.000000000000000000e+00 0.000000000000000000e+00 1.000000000000000000e+00
3.458523750305175781e-01 -2.411191165447235107e-01 9.067784547805786133e-01 5.250621345606737655e+00
-1.991960257291793823e-01 -9.632562994956970215e-01 -1.801619976758956909e-01 -8.937084882374843331e-02
9.169006347656250000e-01 -1.183172836899757385e-01 -3.811743855476379395e-01 -3.389444648435123164e-01
0.000000000000000000e+00 0.000000000000000000e+00 0.000000000000000000e+00 1.000000000000000000e+00
3.453427553176879883e-01 -2.420285940170288086e-01 9.067305922508239746e-01 5.176274557101559814e+00
-1.686924844980239868e-01 -9.664448499679565430e-01 -1.937185674905776978e-01 -1.875162895833220877e-01
9.231909513473510742e-01 -8.605934679508209229e-02 -3.745832443237304688e-01 -3.508844463015279858e-01
0.000000000000000000e+00 0.000000000000000000e+00 0.000000000000000000e+00 1.000000000000000000e+00
2.934203743934631348e-01 -2.681015729904174805e-01 9.176200032234191895e-01 4.891815761079206126e+00
-6.572332978248596191e-02 -9.632562398910522461e-01 -2.604193985462188721e-01 -6.215922088774330501e-01
9.537215232849121094e-01 1.610324159264564514e-02 -3.002593517303466797e-01 -1.214977197822687677e-01
0.000000000000000000e+00 0.000000000000000000e+00 0.000000000000000000e+00 1.000000000000000000e+00
2.819164693355560303e-01 -3.084575831890106201e-01 9.085025787353515625e-01 4.610129141514081930e+00
-3.350559249520301819e-02 -9.494981169700622559e-01 -3.119792938232421875e-01 -1.007216844705268954e+00
9.588539004325866699e-01 5.751218646764755249e-02 -2.780142128467559814e-01 -7.586522348687659012e-02
0.000000000000000000e+00 0.000000000000000000e+00 0.000000000000000000e+00 1.000000000000000000e+00
2.931522727012634277e-01 -3.656067550182342529e-01 8.833986520767211914e-01 4.356379759154560993e+00
1.355016883462667465e-02 -9.223122000694274902e-01 -3.862080872058868408e-01 -1.389336032451067959e+00
9.559697508811950684e-01 1.251879781484603882e-01 -2.654240131378173828e-01 -5.354946930882522466e-02
0.000000000000000000e+00 0.000000000000000000e+00 0.000000000000000000e+00 1.000000000000000000e+00
3.256872892379760742e-01 -3.890183269977569580e-01 8.617380857467651367e-01 4.159783401527628932e+00
6.010949239134788513e-02 -9.010684490203857422e-01 -4.294913113117218018e-01 -1.613665960010960632e+00
9.435648322105407715e-01 1.916785091161727905e-01 -2.700827121734619141e-01 -1.217916385411671742e-01
0.000000000000000000e+00 0.000000000000000000e+00 0.000000000000000000e+00 1.000000000000000000e+00
3.728674650192260742e-01 -4.356111884117126465e-01 8.192756175994873047e-01 3.860005810779410407e+00
1.257188916206359863e-01 -8.510906100273132324e-01 -5.097442865371704102e-01 -2.013188233470543320e+00
9.193285107612609863e-01 2.930654287338256836e-01 -2.625795006752014160e-01 -1.560994054983249335e-01
0.000000000000000000e+00 0.000000000000000000e+00 0.000000000000000000e+00 1.000000000000000000e+00
3.832117021083831787e-01 -4.795611500740051270e-01 7.894108891487121582e-01 3.660858701611243049e+00
1.466950476169586182e-01 -8.122084140777587891e-01 -5.646221041679382324e-01 -2.289794381352026953e+00
9.119372963905334473e-01 3.321725130081176758e-01 -2.408985942602157593e-01 -1.020839653770639760e-01
0.000000000000000000e+00 0.000000000000000000e+00 0.000000000000000000e+00 1.000000000000000000e+00
3.963322341442108154e-01 -5.249313116073608398e-01 7.532380223274230957e-01 3.422581682870937669e+00
1.693633347749710083e-01 -7.645435929298400879e-01 -6.219241619110107422e-01 -2.539162883653172109e+00
9.023505449295043945e-01 3.740594089031219482e-01 -2.141091525554656982e-01 -2.804126256363575348e-02
0.000000000000000000e+00 0.000000000000000000e+00 0.000000000000000000e+00 1.000000000000000000e+00
4.361674189567565918e-01 -5.363866686820983887e-01 7.225282192230224609e-01 3.223511159740022780e+00
1.675404459238052368e-01 -7.404842972755432129e-01 -6.508552432060241699e-01 -2.673444000181624869e+00
8.841311335563659668e-01 4.049346148967742920e-01 -2.331086993217468262e-01 -1.450973425842836673e-01
0.000000000000000000e+00 0.000000000000000000e+00 0.000000000000000000e+00 1.000000000000000000e+00
4.376932382583618164e-01 -5.501431822776794434e-01 7.111731767654418945e-01 3.087795344674336473e+00
1.893826127052307129e-01 -7.168084979057312012e-01 -6.710583567619323730e-01 -2.748590180251802906e+00
8.789532184600830078e-01 4.284014105796813965e-01 -2.095548510551452637e-01 -8.301912944282427431e-02
0.000000000000000000e+00 0.000000000000000000e+00 0.000000000000000000e+00 1.000000000000000000e+00
4.070695340633392334e-01 -6.041515469551086426e-01 6.850512623786926270e-01 2.883789387147945860e+00
1.832670271396636963e-01 -6.807287335395812988e-01 -7.092401385307312012e-01 -2.897204591902409199e+00
8.948225975036621094e-01 4.142572879791259766e-01 -1.663829386234283447e-01 4.202060629055368729e-02
0.000000000000000000e+00 0.000000000000000000e+00 0.000000000000000000e+00 1.000000000000000000e+00
3.412199020385742188e-01 -6.823176741600036621e-01 6.465381979942321777e-01 2.583293951107552999e+00
1.490845680236816406e-01 -6.398287415504455566e-01 -7.539179325103759766e-01 -3.048792565574522939e+00
9.280854463577270508e-01 3.536407947540283203e-01 -1.165993213653564453e-01 1.215996062858553800e-01
0.000000000000000000e+00 0.000000000000000000e+00 0.000000000000000000e+00 1.000000000000000000e+00
2.339191883802413940e-01 -7.391959428787231445e-01 6.315626502037048340e-01 2.462053690720263255e+00
1.350517570972442627e-01 -6.185836195945739746e-01 -7.740253806114196777e-01 -3.102890482012779394e+00
9.628308415412902832e-01 2.663530707359313965e-01 -4.486881941556930542e-02 3.325691517295389921e-01
0.000000000000000000e+00 0.000000000000000000e+00 0.000000000000000000e+00 1.000000000000000000e+00
3.013970851898193359e-01 -7.686037421226501465e-01 5.642762780189514160e-01 2.148637634649005257e+00
1.337290853261947632e-01 -5.518720746040344238e-01 -8.231363892555236816e-01 -3.239151327763264643e+00
9.440743327140808105e-01 3.235510885715484619e-01 -6.354803591966629028e-02 1.186686278867451760e-01
0.000000000000000000e+00 0.000000000000000000e+00 0.000000000000000000e+00 1.000000000000000000e+00
4.274683594703674316e-01 -7.446870803833007812e-01 5.125538706779479980e-01 1.900278441082323466e+00
1.215090230107307434e-01 -5.144928097724914551e-01 -8.488419651985168457e-01 -3.282971437684132798e+00
8.958270549774169922e-01 4.251329898834228516e-01 -1.294430941343307495e-01 -2.384464339538580890e-01
0.000000000000000000e+00 0.000000000000000000e+00 0.000000000000000000e+00 1.000000000000000000e+00
5.671037435531616211e-01 -7.094836831092834473e-01 4.183612763881683350e-01 1.472992439457493807e+00
4.814095422625541687e-02 -4.785175323486328125e-01 -8.767573833465576172e-01 -3.288931855158484296e+00
8.222381472587585449e-01 5.173524022102355957e-01 -2.372136861085891724e-01 -7.015631064621620228e-01
0.000000000000000000e+00 0.000000000000000000e+00 0.000000000000000000e+00 1.000000000000000000e+00
6.619771718978881836e-01 -6.733189821243286133e-01 3.292836844921112061e-01 1.173227546912342989e+00
-1.533437892794609070e-02 -4.513981044292449951e-01 -8.921911120414733887e-01 -3.236019633431679310e+00
7.493672370910644531e-01 5.855605006217956543e-01 -3.091402053833007812e-01 -9.711447175317451386e-01
0.000000000000000000e+00 0.000000000000000000e+00 0.000000000000000000e+00 1.000000000000000000e+00
6.631534695625305176e-01 -7.160495519638061523e-01 2.179458290338516235e-01 8.478905566876706601e-01
-8.979552984237670898e-02 -3.651912808418273926e-01 -9.265918731689453125e-01 -3.391825394616517553e+00
7.430776357650756836e-01 5.949020981788635254e-01 -3.064761459827423096e-01 -9.087933659182924062e-01
0.000000000000000000e+00 0.000000000000000000e+00 0.000000000000000000e+00 1.000000000000000000e+00
6.528614163398742676e-01 -7.522770762443542480e-01 8.860361576080322266e-02 3.882293454874132244e-01
-1.666021943092346191e-01 -2.567146420478820801e-01 -9.520194530487060547e-01 -3.607151601768390226e+00
7.389283776283264160e-01 6.067757010459899902e-01 -2.929301857948303223e-01 -8.074504457028417459e-01
0.000000000000000000e+00 0.000000000000000000e+00 0.000000000000000000e+00 1.000000000000000000e+00
6.657317876815795898e-01 -7.456704974174499512e-01 -2.787399478256702423e-02 -1.037651054950270713e-01
-2.031590044498443604e-01 -1.451826393604278564e-01 -9.683220386505126953e-01 -3.787199423066113901e+00
7.180025577545166016e-01 6.503056287765502930e-01 -2.481423318386077881e-01 -6.234794252830945238e-01
0.000000000000000000e+00 0.000000000000000000e+00 0.000000000000000000e+00 1.000000000000000000e+00
6.764449477195739746e-01 -7.246255874633789062e-01 -1.316818594932556152e-01 -6.204379313119727790e-01
-2.269764095544815063e-01 -3.501792624592781067e-02 -9.732707142829895020e-01 -3.889192977381719540e+00
7.006455063819885254e-01 6.882525682449340820e-01 -1.881606131792068481e-01 -4.003662931116985790e-01
0.000000000000000000e+00 0.000000000000000000e+00 0.000000000000000000e+00 1.000000000000000000e+00
6.891292333602905273e-01 -6.864284873008728027e-01 -2.322003096342086792e-01 -1.156480421240170697e+00
-2.408173531293869019e-01 8.528325706720352173e-02 -9.668164253234863281e-01 -3.958891033107561519e+00
6.834529042243957520e-01 7.221792340278625488e-01 -1.065326631069183350e-01 -9.049742550482683945e-02
0.000000000000000000e+00 0.000000000000000000e+00 0.000000000000000000e+00 1.000000000000000000e+00
6.565281152725219727e-01 -7.463185787200927734e-01 -1.094498410820960999e-01 -5.196980765375291966e-01
-2.932351231575012207e-01 -1.188368871808052063e-01 -9.486258029937744141e-01 -3.649003688623178920e+00
6.949704289436340332e-01 6.548939943313598633e-01 -2.968665361404418945e-01 -1.013622885320601297e+00
0.000000000000000000e+00 0.000000000000000000e+00 0.000000000000000000e+00 1.000000000000000000e+00
6.384642124176025391e-01 -7.684305310249328613e-01 -4.332808777689933777e-02 -1.957220168466731469e-01
-3.714870512485504150e-01 -2.583745718002319336e-01 -8.917622566223144531e-01 -3.287574933115040565e+00
6.740625500679016113e-01 5.854543447494506836e-01 -4.504251778125762939e-01 -1.592879890008517929e+00
0.000000000000000000e+00 0.000000000000000000e+00 0.000000000000000000e+00 1.000000000000000000e+00
6.284057497978210449e-01 -7.763317227363586426e-01 4.915011674165725708e-02 1.995430755292908753e-01
-4.454748630523681641e-01 -4.109499156475067139e-01 -7.954071164131164551e-01 -2.728466504530752790e+00
6.376977562904357910e-01 4.779430329799652100e-01 -6.040794253349304199e-01 -2.124897396780727199e+00
0.000000000000000000e+00 0.000000000000000000e+00 0.000000000000000000e+00 1.000000000000000000e+00
6.137963533401489258e-01 -7.775037884712219238e-01 1.369011551141738892e-01 5.400470772712839818e-01
-5.101985335350036621e-01 -5.229941606521606445e-01 -6.827696561813354492e-01 -2.156177341162133221e+00
6.024543642997741699e-01 3.492347002029418945e-01 -7.176929116249084473e-01 -2.457042310329812018e+00
0.000000000000000000e+00 0.000000000000000000e+00 0.000000000000000000e+00 1.000000000000000000e+00
6.158719062805175781e-01 -7.699432969093322754e-01 1.669985651969909668e-01 6.401751365901116042e-01
-5.678573250770568848e-01 -5.807471275329589844e-01 -5.833269953727722168e-01 -1.706645278219131034e+00
5.461128950119018555e-01 2.644234299659729004e-01 -7.948839068412780762e-01 -2.667408877136611345e+00
0.000000000000000000e+00 0.000000000000000000e+00 0.000000000000000000e+00 1.000000000000000000e+00
6.051934957504272461e-01 -7.813544869422912598e-01 1.523984372615814209e-01 5.410282118676911223e-01
-6.579144001007080078e-01 -5.986908078193664551e-01 -4.568559527397155762e-01 -1.240318353648349081e+00
4.482060968875885010e-01 1.762210875749588013e-01 -8.763886094093322754e-01 -2.889381403137917026e+00
0.000000000000000000e+00 0.000000000000000000e+00 0.000000000000000000e+00 1.000000000000000000e+00
5.897788405418395996e-01 -7.864759564399719238e-01 1.833464801311492920e-01 5.905072065424070704e-01
-7.092549800872802734e-01 -6.130186915397644043e-01 -3.480879962444305420e-01 -8.302126239553484499e-01
3.861577212810516357e-01 7.525551319122314453e-02 -9.193576574325561523e-01 -2.981108261863818942e+00
0.000000000000000000e+00 0.000000000000000000e+00 0.000000000000000000e+00 1.000000000000000000e+00
5.785536766052246094e-01 -7.826857566833496094e-01 2.295183837413787842e-01 6.952522035305460646e-01
-7.529990077018737793e-01 -6.206842064857482910e-01 -2.185029685497283936e-01 -3.306955231044382271e-01
3.134775757789611816e-01 -4.641143977642059326e-02 -9.484604597091674805e-01 -3.013361697655920768e+00
0.000000000000000000e+00 0.000000000000000000e+00 0.000000000000000000e+00 1.000000000000000000e+00
5.662876963615417480e-01 -7.897173762321472168e-01 2.359327971935272217e-01 6.961737160953616055e-01
-7.823863625526428223e-01 -6.050847768783569336e-01 -1.474580764770507812e-01 -6.718654243846426677e-02
2.592096030712127686e-01 -1.010869294404983521e-01 -9.605163931846618652e-01 -3.026802944012564556e+00
0.000000000000000000e+00 0.000000000000000000e+00 0.000000000000000000e+00 1.000000000000000000e+00
5.405812263488769531e-01 -8.052899241447448730e-01 2.434753477573394775e-01 6.829973463183346416e-01
-8.286918997764587402e-01 -5.595981478691101074e-01 -1.093893405050039291e-02 4.068164830885437899e-01
1.450572907924652100e-01 -1.958527266979217529e-01 -9.698454141616821289e-01 -3.025124003475699652e+00
0.000000000000000000e+00 0.000000000000000000e+00 0.000000000000000000e+00 1.000000000000000000e+00
5.306954979896545410e-01 -8.073456883430480957e-01 2.579826712608337402e-01 6.925687160853677415e-01
-8.468967676162719727e-01 -5.171793103218078613e-01 1.236591562628746033e-01 8.804929639071698011e-01
3.358757123351097107e-02 -2.841100692749023438e-01 -9.582031965255737305e-01 -2.958255067711469177e+00
0.000000000000000000e+00 0.000000000000000000e+00 0.000000000000000000e+00 1.000000000000000000e+00
5.386472344398498535e-01 -7.975698113441467285e-01 2.715536057949066162e-01 6.965543645732599209e-01
-8.399937748908996582e-01 -4.833705127239227295e-01 2.465021163225173950e-01 1.294022545807025804e+00
-6.534170359373092651e-02 -3.608809411525726318e-01 -9.303200244903564453e-01 -2.814143359504920561e+00
0.000000000000000000e+00 0.000000000000000000e+00 0.000000000000000000e+00 1.000000000000000000e+00
4.956672191619873047e-01 -8.198702335357666016e-01 2.865775227546691895e-01 7.358913143782296329e-01
-8.445543646812438965e-01 -3.780326843261718750e-01 3.792348504066467285e-01 1.746923303137307704e+00
-2.025877833366394043e-01 -4.300045669078826904e-01 -8.798035979270935059e-01 -2.558266631312704043e+00
0.000000000000000000e+00 0.000000000000000000e+00 0.000000000000000000e+00 1.000000000000000000e+00
4.777489602565765381e-01 -8.279219865798950195e-01 2.937705516815185547e-01 7.647685162249805435e-01
-8.240528702735900879e-01 -3.064503967761993408e-01 4.764715433120727539e-01 2.079451543691500426e+00
-3.044551908969879150e-01 -4.697160720825195312e-01 -8.286578059196472168e-01 -2.327281158865211808e+00
0.000000000000000000e+00 0.000000000000000000e+00 0.000000000000000000e+00 1.000000000000000000e+00
4.532470107078552246e-01 -8.381202220916748047e-01 3.035147488117218018e-01 8.454598428473099059e-01
-8.051153421401977539e-01 -2.387834638357162476e-01 5.429286360740661621e-01 2.299661201970040647e+00
-3.825653195381164551e-01 -4.904452264308929443e-01 -7.830116152763366699e-01 -2.124035506247503147e+00
0.000000000000000000e+00 0.000000000000000000e+00 0.000000000000000000e+00 1.000000000000000000e+00
4.011858999729156494e-01 -8.708658814430236816e-01 2.839757204055786133e-01 8.664580080999406686e-01
-7.852622866630554199e-01 -1.673669666051864624e-01 5.961139202117919922e-01 2.453029304984715164e+00
-4.716072082519531250e-01 -4.621480107307434082e-01 -7.510035037994384766e-01 -1.928194691703102981e+00
0.000000000000000000e+00 0.000000000000000000e+00 0.000000000000000000e+00 1.000000000000000000e+00
3.689072132110595703e-01 -8.867581486701965332e-01 2.785089313983917236e-01 9.435071329454760569e-01
-7.758422493934631348e-01 -1.287771910429000854e-01 6.176446080207824707e-01 2.478822926784941760e+00
-5.118358135223388672e-01 -4.439326226711273193e-01 -7.354914546012878418e-01 -1.793675483867129827e+00
0.000000000000000000e+00 0.000000000000000000e+00 0.000000000000000000e+00 1.000000000000000000e+00
2.673588097095489502e-01 -9.333640933036804199e-01 2.394798099994659424e-01 9.482891968570240637e-01
-7.691848874092102051e-01 -5.702496320009231567e-02 6.364768147468566895e-01 2.464488838025096662e+00
-5.804082155227661133e-01 -3.543719947338104248e-01 -7.331756353378295898e-01 -1.707206871667817039e+00
0.000000000000000000e+00 0.000000000000000000e+00 0.000000000000000000e+00 1.000000000000000000e+00
8.325645327568054199e-02 -9.778126478195190430e-01 1.922260224819183350e-01 9.483646916424502971e-01
-7.834091186523437500e-01 5.499739572405815125e-02 6.190684437751770020e-01 2.240093732969770546e+00
-6.159046888351440430e-01 -2.021330147981643677e-01 -7.614483833312988281e-01 -1.775789668027348611e+00
0.000000000000000000e+00 0.000000000000000000e+00 0.000000000000000000e+00 1.000000000000000000e+00
-9.195353090763092041e-02 -9.807094931602478027e-01 1.724918484687805176e-01 9.134352087585297930e-01
-7.860233783721923828e-01 1.778347939252853394e-01 5.920660495758056641e-01 2.023490761181319098e+00
-6.113197803497314453e-01 -8.114007115364074707e-02 -7.872131466865539551e-01 -1.870977779136328456e+00
0.000000000000000000e+00 0.000000000000000000e+00 0.000000000000000000e+00 1.000000000000000000e+00
-2.076787352561950684e-01 -9.586989283561706543e-01 1.943334192037582397e-01 9.636017416860667151e-01
-7.492018938064575195e-01 2.836241126060485840e-01 5.985430479049682617e-01 2.078400965797066569e+00
-6.289404034614562988e-01 -2.129023708403110504e-02 -7.771620154380798340e-01 -1.812011887506393526e+00
0.000000000000000000e+00 0.000000000000000000e+00 0.000000000000000000e+00 1.000000000000000000e+00
-2.588475942611694336e-01 -9.533161520957946777e-01 1.555187702178955078e-01 9.327337988943105174e-01
-7.056882977485656738e-01 2.965816557407379150e-01 6.434618234634399414e-01 2.271173378615797045e+00
-6.595466732978820801e-01 5.681074410676956177e-02 -7.495137453079223633e-01 -1.685606930635428435e+00
0.000000000000000000e+00 0.000000000000000000e+00 0.000000000000000000e+00 1.000000000000000000e+00
-3.555065691471099854e-01 -9.265019297599792480e-01 1.233254000544548035e-01 9.873345840149926333e-01
-6.919781565666198730e-01 3.495927155017852783e-01 6.316258311271667480e-01 2.197380946038295146e+00
-6.283162236213684082e-01 1.392087191343307495e-01 -7.654016017913818359e-01 -1.638602250271762983e+00
0.000000000000000000e+00 0.000000000000000000e+00 0.000000000000000000e+00 1.000000000000000000e+00
2.046648412942886353e-01 -9.327857494354248047e-01 2.966870367527008057e-01 8.898621852197768911e-01
-7.323935031890869141e-01 5.515693500638008118e-02 6.786437034606933594e-01 2.452572368083699050e+00
-6.493936777114868164e-01 -3.561861813068389893e-01 -6.718774437904357910e-01 -1.401328587983232898e+00
0.000000000000000000e+00 0.000000000000000000e+00 0.000000000000000000e+00 1.000000000000000000e+00
5.287415385246276855e-01 -7.855697274208068848e-01 3.214223980903625488e-01 7.420074832495838768e-01
-7.670027613639831543e-01 -2.800330221652984619e-01 5.773111581802368164e-01 2.333618379476874338e+00
-3.635094165802001953e-01 -5.517801642417907715e-01 -7.505992650985717773e-01 -2.142978447492675187e+00
0.000000000000000000e+00 0.000000000000000000e+00 0.000000000000000000e+00 1.000000000000000000e+00
5.915612578392028809e-01 -7.337861657142639160e-01 3.340855240821838379e-01 7.582900517473494251e-01
-7.712344527244567871e-01 -3.941927552223205566e-01 4.998095333576202393e-01 2.102838062372695660e+00
-2.350591570138931274e-01 -5.533260107040405273e-01 -7.991101741790771484e-01 -2.513181859730056367e+00
0.000000000000000000e+00 0.000000000000000000e+00 0.000000000000000000e+00 1.000000000000000000e+00
5.982837677001953125e-01 -7.468363642692565918e-01 2.903307378292083740e-01 5.998157334264087037e-01
-7.710589766502380371e-01 -4.380173981189727783e-01 4.621784985065460205e-01 1.990858363391413643e+00
-2.180017977952957153e-01 -5.003758668899536133e-01 -8.379134535789489746e-01 -2.727779309071493685e+00
0.000000000000000000e+00 0.000000000000000000e+00 0.000000000000000000e+00 1.000000000000000000e+00
6.238042712211608887e-01 -7.493905425071716309e-01 2.219956219196319580e-01 3.296122080206398963e-01
-7.599593400955200195e-01 -5.152205228805541992e-01 3.962439894676208496e-01 1.753075384114212820e+00
-1.825648397207260132e-01 -4.158864021301269531e-01 -8.909032344818115234e-01 -3.001014480857334021e+00
0.000000000000000000e+00 0.000000000000000000e+00 0.000000000000000000e+00 1.000000000000000000e+00
6.369318366050720215e-01 -7.572499513626098633e-01 1.445342898368835449e-01 2.943452467107537940e-02
-7.453334927558898926e-01 -5.569720864295959473e-01 3.664147555828094482e-01 1.658113062928531223e+00
-1.969660669565200806e-01 -3.411073684692382812e-01 -9.191572666168212891e-01 -3.162337412865689590e+00
0.000000000000000000e+00 0.000000000000000000e+00 0.000000000000000000e+00 1.000000000000000000e+00
6.487178802490234375e-01 -7.579782605171203613e-01 6.807271391153335571e-02 -2.819599811919726862e-01
-7.305789589881896973e-01 -5.952163338661193848e-01 3.346215784549713135e-01 1.542076089657677951e+00
-2.131179869174957275e-01 -2.668074965476989746e-01 -9.398906826972961426e-01 -3.289128176859549058e+00
0.000000000000000000e+00 0.000000000000000000e+00 0.000000000000000000e+00 1.000000000000000000e+00
6.649842858314514160e-01 -7.466969490051269531e-01 1.546261366456747055e-02 -5.190370259426697608e-01
-7.203174233436584473e-01 -6.357465386390686035e-01 2.774321734905242920e-01 1.319330957363468171e+00
-1.973275989294052124e-01 -1.956260204315185547e-01 -9.606207609176635742e-01 -3.419980976969130726e+00
0.000000000000000000e+00 0.000000000000000000e+00 0.000000000000000000e+00 1.000000000000000000e+00
7.102618813514709473e-01 -7.014666199684143066e-01 -5.892607197165489197e-02 -8.881889178408581831e-01
-6.784666180610656738e-01 -7.044736742973327637e-01 2.083255797624588013e-01 1.035973631252530947e+00
-1.876453906297683716e-01 -1.079863086342811584e-01 -9.762828350067138672e-01 -3.538517908968948245e+00
0.000000000000000000e+00 0.000000000000000000e+00 0.000000000000000000e+00 1.000000000000000000e+00
7.432996034622192383e-01 -6.616414785385131836e-01 -9.867090731859207153e-02 -1.099303091353271533e+00
-6.459867954254150391e-01 -7.482455372810363770e-01 1.510937213897705078e-01 7.974602572871556383e-01
-1.737999916076660156e-01 -4.856772348284721375e-02 -9.835826158523559570e-01 -3.606880669278446305e+00
0.000000000000000000e+00 0.000000000000000000e+00 0.000000000000000000e+00 1.000000000000000000e+00
7.688199877738952637e-01 -6.169006228446960449e-01 -1.683720499277114868e-01 -1.442412109613672611e+00
-6.160302758216857910e-01 -7.851375937461853027e-01 6.376021355390548706e-02 4.177658310990293167e-01
-1.715289354324340820e-01 5.470224097371101379e-02 -9.836592078208923340e-01 -3.637851586560705286e+00
0.000000000000000000e+00 0.000000000000000000e+00 0.000000000000000000e+00 1.000000000000000000e+00
7.910526394844055176e-01 -5.732811689376831055e-01 -2.135045826435089111e-01 -1.687098744761851510e+00
-5.890476703643798828e-01 -8.079947829246520996e-01 -1.292484905570745468e-02 8.126069687273135278e-02
-1.651009917259216309e-01 1.359886825084686279e-01 -9.768565297126770020e-01 -3.654509248072526972e+00
0.000000000000000000e+00 0.000000000000000000e+00 0.000000000000000000e+00 1.000000000000000000e+00
8.229207396507263184e-01 -5.162500739097595215e-01 -2.372491508722305298e-01 -1.845705054951398694e+00
-5.500431656837463379e-01 -8.284996747970581055e-01 -1.050745099782943726e-01 -3.404939972571968676e-01
-1.423160880804061890e-01 2.169653028249740601e-01 -9.657495021820068359e-01 -3.651946591965915090e+00
0.000000000000000000e+00 0.000000000000000000e+00 0.000000000000000000e+00 1.000000000000000000e+00
8.405122160911560059e-01 -4.924802482128143311e-01 -2.258366793394088745e-01 -1.854511754802445456e+00
-5.347393155097961426e-01 -8.211053013801574707e-01 -1.995988637208938599e-01 -7.761550838346588099e-01
-8.713710308074951172e-02 2.885290980339050293e-01 -9.534977674484252930e-01 -3.651370411001715777e+00
0.000000000000000000e+00 0.000000000000000000e+00 0.000000000000000000e+00 1.000000000000000000e+00
8.474292755126953125e-01 -4.955320060253143311e-01 -1.905552893877029419e-01 -1.758342211482923911e+00
-5.307080149650573730e-01 -8.005150556564331055e-01 -2.784317433834075928e-01 -1.151337580540561234e+00
-1.457032281905412674e-02 3.370805084705352783e-01 -9.413629770278930664e-01 -3.660336532824089772e+00
0.000000000000000000e+00 0.000000000000000000e+00 0.000000000000000000e+00 1.000000000000000000e+00
8.596016168594360352e-01 -4.919863045215606689e-01 -1.379656493663787842e-01 -1.587941453147082793e+00
-5.060630440711975098e-01 -7.824231386184692383e-01 -3.629245162010192871e-01 -1.554205433689652027e+00
7.060643285512924194e-02 3.817898035049438477e-01 -9.215483069419860840e-01 -3.651833101775997292e+00
0.000000000000000000e+00 0.000000000000000000e+00 0.000000000000000000e+00 1.000000000000000000e+00
8.782021403312683105e-01 -4.697997272014617920e-01 -8.971635997295379639e-02 -1.433195099075999179e+00
-4.570916593074798584e-01 -7.691587209701538086e-01 -4.466113150119781494e-01 -1.960216488916858069e+00
1.408119499683380127e-01 4.332235753536224365e-01 -8.902185559272766113e-01 -3.601572820396123920e+00
0.000000000000000000e+00 0.000000000000000000e+00 0.000000000000000000e+00 1.000000000000000000e+00
