-0.09432058036327362 -0.8319253921508789 -0.5468122363090515 0.1688970327377319 
-0.990376353263855 0.02253048308193684 0.1365537792444229 -0.001604572986252606 
-0.1012826412916183 0.554429829120636 -0.8260444402694702 0.2816251218318939 
0 0 0 1 

0.01633740775287151 -0.8404445648193359 -0.54165118932724 0.1576372087001801 
-0.9994768500328064 -0.02885003201663494 0.01461826637387276 0.03987656533718109 
-0.02791250869631767 0.5411289930343628 -0.8404762744903564 0.2810162007808685 
0 0 0 1 

0.05224763602018356 -0.8462598323822021 -0.5302020907402039 0.1508310735225677 
-0.9941494464874268 0.00618320144712925 -0.1078350469470024 0.07864328473806381 
0.09453477710485458 0.5327342748641968 -0.8409857749938965 0.2728995680809021 
0 0 0 1 

-0.04020796343684196 -0.8530625700950623 -0.5202570557594299 0.1595201939344406 
-0.9944209456443787 0.08498162776231766 -0.06248992681503296 0.05591423436999321 
0.09752006828784943 0.5148419737815857 -0.8517202138900757 0.2877197563648224 
0 0 0 1 

-0.05463334172964096 -0.8325124382972717 -0.5513061285018921 0.1691062301397324 
-0.9930392503738403 -0.0123984832316637 0.1171305403113365 -0.0009368097526021302 
-0.104347936809063 0.5538677573204041 -0.8260401487350464 0.2979982495307922 
0 0 0 1 

0.1154214814305305 -0.8138725161552429 -0.5694639086723328 0.1618859618902206 
-0.987250804901123 -0.1572518944740295 0.02464311011135578 0.02842774614691734 
-0.1096057742834091 0.5593594908714294 -0.8216464519500732 0.2994029521942139 
0 0 0 1 

0.2035574167966843 -0.7658480405807495 -0.6099518537521362 0.1610884666442871 
-0.948757529258728 -0.3081034719944 0.07022473961114883 0.0131662217900157 
-0.2417097091674805 0.5644016265869141 -0.7893208265304565 0.2952083647251129 
0 0 0 1 

0.3177992701530457 -0.7024188637733459 -0.6368764042854309 0.1537002325057983 
-0.9132802486419678 -0.4072797000408173 -0.006530197337269783 0.03568143397569656 
-0.254799872636795 0.5837218165397644 -0.7709384560585022 0.2847540676593781 
0 0 0 1 

0.3483684062957764 -0.6960539817810059 -0.6278123259544373 0.1476417779922485 
-0.9221931099891663 -0.3744908273220062 -0.09652096778154373 0.06475649774074554 
-0.1679262220859528 0.6125890612602234 -0.7723569869995117 0.2768911123275757 
0 0 0 1 

0.7038449645042419 -0.2882708013057709 -0.6492319107055664 0.1613156646490097 
-0.5836493372917175 -0.7556536793708801 -0.2972215414047241 0.09672126919031143 
-0.4049142599105835 0.5881217122077942 -0.7001120448112488 0.2742674350738525 
0 0 0 1 

