-0.4266690015792847 -0.4015998244285583 0.8103522658348083 -0.2210934013128281 
-0.9030414819717407 0.1399450451135635 -0.4061172902584076 0.1714049875736237 
0.04969192668795586 -0.9050595164299011 -0.4223713874816895 0.1224289834499359 
0 0 0 1 

-0.4714630544185638 -0.5975353717803955 0.6485939025878906 -0.1755472868680954 
-0.88056480884552 0.3592089414596558 -0.3091514110565186 0.1394463330507278 
-0.04825181514024734 -0.7168824076652527 -0.6955223679542542 0.2149530351161957 
0 0 0 1 

-0.05222276225686073 -0.5573215484619141 0.8286526799201965 -0.2605783641338348 
-0.9273707866668701 0.3349045217037201 0.1668002158403397 0.003239731071516871 
-0.3704808354377747 -0.7597575783729553 -0.5343332886695862 0.1864506155252457 
0 0 0 1 

-0.08568651229143143 -0.5339664816856384 0.8411524295806885 -0.2622105479240417 
-0.9607334136962891 0.2679137289524078 0.07220438122749329 0.03477048128843307 
-0.2639109194278717 -0.8019363284111023 -0.5359559059143066 0.1814598590135574 
0 0 0 1 

-0.08190610259771347 -0.5204932689666748 0.8499281406402588 -0.2652902603149414 
-0.9795864224433899 0.1991269737482071 0.02754336036741734 0.04990534484386444 
-0.183579608798027 -0.8303222060203552 -0.5261777639389038 0.1739179939031601 
0 0 0 1 

-0.06402932852506638 -0.5051733255386353 0.8606390953063965 -0.26972296833992 
-0.9941673278808594 0.1072854325175285 -0.01099004410207272 0.06205302849411964 
-0.08678200095891953 -0.8563231229782104 -0.5090962052345276 0.1626288592815399 
0 0 0 1 

-0.09539621323347092 -0.4852448105812073 0.8691587448120117 -0.2705583274364471 
-0.9954073429107666 0.05349836498498917 -0.07938521355390549 0.08301927894353867 
-0.007977229543030262 -0.8727400898933411 -0.4881196618080139 0.1506069153547287 
0 0 0 1 

-0.1159807592630386 -0.4770969450473785 0.871164083480835 -0.2701016664505005 
-0.9897211194038391 -0.01837099157273769 -0.1418256461620331 0.1015931367874146 
0.08366876840591431 -0.878658652305603 -0.470062255859375 0.1392078399658203 
0 0 0 1 

-0.1287167072296143 -0.4440320134162903 0.8867173790931702 -0.2738119661808014 
-0.9691084623336792 -0.1333707273006439 -0.2074631750583649 0.1210180371999741 
0.2103823721408844 -0.8860292434692383 -0.4131481647491455 0.1136536449193954 
0 0 0 1 

-0.1375592201948166 -0.3864985406398773 0.9119738340377808 -0.2828792333602905 
-0.9660133123397827 -0.1510864347219467 -0.2097414284944534 0.1190078556537628 
0.2188515514135361 -0.9098304510116577 -0.3525793552398682 0.09160694479942322 
0 0 0 1 

