0.160007506608963 0.9269880652427673 0.339250236749649 -0.1133555844426155 
0.8178582787513733 -0.3169354200363159 0.4802705049514771 -0.2355464398860931 
0.5527254343032837 0.2006117105484009 -0.8088569641113281 0.2411051392555237 
0 0 0 1 

0.1810056865215302 0.9314926862716675 0.3155286908149719 -0.08999476581811905 
0.4772980809211731 0.1973118633031845 -0.8563024401664734 0.2493576407432556 
-0.8598971962928772 0.305596798658371 -0.4088851511478424 0.2147867679595947 
0 0 0 1 

0.2268636375665665 0.8939706683158875 0.3864573538303375 -0.1209903210401535 
0.565144956111908 0.202329158782959 -0.7997962832450867 0.2255212813615799 
-0.7931860089302063 0.399849146604538 -0.4593218564987183 0.2292548567056656 
0 0 0 1 

0.8933678269386292 0.1020437330007553 0.4375854134559631 -0.179835319519043 
-0.07125076651573181 -0.9293762445449829 0.3621925115585327 -0.1229669079184532 
0.4436408877372742 -0.3547494411468506 -0.8230041861534119 0.2407691478729248 
0 0 0 1 

0.8977248668670654 0.04913481324911118 0.4378080070018768 -0.1778197884559631 
-0.0735340341925621 -0.9631090760231018 0.2588703036308289 -0.08577023446559906 
0.4343763887882233 -0.2645881175994873 -0.8609936833381653 0.2527257800102234 
0 0 0 1 

0.8822729587554932 -0.02137000113725662 0.4702529013156891 -0.1835414171218872 
-0.1084247529506683 -0.9813348650932312 0.1588275283575058 -0.04683059453964233 
0.4580813944339752 -0.1911162883043289 -0.8681223392486572 0.2549678087234497 
0 0 0 1 

0.8668708801269531 -0.08816748857498169 0.4906743764877319 -0.1837609708309174 
-0.1306920945644379 -0.9900049567222595 0.05300234258174896 -0.005196032579988241 
0.4810971021652222 -0.1100734621286392 -0.869729220867157 0.2562249302864075 
0 0 0 1 

0.8625205755233765 -0.04332765564322472 0.5041636228561401 -0.1842243373394012 
-0.05732749029994011 -0.9982797503471375 0.01228374242782593 0.02358662337064743 
0.502764105796814 -0.03949741274118423 -0.8635208010673523 0.2572062909603119 
0 0 0 1 

0.8831729888916016 0.01722053438425064 0.4687311947345734 -0.1827197670936584 
0.03115346655249596 -0.9992727041244507 -0.02198677510023117 0.06968485563993454 
0.4680117070674896 0.03402072936296463 -0.8830671310424805 0.2672443985939026 
0 0 0 1 

0.8851509690284729 -0.007476767525076866 0.4652438759803772 -0.1808531433343887 
0.008645608089864254 -0.9994341135025024 -0.03251037001609802 0.06961023062467575 
0.4652236700057983 0.03279890865087509 -0.8845853805541992 0.2680900096893311 
0 0 0 1 

