0.8113582134246826 0.5682406425476074 -0.1371143460273743 0.01104554906487465 
-0.4821268022060394 0.5178912878036499 -0.7066414952278137 0.2167892605066299 
-0.3305322229862213 0.6394458413124084 0.6941594481468201 -0.1628862768411636 
0 0 0 1 

0.8382524847984314 0.5293120145797729 -0.1310021877288818 0.006478042341768742 
-0.4168875515460968 0.4672451019287109 -0.7796708941459656 0.2359830290079117 
-0.3514790832996368 0.7081741690635681 0.6123329401016235 -0.1392374783754349 
0 0 0 1 

0.8720506429672241 0.4802596271038055 -0.0942249521613121 -0.006233011372387409 
-0.3289750516414642 0.4326647222042084 -0.8393904566764832 0.2500190734863281 
-0.3623576164245605 0.7629886269569397 0.5352990031242371 -0.1191035211086273 
0 0 0 1 

0.8874747753143311 0.4564396142959595 -0.06365089118480682 -0.01501177810132504 
-0.2374888062477112 0.3345874845981598 -0.911948561668396 0.264656275510788 
-0.394952654838562 0.8244477510452271 0.4053372740745544 -0.08358455449342728 
0 0 0 1 

0.8100467920303345 0.5832922458648682 -0.05995260551571846 -0.01330434437841177 
-0.236578643321991 0.2315607219934464 -0.9436154365539551 0.2754069268703461 
-0.5365208983421326 0.778556227684021 0.3255695402622223 -0.05636878684163094 
0 0 0 1 

0.8275013566017151 0.5526420474052429 -0.09913740307092667 -0.003755717305466533 
-0.3134424984455109 0.3082085847854614 -0.8981988430023193 0.2658445239067078 
-0.4658274948596954 0.7743346691131592 0.4282645583152771 -0.08609003573656082 
0 0 0 1 

0.8136060237884521 0.5709908008575439 -0.1096116527915001 -0.0007047216640785336 
-0.3711807131767273 0.3649908602237701 -0.8538187742233276 0.2562936544418335 
-0.447515457868576 0.7353578805923462 0.5088995099067688 -0.1089324206113815 
0 0 0 1 

0.8339898586273193 0.5462533831596375 -0.07789801806211472 -0.0144119318574667 
-0.4517597556114197 0.5949158072471619 -0.6648218631744385 0.2155955731868744 
-0.316818505525589 0.5896458625793457 0.7429291009902954 -0.1809457242488861 
0 0 0 1 

0.642186164855957 0.7146254777908325 -0.2773216962814331 0.06189918518066406 
-0.4917060136795044 0.1064869686961174 -0.864225447177887 0.3005372583866119 
-0.5880663990974426 0.6913543343544006 0.4197701513767242 -0.07381425797939301 
0 0 0 1 

0.5372381210327148 0.8395848274230957 -0.08044855296611786 0.01813775673508644 
-0.2791736125946045 0.08700773864984512 -0.9562909007072449 0.3162251710891724 
-0.7958878874778748 0.5362149477005005 0.2811339199542999 -0.02671500854194164 
0 0 0 1 

