1.000000000000000000e+00 0.000000000000000000e+00 0.000000000000000000e+00 -4.255350477121360719e-01
0.000000000000000000e+00 -1.000000000000000000e+00 0.000000000000000000e+00 3.076616963927396031e-01
0.000000000000000000e+00 0.000000000000000000e+00 -1.000000000000000000e+00 -5.117628744684824760e+00
0.000000000000000000e+00 0.000000000000000000e+00 0.000000000000000000e+00 1.000000000000000000e+00
9.975670576095581055e-01 -5.238565057516098022e-02 4.599762335419654846e-02 -1.608462734649689363e-01
-5.329873412847518921e-02 -9.984006285667419434e-01 1.885305717587471008e-02 3.634403638538455383e-01
4.493643343448638916e-02 -2.125878632068634033e-02 -9.987636208534240723e-01 -5.074657231865844054e+00
0.000000000000000000e+00 0.000000000000000000e+00 0.000000000000000000e+00 1.000000000000000000e+00
9.849811792373657227e-01 -6.670163571834564209e-02 1.592570245265960693e-01 4.490029453696971484e-01
-7.099464535713195801e-02 -9.972468018531799316e-01 2.141425572335720062e-02 3.851478179922864231e-01
1.573901921510696411e-01 -3.239908814430236816e-02 -9.870048165321350098e-01 -4.988355481991218809e+00
0.000000000000000000e+00 0.000000000000000000e+00 0.000000000000000000e+00 1.000000000000000000e+00
9.991078972816467285e-01 -3.806209191679954529e-02 -1.829636096954345703e-02 -4.863810670337908038e-01
-3.816917538642883301e-02 -9.992558360099792480e-01 -5.539453122764825821e-03 2.428657422793207288e-01
-1.807190664112567902e-02 6.232881918549537659e-03 -9.998172521591186523e-01 -4.928653689811622662e+00
0.000000000000000000e+00 0.000000000000000000e+00 0.000000000000000000e+00 1.000000000000000000e+00
9.960331320762634277e-01 -5.331769958138465881e-02 7.123970240354537964e-02 1.340568462347524470e-02
-5.072438344359397888e-02 -9.979997873306274414e-01 -3.772997483611106873e-02 1.236144371522300972e-01
7.310891151428222656e-02 3.396668285131454468e-02 -9.967454075813293457e-01 -4.916236037667894188e+00
0.000000000000000000e+00 0.000000000000000000e+00 0.000000000000000000e+00 1.000000000000000000e+00
1.262370645999908447e-01 -9.312245249748229980e-02 9.876195192337036133e-01 5.158290727006849430e+00
-3.629952296614646912e-02 -9.953509569168090820e-01 -8.921167254447937012e-02 -7.755507786478375853e-02
9.913357496261596680e-01 -2.458829618990421295e-02 -1.290305107831954956e-01 -6.748815032895953969e-01
0.000000000000000000e+00 0.000000000000000000e+00 0.000000000000000000e+00 1.000000000000000000e+00
9.953618794679641724e-02 -1.063020378351211548e-01 9.893394708633422852e-01 5.135785146163479808e+00
-2.759395353496074677e-02 -9.941895604133605957e-01 -1.040469855070114136e-01 -9.453023165506617420e-02
9.946512579917907715e-01 -1.694335043430328369e-02 -1.018912047147750854e-01 -4.402382291244311130e-01
0.000000000000000000e+00 0.000000000000000000e+00 0.000000000000000000e+00 1.000000000000000000e+00
9.881184250116348267e-02 -1.045374870300292969e-01 9.895998835563659668e-01 5.085683592321953661e+00
-2.480508200824260712e-02 -9.944163560867309570e-01 -1.025694906711578369e-01 -3.427465087473698796e-02
9.947967529296875000e-01 -1.441204361617565155e-02 -1.008532419800758362e-01 -3.315770765487824900e-01
0.000000000000000000e+00 0.000000000000000000e+00 0.000000000000000000e+00 1.000000000000000000e+00
1.177872046828269958e-01 -9.726774692535400391e-02 9.882637262344360352e-01 5.022267972563883909e+00
-3.675098717212677002e-02 -9.949365258216857910e-01 -9.354429692029953003e-02 3.391933121908354692e-02
9.923581480979919434e-01 -2.530135959386825562e-02 -1.207654178142547607e-01 -3.052412017956778190e-01
0.000000000000000000e+00 0.000000000000000000e+00 0.000000000000000000e+00 1.000000000000000000e+00
1.250607520341873169e-01 -1.024580448865890503e-01 9.868445396423339844e-01 4.982709498638208778e+00
-5.527873337268829346e-02 -9.938279986381530762e-01 -9.617779403924942017e-02 4.772580902143394588e-02
9.906078577041625977e-01 -4.252346977591514587e-02 -1.299526542425155640e-01 -2.265837577672529801e-01
0.000000000000000000e+00 0.000000000000000000e+00 0.000000000000000000e+00 1.000000000000000000e+00
1.472109556198120117e-01 -9.237639605998992920e-02 9.847819805145263672e-01 4.936958269803927379e+00
-7.721593976020812988e-02 -9.936637878417968750e-01 -8.166682720184326172e-02 1.528664343989027952e-01
9.860866069793701172e-01 -6.401866674423217773e-02 -1.534111797809600830e-01 -2.132770081981806565e-01
0.000000000000000000e+00 0.000000000000000000e+00 0.000000000000000000e+00 1.000000000000000000e+00
1.476625800132751465e-01 -8.766824752092361450e-02 9.851445555686950684e-01 4.918092311414853590e+00
-1.040866672992706299e-01 -9.919099807739257812e-01 -7.266883552074432373e-02 2.429224377719240435e-01
9.835454821586608887e-01 -9.180995821952819824e-02 -1.555930823087692261e-01 -1.093674388864818298e-01
0.000000000000000000e+00 0.000000000000000000e+00 0.000000000000000000e+00 1.000000000000000000e+00
1.606758683919906616e-01 -1.018610522150993347e-01 9.817368984222412109e-01 4.918414528317697432e+00
-1.078018620610237122e-01 -9.905211925506591797e-01 -8.512911200523376465e-02 2.298900884347690188e-01
9.811022877693176270e-01 -9.215485304594039917e-02 -1.701336055994033813e-01 -1.060369383131167381e-01
0.000000000000000000e+00 0.000000000000000000e+00 0.000000000000000000e+00 1.000000000000000000e+00
1.657641679048538208e-01 -1.114248111844062805e-01 9.798505902290344238e-01 4.933732529405871148e+00
-1.336641907691955566e-01 -9.869660735130310059e-01 -8.962164074182510376e-02 2.567165304860772324e-01
9.770649671554565430e-01 -1.161148995161056519e-01 -1.784970015287399292e-01 -6.493616904018047198e-02
0.000000000000000000e+00 0.000000000000000000e+00 0.000000000000000000e+00 1.000000000000000000e+00
1.839464306831359863e-01 -1.156175360083580017e-01 9.761127829551696777e-01 4.949118783335533678e+00
-1.505768448114395142e-01 -9.846508502960205078e-01 -8.825292438268661499e-02 2.942164818476374344e-01
9.713341593742370605e-01 -1.307462006807327271e-01 -1.985324323177337646e-01 -8.234208828853535611e-02
0.000000000000000000e+00 0.000000000000000000e+00 0.000000000000000000e+00 1.000000000000000000e+00
1.876275986433029175e-01 -1.280623525381088257e-01 9.738561511039733887e-01 4.974665583813631109e+00
-1.742109358310699463e-01 -9.800840616226196289e-01 -9.531701356172561646e-02 2.894431975530541989e-01
9.666676521301269531e-01 -1.517722904682159424e-01 -2.062007039785385132e-01 -8.324088998335988851e-03
0.000000000000000000e+00 0.000000000000000000e+00 0.000000000000000000e+00 1.000000000000000000e+00
2.200240045785903931e-01 -1.363428086042404175e-01 9.659194946289062500e-01 4.993470828919287285e+00
-1.885059475898742676e-01 -9.774634242057800293e-01 -9.503302723169326782e-02 3.303381821527886508e-01
9.571076631546020508e-01 -1.611720472574234009e-01 -2.407668679952621460e-01 -7.089636330393093988e-02
0.000000000000000000e+00 0.000000000000000000e+00 0.000000000000000000e+00 1.000000000000000000e+00
2.575620412826538086e-01 -1.395657807588577271e-01 9.561293721199035645e-01 5.002790119514482825e+00
-2.115976065397262573e-01 -9.736427068710327148e-01 -8.512211591005325317e-02 3.985118582822308464e-01
9.428088068962097168e-01 -1.803904026746749878e-01 -2.803051173686981201e-01 -1.604447330682290951e-01
0.000000000000000000e+00 0.000000000000000000e+00 0.000000000000000000e+00 1.000000000000000000e+00
3.237977921962738037e-01 -1.658126413822174072e-01 9.314830899238586426e-01 5.059180855244161279e+00
-2.346396148204803467e-01 -9.678398370742797852e-01 -9.072016179561614990e-02 3.617160371614844827e-01
9.165691137313842773e-01 -1.891878992319107056e-01 -3.522907197475433350e-01 -3.130704376246415954e-01
0.000000000000000000e+00 0.000000000000000000e+00 0.000000000000000000e+00 1.000000000000000000e+00
3.752348124980926514e-01 -2.192183136940002441e-01 9.006342291831970215e-01 5.264876269006832921e+00
-2.439594119787216187e-01 -9.607316851615905762e-01 -1.322045922279357910e-01 1.597956478836725092e-01
8.942497372627258301e-01 -1.701105237007141113e-01 -4.139804244041442871e-01 -4.050387110158978898e-01
0.000000000000000000e+00 0.000000000000000000e+00 0.000000000000000000e+00 1.000000000000000000e+00
4.046222865581512451e-01 -2.432926148176193237e-01 8.815265297889709473e-01 5.331389853494588493e+00
-2.686719000339508057e-01 -9.530457854270935059e-01 -1.397103220224380493e-01 1.560837175953063150e-01
8.741257786750793457e-01 -1.803116053342819214e-01 -4.509896039962768555e-01 -6.167407468472858589e-01
0.000000000000000000e+00 0.000000000000000000e+00 0.000000000000000000e+00 1.000000000000000000e+00
3.923516273498535156e-01 -2.455105930566787720e-01 8.864448666572570801e-01 5.209719243068955841e+00
-1.995189338922500610e-01 -9.634913802146911621e-01 -1.785398572683334351e-01 -7.800801557586906076e-02
8.979154229164123535e-01 -1.068121865391731262e-01 -4.270114004611968994e-01 -6.011828687667856164e-01
0.000000000000000000e+00 0.000000000000000000e+00 0.000000000000000000e+00 1.000000000000000000e+00
3.943412005901336670e-01 -2.493962198495864868e-01 8.844752907752990723e-01 5.130132064885252419e+00
-1.689346581697463989e-01 -9.657407402992248535e-01 -1.969916373491287231e-01 -2.035923138718136460e-01
9.033029675483703613e-01 -7.173661887645721436e-02 -4.229631423950195312e-01 -6.280243899342368152e-01
0.000000000000000000e+00 0.000000000000000000e+00 0.000000000000000000e+00 1.000000000000000000e+00
3.542911112308502197e-01 -2.648778259754180908e-01 8.968375921249389648e-01 4.854044559235317635e+00
-6.316974014043807983e-02 -9.636341929435729980e-01 -2.596511840820312500e-01 -6.110162425997308633e-01
9.329990744590759277e-01 3.533904626965522766e-02 -3.581392467021942139e-01 -4.317162963976500234e-01
0.000000000000000000e+00 0.000000000000000000e+00 0.000000000000000000e+00 1.000000000000000000e+00
3.331446051597595215e-01 -3.046966195106506348e-01 8.922861218452453613e-01 4.580905417610177111e+00
-2.935516834259033203e-02 -9.492386579513549805e-01 -3.131845891475677490e-01 -1.010404887312967626e+00
9.424188137054443359e-01 7.814253121614456177e-02 -3.251781165599822998e-01 -3.162487333694387059e-01
0.000000000000000000e+00 0.000000000000000000e+00 0.000000000000000000e+00 1.000000000000000000e+00
3.393981158733367920e-01 -3.560297489166259766e-01 8.706615567207336426e-01 4.337832446298718558e+00
8.783453144133090973e-03 -9.243629574775695801e-01 -3.814131021499633789e-01 -1.376311842701431143e+00
9.406018257141113281e-01 1.370983123779296875e-01 -3.105999827384948730e-01 -2.739965787144820197e-01
0.000000000000000000e+00 0.000000000000000000e+00 0.000000000000000000e+00 1.000000000000000000e+00
3.798057734966278076e-01 -3.771519660949707031e-01 8.446915745735168457e-01 4.128598202068602063e+00
6.007347628474235535e-02 -9.011316299438476562e-01 -4.293635487556457520e-01 -1.613482530499458445e+00
9.231135845184326172e-01 2.138183414936065674e-01 -3.195981085300445557e-01 -3.597493297158499415e-01
0.000000000000000000e+00 0.000000000000000000e+00 0.000000000000000000e+00 1.000000000000000000e+00
4.362300634384155273e-01 -4.125892221927642822e-01 7.996706962585449219e-01 3.817887061660198977e+00
1.220728754997253418e-01 -8.533354401588439941e-01 -5.068697929382324219e-01 -2.003045543770172188e+00
8.915166854858398438e-01 3.187298476696014404e-01 -3.218846619129180908e-01 -4.313672942227096407e-01
0.000000000000000000e+00 0.000000000000000000e+00 0.000000000000000000e+00 1.000000000000000000e+00
4.499551653861999512e-01 -4.530235826969146729e-01 7.696166038513183594e-01 3.619058201206417191e+00
1.482081711292266846e-01 -8.119531273841857910e-01 -5.645939707756042480e-01 -2.283733370300248033e+00
8.806672096252441406e-01 3.681054413318634033e-01 -2.982007265090942383e-01 -3.638781802047444947e-01
0.000000000000000000e+00 0.000000000000000000e+00 0.000000000000000000e+00 1.000000000000000000e+00
4.521400034427642822e-01 -4.999621808528900146e-01 7.386519908905029297e-01 3.395485701618573771e+00
1.678695529699325562e-01 -7.656373977661132812e-01 -6.209827661514282227e-01 -2.535241122999464469e+00
8.760074377059936523e-01 4.047683477401733398e-01 -2.622469365596771240e-01 -2.417476939385183043e-01
0.000000000000000000e+00 0.000000000000000000e+00 0.000000000000000000e+00 1.000000000000000000e+00
4.770038425922393799e-01 -5.132015347480773926e-01 7.135064005851745605e-01 3.209612976482362878e+00
1.684765964746475220e-01 -7.433706521987915039e-01 -6.473140716552734375e-01 -2.655384972915622477e+00
8.626022338867187500e-01 4.289803802967071533e-01 -2.681281268596649170e-01 -2.979371557092195255e-01
0.000000000000000000e+00 0.000000000000000000e+00 0.000000000000000000e+00 1.000000000000000000e+00
4.905135929584503174e-01 -5.217040181159973145e-01 6.980124115943908691e-01 3.062366597802884449e+00
1.867318749427795410e-01 -7.194623947143554688e-01 -6.689577102661132812e-01 -2.738729231931998243e+00
8.511917591094970703e-01 4.584740102291107178e-01 -2.554875314235687256e-01 -2.800340782496429926e-01
0.000000000000000000e+00 0.000000000000000000e+00 0.000000000000000000e+00 1.000000000000000000e+00
4.696785509586334229e-01 -5.708349347114562988e-01 6.734607219696044922e-01 2.862395891120119717e+00
1.841083168983459473e-01 -6.827325224876403809e-01 -7.070929408073425293e-01 -2.887871015828762378e+00
8.634268641471862793e-01 4.560960829257965088e-01 -2.155694961547851562e-01 -1.600227162256491198e-01
0.000000000000000000e+00 0.000000000000000000e+00 0.000000000000000000e+00 1.000000000000000000e+00
3.981621563434600830e-01 -6.560173630714416504e-01 6.411770582199096680e-01 2.577696424467747160e+00
1.508269757032394409e-01 -6.426401138305664062e-01 -7.511752843856811523e-01 -3.034258083297514563e+00
9.048303961753845215e-01 3.957965672016143799e-01 -1.569298952817916870e-01 -3.520265854795887744e-02
0.000000000000000000e+00 0.000000000000000000e+00 0.000000000000000000e+00 1.000000000000000000e+00
3.124815225601196289e-01 -7.126885056495666504e-01 6.280369162559509277e-01 2.461627308870379061e+00
1.380415260791778564e-01 -6.200577616691589355e-01 -7.723166942596435547e-01 -3.095182275931805282e+00
9.398404359817504883e-01 3.280298411846160889e-01 -9.537594020366668701e-02 1.358942363717145774e-01
0.000000000000000000e+00 0.000000000000000000e+00 0.000000000000000000e+00 1.000000000000000000e+00
3.728778660297393799e-01 -7.405606508255004883e-01 5.590454339981079102e-01 2.129624853286960384e+00
1.324162185192108154e-01 -5.538604259490966797e-01 -8.220124244689941406e-01 -3.236580536870312663e+00
9.183834195137023926e-01 3.805368840694427490e-01 -1.084601506590843201e-01 -5.158656458582810272e-02
0.000000000000000000e+00 0.000000000000000000e+00 0.000000000000000000e+00 1.000000000000000000e+00
4.947886168956756592e-01 -7.074739336967468262e-01 5.046429634094238281e-01 1.864281217888885234e+00
1.236739531159400940e-01 -5.174708366394042969e-01 -8.467164635658264160e-01 -3.274886650518430642e+00
8.601678609848022461e-01 4.813567698001861572e-01 -1.685424745082855225e-01 -3.779643811918118601e-01
0.000000000000000000e+00 0.000000000000000000e+00 0.000000000000000000e+00 1.000000000000000000e+00
6.245774030685424805e-01 -6.682092547416687012e-01 4.042266011238098145e-01 1.407801055364168219e+00
4.711978510022163391e-02 -4.844139516353607178e-01 -8.735690712928771973e-01 -3.277852474572443331e+00
7.795399427413940430e-01 5.646585226058959961e-01 -2.710680961608886719e-01 -8.172278636555916354e-01
0.000000000000000000e+00 0.000000000000000000e+00 0.000000000000000000e+00 1.000000000000000000e+00
7.123929262161254883e-01 -6.296148300170898438e-01 3.099701404571533203e-01 1.090130307627519501e+00
-1.298304460942745209e-02 -4.534393250942230225e-01 -8.911928534507751465e-01 -3.233836336141716838e+00
7.016609907150268555e-01 6.308547854423522949e-01 -3.312012553215026855e-01 -1.044058394775073451e+00
0.000000000000000000e+00 0.000000000000000000e+00 0.000000000000000000e+00 1.000000000000000000e+00
7.132020592689514160e-01 -6.731602549552917480e-01 1.954431384801864624e-01 7.576443282804117274e-01
-8.957167714834213257e-02 -3.640589416027069092e-01 -9.270587563514709473e-01 -3.397070546121192525e+00
6.952120661735534668e-01 6.436741948127746582e-01 -3.199438452720642090e-01 -9.575334342996475456e-01
0.000000000000000000e+00 0.000000000000000000e+00 0.000000000000000000e+00 1.000000000000000000e+00
7.055440545082092285e-01 -7.054198980331420898e-01 6.774881482124328613e-02 3.059328866335502828e-01
-1.639060527086257935e-01 -2.554450333118438721e-01 -9.528285861015319824e-01 -3.614803459573251221e+00
6.894503831863403320e-01 6.611585021018981934e-01 -2.958503961563110352e-01 -8.208912456382836398e-01
0.000000000000000000e+00 0.000000000000000000e+00 0.000000000000000000e+00 1.000000000000000000e+00
7.165321707725524902e-01 -6.963307857513427734e-01 -4.129400476813316345e-02 -1.570383548678905006e-01
-1.988555938005447388e-01 -1.471657156944274902e-01 -9.689159393310546875e-01 -3.788082741817014654e+00
6.686090826988220215e-01 7.024710774421691895e-01 -2.439182102680206299e-01 -6.020258608024752212e-01
0.000000000000000000e+00 0.000000000000000000e+00 0.000000000000000000e+00 1.000000000000000000e+00
7.288353443145751953e-01 -6.685947775840759277e-01 -1.475806385278701782e-01 -6.898790468351154725e-01
-2.314515411853790283e-01 -3.772797062993049622e-02 -9.721146821975708008e-01 -3.884076792001951439e+00
6.443829536437988281e-01 7.426693439483642578e-01 -1.822448521852493286e-01 -3.693495680539199411e-01
0.000000000000000000e+00 0.000000000000000000e+00 0.000000000000000000e+00 1.000000000000000000e+00
7.371838092803955078e-01 -6.291338801383972168e-01 -2.464770227670669556e-01 -1.214961797059301629e+00
-2.440494000911712646e-01 9.224011003971099854e-02 -9.653661847114562988e-01 -3.951485996624830133e+00
6.300795078277587891e-01 7.718047499656677246e-01 -8.554183691740036011e-02 9.256858362518745678e-03
0.000000000000000000e+00 0.000000000000000000e+00 0.000000000000000000e+00 1.000000000000000000e+00
7.048055529594421387e-01 -6.970273256301879883e-01 -1.319170743227005005e-01 -6.227141834165796919e-01
-2.952870428562164307e-01 -1.191770508885383606e-01 -9.479463100433349609e-01 -3.647025546676530006e+00
6.450231075286865234e-01 7.070712447166442871e-01 -2.898198366165161133e-01 -9.799398104315502067e-01
0.000000000000000000e+00 0.000000000000000000e+00 0.000000000000000000e+00 1.000000000000000000e+00
6.846373081207275391e-01 -7.249583601951599121e-01 -7.554228603839874268e-02 -3.357991159400736669e-01
-3.738978207111358643e-01 -2.603435516357421875e-01 -8.901807665824890137e-01 -3.278958408695876070e+00
6.256772279739379883e-01 6.376961469650268555e-01 -4.493014216423034668e-01 -1.583389272876618792e+00
0.000000000000000000e+00 0.000000000000000000e+00 0.000000000000000000e+00 1.000000000000000000e+00
6.689751148223876953e-01 -7.431675195693969727e-01 1.320441160351037979e-02 4.717406316379881004e-02
-4.439965784549713135e-01 -4.137924611568450928e-01 -7.947598099708557129e-01 -2.729223833298090707e+00
5.961033701896667480e-01 5.258116126060485840e-01 -6.067805886268615723e-01 -2.131179832748499869e+00
0.000000000000000000e+00 0.000000000000000000e+00 0.000000000000000000e+00 1.000000000000000000e+00
6.494355201721191406e-01 -7.544426918029785156e-01 9.513001143932342529e-02 3.770488753003877758e-01
-5.083104372024536133e-01 -5.237575173377990723e-01 -6.835923790931701660e-01 -2.157076135848022602e+00
5.655562281608581543e-01 3.955935239791870117e-01 -7.236375212669372559e-01 -2.477495147283509613e+00
0.000000000000000000e+00 0.000000000000000000e+00 0.000000000000000000e+00 1.000000000000000000e+00
6.466944217681884766e-01 -7.535064220428466797e-01 1.183809861540794373e-01 4.601099544678813880e-01
-5.703723430633544922e-01 -5.807743072509765625e-01 -5.808410644531250000e-01 -1.697674989798875655e+00
5.064202547073364258e-01 3.081054389476776123e-01 -8.053628206253051758e-01 -2.702706905523630798e+00
0.000000000000000000e+00 0.000000000000000000e+00 0.000000000000000000e+00 1.000000000000000000e+00
6.284787654876708984e-01 -7.708417773246765137e-01 1.040048673748970032e-01 3.620382104083386676e-01
-6.593420505523681641e-01 -5.988972187042236328e-01 -4.545213580131530762e-01 -1.235490457160103306e+00
4.126522839069366455e-01 2.170821577310562134e-01 -8.846428990364074707e-01 -2.914319483506453867e+00
0.000000000000000000e+00 0.000000000000000000e+00 0.000000000000000000e+00 1.000000000000000000e+00
6.074824333190917969e-01 -7.829367518424987793e-01 1.340699195861816406e-01 4.140739089069782608e-01
-7.113829851150512695e-01 -6.113336086273193359e-01 -3.467060327529907227e-01 -8.263209223292153904e-01
3.534104824066162109e-01 1.152427196502685547e-01 -9.283425807952880859e-01 -3.005189610344127793e+00
0.000000000000000000e+00 0.000000000000000000e+00 0.000000000000000000e+00 1.000000000000000000e+00
5.949649810791015625e-01 -7.829018235206604004e-01 1.818832755088806152e-01 5.285198370153261216e-01
-7.515900731086730957e-01 -6.221141219139099121e-01 -2.192864120006561279e-01 -3.305519738869457380e-01
2.848318219184875488e-01 -6.233956199139356613e-03 -9.585571289062500000e-01 -3.041856663749390233e+00
0.000000000000000000e+00 0.000000000000000000e+00 0.000000000000000000e+00 1.000000000000000000e+00
5.818352699279785156e-01 -7.903866171836853027e-01 1.917195469141006470e-01 5.417007206067249170e-01
-7.795145511627197266e-01 -6.091884374618530273e-01 -1.457615494728088379e-01 -6.048701886221263119e-02
2.320013493299484253e-01 -6.463900953531265259e-02 -9.705653786659240723e-01 -3.053966582878148373e+00
0.000000000000000000e+00 0.000000000000000000e+00 0.000000000000000000e+00 1.000000000000000000e+00
5.546423196792602539e-01 -8.108161091804504395e-01 1.869463175535202026e-01 4.849715480038772064e-01
-8.234640955924987793e-01 -5.671248435974121094e-01 -1.661386527121067047e-02 3.880709592191907698e-01
1.194926500320434570e-01 -1.447288841009140015e-01 -9.822296500205993652e-01 -3.060646829738903119e+00
0.000000000000000000e+00 0.000000000000000000e+00 0.000000000000000000e+00 1.000000000000000000e+00
5.345680117607116699e-01 -8.256708979606628418e-01 1.802899092435836792e-01 4.263964733347658242e-01
-8.450984358787536621e-01 -5.205435752868652344e-01 1.218310520052909851e-01 8.739752143637977699e-01
-6.743620615452528000e-03 -2.174897342920303345e-01 -9.760392904281616211e-01 -3.003030717413186057e+00
0.000000000000000000e+00 0.000000000000000000e+00 0.000000000000000000e+00 1.000000000000000000e+00
5.346860289573669434e-01 -8.221721649169921875e-01 1.953036934137344360e-01 4.379167692609209350e-01
-8.379625082015991211e-01 -4.859754145145416260e-01 2.482870221138000488e-01 1.299970066668886259e+00
-1.092219799757003784e-01 -2.964127659797668457e-01 -9.487939476966857910e-01 -2.854274839844028300e+00
0.000000000000000000e+00 0.000000000000000000e+00 0.000000000000000000e+00 1.000000000000000000e+00
4.849291443824768066e-01 -8.464505672454833984e-01 2.199203819036483765e-01 5.159118110302927107e-01
-8.425608873367309570e-01 -3.847838640213012695e-01 3.768717944622039795e-01 1.741124986161493249e+00
-2.343816012144088745e-01 -3.680524528026580811e-01 -8.997792005538940430e-01 -2.607895573908801889e+00
0.000000000000000000e+00 0.000000000000000000e+00 0.000000000000000000e+00 1.000000000000000000e+00
4.664303064346313477e-01 -8.470057249069213867e-01 2.549975514411926270e-01 6.384352843604059746e-01
-8.229559659957885742e-01 -3.098281919956207275e-01 4.761824011802673340e-01 2.081265402635960271e+00
-3.243239521980285645e-01 -4.319576621055603027e-01 -8.415619134902954102e-01 -2.359406422170098772e+00
0.000000000000000000e+00 0.000000000000000000e+00 0.000000000000000000e+00 1.000000000000000000e+00
4.513231813907623291e-01 -8.423722982406616211e-01 2.944761514663696289e-01 8.180588071071857037e-01
-8.049705028533935547e-01 -2.418941408395767212e-01 5.417652130126953125e-01 2.299918538991585493e+00
-3.851360082626342773e-01 -4.815558195114135742e-01 -7.872574329376220703e-01 -2.134576403659701693e+00
0.000000000000000000e+00 0.000000000000000000e+00 0.000000000000000000e+00 1.000000000000000000e+00
4.331752657890319824e-01 -8.379400968551635742e-01 3.319872319698333740e-01 1.013519270787821780e+00
-7.877521514892578125e-01 -1.730002462863922119e-01 5.912000536918640137e-01 2.441371164111976633e+00
-4.379563629627227783e-01 -5.176169276237487793e-01 -7.350285649299621582e-01 -1.886562244079501793e+00
0.000000000000000000e+00 0.000000000000000000e+00 0.000000000000000000e+00 1.000000000000000000e+00
4.106134474277496338e-01 -8.434374332427978516e-01 3.464243710041046143e-01 1.147327974480269575e+00
-7.804766893386840820e-01 -1.286784112453460693e-01 6.117988824844360352e-01 2.466736221558667008e+00
-4.714367687702178955e-01 -5.215890407562255859e-01 -7.111204266548156738e-01 -1.717528923486519865e+00
0.000000000000000000e+00 0.000000000000000000e+00 0.000000000000000000e+00 1.000000000000000000e+00
3.381836712360382080e-01 -8.804798722267150879e-01 3.322452604770660400e-01 1.209471789837333500e+00
-7.761824727058410645e-01 -6.133282557129859924e-02 6.275181770324707031e-01 2.443721522136049540e+00
-5.321395397186279297e-01 -4.700993895530700684e-01 -7.041548490524291992e-01 -1.602196799690638551e+00
0.000000000000000000e+00 0.000000000000000000e+00 0.000000000000000000e+00 1.000000000000000000e+00
1.443033963441848755e-01 -9.525516629219055176e-01 2.679959237575531006e-01 1.159048316707097515e+00
-7.859219908714294434e-01 5.423209816217422485e-02 6.159427762031555176e-01 2.235575355181301127e+00
-6.012513041496276855e-01 -2.995065152645111084e-01 -7.408054471015930176e-01 -1.682651622280830983e+00
0.000000000000000000e+00 0.000000000000000000e+00 0.000000000000000000e+00 1.000000000000000000e+00
-3.236528858542442322e-02 -9.685593843460083008e-01 2.466682493686676025e-01 1.120554210130750183e+00
-7.909456491470336914e-01 1.757000982761383057e-01 5.861182212829589844e-01 2.014942489603643860e+00
-6.110299229621887207e-01 -1.761312782764434814e-01 -7.717643380165100098e-01 -1.793884805808324767e+00
0.000000000000000000e+00 0.000000000000000000e+00 0.000000000000000000e+00 1.000000000000000000e+00
-1.287982612848281860e-01 -9.469292759895324707e-01 2.945092320442199707e-01 1.241585743805113440e+00
-7.509241104125976562e-01 2.871031761169433594e-01 5.947138667106628418e-01 2.068459066432704496e+00
-6.477066874504089355e-01 -1.445559114217758179e-01 -7.480506300926208496e-01 -1.684513496305640734e+00
0.000000000000000000e+00 0.000000000000000000e+00 0.000000000000000000e+00 1.000000000000000000e+00
-1.440640091896057129e-01 -9.480311274528503418e-01 2.836943268775939941e-01 1.276645284065766939e+00
-7.133832573890686035e-01 2.981796860694885254e-01 6.341711878776550293e-01 2.251045139478018875e+00
-6.858059167861938477e-01 -1.110215559601783752e-01 -7.192665934562683105e-01 -1.530060887385210400e+00
0.000000000000000000e+00 0.000000000000000000e+00 0.000000000000000000e+00 1.000000000000000000e+00
-1.585666239261627197e-01 -9.239766001701354980e-01 3.480285704135894775e-01 1.546063852192054444e+00
-7.017245888710021973e-01 3.534305393695831299e-01 6.186028122901916504e-01 2.165861228292202068e+00
-6.945784091949462891e-01 -1.461303979158401489e-01 -7.044193744659423828e-01 -1.308230819349570861e+00
0.000000000000000000e+00 0.000000000000000000e+00 0.000000000000000000e+00 1.000000000000000000e+00
2.686170637607574463e-01 -8.915452361106872559e-01 3.646806776523590088e-01 1.068174916113945105e+00
-7.395654916763305664e-01 5.168150365352630615e-02 6.710976362228393555e-01 2.438338079263589364e+00
-6.171611547470092773e-01 -4.499734938144683838e-01 -6.454734802246093750e-01 -1.331386488667182677e+00
0.000000000000000000e+00 0.000000000000000000e+00 0.000000000000000000e+00 1.000000000000000000e+00
5.081472992897033691e-01 -8.163625597953796387e-01 2.744785249233245850e-01 5.917909155087880402e-01
-7.658135294914245605e-01 -2.824424207210540771e-01 5.777160525321960449e-01 2.338786944944297286e+00
-3.941014111042022705e-01 -5.037642121315002441e-01 -7.687038779258728027e-01 -2.177861800185763475e+00
0.000000000000000000e+00 0.000000000000000000e+00 0.000000000000000000e+00 1.000000000000000000e+00
5.190750360488891602e-01 -8.428561687469482422e-01 1.419665664434432983e-01 7.206120191299730804e-02
-7.822009325027465820e-01 -4.014736711978912354e-01 4.764247238636016846e-01 2.010524110164332967e+00
-3.445616960525512695e-01 -3.583465516567230225e-01 -8.676779270172119141e-01 -2.664170438535487406e+00
0.000000000000000000e+00 0.000000000000000000e+00 0.000000000000000000e+00 1.000000000000000000e+00
