0.1945655941963196 0.973014235496521 -0.1240468248724937 0.04309126734733582 
-0.9724220037460327 0.2079184055328369 0.1056671962141991 -0.004624767228960991 
0.128607302904129 0.100066639482975 0.9866340756416321 -0.3031162619590759 
0 0 0 1 

0.1127354502677917 0.985535204410553 -0.1265347748994827 0.04551149904727936 
-0.972619354724884 0.1355003863573074 0.188815250992775 -0.03316400572657585 
0.2032295763492584 0.1017840057611465 0.9738263487815857 -0.300348699092865 
0 0 0 1 

0.1894693076610565 0.9752825498580933 -0.1136883497238159 0.0407683402299881 
-0.9559657573699951 0.2096556425094604 0.2053623199462891 -0.03791886568069458 
0.2241217046976089 0.06977235525846481 0.9720603227615356 -0.2976942658424377 
0 0 0 1 

0.2686423659324646 0.9554954171180725 -0.1219007298350334 0.04108854383230209 
-0.941274106502533 0.2872777581214905 0.1774107366800308 -0.02716581523418427 
0.2045345157384872 0.06708195060491562 0.9765580296516418 -0.2964923977851868 
0 0 0 1 

0.3253130912780762 0.93837571144104 -0.1167145594954491 0.03771954774856567 
-0.9354084730148315 0.337422251701355 0.1056271567940712 -0.001634796615689993 
0.1385000497102737 0.07481390237808228 0.9875326156616211 -0.2965197861194611 
0 0 0 1 

0.3623644411563873 0.9201953411102295 -0.1480957865715027 0.04597226157784462 
-0.9298896789550781 0.3677148520946503 0.00952465832233429 0.03161346167325974 
0.06322154402732849 0.1342613697052002 0.9889271259307861 -0.2927100360393524 
0 0 0 1 

0.4003128409385681 0.9012871384620667 -0.1656231433153152 0.04969479143619537 
-0.9163689017295837 0.394540548324585 -0.06786447018384933 0.05852275341749191 
0.004179657902568579 0.1789389401674271 0.9838513135910034 -0.2875507175922394 
0 0 0 1 

0.3597559928894043 0.9015002250671387 -0.2405673563480377 0.06345869600772858 
-0.8945544958114624 0.4065448939800262 0.1857235133647919 -0.00224331533536315 
0.2652312219142914 0.1483855545520782 0.9526983499526978 -0.3164157569408417 
0 0 0 1 

0.2922616899013519 0.8886418342590332 -0.3534100651741028 0.1051973402500153 
-0.9150640964508057 0.3672462999820709 0.1666965633630753 0.005800767801702023 
0.2779220938682556 0.2746738493442535 0.92049640417099 -0.3066512048244476 
0 0 0 1 

0.9748895764350891 0.008720639161765575 -0.2225178480148315 0.02482900582253933 
-0.03134174644947052 0.994659960269928 -0.09833207726478577 0.03050569444894791 
0.2204720824956894 0.1028370261192322 0.9699569940567017 -0.2836134731769562 
0 0 0 1 

