1.000000000000000000e+00 0.000000000000000000e+00 0.000000000000000000e+00 -4.542167112231254578e-02
0.000000000000000000e+00 1.000000000000000000e+00 0.000000000000000000e+00 9.935460984706878662e-04
0.000000000000000000e+00 0.000000000000000000e+00 1.000000000000000000e+00 -2.875000238418579102e-01
0.000000000000000000e+00 0.000000000000000000e+00 0.000000000000000000e+00 1.000000000000000000e+00
9.965786933898925781e-01 8.112490922212600708e-02 1.580702513456344604e-02 -4.873383417725563049e-02
-8.082349598407745361e-02 9.965502023696899414e-01 -1.885733008384704590e-02 1.007975917309522629e-02
-1.728225871920585632e-02 1.751526445150375366e-02 9.996973276138305664e-01 -2.932991683483123779e-01
0.000000000000000000e+00 0.000000000000000000e+00 0.000000000000000000e+00 1.000000000000000000e+00
9.857218861579895020e-01 1.649727374315261841e-01 3.371493518352508545e-02 -5.221610143780708313e-02
-1.631661802530288696e-01 9.852937459945678711e-01 -5.072271078824996948e-02 2.525107376277446747e-02
-4.158701747655868530e-02 4.449730366468429565e-02 9.981434345245361328e-01 -2.925234138965606689e-01
0.000000000000000000e+00 0.000000000000000000e+00 0.000000000000000000e+00 1.000000000000000000e+00
9.667395949363708496e-01 2.535182833671569824e-01 3.380724042654037476e-02 -5.006187409162521362e-02
-2.502898871898651123e-01 9.649503827095031738e-01 -7.890145480632781982e-02 3.874624520540237427e-02
-5.262531712651252747e-02 6.781556457281112671e-02 9.963092207908630371e-01 -2.919813096523284912e-01
0.000000000000000000e+00 0.000000000000000000e+00 0.000000000000000000e+00 1.000000000000000000e+00
9.376574754714965820e-01 3.435701131820678711e-01 5.251291394233703613e-02 -5.297320336103439331e-02
-3.352940082550048828e-01 9.339667558670043945e-01 -1.236282214522361755e-01 5.711426213383674622e-02
-9.152033925056457520e-02 9.831362217664718628e-02 9.909381270408630371e-01 -2.890540659427642822e-01
0.000000000000000000e+00 0.000000000000000000e+00 0.000000000000000000e+00 1.000000000000000000e+00
8.930744528770446777e-01 4.488496482372283936e-01 3.084827959537506104e-02 -4.306728020310401917e-02
-4.407518804073333740e-01 8.866024613380432129e-01 -1.402634531259536743e-01 6.626784801483154297e-02
-9.030738472938537598e-02 1.116692870855331421e-01 9.896336793899536133e-01 -2.898614108562469482e-01
0.000000000000000000e+00 0.000000000000000000e+00 0.000000000000000000e+00 1.000000000000000000e+00
8.464018106460571289e-01 5.322517752647399902e-01 1.765843480825424194e-02 -3.600764274597167969e-02
-5.220950245857238770e-01 8.358739614486694336e-01 -1.695022433996200562e-01 7.932037115097045898e-02
-1.049781739711761475e-01 1.342476606369018555e-01 9.853716492652893066e-01 -2.885372638702392578e-01
0.000000000000000000e+00 0.000000000000000000e+00 0.000000000000000000e+00 1.000000000000000000e+00
7.924097776412963867e-01 6.099882125854492188e-01 -9.616187307983636856e-04 -2.718267403542995453e-02
-6.014626026153564453e-01 7.810698151588439941e-01 -1.678461134433746338e-01 8.252144604921340942e-02
-1.016331017017364502e-01 1.335812956094741821e-01 9.858127236366271973e-01 -2.896412312984466553e-01
0.000000000000000000e+00 0.000000000000000000e+00 0.000000000000000000e+00 1.000000000000000000e+00
7.215058207511901855e-01 6.917366385459899902e-01 -3.049125894904136658e-02 -1.293098926544189453e-02
-6.863718628883361816e-01 7.087197899818420410e-01 -1.631246060132980347e-01 8.375428617000579834e-02
-9.122953563928604126e-02 1.386236697435379028e-01 9.861340522766113281e-01 -2.905301153659820557e-01
0.000000000000000000e+00 0.000000000000000000e+00 0.000000000000000000e+00 1.000000000000000000e+00
6.447403430938720703e-01 7.639274001121520996e-01 -2.691006287932395935e-02 -8.695373311638832092e-03
-7.591708898544311523e-01 6.358206272125244141e-01 -1.392528712749481201e-01 7.916735112667083740e-02
-8.926916867494583130e-02 1.102112978696823120e-01 9.898911118507385254e-01 -2.933269441127777100e-01
0.000000000000000000e+00 0.000000000000000000e+00 0.000000000000000000e+00 1.000000000000000000e+00
5.519116520881652832e-01 8.329578042030334473e-01 -3.968126699328422546e-02 1.027500489726662636e-03
-8.318699598312377930e-01 5.466222763061523438e-01 -9.589762985706329346e-02 6.743776798248291016e-02
-5.818805471062660217e-02 8.593665808439254761e-02 9.945999383926391602e-01 -2.984696328639984131e-01
0.000000000000000000e+00 0.000000000000000000e+00 0.000000000000000000e+00 1.000000000000000000e+00
4.595973789691925049e-01 8.830469846725463867e-01 -9.485890716314315796e-02 2.466041967272758484e-02
-8.881162405014038086e-01 4.564280509948730469e-01 -5.406369641423225403e-02 5.494115129113197327e-02
-4.444515332579612732e-03 1.090932711958885193e-01 9.940215945243835449e-01 -3.022450208663940430e-01
0.000000000000000000e+00 0.000000000000000000e+00 0.000000000000000000e+00 1.000000000000000000e+00
3.538220226764678955e-01 9.287123680114746094e-01 -1.109206452965736389e-01 3.396118432283401489e-02
-9.350076913833618164e-01 3.542400896549224854e-01 -1.658123172819614410e-02 4.077716544270515442e-02
2.389333769679069519e-02 1.095784157514572144e-01 9.936909675598144531e-01 -3.036682903766632080e-01
0.000000000000000000e+00 0.000000000000000000e+00 0.000000000000000000e+00 1.000000000000000000e+00
2.722507119178771973e-01 9.549912214279174805e-01 -1.177759692072868347e-01 3.884732350707054138e-02
-9.593933820724487305e-01 2.787936031818389893e-01 4.287710413336753845e-02 1.796399429440498352e-02
7.378240674734115601e-02 1.013201624155044556e-01 9.921140074729919434e-01 -3.036364614963531494e-01
0.000000000000000000e+00 0.000000000000000000e+00 0.000000000000000000e+00 1.000000000000000000e+00
1.939722895622253418e-01 9.689936041831970215e-01 -1.530547440052032471e-01 5.137410014867782593e-02
-9.727441072463989258e-01 2.101898491382598877e-01 9.792056679725646973e-02 -2.505521988496184349e-03
1.270550489425659180e-01 1.298893094062805176e-01 9.833543896675109863e-01 -3.017658293247222900e-01
0.000000000000000000e+00 0.000000000000000000e+00 0.000000000000000000e+00 1.000000000000000000e+00
1.183501705527305603e-01 9.811241030693054199e-01 -1.529346704483032227e-01 5.317646637558937073e-02
-9.708625078201293945e-01 1.466545015573501587e-01 1.895219534635543823e-01 -3.391270712018013000e-02
2.083730697631835938e-01 1.260485500097274780e-01 9.698929786682128906e-01 -2.990455031394958496e-01
0.000000000000000000e+00 0.000000000000000000e+00 0.000000000000000000e+00 1.000000000000000000e+00
1.863487511873245239e-01 9.727320075035095215e-01 -1.380825191736221313e-01 4.764396697282791138e-02
-9.554304480552673340e-01 2.121729552745819092e-01 2.052693814039230347e-01 -3.824384883046150208e-02
2.289694398641586304e-01 9.367652982473373413e-02 9.689159393310546875e-01 -2.967878282070159912e-01
0.000000000000000000e+00 0.000000000000000000e+00 0.000000000000000000e+00 1.000000000000000000e+00
2.711917757987976074e-01 9.515608549118041992e-01 -1.448686718940734863e-01 4.740130901336669922e-02
-9.380599260330200195e-01 2.950065433979034424e-01 1.816992610692977905e-01 -2.870200201869010925e-02
2.156350016593933105e-01 8.662016689777374268e-02 9.726244211196899414e-01 -2.954364418983459473e-01
0.000000000000000000e+00 0.000000000000000000e+00 0.000000000000000000e+00 1.000000000000000000e+00
3.263007700443267822e-01 9.336813688278198242e-01 -1.475356966257095337e-01 4.632978141307830811e-02
-9.334345459938049316e-01 3.428851366043090820e-01 1.055001989006996155e-01 -1.856343587860465050e-03
1.490913629531860352e-01 1.032901331782341003e-01 9.834139943122863770e-01 -2.951487302780151367e-01
0.000000000000000000e+00 0.000000000000000000e+00 0.000000000000000000e+00 1.000000000000000000e+00
3.615069687366485596e-01 9.145507812500000000e-01 -1.814105957746505737e-01 5.550628900527954102e-02
-9.291880726814270020e-01 3.694473206996917725e-01 1.086021214723587036e-02 3.094919770956039429e-02
7.695388793945312500e-02 1.646386384963989258e-01 9.833475947380065918e-01 -2.911271452903747559e-01
0.000000000000000000e+00 0.000000000000000000e+00 0.000000000000000000e+00 1.000000000000000000e+00
4.030037820339202881e-01 8.949343562126159668e-01 -1.915207058191299438e-01 5.642810836434364319e-02
-9.150949120521545410e-01 3.971804976463317871e-01 -6.963331997394561768e-02 5.827279761433601379e-02
1.375103369355201721e-02 2.033221274614334106e-01 9.790154695510864258e-01 -2.860958278179168701e-01
0.000000000000000000e+00 0.000000000000000000e+00 0.000000000000000000e+00 1.000000000000000000e+00
4.572984278202056885e-01 8.608081936836242676e-01 -2.233552634716033936e-01 6.288572400808334351e-02
-8.881142735481262207e-01 4.290071129798889160e-01 -1.649413555860519409e-01 8.751578629016876221e-02
-4.616189748048782349e-02 2.737924158573150635e-01 9.606802463531494141e-01 -2.753862142562866211e-01
0.000000000000000000e+00 0.000000000000000000e+00 0.000000000000000000e+00 1.000000000000000000e+00
5.333653688430786133e-01 8.208202719688415527e-01 -2.043899148702621460e-01 5.150707438588142395e-02
-8.413337469100952148e-01 4.897451996803283691e-01 -2.287072837352752686e-01 1.047219857573509216e-01
-8.762864768505096436e-02 2.939447164535522461e-01 9.517970085144042969e-01 -2.690502703189849854e-01
0.000000000000000000e+00 0.000000000000000000e+00 0.000000000000000000e+00 1.000000000000000000e+00
5.958434343338012695e-01 7.773757576942443848e-01 -2.016372382640838623e-01 4.622158780694007874e-02
-7.935386896133422852e-01 5.312622785568237305e-01 -2.967430055141448975e-01 1.215949878096580505e-01
-1.235586106777191162e-01 3.368192613124847412e-01 9.334267377853393555e-01 -2.597968876361846924e-01
0.000000000000000000e+00 0.000000000000000000e+00 0.000000000000000000e+00 1.000000000000000000e+00
6.725748777389526367e-01 7.200516462326049805e-01 -1.707880049943923950e-01 3.115043789148330688e-02
-7.210867404937744141e-01 5.857856869697570801e-01 -3.699845671653747559e-01 1.366657763719558716e-01
-1.663629412651062012e-01 3.719953894615173340e-01 9.132047295570373535e-01 -2.496633678674697876e-01
0.000000000000000000e+00 0.000000000000000000e+00 0.000000000000000000e+00 1.000000000000000000e+00
7.353861927986145020e-01 6.583543419837951660e-01 -1.605509817600250244e-01 2.445110678672790527e-02
-6.494061350822448730e-01 6.169868707656860352e-01 -4.445211291313171387e-01 1.517107486724853516e-01
-1.935946047306060791e-01 4.311572313308715820e-01 8.812627196311950684e-01 -2.352231740951538086e-01
0.000000000000000000e+00 0.000000000000000000e+00 0.000000000000000000e+00 1.000000000000000000e+00
7.608898878097534180e-01 6.326838135719299316e-01 -1.440736949443817139e-01 1.727833971381187439e-02
-5.990544557571411133e-01 5.996029376983642578e-01 -5.306690335273742676e-01 1.712194830179214478e-01
-2.493589073419570923e-01 4.900886416435241699e-01 8.352439999580383301e-01 -2.144822925329208374e-01
0.000000000000000000e+00 0.000000000000000000e+00 0.000000000000000000e+00 1.000000000000000000e+00
7.930715084075927734e-01 5.908195376396179199e-01 -1.482221931219100952e-01 1.549660973250865936e-02
-5.354455709457397461e-01 5.601723790168762207e-01 -6.320638060569763184e-01 1.972972303628921509e-01
-2.904057800769805908e-01 5.806366801261901855e-01 7.606083154678344727e-01 -1.869778782129287720e-01
0.000000000000000000e+00 0.000000000000000000e+00 0.000000000000000000e+00 1.000000000000000000e+00
8.140079975128173828e-01 5.622326135635375977e-01 -1.458955407142639160e-01 1.314481906592845917e-02
-4.832872748374938965e-01 5.162318348884582520e-01 -7.070629596710205078e-01 2.169537991285324097e-01
-3.222178518772125244e-01 6.460642814636230469e-01 6.919366717338562012e-01 -1.626129448413848877e-01
0.000000000000000000e+00 0.000000000000000000e+00 0.000000000000000000e+00 1.000000000000000000e+00
8.430880904197692871e-01 5.196815133094787598e-01 -1.383247822523117065e-01 7.898005656898021698e-03
-4.161569476127624512e-01 4.675575494766235352e-01 -7.798737287521362305e-01 2.357070147991180420e-01
-3.406113088130950928e-01 7.150670886039733887e-01 6.104614138603210449e-01 -1.395752727985382080e-01
0.000000000000000000e+00 0.000000000000000000e+00 0.000000000000000000e+00 1.000000000000000000e+00
8.752191066741943359e-01 4.729013442993164062e-01 -1.017623692750930786e-01 -4.763158038258552551e-03
-3.304907381534576416e-01 4.309678673744201660e-01 -8.396681547164916992e-01 2.501637339591979980e-01
-3.532239794731140137e-01 7.685251832008361816e-01 5.334807634353637695e-01 -1.190965697169303894e-01
0.000000000000000000e+00 0.000000000000000000e+00 0.000000000000000000e+00 1.000000000000000000e+00
8.928654789924621582e-01 4.452298283576965332e-01 -6.754140555858612061e-02 -1.445350982248783112e-02
-2.283265888690948486e-01 3.183109164237976074e-01 -9.200789332389831543e-01 2.653644680976867676e-01
-3.881475031375885010e-01 8.369280695915222168e-01 3.858664035797119141e-01 -7.886907458305358887e-02
0.000000000000000000e+00 0.000000000000000000e+00 0.000000000000000000e+00 1.000000000000000000e+00
8.924037814140319824e-01 4.506615400314331055e-01 -2.279833890497684479e-02 -3.190328925848007202e-02
-7.960895448923110962e-02 1.075084507465362549e-01 -9.910118579864501953e-01 2.826869785785675049e-01
-4.441598355770111084e-01 8.861975073814392090e-01 1.318175792694091797e-01 -8.926081471145153046e-03
0.000000000000000000e+00 0.000000000000000000e+00 0.000000000000000000e+00 1.000000000000000000e+00
8.877750039100646973e-01 4.588143527507781982e-01 -3.667607530951499939e-02 -2.480507828295230865e-02
-8.287919312715530396e-02 8.096735179424285889e-02 -9.932652115821838379e-01 2.828609645366668701e-01
-4.527546465396881104e-01 8.848353624343872070e-01 1.099069193005561829e-01 -9.187588468194007874e-03
0.000000000000000000e+00 0.000000000000000000e+00 0.000000000000000000e+00 1.000000000000000000e+00
8.471044898033142090e-01 5.303440093994140625e-01 -3.389767557382583618e-02 -2.176247350871562958e-02
-1.024790480732917786e-01 1.004320234060287476e-01 -9.896522760391235352e-01 2.824827730655670166e-01
-5.214518904685974121e-01 8.418126702308654785e-01 1.394255608320236206e-01 -1.504678092896938324e-02
0.000000000000000000e+00 0.000000000000000000e+00 0.000000000000000000e+00 1.000000000000000000e+00
8.281969428062438965e-01 5.566902756690979004e-01 -6.469260156154632568e-02 -1.320618204772472382e-02
-2.267337888479232788e-01 2.272568196058273315e-01 -9.470723867416381836e-01 2.756181955337524414e-01
-5.125242471694946289e-01 7.990307211875915527e-01 3.144339621067047119e-01 -5.516362190246582031e-02
0.000000000000000000e+00 0.000000000000000000e+00 0.000000000000000000e+00 1.000000000000000000e+00
8.319839835166931152e-01 5.452162623405456543e-01 -1.026729792356491089e-01 -3.325875848531723022e-03
-3.115622401237487793e-01 3.060259521007537842e-01 -8.995979428291320801e-01 2.660594880580902100e-01
-4.590551555156707764e-01 7.804401516914367676e-01 4.244775772094726562e-01 -8.537102490663528442e-02
0.000000000000000000e+00 0.000000000000000000e+00 0.000000000000000000e+00 1.000000000000000000e+00
8.193759918212890625e-01 5.618708729743957520e-01 -1.136844232678413391e-01 -1.928759738802909851e-04
-3.708284497261047363e-01 3.682791292667388916e-01 -8.525590896606445312e-01 2.557733654975891113e-01
-4.371604323387145996e-01 7.407237291336059570e-01 5.101168751716613770e-01 -1.100039035081863403e-01
0.000000000000000000e+00 0.000000000000000000e+00 0.000000000000000000e+00 1.000000000000000000e+00
8.326359391212463379e-01 5.485956072807312012e-01 -7.589545100927352905e-02 -1.503482274711132050e-02
-4.500519335269927979e-01 5.903787016868591309e-01 -6.700044870376586914e-01 2.169074118137359619e-01
-3.227546215057373047e-01 5.920265913009643555e-01 7.384672164916992188e-01 -1.795635521411895752e-01
0.000000000000000000e+00 0.000000000000000000e+00 0.000000000000000000e+00 1.000000000000000000e+00
8.388385176658630371e-01 5.407462716102600098e-01 -6.279472261667251587e-02 -2.027896232903003693e-02
-4.632823467254638672e-01 6.485360860824584961e-01 -6.039616465568542480e-01 1.976265162229537964e-01
-2.858655452728271484e-01 5.357179641723632812e-01 7.945353984832763672e-01 -1.977119147777557373e-01
0.000000000000000000e+00 0.000000000000000000e+00 0.000000000000000000e+00 1.000000000000000000e+00
8.577761650085449219e-01 5.109295248985290527e-01 -5.631255730986595154e-02 -2.238584496080875397e-02
-4.579675793647766113e-01 7.098847627639770508e-01 -5.350972414016723633e-01 1.768671870231628418e-01
-2.334216088056564331e-01 4.847830832004547119e-01 8.429115414619445801e-01 -2.132855504751205444e-01
0.000000000000000000e+00 0.000000000000000000e+00 0.000000000000000000e+00 1.000000000000000000e+00
8.749950528144836426e-01 4.836143553256988525e-01 -2.237368002533912659e-02 -3.103069774806499481e-02
-4.522840380668640137e-01 8.000770211219787598e-01 -3.941008746623992920e-01 1.360764056444168091e-01
-1.726924329996109009e-01 3.549554944038391113e-01 9.187946915626525879e-01 -2.365924119949340820e-01
0.000000000000000000e+00 0.000000000000000000e+00 0.000000000000000000e+00 1.000000000000000000e+00
8.794964551925659180e-01 4.752462804317474365e-01 -2.504282258450984955e-02 -2.842420153319835663e-02
-4.652057886123657227e-01 8.474358916282653809e-01 -2.558038532733917236e-01 9.792456030845642090e-02
-1.003477275371551514e-01 2.366286218166351318e-01 9.664044976234436035e-01 -2.528560757637023926e-01
0.000000000000000000e+00 0.000000000000000000e+00 0.000000000000000000e+00 1.000000000000000000e+00
8.817871212959289551e-01 4.714071154594421387e-01 -1.504214387387037277e-02 -2.711809054017066956e-02
-4.715236425399780273e-01 8.803781270980834961e-01 -5.098482966423034668e-02 3.990576416254043579e-02
-1.079185586422681808e-02 5.205050483345985413e-02 9.985859990119934082e-01 -2.657457590103149414e-01
0.000000000000000000e+00 0.000000000000000000e+00 0.000000000000000000e+00 1.000000000000000000e+00
8.881767392158508301e-01 4.593119621276855469e-01 -1.322446111589670181e-02 -2.598236873745918274e-02
-4.583149254322052002e-01 8.875821232795715332e-01 4.631771147251129150e-02 1.126868091523647308e-02
3.301208093762397766e-02 -3.507735207676887512e-02 9.988392591476440430e-01 -2.684170603752136230e-01
0.000000000000000000e+00 0.000000000000000000e+00 0.000000000000000000e+00 1.000000000000000000e+00
8.944460749626159668e-01 4.470411241054534912e-01 -1.096509676426649094e-02 -2.629552595317363739e-02
-4.406099021434783936e-01 8.852348327636718750e-01 1.490710228681564331e-01 -2.030071616172790527e-02
7.634763419628143311e-02 -1.285046339035034180e-01 9.887657761573791504e-01 -2.677570283412933350e-01
0.000000000000000000e+00 0.000000000000000000e+00 0.000000000000000000e+00 1.000000000000000000e+00
8.962602615356445312e-01 4.434073269367218018e-01 -1.036718301475048065e-02 -2.609233744442462921e-02
-4.263084232807159424e-01 8.676773309707641602e-01 2.557280957698822021e-01 -5.379820987582206726e-02
1.223871335387229919e-01 -2.247792631387710571e-01 9.666929841041564941e-01 -2.630480825901031494e-01
0.000000000000000000e+00 0.000000000000000000e+00 0.000000000000000000e+00 1.000000000000000000e+00
9.009753465652465820e-01 4.336587190628051758e-01 -1.354102417826652527e-02 -2.479949966073036194e-02
-3.982977271080017090e-01 8.390792608261108398e-01 3.705463707447052002e-01 -9.177994728088378906e-02
1.720527857542037964e-01 -3.284597098827362061e-01 9.287151098251342773e-01 -2.532369196414947510e-01
0.000000000000000000e+00 0.000000000000000000e+00 0.000000000000000000e+00 1.000000000000000000e+00
9.055032730102539062e-01 4.242511689662933350e-01 -8.632593788206577301e-03 -2.745475061237812042e-02
-3.739988803863525391e-01 8.075275421142578125e-01 4.560963809490203857e-01 -1.200586333870887756e-01
2.004706412553787231e-01 -4.097681343555450439e-01 8.898884057998657227e-01 -2.438085824251174927e-01
0.000000000000000000e+00 0.000000000000000000e+00 0.000000000000000000e+00 1.000000000000000000e+00
9.172098040580749512e-01 3.983550071716308594e-01 -6.275886204093694687e-03 -3.099078871309757233e-02
-3.305062949657440186e-01 7.695959806442260742e-01 5.463399887084960938e-01 -1.503569036722183228e-01
2.224673181772232056e-01 -4.990341663360595703e-01 8.375398516654968262e-01 -2.309626638889312744e-01
0.000000000000000000e+00 0.000000000000000000e+00 0.000000000000000000e+00 1.000000000000000000e+00
9.103837013244628906e-01 4.133870601654052734e-01 1.767739281058311462e-02 -3.911733627319335938e-02
-3.321187496185302734e-01 7.045943737030029297e-01 6.270913481712341309e-01 -1.745254397392272949e-01
2.467762082815170288e-01 -5.767647027969360352e-01 7.787449359893798828e-01 -2.167747765779495239e-01
0.000000000000000000e+00 0.000000000000000000e+00 0.000000000000000000e+00 1.000000000000000000e+00
9.169551730155944824e-01 3.978304862976074219e-01 3.039785474538803101e-02 -4.510440677404403687e-02
-2.943695783615112305e-01 6.231222748756408691e-01 7.246137261390686035e-01 -2.056363373994827271e-01
2.693319022655487061e-01 -6.733865141868591309e-01 6.884844303131103516e-01 -1.919962167739868164e-01
0.000000000000000000e+00 0.000000000000000000e+00 0.000000000000000000e+00 1.000000000000000000e+00
9.266644120216369629e-01 3.722084462642669678e-01 5.247724056243896484e-02 -5.325404182076454163e-02
-2.651027739048004150e-01 5.481722950935363770e-01 7.932386994361877441e-01 -2.282897531986236572e-01
2.664836049079895020e-01 -7.489778995513916016e-01 6.066452264785766602e-01 -1.671831011772155762e-01
0.000000000000000000e+00 0.000000000000000000e+00 0.000000000000000000e+00 1.000000000000000000e+00
9.336696267127990723e-01 3.548542857170104980e-01 4.836775362491607666e-02 -5.396611243486404419e-02
-2.244545519351959229e-01 4.745593369007110596e-01 8.511248230934143066e-01 -2.481058388948440552e-01
2.790719568729400635e-01 -8.055257797241210938e-01 5.227302908897399902e-01 -1.435333043336868286e-01
0.000000000000000000e+00 0.000000000000000000e+00 0.000000000000000000e+00 1.000000000000000000e+00
9.435154199600219727e-01 3.272740244865417480e-01 5.167586356401443481e-02 -5.771988257765769958e-02
-1.900321543216705322e-01 4.067640900611877441e-01 8.935495615005493164e-01 -2.622815668582916260e-01
2.714156806468963623e-01 -8.528977632522583008e-01 4.459807574748992920e-01 -1.220128238201141357e-01
0.000000000000000000e+00 0.000000000000000000e+00 0.000000000000000000e+00 1.000000000000000000e+00
9.559280276298522949e-01 2.893532514572143555e-01 4.976138100028038025e-02 -6.038938090205192566e-02
-1.512887328863143921e-01 3.401981294155120850e-01 9.281038641929626465e-01 -2.758754789829254150e-01
2.516211569309234619e-01 -8.947288393974304199e-01 3.689808547496795654e-01 -9.833128005266189575e-02
0.000000000000000000e+00 0.000000000000000000e+00 0.000000000000000000e+00 1.000000000000000000e+00
9.586719274520874023e-01 2.743380963802337646e-01 7.541089504957199097e-02 -7.012371718883514404e-02
-1.488631516695022583e-01 2.577791512012481689e-01 9.546671509742736816e-01 -2.880033850669860840e-01
2.424622923135757446e-01 -9.264384508132934570e-01 2.879644334316253662e-01 -6.977036595344543457e-02
0.000000000000000000e+00 0.000000000000000000e+00 0.000000000000000000e+00 1.000000000000000000e+00
9.728623628616333008e-01 2.219238877296447754e-01 6.548659503459930420e-02 -7.083512097597122192e-02
-1.011469513177871704e-01 1.533401012420654297e-01 9.829831719398498535e-01 -3.009544312953948975e-01
2.081056982278823853e-01 -9.629313349723815918e-01 1.716257184743881226e-01 -2.917449735105037689e-02
0.000000000000000000e+00 0.000000000000000000e+00 0.000000000000000000e+00 1.000000000000000000e+00
9.929106235504150391e-01 1.170291230082511902e-01 2.080485224723815918e-02 -5.897906422615051270e-02
-3.686669468879699707e-02 1.368067413568496704e-01 9.899114370346069336e-01 -3.048572838306427002e-01
1.130022034049034119e-01 -9.836604595184326172e-01 1.401513516902923584e-01 -1.900972612202167511e-02
0.000000000000000000e+00 0.000000000000000000e+00 0.000000000000000000e+00 1.000000000000000000e+00
9.943877458572387695e-01 1.056855395436286926e-01 -4.866102710366249084e-03 -5.297056958079338074e-02
-2.173638530075550079e-02 2.490967661142349243e-01 9.682345390319824219e-01 -3.002297282218933105e-01
1.035405397415161133e-01 -9.626947045326232910e-01 2.499959468841552734e-01 -5.448458343744277954e-02
0.000000000000000000e+00 0.000000000000000000e+00 0.000000000000000000e+00 1.000000000000000000e+00
9.980864524841308594e-01 3.879589214920997620e-02 -4.814830794930458069e-02 -3.836282715201377869e-02
3.488760814070701599e-02 2.895679473876953125e-01 9.565213322639465332e-01 -3.076327443122863770e-01
5.105130001902580261e-02 -9.563707709312438965e-01 2.876603603363037109e-01 -6.411333382129669189e-02
0.000000000000000000e+00 0.000000000000000000e+00 0.000000000000000000e+00 1.000000000000000000e+00
9.890250563621520996e-01 -4.094997048377990723e-02 -1.419598460197448730e-01 -3.665402764454483986e-03
1.477478593587875366e-01 2.724955976009368896e-01 9.507452845573425293e-01 -3.183450102806091309e-01
-2.495778899174183607e-04 -9.612851738929748535e-01 2.755551934242248535e-01 -5.762720853090286255e-02
0.000000000000000000e+00 0.000000000000000000e+00 0.000000000000000000e+00 1.000000000000000000e+00
9.677292704582214355e-01 -5.976277962327003479e-02 -2.448028326034545898e-01 3.071522526443004608e-02
2.519185245037078857e-01 2.529156506061553955e-01 9.341148138046264648e-01 -3.228571712970733643e-01
6.089139264076948166e-03 -9.656407237052917480e-01 2.598091959953308105e-01 -5.133954063057899475e-02
0.000000000000000000e+00 0.000000000000000000e+00 0.000000000000000000e+00 1.000000000000000000e+00
9.724485278129577637e-01 -1.878108456730842590e-02 -2.323599755764007568e-01 2.517724409699440002e-02
2.275487184524536133e-01 2.930413782596588135e-01 9.286270737648010254e-01 -3.209252357482910156e-01
5.065044388175010681e-02 -9.559152126312255859e-01 2.892412245273590088e-01 -6.444925069808959961e-02
0.000000000000000000e+00 0.000000000000000000e+00 0.000000000000000000e+00 1.000000000000000000e+00
9.818413257598876953e-01 4.699647426605224609e-02 -1.837904006242752075e-01 5.584235768765211105e-03
1.581697314977645874e-01 3.320947587490081787e-01 9.298898577690124512e-01 -3.181487619876861572e-01
1.047373637557029724e-01 -9.420743584632873535e-01 3.186309635639190674e-01 -7.946408540010452271e-02
0.000000000000000000e+00 0.000000000000000000e+00 0.000000000000000000e+00 1.000000000000000000e+00
9.840728044509887695e-01 1.320753097534179688e-01 -1.189826652407646179e-01 -1.834785379469394684e-02
6.230363994836807251e-02 3.706160783767700195e-01 9.266940951347351074e-01 -3.119453489780426025e-01
1.664903014898300171e-01 -9.193474650382995605e-01 3.564844429492950439e-01 -9.965559840202331543e-02
0.000000000000000000e+00 0.000000000000000000e+00 0.000000000000000000e+00 1.000000000000000000e+00
9.765728116035461426e-01 2.147219032049179077e-01 -1.414023898541927338e-02 -5.395354703068733215e-02
-5.322030931711196899e-02 3.046752512454986572e-01 9.509680867195129395e-01 -3.130609393119812012e-01
2.085019052028656006e-01 -9.279370903968811035e-01 3.089651465415954590e-01 -8.824826776981353760e-02
0.000000000000000000e+00 0.000000000000000000e+00 0.000000000000000000e+00 1.000000000000000000e+00
