1.000000000000000000e+00 0.000000000000000000e+00 0.000000000000000000e+00 -1.792658120393753052e-02
0.000000000000000000e+00 1.000000000000000000e+00 0.000000000000000000e+00 2.243540808558464050e-02
0.000000000000000000e+00 0.000000000000000000e+00 1.000000000000000000e+00 -3.816788792610168457e-01
0.000000000000000000e+00 0.000000000000000000e+00 0.000000000000000000e+00 1.000000000000000000e+00
9.956434965133666992e-01 5.563955008983612061e-02 -7.481840252876281738e-02 1.365252491086721420e-02
-5.701186135411262512e-02 9.982398748397827148e-01 -1.633105985820293427e-02 2.564944699406623840e-02
7.377804070711135864e-02 2.052552998065948486e-02 9.970636367797851562e-01 -3.786672353744506836e-01
0.000000000000000000e+00 0.000000000000000000e+00 0.000000000000000000e+00 1.000000000000000000e+00
9.739236831665039062e-01 6.473138183355331421e-02 -2.174459993839263916e-01 7.159397751092910767e-02
-7.022865861654281616e-02 9.973749518394470215e-01 -1.764047518372535706e-02 2.689267881214618683e-02
2.157332897186279297e-01 3.245148062705993652e-02 9.759128689765930176e-01 -3.694340288639068604e-01
0.000000000000000000e+00 0.000000000000000000e+00 0.000000000000000000e+00 1.000000000000000000e+00
9.412531256675720215e-01 6.040594726800918579e-02 -3.322560787200927734e-01 1.186854541301727295e-01
-5.782802030444145203e-02 9.981704950332641602e-01 1.765087246894836426e-02 1.430889032781124115e-02
3.327143788337707520e-01 2.599785337224602699e-03 9.430240392684936523e-01 -3.567798435688018799e-01
0.000000000000000000e+00 0.000000000000000000e+00 0.000000000000000000e+00 1.000000000000000000e+00
9.125069379806518555e-01 7.031449675559997559e-02 -4.029723107814788818e-01 1.483474075794219971e-01
-5.755104869604110718e-02 9.973850250244140625e-01 4.371239244937896729e-02 7.783036679029464722e-03
4.049922525882720947e-01 -1.669633761048316956e-02 9.141675233840942383e-01 -3.443466424942016602e-01
0.000000000000000000e+00 0.000000000000000000e+00 0.000000000000000000e+00 1.000000000000000000e+00
1.186950132250785828e-01 7.407470047473907471e-02 -9.901637434959411621e-01 4.020361900329589844e-01
-1.726890727877616882e-02 9.972165226936340332e-01 7.253222912549972534e-02 -4.311507655074819922e-05
9.927805066108703613e-01 8.489843457937240601e-03 1.196438372135162354e-01 -4.482106864452362061e-02
0.000000000000000000e+00 0.000000000000000000e+00 0.000000000000000000e+00 1.000000000000000000e+00
1.052953153848648071e-01 9.354536235332489014e-02 -9.900314211845397949e-01 3.993559181690216064e-01
-7.940294221043586731e-03 9.956130981445312500e-01 9.322828799486160278e-02 -3.476034151390194893e-03
9.944093227386474609e-01 -1.955358078703284264e-03 1.055762395262718201e-01 -3.253121301531791687e-02
0.000000000000000000e+00 0.000000000000000000e+00 0.000000000000000000e+00 1.000000000000000000e+00
1.021065115928649902e-01 8.922012150287628174e-02 -9.907642006874084473e-01 3.956008851528167725e-01
-1.142760086804628372e-02 9.960092902183532715e-01 8.851475268602371216e-02 2.313369419425725937e-03
9.947077035903930664e-01 2.284137299284338951e-03 1.027186661958694458e-01 -2.343612723052501678e-02
0.000000000000000000e+00 0.000000000000000000e+00 0.000000000000000000e+00 1.000000000000000000e+00
1.226977184414863586e-01 8.384051918983459473e-02 -9.888963699340820312e-01 3.907820582389831543e-01
-1.668246276676654816e-02 9.964586496353149414e-01 8.241178840398788452e-02 6.880669854581356049e-03
9.923036098480224609e-01 6.385493557900190353e-03 1.236618533730506897e-01 -2.196799591183662415e-02
0.000000000000000000e+00 0.000000000000000000e+00 0.000000000000000000e+00 1.000000000000000000e+00
1.327017694711685181e-01 8.749749511480331421e-02 -9.872863888740539551e-01 3.876891136169433594e-01
-3.582327440381050110e-02 9.958683848381042480e-01 8.344308286905288696e-02 8.356817997992038727e-03
9.905083775520324707e-01 2.429480664432048798e-02 1.352879852056503296e-01 -1.704136282205581665e-02
0.000000000000000000e+00 0.000000000000000000e+00 0.000000000000000000e+00 1.000000000000000000e+00
1.603958308696746826e-01 7.727520912885665894e-02 -9.840230941772460938e-01 3.839227557182312012e-01
-6.050854548811912537e-02 9.958255290985107422e-01 6.833913177251815796e-02 1.639194786548614502e-02
9.851964116096496582e-01 4.858051612973213196e-02 1.644020825624465942e-01 -1.815154030919075012e-02
0.000000000000000000e+00 0.000000000000000000e+00 0.000000000000000000e+00 1.000000000000000000e+00
1.589976251125335693e-01 7.316278666257858276e-02 -9.845642447471618652e-01 3.825961649417877197e-01
-8.992861956357955933e-02 9.941781163215637207e-01 5.935460701584815979e-02 2.319148741662502289e-02
9.831746816635131836e-01 7.910327613353729248e-02 1.646513640880584717e-01 -9.491655975580215454e-03
0.000000000000000000e+00 0.000000000000000000e+00 0.000000000000000000e+00 1.000000000000000000e+00
1.696568578481674194e-01 8.255732059478759766e-02 -9.820390343666076660e-01 3.826717138290405273e-01
-8.780886232852935791e-02 9.937879443168640137e-01 6.837520003318786621e-02 2.396787516772747040e-02
9.815832972526550293e-01 7.463139295578002930e-02 1.758521795272827148e-01 -8.260820060968399048e-03
0.000000000000000000e+00 0.000000000000000000e+00 0.000000000000000000e+00 1.000000000000000000e+00
1.771573871374130249e-01 9.541857987642288208e-02 -9.795461893081665039e-01 3.838652670383453369e-01
-1.168033182621002197e-01 9.902932047843933105e-01 7.534082978963851929e-02 2.482165582478046417e-02
9.772267341613769531e-01 1.010670587420463562e-01 1.865828931331634521e-01 -6.027762778103351593e-03
0.000000000000000000e+00 0.000000000000000000e+00 0.000000000000000000e+00 1.000000000000000000e+00
1.896439492702484131e-01 1.019076928496360779e-01 -9.765500426292419434e-01 3.850499689579010010e-01
-1.330072730779647827e-01 9.880971908569335938e-01 7.728292047977447510e-02 2.696080505847930908e-02
9.728022813796997070e-01 1.152319833636283875e-01 2.009411603212356567e-01 -5.387449637055397034e-03
0.000000000000000000e+00 0.000000000000000000e+00 0.000000000000000000e+00 1.000000000000000000e+00
1.946661174297332764e-01 1.146037131547927856e-01 -9.741514921188354492e-01 3.870116174221038818e-01
-1.569474190473556519e-01 9.839940667152404785e-01 8.439859002828598022e-02 2.659075707197189331e-02
9.682317376136779785e-01 1.364609748125076294e-01 2.095369845628738403e-01 -4.620883846655488014e-04
0.000000000000000000e+00 0.000000000000000000e+00 0.000000000000000000e+00 1.000000000000000000e+00
2.197316288948059082e-01 1.219578832387924194e-01 -9.679071307182312012e-01 3.889042735099792480e-01
-1.725996732711791992e-01 9.813635349273681641e-01 8.447031676769256592e-02 2.956222184002399445e-02
9.601703286170959473e-01 1.484997123479843140e-01 2.366865426301956177e-01 -2.033403376117348671e-03
0.000000000000000000e+00 0.000000000000000000e+00 0.000000000000000000e+00 1.000000000000000000e+00
2.648096382617950439e-01 1.259169727563858032e-01 -9.560444355010986328e-01 3.890047967433929443e-01
-1.971902698278427124e-01 9.775581359863281250e-01 7.413180172443389893e-02 3.494176268577575684e-02
9.439236521720886230e-01 1.688918173313140869e-01 2.836964726448059082e-01 -1.125166285783052444e-02
0.000000000000000000e+00 0.000000000000000000e+00 0.000000000000000000e+00 1.000000000000000000e+00
3.335636556148529053e-01 1.527497917413711548e-01 -9.302700757980346680e-01 3.930117487907409668e-01
-2.137283086776733398e-01 9.733447432518005371e-01 8.318679779767990112e-02 3.216050565242767334e-02
9.181804060935974121e-01 1.710769981145858765e-01 3.573194742202758789e-01 -2.393580041825771332e-02
0.000000000000000000e+00 0.000000000000000000e+00 0.000000000000000000e+00 1.000000000000000000e+00
3.932510018348693848e-01 2.074086368083953857e-01 -8.957316279411315918e-01 4.080457985401153564e-01
-2.216664999723434448e-01 9.668739438056945801e-01 1.265641301870346069e-01 1.683907769620418549e-02
8.923103213310241699e-01 1.487822830677032471e-01 4.261997342109680176e-01 -3.436229377985000610e-02
0.000000000000000000e+00 0.000000000000000000e+00 0.000000000000000000e+00 1.000000000000000000e+00
4.204553067684173584e-01 2.280178070068359375e-01 -8.781940340995788574e-01 4.131352305412292480e-01
-2.511995732784271240e-01 9.593255519866943359e-01 1.288156658411026001e-01 1.811325550079345703e-02
8.718463778495788574e-01 1.664408594369888306e-01 4.606314897537231445e-01 -4.876634851098060608e-02
0.000000000000000000e+00 0.000000000000000000e+00 0.000000000000000000e+00 1.000000000000000000e+00
3.963490724563598633e-01 2.357827275991439819e-01 -8.873071074485778809e-01 4.051463007926940918e-01
-1.830707490444183350e-01 9.673484563827514648e-01 1.752765923738479614e-01 -2.789042191579937935e-03
8.996624350547790527e-01 9.296928346157073975e-02 4.265726208686828613e-01 -4.320659115910530090e-02
0.000000000000000000e+00 0.000000000000000000e+00 0.000000000000000000e+00 1.000000000000000000e+00
3.955500423908233643e-01 2.362236827611923218e-01 -8.875463008880615234e-01 3.994463086128234863e-01
-1.514347791671752930e-01 9.699063301086425781e-01 1.906546205282211304e-01 -1.081526931375265121e-02
9.058738946914672852e-01 5.899196490645408630e-02 4.194190204143524170e-01 -4.376970231533050537e-02
0.000000000000000000e+00 0.000000000000000000e+00 0.000000000000000000e+00 1.000000000000000000e+00
3.455725312232971191e-01 2.536136209964752197e-01 -9.034709930419921875e-01 3.795583546161651611e-01
-4.875295236706733704e-02 9.663383364677429199e-01 2.526133358478546143e-01 -4.206841439008712769e-02
9.371247291564941406e-01 -4.324932396411895752e-02 3.463043570518493652e-01 -2.546818368136882782e-02
0.000000000000000000e+00 0.000000000000000000e+00 0.000000000000000000e+00 1.000000000000000000e+00
3.388079106807708740e-01 2.889058887958526611e-01 -8.954008221626281738e-01 3.587910234928131104e-01
-9.779921732842922211e-03 9.527179002761840820e-01 3.036989569664001465e-01 -7.073276489973068237e-02
9.408046603202819824e-01 -9.413862228393554688e-02 3.256137967109680176e-01 -2.197182178497314453e-02
0.000000000000000000e+00 0.000000000000000000e+00 0.000000000000000000e+00 1.000000000000000000e+00
3.643890321254730225e-01 3.406557738780975342e-01 -8.667030334472656250e-01 3.395513296127319336e-01
2.849284373223781586e-02 9.261770248413085938e-01 3.760111033916473389e-01 -9.930367022752761841e-02
9.308107495307922363e-01 -1.617091447114944458e-01 3.277825117111206055e-01 -2.497950568795204163e-02
0.000000000000000000e+00 0.000000000000000000e+00 0.000000000000000000e+00 1.000000000000000000e+00
3.991125822067260742e-01 3.607807159423828125e-01 -8.429391384124755859e-01 3.241603970527648926e-01
7.526178658008575439e-02 9.033412933349609375e-01 4.222678542137145996e-01 -1.168869733810424805e-01
9.138077497482299805e-01 -2.319734990596771240e-01 3.333818316459655762e-01 -2.982490323483943939e-02
0.000000000000000000e+00 0.000000000000000000e+00 0.000000000000000000e+00 1.000000000000000000e+00
4.706843495368957520e-01 3.878727555274963379e-01 -7.924712896347045898e-01 3.000807166099548340e-01
1.448419243097305298e-01 8.520321249961853027e-01 5.030527114868164062e-01 -1.469838023185729980e-01
8.703315258026123047e-01 -3.515620529651641846e-01 3.448579907417297363e-01 -3.845949470996856689e-02
0.000000000000000000e+00 0.000000000000000000e+00 0.000000000000000000e+00 1.000000000000000000e+00
4.950255751609802246e-01 4.201353490352630615e-01 -7.605497241020202637e-01 2.850013077259063721e-01
1.640348434448242188e-01 8.143939375877380371e-01 5.566461682319641113e-01 -1.672313809394836426e-01
8.532538414001464844e-01 -4.003107547760009766e-01 3.342289924621582031e-01 -3.751664236187934875e-02
0.000000000000000000e+00 0.000000000000000000e+00 0.000000000000000000e+00 1.000000000000000000e+00
5.038267970085144043e-01 4.645367264747619629e-01 -7.282609939575195312e-01 2.681308090686798096e-01
1.866728812456130981e-01 7.646099328994750977e-01 6.168669462203979492e-01 -1.869937032461166382e-01
8.433929681777954102e-01 -4.467406570911407471e-01 2.985146343708038330e-01 -2.831571735441684723e-02
0.000000000000000000e+00 0.000000000000000000e+00 0.000000000000000000e+00 1.000000000000000000e+00
5.528762340545654297e-01 4.613852500915527344e-01 -6.938669085502624512e-01 2.521896064281463623e-01
1.921275109052658081e-01 7.396874427795410156e-01 6.449414491653442383e-01 -1.965232193470001221e-01
8.108111619949340820e-01 -4.898836910724639893e-01 3.203108310699462891e-01 -3.744955733418464661e-02
0.000000000000000000e+00 0.000000000000000000e+00 0.000000000000000000e+00 1.000000000000000000e+00
5.686303377151489258e-01 4.665497541427612305e-01 -6.774885654449462891e-01 2.405177056789398193e-01
2.028136849403381348e-01 7.186596393585205078e-01 6.651276350021362305e-01 -2.029293179512023926e-01
7.971988916397094727e-01 -5.156157016754150391e-01 3.140289783477783203e-01 -3.751333802938461304e-02
0.000000000000000000e+00 0.000000000000000000e+00 0.000000000000000000e+00 1.000000000000000000e+00
5.613995790481567383e-01 5.051860809326171875e-01 -6.554521322250366211e-01 2.267109900712966919e-01
2.085860967636108398e-01 6.800891757011413574e-01 7.028303742408752441e-01 -2.135915011167526245e-01
8.008260130882263184e-01 -5.312867760658264160e-01 2.764270007610321045e-01 -2.882979623973369598e-02
0.000000000000000000e+00 0.000000000000000000e+00 0.000000000000000000e+00 1.000000000000000000e+00
5.301277041435241699e-01 5.774096846580505371e-01 -6.209368705749511719e-01 2.043544650077819824e-01
1.733542680740356445e-01 6.430338621139526367e-01 7.459596395492553711e-01 -2.249641120433807373e-01
8.300077319145202637e-01 -5.030959248542785645e-01 2.407936006784439087e-01 -2.484894171357154846e-02
0.000000000000000000e+00 0.000000000000000000e+00 0.000000000000000000e+00 1.000000000000000000e+00
5.025330781936645508e-01 6.126168370246887207e-01 -6.100499629974365234e-01 1.964700222015380859e-01
1.659701764583587646e-01 6.241376996040344238e-01 7.634828090667724609e-01 -2.280112355947494507e-01
8.484775424003601074e-01 -4.849254786968231201e-01 2.119736969470977783e-01 -2.070618979632854462e-02
0.000000000000000000e+00 0.000000000000000000e+00 0.000000000000000000e+00 1.000000000000000000e+00
5.568947196006774902e-01 6.287990212440490723e-01 -5.426602363586425781e-01 1.698628216981887817e-01
1.595802158117294312e-01 5.601738095283508301e-01 8.128588199615478516e-01 -2.389018088579177856e-01
8.151088356971740723e-01 -5.392746329307556152e-01 2.116139233112335205e-01 -2.954136021435260773e-02
0.000000000000000000e+00 0.000000000000000000e+00 0.000000000000000000e+00 1.000000000000000000e+00
6.815124154090881348e-01 5.650819540023803711e-01 -4.649979770183563232e-01 1.416787952184677124e-01
1.518044769763946533e-01 5.124263763427734375e-01 8.452067971229553223e-01 -2.445952892303466797e-01
7.158883213996887207e-01 -6.466076970100402832e-01 2.634429931640625000e-01 -5.066755414009094238e-02
0.000000000000000000e+00 0.000000000000000000e+00 0.000000000000000000e+00 1.000000000000000000e+00
7.812101840972900391e-01 5.138694643974304199e-01 -3.544695973396301270e-01 1.037239134311676025e-01
8.029310405254364014e-02 4.803904294967651367e-01 8.733714818954467773e-01 -2.451801598072052002e-01
6.190828680992126465e-01 -7.107481360435485840e-01 3.340257406234741211e-01 -7.332301884889602661e-02
0.000000000000000000e+00 0.000000000000000000e+00 0.000000000000000000e+00 1.000000000000000000e+00
8.540390729904174805e-01 4.590125381946563721e-01 -2.447953075170516968e-01 7.535777986049652100e-02
1.912909746170043945e-02 4.425426423549652100e-01 8.965434432029724121e-01 -2.433212548494338989e-01
5.198570489883422852e-01 -7.703657746315002441e-01 3.691681921482086182e-01 -8.423172682523727417e-02
0.000000000000000000e+00 0.000000000000000000e+00 0.000000000000000000e+00 1.000000000000000000e+00
