1.000000000000000000e+00 0.000000000000000000e+00 0.000000000000000000e+00 -4.096739311332171507e-01
0.000000000000000000e+00 -1.000000000000000000e+00 0.000000000000000000e+00 -1.964994255000929863e-02
0.000000000000000000e+00 0.000000000000000000e+00 -1.000000000000000000e+00 -2.664639050480994698e+00
0.000000000000000000e+00 0.000000000000000000e+00 0.000000000000000000e+00 1.000000000000000000e+00
9.961728453636169434e-01 -8.436276018619537354e-02 -2.286915481090545654e-02 -4.603075417524560842e-01
-8.396040648221969604e-02 -9.963061809539794922e-01 1.801807619631290436e-02 6.677489329479380231e-02
-2.430473826825618744e-02 -1.602901145815849304e-02 -9.995759725570678711e-01 -2.715870033049038401e+00
0.000000000000000000e+00 0.000000000000000000e+00 0.000000000000000000e+00 1.000000000000000000e+00
9.856797456741333008e-01 -1.642801165580749512e-01 -3.804502263665199280e-02 -4.841414028458432828e-01
-1.623468399047851562e-01 -9.855004549026489258e-01 4.931418597698211670e-02 2.011245051082562740e-01
-4.559479653835296631e-02 -4.243147000670433044e-02 -9.980583786964416504e-01 -2.709601266523053553e+00
0.000000000000000000e+00 0.000000000000000000e+00 0.000000000000000000e+00 1.000000000000000000e+00
9.654279947280883789e-01 -2.574225068092346191e-01 -4.101447761058807373e-02 -4.719473440052141533e-01
-2.537505328655242920e-01 -9.641076326370239258e-01 7.814700156450271606e-02 3.296343913523825386e-01
-5.965918302536010742e-02 -6.503788381814956665e-02 -9.960978627204895020e-01 -2.704613129693657303e+00
0.000000000000000000e+00 0.000000000000000000e+00 0.000000000000000000e+00 1.000000000000000000e+00
9.364151954650878906e-01 -3.465154469013214111e-01 -5.526407808065414429e-02 -4.843924377233419509e-01
-3.380491435527801514e-01 -9.330999851226806641e-01 1.226680055260658264e-01 4.985047739200010875e-01
-9.407328069210052490e-02 -9.618609398603439331e-02 -9.909080862998962402e-01 -2.678708041153318398e+00
0.000000000000000000e+00 0.000000000000000000e+00 0.000000000000000000e+00 1.000000000000000000e+00
8.914849162101745605e-01 -4.514251947402954102e-01 -3.833633288741111755e-02 -4.066848983750036006e-01
-4.426367878913879395e-01 -8.859085440635681152e-01 1.387040168046951294e-01 5.848924357006074493e-01
-9.657702594995498657e-02 -1.066835299134254456e-01 -9.895915985107421875e-01 -2.684909754669979165e+00
0.000000000000000000e+00 0.000000000000000000e+00 0.000000000000000000e+00 1.000000000000000000e+00
8.449679613113403320e-01 -5.344547033309936523e-01 -1.968400366604328156e-02 -3.272057315997672355e-01
-5.245447158813476562e-01 -8.353555798530578613e-01 1.644187867641448975e-01 6.917961108277648208e-01
-1.043176278471946716e-01 -1.286034286022186279e-01 -9.861943721771240234e-01 -2.675772609411817271e+00
0.000000000000000000e+00 0.000000000000000000e+00 0.000000000000000000e+00 1.000000000000000000e+00
7.923728227615356445e-01 -6.100309491157531738e-01 -2.725248923525214195e-03 -2.505295634233890567e-01
-6.006364226341247559e-01 -7.809355258941650391e-01 1.713931858539581299e-01 7.443424913194532921e-01
-1.066834256052970886e-01 -1.341703981161117554e-01 -9.851988554000854492e-01 -2.681974874805097997e+00
0.000000000000000000e+00 0.000000000000000000e+00 0.000000000000000000e+00 1.000000000000000000e+00
7.215077280998229980e-01 -6.918355226516723633e-01 2.811368741095066071e-02 -1.152924908896899303e-01
-6.863691806793212891e-01 -7.092766165733337402e-01 1.606977880001068115e-01 7.427579845590063234e-01
-9.123603999614715576e-02 -1.352410465478897095e-01 -9.866030216217041016e-01 -2.695749991177299520e+00
0.000000000000000000e+00 0.000000000000000000e+00 0.000000000000000000e+00 1.000000000000000000e+00
6.441342234611511230e-01 -7.644717097282409668e-01 2.595931291580200195e-02 -7.416655894047470554e-02
-7.595742344856262207e-01 -6.352680325508117676e-01 1.395756900310516357e-01 7.059977588426082917e-01
-9.021057188510894775e-02 -1.096234917640686035e-01 -9.898707866668701172e-01 -2.718537252753244982e+00
0.000000000000000000e+00 0.000000000000000000e+00 0.000000000000000000e+00 1.000000000000000000e+00
5.483208298683166504e-01 -8.355352878570556641e-01 3.499590232968330383e-02 9.109678911042891694e-03
-8.339073657989501953e-01 -5.431523323059082031e-01 9.789608418941497803e-02 6.014933673206729337e-01
-6.278754025697708130e-02 -8.286180347204208374e-02 -9.945810437202453613e-01 -2.764883851296442430e+00
0.000000000000000000e+00 0.000000000000000000e+00 0.000000000000000000e+00 1.000000000000000000e+00
4.594263732433319092e-01 -8.851276636123657227e-01 7.399889081716537476e-02 1.790018045863186469e-01
-8.880905508995056152e-01 -4.563658237457275391e-01 5.500462278723716736e-02 4.837768770557488995e-01
-1.491555571556091309e-02 -9.098830819129943848e-02 -9.957401156425476074e-01 -2.805454509135268282e+00
0.000000000000000000e+00 0.000000000000000000e+00 0.000000000000000000e+00 1.000000000000000000e+00
3.544878065586090088e-01 -9.297941923141479492e-01 9.910090267658233643e-02 2.918412059454666418e-01
-9.348589181900024414e-01 -3.546167612075805664e-01 1.690530776977539062e-02 3.502924784362814181e-01
1.942438073456287384e-02 -9.863808006048202515e-02 -9.949336647987365723e-01 -2.817972174628919024e+00
0.000000000000000000e+00 0.000000000000000000e+00 0.000000000000000000e+00 1.000000000000000000e+00
2.716171443462371826e-01 -9.557903409004211426e-01 1.126429960131645203e-01 3.589938634912863691e-01
-9.595844149589538574e-01 -2.779145240783691406e-01 -4.428549110889434814e-02 1.358314303256386302e-01
7.363275438547134399e-02 -9.606178104877471924e-02 -9.926481246948242188e-01 -2.816649326370904927e+00
0.000000000000000000e+00 0.000000000000000000e+00 0.000000000000000000e+00 1.000000000000000000e+00
1.917779296636581421e-01 -9.703601598739624023e-01 1.470449417829513550e-01 4.722770943758828333e-01
-9.734951853752136230e-01 -2.071021050214767456e-01 -9.703680872917175293e-02 -4.880542269923622556e-02
1.246139630675315857e-01 -1.245380118489265442e-01 -9.843587279319763184e-01 -2.801664496447778152e+00
0.000000000000000000e+00 0.000000000000000000e+00 0.000000000000000000e+00 1.000000000000000000e+00
1.127149462699890137e-01 -9.821186065673828125e-01 1.507931351661682129e-01 5.004928558316538156e-01
-9.707392454147338867e-01 -1.412286609411239624e-01 -1.942159235477447510e-01 -3.540039443454944257e-01
2.120393663644790649e-01 -1.244897618889808655e-01 -9.692995548248291016e-01 -2.771658136806298689e+00
0.000000000000000000e+00 0.000000000000000000e+00 0.000000000000000000e+00 1.000000000000000000e+00
1.885355859994888306e-01 -9.731085896492004395e-01 1.323408037424087524e-01 4.377975332837068523e-01
-9.542016983032226562e-01 -2.133881598711013794e-01 -2.096767425537109375e-01 -3.946059901670800341e-01
2.322781682014465332e-01 -8.674830943346023560e-02 -9.687733054161071777e-01 -2.750886880523021993e+00
0.000000000000000000e+00 0.000000000000000000e+00 0.000000000000000000e+00 1.000000000000000000e+00
2.712616920471191406e-01 -9.523271918296813965e-01 1.396070867776870728e-01 4.348044649277099105e-01
-9.389619231224060059e-01 -2.937125861644744873e-01 -1.791175603866577148e-01 -2.857570361853292162e-01
2.115829139947891235e-01 -8.249802142381668091e-02 -9.738720655441284180e-01 -2.741127494375868778e+00
0.000000000000000000e+00 0.000000000000000000e+00 0.000000000000000000e+00 1.000000000000000000e+00
3.248572945594787598e-01 -9.351048469543457031e-01 1.415844410657882690e-01 4.252788675136822683e-01
-9.343804717063903809e-01 -3.404869735240936279e-01 -1.048892214894294739e-01 -4.517759598708541435e-02
1.462901383638381958e-01 -9.821975231170654297e-02 -9.843535423278808594e-01 -2.739281743020454130e+00
0.000000000000000000e+00 0.000000000000000000e+00 0.000000000000000000e+00 1.000000000000000000e+00
3.588639497756958008e-01 -9.174929261207580566e-01 1.715322136878967285e-01 5.007487541218657023e-01
-9.305914044380187988e-01 -3.659139871597290039e-01 -1.030586194247007370e-02 2.603826020980146705e-01
7.222157716751098633e-02 -1.559280306100845337e-01 -9.851247072219848633e-01 -2.703416937119921037e+00
0.000000000000000000e+00 0.000000000000000000e+00 0.000000000000000000e+00 1.000000000000000000e+00
3.988079726696014404e-01 -8.982537984848022461e-01 1.846408694982528687e-01 5.184062190385321234e-01
-9.169306159019470215e-01 -3.936237990856170654e-01 6.556083261966705322e-02 5.017217317222529838e-01
1.378872245550155640e-02 -1.954490691423416138e-01 -9.806168675422668457e-01 -2.658077237469818055e+00
0.000000000000000000e+00 0.000000000000000000e+00 0.000000000000000000e+00 1.000000000000000000e+00
4.570378661155700684e-01 -8.616369366645812988e-01 2.206755578517913818e-01 5.871272064613766162e-01
-8.883244991302490234e-01 -4.297275543212890625e-01 1.619069725275039673e-01 7.760136557695823667e-01
-4.467475786805152893e-02 -2.700291275978088379e-01 -9.618151187896728516e-01 -2.555546839632857559e+00
0.000000000000000000e+00 0.000000000000000000e+00 0.000000000000000000e+00 1.000000000000000000e+00
5.303626656532287598e-01 -8.225026726722717285e-01 2.054387629032135010e-01 4.928005580568032284e-01
-8.429572582244873047e-01 -4.858456552028656006e-01 2.310358285903930664e-01 9.491532178999603220e-01
-9.021595865488052368e-02 -2.957087457180023193e-01 -9.510084986686706543e-01 -2.490510663416825476e+00
0.000000000000000000e+00 0.000000000000000000e+00 0.000000000000000000e+00 1.000000000000000000e+00
5.932210683822631836e-01 -7.795212268829345703e-01 2.010872066020965576e-01 4.396482515287010728e-01
-7.954850792884826660e-01 -5.292289257049560547e-01 2.951618134975433350e-01 1.094336504062809023e+00
-1.236637458205223083e-01 -3.350577950477600098e-01 -9.340469241142272949e-01 -2.411475032982583588e+00
0.000000000000000000e+00 0.000000000000000000e+00 0.000000000000000000e+00 1.000000000000000000e+00
6.749768853187561035e-01 -7.182611227035522461e-01 1.688414067029953003e-01 2.945312595448235649e-01
-7.190567851066589355e-01 -5.890372991561889648e-01 3.687714636325836182e-01 1.235792415534531674e+00
-1.654204279184341431e-01 -3.703185021877288818e-01 -9.140565991401672363e-01 -2.315934842383033931e+00
0.000000000000000000e+00 0.000000000000000000e+00 0.000000000000000000e+00 1.000000000000000000e+00
7.335477471351623535e-01 -6.608130335807800293e-01 1.588512212038040161e-01 2.336318642411966962e-01
-6.508211493492126465e-01 -6.156510114669799805e-01 4.443035423755645752e-01 1.378220595641447055e+00
-1.958047300577163696e-01 -4.293016195297241211e-01 -8.816806077957153320e-01 -2.180775291268293170e+00
0.000000000000000000e+00 0.000000000000000000e+00 0.000000000000000000e+00 1.000000000000000000e+00
7.567868232727050781e-01 -6.391375660896301270e-01 1.370284557342529297e-01 1.569606802005424073e-01
-6.017363667488098145e-01 -5.993083119392395020e-01 5.279608368873596191e-01 1.552698734513507928e+00
-2.553174197673797607e-01 -4.820087552070617676e-01 -8.381410837173461914e-01 -1.993564530959111902e+00
0.000000000000000000e+00 0.000000000000000000e+00 0.000000000000000000e+00 1.000000000000000000e+00
7.923019528388977051e-01 -5.934166908264160156e-01 1.418240517377853394e-01 1.399854555091418207e-01
-5.327759981155395508e-01 -5.596229434013366699e-01 6.348003149032592773e-01 1.806073292942429243e+00
-2.973333299160003662e-01 -5.785139799118041992e-01 -7.595486640930175781e-01 -1.727746672411077489e+00
0.000000000000000000e+00 0.000000000000000000e+00 0.000000000000000000e+00 1.000000000000000000e+00
8.104940056800842285e-01 -5.692811608314514160e-01 1.379070430994033813e-01 1.147712216431829163e-01
-4.834613204002380371e-01 -5.172328352928161621e-01 7.062117457389831543e-01 1.981475963122057316e+00
-3.307031691074371338e-01 -6.390530467033386230e-01 -6.944396495819091797e-01 -1.511077703913179526e+00
0.000000000000000000e+00 0.000000000000000000e+00 0.000000000000000000e+00 1.000000000000000000e+00
8.416501879692077637e-01 -5.225760340690612793e-01 1.361589282751083374e-01 8.358555340330844907e-02
-4.153717458248138428e-01 -4.653355777263641357e-01 7.816195487976074219e-01 2.162933547637440057e+00
-3.450960218906402588e-01 -7.144068479537963867e-01 -6.087130904197692871e-01 -1.286164388559039695e+00
0.000000000000000000e+00 0.000000000000000000e+00 0.000000000000000000e+00 1.000000000000000000e+00
8.717089295387268066e-01 -4.802670776844024658e-01 9.729853272438049316e-02 -3.993476026990257222e-02
-3.293804228305816650e-01 -4.272600114345550537e-01 8.419958949089050293e-01 2.297238517806192259e+00
-3.628112375736236572e-01 -7.660235762596130371e-01 -5.306370258331298828e-01 -1.091336075264721872e+00
0.000000000000000000e+00 0.000000000000000000e+00 0.000000000000000000e+00 1.000000000000000000e+00
8.906458616256713867e-01 -4.506142735481262207e-01 6.080069765448570251e-02 -1.331770789046813341e-01
-2.304975986480712891e-01 -3.321736156940460205e-01 9.146208167076110840e-01 2.429329634914024982e+00
-3.919448852539062500e-01 -8.286176323890686035e-01 -3.997146189212799072e-01 -7.615230867596091135e-01
0.000000000000000000e+00 0.000000000000000000e+00 0.000000000000000000e+00 1.000000000000000000e+00
8.679912686347961426e-01 -4.962776005268096924e-01 1.731180585920810699e-02 -2.775114494799678644e-01
-7.948414236307144165e-02 -1.044365838170051575e-01 9.913501739501953125e-01 2.589720709154458955e+00
-4.901769459247589111e-01 -8.618591427803039551e-01 -1.300961673259735107e-01 -7.083289748125864982e-02
0.000000000000000000e+00 0.000000000000000000e+00 0.000000000000000000e+00 1.000000000000000000e+00
8.700374960899353027e-01 -4.920414686203002930e-01 3.049518167972564697e-02 -2.279913706644837723e-01
-8.271527290344238281e-02 -8.471785485744476318e-02 9.929656386375427246e-01 2.592895931287327205e+00
-4.859968423843383789e-01 -8.664398789405822754e-01 -1.144070625305175781e-01 -8.171104963698373747e-02
0.000000000000000000e+00 0.000000000000000000e+00 0.000000000000000000e+00 1.000000000000000000e+00
8.351162075996398926e-01 -5.495105981826782227e-01 2.488310262560844421e-02 -2.080737122969664177e-01
-9.831242263317108154e-02 -1.045966297388076782e-01 9.896434545516967773e-01 2.592145379084198620e+00
-5.412167906761169434e-01 -8.289135098457336426e-01 -1.413740217685699463e-01 -1.383067127275991182e-01
0.000000000000000000e+00 0.000000000000000000e+00 0.000000000000000000e+00 1.000000000000000000e+00
8.127347826957702637e-01 -5.801860094070434570e-01 5.335221067070960999e-02 -1.309397452181973176e-01
-2.330763936042785645e-01 -2.398353666067123413e-01 9.424194097518920898e-01 2.519836020893877482e+00
-5.339826941490173340e-01 -7.783723473548889160e-01 -3.301501572132110596e-01 -5.368445604149681971e-01
0.000000000000000000e+00 0.000000000000000000e+00 0.000000000000000000e+00 1.000000000000000000e+00
8.271879553794860840e-01 -5.537886023521423340e-01 9.527954459190368652e-02 -3.195065773225475025e-02
-3.086413145065307617e-01 -3.060672581195831299e-01 9.005904793739318848e-01 2.440190842732902876e+00
-4.695748388767242432e-01 -7.743647694587707520e-01 -4.240972399711608887e-01 -7.865136467561176792e-01
0.000000000000000000e+00 0.000000000000000000e+00 0.000000000000000000e+00 1.000000000000000000e+00
8.157564401626586914e-01 -5.688682794570922852e-01 1.045480072498321533e-01 -9.008562427893376454e-03
-3.657477200031280518e-01 -3.673175871372222900e-01 8.551644682884216309e-01 2.349138650775922432e+00
-4.480737149715423584e-01 -7.358440756797790527e-01 -5.077039599418640137e-01 -1.007609493560925218e+00
0.000000000000000000e+00 0.000000000000000000e+00 0.000000000000000000e+00 1.000000000000000000e+00
8.324544429779052734e-01 -5.488582253456115723e-01 7.598772644996643066e-02 -1.267903315050386559e-01
-4.511991143226623535e-01 -5.918632745742797852e-01 6.679199337959289551e-01 1.976972649903285140e+00
-3.216190934181213379e-01 -5.902984738349914551e-01 -7.403436899185180664e-01 -1.670553766717740363e+00
0.000000000000000000e+00 0.000000000000000000e+00 0.000000000000000000e+00 1.000000000000000000e+00
8.353710174560546875e-01 -5.465272068977355957e-01 5.884832888841629028e-02 -1.850754786369017135e-01
-4.652784168720245361e-01 -6.460244059562683105e-01 6.051182150840759277e-01 1.807378343179450342e+00
-2.926963269710540771e-01 -5.328790545463562012e-01 -7.939575314521789551e-01 -1.829048730861189576e+00
0.000000000000000000e+00 0.000000000000000000e+00 0.000000000000000000e+00 1.000000000000000000e+00
8.555241823196411133e-01 -5.150099992752075195e-01 5.331945046782493591e-02 -2.021536455640668972e-01
-4.605887532234191895e-01 -7.099663615226745605e-01 5.327340960502624512e-01 1.604233249222522639e+00
-2.365084588527679443e-01 -4.803252518177032471e-01 -8.446012735366821289e-01 -1.979416070053515941e+00
0.000000000000000000e+00 0.000000000000000000e+00 0.000000000000000000e+00 1.000000000000000000e+00
8.728641271591186523e-01 -4.875449538230895996e-01 2.020016126334667206e-02 -2.789869606079751763e-01
-4.557487666606903076e-01 -7.997488975524902344e-01 3.907611072063446045e-01 1.225334767493990062e+00
-1.743587106466293335e-01 -3.502874374389648438e-01 -9.202705621719360352e-01 -2.195491633215815419e+00
0.000000000000000000e+00 0.000000000000000000e+00 0.000000000000000000e+00 1.000000000000000000e+00
8.781344294548034668e-01 -4.779200553894042969e-01 2.173294499516487122e-02 -2.611389947805606293e-01
-4.674183428287506104e-01 -8.473832011222839355e-01 2.519166767597198486e-01 8.683028791701755678e-01
-1.019799113273620605e-01 -2.313751131296157837e-01 -9.675048589706420898e-01 -2.346093933879084048e+00
0.000000000000000000e+00 0.000000000000000000e+00 0.000000000000000000e+00 1.000000000000000000e+00
8.799928426742553711e-01 -4.747141599655151367e-01 1.608635112643241882e-02 -2.367136254274558316e-01
-4.748907089233398438e-01 -8.786298632621765137e-01 4.986991733312606812e-02 3.403327265837987614e-01
-9.540025144815444946e-03 -5.152444913983345032e-02 -9.986260533332824707e-01 -2.464392550501186552e+00
0.000000000000000000e+00 0.000000000000000000e+00 0.000000000000000000e+00 1.000000000000000000e+00
8.875418901443481445e-01 -4.606308043003082275e-01 9.389528073370456696e-03 -2.391528511030466264e-01
-4.597165286540985107e-01 -8.867611289024353027e-01 -4.811665415763854980e-02 7.201220241809629108e-02
3.049029596149921417e-02 3.838903829455375671e-02 -9.987975358963012695e-01 -2.488075783769617022e+00
0.000000000000000000e+00 0.000000000000000000e+00 0.000000000000000000e+00 1.000000000000000000e+00
8.934671282768249512e-01 -4.491076469421386719e-01 4.313556943088769913e-03 -2.465705385210401335e-01
-4.433292150497436523e-01 -8.834283947944641113e-01 -1.517006158828735352e-01 -2.252984005934523526e-01
7.194070518016815186e-02 1.336271762847900391e-01 -9.884171485900878906e-01 -2.478137313659291241e+00
0.000000000000000000e+00 0.000000000000000000e+00 0.000000000000000000e+00 1.000000000000000000e+00
8.969126343727111816e-01 -4.421233832836151123e-01 8.639859966933727264e-03 -2.344600372498999163e-01
-4.256374239921569824e-01 -8.684371113777160645e-01 -2.542633116245269775e-01 -5.240893867687937968e-01
1.199189200997352600e-01 2.243744730949401855e-01 -9.670963883399963379e-01 -2.438555618723411200e+00
0.000000000000000000e+00 0.000000000000000000e+00 0.000000000000000000e+00 1.000000000000000000e+00
8.992366790771484375e-01 -4.373608827590942383e-01 9.436363354325294495e-03 -2.275004419187516558e-01
-4.032500982284545898e-01 -8.370794653892517090e-01 -3.697118163108825684e-01 -8.757182305218779161e-01
1.695966422557830811e-01 3.286531567573547363e-01 -9.290985465049743652e-01 -2.348446032033300934e+00
0.000000000000000000e+00 0.000000000000000000e+00 0.000000000000000000e+00 1.000000000000000000e+00
9.069146513938903809e-01 -4.213105440139770508e-01 1.660861307755112648e-03 -2.608853557352615593e-01
-3.741558492183685303e-01 -8.072091937065124512e-01 -4.565308988094329834e-01 -1.142557612693435143e+00
1.936821341514587402e-01 4.134133160114288330e-01 -8.897058963775634766e-01 -2.256375903650826853e+00
0.000000000000000000e+00 0.000000000000000000e+00 0.000000000000000000e+00 1.000000000000000000e+00
9.154521226882934570e-01 -4.024198055267333984e-01 2.359238686040043831e-03 -2.858639641537193965e-01
-3.350681662559509277e-01 -7.654569149017333984e-01 -5.493677258491516113e-01 -1.428855405653991495e+00
2.228824943304061890e-01 5.021293759346008301e-01 -8.355774879455566406e-01 -2.135226154440919899e+00
0.000000000000000000e+00 0.000000000000000000e+00 0.000000000000000000e+00 1.000000000000000000e+00
9.107177853584289551e-01 -4.124694168567657471e-01 -2.148994430899620056e-02 -3.610310084667066044e-01
-3.331702947616577148e-01 -7.028853297233581543e-01 -6.284499168395996094e-01 -1.652485055990133400e+00
2.441116571426391602e-01 5.795003175735473633e-01 -7.775529026985168457e-01 -2.004610893383982351e+00
0.000000000000000000e+00 0.000000000000000000e+00 0.000000000000000000e+00 1.000000000000000000e+00
9.184913635253906250e-01 -3.934079110622406006e-01 -4.004523903131484985e-02 -4.311165453246602608e-01
-2.977212369441986084e-01 -6.213137507438659668e-01 -7.247974872589111328e-01 -1.933353003871602915e+00
2.602604627609252930e-01 6.776424050331115723e-01 -6.877973079681396484e-01 -1.773837200202619258e+00
0.000000000000000000e+00 0.000000000000000000e+00 0.000000000000000000e+00 1.000000000000000000e+00
9.264318943023681641e-01 -3.722356855869293213e-01 -5.624981224536895752e-02 -4.898126249615795680e-01
-2.677649855613708496e-01 -5.465153455734252930e-01 -7.934875488281250000e-01 -2.144338470998970791e+00
2.646230459213256836e-01 7.501741647720336914e-01 -6.059812307357788086e-01 -1.546642702839926109e+00
0.000000000000000000e+00 0.000000000000000000e+00 0.000000000000000000e+00 1.000000000000000000e+00
9.328070282936096191e-01 -3.567947149276733398e-01 -5.067699402570724487e-02 -4.936887993863588453e-01
-2.275208830833435059e-01 -4.740166068077087402e-01 -8.506131172180175781e-01 -2.327468793549414716e+00
2.794724702835083008e-01 8.049881458282470703e-01 -5.233443975448608398e-01 -1.331421168746995454e+00
0.000000000000000000e+00 0.000000000000000000e+00 0.000000000000000000e+00 1.000000000000000000e+00
9.457796216011047363e-01 -3.204914033412933350e-01 -5.278326943516731262e-02 -5.281039978677334323e-01
-1.886602193117141724e-01 -4.097564518451690674e-01 -8.924724459648132324e-01 -2.457827845885541596e+00
2.644013166427612305e-01 8.540401458740234375e-01 -4.480032622814178467e-01 -1.134692192373578434e+00
0.000000000000000000e+00 0.000000000000000000e+00 0.000000000000000000e+00 1.000000000000000000e+00
9.547606110572814941e-01 -2.929998040199279785e-01 -5.082795023918151855e-02 -5.459476521590546083e-01
-1.575688868761062622e-01 -3.534938395023345947e-01 -9.220708012580871582e-01 -2.558660119362923258e+00
2.521991431713104248e-01 8.883656263351440430e-01 -3.836697041988372803e-01 -9.551360987522248269e-01
0.000000000000000000e+00 0.000000000000000000e+00 0.000000000000000000e+00 1.000000000000000000e+00
9.625683426856994629e-01 -2.628560066223144531e-01 -6.610141694545745850e-02 -6.137844297598769039e-01
-1.403215676546096802e-01 -2.746364176273345947e-01 -9.512542486190795898e-01 -2.687258961219727293e+00
2.318889498710632324e-01 9.249225258827209473e-01 -3.012405335903167725e-01 -6.884391007486140301e-01
0.000000000000000000e+00 0.000000000000000000e+00 0.000000000000000000e+00 1.000000000000000000e+00
9.754838943481445312e-01 -2.122133672237396240e-01 -5.828029289841651917e-02 -6.193213389032334870e-01
-9.970231354236602783e-02 -1.900730133056640625e-01 -9.766939878463745117e-01 -2.797845102078062585e+00
1.961899995803833008e-01 9.585602879524230957e-01 -2.065714001655578613e-01 -3.653737007218678667e-01
0.000000000000000000e+00 0.000000000000000000e+00 0.000000000000000000e+00 1.000000000000000000e+00
9.936961531639099121e-01 -1.107351109385490417e-01 -1.749276556074619293e-02 -5.273181255609280527e-01
-3.286055848002433777e-02 -1.385181397199630737e-01 -9.898144006729125977e-01 -2.854264552688543066e+00
1.071842163801193237e-01 9.841494560241699219e-01 -1.412837207317352295e-01 -1.762152643440252908e-01
0.000000000000000000e+00 0.000000000000000000e+00 0.000000000000000000e+00 1.000000000000000000e+00
9.958685636520385742e-01 -9.075395017862319946e-02 3.056898713111877441e-03 -4.877360857021605933e-01
-1.959855481982231140e-02 -2.476876229047775269e-01 -9.686413407325744629e-01 -2.813733905904662880e+00
8.866523951292037964e-02 9.645797014236450195e-01 -2.484430074691772461e-01 -4.944204594403369124e-01
0.000000000000000000e+00 0.000000000000000000e+00 0.000000000000000000e+00 1.000000000000000000e+00
9.981765747070312500e-01 -3.265929222106933594e-02 5.076651647686958313e-02 -3.346383369326437207e-01
3.907629102468490601e-02 -2.914172112941741943e-01 -9.557973742485046387e-01 -2.878632388904018402e+00
4.600990191102027893e-02 9.560384154319763184e-01 -2.896096408367156982e-01 -5.989327841886840087e-01
0.000000000000000000e+00 0.000000000000000000e+00 0.000000000000000000e+00 1.000000000000000000e+00
9.894725084304809570e-01 4.312106966972351074e-02 1.381477564573287964e-01 -3.195238665822817958e-02
1.446922421455383301e-01 -2.756768763065338135e-01 -9.502978324890136719e-01 -2.974301856601790472e+00
-2.893759636208415031e-03 9.602825045585632324e-01 -2.790140509605407715e-01 -5.440356162497513859e-01
0.000000000000000000e+00 0.000000000000000000e+00 0.000000000000000000e+00 1.000000000000000000e+00
9.695748090744018555e-01 6.369934231042861938e-02 2.363623976707458496e-01 2.746277947541255204e-01
2.447946220636367798e-01 -2.547653019428253174e-01 -9.355052709579467773e-01 -3.021165287599568483e+00
6.258237990550696850e-04 9.649025797843933105e-01 -2.626073360443115234e-01 -4.830679434605503197e-01
0.000000000000000000e+00 0.000000000000000000e+00 0.000000000000000000e+00 1.000000000000000000e+00
9.765796065330505371e-01 -9.746284224092960358e-03 2.149351984262466431e-01 1.808152366671776368e-01
2.009686827659606934e-01 -3.154290318489074707e-01 -9.274246692657470703e-01 -2.983331109980752682e+00
7.683571428060531616e-02 9.488990306854248047e-01 -3.060828745365142822e-01 -6.675073863380874828e-01
0.000000000000000000e+00 0.000000000000000000e+00 0.000000000000000000e+00 1.000000000000000000e+00
9.856168031692504883e-01 -1.270510107278823853e-01 1.114338487386703491e-01 -1.823942205711751585e-01
5.662967637181282043e-02 -3.729644715785980225e-01 -9.261159300804138184e-01 -2.913438143570871830e+00
1.592248082160949707e-01 9.191060662269592285e-01 -3.604050874710083008e-01 -9.320281278755124799e-01
0.000000000000000000e+00 0.000000000000000000e+00 0.000000000000000000e+00 1.000000000000000000e+00
9.774528741836547852e-01 -2.108871787786483765e-01 1.059328205883502960e-02 -5.009657065278325661e-01
-5.524628981947898865e-02 -3.038408458232879639e-01 -9.511195421218872070e-01 -2.928746097254977698e+00
2.037976235151290894e-01 9.290896058082580566e-01 -3.086408078670501709e-01 -8.153843132983227271e-01
0.000000000000000000e+00 0.000000000000000000e+00 0.000000000000000000e+00 1.000000000000000000e+00
9.175992608070373535e-01 -3.850220739841461182e-01 -9.883920848369598389e-02 -8.148753699527823136e-01
-2.327185124158859253e-01 -3.187516629695892334e-01 -9.188250303268432617e-01 -2.741475320363377044e+00
3.222627639770507812e-01 8.661149740219116211e-01 -3.820880055427551270e-01 -1.132825469706605581e+00
0.000000000000000000e+00 0.000000000000000000e+00 0.000000000000000000e+00 1.000000000000000000e+00
8.712196946144104004e-01 -4.817181229591369629e-01 -9.446451067924499512e-02 -7.880929355558814464e-01
-2.868977785110473633e-01 -3.435120582580566406e-01 -8.942533731460571289e-01 -2.629131176532198744e+00
3.983283638954162598e-01 8.061930537223815918e-01 -4.374783039093017578e-01 -1.377235206351943519e+00
0.000000000000000000e+00 0.000000000000000000e+00 0.000000000000000000e+00 1.000000000000000000e+00
8.283488154411315918e-01 -5.563883185386657715e-01 -6.534850597381591797e-02 -6.806328308266618166e-01
-3.442444205284118652e-01 -4.135082364082336426e-01 -8.429156541824340820e-01 -2.445489540293373398e+00
4.419660568237304688e-01 7.207237482070922852e-01 -5.340623855590820312e-01 -1.710047851240203753e+00
0.000000000000000000e+00 0.000000000000000000e+00 0.000000000000000000e+00 1.000000000000000000e+00
7.982269525527954102e-01 -6.004575490951538086e-01 -4.778849706053733826e-02 -6.112822211650346116e-01
-4.277533888816833496e-01 -5.092031955718994141e-01 -7.468191981315612793e-01 -2.104718558607159729e+00
4.240994453430175781e-01 6.165727972984313965e-01 -6.633076071739196777e-01 -2.098188472753843570e+00
0.000000000000000000e+00 0.000000000000000000e+00 0.000000000000000000e+00 1.000000000000000000e+00
7.733069658279418945e-01 -6.336066722869873047e-01 -2.321202680468559265e-02 -5.231788094653000432e-01
-5.074445009231567383e-01 -5.965488553047180176e-01 -6.217953562736511230e-01 -1.665678080497445146e+00
3.801265954971313477e-01 4.926174283027648926e-01 -7.828353643417358398e-01 -2.438279956351747213e+00
0.000000000000000000e+00 0.000000000000000000e+00 0.000000000000000000e+00 1.000000000000000000e+00
7.506991624832153320e-01 -6.602953672409057617e-01 -2.146692015230655670e-02 -5.072230561062419651e-01
-5.699033737182617188e-01 -6.308118700981140137e-01 -5.265797376632690430e-01 -1.336469603844907539e+00
3.341566324234008789e-01 4.075370132923126221e-01 -8.498544692993164062e-01 -2.619360885074015766e+00
0.000000000000000000e+00 0.000000000000000000e+00 0.000000000000000000e+00 1.000000000000000000e+00
6.483011841773986816e-01 -7.613461017608642578e-01 -7.573689799755811691e-03 -4.003553909285360590e-01
-6.775987148284912109e-01 -5.723952651023864746e-01 -4.617614448070526123e-01 -1.065530813155802115e+00
3.472252488136291504e-01 3.044923245906829834e-01 -8.869717717170715332e-01 -2.756518781429587062e+00
0.000000000000000000e+00 0.000000000000000000e+00 0.000000000000000000e+00 1.000000000000000000e+00
5.824895501136779785e-01 -8.125501871109008789e-01 2.163203433156013489e-02 -2.663985341839603671e-01
-7.413084506988525391e-01 -5.419589281082153320e-01 -3.959065973758697510e-01 -8.171294908875383900e-01
3.334178030490875244e-01 2.145754843950271606e-01 -9.180361032485961914e-01 -2.854479916791691441e+00
0.000000000000000000e+00 0.000000000000000000e+00 0.000000000000000000e+00 1.000000000000000000e+00
5.325037240982055664e-01 -8.440591096878051758e-01 6.327515095472335815e-02 -9.850977628485697857e-02
-7.857003808021545410e-01 -5.207209587097167969e-01 -3.339528739452362061e-01 -5.909377188510012147e-01
3.148247897624969482e-01 1.281158626079559326e-01 -9.404636621475219727e-01 -2.916835628264637936e+00
0.000000000000000000e+00 0.000000000000000000e+00 0.000000000000000000e+00 1.000000000000000000e+00
5.009173154830932617e-01 -8.562029004096984863e-01 1.264839917421340942e-01 1.231902202034937943e-01
-8.184201121330261230e-01 -5.161268115043640137e-01 -2.525891959667205811e-01 -3.148174965463630959e-01
2.815495133399963379e-01 2.300923131406307220e-02 -9.592708945274353027e-01 -2.960335371263835835e+00
0.000000000000000000e+00 0.000000000000000000e+00 0.000000000000000000e+00 1.000000000000000000e+00
4.341153204441070557e-01 -8.840089440345764160e-01 1.734125316143035889e-01 3.229096521420353749e-01
-8.601580262184143066e-01 -4.639567136764526367e-01 -2.118310928344726562e-01 -1.578450306512664825e-01
2.677164375782012939e-01 -5.720311775803565979e-02 -9.617981314659118652e-01 -2.963252867015188752e+00
0.000000000000000000e+00 0.000000000000000000e+00 0.000000000000000000e+00 1.000000000000000000e+00
3.541156053543090820e-01 -8.958275318145751953e-01 2.685049772262573242e-01 6.767509692644892993e-01
-8.945016860961914062e-01 -4.082221984863281250e-01 -1.822676956653594971e-01 -3.849045847839958900e-02
2.728900909423828125e-01 -1.756343245506286621e-01 -9.458771347999572754e-01 -2.915102183801382640e+00
0.000000000000000000e+00 0.000000000000000000e+00 0.000000000000000000e+00 1.000000000000000000e+00
2.877989113330841064e-01 -8.836868405342102051e-01 3.691465854644775391e-01 1.029343010180825635e+00
-9.150212407112121582e-01 -3.675017952919006348e-01 -1.663685441017150879e-01 2.211487712905319675e-02
2.826796472072601318e-01 -2.898962795734405518e-01 -9.143588542938232422e-01 -2.826093315029757580e+00
0.000000000000000000e+00 0.000000000000000000e+00 0.000000000000000000e+00 1.000000000000000000e+00
2.696044445037841797e-01 -8.536839485168457031e-01 4.455750584602355957e-01 1.271624779564223262e+00
-9.333901405334472656e-01 -3.454699218273162842e-01 -9.712404012680053711e-02 2.521734546224388973e-01
2.368460446596145630e-01 -3.897103667259216309e-01 -8.899605274200439453e-01 -2.719179913077173882e+00
0.000000000000000000e+00 0.000000000000000000e+00 0.000000000000000000e+00 1.000000000000000000e+00
1.772120445966720581e-01 -7.720080614089965820e-01 6.104093790054321289e-01 1.828734155652987026e+00
-9.612886309623718262e-01 -2.687477171421051025e-01 -6.081733480095863342e-02 3.683165963823255007e-01
2.109976857900619507e-01 -5.760020017623901367e-01 -7.897478938102722168e-01 -2.396600578383446312e+00
0.000000000000000000e+00 0.000000000000000000e+00 0.000000000000000000e+00 1.000000000000000000e+00
1.332281678915023804e-01 -6.742377877235412598e-01 7.263976335525512695e-01 2.208107389243829655e+00
-9.739727377891540527e-01 -2.246825546026229858e-01 -2.991327084600925446e-02 4.676844652486762954e-01
1.833774894475936890e-01 -7.035061120986938477e-01 -6.866233944892883301e-01 -2.073834709392176734e+00
0.000000000000000000e+00 0.000000000000000000e+00 0.000000000000000000e+00 1.000000000000000000e+00
1.101538762450218201e-01 -5.752847790718078613e-01 8.105021119117736816e-01 2.471154689190572018e+00
-9.843725562095642090e-01 -1.758714020252227783e-01 8.952833712100982666e-03 5.863150356576772859e-01
1.373936831951141357e-01 -7.988221645355224609e-01 -5.856674313545227051e-01 -1.747265858612848444e+00
0.000000000000000000e+00 0.000000000000000000e+00 0.000000000000000000e+00 1.000000000000000000e+00
7.952096313238143921e-02 -5.081808567047119141e-01 8.575711250305175781e-01 2.631753544978416404e+00
-9.909679293632507324e-01 -1.334872394800186157e-01 1.278842333704233170e-02 6.067655136556096007e-01
1.079758703708648682e-01 -8.508425354957580566e-01 -5.142062306404113770e-01 -1.516440151060055141e+00
0.000000000000000000e+00 0.000000000000000000e+00 0.000000000000000000e+00 1.000000000000000000e+00
1.550499200820922852e-01 -5.152006745338439941e-01 8.429281115531921387e-01 2.526217627069221372e+00
-9.877486824989318848e-01 -9.610416740179061890e-02 1.229492127895355225e-01 9.338847923787582106e-01
1.766535826027393341e-02 -8.516642451286315918e-01 -5.237898826599121094e-01 -1.479145018929772792e+00
0.000000000000000000e+00 0.000000000000000000e+00 0.000000000000000000e+00 1.000000000000000000e+00
2.623273432254791260e-01 -5.751982331275939941e-01 7.748106122016906738e-01 2.251905283586954187e+00
-9.595828652381896973e-01 -7.069839537143707275e-02 2.724010646343231201e-01 1.362481074440542228e+00
-1.019067242741584778e-01 -8.149532675743103027e-01 -5.704964995384216309e-01 -1.523603923494439627e+00
0.000000000000000000e+00 0.000000000000000000e+00 0.000000000000000000e+00 1.000000000000000000e+00
3.212544023990631104e-01 -6.123348474502563477e-01 7.223860025405883789e-01 2.065089528968500066e+00
-9.286670088768005371e-01 -5.436258390545845032e-02 3.669095039367675781e-01 1.615623706719930608e+00
-1.854007095098495483e-01 -7.887273430824279785e-01 -5.861192345619201660e-01 -1.510929525040723531e+00
0.000000000000000000e+00 0.000000000000000000e+00 0.000000000000000000e+00 1.000000000000000000e+00
3.690696358680725098e-01 -6.339069604873657227e-01 6.796687841415405273e-01 1.907719289376504035e+00
-8.891414999961853027e-01 -2.791563421487808228e-02 4.567801952362060547e-01 1.849180651664844355e+00
-2.705826461315155029e-01 -7.729054093360900879e-01 -5.739358067512512207e-01 -1.411375535784295421e+00
0.000000000000000000e+00 0.000000000000000000e+00 0.000000000000000000e+00 1.000000000000000000e+00
4.261283576488494873e-01 -6.351901888847351074e-01 6.441646218299865723e-01 1.756679350553616681e+00
-8.357970714569091797e-01 -3.927588462829589844e-03 5.490244626998901367e-01 2.077607627489035380e+00
-3.462048470973968506e-01 -7.723459005355834961e-01 -5.325637459754943848e-01 -1.225222860924708668e+00
0.000000000000000000e+00 0.000000000000000000e+00 0.000000000000000000e+00 1.000000000000000000e+00
5.217894911766052246e-01 -6.372637748718261719e-01 5.671248435974121094e-01 1.476891011309919621e+00
-7.267979383468627930e-01 1.598923094570636749e-02 6.866651773452758789e-01 2.375161013098000318e+00
-4.466547071933746338e-01 -7.704799771308898926e-01 -4.548189640045166016e-01 -9.019749966904923033e-01
0.000000000000000000e+00 0.000000000000000000e+00 0.000000000000000000e+00 1.000000000000000000e+00
6.389132142066955566e-01 -6.618443727493286133e-01 3.921121060848236084e-01 8.844073096666009715e-01
-5.724866390228271484e-01 -6.859334558248519897e-02 8.170397281646728516e-01 2.670244198956079895e+00
-5.138568878173828125e-01 -7.464964985847473145e-01 -4.227222502231597900e-01 -7.422779072996422700e-01
0.000000000000000000e+00 0.000000000000000000e+00 0.000000000000000000e+00 1.000000000000000000e+00
6.431264877319335938e-01 -7.150052785873413086e-01 2.741455435752868652e-01 5.747320920696428193e-01
-4.864691495895385742e-01 -1.050019264221191406e-01 8.673651814460754395e-01 2.761794183624253218e+00
-5.913848280906677246e-01 -6.911889910697937012e-01 -4.153575301170349121e-01 -6.762463526149572468e-01
0.000000000000000000e+00 0.000000000000000000e+00 0.000000000000000000e+00 1.000000000000000000e+00
6.060668826103210449e-01 -7.699804902076721191e-01 1.995315551757812500e-01 4.169735037986475046e-01
-3.836931884288787842e-01 -6.327070295810699463e-02 9.212905168533325195e-01 2.855309124997750025e+00
-6.967513561248779297e-01 -6.349226236343383789e-01 -3.337826132774353027e-01 -4.198102241445880733e-01
0.000000000000000000e+00 0.000000000000000000e+00 0.000000000000000000e+00 1.000000000000000000e+00
4.493916332721710205e-01 -8.912462592124938965e-01 6.104967370629310608e-02 1.683848884024890524e-01
-2.027960717678070068e-01 -3.522316366434097290e-02 9.785871505737304688e-01 2.924199883465805616e+00
-8.700121045112609863e-01 -4.521495699882507324e-01 -1.965703368186950684e-01 -2.427960605351453180e-02
0.000000000000000000e+00 0.000000000000000000e+00 0.000000000000000000e+00 1.000000000000000000e+00
3.269714415073394775e-01 -9.406023621559143066e-01 -9.141582250595092773e-02 -2.306120085327379443e-01
-2.489398121833801270e-01 -1.790428757667541504e-01 9.518259763717651367e-01 2.940490729410038195e+00
-9.116570353507995605e-01 -2.884628176689147949e-01 -2.926953136920928955e-01 -3.471133795824862256e-01
0.000000000000000000e+00 0.000000000000000000e+00 0.000000000000000000e+00 1.000000000000000000e+00
3.192291855812072754e-01 -9.471843242645263672e-01 3.057083860039710999e-02 1.501753226659982010e-01
-3.728832304477691650e-01 -9.588526189327239990e-02 9.229107499122619629e-01 2.878175580868657768e+00
-8.712353110313415527e-01 -3.060194253921508789e-01 -3.837985098361968994e-01 -6.048019230572490024e-01
0.000000000000000000e+00 0.000000000000000000e+00 0.000000000000000000e+00 1.000000000000000000e+00
2.961374223232269287e-01 -9.540407061576843262e-01 4.592390730977058411e-02 2.455589010284930929e-01
-4.611706435680389404e-01 -1.007131487131118774e-01 8.815773129463195801e-01 2.788237351869041092e+00
-8.364354372024536133e-01 -2.822467982769012451e-01 -4.698004722595214844e-01 -8.857250586007133775e-01
0.000000000000000000e+00 0.000000000000000000e+00 0.000000000000000000e+00 1.000000000000000000e+00
1.854496598243713379e-01 -9.810198545455932617e-01 5.664375051856040955e-02 3.294553917466560566e-01
-4.690246284008026123e-01 -3.771496936678886414e-02 8.823794722557067871e-01 2.788787296920819170e+00
-8.634954690933227539e-01 -1.902042329311370850e-01 -4.671166837215423584e-01 -8.923579947112857402e-01
0.000000000000000000e+00 0.000000000000000000e+00 0.000000000000000000e+00 1.000000000000000000e+00
