-0.7680142521858215 -0.6221083998680115 0.1521047204732895 -0.009178314357995987 
-0.6336641311645508 0.7037135362625122 -0.3213365077972412 0.1323197335004807 
0.09286794066429138 -0.3431741893291473 -0.9346697330474854 0.2870197892189026 
0 0 0 1 

-0.8034676909446716 -0.5908398032188416 0.0731278583407402 0.01750857196748257 
-0.5909185409545898 0.7764948606491089 -0.2187942713499069 0.09874307364225388 
0.07248897105455399 -0.2190067768096924 -0.9730268120765686 0.300413191318512 
0 0 0 1 

-0.8393992185592651 -0.542625904083252 0.03108386881649494 0.03177004307508469 
-0.5397680401802063 0.8255430459976196 -0.1647094041109085 0.08164528757333755 
0.06371451169252396 -0.1550350040197372 -0.9858521819114685 0.3049898445606232 
0 0 0 1 

-0.8800643086433411 -0.4741228520870209 -0.02634440362453461 0.05063683912158012 
-0.4707911312580109 0.8784323930740356 -0.08192787319421768 0.0556146539747715 
0.06198566034436226 -0.05969909951090813 -0.9962899088859558 0.3085959255695343 
0 0 0 1 

-0.9231188297271729 -0.3836415708065033 -0.02589374966919422 0.05195887014269829 
-0.3818056583404541 0.9225144386291504 -0.0564936175942421 0.04649248719215393 
0.04556065797805786 -0.0422639511525631 -0.9980669021606445 0.3091888725757599 
0 0 0 1 

-0.9577242732048035 -0.287418007850647 -0.01245169248431921 0.0491570457816124 
-0.2859115302562714 0.9557216763496399 -0.069646917283535 0.04929451644420624 
0.03191813081502914 -0.06314246356487274 -0.9974940419197083 0.3086818158626556 
0 0 0 1 

-0.9808961153030396 -0.1945084631443024 0.003019473981112242 0.0457058846950531 
-0.1940675526857376 0.9773651361465454 -0.08423291891813278 0.05213041231036186 
0.01343288831412792 -0.08320973068475723 -0.9964414238929749 0.3085211217403412 
0 0 0 1 

-0.9945636987686157 -0.1040156111121178 -0.00485983258113265 0.0507405512034893 
-0.1035558879375458 0.9929015636444092 -0.05850386247038841 0.03851717337965965 
0.0109106507152319 -0.05768255889415741 -0.9982751607894897 0.3098825514316559 
0 0 0 1 

-0.999790370464325 -0.007197271566838026 0.01917708106338978 0.04364041611552238 
-0.007596859242767096 0.9997538328170776 -0.02084601297974586 0.0155795281752944 
-0.01902232691645622 -0.02098732441663742 -0.9995988607406616 0.3136684000492096 
0 0 0 1 

-0.9996922612190247 -0.007612531539052725 0.02360178343951702 0.0407392829656601 
-0.008121179416775703 0.9997351765632629 -0.02153084613382816 0.009872950613498688 
-0.02343163080513477 -0.02171589992940426 -0.999489426612854 0.3173388540744781 
0 0 0 1 

