0.9053727388381958 0.4244926571846008 -0.01028839685022831 -0.027059530839324 
-0.3729644417762756 0.806586742401123 0.4586011469364166 -0.1208932772278786 
0.2029714733362198 -0.411367803812027 0.8885825276374817 -0.2434626370668411 
0 0 0 1 

0.9172331690788269 0.3983138799667358 -0.005411738529801369 -0.03108992986381054 
-0.3300020694732666 0.7673946022987366 0.5497308373451233 -0.1513497829437256 
0.2231184393167496 -0.5024453997612 0.835324227809906 -0.2301304936408997 
0 0 0 1 

0.9100010991096497 0.4141679406166077 0.01904584281146526 -0.03945730999112129 
-0.3328166007995605 0.7023202776908875 0.6292685866355896 -0.175392359495163 
0.2472467422485352 -0.5789739489555359 0.7769543528556824 -0.2161223590373993 
0 0 0 1 

0.9166510105133057 0.3980844616889954 0.03577301278710365 -0.04663646221160889 
-0.2981566488742828 0.6214456558227539 0.7245051860809326 -0.205457478761673 
0.2661833465099335 -0.6747844219207764 0.6883403062820435 -0.1918671578168869 
0 0 0 1 

0.9258184432983398 0.374076783657074 0.05410038679838181 -0.05348936468362808 
-0.2669332027435303 0.5457727313041687 0.7942787408828735 -0.2285041660070419 
0.2675947546958923 -0.7497990131378174 0.6051399111747742 -0.1668550074100494 
0 0 0 1 

0.9322996735572815 0.3581906259059906 0.05016810074448586 -0.05437199026346207 
-0.227368101477623 0.4725368618965149 0.8514767289161682 -0.2482941150665283 
0.2812847495079041 -0.8052380084991455 0.5219870805740356 -0.1433486640453339 
0 0 0 1 

0.9440974593162537 0.3256796300411224 0.05111592262983322 -0.05776987969875336 
-0.1887206733226776 0.4067876636981964 0.8938166499137878 -0.2626223862171173 
0.2703045606613159 -0.8534965515136719 0.445509672164917 -0.1218032240867615 
0 0 0 1 

0.9113286733627319 0.3990060091018677 0.1013622730970383 -0.08952927589416504 
-0.240485817193985 0.3161318898200989 0.9177292585372925 -0.2919377982616425 
0.3341356813907623 -0.8607290983200073 0.3840553760528564 -0.1235281601548195 
0 0 0 1 

0.8698926568031311 0.484271228313446 0.09363886713981628 -0.08584702759981155 
-0.2875387668609619 0.3436398208141327 0.893998384475708 -0.2808001637458801 
0.4007596671581268 -0.8046073913574219 0.4381764829158783 -0.1488910615444183 
0 0 0 1 

0.8448798656463623 0.5295823216438293 0.07563681900501251 -0.07953989505767822 
-0.3324721157550812 0.4090460538864136 0.8497904539108276 -0.2650607228279114 
0.4190950393676758 -0.7431178689002991 0.5216659903526306 -0.1784974783658981 
0 0 0 1 

