0.9053728580474854 0.4244926273822784 -0.01028839778155088 -0.02705957181751728 
-0.3729644119739532 0.8065868020057678 0.4586010873317719 -0.1208932846784592 
0.2029714584350586 -0.4113677442073822 0.8885825872421265 -0.2434625923633575 
0 0 0 1 

0.9172332286834717 0.3983137309551239 -0.005411781370639801 -0.03108995966613293 
-0.3300019800662994 0.7673947215080261 0.549730658531189 -0.1513497680425644 
0.2231183499097824 -0.5024453401565552 0.8353243470191956 -0.2301304191350937 
0 0 0 1 

0.9100010991096497 0.4141679406166077 0.0190458707511425 -0.03945733979344368 
-0.3328166007995605 0.7023202776908875 0.6292686462402344 -0.175392359495163 
0.2472467571496964 -0.5789738893508911 0.7769542932510376 -0.2161223441362381 
0 0 0 1 

0.9166509509086609 0.3980845212936401 0.03577305004000664 -0.04663644358515739 
-0.2981566786766052 0.6214455366134644 0.7245053052902222 -0.2054575979709625 
0.2661834061145782 -0.6747844219207764 0.6883402466773987 -0.1918671578168869 
0 0 0 1 

0.9258183836936951 0.3740767240524292 0.05410034209489822 -0.05348936095833778 
-0.2669332027435303 0.545772910118103 0.794278621673584 -0.2285042256116867 
0.2675946950912476 -0.7497988939285278 0.6051400899887085 -0.1668549776077271 
0 0 0 1 

0.9322996139526367 0.358190655708313 0.05016811192035675 -0.05437199771404266 
-0.227368101477623 0.4725366532802582 0.851476788520813 -0.2482941001653671 
0.2812847793102264 -0.8052381277084351 0.5219869017601013 -0.1433486491441727 
0 0 0 1 

0.9440973997116089 0.3256796300411224 0.05111593753099442 -0.05776987969875336 
-0.1887206733226776 0.4067875444889069 0.8938167095184326 -0.2626224756240845 
0.2703045904636383 -0.8534966707229614 0.4455095529556274 -0.1218031942844391 
0 0 0 1 

0.9113286137580872 0.3990060389041901 0.1013623774051666 -0.08952929079532623 
-0.2404858022928238 0.3161315321922302 0.9177293181419373 -0.291937917470932 
0.3341358006000519 -0.8607291579246521 0.3840549886226654 -0.1235280930995941 
0 0 0 1 

0.8698925971984863 0.4842711985111237 0.09363886713981628 -0.08584702759981155 
-0.2875387370586395 0.3436397016048431 0.893998384475708 -0.2808001041412354 
0.4007596671581268 -0.8046073913574219 0.4381763637065887 -0.1488910317420959 
0 0 0 1 

0.8349868655204773 0.5460366010665894 0.06812464445829391 -0.07578391581773758 
-0.3381592035293579 0.4115133881568909 0.8463480472564697 -0.2628520727157593 
0.4341028332710266 -0.7297264337539673 0.5282556414604187 -0.1818415224552155 
0 0 0 1 

