-0.08712721616029739 0.8701372742652893 -0.4850457906723022 0.1787469089031219 
-0.9911812543869019 -0.02692124061286449 0.1297480165958405 -0.0003153699217364192 
0.09984048455953598 0.4920731782913208 0.8648096919059753 -0.2625033855438232 
0 0 0 1 

-0.160999208688736 0.8443842530250549 -0.5109744071960449 0.1890099942684174 
-0.978690505027771 -0.06973025947809219 0.1931392848491669 -0.02288798615336418 
0.1274533271789551 0.5311809778213501 0.8376168608665466 -0.2544538974761963 
0 0 0 1 

-0.1280707716941833 0.7818201780319214 -0.6102092266082764 0.2141198962926865 
-0.9916129112243652 -0.1117216795682907 0.06497844308614731 0.01867557130753994 
-0.01737208664417267 0.6134130954742432 0.7895711064338684 -0.2325041145086288 
0 0 0 1 

-0.08117718994617462 0.695193350315094 -0.7142242193222046 0.2372160851955414 
-0.9951756596565247 -0.01692225970327854 0.09663820266723633 0.01172129064798355 
0.05509588122367859 0.7186234593391418 0.6932133436203003 -0.2120270133018494 
0 0 0 1 

-0.06064469739794731 0.5240842700004578 -0.8495044112205505 0.2763521075248718 
-0.9852485060691833 0.1050125956535339 0.135120615363121 -0.0002136576076736674 
0.1600232422351837 0.8451673984527588 0.5099848508834839 -0.155188724398613 
0 0 0 1 

0.812207043170929 0.07600532472133636 -0.578396737575531 0.1349504590034485 
-0.4361657500267029 0.7375317811965942 -0.51556396484375 0.2088066935539246 
0.387400358915329 0.671021580696106 0.6321794986724854 -0.1936336755752563 
0 0 0 1 

0.7820819020271301 0.121450312435627 -0.6112263202667236 0.1490845531225204 
-0.4448074698448181 0.7957383990287781 -0.4110312163829803 0.1781777739524841 
0.4364563524723053 0.5933381319046021 0.6763545870780945 -0.2128442823886871 
0 0 0 1 

0.7495384812355042 0.1794388145208359 -0.6371762752532959 0.1615616828203201 
-0.4499728083610535 0.844088613986969 -0.2916140854358673 0.1422797292470932 
0.4855063259601593 0.5052880644798279 0.713419497013092 -0.2301472574472427 
0 0 0 1 

0.7212455868721008 0.2480116635560989 -0.6467570662498474 0.1687825471162796 
-0.4537092447280884 0.8746770024299622 -0.1705518364906311 0.1051812991499901 
0.5234046578407288 0.4164495468139648 0.7433822154998779 -0.2443712800741196 
0 0 0 1 

0.7078316807746887 0.29022017121315 -0.6440079808235168 0.1690717786550522 
-0.4281657934188843 0.9014036059379578 -0.06438389420509338 0.07052867114543915 
0.5618256330490112 0.3213154077529907 0.762304425239563 -0.253991425037384 
0 0 0 1 

