0.2714242339134216 0.9576529860496521 -0.09607019275426865 0.03276833891868591 
-0.9597832560539246 0.2767565846443176 0.0471360832452774 0.01696867309510708 
0.07172806560993195 0.07941269874572754 0.9942578673362732 -0.3043252527713776 
0 0 0 1 

0.1945655941963196 0.973014235496521 -0.1240468248724937 0.04309121519327164 
-0.9724220037460327 0.2079184055328369 0.1056671962141991 -0.004624767228960991 
0.128607302904129 0.100066639482975 0.9866340756416321 -0.3031162619590759 
0 0 0 1 

0.1127366721630096 0.9855351448059082 -0.1265348345041275 0.04551137611269951 
-0.9726192951202393 0.1355016231536865 0.1888150423765182 -0.03316397592425346 
0.2032295316457748 0.1017838269472122 0.9738264083862305 -0.3003488183021545 
0 0 0 1 

0.1894707530736923 0.9752823710441589 -0.1136884018778801 0.04076828435063362 
-0.9559655785560608 0.2096570432186127 0.2053620219230652 -0.0379188098013401 
0.2241215407848358 0.06977213174104691 0.9720603823661804 -0.2976941764354706 
0 0 0 1 

0.2686423659324646 0.9554954171180725 -0.1219007298350334 0.04108835756778717 
-0.941274106502533 0.2872777581214905 0.1774107366800308 -0.02716575190424919 
0.2045345157384872 0.06708195060491562 0.9765580296516418 -0.2964922189712524 
0 0 0 1 

0.3253130912780762 0.93837571144104 -0.1167145594954491 0.03771952167153358 
-0.9354084730148315 0.337422251701355 0.1056271567940712 -0.001634748885408044 
0.1385000497102737 0.07481390237808228 0.9875326156616211 -0.2965200543403625 
0 0 0 1 

0.3623644411563873 0.9201953411102295 -0.1480957865715027 0.04597220569849014 
-0.9298896789550781 0.3677148520946503 0.00952465832233429 0.03161349520087242 
0.06322154402732849 0.1342613697052002 0.9889271259307861 -0.2927100360393524 
0 0 0 1 

0.4414845705032349 0.8855786919593811 -0.1443662494421005 0.02455772086977959 
-0.8606141209602356 0.4634500741958618 0.2110856026411057 -0.01341579202562571 
0.2538394629955292 0.03105264715850353 0.9667477607727051 -0.3204594552516937 
0 0 0 1 

0.3597559928894043 0.9015002250671387 -0.2405673414468765 0.06345852464437485 
-0.8945544958114624 0.4065449237823486 0.1857234835624695 -0.002243255032226443 
0.2652312219142914 0.1483855247497559 0.9526983499526978 -0.3164156675338745 
0 0 0 1 

0.974869430065155 0.03029743023216724 -0.2207066714763641 0.0168587900698185 
-0.04918560385704041 0.9955329895019531 -0.08059294521808624 0.03816159814596176 
0.2172789722681046 0.08942318707704544 0.9720047116279602 -0.2800039649009705 
0 0 0 1 

