0.6058298945426941 0.7232216596603394 -0.3315426409244537 0.105039931833744 
-0.0338539257645607 0.4397799968719482 0.8974671959877014 -0.2451088428497314 
0.7948735952377319 -0.5324884057044983 0.2909157872200012 -0.06508394330739975 
0 0 0 1 

0.563787043094635 0.8209968209266663 -0.0900464802980423 0.04272513836622238 
-0.451210081577301 0.3974854648113251 0.7990086078643799 -0.2069305330514908 
0.6917757391929626 -0.4098408222198486 0.5945392251014709 -0.1540559381246567 
0 0 0 1 

0.5819686055183411 0.7974603772163391 -0.1592776626348495 0.06219404190778732 
-0.5140872001647949 0.5125372409820557 0.6877643465995789 -0.1638494879007339 
0.6301006078720093 -0.3183746039867401 0.7082447409629822 -0.1793148815631866 
0 0 0 1 

0.5849073529243469 0.7857857942581177 -0.2010571658611298 0.07253686338663101 
-0.5700191259384155 0.5745748281478882 0.5873176455497742 -0.1304389387369156 
0.5770283341407776 -0.2289199233055115 0.78398597240448 -0.1948080062866211 
0 0 0 1 

0.5801044106483459 0.7931357026100159 -0.185509130358696 0.0644359365105629 
-0.6641687750816345 0.5924262404441833 0.4559726119041443 -0.09431085735559464 
0.4715488851070404 -0.1413023620843887 0.8704453706741333 -0.2129542082548141 
0 0 0 1 

0.8379630446434021 0.4071355164051056 -0.3633986413478851 0.05228787660598755 
0.02530650235712528 0.6361921429634094 0.7711154222488403 -0.2736368179321289 
0.5451398491859436 -0.655362606048584 0.5228022933006287 -0.191777378320694 
0 0 0 1 

0.7211071252822876 0.5209739804267883 -0.4567171335220337 0.09609860181808472 
0.07824356108903885 0.5937563180923462 0.80083167552948 -0.2874630689620972 
0.6883911490440369 -0.6132205724716187 0.3873990476131439 -0.1521342694759369 
0 0 0 1 

0.6148214340209961 0.5944854617118835 -0.5182486176490784 0.1284532845020294 
0.1322779208421707 0.5700811147689819 0.8108698725700378 -0.2940673828125 
0.7774941921234131 -0.5670930147171021 0.271860808134079 -0.1120460703969002 
0 0 0 1 

0.7409080862998962 0.5795747637748718 -0.3393348455429077 0.08937623351812363 
-0.04222657531499863 0.544459342956543 0.8377236723899841 -0.2561855316162109 
0.6702775359153748 -0.6063473224639893 0.4278677999973297 -0.1104944869875908 
0 0 0 1 

0.7327820062637329 0.5806076526641846 -0.3548590242862701 0.0940328985452652 
-0.05902920663356781 0.5737699270248413 0.8168864846229553 -0.249744176864624 
0.6778980493545532 -0.5776528716087341 0.4547211527824402 -0.1193685159087181 
0 0 0 1 

