0.6895479559898376 0.5820205807685852 0.4310168921947479 -0.1881833672523499 
0.2443069219589233 0.3733198940753937 -0.894956111907959 0.2721137702465057 
-0.6817900538444519 0.722415566444397 0.1152303516864777 0.03862333670258522 
0 0 0 1 

0.7575727701187134 0.5058400630950928 0.4125645756721497 -0.1859580129384995 
0.1836021691560745 0.4413947761058807 -0.8783285617828369 0.2749600410461426 
-0.6263975501060486 0.7411455512046814 0.2415153384208679 0.004710431210696697 
0 0 0 1 

0.78241366147995 0.4921971559524536 0.3815373778343201 -0.1755491495132446 
0.09392275661230087 0.5123865008354187 -0.8536032438278198 0.2753190696239471 
-0.6156356930732727 0.7037058472633362 0.3546696901321411 -0.03336393088102341 
0 0 0 1 

0.7934949398040771 0.4461088180541992 0.413947582244873 -0.1875143647193909 
0.03627950325608253 0.6443049907684326 -0.7639075517654419 0.2548048198223114 
-0.6074944138526917 0.6211746335029602 0.4950681924819946 -0.08352133631706238 
0 0 0 1 

0.7868689298629761 0.4424021542072296 0.4302528202533722 -0.1927204728126526 
0.001329235499724746 0.6959781050682068 -0.7180616855621338 0.242775559425354 
-0.6171185970306396 0.565592348575592 0.5470556020736694 -0.1034962683916092 
0 0 0 1 

0.8275323510169983 0.4043412506580353 0.3894846439361572 -0.1827367842197418 
-0.05836980044841766 0.7519572377204895 -0.6566224694252014 0.2282108068466187 
-0.558375358581543 0.5206422209739685 0.6458703279495239 -0.1443730592727661 
0 0 0 1 

0.7034866809844971 0.4955931603908539 0.5094053745269775 -0.1976999938488007 
-0.08321482688188553 0.7692651152610779 -0.6334875226020813 0.2258166670799255 
-0.7058199048042297 0.4032599329948425 0.5824084281921387 -0.1194964051246643 
0 0 0 1 

0.5959619283676147 0.6169184446334839 0.5140436291694641 -0.1880751997232437 
-0.08574886620044708 0.685374915599823 -0.7231240272521973 0.2529311180114746 
-0.7984211444854736 0.3868756890296936 0.4613575041294098 -0.07290133833885193 
0 0 0 1 

0.5490308403968811 0.6892363429069519 0.4727771282196045 -0.1680713891983032 
-0.05828800797462463 0.5958541631698608 -0.8009744882583618 0.2738834321498871 
-0.8337670564651489 0.4122023582458496 0.3673166036605835 -0.03755196183919907 
0 0 0 1 

0.4820730686187744 0.7510913610458374 0.4510736167430878 -0.1529301404953003 
-0.0233641117811203 0.5256848335266113 -0.8503583073616028 0.2865644991397858 
-0.8758193254470825 0.3993958234786987 0.2709671854972839 -0.003747451584786177 
0 0 0 1 

