0.6895480155944824 0.58202064037323 0.4310169219970703 -0.188183382153511 
0.2443069368600845 0.3733198344707489 -0.894956111907959 0.2721137702465057 
-0.6817901134490967 0.722415566444397 0.1152302697300911 0.03862336277961731 
0 0 0 1 

0.7575727105140686 0.5058400630950928 0.4125644564628601 -0.1859580427408218 
0.1836022138595581 0.4413946568965912 -0.8783284425735474 0.2749600410461426 
-0.6263974905014038 0.7411453723907471 0.241515189409256 0.004710458684712648 
0 0 0 1 

0.7824137210845947 0.4921970963478088 0.3815373182296753 -0.1755491197109222 
0.09392272680997849 0.5123865008354187 -0.853603184223175 0.2753190696239471 
-0.6156356334686279 0.7037058472633362 0.3546697795391083 -0.03336391225457191 
0 0 0 1 

0.7934948801994324 0.4461089968681335 0.413947582244873 -0.1875143796205521 
0.03627961874008179 0.6443047523498535 -0.7639077305793762 0.2548048496246338 
-0.6074945330619812 0.6211747527122498 0.4950678944587708 -0.08352129906415939 
0 0 0 1 

0.7868688702583313 0.4424022436141968 0.4302528202533722 -0.1927204579114914 
0.001329297083429992 0.6959779858589172 -0.7180618047714233 0.2427755743265152 
-0.6171186566352844 0.5655924081802368 0.5470553636550903 -0.103496216237545 
0 0 0 1 

0.8275322914123535 0.4043413400650024 0.3894846737384796 -0.182736873626709 
-0.05836974456906319 0.7519571781158447 -0.656622588634491 0.2282109409570694 
-0.5583755373954773 0.5206422209739685 0.6458701491355896 -0.1443730145692825 
0 0 0 1 

0.7034866809844971 0.4955932199954987 0.5094053745269775 -0.1977000534534454 
-0.08321485668420792 0.7692650556564331 -0.6334875226020813 0.2258167266845703 
-0.7058199048042297 0.4032599329948425 0.5824084877967834 -0.1194963976740837 
0 0 0 1 

0.59596186876297 0.6169185638427734 0.5140436291694641 -0.1880751699209213 
-0.08574883639812469 0.6853747963905334 -0.723124086856842 0.2529310882091522 
-0.7984212636947632 0.3868756890296936 0.4613572955131531 -0.07290133833885193 
0 0 0 1 

0.5490306615829468 0.689236581325531 0.4727771580219269 -0.168071448802948 
-0.05828794464468956 0.5958541035652161 -0.8009746074676514 0.2738835513591766 
-0.8337672352790833 0.412202388048172 0.3673163950443268 -0.0375518724322319 
0 0 0 1 

0.4890719950199127 0.7486264109611511 0.4476236402988434 -0.152319923043251 
-0.01962535455822945 0.5225012898445129 -0.8524125218391418 0.2866534292697906 
-0.8720225095748901 0.40810626745224 0.2702328562736511 -0.003652679035440087 
0 0 0 1 

