-0.1641586124897003 0.8503354787826538 -0.4999813735485077 0.1857155710458755 
-0.9779531955718994 -0.07397276908159256 0.1952829658985138 -0.02347429655492306 
0.129071056842804 0.5210158228874207 0.843731701374054 -0.2569315433502197 
0 0 0 1 

-0.08605310320854187 0.7054040431976318 -0.7035622596740723 0.2340169250965118 
-0.9946912527084351 -0.0208341833204031 0.1007725447416306 0.01014277059584856 
0.05642721429467201 0.7084990739822388 0.7034522294998169 -0.2157602608203888 
0 0 0 1 

-0.05994481593370438 0.5238150358200073 -0.8497201800346375 0.2762312591075897 
-0.9851691722869873 0.1060601025819778 0.1348816603422165 -0.0003740385291166604 
0.160774439573288 0.8452035784721375 0.509688675403595 -0.155376136302948 
0 0 0 1 

-0.123225063085556 0.3888932168483734 -0.9130046963691711 0.2944705784320831 
-0.9854549765586853 0.06053588911890984 0.1587885916233063 -0.01167989987879992 
0.1170213147997856 0.9192917346954346 0.3757772743701935 -0.1085033342242241 
0 0 0 1 

-0.190470814704895 0.293289989233017 -0.936857283115387 0.3033072948455811 
-0.9755975008010864 0.04962893575429916 0.2138838022947311 -0.02969427965581417 
0.1092251837253571 0.9547343850135803 0.276680201292038 -0.07713791728019714 
0 0 0 1 

-0.2715291380882263 0.1691640764474869 -0.9474465250968933 0.3100277781486511 
-0.9602839946746826 0.01808467879891396 0.2784373164176941 -0.05072487518191338 
0.06423576176166534 0.9854217767715454 0.1575352400541306 -0.03693833574652672 
0 0 0 1 

0.6800212264060974 0.41370490193367 -0.6053256988525391 0.1571778506040573 
-0.2908704578876495 0.9100762605667114 0.2952210903167725 -0.05171355232596397 
0.673026978969574 -0.02468519657850266 0.7392057776451111 -0.2527850270271301 
0 0 0 1 

0.670356810092926 0.4501811861991882 -0.5898802280426025 0.1523665636777878 
-0.2341468185186386 0.8826618194580078 0.4075332880020142 -0.09050687402486801 
0.7041285634040833 -0.1350741237401962 0.6971068382263184 -0.2411219775676727 
0 0 0 1 

0.6664296984672546 0.4815487265586853 -0.5691944360733032 0.145764485001564 
-0.1579562872648239 0.8372994065284729 0.5234304666519165 -0.1327317506074905 
0.7286434769630432 -0.2589217722415924 0.6340648531913757 -0.2228997945785522 
0 0 0 1 

0.6424503922462463 0.5123281478881836 -0.5698923468589783 0.1468585431575775 
-0.0950605571269989 0.7912027835845947 0.6041204929351807 -0.1640810519456863 
0.7604084014892578 -0.3339431285858154 0.5570107102394104 -0.2013187259435654 
0 0 0 1 

