1.000000000000000000e+00 0.000000000000000000e+00 0.000000000000000000e+00 -4.542167112231254578e-02
0.000000000000000000e+00 1.000000000000000000e+00 0.000000000000000000e+00 9.935460984706878662e-04
0.000000000000000000e+00 0.000000000000000000e+00 1.000000000000000000e+00 -2.875000238418579102e-01
0.000000000000000000e+00 0.000000000000000000e+00 0.000000000000000000e+00 1.000000000000000000e+00
9.968067407608032227e-01 7.747937738895416260e-02 1.932691782712936401e-02 -4.953611642122268677e-02
-7.718971371650695801e-02 9.968988895416259766e-01 -1.530909631401300430e-02 9.002904407680034637e-03
-2.045311406254768372e-02 1.376838143914937973e-02 9.996959567070007324e-01 -2.931290864944458008e-01
0.000000000000000000e+00 0.000000000000000000e+00 0.000000000000000000e+00 1.000000000000000000e+00
9.857569932937622070e-01 1.626125872135162354e-01 4.289816319942474365e-02 -5.482544749975204468e-02
-1.603975892066955566e-01 9.857420325279235840e-01 -5.084104090929031372e-02 2.537174709141254425e-02
-5.055397003889083862e-02 4.323612526059150696e-02 9.977848529815673828e-01 -2.921085059642791748e-01
0.000000000000000000e+00 0.000000000000000000e+00 0.000000000000000000e+00 1.000000000000000000e+00
9.652409553527832031e-01 2.581355571746826172e-01 4.093685001134872437e-02 -5.208243802189826965e-02
-2.546418607234954834e-01 9.641056656837463379e-01 -7.521770894527435303e-02 3.772541508078575134e-02
-5.888383463025093079e-02 6.217897683382034302e-02 9.963265061378479004e-01 -2.919898331165313721e-01
0.000000000000000000e+00 0.000000000000000000e+00 0.000000000000000000e+00 1.000000000000000000e+00
9.364565014839172363e-01 3.461015820503234863e-01 5.712127685546875000e-02 -5.398485064506530762e-02
-3.376820087432861328e-01 9.335360527038574219e-01 -1.203366890549659729e-01 5.617786198854446411e-02
-9.497356414794921875e-02 9.340120106935501099e-02 9.910883903503417969e-01 -2.890564799308776855e-01
0.000000000000000000e+00 0.000000000000000000e+00 0.000000000000000000e+00 1.000000000000000000e+00
8.901805877685546875e-01 4.537000060081481934e-01 4.164814949035644531e-02 -4.601294919848442078e-02
-4.447848200798034668e-01 8.852022886276245117e-01 -1.363198608160018921e-01 6.539920717477798462e-02
-9.871543198823928833e-02 1.028247922658920288e-01 9.897888898849487305e-01 -2.896724343299865723e-01
0.000000000000000000e+00 0.000000000000000000e+00 0.000000000000000000e+00 1.000000000000000000e+00
8.446465730667114258e-01 5.348060727119445801e-01 2.354710362851619720e-02 -3.764719516038894653e-02
-5.242450833320617676e-01 8.352679014205932617e-01 -1.658150255680084229e-01 7.800523191690444946e-02
-1.083470806479454041e-01 1.277106255292892456e-01 9.858757853507995605e-01 -2.885018587112426758e-01
0.000000000000000000e+00 0.000000000000000000e+00 0.000000000000000000e+00 1.000000000000000000e+00
7.901222109794616699e-01 6.128942966461181641e-01 8.221420459449291229e-03 -2.982254326343536377e-02
-6.032511591911315918e-01 7.799268960952758789e-01 -1.667376607656478882e-01 8.232882618904113770e-02
-1.086046919226646423e-01 1.267835050821304321e-01 9.859672188758850098e-01 -2.893979549407958984e-01
0.000000000000000000e+00 0.000000000000000000e+00 0.000000000000000000e+00 1.000000000000000000e+00
7.158759236335754395e-01 6.979704499244689941e-01 -1.894493587315082550e-02 -1.596515066921710968e-02
-6.911960244178771973e-01 7.045646309852600098e-01 -1.607389897108078003e-01 8.306847512722015381e-02
-9.884316474199295044e-02 1.281638145446777344e-01 9.868148565292358398e-01 -2.905542850494384766e-01
0.000000000000000000e+00 0.000000000000000000e+00 0.000000000000000000e+00 1.000000000000000000e+00
6.462867259979248047e-01 7.627208232879638672e-01 -2.386525273323059082e-02 -9.552181698381900787e-03
-7.577772736549377441e-01 6.377843618392944336e-01 -1.378546804189682007e-01 7.860227674245834351e-02
-8.992378413677215576e-02 1.071782186627388000e-01 9.901650547981262207e-01 -2.934968173503875732e-01
0.000000000000000000e+00 0.000000000000000000e+00 0.000000000000000000e+00 1.000000000000000000e+00
5.488035082817077637e-01 8.353144526481628418e-01 -3.262617439031600952e-02 -9.759096428751945496e-04
-8.335929512977600098e-01 5.439085364341735840e-01 -9.636681526899337769e-02 6.740010529756546021e-02
-6.275096535682678223e-02 8.008333295583724976e-02 9.948107600212097168e-01 -2.984387874603271484e-01
0.000000000000000000e+00 0.000000000000000000e+00 0.000000000000000000e+00 1.000000000000000000e+00
4.581306278705596924e-01 8.856170177459716797e-01 -7.614967226982116699e-02 1.903269067406654358e-02
-8.887850642204284668e-01 4.551121592521667480e-01 -5.416357517242431641e-02 5.502451211214065552e-02
-1.331153884530067444e-02 9.249468147754669189e-02 9.956244230270385742e-01 -3.027071952819824219e-01
0.000000000000000000e+00 0.000000000000000000e+00 0.000000000000000000e+00 1.000000000000000000e+00
3.505539894104003906e-01 9.320086240768432617e-01 -9.204299747943878174e-02 2.862163074314594269e-02
-9.364132881164550781e-01 3.504392206668853760e-01 -1.793839968740940094e-02 4.101299867033958435e-02
1.553672458976507187e-02 9.247869998216629028e-02 9.955934882164001465e-01 -3.043063282966613770e-01
0.000000000000000000e+00 0.000000000000000000e+00 0.000000000000000000e+00 1.000000000000000000e+00
2.744987607002258301e-01 9.547952413558959961e-01 -1.140875890851020813e-01 3.796071931719779968e-02
-9.583418369293212891e-01 2.813800871372222900e-01 4.905614629387855530e-02 1.621804758906364441e-02
7.894054800271987915e-02 9.586904197931289673e-02 9.922586679458618164e-01 -3.040105104446411133e-01
0.000000000000000000e+00 0.000000000000000000e+00 0.000000000000000000e+00 1.000000000000000000e+00
1.925549954175949097e-01 9.694569706916809082e-01 -1.519084125757217407e-01 5.156390741467475891e-02
-9.718315005302429199e-01 2.098384648561477661e-01 1.072902381420135498e-01 -5.266106687486171722e-03
1.358894556760787964e-01 1.269700527191162109e-01 9.825541377067565918e-01 -3.019215762615203857e-01
0.000000000000000000e+00 0.000000000000000000e+00 0.000000000000000000e+00 1.000000000000000000e+00
1.199794709682464600e-01 9.815720915794372559e-01 -1.487306654453277588e-01 5.229578167200088501e-02
-9.705170392990112305e-01 1.475116312503814697e-01 1.906213015317916870e-01 -3.416483104228973389e-02
2.090480774641036987e-01 1.214750036597251892e-01 9.703310132026672363e-01 -2.992663383483886719e-01
0.000000000000000000e+00 0.000000000000000000e+00 0.000000000000000000e+00 1.000000000000000000e+00
1.913555115461349487e-01 9.720186591148376465e-01 -1.362446099519729614e-01 4.749957099556922913e-02
-9.535169005393981934e-01 2.170172929763793945e-01 2.090666741132736206e-01 -3.937270492315292358e-02
2.327841818332672119e-01 8.990553766489028931e-02 9.683635830879211426e-01 -2.967315316200256348e-01
0.000000000000000000e+00 0.000000000000000000e+00 0.000000000000000000e+00 1.000000000000000000e+00
2.740988433361053467e-01 9.511605501174926758e-01 -1.419973075389862061e-01 4.667335003614425659e-02
-9.374021887779235840e-01 2.972261905670166016e-01 1.814758926630020142e-01 -2.859084680676460266e-02
2.148180752992630005e-01 8.336626738309860229e-02 9.730895757675170898e-01 -2.956291139125823975e-01
0.000000000000000000e+00 0.000000000000000000e+00 0.000000000000000000e+00 1.000000000000000000e+00
3.262430429458618164e-01 9.352223277091979980e-01 -1.375654339790344238e-01 4.398764297366142273e-02
-9.340356588363647461e-01 3.413136899471282959e-01 1.052694171667098999e-01 -1.845510443672537804e-03
1.454033106565475464e-01 9.414766728878021240e-02 9.848826527595520020e-01 -2.957260012626647949e-01
0.000000000000000000e+00 0.000000000000000000e+00 0.000000000000000000e+00 1.000000000000000000e+00
3.603398501873016357e-01 9.164768457412719727e-01 -1.738533973693847656e-01 5.372165143489837646e-02
-9.298886656761169434e-01 3.676793873310089111e-01 1.089217793196439743e-02 3.120411187410354614e-02
7.390473037958145142e-02 1.577394306659698486e-01 9.847114086151123047e-01 -2.915697097778320312e-01
0.000000000000000000e+00 0.000000000000000000e+00 0.000000000000000000e+00 1.000000000000000000e+00
3.997198641300201416e-01 8.982379436492919922e-01 -1.827356517314910889e-01 5.444929003715515137e-02
-9.165343642234802246e-01 3.946380019187927246e-01 -6.500100344419479370e-02 5.676478892564773560e-02
1.372806727886199951e-02 1.934656947851181030e-01 9.810107946395874023e-01 -2.868815660476684570e-01
0.000000000000000000e+00 0.000000000000000000e+00 0.000000000000000000e+00 1.000000000000000000e+00
4.600609242916107178e-01 8.609493970870971680e-01 -2.170478105545043945e-01 6.126533821225166321e-02
-8.868449926376342773e-01 4.337381124496459961e-01 -1.593016386032104492e-01 8.584856986999511719e-02
-4.300877079367637634e-02 2.657761871814727783e-01 9.630746245384216309e-01 -2.763450741767883301e-01
0.000000000000000000e+00 0.000000000000000000e+00 0.000000000000000000e+00 1.000000000000000000e+00
5.365040898323059082e-01 8.202626705169677734e-01 -1.983242332935333252e-01 4.962378367781639099e-02
-8.388638496398925781e-01 4.927367568016052246e-01 -2.313401103019714355e-01 1.055473238229751587e-01
-9.203807264566421509e-02 2.904820144176483154e-01 9.524439573287963867e-01 -2.690119445323944092e-01
0.000000000000000000e+00 0.000000000000000000e+00 0.000000000000000000e+00 1.000000000000000000e+00
5.955337882041931152e-01 7.794013023376464844e-01 -1.946109235286712646e-01 4.444020986557006836e-02
-7.935720086097717285e-01 5.331318378448486328e-01 -2.932803332805633545e-01 1.207342743873596191e-01
-1.248299181461334229e-01 3.290961980819702148e-01 9.360090494155883789e-01 -2.607296407222747803e-01
0.000000000000000000e+00 0.000000000000000000e+00 0.000000000000000000e+00 1.000000000000000000e+00
6.682284474372863770e-01 7.254053354263305664e-01 -1.650986820459365845e-01 2.985202707350254059e-02
-7.240239977836608887e-01 5.830841660499572754e-01 -3.685120642185211182e-01 1.362523585557937622e-01
-1.710543632507324219e-01 3.657858073711395264e-01 9.148446917533874512e-01 -2.499651461839675903e-01
0.000000000000000000e+00 0.000000000000000000e+00 0.000000000000000000e+00 1.000000000000000000e+00
7.345821261405944824e-01 6.609849333763122559e-01 -1.532578021287918091e-01 2.286023460328578949e-02
-6.491072177886962891e-01 6.187974214553833008e-01 -4.424359202384948730e-01 1.510131061077117920e-01
-1.976080238819122314e-01 4.244861304759979248e-01 8.836077451705932617e-01 -2.356992065906524658e-01
0.000000000000000000e+00 0.000000000000000000e+00 0.000000000000000000e+00 1.000000000000000000e+00
7.604047656059265137e-01 6.365550160408020020e-01 -1.287714242935180664e-01 1.344398967921733856e-02
-5.959140062332153320e-01 6.050396561622619629e-01 -5.280277132987976074e-01 1.705654263496398926e-01
-2.582069635391235352e-01 4.782514274120330811e-01 8.394072055816650391e-01 -2.152117490768432617e-01
0.000000000000000000e+00 0.000000000000000000e+00 0.000000000000000000e+00 1.000000000000000000e+00
7.881863117218017578e-01 5.991693735122680664e-01 -1.405637562274932861e-01 1.422497816383838654e-02
-5.349456667900085449e-01 5.540653467178344727e-01 -6.378436684608459473e-01 1.986033320426940918e-01
-3.042949438095092773e-01 5.779336094856262207e-01 7.572298645973205566e-01 -1.856516301631927490e-01
0.000000000000000000e+00 0.000000000000000000e+00 0.000000000000000000e+00 1.000000000000000000e+00
8.093664646148681641e-01 5.730395317077636719e-01 -1.286529749631881714e-01 9.155128151178359985e-03
-4.816137552261352539e-01 5.222271084785461426e-01 -7.037947177886962891e-01 2.160110622644424438e-01
-3.361160755157470703e-01 6.315888166427612305e-01 6.986569762229919434e-01 -1.639746725559234619e-01
0.000000000000000000e+00 0.000000000000000000e+00 0.000000000000000000e+00 1.000000000000000000e+00
8.386384844779968262e-01 5.292709469795227051e-01 -1.286757886409759521e-01 6.327230948954820633e-03
-4.144921302795410156e-01 4.668491482734680176e-01 -7.811837792396545410e-01 2.364182025194168091e-01
-3.533857762813568115e-01 7.084659337997436523e-01 6.108963489532470703e-01 -1.388077288866043091e-01
0.000000000000000000e+00 0.000000000000000000e+00 0.000000000000000000e+00 1.000000000000000000e+00
8.686280250549316406e-01 4.875350892543792725e-01 -8.828843384981155396e-02 -7.661322131752967834e-03
-3.275209963321685791e-01 4.312988221645355225e-01 -8.406610488891601562e-01 2.505050301551818848e-01
-3.717731535434722900e-01 7.591381669044494629e-01 5.343163013458251953e-01 -1.185280010104179382e-01
0.000000000000000000e+00 0.000000000000000000e+00 0.000000000000000000e+00 1.000000000000000000e+00
8.831036090850830078e-01 4.654133915901184082e-01 -5.931695923209190369e-02 -1.576785184442996979e-02
-2.295344918966293335e-01 3.183066248893737793e-01 -9.197796583175659180e-01 2.656781971454620361e-01
-4.091969132423400879e-01 8.258759379386901855e-01 3.879261314868927002e-01 -7.840429246425628662e-02
0.000000000000000000e+00 0.000000000000000000e+00 0.000000000000000000e+00 1.000000000000000000e+00
8.670417070388793945e-01 4.978648126125335693e-01 -1.921880990266799927e-02 -3.144297003746032715e-02
-9.937001764774322510e-02 1.349987238645553589e-01 -9.858503341674804688e-01 2.824059128761291504e-01
-4.882257580757141113e-01 8.566830754280090332e-01 1.665223687887191772e-01 -1.515866443514823914e-02
0.000000000000000000e+00 0.000000000000000000e+00 0.000000000000000000e+00 1.000000000000000000e+00
8.588121533393859863e-01 5.111908912658691406e-01 -3.354208916425704956e-02 -2.494541555643081665e-02
-9.935401380062103271e-02 1.019697859883308411e-01 -9.898134469985961914e-01 2.827834784984588623e-01
-5.025634765625000000e-01 8.533964753150939941e-01 1.383617669343948364e-01 -1.368979830294847488e-02
0.000000000000000000e+00 0.000000000000000000e+00 0.000000000000000000e+00 1.000000000000000000e+00
8.298366665840148926e-01 5.575969219207763672e-01 -2.137163653969764709e-02 -2.451330982148647308e-02
-1.013521552085876465e-01 1.129519566893577576e-01 -9.884175658226013184e-01 2.826149761676788330e-01
-5.487247705459594727e-01 8.223910927772521973e-01 1.502453535795211792e-01 -1.663258112967014313e-02
0.000000000000000000e+00 0.000000000000000000e+00 0.000000000000000000e+00 1.000000000000000000e+00
8.152514100074768066e-01 5.761758089065551758e-01 -5.819245055317878723e-02 -1.411114167422056198e-02
-2.382331341505050659e-01 2.420908510684967041e-01 -9.405514597892761230e-01 2.747093141078948975e-01
-5.278351306915283203e-01 7.806491851806640625e-01 3.346291184425354004e-01 -5.922788754105567932e-02
0.000000000000000000e+00 0.000000000000000000e+00 0.000000000000000000e+00 1.000000000000000000e+00
8.233717083930969238e-01 5.598567128181457520e-01 -9.284091740846633911e-02 -5.174363497644662857e-03
-3.117945194244384766e-01 3.095862865447998047e-01 -8.982982635498046875e-01 2.658464014530181885e-01
-4.741763174533843994e-01 7.685809135437011719e-01 4.294650256633758545e-01 -8.617177605628967285e-02
0.000000000000000000e+00 0.000000000000000000e+00 0.000000000000000000e+00 1.000000000000000000e+00
8.131183981895446777e-01 5.729130506515502930e-01 -1.030008420348167419e-01 -2.168258884921669960e-03
-3.675885200500488281e-01 3.681700527667999268e-01 -8.540077805519104004e-01 2.562270462512969971e-01
-4.513505101203918457e-01 7.322713732719421387e-01 5.099621415138244629e-01 -1.092273890972137451e-01
0.000000000000000000e+00 0.000000000000000000e+00 0.000000000000000000e+00 1.000000000000000000e+00
8.355887532234191895e-01 5.435384511947631836e-01 -7.972987741231918335e-02 -1.411160454154014587e-02
-4.506506919860839844e-01 5.951973795890808105e-01 -6.653224825859069824e-01 2.156897634267807007e-01
-3.141733705997467041e-01 5.918663740158081055e-01 7.422866225242614746e-01 -1.809750497341156006e-01
0.000000000000000000e+00 0.000000000000000000e+00 0.000000000000000000e+00 1.000000000000000000e+00
8.336436152458190918e-01 5.499187707901000977e-01 -5.125870928168296814e-02 -2.308216132223606110e-02
-4.640979766845703125e-01 6.471703648567199707e-01 -6.048002243041992188e-01 1.979657858610153198e-01
-2.994180619716644287e-01 5.279768705368041992e-01 7.947256565093994141e-01 -1.969054788351058960e-01
0.000000000000000000e+00 0.000000000000000000e+00 0.000000000000000000e+00 1.000000000000000000e+00
8.547083735466003418e-01 5.161836147308349609e-01 -5.502703413367271423e-02 -2.240877412259578705e-02
-4.623690843582153320e-01 7.088099718093872070e-01 -5.327320098876953125e-01 1.762800067663192749e-01
-2.359838038682937622e-01 4.807730913162231445e-01 8.444931507110595703e-01 -2.134705334901809692e-01
0.000000000000000000e+00 0.000000000000000000e+00 0.000000000000000000e+00 1.000000000000000000e+00
8.699260354042053223e-01 4.929746985435485840e-01 -1.429715193808078766e-02 -3.260466828942298889e-02
-4.588591754436492920e-01 7.984182238578796387e-01 -3.898413181304931641e-01 1.351055204868316650e-01
-1.807669848203659058e-01 3.456934392452239990e-01 9.207710027694702148e-01 -2.367272228002548218e-01
0.000000000000000000e+00 0.000000000000000000e+00 0.000000000000000000e+00 1.000000000000000000e+00
8.748453855514526367e-01 4.842871427536010742e-01 -1.054782792925834656e-02 -3.198837861418724060e-02
-4.706960320472717285e-01 8.447471261024475098e-01 -2.546516060829162598e-01 9.756658971309661865e-02
-1.144143342971801758e-01 2.277456670999526978e-01 9.669752120971679688e-01 -2.521920502185821533e-01
0.000000000000000000e+00 0.000000000000000000e+00 0.000000000000000000e+00 1.000000000000000000e+00
8.810607194900512695e-01 4.726381599903106689e-01 -1.856675185263156891e-02 -2.602398209273815155e-02
-4.729596078395843506e-01 8.797704577445983887e-01 -4.809314385056495667e-02 3.917396441102027893e-02
-6.396189797669649124e-03 5.115431547164916992e-02 9.986702203750610352e-01 -2.660004198551177979e-01
0.000000000000000000e+00 0.000000000000000000e+00 0.000000000000000000e+00 1.000000000000000000e+00
8.889213800430297852e-01 4.578487277030944824e-01 -1.390902884304523468e-02 -2.590183541178703308e-02
-4.567376971244812012e-01 8.882523179054260254e-01 4.897487908601760864e-02 1.041925325989723206e-02
3.477781265974044800e-02 -3.718202188611030579e-02 9.987033009529113770e-01 -2.686201333999633789e-01
0.000000000000000000e+00 0.000000000000000000e+00 0.000000000000000000e+00 1.000000000000000000e+00
8.946224451065063477e-01 4.467526376247406006e-01 -7.923844270408153534e-03 -2.691141515970230103e-02
-4.405860602855682373e-01 8.849489092826843262e-01 1.508280783891677856e-01 -2.094276249408721924e-02
7.439508289098739624e-02 -1.314429938793182373e-01 9.885283112525939941e-01 -2.676943540573120117e-01
0.000000000000000000e+00 0.000000000000000000e+00 0.000000000000000000e+00 1.000000000000000000e+00
8.971214294433593750e-01 4.415175318717956543e-01 -1.533480640500783920e-02 -2.466122247278690338e-02
-4.231631159782409668e-01 8.687621355056762695e-01 2.572652399539947510e-01 -5.443166196346282959e-02
1.269094794988632202e-01 -2.243091017007827759e-01 9.662191867828369141e-01 -2.631745040416717529e-01
0.000000000000000000e+00 0.000000000000000000e+00 0.000000000000000000e+00 1.000000000000000000e+00
9.020342230796813965e-01 4.314894080162048340e-01 -1.226141769438982010e-02 -2.488529495894908905e-02
-3.967100679874420166e-01 8.398559093475341797e-01 3.704897165298461914e-01 -9.198056161403656006e-02
1.701603531837463379e-01 -3.293302357196807861e-01 9.287557005882263184e-01 -2.532948255538940430e-01
0.000000000000000000e+00 0.000000000000000000e+00 0.000000000000000000e+00 1.000000000000000000e+00
9.052013158798217773e-01 4.247971177101135254e-01 -1.254179421812295914e-02 -2.631828933954238892e-02
-3.720067143440246582e-01 8.062885999679565430e-01 4.599019289016723633e-01 -1.215737685561180115e-01
2.054775208234786987e-01 -4.116382002830505371e-01 8.878808617591857910e-01 -2.433481812477111816e-01
0.000000000000000000e+00 0.000000000000000000e+00 0.000000000000000000e+00 1.000000000000000000e+00
9.149624705314636230e-01 4.032849371433258057e-01 -1.433019153773784637e-02 -2.878014929592609406e-02
-3.299989402294158936e-01 7.681876420974731445e-01 5.486242771148681641e-01 -1.512067914009094238e-01
2.322602123022079468e-01 -4.972413182258605957e-01 8.359463214874267578e-01 -2.308772653341293335e-01
0.000000000000000000e+00 0.000000000000000000e+00 0.000000000000000000e+00 1.000000000000000000e+00
9.102868437767028809e-01 4.135958552360534668e-01 1.776933856308460236e-02 -3.895797953009605408e-02
-3.313798308372497559e-01 7.022663950920104980e-01 6.300868988037109375e-01 -1.758072674274444580e-01
2.481227368116378784e-01 -5.794482827186584473e-01 7.763214111328125000e-01 -2.160591036081314087e-01
0.000000000000000000e+00 0.000000000000000000e+00 0.000000000000000000e+00 1.000000000000000000e+00
9.178977012634277344e-01 3.957194387912750244e-01 2.950424887239933014e-02 -4.482737183570861816e-02
-2.922967970371246338e-01 6.239670515060424805e-01 7.247257828712463379e-01 -2.060922235250473022e-01
2.683787345886230469e-01 -6.738480925559997559e-01 6.884052753448486328e-01 -1.918179690837860107e-01
0.000000000000000000e+00 0.000000000000000000e+00 0.000000000000000000e+00 1.000000000000000000e+00
9.267191886901855469e-01 3.721903264522552490e-01 5.162490531802177429e-02 -5.282200872898101807e-02
-2.640917301177978516e-01 5.474182963371276855e-01 7.940962314605712891e-01 -2.290573865175247192e-01
2.672945261001586914e-01 -7.495380043983459473e-01 6.055955290794372559e-01 -1.667011976242065430e-01
0.000000000000000000e+00 0.000000000000000000e+00 0.000000000000000000e+00 1.000000000000000000e+00
9.353307485580444336e-01 3.509605824947357178e-01 4.452800750732421875e-02 -5.279104039072990417e-02
-2.194130420684814453e-01 4.767515957355499268e-01 8.512139320373535156e-01 -2.487611025571823120e-01
2.775138318538665771e-01 -8.059370517730712891e-01 5.229259133338928223e-01 -1.433533728122711182e-01
0.000000000000000000e+00 0.000000000000000000e+00 0.000000000000000000e+00 1.000000000000000000e+00
9.478741288185119629e-01 3.150351643562316895e-01 4.782698675990104675e-02 -5.719081312417984009e-02
-1.809919029474258423e-01 4.087661504745483398e-01 8.945120573043823242e-01 -2.634672224521636963e-01
2.622527182102203369e-01 -8.565412163734436035e-01 4.444778263568878174e-01 -1.209944933652877808e-01
0.000000000000000000e+00 0.000000000000000000e+00 0.000000000000000000e+00 1.000000000000000000e+00
9.598318934440612793e-01 2.773558199405670166e-01 4.238924756646156311e-02 -5.869159474968910217e-02
-1.402143239974975586e-01 3.432961702346801758e-01 9.287017583847045898e-01 -2.766788601875305176e-01
2.430287301540374756e-01 -8.973411917686462402e-01 3.683959245681762695e-01 -9.753093868494033813e-02
0.000000000000000000e+00 0.000000000000000000e+00 0.000000000000000000e+00 1.000000000000000000e+00
9.656536579132080078e-01 2.521622776985168457e-01 6.266494095325469971e-02 -6.705345213413238525e-02
-1.307935714721679688e-01 2.633486092090606689e-01 9.557929039001464844e-01 -2.895243465900421143e-01
2.245122045278549194e-01 -9.311614632606506348e-01 2.872849106788635254e-01 -6.855648010969161987e-02
0.000000000000000000e+00 0.000000000000000000e+00 0.000000000000000000e+00 1.000000000000000000e+00
9.776312112808227539e-01 2.059222906827926636e-01 4.281017929315567017e-02 -6.433074921369552612e-02
-7.487720251083374023e-02 1.505500823259353638e-01 9.857625961303710938e-01 -3.032610118389129639e-01
1.965454071760177612e-01 -9.669184684753417969e-01 1.626013517379760742e-01 -2.607328444719314575e-02
0.000000000000000000e+00 0.000000000000000000e+00 0.000000000000000000e+00 1.000000000000000000e+00
9.937214851379394531e-01 1.117962971329689026e-01 -4.360843915492296219e-03 -5.259266495704650879e-02
-1.058344356715679169e-02 1.327325701713562012e-01 9.910954236984252930e-01 -3.069180250167846680e-01
1.113796234130859375e-01 -9.848266839981079102e-01 1.330824643373489380e-01 -1.667319424450397491e-02
0.000000000000000000e+00 0.000000000000000000e+00 0.000000000000000000e+00 1.000000000000000000e+00
9.956570267677307129e-01 9.208299219608306885e-02 -1.371638383716344833e-02 -5.035690218210220337e-02
-9.320747107267379761e-03 2.451850920915603638e-01 9.694314599037170410e-01 -3.014951050281524658e-01
9.263120591640472412e-02 -9.650930166244506836e-01 2.449784427881240845e-01 -5.226840823888778687e-02
0.000000000000000000e+00 0.000000000000000000e+00 0.000000000000000000e+00 1.000000000000000000e+00
9.981569647789001465e-01 2.882043831050395966e-02 -5.340847745537757874e-02 -3.671758621931076050e-02
4.266509041190147400e-02 2.926199138164520264e-01 9.552764296531677246e-01 -3.081424534320831299e-01
4.315985739231109619e-02 -9.557942152023315430e-01 2.908507883548736572e-01 -6.454931944608688354e-02
0.000000000000000000e+00 0.000000000000000000e+00 0.000000000000000000e+00 1.000000000000000000e+00
9.892728924751281738e-01 -4.692543670535087585e-02 -1.383350938558578491e-01 -4.198161885142326355e-03
1.459249258041381836e-01 2.741921842098236084e-01 9.505394101142883301e-01 -3.186672031879425049e-01
-6.674099247902631760e-03 -9.605291485786437988e-01 2.780984044075012207e-01 -5.809783563017845154e-02
0.000000000000000000e+00 0.000000000000000000e+00 0.000000000000000000e+00 1.000000000000000000e+00
9.689965844154357910e-01 -6.441452354192733765e-02 -2.385291904211044312e-01 2.954240888357162476e-02
2.470713555812835693e-01 2.569393217563629150e-01 9.343115687370300293e-01 -3.230365216732025146e-01
1.104261726140975952e-03 -9.642786383628845215e-01 2.648882269859313965e-01 -5.266741290688514709e-02
0.000000000000000000e+00 0.000000000000000000e+00 0.000000000000000000e+00 1.000000000000000000e+00
9.735302925109863281e-01 -2.299554646015167236e-02 -2.273973226547241211e-01 2.444279380142688751e-02
2.239755839109420776e-01 2.941940724849700928e-01 9.291310906410217285e-01 -3.212203681468963623e-01
4.553305357694625854e-02 -9.554690122604370117e-01 2.915572524070739746e-01 -6.476095318794250488e-02
0.000000000000000000e+00 0.000000000000000000e+00 0.000000000000000000e+00 1.000000000000000000e+00
9.821233153343200684e-01 3.923169896006584167e-02 -1.841057240962982178e-01 6.356335710734128952e-03
1.610483676195144653e-01 3.312281072139739990e-01 9.297051429748535156e-01 -3.187145292758941650e-01
9.745486825704574585e-02 -9.427345991134643555e-01 3.189885616302490234e-01 -7.906524837017059326e-02
0.000000000000000000e+00 0.000000000000000000e+00 0.000000000000000000e+00 1.000000000000000000e+00
9.856690168380737305e-01 1.174091026186943054e-01 -1.211292669177055359e-01 -1.714593544602394104e-02
6.958135217428207397e-02 3.711533546447753906e-01 9.259607791900634766e-01 -3.124916255474090576e-01
1.536737233400344849e-01 -9.211187958717346191e-01 3.576648235321044922e-01 -9.916424006223678589e-02
0.000000000000000000e+00 0.000000000000000000e+00 0.000000000000000000e+00 1.000000000000000000e+00
9.776622653007507324e-01 2.085870802402496338e-01 -2.584327198565006256e-02 -5.078960210084915161e-02
-4.066734760999679565e-02 3.083622157573699951e-01 9.503992199897766113e-01 -3.141318857669830322e-01
2.062101215124130249e-01 -9.281185269355773926e-01 3.099567592144012451e-01 -8.831974864006042480e-02
0.000000000000000000e+00 0.000000000000000000e+00 0.000000000000000000e+00 1.000000000000000000e+00
9.217897057533264160e-01 3.783574402332305908e-01 8.455166965723037720e-02 -8.507754653692245483e-02
-2.191970050334930420e-01 3.287418782711029053e-01 9.186297059059143066e-01 -2.939774096012115479e-01
3.197749853134155273e-01 -8.653172850608825684e-01 3.859658241271972656e-01 -1.232342049479484558e-01
0.000000000000000000e+00 0.000000000000000000e+00 0.000000000000000000e+00 1.000000000000000000e+00
8.743440508842468262e-01 4.774346947669982910e-01 8.705687522888183594e-02 -8.395362645387649536e-02
-2.773252129554748535e-01 3.443220257759094238e-01 8.969575166702270508e-01 -2.825390398502349854e-01
3.982632458209991455e-01 -8.083927035331726074e-01 4.334606230258941650e-01 -1.469183266162872314e-01
0.000000000000000000e+00 0.000000000000000000e+00 0.000000000000000000e+00 1.000000000000000000e+00
8.355900645256042480e-01 5.466096401214599609e-01 5.484161898493766785e-02 -7.184583693742752075e-02
-3.286808133125305176e-01 4.174501597881317139e-01 8.471742272377014160e-01 -2.640453577041625977e-01
4.401798248291015625e-01 -7.259156703948974609e-01 5.284771323204040527e-01 -1.820682883262634277e-01
0.000000000000000000e+00 0.000000000000000000e+00 0.000000000000000000e+00 1.000000000000000000e+00
8.010489940643310547e-01 5.969603657722473145e-01 4.426068440079689026e-02 -6.586018949747085571e-02
-4.226562976837158203e-01 5.116928219795227051e-01 7.480185627937316895e-01 -2.248672544956207275e-01
4.238895773887634277e-01 -6.179064512252807617e-01 6.622002124786376953e-01 -2.261995226144790649e-01
0.000000000000000000e+00 0.000000000000000000e+00 0.000000000000000000e+00 1.000000000000000000e+00
7.743707895278930664e-01 6.326274275779724121e-01 1.151983719319105148e-02 -5.423907190561294556e-02
-4.978280067443847656e-01 5.979296565055847168e-01 6.282097697257995605e-01 -1.797375828027725220e-01
3.905344009399414062e-01 -4.922019541263580322e-01 7.779587507247924805e-01 -2.622393071651458740e-01
0.000000000000000000e+00 0.000000000000000000e+00 0.000000000000000000e+00 1.000000000000000000e+00
7.531468868255615234e-01 6.577278971672058105e-01 1.279842574149370193e-02 -5.324175208806991577e-02
-5.633878707885742188e-01 6.348316073417663574e-01 5.287560820579528809e-01 -1.425383836030960083e-01
3.396527767181396484e-01 -4.054412543773651123e-01 8.486775755882263184e-01 -2.826827764511108398e-01
0.000000000000000000e+00 0.000000000000000000e+00 0.000000000000000000e+00 1.000000000000000000e+00
6.523056626319885254e-01 7.579078078269958496e-01 8.565506897866725922e-03 -4.478479549288749695e-02
-6.742538809776306152e-01 5.750713348388671875e-01 4.633292257785797119e-01 -1.127252876758575439e-01
3.462351262569427490e-01 -3.080075681209564209e-01 8.861448168754577637e-01 -2.970069944858551025e-01
0.000000000000000000e+00 0.000000000000000000e+00 0.000000000000000000e+00 1.000000000000000000e+00
5.853338241577148438e-01 8.102661371231079102e-01 -2.920886129140853882e-02 -2.751003578305244446e-02
-7.382980585098266602e-01 5.475417971611022949e-01 3.938447535037994385e-01 -8.478081226348876953e-02
3.351123332977294922e-01 -2.089657336473464966e-01 9.187126159667968750e-01 -3.085581958293914795e-01
0.000000000000000000e+00 0.000000000000000000e+00 0.000000000000000000e+00 1.000000000000000000e+00
5.387666821479797363e-01 8.402358293533325195e-01 -6.110452860593795776e-02 -1.280541531741619110e-02
-7.814596295356750488e-01 5.255390405654907227e-01 3.363468050956726074e-01 -6.181425601243972778e-02
3.147236108779907227e-01 -1.334617435932159424e-01 9.397540092468261719e-01 -3.145358860492706299e-01
0.000000000000000000e+00 0.000000000000000000e+00 0.000000000000000000e+00 1.000000000000000000e+00
5.074364542961120605e-01 8.521112799644470215e-01 -1.281177997589111328e-01 1.252496987581253052e-02
-8.136924505233764648e-01 5.227753520011901855e-01 2.541854083538055420e-01 -3.175153955817222595e-02
2.835710346698760986e-01 -2.473441883921623230e-02 9.586321115493774414e-01 -3.195079565048217773e-01
0.000000000000000000e+00 0.000000000000000000e+00 0.000000000000000000e+00 1.000000000000000000e+00
4.373086988925933838e-01 8.822654485702514648e-01 -1.742654442787170410e-01 3.386785462498664856e-02
-8.578745722770690918e-01 4.673945307731628418e-01 2.135249823331832886e-01 -1.461694575846195221e-02
2.698365151882171631e-01 5.612163618206977844e-02 9.612692594528198242e-01 -3.197638094425201416e-01
0.000000000000000000e+00 0.000000000000000000e+00 0.000000000000000000e+00 1.000000000000000000e+00
3.549875020980834961e-01 8.937016129493713379e-01 -2.743747234344482422e-01 7.403173297643661499e-02
-8.927018046379089355e-01 4.111991524696350098e-01 1.843881458044052124e-01 -2.226987387984991074e-03
2.776105105876922607e-01 1.794792413711547852e-01 9.437793493270874023e-01 -3.141248822212219238e-01
0.000000000000000000e+00 0.000000000000000000e+00 0.000000000000000000e+00 1.000000000000000000e+00
2.935240566730499268e-01 8.805983066558837891e-01 -3.720077276229858398e-01 1.108975037932395935e-01
-9.120903015136718750e-01 3.745049238204956055e-01 1.668458729982376099e-01 5.144594702869653702e-03
2.862429022789001465e-01 2.903313934803009033e-01 9.131113886833190918e-01 -3.048210144042968750e-01
0.000000000000000000e+00 0.000000000000000000e+00 0.000000000000000000e+00 1.000000000000000000e+00
2.703718543052673340e-01 8.511481285095214844e-01 -4.499393105506896973e-01 1.377067416906356812e-01
-9.331739544868469238e-01 3.466443419456481934e-01 9.499457478523254395e-02 3.081424161791801453e-02
2.368233799934387207e-01 3.941878974437713623e-01 8.879926204681396484e-01 -2.925267517566680908e-01
0.000000000000000000e+00 0.000000000000000000e+00 0.000000000000000000e+00 1.000000000000000000e+00
1.764848232269287109e-01 7.678421735763549805e-01 -6.158503890037536621e-01 1.982371360063552856e-01
-9.614784121513366699e-01 2.684391736984252930e-01 5.915826186537742615e-02 4.297921061515808105e-02
2.107427120208740234e-01 5.816861987113952637e-01 7.856392264366149902e-01 -2.572158873081207275e-01
0.000000000000000000e+00 0.000000000000000000e+00 0.000000000000000000e+00 1.000000000000000000e+00
1.360396593809127808e-01 6.699434518814086914e-01 -7.298418879508972168e-01 2.383235394954681396e-01
-9.727876782417297363e-01 2.297973483800888062e-01 2.961399778723716736e-02 5.361259728670120239e-02
1.875553876161575317e-01 7.059524655342102051e-01 6.829742789268493652e-01 -2.227567732334136963e-01
0.000000000000000000e+00 0.000000000000000000e+00 0.000000000000000000e+00 1.000000000000000000e+00
1.067078411579132080e-01 5.721044540405273438e-01 -8.132094144821166992e-01 2.669723033905029297e-01
-9.838287830352783203e-01 1.790839284658432007e-01 -3.108106320723891258e-03 6.433730572462081909e-02
1.438546031713485718e-01 8.003907799720764160e-01 5.819625854492187500e-01 -1.876506060361862183e-01
0.000000000000000000e+00 0.000000000000000000e+00 0.000000000000000000e+00 1.000000000000000000e+00
7.934925705194473267e-02 5.064987540245056152e-01 -8.585818409919738770e-01 2.836868762969970703e-01
-9.908124804496765137e-01 1.346993148326873779e-01 -1.210731547325849533e-02 6.856696307659149170e-02
1.095180064439773560e-01 8.516542315483093262e-01 5.125336050987243652e-01 -1.632170081138610840e-01
0.000000000000000000e+00 0.000000000000000000e+00 0.000000000000000000e+00 1.000000000000000000e+00
1.558092087507247925e-01 5.154744982719421387e-01 -8.426206707954406738e-01 2.715673148632049561e-01
-9.875465035438537598e-01 1.001121625304222107e-01 -1.213636249303817749e-01 1.036300882697105408e-01
2.179669588804244995e-02 8.510366082191467285e-01 5.246534943580627441e-01 -1.598226428031921387e-01
0.000000000000000000e+00 0.000000000000000000e+00 0.000000000000000000e+00 1.000000000000000000e+00
2.668602168560028076e-01 5.772230029106140137e-01 -7.717505097389221191e-01 2.409873753786087036e-01
-9.589117765426635742e-01 7.901467382907867432e-02 -2.724795341491699219e-01 1.499968618154525757e-01
-9.630178660154342651e-02 8.127549886703491211e-01 5.745917558670043945e-01 -1.660041809082031250e-01
0.000000000000000000e+00 0.000000000000000000e+00 0.000000000000000000e+00 1.000000000000000000e+00
3.201630711555480957e-01 6.162923574447631836e-01 -7.194997072219848633e-01 2.211053222417831421e-01
-9.292893409729003906e-01 5.666292458772659302e-02 -3.649801909923553467e-01 1.767697483301162720e-01
-1.841655075550079346e-01 7.854766845703125000e-01 5.908551812171936035e-01 -1.646832972764968872e-01
0.000000000000000000e+00 0.000000000000000000e+00 0.000000000000000000e+00 1.000000000000000000e+00
3.668497204780578613e-01 6.382255554199218750e-01 -6.768231987953186035e-01 2.042560130357742310e-01
-8.893976807594299316e-01 2.730774506926536560e-02 -4.563182592391967773e-01 2.023686319589614868e-01
-2.727513313293457031e-01 7.693651914596557617e-01 5.776541233062744141e-01 -1.533374041318893433e-01
0.000000000000000000e+00 0.000000000000000000e+00 0.000000000000000000e+00 1.000000000000000000e+00
4.212647676467895508e-01 6.379796862602233887e-01 -6.446067094802856445e-01 1.890293359756469727e-01
-8.377673029899597168e-01 1.489235204644501209e-03 -5.460254549980163574e-01 2.263376861810684204e-01
-3.473931252956390381e-01 7.700518369674682617e-01 5.351058244705200195e-01 -1.329466253519058228e-01
0.000000000000000000e+00 0.000000000000000000e+00 0.000000000000000000e+00 1.000000000000000000e+00
5.217853784561157227e-01 6.381574869155883789e-01 -5.661225318908691406e-01 1.580151915550231934e-01
-7.290480136871337891e-01 -1.102030370384454727e-02 -6.843738555908203125e-01 2.591249644756317139e-01
-4.429770112037658691e-01 7.698270082473754883e-01 4.594972431659698486e-01 -9.879262000322341919e-02
0.000000000000000000e+00 0.000000000000000000e+00 0.000000000000000000e+00 1.000000000000000000e+00
6.352502107620239258e-01 6.638027429580688477e-01 -3.947438597679138184e-01 9.535087645053863525e-02
-5.754872560501098633e-01 6.599171459674835205e-02 -8.151435256004333496e-01 2.910268902778625488e-01
-5.150452256202697754e-01 7.449901700019836426e-01 4.239315092563629150e-01 -8.039066940546035767e-02
0.000000000000000000e+00 0.000000000000000000e+00 0.000000000000000000e+00 1.000000000000000000e+00
6.379456520080566406e-01 7.175856828689575195e-01 -2.794572412967681885e-01 6.245162338018417358e-02
-4.984678626060485840e-01 1.081755682826042175e-01 -8.601323962211608887e-01 2.997587025165557861e-01
-5.869881510734558105e-01 6.880181431770324707e-01 4.267034530639648438e-01 -7.642459124326705933e-02
0.000000000000000000e+00 0.000000000000000000e+00 0.000000000000000000e+00 1.000000000000000000e+00
6.107088923454284668e-01 7.653154134750366211e-01 -2.032900452613830566e-01 4.452475905418395996e-02
-3.991373777389526367e-01 7.578539103269577026e-02 -9.137538075447082520e-01 3.100771009922027588e-01
-6.839035749435424805e-01 6.391782164573669434e-01 3.517487943172454834e-01 -5.058548226952552795e-02
0.000000000000000000e+00 0.000000000000000000e+00 0.000000000000000000e+00 1.000000000000000000e+00
4.381819963455200195e-01 8.967053294181823730e-01 -6.257863342761993408e-02 1.819682866334915161e-02
-2.148539721965789795e-01 3.688113763928413391e-02 -9.759495258331298828e-01 3.185720741748809814e-01
-8.728312253952026367e-01 4.410886764526367188e-01 2.088213115930557251e-01 -6.123043131083250046e-03
0.000000000000000000e+00 0.000000000000000000e+00 0.000000000000000000e+00 1.000000000000000000e+00
3.263669908046722412e-01 9.408353567123413086e-01 9.117808938026428223e-02 -2.588979713618755341e-02
-2.557788491249084473e-01 1.807630211114883423e-01 -9.496849775314331055e-01 3.198851943016052246e-01
-9.099789261817932129e-01 2.866243720054626465e-01 2.996409833431243896e-01 -4.000427946448326111e-02
0.000000000000000000e+00 0.000000000000000000e+00 0.000000000000000000e+00 1.000000000000000000e+00
3.175848424434661865e-01 9.476068019866943359e-01 -3.436608612537384033e-02 1.666514016687870026e-02
-3.769353628158569336e-01 9.290599822998046875e-02 -9.215686321258544922e-01 3.134449422359466553e-01
-8.700916171073913574e-01 3.056299388408660889e-01 3.866921365261077881e-01 -6.593278050422668457e-02
0.000000000000000000e+00 0.000000000000000000e+00 0.000000000000000000e+00 1.000000000000000000e+00
2.897439002990722656e-01 9.566024541854858398e-01 -3.098594769835472107e-02 2.154316380620002747e-02
-4.589451849460601807e-01 1.104535982012748718e-01 -8.815720677375793457e-01 3.042634427547454834e-01
-8.398914337158203125e-01 2.696508765220642090e-01 4.710313379764556885e-01 -9.597630053758621216e-02
0.000000000000000000e+00 0.000000000000000000e+00 0.000000000000000000e+00 1.000000000000000000e+00
1.818776428699493408e-01 9.814496636390686035e-01 -6.063751131296157837e-02 3.562268987298011780e-02
-4.749794006347656250e-01 3.369147330522537231e-02 -8.793516159057617188e-01 3.030394315719604492e-01
-8.609964847564697266e-01 1.887358874082565308e-01 4.722962081432342529e-01 -9.778302907943725586e-02
