1 0 0 -0.03619798645377159 
0 1 0 -0.001327119767665863 
0 0 1 -0.2960163652896881 
0 0 0 1 

0.9901958703994751 0.1391845047473907 0.01182375475764275 -0.0429936870932579 
-0.1383173167705536 0.9887955188751221 -0.0561397410929203 0.02739820070564747 
-0.01950507797300816 0.05395390465855598 0.9983528852462769 -0.2968675196170807 
0 0 0 1 

0.831762969493866 0.5549032688140869 -0.01588976569473743 -0.02255727536976337 
-0.5475082397460938 0.8152790069580078 -0.1885594129562378 0.100611537694931 
-0.0916777029633522 0.165536493062973 0.9819332361221313 -0.2894500195980072 
0 0 0 1 

0.7544243335723877 0.6547894477844238 -0.04576396942138672 -0.006493758410215378 
-0.6515798568725586 0.7386547327041626 -0.1727207899093628 0.09955733269453049 
-0.07929205894470215 0.1601236462593079 0.9839071035385132 -0.292326420545578 
0 0 0 1 

0.6941074132919312 0.7160744071006775 -0.07383858412504196 0.006153603084385395 
-0.7191402316093445 0.6851235628128052 -0.1159432381391525 0.08128423988819122 
-0.03243548050522804 0.133577361702919 0.9905074834823608 -0.2991734743118286 
0 0 0 1 

0.5882404446601868 0.8073124885559082 -0.04711122810840607 0.001370235462673008 
-0.8079248666763306 0.5841620564460754 -0.07753552496433258 0.06938464194536209 
-0.03507483005523682 0.08367186784744263 0.9958758950233459 -0.3065030872821808 
0 0 0 1 

0.5024081468582153 0.8634743094444275 -0.04470010101795197 0.005190502852201462 
-0.8641383051872253 0.499706506729126 -0.05965104326605797 0.06403736025094986 
-0.02917021326720715 0.0685962438583374 0.9972179532051086 -0.3104027509689331 
0 0 0 1 

0.4065613150596619 0.9117189645767212 -0.05896137654781342 0.01455935463309288 
-0.9135420322418213 0.4065395295619965 -0.01290813088417053 0.04680604860186577 
0.01220153830945492 0.05911163985729218 0.9981768131256104 -0.3145147264003754 
0 0 0 1 

0.2943827211856842 0.9537346363067627 -0.06106395646929741 0.02004670538008213 
-0.9547209739685059 0.2963570058345795 0.02608099393546581 0.03317088633775711 
0.04297107830643654 0.05062125623226166 0.9977930784225464 -0.3171409964561462 
0 0 0 1 

0.1851262450218201 0.9820724129676819 -0.035523422062397 0.01816483587026596 
-0.9808568358421326 0.1868771761655807 0.05474158003926277 0.02343965321779251 
0.06039871647953987 0.02470929361879826 0.9978684782981873 -0.3194819986820221 
0 0 0 1 

