1.000000000000000000e+00 0.000000000000000000e+00 0.000000000000000000e+00 -4.542167112231254578e-02
0.000000000000000000e+00 1.000000000000000000e+00 0.000000000000000000e+00 9.935460984706878662e-04
0.000000000000000000e+00 0.000000000000000000e+00 1.000000000000000000e+00 -2.875000238418579102e-01
0.000000000000000000e+00 0.000000000000000000e+00 0.000000000000000000e+00 1.000000000000000000e+00
9.968225359916687012e-01 7.711512595415115356e-02 1.996351405978202820e-02 -4.984182491898536682e-02
-7.686814665794372559e-02 9.969583749771118164e-01 -1.285598333925008774e-02 8.354912512004375458e-03
-2.089417167007923126e-02 1.128058228641748428e-02 9.997180104255676270e-01 -2.930813133716583252e-01
0.000000000000000000e+00 0.000000000000000000e+00 0.000000000000000000e+00 1.000000000000000000e+00
9.846788048744201660e-01 1.685084104537963867e-01 4.486225545406341553e-02 -5.525738373398780823e-02
-1.662702262401580811e-01 9.848275184631347656e-01 -4.968422651290893555e-02 2.500146254897117615e-02
-5.255384743213653564e-02 4.146371781826019287e-02 9.977566003799438477e-01 -2.919011116027832031e-01
0.000000000000000000e+00 0.000000000000000000e+00 0.000000000000000000e+00 1.000000000000000000e+00
9.660103917121887207e-01 2.545168399810791016e-01 4.522378370165824890e-02 -5.335508659482002258e-02
-2.508310675621032715e-01 9.651896953582763672e-01 -7.411229610443115234e-02 3.735237568616867065e-02
-6.251237541437149048e-02 6.024971231818199158e-02 9.962237477302551270e-01 -2.917185127735137939e-01
0.000000000000000000e+00 0.000000000000000000e+00 0.000000000000000000e+00 1.000000000000000000e+00
9.359411001205444336e-01 3.467715978622436523e-01 6.134748831391334534e-02 -5.515317618846893311e-02
-3.380801677703857422e-01 9.335514307022094727e-01 -1.190922781825065613e-01 5.575911700725555420e-02
-9.856893867254257202e-02 9.072294086217880249e-02 9.909859895706176758e-01 -2.888951003551483154e-01
0.000000000000000000e+00 0.000000000000000000e+00 0.000000000000000000e+00 1.000000000000000000e+00
8.907809257507324219e-01 4.523712694644927979e-01 4.323555901646614075e-02 -4.661644250154495239e-02
-4.433364570140838623e-01 8.859842419624328613e-01 -1.359569579362869263e-01 6.520963460206985474e-02
-9.980913996696472168e-02 1.019399315118789673e-01 9.897707104682922363e-01 -2.896120250225067139e-01
0.000000000000000000e+00 0.000000000000000000e+00 0.000000000000000000e+00 1.000000000000000000e+00
8.466667532920837402e-01 5.315753817558288574e-01 2.413257211446762085e-02 -3.800565749406814575e-02
-5.212886929512023926e-01 8.376801013946533203e-01 -1.629412025213241577e-01 7.708847522735595703e-02
-1.068310067057609558e-01 1.253768950700759888e-01 9.863408207893371582e-01 -2.886069118976593018e-01
0.000000000000000000e+00 0.000000000000000000e+00 0.000000000000000000e+00 1.000000000000000000e+00
7.900126576423645020e-01 6.130242347717285156e-01 9.027216583490371704e-03 -2.992909774184226990e-02
-6.030321717262268066e-01 7.796230316162109375e-01 -1.689352989196777344e-01 8.296636492013931274e-02
-1.105992719531059265e-01 1.280172467231750488e-01 9.855858087539672852e-01 -2.892145514488220215e-01
0.000000000000000000e+00 0.000000000000000000e+00 0.000000000000000000e+00 1.000000000000000000e+00
7.180502414703369141e-01 6.958082318305969238e-01 -1.596182584762573242e-02 -1.689935475587844849e-02
-6.885558366775512695e-01 7.068487405776977539e-01 -1.620364040136337280e-01 8.376719802618026733e-02
-1.014637202024459839e-01 1.273408681154251099e-01 9.866552948951721191e-01 -2.904201149940490723e-01
0.000000000000000000e+00 0.000000000000000000e+00 0.000000000000000000e+00 1.000000000000000000e+00
6.454009413719177246e-01 7.635496854782104492e-01 -2.119153365492820740e-02 -1.057268679141998291e-02
-7.585286498069763184e-01 6.373965144157409668e-01 -1.354947537183761597e-01 7.799945771694183350e-02
-8.994960039854049683e-02 1.035228595137596130e-01 9.905515313148498535e-01 -2.936630249023437500e-01
0.000000000000000000e+00 0.000000000000000000e+00 0.000000000000000000e+00 1.000000000000000000e+00
5.486310720443725586e-01 8.353312611579895020e-01 -3.500946983695030212e-02 -1.812896371120586991e-04
-8.340203166007995605e-01 5.438831448554992676e-01 -9.274296462535858154e-02 6.648197025060653687e-02
-5.843006819486618042e-02 8.008023351430892944e-02 9.950742125511169434e-01 -2.986741065979003906e-01
0.000000000000000000e+00 0.000000000000000000e+00 0.000000000000000000e+00 1.000000000000000000e+00
4.556627869606018066e-01 8.867403268814086914e-01 -7.786507159471511841e-02 1.978902891278266907e-02
-8.900920748710632324e-01 4.528680145740509033e-01 -5.144139751791954041e-02 5.443536862730979919e-02
-1.035255659371614456e-02 9.274702519178390503e-02 9.956361651420593262e-01 -3.027050197124481201e-01
0.000000000000000000e+00 0.000000000000000000e+00 0.000000000000000000e+00 1.000000000000000000e+00
3.544642329216003418e-01 9.302183389663696289e-01 -9.512821584939956665e-02 2.928339689970016479e-02
-9.348377585411071777e-01 3.548012375831604004e-01 -1.391836721450090408e-02 3.983941301703453064e-02
2.080448903143405914e-02 9.386305510997772217e-02 9.953678250312805176e-01 -3.043411970138549805e-01
0.000000000000000000e+00 0.000000000000000000e+00 0.000000000000000000e+00 1.000000000000000000e+00
2.716445624828338623e-01 9.566991925239562988e-01 -1.045734286308288574e-01 3.498007729649543762e-02
-9.596531391143798828e-01 2.774666249752044678e-01 4.559011757373809814e-02 1.731136627495288849e-02
7.263164967298507690e-02 8.796988427639007568e-02 9.934715032577514648e-01 -3.041727244853973389e-01
0.000000000000000000e+00 0.000000000000000000e+00 0.000000000000000000e+00 1.000000000000000000e+00
1.900906264781951904e-01 9.719890356063842773e-01 -1.382140517234802246e-01 4.724204912781715393e-02
-9.728477597236633301e-01 2.054207026958465576e-01 1.066271811723709106e-01 -5.077123641967773438e-03
1.320324242115020752e-01 1.141923516988754272e-01 9.846459031105041504e-01 -3.023558259010314941e-01
0.000000000000000000e+00 0.000000000000000000e+00 0.000000000000000000e+00 1.000000000000000000e+00
1.188232153654098511e-01 9.827662706375122070e-01 -1.416025459766387939e-01 4.989929124712944031e-02
-9.702044725418090820e-01 1.452459990978240967e-01 1.939237117767333984e-01 -3.500959649682044983e-02
2.111489176750183105e-01 1.143407970666885376e-01 9.707430601119995117e-01 -2.996006011962890625e-01
0.000000000000000000e+00 0.000000000000000000e+00 0.000000000000000000e+00 1.000000000000000000e+00
1.919162720441818237e-01 9.728102684020996094e-01 -1.296470910310745239e-01 4.536852613091468811e-02
-9.535077214241027832e-01 2.161022573709487915e-01 2.100536376237869263e-01 -3.967841714620590210e-02
2.323593050241470337e-01 8.330684900283813477e-02 9.690554141998291016e-01 -2.969595789909362793e-01
0.000000000000000000e+00 0.000000000000000000e+00 0.000000000000000000e+00 1.000000000000000000e+00
2.692290544509887695e-01 9.539829492568969727e-01 -1.320310831069946289e-01 4.373405128717422485e-02
-9.392797946929931641e-01 2.903843820095062256e-01 1.828389763832092285e-01 -2.914050221443176270e-02
2.127650827169418335e-01 7.478861510753631592e-02 9.742370843887329102e-01 -2.960347235202789307e-01
0.000000000000000000e+00 0.000000000000000000e+00 0.000000000000000000e+00 1.000000000000000000e+00
3.297130763530731201e-01 9.341673851013183594e-01 -1.364551633596420288e-01 4.315938800573348999e-02
-9.334059357643127441e-01 3.442362248897552490e-01 1.012647151947021484e-01 -7.686689496040344238e-04
1.415710449218750000e-01 9.397979825735092163e-02 9.854568839073181152e-01 -2.956635355949401855e-01
0.000000000000000000e+00 0.000000000000000000e+00 0.000000000000000000e+00 1.000000000000000000e+00
3.618738353252410889e-01 9.173912405967712402e-01 -1.656516939401626587e-01 5.096498504281044006e-02
-9.294121265411376953e-01 3.688378930091857910e-01 1.230629719793796539e-02 3.073957003653049469e-02
7.238829135894775391e-02 1.495053917169570923e-01 9.861077666282653809e-01 -2.920200526714324951e-01
0.000000000000000000e+00 0.000000000000000000e+00 0.000000000000000000e+00 1.000000000000000000e+00
3.992287516593933105e-01 8.997655510902404785e-01 -1.761765182018280029e-01 5.255266651511192322e-02
-9.167684316635131836e-01 3.943358361721038818e-01 -6.351803243160247803e-02 5.651773512363433838e-02
1.232138648629188538e-02 1.868712902069091797e-01 9.823070168495178223e-01 -2.872799634933471680e-01
0.000000000000000000e+00 0.000000000000000000e+00 0.000000000000000000e+00 1.000000000000000000e+00
4.572462439537048340e-01 8.652337193489074707e-01 -2.056598216295242310e-01 5.801836773753166199e-02
-8.879960775375366211e-01 4.314711987972259521e-01 -1.590454876422882080e-01 8.577731996774673462e-02
-4.887529090046882629e-02 2.553480267524719238e-01 9.656127691268920898e-01 -2.768669128417968750e-01
0.000000000000000000e+00 0.000000000000000000e+00 0.000000000000000000e+00 1.000000000000000000e+00
5.344851016998291016e-01 8.223042488098144531e-01 -1.952981501817703247e-01 4.912874102592468262e-02
-8.401597738265991211e-01 4.917892217636108398e-01 -2.286378741264343262e-01 1.048669964075088501e-01
-9.196444600820541382e-02 2.862852513790130615e-01 9.537209868431091309e-01 -2.695910036563873291e-01
0.000000000000000000e+00 0.000000000000000000e+00 0.000000000000000000e+00 1.000000000000000000e+00
5.929710865020751953e-01 7.837287783622741699e-01 -1.848108023405075073e-01 4.158450663089752197e-02
-7.942655086517333984e-01 5.315519571304321289e-01 -2.942693233489990234e-01 1.211108267307281494e-01
-1.323909759521484375e-01 3.212820589542388916e-01 9.376833438873291016e-01 -2.610403597354888916e-01
0.000000000000000000e+00 0.000000000000000000e+00 0.000000000000000000e+00 1.000000000000000000e+00
6.738110780715942383e-01 7.209179401397705078e-01 -1.620366722345352173e-01 2.899030409753322601e-02
-7.190560698509216309e-01 5.892659425735473633e-01 -3.684065639972686768e-01 1.361865252256393433e-01
-1.701083779335021973e-01 3.647500574588775635e-01 9.154344201087951660e-01 -2.500952780246734619e-01
0.000000000000000000e+00 0.000000000000000000e+00 0.000000000000000000e+00 1.000000000000000000e+00
7.343958020210266113e-01 6.624130010604858398e-01 -1.478915810585021973e-01 2.112222090363502502e-02
-6.485303044319152832e-01 6.206012368202209473e-01 -4.407523274421691895e-01 1.506903320550918579e-01
-2.001784443855285645e-01 4.195986390113830566e-01 8.853617906570434570e-01 -2.361896336078643799e-01
0.000000000000000000e+00 0.000000000000000000e+00 0.000000000000000000e+00 1.000000000000000000e+00
7.564965486526489258e-01 6.413206458091735840e-01 -1.281425207853317261e-01 1.350936852395534515e-02
-6.001771092414855957e-01 6.029458642005920410e-01 -5.255883336067199707e-01 1.697651445865631104e-01
-2.598077058792114258e-01 4.745138883590698242e-01 8.410326242446899414e-01 -2.155887186527252197e-01
0.000000000000000000e+00 0.000000000000000000e+00 0.000000000000000000e+00 1.000000000000000000e+00
7.871271371841430664e-01 6.017369627952575684e-01 -1.354365497827529907e-01 1.276494748890399933e-02
-5.356828570365905762e-01 5.580909848213195801e-01 -6.337020397186279297e-01 1.978659480810165405e-01
-3.057360649108886719e-01 5.713552236557006836e-01 7.616288661956787109e-01 -1.864851564168930054e-01
0.000000000000000000e+00 0.000000000000000000e+00 0.000000000000000000e+00 1.000000000000000000e+00
8.100981712341308594e-01 5.716543197631835938e-01 -1.302014589309692383e-01 9.298280812799930573e-03
-4.805116653442382812e-01 5.201135873794555664e-01 -7.061092257499694824e-01 2.166822105646133423e-01
-3.359306454658508301e-01 6.345810294151306152e-01 6.960299611091613770e-01 -1.631833314895629883e-01
0.000000000000000000e+00 0.000000000000000000e+00 0.000000000000000000e+00 1.000000000000000000e+00
8.370637297630310059e-01 5.334405899047851562e-01 -1.215106323361396790e-01 4.120343830436468124e-03
-4.143965840339660645e-01 4.731774032115936279e-01 -7.774178385734558105e-01 2.352669537067413330e-01
-3.572101891040802002e-01 7.011018395423889160e-01 6.171358227729797363e-01 -1.404779404401779175e-01
0.000000000000000000e+00 0.000000000000000000e+00 0.000000000000000000e+00 1.000000000000000000e+00
8.670716285705566406e-01 4.911289513111114502e-01 -8.353994786739349365e-02 -8.703508414328098297e-03
-3.276687562465667725e-01 4.359084367752075195e-01 -8.382222056388854980e-01 2.498694807291030884e-01
-3.752596676349639893e-01 7.541723251342773438e-01 5.388914942741394043e-01 -1.196867823600769043e-01
0.000000000000000000e+00 0.000000000000000000e+00 0.000000000000000000e+00 1.000000000000000000e+00
8.816015720367431641e-01 4.689838588237762451e-01 -5.322219803929328918e-02 -1.767255738377571106e-02
-2.282324731349945068e-01 3.248779773712158203e-01 -9.178038835525512695e-01 2.652057111263275146e-01
-4.131446778774261475e-01 8.212843537330627441e-01 3.934502601623535156e-01 -7.973106205463409424e-02
0.000000000000000000e+00 0.000000000000000000e+00 0.000000000000000000e+00 1.000000000000000000e+00
8.646609187126159668e-01 5.021391510963439941e-01 -1.476320810616016388e-02 -3.245455399155616760e-02
-9.791780263185501099e-02 1.396402120590209961e-01 -9.853489995002746582e-01 2.823041677474975586e-01
-4.927207231521606445e-01 8.534383177757263184e-01 1.699097901582717896e-01 -1.546669658273458481e-02
0.000000000000000000e+00 0.000000000000000000e+00 0.000000000000000000e+00 1.000000000000000000e+00
8.625764250755310059e-01 5.048251748085021973e-01 -3.336353600025177002e-02 -2.491985447704792023e-02
-9.959720820188522339e-02 1.047831326723098755e-01 -9.894950985908508301e-01 2.828349173069000244e-01
-4.960262477397918701e-01 8.568382263183593750e-01 1.406626552343368530e-01 -1.483155414462089539e-02
0.000000000000000000e+00 0.000000000000000000e+00 0.000000000000000000e+00 1.000000000000000000e+00
8.225136995315551758e-01 5.684018135070800781e-01 -1.976842992007732391e-02 -2.471503429114818573e-02
-1.068686991930007935e-01 1.203202158212661743e-01 -9.869659543037414551e-01 2.823024988174438477e-01
-5.586147308349609375e-01 8.139054775238037109e-01 1.597093790769577026e-01 -1.889324560761451721e-02
0.000000000000000000e+00 0.000000000000000000e+00 0.000000000000000000e+00 1.000000000000000000e+00
8.003458380699157715e-01 5.972743034362792969e-01 -5.205384269356727600e-02 -1.478881388902664185e-02
-2.490794360637664795e-01 2.522740960121154785e-01 -9.350492358207702637e-01 2.737070024013519287e-01
-5.453491210937500000e-01 7.613283991813659668e-01 3.506753444671630859e-01 -6.228882074356079102e-02
0.000000000000000000e+00 0.000000000000000000e+00 0.000000000000000000e+00 1.000000000000000000e+00
8.252877593040466309e-01 5.594099760055541992e-01 -7.720561325550079346e-02 -8.722183294594287872e-03
-2.992050945758819580e-01 3.172120451927185059e-01 -8.999177813529968262e-01 2.659167349338531494e-01
-4.789326190948486328e-01 7.657916545867919922e-01 4.291697144508361816e-01 -8.575038611888885498e-02
0.000000000000000000e+00 0.000000000000000000e+00 0.000000000000000000e+00 1.000000000000000000e+00
8.040276765823364258e-01 5.875257849693298340e-01 -9.139401465654373169e-02 -4.923325497657060623e-03
-3.707626163959503174e-01 3.752339780330657959e-01 -8.495497703552246094e-01 2.552077770233154297e-01
-4.648382067680358887e-01 7.169467806816101074e-01 5.195311307907104492e-01 -1.112250238656997681e-01
0.000000000000000000e+00 0.000000000000000000e+00 0.000000000000000000e+00 1.000000000000000000e+00
8.282970190048217773e-01 5.551739335060119629e-01 -7.553390413522720337e-02 -1.468263193964958191e-02
-4.563407003879547119e-01 5.902500152587890625e-01 -6.658515334129333496e-01 2.160702645778656006e-01
-3.250795304775238037e-01 5.859921574592590332e-01 7.422511577606201172e-01 -1.804819256067276001e-01
0.000000000000000000e+00 0.000000000000000000e+00 0.000000000000000000e+00 1.000000000000000000e+00
8.302305936813354492e-01 5.550739765167236328e-01 -5.108821392059326172e-02 -2.319164201617240906e-02
-4.686934649944305420e-01 6.455307006835937500e-01 -6.030060052871704102e-01 1.977675110101699829e-01
-3.017340302467346191e-01 5.245785713195800781e-01 7.960990667343139648e-01 -1.971185356378555298e-01
0.000000000000000000e+00 0.000000000000000000e+00 0.000000000000000000e+00 1.000000000000000000e+00
8.542977571487426758e-01 5.171340107917785645e-01 -5.241760239005088806e-02 -2.322775684297084808e-02
-4.616064429283142090e-01 7.084537148475646973e-01 -5.338661074638366699e-01 1.766560524702072144e-01
-2.389448136091232300e-01 4.802767932415008545e-01 8.439428210258483887e-01 -2.131453603506088257e-01
0.000000000000000000e+00 0.000000000000000000e+00 0.000000000000000000e+00 1.000000000000000000e+00
8.691820502281188965e-01 4.943142831325531006e-01 -1.327245309948921204e-02 -3.303311765193939209e-02
-4.599026739597320557e-01 7.982296347618103027e-01 -3.889968693256378174e-01 1.349715441465377808e-01
-1.816923916339874268e-01 3.442130684852600098e-01 9.211434125900268555e-01 -2.368406206369400024e-01
0.000000000000000000e+00 0.000000000000000000e+00 0.000000000000000000e+00 1.000000000000000000e+00
8.758642077445983887e-01 4.824528694152832031e-01 -1.005601231008768082e-02 -3.220193088054656982e-02
-4.692307412624359131e-01 8.466263413429260254e-01 -2.510893940925598145e-01 9.659621864557266235e-02
-1.126252114772796631e-01 2.246388643980026245e-01 9.679116606712341309e-01 -2.525499165058135986e-01
0.000000000000000000e+00 0.000000000000000000e+00 0.000000000000000000e+00 1.000000000000000000e+00
8.789417743682861328e-01 4.767387509346008301e-01 -1.346511673182249069e-02 -2.729428187012672424e-02
-4.768320024013519287e-01 8.778433799743652344e-01 -4.496568813920021057e-02 3.821203857660293579e-02
-9.616633877158164978e-03 4.594282433390617371e-02 9.988976716995239258e-01 -2.659306228160858154e-01
0.000000000000000000e+00 0.000000000000000000e+00 0.000000000000000000e+00 1.000000000000000000e+00
8.880993723869323730e-01 4.595790505409240723e-01 -8.166085928678512573e-03 -2.728332579135894775e-02
-4.586890637874603271e-01 8.872489929199218750e-01 4.892463982105255127e-02 1.059730071574449539e-02
2.973009087145328522e-02 -3.970422968268394470e-02 9.987692832946777344e-01 -2.685307860374450684e-01
0.000000000000000000e+00 0.000000000000000000e+00 0.000000000000000000e+00 1.000000000000000000e+00
8.932877779006958008e-01 4.494327902793884277e-01 -6.857673637568950653e-03 -2.718827873468399048e-02
-4.433153271675109863e-01 8.834428191184997559e-01 1.516575217247009277e-01 -2.120974473655223846e-02
7.421825826168060303e-02 -1.324336677789688110e-01 9.884093403816223145e-01 -2.675979435443878174e-01
0.000000000000000000e+00 0.000000000000000000e+00 0.000000000000000000e+00 1.000000000000000000e+00
8.969833850860595703e-01 4.418990015983581543e-01 -1.208168454468250275e-02 -2.550492435693740845e-02
-4.241188466548919678e-01 8.679571747779846191e-01 2.584060430526733398e-01 -5.469892919063568115e-02
1.246758103370666504e-01 -2.266618609428405762e-01 9.659608602523803711e-01 -2.629524171352386475e-01
0.000000000000000000e+00 0.000000000000000000e+00 0.000000000000000000e+00 1.000000000000000000e+00
9.005090594291687012e-01 4.345180690288543701e-01 -1.663822680711746216e-02 -2.412330545485019684e-02
-3.979963958263397217e-01 8.390262722969055176e-01 3.709896504878997803e-01 -9.226014465093612671e-02
1.751617342233657837e-01 -3.274575471878051758e-01 9.284878969192504883e-01 -2.533883452415466309e-01
0.000000000000000000e+00 0.000000000000000000e+00 0.000000000000000000e+00 1.000000000000000000e+00
9.061437845230102539e-01 4.228765368461608887e-01 -8.840909227728843689e-03 -2.744605951011180878e-02
-3.726672530174255371e-01 8.080925941467285156e-01 4.561862051486968994e-01 -1.202457696199417114e-01
2.000549137592315674e-01 -4.100755751132965088e-01 8.898401856422424316e-01 -2.436771094799041748e-01
0.000000000000000000e+00 0.000000000000000000e+00 0.000000000000000000e+00 1.000000000000000000e+00
9.158530831336975098e-01 4.014258086681365967e-01 -8.435588330030441284e-03 -3.037742897868156433e-02
-3.308175504207611084e-01 7.663330435752868652e-01 5.507212877273559570e-01 -1.516863405704498291e-01
2.275381833314895630e-01 -5.015885829925537109e-01 8.346466422080993652e-01 -2.303180247545242310e-01
0.000000000000000000e+00 0.000000000000000000e+00 0.000000000000000000e+00 1.000000000000000000e+00
9.121273159980773926e-01 4.095433950424194336e-01 1.724655926227569580e-02 -3.906177356839179993e-02
-3.280838727951049805e-01 7.041857838630676270e-01 6.296693682670593262e-01 -1.757606267929077148e-01
2.457323670387268066e-01 -5.799970030784606934e-01 7.766718268394470215e-01 -2.160051017999649048e-01
0.000000000000000000e+00 0.000000000000000000e+00 0.000000000000000000e+00 1.000000000000000000e+00
9.196784496307373047e-01 3.911556005477905273e-01 3.448912128806114197e-02 -4.595370218157768250e-02
-2.925347685813903809e-01 6.239053010940551758e-01 7.246827483177185059e-01 -2.060823738574981689e-01
2.619460821151733398e-01 -6.765644550323486328e-01 6.882188320159912109e-01 -1.913999021053314209e-01
0.000000000000000000e+00 0.000000000000000000e+00 0.000000000000000000e+00 1.000000000000000000e+00
9.280228614807128906e-01 3.687650263309478760e-01 5.277679860591888428e-02 -5.331196635961532593e-02
-2.630679011344909668e-01 5.484308600425720215e-01 7.937372326850891113e-01 -2.285964637994766235e-01
2.637581527233123779e-01 -7.504901885986328125e-01 6.059666872024536133e-01 -1.668193340301513672e-01
0.000000000000000000e+00 0.000000000000000000e+00 0.000000000000000000e+00 1.000000000000000000e+00
9.364078044891357422e-01 3.473634123802185059e-01 4.978599771857261658e-02 -5.439024791121482849e-02
-2.222500741481781006e-01 4.772803485393524170e-01 8.501809239387512207e-01 -2.482209652662277222e-01
2.715599238872528076e-01 -8.071815967559814453e-01 5.241308808326721191e-01 -1.434030383825302124e-01
0.000000000000000000e+00 0.000000000000000000e+00 0.000000000000000000e+00 1.000000000000000000e+00
9.497190117835998535e-01 3.103984892368316650e-01 4.106788337230682373e-02 -5.515828728675842285e-02
-1.736653149127960205e-01 4.130795001983642578e-01 8.939828276634216309e-01 -2.635959088802337646e-01
2.605265974998474121e-01 -8.561647534370422363e-01 4.462150633335113525e-01 -1.214419081807136536e-01
0.000000000000000000e+00 0.000000000000000000e+00 0.000000000000000000e+00 1.000000000000000000e+00
9.589042663574218750e-01 2.802482843399047852e-01 4.431269690394401550e-02 -5.902542918920516968e-02
-1.431537419557571411e-01 3.430276513099670410e-01 9.283524155616760254e-01 -2.761513888835906982e-01
2.449686825275421143e-01 -8.965449333190917969e-01 3.690493702888488770e-01 -9.788760542869567871e-02
0.000000000000000000e+00 0.000000000000000000e+00 0.000000000000000000e+00 1.000000000000000000e+00
9.666991829872131348e-01 2.486097365617752075e-01 6.071021780371665955e-02 -6.638004630804061890e-02
-1.275745332241058350e-01 2.624963521957397461e-01 9.564621448516845703e-01 -2.896001040935516357e-01
2.218496352434158325e-01 -9.323565363883972168e-01 2.854714393615722656e-01 -6.833529472351074219e-02
0.000000000000000000e+00 0.000000000000000000e+00 0.000000000000000000e+00 1.000000000000000000e+00
9.795909523963928223e-01 1.964475959539413452e-01 4.253478720784187317e-02 -6.410009413957595825e-02
-7.363631576299667358e-02 1.538421064615249634e-01 9.853475689888000488e-01 -3.028601706027984619e-01
1.870255768299102783e-01 -9.683707356452941895e-01 1.651681065559387207e-01 -2.594131976366043091e-02
0.000000000000000000e+00 0.000000000000000000e+00 0.000000000000000000e+00 1.000000000000000000e+00
9.931754469871520996e-01 1.165655702352523804e-01 3.865176578983664513e-03 -5.515550076961517334e-02
-1.932859607040882111e-02 1.318225711584091187e-01 9.910849332809448242e-01 -3.060813546180725098e-01
1.150168478488922119e-01 -9.843958020210266113e-01 1.331760585308074951e-01 -1.679743267595767975e-02
0.000000000000000000e+00 0.000000000000000000e+00 0.000000000000000000e+00 1.000000000000000000e+00
9.957256317138671875e-01 9.107267856597900391e-02 -1.538483798503875732e-02 -5.014786124229431152e-02
-7.523866370320320129e-03 2.459942698478698730e-01 9.692419767379760742e-01 -3.011838793754577637e-01
9.205605834722518921e-02 -9.649827480316162109e-01 2.456278949975967407e-01 -5.242814123630523682e-02
0.000000000000000000e+00 0.000000000000000000e+00 0.000000000000000000e+00 1.000000000000000000e+00
9.980949163436889648e-01 2.772102504968643188e-02 -5.512123927474021912e-02 -3.619812801480293274e-02
4.462924599647521973e-02 2.925111353397369385e-01 9.552199840545654297e-01 -3.077658116817474365e-01
4.260324314236640930e-02 -9.558599591255187988e-01 2.907165288925170898e-01 -6.464713811874389648e-02
0.000000000000000000e+00 0.000000000000000000e+00 0.000000000000000000e+00 1.000000000000000000e+00
9.885038137435913086e-01 -4.544322192668914795e-02 -1.442028731107711792e-01 -2.748400671407580376e-03
1.511491537094116211e-01 2.738141715526580811e-01 9.498317241668701172e-01 -3.182085156440734863e-01
-3.678630338981747627e-03 -9.607082009315490723e-01 2.775350809097290039e-01 -5.804578214883804321e-02
0.000000000000000000e+00 0.000000000000000000e+00 0.000000000000000000e+00 1.000000000000000000e+00
9.691950082778930664e-01 -6.798767298460006714e-02 -2.367249876260757446e-01 2.889183908700942993e-02
2.462684810161590576e-01 2.534826099872589111e-01 9.354670047760009766e-01 -3.230223059654235840e-01
-3.594577545300126076e-03 -9.649478197097778320e-01 2.624171674251556396e-01 -5.161234363913536072e-02
0.000000000000000000e+00 0.000000000000000000e+00 0.000000000000000000e+00 1.000000000000000000e+00
9.725463986396789551e-01 -3.387863561511039734e-02 -2.302285581827163696e-01 2.530594728887081146e-02
2.300138324499130249e-01 2.900542914867401123e-01 9.289574027061462402e-01 -3.211407363414764404e-01
3.530697524547576904e-02 -9.564103484153747559e-01 2.898838222026824951e-01 -6.357431411743164062e-02
0.000000000000000000e+00 0.000000000000000000e+00 0.000000000000000000e+00 1.000000000000000000e+00
9.821324348449707031e-01 4.754754155874252319e-02 -1.820862591266632080e-01 5.732683930546045303e-03
1.563876122236251831e-01 3.320185542106628418e-01 9.302186369895935059e-01 -3.180955052375793457e-01
1.046855896711349487e-01 -9.420735836029052734e-01 3.186502158641815186e-01 -7.956652343273162842e-02
0.000000000000000000e+00 0.000000000000000000e+00 0.000000000000000000e+00 1.000000000000000000e+00
9.842943549156188965e-01 1.296622902154922485e-01 -1.198036968708038330e-01 -1.828947849571704865e-02
6.347959488630294800e-02 3.732839822769165039e-01 9.255427122116088867e-01 -3.115380108356475830e-01
1.647287309169769287e-01 -9.186109900474548340e-01 3.591902852058410645e-01 -1.003712788224220276e-01
0.000000000000000000e+00 0.000000000000000000e+00 0.000000000000000000e+00 1.000000000000000000e+00
9.791571497917175293e-01 2.004155665636062622e-01 -3.293750435113906860e-02 -4.855537042021751404e-02
-3.142068535089492798e-02 3.096909821033477783e-01 9.503177404403686523e-01 -3.141520321369171143e-01
2.006589472293853760e-01 -9.294756650924682617e-01 3.095334172248840332e-01 -8.805934339761734009e-02
0.000000000000000000e+00 0.000000000000000000e+00 0.000000000000000000e+00 1.000000000000000000e+00
9.240139126777648926e-01 3.720944523811340332e-01 8.799693733453750610e-02 -8.647800981998443604e-02
-2.178296893835067749e-01 3.231377601623535156e-01 9.209406375885009766e-01 -2.944537997245788574e-01
3.142420649528503418e-01 -8.701306581497192383e-01 3.796372115612030029e-01 -1.207621917128562927e-01
0.000000000000000000e+00 0.000000000000000000e+00 0.000000000000000000e+00 1.000000000000000000e+00
8.780347704887390137e-01 4.711459875106811523e-01 8.412315696477890015e-02 -8.328844606876373291e-02
-2.728127539157867432e-01 3.482925295829772949e-01 8.968085050582885742e-01 -2.825550138950347900e-01
3.932284712791442871e-01 -8.103789687156677246e-01 4.343476593494415283e-01 -1.471169143915176392e-01
0.000000000000000000e+00 0.000000000000000000e+00 0.000000000000000000e+00 1.000000000000000000e+00
8.356104493141174316e-01 5.462492108345031738e-01 5.802567303180694580e-02 -7.272217422723770142e-02
-3.336319923400878906e-01 4.207537472248077393e-01 8.435970544815063477e-01 -2.620450854301452637e-01
4.363996088504791260e-01 -7.242777347564697266e-01 5.338323116302490234e-01 -1.838128566741943359e-01
0.000000000000000000e+00 0.000000000000000000e+00 0.000000000000000000e+00 1.000000000000000000e+00
8.050772547721862793e-01 5.912507772445678711e-01 4.767758771777153015e-02 -6.713907420635223389e-02
-4.217384159564971924e-01 5.140283703804016113e-01 7.469344735145568848e-01 -2.245669811964035034e-01
4.171180129051208496e-01 -6.214472055435180664e-01 6.631858348846435547e-01 -2.259147763252258301e-01
0.000000000000000000e+00 0.000000000000000000e+00 0.000000000000000000e+00 1.000000000000000000e+00
7.756902575492858887e-01 6.308259367942810059e-01 1.906820200383663177e-02 -5.663844570517539978e-02
-5.016979575157165527e-01 5.980156660079956055e-01 6.250413060188293457e-01 -1.783831864595413208e-01
3.828889131546020508e-01 -4.944046735763549805e-01 7.803589105606079102e-01 -2.624629735946655273e-01
0.000000000000000000e+00 0.000000000000000000e+00 0.000000000000000000e+00 1.000000000000000000e+00
7.506008148193359375e-01 6.606546640396118164e-01 1.157373096793889999e-02 -5.271187052130699158e-02
-5.651471018791198730e-01 6.328175067901611328e-01 5.292924642562866211e-01 -1.424273401498794556e-01
3.423556089401245117e-01 -4.038280546665191650e-01 8.483607172966003418e-01 -2.827244699001312256e-01
0.000000000000000000e+00 0.000000000000000000e+00 0.000000000000000000e+00 1.000000000000000000e+00
6.525496840476989746e-01 7.576872706413269043e-01 9.432842023670673370e-03 -4.516842961311340332e-02
-6.752347946166992188e-01 5.757992863655090332e-01 4.609904885292053223e-01 -1.119724363088607788e-01
3.438552916049957275e-01 -3.071885406970977783e-01 8.873549103736877441e-01 -2.972727417945861816e-01
0.000000000000000000e+00 0.000000000000000000e+00 0.000000000000000000e+00 1.000000000000000000e+00
5.864642262458801270e-01 8.094683885574340820e-01 -2.865060977637767792e-02 -2.790113911032676697e-02
-7.363954186439514160e-01 5.475857257843017578e-01 3.973302841186523438e-01 -8.595842868089675903e-02
3.373152017593383789e-01 -2.119217067956924438e-01 9.172281026840209961e-01 -3.082501292228698730e-01
0.000000000000000000e+00 0.000000000000000000e+00 0.000000000000000000e+00 1.000000000000000000e+00
5.418627262115478516e-01 8.380883932113647461e-01 -6.318507343530654907e-02 -1.227085664868354797e-02
-7.787409424781799316e-01 5.289250016212463379e-01 3.373435437679290771e-01 -6.213196367025375366e-02
3.161439597606658936e-01 -1.335891187191009521e-01 9.392589330673217773e-01 -3.145177066326141357e-01
0.000000000000000000e+00 0.000000000000000000e+00 0.000000000000000000e+00 1.000000000000000000e+00
5.026434659957885742e-01 8.557026386260986328e-01 -1.229732781648635864e-01 1.102235168218612671e-02
-8.183357715606689453e-01 5.168267488479614258e-01 2.514292597770690918e-01 -3.027535416185855865e-02
2.787044048309326172e-01 -2.574577555060386658e-02 9.600316286087036133e-01 -3.197045326232910156e-01
0.000000000000000000e+00 0.000000000000000000e+00 0.000000000000000000e+00 1.000000000000000000e+00
4.368278980255126953e-01 8.829732537269592285e-01 -1.718703657388687134e-01 3.328294679522514343e-02
-8.584919571876525879e-01 4.662732481956481934e-01 2.134952247142791748e-01 -1.453929767012596130e-02
2.686491608619689941e-01 5.428872257471084595e-02 9.617071151733398438e-01 -3.198811709880828857e-01
0.000000000000000000e+00 0.000000000000000000e+00 0.000000000000000000e+00 1.000000000000000000e+00
3.536280691623687744e-01 8.948656320571899414e-01 -2.723285555839538574e-01 7.333058863878250122e-02
-8.932524919509887695e-01 4.094654023647308350e-01 1.855748891830444336e-01 -2.401946112513542175e-03
2.775735557079315186e-01 1.776336431503295898e-01 9.441391229629516602e-01 -3.142903447151184082e-01
0.000000000000000000e+00 0.000000000000000000e+00 0.000000000000000000e+00 1.000000000000000000e+00
2.943582236766815186e-01 8.837016224861145020e-01 -3.639011681079864502e-01 1.082153618335723877e-01
-9.126001596450805664e-01 3.729633092880249023e-01 1.675092428922653198e-01 5.006487481296062469e-03
2.837499678134918213e-01 2.827886343002319336e-01 9.162512421607971191e-01 -3.055544197559356689e-01
0.000000000000000000e+00 0.000000000000000000e+00 0.000000000000000000e+00 1.000000000000000000e+00
2.695851624011993408e-01 8.524776697158813477e-01 -4.478895962238311768e-01 1.369714587926864624e-01
-9.327701330184936523e-01 3.467442095279693604e-01 9.853030741214752197e-02 2.955077588558197021e-02
2.392980307340621948e-01 3.912158906459808350e-01 8.886433839797973633e-01 -2.930242419242858887e-01
0.000000000000000000e+00 0.000000000000000000e+00 0.000000000000000000e+00 1.000000000000000000e+00
1.759616434574127197e-01 7.709077000617980957e-01 -6.121596693992614746e-01 1.969614773988723755e-01
-9.609808325767517090e-01 2.693516612052917480e-01 6.297312676906585693e-02 4.210409149527549744e-02
2.134327739477157593e-01 5.771925449371337891e-01 7.882230281829833984e-01 -2.582141757011413574e-01
0.000000000000000000e+00 0.000000000000000000e+00 0.000000000000000000e+00 1.000000000000000000e+00
1.342570930719375610e-01 6.723169088363647461e-01 -7.279871106147766113e-01 2.378978431224822998e-01
-9.739417433738708496e-01 2.250359058380126953e-01 2.821044251322746277e-02 5.410887300968170166e-02
1.827895343303680420e-01 7.052296400070190430e-01 6.850102543830871582e-01 -2.230247706174850464e-01
0.000000000000000000e+00 0.000000000000000000e+00 0.000000000000000000e+00 1.000000000000000000e+00
1.089660450816154480e-01 5.705810785293579102e-01 -8.139797449111938477e-01 2.670738101005554199e-01
-9.831419587135314941e-01 1.828106194734573364e-01 -3.465415677055716515e-03 6.462381780147552490e-02
1.468269079923629761e-01 8.006355166435241699e-01 5.808825492858886719e-01 -1.874413192272186279e-01
0.000000000000000000e+00 0.000000000000000000e+00 0.000000000000000000e+00 1.000000000000000000e+00
7.755794376134872437e-02 5.076701641082763672e-01 -8.580535054206848145e-01 2.834832668304443359e-01
-9.907218217849731445e-01 1.355842798948287964e-01 -9.330611675977706909e-03 6.687597930431365967e-02
1.116016581654548645e-01 8.508158922195434570e-01 5.134755969047546387e-01 -1.634231954813003540e-01
0.000000000000000000e+00 0.000000000000000000e+00 0.000000000000000000e+00 1.000000000000000000e+00
1.562332808971405029e-01 5.161953568458557129e-01 -8.421009182929992676e-01 2.714094519615173340e-01
-9.873573780059814453e-01 1.047233715653419495e-01 -1.189884692430496216e-01 1.033106297254562378e-01
2.676631882786750793e-02 8.500441312789916992e-01 5.260306000709533691e-01 -1.606553792953491211e-01
0.000000000000000000e+00 0.000000000000000000e+00 0.000000000000000000e+00 1.000000000000000000e+00
2.626092135906219482e-01 5.774448513984680176e-01 -7.730417847633361816e-01 2.416197955608367920e-01
-9.601613283157348633e-01 7.706300169229507446e-02 -2.686109840869903564e-01 1.489822417497634888e-01
-9.553501009941101074e-02 8.127847909927368164e-01 5.746775269508361816e-01 -1.658822596073150635e-01
0.000000000000000000e+00 0.000000000000000000e+00 0.000000000000000000e+00 1.000000000000000000e+00
3.179948627948760986e-01 6.221785545349121094e-01 -7.153835296630859375e-01 2.199571728706359863e-01
-9.298472404479980469e-01 5.734874308109283447e-02 -3.634490668773651123e-01 1.764087229967117310e-01
-1.851038038730621338e-01 7.807723879814147949e-01 5.967675447463989258e-01 -1.664164364337921143e-01
0.000000000000000000e+00 0.000000000000000000e+00 0.000000000000000000e+00 1.000000000000000000e+00
3.644925355911254883e-01 6.379496455192565918e-01 -6.783550381660461426e-01 2.047659456729888916e-01
-8.912179470062255859e-01 2.780044451355934143e-02 -4.527229666709899902e-01 2.014803141355514526e-01
-2.699557840824127197e-01 7.695764303207397461e-01 5.786853432655334473e-01 -1.536611169576644897e-01
0.000000000000000000e+00 0.000000000000000000e+00 0.000000000000000000e+00 1.000000000000000000e+00
4.192952215671539307e-01 6.450285315513610840e-01 -6.388503313064575195e-01 1.875275671482086182e-01
-8.393070697784423828e-01 7.180518470704555511e-03 -5.436104536056518555e-01 2.255829870700836182e-01
-3.460569679737091064e-01 7.641249299049377441e-01 5.443875789642333984e-01 -1.358038783073425293e-01
0.000000000000000000e+00 0.000000000000000000e+00 0.000000000000000000e+00 1.000000000000000000e+00
5.165200233459472656e-01 6.449256539344787598e-01 -5.632742047309875488e-01 1.576243489980697632e-01
-7.333056330680847168e-01 -6.489123217761516571e-03 -6.798682808876037598e-01 2.580467760562896729e-01
-4.421194493770599365e-01 7.642179727554321289e-01 4.695757627487182617e-01 -1.017047762870788574e-01
0.000000000000000000e+00 0.000000000000000000e+00 0.000000000000000000e+00 1.000000000000000000e+00
6.265902519226074219e-01 6.786659955978393555e-01 -3.831403851509094238e-01 9.317688643932342529e-02
-5.759284496307373047e-01 7.201110571622848511e-02 -8.143219351768493652e-01 2.905474901199340820e-01
-5.250627994537353516e-01 7.309075593948364258e-01 4.359847307205200195e-01 -8.370187133550643921e-02
0.000000000000000000e+00 0.000000000000000000e+00 0.000000000000000000e+00 1.000000000000000000e+00
6.381046772003173828e-01 7.182182073593139648e-01 -2.774620950222015381e-01 6.204632669687271118e-02
-4.974918365478515625e-01 1.095623821020126343e-01 -8.605219125747680664e-01 2.999531626701354980e-01
-5.876429677009582520e-01 6.871382594108581543e-01 4.272199869155883789e-01 -7.647412270307540894e-02
0.000000000000000000e+00 0.000000000000000000e+00 0.000000000000000000e+00 1.000000000000000000e+00
6.107209920883178711e-01 7.655553817749023438e-01 -2.023482322692871094e-01 4.432700574398040771e-02
-3.989067077636718750e-01 7.670159637928009033e-02 -9.137780666351318359e-01 3.101925253868103027e-01
-6.840274930000305176e-01 6.387814879417419434e-01 3.522284030914306641e-01 -5.072961747646331787e-02
0.000000000000000000e+00 0.000000000000000000e+00 0.000000000000000000e+00 1.000000000000000000e+00
4.369165003299713135e-01 8.976086974143981934e-01 -5.833134800195693970e-02 1.703328266739845276e-02
-2.240296006202697754e-01 4.578416794538497925e-02 -9.735062122344970703e-01 3.183018267154693604e-01
-8.711571693420410156e-01 4.384088218212127686e-01 2.210947722196578979e-01 -9.584071114659309387e-03
0.000000000000000000e+00 0.000000000000000000e+00 0.000000000000000000e+00 1.000000000000000000e+00
3.133623898029327393e-01 9.448630213737487793e-01 9.506761282682418823e-02 -2.639539912343025208e-02
-2.582567930221557617e-01 1.811287403106689453e-01 -9.489444494247436523e-01 3.200495541095733643e-01
-9.138420224189758301e-01 2.728116214275360107e-01 3.007764518260955811e-01 -3.981827944517135620e-02
0.000000000000000000e+00 0.000000000000000000e+00 0.000000000000000000e+00 1.000000000000000000e+00
3.108381927013397217e-01 9.501588940620422363e-01 -2.402952313423156738e-02 1.349649019539356232e-02
-3.707269430160522461e-01 9.792398661375045776e-02 -9.235652685165405273e-01 3.140312731266021729e-01
-8.751805424690246582e-01 2.959876954555511475e-01 3.826881647109985352e-01 -6.513230502605438232e-02
0.000000000000000000e+00 0.000000000000000000e+00 0.000000000000000000e+00 1.000000000000000000e+00
2.813472151756286621e-01 9.590807557106018066e-01 -3.174138814210891724e-02 2.201651409268379211e-02
-4.627000093460083008e-01 1.066066101193428040e-01 -8.800815939903259277e-01 3.037571012973785400e-01
-8.406854867935180664e-01 2.622951567173004150e-01 4.737602174282073975e-01 -9.716068208217620850e-02
0.000000000000000000e+00 0.000000000000000000e+00 0.000000000000000000e+00 1.000000000000000000e+00
1.667304039001464844e-01 9.847126603126525879e-01 -5.041740089654922485e-02 3.325036913156509399e-02
-4.681294858455657959e-01 3.405328840017318726e-02 -8.830035924911499023e-01 3.041237592697143555e-01
-8.677877187728881836e-01 1.708252876996994019e-01 4.666508138179779053e-01 -9.646834433078765869e-02
