1.000000000000000000e+00 0.000000000000000000e+00 0.000000000000000000e+00 -4.097584310382009209e-01
0.000000000000000000e+00 -1.000000000000000000e+00 0.000000000000000000e+00 -1.932597221741734483e-02
0.000000000000000000e+00 0.000000000000000000e+00 -1.000000000000000000e+00 -2.664692399556274349e+00
0.000000000000000000e+00 0.000000000000000000e+00 0.000000000000000000e+00 1.000000000000000000e+00
9.966322183609008789e-01 -7.953778654336929321e-02 -1.995742507278919220e-02 -4.504159883505400308e-01
-7.921567559242248535e-02 -9.967218637466430664e-01 1.644385419785976410e-02 5.627788583899195896e-02
-2.119988016784191132e-02 -1.480756700038909912e-02 -9.996657967567443848e-01 -2.715924022648647185e+00
0.000000000000000000e+00 0.000000000000000000e+00 0.000000000000000000e+00 1.000000000000000000e+00
9.856982231140136719e-01 -1.644566357135772705e-01 -3.678777441382408142e-02 -4.821367370042041745e-01
-1.626233458518981934e-01 -9.855068922042846680e-01 4.826578870415687561e-02 1.946796622531673515e-01
-4.419227689504623413e-02 -4.159290716052055359e-02 -9.981567859649658203e-01 -2.709638931034989096e+00
0.000000000000000000e+00 0.000000000000000000e+00 0.000000000000000000e+00 1.000000000000000000e+00
9.654099941253662109e-01 -2.578249871730804443e-01 -3.885431587696075439e-02 -4.676031352520371165e-01
-2.542288601398468018e-01 -9.638900160789489746e-01 7.926654070615768433e-02 3.294741577008317157e-01
-5.788824334740638733e-02 -6.664683669805526733e-02 -9.960961341857910156e-01 -2.704737679893847169e+00
0.000000000000000000e+00 0.000000000000000000e+00 0.000000000000000000e+00 1.000000000000000000e+00
9.369421601295471191e-01 -3.460589051246643066e-01 -4.880584031343460083e-02 -4.678750743917508559e-01
-3.384419381618499756e-01 -9.332755208015441895e-01 1.202249526977539062e-01 4.897936630983739104e-01
-8.715427666902542114e-02 -9.612585604190826416e-02 -9.915463328361511230e-01 -2.682087674409196154e+00
0.000000000000000000e+00 0.000000000000000000e+00 0.000000000000000000e+00 1.000000000000000000e+00
8.913497328758239746e-01 -4.518258273601531982e-01 -3.672470152378082275e-02 -4.042026840604189819e-01
-4.434412121772766113e-01 -8.858847618103027344e-01 1.362652927637100220e-01 5.740295365349091794e-01
-9.410203993320465088e-02 -1.051747873425483704e-01 -9.899915456771850586e-01 -2.686747753751140166e+00
0.000000000000000000e+00 0.000000000000000000e+00 0.000000000000000000e+00 1.000000000000000000e+00
8.452066183090209961e-01 -5.342021584510803223e-01 -1.593029126524925232e-02 -3.185125019039762861e-01
-5.245056748390197754e-01 -8.348481655120849609e-01 1.670979559421539307e-01 6.979325141639356467e-01
-1.025635302066802979e-01 -1.328767836093902588e-01 -9.858116507530212402e-01 -2.676159097629135619e+00
0.000000000000000000e+00 0.000000000000000000e+00 0.000000000000000000e+00 1.000000000000000000e+00
7.920277714729309082e-01 -6.104704141616821289e-01 4.219822585582733154e-03 -2.320554472344367181e-01
-6.023232340812683105e-01 -7.802935838699340820e-01 1.683693081140518188e-01 7.352164601827710921e-01
-9.949181973934173584e-02 -1.358948647975921631e-01 -9.857150912284851074e-01 -2.684671579131955976e+00
0.000000000000000000e+00 0.000000000000000000e+00 0.000000000000000000e+00 1.000000000000000000e+00
7.208681106567382812e-01 -6.926301121711730957e-01 2.475472539663314819e-02 -1.245452793134455421e-01
-6.867340207099914551e-01 -7.090003490447998047e-01 1.603577136993408203e-01 7.416021320261863004e-01
-9.351750463247299194e-02 -1.325966119766235352e-01 -9.867482781410217285e-01 -2.696343024887889239e+00
0.000000000000000000e+00 0.000000000000000000e+00 0.000000000000000000e+00 1.000000000000000000e+00
6.454698443412780762e-01 -7.632409930229187012e-01 2.883273735642433167e-02 -6.556263190347839942e-02
-7.584428191184997559e-01 -6.360406875610351562e-01 1.421841233968734741e-01 7.116628192868797997e-01
-9.018201380968093872e-02 -1.136435419321060181e-01 -9.894201755523681641e-01 -2.716524192743905886e+00
0.000000000000000000e+00 0.000000000000000000e+00 0.000000000000000000e+00 1.000000000000000000e+00
5.507967472076416016e-01 -8.337436914443969727e-01 3.865762054920196533e-02 1.638264623073767273e-02
-8.325076103210449219e-01 -5.454919934272766113e-01 9.679611772298812866e-02 5.981786565414065615e-01
-5.961575731635093689e-02 -8.549772202968597412e-02 -9.945532083511352539e-01 -2.765467995027179882e+00
0.000000000000000000e+00 0.000000000000000000e+00 0.000000000000000000e+00 1.000000000000000000e+00
4.588588476181030273e-01 -8.839574456214904785e-01 8.982150256633758545e-02 2.217329548354204649e-01
-8.884643316268920898e-01 -4.554702043533325195e-01 5.637194961309432983e-02 4.837851671165480649e-01
-8.919380605220794678e-03 -1.056699678301811218e-01 -9.943612813949584961e-01 -2.801551048974951108e+00
0.000000000000000000e+00 0.000000000000000000e+00 0.000000000000000000e+00 1.000000000000000000e+00
3.520879745483398438e-01 -9.303492903709411621e-01 1.023921966552734375e-01 3.020916259789822034e-01
-9.357849359512329102e-01 -3.520634174346923828e-01 1.891451515257358551e-02 3.512094556707604509e-01
1.845143549144268036e-02 -1.024766564369201660e-01 -9.945642352104187012e-01 -2.816150221034651846e+00
0.000000000000000000e+00 0.000000000000000000e+00 0.000000000000000000e+00 1.000000000000000000e+00
2.704186141490936279e-01 -9.551026821136474609e-01 1.210472881793975830e-01 3.816204757345132981e-01
-9.596755504608154297e-01 -2.774463593959808350e-01 -4.523555934429168701e-02 1.305793230498886737e-01
7.678872346878051758e-02 -1.039336025714874268e-01 -9.916154742240905762e-01 -2.812761122593287588e+00
0.000000000000000000e+00 0.000000000000000000e+00 0.000000000000000000e+00 1.000000000000000000e+00
1.901226788759231567e-01 -9.697330594062805176e-01 1.532025486230850220e-01 4.879505764519692645e-01
-9.733610749244689941e-01 -2.065555453300476074e-01 -9.951323270797729492e-02 -5.578065519611978551e-02
1.281461119651794434e-01 -1.302016824483871460e-01 -9.831714630126953125e-01 -2.797068399228984426e+00
0.000000000000000000e+00 0.000000000000000000e+00 0.000000000000000000e+00 1.000000000000000000e+00
1.150302812457084656e-01 -9.814860224723815918e-01 1.531446278095245361e-01 5.042563011342572343e-01
-9.705869555473327637e-01 -1.438724994659423828e-01 -1.930330246686935425e-01 -3.524036117143398705e-01
2.114925086498260498e-01 -1.264355331659317017e-01 -9.691671729087829590e-01 -2.770538121615815808e+00
0.000000000000000000e+00 0.000000000000000000e+00 0.000000000000000000e+00 1.000000000000000000e+00
1.908477246761322021e-01 -9.719873666763305664e-01 1.371778696775436401e-01 4.500406944148200306e-01
-9.535458087921142578e-01 -2.167527526617050171e-01 -2.092094123363494873e-01 -3.947260546679401405e-01
2.330825775861740112e-01 -9.087825566530227661e-02 -9.682012200355529785e-01 -2.748741875337937568e+00
0.000000000000000000e+00 0.000000000000000000e+00 0.000000000000000000e+00 1.000000000000000000e+00
2.721355259418487549e-01 -9.514257907867431641e-01 1.439826786518096924e-01 4.461678726736912348e-01
-9.381772279739379883e-01 -2.956036329269409180e-01 -1.801158934831619263e-01 -2.900870366714780602e-01
2.139287143945693970e-01 -8.606538176536560059e-02 -9.730504751205444336e-01 -2.738551952911403298e+00
0.000000000000000000e+00 0.000000000000000000e+00 0.000000000000000000e+00 1.000000000000000000e+00
3.285800516605377197e-01 -9.331805706024169922e-01 1.456333994865417480e-01 4.333229564113904586e-01
-9.330577850341796875e-01 -3.446296751499176025e-01 -1.031184941530227661e-01 -4.090487780356162617e-02
1.464177668094635010e-01 -1.020017117261886597e-01 -9.839499592781066895e-01 -2.736867337540573875e+00
0.000000000000000000e+00 0.000000000000000000e+00 0.000000000000000000e+00 1.000000000000000000e+00
3.613613545894622803e-01 -9.151693582534790039e-01 1.785588413476943970e-01 5.175471713713625244e-01
-9.294428229331970215e-01 -3.688444793224334717e-01 -9.465698152780532837e-03 2.607301576018932199e-01
7.452316582202911377e-02 -1.625398099422454834e-01 -9.838838577270507812e-01 -2.697649050203226651e+00
0.000000000000000000e+00 0.000000000000000000e+00 0.000000000000000000e+00 1.000000000000000000e+00
4.028662741184234619e-01 -8.950510025024414062e-01 1.912653297185897827e-01 5.337448309439697391e-01
-9.150747060775756836e-01 -3.980812132358551025e-01 6.456876546144485474e-02 4.965477152071547384e-01
1.834680326282978058e-02 -2.010346651077270508e-01 -9.794124364852905273e-01 -2.654589398315950532e+00
0.000000000000000000e+00 0.000000000000000000e+00 0.000000000000000000e+00 1.000000000000000000e+00
4.576355218887329102e-01 -8.600148558616638184e-01 2.257081270217895508e-01 5.977541098569334466e-01
-8.880757093429565430e-01 -4.296999573707580566e-01 1.633381843566894531e-01 7.753405904535484172e-01
-4.348653927445411682e-02 -2.751952707767486572e-01 -9.604040980339050293e-01 -2.552117597982720643e+00
0.000000000000000000e+00 0.000000000000000000e+00 0.000000000000000000e+00 1.000000000000000000e+00
5.328926444053649902e-01 -8.202801346778869629e-01 2.077636122703552246e-01 4.963700315900244076e-01
-8.416106104850769043e-01 -4.882994592189788818e-01 2.307710647583007812e-01 9.448088956250219050e-01
-8.784612268209457397e-02 -2.978323101997375488e-01 -9.505676031112670898e-01 -2.490034899568071669e+00
0.000000000000000000e+00 0.000000000000000000e+00 0.000000000000000000e+00 1.000000000000000000e+00
5.946946144104003906e-01 -7.780267596244812012e-01 2.025160640478134155e-01 4.408400178694365512e-01
-7.946712374687194824e-01 -5.307103991508483887e-01 2.946927249431610107e-01 1.089442231239760916e+00
-1.218015030026435852e-01 -3.361858427524566650e-01 -9.338858723640441895e-01 -2.409895221524210651e+00
0.000000000000000000e+00 0.000000000000000000e+00 0.000000000000000000e+00 1.000000000000000000e+00
6.718680858612060547e-01 -7.206813693046569824e-01 1.709136664867401123e-01 2.984519047840463735e-01
-7.219429016113281250e-01 -5.856435894966125488e-01 3.685372471809387207e-01 1.231864250486279788e+00
-1.655035614967346191e-01 -3.709983825683593750e-01 -9.137662649154663086e-01 -2.315493984345499356e+00
0.000000000000000000e+00 0.000000000000000000e+00 0.000000000000000000e+00 1.000000000000000000e+00
7.329631447792053223e-01 -6.626383066177368164e-01 1.538678109645843506e-01 2.204050267608594071e-01
-6.507545113563537598e-01 -6.170907616615295410e-01 4.424001872539520264e-01 1.367384175667187396e+00
-1.982008963823318481e-01 -4.243929386138916016e-01 -8.835194110870361328e-01 -2.185220235647836518e+00
0.000000000000000000e+00 0.000000000000000000e+00 0.000000000000000000e+00 1.000000000000000000e+00
7.596012949943542480e-01 -6.353400945663452148e-01 1.390986591577529907e-01 1.595304293569249077e-01
-5.992248058319091797e-01 -6.005060672760009766e-01 5.294542312622070312e-01 1.551507668773919102e+00
-2.528540790081024170e-01 -4.855253994464874268e-01 -8.368568420410156250e-01 -1.991973053332078747e+00
0.000000000000000000e+00 0.000000000000000000e+00 0.000000000000000000e+00 1.000000000000000000e+00
7.880629301071166992e-01 -5.981298685073852539e-01 1.455924659967422485e-01 1.501871434288490903e-01
-5.397468805313110352e-01 -5.576329827308654785e-01 6.306493282318115234e-01 1.793919819502307389e+00
-2.960230708122253418e-01 -5.755743980407714844e-01 -7.622885107994079590e-01 -1.735981467825381985e+00
0.000000000000000000e+00 0.000000000000000000e+00 0.000000000000000000e+00 1.000000000000000000e+00
8.132811188697814941e-01 -5.645945668220520020e-01 1.407365500926971436e-01 1.189354242553761348e-01
-4.827436506748199463e-01 -5.196624398231506348e-01 7.049181461334228516e-01 1.973327769272084975e+00
-3.248573541641235352e-01 -6.412362456321716309e-01 -6.951859593391418457e-01 -1.515539267777154864e+00
0.000000000000000000e+00 0.000000000000000000e+00 0.000000000000000000e+00 1.000000000000000000e+00
8.432143330574035645e-01 -5.199546217918395996e-01 1.365168690681457520e-01 7.956919412723423291e-02
-4.154485166072845459e-01 -4.691236317157745361e-01 7.793107628822326660e-01 2.151976607348963011e+00
-3.411631584167480469e-01 -7.138417363166809082e-01 -6.115862727165222168e-01 -1.294760558565172470e+00
0.000000000000000000e+00 0.000000000000000000e+00 0.000000000000000000e+00 1.000000000000000000e+00
8.742430806159973145e-01 -4.740986227989196777e-01 1.045427769422531128e-01 -2.623765053468520014e-02
-3.339640796184539795e-01 -4.309849143028259277e-01 8.382838964462280273e-01 2.283322246039744208e+00
-3.523730635643005371e-01 -7.677775621414184570e-01 -5.351175069808959961e-01 -1.108200581826895847e+00
0.000000000000000000e+00 0.000000000000000000e+00 0.000000000000000000e+00 1.000000000000000000e+00
8.956671953201293945e-01 -4.391987025737762451e-01 6.989376246929168701e-02 -1.159680122082448889e-01
-2.279915362596511841e-01 -3.185258507728576660e-01 9.200874567031860352e-01 2.427914949449184068e+00
-3.818384110927581787e-01 -8.400272130966186523e-01 -3.854264914989471436e-01 -7.314762275104383926e-01
0.000000000000000000e+00 0.000000000000000000e+00 0.000000000000000000e+00 1.000000000000000000e+00
8.904988169670104980e-01 -4.544945359230041504e-01 2.113382332026958466e-02 -2.872574369546849193e-01
-7.852504402399063110e-02 -1.077711358666419983e-01 9.910697937011718750e-01 2.587085853457524287e+00
-4.481580853462219238e-01 -8.842058181762695312e-01 -1.316592246294021606e-01 -8.302636299086683935e-02
0.000000000000000000e+00 0.000000000000000000e+00 0.000000000000000000e+00 1.000000000000000000e+00
8.836371898651123047e-01 -4.671944081783294678e-01 3.024851903319358826e-02 -2.338524737742574411e-01
-7.911560684442520142e-02 -8.533157408237457275e-02 9.932067990303039551e-01 2.588703415341849112e+00
-4.614393413066864014e-01 -8.800271153450012207e-01 -1.123644784092903137e-01 -9.061999787485974789e-02
0.000000000000000000e+00 0.000000000000000000e+00 0.000000000000000000e+00 1.000000000000000000e+00
8.529428243637084961e-01 -5.209720730781555176e-01 3.280796110630035400e-02 -1.986199194887762198e-01
-1.020258590579032898e-01 -1.047404035925865173e-01 9.892524480819702148e-01 2.584984292333161182e+00
-5.119367837905883789e-01 -8.471230268478393555e-01 -1.424902081489562988e-01 -1.522781276859146715e-01
0.000000000000000000e+00 0.000000000000000000e+00 0.000000000000000000e+00 1.000000000000000000e+00
8.308102488517761230e-01 -5.525223612785339355e-01 6.687931716442108154e-02 -1.095759678691343858e-01
-2.262146323919296265e-01 -2.254472672939300537e-01 9.476289153099060059e-01 2.523111308526510221e+00
-5.085084438323974609e-01 -8.024290800094604492e-01 -3.122925460338592529e-01 -5.091533220343964494e-01
0.000000000000000000e+00 0.000000000000000000e+00 0.000000000000000000e+00 1.000000000000000000e+00
8.354314565658569336e-01 -5.396917462348937988e-01 1.038596779108047485e-01 -2.009301898768155528e-02
-3.120324611663818359e-01 -3.102058768272399902e-01 8.980017900466918945e-01 2.429297686160605263e+00
-4.524266719818115234e-01 -7.826267480850219727e-01 -4.275571703910827637e-01 -8.024837311818572294e-01
0.000000000000000000e+00 0.000000000000000000e+00 0.000000000000000000e+00 1.000000000000000000e+00
8.159401416778564453e-01 -5.670427680015563965e-01 1.127138063311576843e-01 4.303983232755484098e-03
-3.715977370738983154e-01 -3.650282621383666992e-01 8.536216616630554199e-01 2.341629529629874806e+00
-4.428960978984832764e-01 -7.383880615234375000e-01 -5.085530281066894531e-01 -1.015421183606751265e+00
0.000000000000000000e+00 0.000000000000000000e+00 0.000000000000000000e+00 1.000000000000000000e+00
8.364973664283752441e-01 -5.414397120475769043e-01 8.435163646936416626e-02 -1.097238546095609113e-01
-4.513705074787139893e-01 -5.935388207435607910e-01 6.663153171539306641e-01 1.968905964356465699e+00
-3.107036948204040527e-01 -5.954446196556091309e-01 -7.408836483955383301e-01 -1.676083388557474407e+00
0.000000000000000000e+00 0.000000000000000000e+00 0.000000000000000000e+00 1.000000000000000000e+00
8.367987275123596191e-01 -5.440643429756164551e-01 6.133225560188293457e-02 -1.804787263372902295e-01
-4.656971096992492676e-01 -6.483711004257202148e-01 6.022792458534240723e-01 1.796929913977769022e+00
-2.879127562046051025e-01 -5.325487256050109863e-01 -7.959254980087280273e-01 -1.836412689834732381e+00
0.000000000000000000e+00 0.000000000000000000e+00 0.000000000000000000e+00 1.000000000000000000e+00
8.557156920433044434e-01 -5.140560269355773926e-01 5.913721770048141479e-02 -1.874695869396916237e-01
-4.623715877532958984e-01 -7.083196043968200684e-01 5.333811044692993164e-01 1.604047800644092581e+00
-2.322997748851776123e-01 -4.837659597396850586e-01 -8.438053131103515625e-01 -1.979393350165320697e+00
0.000000000000000000e+00 0.000000000000000000e+00 0.000000000000000000e+00 1.000000000000000000e+00
8.725686073303222656e-01 -4.879270493984222412e-01 2.347483858466148376e-02 -2.709642848011166172e-01
-4.574312865734100342e-01 -7.992810606956481934e-01 3.897511661052703857e-01 1.220186734044325538e+00
-1.714074015617370605e-01 -3.508227169513702393e-01 -9.206209182739257812e-01 -2.196650785544845608e+00
0.000000000000000000e+00 0.000000000000000000e+00 0.000000000000000000e+00 1.000000000000000000e+00
8.771088123321533203e-01 -4.798694849014282227e-01 2.013605646789073944e-02 -2.650364841030756202e-01
-4.689706563949584961e-01 -8.466320633888244629e-01 2.515560686588287354e-01 8.656262474353592085e-01
-1.036663353443145752e-01 -2.300852537155151367e-01 -9.676334857940673828e-01 -2.344957645038046490e+00
0.000000000000000000e+00 0.000000000000000000e+00 0.000000000000000000e+00 1.000000000000000000e+00
8.798491954803466797e-01 -4.750977158546447754e-01 1.211961172521114349e-02 -2.460917356283601753e-01
-4.750947952270507812e-01 -8.786148428916931152e-01 4.817023128271102905e-02 3.324591416113882314e-01
-1.223711762577295303e-02 -4.814052209258079529e-02 -9.987654089927673340e-01 -2.463566432576207443e+00
0.000000000000000000e+00 0.000000000000000000e+00 0.000000000000000000e+00 1.000000000000000000e+00
8.874393701553344727e-01 -4.608312845230102539e-01 9.251826442778110504e-03 -2.395905827804090393e-01
-4.598931074142456055e-01 -8.866177201271057129e-01 -4.906324669718742371e-02 6.633516722522030118e-02
3.081272915005683899e-02 3.928580507636070251e-02 -9.987528920173645020e-01 -2.487547298000827301e+00
0.000000000000000000e+00 0.000000000000000000e+00 0.000000000000000000e+00 1.000000000000000000e+00
8.944838643074035645e-01 -4.470563232898712158e-01 6.254603154957294464e-03 -2.434369487477985317e-01
-4.411503374576568604e-01 -8.847689628601074219e-01 -1.502333283424377441e-01 -2.209684821435502489e-01
7.269668579101562500e-02 1.316220313310623169e-01 -9.886308312416076660e-01 -2.479631675309981187e+00
0.000000000000000000e+00 0.000000000000000000e+00 0.000000000000000000e+00 1.000000000000000000e+00
8.969534635543823242e-01 -4.420008957386016846e-01 1.046999171376228333e-02 -2.303824213551019240e-01
-4.248243272304534912e-01 -8.681732416152954102e-01 -2.565139830112457275e-01 -5.300821403113489261e-01
1.224692165851593018e-01 2.256332039833068848e-01 -9.664837718009948730e-01 -2.438207797365092855e+00
0.000000000000000000e+00 0.000000000000000000e+00 0.000000000000000000e+00 1.000000000000000000e+00
8.998804092407226562e-01 -4.359731078147888184e-01 1.193342078477144241e-02 -2.228281424526429300e-01
-4.008663594722747803e-01 -8.375774621963500977e-01 -3.711737096309661865e-01 -8.810016639941478100e-01
1.718170493841171265e-01 3.292282521724700928e-01 -9.284867644309997559e-01 -2.346477524065487597e+00
0.000000000000000000e+00 0.000000000000000000e+00 0.000000000000000000e+00 1.000000000000000000e+00
9.057676792144775391e-01 -4.237274825572967529e-01 6.302999798208475113e-03 -2.497556705823115730e-01
-3.744433224201202393e-01 -8.072046041488647461e-01 -4.563032686710357666e-01 -1.143921212967113465e+00
1.984362006187438965e-01 4.109445810317993164e-01 -8.898018598556518555e-01 -2.258085990107299601e+00
0.000000000000000000e+00 0.000000000000000000e+00 0.000000000000000000e+00 1.000000000000000000e+00
9.159603714942932129e-01 -4.012553691864013672e-01 3.260204801335930824e-03 -2.830489683631560172e-01
-3.333422541618347168e-01 -7.654053568840026855e-01 -5.504882931709289551e-01 -1.433509354615431386e+00
2.233818918466567993e-01 5.031386017799377441e-01 -8.348364233970642090e-01 -2.132770750157567896e+00
0.000000000000000000e+00 0.000000000000000000e+00 0.000000000000000000e+00 1.000000000000000000e+00
9.083595275878906250e-01 -4.178784489631652832e-01 -1.613505184650421143e-02 -3.490373943965704995e-01
-3.347674906253814697e-01 -7.034914493560791016e-01 -6.269212961196899414e-01 -1.647183153660646271e+00
2.506262063980102539e-01 5.748714208602905273e-01 -7.789153456687927246e-01 -2.011196846408555228e+00
0.000000000000000000e+00 0.000000000000000000e+00 0.000000000000000000e+00 1.000000000000000000e+00
9.164649844169616699e-01 -3.985482156276702881e-01 -3.537371382117271423e-02 -4.189243046165662121e-01
-2.985193729400634766e-01 -6.222152113914489746e-01 -7.236948013305664062e-01 -1.933098806206528630e+00
2.664173841476440430e-01 6.738006472587585449e-01 -6.892128586769104004e-01 -1.780831144268034461e+00
0.000000000000000000e+00 0.000000000000000000e+00 0.000000000000000000e+00 1.000000000000000000e+00
9.264016747474670410e-01 -3.722822964191436768e-01 -5.644225329160690308e-02 -4.906144845250746678e-01
-2.675060629844665527e-01 -5.452226996421813965e-01 -7.944636940956115723e-01 -2.147734257105525568e+00
2.649911940097808838e-01 7.510911822319030762e-01 -6.046831607818603516e-01 -1.543333213873651300e+00
0.000000000000000000e+00 0.000000000000000000e+00 0.000000000000000000e+00 1.000000000000000000e+00
9.332062602043151855e-01 -3.561390936374664307e-01 -4.786342009902000427e-02 -4.886736241175971829e-01
-2.237302958965301514e-01 -4.716177880764007568e-01 -8.529485464096069336e-01 -2.333819823528273663e+00
2.811951339244842529e-01 8.066854476928710938e-01 -5.197958350181579590e-01 -1.323714005691681184e+00
0.000000000000000000e+00 0.000000000000000000e+00 0.000000000000000000e+00 1.000000000000000000e+00
9.437801837921142578e-01 -3.266350924968719482e-01 -5.087813362479209900e-02 -5.253898575158658657e-01
-1.888997852802276611e-01 -4.065733850002288818e-01 -8.938763141632080078e-01 -2.463046102947039184e+00
2.712857425212860107e-01 8.532335162162780762e-01 -4.454171955585479736e-01 -1.131063268277487266e+00
0.000000000000000000e+00 0.000000000000000000e+00 0.000000000000000000e+00 1.000000000000000000e+00
9.541551470756530762e-01 -2.959474623203277588e-01 -4.475836828351020813e-02 -5.345775648683862569e-01
-1.489215791225433350e-01 -3.396830260753631592e-01 -9.286752343177795410e-01 -2.585692448569717250e+00
2.596353888511657715e-01 8.927655220031738281e-01 -3.681832253932952881e-01 -9.130819035899574443e-01
0.000000000000000000e+00 0.000000000000000000e+00 0.000000000000000000e+00 1.000000000000000000e+00
9.605506062507629395e-01 -2.682583332061767578e-01 -7.334957271814346313e-02 -6.348200437305379085e-01
-1.445215642452239990e-01 -2.561517059803009033e-01 -9.557717442512512207e-01 -2.703358348192706373e+00
2.376051843166351318e-01 9.286676049232482910e-01 -2.848157286643981934e-01 -6.377791209250953663e-01
0.000000000000000000e+00 0.000000000000000000e+00 0.000000000000000000e+00 1.000000000000000000e+00
9.746656417846679688e-01 -2.143705785274505615e-01 -6.381086260080337524e-02 -6.389219648838913024e-01
-9.781477600336074829e-02 -1.519637405872344971e-01 -9.835339784622192383e-01 -2.818855909145101535e+00
2.011437863111495972e-01 9.648588895797729492e-01 -1.690824329853057861e-01 -2.610801358675494122e-01
0.000000000000000000e+00 0.000000000000000000e+00 0.000000000000000000e+00 1.000000000000000000e+00
9.932599067687988281e-01 -1.117340922355651855e-01 -3.082968480885028839e-02 -5.625009614457737728e-01
-4.573674499988555908e-02 -1.334145367145538330e-01 -9.900043606758117676e-01 -2.848674842940014162e+00
1.065040677785873413e-01 9.847415089607238770e-01 -1.376256793737411499e-01 -1.651089192554563712e-01
0.000000000000000000e+00 0.000000000000000000e+00 0.000000000000000000e+00 1.000000000000000000e+00
9.955992102622985840e-01 -9.371350705623626709e-02 -3.000499564222991467e-04 -4.949653382978235205e-01
-2.313759922981262207e-02 -2.427055090665817261e-01 -9.698238968849182129e-01 -2.814761783304479792e+00
9.081279486417770386e-02 9.655627608299255371e-01 -2.438056766986846924e-01 -4.834139237381346876e-01
0.000000000000000000e+00 0.000000000000000000e+00 0.000000000000000000e+00 1.000000000000000000e+00
9.979420900344848633e-01 -3.747527673840522766e-02 5.203020572662353516e-02 -3.326312964397306615e-01
3.886038064956665039e-02 -2.919696271419525146e-01 -9.556376934051513672e-01 -2.878732741011935659e+00
5.100401863455772400e-02 9.556930661201477051e-01 -2.899124324321746826e-01 -6.017235920196242205e-01
0.000000000000000000e+00 0.000000000000000000e+00 0.000000000000000000e+00 1.000000000000000000e+00
9.887163043022155762e-01 4.623410850763320923e-02 1.424864083528518677e-01 -1.930370045794735714e-02
1.497143357992172241e-01 -2.728650271892547607e-01 -9.503316283226013184e-01 -2.977353518885657468e+00
-5.058196838945150375e-03 9.609405994415283203e-01 -2.767079770565032959e-01 -5.363035684574607442e-01
0.000000000000000000e+00 0.000000000000000000e+00 0.000000000000000000e+00 1.000000000000000000e+00
9.688102006912231445e-01 5.478261411190032959e-02 2.416722327470779419e-01 2.864420872675103591e-01
2.475763559341430664e-01 -2.557355761528015137e-01 -9.345080256462097168e-01 -3.019451518919151312e+00
1.060937158763408661e-02 9.651932120323181152e-01 -2.613221108913421631e-01 -4.834450015114581389e-01
0.000000000000000000e+00 0.000000000000000000e+00 0.000000000000000000e+00 1.000000000000000000e+00
9.732734560966491699e-01 2.012703195214271545e-02 2.287654578685760498e-01 2.349001175985807044e-01
2.243561297655105591e-01 -2.959740757942199707e-01 -9.284738898277282715e-01 -3.000799060179333733e+00
4.902120679616928101e-02 9.549839496612548828e-01 -2.925793230533599854e-01 -6.047232007646858865e-01
0.000000000000000000e+00 0.000000000000000000e+00 0.000000000000000000e+00 1.000000000000000000e+00
9.815016388893127441e-01 -4.906989261507987976e-02 1.850592941045761108e-01 7.152503931922069014e-02
1.587378531694412231e-01 -3.318306505680084229e-01 -9.298874735832214355e-01 -2.977049708644333492e+00
1.070378124713897705e-01 9.420617222785949707e-01 -3.179029524326324463e-01 -7.383913597539810691e-01
0.000000000000000000e+00 0.000000000000000000e+00 0.000000000000000000e+00 1.000000000000000000e+00
9.843024611473083496e-01 -1.311724632978439331e-01 1.180782988667488098e-01 -1.610964918049188344e-01
6.138491630554199219e-02 -3.728213310241699219e-01 -9.258703589439392090e-01 -2.915462323020943547e+00
1.654708385467529297e-01 9.185847043991088867e-01 -3.589170277118682861e-01 -9.310254027816172728e-01
0.000000000000000000e+00 0.000000000000000000e+00 0.000000000000000000e+00 1.000000000000000000e+00
9.763098955154418945e-01 -2.157108634710311890e-01 1.695580780506134033e-02 -4.825653067417667308e-01
-5.062847584486007690e-02 -3.039253354072570801e-01 -9.513496160507202148e-01 -2.932113938836292011e+00
2.103697806596755981e-01 9.279537200927734375e-01 -3.076464533805847168e-01 -8.179118968087675245e-01
0.000000000000000000e+00 0.000000000000000000e+00 0.000000000000000000e+00 1.000000000000000000e+00
9.126968979835510254e-01 -3.956561684608459473e-01 -1.021787449717521667e-01 -8.229315636426607350e-01
-2.398649454116821289e-01 -3.162857592105865479e-01 -9.178386330604553223e-01 -2.735216756550403971e+00
3.308310210704803467e-01 8.622175455093383789e-01 -3.835771381855010986e-01 -1.142640273474752721e+00
0.000000000000000000e+00 0.000000000000000000e+00 0.000000000000000000e+00 1.000000000000000000e+00
8.710966110229492188e-01 -4.820401072502136230e-01 -9.395730495452880859e-02 -7.857304686909982738e-01
-2.859234511852264404e-01 -3.422328531742095947e-01 -8.950555324554443359e-01 -2.632447768542418576e+00
3.992974162101745605e-01 8.065444231033325195e-01 -4.359444379806518555e-01 -1.372961342276005636e+00
0.000000000000000000e+00 0.000000000000000000e+00 0.000000000000000000e+00 1.000000000000000000e+00
8.244153261184692383e-01 -5.609683990478515625e-01 -7.519119977951049805e-02 -7.014185047239952508e-01
-3.549261689186096191e-01 -4.089212417602539062e-01 -8.407203555107116699e-01 -2.434715315048094464e+00
4.408704042434692383e-01 7.197901010513305664e-01 -5.362233519554138184e-01 -1.715677644517713540e+00
0.000000000000000000e+00 0.000000000000000000e+00 0.000000000000000000e+00 1.000000000000000000e+00
7.958058118820190430e-01 -6.037008762359619141e-01 -4.731067642569541931e-02 -6.074762941905540448e-01
-4.300568997859954834e-01 -5.084428191184997559e-01 -7.460138797760009766e-01 -2.101502395831999603e+00
4.263145029544830322e-01 6.140283942222595215e-01 -6.642475128173828125e-01 -2.104671338178105255e+00
0.000000000000000000e+00 0.000000000000000000e+00 0.000000000000000000e+00 1.000000000000000000e+00
7.726523280143737793e-01 -6.345272064208984375e-01 -1.958201080560684204e-02 -5.159489404697079618e-01
-5.046368241310119629e-01 -5.951877236366271973e-01 -6.253744363784790039e-01 -1.680619112562984352e+00
3.851622343063354492e-01 4.930787980556488037e-01 -7.800790071487426758e-01 -2.432927128347637691e+00
0.000000000000000000e+00 0.000000000000000000e+00 0.000000000000000000e+00 1.000000000000000000e+00
7.511559128761291504e-01 -6.600782275199890137e-01 -7.835526019334793091e-03 -4.678995640910401654e-01
-5.638149380683898926e-01 -6.353463530540466309e-01 -5.276812911033630371e-01 -1.344954050104812948e+00
3.433327376842498779e-01 4.007886648178100586e-01 -8.494061827659606934e-01 -2.624106552222558619e+00
0.000000000000000000e+00 0.000000000000000000e+00 0.000000000000000000e+00 1.000000000000000000e+00
6.462338566780090332e-01 -7.631060481071472168e-01 -7.121435832232236862e-03 -3.995550910158591762e-01
-6.792736649513244629e-01 -5.709376931190490723e-01 -4.611042737960815430e-01 -1.064741600120461484e+00
3.478056788444519043e-01 3.028185665607452393e-01 -8.873172998428344727e-01 -2.756153907029313288e+00
0.000000000000000000e+00 0.000000000000000000e+00 0.000000000000000000e+00 1.000000000000000000e+00
5.815051198005676270e-01 -8.131200671195983887e-01 2.621805481612682343e-02 -2.535075270059649610e-01
-7.413076758384704590e-01 -5.428734421730041504e-01 -3.946531713008880615e-01 -8.156474866797918111e-01
3.351335823535919189e-01 2.100571542978286743e-01 -9.184560179710388184e-01 -2.857827136210506769e+00
0.000000000000000000e+00 0.000000000000000000e+00 0.000000000000000000e+00 1.000000000000000000e+00
5.347505807876586914e-01 -8.428107500076293945e-01 6.092418730258941650e-02 -1.055187145475833116e-01
-7.846257686614990234e-01 -5.220105648040771484e-01 -3.344657719135284424e-01 -5.935618553465822345e-01
3.136944472789764404e-01 1.310530602931976318e-01 -9.404365420341491699e-01 -2.914953395429277450e+00
0.000000000000000000e+00 0.000000000000000000e+00 0.000000000000000000e+00 1.000000000000000000e+00
4.994487762451171875e-01 -8.576833605766296387e-01 1.221883818507194519e-01 1.144925012856865126e-01
-8.198536038398742676e-01 -5.135036110877990723e-01 -2.532861232757568359e-01 -3.154703512908201279e-01
2.799834907054901123e-01 2.632681280374526978e-02 -9.596437811851501465e-01 -2.960196010821653179e+00
0.000000000000000000e+00 0.000000000000000000e+00 0.000000000000000000e+00 1.000000000000000000e+00
