0.8463851809501648 0.5323808789253235 0.01422945782542229 -0.03534900769591331 
-0.5231888890266418 0.8361709713935852 -0.1645940244197845 0.07724106311798096 
-0.09952504187822342 0.1318652331829071 0.9862587451934814 -0.2888093292713165 
0 0 0 1 

0.793121874332428 0.6090307831764221 -0.006252188235521317 -0.02577813714742661 
-0.6010112166404724 0.7809320688247681 -0.1700899004936218 0.08241567760705948 
-0.09870746731758118 0.138659656047821 0.9854087233543396 -0.2895143032073975 
0 0 0 1 

0.7250667214393616 0.6878715753555298 -0.03332624584436417 -0.012297747656703 
-0.6829749345779419 0.7120044231414795 -0.1630788743495941 0.08322912454605103 
-0.08844894915819168 0.1410040557384491 0.986050009727478 -0.290577620267868 
0 0 0 1 

0.6490877866744995 0.7599891424179077 -0.03318401426076889 -0.007122696842998266 
-0.7562450170516968 0.6399398446083069 -0.1362721920013428 0.07775342464447021 
-0.08232967555522919 0.1135478466749191 0.9901155233383179 -0.2935792803764343 
0 0 0 1 

0.551059365272522 0.833244264125824 -0.04513813555240631 0.002512074075639248 
-0.8326467871665955 0.5454831123352051 -0.09564197063446045 0.0667998269200325 
-0.05507104843854904 0.09028851985931396 0.9943918585777283 -0.2982787191867828 
0 0 0 1 

0.4574830234050751 0.8581011295318604 -0.233177125453949 0.06547687947750092 
-0.8882921934127808 0.4290496110916138 -0.1638696044683456 0.08644114434719086 
-0.04057219251990318 0.2820970118045807 0.9585276246070862 -0.2747133672237396 
0 0 0 1 

0.5334928035736084 0.8182469606399536 -0.2141430824995041 0.05413255095481873 
-0.8417963981628418 0.4890460968017578 -0.2285006791353226 0.1041536405682564 
-0.08224419504404068 0.3021683692932129 0.9497000575065613 -0.2683601081371307 
0 0 0 1 

0.5947611331939697 0.7767214179039001 -0.2072746753692627 0.04751783981919289 
-0.7948266863822937 0.5295302271842957 -0.2963917553424835 0.1209448426961899 
-0.1204557195305824 0.3410297334194183 0.9323031306266785 -0.2594700753688812 
0 0 0 1 

0.676116406917572 0.7139492630958557 -0.182051956653595 0.03406882658600807 
-0.71970134973526 0.5870391726493835 -0.3706949055194855 0.1361239552497864 
-0.1577857732772827 0.3816559612751007 0.9107372760772705 -0.2491661906242371 
0 0 0 1 

0.7379708886146545 0.6568681001663208 -0.1546713262796402 0.02245101891458035 
-0.6480928659439087 0.625982940196991 -0.4337289333343506 0.1476451307535172 
-0.1880811303853989 0.4203206896781921 0.8876688480377197 -0.237270787358284 
0 0 0 1 

