-0.8035697937011719 -0.5922439694404602 0.05935341864824295 0.02164641954004765 
-0.5894877314567566 0.7780817747116089 -0.2170092463493347 0.0980517715215683 
0.08234059810638428 -0.2093701511621475 -0.9743636250495911 0.30049067735672 
0 0 0 1 

-0.839947521686554 -0.5425260066986084 0.01240505278110504 0.03787148743867874 
-0.5369483232498169 0.8275673985481262 -0.1637641936540604 0.08111008256673813 
0.07858031988143921 -0.1442141830921173 -0.9864217638969421 0.3046830594539642 
0 0 0 1 

-0.8827190399169922 -0.468086451292038 -0.04125500097870827 0.05554446950554848 
-0.4639983773231506 0.8821371793746948 -0.08086712658405304 0.05465789139270782 
0.07424537837505341 -0.05224071443080902 -0.9958705902099609 0.3081000149250031 
0 0 0 1 

-0.9226443767547607 -0.3836167454719543 -0.03956040740013123 0.05583630129694939 
-0.3811758756637573 0.9227092862129211 -0.05755367875099182 0.04659615084528923 
0.05858131498098373 -0.03802211955189705 -0.9975581169128418 0.3085759282112122 
0 0 0 1 

-0.9576131105422974 -0.2867106795310974 -0.02782145701348782 0.05399444326758385 
-0.2842374444007874 0.9561735391616821 -0.07029368728399277 0.04953500628471375 
0.04675609245896339 -0.05940625816583633 -0.9971382021903992 0.3080048859119415 
0 0 0 1 

-0.9807000160217285 -0.1951676160097122 -0.01172439381480217 0.05011099949479103 
-0.1935058534145355 0.9774371385574341 -0.08468855172395706 0.05236706137657166 
0.02798831649124622 -0.08078530430793762 -0.9963386058807373 0.3078863918781281 
0 0 0 1 

-0.994115948677063 -0.1058959364891052 -0.02279662527143955 0.05589235574007034 
-0.1044017747044563 0.9927850365638733 -0.05897547677159309 0.03882518038153648 
0.02887741103768349 -0.05624844878911972 -0.9979990124702454 0.3090963959693909 
0 0 0 1 

-0.999951958656311 -0.008654908277094364 0.004652532748878002 0.04783394932746887 
-0.008756222203373909 0.9997148513793945 -0.02221545018255711 0.01591747999191284 
-0.004458932671695948 -0.02225511707365513 -0.9997428059577942 0.3131410181522369 
0 0 0 1 

-0.9025006294250488 -0.4023776650428772 -0.1535715907812119 0.09358496218919754 
-0.403958797454834 0.9145084619522095 -0.02216928452253342 0.03158975765109062 
0.1493629366159439 0.04202880710363388 -0.987888514995575 0.3092547357082367 
0 0 0 1 

-0.8906521201133728 -0.415344625711441 -0.1850053817033768 0.1030472964048386 
-0.4239007234573364 0.9056779146194458 0.007457886356860399 0.02472139336168766 
0.1644576489925385 0.08506631106138229 -0.9827088117599487 0.3074634075164795 
0 0 0 1 

