1.000000000000000000e+00 0.000000000000000000e+00 0.000000000000000000e+00 -4.542167112231254578e-02
0.000000000000000000e+00 1.000000000000000000e+00 0.000000000000000000e+00 9.935460984706878662e-04
0.000000000000000000e+00 0.000000000000000000e+00 1.000000000000000000e+00 -2.875000238418579102e-01
0.000000000000000000e+00 0.000000000000000000e+00 0.000000000000000000e+00 1.000000000000000000e+00
9.966264367103576660e-01 8.075402677059173584e-02 1.463877689093351364e-02 -4.849502444267272949e-02
-8.047096431255340576e-02 9.965759515762329102e-01 -1.899294555187225342e-02 9.939669631421566010e-03
-1.612242311239242554e-02 1.775087043642997742e-02 9.997125267982482910e-01 -2.931929528713226318e-01
0.000000000000000000e+00 0.000000000000000000e+00 0.000000000000000000e+00 1.000000000000000000e+00
9.857824444770812988e-01 1.653417795896530151e-01 2.991203963756561279e-02 -5.126959085464477539e-02
-1.637708544731140137e-01 9.852806925773620605e-01 -4.899778589606285095e-02 2.428867667913436890e-02
-3.757321089506149292e-02 4.340238496661186218e-02 9.983508586883544922e-01 -2.925711274147033691e-01
0.000000000000000000e+00 0.000000000000000000e+00 0.000000000000000000e+00 1.000000000000000000e+00
9.663643240928649902e-01 2.548941373825073242e-01 3.418825194239616394e-02 -5.025591328740119934e-02
-2.516993582248687744e-01 9.646785855293273926e-01 -7.773388177156448364e-02 3.803122788667678833e-02
-5.279461666941642761e-02 6.651407480239868164e-02 9.963877201080322266e-01 -2.920100092887878418e-01
0.000000000000000000e+00 0.000000000000000000e+00 0.000000000000000000e+00 1.000000000000000000e+00
9.369477033615112305e-01 3.460634648799896240e-01 4.867025092244148254e-02 -5.178966745734214783e-02
-3.383814096450805664e-01 9.331822991371154785e-01 -1.211134269833564758e-01 5.598349869251251221e-02
-8.733121305704116821e-02 9.700779616832733154e-02 9.914448261260986328e-01 -2.892849147319793701e-01
0.000000000000000000e+00 0.000000000000000000e+00 0.000000000000000000e+00 1.000000000000000000e+00
8.934230804443359375e-01 4.483594298362731934e-01 2.773199044167995453e-02 -4.217869788408279419e-02
-4.409320950508117676e-01 8.870756626129150391e-01 -1.366586387157440186e-01 6.483464688062667847e-02
-8.587257564067840576e-02 1.098660752177238464e-01 9.902299642562866211e-01 -2.901653647422790527e-01
0.000000000000000000e+00 0.000000000000000000e+00 0.000000000000000000e+00 1.000000000000000000e+00
8.454993963241577148e-01 5.337353348731994629e-01 1.604007557034492493e-02 -3.577597066760063171e-02
-5.244457125663757324e-01 8.356841206550598145e-01 -1.630597561597824097e-01 7.704809308052062988e-02
-1.004352420568466187e-01 1.294547617435455322e-01 9.864857792854309082e-01 -2.888436913490295410e-01
0.000000000000000000e+00 0.000000000000000000e+00 0.000000000000000000e+00 1.000000000000000000e+00
7.940644025802612305e-01 6.077994108200073242e-01 -6.466087885200977325e-03 -2.568426355719566345e-02
-5.999649763107299805e-01 7.820343971252441406e-01 -1.687127649784088135e-01 8.211864531040191650e-02
-9.748681634664535522e-02 1.378482133150100708e-01 9.856441617012023926e-01 -2.896121442317962646e-01
0.000000000000000000e+00 0.000000000000000000e+00 0.000000000000000000e+00 1.000000000000000000e+00
7.225234508514404297e-01 6.906698942184448242e-01 -3.057420812547206879e-02 -1.289526838809251785e-02
-6.854503154754638672e-01 7.098974585533142090e-01 -1.618742495775222778e-01 8.306908607482910156e-02
-9.009714424610137939e-02 1.379150301218032837e-01 9.863376617431640625e-01 -2.905680239200592041e-01
0.000000000000000000e+00 0.000000000000000000e+00 0.000000000000000000e+00 1.000000000000000000e+00
6.481176614761352539e-01 7.609076499938964844e-01 -3.102837689220905304e-02 -7.739391177892684937e-03
-7.569748163223266602e-01 6.392427086830139160e-01 -1.354901641607284546e-01 7.735422253608703613e-02
-8.326088637113571167e-02 1.113012582063674927e-01 9.902927279472351074e-01 -2.935128211975097656e-01
0.000000000000000000e+00 0.000000000000000000e+00 0.000000000000000000e+00 1.000000000000000000e+00
5.498501062393188477e-01 8.342149853706359863e-01 -4.183250293135643005e-02 1.583623932674527168e-03
-8.334338068962097168e-01 5.446444749832153320e-01 -9.354228526353836060e-02 6.599023193120956421e-02
-5.525056645274162292e-02 8.629886060953140259e-02 9.947360754013061523e-01 -2.983985543251037598e-01
0.000000000000000000e+00 0.000000000000000000e+00 0.000000000000000000e+00 1.000000000000000000e+00
4.587889015674591064e-01 8.836480379104614258e-01 -9.316054731607437134e-02 2.384309656918048859e-02
-8.885245323181152344e-01 4.555330574512481689e-01 -5.489761382341384888e-02 5.433310195803642273e-02
-6.072458811104297638e-03 1.079618558287620544e-01 9.941365122795104980e-01 -3.020678460597991943e-01
0.000000000000000000e+00 0.000000000000000000e+00 0.000000000000000000e+00 1.000000000000000000e+00
3.526636064052581787e-01 9.295755624771118164e-01 -1.073205024003982544e-01 3.259624168276786804e-02
-9.355527162551879883e-01 3.526189327239990234e-01 -2.002847753465175629e-02 4.109605029225349426e-02
1.922525838017463684e-02 1.074672862887382507e-01 9.940227270126342773e-01 -3.035052716732025146e-01
0.000000000000000000e+00 0.000000000000000000e+00 0.000000000000000000e+00 1.000000000000000000e+00
2.712076306343078613e-01 9.536885619163513184e-01 -1.300940513610839844e-01 4.241469129920005798e-02
-9.591419100761413574e-01 2.790908813476562500e-01 4.642137140035629272e-02 1.657023839652538300e-02
8.057959377765655518e-02 1.121888384222984314e-01 9.904143810272216797e-01 -3.030643761157989502e-01
0.000000000000000000e+00 0.000000000000000000e+00 0.000000000000000000e+00 1.000000000000000000e+00
1.924993544816970825e-01 9.681382775306701660e-01 -1.601631045341491699e-01 5.341356992721557617e-02
-9.722258448600769043e-01 2.103037387132644653e-01 1.027092337608337402e-01 -4.150039982050657272e-03
1.331196427345275879e-01 1.359432488679885864e-01 9.817324280738830566e-01 -3.014229834079742432e-01
0.000000000000000000e+00 0.000000000000000000e+00 0.000000000000000000e+00 1.000000000000000000e+00
1.136694774031639099e-01 9.805041551589965820e-01 -1.602841317653656006e-01 5.512054637074470520e-02
-9.711564183235168457e-01 1.436917334794998169e-01 1.902840137481689453e-01 -3.392650559544563293e-02
2.096057683229446411e-01 1.340314447879791260e-01 9.685561656951904297e-01 -2.985630333423614502e-01
0.000000000000000000e+00 0.000000000000000000e+00 0.000000000000000000e+00 1.000000000000000000e+00
1.848400384187698364e-01 9.717139005661010742e-01 -1.469908952713012695e-01 5.010425299406051636e-02
-9.542431831359863281e-01 2.132302969694137573e-01 2.096489518880844116e-01 -3.950758650898933411e-02
2.350617051124572754e-01 1.015135347843170166e-01 9.666648507118225098e-01 -2.961649000644683838e-01
0.000000000000000000e+00 0.000000000000000000e+00 0.000000000000000000e+00 1.000000000000000000e+00
2.713721394538879395e-01 9.507949948310852051e-01 -1.494854092597961426e-01 4.828554391860961914e-02
-9.381627440452575684e-01 2.959954142570495605e-01 1.795474439859390259e-01 -2.787059545516967773e-02
2.149598151445388794e-01 9.151749312877655029e-02 9.723254442214965820e-01 -2.952041029930114746e-01
0.000000000000000000e+00 0.000000000000000000e+00 0.000000000000000000e+00 1.000000000000000000e+00
3.253185153007507324e-01 9.332613945007324219e-01 -1.522856652736663818e-01 4.760710150003433228e-02
-9.335656166076660156e-01 3.426006734371185303e-01 1.052615195512771606e-01 -1.783627667464315891e-03
1.504096984863281250e-01 1.079251319169998169e-01 9.827151894569396973e-01 -2.949984669685363770e-01
0.000000000000000000e+00 0.000000000000000000e+00 0.000000000000000000e+00 1.000000000000000000e+00
3.607303202152252197e-01 9.125555157661437988e-01 -1.926549077033996582e-01 5.852607637643814087e-02
-9.291879534721374512e-01 3.694657683372497559e-01 1.023444347083568573e-02 3.094911575317382812e-02
8.051887154579162598e-02 1.753207594156265259e-01 9.812132120132446289e-01 -2.904463410377502441e-01
0.000000000000000000e+00 0.000000000000000000e+00 0.000000000000000000e+00 1.000000000000000000e+00
4.014317095279693604e-01 8.929087519645690918e-01 -2.038782685995101929e-01 6.000472977757453918e-02
-9.156282544136047363e-01 3.965576887130737305e-01 -6.608059257268905640e-02 5.660302564501762390e-02
2.184551022946834564e-02 2.132035791873931885e-01 9.767635464668273926e-01 -2.855069041252136230e-01
0.000000000000000000e+00 0.000000000000000000e+00 0.000000000000000000e+00 1.000000000000000000e+00
4.678392708301544189e-01 8.569465279579162598e-01 -2.162614911794662476e-01 5.912823602557182312e-02
-8.830209374427795410e-01 4.428499937057495117e-01 -1.554281264543533325e-01 8.396192640066146851e-02
-3.742219507694244385e-02 2.636788189411163330e-01 9.638843536376953125e-01 -2.768368124961853027e-01
0.000000000000000000e+00 0.000000000000000000e+00 0.000000000000000000e+00 1.000000000000000000e+00
