0.271424263715744 0.9576529860496521 -0.09607017040252686 0.03276832774281502 
-0.9597832560539246 0.27675661444664 0.04713607206940651 0.01696863397955894 
0.07172805070877075 0.07941267639398575 0.9942578673362732 -0.3043250739574432 
0 0 0 1 

0.1945655941963196 0.973014235496521 -0.1240468248724937 0.04309128224849701 
-0.9724220037460327 0.2079184055328369 0.1056671962141991 -0.004624767694622278 
0.128607302904129 0.100066639482975 0.9866340756416321 -0.3031162619590759 
0 0 0 1 

0.1127355620265007 0.985535204410553 -0.1265347898006439 0.04551152512431145 
-0.972619354724884 0.1355004906654358 0.1888152360916138 -0.03316401690244675 
0.2032295912504196 0.1017839834094048 0.9738263487815857 -0.300348699092865 
0 0 0 1 

0.1894689798355103 0.9752827286720276 -0.1136883571743965 0.04076835140585899 
-0.9559659361839294 0.2096553146839142 0.2053623646497726 -0.03791888058185577 
0.2241217494010925 0.06977240741252899 0.9720603227615356 -0.2976942658424377 
0 0 0 1 

0.2686423659324646 0.9554954171180725 -0.1219007298350334 0.04108858108520508 
-0.941274106502533 0.2872777581214905 0.1774107366800308 -0.02716583013534546 
0.2045345157384872 0.06708195060491562 0.9765580296516418 -0.2964923977851868 
0 0 0 1 

0.3253130912780762 0.93837571144104 -0.1167145594954491 0.03771955519914627 
-0.9354084730148315 0.337422251701355 0.1056271567940712 -0.001634811284020543 
0.1385000497102737 0.07481390237808228 0.9875326156616211 -0.2965197861194611 
0 0 0 1 

0.3623644411563873 0.9201953411102295 -0.1480957865715027 0.04597227647900581 
-0.9298896789550781 0.3677148520946503 0.00952465832233429 0.03161345049738884 
0.06322154402732849 0.1342613697052002 0.9889271259307861 -0.2927100360393524 
0 0 0 1 

0.4414840936660767 0.8855788707733154 -0.1443662494421005 0.02455778792500496 
-0.8606142997741699 0.4634495973587036 0.2110857367515564 -0.01341580972075462 
0.2538395524024963 0.03105273097753525 0.9667477607727051 -0.320459395647049 
0 0 0 1 

0.3597559928894043 0.9015002250671387 -0.2405673563480377 0.06345874071121216 
-0.8945544958114624 0.4065448939800262 0.1857235133647919 -0.002243329305201769 
0.2652312219142914 0.1483855545520782 0.9526983499526978 -0.3164158165454865 
0 0 0 1 

0.9772121906280518 0.06391643732786179 -0.2024135440587997 0.01582884602248669 
-0.07925354689359665 0.9944924116134644 -0.06858769059181213 0.03346841782331467 
0.1969147771596909 0.08306672424077988 0.9768954515457153 -0.282555490732193 
0 0 0 1 

