-0.87969571352005 -0.4733532071113586 -0.04552477970719337 0.05658379197120667 
-0.4686391651630402 0.8791998028755188 -0.08593673259019852 0.0567505955696106 
0.08070380240678787 -0.05426347255706787 -0.9952600598335266 0.307854950428009 
0 0 0 1 

-0.9216254353523254 -0.3852004110813141 -0.04719271138310432 0.05827471986413002 
-0.3821391761302948 0.9219779968261719 -0.06266004592180252 0.04803343862295151 
0.06764731556177139 -0.03971491381525993 -0.9969186186790466 0.3082766532897949 
0 0 0 1 

-0.9012227654457092 -0.4043965041637421 -0.1557595133781433 0.09410809725522995 
-0.4052426815032959 0.9137885570526123 -0.02772833593189716 0.0332643948495388 
0.1535445004701614 0.0381309986114502 -0.9874057173728943 0.3091810941696167 
0 0 0 1 

-0.8720857501029968 -0.4296419322490692 -0.2342521697282791 0.1189748868346214 
-0.4468436539173126 0.8943091034889221 0.02327980473637581 0.02147839032113552 
0.199491873383522 0.1249760910868645 -0.9718970656394958 0.30332350730896 
0 0 0 1 

-0.8549103140830994 -0.3392189741134644 -0.392503023147583 0.1718305349349976 
-0.3938572406768799 0.9168356657028198 0.06548889726400375 0.00527768861502409 
0.3376456797122955 0.2105773091316223 -0.9174162149429321 0.2805947661399841 
0 0 0 1 

-0.7823899388313293 -0.3310272395610809 -0.5275291800498962 0.2143857181072235 
-0.4098504781723022 0.911445140838623 0.03592159599065781 0.01738063246011734 
0.4689229130744934 0.2443127930164337 -0.848777174949646 0.2532451450824738 
0 0 0 1 

-0.7026309370994568 -0.3215018212795258 -0.6347804665565491 0.2471253126859665 
-0.4608927965164185 0.8853034377098083 0.06177076697349548 0.0105466740205884 
0.5421139001846313 0.3359678089618683 -0.7702193856239319 0.2257547229528427 
0 0 0 1 

-0.6380282044410706 -0.2945283651351929 -0.7114580869674683 0.2699685096740723 
-0.5197533965110779 0.8464455604553223 0.1156992837786674 -0.006459890864789486 
0.5681337714195251 0.4436022341251373 -0.6931381821632385 0.2004465758800507 
0 0 0 1 

-0.6329165697097778 -0.283174455165863 -0.7205754518508911 0.275220662355423 
-0.5661229491233826 0.8041508793830872 0.181235134601593 -0.0280483067035675 
0.5281302332878113 0.5226410031318665 -0.6692718863487244 0.1905372440814972 
0 0 0 1 

-0.6371591687202454 -0.3013356626033783 -0.7093832492828369 0.2718982994556427 
-0.5823711752891541 0.7911168336868286 0.1870238184928894 -0.02830787934362888 
0.5048480629920959 0.5322884321212769 -0.6795564889907837 0.1942255944013596 
0 0 0 1 

