0.01036873552948236 0.9291024804115295 -0.3696768879890442 0.1278171986341476 
0.9051039218902588 0.1484329700469971 0.3984400033950806 -0.1929980367422104 
0.425063818693161 -0.3387272953987122 -0.8393951654434204 0.2405052930116653 
0 0 0 1 

-0.4723403751850128 0.7671886086463928 0.433953732252121 -0.09352858364582062 
0.8127562403678894 0.1885945200920105 0.551234245300293 -0.234136775135994 
0.3410594165325165 0.6130689382553101 -0.7126182317733765 0.2209760546684265 
0 0 0 1 

0.03500787541270256 0.967177152633667 0.2516799867153168 -0.07553970813751221 
0.7646267414093018 -0.1880814731121063 0.6164181232452393 -0.2721660733222961 
0.6435219049453735 0.1708617061376572 -0.7461138367652893 0.2134311497211456 
0 0 0 1 

0.1058485135436058 0.9587785601615906 0.2637039422988892 -0.08415490388870239 
0.8013275265693665 -0.2392691075801849 0.5482922792434692 -0.2545835077762604 
0.5887870788574219 0.1532772928476334 -0.7936219573020935 0.2326861172914505 
0 0 0 1 

0.2105086445808411 0.9453437924385071 0.2490208297967911 -0.08671779185533524 
0.8238754272460938 -0.3086740076541901 0.4753418266773224 -0.2343742996454239 
0.5262276530265808 0.1050985306501389 -0.843824028968811 0.2537727355957031 
0 0 0 1 

0.3423361778259277 0.9249855279922485 0.1649473309516907 -0.06829060614109039 
0.8375717401504517 -0.3799833655357361 0.3925378918647766 -0.210414245724678 
0.4257691502571106 0.003775311633944511 -0.9048237800598145 0.2810010015964508 
0 0 0 1 

0.4417352974414825 0.8944442868232727 0.06956522911787033 -0.04343032091856003 
0.8481337428092957 -0.4416239857673645 0.2926385998725891 -0.1805949956178665 
0.2924706041812897 -0.07026815414428711 -0.9536892175674438 0.3068329095840454 
0 0 0 1 

-0.6042510867118835 0.780242383480072 0.1615630388259888 -0.01210917811840773 
0.7872114181518555 0.5532305240631104 0.2724595367908478 -0.117009699344635 
0.1232028603553772 0.2918182015419006 -0.9485058784484863 0.3210673034191132 
0 0 0 1 

-0.5867059826850891 0.7867010235786438 0.1920355707406998 -0.01811467856168747 
0.7852436304092407 0.4947310388088226 0.3723354041576385 -0.1527403742074966 
0.1979106813669205 0.3692460656166077 -0.9080135822296143 0.3049108684062958 
0 0 0 1 

-0.6011959910392761 0.7726319432258606 0.2039689123630524 -0.01999245956540108 
0.7417933344841003 0.4446751475334167 0.5020027160644531 -0.1944213658571243 
0.2971634566783905 0.4531047642230988 -0.8404701948165894 0.2797467410564423 
0 0 0 1 

