0.7615330219268799 0.6344178915023804 -0.1325940042734146 0.0144344437867403 
-0.5952990651130676 0.6037698984146118 -0.5301703810691833 0.1713041067123413 
-0.2562934458255768 0.4826753437519073 0.8374592661857605 -0.2148942500352859 
0 0 0 1 

0.7872335314750671 0.6009331345558167 -0.1383569687604904 0.01326214056462049 
-0.5359299778938293 0.5557520389556885 -0.6355457305908203 0.1985303163528442 
-0.3050284683704376 0.5744725465774536 0.7595648765563965 -0.1862762272357941 
0 0 0 1 

0.8105619549751282 0.5688082575798035 -0.1394507437944412 0.01161174289882183 
-0.4832518696784973 0.5150863528251648 -0.7079219818115234 0.2174692451953888 
-0.3308427631855011 0.6412044763565063 0.6923871636390686 -0.1623668819665909 
0 0 0 1 

0.838822066783905 0.5282853841781616 -0.1314996480941772 0.006784362252801657 
-0.4150168597698212 0.4641979038715363 -0.7824839949607849 0.2367858439683914 
-0.3523330390453339 0.710939347743988 0.6086267828941345 -0.1383969485759735 
0 0 0 1 

0.8690237998962402 0.4863387942314148 -0.09095088392496109 -0.006927057169377804 
-0.3277008533477783 0.42804816365242 -0.8422509431838989 0.2512247860431671 
-0.3706880807876587 0.7617408633232117 0.5313577651977539 -0.1176180019974709 
0 0 0 1 

0.814941942691803 0.5697718858718872 -0.105970561504364 -0.001834565191529691 
-0.3673942089080811 0.3664979040622711 -0.8548104166984558 0.2564567923545837 
-0.4482088983058929 0.7355538606643677 0.5080053210258484 -0.10858403891325 
0 0 0 1 

0.8316148519515991 0.5494712591171265 -0.08060990273952484 -0.01367096230387688 
-0.4540162086486816 0.589077353477478 -0.6684736609458923 0.2169361561536789 
-0.319821685552597 0.5925108194351196 0.7393543720245361 -0.1798954755067825 
0 0 0 1 

0.8306655287742615 0.5544217824935913 -0.05109794810414314 -0.02324214577674866 
-0.4671833217144012 0.6441398859024048 -0.6056592464447021 0.1986106485128403 
-0.3028767108917236 0.5269723534584045 0.7940816283226013 -0.1966676265001297 
0 0 0 1 

0.8571605086326599 0.5120475292205811 -0.05552491918206215 -0.02244099043309689 
-0.4595266580581665 0.7116119861602783 -0.5314540863037109 0.1760304868221283 
-0.2326176464557648 0.4810566604137421 0.84526526927948 -0.2140512019395828 
0 0 0 1 

-0.00851017702370882 0.9999620914459229 0.001779799931682646 0.02406518906354904 
-0.4640536606311798 -0.00237267860211432 -0.8858041167259216 0.308301568031311 
-0.8857663869857788 -0.008364354260265827 0.4640562832355499 -0.1011445596814156 
0 0 0 1 

