0.8094503283500671 -0.1843132674694061 -0.5575112700462341 0.1345319747924805 
-0.5300496220588684 -0.6378974318504333 -0.5586897730827332 0.1816941201686859 
-0.2526610791683197 0.7477401494979858 -0.614041268825531 0.2468740940093994 
0 0 0 1 

0.8475760221481323 -0.1085668802261353 -0.5194497108459473 0.1210594400763512 
-0.4790930151939392 -0.577507495880127 -0.6610254645347595 0.2153195440769196 
-0.2282207608222961 0.8091340661048889 -0.5414950847625732 0.2220888882875443 
0 0 0 1 

0.8705166578292847 -0.01999047957360744 -0.4917327165603638 0.1122032180428505 
-0.4314684867858887 -0.5116032361984253 -0.7430323958396912 0.2426424771547318 
-0.2367184609174728 0.8589892387390137 -0.4539843201637268 0.1939710676670074 
0 0 0 1 

0.8799676299095154 0.1322623640298843 -0.4562491476535797 0.1021208912134171 
-0.3684721887111664 -0.4161274433135986 -0.8313037753105164 0.2718140780925751 
-0.2998079657554626 0.8996354937553406 -0.3174435794353485 0.1520856767892838 
0 0 0 1 

0.1044049337506294 0.9757924675941467 -0.1921680867671967 0.09313787519931793 
0.35706427693367 -0.217119038105011 -0.9084957242012024 0.2189270555973053 
-0.9282265901565552 0.02623503468930721 -0.3710888624191284 0.1817366778850555 
0 0 0 1 

0.1845638155937195 0.9583887457847595 -0.2177775204181671 0.09455005079507828 
0.5182320475578308 -0.2831760048866272 -0.8069985508918762 0.1770929247140884 
-0.8350878357887268 0.03608332201838493 -0.5489315986633301 0.2349095791578293 
0 0 0 1 

0.1897908747196198 0.9495348930358887 -0.2497254610061646 0.1018232181668282 
0.5856719613075256 -0.3136302828788757 -0.7474117875099182 0.1539543718099594 
-0.7880151271820068 -0.004405288957059383 -0.6156401634216309 0.2516232430934906 
0 0 0 1 

0.4175262153148651 0.9007666110992432 -0.119546577334404 0.02503099106252193 
0.6156691908836365 -0.3771984577178955 -0.6918618083000183 0.1614195555448532 
-0.6682987809181213 0.2152693271636963 -0.7120645642280579 0.3057823181152344 
0 0 0 1 

0.3286243677139282 0.9439049959182739 -0.03239049762487411 0.001995983999222517 
0.5391576886177063 -0.2156469970941544 -0.8141284584999084 0.2106587886810303 
-0.7754449248313904 0.2500787973403931 -0.5797803997993469 0.2714169323444366 
0 0 0 1 

0.2278123646974564 0.9700753092765808 0.0839964747428894 -0.02910345420241356 
0.4512634873390198 -0.02874448709189892 -0.8919281959533691 0.2458118200302124 
-0.8628227114677429 0.2410967350006104 -0.4443075060844421 0.2326635420322418 
0 0 0 1 

