1.000000000000000000e+00 0.000000000000000000e+00 0.000000000000000000e+00 -3.619798645377159119e-02
0.000000000000000000e+00 1.000000000000000000e+00 0.000000000000000000e+00 -1.327119767665863037e-03
0.000000000000000000e+00 0.000000000000000000e+00 1.000000000000000000e+00 -2.960163652896881104e-01
0.000000000000000000e+00 0.000000000000000000e+00 0.000000000000000000e+00 1.000000000000000000e+00
9.906922578811645508e-01 1.352151334285736084e-01 1.567255891859531403e-02 -4.393967241048812866e-02
-1.341186463832855225e-01 9.893049597740173340e-01 -5.734510347247123718e-02 2.825923264026641846e-02
-2.325886860489845276e-02 5.470936745405197144e-02 9.982318878173828125e-01 -2.967652082443237305e-01
0.000000000000000000e+00 0.000000000000000000e+00 0.000000000000000000e+00 1.000000000000000000e+00
9.711433053016662598e-01 2.351901084184646606e-01 3.957626223564147949e-02 -5.144302919507026672e-02
-2.300747781991958618e-01 9.675692319869995117e-01 -1.042829751968383789e-01 5.396429076790809631e-02
-6.281915307044982910e-02 9.216819703578948975e-02 9.937595725059509277e-01 -2.942627072334289551e-01
0.000000000000000000e+00 0.000000000000000000e+00 0.000000000000000000e+00 1.000000000000000000e+00
9.408524632453918457e-01 3.368757367134094238e-01 3.621549531817436218e-02 -4.931889474391937256e-02
-3.290821611881256104e-01 9.340227842330932617e-01 -1.389457434415817261e-01 7.348930090665817261e-02
-8.063358813524246216e-02 1.188094988465309143e-01 9.896376729011535645e-01 -2.917911410331726074e-01
0.000000000000000000e+00 0.000000000000000000e+00 0.000000000000000000e+00 1.000000000000000000e+00
8.942291736602783203e-01 4.473529458045959473e-01 1.515436638146638870e-02 -3.753599151968955994e-02
-4.390540421009063721e-01 8.832220435142517090e-01 -1.647734940052032471e-01 8.819039911031723022e-02
-8.709663152694702148e-02 1.406917124986648560e-01 9.862149357795715332e-01 -2.904400527477264404e-01
0.000000000000000000e+00 0.000000000000000000e+00 0.000000000000000000e+00 1.000000000000000000e+00
8.285931944847106934e-01 5.598464012145996094e-01 -2.324672648683190346e-03 -2.603003568947315216e-02
-5.496234297752380371e-01 8.126580715179443359e-01 -1.936484575271606445e-01 1.034139990806579590e-01
-1.065243110060691833e-01 1.617334783077239990e-01 9.810681343078613281e-01 -2.886519432067871094e-01
0.000000000000000000e+00 0.000000000000000000e+00 0.000000000000000000e+00 1.000000000000000000e+00
7.547608017921447754e-01 6.552804112434387207e-01 -3.071498870849609375e-02 -1.024412456899881363e-02
-6.497088670730590820e-01 7.402342557907104492e-01 -1.730076968669891357e-01 1.008532494306564331e-01
-9.063234925270080566e-02 1.505351960659027100e-01 9.844414591789245605e-01 -2.920629680156707764e-01
0.000000000000000000e+00 0.000000000000000000e+00 0.000000000000000000e+00 1.000000000000000000e+00
6.949527859687805176e-01 7.164118885993957520e-01 -6.159856542944908142e-02 2.719992073252797127e-03
-7.179102897644042969e-01 6.864624619483947754e-01 -1.156461760401725769e-01 8.225402981042861938e-02
-4.056522995233535767e-02 1.245909407734870911e-01 9.913787841796875000e-01 -2.994151115417480469e-01
0.000000000000000000e+00 0.000000000000000000e+00 0.000000000000000000e+00 1.000000000000000000e+00
5.839937925338745117e-01 8.110958337783813477e-01 -3.277150914072990417e-02 -2.527949865907430649e-03
-8.109539747238159180e-01 5.811437368392944336e-01 -6.801033765077590942e-02 6.766247749328613281e-02
-3.611798211932182312e-02 6.629380583763122559e-02 9.971463084220886230e-01 -3.071032762527465820e-01
0.000000000000000000e+00 0.000000000000000000e+00 0.000000000000000000e+00 1.000000000000000000e+00
4.990911185741424561e-01 8.658530116081237793e-01 -3.473646566271781921e-02 2.672866918146610260e-03
-8.660860061645507812e-01 4.971121251583099365e-01 -5.267252400517463684e-02 6.320930272340774536e-02
-2.833875827491283417e-02 5.637314170598983765e-02 9.980077147483825684e-01 -3.109526932239532471e-01
0.000000000000000000e+00 0.000000000000000000e+00 0.000000000000000000e+00 1.000000000000000000e+00
4.026289582252502441e-01 9.140844941139221191e-01 -4.836696013808250427e-02 1.180807501077651978e-02
-9.152557849884033203e-01 4.028299152851104736e-01 -5.949634127318859100e-03 4.591066390275955200e-02
1.404517795890569687e-02 4.666360467672348022e-02 9.988119006156921387e-01 -3.152551054954528809e-01
0.000000000000000000e+00 0.000000000000000000e+00 0.000000000000000000e+00 1.000000000000000000e+00
2.924840748310089111e-01 9.547398090362548828e-01 -5.408542975783348083e-02 1.902076229453086853e-02
-9.552146196365356445e-01 2.943503856658935547e-01 3.037659823894500732e-02 3.250686824321746826e-02
4.492179304361343384e-02 4.277852550148963928e-02 9.980738162994384766e-01 -3.174993395805358887e-01
0.000000000000000000e+00 0.000000000000000000e+00 0.000000000000000000e+00 1.000000000000000000e+00
1.684874892234802246e-01 9.834652543067932129e-01 -6.639504432678222656e-02 2.829172648489475250e-02
-9.835150241851806641e-01 1.722179055213928223e-01 5.512949824333190918e-02 2.299405634403228760e-02
6.565236300230026245e-02 5.601190403103828430e-02 9.962694048881530762e-01 -3.182334005832672119e-01
0.000000000000000000e+00 0.000000000000000000e+00 0.000000000000000000e+00 1.000000000000000000e+00
9.853518754243850708e-02 9.911394715309143066e-01 -8.906701952219009399e-02 3.816865384578704834e-02
-9.900736212730407715e-01 1.066551506519317627e-01 9.153835475444793701e-02 9.612086229026317596e-03
1.002267599105834961e-01 7.916308194398880005e-02 9.918101429939270020e-01 -3.175925314426422119e-01
0.000000000000000000e+00 0.000000000000000000e+00 0.000000000000000000e+00 1.000000000000000000e+00
1.182225812226533890e-02 9.959430098533630371e-01 -8.920436352491378784e-02 4.357525333762168884e-02
-9.971583485603332520e-01 1.838033460080623627e-02 7.305821031332015991e-02 1.769527979195117950e-02
7.440142333507537842e-02 8.808724582195281982e-02 9.933306574821472168e-01 -3.115233182907104492e-01
0.000000000000000000e+00 0.000000000000000000e+00 0.000000000000000000e+00 1.000000000000000000e+00
-9.513407200574874878e-02 8.987972736358642578e-01 -4.279164373874664307e-01 1.615703254938125610e-01
-9.898994565010070801e-01 -4.002521932125091553e-02 1.360048800706863403e-01 -3.030659398064017296e-03
1.051133200526237488e-01 4.365329742431640625e-01 8.935267329216003418e-01 -2.732423543930053711e-01
0.000000000000000000e+00 0.000000000000000000e+00 0.000000000000000000e+00 1.000000000000000000e+00
-1.694540232419967651e-01 8.709176182746887207e-01 -4.612890183925628662e-01 1.740544736385345459e-01
-9.763152003288269043e-01 -8.446172624826431274e-02 1.991837322711944580e-01 -2.580650523304939270e-02
1.345113515853881836e-01 4.841161072254180908e-01 8.646028637886047363e-01 -2.645771503448486328e-01
0.000000000000000000e+00 0.000000000000000000e+00 0.000000000000000000e+00 1.000000000000000000e+00
-1.316924989223480225e-01 8.128945231437683105e-01 -5.673265457153320312e-01 2.012199610471725464e-01
-9.912301898002624512e-01 -1.143130734562873840e-01 6.629886478185653687e-02 1.737404055893421173e-02
-1.095886155962944031e-02 5.710822939872741699e-01 8.208196163177490234e-01 -2.435050755739212036e-01
0.000000000000000000e+00 0.000000000000000000e+00 0.000000000000000000e+00 1.000000000000000000e+00
-8.875690400600433350e-02 7.355945110321044922e-01 -6.715824007987976074e-01 2.241737097501754761e-01
-9.945812225341796875e-01 -2.880804426968097687e-02 9.989081323146820068e-02 1.001051440834999084e-02
5.413215979933738708e-02 6.768091917037963867e-01 7.341654300689697266e-01 -2.255345284938812256e-01
0.000000000000000000e+00 0.000000000000000000e+00 0.000000000000000000e+00 1.000000000000000000e+00
-6.121769174933433533e-02 5.614129304885864258e-01 -8.252683877944946289e-01 2.688601911067962646e-01
-9.853141307830810547e-01 9.805181622505187988e-02 1.397922486066818237e-01 -2.631582086905837059e-03
1.594003140926361084e-01 8.217067122459411621e-01 5.471653938293457031e-01 -1.672181040048599243e-01
0.000000000000000000e+00 0.000000000000000000e+00 0.000000000000000000e+00 1.000000000000000000e+00
-1.265248507261276245e-01 4.196949601173400879e-01 -8.988032937049865723e-01 2.905011773109436035e-01
-9.855411648750305176e-01 4.975291714072227478e-02 1.619671285152435303e-01 -1.340799778699874878e-02
1.126947626471519470e-01 9.063003659248352051e-01 4.073317945003509521e-01 -1.181039661169052124e-01
0.000000000000000000e+00 0.000000000000000000e+00 0.000000000000000000e+00 1.000000000000000000e+00
-1.967891752719879150e-01 3.117607533931732178e-01 -9.295586943626403809e-01 3.015026748180389404e-01
-9.746998548507690430e-01 4.028465226292610168e-02 2.198566049337387085e-01 -3.226746246218681335e-02
1.059895753860473633e-01 9.493057727813720703e-01 2.959455251693725586e-01 -8.299002051353454590e-02
0.000000000000000000e+00 0.000000000000000000e+00 0.000000000000000000e+00 1.000000000000000000e+00
-2.784879207611083984e-01 1.861680150032043457e-01 -9.422239065170288086e-01 3.088704347610473633e-01
-9.579687118530273438e-01 1.648358814418315887e-02 2.863985300064086914e-01 -5.389636754989624023e-02
6.884942203760147095e-02 9.823796749114990234e-01 1.737528294324874878e-01 -4.233385995030403137e-02
0.000000000000000000e+00 0.000000000000000000e+00 0.000000000000000000e+00 1.000000000000000000e+00
-1.786348223686218262e-01 -8.265828490257263184e-01 -5.337139368057250977e-01 1.732416152954101562e-01
-9.479643106460571289e-01 -7.040034979581832886e-04 3.183755874633789062e-01 -6.284380704164505005e-02
-2.635394036769866943e-01 5.628150105476379395e-01 -7.834451198577880859e-01 2.760031819343566895e-01
0.000000000000000000e+00 0.000000000000000000e+00 0.000000000000000000e+00 1.000000000000000000e+00
-1.584784388542175293e-01 -8.855987787246704102e-01 -4.365783929824829102e-01 1.403491348028182983e-01
-9.682838320732116699e-01 5.289536714553833008e-02 2.441896051168441772e-01 -3.933944925665855408e-02
-1.931609213352203369e-01 4.614305496215820312e-01 -8.658930659294128418e-01 2.975291311740875244e-01
0.000000000000000000e+00 0.000000000000000000e+00 0.000000000000000000e+00 1.000000000000000000e+00
-8.329860121011734009e-02 -8.699638247489929199e-01 -4.860284030437469482e-01 1.492415219545364380e-01
-9.897624254226684570e-01 1.550619397312402725e-02 1.418776214122772217e-01 -4.142079502344131470e-03
-1.158920377492904663e-01 4.928709566593170166e-01 -8.623491525650024414e-01 2.917872369289398193e-01
0.000000000000000000e+00 0.000000000000000000e+00 0.000000000000000000e+00 1.000000000000000000e+00
2.313682623207569122e-02 -8.749544024467468262e-01 -4.836513698101043701e-01 1.392782777547836304e-01
-9.990385174751281738e-01 -3.825255483388900757e-02 2.140995301306247711e-02 3.693725913763046265e-02
-3.723372146487236023e-02 4.826910495758056641e-01 -8.749985694885253906e-01 2.900390625000000000e-01
0.000000000000000000e+00 0.000000000000000000e+00 0.000000000000000000e+00 1.000000000000000000e+00
5.084324628114700317e-02 -8.680155873298645020e-01 -4.939263761043548584e-01 1.396283209323883057e-01
-9.949253201484680176e-01 -1.028592698276042938e-03 -1.006069257855415344e-01 7.655917853116989136e-02
8.682037144899368286e-02 4.965353012084960938e-01 -8.636634945869445801e-01 2.783469259738922119e-01
0.000000000000000000e+00 0.000000000000000000e+00 0.000000000000000000e+00 1.000000000000000000e+00
2.986490726470947266e-02 -8.727646470069885254e-01 -4.872268438339233398e-01 1.413078457117080688e-01
-9.830362796783447266e-01 6.260242313146591187e-02 -1.723951548337936401e-01 9.080727398395538330e-02
1.809621155261993408e-01 4.841101169586181641e-01 -8.560899496078491211e-01 2.724988758563995361e-01
0.000000000000000000e+00 0.000000000000000000e+00 0.000000000000000000e+00 1.000000000000000000e+00
-4.448508843779563904e-02 -8.789022564888000488e-01 -4.749215841293334961e-01 1.452024430036544800e-01
-9.951316714286804199e-01 8.083438128232955933e-02 -5.638146400451660156e-02 5.351796746253967285e-02
8.794381469488143921e-02 4.701018929481506348e-01 -8.782198429107666016e-01 2.946484982967376709e-01
0.000000000000000000e+00 0.000000000000000000e+00 0.000000000000000000e+00 1.000000000000000000e+00
-4.452153295278549194e-02 -8.864969015121459961e-01 -4.605879187583923340e-01 1.382458955049514771e-01
-9.922797083854675293e-01 -1.417900528758764267e-02 1.232063993811607361e-01 -3.728849580511450768e-03
-1.157527714967727661e-01 4.625174105167388916e-01 -8.790216445922851562e-01 3.127871751785278320e-01
0.000000000000000000e+00 0.000000000000000000e+00 0.000000000000000000e+00 1.000000000000000000e+00
1.339944005012512207e-01 -8.581680059432983398e-01 -4.955734312534332275e-01 1.361070722341537476e-01
-9.846433401107788086e-01 -1.717654019594192505e-01 3.121018409729003906e-02 2.473826706409454346e-02
-1.119060069322586060e-01 4.837810993194580078e-01 -8.680050969123840332e-01 3.115095496177673340e-01
0.000000000000000000e+00 0.000000000000000000e+00 0.000000000000000000e+00 1.000000000000000000e+00
2.293422520160675049e-01 -8.133633136749267578e-01 -5.346420407295227051e-01 1.344796419143676758e-01
-9.456969499588012695e-01 -3.161925673484802246e-01 7.536126673221588135e-02 1.012360583990812302e-02
-2.303459942340850830e-01 4.883258640766143799e-01 -8.417114615440368652e-01 3.075681328773498535e-01
0.000000000000000000e+00 0.000000000000000000e+00 0.000000000000000000e+00 1.000000000000000000e+00
3.432384729385375977e-01 -7.387360334396362305e-01 -5.800485014915466309e-01 1.339231431484222412e-01
-9.072629809379577637e-01 -4.205614626407623291e-01 -1.247010077349841595e-03 3.201386705040931702e-02
-2.430249899625778198e-01 5.266846418380737305e-01 -8.145805597305297852e-01 2.940349578857421875e-01
0.000000000000000000e+00 0.000000000000000000e+00 0.000000000000000000e+00 1.000000000000000000e+00
3.543610572814941406e-01 -7.287512421607971191e-01 -5.859607458114624023e-01 1.338310390710830688e-01
-9.216210246086120605e-01 -3.782226145267486572e-01 -8.696206659078598022e-02 6.125917285680770874e-02
-1.582499295473098755e-01 5.708495378494262695e-01 -8.056595325469970703e-01 2.835511565208435059e-01
0.000000000000000000e+00 0.000000000000000000e+00 0.000000000000000000e+00 1.000000000000000000e+00
3.678103089332580566e-01 -7.159423232078552246e-01 -5.934154987335205078e-01 1.356208026409149170e-01
-9.263974428176879883e-01 -3.374558389186859131e-01 -1.670660376548767090e-01 8.675559610128402710e-02
-8.064201474189758301e-02 6.111872196197509766e-01 -7.873671054840087891e-01 2.713686227798461914e-01
0.000000000000000000e+00 0.000000000000000000e+00 0.000000000000000000e+00 1.000000000000000000e+00
5.315060019493103027e-01 -5.987610220909118652e-01 -5.991546511650085449e-01 1.323676556348800659e-01
-8.422771096229553223e-01 -4.486075341701507568e-01 -2.988651692867279053e-01 1.228206530213356018e-01
-8.983659744262695312e-02 6.635028719902038574e-01 -7.427602410316467285e-01 2.570937275886535645e-01
0.000000000000000000e+00 0.000000000000000000e+00 0.000000000000000000e+00 1.000000000000000000e+00
6.790999770164489746e-01 -4.076109826564788818e-01 -6.104722619056701660e-01 1.314921826124191284e-01
-7.098522782325744629e-01 -5.764275193214416504e-01 -4.047723710536956787e-01 1.529944837093353271e-01
-1.869034469127655029e-01 7.082260847091674805e-01 -6.807954907417297363e-01 2.524535059928894043e-01
0.000000000000000000e+00 0.000000000000000000e+00 0.000000000000000000e+00 1.000000000000000000e+00
7.007995843887329102e-01 -3.352079391479492188e-01 -6.296948790550231934e-01 1.338149011135101318e-01
-6.503588557243347168e-01 -6.629219055175781250e-01 -3.709009587764739990e-01 1.411205679178237915e-01
-2.931096851825714111e-01 6.694548726081848145e-01 -6.825808286666870117e-01 2.632479965686798096e-01
0.000000000000000000e+00 0.000000000000000000e+00 0.000000000000000000e+00 1.000000000000000000e+00
7.465451955795288086e-01 -2.501521408557891846e-01 -6.165177226066589355e-01 1.345459669828414917e-01
-5.727499723434448242e-01 -7.131575942039489746e-01 -4.041827023029327393e-01 1.440161913633346558e-01
-3.385670781135559082e-01 6.548511385917663574e-01 -6.756789088249206543e-01 2.604919672012329102e-01
0.000000000000000000e+00 0.000000000000000000e+00 0.000000000000000000e+00 1.000000000000000000e+00
7.496498823165893555e-01 -2.575719952583312988e-01 -6.096569895744323730e-01 1.382063925266265869e-01
-5.400457382202148438e-01 -7.705637216567993164e-01 -3.385011255741119385e-01 1.152252331376075745e-01
-3.825906515121459961e-01 5.829999446868896484e-01 -7.167533636093139648e-01 2.757821977138519287e-01
0.000000000000000000e+00 0.000000000000000000e+00 0.000000000000000000e+00 1.000000000000000000e+00
7.334741950035095215e-01 -3.473133146762847900e-01 -5.842851400375366211e-01 1.389221251010894775e-01
-5.855512022972106934e-01 -7.593824863433837891e-01 -2.836685776710510254e-01 9.466619789600372314e-02
-3.451739847660064697e-01 5.501926541328430176e-01 -7.603570818901062012e-01 2.875016629695892334e-01
0.000000000000000000e+00 0.000000000000000000e+00 0.000000000000000000e+00 1.000000000000000000e+00
8.101164698600769043e-01 -1.858866214752197266e-01 -5.560193061828613281e-01 1.340983510017395020e-01
-5.299675464630126953e-01 -6.377338767051696777e-01 -5.589539408683776855e-01 1.815199851989746094e-01
-2.506904602050781250e-01 7.474899888038635254e-01 -6.151526570320129395e-01 2.469568997621536255e-01
0.000000000000000000e+00 0.000000000000000000e+00 0.000000000000000000e+00 1.000000000000000000e+00
8.477158546447753906e-01 -1.078640967607498169e-01 -5.193680524826049805e-01 1.213667839765548706e-01
-4.781537055969238281e-01 -5.793031454086303711e-01 -6.601338386535644531e-01 2.146872729063034058e-01
-2.296668589115142822e-01 8.079436421394348145e-01 -5.426600575447082520e-01 2.223043441772460938e-01
0.000000000000000000e+00 0.000000000000000000e+00 0.000000000000000000e+00 1.000000000000000000e+00
8.689551353454589844e-01 -1.428076624870300293e-02 -4.946847558021545410e-01 1.136032268404960632e-01
-4.313648045063018799e-01 -5.118051767349243164e-01 -7.429534196853637695e-01 2.423258721828460693e-01
-2.425723522901535034e-01 8.589827418327331543e-01 -4.508960545063018799e-01 1.930301487445831299e-01
0.000000000000000000e+00 0.000000000000000000e+00 0.000000000000000000e+00 1.000000000000000000e+00
8.763077855110168457e-01 1.380508542060852051e-01 -4.615480899810791016e-01 1.042108088731765747e-01
-3.706239461898803711e-01 -4.188750982284545898e-01 -8.289638161659240723e-01 2.709944844245910645e-01
-3.077702820301055908e-01 8.974881768226623535e-01 -3.158985376358032227e-01 1.519580334424972534e-01
0.000000000000000000e+00 0.000000000000000000e+00 0.000000000000000000e+00 1.000000000000000000e+00
9.492693543434143066e-01 -2.602382004261016846e-01 -1.765309274196624756e-01 2.397214062511920929e-03
-2.536467313766479492e-01 -3.018272817134857178e-01 -9.190015792846679688e-01 2.948531806468963623e-01
1.858773678541183472e-01 9.171566963195800781e-01 -3.525241017341613770e-01 1.339905560016632080e-01
0.000000000000000000e+00 0.000000000000000000e+00 0.000000000000000000e+00 1.000000000000000000e+00
9.775055646896362305e-01 -1.206658780574798584e-01 -1.729824542999267578e-01 2.014912664890289307e-03
-1.967824995517730713e-01 -2.266593128442764282e-01 -9.538877010345458984e-01 3.034293651580810547e-01
7.589364051818847656e-02 9.664703011512756348e-01 -2.453057169914245605e-01 1.036641001701354980e-01
0.000000000000000000e+00 0.000000000000000000e+00 0.000000000000000000e+00 1.000000000000000000e+00
9.840167164802551270e-01 -1.056201905012130737e-01 -1.433742195367813110e-01 -7.664067205041646957e-03
-1.551485657691955566e-01 -1.132827401161193848e-01 -9.813743233680725098e-01 3.100257217884063721e-01
8.741114288568496704e-02 9.879327416419982910e-01 -1.278588771820068359e-01 6.265264749526977539e-02
0.000000000000000000e+00 0.000000000000000000e+00 0.000000000000000000e+00 1.000000000000000000e+00
9.748716354370117188e-01 -1.758842617273330688e-01 -1.367109864950180054e-01 -1.152990665286779404e-02
-1.479624211788177490e-01 -5.246945470571517944e-02 -9.876004457473754883e-01 3.104873597621917725e-01
1.665301918983459473e-01 9.830115437507629395e-01 -7.717527449131011963e-02 4.011038690805435181e-02
0.000000000000000000e+00 0.000000000000000000e+00 0.000000000000000000e+00 1.000000000000000000e+00
9.946333765983581543e-01 -6.555056665092706680e-03 -1.032559797167778015e-01 -2.140713669359683990e-02
-1.029962599277496338e-01 3.204240649938583374e-02 -9.941656589508056641e-01 3.090889751911163330e-01
9.825360029935836792e-03 9.994651675224304199e-01 3.119529224932193756e-02 9.642452001571655273e-03
0.000000000000000000e+00 0.000000000000000000e+00 0.000000000000000000e+00 1.000000000000000000e+00
9.953098893165588379e-01 -5.543699115514755249e-02 -7.927975803613662720e-02 -2.881824783980846405e-02
-7.171762734651565552e-02 1.271561086177825928e-01 -9.892867803573608398e-01 3.036147356033325195e-01
6.492388248443603516e-02 9.903321266174316406e-01 1.225838735699653625e-01 -2.612873166799545288e-02
0.000000000000000000e+00 0.000000000000000000e+00 0.000000000000000000e+00 1.000000000000000000e+00
9.825810790061950684e-01 7.852574437856674194e-02 -1.684273630380630493e-01 -2.517866436392068863e-03
-1.793479919433593750e-01 1.633584201335906982e-01 -9.701279997825622559e-01 3.057323396205902100e-01
-4.866604134440422058e-02 9.834364056587219238e-01 1.745963096618652344e-01 -2.589321136474609375e-02
0.000000000000000000e+00 0.000000000000000000e+00 0.000000000000000000e+00 1.000000000000000000e+00
7.712479233741760254e-01 6.267547011375427246e-01 -1.111546009778976440e-01 1.246494823135435581e-03
-2.721726894378662109e-01 1.668507754802703857e-01 -9.476723074913024902e-01 3.081147372722625732e-01
-5.754117965698242188e-01 7.611432075500488281e-01 2.992688119411468506e-01 -3.456243500113487244e-02
0.000000000000000000e+00 0.000000000000000000e+00 0.000000000000000000e+00 1.000000000000000000e+00
4.937492907047271729e-01 8.693283200263977051e-01 2.191370725631713867e-02 -1.223460398614406586e-02
-3.727832138538360596e-01 2.343606352806091309e-01 -8.978350162506103516e-01 3.075261712074279785e-01
-7.856488823890686035e-01 4.351363182067871094e-01 4.397863745689392090e-01 -7.059745490550994873e-02
0.000000000000000000e+00 0.000000000000000000e+00 0.000000000000000000e+00 1.000000000000000000e+00
9.040303826332092285e-01 3.200875818729400635e-01 -2.833242714405059814e-01 4.378717020153999329e-02
-3.891537189483642578e-01 3.420004248619079590e-01 -8.553327322006225586e-01 2.999966740608215332e-01
-1.768844872713088989e-01 8.835039734840393066e-01 4.337421953678131104e-01 -9.234119206666946411e-02
0.000000000000000000e+00 0.000000000000000000e+00 0.000000000000000000e+00 1.000000000000000000e+00
8.826250433921813965e-01 1.746215224266052246e-01 -4.364411234855651855e-01 9.003868699073791504e-02
-4.677880704402923584e-01 4.178058803081512451e-01 -7.788530588150024414e-01 2.865276932716369629e-01
4.634307324886322021e-02 8.915968537330627441e-01 4.504517018795013428e-01 -1.135522946715354919e-01
0.000000000000000000e+00 0.000000000000000000e+00 0.000000000000000000e+00 1.000000000000000000e+00
8.707049489021301270e-01 1.475051641464233398e-01 -4.691646099090576172e-01 1.008799448609352112e-01
-4.746500253677368164e-01 5.018047690391540527e-01 -7.231174707412719727e-01 2.696345150470733643e-01
1.287653893232345581e-01 8.523111343383789062e-01 5.069374442100524902e-01 -1.388103216886520386e-01
0.000000000000000000e+00 0.000000000000000000e+00 0.000000000000000000e+00 1.000000000000000000e+00
8.575290441513061523e-01 1.361552327871322632e-01 -4.960900843143463135e-01 1.099034026265144348e-01
-4.746353328227996826e-01 5.813269019126892090e-01 -6.608935594558715820e-01 2.526262104511260986e-01
1.984064131975173950e-01 8.021972775459289551e-01 5.631286501884460449e-01 -1.589456498622894287e-01
0.000000000000000000e+00 0.000000000000000000e+00 0.000000000000000000e+00 1.000000000000000000e+00
8.378751873970031738e-01 9.346380829811096191e-02 -5.378005504608154297e-01 1.206629350781440735e-01
-4.479838013648986816e-01 6.806731820106506348e-01 -5.796499252319335938e-01 2.281632572412490845e-01
3.118901848793029785e-01 7.266004681587219238e-01 6.121895909309387207e-01 -1.812948286533355713e-01
0.000000000000000000e+00 0.000000000000000000e+00 0.000000000000000000e+00 1.000000000000000000e+00
8.238987326622009277e-01 1.132668182253837585e-01 -5.553030371665954590e-01 1.279116272926330566e-01
-4.467844665050506592e-01 7.326312661170959473e-01 -5.134530067443847656e-01 2.086568325757980347e-01
3.486752808094024658e-01 6.711343526840209961e-01 6.542204618453979492e-01 -1.981875300407409668e-01
0.000000000000000000e+00 0.000000000000000000e+00 0.000000000000000000e+00 1.000000000000000000e+00
7.930504679679870605e-01 1.551671922206878662e-01 -5.890616774559020996e-01 1.423881202936172485e-01
-4.573389887809753418e-01 7.904321551322937012e-01 -4.075016379356384277e-01 1.776412576436996460e-01
4.023822247982025146e-01 5.925707221031188965e-01 6.978167295455932617e-01 -2.174133658409118652e-01
0.000000000000000000e+00 0.000000000000000000e+00 0.000000000000000000e+00 1.000000000000000000e+00
7.663585543632507324e-01 2.134852111339569092e-01 -6.059026718139648438e-01 1.516520828008651733e-01
-4.615855515003204346e-01 8.389687538146972656e-01 -2.882190942764282227e-01 1.414844840764999390e-01
4.468026459217071533e-01 5.005550980567932129e-01 7.414924502372741699e-01 -2.366476505994796753e-01
0.000000000000000000e+00 0.000000000000000000e+00 0.000000000000000000e+00 1.000000000000000000e+00
7.396799921989440918e-01 2.748259305953979492e-01 -6.142834424972534180e-01 1.582747846841812134e-01
-4.613854289054870605e-01 8.716037869453430176e-01 -1.656205505132675171e-01 1.038705632090568542e-01
4.898950457572937012e-01 4.059278666973114014e-01 7.715087532997131348e-01 -2.514806091785430908e-01
0.000000000000000000e+00 0.000000000000000000e+00 0.000000000000000000e+00 1.000000000000000000e+00
7.205984592437744141e-01 3.579545319080352783e-01 -5.938066840171813965e-01 1.548763960599899292e-01
-4.424892365932464600e-01 8.967662453651428223e-01 3.611653344705700874e-03 5.116063728928565979e-02
5.337983965873718262e-01 2.601504325866699219e-01 8.045994639396667480e-01 -2.673904299736022949e-01
0.000000000000000000e+00 0.000000000000000000e+00 0.000000000000000000e+00 1.000000000000000000e+00
7.069265842437744141e-01 4.017813503742218018e-01 -5.820881724357604980e-01 1.506166756153106689e-01
-3.780413866043090820e-01 9.102060794830322266e-01 1.691434681415557861e-01 -6.131703965365886688e-03
5.977788567543029785e-01 1.004815623164176941e-01 7.953387498855590820e-01 -2.661173939704895020e-01
0.000000000000000000e+00 0.000000000000000000e+00 0.000000000000000000e+00 1.000000000000000000e+00
7.036397457122802734e-01 4.232685565948486328e-01 -5.707321763038635254e-01 1.457763761281967163e-01
-3.017247021198272705e-01 9.051894545555114746e-01 2.993220090866088867e-01 -5.296663194894790649e-02
6.433144807815551758e-01 -3.841073065996170044e-02 7.646379470825195312e-01 -2.590559422969818115e-01
0.000000000000000000e+00 0.000000000000000000e+00 0.000000000000000000e+00 1.000000000000000000e+00
6.979887485504150391e-01 4.545909464359283447e-01 -5.533158183097839355e-01 1.401039510965347290e-01
-2.467926889657974243e-01 8.780370950698852539e-01 4.100537300109863281e-01 -9.146235138177871704e-02
6.722386479377746582e-01 -1.496586501598358154e-01 7.250500917434692383e-01 -2.479176819324493408e-01
0.000000000000000000e+00 0.000000000000000000e+00 0.000000000000000000e+00 1.000000000000000000e+00
6.876183152198791504e-01 4.834229052066802979e-01 -5.417410135269165039e-01 1.365835219621658325e-01
-1.687393784523010254e-01 8.320942521095275879e-01 5.283430814743041992e-01 -1.352424025535583496e-01
7.061926126480102539e-01 -2.718851566314697266e-01 6.537355780601501465e-01 -2.275812476873397827e-01
0.000000000000000000e+00 0.000000000000000000e+00 0.000000000000000000e+00 1.000000000000000000e+00
6.681233644485473633e-01 5.158911943435668945e-01 -5.361590385437011719e-01 1.358335018157958984e-01
-1.035050749778747559e-01 7.780315876007080078e-01 6.196395754814147949e-01 -1.699153184890747070e-01
7.368153929710388184e-01 -3.585004806518554688e-01 5.732182860374450684e-01 -2.041940093040466309e-01
0.000000000000000000e+00 0.000000000000000000e+00 0.000000000000000000e+00 1.000000000000000000e+00
6.885088682174682617e-01 5.212127566337585449e-01 -5.042740702629089355e-01 1.244248077273368835e-01
-3.667139634490013123e-02 7.194637656211853027e-01 6.935612559318542480e-01 -1.992131024599075317e-01
7.242999672889709473e-01 -4.590307474136352539e-01 5.144708752632141113e-01 -1.863024979829788208e-01
0.000000000000000000e+00 0.000000000000000000e+00 0.000000000000000000e+00 1.000000000000000000e+00
6.993703246116638184e-01 5.270361900329589844e-01 -4.828183352947235107e-01 1.172970831394195557e-01
1.668134517967700958e-02 6.632787585258483887e-01 7.481865882873535156e-01 -2.215885967016220093e-01
7.145645618438720703e-01 -5.313136577606201172e-01 4.550860524177551270e-01 -1.688018739223480225e-01
0.000000000000000000e+00 0.000000000000000000e+00 0.000000000000000000e+00 1.000000000000000000e+00
7.328569889068603516e-01 5.155230164527893066e-01 -4.440237581729888916e-01 1.024722158908843994e-01
6.148330867290496826e-02 5.997603535652160645e-01 7.978141307830810547e-01 -2.420977950096130371e-01
6.775988340377807617e-01 -6.119837164878845215e-01 4.078423976898193359e-01 -1.549542844295501709e-01
0.000000000000000000e+00 0.000000000000000000e+00 0.000000000000000000e+00 1.000000000000000000e+00
7.964801788330078125e-01 4.770623147487640381e-01 -3.715246319770812988e-01 7.543008774518966675e-02
1.020589843392372131e-01 4.995504617691040039e-01 8.602513670921325684e-01 -2.691651284694671631e-01
5.959891080856323242e-01 -7.230911254882812500e-01 3.491936922073364258e-01 -1.354484856128692627e-01
0.000000000000000000e+00 0.000000000000000000e+00 0.000000000000000000e+00 1.000000000000000000e+00
8.335818052291870117e-01 4.552722871303558350e-01 -3.128403723239898682e-01 5.539046600461006165e-02
1.269064694643020630e-01 3.933504819869995117e-01 9.105876088142395020e-01 -2.903763651847839355e-01
5.376210212707519531e-01 -7.987506389617919922e-01 2.701129317283630371e-01 -1.083843111991882324e-01
0.000000000000000000e+00 0.000000000000000000e+00 0.000000000000000000e+00 1.000000000000000000e+00
8.831767439842224121e-01 3.830039501190185547e-01 -2.707523107528686523e-01 3.917625918984413147e-02
1.581490188837051392e-01 3.002822995185852051e-01 9.406484961509704590e-01 -3.038237988948822021e-01
4.415741562843322754e-01 -8.735777139663696289e-01 2.046305090188980103e-01 -8.472993224859237671e-02
0.000000000000000000e+00 0.000000000000000000e+00 0.000000000000000000e+00 1.000000000000000000e+00
9.150305390357971191e-01 3.155913949012756348e-01 -2.512403130531311035e-01 2.946743369102478027e-02
1.924205422401428223e-01 2.059168517589569092e-01 9.594647288322448730e-01 -3.140854835510253906e-01
3.545332849025726318e-01 -9.262828826904296875e-01 1.276939362287521362e-01 -5.637384206056594849e-02
0.000000000000000000e+00 0.000000000000000000e+00 0.000000000000000000e+00 1.000000000000000000e+00
9.590030908584594727e-01 1.724371761083602905e-01 -2.248976826667785645e-01 1.696923375129699707e-02
2.077973932027816772e-01 1.117504686117172241e-01 9.717677235603332520e-01 -3.212038576602935791e-01
1.927013248205184937e-01 -9.786611199378967285e-01 7.133702933788299561e-02 -2.927326597273349762e-02
0.000000000000000000e+00 0.000000000000000000e+00 0.000000000000000000e+00 1.000000000000000000e+00
9.792815446853637695e-01 7.124748826026916504e-02 -1.895562559366226196e-01 1.105440547689795494e-03
1.879075467586517334e-01 2.923324704170227051e-02 9.817516803741455078e-01 -3.272852003574371338e-01
7.548870146274566650e-02 -9.970301985740661621e-01 1.523968391120433807e-02 -2.219661837443709373e-03
0.000000000000000000e+00 0.000000000000000000e+00 0.000000000000000000e+00 1.000000000000000000e+00
9.675043225288391113e-01 1.910850107669830322e-01 -1.655964106321334839e-01 -6.340919062495231628e-03
1.807543784379959106e-01 -6.470815837383270264e-02 9.813972115516662598e-01 -3.313131332397460938e-01
1.768148839473724365e-01 -9.794383049011230469e-01 -9.714490920305252075e-02 3.365883231163024902e-02
0.000000000000000000e+00 0.000000000000000000e+00 0.000000000000000000e+00 1.000000000000000000e+00
9.832743406295776367e-01 1.105458103120326996e-02 -1.817940473556518555e-01 2.328759292140603065e-04
1.818724870681762695e-01 -1.126454770565032959e-01 9.768486618995666504e-01 -3.319516777992248535e-01
-9.679634124040603638e-03 -9.935738444328308105e-01 -1.127719432115554810e-01 5.581295117735862732e-02
0.000000000000000000e+00 0.000000000000000000e+00 0.000000000000000000e+00 1.000000000000000000e+00
9.883333444595336914e-01 -5.214684456586837769e-02 -1.431004106998443604e-01 -1.086562033742666245e-02
1.394217461347579956e-01 -6.843677163124084473e-02 9.878653287887573242e-01 -3.332358598709106445e-01
-6.130735203623771667e-02 -9.962916970252990723e-01 -6.036794558167457581e-02 3.889044746756553650e-02
0.000000000000000000e+00 0.000000000000000000e+00 0.000000000000000000e+00 1.000000000000000000e+00
8.811258077621459961e-01 4.652535319328308105e-01 -8.459596335887908936e-02 -2.425030805170536041e-02
6.024003028869628906e-02 6.700187176465988159e-02 9.959325790405273438e-01 -3.292626440525054932e-01
4.690293967723846436e-01 -8.826380372047424316e-01 3.101020120084285736e-02 -2.353898435831069946e-02
0.000000000000000000e+00 0.000000000000000000e+00 0.000000000000000000e+00 1.000000000000000000e+00
8.260654807090759277e-01 5.575729608535766602e-01 -8.202454447746276855e-02 -2.047195844352245331e-02
-3.668370097875595093e-02 1.984318792819976807e-01 9.794278144836425781e-01 -3.159883022308349609e-01
5.623789429664611816e-01 -8.060625195503234863e-01 1.843716949224472046e-01 -7.767079025506973267e-02
0.000000000000000000e+00 0.000000000000000000e+00 0.000000000000000000e+00 1.000000000000000000e+00
7.598097324371337891e-01 6.453225016593933105e-01 -7.904607057571411133e-02 -1.286824885755777359e-02
-1.686099618673324585e-01 3.130107522010803223e-01 9.346625804901123047e-01 -2.905379831790924072e-01
6.279016733169555664e-01 -6.968380808830261230e-01 3.466364741325378418e-01 -1.344425529241561890e-01
0.000000000000000000e+00 0.000000000000000000e+00 0.000000000000000000e+00 1.000000000000000000e+00
9.464783668518066406e-01 2.034974098205566406e-01 2.505334615707397461e-01 -1.237109079957008362e-01
-3.136445283889770508e-01 3.966372311115264893e-01 8.627316951751708984e-01 -2.555106282234191895e-01
7.619284838438034058e-02 -8.951354622840881348e-01 4.392344355583190918e-01 -1.376962214708328247e-01
0.000000000000000000e+00 0.000000000000000000e+00 0.000000000000000000e+00 1.000000000000000000e+00
8.906843066215515137e-01 3.453425168991088867e-01 2.956697940826416016e-01 -1.295242458581924438e-01
-4.418392479419708252e-01 5.044162273406982422e-01 7.418507933616638184e-01 -2.064623534679412842e-01
1.070519536733627319e-01 -7.913931012153625488e-01 6.018612980842590332e-01 -1.901420354843139648e-01
0.000000000000000000e+00 0.000000000000000000e+00 0.000000000000000000e+00 1.000000000000000000e+00
8.115290403366088867e-01 4.881638884544372559e-01 3.211175203323364258e-01 -1.275417357683181763e-01
-5.765450596809387207e-01 5.796723961830139160e-01 5.758264064788818359e-01 -1.450668126344680786e-01
9.495484828948974609e-02 -6.524384617805480957e-01 7.518694996833801270e-01 -2.331010103225708008e-01
0.000000000000000000e+00 0.000000000000000000e+00 0.000000000000000000e+00 1.000000000000000000e+00
7.385398745536804199e-01 5.745871663093566895e-01 3.527155816555023193e-01 -1.270717084407806396e-01
-6.736479997634887695e-01 6.075383424758911133e-01 4.208264350891113281e-01 -9.080171585083007812e-02
2.751345187425613403e-02 -5.484035015106201172e-01 8.357610702514648438e-01 -2.540400028228759766e-01
0.000000000000000000e+00 0.000000000000000000e+00 0.000000000000000000e+00 1.000000000000000000e+00
6.575841903686523438e-01 7.011789679527282715e-01 2.755565643310546875e-01 -9.142307937145233154e-02
-7.529926300048828125e-01 5.999612808227539062e-01 2.702735066413879395e-01 -4.049376398324966431e-02
2.418692037463188171e-02 -3.852196931838989258e-01 9.225078821182250977e-01 -2.761105000972747803e-01
0.000000000000000000e+00 0.000000000000000000e+00 0.000000000000000000e+00 1.000000000000000000e+00
6.828782558441162109e-01 6.918511390686035156e-01 2.345614582300186157e-01 -7.932670414447784424e-02
-7.302367687225341797e-01 6.555874347686767578e-01 1.922464817762374878e-01 -1.328000053763389587e-02
-2.076955139636993408e-02 -3.025664389133453369e-01 9.529021382331848145e-01 -2.801120281219482422e-01
0.000000000000000000e+00 0.000000000000000000e+00 0.000000000000000000e+00 1.000000000000000000e+00
6.878221035003662109e-01 6.879369616508483887e-01 2.316113263368606567e-01 -7.875435054302215576e-02
-7.142869234085083008e-01 6.982554197311401367e-01 4.726304113864898682e-02 3.145985677838325500e-02
-1.292097866535186768e-01 -1.979454755783081055e-01 9.716594815254211426e-01 -2.757441997528076172e-01
0.000000000000000000e+00 0.000000000000000000e+00 0.000000000000000000e+00 1.000000000000000000e+00
6.672964692115783691e-01 7.115440964698791504e-01 2.200464010238647461e-01 -7.322249561548233032e-02
-7.244446277618408203e-01 6.886790394783020020e-01 -3.002047725021839142e-02 5.269649997353553772e-02
-1.729021370410919189e-01 -1.393788754940032959e-01 9.750273823738098145e-01 -2.715993821620941162e-01
0.000000000000000000e+00 0.000000000000000000e+00 0.000000000000000000e+00 1.000000000000000000e+00
6.520763039588928223e-01 7.319083213806152344e-01 1.977541893720626831e-01 -6.483691930770874023e-02
-7.324192523956298828e-01 6.755179166793823242e-01 -8.507482707500457764e-02 6.704257428646087646e-02
-1.958533823490142822e-01 -8.936364948749542236e-02 9.765530824661254883e-01 -2.681258618831634521e-01
0.000000000000000000e+00 0.000000000000000000e+00 0.000000000000000000e+00 1.000000000000000000e+00
5.678078532218933105e-01 7.973661422729492188e-01 2.044535726308822632e-01 -5.930810794234275818e-02
-7.629987001419067383e-01 6.030256748199462891e-01 -2.327938377857208252e-01 1.094873696565628052e-01
-3.089127242565155029e-01 -2.381565235555171967e-02 9.507923722267150879e-01 -2.540652155876159668e-01
0.000000000000000000e+00 0.000000000000000000e+00 0.000000000000000000e+00 1.000000000000000000e+00
5.643073320388793945e-01 7.986518144607543945e-01 2.090743333101272583e-01 -5.965117365121841431e-02
-6.792430877685546875e-01 5.930992364883422852e-01 -4.322754144668579102e-01 1.648216843605041504e-01
-4.692393839359283447e-01 1.019238308072090149e-01 8.771691322326660156e-01 -2.216229140758514404e-01
0.000000000000000000e+00 0.000000000000000000e+00 0.000000000000000000e+00 1.000000000000000000e+00
5.734137892723083496e-01 7.890107035636901855e-01 2.205862551927566528e-01 -6.455267220735549927e-02
-6.124210357666015625e-01 5.916559100151062012e-01 -5.242937803268432617e-01 1.891104876995086670e-01
-5.441847443580627441e-01 1.655456274747848511e-01 8.224705457687377930e-01 -1.998930126428604126e-01
0.000000000000000000e+00 0.000000000000000000e+00 0.000000000000000000e+00 1.000000000000000000e+00
6.401612758636474609e-01 7.391433715820312500e-01 2.094299346208572388e-01 -6.640890985727310181e-02
-4.983373284339904785e-01 6.070017814636230469e-01 -6.190384030342102051e-01 2.121741324663162231e-01
-5.846825838088989258e-01 2.919175624847412109e-01 7.569217085838317871e-01 -1.734524220228195190e-01
0.000000000000000000e+00 0.000000000000000000e+00 0.000000000000000000e+00 1.000000000000000000e+00
7.137635946273803711e-01 6.755179762840270996e-01 1.849791407585144043e-01 -6.491398811340332031e-02
-3.927000164985656738e-01 6.046798825263977051e-01 -6.929277181625366211e-01 2.281431257724761963e-01
