1.000000000000000000e+00 0.000000000000000000e+00 0.000000000000000000e+00 -3.619798645377159119e-02
0.000000000000000000e+00 1.000000000000000000e+00 0.000000000000000000e+00 -1.327119767665863037e-03
0.000000000000000000e+00 0.000000000000000000e+00 1.000000000000000000e+00 -2.960163652896881104e-01
0.000000000000000000e+00 0.000000000000000000e+00 0.000000000000000000e+00 1.000000000000000000e+00
9.906553626060485840e-01 1.358430087566375732e-01 1.218449883162975311e-02 -4.303700104355812073e-02
-1.349536031484603882e-01 9.892387986183166504e-01 -5.652226880192756653e-02 2.828323282301425934e-02
-1.973154023289680481e-02 5.434975028038024902e-02 9.983274936676025391e-01 -2.969518005847930908e-01
0.000000000000000000e+00 0.000000000000000000e+00 0.000000000000000000e+00 1.000000000000000000e+00
9.717941284179687500e-01 2.343932390213012695e-01 2.600034326314926147e-02 -4.730778560042381287e-02
-2.307598590850830078e-01 9.678410887718200684e-01 -1.001652330160140991e-01 5.261734500527381897e-02
-4.864230006933212280e-02 9.134012460708618164e-02 9.946306943893432617e-01 -2.953257560729980469e-01
0.000000000000000000e+00 0.000000000000000000e+00 0.000000000000000000e+00 1.000000000000000000e+00
9.411585330963134766e-01 3.367187380790710449e-01 2.900341525673866272e-02 -4.737870022654533386e-02
-3.293590247631072998e-01 9.330509305000305176e-01 -1.446999460458755493e-01 7.535815238952636719e-02
-7.578489184379577637e-02 1.266329884529113770e-01 9.890505671501159668e-01 -2.917690277099609375e-01
0.000000000000000000e+00 0.000000000000000000e+00 0.000000000000000000e+00 1.000000000000000000e+00
8.945741057395935059e-01 4.468844234943389893e-01 5.613934714347124100e-03 -3.479169309139251709e-02
-4.397113323211669922e-01 8.823230862617492676e-01 -1.678089499473571777e-01 8.930373936891555786e-02
-7.994456589221954346e-02 1.476490646600723267e-01 9.858034849166870117e-01 -2.904924452304840088e-01
0.000000000000000000e+00 0.000000000000000000e+00 0.000000000000000000e+00 1.000000000000000000e+00
8.281916975975036621e-01 5.604398846626281738e-01 -2.388987923040986061e-03 -2.609522640705108643e-02
-5.506309270858764648e-01 8.128868341445922852e-01 -1.897876858711242676e-01 1.024488210678100586e-01
-1.044226959347724915e-01 1.584960371255874634e-01 9.818221926689147949e-01 -2.890422940254211426e-01
0.000000000000000000e+00 0.000000000000000000e+00 0.000000000000000000e+00 1.000000000000000000e+00
7.520486116409301758e-01 6.583786010742187500e-01 -3.098676167428493500e-02 -1.063120923936367035e-02
-6.530573964118957520e-01 7.379664182662963867e-01 -1.700635552406311035e-01 1.003064587712287903e-01
-8.909909427165985107e-02 1.481321603059768677e-01 9.849457740783691406e-01 -2.924782931804656982e-01
0.000000000000000000e+00 0.000000000000000000e+00 0.000000000000000000e+00 1.000000000000000000e+00
6.928996443748474121e-01 7.171370387077331543e-01 -7.486243546009063721e-02 6.989920511841773987e-03
-7.203599810600280762e-01 6.840216517448425293e-01 -1.148731335997581482e-01 8.238746225833892822e-02
-3.117228858172893524e-02 1.335235089063644409e-01 9.905554652214050293e-01 -2.993588447570800781e-01
0.000000000000000000e+00 0.000000000000000000e+00 0.000000000000000000e+00 1.000000000000000000e+00
5.867511630058288574e-01 8.092005252838134766e-01 -3.027756325900554657e-02 -3.441870445385575294e-03
-8.088226914405822754e-01 5.838519930839538574e-01 -7.016035169363021851e-02 6.850308924913406372e-02
-3.909621760249137878e-02 6.565585732460021973e-02 9.970762133598327637e-01 -3.070703446865081787e-01
0.000000000000000000e+00 0.000000000000000000e+00 0.000000000000000000e+00 1.000000000000000000e+00
4.997591078281402588e-01 8.654813766479492188e-01 -3.439268842339515686e-02 2.572099212557077408e-03
-8.657183647155761719e-01 4.978334605693817139e-01 -5.189839005470275879e-02 6.277039647102355957e-02
-2.779526822268962860e-02 5.571106076240539551e-02 9.980601668357849121e-01 -3.109210133552551270e-01
0.000000000000000000e+00 0.000000000000000000e+00 0.000000000000000000e+00 1.000000000000000000e+00
3.996518254280090332e-01 9.152716398239135742e-01 -5.055813491344451904e-02 1.262713875621557236e-02
-9.164887666702270508e-01 4.000542163848876953e-01 -2.333795186132192612e-03 4.513631016016006470e-02
1.808992773294448853e-02 4.726864024996757507e-02 9.987183809280395508e-01 -3.152754604816436768e-01
0.000000000000000000e+00 0.000000000000000000e+00 0.000000000000000000e+00 1.000000000000000000e+00
2.914809286594390869e-01 9.548151493072509766e-01 -5.802781134843826294e-02 2.007906511425971985e-02
-9.555265903472900391e-01 2.934661805629730225e-01 2.909222990274429321e-02 3.309172019362449646e-02
4.480688273906707764e-02 4.696729406714439392e-02 9.978906512260437012e-01 -3.173540532588958740e-01
0.000000000000000000e+00 0.000000000000000000e+00 0.000000000000000000e+00 1.000000000000000000e+00
1.759301573038101196e-01 9.823306202888488770e-01 -6.383819133043289185e-02 2.693497389554977417e-02
-9.821499586105346680e-01 1.795427799224853516e-01 5.608773976564407349e-02 2.296429686248302460e-02
6.655839830636978149e-02 5.283116921782493591e-02 9.963830113410949707e-01 -3.186029791831970215e-01
0.000000000000000000e+00 0.000000000000000000e+00 0.000000000000000000e+00 1.000000000000000000e+00
1.028885468840599060e-01 9.905306696891784668e-01 -9.089829027652740479e-02 3.865351900458335876e-02
-9.900429844856262207e-01 1.108049675822257996e-01 8.681838959455490112e-02 1.109621766954660416e-02
9.606828540563583374e-02 8.106052875518798828e-02 9.920683503150939941e-01 -3.171444535255432129e-01
0.000000000000000000e+00 0.000000000000000000e+00 0.000000000000000000e+00 1.000000000000000000e+00
1.775250211358070374e-02 9.965019822120666504e-01 -8.165954798460006714e-02 4.065826907753944397e-02
-9.974125027656555176e-01 2.334080636501312256e-02 6.799698621034622192e-02 1.928519643843173981e-02
6.966514140367507935e-02 8.024122565984725952e-02 9.943383932113647461e-01 -3.117539882659912109e-01
0.000000000000000000e+00 0.000000000000000000e+00 0.000000000000000000e+00 1.000000000000000000e+00
-8.831869065761566162e-02 8.912460803985595703e-01 -4.448368251323699951e-01 1.665812134742736816e-01
-9.908781647682189941e-01 -3.297474607825279236e-02 1.306649446487426758e-01 -1.359505928121507168e-03
1.017861813306808472e-01 4.523192942142486572e-01 8.860285878181457520e-01 -2.702611386775970459e-01
0.000000000000000000e+00 0.000000000000000000e+00 0.000000000000000000e+00 1.000000000000000000e+00
-1.637655496597290039e-01 8.706917166709899902e-01 -4.637633264064788818e-01 1.745082437992095947e-01
-9.774114489555358887e-01 -7.954621315002441406e-02 1.958025246858596802e-01 -2.428912557661533356e-02
1.335930079221725464e-01 4.853534102439880371e-01 8.640513420104980469e-01 -2.643360495567321777e-01
0.000000000000000000e+00 0.000000000000000000e+00 0.000000000000000000e+00 1.000000000000000000e+00
-1.340524852275848389e-01 8.096684217453002930e-01 -5.713727474212646484e-01 2.022182345390319824e-01
-9.908649325370788574e-01 -1.180839836597442627e-01 6.513966619968414307e-02 1.761272922158241272e-02
-1.472844369709491730e-02 5.748853683471679688e-01 8.181013464927673340e-01 -2.423505634069442749e-01
0.000000000000000000e+00 0.000000000000000000e+00 0.000000000000000000e+00 1.000000000000000000e+00
-9.159252792596817017e-02 7.328298687934875488e-01 -6.742189526557922363e-01 2.249507158994674683e-01
-9.946143031120300293e-01 -3.434333577752113342e-02 9.778933227062225342e-02 1.099136378616094589e-02
4.850801452994346619e-02 6.795445084571838379e-01 7.320287227630615234e-01 -2.245732843875885010e-01
0.000000000000000000e+00 0.000000000000000000e+00 0.000000000000000000e+00 1.000000000000000000e+00
-6.120213493704795837e-02 5.593200922012329102e-01 -8.266893625259399414e-01 2.693869769573211670e-01
-9.851242899894714355e-01 9.939595311880111694e-02 1.401805430650711060e-01 -2.513183979317545891e-03
1.605754345655441284e-01 8.229714632034301758e-01 5.449163913726806641e-01 -1.665257513523101807e-01
0.000000000000000000e+00 0.000000000000000000e+00 0.000000000000000000e+00 1.000000000000000000e+00
-1.292710453271865845e-01 4.097981452941894531e-01 -9.029697179794311523e-01 2.917538583278656006e-01
-9.854776859283447266e-01 4.801660403609275818e-02 1.628747284412384033e-01 -1.376388780772686005e-02
1.101031899452209473e-01 9.109113812446594238e-01 3.976398706436157227e-01 -1.148017644882202148e-01
0.000000000000000000e+00 0.000000000000000000e+00 0.000000000000000000e+00 1.000000000000000000e+00
-1.951520293951034546e-01 3.021595776081085205e-01 -9.330677390098571777e-01 3.023852109909057617e-01
-9.754002094268798828e-01 3.964875265955924988e-02 2.168456017971038818e-01 -3.145116567611694336e-02
1.025169044733047485e-01 9.524319767951965332e-01 2.869889140129089355e-01 -7.990165799856185913e-02
0.000000000000000000e+00 0.000000000000000000e+00 0.000000000000000000e+00 1.000000000000000000e+00
-2.738411128520965576e-01 1.915564984083175659e-01 -9.425057172775268555e-01 3.086753189563751221e-01
-9.599679708480834961e-01 5.602354649454355240e-03 2.800534367561340332e-01 -5.196844786405563354e-02
5.892625823616981506e-02 9.814656376838684082e-01 1.823541373014450073e-01 -4.479285702109336853e-02
0.000000000000000000e+00 0.000000000000000000e+00 0.000000000000000000e+00 1.000000000000000000e+00
-1.743932217359542847e-01 -8.207617402076721191e-01 -5.440012216567993164e-01 1.760439276695251465e-01
-9.489320516586303711e-01 -7.416018284857273102e-03 3.153931200504302979e-01 -6.146465986967086792e-02
-2.628968060016632080e-01 5.712229013442993164e-01 -7.775536775588989258e-01 2.742491364479064941e-01
0.000000000000000000e+00 0.000000000000000000e+00 0.000000000000000000e+00 1.000000000000000000e+00
-1.672527343034744263e-01 -8.723879456520080566e-01 -4.593114852905273438e-01 1.480389088392257690e-01
-9.679949879646301270e-01 5.688594654202461243e-02 2.444377392530441284e-01 -3.917723521590232849e-02
-1.871160417795181274e-01 4.854940474033355713e-01 -8.539807796478271484e-01 2.937297224998474121e-01
0.000000000000000000e+00 0.000000000000000000e+00 0.000000000000000000e+00 1.000000000000000000e+00
-8.552681654691696167e-02 -8.628118038177490234e-01 -4.982371032238006592e-01 1.529147326946258545e-01
-9.894980788230895996e-01 1.507229264825582504e-02 1.437560915946960449e-01 -4.712487570941448212e-03
-1.165249794721603394e-01 5.052997469902038574e-01 -8.550396561622619629e-01 2.897104620933532715e-01
0.000000000000000000e+00 0.000000000000000000e+00 0.000000000000000000e+00 1.000000000000000000e+00
2.301939018070697784e-02 -8.603028059005737305e-01 -5.092625617980957031e-01 1.473459899425506592e-01
-9.990307688713073730e-01 -3.890899196267127991e-02 2.057234197854995728e-02 3.699172660708427429e-02
-3.751343116164207458e-02 5.082954764366149902e-01 -8.603649735450744629e-01 2.858729362487792969e-01
0.000000000000000000e+00 0.000000000000000000e+00 0.000000000000000000e+00 1.000000000000000000e+00
5.409257858991622925e-02 -8.571850657463073730e-01 -5.121592879295349121e-01 1.452803760766983032e-01
-9.947593212127685547e-01 -1.694907434284687042e-03 -1.022265180945396423e-01 7.707186043262481689e-02
8.675901591777801514e-02 5.150051712989807129e-01 -8.527849912643432617e-01 2.751001119613647461e-01
0.000000000000000000e+00 0.000000000000000000e+00 0.000000000000000000e+00 1.000000000000000000e+00
2.556123211979866028e-02 -8.690548539161682129e-01 -4.940550029277801514e-01 1.435029208660125732e-01
-9.828640222549438477e-01 6.840088218450546265e-02 -1.711700260639190674e-01 9.064456075429916382e-02
1.825500726699829102e-01 4.899640679359436035e-01 -8.524145483970642090e-01 2.713730335235595703e-01
0.000000000000000000e+00 0.000000000000000000e+00 0.000000000000000000e+00 1.000000000000000000e+00
-4.031809791922569275e-02 -8.693982958793640137e-01 -4.924629330635070801e-01 1.505968868732452393e-01
-9.952983260154724121e-01 7.838515937328338623e-02 -5.689597874879837036e-02 5.357484519481658936e-02
8.806706964969635010e-02 4.878540635108947754e-01 -8.684714436531066895e-01 2.917895019054412842e-01
0.000000000000000000e+00 0.000000000000000000e+00 0.000000000000000000e+00 1.000000000000000000e+00
-4.373824596405029297e-02 -8.719205856323242188e-01 -4.876900911331176758e-01 1.473175436258316040e-01
-9.921613335609436035e-01 -1.928813941776752472e-02 1.234657913446426392e-01 -3.734024008736014366e-03
-1.170589923858642578e-01 4.892674386501312256e-01 -8.642422556877136230e-01 3.085286915302276611e-01
0.000000000000000000e+00 0.000000000000000000e+00 0.000000000000000000e+00 1.000000000000000000e+00
1.271429210901260376e-01 -8.479029536247253418e-01 -5.146796107292175293e-01 1.428517699241638184e-01
-9.853304624557495117e-01 -1.675201803445816040e-01 3.257000818848609924e-02 2.492529712617397308e-02
-1.138354763388633728e-01 5.029884576797485352e-01 -8.567637205123901367e-01 3.083648681640625000e-01
0.000000000000000000e+00 0.000000000000000000e+00 0.000000000000000000e+00 1.000000000000000000e+00
2.216904312372207642e-01 -8.007794022560119629e-01 -5.564221739768981934e-01 1.421257406473159790e-01
-9.460826516151428223e-01 -3.148424327373504639e-01 7.616878300905227661e-02 9.997709654271602631e-03
-2.361797690391540527e-01 5.095354914665222168e-01 -8.274009227752685547e-01 3.040454685688018799e-01
0.000000000000000000e+00 0.000000000000000000e+00 0.000000000000000000e+00 1.000000000000000000e+00
3.299598395824432373e-01 -7.326689958572387695e-01 -5.952498316764831543e-01 1.394606381654739380e-01
-9.118280410766601562e-01 -4.105717837810516357e-01 -8.917762170312926173e-05 3.269175812602043152e-02
-2.443276345729827881e-01 5.427950620651245117e-01 -8.035402297973632812e-01 2.912970781326293945e-01
0.000000000000000000e+00 0.000000000000000000e+00 0.000000000000000000e+00 1.000000000000000000e+00
3.570151031017303467e-01 -7.178397774696350098e-01 -5.977009534835815430e-01 1.375697851181030273e-01
-9.198093414306640625e-01 -3.816563189029693604e-01 -9.104502946138381958e-02 6.263455748558044434e-02
-1.627606600522994995e-01 5.822752714157104492e-01 -7.965325117111206055e-01 2.814023494720458984e-01
0.000000000000000000e+00 0.000000000000000000e+00 0.000000000000000000e+00 1.000000000000000000e+00
3.702843189239501953e-01 -7.066286802291870117e-01 -6.029636859893798828e-01 1.386949867010116577e-01
-9.248303771018981934e-01 -3.412657678127288818e-01 -1.680067181587219238e-01 8.712489902973175049e-02
-8.705263584852218628e-02 6.198493838310241699e-01 -7.798772454261779785e-01 2.697892785072326660e-01
0.000000000000000000e+00 0.000000000000000000e+00 0.000000000000000000e+00 1.000000000000000000e+00
5.361128449440002441e-01 -5.941240787506103516e-01 -5.996659994125366211e-01 1.321690082550048828e-01
-8.388593196868896484e-01 -4.543437361717224121e-01 -2.998111248016357422e-01 1.227676421403884888e-01
-9.432961046695709229e-02 6.637679934501647949e-01 -7.419659495353698730e-01 2.573141157627105713e-01
0.000000000000000000e+00 0.000000000000000000e+00 0.000000000000000000e+00 1.000000000000000000e+00
6.803897023200988770e-01 -4.152314960956573486e-01 -6.038646101951599121e-01 1.290696263313293457e-01
-7.097191214561462402e-01 -5.787283778190612793e-01 -4.017111659049987793e-01 1.520756632089614868e-01
-1.826705634593963623e-01 7.018944621086120605e-01 -6.884585618972778320e-01 2.542948424816131592e-01
0.000000000000000000e+00 0.000000000000000000e+00 0.000000000000000000e+00 1.000000000000000000e+00
7.033144235610961914e-01 -3.345583677291870117e-01 -6.272316575050354004e-01 1.329156160354614258e-01
-6.475304365158081055e-01 -6.656013727188110352e-01 -3.710509240627288818e-01 1.407589912414550781e-01
-2.933481633663177490e-01 6.671170592308044434e-01 -6.847637295722961426e-01 2.640029489994049072e-01
0.000000000000000000e+00 0.000000000000000000e+00 0.000000000000000000e+00 1.000000000000000000e+00
7.497871518135070801e-01 -2.502681612968444824e-01 -6.125234961509704590e-01 1.329122334718704224e-01
-5.696482062339782715e-01 -7.151065468788146973e-01 -4.051215052604675293e-01 1.442575752735137939e-01
-3.366305232048034668e-01 6.526777744293212891e-01 -6.787424087524414062e-01 2.612854242324829102e-01
0.000000000000000000e+00 0.000000000000000000e+00 0.000000000000000000e+00 1.000000000000000000e+00
7.466278076171875000e-01 -2.479539960622787476e-01 -6.173050999641418457e-01 1.409805119037628174e-01
-5.374276638031005859e-01 -7.717157006263732910e-01 -3.400399982929229736e-01 1.157007515430450439e-01
-3.920693099498748779e-01 5.856401324272155762e-01 -7.094414830207824707e-01 2.741938829421997070e-01
0.000000000000000000e+00 0.000000000000000000e+00 0.000000000000000000e+00 1.000000000000000000e+00
7.296653389930725098e-01 -3.449337780475616455e-01 -5.904313921928405762e-01 1.409947425127029419e-01
-5.865967869758605957e-01 -7.594814300537109375e-01 -2.812330722808837891e-01 9.362942725419998169e-02
-3.514148592948913574e-01 5.515514016151428223e-01 -7.565042376518249512e-01 2.866622507572174072e-01
0.000000000000000000e+00 0.000000000000000000e+00 0.000000000000000000e+00 1.000000000000000000e+00
8.094502687454223633e-01 -1.843134015798568726e-01 -5.575112104415893555e-01 1.345319598913192749e-01
-5.300495624542236328e-01 -6.378973722457885742e-01 -5.586895346641540527e-01 1.816941350698471069e-01
-2.526611387729644775e-01 7.477399706840515137e-01 -6.140415072441101074e-01 2.468740344047546387e-01
0.000000000000000000e+00 0.000000000000000000e+00 0.000000000000000000e+00 1.000000000000000000e+00
8.475760817527770996e-01 -1.085667461156845093e-01 -5.194497108459472656e-01 1.210594251751899719e-01
-4.790929257869720459e-01 -5.775073766708374023e-01 -6.610256433486938477e-01 2.153194993734359741e-01
-2.282207012176513672e-01 8.091342449188232422e-01 -5.414950251579284668e-01 2.220888435840606689e-01
0.000000000000000000e+00 0.000000000000000000e+00 0.000000000000000000e+00 1.000000000000000000e+00
8.705167174339294434e-01 -1.999038644134998322e-02 -4.917326569557189941e-01 1.122031882405281067e-01
-4.314684271812438965e-01 -5.116028785705566406e-01 -7.430325150489807129e-01 2.426424175500869751e-01
-2.367184162139892578e-01 8.589892983436584473e-01 -4.539842009544372559e-01 1.939710378646850586e-01
0.000000000000000000e+00 0.000000000000000000e+00 0.000000000000000000e+00 1.000000000000000000e+00
8.799678087234497070e-01 1.322623640298843384e-01 -4.562491774559020996e-01 1.021208837628364563e-01
-3.684722781181335449e-01 -4.161270856857299805e-01 -8.313037157058715820e-01 2.718140780925750732e-01
-2.998079657554626465e-01 8.996356725692749023e-01 -3.174434006214141846e-01 1.520857065916061401e-01
0.000000000000000000e+00 0.000000000000000000e+00 0.000000000000000000e+00 1.000000000000000000e+00
9.507308602333068848e-01 -2.608658969402313232e-01 -1.675086766481399536e-01 -6.461587618105113506e-04
-2.453156411647796631e-01 -3.026708960533142090e-01 -9.209836125373840332e-01 2.950910329818725586e-01
1.895531266927719116e-01 9.167002439498901367e-01 -3.517531752586364746e-01 1.336192488670349121e-01
0.000000000000000000e+00 0.000000000000000000e+00 0.000000000000000000e+00 1.000000000000000000e+00
9.787179231643676758e-01 -1.146179959177970886e-01 -1.702180504798889160e-01 1.195094664581120014e-03
-1.923694163560867310e-01 -2.236255109310150146e-01 -9.555025696754455566e-01 3.039869964122772217e-01
7.145272195339202881e-02 9.679121375083923340e-01 -2.409153580665588379e-01 1.024898514151573181e-01
0.000000000000000000e+00 0.000000000000000000e+00 0.000000000000000000e+00 1.000000000000000000e+00
9.860607385635375977e-01 -7.834631204605102539e-02 -1.467882096767425537e-01 -6.159724202007055283e-03
-1.551935374736785889e-01 -1.149436309933662415e-01 -9.811740517616271973e-01 3.101224005222320557e-01
5.999900028109550476e-02 9.902774691581726074e-01 -1.255001872777938843e-01 6.311427056789398193e-02
0.000000000000000000e+00 0.000000000000000000e+00 0.000000000000000000e+00 1.000000000000000000e+00
9.742655158042907715e-01 -1.852860897779464722e-01 -1.283576935529708862e-01 -1.424892805516719818e-02
-1.409439742565155029e-01 -5.638143792748451233e-02 -9.884110689163208008e-01 3.105286359786987305e-01
1.759018003940582275e-01 9.810658693313598633e-01 -8.104547858238220215e-02 4.098904877901077271e-02
0.000000000000000000e+00 0.000000000000000000e+00 0.000000000000000000e+00 1.000000000000000000e+00
9.933325052261352539e-01 -4.738214984536170959e-02 -1.050990298390388489e-01 -2.088278718292713165e-02
-1.036874055862426758e-01 3.133277595043182373e-02 -9.941164255142211914e-01 3.092492222785949707e-01
5.039639398455619812e-02 9.983854293823242188e-01 2.621092647314071655e-02 9.088535793125629425e-03
0.000000000000000000e+00 0.000000000000000000e+00 0.000000000000000000e+00 1.000000000000000000e+00
9.935958981513977051e-01 -8.042317628860473633e-02 -7.937014847993850708e-02 -2.887041680514812469e-02
-6.878876686096191406e-02 1.267346292734146118e-01 -9.895488023757934570e-01 3.036771118640899658e-01
8.964150398969650269e-02 9.886708855628967285e-01 1.203907430171966553e-01 -2.661609090864658356e-02
0.000000000000000000e+00 0.000000000000000000e+00 0.000000000000000000e+00 1.000000000000000000e+00
9.838039278984069824e-01 7.111331075429916382e-02 -1.645366996526718140e-01 -3.940454684197902679e-03
-1.741583645343780518e-01 1.620626300573348999e-01 -9.712901115417480469e-01 3.059438169002532959e-01
-4.240645468235015869e-02 9.842144250869750977e-01 1.718228161334991455e-01 -2.531654201447963715e-02
0.000000000000000000e+00 0.000000000000000000e+00 0.000000000000000000e+00 1.000000000000000000e+00
7.652177810668945312e-01 6.352569460868835449e-01 -1.043578013777732849e-01 -3.815662930719554424e-04
-2.682888805866241455e-01 1.673270910978317261e-01 -9.486952424049377441e-01 3.083514273166656494e-01
-5.852033495903015137e-01 7.539561390876770020e-01 2.984740436077117920e-01 -3.412654995918273926e-02
0.000000000000000000e+00 0.000000000000000000e+00 0.000000000000000000e+00 1.000000000000000000e+00
5.363073945045471191e-01 8.440142869949340820e-01 -3.816260956227779388e-03 -7.550944574177265167e-03
-3.732581734657287598e-01 2.331172227859497070e-01 -8.979613780975341797e-01 3.077508807182312012e-01
-7.570023536682128906e-01 4.830077588558197021e-01 4.400576949119567871e-01 -7.073900103569030762e-02
0.000000000000000000e+00 0.000000000000000000e+00 0.000000000000000000e+00 1.000000000000000000e+00
9.167486429214477539e-01 2.487564831972122192e-01 -3.125568628311157227e-01 5.025119706988334656e-02
-3.847379982471466064e-01 3.393468260765075684e-01 -8.583818674087524414e-01 3.007664084434509277e-01
-1.074629798531532288e-01 9.071734547615051270e-01 4.068019390106201172e-01 -8.759137988090515137e-02
0.000000000000000000e+00 0.000000000000000000e+00 0.000000000000000000e+00 1.000000000000000000e+00
8.818291425704956055e-01 1.700516641139984131e-01 -4.398411214351654053e-01 9.085954725742340088e-02
-4.690701961517333984e-01 4.122072160243988037e-01 -7.810620665550231934e-01 2.873390614986419678e-01
4.848470538854598999e-02 8.950793743133544922e-01 4.432624280452728271e-01 -1.112870872020721436e-01
0.000000000000000000e+00 0.000000000000000000e+00 0.000000000000000000e+00 1.000000000000000000e+00
8.692600727081298828e-01 1.525005251169204712e-01 -4.702455699443817139e-01 1.011989936232566833e-01
-4.777248203754425049e-01 5.037846565246582031e-01 -7.197080254554748535e-01 2.690655589103698730e-01
1.271465569734573364e-01 8.502615690231323242e-01 5.107733607292175293e-01 -1.400131732225418091e-01
0.000000000000000000e+00 0.000000000000000000e+00 0.000000000000000000e+00 1.000000000000000000e+00
8.570041656494140625e-01 1.287967264652252197e-01 -4.989538192749023438e-01 1.106403619050979614e-01
-4.731222689151763916e-01 5.803603529930114746e-01 -6.628251075744628906e-01 2.532577812671661377e-01
2.042033374309539795e-01 8.041100502014160156e-01 5.583077073097229004e-01 -1.576936393976211548e-01
0.000000000000000000e+00 0.000000000000000000e+00 0.000000000000000000e+00 1.000000000000000000e+00
8.408343791961669922e-01 1.007233262062072754e-01 -5.318384766578674316e-01 1.186548024415969849e-01
-4.484598338603973389e-01 6.798393726348876953e-01 -5.802600383758544922e-01 2.285307198762893677e-01
3.031190633773803711e-01 7.264109849929809570e-01 6.168028116226196289e-01 -1.823068410158157349e-01
0.000000000000000000e+00 0.000000000000000000e+00 0.000000000000000000e+00 1.000000000000000000e+00
8.239200711250305176e-01 1.094215139746665955e-01 -5.560420155525207520e-01 1.279908418655395508e-01
-4.452822506427764893e-01 7.319189906120300293e-01 -5.157685279846191406e-01 2.094354182481765747e-01
3.505416214466094971e-01 6.725479364395141602e-01 6.517667770385742188e-01 -1.975402832031250000e-01
0.000000000000000000e+00 0.000000000000000000e+00 0.000000000000000000e+00 1.000000000000000000e+00
7.945827841758728027e-01 1.517392694950103760e-01 -5.878885388374328613e-01 1.417964547872543335e-01
-4.534792304039001465e-01 7.921634912490844727e-01 -4.084521532058715820e-01 1.779290437698364258e-01
4.037254154682159424e-01 5.911448001861572266e-01 6.982502341270446777e-01 -2.175206243991851807e-01
0.000000000000000000e+00 0.000000000000000000e+00 0.000000000000000000e+00 1.000000000000000000e+00
7.624298930168151855e-01 2.112153619527816772e-01 -6.116274595260620117e-01 1.535915434360504150e-01
-4.641596972942352295e-01 8.370966911315917969e-01 -2.895253598690032959e-01 1.420845836400985718e-01
4.508388936519622803e-01 5.046356320381164551e-01 7.362650632858276367e-01 -2.351387292146682739e-01
0.000000000000000000e+00 0.000000000000000000e+00 0.000000000000000000e+00 1.000000000000000000e+00
7.377509474754333496e-01 2.719841301441192627e-01 -6.178576350212097168e-01 1.592400670051574707e-01
-4.634884595870971680e-01 8.695128560066223145e-01 -1.706623733043670654e-01 1.059355288743972778e-01
4.908178448677062988e-01 4.122764468193054199e-01 7.675456404685974121e-01 -2.503156363964080811e-01
0.000000000000000000e+00 0.000000000000000000e+00 0.000000000000000000e+00 1.000000000000000000e+00
7.211222052574157715e-01 3.546816110610961914e-01 -5.951333045959472656e-01 1.550661325454711914e-01
-4.399265348911285400e-01 8.980309367179870605e-01 2.141394186764955521e-03 5.164532735943794250e-02
5.352074503898620605e-01 2.602706551551818848e-01 8.036239743232727051e-01 -2.672607898712158203e-01
0.000000000000000000e+00 0.000000000000000000e+00 0.000000000000000000e+00 1.000000000000000000e+00
7.056043744087219238e-01 3.998567461967468262e-01 -5.850102901458740234e-01 1.514556556940078735e-01
-3.781091868877410889e-01 9.106829762458801270e-01 1.664027720689773560e-01 -5.347101949155330658e-03
5.992961525917053223e-01 1.037833988666534424e-01 7.937713265419006348e-01 -2.653807699680328369e-01
0.000000000000000000e+00 0.000000000000000000e+00 0.000000000000000000e+00 1.000000000000000000e+00
7.050150036811828613e-01 4.219560921192169189e-01 -5.700064301490783691e-01 1.452564746141433716e-01
-3.026461303234100342e-01 9.058865308761596680e-01 2.962672412395477295e-01 -5.185639113187789917e-02
6.413730978965759277e-01 -3.636247292160987854e-02 7.663670778274536133e-01 -2.592351734638214111e-01
0.000000000000000000e+00 0.000000000000000000e+00 0.000000000000000000e+00 1.000000000000000000e+00
6.939805746078491211e-01 4.517883956432342529e-01 -5.606048703193664551e-01 1.422845125198364258e-01
-2.429042458534240723e-01 8.798887729644775391e-01 4.084030389785766602e-01 -9.110816568136215210e-02
6.777818202972412109e-01 -1.472505182027816772e-01 7.203673720359802246e-01 -2.466541826725006104e-01
0.000000000000000000e+00 0.000000000000000000e+00 0.000000000000000000e+00 1.000000000000000000e+00
6.871971487998962402e-01 4.848561584949493408e-01 -5.409940481185913086e-01 1.363157629966735840e-01
-1.703749597072601318e-01 8.314818739891052246e-01 5.287820100784301758e-01 -1.351110041141510010e-01
7.062098383903503418e-01 -2.712054848670959473e-01 6.539992094039916992e-01 -2.277733832597732544e-01
0.000000000000000000e+00 0.000000000000000000e+00 0.000000000000000000e+00 1.000000000000000000e+00
6.766377687454223633e-01 5.097288489341735840e-01 -5.313537716865539551e-01 1.336882412433624268e-01
-1.011978015303611755e-01 7.791689634323120117e-01 6.185907125473022461e-01 -1.695716679096221924e-01
7.293279767036437988e-01 -3.647899925708770752e-01 5.787984132766723633e-01 -2.055304050445556641e-01
0.000000000000000000e+00 0.000000000000000000e+00 0.000000000000000000e+00 1.000000000000000000e+00
6.778946518898010254e-01 5.281818509101867676e-01 -5.113533735275268555e-01 1.272676140069961548e-01
-3.768408298492431641e-02 7.196199893951416016e-01 6.933448314666748047e-01 -1.990403681993484497e-01
7.341923713684082031e-01 -4.507450163364410400e-01 5.077307224273681641e-01 -1.844882071018218994e-01
0.000000000000000000e+00 0.000000000000000000e+00 0.000000000000000000e+00 1.000000000000000000e+00
6.933349967002868652e-01 5.262231826782226562e-01 -4.923163056373596191e-01 1.200034543871879578e-01
1.980053260922431946e-02 6.690194010734558105e-01 7.429812550544738770e-01 -2.201417386531829834e-01
7.203431129455566406e-01 -5.248830914497375488e-01 4.534353017807006836e-01 -1.684171259403228760e-01
0.000000000000000000e+00 0.000000000000000000e+00 0.000000000000000000e+00 1.000000000000000000e+00
7.404765486717224121e-01 5.056723356246948242e-01 -4.427081346511840820e-01 1.015009135007858276e-01
6.682895123958587646e-02 6.000480055809020996e-01 7.971677184104919434e-01 -2.421402931213378906e-01
6.687512397766113281e-01 -6.198697090148925781e-01 4.105277657508850098e-01 -1.555208712816238403e-01
0.000000000000000000e+00 0.000000000000000000e+00 0.000000000000000000e+00 1.000000000000000000e+00
8.014295697212219238e-01 4.680855572223663330e-01 -3.722985088825225830e-01 7.506919652223587036e-02
1.049962937831878662e-01 5.027014017105102539e-01 8.580595850944519043e-01 -2.685579955577850342e-01
5.888006091117858887e-01 -7.267648577690124512e-01 3.537326753139495850e-01 -1.366842240095138550e-01
0.000000000000000000e+00 0.000000000000000000e+00 0.000000000000000000e+00 1.000000000000000000e+00
8.463594913482666016e-01 4.385643601417541504e-01 -3.022208511829376221e-01 5.096311494708061218e-02
1.239323392510414124e-01 3.896932601928710938e-01 9.125675559043884277e-01 -2.908070087432861328e-01
5.179928541183471680e-01 -8.098151087760925293e-01 2.754684090614318848e-01 -1.087510064244270325e-01
0.000000000000000000e+00 0.000000000000000000e+00 0.000000000000000000e+00 1.000000000000000000e+00
8.635497093200683594e-01 4.176627099514007568e-01 -2.825591266155242920e-01 4.348305240273475647e-02
1.611694246530532837e-01 3.023471534252166748e-01 9.394736886024475098e-01 -3.036085665225982666e-01
4.778140187263488770e-01 -8.568217754364013672e-01 1.937771886587142944e-01 -8.298815786838531494e-02
0.000000000000000000e+00 0.000000000000000000e+00 0.000000000000000000e+00 1.000000000000000000e+00
9.090567827224731445e-01 3.289524316787719727e-01 -2.557469904422760010e-01 3.108355402946472168e-02
1.929964572191238403e-01 2.115562260150909424e-01 9.581212401390075684e-01 -3.136822879314422607e-01
3.692810535430908203e-01 -9.203444719314575195e-01 1.288299709558486938e-01 -5.748431757092475891e-02
0.000000000000000000e+00 0.000000000000000000e+00 0.000000000000000000e+00 1.000000000000000000e+00
9.643314480781555176e-01 1.426656097173690796e-01 -2.229617238044738770e-01 1.592669449746608734e-02
2.079173028469085693e-01 1.130393818020820618e-01 9.715929627418518066e-01 -3.211251795291900635e-01
1.638163775205612183e-01 -9.832949638366699219e-01 7.934475690126419067e-02 -3.009204752743244171e-02
0.000000000000000000e+00 0.000000000000000000e+00 0.000000000000000000e+00 1.000000000000000000e+00
9.810252785682678223e-01 4.421938955783843994e-02 -1.887703090906143188e-01 6.891600205563008785e-04
1.876904964447021484e-01 2.745374105870723724e-02 9.818445444107055664e-01 -3.272157311439514160e-01
4.859903454780578613e-02 -9.986445307731628418e-01 1.863329857587814331e-02 -1.528877415694296360e-03
0.000000000000000000e+00 0.000000000000000000e+00 0.000000000000000000e+00 1.000000000000000000e+00
9.734022021293640137e-01 1.575029939413070679e-01 -1.663767099380493164e-01 -6.582845933735370636e-03
1.785131543874740601e-01 -6.623450666666030884e-02 9.817055463790893555e-01 -3.312339484691619873e-01
1.436017006635665894e-01 -9.852947592735290527e-01 -9.258919954299926758e-02 3.451815247535705566e-02
0.000000000000000000e+00 0.000000000000000000e+00 0.000000000000000000e+00 1.000000000000000000e+00
9.833957552909851074e-01 3.887242823839187622e-02 -1.772610694169998169e-01 -1.575045404024422169e-03
1.805695444345474243e-01 -1.122352257370948792e-01 9.771375060081481934e-01 -3.319075405597686768e-01
1.808875799179077148e-02 -9.929211139678955078e-01 -1.173908337950706482e-01 5.584220215678215027e-02
0.000000000000000000e+00 0.000000000000000000e+00 0.000000000000000000e+00 1.000000000000000000e+00
9.863514304161071777e-01 -7.690919935703277588e-02 -1.455874890089035034e-01 -1.021538488566875458e-02
1.402728557586669922e-01 -7.051971554756164551e-02 9.875982999801635742e-01 -3.330328166484832764e-01
-8.622214198112487793e-02 -9.945410490036010742e-01 -5.876895040273666382e-02 3.967652842402458191e-02
0.000000000000000000e+00 0.000000000000000000e+00 0.000000000000000000e+00 1.000000000000000000e+00
8.972145318984985352e-01 4.341239631175994873e-01 -8.088586479425430298e-02 -2.608147077262401581e-02
5.557166412472724915e-02 7.071341574192047119e-02 9.959473609924316406e-01 -3.290446698665618896e-01
4.380844831466674805e-01 -8.980734944343566895e-01 3.932012245059013367e-02 -2.461379021406173706e-02
0.000000000000000000e+00 0.000000000000000000e+00 0.000000000000000000e+00 1.000000000000000000e+00
8.324443101882934570e-01 5.484857559204101562e-01 -7.873807847499847412e-02 -2.120997756719589233e-02
-3.699516132473945618e-02 1.967958807945251465e-01 9.797461032867431641e-01 -3.159594535827636719e-01
5.528723001480102539e-01 -8.126711249351501465e-01 1.841130554676055908e-01 -7.762112468481063843e-02
0.000000000000000000e+00 0.000000000000000000e+00 0.000000000000000000e+00 1.000000000000000000e+00
7.502782940864562988e-01 6.555494070053100586e-01 -8.565996587276458740e-02 -1.035236753523349762e-02
-1.667016744613647461e-01 3.129685223102569580e-01 9.350189566612243652e-01 -2.907193005084991455e-01
6.397606134414672852e-01 -6.872451305389404297e-01 3.440947532653808594e-01 -1.340445429086685181e-01
0.000000000000000000e+00 0.000000000000000000e+00 0.000000000000000000e+00 1.000000000000000000e+00
9.465467333793640137e-01 1.949245035648345947e-01 2.570082247257232666e-01 -1.256077140569686890e-01
-3.159064650535583496e-01 3.991177380084991455e-01 8.607601523399353027e-01 -2.547194361686706543e-01
6.520678102970123291e-02 -8.959404230117797852e-01 4.393615424633026123e-01 -1.373370885848999023e-01
0.000000000000000000e+00 0.000000000000000000e+00 0.000000000000000000e+00 1.000000000000000000e+00
8.912163376808166504e-01 3.427592515945434570e-01 2.970693707466125488e-01 -1.301581263542175293e-01
-4.416176378726959229e-01 5.062923431396484375e-01 7.407038211822509766e-01 -2.060032635927200317e-01
1.034791097044944763e-01 -7.913181185722351074e-01 6.025843620300292969e-01 -1.901033669710159302e-01
0.000000000000000000e+00 0.000000000000000000e+00 0.000000000000000000e+00 1.000000000000000000e+00
8.110105395317077637e-01 4.922962486743927002e-01 3.160791695117950439e-01 -1.258741319179534912e-01
-5.763551592826843262e-01 5.796307325363159180e-01 5.760584473609924316e-01 -1.451001018285751343e-01
1.003823503851890564e-01 -6.493632197380065918e-01 7.538241744041442871e-01 -2.338843196630477905e-01
0.000000000000000000e+00 0.000000000000000000e+00 0.000000000000000000e+00 1.000000000000000000e+00
7.338545322418212891e-01 5.839986205101013184e-01 3.469913303852081299e-01 -1.251549571752548218e-01
-6.786273717880249023e-01 6.074281930923461914e-01 4.129106998443603516e-01 -8.830631524324417114e-02
3.036716021597385406e-02 -5.384944677352905273e-01 8.420816659927368164e-01 -2.557016909122467041e-01
0.000000000000000000e+00 0.000000000000000000e+00 0.000000000000000000e+00 1.000000000000000000e+00
6.592979431152343750e-01 7.022320032119750977e-01 2.686946392059326172e-01 -8.947563171386718750e-02
-7.514413595199584961e-01 6.031714081764221191e-01 2.674310207366943359e-01 -3.912412375211715698e-02
2.572979405522346497e-02 -3.782249987125396729e-01 9.253560304641723633e-01 -2.769188880920410156e-01
0.000000000000000000e+00 0.000000000000000000e+00 0.000000000000000000e+00 1.000000000000000000e+00
6.855668425559997559e-01 6.910053491592407227e-01 2.291495203971862793e-01 -7.792033255100250244e-02
-7.278157472610473633e-01 6.578091979026794434e-01 1.938315033912658691e-01 -1.339827477931976318e-02
-1.679800823330879211e-02 -2.996631562709808350e-01 9.538972973823547363e-01 -2.804433107376098633e-01
0.000000000000000000e+00 0.000000000000000000e+00 0.000000000000000000e+00 1.000000000000000000e+00
6.844949722290039062e-01 6.917688846588134766e-01 2.300494313240051270e-01 -7.824504375457763672e-02
-7.174450755119323730e-01 6.952137351036071777e-01 4.416606202721595764e-02 3.261012956500053406e-02
-1.293807327747344971e-01 -1.952792555093765259e-01 9.721760749816894531e-01 -2.757115960121154785e-01
0.000000000000000000e+00 0.000000000000000000e+00 0.000000000000000000e+00 1.000000000000000000e+00
6.668198704719543457e-01 7.136030197143554688e-01 2.147604674100875854e-01 -7.178053259849548340e-02
-7.253850102424621582e-01 6.875804662704467773e-01 -3.239928558468818665e-02 5.358558148145675659e-02
-1.707852333784103394e-01 -1.341795325279235840e-01 9.761292338371276855e-01 -2.718275785446166992e-01
0.000000000000000000e+00 0.000000000000000000e+00 0.000000000000000000e+00 1.000000000000000000e+00
6.563095450401306152e-01 7.294954061508178711e-01 1.925986856222152710e-01 -6.373507529497146606e-02
-7.296398282051086426e-01 6.786414384841918945e-01 -8.409304916858673096e-02 6.693857163190841675e-02
-1.920508593320846558e-01 -8.533656597137451172e-02 9.776678681373596191e-01 -2.684387564659118652e-01
0.000000000000000000e+00 0.000000000000000000e+00 0.000000000000000000e+00 1.000000000000000000e+00
5.702722668647766113e-01 7.950111627578735352e-01 2.067524045705795288e-01 -6.005991622805595398e-02
-7.598177790641784668e-01 6.061566472053527832e-01 -2.350553125143051147e-01 1.099311038851737976e-01
-3.121959865093231201e-01 -2.304863557219505310e-02 9.497383236885070801e-01 -2.536578774452209473e-01
0.000000000000000000e+00 0.000000000000000000e+00 0.000000000000000000e+00 1.000000000000000000e+00
5.616018772125244141e-01 7.993245124816894531e-01 2.137360870838165283e-01 -6.101600453257560730e-02
-6.778683662414550781e-01 5.926101803779602051e-01 -4.350948631763458252e-01 1.657030433416366577e-01
-4.744441807270050049e-01 9.946510940790176392e-02 8.746479749679565430e-01 -2.207322865724563599e-01
0.000000000000000000e+00 0.000000000000000000e+00 0.000000000000000000e+00 1.000000000000000000e+00
5.734736919403076172e-01 7.898519635200500488e-01 2.173966914415359497e-01 -6.373856961727142334e-02
-6.123721003532409668e-01 5.895779728889465332e-01 -5.266862511634826660e-01 1.897422671318054199e-01
-5.441766381263732910e-01 1.689130514860153198e-01 8.217909336090087891e-01 -1.997146308422088623e-01
0.000000000000000000e+00 0.000000000000000000e+00 0.000000000000000000e+00 1.000000000000000000e+00
6.375589966773986816e-01 7.405935525894165039e-01 2.122260928153991699e-01 -6.718920916318893433e-02
-4.958129823207855225e-01 6.052854657173156738e-01 -6.227349638938903809e-01 2.131925970315933228e-01
-5.896509885787963867e-01 2.918057441711425781e-01 7.531010508537292480e-01 -1.721803545951843262e-01
0.000000000000000000e+00 0.000000000000000000e+00 0.000000000000000000e+00 1.000000000000000000e+00
7.197818756103515625e-01 6.713525056838989258e-01 1.766355037689208984e-01 -6.304793804883956909e-02
-3.944711089134216309e-01 6.049191355705261230e-01 -6.917118430137634277e-01 2.281687259674072266e-01
