0.5945883393287659 0.7775436639785767 -0.2046714723110199 0.0469740517437458 
-0.7945806980133057 0.5293309688568115 -0.2974055707454681 0.121504120528698 
-0.1229069456458092 0.3394618928432465 0.9325553774833679 -0.2596757411956787 
0 0 0 1 

0.6741096377372742 0.7164439558982849 -0.1796777248382568 0.03347701951861382 
-0.7207949757575989 0.5849362015724182 -0.3718925416469574 0.1369728744029999 
-0.1613402664661407 0.3802071511745453 0.9107204675674438 -0.2490909546613693 
0 0 0 1 

0.7384552955627441 0.6546434164047241 -0.1616342812776566 0.02458004280924797 
-0.6462512016296387 0.6186826229095459 -0.44675612449646 0.151893138885498 
-0.1924657076597214 0.4343657493591309 0.8799336552619934 -0.2349563091993332 
0 0 0 1 

0.7670335173606873 0.6241159439086914 -0.1487906128168106 0.01849971897900105 
-0.5938348770141602 0.6027613282203674 -0.5329526662826538 0.1714006662368774 
-0.242939218878746 0.4971495866775513 0.8329601883888245 -0.2141425907611847 
0 0 0 1 

0.7939972877502441 0.5896389484405518 -0.1479663401842117 0.01534289214760065 
-0.53425133228302 0.5606545209884644 -0.6326465606689453 0.1970149278640747 
-0.2900751829147339 0.5813708305358887 0.7601737380027771 -0.1867955178022385 
0 0 0 1 

0.8173273205757141 0.558539092540741 -0.1414570212364197 0.01158065721392632 
-0.4771132171154022 0.5184526443481445 -0.7096263766288757 0.2171238213777542 
-0.323015421628952 0.6474880576133728 0.69023197889328 -0.1621032059192657 
0 0 0 1 

0.8479887247085571 0.5130473971366882 -0.1330317705869675 0.006114421878010035 
-0.4086848795413971 0.4731195569038391 -0.7804706692695618 0.2352219223976135 
-0.3374785184860229 0.7161983847618103 0.6108748316764832 -0.1397264152765274 
0 0 0 1 

0.879399299621582 0.4664523601531982 -0.09528370946645737 -0.006658302620053291 
-0.3228181600570679 0.4371256828308105 -0.8394696712493896 0.2493889182806015 
-0.3499217331409454 0.7689883708953857 0.5349873900413513 -0.1198910176753998 
0 0 0 1 

0.8983946442604065 0.4340757727622986 -0.06682276725769043 -0.01431755349040031 
-0.2352029532194138 0.3470314145088196 -0.9078813791275024 0.2627905309200287 
-0.3708997666835785 0.831352710723877 0.4138670861721039 -0.08705718815326691 
0 0 0 1 

0.8989711403846741 0.437027633190155 -0.02928592637181282 -0.02637279964983463 
-0.1775696724653244 0.3025093972682953 -0.9364597797393799 0.2687295377254486 
-0.4003995954990387 0.847050666809082 0.3495500683784485 -0.06426525861024857 
0 0 0 1 

