1 0 0 -0.04542167112231255 
0 1 0 0.0009935460984706879 
0 0 1 -0.2875000238418579 
0 0 0 1 

0.2694311738014221 0.9544936418533325 -0.1278610676527023 0.04192879796028137 
-0.9597075581550598 0.2771294116973877 0.04648077115416527 0.01678834669291973 
0.07979965209960938 0.1101858988404274 0.9907023310661316 -0.3033185303211212 
0 0 0 1 

0.1122919470071793 0.9813646674156189 -0.1559292823076248 0.0540609173476696 
-0.9712949395179749 0.1415199786424637 0.1912024915218353 -0.03408902883529663 
0.2097064852714539 0.1299828141927719 0.9690860509872437 -0.2988734245300293 
0 0 0 1 

0.1902320235967636 0.9715757369995117 -0.1408979147672653 0.0481463186442852 
-0.9536441564559937 0.2169637829065323 0.208541601896286 -0.03898796439170837 
0.2331837117671967 0.09469517320394516 0.9678110480308533 -0.2965422868728638 
0 0 0 1 

0.2720539569854736 0.9505698084831238 -0.1496776044368744 0.04838426783680916 
-0.9381223320960999 0.2966309487819672 0.1787076145410538 -0.02765015512704849 
0.2142730802297592 0.09179782867431641 0.9724506735801697 -0.2953886687755585 
0 0 0 1 

0.8883468508720398 0.4588961601257324 -0.0159407015889883 -0.0253875870257616 
-0.4577336311340332 0.8877750635147095 0.0483248233795166 0.01068961620330811 
0.03632784262299538 -0.03563260287046432 0.9987044930458069 -0.2685936093330383 
0 0 0 1 

0.8945998549461365 0.4467003047466278 -0.01223972626030445 -0.02598641626536846 
-0.4401255249977112 0.8855113983154297 0.1488586068153381 -0.02027156203985214 
0.07733364403247833 -0.127781867980957 0.9887827634811401 -0.2677732408046722 
0 0 0 1 

0.896728515625 0.4422925114631653 -0.01597192697227001 -0.02456744574010372 
-0.4239135980606079 0.8687171936035156 0.2561787068843842 -0.05397360399365425 
0.1271810680627823 -0.2229520380496979 0.9664974808692932 -0.2631748914718628 
0 0 0 1 

0.8994560241699219 0.4365408718585968 -0.02026673592627048 -0.02309150993824005 
-0.3990799188613892 0.8394007682800293 0.3689731955528259 -0.09114786982536316 
0.1780839264392853 -0.3237870931625366 0.9292190074920654 -0.2537051439285278 
0 0 0 1 

0.9017559289932251 0.4316213726997375 -0.02321553230285645 -0.02283330261707306 
-0.3880050182342529 0.8319631814956665 0.3965969681739807 -0.09970054030418396 
0.1904942989349365 -0.3486258685588837 0.9176992774009705 -0.2510333359241486 
0 0 0 1 

