1.000000000000000000e+00 0.000000000000000000e+00 0.000000000000000000e+00 -4.542167112231254578e-02
0.000000000000000000e+00 1.000000000000000000e+00 0.000000000000000000e+00 9.935460984706878662e-04
0.000000000000000000e+00 0.000000000000000000e+00 1.000000000000000000e+00 -2.875000238418579102e-01
0.000000000000000000e+00 0.000000000000000000e+00 0.000000000000000000e+00 1.000000000000000000e+00
9.965112209320068359e-01 7.956583052873611450e-02 2.520852349698543549e-02 -5.128101259469985962e-02
-7.926279306411743164e-02 9.967715144157409668e-01 -1.280089747160673141e-02 8.523297496140003204e-03
-2.614563517272472382e-02 1.075814291834831238e-02 9.996002912521362305e-01 -2.926690876483917236e-01
0.000000000000000000e+00 0.000000000000000000e+00 0.000000000000000000e+00 1.000000000000000000e+00
9.849226474761962891e-01 1.661662608385086060e-01 4.812699556350708008e-02 -5.625358223915100098e-02
-1.637091934680938721e-01 9.851801991462707520e-01 -5.117271840572357178e-02 2.567965537309646606e-02
-5.591702088713645935e-02 4.252231493592262268e-02 9.975293874740600586e-01 -2.916773855686187744e-01
0.000000000000000000e+00 0.000000000000000000e+00 0.000000000000000000e+00 1.000000000000000000e+00
9.663405418395996094e-01 2.527733743190765381e-01 4.787272959947586060e-02 -5.418385937809944153e-02
-2.489434927701950073e-01 9.656947851181030273e-01 -7.389822602272033691e-02 3.749941289424896240e-02
-6.490995734930038452e-02 5.949322879314422607e-02 9.961157441139221191e-01 -2.913981676101684570e-01
0.000000000000000000e+00 0.000000000000000000e+00 0.000000000000000000e+00 1.000000000000000000e+00
9.367520809173583984e-01 3.457271158695220947e-01 5.447795987129211426e-02 -5.315493419766426086e-02
-3.372698724269866943e-01 9.332835078239440918e-01 -1.234118565917015076e-01 5.735581368207931519e-02
-9.351028501987457275e-02 9.723247587680816650e-02 9.908587336540222168e-01 -2.888224422931671143e-01
0.000000000000000000e+00 0.000000000000000000e+00 0.000000000000000000e+00 1.000000000000000000e+00
8.902960419654846191e-01 4.537482857704162598e-01 3.854012861847877502e-02 -4.509947448968887329e-02
-4.449524581432342529e-01 8.847938179969787598e-01 -1.384085714817047119e-01 6.619768589735031128e-02
-9.690281003713607788e-02 1.060760244727134705e-01 9.896249771118164062e-01 -2.894154489040374756e-01
0.000000000000000000e+00 0.000000000000000000e+00 0.000000000000000000e+00 1.000000000000000000e+00
8.428802490234375000e-01 5.376574993133544922e-01 2.182558923959732056e-02 -3.707633912563323975e-02
-5.272127389907836914e-01 8.332644701004028320e-01 -1.664834320545196533e-01 7.871656119823455811e-02
-1.076976656913757324e-01 1.288189291954040527e-01 9.858032464981079102e-01 -2.883354723453521729e-01
0.000000000000000000e+00 0.000000000000000000e+00 0.000000000000000000e+00 1.000000000000000000e+00
7.906701564788818359e-01 6.121678948402404785e-01 9.555187076330184937e-03 -3.026881068944931030e-02
-6.020681858062744141e-01 7.802690863609313965e-01 -1.693914681673049927e-01 8.339548856019973755e-02
-1.111516654491424561e-01 1.281797587871551514e-01 9.855023026466369629e-01 -2.891429960727691650e-01
0.000000000000000000e+00 0.000000000000000000e+00 0.000000000000000000e+00 1.000000000000000000e+00
7.194393277168273926e-01 6.943058371543884277e-01 -1.861177384853363037e-02 -1.637824252247810364e-02
-6.876081228256225586e-01 7.082070112228393555e-01 -1.601192653179168701e-01 8.358531445264816284e-02
-9.799076616764068604e-02 1.279937028884887695e-01 9.869217872619628906e-01 -2.907676398754119873e-01
0.000000000000000000e+00 0.000000000000000000e+00 0.000000000000000000e+00 1.000000000000000000e+00
6.457567811012268066e-01 7.634543180465698242e-01 -1.161404326558113098e-02 -1.316562294960021973e-02
-7.568606138229370117e-01 6.380234956741333008e-01 -1.417296528816223145e-01 8.002290874719619751e-02
-1.007940918207168579e-01 1.003130823373794556e-01 9.898375272750854492e-01 -2.927813529968261719e-01
0.000000000000000000e+00 0.000000000000000000e+00 0.000000000000000000e+00 1.000000000000000000e+00
5.512945055961608887e-01 8.336465954780578613e-01 -3.328539058566093445e-02 -7.889509433880448341e-04
-8.320208787918090820e-01 5.463896393775939941e-01 -9.591551870107650757e-02 6.771837919950485229e-02
-6.177285686135292053e-02 8.057174831628799438e-02 9.948325157165527344e-01 -2.982819676399230957e-01
0.000000000000000000e+00 0.000000000000000000e+00 0.000000000000000000e+00 1.000000000000000000e+00
4.573104977607727051e-01 8.867568373680114746e-01 -6.729677319526672363e-02 1.654509268701076508e-02
-8.892012834548950195e-01 4.547797739505767822e-01 -4.995677247643470764e-02 5.396321788430213928e-02
-1.369430590420961380e-02 8.268616348505020142e-02 9.964817166328430176e-01 -3.030917942523956299e-01
0.000000000000000000e+00 0.000000000000000000e+00 0.000000000000000000e+00 1.000000000000000000e+00
3.533344268798828125e-01 9.316963553428649902e-01 -8.424809575080871582e-02 2.620473504066467285e-02
-9.353998303413391113e-01 3.531579971313476562e-01 -1.748372055590152740e-02 4.135575145483016968e-02
1.346336025744676590e-02 8.498323708772659302e-02 9.962913990020751953e-01 -3.042907714843750000e-01
0.000000000000000000e+00 0.000000000000000000e+00 0.000000000000000000e+00 1.000000000000000000e+00
2.740456461906433105e-01 9.555080533027648926e-01 -1.090992614626884460e-01 3.629313781857490540e-02
-9.588702917098999023e-01 2.801926136016845703e-01 4.539009556174278259e-02 1.727474294602870941e-02
7.393939793109893799e-02 9.217305481433868408e-02 9.929940104484558105e-01 -3.038344085216522217e-01
0.000000000000000000e+00 0.000000000000000000e+00 0.000000000000000000e+00 1.000000000000000000e+00
1.962913572788238525e-01 9.712962508201599121e-01 -1.343657672405242920e-01 4.637297615408897400e-02
-9.719797372817993164e-01 2.108143568038940430e-01 1.039844676852226257e-01 -3.971765283495187759e-03
1.293257772922515869e-01 1.101894825696945190e-01 9.854604601860046387e-01 -3.025938272476196289e-01
0.000000000000000000e+00 0.000000000000000000e+00 0.000000000000000000e+00 1.000000000000000000e+00
1.135008260607719421e-01 9.841499924659729004e-01 -1.362567692995071411e-01 4.836795851588249207e-02
-9.714758992195129395e-01 1.386721730232238770e-01 1.923644244670867920e-01 -3.453635796904563904e-02
2.082104682922363281e-01 1.105366349220275879e-01 9.718177914619445801e-01 -2.997102737426757812e-01
0.000000000000000000e+00 0.000000000000000000e+00 0.000000000000000000e+00 1.000000000000000000e+00
1.927832812070846558e-01 9.743524193763732910e-01 -1.160719245672225952e-01 4.146077111363410950e-02
-9.543179273605346680e-01 2.136970013380050659e-01 2.088327407836914062e-01 -3.886929154396057129e-02
2.282807528972625732e-01 7.051007449626922607e-02 9.710382819175720215e-01 -2.974630594253540039e-01
0.000000000000000000e+00 0.000000000000000000e+00 0.000000000000000000e+00 1.000000000000000000e+00
2.695984244346618652e-01 9.548506736755371094e-01 -1.248077303171157837e-01 4.181214049458503723e-02
-9.404324889183044434e-01 2.889449894428253174e-01 1.791574209928512573e-01 -2.773707732558250427e-02
2.071311622858047485e-01 6.907272338867187500e-02 9.758716821670532227e-01 -2.964088022708892822e-01
0.000000000000000000e+00 0.000000000000000000e+00 0.000000000000000000e+00 1.000000000000000000e+00
3.256047666072845459e-01 9.374197125434875488e-01 -1.233921051025390625e-01 3.970409184694290161e-02
-9.347563982009887695e-01 3.387726843357086182e-01 1.070654764771461487e-01 -2.095529809594154358e-03
1.421671658754348755e-01 8.048059046268463135e-02 9.865654706954956055e-01 -2.960793673992156982e-01
0.000000000000000000e+00 0.000000000000000000e+00 0.000000000000000000e+00 1.000000000000000000e+00
3.589274287223815918e-01 9.205104708671569824e-01 -1.543739885091781616e-01 4.793324694037437439e-02
-9.309450387954711914e-01 3.649698495864868164e-01 1.176915038377046585e-02 3.115024603903293610e-02
6.717548519372940063e-02 1.394894570112228394e-01 9.879428148269653320e-01 -2.925706803798675537e-01
0.000000000000000000e+00 0.000000000000000000e+00 0.000000000000000000e+00 1.000000000000000000e+00
4.018012881278991699e-01 8.991400599479675293e-01 -1.735001504421234131e-01 5.180477350950241089e-02
-9.156924486160278320e-01 3.961456418037414551e-01 -6.764154881238937378e-02 5.821790173649787903e-02
7.912130095064640045e-03 1.860512793064117432e-01 9.825079441070556641e-01 -2.870896458625793457e-01
0.000000000000000000e+00 0.000000000000000000e+00 0.000000000000000000e+00 1.000000000000000000e+00
4.544982016086578369e-01 8.678393363952636719e-01 -2.007141113281250000e-01 5.693241953849792480e-02
-8.890479207038879395e-01 4.280500113964080811e-01 -1.623795330524444580e-01 8.709219098091125488e-02
-5.500371381640434265e-02 2.522455751895904541e-01 9.660984873771667480e-01 -2.769674956798553467e-01
0.000000000000000000e+00 0.000000000000000000e+00 0.000000000000000000e+00 1.000000000000000000e+00
5.305427312850952148e-01 8.267651796340942383e-01 -1.870403736829757690e-01 4.674193263053894043e-02
-8.416171073913574219e-01 4.874813556671142578e-01 -2.324700653553009033e-01 1.064025089144706726e-01
-1.010195538401603699e-01 2.807518243789672852e-01 9.544493556022644043e-01 -2.693986892700195312e-01
0.000000000000000000e+00 0.000000000000000000e+00 0.000000000000000000e+00 1.000000000000000000e+00
5.910674333572387695e-01 7.865477800369262695e-01 -1.788358688354492188e-01 4.010777175426483154e-02
-7.951396107673645020e-01 5.308766365051269531e-01 -2.931256890296936035e-01 1.210996210575103760e-01
-1.356177926063537598e-01 3.154565095901489258e-01 9.391987323760986328e-01 -2.611401379108428955e-01
0.000000000000000000e+00 0.000000000000000000e+00 0.000000000000000000e+00 1.000000000000000000e+00
6.669334769248962402e-01 7.292894721031188965e-01 -1.527626365423202515e-01 2.666774205863475800e-02
-7.231563925743103027e-01 5.841196775436401367e-01 -3.685762882232666016e-01 1.367107033729553223e-01
-1.795673221349716187e-01 3.562873601913452148e-01 9.169595837593078613e-01 -2.502185106277465820e-01
0.000000000000000000e+00 0.000000000000000000e+00 0.000000000000000000e+00 1.000000000000000000e+00
7.316846251487731934e-01 6.678707003593444824e-01 -1.363326311111450195e-01 1.831971667706966400e-02
-6.485523581504821777e-01 6.205382943153381348e-01 -4.408084154129028320e-01 1.510821431875228882e-01
-2.098034471273422241e-01 4.109513163566589355e-01 8.871874213218688965e-01 -2.362278550863265991e-01
0.000000000000000000e+00 0.000000000000000000e+00 0.000000000000000000e+00 1.000000000000000000e+00
7.514881491661071777e-01 6.482833027839660645e-01 -1.224491298198699951e-01 1.205310877412557602e-02
-6.021229028701782227e-01 5.980761051177978516e-01 -5.289158225059509277e-01 1.714976429939270020e-01
-2.696535289287567139e-01 4.712034165859222412e-01 8.397936820983886719e-01 -2.149183899164199829e-01
0.000000000000000000e+00 0.000000000000000000e+00 0.000000000000000000e+00 1.000000000000000000e+00
7.857264876365661621e-01 6.038392186164855957e-01 -1.342094391584396362e-01 1.264850515872240067e-02
-5.371521115303039551e-01 5.584530234336853027e-01 -6.321375370025634766e-01 1.976680010557174683e-01
-3.067597448825836182e-01 5.687782168388366699e-01 7.631450891494750977e-01 -1.868256777524948120e-01
0.000000000000000000e+00 0.000000000000000000e+00 0.000000000000000000e+00 1.000000000000000000e+00
8.012253642082214355e-01 5.846129059791564941e-01 -1.275376230478286743e-01 9.475634433329105377e-03
-4.872486293315887451e-01 5.137305259704589844e-01 -7.061656713485717773e-01 2.172147929668426514e-01
-3.473132252693176270e-01 6.279401779174804688e-01 6.964659094810485840e-01 -1.629040092229843140e-01
0.000000000000000000e+00 0.000000000000000000e+00 0.000000000000000000e+00 1.000000000000000000e+00
8.323708772659301758e-01 5.400930047035217285e-01 -1.243293508887290955e-01 5.267608445137739182e-03
-4.178045988082885742e-01 4.641062915325164795e-01 -7.810536623001098633e-01 2.368376702070236206e-01
-3.641396164894104004e-01 7.020715475082397461e-01 6.119621396064758301e-01 -1.387237310409545898e-01
0.000000000000000000e+00 0.000000000000000000e+00 0.000000000000000000e+00 1.000000000000000000e+00
8.648509979248046875e-01 4.950133264064788818e-01 -8.363279700279235840e-02 -8.286753669381141663e-03
-3.282935023307800293e-01 4.316188693046569824e-01 -8.401954174041748047e-01 2.508816123008728027e-01
-3.798104822635650635e-01 7.540997862815856934e-01 5.357955098152160645e-01 -1.182441860437393188e-01
0.000000000000000000e+00 0.000000000000000000e+00 0.000000000000000000e+00 1.000000000000000000e+00
8.763184547424316406e-01 4.788575470447540283e-01 -5.254821106791496277e-02 -1.728613115847110748e-02
-2.283274531364440918e-01 3.168206810951232910e-01 -9.205926656723022461e-01 2.663541734218597412e-01
-4.241845607757568359e-01 8.187304735183715820e-01 3.869720995426177979e-01 -7.728380709886550903e-02
0.000000000000000000e+00 0.000000000000000000e+00 0.000000000000000000e+00 1.000000000000000000e+00
8.531417250633239746e-01 5.211243033409118652e-01 -2.405708841979503632e-02 -2.930822037160396576e-02
-1.098794862627983093e-01 1.344228982925415039e-01 -9.848131537437438965e-01 2.831545770168304443e-01
-5.099764466285705566e-01 8.428287506103515625e-01 1.719426065683364868e-01 -1.492235530167818069e-02
0.000000000000000000e+00 0.000000000000000000e+00 0.000000000000000000e+00 1.000000000000000000e+00
8.463681340217590332e-01 5.312590599060058594e-01 -3.774943202733993530e-02 -2.307416684925556183e-02
-1.110985949635505676e-01 1.067875027656555176e-01 -9.880550503730773926e-01 2.831700742244720459e-01
-5.208822488784790039e-01 8.404521942138671875e-01 1.494036614894866943e-01 -1.526078395545482635e-02
0.000000000000000000e+00 0.000000000000000000e+00 0.000000000000000000e+00 1.000000000000000000e+00
8.126199245452880859e-01 5.823092460632324219e-01 -2.376934327185153961e-02 -2.294693700969219208e-02
-1.105146408081054688e-01 1.139229536056518555e-01 -9.873235225677490234e-01 2.831460535526275635e-01
-5.722197890281677246e-01 8.049455285072326660e-01 1.569297909736633301e-01 -1.685605011880397797e-02
0.000000000000000000e+00 0.000000000000000000e+00 0.000000000000000000e+00 1.000000000000000000e+00
7.895678281784057617e-01 6.110708117485046387e-01 -5.634690076112747192e-02 -1.327098254114389420e-02
-2.568700909614562988e-01 2.457156926393508911e-01 -9.346877932548522949e-01 2.743194401264190674e-01
-5.573149323463439941e-01 7.524732947349548340e-01 3.509750366210937500e-01 -6.146278232336044312e-02
0.000000000000000000e+00 0.000000000000000000e+00 0.000000000000000000e+00 1.000000000000000000e+00
8.157817125320434570e-01 5.735536217689514160e-01 -7.440747320652008057e-02 -8.991713635623455048e-03
-3.005150258541107178e-01 3.104343414306640625e-01 -9.018430709838867188e-01 2.668758034706115723e-01
-4.941568672657012939e-01 7.580676674842834473e-01 4.256083071231842041e-01 -8.419182151556015015e-02
0.000000000000000000e+00 0.000000000000000000e+00 0.000000000000000000e+00 1.000000000000000000e+00
8.037541508674621582e-01 5.885654687881469727e-01 -8.700604736804962158e-02 -5.548986606299877167e-03
-3.648372590541839600e-01 3.720566332340240479e-01 -8.535034656524658203e-01 2.564130127429962158e-01
-4.699711501598358154e-01 7.177498340606689453e-01 5.137727856636047363e-01 -1.093458384275436401e-01
0.000000000000000000e+00 0.000000000000000000e+00 0.000000000000000000e+00 1.000000000000000000e+00
8.272504806518554688e-01 5.571801066398620605e-01 -7.215366512537002563e-02 -1.558209117501974106e-02
-4.541442990303039551e-01 5.875433087348937988e-01 -6.697354912757873535e-01 2.175375819206237793e-01
-3.307700753211975098e-01 5.868076682090759277e-01 7.390862703323364258e-01 -1.790253669023513794e-01
0.000000000000000000e+00 0.000000000000000000e+00 0.000000000000000000e+00 1.000000000000000000e+00
8.275879025459289551e-01 5.596994161605834961e-01 -4.283505305647850037e-02 -2.513636462390422821e-02
-4.685260653495788574e-01 6.467145085334777832e-01 -6.018663048744201660e-01 1.979039311408996582e-01
-3.091622889041900635e-01 5.181664824485778809e-01 7.974471449851989746e-01 -1.969214081764221191e-01
0.000000000000000000e+00 0.000000000000000000e+00 0.000000000000000000e+00 1.000000000000000000e+00
8.519615530967712402e-01 5.211222171783447266e-01 -5.092061311006546021e-02 -2.321946434676647186e-02
-4.642801880836486816e-01 7.068911194801330566e-01 -5.336191058158874512e-01 1.773892492055892944e-01
-2.420853078365325928e-01 4.782640337944030762e-01 8.441907763481140137e-01 -2.130895555019378662e-01
0.000000000000000000e+00 0.000000000000000000e+00 0.000000000000000000e+00 1.000000000000000000e+00
8.691744208335876465e-01 4.943786561489105225e-01 -1.121647097170352936e-02 -3.353047743439674377e-02
-4.594491720199584961e-01 7.989609241485595703e-01 -3.880306184291839600e-01 1.349693089723587036e-01
-1.828726381063461304e-01 3.424195945262908936e-01 9.215782880783081055e-01 -2.367075681686401367e-01
0.000000000000000000e+00 0.000000000000000000e+00 0.000000000000000000e+00 1.000000000000000000e+00
8.758628368377685547e-01 4.825110733509063721e-01 -6.892995443195104599e-03 -3.288837522268295288e-02
-4.680372178554534912e-01 8.459381461143493652e-01 -2.555951178073883057e-01 9.833914041519165039e-02
-1.174965202808380127e-01 2.270925492048263550e-01 9.667591452598571777e-01 -2.519787251949310303e-01
0.000000000000000000e+00 0.000000000000000000e+00 0.000000000000000000e+00 1.000000000000000000e+00
8.796741962432861328e-01 4.755620658397674561e-01 -3.729013260453939438e-03 -2.996524795889854431e-02
-4.752102792263031006e-01 8.786613941192626953e-01 -4.614482074975967407e-02 3.913981840014457703e-02
-1.866819150745868683e-02 4.236447811126708984e-02 9.989278912544250488e-01 -2.656235992908477783e-01
0.000000000000000000e+00 0.000000000000000000e+00 0.000000000000000000e+00 1.000000000000000000e+00
8.881677389144897461e-01 4.594580531120300293e-01 -7.505328860133886337e-03 -2.759967185556888580e-02
-4.585776925086975098e-01 8.872746229171752930e-01 4.949246346950531006e-02 1.055798027664422989e-02
2.939901128411293030e-02 -4.051583260297775269e-02 9.987466931343078613e-01 -2.681500613689422607e-01
0.000000000000000000e+00 0.000000000000000000e+00 0.000000000000000000e+00 1.000000000000000000e+00
8.953216075897216797e-01 4.454186856746673584e-01 -1.170343253761529922e-03 -2.875127643346786499e-02
-4.401508569717407227e-01 8.851297497749328613e-01 1.510351151227951050e-01 -2.077269367873668671e-02
6.830979138612747192e-02 -1.347098052501678467e-01 9.885274767875671387e-01 -2.672513723373413086e-01
0.000000000000000000e+00 0.000000000000000000e+00 0.000000000000000000e+00 1.000000000000000000e+00
8.981177806854248047e-01 4.397377669811248779e-01 -3.901780582964420319e-03 -2.781243249773979187e-02
-4.240921437740325928e-01 8.684418201446533203e-01 2.568171024322509766e-01 -5.407737568020820618e-02
1.163206696510314941e-01 -2.289972305297851562e-01 9.664523005485534668e-01 -2.626992464065551758e-01
0.000000000000000000e+00 0.000000000000000000e+00 0.000000000000000000e+00 1.000000000000000000e+00
9.012703299522399902e-01 4.331342875957489014e-01 -1.027135085314512253e-02 -2.561850659549236298e-02
-3.988786637783050537e-01 8.387797474861145020e-01 3.705992996692657471e-01 -9.177381545305252075e-02
1.691347509622573853e-01 -3.299130499362945557e-01 9.287359714508056641e-01 -2.531054019927978516e-01
0.000000000000000000e+00 0.000000000000000000e+00 0.000000000000000000e+00 1.000000000000000000e+00
9.064566493034362793e-01 4.221987128257751465e-01 -9.143287315964698792e-03 -2.730895392596721649e-02
-3.717381954193115234e-01 8.080175518989562988e-01 4.570764303207397461e-01 -1.205849498510360718e-01
2.003652304410934448e-01 -4.109210669994354248e-01 8.893802165985107422e-01 -2.435751855373382568e-01
0.000000000000000000e+00 0.000000000000000000e+00 0.000000000000000000e+00 1.000000000000000000e+00
9.186141490936279297e-01 3.951514065265655518e-01 -2.114507369697093964e-03 -3.186475113034248352e-02
-3.293636143207550049e-01 7.686106562614440918e-01 5.484135150909423828e-01 -1.509378850460052490e-01
2.183315902948379517e-01 -5.030833482742309570e-01 8.362046480178833008e-01 -2.303104549646377563e-01
0.000000000000000000e+00 0.000000000000000000e+00 0.000000000000000000e+00 1.000000000000000000e+00
9.121176600456237793e-01 4.094509184360504150e-01 1.976933330297470093e-02 -3.946501389145851135e-02
-3.292280733585357666e-01 7.029693126678466797e-01 6.304307579994201660e-01 -1.758422106504440308e-01
2.442334443330764771e-01 -5.815355777740478516e-01 7.759935855865478516e-01 -2.155693024396896362e-01
0.000000000000000000e+00 0.000000000000000000e+00 0.000000000000000000e+00 1.000000000000000000e+00
9.217298030853271484e-01 3.862545192241668701e-01 3.496147319674491882e-02 -4.606913775205612183e-02
-2.892055213451385498e-01 6.244675517082214355e-01 7.255344390869140625e-01 -2.063253521919250488e-01
2.584087848663330078e-01 -6.788576245307922363e-01 6.872971057891845703e-01 -1.910837292671203613e-01
0.000000000000000000e+00 0.000000000000000000e+00 0.000000000000000000e+00 1.000000000000000000e+00
9.279088377952575684e-01 3.684436380863189697e-01 5.687195807695388794e-02 -5.431612581014633179e-02
-2.662437856197357178e-01 5.481361150741577148e-01 7.928813099861145020e-01 -2.281985729932785034e-01
2.609583437442779541e-01 -7.508632540702819824e-01 6.067160367965698242e-01 -1.664737015962600708e-01
0.000000000000000000e+00 0.000000000000000000e+00 0.000000000000000000e+00 1.000000000000000000e+00
9.372031092643737793e-01 3.452526628971099854e-01 4.950853809714317322e-02 -5.428099632263183594e-02
-2.203002870082855225e-01 4.759179949760437012e-01 8.514513969421386719e-01 -2.485006004571914673e-01
2.704039514064788818e-01 -8.088896870613098145e-01 5.220911502838134766e-01 -1.424282193183898926e-01
0.000000000000000000e+00 0.000000000000000000e+00 0.000000000000000000e+00 1.000000000000000000e+00
9.504146575927734375e-01 3.070994317531585693e-01 4.900827631354331970e-02 -5.742741003632545471e-02
-1.781994700431823730e-01 4.086451828479766846e-01 8.951277136802673340e-01 -2.633954584598541260e-01
2.548662722110748291e-01 -8.594757914543151855e-01 4.431074559688568115e-01 -1.200734972953796387e-01
0.000000000000000000e+00 0.000000000000000000e+00 0.000000000000000000e+00 1.000000000000000000e+00
9.606152176856994629e-01 2.736951708793640137e-01 4.805731400847434998e-02 -5.969304591417312622e-02
-1.436495035886764526e-01 3.410607874393463135e-01 9.290006160736083984e-01 -2.763383686542510986e-01
2.378725409507751465e-01 -8.993155360221862793e-01 3.669442534446716309e-01 -9.680291265249252319e-02
0.000000000000000000e+00 0.000000000000000000e+00 0.000000000000000000e+00 1.000000000000000000e+00
9.681642055511474609e-01 2.429950684309005737e-01 6.009691208600997925e-02 -6.605960428714752197e-02
-1.240693852305412292e-01 2.573175132274627686e-01 9.583290815353393555e-01 -2.901933789253234863e-01
2.174052298069000244e-01 -9.352758526802062988e-01 2.792738676071166992e-01 -6.562691181898117065e-02
0.000000000000000000e+00 0.000000000000000000e+00 0.000000000000000000e+00 1.000000000000000000e+00
9.813023209571838379e-01 1.868276298046112061e-01 4.627186059951782227e-02 -6.487627327442169189e-02
-7.407543063163757324e-02 1.447003483772277832e-01 9.866987466812133789e-01 -3.033973276615142822e-01
1.776470690965652466e-01 -9.716774821281433105e-01 1.558340787887573242e-01 -2.310378290712833405e-02
0.000000000000000000e+00 0.000000000000000000e+00 0.000000000000000000e+00 1.000000000000000000e+00
9.950599670410156250e-01 9.924592077732086182e-02 2.368903020396828651e-03 -5.389197915792465210e-02
-1.508896797895431519e-02 1.276140958070755005e-01 9.917091727256774902e-01 -3.061386942863464355e-01
9.812079370021820068e-02 -9.868458509445190430e-01 1.284810751676559448e-01 -1.464077923446893692e-02
0.000000000000000000e+00 0.000000000000000000e+00 0.000000000000000000e+00 1.000000000000000000e+00
9.961941838264465332e-01 8.635953813791275024e-02 -1.179857458919286728e-02 -5.095174908638000488e-02
-9.732490405440330505e-03 2.447289526462554932e-01 9.695426821708679199e-01 -3.012949824333190918e-01
8.661669492721557617e-02 -9.657379388809204102e-01 2.446379810571670532e-01 -5.161341279745101929e-02
0.000000000000000000e+00 0.000000000000000000e+00 0.000000000000000000e+00 1.000000000000000000e+00
9.980407953262329102e-01 2.140444330871105194e-02 -5.879097431898117065e-02 -3.511325269937515259e-02
5.009869113564491272e-02 2.894790470600128174e-01 9.558724164962768555e-01 -3.080400526523590088e-01
3.747866675257682800e-02 -9.569448232650756836e-01 2.878395915031433105e-01 -6.309965997934341431e-02
0.000000000000000000e+00 0.000000000000000000e+00 0.000000000000000000e+00 1.000000000000000000e+00
9.895616769790649414e-01 -5.394748225808143616e-02 -1.336312592029571533e-01 -5.147892516106367111e-03
1.433486193418502808e-01 2.732992768287658691e-01 9.511882066726684570e-01 -3.182562291622161865e-01
-1.479287911206483841e-02 -9.604151248931884766e-01 2.781797647476196289e-01 -5.744619667530059814e-02
0.000000000000000000e+00 0.000000000000000000e+00 0.000000000000000000e+00 1.000000000000000000e+00
9.682646393775939941e-01 -6.828913092613220215e-02 -2.404165416955947876e-01 3.044006042182445526e-02
2.499032169580459595e-01 2.512532174587249756e-01 9.351044893264770508e-01 -3.230546116828918457e-01
-3.452042117714881897e-03 -9.655093550682067871e-01 2.603451907634735107e-01 -5.072847753763198853e-02
0.000000000000000000e+00 0.000000000000000000e+00 0.000000000000000000e+00 1.000000000000000000e+00
9.741425514221191406e-01 -3.204527124762535095e-02 -2.236497104167938232e-01 2.315976098179817200e-02
2.232247442007064819e-01 2.893454432487487793e-01 9.308331012725830078e-01 -3.212776184082031250e-01
3.488322719931602478e-02 -9.566881656646728516e-01 2.890170812606811523e-01 -6.307628005743026733e-02
0.000000000000000000e+00 0.000000000000000000e+00 0.000000000000000000e+00 1.000000000000000000e+00
9.828045964241027832e-01 4.567700996994972229e-02 -1.789094656705856323e-01 4.618753213435411453e-03
1.543389409780502319e-01 3.286783695220947266e-01 9.317455291748046875e-01 -3.187228739261627197e-01
1.013630181550979614e-01 -9.433364868164062500e-01 3.159769773483276367e-01 -7.841804623603820801e-02
0.000000000000000000e+00 0.000000000000000000e+00 0.000000000000000000e+00 1.000000000000000000e+00
9.859048128128051758e-01 1.260781437158584595e-01 -1.099812686443328857e-01 -2.105456963181495667e-02
5.586824193596839905e-02 3.715377748012542725e-01 9.267352819442749023e-01 -3.115900754928588867e-01
1.577032357454299927e-01 -9.198173880577087402e-01 3.592570126056671143e-01 -9.967563301324844360e-02
0.000000000000000000e+00 0.000000000000000000e+00 0.000000000000000000e+00 1.000000000000000000e+00
9.801363348960876465e-01 1.974680423736572266e-01 -1.841790974140167236e-02 -5.303172022104263306e-02
-4.408676922321319580e-02 3.074820637702941895e-01 9.505320191383361816e-01 -3.133536279201507568e-01
1.933628469705581665e-01 -9.308387637138366699e-01 3.100800514221191406e-01 -8.759279549121856689e-02
0.000000000000000000e+00 0.000000000000000000e+00 0.000000000000000000e+00 1.000000000000000000e+00
9.277456998825073242e-01 3.633930385112762451e-01 8.504545688629150391e-02 -8.556753396987915039e-02
-2.123142480850219727e-01 3.264861106872558594e-01 9.210476875305175781e-01 -2.947402894496917725e-01
3.069365322589874268e-01 -8.725551366806030273e-01 3.800500631332397461e-01 -1.203014627099037170e-01
0.000000000000000000e+00 0.000000000000000000e+00 0.000000000000000000e+00 1.000000000000000000e+00
8.777216076850891113e-01 4.712414443492889404e-01 8.681477606296539307e-02 -8.430542051792144775e-02
-2.732464075088500977e-01 3.434031903743743896e-01 8.985605239868164062e-01 -2.831018269062042236e-01
3.936265408992767334e-01 -8.124077320098876953e-01 4.301774799823760986e-01 -1.456432491540908813e-01
0.000000000000000000e+00 0.000000000000000000e+00 0.000000000000000000e+00 1.000000000000000000e+00
8.381237983703613281e-01 5.424872636795043945e-01 5.706009268760681152e-02 -7.268384099006652832e-02
-3.285220861434936523e-01 4.184956848621368408e-01 8.467199206352233887e-01 -2.635883092880249023e-01
4.354552924633026123e-01 -7.284013628959655762e-01 5.289701223373413086e-01 -1.817350983619689941e-01
0.000000000000000000e+00 0.000000000000000000e+00 0.000000000000000000e+00 1.000000000000000000e+00
8.078781962394714355e-01 5.875419974327087402e-01 4.612221568822860718e-02 -6.709653139114379883e-02
-4.159332513809204102e-01 5.129668712615966797e-01 7.509089708328247070e-01 -2.259378433227539062e-01
4.175314605236053467e-01 -6.258265376091003418e-01 6.587934494018554688e-01 -2.243864238262176514e-01
0.000000000000000000e+00 0.000000000000000000e+00 0.000000000000000000e+00 1.000000000000000000e+00
7.761470079421997070e-01 6.303125023841857910e-01 1.739036291837692261e-02 -5.601346120238304138e-02
-4.995421171188354492e-01 5.978230237960815430e-01 6.269493699073791504e-01 -1.789903491735458374e-01
3.847774565219879150e-01 -4.952919185161590576e-01 7.788656949996948242e-01 -2.619975209236145020e-01
0.000000000000000000e+00 0.000000000000000000e+00 0.000000000000000000e+00 1.000000000000000000e+00
7.566353082656860352e-01 6.536398530006408691e-01 1.606061123311519623e-02 -5.450203642249107361e-02
-5.608047246932983398e-01 6.361514329910278320e-01 5.299143195152282715e-01 -1.425779461860656738e-01
3.361562490463256836e-01 -4.099586308002471924e-01 8.478996157646179199e-01 -2.818799018859863281e-01
0.000000000000000000e+00 0.000000000000000000e+00 0.000000000000000000e+00 1.000000000000000000e+00
6.542463898658752441e-01 7.561509609222412109e-01 1.406373828649520874e-02 -4.665851220488548279e-02
-6.752872467041015625e-01 5.757057666778564453e-01 4.610306620597839355e-01 -1.116119772195816040e-01
3.405121266841888428e-01 -3.111244738101959229e-01 8.872725963592529297e-01 -2.969177365303039551e-01
0.000000000000000000e+00 0.000000000000000000e+00 0.000000000000000000e+00 1.000000000000000000e+00
5.844194889068603516e-01 8.112829923629760742e-01 -1.655046083033084869e-02 -3.134090080857276917e-02
-7.400965094566345215e-01 5.412807464599609375e-01 3.990893363952636719e-01 -8.597016334533691406e-02
3.327329754829406738e-01 -2.209865450859069824e-01 9.167624711990356445e-01 -3.077104985713958740e-01
0.000000000000000000e+00 0.000000000000000000e+00 0.000000000000000000e+00 1.000000000000000000e+00
5.386363267898559570e-01 8.408262133598327637e-01 -5.368851870298385620e-02 -1.510390173643827438e-02
-7.836319804191589355e-01 5.233675241470336914e-01 3.346748650074005127e-01 -6.076984852552413940e-02
3.095023036003112793e-01 -1.381960362195968628e-01 9.408032894134521484e-01 -3.144769072532653809e-01
0.000000000000000000e+00 0.000000000000000000e+00 0.000000000000000000e+00 1.000000000000000000e+00
5.079522132873535156e-01 8.526644706726074219e-01 -1.222600340843200684e-01 1.098424755036830902e-02
-8.150327801704406738e-01 5.216845870018005371e-01 2.521247863769531250e-01 -3.053523413836956024e-02
2.787588238716125488e-01 -2.842132560908794403e-02 9.599401354789733887e-01 -3.195359408855438232e-01
0.000000000000000000e+00 0.000000000000000000e+00 0.000000000000000000e+00 1.000000000000000000e+00
4.396035373210906982e-01 8.826207518577575684e-01 -1.665203273296356201e-01 3.152891248464584351e-02
-8.574295639991760254e-01 4.675952196121215820e-01 2.148693650960922241e-01 -1.475698687136173248e-02
2.675123512744903564e-01 4.832212626934051514e-02 9.623419642448425293e-01 -3.197360038757324219e-01
0.000000000000000000e+00 0.000000000000000000e+00 0.000000000000000000e+00 1.000000000000000000e+00
3.606202602386474609e-01 8.964366316795349121e-01 -2.575936019420623779e-01 6.849495321512222290e-02
-8.929295539855957031e-01 4.116101562976837158e-01 1.823569685220718384e-01 -1.279998803511261940e-03
2.694994509220123291e-01 1.642513275146484375e-01 9.488894343376159668e-01 -3.152968585491180420e-01
0.000000000000000000e+00 0.000000000000000000e+00 0.000000000000000000e+00 1.000000000000000000e+00
2.970633804798126221e-01 8.873410224914550781e-01 -3.526727557182312012e-01 1.046366915106773376e-01
-9.127752184867858887e-01 3.723331391811370850e-01 1.679581254720687866e-01 5.167287308722734451e-03
2.803478538990020752e-01 2.720168530941009521e-01 9.205495119094848633e-01 -3.067851364612579346e-01
0.000000000000000000e+00 0.000000000000000000e+00 0.000000000000000000e+00 1.000000000000000000e+00
2.721761763095855713e-01 8.599104881286621094e-01 -4.318267703056335449e-01 1.320167481899261475e-01
-9.334442019462585449e-01 3.449277579784393311e-01 9.852491319179534912e-02 3.005850128829479218e-02
2.336716204881668091e-01 3.762702047824859619e-01 8.965598940849304199e-01 -2.950431406497955322e-01
0.000000000000000000e+00 0.000000000000000000e+00 0.000000000000000000e+00 1.000000000000000000e+00
1.746992915868759155e-01 7.801812887191772461e-01 -6.006647944450378418e-01 1.938833892345428467e-01
-9.627231955528259277e-01 2.632927000522613525e-01 6.197998300194740295e-02 4.265446588397026062e-02
2.065063714981079102e-01 5.674456954002380371e-01 7.970958948135375977e-01 -2.605611383914947510e-01
0.000000000000000000e+00 0.000000000000000000e+00 0.000000000000000000e+00 1.000000000000000000e+00
1.360686123371124268e-01 6.754101514816284180e-01 -7.247804999351501465e-01 2.370159775018692017e-01
-9.728525280952453613e-01 2.293306887149810791e-01 3.106814436614513397e-02 5.341438204050064087e-02
1.871980577707290649e-01 7.008768916130065918e-01 6.882793307304382324e-01 -2.241981923580169678e-01
0.000000000000000000e+00 0.000000000000000000e+00 0.000000000000000000e+00 1.000000000000000000e+00
1.112702712416648865e-01 5.822443366050720215e-01 -8.053629398345947266e-01 2.646219730377197266e-01
-9.832084774971008301e-01 1.824418753385543823e-01 -3.943681251257658005e-03 6.537160277366638184e-02
1.446357965469360352e-01 7.922787666320800781e-01 5.927683711051940918e-01 -1.906453520059585571e-01
0.000000000000000000e+00 0.000000000000000000e+00 0.000000000000000000e+00 1.000000000000000000e+00
8.019272238016128540e-02 5.111242532730102539e-01 -8.557576537132263184e-01 2.829914689064025879e-01
-9.907202124595642090e-01 1.353887468576431274e-01 -1.197533402591943741e-02 6.869851052761077881e-02
1.097390055656433105e-01 8.487765192985534668e-01 5.172384381294250488e-01 -1.641035377979278564e-01
0.000000000000000000e+00 0.000000000000000000e+00 0.000000000000000000e+00 1.000000000000000000e+00
1.548748314380645752e-01 5.174558162689208984e-01 -8.415778279304504395e-01 2.716225385665893555e-01
-9.876154065132141113e-01 1.027262955904006958e-01 -1.185871586203575134e-01 1.030054688453674316e-01
2.508853189647197723e-02 8.495215177536010742e-01 5.269574522972106934e-01 -1.604821234941482544e-01
0.000000000000000000e+00 0.000000000000000000e+00 0.000000000000000000e+00 1.000000000000000000e+00
2.665549516677856445e-01 5.801545977592468262e-01 -7.696548700332641602e-01 2.406293004751205444e-01
-9.597110748291015625e-01 8.610721677541732788e-02 -2.674707174301147461e-01 1.492241621017456055e-01
-8.890145272016525269e-02 8.099424839019775391e-01 5.797330737113952637e-01 -1.674614548683166504e-01
0.000000000000000000e+00 0.000000000000000000e+00 0.000000000000000000e+00 1.000000000000000000e+00
3.197667300701141357e-01 6.250566244125366211e-01 -7.120773792266845703e-01 2.193154990673065186e-01
-9.303855895996093750e-01 6.495755165815353394e-02 -3.607813417911529541e-01 1.760010719299316406e-01
-1.792539507150650024e-01 7.778722047805786133e-01 6.023147702217102051e-01 -1.678760498762130737e-01
0.000000000000000000e+00 0.000000000000000000e+00 0.000000000000000000e+00 1.000000000000000000e+00
3.639003336429595947e-01 6.463515162467956543e-01 -6.706759929656982422e-01 2.031355947256088257e-01
-8.917679786682128906e-01 3.386553004384040833e-02 -4.512245953083038330e-01 2.017961144447326660e-01
-2.689368128776550293e-01 7.622879743576049805e-01 5.887192487716674805e-01 -1.562469601631164551e-01
0.000000000000000000e+00 0.000000000000000000e+00 0.000000000000000000e+00 1.000000000000000000e+00
4.197249114513397217e-01 6.490129828453063965e-01 -6.345180273056030273e-01 1.865988671779632568e-01
-8.384360074996948242e-01 9.479316882789134979e-03 -5.449177622795104980e-01 2.265247553586959839e-01
-3.476438522338867188e-01 7.607182264328002930e-01 5.481342673301696777e-01 -1.364728808403015137e-01
0.000000000000000000e+00 0.000000000000000000e+00 0.000000000000000000e+00 1.000000000000000000e+00
5.152531862258911133e-01 6.481366157531738281e-01 -5.607431530952453613e-01 1.574151068925857544e-01
-7.357336878776550293e-01 -1.057486399076879025e-03 -6.772704124450683594e-01 2.578701674938201904e-01
-4.395565092563629150e-01 7.615235447883605957e-01 4.763110876083374023e-01 -1.035894155502319336e-01
0.000000000000000000e+00 0.000000000000000000e+00 0.000000000000000000e+00 1.000000000000000000e+00
6.201003193855285645e-01 6.892337799072265625e-01 -3.747416734695434570e-01 9.142176806926727295e-02
-5.798538327217102051e-01 8.091155439615249634e-02 -8.106926679611206055e-01 2.904547452926635742e-01
-5.284365415573120117e-01 7.200062274932861328e-01 4.498282968997955322e-01 -8.726810663938522339e-02
0.000000000000000000e+00 0.000000000000000000e+00 0.000000000000000000e+00 1.000000000000000000e+00
6.321885585784912109e-01 7.294562458992004395e-01 -2.612124085426330566e-01 5.841289460659027100e-02
-4.889026880264282227e-01 1.140132620930671692e-01 -8.648555874824523926e-01 3.013715744018554688e-01
-6.010923981666564941e-01 6.744590997695922852e-01 4.287109076976776123e-01 -7.595364749431610107e-02
0.000000000000000000e+00 0.000000000000000000e+00 0.000000000000000000e+00 1.000000000000000000e+00
5.821130275726318359e-01 7.884070873260498047e-01 -1.988933086395263672e-01 4.587090387940406799e-02
-3.896022737026214600e-01 5.574640259146690369e-02 -9.192946553230285645e-01 3.114103674888610840e-01
-7.136909365653991699e-01 6.126226186752319336e-01 3.396157920360565186e-01 -4.637998715043067932e-02
0.000000000000000000e+00 0.000000000000000000e+00 0.000000000000000000e+00 1.000000000000000000e+00
4.272021353244781494e-01 9.022525548934936523e-01 -5.863815918564796448e-02 1.824677549302577972e-02
-2.353291362524032593e-01 4.833710566163063049e-02 -9.707131981849670410e-01 3.186399638652801514e-01
-8.729938864707946777e-01 4.284899234771728516e-01 2.329760044813156128e-01 -1.166327577084302902e-02
0.000000000000000000e+00 0.000000000000000000e+00 0.000000000000000000e+00 1.000000000000000000e+00
3.040252029895782471e-01 9.484321475028991699e-01 8.969611674547195435e-02 -2.456882596015930176e-02
-2.615587115287780762e-01 1.736356019973754883e-01 -9.494405984878540039e-01 3.205057382583618164e-01
-9.160543680191040039e-01 2.651931941509246826e-01 3.008605241775512695e-01 -3.931181505322456360e-02
0.000000000000000000e+00 0.000000000000000000e+00 0.000000000000000000e+00 1.000000000000000000e+00
2.864128351211547852e-01 9.578253030776977539e-01 -2.319970168173313141e-02 1.427866518497467041e-02
-3.625741004943847656e-01 8.594152331352233887e-02 -9.279839396476745605e-01 3.150973618030548096e-01
-8.868527412414550781e-01 2.741980254650115967e-01 3.718975484371185303e-01 -6.192118674516677856e-02
0.000000000000000000e+00 0.000000000000000000e+00 0.000000000000000000e+00 1.000000000000000000e+00
2.766321599483489990e-01 9.601863026618957520e-01 -3.894996643066406250e-02 2.449991740286350250e-02
-4.640549421310424805e-01 9.798320382833480835e-02 -8.803706169128417969e-01 3.044340610504150391e-01
-8.415030837059020996e-01 2.616135776042938232e-01 4.726845026016235352e-01 -9.645183384418487549e-02
0.000000000000000000e+00 0.000000000000000000e+00 0.000000000000000000e+00 1.000000000000000000e+00
1.601715683937072754e-01 9.855536818504333496e-01 -5.503809824585914612e-02 3.508331254124641418e-02
-4.750032424926757812e-01 2.807972393929958344e-02 -8.795361518859863281e-01 3.035730421543121338e-01
-8.652843236923217773e-01 1.670196950435638428e-01 4.726388454437255859e-01 -9.800584614276885986e-02
