0.267770916223526 0.8517113327980042 -0.4504290521144867 0.1378848850727081 
-0.9329943060874939 0.3458923697471619 0.09939804673194885 0.02899830974638462 
0.2404584139585495 0.3936318755149841 0.8872618675231934 -0.2925506830215454 
0 0 0 1 

0.1751551181077957 0.7725687026977539 -0.6102935075759888 0.1964934319257736 
-0.9618076086044312 0.2667084336280823 0.0615851879119873 0.04201456531882286 
0.2103492021560669 0.5761979818344116 0.7897778749465942 -0.2584240734577179 
0 0 0 1 

0.1353510916233063 0.6731396317481995 -0.7270234823226929 0.2374013364315033 
-0.9730052351951599 0.2287397384643555 0.03064063005149364 0.05254391953349113 
0.186924546957016 0.7032504081726074 0.6859285831451416 -0.223578155040741 
0 0 0 1 

0.1118315309286118 0.5770722031593323 -0.8090001940727234 0.2650282680988312 
-0.9839746356010437 0.1780817806720734 -0.008990488946437836 0.06611577421426773 
0.1388799548149109 0.797041118144989 0.5877395868301392 -0.1890355795621872 
0 0 0 1 

0.07969087362289429 0.5069042444229126 -0.8583106994628906 0.2834334075450897 
-0.9908310174942017 0.1345223486423492 -0.01254810485988855 0.06777116656303406 
0.1091011688113213 0.851440966129303 0.5129767656326294 -0.1631220877170563 
0 0 0 1 

0.1543811410665512 0.51523756980896 -0.8430282473564148 0.2717326283454895 
-0.9877289533615112 0.1008839458227158 -0.1192219331860542 0.1022403687238693 
0.02362043596804142 0.8510890603065491 0.52448970079422 -0.1598630547523499 
0 0 0 1 

0.2659490406513214 0.5723482370376587 -0.7756858468055725 0.2422152757644653 
-0.9592345952987671 0.07732047885656357 -0.2718282341957092 0.1494505256414413 
-0.09560392796993256 0.8163571953773499 0.569579541683197 -0.1641852259635925 
0 0 0 1 

0.3235770165920258 0.6136204600334167 -0.7202555537223816 0.2210751622915268 
-0.9278294444084167 0.05649163201451302 -0.3687022924423218 0.1776454448699951 
-0.1855547428131104 0.7875778675079346 0.5876144170761108 -0.1632863730192184 
0 0 0 1 

0.3668434917926788 0.636790931224823 -0.6781764030456543 0.2046352475881577 
-0.8889301419258118 0.02501267939805984 -0.4573594629764557 0.2020792067050934 
-0.2742792367935181 0.7706307768821716 0.5752383470535278 -0.1523672342300415 
0 0 0 1 

0.4120400846004486 0.638380229473114 -0.6501489281654358 0.1914270669221878 
-0.8393051028251648 -0.01182606909424067 -0.543532133102417 0.2239787876605988 
-0.3546687662601471 0.7696303129196167 0.5309229493141174 -0.131099209189415 
0 0 0 1 

