1.000000000000000000e+00 0.000000000000000000e+00 0.000000000000000000e+00 -4.255350477121360719e-01
0.000000000000000000e+00 -1.000000000000000000e+00 0.000000000000000000e+00 3.076616963927396031e-01
0.000000000000000000e+00 0.000000000000000000e+00 -1.000000000000000000e+00 -5.117628744684824760e+00
0.000000000000000000e+00 0.000000000000000000e+00 0.000000000000000000e+00 1.000000000000000000e+00
9.919546246528625488e-01 -4.820949211716651917e-02 1.170536279678344727e-01 2.318661034264870857e-01
-5.068602412939071655e-02 -9.985471963882446289e-01 1.827167160809040070e-02 3.560459422752409453e-01
1.160027086734771729e-01 -2.405770309269428253e-02 -9.929571747779846191e-01 -5.078488914641539509e+00
0.000000000000000000e+00 0.000000000000000000e+00 0.000000000000000000e+00 1.000000000000000000e+00
9.681556820869445801e-01 -6.469540297985076904e-02 2.418445348739624023e-01 9.094768415662910499e-01
-7.124842703342437744e-02 -9.972881078720092773e-01 1.843990758061408997e-02 3.739761770245815242e-01
2.399957478046417236e-01 -3.508380427956581116e-02 -9.701396822929382324e-01 -4.937281721977317517e+00
0.000000000000000000e+00 0.000000000000000000e+00 0.000000000000000000e+00 1.000000000000000000e+00
9.986794590950012207e-01 -4.729720577597618103e-02 2.006277814507484436e-02 -2.736121527338159498e-01
-4.721808433532714844e-02 -9.988746643066406250e-01 -4.398752003908157349e-03 2.546887117801612255e-01
2.024826034903526306e-02 3.445669775828719139e-03 -9.997892379760742188e-01 -4.947071639723711556e+00
0.000000000000000000e+00 0.000000000000000000e+00 0.000000000000000000e+00 1.000000000000000000e+00
9.935329556465148926e-01 -5.089277029037475586e-02 1.015013828873634338e-01 1.793338109434223504e-01
-4.758454486727714539e-02 -9.982625842094421387e-01 -3.475353866815567017e-02 1.407968667865335533e-01
1.030937358736991882e-01 2.969886548817157745e-02 -9.942281246185302734e-01 -4.916274529095942647e+00
0.000000000000000000e+00 0.000000000000000000e+00 0.000000000000000000e+00 1.000000000000000000e+00
-3.228382170200347900e-01 -7.651947438716888428e-02 9.433559179306030273e-01 5.104733674655509645e+00
-4.379577934741973877e-02 -9.944505095481872559e-01 -9.565195441246032715e-02 -1.271892225079393479e-01
9.454403519630432129e-01 -7.219512015581130981e-02 3.176955580711364746e-01 1.679007266066472770e+00
0.000000000000000000e+00 0.000000000000000000e+00 0.000000000000000000e+00 1.000000000000000000e+00
-3.726326823234558105e-01 -9.576719999313354492e-02 9.230245947837829590e-01 4.936494388573108516e+00
-2.838855795562267303e-02 -9.930186271667480469e-01 -1.144900619983673096e-01 -1.614667196275107741e-01
9.275442361831665039e-01 -6.886608153581619263e-02 3.673126697540283203e-01 2.008252822718227470e+00
0.000000000000000000e+00 0.000000000000000000e+00 0.000000000000000000e+00 1.000000000000000000e+00
-3.577999174594879150e-01 -8.848194032907485962e-02 9.295965433120727539e-01 4.871109356882999286e+00
-2.723271772265434265e-02 -9.940881133079528809e-01 -1.051023229956626892e-01 -5.672623645374348655e-02
9.334006905555725098e-01 -6.292107701301574707e-02 3.532752096652984619e-01 1.999561101127770968e+00
0.000000000000000000e+00 0.000000000000000000e+00 0.000000000000000000e+00 1.000000000000000000e+00
-3.356474637985229492e-01 -8.289308100938796997e-02 9.383331537246704102e-01 4.809344503523738545e+00
-3.203912824392318726e-02 -9.945398569107055664e-01 -9.931898117065429688e-02 -1.940622880120067024e-03
9.414421319961547852e-01 -6.339956074953079224e-02 3.311589658260345459e-01 1.974766470772015392e+00
0.000000000000000000e+00 0.000000000000000000e+00 0.000000000000000000e+00 1.000000000000000000e+00
-3.144785463809967041e-01 -8.107163012027740479e-02 9.457960128784179688e-01 4.765844824820907988e+00
-5.685608461499214172e-02 -9.929490089416503906e-01 -1.040182709693908691e-01 -6.713083310576022263e-03
9.475601315498352051e-01 -8.648578822612762451e-02 3.076516389846801758e-01 1.957734410679117687e+00
0.000000000000000000e+00 0.000000000000000000e+00 0.000000000000000000e+00 1.000000000000000000e+00
-2.817346751689910889e-01 -6.600023806095123291e-02 9.572196006774902344e-01 4.740994838236153974e+00
-7.565539330244064331e-02 -9.929969310760498047e-01 -9.073445200920104980e-02 9.536845008336486407e-02
9.565052390098571777e-01 -9.798199683427810669e-02 2.747684717178344727e-01 1.892183707120859149e+00
0.000000000000000000e+00 0.000000000000000000e+00 0.000000000000000000e+00 1.000000000000000000e+00
-2.807178497314453125e-01 -4.499488323926925659e-02 9.587351679801940918e-01 4.674981642313037256e+00
-1.055517122149467468e-01 -9.913945198059082031e-01 -7.743325084447860718e-02 2.009281037614807364e-01
9.539689421653747559e-01 -1.229330226778984070e-01 2.735528051853179932e-01 1.988445808436179130e+00
0.000000000000000000e+00 0.000000000000000000e+00 0.000000000000000000e+00 1.000000000000000000e+00
-2.749169766902923584e-01 -5.813895538449287415e-02 9.597085714340209961e-01 4.661137823237261557e+00
-1.036547869443893433e-01 -9.905601739883422852e-01 -8.970080316066741943e-02 1.950814988923598170e-01
9.558638930320739746e-01 -1.241386458277702332e-01 2.662956118583679199e-01 2.020056596107399294e+00
0.000000000000000000e+00 0.000000000000000000e+00 0.000000000000000000e+00 1.000000000000000000e+00
-2.699184715747833252e-01 -5.632030963897705078e-02 9.612346887588500977e-01 4.655906163573344969e+00
-1.314123421907424927e-01 -9.867920875549316406e-01 -9.471879899501800537e-02 2.175269244788136658e-01
9.538741111755371094e-01 -1.518845111131668091e-01 2.589521408081054688e-01 2.069232966809785523e+00
0.000000000000000000e+00 0.000000000000000000e+00 0.000000000000000000e+00 1.000000000000000000e+00
-2.499629855155944824e-01 -5.592294409871101379e-02 9.666391015052795410e-01 4.680870433985709234e+00
-1.452114135026931763e-01 -9.848744869232177734e-01 -9.452810883522033691e-02 2.532875444354034666e-01
9.573047161102294922e-01 -1.639955937862396240e-01 2.380614876747131348e-01 2.051293382016389000e+00
0.000000000000000000e+00 0.000000000000000000e+00 0.000000000000000000e+00 1.000000000000000000e+00
-2.404616326093673706e-01 -5.545638129115104675e-02 9.690729975700378418e-01 4.680224412904637532e+00
-1.761304438114166260e-01 -9.793003797531127930e-01 -9.974583983421325684e-02 2.524918730470835926e-01
9.545451402664184570e-01 -1.946682482957839966e-01 2.257165908813476562e-01 2.111623536838416193e+00
0.000000000000000000e+00 0.000000000000000000e+00 0.000000000000000000e+00 1.000000000000000000e+00
-2.262117713689804077e-01 -5.343903973698616028e-02 9.726113080978393555e-01 4.687042951133176594e+00
-1.903551071882247925e-01 -9.768171906471252441e-01 -9.794324636459350586e-02 3.002608513090675446e-01
9.552977085113525391e-01 -2.072974443435668945e-01 2.107951194047927856e-01 2.164717501596628679e+00
0.000000000000000000e+00 0.000000000000000000e+00 0.000000000000000000e+00 1.000000000000000000e+00
-1.930294781923294067e-01 -4.552989825606346130e-02 9.801359176635742188e-01 4.720734855241548011e+00
-2.173293828964233398e-01 -9.721270799636840820e-01 -8.795902132987976074e-02 3.645611290816422878e-01
9.568216800689697266e-01 -2.299910187721252441e-01 1.777542531490325928e-01 2.120717434329159712e+00
0.000000000000000000e+00 0.000000000000000000e+00 0.000000000000000000e+00 1.000000000000000000e+00
-1.124999597668647766e-01 -7.237476110458374023e-02 9.910124540328979492e-01 4.858831781791861815e+00
-2.277936190366744995e-01 -9.689041376113891602e-01 -9.661930054426193237e-02 3.344037400357673939e-01
9.671890735626220703e-01 -2.366160005331039429e-01 9.251493960618972778e-02 1.952585090925719413e+00
0.000000000000000000e+00 0.000000000000000000e+00 0.000000000000000000e+00 1.000000000000000000e+00
-7.424769550561904907e-02 -1.199248731136322021e-01 9.900019764900207520e-01 5.050332588619010465e+00
-2.462311834096908569e-01 -9.597998857498168945e-01 -1.347330808639526367e-01 1.322382407170986929e-01
9.663627147674560547e-01 -2.537732124328613281e-01 4.173371568322181702e-02 2.056402027838085900e+00
0.000000000000000000e+00 0.000000000000000000e+00 0.000000000000000000e+00 1.000000000000000000e+00
-6.800433248281478882e-02 -1.262693107128143311e-01 9.896618723869323730e-01 5.158819686528389958e+00
-2.747581899166107178e-01 -9.512301087379455566e-01 -1.402458548545837402e-01 1.307641703100017039e-01
9.591050744056701660e-01 -2.814551889896392822e-01 2.999416179955005646e-02 2.058087317476485101e+00
0.000000000000000000e+00 0.000000000000000000e+00 0.000000000000000000e+00 1.000000000000000000e+00
-1.080027893185615540e-01 -1.680485159158706665e-01 9.798444509506225586e-01 5.017234325504056791e+00
-2.069104164838790894e-01 -9.602267146110534668e-01 -1.874905675649642944e-01 -1.419689264311046473e-01
9.723799824714660645e-01 -2.229895740747451782e-01 6.893613189458847046e-02 2.093560938202800870e+00
0.000000000000000000e+00 0.000000000000000000e+00 0.000000000000000000e+00 1.000000000000000000e+00
-9.899349510669708252e-02 -1.829549819231033325e-01 9.781246185302734375e-01 4.972371970884517545e+00
-1.742709130048751831e-01 -9.645736217498779297e-01 -1.980579346418380737e-01 -2.317224546388634565e-01
9.797089695930480957e-01 -1.900651156902313232e-01 6.360297650098800659e-02 1.986334930585587522e+00
0.000000000000000000e+00 0.000000000000000000e+00 0.000000000000000000e+00 1.000000000000000000e+00
-7.409103959798812866e-02 -2.586103081703186035e-01 9.631367921829223633e-01 4.744569779218573480e+00
-7.065047323703765869e-02 -9.620023965835571289e-01 -2.637406885623931885e-01 -6.516579327699125734e-01
9.947455525398254395e-01 -8.758707344532012939e-02 5.300531536340713501e-02 1.675427166439057203e+00
0.000000000000000000e+00 0.000000000000000000e+00 0.000000000000000000e+00 1.000000000000000000e+00
-9.732422232627868652e-02 -3.180139660835266113e-01 9.430776238441467285e-01 4.440376785172388097e+00
-3.221234679222106934e-02 -9.460726976394653320e-01 -3.223482370376586914e-01 -1.057240522848293729e+00
9.947316050529479980e-01 -6.175102293491363525e-02 8.183182775974273682e-02 1.658965533437093853e+00
0.000000000000000000e+00 0.000000000000000000e+00 0.000000000000000000e+00 1.000000000000000000e+00
-6.120126694440841675e-02 -3.959127068519592285e-01 9.162462353706359863e-01 4.224170830639227603e+00
5.505507346242666245e-03 -9.180871844291687012e-01 -3.963402807712554932e-01 -1.442178711675134561e+00
9.981100559234619141e-01 -1.921219751238822937e-02 5.836775898933410645e-02 1.473131696547777869e+00
0.000000000000000000e+00 0.000000000000000000e+00 0.000000000000000000e+00 1.000000000000000000e+00
2.660928852856159210e-02 -4.385941922664642334e-01 8.982909917831420898e-01 4.108775116623295531e+00
5.221216753125190735e-02 -8.967730998992919922e-01 -4.393995404243469238e-01 -1.664385856819059484e+00
9.982814788818359375e-01 5.859379842877388000e-02 -9.625299717299640179e-04 1.130717309677067739e+00
0.000000000000000000e+00 0.000000000000000000e+00 0.000000000000000000e+00 1.000000000000000000e+00
3.053349554538726807e-01 -4.585734009742736816e-01 8.345541357994079590e-01 3.893473512239866707e+00
1.154899969696998596e-01 -8.521041274070739746e-01 -5.104705691337585449e-01 -2.027530457016728516e+00
9.452157616615295410e-01 2.522472739219665527e-01 -2.072166055440902710e-01 1.049854088382451006e-01
0.000000000000000000e+00 0.000000000000000000e+00 0.000000000000000000e+00 1.000000000000000000e+00
3.657247424125671387e-01 -4.890490472316741943e-01 7.918817996978759766e-01 3.673296194697265094e+00
1.376268118619918823e-01 -8.130545020103454590e-01 -5.656867027282714844e-01 -2.299106926026842856e+00
9.204913377761840820e-01 3.158696889877319336e-01 -2.300478816032409668e-01 -4.656052528731075696e-02
0.000000000000000000e+00 0.000000000000000000e+00 0.000000000000000000e+00 1.000000000000000000e+00
3.996701836585998535e-01 -5.280624032020568848e-01 7.492754459381103516e-01 3.421751141026537102e+00
1.650137007236480713e-01 -7.625982165336608887e-01 -6.254715323448181152e-01 -2.549624417296197265e+00
9.016840457916259766e-01 3.736229836940765381e-01 -2.176501601934432983e-01 -3.294583499340364430e-02
0.000000000000000000e+00 0.000000000000000000e+00 0.000000000000000000e+00 1.000000000000000000e+00
4.327226877212524414e-01 -5.407049059867858887e-01 7.213799953460693359e-01 3.231724516211786025e+00
1.559886634349822998e-01 -7.432005405426025391e-01 -6.506306529045104980e-01 -2.677741945101214771e+00
8.879292607307434082e-01 3.940697610378265381e-01 -2.372558712959289551e-01 -1.551760824475250933e-01
0.000000000000000000e+00 0.000000000000000000e+00 0.000000000000000000e+00 1.000000000000000000e+00
4.304974377155303955e-01 -5.589435696601867676e-01 7.086988091468811035e-01 3.086591396295974565e+00
1.694724708795547485e-01 -7.211614847183227539e-01 -6.717179417610168457e-01 -2.762065949848036883e+00
8.865388631820678711e-01 4.092779457569122314e-01 -2.157326191663742065e-01 -1.023208352265744803e-01
0.000000000000000000e+00 0.000000000000000000e+00 0.000000000000000000e+00 1.000000000000000000e+00
4.369968771934509277e-01 -5.918706059455871582e-01 6.772906780242919922e-01 2.876340899001591733e+00
1.771256178617477417e-01 -6.816237568855285645e-01 -7.099406719207763672e-01 -2.902293793600658756e+00
8.818503618240356445e-01 4.302074015140533447e-01 -1.930318176746368408e-01 -6.289003466440989953e-02
0.000000000000000000e+00 0.000000000000000000e+00 0.000000000000000000e+00 1.000000000000000000e+00
4.245591163635253906e-01 -6.490517258644104004e-01 6.312536001205444336e-01 2.556866411201053069e+00
1.412083208560943604e-01 -6.412102580070495605e-01 -7.542607188224792480e-01 -3.048632845989061035e+00
8.943207263946533203e-01 4.093667566776275635e-01 -1.805802583694458008e-01 -1.265595037783865118e-01
0.000000000000000000e+00 0.000000000000000000e+00 0.000000000000000000e+00 1.000000000000000000e+00
3.505926728248596191e-01 -7.018593549728393555e-01 6.200627684593200684e-01 2.449398740906706173e+00
1.315676569938659668e-01 -6.186096668243408203e-01 -7.746042013168334961e-01 -3.103247817383483209e+00
9.272401928901672363e-01 3.531508445739746094e-01 -1.245380789041519165e-01 2.728375260244760361e-02
0.000000000000000000e+00 0.000000000000000000e+00 0.000000000000000000e+00 1.000000000000000000e+00
3.079921007156372070e-01 -7.652214169502258301e-01 5.653115510940551758e-01 2.164416342417230688e+00
1.214167401194572449e-01 -5.577227473258972168e-01 -8.210989236831665039e-01 -3.233201624397751939e+00
9.436093568801879883e-01 3.215302824974060059e-01 -7.886355370283126831e-02 6.304388893606897859e-02
0.000000000000000000e+00 0.000000000000000000e+00 0.000000000000000000e+00 1.000000000000000000e+00
3.688547313213348389e-01 -7.779118418693542480e-01 5.087237358093261719e-01 1.910376091843688284e+00
9.997875988483428955e-02 -5.109356045722961426e-01 -8.537850379943847656e-01 -3.296926762855597826e+00
9.240947961807250977e-01 3.657841980457305908e-01 -1.106864064931869507e-01 -1.710582359286325627e-01
0.000000000000000000e+00 0.000000000000000000e+00 0.000000000000000000e+00 1.000000000000000000e+00
4.893722534179687500e-01 -7.598308920860290527e-01 4.279856681823730469e-01 1.537862400285666897e+00
2.648859657347202301e-02 -4.775893688201904297e-01 -8.781836032867431641e-01 -3.289403672766220588e+00
8.716726303100585938e-01 4.410954713821411133e-01 -2.135921567678451538e-01 -6.238226239824141706e-01
0.000000000000000000e+00 0.000000000000000000e+00 0.000000000000000000e+00 1.000000000000000000e+00
5.825355648994445801e-01 -7.356804013252258301e-01 3.455809354782104492e-01 1.268136595167966618e+00
-3.575927391648292542e-02 -4.479558467864990234e-01 -8.933402895927429199e-01 -3.235459920449583304e+00
8.120180368423461914e-01 5.080450177192687988e-01 -2.872576713562011719e-01 -8.908601302264299582e-01
0.000000000000000000e+00 0.000000000000000000e+00 0.000000000000000000e+00 1.000000000000000000e+00
5.874779820442199707e-01 -7.758327722549438477e-01 2.301145493984222412e-01 9.208649472144165848e-01
-1.143725439906120300e-01 -3.611071705818176270e-01 -9.254838824272155762e-01 -3.385642956997903408e+00
8.011170029640197754e-01 5.173827409744262695e-01 -3.008764386177062988e-01 -8.855446425813247036e-01
0.000000000000000000e+00 0.000000000000000000e+00 0.000000000000000000e+00 1.000000000000000000e+00
5.726748108863830566e-01 -8.132790327072143555e-01 1.030565947294235229e-01 4.603050405329809913e-01
-1.878818422555923462e-01 -2.525731623172760010e-01 -9.491611123085021973e-01 -3.596647806918280121e+00
7.979626059532165527e-01 5.241985321044921875e-01 -2.974427640438079834e-01 -8.178978426744829555e-01
0.000000000000000000e+00 0.000000000000000000e+00 0.000000000000000000e+00 1.000000000000000000e+00
5.893849134445190430e-01 -8.077620863914489746e-01 -1.210040505975484848e-02 -2.479989745015971289e-02
-2.071213424205780029e-01 -1.366147696971893311e-01 -9.687292575836181641e-01 -3.783497103234171099e+00
7.808498144149780273e-01 5.734603404998779297e-01 -2.478233724832534790e-01 -6.293180193717645698e-01
0.000000000000000000e+00 0.000000000000000000e+00 0.000000000000000000e+00 1.000000000000000000e+00
5.956452488899230957e-01 -7.929184436798095703e-01 -1.284050196409225464e-01 -5.809267284313115454e-01
-2.485360354185104370e-01 -2.991809323430061340e-02 -9.681602716445922852e-01 -3.868552048295081036e+00
7.638303637504577637e-01 6.085933446884155273e-01 -2.148893773555755615e-01 -5.206004193152912185e-01
0.000000000000000000e+00 0.000000000000000000e+00 0.000000000000000000e+00 1.000000000000000000e+00
6.187437772750854492e-01 -7.521634697914123535e-01 -2.267307937145233154e-01 -1.107581823729891557e+00
-2.429209947586059570e-01 9.128010272979736328e-02 -9.657414555549621582e-01 -3.948838421285202571e+00
7.470915317535400391e-01 6.526243090629577637e-01 -1.262373477220535278e-01 -2.008074843909438967e-01
0.000000000000000000e+00 0.000000000000000000e+00 0.000000000000000000e+00 1.000000000000000000e+00
5.811453461647033691e-01 -8.091997504234313965e-01 -8.640647679567337036e-02 -3.860720955230145246e-01
-3.060991466045379639e-01 -1.189743503928184509e-01 -9.445359706878662109e-01 -3.626335412053003804e+00
7.540381550788879395e-01 5.753613710403442383e-01 -3.168366253376007080e-01 -1.102512588503262503e+00
0.000000000000000000e+00 0.000000000000000000e+00 0.000000000000000000e+00 1.000000000000000000e+00
5.612868070602416992e-01 -8.276201486587524414e-01 -1.514753443188965321e-03 1.648301837503265543e-03
-3.832302391529083252e-01 -2.582812011241912842e-01 -8.868063688278198242e-01 -3.263650724897694921e+00
7.335473895072937012e-01 4.983331859111785889e-01 -4.621388018131256104e-01 -1.640237044712025138e+00
0.000000000000000000e+00 0.000000000000000000e+00 0.000000000000000000e+00 1.000000000000000000e+00
5.465869903564453125e-01 -8.282835483551025391e-01 1.232436820864677429e-01 5.095290790992270669e-01
-4.462141990661621094e-01 -4.126196205615997314e-01 -7.941269278526306152e-01 -2.722355097485548825e+00
7.086151838302612305e-01 3.790664076805114746e-01 -5.951244831085205078e-01 -2.090961647491570208e+00
0.000000000000000000e+00 0.000000000000000000e+00 0.000000000000000000e+00 1.000000000000000000e+00
5.529506206512451172e-01 -8.097211122512817383e-01 1.964619457721710205e-01 7.867334313908558308e-01
-5.177772641181945801e-01 -5.186613798141479492e-01 -6.803654432296752930e-01 -2.146666387064383397e+00
6.528035402297973633e-01 2.744849026203155518e-01 -7.060492634773254395e-01 -2.412869825273813440e+00
0.000000000000000000e+00 0.000000000000000000e+00 0.000000000000000000e+00 1.000000000000000000e+00
5.724371075630187988e-01 -7.880491614341735840e-01 2.264822423458099365e-01 8.772814405303969165e-01
-5.694880485534667969e-01 -5.808374881744384766e-01 -5.816454887390136719e-01 -1.710384105384893827e+00
5.899146795272827148e-01 2.039764672517776489e-01 -7.812774181365966797e-01 -2.618274767641309619e+00
0.000000000000000000e+00 0.000000000000000000e+00 0.000000000000000000e+00 1.000000000000000000e+00
5.731379389762878418e-01 -7.938491702079772949e-01 2.032642662525177002e-01 7.406852828551536705e-01
-6.648387908935546875e-01 -5.954738259315490723e-01 -4.509989917278289795e-01 -1.226396162850514227e+00
4.790637493133544922e-01 1.233465522527694702e-01 -8.690705299377441406e-01 -2.863649685077645390e+00
0.000000000000000000e+00 0.000000000000000000e+00 0.000000000000000000e+00 1.000000000000000000e+00
5.674558281898498535e-01 -7.911465167999267578e-01 2.282122373580932617e-01 7.647144496572311212e-01
-7.133731842041015625e-01 -6.107801795005798340e-01 -3.435787856578826904e-01 -8.164615612847939685e-01
4.112087488174438477e-01 3.216525912284851074e-02 -9.109736680984497070e-01 -2.954617429351402702e+00
0.000000000000000000e+00 0.000000000000000000e+00 0.000000000000000000e+00 1.000000000000000000e+00
5.646409988403320312e-01 -7.793663740158081055e-01 2.716027200222015381e-01 8.552968828316512839e-01
-7.521709203720092773e-01 -6.213845014572143555e-01 -2.193628102540969849e-01 -3.289331266040517732e-01
3.397338092327117920e-01 -8.043058961629867554e-02 -9.370763301849365234e-01 -2.981820750101573658e+00
0.000000000000000000e+00 0.000000000000000000e+00 0.000000000000000000e+00 1.000000000000000000e+00
5.594969987869262695e-01 -7.815248370170593262e-01 2.760109305381774902e-01 8.456433715635235382e-01
-7.793365120887756348e-01 -6.094132065773010254e-01 -1.457731872797012329e-01 -6.398323470578862193e-02
2.821300327777862549e-01 -1.335457861423492432e-01 -9.500358700752258301e-01 -2.997659179106102023e+00
0.000000000000000000e+00 0.000000000000000000e+00 0.000000000000000000e+00 1.000000000000000000e+00
5.410202741622924805e-01 -7.954877614974975586e-01 2.729397714138031006e-01 7.926159731667056230e-01
-8.244059085845947266e-01 -5.658025145530700684e-01 -1.490670908242464066e-02 3.924351480848625728e-01
1.662881374359130859e-01 -2.169484049081802368e-01 -9.619155526161193848e-01 -3.009264939891186152e+00
0.000000000000000000e+00 0.000000000000000000e+00 0.000000000000000000e+00 1.000000000000000000e+00
5.306889414787292480e-01 -7.995421290397644043e-01 2.812496721744537354e-01 7.817705172903036681e-01
-8.462508320808410645e-01 -5.183249115943908691e-01 1.232831403613090515e-01 8.778011432662282676e-01
4.720861837267875671e-02 -3.034328520298004150e-01 -9.516827464103698730e-01 -2.945958445315730145e+00
0.000000000000000000e+00 0.000000000000000000e+00 0.000000000000000000e+00 1.000000000000000000e+00
5.426621437072753906e-01 -7.896469235420227051e-01 2.863133549690246582e-01 7.582125728676938348e-01
-8.379750251770019531e-01 -4.855949282646179199e-01 2.489886879920959473e-01 1.302796805717422624e+00
-5.758086591958999634e-02 -3.750402033329010010e-01 -9.252185821533203125e-01 -2.801984631658120506e+00
0.000000000000000000e+00 0.000000000000000000e+00 0.000000000000000000e+00 1.000000000000000000e+00
5.032604932785034180e-01 -8.101404309272766113e-01 3.006676733493804932e-01 7.929443407616608708e-01
-8.427004814147949219e-01 -3.830976188182830811e-01 3.782749772071838379e-01 1.746650688590196676e+00
-1.912708282470703125e-01 -4.437436759471893311e-01 -8.755038380622863770e-01 -2.551644716822291770e+00
0.000000000000000000e+00 0.000000000000000000e+00 0.000000000000000000e+00 1.000000000000000000e+00
4.919016063213348389e-01 -8.092628717422485352e-01 3.211329579353332520e-01 8.596615925220582044e-01
-8.225944042205810547e-01 -3.111360967159271240e-01 4.759543836116790771e-01 2.078976551532996986e+00
-2.852562665939331055e-01 -4.982848167419433594e-01 -8.187435865402221680e-01 -2.307573547704053318e+00
0.000000000000000000e+00 0.000000000000000000e+00 0.000000000000000000e+00 1.000000000000000000e+00
4.706447422504425049e-01 -8.161712884902954102e-01 3.351983129978179932e-01 9.556153655941393987e-01
-8.047802448272705078e-01 -2.413616925477981567e-01 5.422852635383605957e-01 2.299418547245792421e+00
-3.616936504840850830e-01 -5.249845981597900391e-01 -7.704341411590576172e-01 -2.092510233037567335e+00
0.000000000000000000e+00 0.000000000000000000e+00 0.000000000000000000e+00 1.000000000000000000e+00
4.250693917274475098e-01 -8.487126827239990234e-01 3.146469593048095703e-01 9.674633842846253051e-01
-7.843328118324279785e-01 -1.718441992998123169e-01 5.960633158683776855e-01 2.455363195026684320e+00
-4.518162906169891357e-01 -5.001562237739562988e-01 -7.387190461158752441e-01 -1.894602587534467197e+00
0.000000000000000000e+00 0.000000000000000000e+00 0.000000000000000000e+00 1.000000000000000000e+00
3.958388268947601318e-01 -8.607407808303833008e-01 3.200577795505523682e-01 1.077643311390475755e+00
-7.776257991790771484e-01 -1.287870109081268311e-01 6.153959631919860840e-01 2.475763453483304399e+00
-4.884770810604095459e-01 -4.924828112125396729e-01 -7.203130722045898438e-01 -1.746962167741042515e+00
0.000000000000000000e+00 0.000000000000000000e+00 0.000000000000000000e+00 1.000000000000000000e+00
2.726573348045349121e-01 -9.316180348396301270e-01 2.403035461902618408e-01 9.573967845979496349e-01
-7.700176835060119629e-01 -6.155653297901153564e-02 6.350461244583129883e-01 2.465838617329314975e+00
-5.768281817436218262e-01 -3.581879734992980957e-01 -7.341461777687072754e-01 -1.710629434213423394e+00
0.000000000000000000e+00 0.000000000000000000e+00 0.000000000000000000e+00 1.000000000000000000e+00
1.018656641244888306e-01 -9.714298248291015625e-01 2.143538147211074829e-01 1.021593542254108700e+00
-7.821640968322753906e-01 5.493164435029029846e-02 6.206463575363159180e-01 2.244363900570149450e+00
-6.146891713142395020e-01 -2.308824509382247925e-01 -7.542218565940856934e-01 -1.743043184819256020e+00
0.000000000000000000e+00 0.000000000000000000e+00 0.000000000000000000e+00 1.000000000000000000e+00
-6.751856207847595215e-02 -9.794348478317260742e-01 1.901274621486663818e-01 9.713491336280704047e-01
-7.898285984992980957e-01 1.689029932022094727e-01 5.896120667457580566e-01 2.021314011402313593e+00
-6.095998287200927734e-01 -1.103583648800849915e-01 -7.849900126457214355e-01 -1.856895075115340354e+00
0.000000000000000000e+00 0.000000000000000000e+00 0.000000000000000000e+00 1.000000000000000000e+00
-1.907768845558166504e-01 -9.588317871093750000e-01 2.103469669818878174e-01 1.015953853611929691e+00
-7.496054768562316895e-01 2.806514799594879150e-01 5.994386672973632812e-01 2.083037000373335168e+00
-6.337950229644775391e-01 -4.331824555993080139e-02 -7.722871303558349609e-01 -1.788975958275522249e+00
0.000000000000000000e+00 0.000000000000000000e+00 0.000000000000000000e+00 1.000000000000000000e+00
-2.279481738805770874e-01 -9.562224149703979492e-01 1.835163235664367676e-01 1.017881202746307778e+00
-7.083545923233032227e-01 2.921767532825469971e-01 6.425467729568481445e-01 2.275243747927281568e+00
-6.680368781089782715e-01 1.647277735173702240e-02 -7.439458370208740234e-01 -1.652324146757146117e+00
0.000000000000000000e+00 0.000000000000000000e+00 0.000000000000000000e+00 1.000000000000000000e+00
-3.402904868125915527e-01 -9.306219816207885742e-01 1.347027570009231567e-01 1.025608952155441012e+00
-6.938634514808654785e-01 3.451929986476898193e-01 6.319770812988281250e-01 2.203905441502047147e+00
-6.346303224563598633e-01 1.215905696153640747e-01 -7.631906867027282715e-01 -1.620422490871905374e+00
0.000000000000000000e+00 0.000000000000000000e+00 0.000000000000000000e+00 1.000000000000000000e+00
2.285608202219009399e-01 -9.205489158630371094e-01 3.167802393436431885e-01 9.502203157704377512e-01
-7.327338457107543945e-01 5.157747492194175720e-02 6.785579919815063477e-01 2.456786782636233735e+00
-6.409845352172851562e-01 -3.872073590755462646e-01 -6.627286672592163086e-01 -1.375832580317406739e+00
0.000000000000000000e+00 0.000000000000000000e+00 0.000000000000000000e+00 1.000000000000000000e+00
5.439887642860412598e-01 -7.655009031295776367e-01 3.436340391635894775e-01 8.264865449604289482e-01
-7.652385234832763672e-01 -2.845978140830993652e-01 5.774201154708862305e-01 2.335965364540756983e+00
-3.442182242870330811e-01 -5.770722031593322754e-01 -7.406088709831237793e-01 -2.122804375778199582e+00
0.000000000000000000e+00 0.000000000000000000e+00 0.000000000000000000e+00 1.000000000000000000e+00
6.006876230239868164e-01 -7.225698232650756836e-01 3.421508669853210449e-01 7.928753934871913822e-01
-7.676727175712585449e-01 -4.017764031887054443e-01 4.992535412311553955e-01 2.101640859914713833e+00
-2.232773154973983765e-01 -5.625554323196411133e-01 -7.960392832756042480e-01 -2.512407467752346246e+00
0.000000000000000000e+00 0.000000000000000000e+00 0.000000000000000000e+00 1.000000000000000000e+00
6.113492250442504883e-01 -7.244228124618530273e-01 3.185334801673889160e-01 7.114023337385033674e-01
-7.675531506538391113e-01 -4.448125362396240234e-01 4.615235328674316406e-01 1.988969307275661791e+00
-1.926505565643310547e-01 -5.266433358192443848e-01 -8.279688358306884766e-01 -2.712312104097274190e+00
0.000000000000000000e+00 0.000000000000000000e+00 0.000000000000000000e+00 1.000000000000000000e+00
6.352252364158630371e-01 -7.260437011718750000e-01 2.633427381515502930e-01 4.994850484844101102e-01
-7.571970820426940918e-01 -5.182995200157165527e-01 3.975147902965545654e-01 1.759554443820112946e+00
-1.521227955818176270e-01 -4.519137442111968994e-01 -8.789952397346496582e-01 -2.982788194447798524e+00
0.000000000000000000e+00 0.000000000000000000e+00 0.000000000000000000e+00 1.000000000000000000e+00
6.524633765220642090e-01 -7.337936162948608398e-01 1.893102228641510010e-01 2.075767474674099777e-01
-7.403088808059692383e-01 -5.637855529785156250e-01 3.661808073520660400e-01 1.651687672971534848e+00
-1.619708687067031860e-01 -3.790673911571502686e-01 -9.110835790634155273e-01 -3.162567964615138560e+00
0.000000000000000000e+00 0.000000000000000000e+00 0.000000000000000000e+00 1.000000000000000000e+00
6.608879566192626953e-01 -7.412699460983276367e-01 1.172408312559127808e-01 -8.620536314124838118e-02
-7.296813130378723145e-01 -5.981522202491760254e-01 3.313290178775787354e-01 1.526506703830647682e+00
-1.754765659570693970e-01 -3.045196831226348877e-01 -9.362027645111083984e-01 -3.309195702713909615e+00
0.000000000000000000e+00 0.000000000000000000e+00 0.000000000000000000e+00 1.000000000000000000e+00
6.762852668762207031e-01 -7.342194318771362305e-01 5.965889990329742432e-02 -3.380076856302822730e-01
-7.181814312934875488e-01 -6.391576528549194336e-01 2.751226127147674561e-01 1.309169220358495922e+00
-1.638691723346710205e-01 -2.289073318243026733e-01 -9.595563411712646484e-01 -3.447498379835805427e+00
0.000000000000000000e+00 0.000000000000000000e+00 0.000000000000000000e+00 1.000000000000000000e+00
7.196351885795593262e-01 -6.942292451858520508e-01 -1.305785402655601501e-02 -7.001286296120916575e-01
-6.769877672195434570e-01 -7.056937813758850098e-01 2.090065330266952515e-01 1.040666906947316228e+00
-1.543134599924087524e-01 -1.415684074163436890e-01 -9.778270721435546875e-01 -3.577839085224794768e+00
0.000000000000000000e+00 0.000000000000000000e+00 0.000000000000000000e+00 1.000000000000000000e+00
7.546280622482299805e-01 -6.542043685913085938e-01 -5.051793158054351807e-02 -9.008763075950650956e-01
-6.423848867416381836e-01 -7.522909045219421387e-01 1.462878733873367310e-01 7.734462192035768124e-01
-1.337064206600189209e-01 -7.794094830751419067e-02 -9.879512786865234375e-01 -3.665293197027819527e+00
0.000000000000000000e+00 0.000000000000000000e+00 0.000000000000000000e+00 1.000000000000000000e+00
7.815476655960083008e-01 -6.126158833503723145e-01 -1.178332045674324036e-01 -1.233999280394501685e+00
-6.096672415733337402e-01 -7.900773286819458008e-01 6.390222907066345215e-02 4.092481145724856106e-01
-1.322449445724487305e-01 2.189653925597667694e-02 -9.909750223159790039e-01 -3.710459911702138402e+00
0.000000000000000000e+00 0.000000000000000000e+00 0.000000000000000000e+00 1.000000000000000000e+00
8.045156002044677734e-01 -5.712777376174926758e-01 -1.624691784381866455e-01 -1.473680343416197580e+00
-5.812767744064331055e-01 -8.135095834732055664e-01 -1.788846589624881744e-02 4.701344788971559968e-02
-1.219508871436119080e-01 1.088310480117797852e-01 -9.865513443946838379e-01 -3.740452273710488384e+00
0.000000000000000000e+00 0.000000000000000000e+00 0.000000000000000000e+00 1.000000000000000000e+00
8.382617831230163574e-01 -5.137664079666137695e-01 -1.826499700546264648e-01 -1.616368761627331452e+00
-5.366250276565551758e-01 -8.367186188697814941e-01 -1.092474311590194702e-01 -3.752800053271584391e-01
-9.669898450374603271e-02 1.895925253629684448e-01 -9.770897030830383301e-01 -3.750521155105527527e+00
0.000000000000000000e+00 0.000000000000000000e+00 0.000000000000000000e+00 1.000000000000000000e+00
8.506612777709960938e-01 -4.967307746410369873e-01 -1.721454560756683350e-01 -1.625296094407521874e+00
-5.242381095886230469e-01 -8.260295391082763672e-01 -2.070023417472839355e-01 -8.211825150940784690e-01
-3.937270492315292358e-02 2.663340866565704346e-01 -9.630759954452514648e-01 -3.745201798476675226e+00
0.000000000000000000e+00 0.000000000000000000e+00 0.000000000000000000e+00 1.000000000000000000e+00
8.595101833343505859e-01 -4.938642382621765137e-01 -1.316817700862884521e-01 -1.503784211520236225e+00
-5.102347731590270996e-01 -8.139147758483886719e-01 -2.778549790382385254e-01 -1.179816277061349838e+00
3.004502877593040466e-02 3.060076534748077393e-01 -9.515548348426818848e-01 -3.758746812961513140e+00
0.000000000000000000e+00 0.000000000000000000e+00 0.000000000000000000e+00 1.000000000000000000e+00
8.624026775360107422e-01 -4.993283450603485107e-01 -8.325691521167755127e-02 -1.345309049959247938e+00
-4.926128685474395752e-01 -7.899107336997985840e-01 -3.652028739452362061e-01 -1.588883432630004089e+00
1.165907159447669983e-01 3.559656143188476562e-01 -9.271975159645080566e-01 -3.731670672651442811e+00
0.000000000000000000e+00 0.000000000000000000e+00 0.000000000000000000e+00 1.000000000000000000e+00
8.703581094741821289e-01 -4.909271895885467529e-01 -3.830147907137870789e-02 -1.199577527223868456e+00
-4.542156755924224854e-01 -7.703617811203002930e-01 -4.474707543849945068e-01 -1.998955531925817208e+00
1.901698708534240723e-01 4.068572223186492920e-01 -8.934776186943054199e-01 -3.677543391618591784e+00
0.000000000000000000e+00 0.000000000000000000e+00 0.000000000000000000e+00 1.000000000000000000e+00
8.885483741760253906e-01 -4.586026966571807861e-01 1.285459380596876144e-02 -1.010232835595740619e+00
-3.784666359424591064e-01 -7.485452890396118164e-01 -5.444652438163757324e-01 -2.506882265770127738e+00
2.593156099319458008e-01 4.789189696311950684e-01 -8.386847972869873047e-01 -3.590455146791457164e+00
0.000000000000000000e+00 0.000000000000000000e+00 0.000000000000000000e+00 1.000000000000000000e+00
9.211287498474121094e-01 -3.883187770843505859e-01 2.701371349394321442e-02 -9.599386262045459528e-01
-2.919118404388427734e-01 -7.350167036056518555e-01 -6.119945049285888672e-01 -2.842303514120116947e+00
2.575046420097351074e-01 5.558403730392456055e-01 -7.904000878334045410e-01 -3.513901251865564124e+00
0.000000000000000000e+00 0.000000000000000000e+00 0.000000000000000000e+00 1.000000000000000000e+00
9.377170801162719727e-01 -3.346233665943145752e-01 9.334633499383926392e-02 -6.763290225123484989e-01
-1.882748007774353027e-01 -7.153286337852478027e-01 -6.729470491409301758e-01 -3.171641926381804755e+00
2.919571101665496826e-01 6.134590506553649902e-01 -7.337771058082580566e-01 -3.412512449471060361e+00
0.000000000000000000e+00 0.000000000000000000e+00 0.000000000000000000e+00 1.000000000000000000e+00
9.152371883392333984e-01 -3.578200042247772217e-01 1.852170974016189575e-01 -2.351262274460173829e-01
-1.225485950708389282e-01 -6.851311922073364258e-01 -7.180367708206176758e-01 -3.397848707877938690e+00
3.838260769844055176e-01 6.344760060310363770e-01 -6.709080934524536133e-01 -3.290126771485174295e+00
0.000000000000000000e+00 0.000000000000000000e+00 0.000000000000000000e+00 1.000000000000000000e+00
8.694071173667907715e-01 -4.097320735454559326e-01 2.761352956295013428e-01 2.496215642754009423e-01
-6.989519298076629639e-02 -6.552370190620422363e-01 -7.521827816963195801e-01 -3.584928159124432412e+00
4.891275167465209961e-01 6.346524953842163086e-01 -5.983062386512756348e-01 -3.059395263099037532e+00
0.000000000000000000e+00 0.000000000000000000e+00 0.000000000000000000e+00 1.000000000000000000e+00
9.413478970527648926e-01 -2.526659667491912842e-01 2.236594557762145996e-01 -1.162991867682508923e-01
-2.180599048733711243e-02 -7.069832682609558105e-01 -7.068938016891479492e-01 -3.329786736253608215e+00
3.367316424846649170e-01 6.605561971664428711e-01 -6.710271835327148438e-01 -3.151174700322016520e+00
0.000000000000000000e+00 0.000000000000000000e+00 0.000000000000000000e+00 1.000000000000000000e+00
9.205610752105712891e-01 -2.698287367820739746e-01 2.824183106422424316e-01 1.160381296815166524e-01
-6.930950097739696503e-03 -7.342092990875244141e-01 -6.788874864578247070e-01 -3.141619406141169080e+00
3.905374109745025635e-01 6.229999065399169922e-01 -6.777545213699340820e-01 -3.234344557455633762e+00
0.000000000000000000e+00 0.000000000000000000e+00 0.000000000000000000e+00 1.000000000000000000e+00
9.034439325332641602e-01 -3.276192247867584229e-01 2.765050530433654785e-01 6.581239634241189962e-02
-4.000762104988098145e-02 -7.065913677215576172e-01 -7.064900398254394531e-01 -3.257506381888284341e+00
4.268355965614318848e-01 6.272113919258117676e-01 -6.514728069305419922e-01 -3.120995635046686090e+00
0.000000000000000000e+00 0.000000000000000000e+00 0.000000000000000000e+00 1.000000000000000000e+00
8.134476542472839355e-01 -4.266357123851776123e-01 3.953286707401275635e-01 6.889070701851263134e-01
3.663252666592597961e-02 -6.407530307769775391e-01 -7.668724060058593750e-01 -3.629727816366324245e+00
5.804833173751831055e-01 6.382924914360046387e-01 -5.055903196334838867e-01 -2.561270153157074514e+00
0.000000000000000000e+00 0.000000000000000000e+00 0.000000000000000000e+00 1.000000000000000000e+00
7.102770209312438965e-01 -5.250201821327209473e-01 4.688926041126251221e-01 1.163197355354775642e+00
8.052679896354675293e-02 -6.011382937431335449e-01 -7.950776815414428711e-01 -3.800057544128755183e+00
6.993011236190795898e-01 6.024836897850036621e-01 -3.846964538097381592e-01 -2.068917963784790093e+00
0.000000000000000000e+00 0.000000000000000000e+00 0.000000000000000000e+00 1.000000000000000000e+00
5.713942646980285645e-01 -6.171299815177917480e-01 5.409798026084899902e-01 1.661902812858819800e+00
1.351356804370880127e-01 -5.794380903244018555e-01 -8.037349581718444824e-01 -3.882743877498682661e+00
8.094731569290161133e-01 5.323549509048461914e-01 -2.476913034915924072e-01 -1.473602394837600027e+00
0.000000000000000000e+00 0.000000000000000000e+00 0.000000000000000000e+00 1.000000000000000000e+00
4.245303571224212646e-01 -6.665939688682556152e-01 6.127204298973083496e-01 2.162816368830692948e+00
2.580082118511199951e-01 -5.596063137054443359e-01 -7.875735163688659668e-01 -3.881474454010752861e+00
8.678742647171020508e-01 4.924359321594238281e-01 -6.558323651552200317e-02 -5.964739683299444817e-01
0.000000000000000000e+00 0.000000000000000000e+00 0.000000000000000000e+00 1.000000000000000000e+00
3.644471764564514160e-01 -6.749955415725708008e-01 6.415290236473083496e-01 2.367902864074380886e+00
3.327694237232208252e-01 -5.490223169326782227e-01 -7.667064070701599121e-01 -3.829211427915787169e+00
8.697369694709777832e-01 4.929051697254180908e-01 2.452812716364860535e-02 -1.261540169208547058e-01
0.000000000000000000e+00 0.000000000000000000e+00 0.000000000000000000e+00 1.000000000000000000e+00
3.182013332843780518e-01 -6.841325759887695312e-01 6.562851071357727051e-01 2.501862557337680926e+00
3.850814998149871826e-01 -5.393111705780029297e-01 -7.489027380943298340e-01 -3.762958950228612043e+00
8.662908077239990234e-01 4.910251498222351074e-01 9.183725714683532715e-02 2.540140993639368738e-01
0.000000000000000000e+00 0.000000000000000000e+00 0.000000000000000000e+00 1.000000000000000000e+00
5.640954971313476562e-01 -4.227944612503051758e-01 7.092539668083190918e-01 2.790268708829300337e+00
