1 0 0 -0.04542167112231255 
0 1 0 0.0009935460984706879 
0 0 1 -0.2875000238418579 
0 0 0 1 

0.9968284368515015 0.07834435999393463 0.0139682674780488 -0.04816991090774536 
-0.07811027020215988 0.9968068599700928 -0.01658389531075954 0.009151329286396503 
-0.01522291731089354 0.01544023584574461 0.9997649192810059 -0.293266236782074 
0 0 0 1 

0.8941655158996582 0.447089672088623 0.02405649796128273 -0.0412454642355442 
-0.4399862289428711 0.8873722553253174 -0.1377773433923721 0.06507497280836105 
-0.08294592052698135 0.1126112267374992 0.9901710748672485 -0.290192037820816 
0 0 0 1 

0.8462862968444824 0.5325334668159485 0.01439923699945211 -0.0353207178413868 
-0.5232775807380676 0.8360382318496704 -0.1649860739707947 0.07729697972536087 
-0.09989897906780243 0.1320906430482864 0.9861907958984375 -0.2887670993804932 
0 0 0 1 

0.795015275478363 0.6065201163291931 -0.009165843948721886 -0.02493568137288094 
-0.5990872383117676 0.7827239632606506 -0.1686348170042038 0.08184424042701721 
-0.0951061025261879 0.1395583748817444 0.9856359958648682 -0.2896773517131805 
0 0 0 1 

0.723998486995697 0.689057469367981 -0.03202877938747406 -0.01268696878105402 
-0.6841691732406616 0.7113912105560303 -0.1607325077056885 0.08253306895494461 
-0.08796897530555725 0.1382832080125809 0.9864782094955444 -0.2906958758831024 
0 0 0 1 

0.6506689190864563 0.758791983127594 -0.02939963899552822 -0.008347772061824799 
-0.7545242309570312 0.6416763663291931 -0.1376388370990753 0.07788848876953125 
-0.08557425439357758 0.1117400377988815 0.9900460839271545 -0.2934122979640961 
0 0 0 1 

0.5504856705665588 0.8338296413421631 -0.04115131869912148 0.001435664133168757 
-0.8329046964645386 0.5451808571815491 -0.09511642158031464 0.06652027368545532 
-0.05687601119279861 0.08663534373044968 0.9946152567863464 -0.2983097732067108 
0 0 0 1 

0.4599950313568115 0.8836191296577454 -0.08730284124612808 0.0220295749604702 
-0.8878816366195679 0.4568150639533997 -0.05464516207575798 0.0542348213493824 
-0.00840427540242672 0.1026510894298553 0.9946819543838501 -0.3022219836711884 
0 0 0 1 

0.4417090117931366 0.8917328715324402 -0.09851833432912827 0.02646803110837936 
-0.8971459865570068 0.4396120011806488 -0.04325102269649506 0.05064909532666206 
0.004741502460092306 0.1074896305799484 0.9941946864128113 -0.302889347076416 
0 0 0 1 

