1.000000000000000000e+00 0.000000000000000000e+00 0.000000000000000000e+00 -4.542167112231254578e-02
0.000000000000000000e+00 1.000000000000000000e+00 0.000000000000000000e+00 9.935460984706878662e-04
0.000000000000000000e+00 0.000000000000000000e+00 1.000000000000000000e+00 -2.875000238418579102e-01
0.000000000000000000e+00 0.000000000000000000e+00 0.000000000000000000e+00 1.000000000000000000e+00
9.963974356651306152e-01 8.191328495740890503e-02 2.197547815740108490e-02 -5.041746422648429871e-02
-8.149585127830505371e-02 9.964874982833862305e-01 -1.926192268729209900e-02 1.034727692604064941e-02
-2.347608283162117004e-02 1.740162260830402374e-02 9.995728731155395508e-01 -2.930851280689239502e-01
0.000000000000000000e+00 0.000000000000000000e+00 0.000000000000000000e+00 1.000000000000000000e+00
9.854730367660522461e-01 1.637065857648849487e-01 4.520236700773239136e-02 -5.559197440743446350e-02
-1.614953875541687012e-01 9.856614470481872559e-01 -4.888993129134178162e-02 2.478334121406078339e-02
-5.255789309740066528e-02 4.087970033288002014e-02 9.977805018424987793e-01 -2.918698191642761230e-01
0.000000000000000000e+00 0.000000000000000000e+00 0.000000000000000000e+00 1.000000000000000000e+00
9.652366638183593750e-01 2.578500509262084961e-01 4.279789701104164124e-02 -5.250047147274017334e-02
-2.542565166950225830e-01 9.642270803451538086e-01 -7.496491819620132446e-02 3.809403628110885620e-02
-6.059661507606506348e-02 6.147723272442817688e-02 9.962671399116516113e-01 -2.918260693550109863e-01
0.000000000000000000e+00 0.000000000000000000e+00 0.000000000000000000e+00 1.000000000000000000e+00
9.370191693305969238e-01 3.444499969482421875e-01 5.787089839577674866e-02 -5.423907563090324402e-02
-3.359557092189788818e-01 9.341459274291992188e-01 -1.204348132014274597e-01 5.624374747276306152e-02
-9.554371237754821777e-02 9.340761601924896240e-02 9.910328984260559082e-01 -2.888939678668975830e-01
0.000000000000000000e+00 0.000000000000000000e+00 0.000000000000000000e+00 1.000000000000000000e+00
8.920121788978576660e-01 4.498290717601776123e-01 4.436028003692626953e-02 -4.713467136025428772e-02
-4.406315982341766357e-01 8.872402906417846680e-01 -1.365582197904586792e-01 6.546464562416076660e-02
-1.007861867547035217e-01 1.022650226950645447e-01 9.896382093429565430e-01 -2.894773483276367188e-01
0.000000000000000000e+00 0.000000000000000000e+00 0.000000000000000000e+00 1.000000000000000000e+00
8.437080979347229004e-01 5.363787412643432617e-01 2.130179665982723236e-02 -3.673862293362617493e-02
-5.260983705520629883e-01 8.341193199157714844e-01 -1.657260805368423462e-01 7.824287563562393188e-02
-1.066602766513824463e-01 1.286176145076751709e-01 9.859419465065002441e-01 -2.885773777961730957e-01
0.000000000000000000e+00 0.000000000000000000e+00 0.000000000000000000e+00 1.000000000000000000e+00
7.902383208274841309e-01 6.127278208732604980e-01 9.394608438014984131e-03 -3.022429905831813812e-02
-6.027088165283203125e-01 7.799044251441955566e-01 -1.687906384468078613e-01 8.291891217231750488e-02
-1.107496395707130432e-01 1.277225315570831299e-01 9.856071472167968750e-01 -2.892591953277587891e-01
0.000000000000000000e+00 0.000000000000000000e+00 0.000000000000000000e+00 1.000000000000000000e+00
7.177000045776367188e-01 6.961055397987365723e-01 -1.854171045124530792e-02 -1.624235324561595917e-02
-6.892474293708801270e-01 7.063311934471130371e-01 -1.613517254590988159e-01 8.359811455011367798e-02
-9.922128170728683472e-02 1.285819411277770996e-01 9.867222905158996582e-01 -2.904549539089202881e-01
0.000000000000000000e+00 0.000000000000000000e+00 0.000000000000000000e+00 1.000000000000000000e+00
6.452359557151794434e-01 7.636958956718444824e-01 -2.094394341111183167e-02 -1.032270863652229309e-02
-7.584049701690673828e-01 6.369776129722595215e-01 -1.381315886974334717e-01 7.904620468616485596e-02
-9.214973449707031250e-02 1.050114780664443970e-01 9.901924729347229004e-01 -2.933861315250396729e-01
0.000000000000000000e+00 0.000000000000000000e+00 0.000000000000000000e+00 1.000000000000000000e+00
5.483263731002807617e-01 8.353994488716125488e-01 -3.802631422877311707e-02 6.921914173290133476e-04
-8.340106606483459473e-01 5.429468154907226562e-01 -9.815744310617446899e-02 6.826072931289672852e-02
-6.135443598031997681e-02 8.553662151098251343e-02 9.944439530372619629e-01 -2.981961965560913086e-01
0.000000000000000000e+00 0.000000000000000000e+00 0.000000000000000000e+00 1.000000000000000000e+00
4.590628743171691895e-01 8.856375217437744141e-01 -7.005373388528823853e-02 1.710419170558452606e-02
-8.883134126663208008e-01 4.564631879329681396e-01 -5.040106177330017090e-02 5.373350530862808228e-02
-1.266011130064725876e-02 8.536693453788757324e-02 9.962694048881530762e-01 -3.029832839965820312e-01
0.000000000000000000e+00 0.000000000000000000e+00 0.000000000000000000e+00 1.000000000000000000e+00
3.531148731708526611e-01 9.313794374465942383e-01 -8.855844289064407349e-02 2.732046693563461304e-02
-9.354438781738281250e-01 3.530904054641723633e-01 -1.646478846669197083e-02 4.077687114477157593e-02
1.593417674303054810e-02 8.865547180175781250e-02 9.959350228309631348e-01 -3.045095801353454590e-01
0.000000000000000000e+00 0.000000000000000000e+00 0.000000000000000000e+00 1.000000000000000000e+00
2.700327932834625244e-01 9.566755890846252441e-01 -1.088752672076225281e-01 3.644052520394325256e-02
-9.599734544754028320e-01 2.762351334095001221e-01 4.631965979933738708e-02 1.702056080102920532e-02
7.438804954290390015e-02 9.200951457023620605e-02 9.929755330085754395e-01 -3.039310872554779053e-01
0.000000000000000000e+00 0.000000000000000000e+00 0.000000000000000000e+00 1.000000000000000000e+00
1.983278095722198486e-01 9.706172943115234375e-01 -1.362658739089965820e-01 4.671428352594375610e-02
-9.716365933418273926e-01 2.129677087068557739e-01 1.027956381440162659e-01 -3.874943358823657036e-03
1.287954002618789673e-01 1.120136082172393799e-01 9.853246808052062988e-01 -3.026772737503051758e-01
0.000000000000000000e+00 0.000000000000000000e+00 0.000000000000000000e+00 1.000000000000000000e+00
1.154303178191184998e-01 9.825721979141235352e-01 -1.456959098577499390e-01 5.127827078104019165e-02
-9.708400964736938477e-01 1.426233500242233276e-01 1.926849335432052612e-01 -3.475588560104370117e-02
2.101065665483474731e-01 1.192057728767395020e-01 9.703840017318725586e-01 -2.992652952671051025e-01
0.000000000000000000e+00 0.000000000000000000e+00 0.000000000000000000e+00 1.000000000000000000e+00
1.918387413024902344e-01 9.729053378105163574e-01 -1.290471255779266357e-01 4.528845846652984619e-02
-9.537171721458435059e-01 2.158280760049819946e-01 2.093838453292846680e-01 -3.924011439085006714e-02
2.315625995397567749e-01 8.290658146142959595e-02 9.692804217338562012e-01 -2.971233427524566650e-01
0.000000000000000000e+00 0.000000000000000000e+00 0.000000000000000000e+00 1.000000000000000000e+00
2.748022675514221191e-01 9.530032873153686523e-01 -1.275479197502136230e-01 4.240247979760169983e-02
-9.384435415267944336e-01 2.947185933589935303e-01 1.801789104938507080e-01 -2.807020209729671478e-02
2.093018740415573120e-01 7.018299400806427002e-02 9.753292798995971680e-01 -2.962114512920379639e-01
0.000000000000000000e+00 0.000000000000000000e+00 0.000000000000000000e+00 1.000000000000000000e+00
3.281621038913726807e-01 9.354188442230224609e-01 -1.315319240093231201e-01 4.197689518332481384e-02
-9.336122870445251465e-01 3.423745036125183105e-01 1.055817529559135437e-01 -1.648405333980917931e-03
1.437963843345642090e-01 8.815193921327590942e-02 9.856731891632080078e-01 -2.959937155246734619e-01
0.000000000000000000e+00 0.000000000000000000e+00 0.000000000000000000e+00 1.000000000000000000e+00
3.610607087612152100e-01 9.180275797843933105e-01 -1.638913750648498535e-01 5.067659541964530945e-02
-9.295717477798461914e-01 3.683250844478607178e-01 1.525770593434572220e-02 3.015977703034877777e-02
7.437227666378021240e-02 1.468398571014404297e-01 9.863606691360473633e-01 -2.922658622264862061e-01
0.000000000000000000e+00 0.000000000000000000e+00 0.000000000000000000e+00 1.000000000000000000e+00
4.003279507160186768e-01 8.995909094810485840e-01 -1.745671033859252930e-01 5.200572311878204346e-02
-9.163032174110412598e-01 3.952983319759368896e-01 -6.424386054277420044e-02 5.669336766004562378e-02
1.121289934962987900e-02 1.856749951839447021e-01 9.825471043586730957e-01 -2.873066365718841553e-01
0.000000000000000000e+00 0.000000000000000000e+00 0.000000000000000000e+00 1.000000000000000000e+00
4.586129784584045410e-01 8.629851341247558594e-01 -2.119678109884262085e-01 5.974278599023818970e-02
-8.874869942665100098e-01 4.326725602149963379e-01 -1.586226969957351685e-01 8.547161519527435303e-02
-4.517643526196479797e-02 2.608650326728820801e-01 9.643173217773437500e-01 -2.765557169914245605e-01
0.000000000000000000e+00 0.000000000000000000e+00 0.000000000000000000e+00 1.000000000000000000e+00
5.291484594345092773e-01 8.244777917861938477e-01 -2.005950659513473511e-01 5.071762576699256897e-02
-8.435809016227722168e-01 4.856572449207305908e-01 -2.291476875543594360e-01 1.049192547798156738e-01
-9.150680154561996460e-02 2.904713451862335205e-01 9.524983763694763184e-01 -2.691130638122558594e-01
0.000000000000000000e+00 0.000000000000000000e+00 0.000000000000000000e+00 1.000000000000000000e+00
5.954890847206115723e-01 7.815381884574890137e-01 -1.859875470399856567e-01 4.175914451479911804e-02
-7.929296493530273438e-01 5.345966815948486328e-01 -2.923501729965209961e-01 1.202895864844322205e-01
-1.290546953678131104e-01 3.215663731098175049e-01 9.380509257316589355e-01 -2.610956728458404541e-01
0.000000000000000000e+00 0.000000000000000000e+00 0.000000000000000000e+00 1.000000000000000000e+00
6.714066863059997559e-01 7.230692505836486816e-01 -1.624312400817871094e-01 2.905327267944812775e-02
-7.215000987052917480e-01 5.877049565315246582e-01 -3.661144077777862549e-01 1.356603205204010010e-01
-1.692645847797393799e-01 3.630059659481048584e-01 9.162836670875549316e-01 -2.503489553928375244e-01
0.000000000000000000e+00 0.000000000000000000e+00 0.000000000000000000e+00 1.000000000000000000e+00
7.314540147781372070e-01 6.646313071250915527e-01 -1.524481326341629028e-01 2.282494679093360901e-02
-6.518874764442443848e-01 6.159831285476684570e-01 -4.422754645347595215e-01 1.511302292346954346e-01
-2.000446766614913940e-01 4.228829741477966309e-01 8.838280439376831055e-01 -2.356893420219421387e-01
0.000000000000000000e+00 0.000000000000000000e+00 0.000000000000000000e+00 1.000000000000000000e+00
7.537851929664611816e-01 6.436711549758911133e-01 -1.322679519653320312e-01 1.488439831882715225e-02
-6.035720705986022949e-01 5.986018180847167969e-01 -5.266647338867187500e-01 1.702840626239776611e-01
-2.598232030868530273e-01 4.768253564834594727e-01 8.397195339202880859e-01 -2.153092771768569946e-01
0.000000000000000000e+00 0.000000000000000000e+00 0.000000000000000000e+00 1.000000000000000000e+00
7.867075204849243164e-01 6.018151044845581055e-01 -1.375117897987365723e-01 1.326132845133543015e-02
-5.380646586418151855e-01 5.592744946479797363e-01 -6.306333541870117188e-01 1.970697492361068726e-01
-3.026179075241088867e-01 5.701143145561218262e-01 7.638010382652282715e-01 -1.870955377817153931e-01
0.000000000000000000e+00 0.000000000000000000e+00 0.000000000000000000e+00 1.000000000000000000e+00
8.075814843177795410e-01 5.755602121353149414e-01 -1.286188066005706787e-01 9.306986816227436066e-03
-4.821833968162536621e-01 5.188106298446655273e-01 -7.059281468391418457e-01 2.166018486022949219e-01
-3.395751416683197021e-01 6.321122646331787109e-01 6.965077519416809082e-01 -1.631481647491455078e-01
0.000000000000000000e+00 0.000000000000000000e+00 0.000000000000000000e+00 1.000000000000000000e+00
8.342639803886413574e-01 5.375663042068481445e-01 -1.225782930850982666e-01 4.755815025418996811e-03
-4.146479368209838867e-01 4.651648104190826416e-01 -7.821052670478820801e-01 2.365975230932235718e-01
-3.634143769741058350e-01 7.033090591430664062e-01 6.109712719917297363e-01 -1.385731250047683716e-01
0.000000000000000000e+00 0.000000000000000000e+00 0.000000000000000000e+00 1.000000000000000000e+00
8.638879656791687012e-01 4.962269663810729980e-01 -8.634915947914123535e-02 -7.870769128203392029e-03
-3.331408798694610596e-01 4.343431890010833740e-01 -8.368766903877258301e-01 2.496617585420608521e-01
-3.777758777141571045e-01 7.517343163490295410e-01 5.405374169349670410e-01 -1.200291439890861511e-01
0.000000000000000000e+00 0.000000000000000000e+00 0.000000000000000000e+00 1.000000000000000000e+00
8.834204673767089844e-01 4.650422632694244385e-01 -5.747808143496513367e-02 -1.636017672717571259e-02
-2.315693050622940063e-01 3.266445994377136230e-01 -9.163398742675781250e-01 2.648952007293701172e-01
-4.073620736598968506e-01 8.228235244750976562e-01 3.962540328502655029e-01 -8.077563345432281494e-02
0.000000000000000000e+00 0.000000000000000000e+00 0.000000000000000000e+00 1.000000000000000000e+00
8.684996366500854492e-01 4.951331615447998047e-01 -2.348549664020538330e-02 -3.048604354262351990e-02
-1.022097244858741760e-01 1.325196623802185059e-01 -9.858962893486022949e-01 2.824402153491973877e-01
-4.850376546382904053e-01 8.586511611938476562e-01 1.657007038593292236e-01 -1.525267399847507477e-02
0.000000000000000000e+00 0.000000000000000000e+00 0.000000000000000000e+00 1.000000000000000000e+00
8.563655614852905273e-01 5.153979063034057617e-01 -3.166372328996658325e-02 -2.550268359482288361e-02
-1.015710607171058655e-01 1.080101951956748962e-01 -9.889472723007202148e-01 2.827210426330566406e-01
-5.062814950942993164e-01 8.501167893409729004e-01 1.448457539081573486e-01 -1.513830292969942093e-02
0.000000000000000000e+00 0.000000000000000000e+00 0.000000000000000000e+00 1.000000000000000000e+00
8.169674873352050781e-01 5.762192606925964355e-01 -2.314461581408977509e-02 -2.343400381505489349e-02
-1.124238893389701843e-01 1.197747066617012024e-01 -9.864150285720825195e-01 2.823500335216522217e-01
-5.656191706657409668e-01 8.084707856178283691e-01 1.626328378915786743e-01 -1.908643171191215515e-02
0.000000000000000000e+00 0.000000000000000000e+00 0.000000000000000000e+00 1.000000000000000000e+00
8.044186234474182129e-01 5.920445919036865234e-01 -4.892600327730178833e-02 -1.590072736144065857e-02
-2.382061630487442017e-01 2.460111826658248901e-01 -9.395403861999511719e-01 2.744983434677124023e-01
-5.442134141921997070e-01 7.674383521080017090e-01 3.389246463775634766e-01 -5.974130704998970032e-02
0.000000000000000000e+00 0.000000000000000000e+00 0.000000000000000000e+00 1.000000000000000000e+00
8.251765370368957520e-01 5.580099225044250488e-01 -8.779946714639663696e-02 -5.864853970706462860e-03
-3.102531135082244873e-01 3.178249299526214600e-01 -8.959518074989318848e-01 2.652961015701293945e-01
-4.720453321933746338e-01 7.665586471557617188e-01 4.353861510753631592e-01 -8.771055936813354492e-02
0.000000000000000000e+00 0.000000000000000000e+00 0.000000000000000000e+00 1.000000000000000000e+00
8.059381842613220215e-01 5.847915410995483398e-01 -9.209940582513809204e-02 -4.777587484568357468e-03
-3.672229051589965820e-01 3.718189299106597900e-01 -8.525834083557128906e-01 2.560407221317291260e-01
-4.643392264842987061e-01 7.209503650665283203e-01 5.144119858741760254e-01 -1.098692715167999268e-01
0.000000000000000000e+00 0.000000000000000000e+00 0.000000000000000000e+00 1.000000000000000000e+00
8.299891352653503418e-01 5.524287223815917969e-01 -7.707131654024124146e-02 -1.447349227964878082e-02
-4.549112915992736816e-01 5.904713869094848633e-01 -6.666328907012939453e-01 2.162877023220062256e-01
-3.227587640285491943e-01 5.883588790893554688e-01 7.413913011550903320e-01 -1.804585009813308716e-01
0.000000000000000000e+00 0.000000000000000000e+00 0.000000000000000000e+00 1.000000000000000000e+00
8.321765065193176270e-01 5.513921380043029785e-01 -5.872783064842224121e-02 -2.111055329442024231e-02
-4.689951241016387939e-01 6.433759331703186035e-01 -6.050708293914794922e-01 1.985450685024261475e-01
-2.958472669124603271e-01 5.310685634613037109e-01 7.940027117729187012e-01 -1.969272047281265259e-01
0.000000000000000000e+00 0.000000000000000000e+00 0.000000000000000000e+00 1.000000000000000000e+00
8.539637327194213867e-01 5.179911851882934570e-01 -4.930453747510910034e-02 -2.403814531862735748e-02
-4.613257050514221191e-01 7.098878622055053711e-01 -5.322011113166809082e-01 1.761948615312576294e-01
-2.406747341156005859e-01 4.772257804870605469e-01 8.451811671257019043e-01 -2.134277969598770142e-01
0.000000000000000000e+00 0.000000000000000000e+00 0.000000000000000000e+00 1.000000000000000000e+00
8.690075874328613281e-01 4.946854412555694580e-01 -1.059747580438852310e-02 -3.364428877830505371e-02
-4.590263664722442627e-01 7.980004549026489258e-01 -3.904993534088134766e-01 1.352285891771316528e-01
-1.847176998853683472e-01 3.442113697528839111e-01 9.205421209335327148e-01 -2.365015447139739990e-01
0.000000000000000000e+00 0.000000000000000000e+00 0.000000000000000000e+00 1.000000000000000000e+00
8.769297003746032715e-01 4.803352057933807373e-01 -1.650548353791236877e-02 -3.026256337761878967e-02
-4.680798649787902832e-01 8.457542061805725098e-01 -2.561261057853698730e-01 9.795916080474853516e-02
-1.090669110417366028e-01 2.323305308818817139e-01 9.665024876594543457e-01 -2.523184418678283691e-01
0.000000000000000000e+00 0.000000000000000000e+00 0.000000000000000000e+00 1.000000000000000000e+00
8.795726299285888672e-01 4.756090044975280762e-01 -1.215617917478084564e-02 -2.797597087919712067e-02
-4.756451547145843506e-01 8.784927725791931152e-01 -4.485511407256126404e-02 3.829329088330268860e-02
-1.065439358353614807e-02 4.523536562919616699e-02 9.989194273948669434e-01 -2.659398615360260010e-01
0.000000000000000000e+00 0.000000000000000000e+00 0.000000000000000000e+00 1.000000000000000000e+00
8.878043293952941895e-01 4.601694643497467041e-01 -6.901740096509456635e-03 -2.758138068020343781e-02
-4.593392312526702881e-01 8.869313597679138184e-01 4.858322814106941223e-02 1.087373495101928711e-02
2.847789041697978973e-02 -3.996214270591735840e-02 9.987955093383789062e-01 -2.682887911796569824e-01
0.000000000000000000e+00 0.000000000000000000e+00 0.000000000000000000e+00 1.000000000000000000e+00
8.939163684844970703e-01 4.481593966484069824e-01 -8.155972696840763092e-03 -2.670566365122795105e-02
-4.418647885322570801e-01 8.841255307197570801e-01 1.519117802381515503e-01 -2.107948064804077148e-02
7.529162615537643433e-02 -1.321925669908523560e-01 9.883604049682617188e-01 -2.675607502460479736e-01
0.000000000000000000e+00 0.000000000000000000e+00 0.000000000000000000e+00 1.000000000000000000e+00
8.980780243873596191e-01 4.397686421871185303e-01 -7.694330066442489624e-03 -2.659488283097743988e-02
-4.232425391674041748e-01 8.688240647315979004e-01 2.569254040718078613e-01 -5.433775484561920166e-02
1.196728050708770752e-01 -2.274824976921081543e-01 9.664006829261779785e-01 -2.628869414329528809e-01
0.000000000000000000e+00 0.000000000000000000e+00 0.000000000000000000e+00 1.000000000000000000e+00
9.002654552459716797e-01 4.351556003093719482e-01 -1.269418932497501373e-02 -2.507224865257740021e-02
-3.994260430335998535e-01 8.372420668601989746e-01 3.734757304191589355e-01 -9.271743893623352051e-02
1.731482744216918945e-01 -3.311568498611450195e-01 9.275530576705932617e-01 -2.530273199081420898e-01
0.000000000000000000e+00 0.000000000000000000e+00 0.000000000000000000e+00 1.000000000000000000e+00
9.056006669998168945e-01 4.239335060119628906e-01 -1.292866282165050507e-02 -2.627302333712577820e-02
-3.713391721248626709e-01 8.072409033775329590e-01 4.587697386741638184e-01 -1.211000382900238037e-01
2.049246132373809814e-01 -4.106612503528594971e-01 8.884608745574951172e-01 -2.434456199407577515e-01
0.000000000000000000e+00 0.000000000000000000e+00 0.000000000000000000e+00 1.000000000000000000e+00
9.175770282745361328e-01 3.975560665130615234e-01 -1.500516314990818501e-03 -3.229798004031181335e-02
-3.314430415630340576e-01 7.670584321022033691e-01 5.493335127830505371e-01 -1.511029899120330811e-01
2.195418477058410645e-01 -5.035579800605773926e-01 8.356019854545593262e-01 -2.303061038255691528e-01
0.000000000000000000e+00 0.000000000000000000e+00 0.000000000000000000e+00 1.000000000000000000e+00
9.133933782577514648e-01 4.068572521209716797e-01 1.338711008429527283e-02 -3.790383785963058472e-02
-3.250032961368560791e-01 7.090401053428649902e-01 6.258075833320617676e-01 -1.748133450746536255e-01
2.451225817203521729e-01 -5.759594440460205078e-01 7.798625826835632324e-01 -2.169228792190551758e-01
0.000000000000000000e+00 0.000000000000000000e+00 0.000000000000000000e+00 1.000000000000000000e+00
9.183497428894042969e-01 3.945280909538269043e-01 3.133686259388923645e-02 -4.518374800682067871e-02
-2.925332486629486084e-01 6.233344078063964844e-01 7.251744866371154785e-01 -2.064764201641082764e-01
2.665686905384063721e-01 -6.751309633255004883e-01 6.878514885902404785e-01 -1.916664242744445801e-01
0.000000000000000000e+00 0.000000000000000000e+00 0.000000000000000000e+00 1.000000000000000000e+00
9.285450577735900879e-01 3.670902252197265625e-01 5.521078035235404968e-02 -5.389994382858276367e-02
-2.641212642192840576e-01 5.487998127937316895e-01 7.931321263313293457e-01 -2.283831685781478882e-01
2.608514130115509033e-01 -7.510412931442260742e-01 6.065418124198913574e-01 -1.667261868715286255e-01
0.000000000000000000e+00 0.000000000000000000e+00 0.000000000000000000e+00 1.000000000000000000e+00
9.367702603340148926e-01 3.464886248111724854e-01 4.905764013528823853e-02 -5.398322269320487976e-02
-2.211659401655197144e-01 4.775558114051818848e-01 8.503090143203735352e-01 -2.482504099607467651e-01
2.711946964263916016e-01 -8.073946237564086914e-01 5.239919424057006836e-01 -1.433222740888595581e-01
0.000000000000000000e+00 0.000000000000000000e+00 0.000000000000000000e+00 1.000000000000000000e+00
9.477168917655944824e-01 3.157398998737335205e-01 4.627094417810440063e-02 -5.669797584414482117e-02
-1.806533038616180420e-01 4.113170802593231201e-01 8.934105038642883301e-01 -2.629671096801757812e-01
2.630532979965209961e-01 -8.550593852996826172e-01 4.468517601490020752e-01 -1.218393221497535706e-01
0.000000000000000000e+00 0.000000000000000000e+00 0.000000000000000000e+00 1.000000000000000000e+00
9.598451852798461914e-01 2.782752811908721924e-01 3.549894317984580994e-02 -5.641027167439460754e-02
-1.349430233240127563e-01 3.470607995986938477e-01 9.280832409858703613e-01 -2.765113413333892822e-01
2.459422796964645386e-01 -8.956068158149719238e-01 3.706760108470916748e-01 -9.836715459823608398e-02
0.000000000000000000e+00 0.000000000000000000e+00 0.000000000000000000e+00 1.000000000000000000e+00
9.682357907295227051e-01 2.416329681873321533e-01 6.428723037242889404e-02 -6.723953783512115479e-02
-1.293399930000305176e-01 2.639733552932739258e-01 9.558184146881103516e-01 -2.893834412097930908e-01
2.139871418476104736e-01 -9.337726235389709473e-01 2.868413925170898438e-01 -6.796121597290039062e-02
0.000000000000000000e+00 0.000000000000000000e+00 0.000000000000000000e+00 1.000000000000000000e+00
9.772574305534362793e-01 2.073736935853958130e-01 4.431149736046791077e-02 -6.501670926809310913e-02
-7.744414359331130981e-02 1.544944345951080322e-01 9.849535226821899414e-01 -3.027148246765136719e-01
1.974076181650161743e-01 -9.659858345985412598e-01 1.670408099889755249e-01 -2.736361697316169739e-02
0.000000000000000000e+00 0.000000000000000000e+00 0.000000000000000000e+00 1.000000000000000000e+00
9.949158430099487305e-01 1.006823256611824036e-01 2.362023340538144112e-03 -5.434006452560424805e-02
-1.598805747926235199e-02 1.347465813159942627e-01 9.907512068748474121e-01 -3.059976994991302490e-01
9.943284839391708374e-02 -9.857516288757324219e-01 1.356712877750396729e-01 -1.663078926503658295e-02
0.000000000000000000e+00 0.000000000000000000e+00 0.000000000000000000e+00 1.000000000000000000e+00
9.957755208015441895e-01 9.066849946975708008e-02 -1.451871450990438461e-02 -5.043784156441688538e-02
-8.558046072721481323e-03 2.490670680999755859e-01 9.684482812881469727e-01 -3.010298013687133789e-01
9.142389893531799316e-02 -9.642323851585388184e-01 2.487907260656356812e-01 -5.351092666387557983e-02
0.000000000000000000e+00 0.000000000000000000e+00 0.000000000000000000e+00 1.000000000000000000e+00
9.980069994926452637e-01 2.909602597355842590e-02 -5.599874258041381836e-02 -3.592896088957786560e-02
4.522087052464485168e-02 2.892151176929473877e-01 9.561952948570251465e-01 -3.080761432647705078e-01
4.401715472340583801e-02 -9.568216204643249512e-01 2.873227596282958984e-01 -6.339943408966064453e-02
0.000000000000000000e+00 0.000000000000000000e+00 0.000000000000000000e+00 1.000000000000000000e+00
9.887560009956359863e-01 -4.987919703125953674e-02 -1.409715414047241211e-01 -3.319430863484740257e-03
1.493110507726669312e-01 2.776478826999664307e-01 9.490091800689697266e-01 -3.180084824562072754e-01
-8.195371367037296295e-03 -9.593869447708129883e-01 2.819735407829284668e-01 -5.927266180515289307e-02
0.000000000000000000e+00 0.000000000000000000e+00 0.000000000000000000e+00 1.000000000000000000e+00
9.677604436874389648e-01 -6.826623529195785522e-02 -2.424449622631072998e-01 3.112107701599597931e-02
2.518631219863891602e-01 2.538711428642272949e-01 9.338707327842712402e-01 -3.228442966938018799e-01
-2.202084986492991447e-03 -9.648259878158569336e-01 2.628800570964813232e-01 -5.166676640510559082e-02
0.000000000000000000e+00 0.000000000000000000e+00 0.000000000000000000e+00 1.000000000000000000e+00
9.740865230560302734e-01 -3.376007825136184692e-02 -2.236410826444625854e-01 2.297417446970939636e-02
2.235824167728424072e-01 2.930125296115875244e-01 9.295989871025085449e-01 -3.212525844573974609e-01
3.414630889892578125e-02 -9.555124044418334961e-01 2.929677069187164307e-01 -6.463492661714553833e-02
0.000000000000000000e+00 0.000000000000000000e+00 0.000000000000000000e+00 1.000000000000000000e+00
9.819768071174621582e-01 3.946197032928466797e-02 -1.848368346691131592e-01 6.661874242126941681e-03
1.613517850637435913e-01 3.342508971691131592e-01 9.285698533058166504e-01 -3.179948627948760986e-01
9.842504560947418213e-02 -9.416575431823730469e-01 3.218592405319213867e-01 -8.022820949554443359e-02
0.000000000000000000e+00 0.000000000000000000e+00 0.000000000000000000e+00 1.000000000000000000e+00
9.866436719894409180e-01 1.218626946210861206e-01 -1.080942898988723755e-01 -2.142082154750823975e-02
5.569094792008399963e-02 3.712487816810607910e-01 9.268617630004882812e-01 -3.114488422870635986e-01
1.530796885490417480e-01 -9.205016493797302246e-01 3.595034778118133545e-01 -9.978327155113220215e-02
0.000000000000000000e+00 0.000000000000000000e+00 0.000000000000000000e+00 1.000000000000000000e+00
9.782295823097229004e-01 2.059239745140075684e-01 -2.573396079242229462e-02 -5.044832080602645874e-02
-4.031568765640258789e-02 3.102135956287384033e-01 9.498113989830017090e-01 -3.134898245334625244e-01
2.035720050334930420e-01 -9.280962944030761719e-01 3.117621541023254395e-01 -8.873017877340316772e-02
0.000000000000000000e+00 0.000000000000000000e+00 0.000000000000000000e+00 1.000000000000000000e+00
9.250957369804382324e-01 3.687159121036529541e-01 9.080737084150314331e-02 -8.723726868629455566e-02
-2.197642177343368530e-01 3.248319923877716064e-01 9.198843836784362793e-01 -2.941083908081054688e-01
3.096791505813598633e-01 -8.709377050399780273e-01 3.815314769744873047e-01 -1.210266798734664917e-01
0.000000000000000000e+00 0.000000000000000000e+00 0.000000000000000000e+00 1.000000000000000000e+00
8.742073774337768555e-01 4.773029386997222900e-01 8.912729471921920776e-02 -8.433539420366287231e-02
-2.809932231903076172e-01 3.476159274578094482e-01 8.945423364639282227e-01 -2.815769612789154053e-01
3.959858119487762451e-01 -8.070597052574157715e-01 4.380073547363281250e-01 -1.482591629028320312e-01
0.000000000000000000e+00 0.000000000000000000e+00 0.000000000000000000e+00 1.000000000000000000e+00
8.354944586753845215e-01 5.461730957031250000e-01 6.036545336246490479e-02 -7.336179912090301514e-02
-3.345544040203094482e-01 4.184525609016418457e-01 8.443759679794311523e-01 -2.621811628341674805e-01
4.359152615070343018e-01 -7.256669402122497559e-01 5.323393344879150391e-01 -1.833375692367553711e-01
0.000000000000000000e+00 0.000000000000000000e+00 0.000000000000000000e+00 1.000000000000000000e+00
8.029558062553405762e-01 5.944044589996337891e-01 4.410554096102714539e-02 -6.607381999492645264e-02
-4.212458133697509766e-01 5.135754346847534180e-01 7.475237250328063965e-01 -2.244829386472702026e-01
4.216800332069396973e-01 -6.188076138496398926e-01 6.627689003944396973e-01 -2.261644303798675537e-01
0.000000000000000000e+00 0.000000000000000000e+00 0.000000000000000000e+00 1.000000000000000000e+00
7.772443890571594238e-01 6.287531256675720215e-01 2.368765696883201599e-02 -5.802062526345252991e-02
-5.028347373008728027e-01 5.980769991874694824e-01 6.240683794021606445e-01 -1.780749559402465820e-01
3.782175779342651367e-01 -4.969643354415893555e-01 7.810107469558715820e-01 -2.622810304164886475e-01
0.000000000000000000e+00 0.000000000000000000e+00 0.000000000000000000e+00 1.000000000000000000e+00
7.537943124771118164e-01 6.569476127624511719e-01 1.463119685649871826e-02 -5.374749749898910522e-02
-5.631273388862609863e-01 6.343476772308349609e-01 5.296133756637573242e-01 -1.428491324186325073e-01
3.386471271514892578e-01 -4.074586331844329834e-01 8.481131792068481445e-01 -2.823297381401062012e-01
0.000000000000000000e+00 0.000000000000000000e+00 0.000000000000000000e+00 1.000000000000000000e+00
6.513025164604187012e-01 7.586959004402160645e-01 1.362841203808784485e-02 -4.646134376525878906e-02
-6.760928034782409668e-01 5.720501542091369629e-01 4.643880426883697510e-01 -1.129011362791061401e-01
3.445331752300262451e-01 -3.116711080074310303e-01 8.855270147323608398e-01 -2.967209517955780029e-01
0.000000000000000000e+00 0.000000000000000000e+00 0.000000000000000000e+00 1.000000000000000000e+00
5.840590000152587891e-01 8.112345337867736816e-01 -2.782003767788410187e-02 -2.804257161915302277e-02
-7.396381497383117676e-01 5.460054874420166016e-01 3.934628963470458984e-01 -8.456308394670486450e-02
3.343808054924011230e-01 -2.092286795377731323e-01 9.189192652702331543e-01 -3.086112439632415771e-01
0.000000000000000000e+00 0.000000000000000000e+00 0.000000000000000000e+00 1.000000000000000000e+00
5.415154099464416504e-01 8.386014699935913086e-01 -5.923235416412353516e-02 -1.357858069241046906e-02
-7.799321413040161133e-01 5.274290442466735840e-01 3.369333446025848389e-01 -6.191034615039825439e-02
3.137937784194946289e-01 -1.362574398517608643e-01 9.396637082099914551e-01 -3.145213127136230469e-01
0.000000000000000000e+00 0.000000000000000000e+00 0.000000000000000000e+00 1.000000000000000000e+00
5.051416158676147461e-01 8.547415137290954590e-01 -1.193679869174957275e-01 9.802984073758125305e-03
-8.168246746063232422e-01 5.181504487991333008e-01 2.536087632179260254e-01 -3.111524693667888641e-02
2.786203324794769287e-01 -3.060556016862392426e-02 9.599133133888244629e-01 -3.196889162063598633e-01
0.000000000000000000e+00 0.000000000000000000e+00 0.000000000000000000e+00 1.000000000000000000e+00
4.383367598056793213e-01 8.826920390129089355e-01 -1.694561839103698730e-01 3.247579187154769897e-02
-8.587107658386230469e-01 4.669560790061950684e-01 2.111097127199172974e-01 -1.367728039622306824e-02
2.654734849929809570e-01 5.297678336501121521e-02 9.626616835594177246e-01 -3.199777901172637939e-01
0.000000000000000000e+00 0.000000000000000000e+00 0.000000000000000000e+00 1.000000000000000000e+00
3.565548062324523926e-01 8.963508605957031250e-01 -2.634843885898590088e-01 7.037854939699172974e-02
-8.928689956665039062e-01 4.099484682083129883e-01 1.863520741462707520e-01 -2.783929929137229919e-03
2.750517427921295166e-01 1.688122898340225220e-01 9.464927315711975098e-01 -3.149225115776062012e-01
0.000000000000000000e+00 0.000000000000000000e+00 0.000000000000000000e+00 1.000000000000000000e+00
2.932612001895904541e-01 8.852845430374145508e-01 -3.609273433685302734e-01 1.074047386646270752e-01
-9.132159352302551270e-01 3.711133003234863281e-01 1.682608127593994141e-01 4.911350551992654800e-03
2.829036116600036621e-01 2.802603244781494141e-01 9.172892570495605469e-01 -3.060693442821502686e-01
0.000000000000000000e+00 0.000000000000000000e+00 0.000000000000000000e+00 1.000000000000000000e+00
2.706114947795867920e-01 8.524104356765747070e-01 -4.473984539508819580e-01 1.369077414274215698e-01
-9.322008490562438965e-01 3.480560183525085449e-01 9.929023683071136475e-02 2.954301983118057251e-02
2.403557598590850830e-01 3.901962935924530029e-01 8.888061642646789551e-01 -2.931701838970184326e-01
0.000000000000000000e+00 0.000000000000000000e+00 0.000000000000000000e+00 1.000000000000000000e+00
1.753792762756347656e-01 7.736711502075195312e-01 -6.088314652442932129e-01 1.961055994033813477e-01
-9.616509079933166504e-01 2.670867741107940674e-01 6.238804012537002563e-02 4.221454262733459473e-02
2.108787298202514648e-01 5.745414495468139648e-01 7.908430695533752441e-01 -2.587601244449615479e-01
0.000000000000000000e+00 0.000000000000000000e+00 0.000000000000000000e+00 1.000000000000000000e+00
1.343589425086975098e-01 6.742956042289733887e-01 -7.261359691619873047e-01 2.373544424772262573e-01
-9.733672738075256348e-01 2.271658778190612793e-01 3.084316477179527283e-02 5.317295715212821960e-02
1.857506632804870605e-01 7.026530504226684570e-01 6.868591308593750000e-01 -2.239613234996795654e-01
0.000000000000000000e+00 0.000000000000000000e+00 0.000000000000000000e+00 1.000000000000000000e+00
1.090363860130310059e-01 5.764086842536926270e-01 -8.098539113998413086e-01 2.657337784767150879e-01
-9.831008911132812500e-01 1.830522716045379639e-01 -2.075461903586983681e-03 6.415721774101257324e-02
1.470493674278259277e-01 7.963947653770446777e-01 5.866274833679199219e-01 -1.891869306564331055e-01
0.000000000000000000e+00 0.000000000000000000e+00 0.000000000000000000e+00 1.000000000000000000e+00
7.968108355998992920e-02 5.033609867095947266e-01 -8.603944778442382812e-01 2.842706739902496338e-01
-9.905756115913391113e-01 1.364474296569824219e-01 -1.191051304340362549e-02 6.848848611116409302e-02
1.114033013582229614e-01 8.532348275184631348e-01 5.094894766807556152e-01 -1.619589030742645264e-01
0.000000000000000000e+00 0.000000000000000000e+00 0.000000000000000000e+00 1.000000000000000000e+00
1.561610698699951172e-01 5.189520716667175293e-01 -8.404182791709899902e-01 2.709707617759704590e-01
-9.874536991119384766e-01 1.022017225623130798e-01 -1.203733533620834351e-01 1.029739752411842346e-01
2.342416904866695404e-02 8.486714959144592285e-01 5.284011363983154297e-01 -1.611238270998001099e-01
0.000000000000000000e+00 0.000000000000000000e+00 0.000000000000000000e+00 1.000000000000000000e+00
2.646417617797851562e-01 5.781120657920837402e-01 -7.718490362167358398e-01 2.411570101976394653e-01
-9.594417214393615723e-01 7.721634954214096069e-02 -2.711263298988342285e-01 1.497904956340789795e-01
-9.714194387197494507e-02 8.122957944869995117e-01 5.750994086265563965e-01 -1.660889238119125366e-01
0.000000000000000000e+00 0.000000000000000000e+00 0.000000000000000000e+00 1.000000000000000000e+00
3.179143071174621582e-01 6.236782670021057129e-01 -7.141123414039611816e-01 2.196364700794219971e-01
-9.299585819244384766e-01 5.840798094868659973e-02 -3.629951775074005127e-01 1.765557676553726196e-01
-1.846822649240493774e-01 7.794962525367736816e-01 5.985636115074157715e-01 -1.667769253253936768e-01
0.000000000000000000e+00 0.000000000000000000e+00 0.000000000000000000e+00 1.000000000000000000e+00
3.618994951248168945e-01 6.477603316307067871e-01 -6.703994274139404297e-01 2.026231884956359863e-01
-8.902891278266906738e-01 2.690994739532470703e-02 -4.546004235744476318e-01 2.018843144178390503e-01
-2.764316499233245850e-01 7.613690495491027832e-01 5.864327549934387207e-01 -1.558420956134796143e-01
0.000000000000000000e+00 0.000000000000000000e+00 0.000000000000000000e+00 1.000000000000000000e+00
4.213073551654815674e-01 6.394895911216735840e-01 -6.430810689926147461e-01 1.886450350284576416e-01
-8.394806385040283203e-01 6.664432119578123093e-03 -5.433490276336669922e-01 2.254398167133331299e-01
-3.431802392005920410e-01 7.687709927558898926e-01 5.396466851234436035e-01 -1.344944238662719727e-01
0.000000000000000000e+00 0.000000000000000000e+00 0.000000000000000000e+00 1.000000000000000000e+00
5.161958336830139160e-01 6.429750323295593262e-01 -5.657958984375000000e-01 1.583712399005889893e-01
-7.351086139678955078e-01 -6.382549181580543518e-03 -6.779194474220275879e-01 2.573717832565307617e-01
-4.394962787628173828e-01 7.658607363700866699e-01 4.693617224693298340e-01 -1.017129346728324890e-01
0.000000000000000000e+00 0.000000000000000000e+00 0.000000000000000000e+00 1.000000000000000000e+00
6.185898184776306152e-01 6.852663755416870117e-01 -3.843905329704284668e-01 9.391190111637115479e-02
-5.828655362129211426e-01 7.215431332588195801e-02 -8.093583583831787109e-01 2.897771000862121582e-01
-5.268911719322204590e-01 7.247086763381958008e-01 4.440523087978363037e-01 -8.578670769929885864e-02
0.000000000000000000e+00 0.000000000000000000e+00 0.000000000000000000e+00 1.000000000000000000e+00
6.307765841484069824e-01 7.274268269538879395e-01 -2.701320350170135498e-01 6.068625301122665405e-02
-4.951790869235992432e-01 1.093231439590454102e-01 -8.618853092193603516e-01 3.001309633255004883e-01
-5.974266529083251953e-01 6.774207949638366699e-01 4.291650652885437012e-01 -7.656063139438629150e-02
0.000000000000000000e+00 0.000000000000000000e+00 0.000000000000000000e+00 1.000000000000000000e+00
5.994407534599304199e-01 7.778338193893432617e-01 -1.887996196746826172e-01 4.168403148651123047e-02
-3.910492360591888428e-01 7.878701388835906982e-02 -9.169913530349731445e-01 3.107203245162963867e-01
-6.983921527862548828e-01 6.235119700431823730e-01 3.513994216918945312e-01 -5.019072070717811584e-02
0.000000000000000000e+00 0.000000000000000000e+00 0.000000000000000000e+00 1.000000000000000000e+00
4.341613948345184326e-01 8.992881774902343750e-01 -5.276883393526077271e-02 1.545033510774374008e-02
-2.202899754047393799e-01 4.918815195560455322e-02 -9.741933345794677734e-01 3.185235261917114258e-01
-8.734851479530334473e-01 4.345815777778625488e-01 2.194597721099853516e-01 -8.675904944539070129e-03
0.000000000000000000e+00 0.000000000000000000e+00 0.000000000000000000e+00 1.000000000000000000e+00
3.041653931140899658e-01 9.481416344642639160e-01 9.225406497716903687e-02 -2.533109672367572784e-02
-2.694103717803955078e-01 1.785057485103607178e-01 -9.463369250297546387e-01 3.195047378540039062e-01
-9.137293696403503418e-01 2.629887461662292480e-01 3.097347021102905273e-01 -4.251299425959587097e-02
0.000000000000000000e+00 0.000000000000000000e+00 0.000000000000000000e+00 1.000000000000000000e+00
3.130973875522613525e-01 9.495056271553039551e-01 -2.021732181310653687e-02 1.253272406756877899e-02
-3.759894967079162598e-01 1.043772548437118530e-01 -9.207267165184020996e-01 3.132936656475067139e-01
-8.721247911453247070e-01 2.958785891532897949e-01 3.896845579147338867e-01 -6.725374609231948853e-02
0.000000000000000000e+00 0.000000000000000000e+00 0.000000000000000000e+00 1.000000000000000000e+00
2.806954979896545410e-01 9.592171907424926758e-01 -3.334696218371391296e-02 2.293303050100803375e-02
-4.634294807910919189e-01 1.050241664052009583e-01 -8.798879981040954590e-01 3.037093281745910645e-01
-8.405014872550964355e-01 2.624344527721405029e-01 4.740094542503356934e-01 -9.707216173410415649e-02
0.000000000000000000e+00 0.000000000000000000e+00 0.000000000000000000e+00 1.000000000000000000e+00
1.720555424690246582e-01 9.835581779479980469e-01 -5.486409366130828857e-02 3.400076180696487427e-02
-4.847462475299835205e-01 3.604966402053833008e-02 -8.739117980003356934e-01 3.018763363361358643e-01
-8.575650453567504883e-01 1.769564151763916016e-01 4.829787611961364746e-01 -1.014256626367568970e-01
