0.6215853691101074 0.773314356803894 -0.1249667257070541 0.05111662670969963 
-0.5120863914489746 0.5218586921691895 0.6822249293327332 -0.1620587557554245 
0.5927890539169312 -0.3600672483444214 0.7203832268714905 -0.1825195848941803 
0 0 0 1 

0.6242089867591858 0.766266405582428 -0.1523116528987885 0.05779894441366196 
-0.5694995522499084 0.5797484517097473 0.5827194452285767 -0.1288840621709824 
0.5348208546638489 -0.276997298002243 0.7982726097106934 -0.1986545771360397 
0 0 0 1 

0.6125645041465759 0.7792131304740906 -0.1326332688331604 0.04909689724445343 
-0.6608662605285645 0.5969528555870056 0.4548658728599548 -0.09312726557254791 
0.4336133301258087 -0.1909817904233932 0.8806278705596924 -0.2153235524892807 
0 0 0 1 

0.8528546690940857 0.4883454442024231 0.1848167777061462 -0.1163549348711967 
-0.5220075249671936 0.8056397438049316 0.2800935506820679 -0.08854120224714279 
-0.01211314089596272 -0.3353548943996429 0.9420139193534851 -0.2726754248142242 
0 0 0 1 

0.8625856637954712 0.4874012172222137 0.1355947554111481 -0.1044625714421272 
-0.5007071495056152 0.7841354012489319 0.3666385412216187 -0.1188701093196869 
0.07237549871206284 -0.3841504454612732 0.9204293489456177 -0.2712329030036926 
0 0 0 1 

0.877643346786499 0.47059366106987 0.09101440757513046 -0.09406550973653793 
-0.4580585360527039 0.7675449252128601 0.4483935534954071 -0.1501371115446091 
0.1411537230014801 -0.4352195560932159 0.8891903162002563 -0.267291247844696 
0 0 0 1 

0.8974995017051697 0.4393686950206757 0.03807514905929565 -0.08030175417661667 
-0.3872526586055756 0.7438353300094604 0.5447421073913574 -0.1874216347932816 
0.2110211402177811 -0.5036504864692688 0.8377386927604675 -0.2620535790920258 
0 0 0 1 

0.9313911199569702 0.3635876476764679 0.01773590222001076 -0.07499686628580093 
-0.2967131435871124 0.730050802230835 0.6156191229820251 -0.2140282690525055 
0.2108834832906723 -0.5786446332931519 0.7878441214561462 -0.2559201717376709 
0 0 0 1 

0.9500961899757385 0.3078191876411438 -0.05064041167497635 -0.05349282920360565 
-0.1953389793634415 0.7136010527610779 0.6727672815322876 -0.2372274547815323 
0.2432278841733932 -0.6293016076087952 0.7381188273429871 -0.2506968677043915 
0 0 0 1 

0.9489559531211853 0.3071561753749847 -0.0716785192489624 -0.0465269424021244 
-0.1781094521284103 0.7094041109085083 0.6819258332252502 -0.2396569848060608 
0.2603069841861725 -0.6343510150909424 0.7279007434844971 -0.2507224380970001 
0 0 0 1 

