-0.3808177709579468 0.03813405707478523 0.9238632917404175 -0.2557047307491302 
-0.9110313057899475 -0.1863261610269547 -0.3678374588489532 0.1572879105806351 
0.1581128090620041 -0.9817475080490112 0.1056977361440659 -0.04073379933834076 
0 0 0 1 

-0.4013006985187531 -0.09181403368711472 0.9113328456878662 -0.2503565549850464 
-0.9106736183166504 -0.06660820543766022 -0.4077211916446686 0.1690381318330765 
0.09813697636127472 -0.9935457706451416 -0.05688253417611122 0.01254001259803772 
0 0 0 1 

-0.3981145918369293 -0.3055464327335358 0.86495441198349 -0.2374627888202667 
-0.9140571355819702 0.05248267203569412 -0.4021756052970886 0.1688629984855652 
0.07748822122812271 -0.9507296085357666 -0.3001808822154999 0.08646012097597122 
0 0 0 1 

-0.06446041166782379 -0.502704918384552 0.8620513081550598 -0.2700519859790802 
-0.9936750531196594 0.1119296103715897 -0.009031100198626518 0.06109881773591042 
-0.09194904565811157 -0.8571810722351074 -0.5067403316497803 0.1621482372283936 
0 0 0 1 

-0.09777213633060455 -0.4774565994739532 0.873198390007019 -0.271416574716568 
-0.995150089263916 0.0564221665263176 -0.08057613670825958 0.08311796933412552 
-0.01079605519771576 -0.8768417835235596 -0.4806574583053589 0.1486396044492722 
0 0 0 1 

-0.1162993088364601 -0.4719012081623077 0.8739470839500427 -0.2709541022777557 
-0.9899003505706787 -0.01674607768654823 -0.1407720744609833 0.1010146215558052 
0.08106579631567001 -0.8814922571182251 -0.4651875197887421 0.1377125978469849 
0 0 0 1 

-0.1285308450460434 -0.4410148561000824 0.8882486820220947 -0.2742204368114471 
-0.9679760932922363 -0.1389719694852829 -0.2090669870376587 0.1214516013860703 
0.2156433463096619 -0.8866751194000244 -0.409029632806778 0.1120719909667969 
0 0 0 1 

-0.1517684906721115 -0.2132003307342529 0.9651485085487366 -0.2955552339553833 
-0.963843822479248 -0.1844509541988373 -0.1923085451126099 0.1151449605822563 
0.2190230786800385 -0.9594389200210571 -0.1774977892637253 0.03680840879678726 
0 0 0 1 

-0.1550840884447098 -0.1550587862730026 0.9756564497947693 -0.3024825751781464 
-0.9455358386039734 -0.2628166675567627 -0.1920652389526367 0.1204201057553291 
0.2862004041671753 -0.952304482460022 -0.105854831635952 0.009929472580552101 
0 0 0 1 

-0.1633648872375488 -0.1763660311698914 0.9706733226776123 -0.3001756072044373 
-0.9327340126037598 -0.2929505705833435 -0.2102072983980179 0.1246782466769218 
0.3214329481124878 -0.9397205710411072 -0.1166446134448051 0.01030380558222532 
0 0 0 1 

