-0.09257713705301285 0.8632525205612183 -0.4962100088596344 0.1824454367160797 
-0.9910432100296021 -0.03171690553426743 0.1297198385000229 -0.0007200128166005015 
0.09624271094799042 0.5037747025489807 0.8584569692611694 -0.2600550353527069 
0 0 0 1 

-0.1642922163009644 0.8402231931686401 -0.5167526006698608 0.190875768661499 
-0.9783037304878235 -0.07176262885332108 0.1943503469228745 -0.02356134727597237 
0.1262141466140747 0.5374711751937866 0.8337833881378174 -0.2532316744327545 
0 0 0 1 

-0.1262920349836349 0.7741758227348328 -0.6202436685562134 0.2172123640775681 
-0.9918111562728882 -0.1105189770460129 0.06400185823440552 0.01815851032733917 
-0.01899994537234306 0.623247504234314 0.7817938327789307 -0.2296436429023743 
0 0 0 1 

-0.08759764581918716 0.6861715912818909 -0.7221463322639465 0.2401052564382553 
-0.9949836134910583 -0.02510698884725571 0.09683708846569061 0.01098895724862814 
0.04831597581505775 0.7270064353942871 0.6849286556243896 -0.2090207636356354 
0 0 0 1 

-0.06368128955364227 0.5124759674072266 -0.8563369512557983 0.2785102725028992 
-0.9852122664451599 0.1044839769601822 0.1357936859130859 -0.0008469134336337447 
0.1590644717216492 0.8523212075233459 0.4982439577579498 -0.1514117866754532 
0 0 0 1 

-0.1226881071925163 0.3715977370738983 -0.9202514290809631 0.2966331243515015 
-0.9859264492988586 0.06046811491250992 0.155860960483551 -0.01107084378600121 
0.1135634183883667 0.9264225363731384 0.3589493632316589 -0.1030222326517105 
0 0 0 1 

-0.1929971724748611 0.2705335915088654 -0.9431667327880859 0.3054386079311371 
-0.9749834537506104 0.0551498606801033 0.2153266817331314 -0.03040475957095623 
0.1102685704827309 0.9611294865608215 0.2531221508979797 -0.07010456919670105 
0 0 0 1 

-0.2736508250236511 0.1372139006853104 -0.9519912004470825 0.3113583922386169 
-0.9599871635437012 0.02225805073976517 0.2791575491428375 -0.05098368227481842 
0.05949361622333527 0.9902911782264709 0.1256328374147415 -0.02712027728557587 
0 0 0 1 

-0.3194272220134735 -0.1021931320428848 -0.942084014415741 0.3144988417625427 
-0.9475902915000916 0.02796382084488869 0.3182611465454102 -0.06133805215358734 
-0.006179971620440483 0.994371235370636 -0.1057693958282471 0.05004554614424706 
0 0 0 1 

-0.3076748549938202 -0.1300703287124634 -0.9425590038299561 0.3138876855373383 
-0.9512803554534912 0.02119462564587593 0.307597279548645 -0.05771524459123611 
-0.02003222331404686 0.9912779331207275 -0.1302542239427567 0.05829674750566483 
0 0 0 1 

