1 0 0 -0.01792658120393753 
0 1 0 0.02243540808558464 
0 0 1 -0.3816788792610168 
0 0 0 1 

0.999328076839447 0.03383150324225426 0.01409729942679405 -0.02000531926751137 
-0.03385690972208977 0.9994254112243652 0.001567526487633586 0.01892779022455215 
-0.01403616555035114 -0.002043781103566289 0.9998993873596191 -0.3678425550460815 
0 0 0 1 

0.7627121210098267 0.6458325386047363 -0.03421040996909142 -0.02725512906908989 
-0.6429136991500854 0.7513965964317322 -0.1485427916049957 0.05836568027734756 
-0.070228211581707 0.13528972864151 0.9883140325546265 -0.2775093913078308 
0 0 0 1 

0.787080705165863 0.6161811947822571 0.02871374785900116 -0.05061025172472 
-0.6137052178382874 0.7869136929512024 -0.06428446620702744 0.03046895191073418 
-0.06220613420009613 0.03297526761889458 0.9975184202194214 -0.2836250364780426 
0 0 0 1 

0.8118143081665039 0.5791295170783997 0.07460738718509674 -0.06849745661020279 
-0.5814877152442932 0.8134520053863525 0.01294721383601427 0.004106728360056877 
-0.0531914047896862 -0.0538940392434597 0.9971289038658142 -0.2874205410480499 
0 0 0 1 

0.8406049013137817 0.5333064198493958 0.09469662606716156 -0.0790814608335495 
-0.5411763787269592 0.8342352509498596 0.1057326644659042 -0.02741234935820103 
-0.02261131070554256 -0.1401270031929016 0.989875316619873 -0.2893345952033997 
0 0 0 1 

0.8499311804771423 0.5199646353721619 0.08516840636730194 -0.07974736392498016 
-0.525795042514801 0.8265728354454041 0.2007902711629868 -0.06049689650535583 
0.03400600329041481 -0.215439036488533 0.9759249687194824 -0.2891718745231628 
0 0 0 1 

0.9826273918151855 0.184792771935463 0.0171763151884079 -0.0257325004786253 
-0.1836657971143723 0.9815596342086792 -0.05298540741205215 0.002021671971306205 
-0.02665091678500175 0.04891020059585571 0.9984475374221802 -0.2326284348964691 
0 0 0 1 

0.9482254981994629 -0.02690734528005123 0.3164556920528412 -0.04108810424804688 
-0.02851936407387257 0.9851654171943665 0.1692207902669907 -0.04212970659136772 
-0.3163144886493683 -0.1694845706224442 0.9333916306495667 -0.2046562433242798 
0 0 0 1 

0.9512781500816345 -0.06101411581039429 0.3022369146347046 -0.05570783466100693 
0.01580597274005413 0.9885866045951843 0.149822324514389 -0.02634129859507084 
-0.3079286217689514 -0.1377455592155457 0.9413852095603943 -0.1939502507448196 
0 0 0 1 

