0.5187591910362244 0.1376380920410156 -0.8437680006027222 0.3346376121044159 
-0.07320581376552582 0.9904817342758179 0.116562619805336 -0.01157390046864748 
0.8517802953720093 0.001300816773436964 0.5238974690437317 -0.190819263458252 
0 0 0 1 

0.5056937336921692 0.1324175000190735 -0.8524901270866394 0.3380419313907623 
-0.0692291334271431 0.9911921620368958 0.112895667552948 -0.006050267722457647 
0.8599309325218201 0.001926526194438338 0.5104067921638489 -0.176896259188652 
0 0 0 1 

0.5266703963279724 0.1319132596254349 -0.8397720456123352 0.333563506603241 
-0.08322017639875412 0.9911419749259949 0.1034985184669495 -0.0009672049200162292 
0.8459861874580383 0.0153763871639967 0.5329830050468445 -0.1747299432754517 
0 0 0 1 

0.5363284349441528 0.1434612721204758 -0.8317275047302246 0.3324001431465149 
-0.1039476841688156 0.9891734719276428 0.1035891994833946 0.000332684488967061 
0.8375837802886963 0.0308983288705349 0.545434296131134 -0.1698439568281174 
0 0 0 1 

0.5471630096435547 0.1450308710336685 -0.824365496635437 0.3313646912574768 
-0.1262329369783401 0.9879079461097717 0.09001731127500534 0.007577809970825911 
0.8274524807929993 0.05480797216296196 0.558854341506958 -0.164866179227829 
0 0 0 1 

0.5402712821960449 0.1519406884908676 -0.8276598453521729 0.3348781764507294 
-0.1525786370038986 0.9849485158920288 0.08121681958436966 0.01377805601805449 
0.8275424838066101 0.08240412175655365 0.5553222894668579 -0.1549377739429474 
0 0 0 1 

0.542741060256958 0.1621966958045959 -0.8240899443626404 0.336832731962204 
-0.1538721919059753 0.9837716817855835 0.09228575229644775 0.01341327559202909 
0.8256847858428955 0.07671727240085602 0.5588908195495605 -0.1514566242694855 
0 0 0 1 

0.5495343208312988 0.1838203519582748 -0.8149980306625366 0.3381356000900269 
-0.1834676414728165 0.9782352447509766 0.09693003445863724 0.01434238161891699 
0.8150774836540222 0.09625945240259171 0.5712989568710327 -0.151124969124794 
0 0 0 1 

0.5568650364875793 0.1914980411529541 -0.8082261085510254 0.34000563621521 
-0.1946072578430176 0.9760554432868958 0.09717915207147598 0.01720830425620079 
0.8074830770492554 0.1031710803508759 0.5807980895042419 -0.1501605808734894 
0 0 0 1 

0.4752928018569946 0.206958681344986 -0.8551406860351562 0.3600933253765106 
-0.2193966805934906 0.9691162109375 0.1126006245613098 0.0128779849037528 
0.8520340323448181 0.1340966820716858 0.5060199499130249 -0.1111804991960526 
0 0 0 1 

