-0.1921718418598175 -0.8012096881866455 -0.5666857957839966 0.1844073683023453 
-0.950766384601593 0.008940558880567551 0.309779167175293 -0.05852916836738586 
-0.2431316673755646 0.5983167290687561 -0.7634812593460083 0.2703146636486053 
0 0 0 1 

-0.1893457472324371 -0.8037528395652771 -0.5640294551849365 0.182391032576561 
-0.9701849818229675 0.06463469564914703 0.2335877269506454 -0.03484555333852768 
-0.1512910127639771 0.5914418697357178 -0.7920271754264832 0.2744976282119751 
0 0 0 1 

-0.1002973690629005 -0.8049467802047729 -0.5848086476325989 0.1814680993556976 
-0.9905747175216675 0.02567688934504986 0.1345455944538116 -0.001604611170478165 
-0.09328597784042358 0.5927911996841431 -0.7999352216720581 0.2733059823513031 
0 0 0 1 

0.01891458407044411 -0.8095758557319641 -0.5867102742195129 0.1718719005584717 
-0.9994598627090454 -0.03108024410903454 0.01066564489156008 0.04033316299319267 
-0.02686978876590729 0.586191713809967 -0.8097265362739563 0.2719111144542694 
0 0 0 1 

0.06138460710644722 -0.8070557713508606 -0.5872757434844971 0.1683329492807388 
-0.9938637018203735 0.004819667898118496 -0.1105061918497086 0.07870759069919586 
0.09201513230800629 0.5904554724693298 -0.8018075823783875 0.2616037428379059 
0 0 0 1 

0.04352445527911186 -0.8191003799438477 -0.5719966888427734 0.1671723425388336 
-0.9811139702796936 0.07296491414308548 -0.1791409105062485 0.09255281835794449 
0.1884700655937195 0.56899094581604 -0.8004550337791443 0.2572263479232788 
0 0 0 1 

-0.03237327933311462 -0.8187640905380249 -0.573216438293457 0.1766417026519775 
-0.9942553043365479 0.08492282778024673 -0.06514858454465866 0.05604444071650505 
0.1020204201340675 0.5678144693374634 -0.8168097734451294 0.2768263518810272 
0 0 0 1 

-0.0589059516787529 -0.8057419657707214 -0.5893303155899048 0.1823551654815674 
-0.9934766888618469 -0.01042795274406672 0.1135588586330414 2.77602048299741e-05 
-0.09764454513788223 0.5921751856803894 -0.799871563911438 0.2895758450031281 
0 0 0 1 

0.109233945608139 -0.7796767354011536 -0.6165809631347656 0.1781585663557053 
-0.9874999523162842 -0.156026154756546 0.02235162258148193 0.02864814549684525 
-0.1136298328638077 0.6064321398735046 -0.7869740724563599 0.2895074188709259 
0 0 0 1 

0.2603525519371033 -0.6645131707191467 -0.700456440448761 0.178089365363121 
-0.9336031675338745 -0.3582376539707184 -0.007156164851039648 0.03501295670866966 
-0.2461743205785751 0.6558111906051636 -0.7136600017547607 0.2699797451496124 
0 0 0 1 

