1.000000000000000000e+00 0.000000000000000000e+00 0.000000000000000000e+00 -3.619798645377159119e-02
0.000000000000000000e+00 1.000000000000000000e+00 0.000000000000000000e+00 -1.327119767665863037e-03
0.000000000000000000e+00 0.000000000000000000e+00 1.000000000000000000e+00 -2.960163652896881104e-01
0.000000000000000000e+00 0.000000000000000000e+00 0.000000000000000000e+00 1.000000000000000000e+00
9.907432198524475098e-01 1.353271752595901489e-01 1.067864429205656052e-02 -4.259842634201049805e-02
-1.345508843660354614e-01 9.893879294395446777e-01 -5.484262853860855103e-02 2.713902667164802551e-02
-1.798705756664276123e-02 5.289813503623008728e-02 9.984378218650817871e-01 -2.969730496406555176e-01
0.000000000000000000e+00 0.000000000000000000e+00 0.000000000000000000e+00 1.000000000000000000e+00
9.716682434082031250e-01 2.340136170387268066e-01 3.313799202442169189e-02 -4.988649114966392517e-02
-2.296465188264846802e-01 9.679419994354248047e-01 -1.017363518476486206e-01 5.183601751923561096e-02
-5.588343739509582520e-02 9.124395996332168579e-02 9.942594170570373535e-01 -2.946740984916687012e-01
0.000000000000000000e+00 0.000000000000000000e+00 0.000000000000000000e+00 1.000000000000000000e+00
9.428676366806030273e-01 3.318558335304260254e-01 2.953361533582210541e-02 -4.765002056956291199e-02
-3.245269954204559326e-01 9.348568916320800781e-01 -1.439611017704010010e-01 7.365733385086059570e-02
-7.538411766290664673e-02 1.261518299579620361e-01 9.891427755355834961e-01 -2.918772399425506592e-01
0.000000000000000000e+00 0.000000000000000000e+00 0.000000000000000000e+00 1.000000000000000000e+00
8.964698910713195801e-01 4.431026577949523926e-01 1.194107346236705780e-03 -3.357602283358573914e-02
-4.369479715824127197e-01 8.844591975212097168e-01 -1.637317240238189697e-01 8.687505871057510376e-02
-7.360612601041793823e-02 1.462587863206863403e-01 9.865043163299560547e-01 -2.910436987876892090e-01
0.000000000000000000e+00 0.000000000000000000e+00 0.000000000000000000e+00 1.000000000000000000e+00
8.325311541557312012e-01 5.535478591918945312e-01 -2.182992361485958099e-02 -2.061617374420166016e-02
-5.471051335334777832e-01 8.153759241104125977e-01 -1.893077194690704346e-01 1.012776270508766174e-01
-8.699135482311248779e-02 1.695478409528732300e-01 9.816752076148986816e-01 -2.895007431507110596e-01
0.000000000000000000e+00 0.000000000000000000e+00 0.000000000000000000e+00 1.000000000000000000e+00
7.577010393142700195e-01 6.509932279586791992e-01 -4.579165950417518616e-02 -6.327669601887464523e-03
-6.479053497314453125e-01 7.419912815093994141e-01 -1.722426116466522217e-01 9.974716603755950928e-02
-7.815186679363250732e-02 1.601770818233489990e-01 9.839897155761718750e-01 -2.924529612064361572e-01
0.000000000000000000e+00 0.000000000000000000e+00 0.000000000000000000e+00 1.000000000000000000e+00
6.921970248222351074e-01 7.177513837814331055e-01 -7.547171413898468018e-02 7.011767476797103882e-03
-7.210516929626464844e-01 6.833159327507019043e-01 -1.147309467196464539e-01 8.134138584136962891e-02
-3.077732957899570465e-02 1.338354349136352539e-01 9.905257225036621094e-01 -2.993556261062622070e-01
0.000000000000000000e+00 0.000000000000000000e+00 0.000000000000000000e+00 1.000000000000000000e+00
5.890929698944091797e-01 8.070316910743713379e-01 -4.085391387343406677e-02 -6.481434102170169353e-04
-8.071882724761962891e-01 5.853468179702758789e-01 -7.626177370548248291e-02 6.937385350465774536e-02
-3.763198107481002808e-02 7.790206372737884521e-02 9.962506294250488281e-01 -3.066782653331756592e-01
0.000000000000000000e+00 0.000000000000000000e+00 0.000000000000000000e+00 1.000000000000000000e+00
5.048425793647766113e-01 8.622516989707946777e-01 -4.069097340106964111e-02 4.034694749861955643e-03
-8.627042770385742188e-01 5.023696422576904297e-01 -5.801769345998764038e-02 6.386122852563858032e-02
-2.958394587039947510e-02 6.439408659934997559e-02 9.974859952926635742e-01 -3.105182647705078125e-01
0.000000000000000000e+00 0.000000000000000000e+00 0.000000000000000000e+00 1.000000000000000000e+00
4.033888578414916992e-01 9.132218956947326660e-01 -5.747039616107940674e-02 1.441314816474914551e-02
-9.148831367492675781e-01 4.036481082439422607e-01 -7.541611790657043457e-03 4.555261507630348206e-02
1.631064154207706451e-02 5.562090873718261719e-02 9.983187317848205566e-01 -3.147600591182708740e-01
0.000000000000000000e+00 0.000000000000000000e+00 0.000000000000000000e+00 1.000000000000000000e+00
2.975087463855743408e-01 9.528992176055908203e-01 -5.891637131571769714e-02 1.971797645092010498e-02
-9.537830948829650879e-01 2.993823289871215820e-01 2.584128454327583313e-02 3.330945223569869995e-02
4.226265102624893188e-02 4.850544780492782593e-02 9.979282021522521973e-01 -3.173234760761260986e-01
0.000000000000000000e+00 0.000000000000000000e+00 0.000000000000000000e+00 1.000000000000000000e+00
1.786221265792846680e-01 9.814521670341491699e-01 -6.960941106081008911e-02 2.851378358900547028e-02
-9.816993474960327148e-01 1.825208514928817749e-01 5.433558672666549683e-02 2.312609180808067322e-02
6.603295356035232544e-02 5.862998217344284058e-02 9.960934519767761230e-01 -3.181365132331848145e-01
0.000000000000000000e+00 0.000000000000000000e+00 0.000000000000000000e+00 1.000000000000000000e+00
1.016189008951187134e-01 9.920608401298522949e-01 -7.408759742975234985e-02 3.315530717372894287e-02
-9.905619621276855469e-01 1.077885106205940247e-01 8.466912806034088135e-02 1.151460129767656326e-02
9.198269248008728027e-02 6.478435546159744263e-02 9.936508536338806152e-01 -3.177088499069213867e-01
0.000000000000000000e+00 0.000000000000000000e+00 0.000000000000000000e+00 1.000000000000000000e+00
1.769992336630821228e-02 9.976133704185485840e-01 -6.674060970544815063e-02 3.601275011897087097e-02
-9.974827766418457031e-01 2.220295555889606476e-02 6.734346598386764526e-02 1.920749060809612274e-02
6.866457313299179077e-02 6.538063287734985352e-02 9.954951405525207520e-01 -3.122923970222473145e-01
0.000000000000000000e+00 0.000000000000000000e+00 0.000000000000000000e+00 1.000000000000000000e+00
-9.261414408683776855e-02 8.667103648185729980e-01 -4.901380538940429688e-01 1.806422024965286255e-01
-9.910615682601928711e-01 -3.277154266834259033e-02 1.293164640665054321e-01 -7.601896068081259727e-04
9.601728618144989014e-02 4.977337121963500977e-01 8.619987964630126953e-01 -2.611716091632843018e-01
0.000000000000000000e+00 0.000000000000000000e+00 0.000000000000000000e+00 1.000000000000000000e+00
-1.667760610580444336e-01 8.436105847358703613e-01 -5.103988647460937500e-01 1.891063153743743896e-01
-9.782698154449462891e-01 -7.690348476171493530e-02 1.925463080406188965e-01 -2.316073700785636902e-02
1.231826320290565491e-01 5.314199328422546387e-01 8.381043076515197754e-01 -2.545377016067504883e-01
0.000000000000000000e+00 0.000000000000000000e+00 0.000000000000000000e+00 1.000000000000000000e+00
-1.297056078910827637e-01 7.750315070152282715e-01 -6.184681653976440430e-01 2.167240381240844727e-01
-9.912862777709960938e-01 -1.158095076680183411e-01 6.276705116033554077e-02 1.860259473323822021e-02
-2.297802641987800598e-02 6.212202310562133789e-01 7.832992076873779297e-01 -2.299819588661193848e-01
0.000000000000000000e+00 0.000000000000000000e+00 0.000000000000000000e+00 1.000000000000000000e+00
-8.992052078247070312e-02 6.855189800262451172e-01 -7.224805355072021484e-01 2.403146475553512573e-01
-9.948254823684692383e-01 -2.737767435610294342e-02 9.783964604139328003e-02 1.059447694569826126e-02
4.729107022285461426e-02 7.275397181510925293e-01 6.844336390495300293e-01 -2.088198810815811157e-01
0.000000000000000000e+00 0.000000000000000000e+00 0.000000000000000000e+00 1.000000000000000000e+00
-6.577350944280624390e-02 5.206218957901000977e-01 -8.512502312660217285e-01 2.771624028682708740e-01
-9.856055378913879395e-01 9.925511479377746582e-02 1.368588656187057495e-01 -1.316973357461392879e-03
1.557426154613494873e-01 8.479984998703002930e-01 5.065993070602416992e-01 -1.539164930582046509e-01
0.000000000000000000e+00 0.000000000000000000e+00 0.000000000000000000e+00 1.000000000000000000e+00
-1.243071779608726501e-01 3.865460753440856934e-01 -9.138543605804443359e-01 2.949799895286560059e-01
-9.853714704513549805e-01 6.011792644858360291e-02 1.594642847776412964e-01 -1.232924871146678925e-02
1.165792793035507202e-01 9.203086495399475098e-01 3.734184503555297852e-01 -1.073787957429885864e-01
0.000000000000000000e+00 0.000000000000000000e+00 0.000000000000000000e+00 1.000000000000000000e+00
-1.916888952255249023e-01 2.967484593391418457e-01 -9.355189800262451172e-01 3.031358122825622559e-01
-9.749926924705505371e-01 5.163456872105598450e-02 2.161556184291839600e-01 -3.072080574929714203e-02
1.124490126967430115e-01 9.535586833953857422e-01 2.794296741485595703e-01 -7.794146984815597534e-02
0.000000000000000000e+00 0.000000000000000000e+00 0.000000000000000000e+00 1.000000000000000000e+00
-2.752821743488311768e-01 1.772442311048507690e-01 -9.448831081390380859e-01 3.095372617244720459e-01
-9.590753912925720215e-01 1.713674515485763550e-02 2.826316058635711670e-01 -5.235625803470611572e-02
6.628701835870742798e-02 9.840176701545715332e-01 1.652732640504837036e-01 -3.912113606929779053e-02
0.000000000000000000e+00 0.000000000000000000e+00 0.000000000000000000e+00 1.000000000000000000e+00
-1.921718418598175049e-01 -8.012096881866455078e-01 -5.666857957839965820e-01 1.844073832035064697e-01
-9.507663846015930176e-01 8.940558880567550659e-03 3.097791969776153564e-01 -5.852907523512840271e-02
-2.431316971778869629e-01 5.983167290687561035e-01 -7.634812593460083008e-01 2.703145444393157959e-01
0.000000000000000000e+00 0.000000000000000000e+00 0.000000000000000000e+00 1.000000000000000000e+00
-1.893459558486938477e-01 -8.037530183792114258e-01 -5.640292763710021973e-01 1.823910325765609741e-01
-9.701849818229675293e-01 6.463452428579330444e-02 2.335879951715469360e-01 -3.484551608562469482e-02
-1.512913554906845093e-01 5.914417505264282227e-01 -7.920274138450622559e-01 2.744975686073303223e-01
0.000000000000000000e+00 0.000000000000000000e+00 0.000000000000000000e+00 1.000000000000000000e+00
-1.002973541617393494e-01 -8.049467802047729492e-01 -5.848084688186645508e-01 1.814681440591812134e-01
-9.905745387077331543e-01 2.567700482904911041e-02 1.345457136631011963e-01 -1.604562508873641491e-03
-9.328604489564895630e-02 5.927910208702087402e-01 -7.999352216720581055e-01 2.733059525489807129e-01
0.000000000000000000e+00 0.000000000000000000e+00 0.000000000000000000e+00 1.000000000000000000e+00
1.891448162496089935e-02 -8.095759749412536621e-01 -5.867103934288024902e-01 1.718719005584716797e-01
-9.994600415229797363e-01 -3.108048252761363983e-02 1.066553313285112381e-02 4.033321142196655273e-02
-2.686975710093975067e-02 5.861918330192565918e-01 -8.097267150878906250e-01 2.719111442565917969e-01
0.000000000000000000e+00 0.000000000000000000e+00 0.000000000000000000e+00 1.000000000000000000e+00
6.138460710644721985e-02 -8.070557713508605957e-01 -5.872757434844970703e-01 1.683329790830612183e-01
-9.938637018203735352e-01 4.819667898118495941e-03 -1.105062216520309448e-01 7.870764285326004028e-02
9.201514720916748047e-02 5.904554128646850586e-01 -8.018075823783874512e-01 2.616036236286163330e-01
0.000000000000000000e+00 0.000000000000000000e+00 0.000000000000000000e+00 1.000000000000000000e+00
4.352444037795066833e-02 -8.191003203392028809e-01 -5.719967484474182129e-01 1.671723574399948120e-01
-9.811139702796936035e-01 7.296493649482727051e-02 -1.791410148143768311e-01 9.255285561084747314e-02
1.884701699018478394e-01 5.689910054206848145e-01 -8.004549145698547363e-01 2.572262883186340332e-01
0.000000000000000000e+00 0.000000000000000000e+00 0.000000000000000000e+00 1.000000000000000000e+00
-3.237340599298477173e-02 -8.187641501426696777e-01 -5.732164382934570312e-01 1.766417026519775391e-01
-9.942553639411926270e-01 8.492282778024673462e-02 -6.514858454465866089e-02 5.604443699121475220e-02
1.020204573869705200e-01 5.678144693374633789e-01 -8.168097734451293945e-01 2.768263220787048340e-01
0.000000000000000000e+00 0.000000000000000000e+00 0.000000000000000000e+00 1.000000000000000000e+00
-5.890569090843200684e-02 -8.057418465614318848e-01 -5.893301963806152344e-01 1.823551952838897705e-01
-9.934765100479125977e-01 -1.042783167213201523e-02 1.135589033365249634e-01 2.779153692245017737e-05
-9.764464199542999268e-02 5.921750068664550781e-01 -7.998712658882141113e-01 2.895758152008056641e-01
0.000000000000000000e+00 0.000000000000000000e+00 0.000000000000000000e+00 1.000000000000000000e+00
1.092339456081390381e-01 -7.796767354011535645e-01 -6.165809631347656250e-01 1.781585365533828735e-01
-9.874999523162841797e-01 -1.560261547565460205e-01 2.235162258148193359e-02 2.864814549684524536e-02
-1.136298328638076782e-01 6.064321398735046387e-01 -7.869740724563598633e-01 2.895074188709259033e-01
0.000000000000000000e+00 0.000000000000000000e+00 0.000000000000000000e+00 1.000000000000000000e+00
1.914167255163192749e-01 -7.335799932479858398e-01 -6.520888805389404297e-01 1.762400120496749878e-01
-9.484580159187316895e-01 -3.092033267021179199e-01 6.943024694919586182e-02 1.244236808270215988e-02
-2.525607049465179443e-01 6.051888465881347656e-01 -7.549564838409423828e-01 2.859153747558593750e-01
0.000000000000000000e+00 0.000000000000000000e+00 0.000000000000000000e+00 1.000000000000000000e+00
2.828565835952758789e-01 -6.652182936668395996e-01 -6.909967064857482910e-01 1.736459136009216309e-01
-9.276045560836791992e-01 -3.729924857616424561e-01 -2.063286677002906799e-02 3.994093835353851318e-02
-2.440114468336105347e-01 6.468080282211303711e-01 -7.225628495216369629e-01 2.720222473144531250e-01
0.000000000000000000e+00 0.000000000000000000e+00 0.000000000000000000e+00 1.000000000000000000e+00
