1.000000000000000000e+00 0.000000000000000000e+00 0.000000000000000000e+00 -3.619798645377159119e-02
0.000000000000000000e+00 1.000000000000000000e+00 0.000000000000000000e+00 -1.327119767665863037e-03
0.000000000000000000e+00 0.000000000000000000e+00 1.000000000000000000e+00 -2.960163652896881104e-01
0.000000000000000000e+00 0.000000000000000000e+00 0.000000000000000000e+00 1.000000000000000000e+00
9.910907149314880371e-01 1.330057978630065918e-01 6.944868247956037521e-03 -4.158481582999229431e-02
-1.323978751897811890e-01 9.895464777946472168e-01 -5.717229843139648438e-02 2.760344557464122772e-02
-1.447655633091926575e-02 5.574344843626022339e-02 9.983401298522949219e-01 -2.970118522644042969e-01
0.000000000000000000e+00 0.000000000000000000e+00 0.000000000000000000e+00 1.000000000000000000e+00
9.716866612434387207e-01 2.342579513788223267e-01 3.078782372176647186e-02 -4.904991015791893005e-02
-2.302562296390533447e-01 9.680888652801513672e-01 -9.892161190509796143e-02 5.109707266092300415e-02
-5.297861993312835693e-02 8.903173357248306274e-02 9.946189522743225098e-01 -2.948744595050811768e-01
0.000000000000000000e+00 0.000000000000000000e+00 0.000000000000000000e+00 1.000000000000000000e+00
9.428656101226806641e-01 3.323005735874176025e-01 2.409827895462512970e-02 -4.601926729083061218e-02
-3.256327509880065918e-01 9.344139099121093750e-01 -1.443395912647247314e-01 7.400146126747131348e-02
-7.048198580741882324e-02 1.282456666231155396e-01 9.892349839210510254e-01 -2.921191155910491943e-01
0.000000000000000000e+00 0.000000000000000000e+00 0.000000000000000000e+00 1.000000000000000000e+00
8.967646360397338867e-01 4.425073564052581787e-01 3.701090463437139988e-04 -3.338298574090003967e-02
-4.363518059253692627e-01 8.844284415245056152e-01 -1.654781401157379150e-01 8.742768317461013794e-02
-7.355266064405441284e-02 1.482334434986114502e-01 9.862135648727416992e-01 -2.909832000732421875e-01
0.000000000000000000e+00 0.000000000000000000e+00 0.000000000000000000e+00 1.000000000000000000e+00
8.328086137771606445e-01 5.533226728439331055e-01 -1.624044403433799744e-02 -2.250445820391178131e-02
-5.462743639945983887e-01 8.167482614517211914e-01 -1.857578158378601074e-01 1.000201627612113953e-01
-8.951971679925918579e-02 1.635724455118179321e-01 9.824614524841308594e-01 -2.898091971874237061e-01
0.000000000000000000e+00 0.000000000000000000e+00 0.000000000000000000e+00 1.000000000000000000e+00
7.555817365646362305e-01 6.529886722564697266e-01 -5.198089405894279480e-02 -4.398145247250795364e-03
-6.509882807731628418e-01 7.396959066390991211e-01 -1.704822033643722534e-01 9.935897588729858398e-02
-7.287300378084182739e-02 1.626521944999694824e-01 9.839888215065002441e-01 -2.925877571105957031e-01
0.000000000000000000e+00 0.000000000000000000e+00 0.000000000000000000e+00 1.000000000000000000e+00
6.950730085372924805e-01 7.147096395492553711e-01 -7.786780595779418945e-02 7.468419615179300308e-03
-7.184001207351684570e-01 6.862744092941284180e-01 -1.137017682194709778e-01 8.095905184745788574e-02
-2.782512083649635315e-02 1.349712759256362915e-01 9.904589056968688965e-01 -2.994256913661956787e-01
0.000000000000000000e+00 0.000000000000000000e+00 0.000000000000000000e+00 1.000000000000000000e+00
5.896542668342590332e-01 8.062333464622497559e-01 -4.790965467691421509e-02 1.620029099285602570e-03
-8.069973587989807129e-01 5.857419967651367188e-01 -7.524175941944122314e-02 6.902559101581573486e-02
-3.259974345564842224e-02 8.302957564592361450e-02 9.960138797760009766e-01 -3.067125678062438965e-01
0.000000000000000000e+00 0.000000000000000000e+00 0.000000000000000000e+00 1.000000000000000000e+00
5.056509375572204590e-01 8.615554571151733398e-01 -4.515612497925758362e-02 5.581600591540336609e-03
-8.622732162475585938e-01 5.029677152633666992e-01 -5.923138186335563660e-02 6.420445442199707031e-02
-2.831904962658882141e-02 6.888733059167861938e-02 9.972224831581115723e-01 -3.104686439037322998e-01
0.000000000000000000e+00 0.000000000000000000e+00 0.000000000000000000e+00 1.000000000000000000e+00
4.058793187141418457e-01 9.117825627326965332e-01 -6.256325542926788330e-02 1.612063683569431305e-02
-9.137367010116577148e-01 4.062384963035583496e-01 -7.443669252097606659e-03 4.537788406014442444e-02
1.862858235836029053e-02 6.018757820129394531e-02 9.980132579803466797e-01 -3.148669898509979248e-01
0.000000000000000000e+00 0.000000000000000000e+00 0.000000000000000000e+00 1.000000000000000000e+00
2.934027910232543945e-01 9.539489150047302246e-01 -6.241662800312042236e-02 2.105424366891384125e-02
-9.549278020858764648e-01 2.955269515514373779e-01 2.786511555314064026e-02 3.256524726748466492e-02
4.502768442034721375e-02 5.142768844962120056e-02 9.976609349250793457e-01 -3.172843158245086670e-01
0.000000000000000000e+00 0.000000000000000000e+00 0.000000000000000000e+00 1.000000000000000000e+00
1.775192767381668091e-01 9.812660813331604004e-01 -7.485681027173995972e-02 3.026489727199077606e-02
-9.817461967468261719e-01 1.818554848432540894e-01 5.570296570658683777e-02 2.238039299845695496e-02
6.827255338430404663e-02 6.360204517841339111e-02 9.956372976303100586e-01 -3.180449903011322021e-01
0.000000000000000000e+00 0.000000000000000000e+00 0.000000000000000000e+00 1.000000000000000000e+00
1.017959415912628174e-01 9.916456937789916992e-01 -7.922469824552536011e-02 3.474353998899459839e-02
-9.905383586883544922e-01 1.084056794643402100e-01 8.415589481592178345e-02 1.186965778470039368e-02
9.204120934009552002e-02 6.990835815668106079e-02 9.932981133460998535e-01 -3.175866007804870605e-01
0.000000000000000000e+00 0.000000000000000000e+00 0.000000000000000000e+00 1.000000000000000000e+00
1.903633400797843933e-02 9.961748123168945312e-01 -8.528377115726470947e-02 4.165512323379516602e-02
-9.972267746925354004e-01 2.505591697990894318e-02 7.007756084203720093e-02 1.838516257703304291e-02
7.194636017084121704e-02 8.371324092149734497e-02 9.938892722129821777e-01 -3.115662336349487305e-01
0.000000000000000000e+00 0.000000000000000000e+00 0.000000000000000000e+00 1.000000000000000000e+00
-9.749639034271240234e-02 8.664073944091796875e-01 -4.897266924381256104e-01 1.805164217948913574e-01
-9.905818104743957520e-01 -3.694771975278854370e-02 1.318417191505432129e-01 -1.589958905242383480e-03
9.613430500030517578e-02 4.979686439037322998e-01 8.618500232696533203e-01 -2.613216042518615723e-01
0.000000000000000000e+00 0.000000000000000000e+00 0.000000000000000000e+00 1.000000000000000000e+00
-1.674660742282867432e-01 8.400732278823852539e-01 -5.159769058227539062e-01 1.907975673675537109e-01
-9.778208136558532715e-01 -7.475857436656951904e-02 1.956466585397720337e-01 -2.408065460622310638e-02
1.257838010787963867e-01 5.372971892356872559e-01 8.339604735374450684e-01 -2.532538771629333496e-01
0.000000000000000000e+00 0.000000000000000000e+00 0.000000000000000000e+00 1.000000000000000000e+00
-1.291755586862564087e-01 7.754849791526794434e-01 -6.180104613304138184e-01 2.166134119033813477e-01
-9.913980364799499512e-01 -1.142354756593704224e-01 6.387684494256973267e-02 1.817687228322029114e-02
-2.106316015124320984e-02 6.209456920623779297e-01 7.835707068443298340e-01 -2.301001250743865967e-01
0.000000000000000000e+00 0.000000000000000000e+00 0.000000000000000000e+00 1.000000000000000000e+00
-8.895597606897354126e-02 6.860940456390380859e-01 -7.220539450645446777e-01 2.401499152183532715e-01
-9.948929548263549805e-01 -2.649184130132198334e-02 9.739674627780914307e-02 1.080304756760597229e-02
4.769476130604743958e-02 7.270302176475524902e-01 6.849467754364013672e-01 -2.089499980211257935e-01
0.000000000000000000e+00 0.000000000000000000e+00 0.000000000000000000e+00 1.000000000000000000e+00
-6.315276771783828735e-02 5.244004130363464355e-01 -8.491267561912536621e-01 2.764075696468353271e-01
-9.863101840019226074e-01 9.706989675760269165e-02 1.333037018775939941e-01 -3.038648283109068871e-04
1.523291021585464478e-01 8.459206819534301758e-01 5.110910534858703613e-01 -1.550587117671966553e-01
0.000000000000000000e+00 0.000000000000000000e+00 0.000000000000000000e+00 1.000000000000000000e+00
-1.251589953899383545e-01 3.876071274280548096e-01 -9.132885336875915527e-01 2.947750687599182129e-01
-9.853341579437255859e-01 5.904869362711906433e-02 1.600930690765380859e-01 -1.248829066753387451e-02
1.159816607832908630e-01 9.199314713478088379e-01 3.745321333408355713e-01 -1.076966449618339539e-01
0.000000000000000000e+00 0.000000000000000000e+00 0.000000000000000000e+00 1.000000000000000000e+00
-1.941490620374679565e-01 2.929413914680480957e-01 -9.362112879753112793e-01 3.034008443355560303e-01
-9.749165177345275879e-01 4.825963452458381653e-02 2.172760814428329468e-01 -3.115688450634479523e-02
1.088304147124290466e-01 9.549117088317871094e-01 2.762237191200256348e-01 -7.677488774061203003e-02
0.000000000000000000e+00 0.000000000000000000e+00 0.000000000000000000e+00 1.000000000000000000e+00
-2.741214632987976074e-01 1.782445311546325684e-01 -9.450323581695556641e-01 3.095718026161193848e-01
-9.596284031867980957e-01 1.369038317352533340e-02 2.809374928474426270e-01 -5.187902972102165222e-02
6.301340460777282715e-02 9.838909506797790527e-01 1.672958135604858398e-01 -3.959998115897178650e-02
0.000000000000000000e+00 0.000000000000000000e+00 0.000000000000000000e+00 1.000000000000000000e+00
-1.865121871232986450e-01 -8.117501139640808105e-01 -5.534209012985229492e-01 1.798120141029357910e-01
-9.503313899040222168e-01 6.204320117831230164e-03 3.111776709556579590e-01 -5.923011898994445801e-02
-2.491650134325027466e-01 5.839717984199523926e-01 -7.725887298583984375e-01 2.734298110008239746e-01
0.000000000000000000e+00 0.000000000000000000e+00 0.000000000000000000e+00 1.000000000000000000e+00
-1.877117007970809937e-01 -8.171814084053039551e-01 -5.449575781822204590e-01 1.760175973176956177e-01
-9.694405794143676758e-01 6.491657346487045288e-02 2.365813106298446655e-01 -3.580238297581672668e-02
-1.579531133174896240e-01 5.727131366729736328e-01 -8.043943643569946289e-01 2.786976397037506104e-01
0.000000000000000000e+00 0.000000000000000000e+00 0.000000000000000000e+00 1.000000000000000000e+00
-9.678999334573745728e-02 -8.185340166091918945e-01 -5.662452578544616699e-01 1.752567291259765625e-01
-9.903998970985412598e-01 2.279693633317947388e-02 1.363381296396255493e-01 -2.104839077219367027e-03
-9.868877381086349487e-02 5.740054845809936523e-01 -8.128826022148132324e-01 2.774907648563385010e-01
0.000000000000000000e+00 0.000000000000000000e+00 0.000000000000000000e+00 1.000000000000000000e+00
1.835607364773750305e-02 -8.188919425010681152e-01 -5.736541748046875000e-01 1.677680313587188721e-01
-9.993793368339538574e-01 -3.228274360299110413e-02 1.410472113639116287e-02 3.915224224328994751e-02
-3.006932884454727173e-02 5.730391740798950195e-01 -8.189762830734252930e-01 2.748360931873321533e-01
0.000000000000000000e+00 0.000000000000000000e+00 0.000000000000000000e+00 1.000000000000000000e+00
6.343351304531097412e-02 -8.168554902076721191e-01 -5.733438134193420410e-01 1.638783961534500122e-01
-9.940917491912841797e-01 -1.014736364595592022e-03 -1.085383370518684387e-01 7.794381678104400635e-02
8.807833492755889893e-02 5.768412947654724121e-01 -8.120936751365661621e-01 2.648141086101531982e-01
0.000000000000000000e+00 0.000000000000000000e+00 0.000000000000000000e+00 1.000000000000000000e+00
4.260558262467384338e-02 -8.295894861221313477e-01 -5.567459464073181152e-01 1.623275727033615112e-01
-9.811754822731018066e-01 7.031638175249099731e-02 -1.798617839813232422e-01 9.270459413528442383e-02
1.883597970008850098e-01 5.539286136627197266e-01 -8.109769225120544434e-01 2.604481577873229980e-01
0.000000000000000000e+00 0.000000000000000000e+00 0.000000000000000000e+00 1.000000000000000000e+00
-3.227329254150390625e-02 -8.291759490966796875e-01 -5.580551028251647949e-01 1.715531200170516968e-01
-9.946066141128540039e-01 8.170877397060394287e-02 -6.388549506664276123e-02 5.557889491319656372e-02
9.857028722763061523e-02 5.529835224151611328e-01 -8.273408412933349609e-01 2.802714705467224121e-01
0.000000000000000000e+00 0.000000000000000000e+00 0.000000000000000000e+00 1.000000000000000000e+00
-6.021713837981224060e-02 -8.171064257621765137e-01 -5.733330249786376953e-01 1.767843514680862427e-01
-9.931759238243103027e-01 -8.425138890743255615e-03 1.163208410143852234e-01 -8.233668049797415733e-04
-9.987696260213851929e-02 5.764251351356506348e-01 -8.110230565071105957e-01 2.931945323944091797e-01
0.000000000000000000e+00 0.000000000000000000e+00 0.000000000000000000e+00 1.000000000000000000e+00
1.145747676491737366e-01 -7.890547513961791992e-01 -6.035438179969787598e-01 1.735961586236953735e-01
-9.866507649421691895e-01 -1.611611396074295044e-01 2.339484356343746185e-02 2.796587347984313965e-02
-1.157276555895805359e-01 5.928065180778503418e-01 -7.969864606857299805e-01 2.925235629081726074e-01
0.000000000000000000e+00 0.000000000000000000e+00 0.000000000000000000e+00 1.000000000000000000e+00
1.963768899440765381e-01 -7.446252703666687012e-01 -6.379413604736328125e-01 1.710867434740066528e-01
-9.485520124435424805e-01 -3.090650439262390137e-01 6.875868141651153564e-02 1.235514506697654724e-02
-2.483648359775543213e-01 5.916179418563842773e-01 -7.670090198516845703e-01 2.893097102642059326e-01
0.000000000000000000e+00 0.000000000000000000e+00 0.000000000000000000e+00 1.000000000000000000e+00
3.113843202590942383e-01 -6.769530177116394043e-01 -6.669139266014099121e-01 1.641639769077301025e-01
-9.114692211151123047e-01 -4.112879037857055664e-01 -8.088368922472000122e-03 3.507003933191299438e-02
-2.688183784484863281e-01 6.103902459144592285e-01 -7.450903654098510742e-01 2.785975039005279541e-01
0.000000000000000000e+00 0.000000000000000000e+00 0.000000000000000000e+00 1.000000000000000000e+00
