0.5483433604240417 0.8361077904701233 -0.0155927911400795 -0.005653050728142262 
-0.8330418467521667 0.5445102453231812 -0.09772254526615143 0.06843807548284531 
-0.07321616262197495 0.06657494604587555 0.9950915575027466 -0.2981983423233032 
0 0 0 1 

0.4588376879692078 0.8861127495765686 -0.06536025553941727 0.01554059330374002 
-0.8882964253425598 0.4558291435241699 -0.05611735954880714 0.05599812418222427 
-0.01993320696055889 0.0838080495595932 0.9962825179100037 -0.3027437031269073 
0 0 0 1 

0.3526731729507446 0.9320610165596008 -0.08296890556812286 0.02578637562692165 
-0.9356171488761902 0.3527101278305054 -0.0147006381303072 0.04044031351804733 
0.01556207332760096 0.08281165361404419 0.9964436888694763 -0.3045175075531006 
0 0 0 1 

0.2684991359710693 0.9575341939926147 -0.1050542593002319 0.03553705289959908 
-0.9602115154266357 0.2747452557086945 0.05008832737803459 0.01600631140172482 
0.07682444900274277 0.08742564171552658 0.9932042956352234 -0.304013729095459 
0 0 0 1 

0.8844732642173767 0.4665769636631012 -0.003581704571843147 -0.02822289243340492 
-0.4658254086971283 0.8834360241889954 0.05047093331813812 0.01100207678973675 
0.02671279944479465 -0.04297173768281937 0.9987190961837769 -0.2681436240673065 
0 0 0 1 

0.5021547675132751 0.8573054075241089 -0.1134364455938339 0.008347108960151672 
-0.8202992677688599 0.5137382745742798 0.2513601779937744 -0.02961157448589802 
0.2737691104412079 -0.03316985070705414 0.961223304271698 -0.3196343779563904 
0 0 0 1 

0.4376772940158844 0.8848105669021606 -0.1598399728536606 0.02968855947256088 
-0.8599168062210083 0.4638492166996002 0.2130419909954071 -0.01376804523169994 
0.2626434564590454 0.04420546069741249 0.9638798236846924 -0.3202584981918335 
0 0 0 1 

0.3337129354476929 0.939367413520813 0.0788954421877861 -0.02591339126229286 
-0.9426618814468384 0.3329738974571228 0.02273446507751942 0.04716272279620171 
-0.004914099350571632 -0.08195851743221283 0.9966236352920532 -0.2952889204025269 
0 0 0 1 

0.5813716650009155 0.8136005401611328 -0.007801712024956942 -0.01375328656286001 
-0.813483715057373 0.5810479521751404 -0.0250458512455225 0.06123769655823708 
-0.01584415882825851 0.02090751193463802 0.9996558427810669 -0.2899646162986755 
0 0 0 1 

0.7322729825973511 0.6798098683357239 -0.0404290072619915 -0.01382333692163229 
-0.6810054183006287 0.7312160730361938 -0.03942631185054779 0.05988417193293571 
0.002759923227131367 0.05640320479869843 0.9984042644500732 -0.2882815897464752 
0 0 0 1 

