0.0208673533052206 0.9957147836685181 -0.09009279310703278 0.04302146285772324 
-0.9974324703216553 0.02690819837152958 0.0663655698299408 0.01955561339855194 
0.06850540637969971 0.08847660571336746 0.993719756603241 -0.3113487362861633 
0 0 0 1 

-0.09262825548648834 0.8662543296813965 -0.4909411668777466 0.1805986315011978 
-0.9908411502838135 -0.03153896704316139 0.1312971115112305 -0.001416100305505097 
0.09825289249420166 0.4986065924167633 0.8612419962882996 -0.2612466812133789 
0 0 0 1 

-0.1628817915916443 0.8417494893074036 -0.5147110819816589 0.1900721490383148 
-0.9784945845603943 -0.07089515030384064 0.1937066912651062 -0.02315721660852432 
0.1265619844198227 0.5351932644844055 0.8351947069168091 -0.2537207007408142 
0 0 0 1 

-0.1297052055597305 0.7738597989082336 -0.619933545589447 0.2170500010251999 
-0.9913764595985413 -0.1129943951964378 0.06636984646320343 0.01747147925198078 
-0.01868809387087822 0.623196005821228 0.7818423509597778 -0.2296628355979919 
0 0 0 1 

-0.08745376765727997 0.681912899017334 -0.7261864542961121 0.2411250174045563 
-0.9948774576187134 -0.02268362417817116 0.09851127862930298 0.01062250509858131 
0.05070360749959946 0.7310816645622253 0.6804034113883972 -0.207728236913681 
0 0 0 1 

-0.06157552450895309 0.5081026554107666 -0.8590925335884094 0.2790769636631012 
-0.9855616092681885 0.1050626784563065 0.1327786445617676 0.0001953196042450145 
0.1577237397432327 0.8548645973205566 0.4942972362041473 -0.1501622349023819 
0 0 0 1 

-0.1246794909238815 0.3688843548297882 -0.9210751056671143 0.2967504858970642 
-0.9853023886680603 0.06321621686220169 0.1586911231279373 -0.01194967329502106 
0.1167655289173126 0.927323043346405 0.3555808663368225 -0.1023408100008965 
0 0 0 1 

-0.1939738988876343 0.2702373564243317 -0.943051278591156 0.3052141964435577 
-0.9747170805931091 0.05558963119983673 0.2164167463779449 -0.03071358241140842 
0.110907718539238 0.9611875414848328 0.2526221573352814 -0.07027164101600647 
0 0 0 1 

-0.2741869688034058 0.1527502238750458 -0.9494673013687134 0.3105632662773132 
-0.9596058130264282 0.02129005640745163 0.2805401384830475 -0.0515214204788208 
0.06306654959917068 0.9880352020263672 0.1407429426908493 -0.03255850076675415 
0 0 0 1 

-0.3155733346939087 0.1054762825369835 -0.9430208206176758 0.3152050673961639 
-0.9441472291946411 0.06445270776748657 0.323159247636795 -0.06164935603737831 
0.09486590325832367 0.9923309087753296 0.07924558222293854 -0.01319817081093788 
0 0 0 1 

