1.000000000000000000e+00 0.000000000000000000e+00 0.000000000000000000e+00 -4.146692231928954531e-01
0.000000000000000000e+00 -1.000000000000000000e+00 0.000000000000000000e+00 -7.693198940031911737e-02
0.000000000000000000e+00 0.000000000000000000e+00 -1.000000000000000000e+00 -3.421550398492883005e+00
0.000000000000000000e+00 0.000000000000000000e+00 0.000000000000000000e+00 1.000000000000000000e+00
9.899965524673461914e-01 -1.381547749042510986e-01 -2.863323502242565155e-02 -5.517054262178217039e-01
-1.364037394523620605e-01 -9.890662431716918945e-01 5.605219677090644836e-02 2.636964650422353729e-01
-3.606409579515457153e-02 -5.158578976988792419e-02 -9.980173110961914062e-01 -3.423553794051531707e+00
0.000000000000000000e+00 0.000000000000000000e+00 0.000000000000000000e+00 1.000000000000000000e+00
9.696056246757507324e-01 -2.373202592134475708e-01 -5.953098833560943604e-02 -6.631583937742487889e-01
-2.303621619939804077e-01 -9.674514532089233398e-01 1.047414988279342651e-01 5.622337494240051692e-01
-8.245067298412322998e-02 -8.784423023462295532e-02 -9.927157759666442871e-01 -3.389045546843703516e+00
0.000000000000000000e+00 0.000000000000000000e+00 0.000000000000000000e+00 1.000000000000000000e+00
9.376797676086425781e-01 -3.390916287899017334e-01 -7.598055154085159302e-02 -7.081768411806866892e-01
-3.262612521648406982e-01 -9.343362450599670410e-01 1.434189230203628540e-01 8.026138128233798463e-01
-1.196236386895179749e-01 -1.096914857625961304e-01 -9.867411255836486816e-01 -3.343109810034992968e+00
0.000000000000000000e+00 0.000000000000000000e+00 0.000000000000000000e+00 1.000000000000000000e+00
8.911228775978088379e-01 -4.531385004520416260e-01 -2.377867512404918671e-02 -4.586145337750106021e-01
-4.429822266101837158e-01 -8.801125288009643555e-01 1.707875430583953857e-01 9.791334884167262054e-01
-9.831838309764862061e-02 -1.416591703891754150e-01 -9.850210547447204590e-01 -3.346160059054002378e+00
0.000000000000000000e+00 0.000000000000000000e+00 0.000000000000000000e+00 1.000000000000000000e+00
8.294650316238403320e-01 -5.584069490432739258e-01 -1.302446983754634857e-02 -3.546362964044766364e-01
-5.462351441383361816e-01 -8.158149719238281250e-01 1.899292469024658203e-01 1.121841296684790601e+00
-1.166834458708763123e-01 -1.504251956939697266e-01 -9.817114472389221191e-01 -3.334289285439282935e+00
0.000000000000000000e+00 0.000000000000000000e+00 0.000000000000000000e+00 1.000000000000000000e+00
7.459330558776855469e-01 -6.656054258346557617e-01 2.352477423846721649e-02 -1.404539282811758383e-01
-6.586788892745971680e-01 -7.320193648338317871e-01 1.740391552448272705e-01 1.112233736144606189e+00
-9.862079471349716187e-02 -1.453166902065277100e-01 -9.844575524330139160e-01 -3.374631232997175267e+00
0.000000000000000000e+00 0.000000000000000000e+00 0.000000000000000000e+00 1.000000000000000000e+00
6.890807747840881348e-01 -7.225223779678344727e-01 5.594028905034065247e-02 1.812422756568689286e-02
-7.231808900833129883e-01 -6.806284785270690918e-01 1.172779500484466553e-01 8.966747337463153444e-01
-4.666141793131828308e-02 -1.212689504027366638e-01 -9.915225505828857422e-01 -3.456855247066168424e+00
0.000000000000000000e+00 0.000000000000000000e+00 0.000000000000000000e+00 1.000000000000000000e+00
5.875779390335083008e-01 -8.090717196464538574e-01 1.245137862861156464e-02 -1.014329136560407907e-01
-8.077041506767272949e-01 -5.855207443237304688e-01 6.913631409406661987e-02 7.251860387151456422e-01
-4.864567518234252930e-02 -5.067998543381690979e-02 -9.975294470787048340e-01 -3.548752228472877412e+00
0.000000000000000000e+00 0.000000000000000000e+00 0.000000000000000000e+00 1.000000000000000000e+00
5.023025870323181152e-01 -8.645773530006408691e-01 1.405867561697959900e-02 -4.282690423399515556e-02
-8.636978268623352051e-01 -5.008795857429504395e-01 5.608377233147621155e-02 6.742032928009897841e-01
-4.144708439707756042e-02 -4.031346365809440613e-02 -9.983276128768920898e-01 -3.590699098556763058e+00
0.000000000000000000e+00 0.000000000000000000e+00 0.000000000000000000e+00 1.000000000000000000e+00
4.015744924545288086e-01 -9.150813221931457520e-01 3.694014996290206909e-02 9.873592960554065934e-02
-9.157604575157165527e-01 -4.017017781734466553e-01 4.234855994582176208e-03 4.663347596104897574e-01
1.096368394792079926e-02 -3.552895039319992065e-02 -9.993084669113159180e-01 -3.644081386338200890e+00
0.000000000000000000e+00 0.000000000000000000e+00 0.000000000000000000e+00 1.000000000000000000e+00
2.950250804424285889e-01 -9.546909332275390625e-01 3.904892131686210632e-02 1.614956261425682382e-01
-9.546591639518737793e-01 -2.962257862091064453e-01 -2.959545515477657318e-02 3.147960857510581634e-01
3.982182592153549194e-02 -2.854702994227409363e-02 -9.987990856170654297e-01 -3.672071014583605297e+00
0.000000000000000000e+00 0.000000000000000000e+00 0.000000000000000000e+00 1.000000000000000000e+00
1.769938021898269653e-01 -9.825285673141479492e-01 5.754252523183822632e-02 2.905712983949943484e-01
-9.822738170623779297e-01 -1.800103932619094849e-01 -5.229188501834869385e-02 2.125539938326581613e-01
6.173649430274963379e-02 -4.726716503500938416e-02 -9.969725608825683594e-01 -3.679743688661369472e+00
0.000000000000000000e+00 0.000000000000000000e+00 0.000000000000000000e+00 1.000000000000000000e+00
1.006820723414421082e-01 -9.923070669174194336e-01 7.204198837280273438e-02 3.803483756919836534e-01
-9.908840656280517578e-01 -1.065250933170318604e-01 -8.246926218271255493e-02 8.330101659219353583e-02
8.950909972190856934e-02 -6.308206170797348022e-02 -9.939861297607421875e-01 -3.676301860606808525e+00
0.000000000000000000e+00 0.000000000000000000e+00 0.000000000000000000e+00 1.000000000000000000e+00
1.374164596199989319e-02 -9.966382384300231934e-01 8.076786994934082031e-02 4.718128018678496849e-01
-9.974182248115539551e-01 -1.935679279267787933e-02 -6.915597617626190186e-02 1.530041638913567925e-01
7.048691809177398682e-02 -7.960899919271469116e-02 -9.943311214447021484e-01 -3.604195821388644916e+00
0.000000000000000000e+00 0.000000000000000000e+00 0.000000000000000000e+00 1.000000000000000000e+00
-8.364579081535339355e-02 -9.143568277359008789e-01 3.961749076843261719e-01 1.750042549971720929e+00
-9.907985329627990723e-01 3.386132046580314636e-02 -1.310405284166336060e-01 -8.067818069463718322e-02
1.064026802778244019e-01 -4.034906327724456787e-01 -9.087756872177124023e-01 -3.223578585933630780e+00
0.000000000000000000e+00 0.000000000000000000e+00 0.000000000000000000e+00 1.000000000000000000e+00
-1.587001830339431763e-01 -8.866999745368957520e-01 4.342542886734008789e-01 1.913465268390298846e+00
-9.766739010810852051e-01 7.655304670333862305e-02 -2.006167620420455933e-01 -3.594058081093929324e-01
1.446434557437896729e-01 -4.559626281261444092e-01 -8.781661987304687500e-01 -3.121522610393319130e+00
0.000000000000000000e+00 0.000000000000000000e+00 0.000000000000000000e+00 1.000000000000000000e+00
-1.325510442256927490e-01 -8.299418687820434570e-01 5.418733358383178711e-01 2.237324398031591777e+00
-9.911381602287292480e-01 1.157945469021797180e-01 -6.509571522474288940e-02 1.472198202518145149e-01
-8.720309473574161530e-03 -5.456995964050292969e-01 -8.379353284835815430e-01 -2.881968447847096382e+00
0.000000000000000000e+00 0.000000000000000000e+00 0.000000000000000000e+00 1.000000000000000000e+00
-8.199910819530487061e-02 -7.529914379119873047e-01 6.529011130332946777e-01 2.524513667672852790e+00
-9.949056506156921387e-01 2.330284193158149719e-02 -9.807695448398590088e-02 6.458505321782230524e-02
5.863666534423828125e-02 -6.576173901557922363e-01 -7.510663866996765137e-01 -2.671326675058752986e+00
0.000000000000000000e+00 0.000000000000000000e+00 0.000000000000000000e+00 1.000000000000000000e+00
-5.555402860045433044e-02 -5.844029188156127930e-01 8.095597028732299805e-01 3.055889521214892213e+00
-9.846050739288330078e-01 -1.025197505950927734e-01 -1.415726542472839355e-01 -9.829257354607991160e-02
1.657314449548721313e-01 -8.049616217613220215e-01 -5.697107315063476562e-01 -2.015218938349433664e+00
0.000000000000000000e+00 0.000000000000000000e+00 0.000000000000000000e+00 1.000000000000000000e+00
-1.197935864329338074e-01 -4.520136713981628418e-01 8.839306831359863281e-01 3.309686164729805480e+00
-9.850940108299255371e-01 -5.659043788909912109e-02 -1.624422669410705566e-01 -2.164258593056173074e-01
1.234479844570159912e-01 -8.902139067649841309e-01 -4.384966194629669189e-01 -1.482712813982065336e+00
0.000000000000000000e+00 0.000000000000000000e+00 0.000000000000000000e+00 1.000000000000000000e+00
-1.904558837413787842e-01 -3.336050808429718018e-01 9.232735633850097656e-01 3.469414217750004692e+00
-9.756141304969787598e-01 -4.020005464553833008e-02 -2.157783210277557373e-01 -4.173163963453643821e-01
1.091003939509391785e-01 -9.418550133705139160e-01 -3.178136944770812988e-01 -1.036754101618025059e+00
0.000000000000000000e+00 0.000000000000000000e+00 0.000000000000000000e+00 1.000000000000000000e+00
-2.729276716709136963e-01 -2.000631541013717651e-01 9.410023093223571777e-01 3.572740756956727104e+00
-9.596141576766967773e-01 -1.272169500589370728e-02 -2.810305356979370117e-01 -6.674724707954305947e-01
6.819495558738708496e-02 -9.797005653381347656e-01 -1.885115355253219604e-01 -5.405395722470459630e-01
0.000000000000000000e+00 0.000000000000000000e+00 0.000000000000000000e+00 1.000000000000000000e+00
-1.857228726148605347e-01 8.152137994766235352e-01 5.485743880271911621e-01 2.069545707542359114e+00
-9.486431479454040527e-01 -3.255483927205204964e-03 -3.163307905197143555e-01 -7.766080643125680139e-01
-2.560912370681762695e-01 -5.791518092155456543e-01 7.739512324333190918e-01 3.155686497813915192e+00
0.000000000000000000e+00 0.000000000000000000e+00 0.000000000000000000e+00 1.000000000000000000e+00
-1.643044501543045044e-01 8.650502562522888184e-01 4.740177690982818604e-01 1.776391579256115349e+00
-9.691484570503234863e-01 -5.206271633505821228e-02 -2.409158796072006226e-01 -5.031036374491855145e-01
-1.837256848812103271e-01 -4.989774227142333984e-01 8.469160199165344238e-01 3.369258736421572475e+00
0.000000000000000000e+00 0.000000000000000000e+00 0.000000000000000000e+00 1.000000000000000000e+00
-8.783048391342163086e-02 8.508247137069702148e-01 5.180561542510986328e-01 1.859069045984675261e+00
-9.899933338165283203e-01 -1.689438894391059875e-02 -1.400968581438064575e-01 -1.038537132574844785e-01
-1.104457527399063110e-01 -5.251770615577697754e-01 8.437948226928710938e-01 3.305695049015940690e+00
0.000000000000000000e+00 0.000000000000000000e+00 0.000000000000000000e+00 1.000000000000000000e+00
2.280266582965850830e-02 8.564217686653137207e-01 5.157722234725952148e-01 1.736104094275350285e+00
-9.990926384925842285e-01 3.808147832751274109e-02 -1.906292699277400970e-02 3.714516864453274447e-01
-3.596737235784530640e-02 -5.148698091506958008e-01 8.565135002136230469e-01 3.293244490244709333e+00
0.000000000000000000e+00 0.000000000000000000e+00 0.000000000000000000e+00 1.000000000000000000e+00
5.535615608096122742e-02 8.578582406044006348e-01 5.108960270881652832e-01 1.683067023398933992e+00
-9.944991469383239746e-01 1.804307335987687111e-03 1.047254502773284912e-01 8.333274316748100485e-01
8.891782164573669434e-02 -5.138829350471496582e-01 8.532391786575317383e-01 3.184517193706102312e+00
0.000000000000000000e+00 0.000000000000000000e+00 0.000000000000000000e+00 1.000000000000000000e+00
3.102834522724151611e-02 8.686110377311706543e-01 4.945224225521087646e-01 1.669654924381513306e+00
-9.833458065986633301e-01 -6.211289763450622559e-02 1.707983165979385376e-01 9.802228261342451621e-01
1.790737360715866089e-01 -4.915857315063476562e-01 8.522182703018188477e-01 3.140530734578768080e+00
0.000000000000000000e+00 0.000000000000000000e+00 0.000000000000000000e+00 1.000000000000000000e+00
-3.936304152011871338e-02 8.668317198753356934e-01 4.970432519912719727e-01 1.768855578670953221e+00
-9.951645731925964355e-01 -7.880523800849914551e-02 5.862257257103919983e-02 5.626684159414614417e-01
8.998556435108184814e-02 -4.923330545425415039e-01 8.657432794570922852e-01 3.364942404834270206e+00
0.000000000000000000e+00 0.000000000000000000e+00 0.000000000000000000e+00 1.000000000000000000e+00
-4.470333456993103027e-02 8.627792596817016602e-01 5.036005377769470215e-01 1.777082874815796965e+00
-9.923229217529296875e-01 1.983685046434402466e-02 -1.220707446336746216e-01 -9.842856841084215991e-02
-1.153100132942199707e-01 -5.051915049552917480e-01 8.552692532539367676e-01 3.536499178086849327e+00
0.000000000000000000e+00 0.000000000000000000e+00 0.000000000000000000e+00 1.000000000000000000e+00
1.279383599758148193e-01 8.464472889900207520e-01 5.168741345405578613e-01 1.672898550019312092e+00
-9.857286810874938965e-01 1.660169959068298340e-01 -2.788335457444190979e-02 2.416226618874061094e-01
-1.094117388129234314e-01 -5.059301257133483887e-01 8.556074500083923340e-01 3.559937389443678324e+00
0.000000000000000000e+00 0.000000000000000000e+00 0.000000000000000000e+00 1.000000000000000000e+00
2.233153581619262695e-01 7.966374754905700684e-01 5.616926550865173340e-01 1.670916870551543143e+00
-9.452864527702331543e-01 3.175937831401824951e-01 -7.461430132389068604e-02 5.677580259429013121e-02
-2.378308326005935669e-01 -5.142981410026550293e-01 8.239743709564208984e-01 3.508117281406183174e+00
0.000000000000000000e+00 0.000000000000000000e+00 0.000000000000000000e+00 1.000000000000000000e+00
3.369186520576477051e-01 7.270561456680297852e-01 5.982269048690795898e-01 1.630748651720691056e+00
-9.089440107345581055e-01 4.168846309185028076e-01 5.251157563179731369e-03 3.322335465904776020e-01
-2.455737888813018799e-01 -5.455236434936523438e-01 8.013094067573547363e-01 3.363798001314876718e+00
0.000000000000000000e+00 0.000000000000000000e+00 0.000000000000000000e+00 1.000000000000000000e+00
3.576092720031738281e-01 7.147131562232971191e-01 6.010833978652954102e-01 1.613878696105440547e+00
-9.193851351737976074e-01 3.823699951171875000e-01 9.232623130083084106e-02 6.653518313932721417e-01
-1.638494580984115601e-01 -5.856435298919677734e-01 7.938352823257446289e-01 3.247817875122186670e+00
0.000000000000000000e+00 0.000000000000000000e+00 0.000000000000000000e+00 1.000000000000000000e+00
3.684777319431304932e-01 7.120392918586730957e-01 5.976821780204772949e-01 1.594892628078878216e+00
-9.262077212333679199e-01 3.363552689552307129e-01 1.703055799007415771e-01 9.558634044142900743e-01
-7.976938784122467041e-02 -6.163318753242492676e-01 7.834358215332031250e-01 3.126866487617240065e+00
0.000000000000000000e+00 0.000000000000000000e+00 0.000000000000000000e+00 1.000000000000000000e+00
5.386812686920166016e-01 6.016098260879516602e-01 5.898196101188659668e-01 1.501127201106846387e+00
-8.381443023681640625e-01 4.538355171680450439e-01 3.025675714015960693e-01 1.362611818845187228e+00
-8.565359562635421753e-02 -6.573416590690612793e-01 7.487087845802307129e-01 2.990451864606273435e+00
0.000000000000000000e+00 0.000000000000000000e+00 0.000000000000000000e+00 1.000000000000000000e+00
6.839839220046997070e-01 4.183600842952728271e-01 5.976126194000244141e-01 1.476473061010662002e+00
-7.082620263099670410e-01 5.770595073699951172e-01 4.066532552242279053e-01 1.707371393334075949e+00
-1.747306436300277710e-01 -7.014105319976806641e-01 6.910079717636108398e-01 2.946025223763799161e+00
0.000000000000000000e+00 0.000000000000000000e+00 0.000000000000000000e+00 1.000000000000000000e+00
7.095837593078613281e-01 3.370395898818969727e-01 6.187852025032043457e-01 1.511235524361729032e+00
-6.444407701492309570e-01 6.655423045158386230e-01 3.764962852001190186e-01 1.582198983751800681e+00
-2.849336862564086914e-01 -6.659261584281921387e-01 6.894595623016357422e-01 3.061997421859818491e+00
0.000000000000000000e+00 0.000000000000000000e+00 0.000000000000000000e+00 1.000000000000000000e+00
7.542945146560668945e-01 2.505271136760711670e-01 6.068575978279113770e-01 1.524695536659028017e+00
-5.659304857254028320e-01 7.166689634323120117e-01 4.075636863708496094e-01 1.606222150762970147e+00
-3.328103423118591309e-01 -6.508623361587524414e-01 6.823600530624389648e-01 3.032155721292215222e+00
0.000000000000000000e+00 0.000000000000000000e+00 0.000000000000000000e+00 1.000000000000000000e+00
7.517132759094238281e-01 2.497849315404891968e-01 6.103557944297790527e-01 1.612065230167028407e+00
-5.347586274147033691e-01 7.724962234497070312e-01 3.424675762653350830e-01 1.276439181759468022e+00
-3.859539628028869629e-01 -5.838302969932556152e-01 7.142697572708129883e-01 3.183682330656713688e+00
0.000000000000000000e+00 0.000000000000000000e+00 0.000000000000000000e+00 1.000000000000000000e+00
7.360257506370544434e-01 3.438825607299804688e-01 5.831042528152465820e-01 1.610903936354728394e+00
-5.818752646446228027e-01 7.615786194801330566e-01 2.853384017944335938e-01 1.029176237825645268e+00
-3.459569513797760010e-01 -5.493112206459045410e-01 7.606385350227355957e-01 3.326603852835026132e+00
0.000000000000000000e+00 0.000000000000000000e+00 0.000000000000000000e+00 1.000000000000000000e+00
8.138905167579650879e-01 1.871680915355682373e-01 5.500458478927612305e-01 1.535494983123664836e+00
-5.266559123992919922e-01 6.374829411506652832e-01 5.623601675033569336e-01 2.045704986946636161e+00
-2.453890442848205566e-01 -7.473844289779663086e-01 6.174144148826599121e-01 2.862678349916365494e+00
0.000000000000000000e+00 0.000000000000000000e+00 0.000000000000000000e+00 1.000000000000000000e+00
8.532450795173645020e-01 1.161283329129219055e-01 5.084157586097717285e-01 1.364394764829349294e+00
-4.730964004993438721e-01 5.825656056404113770e-01 6.609053611755371094e-01 2.417424140338511052e+00
-2.194360643625259399e-01 -8.044440150260925293e-01 5.520113706588745117e-01 2.600308676301803512e+00
0.000000000000000000e+00 0.000000000000000000e+00 0.000000000000000000e+00 1.000000000000000000e+00
8.749890327453613281e-01 2.733455039560794830e-02 4.833707809448242188e-01 1.273370391106177779e+00
-4.277536273002624512e-01 5.112789273262023926e-01 7.453992962837219238e-01 2.745184410591471114e+00
-2.267623096704483032e-01 -8.589796423912048340e-01 4.590562880039215088e-01 2.254741211527198530e+00
0.000000000000000000e+00 0.000000000000000000e+00 0.000000000000000000e+00 1.000000000000000000e+00
8.869866728782653809e-01 -1.142764165997505188e-01 4.474319219589233398e-01 1.149258967678328025e+00
-3.649566471576690674e-01 4.201957285404205322e-01 8.308081030845642090e-01 3.072705976194678446e+00
-2.829507887363433838e-01 -9.002087712287902832e-01 3.310021162033081055e-01 1.799420451094867701e+00
0.000000000000000000e+00 0.000000000000000000e+00 0.000000000000000000e+00 1.000000000000000000e+00
9.435448050498962402e-01 2.911321818828582764e-01 1.580034494400024414e-01 -3.736313415279274297e-02
-2.487431913614273071e-01 3.077400624752044678e-01 9.183803796768188477e-01 3.338474735081751632e+00
2.187461853027343750e-01 -9.058353900909423828e-01 3.627837896347045898e-01 1.567220804660024003e+00
0.000000000000000000e+00 0.000000000000000000e+00 0.000000000000000000e+00 1.000000000000000000e+00
9.692456126213073730e-01 2.005694657564163208e-01 1.425998955965042114e-01 -9.395518889015518071e-02
-1.876844018697738647e-01 2.276539951562881470e-01 9.554833769798278809e-01 3.444966653059133854e+00
1.591773480176925659e-01 -9.528619050979614258e-01 2.582964003086090088e-01 1.193694906976913828e+00
0.000000000000000000e+00 0.000000000000000000e+00 0.000000000000000000e+00 1.000000000000000000e+00
9.847403764724731445e-01 1.114178299903869629e-01 1.336878836154937744e-01 -1.111319920077910861e-01
-1.465916037559509277e-01 1.170356422662734985e-01 9.822492599487304688e-01 3.518316024655144592e+00
9.379385411739349365e-02 -9.868581295013427734e-01 1.315825879573822021e-01 7.366881333776454932e-01
0.000000000000000000e+00 0.000000000000000000e+00 0.000000000000000000e+00 1.000000000000000000e+00
9.457748532295227051e-01 3.048710525035858154e-01 1.120878085494041443e-01 -2.127067773220598645e-01
-1.365062743425369263e-01 5.992364138364791870e-02 9.888252615928649902e-01 3.523751941372263108e+00
2.947475016117095947e-01 -9.505069851875305176e-01 9.829114377498626709e-02 4.609279044866152475e-01
0.000000000000000000e+00 0.000000000000000000e+00 0.000000000000000000e+00 1.000000000000000000e+00
9.894334077835083008e-01 -1.082304492592811584e-01 9.647875279188156128e-02 -2.412183673232597136e-01
-1.002316325902938843e-01 -2.977540716528892517e-02 9.945183992385864258e-01 3.510869473682417308e+00
-1.047645583748817444e-01 -9.936795830726623535e-01 -4.030885919928550720e-02 1.568207551783552256e-01
0.000000000000000000e+00 0.000000000000000000e+00 0.000000000000000000e+00 1.000000000000000000e+00
9.975275397300720215e-01 5.849547684192657471e-03 7.003454864025115967e-02 -3.574350007041255939e-01
-6.878934055566787720e-02 -1.227832958102226257e-01 9.900467395782470703e-01 3.448026208974235285e+00
1.439039967954158783e-02 -9.924162626266479492e-01 -1.220772042870521545e-01 -2.659115315742892061e-01
0.000000000000000000e+00 0.000000000000000000e+00 0.000000000000000000e+00 1.000000000000000000e+00
9.770255684852600098e-01 -1.565764099359512329e-01 1.445855200290679932e-01 -8.972669113471588853e-02
-1.701908707618713379e-01 -1.648568660020828247e-01 9.715231657028198242e-01 3.471571277286188195e+00
-1.282816976308822632e-01 -9.738100171089172363e-01 -1.877172291278839111e-01 -2.971804834362503089e-01
0.000000000000000000e+00 0.000000000000000000e+00 0.000000000000000000e+00 1.000000000000000000e+00
6.931772828102111816e-01 -7.174274921417236328e-01 6.930332630872726440e-02 -5.713103800335711524e-02
-2.707749307155609131e-01 -1.700943112373352051e-01 9.474961161613464355e-01 3.498439252202644845e+00
-6.679719686508178711e-01 -6.755482554435729980e-01 -3.121668696403503418e-01 -4.057557242512149220e-01
0.000000000000000000e+00 0.000000000000000000e+00 0.000000000000000000e+00 1.000000000000000000e+00
5.524981021881103516e-01 -8.334988355636596680e-01 5.138061475008726120e-03 -8.759164177510667115e-02
-3.690699338912963867e-01 -2.391076385974884033e-01 8.981171846389770508e-01 3.492173642933965816e+00
-7.473508119583129883e-01 -4.981044232845306396e-01 -4.397259354591369629e-01 -8.143832268554653808e-01
0.000000000000000000e+00 0.000000000000000000e+00 0.000000000000000000e+00 1.000000000000000000e+00
5.373476743698120117e-01 -8.397510051727294922e-01 -7.794525474309921265e-02 -3.871185702131380024e-01
-3.981035649776458740e-01 -3.340432047843933105e-01 8.543579578399658203e-01 3.404376866305324434e+00
-7.434852719306945801e-01 -4.280575513839721680e-01 -5.138052105903625488e-01 -1.114793459444417101e+00
0.000000000000000000e+00 0.000000000000000000e+00 0.000000000000000000e+00 1.000000000000000000e+00
8.837761282920837402e-01 -2.007357925176620483e-01 4.226642251014709473e-01 9.998107260909931959e-01
-4.675108790397644043e-01 -4.161246418952941895e-01 7.799189090728759766e-01 3.252979519386540730e+00
1.932322047650814056e-02 -8.868736624717712402e-01 -4.616071581840515137e-01 -1.329335941969608248e+00
0.000000000000000000e+00 0.000000000000000000e+00 0.000000000000000000e+00 1.000000000000000000e+00
8.757836222648620605e-01 -1.942143440246582031e-01 4.419100880622863770e-01 1.080376647681323021e+00
-4.758750498294830322e-01 -5.008360743522644043e-01 7.229835987091064453e-01 3.054159055783690402e+00
8.091060072183609009e-02 -8.434712886810302734e-01 -5.310457944869995117e-01 -1.657176096414019861e+00
0.000000000000000000e+00 0.000000000000000000e+00 0.000000000000000000e+00 1.000000000000000000e+00
8.631135821342468262e-01 -1.622413247823715210e-01 4.782385528087615967e-01 1.212575591462716984e+00
-4.756489694118499756e-01 -5.793573856353759766e-01 6.618937253952026367e-01 2.861946143705915713e+00
1.696844995021820068e-01 -7.987630367279052734e-01 -5.772208571434020996e-01 -1.865527683364155420e+00
0.000000000000000000e+00 0.000000000000000000e+00 0.000000000000000000e+00 1.000000000000000000e+00
8.474476337432861328e-01 -1.196570843458175659e-01 5.172179937362670898e-01 1.323196065781260256e+00
-4.507665038108825684e-01 -6.768333315849304199e-01 5.819845199584960938e-01 2.584489474477326798e+00
2.804317772388458252e-01 -7.263460755348205566e-01 -6.275179982185363770e-01 -2.126582154681052828e+00
0.000000000000000000e+00 0.000000000000000000e+00 0.000000000000000000e+00 1.000000000000000000e+00
8.350623846054077148e-01 -1.288708746433258057e-01 5.348486304283142090e-01 1.406371968500495617e+00
-4.429391622543334961e-01 -7.341014742851257324e-01 5.146826505661010742e-01 2.353023866384214458e+00
3.263056874275207520e-01 -6.666979193687438965e-01 -6.701032519340515137e-01 -2.331189439453655421e+00
0.000000000000000000e+00 0.000000000000000000e+00 0.000000000000000000e+00 1.000000000000000000e+00
8.068429231643676758e-01 -1.742603629827499390e-01 5.644791722297668457e-01 1.556041162695038782e+00
-4.563370943069458008e-01 -7.906587123870849609e-01 4.081844389438629150e-01 1.993478305429886577e+00
3.751801252365112305e-01 -5.869343280792236328e-01 -7.174594998359680176e-01 -2.563412180778799954e+00
0.000000000000000000e+00 0.000000000000000000e+00 0.000000000000000000e+00 1.000000000000000000e+00
7.793962955474853516e-01 -2.162365615367889404e-01 5.880334973335266113e-01 1.685660028059969173e+00
-4.545989334583282471e-01 -8.410317301750183105e-01 2.932672500610351562e-01 1.589524200375483920e+00
4.311393201351165771e-01 -4.958904385566711426e-01 -7.537973523139953613e-01 -2.771348749103227593e+00
0.000000000000000000e+00 0.000000000000000000e+00 0.000000000000000000e+00 1.000000000000000000e+00
7.534343600273132324e-01 -2.871454954147338867e-01 5.915097594261169434e-01 1.744628349345482388e+00
-4.623082280158996582e-01 -8.710381984710693359e-01 1.660228967666625977e-01 1.143119015523945459e+00
4.675549566745758057e-01 -3.985474109649658203e-01 -7.890199422836303711e-01 -2.956307969777281386e+00
0.000000000000000000e+00 0.000000000000000000e+00 0.000000000000000000e+00 1.000000000000000000e+00
7.385522127151489258e-01 -3.587582111358642578e-01 5.708175301551818848e-01 1.697403952127960913e+00
-4.377079308032989502e-01 -8.991162180900573730e-01 1.234367373399436474e-03 5.442128409921118681e-01
5.127882957458496094e-01 -2.507629692554473877e-01 -8.210757374763488770e-01 -3.140041265416177119e+00
0.000000000000000000e+00 0.000000000000000000e+00 0.000000000000000000e+00 1.000000000000000000e+00
7.256826758384704590e-01 -4.002330303192138672e-01 5.596413612365722656e-01 1.652549366415207110e+00
-3.732657730579376221e-01 -9.123061895370483398e-01 -1.684337258338928223e-01 -1.352477938598649621e-01
5.779772996902465820e-01 -8.666577190160751343e-02 -8.114380240440368652e-01 -3.121371631856724171e+00
0.000000000000000000e+00 0.000000000000000000e+00 0.000000000000000000e+00 1.000000000000000000e+00
7.270317077636718750e-01 -4.162218570709228516e-01 5.460631847381591797e-01 1.585205010997314590e+00
-2.956467270851135254e-01 -9.075783491134643555e-01 -2.981511056423187256e-01 -6.762318973417994483e-01
6.196918487548828125e-01 5.532345175743103027e-02 -7.828925251960754395e-01 -3.045875814262140491e+00
0.000000000000000000e+00 0.000000000000000000e+00 0.000000000000000000e+00 1.000000000000000000e+00
7.174869775772094727e-01 -4.465111494064331055e-01 5.346401929855346680e-01 1.542171991669571307e+00
-2.415728121995925903e-01 -8.793967962265014648e-01 -4.102479815483093262e-01 -1.123889032067566074e+00
6.533415317535400391e-01 1.651930212974548340e-01 -7.388208508491516113e-01 -2.906503321793368233e+00
0.000000000000000000e+00 0.000000000000000000e+00 0.000000000000000000e+00 1.000000000000000000e+00
7.125422358512878418e-01 -4.663559496402740479e-01 5.242092013359069824e-01 1.503368439565610171e+00
-1.595484614372253418e-01 -8.352558612823486328e-01 -5.262049436569213867e-01 -1.623139979375863406e+00
6.832479834556579590e-01 2.913062572479248047e-01 -6.695616841316223145e-01 -2.674134772429457296e+00
0.000000000000000000e+00 0.000000000000000000e+00 0.000000000000000000e+00 1.000000000000000000e+00
6.954413056373596191e-01 -4.973920881748199463e-01 5.186157822608947754e-01 1.493018654062132411e+00
-9.620209038257598877e-02 -7.796683311462402344e-01 -6.187584996223449707e-01 -2.025651343186163356e+00
7.121138572692871094e-01 3.804182708263397217e-01 -5.900640487670898438e-01 -2.407940826270946744e+00
0.000000000000000000e+00 0.000000000000000000e+00 0.000000000000000000e+00 1.000000000000000000e+00
7.106359004974365234e-01 -5.050656795501708984e-01 4.898009598255157471e-01 1.380491041619515746e+00
-3.361790254712104797e-02 -7.197562456130981445e-01 -6.934124231338500977e-01 -2.366354058903780810e+00
7.027560472488403320e-01 4.762976169586181641e-01 -5.284640192985534668e-01 -2.189282368949311053e+00
0.000000000000000000e+00 0.000000000000000000e+00 0.000000000000000000e+00 1.000000000000000000e+00
7.256268858909606934e-01 -5.055276155471801758e-01 4.668055772781372070e-01 1.286409352530302197e+00
1.521085575222969055e-02 -6.664590239524841309e-01 -7.453865408897399902e-01 -2.613461974077709637e+00
6.879202723503112793e-01 5.479729175567626953e-01 -4.759111404418945312e-01 -2.008025397070451579e+00
0.000000000000000000e+00 0.000000000000000000e+00 0.000000000000000000e+00 1.000000000000000000e+00
7.667090892791748047e-01 -4.813039898872375488e-01 4.248568415641784668e-01 1.098892114230520356e+00
6.354511529207229614e-02 -6.016325354576110840e-01 -7.962414026260375977e-01 -2.857464315905863472e+00
6.388421058654785156e-01 6.374830603599548340e-01 -4.306926727294921875e-01 -1.852204861609241693e+00
0.000000000000000000e+00 0.000000000000000000e+00 0.000000000000000000e+00 1.000000000000000000e+00
8.065475821495056152e-01 -4.636168181896209717e-01 3.667979240417480469e-01 8.560796763026519152e-01
1.016164198517799377e-01 -5.025017261505126953e-01 -8.585838675498962402e-01 -3.166194913600572924e+00
5.823703408241271973e-01 7.297611236572265625e-01 -3.581804037094116211e-01 -1.587140324526421509e+00
0.000000000000000000e+00 0.000000000000000000e+00 0.000000000000000000e+00 1.000000000000000000e+00
8.659910559654235840e-01 -4.070475995540618896e-01 2.904680371284484863e-01 5.480755766403400120e-01
1.236649826169013977e-01 -3.884989023208618164e-01 -9.131131172180175781e-01 -3.425917637026754559e+00
4.845269918441772461e-01 8.266683816909790039e-01 -2.860989868640899658e-01 -1.275103538170186956e+00
0.000000000000000000e+00 0.000000000000000000e+00 0.000000000000000000e+00 1.000000000000000000e+00
8.955267071723937988e-01 -3.565867543220520020e-01 2.662288844585418701e-01 4.262830784011286123e-01
1.604719012975692749e-01 -2.992391586303710938e-01 -9.405871033668518066e-01 -3.575608374962250036e+00
4.150670170783996582e-01 8.850430250167846680e-01 -2.107544094324111938e-01 -9.845453444937479759e-01
0.000000000000000000e+00 0.000000000000000000e+00 0.000000000000000000e+00 1.000000000000000000e+00
8.951345086097717285e-01 -3.612449765205383301e-01 2.612206935882568359e-01 4.072918398767376713e-01
1.966751366853713989e-01 -2.058435976505279541e-01 -9.586173892021179199e-01 -3.692283416063101953e+00
4.000663161277770996e-01 9.094671607017517090e-01 -1.132098212838172913e-01 -6.296314724067840762e-01
0.000000000000000000e+00 0.000000000000000000e+00 0.000000000000000000e+00 1.000000000000000000e+00
9.419348239898681641e-01 -2.414296269416809082e-01 2.333891242742538452e-01 2.488307742619514373e-01
2.120794802904129028e-01 -1.111503764986991882e-01 -9.709107875823974609e-01 -3.774687708156385213e+00
2.603479325771331787e-01 9.640316963195800781e-01 -5.349410325288772583e-02 -3.144925812470675264e-01
0.000000000000000000e+00 0.000000000000000000e+00 0.000000000000000000e+00 1.000000000000000000e+00
9.808027148246765137e-01 6.535240262746810913e-02 1.837255656719207764e-01 -6.206194932462372887e-03
1.856793314218521118e-01 -2.514449320733547211e-02 -9.822886586189270020e-01 -3.844216081857071643e+00
-5.957522988319396973e-02 9.975454211235046387e-01 -3.679640591144561768e-02 -8.027643861216741256e-03
0.000000000000000000e+00 0.000000000000000000e+00 0.000000000000000000e+00 1.000000000000000000e+00
9.782566428184509277e-01 -1.141087859869003296e-01 1.731853634119033813e-01 -3.957293490757167465e-02
1.814205944538116455e-01 6.616846472024917603e-02 -9.811769723892211914e-01 -3.891488909404254404e+00
1.005015075206756592e-01 9.912623167037963867e-01 8.543143421411514282e-02 3.978333104964820732e-01
0.000000000000000000e+00 0.000000000000000000e+00 0.000000000000000000e+00 1.000000000000000000e+00
9.823299050331115723e-01 -6.785622984170913696e-02 1.744232922792434692e-01 -2.109466362712866805e-02
1.813813745975494385e-01 1.154153347015380859e-01 -9.766165018081665039e-01 -3.897729355583500421e+00
4.613836854696273804e-02 9.909967184066772461e-01 1.256838291883468628e-01 6.530413275686715036e-01
0.000000000000000000e+00 0.000000000000000000e+00 0.000000000000000000e+00 1.000000000000000000e+00
9.753041267395019531e-01 -1.757781058549880981e-01 1.337307542562484741e-01 -1.597133002054608453e-01
1.479119509458541870e-01 7.015972584486007690e-02 -9.865087270736694336e-01 -3.913252913564187363e+00
1.640241146087646484e-01 9.819264411926269531e-01 9.442675113677978516e-02 4.223935629695957372e-01
0.000000000000000000e+00 0.000000000000000000e+00 0.000000000000000000e+00 1.000000000000000000e+00
9.755600690841674805e-01 -2.088602632284164429e-01 6.826456636190414429e-02 -3.791952562531331616e-01
5.687289685010910034e-02 -6.007689237594604492e-02 -9.965717196464538574e-01 -3.867086917252177347e+00
2.122456431388854980e-01 9.760985970497131348e-01 -4.673017188906669617e-02 -1.583860849403253279e-01
0.000000000000000000e+00 0.000000000000000000e+00 0.000000000000000000e+00 1.000000000000000000e+00
8.554859757423400879e-01 -5.136098861694335938e-01 6.593803316354751587e-02 -3.014032205728750524e-01
-4.159584268927574158e-02 -1.950849592685699463e-01 -9.799035787582397461e-01 -3.713526234041913732e+00
5.161520838737487793e-01 8.355512619018554688e-01 -1.882566958665847778e-01 -8.907547544322836908e-01
0.000000000000000000e+00 0.000000000000000000e+00 0.000000000000000000e+00 1.000000000000000000e+00
7.734506726264953613e-01 -6.297860145568847656e-01 7.172458618879318237e-02 -1.816866772118403139e-01
-1.695795506238937378e-01 -3.146277666091918945e-01 -9.339443445205688477e-01 -3.418411452979071008e+00
6.107515096664428711e-01 7.101964354515075684e-01 -3.501476645469665527e-01 -1.557214689544067499e+00
0.000000000000000000e+00 0.000000000000000000e+00 0.000000000000000000e+00 1.000000000000000000e+00
9.508322477340698242e-01 -1.627933531999588013e-01 -2.634689509868621826e-01 -1.476866006597521874e+00
-3.076784014701843262e-01 -3.993477225303649902e-01 -8.636293411254882812e-01 -3.021261378367230410e+00
3.537751361727714539e-02 9.022303819656372070e-01 -4.298006892204284668e-01 -1.540784570944102150e+00
0.000000000000000000e+00 0.000000000000000000e+00 0.000000000000000000e+00 1.000000000000000000e+00
8.853086829185485840e-01 -3.856560289859771729e-01 -2.598037421703338623e-01 -1.364762633501740874e+00
-4.383828938007354736e-01 -5.058772563934326172e-01 -7.429052591323852539e-01 -2.453870077500330371e+00
1.550771296024322510e-01 7.715939283370971680e-01 -6.169226765632629395e-01 -2.269873195104181729e+00
0.000000000000000000e+00 0.000000000000000000e+00 0.000000000000000000e+00 1.000000000000000000e+00
8.084712624549865723e-01 -5.275458097457885742e-01 -2.609015405178070068e-01 -1.254491081611663228e+00
-5.689251422882080078e-01 -5.870596766471862793e-01 -5.759212970733642578e-01 -1.743890062165350363e+00
1.506599485874176025e-01 6.140489578247070312e-01 -7.747548818588256836e-01 -2.796335179859862130e+00
0.000000000000000000e+00 0.000000000000000000e+00 0.000000000000000000e+00 1.000000000000000000e+00
7.390332818031311035e-01 -6.080686450004577637e-01 -2.899691462516784668e-01 -1.244623875905520149e+00
-6.693553328514099121e-01 -6.141669154167175293e-01 -4.180455207824707031e-01 -1.104887107847662753e+00
7.611115276813507080e-02 5.030419230461120605e-01 -8.609037399291992188e-01 -3.033277379253011663e+00
0.000000000000000000e+00 0.000000000000000000e+00 0.000000000000000000e+00 1.000000000000000000e+00
6.599917411804199219e-01 -7.185314893722534180e-01 -2.193706333637237549e-01 -8.575045670811336507e-01
-7.487712502479553223e-01 -6.053177714347839355e-01 -2.700580060482025146e-01 -5.287086320960465713e-01
6.125621497631072998e-02 3.424945473670959473e-01 -9.375207424163818359e-01 -3.248396286111125963e+00
0.000000000000000000e+00 0.000000000000000000e+00 0.000000000000000000e+00 1.000000000000000000e+00
6.862155795097351074e-01 -7.068055272102355957e-01 -1.718534082174301147e-01 -6.985142148386279670e-01
-7.270115017890930176e-01 -6.587355136871337891e-01 -1.937048435211181641e-01 -2.206688559987175779e-01
2.370573952794075012e-02 2.578629553318023682e-01 -9.658908247947692871e-01 -3.289576888416815059e+00
0.000000000000000000e+00 0.000000000000000000e+00 0.000000000000000000e+00 1.000000000000000000e+00
6.934695243835449219e-01 -6.992329955101013184e-01 -1.737044155597686768e-01 -7.132471175263604968e-01
-7.152996063232421875e-01 -6.970439553260803223e-01 -4.975458234548568726e-02 2.949672050346955343e-01
-8.628951758146286011e-02 1.587540060281753540e-01 -9.835402369499206543e-01 -3.236082917882279641e+00
0.000000000000000000e+00 0.000000000000000000e+00 0.000000000000000000e+00 1.000000000000000000e+00
6.753904819488525391e-01 -7.200091481208801270e-01 -1.594800651073455811e-01 -6.440266469713660236e-01
-7.259116768836975098e-01 -6.872034668922424316e-01 2.833611518144607544e-02 5.449816940192223624e-01
-1.299975812435150146e-01 9.663064032793045044e-02 -9.867944121360778809e-01 -3.184994607637456898e+00
0.000000000000000000e+00 0.000000000000000000e+00 0.000000000000000000e+00 1.000000000000000000e+00
6.623272895812988281e-01 -7.375456690788269043e-01 -1.317141205072402954e-01 -5.283037961331300547e-01
-7.338240742683410645e-01 -6.740686893463134766e-01 8.446019142866134644e-02 7.082153445672016989e-01
-1.510775685310363770e-01 4.071476310491561890e-02 -9.876829981803894043e-01 -3.141231858716172720e+00
0.000000000000000000e+00 0.000000000000000000e+00 0.000000000000000000e+00 1.000000000000000000e+00
5.898236632347106934e-01 -7.929830551147460938e-01 -1.525974720716476440e-01 -5.199817937030594139e-01
-7.583945989608764648e-01 -6.088644266128540039e-01 2.326400429010391235e-01 1.199639106087623919e+00
-2.773908078670501709e-01 -2.148747071623802185e-02 -9.605169296264648438e-01 -2.967520021968639288e+00
0.000000000000000000e+00 0.000000000000000000e+00 0.000000000000000000e+00 1.000000000000000000e+00
5.823799967765808105e-01 -7.941721081733703613e-01 -1.735637634992599487e-01 -5.770238029350515108e-01
-6.767522692680358887e-01 -5.919397473335266113e-01 4.377370178699493408e-01 1.857831846046319901e+00
-4.503778219223022461e-01 -1.374694705009460449e-01 -8.821916580200195312e-01 -2.576552311610436963e+00
0.000000000000000000e+00 0.000000000000000000e+00 0.000000000000000000e+00 1.000000000000000000e+00
6.053864359855651855e-01 -7.769032716751098633e-01 -1.729995012283325195e-01 -6.069033773992491554e-01
-6.102333664894104004e-01 -5.925928950309753418e-01 5.257841348648071289e-01 2.126977629415169435e+00
-5.110015869140625000e-01 -2.127324193716049194e-01 -8.328398466110229492e-01 -2.345628571689760467e+00
0.000000000000000000e+00 0.000000000000000000e+00 0.000000000000000000e+00 1.000000000000000000e+00
6.659105420112609863e-01 -7.246934771537780762e-01 -1.771507859230041504e-01 -6.752373661015327322e-01
-4.962730109691619873e-01 -6.076025962829589844e-01 6.201059818267822266e-01 2.392568350827012136e+00
-5.570241808891296387e-01 -3.250198662281036377e-01 -7.642548680305480957e-01 -2.031316938638876302e+00
0.000000000000000000e+00 0.000000000000000000e+00 0.000000000000000000e+00 1.000000000000000000e+00
7.384333610534667969e-01 -6.569937467575073242e-01 -1.519060432910919189e-01 -6.580541644928340483e-01
