-0.4946361780166626 -0.5474124550819397 0.6750367283821106 -0.1800278574228287 
-0.8690968751907349 0.309424489736557 -0.385910838842392 0.1619249433279037 
0.002379509387537837 -0.7775577902793884 -0.6288068890571594 0.1883158832788467 
0 0 0 1 

-0.4689828455448151 -0.606367290019989 0.6421632170677185 -0.1742088198661804 
-0.8814631104469299 0.3670150637626648 -0.2971912622451782 0.1356733441352844 
-0.05547647178173065 -0.7054208517074585 -0.706614077091217 0.216874748468399 
0 0 0 1 

-0.5039660334587097 -0.6551049947738647 0.5628992915153503 -0.1504273414611816 
-0.8634363412857056 0.3989163637161255 -0.3087772130966187 0.137702614068985 
-0.02226823940873146 -0.6416409611701965 -0.7666816711425781 0.2345766574144363 
0 0 0 1 

-0.6045370101928711 -0.674227237701416 0.4242078363895416 -0.103395864367485 
-0.7950248718261719 0.4774607419967651 -0.3741211295127869 0.1523299664258957 
0.04970010742545128 -0.5634259581565857 -0.8246700167655945 0.249286875128746 
0 0 0 1 

-0.672227680683136 -0.6770392060279846 0.2995451688766479 -0.0610978864133358 
-0.7350710034370422 0.5621647834777832 -0.3790003061294556 0.1521778851747513 
0.08820439130067825 -0.4749616086483002 -0.8755746483802795 0.2655697464942932 
0 0 0 1 

-0.724006175994873 -0.6504455804824829 0.2296434342861176 -0.03704847767949104 
-0.6851261854171753 0.639422595500946 -0.3489139676094055 0.1423837393522263 
0.08011031150817871 -0.409950464963913 -0.9085830450057983 0.2779591083526611 
0 0 0 1 

-0.7660361528396606 -0.6286007761955261 0.1343489140272141 -0.004103861283510923 
-0.6340986490249634 0.7047115564346313 -0.3182774186134338 0.1315704733133316 
0.105392225086689 -0.3290024697780609 -0.9384294748306274 0.2874935567378998 
0 0 0 1 

-0.8031241893768311 -0.5936406254768372 0.05082328990101814 0.02411292865872383 
-0.5891909599304199 0.7786224484443665 -0.2158730328083038 0.09813762456178665 
0.08857882022857666 -0.203317403793335 -0.9750982522964478 0.3001284599304199 
0 0 0 1 

-0.8402760624885559 -0.5420958995819092 0.008257878944277763 0.03867717087268829 
-0.5361795425415039 0.8286566734313965 -0.1607469767332077 0.08011371642351151 
0.0802973285317421 -0.1394995450973511 -0.9869612455368042 0.3044326901435852 
0 0 0 1 

-0.8596581220626831 -0.5105211138725281 -0.01884396560490131 0.04715371131896973 
-0.5066006183624268 0.8566541075706482 -0.09746425598859787 0.0619584359228611 
0.06590035557746887 -0.07423962652683258 -0.9950602650642395 0.3077959418296814 
0 0 0 1 

