-0.4657439589500427 -0.6001437306404114 0.6503151655197144 -0.1765955984592438 
-0.8830148577690125 0.3633718192577362 -0.2970615029335022 0.1349618285894394 
-0.05802657455205917 -0.7125926613807678 -0.6991741061210632 0.2148528695106506 
0 0 0 1 

-0.5012582540512085 -0.650282084941864 0.5708531141281128 -0.1530511677265167 
-0.8649647235870361 0.3948571681976318 -0.3097157180309296 0.1377006620168686 
-0.02400285191833973 -0.6490153670310974 -0.760396420955658 0.2326412945985794 
0 0 0 1 

-0.6039668321609497 -0.6652114391326904 0.438996434211731 -0.107802651822567 
-0.7959477305412292 0.4749991893768311 -0.3752905428409576 0.1525082588195801 
0.04112460091710091 -0.5760812759399414 -0.8163571953773499 0.2471192628145218 
0 0 0 1 

-0.6712390184402466 -0.6732156872749329 0.3101903796195984 -0.06399978697299957 
-0.7365137934684753 0.5585676431655884 -0.3815096318721771 0.1531203985214233 
0.08357603847980499 -0.4845438301563263 -0.8707649707794189 0.2642976641654968 
0 0 0 1 

-0.7168999314308167 -0.652831494808197 0.2446738034486771 -0.0416770875453949 
-0.6932692527770996 0.6304386258125305 -0.3491775095462799 0.1423715353012085 
0.07370226830244064 -0.4199501872062683 -0.9045493602752686 0.2771550416946411 
0 0 0 1 

-0.7679960131645203 -0.6242409944534302 0.1431962847709656 -0.006398768164217472 
-0.6326190233230591 0.7045287489891052 -0.3216090500354767 0.1324935853481293 
0.09987565129995346 -0.3375832140445709 -0.9359820485115051 0.2870946526527405 
0 0 0 1 

-0.8019170761108398 -0.5936495661735535 0.06715288013219833 0.0191350020468235 
-0.5923991203308105 0.7755532264709473 -0.2181298583745956 0.0987936407327652 
0.07741206139326096 -0.2147033363580704 -0.9736068844795227 0.3003330826759338 
0 0 0 1 

-0.8428015112876892 -0.5376607775688171 0.02463315054774284 0.03401125967502594 
-0.534206748008728 0.8300510048866272 -0.1601204574108124 0.07970083504915237 
0.06564371287822723 -0.1481089442968369 -0.9867901206016541 0.3052158951759338 
0 0 0 1 

-0.8815708756446838 -0.4709440469741821 -0.03231891617178917 0.05227375403046608 
-0.4674830436706543 0.8804925084114075 -0.07869274169206619 0.05415785685181618 
0.06551644951105118 -0.05426468327641487 -0.9963749051094055 0.3084211349487305 
0 0 0 1 

-0.9000353217124939 -0.4341931939125061 -0.03759144246578217 0.05441517010331154 
-0.4314067661762238 0.899846613407135 -0.06453448534011841 0.04960724711418152 
0.06184695288538933 -0.04186606779694557 -0.9972073435783386 0.3085543811321259 
0 0 0 1 

