0.5842038989067078 0.7923874855041504 0.1755782067775726 -0.05129598453640938 
-0.6756267547607422 0.5946763753890991 -0.4357618391513824 0.1654209643602371 
-0.449704498052597 0.1359483897686005 0.8827705383300781 -0.2232836186885834 
0 0 0 1 

0.5975856184959412 0.7803763151168823 0.1841307878494263 -0.05569365620613098 
-0.6106451749801636 0.5917751789093018 -0.5262266397476196 0.1894487887620926 
-0.5196188688278198 0.2020268887281418 0.8301694393157959 -0.2022648900747299 
0 0 0 1 

0.6605974435806274 0.7285163402557373 0.1813140064477921 -0.05968276783823967 
-0.4969141483306885 0.6053420901298523 -0.6218015551567078 0.2127966433763504 
-0.5627496838569641 0.3206629455089569 0.7618976235389709 -0.1749374866485596 
0 0 0 1 

0.8006555438041687 0.5872962474822998 0.118464007973671 -0.05259842425584793 
-0.365583211183548 0.6355612874031067 -0.6800077557563782 0.2235306948423386 
-0.474657267332077 0.5011435151100159 0.7235713601112366 -0.163947582244873 
0 0 0 1 

0.8785723447799683 0.4712328910827637 0.07778209447860718 -0.04894521087408066 
-0.3027898669242859 0.6754995584487915 -0.6723231673240662 0.2163175344467163 
-0.3693626523017883 0.5671328902244568 0.7361598610877991 -0.1720737218856812 
0 0 0 1 

0.82762610912323 0.404605895280838 0.3890103399753571 -0.1824791580438614 
-0.05756492167711258 0.7506106495857239 -0.6582323312759399 0.2287523448467255 
-0.5583200454711914 0.5223768949508667 0.6445161104202271 -0.1438979804515839 
0 0 0 1 

0.8253018856048584 0.3926972150802612 0.4057901501655579 -0.1881923377513885 
-0.09640857577323914 0.8060402274131775 -0.5839558243751526 0.2078617513179779 
-0.5564010739326477 0.4428181350231171 0.7030858993530273 -0.1677921861410141 
0 0 0 1 

0.8333043456077576 0.3734002113342285 0.4076468646526337 -0.1896186321973801 
-0.1302423477172852 0.8492540121078491 -0.5116682648658752 0.1864080876111984 
-0.5372528433799744 0.37328240275383 0.7563195824623108 -0.1911134272813797 
0 0 0 1 

0.8695206046104431 0.3031243681907654 0.3899349570274353 -0.1872992068529129 
-0.15287084877491 0.9159157872200012 -0.3711180686950684 0.1414649486541748 
-0.4696425795555115 0.2630850076675415 0.8427466154098511 -0.2305179536342621 
0 0 0 1 

0.8925638198852539 0.08427732437849045 0.4429751634597778 -0.2027465850114822 
0.07404889166355133 0.9416475892066956 -0.3283542990684509 0.1198783963918686 
-0.4447993040084839 0.3258789777755737 0.8342399001121521 -0.2222447395324707 
0 0 0 1 

