1.000000000000000000e+00 0.000000000000000000e+00 0.000000000000000000e+00 -3.619798645377159119e-02
0.000000000000000000e+00 1.000000000000000000e+00 0.000000000000000000e+00 -1.327119767665863037e-03
0.000000000000000000e+00 0.000000000000000000e+00 1.000000000000000000e+00 -2.960163652896881104e-01
0.000000000000000000e+00 0.000000000000000000e+00 0.000000000000000000e+00 1.000000000000000000e+00
9.896029829978942871e-01 1.413122415542602539e-01 2.676937170326709747e-02 -4.748364910483360291e-02
-1.396067291498184204e-01 9.885398149490356445e-01 -5.743709206581115723e-02 2.871494926512241364e-02
-3.457920625805854797e-02 5.310270935297012329e-02 9.979902505874633789e-01 -2.962504625320434570e-01
0.000000000000000000e+00 0.000000000000000000e+00 0.000000000000000000e+00 1.000000000000000000e+00
9.701062440872192383e-01 2.385616153478622437e-01 4.452326148748397827e-02 -5.297179892659187317e-02
-2.332333475351333618e-01 9.672068357467651367e-01 -1.005615815520286560e-01 5.268308147788047791e-02
-6.705339252948760986e-02 8.717106282711029053e-02 9.939340949058532715e-01 -2.941128909587860107e-01
0.000000000000000000e+00 0.000000000000000000e+00 0.000000000000000000e+00 1.000000000000000000e+00
9.396809339523315430e-01 3.384445011615753174e-01 4.954639449715614319e-02 -5.346262454986572266e-02
-3.284755647182464600e-01 9.332715868949890137e-01 -1.452858299016952515e-01 7.541640102863311768e-02
-9.541147202253341675e-02 1.202474832534790039e-01 9.881483316421508789e-01 -2.908623218536376953e-01
0.000000000000000000e+00 0.000000000000000000e+00 0.000000000000000000e+00 1.000000000000000000e+00
8.937653303146362305e-01 4.483391642570495605e-01 1.324044540524482727e-02 -3.722579777240753174e-02
-4.399833381175994873e-01 8.820803761482238770e-01 -1.683701574802398682e-01 8.925755321979522705e-02
-8.716613799333572388e-02 1.446578353643417358e-01 9.856348633766174316e-01 -2.904059290885925293e-01
0.000000000000000000e+00 0.000000000000000000e+00 0.000000000000000000e+00 1.000000000000000000e+00
8.265612721443176270e-01 5.628009438514709473e-01 7.159967441111803055e-03 -2.888565510511398315e-02
-5.516965389251708984e-01 8.126410841941833496e-01 -1.877371817827224731e-01 1.017775982618331909e-01
-1.114771962165832520e-01 1.512261331081390381e-01 9.821932315826416016e-01 -2.890397310256958008e-01
0.000000000000000000e+00 0.000000000000000000e+00 0.000000000000000000e+00 1.000000000000000000e+00
7.503111958503723145e-01 6.605287194252014160e-01 -2.710500359535217285e-02 -1.137869432568550110e-02
-6.544898152351379395e-01 7.364243865013122559e-01 -1.712369620800018311e-01 1.007713600993156433e-01
-9.314626455307006836e-02 1.462208926677703857e-01 9.848570227622985840e-01 -2.922092974185943604e-01
0.000000000000000000e+00 0.000000000000000000e+00 0.000000000000000000e+00 1.000000000000000000e+00
6.891321539878845215e-01 7.219181656837463379e-01 -6.269849091768264771e-02 3.027634462341666222e-03
-7.235426902770996094e-01 6.807611584663391113e-01 -1.142370477318763733e-01 8.209829777479171753e-02
-3.978713974356651306e-02 1.240894943475723267e-01 9.914731979370117188e-01 -2.993927896022796631e-01
0.000000000000000000e+00 0.000000000000000000e+00 0.000000000000000000e+00 1.000000000000000000e+00
5.863732695579528809e-01 8.098050951957702637e-01 -1.951708272099494934e-02 -6.908067502081394196e-03
-8.086726069450378418e-01 5.838135480880737305e-01 -7.218000292778015137e-02 6.873963028192520142e-02
-4.705747961997985840e-02 5.810740590095520020e-02 9.972007870674133301e-01 -3.067888915538787842e-01
0.000000000000000000e+00 0.000000000000000000e+00 0.000000000000000000e+00 1.000000000000000000e+00
5.027172565460205078e-01 8.635295033454895020e-01 -3.989856690168380737e-02 4.138587508350610733e-03
-8.640165925025939941e-01 5.004665255546569824e-01 -5.484860762953758240e-02 6.365609914064407349e-02
-2.739552408456802368e-02 6.204634159803390503e-02 9.976977109909057617e-01 -3.106059730052947998e-01
0.000000000000000000e+00 0.000000000000000000e+00 0.000000000000000000e+00 1.000000000000000000e+00
4.025760591030120850e-01 9.145067930221557617e-01 -4.012629762291908264e-02 8.906753733754158020e-03
-9.153145551681518555e-01 4.027088284492492676e-01 -5.077296402305364609e-03 4.575327038764953613e-02
1.151597592979669571e-02 3.877214714884757996e-02 9.991815090179443359e-01 -3.151885569095611572e-01
0.000000000000000000e+00 0.000000000000000000e+00 0.000000000000000000e+00 1.000000000000000000e+00
2.920160293579101562e-01 9.547175168991088867e-01 -5.693302303552627563e-02 1.956176385283470154e-02
-9.551897644996643066e-01 2.941350340843200684e-01 3.311398997902870178e-02 3.173214942216873169e-02
4.836050048470497131e-02 4.471204057335853577e-02 9.978281855583190918e-01 -3.176223933696746826e-01
0.000000000000000000e+00 0.000000000000000000e+00 0.000000000000000000e+00 1.000000000000000000e+00
1.753449141979217529e-01 9.826749563217163086e-01 -6.003598123788833618e-02 2.560216747224330902e-02
-9.823564887046813965e-01 1.786648482084274292e-01 5.527099967002868652e-02 2.276340499520301819e-02
6.503974646329879761e-02 4.928527027368545532e-02 9.966651201248168945e-01 -3.185766935348510742e-01
0.000000000000000000e+00 0.000000000000000000e+00 0.000000000000000000e+00 1.000000000000000000e+00
9.682754427194595337e-02 9.921863079071044922e-01 -7.867851853370666504e-02 3.469966351985931396e-02
-9.909681677818298340e-01 1.034727022051811218e-01 8.529886603355407715e-02 1.156744267791509628e-02
9.277345240116119385e-02 6.970855593681335449e-02 9.932436943054199219e-01 -3.177086710929870605e-01
0.000000000000000000e+00 0.000000000000000000e+00 0.000000000000000000e+00 1.000000000000000000e+00
1.710858754813671112e-02 9.971204400062561035e-01 -7.387688755989074707e-02 3.830548375844955444e-02
-9.971381425857543945e-01 2.245740406215190887e-02 7.218927145004272461e-02 1.796807721257209778e-02
7.364048063755035400e-02 7.243048399686813354e-02 9.946514964103698730e-01 -3.122362494468688965e-01
0.000000000000000000e+00 0.000000000000000000e+00 0.000000000000000000e+00 1.000000000000000000e+00
-9.159906953573226929e-02 9.065407514572143555e-01 -4.120593667030334473e-01 1.562771052122116089e-01
-9.902737140655517578e-01 -3.940771892666816711e-02 1.334360539913177490e-01 -2.596388338133692741e-03
1.047268211841583252e-01 4.202741980552673340e-01 9.013331532478332520e-01 -2.759862840175628662e-01
0.000000000000000000e+00 0.000000000000000000e+00 0.000000000000000000e+00 1.000000000000000000e+00
-1.659632623195648193e-01 8.839142918586730957e-01 -4.372084438800811768e-01 1.662997603416442871e-01
-9.762640595436096191e-01 -8.470888435840606689e-02 1.993294656276702881e-01 -2.554848417639732361e-02
1.391547471284866333e-01 4.599122703075408936e-01 8.769927620887756348e-01 -2.693776786327362061e-01
0.000000000000000000e+00 0.000000000000000000e+00 0.000000000000000000e+00 1.000000000000000000e+00
-1.384079754352569580e-01 8.260951638221740723e-01 -5.462689995765686035e-01 1.948648691177368164e-01
-9.903391003608703613e-01 -1.201740428805351257e-01 6.918869912624359131e-02 1.653475873172283173e-02
-8.490900509059429169e-03 5.505677461624145508e-01 8.347470760345458984e-01 -2.481396049261093140e-01
0.000000000000000000e+00 0.000000000000000000e+00 0.000000000000000000e+00 1.000000000000000000e+00
-8.987890928983688354e-02 7.511435151100158691e-01 -6.539914608001708984e-01 2.184865027666091919e-01
-9.944064617156982422e-01 -3.110738284885883331e-02 1.009341329336166382e-01 9.513021446764469147e-03
5.547208338975906372e-02 6.594054698944091797e-01 7.497380971908569336e-01 -2.305813729763031006e-01
0.000000000000000000e+00 0.000000000000000000e+00 0.000000000000000000e+00 1.000000000000000000e+00
-5.801754817366600037e-02 5.750415325164794922e-01 -8.160644173622131348e-01 2.659315168857574463e-01
-9.853000044822692871e-01 9.858494251966476440e-02 1.395172029733657837e-01 -2.602337626740336418e-03
1.606799662113189697e-01 8.121629953384399414e-01 5.608686804771423340e-01 -1.715260446071624756e-01
0.000000000000000000e+00 0.000000000000000000e+00 0.000000000000000000e+00 1.000000000000000000e+00
-1.263771504163742065e-01 4.338794350624084473e-01 -8.920636773109436035e-01 2.883776426315307617e-01
-9.851507544517517090e-01 5.046374350786209106e-02 1.641091853380203247e-01 -1.397835277020931244e-02
1.162203103303909302e-01 8.995563983917236328e-01 4.210590720176696777e-01 -1.225503757596015930e-01
0.000000000000000000e+00 0.000000000000000000e+00 0.000000000000000000e+00 1.000000000000000000e+00
-1.949239820241928101e-01 3.231033086776733398e-01 -9.260717034339904785e-01 3.004857599735260010e-01
-9.747530817985534668e-01 4.102235659956932068e-02 2.194832861423492432e-01 -3.173907473683357239e-02
1.089053973555564880e-01 9.454736709594726562e-01 3.069497346878051758e-01 -8.686922490596771240e-02
0.000000000000000000e+00 0.000000000000000000e+00 0.000000000000000000e+00 1.000000000000000000e+00
-2.785272896289825439e-01 2.070456892251968384e-01 -9.378457069396972656e-01 3.075354993343353271e-01
-9.576473832130432129e-01 1.438407227396965027e-02 2.875837385654449463e-01 -5.429726839065551758e-02
7.303296029567718506e-02 9.782255887985229492e-01 1.942705661058425903e-01 -4.919500276446342468e-02
0.000000000000000000e+00 0.000000000000000000e+00 0.000000000000000000e+00 1.000000000000000000e+00
-1.912950575351715088e-01 -8.135830760002136230e-01 -5.490800738334655762e-01 1.790858954191207886e-01
-9.481491446495056152e-01 8.514710702002048492e-03 3.177113831043243408e-01 -6.188936531543731689e-02
-2.538091838359832764e-01 5.813867449760437012e-01 -7.730267047882080078e-01 2.722899317741394043e-01
0.000000000000000000e+00 0.000000000000000000e+00 0.000000000000000000e+00 1.000000000000000000e+00
-1.790550649166107178e-01 -8.529880046844482422e-01 -4.902566373348236084e-01 1.586883664131164551e-01
-9.675902128219604492e-01 6.248582527041435242e-02 2.446721941232681274e-01 -3.911520913243293762e-02
-1.780682951211929321e-01 5.181775689125061035e-01 -8.365309238433837891e-01 2.877925634384155273e-01
0.000000000000000000e+00 0.000000000000000000e+00 0.000000000000000000e+00 1.000000000000000000e+00
-9.651555120944976807e-02 -8.413541316986083984e-01 -5.317962169647216797e-01 1.647560596466064453e-01
-9.892144203186035156e-01 2.194104157388210297e-02 1.448204219341278076e-01 -5.012215115129947662e-03
-1.101772412657737732e-01 5.400378704071044922e-01 -8.343973159790039062e-01 2.830000519752502441e-01
0.000000000000000000e+00 0.000000000000000000e+00 0.000000000000000000e+00 1.000000000000000000e+00
1.795652508735656738e-02 -8.493703603744506836e-01 -5.274907350540161133e-01 1.538783460855484009e-01
-9.992350935935974121e-01 -3.357423841953277588e-02 2.004672773182392120e-02 3.737352043390274048e-02
-3.473729640245437622e-02 5.267274975776672363e-01 -8.493240475654602051e-01 2.822710871696472168e-01
0.000000000000000000e+00 0.000000000000000000e+00 0.000000000000000000e+00 1.000000000000000000e+00
5.338577926158905029e-02 -8.450444936752319336e-01 -5.320233702659606934e-01 1.518970131874084473e-01
-9.949970841407775879e-01 3.637971894931979477e-05 -9.990055859088897705e-02 7.619197666645050049e-02
8.443982154130935669e-02 5.346952080726623535e-01 -8.408152461051940918e-01 2.717371582984924316e-01
0.000000000000000000e+00 0.000000000000000000e+00 0.000000000000000000e+00 1.000000000000000000e+00
2.581442333757877350e-02 -8.589728474617004395e-01 -5.113701224327087402e-01 1.492255926132202148e-01
-9.825904369354248047e-01 7.234223932027816772e-02 -1.711188703775405884e-01 9.053958952426910400e-02
1.839802712202072144e-01 5.068845748901367188e-01 -8.421514034271240234e-01 2.682804465293884277e-01
0.000000000000000000e+00 0.000000000000000000e+00 0.000000000000000000e+00 1.000000000000000000e+00
-4.204435274004936218e-02 -8.602475523948669434e-01 -5.081386566162109375e-01 1.560711264610290527e-01
-9.949372410774230957e-01 8.251506835222244263e-02 -5.736951902508735657e-02 5.380483344197273254e-02
9.128110110759735107e-02 5.031545162200927734e-01 -8.593623638153076172e-01 2.887486815452575684e-01
0.000000000000000000e+00 0.000000000000000000e+00 0.000000000000000000e+00 1.000000000000000000e+00
-5.024600774049758911e-02 -8.724773526191711426e-01 -4.860644936561584473e-01 1.474799811840057373e-01
-9.925713539123535156e-01 -1.037004496902227402e-02 1.212191358208656311e-01 -2.397085772827267647e-03
-1.108014881610870361e-01 4.885446131229400635e-01 -8.654752373695373535e-01 3.084465861320495605e-01
0.000000000000000000e+00 0.000000000000000000e+00 0.000000000000000000e+00 1.000000000000000000e+00
1.297451704740524292e-01 -8.554300069808959961e-01 -5.014035701751708984e-01 1.387953311204910278e-01
-9.852138161659240723e-01 -1.682829856872558594e-01 3.216493502259254456e-02 2.495848760008811951e-02
-1.118926107883453369e-01 4.898164868354797363e-01 -8.646157383918762207e-01 3.102596998214721680e-01
0.000000000000000000e+00 0.000000000000000000e+00 0.000000000000000000e+00 1.000000000000000000e+00
2.244118750095367432e-01 -8.020337224006652832e-01 -5.535168647766113281e-01 1.411957293748855591e-01
-9.453184604644775391e-01 -3.171143531799316406e-01 7.623226940631866455e-02 9.952261112630367279e-03
-2.366691082715988159e-01 5.061424374580383301e-01 -8.293415904045104980e-01 3.045336604118347168e-01
0.000000000000000000e+00 0.000000000000000000e+00 0.000000000000000000e+00 1.000000000000000000e+00
3.323191702365875244e-01 -7.332696914672851562e-01 -5.931943655014038086e-01 1.389710307121276855e-01
-9.102799892425537109e-01 -4.139885306358337402e-01 1.790312002412974834e-03 3.196355327963829041e-02
-2.468885928392410278e-01 5.393780469894409180e-01 -8.050569891929626465e-01 2.916864454746246338e-01
0.000000000000000000e+00 0.000000000000000000e+00 0.000000000000000000e+00 1.000000000000000000e+00
3.553496599197387695e-01 -7.247637510299682617e-01 -5.902918577194213867e-01 1.355898529291152954e-01
-9.212619662284851074e-01 -3.783843219280242920e-01 -9.000765532255172729e-02 6.228876858949661255e-02
-1.581229716539382935e-01 5.757974982261657715e-01 -8.021559119224548340e-01 2.825470864772796631e-01
0.000000000000000000e+00 0.000000000000000000e+00 0.000000000000000000e+00 1.000000000000000000e+00
3.674918115139007568e-01 -7.079527974128723145e-01 -6.031190156936645508e-01 1.391775608062744141e-01
-9.260862469673156738e-01 -3.381885290145874023e-01 -1.673093438148498535e-01 8.700523525476455688e-02
-8.552090823650360107e-02 6.200251579284667969e-01 -7.799072265625000000e-01 2.695406973361968994e-01
0.000000000000000000e+00 0.000000000000000000e+00 0.000000000000000000e+00 1.000000000000000000e+00
5.359807610511779785e-01 -6.012825965881347656e-01 -5.926068425178527832e-01 1.304183751344680786e-01
-8.396201729774475098e-01 -4.529113471508026123e-01 -2.998483479022979736e-01 1.226385384798049927e-01
-8.810503035783767700e-02 6.582779288291931152e-01 -7.476009130477905273e-01 2.582698464393615723e-01
0.000000000000000000e+00 0.000000000000000000e+00 0.000000000000000000e+00 1.000000000000000000e+00
6.762143373489379883e-01 -4.196613132953643799e-01 -6.054902672767639160e-01 1.299319416284561157e-01
-7.143933773040771484e-01 -5.742764472961425781e-01 -3.998105525970458984e-01 1.516281962394714355e-01
-1.799338310956954956e-01 7.029160261154174805e-01 -6.881371140480041504e-01 2.540321946144104004e-01
0.000000000000000000e+00 0.000000000000000000e+00 0.000000000000000000e+00 1.000000000000000000e+00
7.061389088630676270e-01 -3.467649221420288086e-01 -6.173505783081054688e-01 1.296010166406631470e-01
-6.501553654670715332e-01 -6.628878712654113770e-01 -3.713182806968688965e-01 1.412492394447326660e-01
-2.804742157459259033e-01 6.635761857032775879e-01 -6.935421824455261230e-01 2.655285000801086426e-01
0.000000000000000000e+00 0.000000000000000000e+00 0.000000000000000000e+00 1.000000000000000000e+00
7.474049925804138184e-01 -2.531661391258239746e-01 -6.142415404319763184e-01 1.338661760091781616e-01
-5.727481842041015625e-01 -7.140451073646545410e-01 -4.026148319244384766e-01 1.436958014965057373e-01
-3.366678059101104736e-01 6.527220606803894043e-01 -6.786811947822570801e-01 2.611940801143646240e-01
0.000000000000000000e+00 0.000000000000000000e+00 0.000000000000000000e+00 1.000000000000000000e+00
7.386187911033630371e-01 -2.438058704137802124e-01 -6.284910440444946289e-01 1.455565094947814941e-01
-5.421828627586364746e-01 -7.688760757446289062e-01 -3.389226496219635010e-01 1.157043203711509705e-01
-4.005998671054840088e-01 5.910914540290832520e-01 -7.000930905342102051e-01 2.718261480331420898e-01
0.000000000000000000e+00 0.000000000000000000e+00 0.000000000000000000e+00 1.000000000000000000e+00
7.295228242874145508e-01 -3.491059243679046631e-01 -5.881507992744445801e-01 1.406038552522659302e-01
-5.900214910507202148e-01 -7.561594247817993164e-01 -2.830138206481933594e-01 9.461053460836410522e-02
-3.459340035915374756e-01 5.534872412681579590e-01 -7.576158642768859863e-01 2.865380346775054932e-01
0.000000000000000000e+00 0.000000000000000000e+00 0.000000000000000000e+00 1.000000000000000000e+00
8.085929155349731445e-01 -1.813243031501770020e-01 -5.597314238548278809e-01 1.358739435672760010e-01
-5.296183228492736816e-01 -6.386956572532653809e-01 -5.581866502761840820e-01 1.813136935234069824e-01
-2.562852501869201660e-01 7.477895021438598633e-01 -6.124773025512695312e-01 2.462884187698364258e-01
0.000000000000000000e+00 0.000000000000000000e+00 0.000000000000000000e+00 1.000000000000000000e+00
8.454281687736511230e-01 -1.093783080577850342e-01 -5.227689743041992188e-01 1.226734519004821777e-01
-4.820911884307861328e-01 -5.775516033172607422e-01 -6.588028669357299805e-01 2.144631445407867432e-01
-2.298675924539566040e-01 8.089929223060607910e-01 -5.410088896751403809e-01 2.218082100152969360e-01
0.000000000000000000e+00 0.000000000000000000e+00 0.000000000000000000e+00 1.000000000000000000e+00
8.663282990455627441e-01 -9.847768582403659821e-03 -4.993779361248016357e-01 1.154800355434417725e-01
-4.334958791732788086e-01 -5.114610791206359863e-01 -7.419489622116088867e-01 2.421890050172805786e-01
-2.481059879064559937e-01 8.592497706413269043e-01 -4.473624229431152344e-01 1.922747343778610229e-01
0.000000000000000000e+00 0.000000000000000000e+00 0.000000000000000000e+00 1.000000000000000000e+00
8.612357378005981445e-01 1.785570234060287476e-01 -4.758049845695495605e-01 1.108427345752716064e-01
-3.702147901058197021e-01 -4.209639728069305420e-01 -8.280878067016601562e-01 2.706107497215270996e-01
-3.481578528881072998e-01 8.893290162086486816e-01 -2.964447438716888428e-01 1.475876271724700928e-01
0.000000000000000000e+00 0.000000000000000000e+00 0.000000000000000000e+00 1.000000000000000000e+00
9.496710896492004395e-01 -2.617624402046203613e-01 -1.720627397298812866e-01 1.093305996619164944e-03
-2.502209842205047607e-01 -3.034516870975494385e-01 -9.194051623344421387e-01 2.946723103523254395e-01
1.884530335664749146e-01 9.161862730979919434e-01 -3.536777794361114502e-01 1.343783736228942871e-01
0.000000000000000000e+00 0.000000000000000000e+00 0.000000000000000000e+00 1.000000000000000000e+00
9.739737510681152344e-01 -1.603374630212783813e-01 -1.602089107036590576e-01 -2.749596722424030304e-03
-1.940284073352813721e-01 -2.244134545326232910e-01 -9.549825787544250488e-01 3.036211431026458740e-01
1.171664372086524963e-01 9.612131714820861816e-01 -2.496827542781829834e-01 1.025176718831062317e-01
0.000000000000000000e+00 0.000000000000000000e+00 0.000000000000000000e+00 1.000000000000000000e+00
9.797090888023376465e-01 -1.522368639707565308e-01 -1.303609609603881836e-01 -1.174883730709552765e-02
-1.482823789119720459e-01 -1.129662320017814636e-01 -9.824718832969665527e-01 3.099450170993804932e-01
1.348420381546020508e-01 9.818665981292724609e-01 -1.332480907440185547e-01 6.188264489173889160e-02
0.000000000000000000e+00 0.000000000000000000e+00 0.000000000000000000e+00 1.000000000000000000e+00
9.649927616119384766e-01 -2.297075241804122925e-01 -1.265839040279388428e-01 -1.445197314023971558e-02
-1.434930413961410522e-01 -5.839648097753524780e-02 -9.879273176193237305e-01 3.101888000965118408e-01
2.195421755313873291e-01 9.715061187744140625e-01 -8.931364119052886963e-02 4.103319719433784485e-02
0.000000000000000000e+00 0.000000000000000000e+00 0.000000000000000000e+00 1.000000000000000000e+00
9.920654892921447754e-01 7.961680740118026733e-02 -9.730280190706253052e-02 -2.198032476007938385e-02
-1.001031175255775452e-01 3.196199983358383179e-02 -9.944637417793273926e-01 3.091218471527099609e-01
-7.606606185436248779e-02 9.963131546974182129e-01 3.967827185988426208e-02 1.189212407916784286e-02
0.000000000000000000e+00 0.000000000000000000e+00 0.000000000000000000e+00 1.000000000000000000e+00
9.966406226158142090e-01 5.215828493237495422e-02 -6.314553320407867432e-02 -3.310554474592208862e-02
-6.924647837877273560e-02 1.249218136072158813e-01 -9.897473454475402832e-01 3.036089837551116943e-01
-4.373539611697196960e-02 9.907943010330200195e-01 1.281138956546783447e-01 -2.191882394254207611e-02
0.000000000000000000e+00 0.000000000000000000e+00 0.000000000000000000e+00 1.000000000000000000e+00
9.782292842864990234e-01 1.397979408502578735e-01 -1.533744782209396362e-01 -5.654404405504465103e-03
-1.753589510917663574e-01 1.616007387638092041e-01 -9.711512923240661621e-01 3.057907521724700928e-01
-1.109795346856117249e-01 9.769039750099182129e-01 1.825973540544509888e-01 -2.492282167077064514e-02
0.000000000000000000e+00 0.000000000000000000e+00 0.000000000000000000e+00 1.000000000000000000e+00
8.214222788810729980e-01 5.545901656150817871e-01 -1.330243945121765137e-01 3.849137574434280396e-03
-2.696258127689361572e-01 1.720927655696868896e-01 -9.474629163742065430e-01 3.080212473869323730e-01
-5.025609135627746582e-01 8.141335844993591309e-01 2.908925116062164307e-01 -3.546443209052085876e-02
0.000000000000000000e+00 0.000000000000000000e+00 0.000000000000000000e+00 1.000000000000000000e+00
5.564610362052917480e-01 8.307744264602661133e-01 -1.286524720489978790e-02 -5.765950307250022888e-03
-3.736455440521240234e-01 2.363816499710083008e-01 -8.969462513923645020e-01 3.072885870933532715e-01
-7.421185970306396484e-01 5.039228200912475586e-01 4.419523477554321289e-01 -7.144716382026672363e-02
0.000000000000000000e+00 0.000000000000000000e+00 0.000000000000000000e+00 1.000000000000000000e+00
8.904524445533752441e-01 3.766135275363922119e-01 -2.554528415203094482e-01 3.779376298189163208e-02
-3.888331651687622070e-01 3.380062282085418701e-01 -8.570643663406372070e-01 3.003631830215454102e-01
-2.364375740289688110e-01 8.625044226646423340e-01 4.474185705184936523e-01 -9.415044635534286499e-02
0.000000000000000000e+00 0.000000000000000000e+00 0.000000000000000000e+00 1.000000000000000000e+00
8.851943016052246094e-01 1.829089522361755371e-01 -4.277565777301788330e-01 8.734430372714996338e-02
-4.641114771366119385e-01 4.106802344322204590e-01 -7.848194837570190430e-01 2.880000174045562744e-01
3.212054446339607239e-02 8.932444453239440918e-01 4.484218657016754150e-01 -1.117427200078964233e-01
0.000000000000000000e+00 0.000000000000000000e+00 0.000000000000000000e+00 1.000000000000000000e+00
8.722803592681884766e-01 1.683234721422195435e-01 -4.591240882873535156e-01 9.797979891300201416e-02
-4.770239889621734619e-01 4.994682073593139648e-01 -7.231730222702026367e-01 2.697253823280334473e-01
1.075908020138740540e-01 8.498228788375854492e-01 5.159707665443420410e-01 -1.407533288002014160e-01
0.000000000000000000e+00 0.000000000000000000e+00 0.000000000000000000e+00 1.000000000000000000e+00
8.626171946525573730e-01 1.569288820028305054e-01 -4.808995425701141357e-01 1.055824384093284607e-01
-4.747991859912872314e-01 5.791521072387695312e-01 -6.626830697059631348e-01 2.530644536018371582e-01
1.745198071002960205e-01 7.999724745750427246e-01 5.740960240364074707e-01 -1.610674560070037842e-01
0.000000000000000000e+00 0.000000000000000000e+00 0.000000000000000000e+00 1.000000000000000000e+00
8.456696867942810059e-01 1.148226931691169739e-01 -5.212082266807556152e-01 1.154679432511329651e-01
-4.499370753765106201e-01 6.786344051361083984e-01 -5.805268287658691406e-01 2.286110073328018188e-01
2.870521545410156250e-01 7.254453897476196289e-01 6.255637407302856445e-01 -1.838505715131759644e-01
0.000000000000000000e+00 0.000000000000000000e+00 0.000000000000000000e+00 1.000000000000000000e+00
8.317411541938781738e-01 1.263951212167739868e-01 -5.405839681625366211e-01 1.232898160815238953e-01
-4.455624222755432129e-01 7.328589558601379395e-01 -5.141891837120056152e-01 2.087855637073516846e-01
3.311809301376342773e-01 6.685366630554199219e-01 6.658665537834167480e-01 -2.007882297039031982e-01
0.000000000000000000e+00 0.000000000000000000e+00 0.000000000000000000e+00 1.000000000000000000e+00
8.039240837097167969e-01 1.669875085353851318e-01 -5.708069801330566406e-01 1.362461894750595093e-01
-4.546389579772949219e-01 7.913094162940979004e-01 -4.088180661201477051e-01 1.778596788644790649e-01
3.834173679351806641e-01 5.881702899932861328e-01 7.120720148086547852e-01 -2.206573039293289185e-01
0.000000000000000000e+00 0.000000000000000000e+00 0.000000000000000000e+00 1.000000000000000000e+00
7.762973308563232422e-01 2.220730483531951904e-01 -5.899539589881896973e-01 1.461620926856994629e-01
-4.617143869400024414e-01 8.374838829040527344e-01 -2.923026680946350098e-01 1.429188400506973267e-01
4.291640818119049072e-01 4.993038475513458252e-01 7.526706457138061523e-01 -2.392944246530532837e-01
0.000000000000000000e+00 0.000000000000000000e+00 0.000000000000000000e+00 1.000000000000000000e+00
7.519557476043701172e-01 2.849264144897460938e-01 -5.944570899009704590e-01 1.515933722257614136e-01
-4.631527960300445557e-01 8.700463771820068359e-01 -1.688449233770370483e-01 1.049332246184349060e-01
4.690969884395599365e-01 4.022886455059051514e-01 7.862010002136230469e-01 -2.550729215145111084e-01
0.000000000000000000e+00 0.000000000000000000e+00 0.000000000000000000e+00 1.000000000000000000e+00
7.320306301116943359e-01 3.647469580173492432e-01 -5.754045844078063965e-01 1.484361290931701660e-01
-4.421905577182769775e-01 8.969008326530456543e-01 5.987022072076797485e-03 5.042165890336036682e-02
5.182643532752990723e-01 2.500556707382202148e-01 8.178467154502868652e-01 -2.708940505981445312e-01
0.000000000000000000e+00 0.000000000000000000e+00 0.000000000000000000e+00 1.000000000000000000e+00
7.186220884323120117e-01 4.015810787677764893e-01 -5.677282810211181641e-01 1.452827453613281250e-01
-3.728601336479187012e-01 9.116392731666564941e-01 1.728847920894622803e-01 -7.382828742265701294e-03
5.869907140731811523e-01 8.744456619024276733e-02 8.048573732376098633e-01 -2.687906324863433838e-01
0.000000000000000000e+00 0.000000000000000000e+00 0.000000000000000000e+00 1.000000000000000000e+00
7.187138795852661133e-01 4.196095466613769531e-01 -5.544173121452331543e-01 1.397381275892257690e-01
-2.981971800327301025e-01 9.063345789909362793e-01 2.993921339511871338e-01 -5.315153673291206360e-02
6.281153559684753418e-01 -4.985153302550315857e-02 7.765215039253234863e-01 -2.619675397872924805e-01
0.000000000000000000e+00 0.000000000000000000e+00 0.000000000000000000e+00 1.000000000000000000e+00
7.081998586654663086e-01 4.504472017288208008e-01 -5.436452627182006836e-01 1.363504230976104736e-01
-2.441435754299163818e-01 8.787671327590942383e-01 4.100756347179412842e-01 -9.150756150484085083e-02
6.624550819396972656e-01 -1.576879173517227173e-01 7.323165535926818848e-01 -2.497529536485671997e-01
0.000000000000000000e+00 0.000000000000000000e+00 0.000000000000000000e+00 1.000000000000000000e+00
7.088237404823303223e-01 4.699468612670898438e-01 -5.260405540466308594e-01 1.303905546665191650e-01
-1.589616239070892334e-01 8.329869508743286133e-01 5.299661755561828613e-01 -1.359670758247375488e-01
6.872407793998718262e-01 -2.920321524143218994e-01 6.651443243026733398e-01 -2.304082065820693970e-01
0.000000000000000000e+00 0.000000000000000000e+00 0.000000000000000000e+00 1.000000000000000000e+00
6.908133625984191895e-01 5.001289248466491699e-01 -5.221568346023559570e-01 1.301844269037246704e-01
-9.602090716361999512e-02 7.792378067970275879e-01 6.193288564682006836e-01 -1.700071096420288086e-01
7.166286706924438477e-01 -3.777026534080505371e-01 5.863307714462280273e-01 -2.072612643241882324e-01
0.000000000000000000e+00 0.000000000000000000e+00 0.000000000000000000e+00 1.000000000000000000e+00
7.063589692115783691e-01 5.090274214744567871e-01 -4.918821454048156738e-01 1.197590827941894531e-01
-3.639443218708038330e-02 7.200896739959716797e-01 6.929258704185485840e-01 -1.988490223884582520e-01
7.069175243377685547e-01 -4.715526103973388672e-01 5.271675586700439453e-01 -1.892029941082000732e-01
0.000000000000000000e+00 0.000000000000000000e+00 0.000000000000000000e+00 1.000000000000000000e+00
7.214333415031433105e-01 5.116921067237854004e-01 -4.665887355804443359e-01 1.110926419496536255e-01
1.633213087916374207e-02 6.610300540924072266e-01 7.501814961433410645e-01 -2.219533175230026245e-01
6.922912001609802246e-01 -5.488262772560119629e-01 4.685321748256683350e-01 -1.719546616077423096e-01
0.000000000000000000e+00 0.000000000000000000e+00 0.000000000000000000e+00 1.000000000000000000e+00
7.637830376625061035e-01 4.850678145885467529e-01 -4.258456826210021973e-01 9.524419158697128296e-02
6.436702609062194824e-02 5.992163419723510742e-01 7.979953289031982422e-01 -2.422355562448501587e-01
6.422556042671203613e-01 -6.369056701660156250e-01 4.264488816261291504e-01 -1.590482741594314575e-01
0.000000000000000000e+00 0.000000000000000000e+00 0.000000000000000000e+00 1.000000000000000000e+00
8.111486434936523438e-01 4.575630128383636475e-01 -3.642443716526031494e-01 7.186489552259445190e-02
1.046912372112274170e-01 4.991479516029357910e-01 8.601691126823425293e-01 -2.689983546733856201e-01
5.753934383392333984e-01 -7.358582019805908203e-01 3.569803535938262939e-01 -1.366724222898483276e-01
0.000000000000000000e+00 0.000000000000000000e+00 0.000000000000000000e+00 1.000000000000000000e+00
8.835404515266418457e-01 3.823410570621490479e-01 -2.705022096633911133e-01 3.949062526226043701e-02
1.153617426753044128e-01 3.821042776107788086e-01 9.168902635574340820e-01 -2.915433049201965332e-01
4.539248943328857422e-01 -8.413152694702148438e-01 2.934970855712890625e-01 -1.119409576058387756e-01
0.000000000000000000e+00 0.000000000000000000e+00 0.000000000000000000e+00 1.000000000000000000e+00
8.799687027931213379e-01 3.888874053955078125e-01 -2.728042602539062500e-01 3.950280323624610901e-02
1.597610116004943848e-01 2.985543310642242432e-01 9.409258961677551270e-01 -3.036731481552124023e-01
4.473610520362854004e-01 -8.715683817863464355e-01 2.005892693996429443e-01 -8.354724198579788208e-02
0.000000000000000000e+00 0.000000000000000000e+00 0.000000000000000000e+00 1.000000000000000000e+00
8.950842022895812988e-01 3.641406893730163574e-01 -2.573445737361907959e-01 3.303102031350135803e-02
1.923637688159942627e-01 2.053243964910507202e-01 9.596030712127685547e-01 -3.139122724533081055e-01
4.022695720195770264e-01 -9.084290862083435059e-01 1.137352064251899719e-01 -5.457903817296028137e-02
0.000000000000000000e+00 0.000000000000000000e+00 0.000000000000000000e+00 1.000000000000000000e+00
9.615705609321594238e-01 1.605715900659561157e-01 -2.227087318897247314e-01 1.589392125606536865e-02
2.063265591859817505e-01 1.125528067350387573e-01 9.719883799552917480e-01 -3.209732770919799805e-01
1.811403185129165649e-01 -9.805861711502075195e-01 7.509725540876388550e-02 -2.966167591512203217e-02
0.000000000000000000e+00 0.000000000000000000e+00 0.000000000000000000e+00 1.000000000000000000e+00
9.820897579193115234e-01 3.702408075332641602e-02 -1.847408413887023926e-01 -5.831050220876932144e-04
1.839617341756820679e-01 2.347766421735286713e-02 9.826529622077941895e-01 -3.270447254180908203e-01
4.071914404630661011e-02 -9.990383982658386230e-01 1.624620147049427032e-02 -7.326093618758022785e-04
0.000000000000000000e+00 0.000000000000000000e+00 0.000000000000000000e+00 1.000000000000000000e+00
9.646208286285400391e-01 2.093801349401473999e-01 -1.602087318897247314e-01 -7.714810315519571304e-03
1.774230748414993286e-01 -6.607513874769210815e-02 9.819141030311584473e-01 -3.309778571128845215e-01
1.950075179338455200e-01 -9.755994081497192383e-01 -1.008863896131515503e-01 3.377320244908332825e-02
0.000000000000000000e+00 0.000000000000000000e+00 0.000000000000000000e+00 1.000000000000000000e+00
9.818667173385620117e-01 7.912558317184448242e-02 -1.722687929868698120e-01 -2.605977468192577362e-03
1.807946264743804932e-01 -1.175423786044120789e-01 9.764714837074279785e-01 -3.315060734748840332e-01
5.701501667499542236e-02 -9.899104833602905273e-01 -1.297164559364318848e-01 5.664009973406791687e-02
0.000000000000000000e+00 0.000000000000000000e+00 0.000000000000000000e+00 1.000000000000000000e+00
9.898307323455810547e-01 4.382651671767234802e-02 -1.353298574686050415e-01 -1.417625509202480316e-02
1.383821070194244385e-01 -7.634185999631881714e-02 9.874323010444641113e-01 -3.325795531272888184e-01
3.294441103935241699e-02 -9.961180686950683594e-01 -8.163029700517654419e-02 4.016514495015144348e-02
0.000000000000000000e+00 0.000000000000000000e+00 0.000000000000000000e+00 1.000000000000000000e+00
9.660607576370239258e-01 2.509457468986511230e-01 -6.126175448298454285e-02 -3.536508604884147644e-02
4.768974706530570984e-02 5.981793254613876343e-02 9.970691800117492676e-01 -3.287366926670074463e-01
2.538750171661376953e-01 -9.661511778831481934e-01 4.582023248076438904e-02 -1.594559475779533386e-02
0.000000000000000000e+00 0.000000000000000000e+00 0.000000000000000000e+00 1.000000000000000000e+00
8.733602166175842285e-01 4.841420352458953857e-01 -5.336702242493629456e-02 -3.102564811706542969e-02
-4.412107169628143311e-02 1.877520233392715454e-01 9.812250733375549316e-01 -3.158091306686401367e-01
4.850720465183258057e-01 -8.546081781387329102e-01 1.853361576795578003e-01 -7.476352155208587646e-02
0.000000000000000000e+00 0.000000000000000000e+00 0.000000000000000000e+00 1.000000000000000000e+00
7.818193435668945312e-01 6.201747655868530273e-01 -6.435758620500564575e-02 -1.907758228480815887e-02
-1.682076603174209595e-01 3.091825842857360840e-01 9.360087513923645020e-01 -2.907663881778717041e-01
6.003872752189636230e-01 -7.209641337394714355e-01 3.460429906845092773e-01 -1.333603113889694214e-01
0.000000000000000000e+00 0.000000000000000000e+00 0.000000000000000000e+00 1.000000000000000000e+00
9.472885727882385254e-01 1.874004155397415161e-01 2.598558366298675537e-01 -1.266636401414871216e-01
-3.149007558822631836e-01 3.952433168888092041e-01 8.629140257835388184e-01 -2.552664279937744141e-01
5.900423973798751831e-02 -8.992573022842407227e-01 4.334219694137573242e-01 -1.353673487901687622e-01
0.000000000000000000e+00 0.000000000000000000e+00 0.000000000000000000e+00 1.000000000000000000e+00
8.880066275596618652e-01 3.715577721595764160e-01 2.709041237831115723e-01 -1.220782175660133362e-01
-4.378199875354766846e-01 5.031013488769531250e-01 7.451191544532775879e-01 -2.075113505125045776e-01
1.405626386404037476e-01 -7.802780270576477051e-01 6.094328165054321289e-01 -1.936137825250625610e-01
0.000000000000000000e+00 0.000000000000000000e+00 0.000000000000000000e+00 1.000000000000000000e+00
8.089121580123901367e-01 5.149944424629211426e-01 2.836226820945739746e-01 -1.160943508148193359e-01
-5.730876326560974121e-01 5.829666852951049805e-01 5.759514570236206055e-01 -1.451472789049148560e-01
1.312693208456039429e-01 -6.284347176551818848e-01 7.667059302330017090e-01 -2.389203011989593506e-01
0.000000000000000000e+00 0.000000000000000000e+00 0.000000000000000000e+00 1.000000000000000000e+00
7.385491728782653809e-01 5.997951626777648926e-01 3.078804910182952881e-01 -1.135061159729957581e-01
-6.711155176162719727e-01 6.104105114936828613e-01 4.207169115543365479e-01 -9.095685184001922607e-02
6.441070884466171265e-02 -5.173435211181640625e-01 8.533502817153930664e-01 -2.600022554397583008e-01
0.000000000000000000e+00 0.000000000000000000e+00 0.000000000000000000e+00 1.000000000000000000e+00
6.600486636161804199e-01 7.130052447319030762e-01 2.365571260452270508e-01 -7.979896664619445801e-02
-7.494146823883056641e-01 6.031273603439331055e-01 2.731569707393646240e-01 -4.099889472126960754e-02
5.208832398056983948e-02 -3.575763106346130371e-01 9.324299693107604980e-01 -2.795306444168090820e-01
0.000000000000000000e+00 0.000000000000000000e+00 0.000000000000000000e+00 1.000000000000000000e+00
6.846345663070678711e-01 7.022640705108642578e-01 1.951932907104492188e-01 -6.777247041463851929e-02
-7.288415431976318359e-01 6.566179394721984863e-01 1.940174400806427002e-01 -1.346802338957786560e-02
8.084135130047798157e-03 -2.750960886478424072e-01 9.613826870918273926e-01 -2.831171751022338867e-01
0.000000000000000000e+00 0.000000000000000000e+00 0.000000000000000000e+00 1.000000000000000000e+00
6.906099915504455566e-01 6.960325837135314941e-01 1.964599192142486572e-01 -6.864877790212631226e-02
-7.160529494285583496e-01 6.962153315544128418e-01 5.051768943667411804e-02 3.059296496212482452e-02
-1.016163751482963562e-01 -1.755637675523757935e-01 9.792096018791198730e-01 -2.784264683723449707e-01
0.000000000000000000e+00 0.000000000000000000e+00 0.000000000000000000e+00 1.000000000000000000e+00
6.744204163551330566e-01 7.171531319618225098e-01 1.756365150213241577e-01 -6.071636825799942017e-02
-7.243275046348571777e-01 6.887586712837219238e-01 -3.099693730473518372e-02 5.310156196355819702e-02
-1.432007104158401489e-01 -1.063134595751762390e-01 9.839669466018676758e-01 -2.745611667633056641e-01
0.000000000000000000e+00 0.000000000000000000e+00 0.000000000000000000e+00 1.000000000000000000e+00
6.576402187347412109e-01 7.364231348037719727e-01 1.587134450674057007e-01 -5.386614054441452026e-02
-7.341095209121704102e-01 6.737649440765380859e-01 -8.440364152193069458e-02 6.673021614551544189e-02
-1.690923422574996948e-01 -6.100584566593170166e-02 9.837103486061096191e-01 -2.703908681869506836e-01
0.000000000000000000e+00 0.000000000000000000e+00 0.000000000000000000e+00 1.000000000000000000e+00
5.769409537315368652e-01 7.985626459121704102e-01 1.715718656778335571e-01 -5.022267997264862061e-02
-7.629919648170471191e-01 6.018899679183959961e-01 -2.357359528541564941e-01 1.101195812225341797e-01
-2.915173470973968506e-01 5.097741726785898209e-03 9.565520286560058594e-01 -2.556406557559967041e-01
0.000000000000000000e+00 0.000000000000000000e+00 0.000000000000000000e+00 1.000000000000000000e+00
5.776571631431579590e-01 7.951416969299316406e-01 1.845585554838180542e-01 -5.336191877722740173e-02
-6.782334446907043457e-01 5.933480858802795410e-01 -4.335174560546875000e-01 1.651442050933837891e-01
-4.542152583599090576e-01 1.252506077289581299e-01 8.820436000823974609e-01 -2.230598926544189453e-01
0.000000000000000000e+00 0.000000000000000000e+00 0.000000000000000000e+00 1.000000000000000000e+00
5.958235263824462891e-01 7.811757922172546387e-01 1.864364892244338989e-01 -5.608517676591873169e-02
-6.108949184417724609e-01 5.915319919586181641e-01 -5.262103080749511719e-01 1.895239949226379395e-01
-5.213458538055419922e-01 1.996353119611740112e-01 8.296651244163513184e-01 -2.019783407449722290e-01
0.000000000000000000e+00 0.000000000000000000e+00 0.000000000000000000e+00 1.000000000000000000e+00
6.588351726531982422e-01 7.300820946693420410e-01 1.814277619123458862e-01 -5.963618680834770203e-02
-4.978306293487548828e-01 6.039277315139770508e-01 -6.224433779716491699e-01 2.130109965801239014e-01
-5.640042424201965332e-01 3.197673261165618896e-01 7.613462805747985840e-01 -1.747895330190658569e-01
0.000000000000000000e+00 0.000000000000000000e+00 0.000000000000000000e+00 1.000000000000000000e+00
7.335483431816101074e-01 6.613887548446655273e-01 1.564339101314544678e-01 -5.809963494539260864e-02
-3.971070349216461182e-01 6.038936972618103027e-01 -6.910992264747619629e-01 2.278337478637695312e-01
