1.000000000000000000e+00 0.000000000000000000e+00 0.000000000000000000e+00 -3.619798645377159119e-02
0.000000000000000000e+00 1.000000000000000000e+00 0.000000000000000000e+00 -1.327119767665863037e-03
0.000000000000000000e+00 0.000000000000000000e+00 1.000000000000000000e+00 -2.960163652896881104e-01
0.000000000000000000e+00 0.000000000000000000e+00 0.000000000000000000e+00 1.000000000000000000e+00
9.907484650611877441e-01 1.340862065553665161e-01 2.094069309532642365e-02 -4.568659514188766479e-02
-1.328258216381072998e-01 9.897192716598510742e-01 -5.304249003529548645e-02 2.736986055970191956e-02
-2.783766761422157288e-02 4.977029189467430115e-02 9.983731508255004883e-01 -2.966252863407135010e-01
0.000000000000000000e+00 0.000000000000000000e+00 0.000000000000000000e+00 1.000000000000000000e+00
9.710164666175842285e-01 2.358846813440322876e-01 3.853964805603027344e-02 -5.118584632873535156e-02
-2.310864776372909546e-01 9.677113890647888184e-01 -1.006630882620811462e-01 5.295880138874053955e-02
-6.104020029306411743e-02 8.883953094482421875e-02 9.941735863685607910e-01 -2.945041656494140625e-01
0.000000000000000000e+00 0.000000000000000000e+00 0.000000000000000000e+00 1.000000000000000000e+00
9.394955039024353027e-01 3.410535454750061035e-01 3.210509568452835083e-02 -4.799652472138404846e-02
-3.333349525928497314e-01 9.317723512649536133e-01 -1.438315212726593018e-01 7.542744278907775879e-02
-7.896893471479415894e-02 1.244272515177726746e-01 9.890813827514648438e-01 -2.917520105838775635e-01
0.000000000000000000e+00 0.000000000000000000e+00 0.000000000000000000e+00 1.000000000000000000e+00
8.960174322128295898e-01 4.435829222202301025e-01 1.967873983085155487e-02 -3.925629705190658569e-02
-4.344093501567840576e-01 8.849342465400695801e-01 -1.678694188594818115e-01 8.911373466253280640e-02
-9.187843650579452515e-02 1.418653279542922974e-01 9.856128096580505371e-01 -2.901630997657775879e-01
0.000000000000000000e+00 0.000000000000000000e+00 0.000000000000000000e+00 1.000000000000000000e+00
8.254317045211791992e-01 5.645020604133605957e-01 -1.113000689656473696e-04 -2.667682990431785583e-02
-5.541984438896179199e-01 8.103272318840026855e-01 -1.903486400842666626e-01 1.026457622647285461e-01
-1.073621213436126709e-01 1.571815013885498047e-01 9.817165136337280273e-01 -2.889169156551361084e-01
0.000000000000000000e+00 0.000000000000000000e+00 0.000000000000000000e+00 1.000000000000000000e+00
7.500292658805847168e-01 6.605083942413330078e-01 -3.441688418388366699e-02 -9.293955750763416290e-03
-6.550394296646118164e-01 7.346031665802001953e-01 -1.768670082092285156e-01 1.024153307080268860e-01
-9.153947234153747559e-02 1.551997810602188110e-01 9.836327433586120605e-01 -2.917181849479675293e-01
0.000000000000000000e+00 0.000000000000000000e+00 0.000000000000000000e+00 1.000000000000000000e+00
6.917350292205810547e-01 7.192234396934509277e-01 -6.496345996856689453e-02 3.862686920911073685e-03
-7.211362123489379883e-01 6.831929683685302734e-01 -1.149342209100723267e-01 8.274272829294204712e-02
-3.828083351254463196e-02 1.263515651226043701e-01 9.912467598915100098e-01 -2.992719411849975586e-01
0.000000000000000000e+00 0.000000000000000000e+00 0.000000000000000000e+00 1.000000000000000000e+00
5.849673748016357422e-01 8.106938004493713379e-01 -2.424222230911254883e-02 -5.415310617536306381e-03
-8.098493218421936035e-01 5.822058320045471191e-01 -7.197165489196777344e-02 6.932499259710311890e-02
-4.423307999968528748e-02 6.173365563154220581e-02 9.971121549606323242e-01 -3.067200183868408203e-01
0.000000000000000000e+00 0.000000000000000000e+00 0.000000000000000000e+00 1.000000000000000000e+00
4.984635710716247559e-01 8.664295673370361328e-01 -2.887882664799690247e-02 9.035618859343230724e-04
-8.661879301071166992e-01 4.964114427566528320e-01 -5.739318579435348511e-02 6.494068354368209839e-02
-3.539138659834861755e-02 5.362287536263465881e-02 9.979341030120849609e-01 -3.106154799461364746e-01
0.000000000000000000e+00 0.000000000000000000e+00 0.000000000000000000e+00 1.000000000000000000e+00
4.053714275360107422e-01 9.131700992584228516e-01 -4.235938563942909241e-02 9.980594739317893982e-03
-9.140492081642150879e-01 4.055863320827484131e-01 -3.776790807023644447e-03 4.556258395314216614e-02
1.373152434825897217e-02 4.024954140186309814e-02 9.990952610969543457e-01 -3.152673542499542236e-01
0.000000000000000000e+00 0.000000000000000000e+00 0.000000000000000000e+00 1.000000000000000000e+00
2.906136214733123779e-01 9.554103016853332520e-01 -5.229962617158889771e-02 1.809498853981494904e-02
-9.558069109916687012e-01 2.924053370952606201e-01 3.052798472344875336e-02 3.258093446493148804e-02
4.445942118763923645e-02 4.111649841070175171e-02 9.981642365455627441e-01 -3.175506591796875000e-01
0.000000000000000000e+00 0.000000000000000000e+00 0.000000000000000000e+00 1.000000000000000000e+00
1.751605272293090820e-01 9.825797677040100098e-01 -6.209553405642509460e-02 2.619140595197677612e-02
-9.822652339935302734e-01 1.786928474903106689e-01 5.678141117095947266e-02 2.238872088491916656e-02
6.688831001520156860e-02 5.104843899607658386e-02 9.964540004730224609e-01 -3.184916079044342041e-01
0.000000000000000000e+00 0.000000000000000000e+00 0.000000000000000000e+00 1.000000000000000000e+00
1.009948924183845520e-01 9.919041395187377930e-01 -7.697985321283340454e-02 3.410257026553153992e-02
-9.906266331672668457e-01 1.074140742421150208e-01 8.438871800899505615e-02 1.175438333302736282e-02
9.197425097227096558e-02 6.773540377616882324e-02 9.934546351432800293e-01 -3.177616298198699951e-01
0.000000000000000000e+00 0.000000000000000000e+00 0.000000000000000000e+00 1.000000000000000000e+00
1.669334061443805695e-02 9.962274432182312012e-01 -8.515623956918716431e-02 4.198119789361953735e-02
-9.975082874298095703e-01 2.243237942457199097e-02 6.688903272151947021e-02 1.984974555671215057e-02
6.854695081710815430e-02 8.382753282785415649e-02 9.941202402114868164e-01 -3.115160167217254639e-01
0.000000000000000000e+00 0.000000000000000000e+00 0.000000000000000000e+00 1.000000000000000000e+00
-9.100154787302017212e-02 9.029209017753601074e-01 -4.200618267059326172e-01 1.588055044412612915e-01
-9.905384778976440430e-01 -3.855806589126586914e-02 1.317086666822433472e-01 -1.674135099165141582e-03
1.027256846427917480e-01 4.280731976032257080e-01 8.978867530822753906e-01 -2.745812833309173584e-01
0.000000000000000000e+00 0.000000000000000000e+00 0.000000000000000000e+00 1.000000000000000000e+00
-1.643369048833847046e-01 8.785068988800048828e-01 -4.485737383365631104e-01 1.697043180465698242e-01
-9.770396351814270020e-01 -8.245823532342910767e-02 1.964525878429412842e-01 -2.476073056459426880e-02
1.355963945388793945e-01 4.705588221549987793e-01 8.718875050544738770e-01 -2.673938870429992676e-01
0.000000000000000000e+00 0.000000000000000000e+00 0.000000000000000000e+00 1.000000000000000000e+00
-1.315853744745254517e-01 8.227522373199462891e-01 -5.529592037200927734e-01 1.967552155256271362e-01
-9.912835955619812012e-01 -1.128817126154899597e-01 6.793400645256042480e-02 1.736890152096748352e-02
-6.526124663650989532e-03 5.570783615112304688e-01 8.304342031478881836e-01 -2.469784170389175415e-01
0.000000000000000000e+00 0.000000000000000000e+00 0.000000000000000000e+00 1.000000000000000000e+00
-8.614367991685867310e-02 7.507792115211486816e-01 -6.549118161201477051e-01 2.188600003719329834e-01
-9.945138692855834961e-01 -2.564800716936588287e-02 1.014107465744018555e-01 9.741992689669132233e-03
5.933991447091102600e-02 6.600549221038818359e-01 7.488700151443481445e-01 -2.303094416856765747e-01
0.000000000000000000e+00 0.000000000000000000e+00 0.000000000000000000e+00 1.000000000000000000e+00
-5.860948935151100159e-02 5.635635852813720703e-01 -8.239909410476684570e-01 2.683891654014587402e-01
-9.857107996940612793e-01 9.790356457233428955e-02 1.370728611946105957e-01 -1.565234153531491756e-03
1.579210013151168823e-01 8.202509284019470215e-01 5.497725009918212891e-01 -1.677291244268417358e-01
0.000000000000000000e+00 0.000000000000000000e+00 0.000000000000000000e+00 1.000000000000000000e+00
-1.230645626783370972e-01 4.313880801200866699e-01 -8.937333226203918457e-01 2.887754142284393311e-01
-9.849659800529479980e-01 5.692106485366821289e-02 1.631018817424774170e-01 -1.327601447701454163e-02
1.212323457002639771e-01 9.003688097000122070e-01 4.178977012634277344e-01 -1.216976568102836609e-01
0.000000000000000000e+00 0.000000000000000000e+00 0.000000000000000000e+00 1.000000000000000000e+00
-1.925595998764038086e-01 3.258652687072753906e-01 -9.255984425544738770e-01 3.001725673675537109e-01
-9.747808575630187988e-01 4.490005970001220703e-02 2.185989618301391602e-01 -3.155761584639549255e-02
1.127932295203208923e-01 9.443489909172058105e-01 3.090013265609741211e-01 -8.739564567804336548e-02
0.000000000000000000e+00 0.000000000000000000e+00 0.000000000000000000e+00 1.000000000000000000e+00
-2.724865674972534180e-01 1.941581666469573975e-01 -9.423659443855285645e-01 3.088189363479614258e-01
-9.599824547767639160e-01 1.098809298127889633e-02 2.798444330692291260e-01 -5.212447792291641235e-02
6.468882411718368530e-02 9.809086322784423828e-01 1.833944618701934814e-01 -4.530543461441993713e-02
0.000000000000000000e+00 0.000000000000000000e+00 0.000000000000000000e+00 1.000000000000000000e+00
-1.771693527698516846e-01 -8.288126587867736816e-01 -5.307359695434570312e-01 1.723090857267379761e-01
-9.487741589546203613e-01 4.893082659691572189e-04 3.159542679786682129e-01 -6.133276969194412231e-02
-2.616070508956909180e-01 5.595263838768005371e-01 -7.864426374435424805e-01 2.767431437969207764e-01
0.000000000000000000e+00 0.000000000000000000e+00 0.000000000000000000e+00 1.000000000000000000e+00
-1.712515950202941895e-01 -8.587695956230163574e-01 -4.828963875770568848e-01 1.559144556522369385e-01
-9.685263037681579590e-01 5.687572807073593140e-02 2.423261255025863647e-01 -3.845290094614028931e-02
-1.806371361017227173e-01 5.091966986656188965e-01 -8.414804339408874512e-01 2.895072102546691895e-01
0.000000000000000000e+00 0.000000000000000000e+00 0.000000000000000000e+00 1.000000000000000000e+00
-9.585770964622497559e-02 -8.365874886512756348e-01 -5.393810272216796875e-01 1.669568419456481934e-01
-9.895554780960083008e-01 2.148369513452053070e-02 1.425413042306900024e-01 -4.085754044353961945e-03
-1.076605245471000671e-01 5.474112629890441895e-01 -8.299091458320617676e-01 2.815555930137634277e-01
0.000000000000000000e+00 0.000000000000000000e+00 0.000000000000000000e+00 1.000000000000000000e+00
2.056556753814220428e-02 -8.498771786689758301e-01 -5.265784263610839844e-01 1.532144099473953247e-01
-9.991607666015625000e-01 -3.612849861383438110e-02 1.928823627531528473e-02 3.766229748725891113e-02
-3.541722521185874939e-02 5.257400274276733398e-01 -8.499075174331665039e-01 2.824957370758056641e-01
0.000000000000000000e+00 0.000000000000000000e+00 0.000000000000000000e+00 1.000000000000000000e+00
5.630968883633613586e-02 -8.483089804649353027e-01 -5.264981389045715332e-01 1.498194187879562378e-01
-9.944816827774047852e-01 -9.051812230609357357e-04 -1.049027219414710999e-01 7.768780738115310669e-02
8.851338922977447510e-02 5.295001268386840820e-01 -8.436792492866516113e-01 2.725018560886383057e-01
0.000000000000000000e+00 0.000000000000000000e+00 0.000000000000000000e+00 1.000000000000000000e+00
3.107408247888088226e-02 -8.564518690109252930e-01 -5.152909159660339355e-01 1.502630263566970825e-01
-9.826622605323791504e-01 6.809888780117034912e-02 -1.724439263343811035e-01 9.043028205633163452e-02
1.827807873487472534e-01 5.117152929306030273e-01 -8.394870758056640625e-01 2.674855887889862061e-01
0.000000000000000000e+00 0.000000000000000000e+00 0.000000000000000000e+00 1.000000000000000000e+00
-3.712785243988037109e-02 -8.632216453552246094e-01 -5.034565925598144531e-01 1.543601751327514648e-01
-9.951879382133483887e-01 7.765457034111022949e-02 -5.975427478551864624e-02 5.467302352190017700e-02
9.067691117525100708e-02 4.988158941268920898e-01 -8.619515895843505859e-01 2.895397543907165527e-01
0.000000000000000000e+00 0.000000000000000000e+00 0.000000000000000000e+00 1.000000000000000000e+00
-4.161114990711212158e-02 -8.728485703468322754e-01 -4.862140715122222900e-01 1.469847559928894043e-01
-9.923823475837707520e-01 -2.037073299288749695e-02 1.214992925524711609e-01 -2.909342525526881218e-03
-1.159550249576568604e-01 4.875660836696624756e-01 -8.653520345687866211e-01 3.086847066879272461e-01
0.000000000000000000e+00 0.000000000000000000e+00 0.000000000000000000e+00 1.000000000000000000e+00
1.319378465414047241e-01 -8.597841858863830566e-01 -4.933185875415802002e-01 1.355201452970504761e-01
-9.853187203407287598e-01 -1.681500971317291260e-01 2.953876741230487823e-02 2.586562372744083405e-02
-1.083486080169677734e-01 4.821788370609283447e-01 -8.693470954895019531e-01 3.117066025733947754e-01
0.000000000000000000e+00 0.000000000000000000e+00 0.000000000000000000e+00 1.000000000000000000e+00
2.295541316270828247e-01 -7.997966408729553223e-01 -5.546440482139587402e-01 1.415340751409530640e-01
-9.441724419593811035e-01 -3.213488757610321045e-01 7.261453568935394287e-02 1.088922098278999329e-02
-2.363112121820449829e-01 5.070107579231262207e-01 -8.289130330085754395e-01 3.043223321437835693e-01
0.000000000000000000e+00 0.000000000000000000e+00 0.000000000000000000e+00 1.000000000000000000e+00
3.352041542530059814e-01 -7.330172061920166016e-01 -5.918816328048706055e-01 1.382859051227569580e-01
-9.102210998535156250e-01 -4.141136407852172852e-01 -2.630936214700341225e-03 3.348657488822937012e-02
-2.431779205799102783e-01 5.396250486373901367e-01 -8.060202002525329590e-01 2.917930483818054199e-01
0.000000000000000000e+00 0.000000000000000000e+00 0.000000000000000000e+00 1.000000000000000000e+00
3.618146479129791260e-01 -7.235800623893737793e-01 -5.878114700317382812e-01 1.344444006681442261e-01
-9.185320138931274414e-01 -3.844653069972991943e-01 -9.211597591638565063e-02 6.283049285411834717e-02
-1.593398749828338623e-01 5.732523798942565918e-01 -8.037362694740295410e-01 2.829722464084625244e-01
0.000000000000000000e+00 0.000000000000000000e+00 0.000000000000000000e+00 1.000000000000000000e+00
3.706437647342681885e-01 -7.098892927169799805e-01 -5.988991856575012207e-01 1.375138163566589355e-01
-9.248501658439636230e-01 -3.413149416446685791e-01 -1.677978634834289551e-01 8.687927573919296265e-02
-8.529543131589889526e-02 6.160852313041687012e-01 -7.830477952957153320e-01 2.703583240509033203e-01
0.000000000000000000e+00 0.000000000000000000e+00 0.000000000000000000e+00 1.000000000000000000e+00
5.317070484161376953e-01 -6.029445528984069824e-01 -5.947645902633666992e-01 1.310319155454635620e-01
-8.426501750946044922e-01 -4.471168518066406250e-01 -3.000448942184448242e-01 1.233401745557785034e-01
-8.501897007226943970e-02 6.607146263122558594e-01 -7.458065748214721680e-01 2.576217353343963623e-01
0.000000000000000000e+00 0.000000000000000000e+00 0.000000000000000000e+00 1.000000000000000000e+00
6.816761493682861328e-01 -4.061995744705200195e-01 -6.085386276245117188e-01 1.310077458620071411e-01
-7.071183919906616211e-01 -5.793463587760925293e-01 -4.053898751735687256e-01 1.527770012617111206e-01
-1.878855675458908081e-01 7.066536545753479004e-01 -6.821578741073608398e-01 2.526746988296508789e-01
0.000000000000000000e+00 0.000000000000000000e+00 0.000000000000000000e+00 1.000000000000000000e+00
7.048127055168151855e-01 -3.394536077976226807e-01 -6.229047179222106934e-01 1.315115392208099365e-01
-6.496008038520812988e-01 -6.616764664649963379e-01 -3.744364678859710693e-01 1.424530595541000366e-01
-2.850577533245086670e-01 6.685470342636108398e-01 -6.868672966957092285e-01 2.639781534671783447e-01
0.000000000000000000e+00 0.000000000000000000e+00 0.000000000000000000e+00 1.000000000000000000e+00
7.529580593109130859e-01 -2.527703344821929932e-01 -6.075862646102905273e-01 1.312949061393737793e-01
-5.674999952316284180e-01 -7.168507575988769531e-01 -4.050536751747131348e-01 1.441195905208587646e-01
-3.331632018089294434e-01 6.497937440872192383e-01 -6.832056641578674316e-01 2.623306810855865479e-01
0.000000000000000000e+00 0.000000000000000000e+00 0.000000000000000000e+00 1.000000000000000000e+00
7.459022402763366699e-01 -2.428766489028930664e-01 -6.201941370964050293e-01 1.422320306301116943e-01
-5.358063578605651855e-01 -7.719274163246154785e-01 -3.421122431755065918e-01 1.164408922195434570e-01
-3.956532180309295654e-01 5.874860882759094238e-01 -7.059168219566345215e-01 2.734490036964416504e-01
0.000000000000000000e+00 0.000000000000000000e+00 0.000000000000000000e+00 1.000000000000000000e+00
7.305632233619689941e-01 -3.412332534790039062e-01 -5.914702415466308594e-01 1.417812258005142212e-01
-5.853550434112548828e-01 -7.589845061302185059e-01 -2.851342260837554932e-01 9.511334449052810669e-02
-3.516195118427276611e-01 5.545290708541870117e-01 -7.542290091514587402e-01 2.857162654399871826e-01
0.000000000000000000e+00 0.000000000000000000e+00 0.000000000000000000e+00 1.000000000000000000e+00
8.100945949554443359e-01 -1.769174933433532715e-01 -5.589697360992431641e-01 1.354270130395889282e-01
-5.267480611801147461e-01 -6.382700800895690918e-01 -5.613800883293151855e-01 1.822499036788940430e-01
-2.574558556079864502e-01 7.492069602012634277e-01 -6.102499365806579590e-01 2.457827478647232056e-01
0.000000000000000000e+00 0.000000000000000000e+00 0.000000000000000000e+00 1.000000000000000000e+00
8.461473584175109863e-01 -9.444782137870788574e-02 -5.245131254196166992e-01 1.235551014542579651e-01
-4.749610722064971924e-01 -5.800772905349731445e-01 -6.617564558982849121e-01 2.149402648210525513e-01
-2.417569160461425781e-01 8.090668320655822754e-01 -5.356900095939636230e-01 2.207428812980651855e-01
0.000000000000000000e+00 0.000000000000000000e+00 0.000000000000000000e+00 1.000000000000000000e+00
8.725870251655578613e-01 -2.475705184042453766e-02 -4.878308475017547607e-01 1.107385084033012390e-01
-4.303848147392272949e-01 -5.112748742103576660e-01 -7.438859939575195312e-01 2.427835613489151001e-01
-2.309993654489517212e-01 8.590604662895202637e-01 -4.567870497703552246e-01 1.945361196994781494e-01
0.000000000000000000e+00 0.000000000000000000e+00 0.000000000000000000e+00 1.000000000000000000e+00
8.811280727386474609e-01 1.315675526857376099e-01 -4.542061984539031982e-01 1.015851870179176331e-01
-3.661667406558990479e-01 -4.179558753967285156e-01 -8.314049243927001953e-01 2.716485261917114258e-01
-2.992241978645324707e-01 8.988895416259765625e-01 -3.200969994068145752e-01 1.527149826288223267e-01
0.000000000000000000e+00 0.000000000000000000e+00 0.000000000000000000e+00 1.000000000000000000e+00
9.453364014625549316e-01 -2.840774953365325928e-01 -1.601219028234481812e-01 -2.987476531416177750e-03
-2.476052045822143555e-01 -3.057720363140106201e-01 -9.193447232246398926e-01 2.945412099361419678e-01
2.122044265270233154e-01 9.087370634078979492e-01 -3.593965470790863037e-01 1.345342546701431274e-01
0.000000000000000000e+00 0.000000000000000000e+00 0.000000000000000000e+00 1.000000000000000000e+00
9.794791936874389648e-01 -1.168449670076370239e-01 -1.642180532217025757e-01 -7.534609758295118809e-04
-1.873163133859634399e-01 -2.270465046167373657e-01 -9.557000994682312012e-01 3.036770522594451904e-01
7.438361644744873047e-02 9.668492078781127930e-01 -2.442742735147476196e-01 1.032166033983230591e-01
0.000000000000000000e+00 0.000000000000000000e+00 0.000000000000000000e+00 1.000000000000000000e+00
9.834546446800231934e-01 -1.201669201254844666e-01 -1.355608552694320679e-01 -9.850222617387771606e-03
-1.493718326091766357e-01 -1.145291179418563843e-01 -9.821258187294006348e-01 3.100199103355407715e-01
1.024933531880378723e-01 9.861251115798950195e-01 -1.305837482213973999e-01 6.262933462858200073e-02
0.000000000000000000e+00 0.000000000000000000e+00 0.000000000000000000e+00 1.000000000000000000e+00
9.655935764312744141e-01 -2.301363050937652588e-01 -1.211044266819953918e-01 -1.639291830360889435e-02
-1.374615132808685303e-01 -5.636444315314292908e-02 -9.889024496078491211e-01 3.104137480258941650e-01
2.207562923431396484e-01 9.715246558189392090e-01 -8.606003969907760620e-02 4.003511741757392883e-02
0.000000000000000000e+00 0.000000000000000000e+00 0.000000000000000000e+00 1.000000000000000000e+00
9.880157113075256348e-01 1.216455027461051941e-01 -9.501442313194274902e-02 -2.177548781037330627e-02
-9.942029416561126709e-02 3.066293336451053619e-02 -9.945731759071350098e-01 3.091331720352172852e-01
-1.180719435214996338e-01 9.920999407768249512e-01 4.238947480916976929e-02 1.362928096204996109e-02
0.000000000000000000e+00 0.000000000000000000e+00 0.000000000000000000e+00 1.000000000000000000e+00
9.936458468437194824e-01 -8.425281196832656860e-02 -7.463055104017257690e-02 -3.008004464209079742e-02
-6.404275447130203247e-02 1.220436692237854004e-01 -9.904565811157226562e-01 3.036314547061920166e-01
9.255683422088623047e-02 9.889420270919799805e-01 1.158723682165145874e-01 -2.524097263813018799e-02
0.000000000000000000e+00 0.000000000000000000e+00 0.000000000000000000e+00 1.000000000000000000e+00
9.857926368713378906e-01 -5.912181222811341286e-05 -1.679661273956298828e-01 -4.053995478898286819e-03
-1.657316237688064575e-01 1.622322946786880493e-01 -9.727353453636169434e-01 3.058548271656036377e-01
2.730700559914112091e-02 9.867523312568664551e-01 1.599175781011581421e-01 -2.559702470898628235e-02
0.000000000000000000e+00 0.000000000000000000e+00 0.000000000000000000e+00 1.000000000000000000e+00
7.924730777740478516e-01 5.988604426383972168e-01 -1.155545487999916077e-01 8.744248189032077789e-04
-2.685426473617553711e-01 1.724978387355804443e-01 -9.476968646049499512e-01 3.081622421741485596e-01
-5.476051568984985352e-01 7.820551395416259766e-01 2.975193560123443604e-01 -3.585265576839447021e-02
0.000000000000000000e+00 0.000000000000000000e+00 0.000000000000000000e+00 1.000000000000000000e+00
4.511010348796844482e-01 8.912159800529479980e-01 4.735409468412399292e-02 -1.706951297819614410e-02
-3.740666210651397705e-01 2.369798123836517334e-01 -8.966128230094909668e-01 3.073795437812805176e-01
-8.102974295616149902e-01 3.867494463920593262e-01 4.402759969234466553e-01 -7.021979987621307373e-02
0.000000000000000000e+00 0.000000000000000000e+00 0.000000000000000000e+00 1.000000000000000000e+00
9.196106791496276855e-01 2.411479651927947998e-01 -3.101024925708770752e-01 4.936101660132408142e-02
-3.794741332530975342e-01 3.412331342697143555e-01 -8.599756956100463867e-01 3.009145855903625488e-01
-1.015641987323760986e-01 9.085192084312438965e-01 4.053111672401428223e-01 -8.755282312631607056e-02
0.000000000000000000e+00 0.000000000000000000e+00 0.000000000000000000e+00 1.000000000000000000e+00
8.842372894287109375e-01 1.927006244659423828e-01 -4.254308342933654785e-01 8.658435195684432983e-02
-4.663903415203094482e-01 4.122968018054962158e-01 -7.826179862022399902e-01 2.875412404537200928e-01
2.459269948303699493e-02 8.904365897178649902e-01 4.544417858123779297e-01 -1.135330125689506531e-01
0.000000000000000000e+00 0.000000000000000000e+00 0.000000000000000000e+00 1.000000000000000000e+00
8.733358979225158691e-01 1.594740003347396851e-01 -4.602749347686767578e-01 9.803154319524765015e-02
-4.736551046371459961e-01 4.986308813095092773e-01 -7.259598970413208008e-01 2.705793082714080811e-01
1.137354895472526550e-01 8.520185351371765137e-01 5.110080838203430176e-01 -1.395613104104995728e-01
0.000000000000000000e+00 0.000000000000000000e+00 0.000000000000000000e+00 1.000000000000000000e+00
8.619893193244934082e-01 1.453266888856887817e-01 -4.856482148170471191e-01 1.062678322196006775e-01
-4.721282422542572021e-01 5.789834260940551758e-01 -6.647354364395141602e-01 2.536715865135192871e-01
1.845784783363342285e-01 8.022830486297607422e-01 5.676902532577514648e-01 -1.595373600721359253e-01
0.000000000000000000e+00 0.000000000000000000e+00 0.000000000000000000e+00 1.000000000000000000e+00
8.452859520912170410e-01 1.127068698406219482e-01 -5.222916007041931152e-01 1.157312840223312378e-01
-4.477672576904296875e-01 6.827796697616577148e-01 -5.773351192474365234e-01 2.277097702026367188e-01
2.915404438972473145e-01 7.218787074089050293e-01 6.276107430458068848e-01 -1.846844404935836792e-01
0.000000000000000000e+00 0.000000000000000000e+00 0.000000000000000000e+00 1.000000000000000000e+00
8.303145766258239746e-01 1.253944188356399536e-01 -5.430045127868652344e-01 1.239183247089385986e-01
-4.466157257556915283e-01 7.325137257575988770e-01 -5.137674212455749512e-01 2.089053541421890259e-01
3.333348035812377930e-01 6.691033244132995605e-01 6.642205715179443359e-01 -2.001818716526031494e-01
0.000000000000000000e+00 0.000000000000000000e+00 0.000000000000000000e+00 1.000000000000000000e+00
8.012921810150146484e-01 1.660268306732177734e-01 -5.747740864753723145e-01 1.376441419124603271e-01
-4.566018879413604736e-01 7.904928922653198242e-01 -4.082095623016357422e-01 1.779317855834960938e-01
3.865810036659240723e-01 5.895386934280395508e-01 7.092242240905761719e-01 -2.199970334768295288e-01
0.000000000000000000e+00 0.000000000000000000e+00 0.000000000000000000e+00 1.000000000000000000e+00
7.708716988563537598e-01 2.227582633495330811e-01 -5.967704057693481445e-01 1.487271338701248169e-01
-4.655760228633880615e-01 8.364267945289611816e-01 -2.891874313354492188e-01 1.422937214374542236e-01
4.347356557846069336e-01 5.007683634757995605e-01 7.484886050224304199e-01 -2.380296885967254639e-01
0.000000000000000000e+00 0.000000000000000000e+00 0.000000000000000000e+00 1.000000000000000000e+00
7.491142749786376953e-01 2.854221165180206299e-01 -5.977976322174072266e-01 1.528357416391372681e-01
-4.648051559925079346e-01 8.694576621055603027e-01 -1.673300266265869141e-01 1.049263924360275269e-01
4.720001220703125000e-01 4.032089710235595703e-01 7.839888930320739746e-01 -2.543027102947235107e-01
0.000000000000000000e+00 0.000000000000000000e+00 0.000000000000000000e+00 1.000000000000000000e+00
7.310533523559570312e-01 3.579204380512237549e-01 -5.809078812599182129e-01 1.500476598739624023e-01
-4.399779736995697021e-01 8.980081677436828613e-01 -3.989475953858345747e-04 5.229765176773071289e-02
5.215169787406921387e-01 2.558782100677490234e-01 8.139690160751342773e-01 -2.697525918483734131e-01
0.000000000000000000e+00 0.000000000000000000e+00 0.000000000000000000e+00 1.000000000000000000e+00
7.184507250785827637e-01 3.993673026561737061e-01 -5.695037245750427246e-01 1.459497958421707153e-01
-3.745278120040893555e-01 9.120362997055053711e-01 1.670888960361480713e-01 -6.024321541190147400e-03
5.861379504203796387e-01 9.325001388788223267e-02 8.048271536827087402e-01 -2.683798968791961670e-01
0.000000000000000000e+00 0.000000000000000000e+00 0.000000000000000000e+00 1.000000000000000000e+00
7.158691883087158203e-01 4.216682612895965576e-01 -5.565318465232849121e-01 1.407454609870910645e-01
-3.005990982055664062e-01 9.055279493331909180e-01 2.994307875633239746e-01 -5.313352122902870178e-02
6.302156448364257812e-01 -4.706021025776863098e-02 7.749926447868347168e-01 -2.613441348075866699e-01
0.000000000000000000e+00 0.000000000000000000e+00 0.000000000000000000e+00 1.000000000000000000e+00
7.046456336975097656e-01 4.492309093475341797e-01 -5.492410063743591309e-01 1.383455544710159302e-01
-2.394986003637313843e-01 8.792127966880798340e-01 4.118554890155792236e-01 -9.240058064460754395e-02
6.679182648658752441e-01 -1.586697101593017578e-01 7.271240353584289551e-01 -2.482489794492721558e-01
0.000000000000000000e+00 0.000000000000000000e+00 0.000000000000000000e+00 1.000000000000000000e+00
6.976271867752075195e-01 4.749746322631835938e-01 -5.363915562629699707e-01 1.342235207557678223e-01
-1.627465188503265381e-01 8.341528177261352539e-01 5.269752144813537598e-01 -1.348301172256469727e-01
6.977320909500122070e-01 -2.803361713886260986e-01 6.592278480529785156e-01 -2.291564345359802246e-01
0.000000000000000000e+00 0.000000000000000000e+00 0.000000000000000000e+00 1.000000000000000000e+00
6.856724023818969727e-01 5.034134984016418457e-01 -5.257636308670043945e-01 1.315076351165771484e-01
-9.749960154294967651e-02 7.793006896972656250e-01 6.190186142921447754e-01 -1.696388274431228638e-01
7.213503718376159668e-01 -3.731821477413177490e-01 5.834273695945739746e-01 -2.064441740512847900e-01
0.000000000000000000e+00 0.000000000000000000e+00 0.000000000000000000e+00 1.000000000000000000e+00
7.033618688583374023e-01 5.093840956687927246e-01 -4.957917332649230957e-01 1.208559945225715637e-01
-3.530820459127426147e-02 7.216566205024719238e-01 6.913504004478454590e-01 -1.984770298004150391e-01
7.099543213844299316e-01 -4.687640368938446045e-01 5.255712270736694336e-01 -1.890085041522979736e-01
0.000000000000000000e+00 0.000000000000000000e+00 0.000000000000000000e+00 1.000000000000000000e+00
7.080380916595458984e-01 5.167154669761657715e-01 -4.813385903835296631e-01 1.159120127558708191e-01
2.023572660982608795e-02 6.664892435073852539e-01 7.452400922775268555e-01 -2.206658422946929932e-01
7.058839797973632812e-01 -5.373985767364501953e-01 4.614439010620117188e-01 -1.704676598310470581e-01
0.000000000000000000e+00 0.000000000000000000e+00 0.000000000000000000e+00 1.000000000000000000e+00
7.486615777015686035e-01 4.997065067291259766e-01 -4.356600642204284668e-01 9.929700195789337158e-02
6.382951140403747559e-02 5.997664332389831543e-01 7.976254820823669434e-01 -2.419879436492919922e-01
6.598722934722900391e-01 -6.249593496322631836e-01 4.171257913112640381e-01 -1.569495052099227905e-01
0.000000000000000000e+00 0.000000000000000000e+00 0.000000000000000000e+00 1.000000000000000000e+00
8.141063451766967773e-01 4.514147639274597168e-01 -3.653154075145721436e-01 7.233135402202606201e-02
1.079974249005317688e-01 5.004124641418457031e-01 8.590245246887207031e-01 -2.688046097755432129e-01
5.705851316452026367e-01 -7.387909293174743652e-01 3.586374223232269287e-01 -1.368002593517303467e-01
0.000000000000000000e+00 0.000000000000000000e+00 0.000000000000000000e+00 1.000000000000000000e+00
8.514727950096130371e-01 4.300432801246643066e-01 -3.000955283641815186e-01 5.046831071376800537e-02
1.264151036739349365e-01 3.870597481727600098e-01 9.133475422859191895e-01 -2.910405993461608887e-01
5.089336633682250977e-01 -8.156270384788513184e-01 2.752069830894470215e-01 -1.086185723543167114e-01
0.000000000000000000e+00 0.000000000000000000e+00 0.000000000000000000e+00 1.000000000000000000e+00
8.973081707954406738e-01 3.534483611583709717e-01 -2.644095718860626221e-01 3.579663112759590149e-02
1.599849313497543335e-01 2.978694438934326172e-01 9.411050677299499512e-01 -3.038926422595977783e-01
4.113914668560028076e-01 -8.867624998092651367e-01 2.107341587543487549e-01 -8.501975983381271362e-02
0.000000000000000000e+00 0.000000000000000000e+00 0.000000000000000000e+00 1.000000000000000000e+00
9.039888381958007812e-01 3.441518545150756836e-01 -2.537013888359069824e-01 3.115070238709449768e-02
1.916451305150985718e-01 2.042731940746307373e-01 9.599710702896118164e-01 -3.140386343002319336e-01
3.822000920772552490e-01 -9.164233803749084473e-01 1.187056526541709900e-01 -5.501095205545425415e-02
0.000000000000000000e+00 0.000000000000000000e+00 0.000000000000000000e+00 1.000000000000000000e+00
9.482200145721435547e-01 2.164413034915924072e-01 -2.324484437704086304e-01 2.029530517756938934e-02
2.133637964725494385e-01 1.080515682697296143e-01 9.709795117378234863e-01 -3.211015164852142334e-01
2.352765053510665894e-01 -9.702980518341064453e-01 5.627590045332908630e-02 -2.650258690118789673e-02
0.000000000000000000e+00 0.000000000000000000e+00 0.000000000000000000e+00 1.000000000000000000e+00
9.808751940727233887e-01 -6.297462433576583862e-02 -1.841693967580795288e-01 -1.044469769112765789e-03
1.859368979930877686e-01 2.341318689286708832e-02 9.822826981544494629e-01 -3.270587921142578125e-01
-5.754689127206802368e-02 -9.977403879165649414e-01 3.467476367950439453e-02 -2.945988380815833807e-04
0.000000000000000000e+00 0.000000000000000000e+00 0.000000000000000000e+00 1.000000000000000000e+00
9.602413773536682129e-01 2.282899767160415649e-01 -1.606871932744979858e-01 -7.725486531853675842e-03
1.807624697685241699e-01 -6.979682296514511108e-02 9.810469746589660645e-01 -3.309694230556488037e-01
2.127477526664733887e-01 -9.710881114006042480e-01 -1.082881018519401550e-01 3.497238829731941223e-02
0.000000000000000000e+00 0.000000000000000000e+00 0.000000000000000000e+00 1.000000000000000000e+00
9.834184646606445312e-01 -1.015067473053932190e-02 -1.810651272535324097e-01 5.897628579987213016e-05
1.786918491125106812e-01 -1.160661652684211731e-01 9.770351052284240723e-01 -3.315948247909545898e-01
-3.093310631811618805e-02 -9.931895732879638672e-01 -1.123277917504310608e-01 5.646043643355369568e-02
0.000000000000000000e+00 0.000000000000000000e+00 0.000000000000000000e+00 1.000000000000000000e+00
9.893416166305541992e-01 2.604588679969310760e-02 -1.432641148567199707e-01 -1.135927345603704453e-02
1.447905153036117554e-01 -7.157221436500549316e-02 9.868704080581665039e-01 -3.329468369483947754e-01
1.545021869242191315e-02 -9.970952868461608887e-01 -7.458055019378662109e-02 3.903869539499282837e-02
0.000000000000000000e+00 0.000000000000000000e+00 0.000000000000000000e+00 1.000000000000000000e+00
9.340806007385253906e-01 3.481255471706390381e-01 -7.938607782125473022e-02 -2.796390280127525330e-02
5.900496244430541992e-02 6.877996772527694702e-02 9.958853125572204590e-01 -3.290391564369201660e-01
3.521534800529479980e-01 -9.349213242530822754e-01 4.370490089058876038e-02 -2.143535949289798737e-02
0.000000000000000000e+00 0.000000000000000000e+00 0.000000000000000000e+00 1.000000000000000000e+00
8.408405780792236328e-01 5.358849763870239258e-01 -7.625166326761245728e-02 -2.200606837868690491e-02
-3.698284551501274109e-02 1.974200010299682617e-01 9.796210527420043945e-01 -3.157769143581390381e-01
5.400179028511047363e-01 -8.208850026130676270e-01 1.858174204826354980e-01 -7.734859734773635864e-02
0.000000000000000000e+00 0.000000000000000000e+00 0.000000000000000000e+00 1.000000000000000000e+00
7.865223288536071777e-01 6.133849024772644043e-01 -7.170883566141128540e-02 -1.674744673073291779e-02
-1.607874631881713867e-01 3.155036568641662598e-01 9.352027773857116699e-01 -2.908940911293029785e-01
5.962641835212707520e-01 -7.240281105041503906e-01 3.467752635478973389e-01 -1.325542330741882324e-01
0.000000000000000000e+00 0.000000000000000000e+00 0.000000000000000000e+00 1.000000000000000000e+00
9.509122967720031738e-01 1.582006067037582397e-01 2.659661769866943359e-01 -1.288091391324996948e-01
-3.079139590263366699e-01 3.978919684886932373e-01 8.642169833183288574e-01 -2.560644447803497314e-01
3.089392371475696564e-02 -9.036894440650939941e-01 4.270725846290588379e-01 -1.318472772836685181e-01
0.000000000000000000e+00 0.000000000000000000e+00 0.000000000000000000e+00 1.000000000000000000e+00
8.943362832069396973e-01 3.327709138393402100e-01 2.990433871746063232e-01 -1.311170011758804321e-01
-4.365124106407165527e-01 5.024843811988830566e-01 7.463020086288452148e-01 -2.079833745956420898e-01
9.808295220136642456e-02 -7.979807257652282715e-01 5.946484804153442383e-01 -1.872282922267913818e-01
0.000000000000000000e+00 0.000000000000000000e+00 0.000000000000000000e+00 1.000000000000000000e+00
8.139167428016662598e-01 4.837570190429687500e-01 3.217428028583526611e-01 -1.278898715972900391e-01
-5.736144185066223145e-01 5.812073945999145508e-01 5.772043466567993164e-01 -1.455069035291671753e-01
9.222752600908279419e-02 -6.543524265289306641e-01 7.505443692207336426e-01 -2.326012849807739258e-01
0.000000000000000000e+00 0.000000000000000000e+00 0.000000000000000000e+00 1.000000000000000000e+00
7.374908924102783203e-01 5.733805894851684570e-01 3.568498790264129639e-01 -1.284817159175872803e-01
-6.748294830322265625e-01 6.047629714012145996e-01 4.229258894920349121e-01 -9.132148325443267822e-02
2.668810263276100159e-02 -5.527170300483703613e-01 8.329416513442993164e-01 -2.529111802577972412e-01
0.000000000000000000e+00 0.000000000000000000e+00 0.000000000000000000e+00 1.000000000000000000e+00
6.600490212440490723e-01 6.971360445022583008e-01 2.798876166343688965e-01 -9.308482706546783447e-02
-7.509548664093017578e-01 6.023658514022827148e-01 2.705943286418914795e-01 -4.035742580890655518e-02
2.004639618098735809e-02 -3.887885510921478271e-01 9.211088418960571289e-01 -2.755814790725708008e-01
0.000000000000000000e+00 0.000000000000000000e+00 0.000000000000000000e+00 1.000000000000000000e+00
6.837697625160217285e-01 6.852220296859741211e-01 2.508570551872253418e-01 -8.463957905769348145e-02
-7.289903163909912109e-01 6.566058993339538574e-01 1.934979110956192017e-01 -1.363614946603775024e-02
-3.212513029575347900e-02 -3.151804208755493164e-01 9.484879970550537109e-01 -2.786622941493988037e-01
0.000000000000000000e+00 0.000000000000000000e+00 0.000000000000000000e+00 1.000000000000000000e+00
6.831656694412231445e-01 6.871775388717651367e-01 2.471275925636291504e-01 -8.338572829961776733e-02
-7.169762849807739258e-01 6.954229474067687988e-01 4.829335957765579224e-02 3.134365752339363098e-02
-1.386719495058059692e-01 -2.101769000291824341e-01 9.677786827087402344e-01 -2.743048965930938721e-01
0.000000000000000000e+00 0.000000000000000000e+00 0.000000000000000000e+00 1.000000000000000000e+00
6.654547452926635742e-01 7.116346955299377441e-01 2.252689898014068604e-01 -7.500549405813217163e-02
-7.253957986831665039e-01 6.876952648162841797e-01 -2.960635349154472351e-02 5.285144597291946411e-02
-1.759852021932601929e-01 -1.437074542045593262e-01 9.738467335700988770e-01 -2.711210548877716064e-01
0.000000000000000000e+00 0.000000000000000000e+00 0.000000000000000000e+00 1.000000000000000000e+00
6.523925662040710449e-01 7.289314866065979004e-01 2.074677050113677979e-01 -6.790838390588760376e-02
-7.303591370582580566e-01 6.777873635292053223e-01 -8.473436534404754639e-02 6.720260530710220337e-02
-2.023844420909881592e-01 -9.624581784009933472e-02 9.745653271675109863e-01 -2.674172818660736084e-01
0.000000000000000000e+00 0.000000000000000000e+00 0.000000000000000000e+00 1.000000000000000000e+00
5.673055052757263184e-01 7.934581637382507324e-01 2.204275429248809814e-01 -6.414967775344848633e-02
-7.606746554374694824e-01 6.074476242065429688e-01 -2.288697212934494019e-01 1.084114313125610352e-01
-3.154967725276947021e-01 -3.783460706472396851e-02 9.481723308563232422e-01 -2.533369362354278564e-01
0.000000000000000000e+00 0.000000000000000000e+00 0.000000000000000000e+00 1.000000000000000000e+00
5.601055622100830078e-01 7.993387579917907715e-01 2.175756841897964478e-01 -6.204773485660552979e-02
-6.774559020996093750e-01 5.931179523468017578e-01 -4.350453019142150879e-01 1.654685735702514648e-01
-4.767966568470001221e-01 9.627331048250198364e-02 8.737255334854125977e-01 -2.204062491655349731e-01
0.000000000000000000e+00 0.000000000000000000e+00 0.000000000000000000e+00 1.000000000000000000e+00
5.753139853477478027e-01 7.879557609558105469e-01 2.194067090749740601e-01 -6.480929255485534668e-02
-6.108956933021545410e-01 5.923142433166503906e-01 -5.253285169601440430e-01 1.895051300525665283e-01
-5.438935160636901855e-01 1.681942194700241089e-01 8.221256136894226074e-01 -1.996577382087707520e-01
0.000000000000000000e+00 0.000000000000000000e+00 0.000000000000000000e+00 1.000000000000000000e+00
6.312420964241027832e-01 7.437360882759094238e-01 2.199772596359252930e-01 -6.910891085863113403e-02
-4.981540739536285400e-01 6.061818599700927734e-01 -6.199886798858642578e-01 2.125715762376785278e-01
-5.944542288780212402e-01 2.817802727222442627e-01 7.531426548957824707e-01 -1.720593571662902832e-01
0.000000000000000000e+00 0.000000000000000000e+00 0.000000000000000000e+00 1.000000000000000000e+00
7.114872336387634277e-01 6.766606569290161133e-01 1.895156502723693848e-01 -6.615033000707626343e-02
-3.913987874984741211e-01 6.055969595909118652e-01 -6.928629875183105469e-01 2.283300906419754028e-01
