1.000000000000000000e+00 0.000000000000000000e+00 0.000000000000000000e+00 -4.096739311332171507e-01
0.000000000000000000e+00 -1.000000000000000000e+00 0.000000000000000000e+00 -1.964994255000929863e-02
0.000000000000000000e+00 0.000000000000000000e+00 -1.000000000000000000e+00 -2.664639050480994698e+00
0.000000000000000000e+00 0.000000000000000000e+00 0.000000000000000000e+00 1.000000000000000000e+00
9.966858029365539551e-01 -7.933284342288970947e-02 -1.800673454999923706e-02 -4.441201726744637424e-01
-7.901121675968170166e-02 -9.967126250267028809e-01 1.792028732597827911e-02 6.416079171525711222e-02
-1.936920732259750366e-02 -1.643815822899341583e-02 -9.996771216392517090e-01 -2.718056016340650416e+00
0.000000000000000000e+00 0.000000000000000000e+00 0.000000000000000000e+00 1.000000000000000000e+00
9.857015609741210938e-01 -1.632142066955566406e-01 -4.187395423650741577e-02 -4.939286242700148266e-01
-1.610077917575836182e-01 -9.856051802635192871e-01 5.156276747584342957e-02 2.073628839278549296e-01
-4.968700930476188660e-02 -4.408342018723487854e-02 -9.977914690971374512e-01 -2.707255514949966635e+00
0.000000000000000000e+00 0.000000000000000000e+00 0.000000000000000000e+00 1.000000000000000000e+00
9.654991626739501953e-01 -2.569831907749176025e-01 -4.208109527826309204e-02 -4.737735037406206606e-01
-2.533582746982574463e-01 -9.643638134002685547e-01 7.623568922281265259e-02 3.242186536193932267e-01
-6.017282232642173767e-02 -6.294386833906173706e-02 -9.962013959884643555e-01 -2.704469641772471178e+00
0.000000000000000000e+00 0.000000000000000000e+00 0.000000000000000000e+00 1.000000000000000000e+00
9.380577206611633301e-01 -3.418509066104888916e-01 -5.644001066684722900e-02 -4.875536559869791398e-01
-3.334881961345672607e-01 -9.350141882896423340e-01 1.205568090081214905e-01 4.930622701709443390e-01
-9.398471564054489136e-02 -9.426712244749069214e-02 -9.911006689071655273e-01 -2.679070624092623643e+00
0.000000000000000000e+00 0.000000000000000000e+00 0.000000000000000000e+00 1.000000000000000000e+00
8.928336501121520996e-01 -4.489679336547851562e-01 -3.571717068552970886e-02 -4.009781147095694553e-01
-4.408569931983947754e-01 -8.874173164367675781e-01 1.346680074930191040e-01 5.729415474956426335e-01
-9.215768426656723022e-02 -1.044899448752403259e-01 -9.902468323707580566e-01 -2.688230672230513818e+00
0.000000000000000000e+00 0.000000000000000000e+00 0.000000000000000000e+00 1.000000000000000000e+00
8.458986282348632812e-01 -5.327300429344177246e-01 -2.557289786636829376e-02 -3.434693286358898590e-01
-5.221039056777954102e-01 -8.369116783142089844e-01 1.642744094133377075e-01 6.906786986415259788e-01
-1.089162454009056091e-01 -1.256077587604522705e-01 -9.860831499099731445e-01 -2.674745291083784782e+00
0.000000000000000000e+00 0.000000000000000000e+00 0.000000000000000000e+00 1.000000000000000000e+00
7.920404672622680664e-01 -6.104608774185180664e-01 -3.068873193114995956e-03 -2.534306063530097353e-01
-6.012526154518127441e-01 -7.809434533119201660e-01 1.691824942827224731e-01 7.405738638509863359e-01
-1.056759282946586609e-01 -1.321541965007781982e-01 -9.855797886848449707e-01 -2.683656442866078073e+00
0.000000000000000000e+00 0.000000000000000000e+00 0.000000000000000000e+00 1.000000000000000000e+00
7.213555574417114258e-01 -6.921933293342590332e-01 2.269118465483188629e-02 -1.287753627224125785e-01
-6.857905387878417969e-01 -7.093442082405090332e-01 1.628548800945281982e-01 7.497651620024807784e-01
-9.663117676973342896e-02 -1.330376416444778442e-01 -9.863889217376708984e-01 -2.693858434062429197e+00
0.000000000000000000e+00 0.000000000000000000e+00 0.000000000000000000e+00 1.000000000000000000e+00
6.444479227066040039e-01 -7.643343806266784668e-01 2.189926616847515106e-02 -8.320282287712477132e-02
-7.591578364372253418e-01 -6.361324191093444824e-01 1.378940343856811523e-01 7.035017588597404226e-01
-9.146633744239807129e-02 -1.054905056953430176e-01 -9.902045726776123047e-01 -2.721096304639941899e+00
0.000000000000000000e+00 0.000000000000000000e+00 0.000000000000000000e+00 1.000000000000000000e+00
5.513054132461547852e-01 -8.335524797439575195e-01 3.538872674107551575e-02 9.439096436834451542e-03
-8.321052789688110352e-01 -5.462813377380371094e-01 9.579735249280929565e-02 5.967303961522153477e-01
-6.051992997527122498e-02 -8.226074278354644775e-02 -9.947715401649475098e-01 -2.767198973717122534e+00
0.000000000000000000e+00 0.000000000000000000e+00 0.000000000000000000e+00 1.000000000000000000e+00
4.606095254421234131e-01 -8.840114474296569824e-01 7.976140826940536499e-02 1.954930334820252358e-01
-8.875097632408142090e-01 -4.573969244956970215e-01 5.580864101648330688e-02 4.863112324637031691e-01
-1.285286247730255127e-02 -9.649503231048583984e-02 -9.952504038810729980e-01 -2.804546396157144628e+00
0.000000000000000000e+00 0.000000000000000000e+00 0.000000000000000000e+00 1.000000000000000000e+00
3.520532548427581787e-01 -9.306789040565490723e-01 9.947393089532852173e-02 2.936487398449499353e-01
-9.357664585113525391e-01 -3.522492349147796631e-01 1.617042347788810730e-02 3.483085854644361046e-01
1.999014429748058319e-02 -9.877722710371017456e-02 -9.949086308479309082e-01 -2.818427472840375980e+00
0.000000000000000000e+00 0.000000000000000000e+00 0.000000000000000000e+00 1.000000000000000000e+00
2.745709121227264404e-01 -9.546217918395996094e-01 1.153586357831954956e-01 3.650381886943959708e-01
-9.584002494812011719e-01 -2.814184725284576416e-01 -4.767241701483726501e-02 1.274483209917686988e-01
7.797315716743469238e-02 -9.747029095888137817e-02 -9.921792149543762207e-01 -2.816158983994081488e+00
0.000000000000000000e+00 0.000000000000000000e+00 0.000000000000000000e+00 1.000000000000000000e+00
1.980729848146438599e-01 -9.693311452865600586e-01 1.454785615205764771e-01 4.662770917638127677e-01
-9.717224240303039551e-01 -2.136513143777847290e-01 -1.005435213446617126e-01 -5.907055203013799466e-02
1.285416483879089355e-01 -1.214498206973075867e-01 -9.842395186424255371e-01 -2.802138282526003277e+00
0.000000000000000000e+00 0.000000000000000000e+00 0.000000000000000000e+00 1.000000000000000000e+00
1.171999722719192505e-01 -9.825006127357482910e-01 1.447654664516448975e-01 4.812615077794743512e-01
-9.711906909942626953e-01 -1.438452154397964478e-01 -1.899930387735366821e-01 -3.426081750356194111e-01
2.074920535087585449e-01 -1.183276697993278503e-01 -9.710538983345031738e-01 -2.776343569309653869e+00
0.000000000000000000e+00 0.000000000000000000e+00 0.000000000000000000e+00 1.000000000000000000e+00
1.931931376457214355e-01 -9.718780517578125000e-01 1.346461027860641479e-01 4.435341182866181509e-01
-9.530910253524780273e-01 -2.184809893369674683e-01 -2.094836682081222534e-01 -3.930865358632093520e-01
2.330101579427719116e-01 -8.785918354988098145e-02 -9.684973955154418945e-01 -2.750213315108375856e+00
0.000000000000000000e+00 0.000000000000000000e+00 0.000000000000000000e+00 1.000000000000000000e+00
2.764941155910491943e-01 -9.513653516769409180e-01 1.358497291803359985e-01 4.249716791901039792e-01
-9.370993971824645996e-01 -2.982460558414459229e-01 -1.813655197620391846e-01 -2.921799315035784605e-01
2.130615562200546265e-01 -7.715822756290435791e-02 -9.739874601364135742e-01 -2.743283952268313897e+00
0.000000000000000000e+00 0.000000000000000000e+00 0.000000000000000000e+00 1.000000000000000000e+00
3.312745392322540283e-01 -9.333389997482299805e-01 1.383296102285385132e-01 4.150552151599984363e-01
-9.318332672119140625e-01 -3.466486930847167969e-01 -1.073383390903472900e-01 -4.917557669592169389e-02
1.481348872184753418e-01 -9.334172308444976807e-02 -9.845522046089172363e-01 -2.741770154699797679e+00
0.000000000000000000e+00 0.000000000000000000e+00 0.000000000000000000e+00 1.000000000000000000e+00
3.638021349906921387e-01 -9.157919287681579590e-01 1.702145934104919434e-01 4.968638186557447489e-01
-9.285214543342590332e-01 -3.710849583148956299e-01 -1.197619922459125519e-02 2.573430553829315626e-01
7.413175702095031738e-02 -1.536909639835357666e-01 -9.853342771530151367e-01 -2.704826154068957322e+00
0.000000000000000000e+00 0.000000000000000000e+00 0.000000000000000000e+00 1.000000000000000000e+00
4.046231806278228760e-01 -8.945116400718688965e-01 1.900762617588043213e-01 5.322779483115132049e-01
-9.143530726432800293e-01 -3.992384374141693115e-01 6.757859140634536743e-02 5.080228175227932130e-01
1.543585676699876785e-02 -2.011407017707824707e-01 -9.794408082962036133e-01 -2.653893460813995464e+00
0.000000000000000000e+00 0.000000000000000000e+00 0.000000000000000000e+00 1.000000000000000000e+00
4.608265161514282227e-01 -8.617146611213684082e-01 2.123349905014038086e-01 5.631517545226841781e-01
-8.861715793609619141e-01 -4.337411522865295410e-01 1.629988253116607666e-01 7.786946034047101950e-01
-4.836013913154602051e-02 -2.632794380187988281e-01 -9.635066986083984375e-01 -2.560573883763960001e+00
0.000000000000000000e+00 0.000000000000000000e+00 0.000000000000000000e+00 1.000000000000000000e+00
5.348031520843505859e-01 -8.198536038398742676e-01 2.045135647058486938e-01 4.892418161653600550e-01
-8.403033018112182617e-01 -4.906111061573028564e-01 2.306330502033233643e-01 9.473228501053266859e-01
-8.874863386154174805e-02 -2.951965630054473877e-01 -9.513056874275207520e-01 -2.490407186550585461e+00
0.000000000000000000e+00 0.000000000000000000e+00 0.000000000000000000e+00 1.000000000000000000e+00
5.962356925010681152e-01 -7.792950868606567383e-01 1.928804367780685425e-01 4.170581478752319327e-01
-7.925063967704772949e-01 -5.329749584197998047e-01 2.964313030242919922e-01 1.098295115057692950e+00
-1.282070428133010864e-01 -3.296015560626983643e-01 -9.353746771812438965e-01 -2.412196887601474771e+00
0.000000000000000000e+00 0.000000000000000000e+00 0.000000000000000000e+00 1.000000000000000000e+00
6.735123395919799805e-01 -7.197163105010986328e-01 1.684929281473159790e-01 2.931560864847804759e-01
-7.199810147285461426e-01 -5.871411561965942383e-01 3.699900507926940918e-01 1.239034966615033762e+00
-1.673588603734970093e-01 -3.705042600631713867e-01 -9.136283397674560547e-01 -2.314750239218316796e+00
0.000000000000000000e+00 0.000000000000000000e+00 0.000000000000000000e+00 1.000000000000000000e+00
7.370123267173767090e-01 -6.585088372230529785e-01 1.522464752197265625e-01 2.173380347139876323e-01
-6.461610198020935059e-01 -6.204366087913513184e-01 4.444481134414672852e-01 1.377315380015578183e+00
-1.982137560844421387e-01 -4.259394705295562744e-01 -8.827722668647766113e-01 -2.183275292356655850e+00
0.000000000000000000e+00 0.000000000000000000e+00 0.000000000000000000e+00 1.000000000000000000e+00
7.621273398399353027e-01 -6.330538392066955566e-01 1.356633156538009644e-01 1.507107550872857915e-01
-5.960831046104431152e-01 -6.043289303779602051e-01 5.286502242088317871e-01 1.553042967555200216e+00
-2.526789903640747070e-01 -4.837653636932373047e-01 -8.379285335540771484e-01 -1.993052389455800544e+00
0.000000000000000000e+00 0.000000000000000000e+00 0.000000000000000000e+00 1.000000000000000000e+00
7.864551544189453125e-01 -6.016786694526672363e-01 1.395380645990371704e-01 1.380973303770018090e-01
-5.362460613250732422e-01 -5.530521869659423828e-01 6.376308798789978027e-01 1.813946778710066265e+00
-3.064772784709930420e-01 -5.762947797775268555e-01 -7.575986981391906738e-01 -1.720627739952063751e+00
0.000000000000000000e+00 0.000000000000000000e+00 0.000000000000000000e+00 1.000000000000000000e+00
8.124752044677734375e-01 -5.666385293006896973e-01 1.371307969093322754e-01 1.136002601786647720e-01
-4.803765416145324707e-01 -5.174006223678588867e-01 7.081910967826843262e-01 1.985845308291337208e+00
-3.303368687629699707e-01 -6.412621140480041504e-01 -6.925750970840454102e-01 -1.505463463058452911e+00
0.000000000000000000e+00 0.000000000000000000e+00 0.000000000000000000e+00 1.000000000000000000e+00
8.383594155311584473e-01 -5.308394432067871094e-01 1.239475607872009277e-01 5.492704892918454096e-02
-4.123138487339019775e-01 -4.687688350677490234e-01 7.811869978904724121e-01 2.160395880969766313e+00
-3.565821349620819092e-01 -7.060207128524780273e-01 -6.118691563606262207e-01 -1.290600234861023266e+00
0.000000000000000000e+00 0.000000000000000000e+00 0.000000000000000000e+00 1.000000000000000000e+00
8.718820214271545410e-01 -4.797516763210296631e-01 9.828594326972961426e-02 -3.472765345693392541e-02
-3.309560120105743408e-01 -4.293087124824523926e-01 8.403344154357910156e-01 2.293091716883906006e+00
-3.609569370746612549e-01 -7.652008533477783203e-01 -5.330833196640014648e-01 -1.100125331298584364e+00
0.000000000000000000e+00 0.000000000000000000e+00 0.000000000000000000e+00 1.000000000000000000e+00
8.910505175590515137e-01 -4.493578076362609863e-01 6.408192962408065796e-02 -1.280094183354306692e-01
-2.354034036397933960e-01 -3.367783427238464355e-01 9.116827249526977539e-01 2.423655791384343949e+00
-3.880903720855712891e-01 -8.274403810501098633e-01 -4.058669209480285645e-01 -7.778539437587878025e-01
0.000000000000000000e+00 0.000000000000000000e+00 0.000000000000000000e+00 1.000000000000000000e+00
8.711429238319396973e-01 -4.908153712749481201e-01 1.449926011264324188e-02 -2.846032365077379445e-01
-7.573912292718887329e-02 -1.051365435123443604e-01 9.915693402290344238e-01 2.587863920266645135e+00
-4.851531386375427246e-01 -8.648965954780578613e-01 -1.287627965211868286e-01 -7.257596098153822062e-02
0.000000000000000000e+00 0.000000000000000000e+00 0.000000000000000000e+00 1.000000000000000000e+00
8.678957223892211914e-01 -4.959480762481689453e-01 2.815187722444534302e-02 -2.345500448773844837e-01
-8.312078565359115601e-02 -8.911840617656707764e-02 9.925464391708374023e-01 2.592240577801139700e+00
-4.897427856922149658e-01 -8.637670278549194336e-01 -1.185690909624099731e-01 -9.362475515467952314e-02
0.000000000000000000e+00 0.000000000000000000e+00 0.000000000000000000e+00 1.000000000000000000e+00
8.345606327056884766e-01 -5.503539443016052246e-01 2.488401532173156738e-02 -2.083821940813727347e-01
-1.050391793251037598e-01 -1.146174669265747070e-01 9.878409504890441895e-01 2.589846537023806849e+00
-5.408098697662353516e-01 -8.270267844200134277e-01 -1.534638851881027222e-01 -1.654747450434718159e-01
0.000000000000000000e+00 0.000000000000000000e+00 0.000000000000000000e+00 1.000000000000000000e+00
8.094661831855773926e-01 -5.849756002426147461e-01 5.067737773060798645e-02 -1.368275789072629922e-01
-2.334251552820205688e-01 -2.414033859968185425e-01 9.419326782226562500e-01 2.518282212270415155e+00
-5.387737154960632324e-01 -7.742921113967895508e-01 -3.319558203220367432e-01 -5.410992532164540236e-01
0.000000000000000000e+00 0.000000000000000000e+00 0.000000000000000000e+00 1.000000000000000000e+00
8.285978436470031738e-01 -5.520697236061096191e-01 9.297542273998260498e-02 -3.890695042675551552e-02
-3.071037530899047852e-01 -3.093604147434234619e-01 8.999907374382019043e-01 2.437775554705702508e+00
-4.680947363376617432e-01 -7.742835283279418945e-01 -4.258780777454376221e-01 -7.925571786365861460e-01
0.000000000000000000e+00 0.000000000000000000e+00 0.000000000000000000e+00 1.000000000000000000e+00
8.161611557006835938e-01 -5.679379105567932129e-01 1.064307913184165955e-01 -5.006921224913855016e-03
-3.683389127254486084e-01 -3.694497346878051758e-01 8.531313538551330566e-01 2.344848085994140074e+00
-4.452049136161804199e-01 -7.354953885078430176e-01 -5.107241868972778320e-01 -1.017481117615659958e+00
0.000000000000000000e+00 0.000000000000000000e+00 0.000000000000000000e+00 1.000000000000000000e+00
8.339129686355590820e-01 -5.471414327621459961e-01 7.228555530309677124e-02 -1.373800936345523915e-01
-4.471636116504669189e-01 -5.930757522583007812e-01 6.695563793182373047e-01 1.980531288317862071e+00
-3.234713375568389893e-01 -5.906752943992614746e-01 -7.392354011535644531e-01 -1.666618472510049243e+00
0.000000000000000000e+00 0.000000000000000000e+00 0.000000000000000000e+00 1.000000000000000000e+00
8.352301716804504395e-01 -5.471799373626708984e-01 5.463074147701263428e-02 -1.946846853588513893e-01
-4.640175402164459229e-01 -6.479865908622741699e-01 6.039873957633972168e-01 1.803414489356676809e+00
-2.950899899005889893e-01 -5.298181176185607910e-01 -7.951191663742065430e-01 -1.828565976787890568e+00
0.000000000000000000e+00 0.000000000000000000e+00 0.000000000000000000e+00 1.000000000000000000e+00
8.574737906455993652e-01 -5.111445784568786621e-01 5.890478566288948059e-02 -1.912070348382517437e-01
-4.598200023174285889e-01 -7.098935246467590332e-01 5.334945917129516602e-01 1.608840177276690042e+00
-2.308768779039382935e-01 -4.845432043075561523e-01 -8.437497019767761230e-01 -1.980796451449159612e+00
0.000000000000000000e+00 0.000000000000000000e+00 0.000000000000000000e+00 1.000000000000000000e+00
8.717617988586425781e-01 -4.896560013294219971e-01 1.637613587081432343e-02 -2.882674903104573416e-01
-4.563115537166595459e-01 -7.993208765983581543e-01 3.909801542758941650e-01 1.224665065215683857e+00
-1.783561706542968750e-01 -3.483141362667083740e-01 -9.202533364295959473e-01 -2.194756533558045231e+00
0.000000000000000000e+00 0.000000000000000000e+00 0.000000000000000000e+00 1.000000000000000000e+00
8.769372105598449707e-01 -4.803802073001861572e-01 1.469121407717466354e-02 -2.771163575585184891e-01
-4.682665169239044189e-01 -8.471429347991943359e-01 2.511477768421173096e-01 8.692302388454199447e-01
-1.082009151577949524e-01 -2.271202206611633301e-01 -9.678372740745544434e-01 -2.345537090369556932e+00
0.000000000000000000e+00 0.000000000000000000e+00 0.000000000000000000e+00 1.000000000000000000e+00
8.813933134078979492e-01 -4.722134470939636230e-01 1.265216246247291565e-02 -2.470410650779785444e-01
-4.722610116004943848e-01 -8.802413344383239746e-01 4.629741236567497253e-02 3.295752715694706403e-01
-1.072532404214143753e-02 -4.678136482834815979e-02 -9.988474249839782715e-01 -2.465110817922048447e+00
0.000000000000000000e+00 0.000000000000000000e+00 0.000000000000000000e+00 1.000000000000000000e+00
8.885512351989746094e-01 -4.585944116115570068e-01 1.293751876801252365e-02 -2.300717903063867753e-01
-4.576175510883331299e-01 -8.879570364952087402e-01 -4.602617025375366211e-02 7.686287885376456852e-02
3.259531781077384949e-02 3.497619181871414185e-02 -9.988563656806945801e-01 -2.488970927647172093e+00
0.000000000000000000e+00 0.000000000000000000e+00 0.000000000000000000e+00 1.000000000000000000e+00
8.939935564994812012e-01 -4.480391442775726318e-01 6.027027498930692673e-03 -2.436222411558364442e-01
-4.421589374542236328e-01 -8.842802643775939941e-01 -1.501452773809432983e-01 -2.226067603488130209e-01
7.260061800479888916e-02 1.315639913082122803e-01 -9.886456131935119629e-01 -2.479404698317000832e+00
0.000000000000000000e+00 0.000000000000000000e+00 0.000000000000000000e+00 1.000000000000000000e+00
8.966267704963684082e-01 -4.427018165588378906e-01 8.698133751749992371e-03 -2.346326711550772715e-01
-4.256660342216491699e-01 -8.672003149986267090e-01 -2.584030032157897949e-01 -5.366849358504348633e-01
1.219384819269180298e-01 2.279884666204452515e-01 -9.659981131553649902e-01 -2.436029955372220890e+00
0.000000000000000000e+00 0.000000000000000000e+00 0.000000000000000000e+00 1.000000000000000000e+00
9.008047580718994141e-01 -4.340453743934631348e-01 1.246925443410873413e-02 -2.217722730342945314e-01
-3.989798724651336670e-01 -8.386803269386291504e-01 -3.707153201103210449e-01 -8.783702046344584735e-01
1.713651567697525024e-01 3.289670944213867188e-01 -9.286628365516662598e-01 -2.347774398186824651e+00
0.000000000000000000e+00 0.000000000000000000e+00 0.000000000000000000e+00 1.000000000000000000e+00
9.065425395965576172e-01 -4.220338165760040283e-01 8.214763365685939789e-03 -2.447879942847538404e-01
-3.721044659614562988e-01 -8.081783652305603027e-01 -4.564927816390991211e-01 -1.144677163836921308e+00
1.992945969104766846e-01 4.107736051082611084e-01 -8.896891474723815918e-01 -2.258687852780941974e+00
0.000000000000000000e+00 0.000000000000000000e+00 0.000000000000000000e+00 1.000000000000000000e+00
9.174084663391113281e-01 -3.979128003120422363e-01 5.189544986933469772e-03 -2.771269294450193765e-01
-3.297637403011322021e-01 -7.674576640129089355e-01 -5.497858524322509766e-01 -1.431598232455130848e+00
2.227497547864913940e-01 5.026668906211853027e-01 -8.352896571159362793e-01 -2.134727533914797526e+00
0.000000000000000000e+00 0.000000000000000000e+00 0.000000000000000000e+00 1.000000000000000000e+00
9.094919562339782715e-01 -4.154363870620727539e-01 -1.537924632430076599e-02 -3.446448258363781769e-01
-3.320964276790618896e-01 -7.037919163703918457e-01 -6.280036568641662598e-01 -1.650382544037288124e+00
2.500720322132110596e-01 5.762716531753540039e-01 -7.780582308769226074e-01 -2.007996656447360806e+00
0.000000000000000000e+00 0.000000000000000000e+00 0.000000000000000000e+00 1.000000000000000000e+00
9.173874855041503906e-01 -3.962165117263793945e-01 -3.758214786648750305e-02 -4.235747718979004373e-01
-2.979609072208404541e-01 -6.211354732513427734e-01 -7.248517274856567383e-01 -1.933688958763996046e+00
2.638547122478485107e-01 6.761678457260131836e-01 -6.878790855407714844e-01 -1.775996003570699200e+00
0.000000000000000000e+00 0.000000000000000000e+00 0.000000000000000000e+00 1.000000000000000000e+00
9.288871884346008301e-01 -3.660303652286529541e-01 -5.647753551602363586e-02 -4.915576933261425197e-01
-2.643199861049652100e-01 -5.483584403991699219e-01 -7.933710217475891113e-01 -2.143293216680790092e+00
2.594279944896697998e-01 7.518806457519531250e-01 -6.061125993728637695e-01 -1.544772530944078737e+00
0.000000000000000000e+00 0.000000000000000000e+00 0.000000000000000000e+00 1.000000000000000000e+00
9.344710111618041992e-01 -3.531514406204223633e-01 -4.525160789489746094e-02 -4.804266178401099263e-01
-2.211924940347671509e-01 -4.762468338012695312e-01 -8.510364890098571777e-01 -2.329095449886710245e+00
2.789937853813171387e-01 8.052782416343688965e-01 -5.231533050537109375e-01 -1.331457040727292096e+00
0.000000000000000000e+00 0.000000000000000000e+00 0.000000000000000000e+00 1.000000000000000000e+00
9.458626508712768555e-01 -3.208314180374145508e-01 -4.909992590546607971e-02 -5.182498614033932416e-01
-1.848195195198059082e-01 -4.080518186092376709e-01 -8.940557837486267090e-01 -2.464182981102547743e+00
2.668057084083557129e-01 8.547284007072448730e-01 -4.452569186687469482e-01 -1.127918596709496679e+00
0.000000000000000000e+00 0.000000000000000000e+00 0.000000000000000000e+00 1.000000000000000000e+00
9.562720656394958496e-01 -2.886984348297119141e-01 -4.687266051769256592e-02 -5.354809671388613967e-01
-1.516992002725601196e-01 -3.525579869747161865e-01 -9.234125614166259766e-01 -2.565885564009586783e+00
2.500623464584350586e-01 8.901440501213073730e-01 -3.809367418289184570e-01 -9.470396548301289741e-01
0.000000000000000000e+00 0.000000000000000000e+00 0.000000000000000000e+00 1.000000000000000000e+00
9.613597393035888672e-01 -2.661571502685546875e-01 -7.034441828727722168e-02 -6.251012117285218439e-01
-1.449340879917144775e-01 -2.720771133899688721e-01 -9.512979984283447266e-01 -2.685797867868416233e+00
2.340555787086486816e-01 9.247348904609680176e-01 -3.001391291618347168e-01 -6.851784757088088540e-01
0.000000000000000000e+00 0.000000000000000000e+00 0.000000000000000000e+00 1.000000000000000000e+00
9.749362468719482422e-01 -2.159586846828460693e-01 -5.348967760801315308e-02 -6.099119115177047412e-01
-9.480051696300506592e-02 -1.857333630323410034e-01 -9.780160784721374512e-01 -2.802889254384383300e+00
2.012762129306793213e-01 9.585744738578796387e-01 -2.015512734651565552e-01 -3.549726890194483953e-01
0.000000000000000000e+00 0.000000000000000000e+00 0.000000000000000000e+00 1.000000000000000000e+00
9.927015304565429688e-01 -1.198150888085365295e-01 -1.371146272867918015e-02 -5.157998051491359259e-01
-2.997417002916336060e-02 -1.350054740905761719e-01 -9.903912544250488281e-01 -2.858728406728988869e+00
1.168127730488777161e-01 9.835738539695739746e-01 -1.376114934682846069e-01 -1.695439555622221262e-01
0.000000000000000000e+00 0.000000000000000000e+00 0.000000000000000000e+00 1.000000000000000000e+00
9.954842925071716309e-01 -9.452106058597564697e-02 8.751462213695049286e-03 -4.670639602567417392e-01
-1.479776017367839813e-02 -2.455896884202957153e-01 -9.692606329917907715e-01 -2.816709624639420539e+00
9.376485645771026611e-02 9.647542834281921387e-01 -2.458793967962265015e-01 -4.900971959688225632e-01
0.000000000000000000e+00 0.000000000000000000e+00 0.000000000000000000e+00 1.000000000000000000e+00
9.979515075683593750e-01 -3.257211670279502869e-02 5.506434291601181030e-02 -3.248588072888626832e-01
4.330945760011672974e-02 -2.895413041114807129e-01 -9.561848640441894531e-01 -2.881689785378527713e+00
4.708836972713470459e-02 9.566112160682678223e-01 -2.875375449657440186e-01 -5.937920534738723166e-01
0.000000000000000000e+00 0.000000000000000000e+00 0.000000000000000000e+00 1.000000000000000000e+00
9.889191985130310059e-01 4.404839500784873962e-02 1.417693048715591431e-01 -2.163724782017976273e-02
1.484217047691345215e-01 -2.732341587543487549e-01 -9.504281878471374512e-01 -2.978433480917027865e+00
-3.128655022010207176e-03 9.609383940696716309e-01 -2.767443060874938965e-01 -5.370344059722301777e-01
0.000000000000000000e+00 0.000000000000000000e+00 0.000000000000000000e+00 1.000000000000000000e+00
9.672995209693908691e-01 6.682124733924865723e-02 2.446766048669815063e-01 2.980344860975289167e-01
2.536364495754241943e-01 -2.528073787689208984e-01 -9.336792230606079102e-01 -3.019363134497129675e+00
-5.336006870493292809e-04 9.652064442634582520e-01 -2.614888250827789307e-01 -4.799653620877825100e-01
0.000000000000000000e+00 0.000000000000000000e+00 0.000000000000000000e+00 1.000000000000000000e+00
9.755196571350097656e-01 -2.888221060857176781e-03 2.198928743600845337e-01 1.994848950432610291e-01
2.081383317708969116e-01 -3.106600940227508545e-01 -9.274531602859497070e-01 -2.987471564321909412e+00
7.099058479070663452e-02 9.505166411399841309e-01 -3.024538755416870117e-01 -6.532018475495388055e-01
0.000000000000000000e+00 0.000000000000000000e+00 0.000000000000000000e+00 1.000000000000000000e+00
9.858235120773315430e-01 -1.220099031925201416e-01 1.151766180992126465e-01 -1.700806804423273533e-01
6.242939084768295288e-02 -3.704336583614349365e-01 -9.267587065696716309e-01 -2.918185110317351061e+00
1.557389944791793823e-01 9.208110570907592773e-01 -3.575650751590728760e-01 -9.227921277178022796e-01
0.000000000000000000e+00 0.000000000000000000e+00 0.000000000000000000e+00 1.000000000000000000e+00
9.775016307830810547e-01 -2.100136280059814453e-01 1.960957050323486328e-02 -4.697419070627486537e-01
-4.718671366572380066e-02 -3.083429932594299316e-01 -9.501041769981384277e-01 -2.929872477436290534e+00
2.055813372135162354e-01 9.278033375740051270e-01 -3.113155663013458252e-01 -8.255287713570440555e-01
0.000000000000000000e+00 0.000000000000000000e+00 0.000000000000000000e+00 1.000000000000000000e+00
9.160637259483337402e-01 -3.904050290584564209e-01 -9.171000123023986816e-02 -7.952827151759809254e-01
-2.276449352502822876e-01 -3.179517984390258789e-01 -9.203718900680541992e-01 -2.747059483942316582e+00
3.301585018634796143e-01 8.639967441558837891e-01 -3.801377713680267334e-01 -1.132036424109235551e+00
0.000000000000000000e+00 0.000000000000000000e+00 0.000000000000000000e+00 1.000000000000000000e+00
8.723677992820739746e-01 -4.795995056629180908e-01 -9.464848786592483521e-02 -7.878165833384426220e-01
-2.843195796012878418e-01 -3.402775824069976807e-01 -8.963110446929931641e-01 -2.637862968413009490e+00
3.976635932922363281e-01 8.088235855102539062e-01 -4.332067072391510010e-01 -1.363681530473496162e+00
0.000000000000000000e+00 0.000000000000000000e+00 0.000000000000000000e+00 1.000000000000000000e+00
8.326491713523864746e-01 -5.502668619155883789e-01 -6.246459856629371643e-02 -6.738404023729245296e-01
-3.398497104644775391e-01 -4.186521470546722412e-01 -8.421595692634582520e-01 -2.446067906991078456e+00
4.372613728046417236e-01 7.224517464637756348e-01 -5.355981588363647461e-01 -1.711582482151122964e+00
0.000000000000000000e+00 0.000000000000000000e+00 0.000000000000000000e+00 1.000000000000000000e+00
7.995119690895080566e-01 -5.987801551818847656e-01 -4.735202342271804810e-02 -6.068934223449015120e-01
-4.267411828041076660e-01 -5.107797980308532715e-01 -7.463214397430419922e-01 -2.101507740432304594e+00
4.226963222026824951e-01 6.168998479843139648e-01 -6.638989448547363281e-01 -2.101234969665108920e+00
0.000000000000000000e+00 0.000000000000000000e+00 0.000000000000000000e+00 1.000000000000000000e+00
7.736376523971557617e-01 -6.333172917366027832e-01 -1.984718814492225647e-02 -5.138283983858169535e-01
-5.047564506530761719e-01 -5.970531105995178223e-01 -6.234968900680541992e-01 -1.675973200873412061e+00
3.830215036869049072e-01 4.923785924911499023e-01 -7.815734744071960449e-01 -2.435756776445346716e+00
0.000000000000000000e+00 0.000000000000000000e+00 0.000000000000000000e+00 1.000000000000000000e+00
7.549586296081542969e-01 -6.556897163391113281e-01 -1.042100507766008377e-02 -4.766470908083989544e-01
-5.618178248405456543e-01 -6.385156512260437012e-01 -5.259829759597778320e-01 -1.340535278904061212e+00
3.382277488708496094e-01 4.029500484466552734e-01 -8.504310250282287598e-01 -2.624113922463314541e+00
0.000000000000000000e+00 0.000000000000000000e+00 0.000000000000000000e+00 1.000000000000000000e+00
6.526238918304443359e-01 -7.576209306716918945e-01 -9.601714089512825012e-03 -4.088419426363574249e-01
-6.756079792976379395e-01 -5.761471390724182129e-01 -4.600090086460113525e-01 -1.062397050754007255e+00
3.429805934429168701e-01 3.066997826099395752e-01 -8.878623247146606445e-01 -2.755912544962574540e+00
0.000000000000000000e+00 0.000000000000000000e+00 0.000000000000000000e+00 1.000000000000000000e+00
5.802559852600097656e-01 -8.138748407363891602e-01 3.017398528754711151e-02 -2.382514468750841219e-01
-7.406062483787536621e-01 -5.427076220512390137e-01 -3.961952030658721924e-01 -8.183476205569176765e-01
3.388291001319885254e-01 2.075476348400115967e-01 -9.176705479621887207e-01 -2.858852711189845852e+00
0.000000000000000000e+00 0.000000000000000000e+00 0.000000000000000000e+00 1.000000000000000000e+00
5.375774502754211426e-01 -8.409041166305541992e-01 6.237297877669334412e-02 -1.053081201661143079e-01
-7.830240726470947266e-01 -5.252823829650878906e-01 -3.330941498279571533e-01 -5.904501358572775693e-01
3.128637969493865967e-01 1.302244067192077637e-01 -9.408284425735473633e-01 -2.916334800232035729e+00
0.000000000000000000e+00 0.000000000000000000e+00 0.000000000000000000e+00 1.000000000000000000e+00
5.056745409965515137e-01 -8.540486097335815430e-01 1.220401898026466370e-01 1.097160404275353135e-01
-8.159860372543334961e-01 -5.193986296653747559e-01 -2.537548542022705078e-01 -3.175062739310364202e-01
2.801066339015960693e-01 2.873428910970687866e-02 -9.595388174057006836e-01 -2.961662634534809602e+00
0.000000000000000000e+00 0.000000000000000000e+00 0.000000000000000000e+00 1.000000000000000000e+00
4.347405731678009033e-01 -8.834578990936279297e-01 1.746498793363571167e-01 3.250497606896145530e-01
-8.590472340583801270e-01 -4.650290310382843018e-01 -2.139764130115509033e-01 -1.641712613303030199e-01
2.702563405036926270e-01 -5.700831860303878784e-02 -9.610990285873413086e-01 -2.962566608438284010e+00
0.000000000000000000e+00 0.000000000000000000e+00 0.000000000000000000e+00 1.000000000000000000e+00
3.577807545661926270e-01 -8.930954337120056152e-01 2.727143764495849609e-01 6.886741946538791348e-01
-8.919030427932739258e-01 -4.133313000202178955e-01 -1.834835857152938843e-01 -4.745974270183960647e-02
2.765897810459136963e-01 -1.775878965854644775e-01 -9.444366097450256348e-01 -2.912548926619195289e+00
0.000000000000000000e+00 0.000000000000000000e+00 0.000000000000000000e+00 1.000000000000000000e+00
2.948874831199645996e-01 -8.811124563217163086e-01 3.697054684162139893e-01 1.028687863648370504e+00
-9.123539924621582031e-01 -3.746264278888702393e-01 -1.651212275028228760e-01 2.559587340166127878e-02
2.839917540550231934e-01 -2.886100709438323975e-01 -9.143590927124023438e-01 -2.826124220120474817e+00
0.000000000000000000e+00 0.000000000000000000e+00 0.000000000000000000e+00 1.000000000000000000e+00
2.718702852725982666e-01 -8.505408763885498047e-01 4.501852095127105713e-01 1.284614437537084486e+00
-9.316991567611694336e-01 -3.497334420680999756e-01 -9.809588640928268433e-02 2.476985113111608294e-01
2.408794164657592773e-01 -3.927678763866424561e-01 -8.875304460525512695e-01 -2.712969645472903757e+00
0.000000000000000000e+00 0.000000000000000000e+00 0.000000000000000000e+00 1.000000000000000000e+00
1.781708598136901855e-01 -7.698011398315429688e-01 6.129123568534851074e-01 1.835350466480383691e+00
-9.612367153167724609e-01 -2.693628370761871338e-01 -5.888513103127479553e-02 3.738696134245267921e-01
2.104257196187973022e-01 -5.786622166633605957e-01 -7.879537343978881836e-01 -2.390800631046107405e+00
0.000000000000000000e+00 0.000000000000000000e+00 0.000000000000000000e+00 1.000000000000000000e+00
1.377412080764770508e-01 -6.698694229125976562e-01 7.295903563499450684e-01 2.213974803497956945e+00
-9.731386899948120117e-01 -2.287154197692871094e-01 -2.627260237932205200e-02 4.813138517009228345e-01
1.844677329063415527e-01 -7.063738107681274414e-01 -6.833795905113220215e-01 -2.066057526094720487e+00
0.000000000000000000e+00 0.000000000000000000e+00 0.000000000000000000e+00 1.000000000000000000e+00
1.099735051393508911e-01 -5.670461654663085938e-01 8.163115978240966797e-01 2.488675668120667428e+00
-9.835261106491088867e-01 -1.806300282478332520e-01 7.027016952633857727e-03 5.802340451516299069e-01
1.434657126665115356e-01 -8.036365509033203125e-01 -5.775691270828247070e-01 -1.725644712334852171e+00
0.000000000000000000e+00 0.000000000000000000e+00 0.000000000000000000e+00 1.000000000000000000e+00
7.958285510540008545e-02 -4.990612268447875977e-01 8.629044294357299805e-01 2.649305704937539030e+00
-9.906289577484130859e-01 -1.359867006540298462e-01 1.271438412368297577e-02 6.069980606663399891e-01
1.109981909394264221e-01 -8.558300733566284180e-01 -5.052070021629333496e-01 -1.491150818858422378e+00
0.000000000000000000e+00 0.000000000000000000e+00 0.000000000000000000e+00 1.000000000000000000e+00
1.573872268199920654e-01 -5.125017762184143066e-01 8.441392779350280762e-01 2.528464868665647902e+00
-9.873743057250976562e-01 -9.718266874551773071e-02 1.250904053449630737e-01 9.398640996175802176e-01
1.792662031948566437e-02 -8.531689047813415527e-01 -5.213264226913452148e-01 -1.471738558751766401e+00
0.000000000000000000e+00 0.000000000000000000e+00 0.000000000000000000e+00 1.000000000000000000e+00
2.653615474700927734e-01 -5.715752243995666504e-01 7.764567136764526367e-01 2.255989170574566050e+00
-9.592895507812500000e-01 -7.576797157526016235e-02 2.720711827278137207e-01 1.360134908959990119e+00
-9.667857736349105835e-02 -8.170440793037414551e-01 -5.684120655059814453e-01 -1.519999893227871990e+00
0.000000000000000000e+00 0.000000000000000000e+00 0.000000000000000000e+00 1.000000000000000000e+00
3.235835134983062744e-01 -6.128377318382263184e-01 7.209185957908630371e-01 2.058894713909588337e+00
-9.281650185585021973e-01 -5.753658339381217957e-02 3.676952123641967773e-01 1.618479944166469231e+00
-1.838582605123519897e-01 -7.881113886833190918e-01 -5.874321460723876953e-01 -1.515388550160744918e+00
0.000000000000000000e+00 0.000000000000000000e+00 0.000000000000000000e+00 1.000000000000000000e+00
3.679773509502410889e-01 -6.341311931610107422e-01 6.800516247749328613e-01 1.909655824435900096e+00
-8.898102641105651855e-01 -2.788286283612251282e-02 4.554780721664428711e-01 1.844258740029842025e+00
-2.698710262775421143e-01 -7.727226018905639648e-01 -5.745168328285217285e-01 -1.414715631057373191e+00
0.000000000000000000e+00 0.000000000000000000e+00 0.000000000000000000e+00 1.000000000000000000e+00
4.273661375045776367e-01 -6.373428106307983398e-01 6.412117481231689453e-01 1.747939004585197020e+00
-8.356086015701293945e-01 -7.706671953201293945e-03 5.492712855339050293e-01 2.075380943296702085e+00
-3.451323509216308594e-01 -7.705420851707458496e-01 -5.358626842498779297e-01 -1.237291436818877211e+00
0.000000000000000000e+00 0.000000000000000000e+00 0.000000000000000000e+00 1.000000000000000000e+00
5.251342654228210449e-01 -6.363818049430847168e-01 5.650241374969482422e-01 1.467896250219703935e+00
-7.296577095985412598e-01 5.015637725591659546e-03 6.837940216064453125e-01 2.371061949503340038e+00
-4.379880428314208984e-01 -7.713580131530761719e-01 -4.617069959640502930e-01 -9.265155702880111255e-01
0.000000000000000000e+00 0.000000000000000000e+00 0.000000000000000000e+00 1.000000000000000000e+00
6.377088427543640137e-01 -6.634506583213806152e-01 3.913573622703552246e-01 8.844841584859286510e-01
-5.743961334228515625e-01 -7.106897234916687012e-02 8.154865503311157227e-01 2.667202806903548495e+00
-5.132217407226562500e-01 -7.448371648788452148e-01 -4.264047443866729736e-01 -7.557323143710766855e-01
0.000000000000000000e+00 0.000000000000000000e+00 0.000000000000000000e+00 1.000000000000000000e+00
6.437981128692626953e-01 -7.119078040122985840e-01 2.805554568767547607e-01 5.893249861157403569e-01
-4.924629628658294678e-01 -1.048571020364761353e-01 8.639938235282897949e-01 2.756754998207511687e+00
-5.856655836105346680e-01 -6.944008469581604004e-01 -4.180949330329895020e-01 -6.850143613989518876e-01
0.000000000000000000e+00 0.000000000000000000e+00 0.000000000000000000e+00 1.000000000000000000e+00
6.047133803367614746e-01 -7.724847793579101562e-01 1.938789039850234985e-01 4.041325765748622900e-01
-3.847214877605438232e-01 -7.017299532890319824e-02 9.203613400459289551e-01 2.856113209233013706e+00
-6.973601579666137695e-01 -6.311441659927368164e-01 -3.396261334419250488e-01 -4.394347842884801514e-01
0.000000000000000000e+00 0.000000000000000000e+00 0.000000000000000000e+00 1.000000000000000000e+00
4.552902281284332275e-01 -8.885536193847656250e-01 5.641761794686317444e-02 1.532008655118501927e-01
-1.970084160566329956e-01 -3.874542191624641418e-02 9.796357154846191406e-01 2.927373725907124413e+00
-8.682733774185180664e-01 -4.571334719657897949e-01 -1.926930844783782959e-01 -1.316627900581013831e-02
0.000000000000000000e+00 0.000000000000000000e+00 0.000000000000000000e+00 1.000000000000000000e+00
3.193584382534027100e-01 -9.427548646926879883e-01 -9.603872895240783691e-02 -2.436761008647144455e-01
-2.487614303827285767e-01 -1.811940670013427734e-01 9.514654278755187988e-01 2.938155739431040026e+00
-9.144003391265869141e-01 -2.799677252769470215e-01 -2.923869490623474121e-01 -3.505159748827730293e-01
0.000000000000000000e+00 0.000000000000000000e+00 0.000000000000000000e+00 1.000000000000000000e+00
3.247951567173004150e-01 -9.453600049018859863e-01 2.832875400781631470e-02 1.395322268350098760e-01
-3.670724630355834961e-01 -9.839633852243423462e-02 9.249736070632934570e-01 2.882224423690903148e+00
-8.716456294059753418e-01 -3.108256459236145020e-01 -3.789742588996887207e-01 -5.926044149877451872e-01
0.000000000000000000e+00 0.000000000000000000e+00 0.000000000000000000e+00 1.000000000000000000e+00
2.934548556804656982e-01 -9.549916386604309082e-01 4.330457374453544617e-02 2.380580354561868672e-01
-4.638592600822448730e-01 -1.026356816291809082e-01 8.799434304237365723e-01 2.785197615446370012e+00
-8.358940482139587402e-01 -2.783109545707702637e-01 -4.731006622314453125e-01 -8.977053342356903221e-01
0.000000000000000000e+00 0.000000000000000000e+00 0.000000000000000000e+00 1.000000000000000000e+00
1.832867413759231567e-01 -9.807705283164978027e-01 6.704635173082351685e-02 3.542190269754999510e-01
-4.747801125049591064e-01 -2.859405241906642914e-02 8.796398043632507324e-01 2.779351586411265451e+00
-8.608077168464660645e-01 -1.930585205554962158e-01 -4.708911478519439697e-01 -9.037387253832671608e-01
0.000000000000000000e+00 0.000000000000000000e+00 0.000000000000000000e+00 1.000000000000000000e+00
