1 0 0 -0.01792658120393753 
0 1 0 0.02243540808558464 
0 0 1 -0.3816788792610168 
0 0 0 1 

0.999328076839447 0.03383150324225426 0.01409729942679405 -0.02000451646745205 
-0.03385690972208977 0.9994254112243652 0.001567526487633586 0.01893478445708752 
-0.01403616555035114 -0.002043781103566289 0.9998993873596191 -0.3678398728370667 
0 0 0 1 

0.9965150356292725 0.04707430675625801 -0.06886050850152969 0.01456381287425756 
-0.0449489913880825 0.998473584651947 0.03209513053297997 0.01090466044843197 
0.07026626914739609 -0.0288880430161953 0.9971098899841309 -0.3667021095752716 
0 0 0 1 

0.7245853543281555 0.685010552406311 -0.07573886215686798 -0.01108748745173216 
-0.6838092803955078 0.7008798718452454 -0.2029090225696564 0.07613101601600647 
-0.08591105043888092 0.1988158524036407 0.9762640595436096 -0.2706555724143982 
0 0 0 1 

0.7627121210098267 0.6458325386047363 -0.03421040996909142 -0.02725502289831638 
-0.6429136991500854 0.7513965964317322 -0.1485427916049957 0.05836543068289757 
-0.070228211581707 0.13528972864151 0.9883140325546265 -0.2775093615055084 
0 0 0 1 

0.787080705165863 0.6161811947822571 0.02871374785900116 -0.05061008408665657 
-0.6137052178382874 0.7869136929512024 -0.06428446620702744 0.03046879172325134 
-0.06220613420009613 0.03297526761889458 0.9975184202194214 -0.2836248278617859 
0 0 0 1 

0.8118143081665039 0.5791295170783997 0.07460738718509674 -0.06849724054336548 
-0.5814877152442932 0.8134520053863525 0.01294721383601427 0.004106680396944284 
-0.0531914047896862 -0.0538940392434597 0.9971289038658142 -0.287420392036438 
0 0 0 1 

0.840604841709137 0.5333064794540405 0.09469666332006454 -0.07908132672309875 
-0.541176438331604 0.8342351913452148 0.1057327017188072 -0.02741225808858871 
-0.02261129394173622 -0.1401270627975464 0.989875316619873 -0.2893346548080444 
0 0 0 1 

0.9826272130012512 0.1847938299179077 0.01717639155685902 -0.02573220804333687 
-0.1836668252944946 0.9815594553947449 -0.05298571288585663 0.002021644031628966 
-0.02665108256042004 0.0489104688167572 0.9984475374221802 -0.2326283752918243 
0 0 0 1 

0.9681960940361023 -0.07372355461120605 0.239083930850029 -0.03170572593808174 
0.04432213306427002 0.9910264015197754 0.1261039674282074 -0.01393914688378572 
-0.2462353259325027 -0.1114966347813606 0.9627754688262939 -0.2001495510339737 
0 0 0 1 

