1 0 0 -0.01792658120393753 
0 1 0 0.02243540808558464 
0 0 1 -0.3816788792610168 
0 0 0 1 

0.999328076839447 0.03383150324225426 0.01409729942679405 -0.0200043823570013 
-0.03385690972208977 0.9994254112243652 0.001567526487633586 0.01893595047295094 
-0.01403616555035114 -0.002043781103566289 0.9998993873596191 -0.3678394258022308 
0 0 0 1 

0.9965150356292725 0.04707440361380577 -0.06886065006256104 0.01456358376890421 
-0.04494908824563026 0.998473584651947 0.03209519386291504 0.01090452075004578 
0.07026641070842743 -0.02888810448348522 0.9971098899841309 -0.3667017221450806 
0 0 0 1 

0.7245854735374451 0.6850104331970215 -0.075738824903965 -0.01108750607818365 
-0.6838091611862183 0.7008799910545349 -0.202908992767334 0.07613100856542587 
-0.08591101318597794 0.1988158226013184 0.9762640595436096 -0.2706555724143982 
0 0 0 1 

0.7627121806144714 0.6458324790000916 -0.03421040251851082 -0.02725500240921974 
-0.6429136395454407 0.751396656036377 -0.1485427767038345 0.05836538597941399 
-0.0702282041311264 0.1352897137403488 0.9883140921592712 -0.2775093913078308 
0 0 0 1 

0.787080705165863 0.6161811947822571 0.02871374785900116 -0.05061005800962448 
-0.6137052178382874 0.7869136929512024 -0.06428446620702744 0.03046876564621925 
-0.06220613420009613 0.03297526761889458 0.9975184202194214 -0.2836247682571411 
0 0 0 1 

0.8118143081665039 0.5791295170783997 0.07460738718509674 -0.06849720329046249 
-0.5814877152442932 0.8134520053863525 0.01294721383601427 0.004106671549379826 
-0.0531914047896862 -0.0538940392434597 0.9971289038658142 -0.287420392036438 
0 0 0 1 

0.8406046628952026 0.5333067178726196 0.09469672292470932 -0.07908131927251816 
-0.5411766767501831 0.8342350125312805 0.1057327315211296 -0.02741226553916931 
-0.02261128462851048 -0.1401271224021912 0.989875316619873 -0.2893346548080444 
0 0 0 1 

0.9826271533966064 0.1847940236330032 0.01717639900743961 -0.0257321298122406 
-0.1836670190095901 0.9815593957901001 -0.0529857724905014 0.002021655440330505 
-0.02665111981332302 0.04891051352024078 0.9984475374221802 -0.2326283752918243 
0 0 0 1 

0.9614973068237305 -0.07988084852695465 0.262947291135788 -0.03891440480947495 
0.04830943793058395 0.9910522103309631 0.1244230419397354 -0.01378909964114428 
-0.2705336213111877 -0.1069296672940254 0.956753671169281 -0.1989176422357559 
0 0 0 1 

