0.896803081035614 0.4423185884952545 -0.009923030622303486 -0.02615391090512276 
-0.4250209033489227 0.8675280809402466 0.2583644390106201 -0.05467740446329117 
0.1228879168629646 -0.2274845242500305 0.9659965634346008 -0.2629052102565765 
0 0 0 1 

0.9015778303146362 0.4324941039085388 -0.01030062884092331 -0.02563196048140526 
-0.3980611562728882 0.8386530876159668 0.3717634081840515 -0.09222885966300964 
0.1694242507219315 -0.3310733437538147 0.9282702803611755 -0.2530335485935211 
0 0 0 1 

0.906160295009613 0.4228629469871521 -0.007764399517327547 -0.02779849246144295 
-0.3730131983757019 0.8077197074890137 0.4565629959106445 -0.1205292567610741 
0.1993351876735687 -0.4108229875564575 0.8896571397781372 -0.2436765283346176 
0 0 0 1 

0.9157717227935791 0.4016664624214172 -0.005106208845973015 -0.03123816847801208 
-0.3330279588699341 0.7662660479545593 0.5494801998138428 -0.1512209922075272 
0.2246206104755402 -0.5014978647232056 0.8354910612106323 -0.2304417937994003 
0 0 0 1 

0.9089111089706421 0.4166436791419983 0.01698481664061546 -0.03897235542535782 
-0.3343925476074219 0.7039349675178528 0.6266233921051025 -0.1744699478149414 
0.2491225898265839 -0.5752245187759399 0.7791370153427124 -0.2168781310319901 
0 0 0 1 

0.9162951707839966 0.3989870846271515 0.03481971099972725 -0.04641725867986679 
-0.2975558936595917 0.6199955344200134 0.7259929776191711 -0.2061984837055206 
0.2680738568305969 -0.675584614276886 0.6868199110031128 -0.1913908123970032 
0 0 0 1 

0.9236228466033936 0.3797168135643005 0.05230610072612762 -0.0530298575758934 
-0.2680136561393738 0.5422194004058838 0.7963458299636841 -0.2292892634868622 
0.2740245461463928 -0.7495419979095459 0.6025755405426025 -0.1661858707666397 
0 0 0 1 

0.823500394821167 0.5625846385955811 0.07311338931322098 -0.07644448429346085 
-0.3519902527332306 0.4056082665920258 0.8435547351837158 -0.2608539164066315 
0.4449155926704407 -0.7204028367996216 0.532042920589447 -0.1837581992149353 
0 0 0 1 

0.7976301312446594 0.6014589667320251 0.0450909323990345 -0.06611146777868271 
-0.4265769422054291 0.5096951127052307 0.7471565008163452 -0.2243672311306 
0.4264014065265656 -0.6151893138885498 0.6631167531013489 -0.2266051024198532 
0 0 0 1 

0.7727532982826233 0.6342276930809021 0.02464556507766247 -0.05776704475283623 
-0.506122887134552 0.5923072695732117 0.6269063949584961 -0.1791007369756699 
0.3830037117004395 -0.4969176352024078 0.7787046432495117 -0.2617610991001129 
0 0 0 1 

