0.896803081035614 0.4423186779022217 -0.009923002682626247 -0.02615395188331604 
-0.4250209927558899 0.8675281405448914 0.2583644688129425 -0.05467738211154938 
0.12288798391819 -0.2274845838546753 0.9659966826438904 -0.2629052102565765 
0 0 0 1 

0.9015777111053467 0.4324943721294403 -0.01030056551098824 -0.02563195489346981 
-0.3980612754821777 0.8386527895927429 0.3717636168003082 -0.09222882241010666 
0.1694244146347046 -0.331073522567749 0.9282702803611755 -0.2530335485935211 
0 0 0 1 

0.9061602354049683 0.4228629767894745 -0.007764381822198629 -0.02779846452176571 
-0.3730132579803467 0.8077196478843689 0.4565630555152893 -0.1205292493104935 
0.1993352323770523 -0.4108230471611023 0.8896570801734924 -0.2436766028404236 
0 0 0 1 

0.9157716631889343 0.401666522026062 -0.005106230732053518 -0.03123817220330238 
-0.3330280184745789 0.7662660479545593 0.5494801998138428 -0.1512209326028824 
0.2246206253767014 -0.5014979243278503 0.8354910612106323 -0.2304418087005615 
0 0 0 1 

0.9089111685752869 0.4166436493396759 0.01698479987680912 -0.03897232934832573 
-0.3343925178050995 0.7039350867271423 0.626623272895813 -0.1744698882102966 
0.2491225749254227 -0.5752244591712952 0.7791370749473572 -0.2168781310319901 
0 0 0 1 

0.9162952303886414 0.3989870250225067 0.03481966257095337 -0.04641728103160858 
-0.2975558936595917 0.6199957132339478 0.7259929180145264 -0.2061983644962311 
0.2680737972259521 -0.675584614276886 0.6868200302124023 -0.1913908421993256 
0 0 0 1 

0.9236228466033936 0.3797168731689453 0.0523061715066433 -0.0530298687517643 
-0.2680136859416962 0.5422192215919495 0.7963459491729736 -0.2292891889810562 
0.2740246653556824 -0.7495421171188354 0.602575421333313 -0.1661858707666397 
0 0 0 1 

0.823500394821167 0.5625846385955811 0.07311341911554337 -0.07644448429346085 
-0.351990282535553 0.4056082963943481 0.8435547351837158 -0.2608538568019867 
0.4449156224727631 -0.7204028964042664 0.5320430397987366 -0.1837582439184189 
0 0 0 1 

0.7976301908493042 0.6014588475227356 0.0450909398496151 -0.06611147522926331 
-0.4265769124031067 0.5096951723098755 0.7471565008163452 -0.224367156624794 
0.4264014065265656 -0.615189254283905 0.6631168127059937 -0.2266051024198532 
0 0 0 1 

0.7699928283691406 0.6372258067131042 0.03246435523033142 -0.05989009141921997 
-0.5125007629394531 0.5873697996139526 0.6263700127601624 -0.1796678751707077 
0.3800707161426544 -0.4989382922649384 0.7788493037223816 -0.261412650346756 
0 0 0 1 

