1 0 0 -0.03619798645377159 
0 1 0 -0.001327119767665863 
0 0 1 -0.2960163652896881 
0 0 0 1 

0.9906877875328064 0.1359978318214417 0.006494860164821148 -0.04145751148462296 
-0.1354044079780579 0.989115297794342 -0.05758867412805557 0.02776875160634518 
-0.0142561411485076 0.05617295950651169 0.9983192682266235 -0.2970617413520813 
0 0 0 1 

0.6923773288726807 0.7171904444694519 -0.07906469702720642 0.007834844291210175 
-0.7209406495094299 0.6831921339035034 -0.1161587834358215 0.08146391063928604 
-0.02929164096713066 0.1374266743659973 0.9900787472724915 -0.2991074919700623 
0 0 0 1 

0.5866903066635132 0.8084005117416382 -0.04778112843632698 0.001716081635095179 
-0.8090877532958984 0.5826511383056641 -0.07677548378705978 0.06917141377925873 
-0.03422562405467033 0.08370255678892136 0.9959028363227844 -0.3066158592700958 
0 0 0 1 

0.5057820677757263 0.8613483905792236 -0.04757523536682129 0.006052887067198753 
-0.8621855974197388 0.5029027462005615 -0.06103038042783737 0.06450561434030533 
-0.02864270657300949 0.07188675552606583 0.9970014691352844 -0.3102914094924927 
0 0 0 1 

0.4072088301181793 0.9109997153282166 -0.0652717724442482 0.0165783129632473 
-0.9132071137428284 0.4073067009449005 -0.01240557432174683 0.04664374887943268 
0.0152841517701745 0.06465831398963928 0.9977903962135315 -0.3144346475601196 
0 0 0 1 

0.2917229533195496 0.9541818499565125 -0.06659246981143951 0.02211557887494564 
-0.9554572701454163 0.2939512729644775 0.02634109370410442 0.03318993374705315 
0.04470912739634514 0.05594196915626526 0.9974324703216553 -0.3170735836029053 
0 0 0 1 

0.1790994852781296 0.9801698923110962 -0.08479537814855576 0.03283611685037613 
-0.981548547744751 0.1838864833116531 0.05242214724421501 0.02379316091537476 
0.06697532534599304 0.07384201884269714 0.9950184226036072 -0.3175342381000519 
0 0 0 1 

0.101310133934021 0.9916083812713623 -0.08030411601066589 0.03453637287020683 
-0.9903542995452881 0.1081918925046921 0.0865594744682312 0.01110910438001156 
0.09452135115861893 0.07076021283864975 0.9930048584938049 -0.3174827396869659 
0 0 0 1 

0.02030681632459164 0.9969797730445862 -0.07496116310358047 0.03817443549633026 
-0.9957470297813416 0.02690678834915161 0.08811347186565399 0.01365243643522263 
0.08986427634954453 0.07285306602716446 0.9932860136032104 -0.3130166530609131 
0 0 0 1 

