1.000000000000000000e+00 0.000000000000000000e+00 0.000000000000000000e+00 -4.097584310382009209e-01
0.000000000000000000e+00 -1.000000000000000000e+00 0.000000000000000000e+00 -1.932597221741734483e-02
0.000000000000000000e+00 0.000000000000000000e+00 -1.000000000000000000e+00 -2.664692399556274349e+00
0.000000000000000000e+00 0.000000000000000000e+00 0.000000000000000000e+00 1.000000000000000000e+00
9.964173436164855957e-01 -8.093527704477310181e-02 -2.455016598105430603e-02 -4.614231423901177798e-01
-8.058526366949081421e-02 -9.966359138488769531e-01 1.492636837065219879e-02 5.525913159482461617e-02
-2.567563578486442566e-02 -1.289451401680707932e-02 -9.995870590209960938e-01 -2.713361917207508522e+00
0.000000000000000000e+00 0.000000000000000000e+00 0.000000000000000000e+00 1.000000000000000000e+00
9.851104617118835449e-01 -1.662234365940093994e-01 -4.390213266015052795e-02 -4.984054167047503037e-01
-1.641674339771270752e-01 -9.853160381317138672e-01 4.691342264413833618e-02 1.977741944523756790e-01
-5.105564743280410767e-02 -3.900757431983947754e-02 -9.979336261749267578e-01 -2.706258110801835759e+00
0.000000000000000000e+00 0.000000000000000000e+00 0.000000000000000000e+00 1.000000000000000000e+00
9.649353623390197754e-01 -2.566580176353454590e-01 -5.501391366124153137e-02 -5.083228826035572911e-01
-2.524691522121429443e-01 -9.648439884185791016e-01 7.304606586694717407e-02 3.155968453970833809e-01
-7.182770222425460815e-02 -5.659540370106697083e-02 -9.958098530769348145e-01 -2.697155117113335443e+00
0.000000000000000000e+00 0.000000000000000000e+00 0.000000000000000000e+00 1.000000000000000000e+00
9.359906911849975586e-01 -3.460355997085571289e-01 -6.465578824281692505e-02 -5.097529430719149879e-01
-3.370408713817596436e-01 -9.339213371276855469e-01 1.191376000642776489e-01 4.887820660550551977e-01
-1.016093641519546509e-01 -8.971998840570449829e-02 -9.907701015472412109e-01 -2.675939173231010937e+00
0.000000000000000000e+00 0.000000000000000000e+00 0.000000000000000000e+00 1.000000000000000000e+00
8.919373750686645508e-01 -4.496658742427825928e-01 -4.741294309496879578e-02 -4.301195119526583510e-01
-4.400115013122558594e-01 -8.873329162597656250e-01 1.379490792751312256e-01 5.811848058016237939e-01
-1.041021347045898438e-01 -1.021796464920043945e-01 -9.893037676811218262e-01 -2.681812561956335106e+00
0.000000000000000000e+00 0.000000000000000000e+00 0.000000000000000000e+00 1.000000000000000000e+00
8.437940478324890137e-01 -5.357949733734130859e-01 -3.057131171226501465e-02 -3.553765703038702095e-01
-5.246930122375488281e-01 -8.355948328971862793e-01 1.627209335565567017e-01 6.837172440099951176e-01
-1.127303913235664368e-01 -1.212624311447143555e-01 -9.861987829208374023e-01 -2.671618776365969783e+00
0.000000000000000000e+00 0.000000000000000000e+00 0.000000000000000000e+00 1.000000000000000000e+00
7.880606651306152344e-01 -6.154675483703613281e-01 -1.265761069953441620e-02 -2.752105744564070644e-01
-6.049859523773193359e-01 -7.781132459640502930e-01 1.689112037420272827e-01 7.391210840404417448e-01
-1.138084456324577332e-01 -1.254545003175735474e-01 -9.855498075485229492e-01 -2.678890078517767837e+00
0.000000000000000000e+00 0.000000000000000000e+00 0.000000000000000000e+00 1.000000000000000000e+00
7.174331545829772949e-01 -6.965398788452148438e-01 1.103644911199808121e-02 -1.588593232823080070e-01
-6.885955929756164551e-01 -7.066738009452819824e-01 1.626296043395996094e-01 7.480360244324274488e-01
-1.054788455367088318e-01 -1.242754906415939331e-01 -9.866250157356262207e-01 -2.690553797946038106e+00
0.000000000000000000e+00 0.000000000000000000e+00 0.000000000000000000e+00 1.000000000000000000e+00
6.446353197097778320e-01 -7.643442153930664062e-01 1.492275763303041458e-02 -1.027646236610303271e-01
-7.585912942886352539e-01 -6.371193528175354004e-01 1.364452838897705078e-01 6.970674414059421231e-01
-9.478364139795303345e-02 -9.927773475646972656e-02 -9.905353188514709473e-01 -2.719409148305252710e+00
0.000000000000000000e+00 0.000000000000000000e+00 0.000000000000000000e+00 1.000000000000000000e+00
5.502036213874816895e-01 -8.347754478454589844e-01 2.063845656812191010e-02 -3.260192407218966137e-02
-8.323078155517578125e-01 -5.462476611137390137e-01 9.421996027231216431e-02 5.905522882424480979e-01
-6.737882643938064575e-02 -6.901765614748001099e-02 -9.953372478485107422e-01 -2.766758015806643822e+00
0.000000000000000000e+00 0.000000000000000000e+00 0.000000000000000000e+00 1.000000000000000000e+00
4.545596241950988770e-01 -8.883644938468933105e-01 6.468368321657180786e-02 1.571090707016312704e-01
-8.905619382858276367e-01 -4.519299268722534180e-01 5.155832320451736450e-02 4.743855721263739444e-01
-1.657008379697799683e-02 -8.104117959737777710e-02 -9.965732097625732422e-01 -2.807836140588608753e+00
0.000000000000000000e+00 0.000000000000000000e+00 0.000000000000000000e+00 1.000000000000000000e+00
3.503482341766357422e-01 -9.326151013374328613e-01 8.652079850435256958e-02 2.597486254749926116e-01
-9.364373683929443359e-01 -3.506025671958923340e-01 1.273666974157094955e-02 3.394059724938702227e-01
1.845599897205829620e-02 -8.548360317945480347e-02 -9.961687326431274414e-01 -2.823808667390425686e+00
0.000000000000000000e+00 0.000000000000000000e+00 0.000000000000000000e+00 1.000000000000000000e+00
2.681467235088348389e-01 -9.576836228370666504e-01 1.045889705419540405e-01 3.386240486624444435e-01
-9.603854417800903320e-01 -2.742844521999359131e-01 -4.927365854382514954e-02 1.215427964748118789e-01
7.587572932243347168e-02 -8.723315596580505371e-02 -9.932941794395446777e-01 -2.819140309840271197e+00
0.000000000000000000e+00 0.000000000000000000e+00 0.000000000000000000e+00 1.000000000000000000e+00
1.958938539028167725e-01 -9.718748927116394043e-01 1.307104676961898804e-01 4.262105613646991475e-01
-9.725536108016967773e-01 -2.096145451068878174e-01 -1.010002568364143372e-01 -5.944205494880673568e-02
1.255583316087722778e-01 -1.073375344276428223e-01 -9.862622618675231934e-01 -2.805977682845359755e+00
0.000000000000000000e+00 0.000000000000000000e+00 0.000000000000000000e+00 1.000000000000000000e+00
1.187856793403625488e-01 -9.841087460517883301e-01 1.319822669029235840e-01 4.478859802952388502e-01
-9.705820083618164062e-01 -1.431193351745605469e-01 -1.936156302690505981e-01 -3.534649469919897702e-01
2.094281166791915894e-01 -1.051008477807044983e-01 -9.721592664718627930e-01 -2.781776617082341474e+00
0.000000000000000000e+00 0.000000000000000000e+00 0.000000000000000000e+00 1.000000000000000000e+00
1.955984532833099365e-01 -9.740580320358276367e-01 1.138095855712890625e-01 3.851190189869264646e-01
-9.528783559799194336e-01 -2.162072956562042236e-01 -2.127842456102371216e-01 -4.021425703887633318e-01
2.318706065416336060e-01 -6.682648509740829468e-02 -9.704481363296508789e-01 -2.757572791916586663e+00
0.000000000000000000e+00 0.000000000000000000e+00 0.000000000000000000e+00 1.000000000000000000e+00
2.789525389671325684e-01 -9.517596364021301270e-01 1.278248131275177002e-01 4.047433738631868727e-01
-9.362448453903198242e-01 -2.991525530815124512e-01 -1.842640340328216553e-01 -3.008418950695748162e-01
2.136141955852508545e-01 -6.827443093061447144e-02 -9.745293855667114258e-01 -2.745185557090721762e+00
0.000000000000000000e+00 0.000000000000000000e+00 0.000000000000000000e+00 1.000000000000000000e+00
3.318013846874237061e-01 -9.353663325309753418e-01 1.224635019898414612e-01 3.745970714260845047e-01
-9.325159788131713867e-01 -3.448328673839569092e-01 -1.072555631399154663e-01 -4.934296214376538564e-02
1.425527334213256836e-01 -7.861169427633285522e-02 -9.866604208946228027e-01 -2.746037660655852530e+00
0.000000000000000000e+00 0.000000000000000000e+00 0.000000000000000000e+00 1.000000000000000000e+00
3.654949367046356201e-01 -9.172480106353759766e-01 1.583330184221267700e-01 4.622579845246308494e-01
-9.281392097473144531e-01 -3.720181584358215332e-01 -1.264847815036773682e-02 2.542473720284090244e-01
7.050453871488571167e-02 -1.423321664333343506e-01 -9.873050451278686523e-01 -2.710166252897995953e+00
0.000000000000000000e+00 0.000000000000000000e+00 0.000000000000000000e+00 1.000000000000000000e+00
4.043043553829193115e-01 -8.991506695747375488e-01 1.675294339656829834e-01 4.738884531499223396e-01
-9.146144986152648926e-01 -3.983114957809448242e-01 6.948299705982208252e-02 5.075682178574718595e-01
4.253237973898649216e-03 -1.813171207904815674e-01 -9.834151864051818848e-01 -2.662382779465554794e+00
0.000000000000000000e+00 0.000000000000000000e+00 0.000000000000000000e+00 1.000000000000000000e+00
4.620474576950073242e-01 -8.633283376693725586e-01 2.029190510511398315e-01 5.404591131608060817e-01
-8.855730295181274414e-01 -4.368399977684020996e-01 1.578967571258544922e-01 7.608389632805943048e-01
-4.767362400889396667e-02 -2.526553273200988770e-01 -9.663809537887573242e-01 -2.568950506557878377e+00
0.000000000000000000e+00 0.000000000000000000e+00 0.000000000000000000e+00 1.000000000000000000e+00
5.324483513832092285e-01 -8.246076703071594238e-01 1.911045610904693604e-01 4.555489451729944350e-01
-8.411154747009277344e-01 -4.900880753993988037e-01 2.287760078907012939e-01 9.396085252272083910e-01
-9.499248862266540527e-02 -2.825525403022766113e-01 -9.545369148254394531e-01 -2.498939216259520535e+00
0.000000000000000000e+00 0.000000000000000000e+00 0.000000000000000000e+00 1.000000000000000000e+00
5.902426838874816895e-01 -7.869262099266052246e-01 1.798921823501586914e-01 3.850505857990533243e-01
-7.959702610969543457e-01 -5.302911996841430664e-01 2.919285893440246582e-01 1.084815747626137972e+00
-1.343312263488769531e-01 -3.154974877834320068e-01 -9.393699169158935547e-01 -2.423400014458488183e+00
0.000000000000000000e+00 0.000000000000000000e+00 0.000000000000000000e+00 1.000000000000000000e+00
6.703283786773681641e-01 -7.250697612762451172e-01 1.579038500785827637e-01 2.708684838701024278e-01
-7.218005657196044922e-01 -5.877025127410888672e-01 3.655259013175964355e-01 1.226436643273089100e+00
-1.722314804792404175e-01 -3.589976429939270020e-01 -9.173094630241394043e-01 -2.323802132075658111e+00
0.000000000000000000e+00 0.000000000000000000e+00 0.000000000000000000e+00 1.000000000000000000e+00
7.321293354034423828e-01 -6.667762398719787598e-01 1.392708271741867065e-01 1.883480966225148656e-01
-6.482915282249450684e-01 -6.193251013755798340e-01 4.428934454917907715e-01 1.371480647000135500e+00
-2.090569287538528442e-01 -4.145431220531463623e-01 -8.856914043426513672e-01 -2.187787997864585776e+00
0.000000000000000000e+00 0.000000000000000000e+00 0.000000000000000000e+00 1.000000000000000000e+00
7.556445598602294922e-01 -6.423665285110473633e-01 1.279306113719940186e-01 1.350184651368026012e-01
-5.998257398605346680e-01 -6.002318263053894043e-01 5.290840268135070801e-01 1.555067022364144957e+00
-2.630779147148132324e-01 -4.765354692935943604e-01 -8.388702869415283203e-01 -1.990991119868180892e+00
0.000000000000000000e+00 0.000000000000000000e+00 0.000000000000000000e+00 1.000000000000000000e+00
7.867816686630249023e-01 -6.026285290718078613e-01 1.334667205810546875e-01 1.254628776606626084e-01
-5.369457006454467773e-01 -5.616058707237243652e-01 6.295140981674194336e-01 1.791210637895296109e+00
-3.044075071811676025e-01 -5.669546723365783691e-01 -7.654402256011962891e-01 -1.739976945018162580e+00
0.000000000000000000e+00 0.000000000000000000e+00 0.000000000000000000e+00 1.000000000000000000e+00
8.070780634880065918e-01 -5.765842199325561523e-01 1.271853893995285034e-01 9.288492916993841553e-02
-4.826259613037109375e-01 -5.201227664947509766e-01 7.046593427658081055e-01 1.976314684764557406e+00
-3.401431143283843994e-01 -6.300978660583496094e-01 -6.980542540550231934e-01 -1.515911373236215276e+00
0.000000000000000000e+00 0.000000000000000000e+00 0.000000000000000000e+00 1.000000000000000000e+00
8.327826261520385742e-01 -5.395863652229309082e-01 1.237701997160911560e-01 5.715557891422673453e-02
-4.183011949062347412e-01 -4.668772518634796143e-01 7.791339755058288574e-01 2.157094195664672309e+00
-3.626245558261871338e-01 -7.006224393844604492e-01 -6.145172119140625000e-01 -1.294682605437857292e+00
0.000000000000000000e+00 0.000000000000000000e+00 0.000000000000000000e+00 1.000000000000000000e+00
8.653902411460876465e-01 -4.937167763710021973e-01 8.569262176752090454e-02 -6.185576236756876872e-02
-3.299805521965026855e-01 -4.327813088893890381e-01 8.389354348182678223e-01 2.288848777841050008e+00
-3.771105706691741943e-01 -7.542836070060729980e-01 -5.374416708946228027e-01 -1.103530568635099351e+00
0.000000000000000000e+00 0.000000000000000000e+00 0.000000000000000000e+00 1.000000000000000000e+00
8.816778063774108887e-01 -4.689681529998779297e-01 5.208627879619598389e-02 -1.532040825895965852e-01
-2.289731502532958984e-01 -3.287137746810913086e-01 9.162523746490478516e-01 2.423570545780332264e+00
-4.125718176364898682e-01 -8.197656273841857910e-01 -3.972007334232330322e-01 -7.491731740675632301e-01
0.000000000000000000e+00 0.000000000000000000e+00 0.000000000000000000e+00 1.000000000000000000e+00
8.678220510482788086e-01 -4.962898790836334229e-01 2.411006763577461243e-02 -2.686820517825601051e-01
-1.074033081531524658e-01 -1.399891525506973267e-01 9.843107461929321289e-01 2.586147656527005179e+00
-4.851283133029937744e-01 -8.567961454391479492e-01 -1.747888028621673584e-01 -1.606329438148597633e-01
0.000000000000000000e+00 0.000000000000000000e+00 0.000000000000000000e+00 1.000000000000000000e+00
8.632916212081909180e-01 -5.031976103782653809e-01 3.897944837808609009e-02 -2.015246220259583332e-01
-1.072939261794090271e-01 -1.075100377202033997e-01 9.883972406387329102e-01 2.590674180776486590e+00
-4.931685328483581543e-01 -8.574575185775756836e-01 -1.468025743961334229e-01 -1.525729353758098206e-01
0.000000000000000000e+00 0.000000000000000000e+00 0.000000000000000000e+00 1.000000000000000000e+00
8.295083642005920410e-01 -5.579881072044372559e-01 2.378023788332939148e-02 -2.058751826121664186e-01
-1.092167943716049194e-01 -1.203109174966812134e-01 9.867100715637207031e-01 2.585527894672314808e+00
-5.477113127708435059e-01 -8.210812211036682129e-01 -1.607405543327331543e-01 -1.804119632145189667e-01
0.000000000000000000e+00 0.000000000000000000e+00 0.000000000000000000e+00 1.000000000000000000e+00
7.935602068901062012e-01 -6.068725585937500000e-01 4.435971379280090332e-02 -1.456544256867217391e-01
-2.403888106346130371e-01 -2.456962168216705322e-01 9.390668869018554688e-01 2.513518796792498122e+00
-5.589948296546936035e-01 -7.558698058128356934e-01 -3.408601582050323486e-01 -5.526879016252139731e-01
0.000000000000000000e+00 0.000000000000000000e+00 0.000000000000000000e+00 1.000000000000000000e+00
8.172178268432617188e-01 -5.715782642364501953e-01 7.384652644395828247e-02 -7.413607033738171814e-02
-3.045304417610168457e-01 -3.194717168807983398e-01 8.973284959793090820e-01 2.428967937533554888e+00
-4.893017411231994629e-01 -7.558016180992126465e-01 -4.351411759853363037e-01 -8.094782652391520061e-01
0.000000000000000000e+00 0.000000000000000000e+00 0.000000000000000000e+00 1.000000000000000000e+00
8.006340265274047852e-01 -5.926452279090881348e-01 8.807072043418884277e-02 -3.814031268213026460e-02
-3.692373335361480713e-01 -3.722815811634063721e-01 8.515108227729797363e-01 2.340520249729672653e+00
-4.718566238880157471e-01 -7.142675518989562988e-01 -5.168882012367248535e-01 -1.021510150670889683e+00
0.000000000000000000e+00 0.000000000000000000e+00 0.000000000000000000e+00 1.000000000000000000e+00
8.264337182044982910e-01 -5.581449866294860840e-01 7.403388619422912598e-02 -1.267213443117028715e-01
-4.584156274795532227e-01 -5.906875729560852051e-01 6.640357375144958496e-01 1.969972887424657593e+00
-3.268973231315612793e-01 -5.827199816703796387e-01 -7.440267801284790039e-01 -1.679258495316597877e+00
0.000000000000000000e+00 0.000000000000000000e+00 0.000000000000000000e+00 1.000000000000000000e+00
8.301176428794860840e-01 -5.555694699287414551e-01 4.740580171346664429e-02 -2.132463923893044289e-01
-4.676452279090881348e-01 -6.473910808563232422e-01 6.018239855766296387e-01 1.799379987667792724e+00
-3.036650419235229492e-01 -5.217536687850952148e-01 -7.972205281257629395e-01 -1.831529512781516322e+00
0.000000000000000000e+00 0.000000000000000000e+00 0.000000000000000000e+00 1.000000000000000000e+00
8.514835238456726074e-01 -5.225012898445129395e-01 4.436466842889785767e-02 -2.214238306610732399e-01
-4.634775221347808838e-01 -7.103164792060852051e-01 5.297541618347167969e-01 1.596628180595190516e+00
-2.452842146158218384e-01 -4.716387987136840820e-01 -8.469903469085693359e-01 -1.984158424781400587e+00
0.000000000000000000e+00 0.000000000000000000e+00 0.000000000000000000e+00 1.000000000000000000e+00
8.692352771759033203e-01 -4.942400157451629639e-01 1.252809166908264160e-02 -2.959308951146644717e-01
-4.595233201980590820e-01 -7.983104586601257324e-01 3.892793357372283936e-01 1.219854088044401763e+00
-1.823962777853012085e-01 -3.441322445869445801e-01 -9.210345149040222168e-01 -2.191575692031283662e+00
0.000000000000000000e+00 0.000000000000000000e+00 0.000000000000000000e+00 1.000000000000000000e+00
8.776614069938659668e-01 -4.792091548442840576e-01 8.318149484694004059e-03 -2.906083176681439340e-01
-4.653409421443939209e-01 -8.478498458862304688e-01 2.541809082031250000e-01 8.692305792901953154e-01
-1.147533729672431946e-01 -2.269556224346160889e-01 -9.671209454536437988e-01 -2.338489053142389640e+00
0.000000000000000000e+00 0.000000000000000000e+00 0.000000000000000000e+00 1.000000000000000000e+00
8.783116936683654785e-01 -4.780451059341430664e-01 6.415339186787605286e-03 -2.599972973176266633e-01
-4.778451621532440186e-01 -8.773582577705383301e-01 4.366293177008628845e-02 3.257669001239122397e-01
-1.524431165307760239e-02 -4.141520708799362183e-02 -9.990257620811462402e-01 -2.462820290076170870e+00
0.000000000000000000e+00 0.000000000000000000e+00 0.000000000000000000e+00 1.000000000000000000e+00
8.864944577217102051e-01 -4.627194106578826904e-01 4.274699371308088303e-03 -2.503722763701213827e-01
-4.619179964065551758e-01 -8.854336738586425781e-01 -5.136927589774131775e-02 6.564487676120378534e-02
2.755453810095787048e-02 4.356400668621063232e-02 -9.986709356307983398e-01 -2.485937186503891727e+00
0.000000000000000000e+00 0.000000000000000000e+00 0.000000000000000000e+00 1.000000000000000000e+00
8.953592181205749512e-01 -4.453095197677612305e-01 5.594364367425441742e-03 -2.434693199911548700e-01
-4.392631053924560547e-01 -8.851315379142761230e-01 -1.535885334014892578e-01 -2.279696905062147116e-01
7.334620505571365356e-02 1.350594460964202881e-01 -9.881189465522766113e-01 -2.478732110017777490e+00
0.000000000000000000e+00 0.000000000000000000e+00 0.000000000000000000e+00 1.000000000000000000e+00
8.979133367538452148e-01 -4.401659369468688965e-01 2.331670140847563744e-03 -2.497640177755904578e-01
-4.244973063468933105e-01 -8.673268556594848633e-01 -2.598973214626312256e-01 -5.378968378470954104e-01
1.164203211665153503e-01 2.323754876852035522e-01 -9.656336307525634766e-01 -2.434162237012639007e+00
0.000000000000000000e+00 0.000000000000000000e+00 0.000000000000000000e+00 1.000000000000000000e+00
9.026980400085449219e-01 -4.301956593990325928e-01 8.184959180653095245e-03 -2.303819384596229869e-01
-3.966301381587982178e-01 -8.393394947052001953e-01 -3.717440664768218994e-01 -8.830430011537798718e-01
1.667927056550979614e-01 3.323262035846710205e-01 -9.282991290092468262e-01 -2.344261447727546521e+00
0.000000000000000000e+00 0.000000000000000000e+00 0.000000000000000000e+00 1.000000000000000000e+00
9.061225056648254395e-01 -4.229221045970916748e-01 8.829433470964431763e-03 -2.414269653017636630e-01
-3.720771670341491699e-01 -8.067690134048461914e-01 -4.590017795562744141e-01 -1.151292060572642439e+00
2.012455165386199951e-01 4.126266837120056152e-01 -8.883911967277526855e-01 -2.255030089546406380e+00
0.000000000000000000e+00 0.000000000000000000e+00 0.000000000000000000e+00 1.000000000000000000e+00
9.179869294166564941e-01 -3.966022133827209473e-01 2.748051658272743225e-03 -2.844380172083377234e-01
-3.301255106925964355e-01 -7.679213285446166992e-01 -5.489209294319152832e-01 -1.428316710545280976e+00
2.198135405778884888e-01 5.029945373535156250e-01 -8.358699083328247070e-01 -2.134999519748098429e+00
0.000000000000000000e+00 0.000000000000000000e+00 0.000000000000000000e+00 1.000000000000000000e+00
9.123316407203674316e-01 -4.088428914546966553e-01 -2.230675145983695984e-02 -3.621112376084248408e-01
-3.301717340946197510e-01 -7.023710012435913086e-01 -6.306041479110717773e-01 -1.655011441254871540e+00
2.421506941318511963e-01 5.826852917671203613e-01 -7.757838964462280273e-01 -1.999197307667213819e+00
0.000000000000000000e+00 0.000000000000000000e+00 0.000000000000000000e+00 1.000000000000000000e+00
9.188010692596435547e-01 -3.930696249008178711e-01 -3.607541695237159729e-02 -4.210854343475105011e-01
-2.938762605190277100e-01 -6.201823949813842773e-01 -7.273308634757995605e-01 -1.939959095320676896e+00
2.635186612606048584e-01 6.788741946220397949e-01 -6.853379011154174805e-01 -1.767379055926030285e+00
0.000000000000000000e+00 0.000000000000000000e+00 0.000000000000000000e+00 1.000000000000000000e+00
9.280047416687011719e-01 -3.686617314815521240e-01 -5.380946770310401917e-02 -4.857841500342688912e-01
-2.633778452873229980e-01 -5.469995141029357910e-01 -7.946215271949768066e-01 -2.148488125933225135e+00
2.635127305984497070e-01 7.515848278999328613e-01 -6.047155261039733887e-01 -1.540598507791324456e+00
0.000000000000000000e+00 0.000000000000000000e+00 0.000000000000000000e+00 1.000000000000000000e+00
9.358533024787902832e-01 -3.486775159835815430e-01 -5.101193860173225403e-02 -4.964062984069916862e-01
-2.238452136516571045e-01 -4.764099419116973877e-01 -8.502506017684936523e-01 -2.324983940024698104e+00
2.721608281135559082e-01 8.071292638778686523e-01 -5.238999128341674805e-01 -1.329726606285078105e+00
0.000000000000000000e+00 0.000000000000000000e+00 0.000000000000000000e+00 1.000000000000000000e+00
9.510888457298278809e-01 -3.042317330837249756e-01 -5.360281467437744141e-02 -5.319173281674194342e-01
-1.818482577800750732e-01 -4.111088812351226807e-01 -8.932639360427856445e-01 -2.461575893168860940e+00
2.497226446866989136e-01 8.593209981918334961e-01 -4.463251829147338867e-01 -1.123641992586942973e+00
0.000000000000000000e+00 0.000000000000000000e+00 0.000000000000000000e+00 1.000000000000000000e+00
9.609566330909729004e-01 -2.729248404502868652e-01 -4.554364830255508423e-02 -5.369039138381977994e-01
-1.411763578653335571e-01 -3.420486450195312500e-01 -9.290162920951843262e-01 -2.589146944855944099e+00
2.379734963178634644e-01 8.991743326187133789e-01 -3.672245144844055176e-01 -9.012891130986723232e-01
0.000000000000000000e+00 0.000000000000000000e+00 0.000000000000000000e+00 1.000000000000000000e+00
9.672370553016662598e-01 -2.434824109077453613e-01 -7.189265638589859009e-02 -6.310927114987080477e-01
-1.368141323328018188e-01 -2.613689303398132324e-01 -9.554934501647949219e-01 -2.702770043529216348e+00
2.138553559780120850e-01 9.340249896049499512e-01 -2.861177027225494385e-01 -6.291037656757342278e-01
0.000000000000000000e+00 0.000000000000000000e+00 0.000000000000000000e+00 1.000000000000000000e+00
9.798629879951477051e-01 -1.941924840211868286e-01 -4.645267128944396973e-02 -5.912719085737758729e-01
-7.621315866708755493e-02 -1.487131565809249878e-01 -9.859389662742614746e-01 -2.833602985191495893e+00
1.845538616180419922e-01 9.696254134178161621e-01 -1.605185419321060181e-01 -2.295545287261798184e-01
0.000000000000000000e+00 0.000000000000000000e+00 0.000000000000000000e+00 1.000000000000000000e+00
9.962145090103149414e-01 -8.634851127862930298e-02 1.002691034227609634e-02 -4.610779411077414180e-01
-6.402684375643730164e-04 -1.226317435503005981e-01 -9.924520850181579590e-01 -2.873896887715656323e+00
8.692637085914611816e-02 9.886887669563293457e-01 -1.222228407859802246e-01 -1.164370906044301518e-01
0.000000000000000000e+00 0.000000000000000000e+00 0.000000000000000000e+00 1.000000000000000000e+00
9.971793889999389648e-01 -7.437905669212341309e-02 1.004938874393701553e-02 -4.649546605052359838e-01
-8.438033051788806915e-03 -2.441434413194656372e-01 -9.697023034095764160e-01 -2.818429305481988667e+00
7.457904517650604248e-02 9.668824076652526855e-01 -2.440824061632156372e-01 -4.745221968216725705e-01
0.000000000000000000e+00 0.000000000000000000e+00 0.000000000000000000e+00 1.000000000000000000e+00
9.975138902664184570e-01 -2.680195868015289307e-02 6.517697870731353760e-02 -2.944004268792206891e-01
5.457947403192520142e-02 -2.912493348121643066e-01 -9.550889134407043457e-01 -2.882856944342388594e+00
4.458099231123924255e-02 9.562714695930480957e-01 -2.890620827674865723e-01 -5.962383822743023698e-01
0.000000000000000000e+00 0.000000000000000000e+00 0.000000000000000000e+00 1.000000000000000000e+00
9.890793561935424805e-01 4.995098337531089783e-02 1.386583745479583740e-01 -2.435108784340480823e-02
1.471116095781326294e-01 -2.777037620544433594e-01 -9.493362903594970703e-01 -2.974641025995361954e+00
-8.914331905543804169e-03 9.593670368194580078e-01 -2.820195257663726807e-01 -5.514594845118494515e-01
0.000000000000000000e+00 0.000000000000000000e+00 0.000000000000000000e+00 1.000000000000000000e+00
9.687444567680358887e-01 7.457369565963745117e-02 2.365859597921371460e-01 2.797821135457880803e-01
2.478298097848892212e-01 -2.498028427362442017e-01 -9.360443353652954102e-01 -3.020213390014787613e+00
-1.070443727076053619e-02 9.654209017753601074e-01 -2.604767084121704102e-01 -4.715649449086211087e-01
0.000000000000000000e+00 0.000000000000000000e+00 0.000000000000000000e+00 1.000000000000000000e+00
9.718092679977416992e-01 2.512940205633640289e-02 2.344247996807098389e-01 2.578754394196356436e-01
2.315019816160202026e-01 -2.899944484233856201e-01 -9.286065101623535156e-01 -3.001857843009452242e+00
4.464658349752426147e-02 9.566984772682189941e-01 -2.876367866992950439e-01 -5.888319383734684775e-01
0.000000000000000000e+00 0.000000000000000000e+00 0.000000000000000000e+00 1.000000000000000000e+00
9.833231568336486816e-01 -3.991801664233207703e-02 1.774322092533111572e-01 5.356201735319782858e-02
1.547570377588272095e-01 -3.288051486015319824e-01 -9.316316843032836914e-01 -2.979194592391664731e+00
9.552946686744689941e-02 9.435535073280334473e-01 -3.171438872814178467e-01 -7.277202664752139283e-01
0.000000000000000000e+00 0.000000000000000000e+00 0.000000000000000000e+00 1.000000000000000000e+00
9.862097501754760742e-01 -1.152318492531776428e-01 1.187959983944892883e-01 -1.569094948159358294e-01
6.835217028856277466e-02 -3.701280057430267334e-01 -9.264628291130065918e-01 -2.917934471932861928e+00
1.507276594638824463e-01 9.218060970306396484e-01 -3.571473360061645508e-01 -9.202041290088985859e-01
0.000000000000000000e+00 0.000000000000000000e+00 0.000000000000000000e+00 1.000000000000000000e+00
9.795318841934204102e-01 -1.995865851640701294e-01 2.612207084894180298e-02 -4.599800092512944527e-01
-3.771154955029487610e-02 -3.094401657581329346e-01 -9.501705765724182129e-01 -2.934204186409434367e+00
1.977245509624481201e-01 9.297376275062561035e-01 -3.106333613395690918e-01 -8.193793471842091281e-01
0.000000000000000000e+00 0.000000000000000000e+00 0.000000000000000000e+00 1.000000000000000000e+00
9.224554300308227539e-01 -3.752166330814361572e-01 -9.103809297084808350e-02 -7.978578367641229185e-01
-2.216475903987884521e-01 -3.215524256229400635e-01 -9.205843210220336914e-01 -2.750021228173724186e+00
3.161453902721405029e-01 8.693770170211791992e-01 -3.797839879989624023e-01 -1.121948271187082069e+00
0.000000000000000000e+00 0.000000000000000000e+00 0.000000000000000000e+00 1.000000000000000000e+00
8.763870000839233398e-01 -4.730763435363769531e-01 -9.024874120950698853e-02 -7.749134719925216963e-01
-2.784920632839202881e-01 -3.449138402938842773e-01 -8.963685631752014160e-01 -2.641584702884581581e+00
3.929228782653808594e-01 8.106994032859802246e-01 -4.340260624885559082e-01 -1.362925946402733679e+00
0.000000000000000000e+00 0.000000000000000000e+00 0.000000000000000000e+00 1.000000000000000000e+00
8.389093279838562012e-01 -5.402508378028869629e-01 -6.603078544139862061e-02 -6.853044895468479725e-01
-3.360978364944458008e-01 -4.187919497489929199e-01 -8.435943722724914551e-01 -2.453475942375195284e+00
4.280993640422821045e-01 7.298917770385742188e-01 -5.329055786132812500e-01 -1.695141479499604920e+00
0.000000000000000000e+00 0.000000000000000000e+00 0.000000000000000000e+00 1.000000000000000000e+00
8.032402992248535156e-01 -5.933256149291992188e-01 -5.262843891978263855e-02 -6.243976416234268134e-01
-4.250065982341766357e-01 -5.089746713638305664e-01 -7.485409975051879883e-01 -2.110610494415562588e+00
4.173420965671539307e-01 6.236256957054138184e-01 -6.609964966773986816e-01 -2.088464400113795527e+00
0.000000000000000000e+00 0.000000000000000000e+00 0.000000000000000000e+00 1.000000000000000000e+00
7.785931229591369629e-01 -6.270856261253356934e-01 -2.359542250633239746e-02 -5.283153762974438505e-01
-5.000216364860534668e-01 -5.972327589988708496e-01 -6.271294951438903809e-01 -1.686988365960115477e+00
3.791716396808624268e-01 5.000767707824707031e-01 -7.785575389862060547e-01 -2.424340142970923484e+00
0.000000000000000000e+00 0.000000000000000000e+00 0.000000000000000000e+00 1.000000000000000000e+00
7.537497878074645996e-01 -6.567763090133666992e-01 -2.250632084906101227e-02 -5.093153017978551134e-01
-5.665131807327270508e-01 -6.320396661758422852e-01 -5.287612080574035645e-01 -1.344764341166656330e+00
3.330530226230621338e-01 4.113035500049591064e-01 -8.484725356101989746e-01 -2.614064533782717970e+00
0.000000000000000000e+00 0.000000000000000000e+00 0.000000000000000000e+00 1.000000000000000000e+00
6.542769670486450195e-01 -7.561301589012145996e-01 -1.375034451484680176e-02 -4.234642809543899822e-01
-6.738518476486206055e-01 -5.746358036994934082e-01 -4.644531011581420898e-01 -1.078169543688518361e+00
3.432855308055877686e-01 3.131465315818786621e-01 -8.854910731315612793e-01 -2.748792372408021212e+00
0.000000000000000000e+00 0.000000000000000000e+00 0.000000000000000000e+00 1.000000000000000000e+00
5.887341499328613281e-01 -8.082050681114196777e-01 1.403779722750186920e-02 -2.913831579566433794e-01
-7.383015155792236328e-01 -5.447213053703308105e-01 -3.977305591106414795e-01 -8.262794654247644921e-01
3.290947377681732178e-01 2.237933129072189331e-01 -9.173946976661682129e-01 -2.852311642020148419e+00
0.000000000000000000e+00 0.000000000000000000e+00 0.000000000000000000e+00 1.000000000000000000e+00
5.430001020431518555e-01 -8.382469415664672852e-01 4.992811754345893860e-02 -1.423851888017384215e-01
-7.807033061981201172e-01 -5.258350372314453125e-01 -3.376381099224090576e-01 -6.040433086722614142e-01
3.092781603336334229e-01 1.443585008382797241e-01 -9.399511218070983887e-01 -2.912456687833001379e+00
0.000000000000000000e+00 0.000000000000000000e+00 0.000000000000000000e+00 1.000000000000000000e+00
5.085966587066650391e-01 -8.537183403968811035e-01 1.117775887250900269e-01 7.738623062213485782e-02
-8.158767223358154297e-01 -5.193386673927307129e-01 -2.542290985584259033e-01 -3.212339847722873176e-01
2.750903367996215820e-01 3.810326009988784790e-02 -9.606629610061645508e-01 -2.962475001541993613e+00
0.000000000000000000e+00 0.000000000000000000e+00 0.000000000000000000e+00 1.000000000000000000e+00
4.385840892791748047e-01 -8.843888044357299805e-01 1.596875786781311035e-01 2.819132175257023087e-01
-8.586903810501098633e-01 -4.648164212703704834e-01 -2.158612459897994995e-01 -1.698522883169121256e-01
2.651307284832000732e-01 -4.244893789291381836e-02 -9.632777571678161621e-01 -2.967578240963471448e+00
0.000000000000000000e+00 0.000000000000000000e+00 0.000000000000000000e+00 1.000000000000000000e+00
3.560192883014678955e-01 -8.967509269714355469e-01 2.628464698791503906e-01 6.629851488241588209e-01
-8.932726979255676270e-01 -4.091848433017730713e-01 -1.860954165458679199e-01 -5.292761600783449372e-02
2.744339406490325928e-01 -1.685400605201721191e-01 -9.467206597328186035e-01 -2.918751989236785693e+00
0.000000000000000000e+00 0.000000000000000000e+00 0.000000000000000000e+00 1.000000000000000000e+00
2.921095192432403564e-01 -8.870081901550292969e-01 3.576137423515319824e-01 9.966023895262667853e-01
-9.138280749320983887e-01 -3.691658675670623779e-01 -1.692193150520324707e-01 1.363813744005788579e-02
2.821177244186401367e-01 -2.773670256137847900e-01 -9.184101223945617676e-01 -2.839344656679277268e+00
0.000000000000000000e+00 0.000000000000000000e+00 0.000000000000000000e+00 1.000000000000000000e+00
2.730662822723388672e-01 -8.551164269447326660e-01 4.406929910182952881e-01 1.260104724357248962e+00
-9.324948191642761230e-01 -3.478626310825347900e-01 -9.718814492225646973e-02 2.484968112174075483e-01
2.364077419042587280e-01 -3.844051957130432129e-01 -8.923814296722412109e-01 -2.725167745876725167e+00
0.000000000000000000e+00 0.000000000000000000e+00 0.000000000000000000e+00 1.000000000000000000e+00
1.795876622200012207e-01 -7.787228822708129883e-01 6.011154055595397949e-01 1.804250665850211099e+00
-9.613457322120666504e-01 -2.685683965682983398e-01 -6.071171909570693970e-02 3.688407284427489552e-01
2.087182849645614624e-01 -5.669761300086975098e-01 -7.968534827232360840e-01 -2.416802834395295640e+00
0.000000000000000000e+00 0.000000000000000000e+00 0.000000000000000000e+00 1.000000000000000000e+00
1.375654935836791992e-01 -6.816290020942687988e-01 7.186503410339355469e-01 2.187457478061078042e+00
-9.723787307739257812e-01 -2.310598194599151611e-01 -3.302206471562385559e-02 4.574792979309510454e-01
1.885599046945571899e-01 -6.942574977874755859e-01 -6.945874691009521484e-01 -2.099634462392448331e+00
0.000000000000000000e+00 0.000000000000000000e+00 0.000000000000000000e+00 1.000000000000000000e+00
1.117041632533073425e-01 -5.761578083038330078e-01 8.096687793731689453e-01 2.470712100577706849e+00
-9.825971126556396484e-01 -1.857181638479232788e-01 3.405300667509436607e-03 5.686660164502810311e-01
1.484082788228988647e-01 -7.959588170051574707e-01 -5.868767499923706055e-01 -1.755151590518627458e+00
0.000000000000000000e+00 0.000000000000000000e+00 0.000000000000000000e+00 1.000000000000000000e+00
8.126014471054077148e-02 -5.017916560173034668e-01 8.611630797386169434e-01 2.646132851362914540e+00
-9.900253415107727051e-01 -1.404100805521011353e-01 1.160397473722696304e-02 6.031439948111113614e-01
1.150932088494300842e-01 -8.535162806510925293e-01 -5.081962943077087402e-01 -1.499724992722294870e+00
0.000000000000000000e+00 0.000000000000000000e+00 0.000000000000000000e+00 1.000000000000000000e+00
1.552628427743911743e-01 -5.187044739723205566e-01 8.407374024391174316e-01 2.522769612909210313e+00
-9.875339865684509277e-01 -1.037953794002532959e-01 1.183343902230262756e-01 9.222993437396753702e-01
2.588406577706336975e-02 -8.486295938491821289e-01 -5.283539891242980957e-01 -1.494780694898458329e+00
0.000000000000000000e+00 0.000000000000000000e+00 0.000000000000000000e+00 1.000000000000000000e+00
2.673413753509521484e-01 -5.808148980140686035e-01 7.688838243484497070e-01 2.235551798211821595e+00
-9.590734839439392090e-01 -8.311535418033599854e-02 2.706848978996276855e-01 1.359620734037277456e+00
-9.331168234348297119e-02 -8.097816109657287598e-01 -5.792643427848815918e-01 -1.552882954865242526e+00
0.000000000000000000e+00 0.000000000000000000e+00 0.000000000000000000e+00 1.000000000000000000e+00
3.213753402233123779e-01 -6.185222864151000977e-01 7.170416712760925293e-01 2.052620367087396591e+00
-9.291431307792663574e-01 -5.980405211448669434e-02 3.648512959480285645e-01 1.613652591720283525e+00
-1.827865689992904663e-01 -7.834883928298950195e-01 -5.939151048660278320e-01 -1.533401019662736342e+00
0.000000000000000000e+00 0.000000000000000000e+00 0.000000000000000000e+00 1.000000000000000000e+00
3.668184280395507812e-01 -6.461445093154907227e-01 6.692844629287719727e-01 1.882944968740524860e+00
-8.898226022720336914e-01 -3.380561619997024536e-02 4.550530612468719482e-01 1.844235320886055574e+00
-2.714043557643890381e-01 -7.624662518501281738e-01 -5.873546004295349121e-01 -1.448896380399634864e+00
0.000000000000000000e+00 0.000000000000000000e+00 0.000000000000000000e+00 1.000000000000000000e+00
4.231417775154113770e-01 -6.436961293220520020e-01 6.376569271087646484e-01 1.743462955139952308e+00
-8.386000394821166992e-01 -1.175269763916730881e-02 5.446212887763977051e-01 2.064272716552790765e+00
-3.430762887001037598e-01 -7.651910185813903809e-01 -5.447763800621032715e-01 -1.259817275917845647e+00
0.000000000000000000e+00 0.000000000000000000e+00 0.000000000000000000e+00 1.000000000000000000e+00
5.238934159278869629e-01 -6.375302076339721680e-01 5.648814439773559570e-01 1.472633509236819682e+00
-7.350239157676696777e-01 -3.240382997319102287e-03 6.780337095260620117e-01 2.357340189111967188e+00
-4.304362833499908447e-01 -7.704187631607055664e-01 -4.702974259853363037e-01 -9.468879673843716427e-01
0.000000000000000000e+00 0.000000000000000000e+00 0.000000000000000000e+00 1.000000000000000000e+00
6.248994469642639160e-01 -6.775898933410644531e-01 3.877781927585601807e-01 8.868831558749126209e-01
-5.831164121627807617e-01 -7.482647895812988281e-02 8.089350461959838867e-01 2.652015703616025455e+00
-5.191107988357543945e-01 -7.316227555274963379e-01 -4.418729543685913086e-01 -7.934817316335248671e-01
0.000000000000000000e+00 0.000000000000000000e+00 0.000000000000000000e+00 1.000000000000000000e+00
6.481244564056396484e-01 -7.113988995552062988e-01 2.717479169368743896e-01 5.677179420815643418e-01
-4.875498712062835693e-01 -1.135010868310928345e-01 8.656862974166870117e-01 2.759035827480357916e+00
-5.850043892860412598e-01 -6.935629248619079590e-01 -4.204052984714508057e-01 -6.915831972188698495e-01
0.000000000000000000e+00 0.000000000000000000e+00 0.000000000000000000e+00 1.000000000000000000e+00
6.071397066116333008e-01 -7.688949108123779297e-01 2.004546672105789185e-01 4.216630311618833615e-01
-3.987419307231903076e-01 -7.660990953445434570e-02 9.138575792312622070e-01 2.843329234463956023e+00
-6.873039007186889648e-01 -6.347689628601074219e-01 -3.531035184860229492e-01 -4.724680974243827269e-01
0.000000000000000000e+00 0.000000000000000000e+00 0.000000000000000000e+00 1.000000000000000000e+00
4.305566847324371338e-01 -9.005436897277832031e-01 6.034741178154945374e-02 1.843809550465881075e-01
-2.254110425710678101e-01 -4.254540428519248962e-02 9.733343124389648438e-01 2.921179711997349493e+00
-8.739627599716186523e-01 -4.326785802841186523e-01 -2.213107347488403320e-01 -8.642989655779782787e-02
0.000000000000000000e+00 0.000000000000000000e+00 0.000000000000000000e+00 1.000000000000000000e+00
3.179312050342559814e-01 -9.436027407646179199e-01 -9.237803518772125244e-02 -2.288641462305014973e-01
-2.644523382186889648e-01 -1.818235963582992554e-01 9.471035599708557129e-01 2.932095081403393699e+00
-9.104858636856079102e-01 -2.766842246055603027e-01 -3.073456287384033203e-01 -3.858306812934577112e-01
0.000000000000000000e+00 0.000000000000000000e+00 0.000000000000000000e+00 1.000000000000000000e+00
3.112809062004089355e-01 -9.498764276504516602e-01 2.895765937864780426e-02 1.574678965350206628e-01
-3.809103071689605713e-01 -9.679435938596725464e-02 9.195317029953002930e-01 2.870973207021705775e+00
-8.706384897232055664e-01 -2.972628772258758545e-01 -3.919481337070465088e-01 -6.299283441985649157e-01
0.000000000000000000e+00 0.000000000000000000e+00 0.000000000000000000e+00 1.000000000000000000e+00
2.816370427608489990e-01 -9.589579105377197266e-01 3.286321088671684265e-02 2.198478343632267462e-01
-4.726015925407409668e-01 -1.088287830352783203e-01 8.745306134223937988e-01 2.775114315347268601e+00
-8.350616097450256348e-01 -2.618312835693359375e-01 -4.838553667068481445e-01 -9.280842933745762080e-01
0.000000000000000000e+00 0.000000000000000000e+00 0.000000000000000000e+00 1.000000000000000000e+00
