0.7157867550849915 0.6981117129325867 -0.01700236648321152 -0.01673771068453789 
-0.6911203265190125 0.7047114372253418 -0.1604185849428177 0.08381137996912003 
-0.1000083908438683 0.1265761703252792 0.9869025945663452 -0.2905161678791046 
0 0 0 1 

0.6421500444412231 0.7664501070976257 -0.01404716167598963 -0.01225527189671993 
-0.7604895234107971 0.6346371173858643 -0.1374452412128448 0.07901179790496826 
-0.09643010795116425 0.09894316643476486 0.9904097318649292 -0.2932308912277222 
0 0 0 1 

0.5481985807418823 0.8356783390045166 -0.033463254570961 -0.0004688786284532398 
-0.8341721296310425 0.5434502363204956 -0.09390639513731003 0.06728887557983398 
-0.06028995662927628 0.07939346879720688 0.995018482208252 -0.2984815239906311 
0 0 0 1 

0.4526388347148895 0.889117419719696 -0.06773494184017181 0.01689669117331505 
-0.8915624022483826 0.449960857629776 -0.05149102956056595 0.05478285998106003 
-0.01530352793633938 0.08369677513837814 0.9963737726211548 -0.3030728399753571 
0 0 0 1 

0.3518355488777161 0.9326688647270203 -0.07962766289710999 0.02493130415678024 
-0.9359692931175232 0.3517218232154846 -0.01591452583670616 0.04096191748976707 
0.01316380687057972 0.08012833446264267 0.9966976046562195 -0.3045233488082886 
0 0 0 1 

0.879335880279541 0.4761947095394135 -0.00261351466178894 -0.03026771731674671 
-0.4757013618946075 0.8781468868255615 -0.05065640062093735 0.04021913558244705 
-0.02182727120816708 0.04578724503517151 0.9987127184867859 -0.2651594579219818 
0 0 0 1 

0.2574558556079865 0.9574610590934753 0.1303253024816513 -0.03750597313046455 
-0.9662343263626099 0.2565374672412872 0.02407842874526978 0.04580007866024971 
-0.01037916354835033 -0.1321239024400711 0.9911788702011108 -0.2969761788845062 
0 0 0 1 

0.3336209654808044 0.9399679899215698 0.07181330770254135 -0.0236379150301218 
-0.9426696300506592 0.3333185911178589 0.01650848239660263 0.04876492545008659 
-0.008419260382652283 -0.07320380210876465 0.9972814917564392 -0.2952384054660797 
0 0 0 1 

0.3942285478115082 0.9181848168373108 0.03899223357439041 -0.01771385781466961 
-0.9184861779212952 0.3950836062431335 -0.01708726398646832 0.05997675657272339 
-0.03109445609152317 -0.02907754294574261 0.9990934133529663 -0.2911165058612823 
0 0 0 1 

0.5316022634506226 0.8469778299331665 0.00524134049192071 -0.01434500887989998 
-0.8467162847518921 0.5315762162208557 -0.02231047675013542 0.06126350909471512 
-0.02168265730142593 0.007422411348670721 0.9997373223304749 -0.2905040085315704 
0 0 0 1 

