0.723926842212677 0.6891277432441711 -0.03213551267981529 -0.01253575459122658 
-0.6840383410453796 0.7109739780426025 -0.1631173491477966 0.08339573442935944 
-0.08956122398376465 0.1400669515132904 0.9860831499099731 -0.2904835343360901 
0 0 0 1 

0.6476286649703979 0.761010468006134 -0.0379444994032383 -0.005615796893835068 
-0.7577007412910461 0.6379574537277222 -0.1374757587909698 0.07807654142379761 
-0.0804135873913765 0.1177838072180748 0.9897780418395996 -0.2935270667076111 
0 0 0 1 

0.5518996119499207 0.8325556516647339 -0.04751350730657578 0.003203333355486393 
-0.8323001861572266 0.5464001297950745 -0.0933973640203476 0.06599127501249313 
-0.05179715156555176 0.09109146893024445 0.9944945573806763 -0.2984450459480286 
0 0 0 1 

0.4608148038387299 0.8821939826011658 -0.0968681201338768 0.02486986853182316 
-0.8874871134757996 0.4575606882572174 -0.0548158660531044 0.05443611741065979 
-0.004035194870084524 0.1112291738390923 0.9937865734100342 -0.3021137714385986 
0 0 0 1 

0.3512888848781586 0.9298726916313171 -0.1092380508780479 0.03323673084378242 
-0.9360013604164124 0.3515705764293671 -0.01731086708605289 0.04065322503447533 
0.0223079863935709 0.1083280816674232 0.993864893913269 -0.3035708069801331 
0 0 0 1 

0.4019553661346436 0.8932933807373047 -0.2011434286832809 0.05909891426563263 
-0.9154345989227295 0.3969056904315948 -0.06667196005582809 0.0570480190217495 
0.02027732320129871 0.2109328359365463 0.9772902131080627 -0.2856628596782684 
0 0 0 1 

0.4571139514446259 0.8584069013595581 -0.2327750623226166 0.06524845957756042 
-0.8885178565979004 0.429033100605011 -0.1626847684383392 0.08611750602722168 
-0.03978157415986061 0.2811903059482574 0.9588270783424377 -0.2748515605926514 
0 0 0 1 

0.5325911641120911 0.8191444277763367 -0.2129530310630798 0.05374322831630707 
-0.8420272469520569 0.4873481094837189 -0.2312613129615784 0.1049594953656197 
-0.08565420657396317 0.3024799823760986 0.9492993354797363 -0.2680646777153015 
0 0 0 1 

0.5963624715805054 0.7746145725250244 -0.2105324268341064 0.0483437292277813 
-0.7939809560775757 0.5306386947631836 -0.2966760993003845 0.1208923310041428 
-0.1180930510163307 0.3440852165222168 0.9314823746681213 -0.2594441175460815 
0 0 0 1 

0.618168830871582 0.7626720070838928 -0.1902587562799454 0.04033049941062927 
-0.7747707962989807 0.5503365993499756 -0.311222642660141 0.1227660104632378 
-0.1326545625925064 0.3397950828075409 0.9310972094535828 -0.25803142786026 
0 0 0 1 

