-0.22543865442276 0.8075628876686096 0.5449948310852051 -0.1530725359916687 
-0.8642203211784363 0.09249111264944077 -0.4945386946201324 0.2039609402418137 
-0.449778288602829 -0.5824838280677795 0.6770613193511963 -0.2092120200395584 
0 0 0 1 

-0.2299613803625107 0.7096676826477051 0.665949821472168 -0.1996407508850098 
-0.8938156366348267 0.1166818290948868 -0.4329881966114044 0.183416411280632 
-0.3849819302558899 -0.6948070526123047 0.607479989528656 -0.186570942401886 
0 0 0 1 

-0.1998528391122818 0.6829326152801514 0.7026106715202332 -0.2143175899982452 
-0.9291938543319702 0.09542978554964066 -0.3570600152015686 0.1591369211673737 
-0.3108978271484375 -0.7242210507392883 0.6155049800872803 -0.189802423119545 
0 0 0 1 

-0.1405126601457596 0.6668875217437744 0.7317904233932495 -0.2267164289951324 
-0.9594835042953491 0.0906035304069519 -0.2668003439903259 0.1281631290912628 
-0.2442285865545273 -0.7396296262741089 0.6271366477012634 -0.1917197555303574 
0 0 0 1 

-0.20423224568367 0.4889057576656342 0.8480920791625977 -0.2508103847503662 
-0.9551933407783508 -0.2891232669353485 -0.06335069984197617 0.07852509617805481 
0.2142307460308075 -0.8230301737785339 0.5260478854179382 -0.1768972128629684 
0 0 0 1 

-0.1807986944913864 0.4983648061752319 0.8479058146476746 -0.2539956569671631 
-0.9790070056915283 -0.1736875027418137 -0.1066668555140495 0.09258002787828445 
0.09411168098449707 -0.849390983581543 0.5193051695823669 -0.1640097945928574 
0 0 0 1 

-0.1143133938312531 0.6167982220649719 0.778776228427887 -0.2390852272510529 
-0.9931097626686096 -0.09130304306745529 -0.07346160709857941 0.07971838861703873 
0.02579369768500328 -0.7818078994750977 0.6229856014251709 -0.1911926716566086 
0 0 0 1 

0.02407541312277317 0.7634647488594055 0.6454005241394043 -0.2050256282091141 
-0.9996774792671204 0.0236028153449297 0.009370538406074047 0.04888506233692169 
-0.008079108782112598 -0.6454179286956787 0.7637868523597717 -0.2332897931337357 
0 0 0 1 

0.06956786662340164 0.8436266779899597 0.532404363155365 -0.1652988940477371 
-0.9973397850990295 0.07046212255954742 0.01866821385920048 0.04247310757637024 
-0.02176532708108425 -0.5322867035865784 0.8462843298912048 -0.2624111473560333 
0 0 0 1 

0.0893159955739975 0.835960865020752 0.5414723753929138 -0.1662728637456894 
-0.9959050416946411 0.08260145038366318 0.03674919903278351 0.03697090968489647 
-0.01400553248822689 -0.5425371527671814 0.8399149179458618 -0.2601935267448425 
0 0 0 1 

