1 0 0 -0.04542167112231255 
0 1 0 0.0009935460984706879 
0 0 1 -0.2875000238418579 
0 0 0 1 

0.9968448281288147 0.07815510779619217 0.01386620290577412 -0.04813206568360329 
-0.07790903002023697 0.9968072175979614 -0.01747863739728928 0.009495706297457218 
-0.01518797408789396 0.01634318754076958 0.999751091003418 -0.2933505177497864 
0 0 0 1 

0.6489047408103943 0.760153591632843 -0.03299744054675102 -0.007275683805346489 
-0.7562646269798279 0.6396065354347229 -0.1377208083868027 0.07802733033895493 
-0.08358365297317505 0.1143224611878395 0.9899212121963501 -0.2934387624263763 
0 0 0 1 

0.5514364242553711 0.8330796957015991 -0.04354258254170418 0.002093545626848936 
-0.8324477672576904 0.5461195707321167 -0.09372223168611526 0.0660950243473053 
-0.05429864674806595 0.08792877197265625 0.9946457743644714 -0.2984519004821777 
0 0 0 1 

0.4579770565032959 0.8837116360664368 -0.09649200737476349 0.02486011944711208 
-0.8889493942260742 0.4546408951282501 -0.05541303753852844 0.05476300045847893 
-0.00509993638843298 0.1111544147133827 0.9937900900840759 -0.3019965887069702 
0 0 0 1 

0.3506267368793488 0.9309403300285339 -0.1020344719290733 0.03113612532615662 
-0.9363169074058533 0.3507079482078552 -0.01773514784872532 0.04049356281757355 
0.01927393674850464 0.1017550155520439 0.9946227669715881 -0.3037020266056061 
0 0 0 1 

0.2699923813343048 0.9544699788093567 -0.1268510371446609 0.04152781888842583 
-0.9594621658325195 0.2777558863162994 0.04778951779007912 0.01625501364469528 
0.08084727823734283 0.1088059768080711 0.9907699227333069 -0.3031910955905914 
0 0 0 1 

0.1945697665214539 0.9673635363578796 -0.1623278707265854 0.05398116633296013 
-0.9718703031539917 0.2125120460987091 0.1015220731496811 -0.003628594567999244 
0.1327053755521774 0.1380085200071335 0.9815003871917725 -0.3013703227043152 
0 0 0 1 

0.1147877126932144 0.979849636554718 -0.1634580790996552 0.05617998912930489 
-0.9710077047348022 0.1454043984413147 0.189740926027298 -0.03350984677672386 
0.2096850872039795 0.136939138174057 0.9681321382522583 -0.2984805703163147 
0 0 0 1 

0.1172905936837196 0.9788610339164734 -0.1675515323877335 0.05746067315340042 
-0.968260645866394 0.1502146869897842 0.1997680217027664 -0.03661601990461349 
0.2207138240337372 0.1388025879859924 0.965411365032196 -0.2976625859737396 
0 0 0 1 

