1 0 0 -0.04542167112231255 
0 1 0 0.0009935460984706879 
0 0 1 -0.2875000238418579 
0 0 0 1 

0.9966082572937012 0.08103100210428238 0.01434929296374321 -0.04836958274245262 
-0.08079638332128525 0.9965983033180237 -0.01623882725834846 0.009464327245950699 
-0.01561633218079805 0.01502437517046928 0.999765157699585 -0.2934327721595764 
0 0 0 1 

0.9859396815299988 0.1633080095052719 0.03540181368589401 -0.05282733961939812 
-0.161443904042244 0.9855973124504089 -0.05033532530069351 0.02496368251740932 
-0.0431121438741684 0.0439121425151825 0.9981047511100769 -0.2924915552139282 
0 0 0 1 

0.9661886096000671 0.2556913793087006 0.03318620473146439 -0.04997536912560463 
-0.2526841461658478 0.9646082520484924 -0.07537564635276794 0.03766297176480293 
-0.05128464102745056 0.06444142758846283 0.9966028332710266 -0.2921358644962311 
0 0 0 1 

0.937935471534729 0.3435048460960388 0.04776345565915108 -0.05150298029184341 
-0.3358786106109619 0.9340216517448425 -0.1216097772121429 0.056447584182024 
-0.08638570457696915 0.09801936149597168 0.9914281368255615 -0.2893926203250885 
0 0 0 1 

0.8939829468727112 0.4472877979278564 0.02698191814124584 -0.04211551696062088 
-0.4397604465484619 0.8873149156570435 -0.1388625800609589 0.06595724076032639 
-0.0860530287027359 0.1122751832008362 0.9899440407752991 -0.2901650965213776 
0 0 0 1 

0.8465396761894226 0.5322306752204895 0.01004129648208618 -0.03404732793569565 
-0.523625910282135 0.8359533548355103 -0.1643093675374985 0.07777217775583267 
-0.09584461152553558 0.13383649289608 0.9863577485084534 -0.2890686094760895 
0 0 0 1 

0.6491846442222595 0.7599306702613831 -0.03262221440672874 -0.007384483702480793 
-0.7559171319007874 0.639801025390625 -0.1387211680412292 0.07903139293193817 
-0.08454681187868118 0.1147153377532959 0.9897940158843994 -0.2934480011463165 
0 0 0 1 

0.5510861277580261 0.8332911133766174 -0.0439285933971405 0.002221479779109359 
-0.8326118588447571 0.5456202626228333 -0.09516199678182602 0.0672198086977005 
-0.0553293377161026 0.08901792019605637 0.9944920539855957 -0.2984586656093597 
0 0 0 1 

0.894245445728302 0.447545975446701 -0.00525569124147296 -0.03183728456497192 
-0.4445696771144867 0.8868170380592346 -0.1261479556560516 0.06103182584047318 
-0.05179630964994431 0.1151437237858772 0.9919976592063904 -0.2620980441570282 
0 0 0 1 

