0.9812734127044678 0.1873494982719421 0.04475124552845955 -0.06450100988149643 
-0.08088445663452148 0.1899253875017166 0.978460967540741 -0.2999384701251984 
0.1748148053884506 -0.9637574553489685 0.2015223503112793 -0.03665855526924133 
0 0 0 1 

0.9941034317016602 0.1081651300191879 -0.007662661373615265 -0.05073557049036026 
-0.006148992571979761 0.1267823427915573 0.9919114112854004 -0.3067260384559631 
0.108261726796627 -0.9860154390335083 0.1266997903585434 -0.01484924461692572 
0 0 0 1 

0.9690189957618713 -0.07285597920417786 -0.2359961420297623 0.02905964851379395 
0.2468371689319611 0.2524814307689667 0.9355876445770264 -0.3228222727775574 
-0.008578564040362835 -0.9648548364639282 0.2626428306102753 -0.05117963254451752 
0 0 0 1 

-0.8790903687477112 -0.3889492154121399 -0.2755340337753296 0.1340116709470749 
-0.4706935584545135 0.6172205209732056 0.6304652690887451 -0.1851333230733871 
-0.07515367120504379 0.6839278936386108 -0.7256684899330139 0.2319743633270264 
0 0 0 1 

-0.9099653959274292 -0.3684211671352386 -0.1903391033411026 0.1036370098590851 
-0.3918630182743073 0.6137876510620117 0.6853525042533875 -0.2057496607303619 
-0.1356705874204636 0.6982339024543762 -0.7028959989547729 0.2268954217433929 
0 0 0 1 

-0.9538581967353821 -0.2868295013904572 -0.08878878504037857 0.07071787863969803 
-0.2614603638648987 0.6480726003646851 0.7152904272079468 -0.2190532684326172 
-0.1476248204708099 0.7055003643035889 -0.6931639313697815 0.229029968380928 
0 0 0 1 

-0.9718453884124756 -0.2347468882799149 -0.02024729549884796 0.05057433247566223 
-0.163633868098259 0.6106082797050476 0.7748427987098694 -0.2420397996902466 
-0.1695287972688675 0.7563407421112061 -0.6318293809890747 0.213836207985878 
0 0 0 1 

-0.9777531027793884 -0.2071875035762787 0.03274192288517952 0.03669597953557968 
-0.08434192836284637 0.5312450528144836 0.8430095911026001 -0.2696135640144348 
-0.1920550316572189 0.8214937448501587 -0.5369011163711548 0.1860270500183105 
0 0 0 1 

-0.9841503500938416 -0.1666144579648972 0.06072650104761124 0.02760034799575806 
-0.01181846391409636 0.4032987356185913 0.9149921536445618 -0.2991925179958344 
-0.1769418120384216 0.8997721076011658 -0.3988757431507111 0.1398344188928604 
0 0 0 1 

-0.984987199306488 -0.161303922533989 0.06149196624755859 0.02575086243450642 
-0.009955069981515408 0.4086954891681671 0.9126166105270386 -0.3029051423072815 
-0.1723401248455048 0.8983035087585449 -0.4041656851768494 0.1338673979043961 
0 0 0 1 

