0.8935169577598572 0.4489246904850006 -0.009689740836620331 -0.02653035894036293 
-0.4425795376300812 0.8841220736503601 0.1498378068208694 -0.02074895612895489 
0.07583285868167877 -0.1295941323041916 0.9886630773544312 -0.267627626657486 
0 0 0 1 

0.8971056938171387 0.4416623711585999 -0.01164316665381193 -0.0257453341037035 
-0.42398601770401 0.8680142760276794 0.2584317326545715 -0.05477938055992126 
0.1242460682988167 -0.226904034614563 0.9659593105316162 -0.2628521025180817 
0 0 0 1 

0.8998912572860718 0.4359892010688782 -0.01043892838060856 -0.02558992803096771 
-0.4013081192970276 0.8372045755386353 0.3715374767780304 -0.09203753620386124 
0.1707259863615036 -0.3301540911197662 0.9283592104911804 -0.2532034814357758 
0 0 0 1 

0.9058932065963745 0.4234549403190613 -0.006574919912964106 -0.02802913077175617 
-0.3735502362251282 0.8062549233436584 0.4587078094482422 -0.1211016774177551 
0.199543297290802 -0.4130842089653015 0.8885627388954163 -0.2432639300823212 
0 0 0 1 

0.9163320064544678 0.4004059433937073 -0.003252501832321286 -0.03176481649279594 
-0.3333795666694641 0.7673907279968262 0.5476944446563721 -0.1509157568216324 
0.2217961847782135 -0.5007855892181396 0.8366720080375671 -0.2306078970432281 
0 0 0 1 

0.9088234305381775 0.4168389439582825 0.01688588410615921 -0.03894048184156418 
-0.3340623378753662 0.7029099464416504 0.6279488205909729 -0.1748442053794861 
0.2498843967914581 -0.5763354897499084 0.7780712842941284 -0.2164757996797562 
0 0 0 1 

0.916300892829895 0.3988958895206451 0.03570299223065376 -0.04654160141944885 
-0.2980636656284332 0.6196960210800171 0.7260403633117676 -0.2061557918787003 
0.2674896121025085 -0.6759132146835327 0.6867244839668274 -0.1912902593612671 
0 0 0 1 

0.7972851991653442 0.6016519665718079 0.04848803207278252 -0.06710939854383469 
-0.4295053780078888 0.5090488195419312 0.745918333530426 -0.2240572273731232 
0.4241006374359131 -0.6155354380607605 0.6642699837684631 -0.2267803698778152 
0 0 0 1 

0.7724649310112 0.6346936821937561 0.0214911624789238 -0.05725909397006035 
-0.5063601136207581 0.5951445698738098 0.624021053314209 -0.1778104454278946 
0.3832719027996063 -0.492916613817215 0.7811118960380554 -0.2625887095928192 
0 0 0 1 

0.753113329410553 0.6574795842170715 0.02325418218970299 -0.05609064921736717 
-0.5675584673881531 0.6314248442649841 0.5283746719360352 -0.1423696875572205 
0.3327123820781708 -0.4111240804195404 0.848692774772644 -0.2820749580860138 
0 0 0 1 

