0.1945655941963196 0.973014235496521 -0.1240468248724937 0.0430913120508194 
-0.9724220037460327 0.2079184055328369 0.1056671962141991 -0.004624769557267427 
0.128607302904129 0.100066639482975 0.9866340756416321 -0.3031162619590759 
0 0 0 1 

0.1127355620265007 0.985535204410553 -0.1265347898006439 0.04551158100366592 
-0.972619354724884 0.1355004906654358 0.1888152360916138 -0.03316404297947884 
0.2032295912504196 0.1017839834094048 0.9738263487815857 -0.3003487586975098 
0 0 0 1 

0.1894681602716446 0.9752828478813171 -0.1136883199214935 0.04076835885643959 
-0.955966055393219 0.2096545398235321 0.2053625285625458 -0.03791891038417816 
0.2241218239068985 0.06977253407239914 0.9720602631568909 -0.2976942360401154 
0 0 0 1 

0.2686423659324646 0.9554954171180725 -0.1219007298350334 0.04108867421746254 
-0.941274106502533 0.2872777581214905 0.1774107366800308 -0.02716586738824844 
0.2045345157384872 0.06708195060491562 0.9765580296516418 -0.2964925169944763 
0 0 0 1 

0.3253130912780762 0.93837571144104 -0.1167145594954491 0.03771957755088806 
-0.9354084730148315 0.337422251701355 0.1056271567940712 -0.001634838525205851 
0.1385000497102737 0.07481390237808228 0.9875326156616211 -0.2965197861194611 
0 0 0 1 

0.3623644411563873 0.9201953411102295 -0.1480957865715027 0.0459723062813282 
-0.9298896789550781 0.3677148520946503 0.00952465832233429 0.03161343187093735 
0.06322154402732849 0.1342613697052002 0.9889271259307861 -0.2927100360393524 
0 0 0 1 

0.4003128409385681 0.9012871384620667 -0.1656231433153152 0.04969483613967896 
-0.9163689017295837 0.394540548324585 -0.06786447018384933 0.05852276831865311 
0.004179657902568579 0.1789389401674271 0.9838513135910034 -0.2875508069992065 
0 0 0 1 

0.45833820104599 0.8669773936271667 -0.1956427693367004 0.05554722622036934 
-0.8870032429695129 0.4323002099990845 -0.1623008251190186 0.08708128333091736 
-0.05613478645682335 0.2479244470596313 0.9671516418457031 -0.2771338522434235 
0 0 0 1 

0.3597559928894043 0.9015002250671387 -0.2405673563480377 0.06345880776643753 
-0.8945544958114624 0.4065448939800262 0.1857235133647919 -0.002243357710540295 
0.2652312219142914 0.1483855545520782 0.9526983499526978 -0.316415935754776 
0 0 0 1 

0.9805372357368469 0.05804754421114922 -0.1875558793544769 0.01513204351067543 
-0.07146941125392914 0.9952828884124756 -0.06560536473989487 0.03285252302885056 
0.1828629225492477 0.07773303240537643 0.9800605177879333 -0.2836787700653076 
0 0 0 1 

