-0.1675721555948257 0.7290835976600647 0.6635937690734863 -0.2022109031677246 
-0.9346738457679749 0.0965789407491684 -0.3421362042427063 0.1539451628923416 
-0.3135350346565247 -0.6775763034820557 0.665271520614624 -0.2059908807277679 
0 0 0 1 

-0.1066649109125137 0.7104762196540833 0.6955902576446533 -0.2161239832639694 
-0.9624629616737366 0.1018218398094177 -0.2515893578529358 0.123733177781105 
-0.2495745122432709 -0.6963157653808594 0.6729464530944824 -0.206033930182457 
0 0 0 1 

-0.1479905396699905 0.618113100528717 0.7720327973365784 -0.2425384968519211 
-0.9655295014381409 0.07871686667203903 -0.2481050193309784 0.1248654425144196 
-0.2141289561986923 -0.7821378111839294 0.5851573944091797 -0.1720138788223267 
0 0 0 1 

-0.1998808532953262 0.59013831615448 0.7821664810180664 -0.2452728450298309 
-0.9735409021377563 -0.02938500605523586 -0.2266153395175934 0.1201614513993263 
-0.1107503697276115 -0.8067671060562134 0.5803973078727722 -0.1686964333057404 
0 0 0 1 

-0.249262735247612 0.4454061388969421 0.8599308133125305 -0.2625008821487427 
-0.9649248123168945 -0.03868425264954567 -0.2596600949764252 0.130782812833786 
-0.08238834887742996 -0.8944923281669617 0.4394262433052063 -0.1196881756186485 
0 0 0 1 

-0.3358812928199768 0.345397025346756 0.8762901425361633 -0.2573471367359161 
-0.9418752193450928 -0.1304642558097839 -0.3095964789390564 0.1466479450464249 
0.007390931714326143 -0.9293437600135803 0.3691414892673492 -0.1013526543974876 
0 0 0 1 

-0.3626860380172729 0.3506211042404175 0.8634370565414429 -0.2453572303056717 
-0.9276614785194397 -0.2242188006639481 -0.2986136078834534 0.1400864869356155 
0.088898666203022 -0.9092803597450256 0.4065787196159363 -0.1211143583059311 
0 0 0 1 

-0.3747334480285645 0.4568072259426117 0.806784987449646 -0.2218930870294571 
-0.9235382676124573 -0.260469377040863 -0.2814830541610718 0.1325049102306366 
0.08155926316976547 -0.8505779504776001 0.5194855332374573 -0.1632797718048096 
0 0 0 1 

-0.3822970688343048 0.1492829173803329 0.91190105676651 -0.2509912550449371 
-0.917149543762207 -0.1815889030694962 -0.3547703921794891 0.153651550412178 
0.1126300618052483 -0.9719774127006531 0.2063357532024384 -0.06891372799873352 
0 0 0 1 

-0.3916253745555878 0.07038263976573944 0.9174289107322693 -0.2521038949489594 
-0.9165236949920654 -0.1179651245474815 -0.3821890354156494 0.1613436490297318 
0.08132524788379669 -0.9905204772949219 0.1107055619359016 -0.03877918049693108 
0 0 0 1 

