-0.1675719022750854 0.7290834784507751 0.6635937094688416 -0.2022108882665634 
-0.9346738457679749 0.09657914936542511 -0.3421361148357391 0.1539451479911804 
-0.313535064458847 -0.6775761842727661 0.665271520614624 -0.2059908807277679 
0 0 0 1 

-0.10666473954916 0.7104763984680176 0.6955903172492981 -0.2161239683628082 
-0.9624630212783813 0.1018220260739326 -0.2515892088413239 0.1237331628799438 
-0.2495745867490768 -0.6963157057762146 0.6729464530944824 -0.2060339450836182 
0 0 0 1 

-0.1479903608560562 0.6181132197380066 0.7720328569412231 -0.2425384968519211 
-0.9655296206474304 0.07871705293655396 -0.24810491502285 0.124865435063839 
-0.2141290456056595 -0.7821378111839294 0.5851573348045349 -0.1720138937234879 
0 0 0 1 

-0.1998805105686188 0.59013831615448 0.7821663618087769 -0.2452728152275085 
-0.9735409021377563 -0.02938479743897915 -0.226615235209465 0.1201614513993263 
-0.1107504442334175 -0.8067670464515686 0.5803974866867065 -0.1686964333057404 
0 0 0 1 

-0.2492621541023254 0.445406585931778 0.8599308133125305 -0.2625008821487427 
-0.9649249315261841 -0.03868371993303299 -0.2596597075462341 0.130782812833786 
-0.08238872885704041 -0.8944922089576721 0.4394265115261078 -0.1196881979703903 
0 0 0 1 

-0.3358811438083649 0.3453971147537231 0.8762901425361633 -0.2573471069335938 
-0.9418752193450928 -0.1304640769958496 -0.3095963597297668 0.1466479450464249 
0.0073907938785851 -0.9293437004089355 0.3691416382789612 -0.1013526692986488 
0 0 0 1 

-0.3626859188079834 0.3506211340427399 0.8634369969367981 -0.2453572154045105 
-0.9276614189147949 -0.2242187112569809 -0.2986135184764862 0.140086442232132 
0.08889862149953842 -0.9092801809310913 0.4065788686275482 -0.1211143732070923 
0 0 0 1 

-0.3747333288192749 0.4568069279193878 0.8067849278450012 -0.2218930870294571 
-0.9235380291938782 -0.2604694068431854 -0.2814832031726837 0.1325048953294754 
0.0815594270825386 -0.8505779504776001 0.5194855332374573 -0.1632797867059708 
0 0 0 1 

-0.3822968900203705 0.1492828726768494 0.91190105676651 -0.2509912550449371 
-0.9171496033668518 -0.1815889775753021 -0.3547702729701996 0.1536515206098557 
0.1126300618052483 -0.9719773530960083 0.2063356786966324 -0.06891374289989471 
0 0 0 1 

-0.3956592679023743 0.08324079215526581 0.9146170616149902 -0.2508440017700195 
-0.9141035079956055 -0.1318805515766144 -0.3834345042705536 0.161837175488472 
0.08870290964841843 -0.987764298915863 0.1282706558704376 -0.04477730020880699 
0 0 0 1 

