-0.1988770365715027 0.8285334706306458 0.5234310030937195 -0.1469331830739975 
-0.8630567789077759 0.1049732118844986 -0.4940784573554993 0.2033950984477997 
-0.4643067121505737 -0.5500116348266602 0.6941947937011719 -0.2138288915157318 
0 0 0 1 

-0.1882474571466446 0.7544310688972473 0.6288057565689087 -0.1883549094200134 
-0.9003335237503052 0.1232331097126007 -0.4173885583877563 0.1778844147920609 
-0.392380565404892 -0.644707202911377 0.6560412645339966 -0.2017578631639481 
0 0 0 1 

-0.1611249893903732 0.7312533259391785 0.6628023982048035 -0.2022924274206161 
-0.9353758692741394 0.1010773852467537 -0.3389028906822205 0.1531079411506653 
-0.3148181438446045 -0.67457515001297 0.6677108407020569 -0.2062079310417175 
0 0 0 1 

-0.1118100881576538 0.7064241766929626 0.6989015340805054 -0.217009574174881 
-0.9616313576698303 0.1003937944769859 -0.2553159594535828 0.12542824447155 
-0.2505267858505249 -0.7006325125694275 0.6680945754051208 -0.2044590413570404 
0 0 0 1 

-0.1419183015823364 0.6147958040237427 0.7758126258850098 -0.2438748925924301 
-0.9661569595336914 0.0845191702246666 -0.2437153309583664 0.1237372756004333 
-0.2154062241315842 -0.784144401550293 0.5819944739341736 -0.1710028350353241 
0 0 0 1 

-0.2003849148750305 0.5851994752883911 0.7857398986816406 -0.2461258322000504 
-0.9736787080764771 -0.03004910610616207 -0.2259346097707748 0.1200294718146324 
-0.1086058914661407 -0.8103322982788086 0.575817883014679 -0.1674508154392242 
0 0 0 1 

-0.2516709566116333 0.4448502063751221 0.8595170378684998 -0.2623261213302612 
-0.964463472366333 -0.04145823046565056 -0.2609428465366364 0.1313600093126297 
-0.08044629544019699 -0.8946447372436523 0.4394758641719818 -0.1200084611773491 
0 0 0 1 

-0.3609324991703033 0.3603279590606689 0.860169529914856 -0.2444792687892914 
-0.9285542368888855 -0.2245857864618301 -0.2955473363399506 0.1393973380327225 
0.0866878405213356 -0.9053866863250732 0.4156443178653717 -0.1238487884402275 
0 0 0 1 

-0.3764752745628357 0.4558327496051788 0.8065249919891357 -0.2218215316534042 
-0.9227427244186401 -0.2620600163936615 -0.2826128304004669 0.1327613741159439 
0.08253391087055206 -0.8506119251251221 0.5192757844924927 -0.163290873169899 
0 0 0 1 

-0.3856693208217621 0.4497064054012299 0.8056195974349976 -0.2190773636102676 
-0.9187943935394287 -0.2668067812919617 -0.2909140288829803 0.1344073265790939 
0.08411896228790283 -0.852395236492157 0.5160872936248779 -0.1626869291067123 
0 0 0 1 

