1.000000000000000000e+00 0.000000000000000000e+00 0.000000000000000000e+00 -1.792658120393753052e-02
0.000000000000000000e+00 1.000000000000000000e+00 0.000000000000000000e+00 2.243540808558464050e-02
0.000000000000000000e+00 0.000000000000000000e+00 1.000000000000000000e+00 -3.816788792610168457e-01
0.000000000000000000e+00 0.000000000000000000e+00 0.000000000000000000e+00 1.000000000000000000e+00
9.950220584869384766e-01 5.465741455554962158e-02 -8.332813531160354614e-02 1.731558889150619507e-02
-5.644411221146583557e-02 9.982202053070068359e-01 -1.923705823719501495e-02 2.658460102975368500e-02
8.212836831808090210e-02 2.384472079575061798e-02 9.963362216949462891e-01 -3.787649571895599365e-01
0.000000000000000000e+00 0.000000000000000000e+00 0.000000000000000000e+00 1.000000000000000000e+00
9.713308215141296387e-01 7.202508300542831421e-02 -2.265596687793731689e-01 7.548967003822326660e-02
-7.803282886743545532e-02 9.967942833900451660e-01 -1.766215264797210693e-02 2.669711038470268250e-02
2.245611697435379028e-01 3.483483940362930298e-02 9.738371372222900391e-01 -3.689505457878112793e-01
0.000000000000000000e+00 0.000000000000000000e+00 0.000000000000000000e+00 1.000000000000000000e+00
9.986644387245178223e-01 5.165622755885124207e-02 1.068443059921264648e-03 -1.516298297792673111e-02
-5.166240036487579346e-02 9.986408352851867676e-01 6.914033088833093643e-03 1.764381304383277893e-02
-7.098290952853858471e-04 -6.960048340260982513e-03 9.999755620956420898e-01 -3.681317567825317383e-01
0.000000000000000000e+00 0.000000000000000000e+00 0.000000000000000000e+00 1.000000000000000000e+00
9.916951060295104980e-01 6.423047930002212524e-02 -1.114238500595092773e-01 3.154124692082405090e-02
-6.047341600060462952e-02 9.974921345710754395e-01 3.677983582019805908e-02 9.363558143377304077e-03
1.135067790746688843e-01 -2.973611652851104736e-02 9.930920600891113281e-01 -3.663717806339263916e-01
0.000000000000000000e+00 0.000000000000000000e+00 0.000000000000000000e+00 1.000000000000000000e+00
-9.119802713394165039e-02 9.727066755294799805e-02 -9.910707473754882812e-01 4.096168577671051025e-01
-3.150034323334693909e-02 9.944381713867187500e-01 1.004998311400413513e-01 -1.166095957159996033e-02
9.953343868255615234e-01 4.038445279002189636e-02 -8.762671798467636108e-02 3.740566596388816833e-02
0.000000000000000000e+00 0.000000000000000000e+00 0.000000000000000000e+00 1.000000000000000000e+00
-6.096746772527694702e-02 1.089326441287994385e-01 -9.921780824661254883e-01 4.050826728343963623e-01
-1.515071466565132141e-02 9.938113093376159668e-01 1.100429520010948181e-01 -1.113548688590526581e-02
9.980246424674987793e-01 2.174125239253044128e-02 -5.893974378705024719e-02 3.238561004400253296e-02
0.000000000000000000e+00 0.000000000000000000e+00 0.000000000000000000e+00 1.000000000000000000e+00
-7.957743853330612183e-02 1.029425188899040222e-01 -9.914987683296203613e-01 3.997965455055236816e-01
-1.888774521648883820e-02 9.943186640739440918e-01 1.047512441873550415e-01 -4.744585137814283371e-03
9.966493844985961914e-01 2.706303820013999939e-02 -7.718103379011154175e-02 4.624788463115692139e-02
0.000000000000000000e+00 0.000000000000000000e+00 0.000000000000000000e+00 1.000000000000000000e+00
-7.466819882392883301e-02 9.561811387538909912e-02 -9.926134943962097168e-01 3.944216966629028320e-01
-3.631485626101493835e-02 9.944713711738586426e-01 9.852878749370574951e-02 -8.697792654857039452e-04
9.965465068817138672e-01 4.340360686182975769e-02 -7.078315317630767822e-02 5.307792499661445618e-02
0.000000000000000000e+00 0.000000000000000000e+00 0.000000000000000000e+00 1.000000000000000000e+00
-4.729605466127395630e-02 1.007663607597351074e-01 -9.937850236892700195e-01 3.911295235157012939e-01
-5.242444574832916260e-02 9.932773709297180176e-01 1.032099127769470215e-01 -6.983659695833921432e-04
9.975039958953857422e-01 5.698006227612495422e-02 -4.169544205069541931e-02 5.055350065231323242e-02
0.000000000000000000e+00 0.000000000000000000e+00 0.000000000000000000e+00 1.000000000000000000e+00
-4.708387702703475952e-02 8.261885493993759155e-02 -9.954683184623718262e-01 3.868725597858428955e-01
-7.671105116605758667e-02 9.933311343193054199e-01 8.606977015733718872e-02 8.307025767862796783e-03
9.959411621093750000e-01 8.041601628065109253e-02 -4.043201357126235962e-02 5.913438275456428528e-02
0.000000000000000000e+00 0.000000000000000000e+00 0.000000000000000000e+00 1.000000000000000000e+00
-5.223194509744644165e-02 6.988786906003952026e-02 -9.961866140365600586e-01 3.837475776672363281e-01
-1.047466993331909180e-01 9.916622042655944824e-01 7.506257295608520508e-02 1.590415090322494507e-02
9.931263923645019531e-01 1.082679182291030884e-01 -4.447591677308082581e-02 6.897530704736709595e-02
0.000000000000000000e+00 0.000000000000000000e+00 0.000000000000000000e+00 1.000000000000000000e+00
-2.919371053576469421e-02 8.551944792270660400e-02 -9.959086775779724121e-01 3.841153085231781006e-01
-1.002707704901695251e-01 9.910571575164794922e-01 8.804216235876083374e-02 1.501593086868524551e-02
9.945315718650817871e-01 1.024308204650878906e-01 -2.035755850374698639e-02 6.532496213912963867e-02
0.000000000000000000e+00 0.000000000000000000e+00 0.000000000000000000e+00 1.000000000000000000e+00
-3.069682605564594269e-02 8.504366129636764526e-02 -9.959042668342590332e-01 3.842673301696777344e-01
-1.354781836271286011e-01 9.868248701095581055e-01 8.844417333602905273e-02 1.806276291608810425e-02
9.903048276901245117e-01 1.376382559537887573e-01 -1.877082325518131256e-02 7.156508415937423706e-02
0.000000000000000000e+00 0.000000000000000000e+00 0.000000000000000000e+00 1.000000000000000000e+00
-8.836095221340656281e-03 9.442085027694702148e-02 -9.954931139945983887e-01 3.858209550380706787e-01
-1.493754535913467407e-01 9.842371940612792969e-01 9.467913210391998291e-02 1.823278889060020447e-02
9.887413382530212402e-01 1.495388299226760864e-01 5.407299380749464035e-03 6.895609200000762939e-02
0.000000000000000000e+00 0.000000000000000000e+00 0.000000000000000000e+00 1.000000000000000000e+00
-3.329134313389658928e-03 9.758743643760681152e-02 -9.952213764190673828e-01 3.867923617362976074e-01
-1.776497215032577515e-01 9.793388843536376953e-01 9.662431478500366211e-02 1.955337636172771454e-02
9.840882420539855957e-01 1.771224141120910645e-01 1.407595630735158920e-02 7.474210858345031738e-02
0.000000000000000000e+00 0.000000000000000000e+00 0.000000000000000000e+00 1.000000000000000000e+00
3.413225710391998291e-02 1.045494005084037781e-01 -9.939336776733398438e-01 3.892855942249298096e-01
-1.939249634742736816e-01 9.763042926788330078e-01 9.603550285100936890e-02 2.270809188485145569e-02
9.804223775863647461e-01 1.894706338644027710e-01 5.359819158911705017e-02 6.928700208663940430e-02
0.000000000000000000e+00 0.000000000000000000e+00 0.000000000000000000e+00 1.000000000000000000e+00
7.559603452682495117e-02 1.056811437010765076e-01 -9.915224909782409668e-01 3.911337852478027344e-01
-2.122620344161987305e-01 9.732823371887207031e-01 8.755369484424591064e-02 2.788349054753780365e-02
9.742844700813293457e-01 2.038438171148300171e-01 9.600829333066940308e-02 6.192746758460998535e-02
0.000000000000000000e+00 0.000000000000000000e+00 0.000000000000000000e+00 1.000000000000000000e+00
1.561243683099746704e-01 1.325059086084365845e-01 -9.788091778755187988e-01 3.977733552455902100e-01
-2.320265769958496094e-01 9.681516885757446289e-01 9.405384957790374756e-02 2.498915977776050568e-02
9.600986242294311523e-01 2.124256491661071777e-01 1.818971633911132812e-01 4.696980118751525879e-02
0.000000000000000000e+00 0.000000000000000000e+00 0.000000000000000000e+00 1.000000000000000000e+00
1.799495965242385864e-01 1.827262789011001587e-01 -9.665548205375671387e-01 4.135734140872955322e-01
-2.387854158878326416e-01 9.613193273544311523e-01 1.372803598642349243e-01 9.393530897796154022e-03
9.542530179023742676e-01 2.060957551002502441e-01 2.166215181350708008e-01 5.531674250960350037e-02
0.000000000000000000e+00 0.000000000000000000e+00 0.000000000000000000e+00 1.000000000000000000e+00
4.482884332537651062e-02 1.591001898050308228e-01 -9.862438440322875977e-01 4.134729802608489990e-01
-2.774827480316162109e-01 9.503716826438903809e-01 1.407006382942199707e-01 8.718218654394149780e-03
9.596837759017944336e-01 2.673583328723907471e-01 8.675174415111541748e-02 1.119628101587295532e-01
0.000000000000000000e+00 0.000000000000000000e+00 0.000000000000000000e+00 1.000000000000000000e+00
3.775922209024429321e-02 2.001178711652755737e-01 -9.790436625480651855e-01 4.057271778583526611e-01
-1.962872594594955444e-01 9.621409773826599121e-01 1.890926063060760498e-01 -1.138605922460556030e-02
9.798188209533691406e-01 1.850339472293853760e-01 7.561034709215164185e-02 1.033830046653747559e-01
0.000000000000000000e+00 0.000000000000000000e+00 0.000000000000000000e+00 1.000000000000000000e+00
6.318999826908111572e-02 2.182078510522842407e-01 -9.738546013832092285e-01 4.024163782596588135e-01
-1.646358072757720947e-01 9.647144675254821777e-01 2.054772377014160156e-01 -1.973476447165012360e-02
9.843282699584960938e-01 1.473471671342849731e-01 9.688503295183181763e-02 8.987082540988922119e-02
0.000000000000000000e+00 0.000000000000000000e+00 0.000000000000000000e+00 1.000000000000000000e+00
1.625334769487380981e-01 2.730560898780822754e-01 -9.481689929962158203e-01 3.834521174430847168e-01
-6.874183565378189087e-02 9.617449045181274414e-01 2.651821076869964600e-01 -4.992188885807991028e-02
9.843053817749023438e-01 2.207798883318901062e-02 1.750858277082443237e-01 4.331286624073982239e-02
0.000000000000000000e+00 0.000000000000000000e+00 0.000000000000000000e+00 1.000000000000000000e+00
1.765399575233459473e-01 3.172102272510528564e-01 -9.317785501480102539e-01 3.620764315128326416e-01
-3.273489326238632202e-02 9.480154514312744141e-01 3.165357410907745361e-01 -7.836325466632843018e-02
9.837489724159240723e-01 -2.537955157458782196e-02 1.777465045452117920e-01 3.483191132545471191e-02
0.000000000000000000e+00 0.000000000000000000e+00 0.000000000000000000e+00 1.000000000000000000e+00
2.484524548053741455e-01 3.763531744480133057e-01 -8.925408720970153809e-01 3.425205945968627930e-01
1.413144171237945557e-03 9.212917089462280273e-01 3.888697624206542969e-01 -1.068700477480888367e-01
9.686430096626281738e-01 -9.787693619728088379e-02 2.283653616905212402e-01 1.312504522502422333e-02
0.000000000000000000e+00 0.000000000000000000e+00 0.000000000000000000e+00 1.000000000000000000e+00
2.495550513267517090e-01 4.130378961563110352e-01 -8.758547306060791016e-01 3.279621601104736328e-01
5.427615717053413391e-02 8.970838785171508789e-01 4.385139644145965576e-01 -1.249749809503555298e-01
9.668380022048950195e-01 -1.569713354110717773e-01 2.014537900686264038e-01 1.851832494139671326e-02
0.000000000000000000e+00 0.000000000000000000e+00 0.000000000000000000e+00 1.000000000000000000e+00
3.566507101058959961e-01 4.473750591278076172e-01 -8.201559185981750488e-01 3.040843307971954346e-01
1.184209957718849182e-01 8.491581082344055176e-01 5.146912336349487305e-01 -1.538938134908676147e-01
9.267021417617797852e-01 -2.806887328624725342e-01 2.498743087053298950e-01 -3.971523605287075043e-03
0.000000000000000000e+00 0.000000000000000000e+00 0.000000000000000000e+00 1.000000000000000000e+00
3.912849426269531250e-01 4.848597347736358643e-01 -7.821811437606811523e-01 2.880996465682983398e-01
1.357970237731933594e-01 8.102223873138427734e-01 5.701742768287658691e-01 -1.745468527078628540e-01
9.101953506469726562e-01 -3.293184041976928711e-01 2.511853277683258057e-01 -7.637546397745609283e-03
0.000000000000000000e+00 0.000000000000000000e+00 0.000000000000000000e+00 1.000000000000000000e+00
3.521240055561065674e-01 5.537882447242736816e-01 -7.545377016067504883e-01 2.704825401306152344e-01
1.603200882673263550e-01 7.585677504539489746e-01 6.315633654594421387e-01 -1.944595724344253540e-01
9.221202731132507324e-01 -3.433561027050018311e-01 1.783265322446823120e-01 1.342858467251062393e-02
0.000000000000000000e+00 0.000000000000000000e+00 0.000000000000000000e+00 1.000000000000000000e+00
4.284028112888336182e-01 5.442561507225036621e-01 -7.212879657745361328e-01 2.562820911407470703e-01
1.637320965528488159e-01 7.382772564888000488e-01 6.543228030204772949e-01 -2.019123733043670654e-01
8.886297941207885742e-01 -3.984117507934570312e-01 2.271678596735000610e-01 -5.433370359241962433e-03
0.000000000000000000e+00 0.000000000000000000e+00 0.000000000000000000e+00 1.000000000000000000e+00
4.350735843181610107e-01 5.615274310111999512e-01 -7.038448452949523926e-01 2.445116937160491943e-01
1.759182065725326538e-01 7.136294245719909668e-01 6.780753135681152344e-01 -2.091108411550521851e-01
8.830422163009643555e-01 -4.188317358493804932e-01 2.116982936859130859e-01 -3.449819283559918404e-03
0.000000000000000000e+00 0.000000000000000000e+00 0.000000000000000000e+00 1.000000000000000000e+00
4.363296926021575928e-01 5.971620082855224609e-01 -6.730630993843078613e-01 2.286463826894760132e-01
1.762708872556686401e-01 6.768014430999755859e-01 7.147505879402160645e-01 -2.196075320243835449e-01
8.823519945144653320e-01 -4.305083453655242920e-01 1.900462806224822998e-01 -8.319256594404578209e-04
0.000000000000000000e+00 0.000000000000000000e+00 0.000000000000000000e+00 1.000000000000000000e+00
3.032718896865844727e-01 7.040714025497436523e-01 -6.421133279800415039e-01 2.066333442926406860e-01
1.412527114152908325e-01 6.331885457038879395e-01 7.609994411468505859e-01 -2.310845702886581421e-01
9.423766136169433594e-01 -3.214899003505706787e-01 9.257633984088897705e-02 1.941737532615661621e-02
0.000000000000000000e+00 0.000000000000000000e+00 0.000000000000000000e+00 1.000000000000000000e+00
1.963199228048324585e-01 7.564030885696411133e-01 -6.239495277404785156e-01 1.968018114566802979e-01
1.242236718535423279e-01 6.120191216468811035e-01 7.810258269309997559e-01 -2.354232668876647949e-01
9.726391434669494629e-01 -2.308401465415954590e-01 2.618842385709285736e-02 3.316745907068252563e-02
0.000000000000000000e+00 0.000000000000000000e+00 0.000000000000000000e+00 1.000000000000000000e+00
2.703639268875122070e-01 7.840206623077392578e-01 -5.587621927261352539e-01 1.747317165136337280e-01
1.206907331943511963e-01 5.481975674629211426e-01 8.275946378707885742e-01 -2.449743896722793579e-01
9.551633000373840332e-01 -2.911891937255859375e-01 5.358888953924179077e-02 1.468730438500642776e-02
0.000000000000000000e+00 0.000000000000000000e+00 0.000000000000000000e+00 1.000000000000000000e+00
3.774249553680419922e-01 7.753592133522033691e-01 -5.063288807868957520e-01 1.562951654195785522e-01
1.074546948075294495e-01 5.064051151275634766e-01 8.555743694305419922e-01 -2.485580295324325562e-01
9.197845458984375000e-01 -3.773225843906402588e-01 1.078138053417205811e-01 -9.047747589647769928e-03
0.000000000000000000e+00 0.000000000000000000e+00 0.000000000000000000e+00 1.000000000000000000e+00
5.174592733383178711e-01 7.462028861045837402e-01 -4.188278913497924805e-01 1.261734515428543091e-01
3.396283462643623352e-02 4.711568653583526611e-01 8.813952803611755371e-01 -2.482815831899642944e-01
8.550336956977844238e-01 -4.703106284141540527e-01 2.184613943099975586e-01 -4.488826543092727661e-02
0.000000000000000000e+00 0.000000000000000000e+00 0.000000000000000000e+00 1.000000000000000000e+00
6.169737577438354492e-01 7.136744260787963867e-01 -3.316805660724639893e-01 1.046649515628814697e-01
-3.097973950207233429e-02 4.431560337543487549e-01 8.959089517593383789e-01 -2.441387176513671875e-01
7.863736748695373535e-01 -5.424768924713134766e-01 2.955252230167388916e-01 -6.630536913871765137e-02
0.000000000000000000e+00 0.000000000000000000e+00 0.000000000000000000e+00 1.000000000000000000e+00
6.183670163154602051e-01 7.549008727073669434e-01 -2.185114622116088867e-01 7.933108508586883545e-02
-1.055212244391441345e-01 3.552797734737396240e-01 9.287853240966796875e-01 -2.555613219738006592e-01
7.787732481956481934e-01 -5.512723326683044434e-01 2.993514835834503174e-01 -6.315948069095611572e-02
0.000000000000000000e+00 0.000000000000000000e+00 0.000000000000000000e+00 1.000000000000000000e+00
6.031335592269897461e-01 7.926660776138305664e-01 -8.893801271915435791e-02 4.441851750016212463e-02
-1.843737363815307617e-01 2.470262646675109863e-01 9.513065218925476074e-01 -2.710082530975341797e-01
7.760386466979980469e-01 -5.573675036430358887e-01 2.951366305351257324e-01 -5.817257240414619446e-02
0.000000000000000000e+00 0.000000000000000000e+00 0.000000000000000000e+00 1.000000000000000000e+00
6.213219165802001953e-01 7.830847501754760742e-01 2.716385573148727417e-02 7.252895738929510117e-03
-2.046602368354797363e-01 1.287242025136947632e-01 9.703315496444702148e-01 -2.852524518966674805e-01
7.563553452491760254e-01 -6.084473729133605957e-01 2.402454167604446411e-01 -4.208172112703323364e-02
0.000000000000000000e+00 0.000000000000000000e+00 0.000000000000000000e+00 1.000000000000000000e+00
6.397276520729064941e-01 7.571259140968322754e-01 1.323242336511611938e-01 -3.190663829445838928e-02
-2.302385121583938599e-01 2.451577223837375641e-02 9.728252887725830078e-01 -2.921336591243743896e-01
7.333070039749145508e-01 -6.528092622756958008e-01 1.900029331445693970e-01 -2.915172092616558075e-02
0.000000000000000000e+00 0.000000000000000000e+00 0.000000000000000000e+00 1.000000000000000000e+00
6.437621712684631348e-01 7.263278961181640625e-01 2.408699542284011841e-01 -7.334598153829574585e-02
-2.382047027349472046e-01 -1.089226454496383667e-01 9.650875329971313477e-01 -2.968871593475341797e-01
7.272062897682189941e-01 -6.786633729934692383e-01 1.028944253921508789e-01 -4.941442050039768219e-03
0.000000000000000000e+00 0.000000000000000000e+00 0.000000000000000000e+00 1.000000000000000000e+00
6.127163171768188477e-01 7.824700474739074707e-01 1.109923794865608215e-01 -2.313777804374694824e-02
-3.043110370635986328e-01 1.039780974388122559e-01 9.468806982040405273e-01 -2.735821604728698730e-01
7.293651700019836426e-01 -6.139453053474426270e-01 3.018233478069305420e-01 -7.565854489803314209e-02
0.000000000000000000e+00 0.000000000000000000e+00 0.000000000000000000e+00 1.000000000000000000e+00
6.004785895347595215e-01 7.988550662994384766e-01 3.544068336486816406e-02 3.261709352955222130e-03
-3.845416009426116943e-01 2.496225386857986450e-01 8.887162804603576660e-01 -2.457298785448074341e-01
7.011085152626037598e-01 -5.472834706306457520e-01 4.570861160755157471e-01 -1.190589964389801025e-01
0.000000000000000000e+00 0.000000000000000000e+00 0.000000000000000000e+00 1.000000000000000000e+00
5.953205227851867676e-01 8.003560900688171387e-01 -7.087594270706176758e-02 3.634366020560264587e-02
-4.506312310695648193e-01 4.056115746498107910e-01 7.952426671981811523e-01 -2.052693217992782593e-01
6.652253270149230957e-01 -4.414854049682617188e-01 6.021344065666198730e-01 -1.562357395887374878e-01
0.000000000000000000e+00 0.000000000000000000e+00 0.000000000000000000e+00 1.000000000000000000e+00
6.038663387298583984e-01 7.856859564781188965e-01 -1.343238800764083862e-01 5.456226319074630737e-02
-5.162205100059509277e-01 5.138949751853942871e-01 6.851480603218078613e-01 -1.627706289291381836e-01
6.073395609855651855e-01 -3.443971574306488037e-01 7.159114480018615723e-01 -1.814112812280654907e-01
0.000000000000000000e+00 0.000000000000000000e+00 0.000000000000000000e+00 1.000000000000000000e+00
6.001262068748474121e-01 7.801406383514404297e-01 -1.767182201147079468e-01 6.547798216342926025e-02
-5.716940760612487793e-01 5.728340744972229004e-01 5.873904228210449219e-01 -1.302247196435928345e-01
5.594770908355712891e-01 -2.514794468879699707e-01 7.897742986679077148e-01 -1.965244859457015991e-01
0.000000000000000000e+00 0.000000000000000000e+00 0.000000000000000000e+00 1.000000000000000000e+00
5.958148837089538574e-01 7.853431105613708496e-01 -1.680474430322647095e-01 5.932487547397613525e-02
-6.576579213142395020e-01 5.971981287002563477e-01 4.591731727123260498e-01 -9.468097239732742310e-02
4.609664380550384521e-01 -1.630644798278808594e-01 8.723072409629821777e-01 -2.134477794170379639e-01
0.000000000000000000e+00 0.000000000000000000e+00 0.000000000000000000e+00 1.000000000000000000e+00
5.798771381378173828e-01 7.903439402580261230e-01 -1.977359503507614136e-01 6.267705559730529785e-02
-7.103884220123291016e-01 6.093353033065795898e-01 3.522196710109710693e-01 -6.414763629436492920e-02
3.988619446754455566e-01 -6.377466022968292236e-02 9.147904515266418457e-01 -2.202407419681549072e-01
0.000000000000000000e+00 0.000000000000000000e+00 0.000000000000000000e+00 1.000000000000000000e+00
5.714187026023864746e-01 7.817692160606384277e-01 -2.496337294578552246e-01 7.184115052223205566e-02
-7.515438795089721680e-01 6.206818222999572754e-01 2.234625667333602905e-01 -2.668813802301883698e-02
3.296393156051635742e-01 5.992003530263900757e-02 9.422035813331604004e-01 -2.225486487150192261e-01
0.000000000000000000e+00 0.000000000000000000e+00 0.000000000000000000e+00 1.000000000000000000e+00
5.584094524383544922e-01 7.890595793724060059e-01 -2.560541927814483643e-01 7.224900275468826294e-02
-7.835980057716369629e-01 6.030323505401611328e-01 1.494206041097640991e-01 -6.311738397926092148e-03
2.723107933998107910e-01 1.172056496143341064e-01 9.550443291664123535e-01 -2.234762310981750488e-01
0.000000000000000000e+00 0.000000000000000000e+00 0.000000000000000000e+00 1.000000000000000000e+00
5.366104245185852051e-01 8.003675341606140137e-01 -2.673214972019195557e-01 7.200789451599121094e-02
-8.274906277656555176e-01 5.611560940742492676e-01 1.904521882534027100e-02 2.783600986003875732e-02
1.652521938085556030e-01 2.109862864017486572e-01 9.634191989898681641e-01 -2.234574556350708008e-01
0.000000000000000000e+00 0.000000000000000000e+00 0.000000000000000000e+00 1.000000000000000000e+00
5.249066948890686035e-01 8.052147626876831055e-01 -2.758667767047882080e-01 7.117404788732528687e-02
-8.499270677566528320e-01 5.132935047149658203e-01 -1.189728975296020508e-01 6.437128037214279175e-02
4.580186679959297180e-02 2.969161272048950195e-01 9.538044929504394531e-01 -2.189929783344268799e-01
0.000000000000000000e+00 0.000000000000000000e+00 0.000000000000000000e+00 1.000000000000000000e+00
5.361891984939575195e-01 7.954691052436828613e-01 -2.823647558689117432e-01 6.983511149883270264e-02
-8.418795466423034668e-01 4.797347187995910645e-01 -2.471704334020614624e-01 9.691940993070602417e-02
-6.115632131695747375e-02 3.702470362186431885e-01 9.269179105758666992e-01 -2.079468220472335815e-01
0.000000000000000000e+00 0.000000000000000000e+00 0.000000000000000000e+00 1.000000000000000000e+00
5.010195970535278320e-01 8.127627968788146973e-01 -2.973148226737976074e-01 7.228712737560272217e-02
-8.446947336196899414e-01 3.844873905181884766e-01 -3.723714649677276611e-01 1.289149820804595947e-01
-1.883359700441360474e-01 4.377054572105407715e-01 8.791719079017639160e-01 -1.899578273296356201e-01
0.000000000000000000e+00 0.000000000000000000e+00 0.000000000000000000e+00 1.000000000000000000e+00
4.805715978145599365e-01 8.201536536216735840e-01 -3.104818165302276611e-01 7.598657906055450439e-02
-8.255928158760070801e-01 3.037339746952056885e-01 -4.755442738533020020e-01 1.551249921321868896e-01
-2.957154512405395508e-01 4.848643839359283447e-01 8.230789899826049805e-01 -1.711789518594741821e-01
0.000000000000000000e+00 0.000000000000000000e+00 0.000000000000000000e+00 1.000000000000000000e+00
4.544775784015655518e-01 8.368486762046813965e-01 -3.051774799823760986e-01 7.851653546094894409e-02
-8.051430583000183105e-01 2.393772453069686890e-01 -5.426253676414489746e-01 1.719025969505310059e-01
-3.810430467128753662e-01 4.923228323459625244e-01 7.825754284858703613e-01 -1.566200107336044312e-01
0.000000000000000000e+00 0.000000000000000000e+00 0.000000000000000000e+00 1.000000000000000000e+00
4.108949303627014160e-01 8.627225160598754883e-01 -2.947454452514648438e-01 8.191857486963272095e-02
-7.866445183753967285e-01 1.720854341983795166e-01 -5.929392576217651367e-01 1.828336566686630249e-01
-4.608208835124969482e-01 4.754959046840667725e-01 7.493653893470764160e-01 -1.420079171657562256e-01
0.000000000000000000e+00 0.000000000000000000e+00 0.000000000000000000e+00 1.000000000000000000e+00
3.646456003189086914e-01 8.887560367584228516e-01 -2.777517735958099365e-01 8.543404191732406616e-02
-7.780058979988098145e-01 1.269127726554870605e-01 -6.153044104576110840e-01 1.850548982620239258e-01
-5.116050839424133301e-01 4.404607415199279785e-01 7.377358675003051758e-01 -1.325161159038543701e-01
0.000000000000000000e+00 0.000000000000000000e+00 0.000000000000000000e+00 1.000000000000000000e+00
2.579526901245117188e-01 9.392462372779846191e-01 -2.264436185359954834e-01 8.294576406478881836e-02
-7.719879746437072754e-01 5.944255739450454712e-02 -6.328517794609069824e-01 1.837078481912612915e-01
-5.809429883956909180e-01 3.380576968193054199e-01 7.404203414916992188e-01 -1.275830864906311035e-01
0.000000000000000000e+00 0.000000000000000000e+00 0.000000000000000000e+00 1.000000000000000000e+00
8.007778972387313843e-02 9.788698554039001465e-01 -1.881545484066009521e-01 8.487042039632797241e-02
-7.843331098556518555e-01 -5.461280420422554016e-02 -6.179313063621520996e-01 1.674323529005050659e-01
-6.151495575904846191e-01 1.970583349466323853e-01 7.633865475654602051e-01 -1.311531364917755127e-01
0.000000000000000000e+00 0.000000000000000000e+00 0.000000000000000000e+00 1.000000000000000000e+00
-9.686586260795593262e-02 9.808349609375000000e-01 -1.690565645694732666e-01 8.209194988012313843e-02
-7.867169976234436035e-01 -1.794979721307754517e-01 -5.906413793563842773e-01 1.510502845048904419e-01
-6.096668839454650879e-01 7.578661292791366577e-02 7.890265583992004395e-01 -1.384555399417877197e-01
0.000000000000000000e+00 0.000000000000000000e+00 0.000000000000000000e+00 1.000000000000000000e+00
-2.121033072471618652e-01 9.579328894615173340e-01 -1.933290660381317139e-01 8.674922585487365723e-02
-7.495952248573303223e-01 -2.864037156105041504e-01 -5.967239737510681152e-01 1.549056917428970337e-01
-6.269921064376831055e-01 1.835132203996181488e-02 7.788096666336059570e-01 -1.338239610195159912e-01
0.000000000000000000e+00 0.000000000000000000e+00 0.000000000000000000e+00 1.000000000000000000e+00
-2.639392316341400146e-01 9.520539641380310059e-01 -1.546894013881683350e-01 8.461979031562805176e-02
-7.078225016593933105e-01 -3.001297712326049805e-01 -6.394602060317993164e-01 1.689718067646026611e-01
-6.552277207374572754e-01 -5.928605422377586365e-02 7.531014084815979004e-01 -1.248612627387046814e-01
0.000000000000000000e+00 0.000000000000000000e+00 0.000000000000000000e+00 1.000000000000000000e+00
-3.796238303184509277e-01 9.195880293846130371e-01 -1.012088581919670105e-01 8.447016775608062744e-02
-6.903149485588073730e-01 -3.543971180915832520e-01 -6.307675242424011230e-01 1.638482064008712769e-01
-6.159146428108215332e-01 -1.695885509252548218e-01 7.693431973457336426e-01 -1.225738748908042908e-01
0.000000000000000000e+00 0.000000000000000000e+00 0.000000000000000000e+00 1.000000000000000000e+00
2.143311351537704468e-01 9.271911978721618652e-01 -3.072116971015930176e-01 8.332797139883041382e-02
-7.357553243637084961e-01 -5.361365154385566711e-02 -6.751219034194946289e-01 1.828935444355010986e-01
-6.424379348754882812e-01 3.707324862480163574e-01 6.706949472427368164e-01 -1.025602668523788452e-01
0.000000000000000000e+00 0.000000000000000000e+00 0.000000000000000000e+00 1.000000000000000000e+00
5.304919481277465820e-01 7.878938913345336914e-01 -3.127322793006896973e-01 6.796091049909591675e-02
-7.664045691490173340e-01 2.881493568420410156e-01 -5.741029381752014160e-01 1.737611591815948486e-01
-3.622185289859771729e-01 5.442362427711486816e-01 7.567063570022583008e-01 -1.596045196056365967e-01
0.000000000000000000e+00 0.000000000000000000e+00 0.000000000000000000e+00 1.000000000000000000e+00
5.889812707901000977e-01 7.422180175781250000e-01 -3.197090625762939453e-01 6.736309826374053955e-02
-7.714045643806457520e-01 3.984082937240600586e-01 -4.961915314197540283e-01 1.565613895654678345e-01
-2.409073412418365479e-01 5.388721823692321777e-01 8.072052597999572754e-01 -1.878467202186584473e-01
0.000000000000000000e+00 0.000000000000000000e+00 0.000000000000000000e+00 1.000000000000000000e+00
6.012468934059143066e-01 7.460771799087524414e-01 -2.861303389072418213e-01 5.793122202157974243e-02
-7.698451280593872070e-01 4.449051022529602051e-01 -4.575998485088348389e-01 1.477223038673400879e-01
-2.141040563583374023e-01 4.954064786434173584e-01 8.418617248535156250e-01 -2.033204883337020874e-01
0.000000000000000000e+00 0.000000000000000000e+00 0.000000000000000000e+00 1.000000000000000000e+00
6.261376738548278809e-01 7.476849555969238281e-01 -2.211755067110061646e-01 3.883484005928039551e-02
-7.587410211563110352e-01 5.189226269721984863e-01 -3.937395811080932617e-01 1.298744678497314453e-01
-1.796202659606933594e-01 4.143503606319427490e-01 8.922169804573059082e-01 -2.233141660690307617e-01
0.000000000000000000e+00 0.000000000000000000e+00 0.000000000000000000e+00 1.000000000000000000e+00
6.363714933395385742e-01 7.570909261703491211e-01 -1.477992683649063110e-01 1.739264465868473053e-02
-7.468320727348327637e-01 5.567476153373718262e-01 -3.636947870254516602e-01 1.230544298887252808e-01
-1.930632442235946655e-01 3.418260514736175537e-01 9.197181463241577148e-01 -2.352101057767868042e-01
0.000000000000000000e+00 0.000000000000000000e+00 0.000000000000000000e+00 1.000000000000000000e+00
6.482371091842651367e-01 7.579949498176574707e-01 -7.233096659183502197e-02 -5.576958414167165756e-03
-7.325173616409301758e-01 5.948640704154968262e-01 -3.309909105300903320e-01 1.138428375124931335e-01
-2.078624516725540161e-01 2.675441503524780273e-01 9.408577084541320801e-01 -2.449582666158676147e-01
0.000000000000000000e+00 0.000000000000000000e+00 0.000000000000000000e+00 1.000000000000000000e+00
6.659067869186401367e-01 7.457343935966491699e-01 -2.116331085562705994e-02 -2.326453849673271179e-02
-7.211565375328063965e-01 6.361770629882812500e-01 -2.742464542388916016e-01 9.738664329051971436e-02
-1.910516023635864258e-01 1.978846937417984009e-01 9.614265561103820801e-01 -2.548544108867645264e-01
0.000000000000000000e+00 0.000000000000000000e+00 0.000000000000000000e+00 1.000000000000000000e+00
7.109591364860534668e-01 7.013214826583862305e-01 5.181444063782691956e-02 -5.056539922952651978e-02
-6.797221899032592773e-01 7.042146921157836914e-01 -2.050841003656387329e-01 7.636238634586334229e-02
-1.803185194730758667e-01 1.105869710445404053e-01 9.773719310760498047e-01 -2.638195157051086426e-01
0.000000000000000000e+00 0.000000000000000000e+00 0.000000000000000000e+00 1.000000000000000000e+00
7.462664842605590820e-01 6.585049629211425781e-01 9.724753350019454956e-02 -6.811177730560302734e-02
-6.438670754432678223e-01 7.511698603630065918e-01 -1.455310732126235962e-01 5.706265196204185486e-02
-1.688823401927947998e-01 4.599042236804962158e-02 9.845625758171081543e-01 -2.689060866832733154e-01
0.000000000000000000e+00 0.000000000000000000e+00 0.000000000000000000e+00 1.000000000000000000e+00
7.720035314559936523e-01 6.153311133384704590e-01 1.593051254749298096e-01 -9.171850234270095825e-02
-6.140343546867370605e-01 7.867434620857238770e-01 -6.321722269058227539e-02 3.000316023826599121e-02
-1.642318069934844971e-01 -4.901502653956413269e-02 9.852030873298645020e-01 -2.716047763824462891e-01
0.000000000000000000e+00 0.000000000000000000e+00 0.000000000000000000e+00 1.000000000000000000e+00
7.945436239242553711e-01 5.724654197692871094e-01 2.024439573287963867e-01 -1.092667877674102783e-01
-5.874838232994079590e-01 8.090366721153259277e-01 1.796016469597816467e-02 3.142752917483448982e-03
-1.535029113292694092e-01 -1.332026571035385132e-01 9.791290163993835449e-01 -2.734105587005615234e-01
0.000000000000000000e+00 0.000000000000000000e+00 0.000000000000000000e+00 1.000000000000000000e+00
8.264456987380981445e-01 5.127008557319641113e-01 2.326478958129882812e-01 -1.230717971920967102e-01
-5.456414818763732910e-01 8.312260508537292480e-01 1.064812988042831421e-01 -2.746903710067272186e-02
-1.387898772954940796e-01 -2.149433791637420654e-01 9.667145609855651855e-01 -2.722668051719665527e-01
0.000000000000000000e+00 0.000000000000000000e+00 0.000000000000000000e+00 1.000000000000000000e+00
8.437625169754028320e-01 4.908634424209594727e-01 2.170670330524444580e-01 -1.226614639163017273e-01
-5.312278866767883301e-01 8.214783072471618652e-01 2.072932124137878418e-01 -6.201992928981781006e-02
-7.656312733888626099e-02 -2.902184128761291504e-01 9.538928270339965820e-01 -2.723965644836425781e-01
0.000000000000000000e+00 0.000000000000000000e+00 0.000000000000000000e+00 1.000000000000000000e+00
8.572254776954650879e-01 4.839514493942260742e-01 1.759404689073562622e-01 -1.135111972689628601e-01
-5.149093866348266602e-01 8.093695640563964844e-01 2.824694514274597168e-01 -8.995304256677627563e-02
-5.699190311133861542e-03 -3.327334821224212646e-01 9.430036544799804688e-01 -2.736062705516815186e-01
0.000000000000000000e+00 0.000000000000000000e+00 0.000000000000000000e+00 1.000000000000000000e+00
8.637549281120300293e-01 4.863033294677734375e-01 1.320468634366989136e-01 -1.031233966350555420e-01
-4.982190728187561035e-01 7.848763465881347656e-01 3.684378862380981445e-01 -1.200779229402542114e-01
7.553215324878692627e-02 -3.840284049510955811e-01 9.202266335487365723e-01 -2.714353203773498535e-01
0.000000000000000000e+00 0.000000000000000000e+00 0.000000000000000000e+00 1.000000000000000000e+00
8.817022442817687988e-01 4.646805226802825928e-01 8.168788254261016846e-02 -9.078807383775711060e-02
-4.486309885978698730e-01 7.721347808837890625e-01 4.500416517257690430e-01 -1.515738219022750854e-01
1.460517495870590210e-01 -4.334505200386047363e-01 8.892632126808166504e-01 -2.678156793117523193e-01
0.000000000000000000e+00 0.000000000000000000e+00 0.000000000000000000e+00 1.000000000000000000e+00
8.976306319236755371e-01 4.396208226680755615e-01 3.150310367345809937e-02 -7.783390581607818604e-02
-3.838336169719696045e-01 7.445872426033020020e-01 5.461326837539672852e-01 -1.886482834815979004e-01
2.166347801685333252e-01 -5.023177862167358398e-01 8.371058702468872070e-01 -2.623962759971618652e-01
0.000000000000000000e+00 0.000000000000000000e+00 0.000000000000000000e+00 1.000000000000000000e+00
9.338956475257873535e-01 3.572835326194763184e-01 1.366408262401819229e-02 -7.334855943918228149e-02
-2.890000641345977783e-01 7.318068146705627441e-01 6.172009706497192383e-01 -2.161348611116409302e-01
2.105164676904678345e-01 -5.803505182266235352e-01 7.866864800453186035e-01 -2.554009556770324707e-01
0.000000000000000000e+00 0.000000000000000000e+00 0.000000000000000000e+00 1.000000000000000000e+00
9.535731077194213867e-01 2.963407039642333984e-01 -5.366513133049011230e-02 -5.229049921035766602e-02
-1.842355132102966309e-01 7.149744629859924316e-01 6.744397282600402832e-01 -2.395598292350769043e-01
2.382331937551498413e-01 -6.332405209541320801e-01 7.363770008087158203e-01 -2.493867129087448120e-01
0.000000000000000000e+00 0.000000000000000000e+00 0.000000000000000000e+00 1.000000000000000000e+00
9.337770342826843262e-01 3.262904584407806396e-01 -1.469521671533584595e-01 -1.931594312191009521e-02
-1.236255392432212830e-01 6.794953346252441406e-01 7.231891155242919922e-01 -2.568705081939697266e-01
3.358231484889984131e-01 -6.571304202079772949e-01 6.748350858688354492e-01 -2.412805259227752686e-01
0.000000000000000000e+00 0.000000000000000000e+00 0.000000000000000000e+00 1.000000000000000000e+00
8.925489783287048340e-01 3.851012289524078369e-01 -2.346346974372863770e-01 1.535568665713071823e-02
-8.131942898035049438e-02 6.492312550544738770e-01 7.562311887741088867e-01 -2.698251605033874512e-01
4.435579180717468262e-01 -6.558930277824401855e-01 6.107868552207946777e-01 -2.271053791046142578e-01
0.000000000000000000e+00 0.000000000000000000e+00 0.000000000000000000e+00 1.000000000000000000e+00
9.621502757072448730e-01 2.108031213283538818e-01 -1.727094799280166626e-01 -1.459739450365304947e-02
-2.706530131399631500e-02 7.045356035232543945e-01 7.091522216796875000e-01 -2.505218386650085449e-01
2.711715698242187500e-01 -6.776368021965026855e-01 6.835747361183166504e-01 -2.319947183132171631e-01
0.000000000000000000e+00 0.000000000000000000e+00 0.000000000000000000e+00 1.000000000000000000e+00
9.467549324035644531e-01 2.237619757652282715e-01 -2.314862161874771118e-01 2.668897388502955437e-03
-6.167819257825613022e-03 7.314746379852294922e-01 6.818405985832214355e-01 -2.374689429998397827e-01
3.218962252140045166e-01 -6.441081166267395020e-01 6.939072608947753906e-01 -2.387882918119430542e-01
0.000000000000000000e+00 0.000000000000000000e+00 0.000000000000000000e+00 1.000000000000000000e+00
9.266493320465087891e-01 2.942116856575012207e-01 -2.340104877948760986e-01 1.779991900548338890e-03
-4.512348026037216187e-02 7.050385475158691406e-01 7.077319622039794922e-01 -2.445775419473648071e-01
3.732092678546905518e-01 -6.452594995498657227e-01 6.665989160537719727e-01 -2.312768399715423584e-01
0.000000000000000000e+00 0.000000000000000000e+00 0.000000000000000000e+00 1.000000000000000000e+00
8.632135987281799316e-01 3.716069161891937256e-01 -3.417168557643890381e-01 4.306805133819580078e-02
2.847389504313468933e-02 6.399679780006408691e-01 7.678735852241516113e-01 -2.724208831787109375e-01
5.040349960327148438e-01 -6.725692152976989746e-01 5.418481230735778809e-01 -1.940196156501770020e-01
0.000000000000000000e+00 0.000000000000000000e+00 0.000000000000000000e+00 1.000000000000000000e+00
7.544584274291992188e-01 4.851928949356079102e-01 -4.420183002948760986e-01 8.861446380615234375e-02
8.209729939699172974e-02 5.984019041061401367e-01 7.969785332679748535e-01 -2.864673733711242676e-01
6.511930227279663086e-01 -6.375759243965148926e-01 4.116363823413848877e-01 -1.567799150943756104e-01
0.000000000000000000e+00 0.000000000000000000e+00 0.000000000000000000e+00 1.000000000000000000e+00
6.249646544456481934e-01 5.833452939987182617e-01 -5.187748670578002930e-01 1.276369839906692505e-01
1.359599232673645020e-01 5.730488896369934082e-01 8.081645369529724121e-01 -2.931092083454132080e-01
7.687221169471740723e-01 -5.756067037582397461e-01 2.788237333297729492e-01 -1.137883439660072327e-01
0.000000000000000000e+00 0.000000000000000000e+00 0.000000000000000000e+00 1.000000000000000000e+00
4.530435204505920410e-01 6.548938155174255371e-01 -6.048683524131774902e-01 1.720316261053085327e-01
2.597694694995880127e-01 5.520725846290588379e-01 7.922979593276977539e-01 -2.934222817420959473e-01
8.528018593788146973e-01 -5.160714983940124512e-01 7.999163120985031128e-02 -4.473251849412918091e-02
0.000000000000000000e+00 0.000000000000000000e+00 0.000000000000000000e+00 1.000000000000000000e+00
3.727450668811798096e-01 6.757071018218994141e-01 -6.359885334968566895e-01 1.893107444047927856e-01
3.326628506183624268e-01 5.425179004669189453e-01 7.713688015937805176e-01 -2.889788150787353516e-01
8.662543892860412598e-01 -4.990937113761901855e-01 -2.256182394921779633e-02 -6.506223231554031372e-03
0.000000000000000000e+00 0.000000000000000000e+00 0.000000000000000000e+00 1.000000000000000000e+00
3.119083046913146973e-01 6.915261745452880859e-01 -6.515399813652038574e-01 2.003911435604095459e-01
3.824295699596405029e-01 5.363699197769165039e-01 7.523661255836486816e-01 -2.838156819343566895e-01
8.697476387023925781e-01 -4.838375449180603027e-01 -9.716193377971649170e-02 2.381007559597492218e-02
0.000000000000000000e+00 0.000000000000000000e+00 0.000000000000000000e+00 1.000000000000000000e+00
5.006223917007446289e-01 4.888227581977844238e-01 -7.144433856010437012e-01 2.263529151678085327e-01
4.538938999176025391e-01 5.545423626899719238e-01 6.974690556526184082e-01 -2.661760747432708740e-01
7.371280193328857422e-01 -6.734501123428344727e-01 5.574262514710426331e-02 -3.553136019036173820e-03
