0.4591081738471985 0.8587868213653564 -0.2273864597082138 0.06358515471220016 
-0.887330174446106 0.4308485984802246 -0.1643606573343277 0.08693429082632065 
-0.04318169504404068 0.2772262096405029 0.9598338007926941 -0.2750925719738007 
0 0 0 1 

0.5356146693229675 0.8176254630088806 -0.2111998945474625 0.05308381840586662 
-0.840130627155304 0.490632951259613 -0.2312136590480804 0.1052345708012581 
-0.08542455732822418 0.3012769520282745 0.9497025012969971 -0.2683497965335846 
0 0 0 1 

0.5953686833381653 0.776268482208252 -0.2072273343801498 0.04766242206096649 
-0.7941409349441528 0.5294049978256226 -0.298446387052536 0.1215408891439438 
-0.1219673976302147 0.3422533571720123 0.9316579699516296 -0.2593982219696045 
0 0 0 1 

0.6742361187934875 0.7159482836723328 -0.1811726689338684 0.03392742946743965 
-0.720654308795929 0.5841975212097168 -0.3733233213424683 0.1370944976806641 
-0.1614396572113037 0.3822709321975708 0.9098384976387024 -0.248937651515007 
0 0 0 1 

0.7387769818305969 0.653459906578064 -0.1649199575185776 0.02530409209430218 
-0.6472152471542358 0.6196616291999817 -0.4439951479434967 0.1509795933961868 
-0.1879385560750961 0.4347520768642426 0.8807210922241211 -0.2353062629699707 
0 0 0 1 

0.7661879658699036 0.6257728338241577 -0.1461648792028427 0.01784336194396019 
-0.5939104557037354 0.6026933789253235 -0.5329453349113464 0.1712104976177216 
-0.2454102784395218 0.4951451420783997 0.8334296345710754 -0.2141585350036621 
0 0 0 1 

0.7942704558372498 0.5897281169891357 -0.1461334973573685 0.01474332809448242 
-0.5334446430206299 0.5617743730545044 -0.6323336958885193 0.1966604143381119 
-0.2908111214637756 0.5801981091499329 0.7607882618904114 -0.1871721148490906 
0 0 0 1 

0.8207693696022034 0.5530553460121155 -0.1430640667676926 0.01189662329852581 
-0.4746366441249847 0.5208497643470764 -0.7095317840576172 0.2166034132242203 
-0.3178955614566803 0.6502654552459717 0.6899979114532471 -0.1623843461275101 
0 0 0 1 

0.8485120534896851 0.5100722312927246 -0.140902653336525 0.008186874911189079 
-0.4125537872314453 0.4708792567253113 -0.7797896862030029 0.2349388748407364 
-0.331400990486145 0.7197908163070679 0.6099790334701538 -0.1397771090269089 
0 0 0 1 

0.8521833419799805 0.5071175098419189 -0.1289005130529404 0.004600835032761097 
-0.3983720541000366 0.4690977036952972 -0.7881922721862793 0.2371673285961151 
-0.3392392098903656 0.7230347394943237 0.6017786860466003 -0.1378160566091537 
0 0 0 1 

