1.000000000000000000e+00 0.000000000000000000e+00 0.000000000000000000e+00 -4.097584310382009209e-01
0.000000000000000000e+00 -1.000000000000000000e+00 0.000000000000000000e+00 -1.932597221741734483e-02
0.000000000000000000e+00 0.000000000000000000e+00 -1.000000000000000000e+00 -2.664692399556274349e+00
0.000000000000000000e+00 0.000000000000000000e+00 0.000000000000000000e+00 1.000000000000000000e+00
9.967086315155029297e-01 -8.012037724256515503e-02 -1.235395483672618866e-02 -4.319264378497973955e-01
-7.986503839492797852e-02 -9.966062307357788086e-01 1.993585005402565002e-02 6.752982477072645706e-02
-1.390929054468870163e-02 -1.888358779251575470e-02 -9.997248649597167969e-01 -2.719157766715928126e+00
0.000000000000000000e+00 0.000000000000000000e+00 0.000000000000000000e+00 1.000000000000000000e+00
9.861901402473449707e-01 -1.628751605749130249e-01 -3.001233935356140137e-02 -4.651178791771189425e-01
-1.612446457147598267e-01 -9.856219291687011719e-01 5.049384012818336487e-02 2.001127020404962487e-01
-3.780505806207656860e-02 -4.495713859796524048e-02 -9.982733130455017090e-01 -2.712431446604652407e+00
0.000000000000000000e+00 0.000000000000000000e+00 0.000000000000000000e+00 1.000000000000000000e+00
9.660831093788146973e-01 -2.559800446033477783e-01 -3.402228280901908875e-02 -4.558656362930911254e-01
-2.527619004249572754e-01 -9.643509984016418457e-01 7.834924012422561646e-02 3.269883497453661692e-01
-5.286527425050735474e-02 -6.709234416484832764e-02 -9.963452219963073730e-01 -2.705840613167754594e+00
0.000000000000000000e+00 0.000000000000000000e+00 0.000000000000000000e+00 1.000000000000000000e+00
9.378229975700378418e-01 -3.437252342700958252e-01 -4.838209971785545349e-02 -4.689194738351035729e-01
-3.361085355281829834e-01 -9.340443015098571777e-01 1.207969486713409424e-01 4.891784887507338309e-01
-8.671206235885620117e-02 -9.702449291944503784e-02 -9.914975166320800781e-01 -2.681742749067093534e+00
0.000000000000000000e+00 0.000000000000000000e+00 0.000000000000000000e+00 1.000000000000000000e+00
8.937880992889404297e-01 -4.477027654647827148e-01 -2.655158378183841705e-02 -3.771140413034542171e-01
-4.402170479297637939e-01 -8.870817422866821289e-01 1.389056891202926636e-01 5.788429006988834447e-01
-8.574192970991134644e-02 -1.124637722969055176e-01 -9.899495840072631836e-01 -2.688413881123632887e+00
0.000000000000000000e+00 0.000000000000000000e+00 0.000000000000000000e+00 1.000000000000000000e+00
8.469800949096679688e-01 -5.314384102821350098e-01 -1.406548731029033661e-02 -3.155768078248062380e-01
-5.223261117935180664e-01 -8.368013501167297363e-01 1.641295999288558960e-01 6.864091103648327641e-01
-9.899486601352691650e-02 -1.316677182912826538e-01 -9.863386154174804688e-01 -2.677702707520113634e+00
0.000000000000000000e+00 0.000000000000000000e+00 0.000000000000000000e+00 1.000000000000000000e+00
7.939388751983642578e-01 -6.079828739166259766e-01 4.229085054248571396e-03 -2.339892194261340430e-01
-5.998349189758300781e-01 -7.821248769760131836e-01 1.687562912702560425e-01 7.318917937953118846e-01
-9.929327666759490967e-02 -1.365189105272293091e-01 -9.856487512588500977e-01 -2.683675986624510568e+00
0.000000000000000000e+00 0.000000000000000000e+00 0.000000000000000000e+00 1.000000000000000000e+00
7.239270806312561035e-01 -6.891273856163024902e-01 3.213546052575111389e-02 -1.052667638314444126e-01
-6.840379834175109863e-01 -7.109742760658264160e-01 1.631172597408294678e-01 7.436377434251394414e-01
-8.956114202737808228e-02 -1.400668621063232422e-01 -9.860832095146179199e-01 -2.692316780354592876e+00
0.000000000000000000e+00 0.000000000000000000e+00 0.000000000000000000e+00 1.000000000000000000e+00
6.476284265518188477e-01 -7.610107064247131348e-01 3.794453293085098267e-02 -4.119479904912046186e-02
-7.577009797096252441e-01 -6.379571557044982910e-01 1.374758183956146240e-01 6.943872335276675134e-01
-8.041363954544067383e-02 -1.177838444709777832e-01 -9.897780418395996094e-01 -2.720496904864107446e+00
0.000000000000000000e+00 0.000000000000000000e+00 0.000000000000000000e+00 1.000000000000000000e+00
5.518997311592102051e-01 -8.325555920600891113e-01 4.751350358128547668e-02 4.046168171928660184e-02
-8.323001265525817871e-01 -5.464001893997192383e-01 9.339736402034759521e-02 5.824892444603876340e-01
-5.179714784026145935e-02 -9.109146893024444580e-02 -9.944945573806762695e-01 -2.766032568827133886e+00
0.000000000000000000e+00 0.000000000000000000e+00 0.000000000000000000e+00 1.000000000000000000e+00
4.608148038387298584e-01 -8.821939826011657715e-01 9.686812013387680054e-02 2.410722979015014200e-01
-8.874871134757995605e-01 -4.575606882572174072e-01 5.481586605310440063e-02 4.754998189515024509e-01
-4.035194870084524155e-03 -1.112291738390922546e-01 -9.937865734100341797e-01 -2.800001920278499590e+00
0.000000000000000000e+00 0.000000000000000000e+00 0.000000000000000000e+00 1.000000000000000000e+00
3.512888848781585693e-01 -9.298726916313171387e-01 1.092380508780479431e-01 3.185412190214611527e-01
-9.360013604164123535e-01 -3.515705764293670654e-01 1.731086708605289459e-02 3.478837545072748783e-01
2.230798639357089996e-02 -1.083280816674232483e-01 -9.938648939132690430e-01 -2.813492088378271472e+00
0.000000000000000000e+00 0.000000000000000000e+00 0.000000000000000000e+00 1.000000000000000000e+00
2.740409076213836670e-01 -9.527810215950012207e-01 1.308043152093887329e-01 4.036795551230737966e-01
-9.583046436309814453e-01 -2.819797098636627197e-01 -4.625375196337699890e-02 1.253410281107109614e-01
8.095385879278182983e-02 -1.126749888062477112e-01 -9.903286099433898926e-01 -2.809369540689460543e+00
0.000000000000000000e+00 0.000000000000000000e+00 0.000000000000000000e+00 1.000000000000000000e+00
1.908107101917266846e-01 -9.678013324737548828e-01 1.641703099012374878e-01 5.158173362881834922e-01
-9.722956418991088867e-01 -2.093400955200195312e-01 -1.040091663599014282e-01 -7.014643567887018927e-02
1.350276172161102295e-01 -1.397760212421417236e-01 -9.809333086013793945e-01 -2.790733638366063918e+00
0.000000000000000000e+00 0.000000000000000000e+00 0.000000000000000000e+00 1.000000000000000000e+00
1.139695346355438232e-01 -9.804291725158691406e-01 1.605293005704879761e-01 5.231034012446234005e-01
-9.710648059844970703e-01 -1.440668702125549316e-01 -1.904674470424652100e-01 -3.424299574773043142e-01
2.098667770624160767e-01 -1.341768652200698853e-01 -9.684794545173645020e-01 -2.767828940008804306e+00
0.000000000000000000e+00 0.000000000000000000e+00 0.000000000000000000e+00 1.000000000000000000e+00
1.866198778152465820e-01 -9.713037014007568359e-01 1.474522948265075684e-01 4.761910022711287049e-01
-9.543625116348266602e-01 -2.148553729057312012e-01 -2.074351310729980469e-01 -3.887693664724980458e-01
2.331634014844894409e-01 -1.020114347338676453e-01 -9.670721888542175293e-01 -2.745247919592574082e+00
0.000000000000000000e+00 0.000000000000000000e+00 0.000000000000000000e+00 1.000000000000000000e+00
2.718591988086700439e-01 -9.501402974128723145e-01 1.527278423309326172e-01 4.674682197872285228e-01
-9.379568696022033691e-01 -2.971106767654418945e-01 -1.787796914577484131e-01 -2.843791086327603912e-01
2.152428627014160156e-01 -9.464924037456512451e-02 -9.719629287719726562e-01 -2.735970531651107152e+00
0.000000000000000000e+00 0.000000000000000000e+00 0.000000000000000000e+00 1.000000000000000000e+00
3.234919905662536621e-01 -9.339505434036254883e-01 1.519506126642227173e-01 4.510261806097415893e-01
-9.345771074295043945e-01 -3.404867053031921387e-01 -1.031227558851242065e-01 -4.189733256828533786e-02
1.480487287044525146e-01 -1.086502149701118469e-01 -9.829937815666198730e-01 -2.734174712349983771e+00
0.000000000000000000e+00 0.000000000000000000e+00 0.000000000000000000e+00 1.000000000000000000e+00
3.639609515666961670e-01 -9.120759963989257812e-01 1.888111233711242676e-01 5.411857328864796424e-01
-9.280470013618469238e-01 -3.723371922969818115e-01 -9.676076471805572510e-03 2.601040491209084538e-01
7.912672311067581177e-02 -1.717039197683334351e-01 -9.819657206535339355e-01 -2.693783678849487107e+00
0.000000000000000000e+00 0.000000000000000000e+00 0.000000000000000000e+00 1.000000000000000000e+00
4.019553661346435547e-01 -8.932933807373046875e-01 2.011434286832809448e-01 5.579998085379584971e-01
-9.154345989227294922e-01 -3.969056904315948486e-01 6.667196005582809448e-02 4.996834659847443350e-01
2.027732692658901215e-02 -2.109328210353851318e-01 -9.772902131080627441e-01 -2.647681785444865543e+00
0.000000000000000000e+00 0.000000000000000000e+00 0.000000000000000000e+00 1.000000000000000000e+00
4.571133852005004883e-01 -8.584071397781372070e-01 2.327752262353897095e-01 6.149387043108989204e-01
-8.885182142257690430e-01 -4.290325045585632324e-01 1.626847833395004272e-01 7.688384718146394903e-01
-3.978167474269866943e-02 -2.811904251575469971e-01 -9.588270783424377441e-01 -2.547580036122291780e+00
0.000000000000000000e+00 0.000000000000000000e+00 0.000000000000000000e+00 1.000000000000000000e+00
5.325911045074462891e-01 -8.191444277763366699e-01 2.129530310630798340e-01 5.084116167305681167e-01
-8.420272469520568848e-01 -4.873480200767517090e-01 2.312613129615783691e-01 9.432977087162016661e-01
-8.565419912338256836e-02 -3.024799823760986328e-01 -9.492993354797363281e-01 -2.484740157596658783e+00
0.000000000000000000e+00 0.000000000000000000e+00 0.000000000000000000e+00 1.000000000000000000e+00
5.963624715805053711e-01 -7.746145725250244141e-01 2.105324119329452515e-01 4.584176202581938808e-01
-7.939809560775756836e-01 -5.306386947631835938e-01 2.966760993003845215e-01 1.090819587115845479e+00
-1.180930361151695251e-01 -3.440852165222167969e-01 -9.314823746681213379e-01 -2.404922225911911404e+00
0.000000000000000000e+00 0.000000000000000000e+00 0.000000000000000000e+00 1.000000000000000000e+00
6.759191155433654785e-01 -7.190314531326293945e-01 1.616386026144027710e-01 2.696675745527706836e-01
-7.188845872879028320e-01 -5.949746966361999512e-01 3.594579100608825684e-01 1.193162661311402362e+00
-1.622907370328903198e-01 -3.591639399528503418e-01 -9.190554618835449219e-01 -2.330314046594282651e+00
0.000000000000000000e+00 0.000000000000000000e+00 0.000000000000000000e+00 1.000000000000000000e+00
