-0.2198676466941833 0.8126958012580872 0.5396143794059753 -0.1512834429740906 
-0.8613439202308655 0.09795725345611572 -0.4984880387783051 0.2051324546337128 
-0.4579782783985138 -0.5743950605392456 0.6784735321998596 -0.2092345207929611 
0 0 0 1 

-0.2233684509992599 0.7105469107627869 0.6672552227973938 -0.2002886980772018 
-0.8928344249725342 0.125515803694725 -0.4325419366359711 0.1833814084529877 
-0.3910923898220062 -0.6923646330833435 0.6063644886016846 -0.1859129816293716 
0 0 0 1 

-0.1994707584381104 0.6788204908370972 0.7066922783851624 -0.2157483100891113 
-0.9288422465324402 0.09878382831811905 -0.3570625782012939 0.1588031649589539 
-0.3121911287307739 -0.7276292443275452 0.6108127236366272 -0.1886538416147232 
0 0 0 1 

-0.1449912637472153 0.6551157236099243 0.7414857149124146 -0.2298537343740463 
-0.9591012001037598 0.09107606112957001 -0.2680114507675171 0.1281825304031372 
-0.2431101351976395 -0.7500190734863281 0.6151169538497925 -0.1883062720298767 
0 0 0 1 

-0.1811944842338562 0.5480995178222656 0.8165507316589355 -0.2557208836078644 
-0.9621424674987793 0.07309092581272125 -0.2625630795955658 0.130035400390625 
-0.2035930156707764 -0.8332132697105408 0.5141063928604126 -0.149478480219841 
0 0 0 1 

-0.2324039041996002 0.500069260597229 0.8342177867889404 -0.2601459622383118 
-0.9681555032730103 -0.03686032071709633 -0.2476215958595276 0.1265864670276642 
-0.09307847172021866 -0.8652006387710571 0.4927111864089966 -0.1412709355354309 
0 0 0 1 

-0.3855516910552979 0.3769905269145966 0.8421565890312195 -0.2329916208982468 
-0.916808545589447 -0.2593816220760345 -0.3036166727542877 0.1395181268453598 
0.1039794310927391 -0.8891563415527344 0.4456333816051483 -0.1422961205244064 
0 0 0 1 

-0.2086924761533737 0.2236155569553375 0.9520730376243591 -0.2815059423446655 
-0.9277303218841553 -0.3533071577548981 -0.1203746572136879 0.09420237690210342 
0.3094567358493805 -0.9083884954452515 0.2811877727508545 -0.1087464690208435 
0 0 0 1 

-0.2008197456598282 0.4904340207576752 0.8480244874954224 -0.2511400580406189 
-0.9558457136154175 -0.2876823842525482 -0.05997888371348381 0.07801619172096252 
0.2145461738109589 -0.8226256966590881 0.5265517830848694 -0.1769643276929855 
0 0 0 1 

-0.1800485700368881 0.5135496854782104 0.8389572501182556 -0.2519825100898743 
-0.9704991579055786 -0.2317816317081451 -0.06639871001243591 0.08172933757305145 
0.1603559851646423 -0.8261622786521912 0.5401315093040466 -0.1766101866960526 
0 0 0 1 

