-0.2198678255081177 0.8126958012580872 0.5396143794059753 -0.1512834429740906 
-0.8613442778587341 0.09795738011598587 -0.4984882175922394 0.205132469534874 
-0.4579784870147705 -0.5743952393531799 0.678473174571991 -0.2092345207929611 
0 0 0 1 

-0.223368376493454 0.7105469107627869 0.6672551035881042 -0.2002886980772018 
-0.8928343653678894 0.1255157738924026 -0.4325418472290039 0.1833814084529877 
-0.3910923600196838 -0.692364513874054 0.6063646078109741 -0.1859129667282104 
0 0 0 1 

-0.1994709074497223 0.6788204908370972 0.7066923379898071 -0.2157483100891113 
-0.928842306137085 0.09878376126289368 -0.3570626974105835 0.1588031798601151 
-0.3121911883354187 -0.7276293635368347 0.6108127236366272 -0.1886538416147232 
0 0 0 1 

-0.1449911147356033 0.6551156640052795 0.7414856553077698 -0.2298537045717239 
-0.959101140499115 0.09107618033885956 -0.2680113911628723 0.1281825006008148 
-0.2431101500988007 -0.7500190138816833 0.6151170134544373 -0.1883062869310379 
0 0 0 1 

-0.1811942011117935 0.5480996370315552 0.8165507316589355 -0.255720853805542 
-0.9621424674987793 0.07309109717607498 -0.2625629007816315 0.1300354152917862 
-0.2035931199789047 -0.833213210105896 0.5141065120697021 -0.149478480219841 
0 0 0 1 

-0.2324039041996002 0.5000690817832947 0.8342176675796509 -0.2601459324359894 
-0.9681553244590759 -0.03686024248600006 -0.2476217299699783 0.126586452126503 
-0.09307840466499329 -0.8652005791664124 0.4927111864089966 -0.1412709504365921 
0 0 0 1 

-0.3855514526367188 0.3769906461238861 0.8421565294265747 -0.2329915910959244 
-0.916808545589447 -0.2593814432621002 -0.3036166131496429 0.1395181566476822 
0.1039793416857719 -0.8891562819480896 0.4456334710121155 -0.1422961354255676 
0 0 0 1 

-0.2086924165487289 0.2236158102750778 0.9520731568336487 -0.2815059125423431 
-0.9277305006980896 -0.3533070385456085 -0.1203744411468506 0.09420239925384521 
0.3094566166400909 -0.908388614654541 0.2811878621578217 -0.1087464913725853 
0 0 0 1 

-0.2008195221424103 0.4904342889785767 0.8480244278907776 -0.2511400282382965 
-0.955845832824707 -0.2876821756362915 -0.05997861921787262 0.07801616936922073 
0.2145460247993469 -0.8226255774497986 0.5265519618988037 -0.1769643425941467 
0 0 0 1 

-0.177828848361969 0.4898149371147156 0.8534975051879883 -0.2567059695720673 
-0.9728372693061829 -0.2181264907121658 -0.07751279324293137 0.08426205813884735 
0.1482036262750626 -0.8440982699394226 0.5152996778488159 -0.1676870882511139 
0 0 0 1 

