0.6665061712265015 0.4543114602565765 -0.5910757184028625 0.1528539210557938 
-0.2382241785526276 0.8810810446739197 0.4085894525051117 -0.0908544659614563 
0.7064124941825867 -0.1315188109874725 0.6954739689826965 -0.2405468672513962 
0 0 0 1 

0.6666520833969116 0.4841704964637756 -0.5667043924331665 0.1451449543237686 
-0.1578890532255173 0.8347762227058411 0.5274653434753418 -0.134584054350853 
0.7284545302391052 -0.2621594667434692 0.6329505443572998 -0.2225090861320496 
0 0 0 1 

0.6396043300628662 0.5216917395591736 -0.5645740032196045 0.1456962078809738 
-0.09022931009531021 0.7803232073783875 0.6188330054283142 -0.1693400144577026 
0.7633903622627258 -0.3448671102523804 0.5461699962615967 -0.1973558515310287 
0 0 0 1 

0.6574866771697998 0.5356351137161255 -0.5299115777015686 0.1338509917259216 
-0.03224339336156845 0.7226560115814209 0.6904553771018982 -0.1976233124732971 
0.7527759075164795 -0.4368790090084076 0.4924074113368988 -0.1809017807245255 
0 0 0 1 

0.6750878095626831 0.5383238792419434 -0.5044440031051636 0.1248430609703064 
0.02467378415167332 0.6669139266014099 0.7447260022163391 -0.220016285777092 
0.737324595451355 -0.5152019858360291 0.4369429349899292 -0.1645254790782928 
0 0 0 1 

0.7219868302345276 0.5215252041816711 -0.4546937048435211 0.1063226610422134 
0.06817828863859177 0.6003387570381165 0.7968343496322632 -0.241373285651207 
0.6885395050048828 -0.6063041687011719 0.3978799879550934 -0.1528133451938629 
0 0 0 1 

0.7789143323898315 0.4925593137741089 -0.3881723284721375 0.08134368062019348 
0.110186941921711 0.501848578453064 0.8579083681106567 -0.2680290043354034 
0.6173745393753052 -0.7110085487365723 0.3366234302520752 -0.132867306470871 
0 0 0 1 

0.8107331991195679 0.4842559397220612 -0.328949511051178 0.0617913082242012 
0.1361487358808517 0.3905313313007355 0.9104662537574768 -0.2899985909461975 
0.5693638324737549 -0.7829312682151794 0.2506858706474304 -0.104623943567276 
0 0 0 1 

0.841526210308075 0.4516929984092712 -0.2963224947452545 0.04918192699551582 
0.1697842627763748 0.2995874583721161 0.9388400316238403 -0.3030036687850952 
0.5128419995307922 -0.8403693437576294 0.175420343875885 -0.07985199242830276 
0 0 0 1 

0.8806565403938293 0.3905751705169678 -0.2681325972080231 0.03761227056384087 
0.1947714686393738 0.2174404561519623 0.956443190574646 -0.3122439980506897 
0.4318658709526062 -0.8945225477218628 0.1154174581170082 -0.05754242464900017 
0 0 0 1 

