1.000000000000000000e+00 0.000000000000000000e+00 0.000000000000000000e+00 -3.619798645377159119e-02
0.000000000000000000e+00 1.000000000000000000e+00 0.000000000000000000e+00 -1.327119767665863037e-03
0.000000000000000000e+00 0.000000000000000000e+00 1.000000000000000000e+00 -2.960163652896881104e-01
0.000000000000000000e+00 0.000000000000000000e+00 0.000000000000000000e+00 1.000000000000000000e+00
9.908905029296875000e-01 1.336999237537384033e-01 1.614020019769668579e-02 -4.427831619977951050e-02
-1.326296776533126831e-01 9.896260499954223633e-01 -5.522440001368522644e-02 2.795977890491485596e-02
-2.335629239678382874e-02 5.258066207170486450e-02 9.983433485031127930e-01 -2.968049645423889160e-01
0.000000000000000000e+00 0.000000000000000000e+00 0.000000000000000000e+00 1.000000000000000000e+00
9.713202714920043945e-01 2.357883453369140625e-01 3.066844679415225983e-02 -4.910040274262428284e-02
-2.316187173128128052e-01 9.674292802810668945e-01 -1.021419242024421692e-01 5.310884863138198853e-02
-5.375350639224052429e-02 9.210909157991409302e-02 9.942970275878906250e-01 -2.948572337627410889e-01
0.000000000000000000e+00 0.000000000000000000e+00 0.000000000000000000e+00 1.000000000000000000e+00
9.413664340972900391e-01 3.357770442962646484e-01 3.290751576423645020e-02 -4.860628768801689148e-02
-3.281995058059692383e-01 9.339740872383117676e-01 -1.413418948650360107e-01 7.408956438302993774e-02
-7.819423824548721313e-02 1.222542747855186462e-01 9.894137382507324219e-01 -2.919692397117614746e-01
0.000000000000000000e+00 0.000000000000000000e+00 0.000000000000000000e+00 1.000000000000000000e+00
8.958169221878051758e-01 4.444162249565124512e-01 -2.421876415610313416e-03 -3.246308490633964539e-02
-4.389441013336181641e-01 8.839073181152343750e-01 -1.613548398017883301e-01 8.713182806968688965e-02
-6.956802308559417725e-02 1.456075012683868408e-01 9.868935942649841309e-01 -2.914960980415344238e-01
0.000000000000000000e+00 0.000000000000000000e+00 0.000000000000000000e+00 1.000000000000000000e+00
8.307394981384277344e-01 5.565694570541381836e-01 -1.010532863438129425e-02 -2.409805543720722198e-02
-5.485450625419616699e-01 8.154042959213256836e-01 -1.849693208932876587e-01 1.008480638265609741e-01
-9.470839053392410278e-02 1.592044532299041748e-01 9.826923012733459473e-01 -2.896902263164520264e-01
0.000000000000000000e+00 0.000000000000000000e+00 0.000000000000000000e+00 1.000000000000000000e+00
7.554475665092468262e-01 6.535568237304687500e-01 -4.649896547198295593e-02 -5.761804990470409393e-03
-6.508614420890808105e-01 7.403808236122131348e-01 -1.679750978946685791e-01 9.943492710590362549e-02
-7.535443454980850220e-02 1.571607738733291626e-01 9.846938252449035645e-01 -2.929050624370574951e-01
0.000000000000000000e+00 0.000000000000000000e+00 0.000000000000000000e+00 1.000000000000000000e+00
6.894315481185913086e-01 7.200352549552917480e-01 -7.895153015851974487e-02 8.238653652369976044e-03
-7.238599061965942383e-01 6.808487176895141602e-01 -1.116753071546554565e-01 8.119855076074600220e-02
-2.665618062019348145e-02 1.341423392295837402e-01 9.906035661697387695e-01 -2.995540201663970947e-01
0.000000000000000000e+00 0.000000000000000000e+00 0.000000000000000000e+00 1.000000000000000000e+00
5.888561606407165527e-01 8.073574304580688477e-01 -3.769986703991889954e-02 -1.402715104632079601e-03
-8.074005842208862305e-01 5.854845046997070312e-01 -7.288380712270736694e-02 6.897915899753570557e-02
-3.677060827612876892e-02 7.335697114467620850e-02 9.966276884078979492e-01 -3.069308400154113770e-01
0.000000000000000000e+00 0.000000000000000000e+00 0.000000000000000000e+00 1.000000000000000000e+00
5.037651062011718750e-01 8.622132539749145508e-01 -5.299768596887588501e-02 8.320323191583156586e-03
-8.635981678962707520e-01 5.012221932411193848e-01 -5.453770607709884644e-02 6.357992440462112427e-02
-2.045953087508678436e-02 7.324292510747909546e-02 9.971044063568115234e-01 -3.107673525810241699e-01
0.000000000000000000e+00 0.000000000000000000e+00 0.000000000000000000e+00 1.000000000000000000e+00
4.008549749851226807e-01 9.141271114349365234e-01 -6.071686744689941406e-02 1.586051844060420990e-02
-9.157952070236206055e-01 4.016448855400085449e-01 8.787989499978721142e-04 4.376202076673507690e-02
2.518993616104125977e-02 5.525196343660354614e-02 9.981545209884643555e-01 -3.152226805686950684e-01
0.000000000000000000e+00 0.000000000000000000e+00 0.000000000000000000e+00 1.000000000000000000e+00
2.906928360462188721e-01 9.545579552650451660e-01 -6.569971889257431030e-02 2.237002179026603699e-02
-9.555367827415466309e-01 2.931686937808990479e-01 3.164381161332130432e-02 3.183725848793983459e-02
4.946695640683174133e-02 5.357988923788070679e-02 9.973369240760803223e-01 -3.173757195472717285e-01
0.000000000000000000e+00 0.000000000000000000e+00 0.000000000000000000e+00 1.000000000000000000e+00
1.764875054359436035e-01 9.806721806526184082e-01 -8.446237444877624512e-02 3.381784632802009583e-02
-9.815989732742309570e-01 1.817094236612319946e-01 5.869443714618682861e-02 2.188905701041221619e-02
7.290760427713394165e-02 7.254938781261444092e-02 9.946964383125305176e-01 -3.179194033145904541e-01
0.000000000000000000e+00 0.000000000000000000e+00 0.000000000000000000e+00 1.000000000000000000e+00
1.010928153991699219e-01 9.901167154312133789e-01 -9.720832854509353638e-02 4.083351790904998779e-02
-9.899971485137939453e-01 1.097813025116920471e-01 8.862059563398361206e-02 1.064149942249059677e-02
9.841632843017578125e-02 8.727703988552093506e-02 9.913108348846435547e-01 -3.170179128646850586e-01
0.000000000000000000e+00 0.000000000000000000e+00 0.000000000000000000e+00 1.000000000000000000e+00
1.855844072997570038e-02 9.946038126945495605e-01 -1.020729318261146545e-01 4.730207473039627075e-02
-9.969930052757263184e-01 2.609150484204292297e-02 7.296760380268096924e-02 1.779336668550968170e-02
7.523708045482635498e-02 1.004118546843528748e-01 9.920972585678100586e-01 -3.110294044017791748e-01
0.000000000000000000e+00 0.000000000000000000e+00 0.000000000000000000e+00 1.000000000000000000e+00
-8.735963702201843262e-02 8.734970092773437500e-01 -4.789269566535949707e-01 1.767408549785614014e-01
-9.909124970436096191e-01 -2.683605812489986420e-02 1.318042576313018799e-01 -1.175281009636819363e-03
1.022781208157539368e-01 4.860890507698059082e-01 8.679035902023315430e-01 -2.638006508350372314e-01
0.000000000000000000e+00 0.000000000000000000e+00 0.000000000000000000e+00 1.000000000000000000e+00
-1.624456197023391724e-01 8.498350381851196289e-01 -5.013895630836486816e-01 1.860271841287612915e-01
-9.779599905014038086e-01 -7.111927866935729980e-02 1.963057070970535278e-01 -2.406967803835868835e-02
1.311689466238021851e-01 5.222280025482177734e-01 8.426580429077148438e-01 -2.567794024944305420e-01
0.000000000000000000e+00 0.000000000000000000e+00 0.000000000000000000e+00 1.000000000000000000e+00
-1.302351206541061401e-01 7.839381098747253418e-01 -6.070254445075988770e-01 2.130205929279327393e-01
-9.913340806961059570e-01 -1.135775297880172729e-01 6.600838899612426758e-02 1.787362061440944672e-02
-1.719794981181621552e-02 6.103615164756774902e-01 7.919360995292663574e-01 -2.334858626127243042e-01
0.000000000000000000e+00 0.000000000000000000e+00 0.000000000000000000e+00 1.000000000000000000e+00
-8.728015422821044922e-02 7.007170319557189941e-01 -7.080804705619812012e-01 2.353404760360717773e-01
-9.947516918182373047e-01 -2.320518530905246735e-02 9.965228289365768433e-02 1.029094215482473373e-02
5.339689925312995911e-02 7.130618095397949219e-01 6.990647315979003906e-01 -2.141811251640319824e-01
0.000000000000000000e+00 0.000000000000000000e+00 0.000000000000000000e+00 1.000000000000000000e+00
-6.236800551414489746e-02 5.348567366600036621e-01 -8.426378369331359863e-01 2.741170823574066162e-01
-9.854997992515563965e-01 1.004839241504669189e-01 1.367231756448745728e-01 -1.424829824827611446e-03
1.577989161014556885e-01 8.389465808868408203e-01 5.208342075347900391e-01 -1.589632928371429443e-01
0.000000000000000000e+00 0.000000000000000000e+00 0.000000000000000000e+00 1.000000000000000000e+00
-1.249392628669738770e-01 3.879518210887908936e-01 -9.131721854209899902e-01 2.945640087127685547e-01
-9.851869344711303711e-01 6.045181304216384888e-02 1.604747176170349121e-01 -1.241433434188365936e-02
1.174592971801757812e-01 9.196949601173400879e-01 3.746524155139923096e-01 -1.082832291722297668e-01
0.000000000000000000e+00 0.000000000000000000e+00 0.000000000000000000e+00 1.000000000000000000e+00
-1.940183192491531372e-01 2.921017706394195557e-01 -9.365004301071166992e-01 3.032563626766204834e-01
-9.746275544166564941e-01 5.121920257806777954e-02 2.178930789232254028e-01 -3.136204928159713745e-02
1.116137132048606873e-01 9.550145268440246582e-01 2.747531533241271973e-01 -7.675930112600326538e-02
0.000000000000000000e+00 0.000000000000000000e+00 0.000000000000000000e+00 1.000000000000000000e+00
-2.739897966384887695e-01 1.602960228919982910e-01 -9.482797980308532715e-01 3.101315200328826904e-01
-9.597429037094116211e-01 1.781877689063549042e-02 2.803139984607696533e-01 -5.155691131949424744e-02
6.183035299181938171e-02 9.869081377983093262e-01 1.489609479904174805e-01 -3.409913554787635803e-02
0.000000000000000000e+00 0.000000000000000000e+00 0.000000000000000000e+00 1.000000000000000000e+00
-1.882164925336837769e-01 -8.029017448425292969e-01 -5.656177401542663574e-01 1.834510564804077148e-01
-9.529105424880981445e-01 9.864247404038906097e-03 3.030907511711120605e-01 -5.673770233988761902e-02
-2.377726435661315918e-01 5.960299968719482422e-01 -7.669500112533569336e-01 2.704414427280426025e-01
0.000000000000000000e+00 0.000000000000000000e+00 0.000000000000000000e+00 1.000000000000000000e+00
-1.931376159191131592e-01 -8.046603798866271973e-01 -5.614444017410278320e-01 1.811866164207458496e-01
-9.701722860336303711e-01 7.117442786693572998e-02 2.317333370447158813e-01 -3.440811485052108765e-02
-1.465060412883758545e-01 5.894541144371032715e-01 -7.944054007530212402e-01 2.743524014949798584e-01
0.000000000000000000e+00 0.000000000000000000e+00 0.000000000000000000e+00 1.000000000000000000e+00
-1.013132035732269287e-01 -8.020694255828857422e-01 -5.885742306709289551e-01 1.824538260698318481e-01
-9.909993410110473633e-01 2.933175675570964813e-02 1.306134164333343506e-01 1.077406413969583809e-04
-8.749724924564361572e-02 5.965095758438110352e-01 -7.978215813636779785e-01 2.717047333717346191e-01
0.000000000000000000e+00 0.000000000000000000e+00 0.000000000000000000e+00 1.000000000000000000e+00
1.640173234045505524e-02 -8.258678913116455078e-01 -5.636249184608459473e-01 1.644577085971832275e-01
-9.996961355209350586e-01 -2.391561493277549744e-02 5.951921455562114716e-03 4.232810810208320618e-02
-1.839502342045307159e-02 5.633560419082641602e-01 -8.260090351104736328e-01 2.755294442176818848e-01
0.000000000000000000e+00 0.000000000000000000e+00 0.000000000000000000e+00 1.000000000000000000e+00
5.696268752217292786e-02 -8.351749181747436523e-01 -5.470261573791503906e-01 1.557309329509735107e-01
-9.931854009628295898e-01 8.397326804697513580e-03 -1.162425950169563293e-01 8.134724944829940796e-02
1.016764715313911438e-01 5.499199628829956055e-01 -8.290053009986877441e-01 2.682119607925415039e-01
0.000000000000000000e+00 0.000000000000000000e+00 0.000000000000000000e+00 1.000000000000000000e+00
3.525649383664131165e-02 -8.484820723533630371e-01 -5.280482769012451172e-01 1.534221470355987549e-01
-9.798622727394104004e-01 7.456119358539581299e-02 -1.852299869060516357e-01 9.539165347814559937e-02
1.965363472700119019e-01 5.239453911781311035e-01 -8.287671804428100586e-01 2.644280493259429932e-01
0.000000000000000000e+00 0.000000000000000000e+00 0.000000000000000000e+00 1.000000000000000000e+00
-3.856042772531509399e-02 -8.485050201416015625e-01 -5.277801156044006348e-01 1.617496162652969360e-01
-9.933418631553649902e-01 8.993061631917953491e-02 -7.200475782155990601e-02 5.877245590090751648e-02
1.085599511861801147e-01 5.214896798133850098e-01 -8.463233709335327148e-01 2.847824692726135254e-01
0.000000000000000000e+00 0.000000000000000000e+00 0.000000000000000000e+00 1.000000000000000000e+00
-5.455093458294868469e-02 -8.416631817817687988e-01 -5.372405052185058594e-01 1.641989946365356445e-01
-9.938468337059020996e-01 -6.176909897476434708e-03 1.105919033288955688e-01 1.099397544749081135e-03
-9.639971703290939331e-02 5.399673581123352051e-01 -8.361469507217407227e-01 2.998467683792114258e-01
0.000000000000000000e+00 0.000000000000000000e+00 0.000000000000000000e+00 1.000000000000000000e+00
1.198350787162780762e-01 -8.268700838088989258e-01 -5.494772791862487793e-01 1.547206938266754150e-01
-9.878126382827758789e-01 -1.546778678894042969e-01 1.733327284455299377e-02 3.035537526011466980e-02
-9.932444244623184204e-02 5.407035350799560547e-01 -8.353284597396850586e-01 3.020866215229034424e-01
0.000000000000000000e+00 0.000000000000000000e+00 0.000000000000000000e+00 1.000000000000000000e+00
2.151787281036376953e-01 -7.777017354965209961e-01 -5.906589627265930176e-01 1.536121368408203125e-01
-9.487084150314331055e-01 -3.099233210086822510e-01 6.244879215955734253e-02 1.489673275500535965e-02
-2.316254377365112305e-01 5.469255447387695312e-01 -8.045010566711425781e-01 2.983168065547943115e-01
0.000000000000000000e+00 0.000000000000000000e+00 0.000000000000000000e+00 1.000000000000000000e+00
3.232418298721313477e-01 -7.085473537445068359e-01 -6.272758245468139648e-01 1.500504910945892334e-01
-9.147961735725402832e-01 -4.036177098751068115e-01 -1.549226790666580200e-02 3.823740780353546143e-02
-2.422027140855789185e-01 5.788375735282897949e-01 -7.786428332328796387e-01 2.855054140090942383e-01
0.000000000000000000e+00 0.000000000000000000e+00 0.000000000000000000e+00 1.000000000000000000e+00
3.494987785816192627e-01 -7.023056745529174805e-01 -6.201751828193664551e-01 1.450092047452926636e-01
-9.238979816436767578e-01 -3.683741390705108643e-01 -1.035028398036956787e-01 6.707861274480819702e-02
-1.557659506797790527e-01 6.091528534889221191e-01 -7.776051759719848633e-01 2.768676877021789551e-01
0.000000000000000000e+00 0.000000000000000000e+00 0.000000000000000000e+00 1.000000000000000000e+00
3.648156821727752686e-01 -6.838514208793640137e-01 -6.318673491477966309e-01 1.480624228715896606e-01
-9.272946715354919434e-01 -3.279888033866882324e-01 -1.804110258817672729e-01 9.190040826797485352e-02
-8.387113362550735474e-02 6.517438888549804688e-01 -7.537871599197387695e-01 2.633501589298248291e-01
0.000000000000000000e+00 0.000000000000000000e+00 0.000000000000000000e+00 1.000000000000000000e+00
5.301446318626403809e-01 -5.821630358695983887e-01 -6.164682507514953613e-01 1.375832408666610718e-01
-8.433982729911804199e-01 -4.369351863861083984e-01 -3.126773536205291748e-01 1.276626139879226685e-01
-8.732733875513076782e-02 6.856924295425415039e-01 -7.226340174674987793e-01 2.522315979003906250e-01
0.000000000000000000e+00 0.000000000000000000e+00 0.000000000000000000e+00 1.000000000000000000e+00
6.769299507141113281e-01 -3.991109728813171387e-01 -6.184468865394592285e-01 1.339815109968185425e-01
-7.123597860336303711e-01 -5.666878223419189453e-01 -4.140148758888244629e-01 1.564708650112152100e-01
-1.852284818887710571e-01 7.208156585693359375e-01 -6.679187417030334473e-01 2.492068558931350708e-01
0.000000000000000000e+00 0.000000000000000000e+00 0.000000000000000000e+00 1.000000000000000000e+00
6.956875324249267578e-01 -3.210052549839019775e-01 -6.426310539245605469e-01 1.380607038736343384e-01
-6.550717949867248535e-01 -6.506150364875793457e-01 -3.841620087623596191e-01 1.462348103523254395e-01
-2.947875559329986572e-01 6.882264614105224609e-01 -6.629062294960021973e-01 2.585147917270660400e-01
0.000000000000000000e+00 0.000000000000000000e+00 0.000000000000000000e+00 1.000000000000000000e+00
7.403470873832702637e-01 -2.390556484460830688e-01 -6.282821297645568848e-01 1.383986175060272217e-01
-5.788201093673706055e-01 -7.019757032394409180e-01 -4.149672389030456543e-01 1.481064260005950928e-01
-3.418385088443756104e-01 6.708820462226867676e-01 -6.580755114555358887e-01 2.563406229019165039e-01
0.000000000000000000e+00 0.000000000000000000e+00 0.000000000000000000e+00 1.000000000000000000e+00
7.233625650405883789e-01 -2.212691158056259155e-01 -6.540541052818298340e-01 1.542427688837051392e-01
-5.491565465927124023e-01 -7.585647106170654297e-01 -3.507238328456878662e-01 1.207532584667205811e-01
-4.185377061367034912e-01 6.128783226013183594e-01 -6.702285408973693848e-01 2.649599313735961914e-01
0.000000000000000000e+00 0.000000000000000000e+00 0.000000000000000000e+00 1.000000000000000000e+00
7.129901051521301270e-01 -3.218544721603393555e-01 -6.229404807090759277e-01 1.526577621698379517e-01
-5.947409272193908691e-01 -7.481667399406433105e-01 -2.941591441631317139e-01 9.898958355188369751e-02
-3.713870048522949219e-01 5.802205801010131836e-01 -7.248557209968566895e-01 2.788831889629364014e-01
0.000000000000000000e+00 0.000000000000000000e+00 0.000000000000000000e+00 1.000000000000000000e+00
7.995126843452453613e-01 -1.535454690456390381e-01 -5.806916952133178711e-01 1.432318538427352905e-01
-5.327159166336059570e-01 -6.278762221336364746e-01 -5.674363374710083008e-01 1.850119382143020630e-01
-2.774755060672760010e-01 7.630164027214050293e-01 -5.837914943695068359e-01 2.392011433839797974e-01
0.000000000000000000e+00 0.000000000000000000e+00 0.000000000000000000e+00 1.000000000000000000e+00
8.416705131530761719e-01 -8.661262691020965576e-02 -5.329998135566711426e-01 1.262569725513458252e-01
-4.823122918605804443e-01 -5.644469261169433594e-01 -6.699060797691345215e-01 2.189670503139495850e-01
-2.428279072046279907e-01 8.209126591682434082e-01 -5.168529152870178223e-01 2.156007289886474609e-01
0.000000000000000000e+00 0.000000000000000000e+00 0.000000000000000000e+00 1.000000000000000000e+00
8.726152777671813965e-01 -2.095964178442955017e-02 -4.879581034183502197e-01 1.105170026421546936e-01
-4.326020181179046631e-01 -4.969244301319122314e-01 -7.522772550582885742e-01 2.462906539440155029e-01
-2.267109602689743042e-01 8.675403594970703125e-01 -4.426912069320678711e-01 1.904673725366592407e-01
0.000000000000000000e+00 0.000000000000000000e+00 0.000000000000000000e+00 1.000000000000000000e+00
8.949444293975830078e-01 9.204225987195968628e-02 -4.365808665752410889e-01 9.383417665958404541e-02
-3.668467998504638672e-01 -4.051645696163177490e-01 -8.374158143997192383e-01 2.743500769138336182e-01
-2.539647519588470459e-01 9.095990061759948730e-01 -3.288343846797943115e-01 1.539233624935150146e-01
0.000000000000000000e+00 0.000000000000000000e+00 0.000000000000000000e+00 1.000000000000000000e+00
9.550894498825073242e-01 -2.401254773139953613e-01 -1.736200004816055298e-01 1.425879308953881264e-03
-2.416343539953231812e-01 -2.919964492321014404e-01 -9.253922104835510254e-01 2.969479262828826904e-01
1.715138703584671021e-01 9.257849454879760742e-01 -3.369052112102508545e-01 1.307162493467330933e-01
0.000000000000000000e+00 0.000000000000000000e+00 0.000000000000000000e+00 1.000000000000000000e+00
9.822468757629394531e-01 -4.089713469147682190e-02 -1.830795705318450928e-01 6.486216560006141663e-03
-1.875911206007003784e-01 -2.114740908145904541e-01 -9.592122435569763184e-01 3.054719269275665283e-01
5.124356248416006565e-04 9.765274524688720703e-01 -2.153917551040649414e-01 9.817609190940856934e-02
0.000000000000000000e+00 0.000000000000000000e+00 0.000000000000000000e+00 1.000000000000000000e+00
9.865461587905883789e-01 -8.972676843404769897e-02 -1.366597414016723633e-01 -9.442451409995555878e-03
-1.454198956489562988e-01 -9.968518465757369995e-02 -9.843352437019348145e-01 3.112001121044158936e-01
7.469826936721801758e-02 9.909653067588806152e-01 -1.113920807838439941e-01 5.824792012572288513e-02
0.000000000000000000e+00 0.000000000000000000e+00 0.000000000000000000e+00 1.000000000000000000e+00
9.780552387237548828e-01 -1.675964146852493286e-01 -1.237721145153045654e-01 -1.527958177030086517e-02
-1.324333995580673218e-01 -4.148508235812187195e-02 -9.903232455253601074e-01 3.112729787826538086e-01
1.608399301767349243e-01 9.849823713302612305e-01 -6.277000904083251953e-02 3.661433234810829163e-02
0.000000000000000000e+00 0.000000000000000000e+00 0.000000000000000000e+00 1.000000000000000000e+00
9.766668081283569336e-01 -1.940581798553466797e-01 -9.199795126914978027e-02 -2.543872408568859100e-02
-8.565920591354370117e-02 4.082464426755905151e-02 -9.954876303672790527e-01 3.091929256916046143e-01
1.969382464885711670e-01 9.801400303840637207e-01 2.324915304780006409e-02 2.693461487069725990e-03
0.000000000000000000e+00 0.000000000000000000e+00 0.000000000000000000e+00 1.000000000000000000e+00
9.411005973815917969e-01 -3.250682353973388672e-01 -9.306237101554870605e-02 -2.307825721800327301e-02
-5.247449874877929688e-02 1.314841806888580322e-01 -9.899283051490783691e-01 3.032573461532592773e-01
3.340305685997009277e-01 9.365054368972778320e-01 1.066820994019508362e-01 -3.547365963459014893e-02
0.000000000000000000e+00 0.000000000000000000e+00 0.000000000000000000e+00 1.000000000000000000e+00
9.521152973175048828e-01 -2.381020486354827881e-01 -1.917899847030639648e-01 1.529987319372594357e-03
-1.530785113573074341e-01 1.717599928379058838e-01 -9.731728434562683105e-01 3.058101236820220947e-01
2.646563053131103516e-01 9.559319019317626953e-01 1.270870119333267212e-01 -2.902222983539104462e-02
0.000000000000000000e+00 0.000000000000000000e+00 0.000000000000000000e+00 1.000000000000000000e+00
9.661368131637573242e-01 -4.354491084814071655e-02 -2.543295621871948242e-01 2.121562696993350983e-02
-2.425986528396606445e-01 1.824610978364944458e-01 -9.528135061264038086e-01 3.087799847126007080e-01
8.789543807506561279e-02 9.822482466697692871e-01 1.657184511423110962e-01 -2.719307318329811096e-02
0.000000000000000000e+00 0.000000000000000000e+00 0.000000000000000000e+00 1.000000000000000000e+00
9.125114679336547852e-01 3.071224093437194824e-01 -2.701828479766845703e-01 3.953110054135322571e-02
-3.526581525802612305e-01 2.560100257396697998e-01 -9.000504612922668457e-01 3.079923391342163086e-01
-2.072562426328659058e-01 9.165885448455810547e-01 3.419213593006134033e-01 -5.997007712721824646e-02
0.000000000000000000e+00 0.000000000000000000e+00 0.000000000000000000e+00 1.000000000000000000e+00
9.266747832298278809e-01 1.801531910896301270e-01 -3.298766911029815674e-01 5.354950577020645142e-02
-3.736791014671325684e-01 3.470823764801025391e-01 -8.601728081703186035e-01 3.010824620723724365e-01
-4.046854004263877869e-02 9.203686714172363281e-01 3.889520466327667236e-01 -8.574889600276947021e-02
0.000000000000000000e+00 0.000000000000000000e+00 0.000000000000000000e+00 1.000000000000000000e+00
8.857098817825317383e-01 1.462513208389282227e-01 -4.406005740165710449e-01 9.015408903360366821e-02
-4.587426185607910156e-01 4.213435351848602295e-01 -7.823200821876525879e-01 2.874537706375122070e-01
7.122875005006790161e-02 8.950307369232177734e-01 4.402797222137451172e-01 -1.118879914283752441e-01
0.000000000000000000e+00 0.000000000000000000e+00 0.000000000000000000e+00 1.000000000000000000e+00
8.708697557449340820e-01 1.236322075128555298e-01 -4.757113456726074219e-01 1.021279916167259216e-01
-4.676010906696319580e-01 5.066075325012207031e-01 -7.243603467941284180e-01 2.700529098510742188e-01
1.514446586370468140e-01 8.532666563987731934e-01 4.989995360374450684e-01 -1.379329264163970947e-01
0.000000000000000000e+00 0.000000000000000000e+00 0.000000000000000000e+00 1.000000000000000000e+00
8.542366623878479004e-01 1.065700054168701172e-01 -5.088441967964172363e-01 1.132396832108497620e-01
-4.672396481037139893e-01 5.865505337715148926e-01 -6.615474224090576172e-01 2.526787817478179932e-01
2.279616892337799072e-01 8.028706312179565430e-01 5.508469343185424805e-01 -1.571344137191772461e-01
0.000000000000000000e+00 0.000000000000000000e+00 0.000000000000000000e+00 1.000000000000000000e+00
8.326149582862854004e-01 6.635268777608871460e-02 -5.498632192611694336e-01 1.239010617136955261e-01
-4.386965930461883545e-01 6.850273013114929199e-01 -5.816207528114318848e-01 2.284461855888366699e-01
3.380791246891021729e-01 7.254893779754638672e-01 5.994727015495300293e-01 -1.790284216403961182e-01
0.000000000000000000e+00 0.000000000000000000e+00 0.000000000000000000e+00 1.000000000000000000e+00
8.124746084213256836e-01 7.824463397264480591e-02 -5.777219533920288086e-01 1.346291154623031616e-01
-4.369090795516967773e-01 7.378243803977966309e-01 -5.145151615142822266e-01 2.086149454116821289e-01
3.859992027282714844e-01 6.704424619674682617e-01 6.336493492126464844e-01 -1.943572014570236206e-01
0.000000000000000000e+00 0.000000000000000000e+00 0.000000000000000000e+00 1.000000000000000000e+00
7.843454480171203613e-01 1.266316920518875122e-01 -6.072616577148437500e-01 1.477425396442413330e-01
-4.442675709724426270e-01 7.978849411010742188e-01 -4.074383974075317383e-01 1.770762801170349121e-01
4.329302012920379639e-01 5.893592238426208496e-01 6.820758581161499023e-01 -2.145299315452575684e-01
0.000000000000000000e+00 0.000000000000000000e+00 0.000000000000000000e+00 1.000000000000000000e+00
7.505503296852111816e-01 1.871348768472671509e-01 -6.337621212005615234e-01 1.605014652013778687e-01
-4.557005763053894043e-01 8.411137461662292480e-01 -2.913149893283843994e-01 1.422718763351440430e-01
4.785509109497070312e-01 5.074523091316223145e-01 7.165758609771728516e-01 -2.308773398399353027e-01
0.000000000000000000e+00 0.000000000000000000e+00 0.000000000000000000e+00 1.000000000000000000e+00
7.239941954612731934e-01 2.569949626922607422e-01 -6.401449441909790039e-01 1.666061878204345703e-01
-4.568179547786712646e-01 8.739752173423767090e-01 -1.657847613096237183e-01 1.039274334907531738e-01
5.168648958206176758e-01 4.124569892883300781e-01 7.501528859138488770e-01 -2.462403774261474609e-01
0.000000000000000000e+00 0.000000000000000000e+00 0.000000000000000000e+00 1.000000000000000000e+00
6.975817680358886719e-01 3.391604125499725342e-01 -6.311492919921875000e-01 1.673042923212051392e-01
-4.367837905883789062e-01 8.995662331581115723e-01 6.416026735678315163e-04 5.185875296592712402e-02
5.679782629013061523e-01 2.752283215522766113e-01 7.756609320640563965e-01 -2.599925398826599121e-01
0.000000000000000000e+00 0.000000000000000000e+00 0.000000000000000000e+00 1.000000000000000000e+00
6.880592107772827148e-01 3.851347565650939941e-01 -6.150167584419250488e-01 1.612368673086166382e-01
-3.645901679992675781e-01 9.162710905075073242e-01 1.658950895071029663e-01 -5.639586597681045532e-03
6.274140477180480957e-01 1.100834980607032776e-01 7.708651423454284668e-01 -2.598106861114501953e-01
0.000000000000000000e+00 0.000000000000000000e+00 0.000000000000000000e+00 1.000000000000000000e+00
6.814954280853271484e-01 4.127072989940643311e-01 -6.043481230735778809e-01 1.568301916122436523e-01
-2.876464724540710449e-01 9.104081392288208008e-01 2.973489761352539062e-01 -5.285532772541046143e-02
6.729215383529663086e-01 -2.880327962338924408e-02 7.391527891159057617e-01 -2.526453435420989990e-01
0.000000000000000000e+00 0.000000000000000000e+00 0.000000000000000000e+00 1.000000000000000000e+00
6.694021821022033691e-01 4.549634158611297607e-01 -5.872894525527954102e-01 1.516777724027633667e-01
-2.394504845142364502e-01 8.804814815521240234e-01 4.091647565364837646e-01 -9.100967645645141602e-02
7.032524943351745605e-01 -1.332689821720123291e-01 6.983374953269958496e-01 -2.411350756883621216e-01
0.000000000000000000e+00 0.000000000000000000e+00 0.000000000000000000e+00 1.000000000000000000e+00
6.594001650810241699e-01 4.845605492591857910e-01 -5.747977495193481445e-01 1.477430462837219238e-01
-1.558139771223068237e-01 8.360548615455627441e-01 5.260553359985351562e-01 -1.345510482788085938e-01
7.354681491851806641e-01 -2.573194503784179688e-01 6.267960667610168457e-01 -2.210126370191574097e-01
0.000000000000000000e+00 0.000000000000000000e+00 0.000000000000000000e+00 1.000000000000000000e+00
6.454438567161560059e-01 5.197474360466003418e-01 -5.597004890441894531e-01 1.439251154661178589e-01
-9.100140631198883057e-02 7.798851132392883301e-01 6.192721128463745117e-01 -1.696510314941406250e-01
7.583672404289245605e-01 -3.487718105316162109e-01 5.506697893142700195e-01 -1.984678506851196289e-01
0.000000000000000000e+00 0.000000000000000000e+00 0.000000000000000000e+00 1.000000000000000000e+00
6.613706946372985840e-01 5.309541225433349609e-01 -5.297890901565551758e-01 1.333312839269638062e-01
-2.526554837822914124e-02 7.216992378234863281e-01 6.917455196380615234e-01 -1.984055191278457642e-01
7.496334910392761230e-01 -4.441147446632385254e-01 4.907255768775939941e-01 -1.804286539554595947e-01
0.000000000000000000e+00 0.000000000000000000e+00 0.000000000000000000e+00 1.000000000000000000e+00
6.710289120674133301e-01 5.432338714599609375e-01 -5.045958757400512695e-01 1.252206563949584961e-01
2.256850898265838623e-02 6.652894020080566406e-01 7.462441921234130859e-01 -2.205112576484680176e-01
7.410874962806701660e-01 -5.121394395828247070e-01 4.341684579849243164e-01 -1.637140214443206787e-01
0.000000000000000000e+00 0.000000000000000000e+00 0.000000000000000000e+00 1.000000000000000000e+00
7.199408411979675293e-01 5.230693817138671875e-01 -4.561617374420166016e-01 1.069604232907295227e-01
7.106396555900573730e-02 5.982481241226196289e-01 7.981534600257873535e-01 -2.419690787792205811e-01
6.903875470161437988e-01 -6.070399284362792969e-01 3.935318887233734131e-01 -1.516479253768920898e-01
0.000000000000000000e+00 0.000000000000000000e+00 0.000000000000000000e+00 1.000000000000000000e+00
7.774531245231628418e-01 4.940073192119598389e-01 -3.892601132392883301e-01 8.175639063119888306e-02
1.120692715048789978e-01 5.001976490020751953e-01 8.586283922195434570e-01 -2.683222889900207520e-01
6.188757419586181641e-01 -7.111673355102539062e-01 3.335171341896057129e-01 -1.319849491119384766e-01
0.000000000000000000e+00 0.000000000000000000e+00 0.000000000000000000e+00 1.000000000000000000e+00
8.111705183982849121e-01 4.867839217185974121e-01 -3.241044580936431885e-01 6.028132513165473938e-02
1.333174258470535278e-01 3.856881558895111084e-01 9.129463434219360352e-01 -2.907770574092864990e-01
5.694109201431274414e-01 -7.837639451026916504e-01 2.479620724916458130e-01 -1.035974845290184021e-01
0.000000000000000000e+00 0.000000000000000000e+00 0.000000000000000000e+00 1.000000000000000000e+00
8.440314531326293945e-01 4.492764472961425781e-01 -2.928505837917327881e-01 4.794307425618171692e-02
1.681517362594604492e-01 2.968265414237976074e-01 9.400100708007812500e-01 -3.034444451332092285e-01
5.092502236366271973e-01 -8.426414132118225098e-01 1.749843358993530273e-01 -7.930336892604827881e-02
0.000000000000000000e+00 0.000000000000000000e+00 0.000000000000000000e+00 1.000000000000000000e+00
8.879957795143127441e-01 3.756363093852996826e-01 -2.652563750743865967e-01 3.553172200918197632e-02
1.993646770715713501e-01 2.053225934505462646e-01 9.581733942031860352e-01 -3.134550452232360840e-01
4.143878519535064697e-01 -9.037366509437561035e-01 1.074369773268699646e-01 -5.385294929146766663e-02
0.000000000000000000e+00 0.000000000000000000e+00 0.000000000000000000e+00 1.000000000000000000e+00
