0.483100950717926 0.6048184633255005 -0.6330940127372742 0.2069904953241348 
0.168425515294075 0.6453714370727539 0.7450695037841797 -0.2254510968923569 
0.8592125773429871 -0.4665729999542236 0.2099127024412155 -0.01580803096294403 
0 0 0 1 

0.4332309365272522 0.6525313854217529 -0.6217023134231567 0.1988444775342941 
0.1590602695941925 0.6236144304275513 0.7653788924217224 -0.2294192314147949 
0.8871362805366516 -0.4304738938808441 0.1663772463798523 -0.007429910358041525 
0 0 0 1 

0.4836284220218658 0.6768186688423157 -0.5549954771995544 0.1731484979391098 
0.1522269695997238 0.5593778491020203 0.8148148655891418 -0.2403587251901627 
0.8619341254234314 -0.4785528779029846 0.1675009876489639 -0.01724132895469666 
0 0 0 1 

0.6340286135673523 0.6065070629119873 -0.4797467291355133 0.1462774574756622 
0.1453781574964523 0.5158358812332153 0.8442621827125549 -0.2450379282236099 
0.759521484375 -0.6050310730934143 0.2388817816972733 -0.04414105415344238 
0 0 0 1 

0.750016450881958 0.5517280697822571 -0.3647895157337189 0.1070603802800179 
0.07198989391326904 0.4801541268825531 0.8742249608039856 -0.2463389337062836 
0.6574897170066833 -0.6819443106651306 0.3204046487808228 -0.07027960568666458 
0 0 0 1 

0.8256990313529968 0.5017052292823792 -0.2579009234905243 0.0795455202460289 
0.009781167842447758 0.4443795382976532 0.8957851529121399 -0.2439755946397781 
0.5640260577201843 -0.7421714663505554 0.3620164692401886 -0.08265062421560287 
0 0 0 1 

0.8284761905670166 0.5411908626556396 -0.1440125852823257 0.05508348718285561 
-0.07089789211750031 0.3564414083957672 0.9316237568855286 -0.2561562657356262 
0.5555183887481689 -0.7616178393363953 0.3336725533008575 -0.07295819371938705 
0 0 0 1 

0.8260509371757507 0.5632753372192383 -0.01898998022079468 0.022261593490839 
-0.1454532593488693 0.245619997382164 0.9583913087844849 -0.2726578414440155 
0.5445026159286499 -0.7889178991317749 0.284824937582016 -0.05631736293435097 
0 0 0 1 

0.8332411646842957 0.5479635000228882 0.07379128783941269 -0.007677008863538504 
-0.1763778775930405 0.1369383186101913 0.9747506976127625 -0.2855489552021027 
0.5240229368209839 -0.8252175450325012 0.2107512503862381 -0.03263963758945465 
0 0 0 1 

0.8274079561233521 0.5430489182472229 0.1431585401296616 -0.03155749291181564 
-0.2103628367185593 0.06333653628826141 0.9755697846412659 -0.2920128107070923 
0.5207148790359497 -0.8373091816902161 0.1666423976421356 -0.01994902826845646 
0 0 0 1 

