1.000000000000000000e+00 0.000000000000000000e+00 0.000000000000000000e+00 -4.542167112231254578e-02
0.000000000000000000e+00 1.000000000000000000e+00 0.000000000000000000e+00 9.935460984706878662e-04
0.000000000000000000e+00 0.000000000000000000e+00 1.000000000000000000e+00 -2.875000238418579102e-01
0.000000000000000000e+00 0.000000000000000000e+00 0.000000000000000000e+00 1.000000000000000000e+00
9.963145852088928223e-01 8.123986423015594482e-02 2.752158232033252716e-02 -5.201101675629615784e-02
-8.068139106035232544e-02 9.965222477912902832e-01 -2.083031460642814636e-02 1.110996864736080170e-02
-2.911810763180255890e-02 1.853307709097862244e-02 9.994040131568908691e-01 -2.926255166530609131e-01
0.000000000000000000e+00 0.000000000000000000e+00 0.000000000000000000e+00 1.000000000000000000e+00
9.844053387641906738e-01 1.675216853618621826e-01 5.368820577859878540e-02 -5.799685046076774597e-02
-1.648084670305252075e-01 9.849783778190612793e-01 -5.153548344969749451e-02 2.586698532104492188e-02
-6.151505559682846069e-02 4.188350215554237366e-02 9.972270131111145020e-01 -2.912586927413940430e-01
0.000000000000000000e+00 0.000000000000000000e+00 0.000000000000000000e+00 1.000000000000000000e+00
9.652379751205444336e-01 2.573181390762329102e-01 4.585848003625869751e-02 -5.347652733325958252e-02
-2.533474266529083252e-01 9.642313718795776367e-01 -7.792776823043823242e-02 3.880531340837478638e-02
-6.427047401666641235e-02 6.360067427158355713e-02 9.959037899971008301e-01 -2.913780510425567627e-01
0.000000000000000000e+00 0.000000000000000000e+00 0.000000000000000000e+00 1.000000000000000000e+00
9.360442161560058594e-01 3.461652398109436035e-01 6.317213177680969238e-02 -5.558543652296066284e-02
-3.365988433361053467e-01 9.331758618354797363e-01 -1.260313987731933594e-01 5.842338502407073975e-02
-1.025784462690353394e-01 9.670726954936981201e-02 9.900128841400146484e-01 -2.883182168006896973e-01
0.000000000000000000e+00 0.000000000000000000e+00 0.000000000000000000e+00 1.000000000000000000e+00
8.922986388206481934e-01 4.487486183643341064e-01 4.927032813429832458e-02 -4.820771887898445129e-02
-4.389193356037139893e-01 8.878890872001647949e-01 -1.378503590822219849e-01 6.598247587680816650e-02
-1.056067794561386108e-01 1.013779714703559875e-01 9.892268776893615723e-01 -2.890359759330749512e-01
0.000000000000000000e+00 0.000000000000000000e+00 0.000000000000000000e+00 1.000000000000000000e+00
8.430458903312683105e-01 5.370926260948181152e-01 2.835502102971076965e-02 -3.891824930906295776e-02
-5.257308483123779297e-01 8.340424895286560059e-01 -1.672710180282592773e-01 7.929678261280059814e-02
-1.134894564747810364e-01 1.261100918054580688e-01 9.855036139488220215e-01 -2.881616055965423584e-01
0.000000000000000000e+00 0.000000000000000000e+00 0.000000000000000000e+00 1.000000000000000000e+00
7.896123528480529785e-01 6.132372617721557617e-01 2.126058749854564667e-02 -3.354956954717636108e-02
-6.014617085456848145e-01 7.803794145584106445e-01 -1.710305660963058472e-01 8.400624990463256836e-02
-1.214736998081207275e-01 1.222603693604469299e-01 9.850362539291381836e-01 -2.886928915977478027e-01
0.000000000000000000e+00 0.000000000000000000e+00 0.000000000000000000e+00 1.000000000000000000e+00
7.192627191543579102e-01 6.945962905883789062e-01 -1.402870193123817444e-02 -1.768453046679496765e-02
-6.870036721229553223e-01 7.081055641174316406e-01 -1.631312817335128784e-01 8.433384448289871216e-02
-1.033766642212867737e-01 1.269720047712326050e-01 9.865045547485351562e-01 -2.902468740940093994e-01
0.000000000000000000e+00 0.000000000000000000e+00 0.000000000000000000e+00 1.000000000000000000e+00
6.456761956214904785e-01 7.635614871978759766e-01 -8.715473115444183350e-03 -1.389109063893556595e-02
-7.569744586944580078e-01 6.385211348533630371e-01 -1.388535797595977783e-01 7.960432767868041992e-02
-1.004582643508911133e-01 9.625183790922164917e-02 9.902746677398681641e-01 -2.932358682155609131e-01
0.000000000000000000e+00 0.000000000000000000e+00 0.000000000000000000e+00 1.000000000000000000e+00
5.471935272216796875e-01 8.367021083831787109e-01 -2.255309745669364929e-02 -3.762232139706611633e-03
-8.342961668968200684e-01 5.430575013160705566e-01 -9.506985545158386230e-02 6.751491874456405640e-02
-6.729751825332641602e-02 7.083755731582641602e-02 9.952150583267211914e-01 -2.984265387058258057e-01
0.000000000000000000e+00 0.000000000000000000e+00 0.000000000000000000e+00 1.000000000000000000e+00
4.576740860939025879e-01 8.873339295387268066e-01 -5.632921680808067322e-02 1.301795430481433868e-02
-8.888737559318542480e-01 4.551369547843933105e-01 -5.247733741998672485e-02 5.495072156190872192e-02
-2.092741988599300385e-02 7.408707588911056519e-02 9.970321655273437500e-01 -3.031928241252899170e-01
0.000000000000000000e+00 0.000000000000000000e+00 0.000000000000000000e+00 1.000000000000000000e+00
3.492730855941772461e-01 9.341113567352294922e-01 -7.378553599119186401e-02 2.325086109340190887e-02
-9.369419813156127930e-01 3.491816818714141846e-01 -1.455608662217855453e-02 4.083876684308052063e-02
1.216755062341690063e-02 7.421681284904479980e-02 9.971678853034973145e-01 -3.046603798866271973e-01
0.000000000000000000e+00 0.000000000000000000e+00 0.000000000000000000e+00 1.000000000000000000e+00
2.738501727581024170e-01 9.569726586341857910e-01 -9.596419334411621094e-02 3.271779417991638184e-02
-9.592111706733703613e-01 2.790347337722778320e-01 4.531392082571983337e-02 1.768391579389572144e-02
7.014152407646179199e-02 7.964072376489639282e-02 9.943528175354003906e-01 -3.043235838413238525e-01
0.000000000000000000e+00 0.000000000000000000e+00 0.000000000000000000e+00 1.000000000000000000e+00
1.894779205322265625e-01 9.735577106475830078e-01 -1.276062875986099243e-01 4.413688555359840393e-02
-9.741976261138916016e-01 2.026305943727493286e-01 9.939663112163543701e-02 -2.530493773519992828e-03
1.226252913475036621e-01 1.054802909493446350e-01 9.868317842483520508e-01 -3.031353056430816650e-01
0.000000000000000000e+00 0.000000000000000000e+00 0.000000000000000000e+00 1.000000000000000000e+00
1.131031662225723267e-01 9.852158427238464355e-01 -1.286758929491043091e-01 4.655443504452705383e-02
-9.719758629798889160e-01 1.365734189748764038e-01 1.913394480943679810e-01 -3.408360481262207031e-02
2.060843706130981445e-01 1.034287437796592712e-01 9.730527997016906738e-01 -3.000864386558532715e-01
0.000000000000000000e+00 0.000000000000000000e+00 0.000000000000000000e+00 1.000000000000000000e+00
1.911744475364685059e-01 9.749394059181213379e-01 -1.137778386473655701e-01 4.076856002211570740e-02
-9.547464251518249512e-01 2.116059511899948120e-01 2.090028524398803711e-01 -3.909919783473014832e-02
2.278411984443664551e-01 6.867297738790512085e-02 9.712736010551452637e-01 -2.975423038005828857e-01
0.000000000000000000e+00 0.000000000000000000e+00 0.000000000000000000e+00 1.000000000000000000e+00
2.764214873313903809e-01 9.540621042251586914e-01 -1.155701652169227600e-01 3.888560831546783447e-02
-9.389725923538208008e-01 2.937356531620025635e-01 1.790242195129394531e-01 -2.737235091626644135e-02
2.047473192214965820e-01 5.903109908103942871e-02 9.770331978797912598e-01 -2.967814505100250244e-01
0.000000000000000000e+00 0.000000000000000000e+00 0.000000000000000000e+00 1.000000000000000000e+00
3.276521563529968262e-01 9.374901056289672852e-01 -1.172871440649032593e-01 3.817889466881752014e-02
-9.346119165420532227e-01 3.397924005985260010e-01 1.050790548324584961e-01 -1.310152467340230942e-03
1.383638530969619751e-01 7.518859952688217163e-02 9.875231981277465820e-01 -2.963044941425323486e-01
0.000000000000000000e+00 0.000000000000000000e+00 0.000000000000000000e+00 1.000000000000000000e+00
3.642680346965789795e-01 9.182080626487731934e-01 -1.555717587471008301e-01 4.829217866063117981e-02
-9.288070797920227051e-01 3.703904747962951660e-01 1.131807360798120499e-02 3.147591277956962585e-02
6.801462918519973755e-02 1.403733640909194946e-01 9.877597689628601074e-01 -2.923762202262878418e-01
0.000000000000000000e+00 0.000000000000000000e+00 0.000000000000000000e+00 1.000000000000000000e+00
4.026226699352264404e-01 9.008052945137023926e-01 -1.626181602478027344e-01 4.867657646536827087e-02
-9.153608679771423340e-01 3.968096673488616943e-01 -6.823830306529998779e-02 5.839333683252334595e-02
3.059015609323978424e-03 1.763285994529724121e-01 9.843266010284423828e-01 -2.877010405063629150e-01
0.000000000000000000e+00 0.000000000000000000e+00 0.000000000000000000e+00 1.000000000000000000e+00
4.514302313327789307e-01 8.691344261169433594e-01 -2.020288109779357910e-01 5.749186128377914429e-02
-8.906432986259460449e-01 4.250714480876922607e-01 -1.614576876163482666e-01 8.707337081432342529e-02
-5.445181578397750854e-02 2.528225183486938477e-01 9.659792184829711914e-01 -2.769446372985839844e-01
0.000000000000000000e+00 0.000000000000000000e+00 0.000000000000000000e+00 1.000000000000000000e+00
5.302990078926086426e-01 8.303832411766052246e-01 -1.710164397954940796e-01 4.253830760717391968e-02
-8.409773111343383789e-01 4.896529316902160645e-01 -2.302107512950897217e-01 1.057600528001785278e-01
-1.074244379997253418e-01 2.659014761447906494e-01 9.579960107803344727e-01 -2.703123986721038818e-01
0.000000000000000000e+00 0.000000000000000000e+00 0.000000000000000000e+00 1.000000000000000000e+00
5.883781909942626953e-01 7.896376252174377441e-01 -1.740210205316543579e-01 3.913785144686698914e-02
-7.956314682960510254e-01 5.270151495933532715e-01 -2.987063825130462646e-01 1.226953789591789246e-01
-1.441581249237060547e-01 3.142089545726776123e-01 9.383448958396911621e-01 -2.605790495872497559e-01
0.000000000000000000e+00 0.000000000000000000e+00 0.000000000000000000e+00 1.000000000000000000e+00
6.626707315444946289e-01 7.333576083183288574e-01 -1.518345326185226440e-01 2.625142782926559448e-02
-7.258360385894775391e-01 5.789767503738403320e-01 -3.714132010936737061e-01 1.378365606069564819e-01
-1.844701617956161499e-01 3.563316464424133301e-01 9.159685969352722168e-01 -2.498468905687332153e-01
0.000000000000000000e+00 0.000000000000000000e+00 0.000000000000000000e+00 1.000000000000000000e+00
7.279022336006164551e-01 6.731163263320922852e-01 -1.306634247303009033e-01 1.686629652976989746e-02
-6.501911282539367676e-01 6.170671582221984863e-01 -4.432602822780609131e-01 1.522598117589950562e-01
-2.177376747131347656e-01 4.076063036918640137e-01 8.868188858032226562e-01 -2.358659654855728149e-01
0.000000000000000000e+00 0.000000000000000000e+00 0.000000000000000000e+00 1.000000000000000000e+00
7.478981614112854004e-01 6.514056324958801270e-01 -1.277433931827545166e-01 1.384084019809961319e-02
-6.075535416603088379e-01 5.941862463951110840e-01 -5.270866155624389648e-01 1.713691204786300659e-01
-2.674438357353210449e-01 4.718180894851684570e-01 8.401551246643066406e-01 -2.150162160396575928e-01
0.000000000000000000e+00 0.000000000000000000e+00 0.000000000000000000e+00 1.000000000000000000e+00
7.801874279975891113e-01 6.118096709251403809e-01 -1.303703039884567261e-01 1.165677420794963837e-02
-5.391593575477600098e-01 5.519998669624328613e-01 -6.360841989517211914e-01 1.990894973278045654e-01
-3.171981275081634521e-01 5.665553212165832520e-01 7.605262398719787598e-01 -1.858184337615966797e-01
0.000000000000000000e+00 0.000000000000000000e+00 0.000000000000000000e+00 1.000000000000000000e+00
8.013679981231689453e-01 5.853870511054992676e-01 -1.230120435357093811e-01 8.126493543386459351e-03
-4.834936261177062988e-01 5.128068923950195312e-01 -7.094104290008544922e-01 2.184872776269912720e-01
-3.521978557109832764e-01 6.279740929603576660e-01 6.939782500267028809e-01 -1.618640869855880737e-01
0.000000000000000000e+00 0.000000000000000000e+00 0.000000000000000000e+00 1.000000000000000000e+00
8.279867172241210938e-01 5.481500029563903809e-01 -1.181915104389190674e-01 3.905225312337279320e-03
-4.187741875648498535e-01 4.642886519432067871e-01 -7.804259061813354492e-01 2.368208318948745728e-01
-3.729153573513031006e-01 6.956776976585388184e-01 6.139758825302124023e-01 -1.389613449573516846e-01
0.000000000000000000e+00 0.000000000000000000e+00 0.000000000000000000e+00 1.000000000000000000e+00
8.561275005340576172e-01 5.104190111160278320e-01 -8.073411881923675537e-02 -8.528002537786960602e-03
-3.349482119083404541e-01 4.291279613971710205e-01 -8.388433456420898438e-01 2.510516941547393799e-01
-3.935165405273437500e-01 7.451986670494079590e-01 5.383521914482116699e-01 -1.187514290213584900e-01
0.000000000000000000e+00 0.000000000000000000e+00 0.000000000000000000e+00 1.000000000000000000e+00
8.744708299636840820e-01 4.829349815845489502e-01 -4.554942622780799866e-02 -1.856428384780883789e-02
-2.226894497871398926e-01 3.162562251091003418e-01 -9.221665263175964355e-01 2.669328451156616211e-01
-4.309412539005279541e-01 8.165508508682250977e-01 3.841014206409454346e-01 -7.644332200288772583e-02
0.000000000000000000e+00 0.000000000000000000e+00 0.000000000000000000e+00 1.000000000000000000e+00
8.597150444984436035e-01 5.100480914115905762e-01 -2.721714973449707031e-02 -2.858565747737884521e-02
-1.114399582147598267e-01 1.353026330471038818e-01 -9.845172166824340820e-01 2.834479808807373047e-01
-4.984687864780426025e-01 8.494378924369812012e-01 1.731614321470260620e-01 -1.525483466684818268e-02
0.000000000000000000e+00 0.000000000000000000e+00 0.000000000000000000e+00 1.000000000000000000e+00
8.500287532806396484e-01 5.251845121383666992e-01 -4.040567204356193542e-02 -2.222724445164203644e-02
-1.095808446407318115e-01 1.012855693697929382e-01 -9.888036251068115234e-01 2.838631272315979004e-01
-5.152119994163513184e-01 8.449390530586242676e-01 1.436458081007003784e-01 -1.341956015676259995e-02
0.000000000000000000e+00 0.000000000000000000e+00 0.000000000000000000e+00 1.000000000000000000e+00
8.088521361351013184e-01 5.873463153839111328e-01 -2.798744663596153259e-02 -2.158054523169994354e-02
-1.099651157855987549e-01 1.043362841010093689e-01 -9.884439110755920410e-01 2.835014462471008301e-01
-5.776386260986328125e-01 8.025820255279541016e-01 1.489802002906799316e-01 -1.427983120083808899e-02
0.000000000000000000e+00 0.000000000000000000e+00 0.000000000000000000e+00 1.000000000000000000e+00
7.759999036788940430e-01 6.290386319160461426e-01 -4.620442166924476624e-02 -1.514357142150402069e-02
-2.432904243469238281e-01 2.309335023164749146e-01 -9.420611858367919922e-01 2.761007249355316162e-01
-5.819222331047058105e-01 7.422803640365600586e-01 3.322433829307556152e-01 -5.592014640569686890e-02
0.000000000000000000e+00 0.000000000000000000e+00 0.000000000000000000e+00 1.000000000000000000e+00
8.013947606086730957e-01 5.937020182609558105e-01 -7.269317656755447388e-02 -8.642800152301788330e-03
-3.068434894084930420e-01 3.037453293800354004e-01 -9.019895792007446289e-01 2.674346268177032471e-01
-5.134333372116088867e-01 7.451552748680114746e-01 4.255936741828918457e-01 -8.353955298662185669e-02
0.000000000000000000e+00 0.000000000000000000e+00 0.000000000000000000e+00 1.000000000000000000e+00
7.958947420120239258e-01 5.992792844772338867e-01 -8.611756563186645508e-02 -5.324889440089464188e-03
-3.661691248416900635e-01 3.631885647773742676e-01 -8.567465543746948242e-01 2.577887773513793945e-01
-4.821530878543853760e-01 7.134132385253906250e-01 5.084975957870483398e-01 -1.074700579047203064e-01
0.000000000000000000e+00 0.000000000000000000e+00 0.000000000000000000e+00 1.000000000000000000e+00
8.243932723999023438e-01 5.624535083770751953e-01 -6.341345608234405518e-02 -1.773595251142978668e-02
-4.514756798744201660e-01 5.858544111251831055e-01 -6.730114817619323730e-01 2.187928706407546997e-01
-3.413865864276885986e-01 5.834559798240661621e-01 7.369086742401123047e-01 -1.781950443983078003e-01
0.000000000000000000e+00 0.000000000000000000e+00 0.000000000000000000e+00 1.000000000000000000e+00
8.249022960662841797e-01 5.635012388229370117e-01 -4.475135356187820435e-02 -2.423558384180068970e-02
-4.702728986740112305e-01 6.401847004890441895e-01 -6.074587106704711914e-01 1.997321695089340210e-01
-3.136547207832336426e-01 5.221393704414367676e-01 7.930893898010253906e-01 -1.956123858690261841e-01
0.000000000000000000e+00 0.000000000000000000e+00 0.000000000000000000e+00 1.000000000000000000e+00
8.493304252624511719e-01 5.263383984565734863e-01 -4.006937518715858459e-02 -2.607483044266700745e-02
-4.635012745857238770e-01 7.072987556457519531e-01 -5.337561964988708496e-01 1.775178760290145874e-01
-2.525950968265533447e-01 4.719071090221405029e-01 8.446890115737915039e-01 -2.128608971834182739e-01
0.000000000000000000e+00 0.000000000000000000e+00 0.000000000000000000e+00 1.000000000000000000e+00
8.667924404144287109e-01 4.986433684825897217e-01 -5.095127038657665253e-03 -3.511678054928779602e-02
-4.606565535068511963e-01 7.967636585235595703e-01 -3.911050260066986084e-01 1.361049562692642212e-01
-1.909623742103576660e-01 3.413538038730621338e-01 9.203318953514099121e-01 -2.361349761486053467e-01
0.000000000000000000e+00 0.000000000000000000e+00 0.000000000000000000e+00 1.000000000000000000e+00
8.730655312538146973e-01 4.875638782978057861e-01 -6.165748462080955505e-03 -3.296366706490516663e-02
-4.727921783924102783e-01 8.433858752250671387e-01 -2.552775144577026367e-01 9.815880656242370605e-02
-1.192641183733940125e-01 2.257893383502960205e-01 9.668480753898620605e-01 -2.519035041332244873e-01
0.000000000000000000e+00 0.000000000000000000e+00 0.000000000000000000e+00 1.000000000000000000e+00
8.787154555320739746e-01 4.773431420326232910e-01 1.683306647464632988e-03 -3.127867355942726135e-02
-4.768176078796386719e-01 8.779029250144958496e-01 -4.394706711173057556e-02 3.885691240429878235e-02
-2.245561964809894562e-02 3.781433030962944031e-02 9.990323781967163086e-01 -2.655132710933685303e-01
0.000000000000000000e+00 0.000000000000000000e+00 0.000000000000000000e+00 1.000000000000000000e+00
8.876557946205139160e-01 4.605067968368530273e-01 7.354359258897602558e-04 -2.944720163941383362e-02
-4.600274264812469482e-01 8.866567611694335938e-01 4.705677926540374756e-02 1.154904160648584366e-02
2.101789973676204681e-02 -4.210853204131126404e-02 9.988920092582702637e-01 -2.680898606777191162e-01
0.000000000000000000e+00 0.000000000000000000e+00 0.000000000000000000e+00 1.000000000000000000e+00
8.947155475616455078e-01 4.466302692890167236e-01 2.258508000522851944e-03 -2.953384444117546082e-02
-4.416858851909637451e-01 8.840373158454895020e-01 1.529418379068374634e-01 -2.123649604618549347e-02
6.631189584732055664e-02 -1.378369778394699097e-01 9.882326126098632812e-01 -2.671862542629241943e-01
0.000000000000000000e+00 0.000000000000000000e+00 0.000000000000000000e+00 1.000000000000000000e+00
8.970567584037780762e-01 4.419056773185729980e-01 2.854891121387481689e-03 -2.943335846066474915e-02
-4.279885590076446533e-01 8.671602010726928711e-01 2.546744942665100098e-01 -5.353908985853195190e-02
1.100665032863616943e-01 -2.296793311834335327e-01 9.670224785804748535e-01 -2.626060545444488525e-01
0.000000000000000000e+00 0.000000000000000000e+00 0.000000000000000000e+00 1.000000000000000000e+00
9.025842547416687012e-01 4.305086731910705566e-01 -1.790773356333374977e-03 -2.770829945802688599e-02
-3.994761705398559570e-01 8.390596508979797363e-01 3.693198263645172119e-01 -9.126612544059753418e-02
1.604980528354644775e-01 -3.326268196105957031e-01 9.293007254600524902e-01 -2.531135976314544678e-01
0.000000000000000000e+00 0.000000000000000000e+00 0.000000000000000000e+00 1.000000000000000000e+00
9.073606133460998535e-01 4.203125238418579102e-01 -5.772405304014682770e-03 -2.794539928436279297e-02
-3.713299930095672607e-01 8.079034090042114258e-01 4.576095044612884521e-01 -1.206249594688415527e-01
1.970027536153793335e-01 -4.130732715129852295e-01 8.891343474388122559e-01 -2.432403415441513062e-01
0.000000000000000000e+00 0.000000000000000000e+00 0.000000000000000000e+00 1.000000000000000000e+00
9.179151654243469238e-01 3.967323005199432373e-01 5.992237478494644165e-03 -3.431811183691024780e-02
-3.348373174667358398e-01 7.664298415184020996e-01 5.481507778167724609e-01 -1.506080031394958496e-01
2.128765136003494263e-01 -5.051618814468383789e-01 8.363580703735351562e-01 -2.301100343465805054e-01
0.000000000000000000e+00 0.000000000000000000e+00 0.000000000000000000e+00 1.000000000000000000e+00
9.131183624267578125e-01 4.071840047836303711e-01 2.038457430899143219e-02 -3.989709168672561646e-02
-3.285116553306579590e-01 7.052417397499084473e-01 6.282628774642944336e-01 -1.752909123897552490e-01
2.414427399635314941e-01 -5.803749561309814453e-01 7.777340412139892578e-01 -2.160196006298065186e-01
0.000000000000000000e+00 0.000000000000000000e+00 0.000000000000000000e+00 1.000000000000000000e+00
9.231071472167968750e-01 3.823775053024291992e-01 4.076082259416580200e-02 -4.770467802882194519e-02
-2.898385524749755859e-01 6.221833229064941406e-01 7.272422909736633301e-01 -2.063290774822235107e-01
2.527205049991607666e-01 -6.831362843513488770e-01 6.851693391799926758e-01 -1.901976913213729858e-01
0.000000000000000000e+00 0.000000000000000000e+00 0.000000000000000000e+00 1.000000000000000000e+00
9.306625127792358398e-01 3.601798713207244873e-01 6.432581692934036255e-02 -5.638668686151504517e-02
-2.666963040828704834e-01 5.474508404731750488e-01 7.932023406028747559e-01 -2.279357463121414185e-01
2.504802346229553223e-01 -7.553590536117553711e-01 6.055504679679870605e-01 -1.659110933542251587e-01
0.000000000000000000e+00 0.000000000000000000e+00 0.000000000000000000e+00 1.000000000000000000e+00
9.397267103195190430e-01 3.366342484951019287e-01 5.993101373314857483e-02 -5.711542442440986633e-02
-2.239905446767807007e-01 4.736389815807342529e-01 8.517594337463378906e-01 -2.484519928693771362e-01
2.583456635475158691e-01 -8.138450384140014648e-01 5.204941630363464355e-01 -1.417629718780517578e-01
0.000000000000000000e+00 0.000000000000000000e+00 0.000000000000000000e+00 1.000000000000000000e+00
9.517834186553955078e-01 3.015679419040679932e-01 5.625806376338005066e-02 -5.921103432774543762e-02
-1.821900606155395508e-01 4.081314504146575928e-01 8.945587873458862305e-01 -2.629405856132507324e-01
2.468094825744628906e-01 -8.616757392883300781e-01 4.433954954147338867e-01 -1.199375241994857788e-01
0.000000000000000000e+00 0.000000000000000000e+00 0.000000000000000000e+00 1.000000000000000000e+00
9.615639448165893555e-01 2.707393169403076172e-01 4.577398300170898438e-02 -5.904115363955497742e-02
-1.415512561798095703e-01 3.459199666976928711e-01 9.275250434875488281e-01 -2.757763564586639404e-01
2.352832406759262085e-01 -8.983536958694458008e-01 3.709475398063659668e-01 -9.784144163131713867e-02
0.000000000000000000e+00 0.000000000000000000e+00 0.000000000000000000e+00 1.000000000000000000e+00
9.720039963722229004e-01 2.248212695121765137e-01 6.829240918159484863e-02 -6.817760318517684937e-02
-1.274148523807525635e-01 2.601311504840850830e-01 9.571297764778137207e-01 -2.894823253154754639e-01
1.974180787801742554e-01 -9.390351772308349609e-01 2.814941108226776123e-01 -6.533067673444747925e-02
0.000000000000000000e+00 0.000000000000000000e+00 0.000000000000000000e+00 1.000000000000000000e+00
9.800785183906555176e-01 1.923815160989761353e-01 4.935089126229286194e-02 -6.512513011693954468e-02
-7.917411625385284424e-02 1.505616605281829834e-01 9.854248762130737305e-01 -3.024598360061645508e-01
1.821472346782684326e-01 -9.697011709213256836e-01 1.627938002347946167e-01 -2.534332498908042908e-02
0.000000000000000000e+00 0.000000000000000000e+00 0.000000000000000000e+00 1.000000000000000000e+00
9.952028393745422363e-01 9.768175333738327026e-02 5.399857647716999054e-03 -5.471340566873550415e-02
-1.739994622766971588e-02 1.224186122417449951e-01 9.923259019851684570e-01 -3.062045276165008545e-01
9.627112001180648804e-02 -9.876595735549926758e-01 1.235309317708015442e-01 -1.296945475041866302e-02
0.000000000000000000e+00 0.000000000000000000e+00 0.000000000000000000e+00 1.000000000000000000e+00
9.975352287292480469e-01 6.979023665189743042e-02 -7.297997828572988510e-03 -5.183144658803939819e-02
-9.827849455177783966e-03 2.419316619634628296e-01 9.702436327934265137e-01 -3.013185858726501465e-01
6.947911530733108521e-02 -9.677799940109252930e-01 2.420210540294647217e-01 -5.018069222569465637e-02
0.000000000000000000e+00 0.000000000000000000e+00 0.000000000000000000e+00 1.000000000000000000e+00
9.987428188323974609e-01 1.926613040268421173e-02 -4.627454653382301331e-02 -3.880275785923004150e-02
3.867255896329879761e-02 2.911608517169952393e-01 9.558920860290527344e-01 -3.075435161590576172e-01
3.188968077301979065e-02 -9.564801454544067383e-01 2.900497615337371826e-01 -6.348942220211029053e-02
0.000000000000000000e+00 0.000000000000000000e+00 0.000000000000000000e+00 1.000000000000000000e+00
9.885480403900146484e-01 -6.336628645658493042e-02 -1.369567066431045532e-01 -3.490693634375929832e-03
1.491098701953887939e-01 2.705727517604827881e-01 9.510821700096130371e-01 -3.183706402778625488e-01
-2.320976741611957550e-02 -9.606117606163024902e-01 2.769227325916290283e-01 -5.647137388586997986e-02
0.000000000000000000e+00 0.000000000000000000e+00 0.000000000000000000e+00 1.000000000000000000e+00
9.710716605186462402e-01 -6.941460818052291870e-02 -2.284759432077407837e-01 2.658808045089244843e-02
2.386884093284606934e-01 2.545602321624755859e-01 9.371379017829895020e-01 -3.231089115142822266e-01
-6.890180986374616623e-03 -9.645623564720153809e-01 2.637646496295928955e-01 -5.161486566066741943e-02
0.000000000000000000e+00 0.000000000000000000e+00 0.000000000000000000e+00 1.000000000000000000e+00
9.743537902832031250e-01 -2.869485318660736084e-02 -2.231847196817398071e-01 2.324052527546882629e-02
2.219581305980682373e-01 2.856687009334564209e-01 9.322705864906311035e-01 -3.214817941188812256e-01
3.700552508234977722e-02 -9.578985571861267090e-01 2.847114503383636475e-01 -6.217166036367416382e-02
0.000000000000000000e+00 0.000000000000000000e+00 0.000000000000000000e+00 1.000000000000000000e+00
9.846989512443542480e-01 2.770180627703666687e-02 -1.720485538244247437e-01 3.749357536435127258e-03
1.539901047945022583e-01 3.238596022129058838e-01 9.334890842437744141e-01 -3.191529512405395508e-01
8.157890290021896362e-02 -9.456991553306579590e-01 3.146384954452514648e-01 -7.670722901821136475e-02
0.000000000000000000e+00 0.000000000000000000e+00 0.000000000000000000e+00 1.000000000000000000e+00
9.886356592178344727e-01 1.041857749223709106e-01 -1.083731055259704590e-01 -2.112986519932746887e-02
6.263709068298339844e-02 3.698574304580688477e-01 9.269745349884033203e-01 -3.117977380752563477e-01
1.366601735353469849e-01 -9.232285618782043457e-01 3.591283559799194336e-01 -9.861138463020324707e-02
0.000000000000000000e+00 0.000000000000000000e+00 0.000000000000000000e+00 1.000000000000000000e+00
9.832525849342346191e-01 1.811587214469909668e-01 -1.989486441016197205e-02 -5.264392867684364319e-02
-3.706415370106697083e-02 3.056537210941314697e-01 9.514212012290954590e-01 -3.141874969005584717e-01
1.784391403198242188e-01 -9.347497820854187012e-01 3.072492778301239014e-01 -8.586111664772033691e-02
0.000000000000000000e+00 0.000000000000000000e+00 0.000000000000000000e+00 1.000000000000000000e+00
9.281214475631713867e-01 3.599699735641479492e-01 9.493102878332138062e-02 -8.851304650306701660e-02
-2.191244810819625854e-01 3.220898509025573730e-01 9.210006594657897949e-01 -2.944859862327575684e-01
3.009563982486724854e-01 -8.756024837493896484e-01 3.778170645236968994e-01 -1.191178709268569946e-01
0.000000000000000000e+00 0.000000000000000000e+00 0.000000000000000000e+00 1.000000000000000000e+00
8.848668336868286133e-01 4.560914933681488037e-01 9.482433646917343140e-02 -8.682936429977416992e-02
-2.749380767345428467e-01 3.469868302345275879e-01 8.966658711433410645e-01 -2.822848856449127197e-01
3.760589063167572021e-01 -8.195006847381591797e-01 4.324341714382171631e-01 -1.451995670795440674e-01
0.000000000000000000e+00 0.000000000000000000e+00 0.000000000000000000e+00 1.000000000000000000e+00
8.395985364913940430e-01 5.397985577583312988e-01 6.076015904545783997e-02 -7.360483705997467041e-02
-3.326294720172882080e-01 4.224656522274017334e-01 8.431372642517089844e-01 -2.619799673557281494e-01
4.294551312923431396e-01 -7.281072139739990234e-01 5.342540740966796875e-01 -1.834845244884490967e-01
0.000000000000000000e+00 0.000000000000000000e+00 0.000000000000000000e+00 1.000000000000000000e+00
8.081822395324707031e-01 5.868437290191650391e-01 4.955569282174110413e-02 -6.796798110008239746e-02
-4.193097949028015137e-01 5.142842531204223633e-01 7.481247782707214355e-01 -2.245796918869018555e-01
4.135468006134033203e-01 -6.254001259803771973e-01 6.617051362991333008e-01 -2.251894026994705200e-01
0.000000000000000000e+00 0.000000000000000000e+00 0.000000000000000000e+00 1.000000000000000000e+00
7.788131237030029297e-01 6.268238425254821777e-01 2.328212559223175049e-02 -5.804093927145004272e-02
-5.025982856750488281e-01 6.013980507850646973e-01 6.210603713989257812e-01 -1.768094152212142944e-01
3.752934336662292480e-01 -4.953914880752563477e-01 7.834166884422302246e-01 -2.628324329853057861e-01
0.000000000000000000e+00 0.000000000000000000e+00 0.000000000000000000e+00 1.000000000000000000e+00
7.538181543350219727e-01 6.566335558891296387e-01 2.430183067917823792e-02 -5.673689395189285278e-02
-5.676847696304321289e-01 6.321883201599121094e-01 5.273248553276062012e-01 -1.413918435573577881e-01
3.308959901332855225e-01 -4.113026857376098633e-01 8.493164181709289551e-01 -2.821528315544128418e-01
0.000000000000000000e+00 0.000000000000000000e+00 0.000000000000000000e+00 1.000000000000000000e+00
6.577153801918029785e-01 7.529559135437011719e-01 2.164436876773834229e-02 -4.928083345293998718e-02
-6.758251190185546875e-01 5.771636366844177246e-01 4.584121406078338623e-01 -1.107040122151374817e-01
3.326716423034667969e-01 -3.161322176456451416e-01 8.884758353233337402e-01 -2.966942787170410156e-01
0.000000000000000000e+00 0.000000000000000000e+00 0.000000000000000000e+00 1.000000000000000000e+00
5.911549925804138184e-01 8.065458536148071289e-01 -4.367637448012828827e-03 -3.555983304977416992e-02
-7.402513027191162109e-01 5.446988940238952637e-01 3.941203355789184570e-01 -8.445294946432113647e-02
3.202553987503051758e-01 -2.297530770301818848e-01 9.190483689308166504e-01 -3.076037764549255371e-01
0.000000000000000000e+00 0.000000000000000000e+00 0.000000000000000000e+00 1.000000000000000000e+00
5.424872636795043945e-01 8.390666246414184570e-01 -4.092117026448249817e-02 -1.924861781299114227e-02
-7.853894233703613281e-01 5.238645672798156738e-01 3.297411501407623291e-01 -5.921922251582145691e-02
2.981120049953460693e-01 -1.467413604259490967e-01 9.431841969490051270e-01 -3.144634664058685303e-01
0.000000000000000000e+00 0.000000000000000000e+00 0.000000000000000000e+00 1.000000000000000000e+00
5.088778138160705566e-01 8.539719581604003906e-01 -1.085130870342254639e-01 6.316075567156076431e-03
-8.166860342025756836e-01 5.187785029411315918e-01 2.527700066566467285e-01 -3.053152747452259064e-02
2.721527814865112305e-01 -4.000788554549217224e-02 9.614219665527343750e-01 -3.196631073951721191e-01
0.000000000000000000e+00 0.000000000000000000e+00 0.000000000000000000e+00 1.000000000000000000e+00
4.403447806835174561e-01 8.835504651069641113e-01 -1.594831794500350952e-01 2.958056703209877014e-02
-8.581790328025817871e-01 4.664097130298614502e-01 2.144542634487152100e-01 -1.456642150878906250e-02
2.638656795024871826e-01 4.243132472038269043e-02 9.636256694793701172e-01 -3.201965093612670898e-01
0.000000000000000000e+00 0.000000000000000000e+00 0.000000000000000000e+00 1.000000000000000000e+00
3.561645448207855225e-01 9.001734256744384766e-01 -2.506682574748992920e-01 6.669788807630538940e-02
-8.948259353637695312e-01 4.058349430561065674e-01 1.859690248966217041e-01 -2.092149574309587479e-03
2.691343128681182861e-01 1.580689400434494019e-01 9.500426054000854492e-01 -3.156287372112274170e-01
0.000000000000000000e+00 0.000000000000000000e+00 0.000000000000000000e+00 1.000000000000000000e+00
2.887668907642364502e-01 8.909770846366882324e-01 -3.503902852535247803e-01 1.044728383421897888e-01
-9.160971045494079590e-01 3.634754419326782227e-01 1.692678928375244141e-01 5.052725318819284439e-03
2.781720757484436035e-01 2.721126079559326172e-01 9.211813211441040039e-01 -3.068144619464874268e-01
0.000000000000000000e+00 0.000000000000000000e+00 0.000000000000000000e+00 1.000000000000000000e+00
2.747233211994171143e-01 8.633460998535156250e-01 -4.232742190361022949e-01 1.294405013322830200e-01
-9.336138963699340820e-01 3.448055088520050049e-01 9.733851253986358643e-02 3.063352406024932861e-02
2.299839854240417480e-01 3.684335052967071533e-01 9.007581472396850586e-01 -2.962978780269622803e-01
0.000000000000000000e+00 0.000000000000000000e+00 0.000000000000000000e+00 1.000000000000000000e+00
1.820850968360900879e-01 7.894843816757202148e-01 -5.861399173736572266e-01 1.891840100288391113e-01
-9.621725082397460938e-01 2.659167945384979248e-01 5.926936119794845581e-02 4.372349381446838379e-02
2.026568204164505005e-01 5.531754493713378906e-01 8.080400824546813965e-01 -2.638759315013885498e-01
0.000000000000000000e+00 0.000000000000000000e+00 0.000000000000000000e+00 1.000000000000000000e+00
1.393390893936157227e-01 6.834115386009216309e-01 -7.166125774383544922e-01 2.347746044397354126e-01
-9.729063510894775391e-01 2.293083518743515015e-01 2.951113507151603699e-02 5.410222336649894714e-02
1.844933927059173584e-01 6.930844783782958984e-01 6.968471407890319824e-01 -2.265545874834060669e-01
0.000000000000000000e+00 0.000000000000000000e+00 0.000000000000000000e+00 1.000000000000000000e+00
1.125674769282341003e-01 5.839229822158813477e-01 -8.039660453796386719e-01 2.643128633499145508e-01
-9.843058586120605469e-01 1.761938482522964478e-01 -9.847612120211124420e-03 6.704853475093841553e-02
1.359036713838577271e-01 7.924575805664062500e-01 5.945929288864135742e-01 -1.909575313329696655e-01
0.000000000000000000e+00 0.000000000000000000e+00 0.000000000000000000e+00 1.000000000000000000e+00
8.611664921045303345e-02 5.115007162094116211e-01 -8.549568653106689453e-01 2.825274765491485596e-01
-9.901161193847656250e-01 1.392884701490402222e-01 -1.639763824641704559e-02 7.018651068210601807e-02
1.106981560587882996e-01 8.479184508323669434e-01 5.184401869773864746e-01 -1.646016687154769897e-01
0.000000000000000000e+00 0.000000000000000000e+00 0.000000000000000000e+00 1.000000000000000000e+00
1.563757210969924927e-01 5.139586925506591797e-01 -8.434411883354187012e-01 2.726425528526306152e-01
-9.873363375663757324e-01 1.044366732239723206e-01 -1.194145679473876953e-01 1.034124940633773804e-01
2.671202272176742554e-02 8.514337539672851562e-01 5.237817764282226562e-01 -1.596017926931381226e-01
0.000000000000000000e+00 0.000000000000000000e+00 0.000000000000000000e+00 1.000000000000000000e+00
2.626152038574218750e-01 5.924853086471557617e-01 -7.615733146667480469e-01 2.387176454067230225e-01
-9.594891667366027832e-01 7.687651365995407104e-02 -2.710548639297485352e-01 1.502622663974761963e-01
-1.020488068461418152e-01 8.019051551818847656e-01 5.886720418930053711e-01 -1.698951721191406250e-01
0.000000000000000000e+00 0.000000000000000000e+00 0.000000000000000000e+00 1.000000000000000000e+00
3.151738345623016357e-01 6.377958059310913086e-01 -7.027676701545715332e-01 2.170193046331405640e-01
-9.291859269142150879e-01 5.672810226678848267e-02 -3.652334809303283691e-01 1.777444928884506226e-01
-1.930776387453079224e-01 7.681138515472412109e-01 6.105101108551025391e-01 -1.700206547975540161e-01
0.000000000000000000e+00 0.000000000000000000e+00 0.000000000000000000e+00 1.000000000000000000e+00
3.603605329990386963e-01 6.524000167846679688e-01 -6.667195558547973633e-01 2.023629695177078247e-01
-8.904097676277160645e-01 2.752889692783355713e-02 -4.543270170688629150e-01 2.026982903480529785e-01
-2.780487835407257080e-01 7.573749423027038574e-01 5.908236503601074219e-01 -1.568305045366287231e-01
0.000000000000000000e+00 0.000000000000000000e+00 0.000000000000000000e+00 1.000000000000000000e+00
4.110810458660125732e-01 6.580536961555480957e-01 -6.308547854423522949e-01 1.862186044454574585e-01
-8.384454250335693359e-01 1.311193685978651047e-03 -5.449844598770141602e-01 2.267342358827590942e-01
-3.578017950057983398e-01 7.529696822166442871e-01 5.522807240486145020e-01 -1.373709887266159058e-01
0.000000000000000000e+00 0.000000000000000000e+00 0.000000000000000000e+00 1.000000000000000000e+00
5.087893009185791016e-01 6.601940393447875977e-01 -5.525186657905578613e-01 1.556522548198699951e-01
-7.310807108879089355e-01 -7.557068951427936554e-03 -6.822493076324462891e-01 2.591930031776428223e-01
-4.545920491218566895e-01 7.510573267936706543e-01 4.788100421428680420e-01 -1.033996418118476868e-01
0.000000000000000000e+00 0.000000000000000000e+00 0.000000000000000000e+00 1.000000000000000000e+00
6.111359000205993652e-01 6.992357373237609863e-01 -3.709197938442230225e-01 9.117262065410614014e-02
-5.766059160232543945e-01 7.225334644317626953e-02 -8.138210177421569824e-01 2.914189696311950684e-01
-5.422531366348266602e-01 7.112298607826232910e-01 4.473402798175811768e-01 -8.575802296400070190e-02
0.000000000000000000e+00 0.000000000000000000e+00 0.000000000000000000e+00 1.000000000000000000e+00
6.193900704383850098e-01 7.404065132141113281e-01 -2.610643804073333740e-01 5.921930447220802307e-02
-4.926744699478149414e-01 1.076725795865058899e-01 -8.635267615318298340e-01 3.012524545192718506e-01
-6.112511157989501953e-01 6.634793877601623535e-01 4.314705133438110352e-01 -7.641056180000305176e-02
0.000000000000000000e+00 0.000000000000000000e+00 0.000000000000000000e+00 1.000000000000000000e+00
5.840927362442016602e-01 7.903816699981689453e-01 -1.847484707832336426e-01 4.195344448089599609e-02
-3.840080499649047852e-01 6.855328381061553955e-02 -9.207814335823059082e-01 3.121250569820404053e-01
-7.151039838790893555e-01 6.087667346000671387e-01 3.435544073581695557e-01 -4.677091166377067566e-02
0.000000000000000000e+00 0.000000000000000000e+00 0.000000000000000000e+00 1.000000000000000000e+00
4.311897158622741699e-01 8.997421860694885254e-01 -6.737218797206878662e-02 2.074972540140151978e-02
-2.379095554351806641e-01 4.135152325034141541e-02 -9.704069495201110840e-01 3.187710642814636230e-01
-8.703300356864929199e-01 4.344578683376312256e-01 2.318875938653945923e-01 -1.060767471790313721e-02
0.000000000000000000e+00 0.000000000000000000e+00 0.000000000000000000e+00 1.000000000000000000e+00
2.694238722324371338e-01 9.582082033157348633e-01 9.616643935441970825e-02 -2.459724619984626770e-02
-2.426436245441436768e-01 1.641822457313537598e-01 -9.561210274696350098e-01 3.218666613101959229e-01
-9.319521188735961914e-01 2.342678904533386230e-01 2.767380774021148682e-01 -3.246439248323440552e-02
0.000000000000000000e+00 0.000000000000000000e+00 0.000000000000000000e+00 1.000000000000000000e+00
2.819567322731018066e-01 9.587478637695312500e-01 -3.609005361795425415e-02 1.839003711938858032e-02
-3.565917313098907471e-01 6.979961693286895752e-02 -9.316491484642028809e-01 3.159557878971099854e-01
-8.906978368759155273e-01 2.755541801452636719e-01 3.615623712539672852e-01 -5.859673023223876953e-02
0.000000000000000000e+00 0.000000000000000000e+00 0.000000000000000000e+00 1.000000000000000000e+00
2.741322815418243408e-01 9.613484144210815430e-01 -2.570687606930732727e-02 2.128005027770996094e-02
-4.571059644222259521e-01 1.067342162132263184e-01 -8.829848170280456543e-01 3.052928149700164795e-01
-8.461120128631591797e-01 2.538052499294281006e-01 4.686974883079528809e-01 -9.535406529903411865e-02
0.000000000000000000e+00 0.000000000000000000e+00 0.000000000000000000e+00 1.000000000000000000e+00
1.538362056016921997e-01 9.865605831146240234e-01 -5.507407709956169128e-02 3.562412783503532410e-02
-4.708983898162841797e-01 2.419911883771419525e-02 -8.818554878234863281e-01 3.043365776538848877e-01
-8.686705827713012695e-01 1.615953743457794189e-01 4.682924747467041016e-01 -9.678763896226882935e-02
