1.000000000000000000e+00 0.000000000000000000e+00 0.000000000000000000e+00 -4.542167112231254578e-02
0.000000000000000000e+00 1.000000000000000000e+00 0.000000000000000000e+00 9.935460984706878662e-04
0.000000000000000000e+00 0.000000000000000000e+00 1.000000000000000000e+00 -2.875000238418579102e-01
0.000000000000000000e+00 0.000000000000000000e+00 0.000000000000000000e+00 1.000000000000000000e+00
9.953824877738952637e-01 8.236958831548690796e-02 4.928486794233322144e-02 -5.827262625098228455e-02
-8.133119344711303711e-02 9.964281320571899414e-01 -2.271949127316474915e-02 1.175536867231130600e-02
-5.098021775484085083e-02 1.860619708895683289e-02 9.985261559486389160e-01 -2.915129363536834717e-01
0.000000000000000000e+00 0.000000000000000000e+00 0.000000000000000000e+00 1.000000000000000000e+00
9.830700755119323730e-01 1.717927902936935425e-01 6.372081488370895386e-02 -6.072871014475822449e-02
-1.684896051883697510e-01 9.842199087142944336e-01 -5.406021326780319214e-02 2.687106467783451080e-02
-7.200247049331665039e-02 4.240865260362625122e-02 9.965025186538696289e-01 -2.907607555389404297e-01
0.000000000000000000e+00 0.000000000000000000e+00 0.000000000000000000e+00 1.000000000000000000e+00
9.635193347930908203e-01 2.588125765323638916e-01 6.816546618938446045e-02 -5.982171371579170227e-02
-2.529641091823577881e-01 9.638339877128601074e-01 -8.386272937059402466e-02 4.091545566916465759e-02
-8.740498870611190796e-02 6.355990469455718994e-02 9.941431283950805664e-01 -2.899637520313262939e-01
0.000000000000000000e+00 0.000000000000000000e+00 0.000000000000000000e+00 1.000000000000000000e+00
9.334950447082519531e-01 3.517020642757415771e-01 6.994707137346267700e-02 -5.758035555481910706e-02
-3.413601517677307129e-01 9.313091039657592773e-01 -1.270295232534408569e-01 5.880378186702728271e-02
-1.098189353942871094e-01 9.470426291227340698e-02 9.894296526908874512e-01 -2.879122793674468994e-01
0.000000000000000000e+00 0.000000000000000000e+00 0.000000000000000000e+00 1.000000000000000000e+00
8.877105712890625000e-01 4.566516876220703125e-01 5.864353477954864502e-02 -5.091027542948722839e-02
-4.452782273292541504e-01 8.839359879493713379e-01 -1.427738368511199951e-01 6.804284453392028809e-02
-1.170350834727287292e-01 1.006291359663009644e-01 9.880165457725524902e-01 -2.884536981582641602e-01
0.000000000000000000e+00 0.000000000000000000e+00 0.000000000000000000e+00 1.000000000000000000e+00
8.386744856834411621e-01 5.429744720458984375e-01 4.245847091078758240e-02 -4.294923692941665649e-02
-5.290606021881103516e-01 8.307247757911682129e-01 -1.731781512498855591e-01 8.127498626708984375e-02
-1.293027400970458984e-01 1.227770671248435974e-01 9.839754700660705566e-01 -2.871518433094024658e-01
0.000000000000000000e+00 0.000000000000000000e+00 0.000000000000000000e+00 1.000000000000000000e+00
7.869835495948791504e-01 6.162123680114746094e-01 3.064001910388469696e-02 -3.619687631726264954e-02
-6.029898524284362793e-01 7.787106037139892578e-01 -1.732417941093444824e-01 8.478011935949325562e-02
-1.306135058403015137e-01 1.178627684712409973e-01 9.844024777412414551e-01 -2.880804538726806641e-01
0.000000000000000000e+00 0.000000000000000000e+00 0.000000000000000000e+00 1.000000000000000000e+00
7.201434969902038574e-01 6.938231587409973145e-01 1.581561868079006672e-03 -2.191589400172233582e-02
-6.838628053665161133e-01 7.101864218711853027e-01 -1.672312021255493164e-01 8.609367907047271729e-02
-1.171521693468093872e-01 1.193488910794258118e-01 9.859163761138916016e-01 -2.896769344806671143e-01
0.000000000000000000e+00 0.000000000000000000e+00 0.000000000000000000e+00 1.000000000000000000e+00
6.397221088409423828e-01 7.686061263084411621e-01 -4.451879067346453667e-04 -1.611727289855480194e-02
-7.605982422828674316e-01 6.329733729362487793e-01 -1.443429589271545410e-01 8.115625381469726562e-02
-1.106611192226409912e-01 9.267798811197280884e-02 9.895277619361877441e-01 -2.926427125930786133e-01
0.000000000000000000e+00 0.000000000000000000e+00 0.000000000000000000e+00 1.000000000000000000e+00
5.452866554260253906e-01 8.381552696228027344e-01 -1.257167849689722061e-02 -6.490509957075119019e-03
-8.346474766731262207e-01 5.414935946464538574e-01 -1.007375642657279968e-01 6.952793151140213013e-02
-7.762622833251953125e-02 6.542375683784484863e-02 9.948335289955139160e-01 -2.980083227157592773e-01
0.000000000000000000e+00 0.000000000000000000e+00 0.000000000000000000e+00 1.000000000000000000e+00
4.540362656116485596e-01 8.890959024429321289e-01 -5.796198919415473938e-02 1.394840888679027557e-02
-8.906408548355102539e-01 4.510971605777740479e-01 -5.718618631362915039e-02 5.661815777420997620e-02
-2.469752170145511627e-02 7.758792489767074585e-02 9.966796040534973145e-01 -3.026953339576721191e-01
0.000000000000000000e+00 0.000000000000000000e+00 0.000000000000000000e+00 1.000000000000000000e+00
3.456254601478576660e-01 9.351624846458435059e-01 -7.755006849765777588e-02 2.470517158508300781e-02
-9.383134841918945312e-01 3.453482389450073242e-01 -1.738667488098144531e-02 4.167343303561210632e-02
1.052240375429391861e-02 7.877555489540100098e-02 9.968368411064147949e-01 -3.048510253429412842e-01
0.000000000000000000e+00 0.000000000000000000e+00 0.000000000000000000e+00 1.000000000000000000e+00
2.688618302345275879e-01 9.589015841484069824e-01 -9.066943824291229248e-02 3.136513009667396545e-02
-9.609279036521911621e-01 2.734741568565368652e-01 4.277035966515541077e-02 1.890624314546585083e-02
6.580830365419387817e-02 7.562749087810516357e-02 9.949622154235839844e-01 -3.047318160533905029e-01
0.000000000000000000e+00 0.000000000000000000e+00 0.000000000000000000e+00 1.000000000000000000e+00
1.949117183685302734e-01 9.738603234291076660e-01 -1.166415363550186157e-01 4.073069989681243896e-02
-9.733468294143676758e-01 2.067068219184875488e-01 9.933747351169586182e-02 -2.492460189387202263e-03
1.208514124155044556e-01 9.417067468166351318e-02 9.881937503814697266e-01 -3.035280406475067139e-01
0.000000000000000000e+00 0.000000000000000000e+00 0.000000000000000000e+00 1.000000000000000000e+00
1.177506372332572937e-01 9.865515232086181641e-01 -1.133620291948318481e-01 4.150149598717689514e-02
-9.721466302871704102e-01 1.378146559000015259e-01 1.895735412836074829e-01 -3.335701674222946167e-02
2.026470005512237549e-01 8.788209408521652222e-02 9.753004312515258789e-01 -3.009488284587860107e-01
0.000000000000000000e+00 0.000000000000000000e+00 0.000000000000000000e+00 1.000000000000000000e+00
1.929786652326583862e-01 9.752682447433471680e-01 -1.077543571591377258e-01 3.909260779619216919e-02
-9.549777507781982422e-01 2.119050621986389160e-01 2.076383382081985474e-01 -3.841463103890419006e-02
2.253367602825164795e-01 6.283326447010040283e-02 9.722527265548706055e-01 -2.979180514812469482e-01
0.000000000000000000e+00 0.000000000000000000e+00 0.000000000000000000e+00 1.000000000000000000e+00
2.732136845588684082e-01 9.557712674140930176e-01 -1.088821664452552795e-01 3.719709813594818115e-02
-9.397709965705871582e-01 2.893652915954589844e-01 1.819283813238143921e-01 -2.827303484082221985e-02
2.053886651992797852e-01 5.261900648474693298e-02 9.772648811340332031e-01 -2.969274520874023438e-01
0.000000000000000000e+00 0.000000000000000000e+00 0.000000000000000000e+00 1.000000000000000000e+00
3.286663889884948730e-01 9.375522732734680176e-01 -1.139031201601028442e-01 3.694733604788780212e-02
-9.352776408195495605e-01 3.398639559745788574e-01 9.873224049806594849e-02 8.304893271997570992e-04
1.312782019376754761e-01 7.408110052347183228e-02 9.885737299919128418e-01 -2.967185378074645996e-01
0.000000000000000000e+00 0.000000000000000000e+00 0.000000000000000000e+00 1.000000000000000000e+00
3.611308932304382324e-01 9.203637838363647461e-01 -1.500494331121444702e-01 4.661048576235771179e-02
-9.304190874099731445e-01 3.664065003395080566e-01 8.158574812114238739e-03 3.281221538782119751e-02
6.248792633414268494e-02 1.366625428199768066e-01 9.886448383331298828e-01 -2.926594913005828857e-01
0.000000000000000000e+00 0.000000000000000000e+00 0.000000000000000000e+00 1.000000000000000000e+00
3.901374042034149170e-01 9.091935157775878906e-01 -1.454638093709945679e-01 4.429957643151283264e-02
-9.206550717353820801e-01 3.828492462635040283e-01 -7.629328221082687378e-02 6.094095110893249512e-02
-1.367466803640127182e-02 1.636868715286254883e-01 9.864175915718078613e-01 -2.879202961921691895e-01
0.000000000000000000e+00 0.000000000000000000e+00 0.000000000000000000e+00 1.000000000000000000e+00
4.452334642410278320e-01 8.781220316886901855e-01 -1.751242280006408691e-01 4.974650591611862183e-02
-8.925756216049194336e-01 4.196896255016326904e-01 -1.648307293653488159e-01 8.826588839292526245e-02
-7.124373316764831543e-02 2.296998053789138794e-01 9.706504940986633301e-01 -2.780080139636993408e-01
0.000000000000000000e+00 0.000000000000000000e+00 0.000000000000000000e+00 1.000000000000000000e+00
5.252221226692199707e-01 8.337828516960144043e-01 -1.701408624649047852e-01 4.253943637013435364e-02
-8.434064388275146484e-01 4.834562540054321289e-01 -2.343829572200775146e-01 1.071738451719284058e-01
-1.131688207387924194e-01 2.666009962558746338e-01 9.571398496627807617e-01 -2.699006199836730957e-01
0.000000000000000000e+00 0.000000000000000000e+00 0.000000000000000000e+00 1.000000000000000000e+00
5.833774209022521973e-01 7.952651977539062500e-01 -1.649964451789855957e-01 3.669020906090736389e-02
-7.983881235122680664e-01 5.241920351982116699e-01 -2.963089048862457275e-01 1.224420890212059021e-01
-1.491543948650360107e-01 3.045911490917205811e-01 9.407322406768798828e-01 -2.611764669418334961e-01
0.000000000000000000e+00 0.000000000000000000e+00 0.000000000000000000e+00 1.000000000000000000e+00
6.583657860755920410e-01 7.393741011619567871e-01 -1.409962326288223267e-01 2.382460981607437134e-02
-7.280169129371643066e-01 5.779308676719665527e-01 -3.687641024589538574e-01 1.372618973255157471e-01
-1.911687105894088745e-01 3.454293608665466309e-01 9.187670946121215820e-01 -2.505050003528594971e-01
0.000000000000000000e+00 0.000000000000000000e+00 0.000000000000000000e+00 1.000000000000000000e+00
7.203136682510375977e-01 6.822892427444458008e-01 -1.250189393758773804e-01 1.570814475417137146e-02
-6.558002233505249023e-01 6.111369132995605469e-01 -4.432130753993988037e-01 1.526433527469635010e-01
-2.259958982467651367e-01 4.012398421764373779e-01 8.876557946205139160e-01 -2.358767986297607422e-01
0.000000000000000000e+00 0.000000000000000000e+00 0.000000000000000000e+00 1.000000000000000000e+00
7.483193278312683105e-01 6.546432375907897949e-01 -1.070497632026672363e-01 8.562251925468444824e-03
-6.001011133193969727e-01 5.993404388427734375e-01 -5.297816991806030273e-01 1.723219752311706543e-01
-2.826587855815887451e-01 4.606865942478179932e-01 8.413506746292114258e-01 -2.150324583053588867e-01
0.000000000000000000e+00 0.000000000000000000e+00 0.000000000000000000e+00 1.000000000000000000e+00
7.766094207763671875e-01 6.199224591255187988e-01 -1.121328324079513550e-01 7.954353466629981995e-03
-5.356833338737487793e-01 5.561442971229553223e-01 -6.354106068611145020e-01 1.994206011295318604e-01
-3.315433263778686523e-01 5.535336136817932129e-01 7.639890313148498535e-01 -1.867135763168334961e-01
0.000000000000000000e+00 0.000000000000000000e+00 0.000000000000000000e+00 1.000000000000000000e+00
7.937746644020080566e-01 5.963026285171508789e-01 -1.197732239961624146e-01 7.871068082749843597e-03
-4.922454357147216797e-01 5.141820311546325684e-01 -7.023612260818481445e-01 2.173932939767837524e-01
-3.572342395782470703e-01 6.164741516113281250e-01 7.016723155975341797e-01 -1.639338135719299316e-01
0.000000000000000000e+00 0.000000000000000000e+00 0.000000000000000000e+00 1.000000000000000000e+00
8.240751624107360840e-01 5.565893650054931641e-01 -1.053948923945426941e-01 8.842904353514313698e-04
-4.136321544647216797e-01 4.640954136848449707e-01 -7.832778692245483398e-01 2.381912916898727417e-01
-3.870506882667541504e-01 6.890744566917419434e-01 6.126727461814880371e-01 -1.381205022335052490e-01
0.000000000000000000e+00 0.000000000000000000e+00 0.000000000000000000e+00 1.000000000000000000e+00
8.526814579963684082e-01 5.171254873275756836e-01 -7.426624745130538940e-02 -1.001770980656147003e-02
-3.321228027343750000e-01 4.268346428871154785e-01 -8.411337137222290039e-01 2.520560324192047119e-01
-4.032724797725677490e-01 7.418846487998962402e-01 5.357031822204589844e-01 -1.177483052015304565e-01
0.000000000000000000e+00 0.000000000000000000e+00 0.000000000000000000e+00 1.000000000000000000e+00
8.611075878143310547e-01 5.061206221580505371e-01 -4.833006486296653748e-02 -1.702891476452350616e-02
-2.275194227695465088e-01 2.985912561416625977e-01 -9.268645644187927246e-01 2.687084674835205078e-01
-4.546743929386138916e-01 8.091259002685546875e-01 3.722715377807617188e-01 -7.321643084287643433e-02
0.000000000000000000e+00 0.000000000000000000e+00 0.000000000000000000e+00 1.000000000000000000e+00
8.455033898353576660e-01 5.333951115608215332e-01 -2.476665191352367401e-02 -2.867438457906246185e-02
-1.243127360939979553e-01 1.515209376811981201e-01 -9.806056618690490723e-01 2.837234139442443848e-01
-5.192977786064147949e-01 8.321848511695861816e-01 1.944192647933959961e-01 -1.954175531864166260e-02
0.000000000000000000e+00 0.000000000000000000e+00 0.000000000000000000e+00 1.000000000000000000e+00
8.346986770629882812e-01 5.498911142349243164e-01 -2.996832132339477539e-02 -2.441971004009246826e-02
-1.194925904273986816e-01 1.277233958244323730e-01 -9.845849871635437012e-01 2.831771671772003174e-01
-5.375871062278747559e-01 8.254126906394958496e-01 1.723184734582901001e-01 -2.005034312605857849e-02
0.000000000000000000e+00 0.000000000000000000e+00 0.000000000000000000e+00 1.000000000000000000e+00
8.089486360549926758e-01 5.868468880653381348e-01 -3.483587875962257385e-02 -1.960296742618083954e-02
-1.427508294582366943e-01 1.386030316352844238e-01 -9.800056815147399902e-01 2.829931378364562988e-01
-5.702847838401794434e-01 7.977465987205505371e-01 1.958955675363540649e-01 -2.611938118934631348e-02
0.000000000000000000e+00 0.000000000000000000e+00 0.000000000000000000e+00 1.000000000000000000e+00
7.852376699447631836e-01 6.164667606353759766e-01 -5.805972218513488770e-02 -1.251691766083240509e-02
-2.677457034587860107e-01 2.535013854503631592e-01 -9.295423626899719238e-01 2.742237746715545654e-01
-5.583131909370422363e-01 7.454568147659301758e-01 3.641150593757629395e-01 -6.447914242744445801e-02
0.000000000000000000e+00 0.000000000000000000e+00 0.000000000000000000e+00 1.000000000000000000e+00
7.935073375701904297e-01 6.046147942543029785e-01 -6.918866932392120361e-02 -8.873422630131244659e-03
-3.111219704151153564e-01 3.053326904773712158e-01 -8.999857902526855469e-01 2.676861286163330078e-01
-5.230197310447692871e-01 7.356715202331542969e-01 4.303928613662719727e-01 -8.436706662178039551e-02
0.000000000000000000e+00 0.000000000000000000e+00 0.000000000000000000e+00 1.000000000000000000e+00
7.887617349624633789e-01 6.095231175422668457e-01 -7.960426062345504761e-02 -6.153401918709278107e-03
-3.644966185092926025e-01 3.594940900802612305e-01 -8.590149283409118652e-01 2.588734328746795654e-01
-4.949717223644256592e-01 7.065731287002563477e-01 5.057244300842285156e-01 -1.063108593225479126e-01
0.000000000000000000e+00 0.000000000000000000e+00 0.000000000000000000e+00 1.000000000000000000e+00
8.207312822341918945e-01 5.678144097328186035e-01 -6.313809007406234741e-02 -1.726979762315750122e-02
-4.587690830230712891e-01 5.891536474227905273e-01 -6.651534438133239746e-01 2.170756906270980835e-01
-3.404856622219085693e-01 5.748781561851501465e-01 7.440326809883117676e-01 -1.804528832435607910e-01
0.000000000000000000e+00 0.000000000000000000e+00 0.000000000000000000e+00 1.000000000000000000e+00
8.250398039817810059e-01 5.628191232681274414e-01 -5.043812841176986694e-02 -2.263449504971504211e-02
-4.766675233840942383e-01 6.452462077140808105e-01 -5.970298051834106445e-01 1.974356621503829956e-01
-3.034749031066894531e-01 5.166155099868774414e-01 8.006316423416137695e-01 -1.985072344541549683e-01
0.000000000000000000e+00 0.000000000000000000e+00 0.000000000000000000e+00 1.000000000000000000e+00
8.472781181335449219e-01 5.303956866264343262e-01 -2.828462608158588409e-02 -2.895247936248779297e-02
-4.628812670707702637e-01 7.112134695053100586e-01 -5.290718078613281250e-01 1.766336262226104736e-01
-2.605007886886596680e-01 4.613629281520843506e-01 8.481059670448303223e-01 -2.134338021278381348e-01
0.000000000000000000e+00 0.000000000000000000e+00 0.000000000000000000e+00 1.000000000000000000e+00
8.619790673255920410e-01 5.069055557250976562e-01 6.256693974137306213e-03 -3.791116923093795776e-02
-4.643299877643585205e-01 7.944132685661315918e-01 -3.915420472621917725e-01 1.367353498935699463e-01
-2.034452855587005615e-01 3.345957100391387939e-01 9.201388955116271973e-01 -2.355214208364486694e-01
0.000000000000000000e+00 0.000000000000000000e+00 0.000000000000000000e+00 1.000000000000000000e+00
8.734329342842102051e-01 4.868953526020050049e-01 6.918672937899827957e-03 -3.648070991039276123e-02
-4.689611792564392090e-01 8.449167609214782715e-01 -2.572737336158752441e-01 9.939797222614288330e-02
-1.311112046241760254e-01 2.214669734239578247e-01 9.663137197494506836e-01 -2.513876557350158691e-01
0.000000000000000000e+00 0.000000000000000000e+00 0.000000000000000000e+00 1.000000000000000000e+00
8.802248239517211914e-01 4.744219481945037842e-01 1.132469531148672104e-02 -3.364324942231178284e-02
-4.733266234397888184e-01 8.794097304344177246e-01 -5.099395662546157837e-02 4.022100567817687988e-02
-3.415171056985855103e-02 3.952585905790328979e-02 9.986346960067749023e-01 -2.649629116058349609e-01
0.000000000000000000e+00 0.000000000000000000e+00 0.000000000000000000e+00 1.000000000000000000e+00
8.879222869873046875e-01 4.597773551940917969e-01 1.409499440342187881e-02 -3.302267566323280334e-02
-4.599344432353973389e-01 8.869016766548156738e-01 4.319199174642562866e-02 1.260741800069808960e-02
7.357835769653320312e-03 -4.483389109373092651e-02 9.989674091339111328e-01 -2.676023542881011963e-01
0.000000000000000000e+00 0.000000000000000000e+00 0.000000000000000000e+00 1.000000000000000000e+00
8.946260809898376465e-01 4.463683366775512695e-01 1.997988857328891754e-02 -3.407017141580581665e-02
-4.442600309848785400e-01 8.838448524475097656e-01 1.464609056711196899e-01 -1.944124139845371246e-02
4.771643877029418945e-02 -1.399040073156356812e-01 9.890146851539611816e-01 -2.667484581470489502e-01
0.000000000000000000e+00 0.000000000000000000e+00 0.000000000000000000e+00 1.000000000000000000e+00
9.003737568855285645e-01 4.346239268779754639e-01 2.070673927664756775e-02 -3.406242653727531433e-02
-4.252133369445800781e-01 8.687883615493774414e-01 2.537727355957031250e-01 -5.311437696218490601e-02
9.230597317218780518e-02 -2.372950911521911621e-01 9.670420885086059570e-01 -2.621720731258392334e-01
0.000000000000000000e+00 0.000000000000000000e+00 0.000000000000000000e+00 1.000000000000000000e+00
9.041577577590942383e-01 4.269993305206298828e-01 1.301959622651338577e-02 -3.170165047049522400e-02
-4.016461670398712158e-01 8.393016457557678223e-01 3.664048612117767334e-01 -9.045216441154479980e-02
1.455273777246475220e-01 -3.365170061588287354e-01 9.303644895553588867e-01 -2.529075145721435547e-01
0.000000000000000000e+00 0.000000000000000000e+00 0.000000000000000000e+00 1.000000000000000000e+00
9.091868996620178223e-01 4.160381257534027100e-01 1.705279015004634857e-02 -3.413687273859977722e-02
-3.775949776172637939e-01 8.065302968025207520e-01 4.548968970775604248e-01 -1.195590198040008545e-01
1.755010783672332764e-01 -4.200252592563629150e-01 8.903806805610656738e-01 -2.430738955736160278e-01
0.000000000000000000e+00 0.000000000000000000e+00 0.000000000000000000e+00 1.000000000000000000e+00
9.224892258644104004e-01 3.853417038917541504e-01 2.293792366981506348e-02 -3.879896178841590881e-02
-3.341213464736938477e-01 7.672858238220214844e-01 5.473896861076354980e-01 -1.505281627178192139e-01
1.933321207761764526e-01 -5.126246213912963867e-01 8.365634679794311523e-01 -2.295109182596206665e-01
0.000000000000000000e+00 0.000000000000000000e+00 0.000000000000000000e+00 1.000000000000000000e+00
9.147847294807434082e-01 4.025731086730957031e-01 3.321576490998268127e-02 -4.343841969966888428e-02
-3.330028057098388672e-01 7.050362825393676758e-01 6.261253952980041504e-01 -1.742892265319824219e-01
2.286431342363357544e-01 -5.838308930397033691e-01 7.790145874023437500e-01 -2.158691436052322388e-01
0.000000000000000000e+00 0.000000000000000000e+00 0.000000000000000000e+00 1.000000000000000000e+00
9.232918620109558105e-01 3.802205920219421387e-01 5.445502325892448425e-02 -5.151377618312835693e-02
-2.987011373043060303e-01 6.216285824775695801e-01 7.241238951683044434e-01 -2.058793753385543823e-01
2.414761036634445190e-01 -6.848430633544921875e-01 6.875165700912475586e-01 -1.903268843889236450e-01
0.000000000000000000e+00 0.000000000000000000e+00 0.000000000000000000e+00 1.000000000000000000e+00
9.345569014549255371e-01 3.481147587299346924e-01 7.361801713705062866e-02 -5.894988030195236206e-02
-2.660497128963470459e-01 5.462834835052490234e-01 7.942236065864562988e-01 -2.292506545782089233e-01
2.362645864486694336e-01 -7.618330717086791992e-01 6.031486392021179199e-01 -1.644375771284103394e-01
0.000000000000000000e+00 0.000000000000000000e+00 0.000000000000000000e+00 1.000000000000000000e+00
9.422059655189514160e-01 3.281418085098266602e-01 6.761280447244644165e-02 -5.952655524015426636e-02
-2.273927181959152222e-01 4.781215488910675049e-01 8.483467102050781250e-01 -2.474074810743331909e-01
2.460508197546005249e-01 -8.146919608116149902e-01 5.251061320304870605e-01 -1.425207108259201050e-01
0.000000000000000000e+00 0.000000000000000000e+00 0.000000000000000000e+00 1.000000000000000000e+00
9.523251056671142578e-01 2.980883717536926270e-01 6.496202945709228516e-02 -6.201343238353729248e-02
-1.881971806287765503e-01 4.063964486122131348e-01 8.941050171852111816e-01 -2.627055346965789795e-01
2.401218563318252563e-01 -8.637041449546813965e-01 4.431209862232208252e-01 -1.197742670774459839e-01
0.000000000000000000e+00 0.000000000000000000e+00 0.000000000000000000e+00 1.000000000000000000e+00
9.659509658813476562e-01 2.518785297870635986e-01 5.912831425666809082e-02 -6.305336952209472656e-02
-1.454659104347229004e-01 3.397297263145446777e-01 9.292058348655700684e-01 -2.768340408802032471e-01
2.139592319726943970e-01 -9.061681628227233887e-01 3.648019134998321533e-01 -9.502701461315155029e-02
0.000000000000000000e+00 0.000000000000000000e+00 0.000000000000000000e+00 1.000000000000000000e+00
9.708481431007385254e-01 2.287463992834091187e-01 7.161882519721984863e-02 -6.873361766338348389e-02
-1.314064115285873413e-01 2.580377161502838135e-01 9.571567773818969727e-01 -2.902302145957946777e-01
2.004657238721847534e-01 -9.386647343635559082e-01 2.805741727352142334e-01 -6.537939608097076416e-02
0.000000000000000000e+00 0.000000000000000000e+00 0.000000000000000000e+00 1.000000000000000000e+00
9.764586091041564941e-01 2.085876911878585815e-01 5.495319515466690063e-02 -6.732238084077835083e-02
-9.085864573717117310e-02 1.666720807552337646e-01 9.818170666694641113e-01 -3.016941547393798828e-01
1.956358402967453003e-01 -9.636967778205871582e-01 1.817002892494201660e-01 -3.169492259621620178e-02
0.000000000000000000e+00 0.000000000000000000e+00 0.000000000000000000e+00 1.000000000000000000e+00
9.942534565925598145e-01 1.069725379347801208e-01 4.060083068907260895e-03 -5.458829924464225769e-02
-2.032784186303615570e-02 1.514278501272201538e-01 9.882591366767883301e-01 -3.054594993591308594e-01
1.051018089056015015e-01 -9.826626777648925781e-01 1.527321189641952515e-01 -2.203721180558204651e-02
0.000000000000000000e+00 0.000000000000000000e+00 0.000000000000000000e+00 1.000000000000000000e+00
9.969292879104614258e-01 7.813035696744918823e-02 -5.298401694744825363e-03 -5.237822607159614563e-02
-1.430311519652605057e-02 2.481911629438400269e-01 9.686056375503540039e-01 -3.015307784080505371e-01
7.699248194694519043e-02 -9.655550718307495117e-01 2.485463470220565796e-01 -5.280650407075881958e-02
0.000000000000000000e+00 0.000000000000000000e+00 0.000000000000000000e+00 1.000000000000000000e+00
9.992858767509460449e-01 7.475705817341804504e-03 -3.703647479414939880e-02 -4.054074361920356750e-02
3.327225148677825928e-02 2.903757393360137939e-01 9.563339948654174805e-01 -3.079720139503479004e-01
1.790376752614974976e-02 -9.568835496902465820e-01 2.899196445941925049e-01 -6.276565790176391602e-02
0.000000000000000000e+00 0.000000000000000000e+00 0.000000000000000000e+00 1.000000000000000000e+00
9.900215268135070801e-01 -6.746855378150939941e-02 -1.237133070826530457e-01 -7.162444293498992920e-03
1.376799941062927246e-01 2.760963439941406250e-01 9.512180089950561523e-01 -3.187810182571411133e-01
-3.002048470079898834e-02 -9.587589502334594727e-01 2.826304137706756592e-01 -5.799508839845657349e-02
0.000000000000000000e+00 0.000000000000000000e+00 0.000000000000000000e+00 1.000000000000000000e+00
9.707500338554382324e-01 -9.379584342241287231e-02 -2.210126668214797974e-01 2.522454410791397095e-02
2.380893081426620483e-01 2.574217319488525391e-01 9.365084171295166016e-01 -3.235532939434051514e-01
-3.094713203608989716e-02 -9.617360234260559082e-01 2.722238898277282715e-01 -5.334825441241264343e-02
0.000000000000000000e+00 0.000000000000000000e+00 0.000000000000000000e+00 1.000000000000000000e+00
9.748725295066833496e-01 -5.441181361675262451e-02 -2.160159200429916382e-01 2.150777913630008698e-02
2.224392592906951904e-01 2.900680303573608398e-01 9.307962656021118164e-01 -3.217108845710754395e-01
1.201300509274005890e-02 -9.554577469825744629e-01 2.948827147483825684e-01 -6.414947658777236938e-02
0.000000000000000000e+00 0.000000000000000000e+00 0.000000000000000000e+00 1.000000000000000000e+00
9.854299426078796387e-01 1.207058224827051163e-02 -1.696532666683197021e-01 3.099458990618586540e-03
1.558485925197601318e-01 3.353677690029144287e-01 9.291068315505981445e-01 -3.183053135871887207e-01
6.811109185218811035e-02 -9.420095682144165039e-01 3.286003470420837402e-01 -8.047597110271453857e-02
0.000000000000000000e+00 0.000000000000000000e+00 0.000000000000000000e+00 1.000000000000000000e+00
9.906912446022033691e-01 1.023258715867996216e-01 -8.977806568145751953e-02 -2.680175751447677612e-02
4.621472582221031189e-02 3.675239384174346924e-01 9.288649559020996094e-01 -3.125379383563995361e-01
1.280425041913986206e-01 -9.243676662445068359e-01 3.593737483024597168e-01 -9.809341281652450562e-02
0.000000000000000000e+00 0.000000000000000000e+00 0.000000000000000000e+00 1.000000000000000000e+00
9.851561784744262695e-01 1.711873412132263184e-01 -1.273528672754764557e-02 -5.481795594096183777e-02
-4.180767014622688293e-02 3.112273514270782471e-01 9.494155645370483398e-01 -3.138977885246276855e-01
1.664914339780807495e-01 -9.347898960113525391e-01 3.137644529342651367e-01 -8.710644394159317017e-02
0.000000000000000000e+00 0.000000000000000000e+00 0.000000000000000000e+00 1.000000000000000000e+00
9.264891147613525391e-01 3.609208464622497559e-01 1.065539345145225525e-01 -9.148921072483062744e-02
-2.309713810682296753e-01 3.218311667442321777e-01 9.181919097900390625e-01 -2.931295335292816162e-01
2.971023917198181152e-01 -8.753061294555664062e-01 3.815357685089111328e-01 -1.203524172306060791e-01
0.000000000000000000e+00 0.000000000000000000e+00 0.000000000000000000e+00 1.000000000000000000e+00
8.808113336563110352e-01 4.629733264446258545e-01 9.913416206836700439e-02 -8.807882666587829590e-02
-2.835352718830108643e-01 3.480964303016662598e-01 8.935530185699462891e-01 -2.811797559261322021e-01
3.791830241680145264e-01 -8.151596784591674805e-01 4.378767013549804688e-01 -1.470697969198226929e-01
0.000000000000000000e+00 0.000000000000000000e+00 0.000000000000000000e+00 1.000000000000000000e+00
8.372818827629089355e-01 5.393826365470886230e-01 8.958477526903152466e-02 -8.215975761413574219e-02
-3.544195890426635742e-01 4.106349349021911621e-01 8.400986194610595703e-01 -2.600542306900024414e-01
4.163478910923004150e-01 -7.351497411727905273e-01 5.349845886230468750e-01 -1.828061342239379883e-01
0.000000000000000000e+00 0.000000000000000000e+00 0.000000000000000000e+00 1.000000000000000000e+00
8.138409852981567383e-01 5.772812366485595703e-01 6.640056520700454712e-02 -7.354665547609329224e-02
-4.270112812519073486e-01 5.166306495666503906e-01 7.421278953552246094e-01 -2.227492779493331909e-01
3.941121697425842285e-01 -6.323277354240417480e-01 6.669612526893615723e-01 -2.256593704223632812e-01
0.000000000000000000e+00 0.000000000000000000e+00 0.000000000000000000e+00 1.000000000000000000e+00
7.809169888496398926e-01 6.236774921417236328e-01 3.456986695528030396e-02 -6.167043000459671021e-02
-5.058978796005249023e-01 5.990407466888427734e-01 6.206594705581665039e-01 -1.766032725572586060e-01
3.663823902606964111e-01 -5.021722912788391113e-01 7.833176255226135254e-01 -2.622938454151153564e-01
0.000000000000000000e+00 0.000000000000000000e+00 0.000000000000000000e+00 1.000000000000000000e+00
7.561761736869812012e-01 6.536146402359008789e-01 3.139601647853851318e-02 -5.921452865004539490e-02
-5.674980878829956055e-01 6.311473846435546875e-01 5.287706851959228516e-01 -1.418901532888412476e-01
3.257968127727508545e-01 -4.176608026027679443e-01 8.481841087341308594e-01 -2.814877331256866455e-01
0.000000000000000000e+00 0.000000000000000000e+00 0.000000000000000000e+00 1.000000000000000000e+00
6.528850197792053223e-01 7.566536664962768555e-01 3.488575294613838196e-02 -5.284454300999641418e-02
-6.827926039695739746e-01 5.679647326469421387e-01 4.595753848552703857e-01 -1.103370115160942078e-01
3.279253840446472168e-01 -3.238693177700042725e-01 8.874530792236328125e-01 -2.963784337043762207e-01
0.000000000000000000e+00 0.000000000000000000e+00 0.000000000000000000e+00 1.000000000000000000e+00
5.926845669746398926e-01 8.053684830665588379e-01 1.030892878770828247e-02 -4.027063027024269104e-02
-7.420480847358703613e-01 5.410196185111999512e-01 3.958056867122650146e-01 -8.476907014846801758e-02
3.131922781467437744e-01 -2.422376275062561035e-01 9.182762503623962402e-01 -3.070332109928131104e-01
0.000000000000000000e+00 0.000000000000000000e+00 0.000000000000000000e+00 1.000000000000000000e+00
5.423506498336791992e-01 8.398454189300537109e-01 -2.269916608929634094e-02 -2.473747171461582184e-02
-7.879975438117980957e-01 5.178683400154113770e-01 3.329746723175048828e-01 -5.955531448125839233e-02
2.914024889469146729e-01 -1.627021729946136475e-01 9.426626563072204590e-01 -3.141130208969116211e-01
0.000000000000000000e+00 0.000000000000000000e+00 0.000000000000000000e+00 1.000000000000000000e+00
5.057928562164306641e-01 8.568401932716369629e-01 -9.999176859855651855e-02 4.060956649482250214e-03
-8.192148804664611816e-01 5.134042501449584961e-01 2.555445134639739990e-01 -3.068587370216846466e-02
2.702970206737518311e-01 -4.733783751726150513e-02 9.616125226020812988e-01 -3.196230232715606689e-01
0.000000000000000000e+00 0.000000000000000000e+00 0.000000000000000000e+00 1.000000000000000000e+00
4.387170076370239258e-01 8.862534761428833008e-01 -1.486001908779144287e-01 2.607085369527339935e-02
-8.615103960037231445e-01 4.618403315544128418e-01 2.109575122594833374e-01 -1.299684308469295502e-02
2.555914223194122314e-01 3.547000139951705933e-02 9.661339521408081055e-01 -3.206144869327545166e-01
0.000000000000000000e+00 0.000000000000000000e+00 0.000000000000000000e+00 1.000000000000000000e+00
3.526934087276458740e-01 9.033172726631164551e-01 -2.441825419664382935e-01 6.496759504079818726e-02
-8.966166377067565918e-01 4.009042382240295410e-01 1.880272179841995239e-01 -2.581434324383735657e-03
2.677420377731323242e-01 1.526222229003906250e-01 9.513257145881652832e-01 -3.161578476428985596e-01
0.000000000000000000e+00 0.000000000000000000e+00 0.000000000000000000e+00 1.000000000000000000e+00
2.915067076683044434e-01 8.915165662765502930e-01 -3.467304408550262451e-01 1.034108102321624756e-01
-9.159482717514038086e-01 3.646524548530578613e-01 1.675327420234680176e-01 5.754939280450344086e-03
2.757943272590637207e-01 2.687502503395080566e-01 9.228817820549011230e-01 -3.074645400047302246e-01
0.000000000000000000e+00 0.000000000000000000e+00 0.000000000000000000e+00 1.000000000000000000e+00
2.758743762969970703e-01 8.639321327209472656e-01 -4.213253259658813477e-01 1.289221346378326416e-01
-9.349779486656188965e-01 3.428720235824584961e-01 9.086006134748458862e-02 3.293349966406822205e-02
2.229574918746948242e-01 3.688638806343078613e-01 9.023472666740417480e-01 -2.966925501823425293e-01
0.000000000000000000e+00 0.000000000000000000e+00 0.000000000000000000e+00 1.000000000000000000e+00
1.778243184089660645e-01 7.920086383819580078e-01 -5.840387940406799316e-01 1.888514906167984009e-01
-9.634637832641601562e-01 2.609211206436157227e-01 6.048358604311943054e-02 4.361397027969360352e-02
2.002917379140853882e-01 5.519446134567260742e-01 8.094701170921325684e-01 -2.646119594573974609e-01
0.000000000000000000e+00 0.000000000000000000e+00 0.000000000000000000e+00 1.000000000000000000e+00
1.402636766433715820e-01 6.950368881225585938e-01 -7.051596045494079590e-01 2.310782223939895630e-01
-9.740107059478759766e-01 2.247868627309799194e-01 2.781895734369754791e-02 5.498628318309783936e-02
1.778457164764404297e-01 6.829307079315185547e-01 7.085030078887939453e-01 -2.307215929031372070e-01
0.000000000000000000e+00 0.000000000000000000e+00 0.000000000000000000e+00 1.000000000000000000e+00
1.124496757984161377e-01 6.056460738182067871e-01 -7.877478599548339844e-01 2.594113051891326904e-01
-9.852172136306762695e-01 1.710650622844696045e-01 -9.117681533098220825e-03 6.750402599573135376e-02
1.292341053485870361e-01 7.771286368370056152e-01 6.159296035766601562e-01 -1.978705078363418579e-01
0.000000000000000000e+00 0.000000000000000000e+00 0.000000000000000000e+00 1.000000000000000000e+00
8.097956329584121704e-02 5.359522700309753418e-01 -8.403557538986206055e-01 2.786345779895782471e-01
-9.920349121093750000e-01 1.249554604291915894e-01 -1.590318791568279266e-02 7.021699100732803345e-02
9.648361057043075562e-02 8.349498510360717773e-01 5.418022274971008301e-01 -1.720972508192062378e-01
0.000000000000000000e+00 0.000000000000000000e+00 0.000000000000000000e+00 1.000000000000000000e+00
1.564166396856307983e-01 5.413783192634582520e-01 -8.261012434959411621e-01 2.670701444149017334e-01
-9.876415729522705078e-01 9.410979598760604858e-02 -1.253290027379989624e-01 1.059017926454544067e-01
9.893796406686306000e-03 8.354955911636352539e-01 5.494083762168884277e-01 -1.677109897136688232e-01
0.000000000000000000e+00 0.000000000000000000e+00 0.000000000000000000e+00 1.000000000000000000e+00
2.574281394481658936e-01 6.013778448104858398e-01 -7.563563585281372070e-01 2.377665191888809204e-01
-9.591233134269714355e-01 6.381756812334060669e-02 -2.756991088390350342e-01 1.521774977445602417e-01
-1.175303980708122253e-01 7.964124083518981934e-01 5.932238101959228516e-01 -1.709712296724319458e-01
0.000000000000000000e+00 0.000000000000000000e+00 0.000000000000000000e+00 1.000000000000000000e+00
3.090072572231292725e-01 6.507027149200439453e-01 -6.936144232749938965e-01 2.148513346910476685e-01
-9.279536604881286621e-01 4.649943113327026367e-02 -3.697836399078369141e-01 1.791262179613113403e-01
-2.083664238452911377e-01 7.579078078269958496e-01 6.181905865669250488e-01 -1.723504513502120972e-01
0.000000000000000000e+00 0.000000000000000000e+00 0.000000000000000000e+00 1.000000000000000000e+00
3.414647281169891357e-01 6.799527406692504883e-01 -6.488963365554809570e-01 1.980942934751510620e-01
-8.919603228569030762e-01 1.676516421139240265e-02 -4.518032371997833252e-01 2.016776055097579956e-01
-2.963258922100067139e-01 7.330645322799682617e-01 6.122155785560607910e-01 -1.632717698812484741e-01
0.000000000000000000e+00 0.000000000000000000e+00 0.000000000000000000e+00 1.000000000000000000e+00
3.964473903179168701e-01 6.766472458839416504e-01 -6.204659938812255859e-01 1.841597259044647217e-01
-8.379347920417785645e-01 -9.435591287910938263e-03 -5.456891059875488281e-01 2.270822376012802124e-01
-3.750934600830078125e-01 7.362467050552368164e-01 5.632452368736267090e-01 -1.403567641973495483e-01
0.000000000000000000e+00 0.000000000000000000e+00 0.000000000000000000e+00 1.000000000000000000e+00
4.910320043563842773e-01 6.820425391197204590e-01 -5.419456362724304199e-01 1.541226506233215332e-01
-7.285772562026977539e-01 -1.951121725142002106e-02 -6.846859455108642578e-01 2.600205242633819580e-01
-4.775586426258087158e-01 7.310523986816406250e-01 4.873399436473846436e-01 -1.060574278235435486e-01
0.000000000000000000e+00 0.000000000000000000e+00 0.000000000000000000e+00 1.000000000000000000e+00
5.975281596183776855e-01 7.150390744209289551e-01 -3.628751933574676514e-01 9.019425511360168457e-02
-5.743798017501831055e-01 6.590804457664489746e-02 -8.159311413764953613e-01 2.921976745128631592e-01
-5.595067739486694336e-01 6.959699988365173340e-01 4.500860869884490967e-01 -8.655450493097305298e-02
0.000000000000000000e+00 0.000000000000000000e+00 0.000000000000000000e+00 1.000000000000000000e+00
5.931918025016784668e-01 7.630249261856079102e-01 -2.567428052425384521e-01 5.949795618653297424e-02
-5.064567923545837402e-01 1.057866364717483521e-01 -8.557515740394592285e-01 3.001385927200317383e-01
-6.257995963096618652e-01 6.376537084579467773e-01 4.491907060146331787e-01 -8.184334635734558105e-02
0.000000000000000000e+00 0.000000000000000000e+00 0.000000000000000000e+00 1.000000000000000000e+00
5.700342059135437012e-01 8.004030585289001465e-01 -1.855139136314392090e-01 4.298997297883033752e-02
-4.122869670391082764e-01 8.334945142269134521e-02 -9.072334170341491699e-01 3.101241290569305420e-01
-7.106903195381164551e-01 5.936391353607177734e-01 3.775078654289245605e-01 -5.737711861729621887e-02
0.000000000000000000e+00 0.000000000000000000e+00 0.000000000000000000e+00 1.000000000000000000e+00
4.696503877639770508e-01 8.802531957626342773e-01 -6.769356131553649902e-02 1.844659447669982910e-02
-2.414100021123886108e-01 5.429091677069664001e-02 -9.689036011695861816e-01 3.192639350891113281e-01
-8.492052555084228516e-01 4.713877141475677490e-01 2.379996627569198608e-01 -1.377157028764486313e-02
0.000000000000000000e+00 0.000000000000000000e+00 0.000000000000000000e+00 1.000000000000000000e+00
2.863633930683135986e-01 9.539275169372558594e-01 8.954551815986633301e-02 -2.285004593431949615e-02
-2.731260657310485840e-01 1.708563864231109619e-01 -9.466834068298339844e-01 3.206891417503356934e-01
-9.183670282363891602e-01 2.466384917497634888e-01 3.094698190689086914e-01 -4.234074801206588745e-02
0.000000000000000000e+00 0.000000000000000000e+00 0.000000000000000000e+00 1.000000000000000000e+00
2.837761044502258301e-01 9.587667584419250488e-01 -1.539487298578023911e-02 1.289492566138505936e-02
-3.662686645984649658e-01 9.354291856288909912e-02 -9.257951974868774414e-01 3.154699206352233887e-01
-8.861818313598632812e-01 2.683572173118591309e-01 3.777117729187011719e-01 -6.400011479854583740e-02
0.000000000000000000e+00 0.000000000000000000e+00 0.000000000000000000e+00 1.000000000000000000e+00
2.801850736141204834e-01 9.596694707870483398e-01 -2.304225787520408630e-02 1.996396854519844055e-02
-4.548743069171905518e-01 1.115908771753311157e-01 -8.835367560386657715e-01 3.058834671974182129e-01
-8.453317284584045410e-01 2.580349743366241455e-01 4.677951633930206299e-01 -9.510341286659240723e-02
0.000000000000000000e+00 0.000000000000000000e+00 0.000000000000000000e+00 1.000000000000000000e+00
1.577060073614120483e-01 9.863416552543640137e-01 -4.753430932760238647e-02 3.325577080249786377e-02
-4.760393202304840088e-01 3.376347571611404419e-02 -8.787756562232971191e-01 3.039765059947967529e-01
-8.651675581932067871e-01 1.612161844968795776e-01 4.748620688915252686e-01 -9.876992553472518921e-02
