1.000000000000000000e+00 0.000000000000000000e+00 0.000000000000000000e+00 -4.096739311332171507e-01
0.000000000000000000e+00 -1.000000000000000000e+00 0.000000000000000000e+00 -1.964994255000929863e-02
0.000000000000000000e+00 0.000000000000000000e+00 -1.000000000000000000e+00 -2.664639050480994698e+00
0.000000000000000000e+00 0.000000000000000000e+00 0.000000000000000000e+00 1.000000000000000000e+00
9.964694380760192871e-01 -8.182191103696823120e-02 -1.881622523069381714e-02 -4.472513136623137986e-01
-8.143495023250579834e-02 -9.964679479598999023e-01 2.048655226826667786e-02 6.767401240862681855e-02
-2.042602375149726868e-02 -1.888191886246204376e-02 -9.996128678321838379e-01 -2.717049669324175909e+00
0.000000000000000000e+00 0.000000000000000000e+00 0.000000000000000000e+00 1.000000000000000000e+00
9.855961799621582031e-01 -1.653157174587249756e-01 -3.564870730042457581e-02 -4.784557974456996043e-01
-1.634663641452789307e-01 -9.852946400642395020e-01 4.973058402538299561e-02 1.989941061399592703e-01
-4.334577545523643494e-02 -4.318686574697494507e-02 -9.981262087821960449e-01 -2.711189291496952869e+00
0.000000000000000000e+00 0.000000000000000000e+00 0.000000000000000000e+00 1.000000000000000000e+00
9.659459590911865234e-01 -2.558422982692718506e-01 -3.864327445626258850e-02 -4.654265768176460427e-01
-2.524271607398986816e-01 -9.645936489105224609e-01 7.641616463661193848e-02 3.214506474474686515e-01
-5.682554841041564941e-02 -6.405928730964660645e-02 -9.963269829750061035e-01 -2.705612026375762813e+00
0.000000000000000000e+00 0.000000000000000000e+00 0.000000000000000000e+00 1.000000000000000000e+00
9.372249245643615723e-01 -3.446831107139587402e-01 -5.294646322727203369e-02 -4.799961195842620820e-01
-3.366501033306121826e-01 -9.338899254798889160e-01 1.204839721322059631e-01 4.905564398857836239e-01
-9.097497910261154175e-02 -9.509608149528503418e-02 -9.913022518157958984e-01 -2.680319796821875045e+00
0.000000000000000000e+00 0.000000000000000000e+00 0.000000000000000000e+00 1.000000000000000000e+00
8.936489820480346680e-01 -4.475430548191070557e-01 -3.311345353722572327e-02 -3.947950270288317909e-01
-4.396873414516448975e-01 -8.879500627517700195e-01 1.349812895059585571e-01 5.689973542774547921e-01
-8.981307595968246460e-02 -1.060663685202598572e-01 -9.902947545051574707e-01 -2.689197284130351751e+00
0.000000000000000000e+00 0.000000000000000000e+00 0.000000000000000000e+00 1.000000000000000000e+00
8.450793027877807617e-01 -5.343198776245117188e-01 -1.853320375084877014e-02 -3.254060964344069329e-01
-5.247017145156860352e-01 -8.355230093002319336e-01 1.630610227584838867e-01 6.860512821678430573e-01
-1.026117205619812012e-01 -1.280750334262847900e-01 -9.864419698715209961e-01 -2.678121948182933920e+00
0.000000000000000000e+00 0.000000000000000000e+00 0.000000000000000000e+00 1.000000000000000000e+00
7.917855978012084961e-01 -6.107971668243408203e-01 1.619980903342366219e-03 -2.400649824328093540e-01
-6.020184755325317383e-01 -7.799519896507263184e-01 1.710220873355865479e-01 7.443370415378313121e-01
-1.031962931156158447e-01 -1.363880485296249390e-01 -9.852658510208129883e-01 -2.682498881655738021e+00
0.000000000000000000e+00 0.000000000000000000e+00 0.000000000000000000e+00 1.000000000000000000e+00
7.230741381645202637e-01 -6.903879642486572266e-01 2.297830022871494293e-02 -1.292701546044843497e-01
-6.839173436164855957e-01 -7.108305692672729492e-01 1.642462313175201416e-01 7.500077807615251890e-01
-9.705992788076400757e-02 -1.344774365425109863e-01 -9.861514568328857422e-01 -2.692535033927794696e+00
0.000000000000000000e+00 0.000000000000000000e+00 0.000000000000000000e+00 1.000000000000000000e+00
6.460571289062500000e-01 -7.628713250160217285e-01 2.524046227335929871e-02 -7.568909168111602470e-02
-7.581941485404968262e-01 -6.375799179077148438e-01 1.365020126104354858e-01 6.962870758071657562e-01
-8.804073184728622437e-02 -1.073252782225608826e-01 -9.903179407119750977e-01 -2.720488688481379480e+00
0.000000000000000000e+00 0.000000000000000000e+00 0.000000000000000000e+00 1.000000000000000000e+00
5.524389147758483887e-01 -8.326590657234191895e-01 3.859956935048103333e-02 1.630897099238385120e-02
-8.314968943595886230e-01 -5.472342371940612793e-01 9.564194083213806152e-02 5.909859813997585531e-01
-5.851413682103157043e-02 -8.493172377347946167e-02 -9.946669936180114746e-01 -2.764873365640663216e+00
0.000000000000000000e+00 0.000000000000000000e+00 0.000000000000000000e+00 1.000000000000000000e+00
4.557675123214721680e-01 -8.858495354652404785e-01 8.686726540327072144e-02 2.162543732322874390e-01
-8.900678157806396484e-01 -4.527616798877716064e-01 5.278555303812026978e-02 4.745311155803234038e-01
-7.429897785186767578e-03 -1.013757064938545227e-01 -9.948202967643737793e-01 -2.803797499583875918e+00
0.000000000000000000e+00 0.000000000000000000e+00 0.000000000000000000e+00 1.000000000000000000e+00
3.498950898647308350e-01 -9.309217929840087891e-01 1.046801805496215820e-01 3.081902058885260809e-01
-9.365174770355224609e-01 -3.502927720546722412e-01 1.516671851277351379e-02 3.422460138405795105e-01
2.254967391490936279e-02 -1.033415794372558594e-01 -9.943903088569641113e-01 -2.817633046445961575e+00
0.000000000000000000e+00 0.000000000000000000e+00 0.000000000000000000e+00 1.000000000000000000e+00
2.732149362564086914e-01 -9.547612071037292480e-01 1.174077466130256653e-01 3.710189791016340610e-01
-9.589152932167053223e-01 -2.800079286098480225e-01 -4.557390138506889343e-02 1.288211485761770470e-01
7.638729363679885864e-02 -1.001326143741607666e-01 -9.920375347137451172e-01 -2.814659811155993729e+00
0.000000000000000000e+00 0.000000000000000000e+00 0.000000000000000000e+00 1.000000000000000000e+00
1.935054957866668701e-01 -9.692319631576538086e-01 1.521343886852264404e-01 4.846734504900114815e-01
-9.725209474563598633e-01 -2.099541872739791870e-01 -1.006092429161071777e-01 -5.871736608374786975e-02
1.294549405574798584e-01 -1.284854412078857422e-01 -9.832257628440856934e-01 -2.797708092959374060e+00
0.000000000000000000e+00 0.000000000000000000e+00 0.000000000000000000e+00 1.000000000000000000e+00
1.148985177278518677e-01 -9.814535379409790039e-01 1.534508019685745239e-01 5.056949483281458768e-01
-9.706476926803588867e-01 -1.437775492668151855e-01 -1.927978992462158203e-01 -3.510884836391776065e-01
2.112849801778793335e-01 -1.267944723367691040e-01 -9.691655039787292480e-01 -2.770878611080622722e+00
0.000000000000000000e+00 0.000000000000000000e+00 0.000000000000000000e+00 1.000000000000000000e+00
1.851964294910430908e-01 -9.728230834007263184e-01 1.389873027801513672e-01 4.546266313938319703e-01
-9.549868702888488770e-01 -2.115167975425720215e-01 -2.079920023679733276e-01 -3.924520847040021132e-01
2.317375689744949341e-01 -9.421169757843017578e-02 -9.682055115699768066e-01 -2.749198965880912393e+00
0.000000000000000000e+00 0.000000000000000000e+00 0.000000000000000000e+00 1.000000000000000000e+00
2.697623968124389648e-01 -9.523274302482604980e-01 1.424795091152191162e-01 4.423290267023851641e-01
-9.391868710517883301e-01 -2.928685247898101807e-01 -1.793199926614761353e-01 -2.877913741294665928e-01
2.124991118907928467e-01 -8.544116467237472534e-02 -9.734186530113220215e-01 -2.739102934995591099e+00
0.000000000000000000e+00 0.000000000000000000e+00 0.000000000000000000e+00 1.000000000000000000e+00
3.224470019340515137e-01 -9.349257946014404297e-01 1.481271684169769287e-01 4.421777780162307603e-01
-9.348797798156738281e-01 -3.390711843967437744e-01 -1.050260141491889954e-01 -4.592916463484812695e-02
1.484171897172927856e-01 -1.046157777309417725e-01 -9.833757281303405762e-01 -2.735420814187301097e+00
0.000000000000000000e+00 0.000000000000000000e+00 0.000000000000000000e+00 1.000000000000000000e+00
3.590451478958129883e-01 -9.163348078727722168e-01 1.772478371858596802e-01 5.136132050865761522e-01
-9.303520321846008301e-01 -3.665233552455902100e-01 -1.026654802262783051e-02 2.593994166534336898e-01
7.437305897474288940e-02 -1.612167805433273315e-01 -9.841126799583435059e-01 -2.699423833836290587e+00
0.000000000000000000e+00 0.000000000000000000e+00 0.000000000000000000e+00 1.000000000000000000e+00
3.995597660541534424e-01 -8.965051770210266113e-01 1.913903504610061646e-01 5.367133462137431144e-01
-9.165756702423095703e-01 -3.942356109619140625e-01 6.683976203203201294e-02 5.024382745286773977e-01
1.553069427609443665e-02 -2.021302282810211182e-01 -9.792356491088867188e-01 -2.653113107273389559e+00
0.000000000000000000e+00 0.000000000000000000e+00 0.000000000000000000e+00 1.000000000000000000e+00
4.568308591842651367e-01 -8.627718687057495117e-01 2.166343331336975098e-01 5.752113279294898129e-01
-8.883967995643615723e-01 -4.300851523876190186e-01 1.605543792247772217e-01 7.678763729776102442e-01
-4.535062983632087708e-02 -2.658033370971679688e-01 -9.629598259925842285e-01 -2.558261244788069710e+00
0.000000000000000000e+00 0.000000000000000000e+00 0.000000000000000000e+00 1.000000000000000000e+00
5.311955213546752930e-01 -8.214966058731079102e-01 2.073046714067459106e-01 4.959697095468522110e-01
-8.426710963249206543e-01 -4.868637025356292725e-01 2.299332916736602783e-01 9.430301468016419886e-01
-8.796022832393646240e-02 -2.968290150165557861e-01 -9.508709311485290527e-01 -2.489745762421578412e+00
0.000000000000000000e+00 0.000000000000000000e+00 0.000000000000000000e+00 1.000000000000000000e+00
5.924599766731262207e-01 -7.795254588127136230e-01 2.033020257949829102e-01 4.448292002521914146e-01
-7.964494824409484863e-01 -5.288433432579040527e-01 2.932454943656921387e-01 1.085102849380733536e+00
-1.210775077342987061e-01 -3.356557488441467285e-01 -9.341709613800048828e-01 -2.412023322404501346e+00
0.000000000000000000e+00 0.000000000000000000e+00 0.000000000000000000e+00 1.000000000000000000e+00
6.697894930839538574e-01 -7.221646308898925781e-01 1.728017926216125488e-01 3.049996346871653996e-01
-7.237753272056579590e-01 -5.829283595085144043e-01 3.692476451396942139e-01 1.232164930511616241e+00
-1.659266501665115356e-01 -3.723876476287841797e-01 -9.131239056587219238e-01 -2.313518450602593646e+00
0.000000000000000000e+00 0.000000000000000000e+00 0.000000000000000000e+00 1.000000000000000000e+00
7.343721985816955566e-01 -6.593297123908996582e-01 1.611869037151336670e-01 2.382753368752912326e-01
-6.512490510940551758e-01 -6.175546646118164062e-01 4.410225450992584229e-01 1.363891395142818208e+00
-1.912376731634140015e-01 -4.288477003574371338e-01 -8.829030394554138184e-01 -2.185481695083206333e+00
0.000000000000000000e+00 0.000000000000000000e+00 0.000000000000000000e+00 1.000000000000000000e+00
7.629227042198181152e-01 -6.301068663597106934e-01 1.446152776479721069e-01 1.726238699664507659e-01
-5.973579287528991699e-01 -6.015420556068420410e-01 5.303868055343627930e-01 1.551761372074527134e+00
-2.472086250782012939e-01 -4.910314083099365234e-01 -8.353300094604492188e-01 -1.988297144560022156e+00
0.000000000000000000e+00 0.000000000000000000e+00 0.000000000000000000e+00 1.000000000000000000e+00
7.941948771476745605e-01 -5.889469385147094727e-01 1.496516913175582886e-01 1.576754639002407588e-01
-5.355203747749328613e-01 -5.619623064994812012e-01 6.304088830947875977e-01 1.789312248118001492e+00
-2.871791422367095947e-01 -5.808094739913940430e-01 -7.617009282112121582e-01 -1.736944386128278950e+00
0.000000000000000000e+00 0.000000000000000000e+00 0.000000000000000000e+00 1.000000000000000000e+00
8.143200278282165527e-01 -5.635077357292175293e-01 1.390744447708129883e-01 1.142243981435367289e-01
-4.809747636318206787e-01 -5.210279822349548340e-01 7.051191329956054688e-01 1.971693536126021495e+00
-3.248786628246307373e-01 -6.410837173461914062e-01 -6.953166127204895020e-01 -1.515173456248120498e+00
0.000000000000000000e+00 0.000000000000000000e+00 0.000000000000000000e+00 1.000000000000000000e+00
8.449935913085937500e-01 -5.167375802993774414e-01 1.377242654561996460e-01 8.086578038566008542e-02
-4.123819470405578613e-01 -4.656527340412139893e-01 7.830127477645874023e-01 2.158679268743419311e+00
-3.404804468154907227e-01 -7.184356451034545898e-01 -6.065667867660522461e-01 -1.283151556121590708e+00
0.000000000000000000e+00 0.000000000000000000e+00 0.000000000000000000e+00 1.000000000000000000e+00
8.752381801605224609e-01 -4.727531373500823975e-01 1.022861078381538391e-01 -3.191955862241348946e-02
-3.304027318954467773e-01 -4.298965334892272949e-01 8.402514457702636719e-01 2.286402696311831573e+00
-3.532593548297882080e-01 -7.692155241966247559e-01 -5.324609875679016113e-01 -1.102029443606558523e+00
0.000000000000000000e+00 0.000000000000000000e+00 0.000000000000000000e+00 1.000000000000000000e+00
8.983040452003479004e-01 -4.328031241893768311e-01 7.570482790470123291e-02 -1.042131193444886389e-01
-2.396628707647323608e-01 -3.382527828216552734e-01 9.100257754325866699e-01 2.413430069493335051e+00
-3.682545423507690430e-01 -8.356233239173889160e-01 -4.075807631015777588e-01 -7.904490789329639000e-01
0.000000000000000000e+00 0.000000000000000000e+00 0.000000000000000000e+00 1.000000000000000000e+00
8.912358880043029785e-01 -4.531022012233734131e-01 1.991551928222179413e-02 -2.781426066255997531e-01
-7.345637679100036621e-02 -1.008759140968322754e-01 9.921833872795104980e-01 2.582283343885735327e+00
-4.475515484809875488e-01 -8.857322931289672852e-01 -1.231875494122505188e-01 -6.971794287059299156e-02
0.000000000000000000e+00 0.000000000000000000e+00 0.000000000000000000e+00 1.000000000000000000e+00
8.846148848533630371e-01 -4.649832248687744141e-01 3.532501682639122009e-02 -2.226662441740321075e-01
-8.159355074167251587e-02 -7.975435256958007812e-02 9.934695959091186523e-01 2.588423799097582023e+00
-4.591292440891265869e-01 -8.817200064659118652e-01 -1.084914579987525940e-01 -8.164800635622691816e-02
0.000000000000000000e+00 0.000000000000000000e+00 0.000000000000000000e+00 1.000000000000000000e+00
8.472814559936523438e-01 -5.302796959877014160e-01 3.029653802514076233e-02 -2.023249860084162521e-01
-9.827747941017150879e-02 -1.004616990685462952e-01 9.900752305984497070e-01 2.585362539486733002e+00
-5.219730138778686523e-01 -8.418495655059814453e-01 -1.372337937355041504e-01 -1.342085028170849903e-01
0.000000000000000000e+00 0.000000000000000000e+00 0.000000000000000000e+00 1.000000000000000000e+00
8.338698744773864746e-01 -5.474436283111572266e-01 7.047442346811294556e-02 -9.974305669206826042e-02
-2.253078967332839966e-01 -2.210373878479003906e-01 9.488829970359802246e-01 2.524605614581774127e+00
-5.038825869560241699e-01 -8.071232438087463379e-01 -3.076598048210144043e-01 -5.012188550600273906e-01
0.000000000000000000e+00 0.000000000000000000e+00 0.000000000000000000e+00 1.000000000000000000e+00
8.366367220878601074e-01 -5.384160280227661133e-01 1.007320657372474670e-01 -2.759553632054673536e-02
-3.082733452320098877e-01 -3.108105361461639404e-01 8.990907669067382812e-01 2.428997129250506593e+00
-4.527765810489654541e-01 -7.832652926445007324e-01 -4.260148406028747559e-01 -7.986069191290289249e-01
0.000000000000000000e+00 0.000000000000000000e+00 0.000000000000000000e+00 1.000000000000000000e+00
8.210899829864501953e-01 -5.598245859146118164e-01 1.113891899585723877e-01 8.621809955943270749e-04
-3.661825954914093018e-01 -3.669272065162658691e-01 8.551459908485412598e-01 2.342149409322596298e+00
-4.378599822521209717e-01 -7.429407835006713867e-01 -5.062785148620605469e-01 -1.009912129773079092e+00
0.000000000000000000e+00 0.000000000000000000e+00 0.000000000000000000e+00 1.000000000000000000e+00
8.348015546798706055e-01 -5.445257425308227539e-01 8.122910559177398682e-02 -1.156442604964733889e-01
-4.515722393989562988e-01 -5.928251743316650391e-01 6.668136715888977051e-01 1.969305152084043442e+00
-3.149426877498626709e-01 -5.933378338813781738e-01 -7.407839894294738770e-01 -1.673308044958743857e+00
0.000000000000000000e+00 0.000000000000000000e+00 0.000000000000000000e+00 1.000000000000000000e+00
8.391423821449279785e-01 -5.403218865394592285e-01 6.238685175776481628e-02 -1.790275834819068379e-01
-4.621655941009521484e-01 -6.478429436683654785e-01 6.055591106414794922e-01 1.801823291092212953e+00
-2.867802679538726807e-01 -5.369833707809448242e-01 -7.933509945869445801e-01 -1.828594122495507790e+00
0.000000000000000000e+00 0.000000000000000000e+00 0.000000000000000000e+00 1.000000000000000000e+00
8.590206503868103027e-01 -5.083411335945129395e-01 6.059888377785682678e-02 -1.852772067876369277e-01
-4.581666886806488037e-01 -7.105743885040283203e-01 5.340105295181274414e-01 1.601384186172043256e+00
-2.283996790647506714e-01 -4.864906072616577148e-01 -8.433029651641845703e-01 -1.980187455599047519e+00
0.000000000000000000e+00 0.000000000000000000e+00 0.000000000000000000e+00 1.000000000000000000e+00
8.716189265251159668e-01 -4.896699488162994385e-01 2.244224399328231812e-02 -2.741226855874684953e-01
-4.583362638950347900e-01 -7.979013919830322266e-01 3.915108442306518555e-01 1.222115119293216035e+00
-1.738045662641525269e-01 -3.515343070030212402e-01 -9.198997616767883301e-01 -2.195486390387925812e+00
0.000000000000000000e+00 0.000000000000000000e+00 0.000000000000000000e+00 1.000000000000000000e+00
8.775153756141662598e-01 -4.790357053279876709e-01 2.217024005949497223e-02 -2.589135695567663653e-01
-4.683881402015686035e-01 -8.462611436843872070e-01 2.538789808750152588e-01 8.716469755487478155e-01
-1.028553172945976257e-01 -2.331669628620147705e-01 -9.669817686080932617e-01 -2.343702652484851434e+00
0.000000000000000000e+00 0.000000000000000000e+00 0.000000000000000000e+00 1.000000000000000000e+00
8.776181340217590332e-01 -4.792448282241821289e-01 1.051171496510505676e-02 -2.516322646484774328e-01
-4.791990816593170166e-01 -8.765439391136169434e-01 4.515051096677780151e-02 3.273847352957437451e-01
-1.242418680340051651e-02 -4.466212913393974304e-02 -9.989247918128967285e-01 -2.463183940703501662e+00
0.000000000000000000e+00 0.000000000000000000e+00 0.000000000000000000e+00 1.000000000000000000e+00
8.877934217453002930e-01 -4.601106047630310059e-01 1.099608000367879868e-02 -2.368267083961119734e-01
-4.591448307037353516e-01 -8.870730996131896973e-01 -4.782536998391151428e-02 6.904961662227927788e-02
3.175929561257362366e-02 3.741026669740676880e-02 -9.987952709197998047e-01 -2.487465960104574769e+00
0.000000000000000000e+00 0.000000000000000000e+00 0.000000000000000000e+00 1.000000000000000000e+00
8.944206237792968750e-01 -4.471458494663238525e-01 8.493480272591114044e-03 -2.383571140016597090e-01
-4.409428238868713379e-01 -8.848670721054077148e-01 -1.502646505832672119e-01 -2.233352892255769662e-01
7.470588386058807373e-02 1.306546181440353394e-01 -9.886093139648437500e-01 -2.479779974418565125e+00
0.000000000000000000e+00 0.000000000000000000e+00 0.000000000000000000e+00 1.000000000000000000e+00
8.970021009445190430e-01 -4.418990314006805420e-01 1.060839183628559113e-02 -2.289403570047723602e-01
-4.244656562805175781e-01 -8.678156137466430664e-01 -2.583115100860595703e-01 -5.353261811198350983e-01
1.233537495136260986e-01 2.272030562162399292e-01 -9.660034179687500000e-01 -2.436205452137364169e+00
0.000000000000000000e+00 0.000000000000000000e+00 0.000000000000000000e+00 1.000000000000000000e+00
8.995798230171203613e-01 -4.365760087966918945e-01 1.254615932703018188e-02 -2.206475484828413769e-01
-4.013905823230743408e-01 -8.377201557159423828e-01 -3.702839910984039307e-01 -8.782443767651104682e-01
1.721674352884292603e-01 3.280640840530395508e-01 -9.288338422775268555e-01 -2.348330965758041788e+00
0.000000000000000000e+00 0.000000000000000000e+00 0.000000000000000000e+00 1.000000000000000000e+00
9.062641859054565430e-01 -4.226364195346832275e-01 7.961785420775413513e-03 -2.449458137519144596e-01
-3.726968765258789062e-01 -8.077819943428039551e-01 -4.567112028598785400e-01 -1.145864388415583468e+00
1.994543373584747314e-01 4.109336733818054199e-01 -8.895793557167053223e-01 -2.258570027122583479e+00
0.000000000000000000e+00 0.000000000000000000e+00 0.000000000000000000e+00 1.000000000000000000e+00
9.157256484031677246e-01 -4.017657041549682617e-01 5.545312538743019104e-03 -2.783161028379957935e-01
-3.333002030849456787e-01 -7.672386169433593750e-01 -5.479559302330017090e-01 -1.426144173789344105e+00
2.244046032428741455e-01 4.999291598796844482e-01 -8.364888429641723633e-01 -2.138476431794101185e+00
0.000000000000000000e+00 0.000000000000000000e+00 0.000000000000000000e+00 1.000000000000000000e+00
9.088503718376159668e-01 -4.167896807193756104e-01 -1.664745435118675232e-02 -3.488182203132879633e-01
-3.340376019477844238e-01 -7.033385634422302246e-01 -6.274818181991577148e-01 -1.646918276524722113e+00
2.498193383216857910e-01 5.758479833602905273e-01 -7.784530520439147949e-01 -2.009466717793746415e+00
0.000000000000000000e+00 0.000000000000000000e+00 0.000000000000000000e+00 1.000000000000000000e+00
9.169048666954040527e-01 -3.975865244865417480e-01 -3.479135036468505859e-02 -4.181606208101934508e-01
-2.975113391876220703e-01 -6.227931380271911621e-01 -7.236128449440002441e-01 -1.932099830036857036e+00
2.660309970378875732e-01 6.738349199295043945e-01 -6.893285512924194336e-01 -1.779956132226288013e+00
0.000000000000000000e+00 0.000000000000000000e+00 0.000000000000000000e+00 1.000000000000000000e+00
9.248855710029602051e-01 -3.765766620635986328e-01 -5.269541591405868530e-02 -4.829476592246079170e-01
-2.676829993724822998e-01 -5.463877320289611816e-01 -7.936033606529235840e-01 -2.143521003755673782e+00
2.700603306293487549e-01 7.480978369712829590e-01 -6.061492562294006348e-01 -1.549883736259723310e+00
0.000000000000000000e+00 0.000000000000000000e+00 0.000000000000000000e+00 1.000000000000000000e+00
9.317553043365478516e-01 -3.600297570228576660e-01 -4.701644182205200195e-02 -4.860743851994984155e-01
-2.258922606706619263e-01 -4.734266102313995361e-01 -8.513753414154052734e-01 -2.329402569225710984e+00
2.842616140842437744e-01 8.038942217826843262e-01 -5.224456787109375000e-01 -1.332088249611357078e+00
0.000000000000000000e+00 0.000000000000000000e+00 0.000000000000000000e+00 1.000000000000000000e+00
9.434946775436401367e-01 -3.277521133422851562e-01 -4.895016178488731384e-02 -5.203546843395845389e-01
-1.880593597888946533e-01 -4.079278111457824707e-01 -8.934363126754760742e-01 -2.461835573899600949e+00
2.728574872016906738e-01 8.521579504013061523e-01 -4.465145766735076904e-01 -1.134700332553722602e+00
0.000000000000000000e+00 0.000000000000000000e+00 0.000000000000000000e+00 1.000000000000000000e+00
9.554436802864074707e-01 -2.909736335277557373e-01 -4.961776733398437500e-02 -5.439413736918127240e-01
-1.554244607686996460e-01 -3.530260920524597168e-01 -9.226136207580566406e-01 -2.562437162949844360e+00
2.509398758411407471e-01 8.892170786857604980e-01 -3.825209736824035645e-01 -9.512803437623835734e-01
0.000000000000000000e+00 0.000000000000000000e+00 0.000000000000000000e+00 1.000000000000000000e+00
9.597812891006469727e-01 -2.732977271080017090e-01 -6.425127387046813965e-02 -6.090053162002858622e-01
-1.415149122476577759e-01 -2.732938230037689209e-01 -9.514641165733337402e-01 -2.688325462787775955e+00
2.424734830856323242e-01 9.222900271415710449e-01 -3.009779453277587891e-01 -6.908546647141246000e-01
0.000000000000000000e+00 0.000000000000000000e+00 0.000000000000000000e+00 1.000000000000000000e+00
9.744610786437988281e-01 -2.177760452032089233e-01 -5.476343631744384766e-02 -6.112121328343013138e-01
-9.632124751806259155e-02 -1.850663274526596069e-01 -9.779940843582153320e-01 -2.800261217920192891e+00
2.028488814830780029e-01 9.582923650741577148e-01 -2.013164609670639038e-01 -3.539303320535224229e-01
0.000000000000000000e+00 0.000000000000000000e+00 0.000000000000000000e+00 1.000000000000000000e+00
9.914339780807495117e-01 -1.278352588415145874e-01 -2.677492238581180573e-02 -5.513328297242143794e-01
-4.462071880698204041e-02 -1.388494670391082764e-01 -9.893077611923217773e-01 -2.848061459480332402e+00
1.227507963776588440e-01 9.820278882980346680e-01 -1.433641910552978516e-01 -1.894160151240163181e-01
0.000000000000000000e+00 0.000000000000000000e+00 0.000000000000000000e+00 1.000000000000000000e+00
9.946785569190979004e-01 -1.027170494198799133e-01 7.967594079673290253e-03 -4.703045452767851686e-01
-1.770516112446784973e-02 -2.466112375259399414e-01 -9.689523577690124512e-01 -2.812447205565255182e+00
1.014928743243217468e-01 9.636554121971130371e-01 -2.471176236867904663e-01 -4.961140653100897802e-01
0.000000000000000000e+00 0.000000000000000000e+00 0.000000000000000000e+00 1.000000000000000000e+00
9.979651570320129395e-01 -3.534128516912460327e-02 5.307305976748466492e-02 -3.294200675527294009e-01
4.055626690387725830e-02 -2.904664278030395508e-01 -9.560253024101257324e-01 -2.881728140803613947e+00
4.920310527086257935e-02 9.562323093414306641e-01 -2.884420454502105713e-01 -5.965096319196492303e-01
0.000000000000000000e+00 0.000000000000000000e+00 0.000000000000000000e+00 1.000000000000000000e+00
9.888935685157775879e-01 4.412461072206497192e-02 1.419246792793273926e-01 -2.504000480307003867e-02
1.485949903726577759e-01 -2.741284668445587158e-01 -9.501435756683349609e-01 -2.977956935455702947e+00
-3.019152441993355751e-03 9.606800079345703125e-01 -2.776405811309814453e-01 -5.409408646265290166e-01
0.000000000000000000e+00 0.000000000000000000e+00 0.000000000000000000e+00 1.000000000000000000e+00
9.681953191757202148e-01 6.146471202373504639e-02 2.425283938646316528e-01 2.917010465301443367e-01
2.501682639122009277e-01 -2.522026002407073975e-01 -9.347777366638183594e-01 -3.021506071412386252e+00
3.710381686687469482e-03 9.657202363014221191e-01 -2.595578730106353760e-01 -4.759269014444499346e-01
0.000000000000000000e+00 0.000000000000000000e+00 0.000000000000000000e+00 1.000000000000000000e+00
9.756556153297424316e-01 -1.995854079723358154e-02 2.183983623981475830e-01 1.884532608256852260e-01
2.014470249414443970e-01 -3.120914697647094727e-01 -9.284495115280151367e-01 -2.986330283471857694e+00
8.669071644544601440e-02 9.498423933982849121e-01 -3.004731237888336182e-01 -6.532304071646211074e-01
0.000000000000000000e+00 0.000000000000000000e+00 0.000000000000000000e+00 1.000000000000000000e+00
9.846031069755554199e-01 -1.331045031547546387e-01 1.133127287030220032e-01 -1.757437278856306406e-01
5.638101324439048767e-02 -3.717681765556335449e-01 -9.266119599342346191e-01 -2.914480638505952736e+00
1.654622852802276611e-01 9.187337160110473633e-01 -3.585395514965057373e-01 -9.292232149546288955e-01
0.000000000000000000e+00 0.000000000000000000e+00 0.000000000000000000e+00 1.000000000000000000e+00
9.750550389289855957e-01 -2.215741574764251709e-01 1.314333826303482056e-02 -4.943438769342366479e-01
-5.666648596525192261e-02 -3.057429790496826172e-01 -9.504262208938598633e-01 -2.925073358349226549e+00
2.146083116531372070e-01 9.259729385375976562e-01 -3.106719851493835449e-01 -8.281619126799689701e-01
0.000000000000000000e+00 0.000000000000000000e+00 0.000000000000000000e+00 1.000000000000000000e+00
9.136872887611389160e-01 -3.928162157535552979e-01 -1.042640730738639832e-01 -8.279863717974542681e-01
-2.401686161756515503e-01 -3.149061501026153564e-01 -9.182336330413818359e-01 -2.735908816836275737e+00
3.278637230396270752e-01 8.640192747116088867e-01 -3.820678293704986572e-01 -1.135375484613651009e+00
0.000000000000000000e+00 0.000000000000000000e+00 0.000000000000000000e+00 1.000000000000000000e+00
8.681285381317138672e-01 -4.870077967643737793e-01 -9.579201042652130127e-02 -7.872666382866648771e-01
-2.894034385681152344e-01 -3.398740589618682861e-01 -8.948360085487365723e-01 -2.630664013844103533e+00
4.032348394393920898e-01 8.045551776885986328e-01 -4.359960854053497314e-01 -1.375556673612372993e+00
0.000000000000000000e+00 0.000000000000000000e+00 0.000000000000000000e+00 1.000000000000000000e+00
8.258991241455078125e-01 -5.591747164726257324e-01 -7.221049070358276367e-02 -6.943869069027277519e-01
-3.498840928077697754e-01 -4.078706204891204834e-01 -8.433401584625244141e-01 -2.446555489984802101e+00
4.421218335628509521e-01 7.217791080474853516e-01 -5.325062274932861328e-01 -1.702838962892138541e+00
0.000000000000000000e+00 0.000000000000000000e+00 0.000000000000000000e+00 1.000000000000000000e+00
7.957936525344848633e-01 -6.040094494819641113e-01 -4.341400787234306335e-02 -5.940279366115286397e-01
-4.278860092163085938e-01 -5.101196169853210449e-01 -7.461174726486206055e-01 -2.102140742915384219e+00
4.285158514976501465e-01 6.123317480087280273e-01 -6.643972992897033691e-01 -2.104995594922586921e+00
0.000000000000000000e+00 0.000000000000000000e+00 0.000000000000000000e+00 1.000000000000000000e+00
7.719405293464660645e-01 -6.353607773780822754e-01 -2.060403488576412201e-02 -5.177124715447193326e-01
-5.062196254730224609e-01 -5.947877764701843262e-01 -6.244750618934631348e-01 -1.675878002156471203e+00
3.845119774341583252e-01 4.924876987934112549e-01 -7.807728052139282227e-01 -2.435841213568199048e+00
0.000000000000000000e+00 0.000000000000000000e+00 0.000000000000000000e+00 1.000000000000000000e+00
7.490217089653015137e-01 -6.624333858489990234e-01 -1.218006014823913574e-02 -4.791663385938821351e-01
-5.671516656875610352e-01 -6.315655112266540527e-01 -5.286434292793273926e-01 -1.346963123865745571e+00
3.424986302852630615e-01 4.028733074665069580e-01 -8.487564921379089355e-01 -2.620851503824494166e+00
0.000000000000000000e+00 0.000000000000000000e+00 0.000000000000000000e+00 1.000000000000000000e+00
6.481136083602905273e-01 -7.614952921867370605e-01 -8.566514588892459869e-03 -4.059886025420734734e-01
-6.776154041290283203e-01 -5.715163946151733398e-01 -4.628239870071411133e-01 -1.071453966948544556e+00
3.475425541400909424e-01 3.057673275470733643e-01 -8.864086866378784180e-01 -2.754541131562004530e+00
0.000000000000000000e+00 0.000000000000000000e+00 0.000000000000000000e+00 1.000000000000000000e+00
5.837490558624267578e-01 -8.114563822746276855e-01 2.784409746527671814e-02 -2.492200981734084275e-01
-7.389724254608154297e-01 -5.451880693435668945e-01 -3.958402872085571289e-01 -8.207738081473622271e-01
3.363874852657318115e-01 2.104953378438949585e-01 -9.178971052169799805e-01 -2.856982677263153469e+00
0.000000000000000000e+00 0.000000000000000000e+00 0.000000000000000000e+00 1.000000000000000000e+00
5.383309125900268555e-01 -8.404933810234069824e-01 6.140527129173278809e-02 -1.078049220946955683e-01
-7.831230759620666504e-01 -5.258396267890930176e-01 -3.319802880287170410e-01 -5.879056052241429242e-01
3.113165795803070068e-01 1.306273639202117920e-01 -9.412855505943298340e-01 -2.916854943946336043e+00
0.000000000000000000e+00 0.000000000000000000e+00 0.000000000000000000e+00 1.000000000000000000e+00
4.995456933975219727e-01 -8.566877841949462891e-01 1.286083906888961792e-01 1.297347008395752510e-01
-8.198225498199462891e-01 -5.154807567596435547e-01 -2.493401914834976196e-01 -3.039456478564064312e-01
2.799018621444702148e-01 1.912073791027069092e-02 -9.598382115364074707e-01 -2.959987964931579008e+00
0.000000000000000000e+00 0.000000000000000000e+00 0.000000000000000000e+00 1.000000000000000000e+00
4.332800507545471191e-01 -8.835422396659851074e-01 1.778236925601959229e-01 3.346686597447021128e-01
-8.591799139976501465e-01 -4.645153880119323730e-01 -2.145579904317855835e-01 -1.680256797439553251e-01
2.721729278564453125e-01 -5.981889739632606506e-02 -9.603872299194335938e-01 -2.960987689428614011e+00
0.000000000000000000e+00 0.000000000000000000e+00 0.000000000000000000e+00 1.000000000000000000e+00
3.576442003250122070e-01 -8.983600139617919922e-01 2.550289332866668701e-01 6.252876466394479138e-01
-8.917394876480102539e-01 -4.096221029758453369e-01 -1.923806369304656982e-01 -8.556765543568572996e-02
2.772925496101379395e-01 -1.586156040430068970e-01 -9.476022124290466309e-01 -2.924221669007706303e+00
0.000000000000000000e+00 0.000000000000000000e+00 0.000000000000000000e+00 1.000000000000000000e+00
