0.9161747694015503 0.4006125926971436 -0.01154295355081558 -0.02943099476397038 
-0.3297123908996582 0.7697789669036865 0.5465617775917053 -0.1505206972360611 
0.2278451770544052 -0.4969401955604553 0.8373391032218933 -0.2310857772827148 
0 0 0 1 

0.908848762512207 0.4168924987316132 0.01394694484770298 -0.03794075921177864 
-0.3321605026721954 0.7030938863754272 0.6287512183189392 -0.1750028282403946 
0.2523157894611359 -0.5760723948478699 0.7774813175201416 -0.2165038585662842 
0 0 0 1 

0.9163715839385986 0.3986961841583252 0.03611747175455093 -0.04658159241080284 
-0.298673689365387 0.6208159923553467 0.7248319983482361 -0.2053727656602859 
0.2665655016899109 -0.6750027537345886 0.687978208065033 -0.1917975246906281 
0 0 0 1 

0.922311544418335 0.3826610445976257 0.0539621114730835 -0.05345889180898666 
-0.2729185819625854 0.5461171269416809 0.7920046448707581 -0.2275989800691605 
0.2735997438430786 -0.7452022433280945 0.6081255078315735 -0.1678196489810944 
0 0 0 1 

0.9342097640037537 0.3534999489784241 0.047852773219347 -0.05413395538926125 
-0.2227843403816223 0.4733997285366058 0.8522087335586548 -0.2484405487775803 
0.27860227227211 -0.80680251121521 0.5210089087486267 -0.1430566608905792 
0 0 0 1 

0.9429688453674316 0.3289314210414886 0.05112635344266891 -0.05759214237332344 
-0.1908309906721115 0.4083184003829956 0.8926697969436646 -0.2621443569660187 
0.2727513611316681 -0.8515162467956543 0.447801798582077 -0.1226353868842125 
0 0 0 1 

0.9546688199043274 0.2939325571060181 0.04702261090278625 -0.05906593054533005 
-0.1547025740146637 0.3549633920192719 0.9219914078712463 -0.2731480598449707 
0.2543120086193085 -0.8874709010124207 0.3843445777893066 -0.103219099342823 
0 0 0 1 

0.9596016407012939 0.272979736328125 0.06816749274730682 -0.06807976961135864 
-0.1447903364896774 0.2713686525821686 0.9515224099159241 -0.2865872979164124 
0.2412478178739548 -0.9229524731636047 0.299930602312088 -0.07416724413633347 
0 0 0 1 

0.9750723838806152 0.0177724864333868 -0.2211740761995316 0.02000276744365692 
0.204935222864151 0.3099877238273621 0.9283906221389771 -0.3193993270397186 
0.08506104350090027 -0.9505743980407715 0.2986182272434235 -0.06989564001560211 
0 0 0 1 

0.9817635416984558 0.1377697139978409 -0.1309956461191177 -0.01409204117953777 
0.07376978546380997 0.3589832484722137 0.9304240942001343 -0.3139781951904297 
0.1752095073461533 -0.9231200218200684 0.3422733843326569 -0.09592701494693756 
0 0 0 1 

