0.9161747097969055 0.4006126523017883 -0.01154293771833181 -0.02943099103868008 
-0.329712450504303 0.7697789072990417 0.5465618371963501 -0.1505206674337387 
0.22784523665905 -0.4969402551651001 0.8373390436172485 -0.2310858219861984 
0 0 0 1 

0.908848762512207 0.4168924987316132 0.01394694484770298 -0.03794073313474655 
-0.3321605026721954 0.7030938863754272 0.6287512183189392 -0.175002858042717 
0.2523157894611359 -0.5760723948478699 0.7774813175201416 -0.2165038883686066 
0 0 0 1 

0.9163715839385986 0.3986961543560028 0.03611747920513153 -0.04658160731196404 
-0.2986736595630646 0.6208160519599915 0.7248318791389465 -0.2053727060556412 
0.2665654718875885 -0.6750026345252991 0.6879782676696777 -0.1917975097894669 
0 0 0 1 

0.922311544418335 0.3826610147953033 0.05396212264895439 -0.05345888063311577 
-0.2729186117649078 0.5461171269416809 0.7920046448707581 -0.2275990098714828 
0.2735997438430786 -0.7452022433280945 0.6081255078315735 -0.1678196638822556 
0 0 0 1 

0.9342097640037537 0.3534998893737793 0.04785271733999252 -0.05413395538926125 
-0.2227843403816223 0.4733999073505402 0.8522086143493652 -0.2484405040740967 
0.2786022126674652 -0.80680251121521 0.5210090279579163 -0.1430567055940628 
0 0 0 1 

0.9429688453674316 0.3289313614368439 0.05112630501389503 -0.05759214237332344 
-0.1908309757709503 0.4083185791969299 0.8926697373390198 -0.2621442973613739 
0.2727513015270233 -0.8515161871910095 0.4478019773960114 -0.1226354315876961 
0 0 0 1 

0.9546688199043274 0.2939325571060181 0.04702261090278625 -0.05906594544649124 
-0.1547025740146637 0.3549633920192719 0.9219914078712463 -0.2731479704380035 
0.2543120086193085 -0.8874709010124207 0.3843445777893066 -0.1032190918922424 
0 0 0 1 

0.9596016407012939 0.272979736328125 0.06816749274730682 -0.06807976961135864 
-0.1447903364896774 0.2713686227798462 0.9515224099159241 -0.2865872085094452 
0.2412478178739548 -0.9229524731636047 0.2999305725097656 -0.07416726648807526 
0 0 0 1 

0.9750723838806152 0.0177724938839674 -0.2211740612983704 0.02000277489423752 
0.204935222864151 0.3099877238273621 0.9283906221389771 -0.319399356842041 
0.08506105095148087 -0.9505743980407715 0.2986182272434235 -0.06989562511444092 
0 0 0 1 

0.9791343808174133 0.1344341337680817 -0.1523923575878143 -0.00723009230569005 
0.09666059911251068 0.3515423536300659 0.9311683773994446 -0.3152456879615784 
0.1787531971931458 -0.9264692068099976 0.3312129378318787 -0.09275823831558228 
0 0 0 1 

