1.000000000000000000e+00 0.000000000000000000e+00 0.000000000000000000e+00 -4.096739311332171507e-01
0.000000000000000000e+00 -1.000000000000000000e+00 0.000000000000000000e+00 -1.964994255000929863e-02
0.000000000000000000e+00 0.000000000000000000e+00 -1.000000000000000000e+00 -2.664639050480994698e+00
0.000000000000000000e+00 0.000000000000000000e+00 0.000000000000000000e+00 1.000000000000000000e+00
9.966439604759216309e-01 -8.035722374916076660e-02 -1.560309249907732010e-02 -4.400683980076748880e-01
-8.008226007223129272e-02 -9.966343641281127930e-01 1.751429587602615356e-02 6.009582374802263649e-02
-1.695798896253108978e-02 -1.620597764849662781e-02 -9.997248053550720215e-01 -2.718086921431367653e+00
0.000000000000000000e+00 0.000000000000000000e+00 0.000000000000000000e+00 1.000000000000000000e+00
9.859917759895324707e-01 -1.637032479047775269e-01 -3.195388987660408020e-02 -4.699660379550248401e-01
-1.620045155286788940e-01 -9.855218529701232910e-01 5.000982433557510376e-02 1.980979274937418877e-01
-3.967810422182083130e-02 -4.413254559040069580e-02 -9.982374310493469238e-01 -2.711697293925614538e+00
0.000000000000000000e+00 0.000000000000000000e+00 0.000000000000000000e+00 1.000000000000000000e+00
9.665676951408386230e-01 -2.540355324745178223e-01 -3.482383489608764648e-02 -4.561748826685561586e-01
-2.508033812046051025e-01 -9.649171233177185059e-01 7.766932994127273560e-02 3.236779180087108743e-01
-5.333291739225387573e-02 -6.633872538805007935e-02 -9.963707923889160156e-01 -2.706403417448767446e+00
0.000000000000000000e+00 0.000000000000000000e+00 0.000000000000000000e+00 1.000000000000000000e+00
9.374918937683105469e-01 -3.445509374141693115e-01 -4.891999438405036926e-02 -4.694090564763427342e-01
-3.367039859294891357e-01 -9.335722923278808594e-01 1.227711588144302368e-01 4.949737293364215307e-01
-8.797133713960647583e-02 -9.862537682056427002e-02 -9.912286996841430664e-01 -2.680783097244321400e+00
0.000000000000000000e+00 0.000000000000000000e+00 0.000000000000000000e+00 1.000000000000000000e+00
8.933081030845642090e-01 -4.484227895736694336e-01 -3.029412962496280670e-02 -3.871204582903970404e-01
-4.406604766845703125e-01 -8.871176242828369141e-01 1.372611224651336670e-01 5.742810210368328727e-01
-8.842549473047256470e-02 -1.092670708894729614e-01 -9.900715947151184082e-01 -2.687570627793056222e+00
0.000000000000000000e+00 0.000000000000000000e+00 0.000000000000000000e+00 1.000000000000000000e+00
8.479446768760681152e-01 -5.298655033111572266e-01 -1.523280050605535507e-02 -3.192327010868071246e-01
-5.207161903381347656e-01 -8.379935622215270996e-01 1.631600558757781982e-01 6.822688577838773583e-01
-9.921794384717941284e-02 -1.304187178611755371e-01 -9.864820241928100586e-01 -2.677214111143120245e+00
0.000000000000000000e+00 0.000000000000000000e+00 0.000000000000000000e+00 1.000000000000000000e+00
7.939597368240356445e-01 -6.078997850418090820e-01 9.257565252482891083e-03 -2.201595688277971086e-01
-6.003777980804443359e-01 -7.815547585487365723e-01 1.694657206535339355e-01 7.341118025388652102e-01
-9.578289836645126343e-02 -1.401070058345794678e-01 -9.854925870895385742e-01 -2.684225427661244279e+00
0.000000000000000000e+00 0.000000000000000000e+00 0.000000000000000000e+00 1.000000000000000000e+00
7.230479121208190918e-01 -6.898823380470275879e-01 3.555074334144592285e-02 -9.572133343184997811e-02
-6.852877736091613770e-01 -7.098432183265686035e-01 1.627976149320602417e-01 7.425411660319444218e-01
-8.707580715417861938e-02 -1.420729607343673706e-01 -9.860187768936157227e-01 -2.693090497745771916e+00
0.000000000000000000e+00 0.000000000000000000e+00 0.000000000000000000e+00 1.000000000000000000e+00
6.469362378120422363e-01 -7.618837356567382812e-01 3.172346577048301697e-02 -5.894471956676113761e-02
-7.577835321426391602e-01 -6.376997232437133789e-01 1.382127106189727783e-01 6.979763011562477582e-01
-8.507203310728073120e-02 -1.134543120861053467e-01 -9.898943901062011719e-01 -2.719023180117108751e+00
0.000000000000000000e+00 0.000000000000000000e+00 0.000000000000000000e+00 1.000000000000000000e+00
5.509797334671020508e-01 -8.333037495613098145e-01 4.501232504844665527e-02 3.422165351550147949e-02
-8.327789902687072754e-01 -5.455498099327087402e-01 9.409791976213455200e-02 5.862125245755219760e-01
-5.385569855570793152e-02 -8.933135867118835449e-02 -9.945448637008666992e-01 -2.765970220422809156e+00
0.000000000000000000e+00 0.000000000000000000e+00 0.000000000000000000e+00 1.000000000000000000e+00
4.592012465000152588e-01 -8.831354975700378418e-01 9.594760090112686157e-02 2.399462640651931489e-01
-8.883169889450073242e-01 -4.558734297752380371e-01 5.542920902371406555e-02 4.783888366306232043e-01
-5.211537703871726990e-03 -1.106850430369377136e-01 -9.938418269157409668e-01 -2.799619793570872428e+00
0.000000000000000000e+00 0.000000000000000000e+00 0.000000000000000000e+00 1.000000000000000000e+00
3.537881970405578613e-01 -9.291549324989318848e-01 1.072612628340721130e-01 3.114951880116596517e-01
-9.351152777671813965e-01 -3.538069427013397217e-01 1.949648372828960419e-02 3.531727915003652907e-01
1.983452215790748596e-02 -1.071992665529251099e-01 -9.940397143363952637e-01 -2.813978519468668615e+00
0.000000000000000000e+00 0.000000000000000000e+00 0.000000000000000000e+00 1.000000000000000000e+00
2.720171809196472168e-01 -9.541122317314147949e-01 1.252047717571258545e-01 3.893411794070273380e-01
-9.589875936508178711e-01 -2.795523703098297119e-01 -4.682918265461921692e-02 1.242300179902556673e-01
7.968157529830932617e-02 -1.073315292596817017e-01 -9.910251498222351074e-01 -2.811269357141346070e+00
0.000000000000000000e+00 0.000000000000000000e+00 0.000000000000000000e+00 1.000000000000000000e+00
1.903945356607437134e-01 -9.682998061180114746e-01 1.616955399513244629e-01 5.104991722739444793e-01
-9.727600216865539551e-01 -2.082697600126266479e-01 -1.017923131585121155e-01 -6.466385175405932328e-02
1.322417557239532471e-01 -1.379102617502212524e-01 -9.815766811370849609e-01 -2.792987892228962377e+00
0.000000000000000000e+00 0.000000000000000000e+00 0.000000000000000000e+00 1.000000000000000000e+00
1.121977269649505615e-01 -9.807493686676025391e-01 1.598206162452697754e-01 5.218363391852387512e-01
-9.713584780693054199e-01 -1.421520560979843140e-01 -1.904092580080032349e-01 -3.441364593654092641e-01
2.094625830650329590e-01 -1.338796168565750122e-01 -9.686082005500793457e-01 -2.767368675777756248e+00
0.000000000000000000e+00 0.000000000000000000e+00 0.000000000000000000e+00 1.000000000000000000e+00
1.863564997911453247e-01 -9.716847538948059082e-01 1.452579945325851440e-01 4.705267831834303305e-01
-9.545894265174865723e-01 -2.140550762414932251e-01 -2.072182893753051758e-01 -3.885634930552739896e-01
2.324440777301788330e-01 -1.000452712178230286e-01 -9.674505591392517090e-01 -2.745255807431386863e+00
0.000000000000000000e+00 0.000000000000000000e+00 0.000000000000000000e+00 1.000000000000000000e+00
2.726954519748687744e-01 -9.507629275321960449e-01 1.472649872303009033e-01 4.521888543943685668e-01
-9.380640983581542969e-01 -2.967502474784851074e-01 -1.788159757852554321e-01 -2.849866164238823996e-01
2.137125283479690552e-01 -8.938172459602355957e-02 -9.727990627288818359e-01 -2.737000285073591055e+00
0.000000000000000000e+00 0.000000000000000000e+00 0.000000000000000000e+00 1.000000000000000000e+00
3.259075880050659180e-01 -9.329957962036132812e-01 1.526540219783782959e-01 4.530100468048505191e-01
-9.334543943405151367e-01 -3.431555628776550293e-01 -1.044375225901603699e-01 -4.312564110647065102e-02
1.498238444328308105e-01 -1.084585711359977722e-01 -9.827459454536437988e-01 -2.733104036136761117e+00
0.000000000000000000e+00 0.000000000000000000e+00 0.000000000000000000e+00 1.000000000000000000e+00
3.612864017486572266e-01 -9.128691554069519043e-01 1.901109069585800171e-01 5.456871359924005960e-01
-9.288337826728820801e-01 -3.702745735645294189e-01 -1.282009296119213104e-02 2.517141208131987717e-01
8.209628611803054810e-02 -1.719497293233871460e-01 -9.816789031028747559e-01 -2.694312904458955771e+00
0.000000000000000000e+00 0.000000000000000000e+00 0.000000000000000000e+00 1.000000000000000000e+00
4.003081023693084717e-01 -8.931955695152282715e-01 2.048289626836776733e-01 5.698893402373140793e-01
-9.161089062690734863e-01 -3.955056369304656982e-01 6.572289019823074341e-02 4.978539044313504136e-01
2.230758406221866608e-02 -2.139550596475601196e-01 -9.765887260437011719e-01 -2.645077783686952788e+00
0.000000000000000000e+00 0.000000000000000000e+00 0.000000000000000000e+00 1.000000000000000000e+00
4.590458273887634277e-01 -8.571660518646240234e-01 2.335445731878280640e-01 6.172283164200434991e-01
-8.875647783279418945e-01 -4.309974312782287598e-01 1.626950204372406006e-01 7.694731589928510695e-01
-3.879959881305694580e-02 -2.819704413414001465e-01 -9.586382508277893066e-01 -2.546913833667017624e+00
0.000000000000000000e+00 0.000000000000000000e+00 0.000000000000000000e+00 1.000000000000000000e+00
5.325447320938110352e-01 -8.197994232177734375e-01 2.105346471071243286e-01 5.024419115918649092e-01
-8.419951200485229492e-01 -4.877725541591644287e-01 2.304817736148834229e-01 9.414964816748077059e-01
-8.625587075948715210e-02 -3.000110089778900146e-01 -9.500280618667602539e-01 -2.488147527730210307e+00
0.000000000000000000e+00 0.000000000000000000e+00 0.000000000000000000e+00 1.000000000000000000e+00
5.938756465911865234e-01 -7.770308256149291992e-01 2.086495310068130493e-01 4.560840685625360269e-01
-7.956427335739135742e-01 -5.287058353424072266e-01 2.956731617450714111e-01 1.087861128727231730e+00
-1.194330304861068726e-01 -3.416035473346710205e-01 -9.322246313095092773e-01 -2.406428397231473060e+00
0.000000000000000000e+00 0.000000000000000000e+00 0.000000000000000000e+00 1.000000000000000000e+00
6.735966205596923828e-01 -7.168164253234863281e-01 1.801158189773559570e-01 3.215980483701524340e-01
-7.217113971710205078e-01 -5.853707790374755859e-01 3.694232404232025146e-01 1.229090839769353405e+00
-1.593741774559020996e-01 -3.788338601589202881e-01 -9.116384983062744141e-01 -2.311969056992090987e+00
0.000000000000000000e+00 0.000000000000000000e+00 0.000000000000000000e+00 1.000000000000000000e+00
7.396182417869567871e-01 -6.524083018302917480e-01 1.653121113777160645e-01 2.473745061235431419e-01
-6.462695002555847168e-01 -6.198868751525878906e-01 4.450571238994598389e-01 1.369816480503730505e+00
-1.878842413425445557e-01 -4.360085427761077881e-01 -8.801113367080688477e-01 -2.179782189290697669e+00
0.000000000000000000e+00 0.000000000000000000e+00 0.000000000000000000e+00 1.000000000000000000e+00
7.691281437873840332e-01 -6.221624016761779785e-01 1.461357921361923218e-01 1.797510115901862493e-01
-5.933402180671691895e-01 -6.101843118667602539e-01 5.249973535537719727e-01 1.531176098212172487e+00
-2.374639660120010376e-01 -4.904984533786773682e-01 -8.384641408920288086e-01 -1.999939947641901306e+00
0.000000000000000000e+00 0.000000000000000000e+00 0.000000000000000000e+00 1.000000000000000000e+00
