0.4018806219100952 0.3681568205356598 -0.8384225964546204 0.323065459728241 
0.0680684894323349 0.9010721445083618 0.4282938838005066 -0.11942008882761 
0.9131585955619812 -0.2291931658983231 0.3370635509490967 -0.03090842626988888 
0 0 0 1 

0.4531128108501434 0.4069341719150543 -0.7931540012359619 0.2996064424514771 
0.135121613740921 0.8481000065803528 0.5123168230056763 -0.1504612565040588 
0.8811531662940979 -0.3393095433712006 0.3292993307113647 -0.03279199078679085 
0 0 0 1 

0.4819198548793793 0.4363581836223602 -0.759831964969635 0.2843441069126129 
0.1567935198545456 0.8102321028709412 0.5647474527359009 -0.170078381896019 
0.8620724081993103 -0.391299694776535 0.3220487833023071 -0.03328617289662361 
0 0 0 1 

0.4894618988037109 0.4812647998332977 -0.72719407081604 0.267145961523056 
0.1813218295574188 0.759519100189209 0.6247024536132812 -0.1896922290325165 
0.8529651165008545 -0.4376242160797119 0.2844918072223663 -0.02352864481508732 
0 0 0 1 

0.5331885814666748 0.482717752456665 -0.6947613954544067 0.2515541613101959 
0.1829169243574142 0.736029326915741 0.6517684459686279 -0.1988880038261414 
0.8259850144386292 -0.4745990931987762 0.3041452765464783 -0.03201675042510033 
0 0 0 1 

0.5575629472732544 0.48221156001091 -0.6757184863090515 0.2395547777414322 
0.1989618837833405 0.7126362323760986 0.6727285981178284 -0.2051668465137482 
0.8059389591217041 -0.5095307230949402 0.301397830247879 -0.03339331969618797 
0 0 0 1 

0.5578641891479492 0.5142607688903809 -0.6514010429382324 0.2252739667892456 
0.2094325125217438 0.6722518801689148 0.7100812196731567 -0.2154844254255295 
0.8030725121498108 -0.5325534343719482 0.2673223316669464 -0.02596285380423069 
0 0 0 1 

0.563177227973938 0.559634804725647 -0.6079805493354797 0.2011662870645523 
0.17655149102211 0.6372746229171753 0.7501404285430908 -0.2260839492082596 
0.8072552084922791 -0.5298018455505371 0.2600941956043243 -0.03061089292168617 
0 0 0 1 

0.6180195808410645 0.5407341122627258 -0.5706648230552673 0.186679482460022 
0.1711949855089188 0.6159007549285889 0.7689983248710632 -0.2292312681674957 
0.7672965526580811 -0.5729508996009827 0.2880677878856659 -0.04247376322746277 
0 0 0 1 

0.7021352648735046 0.5052686929702759 -0.501706600189209 0.1590957343578339 
0.1895143985748291 0.5465773344039917 0.8156821727752686 -0.2386815249919891 
0.6863601803779602 -0.6677998304367065 0.2880154848098755 -0.05091549456119537 
0 0 0 1 

