1.000000000000000000e+00 0.000000000000000000e+00 0.000000000000000000e+00 -1.792658120393753052e-02
0.000000000000000000e+00 1.000000000000000000e+00 0.000000000000000000e+00 2.243540808558464050e-02
0.000000000000000000e+00 0.000000000000000000e+00 1.000000000000000000e+00 -3.816788792610168457e-01
0.000000000000000000e+00 0.000000000000000000e+00 0.000000000000000000e+00 1.000000000000000000e+00
9.957124590873718262e-01 5.635899677872657776e-02 -7.334800064563751221e-02 1.307041756808757782e-02
-5.762498080730438232e-02 9.982216954231262207e-01 -1.525787636637687683e-02 2.541587688028812408e-02
7.235762476921081543e-02 1.941921375691890717e-02 9.971897602081298828e-01 -3.788462877273559570e-01
0.000000000000000000e+00 0.000000000000000000e+00 0.000000000000000000e+00 1.000000000000000000e+00
9.737893342971801758e-01 6.818945705890655518e-02 -2.169902026653289795e-01 7.133650034666061401e-02
-7.369250804185867310e-02 9.971299767494201660e-01 -1.736104302108287811e-02 2.677609212696552277e-02
2.151835709810256958e-01 3.289661183953285217e-02 9.760193228721618652e-01 -3.694063723087310791e-01
0.000000000000000000e+00 0.000000000000000000e+00 0.000000000000000000e+00 1.000000000000000000e+00
9.416837692260742188e-01 6.234494969248771667e-02 -3.306736350059509277e-01 1.180247291922569275e-01
-5.937644094228744507e-02 9.980532526969909668e-01 1.908143796026706696e-02 1.377159170806407928e-02
3.312194943428039551e-01 1.665555406361818314e-03 9.435522556304931641e-01 -3.569031655788421631e-01
0.000000000000000000e+00 0.000000000000000000e+00 0.000000000000000000e+00 1.000000000000000000e+00
9.141117930412292480e-01 7.561854273080825806e-02 -3.983480036258697510e-01 1.466323882341384888e-01
-6.224822252988815308e-02 9.969809055328369141e-01 4.641266539692878723e-02 7.002425380051136017e-03
4.006550610065460205e-01 -1.762986741960048676e-02 9.160591363906860352e-01 -3.450407981872558594e-01
0.000000000000000000e+00 0.000000000000000000e+00 0.000000000000000000e+00 1.000000000000000000e+00
1.387111842632293701e-01 8.319767564535140991e-02 -9.868318438529968262e-01 4.004428386688232422e-01
-2.163339406251907349e-02 9.964816570281982422e-01 8.097039163112640381e-02 -3.309351159259676933e-03
9.900965094566345215e-01 1.011703722178936005e-02 1.400230228900909424e-01 -5.274475738406181335e-02
0.000000000000000000e+00 0.000000000000000000e+00 0.000000000000000000e+00 1.000000000000000000e+00
1.225067079067230225e-01 9.641619026660919189e-02 -9.877732396125793457e-01 3.982152938842773438e-01
-1.358708180487155914e-02 9.953395724296569824e-01 9.546964615583419800e-02 -4.178983625024557114e-03
9.923747181892395020e-01 1.725286943838000298e-03 1.232458651065826416e-01 -3.922808170318603516e-02
0.000000000000000000e+00 0.000000000000000000e+00 0.000000000000000000e+00 1.000000000000000000e+00
1.165168210864067078e-01 9.009012579917907715e-02 -9.890941977500915527e-01 3.948701322078704834e-01
-1.330437697470188141e-02 9.959297776222229004e-01 8.914545923471450806e-02 2.339395228773355484e-03
9.930995106697082520e-01 2.772347535938024521e-03 1.172412261366844177e-01 -2.883641235530376434e-02
0.000000000000000000e+00 0.000000000000000000e+00 0.000000000000000000e+00 1.000000000000000000e+00
1.341643929481506348e-01 8.661520481109619141e-02 -9.871664643287658691e-01 3.900893926620483398e-01
-1.971333660185337067e-02 9.962089657783508301e-01 8.472939580678939819e-02 5.912512075155973434e-03
9.907627701759338379e-01 8.092684671282768250e-03 1.353632211685180664e-01 -2.617902122437953949e-02
0.000000000000000000e+00 0.000000000000000000e+00 0.000000000000000000e+00 1.000000000000000000e+00
1.487281620502471924e-01 9.265526384115219116e-02 -9.845277667045593262e-01 3.870648741722106934e-01
-4.167999327182769775e-02 9.953033328056335449e-01 8.737298846244812012e-02 6.836759392172098160e-03
9.879993200302124023e-01 2.804030664265155792e-02 1.518915444612503052e-01 -2.305853180587291718e-02
0.000000000000000000e+00 0.000000000000000000e+00 0.000000000000000000e+00 1.000000000000000000e+00
1.712908893823623657e-01 8.499486744403839111e-02 -9.815472960472106934e-01 3.834817111492156982e-01
-6.206785514950752258e-02 9.952238202095031738e-01 7.534759491682052612e-02 1.391166355460882187e-02
9.832634925842285156e-01 4.801619425415992737e-02 1.757482290267944336e-01 -2.236056514084339142e-02
0.000000000000000000e+00 0.000000000000000000e+00 0.000000000000000000e+00 1.000000000000000000e+00
1.696022897958755493e-01 7.946779578924179077e-02 -9.823033213615417480e-01 3.821921050548553467e-01
-9.148880839347839355e-02 9.937089681625366211e-01 6.459426134824752808e-02 2.145396545529365540e-02
9.812567234039306641e-01 7.891444861888885498e-02 1.758057177066802979e-01 -1.349213067442178726e-02
0.000000000000000000e+00 0.000000000000000000e+00 0.000000000000000000e+00 1.000000000000000000e+00
1.818080991506576538e-01 9.160932898521423340e-02 -9.790573716163635254e-01 3.822837769985198975e-01
-9.173747897148132324e-02 9.928888678550720215e-01 7.586817443370819092e-02 2.120616286993026733e-02
9.790452718734741211e-01 7.602279633283615112e-02 1.889192163944244385e-01 -1.293901912868022919e-02
0.000000000000000000e+00 0.000000000000000000e+00 0.000000000000000000e+00 1.000000000000000000e+00
1.871230006217956543e-01 1.049245968461036682e-01 -9.767169356346130371e-01 3.835551440715789795e-01
-1.223495528101921082e-01 9.890264868736267090e-01 8.280681073665618896e-02 2.198802493512630463e-02
9.746873378753662109e-01 1.040058061480522156e-01 1.979070305824279785e-01 -9.989983402192592621e-03
0.000000000000000000e+00 0.000000000000000000e+00 0.000000000000000000e+00 1.000000000000000000e+00
1.973552405834197998e-01 1.089564934372901917e-01 -9.742584228515625000e-01 3.849023282527923584e-01
-1.346574127674102783e-01 9.873972535133361816e-01 8.314833790063858032e-02 2.487275935709476471e-02
9.710397720336914062e-01 1.147813200950622559e-01 2.095398902893066406e-01 -8.615700528025627136e-03
0.000000000000000000e+00 0.000000000000000000e+00 0.000000000000000000e+00 1.000000000000000000e+00
2.010536789894104004e-01 1.199641227722167969e-01 -9.722068309783935547e-01 3.868784010410308838e-01
-1.614738851785659790e-01 9.829548001289367676e-01 8.789732307195663452e-02 2.513688988983631134e-02
9.661799073219299316e-01 1.393139064311981201e-01 2.169976979494094849e-01 -2.808362478390336037e-03
0.000000000000000000e+00 0.000000000000000000e+00 0.000000000000000000e+00 1.000000000000000000e+00
2.271219491958618164e-01 1.281384974718093872e-01 -9.653993248939514160e-01 3.887387216091156006e-01
-1.754961758852005005e-01 9.804626107215881348e-01 8.885025233030319214e-02 2.780381031334400177e-02
9.579229950904846191e-01 1.492441296577453613e-01 2.451724410057067871e-01 -5.222612060606479645e-03
0.000000000000000000e+00 0.000000000000000000e+00 0.000000000000000000e+00 1.000000000000000000e+00
2.674896419048309326e-01 1.331996321678161621e-01 -9.543098211288452148e-01 3.890181779861450195e-01
-1.992633938789367676e-01 9.766367673873901367e-01 8.046315610408782959e-02 3.238948434591293335e-02
9.427319169044494629e-01 1.686359345912933350e-01 2.877821028232574463e-01 -1.296461652964353561e-02
0.000000000000000000e+00 0.000000000000000000e+00 0.000000000000000000e+00 1.000000000000000000e+00
3.443966805934906006e-01 1.606759130954742432e-01 -9.249724149703979492e-01 3.926332592964172363e-01
-2.199914902448654175e-01 9.716260433197021484e-01 8.687021583318710327e-02 2.989499270915985107e-02
9.126853346824645996e-01 1.735682636499404907e-01 3.699721992015838623e-01 -2.873995713889598846e-02
0.000000000000000000e+00 0.000000000000000000e+00 0.000000000000000000e+00 1.000000000000000000e+00
3.959434628486633301e-01 2.150068730115890503e-01 -8.927488923072814941e-01 4.078971445560455322e-01
-2.249618023633956909e-01 9.652883410453796387e-01 1.327042132616043091e-01 1.425926107913255692e-02
8.902926445007324219e-01 1.482910662889480591e-01 4.305680096149444580e-01 -3.621023520827293396e-02
0.000000000000000000e+00 0.000000000000000000e+00 0.000000000000000000e+00 1.000000000000000000e+00
4.235222935676574707e-01 2.384014576673507690e-01 -8.739526271820068359e-01 4.129371643066406250e-01
-2.568525373935699463e-01 9.567600488662719727e-01 1.365179866552352905e-01 1.435470208525657654e-02
8.687091469764709473e-01 1.666586399078369141e-01 4.664432108402252197e-01 -5.135216191411018372e-02
0.000000000000000000e+00 0.000000000000000000e+00 0.000000000000000000e+00 1.000000000000000000e+00
4.005666077136993408e-01 2.422448992729187012e-01 -8.836649656295776367e-01 4.046496748924255371e-01
-1.832693964242935181e-01 9.661116600036621094e-01 1.817702949047088623e-01 -5.063140299171209335e-03
8.977519869804382324e-01 8.913765847682952881e-02 4.313881695270538330e-01 -4.556459560990333557e-02
0.000000000000000000e+00 0.000000000000000000e+00 0.000000000000000000e+00 1.000000000000000000e+00
3.976695239543914795e-01 2.438926100730895996e-01 -8.845198154449462891e-01 3.993335664272308350e-01
-1.551988869905471802e-01 9.680131077766418457e-01 1.971390247344970703e-01 -1.356439758092164993e-02
9.043075442314147949e-01 5.888034403324127197e-02 4.228012263774871826e-01 -4.509228095412254333e-02
0.000000000000000000e+00 0.000000000000000000e+00 0.000000000000000000e+00 1.000000000000000000e+00
3.562160134315490723e-01 2.572414875030517578e-01 -8.982966542243957520e-01 3.787409067153930664e-01
-5.108918622136116028e-02 9.652822017669677734e-01 2.561645805835723877e-01 -4.346713796257972717e-02
9.330058693885803223e-01 -4.535665735602378845e-02 3.569912016391754150e-01 -2.969317324459552765e-02
0.000000000000000000e+00 0.000000000000000000e+00 0.000000000000000000e+00 1.000000000000000000e+00
3.492894172668457031e-01 2.933602333068847656e-01 -8.899082541465759277e-01 3.577743768692016602e-01
-1.096335332840681076e-02 9.509413838386535645e-01 3.091768026351928711e-01 -7.256497442722320557e-02
9.369506835937500000e-01 -9.823578596115112305e-02 3.353699743747711182e-01 -2.568510361015796661e-02
0.000000000000000000e+00 0.000000000000000000e+00 0.000000000000000000e+00 1.000000000000000000e+00
3.796424567699432373e-01 3.422285318374633789e-01 -8.595063686370849609e-01 3.381556570529937744e-01
2.654477395117282867e-02 9.246501922607421875e-01 3.798914849758148193e-01 -1.004331484436988831e-01
9.247523546218872070e-01 -1.670383214950561523e-01 3.419520854949951172e-01 -3.009303845465183258e-02
0.000000000000000000e+00 0.000000000000000000e+00 0.000000000000000000e+00 1.000000000000000000e+00
4.070287942886352539e-01 3.645814955234527588e-01 -8.375009298324584961e-01 3.229998946189880371e-01
7.366972416639328003e-02 9.007994532585144043e-01 4.279404580593109131e-01 -1.189253330230712891e-01
9.104396104812622070e-01 -2.358825504779815674e-01 3.397926986217498779e-01 -3.223713487386703491e-02
0.000000000000000000e+00 0.000000000000000000e+00 0.000000000000000000e+00 1.000000000000000000e+00
4.585023522377014160e-01 3.991120159626007080e-01 -7.940309643745422363e-01 3.000242114067077637e-01
1.406310051679611206e-01 8.496389389038085938e-01 5.082681775093078613e-01 -1.487961858510971069e-01
8.774955868721008301e-01 -3.447075188159942627e-01 3.334338665008544922e-01 -3.449058532714843750e-02
0.000000000000000000e+00 0.000000000000000000e+00 0.000000000000000000e+00 1.000000000000000000e+00
4.869082272052764893e-01 4.313362240791320801e-01 -7.595191001892089844e-01 2.843929529190063477e-01
1.603580117225646973e-01 8.106348514556884766e-01 5.631664395332336426e-01 -1.693226695060729980e-01
8.586066961288452148e-01 -3.960052728652954102e-01 3.255365192890167236e-01 -3.456923365592956543e-02
0.000000000000000000e+00 0.000000000000000000e+00 0.000000000000000000e+00 1.000000000000000000e+00
5.017274022102355957e-01 4.718848168849945068e-01 -7.249788641929626465e-01 2.670190036296844482e-01
1.841646432876586914e-01 7.606155276298522949e-01 6.225331425666809082e-01 -1.890263557434082031e-01
8.451941013336181641e-01 -4.458574056625366211e-01 2.947171032428741455e-01 -2.700184471905231476e-02
0.000000000000000000e+00 0.000000000000000000e+00 0.000000000000000000e+00 1.000000000000000000e+00
5.411939024925231934e-01 4.764573872089385986e-01 -6.928905844688415527e-01 2.512838244438171387e-01
1.833927780389785767e-01 7.372779250144958496e-01 6.502217054367065430e-01 -1.984497159719467163e-01
8.206559419631958008e-01 -4.789671301841735840e-01 3.116315603256225586e-01 -3.457155078649520874e-02
0.000000000000000000e+00 0.000000000000000000e+00 0.000000000000000000e+00 1.000000000000000000e+00
5.642323493957519531e-01 4.744493365287780762e-01 -6.756770610809326172e-01 2.397688031196594238e-01
2.027405053377151489e-01 7.137111425399780273e-01 6.704570651054382324e-01 -2.043299973011016846e-01
8.003361821174621582e-01 -5.152806639671325684e-01 3.065088093280792236e-01 -3.518735244870185852e-02
0.000000000000000000e+00 0.000000000000000000e+00 0.000000000000000000e+00 1.000000000000000000e+00
5.622908473014831543e-01 5.110909938812255859e-01 -6.500883698463439941e-01 2.249852120876312256e-01
2.081311792135238647e-01 6.733627319335937500e-01 7.094110250473022461e-01 -2.154866456985473633e-01
8.003188967704772949e-01 -5.341989994049072266e-01 2.722517251968383789e-01 -2.755879424512386322e-02
0.000000000000000000e+00 0.000000000000000000e+00 0.000000000000000000e+00 1.000000000000000000e+00
5.565528869628906250e-01 5.618576407432556152e-01 -6.120170950889587402e-01 2.021359354257583618e-01
1.778945028781890869e-01 6.389726400375366211e-01 7.483766674995422363e-01 -2.254247665405273438e-01
8.115432262420654297e-01 -5.253856182098388672e-01 2.556706666946411133e-01 -2.940747700631618500e-02
0.000000000000000000e+00 0.000000000000000000e+00 0.000000000000000000e+00 1.000000000000000000e+00
6.057687997817993164e-01 5.471753478050231934e-01 -5.776185393333435059e-01 1.885954141616821289e-01
1.738189309835433960e-01 6.174316406250000000e-01 7.671799063682556152e-01 -2.288146466016769409e-01
7.764219641685485840e-01 -5.651346445083618164e-01 2.789114415645599365e-01 -3.999012336134910583e-02
0.000000000000000000e+00 0.000000000000000000e+00 0.000000000000000000e+00 1.000000000000000000e+00
6.677572727203369141e-01 5.452960133552551270e-01 -5.067074298858642578e-01 1.600365787744522095e-01
1.667512953281402588e-01 5.538317561149597168e-01 8.157599568367004395e-01 -2.397598773241043091e-01
7.254613637924194336e-01 -6.292237043380737305e-01 2.788963019847869873e-01 -4.782072827219963074e-02
0.000000000000000000e+00 0.000000000000000000e+00 0.000000000000000000e+00 1.000000000000000000e+00
