1.000000000000000000e+00 0.000000000000000000e+00 0.000000000000000000e+00 -1.792658120393753052e-02
0.000000000000000000e+00 1.000000000000000000e+00 0.000000000000000000e+00 2.243540808558464050e-02
0.000000000000000000e+00 0.000000000000000000e+00 1.000000000000000000e+00 -3.816788792610168457e-01
0.000000000000000000e+00 0.000000000000000000e+00 0.000000000000000000e+00 1.000000000000000000e+00
9.947168231010437012e-01 5.499577522277832031e-02 -8.668186515569686890e-02 1.884501241147518158e-02
-5.668377503752708435e-02 9.982448816299438477e-01 -1.713201403617858887e-02 2.567562460899353027e-02
8.558752387762069702e-02 2.195500582456588745e-02 9.960884451866149902e-01 -3.789546191692352295e-01
0.000000000000000000e+00 0.000000000000000000e+00 0.000000000000000000e+00 1.000000000000000000e+00
9.706871509552001953e-01 6.799222528934478760e-02 -2.305301278829574585e-01 7.707986980676651001e-02
-7.437502592802047729e-02 9.970473051071166992e-01 -1.910144276916980743e-02 2.743383310735225677e-02
2.285505682229995728e-01 3.568717092275619507e-02 9.728776812553405762e-01 -3.686988353729248047e-01
0.000000000000000000e+00 0.000000000000000000e+00 0.000000000000000000e+00 1.000000000000000000e+00
9.990078210830688477e-01 4.453465342521667480e-02 -5.711451522074639797e-04 -1.470031496137380600e-02
-4.452839493751525879e-02 9.989736676216125488e-01 8.283674716949462891e-03 1.691623404622077942e-02
9.394846856594085693e-04 -8.250074461102485657e-03 9.999657273292541504e-01 -3.682322502136230469e-01
0.000000000000000000e+00 0.000000000000000000e+00 0.000000000000000000e+00 1.000000000000000000e+00
9.920292496681213379e-01 5.938219279050827026e-02 -1.111370399594306946e-01 3.144860640168190002e-02
-5.568497627973556519e-02 9.977965354919433594e-01 3.608299046754837036e-02 9.284425526857376099e-03
1.130347922444343567e-01 -2.960662730038166046e-02 9.931496977806091309e-01 -3.663365244865417480e-01
0.000000000000000000e+00 0.000000000000000000e+00 0.000000000000000000e+00 1.000000000000000000e+00
-2.918229401111602783e-01 8.462060242891311646e-02 -9.527217149734497070e-01 4.001616835594177246e-01
-3.350289538502693176e-02 9.945628643035888672e-01 9.859906882047653198e-02 -1.096432097256183624e-02
9.558854103088378906e-01 6.069241091609001160e-02 -2.874012887477874756e-01 1.166717484593391418e-01
0.000000000000000000e+00 0.000000000000000000e+00 0.000000000000000000e+00 1.000000000000000000e+00
-3.029262423515319824e-01 1.094788014888763428e-01 -9.467052817344665527e-01 3.926320374011993408e-01
-1.910630613565444946e-02 9.924824833869934082e-01 1.208862215280532837e-01 -1.492743752896785736e-02
9.528222084045410156e-01 5.470765009522438049e-02 -2.985573709011077881e-01 1.263622790575027466e-01
0.000000000000000000e+00 0.000000000000000000e+00 0.000000000000000000e+00 1.000000000000000000e+00
-3.437260091304779053e-01 9.885817021131515503e-02 -9.338516592979431152e-01 3.812978267669677734e-01
-2.402294054627418518e-02 9.931918382644653320e-01 1.139822006225585938e-01 -8.510738611221313477e-03
9.387623667716979980e-01 6.161255016922950745e-02 -3.390112221240997314e-01 1.477961689233779907e-01
0.000000000000000000e+00 0.000000000000000000e+00 0.000000000000000000e+00 1.000000000000000000e+00
-3.339148759841918945e-01 9.334248304367065430e-02 -9.379698634147644043e-01 3.752757906913757324e-01
-2.481848746538162231e-02 9.938693642616271973e-01 1.077406108379364014e-01 -4.156720824539661407e-03
9.422758817672729492e-01 5.925520136952400208e-02 -3.295512199401855469e-01 1.503082513809204102e-01
0.000000000000000000e+00 0.000000000000000000e+00 0.000000000000000000e+00 1.000000000000000000e+00
-3.113863170146942139e-01 8.882106095552444458e-02 -9.461230039596557617e-01 3.719986081123352051e-01
-4.792080074548721313e-02 9.928880333900451660e-01 1.089829951524734497e-01 -2.555581275373697281e-03
9.490740299224853516e-01 7.927478849887847900e-02 -3.049152791500091553e-01 1.487643122673034668e-01
0.000000000000000000e+00 0.000000000000000000e+00 0.000000000000000000e+00 1.000000000000000000e+00
-2.788737416267395020e-01 7.213220000267028809e-02 -9.576149582862854004e-01 3.699600100517272949e-01
-7.167582958936691284e-02 9.928300976753234863e-01 9.565801918506622314e-02 4.637031350284814835e-03
9.576493501663208008e-01 9.531445801258087158e-02 -2.717040777206420898e-01 1.440483927726745605e-01
0.000000000000000000e+00 0.000000000000000000e+00 0.000000000000000000e+00 1.000000000000000000e+00
-2.782717645168304443e-01 5.290906876325607300e-02 -9.590441584587097168e-01 3.655414581298828125e-01
-9.710776060819625854e-02 9.918160438537597656e-01 8.289342373609542847e-02 1.300826668739318848e-02
9.555811285972595215e-01 1.161975190043449402e-01 -2.708564996719360352e-01 1.508020311594009399e-01
0.000000000000000000e+00 0.000000000000000000e+00 0.000000000000000000e+00 1.000000000000000000e+00
-2.532747387886047363e-01 6.792026013135910034e-02 -9.650071263313293457e-01 3.668069541454315186e-01
-9.968116879463195801e-02 9.903902411460876465e-01 9.586905688047409058e-02 1.210065279155969620e-02
9.622448086738586426e-01 1.204742416739463806e-01 -2.440705895423889160e-01 1.466651558876037598e-01
0.000000000000000000e+00 0.000000000000000000e+00 0.000000000000000000e+00 1.000000000000000000e+00
-2.398415207862854004e-01 6.252710521221160889e-02 -9.687964916229248047e-01 3.676307201385498047e-01
-1.341453641653060913e-01 9.862163066864013672e-01 9.686124324798583984e-02 1.477767340838909149e-02
9.614998102188110352e-01 1.531909853219985962e-01 -2.281478643417358398e-01 1.473414450883865356e-01
0.000000000000000000e+00 0.000000000000000000e+00 0.000000000000000000e+00 1.000000000000000000e+00
-2.233370840549468994e-01 6.532768905162811279e-02 -9.725495576858520508e-01 3.690174221992492676e-01
-1.480302363634109497e-01 9.839054942131042480e-01 1.000842750072479248e-01 1.619981788098812103e-02
9.634354710578918457e-01 1.663192659616470337e-01 -2.100721299648284912e-01 1.471973210573196411e-01
0.000000000000000000e+00 0.000000000000000000e+00 0.000000000000000000e+00 1.000000000000000000e+00
-2.125395238399505615e-01 6.785622984170913696e-02 -9.747934937477111816e-01 3.690510988235473633e-01
-1.685301065444946289e-01 9.800914525985717773e-01 1.049705371260643005e-01 1.682214997708797455e-02
9.625096917152404785e-01 1.865923702716827393e-01 -1.968723833560943604e-01 1.509893983602523804e-01
0.000000000000000000e+00 0.000000000000000000e+00 0.000000000000000000e+00 1.000000000000000000e+00
-1.760642081499099731e-01 7.151113450527191162e-02 -9.817777276039123535e-01 3.727317452430725098e-01
-1.820664852857589722e-01 9.777844548225402832e-01 1.038706228137016296e-01 2.043584175407886505e-02
9.673951864242553711e-01 1.970367431640625000e-01 -1.591331064701080322e-01 1.464612036943435669e-01
0.000000000000000000e+00 0.000000000000000000e+00 0.000000000000000000e+00 1.000000000000000000e+00
-1.465770304203033447e-01 6.243706494569778442e-02 -9.872267246246337891e-01 3.745254576206207275e-01
-2.082810401916503906e-01 9.736844897270202637e-01 9.250480681657791138e-02 2.571704238653182983e-02
9.670235514640808105e-01 2.191797196865081787e-01 -1.297154128551483154e-01 1.445036083459854126e-01
0.000000000000000000e+00 0.000000000000000000e+00 0.000000000000000000e+00 1.000000000000000000e+00
-7.694572210311889648e-02 8.707998692989349365e-02 -9.932253360748291016e-01 3.831616342067718506e-01
-2.316855490207672119e-01 9.673481583595275879e-01 1.027599945664405823e-01 2.153372950851917267e-02
9.697430729866027832e-01 2.380229085683822632e-01 -5.425790324807167053e-02 1.359122693538665771e-01
0.000000000000000000e+00 0.000000000000000000e+00 0.000000000000000000e+00 1.000000000000000000e+00
-4.185302555561065674e-02 1.370299905538558960e-01 -9.896818995475769043e-01 3.975349962711334229e-01
-2.371743470430374146e-01 9.608735442161560059e-01 1.430711746215820312e-01 7.257102988660335541e-03
9.705646634101867676e-01 2.407152056694030762e-01 -7.715452928096055984e-03 1.437007784843444824e-01
0.000000000000000000e+00 0.000000000000000000e+00 0.000000000000000000e+00 1.000000000000000000e+00
6.555545330047607422e-02 1.695110946893692017e-01 -9.833452105522155762e-01 4.153389334678649902e-01
-2.703984081745147705e-01 9.516114592552185059e-01 1.460144817829132080e-01 7.655903697013854980e-03
9.605135321617126465e-01 2.563230693340301514e-01 1.082189455628395081e-01 1.026484146714210510e-01
0.000000000000000000e+00 0.000000000000000000e+00 0.000000000000000000e+00 1.000000000000000000e+00
7.363377511501312256e-02 2.073825299739837646e-01 -9.754844307899475098e-01 4.079465866088867188e-01
-1.968982815742492676e-01 9.619095325469970703e-01 1.896338015794754028e-01 -1.140997186303138733e-02
9.776545166969299316e-01 1.781078726053237915e-01 1.116623654961585999e-01 8.945009857416152954e-02
0.000000000000000000e+00 0.000000000000000000e+00 0.000000000000000000e+00 1.000000000000000000e+00
6.578736007213592529e-02 2.198656946420669556e-01 -9.733095169067382812e-01 4.026389718055725098e-01
-1.588833779096603394e-01 9.652857780456542969e-01 2.073140591382980347e-01 -1.960779540240764618e-02
9.851029515266418457e-01 1.410040110349655151e-01 9.843648225069046021e-02 8.878483623266220093e-02
0.000000000000000000e+00 0.000000000000000000e+00 0.000000000000000000e+00 1.000000000000000000e+00
-1.142329573631286621e-01 2.622342407703399658e-01 -9.582197666168212891e-01 3.656065165996551514e-01
-6.812950968742370605e-02 9.601942300796508789e-01 2.708966135978698730e-01 -5.242795497179031372e-02
9.911149144172668457e-01 9.622852504253387451e-02 -9.182044118642807007e-02 1.427273154258728027e-01
0.000000000000000000e+00 0.000000000000000000e+00 0.000000000000000000e+00 1.000000000000000000e+00
-9.870565682649612427e-02 3.221311569213867188e-01 -9.415352344512939453e-01 3.469507694244384766e-01
-2.269989065825939178e-02 9.451802372932434082e-01 3.257580995559692383e-01 -8.064781874418258667e-02
9.948577880859375000e-01 5.352688580751419067e-02 -8.598231524229049683e-02 1.287361383438110352e-01
0.000000000000000000e+00 0.000000000000000000e+00 0.000000000000000000e+00 1.000000000000000000e+00
-3.091958165168762207e-02 3.980310559272766113e-01 -9.168505668640136719e-01 3.331545591354370117e-01
7.663107477128505707e-03 9.173567295074462891e-01 3.979922831058502197e-01 -1.097083017230033875e-01
9.994922876358032227e-01 5.279895383864641190e-03 -3.141441196203231812e-02 1.044798269867897034e-01
0.000000000000000000e+00 0.000000000000000000e+00 0.000000000000000000e+00 1.000000000000000000e+00
4.148832708597183228e-02 4.420396983623504639e-01 -8.960354328155517578e-01 3.224728703498840332e-01
5.281567201018333435e-02 8.945836424827575684e-01 4.437688589096069336e-01 -1.270494759082794189e-01
9.977421164512634277e-01 -6.573589891195297241e-02 1.376814860850572586e-02 8.361744880676269531e-02
0.000000000000000000e+00 0.000000000000000000e+00 0.000000000000000000e+00 1.000000000000000000e+00
1.656008362770080566e-01 5.022876262664794922e-01 -8.486950993537902832e-01 3.037165105342864990e-01
1.165250837802886963e-01 8.445830345153808594e-01 5.225908160209655762e-01 -1.567461043596267700e-01
9.792845249176025391e-01 -1.854357570409774780e-01 8.133459091186523438e-02 5.365560203790664673e-02
0.000000000000000000e+00 0.000000000000000000e+00 0.000000000000000000e+00 1.000000000000000000e+00
2.753744423389434814e-01 5.248263478279113770e-01 -8.054354190826416016e-01 2.897887527942657471e-01
1.368397921323776245e-01 8.078978061676025391e-01 5.732155442237854004e-01 -1.755950301885604858e-01
9.515480399131774902e-01 -2.680645287036895752e-01 1.506572961807250977e-01 2.653462067246437073e-02
0.000000000000000000e+00 0.000000000000000000e+00 0.000000000000000000e+00 1.000000000000000000e+00
2.992343008518218994e-01 5.744086503982543945e-01 -7.619144916534423828e-01 2.705495953559875488e-01
1.585808992385864258e-01 7.574591636657714844e-01 6.333307027816772461e-01 -1.953178793191909790e-01
9.409096240997314453e-01 -3.103393018245697021e-01 1.355675309896469116e-01 2.755916118621826172e-02
0.000000000000000000e+00 0.000000000000000000e+00 0.000000000000000000e+00 1.000000000000000000e+00
3.229616582393646240e-01 5.910860896110534668e-01 -7.391300201416015625e-01 2.576473355293273926e-01
1.617433130741119385e-01 7.350193262100219727e-01 6.584722995758056641e-01 -2.039126008749008179e-01
9.324885010719299316e-01 -3.322106003761291504e-01 1.417787969112396240e-01 2.259935811161994934e-02
0.000000000000000000e+00 0.000000000000000000e+00 0.000000000000000000e+00 1.000000000000000000e+00
3.345952630043029785e-01 6.050555109977722168e-01 -7.224639058113098145e-01 2.464127838611602783e-01
1.763178855180740356e-01 7.129181027412414551e-01 6.787190437316894531e-01 -2.098334878683090210e-01
9.257203340530395508e-01 -3.544794917106628418e-01 1.318569183349609375e-01 2.180676348507404327e-02
0.000000000000000000e+00 0.000000000000000000e+00 0.000000000000000000e+00 1.000000000000000000e+00
3.347581624984741211e-01 6.452803015708923340e-01 -6.866950392723083496e-01 2.295695394277572632e-01
1.709240823984146118e-01 6.750701665878295898e-01 7.176804542541503906e-01 -2.211636155843734741e-01
9.266723990440368652e-01 -3.576220870018005371e-01 1.156912371516227722e-01 2.218094468116760254e-02
0.000000000000000000e+00 0.000000000000000000e+00 0.000000000000000000e+00 1.000000000000000000e+00
2.954788208007812500e-01 7.090259194374084473e-01 -6.402924060821533203e-01 2.059761881828308105e-01
1.434140354394912720e-01 6.297038197517395020e-01 7.634824514389038086e-01 -2.321123331785202026e-01
9.445233941078186035e-01 -3.174198567867279053e-01 8.437991887331008911e-02 2.170898765325546265e-02
0.000000000000000000e+00 0.000000000000000000e+00 0.000000000000000000e+00 1.000000000000000000e+00
1.819852888584136963e-01 7.582777738571166992e-01 -6.260158419609069824e-01 1.971615552902221680e-01
1.320756077766418457e-01 6.120280027389526367e-01 7.797291874885559082e-01 -2.354357540607452393e-01
9.743906259536743164e-01 -2.245806008577346802e-01 1.123012974858283997e-02 3.770738467574119568e-02
0.000000000000000000e+00 0.000000000000000000e+00 0.000000000000000000e+00 1.000000000000000000e+00
2.557525336742401123e-01 7.896481752395629883e-01 -5.577151775360107422e-01 1.741499453783035278e-01
1.193353533744812012e-01 5.467025637626647949e-01 8.287795186042785645e-01 -2.458302378654479980e-01
9.593484401702880859e-01 -2.785175442695617676e-01 4.558760672807693481e-02 1.717163994908332825e-02
0.000000000000000000e+00 0.000000000000000000e+00 0.000000000000000000e+00 1.000000000000000000e+00
3.765810430049896240e-01 7.772491574287414551e-01 -5.040541291236877441e-01 1.557717323303222656e-01
1.051178500056266785e-01 5.047431588172912598e-01 8.568457961082458496e-01 -2.492087334394454956e-01
9.204005599021911621e-01 -3.756569623947143555e-01 1.083739697933197021e-01 -8.907165378332138062e-03
0.000000000000000000e+00 0.000000000000000000e+00 0.000000000000000000e+00 1.000000000000000000e+00
5.034637451171875000e-01 7.565418481826782227e-01 -4.173352420330047607e-01 1.260690987110137939e-01
2.669436670839786530e-02 4.691671729087829590e-01 8.827058076858520508e-01 -2.490712255239486694e-01
8.636038303375244141e-01 -4.555507898330688477e-01 2.160132676362991333e-01 -4.438382387161254883e-02
0.000000000000000000e+00 0.000000000000000000e+00 0.000000000000000000e+00 1.000000000000000000e+00
6.000505685806274414e-01 7.273240089416503906e-01 -3.330751955509185791e-01 1.051837950944900513e-01
-3.358015045523643494e-02 4.388979673385620117e-01 8.979092240333557129e-01 -2.448498010635375977e-01
7.992569804191589355e-01 -5.276062488555908203e-01 2.877846062183380127e-01 -6.416143476963043213e-02
0.000000000000000000e+00 0.000000000000000000e+00 0.000000000000000000e+00 1.000000000000000000e+00
6.024668216705322266e-01 7.666446566581726074e-01 -2.220127731561660767e-01 8.063370734453201294e-02
-1.082372739911079407e-01 3.540685772895812988e-01 9.289348125457763672e-01 -2.559055089950561523e-01
7.907707691192626953e-01 -5.356222987174987793e-01 2.962941229343414307e-01 -6.211002543568611145e-02
0.000000000000000000e+00 0.000000000000000000e+00 0.000000000000000000e+00 1.000000000000000000e+00
5.911667346954345703e-01 8.014387488365173340e-01 -9.065164625644683838e-02 4.477243497967720032e-02
-1.863143891096115112e-01 2.450498491525650024e-01 9.514395594596862793e-01 -2.713970541954040527e-01
7.847349643707275391e-01 -5.455700159072875977e-01 2.941848635673522949e-01 -5.759106203913688660e-02
0.000000000000000000e+00 0.000000000000000000e+00 0.000000000000000000e+00 1.000000000000000000e+00
5.983142852783203125e-01 8.010713458061218262e-01 1.747316494584083557e-02 1.022715494036674500e-02
-2.103477716445922852e-01 1.359903365373611450e-01 9.681216478347778320e-01 -2.847998738288879395e-01
7.731585502624511719e-01 -5.829162597656250000e-01 2.498684525489807129e-01 -4.426706209778785706e-02
0.000000000000000000e+00 0.000000000000000000e+00 0.000000000000000000e+00 1.000000000000000000e+00
6.160507798194885254e-01 7.766862511634826660e-01 1.313036382198333740e-01 -3.101527318358421326e-02
-2.383003383874893188e-01 2.488257735967636108e-02 9.708724021911621094e-01 -2.916575074195861816e-01
7.507960200309753418e-01 -6.293963193893432617e-01 2.004135400056838989e-01 -3.169075027108192444e-02
0.000000000000000000e+00 0.000000000000000000e+00 0.000000000000000000e+00 1.000000000000000000e+00
6.313176155090332031e-01 7.388511300086975098e-01 2.356640696525573730e-01 -7.220032811164855957e-02
-2.518508136272430420e-01 -9.208234399557113647e-02 9.633750915527343750e-01 -2.964420318603515625e-01
7.334913611412048340e-01 -6.675479412078857422e-01 1.279470324516296387e-01 -1.192013733088970184e-02
0.000000000000000000e+00 0.000000000000000000e+00 0.000000000000000000e+00 1.000000000000000000e+00
5.955682992935180664e-01 7.964821457862854004e-01 1.044736728072166443e-01 -2.141736820340156555e-02
-3.124846220016479492e-01 1.098961755633354187e-01 9.435443282127380371e-01 -2.728198170661926270e-01
7.400351166725158691e-01 -5.945913195610046387e-01 3.143390417098999023e-01 -7.883390784263610840e-02
0.000000000000000000e+00 0.000000000000000000e+00 0.000000000000000000e+00 1.000000000000000000e+00
5.796778798103332520e-01 8.144617080688476562e-01 2.501780726015567780e-02 6.556170061230659485e-03
-3.865739405155181885e-01 2.478498071432113647e-01 8.883305191993713379e-01 -2.460679560899734497e-01
7.173103690147399902e-01 -5.246167778968811035e-01 4.585227370262145996e-01 -1.194045543670654297e-01
0.000000000000000000e+00 0.000000000000000000e+00 0.000000000000000000e+00 1.000000000000000000e+00
5.728533267974853516e-01 8.146226406097412109e-01 -9.071245789527893066e-02 4.269605502486228943e-02
-4.511451721191406250e-01 4.057644903659820557e-01 7.948732972145080566e-01 -2.054913043975830078e-01
6.843294501304626465e-01 -4.144212901592254639e-01 5.999565124511718750e-01 -1.553852558135986328e-01
0.000000000000000000e+00 0.000000000000000000e+00 0.000000000000000000e+00 1.000000000000000000e+00
5.756775140762329102e-01 8.017597198486328125e-01 -1.605505198240280151e-01 6.249842792749404907e-02
-5.188385844230651855e-01 5.099312067031860352e-01 6.861310601234436035e-01 -1.635815054178237915e-01
6.319821476936340332e-01 -3.116905093193054199e-01 7.095403671264648438e-01 -1.795939505100250244e-01
0.000000000000000000e+00 0.000000000000000000e+00 0.000000000000000000e+00 1.000000000000000000e+00
5.857438445091247559e-01 7.849429845809936523e-01 -2.019129991531372070e-01 7.285130023956298828e-02
-5.696595907211303711e-01 5.759217143058776855e-01 5.863470435142517090e-01 -1.300504654645919800e-01
5.765348076820373535e-01 -2.284274101257324219e-01 7.844926118850708008e-01 -1.947983801364898682e-01
0.000000000000000000e+00 0.000000000000000000e+00 0.000000000000000000e+00 1.000000000000000000e+00
5.863485336303710938e-01 7.910774350166320801e-01 -1.743299663066864014e-01 6.141221523284912109e-02
-6.637643575668334961e-01 5.925585627555847168e-01 4.563893973827362061e-01 -9.421609342098236084e-02
4.643403291702270508e-01 -1.518892347812652588e-01 8.725351691246032715e-01 -2.133421152830123901e-01
0.000000000000000000e+00 0.000000000000000000e+00 0.000000000000000000e+00 1.000000000000000000e+00
5.735825300216674805e-01 7.919181585311889648e-01 -2.094490677118301392e-01 6.604211032390594482e-02
-7.124369144439697266e-01 6.084696650505065918e-01 3.495684564113616943e-01 -6.354867666959762573e-02
4.042728245258331299e-01 -5.128701776266098022e-02 9.131990671157836914e-01 -2.197732180356979370e-01
0.000000000000000000e+00 0.000000000000000000e+00 0.000000000000000000e+00 1.000000000000000000e+00
5.650847554206848145e-01 7.814329266548156738e-01 -2.646526396274566650e-01 7.597466558218002319e-02
-7.519624829292297363e-01 6.198028922080993652e-01 2.244914621114730835e-01 -2.687117829918861389e-02
3.394575715065002441e-01 7.215217500925064087e-02 9.378498792648315430e-01 -2.215723097324371338e-01
0.000000000000000000e+00 0.000000000000000000e+00 0.000000000000000000e+00 1.000000000000000000e+00
5.545845031738281250e-01 7.861293554306030273e-01 -2.728309929370880127e-01 7.654251903295516968e-02
-7.824292182922363281e-01 6.042494177818298340e-01 1.506244987249374390e-01 -6.552935112267732620e-03
2.832683622837066650e-01 1.299369186162948608e-01 9.501974582672119141e-01 -2.225034087896347046e-01
0.000000000000000000e+00 0.000000000000000000e+00 0.000000000000000000e+00 1.000000000000000000e+00
5.341829061508178711e-01 7.969443202018737793e-01 -2.820074558258056641e-01 7.592324912548065186e-02
-8.276476860046386719e-01 5.609730482101440430e-01 1.754975877702236176e-02 2.820220217108726501e-02
1.721847206354141235e-01 2.240282297134399414e-01 9.592516422271728516e-01 -2.226574420928955078e-01
0.000000000000000000e+00 0.000000000000000000e+00 0.000000000000000000e+00 1.000000000000000000e+00
5.259289145469665527e-01 8.021295666694641113e-01 -2.828208804130554199e-01 7.302374392747879028e-02
-8.489820957183837891e-01 5.151451230049133301e-01 -1.177104264497756958e-01 6.370805948972702026e-02
5.127473920583724976e-02 3.020170032978057861e-01 9.519227147102355957e-01 -2.186774313449859619e-01
0.000000000000000000e+00 0.000000000000000000e+00 0.000000000000000000e+00 1.000000000000000000e+00
5.345516204833984375e-01 7.923991680145263672e-01 -2.938677072525024414e-01 7.282793521881103516e-02
-8.435007929801940918e-01 4.786068201065063477e-01 -2.438065260648727417e-01 9.599973261356353760e-02
-5.254498496651649475e-02 3.782047331333160400e-01 9.242293834686279297e-01 -2.075828015804290771e-01
0.000000000000000000e+00 0.000000000000000000e+00 0.000000000000000000e+00 1.000000000000000000e+00
5.032595992088317871e-01 8.059962987899780273e-01 -3.116088509559631348e-01 7.589758187532424927e-02
-8.446257710456848145e-01 3.826100528240203857e-01 -3.744556605815887451e-01 1.294133663177490234e-01
-1.825852692127227783e-01 4.516409039497375488e-01 8.733170628547668457e-01 -1.886700987815856934e-01
0.000000000000000000e+00 0.000000000000000000e+00 0.000000000000000000e+00 1.000000000000000000e+00
4.889509081840515137e-01 8.088439106941223145e-01 -3.266468346118927002e-01 7.973887771368026733e-02
-8.253348469734191895e-01 3.077335059642791748e-01 -4.734158515930175781e-01 1.548582613468170166e-01
-2.823993861675262451e-01 5.010700225830078125e-01 8.180339336395263672e-01 -1.704053729772567749e-01
0.000000000000000000e+00 0.000000000000000000e+00 0.000000000000000000e+00 1.000000000000000000e+00
4.733402132987976074e-01 8.120052218437194824e-01 -3.414611220359802246e-01 8.689601719379425049e-02
-8.058100938796997070e-01 2.425592988729476929e-01 -5.402169227600097656e-01 1.714593470096588135e-01
-3.558345139026641846e-01 5.308593511581420898e-01 7.691359519958496094e-01 -1.543808728456497192e-01
0.000000000000000000e+00 0.000000000000000000e+00 0.000000000000000000e+00 1.000000000000000000e+00
4.272203445434570312e-01 8.430750966072082520e-01 -3.266606330871582031e-01 8.931802958250045776e-02
-7.887824773788452148e-01 1.709400117397308350e-01 -5.904251337051391602e-01 1.824229657649993896e-01
-4.419335424900054932e-01 5.099060535430908203e-01 7.380322813987731934e-01 -1.397598385810852051e-01
0.000000000000000000e+00 0.000000000000000000e+00 0.000000000000000000e+00 1.000000000000000000e+00
3.906211555004119873e-01 8.631076216697692871e-01 -3.200936317443847656e-01 9.455719590187072754e-02
-7.810087800025939941e-01 1.266689449548721313e-01 -6.115385890007019043e-01 1.844050288200378418e-01
-4.872775971889495850e-01 4.888761341571807861e-01 7.235745787620544434e-01 -1.292766779661178589e-01
0.000000000000000000e+00 0.000000000000000000e+00 0.000000000000000000e+00 1.000000000000000000e+00
2.793702185153961182e-01 9.258850812911987305e-01 -2.543403506278991699e-01 8.852577209472656250e-02
-7.727800607681274414e-01 5.959912762045860291e-02 -6.318694353103637695e-01 1.838251203298568726e-01
-5.698797702789306641e-01 3.730748295783996582e-01 7.321560382843017578e-01 -1.252306699752807617e-01
0.000000000000000000e+00 0.000000000000000000e+00 0.000000000000000000e+00 1.000000000000000000e+00
1.025611013174057007e-01 9.700908660888671875e-01 -2.200132310390472412e-01 9.178187698125839233e-02
-7.844275832176208496e-01 -5.713344365358352661e-02 -6.175833344459533691e-01 1.672920733690261841e-01
-6.116815209388732910e-01 2.359244227409362793e-01 7.551060914993286133e-01 -1.282363235950469971e-01
0.000000000000000000e+00 0.000000000000000000e+00 0.000000000000000000e+00 1.000000000000000000e+00
-6.872872263193130493e-02 9.764607548713684082e-01 -2.044532895088195801e-01 8.985999226570129395e-02
-7.907587885856628418e-01 -1.782708764076232910e-01 -5.855940580368041992e-01 1.501646041870117188e-01
-6.082576513290405273e-01 1.214259937405586243e-01 7.843970060348510742e-01 -1.362837404012680054e-01
0.000000000000000000e+00 0.000000000000000000e+00 0.000000000000000000e+00 1.000000000000000000e+00
-1.792046874761581421e-01 9.562247395515441895e-01 -2.313428074121475220e-01 9.449595957994461060e-02
-7.519261240959167480e-01 -2.847641110420227051e-01 -5.945722460746765137e-01 1.544419974088668823e-01
-6.344231367111206055e-01 6.740242242813110352e-02 7.700417637825012207e-01 -1.305966824293136597e-01
0.000000000000000000e+00 0.000000000000000000e+00 0.000000000000000000e+00 1.000000000000000000e+00
-2.296844571828842163e-01 9.534811377525329590e-01 -1.952394247055053711e-01 9.283276647329330444e-02
-7.103033065795898438e-01 -3.013605773448944092e-01 -6.361219882965087891e-01 1.685475260019302368e-01
-6.653679609298706055e-01 -7.428183685988187790e-03 7.464787364006042480e-01 -1.217455193400382996e-01
0.000000000000000000e+00 0.000000000000000000e+00 0.000000000000000000e+00 1.000000000000000000e+00
-3.277617990970611572e-01 9.319415092468261719e-01 -1.551021933555603027e-01 9.465643018484115601e-02
-6.964370012283325195e-01 -3.492678105831146240e-01 -6.268869638442993164e-01 1.636321097612380981e-01
-6.383944749832153320e-01 -9.745089709758758545e-02 7.635154724121093750e-01 -1.182285398244857788e-01
0.000000000000000000e+00 0.000000000000000000e+00 0.000000000000000000e+00 1.000000000000000000e+00
2.420276105403900146e-01 9.080972671508789062e-01 -3.417339920997619629e-01 9.029186517000198364e-02
-7.387444376945495605e-01 -5.586904287338256836e-02 -6.716659665107727051e-01 1.824267953634262085e-01
-6.290304064750671387e-01 4.150158762931823730e-01 6.573302149772644043e-01 -9.966100752353668213e-02
0.000000000000000000e+00 0.000000000000000000e+00 0.000000000000000000e+00 1.000000000000000000e+00
5.455705523490905762e-01 7.561910152435302734e-01 -3.612865507602691650e-01 8.018810302019119263e-02
-7.698578834533691406e-01 2.818571329116821289e-01 -5.726042985916137695e-01 1.735551208257675171e-01
-3.311670124530792236e-01 5.905352234840393066e-01 7.359324097633361816e-01 -1.560746878385543823e-01
0.000000000000000000e+00 0.000000000000000000e+00 0.000000000000000000e+00 1.000000000000000000e+00
5.982193946838378906e-01 7.211304903030395508e-01 -3.494350314140319824e-01 7.536037266254425049e-02
-7.713897228240966797e-01 4.001396298408508301e-01 -4.948195815086364746e-01 1.559896022081375122e-01
-2.170063704252243042e-01 5.655608773231506348e-01 7.956436872482299805e-01 -1.859143376350402832e-01
0.000000000000000000e+00 0.000000000000000000e+00 0.000000000000000000e+00 1.000000000000000000e+00
5.989496111869812012e-01 7.421968579292297363e-01 -3.006707131862640381e-01 6.221895292401313782e-02
-7.733040452003479004e-01 4.385532140731811523e-01 -4.578995406627655029e-01 1.478327810764312744e-01
-2.079915851354598999e-01 5.067685246467590332e-01 8.366148471832275391e-01 -2.023235112428665161e-01
0.000000000000000000e+00 0.000000000000000000e+00 0.000000000000000000e+00 1.000000000000000000e+00
6.233164072036743164e-01 7.463368177413940430e-01 -2.333625406026840210e-01 4.242109507322311401e-02
-7.617788910865783691e-01 5.121742486953735352e-01 -3.966991007328033447e-01 1.310748010873794556e-01
-1.765489578247070312e-01 4.250399470329284668e-01 8.877908587455749512e-01 -2.222384512424468994e-01
0.000000000000000000e+00 0.000000000000000000e+00 0.000000000000000000e+00 1.000000000000000000e+00
6.349778175354003906e-01 7.566123604774475098e-01 -1.560151726007461548e-01 1.982332020998001099e-02
-7.488649487495422363e-01 5.532390475273132324e-01 -3.648669123649597168e-01 1.234591081738471985e-01
-1.897492259740829468e-01 3.485165238380432129e-01 9.178950190544128418e-01 -2.347675114870071411e-01
0.000000000000000000e+00 0.000000000000000000e+00 0.000000000000000000e+00 1.000000000000000000e+00
6.517274379730224609e-01 7.544932961463928223e-01 -7.739663124084472656e-02 -4.309569951146841049e-03
-7.311959266662597656e-01 5.979151725769042969e-01 -3.284051418304443359e-01 1.131813898682594299e-01
-2.015030235052108765e-01 2.706226110458374023e-01 9.413606524467468262e-01 -2.453350126743316650e-01
0.000000000000000000e+00 0.000000000000000000e+00 0.000000000000000000e+00 1.000000000000000000e+00
6.690456867218017578e-01 7.428694367408752441e-01 -2.285427041351795197e-02 -2.281634882092475891e-02
-7.193018198013305664e-01 6.394690275192260742e-01 -2.714467048645019531e-01 9.661053121089935303e-02
-1.870350688695907593e-01 1.980493962764739990e-01 9.621820449829101562e-01 -2.551429271697998047e-01
0.000000000000000000e+00 0.000000000000000000e+00 0.000000000000000000e+00 1.000000000000000000e+00
7.116592526435852051e-01 7.006584405899047852e-01 5.117193236947059631e-02 -5.030860751867294312e-02
-6.798476576805114746e-01 7.052153348922729492e-01 -2.011924088001251221e-01 7.535859942436218262e-02
-1.770545393228530884e-01 1.083912625908851624e-01 9.782141447067260742e-01 -2.641833126544952393e-01
0.000000000000000000e+00 0.000000000000000000e+00 0.000000000000000000e+00 1.000000000000000000e+00
7.438629865646362305e-01 6.621688008308410645e-01 9.055036306381225586e-02 -6.623014807701110840e-02
-6.482760310173034668e-01 7.478302717208862305e-01 -1.431379765272140503e-01 5.701782181859016418e-02
-1.624978333711624146e-01 4.777340590953826904e-02 9.855516552925109863e-01 -2.694188058376312256e-01
0.000000000000000000e+00 0.000000000000000000e+00 0.000000000000000000e+00 1.000000000000000000e+00
7.754082083702087402e-01 6.105341315269470215e-01 1.612140685319900513e-01 -9.218505769968032837e-02
-6.098577976226806641e-01 7.902712225914001465e-01 -5.954014882445335388e-02 2.869548276066780090e-02
-1.637541502714157104e-01 -5.214986577630043030e-02 9.851216077804565430e-01 -2.715873718261718750e-01
0.000000000000000000e+00 0.000000000000000000e+00 0.000000000000000000e+00 1.000000000000000000e+00
7.946871519088745117e-01 5.721182227134704590e-01 2.028617262840270996e-01 -1.095662638545036316e-01
-5.874009728431701660e-01 8.090656399726867676e-01 1.931752637028694153e-02 2.740874886512756348e-03
-1.530764698982238770e-01 -1.345125585794448853e-01 9.790166616439819336e-01 -2.731814980506896973e-01
0.000000000000000000e+00 0.000000000000000000e+00 0.000000000000000000e+00 1.000000000000000000e+00
8.261981606483459473e-01 5.152500867843627930e-01 2.278458774089813232e-01 -1.217580661177635193e-01
-5.474364161491394043e-01 8.297645449638366699e-01 1.086457371711730957e-01 -2.815202623605728149e-02
-1.330786943435668945e-01 -2.144940346479415894e-01 9.676170945167541504e-01 -2.727826833724975586e-01
0.000000000000000000e+00 0.000000000000000000e+00 0.000000000000000000e+00 1.000000000000000000e+00
8.457224965095520020e-01 4.879813790321350098e-01 2.159344553947448730e-01 -1.223796084523200989e-01
-5.277971625328063965e-01 8.245754837989807129e-01 2.037299424409866333e-01 -6.125311553478240967e-02
-7.863774895668029785e-02 -2.862685918807983398e-01 9.549167156219482422e-01 -2.726612687110900879e-01
0.000000000000000000e+00 0.000000000000000000e+00 0.000000000000000000e+00 1.000000000000000000e+00
8.540016412734985352e-01 4.887785911560058594e-01 1.782592236995697021e-01 -1.142770126461982727e-01
-5.202651619911193848e-01 8.037886619567871094e-01 2.885273694992065430e-01 -9.164772927761077881e-02
-2.256534760817885399e-03 -3.391449153423309326e-01 9.407314658164978027e-01 -2.727364599704742432e-01
0.000000000000000000e+00 0.000000000000000000e+00 0.000000000000000000e+00 1.000000000000000000e+00
8.648723363876342773e-01 4.852474033832550049e-01 1.285696774721145630e-01 -1.019854620099067688e-01
-4.962109327316284180e-01 7.876421809196472168e-01 3.652315139770507812e-01 -1.200274601578712463e-01
7.596086710691452026e-02 -3.796765506267547607e-01 9.219955205917358398e-01 -2.720764279365539551e-01
0.000000000000000000e+00 0.000000000000000000e+00 0.000000000000000000e+00 1.000000000000000000e+00
8.801040053367614746e-01 4.673146903514862061e-01 8.386790007352828979e-02 -9.160562604665756226e-02
-4.516826272010803223e-01 7.696933746337890625e-01 4.511696696281433105e-01 -1.519928872585296631e-01
1.462858766317367554e-01 -4.349580407142639160e-01 8.884882926940917969e-01 -2.674589455127716064e-01
0.000000000000000000e+00 0.000000000000000000e+00 0.000000000000000000e+00 1.000000000000000000e+00
8.968315124511718750e-01 4.407856166362762451e-01 3.743187710642814636e-02 -7.986482977867126465e-02
-3.869562149047851562e-01 7.406663894653320312e-01 5.492515563964843750e-01 -1.895151436328887939e-01
2.143778800964355469e-01 -5.070709586143493652e-01 8.348180651664733887e-01 -2.611857652664184570e-01
0.000000000000000000e+00 0.000000000000000000e+00 0.000000000000000000e+00 1.000000000000000000e+00
9.333627820014953613e-01 3.587451279163360596e-01 1.162774022668600082e-02 -7.251738756895065308e-02
-2.893905937671661377e-01 7.329661250114440918e-01 6.156404018402099609e-01 -2.152792364358901978e-01
2.123354375362396240e-01 -5.779809355735778809e-01 7.879409790039062500e-01 -2.559033036231994629e-01
0.000000000000000000e+00 0.000000000000000000e+00 0.000000000000000000e+00 1.000000000000000000e+00
9.511769413948059082e-01 3.032107353210449219e-01 -5.766376480460166931e-02 -5.080032348632812500e-02
-1.869651377201080322e-01 7.146903872489929199e-01 6.739895939826965332e-01 -2.393591403961181641e-01
2.455726712942123413e-01 -6.303021311759948730e-01 7.364869117736816406e-01 -2.500223517417907715e-01
0.000000000000000000e+00 0.000000000000000000e+00 0.000000000000000000e+00 1.000000000000000000e+00
9.333392977714538574e-01 3.260800242424011230e-01 -1.501644104719161987e-01 -1.801031827926635742e-02
-1.209835484623908997e-01 6.795234680175781250e-01 7.236093878746032715e-01 -2.577105760574340820e-01
3.379949033260345459e-01 -6.572057008743286133e-01 6.736764311790466309e-01 -2.407412081956863403e-01
0.000000000000000000e+00 0.000000000000000000e+00 0.000000000000000000e+00 1.000000000000000000e+00
8.865354061126708984e-01 3.953589797019958496e-01 -2.403047531843185425e-01 1.760146766901016235e-02
-8.398509025573730469e-02 6.482873558998107910e-01 7.567490935325622559e-01 -2.700202167034149170e-01
4.549743533134460449e-01 -6.507030129432678223e-01 6.079340577125549316e-01 -2.271414548158645630e-01
0.000000000000000000e+00 0.000000000000000000e+00 0.000000000000000000e+00 1.000000000000000000e+00
9.543338418006896973e-01 2.276174724102020264e-01 -1.934858411550521851e-01 -6.682084407657384872e-03
-2.292906120419502258e-02 7.015680074691772461e-01 7.122332453727722168e-01 -2.525480091571807861e-01
2.978603243827819824e-01 -6.752722859382629395e-01 6.747494339942932129e-01 -2.313392162322998047e-01
0.000000000000000000e+00 0.000000000000000000e+00 0.000000000000000000e+00 1.000000000000000000e+00
9.331742525100708008e-01 2.532852888107299805e-01 -2.550148963928222656e-01 1.158470846712589264e-02
-1.132749672979116440e-02 7.298811674118041992e-01 6.834798455238342285e-01 -2.378763407468795776e-01
3.592459261417388916e-01 -6.349171400070190430e-01 6.839753985404968262e-01 -2.390197366476058960e-01
0.000000000000000000e+00 0.000000000000000000e+00 0.000000000000000000e+00 1.000000000000000000e+00
9.159939885139465332e-01 3.135861754417419434e-01 -2.502380907535552979e-01 8.470443077385425568e-03
-4.697627946734428406e-02 7.032802104949951172e-01 7.093591690063476562e-01 -2.456651479005813599e-01
3.984325230121612549e-01 -6.380129456520080566e-01 6.589310765266418457e-01 -2.312726080417633057e-01
0.000000000000000000e+00 0.000000000000000000e+00 0.000000000000000000e+00 1.000000000000000000e+00
8.442283868789672852e-01 3.976643979549407959e-01 -3.593625426292419434e-01 5.090054869651794434e-02
3.011096641421318054e-02 6.342261433601379395e-01 7.725608944892883301e-01 -2.741905152797698975e-01
5.351370573043823242e-01 -6.630386114120483398e-01 5.234577059745788574e-01 -1.908071190118789673e-01
0.000000000000000000e+00 0.000000000000000000e+00 0.000000000000000000e+00 1.000000000000000000e+00
7.276967167854309082e-01 5.149669051170349121e-01 -4.530635476112365723e-01 9.425535053014755249e-02
7.890088856220245361e-02 5.933068990707397461e-01 8.011002540588378906e-01 -2.876078486442565918e-01
6.813458204269409180e-01 -6.187051534652709961e-01 3.911161422729492188e-01 -1.527322232723236084e-01
0.000000000000000000e+00 0.000000000000000000e+00 0.000000000000000000e+00 1.000000000000000000e+00
6.073374748229980469e-01 5.972563028335571289e-01 -5.238569378852844238e-01 1.305589228868484497e-01
1.356999576091766357e-01 5.717191100120544434e-01 8.091493844985961914e-01 -2.939780056476593018e-01
7.827686071395874023e-01 -5.625141263008117676e-01 2.661787867546081543e-01 -1.109146922826766968e-01
0.000000000000000000e+00 0.000000000000000000e+00 0.000000000000000000e+00 1.000000000000000000e+00
4.118039309978485107e-01 6.789912581443786621e-01 -6.077733635902404785e-01 1.753934919834136963e-01
2.590207457542419434e-01 5.522252321243286133e-01 7.924365401268005371e-01 -2.937748730182647705e-01
8.736851811408996582e-01 -4.837543666362762451e-01 5.153569579124450684e-02 -3.750742971897125244e-02
0.000000000000000000e+00 0.000000000000000000e+00 0.000000000000000000e+00 1.000000000000000000e+00
3.587140738964080811e-01 6.838167309761047363e-01 -6.353886723518371582e-01 1.897456645965576172e-01
3.372208476066589355e-01 5.397847890853881836e-01 7.713068723678588867e-01 -2.896577417850494385e-01
8.704057335853576660e-01 -4.909449219703674316e-01 -3.696877881884574890e-02 -2.446569735184311867e-03
0.000000000000000000e+00 0.000000000000000000e+00 0.000000000000000000e+00 1.000000000000000000e+00
2.989163100719451904e-01 6.971116065979003906e-01 -6.516779661178588867e-01 2.009245008230209351e-01
3.841861188411712646e-01 5.372021794319152832e-01 7.508760094642639160e-01 -2.839680612087249756e-01
8.735272288322448730e-01 -4.748146831989288330e-01 -1.072421371936798096e-01 2.625384926795959473e-02
0.000000000000000000e+00 0.000000000000000000e+00 0.000000000000000000e+00 1.000000000000000000e+00
5.026227235794067383e-01 4.912390708923339844e-01 -7.113751769065856934e-01 2.250847816467285156e-01
4.512524902820587158e-01 5.527940392494201660e-01 7.005640864372253418e-01 -2.674874067306518555e-01
7.373882532119750977e-01 -6.731292009353637695e-01 5.617398396134376526e-02 -3.630875376984477043e-03
