-0.958413302898407 -0.2844048738479614 -0.02363921515643597 0.0528096929192543 
-0.281697541475296 0.9560497999191284 -0.08133450895547867 0.05329770594835281 
0.04573218896985054 -0.0712929293513298 -0.9964069724082947 0.3081769347190857 
0 0 0 1 

-0.9940736889839172 -0.10670106112957 -0.02078448981046677 0.05570147931575775 
-0.1049883142113686 0.9919388294219971 -0.07095598429441452 0.04247430711984634 
0.02818802371621132 -0.06835336238145828 -0.9972626566886902 0.3095235824584961 
0 0 0 1 

-0.9998873472213745 -0.01452150847762823 0.003761386731639504 0.04846469312906265 
-0.01464541163295507 0.9992684721946716 -0.03532671555876732 0.02022776380181313 
-0.00324563798494637 -0.03537782654166222 -0.9993684887886047 0.3135959208011627 
0 0 0 1 

-0.878004789352417 -0.400430828332901 -0.2622272968292236 0.1301324069499969 
-0.4703125655651093 0.6199018359184265 0.6281145215034485 -0.1847719550132751 
-0.08896120637655258 0.6748162508010864 -0.7326046228408813 0.2350578159093857 
0 0 0 1 

-0.9121765494346619 -0.3702683448791504 -0.1756014078855515 0.09911508858203888 
-0.3827699422836304 0.616783618927002 0.6877973675727844 -0.2073156088590622 
-0.1463614851236343 0.6946073770523071 -0.7043430805206299 0.2282987385988235 
0 0 0 1 

-0.9419122338294983 -0.3167120814323425 -0.1117797642946243 0.07811785489320755 
-0.3020102679729462 0.6530901789665222 0.694451630115509 -0.2113592624664307 
-0.1469389647245407 0.6878711581230164 -0.7108039259910583 0.2331480234861374 
0 0 0 1 

-0.9704816937446594 -0.2410133183002472 -0.00885268859565258 0.04697516933083534 
-0.1596031785011292 0.6142845749855042 0.7727751135826111 -0.2418189197778702 
-0.1808110028505325 0.7513768076896667 -0.6346185803413391 0.2154289484024048 
0 0 0 1 

-0.7950154542922974 -0.5783127546310425 0.183043047785759 -0.02774405479431152 
-0.1987088024616241 0.5334014296531677 0.8221908211708069 -0.2452983111143112 
-0.5731188654899597 0.6172821521759033 -0.5389782786369324 0.2034578025341034 
0 0 0 1 

-0.7396173477172852 -0.6305461525917053 0.2353236675262451 -0.04735899344086647 
-0.2514574825763702 0.5832232236862183 0.772411584854126 -0.223423570394516 
-0.6242874264717102 0.5121152997016907 -0.5899174809455872 0.223353236913681 
0 0 0 1 

-0.685885488986969 -0.678561806678772 0.2628968060016632 -0.05915652215480804 
-0.3300060033798218 0.6120161414146423 0.7187017202377319 -0.2010659426450729 
-0.6485806703567505 0.4061895906925201 -0.6437023878097534 0.2411562949419022 
0 0 0 1 

