1.000000000000000000e+00 0.000000000000000000e+00 0.000000000000000000e+00 -4.096739311332171507e-01
0.000000000000000000e+00 -1.000000000000000000e+00 0.000000000000000000e+00 -1.964994255000929863e-02
0.000000000000000000e+00 0.000000000000000000e+00 -1.000000000000000000e+00 -2.664639050480994698e+00
0.000000000000000000e+00 0.000000000000000000e+00 0.000000000000000000e+00 1.000000000000000000e+00
9.964065551757812500e-01 -8.343543857336044312e-02 -1.457787491381168365e-02 -4.365925755783788276e-01
-8.315842598676681519e-02 -9.963613152503967285e-01 1.867546886205673218e-02 6.690541211541140010e-02
-1.608303748071193695e-02 -1.739607751369476318e-02 -9.997192025184631348e-01 -2.718261314443271015e+00
0.000000000000000000e+00 0.000000000000000000e+00 0.000000000000000000e+00 1.000000000000000000e+00
9.859693050384521484e-01 -1.638247072696685791e-01 -3.202185034751892090e-02 -4.690072558047321816e-01
-1.620632857084274292e-01 -9.854353070259094238e-01 5.150184035301208496e-02 2.054203127179282107e-01
-3.999281302094459534e-02 -4.558961093425750732e-02 -9.981592893600463867e-01 -2.711070913961973972e+00
0.000000000000000000e+00 0.000000000000000000e+00 0.000000000000000000e+00 1.000000000000000000e+00
9.660570025444030762e-01 -2.561102211475372314e-01 -3.378352150321006775e-02 -4.529945211846644892e-01
-2.529920041561126709e-01 -9.644192457199096680e-01 7.674986124038696289e-02 3.215080426159432347e-01
-5.223793163895606995e-02 -6.559775769710540771e-02 -9.964777827262878418e-01 -2.707243373664327546e+00
0.000000000000000000e+00 0.000000000000000000e+00 0.000000000000000000e+00 1.000000000000000000e+00
9.369578361511230469e-01 -3.458796739578247070e-01 -4.976603016257286072e-02 -4.700807248151077089e-01
-3.382732570171356201e-01 -9.334844946861267090e-01 1.190682128071784973e-01 4.876141441788218733e-01
-8.763916790485382080e-02 -9.472733736038208008e-02 -9.916381239891052246e-01 -2.682266817537050319e+00
0.000000000000000000e+00 0.000000000000000000e+00 0.000000000000000000e+00 1.000000000000000000e+00
8.928984999656677246e-01 -4.494260549545288086e-01 -2.736401371657848358e-02 -3.789676539684890266e-01
-4.419206976890563965e-01 -8.863856196403503418e-01 1.379370540380477905e-01 5.785631007155837002e-01
-8.624758571386337280e-02 -1.110710576176643372e-01 -9.900629520416259766e-01 -2.689722946610852095e+00
0.000000000000000000e+00 0.000000000000000000e+00 0.000000000000000000e+00 1.000000000000000000e+00
8.463895320892333984e-01 -5.324044227600097656e-01 -1.303535792976617813e-02 -3.122230401985430226e-01
-5.232359170913696289e-01 -8.358765244483947754e-01 1.659357398748397827e-01 6.949613301968966539e-01
-9.924092888832092285e-02 -1.336256265640258789e-01 -9.860504269599914551e-01 -2.677023989647548063e+00
0.000000000000000000e+00 0.000000000000000000e+00 0.000000000000000000e+00 1.000000000000000000e+00
7.933686375617980957e-01 -6.086859107017517090e-01 8.225906640291213989e-03 -2.222884673815336276e-01
-6.008456945419311523e-01 -7.808371782302856445e-01 1.711069047451019287e-01 7.410393717799120816e-01
-9.772727638483047485e-02 -1.406933367252349854e-01 -9.852181077003479004e-01 -2.683212458125330269e+00
0.000000000000000000e+00 0.000000000000000000e+00 0.000000000000000000e+00 1.000000000000000000e+00
7.243528366088867188e-01 -6.885331869125366211e-01 3.513992577791213989e-02 -9.715503128282410028e-02
-6.838411092758178711e-01 -7.110714316368103027e-01 1.635193079710006714e-01 7.473874705700140897e-01
-8.760149776935577393e-02 -1.424757987260818481e-01 -9.859141111373901367e-01 -2.694940112237526275e+00
0.000000000000000000e+00 0.000000000000000000e+00 0.000000000000000000e+00 1.000000000000000000e+00
6.469098925590515137e-01 -7.619301676750183105e-01 3.113873116672039032e-02 -5.981862050598422270e-02
-7.578512430191040039e-01 -6.378400921821594238e-01 1.371901929378509521e-01 6.981798746444309867e-01
-8.466788381338119507e-02 -1.123482212424278259e-01 -9.900551438331604004e-01 -2.719910321783674423e+00
0.000000000000000000e+00 0.000000000000000000e+00 0.000000000000000000e+00 1.000000000000000000e+00
5.503208041191101074e-01 -8.337832093238830566e-01 4.418445751070976257e-02 3.223056243414835348e-02
-8.330442905426025391e-01 -5.447170138359069824e-01 9.654147922992706299e-02 5.955919436698410285e-01
-5.642667040228843689e-02 -8.993639796972274780e-02 -9.943476915359497070e-01 -2.764857637156994841e+00
0.000000000000000000e+00 0.000000000000000000e+00 0.000000000000000000e+00 1.000000000000000000e+00
4.593427479267120361e-01 -8.832178115844726562e-01 9.450115263462066650e-02 2.350891634407457631e-01
-8.882466554641723633e-01 -4.561616182327270508e-01 5.417393893003463745e-02 4.786089319251160545e-01
-4.739587195217609406e-03 -1.088247299194335938e-01 -9.940496087074279785e-01 -2.801712785652023641e+00
0.000000000000000000e+00 0.000000000000000000e+00 0.000000000000000000e+00 1.000000000000000000e+00
3.515333235263824463e-01 -9.296300411224365234e-01 1.105092987418174744e-01 3.231161574747619669e-01
-9.358633160591125488e-01 -3.520074784755706787e-01 1.583911105990409851e-02 3.468015483845142688e-01
2.417558431625366211e-02 -1.089895665645599365e-01 -9.937488436698913574e-01 -2.814243696184553389e+00
0.000000000000000000e+00 0.000000000000000000e+00 0.000000000000000000e+00 1.000000000000000000e+00
2.723883986473083496e-01 -9.541653990745544434e-01 1.239866986870765686e-01 3.865978352215567182e-01
-9.590242505073547363e-01 -2.796691954135894775e-01 -4.535705596208572388e-02 1.300276543442486776e-01
7.795339077711105347e-02 -1.065515652298927307e-01 -9.912467598915100098e-01 -2.811327856063060349e+00
0.000000000000000000e+00 0.000000000000000000e+00 0.000000000000000000e+00 1.000000000000000000e+00
1.886642277240753174e-01 -9.682343602180480957e-01 1.640981733798980713e-01 5.180449468061989471e-01
-9.730290770530700684e-01 -2.068910598754882812e-01 -1.020319089293479919e-01 -6.310647317871163897e-02
1.327412277460098267e-01 -1.404225230216979980e-01 -9.811530113220214844e-01 -2.792580055406821415e+00
0.000000000000000000e+00 0.000000000000000000e+00 0.000000000000000000e+00 1.000000000000000000e+00
1.141001880168914795e-01 -9.809064865112304688e-01 1.574924290180206299e-01 5.148708284265705037e-01
-9.710795879364013672e-01 -1.435845643281936646e-01 -1.907563060522079468e-01 -3.428745244893215971e-01
2.097275853157043457e-01 -1.311723589897155762e-01 -9.689211249351501465e-01 -2.769581425085435811e+00
0.000000000000000000e+00 0.000000000000000000e+00 0.000000000000000000e+00 1.000000000000000000e+00
1.868001222610473633e-01 -9.713935256004333496e-01 1.466300040483474731e-01 4.752705421470559410e-01
-9.549966454505920410e-01 -2.145618051290512085e-01 -2.048042267560958862e-01 -3.803270104408664198e-01
2.304066866636276245e-01 -1.017736867070198059e-01 -9.677575826644897461e-01 -2.745873633307418071e+00
0.000000000000000000e+00 0.000000000000000000e+00 0.000000000000000000e+00 1.000000000000000000e+00
2.699015140533447266e-01 -9.513459801673889160e-01 1.486402302980422974e-01 4.587713282865045206e-01
-9.383209347724914551e-01 -2.945103645324707031e-01 -1.811556369066238403e-01 -2.891654779285585675e-01
2.161177843809127808e-01 -9.057807922363281250e-02 -9.721568226814270020e-01 -2.736873353451003243e+00
0.000000000000000000e+00 0.000000000000000000e+00 0.000000000000000000e+00 1.000000000000000000e+00
3.252857029438018799e-01 -9.331774115562438965e-01 1.528698951005935669e-01 4.541385310157771138e-01
-9.337418079376220703e-01 -3.425146639347076416e-01 -1.039714366197586060e-01 -4.218343250092077695e-02
1.493839770555496216e-01 -1.089205667376518250e-01 -9.827619194984436035e-01 -2.733578098153296221e+00
0.000000000000000000e+00 0.000000000000000000e+00 0.000000000000000000e+00 1.000000000000000000e+00
3.586763441562652588e-01 -9.140670299530029297e-01 1.892964541912078857e-01 5.459874258582295692e-01
-9.301414489746093750e-01 -3.670636117458343506e-01 -1.004291325807571411e-02 2.615308848826818355e-01
7.866372168064117432e-02 -1.724703460931777954e-01 -9.818685650825500488e-01 -2.693946458383310816e+00
0.000000000000000000e+00 0.000000000000000000e+00 0.000000000000000000e+00 1.000000000000000000e+00
4.028562307357788086e-01 -8.934069275856018066e-01 1.988228559494018555e-01 5.520739006381877312e-01
-9.150909781455993652e-01 -3.973748087882995605e-01 6.856688857078552246e-02 5.082463965384494964e-01
1.774903200566768646e-02 -2.095636576414108276e-01 -9.776339530944824219e-01 -2.648231482631643541e+00
0.000000000000000000e+00 0.000000000000000000e+00 0.000000000000000000e+00 1.000000000000000000e+00
4.565954804420471191e-01 -8.596085906028747559e-01 2.293326556682586670e-01 6.068760078293343740e-01
-8.887591361999511719e-01 -4.290220141410827637e-01 1.613915562629699707e-01 7.696201651274896527e-01
-4.034485667943954468e-02 -2.775121331214904785e-01 -9.598746299743652344e-01 -2.551100369705940007e+00
0.000000000000000000e+00 0.000000000000000000e+00 0.000000000000000000e+00 1.000000000000000000e+00
5.322068929672241211e-01 -8.195399045944213867e-01 2.123913466930389404e-01 5.070710526799850904e-01
-8.422078490257263184e-01 -4.869434535503387451e-01 2.314557731151580811e-01 9.470659515387410687e-01
-8.626467734575271606e-02 -3.020600378513336182e-01 -9.493777751922607422e-01 -2.486571644041949636e+00
0.000000000000000000e+00 0.000000000000000000e+00 0.000000000000000000e+00 1.000000000000000000e+00
5.954523086547851562e-01 -7.770872116088867188e-01 2.038918137550354004e-01 4.427610081266490916e-01
-7.938402295112609863e-01 -5.300944447517395020e-01 2.980225682258605957e-01 1.098293114504945711e+00
-1.235076710581779480e-01 -3.393157422542572021e-01 -9.325292706489562988e-01 -2.406258695170838902e+00
0.000000000000000000e+00 0.000000000000000000e+00 0.000000000000000000e+00 1.000000000000000000e+00
6.730334162712097168e-01 -7.180539369583129883e-01 1.772693097591400146e-01 3.155830416124775772e-01
-7.210795879364013672e-01 -5.837259888648986816e-01 3.732397258281707764e-01 1.242667832434993569e+00
-1.645296514034271240e-01 -3.790281116962432861e-01 -9.106413125991821289e-01 -2.307581361925197694e+00
0.000000000000000000e+00 0.000000000000000000e+00 0.000000000000000000e+00 1.000000000000000000e+00
7.394317388534545898e-01 -6.525605916976928711e-01 1.655451506376266479e-01 2.480221850754847357e-01
-6.466202735900878906e-01 -6.199464797973632812e-01 4.444641470909118652e-01 1.371958727573211911e+00
-1.874107569456100464e-01 -4.356957674026489258e-01 -8.803671598434448242e-01 -2.180913398392434921e+00
0.000000000000000000e+00 0.000000000000000000e+00 0.000000000000000000e+00 1.000000000000000000e+00
7.658469080924987793e-01 -6.251907944679260254e-01 1.503822803497314453e-01 1.845272622898112835e-01
-5.953831076622009277e-01 -6.011023521423339844e-01 5.330990552902221680e-01 1.560594847222563031e+00
-2.428936660289764404e-01 -4.978072941303253174e-01 -8.325805664062500000e-01 -1.983747611674329336e+00
0.000000000000000000e+00 0.000000000000000000e+00 0.000000000000000000e+00 1.000000000000000000e+00
7.936583161354064941e-01 -5.899199843406677246e-01 1.486632972955703735e-01 1.547261317663746749e-01
-5.337093472480773926e-01 -5.578699111938476562e-01 6.355590224266052246e-01 1.803260515779711470e+00
-2.919943034648895264e-01 -5.837597250938415527e-01 -7.576040029525756836e-01 -1.726738393826433349e+00
0.000000000000000000e+00 0.000000000000000000e+00 0.000000000000000000e+00 1.000000000000000000e+00
8.165679574012756348e-01 -5.592488050460815430e-01 1.430294811725616455e-01 1.225242258462276856e-01
-4.777138233184814453e-01 -5.156010389328002930e-01 7.112979888916015625e-01 1.985441196636380745e+00
-3.240465223789215088e-01 -6.491502523422241211e-01 -6.881842613220214844e-01 -1.498306727050972675e+00
0.000000000000000000e+00 0.000000000000000000e+00 0.000000000000000000e+00 1.000000000000000000e+00
8.492127656936645508e-01 -5.089430809020996094e-01 1.407643109560012817e-01 8.548615612090258720e-02
-4.100816547870635986e-01 -4.676891565322875977e-01 7.830068469047546387e-01 2.157673197665254783e+00
-3.326720595359802246e-01 -7.226642966270446777e-01 -6.058758497238159180e-01 -1.285487649853828795e+00
0.000000000000000000e+00 0.000000000000000000e+00 0.000000000000000000e+00 1.000000000000000000e+00
8.790330290794372559e-01 -4.670646786689758301e-01 9.566351771354675293e-02 -5.134911661187594595e-02
-3.194667696952819824e-01 -4.280981719493865967e-01 8.453831076622009277e-01 2.294753141448258482e+00
-3.538953363895416260e-01 -7.736809849739074707e-01 -5.255241394042968750e-01 -1.085143743650600179e+00
0.000000000000000000e+00 0.000000000000000000e+00 0.000000000000000000e+00 1.000000000000000000e+00
8.982176184654235840e-01 -4.349027276039123535e-01 6.375513970851898193e-02 -1.298988714206874284e-01
-2.192596197128295898e-01 -3.176047801971435547e-01 9.225249290466308594e-01 2.436427871999790717e+00
-3.809597194194793701e-01 -8.426070213317871094e-01 -3.806348145008087158e-01 -7.280349375228802877e-01
0.000000000000000000e+00 0.000000000000000000e+00 0.000000000000000000e+00 1.000000000000000000e+00
8.947262167930603027e-01 -4.465829133987426758e-01 5.358928814530372620e-03 -3.167710899158197035e-01
-4.582463577389717102e-02 -7.986045628786087036e-02 9.957521557807922363e-01 2.581145926172023319e+00
-4.442579150199890137e-01 -8.911710381507873535e-01 -9.191781282424926758e-02 -7.507272549710318661e-03
0.000000000000000000e+00 0.000000000000000000e+00 0.000000000000000000e+00 1.000000000000000000e+00
8.978127241134643555e-01 -4.398394823074340820e-01 2.176458947360515594e-02 -2.591536703787323259e-01
-5.459953472018241882e-02 -6.213644891977310181e-02 9.965732693672180176e-01 2.586857849188480607e+00
-4.369797706604003906e-01 -8.959243893623352051e-01 -7.980187982320785522e-02 -3.006186100249455886e-02
0.000000000000000000e+00 0.000000000000000000e+00 0.000000000000000000e+00 1.000000000000000000e+00
8.523651361465454102e-01 -5.225599408149719238e-01 2.012416720390319824e-02 -2.272746209043268462e-01
-7.820535451173782349e-02 -8.932497352361679077e-02 9.929274916648864746e-01 2.586584394323296898e+00
-5.170664787292480469e-01 -8.479105234146118164e-01 -1.170044466853141785e-01 -9.389564034435191053e-02
0.000000000000000000e+00 0.000000000000000000e+00 0.000000000000000000e+00 1.000000000000000000e+00
8.477123379707336426e-01 -5.268775820732116699e-01 6.151198595762252808e-02 -1.238359203816546128e-01
-1.927110403776168823e-01 -1.978529840707778931e-01 9.611016511917114258e-01 2.544080788623104272e+00
-4.942126870155334473e-01 -8.265916705131530762e-01 -2.692575752735137939e-01 -4.244031138372355572e-01
0.000000000000000000e+00 0.000000000000000000e+00 0.000000000000000000e+00 1.000000000000000000e+00
8.424385786056518555e-01 -5.307003259658813477e-01 9.302870929241180420e-02 -4.570552713096188990e-02
-2.871999144554138184e-01 -2.962256669998168945e-01 9.109151363372802734e-01 2.449402215396447868e+00
-4.558655321598052979e-01 -7.941079139709472656e-01 -4.019691050052642822e-01 -7.455355660026153908e-01
0.000000000000000000e+00 0.000000000000000000e+00 0.000000000000000000e+00 1.000000000000000000e+00
8.247441649436950684e-01 -5.571120381355285645e-01 9.707308560609817505e-02 -2.982684247957228044e-02
-3.457996547222137451e-01 -3.610103130340576172e-01 8.660797476768493652e-01 2.354767240422767749e+00
-4.474591016769409180e-01 -7.478620409965515137e-01 -4.903903305530548096e-01 -9.838351316656261947e-01
0.000000000000000000e+00 0.000000000000000000e+00 0.000000000000000000e+00 1.000000000000000000e+00
