0.72141033411026 0.6915879249572754 -0.03567974269390106 -0.01144605409353971 
-0.6870435476303101 0.7083080410957336 -0.162082314491272 0.08332838118076324 
-0.08682196587324142 0.1414414048194885 0.9861319661140442 -0.2907300293445587 
0 0 0 1 

0.4576965570449829 0.8584861159324646 -0.2313337177038193 0.06473632901906967 
-0.8881470561027527 0.4293591380119324 -0.1638454496860504 0.08668023347854614 
-0.04133384302258492 0.2804498672485352 0.9589782953262329 -0.2748617827892303 
0 0 0 1 

0.5358696579933167 0.8169488906860352 -0.2131622284650803 0.05363045632839203 
-0.8400715589523315 0.49067422747612 -0.2313406467437744 0.1049150303006172 
-0.08440030366182327 0.3030399680137634 0.9492330551147461 -0.2682508826255798 
0 0 0 1 

0.5953713059425354 0.7761347889900208 -0.2077201008796692 0.04773123562335968 
-0.7943480610847473 0.5298076868057251 -0.2971779406070709 0.1212332472205162 
-0.1205984950065613 0.3419332802295685 0.9319536685943604 -0.2595310509204865 
0 0 0 1 

0.6754142642021179 0.7154982089996338 -0.1785432994365692 0.03300730511546135 
-0.7198246717453003 0.5870670676231384 -0.3704111874103546 0.1361811757087708 
-0.1602117419242859 0.3787008821964264 0.9115469455718994 -0.2494522482156754 
0 0 0 1 

0.7378661036491394 0.6548231244087219 -0.163585439324379 0.0250855702906847 
-0.6475169062614441 0.6183802485466003 -0.44533970952034 0.1512324213981628 
-0.1904608160257339 0.4345254004001617 0.8802910447120667 -0.2351817190647125 
0 0 0 1 

0.7679744958877563 0.6228909492492676 -0.1490700095891953 0.0186301302164793 
-0.5932836532592773 0.6041564345359802 -0.5319859981536865 0.1709006279706955 
-0.2413078397512436 0.4969924688339233 0.8335279822349548 -0.2142630517482758 
0 0 0 1 

0.7967679500579834 0.5849567055702209 -0.1516124755144119 0.01620114594697952 
-0.5329393744468689 0.5619544982910156 -0.6325997114181519 0.1965346932411194 
-0.2848442792892456 0.584835410118103 0.7594940066337585 -0.1868115663528442 
0 0 0 1 

0.8183832168579102 0.5567926168441772 -0.1422351449728012 0.0116893220692873 
-0.4768391847610474 0.5197924375534058 -0.7088300585746765 0.2165116816759109 
-0.3207386136054993 0.6479179263114929 0.6908900141716003 -0.1624821275472641 
0 0 0 1 

0.8467458486557007 0.5155218839645386 -0.1313721835613251 0.005795912817120552 
-0.4160327613353729 0.4877580404281616 -0.7674689292907715 0.2319387346506119 
-0.3315692543983459 0.7045062780380249 0.6274811625480652 -0.1448498964309692 
0 0 0 1 

