0.8403835892677307 0.5287580490112305 0.1190377399325371 -0.0869842916727066 
-0.5402618646621704 0.8347811102867126 0.1061000898480415 -0.0281804520636797 
-0.04326909407973289 -0.1534763723611832 0.9872044920921326 -0.2867772281169891 
0 0 0 1 

0.8503862023353577 0.514460027217865 0.110335998237133 -0.08790755271911621 
-0.5260393023490906 0.8268203139305115 0.1991244852542877 -0.06019804626703262 
0.01121361274272203 -0.2273738086223602 0.9737429618835449 -0.2866575419902802 
0 0 0 1 

0.8528644442558289 0.5175694227218628 0.06887560337781906 -0.07816065847873688 
-0.5143626928329468 0.8101600408554077 0.2811964750289917 -0.09015084058046341 
0.08973858505487442 -0.2752494812011719 0.9571753144264221 -0.2868185341358185 
0 0 0 1 

0.8507853150367737 0.5250626802444458 0.02175850234925747 -0.06622225046157837 
-0.4960686266422272 0.7887621521949768 0.3630014061927795 -0.1191337257623672 
0.173436313867569 -0.319629967212677 0.931534469127655 -0.2845759391784668 
0 0 0 1 

0.9189925193786621 -0.224607914686203 0.3240432739257812 -0.05815386399626732 
0.1432228684425354 0.9559025168418884 0.2563932836055756 -0.0955226868391037 
-0.3673417568206787 -0.1892130821943283 0.9106362462043762 -0.2260951995849609 
0 0 0 1 

0.895885169506073 -0.2586862146854401 0.3612077534198761 -0.07153930515050888 
0.16243015229702 0.9474334120750427 0.2756561636924744 -0.1036704629659653 
-0.4135287702083588 -0.1882852017879486 0.8908100128173828 -0.2162626832723618 
0 0 0 1 

0.8986319899559021 -0.2791500389575958 0.3384312391281128 -0.06762110441923141 
0.1830276399850845 0.9396499395370483 0.289065420627594 -0.109338566660881 
-0.398699551820755 -0.1978211104869843 0.8954916596412659 -0.2131053060293198 
0 0 0 1 

0.9062740802764893 -0.2733103930950165 0.3224415481090546 -0.06671928614377975 
0.1753091365098953 0.9371677041053772 0.3016344308853149 -0.1145916357636452 
-0.384621649980545 -0.2168364524841309 0.8972446322441101 -0.2110231816768646 
0 0 0 1 

0.9087419509887695 -0.2560865879058838 0.3295567631721497 -0.07110413908958435 
0.1430438309907913 0.9329068660736084 0.3304892778396606 -0.1239763051271439 
-0.3920796811580658 -0.2531883716583252 0.8844032287597656 -0.2054787576198578 
0 0 0 1 

0.8745061159133911 -0.2829563915729523 0.3939220309257507 -0.0755324587225914 
0.1653963625431061 0.9374826550483704 0.306219220161438 -0.1025543808937073 
-0.4559417963027954 -0.202637255191803 0.8666343092918396 -0.2030868381261826 
0 0 0 1 

