0.7566865682601929 0.6393243670463562 -0.136709600687027 0.01583912037312984 
-0.6015190482139587 0.5988911390304565 -0.5286811590194702 0.1705411970615387 
-0.2561247646808624 0.482279360294342 0.8377389311790466 -0.2148351222276688 
0 0 0 1 

0.7904141545295715 0.596717894077301 -0.1384672075510025 0.01333468779921532 
-0.5329219102859497 0.5583803057670593 -0.6357715129852295 0.1981742233037949 
-0.3020589649677277 0.5763150453567505 0.7593558430671692 -0.1861374825239182 
0 0 0 1 

0.8129937052726746 0.5641445517539978 -0.1441598832607269 0.01299862377345562 
-0.4842699766159058 0.5176404714584351 -0.7053586840629578 0.2166076898574829 
-0.3233013451099396 0.6432645320892334 0.6940367817878723 -0.1630185693502426 
0 0 0 1 

0.8410050868988037 0.5245153903961182 -0.1326422095298767 0.006821868475526571 
-0.4157288074493408 0.4696134924888611 -0.7788665890693665 0.2355077564716339 
-0.346236914396286 0.7101738452911377 0.6130034327507019 -0.1398506313562393 
0 0 0 1 

0.3212348818778992 0.6151053905487061 -0.7200371623039246 0.2211824357509613 
-0.9289036989212036 0.05673683807253838 -0.3659493327140808 0.1771964430809021 
-0.184244766831398 0.7864009141921997 0.5895994305610657 -0.1640021651983261 
0 0 0 1 

0.3648860454559326 0.6391063928604126 -0.6770533919334412 0.2043565362691879 
-0.889615535736084 0.02479567192494869 -0.4560368359088898 0.2020642459392548 
-0.2746679782867432 0.7687186598777771 0.5776064991950989 -0.1530823111534119 
0 0 0 1 

0.4251570701599121 0.6347891688346863 -0.6452009677886963 0.1889044195413589 
-0.8368677496910095 0.004133482463657856 -0.5473896861076355 0.2264978885650635 
-0.3448099493980408 0.7726744413375854 0.532991886138916 -0.132036492228508 
0 0 0 1 

0.5217950940132141 0.6382353901863098 -0.5660260915756226 0.1581931263208389 
-0.7288832068443298 -0.01119263749569654 -0.6845465302467346 0.2587181031703949 
-0.4432371556758881 0.7697598934173584 0.459358811378479 -0.09856583923101425 
0 0 0 1 

0.6418207883834839 0.6579927802085876 -0.3938419818878174 0.09495676308870316 
-0.5754215121269226 0.07374416291713715 -0.8145255446434021 0.2906620502471924 
-0.5069084167480469 0.7494046688079834 0.4259537756443024 -0.08129717409610748 
0 0 0 1 

0.6451587080955505 0.7004599571228027 -0.3051657676696777 0.06891732662916183 
-0.5267152190208435 0.118408277630806 -0.8417546153068542 0.2952660322189331 
-0.5534811019897461 0.7038007974624634 0.4453348517417908 -0.08237393945455551 
0 0 0 1 

