0.2405995875597 0.9115877151489258 -0.3333460688591003 0.08869656175374985 
-0.7334487438201904 -0.05419272556900978 -0.6775808930397034 0.1836595684289932 
-0.6357394456863403 0.4075179398059845 0.6555641889572144 -0.09915358573198318 
0 0 0 1 

0.9099503755569458 0.1157150939106941 -0.3982465267181396 0.09700724482536316 
-0.3723600804805756 0.6507494449615479 -0.6617196798324585 0.1996680945158005 
0.1825876832008362 0.7504231929779053 0.6352373957633972 -0.1212821900844574 
0 0 0 1 

0.8924903273582458 0.05748795717954636 -0.4473881125450134 0.1094782948493958 
-0.4025592803955078 0.5489603877067566 -0.7325220108032227 0.2201582044363022 
0.2034871578216553 0.8338690996170044 0.5130841732025146 -0.08287758380174637 
0 0 0 1 

0.9044896364212036 0.1641908288002014 -0.393623948097229 0.1010499894618988 
-0.4247519969940186 0.4301517307758331 -0.796589732170105 0.2375363856554031 
0.03852526098489761 0.8876997232437134 0.4588082134723663 -0.0560825876891613 
0 0 0 1 

0.8947580456733704 0.2765711545944214 -0.3505943715572357 0.09674043953418732 
-0.4320669174194336 0.3378520309925079 -0.8361663222312927 0.244948148727417 
-0.1128105148673058 0.8996468186378479 0.4217930734157562 -0.03837148100137711 
0 0 0 1 

0.8515593409538269 0.3757140338420868 -0.3656304478645325 0.1084010824561119 
-0.467855304479599 0.2299294471740723 -0.8533720970153809 0.2464028596878052 
-0.2365546375513077 0.8977590799331665 0.3715783655643463 -0.02034520544111729 
0 0 0 1 

0.7994571328163147 0.4320493042469025 -0.4173747897148132 0.1250476688146591 
-0.5113834142684937 0.1249068826436996 -0.8502266407012939 0.243672251701355 
-0.3152068257331848 0.8931583166122437 0.3208005130290985 -0.004156890325248241 
0 0 0 1 

0.738146960735321 0.4968924820423126 -0.456329882144928 0.1379427462816238 
-0.5395244359970093 0.02868902683258057 -0.8414810299873352 0.2402542680501938 
-0.4050339460372925 0.8673377633094788 0.2892623245716095 0.005906633567065001 
0 0 0 1 

0.6802871227264404 0.5215932726860046 -0.514927089214325 0.1533892154693604 
-0.600172221660614 -0.006845754105597734 -0.7998415231704712 0.222079411149025 
-0.4207169413566589 0.8531668186187744 0.3083887100219727 0.003538389923051 
0 0 0 1 

0.789211094379425 0.4708550870418549 -0.3942604959011078 0.1129387319087982 
-0.5359104871749878 0.2145165055990219 -0.8165675401687622 0.2234202027320862 
-0.2999096214771271 0.8557324409484863 0.4216350018978119 -0.02821440622210503 
0 0 0 1 

