0.2405994832515717 0.9115877151489258 -0.3333461284637451 0.08869656175374985 
-0.73344886302948 -0.0541929304599762 -0.6775809526443481 0.1836595833301544 
-0.6357395052909851 0.4075180292129517 0.6555642485618591 -0.09915359318256378 
0 0 0 1 

0.9099504351615906 0.1157150566577911 -0.3982464373111725 0.09700722247362137 
-0.372359961271286 0.6507495045661926 -0.6617195606231689 0.1996680647134781 
0.1825876533985138 0.7504230141639709 0.6352375149726868 -0.1212822198867798 
0 0 0 1 

0.8924903273582458 0.05748794972896576 -0.4473881125450134 0.1094782650470734 
-0.4025592505931854 0.5489603877067566 -0.7325218915939331 0.2201581448316574 
0.2034871280193329 0.8338689804077148 0.5130841135978699 -0.08287759125232697 
0 0 0 1 

0.9044896960258484 0.1641908884048462 -0.3936238288879395 0.1010499522089958 
-0.424751877784729 0.4301520586013794 -0.7965896129608154 0.2375362664461136 
0.03852533549070358 0.8876996040344238 0.4588085114955902 -0.05608261004090309 
0 0 0 1 

0.8947580456733704 0.2765711843967438 -0.3505943715572357 0.09674044698476791 
-0.4320668876171112 0.3378520309925079 -0.8361663222312927 0.244948148727417 
-0.1128105297684669 0.8996468186378479 0.4217930734157562 -0.0383714847266674 
0 0 0 1 

0.8515593409538269 0.3757140636444092 -0.3656304478645325 0.1084010899066925 
-0.4678552746772766 0.2299294471740723 -0.8533720970153809 0.2464028745889664 
-0.2365546375513077 0.8977590799331665 0.3715783655643463 -0.02034519053995609 
0 0 0 1 

0.7994571924209595 0.4320493042469025 -0.4173746407032013 0.1250476539134979 
-0.5113833546638489 0.1249072328209877 -0.8502266407012939 0.2436722368001938 
-0.3152066767215729 0.8931583166122437 0.3208008110523224 -0.00415690615773201 
0 0 0 1 

0.738146960735321 0.4968924820423126 -0.456329882144928 0.1379427462816238 
-0.5395243763923645 0.02868902683258057 -0.8414810299873352 0.2402542531490326 
-0.4050339460372925 0.8673377633094788 0.2892623245716095 0.005906592588871717 
0 0 0 1 

0.6802871227264404 0.5215932130813599 -0.5149271488189697 0.1533892005681992 
-0.6001721620559692 -0.006845776457339525 -0.7998415231704712 0.2220793962478638 
-0.4207170009613037 0.8531668186187744 0.3083886504173279 0.003538409946486354 
0 0 0 1 

0.7845042943954468 0.48319411277771 -0.3886862695217133 0.1122767925262451 
-0.5352742075920105 0.211167499423027 -0.817857027053833 0.2236925214529037 
-0.3131057918071747 0.8496658205986023 0.4243029952049255 -0.02899390831589699 
0 0 0 1 

