1.000000000000000000e+00 0.000000000000000000e+00 0.000000000000000000e+00 -1.792658120393753052e-02
0.000000000000000000e+00 1.000000000000000000e+00 0.000000000000000000e+00 2.243540808558464050e-02
0.000000000000000000e+00 0.000000000000000000e+00 1.000000000000000000e+00 -3.816788792610168457e-01
0.000000000000000000e+00 0.000000000000000000e+00 0.000000000000000000e+00 1.000000000000000000e+00
9.918167591094970703e-01 5.078143253922462463e-02 -1.171342656016349792e-01 3.161029145121574402e-02
-5.302971974015235901e-02 9.984618425369262695e-01 -1.615594699978828430e-02 2.541602216660976410e-02
1.161336898803710938e-01 2.223538607358932495e-02 9.929842948913574219e-01 -3.787376880645751953e-01
0.000000000000000000e+00 0.000000000000000000e+00 0.000000000000000000e+00 1.000000000000000000e+00
9.678088426589965820e-01 5.950661376118659973e-02 -2.445502579212188721e-01 8.318316936492919922e-02
-6.563507020473480225e-02 9.976991415023803711e-01 -1.698003523051738739e-02 2.626863680779933929e-02
2.429771721363067627e-01 3.248455375432968140e-02 9.694878458976745605e-01 -3.681757748126983643e-01
0.000000000000000000e+00 0.000000000000000000e+00 0.000000000000000000e+00 1.000000000000000000e+00
9.991682767868041992e-01 4.070935398340225220e-02 -2.401026897132396698e-03 -1.388203818351030350e-02
-4.069369286298751831e-02 9.991518259048461914e-01 6.237922701984643936e-03 1.755641214549541473e-02
2.652939874678850174e-03 -6.135079078376293182e-03 9.999779462814331055e-01 -3.683360219001770020e-01
0.000000000000000000e+00 0.000000000000000000e+00 0.000000000000000000e+00 1.000000000000000000e+00
9.909166097640991211e-01 5.510043725371360779e-02 -1.226729527115821838e-01 3.599243238568305969e-02
-5.039415881037712097e-02 9.978817105293273926e-01 4.114442691206932068e-02 7.086148485541343689e-03
1.246801540255546570e-01 -3.458867222070693970e-02 9.915938377380371094e-01 -3.664492666721343994e-01
0.000000000000000000e+00 0.000000000000000000e+00 0.000000000000000000e+00 1.000000000000000000e+00
-2.998558282852172852e-01 7.971480488777160645e-02 -9.506482481956481934e-01 3.995599746704101562e-01
-3.594795987010002136e-02 9.948505163192749023e-01 9.476014971733093262e-02 -9.618964046239852905e-03
9.533069729804992676e-01 6.258825957775115967e-02 -2.954462766647338867e-01 1.193372234702110291e-01
0.000000000000000000e+00 0.000000000000000000e+00 0.000000000000000000e+00 1.000000000000000000e+00
-3.619762957096099854e-01 9.566649794578552246e-02 -9.272658228874206543e-01 3.860960900783538818e-01
-2.203659154474735260e-02 9.935637712478637695e-01 1.111089363694190979e-01 -1.173315942287445068e-02
9.319264292716979980e-01 6.065259128808975220e-02 -3.575385808944702148e-01 1.490431427955627441e-01
0.000000000000000000e+00 0.000000000000000000e+00 0.000000000000000000e+00 1.000000000000000000e+00
-3.543318510055541992e-01 9.447730332612991333e-02 -9.303346276283264160e-01 3.803153038024902344e-01
-1.952627860009670258e-02 9.939183592796325684e-01 1.083712875843048096e-01 -6.439009215682744980e-03
9.349154233932495117e-01 5.656540021300315857e-02 -3.503323495388031006e-01 1.514832675457000732e-01
0.000000000000000000e+00 0.000000000000000000e+00 0.000000000000000000e+00 1.000000000000000000e+00
-3.243038356304168701e-01 8.514323830604553223e-02 -9.421132802963256836e-01 3.766354322433471680e-01
-3.505961596965789795e-02 9.941750764846801758e-01 1.019168645143508911e-01 -2.242614515125751495e-03
9.453026056289672852e-01 6.608217209577560425e-02 -3.194296956062316895e-01 1.466328650712966919e-01
0.000000000000000000e+00 0.000000000000000000e+00 0.000000000000000000e+00 1.000000000000000000e+00
-2.968534827232360840e-01 8.598905801773071289e-02 -9.510431885719299316e-01 3.740945756435394287e-01
-5.057607591152191162e-02 9.931239485740661621e-01 1.055803969502449036e-01 -1.441398751921951771e-03
9.535824060440063477e-01 7.944195717573165894e-02 -2.904631495475769043e-01 1.429958641529083252e-01
0.000000000000000000e+00 0.000000000000000000e+00 0.000000000000000000e+00 1.000000000000000000e+00
-2.808645665645599365e-01 6.026016920804977417e-02 -9.578536152839660645e-01 3.697541654109954834e-01
-7.912708818912506104e-02 9.931748509407043457e-01 8.568416535854339600e-02 8.310567587614059448e-03
9.564802646636962891e-01 9.985793381929397583e-02 -2.741795182228088379e-01 1.446813791990280151e-01
0.000000000000000000e+00 0.000000000000000000e+00 0.000000000000000000e+00 1.000000000000000000e+00
-2.722907662391662598e-01 4.372037574648857117e-02 -9.612212181091308594e-01 3.659595847129821777e-01
-1.031434461474418640e-01 9.918851852416992188e-01 7.433319836854934692e-02 1.599499583244323730e-02
9.566712379455566406e-01 1.193839311599731445e-01 -2.655717432498931885e-01 1.485498398542404175e-01
0.000000000000000000e+00 0.000000000000000000e+00 0.000000000000000000e+00 1.000000000000000000e+00
-2.717617452144622803e-01 5.663449317216873169e-02 -9.606965780258178711e-01 3.643933832645416260e-01
-1.014776453375816345e-01 9.910151362419128418e-01 8.712784200906753540e-02 1.516391802579164505e-02
9.569990038871765137e-01 1.211672350764274597e-01 -2.635730504989624023e-01 1.533575952053070068e-01
0.000000000000000000e+00 0.000000000000000000e+00 0.000000000000000000e+00 1.000000000000000000e+00
-2.520664036273956299e-01 5.347860977053642273e-02 -9.662311077117919922e-01 3.659336268901824951e-01
-1.335205733776092529e-01 9.869998693466186523e-01 8.946035057306289673e-02 1.763781532645225525e-02
9.584547281265258789e-01 1.515617519617080688e-01 -2.416488677263259888e-01 1.516934931278228760e-01
0.000000000000000000e+00 0.000000000000000000e+00 0.000000000000000000e+00 1.000000000000000000e+00
-2.247488051652908325e-01 5.342796444892883301e-02 -9.729509353637695312e-01 3.684371709823608398e-01
-1.478120237588882446e-01 9.850712418556213379e-01 8.823767304420471191e-02 2.080349810421466827e-02
9.631405472755432129e-01 1.636451780796051025e-01 -2.134962379932403564e-01 1.479703038930892944e-01
0.000000000000000000e+00 0.000000000000000000e+00 0.000000000000000000e+00 1.000000000000000000e+00
-2.163110226392745972e-01 6.099769100546836853e-02 -9.744170904159545898e-01 3.686846792697906494e-01
-1.668128222227096558e-01 9.810619950294494629e-01 9.844439476728439331e-02 1.921073719859123230e-02
9.619683027267456055e-01 1.838398128747940063e-01 -2.020393311977386475e-01 1.521852314472198486e-01
0.000000000000000000e+00 0.000000000000000000e+00 0.000000000000000000e+00 1.000000000000000000e+00
-2.133144736289978027e-01 5.662918090820312500e-02 -9.753411412239074707e-01 3.678576648235321045e-01
-1.892073303461074829e-01 9.770236015319824219e-01 9.810791164636611938e-02 2.194239571690559387e-02
9.584873914718627930e-01 2.054695487022399902e-01 -1.976985782384872437e-01 1.600784361362457275e-01
0.000000000000000000e+00 0.000000000000000000e+00 0.000000000000000000e+00 1.000000000000000000e+00
-1.788924038410186768e-01 4.777364060282707214e-02 -9.827079772949218750e-01 3.704423606395721436e-01
-2.089350223541259766e-01 9.741939902305603027e-01 8.539428561925888062e-02 2.831177040934562683e-02
9.614279866218566895e-01 2.205985188484191895e-01 -1.642943471670150757e-01 1.567338854074478149e-01
0.000000000000000000e+00 0.000000000000000000e+00 0.000000000000000000e+00 1.000000000000000000e+00
-9.599377214908599854e-02 7.624716311693191528e-02 -9.924573898315429688e-01 3.808316588401794434e-01
-2.268927544355392456e-01 9.691371917724609375e-01 9.640132635831832886e-02 2.451571822166442871e-02
9.691779017448425293e-01 2.344353646039962769e-01 -7.573098689317703247e-02 1.426903158426284790e-01
0.000000000000000000e+00 0.000000000000000000e+00 0.000000000000000000e+00 1.000000000000000000e+00
-8.217563480138778687e-02 1.186239048838615417e-01 -9.895322918891906738e-01 3.922001123428344727e-01
-2.356804460287094116e-01 9.624152779579162598e-01 1.349452584981918335e-01 1.048876158893108368e-02
9.683498740196228027e-01 2.443028986454010010e-01 -5.112977698445320129e-02 1.598669290542602539e-01
0.000000000000000000e+00 0.000000000000000000e+00 0.000000000000000000e+00 1.000000000000000000e+00
-3.835343569517135620e-02 1.381870806217193604e-01 -9.896627664566040039e-01 4.052498936653137207e-01
-2.701430916786193848e-01 9.520800709724426270e-01 1.434085667133331299e-01 8.316472172737121582e-03
9.620556235313415527e-01 2.728509008884429932e-01 8.148188353516161442e-04 1.446793228387832642e-01
0.000000000000000000e+00 0.000000000000000000e+00 0.000000000000000000e+00 1.000000000000000000e+00
-9.210389107465744019e-02 1.689882427453994751e-01 -9.813052415847778320e-01 3.926177918910980225e-01
-2.075150907039642334e-01 9.605985879898071289e-01 1.848994642496109009e-01 -1.055357791483402252e-02
9.738858938217163086e-01 2.206656783819198608e-01 -5.340721085667610168e-02 1.536049097776412964e-01
0.000000000000000000e+00 0.000000000000000000e+00 0.000000000000000000e+00 1.000000000000000000e+00
-8.030427247285842896e-02 1.877778172492980957e-01 -9.789231419563293457e-01 3.899305760860443115e-01
-1.683774590492248535e-01 9.654257893562316895e-01 1.990013867616653442e-01 -1.791661046445369720e-02
9.824459552764892578e-01 1.808092594146728516e-01 -4.591044783592224121e-02 1.446223109960556030e-01
0.000000000000000000e+00 0.000000000000000000e+00 0.000000000000000000e+00 1.000000000000000000e+00
-7.003065198659896851e-02 2.573369443416595459e-01 -9.637815356254577637e-01 3.705663979053497314e-01
-6.837622076272964478e-02 9.626418948173522949e-01 2.620010673999786377e-01 -4.887751117348670959e-02
9.951986074447631836e-01 8.424802124500274658e-02 -4.981920868158340454e-02 1.267905384302139282e-01
0.000000000000000000e+00 0.000000000000000000e+00 0.000000000000000000e+00 1.000000000000000000e+00
-7.286261767148971558e-02 3.128005564212799072e-01 -9.470202326774597168e-01 3.502968847751617432e-01
-2.980194613337516785e-02 9.484367966651916504e-01 3.155614137649536133e-01 -7.795061171054840088e-02
9.968969821929931641e-01 5.121567100286483765e-02 -5.978353694081306458e-02 1.193808689713478088e-01
0.000000000000000000e+00 0.000000000000000000e+00 0.000000000000000000e+00 1.000000000000000000e+00
-6.186885759234428406e-02 3.972480297088623047e-01 -9.156231880187988281e-01 3.310053050518035889e-01
7.738444488495588303e-03 9.175441265106201172e-01 3.975583612918853760e-01 -1.091727614402770996e-01
9.980540871620178223e-01 1.751105301082134247e-02 -5.984145402908325195e-02 1.136721000075340271e-01
0.000000000000000000e+00 0.000000000000000000e+00 0.000000000000000000e+00 1.000000000000000000e+00
4.320737719535827637e-02 4.385868310928344727e-01 -8.976494073867797852e-01 3.233692646026611328e-01
5.378065630793571472e-02 8.961647748947143555e-01 4.404500126838684082e-01 -1.256660372018814087e-01
9.976175427436828613e-01 -6.730683147907257080e-02 1.513343583792448044e-02 8.250924199819564819e-02
0.000000000000000000e+00 0.000000000000000000e+00 0.000000000000000000e+00 1.000000000000000000e+00
2.839591503143310547e-01 4.659711122512817383e-01 -8.379963040351867676e-01 3.063854277133941650e-01
1.203485503792762756e-01 8.497396707534790039e-01 5.132816433906555176e-01 -1.533553302288055420e-01
9.512536525726318359e-01 -2.466028034687042236e-01 1.852125227451324463e-01 1.795176416635513306e-02
0.000000000000000000e+00 0.000000000000000000e+00 0.000000000000000000e+00 1.000000000000000000e+00
3.944611549377441406e-01 4.768758118152618408e-01 -7.854871749877929688e-01 2.890473306179046631e-01
1.387306004762649536e-01 8.140975236892700195e-01 5.639140009880065918e-01 -1.725766062736511230e-01
9.083800315856933594e-01 -3.314131796360015869e-01 2.549726366996765137e-01 -9.311589412391185760e-03
0.000000000000000000e+00 0.000000000000000000e+00 0.000000000000000000e+00 1.000000000000000000e+00
4.397067427635192871e-01 5.105520486831665039e-01 -7.389143109321594238e-01 2.693430781364440918e-01
1.652742475271224976e-01 7.626696228981018066e-01 6.253157258033752441e-01 -1.927993893623352051e-01
8.828036785125732422e-01 -3.970789909362792969e-01 2.509697377681732178e-01 -1.140920165926218033e-02
0.000000000000000000e+00 0.000000000000000000e+00 0.000000000000000000e+00 1.000000000000000000e+00
4.514469802379608154e-01 5.294381380081176758e-01 -7.182553410530090332e-01 2.562133967876434326e-01
1.683466136455535889e-01 7.399575114250183105e-01 6.512464880943298340e-01 -2.013533264398574829e-01
8.762732744216918945e-01 -4.149191081523895264e-01 2.449224442243576050e-01 -1.187175139784812927e-02
0.000000000000000000e+00 0.000000000000000000e+00 0.000000000000000000e+00 1.000000000000000000e+00
4.596085250377655029e-01 5.411933064460754395e-01 -7.041802406311035156e-01 2.453901469707489014e-01
1.754309087991714478e-01 7.219423651695251465e-01 6.693452000617980957e-01 -2.070357650518417358e-01
8.706228733062744141e-01 -4.311718642711639404e-01 2.368688285350799561e-01 -1.187349297106266022e-02
0.000000000000000000e+00 0.000000000000000000e+00 0.000000000000000000e+00 1.000000000000000000e+00
4.714940786361694336e-01 5.743403434753417969e-01 -6.691981554031372070e-01 2.286123484373092651e-01
1.756478399038314819e-01 6.824747920036315918e-01 7.094900012016296387e-01 -2.187029719352722168e-01
8.641996979713439941e-01 -4.520636796951293945e-01 2.209009975194931030e-01 -1.081714220345020294e-02
0.000000000000000000e+00 0.000000000000000000e+00 0.000000000000000000e+00 1.000000000000000000e+00
4.666583538055419922e-01 6.227787137031555176e-01 -6.279938220977783203e-01 2.058601677417755127e-01
1.494390815496444702e-01 6.443180441856384277e-01 7.500145435333251953e-01 -2.285727560520172119e-01
8.717210888862609863e-01 -4.438476562500000000e-01 2.076090872287750244e-01 -1.483804639428853989e-02
0.000000000000000000e+00 0.000000000000000000e+00 0.000000000000000000e+00 1.000000000000000000e+00
4.563031494617462158e-01 6.471250057220458984e-01 -6.107506155967712402e-01 1.965458691120147705e-01
1.422687023878097534e-01 6.244858503341674805e-01 7.679692506790161133e-01 -2.320997416973114014e-01
8.783772587776184082e-01 -4.373176097869873047e-01 1.928892284631729126e-01 -1.458036992698907852e-02
0.000000000000000000e+00 0.000000000000000000e+00 0.000000000000000000e+00 1.000000000000000000e+00
3.969590365886688232e-01 7.299062013626098633e-01 -5.564714670181274414e-01 1.739145070314407349e-01
1.215809360146522522e-01 5.591270923614501953e-01 8.201190233230590820e-01 -2.435370534658432007e-01
9.097479581832885742e-01 -3.932099640369415283e-01 1.332078725099563599e-01 -7.706167176365852356e-03
0.000000000000000000e+00 0.000000000000000000e+00 0.000000000000000000e+00 1.000000000000000000e+00
3.659358322620391846e-01 7.775035500526428223e-01 -5.114488005638122559e-01 1.579526960849761963e-01
9.915516525506973267e-02 5.138649344444274902e-01 8.521213531494140625e-01 -2.479906231164932251e-01
9.253431558609008789e-01 -3.625345230102539062e-01 1.109481826424598694e-01 -1.049703545868396759e-02
0.000000000000000000e+00 0.000000000000000000e+00 0.000000000000000000e+00 1.000000000000000000e+00
4.983969330787658691e-01 7.548512816429138184e-01 -4.263800680637359619e-01 1.288241147994995117e-01
2.926269173622131348e-02 4.768889248371124268e-01 8.784761428833007812e-01 -2.477892935276031494e-01
8.664549589157104492e-01 -4.503068923950195312e-01 2.155910432338714600e-01 -4.458146914839744568e-02
0.000000000000000000e+00 0.000000000000000000e+00 0.000000000000000000e+00 1.000000000000000000e+00
5.918564200401306152e-01 7.291833758354187012e-01 -3.435072898864746094e-01 1.085446029901504517e-01
-3.203158825635910034e-02 4.471053481101989746e-01 8.939076066017150879e-01 -2.437607198953628540e-01
8.054065704345703125e-01 -5.180619359016418457e-01 2.879790365695953369e-01 -6.465622037649154663e-02
0.000000000000000000e+00 0.000000000000000000e+00 0.000000000000000000e+00 1.000000000000000000e+00
5.861737728118896484e-01 7.757774591445922852e-01 -2.336007952690124512e-01 8.425448089838027954e-02
-1.126914620399475098e-01 3.635977506637573242e-01 9.247146844863891602e-01 -2.549129724502563477e-01
8.023096919059753418e-01 -5.157186985015869141e-01 3.005549311637878418e-01 -6.387107074260711670e-02
0.000000000000000000e+00 0.000000000000000000e+00 0.000000000000000000e+00 1.000000000000000000e+00
5.858862400054931641e-01 8.040124773979187012e-01 -1.014950573444366455e-01 4.847420006990432739e-02
-1.848303526639938354e-01 2.545145452022552490e-01 9.492416381835937500e-01 -2.706838250160217285e-01
7.890345454216003418e-01 -5.373886227607727051e-01 2.977225482463836670e-01 -5.900201573967933655e-02
0.000000000000000000e+00 0.000000000000000000e+00 0.000000000000000000e+00 1.000000000000000000e+00
5.853140950202941895e-01 8.107447028160095215e-01 1.004337612539529800e-02 1.280786748975515366e-02
-2.075222730636596680e-01 1.378227323293685913e-01 9.684723615646362305e-01 -2.849670350551605225e-01
7.837998270988464355e-01 -5.689444541931152344e-01 2.489171326160430908e-01 -4.465221613645553589e-02
0.000000000000000000e+00 0.000000000000000000e+00 0.000000000000000000e+00 1.000000000000000000e+00
5.992216467857360840e-01 7.908326983451843262e-01 1.245720610022544861e-01 -2.851228043437004089e-02
-2.393719553947448730e-01 2.849967963993549347e-02 9.705092906951904297e-01 -2.918364703655242920e-01
7.639600038528442383e-01 -6.113691329956054688e-01 2.063808292150497437e-01 -3.412979096174240112e-02
0.000000000000000000e+00 0.000000000000000000e+00 0.000000000000000000e+00 1.000000000000000000e+00
6.071431040763854980e-01 7.596065998077392578e-01 2.331860959529876709e-01 -7.074198871850967407e-02
-2.475359290838241577e-01 -9.805000573396682739e-02 9.639042019844055176e-01 -2.967458665370941162e-01
7.550519108772277832e-01 -6.429498195648193359e-01 1.284995824098587036e-01 -1.303634140640497208e-02
0.000000000000000000e+00 0.000000000000000000e+00 0.000000000000000000e+00 1.000000000000000000e+00
5.733550786972045898e-01 8.150532841682434082e-01 8.338140696287155151e-02 -1.433840114623308182e-02
-3.084206581115722656e-01 1.204290837049484253e-01 9.435960054397583008e-01 -2.731540501117706299e-01
7.590394616127014160e-01 -5.667317509651184082e-01 3.204278051853179932e-01 -8.112689852714538574e-02
0.000000000000000000e+00 0.000000000000000000e+00 0.000000000000000000e+00 1.000000000000000000e+00
5.605580806732177734e-01 8.281134366989135742e-01 1.750549883581697941e-03 1.406852807849645615e-02
-3.818335235118865967e-01 2.565898597240447998e-01 8.878992199897766113e-01 -2.461882382631301880e-01
7.348318099975585938e-01 -4.983875155448913574e-01 4.600349366664886475e-01 -1.201336160302162170e-01
0.000000000000000000e+00 0.000000000000000000e+00 0.000000000000000000e+00 1.000000000000000000e+00
5.385848879814147949e-01 8.329037427902221680e-01 -1.272696107625961304e-01 5.388278141617774963e-02
-4.449731409549713135e-01 4.094373583793640137e-01 7.964668869972229004e-01 -2.060252279043197632e-01
7.154893875122070312e-01 -3.723335862159729004e-01 5.911366939544677734e-01 -1.534741222858428955e-01
0.000000000000000000e+00 0.000000000000000000e+00 0.000000000000000000e+00 1.000000000000000000e+00
5.552879571914672852e-01 8.078671097755432129e-01 -1.974996924400329590e-01 7.338426262140274048e-02
-5.133981108665466309e-01 5.198097825050354004e-01 6.828032732009887695e-01 -1.626231074333190918e-01
6.542766094207763672e-01 -2.777563929557800293e-01 7.034013867378234863e-01 -1.779332756996154785e-01
0.000000000000000000e+00 0.000000000000000000e+00 0.000000000000000000e+00 1.000000000000000000e+00
5.650542378425598145e-01 7.907733321189880371e-01 -2.353533804416656494e-01 8.256153017282485962e-02
-5.671171545982360840e-01 5.794487595558166504e-01 5.853352546691894531e-01 -1.298424750566482544e-01
5.992428064346313477e-01 -1.972731798887252808e-01 7.758811116218566895e-01 -1.927455663681030273e-01
0.000000000000000000e+00 0.000000000000000000e+00 0.000000000000000000e+00 1.000000000000000000e+00
5.731472969055175781e-01 7.917959094047546387e-01 -2.110965251922607422e-01 7.154745608568191528e-02
-6.599058508872985840e-01 5.987048149108886719e-01 4.539566636085510254e-01 -9.371039271354675293e-02
4.858254492282867432e-01 -1.208800747990608215e-01 8.656567931175231934e-01 -2.118904143571853638e-01
0.000000000000000000e+00 0.000000000000000000e+00 0.000000000000000000e+00 1.000000000000000000e+00
5.691921710968017578e-01 7.917398810386657715e-01 -2.217385023832321167e-01 6.956400722265243530e-02
-7.126023769378662109e-01 6.095684766769409180e-01 3.473100662231445312e-01 -6.318985670804977417e-02
4.101440608501434326e-01 -3.967475518584251404e-02 9.111575484275817871e-01 -2.195065915584564209e-01
0.000000000000000000e+00 0.000000000000000000e+00 0.000000000000000000e+00 1.000000000000000000e+00
5.685528516769409180e-01 7.776730656623840332e-01 -2.682755291461944580e-01 7.714396715164184570e-02
-7.488784790039062500e-01 6.242486238479614258e-01 2.224736511707305908e-01 -2.659822069108486176e-02
3.404823839664459229e-01 7.441788911819458008e-02 9.373013377189636230e-01 -2.215092629194259644e-01
0.000000000000000000e+00 0.000000000000000000e+00 0.000000000000000000e+00 1.000000000000000000e+00
5.586957335472106934e-01 7.810255289077758789e-01 -2.790310382843017578e-01 7.835002243518829346e-02
-7.785440087318420410e-01 6.098513603210449219e-01 1.481562107801437378e-01 -6.176066584885120392e-03
2.858811914920806885e-01 1.344637274742126465e-01 9.487841129302978516e-01 -2.225251942873001099e-01
0.000000000000000000e+00 0.000000000000000000e+00 0.000000000000000000e+00 1.000000000000000000e+00
5.380290746688842773e-01 7.955262064933776855e-01 -2.786799073219299316e-01 7.520616799592971802e-02
-8.256152868270874023e-01 5.640047788619995117e-01 1.605974882841110229e-02 2.854062058031558990e-02
1.699527800083160400e-01 2.214418500661849976e-01 9.602497220039367676e-01 -2.229815870523452759e-01
0.000000000000000000e+00 0.000000000000000000e+00 0.000000000000000000e+00 1.000000000000000000e+00
5.307898521423339844e-01 7.967278361320495605e-01 -2.889404594898223877e-01 7.492187619209289551e-02
-8.457413911819458008e-01 5.199247598648071289e-01 -1.199985072016716003e-01 6.435735523700714111e-02
5.462112277746200562e-02 3.080630302429199219e-01 9.497968554496765137e-01 -2.182751744985580444e-01
0.000000000000000000e+00 0.000000000000000000e+00 0.000000000000000000e+00 1.000000000000000000e+00
5.411040186882019043e-01 7.810313701629638672e-01 -3.117631673812866211e-01 7.740183919668197632e-02
-8.399532437324523926e-01 4.838525950908660889e-01 -2.456931024789810181e-01 9.622603654861450195e-02
-4.104659706354141235e-02 3.948120772838592529e-01 9.178447127342224121e-01 -2.066231071949005127e-01
0.000000000000000000e+00 0.000000000000000000e+00 0.000000000000000000e+00 1.000000000000000000e+00
5.112351775169372559e-01 7.951874136924743652e-01 -3.260602653026580811e-01 7.967104017734527588e-02
-8.417338132858276367e-01 3.866544663906097412e-01 -3.768052458763122559e-01 1.301044225692749023e-01
-1.735582053661346436e-01 4.670921862125396729e-01 8.670077919960021973e-01 -1.875545829534530640e-01
0.000000000000000000e+00 0.000000000000000000e+00 0.000000000000000000e+00 1.000000000000000000e+00
4.926310181617736816e-01 8.042843937873840332e-01 -3.323270976543426514e-01 8.142838627099990845e-02
-8.238380551338195801e-01 3.079883456230163574e-01 -4.758505225181579590e-01 1.554040312767028809e-01
-2.803663909435272217e-01 5.082023739814758301e-01 8.143247961997985840e-01 -1.696131676435470581e-01
0.000000000000000000e+00 0.000000000000000000e+00 0.000000000000000000e+00 1.000000000000000000e+00
4.779560267925262451e-01 8.050161600112915039e-01 -3.514355719089508057e-01 8.967766165733337402e-02
-8.044540882110595703e-01 2.405071109533309937e-01 -5.431481599807739258e-01 1.721816807985305786e-01
-3.527202606201171875e-01 5.423145294189453125e-01 7.625504136085510254e-01 -1.527869403362274170e-01
0.000000000000000000e+00 0.000000000000000000e+00 0.000000000000000000e+00 1.000000000000000000e+00
4.515155553817749023e-01 8.191666603088378906e-01 -3.536943495273590088e-01 9.554947167634963989e-02
-7.862063050270080566e-01 1.778119206428527832e-01 -5.918295979499816895e-01 1.828889995813369751e-01
-4.219160676002502441e-01 5.452970862388610840e-01 7.243190407752990723e-01 -1.368225067853927612e-01
0.000000000000000000e+00 0.000000000000000000e+00 0.000000000000000000e+00 1.000000000000000000e+00
4.101274013519287109e-01 8.443875312805175781e-01 -3.446812331676483154e-01 1.003265082836151123e-01
-7.788104414939880371e-01 1.275791078805923462e-01 -6.141480207443237305e-01 1.850155889987945557e-01
-4.746047854423522949e-01 5.203202366828918457e-01 7.099416851997375488e-01 -1.260186582803726196e-01
0.000000000000000000e+00 0.000000000000000000e+00 0.000000000000000000e+00 1.000000000000000000e+00
2.915202081203460693e-01 9.185771942138671875e-01 -2.668932080268859863e-01 9.189425408840179443e-02
-7.702994942665100098e-01 6.000591441988945007e-02 -6.348527669906616211e-01 1.843519061803817749e-01
-5.671460032463073730e-01 3.906601667404174805e-01 7.250725030899047852e-01 -1.232193782925605774e-01
0.000000000000000000e+00 0.000000000000000000e+00 0.000000000000000000e+00 1.000000000000000000e+00
1.109341457486152649e-01 9.689332246780395508e-01 -2.210476398468017578e-01 9.201736003160476685e-02
-7.855608463287353516e-01 -5.075119435787200928e-02 -6.166997551918029785e-01 1.674156039953231812e-01
-6.087592840194702148e-01 2.420594692230224609e-01 7.555259466171264648e-01 -1.284489929676055908e-01
0.000000000000000000e+00 0.000000000000000000e+00 0.000000000000000000e+00 1.000000000000000000e+00
-4.893323034048080444e-02 9.748027324676513672e-01 -2.176346927881240845e-01 9.280605614185333252e-02
-7.894264459609985352e-01 -1.712346225976943970e-01 -5.894780158996582031e-01 1.509141623973846436e-01
-6.118916273117065430e-01 1.429615467786788940e-01 7.779144644737243652e-01 -1.343565732240676880e-01
0.000000000000000000e+00 0.000000000000000000e+00 0.000000000000000000e+00 1.000000000000000000e+00
-1.648225635290145874e-01 9.568508863449096680e-01 -2.393112182617187500e-01 9.638407081365585327e-02
-7.522695660591125488e-01 -2.788751125335693359e-01 -5.969250202178955078e-01 1.552417874336242676e-01
-6.379060745239257812e-01 8.163988590240478516e-02 7.657745480537414551e-01 -1.293564140796661377e-01
0.000000000000000000e+00 0.000000000000000000e+00 0.000000000000000000e+00 1.000000000000000000e+00
-1.964083462953567505e-01 9.550589323043823242e-01 -2.220053374767303467e-01 9.825196862220764160e-02
-7.112975120544433594e-01 -2.946213483810424805e-01 -6.381646394729614258e-01 1.693215221166610718e-01
-6.748921871185302734e-01 3.257094323635101318e-02 7.371972799301147461e-01 -1.184842661023139954e-01
0.000000000000000000e+00 0.000000000000000000e+00 0.000000000000000000e+00 1.000000000000000000e+00
-2.947541773319244385e-01 9.347445368766784668e-01 -1.984246373176574707e-01 1.036276742815971375e-01
-6.940656304359436035e-01 -3.521499931812286377e-01 -6.279036402702331543e-01 1.636948734521865845e-01
-6.568048596382141113e-01 -4.735760763287544250e-02 7.525718808174133301e-01 -1.135730519890785217e-01
0.000000000000000000e+00 0.000000000000000000e+00 0.000000000000000000e+00 1.000000000000000000e+00
2.446380555629730225e-01 9.107981920242309570e-01 -3.325640559196472168e-01 8.842417597770690918e-02
-7.337301969528198242e-01 -5.032779276371002197e-02 -6.775742173194885254e-01 1.836863011121749878e-01
-6.338707208633422852e-01 4.097727537155151367e-01 6.559681296348571777e-01 -9.930221736431121826e-02
0.000000000000000000e+00 0.000000000000000000e+00 0.000000000000000000e+00 1.000000000000000000e+00
5.505933761596679688e-01 7.581528425216674805e-01 -3.493579030036926270e-01 7.742062956094741821e-02
-7.652177214622497559e-01 2.911434173583984375e-01 -5.741750597953796387e-01 1.737754493951797485e-01
-3.335993587970733643e-01 5.834720730781555176e-01 7.404538393020629883e-01 -1.571409702301025391e-01
0.000000000000000000e+00 0.000000000000000000e+00 0.000000000000000000e+00 1.000000000000000000e+00
6.003794074058532715e-01 7.233875393867492676e-01 -3.409615755081176758e-01 7.340127229690551758e-02
-7.678705453872680664e-01 4.023362398147583008e-01 -4.984979033470153809e-01 1.566701084375381470e-01
-2.234259098768234253e-01 5.611023902893066406e-01 7.970224618911743164e-01 -1.861696094274520874e-01
0.000000000000000000e+00 0.000000000000000000e+00 0.000000000000000000e+00 1.000000000000000000e+00
6.116464734077453613e-01 7.212586998939514160e-01 -3.250760436058044434e-01 6.927296519279479980e-02
-7.689509391784667969e-01 4.453773200511932373e-01 -4.586430191993713379e-01 1.479007303714752197e-01
-1.860188692808151245e-01 5.304946899414062500e-01 8.270260691642761230e-01 -2.010467201471328735e-01
0.000000000000000000e+00 0.000000000000000000e+00 0.000000000000000000e+00 1.000000000000000000e+00
6.367683410644531250e-01 7.254567742347717285e-01 -2.612245678901672363e-01 5.056011676788330078e-02
-7.564158439636230469e-01 5.220336318016052246e-01 -3.941010236740112305e-01 1.301426589488983154e-01
-1.495354026556015015e-01 4.485454857349395752e-01 8.811618089675903320e-01 -2.221323847770690918e-01
0.000000000000000000e+00 0.000000000000000000e+00 0.000000000000000000e+00 1.000000000000000000e+00
6.503752470016479492e-01 7.355329990386962891e-01 -1.897449046373367310e-01 2.972967550158500671e-02
-7.422604560852050781e-01 5.622845888137817383e-01 -3.645346164703369141e-01 1.230637952685356140e-01
-1.614366620779037476e-01 3.779242038726806641e-01 9.116531014442443848e-01 -2.351887375116348267e-01
0.000000000000000000e+00 0.000000000000000000e+00 0.000000000000000000e+00 1.000000000000000000e+00
6.630221009254455566e-01 7.394213676452636719e-01 -1.168641820549964905e-01 7.578770630061626434e-03
-7.282011508941650391e-01 6.008535623550415039e-01 -3.296938538551330566e-01 1.134847253561019897e-01
-1.735645979642868042e-01 3.036948144435882568e-01 9.368268847465515137e-01 -2.460764348506927490e-01
0.000000000000000000e+00 0.000000000000000000e+00 0.000000000000000000e+00 1.000000000000000000e+00
6.777750253677368164e-01 7.321999073028564453e-01 -6.710650771856307983e-02 -9.323840029537677765e-03
-7.181935310363769531e-01 6.397169828414916992e-01 -2.737876176834106445e-01 9.719379991292953491e-02
-1.575383543968200684e-01 2.337619513273239136e-01 9.594461917877197266e-01 -2.567219436168670654e-01
0.000000000000000000e+00 0.000000000000000000e+00 0.000000000000000000e+00 1.000000000000000000e+00
7.208847999572753906e-01 6.930029988288879395e-01 8.450907655060291290e-03 -3.721595928072929382e-02
-6.776691079139709473e-01 7.073841094970703125e-01 -2.009285390377044678e-01 7.506560534238815308e-02
-1.452222764492034912e-01 1.391193717718124390e-01 9.795694947242736816e-01 -2.671187222003936768e-01
0.000000000000000000e+00 0.000000000000000000e+00 0.000000000000000000e+00 1.000000000000000000e+00
7.567615509033203125e-01 6.520533561706542969e-01 4.623078927397727966e-02 -5.264733731746673584e-02
-6.406611800193786621e-01 7.538711428642272949e-01 -1.457103639841079712e-01 5.715836584568023682e-02
-1.298630833625793457e-01 8.064970374107360840e-02 9.882465600967407227e-01 -2.729140520095825195e-01
0.000000000000000000e+00 0.000000000000000000e+00 0.000000000000000000e+00 1.000000000000000000e+00
7.816083431243896484e-01 6.129490137100219727e-01 1.156785786151885986e-01 -7.818607985973358154e-02
-6.104876399040222168e-01 7.897622585296630859e-01 -5.983517318964004517e-02 2.874754928052425385e-02
-1.280345618724822998e-01 -2.385281212627887726e-02 9.914827346801757812e-01 -2.763855755329132080e-01
0.000000000000000000e+00 0.000000000000000000e+00 0.000000000000000000e+00 1.000000000000000000e+00
8.053777813911437988e-01 5.708647370338439941e-01 1.596248298883438110e-01 -9.585185348987579346e-02
-5.807308554649353027e-01 8.138640522956848145e-01 1.942992955446243286e-02 2.388664986938238144e-03
-1.188209876418113708e-01 -1.083474457263946533e-01 9.869864583015441895e-01 -2.785700261592864990e-01
0.000000000000000000e+00 0.000000000000000000e+00 0.000000000000000000e+00 1.000000000000000000e+00
8.379974365234375000e-01 5.157232880592346191e-01 1.782965362071990967e-01 -1.061294898390769958e-01
-5.374342203140258789e-01 8.366102576255798340e-01 1.060525253415107727e-01 -2.809802442789077759e-02
-9.447097778320312500e-02 -1.846944391727447510e-01 9.782450795173645020e-01 -2.796746790409088135e-01
0.000000000000000000e+00 0.000000000000000000e+00 0.000000000000000000e+00 1.000000000000000000e+00
8.535274863243103027e-01 4.917677044868469238e-01 1.722072809934616089e-01 -1.079933270812034607e-01
-5.194007158279418945e-01 8.292771577835083008e-01 2.062099575996398926e-01 -6.263759732246398926e-02
-4.140006750822067261e-02 -2.654504776000976562e-01 9.632349014282226562e-01 -2.785930335521697998e-01
0.000000000000000000e+00 0.000000000000000000e+00 0.000000000000000000e+00 1.000000000000000000e+00
8.583121299743652344e-01 4.962332844734191895e-01 1.305857151746749878e-01 -9.856139868497848511e-02
-5.118861198425292969e-01 8.103489875793457031e-01 2.851444780826568604e-01 -9.112142026424407959e-02
3.567828610539436340e-02 -3.115878105163574219e-01 9.495472908020019531e-01 -2.792330682277679443e-01
0.000000000000000000e+00 0.000000000000000000e+00 0.000000000000000000e+00 1.000000000000000000e+00
8.637316226959228516e-01 4.968129992485046387e-01 8.451747894287109375e-02 -8.716519176959991455e-02
-4.903303384780883789e-01 7.897557616233825684e-01 3.685937523841857910e-01 -1.211354359984397888e-01
1.163741424679756165e-01 -3.598079085350036621e-01 9.257405400276184082e-01 -2.771741449832916260e-01
0.000000000000000000e+00 0.000000000000000000e+00 0.000000000000000000e+00 1.000000000000000000e+00
8.744935393333435059e-01 4.837591648101806641e-01 3.518050909042358398e-02 -7.503818720579147339e-02
-4.463286697864532471e-01 7.741928696632385254e-01 4.487932026386260986e-01 -1.519537270069122314e-01
1.898716092109680176e-01 -4.081691801548004150e-01 8.929425477981567383e-01 -2.732734978199005127e-01
0.000000000000000000e+00 0.000000000000000000e+00 0.000000000000000000e+00 1.000000000000000000e+00
8.865777850151062012e-01 4.623454511165618896e-01 -1.470993272960186005e-02 -6.155375391244888306e-02
-3.805328309535980225e-01 7.470395565032958984e-01 5.450925827026367188e-01 -1.890791952610015869e-01
2.630101442337036133e-01 -4.776697456836700439e-01 8.382467031478881836e-01 -2.671853005886077881e-01
0.000000000000000000e+00 0.000000000000000000e+00 0.000000000000000000e+00 1.000000000000000000e+00
9.192547202110290527e-01 3.924330472946166992e-01 -3.108839690685272217e-02 -5.671193450689315796e-02
-2.926136255264282227e-01 7.339864373207092285e-01 6.128952503204345703e-01 -2.145176529884338379e-01
2.633389830589294434e-01 -5.543102622032165527e-01 7.895519137382507324e-01 -2.614337801933288574e-01
0.000000000000000000e+00 0.000000000000000000e+00 0.000000000000000000e+00 1.000000000000000000e+00
9.368289113044738770e-01 3.372190594673156738e-01 -9.292064607143402100e-02 -3.672873601317405701e-02
-1.896750777959823608e-01 7.129527926445007324e-01 6.750718355178833008e-01 -2.393473982810974121e-01
2.938950955867767334e-01 -6.148020029067993164e-01 7.318768501281738281e-01 -2.530129849910736084e-01
0.000000000000000000e+00 0.000000000000000000e+00 0.000000000000000000e+00 1.000000000000000000e+00
9.131075739860534668e-01 3.590784966945648193e-01 -1.931241005659103394e-01 -3.413923550397157669e-04
-1.165676563978195190e-01 6.838144063949584961e-01 7.202844023704528809e-01 -2.571077346801757812e-01
3.906998634338378906e-01 -6.351852416992187500e-01 6.662531495094299316e-01 -2.434543371200561523e-01
0.000000000000000000e+00 0.000000000000000000e+00 0.000000000000000000e+00 1.000000000000000000e+00
8.661008477210998535e-01 4.166429042816162109e-01 -2.761841714382171631e-01 3.301029652357101440e-02
-7.444725185632705688e-02 6.538659334182739258e-01 7.529387474060058594e-01 -2.701917588710784912e-01
4.942940473556518555e-01 -6.315597295761108398e-01 5.973320007324218750e-01 -2.272033840417861938e-01
0.000000000000000000e+00 0.000000000000000000e+00 0.000000000000000000e+00 1.000000000000000000e+00
9.372016787528991699e-01 2.608516216278076172e-01 -2.315359711647033691e-01 8.450089022517204285e-03
-2.256633155047893524e-02 7.077898383140563965e-01 7.060621976852416992e-01 -2.508222162723541260e-01
3.480564653873443604e-01 -6.564981937408447266e-01 6.692287325859069824e-01 -2.344003170728683472e-01
0.000000000000000000e+00 0.000000000000000000e+00 0.000000000000000000e+00 1.000000000000000000e+00
9.159536361694335938e-01 2.734535932540893555e-01 -2.936875820159912109e-01 2.718342654407024384e-02
-1.474550226703286171e-03 7.341573834419250488e-01 6.789773702621459961e-01 -2.376170307397842407e-01
4.012816548347473145e-01 -6.214787364006042480e-01 6.728572845458984375e-01 -2.396645098924636841e-01
0.000000000000000000e+00 0.000000000000000000e+00 0.000000000000000000e+00 1.000000000000000000e+00
8.938693404197692871e-01 3.451369106769561768e-01 -2.861440777778625488e-01 2.278620377182960510e-02
-4.553717747330665588e-02 7.048408389091491699e-01 7.079024314880371094e-01 -2.453771829605102539e-01
4.460090696811676025e-01 -6.197416782379150391e-01 6.457520723342895508e-01 -2.319437265396118164e-01
0.000000000000000000e+00 0.000000000000000000e+00 0.000000000000000000e+00 1.000000000000000000e+00
8.152926564216613770e-01 4.278815984725952148e-01 -3.901475369930267334e-01 6.393838673830032349e-02
3.305943310260772705e-02 6.382784247398376465e-01 7.690951228141784668e-01 -2.736296057701110840e-01
5.781046152114868164e-01 -6.399357318878173828e-01 5.062381029129028320e-01 -1.896777749061584473e-01
0.000000000000000000e+00 0.000000000000000000e+00 0.000000000000000000e+00 1.000000000000000000e+00
6.982591748237609863e-01 5.343822240829467773e-01 -4.763081967830657959e-01 1.047760322690010071e-01
7.925438135862350464e-02 6.035782694816589355e-01 7.933551073074340820e-01 -2.853600978851318359e-01
7.114442586898803711e-01 -5.917168855667114258e-01 3.791018426418304443e-01 -1.520278006792068481e-01
0.000000000000000000e+00 0.000000000000000000e+00 0.000000000000000000e+00 1.000000000000000000e+00
5.802830457687377930e-01 6.118334531784057617e-01 -5.375233292579650879e-01 1.371980309486389160e-01
1.332627385854721069e-01 5.797829031944274902e-01 8.037989735603332520e-01 -2.921307086944580078e-01
8.034378886222839355e-01 -5.380625128746032715e-01 2.549036741256713867e-01 -1.094636246562004089e-01
0.000000000000000000e+00 0.000000000000000000e+00 0.000000000000000000e+00 1.000000000000000000e+00
4.329698979854583740e-01 6.638355851173400879e-01 -6.098025441169738770e-01 1.747432947158813477e-01
2.571378648281097412e-01 5.574325919151306152e-01 7.893972992897033691e-01 -2.929215729236602783e-01
8.639543652534484863e-01 -4.985888600349426270e-01 7.065438479185104370e-02 -4.351090267300605774e-02
0.000000000000000000e+00 0.000000000000000000e+00 0.000000000000000000e+00 1.000000000000000000e+00
3.888515532016754150e-01 6.612916588783264160e-01 -6.414732336997985840e-01 1.904695183038711548e-01
3.371163904666900635e-01 5.458520650863647461e-01 7.670708894729614258e-01 -2.884409129619598389e-01
8.574070334434509277e-01 -5.145278573036193848e-01 -1.067674998193979263e-02 -1.029803510755300522e-02
0.000000000000000000e+00 0.000000000000000000e+00 0.000000000000000000e+00 1.000000000000000000e+00
3.263315856456756592e-01 6.763238906860351562e-01 -6.603738665580749512e-01 2.027971446514129639e-01
3.897157013416290283e-01 5.402164459228515625e-01 7.458468675613403320e-01 -2.827154397964477539e-01
8.611788749694824219e-01 -5.007513761520385742e-01 -8.728431165218353271e-02 2.065197937190532684e-02
0.000000000000000000e+00 0.000000000000000000e+00 0.000000000000000000e+00 1.000000000000000000e+00
5.588325858116149902e-01 4.188605248928070068e-01 -7.157248258590698242e-01 2.257779091596603394e-01
4.598210752010345459e-01 5.617325901985168457e-01 6.877654194831848145e-01 -2.637541592121124268e-01
6.901236772537231445e-01 -7.134508490562438965e-01 1.213135421276092529e-01 -2.317147701978683472e-02
