0.7619279026985168 0.6475793123245239 -0.01032683532685041 -0.0348002165555954 
-0.6416395306587219 0.7525781393051147 -0.1480699926614761 0.0580684170126915 
-0.08811536431312561 0.1194447576999664 0.9889230132102966 -0.2765601873397827 
0 0 0 1 

0.7875608801841736 0.6142455339431763 0.04949923977255821 -0.05746741592884064 
-0.6113907694816589 0.7888965606689453 -0.0619945265352726 0.02973154373466969 
-0.07712964713573456 0.01856106892228127 0.9968482255935669 -0.2820817828178406 
0 0 0 1 

0.8138110637664795 0.5734111070632935 0.09439826011657715 -0.07535690814256668 
-0.5773598551750183 0.816265344619751 0.01913445442914963 0.002387972548604012 
-0.06608210504055023 -0.07007363438606262 0.9953505992889404 -0.2855997085571289 
0 0 0 1 

0.8426727652549744 0.5252280235290527 0.1184816434979439 -0.08688739687204361 
-0.536645233631134 0.8371803164482117 0.1055499538779259 -0.02785230427980423 
-0.04375264048576355 -0.1525267064571381 0.9873303771018982 -0.2868088185787201 
0 0 0 1 

0.8521172404289246 0.5127267837524414 0.1049155443906784 -0.08646050095558167 
-0.5230606198310852 0.8276821374893188 0.2033459842205048 -0.06164763495326042 
0.01742428541183472 -0.2281518280506134 0.973469614982605 -0.2869719266891479 
0 0 0 1 

0.8534842729568481 0.5165092349052429 0.06915626674890518 -0.07818872481584549 
-0.5135573148727417 0.8111372590065002 0.2798479497432709 -0.08947308361530304 
0.08844894170761108 -0.2743615508079529 0.9575502276420593 -0.2868333756923676 
0 0 0 1 

0.8515235781669617 0.5236561894416809 0.02629890665411949 -0.06762658804655075 
-0.4957773983478546 0.787838876247406 0.36539626121521 -0.1198933124542236 
0.1706228405237198 -0.3241819739341736 0.930480420589447 -0.2837734520435333 
0 0 0 1 

0.8584960103034973 0.5124558806419373 -0.01932233199477196 -0.05625849962234497 
-0.450394332408905 0.7714723348617554 0.4494165778160095 -0.1518339663743973 
0.2452129274606705 -0.3771196305751801 0.8931132555007935 -0.2787004411220551 
0 0 0 1 

0.831445038318634 -0.2588124871253967 0.491645336151123 -0.1028523519635201 
0.1561358571052551 0.958060622215271 0.2402943521738052 -0.0860808938741684 
-0.5332172513008118 -0.123028039932251 0.8369846343994141 -0.2134511768817902 
0 0 0 1 

0.7703890800476074 -0.3003706932067871 0.5623858571052551 -0.1251839995384216 
0.1724668890237808 0.9473642110824585 0.2697328627109528 -0.09709864109754562 
-0.6138043403625488 -0.110806368291378 0.7816432118415833 -0.1938117295503616 
0 0 0 1 

