0.7619279026985168 0.6475793123245239 -0.01032683253288269 -0.03480023518204689 
-0.6416395902633667 0.75257807970047 -0.1480699926614761 0.05806846171617508 
-0.08811536431312561 0.1194447502493858 0.9889229536056519 -0.2765601575374603 
0 0 0 1 

0.7875609397888184 0.6142454147338867 0.04949923232197762 -0.05746745318174362 
-0.6113907098770142 0.7888966202735901 -0.061994519084692 0.02973156794905663 
-0.07712963968515396 0.01856106892228127 0.9968482851982117 -0.2820817828178406 
0 0 0 1 

0.813811182975769 0.5734109282493591 0.09439824521541595 -0.07535695284605026 
-0.5773597359657288 0.8162654638290405 0.01913446001708508 0.002387977438047528 
-0.06608209758996964 -0.07007361948490143 0.9953505992889404 -0.2855997383594513 
0 0 0 1 

0.8426728248596191 0.5252279043197632 0.1184815987944603 -0.0868874192237854 
-0.5366450548171997 0.8371803760528564 0.1055499389767647 -0.02785231731832027 
-0.04375264793634415 -0.1525266766548157 0.9873303771018982 -0.2868087887763977 
0 0 0 1 

0.8521173596382141 0.5127265453338623 0.104915477335453 -0.08646050840616226 
-0.5230604410171509 0.8276823163032532 0.20334592461586 -0.06164762377738953 
0.01742425188422203 -0.2281517386436462 0.973469614982605 -0.2869718670845032 
0 0 0 1 

0.8534843921661377 0.5165090560913086 0.069156214594841 -0.07818873971700668 
-0.5135571956634521 0.8111374378204346 0.2798478901386261 -0.08947310596704483 
0.08844888210296631 -0.2743614614009857 0.9575502872467041 -0.2868333458900452 
0 0 0 1 

0.8515236377716064 0.5236562490463257 0.02629886940121651 -0.06762655079364777 
-0.4957775175571442 0.787838876247406 0.3653963208198547 -0.119893416762352 
0.1706228256225586 -0.3241819739341736 0.930480420589447 -0.2837735116481781 
0 0 0 1 

0.8584961891174316 0.5124557018280029 -0.01932238414883614 -0.05625853687524796 
-0.4503941237926483 0.7714725136756897 0.4494163393974304 -0.1518339514732361 
0.2452127635478973 -0.3771194815635681 0.893113374710083 -0.2787004113197327 
0 0 0 1 

0.8314449787139893 -0.2588124871253967 0.4916453063488007 -0.102852500975132 
0.1561358571052551 0.958060622215271 0.2402943819761276 -0.08608093857765198 
-0.5332172513008118 -0.1230279952287674 0.8369846343994141 -0.2134512364864349 
0 0 0 1 

0.7550970911979675 -0.3109753131866455 0.5771676898002625 -0.1291122436523438 
0.1779579222202301 0.9445156455039978 0.2760818004608154 -0.09815577417612076 
-0.6309985518455505 -0.1057569161057472 0.7685415148735046 -0.1906115263700485 
0 0 0 1 

