0.4563336074352264 0.8874258995056152 -0.0650763064622879 0.01604592055082321 
-0.8895764350891113 0.4533216059207916 -0.05615407600998878 0.05653559044003487 
-0.0203320849686861 0.08351533859968185 0.9962990283966064 -0.3027642667293549 
0 0 0 1 

0.3507415354251862 0.933127224445343 -0.0790809765458107 0.02465543337166309 
-0.9363893866539001 0.3505813181400299 -0.01635879650712013 0.04111944884061813 
0.01245946623384953 0.07978830486536026 0.9967339634895325 -0.304654985666275 
0 0 0 1 

0.2685967683792114 0.9585878252983093 -0.09468280524015427 0.0324370414018631 
-0.960833728313446 0.2735863626003265 0.04414442926645279 0.01809497363865376 
0.06822023540735245 0.07911740243434906 0.9945282340049744 -0.3044918179512024 
0 0 0 1 

0.1932740807533264 0.9725774526596069 -0.1293763816356659 0.04480044171214104 
-0.9732545614242554 0.2067350745201111 0.1001808270812035 -0.00272469874471426 
0.1241802498698235 0.1065537929534912 0.9865219593048096 -0.3029069602489471 
0 0 0 1 

0.3644668757915497 0.9187981486320496 -0.1515711396932602 0.04722095280885696 
-0.9289700388908386 0.370037704706192 0.009310171939432621 0.03208673000335693 
0.06464119255542755 0.1374118030071259 0.9884024858474731 -0.2926025986671448 
0 0 0 1 

0.3995189666748047 0.9012465476989746 -0.1677469909191132 0.05019998550415039 
-0.9167138338088989 0.3936643898487091 -0.06829267740249634 0.0585828572511673 
0.00448745209723711 0.1810602247714996 0.9834617972373962 -0.2873304486274719 
0 0 0 1 

0.4523236751556396 0.8707769513130188 -0.192744567990303 0.05453841760754585 
-0.8898348212242126 0.4261009693145752 -0.1631923615932465 0.08772586286067963 
-0.05997554585337639 0.2453266084194183 0.9675834774971008 -0.27727872133255 
0 0 0 1 

0.5230737328529358 0.8335626125335693 -0.1776714324951172 0.04477609321475029 
-0.8458179235458374 0.4820618033409119 -0.2284915447235107 0.1054735854268074 
-0.1048133969306946 0.2697956264019012 0.9571961760520935 -0.2704261541366577 
0 0 0 1 

0.9579499959945679 0.2085354775190353 -0.1970904618501663 0.01319005340337753 
-0.2465901225805283 0.9495298266410828 -0.193871796131134 0.08554176986217499 
0.146714061498642 0.2343201041221619 0.9610249400138855 -0.2728190422058105 
0 0 0 1 

0.9675386548042297 0.1593474894762039 -0.1961563229560852 0.01245837844908237 
-0.2027302533388138 0.9528101682662964 -0.2259496003389359 0.08915908634662628 
0.1508952081203461 0.2583818137645721 0.9541851878166199 -0.2706443965435028 
0 0 0 1 

