1.000000000000000000e+00 0.000000000000000000e+00 0.000000000000000000e+00 -4.146692231928954531e-01
0.000000000000000000e+00 -1.000000000000000000e+00 0.000000000000000000e+00 -7.693198940031911737e-02
0.000000000000000000e+00 0.000000000000000000e+00 -1.000000000000000000e+00 -3.421550398492883005e+00
0.000000000000000000e+00 0.000000000000000000e+00 0.000000000000000000e+00 1.000000000000000000e+00
9.900515079498291016e-01 -1.398850381374359131e-01 -1.517684385180473328e-02 -5.043389695724597166e-01
-1.389110833406448364e-01 -9.888935089111328125e-01 5.285418778657913208e-02 2.562694757862927220e-01
-2.240182273089885712e-02 -5.022012814879417419e-02 -9.984867572784423828e-01 -3.431426738745189997e+00
0.000000000000000000e+00 0.000000000000000000e+00 0.000000000000000000e+00 1.000000000000000000e+00
9.718799591064453125e-01 -2.332912236452102661e-01 -3.200694918632507324e-02 -5.680597539371164961e-01
-2.291252911090850830e-01 -9.682457447052001953e-01 1.000067368149757385e-01 5.471574395054907836e-01
-5.432136729359626770e-02 -8.986090868711471558e-02 -9.944719076156616211e-01 -3.408938520189399579e+00
0.000000000000000000e+00 0.000000000000000000e+00 0.000000000000000000e+00 1.000000000000000000e+00
9.425083994865417480e-01 -3.331958651542663574e-01 -2.565683797001838684e-02 -5.330747868294926084e-01
-3.267677724361419678e-01 -9.349595308303833008e-01 1.381072849035263062e-01 7.858436478162211802e-01
-7.000498473644256592e-02 -1.217834353446960449e-01 -9.900848865509033203e-01 -3.380959577639507607e+00
0.000000000000000000e+00 0.000000000000000000e+00 0.000000000000000000e+00 1.000000000000000000e+00
8.941782116889953613e-01 -4.477106332778930664e-01 3.758413076866418123e-04 -3.760438378266108828e-01
-4.419182538986206055e-01 -8.824744224548339844e-01 1.610793769359588623e-01 9.486724483842223776e-01
-7.178530097007751465e-02 -1.441998034715652466e-01 -9.869414567947387695e-01 -3.367171928129804037e+00
0.000000000000000000e+00 0.000000000000000000e+00 0.000000000000000000e+00 1.000000000000000000e+00
8.299047946929931641e-01 -5.577168464660644531e-01 1.448283903300762177e-02 -2.574515545871789435e-01
-5.504612326622009277e-01 -8.143301606178283691e-01 1.840061545372009277e-01 1.103470776424721134e+00
-9.082957357168197632e-02 -1.606797426939010620e-01 -9.828183650970458984e-01 -3.350872106075119206e+00
0.000000000000000000e+00 0.000000000000000000e+00 0.000000000000000000e+00 1.000000000000000000e+00
7.535934448242187500e-01 -6.547673940658569336e-01 5.810624361038208008e-02 -2.020540263183498442e-02
-6.540714502334594727e-01 -7.381050586700439453e-01 1.655040681362152100e-01 1.082811707650756405e+00
-6.547825783491134644e-02 -1.627284288406372070e-01 -9.844956398010253906e-01 -3.388243430280562407e+00
0.000000000000000000e+00 0.000000000000000000e+00 0.000000000000000000e+00 1.000000000000000000e+00
6.930834054946899414e-01 -7.162950634956359863e-01 8.097338676452636719e-02 1.067277849773856785e-01
-7.205236554145812988e-01 -6.849619746208190918e-01 1.080389246344566345e-01 8.646002398664016653e-01
-2.192412503063678741e-02 -1.332232356071472168e-01 -9.908435940742492676e-01 -3.465766772423661823e+00
0.000000000000000000e+00 0.000000000000000000e+00 0.000000000000000000e+00 1.000000000000000000e+00
5.861080884933471680e-01 -8.090638518333435059e-01 4.349528998136520386e-02 1.103259693355463852e-02
-8.096415996551513672e-01 -5.827867388725280762e-01 6.957051903009414673e-02 7.204858838390346687e-01
-3.093852847814559937e-02 -7.599143683910369873e-02 -9.966284632682800293e-01 -3.549233774170646338e+00
0.000000000000000000e+00 0.000000000000000000e+00 0.000000000000000000e+00 1.000000000000000000e+00
5.013227462768554688e-01 -8.635593652725219727e-01 5.422465130686759949e-02 1.070231496658435588e-01
-8.650780916213989258e-01 -4.989468753337860107e-01 5.188101530075073242e-02 6.640179291284611374e-01
-1.774713210761547089e-02 -7.291772216558456421e-02 -9.971801638603210449e-01 -3.592997901891351820e+00
0.000000000000000000e+00 0.000000000000000000e+00 0.000000000000000000e+00 1.000000000000000000e+00
4.025669991970062256e-01 -9.133362174034118652e-01 6.128892302513122559e-02 1.913987586874973390e-01
-9.150640368461608887e-01 -4.033087491989135742e-01 2.972273214254528284e-04 4.488422760566778136e-01
2.444687299430370331e-02 -5.620295554399490356e-02 -9.981199502944946289e-01 -3.644722528068945699e+00
0.000000000000000000e+00 0.000000000000000000e+00 0.000000000000000000e+00 1.000000000000000000e+00
2.957177758216857910e-01 -9.523229598999023438e-01 7.504311949014663696e-02 2.944905142053204639e-01
-9.536617994308471680e-01 -2.988697588443756104e-01 -3.472628071904182434e-02 3.006607633498642462e-01
5.549876019358634949e-02 -6.129659712314605713e-02 -9.965748786926269531e-01 -3.667214538323143369e+00
0.000000000000000000e+00 0.000000000000000000e+00 0.000000000000000000e+00 1.000000000000000000e+00
1.766431182622909546e-01 -9.805863499641418457e-01 8.513068407773971558e-02 3.971662816290929543e-01
-9.814903736114501953e-01 -1.819844692945480347e-01 -5.964983999729156494e-02 1.901457671870242505e-01
7.398428022861480713e-02 -7.301824539899826050e-02 -9.945826530456542969e-01 -3.675606600998791329e+00
0.000000000000000000e+00 0.000000000000000000e+00 0.000000000000000000e+00 1.000000000000000000e+00
1.000636219978332520e-01 -9.900638461112976074e-01 9.879908710718154907e-02 4.830070158416990278e-01
-9.900081753730773926e-01 -1.089866980910301208e-01 -8.947400003671646118e-02 6.201105013630720669e-02
9.935270994901657104e-02 -8.885876834392547607e-02 -9.910768270492553711e-01 -3.663716524192178525e+00
0.000000000000000000e+00 0.000000000000000000e+00 0.000000000000000000e+00 1.000000000000000000e+00
1.653305627405643463e-02 -9.936934709548950195e-01 1.109047308564186096e-01 5.868412117602249678e-01
-9.969201087951660156e-01 -2.488722465932369232e-02 -7.437084615230560303e-02 1.415318848530343898e-01
7.666192203760147095e-02 -1.093336045742034912e-01 -9.910445809364318848e-01 -3.589519880351990544e+00
0.000000000000000000e+00 0.000000000000000000e+00 0.000000000000000000e+00 1.000000000000000000e+00
-9.149046987295150757e-02 -8.746625185012817383e-01 4.760198593139648438e-01 2.040960782646957128e+00
-9.902070760726928711e-01 2.928918227553367615e-02 -1.364994198083877563e-01 -8.998729983085886064e-02
1.054487004876136780e-01 -4.838466048240661621e-01 -8.687767982482910156e-01 -3.054432988168448215e+00
0.000000000000000000e+00 0.000000000000000000e+00 0.000000000000000000e+00 1.000000000000000000e+00
-1.649271398782730103e-01 -8.487495779991149902e-01 5.024172663688659668e-01 2.160831880805584415e+00
-9.780220389366149902e-01 7.485234737396240234e-02 -1.946021765470504761e-01 -3.331008788627281558e-01
1.275613754987716675e-01 -5.234703421592712402e-01 -8.424410223960876465e-01 -2.963416370192019311e+00
0.000000000000000000e+00 0.000000000000000000e+00 0.000000000000000000e+00 1.000000000000000000e+00
-1.291041225194931030e-01 -7.850125432014465332e-01 6.058775782585144043e-01 2.464068135157712724e+00
-9.915341138839721680e-01 1.107383966445922852e-01 -6.780271232128143311e-02 1.424490234491205265e-01
-1.386789884418249130e-02 -6.095017790794372559e-01 -7.926632761955261230e-01 -2.703152812692967366e+00
0.000000000000000000e+00 0.000000000000000000e+00 0.000000000000000000e+00 1.000000000000000000e+00
-8.786014467477798462e-02 -7.009302973747253418e-01 7.077975273132324219e-01 2.727235788937152794e+00
-9.944999217987060547e-01 2.105397544801235199e-02 -1.025993302464485168e-01 5.104747268122419163e-02
5.701301991939544678e-02 -7.129189372062683105e-01 -6.989248991012573242e-01 -2.476176230814632007e+00
0.000000000000000000e+00 0.000000000000000000e+00 0.000000000000000000e+00 1.000000000000000000e+00
-6.252624094486236572e-02 -5.295302867889404297e-01 8.459835648536682129e-01 3.186499743363489401e+00
-9.844076037406921387e-01 -1.069169491529464722e-01 -1.396800577640533447e-01 -8.191824919572984753e-02
1.644148379564285278e-01 -8.415263295173645020e-01 -5.145885348320007324e-01 -1.817658697417336988e+00
0.000000000000000000e+00 0.000000000000000000e+00 0.000000000000000000e+00 1.000000000000000000e+00
-1.253984421491622925e-01 -3.879123032093048096e-01 9.131259322166442871e-01 3.410209949413580244e+00
-9.847863912582397461e-01 -6.293022632598876953e-02 -1.619734913110733032e-01 -2.091972017288828145e-01
1.202946603298187256e-01 -9.195452928543090820e-01 -3.741195499897003174e-01 -1.249022857723096180e+00
0.000000000000000000e+00 0.000000000000000000e+00 0.000000000000000000e+00 1.000000000000000000e+00
-1.935343146324157715e-01 -2.854269742965698242e-01 9.386564493179321289e-01 3.518147538583834777e+00
-9.747126102447509766e-01 -5.300238355994224548e-02 -2.170854508876800537e-01 -4.150993730514311308e-01
1.117130964994430542e-01 -9.569337964057922363e-01 -2.679514586925506592e-01 -8.602962134737303090e-01
0.000000000000000000e+00 0.000000000000000000e+00 0.000000000000000000e+00 1.000000000000000000e+00
-2.742067277431488037e-01 -1.667605787515640259e-01 9.471014142036437988e-01 3.588748273534169808e+00
-9.594836235046386719e-01 -1.893948577344417572e-02 -2.811265885829925537e-01 -6.597464975025499889e-01
6.481825560331344604e-02 -9.858153462409973145e-01 -1.548108905553817749e-01 -4.152895621098600665e-01
0.000000000000000000e+00 0.000000000000000000e+00 0.000000000000000000e+00 1.000000000000000000e+00
-1.918272376060485840e-01 8.076480031013488770e-01 5.575905442237854004e-01 2.097684418475154189e+00
-9.530769586563110352e-01 -1.772771216928958893e-02 -3.022081553936004639e-01 -7.091015276127855538e-01
-2.341929972171783447e-01 -5.893986225128173828e-01 7.731512784957885742e-01 3.151631793416739047e+00
0.000000000000000000e+00 0.000000000000000000e+00 0.000000000000000000e+00 1.000000000000000000e+00
-1.938236355781555176e-01 8.057789802551269531e-01 5.596006512641906738e-01 2.095680678216650161e+00
-9.704534411430358887e-01 -7.392056286334991455e-02 -2.296871095895767212e-01 -4.505094627992694001e-01
-1.437109559774398804e-01 -5.875850915908813477e-01 7.962983250617980957e-01 3.181869898817867082e+00
0.000000000000000000e+00 0.000000000000000000e+00 0.000000000000000000e+00 1.000000000000000000e+00
-1.025725901126861572e-01 7.989882826805114746e-01 5.925335884094238281e-01 2.129514520157703483e+00
-9.912763833999633789e-01 -3.254241868853569031e-02 -1.277181059122085571e-01 -4.777520071265667356e-02
-8.276294171810150146e-02 -6.004649996757507324e-01 7.953557968139648438e-01 3.135163068432986755e+00
0.000000000000000000e+00 0.000000000000000000e+00 0.000000000000000000e+00 1.000000000000000000e+00
1.435419172048568726e-02 8.273265361785888672e-01 5.615376234054565430e-01 1.899315511682666768e+00
-9.997476935386657715e-01 2.157421410083770752e-02 -6.230406928807497025e-03 4.298658596260621079e-01
-1.726939901709556580e-02 -5.613065361976623535e-01 8.274273276329040527e-01 3.194272544309220585e+00
0.000000000000000000e+00 0.000000000000000000e+00 0.000000000000000000e+00 1.000000000000000000e+00
5.481765419244766235e-02 8.348208069801330566e-01 5.477853417396545410e-01 1.809840391458866771e+00
-9.930869340896606445e-01 -1.144505199044942856e-02 1.168218031525611877e-01 8.859669774431719880e-01
1.037947162985801697e-01 -5.504023432731628418e-01 8.284224271774291992e-01 3.101039161563750035e+00
0.000000000000000000e+00 0.000000000000000000e+00 0.000000000000000000e+00 1.000000000000000000e+00
3.441606834530830383e-02 8.482198119163513184e-01 5.285247564315795898e-01 1.782579975757220492e+00
-9.794743061065673828e-01 -7.646669447422027588e-02 1.865007430315017700e-01 1.043656389344523872e+00
1.986082941293716431e-01 -5.240952968597412109e-01 8.281782269477844238e-01 3.058439429954042055e+00
0.000000000000000000e+00 0.000000000000000000e+00 0.000000000000000000e+00 1.000000000000000000e+00
-4.012640565633773804e-02 8.489574193954467773e-01 5.269352197647094727e-01 1.872543363325966492e+00
-9.931120276451110840e-01 -9.198638051748275757e-02 7.257493585348129272e-02 6.237536252129609604e-01
1.100838631391525269e-01 -5.203937292098999023e-01 8.468009829521179199e-01 3.298102690004447446e+00
0.000000000000000000e+00 0.000000000000000000e+00 0.000000000000000000e+00 1.000000000000000000e+00
-5.275966599583625793e-02 8.442180156707763672e-01 5.333969593048095703e-01 1.885964596889550871e+00
-9.942493438720703125e-01 5.439110565930604935e-03 -1.069529205560684204e-01 -3.050285514334814818e-02
-9.319288283586502075e-02 -5.359721183776855469e-01 8.390758633613586426e-01 3.480363427861762560e+00
0.000000000000000000e+00 0.000000000000000000e+00 0.000000000000000000e+00 1.000000000000000000e+00
1.199241280555725098e-01 8.293140530586242676e-01 5.457621216773986816e-01 1.777057367026509294e+00
-9.880408644676208496e-01 1.533648073673248291e-01 -1.593735069036483765e-02 2.977609542739254600e-01
-9.691786766052246094e-02 -5.373240709304809570e-01 8.377882242202758789e-01 3.507720187172947757e+00
0.000000000000000000e+00 0.000000000000000000e+00 0.000000000000000000e+00 1.000000000000000000e+00
2.139821201562881470e-01 7.791182994842529297e-01 5.892251133918762207e-01 1.777323475314753765e+00
-9.501104950904846191e-01 3.061361610889434814e-01 -5.975566804409027100e-02 1.251620025527719615e-01
-2.269397526979446411e-01 -5.470423102378845215e-01 8.057561516761779785e-01 3.455600190261395088e+00
0.000000000000000000e+00 0.000000000000000000e+00 0.000000000000000000e+00 1.000000000000000000e+00
3.243311941623687744e-01 7.132933139801025391e-01 6.213064789772033691e-01 1.716737994658386945e+00
-9.152470827102661133e-01 4.025909602642059326e-01 1.557614374905824661e-02 3.847286200320125249e-01
-2.390220314264297485e-01 -5.737009048461914062e-01 7.834125757217407227e-01 3.317163557899596604e+00
0.000000000000000000e+00 0.000000000000000000e+00 0.000000000000000000e+00 1.000000000000000000e+00
3.513646125793457031e-01 7.081680297851562500e-01 6.124057173728942871e-01 1.649768672682994319e+00
-9.238056540489196777e-01 3.684885203838348389e-01 1.039192900061607361e-01 7.203571384431028957e-01
-1.520722210407257080e-01 -6.022575497627258301e-01 7.836835384368896484e-01 3.221472465186272061e+00
0.000000000000000000e+00 0.000000000000000000e+00 0.000000000000000000e+00 1.000000000000000000e+00
3.651174306869506836e-01 6.898470520973205566e-01 6.251400113105773926e-01 1.689911556074486620e+00
-9.277476072311401367e-01 3.253685534000396729e-01 1.828103959560394287e-01 1.014303214646758100e+00
-7.728974521160125732e-02 -6.467193365097045898e-01 7.588016986846923828e-01 3.060858878237964209e+00
0.000000000000000000e+00 0.000000000000000000e+00 0.000000000000000000e+00 1.000000000000000000e+00
5.278958082199096680e-01 5.845966935157775879e-01 6.160948872566223145e-01 1.594362652051448226e+00
-8.451544046401977539e-01 4.332476854324340820e-01 3.130661845207214355e-01 1.421621073238510169e+00
-8.390409499406814575e-02 -6.859616041183471680e-01 7.227840423583984375e-01 2.918784973003684335e+00
0.000000000000000000e+00 0.000000000000000000e+00 0.000000000000000000e+00 1.000000000000000000e+00
6.745007038116455078e-01 4.029228985309600830e-01 6.186293959617614746e-01 1.555324014646214170e+00
-7.157742381095886230e-01 5.621924400329589844e-01 4.142543673515319824e-01 1.756877186543496672e+00
-1.808762550354003906e-01 -7.222137451171875000e-01 6.676011681556701660e-01 2.881199590188137982e+00
0.000000000000000000e+00 0.000000000000000000e+00 0.000000000000000000e+00 1.000000000000000000e+00
6.950321793556213379e-01 3.272659182548522949e-01 6.401776075363159180e-01 1.591137984905687697e+00
-6.585296988487243652e-01 6.471298933029174805e-01 3.841367959976196289e-01 1.638089997079668070e+00
-2.885633707046508789e-01 -6.885637044906616211e-01 6.652904748916625977e-01 2.997862911493911486e+00
0.000000000000000000e+00 0.000000000000000000e+00 0.000000000000000000e+00 1.000000000000000000e+00
7.436080574989318848e-01 2.469990998506546021e-01 6.213197708129882812e-01 1.573409554300964741e+00
-5.807002782821655273e-01 6.991900801658630371e-01 4.170381426811218262e-01 1.663425608789659726e+00
-3.314125835895538330e-01 -6.709134578704833984e-01 6.633554697036743164e-01 2.980231169198582997e+00
0.000000000000000000e+00 0.000000000000000000e+00 0.000000000000000000e+00 1.000000000000000000e+00
7.218919396400451660e-01 2.270841747522354126e-01 6.536857485771179199e-01 1.785820671446249674e+00
-5.551518797874450684e-01 7.539907097816467285e-01 3.511478304862976074e-01 1.346857311961490167e+00
-4.131325185298919678e-01 -6.163854002952575684e-01 6.703658699989318848e-01 3.065027333587369007e+00
0.000000000000000000e+00 0.000000000000000000e+00 0.000000000000000000e+00 1.000000000000000000e+00
7.144521474838256836e-01 3.239021599292755127e-01 6.201979517936706543e-01 1.756684743832248152e+00
-5.955671072006225586e-01 7.467488646507263184e-01 2.960840463638305664e-01 1.096468112690577756e+00
-3.672299683094024658e-01 -5.809072256088256836e-01 7.264219522476196289e-01 3.232296385340631240e+00
0.000000000000000000e+00 0.000000000000000000e+00 0.000000000000000000e+00 1.000000000000000000e+00
8.038324713706970215e-01 1.632540076971054077e-01 5.720151066780090332e-01 1.622836411243535615e+00
-5.332739353179931641e-01 6.238456964492797852e-01 5.713443160057067871e-01 2.097216071563909434e+00
-2.635751366615295410e-01 -7.643059492111206055e-01 5.885269045829772949e-01 2.780996721069590727e+00
0.000000000000000000e+00 0.000000000000000000e+00 0.000000000000000000e+00 1.000000000000000000e+00
8.431694507598876953e-01 8.731820434331893921e-02 5.305095911026000977e-01 1.454512405583314960e+00
-4.805115759372711182e-01 5.650348663330078125e-01 6.707040071487426758e-01 2.473508702635095258e+00
-2.411918342113494873e-01 -8.204333186149597168e-01 5.183777809143066406e-01 2.502298787662286639e+00
0.000000000000000000e+00 0.000000000000000000e+00 0.000000000000000000e+00 1.000000000000000000e+00
8.719902634620666504e-01 2.270053140819072723e-02 4.889963865280151367e-01 1.288162926868866576e+00
-4.345363080501556396e-01 4.958733320236206055e-01 7.518560290336608887e-01 2.788708110163147236e+00
-2.254128456115722656e-01 -8.680977821350097656e-01 4.422610700130462646e-01 2.202356140426966480e+00
0.000000000000000000e+00 0.000000000000000000e+00 0.000000000000000000e+00 1.000000000000000000e+00
8.986423015594482422e-01 -7.666931301355361938e-02 4.319303929805755615e-01 1.066841146115726779e+00
-3.686446249485015869e-01 4.017260074615478516e-01 8.382825255393981934e-01 3.118254615065955804e+00
-2.377882003784179688e-01 -9.125450849533081055e-01 3.327442705631256104e-01 1.789006206718460223e+00
0.000000000000000000e+00 0.000000000000000000e+00 0.000000000000000000e+00 1.000000000000000000e+00
9.569453597068786621e-01 2.270609140396118164e-01 1.808285266160964966e-01 4.939225843272230382e-02
-2.429286688566207886e-01 2.855072021484375000e-01 9.270766377449035645e-01 3.383058559058215398e+00
1.588750928640365601e-01 -9.310901761054992676e-01 3.283743262290954590e-01 1.490014241683889296e+00
0.000000000000000000e+00 0.000000000000000000e+00 0.000000000000000000e+00 1.000000000000000000e+00
9.820269346237182617e-01 5.814579501748085022e-02 1.795601099729537964e-01 6.327002002489461041e-02
-1.878358274698257446e-01 2.080799788236618042e-01 9.599063992500305176e-01 3.476048928405742089e+00
1.845164410769939423e-02 -9.763818979263305664e-01 2.152620553970336914e-01 1.132078084353671965e+00
0.000000000000000000e+00 0.000000000000000000e+00 0.000000000000000000e+00 1.000000000000000000e+00
9.858478903770446777e-01 9.720182418823242188e-02 1.365868896245956421e-01 -1.061645654814242085e-01
-1.459626406431198120e-01 9.694530069828033447e-02 9.845285415649414062e-01 3.540653609374195376e+00
8.245652168989181519e-02 -9.905319809913635254e-01 1.097611412405967712e-01 6.676118766245865421e-01
0.000000000000000000e+00 0.000000000000000000e+00 0.000000000000000000e+00 1.000000000000000000e+00
9.795733690261840820e-01 1.547862589359283447e-01 1.283637434244155884e-01 -1.530232576962781699e-01
-1.351611167192459106e-01 3.417666256427764893e-02 9.902338385581970215e-01 3.542139265750275268e+00
1.488875597715377808e-01 -9.873565435409545898e-01 5.439957976341247559e-02 4.045310441211847352e-01
0.000000000000000000e+00 0.000000000000000000e+00 0.000000000000000000e+00 1.000000000000000000e+00
9.715570211410522461e-01 2.173753529787063599e-01 9.394218027591705322e-02 -2.846138170050458438e-01
-8.573481440544128418e-02 -4.690626636147499084e-02 9.952130317687988281e-01 3.516322625392297674e+00
2.207412272691726685e-01 -9.749602079391479492e-01 -2.693542279303073883e-02 7.204255291077090069e-03
0.000000000000000000e+00 0.000000000000000000e+00 0.000000000000000000e+00 1.000000000000000000e+00
9.507640004158020020e-01 2.967050969600677490e-01 8.952113986015319824e-02 -2.834110514914123247e-01
-5.093496292829513550e-02 -1.353303641080856323e-01 9.894902706146240234e-01 3.446519870606840730e+00
3.057017922401428223e-01 -9.453314542770385742e-01 -1.135546267032623291e-01 -4.108234153479744521e-01
0.000000000000000000e+00 0.000000000000000000e+00 0.000000000000000000e+00 1.000000000000000000e+00
9.577802419662475586e-01 2.162594795227050781e-01 1.894424706697463989e-01 1.221187169064714972e-02
-1.527545154094696045e-01 -1.754388362169265747e-01 9.725673198699951172e-01 3.475562556909999934e+00
2.435624748468399048e-01 -9.604441523551940918e-01 -1.349972188472747803e-01 -3.468910068159419824e-01
0.000000000000000000e+00 0.000000000000000000e+00 0.000000000000000000e+00 1.000000000000000000e+00
9.645678997039794922e-01 4.966913163661956787e-02 2.591173350811004639e-01 2.650838033112878356e-01
-2.456657439470291138e-01 -1.890723258256912231e-01 9.507364630699157715e-01 3.508065685059903238e+00
9.621417522430419922e-02 -9.807061553001403809e-01 -1.701710671186447144e-01 -3.337837086455163749e-01
0.000000000000000000e+00 0.000000000000000000e+00 0.000000000000000000e+00 1.000000000000000000e+00
9.060813784599304199e-01 -3.302816748619079590e-01 2.644440531730651855e-01 4.519637777536965606e-01
-3.564989268779754639e-01 -2.593477368354797363e-01 8.975784778594970703e-01 3.497647476635160846e+00
-2.278707921504974365e-01 -9.075530171394348145e-01 -3.527352213859558105e-01 -7.182092096449513852e-01
0.000000000000000000e+00 0.000000000000000000e+00 0.000000000000000000e+00 1.000000000000000000e+00
9.251774549484252930e-01 -1.895334273576736450e-01 3.288215100765228271e-01 6.213554912155200283e-01
-3.767085671424865723e-01 -3.530488014221191406e-01 8.564150929450988770e-01 3.413194633302192749e+00
-4.622932523488998413e-02 -9.162060022354125977e-01 -3.980317115783691406e-01 -1.018923726031115029e+00
0.000000000000000000e+00 0.000000000000000000e+00 0.000000000000000000e+00 1.000000000000000000e+00
8.835388422012329102e-01 -1.404204666614532471e-01 4.468124508857727051e-01 1.070166379444253302e+00
-4.612822830677032471e-01 -4.260972738265991211e-01 7.782413363456726074e-01 3.252610690541435368e+00
8.110445737838745117e-02 -8.937130570411682129e-01 -4.412468969821929932e-01 -1.301332956604813518e+00
0.000000000000000000e+00 0.000000000000000000e+00 0.000000000000000000e+00 1.000000000000000000e+00
8.709130883216857910e-01 -1.266107708215713501e-01 4.748476743698120117e-01 1.183248183079130378e+00
-4.675895273685455322e-01 -5.108314752578735352e-01 7.213953733444213867e-01 3.053390719806362785e+00
1.512306630611419678e-01 -8.503063321113586426e-01 -5.040915012359619141e-01 -1.612452324296329342e+00
0.000000000000000000e+00 0.000000000000000000e+00 0.000000000000000000e+00 1.000000000000000000e+00
8.550465703010559082e-01 -1.056894659996032715e-01 5.076662302017211914e-01 1.306645646931816396e+00
-4.657935202121734619e-01 -5.867823362350463867e-01 6.623613238334655762e-01 2.863675847579504552e+00
2.278849333524703979e-01 -8.028177022933959961e-01 -5.509558916091918945e-01 -1.816692676073029755e+00
0.000000000000000000e+00 0.000000000000000000e+00 0.000000000000000000e+00 1.000000000000000000e+00
8.328415751457214355e-01 -7.091757655143737793e-02 5.489494800567626953e-01 1.434274990907271174e+00
-4.402260184288024902e-01 -6.860435009002685547e-01 5.792626142501831055e-01 2.573809811212385501e+00
3.355232477188110352e-01 -7.240959405899047852e-01 -6.025853753089904785e-01 -2.079519249345711085e+00
0.000000000000000000e+00 0.000000000000000000e+00 0.000000000000000000e+00 1.000000000000000000e+00
8.135689496994018555e-01 -8.098772913217544556e-02 5.758007168769836426e-01 1.554640647183202828e+00
-4.348738491535186768e-01 -7.421005964279174805e-01 5.100701451301574707e-01 2.337523575643756235e+00
3.859926164150238037e-01 -6.653778553009033203e-01 -6.389693617820739746e-01 -2.263280465672881103e+00
0.000000000000000000e+00 0.000000000000000000e+00 0.000000000000000000e+00 1.000000000000000000e+00
7.809724807739257812e-01 -1.256639510393142700e-01 6.117929816246032715e-01 1.730973926329828716e+00
-4.457685351371765137e-01 -7.982515096664428711e-01 4.050740003585815430e-01 1.980047764970210622e+00
4.374614059925079346e-01 -5.890697836875915527e-01 -6.794295310974121094e-01 -2.474258493170010009e+00
0.000000000000000000e+00 0.000000000000000000e+00 0.000000000000000000e+00 1.000000000000000000e+00
7.512254118919372559e-01 -1.943038105964660645e-01 6.307980418205261230e-01 1.851707808226119356e+00
-4.563960433006286621e-01 -8.433156609535217285e-01 2.837624847888946533e-01 1.558746812050834540e+00
4.768257439136505127e-01 -5.010632872581481934e-01 -7.221997380256652832e-01 -2.687355907727075888e+00
0.000000000000000000e+00 0.000000000000000000e+00 0.000000000000000000e+00 1.000000000000000000e+00
7.218981385231018066e-01 -2.512559890747070312e-01 6.447737812995910645e-01 1.948917820851554294e+00
-4.542071819305419922e-01 -8.749952316284179688e-01 1.675680577754974365e-01 1.146973535480191542e+00
5.220713615417480469e-01 -4.138280153274536133e-01 -7.457796931266784668e-01 -2.834564634354923118e+00
0.000000000000000000e+00 0.000000000000000000e+00 0.000000000000000000e+00 1.000000000000000000e+00
7.008857131004333496e-01 -3.384189903736114502e-01 6.278785467147827148e-01 1.925240043095334252e+00
-4.320894181728363037e-01 -9.018229842185974121e-01 -3.740818705409765244e-03 5.264497680519373279e-01
5.675012469291687012e-01 -2.686778604984283447e-01 -7.783021926879882812e-01 -3.015808679989210983e+00
0.000000000000000000e+00 0.000000000000000000e+00 0.000000000000000000e+00 1.000000000000000000e+00
6.881952285766601562e-01 -3.894021511077880859e-01 6.121709346771240234e-01 1.860031275630574799e+00
-3.668599128723144531e-01 -9.147166609764099121e-01 -1.694321334362030029e-01 -1.378533692937458643e-01
6.259401440620422363e-01 -1.079786494374275208e-01 -7.723596692085266113e-01 -3.009342110704928075e+00
0.000000000000000000e+00 0.000000000000000000e+00 0.000000000000000000e+00 1.000000000000000000e+00
6.782486438751220703e-01 -4.149925410747528076e-01 6.064320206642150879e-01 1.828565866394868289e+00
-2.920682728290557861e-01 -9.095220565795898438e-01 -2.957461476325988770e-01 -6.618501576315916068e-01
6.742957234382629395e-01 2.346978522837162018e-02 -7.380882501602172852e-01 -2.914301811318294799e+00
0.000000000000000000e+00 0.000000000000000000e+00 0.000000000000000000e+00 1.000000000000000000e+00
6.695866584777832031e-01 -4.531387984752655029e-01 5.884885191917419434e-01 1.760636038272852533e+00
-2.377780228853225708e-01 -8.814085125923156738e-01 -4.081428349018096924e-01 -1.108523174270650946e+00
7.036442160606384277e-01 1.333573162555694580e-01 -6.979258656501770020e-01 -2.787298356104989772e+00
0.000000000000000000e+00 0.000000000000000000e+00 0.000000000000000000e+00 1.000000000000000000e+00
6.636103391647338867e-01 -4.856798052787780762e-01 5.689783096313476562e-01 1.691096461826870678e+00
-1.580662727355957031e-01 -8.344490528106689453e-01 -5.279297232627868652e-01 -1.615816830951311678e+00
7.311882376670837402e-01 2.604033052921295166e-01 -6.305186152458190918e-01 -2.562857558711720163e+00
0.000000000000000000e+00 0.000000000000000000e+00 0.000000000000000000e+00 1.000000000000000000e+00
6.506401300430297852e-01 -5.187785625457763672e-01 5.545594096183776855e-01 1.647151021982309782e+00
-9.337291121482849121e-02 -7.793854475021362305e-01 -6.195480227470397949e-01 -2.014989949013549886e+00
7.536237835884094238e-01 3.513219356536865234e-01 -5.555393099784851074e-01 -2.307809999422144376e+00
0.000000000000000000e+00 0.000000000000000000e+00 0.000000000000000000e+00 1.000000000000000000e+00
6.614603996276855469e-01 -5.292807817459106445e-01 5.313491225242614746e-01 1.553516753305196341e+00
-2.823925390839576721e-02 -7.255589365959167480e-01 -6.875802278518676758e-01 -2.332485229927420800e+00
7.494481801986694336e-01 4.398021697998046875e-01 -4.948750436305999756e-01 -2.098244379581857277e+00
0.000000000000000000e+00 0.000000000000000000e+00 0.000000000000000000e+00 1.000000000000000000e+00
6.790248155593872070e-01 -5.350866317749023438e-01 5.026007294654846191e-01 1.438646991521194574e+00
2.319818176329135895e-02 -6.686528325080871582e-01 -7.432126998901367188e-01 -2.592186237262722681e+00
7.337486147880554199e-01 5.163192749023437500e-01 -4.416188001632690430e-01 -1.917001195697207727e+00
0.000000000000000000e+00 0.000000000000000000e+00 0.000000000000000000e+00 1.000000000000000000e+00
7.009746432304382324e-01 -5.328763723373413086e-01 4.740013778209686279e-01 1.311236962828635555e+00
6.616474688053131104e-02 -6.131683588027954102e-01 -7.871764302253723145e-01 -2.812134389092735276e+00
7.101104259490966797e-01 5.831528306007385254e-01 -3.945578634738922119e-01 -1.773311509891495108e+00
0.000000000000000000e+00 0.000000000000000000e+00 0.000000000000000000e+00 1.000000000000000000e+00
