1.000000000000000000e+00 0.000000000000000000e+00 0.000000000000000000e+00 -4.146692231928954531e-01
0.000000000000000000e+00 -1.000000000000000000e+00 0.000000000000000000e+00 -7.693198940031911737e-02
0.000000000000000000e+00 0.000000000000000000e+00 -1.000000000000000000e+00 -3.421550398492883005e+00
0.000000000000000000e+00 0.000000000000000000e+00 0.000000000000000000e+00 1.000000000000000000e+00
9.897040724754333496e-01 -1.417937725782394409e-01 -1.950550638139247894e-02 -5.209317865040979934e-01
-1.405026614665985107e-01 -9.884662628173828125e-01 5.651365220546722412e-02 2.684428312426893060e-01
-2.729381434619426727e-02 -5.319121107459068298e-02 -9.982117414474487305e-01 -3.428165533414774035e+00
0.000000000000000000e+00 0.000000000000000000e+00 0.000000000000000000e+00 1.000000000000000000e+00
9.700560569763183594e-01 -2.379298359155654907e-01 -4.879111424088478088e-02 -6.242223476634302104e-01
-2.322887480258941650e-01 -9.675161242485046387e-01 9.976905584335327148e-02 5.469181316309911223e-01
-7.094429433345794678e-02 -8.544795960187911987e-02 -9.938133955001831055e-01 -3.396701675328416048e+00
0.000000000000000000e+00 0.000000000000000000e+00 0.000000000000000000e+00 1.000000000000000000e+00
9.402598142623901367e-01 -3.356303274631500244e-01 -5.712991952896118164e-02 -6.423051297193388409e-01
-3.250309526920318604e-01 -9.348656535148620605e-01 1.427602916955947876e-01 8.012450958731898165e-01
-1.013235375285148621e-01 -1.156627163290977478e-01 -9.881072640419006348e-01 -3.356819557377412444e+00
0.000000000000000000e+00 0.000000000000000000e+00 0.000000000000000000e+00 1.000000000000000000e+00
8.936819434165954590e-01 -4.481576979160308838e-01 -2.208029478788375854e-02 -4.569808288111054662e-01
-4.386681318283081055e-01 -8.829882740974426270e-01 1.670396178960800171e-01 9.679538380117607144e-01
-9.435677528381347656e-02 -1.395944058895111084e-01 -9.857029318809509277e-01 -3.352397747634406677e+00
0.000000000000000000e+00 0.000000000000000000e+00 0.000000000000000000e+00 1.000000000000000000e+00
8.274565339088439941e-01 -5.614876151084899902e-01 -6.854951847344636917e-03 -3.318618046189103499e-01
-5.499646067619323730e-01 -8.128192424774169922e-01 1.919987797737121582e-01 1.127942397947556463e+00
-1.133768633008003235e-01 -1.551006436347961426e-01 -9.813712239265441895e-01 -3.336071038991013094e+00
0.000000000000000000e+00 0.000000000000000000e+00 0.000000000000000000e+00 1.000000000000000000e+00
7.471034526824951172e-01 -6.643862724304199219e-01 2.066420391201972961e-02 -1.496452206586772193e-01
-6.571407318115234375e-01 -7.335643172264099121e-01 1.733468621969223022e-01 1.110787978776770268e+00
-1.000108122825622559e-01 -1.430873125791549683e-01 -9.846439957618713379e-01 -3.373279320164928041e+00
0.000000000000000000e+00 0.000000000000000000e+00 0.000000000000000000e+00 1.000000000000000000e+00
6.868116259574890137e-01 -7.244501709938049316e-01 5.883675813674926758e-02 2.958709737514831489e-02
-7.255854010581970215e-01 -6.786340475082397461e-01 1.139364764094352722e-01 8.890094707154387876e-01
-4.261269792914390564e-02 -1.209440231323242188e-01 -9.917443990707397461e-01 -3.460140581386450975e+00
0.000000000000000000e+00 0.000000000000000000e+00 0.000000000000000000e+00 1.000000000000000000e+00
5.901686549186706543e-01 -8.069773316383361816e-01 2.207943983376026154e-02 -7.157446282984704367e-02
-8.059452176094055176e-01 -5.874010324478149414e-01 7.356460392475128174e-02 7.420527196817712223e-01
-4.639555141329765320e-02 -6.121038645505905151e-02 -9.970461130142211914e-01 -3.546724359224506795e+00
0.000000000000000000e+00 0.000000000000000000e+00 0.000000000000000000e+00 1.000000000000000000e+00
4.959733486175537109e-01 -8.681647181510925293e-01 1.733668521046638489e-02 -2.803092955165671640e-02
-8.673192262649536133e-01 -4.943259656429290771e-01 5.830101296305656433e-02 6.889584286293852777e-01
-4.204492270946502686e-02 -4.395216330885887146e-02 -9.981487393379211426e-01 -3.590478490649410048e+00
0.000000000000000000e+00 0.000000000000000000e+00 0.000000000000000000e+00 1.000000000000000000e+00
4.053730368614196777e-01 -9.134613275527954102e-01 3.551211208105087280e-02 9.277263826771221800e-02
-9.140765666961669922e-01 -4.055315256118774414e-01 2.942976076155900955e-03 4.588328843109965027e-01
1.171297486871480942e-02 -3.365376964211463928e-02 -9.993648529052734375e-01 -3.646344340887845092e+00
0.000000000000000000e+00 0.000000000000000000e+00 0.000000000000000000e+00 1.000000000000000000e+00
2.866815030574798584e-01 -9.569705128669738770e-01 4.496116563677787781e-02 1.877313245776823514e-01
-9.571573734283447266e-01 -2.881037294864654541e-01 -2.908089943230152130e-02 3.211071092256646553e-01
4.078302532434463501e-02 -3.469795361161231995e-02 -9.985648989677429199e-01 -3.673041689375958097e+00
0.000000000000000000e+00 0.000000000000000000e+00 0.000000000000000000e+00 1.000000000000000000e+00
1.758871674537658691e-01 -9.826027750968933105e-01 5.962804704904556274e-02 2.994307525306053597e-01
-9.821661710739135742e-01 -1.792518198490142822e-01 -5.673326551914215088e-02 1.981237160740844661e-01
6.643471866846084595e-02 -4.858601465821266174e-02 -9.966074228286743164e-01 -3.683628456029912623e+00
0.000000000000000000e+00 0.000000000000000000e+00 0.000000000000000000e+00 1.000000000000000000e+00
9.747511893510818481e-02 -9.921740293502807617e-01 7.803197205066680908e-02 4.040133564660778887e-01
-9.908776283264160156e-01 -1.040807887911796570e-01 -8.561024814844131470e-02 6.848741105085313918e-02
9.306190907955169678e-02 -6.897521018981933594e-02 -9.932680130004882812e-01 -3.673297456668545458e+00
0.000000000000000000e+00 0.000000000000000000e+00 0.000000000000000000e+00 1.000000000000000000e+00
1.611085794866085052e-02 -9.973945021629333496e-01 7.031378149986267090e-02 4.322809851447323992e-01
-9.975454211235046387e-01 -2.082632482051849365e-02 -6.685403734445571899e-02 1.665047645966100665e-01
6.814423203468322754e-02 -6.906420737504959106e-02 -9.952825307846069336e-01 -3.610481767948782394e+00
0.000000000000000000e+00 0.000000000000000000e+00 0.000000000000000000e+00 1.000000000000000000e+00
-9.228424727916717529e-02 -9.019793272018432617e-01 4.218011796474456787e-01 1.847666547123297809e+00
-9.904364943504333496e-01 3.951736167073249817e-02 -1.321901828050613403e-01 -8.258084849246295767e-02
1.025642901659011841e-01 -4.299664795398712158e-01 -8.970001339912414551e-01 -3.172157640328502559e+00
0.000000000000000000e+00 0.000000000000000000e+00 0.000000000000000000e+00 1.000000000000000000e+00
-1.635868996381759644e-01 -8.824621438980102539e-01 4.410207569599151611e-01 1.941385094915017095e+00
-9.773616790771484375e-01 8.416961878538131714e-02 -1.941110342741012573e-01 -3.394892228236129350e-01
1.341751217842102051e-01 -4.627908766269683838e-01 -8.762542009353637695e-01 -3.105311031501575059e+00
0.000000000000000000e+00 0.000000000000000000e+00 0.000000000000000000e+00 1.000000000000000000e+00
-1.386745125055313110e-01 -8.227942585945129395e-01 5.511613488197326660e-01 2.274557842294939292e+00
-9.902955889701843262e-01 1.203741282224655151e-01 -6.946351379156112671e-02 1.313242664961018769e-01
-9.191384539008140564e-03 -5.554453134536743164e-01 -8.315021395683288574e-01 -2.859172757020433053e+00
0.000000000000000000e+00 0.000000000000000000e+00 0.000000000000000000e+00 1.000000000000000000e+00
-8.797512203454971313e-02 -7.491738796234130859e-01 6.565048098564147949e-01 2.542351023431831170e+00
-9.944465160369873047e-01 2.783766947686672211e-02 -1.014939993619918823e-01 4.962833260533488361e-02
5.776110291481018066e-02 -6.617879867553710938e-01 -7.474625706672668457e-01 -2.659865060172202256e+00
0.000000000000000000e+00 0.000000000000000000e+00 0.000000000000000000e+00 1.000000000000000000e+00
-5.836974829435348511e-02 -5.701952576637268066e-01 8.194329738616943359e-01 3.092898565872479022e+00
-9.857837557792663574e-01 -9.662522375583648682e-02 -1.374549269676208496e-01 -7.845134422670010932e-02
1.575541198253631592e-01 -8.158072829246520996e-01 -5.564490556716918945e-01 -1.961254280162569419e+00
0.000000000000000000e+00 0.000000000000000000e+00 0.000000000000000000e+00 1.000000000000000000e+00
-1.217046678066253662e-01 -4.282574355602264404e-01 8.954235315322875977e-01 3.348335635998474835e+00
-9.859357476234436035e-01 -5.194092169404029846e-02 -1.588490456342697144e-01 -2.056845378540700930e-01
1.145372986793518066e-01 -9.021626114845275879e-01 -4.159129858016967773e-01 -1.397887953330330557e+00
0.000000000000000000e+00 0.000000000000000000e+00 0.000000000000000000e+00 1.000000000000000000e+00
-1.951094418764114380e-01 -3.262136280536651611e-01 9.249415397644042969e-01 3.474893221949027833e+00
-9.745798707008361816e-01 -4.139794781804084778e-02 -2.201808094978332520e-01 -4.339454713930255281e-01
1.101166531443595886e-01 -9.443887472152709961e-01 -3.098441064357757568e-01 -1.012189755834130400e+00
0.000000000000000000e+00 0.000000000000000000e+00 0.000000000000000000e+00 1.000000000000000000e+00
-2.771728932857513428e-01 -1.985283046960830688e-01 9.400859475135803223e-01 3.568268965734711973e+00
-9.584626555442810059e-01 -1.136531960219144821e-02 -2.849913239479064941e-01 -6.830272241130166400e-01
6.726316362619400024e-02 -9.800292253494262695e-01 -1.871319562196731567e-01 -5.345626060196480012e-01
0.000000000000000000e+00 0.000000000000000000e+00 0.000000000000000000e+00 1.000000000000000000e+00
-1.882785856723785400e-01 8.178346157073974609e-01 5.437809228897094727e-01 2.054472844622396988e+00
-9.471198916435241699e-01 -4.711470566689968109e-03 -3.208448886871337891e-01 -7.910656379909284386e-01
-2.598359286785125732e-01 -5.754343867301940918e-01 7.754744887351989746e-01 3.161189286302950041e+00
0.000000000000000000e+00 0.000000000000000000e+00 0.000000000000000000e+00 1.000000000000000000e+00
-1.767493933439254761e-01 8.544839620590209961e-01 4.884854257106781006e-01 1.830307979463246193e+00
-9.684055447578430176e-01 -6.226492300629615784e-02 -2.414823472499847412e-01 -5.015457664534329618e-01
-1.759272068738937378e-01 -5.157339572906494141e-01 8.384917378425598145e-01 3.336955189487852635e+00
0.000000000000000000e+00 0.000000000000000000e+00 0.000000000000000000e+00 1.000000000000000000e+00
-9.315641969442367554e-02 8.306083083152770996e-01 5.490090847015380859e-01 1.967994027890261677e+00
-9.897574782371520996e-01 -1.734685152769088745e-02 -1.416996121406555176e-01 -1.040915238419879291e-01
-1.081734448671340942e-01 -5.565862059593200684e-01 8.237168192863464355e-01 3.236984648071736359e+00
0.000000000000000000e+00 0.000000000000000000e+00 0.000000000000000000e+00 1.000000000000000000e+00
1.712232828140258789e-02 8.442084789276123047e-01 5.357405543327331543e-01 1.810745400928796656e+00
-9.991521835327148438e-01 3.450686112046241760e-02 -2.244269289076328278e-02 3.629874091500069899e-01
-3.743314370512962341e-02 -5.349022746086120605e-01 8.440841436386108398e-01 3.251692646194928038e+00
0.000000000000000000e+00 0.000000000000000000e+00 0.000000000000000000e+00 1.000000000000000000e+00
5.389329791069030762e-02 8.457502722740173340e-01 5.308494567871093750e-01 1.754766144437988062e+00
-9.945815205574035645e-01 -1.862049917690455914e-03 1.039392799139022827e-01 8.329307683163938991e-01
8.889518678188323975e-02 -5.335750579833984375e-01 8.410677313804626465e-01 3.143673018459126389e+00
0.000000000000000000e+00 0.000000000000000000e+00 0.000000000000000000e+00 1.000000000000000000e+00
3.256756067276000977e-02 8.543590903282165527e-01 5.186617374420166016e-01 1.754290286287830680e+00
-9.825288653373718262e-01 -6.777160614728927612e-02 1.733304858207702637e-01 9.934839466150711118e-01
1.832371503114700317e-01 -5.152449607849121094e-01 8.372256159782409668e-01 3.087042968641626750e+00
0.000000000000000000e+00 0.000000000000000000e+00 0.000000000000000000e+00 1.000000000000000000e+00
-3.671050816774368286e-02 8.576676845550537109e-01 5.128908753395080566e-01 1.825702617047325838e+00
-9.953507184982299805e-01 -7.711388170719146729e-02 5.770822614431381226e-02 5.649079309009490402e-01
8.904550969600677490e-02 -5.083883404731750488e-01 8.565117716789245605e-01 3.332442378983063946e+00
0.000000000000000000e+00 0.000000000000000000e+00 0.000000000000000000e+00 1.000000000000000000e+00
-4.916192591190338135e-02 8.667975664138793945e-01 4.962310791015625000e-01 1.748485885425461683e+00
-9.920864701271057129e-01 1.508999336510896683e-02 -1.246451213955879211e-01 -1.082036773173812028e-01
-1.155302226543426514e-01 -4.984320700168609619e-01 8.591964840888977051e-01 3.549768743714128760e+00
0.000000000000000000e+00 0.000000000000000000e+00 0.000000000000000000e+00 1.000000000000000000e+00
1.329657137393951416e-01 8.587899208068847656e-01 4.947722852230072021e-01 1.582276441027204328e+00
-9.849235415458679199e-01 1.702293008565902710e-01 -3.078226558864116669e-02 2.327481917643512421e-01
-1.106603220105171204e-01 -4.832199811935424805e-01 8.684774041175842285e-01 3.600795697384719052e+00
0.000000000000000000e+00 0.000000000000000000e+00 0.000000000000000000e+00 1.000000000000000000e+00
2.236400246620178223e-01 8.013729453086853027e-01 5.547849535942077637e-01 1.643427918845873581e+00
-9.457670450210571289e-01 3.160146772861480713e-01 -7.522627711296081543e-02 5.897969497811286071e-02
-2.356045991182327271e-01 -5.078738331794738770e-01 8.285858035087585449e-01 3.520171780043745091e+00
0.000000000000000000e+00 0.000000000000000000e+00 0.000000000000000000e+00 1.000000000000000000e+00
3.311326205730438232e-01 7.309530973434448242e-01 5.967065095901489258e-01 1.624404967934800714e+00
-9.110700488090515137e-01 4.122505187988281250e-01 5.848024156875908375e-04 3.168423964416843264e-01
-2.455652952194213867e-01 -5.438351035118103027e-01 8.024589419364929199e-01 3.367190192590283182e+00
0.000000000000000000e+00 0.000000000000000000e+00 0.000000000000000000e+00 1.000000000000000000e+00
3.585078418254852295e-01 7.207046151161193848e-01 5.933440923690795898e-01 1.582066691165291417e+00
-9.193442463874816895e-01 3.829419016838073730e-01 9.034225344657897949e-02 6.587603084114649343e-01
-1.621062755584716797e-01 -5.778757333755493164e-01 7.998629212379455566e-01 3.264026351715233254e+00
0.000000000000000000e+00 0.000000000000000000e+00 0.000000000000000000e+00 1.000000000000000000e+00
3.711773157119750977e-01 7.081061005592346191e-01 6.006770730018615723e-01 1.602556857010189129e+00
-9.245398640632629395e-01 3.419716358184814453e-01 1.681700646877288818e-01 9.409090320695664422e-01
-8.633237332105636597e-02 -6.177708506584167480e-01 7.816048264503479004e-01 3.125001661400397257e+00
0.000000000000000000e+00 0.000000000000000000e+00 0.000000000000000000e+00 1.000000000000000000e+00
5.362344384193420410e-01 5.987084507942199707e-01 5.949791669845581055e-01 1.520938480586850883e+00
-8.391670584678649902e-01 4.540072679519653320e-01 2.994591891765594482e-01 1.355547453836956073e+00
-9.083627164363861084e-02 -6.598674058914184570e-01 7.458708286285400391e-01 2.983517537618431081e+00
0.000000000000000000e+00 0.000000000000000000e+00 0.000000000000000000e+00 1.000000000000000000e+00
6.785198450088500977e-01 4.112153351306915283e-01 6.086973547935485840e-01 1.519920581914330215e+00
-7.106943726539611816e-01 5.770759582519531250e-01 4.023635983467102051e-01 1.697579849246157790e+00
-1.858066469430923462e-01 -7.056096792221069336e-01 6.838060021400451660e-01 2.929662666335460575e+00
0.000000000000000000e+00 0.000000000000000000e+00 0.000000000000000000e+00 1.000000000000000000e+00
7.036683559417724609e-01 3.347657620906829834e-01 6.267237663269042969e-01 1.541441227976464656e+00
-6.479181647300720215e-01 6.643601655960083008e-01 3.725952804088592529e-01 1.574090264357159263e+00
-2.916383445262908936e-01 -6.682493090629577637e-01 6.843900680541992188e-01 3.050024961787803690e+00
0.000000000000000000e+00 0.000000000000000000e+00 0.000000000000000000e+00 1.000000000000000000e+00
7.496908307075500488e-01 2.428086251020431519e-01 6.156356930732727051e-01 1.557605065938258093e+00
-5.658660531044006348e-01 7.175648212432861328e-01 4.060739874839782715e-01 1.603788397435055302e+00
-3.431603312492370605e-01 -6.527974009513854980e-01 6.753488779067993164e-01 3.016395699210834724e+00
0.000000000000000000e+00 0.000000000000000000e+00 0.000000000000000000e+00 1.000000000000000000e+00
7.426148653030395508e-01 2.374621927738189697e-01 6.262067556381225586e-01 1.675074984905290831e+00
-5.353878736495971680e-01 7.722335457801818848e-01 3.420765995979309082e-01 1.281882078648655110e+00
-4.023470282554626465e-01 -5.892944931983947754e-01 7.006060481071472168e-01 3.149190973741792021e+00
0.000000000000000000e+00 0.000000000000000000e+00 0.000000000000000000e+00 1.000000000000000000e+00
7.292118668556213379e-01 3.404909968376159668e-01 5.935618877410888672e-01 1.653044872457113179e+00
-5.852642655372619629e-01 7.597881555557250977e-01 2.831733822822570801e-01 1.027147075952817401e+00
-3.545633554458618164e-01 -5.538843870162963867e-01 7.533240318298339844e-01 3.305692636116954297e+00
0.000000000000000000e+00 0.000000000000000000e+00 0.000000000000000000e+00 1.000000000000000000e+00
8.057602643966674805e-01 1.693381220102310181e-01 5.675167441368103027e-01 1.606303399736781490e+00
-5.281152725219726562e-01 6.391313672065734863e-01 5.591110587120056152e-01 2.036570440782803360e+00
-2.680391073226928711e-01 -7.502234578132629395e-01 6.044165492057800293e-01 2.828907932748676135e+00
0.000000000000000000e+00 0.000000000000000000e+00 0.000000000000000000e+00 1.000000000000000000e+00
8.443521857261657715e-01 9.559554606676101685e-02 5.271913409233093262e-01 1.442323646352137168e+00
-4.773177504539489746e-01 5.811785459518432617e-01 6.590892076492309570e-01 2.415558107672175048e+00
-2.433865219354629517e-01 -8.081411719322204590e-01 5.363489389419555664e-01 2.557389063226434001e+00
0.000000000000000000e+00 0.000000000000000000e+00 0.000000000000000000e+00 1.000000000000000000e+00
8.731208443641662598e-01 2.498094923794269562e-02 4.868633151054382324e-01 1.284011361812368524e+00
-4.293577671051025391e-01 5.124059915542602539e-01 7.437011599540710449e-01 2.743442642222948535e+00
-2.308934479951858521e-01 -8.583797812461853027e-01 4.581182897090911865e-01 2.254021133529604093e+00
0.000000000000000000e+00 0.000000000000000000e+00 0.000000000000000000e+00 1.000000000000000000e+00
8.744582533836364746e-01 -1.541000306606292725e-01 4.599738419055938721e-01 1.212378854020339292e+00
-3.624862730503082275e-01 4.225601255893707275e-01 8.306900262832641602e-01 3.072932788699425544e+00
-3.223761320114135742e-01 -8.931381106376647949e-01 3.136520385742187500e-01 1.756511523715010403e+00
0.000000000000000000e+00 0.000000000000000000e+00 0.000000000000000000e+00 1.000000000000000000e+00
9.431238770484924316e-01 2.939209043979644775e-01 1.553315669298171997e-01 -4.741171392104677473e-02
-2.467082887887954712e-01 3.056190907955169678e-01 9.196366667747497559e-01 3.344953713560823605e+00
2.228282243013381958e-01 -9.056528806686401367e-01 3.607494235038757324e-01 1.555660260915019633e+00
0.000000000000000000e+00 0.000000000000000000e+00 0.000000000000000000e+00 1.000000000000000000e+00
9.795548319816589355e-01 1.047822162508964539e-01 1.717344671487808228e-01 2.329768631216857025e-02
-1.918438524007797241e-01 2.295396924018859863e-01 9.542052149772644043e-01 3.445781523516918909e+00
6.056387722492218018e-02 -9.676427245140075684e-01 2.449485361576080322e-01 1.206168043588663474e+00
0.000000000000000000e+00 0.000000000000000000e+00 0.000000000000000000e+00 1.000000000000000000e+00
9.848164916038513184e-01 1.088538840413093567e-01 1.352299600839614868e-01 -1.138671422716303894e-01
-1.476018279790878296e-01 1.150102317333221436e-01 9.823371767997741699e-01 3.522715084207704184e+00
9.137836843729019165e-02 -9.873819947242736816e-01 1.293310075998306274e-01 7.273530580730275252e-01
0.000000000000000000e+00 0.000000000000000000e+00 0.000000000000000000e+00 1.000000000000000000e+00
9.664823412895202637e-01 2.251264899969100952e-01 1.234094649553298950e-01 -1.765550227481930412e-01
-1.392732411623001099e-01 5.593978241086006165e-02 9.886730909347534180e-01 3.527199284624507936e+00
2.156729251146316528e-01 -9.727222919464111328e-01 8.541891723871231079e-02 4.678668418350214186e-01
0.000000000000000000e+00 0.000000000000000000e+00 0.000000000000000000e+00 1.000000000000000000e+00
9.915491342544555664e-01 -8.759944885969161987e-02 9.569236636161804199e-02 -2.523727253763470291e-01
-9.892318397760391235e-02 -3.330522403120994568e-02 9.945377707481384277e-01 3.511881512457398991e+00
-8.393391966819763184e-02 -9.955989122390747070e-01 -4.168936982750892639e-02 1.340321091549832033e-01
0.000000000000000000e+00 0.000000000000000000e+00 0.000000000000000000e+00 1.000000000000000000e+00
9.963483214378356934e-01 4.551924392580986023e-02 7.223782688379287720e-02 -3.531688660332424345e-01
-6.600112468004226685e-02 -1.261430978775024414e-01 9.898141622543334961e-01 3.447197895222095632e+00
5.416779220104217529e-02 -9.909669756889343262e-01 -1.226781159639358521e-01 -2.931703314953639783e-01
0.000000000000000000e+00 0.000000000000000000e+00 0.000000000000000000e+00 1.000000000000000000e+00
9.857895374298095703e-01 -1.297150831669569016e-02 1.674830317497253418e-01 -4.064490298394772549e-02
-1.673407852649688721e-01 -1.630392819643020630e-01 9.723247885704040527e-01 3.473997274867359764e+00
1.469376031309366226e-02 -9.865340590476989746e-01 -1.628930419683456421e-01 -2.961456729270819932e-01
0.000000000000000000e+00 0.000000000000000000e+00 0.000000000000000000e+00 1.000000000000000000e+00
7.994263172149658203e-01 -5.884923338890075684e-01 1.208082064986228943e-01 2.879820866895203141e-02
-2.694126963615417480e-01 -1.714427471160888672e-01 9.476413726806640625e-01 3.500476083647251713e+00
-5.369678735733032227e-01 -7.901163101196289062e-01 -2.956030368804931641e-01 -4.052464302150993736e-01
0.000000000000000000e+00 0.000000000000000000e+00 0.000000000000000000e+00 1.000000000000000000e+00
4.502496421337127686e-01 -8.914458751678466797e-01 -5.099099874496459961e-02 -2.026569237801220114e-01
-3.721683025360107422e-01 -2.392710000276565552e-01 8.967942595481872559e-01 3.492142964646849812e+00
-8.116439580917358398e-01 -3.848041296005249023e-01 -4.394995868206024170e-01 -8.113466796557015082e-01
0.000000000000000000e+00 0.000000000000000000e+00 0.000000000000000000e+00 1.000000000000000000e+00
9.183558821678161621e-01 -2.490428537130355835e-01 3.075708448886871338e-01 5.708032323330757274e-01
-3.798856735229492188e-01 -3.368603289127349854e-01 8.615165948867797852e-01 3.422148901441735447e+00
-1.109462007880210876e-01 -9.080210924148559570e-01 -4.039655923843383789e-01 -9.992442942457395727e-01
0.000000000000000000e+00 0.000000000000000000e+00 0.000000000000000000e+00 1.000000000000000000e+00
8.843434453010559082e-01 -1.987708508968353271e-01 4.224065244197845459e-01 9.999199097701401140e-01
-4.664836525917053223e-01 -4.114598333835601807e-01 7.830027937889099121e-01 3.262693850706885446e+00
1.816508360207080841e-02 -8.894888758659362793e-01 -4.565950334072113037e-01 -1.311737894085129419e+00
0.000000000000000000e+00 0.000000000000000000e+00 0.000000000000000000e+00 1.000000000000000000e+00
8.744907379150390625e-01 -1.594338417053222656e-01 4.580910205841064453e-01 1.129093681446993180e+00
-4.718412756919860840e-01 -4.984651207923889160e-01 7.272537350654602051e-01 3.069709845052941422e+00
1.123934686183929443e-01 -8.521230220794677734e-01 -5.111307501792907715e-01 -1.612127099982911371e+00
0.000000000000000000e+00 0.000000000000000000e+00 0.000000000000000000e+00 1.000000000000000000e+00
8.624475002288818359e-01 -1.538624316453933716e-01 4.821931719779968262e-01 1.225995877101699660e+00
-4.736701548099517822e-01 -5.811083912849426270e-01 6.617777347564697266e-01 2.862684835495692859e+00
1.783837676048278809e-01 -7.991490364074707031e-01 -5.740553736686706543e-01 -1.862783527816597839e+00
0.000000000000000000e+00 0.000000000000000000e+00 0.000000000000000000e+00 1.000000000000000000e+00
8.467615246772766113e-01 -1.140782758593559265e-01 5.195967555046081543e-01 1.334181822517653826e+00
-4.485112130641937256e-01 -6.783257126808166504e-01 5.819891095161437988e-01 2.586459261800090115e+00
2.860635221004486084e-01 -7.258513569831848145e-01 -6.255456805229187012e-01 -2.124061019939835315e+00
0.000000000000000000e+00 0.000000000000000000e+00 0.000000000000000000e+00 1.000000000000000000e+00
8.269615769386291504e-01 -1.245721876621246338e-01 5.482848286628723145e-01 1.458721707865565653e+00
-4.499702751636505127e-01 -7.313383221626281738e-01 5.125133991241455078e-01 2.350122700052595714e+00
3.371368944644927979e-01 -6.705411672592163086e-01 -6.608430743217468262e-01 -2.305129785697733968e+00
0.000000000000000000e+00 0.000000000000000000e+00 0.000000000000000000e+00 1.000000000000000000e+00
7.997878789901733398e-01 -1.652471423149108887e-01 5.770893096923828125e-01 1.606572610323723005e+00
-4.565751254558563232e-01 -7.915958166122436523e-01 4.060967266559600830e-01 1.988496530772045245e+00
3.897150754928588867e-01 -5.882765054702758789e-01 -7.085567712783813477e-01 -2.541124405188830870e+00
0.000000000000000000e+00 0.000000000000000000e+00 0.000000000000000000e+00 1.000000000000000000e+00
7.757952809333801270e-01 -2.240957915782928467e-01 5.898492336273193359e-01 1.696469126120552673e+00
-4.628174602985382080e-01 -8.374887704849243164e-01 2.905386388301849365e-01 1.586638890237206168e+00
4.288834035396575928e-01 -4.983910024166107178e-01 -7.534352540969848633e-01 -2.766516918882415244e+00
0.000000000000000000e+00 0.000000000000000000e+00 0.000000000000000000e+00 1.000000000000000000e+00
7.471626400947570801e-01 -2.853777408599853516e-01 6.002562046051025391e-01 1.780936619197368564e+00
-4.638089835643768311e-01 -8.707464933395385742e-01 1.633449941873550415e-01 1.135462197639522275e+00
4.760560393333435059e-01 -4.004497230052947998e-01 -7.829501032829284668e-01 -2.940806472587329523e+00
0.000000000000000000e+00 0.000000000000000000e+00 0.000000000000000000e+00 1.000000000000000000e+00
7.313997745513916016e-01 -3.613245487213134766e-01 5.783588290214538574e-01 1.732819277004850500e+00
-4.386284053325653076e-01 -8.986430764198303223e-01 -6.724630016833543777e-03 5.166412905836306191e-01
5.221676826477050781e-01 -2.487660944461822510e-01 -8.157545328140258789e-01 -3.127564509455947661e+00
0.000000000000000000e+00 0.000000000000000000e+00 0.000000000000000000e+00 1.000000000000000000e+00
7.172191143035888672e-01 -3.969797492027282715e-01 5.727163553237915039e-01 1.703473254829080963e+00
-3.725330233573913574e-01 -9.129939079284667969e-01 -1.663167774677276611e-01 -1.321844462463562520e-01
5.889109373092651367e-01 -9.407035261392593384e-02 -8.027045726776123047e-01 -3.096832793862117406e+00
0.000000000000000000e+00 0.000000000000000000e+00 0.000000000000000000e+00 1.000000000000000000e+00
7.186876535415649414e-01 -4.202258288860321045e-01 5.539844632148742676e-01 1.620030726771818141e+00
-3.021386563777923584e-01 -9.063028693199157715e-01 -2.955111265182495117e-01 -6.610146482699742476e-01
6.262591481208801270e-01 4.499997198581695557e-02 -7.783151268959045410e-01 -3.033239462268935149e+00
0.000000000000000000e+00 0.000000000000000000e+00 0.000000000000000000e+00 1.000000000000000000e+00
7.056000232696533203e-01 -4.499106705188751221e-01 5.474565029144287109e-01 1.595148395371465577e+00
-2.422663718461990356e-01 -8.791887164115905762e-01 -4.102850854396820068e-01 -1.122970665478245644e+00
6.659095287322998047e-01 1.568668633699417114e-01 -7.293542027473449707e-01 -2.878055242740495956e+00
0.000000000000000000e+00 0.000000000000000000e+00 0.000000000000000000e+00 1.000000000000000000e+00
7.053931355476379395e-01 -4.738239347934722900e-01 5.271735191345214844e-01 1.521293866137602313e+00
-1.669852733612060547e-01 -8.338902592658996582e-01 -5.260638594627380371e-01 -1.616289586802771794e+00
6.888662576675415039e-01 2.830514311790466309e-01 -6.673417687416076660e-01 -2.670337903524000023e+00
0.000000000000000000e+00 0.000000000000000000e+00 0.000000000000000000e+00 1.000000000000000000e+00
6.883301734924316406e-01 -5.028967857360839844e-01 5.227768421173095703e-01 1.514768697877928672e+00
-9.931346774101257324e-02 -7.792237997055053711e-01 -6.188270449638366699e-01 -2.024031943266250799e+00
7.185663580894470215e-01 3.740384280681610107e-01 -5.863074064254760742e-01 -2.397521066696855829e+00
0.000000000000000000e+00 0.000000000000000000e+00 0.000000000000000000e+00 1.000000000000000000e+00
7.023955583572387695e-01 -5.107447504997253418e-01 4.957619011402130127e-01 1.405230064055052797e+00
-3.730666264891624451e-02 -7.219628691673278809e-01 -6.909255385398864746e-01 -2.355789697740417132e+00
7.108083367347717285e-01 4.668078422546386719e-01 -5.261577367782592773e-01 -2.186410674455315117e+00
0.000000000000000000e+00 0.000000000000000000e+00 0.000000000000000000e+00 1.000000000000000000e+00
7.155626416206359863e-01 -5.104768872261047363e-01 4.768469929695129395e-01 1.325257198565661598e+00
2.312595210969448090e-02 -6.649404168128967285e-01 -7.465384602546691895e-01 -2.621893677236710296e+00
6.981653571128845215e-01 5.452225208282470703e-01 -4.640015065670013428e-01 -1.971373116763036837e+00
0.000000000000000000e+00 0.000000000000000000e+00 0.000000000000000000e+00 1.000000000000000000e+00
7.495427131652832031e-01 -5.001210570335388184e-01 4.336647093296051025e-01 1.142457350134752803e+00
6.529799103736877441e-02 -5.960696935653686523e-01 -8.002733588218688965e-01 -2.872024782491012562e+00
6.587273478507995605e-01 6.281563639640808105e-01 -4.141225218772888184e-01 -1.805752936767310635e+00
0.000000000000000000e+00 0.000000000000000000e+00 0.000000000000000000e+00 1.000000000000000000e+00
8.222184777259826660e-01 -4.449711441993713379e-01 3.549045026302337646e-01 7.955010896433898360e-01
1.011516079306602478e-01 -4.993829131126403809e-01 -8.604558706283569336e-01 -3.173447053854945299e+00
5.601116418838500977e-01 7.433823347091674805e-01 -3.655924201011657715e-01 -1.598647095094008597e+00
0.000000000000000000e+00 0.000000000000000000e+00 0.000000000000000000e+00 1.000000000000000000e+00
8.650744557380676270e-01 -4.080775380134582520e-01 2.917523682117462158e-01 5.444129683284983923e-01
1.257098168134689331e-01 -3.866852521896362305e-01 -9.136034846305847168e-01 -3.429328442094344176e+00
4.856371879577636719e-01 8.270109891891479492e-01 -2.832122743129730225e-01 -1.267763585627692313e+00
0.000000000000000000e+00 0.000000000000000000e+00 0.000000000000000000e+00 1.000000000000000000e+00
8.866997361183166504e-01 -3.740917146205902100e-01 2.716966867446899414e-01 4.500403956489449908e-01
1.616851687431335449e-01 -2.996495366096496582e-01 -9.402490258216857910e-01 -3.575163367449136764e+00
4.331530630588531494e-01 8.776475787162780762e-01 -2.052139788866043091e-01 -9.749538124968322172e-01
0.000000000000000000e+00 0.000000000000000000e+00 0.000000000000000000e+00 1.000000000000000000e+00
9.169713258743286133e-01 -3.099365234375000000e-01 2.512043416500091553e-01 3.442424015676407989e-01
1.926775276660919189e-01 -2.073119282722473145e-01 -9.591125845909118652e-01 -3.691524731681720795e+00
3.493415415287017822e-01 9.278798103332519531e-01 -1.303813010454177856e-01 -6.576660839832969563e-01
0.000000000000000000e+00 0.000000000000000000e+00 0.000000000000000000e+00 1.000000000000000000e+00
9.469895362854003906e-01 -2.224725335836410522e-01 2.317694872617721558e-01 2.359606511356711900e-01
2.110829949378967285e-01 -1.129823103547096252e-01 -9.709167480468750000e-01 -3.773838367713076014e+00
2.421882003545761108e-01 9.683704376220703125e-01 -6.003288179636001587e-02 -3.283346502464168926e-01
0.000000000000000000e+00 0.000000000000000000e+00 0.000000000000000000e+00 1.000000000000000000e+00
9.823809862136840820e-01 2.306245639920234680e-02 1.854617148637771606e-01 -4.403824020640663417e-03
1.860262751579284668e-01 -2.536186017096042633e-02 -9.822173714637756348e-01 -3.845156078362308438e+00
-1.794868335127830505e-02 9.994121789932250977e-01 -2.920527383685112000e-02 -1.101753203077098300e-02
0.000000000000000000e+00 0.000000000000000000e+00 0.000000000000000000e+00 1.000000000000000000e+00
9.588803648948669434e-01 -2.327443957328796387e-01 1.624152064323425293e-01 -7.782505611108192500e-02
1.828547865152359009e-01 6.897006928920745850e-02 -9.807176589965820312e-01 -3.890422752752000335e+00
2.170547693967819214e-01 9.700893163681030273e-01 1.086925119161605835e-01 4.032460030608538970e-01
0.000000000000000000e+00 0.000000000000000000e+00 0.000000000000000000e+00 1.000000000000000000e+00
9.817330241203308105e-01 3.764327242970466614e-02 1.865014731884002686e-01 3.125562241036778516e-02
1.810820102691650391e-01 1.159513071179389954e-01 -9.766085743904113770e-01 -3.897850000532834258e+00
-5.838783830404281616e-02 9.925413131713867188e-01 1.070167273283004761e-01 6.581687810028330476e-01
0.000000000000000000e+00 0.000000000000000000e+00 0.000000000000000000e+00 1.000000000000000000e+00
9.895185232162475586e-01 -1.925217546522617340e-02 1.431161910295486450e-01 -1.286522885311726094e-01
1.441244632005691528e-01 6.988339126110076904e-02 -9.870889186859130859e-01 -3.913778580843426891e+00
9.002197533845901489e-03 9.973693490028381348e-01 7.192560285329818726e-02 4.433678597611764860e-01
0.000000000000000000e+00 0.000000000000000000e+00 0.000000000000000000e+00 1.000000000000000000e+00
9.598354697227478027e-01 -2.724863290786743164e-01 6.683700531721115112e-02 -3.838746429629659729e-01
5.110834538936614990e-02 -6.442537158727645874e-02 -9.966127872467041016e-01 -3.865665030349316300e+00
2.758695483207702637e-01 9.600002765655517578e-01 -4.791142791509628296e-02 -2.034597381829538199e-01
0.000000000000000000e+00 0.000000000000000000e+00 0.000000000000000000e+00 1.000000000000000000e+00
8.293909430503845215e-01 -5.533502697944641113e-01 7.690310478210449219e-02 -2.453834403053350433e-01
-3.929244726896286011e-02 -1.950910091400146484e-01 -9.799976944923400879e-01 -3.715184240345613453e+00
5.572851896286010742e-01 8.097792863845825195e-01 -1.835493147373199463e-01 -8.970495770136939218e-01
0.000000000000000000e+00 0.000000000000000000e+00 0.000000000000000000e+00 1.000000000000000000e+00
7.787012457847595215e-01 -6.233823895454406738e-01 7.084677368402481079e-02 -1.846269238895468234e-01
-1.663758009672164917e-01 -3.140580952167510986e-01 -9.347116947174072266e-01 -3.422351372324452523e+00
6.049333810806274414e-01 7.160741090774536133e-01 -3.482731878757476807e-01 -1.546198599220413028e+00
0.000000000000000000e+00 0.000000000000000000e+00 0.000000000000000000e+00 1.000000000000000000e+00
9.491977095603942871e-01 -1.651184409856796265e-01 -2.678791880607604980e-01 -1.493702353976886332e+00
-3.125767409801483154e-01 -3.964802324771881104e-01 -8.631913065910339355e-01 -3.017458649564233930e+00
3.632008656859397888e-02 9.030721783638000488e-01 -4.279503524303436279e-01 -1.528560824677617891e+00
0.000000000000000000e+00 0.000000000000000000e+00 0.000000000000000000e+00 1.000000000000000000e+00
8.907341361045837402e-01 -3.392558395862579346e-01 -3.024881184101104736e-01 -1.522411887869957292e+00
-4.433346688747406006e-01 -5.017036199569702148e-01 -7.427974939346313477e-01 -2.451569550666465425e+00
1.002389788627624512e-01 7.957381010055541992e-01 -5.972882509231567383e-01 -2.172710923408697425e+00
0.000000000000000000e+00 0.000000000000000000e+00 0.000000000000000000e+00 1.000000000000000000e+00
8.135825395584106445e-01 -4.835982918739318848e-01 -3.228248953819274902e-01 -1.481209569473387999e+00
-5.740715861320495605e-01 -5.799162983894348145e-01 -5.780477523803710938e-01 -1.747515442892826343e+00
9.233164042234420776e-02 6.556140184402465820e-01 -7.494297623634338379e-01 -2.683811703815508487e+00
0.000000000000000000e+00 0.000000000000000000e+00 0.000000000000000000e+00 1.000000000000000000e+00
7.366396784782409668e-01 -5.763386487960815430e-01 -3.538300096988677979e-01 -1.471908016229692029e+00
-6.757060885429382324e-01 -6.055850386619567871e-01 -4.203420579433441162e-01 -1.107902714531220800e+00
2.798541821539402008e-02 5.487259626388549805e-01 -8.355338573455810547e-01 -2.931655380830445523e+00
0.000000000000000000e+00 0.000000000000000000e+00 0.000000000000000000e+00 1.000000000000000000e+00
6.619449257850646973e-01 -6.978814005851745605e-01 -2.734794020652770996e-01 -1.050374218558102202e+00
-7.492054700851440430e-01 -6.049287319183349609e-01 -2.697248756885528564e-01 -5.256454568324655519e-01
2.280048653483390808e-02 3.834353387355804443e-01 -9.232861995697021484e-01 -3.191989601799821497e+00
0.000000000000000000e+00 0.000000000000000000e+00 0.000000000000000000e+00 1.000000000000000000e+00
6.855018138885498047e-01 -6.887930631637573242e-01 -2.359043657779693604e-01 -9.245229226109339393e-01
-7.277708053588867188e-01 -6.575543284416198730e-01 -1.948627382516860962e-01 -2.236595796614756493e-01
-2.089977450668811798e-02 3.052631318569183350e-01 -9.520387649536132812e-01 -3.234540041330229876e+00
0.000000000000000000e+00 0.000000000000000000e+00 0.000000000000000000e+00 1.000000000000000000e+00
6.850484609603881836e-01 -6.887013912200927734e-01 -2.374854981899261475e-01 -9.286307107858167154e-01
-7.159969806671142578e-01 -6.966447234153747559e-01 -4.510809108614921570e-02 3.119333103658166184e-01
-1.343768686056137085e-01 2.009400278329849243e-01 -9.703431129455566406e-01 -3.180565214497636184e+00
0.000000000000000000e+00 0.000000000000000000e+00 0.000000000000000000e+00 1.000000000000000000e+00
6.686510443687438965e-01 -7.111161947250366211e-01 -2.173005491495132446e-01 -8.377430105552473583e-01
-7.236881852149963379e-01 -6.894954442977905273e-01 2.952682599425315857e-02 5.472471907302985938e-01
-1.708246320486068726e-01 1.375146508216857910e-01 -9.756581187248229980e-01 -3.140554868200483352e+00
0.000000000000000000e+00 0.000000000000000000e+00 0.000000000000000000e+00 1.000000000000000000e+00
6.536388993263244629e-01 -7.324319481849670410e-01 -1.905246526002883911e-01 -7.245604683876767371e-01
-7.313336133956909180e-01 -6.760605573654174805e-01 8.996301144361495972e-02 7.282816157651191835e-01
-1.946979016065597534e-01 8.053372055292129517e-02 -9.775517582893371582e-01 -3.098839636419318477e+00
0.000000000000000000e+00 0.000000000000000000e+00 0.000000000000000000e+00 1.000000000000000000e+00
5.679625868797302246e-01 -7.964494824409484863e-01 -2.075725346803665161e-01 -6.937687750190350000e-01
-7.607241272926330566e-01 -6.042559742927551270e-01 2.370089590549468994e-01 1.217300147870647775e+00
-3.141926527023315430e-01 2.329330518841743469e-02 -9.490734338760375977e-01 -2.927596540035006800e+00
0.000000000000000000e+00 0.000000000000000000e+00 0.000000000000000000e+00 1.000000000000000000e+00
5.638532042503356934e-01 -7.978923320770263672e-01 -2.131602615118026733e-01 -7.012915477472521086e-01
-6.759655475616455078e-01 -5.941553115844726562e-01 4.359471499919891357e-01 1.854468609558753478e+00
-4.744892120361328125e-01 -1.017211526632308960e-01 -8.743641972541809082e-01 -2.549085765395357583e+00
0.000000000000000000e+00 0.000000000000000000e+00 0.000000000000000000e+00 1.000000000000000000e+00
5.764174461364746094e-01 -7.866087555885314941e-01 -2.213354557752609253e-01 -7.497002044049290159e-01
-6.080817580223083496e-01 -5.938438177108764648e-01 5.268642902374267578e-01 2.132702749310833479e+00
-5.458747744560241699e-01 -1.691036373376846313e-01 -8.206245303153991699e-01 -2.301121271081159936e+00
0.000000000000000000e+00 0.000000000000000000e+00 0.000000000000000000e+00 1.000000000000000000e+00
6.323746442794799805e-01 -7.432576417922973633e-01 -2.183350324630737305e-01 -7.923784414066676884e-01
-4.985376298427581787e-01 -6.061935424804687500e-01 6.196688413619995117e-01 2.393860113534520107e+00
-5.929269790649414062e-01 -2.830145657062530518e-01 -7.538834810256958008e-01 -1.991732469012871265e+00
0.000000000000000000e+00 0.000000000000000000e+00 0.000000000000000000e+00 1.000000000000000000e+00
7.169919013977050781e-01 -6.734482049942016602e-01 -1.799723654985427856e-01 -7.355588066687865911e-01
