0.7943115830421448 0.6074631214141846 -0.007584213744848967 -0.0253665167838335 
-0.5996940135955811 0.7820343971252441 -0.1696737408638 0.08247198164463043 
-0.09713946282863617 0.1393220126628876 0.9854711294174194 -0.2895757257938385 
0 0 0 1 

0.7233998775482178 0.6895272135734558 -0.03527893498539925 -0.01153529994189739 
-0.6848930716514587 0.7102043032646179 -0.1628835797309875 0.08340494334697723 
-0.08725745230913162 0.1419922411441803 0.9860143661499023 -0.290499746799469 
0 0 0 1 

0.6478924751281738 0.760857880115509 -0.03647308796644211 -0.006141542457044125 
-0.7572888731956482 0.6382111310958862 -0.1385630369186401 0.07853361964225769 
-0.08214931190013885 0.1173945963382721 0.9896817803382874 -0.2933692634105682 
0 0 0 1 

0.4580944180488586 0.8575756549835205 -0.2339087873697281 0.06563083082437515 
-0.8880246877670288 0.4298146665096283 -0.1633138209581375 0.08643783628940582 
-0.03951658681035042 0.2825299203395844 0.9584441781044006 -0.274668961763382 
0 0 0 1 

0.5337231159210205 0.8190881609916687 -0.2103186547756195 0.05293609201908112 
-0.8412474989891052 0.488885760307312 -0.2308528423309326 0.1048597916960716 
-0.08626711368560791 0.3001415729522705 0.9499858021736145 -0.2683263421058655 
0 0 0 1 

0.5940161943435669 0.7771382927894592 -0.2078476250171661 0.04784924909472466 
-0.7955976128578186 0.5292990803718567 -0.2947315573692322 0.1204494163393974 
-0.11903365701437 0.3404384255409241 0.9327018260955811 -0.2597254514694214 
0 0 0 1 

0.6752504706382751 0.7151806354522705 -0.180425688624382 0.03361230343580246 
-0.7199536561965942 0.5859126448631287 -0.3719850778579712 0.13653664290905 
-0.1603228896856308 0.381081223487854 0.9105347990989685 -0.2490912079811096 
0 0 0 1 

0.7382481694221497 0.653788149356842 -0.1659836918115616 0.02590018697082996 
-0.647787868976593 0.6185808777809143 -0.4446665942668915 0.1510362923145294 
-0.1880434602499008 0.4357965290546417 0.8801823854446411 -0.2351533621549606 
0 0 0 1 

0.7663808465003967 0.6255814433097839 -0.1459725052118301 0.01761356368660927 
-0.5943818688392639 0.6043689250946045 -0.5305166840553284 0.1703649908304214 
-0.2436603754758835 0.4933411777019501 0.8350113034248352 -0.2146090865135193 
0 0 0 1 

0.7794467806816101 0.6080912947654724 -0.1506240218877792 0.01804815232753754 
-0.5716103315353394 0.591938853263855 -0.5682162642478943 0.1793181747198105 
-0.2563673257827759 0.528992772102356 0.8089763522148132 -0.2041631788015366 
0 0 0 1 

