-0.8420039415359497 -0.5392535328865051 0.0153381722047925 0.03671127930283546 
-0.5341338515281677 0.8293458819389343 -0.1639709323644638 0.08079861104488373 
0.07570124417543411 -0.1462567746639252 -0.9863458871841431 0.3046357333660126 
0 0 0 1 

-0.8830184936523438 -0.4677393734455109 -0.03870892152190208 0.05453509837388992 
-0.4636771380901337 0.8821666240692139 -0.08237441629171371 0.05488163605332375 
0.07267747819423676 -0.05478968471288681 -0.9958493709564209 0.308017909526825 
0 0 0 1 

-0.9229806065559387 -0.3824732899665833 -0.04267020523548126 0.05679657682776451 
-0.379823237657547 0.9231728911399841 -0.05904383957386017 0.04680798575282097 
0.0619746670126915 -0.03828918933868408 -0.9973428845405579 0.3082131445407867 
0 0 0 1 

-0.9590038657188416 -0.2821373641490936 -0.02664951235055923 0.05348933488130569 
-0.2796884477138519 0.9574285745620728 -0.07144854962825775 0.04960125684738159 
0.04567330330610275 -0.06106587126851082 -0.9970881342887878 0.3078399896621704 
0 0 0 1 

-0.9818313121795654 -0.189461812376976 -0.01055303867906332 0.05016695335507393 
-0.1878985911607742 0.9784799814224243 -0.08527029305696487 0.05204806476831436 
0.02648139931261539 -0.08173814415931702 -0.9963018894195557 0.3078233599662781 
0 0 0 1 

-0.9950308799743652 -0.0975354015827179 -0.02001285180449486 0.05545093864202499 
-0.09619005024433136 0.9935674667358398 -0.05975848808884621 0.0384640209376812 
0.02571268565952778 -0.05753650143742561 -0.9980121254920959 0.3091239333152771 
0 0 0 1 

-0.9999715685844421 -0.005849376786500216 0.00469725439324975 0.04794497787952423 
-0.005954086780548096 0.9997269511222839 -0.02259577624499798 0.01623115874826908 
-0.004563800059258938 -0.02262310869991779 -0.9997333884239197 0.3128909766674042 
0 0 0 1 

-0.9039183259010315 -0.3986237943172455 -0.1550175696611404 0.09419720619916916 
-0.4002678394317627 0.9161379933357239 -0.02183572575449944 0.0313379317522049 
0.1507217139005661 0.04231083765625954 -0.9876701235771179 0.3089380860328674 
0 0 0 1 

-0.8785512447357178 -0.4211291372776031 -0.2253833413124084 0.1165973171591759 
-0.4381882548332214 0.8984021544456482 0.02940579503774643 0.01917020231485367 
0.190101221203804 0.1245948299765587 -0.9738261699676514 0.3039277493953705 
0 0 0 1 

-0.8712818622589111 -0.3975434303283691 -0.2877960503101349 0.1370156705379486 
-0.4283777177333832 0.9021775722503662 0.05067162215709686 0.01205343008041382 
0.2394989728927612 0.1674347072839737 -0.9563499689102173 0.2966515123844147 
0 0 0 1 

