0.9378652572631836 0.3439527153968811 0.04588266462087631 -0.05083947256207466 
-0.3365011811256409 0.9337833523750305 -0.1217179000377655 0.05646022409200668 
-0.08470975607633591 0.0987153947353363 0.9915034770965576 -0.2895452082157135 
0 0 0 1 

0.8918951749801636 0.4513899981975555 0.02775658667087555 -0.04227343201637268 
-0.443854033946991 0.8854677677154541 -0.1376243382692337 0.06565674394369125 
-0.08669984340667725 0.1104265376925468 0.9900956153869629 -0.2901029288768768 
0 0 0 1 

0.844285249710083 0.5357401967048645 0.01282922457903624 -0.03470807895064354 
-0.5268115997314453 0.8341274261474609 -0.1634035110473633 0.07767682522535324 
-0.0982431024312973 0.1312005668878555 0.986475944519043 -0.2890691161155701 
0 0 0 1 

0.7949537634849548 0.6066241860389709 -0.007445431314408779 -0.02552875317633152 
-0.5989705920219421 0.782856822013855 -0.1684316843748093 0.08254486322402954 
-0.09634605795145035 0.1383549720048904 0.9856852293014526 -0.2898443043231964 
0 0 0 1 

0.7235381603240967 0.6890497207641602 -0.04126481711864471 -0.00986096914857626 
-0.6852298974990845 0.7097349166870117 -0.1635118275880814 0.08407220244407654 
-0.08338074386119843 0.1465829312801361 0.98567795753479 -0.2907139956951141 
0 0 0 1 

0.6473731398582458 0.7613920569419861 -0.0344964861869812 -0.006667530629783869 
-0.7577268481254578 0.6380553841590881 -0.1368759721517563 0.07838498055934906 
-0.08220565319061279 0.1147486940026283 0.9899871945381165 -0.2936100363731384 
0 0 0 1 

0.5498991012573242 0.8341192007064819 -0.0430794283747673 0.001850854721851647 
-0.8333994746208191 0.544549286365509 -0.09439949691295624 0.06674184650182724 
-0.05528157576918602 0.08781258761882782 0.994601845741272 -0.2984229326248169 
0 0 0 1 

0.6767792105674744 0.7137579321861267 -0.1803316473960876 0.03345368430018425 
-0.7185941338539124 0.5872519612312317 -0.3725014925003052 0.1371372938156128 
-0.1599758267402649 0.3816865086555481 0.9103423357009888 -0.2490295618772507 
0 0 0 1 

0.87755286693573 0.4783686399459839 -0.03262367844581604 -0.02820175141096115 
-0.4515821635723114 0.8017088770866394 -0.3915817737579346 0.1355267614126205 
-0.1611658334732056 0.3583659529685974 0.9195647835731506 -0.2373285740613937 
0 0 0 1 

0.8780054450035095 0.4780209958553314 -0.02452483214437962 -0.02935147844254971 
-0.4580725133419037 0.8242943286895752 -0.3327279090881348 0.1199757009744644 
-0.1388354301452637 0.3033711612224579 0.9427037239074707 -0.2446891963481903 
0 0 0 1 

