0.9103837013244629 0.4133870601654053 0.01767739281058311 -0.03911733627319336 
-0.3321187496185303 0.7045943737030029 0.6270913481712341 -0.1745254397392273 
0.246776208281517 -0.576764702796936 0.7787449359893799 -0.2167747765779495 
0 0 0 1 

0.9169551730155945 0.3978304862976074 0.03039785474538803 -0.04510440677404404 
-0.2943695783615112 0.6231222748756409 0.7246137261390686 -0.2056363373994827 
0.2693319022655487 -0.6733865141868591 0.6884844303131104 -0.1919962167739868 
0 0 0 1 

0.926664412021637 0.372208446264267 0.05247724056243896 -0.05325404182076454 
-0.2651027739048004 0.5481722950935364 0.7932386994361877 -0.2282897531986237 
0.2664836049079895 -0.7489778995513916 0.6066452264785767 -0.1671831011772156 
0 0 0 1 

0.9336696267127991 0.3548542857170105 0.04836775362491608 -0.05396611243486404 
-0.2244545519351959 0.4745593369007111 0.8511248230934143 -0.2481058388948441 
0.2790719568729401 -0.8055257797241211 0.52273029088974 -0.1435333043336868 
0 0 0 1 

0.943515419960022 0.3272740244865417 0.05167586356401443 -0.0577198825776577 
-0.1900321543216705 0.4067640900611877 0.8935495615005493 -0.2622815668582916 
0.2714156806468964 -0.8528977632522583 0.4459807574748993 -0.1220128238201141 
0 0 0 1 

0.9559280276298523 0.2893532514572144 0.04976138100028038 -0.06038938090205193 
-0.1512887328863144 0.3401981294155121 0.9281038641929626 -0.2758754789829254 
0.2516211569309235 -0.8947288393974304 0.3689808547496796 -0.0983312800526619 
0 0 0 1 

0.9818413257598877 0.04699647426605225 -0.1837904006242752 0.005584235768765211 
0.1581697314977646 0.3320947587490082 0.9298898577690125 -0.3181487619876862 
0.104737363755703 -0.9420743584632874 0.3186309635639191 -0.07946408540010452 
0 0 0 1 

0.9840728044509888 0.132075309753418 -0.1189826652407646 -0.01834785379469395 
0.06230363994836807 0.37061607837677 0.9266940951347351 -0.3119453489780426 
0.16649030148983 -0.9193474650382996 0.356484442949295 -0.09965559840202332 
0 0 0 1 

0.9765728116035461 0.2147219032049179 -0.01414023898541927 -0.05395354703068733 
-0.05322030931711197 0.3046752512454987 0.9509680867195129 -0.3130609393119812 
0.2085019052028656 -0.9279370903968811 0.3089651465415955 -0.08824826776981354 
0 0 0 1 

0.9632668495178223 0.2685447931289673 0.0009927826467901468 -0.0591859482228756 
-0.08300378173589706 0.294213742017746 0.9521282911300659 -0.3125139474868774 
0.2553971409797668 -0.917235791683197 0.305696427822113 -0.0911061018705368 
0 0 0 1 

