1.000000000000000000e+00 0.000000000000000000e+00 0.000000000000000000e+00 -4.097584310382009209e-01
0.000000000000000000e+00 -1.000000000000000000e+00 0.000000000000000000e+00 -1.932597221741734483e-02
0.000000000000000000e+00 0.000000000000000000e+00 -1.000000000000000000e+00 -2.664692399556274349e+00
0.000000000000000000e+00 0.000000000000000000e+00 0.000000000000000000e+00 1.000000000000000000e+00
9.959656000137329102e-01 -8.476214855909347534e-02 -2.946254238486289978e-02 -4.761857400769068382e-01
-8.415146917104721069e-02 -9.962234497070312500e-01 2.138513885438442230e-02 7.651348291399247270e-02
-3.116391226649284363e-02 -1.881955564022064209e-02 -9.993370175361633301e-01 -2.710188880000437894e+00
0.000000000000000000e+00 0.000000000000000000e+00 0.000000000000000000e+00 1.000000000000000000e+00
9.848701357841491699e-01 -1.647744178771972656e-01 -5.366571247577667236e-02 -5.259831635968167385e-01
-1.620142757892608643e-01 -9.854021668434143066e-01 5.228678509593009949e-02 2.102122712736663734e-01
-6.149785593152046204e-02 -4.280105233192443848e-02 -9.971891045570373535e-01 -2.700409556701142577e+00
0.000000000000000000e+00 0.000000000000000000e+00 0.000000000000000000e+00 1.000000000000000000e+00
9.643675088882446289e-01 -2.582861483097076416e-01 -5.730294436216354370e-02 -5.155193359561189848e-01
-2.533343136310577393e-01 -9.639452099800109863e-01 8.143166452646255493e-02 3.394872024119353626e-01
-7.626961916685104370e-02 -6.401320546865463257e-02 -9.950303435325622559e-01 -2.694479324279440036e+00
0.000000000000000000e+00 0.000000000000000000e+00 0.000000000000000000e+00 1.000000000000000000e+00
9.364796876907348633e-01 -3.440475165843963623e-01 -6.809537112712860107e-02 -5.201923499983918120e-01
-3.340421617031097412e-01 -9.341330528259277344e-01 1.257424652576446533e-01 5.081028176451968248e-01
-1.068715676665306091e-01 -9.500850737094879150e-02 -9.897232651710510254e-01 -2.669276871263229545e+00
0.000000000000000000e+00 0.000000000000000000e+00 0.000000000000000000e+00 1.000000000000000000e+00
8.899161815643310547e-01 -4.532876014709472656e-01 -5.078684166073799133e-02 -4.387324357150989007e-01
-4.430760741233825684e-01 -8.855253458023071289e-01 1.397439837455749512e-01 5.877230036313166872e-01
-1.083172857761383057e-01 -1.018579974770545959e-01 -9.888843894004821777e-01 -2.677872410788427970e+00
0.000000000000000000e+00 0.000000000000000000e+00 0.000000000000000000e+00 1.000000000000000000e+00
8.439494967460632324e-01 -5.352024435997009277e-01 -3.614529967308044434e-02 -3.720379819989344528e-01
-5.231059789657592773e-01 -8.360497355461120605e-01 1.654699295759201050e-01 6.968713168564225624e-01
-1.187793090939521790e-01 -1.207405030727386475e-01 -9.855527877807617188e-01 -2.667003675288635911e+00
0.000000000000000000e+00 0.000000000000000000e+00 0.000000000000000000e+00 1.000000000000000000e+00
7.878982424736022949e-01 -6.156907081604003906e-01 -1.187369879335165024e-02 -2.740163739369791962e-01
-6.050164699554443359e-01 -7.775439620018005371e-01 1.714066267013549805e-01 7.500761198608278946e-01
-1.147658377885818481e-01 -1.278671473264694214e-01 -9.851287007331848145e-01 -2.676844257328688137e+00
0.000000000000000000e+00 0.000000000000000000e+00 0.000000000000000000e+00 1.000000000000000000e+00
7.162632942199707031e-01 -6.977692842483520508e-01 9.207939729094505310e-03 -1.655663448206931287e-01
-6.893243789672851562e-01 -7.054173946380615234e-01 1.649775505065917969e-01 7.560666452323302478e-01
-1.086208894848823547e-01 -1.245145946741104126e-01 -9.862543344497680664e-01 -2.687805432820163709e+00
0.000000000000000000e+00 0.000000000000000000e+00 0.000000000000000000e+00 1.000000000000000000e+00
6.420198082923889160e-01 -7.666184306144714355e-01 1.032143738120794296e-02 -1.138569138981725959e-01
-7.598665952682495117e-01 -6.344581246376037598e-01 1.416526585817337036e-01 7.157968874821171168e-01
-1.020450517535209656e-01 -9.878671914339065552e-02 -9.898626208305358887e-01 -2.714432565469395264e+00
0.000000000000000000e+00 0.000000000000000000e+00 0.000000000000000000e+00 1.000000000000000000e+00
5.464881658554077148e-01 -8.370354771614074707e-01 2.687346935272216797e-02 -1.105856196465736414e-02
-8.344148993492126465e-01 -5.414792895317077637e-01 1.027218624949455261e-01 6.153727709348141284e-01
-7.143042236566543579e-02 -7.855989784002304077e-02 -9.943470358848571777e-01 -2.760936227912498264e+00
0.000000000000000000e+00 0.000000000000000000e+00 0.000000000000000000e+00 1.000000000000000000e+00
4.528544247150421143e-01 -8.897168636322021484e-01 5.767724663019180298e-02 1.369660257190504771e-01
-8.913370370864868164e-01 -4.502566754817962646e-01 5.279298871755599976e-02 4.818280607254574743e-01
-2.100125513970851898e-02 -7.531740516424179077e-02 -9.969384074211120605e-01 -2.806891045151247432e+00
0.000000000000000000e+00 0.000000000000000000e+00 0.000000000000000000e+00 1.000000000000000000e+00
3.534319400787353516e-01 -9.320781230926513672e-01 7.947453856468200684e-02 2.409417609057826482e-01
-9.353680610656738281e-01 -3.533118963241577148e-01 1.603855192661285400e-02 3.514402797096955466e-01
1.313011534512042999e-02 -8.000648766756057739e-02 -9.967078566551208496e-01 -2.822838737328432934e+00
0.000000000000000000e+00 0.000000000000000000e+00 0.000000000000000000e+00 1.000000000000000000e+00
2.735255062580108643e-01 -9.565296769142150879e-01 1.011664643883705139e-01 3.248106165320535088e-01
-9.594544768333435059e-01 -2.787678837776184082e-01 -4.165897145867347717e-02 1.461706556098806842e-01
6.805000454187393188e-02 -8.566983044147491455e-02 -9.939969182014465332e-01 -2.818892791414778554e+00
0.000000000000000000e+00 0.000000000000000000e+00 0.000000000000000000e+00 1.000000000000000000e+00
1.938063502311706543e-01 -9.724696278572082520e-01 1.293900907039642334e-01 4.255774853918039557e-01
-9.732099771499633789e-01 -2.072101086378097534e-01 -9.963092207908630371e-02 -5.545421354078704235e-02
1.236989796161651611e-01 -1.066146269440650940e-01 -9.865758419036865234e-01 -2.806334197678956865e+00
0.000000000000000000e+00 0.000000000000000000e+00 0.000000000000000000e+00 1.000000000000000000e+00
1.134132072329521179e-01 -9.856610298156738281e-01 1.249374747276306152e-01 4.283502367393646759e-01
-9.722707271575927734e-01 -1.359879374504089355e-01 -1.902529597282409668e-01 -3.409341887312760666e-01
2.045149654150009155e-01 -9.989583492279052734e-02 -9.737526178359985352e-01 -2.783384521057087557e+00
0.000000000000000000e+00 0.000000000000000000e+00 0.000000000000000000e+00 1.000000000000000000e+00
1.946074813604354858e-01 -9.740665555000305176e-01 1.154256761074066162e-01 3.927026165434642224e-01
-9.540593028068542480e-01 -2.153014540672302246e-01 -2.083666622638702393e-01 -3.880767218930216700e-01
2.278141528367996216e-01 -6.957322359085083008e-02 -9.712154269218444824e-01 -2.756732001902677087e+00
0.000000000000000000e+00 0.000000000000000000e+00 0.000000000000000000e+00 1.000000000000000000e+00
2.735115289688110352e-01 -9.548966288566589355e-01 1.156015992164611816e-01 3.733215375109888434e-01
-9.396798610687255859e-01 -2.909309267997741699e-01 -1.798911541700363159e-01 -2.873546588352104414e-01
2.054095417261123657e-01 -5.942621827125549316e-02 -9.768701791763305664e-01 -2.750054247279569708e+00
0.000000000000000000e+00 0.000000000000000000e+00 0.000000000000000000e+00 1.000000000000000000e+00
3.295879364013671875e-01 -9.364119768142700195e-01 1.204336360096931458e-01 3.658907418810026235e-01
-9.338269829750061035e-01 -3.421189486980438232e-01 -1.045069098472595215e-01 -4.150613980310637052e-02
1.390641629695892334e-01 -7.801996916532516479e-02 -9.872051477432250977e-01 -2.745109121634912164e+00
0.000000000000000000e+00 0.000000000000000000e+00 0.000000000000000000e+00 1.000000000000000000e+00
3.614925742149353027e-01 -9.197388291358947754e-01 1.529819369316101074e-01 4.527334575755471713e-01
-9.301630854606628418e-01 -3.670425415039062500e-01 -8.734389208257198334e-03 2.696929736313626869e-01
6.418421864509582520e-02 -1.391407400369644165e-01 -9.881904125213623047e-01 -2.710622382170392530e+00
0.000000000000000000e+00 0.000000000000000000e+00 0.000000000000000000e+00 1.000000000000000000e+00
3.983446061611175537e-01 -9.019411802291870117e-01 1.668037027120590210e-01 4.736297591433453191e-01
-9.171990156173706055e-01 -3.933124542236328125e-01 6.364755332469940186e-02 5.018673607882673249e-01
8.199595846235752106e-03 -1.783458739519119263e-01 -9.839336872100830078e-01 -2.666070721223316564e+00
0.000000000000000000e+00 0.000000000000000000e+00 0.000000000000000000e+00 1.000000000000000000e+00
4.517932832241058350e-01 -8.714348673820495605e-01 1.910078078508377075e-01 5.120792423856800335e-01
-8.904761672019958496e-01 -4.275004863739013672e-01 1.558696031570434570e-01 7.609835559840038011e-01
-5.417429655790328979e-02 -2.405087649822235107e-01 -9.691339731216430664e-01 -2.576377990904580528e+00
0.000000000000000000e+00 0.000000000000000000e+00 0.000000000000000000e+00 1.000000000000000000e+00
5.230641365051269531e-01 -8.327912688255310059e-01 1.812802255153656006e-01 4.334887965158734091e-01
-8.456899523735046387e-01 -4.807103872299194336e-01 2.317885309457778931e-01 9.532864016981529298e-01
-1.058882102370262146e-01 -2.745471298694610596e-01 -9.557256698608398438e-01 -2.499173489551876681e+00
0.000000000000000000e+00 0.000000000000000000e+00 0.000000000000000000e+00 1.000000000000000000e+00
5.915903449058532715e-01 -7.864931225776672363e-01 1.773395538330078125e-01 3.819382554521925099e-01
-7.939886450767517090e-01 -5.301356315612792969e-01 2.975535690784454346e-01 1.104964630470133713e+00
-1.400098502635955811e-01 -3.168354332447052002e-01 -9.380898475646972656e-01 -2.416599466413591912e+00
0.000000000000000000e+00 0.000000000000000000e+00 0.000000000000000000e+00 1.000000000000000000e+00
6.653413772583007812e-01 -7.316904067993164062e-01 1.481542885303497314e-01 2.468723382528275612e-01
-7.237074375152587891e-01 -5.834593176841735840e-01 3.685410320758819580e-01 1.239035248348594465e+00
-1.832160949707031250e-01 -3.524259626865386963e-01 -9.177296757698059082e-01 -2.320478707419430187e+00
0.000000000000000000e+00 0.000000000000000000e+00 0.000000000000000000e+00 1.000000000000000000e+00
7.353285551071166992e-01 -6.650024652481079102e-01 1.306281834840774536e-01 1.666611571855489415e-01
-6.422469615936279297e-01 -6.222481131553649902e-01 4.475780725479125977e-01 1.388961877248309440e+00
-2.163574248552322388e-01 -4.130124449729919434e-01 -8.846527934074401855e-01 -2.182130118493007309e+00
0.000000000000000000e+00 0.000000000000000000e+00 0.000000000000000000e+00 1.000000000000000000e+00
7.486035823822021484e-01 -6.520217657089233398e-01 1.202481985092163086e-01 1.203428576212918766e-01
-6.039171814918518066e-01 -5.957145690917968750e-01 5.295348167419433594e-01 1.560720624661481537e+00
-2.736346125602722168e-01 -4.690316021442413330e-01 -8.397217392921447754e-01 -1.989878528684694503e+00
0.000000000000000000e+00 0.000000000000000000e+00 0.000000000000000000e+00 1.000000000000000000e+00
7.819631695747375488e-01 -6.100097894668579102e-01 1.281466335058212280e-01 1.163776734966815440e-01
-5.354208350181579590e-01 -5.520766377449035645e-01 6.391679048538208008e-01 1.822191142272273856e+00
-3.191519677639007568e-01 -5.684182047843933105e-01 -7.583155632019042969e-01 -1.716199999455793934e+00
0.000000000000000000e+00 0.000000000000000000e+00 0.000000000000000000e+00 1.000000000000000000e+00
8.013119697570800781e-01 -5.852041244506835938e-01 1.242412030696868896e-01 9.034348475679172819e-02
-4.830600619316101074e-01 -5.104076862335205078e-01 7.114332318305969238e-01 1.998872526197798427e+00
-3.529195487499237061e-01 -6.300955414772033691e-01 -6.916847825050354004e-01 -1.494317943059493503e+00
0.000000000000000000e+00 0.000000000000000000e+00 0.000000000000000000e+00 1.000000000000000000e+00
8.274728655815124512e-01 -5.483421683311462402e-01 1.208680346608161926e-01 5.493026720025069587e-02
-4.184861183166503906e-01 -4.587328732013702393e-01 7.838582992553710938e-01 2.171916879346055484e+00
-3.743763267993927002e-01 -6.992028951644897461e-01 -6.090626120567321777e-01 -1.276484896269067804e+00
0.000000000000000000e+00 0.000000000000000000e+00 0.000000000000000000e+00 1.000000000000000000e+00
8.561417460441589355e-01 -5.106546878814697266e-01 7.907469570636749268e-02 -7.171942853614132751e-02
-3.294903635978698730e-01 -4.215915203094482422e-01 8.448053002357482910e-01 2.307674803013013864e+00
-3.980667889118194580e-01 -7.493276000022888184e-01 -5.291979312896728516e-01 -1.077873641988134512e+00
0.000000000000000000e+00 0.000000000000000000e+00 0.000000000000000000e+00 1.000000000000000000e+00
8.746281862258911133e-01 -4.820516705513000488e-01 5.149734020233154297e-02 -1.522653165322628566e-01
-2.269611805677413940e-01 -3.132834434509277344e-01 9.221397638320922852e-01 2.443793380617675037e+00
-4.283858239650726318e-01 -8.182170391082763672e-01 -3.834135532379150391e-01 -7.081113987468139470e-01
0.000000000000000000e+00 0.000000000000000000e+00 0.000000000000000000e+00 1.000000000000000000e+00
8.505152463912963867e-01 -5.253537893295288086e-01 2.504229731857776642e-02 -2.558035397919384835e-01
-1.112627834081649780e-01 -1.331833600997924805e-01 9.848262071609497070e-01 2.595091432677590237e+00
-5.140471458435058594e-01 -8.403964638710021973e-01 -1.717267632484436035e-01 -1.342419298085647250e-01
0.000000000000000000e+00 0.000000000000000000e+00 0.000000000000000000e+00 1.000000000000000000e+00
8.453099131584167480e-01 -5.329219102859497070e-01 3.802098333835601807e-02 -1.996900676089168603e-01
-1.082567945122718811e-01 -1.011578440666198730e-01 9.889625906944274902e-01 2.596053360471646254e+00
-5.231938958168029785e-01 -8.400958180427551270e-01 -1.432021409273147583e-01 -1.228281605294492124e-01
0.000000000000000000e+00 0.000000000000000000e+00 0.000000000000000000e+00 1.000000000000000000e+00
8.071526288986206055e-01 -5.898068547248840332e-01 2.516224607825279236e-02 -1.939725333994216927e-01
-1.072156056761741638e-01 -1.045441925525665283e-01 9.887239336967468262e-01 2.596810816522903576e+00
-5.805254578590393066e-01 -8.007484674453735352e-01 -1.476195901632308960e-01 -1.313180666686288300e-01
0.000000000000000000e+00 0.000000000000000000e+00 0.000000000000000000e+00 1.000000000000000000e+00
7.900741696357727051e-01 -6.105607151985168457e-01 5.475976318120956421e-02 -1.114129971255054530e-01
-2.458529025316238403e-01 -2.337685823440551758e-01 9.406957030296325684e-01 2.523842826192041588e+00
-5.615501999855041504e-01 -7.566821575164794922e-01 -3.348025679588317871e-01 -5.328076811301817317e-01
0.000000000000000000e+00 0.000000000000000000e+00 0.000000000000000000e+00 1.000000000000000000e+00
8.003745079040527344e-01 -5.947455763816833496e-01 7.535387575626373291e-02 -6.171066952241328202e-02
-3.073195815086364746e-01 -2.991161644458770752e-01 9.033734202384948730e-01 2.449862135056766199e+00
-5.147383213043212891e-01 -7.461949586868286133e-01 -4.221821129322052002e-01 -7.658438297617957691e-01
0.000000000000000000e+00 0.000000000000000000e+00 0.000000000000000000e+00 1.000000000000000000e+00
8.007797002792358398e-01 -5.928878784179687500e-01 8.506505191326141357e-02 -4.440650238704105940e-02
-3.607928752899169922e-01 -3.641093671321868896e-01 8.586345314979553223e-01 2.359735902568075527e+00
-4.781006574630737305e-01 -7.182676196098327637e-01 -5.054813623428344727e-01 -9.915416572476413171e-01
0.000000000000000000e+00 0.000000000000000000e+00 0.000000000000000000e+00 1.000000000000000000e+00
8.224635124206542969e-01 -5.644639730453491211e-01 7.023899257183074951e-02 -1.364427977617264920e-01
-4.584285318851470947e-01 -5.846754908561706543e-01 6.693264842033386230e-01 1.987180108981065230e+00
-3.367437124252319336e-01 -5.826964974403381348e-01 -7.396408915519714355e-01 -1.661240009355565039e+00
0.000000000000000000e+00 0.000000000000000000e+00 0.000000000000000000e+00 1.000000000000000000e+00
8.155004382133483887e-01 -5.775907039642333984e-01 3.671627491712570190e-02 -2.307038400351403007e-01
-4.793837368488311768e-01 -6.385740637779235840e-01 6.020079851150512695e-01 1.810211609200774507e+00
-3.242682814598083496e-01 -5.085389018058776855e-01 -7.976452112197875977e-01 -1.823527244844734385e+00
0.000000000000000000e+00 0.000000000000000000e+00 0.000000000000000000e+00 1.000000000000000000e+00
8.493087291717529297e-01 -5.264315605163574219e-01 3.929828852415084839e-02 -2.326271954815061216e-01
-4.628259539604187012e-01 -7.067486643791198730e-01 5.350691676139831543e-01 1.616262158888495559e+00
-2.539030611515045166e-01 -4.726267158985137939e-01 -8.438941240310668945e-01 -1.968864573082705016e+00
0.000000000000000000e+00 0.000000000000000000e+00 0.000000000000000000e+00 1.000000000000000000e+00
8.702027797698974609e-01 -4.926758706569671631e-01 4.229077603667974472e-03 -3.155068914579620687e-01
-4.540157914161682129e-01 -7.985256314277648926e-01 3.952548801898956299e-01 1.240044223959313019e+00
-1.913555711507797241e-01 -3.458718061447143555e-01 -9.185616970062255859e-01 -2.183927731405909345e+00
0.000000000000000000e+00 0.000000000000000000e+00 0.000000000000000000e+00 1.000000000000000000e+00
8.750233650207519531e-01 -4.840784370899200439e-01 1.469820737838745117e-03 -3.086214917789085188e-01
-4.681490361690521240e-01 -8.454486131668090820e-01 2.570054531097412109e-01 8.888461385702320916e-01
-1.231682822108268738e-01 -2.255740910768508911e-01 -9.664087295532226562e-01 -2.333744536076698850e+00
0.000000000000000000e+00 0.000000000000000000e+00 0.000000000000000000e+00 1.000000000000000000e+00
8.775943517684936523e-01 -4.793972373008728027e-01 -2.562157111242413521e-03 -2.813546260976793056e-01
-4.787214696407318115e-01 -8.766172528266906738e-01 4.866046831011772156e-02 3.432886935923173399e-01
-2.557373419404029846e-02 -4.147758334875106812e-02 -9.988120198249816895e-01 -2.458551494042308327e+00
0.000000000000000000e+00 0.000000000000000000e+00 0.000000000000000000e+00 1.000000000000000000e+00
8.868787884712219238e-01 -4.619742035865783691e-01 -5.072368774563074112e-03 -2.737195656800998633e-01
-4.616293013095855713e-01 -8.856689929962158203e-01 -4.988516494631767273e-02 7.128582892161861029e-02
1.855323091149330139e-02 4.658363759517669678e-02 -9.987421035766601562e-01 -2.483098588908523752e+00
0.000000000000000000e+00 0.000000000000000000e+00 0.000000000000000000e+00 1.000000000000000000e+00
8.936815857887268066e-01 -4.486765861511230469e-01 -4.720465280115604401e-03 -2.696260434588266808e-01
-4.443619549274444580e-01 -8.835300803184509277e-01 -1.480433940887451172e-01 -2.101686109883090514e-01
6.225298345088958740e-02 1.344012320041656494e-01 -9.889696240425109863e-01 -2.477354064291009017e+00
0.000000000000000000e+00 0.000000000000000000e+00 0.000000000000000000e+00 1.000000000000000000e+00
8.975702524185180664e-01 -4.408212900161743164e-01 -6.617743987590074539e-03 -2.710608121581040697e-01
-4.279095232486724854e-01 -8.674709796905517578e-01 -2.537470161914825439e-01 -5.221995269757424563e-01
1.061164438724517822e-01 2.305875867605209351e-01 -9.672478437423706055e-01 -2.433546062381506836e+00
0.000000000000000000e+00 0.000000000000000000e+00 0.000000000000000000e+00 1.000000000000000000e+00
9.027619361877441406e-01 -4.301358759403228760e-01 1.788501394912600517e-03 -2.471510703390258912e-01
-3.993259668350219727e-01 -8.396299481391906738e-01 -3.681845366954803467e-01 -8.710440832780542708e-01
1.598711609840393066e-01 3.316687345504760742e-01 -9.297510981559753418e-01 -2.346367975776835646e+00
0.000000000000000000e+00 0.000000000000000000e+00 0.000000000000000000e+00 1.000000000000000000e+00
9.086717367172241211e-01 -4.174842834472656250e-01 -4.651532042771577835e-03 -2.772546020337074979e-01
-3.737496733665466309e-01 -8.084155917167663574e-01 -4.547259807586669922e-01 -1.135091676089832635e+00
1.860807985067367554e-01 4.149351119995117188e-01 -8.906190395355224609e-01 -2.255924411973410315e+00
0.000000000000000000e+00 0.000000000000000000e+00 0.000000000000000000e+00 1.000000000000000000e+00
9.195384383201599121e-01 -3.929230570793151855e-01 -7.826232351362705231e-03 -3.099810495073404004e-01
-3.322517871856689453e-01 -7.666077613830566406e-01 -5.494737625122070312e-01 -1.426899067389238995e+00
2.099012434482574463e-01 5.078620314598083496e-01 -8.354743719100952148e-01 -2.128945114203238731e+00
0.000000000000000000e+00 0.000000000000000000e+00 0.000000000000000000e+00 1.000000000000000000e+00
9.139007925987243652e-01 -4.050522148609161377e-01 -2.678564563393592834e-02 -3.752980093772836367e-01
-3.310245275497436523e-01 -7.054305672645568848e-01 -6.267300248146057129e-01 -1.644150845993153309e+00
2.349631488323211670e-01 5.816357731819152832e-01 -7.787759900093078613e-01 -2.003424436719750457e+00
0.000000000000000000e+00 0.000000000000000000e+00 0.000000000000000000e+00 1.000000000000000000e+00
9.214158654212951660e-01 -3.865408301353454590e-01 -3.974556550383567810e-02 -4.303922789131931492e-01
-2.935431897640228271e-01 -6.253919601440429688e-01 -7.229917645454406738e-01 -1.929233986733336570e+00
2.546093761920928955e-01 6.778428554534912109e-01 -6.897122859954833984e-01 -1.776218664623300691e+00
0.000000000000000000e+00 0.000000000000000000e+00 0.000000000000000000e+00 1.000000000000000000e+00
9.308624863624572754e-01 -3.599566519260406494e-01 -6.266093999147415161e-02 -5.051271148164419023e-01
-2.661665976047515869e-01 -5.505843162536621094e-01 -7.912089824676513672e-01 -2.136766459047481526e+00
2.503007352352142334e-01 7.531847953796386719e-01 -6.083264946937561035e-01 -1.545771836042317160e+00
0.000000000000000000e+00 0.000000000000000000e+00 0.000000000000000000e+00 1.000000000000000000e+00
9.404258728027343750e-01 -3.358018100261688232e-01 -5.326103791594505310e-02 -5.010194679024095876e-01
-2.189733535051345825e-01 -4.783585369586944580e-01 -8.504255414009094238e-01 -2.331078908789789406e+00
2.600965499877929688e-01 8.114249706268310547e-01 -5.233924984931945801e-01 -1.321856375769252967e+00
0.000000000000000000e+00 0.000000000000000000e+00 0.000000000000000000e+00 1.000000000000000000e+00
9.495744705200195312e-01 -3.091483712196350098e-01 -5.230202525854110718e-02 -5.267862187783001193e-01
-1.827610731124877930e-01 -4.102034270763397217e-01 -8.934939503669738770e-01 -2.461688476800523162e+00
2.547676563262939453e-01 8.579977154731750488e-01 -4.460190236568450928e-01 -1.122157985795080526e+00
0.000000000000000000e+00 0.000000000000000000e+00 0.000000000000000000e+00 1.000000000000000000e+00
9.625185132026672363e-01 -2.658238410949707031e-01 -5.381412059068679810e-02 -5.613499455791771675e-01
-1.466019451618194580e-01 -3.429979681968688965e-01 -9.278255701065063477e-01 -2.581801414770525493e+00
2.281799465417861938e-01 9.009382724761962891e-01 -3.691121041774749756e-01 -9.002021153755700444e-01
0.000000000000000000e+00 0.000000000000000000e+00 0.000000000000000000e+00 1.000000000000000000e+00
9.682561755180358887e-01 -2.382508814334869385e-01 -7.560820132493972778e-02 -6.419853158321735531e-01
-1.385007649660110474e-01 -2.595679163932800293e-01 -9.557417035102844238e-01 -2.701633997422467015e+00
2.080807983875274658e-01 9.358744025230407715e-01 -2.843261957168579102e-01 -6.194051549064912843e-01
0.000000000000000000e+00 0.000000000000000000e+00 0.000000000000000000e+00 1.000000000000000000e+00
9.786889553070068359e-01 -1.996628791093826294e-01 -4.798659682273864746e-02 -5.946952236090764510e-01
-7.846725732088088989e-02 -1.476697474718093872e-01 -9.859189987182617188e-01 -2.832059927181065362e+00
1.897652894258499146e-01 9.686734080314636230e-01 -1.601896584033966064e-01 -2.318917083517333111e-01
0.000000000000000000e+00 0.000000000000000000e+00 0.000000000000000000e+00 1.000000000000000000e+00
9.959495663642883301e-01 -8.990398794412612915e-02 -1.146856578998267651e-03 -4.821196287072359032e-01
-1.278245728462934494e-02 -1.289542615413665771e-01 -9.915680289268493652e-01 -2.865481261248898459e+00
8.899805694818496704e-02 9.875665307044982910e-01 -1.295810639858245850e-01 -1.359717390223431910e-01
0.000000000000000000e+00 0.000000000000000000e+00 0.000000000000000000e+00 1.000000000000000000e+00
9.969904422760009766e-01 -7.721268385648727417e-02 6.976229604333639145e-03 -4.716558700516066405e-01
-1.213708985596895218e-02 -2.443231642246246338e-01 -9.696180224418640137e-01 -2.815225087023991879e+00
7.657124102115631104e-02 9.666148424148559570e-01 -2.445248514413833618e-01 -4.764587801549080015e-01
0.000000000000000000e+00 0.000000000000000000e+00 0.000000000000000000e+00 1.000000000000000000e+00
9.983111619949340820e-01 -2.619405649602413177e-02 5.185023695230484009e-02 -3.345797107122002734e-01
4.198757186532020569e-02 -2.914619147777557373e-01 -9.556604623794555664e-01 -2.875665664869958782e+00
4.014499858021736145e-02 9.562237858772277832e-01 -2.898698747158050537e-01 -5.948063902240289247e-01
0.000000000000000000e+00 0.000000000000000000e+00 0.000000000000000000e+00 1.000000000000000000e+00
9.895706772804260254e-01 6.107264757156372070e-02 1.304590702056884766e-01 -4.724796286274864088e-02
1.423230618238449097e-01 -2.748487591743469238e-01 -9.508958458900451660e-01 -2.974794172847255336e+00
-2.221719361841678619e-02 9.595458507537841797e-01 -2.806743681430816650e-01 -5.387901007561447519e-01
0.000000000000000000e+00 0.000000000000000000e+00 0.000000000000000000e+00 1.000000000000000000e+00
9.693328738212585449e-01 8.346936851739883423e-02 2.311418056488037109e-01 2.706644087914473751e-01
2.449191212654113770e-01 -2.507855296134948730e-01 -9.365477561950683594e-01 -3.022149386974941621e+00
-2.020603418350219727e-02 9.644373059272766113e-01 -2.635378539562225342e-01 -4.733735264474022708e-01
0.000000000000000000e+00 0.000000000000000000e+00 0.000000000000000000e+00 1.000000000000000000e+00
9.728090167045593262e-01 3.857476264238357544e-02 2.283741980791091919e-01 2.441115040758364552e-01
2.296052277088165283e-01 -2.900478243827819824e-01 -9.290608763694763184e-01 -3.000767051107586791e+00
3.040113672614097595e-02 9.562342762947082520e-01 -2.910181283950805664e-01 -5.905103450881401539e-01
0.000000000000000000e+00 0.000000000000000000e+00 0.000000000000000000e+00 1.000000000000000000e+00
9.833796620368957520e-01 -2.758806012570858002e-02 1.794535815715789795e-01 6.255518681277232040e-02
1.606387943029403687e-01 -3.284288942813873291e-01 -9.307681918144226074e-01 -2.978175820901230342e+00
8.461582660675048828e-02 9.441252946853637695e-01 -3.185386657714843750e-01 -7.267379191009055717e-01
0.000000000000000000e+00 0.000000000000000000e+00 0.000000000000000000e+00 1.000000000000000000e+00
9.885673522949218750e-01 -1.081374809145927429e-01 1.050752103328704834e-01 -1.944828504430625993e-01
5.797513946890830994e-02 -3.706979155540466309e-01 -9.269421100616455078e-01 -2.912508658331450118e+00
1.391883492469787598e-01 9.224367141723632812e-01 -3.601905405521392822e-01 -9.186265094791894459e-01
0.000000000000000000e+00 0.000000000000000000e+00 0.000000000000000000e+00 1.000000000000000000e+00
9.808095693588256836e-01 -1.942734420299530029e-01 1.644332706928253174e-02 -4.834189279784024684e-01
-4.511833935976028442e-02 -3.082136511802673340e-01 -9.502467513084411621e-01 -2.927521464861400524e+00
1.896757632493972778e-01 9.312691092491149902e-01 -3.110642433166503906e-01 -8.142093992015690951e-01
0.000000000000000000e+00 0.000000000000000000e+00 0.000000000000000000e+00 1.000000000000000000e+00
9.247388839721679688e-01 -3.679004907608032227e-01 -9.750375896692276001e-02 -8.174836058342859202e-01
-2.253449261188507080e-01 -3.227902352809906006e-01 -9.192528128623962402e-01 -2.748524804069545802e+00
3.067204654216766357e-01 8.720411062240600586e-01 -3.814015388488769531e-01 -1.118067861088426929e+00
0.000000000000000000e+00 0.000000000000000000e+00 0.000000000000000000e+00 1.000000000000000000e+00
8.781881928443908691e-01 -4.684230983257293701e-01 -9.677679836750030518e-02 -7.943004837408812469e-01
-2.831991314888000488e-01 -3.461470603942871094e-01 -8.944165110588073730e-01 -2.630097861171741602e+00
3.854663372039794922e-01 8.128730654716491699e-01 -4.366393983364105225e-01 -1.363957549115894397e+00
0.000000000000000000e+00 0.000000000000000000e+00 0.000000000000000000e+00 1.000000000000000000e+00
8.374615907669067383e-01 -5.423772931098937988e-01 -6.696978956460952759e-02 -6.884854600367871225e-01
-3.369541168212890625e-01 -4.159853160381317139e-01 -8.446408510208129883e-01 -2.455154211119729979e+00
4.302555024623870850e-01 7.299197316169738770e-01 -5.311276316642761230e-01 -1.690979196411383390e+00
0.000000000000000000e+00 0.000000000000000000e+00 0.000000000000000000e+00 1.000000000000000000e+00
8.106727004051208496e-01 -5.830527544021606445e-01 -5.347033217549324036e-02 -6.325723722312600605e-01
-4.190554916858673096e-01 -5.140124559402465820e-01 -7.484539151191711426e-01 -2.110541233406868500e+00
4.089039564132690430e-01 6.291580796241760254e-01 -6.610278487205505371e-01 -2.082997885322015463e+00
0.000000000000000000e+00 0.000000000000000000e+00 0.000000000000000000e+00 1.000000000000000000e+00
7.763053178787231445e-01 -6.295073628425598145e-01 -3.271957859396934509e-02 -5.525811500546404798e-01
-5.074830651283264160e-01 -5.933498144149780273e-01 -6.248180270195007324e-01 -1.674229991466148260e+00
3.739131987094879150e-01 5.016541481018066406e-01 -7.800843119621276855e-01 -2.424250186441702759e+00
0.000000000000000000e+00 0.000000000000000000e+00 0.000000000000000000e+00 1.000000000000000000e+00
7.571601867675781250e-01 -6.526775360107421875e-01 -2.684297785162925720e-02 -5.226690174322916604e-01
-5.652973055839538574e-01 -6.340928077697753906e-01 -5.276029706001281738e-01 -1.341933193958677606e+00
3.273337781429290771e-01 4.146540164947509766e-01 -8.490671515464782715e-01 -2.612875507143421761e+00
0.000000000000000000e+00 0.000000000000000000e+00 0.000000000000000000e+00 1.000000000000000000e+00
6.541947722434997559e-01 -7.560278773307800293e-01 -2.125103399157524109e-02 -4.451645690020952784e-01
-6.781691908836364746e-01 -5.739210844039916992e-01 -4.590211510658264160e-01 -1.055220970827743576e+00
3.348362445831298828e-01 3.147007524967193604e-01 -8.881707787513732910e-01 -2.751701334773178242e+00
0.000000000000000000e+00 0.000000000000000000e+00 0.000000000000000000e+00 1.000000000000000000e+00
5.883389711380004883e-01 -8.086131215095520020e-01 1.295643276534974575e-03 -3.276886887500704559e-01
-7.422891855239868164e-01 -5.407165288925170898e-01 -3.957677781581878662e-01 -8.152394400000843033e-01
3.207237720489501953e-01 2.318838685750961304e-01 -9.183496236801147461e-01 -2.849233252326950350e+00
0.000000000000000000e+00 0.000000000000000000e+00 0.000000000000000000e+00 1.000000000000000000e+00
5.419129729270935059e-01 -8.395222425460815430e-01 3.914787620306015015e-02 -1.734137585251380731e-01
-7.851601243019104004e-01 -5.223363637924194336e-01 -3.326983153820037842e-01 -5.839347820932915267e-01
2.997560501098632812e-01 1.495562195777893066e-01 -9.422203898429870605e-01 -2.913174408484848765e+00
0.000000000000000000e+00 0.000000000000000000e+00 0.000000000000000000e+00 1.000000000000000000e+00
5.047957301139831543e-01 -8.565638065338134766e-01 1.071424558758735657e-01 6.879660656655336992e-02
-8.203751444816589355e-01 -5.146456360816955566e-01 -2.492472976446151733e-01 -3.021448677956347639e-01
2.686367034912109375e-01 3.792190179228782654e-02 -9.624948501586914062e-01 -2.962128420558248987e+00
0.000000000000000000e+00 0.000000000000000000e+00 0.000000000000000000e+00 1.000000000000000000e+00
4.363790154457092285e-01 -8.864642381668090820e-01 1.541238576173782349e-01 2.691233685942681642e-01
-8.607138395309448242e-01 -4.611861109733581543e-01 -2.155898660421371460e-01 -1.645623753002887213e-01
2.621924877166748047e-01 -3.857768699526786804e-02 -9.642441868782043457e-01 -2.968522232639737801e+00
0.000000000000000000e+00 0.000000000000000000e+00 0.000000000000000000e+00 1.000000000000000000e+00
3.584299683570861816e-01 -8.986981511116027832e-01 2.527239322662353516e-01 6.323986871579992952e-01
-8.947144150733947754e-01 -4.079648256301879883e-01 -1.817981898784637451e-01 -3.577561376502255697e-02
2.664841711521148682e-01 -1.609538942575454712e-01 -9.503052234649658203e-01 -2.924584814741878702e+00
0.000000000000000000e+00 0.000000000000000000e+00 0.000000000000000000e+00 1.000000000000000000e+00
2.890396714210510254e-01 -8.907027840614318848e-01 3.508613705635070801e-01 9.801172346810169689e-01
-9.172149896621704102e-01 -3.626296520233154297e-01 -1.649754941463470459e-01 3.049321178001243235e-02
2.741768360137939453e-01 -2.741309702396392822e-01 -9.217802286148071289e-01 -2.844570965462816847e+00
0.000000000000000000e+00 0.000000000000000000e+00 0.000000000000000000e+00 1.000000000000000000e+00
2.763997018337249756e-01 -8.623523712158203125e-01 4.242075383663177490e-01 1.209724101068911928e+00
-9.334567785263061523e-01 -3.458961546421051025e-01 -9.494670480489730835e-02 2.610341058133540670e-01
2.286091595888137817e-01 -3.697361350059509277e-01 -9.005743861198425293e-01 -2.745288206872531944e+00
0.000000000000000000e+00 0.000000000000000000e+00 0.000000000000000000e+00 1.000000000000000000e+00
1.790165901184082031e-01 -7.860540151596069336e-01 5.916693806648254395e-01 1.778753370651571242e+00
-9.625951647758483887e-01 -2.642565071582794189e-01 -5.983008071780204773e-02 3.744422125208936580e-01
2.033822536468505859e-01 -5.588272809982299805e-01 -8.039585947990417480e-01 -2.435167487429663158e+00
0.000000000000000000e+00 0.000000000000000000e+00 0.000000000000000000e+00 1.000000000000000000e+00
1.363071054220199585e-01 -6.814545392990112305e-01 7.190551757812500000e-01 2.191803675341708502e+00
-9.734930396080017090e-01 -2.266999185085296631e-01 -3.030592203140258789e-02 4.685996219752727177e-01
1.836617588996887207e-01 -6.958639025688171387e-01 -6.942921876907348633e-01 -2.094956998813262583e+00
0.000000000000000000e+00 0.000000000000000000e+00 0.000000000000000000e+00 1.000000000000000000e+00
1.094222217798233032e-01 -5.872343182563781738e-01 8.019859790802001953e-01 2.454153200694315640e+00
-9.841918945312500000e-01 -1.770422160625457764e-01 4.647418390959501266e-03 5.809257668697046517e-01
1.392562985420227051e-01 -7.898172140121459961e-01 -5.973240137100219727e-01 -1.780107214960029216e+00
0.000000000000000000e+00 0.000000000000000000e+00 0.000000000000000000e+00 1.000000000000000000e+00
8.086121827363967896e-02 -5.178477764129638672e-01 8.516428470611572266e-01 2.619611955719050478e+00
-9.905658364295959473e-01 -1.365965157747268677e-01 1.099298242479562759e-02 6.084700560035870565e-01
1.106386706233024597e-01 -8.444969654083251953e-01 -5.240077376365661621e-01 -1.544053142047687954e+00
0.000000000000000000e+00 0.000000000000000000e+00 0.000000000000000000e+00 1.000000000000000000e+00
1.523778736591339111e-01 -5.222157835960388184e-01 8.390897512435913086e-01 2.522925519163840669e+00
-9.880046248435974121e-01 -1.020132228732109070e-01 1.159315705299377441e-01 9.181506507099328473e-01
2.505693212151527405e-02 -8.466900587081909180e-01 -5.314964652061462402e-01 -1.500570335750720075e+00
0.000000000000000000e+00 0.000000000000000000e+00 0.000000000000000000e+00 1.000000000000000000e+00
2.632621228694915771e-01 -5.825879573822021484e-01 7.689498662948608398e-01 2.240961331337086193e+00
-9.601029753684997559e-01 -8.029483258724212646e-02 2.678716778755187988e-01 1.354066884148876992e+00
-9.431599080562591553e-02 -8.087921142578125000e-01 -5.804829597473144531e-01 -1.553372886821165366e+00
0.000000000000000000e+00 0.000000000000000000e+00 0.000000000000000000e+00 1.000000000000000000e+00
3.140671849250793457e-01 -6.308757662773132324e-01 7.094772458076477051e-01 2.039908350559408223e+00
-9.305095076560974121e-01 -5.621136724948883057e-02 3.619287312030792236e-01 1.608197252509587782e+00
-1.884513497352600098e-01 -7.738452553749084473e-01 -6.046900153160095215e-01 -1.558328360226086007e+00
0.000000000000000000e+00 0.000000000000000000e+00 0.000000000000000000e+00 1.000000000000000000e+00
3.536252379417419434e-01 -6.578723788261413574e-01 6.649463176727294922e-01 1.882911717937546081e+00
-8.927481770515441895e-01 -2.518865838646888733e-02 4.498519301414489746e-01 1.831374986460962750e+00
-2.791959047317504883e-01 -7.527083754539489746e-01 -5.962216854095458984e-01 -1.470561555047514180e+00
0.000000000000000000e+00 0.000000000000000000e+00 0.000000000000000000e+00 1.000000000000000000e+00
4.157576262950897217e-01 -6.502634882926940918e-01 6.358483433723449707e-01 1.744967381512067428e+00
-8.402485847473144531e-01 -7.091055624186992645e-03 5.421553254127502441e-01 2.064404891943884657e+00
-3.480348885059356689e-01 -7.596755027770996094e-01 -5.493307113647460938e-01 -1.267872386417037811e+00
0.000000000000000000e+00 0.000000000000000000e+00 0.000000000000000000e+00 1.000000000000000000e+00
5.066740512847900391e-01 -6.605917215347290039e-01 5.539849996566772461e-01 1.457298128526935077e+00
-7.326245307922363281e-01 8.820388466119766235e-03 6.805759072303771973e-01 2.366590810846886939e+00
-4.544689655303955078e-01 -7.506937384605407715e-01 -4.794965684413909912e-01 -9.638180069358655011e-01
0.000000000000000000e+00 0.000000000000000000e+00 0.000000000000000000e+00 1.000000000000000000e+00
6.162233352661132812e-01 -6.955059170722961426e-01 3.695127069950103760e-01 8.489602011672976456e-01
-5.725647807121276855e-01 -7.346895337104797363e-02 8.165606856346130371e-01 2.674695234709960179e+00
-5.407757163047790527e-01 -7.147538065910339355e-01 -4.434956610202789307e-01 -7.881727787380173877e-01
0.000000000000000000e+00 0.000000000000000000e+00 0.000000000000000000e+00 1.000000000000000000e+00
6.127196550369262695e-01 -7.482474446296691895e-01 2.543634772300720215e-01 5.485426455081874320e-01
-4.903821349143981934e-01 -1.075604557991027832e-01 8.648445606231689453e-01 2.762996674168791245e+00
-6.197580099105834961e-01 -6.546424031257629395e-01 -4.328314363956451416e-01 -7.084783993108112465e-01
0.000000000000000000e+00 0.000000000000000000e+00 0.000000000000000000e+00 1.000000000000000000e+00
5.895386934280395508e-01 -7.853096723556518555e-01 1.890298277139663696e-01 4.054050096544081772e-01
-3.922841548919677734e-01 -7.379132509231567383e-02 9.168795347213745117e-01 2.855661281235084115e+00
-7.060859799385070801e-01 -6.146895289421081543e-01 -3.515674173831939697e-01 -4.604339626712284361e-01
0.000000000000000000e+00 0.000000000000000000e+00 0.000000000000000000e+00 1.000000000000000000e+00
4.311120808124542236e-01 -9.001971483230590820e-01 6.153952330350875854e-02 1.847917611290323947e-01
-2.246119827032089233e-01 -4.101209715008735657e-02 9.735851287841796875e-01 2.925683333204115666e+00
-8.738945722579956055e-01 -4.335467219352722168e-01 -2.198758125305175781e-01 -7.291882167072735732e-02
0.000000000000000000e+00 0.000000000000000000e+00 0.000000000000000000e+00 1.000000000000000000e+00
3.022933900356292725e-01 -9.486061930656433105e-01 -9.362237155437469482e-02 -2.214261244145982188e-01
-2.351257055997848511e-01 -1.693875938653945923e-01 9.570909142494201660e-01 2.953020460177531170e+00
-9.237610101699829102e-01 -2.673094868659973145e-01 -2.742467820644378662e-01 -2.956875819555379592e-01
0.000000000000000000e+00 0.000000000000000000e+00 0.000000000000000000e+00 1.000000000000000000e+00
2.916676700115203857e-01 -9.560413956642150879e-01 3.023769706487655640e-02 1.660144911541748536e-01
-3.653544783592224121e-01 -8.213516324758529663e-02 9.272376894950866699e-01 2.890587869495853113e+00
-8.839944005012512207e-01 -2.814927697181701660e-01 -3.732505142688751221e-01 -5.728692074513674903e-01
0.000000000000000000e+00 0.000000000000000000e+00 0.000000000000000000e+00 1.000000000000000000e+00
2.635345160961151123e-01 -9.642556905746459961e-01 2.758052945137023926e-02 2.147468542027400895e-01
-4.509099423885345459e-01 -9.785915166139602661e-02 8.871888518333435059e-01 2.804498643211132070e+00
-8.527776002883911133e-01 -2.462410479784011841e-01 -4.605818390846252441e-01 -8.612625966997100591e-01
0.000000000000000000e+00 0.000000000000000000e+00 0.000000000000000000e+00 1.000000000000000000e+00
