1 0 0 -0.03619798645377159 
0 1 0 -0.001327119767665863 
0 0 1 -0.2960163652896881 
0 0 0 1 

0.9901483654975891 0.1389780640602112 0.0170640517026186 -0.04461377486586571 
-0.1378539502620697 0.9889143705368042 -0.05517730116844177 0.02798749133944511 
-0.02454335428774357 0.05228135734796524 0.9983307123184204 -0.296678364276886 
0 0 0 1 

0.9714020490646362 0.2355147749185562 0.03017733432352543 -0.04869620874524117 
-0.231447622179985 0.9675803780555725 -0.1010942235589027 0.05269338563084602 
-0.05300824716687202 0.09121862798929214 0.9944190382957458 -0.2949599623680115 
0 0 0 1 

0.4030114710330963 0.9136683940887451 -0.05283557623624802 0.01333370339125395 
-0.9149389266967773 0.4035919606685638 0.0003480057930573821 0.04399450868368149 
0.02164197154343128 0.04820108041167259 0.9986031651496887 -0.3152969181537628 
0 0 0 1 

0.2911665439605713 0.9546917676925659 -0.0615282766520977 0.02130068838596344 
-0.9553142786026001 0.2935769855976105 0.03445484489202499 0.03128916025161743 
0.05095704272389412 0.0487467423081398 0.9975104928016663 -0.3174715936183929 
0 0 0 1 

0.1757164150476456 0.9814563393592834 -0.07659691572189331 0.03138771280646324 
-0.981733500957489 0.1804683804512024 0.06025232002139091 0.02152080088853836 
0.0729583352804184 0.06461045145988464 0.9952399730682373 -0.3180718719959259 
0 0 0 1 

0.09782393276691437 0.9912627339363098 -0.08847929537296295 0.03825902193784714 
-0.9901321530342102 0.1059040650725365 0.09177404642105103 0.00941991712898016 
0.1003425046801567 0.07862851023674011 0.991841197013855 -0.3172721266746521 
0 0 0 1 

0.02148606441915035 0.9934520125389099 -0.1122113913297653 0.05029390379786491 
-0.9967495799064636 0.03000240586698055 0.07476715743541718 0.01734333112835884 
0.07764419913291931 0.1102402061223984 0.990867555141449 -0.3104820251464844 
0 0 0 1 

0.6629323959350586 0.7127711772918701 0.2290797978639603 -0.07796391099691391 
-0.7466881275177002 0.6071594953536987 0.271686851978302 -0.04066579043865204 
0.05456269904971123 -0.3511612415313721 0.9347238540649414 -0.2802352607250214 
0 0 0 1 

0.678297221660614 0.7005083560943604 0.2218137383460999 -0.07552307099103928 
-0.7343369126319885 0.6356825828552246 0.2380280941724777 -0.02735918015241623 
0.0257375817745924 -0.3243396878242493 0.945590615272522 -0.2811435759067535 
0 0 0 1 

