1.000000000000000000e+00 0.000000000000000000e+00 0.000000000000000000e+00 -3.619798645377159119e-02
0.000000000000000000e+00 1.000000000000000000e+00 0.000000000000000000e+00 -1.327119767665863037e-03
0.000000000000000000e+00 0.000000000000000000e+00 1.000000000000000000e+00 -2.960163652896881104e-01
0.000000000000000000e+00 0.000000000000000000e+00 0.000000000000000000e+00 1.000000000000000000e+00
9.905449748039245605e-01 1.345640718936920166e-01 2.670069411396980286e-02 -4.738833755254745483e-02
-1.329215914011001587e-01 9.895484447479248047e-01 -5.591103434562683105e-02 2.802269905805587769e-02
-3.394524380564689636e-02 5.183330550789833069e-02 9.980788826942443848e-01 -2.962653934955596924e-01
0.000000000000000000e+00 0.000000000000000000e+00 0.000000000000000000e+00 1.000000000000000000e+00
9.719945192337036133e-01 2.314793914556503296e-01 4.054204747080802917e-02 -5.200567469000816345e-02
-2.265930324792861938e-01 9.688972830772399902e-01 -9.946561604738235474e-02 5.228686705231666565e-02
-6.230537593364715576e-02 8.749347180128097534e-02 9.942145943641662598e-01 -2.944238781929016113e-01
0.000000000000000000e+00 0.000000000000000000e+00 0.000000000000000000e+00 1.000000000000000000e+00
9.417483806610107422e-01 3.344326913356781006e-01 3.556580469012260437e-02 -4.946983978152275085e-02
-3.268136382102966309e-01 9.349648952484130859e-01 -1.379610449075698853e-01 7.300817966461181641e-02
-7.939152419567108154e-02 1.183011755347251892e-01 9.897989630699157715e-01 -2.919953167438507080e-01
0.000000000000000000e+00 0.000000000000000000e+00 0.000000000000000000e+00 1.000000000000000000e+00
8.953179121017456055e-01 4.452590644359588623e-01 1.223962940275669098e-02 -3.685224056243896484e-02
-4.374051988124847412e-01 8.840531110763549805e-01 -1.647022366523742676e-01 8.800113201141357422e-02
-8.415568619966506958e-02 1.421072036027908325e-01 9.862673878669738770e-01 -2.907919287681579590e-01
0.000000000000000000e+00 0.000000000000000000e+00 0.000000000000000000e+00 1.000000000000000000e+00
8.314748406410217285e-01 5.555434823036193848e-01 -4.547751508653163910e-03 -2.560498751699924469e-02
-5.460755825042724609e-01 8.157430887222290039e-01 -1.906933784484863281e-01 1.025636941194534302e-01
-1.022287234663963318e-01 1.610401421785354614e-01 9.816390872001647949e-01 -2.889816164970397949e-01
0.000000000000000000e+00 0.000000000000000000e+00 0.000000000000000000e+00 1.000000000000000000e+00
7.507972717285156250e-01 6.595123410224914551e-01 -3.669366240501403809e-02 -8.597290143370628357e-03
-6.549515724182128906e-01 7.360982894897460938e-01 -1.708729416131973267e-01 1.004765108227729797e-01
-8.568278700113296509e-02 1.523235440254211426e-01 9.846096634864807129e-01 -2.924390733242034912e-01
0.000000000000000000e+00 0.000000000000000000e+00 0.000000000000000000e+00 1.000000000000000000e+00
6.913509368896484375e-01 7.194902300834655762e-01 -6.608793884515762329e-02 4.227801691740751266e-03
-7.215804457664489746e-01 6.828973293304443359e-01 -1.138984337449073792e-01 8.218266814947128296e-02
-3.681756556034088135e-02 1.264315843582153320e-01 9.912918210029602051e-01 -2.994602024555206299e-01
0.000000000000000000e+00 0.000000000000000000e+00 0.000000000000000000e+00 1.000000000000000000e+00
5.876262784004211426e-01 8.084214925765991211e-01 -3.390226885676383972e-02 -2.425200538709759712e-03
-8.082255721092224121e-01 5.844696760177612305e-01 -7.187498360872268677e-02 6.885226815938949585e-02
-3.829045593738555908e-02 6.963633000850677490e-02 9.968373775482177734e-01 -3.069540560245513916e-01
0.000000000000000000e+00 0.000000000000000000e+00 0.000000000000000000e+00 1.000000000000000000e+00
5.031817555427551270e-01 8.633216023445129395e-01 -3.852218389511108398e-02 3.854235634207725525e-03
-8.637375831604003906e-01 5.009964704513549805e-01 -5.440403893589973450e-02 6.369463354349136353e-02
-2.766869962215423584e-02 6.064817681908607483e-02 9.977757930755615234e-01 -3.108783364295959473e-01
0.000000000000000000e+00 0.000000000000000000e+00 0.000000000000000000e+00 1.000000000000000000e+00
4.066270291805267334e-01 9.123832583427429199e-01 -4.702395200729370117e-02 1.132141891866922379e-02
-9.134382605552673340e-01 4.069697260856628418e-01 -2.472858410328626633e-03 4.498566687107086182e-02
1.688112691044807434e-02 4.395899921655654907e-02 9.988906383514404297e-01 -3.153750300407409668e-01
0.000000000000000000e+00 0.000000000000000000e+00 0.000000000000000000e+00 1.000000000000000000e+00
2.943467199802398682e-01 9.540772438049316406e-01 -5.565031245350837708e-02 1.911114156246185303e-02
-9.545221924781799316e-01 2.963739037513732910e-01 3.240034356713294983e-02 3.190401196479797363e-02
4.740570858120918274e-02 4.358252137899398804e-02 9.979242086410522461e-01 -3.176488876342773438e-01
0.000000000000000000e+00 0.000000000000000000e+00 0.000000000000000000e+00 1.000000000000000000e+00
1.767278015613555908e-01 9.815668463706970215e-01 -7.275679707527160645e-02 2.964027412235736847e-02
-9.819140434265136719e-01 1.809246093034744263e-01 5.577616766095161438e-02 2.307902090251445770e-02
6.791154295206069946e-02 6.158372014760971069e-02 9.957889318466186523e-01 -3.183585405349731445e-01
0.000000000000000000e+00 0.000000000000000000e+00 0.000000000000000000e+00 1.000000000000000000e+00
1.002842634916305542e-01 9.921291470527648926e-01 -7.498160004615783691e-02 3.382776305079460144e-02
-9.900920391082763672e-01 1.069546863436698914e-01 9.098564088344573975e-02 9.844090789556503296e-03
9.828917682170867920e-02 6.511423736810684204e-02 9.930254220962524414e-01 -3.179267346858978271e-01
0.000000000000000000e+00 0.000000000000000000e+00 0.000000000000000000e+00 1.000000000000000000e+00
1.447249483317136765e-02 9.955237507820129395e-01 -9.339498728513717651e-02 4.434728249907493591e-02
-9.974115490913391113e-01 2.095294743776321411e-02 6.878454983234405518e-02 1.892331615090370178e-02
7.043355703353881836e-02 9.215779602527618408e-02 9.932503700256347656e-01 -3.113456666469573975e-01
0.000000000000000000e+00 0.000000000000000000e+00 0.000000000000000000e+00 1.000000000000000000e+00
-9.077582508325576782e-02 8.968343734741210938e-01 -4.329521656036376953e-01 1.627005785703659058e-01
-9.904782772064208984e-01 -3.612215444445610046e-02 1.328460723161697388e-01 -1.934092841111123562e-03
1.035017147660255432e-01 4.408889710903167725e-01 8.915739059448242188e-01 -2.726603746414184570e-01
0.000000000000000000e+00 0.000000000000000000e+00 0.000000000000000000e+00 1.000000000000000000e+00
-1.653299778699874878e-01 8.737118840217590332e-01 -4.574857354164123535e-01 1.724883466958999634e-01
-9.767965078353881836e-01 -8.103169500827789307e-02 1.982473731040954590e-01 -2.505567483603954315e-02
1.361402124166488647e-01 4.796468913555145264e-01 8.668361902236938477e-01 -2.655443549156188965e-01
0.000000000000000000e+00 0.000000000000000000e+00 0.000000000000000000e+00 1.000000000000000000e+00
-1.324791908264160156e-01 8.131756782531738281e-01 -5.667403936386108398e-01 2.008137851953506470e-01
-9.911466240882873535e-01 -1.137833371758460999e-01 6.842719018459320068e-02 1.697155088186264038e-02
-8.842308074235916138e-03 5.707878470420837402e-01 8.210497498512268066e-01 -2.437922656536102295e-01
0.000000000000000000e+00 0.000000000000000000e+00 0.000000000000000000e+00 1.000000000000000000e+00
-8.832900226116180420e-02 7.337179183959960938e-01 -6.736881136894226074e-01 2.245144546031951904e-01
-9.943568110466003418e-01 -2.505321614444255829e-02 1.030870974063873291e-01 8.953331969678401947e-03
5.875878408551216125e-02 6.789920926094055176e-01 7.317906022071838379e-01 -2.252519428730010986e-01
0.000000000000000000e+00 0.000000000000000000e+00 0.000000000000000000e+00 1.000000000000000000e+00
-5.705067515373229980e-02 5.617445707321166992e-01 -8.253414034843444824e-01 2.686245739459991455e-01
-9.854472875595092773e-01 1.009027361869812012e-01 1.367942243814468384e-01 -1.498793135397136211e-03
1.601226329803466797e-01 8.211346268653869629e-01 5.478129982948303223e-01 -1.676147729158401489e-01
0.000000000000000000e+00 0.000000000000000000e+00 0.000000000000000000e+00 1.000000000000000000e+00
-1.226755902171134949e-01 4.293248951435089111e-01 -8.947796225547790527e-01 2.889808714389801025e-01
-9.852602481842041016e-01 5.561956390738487244e-02 1.617675870656967163e-01 -1.320588402450084686e-02
1.192180067300796509e-01 9.014357924461364746e-01 4.161737263202667236e-01 -1.212456077337265015e-01
0.000000000000000000e+00 0.000000000000000000e+00 0.000000000000000000e+00 1.000000000000000000e+00
-1.926998496055603027e-01 3.213236629962921143e-01 -9.271556735038757324e-01 3.004711866378784180e-01
-9.748349785804748535e-01 4.524080082774162292e-02 2.182886153459548950e-01 -3.167261183261871338e-02
1.120865270495414734e-01 9.458878040313720703e-01 3.045196235179901123e-01 -8.624996244907379150e-02
0.000000000000000000e+00 0.000000000000000000e+00 0.000000000000000000e+00 1.000000000000000000e+00
-2.738315761089324951e-01 2.001178711652755737e-01 -9.407278299331665039e-01 3.082190155982971191e-01
-9.592652320861816406e-01 1.382160279899835587e-02 2.821678519248962402e-01 -5.270087718963623047e-02
6.946917623281478882e-02 9.796744585037231445e-01 1.881815344095230103e-01 -4.721639305353164673e-02
0.000000000000000000e+00 0.000000000000000000e+00 0.000000000000000000e+00 1.000000000000000000e+00
-1.649864763021469116e-01 -8.523823022842407227e-01 -4.962095916271209717e-01 1.602562963962554932e-01
-9.529168009757995605e-01 7.982647977769374847e-03 3.031263649463653564e-01 -5.678740516304969788e-02
-2.544183731079101562e-01 5.228583812713623047e-01 -8.135662674903869629e-01 2.851966619491577148e-01
0.000000000000000000e+00 0.000000000000000000e+00 0.000000000000000000e+00 1.000000000000000000e+00
-1.662940531969070435e-01 -8.676391243934631348e-01 -4.685610532760620117e-01 1.505834311246871948e-01
-9.713650941848754883e-01 6.236368417739868164e-02 2.292613089084625244e-01 -3.422661870718002319e-02
-1.696947365999221802e-01 4.932686686515808105e-01 -8.531644940376281738e-01 2.929573953151702881e-01
0.000000000000000000e+00 0.000000000000000000e+00 0.000000000000000000e+00 1.000000000000000000e+00
-8.717381209135055542e-02 -8.649432659149169922e-01 -4.942401349544525146e-01 1.519714444875717163e-01
-9.909974336624145508e-01 2.469105087220668793e-02 1.315821856260299683e-01 -6.247808923944830894e-04
-1.016078963875770569e-01 5.012613534927368164e-01 -8.593088984489440918e-01 2.903873622417449951e-01
0.000000000000000000e+00 0.000000000000000000e+00 0.000000000000000000e+00 1.000000000000000000e+00
2.211706899106502533e-02 -8.639639616012573242e-01 -5.030671358108520508e-01 1.451603323221206665e-01
-9.995347857475280762e-01 -2.967677451670169830e-02 7.023226469755172729e-03 4.134541749954223633e-02
-2.099730633199214935e-02 5.026779770851135254e-01 -8.642185926437377930e-01 2.864684164524078369e-01
0.000000000000000000e+00 0.000000000000000000e+00 0.000000000000000000e+00 1.000000000000000000e+00
5.021240189671516418e-02 -8.621875643730163574e-01 -5.040940642356872559e-01 1.428551524877548218e-01
-9.931519627571105957e-01 1.020450424402952194e-02 -1.163805872201919556e-01 8.123347163200378418e-02
1.054859682917594910e-01 5.064858794212341309e-01 -8.557714223861694336e-01 2.753062248229980469e-01
0.000000000000000000e+00 0.000000000000000000e+00 0.000000000000000000e+00 1.000000000000000000e+00
2.384609542787075043e-02 -8.703963160514831543e-01 -4.917740225791931152e-01 1.427707374095916748e-01
-9.799937009811401367e-01 7.687482237815856934e-02 -1.835815757513046265e-01 9.448135644197463989e-02
1.975938975811004639e-01 4.863131344318389893e-01 -8.511499762535095215e-01 2.705097794532775879e-01
0.000000000000000000e+00 0.000000000000000000e+00 0.000000000000000000e+00 1.000000000000000000e+00
-4.091296344995498657e-02 -8.701773881912231445e-01 -4.910359084606170654e-01 1.501238346099853516e-01
-9.937228560447692871e-01 8.665119856595993042e-02 -7.075972110033035278e-02 5.814697220921516418e-02
1.041223555803298950e-01 4.850589334964752197e-01 -8.682607412338256836e-01 2.912150919437408447e-01
0.000000000000000000e+00 0.000000000000000000e+00 0.000000000000000000e+00 1.000000000000000000e+00
-5.112888291478157043e-02 -8.607416749000549316e-01 -5.064683556556701660e-01 1.538133174180984497e-01
-9.938322305679321289e-01 -6.118888035416603088e-03 1.107287630438804626e-01 4.176889779046177864e-04
-9.840795397758483887e-02 5.090053677558898926e-01 -8.551192283630371094e-01 3.053837418556213379e-01
0.000000000000000000e+00 0.000000000000000000e+00 0.000000000000000000e+00 1.000000000000000000e+00
1.228804737329483032e-01 -8.410992026329040527e-01 -5.267374515533447266e-01 1.468618065118789673e-01
-9.874584078788757324e-01 -1.566371321678161621e-01 1.975966617465019226e-02 2.907778136432170868e-02
-9.912655502557754517e-02 5.177032947540283203e-01 -8.497981429100036621e-01 3.061984181404113770e-01
0.000000000000000000e+00 0.000000000000000000e+00 0.000000000000000000e+00 1.000000000000000000e+00
2.191900461912155151e-01 -7.888886928558349609e-01 -5.741167664527893066e-01 1.481460779905319214e-01
-9.486198425292968750e-01 -3.099366724491119385e-01 6.371140480041503906e-02 1.444647833704948425e-02
-2.282011955976486206e-01 5.306537747383117676e-01 -8.162905573844909668e-01 3.010098338127136230e-01
0.000000000000000000e+00 0.000000000000000000e+00 0.000000000000000000e+00 1.000000000000000000e+00
3.315955698490142822e-01 -7.268185615539550781e-01 -6.014807224273681641e-01 1.412446200847625732e-01
-9.138989448547363281e-01 -4.057143330574035645e-01 -1.357300020754337311e-02 3.734074532985687256e-02
-2.341643869876861572e-01 5.541933774948120117e-01 -7.987717986106872559e-01 2.899783849716186523e-01
0.000000000000000000e+00 0.000000000000000000e+00 0.000000000000000000e+00 1.000000000000000000e+00
3.522176146507263184e-01 -7.212467789649963379e-01 -5.964442491531372070e-01 1.373270899057388306e-01
-9.243664145469665527e-01 -3.678966462612152100e-01 -1.009881347417831421e-01 6.645070761442184448e-02
-1.465924978256225586e-01 5.869028568267822266e-01 -7.962760329246520996e-01 2.807695567607879639e-01
0.000000000000000000e+00 0.000000000000000000e+00 0.000000000000000000e+00 1.000000000000000000e+00
3.703368902206420898e-01 -7.110204696655273438e-01 -5.977461338043212891e-01 1.366998702287673950e-01
-9.262472987174987793e-01 -3.312385380268096924e-01 -1.798524707555770874e-01 9.125337004661560059e-02
-7.011779397726058960e-02 6.202667355537414551e-01 -7.812506556510925293e-01 2.695532739162445068e-01
0.000000000000000000e+00 0.000000000000000000e+00 0.000000000000000000e+00 1.000000000000000000e+00
5.300067067146301270e-01 -6.041042208671569824e-01 -5.951057076454162598e-01 1.307340115308761597e-01
-8.449206948280334473e-01 -4.358922243118286133e-01 -3.100107610225677490e-01 1.266976892948150635e-01
-7.212319970130920410e-02 6.671249866485595703e-01 -7.414459586143493652e-01 2.560976147651672363e-01
0.000000000000000000e+00 0.000000000000000000e+00 0.000000000000000000e+00 1.000000000000000000e+00
6.768520474433898926e-01 -4.095955193042755127e-01 -6.116393208503723145e-01 1.318623423576354980e-01
-7.147258520126342773e-01 -5.645322203636169434e-01 -4.128799438476562500e-01 1.563331037759780884e-01
-1.761764436960220337e-01 7.166131138801574707e-01 -6.748533844947814941e-01 2.502171099185943604e-01
0.000000000000000000e+00 0.000000000000000000e+00 0.000000000000000000e+00 1.000000000000000000e+00
7.002783417701721191e-01 -3.301189839839935303e-01 -6.329547166824340820e-01 1.348250657320022583e-01
-6.528427004814147949e-01 -6.548526287078857422e-01 -3.807415962219238281e-01 1.445689052343368530e-01
-2.888021171092987061e-01 6.798449754714965820e-01 -6.740947961807250977e-01 2.610047161579132080e-01
0.000000000000000000e+00 0.000000000000000000e+00 0.000000000000000000e+00 1.000000000000000000e+00
7.451969981193542480e-01 -2.474795281887054443e-01 -6.192213892936706543e-01 1.353316605091094971e-01
-5.772224068641662598e-01 -7.043601274490356445e-01 -4.131470620632171631e-01 1.472148299217224121e-01
-3.339096009731292725e-01 6.653044819831848145e-01 -6.677376627922058105e-01 2.582104206085205078e-01
0.000000000000000000e+00 0.000000000000000000e+00 0.000000000000000000e+00 1.000000000000000000e+00
7.400997877120971680e-01 -2.483951449394226074e-01 -6.249416470527648926e-01 1.435984969139099121e-01
-5.498397946357727051e-01 -7.585642933845520020e-01 -3.496528863906860352e-01 1.197504401206970215e-01
-3.872059583663940430e-01 6.023958325386047363e-01 -6.979906558990478516e-01 2.710930109024047852e-01
0.000000000000000000e+00 0.000000000000000000e+00 0.000000000000000000e+00 1.000000000000000000e+00
7.246152758598327637e-01 -3.380438983440399170e-01 -6.005488634109497070e-01 1.446151882410049438e-01
-5.931956768035888672e-01 -7.495149970054626465e-01 -2.938473820686340332e-01 9.870944172143936157e-02
-3.507870137691497803e-01 5.691693425178527832e-01 -7.436361908912658691e-01 2.831676602363586426e-01
0.000000000000000000e+00 0.000000000000000000e+00 0.000000000000000000e+00 1.000000000000000000e+00
8.092546463012695312e-01 -1.757283061742782593e-01 -5.605590343475341797e-01 1.356694847345352173e-01
-5.306159853935241699e-01 -6.281368136405944824e-01 -5.691140890121459961e-01 1.854353696107864380e-01
-2.520983517169952393e-01 7.579997777938842773e-01 -6.015667915344238281e-01 2.432502657175064087e-01
0.000000000000000000e+00 0.000000000000000000e+00 0.000000000000000000e+00 1.000000000000000000e+00
8.479596376419067383e-01 -1.006004363298416138e-01 -5.204268097877502441e-01 1.217465847730636597e-01
-4.785425364971160889e-01 -5.675228238105773926e-01 -6.700109243392944336e-01 2.185465693473815918e-01
-2.279507517814636230e-01 8.171886205673217773e-01 -5.293779373168945312e-01 2.183856070041656494e-01
0.000000000000000000e+00 0.000000000000000000e+00 0.000000000000000000e+00 1.000000000000000000e+00
8.774386048316955566e-01 -4.043092206120491028e-02 -4.779821932315826416e-01 1.068776920437812805e-01
-4.316341578960418701e-01 -5.012543797492980957e-01 -7.499573826789855957e-01 2.451237738132476807e-01
-2.092691957950592041e-01 8.643548488616943359e-01 -4.572713077068328857e-01 1.936319619417190552e-01
0.000000000000000000e+00 0.000000000000000000e+00 0.000000000000000000e+00 1.000000000000000000e+00
8.901047110557556152e-01 1.106691956520080566e-01 -4.421151876449584961e-01 9.643972665071487427e-02
-3.646499812602996826e-01 -4.089798927307128906e-01 -8.365198373794555664e-01 2.735289931297302246e-01
-2.733932733535766602e-01 9.058076739311218262e-01 -3.236793577671051025e-01 1.526563167572021484e-01
0.000000000000000000e+00 0.000000000000000000e+00 0.000000000000000000e+00 1.000000000000000000e+00
9.479665160179138184e-01 -2.734381258487701416e-01 -1.630674153566360474e-01 -2.508139470592141151e-03
-2.437199503183364868e-01 -2.937245070934295654e-01 -9.242978692054748535e-01 2.964158356189727783e-01
2.048414051532745361e-01 9.159462451934814453e-01 -3.450833261013031006e-01 1.308132857084274292e-01
0.000000000000000000e+00 0.000000000000000000e+00 0.000000000000000000e+00 1.000000000000000000e+00
9.761077165603637695e-01 -1.440223008394241333e-01 -1.626999080181121826e-01 -1.855044509284198284e-03
-1.916275620460510254e-01 -2.175931334495544434e-01 -9.570433497428894043e-01 3.044485151767730713e-01
1.024331972002983093e-01 9.653551578521728516e-01 -2.399930059909820557e-01 1.002703681588172913e-01
0.000000000000000000e+00 0.000000000000000000e+00 0.000000000000000000e+00 1.000000000000000000e+00
9.808554053306579590e-01 -1.407127380371093750e-01 -1.346208602190017700e-01 -1.073884591460227966e-02
-1.508495062589645386e-01 -1.118263155221939087e-01 -9.822114109992980957e-01 3.103256523609161377e-01
1.231554895639419556e-01 9.837147593498229980e-01 -1.309118717908859253e-01 6.163391843438148499e-02
0.000000000000000000e+00 0.000000000000000000e+00 0.000000000000000000e+00 1.000000000000000000e+00
9.733128547668457031e-01 -1.898957043886184692e-01 -1.288483589887619019e-01 -1.390989590436220169e-02
-1.404522806406021118e-01 -4.891438409686088562e-02 -9.888784885406494141e-01 3.107877075672149658e-01
1.814812123775482178e-01 9.805850982666015625e-01 -7.428031414747238159e-02 3.844735026359558105e-02
0.000000000000000000e+00 0.000000000000000000e+00 0.000000000000000000e+00 1.000000000000000000e+00
9.947987794876098633e-01 -1.821856759488582611e-02 -1.002183109521865845e-01 -2.254127711057662964e-02
-9.951757639646530151e-02 3.598637878894805908e-02 -9.943848848342895508e-01 3.093042075634002686e-01
2.172276563942432404e-02 9.991862177848815918e-01 3.398612886667251587e-02 8.548254147171974182e-03
0.000000000000000000e+00 0.000000000000000000e+00 0.000000000000000000e+00 1.000000000000000000e+00
8.945311307907104492e-01 -4.347289204597473145e-01 -1.040426343679428101e-01 -1.853886060416698456e-02
-5.514889210462570190e-02 1.236455589532852173e-01 -9.907928705215454102e-01 3.033411502838134766e-01
4.435907006263732910e-01 8.920328021049499512e-01 8.662997186183929443e-02 -3.544557839632034302e-02
0.000000000000000000e+00 0.000000000000000000e+00 0.000000000000000000e+00 1.000000000000000000e+00
9.766856431961059570e-01 -1.129847988486289978e-01 -1.825363039970397949e-01 -1.013511558994650841e-03
-1.626578420400619507e-01 1.654245555400848389e-01 -9.727163314819335938e-01 3.058216571807861328e-01
1.400981396436691284e-01 9.797289967536926270e-01 1.431898921728134155e-01 -2.695621736347675323e-02
0.000000000000000000e+00 0.000000000000000000e+00 0.000000000000000000e+00 1.000000000000000000e+00
9.592697620391845703e-01 1.705286949872970581e-01 -2.252148091793060303e-01 1.685279235243797302e-02
-2.544319629669189453e-01 1.751461923122406006e-01 -9.510982632637023926e-01 3.084970414638519287e-01
-1.227440908551216125e-01 9.696615934371948242e-01 2.114004194736480713e-01 -3.027541562914848328e-02
0.000000000000000000e+00 0.000000000000000000e+00 0.000000000000000000e+00 1.000000000000000000e+00
5.549033880233764648e-01 8.318485021591186523e-01 -1.049415394663810730e-02 -6.801258306950330734e-03
-3.751049339771270752e-01 2.389229685068130493e-01 -8.956629037857055664e-01 3.072018027305603027e-01
-7.425486445426940918e-01 5.009428858757019043e-01 4.446096122264862061e-01 -7.272832095623016357e-02
0.000000000000000000e+00 0.000000000000000000e+00 0.000000000000000000e+00 1.000000000000000000e+00
9.157508611679077148e-01 2.677742242813110352e-01 -2.994948923587799072e-01 4.626205936074256897e-02
-3.813149034976959229e-01 3.446182012557983398e-01 -8.578092455863952637e-01 3.005411326885223389e-01
-1.264879405498504639e-01 8.997415304183959961e-01 4.176907837390899658e-01 -9.022325277328491211e-02
0.000000000000000000e+00 0.000000000000000000e+00 0.000000000000000000e+00 1.000000000000000000e+00
8.874539136886596680e-01 1.850285083055496216e-01 -4.221256971359252930e-01 8.513483405113220215e-02
-4.598792493343353271e-01 4.163030385971069336e-01 -7.843485474586486816e-01 2.878726720809936523e-01
3.060525469481945038e-02 8.901998996734619141e-01 4.545404911041259766e-01 -1.143532767891883850e-01
0.000000000000000000e+00 0.000000000000000000e+00 0.000000000000000000e+00 1.000000000000000000e+00
8.728206753730773926e-01 1.565431803464889526e-01 -4.622537791728973389e-01 9.848054498434066772e-02
-4.725104868412017822e-01 5.080966949462890625e-01 -7.201188802719116211e-01 2.689543962478637695e-01
1.221398264169692993e-01 8.469545245170593262e-01 5.174457430839538574e-01 -1.420073658227920532e-01
0.000000000000000000e+00 0.000000000000000000e+00 0.000000000000000000e+00 1.000000000000000000e+00
8.610432744026184082e-01 1.395820230245590210e-01 -4.890002906322479248e-01 1.073824316263198853e-01
-4.703069627285003662e-01 5.843386650085449219e-01 -6.613318324089050293e-01 2.527779042720794678e-01
1.934316754341125488e-01 7.994154691696166992e-01 5.687871575355529785e-01 -1.606939136981964111e-01
0.000000000000000000e+00 0.000000000000000000e+00 0.000000000000000000e+00 1.000000000000000000e+00
8.451561927795410156e-01 1.060341447591781616e-01 -5.238968133926391602e-01 1.158923059701919556e-01
-4.456465542316436768e-01 6.809744834899902344e-01 -5.810960531234741211e-01 2.286106795072555542e-01
2.951442897319793701e-01 7.245897054672241211e-01 6.227835416793823242e-01 -1.837274432182312012e-01
0.000000000000000000e+00 0.000000000000000000e+00 0.000000000000000000e+00 1.000000000000000000e+00
8.256070017814636230e-01 1.133501827716827393e-01 -5.527428388595581055e-01 1.268283128738403320e-01
-4.447690546512603760e-01 7.335406541824340820e-01 -5.139048099517822266e-01 2.089235484600067139e-01
3.472080528736114502e-01 6.701264381408691406e-01 6.560311913490295410e-01 -1.990343034267425537e-01
0.000000000000000000e+00 0.000000000000000000e+00 0.000000000000000000e+00 1.000000000000000000e+00
7.995207905769348145e-01 1.539074778556823730e-01 -5.805846452713012695e-01 1.391982436180114746e-01
-4.498359858989715576e-01 7.939580082893371582e-01 -4.089962840080261230e-01 1.779762208461761475e-01
3.980121612548828125e-01 5.881691575050354004e-01 7.040192484855651855e-01 -2.192729860544204712e-01
0.000000000000000000e+00 0.000000000000000000e+00 0.000000000000000000e+00 1.000000000000000000e+00
7.702805399894714355e-01 2.113897353410720825e-01 -6.016495823860168457e-01 1.498068869113922119e-01
-4.588686823844909668e-01 8.388956189155578613e-01 -2.927345931529998779e-01 1.429789811372756958e-01
4.428399503231048584e-01 5.015659332275390625e-01 7.431850433349609375e-01 -2.372634559869766235e-01
0.000000000000000000e+00 0.000000000000000000e+00 0.000000000000000000e+00 1.000000000000000000e+00
7.434747815132141113e-01 2.784398794174194336e-01 -6.080430150032043457e-01 1.558569371700286865e-01
-4.607830941677093506e-01 8.722290992736816406e-01 -1.639968007802963257e-01 1.036159172654151917e-01
4.846896529197692871e-01 4.021036028861999512e-01 7.767809033393859863e-01 -2.531511783599853516e-01
0.000000000000000000e+00 0.000000000000000000e+00 0.000000000000000000e+00 1.000000000000000000e+00
7.258304953575134277e-01 3.570779263973236084e-01 -5.879330635070800781e-01 1.525356769561767578e-01
-4.372372031211853027e-01 8.993232250213623047e-01 6.409985944628715515e-03 5.027430132031440735e-02
5.310308933258056641e-01 2.524136602878570557e-01 8.088840842247009277e-01 -2.690271437168121338e-01
0.000000000000000000e+00 0.000000000000000000e+00 0.000000000000000000e+00 1.000000000000000000e+00
7.132537961006164551e-01 3.961651623249053955e-01 -5.782058835029602051e-01 1.488076746463775635e-01
-3.713135719299316406e-01 9.132409691810607910e-01 1.676802188158035278e-01 -6.158201023936271667e-03
5.944705605506896973e-01 9.509726613759994507e-02 7.984742522239685059e-01 -2.670027315616607666e-01
0.000000000000000000e+00 0.000000000000000000e+00 0.000000000000000000e+00 1.000000000000000000e+00
7.077763080596923828e-01 4.208049476146697998e-01 -5.674293637275695801e-01 1.443362236022949219e-01
-3.004515767097473145e-01 9.062707424163818359e-01 2.973244786262512207e-01 -5.255025252699851990e-02
6.393602490425109863e-01 -3.995409607887268066e-02 7.678685784339904785e-01 -2.597602009773254395e-01
0.000000000000000000e+00 0.000000000000000000e+00 0.000000000000000000e+00 1.000000000000000000e+00
7.008436322212219238e-01 4.531479477882385254e-01 -5.508856177330017090e-01 1.388305276632308960e-01
-2.441405802965164185e-01 8.780306577682495117e-01 4.116523861885070801e-01 -9.210053086280822754e-02
6.702337265014648438e-01 -1.540104299783706665e-01 7.259939908981323242e-01 -2.483180612325668335e-01
0.000000000000000000e+00 0.000000000000000000e+00 0.000000000000000000e+00 1.000000000000000000e+00
7.017015814781188965e-01 4.734993278980255127e-01 -5.323658585548400879e-01 1.329706758260726929e-01
-1.606428176164627075e-01 8.331168293952941895e-01 5.292544364929199219e-01 -1.355227530002593994e-01
6.941245198249816895e-01 -2.858577966690063477e-01 6.606637239456176758e-01 -2.294047027826309204e-01
0.000000000000000000e+00 0.000000000000000000e+00 0.000000000000000000e+00 1.000000000000000000e+00
6.797398328781127930e-01 5.054851174354553223e-01 -5.314490199089050293e-01 1.334614753723144531e-01
-9.837117046117782593e-02 7.808693647384643555e-01 6.169002652168273926e-01 -1.689521372318267822e-01
7.268261909484863281e-01 -3.670523464679718018e-01 5.805131196975708008e-01 -2.061817646026611328e-01
0.000000000000000000e+00 0.000000000000000000e+00 0.000000000000000000e+00 1.000000000000000000e+00
6.912691593170166016e-01 5.166265964508056641e-01 -5.052163600921630859e-01 1.245305240154266357e-01
-3.284635022282600403e-02 7.209105491638183594e-01 6.922492384910583496e-01 -1.987168490886688232e-01
7.218502163887023926e-01 -4.619360566139221191e-01 5.153124928474426270e-01 -1.865929812192916870e-01
0.000000000000000000e+00 0.000000000000000000e+00 0.000000000000000000e+00 1.000000000000000000e+00
7.119151949882507324e-01 5.146203041076660156e-01 -4.778521358966827393e-01 1.146687567234039307e-01
1.888901181519031525e-02 6.661656498908996582e-01 7.455646395683288574e-01 -2.206504791975021362e-01
7.020114064216613770e-01 -5.398048758506774902e-01 4.645327031612396240e-01 -1.712448745965957642e-01
0.000000000000000000e+00 0.000000000000000000e+00 0.000000000000000000e+00 1.000000000000000000e+00
7.547744512557983398e-01 4.941057264804840088e-01 -4.314805567264556885e-01 9.727438539266586304e-02
6.398209184408187866e-02 5.991732478141784668e-01 7.980588674545288086e-01 -2.421139925718307495e-01
6.528565883636474609e-01 -6.299613118171691895e-01 4.206265211105346680e-01 -1.579846739768981934e-01
0.000000000000000000e+00 0.000000000000000000e+00 0.000000000000000000e+00 1.000000000000000000e+00
7.996810674667358398e-01 4.733617901802062988e-01 -3.693766593933105469e-01 7.451449334621429443e-02
1.007472798228263855e-01 5.006841421127319336e-01 8.597468137741088867e-01 -2.686727643013000488e-01
5.919125080108642578e-01 -7.247372865676879883e-01 3.526978194713592529e-01 -1.360538601875305176e-01
0.000000000000000000e+00 0.000000000000000000e+00 0.000000000000000000e+00 1.000000000000000000e+00
8.610547184944152832e-01 4.151857793331146240e-01 -2.936086654663085938e-01 4.749343544244766235e-02
1.239599213004112244e-01 3.885926306247711182e-01 9.130330681800842285e-01 -2.907939255237579346e-01
4.931723475456237793e-01 -8.225671052932739258e-01 2.831332385540008545e-01 -1.103231757879257202e-01
0.000000000000000000e+00 0.000000000000000000e+00 0.000000000000000000e+00 1.000000000000000000e+00
8.765412569046020508e-01 3.940335214138031006e-01 -2.764284610748291016e-01 4.004578664898872375e-02
1.614293158054351807e-01 3.003801107406616211e-01 9.400597214698791504e-01 -3.036046922206878662e-01
4.534487128257751465e-01 -8.686246871948242188e-01 1.996869146823883057e-01 -8.361592888832092285e-02
0.000000000000000000e+00 0.000000000000000000e+00 0.000000000000000000e+00 1.000000000000000000e+00
9.107396602630615234e-01 3.244268894195556641e-01 -2.555401921272277832e-01 3.097315132617950439e-02
1.944345682859420776e-01 2.090605795383453369e-01 9.583781957626342773e-01 -3.136118948459625244e-01
3.643470108509063721e-01 -9.225186109542846680e-01 1.273199766874313354e-01 -5.669637396931648254e-02
0.000000000000000000e+00 0.000000000000000000e+00 0.000000000000000000e+00 1.000000000000000000e+00
9.740074872970581055e-01 6.095429137349128723e-02 -2.181607931852340698e-01 1.312928646802902222e-02
2.105782330036163330e-01 1.112212836742401123e-01 9.712295532226562500e-01 -3.209671080112457275e-01
8.346471935510635376e-02 -9.919244050979614258e-01 9.549470990896224976e-02 -3.038893267512321472e-02
0.000000000000000000e+00 0.000000000000000000e+00 0.000000000000000000e+00 1.000000000000000000e+00
9.793470501899719238e-01 6.834676861763000488e-02 -1.902850121259689331e-01 6.229412974789738655e-04
1.887474805116653442e-01 2.835004962980747223e-02 9.816163778305053711e-01 -3.270610272884368896e-01
7.248494029045104980e-02 -9.972588419914245605e-01 1.486427150666713715e-02 -1.539492281153798103e-03
0.000000000000000000e+00 0.000000000000000000e+00 0.000000000000000000e+00 1.000000000000000000e+00
9.840095639228820801e-01 1.062930468469858170e-02 -1.777971833944320679e-01 -3.333043074235320091e-03
1.781100034713745117e-01 -6.592189520597457886e-02 9.817999005317687988e-01 -3.312007486820220947e-01
-1.284868805669248104e-03 -9.977682828903198242e-01 -6.676096469163894653e-02 3.497839346528053284e-02
0.000000000000000000e+00 0.000000000000000000e+00 0.000000000000000000e+00 1.000000000000000000e+00
9.821003079414367676e-01 4.386972263455390930e-02 -1.831793040037155151e-01 2.493473002687096596e-04
1.869611293077468872e-01 -1.087712273001670837e-01 9.763269424438476562e-01 -3.319519460201263428e-01
2.290654182434082031e-02 -9.930982589721679688e-01 -1.150261238217353821e-01 5.431530997157096863e-02
0.000000000000000000e+00 0.000000000000000000e+00 0.000000000000000000e+00 1.000000000000000000e+00
9.697762131690979004e-01 -1.919063925743103027e-01 -1.506854891777038574e-01 -7.082680240273475647e-03
1.399481147527694702e-01 -6.840705871582031250e-02 9.877930879592895508e-01 -3.329802751541137695e-01
-1.998717784881591797e-01 -9.790262579917907715e-01 -3.948259726166725159e-02 4.011322185397148132e-02
0.000000000000000000e+00 0.000000000000000000e+00 0.000000000000000000e+00 1.000000000000000000e+00
9.697356820106506348e-01 2.339493036270141602e-01 -6.986264884471893311e-02 -3.301534801721572876e-02
5.560890212655067444e-02 6.698645651340484619e-02 9.962028861045837402e-01 -3.289230465888977051e-01
2.377407848834991455e-01 -9.699386954307556152e-01 5.194949731230735779e-02 -1.706597581505775452e-02
0.000000000000000000e+00 0.000000000000000000e+00 0.000000000000000000e+00 1.000000000000000000e+00
8.172792792320251465e-01 5.694927573204040527e-01 -8.793354034423828125e-02 -1.777602918446063995e-02
-3.587004169821739197e-02 2.025808095932006836e-01 9.786084294319152832e-01 -3.155665099620819092e-01
5.751241445541381836e-01 -7.966420054435729980e-01 1.859929263591766357e-01 -7.937248051166534424e-02
0.000000000000000000e+00 0.000000000000000000e+00 0.000000000000000000e+00 1.000000000000000000e+00
7.698474526405334473e-01 6.331118345260620117e-01 -8.064780384302139282e-02 -1.339230313897132874e-02
-1.602977663278579712e-01 3.141171634197235107e-01 9.357534050941467285e-01 -2.910475432872772217e-01
6.177697777748107910e-01 -7.074599862098693848e-01 3.433088064193725586e-01 -1.328006684780120850e-01
0.000000000000000000e+00 0.000000000000000000e+00 0.000000000000000000e+00 1.000000000000000000e+00
9.475612640380859375e-01 2.107411772012710571e-01 2.402414083480834961e-01 -1.207016259431838989e-01
-3.076392412185668945e-01 3.979985415935516357e-01 8.642660379409790039e-01 -2.560789287090301514e-01
8.652073889970779419e-02 -8.928524255752563477e-01 4.419600963592529297e-01 -1.393441259860992432e-01
0.000000000000000000e+00 0.000000000000000000e+00 0.000000000000000000e+00 1.000000000000000000e+00
8.879181146621704102e-01 3.695648908615112305e-01 2.739038169384002686e-01 -1.227769777178764343e-01
-4.388696253299713135e-01 5.021799802780151367e-01 7.451235055923461914e-01 -2.073659002780914307e-01
1.378225386142730713e-01 -7.818165421485900879e-01 6.080853343009948730e-01 -1.933622658252716064e-01
0.000000000000000000e+00 0.000000000000000000e+00 0.000000000000000000e+00 1.000000000000000000e+00
8.103367686271667480e-01 5.023195147514343262e-01 3.017107844352722168e-01 -1.212631314992904663e-01
-5.743383169174194336e-01 5.788218975067138672e-01 5.788785815238952637e-01 -1.460371613502502441e-01
1.161453202366828918e-01 -6.423707008361816406e-01 7.575421929359436035e-01 -2.358276247978210449e-01
0.000000000000000000e+00 0.000000000000000000e+00 0.000000000000000000e+00 1.000000000000000000e+00
7.364940643310546875e-01 5.877667069435119629e-01 3.348229825496673584e-01 -1.215126439929008484e-01
-6.749184727668762207e-01 6.052803993225097656e-01 4.220433831214904785e-01 -9.101683646440505981e-02
4.540146142244338989e-02 -5.368108153343200684e-01 8.424800634384155273e-01 -2.565614581108093262e-01
0.000000000000000000e+00 0.000000000000000000e+00 0.000000000000000000e+00 1.000000000000000000e+00
6.614605784416198730e-01 7.035573720932006836e-01 2.597629427909851074e-01 -8.669245988130569458e-02
-7.491517663002014160e-01 6.035599112510681152e-01 2.729222476482391357e-01 -4.104818031191825867e-02
3.523412719368934631e-02 -3.751292526721954346e-01 9.263026714324951172e-01 -2.776364088058471680e-01
0.000000000000000000e+00 0.000000000000000000e+00 0.000000000000000000e+00 1.000000000000000000e+00
6.862536072731018066e-01 6.927502751350402832e-01 2.217043042182922363e-01 -7.586719840764999390e-02
-7.273165583610534668e-01 6.569740772247314453e-01 1.984826922416687012e-01 -1.467641629278659821e-02
-8.154925890266895294e-03 -2.974587082862854004e-01 9.546998739242553711e-01 -2.810090482234954834e-01
0.000000000000000000e+00 0.000000000000000000e+00 0.000000000000000000e+00 1.000000000000000000e+00
6.900659799575805664e-01 6.903889179229736328e-01 2.171910852193832397e-01 -7.465481758117675781e-02
-7.139071226119995117e-01 6.986267566680908203e-01 4.751098528504371643e-02 3.192368522286415100e-02
-1.189344599843025208e-01 -1.878399997949600220e-01 9.749721288681030273e-01 -2.769072055816650391e-01
0.000000000000000000e+00 0.000000000000000000e+00 0.000000000000000000e+00 1.000000000000000000e+00
6.700728535652160645e-01 7.134510278701782227e-01 2.049136161804199219e-01 -6.908532977104187012e-02
-7.247326374053955078e-01 6.884915232658386230e-01 -2.723741903901100159e-02 5.202682688832283020e-02
-1.605138331651687622e-01 -1.302565336227416992e-01 9.784009456634521484e-01 -2.728644907474517822e-01
0.000000000000000000e+00 0.000000000000000000e+00 0.000000000000000000e+00 1.000000000000000000e+00
6.544068455696105957e-01 7.332838177680969238e-01 1.845173537731170654e-01 -6.131319329142570496e-02
-7.325051426887512207e-01 6.753224134445190430e-01 -8.588182926177978516e-02 6.736601889133453369e-02
-1.875844448804855347e-01 -7.895826548337936401e-02 9.790699481964111328e-01 -2.690007090568542480e-01
0.000000000000000000e+00 0.000000000000000000e+00 0.000000000000000000e+00 1.000000000000000000e+00
5.765970945358276367e-01 7.942900061607360840e-01 1.914134174585342407e-01 -5.593013763427734375e-02
-7.592201232910156250e-01 6.074462532997131348e-01 -2.336533814668655396e-01 1.096805781126022339e-01
-3.018619120121002197e-01 -1.060110609978437424e-02 9.532928466796875000e-01 -2.546653449535369873e-01
0.000000000000000000e+00 0.000000000000000000e+00 0.000000000000000000e+00 1.000000000000000000e+00
5.766741037368774414e-01 7.923542261123657227e-01 1.990507245063781738e-01 -5.742994695901870728e-02
-6.742416024208068848e-01 5.991694927215576172e-01 -4.317336976528167725e-01 1.646378189325332642e-01
-4.613512754440307617e-01 1.147612482309341431e-01 8.797639608383178711e-01 -2.223295420408248901e-01
0.000000000000000000e+00 0.000000000000000000e+00 0.000000000000000000e+00 1.000000000000000000e+00
5.894221067428588867e-01 7.814971804618835449e-01 2.045564204454421997e-01 -6.098215281963348389e-02
-6.080912947654724121e-01 5.959232449531555176e-01 -5.245001316070556641e-01 1.892428100109100342e-01
-5.317954421043395996e-01 1.847629994153976440e-01 8.264720439910888672e-01 -2.012856900691986084e-01
0.000000000000000000e+00 0.000000000000000000e+00 0.000000000000000000e+00 1.000000000000000000e+00
6.524271368980407715e-01 7.318577766418457031e-01 1.967822462320327759e-01 -6.371938437223434448e-02
-4.963764250278472900e-01 6.088785529136657715e-01 -6.187707185745239258e-01 2.122730761766433716e-01
-5.726686716079711914e-01 3.060247004032135010e-01 7.605258822441101074e-01 -1.748462021350860596e-01
0.000000000000000000e+00 0.000000000000000000e+00 0.000000000000000000e+00 1.000000000000000000e+00
7.326964735984802246e-01 6.603318452835083008e-01 1.646744757890701294e-01 -6.086586043238639832e-02
-3.935107886791229248e-01 6.084894537925720215e-01 -6.891224384307861328e-01 2.275122404098510742e-01
