0.4592158794403076 0.8831479549407959 -0.09576249122619629 0.02462594024837017 
-0.888311505317688 0.4559452831745148 -0.05492289736866951 0.05463801324367523 
-0.004842592868953943 0.1102883890271187 0.9938878417015076 -0.3020287156105042 
0 0 0 1 

0.3533176779747009 0.9290177822113037 -0.1099656969308853 0.033376794308424 
-0.9351843595504761 0.3538180589675903 -0.01558583881705999 0.03994959965348244 
0.02442832477390766 0.1083449572324753 0.993813157081604 -0.3036026060581207 
0 0 0 1 

0.2727963328361511 0.9535242915153503 -0.1279588788747787 0.0417494922876358 
-0.9587104916572571 0.2805362939834595 0.04662009328603745 0.01654980145394802 
0.08035049587488174 0.1099577471613884 0.9906831383705139 -0.3032272756099701 
0 0 0 1 

0.1932293325662613 0.9678047299385071 -0.1612962335348129 0.05364438518881798 
-0.9722446799278259 0.2109731137752533 0.1011464819312096 -0.003581517841666937 
0.1319192200899124 0.1372749358415604 0.9817091822624207 -0.3013325929641724 
0 0 0 1 

0.1143103912472725 0.9804438948631287 -0.1601963341236115 0.05511061474680901 
-0.971210777759552 0.1442144215106964 0.1896093934774399 -0.0335611030459404 
0.2090039998292923 0.1339101046323776 0.9687029719352722 -0.2986303865909576 
0 0 0 1 

0.188773438334465 0.9709213376045227 -0.1472285389900208 0.0500875860452652 
-0.9538626074790955 0.2169325798749924 0.2075723707675934 -0.03890358284115791 
0.2334751337766647 0.1012516543269157 0.9670767784118652 -0.2962717413902283 
0 0 0 1 

0.2734472155570984 0.9501273632049561 -0.1499482244253159 0.04847639054059982 
-0.937800407409668 0.2980079054832458 0.1781051307916641 -0.02745557017624378 
0.213908314704895 0.0919191911816597 0.9725194573402405 -0.2952173948287964 
0 0 0 1 

0.3256460428237915 0.9332414269447327 -0.1517069041728973 0.04741944000124931 
-0.9335300326347351 0.3428023457527161 0.1049192324280739 -0.001948074903339148 
0.1499204486608505 0.1074564531445503 0.9828412532806396 -0.29493448138237 
0 0 0 1 

0.35948845744133 0.9132126569747925 -0.1918611228466034 0.05844644457101822 
-0.9296743869781494 0.368225634098053 0.01074287667870522 0.03073042631149292 
0.08045872300863266 0.1745064258575439 0.9813632965087891 -0.2904680967330933 
0 0 0 1 

0.4032311141490936 0.8912174701690674 -0.2076928615570068 0.0608041025698185 
-0.9148789644241333 0.3975831568241119 -0.07017389684915543 0.05718634650111198 
0.02003500424325466 0.218310073018074 0.9756737351417542 -0.2850002348423004 
0 0 0 1 

