1 0 0 -0.04542167112231255 
0 1 0 0.0009935460984706879 
0 0 1 -0.2875000238418579 
0 0 0 1 

0.9963515996932983 0.08388977497816086 0.01568427309393883 -0.04826951026916504 
-0.08358810096979141 0.9963194131851196 -0.01899203099310398 0.009774600155651569 
-0.01721977815032005 0.01761172525584698 0.9996966123580933 -0.2932046949863434 
0 0 0 1 

0.984328031539917 0.174065887928009 0.02826937101781368 -0.05037326365709305 
-0.172514796257019 0.9837226867675781 -0.05028018727898598 0.02441380172967911 
-0.03656134009361267 0.04461527988314629 0.9983350038528442 -0.2927412092685699 
0 0 0 1 

0.9755162596702576 0.2178126722574234 0.03042526915669441 -0.05009213835000992 
-0.2156850248575211 0.9745409488677979 -0.06123586371541023 0.0302119068801403 
-0.042988620698452 0.05317429825663567 0.9976595044136047 -0.2925185561180115 
0 0 0 1 

