-0.1677170246839523 0.7195579409599304 0.6738750338554382 -0.2057168781757355 
-0.9351082444190979 0.1003280058503151 -0.3398632407188416 0.1536480933427811 
-0.3121598660945892 -0.6871468424797058 0.6560377478599548 -0.202969565987587 
0 0 0 1 

-0.1133564859628677 0.706714928150177 0.6983583569526672 -0.2167786955833435 
-0.9631447196006775 0.09440667182207108 -0.2518725097179413 0.1241522803902626 
-0.2439317256212234 -0.7011715173721313 0.6699671149253845 -0.2054644525051117 
0 0 0 1 

-0.1488337367773056 0.6086870431900024 0.7793257236480713 -0.2448360025882721 
-0.9649763107299805 0.08277148753404617 -0.2489369064569473 0.1246634125709534 
-0.2160306721925735 -0.7890810370445251 0.5750494003295898 -0.1686842143535614 
0 0 0 1 

-0.2024006247520447 0.5780603885650635 0.790493369102478 -0.2477275729179382 
-0.9728500843048096 -0.02617612294852734 -0.2299502491950989 0.1211049929261208 
-0.1122329756617546 -0.8155738115310669 0.5676645040512085 -0.1646094173192978 
0 0 0 1 

-0.2535522282123566 0.441278487443924 0.860804557800293 -0.2626131772994995 
-0.9643277525901794 -0.04535014182329178 -0.2607972323894501 0.1315766125917435 
-0.07604657113552094 -0.8962235450744629 0.4370357692241669 -0.1193949207663536 
0 0 0 1 

-0.3346218466758728 0.3337022066116333 0.8812892436981201 -0.2588460147380829 
-0.9422580003738403 -0.1317131519317627 -0.3078980147838593 0.1467205286026001 
0.01333125028759241 -0.9334313869476318 0.3585079312324524 -0.09834501892328262 
0 0 0 1 

-0.3643344640731812 0.3507193624973297 0.8627027869224548 -0.2450090944766998 
-0.926915168762207 -0.2260312139987946 -0.2995628416538239 0.1409783810377121 
0.08993538469076157 -0.9087934494018555 0.4074382483959198 -0.1213518753647804 
0 0 0 1 

-0.378149539232254 0.4441743791103363 0.812226414680481 -0.2235491573810577 
-0.921076238155365 -0.2685212194919586 -0.2819834649562836 0.1327868849039078 
0.09285029768943787 -0.8547545075416565 0.5106598734855652 -0.1611110866069794 
0 0 0 1 

-0.3805167973041534 0.1440102905035019 0.91349196434021 -0.251692146062851 
-0.9180681705474854 -0.1775657087564468 -0.3544303178787231 0.1540843844413757 
0.1111633852124214 -0.9735148549079895 0.1997782438993454 -0.06673295050859451 
0 0 0 1 

-0.3972654044628143 -0.02462204173207283 0.9173731803894043 -0.251966267824173 
-0.9154976606369019 -0.05863490328192711 -0.3980272114276886 0.1657396852970123 
0.06359048932790756 -0.9979757070541382 0.0007524203392677009 -0.00608581118285656 
0 0 0 1 

