0.9963157176971436 0.08303315192461014 0.02146033570170403 -0.05036969482898712 
-0.08269079774618149 0.9964407086372375 -0.0163777768611908 0.009605742059648037 
-0.02274384349584579 0.01454287581145763 0.9996355175971985 -0.2931038737297058 
0 0 0 1 

0.9852968454360962 0.1662900894880295 0.03921074047684669 -0.05382585898041725 
-0.164445623755455 0.9852966070175171 -0.04634649679064751 0.02384940721094608 
-0.04634122177958488 0.03921697661280632 0.9981555342674255 -0.2924255132675171 
0 0 0 1 

0.9656356573104858 0.2566624879837036 0.04089043289422989 -0.05202135816216469 
-0.2531049847602844 0.9644192457199097 -0.07637567818164825 0.03817550837993622 
-0.05903833359479904 0.0634014755487442 0.9962402582168579 -0.2917395234107971 
0 0 0 1 

0.9360790848731995 0.3473705351352692 0.055583406239748 -0.05370891094207764 
-0.3389762341976166 0.9329089522361755 -0.1215560361742973 0.05646664649248123 
-0.09407928586006165 0.09494457393884659 0.9910270571708679 -0.289018452167511 
0 0 0 1 

-0.2190747261047363 0.8747628331184387 0.4321993887424469 -0.1126886606216431 
-0.8111795783042908 0.08286773413419724 -0.578896164894104 0.2299810498952866 
-0.5422122478485107 -0.4774127602577209 0.6914354562759399 -0.207159623503685 
0 0 0 1 

-0.1885166466236115 0.8362787365913391 0.5148777961730957 -0.1442110389471054 
-0.8656159043312073 0.106139063835144 -0.4893295764923096 0.2021310478448868 
-0.4638645648956299 -0.5379332900047302 0.7038873434066772 -0.2167705893516541 
0 0 0 1 

-0.1730687767267227 0.7712016701698303 0.612613320350647 -0.1833795607089996 
-0.9038200974464417 0.1227916181087494 -0.4099162817001343 0.1758635640144348 
-0.3913519680500031 -0.6246359348297119 0.6757762432098389 -0.2078969776630402 
0 0 0 1 

-0.1493202447891235 0.7452846169471741 0.6498109102249146 -0.1979429125785828 
-0.9372698664665222 0.1026784256100655 -0.3331400752067566 0.1510136425495148 
-0.3150057196617126 -0.6587927937507629 0.6832008957862854 -0.2115555852651596 
0 0 0 1 

-0.09668421745300293 0.7262232899665833 0.6806260347366333 -0.2113740295171738 
-0.9642437100410461 0.1011875346302986 -0.2449390739202499 0.1215535253286362 
-0.2467513233423233 -0.6799711585044861 0.6904730200767517 -0.2116020768880844 
0 0 0 1 

-0.1216900050640106 0.6600595712661743 0.7412914633750916 -0.233117088675499 
-0.9657307267189026 0.09376058727502823 -0.2420199066400528 0.1223182305693626 
-0.2292513847351074 -0.7453391551971436 0.6260300278663635 -0.1845077127218246 
0 0 0 1 

