0.7947408556938171 0.6068905591964722 -0.008405010215938091 -0.02513216435909271 
-0.5994817018508911 0.7827226519584656 -0.1672327965497971 0.08189243823289871 
-0.09491325914859772 0.137945368885994 0.9858816266059875 -0.289811372756958 
0 0 0 1 

0.7218325734138489 0.691052258014679 -0.03747473284602165 -0.01092196721583605 
-0.6867178082466125 0.7084819674491882 -0.1627016961574554 0.08351920545101166 
-0.08588524162769318 0.1431779563426971 0.9859634041786194 -0.2906112968921661 
0 0 0 1 

0.458856076002121 0.8567485809326172 -0.2354415953159332 0.06593623012304306 
-0.8876723051071167 0.4305289685726166 -0.1633471995592117 0.08650482445955276 
-0.03858310729265213 0.2839478850364685 0.9580631256103516 -0.2745543420314789 
0 0 0 1 

0.5335527062416077 0.8188235759735107 -0.2117766439914703 0.0532856211066246 
-0.8412256240844727 0.4878692626953125 -0.2330726683139801 0.1055963262915611 
-0.08752614259719849 0.3025085031986237 0.9491194486618042 -0.268029510974884 
0 0 0 1 

0.5954018235206604 0.7765288949012756 -0.2061538547277451 0.04732280224561691 
-0.7942344546318054 0.5301761627197266 -0.2968244552612305 0.12114517390728 
-0.1211949735879898 0.3404642939567566 0.9324139952659607 -0.2595878541469574 
0 0 0 1 

0.6756912469863892 0.7156587839126587 -0.1768437325954437 0.03264368698000908 
-0.719233512878418 0.587370753288269 -0.3710776269435883 0.1364425420761108 
-0.161692202091217 0.377925843000412 0.9116072058677673 -0.2492412179708481 
0 0 0 1 

0.7373392581939697 0.6553961634635925 -0.163665771484375 0.02521611005067825 
-0.6477190852165222 0.6171342730522156 -0.4467718601226807 0.1515740603208542 
-0.1918088793754578 0.4354318976402283 0.8795500993728638 -0.2348653525114059 
0 0 0 1 

0.7681605815887451 0.6231237053871155 -0.1471254378557205 0.01800656504929066 
-0.592248260974884 0.6042426228523254 -0.5330408215522766 0.1709604412317276 
-0.2432511001825333 0.496595710515976 0.8331995010375977 -0.2141947895288467 
0 0 0 1 

0.7966581583023071 0.5849047303199768 -0.1523882001638412 0.01648363657295704 
-0.5332109332084656 0.5613566040992737 -0.6329017877578735 0.196561872959137 
-0.2846432328224182 0.5854613780975342 0.7590869665145874 -0.1869013756513596 
0 0 0 1 

0.8105742931365967 0.5669251084327698 -0.1468516886234283 0.01368734054267406 
-0.4956391155719757 0.5305238366127014 -0.6876671314239502 0.2112432420253754 
-0.3119473159313202 0.6301906108856201 0.7110190391540527 -0.1695011854171753 
0 0 0 1 

