0.7931215167045593 0.6090311408042908 -0.006252233404666185 -0.02577807381749153 
-0.6010115146636963 0.7809317111968994 -0.1700900197029114 0.08241555839776993 
-0.09870758652687073 0.1386597007513046 0.9854087233543396 -0.2895142734050751 
0 0 0 1 

0.7250662446022034 0.6878721714019775 -0.03332634270191193 -0.01229779236018658 
-0.6829754710197449 0.7120038270950317 -0.1630790084600449 0.08322905004024506 
-0.08844909071922302 0.1410041600465775 0.986050009727478 -0.2905776500701904 
0 0 0 1 

0.6490879058837891 0.7599891424179077 -0.0331839993596077 -0.007122728507965803 
-0.7562450170516968 0.6399399042129517 -0.1362721920013428 0.07775332033634186 
-0.0823296532034874 0.1135478466749191 0.9901155233383179 -0.2935791909694672 
0 0 0 1 

0.5510595440864563 0.8332441449165344 -0.04513810947537422 0.002512059872969985 
-0.8326466679573059 0.5454832911491394 -0.09564194828271866 0.0667998418211937 
-0.05507102608680725 0.09028850495815277 0.994391918182373 -0.2982787191867828 
0 0 0 1 

0.4017252624034882 0.8933175802230835 -0.2014953196048737 0.05913687497377396 
-0.915513813495636 0.3968778550624847 -0.0657440572977066 0.05674002692103386 
0.02123868465423584 0.2108828276395798 0.9772806167602539 -0.2857003808021545 
0 0 0 1 

0.4574836790561676 0.8581007719039917 -0.2331769168376923 0.06547680497169495 
-0.8882917165756226 0.4290502965450287 -0.1638695597648621 0.08644112199544907 
-0.04057203978300095 0.2820968329906464 0.958527684211731 -0.2747132778167725 
0 0 0 1 

0.5334932208061218 0.8182467222213745 -0.2141429334878922 0.05413247644901276 
-0.8417961001396179 0.4890466034412384 -0.2285006195306778 0.1041535139083862 
-0.08224404603242874 0.3021682500839233 0.9497001171112061 -0.2683601081371307 
0 0 0 1 

0.5947616100311279 0.776721179485321 -0.2072744816541672 0.0475177951157093 
-0.7948263883590698 0.5295307636260986 -0.2963916957378387 0.1209446787834167 
-0.1204555630683899 0.3410296440124512 0.9323031902313232 -0.2594700753688812 
0 0 0 1 

0.6761168837547302 0.7139489054679871 -0.1820517480373383 0.03406878188252449 
-0.7197010517120361 0.5870397090911865 -0.3706947565078735 0.1361239105463028 
-0.1577855795621872 0.3816557824611664 0.9107373356819153 -0.2491662800312042 
0 0 0 1 

0.6982895135879517 0.6939868330955505 -0.1754257082939148 0.03082669712603092 
-0.6948642134666443 0.5983213782310486 -0.3989677429199219 0.1419665366411209 
-0.1719173938035965 0.4004918932914734 0.9000280499458313 -0.2443063408136368 
0 0 0 1 

