1.000000000000000000e+00 0.000000000000000000e+00 0.000000000000000000e+00 -3.619798645377159119e-02
0.000000000000000000e+00 1.000000000000000000e+00 0.000000000000000000e+00 -1.327119767665863037e-03
0.000000000000000000e+00 0.000000000000000000e+00 1.000000000000000000e+00 -2.960163652896881104e-01
0.000000000000000000e+00 0.000000000000000000e+00 0.000000000000000000e+00 1.000000000000000000e+00
9.907459020614624023e-01 1.351067572832107544e-01 1.300426758825778961e-02 -4.342699050903320312e-02
-1.341928690671920776e-01 9.893950819969177246e-01 -5.558555945754051208e-02 2.799820154905319214e-02
-2.037637494504451752e-02 5.332607775926589966e-02 9.983690381050109863e-01 -2.968636453151702881e-01
0.000000000000000000e+00 0.000000000000000000e+00 0.000000000000000000e+00 1.000000000000000000e+00
9.710288047790527344e-01 2.357600033283233643e-01 3.898482024669647217e-02 -5.143262073397636414e-02
-2.310016602277755737e-01 9.678642153739929199e-01 -9.938074648380279541e-02 5.221478268504142761e-02
-6.116209551692008972e-02 8.749597519636154175e-02 9.942855834960937500e-01 -2.945010066032409668e-01
0.000000000000000000e+00 0.000000000000000000e+00 0.000000000000000000e+00 1.000000000000000000e+00
9.415442347526550293e-01 3.350533545017242432e-01 3.512106090784072876e-02 -4.947316274046897888e-02
-3.273324966430664062e-01 9.345049262046813965e-01 -1.398364156484603882e-01 7.352413982152938843e-02
-7.967357337474822998e-02 1.201658993959426880e-01 9.895514249801635742e-01 -2.919282615184783936e-01
0.000000000000000000e+00 0.000000000000000000e+00 0.000000000000000000e+00 1.000000000000000000e+00
8.965055942535400391e-01 4.430219233036041260e-01 3.014740534126758575e-03 -3.394109010696411133e-02
-4.365804791450500488e-01 8.845868110656738281e-01 -1.640225946903228760e-01 8.762355893850326538e-02
-7.533237338066101074e-02 1.457309722900390625e-01 9.864519238471984863e-01 -2.910518348217010498e-01
0.000000000000000000e+00 0.000000000000000000e+00 0.000000000000000000e+00 1.000000000000000000e+00
8.328116536140441895e-01 5.533751249313354492e-01 -1.415143255144357681e-02 -2.275545895099639893e-02
-5.457550883293151855e-01 8.165308237075805664e-01 -1.882238388061523438e-01 1.016658172011375427e-01
-9.260336309671401978e-02 1.644781827926635742e-01 9.820243716239929199e-01 -2.894357144832611084e-01
0.000000000000000000e+00 0.000000000000000000e+00 0.000000000000000000e+00 1.000000000000000000e+00
7.541086077690124512e-01 6.548686027526855469e-01 -4.966656118631362915e-02 -4.656416829675436020e-03
-6.525270342826843262e-01 7.385528087615966797e-01 -1.695531308650970459e-01 1.000088825821876526e-01
-7.435373961925506592e-02 1.602702438831329346e-01 9.842686057090759277e-01 -2.926753461360931396e-01
0.000000000000000000e+00 0.000000000000000000e+00 0.000000000000000000e+00 1.000000000000000000e+00
6.920606493949890137e-01 7.174413204193115234e-01 -7.956034690141677856e-02 8.479538373649120331e-03
-7.214202880859375000e-01 6.836915016174316406e-01 -1.100828349590301514e-01 8.063299208879470825e-02
-2.458330243825912476e-02 1.335804462432861328e-01 9.907330870628356934e-01 -2.997408509254455566e-01
0.000000000000000000e+00 0.000000000000000000e+00 0.000000000000000000e+00 1.000000000000000000e+00
5.851193666458129883e-01 8.099240660667419434e-01 -4.071218892931938171e-02 -2.357865014346316457e-04
-8.103829026222229004e-01 5.821037888526916504e-01 -6.659295409917831421e-02 6.692702323198318481e-02
-3.023652359843254089e-02 7.195726782083511353e-02 9.969493746757507324e-01 -3.072895407676696777e-01
0.000000000000000000e+00 0.000000000000000000e+00 0.000000000000000000e+00 1.000000000000000000e+00
5.015380978584289551e-01 8.634605407714843750e-01 -5.380494520068168640e-02 8.829074911773204803e-03
-8.649352192878723145e-01 4.991148114204406738e-01 -5.264033004641532898e-02 6.287135928869247437e-02
-1.859802752733230591e-02 7.293897122144699097e-02 9.971633553504943848e-01 -3.107404708862304688e-01
0.000000000000000000e+00 0.000000000000000000e+00 0.000000000000000000e+00 1.000000000000000000e+00
4.035346210002899170e-01 9.128184318542480469e-01 -6.262667477130889893e-02 1.634535193443298340e-02
-9.145945310592651367e-01 4.043716192245483398e-01 7.530275615863502026e-04 4.353565722703933716e-02
2.601180225610733032e-02 5.697414651513099670e-02 9.980365037918090820e-01 -3.153169155120849609e-01
0.000000000000000000e+00 0.000000000000000000e+00 0.000000000000000000e+00 1.000000000000000000e+00
2.940662205219268799e-01 9.533461332321166992e-01 -6.823308765888214111e-02 2.319324202835559845e-02
-9.543468356132507324e-01 2.967890799045562744e-01 3.373300656676292419e-02 3.128548339009284973e-02
5.241007730364799500e-02 5.519833043217658997e-02 9.970983266830444336e-01 -3.174006640911102295e-01
0.000000000000000000e+00 0.000000000000000000e+00 0.000000000000000000e+00 1.000000000000000000e+00
1.799874901771545410e-01 9.802948832511901855e-01 -8.140011876821517944e-02 3.278972581028938293e-02
-9.809784293174743652e-01 1.849959045648574829e-01 5.880488082766532898e-02 2.195399254560470581e-02
7.270477712154388428e-02 6.926763802766799927e-02 9.949451684951782227e-01 -3.179905116558074951e-01
0.000000000000000000e+00 0.000000000000000000e+00 0.000000000000000000e+00 1.000000000000000000e+00
9.730166196823120117e-02 9.909144043922424316e-01 -9.285207092761993408e-02 3.987952694296836853e-02
-9.904442429542541504e-01 1.055708453059196472e-01 8.874041587114334106e-02 1.034050341695547104e-02
9.773656725883483887e-02 8.333020657300949097e-02 9.917176961898803711e-01 -3.170875310897827148e-01
0.000000000000000000e+00 0.000000000000000000e+00 0.000000000000000000e+00 1.000000000000000000e+00
1.524986140429973602e-02 9.941695928573608398e-01 -1.067442744970321655e-01 4.912188276648521423e-02
-9.969896078109741211e-01 2.323565445840358734e-02 7.397279143333435059e-02 1.729718968272209167e-02
7.602176070213317871e-02 1.052948758006095886e-01 9.915311932563781738e-01 -3.108675777912139893e-01
0.000000000000000000e+00 0.000000000000000000e+00 0.000000000000000000e+00 1.000000000000000000e+00
-8.982069045305252075e-02 8.808979988098144531e-01 -4.647049903869628906e-01 1.725793480873107910e-01
-9.910047650337219238e-01 -3.257275745272636414e-02 1.298018097877502441e-01 -1.103572896681725979e-03
9.920543432235717773e-02 4.721838533878326416e-01 8.758997917175292969e-01 -2.666002511978149414e-01
0.000000000000000000e+00 0.000000000000000000e+00 0.000000000000000000e+00 1.000000000000000000e+00
-1.635850667953491211e-01 8.573607802391052246e-01 -4.880287349224090576e-01 1.819688528776168823e-01
-9.783924221992492676e-01 -7.758946716785430908e-02 1.916448622941970825e-01 -2.303047105669975281e-02
1.264428794384002686e-01 5.088340640068054199e-01 8.515282869338989258e-01 -2.595052719116210938e-01
0.000000000000000000e+00 0.000000000000000000e+00 0.000000000000000000e+00 1.000000000000000000e+00
-1.285887956619262695e-01 7.972201108932495117e-01 -5.898348689079284668e-01 2.078793793916702271e-01
-9.916266202926635742e-01 -1.105121895670890808e-01 6.681454926729202271e-02 1.725558377802371979e-02
-1.191804185509681702e-02 5.934873819351196289e-01 8.047549724578857422e-01 -2.379355281591415405e-01
0.000000000000000000e+00 0.000000000000000000e+00 0.000000000000000000e+00 1.000000000000000000e+00
-8.644450455904006958e-02 7.163156270980834961e-01 -6.924011707305908203e-01 2.304612100124359131e-01
-9.947175979614257812e-01 -2.344184927642345428e-02 9.993645548820495605e-02 9.892283938825130463e-03
5.535487085580825806e-02 6.973825097084045410e-01 7.145582437515258789e-01 -2.191430628299713135e-01
0.000000000000000000e+00 0.000000000000000000e+00 0.000000000000000000e+00 1.000000000000000000e+00
-5.990167707204818726e-02 5.371496677398681641e-01 -8.413572311401367188e-01 2.737045288085937500e-01
-9.858043193817138672e-01 1.006085351109504700e-01 1.344174742698669434e-01 -7.061309879645705223e-04
1.568500697612762451e-01 8.374654650688171387e-01 5.234977602958679199e-01 -1.597162187099456787e-01
0.000000000000000000e+00 0.000000000000000000e+00 0.000000000000000000e+00 1.000000000000000000e+00
-1.232507601380348206e-01 4.024583995342254639e-01 -9.071033596992492676e-01 2.927761077880859375e-01
-9.857879877090454102e-01 5.549421906471252441e-02 1.585633605718612671e-01 -1.238136179745197296e-02
1.141540706157684326e-01 9.137545824050903320e-01 3.898991048336029053e-01 -1.130239441990852356e-01
0.000000000000000000e+00 0.000000000000000000e+00 0.000000000000000000e+00 1.000000000000000000e+00
-1.937802731990814209e-01 3.037434220314025879e-01 -9.328391551971435547e-01 3.022144436836242676e-01
-9.748851656913757324e-01 4.676569998264312744e-02 2.177421450614929199e-01 -3.156954422593116760e-02
1.097625866532325745e-01 9.516052603721618652e-01 2.870528399944305420e-01 -8.037929236888885498e-02
0.000000000000000000e+00 0.000000000000000000e+00 0.000000000000000000e+00 1.000000000000000000e+00
-2.761357426643371582e-01 1.795647144317626953e-01 -9.441956281661987305e-01 3.092187345027923584e-01
-9.588663578033447266e-01 1.574504747986793518e-02 2.834206521511077881e-01 -5.310096591711044312e-02
6.575871258974075317e-02 9.836202859878540039e-01 1.678309440612792969e-01 -4.014530032873153687e-02
0.000000000000000000e+00 0.000000000000000000e+00 0.000000000000000000e+00 1.000000000000000000e+00
-1.907143443822860718e-01 -8.067231774330139160e-01 -5.593085289001464844e-01 1.818224638700485229e-01
-9.510409235954284668e-01 1.068305969238281250e-02 3.088795244693756104e-01 -5.884066224098205566e-02
-2.432050853967666626e-01 5.908333063125610352e-01 -7.692641019821166992e-01 2.712965309619903564e-01
0.000000000000000000e+00 0.000000000000000000e+00 0.000000000000000000e+00 1.000000000000000000e+00
-1.846461296081542969e-01 -8.182609677314758301e-01 -5.443851351737976074e-01 1.756159365177154541e-01
-9.701737165451049805e-01 6.323444098234176636e-02 2.340188473463058472e-01 -3.558152168989181519e-02
-1.570644527673721313e-01 5.713587999343872070e-01 -8.055309057235717773e-01 2.781794965267181396e-01
0.000000000000000000e+00 0.000000000000000000e+00 0.000000000000000000e+00 1.000000000000000000e+00
-9.496356546878814697e-02 -8.148130774497985840e-01 -5.718922615051269531e-01 1.769469082355499268e-01
-9.910626411437988281e-01 2.332003042101860046e-02 1.313426494598388672e-01 -4.303877940401434898e-04
-9.368329495191574097e-02 5.792539119720458984e-01 -8.097449541091918945e-01 2.754931151866912842e-01
0.000000000000000000e+00 0.000000000000000000e+00 0.000000000000000000e+00 1.000000000000000000e+00
1.875899359583854675e-02 -8.307039141654968262e-01 -5.563982129096984863e-01 1.622589826583862305e-01
-9.995626807212829590e-01 -2.830099314451217651e-02 8.553621359169483185e-03 4.125691950321197510e-02
-2.285223640501499176e-02 5.559945106506347656e-01 -8.308713436126708984e-01 2.770067751407623291e-01
0.000000000000000000e+00 0.000000000000000000e+00 0.000000000000000000e+00 1.000000000000000000e+00
5.808019265532493591e-02 -8.355405330657958984e-01 -5.463499426841735840e-01 1.556333899497985840e-01
-9.934825301170349121e-01 5.390379577875137329e-03 -1.138565689325332642e-01 8.042825013399124146e-02
9.807683527469635010e-02 5.494021177291870117e-01 -8.297820091247558594e-01 2.684859335422515869e-01
0.000000000000000000e+00 0.000000000000000000e+00 0.000000000000000000e+00 1.000000000000000000e+00
3.594293072819709778e-02 -8.470729589462280273e-01 -5.302596092224121094e-01 1.544650048017501831e-01
-9.804636836051940918e-01 7.278809696435928345e-02 -1.827361434698104858e-01 9.408819675445556641e-02
1.933875679969787598e-01 5.264685750007629395e-01 -8.279084563255310059e-01 2.641822099685668945e-01
0.000000000000000000e+00 0.000000000000000000e+00 0.000000000000000000e+00 1.000000000000000000e+00
-3.794429823756217957e-02 -8.449555635452270508e-01 -5.334879159927368164e-01 1.638170331716537476e-01
-9.938290119171142578e-01 8.759655058383941650e-02 -6.805184483528137207e-02 5.744740366935729980e-02
1.042324677109718323e-01 5.276139378547668457e-01 -8.430655002593994141e-01 2.838576734066009521e-01
0.000000000000000000e+00 0.000000000000000000e+00 0.000000000000000000e+00 1.000000000000000000e+00
-5.049094930291175842e-02 -8.332003951072692871e-01 -5.506615638732910156e-01 1.688189804553985596e-01
-9.935307502746582031e-01 -1.425450295209884644e-02 1.126671507954597473e-01 1.100116714951582253e-04
-1.017238199710845947e-01 5.527874231338500977e-01 -8.270899057388305664e-01 2.971582114696502686e-01
0.000000000000000000e+00 0.000000000000000000e+00 0.000000000000000000e+00 1.000000000000000000e+00
1.191233098506927490e-01 -8.186087608337402344e-01 -5.618623495101928711e-01 1.589950174093246460e-01
-9.873378872871398926e-01 -1.573699563741683960e-01 1.995109394192695618e-02 2.924056164920330048e-02
-1.047524884343147278e-01 5.523713827133178711e-01 -8.269898891448974609e-01 2.999188601970672607e-01
0.000000000000000000e+00 0.000000000000000000e+00 0.000000000000000000e+00 1.000000000000000000e+00
2.131929695606231689e-01 -7.694264054298400879e-01 -6.021060347557067871e-01 1.579844504594802856e-01
-9.476818442344665527e-01 -3.127206265926361084e-01 6.406892836093902588e-02 1.430142670869827271e-02
-2.375871390104293823e-01 5.569459199905395508e-01 -7.958412170410156250e-01 2.959557771682739258e-01
0.000000000000000000e+00 0.000000000000000000e+00 0.000000000000000000e+00 1.000000000000000000e+00
3.232284486293792725e-01 -7.052415013313293457e-01 -6.309970021247863770e-01 1.514295190572738647e-01
-9.131097793579101562e-01 -4.075289070606231689e-01 -1.226086169481277466e-02 3.697248548269271851e-02
-2.485027611255645752e-01 5.801328420639038086e-01 -7.756879925727844238e-01 2.848185300827026367e-01
0.000000000000000000e+00 0.000000000000000000e+00 0.000000000000000000e+00 1.000000000000000000e+00
3.508187830448150635e-01 -6.964861750602722168e-01 -6.259657144546508789e-01 1.469880789518356323e-01
-9.219333529472351074e-01 -3.740974366664886475e-01 -1.004492715001106262e-01 6.599680334329605103e-02
-1.642106771469116211e-01 6.123383641242980957e-01 -7.733539938926696777e-01 2.760086357593536377e-01
0.000000000000000000e+00 0.000000000000000000e+00 0.000000000000000000e+00 1.000000000000000000e+00
3.678955137729644775e-01 -6.840020418167114258e-01 -6.299155354499816895e-01 1.473498493432998657e-01
-9.255449175834655762e-01 -3.346046507358551025e-01 -1.772195398807525635e-01 9.042917191982269287e-02
-8.955418318510055542e-02 6.482133865356445312e-01 -7.561740279197692871e-01 2.641188204288482666e-01
0.000000000000000000e+00 0.000000000000000000e+00 0.000000000000000000e+00 1.000000000000000000e+00
5.306882858276367188e-01 -5.814580917358398438e-01 -6.166658997535705566e-01 1.378108859062194824e-01
-8.426331281661987305e-01 -4.403408467769622803e-01 -3.099504709243774414e-01 1.267135441303253174e-01
-9.131984412670135498e-02 6.841101050376892090e-01 -7.236393690109252930e-01 2.526431977748870850e-01
0.000000000000000000e+00 0.000000000000000000e+00 0.000000000000000000e+00 1.000000000000000000e+00
6.744957566261291504e-01 -3.957016468048095703e-01 -6.232784390449523926e-01 1.357185095548629761e-01
-7.134491205215454102e-01 -5.664615035057067871e-01 -4.124456048011779785e-01 1.559384614229202271e-01
-1.898579746484756470e-01 7.228701114654541016e-01 -6.643891334533691406e-01 2.485050559043884277e-01
0.000000000000000000e+00 0.000000000000000000e+00 0.000000000000000000e+00 1.000000000000000000e+00
6.934761404991149902e-01 -3.151969611644744873e-01 -6.478747725486755371e-01 1.403719782829284668e-01
-6.526172757148742676e-01 -6.557959914207458496e-01 -3.795018494129180908e-01 1.443077772855758667e-01
-3.052560687065124512e-01 6.859899759292602539e-01 -6.604819893836975098e-01 2.581950128078460693e-01
0.000000000000000000e+00 0.000000000000000000e+00 0.000000000000000000e+00 1.000000000000000000e+00
7.354035973548889160e-01 -2.279121577739715576e-01 -6.381514668464660645e-01 1.421353369951248169e-01
-5.770830512046813965e-01 -7.042654752731323242e-01 -4.135042726993560791e-01 1.476714462041854858e-01
-3.551853597164154053e-01 6.723588109016418457e-01 -6.494432687759399414e-01 2.544770836830139160e-01
0.000000000000000000e+00 0.000000000000000000e+00 0.000000000000000000e+00 1.000000000000000000e+00
7.236976027488708496e-01 -2.198316752910614014e-01 -6.541681885719299316e-01 1.545193195343017578e-01
-5.476831197738647461e-01 -7.596841454505920410e-01 -3.506044447422027588e-01 1.203587055206298828e-01
-4.198870360851287842e-01 6.120083332061767578e-01 -6.701796054840087891e-01 2.648338377475738525e-01
0.000000000000000000e+00 0.000000000000000000e+00 0.000000000000000000e+00 1.000000000000000000e+00
7.120063304901123047e-01 -3.144455552101135254e-01 -6.278306841850280762e-01 1.545955091714859009e-01
-5.906887054443359375e-01 -7.516589760780334473e-01 -2.934204041957855225e-01 9.826130419969558716e-02
-3.796499073505401611e-01 5.797693133354187012e-01 -7.209255695343017578e-01 2.779381573200225830e-01
0.000000000000000000e+00 0.000000000000000000e+00 0.000000000000000000e+00 1.000000000000000000e+00
8.008038997650146484e-01 -1.538757979869842529e-01 -5.788220167160034180e-01 1.427395045757293701e-01
-5.312597155570983887e-01 -6.287283301353454590e-01 -5.678580999374389648e-01 1.849763691425323486e-01
-2.765424847602844238e-01 7.622478008270263672e-01 -5.852364301681518555e-01 2.395373284816741943e-01
0.000000000000000000e+00 0.000000000000000000e+00 0.000000000000000000e+00 1.000000000000000000e+00
8.419173359870910645e-01 -8.035507798194885254e-02 -5.335894823074340820e-01 1.267983168363571167e-01
-4.777184426784515381e-01 -5.708115696907043457e-01 -6.678014993667602539e-01 2.176945805549621582e-01
-2.509180009365081787e-01 8.171393871307373047e-01 -5.189636349678039551e-01 2.165114879608154297e-01
0.000000000000000000e+00 0.000000000000000000e+00 0.000000000000000000e+00 1.000000000000000000e+00
8.734064698219299316e-01 -1.636393740773200989e-02 -4.867168068885803223e-01 1.103881597518920898e-01
-4.286369681358337402e-01 -5.002165436744689941e-01 -7.523651719093322754e-01 2.459211498498916626e-01
-2.311522662639617920e-01 8.657454252243041992e-01 -4.439066946506500244e-01 1.909002512693405151e-01
0.000000000000000000e+00 0.000000000000000000e+00 0.000000000000000000e+00 1.000000000000000000e+00
9.004208445549011230e-01 7.636330276727676392e-02 -4.282651841640472412e-01 9.063502401113510132e-02
-3.643797636032104492e-01 -4.053840339183807373e-01 -8.383861780166625977e-01 2.743997871875762939e-01
-2.376338392496109009e-01 9.109516739845275879e-01 -3.371910452842712402e-01 1.557055264711380005e-01
0.000000000000000000e+00 0.000000000000000000e+00 0.000000000000000000e+00 1.000000000000000000e+00
9.616945981979370117e-01 -1.991933882236480713e-01 -1.883228719234466553e-01 6.817309185862541199e-03
-2.423042953014373779e-01 -2.964440584182739258e-01 -9.238016009330749512e-01 2.962024211883544922e-01
1.281880587339401245e-01 9.340464472770690918e-01 -3.333539962768554688e-01 1.317057907581329346e-01
0.000000000000000000e+00 0.000000000000000000e+00 0.000000000000000000e+00 1.000000000000000000e+00
9.817001223564147949e-01 -7.922458648681640625e-02 -1.731702238321304321e-01 2.738134935498237610e-03
-1.864695698022842407e-01 -2.153678089380264282e-01 -9.585644006729125977e-01 3.049578666687011719e-01
3.864657878875732422e-02 9.733138680458068848e-01 -2.261996120214462280e-01 9.957879781723022461e-02
0.000000000000000000e+00 0.000000000000000000e+00 0.000000000000000000e+00 1.000000000000000000e+00
9.811227917671203613e-01 -1.466273963451385498e-01 -1.260902434587478638e-01 -1.331134419888257980e-02
-1.422186344861984253e-01 -1.052529364824295044e-01 -9.842233657836914062e-01 3.107515275478363037e-01
1.310427039861679077e-01 9.835765361785888672e-01 -1.241191923618316650e-01 5.920184403657913208e-02
0.000000000000000000e+00 0.000000000000000000e+00 0.000000000000000000e+00 1.000000000000000000e+00
9.852145910263061523e-01 -1.125078350305557251e-01 -1.292060762643814087e-01 -1.319310907274484634e-02
-1.347592771053314209e-01 -4.320606216788291931e-02 -9.899359941482543945e-01 3.110158145427703857e-01
1.057930588722229004e-01 9.927108287811279297e-01 -5.772866308689117432e-02 3.810273110866546631e-02
0.000000000000000000e+00 0.000000000000000000e+00 0.000000000000000000e+00 1.000000000000000000e+00
9.807361364364624023e-01 -1.726297885179519653e-01 -9.141062945127487183e-02 -2.540956251323223114e-02
-8.627180010080337524e-02 3.705596178770065308e-02 -9.955820441246032715e-01 3.090865612030029297e-01
1.752544045448303223e-01 9.842894077301025391e-01 2.144898101687431335e-02 4.413130693137645721e-03
0.000000000000000000e+00 0.000000000000000000e+00 0.000000000000000000e+00 1.000000000000000000e+00
9.018908143043518066e-01 -4.213550388813018799e-01 -9.514831751585006714e-02 -2.123513631522655487e-02
-4.841944575309753418e-02 1.202696263790130615e-01 -9.915596842765808105e-01 3.033622205257415771e-01
4.292422235012054443e-01 8.988854289054870605e-01 8.806832879781723022e-02 -3.473803028464317322e-02
0.000000000000000000e+00 0.000000000000000000e+00 0.000000000000000000e+00 1.000000000000000000e+00
9.401643872261047363e-01 -2.790614068508148193e-01 -1.954867392778396606e-01 2.636610297486186028e-03
-1.538893878459930420e-01 1.641009300947189331e-01 -9.743657112121582031e-01 3.059664666652679443e-01
3.039875030517578125e-01 9.461476802825927734e-01 1.113372966647148132e-01 -2.639577910304069519e-02
0.000000000000000000e+00 0.000000000000000000e+00 0.000000000000000000e+00 1.000000000000000000e+00
9.679304361343383789e-01 -1.774569600820541382e-02 -2.505906522274017334e-01 2.057399228215217590e-02
-2.434737831354141235e-01 1.795027703046798706e-01 -9.531521201133728027e-01 3.087528944015502930e-01
6.189605966210365295e-02 9.835974574089050293e-01 1.694256067276000977e-01 -2.706290967762470245e-02
0.000000000000000000e+00 0.000000000000000000e+00 0.000000000000000000e+00 1.000000000000000000e+00
8.885466456413269043e-01 3.878971040248870850e-01 -2.449915260076522827e-01 3.512866050004959106e-02
-3.573149144649505615e-01 2.501499950885772705e-01 -8.998616933822631836e-01 3.078957796096801758e-01
-2.877691984176635742e-01 8.871081471443176270e-01 3.608713150024414062e-01 -6.213800236582756042e-02
0.000000000000000000e+00 0.000000000000000000e+00 0.000000000000000000e+00 1.000000000000000000e+00
9.257209300994873047e-01 1.821637600660324097e-01 -3.314471244812011719e-01 5.428431555628776550e-02
-3.759096562862396240e-01 3.467113971710205078e-01 -8.593500256538391113e-01 3.008275032043457031e-01
-4.162598773837089539e-02 9.201126694679260254e-01 3.894352018833160400e-01 -8.592756837606430054e-02
0.000000000000000000e+00 0.000000000000000000e+00 0.000000000000000000e+00 1.000000000000000000e+00
8.849008679389953613e-01 1.512645930051803589e-01 -4.405332207679748535e-01 9.062048047780990601e-02
-4.607647359371185303e-01 4.226965904235839844e-01 -7.803994417190551758e-01 2.868850827217102051e-01
6.816503405570983887e-02 8.935582041740417480e-01 4.437418282032012939e-01 -1.125505343079566956e-01
0.000000000000000000e+00 0.000000000000000000e+00 0.000000000000000000e+00 1.000000000000000000e+00
8.704023957252502441e-01 1.318237781524658203e-01 -4.743654429912567139e-01 1.019087582826614380e-01
-4.703984558582305908e-01 5.070975422859191895e-01 -7.222030758857727051e-01 2.693947553634643555e-01
1.453459858894348145e-01 8.517479896545410156e-01 5.033883452415466309e-01 -1.391018778085708618e-01
0.000000000000000000e+00 0.000000000000000000e+00 0.000000000000000000e+00 1.000000000000000000e+00
8.556470870971679688e-01 1.112607419490814209e-01 -5.054590106010437012e-01 1.121191456913948059e-01
-4.678873121738433838e-01 5.837686061859130859e-01 -6.635473370552062988e-01 2.531993687152862549e-01
2.212442159652709961e-01 8.042606115341186523e-01 5.515575408935546875e-01 -1.568391919136047363e-01
0.000000000000000000e+00 0.000000000000000000e+00 0.000000000000000000e+00 1.000000000000000000e+00
8.342784047126770020e-01 7.511141151189804077e-02 -5.462030172348022461e-01 1.227528974413871765e-01
-4.411078691482543945e-01 6.852583289146423340e-01 -5.795208215713500977e-01 2.279235422611236572e-01
3.307614326477050781e-01 7.244163751602172852e-01 6.048285961151123047e-01 -1.802766025066375732e-01
0.000000000000000000e+00 0.000000000000000000e+00 0.000000000000000000e+00 1.000000000000000000e+00
8.186370134353637695e-01 9.272678941488265991e-02 -5.667761564254760742e-01 1.312472522258758545e-01
-4.389019906520843506e-01 7.375013828277587891e-01 -5.132806301116943359e-01 2.083233892917633057e-01
3.704032301902770996e-01 6.689495444297790527e-01 6.444439291954040527e-01 -1.967204213142395020e-01
0.000000000000000000e+00 0.000000000000000000e+00 0.000000000000000000e+00 1.000000000000000000e+00
7.885039448738098145e-01 1.344360411167144775e-01 -6.001570224761962891e-01 1.454043090343475342e-01
-4.470127522945404053e-01 7.954945564270019531e-01 -4.091066122055053711e-01 1.776689141988754272e-01
4.224230051040649414e-01 5.908603668212890625e-01 6.873454451560974121e-01 -2.154745012521743774e-01
0.000000000000000000e+00 0.000000000000000000e+00 0.000000000000000000e+00 1.000000000000000000e+00
7.579007148742675781e-01 1.931675672531127930e-01 -6.231150627136230469e-01 1.569166034460067749e-01
-4.512088298797607422e-01 8.450650572776794434e-01 -2.868365347385406494e-01 1.405394524335861206e-01
4.711654484272003174e-01 4.985487461090087891e-01 7.276346683502197266e-01 -2.339324206113815308e-01
0.000000000000000000e+00 0.000000000000000000e+00 0.000000000000000000e+00 1.000000000000000000e+00
7.286841869354248047e-01 2.594949007034301758e-01 -6.337833404541015625e-01 1.644739806652069092e-01
-4.558230340480804443e-01 8.744450211524963379e-01 -1.660456061363220215e-01 1.039351597428321838e-01
5.111204981803894043e-01 4.098879098892211914e-01 7.554780244827270508e-01 -2.476364076137542725e-01
0.000000000000000000e+00 0.000000000000000000e+00 0.000000000000000000e+00 1.000000000000000000e+00
7.059152126312255859e-01 3.438940346240997314e-01 -6.192092299461364746e-01 1.633074134588241577e-01
-4.346112906932830811e-01 9.006057381629943848e-01 4.706529434770345688e-03 5.029446631669998169e-02
5.592821240425109863e-01 2.657930254936218262e-01 7.852117419242858887e-01 -2.627785205841064453e-01
0.000000000000000000e+00 0.000000000000000000e+00 0.000000000000000000e+00 1.000000000000000000e+00
6.921697854995727539e-01 3.902244567871093750e-01 -6.071456074714660645e-01 1.587226390838623047e-01
-3.671758770942687988e-01 9.146232008934020996e-01 1.692517399787902832e-01 -6.626705639064311981e-03
6.213556528091430664e-01 1.057783663272857666e-01 7.763556241989135742e-01 -2.612370848655700684e-01
0.000000000000000000e+00 0.000000000000000000e+00 0.000000000000000000e+00 1.000000000000000000e+00
6.924009919166564941e-01 4.126795828342437744e-01 -5.918416380882263184e-01 1.524627953767776489e-01
-2.903183400630950928e-01 9.102962613105773926e-01 2.950857877731323242e-01 -5.246962606906890869e-02
6.605271100997924805e-01 -3.249521180987358093e-02 7.500985860824584961e-01 -2.553331553936004639e-01
0.000000000000000000e+00 0.000000000000000000e+00 0.000000000000000000e+00 1.000000000000000000e+00
6.784067749977111816e-01 4.519556462764739990e-01 -5.792237520217895508e-01 1.485195308923721313e-01
-2.374673783779144287e-01 8.809691667556762695e-01 4.092708826065063477e-01 -9.156654030084609985e-02
6.952505707740783691e-01 -1.401053220033645630e-01 7.049801349639892578e-01 -2.429667413234710693e-01
0.000000000000000000e+00 0.000000000000000000e+00 0.000000000000000000e+00 1.000000000000000000e+00
6.730154752731323242e-01 4.817446470260620117e-01 -5.612237453460693359e-01 1.430849283933639526e-01
-1.590865701436996460e-01 8.353178501129150391e-01 5.262466073036193848e-01 -1.347932666540145874e-01
7.223167419433593750e-01 -2.648889422416687012e-01 6.388209462165832520e-01 -2.238775640726089478e-01
0.000000000000000000e+00 0.000000000000000000e+00 0.000000000000000000e+00 1.000000000000000000e+00
6.580719351768493652e-01 5.096680521965026855e-01 -5.542378425598144531e-01 1.414259076118469238e-01
-8.769433200359344482e-02 7.829537391662597656e-01 6.158677339553833008e-01 -1.689914017915725708e-01
7.478307485580444336e-01 -3.566816449165344238e-01 5.599348545074462891e-01 -2.007522433996200562e-01
0.000000000000000000e+00 0.000000000000000000e+00 0.000000000000000000e+00 1.000000000000000000e+00
6.739043593406677246e-01 5.258944034576416016e-01 -5.189296007156372070e-01 1.294657588005065918e-01
-3.025747276842594147e-02 7.214334607124328613e-01 6.918224692344665527e-01 -1.986323893070220947e-01
7.381986975669860840e-01 -4.505206346511840820e-01 5.020893216133117676e-01 -1.831684261560440063e-01
0.000000000000000000e+00 0.000000000000000000e+00 0.000000000000000000e+00 1.000000000000000000e+00
6.834538578987121582e-01 5.325846076011657715e-01 -4.992439150810241699e-01 1.225569397211074829e-01
2.328054420650005341e-02 6.676517724990844727e-01 7.441095709800720215e-01 -2.203582525253295898e-01
7.296223640441894531e-01 -5.201871991157531738e-01 4.439103007316589355e-01 -1.661838591098785400e-01
0.000000000000000000e+00 0.000000000000000000e+00 0.000000000000000000e+00 1.000000000000000000e+00
7.278925180435180664e-01 5.164933800697326660e-01 -4.510066509246826172e-01 1.047861278057098389e-01
6.769881397485733032e-02 6.003944277763366699e-01 7.968333363533020020e-01 -2.418239861726760864e-01
6.823410391807556152e-01 -6.105416417121887207e-01 4.020566344261169434e-01 -1.535605937242507935e-01
0.000000000000000000e+00 0.000000000000000000e+00 0.000000000000000000e+00 1.000000000000000000e+00
7.903571128845214844e-01 4.824576973915100098e-01 -3.775846362113952637e-01 7.733350247144699097e-02
1.074004322290420532e-01 4.976620972156524658e-01 8.606958389282226562e-01 -2.692467570304870605e-01
6.031589508056640625e-01 -7.208099365234375000e-01 3.415146172046661377e-01 -1.332675069570541382e-01
0.000000000000000000e+00 0.000000000000000000e+00 0.000000000000000000e+00 1.000000000000000000e+00
8.371155261993408203e-01 4.524880647659301758e-01 -3.073957264423370361e-01 5.336895957589149475e-02
1.236089989542961121e-01 3.909371197223663330e-01 9.120793342590332031e-01 -2.903525531291961670e-01
5.328774452209472656e-01 -8.015125989913940430e-01 2.713279724121093750e-01 -1.084155142307281494e-01
0.000000000000000000e+00 0.000000000000000000e+00 0.000000000000000000e+00 1.000000000000000000e+00
8.626093864440917969e-01 4.196873605251312256e-01 -2.824314534664154053e-01 4.329182207584381104e-02
1.622079163789749146e-01 2.993538379669189453e-01 9.402531385421752930e-01 -3.035358190536499023e-01
4.791593253612518311e-01 -8.568837046623229980e-01 1.901487708091735840e-01 -8.184618502855300903e-02
0.000000000000000000e+00 0.000000000000000000e+00 0.000000000000000000e+00 1.000000000000000000e+00
9.329820275306701660e-01 2.629584968090057373e-01 -2.457589060068130493e-01 2.593366429209709167e-02
1.948593705892562866e-01 2.050555795431137085e-01 9.591568708419799805e-01 -3.138249516487121582e-01
3.026126623153686523e-01 -9.427644610404968262e-01 1.400732845067977905e-01 -5.726679414510726929e-02
0.000000000000000000e+00 0.000000000000000000e+00 0.000000000000000000e+00 1.000000000000000000e+00
9.669601917266845703e-01 1.248799487948417664e-01 -2.222455739974975586e-01 1.469236239790916443e-02
2.086762189865112305e-01 1.130267083644866943e-01 9.714314937591552734e-01 -3.208949863910675049e-01
1.464319974184036255e-01 -9.857128262519836426e-01 8.323284238576889038e-02 -3.007842786610126495e-02
0.000000000000000000e+00 0.000000000000000000e+00 0.000000000000000000e+00 1.000000000000000000e+00
9.704715013504028320e-01 1.463316828012466431e-01 -1.917600780725479126e-01 1.892474829219281673e-03
1.897295862436294556e-01 2.784207090735435486e-02 9.814414978027343750e-01 -3.268940150737762451e-01
1.489549875259399414e-01 -9.888436794281005859e-01 -7.434848230332136154e-04 -1.171024399809539318e-03
0.000000000000000000e+00 0.000000000000000000e+00 0.000000000000000000e+00 1.000000000000000000e+00
9.843241572380065918e-01 2.272340096533298492e-02 -1.748987734317779541e-01 -4.392514936625957489e-03
1.760426163673400879e-01 -6.630927324295043945e-02 9.821466803550720215e-01 -3.310203552246093750e-01
1.072030514478683472e-02 -9.975402951240539551e-01 -6.927009671926498413e-02 3.538549691438674927e-02
0.000000000000000000e+00 0.000000000000000000e+00 0.000000000000000000e+00 1.000000000000000000e+00
9.793163537979125977e-01 -6.865868717432022095e-02 -1.903298348188400269e-01 3.384650917723774910e-03
1.818999052047729492e-01 -1.132062897086143494e-01 9.767788052558898926e-01 -3.316867053508758545e-01
-8.861087262630462646e-02 -9.911963939666748047e-01 -9.837570786476135254e-02 5.609761923551559448e-02
0.000000000000000000e+00 0.000000000000000000e+00 0.000000000000000000e+00 1.000000000000000000e+00
9.701192975044250488e-01 -1.898750960826873779e-01 -1.510497629642486572e-01 -7.026794832199811935e-03
1.399015635251998901e-01 -7.088512927293777466e-02 9.876249432563781738e-01 -3.328169882297515869e-01
-1.982325166463851929e-01 -9.792460203170776367e-01 -4.220320284366607666e-02 4.152517393231391907e-02
0.000000000000000000e+00 0.000000000000000000e+00 0.000000000000000000e+00 1.000000000000000000e+00
9.797710776329040527e-01 1.898728758096694946e-01 -6.322082877159118652e-02 -3.572618961334228516e-02
5.163045227527618408e-02 6.538587063550949097e-02 9.965233206748962402e-01 -3.287500441074371338e-01
1.933465451002120972e-01 -9.796290397644042969e-01 5.425998196005821228e-02 -1.484548766165971756e-02
0.000000000000000000e+00 0.000000000000000000e+00 0.000000000000000000e+00 1.000000000000000000e+00
9.923653006553649902e-01 1.195558533072471619e-01 3.028991818428039551e-02 -6.430242210626602173e-02
-5.255099385976791382e-02 1.877017319202423096e-01 9.808192849159240723e-01 -3.151953518390655518e-01
1.115772128105163574e-01 -9.749227762222290039e-01 1.925514787435531616e-01 -5.582050234079360962e-02
0.000000000000000000e+00 0.000000000000000000e+00 0.000000000000000000e+00 1.000000000000000000e+00
9.217975139617919922e-01 3.844965994358062744e-01 4.951421543955802917e-02 -6.314596533775329590e-02
-1.769340485334396362e-01 3.036207556724548340e-01 9.362202882766723633e-01 -2.903479635715484619e-01
3.449401259422302246e-01 -8.717662692070007324e-01 3.479074239730834961e-01 -1.205292642116546631e-01
0.000000000000000000e+00 0.000000000000000000e+00 0.000000000000000000e+00 1.000000000000000000e+00
9.121554493904113770e-01 3.853100538253784180e-01 1.396731734275817871e-01 -8.650714159011840820e-02
-3.016865253448486328e-01 4.005686640739440918e-01 8.651762604713439941e-01 -2.565153837203979492e-01
2.774124443531036377e-01 -8.313127160072326660e-01 4.816237092018127441e-01 -1.605130881071090698e-01
0.000000000000000000e+00 0.000000000000000000e+00 0.000000000000000000e+00 1.000000000000000000e+00
8.671137094497680664e-01 4.608494937419891357e-01 1.890276670455932617e-01 -9.563824534416198730e-02
-4.318546950817108154e-01 5.064281225204467773e-01 7.463456988334655762e-01 -2.079999595880508423e-01
2.482241690158843994e-01 -7.287991046905517578e-01 6.381508708000183105e-01 -2.071060389280319214e-01
0.000000000000000000e+00 0.000000000000000000e+00 0.000000000000000000e+00 1.000000000000000000e+00
7.965154051780700684e-01 5.633747577667236328e-01 2.194810658693313599e-01 -9.561338275671005249e-02
-5.716852545738220215e-01 5.835856795310974121e-01 5.767179131507873535e-01 -1.450729519128799438e-01
1.968224644660949707e-01 -5.848388671875000000e-01 7.869080901145935059e-01 -2.473906427621841431e-01
0.000000000000000000e+00 0.000000000000000000e+00 0.000000000000000000e+00 1.000000000000000000e+00
7.283540964126586914e-01 6.357154250144958496e-01 2.556681931018829346e-01 -9.712437540292739868e-02
-6.755211353302001953e-01 6.037089824676513672e-01 4.233279228210449219e-01 -9.140428900718688965e-02
1.147670000791549683e-01 -4.810419082641601562e-01 8.691531419754028320e-01 -2.663322389125823975e-01
0.000000000000000000e+00 0.000000000000000000e+00 0.000000000000000000e+00 1.000000000000000000e+00
