1.000000000000000000e+00 0.000000000000000000e+00 0.000000000000000000e+00 -3.619798645377159119e-02
0.000000000000000000e+00 1.000000000000000000e+00 0.000000000000000000e+00 -1.327119767665863037e-03
0.000000000000000000e+00 0.000000000000000000e+00 1.000000000000000000e+00 -2.960163652896881104e-01
0.000000000000000000e+00 0.000000000000000000e+00 0.000000000000000000e+00 1.000000000000000000e+00
9.902957677841186523e-01 1.380172669887542725e-01 1.630510017275810242e-02 -4.415118321776390076e-02
-1.368985921144485474e-01 9.889633655548095703e-01 -5.666029453277587891e-02 2.819132432341575623e-02
-2.394527941942214966e-02 5.387829989194869995e-02 9.982602000236511230e-01 -2.967675626277923584e-01
0.000000000000000000e+00 0.000000000000000000e+00 0.000000000000000000e+00 1.000000000000000000e+00
9.715202450752258301e-01 2.344422042369842529e-01 3.441994637250900269e-02 -4.998760297894477844e-02
-2.301331162452697754e-01 9.681464433670043945e-01 -9.864449501037597656e-02 5.193355306982994080e-02
-5.645005777478218079e-02 8.791391551494598389e-02 9.945273399353027344e-01 -2.948514819145202637e-01
0.000000000000000000e+00 0.000000000000000000e+00 0.000000000000000000e+00 1.000000000000000000e+00
9.416476488113403320e-01 3.352707922458648682e-01 2.988425828516483307e-02 -4.768790677189826965e-02
-3.280169665813446045e-01 9.339336752891540527e-01 -1.420315951108932495e-01 7.425530999898910522e-02
-7.552906870841979980e-02 1.239411532878875732e-01 9.894108176231384277e-01 -2.919030487537384033e-01
0.000000000000000000e+00 0.000000000000000000e+00 0.000000000000000000e+00 1.000000000000000000e+00
8.945044279098510742e-01 4.470031559467315674e-01 7.053092122077941895e-03 -3.504196181893348694e-02
-4.400678873062133789e-01 8.831861615180969238e-01 -1.622410416603088379e-01 8.745115250349044800e-02
-7.875142246484756470e-02 1.420214772224426270e-01 9.867258667945861816e-01 -2.910538017749786377e-01
0.000000000000000000e+00 0.000000000000000000e+00 0.000000000000000000e+00 1.000000000000000000e+00
8.314471244812011719e-01 5.555124282836914062e-01 -1.005872152745723724e-02 -2.399175241589546204e-02
-5.469800233840942383e-01 8.152313828468322754e-01 -1.902896463871002197e-01 1.021845564246177673e-01
-9.750812500715255737e-02 1.637176573276519775e-01 9.816766381263732910e-01 -2.892957627773284912e-01
0.000000000000000000e+00 0.000000000000000000e+00 0.000000000000000000e+00 1.000000000000000000e+00
7.514128088951110840e-01 6.582012176513671875e-01 -4.636264219880104065e-02 -5.764716770499944687e-03
-6.553320884704589844e-01 7.362512946128845215e-01 -1.687422245740890503e-01 9.968989342451095581e-02
-7.693187147378921509e-02 1.571779847145080566e-01 9.845690727233886719e-01 -2.928396165370941162e-01
0.000000000000000000e+00 0.000000000000000000e+00 0.000000000000000000e+00 1.000000000000000000e+00
6.897329688072204590e-01 7.198923826217651367e-01 -7.760984450578689575e-02 8.008020929992198944e-03
-7.234941720962524414e-01 6.809706091880798340e-01 -1.132900714874267578e-01 8.165759593248367310e-02
-2.870669402182102203e-02 1.342901736497879028e-01 9.905261993408203125e-01 -2.995032072067260742e-01
0.000000000000000000e+00 0.000000000000000000e+00 0.000000000000000000e+00 1.000000000000000000e+00
5.866213440895080566e-01 8.089159131050109863e-01 -3.910942003130912781e-02 -6.647920818068087101e-04
-8.091202974319458008e-01 5.833365917205810547e-01 -7.101192325353622437e-02 6.824830919504165649e-02
-3.462872654199600220e-02 7.330131530761718750e-02 9.967085123062133789e-01 -3.070753812789916992e-01
0.000000000000000000e+00 0.000000000000000000e+00 0.000000000000000000e+00 1.000000000000000000e+00
5.028582215309143066e-01 8.631061911582946777e-01 -4.669891670346260071e-02 6.655551027506589890e-03
-8.641188144683837891e-01 5.006805062294006348e-01 -5.115959420800209045e-02 6.217440590262413025e-02
-2.077494747936725616e-02 6.607948243618011475e-02 9.975984096527099609e-01 -3.110944330692291260e-01
0.000000000000000000e+00 0.000000000000000000e+00 0.000000000000000000e+00 1.000000000000000000e+00
4.020549952983856201e-01 9.133308529853820801e-01 -6.463996320962905884e-02 1.715968176722526550e-02
-9.152944087982177734e-01 4.027808904647827148e-01 -1.958488021045923233e-03 4.456074908375740051e-02
2.424697019159793854e-02 5.995202437043190002e-02 9.979065060615539551e-01 -3.151216208934783936e-01
0.000000000000000000e+00 0.000000000000000000e+00 0.000000000000000000e+00 1.000000000000000000e+00
2.924034893512725830e-01 9.541851878166198730e-01 -6.348522007465362549e-02 2.187562547624111176e-02
-9.550677537918090820e-01 2.947459518909454346e-01 3.114453703165054321e-02 3.203031420707702637e-02
4.842967167496681213e-02 5.152595043182373047e-02 9.974960088729858398e-01 -3.173917531967163086e-01
0.000000000000000000e+00 0.000000000000000000e+00 0.000000000000000000e+00 1.000000000000000000e+00
1.786311119794845581e-01 9.807667136192321777e-01 -7.865814119577407837e-02 3.204993158578872681e-02
-9.813845753669738770e-01 1.833324134349822998e-01 5.721636489033699036e-02 2.229430712759494781e-02
7.053645700216293335e-02 6.697328388690948486e-02 9.952582716941833496e-01 -3.180405199527740479e-01
0.000000000000000000e+00 0.000000000000000000e+00 0.000000000000000000e+00 1.000000000000000000e+00
9.989291429519653320e-02 9.904547333717346191e-01 -9.498068690299987793e-02 4.039100930094718933e-02
-9.901847839355468750e-01 1.083338186144828796e-01 8.830451965332031250e-02 1.056293305009603500e-02
9.775118529796600342e-02 8.522742986679077148e-02 9.915549755096435547e-01 -3.172094821929931641e-01
0.000000000000000000e+00 0.000000000000000000e+00 0.000000000000000000e+00 1.000000000000000000e+00
1.663443259894847870e-02 9.940384626388549805e-01 -1.077542006969451904e-01 4.940780624747276306e-02
-9.969956874847412109e-01 2.464412339031696320e-02 7.343279570341110229e-02 1.751787401735782623e-02
7.565051317214965820e-02 1.062089800834655762e-01 9.914620518684387207e-01 -3.107676208019256592e-01
0.000000000000000000e+00 0.000000000000000000e+00 0.000000000000000000e+00 1.000000000000000000e+00
-9.444706887006759644e-02 8.785008788108825684e-01 -4.683115482330322266e-01 1.738511174917221069e-01
-9.908114671707153320e-01 -3.720375150442123413e-02 1.300326585769653320e-01 -1.121420762501657009e-03
9.681086242198944092e-02 4.762897789478302002e-01 8.739424943923950195e-01 -2.658557891845703125e-01
0.000000000000000000e+00 0.000000000000000000e+00 0.000000000000000000e+00 1.000000000000000000e+00
-1.642667353153228760e-01 8.563129305839538574e-01 -4.896368980407714844e-01 1.825678795576095581e-01
-9.783439636230468750e-01 -7.806251943111419678e-02 1.917000263929367065e-01 -2.296445146203041077e-02
1.259328871965408325e-01 5.105234384536743164e-01 8.505921363830566406e-01 -2.592897713184356689e-01
0.000000000000000000e+00 0.000000000000000000e+00 0.000000000000000000e+00 1.000000000000000000e+00
-1.298923790454864502e-01 7.924320697784423828e-01 -5.959693789482116699e-01 2.097999602556228638e-01
-9.914150238037109375e-01 -1.128848120570182800e-01 6.598280370235443115e-02 1.789288781583309174e-02
-1.498900447040796280e-02 5.994235277175903320e-01 8.002915978431701660e-01 -2.363255172967910767e-01
0.000000000000000000e+00 0.000000000000000000e+00 0.000000000000000000e+00 1.000000000000000000e+00
-8.660464733839035034e-02 7.124785184860229492e-01 -6.963289976119995117e-01 2.317350208759307861e-01
-9.947634339332580566e-01 -2.376905642449855804e-02 9.940158575773239136e-02 1.021497603505849838e-02
5.427040159702301025e-02 7.012912034988403320e-01 7.108061909675598145e-01 -2.181518226861953735e-01
0.000000000000000000e+00 0.000000000000000000e+00 0.000000000000000000e+00 1.000000000000000000e+00
-6.136885657906532288e-02 5.297698974609375000e-01 -8.459182381629943848e-01 2.752164006233215332e-01
-9.853025078773498535e-01 1.032071560621261597e-01 1.361158341169357300e-01 -1.355741987936198711e-03
1.594149321317672729e-01 8.418386578559875488e-01 5.156497955322265625e-01 -1.572447866201400757e-01
0.000000000000000000e+00 0.000000000000000000e+00 0.000000000000000000e+00 1.000000000000000000e+00
-1.252521276473999023e-01 4.020371735095977783e-01 -9.070159792900085449e-01 2.929346263408660889e-01
-9.853608608245849609e-01 5.616190657019615173e-02 1.609650254249572754e-01 -1.288424432277679443e-02
1.156535893678665161e-01 9.138991832733154297e-01 3.891174495220184326e-01 -1.126652508974075317e-01
0.000000000000000000e+00 0.000000000000000000e+00 0.000000000000000000e+00 1.000000000000000000e+00
-1.913099586963653564e-01 2.965380549430847168e-01 -9.356631040573120117e-01 3.029695749282836914e-01
-9.749833345413208008e-01 5.250003188848495483e-02 2.159884124994277954e-01 -3.104141168296337128e-02
1.131710931658744812e-01 9.535767436027526855e-01 2.790760397911071777e-01 -7.817649841308593750e-02
0.000000000000000000e+00 0.000000000000000000e+00 0.000000000000000000e+00 1.000000000000000000e+00
-2.738114893436431885e-01 1.693749725818634033e-01 -9.467518925666809082e-01 3.098886311054229736e-01
-9.598170518875122070e-01 1.479026488959789276e-02 2.802360951900482178e-01 -5.206575244665145874e-02
6.146765500307083130e-02 9.854408502578735352e-01 1.585194170475006104e-01 -3.712088242173194885e-02
0.000000000000000000e+00 0.000000000000000000e+00 0.000000000000000000e+00 1.000000000000000000e+00
-1.884678006172180176e-01 -8.128110766410827637e-01 -5.511971712112426758e-01 1.791315078735351562e-01
-9.508973956108093262e-01 1.072507351636886597e-02 3.093197047710418701e-01 -5.895917117595672607e-02
-2.455067932605743408e-01 5.824289917945861816e-01 -7.749211788177490234e-01 2.730835676193237305e-01
0.000000000000000000e+00 0.000000000000000000e+00 0.000000000000000000e+00 1.000000000000000000e+00
-1.866241246461868286e-01 -8.172392845153808594e-01 -5.452446937561035156e-01 1.759637296199798584e-01
-9.701969027519226074e-01 6.599451601505279541e-02 2.331589609384536743e-01 -3.517649322748184204e-02
-1.545633673667907715e-01 5.725077390670776367e-01 -8.051988482475280762e-01 2.779347598552703857e-01
0.000000000000000000e+00 0.000000000000000000e+00 0.000000000000000000e+00 1.000000000000000000e+00
-9.898324310779571533e-02 -8.133062720298767090e-01 -5.733537077903747559e-01 1.776512414216995239e-01
-9.907425642013549805e-01 2.675400301814079285e-02 1.330909281969070435e-01 -8.664954220876097679e-04
-9.290431439876556396e-02 5.812197923660278320e-01 -8.084249496459960938e-01 2.748948633670806885e-01
0.000000000000000000e+00 0.000000000000000000e+00 0.000000000000000000e+00 1.000000000000000000e+00
2.125500328838825226e-02 -8.306416869163513184e-01 -5.564013123512268066e-01 1.621497422456741333e-01
-9.994645118713378906e-01 -3.149887919425964355e-02 8.844200521707534790e-03 4.130377247929573059e-02
-2.487246692180633545e-02 5.559154748916625977e-01 -8.308662176132202148e-01 2.770201563835144043e-01
0.000000000000000000e+00 0.000000000000000000e+00 0.000000000000000000e+00 1.000000000000000000e+00
5.379022285342216492e-02 -8.391129970550537109e-01 -5.412906408309936523e-01 1.541548967361450195e-01
-9.933704137802124023e-01 1.018586847931146622e-02 -1.145054027438163757e-01 8.094920217990875244e-02
1.015965119004249573e-01 5.438615083694458008e-01 -8.330022096633911133e-01 2.692071199417114258e-01
0.000000000000000000e+00 0.000000000000000000e+00 0.000000000000000000e+00 1.000000000000000000e+00
3.432364761829376221e-02 -8.490889072418212891e-01 -5.271334648132324219e-01 1.533970981836318970e-01
-9.807819724082946777e-01 7.274480909109115601e-02 -1.810373663902282715e-01 9.367609769105911255e-02
1.920631676912307739e-01 5.232170820236206055e-01 -8.302745819091796875e-01 2.649725377559661865e-01
0.000000000000000000e+00 0.000000000000000000e+00 0.000000000000000000e+00 1.000000000000000000e+00
-4.110749438405036926e-02 -8.494495153427124023e-01 -5.260653495788574219e-01 1.613498181104660034e-01
-9.935473799705505371e-01 9.045537561178207397e-02 -6.842272728681564331e-02 5.746687948703765869e-02
1.057070791721343994e-01 5.198585391044616699e-01 -8.476871252059936523e-01 2.852768003940582275e-01
0.000000000000000000e+00 0.000000000000000000e+00 0.000000000000000000e+00 1.000000000000000000e+00
-5.326928198337554932e-02 -8.409422039985656738e-01 -5.384969711303710938e-01 1.644531935453414917e-01
-9.934543967247009277e-01 -9.940072894096374512e-03 1.137980893254280090e-01 -1.581496326252818108e-04
-1.010504066944122314e-01 5.410336852073669434e-01 -8.349075913429260254e-01 2.996293008327484131e-01
0.000000000000000000e+00 0.000000000000000000e+00 0.000000000000000000e+00 1.000000000000000000e+00
1.199289783835411072e-01 -8.247921466827392578e-01 -5.525711774826049805e-01 1.558122336864471436e-01
-9.873636960983276367e-01 -1.571638733148574829e-01 2.029476873576641083e-02 2.923722378909587860e-02
-1.035832837224006653e-01 5.431548357009887695e-01 -8.332183361053466797e-01 3.015933632850646973e-01
0.000000000000000000e+00 0.000000000000000000e+00 0.000000000000000000e+00 1.000000000000000000e+00
2.142398804426193237e-01 -7.761541008949279785e-01 -5.930312275886535645e-01 1.546836793422698975e-01
-9.480422735214233398e-01 -3.114154934883117676e-01 6.508567184209823608e-02 1.398518774658441544e-02
-2.351954579353332520e-01 5.482747554779052734e-01 -8.025444149971008301e-01 2.977664768695831299e-01
0.000000000000000000e+00 0.000000000000000000e+00 0.000000000000000000e+00 1.000000000000000000e+00
3.236458301544189453e-01 -7.067981362342834473e-01 -6.290383338928222656e-01 1.508217006921768188e-01
-9.130130410194396973e-01 -4.077653884887695312e-01 -1.158097665756940842e-02 3.655266761779785156e-02
-2.483147680759429932e-01 5.780686140060424805e-01 -7.772876620292663574e-01 2.851341962814331055e-01
0.000000000000000000e+00 0.000000000000000000e+00 0.000000000000000000e+00 1.000000000000000000e+00
3.519874811172485352e-01 -7.016664743423461914e-01 -6.194908022880554199e-01 1.447759866714477539e-01
-9.220043420791625977e-01 -3.739611208438873291e-01 -1.003048866987228394e-01 6.587702780961990356e-02
-1.612849384546279907e-01 6.064794659614562988e-01 -7.785689830780029297e-01 2.771140038967132568e-01
0.000000000000000000e+00 0.000000000000000000e+00 0.000000000000000000e+00 1.000000000000000000e+00
3.699182271957397461e-01 -6.874143481254577637e-01 -6.249971985816955566e-01 1.456517130136489868e-01
-9.249658584594726562e-01 -3.356151282787322998e-01 -1.783285737037658691e-01 9.086395055055618286e-02
-8.717294037342071533e-02 6.440680623054504395e-01 -7.599848508834838867e-01 2.649941146373748779e-01
0.000000000000000000e+00 0.000000000000000000e+00 0.000000000000000000e+00 1.000000000000000000e+00
5.316290855407714844e-01 -5.860370993614196777e-01 -6.114993095397949219e-01 1.360013782978057861e-01
-8.423786163330078125e-01 -4.409779906272888184e-01 -3.097364008426666260e-01 1.265912353992462158e-01
-8.814056962728500366e-02 6.797786951065063477e-01 -7.281016707420349121e-01 2.536017000675201416e-01
0.000000000000000000e+00 0.000000000000000000e+00 0.000000000000000000e+00 1.000000000000000000e+00
6.771507263183593750e-01 -3.991085290908813477e-01 -6.182067394256591797e-01 1.339051425457000732e-01
-7.121274471282958984e-01 -5.670149326324462891e-01 -4.139665663242340088e-01 1.565940082073211670e-01
-1.853149980306625366e-01 7.205595970153808594e-01 -6.681709289550781250e-01 2.491765320301055908e-01
0.000000000000000000e+00 0.000000000000000000e+00 0.000000000000000000e+00 1.000000000000000000e+00
6.974411010742187500e-01 -3.207052350044250488e-01 -6.408776044845581055e-01 1.376222670078277588e-01
-6.515315771102905273e-01 -6.562036871910095215e-01 -3.806608319282531738e-01 1.444390416145324707e-01
-2.984665334224700928e-01 6.830407381057739258e-01 -6.666131019592285156e-01 2.596428990364074707e-01
0.000000000000000000e+00 0.000000000000000000e+00 0.000000000000000000e+00 1.000000000000000000e+00
7.396427989006042480e-01 -2.310023456811904907e-01 -6.321124434471130371e-01 1.399209499359130859e-01
-5.732067227363586426e-01 -7.083961963653564453e-01 -4.118367135524749756e-01 1.465196311473846436e-01
-3.526507616043090820e-01 6.669430136680603027e-01 -6.563718914985656738e-01 2.561952769756317139e-01
0.000000000000000000e+00 0.000000000000000000e+00 0.000000000000000000e+00 1.000000000000000000e+00
7.225335836410522461e-01 -2.161406427621841431e-01 -6.566800475120544434e-01 1.555799692869186401e-01
-5.450598001480102539e-01 -7.624056935310363770e-01 -3.487803339958190918e-01 1.192713454365730286e-01
-4.252707958221435547e-01 6.099352240562438965e-01 -6.686731576919555664e-01 2.644888758659362793e-01
0.000000000000000000e+00 0.000000000000000000e+00 0.000000000000000000e+00 1.000000000000000000e+00
7.098567485809326172e-01 -3.146007657051086426e-01 -6.301825642585754395e-01 1.555343568325042725e-01
-5.924556851387023926e-01 -7.505627870559692383e-01 -2.926629781723022461e-01 9.802962094545364380e-02
-3.809196650981903076e-01 5.811036825180053711e-01 -7.191792726516723633e-01 2.774852514266967773e-01
0.000000000000000000e+00 0.000000000000000000e+00 0.000000000000000000e+00 1.000000000000000000e+00
8.006646633148193359e-01 -1.485415995121002197e-01 -5.804059505462646484e-01 1.434889435768127441e-01
-5.293768644332885742e-01 -6.290252208709716797e-01 -5.692859292030334473e-01 1.853587180376052856e-01
-2.805276513099670410e-01 7.630605697631835938e-01 -5.822730660438537598e-01 2.387776821851730347e-01
0.000000000000000000e+00 0.000000000000000000e+00 0.000000000000000000e+00 1.000000000000000000e+00
8.411117196083068848e-01 -8.276053518056869507e-02 -5.344915986061096191e-01 1.271317899227142334e-01
-4.796498119831085205e-01 -5.707986354827880859e-01 -6.664267182350158691e-01 2.173710167407989502e-01
-2.499334365129470825e-01 8.169082999229431152e-01 -5.198018550872802734e-01 2.166542559862136841e-01
0.000000000000000000e+00 0.000000000000000000e+00 0.000000000000000000e+00 1.000000000000000000e+00
8.718533515930175781e-01 -1.941762119531631470e-02 -4.893817901611328125e-01 1.112911775708198547e-01
-4.317584633827209473e-01 -5.021741390228271484e-01 -7.492698431015014648e-01 2.449562698602676392e-01
-2.312059551477432251e-01 8.645482063293457031e-01 -4.462060928344726562e-01 1.914998292922973633e-01
0.000000000000000000e+00 0.000000000000000000e+00 0.000000000000000000e+00 1.000000000000000000e+00
8.907216787338256836e-01 1.063037663698196411e-01 -4.419440925121307373e-01 9.626145660877227783e-02
-3.657679855823516846e-01 -4.096176922321319580e-01 -8.357196450233459473e-01 2.734348773956298828e-01
-2.698682844638824463e-01 9.060426950454711914e-01 -3.259728848934173584e-01 1.535329073667526245e-01
0.000000000000000000e+00 0.000000000000000000e+00 0.000000000000000000e+00 1.000000000000000000e+00
9.605013132095336914e-01 -2.049470394849777222e-01 -1.882392764091491699e-01 6.735765840858221054e-03
-2.441622167825698853e-01 -2.961609661579132080e-01 -9.234031438827514648e-01 2.961664497852325439e-01
1.334996819496154785e-01 9.328908324241638184e-01 -3.345032334327697754e-01 1.315796673297882080e-01
0.000000000000000000e+00 0.000000000000000000e+00 0.000000000000000000e+00 1.000000000000000000e+00
9.814563989639282227e-01 -8.028586208820343018e-02 -1.740608215332031250e-01 3.016141243278980255e-03
-1.877531707286834717e-01 -2.196791321039199829e-01 -9.573346972465515137e-01 3.045542240142822266e-01
3.862291574478149414e-02 9.722628593444824219e-01 -2.306794524192810059e-01 1.011523082852363586e-01
0.000000000000000000e+00 0.000000000000000000e+00 0.000000000000000000e+00 1.000000000000000000e+00
9.817803502082824707e-01 -1.419892609119415283e-01 -1.262798011302947998e-01 -1.295456383377313614e-02
-1.417227238416671753e-01 -1.044688448309898376e-01 -9.843783974647521973e-01 3.107787966728210449e-01
1.265788227319717407e-01 9.843403100967407227e-01 -1.226885616779327393e-01 5.902365222573280334e-02
0.000000000000000000e+00 0.000000000000000000e+00 0.000000000000000000e+00 1.000000000000000000e+00
9.844314455986022949e-01 -1.195557191967964172e-01 -1.288457363843917847e-01 -1.314534805715084076e-02
-1.351122856140136719e-01 -4.584649950265884399e-02 -9.897691011428833008e-01 3.109706044197082520e-01
1.124254241585731506e-01 9.917681813240051270e-01 -6.128612905740737915e-02 3.887899592518806458e-02
0.000000000000000000e+00 0.000000000000000000e+00 0.000000000000000000e+00 1.000000000000000000e+00
9.785004854202270508e-01 -1.848521977663040161e-01 -9.146997332572937012e-02 -2.532441355288028717e-02
-8.615163713693618774e-02 3.661806136369705200e-02 -9.956086874008178711e-01 3.091111481189727783e-01
1.873898804187774658e-01 9.820837974548339844e-01 1.990541443228721619e-02 4.056230653077363968e-03
0.000000000000000000e+00 0.000000000000000000e+00 0.000000000000000000e+00 1.000000000000000000e+00
9.117647409439086914e-01 -3.994866013526916504e-01 -9.537202119827270508e-02 -2.126298844814300537e-02
-5.072338879108428955e-02 1.209074333310127258e-01 -9.913669228553771973e-01 3.034459352493286133e-01
4.075690805912017822e-01 9.087308049201965332e-01 8.997585624456405640e-02 -3.410929441452026367e-02
0.000000000000000000e+00 0.000000000000000000e+00 0.000000000000000000e+00 1.000000000000000000e+00
9.525477290153503418e-01 -2.366014569997787476e-01 -1.914993822574615479e-01 1.707699731923639774e-03
-1.551530659198760986e-01 1.638584733009338379e-01 -9.742060899734497070e-01 3.060057461261749268e-01
2.618774473667144775e-01 9.576898813247680664e-01 1.193736046552658081e-01 -2.626909129321575165e-02
0.000000000000000000e+00 0.000000000000000000e+00 0.000000000000000000e+00 1.000000000000000000e+00
9.671043753623962402e-01 -1.807271502912044525e-02 -2.537370324134826660e-01 2.134076505899429321e-02
-2.466049641370773315e-01 1.781163811683654785e-01 -9.526070952415466309e-01 3.087424039840698242e-01
6.241091340780258179e-02 9.838435053825378418e-01 1.678003221750259399e-01 -2.663193829357624054e-02
0.000000000000000000e+00 0.000000000000000000e+00 0.000000000000000000e+00 1.000000000000000000e+00
8.924186229705810547e-01 3.778372704982757568e-01 -2.466335743665695190e-01 3.512848541140556335e-02
-3.544951081275939941e-01 2.489579916000366211e-01 -9.013063311576843262e-01 3.081925213336944580e-01
-2.791458070278167725e-01 8.917729258537292480e-01 3.561161756515502930e-01 -6.083028391003608704e-02
0.000000000000000000e+00 0.000000000000000000e+00 0.000000000000000000e+00 1.000000000000000000e+00
9.255217313766479492e-01 1.884376406669616699e-01 -3.284825384616851807e-01 5.345847085118293762e-02
-3.756000995635986328e-01 3.461152017116546631e-01 -8.597256541252136230e-01 3.009775876998901367e-01
-4.831191524863243103e-02 9.190730452537536621e-01 3.911144435405731201e-01 -8.584610372781753540e-02
0.000000000000000000e+00 0.000000000000000000e+00 0.000000000000000000e+00 1.000000000000000000e+00
8.853087425231933594e-01 1.476926505565643311e-01 -4.409256577491760254e-01 9.084726125001907349e-02
-4.597572982311248779e-01 4.200544953346252441e-01 -7.824175357818603516e-01 2.874772846698760986e-01
6.965543329715728760e-02 8.953998088836669922e-01 4.397805631160736084e-01 -1.115790978074073792e-01
0.000000000000000000e+00 0.000000000000000000e+00 0.000000000000000000e+00 1.000000000000000000e+00
8.693838119506835938e-01 1.255464255809783936e-01 -4.779228568077087402e-01 1.030633822083473206e-01
-4.705375730991363525e-01 5.056686401367187500e-01 -7.231137156486511230e-01 2.696226537227630615e-01
1.508862525224685669e-01 8.535439968109130859e-01 4.986942112445831299e-01 -1.379716843366622925e-01
0.000000000000000000e+00 0.000000000000000000e+00 0.000000000000000000e+00 1.000000000000000000e+00
8.582807779312133789e-01 1.137694045901298523e-01 -5.004101395606994629e-01 1.107591167092323303e-01
-4.646556377410888672e-01 5.861880779266357422e-01 -6.636852025985717773e-01 2.531068325042724609e-01
2.178272902965545654e-01 8.021470308303833008e-01 5.559777021408081055e-01 -1.580729037523269653e-01
0.000000000000000000e+00 0.000000000000000000e+00 0.000000000000000000e+00 1.000000000000000000e+00
8.354175686836242676e-01 7.541201263666152954e-02 -5.444175004959106445e-01 1.223765835165977478e-01
-4.411616623401641846e-01 6.827858090400695801e-01 -5.823911428451538086e-01 2.287704348564147949e-01
3.278011679649353027e-01 7.267161607742309570e-01 6.036802530288696289e-01 -1.799219101667404175e-01
0.000000000000000000e+00 0.000000000000000000e+00 0.000000000000000000e+00 1.000000000000000000e+00
8.156403303146362305e-01 8.808524161577224731e-02 -5.718145966529846191e-01 1.328882128000259399e-01
-4.415484368801116943e-01 7.334188818931579590e-01 -5.168480873107910156e-01 2.093476057052612305e-01
3.738528192043304443e-01 6.740458011627197266e-01 6.370999217033386230e-01 -1.948040425777435303e-01
0.000000000000000000e+00 0.000000000000000000e+00 0.000000000000000000e+00 1.000000000000000000e+00
7.830159664154052734e-01 1.283784210681915283e-01 -6.086090207099914551e-01 1.483393162488937378e-01
-4.479508399963378906e-01 7.952413558959960938e-01 -4.085724055767059326e-01 1.775496304035186768e-01
4.315392374992370605e-01 5.925459861755371094e-01 6.801941394805908203e-01 -2.137814313173294067e-01
0.000000000000000000e+00 0.000000000000000000e+00 0.000000000000000000e+00 1.000000000000000000e+00
7.540332674980163574e-01 1.919313818216323853e-01 -6.281685829162597656e-01 1.587489247322082520e-01
-4.524302780628204346e-01 8.450747728347778320e-01 -2.848773002624511719e-01 1.401444971561431885e-01
4.761727154254913330e-01 4.990095496177673340e-01 7.240504026412963867e-01 -2.332118153572082520e-01
0.000000000000000000e+00 0.000000000000000000e+00 0.000000000000000000e+00 1.000000000000000000e+00
7.288742661476135254e-01 2.602525055408477783e-01 -6.332538723945617676e-01 1.642918735742568970e-01
-4.566285610198974609e-01 8.739567399024963379e-01 -1.664029210805892944e-01 1.042227670550346375e-01
5.101295113563537598e-01 4.104486703872680664e-01 7.558432817459106445e-01 -2.478176802396774292e-01
0.000000000000000000e+00 0.000000000000000000e+00 0.000000000000000000e+00 1.000000000000000000e+00
7.057361602783203125e-01 3.402763903141021729e-01 -6.214080452919006348e-01 1.637598276138305664e-01
-4.343177378177642822e-01 9.007596373558044434e-01 -1.028941915137693286e-05 5.209854617714881897e-02
5.597359538078308105e-01 2.698959112167358398e-01 7.834869027137756348e-01 -2.621413171291351318e-01
0.000000000000000000e+00 0.000000000000000000e+00 0.000000000000000000e+00 1.000000000000000000e+00
6.906672716140747070e-01 3.914546072483062744e-01 -6.080641150474548340e-01 1.591344326734542847e-01
-3.699398636817932129e-01 9.137322902679443359e-01 1.680406928062438965e-01 -6.264792755246162415e-03
6.213881373405456543e-01 1.088870465755462646e-01 7.758997082710266113e-01 -2.611286342144012451e-01
0.000000000000000000e+00 0.000000000000000000e+00 0.000000000000000000e+00 1.000000000000000000e+00
6.866210103034973145e-01 4.180413484573364258e-01 -5.948051214218139648e-01 1.537884473800659180e-01
-2.982096374034881592e-01 9.080978631973266602e-01 2.939879298210144043e-01 -5.157283321022987366e-02
6.630403399467468262e-01 -2.448167093098163605e-02 7.481831312179565430e-01 -2.548320591449737549e-01
0.000000000000000000e+00 0.000000000000000000e+00 0.000000000000000000e+00 1.000000000000000000e+00
6.759538054466247559e-01 4.501331448554992676e-01 -5.834949612617492676e-01 1.500438451766967773e-01
-2.362963259220123291e-01 8.823581933975219727e-01 4.069498479366302490e-01 -9.087105095386505127e-02
6.980332136154174805e-01 -1.372015029191970825e-01 7.027981877326965332e-01 -2.423548698425292969e-01
0.000000000000000000e+00 0.000000000000000000e+00 0.000000000000000000e+00 1.000000000000000000e+00
6.676142215728759766e-01 4.865753948688507080e-01 -5.635029077529907227e-01 1.440682411193847656e-01
-1.635078489780426025e-01 8.342261314392089844e-01 5.266231298446655273e-01 -1.346535086631774902e-01
7.263306975364685059e-01 -2.594439387321472168e-01 6.365001201629638672e-01 -2.233857810497283936e-01
0.000000000000000000e+00 0.000000000000000000e+00 0.000000000000000000e+00 1.000000000000000000e+00
6.515055298805236816e-01 5.172541141510009766e-01 -5.549671053886413574e-01 1.421178281307220459e-01
-9.332875162363052368e-02 7.806152105331420898e-01 6.180044412612915039e-01 -1.694556921720504761e-01
7.528811693191528320e-01 -3.508388400077819824e-01 5.568498373031616211e-01 -2.001652121543884277e-01
0.000000000000000000e+00 0.000000000000000000e+00 0.000000000000000000e+00 1.000000000000000000e+00
6.686491966247558594e-01 5.267232656478881836e-01 -5.248531103134155273e-01 1.316580623388290405e-01
-2.835313789546489716e-02 7.233952879905700684e-01 6.898517012596130371e-01 -1.982762515544891357e-01
7.430372238159179688e-01 -4.463874995708465576e-01 4.986318945884704590e-01 -1.822841614484786987e-01
0.000000000000000000e+00 0.000000000000000000e+00 0.000000000000000000e+00 1.000000000000000000e+00
6.811358332633972168e-01 5.358344912528991699e-01 -4.989342093467712402e-01 1.228435784578323364e-01
2.028534375131130219e-02 6.673849225044250488e-01 7.444365620613098145e-01 -2.203495800495147705e-01
7.318759560585021973e-01 -5.171834826469421387e-01 4.437101781368255615e-01 -1.661632806062698364e-01
0.000000000000000000e+00 0.000000000000000000e+00 0.000000000000000000e+00 1.000000000000000000e+00
7.300937175750732422e-01 5.148024559020996094e-01 -4.493789970874786377e-01 1.040249764919281006e-01
6.583225727081298828e-02 6.015682220458984375e-01 7.961040735244750977e-01 -2.416221201419830322e-01
6.801685094833374023e-01 -6.108142137527465820e-01 4.053106009960174561e-01 -1.545797437429428101e-01
0.000000000000000000e+00 0.000000000000000000e+00 0.000000000000000000e+00 1.000000000000000000e+00
7.832410335540771484e-01 4.908940494060516357e-01 -3.815186917781829834e-01 7.878620177507400513e-02
1.038895770907402039e-01 5.016842484474182129e-01 8.587896823883056641e-01 -2.685274779796600342e-01
6.129766702651977539e-01 -7.122751474380493164e-01 3.419408798217773438e-01 -1.342455893754959106e-01
0.000000000000000000e+00 0.000000000000000000e+00 0.000000000000000000e+00 1.000000000000000000e+00
8.417431116104125977e-01 4.445884823799133301e-01 -3.062835335731506348e-01 5.260213464498519897e-02
1.254538744688034058e-01 3.907144069671630859e-01 9.119228720664978027e-01 -2.905522286891937256e-01
5.250998139381408691e-01 -8.060292005538940430e-01 2.731058299541473389e-01 -1.089340746402740479e-01
0.000000000000000000e+00 0.000000000000000000e+00 0.000000000000000000e+00 1.000000000000000000e+00
8.475867509841918945e-01 4.457629323005676270e-01 -2.879098653793334961e-01 4.611814767122268677e-02
1.608259081840515137e-01 3.012539744377136230e-01 9.398835301399230957e-01 -3.034518659114837646e-01
5.056992769241333008e-01 -8.429361581802368164e-01 1.836486160755157471e-01 -8.133015036582946777e-02
0.000000000000000000e+00 0.000000000000000000e+00 0.000000000000000000e+00 1.000000000000000000e+00
9.281396865844726562e-01 2.778210341930389404e-01 -2.477341294288635254e-01 2.697652019560337067e-02
1.934864670038223267e-01 2.084778994321823120e-01 9.586969614028930664e-01 -3.135824799537658691e-01
3.179932534694671631e-01 -9.377378225326538086e-01 1.397420465946197510e-01 -5.822161212563514709e-02
0.000000000000000000e+00 0.000000000000000000e+00 0.000000000000000000e+00 1.000000000000000000e+00
9.661675691604614258e-01 1.336017549037933350e-01 -2.206150442361831665e-01 1.450000610202550888e-02
2.062433212995529175e-01 1.134086698293685913e-01 9.719064235687255859e-01 -3.209033608436584473e-01
1.548680663108825684e-01 -9.845246672630310059e-01 8.201728761196136475e-02 -3.016131930053234100e-02
0.000000000000000000e+00 0.000000000000000000e+00 0.000000000000000000e+00 1.000000000000000000e+00
9.719128608703613281e-01 1.357444673776626587e-01 -1.922464072704315186e-01 2.140510827302932739e-03
1.901045888662338257e-01 2.869264781475067139e-02 9.813444018363952637e-01 -3.268996477127075195e-01
1.387281417846679688e-01 -9.903283119201660156e-01 2.081133658066391945e-03 -1.573464483954012394e-03
0.000000000000000000e+00 0.000000000000000000e+00 0.000000000000000000e+00 1.000000000000000000e+00
9.845180511474609375e-01 9.056614711880683899e-03 -1.750490665435791016e-01 -4.201740957796573639e-03
1.752635836601257324e-01 -6.579972803592681885e-02 9.823203086853027344e-01 -3.310515880584716797e-01
-2.621681429445743561e-03 -9.977917075157165527e-01 -6.636830419301986694e-02 3.517163544893264771e-02
0.000000000000000000e+00 0.000000000000000000e+00 0.000000000000000000e+00 1.000000000000000000e+00
9.796283841133117676e-01 -6.277259439229965210e-02 -1.907557696104049683e-01 3.694837447255849838e-03
1.828257292509078979e-01 -1.142144352197647095e-01 9.764885306358337402e-01 -3.316568434238433838e-01
-8.308377116918563843e-02 -9.914709925651550293e-01 -1.004112139344215393e-01 5.621051415801048279e-02
0.000000000000000000e+00 0.000000000000000000e+00 0.000000000000000000e+00 1.000000000000000000e+00
9.672749638557434082e-01 -2.058677375316619873e-01 -1.483160704374313354e-01 -7.602243684232234955e-03
1.368227154016494751e-01 -6.906634569168090820e-02 9.881849884986877441e-01 -3.327705860137939453e-01
-2.136790156364440918e-01 -9.761394858360290527e-01 -3.863875567913055420e-02 4.099624976515769958e-02
0.000000000000000000e+00 0.000000000000000000e+00 0.000000000000000000e+00 1.000000000000000000e+00
9.850423932075500488e-01 1.613552719354629517e-01 -6.046441942453384399e-02 -3.690016269683837891e-02
5.065669864416122437e-02 6.422348320484161377e-02 9.966488480567932129e-01 -3.287129700183868408e-01
1.646978110074996948e-01 -9.848044514656066895e-01 5.508914589881896973e-02 -1.311751734465360641e-02
0.000000000000000000e+00 0.000000000000000000e+00 0.000000000000000000e+00 1.000000000000000000e+00
9.979382753372192383e-01 4.309529438614845276e-02 4.756021127104759216e-02 -6.967950612306594849e-02
-5.477448552846908569e-02 1.856545060873031616e-01 9.810872077941894531e-01 -3.151338994503021240e-01
3.345047682523727417e-02 -9.816695451736450195e-01 1.876322776079177856e-01 -5.031338706612586975e-02
0.000000000000000000e+00 0.000000000000000000e+00 0.000000000000000000e+00 1.000000000000000000e+00
9.479535222053527832e-01 3.080541193485260010e-01 8.054053038358688354e-02 -7.413186877965927124e-02
-1.785140335559844971e-01 3.047271668910980225e-01 9.355606436729431152e-01 -2.900518178939819336e-01
2.636605501174926758e-01 -9.012456536293029785e-01 3.438591957092285156e-01 -1.151644960045814514e-01
0.000000000000000000e+00 0.000000000000000000e+00 0.000000000000000000e+00 1.000000000000000000e+00
9.141727685928344727e-01 3.750060200691223145e-01 1.538135111331939697e-01 -9.123921394348144531e-02
-3.084920644760131836e-01 3.975851237773895264e-01 8.641520142555236816e-01 -2.559209764003753662e-01
2.629082798957824707e-01 -8.374344706535339355e-01 4.791478514671325684e-01 -1.595714688301086426e-01
0.000000000000000000e+00 0.000000000000000000e+00 0.000000000000000000e+00 1.000000000000000000e+00
8.741863369941711426e-01 4.387787580490112305e-01 2.080177515745162964e-01 -1.017096117138862610e-01
-4.319252967834472656e-01 5.068604946136474609e-01 7.460113167762756348e-01 -2.079009115695953369e-01
2.218979746103286743e-01 -7.420009970664978027e-01 6.326102018356323242e-01 -2.043990641832351685e-01
0.000000000000000000e+00 0.000000000000000000e+00 0.000000000000000000e+00 1.000000000000000000e+00
7.985870242118835449e-01 5.511047244071960449e-01 2.419550269842147827e-01 -1.027622371912002563e-01
-5.752328038215637207e-01 5.805566310882568359e-01 5.762473344802856445e-01 -1.450636684894561768e-01
1.771041899919509888e-01 -5.993641614913940430e-01 7.806385755538940430e-01 -2.448400706052780151e-01
0.000000000000000000e+00 0.000000000000000000e+00 0.000000000000000000e+00 1.000000000000000000e+00
7.346766591072082520e-01 6.170431971549987793e-01 2.819714546203613281e-01 -1.049685776233673096e-01
-6.660259366035461426e-01 5.769320726394653320e-01 4.728199541568756104e-01 -1.072503551840782166e-01
1.290720403194427490e-01 -5.351700782775878906e-01 8.348253369331359863e-01 -2.583975493907928467e-01
0.000000000000000000e+00 0.000000000000000000e+00 0.000000000000000000e+00 1.000000000000000000e+00
