0.9660409092903137 0.2505346536636353 0.06322474777698517 -0.06660580635070801 
-0.133342370390892 0.2737842202186584 0.9525029063224792 -0.2872521579265594 
0.22132508456707 -0.9285872578620911 0.2978936433792114 -0.07214067876338959 
0 0 0 1 

0.979082465171814 0.1966831386089325 0.05208856612443924 -0.06606382131576538 
-0.08990975469350815 0.1885769367218018 0.977933943271637 -0.299170583486557 
0.1825204491615295 -0.9621612429618835 0.2023161053657532 -0.0375688374042511 
0 0 0 1 

0.9947007298469543 0.1028053462505341 -0.001241711084730923 -0.05306288599967957 
-0.01205429527908564 0.1286094039678574 0.9916220307350159 -0.3062886893749237 
0.1021037474274635 -0.9863521456718445 0.1291671246290207 -0.01513644773513079 
0 0 0 1 

0.9972888827323914 0.07343008369207382 -0.004782048054039478 -0.05277189612388611 
-0.01335502602159977 0.244521901011467 0.9695517420768738 -0.3009321987628937 
0.07236358523368835 -0.9668592810630798 0.2448396235704422 -0.05109589546918869 
0 0 0 1 

0.9984215497970581 0.02662673592567444 -0.04945149272680283 -0.03763012588024139 
0.03963324427604675 0.2898403704166412 0.9562540650367737 -0.3075280785560608 
0.03979496285319328 -0.9567045569419861 0.2883275747299194 -0.06357983499765396 
0 0 0 1 

0.987765371799469 -0.05426948517560959 -0.1461999267339706 -0.001551191206090152 
0.1554989516735077 0.2717067301273346 0.9497343897819519 -0.3181880116462708 
-0.01181811187416315 -0.9608486294746399 0.2768213450908661 -0.05737189948558807 
0 0 0 1 

0.9796199798583984 0.1991770267486572 -0.02594547346234322 -0.05069810524582863 
-0.03822003304958344 0.3116546273231506 0.9494263529777527 -0.3133947551250458 
0.1971899718046188 -0.9290854334831238 0.3129156529903412 -0.08871446549892426 
0 0 0 1 

-0.9838854670524597 -0.164800226688385 0.06935064494609833 0.02531014382839203 
-0.003913862630724907 0.4076303243637085 0.9131385684013367 -0.299107700586319 
-0.1787548810243607 0.8981527090072632 -0.4017063677310944 0.1407063901424408 
0 0 0 1 

-0.979826807975769 -0.1796440333127975 0.08756447583436966 0.01579485647380352 
0.04674684628844261 0.2199774384498596 0.9743843078613281 -0.3223206698894501 
-0.1943045407533646 0.958821177482605 -0.2071421295404434 0.07234404236078262 
0 0 0 1 

-0.9762632846832275 -0.185642346739769 0.1115622296929359 0.005723855458199978 
0.08957858383655548 0.1228840202093124 0.988369882106781 -0.328457772731781 
-0.197192519903183 0.9749031662940979 -0.103337250649929 0.03570307046175003 
0 0 0 1 

