-0.3358667492866516 0.3058708012104034 0.8908628225326538 -0.2614967525005341 
-0.9416518211364746 -0.1311614811420441 -0.309981495141983 0.1469155848026276 
0.0220325943082571 -0.9429950714111328 0.3320765793323517 -0.09032958000898361 
0 0 0 1 

-0.3817542195320129 0.1048072129487991 0.9183021187782288 -0.2533649206161499 
-0.9159147143363953 -0.176139697432518 -0.3606587648391724 0.1555926650762558 
0.1239499375224113 -0.9787696003913879 0.1632368266582489 -0.05677473172545433 
0 0 0 1 

-0.3996406197547913 -0.0673631876707077 0.9141932129859924 -0.2512755393981934 
-0.9131636619567871 -0.05791050568223 -0.4034579694271088 0.1679425686597824 
0.08011974394321442 -0.9960464239120483 -0.0383700504899025 0.006397956050932407 
0 0 0 1 

-0.3874524831771851 -0.1470074355602264 0.9100930094718933 -0.250584602355957 
-0.9202869534492493 0.003491933923214674 -0.3912283480167389 0.1650879830121994 
0.05433548614382744 -0.9891291856765747 -0.1366419494152069 0.03667794167995453 
0 0 0 1 

-0.3929450511932373 -0.3064332604408264 0.8670020699501038 -0.2386943846940994 
-0.9173457622528076 0.06521092355251312 -0.3927139043807983 0.1669797152280807 
0.06380264461040497 -0.9496557712554932 -0.3067294955253601 0.08706371486186981 
0 0 0 1 

-0.4229058921337128 -0.3964374363422394 0.8148545026779175 -0.2230264246463776 
-0.9056476950645447 0.1542786508798599 -0.3949686884880066 0.1678604483604431 
0.03086579777300358 -0.9050057530403137 -0.4242778718471527 0.1220659092068672 
0 0 0 1 

-0.466951847076416 -0.4637271165847778 0.7529363036155701 -0.2023498117923737 
-0.8842743039131165 0.2411673069000244 -0.399871438741684 0.166054293513298 
0.003847687738016248 -0.8525229096412659 -0.5226753354072571 0.1537580341100693 
0 0 0 1 

-0.4915966391563416 -0.5308646559715271 0.6903010010719299 -0.1846461892127991 
-0.8708081245422363 0.3043124973773956 -0.3861180245876312 0.1615245640277863 
-0.005090751685202122 -0.7909340262413025 -0.6118801832199097 0.1835658997297287 
0 0 0 1 

-0.4649659395217896 -0.5908507704734802 0.6593190431594849 -0.1795353293418884 
-0.8829504251480103 0.3640211820602417 -0.2964572310447693 0.1352980136871338 
-0.0648440346121788 -0.7199887037277222 -0.6909493803977966 0.212406650185585 
0 0 0 1 

-0.4708361625671387 -0.6258891224861145 0.6217523217201233 -0.1694076657295227 
-0.880565881729126 0.3765511512756348 -0.2877722382545471 0.1320039927959442 
-0.05400801450014114 -0.6829875111579895 -0.7284305095672607 0.2236433327198029 
0 0 0 1 

