0.998436450958252 0.05069059506058693 0.02355779893696308 -0.02435227297246456 
-0.05086280032992363 0.9986826777458191 0.006768377032130957 0.01797783561050892 
-0.02318365499377251 -0.007956063374876976 0.9996995329856873 -0.3671493530273438 
0 0 0 1 

0.7919114232063293 0.5733212828636169 0.2101879566907883 -0.1116648837924004 
-0.5886577963829041 0.8082753419876099 0.01314723771065474 0.004927143920212984 
-0.1623521447181702 -0.1341402530670166 0.9775725603103638 -0.2722570598125458 
0 0 0 1 

0.8268038630485535 0.5108170509338379 0.2355017513036728 -0.124076135456562 
-0.5440722703933716 0.832524836063385 0.1043436601758003 -0.02673962526023388 
-0.1427604854106903 -0.2144017666578293 0.966256320476532 -0.2717846035957336 
0 0 0 1 

0.843056321144104 0.4887301325798035 0.224496528506279 -0.1248811408877373 
-0.5311772227287292 0.8220563530921936 0.2051192969083786 -0.06092503666877747 
-0.08430071175098419 -0.2921746075153351 0.9526422619819641 -0.2713506519794464 
0 0 0 1 

0.8516730666160583 0.4894197583198547 0.1874057948589325 -0.117116704583168 
-0.5239352583885193 0.8033503293991089 0.2830542027950287 -0.0887165367603302 
-0.01202000491321087 -0.339258223772049 0.9406164288520813 -0.2720766365528107 
0 0 0 1 

0.8618639707565308 0.4886288940906525 0.1357651799917221 -0.1045967414975166 
-0.5018599033355713 0.7832334637641907 0.3669902086257935 -0.1189090684056282 
0.07298624515533447 -0.3844307661056519 0.9202640652656555 -0.2712134122848511 
0 0 0 1 

0.8781473636627197 0.4694008827209473 0.0923030748963356 -0.09444379806518555 
-0.457194447517395 0.7666746377944946 0.4507580399513245 -0.1505772024393082 
0.1408199965953827 -0.4380323886871338 0.8878610134124756 -0.2668186128139496 
0 0 0 1 

0.896246075630188 0.4414771795272827 0.04290373995900154 -0.08172367513179779 
-0.3913556933403015 0.7415350675582886 0.544946014881134 -0.1868905425071716 
0.2087667733430862 -0.5051962733268738 0.8373726010322571 -0.2617487609386444 
0 0 0 1 

0.9302632808685303 0.3665841221809387 0.01504333037883043 -0.07398638874292374 
-0.2979400157928467 0.7308697700500488 0.6140528917312622 -0.2132390737533569 
0.214107409119606 -0.5757128000259399 0.7891213893890381 -0.2568256258964539 
0 0 0 1 

0.9436769485473633 0.3308596611022949 -0.002379840239882469 -0.06988785415887833 
-0.2488529086112976 0.7144810557365417 0.6539028286933899 -0.2278657555580139 
0.2180504649877548 -0.6164807677268982 0.7565747499465942 -0.2521552741527557 
0 0 0 1 

