1.000000000000000000e+00 0.000000000000000000e+00 0.000000000000000000e+00 -4.096739311332171507e-01
0.000000000000000000e+00 -1.000000000000000000e+00 0.000000000000000000e+00 -1.964994255000929863e-02
0.000000000000000000e+00 0.000000000000000000e+00 -1.000000000000000000e+00 -2.664639050480994698e+00
0.000000000000000000e+00 0.000000000000000000e+00 0.000000000000000000e+00 1.000000000000000000e+00
9.968044161796569824e-01 -7.760556787252426147e-02 -1.893105357885360718e-02 -4.475064531221733533e-01
-7.730186730623245239e-02 -9.968748688697814941e-01 1.628011837601661682e-02 5.829047148580256826e-02
-2.013531327247619629e-02 -1.476469822227954865e-02 -9.996882081031799316e-01 -2.716757726592224031e+00
0.000000000000000000e+00 0.000000000000000000e+00 0.000000000000000000e+00 1.000000000000000000e+00
9.856700301170349121e-01 -1.637510508298873901e-01 -4.049826413393020630e-02 -4.908224556992173970e-01
-1.616472303867340088e-01 -9.855453372001647949e-01 5.069887638092041016e-02 2.049957471357447825e-01
-4.821490123867988586e-02 -4.342590272426605225e-02 -9.978926181793212891e-01 -2.708549665623743774e+00
0.000000000000000000e+00 0.000000000000000000e+00 0.000000000000000000e+00 1.000000000000000000e+00
9.653517007827758789e-01 -2.575027942657470703e-01 -4.228839650750160217e-02 -4.752216969759405774e-01
-2.538379430770874023e-01 -9.642032980918884277e-01 7.666773349046707153e-02 3.278625224794633475e-01
-6.051680445671081543e-02 -6.327687203884124756e-02 -9.961594343185424805e-01 -2.705049940038346090e+00
0.000000000000000000e+00 0.000000000000000000e+00 0.000000000000000000e+00 1.000000000000000000e+00
9.367117285728454590e-01 -3.461380600929260254e-01 -5.252951011061668396e-02 -4.787638825687853816e-01
-3.378292024135589600e-01 -9.330225586891174316e-01 1.238547414541244507e-01 5.040855572546434349e-01
-9.188209474086761475e-02 -9.827015548944473267e-02 -9.909090399742126465e-01 -2.679478736853075027e+00
0.000000000000000000e+00 0.000000000000000000e+00 0.000000000000000000e+00 1.000000000000000000e+00
8.928562402725219727e-01 -4.484354555606842041e-01 -4.138875007629394531e-02 -4.170223752815516161e-01
-4.394451081752777100e-01 -8.876605033874511719e-01 1.376474499702453613e-01 5.794311336541837498e-01
-9.846520423889160156e-02 -1.047112941741943359e-01 -9.896162748336791992e-01 -2.683340217562848462e+00
0.000000000000000000e+00 0.000000000000000000e+00 0.000000000000000000e+00 1.000000000000000000e+00
8.439648747444152832e-01 -5.359130501747131348e-01 -2.280368655920028687e-02 -3.364597712244919436e-01
-5.255362391471862793e-01 -8.346393704414367676e-01 1.648893207311630249e-01 6.934020028072348518e-01
-1.073992922902107239e-01 -1.271766275167465210e-01 -9.860485792160034180e-01 -2.674941759160486043e+00
0.000000000000000000e+00 0.000000000000000000e+00 0.000000000000000000e+00 1.000000000000000000e+00
7.890525460243225098e-01 -6.142932176589965820e-01 -6.330191157758235931e-03 -2.588005038342546249e-01
-6.047039628028869629e-01 -7.784691452980041504e-01 1.682828068733215332e-01 7.378237936692100263e-01
-1.083028241991996765e-01 -1.289560496807098389e-01 -9.857181906700134277e-01 -2.682084422314157557e+00
0.000000000000000000e+00 0.000000000000000000e+00 0.000000000000000000e+00 1.000000000000000000e+00
7.174103856086730957e-01 -6.962869763374328613e-01 2.251827158033847809e-02 -1.292974983663883193e-01
-6.899778842926025391e-01 -7.057033777236938477e-01 1.609742492437362671e-01 7.455394427235421118e-01
-9.619306027889251709e-02 -1.310216784477233887e-01 -9.867016077041625977e-01 -2.695344913738257908e+00
0.000000000000000000e+00 0.000000000000000000e+00 0.000000000000000000e+00 1.000000000000000000e+00
6.464862227439880371e-01 -7.626125812530517578e-01 2.184852398931980133e-02 -8.527766339132299145e-02
-7.571810483932495117e-01 -6.378476619720458984e-01 1.408084034919738770e-01 7.078450278587278266e-01
-9.344624727964401245e-02 -1.075739935040473938e-01 -9.897955060005187988e-01 -2.717316225731611024e+00
0.000000000000000000e+00 0.000000000000000000e+00 0.000000000000000000e+00 1.000000000000000000e+00
5.523364543914794922e-01 -8.326919674873352051e-01 3.934898227453231812e-02 1.890938128905612914e-02
-8.313859701156616211e-01 -5.467872619628906250e-01 9.909874945878982544e-02 6.059596358213311662e-01
-6.100322306156158447e-02 -8.745004236698150635e-02 -9.942991733551025391e-01 -2.764399855500748071e+00
0.000000000000000000e+00 0.000000000000000000e+00 0.000000000000000000e+00 1.000000000000000000e+00
4.562789499759674072e-01 -8.862621784210205078e-01 7.967375218868255615e-02 1.973392849756267220e-01
-8.897830247879028320e-01 -4.534348547458648682e-01 5.180031433701515198e-02 4.750686779004411053e-01
-9.781816974282264709e-03 -9.452775865793228149e-02 -9.954742789268493652e-01 -2.806780392714692596e+00
0.000000000000000000e+00 0.000000000000000000e+00 0.000000000000000000e+00 1.000000000000000000e+00
3.557616770267486572e-01 -9.299655556678771973e-01 9.272120147943496704e-02 2.724357408196937391e-01
-9.344065189361572266e-01 -3.558353483676910400e-01 1.629891432821750641e-02 3.488050329763677238e-01
1.783603988587856293e-02 -9.243782609701156616e-02 -9.955585002899169922e-01 -2.820779295056282443e+00
0.000000000000000000e+00 0.000000000000000000e+00 0.000000000000000000e+00 1.000000000000000000e+00
2.706284224987030029e-01 -9.558174610137939453e-01 1.147718578577041626e-01 3.649352637047757475e-01
-9.594799876213073730e-01 -2.775228023529052734e-01 -4.878068715333938599e-02 1.226889542674851896e-01
7.847724854946136475e-02 -9.691987931728363037e-02 -9.921935200691223145e-01 -2.816674436757112598e+00
0.000000000000000000e+00 0.000000000000000000e+00 0.000000000000000000e+00 1.000000000000000000e+00
1.967720538377761841e-01 -9.698656201362609863e-01 1.436709612607955933e-01 4.626555394145617783e-01
-9.713411927223205566e-01 -2.127674371004104614e-01 -1.059577465057373047e-01 -7.386222729205094151e-02
1.333332955837249756e-01 -1.187039688229560852e-01 -9.839370846748352051e-01 -2.801452023949098535e+00
0.000000000000000000e+00 0.000000000000000000e+00 0.000000000000000000e+00 1.000000000000000000e+00
1.188752055168151855e-01 -9.825686812400817871e-01 1.429260969161987305e-01 4.761456804971378465e-01
-9.700700044631958008e-01 -1.456279456615447998e-01 -1.943112611770629883e-01 -3.553425900717547270e-01
2.117381244897842407e-01 -1.155495271086692810e-01 -9.704717397689819336e-01 -2.775612608726532926e+00
0.000000000000000000e+00 0.000000000000000000e+00 0.000000000000000000e+00 1.000000000000000000e+00
1.872731000185012817e-01 -9.736010432243347168e-01 1.304989159107208252e-01 4.325855759926331978e-01
-9.551662802696228027e-01 -2.114978581666946411e-01 -2.071857750415802002e-01 -3.871558282592314493e-01
2.293164581060409546e-01 -8.584785461425781250e-02 -9.695587158203125000e-01 -2.754176617054529430e+00
0.000000000000000000e+00 0.000000000000000000e+00 0.000000000000000000e+00 1.000000000000000000e+00
2.700996696949005127e-01 -9.529526233673095703e-01 1.375775039196014404e-01 4.316121691119119141e-01
-9.388453960418701172e-01 -2.923637926578521729e-01 -1.819121241569519043e-01 -2.958231105178736331e-01
2.135764658451080322e-01 -8.002962172031402588e-02 -9.736430048942565918e-01 -2.742197307203637191e+00
0.000000000000000000e+00 0.000000000000000000e+00 0.000000000000000000e+00 1.000000000000000000e+00
3.268420994281768799e-01 -9.352477192878723145e-01 1.359611153602600098e-01 4.114880571501010609e-01
-9.340601563453674316e-01 -3.415755033493041992e-01 -1.042025759816169739e-01 -4.031783083333236734e-02
1.438962519168853760e-01 -9.293812513351440430e-02 -9.852186441421508789e-01 -2.742169989310949685e+00
0.000000000000000000e+00 0.000000000000000000e+00 0.000000000000000000e+00 1.000000000000000000e+00
3.607974350452423096e-01 -9.177817702293395996e-01 1.658364385366439819e-01 4.852222917885493647e-01
-9.299832582473754883e-01 -3.674568533897399902e-01 -1.030969712883234024e-02 2.631107696764367621e-01
7.039977610111236572e-02 -1.505054235458374023e-01 -9.860994219779968262e-01 -2.705262412537025707e+00
0.000000000000000000e+00 0.000000000000000000e+00 0.000000000000000000e+00 1.000000000000000000e+00
4.057329893112182617e-01 -8.949581980705261230e-01 1.855543106794357300e-01 5.199310196471584877e-01
-9.138978719711303711e-01 -4.001497626304626465e-01 6.834260374307632446e-02 5.109564556652795853e-01
1.308570057153701782e-02 -1.973066180944442749e-01 -9.802546501159667969e-01 -2.656368903392770431e+00
0.000000000000000000e+00 0.000000000000000000e+00 0.000000000000000000e+00 1.000000000000000000e+00
4.593654572963714600e-01 -8.619751930236816406e-01 2.144325822591781616e-01 5.701520680006979536e-01
-8.870787024497985840e-01 -4.328136444091796875e-01 1.605109274387359619e-01 7.693964481426783797e-01
-4.554717615246772766e-02 -2.639517486095428467e-01 -9.634597897529602051e-01 -2.561223718483948364e+00
0.000000000000000000e+00 0.000000000000000000e+00 0.000000000000000000e+00 1.000000000000000000e+00
5.313922762870788574e-01 -8.239864706993103027e-01 1.966442763805389404e-01 4.676116674000009854e-01
-8.419408798217773438e-01 -4.880692362785339355e-01 2.300527989864349365e-01 9.462187519425441229e-01
-9.358423203229904175e-02 -2.878109812736511230e-01 -9.531036019325256348e-01 -2.495791570793103986e+00
0.000000000000000000e+00 0.000000000000000000e+00 0.000000000000000000e+00 1.000000000000000000e+00
5.950186252593994141e-01 -7.816767096519470215e-01 1.869092434644699097e-01 4.028523607857388833e-01
-7.931552529335021973e-01 -5.335333943367004395e-01 2.936788797378540039e-01 1.091115752108794856e+00
-1.298396885395050049e-01 -3.229920864105224609e-01 -9.374529719352722168e-01 -2.418483590117607829e+00
0.000000000000000000e+00 0.000000000000000000e+00 0.000000000000000000e+00 1.000000000000000000e+00
6.725466847419738770e-01 -7.221933007240295410e-01 1.616109311580657959e-01 2.788224192347589225e-01
-7.200837731361389160e-01 -5.882126688957214355e-01 3.680832982063293457e-01 1.232247022158833527e+00
-1.707658022642135620e-01 -3.639261722564697266e-01 -9.156394004821777344e-01 -2.319077089887860765e+00
0.000000000000000000e+00 0.000000000000000000e+00 0.000000000000000000e+00 1.000000000000000000e+00
7.338911294937133789e-01 -6.639205813407897949e-01 1.435729116201400757e-01 1.968881948233970891e-01
-6.475631594657897949e-01 -6.200114488601684570e-01 4.429979920387268066e-01 1.373139053694124811e+00
-2.050987333059310913e-01 -4.180848896503448486e-01 -8.849517703056335449e-01 -2.185944167690722306e+00
0.000000000000000000e+00 0.000000000000000000e+00 0.000000000000000000e+00 1.000000000000000000e+00
7.528582215309143066e-01 -6.461306810379028320e-01 1.253772974014282227e-01 1.289124477912143019e-01
-6.016864776611328125e-01 -5.984185338020324707e-01 5.290259718894958496e-01 1.554859883357222694e+00
-2.667919993400573730e-01 -4.737193286418914795e-01 -8.392925262451171875e-01 -1.991831500403321575e+00
0.000000000000000000e+00 0.000000000000000000e+00 0.000000000000000000e+00 1.000000000000000000e+00
7.861857414245605469e-01 -6.038746833801269531e-01 1.313279569149017334e-01 1.200001060249590162e-01
-5.353361368179321289e-01 -5.593107342720031738e-01 6.329189538955688477e-01 1.802422905039785972e+00
-3.087507784366607666e-01 -5.678964853286743164e-01 -7.629982829093933105e-01 -1.732218390693357701e+00
0.000000000000000000e+00 0.000000000000000000e+00 0.000000000000000000e+00 1.000000000000000000e+00
8.083713054656982422e-01 -5.736463665962219238e-01 1.321589052677154541e-01 1.025407130764206670e-01
-4.817514121532440186e-01 -5.156376957893371582e-01 7.085428833961486816e-01 1.986223757683466262e+00
-3.383069038391113281e-01 -6.364333629608154297e-01 -6.931815743446350098e-01 -1.502979742330378787e+00
0.000000000000000000e+00 0.000000000000000000e+00 0.000000000000000000e+00 1.000000000000000000e+00
8.350831270217895508e-01 -5.350745916366577148e-01 1.277941018342971802e-01 6.704765212939145513e-02
-4.178808927536010742e-01 -4.659041464328765869e-01 7.799415588378906250e-01 2.158299715598050561e+00
-3.577870726585388184e-01 -7.047187685966491699e-01 -6.126661300659179688e-01 -1.292039529085846405e+00
0.000000000000000000e+00 0.000000000000000000e+00 0.000000000000000000e+00 1.000000000000000000e+00
8.656548857688903809e-01 -4.931226968765258789e-01 8.643861860036849976e-02 -6.284220591444981963e-02
-3.293851315975189209e-01 -4.309602081775665283e-01 8.401063084602355957e-01 2.292159873211124577e+00
-3.770240247249603271e-01 -7.557138800621032715e-01 -5.354900956153869629e-01 -1.100545171437209646e+00
0.000000000000000000e+00 0.000000000000000000e+00 0.000000000000000000e+00 1.000000000000000000e+00
8.800514936447143555e-01 -4.716047048568725586e-01 5.566371977329254150e-02 -1.398548636136966727e-01
-2.368714362382888794e-01 -3.343541324138641357e-01 9.121944904327392578e-01 2.424101431754951630e+00
-4.115838408470153809e-01 -8.159632682800292969e-01 -4.059586822986602783e-01 -7.722059694456668844e-01
0.000000000000000000e+00 0.000000000000000000e+00 0.000000000000000000e+00 1.000000000000000000e+00
8.616181015968322754e-01 -5.071483254432678223e-01 2.036278508603572845e-02 -2.683045608139599247e-01
-9.462787210941314697e-02 -1.210932657122612000e-01 9.881203174591064453e-01 2.585919382996260119e+00
-4.986579716205596924e-01 -8.533092141151428223e-01 -1.523264497518539429e-01 -1.144886059870969808e-01
0.000000000000000000e+00 0.000000000000000000e+00 0.000000000000000000e+00 1.000000000000000000e+00
8.579338192939758301e-01 -5.125964879989624023e-01 3.455602005124092102e-02 -2.150598666904496581e-01
-9.904758632183074951e-02 -9.902691096067428589e-02 9.901427030563354492e-01 2.592263756619177517e+00
-5.041218996047973633e-01 -8.529000878334045410e-01 -1.357300132513046265e-01 -1.229849362587780298e-01
0.000000000000000000e+00 0.000000000000000000e+00 0.000000000000000000e+00 1.000000000000000000e+00
8.251045346260070801e-01 -5.646373629570007324e-01 1.967865787446498871e-02 -2.166707255594991499e-01
-1.008633598685264587e-01 -1.129417791962623596e-01 9.884688258171081543e-01 2.589021205538675208e+00
-5.559037923812866211e-01 -8.175749778747558594e-01 -1.501399576663970947e-01 -1.540530375324592749e-01
0.000000000000000000e+00 0.000000000000000000e+00 0.000000000000000000e+00 1.000000000000000000e+00
8.034953474998474121e-01 -5.925483107566833496e-01 5.729024484753608704e-02 -1.164635385849299432e-01
-2.474139630794525146e-01 -2.448553591966629028e-01 9.374605417251586914e-01 2.512171834334355314e+00
-5.414624810218811035e-01 -7.674195766448974609e-01 -3.433447182178497314e-01 -5.629860246100887311e-01
0.000000000000000000e+00 0.000000000000000000e+00 0.000000000000000000e+00 1.000000000000000000e+00
8.237023949623107910e-01 -5.601596832275390625e-01 8.795155584812164307e-02 -4.800764595878445617e-02
-3.063725233078002930e-01 -3.091548979282379150e-01 9.003105759620666504e-01 2.436710156890893764e+00
-4.771269857883453369e-01 -7.685340046882629395e-01 -4.262691438198089600e-01 -7.919661187766222632e-01
0.000000000000000000e+00 0.000000000000000000e+00 0.000000000000000000e+00 1.000000000000000000e+00
8.057686686515808105e-01 -5.846418142318725586e-01 9.450355172157287598e-02 -2.742920156960175493e-02
-3.661090433597564697e-01 -3.663041889667510986e-01 8.554445505142211914e-01 2.348901619767655102e+00
-4.655115604400634766e-01 -7.238891720771789551e-01 -5.091990828514099121e-01 -1.006107699308892878e+00
0.000000000000000000e+00 0.000000000000000000e+00 0.000000000000000000e+00 1.000000000000000000e+00
8.306975364685058594e-01 -5.518000125885009766e-01 7.388166338205337524e-02 -1.319665375388263395e-01
-4.511688649654388428e-01 -5.894919633865356445e-01 6.700341701507568359e-01 1.982265974503512274e+00
-3.261722624301910400e-01 -5.899288058280944824e-01 -7.386444807052612305e-01 -1.662788172829303246e+00
0.000000000000000000e+00 0.000000000000000000e+00 0.000000000000000000e+00 1.000000000000000000e+00
8.335498571395874023e-01 -5.495385527610778809e-01 5.658431723713874817e-02 -1.921943766036267043e-01
-4.662932455539703369e-01 -6.449356675148010254e-01 6.054983735084533691e-01 1.807437118039474822e+00
-2.962516844272613525e-01 -5.310979485511779785e-01 -7.938322424888610840e-01 -1.825645859622592848e+00
0.000000000000000000e+00 0.000000000000000000e+00 0.000000000000000000e+00 1.000000000000000000e+00
8.539622426033020020e-01 -5.175181627273559570e-01 5.406543612480163574e-02 -2.012401172966099272e-01
-4.632749557495117188e-01 -7.088941335678100586e-01 5.318318009376525879e-01 1.603489457507988325e+00
-2.369061410427093506e-01 -4.792115092277526855e-01 -8.451223373413085938e-01 -1.982631717148795492e+00
0.000000000000000000e+00 0.000000000000000000e+00 0.000000000000000000e+00 1.000000000000000000e+00
8.713515400886535645e-01 -4.905356466770172119e-01 1.100681908428668976e-02 -3.010110113108218077e-01
-4.549277424812316895e-01 -7.992897629737854004e-01 3.926530182361602783e-01 1.229391888465534821e+00
-1.838127672672271729e-01 -3.471460342407226562e-01 -9.196207523345947266e-01 -2.190236388102364540e+00
0.000000000000000000e+00 0.000000000000000000e+00 0.000000000000000000e+00 1.000000000000000000e+00
8.780898451805114746e-01 -4.781613349914550781e-01 1.788883283734321594e-02 -2.703882744694382501e-01
-4.666476547718048096e-01 -8.474805355072021484e-01 2.530148327350616455e-01 8.700844058839437567e-01
-1.058214828372001648e-01 -2.305175960063934326e-01 -9.672968983650207520e-01 -2.343304749441869284e+00
0.000000000000000000e+00 0.000000000000000000e+00 0.000000000000000000e+00 1.000000000000000000e+00
8.796247839927673340e-01 -4.755177199840545654e-01 1.196252740919589996e-02 -2.473708113583972246e-01
-4.755186736583709717e-01 -8.784397840499877930e-01 4.716436937451362610e-02 3.332454580458544813e-01
-1.191915106028318405e-02 -4.717535898089408875e-02 -9.988152384757995605e-01 -2.463911590026902410e+00
0.000000000000000000e+00 0.000000000000000000e+00 0.000000000000000000e+00 1.000000000000000000e+00
8.868790864944458008e-01 -4.618008136749267578e-01 1.360125653445720673e-02 -2.277943679573068425e-01
-4.607681035995483398e-01 -8.862783908843994141e-01 -4.694023728370666504e-02 7.630283618445621308e-02
3.373153880238533020e-02 3.536330536007881165e-02 -9.988049864768981934e-01 -2.488991623020420096e+00
0.000000000000000000e+00 0.000000000000000000e+00 0.000000000000000000e+00 1.000000000000000000e+00
8.945062160491943359e-01 -4.469953477382659912e-01 7.302842568606138229e-03 -2.402704702430179529e-01
-4.408528208732604980e-01 -8.846903443336486816e-01 -1.515647321939468384e-01 -2.259496667434235939e-01
7.420956343412399292e-02 1.323561370372772217e-01 -9.884204268455505371e-01 -2.479922634524821312e+00
0.000000000000000000e+00 0.000000000000000000e+00 0.000000000000000000e+00 1.000000000000000000e+00
8.978410363197326660e-01 -4.402607083320617676e-01 7.249541115015745163e-03 -2.378086693644424487e-01
-4.236891269683837891e-01 -8.682938218116760254e-01 -2.579797804355621338e-01 -5.339529051356730616e-01
1.198730394244194031e-01 2.285530716180801392e-01 -9.661231637001037598e-01 -2.436524160885384038e+00
0.000000000000000000e+00 0.000000000000000000e+00 0.000000000000000000e+00 1.000000000000000000e+00
9.008913040161132812e-01 -4.338475167751312256e-01 1.307817082852125168e-02 -2.196087787149450521e-01
-3.984757959842681885e-01 -8.386352658271789551e-01 -3.713588714599609375e-01 -8.806137900482778891e-01
1.720810532569885254e-01 3.293426036834716797e-01 -9.283972382545471191e-01 -2.347299784293669589e+00
0.000000000000000000e+00 0.000000000000000000e+00 0.000000000000000000e+00 1.000000000000000000e+00
9.049057364463806152e-01 -4.254157841205596924e-01 1.289354171603918076e-02 -2.337383033540191002e-01
-3.731749355792999268e-01 -8.076228499412536621e-01 -4.566019475460052490e-01 -1.145319962130005198e+00
2.046590298414230347e-01 4.083704352378845215e-01 -8.895775675773620605e-01 -2.260142875489433933e+00
0.000000000000000000e+00 0.000000000000000000e+00 0.000000000000000000e+00 1.000000000000000000e+00
9.169089794158935547e-01 -3.990730643272399902e-01 4.265327472239732742e-03 -2.805973020926934569e-01
-3.310302197933197021e-01 -7.664570212364196777e-01 -5.504200458526611328e-01 -1.433061533312921965e+00
2.229272574186325073e-01 5.032733678817749023e-01 -8.348770737648010254e-01 -2.132670689752252713e+00
0.000000000000000000e+00 0.000000000000000000e+00 0.000000000000000000e+00 1.000000000000000000e+00
9.114610552787780762e-01 -4.109491407871246338e-01 -1.895832642912864685e-02 -3.547137112904554801e-01
-3.303554952144622803e-01 -7.036898136138916016e-01 -6.290353536605834961e-01 -1.653538312519303277e+00
2.451609969139099121e-01 5.796041488647460938e-01 -7.771452665328979492e-01 -2.003586886315669613e+00
0.000000000000000000e+00 0.000000000000000000e+00 0.000000000000000000e+00 1.000000000000000000e+00
9.172707200050354004e-01 -3.969466686248779297e-01 -3.236707672476768494e-02 -4.116706897287649713e-01
-2.948438525199890137e-01 -6.221954822540283203e-01 -7.252171635627746582e-01 -1.937126874167959478e+00
2.677339911460876465e-01 6.747636795043945312e-01 -6.877590417861938477e-01 -1.775730274978194467e+00
0.000000000000000000e+00 0.000000000000000000e+00 0.000000000000000000e+00 1.000000000000000000e+00
9.287070035934448242e-01 -3.672031164169311523e-01 -5.161755532026290894e-02 -4.809218236296466387e-01
-2.618321776390075684e-01 -5.508085489273071289e-01 -7.924982309341430664e-01 -2.142598266047121225e+00
2.625765502452850342e-01 7.495142817497253418e-01 -6.076859235763549805e-01 -1.550192235290273945e+00
0.000000000000000000e+00 0.000000000000000000e+00 0.000000000000000000e+00 1.000000000000000000e+00
9.394875168800354004e-01 -3.388263583183288574e-01 -5.059243366122245789e-02 -4.961605167979490361e-01
-2.169276922941207886e-01 -4.740719497203826904e-01 -8.533452749252319336e-01 -2.337246391625025677e+00
2.651514708995819092e-01 8.126822710037231445e-01 -5.188856720924377441e-01 -1.314683716648070488e+00
0.000000000000000000e+00 0.000000000000000000e+00 0.000000000000000000e+00 1.000000000000000000e+00
9.462433457374572754e-01 -3.202652633190155029e-01 -4.531446844339370728e-02 -5.115526661588856161e-01
-1.817913651466369629e-01 -4.106969833374023438e-01 -8.934652209281921387e-01 -2.463144625242116525e+00
2.675351798534393311e-01 8.536731004714965820e-01 -4.468408524990081787e-01 -1.133035665714228202e+00
0.000000000000000000e+00 0.000000000000000000e+00 0.000000000000000000e+00 1.000000000000000000e+00
9.583785533905029297e-01 -2.830443382263183594e-01 -3.736811876296997070e-02 -5.117414424551964824e-01
-1.416209042072296143e-01 -3.576605319976806641e-01 -9.230508208274841309e-01 -2.569804439887834580e+00
2.478991746902465820e-01 8.899243474006652832e-01 -3.828593194484710693e-01 -9.510695268935636104e-01
0.000000000000000000e+00 0.000000000000000000e+00 0.000000000000000000e+00 1.000000000000000000e+00
9.653541445732116699e-01 -2.550752162933349609e-01 -5.503215640783309937e-02 -5.855333137081405459e-01
-1.271583884954452515e-01 -2.756756544113159180e-01 -9.528029561042785645e-01 -2.695680598440127085e+00
2.278653234243392944e-01 9.267899394035339355e-01 -2.985594570636749268e-01 -6.777751198367896190e-01
0.000000000000000000e+00 0.000000000000000000e+00 0.000000000000000000e+00 1.000000000000000000e+00
9.776912331581115723e-01 -2.044926434755325317e-01 -4.798802733421325684e-02 -5.992542771870096319e-01
-8.691280335187911987e-02 -1.858592629432678223e-01 -9.787246584892272949e-01 -2.806807854324321116e+00
1.912229210138320923e-01 9.610614776611328125e-01 -1.994861066341400146e-01 -3.456575980436420448e-01
0.000000000000000000e+00 0.000000000000000000e+00 0.000000000000000000e+00 1.000000000000000000e+00
9.919320940971374512e-01 -1.265168339014053345e-01 -7.995439693331718445e-03 -5.082465457902234363e-01
-2.559080906212329865e-02 -1.380695998668670654e-01 -9.900918602943420410e-01 -2.858057048820822565e+00
1.241594403982162476e-01 9.823083281517028809e-01 -1.401933431625366211e-01 -1.833523914853529280e-01
0.000000000000000000e+00 0.000000000000000000e+00 0.000000000000000000e+00 1.000000000000000000e+00
9.964397549629211426e-01 -8.301331102848052979e-02 1.470797136425971985e-02 -4.538336150930060708e-01
-6.443060003221035004e-03 -2.489333897829055786e-01 -9.684989452362060547e-01 -2.818957418112467028e+00
8.405965566635131836e-02 9.649562239646911621e-01 -2.485820353031158447e-01 -4.932800064052152433e-01
0.000000000000000000e+00 0.000000000000000000e+00 0.000000000000000000e+00 1.000000000000000000e+00
9.980927109718322754e-01 -2.999899536371231079e-02 5.395562574267387390e-02 -3.258461835465263912e-01
4.306264594197273254e-02 -2.879365086555480957e-01 -9.566804170608520508e-01 -2.883884874634369044e+00
4.423525556921958923e-02 9.571797847747802734e-01 -2.860955297946929932e-01 -5.876837450751375425e-01
0.000000000000000000e+00 0.000000000000000000e+00 0.000000000000000000e+00 1.000000000000000000e+00
9.898345470428466797e-01 4.414669051766395569e-02 1.351988315582275391e-01 -3.869361562085703310e-02
1.421243846416473389e-01 -2.714678645133972168e-01 -9.518958330154418945e-01 -2.978650920305287109e+00
-5.320943892002105713e-03 9.614344239234924316e-01 -2.749826014041900635e-01 -5.323898813233288729e-01
0.000000000000000000e+00 0.000000000000000000e+00 0.000000000000000000e+00 1.000000000000000000e+00
9.691002368927001953e-01 6.476194411516189575e-02 2.380136251449584961e-01 2.803984063998855025e-01
2.466670423746109009e-01 -2.545174360275268555e-01 -9.350808262825012207e-01 -3.020681843680494527e+00
2.092332761094439775e-05 9.648973345756530762e-01 -2.626276612281799316e-01 -4.818309120169378401e-01
0.000000000000000000e+00 0.000000000000000000e+00 0.000000000000000000e+00 1.000000000000000000e+00
9.756748080253601074e-01 -6.565659772604703903e-03 2.191239297389984131e-01 1.931344852698130277e-01
2.064075022935867310e-01 -3.092252910137176514e-01 -9.283190965652465820e-01 -2.992209149165849347e+00
7.385367155075073242e-02 9.509660005569458008e-01 -3.003481626510620117e-01 -6.490885731319145924e-01
0.000000000000000000e+00 0.000000000000000000e+00 0.000000000000000000e+00 1.000000000000000000e+00
9.852931499481201172e-01 -1.256193518638610840e-01 1.158323064446449280e-01 -1.653042745274029557e-01
6.144445389509201050e-02 -3.720716536045074463e-01 -9.261681437492370605e-01 -2.915236709475280907e+00
1.594425290822982788e-01 9.196645021438598633e-01 -3.588809669017791748e-01 -9.274449995005802361e-01
0.000000000000000000e+00 0.000000000000000000e+00 0.000000000000000000e+00 1.000000000000000000e+00
9.795611500740051270e-01 -1.987094134092330933e-01 3.121159039437770844e-02 -4.439046993466629898e-01
-3.273444250226020813e-02 -3.105834722518920898e-01 -9.499821662902832031e-01 -2.937184014835666268e+00
1.984641999006271362e-01 9.295441508293151855e-01 -3.107400834560394287e-01 -8.197599360641545374e-01
0.000000000000000000e+00 0.000000000000000000e+00 0.000000000000000000e+00 1.000000000000000000e+00
9.212604761123657227e-01 -3.775137066841125488e-01 -9.360644966363906860e-02 -8.033293522331265146e-01
-2.253507524728775024e-01 -3.219233155250549316e-01 -9.195555448532104492e-01 -2.747595908016905675e+00
3.170107901096343994e-01 8.682447075843811035e-01 -3.816481232643127441e-01 -1.128075398654139416e+00
0.000000000000000000e+00 0.000000000000000000e+00 0.000000000000000000e+00 1.000000000000000000e+00
8.736907243728637695e-01 -4.783041179180145264e-01 -8.882232755422592163e-02 -7.709210185879026289e-01
-2.777103483676910400e-01 -3.404590189456939697e-01 -8.983121514320373535e-01 -2.648848348471375846e+00
3.994260728359222412e-01 8.095141649246215820e-01 -4.302857816219329834e-01 -1.356028933322992902e+00
0.000000000000000000e+00 0.000000000000000000e+00 0.000000000000000000e+00 1.000000000000000000e+00
8.386726975440979004e-01 -5.416578054428100586e-01 -5.687993019819259644e-02 -6.609753305470166262e-01
-3.304306864738464355e-01 -4.230202734470367432e-01 -8.437238335609436035e-01 -2.458393243482677626e+00
4.329479038715362549e-01 7.264025807380676270e-01 -5.337555408477783203e-01 -1.700959133155442116e+00
0.000000000000000000e+00 0.000000000000000000e+00 0.000000000000000000e+00 1.000000000000000000e+00
8.023576736450195312e-01 -5.949975252151489258e-01 -4.689582064747810364e-02 -6.087996731747779000e-01
-4.215605258941650391e-01 -5.093455314636230469e-01 -7.502357363700866699e-01 -2.119605844337710376e+00
4.225025177001953125e-01 6.217266917228698730e-01 -6.595050096511840820e-01 -2.086393213755703968e+00
0.000000000000000000e+00 0.000000000000000000e+00 0.000000000000000000e+00 1.000000000000000000e+00
7.763238549232482910e-01 -6.300240159034729004e-01 -1.977450214326381683e-02 -5.166618709217828398e-01
-5.031800866127014160e-01 -6.005203127861022949e-01 -6.214377284049987793e-01 -1.670172701659453196e+00
3.796456158161163330e-01 4.923869669437408447e-01 -7.832137346267700195e-01 -2.438574106590179369e+00
0.000000000000000000e+00 0.000000000000000000e+00 0.000000000000000000e+00 1.000000000000000000e+00
7.540951967239379883e-01 -6.566022038459777832e-01 -1.463487278670072556e-02 -4.875070913971710773e-01
-5.640019774436950684e-01 -6.360067725181579590e-01 -5.266848206520080566e-01 -1.341570875381392858e+00
3.365145921707153320e-01 4.054245650768280029e-01 -8.499343395233154297e-01 -2.621517067028150905e+00
0.000000000000000000e+00 0.000000000000000000e+00 0.000000000000000000e+00 1.000000000000000000e+00
6.553190350532531738e-01 -7.553175091743469238e-01 -7.218780927360057831e-03 -4.033454929477007789e-01
-6.718828082084655762e-01 -5.785103440284729004e-01 -4.624924063682556152e-01 -1.071530470844984650e+00
3.451526165008544922e-01 3.079301416873931885e-01 -8.865938782691955566e-01 -2.752859011624404495e+00
0.000000000000000000e+00 0.000000000000000000e+00 0.000000000000000000e+00 1.000000000000000000e+00
5.845443606376647949e-01 -8.108596801757812500e-01 2.853125892579555511e-02 -2.463665856176807389e-01
-7.377591133117675781e-01 -5.458236336708068848e-01 -3.972252607345581055e-01 -8.243395519734210142e-01
3.376672267913818359e-01 2.111466377973556519e-01 -9.172777533531188965e-01 -2.857375613416555993e+00
0.000000000000000000e+00 0.000000000000000000e+00 0.000000000000000000e+00 1.000000000000000000e+00
5.375617742538452148e-01 -8.409385085105895996e-01 6.204339861869812012e-02 -1.053644633197820812e-01
-7.824349999427795410e-01 -5.248870253562927246e-01 -3.350957632064819336e-01 -5.964854585730241521e-01
3.143608272075653076e-01 1.315898150205612183e-01 -9.401392936706542969e-01 -2.916477184399981937e+00
0.000000000000000000e+00 0.000000000000000000e+00 0.000000000000000000e+00 1.000000000000000000e+00
5.050987601280212402e-01 -8.542739152908325195e-01 1.228448823094367981e-01 1.140630345937073686e-01
-8.168399333953857422e-01 -5.191363692283630371e-01 -2.515347599983215332e-01 -3.115525599704644932e-01
2.786529660224914551e-01 2.670532278716564178e-02 -9.600204825401306152e-01 -2.961219753547301714e+00
0.000000000000000000e+00 0.000000000000000000e+00 0.000000000000000000e+00 1.000000000000000000e+00
4.362536370754241943e-01 -8.836756944656372070e-01 1.697059720754623413e-01 3.130121588707405200e-01
-8.591806292533874512e-01 -4.651151001453399658e-01 -2.132529616355895996e-01 -1.596363186827500780e-01
2.673791348934173584e-01 -5.277575552463531494e-02 -9.621450304985046387e-01 -2.965177260788945723e+00
0.000000000000000000e+00 0.000000000000000000e+00 0.000000000000000000e+00 1.000000000000000000e+00
3.567205369472503662e-01 -8.936280012130737305e-01 2.723582386970520020e-01 6.892670481128578830e-01
-8.927338123321533203e-01 -4.119795262813568115e-01 -1.824804097414016724e-01 -4.055270068413306672e-02
2.752757072448730469e-01 -1.780489832162857056e-01 -9.447337985038757324e-01 -2.912960626577675960e+00
0.000000000000000000e+00 0.000000000000000000e+00 0.000000000000000000e+00 1.000000000000000000e+00
2.901382446289062500e-01 -8.827315568923950195e-01 3.696003258228302002e-01 1.029546376715276379e+00
-9.132353663444519043e-01 -3.708310425281524658e-01 -1.687763929367065430e-01 1.304350004245897338e-02
2.860435247421264648e-01 -2.885636389255523682e-01 -9.137340188026428223e-01 -2.825724937385942770e+00
0.000000000000000000e+00 0.000000000000000000e+00 0.000000000000000000e+00 1.000000000000000000e+00
2.695313096046447754e-01 -8.509944081306457520e-01 4.507339596748352051e-01 1.287567391361268854e+00
-9.334822297096252441e-01 -3.458671569824218750e-01 -9.479726105928421021e-02 2.555440065864799659e-01
2.365660369396209717e-01 -3.952012956142425537e-01 -8.876104950904846191e-01 -2.711542216595409283e+00
0.000000000000000000e+00 0.000000000000000000e+00 0.000000000000000000e+00 1.000000000000000000e+00
1.781423836946487427e-01 -7.726917862892150879e-01 6.092723011970520020e-01 1.825611637737323711e+00
-9.612926244735717773e-01 -2.689206600189208984e-01 -5.998275429010391235e-02 3.695520066883669075e-01
2.101941555738449097e-01 -5.750033855438232422e-01 -7.906892299652099609e-01 -2.398837334324094073e+00
0.000000000000000000e+00 0.000000000000000000e+00 0.000000000000000000e+00 1.000000000000000000e+00
1.341364234685897827e-01 -6.760116219520568848e-01 7.245794534683227539e-01 2.201881255186735942e+00
-9.738647937774658203e-01 -2.251657396554946899e-01 -2.978829294443130493e-02 4.666732548194886254e-01
1.832876652479171753e-01 -7.016469836235046387e-01 -6.885471940040588379e-01 -2.082332229647819499e+00
0.000000000000000000e+00 0.000000000000000000e+00 0.000000000000000000e+00 1.000000000000000000e+00
1.079221218824386597e-01 -5.779348015785217285e-01 8.089154362678527832e-01 2.467053694027741439e+00
-9.840657711029052734e-01 -1.777539104223251343e-01 4.292510449886322021e-03 5.698344131407603319e-01
1.413070559501647949e-01 -7.964891791343688965e-01 -5.879092216491699219e-01 -1.756693842849722742e+00
0.000000000000000000e+00 0.000000000000000000e+00 0.000000000000000000e+00 1.000000000000000000e+00
7.790022343397140503e-02 -5.128173828125000000e-01 8.549559116363525391e-01 2.626265683869657419e+00
-9.909426569938659668e-01 -1.339143216609954834e-01 9.966547600924968719e-03 5.977793756375807677e-01
1.093797609210014343e-01 -8.479888439178466797e-01 -5.186049342155456543e-01 -1.533467890261072553e+00
0.000000000000000000e+00 0.000000000000000000e+00 0.000000000000000000e+00 1.000000000000000000e+00
1.562355309724807739e-01 -5.201631784439086914e-01 8.396551012992858887e-01 2.516994940934967229e+00
-9.875689744949340820e-01 -9.713128954172134399e-02 1.235854104161262512e-01 9.331720437240959010e-01
1.727218180894851685e-02 -8.485254049301147461e-01 -5.288723707199096680e-01 -1.495734016217932005e+00
0.000000000000000000e+00 0.000000000000000000e+00 0.000000000000000000e+00 1.000000000000000000e+00
2.627626359462738037e-01 -5.775459408760070801e-01 7.729142308235168457e-01 2.247153349950895329e+00
-9.591538906097412109e-01 -6.935898214578628540e-02 2.742501497268676758e-01 1.366550336697725632e+00
-1.047834828495979309e-01 -8.134065866470336914e-01 -5.721805095672607422e-01 -1.525697743390520777e+00
0.000000000000000000e+00 0.000000000000000000e+00 0.000000000000000000e+00 1.000000000000000000e+00
3.177063763141632080e-01 -6.205729246139526367e-01 7.169044017791748047e-01 2.051488667639047137e+00
-9.287475347518920898e-01 -5.134684592485427856e-02 3.671405315399169922e-01 1.616106874700694807e+00
-1.910265088081359863e-01 -7.824658155441284180e-01 -5.926682949066162109e-01 -1.527368687826567095e+00
0.000000000000000000e+00 0.000000000000000000e+00 0.000000000000000000e+00 1.000000000000000000e+00
3.636969625949859619e-01 -6.405130028724670410e-01 6.763633489608764648e-01 1.901726737098803355e+00
-8.896765708923339844e-01 -2.367881126701831818e-02 4.559768438339233398e-01 1.844044473932147321e+00
-2.760436236858367920e-01 -7.675821185111999512e-01 -5.784614086151123047e-01 -1.423189696556668160e+00
0.000000000000000000e+00 0.000000000000000000e+00 0.000000000000000000e+00 1.000000000000000000e+00
4.197267889976501465e-01 -6.403765678405761719e-01 6.432322263717651367e-01 1.757388098102784513e+00
-8.377649188041687012e-01 -6.371832569129765034e-04 5.460307598114013672e-01 2.066407153518044382e+00
-3.492551743984222412e-01 -7.680611014366149902e-01 -5.367524623870849609e-01 -1.237713208525672126e+00
0.000000000000000000e+00 0.000000000000000000e+00 0.000000000000000000e+00 1.000000000000000000e+00
5.178369879722595215e-01 -6.408299207687377930e-01 5.667290687561035156e-01 1.477720481869700730e+00
-7.282939553260803223e-01 1.731812767684459686e-02 6.850460767745971680e-01 2.370715095047702725e+00
-4.488126039505004883e-01 -7.674878239631652832e-01 -4.577444791793823242e-01 -9.109169845789253372e-01
0.000000000000000000e+00 0.000000000000000000e+00 0.000000000000000000e+00 1.000000000000000000e+00
6.301520466804504395e-01 -6.716019511222839355e-01 3.896905183792114258e-01 8.839670500930377761e-01
-5.757130384445190430e-01 -6.735934317111968994e-02 8.148726820945739746e-01 2.666971294661480751e+00
-5.210208892822265625e-01 -7.378437519073486328e-01 -4.290966987609863281e-01 -7.614075375923076150e-01
0.000000000000000000e+00 0.000000000000000000e+00 0.000000000000000000e+00 1.000000000000000000e+00
6.323770880699157715e-01 -7.230482101440429688e-01 2.780302464962005615e-01 5.900655010628438335e-01
-4.971756935119628906e-01 -1.035821214318275452e-01 8.614448904991149902e-01 2.749815701588290917e+00
-5.940669178962707520e-01 -6.829876899719238281e-01 -4.249848127365112305e-01 -7.005613466440725468e-01
0.000000000000000000e+00 0.000000000000000000e+00 0.000000000000000000e+00 1.000000000000000000e+00
6.124077439308166504e-01 -7.647177577018737793e-01 2.004077732563018799e-01 4.161353066898133557e-01
-3.915755450725555420e-01 -7.320877909660339355e-02 9.172290563583374023e-01 2.848820159700406141e+00
-6.867497563362121582e-01 -6.401929259300231934e-01 -3.442784249782562256e-01 -4.515486830500619053e-01
0.000000000000000000e+00 0.000000000000000000e+00 0.000000000000000000e+00 1.000000000000000000e+00
4.353851377964019775e-01 -8.981387615203857422e-01 6.153100356459617615e-02 1.785730826833412666e-01
-2.079423218965530396e-01 -3.383117169141769409e-02 9.775557518005371094e-01 2.923144695368466106e+00
-8.758996129035949707e-01 -4.384081959724426270e-01 -2.014907896518707275e-01 -3.786308973674334249e-02
0.000000000000000000e+00 0.000000000000000000e+00 0.000000000000000000e+00 1.000000000000000000e+00
2.969927191734313965e-01 -9.503312706947326660e-01 -9.309091418981552124e-02 -2.219167094934214324e-01
-2.586331665515899658e-01 -1.739040911197662354e-01 9.501928091049194336e-01 2.935991279327605952e+00
-9.191868305206298828e-01 -2.581238746643066406e-01 -2.974354624748229980e-01 -3.632152422766754540e-01
0.000000000000000000e+00 0.000000000000000000e+00 0.000000000000000000e+00 1.000000000000000000e+00
3.044460415840148926e-01 -9.518854022026062012e-01 3.502377495169639587e-02 1.685639033810845677e-01
-3.680458664894104004e-01 -8.364107459783554077e-02 9.260382652282714844e-01 2.881741531648449151e+00
-8.785527348518371582e-01 -2.948189973831176758e-01 -3.758017718791961670e-01 -5.860351516421992146e-01
0.000000000000000000e+00 0.000000000000000000e+00 0.000000000000000000e+00 1.000000000000000000e+00
2.858385443687438965e-01 -9.578552246093750000e-01 2.845987677574157715e-02 2.041455275910070699e-01
-4.564634561538696289e-01 -1.099823266267776489e-01 8.829185366630554199e-01 2.792306062249604981e+00
-8.425778746604919434e-01 -2.653630375862121582e-01 -4.686630070209503174e-01 -8.839451185322274585e-01
0.000000000000000000e+00 0.000000000000000000e+00 0.000000000000000000e+00 1.000000000000000000e+00
1.666862964630126953e-01 -9.839473962783813477e-01 6.374356895685195923e-02 3.533292294027007285e-01
-4.759081900119781494e-01 -2.366537041962146759e-02 8.791763782501220703e-01 2.776055779236938470e+00
-8.635548949241638184e-01 -1.768826991319656372e-01 -4.722132086753845215e-01 -9.107717720433016195e-01
0.000000000000000000e+00 0.000000000000000000e+00 0.000000000000000000e+00 1.000000000000000000e+00
