1.000000000000000000e+00 0.000000000000000000e+00 0.000000000000000000e+00 -4.096739311332171507e-01
0.000000000000000000e+00 -1.000000000000000000e+00 0.000000000000000000e+00 -1.964994255000929863e-02
0.000000000000000000e+00 0.000000000000000000e+00 -1.000000000000000000e+00 -2.664639050480994698e+00
0.000000000000000000e+00 0.000000000000000000e+00 0.000000000000000000e+00 1.000000000000000000e+00
9.964830875396728516e-01 -8.186541497707366943e-02 -1.787372119724750519e-02 -4.460935799905300647e-01
-8.153263479471206665e-02 -9.964967966079711914e-01 1.861534267663955688e-02 6.602797140505568818e-02
-1.933506131172180176e-02 -1.709257811307907104e-02 -9.996668696403503418e-01 -2.717870861734658305e+00
0.000000000000000000e+00 0.000000000000000000e+00 0.000000000000000000e+00 1.000000000000000000e+00
9.855542778968811035e-01 -1.649024337530136108e-01 -3.860007598996162415e-02 -4.867723711545771104e-01
-1.628263294696807861e-01 -9.852898716926574707e-01 5.187793821096420288e-02 2.083395675760071342e-01
-4.658710956573486328e-02 -4.484338313341140747e-02 -9.979072809219360352e-01 -2.709214676950780554e+00
0.000000000000000000e+00 0.000000000000000000e+00 0.000000000000000000e+00 1.000000000000000000e+00
9.667809605598449707e-01 -2.536945044994354248e-01 -3.120511211454868317e-02 -4.455318730682896744e-01
-2.505864799022674561e-01 -9.647806882858276367e-01 8.002824336290359497e-02 3.314210229248852890e-01
-5.040881782770156860e-02 -6.955021619796752930e-02 -9.963041543960571289e-01 -2.708610372051937887e+00
0.000000000000000000e+00 0.000000000000000000e+00 0.000000000000000000e+00 1.000000000000000000e+00
9.376829266548156738e-01 -3.441113829612731934e-01 -4.835106804966926575e-02 -4.666969623044766036e-01
-3.364612758159637451e-01 -9.338659644126892090e-01 1.211947575211524963e-01 4.931923060995194730e-01
-8.685795962810516357e-02 -9.737395495176315308e-02 -9.914504885673522949e-01 -2.682865051793073441e+00
0.000000000000000000e+00 0.000000000000000000e+00 0.000000000000000000e+00 1.000000000000000000e+00
8.938090205192565918e-01 -4.473488628864288330e-01 -3.137305006384849548e-02 -3.902075526255175397e-01
-4.392442703247070312e-01 -8.874213099479675293e-01 1.398136913776397705e-01 5.838831913318782707e-01
-9.038663655519485474e-02 -1.111863255500793457e-01 -9.896806478500366211e-01 -2.686607051214628061e+00
0.000000000000000000e+00 0.000000000000000000e+00 0.000000000000000000e+00 1.000000000000000000e+00
8.472106456756591797e-01 -5.310416817665100098e-01 -1.512651331722736359e-02 -3.182987878767008505e-01
-5.216249823570251465e-01 -8.369100689888000488e-01 1.657971888780593872e-01 6.953301217481766550e-01
-1.007047966122627258e-01 -1.325747072696685791e-01 -9.860438704490661621e-01 -2.678105115946025627e+00
0.000000000000000000e+00 0.000000000000000000e+00 0.000000000000000000e+00 1.000000000000000000e+00
7.944899201393127441e-01 -6.072772741317749023e-01 -1.150599564425647259e-04 -2.458553064215880657e-01
-5.985493063926696777e-01 -7.831032276153564453e-01 1.687836349010467529e-01 7.369097480174219283e-01
-1.025885939598083496e-01 -1.340280175209045410e-01 -9.856532216072082520e-01 -2.683457215406277019e+00
0.000000000000000000e+00 0.000000000000000000e+00 0.000000000000000000e+00 1.000000000000000000e+00
7.218138575553894043e-01 -6.914165616035461426e-01 3.045810945332050323e-02 -1.093381388217761763e-01
-6.858004331588745117e-01 -7.086458802223205566e-01 1.658265143632888794e-01 7.568915447958637355e-01
-9.307121485471725464e-02 -1.405840814113616943e-01 -9.856842756271362305e-01 -2.692333323023203828e+00
0.000000000000000000e+00 0.000000000000000000e+00 0.000000000000000000e+00 1.000000000000000000e+00
6.477644443511962891e-01 -7.613407969474792480e-01 2.758544683456420898e-02 -7.039178322153859246e-02
-7.564905285835266113e-01 -6.385103464126586914e-01 1.415129154920578003e-01 7.087629366468556347e-01
-9.012602269649505615e-02 -1.125351637601852417e-01 -9.895518422126770020e-01 -2.717924669705102936e+00
0.000000000000000000e+00 0.000000000000000000e+00 0.000000000000000000e+00 1.000000000000000000e+00
5.491764545440673828e-01 -8.344041705131530762e-01 4.662985727190971375e-02 3.916150114065222732e-02
-8.337779641151428223e-01 -5.432676672935485840e-01 9.835764765739440918e-02 6.027092204989950019e-01
-5.673756450414657593e-02 -9.289464354515075684e-02 -9.940579533576965332e-01 -2.764413652416247036e+00
0.000000000000000000e+00 0.000000000000000000e+00 0.000000000000000000e+00 1.000000000000000000e+00
4.620468020439147949e-01 -8.822808265686035156e-01 8.996061980724334717e-02 2.236969813289004516e-01
-8.868189454078674316e-01 -4.587244689464569092e-01 5.589131265878677368e-02 4.848374114578444249e-01
-8.044702932238578796e-03 -1.056032031774520874e-01 -9.943757653236389160e-01 -2.801591648733945394e+00
0.000000000000000000e+00 0.000000000000000000e+00 0.000000000000000000e+00 1.000000000000000000e+00
3.497733473777770996e-01 -9.311022758483886719e-01 1.034755036234855652e-01 3.040398177682103742e-01
-9.366536736488342285e-01 -3.497357070446014404e-01 1.910418830811977386e-02 3.563200748793488581e-01
1.840111613273620605e-02 -1.036028563976287842e-01 -9.944486618041992188e-01 -2.815737350256441562e+00
0.000000000000000000e+00 0.000000000000000000e+00 0.000000000000000000e+00 1.000000000000000000e+00
2.749243974685668945e-01 -9.536851644515991211e-01 1.220710575580596924e-01 3.819803525270328293e-01
-9.584692716598510742e-01 -2.818657159805297852e-01 -4.345435276627540588e-02 1.368134257862578529e-01
7.584942877292633057e-02 -1.050547137856483459e-01 -9.915696978569030762e-01 -2.812479898507200815e+00
0.000000000000000000e+00 0.000000000000000000e+00 0.000000000000000000e+00 1.000000000000000000e+00
1.954244077205657959e-01 -9.679823517799377441e-01 1.575422286987304688e-01 4.984807136753249268e-01
-9.720959067344665527e-01 -2.124456167221069336e-01 -9.948063641786575317e-02 -5.534351795036344251e-02
1.297646462917327881e-01 -1.337051987648010254e-01 -9.824885725975036621e-01 -2.796489549382529916e+00
0.000000000000000000e+00 0.000000000000000000e+00 0.000000000000000000e+00 1.000000000000000000e+00
1.149149686098098755e-01 -9.811472892761230469e-01 1.553851962089538574e-01 5.097947707531589323e-01
-9.711885452270507812e-01 -1.438403129577636719e-01 -1.900076270103454590e-01 -3.425541946037307661e-01
2.087761461734771729e-01 -1.290736049413681030e-01 -9.694083929061889648e-01 -2.771028721521248350e+00
0.000000000000000000e+00 0.000000000000000000e+00 0.000000000000000000e+00 1.000000000000000000e+00
1.907046288251876831e-01 -9.719654321670532227e-01 1.375311166048049927e-01 4.501254566969620230e-01
-9.544736742973327637e-01 -2.163331657648086548e-01 -2.053772509098052979e-01 -3.829707408964365123e-01
2.293721288442611694e-01 -9.210345894098281860e-02 -9.689713120460510254e-01 -2.751266295699235975e+00
0.000000000000000000e+00 0.000000000000000000e+00 0.000000000000000000e+00 1.000000000000000000e+00
2.697529196739196777e-01 -9.515478610992431641e-01 1.476132273674011230e-01 4.552996104395692911e-01
-9.384793043136596680e-01 -2.941214740276336670e-01 -1.809666007757186890e-01 -2.913386300887571556e-01
2.156146615743637085e-01 -8.971574157476425171e-02 -9.723484516143798828e-01 -2.737365351457686113e+00
0.000000000000000000e+00 0.000000000000000000e+00 0.000000000000000000e+00 1.000000000000000000e+00
3.268507122993469238e-01 -9.328920841217041016e-01 1.512639820575714111e-01 4.497284849457759970e-01
-9.330549836158752441e-01 -3.439799249172210693e-01 -1.052894964814186096e-01 -4.550094825947766791e-02
1.502555012702941895e-01 -1.067236959934234619e-01 -9.828699231147766113e-01 -2.733684610340946008e+00
0.000000000000000000e+00 0.000000000000000000e+00 0.000000000000000000e+00 1.000000000000000000e+00
3.606178462505340576e-01 -9.140807390213012695e-01 1.855034232139587402e-01 5.362407673656242046e-01
-9.294425249099731445e-01 -3.688159286975860596e-01 -1.053349301218986511e-02 2.581033689037755541e-01
7.804508507251739502e-02 -1.686162501573562622e-01 -9.825870394706726074e-01 -2.694855951052984366e+00
0.000000000000000000e+00 0.000000000000000000e+00 0.000000000000000000e+00 1.000000000000000000e+00
4.025280475616455078e-01 -8.951503038406372070e-01 1.915112882852554321e-01 5.321691596328059770e-01
-9.153013229370117188e-01 -3.967632651329040527e-01 6.929972022771835327e-02 5.103641540829207957e-01
1.395095605403184891e-02 -2.031856626272201538e-01 -9.790409207344055176e-01 -2.652942301459515928e+00
0.000000000000000000e+00 0.000000000000000000e+00 0.000000000000000000e+00 1.000000000000000000e+00
4.609411954879760742e-01 -8.585509657859802246e-01 2.245519012212753296e-01 5.945237673525127775e-01
-8.863976001739501953e-01 -4.332159757614135742e-01 1.631653457880020142e-01 7.752330952752439774e-01
-4.280636832118034363e-02 -2.742518484592437744e-01 -9.607046842575073242e-01 -2.553153902608765069e+00
0.000000000000000000e+00 0.000000000000000000e+00 0.000000000000000000e+00 1.000000000000000000e+00
5.333719253540039062e-01 -8.184869885444641113e-01 2.135272473096847534e-01 5.091899829622739126e-01
-8.414161801338195801e-01 -4.874728620052337646e-01 2.332145571708679199e-01 9.540620914498165739e-01
-8.679432421922683716e-02 -3.040552735328674316e-01 -9.486922621726989746e-01 -2.484186433290536566e+00
0.000000000000000000e+00 0.000000000000000000e+00 0.000000000000000000e+00 1.000000000000000000e+00
5.969963669776916504e-01 -7.763848900794982910e-01 2.020445168018341064e-01 4.390739549210680992e-01
-7.928491830825805664e-01 -5.325570702552795410e-01 2.962650358676910400e-01 1.094298631529765142e+00
-1.224156022071838379e-01 -3.370599448680877686e-01 -9.334909319877624512e-01 -2.408957095904072698e+00
0.000000000000000000e+00 0.000000000000000000e+00 0.000000000000000000e+00 1.000000000000000000e+00
6.750879287719726562e-01 -7.173603773117065430e-01 1.721922904253005981e-01 3.018983985136587944e-01
-7.187417745590209961e-01 -5.869147181510925293e-01 3.727480769157409668e-01 1.242297385253853914e+00
-1.663326472043991089e-01 -3.753994703292846680e-01 -9.118160605430603027e-01 -2.310265827773777758e+00
0.000000000000000000e+00 0.000000000000000000e+00 0.000000000000000000e+00 1.000000000000000000e+00
7.385386824607849121e-01 -6.547629237174987793e-01 1.607655137777328491e-01 2.368509950576396517e-01
-6.464070677757263184e-01 -6.198866367340087891e-01 4.448573589324951172e-01 1.375223767625976867e+00
-1.916198730468750000e-01 -4.324645400047302246e-01 -8.810541033744812012e-01 -2.181311163466262304e+00
0.000000000000000000e+00 0.000000000000000000e+00 0.000000000000000000e+00 1.000000000000000000e+00
7.637985348701477051e-01 -6.290358901023864746e-01 1.446551531553268433e-01 1.732288992033570452e-01
-5.961582064628601074e-01 -6.016170978546142578e-01 5.316499471664428711e-01 1.557505441904096344e+00
-2.474002242088317871e-01 -4.923109114170074463e-01 -8.345197439193725586e-01 -1.987780312105441372e+00
0.000000000000000000e+00 0.000000000000000000e+00 0.000000000000000000e+00 1.000000000000000000e+00
7.937312126159667969e-01 -5.910246372222900391e-01 1.438069492578506470e-01 1.405913211840502108e-01
-5.312051773071289062e-01 -5.583439469337463379e-01 6.372383236885070801e-01 1.808853095477105155e+00
-2.963300347328186035e-01 -5.821870565414428711e-01 -7.571305036544799805e-01 -1.722662922957275411e+00
0.000000000000000000e+00 0.000000000000000000e+00 0.000000000000000000e+00 1.000000000000000000e+00
8.177101612091064453e-01 -5.576905608177185059e-01 1.425871849060058594e-01 1.215862425460492863e-01
-4.776991009712219238e-01 -5.192375779151916504e-01 7.086575627326965332e-01 1.982583441529137236e+00
-3.211752772331237793e-01 -6.475901007652282715e-01 -6.909943222999572754e-01 -1.507066250731935675e+00
0.000000000000000000e+00 0.000000000000000000e+00 0.000000000000000000e+00 1.000000000000000000e+00
8.468686938285827637e-01 -5.132634639739990234e-01 1.391909271478652954e-01 8.337329648143329552e-02
-4.119175970554351807e-01 -4.675475358963012695e-01 7.821274399757385254e-01 2.159762326610066285e+00
-3.363590538501739502e-01 -7.196942567825317383e-01 -6.073735356330871582e-01 -1.287622446588941205e+00
0.000000000000000000e+00 0.000000000000000000e+00 0.000000000000000000e+00 1.000000000000000000e+00
8.741799592971801758e-01 -4.759716391563415527e-01 9.623108804225921631e-02 -4.605796502583981572e-02
-3.262898325920104980e-01 -4.289702475070953369e-01 8.423294425010681152e-01 2.293398284346287230e+00
-3.596449494361877441e-01 -7.677466869354248047e-01 -5.303022861480712891e-01 -1.095482462279542935e+00
0.000000000000000000e+00 0.000000000000000000e+00 0.000000000000000000e+00 1.000000000000000000e+00
8.972567915916442871e-01 -4.365011453628540039e-01 6.630935519933700562e-02 -1.259258340260351605e-01
-2.285944670438766479e-01 -3.308021426200866699e-01 9.155950546264648438e-01 2.425141719183552702e+00
-3.777229189872741699e-01 -8.366818428039550781e-01 -3.965962529182434082e-01 -7.643718738717785177e-01
0.000000000000000000e+00 0.000000000000000000e+00 0.000000000000000000e+00 1.000000000000000000e+00
8.916690945625305176e-01 -4.519511759281158447e-01 2.581575512886047363e-02 -2.651344262936817242e-01
-7.969482243061065674e-02 -1.005840748548507690e-01 9.917315840721130371e-01 2.584101777348462470e+00
-4.456175267696380615e-01 -8.863534331321716309e-01 -1.257059276103973389e-01 -8.231211226068413378e-02
0.000000000000000000e+00 0.000000000000000000e+00 0.000000000000000000e+00 1.000000000000000000e+00
8.888618350028991699e-01 -4.572412371635437012e-01 2.925163321197032928e-02 -2.386425721833276004e-01
-7.693722099065780640e-02 -8.601645380258560181e-02 9.933187961578369141e-01 2.587834946744098197e+00
-4.516700804233551025e-01 -8.851733207702636719e-01 -1.116355508565902710e-01 -9.278684260722755428e-02
0.000000000000000000e+00 0.000000000000000000e+00 0.000000000000000000e+00 1.000000000000000000e+00
8.498938679695129395e-01 -5.261947512626647949e-01 2.827712707221508026e-02 -2.063682410798846623e-01
-9.912691265344619751e-02 -1.069422587752342224e-01 9.893114566802978516e-01 2.586139305829309176e+00
-5.175463557243347168e-01 -8.436126708984375000e-01 -1.430495530366897583e-01 -1.501802778442659081e-01
0.000000000000000000e+00 0.000000000000000000e+00 0.000000000000000000e+00 1.000000000000000000e+00
8.396453857421875000e-01 -5.392053723335266113e-01 6.521671265363693237e-02 -1.137924298751671059e-01
-2.194837182760238647e-01 -2.270165979862213135e-01 9.488362669944763184e-01 2.525381277171110828e+00
-4.968124032020568848e-01 -8.109997510910034180e-01 -3.089602291584014893e-01 -5.093129190141997276e-01
0.000000000000000000e+00 0.000000000000000000e+00 0.000000000000000000e+00 1.000000000000000000e+00
8.389684557914733887e-01 -5.351397395133972168e-01 9.877970069646835327e-02 -2.961745704073529342e-02
-3.038936853408813477e-01 -3.101539611816406250e-01 9.008067846298217773e-01 2.435129582251363889e+00
-4.514207243919372559e-01 -7.857670187950134277e-01 -4.228350222110748291e-01 -7.928584342865000467e-01
0.000000000000000000e+00 0.000000000000000000e+00 0.000000000000000000e+00 1.000000000000000000e+00
8.214576840400695801e-01 -5.582515597343444824e-01 1.164587959647178650e-01 1.297674211690843550e-02
-3.687538802623748779e-01 -3.642080724239349365e-01 8.552035093307495117e-01 2.345146927183841434e+00
-4.350033700466156006e-01 -7.454581260681152344e-01 -5.050389766693115234e-01 -1.010015882577629087e+00
0.000000000000000000e+00 0.000000000000000000e+00 0.000000000000000000e+00 1.000000000000000000e+00
8.369469642639160156e-01 -5.408733487129211426e-01 8.352229744195938110e-02 -1.107010412500976371e-01
-4.494018554687500000e-01 -5.921098589897155762e-01 6.689122915267944336e-01 1.975105375359692550e+00
-3.123425841331481934e-01 -5.973790287971496582e-01 -7.386339902877807617e-01 -1.672178215548556057e+00
0.000000000000000000e+00 0.000000000000000000e+00 0.000000000000000000e+00 1.000000000000000000e+00
8.426933884620666504e-01 -5.346773862838745117e-01 6.314818561077117920e-02 -1.808708341463873548e-01
-4.573523700237274170e-01 -6.490213274955749512e-01 6.079472899436950684e-01 1.809791837607636067e+00
-2.840713858604431152e-01 -5.411942005157470703e-01 -7.914621233940124512e-01 -1.826124888528707357e+00
0.000000000000000000e+00 0.000000000000000000e+00 0.000000000000000000e+00 1.000000000000000000e+00
8.604491949081420898e-01 -5.062187314033508301e-01 5.804494768381118774e-02 -1.937952672012283883e-01
-4.549326896667480469e-01 -7.119345664978027344e-01 5.349628925323486328e-01 1.605601627301682655e+00
-2.294842004776000977e-01 -4.867151379585266113e-01 -8.428791165351867676e-01 -1.979283481695573332e+00
0.000000000000000000e+00 0.000000000000000000e+00 0.000000000000000000e+00 1.000000000000000000e+00
8.742915391921997070e-01 -4.847949743270874023e-01 2.424722164869308472e-02 -2.715955390678623238e-01
-4.541549086570739746e-01 -7.993582487106323242e-01 3.934073150157928467e-01 1.230638163842531441e+00
-1.713398396968841553e-01 -3.549646139144897461e-01 -9.190444350242614746e-01 -2.194349800489143743e+00
0.000000000000000000e+00 0.000000000000000000e+00 0.000000000000000000e+00 1.000000000000000000e+00
8.786618113517761230e-01 -4.770174622535705566e-01 2.018841914832592010e-02 -2.650862233201581319e-01
-4.657405018806457520e-01 -8.470509052276611328e-01 2.561062276363372803e-01 8.769039452766359544e-01
-1.050665751099586487e-01 -2.344333231449127197e-01 -9.664376378059387207e-01 -2.340386701813896408e+00
0.000000000000000000e+00 0.000000000000000000e+00 0.000000000000000000e+00 1.000000000000000000e+00
8.804175853729248047e-01 -4.738795757293701172e-01 1.740285381674766541e-02 -2.356020769303039386e-01
-4.741281569004058838e-01 -8.790583610534667969e-01 4.958407580852508545e-02 3.375803454186764863e-01
-8.198775351047515869e-03 -5.190588161349296570e-02 -9.986183047294616699e-01 -2.463585982821133502e+00
0.000000000000000000e+00 0.000000000000000000e+00 0.000000000000000000e+00 1.000000000000000000e+00
8.880083560943603516e-01 -4.594970047473907471e-01 1.742372475564479828e-02 -2.205697856178618910e-01
-4.583425521850585938e-01 -8.875478506088256836e-01 -4.669710993766784668e-02 7.467212700323298813e-02
3.692157566547393799e-02 3.348138183355331421e-02 -9.987570047378540039e-01 -2.488896148365169037e+00
0.000000000000000000e+00 0.000000000000000000e+00 0.000000000000000000e+00 1.000000000000000000e+00
8.942529559135437012e-01 -4.474760890007019043e-01 8.753771893680095673e-03 -2.369384634116513677e-01
-4.413095414638519287e-01 -8.848499655723571777e-01 -1.492858678102493286e-01 -2.185435687344489952e-01
7.454769313335418701e-02 1.296361833810806274e-01 -9.887554049491882324e-01 -2.481065019128112947e+00
0.000000000000000000e+00 0.000000000000000000e+00 0.000000000000000000e+00 1.000000000000000000e+00
8.973485827445983887e-01 -4.411708712577819824e-01 1.156469713896512985e-02 -2.262877275387056020e-01
-4.239248037338256836e-01 -8.689628839492797852e-01 -2.553257346153259277e-01 -5.276359528823093559e-01
1.226916015148162842e-01 2.242136001586914062e-01 -9.667859077453613281e-01 -2.438697175076427470e+00
0.000000000000000000e+00 0.000000000000000000e+00 0.000000000000000000e+00 1.000000000000000000e+00
8.998932242393493652e-01 -4.358587563037872314e-01 1.480128895491361618e-02 -2.157444696374946347e-01
-4.005316197872161865e-01 -8.394294977188110352e-01 -3.673312067985534668e-01 -8.709516031708132155e-01
1.725293099880218506e-01 3.246304392814636230e-01 -9.299723505973815918e-01 -2.351599730977991243e+00
0.000000000000000000e+00 0.000000000000000000e+00 0.000000000000000000e+00 1.000000000000000000e+00
9.060742259025573730e-01 -4.230364859104156494e-01 8.335461840033531189e-03 -2.447781984747497697e-01
-3.729489743709564209e-01 -8.077897429466247559e-01 -4.564915299415588379e-01 -1.143280157158101495e+00
1.998459994792938232e-01 4.105064868927001953e-01 -8.896886110305786133e-01 -2.259338929223325465e+00
0.000000000000000000e+00 0.000000000000000000e+00 0.000000000000000000e+00 1.000000000000000000e+00
9.159758090972900391e-01 -4.011732339859008789e-01 6.950575392693281174e-03 -2.738062878227948138e-01
-3.323695063591003418e-01 -7.683566212654113770e-01 -5.469536781311035156e-01 -1.422537108201366696e+00
2.247638106346130371e-01 4.986861646175384521e-01 -8.371338844299316406e-01 -2.140964705504289967e+00
0.000000000000000000e+00 0.000000000000000000e+00 0.000000000000000000e+00 1.000000000000000000e+00
9.089915752410888672e-01 -4.164623916149139404e-01 -1.712597161531448364e-02 -3.499383573903378508e-01
-3.342356383800506592e-01 -7.037386894226074219e-01 -6.269274353981018066e-01 -1.645480775898913617e+00
2.490396499633789062e-01 5.755957961082458496e-01 -7.788891792297363281e-01 -2.011349720821007381e+00
0.000000000000000000e+00 0.000000000000000000e+00 0.000000000000000000e+00 1.000000000000000000e+00
9.178672432899475098e-01 -3.956394493579864502e-01 -3.144970163702964783e-02 -4.102486761406037852e-01
-2.934772074222564697e-01 -6.232336759567260742e-01 -7.248798608779907227e-01 -1.933359902329352398e+00
2.671905755996704102e-01 6.745733022689819336e-01 -6.881570219993591309e-01 -1.778401495787895747e+00
0.000000000000000000e+00 0.000000000000000000e+00 0.000000000000000000e+00 1.000000000000000000e+00
9.260549545288085938e-01 -3.732857704162597656e-01 -5.549717321991920471e-02 -4.888945437120080229e-01
-2.680841088294982910e-01 -5.471836924552917480e-01 -7.929191589355468750e-01 -2.139826327754279500e+00
2.656183540821075439e-01 7.491645812988281250e-01 -6.067941188812255859e-01 -1.551704377228930287e+00
0.000000000000000000e+00 0.000000000000000000e+00 0.000000000000000000e+00 1.000000000000000000e+00
9.315544366836547852e-01 -3.593826591968536377e-01 -5.523055046796798706e-02 -5.055180332889138706e-01
-2.323412597179412842e-01 -4.715137183666229248e-01 -8.507010340690612793e-01 -2.321361588903919859e+00
2.796852588653564453e-01 8.053066134452819824e-01 -5.227401256561279297e-01 -1.333542720443229079e+00
0.000000000000000000e+00 0.000000000000000000e+00 0.000000000000000000e+00 1.000000000000000000e+00
9.429053068161010742e-01 -3.286852240562438965e-01 -5.381113663315773010e-02 -5.295705065083778917e-01
-1.933939903974533081e-01 -4.087726175785064697e-01 -8.919101357460021973e-01 -2.451318461153259687e+00
2.711611688137054443e-01 8.513935208320617676e-01 -4.489996433258056641e-01 -1.142049328578677025e+00
0.000000000000000000e+00 0.000000000000000000e+00 0.000000000000000000e+00 1.000000000000000000e+00
9.531306624412536621e-01 -2.972804009914398193e-01 -5.627031251788139343e-02 -5.574140271839941319e-01
-1.652187705039978027e-01 -3.555928170680999756e-01 -9.199219942092895508e-01 -2.546666736658222518e+00
2.534654736518859863e-01 8.861027956008911133e-01 -3.880427181720733643e-01 -9.689196312428804969e-01
0.000000000000000000e+00 0.000000000000000000e+00 0.000000000000000000e+00 1.000000000000000000e+00
9.594232439994812012e-01 -2.724685072898864746e-01 -7.258038222789764404e-02 -6.297238682663577336e-01
-1.496640443801879883e-01 -2.739304304122924805e-01 -9.500330090522766113e-01 -2.676768614489453579e+00
2.389721125364303589e-01 9.223464131355285645e-01 -3.035939335823059082e-01 -6.989791163746829072e-01
0.000000000000000000e+00 0.000000000000000000e+00 0.000000000000000000e+00 1.000000000000000000e+00
9.671294689178466797e-01 -2.454568296670913696e-01 -6.641900539398193359e-02 -6.364197183116042655e-01
-1.169354990124702454e-01 -1.973629444837570190e-01 -9.733313322067260742e-01 -2.778959056328526245e+00
2.258021831512451172e-01 9.491041898727416992e-01 -2.195781618356704712e-01 -4.219625084700948658e-01
0.000000000000000000e+00 0.000000000000000000e+00 0.000000000000000000e+00 1.000000000000000000e+00
