-0.4731814563274384 -0.4606286287307739 0.7509462833404541 -0.2010363638401031 
-0.8807990550994873 0.2308295369148254 -0.4134133756160736 0.1702656298875809 
0.01708954758942127 -0.8570523858070374 -0.5149455070495605 0.1523457765579224 
0 0 0 1 

-0.2575037479400635 -0.7659074664115906 0.58913254737854 -0.1788234263658524 
-0.6830831170082092 0.5755186080932617 0.4496394991874695 -0.09908681362867355 
-0.6834390163421631 -0.2866426110267639 -0.671376645565033 0.2457602173089981 
0 0 0 1 

-0.1898699551820755 -0.7446340322494507 0.6398981213569641 -0.1970167309045792 
-0.7324097156524658 0.5414712429046631 0.4127771258354187 -0.08491717278957367 
-0.6538543105125427 -0.3902935981750488 -0.6481862664222717 0.2366412431001663 
0 0 0 1 

-0.1229799464344978 -0.7082671523094177 0.695149838924408 -0.2172296047210693 
-0.7788375020027161 0.5029991865158081 0.3747051060199738 -0.0709524005651474 
-0.6150510907173157 -0.4953275620937347 -0.613483726978302 0.2239446192979813 
0 0 0 1 

-0.06733713299036026 -0.6551234126091003 0.7525150775909424 -0.2371575236320496 
-0.8096387982368469 0.4766339063644409 0.3424983620643616 -0.05989395827054977 
-0.5830528736114502 -0.5862025022506714 -0.5625084042549133 0.2067446410655975 
0 0 0 1 

-0.02476747706532478 -0.577237069606781 0.8162009119987488 -0.2584257423877716 
-0.8824232220649719 0.3963133990764618 0.2535054385662079 -0.02775159850716591 
-0.4698041379451752 -0.7139558792114258 -0.5191829800605774 0.1866502463817596 
0 0 0 1 

-0.04604894295334816 -0.5473249554634094 0.8356521725654602 -0.2627314329147339 
-0.928276538848877 0.3324806392192841 0.1666106581687927 0.002926037646830082 
-0.369028240442276 -0.7680441737174988 -0.5233793258666992 0.1828346401453018 
0 0 0 1 

-0.08063829690217972 -0.5214013457298279 0.849492609500885 -0.2649404108524323 
-0.9603690505027771 0.2687810659408569 0.07380875200033188 0.03397145867347717 
-0.2668114304542542 -0.8098747730255127 -0.5224118232727051 0.1773299872875214 
0 0 0 1 

-0.08250804245471954 -0.5135270953178406 0.854097306728363 -0.2662167251110077 
-0.9794262647628784 0.2001551389694214 0.02572833374142647 0.05006401240825653 
-0.1841641515493393 -0.8344026207923889 -0.5194763541221619 0.1719333082437515 
0 0 0 1 

-0.05918008834123611 -0.4877787530422211 0.8709587454795837 -0.2728423476219177 
-0.9940380454063416 0.1088330522179604 -0.006591673009097576 0.05861734598875046 
-0.09157373756170273 -0.8661563992500305 -0.4913114011287689 0.157157227396965 
0 0 0 1 

