1.000000000000000000e+00 0.000000000000000000e+00 0.000000000000000000e+00 -4.542167112231254578e-02
0.000000000000000000e+00 1.000000000000000000e+00 0.000000000000000000e+00 9.935460984706878662e-04
0.000000000000000000e+00 0.000000000000000000e+00 1.000000000000000000e+00 -2.875000238418579102e-01
0.000000000000000000e+00 0.000000000000000000e+00 0.000000000000000000e+00 1.000000000000000000e+00
9.964830875396728516e-01 8.054043352603912354e-02 2.314160764217376709e-02 -5.063701793551445007e-02
-8.015824109315872192e-02 9.966372251510620117e-01 -1.699370518326759338e-02 9.791817516088485718e-03
-2.443245053291320801e-02 1.507894974201917648e-02 9.995877742767333984e-01 -2.929524779319763184e-01
0.000000000000000000e+00 0.000000000000000000e+00 0.000000000000000000e+00 1.000000000000000000e+00
9.851814508438110352e-01 1.663380116224288940e-01 4.182364419102668762e-02 -5.449841544032096863e-02
-1.643506437540054321e-01 9.852728247642517090e-01 -4.717669636011123657e-02 2.439451962709426880e-02
-4.905505478382110596e-02 3.960384428501129150e-02 9.980104565620422363e-01 -2.922595143318176270e-01
0.000000000000000000e+00 0.000000000000000000e+00 0.000000000000000000e+00 1.000000000000000000e+00
9.664736986160278320e-01 2.530740499496459961e-01 4.338565096259117126e-02 -5.286380276083946228e-02
-2.492965012788772583e-01 9.653252959251403809e-01 -7.745034992694854736e-02 3.834908828139305115e-02
-6.148194521665573120e-02 6.403782218694686890e-02 9.960514307022094727e-01 -2.915788590908050537e-01
0.000000000000000000e+00 0.000000000000000000e+00 0.000000000000000000e+00 1.000000000000000000e+00
9.353256225585937500e-01 3.487246334552764893e-01 5.963787436485290527e-02 -5.461812391877174377e-02
-3.401278257369995117e-01 9.327333569526672363e-01 -1.196707487106323242e-01 5.648547038435935974e-02
-9.735845029354095459e-02 9.164655208587646484e-02 9.910204410552978516e-01 -2.887711524963378906e-01
0.000000000000000000e+00 0.000000000000000000e+00 0.000000000000000000e+00 1.000000000000000000e+00
8.917084932327270508e-01 4.505732953548431396e-01 4.288974404335021973e-02 -4.611918330192565918e-02
-4.411859810352325439e-01 8.864461183547973633e-01 -1.398856341838836670e-01 6.658326089382171631e-02
-1.010482683777809143e-01 1.058147996664047241e-01 9.892382621765136719e-01 -2.891921401023864746e-01
0.000000000000000000e+00 0.000000000000000000e+00 0.000000000000000000e+00 1.000000000000000000e+00
8.442815542221069336e-01 5.354971289634704590e-01 2.074625715613365173e-02 -3.682186827063560486e-02
-5.250620245933532715e-01 8.343347907066345215e-01 -1.679137051105499268e-01 7.925778627395629883e-02
-1.072267442941665649e-01 1.308734267950057983e-01 9.855839014053344727e-01 -2.883572578430175781e-01
0.000000000000000000e+00 0.000000000000000000e+00 0.000000000000000000e+00 1.000000000000000000e+00
7.878052592277526855e-01 6.158183217048645020e-01 1.144295558333396912e-02 -3.059788793325424194e-02
-6.054880023002624512e-01 7.777277827262878418e-01 -1.688880920410156250e-01 8.341386914253234863e-02
-1.129039078950881958e-01 1.261222064495086670e-01 9.855685830116271973e-01 -2.891457080841064453e-01
0.000000000000000000e+00 0.000000000000000000e+00 0.000000000000000000e+00 1.000000000000000000e+00
7.164994478225708008e-01 6.972011923789978027e-01 -2.321467734873294830e-02 -1.475198566913604736e-02
-6.910243034362792969e-01 7.048108577728271484e-01 -1.603971719741821289e-01 8.370048552751541138e-02
-9.546715766191482544e-02 1.309663951396942139e-01 9.867791533470153809e-01 -2.906262576580047607e-01
0.000000000000000000e+00 0.000000000000000000e+00 0.000000000000000000e+00 1.000000000000000000e+00
6.459368467330932617e-01 7.631282806396484375e-01 -2.000145986676216125e-02 -1.074983645230531693e-02
-7.577163577079772949e-01 6.377271413803100586e-01 -1.384534239768981934e-01 7.918077707290649414e-02
-9.290226548910140991e-02 1.045875921845436096e-01 9.901672005653381348e-01 -2.932401597499847412e-01
0.000000000000000000e+00 0.000000000000000000e+00 0.000000000000000000e+00 1.000000000000000000e+00
5.471834540367126465e-01 8.362293243408203125e-01 -3.620834648609161377e-02 4.301855224184691906e-04
-8.347538709640502930e-01 5.420196056365966797e-01 -9.695828706026077271e-02 6.794515997171401978e-02
-6.145373359322547913e-02 8.327893912792205811e-02 9.946293234825134277e-01 -2.982560992240905762e-01
0.000000000000000000e+00 0.000000000000000000e+00 0.000000000000000000e+00 1.000000000000000000e+00
4.533647000789642334e-01 8.884744644165039062e-01 -7.122522592544555664e-02 1.777503825724124908e-02
-8.912233710289001465e-01 4.506579637527465820e-01 -5.126029998064041138e-02 5.452396348118782043e-02
-1.344526279717683792e-02 8.671721816062927246e-02 9.961424469947814941e-01 -3.027977943420410156e-01
0.000000000000000000e+00 0.000000000000000000e+00 0.000000000000000000e+00 1.000000000000000000e+00
3.499877452850341797e-01 9.322194457054138184e-01 -9.206754714250564575e-02 2.854225412011146545e-02
-9.365826249122619629e-01 3.501088619232177734e-01 -1.535989902913570404e-02 4.077228531241416931e-02
1.791485957801342010e-02 9.160463511943817139e-02 9.956342577934265137e-01 -3.043383061885833740e-01
0.000000000000000000e+00 0.000000000000000000e+00 0.000000000000000000e+00 1.000000000000000000e+00
2.688615322113037109e-01 9.575165510177612305e-01 -1.042828932404518127e-01 3.506591171026229858e-02
-9.602941274642944336e-01 2.748540937900543213e-01 4.786188155412673950e-02 1.669298298656940460e-02
7.449112087488174438e-02 8.727400749921798706e-02 9.933954477310180664e-01 -3.042210340499877930e-01
0.000000000000000000e+00 0.000000000000000000e+00 0.000000000000000000e+00 1.000000000000000000e+00
1.939728856086730957e-01 9.714239835739135742e-01 -1.367873847484588623e-01 4.682867974042892456e-02
-9.723152518272399902e-01 2.088961005210876465e-01 1.047163158655166626e-01 -4.244660027325153351e-03
1.302981227636337280e-01 1.126882806420326233e-01 9.850497245788574219e-01 -3.024344444274902344e-01
0.000000000000000000e+00 0.000000000000000000e+00 0.000000000000000000e+00 1.000000000000000000e+00
1.143033951520919800e-01 9.837559461593627930e-01 -1.384142637252807617e-01 4.917019233107566833e-02
-9.712766408920288086e-01 1.399322003126144409e-01 1.924582421779632568e-01 -3.442053869366645813e-02
2.087005525827407837e-01 1.124399006366729736e-01 9.714942574501037598e-01 -2.995826900005340576e-01
0.000000000000000000e+00 0.000000000000000000e+00 0.000000000000000000e+00 1.000000000000000000e+00
1.924591511487960815e-01 9.736906290054321289e-01 -1.220112815499305725e-01 4.296305775642395020e-02
-9.543949961662292480e-01 2.146468907594680786e-01 2.075020372867584229e-01 -3.841117396950721741e-02
2.282319962978363037e-01 7.651130855083465576e-02 9.705953001976013184e-01 -2.975618541240692139e-01
0.000000000000000000e+00 0.000000000000000000e+00 0.000000000000000000e+00 1.000000000000000000e+00
2.702403366565704346e-01 9.544258713722229004e-01 -1.266548484563827515e-01 4.229783639311790466e-02
-9.399634599685668945e-01 2.900166213512420654e-01 1.798855513334274292e-01 -2.778207510709762573e-02
2.084194570779800415e-01 7.043864578008651733e-02 9.754996895790100098e-01 -2.962782382965087891e-01
0.000000000000000000e+00 0.000000000000000000e+00 0.000000000000000000e+00 1.000000000000000000e+00
3.305529057979583740e-01 9.360277652740478516e-01 -1.207749843597412109e-01 3.885157778859138489e-02
-9.330496788024902344e-01 3.433537781238555908e-01 1.073594316840171814e-01 -2.563976682722568512e-03
1.419599503278732300e-01 7.720115035772323608e-02 9.868573546409606934e-01 -2.962583899497985840e-01
0.000000000000000000e+00 0.000000000000000000e+00 0.000000000000000000e+00 1.000000000000000000e+00
3.616545796394348145e-01 9.186589121818542480e-01 -1.589704155921936035e-01 4.935079440474510193e-02
-9.296315908432006836e-01 3.682547807693481445e-01 1.317830290645360947e-02 3.057391755282878876e-02
7.064798474311828613e-02 1.430179476737976074e-01 9.871958494186401367e-01 -2.923710048198699951e-01
0.000000000000000000e+00 0.000000000000000000e+00 0.000000000000000000e+00 1.000000000000000000e+00
3.972117900848388672e-01 9.007554054260253906e-01 -1.756756901741027832e-01 5.252872407436370850e-02
-9.176996350288391113e-01 3.913244605064392090e-01 -6.849745661020278931e-02 5.820912495255470276e-02
7.046763319522142410e-03 1.884255409240722656e-01 9.820619225502014160e-01 -2.869662046432495117e-01
0.000000000000000000e+00 0.000000000000000000e+00 0.000000000000000000e+00 1.000000000000000000e+00
4.526263475418090820e-01 8.677349686622619629e-01 -2.053420096635818481e-01 5.792714282870292664e-02
-8.902463316917419434e-01 4.265973567962646484e-01 -1.596133261919021606e-01 8.641443401575088501e-02
-5.090373754501342773e-02 2.550500631332397461e-01 9.655867815017700195e-01 -2.768880426883697510e-01
0.000000000000000000e+00 0.000000000000000000e+00 0.000000000000000000e+00 1.000000000000000000e+00
5.238333344459533691e-01 8.323949575424194336e-01 -1.808800101280212402e-01 4.513871669769287109e-02
-8.453840613365173340e-01 4.819641113281250000e-01 -2.302958071231842041e-01 1.055937707424163818e-01
-1.045194864273071289e-01 2.735498547554016113e-01 9.561622738838195801e-01 -2.698606848716735840e-01
0.000000000000000000e+00 0.000000000000000000e+00 0.000000000000000000e+00 1.000000000000000000e+00
5.889127850532531738e-01 7.885423898696899414e-01 -1.771526038646697998e-01 3.989258036017417908e-02
-7.967636585235595703e-01 5.297241210937500000e-01 -2.907914221286773682e-01 1.204124093055725098e-01
-1.354595720767974854e-01 3.123995065689086914e-01 9.402427673339843750e-01 -2.615662217140197754e-01
0.000000000000000000e+00 0.000000000000000000e+00 0.000000000000000000e+00 1.000000000000000000e+00
6.618359684944152832e-01 7.326673269271850586e-01 -1.586553901433944702e-01 2.839636057615280151e-02
-7.287393212318420410e-01 5.791651606559753418e-01 -3.653851151466369629e-01 1.360146403312683105e-01
-1.758182346820831299e-01 3.574436306953430176e-01 9.172360897064208984e-01 -2.503800988197326660e-01
0.000000000000000000e+00 0.000000000000000000e+00 0.000000000000000000e+00 1.000000000000000000e+00
7.265102267265319824e-01 6.718983650207519531e-01 -1.439993083477020264e-01 2.055117487907409668e-02
-6.544625163078308105e-01 6.127114295959472656e-01 -4.430162608623504639e-01 1.519051939249038696e-01
-2.094319015741348267e-01 4.160977602005004883e-01 8.848733901977539062e-01 -2.357009500265121460e-01
0.000000000000000000e+00 0.000000000000000000e+00 0.000000000000000000e+00 1.000000000000000000e+00
7.484025359153747559e-01 6.503230929374694824e-01 -1.302805244922637939e-01 1.440866198390722275e-02
-6.074420213699340820e-01 5.932176709175109863e-01 -5.283047556877136230e-01 1.714680492877960205e-01
-2.662842273712158203e-01 4.745225310325622559e-01 8.389995694160461426e-01 -2.147356718778610229e-01
0.000000000000000000e+00 0.000000000000000000e+00 0.000000000000000000e+00 1.000000000000000000e+00
7.861628532409667969e-01 6.039637327194213867e-01 -1.310564577579498291e-01 1.149930153042078018e-02
-5.340166687965393066e-01 5.571144819259643555e-01 -6.359636187553405762e-01 1.987236738204956055e-01
-3.110855221748352051e-01 5.699574351310729980e-01 7.605096697807312012e-01 -1.861131936311721802e-01
0.000000000000000000e+00 0.000000000000000000e+00 0.000000000000000000e+00 1.000000000000000000e+00
8.014186024665832520e-01 5.842704176902770996e-01 -1.278924793004989624e-01 9.437178261578083038e-03
-4.868373870849609375e-01 5.130256414413452148e-01 -7.069612741470336914e-01 2.175650000572204590e-01
-3.474440872669219971e-01 6.288346052169799805e-01 6.955931782722473145e-01 -1.625784188508987427e-01
0.000000000000000000e+00 0.000000000000000000e+00 0.000000000000000000e+00 1.000000000000000000e+00
8.313981294631958008e-01 5.425142049789428711e-01 -1.202283650636672974e-01 4.430020228028297424e-03
-4.167635738849639893e-01 4.656789302825927734e-01 -7.806737422943115234e-01 2.366747856140136719e-01
-3.675387799739837646e-01 6.991574168205261230e-01 6.132650375366210938e-01 -1.390741318464279175e-01
0.000000000000000000e+00 0.000000000000000000e+00 0.000000000000000000e+00 1.000000000000000000e+00
8.648481965065002441e-01 4.950619041919708252e-01 -8.337391167879104614e-02 -8.405216038227081299e-03
-3.286634981632232666e-01 4.327859282493591309e-01 -8.394500613212585449e-01 2.506740093231201172e-01
-3.794966936111450195e-01 7.533986568450927734e-01 5.370027422904968262e-01 -1.189035475254058838e-01
0.000000000000000000e+00 0.000000000000000000e+00 0.000000000000000000e+00 1.000000000000000000e+00
8.790004849433898926e-01 4.732528030872344971e-01 -5.822275206446647644e-02 -1.576531678438186646e-02
-2.316289097070693970e-01 3.170726001262664795e-01 -9.196807146072387695e-01 2.662420272827148438e-01
-4.167807698249816895e-01 8.218857645988464355e-01 3.883259594440460205e-01 -7.807553559541702271e-02
0.000000000000000000e+00 0.000000000000000000e+00 0.000000000000000000e+00 1.000000000000000000e+00
8.525846004486083984e-01 5.218392014503479004e-01 -2.799066714942455292e-02 -2.811056002974510193e-02
-1.140050590038299561e-01 1.334564983844757080e-01 -9.844756126403808594e-01 2.830424904823303223e-01
-5.100026130676269531e-01 8.425399065017700195e-01 1.732752174139022827e-01 -1.542010251432657242e-02
0.000000000000000000e+00 0.000000000000000000e+00 0.000000000000000000e+00 1.000000000000000000e+00
8.545089960098266602e-01 5.182940363883972168e-01 -3.443666547536849976e-02 -2.440792135894298553e-02
-1.047934889793395996e-01 1.070802882313728333e-01 -9.887119531631469727e-01 2.832865715026855469e-01
-5.087562203407287598e-01 8.484719395637512207e-01 1.458148956298828125e-01 -1.480944268405437469e-02
0.000000000000000000e+00 0.000000000000000000e+00 0.000000000000000000e+00 1.000000000000000000e+00
8.151324391365051270e-01 5.787820816040039062e-01 -2.388818189501762390e-02 -2.302485145628452301e-02
-1.130512878298759460e-01 1.185008436441421509e-01 -9.864971637725830078e-01 2.828693985939025879e-01
-5.681360960006713867e-01 8.068262934684753418e-01 1.620259582996368408e-01 -1.806581951677799225e-02
0.000000000000000000e+00 0.000000000000000000e+00 0.000000000000000000e+00 1.000000000000000000e+00
7.914291024208068848e-01 6.089850068092346191e-01 -5.269799008965492249e-02 -1.401574630290269852e-02
-2.443278431892395020e-01 2.361400574445724487e-01 -9.405006766319274902e-01 2.753278911113739014e-01
-5.603064894676208496e-01 7.572152614593505859e-01 3.356801271438598633e-01 -5.806521326303482056e-02
0.000000000000000000e+00 0.000000000000000000e+00 0.000000000000000000e+00 1.000000000000000000e+00
8.138521313667297363e-01 5.768811702728271484e-01 -6.966251134872436523e-02 -9.812098927795886993e-03
-2.973528802394866943e-01 3.104703128337860107e-01 -9.028782248497009277e-01 2.671275734901428223e-01
-4.992254376411437988e-01 7.555238008499145508e-01 4.242143929004669189e-01 -8.357106894254684448e-02
0.000000000000000000e+00 0.000000000000000000e+00 0.000000000000000000e+00 1.000000000000000000e+00
8.019518256187438965e-01 5.901627540588378906e-01 -9.263558685779571533e-02 -3.924706019461154938e-03
-3.686454892158508301e-01 3.668735027313232422e-01 -8.541104793548583984e-01 2.567479908466339111e-01
-4.700783491134643555e-01 7.191050052642822266e-01 5.117758512496948242e-01 -1.086782887578010559e-01
0.000000000000000000e+00 0.000000000000000000e+00 0.000000000000000000e+00 1.000000000000000000e+00
8.298317193984985352e-01 5.522764921188354492e-01 -7.980709522962570190e-02 -1.365235168486833572e-02
-4.550187885761260986e-01 5.869226455688476562e-01 -6.696861982345581055e-01 2.175022214651107788e-01
-3.230114877223968506e-01 5.920410156250000000e-01 7.383437752723693848e-01 -1.793696731328964233e-01
0.000000000000000000e+00 0.000000000000000000e+00 0.000000000000000000e+00 1.000000000000000000e+00
8.283483982086181641e-01 5.579177737236022949e-01 -5.066233128309249878e-02 -2.297038771212100983e-02
-4.709686934947967529e-01 6.445648670196533203e-01 -6.022657155990600586e-01 1.981082260608673096e-01
-3.033596873283386230e-01 5.227460861206054688e-01 7.966863512992858887e-01 -1.972000300884246826e-01
0.000000000000000000e+00 0.000000000000000000e+00 0.000000000000000000e+00 1.000000000000000000e+00
8.498983979225158691e-01 5.248172879219055176e-01 -4.732031747698783875e-02 -2.418293617665767670e-02
-4.656907618045806885e-01 7.060436606407165527e-01 -5.335118770599365234e-01 1.772254705429077148e-01
-2.465859502553939819e-01 4.754672348499298096e-01 8.444679379463195801e-01 -2.129198163747787476e-01
0.000000000000000000e+00 0.000000000000000000e+00 0.000000000000000000e+00 1.000000000000000000e+00
8.676485419273376465e-01 4.970062971115112305e-01 -1.307179965078830719e-02 -3.301509842276573181e-02
-4.622182846069335938e-01 7.966748476028442383e-01 -3.894397616386413574e-01 1.355678886175155640e-01
-1.831401586532592773e-01 3.439387679100036621e-01 9.209592342376708984e-01 -2.365390062332153320e-01
0.000000000000000000e+00 0.000000000000000000e+00 0.000000000000000000e+00 1.000000000000000000e+00
8.747686743736267090e-01 4.843629598617553711e-01 -1.313078310340642929e-02 -3.134397417306900024e-02
-4.714400172233581543e-01 8.445451855659484863e-01 -2.539426386356353760e-01 9.781751036643981934e-02
-1.119109541177749634e-01 2.283315360546112061e-01 9.671300053596496582e-01 -2.524203062057495117e-01
0.000000000000000000e+00 0.000000000000000000e+00 0.000000000000000000e+00 1.000000000000000000e+00
8.769869208335876465e-01 4.804575741291046143e-01 -7.367130834609270096e-03 -2.902179583907127380e-02
-4.802200496196746826e-01 8.758106827735900879e-01 -4.841746389865875244e-02 3.971986472606658936e-02
-1.681033335626125336e-02 4.599933698773384094e-02 9.988001585006713867e-01 -2.654648125171661377e-01
0.000000000000000000e+00 0.000000000000000000e+00 0.000000000000000000e+00 1.000000000000000000e+00
8.856553435325622559e-01 4.642120897769927979e-01 -1.103819068521261215e-02 -2.640319429337978363e-02
-4.631272554397583008e-01 8.848055601119995117e-01 5.129884555935859680e-02 1.041403505951166153e-02
3.358020633459091187e-02 -4.032099992036819458e-02 9.986227154731750488e-01 -2.684343755245208740e-01
0.000000000000000000e+00 0.000000000000000000e+00 0.000000000000000000e+00 1.000000000000000000e+00
8.932896852493286133e-01 4.494239389896392822e-01 -7.179182954132556915e-03 -2.716401033103466034e-02
-4.434536993503570557e-01 8.838050961494445801e-01 1.491187363862991333e-01 -2.037005126476287842e-02
7.336256653070449829e-02 -1.300225406885147095e-01 9.887930154800415039e-01 -2.676994204521179199e-01
0.000000000000000000e+00 0.000000000000000000e+00 0.000000000000000000e+00 1.000000000000000000e+00
8.980255126953125000e-01 4.399434924125671387e-01 -1.304936304222792387e-04 -2.870768308639526367e-02
-4.249280095100402832e-01 8.674521446228027344e-01 2.587728500366210938e-01 -5.454017221927642822e-02
1.139586493372917175e-01 -2.323291003704071045e-01 9.659383296966552734e-01 -2.625850141048431396e-01
0.000000000000000000e+00 0.000000000000000000e+00 0.000000000000000000e+00 1.000000000000000000e+00
9.005945920944213867e-01 4.345693886280059814e-01 -8.820643648505210876e-03 -2.594005316495895386e-02
-4.008745849132537842e-01 8.382684588432312012e-01 3.696011900901794434e-01 -9.146619588136672974e-02
1.680115163326263428e-01 -3.293247818946838379e-01 9.291485548019409180e-01 -2.531609833240509033e-01
0.000000000000000000e+00 0.000000000000000000e+00 0.000000000000000000e+00 1.000000000000000000e+00
9.056786894798278809e-01 4.239273369312286377e-01 -5.547419656068086624e-03 -2.818907424807548523e-02
-3.745106756687164307e-01 8.061013221740722656e-01 4.581953585147857666e-01 -1.208137348294258118e-01
1.987135261297225952e-01 -4.129002094268798828e-01 8.888339996337890625e-01 -2.432514131069183350e-01
0.000000000000000000e+00 0.000000000000000000e+00 0.000000000000000000e+00 1.000000000000000000e+00
9.168644547462463379e-01 3.991796970367431641e-01 -4.036318976432085037e-03 -3.133663162589073181e-02
-3.314851820468902588e-01 7.669347524642944336e-01 5.494804382324218750e-01 -1.509209573268890381e-01
2.224370092153549194e-01 -5.024604797363281250e-01 8.354968428611755371e-01 -2.302994281053543091e-01
0.000000000000000000e+00 0.000000000000000000e+00 0.000000000000000000e+00 1.000000000000000000e+00
9.120305776596069336e-01 4.094859659671783447e-01 2.282374165952205658e-02 -4.043144732713699341e-02
-3.313140571117401123e-01 7.028352618217468262e-01 6.294867396354675293e-01 -1.754638701677322388e-01
2.417248785495758057e-01 -5.816729068756103516e-01 7.766758203506469727e-01 -2.157378196716308594e-01
0.000000000000000000e+00 0.000000000000000000e+00 0.000000000000000000e+00 1.000000000000000000e+00
9.205312728881835938e-01 3.887751698493957520e-01 3.842894360423088074e-02 -4.738360270857810974e-02
-2.930334806442260742e-01 6.220679283142089844e-01 7.260597348213195801e-01 -2.061957418918609619e-01
2.583687305450439453e-01 -6.796215176582336426e-01 6.865568757057189941e-01 -1.908236593008041382e-01
0.000000000000000000e+00 0.000000000000000000e+00 0.000000000000000000e+00 1.000000000000000000e+00
9.279394149780273438e-01 3.685580492019653320e-01 5.561767518520355225e-02 -5.406826734542846680e-02
-2.644408345222473145e-01 5.458147525787353516e-01 7.950830459594726562e-01 -2.290787547826766968e-01
2.626771628856658936e-01 -7.524963617324829102e-01 6.039447188377380371e-01 -1.660323441028594971e-01
0.000000000000000000e+00 0.000000000000000000e+00 0.000000000000000000e+00 1.000000000000000000e+00
9.386373758316040039e-01 3.400203585624694824e-01 5.784583091735839844e-02 -5.643949657678604126e-02
-2.247251868247985840e-01 4.756827652454376221e-01 8.504258394241333008e-01 -2.479611784219741821e-01
2.616459131240844727e-01 -8.112409114837646484e-01 5.229048728942871094e-01 -1.424170136451721191e-01
0.000000000000000000e+00 0.000000000000000000e+00 0.000000000000000000e+00 1.000000000000000000e+00
9.492090940475463867e-01 3.105369210243225098e-01 5.068284273147583008e-02 -5.757903307676315308e-02
-1.826831102371215820e-01 4.127646088600158691e-01 8.923294544219970703e-01 -2.624750137329101562e-01
2.561812400817871094e-01 -8.562662005424499512e-01 4.485299289226531982e-01 -1.218201443552970886e-01
0.000000000000000000e+00 0.000000000000000000e+00 0.000000000000000000e+00 1.000000000000000000e+00
9.608269333839416504e-01 2.726322710514068604e-01 4.983393475413322449e-02 -6.038631498813629150e-02
-1.457424312829971313e-01 3.440879881381988525e-01 9.275572299957275391e-01 -2.759091258049011230e-01
2.357347905635833740e-01 -8.984848260879516602e-01 3.703429996967315674e-01 -9.787131845951080322e-02
0.000000000000000000e+00 0.000000000000000000e+00 0.000000000000000000e+00 1.000000000000000000e+00
9.666802287101745605e-01 2.472026050090789795e-01 6.648527085781097412e-02 -6.796016544103622437e-02
-1.327607482671737671e-01 2.620756030082702637e-01 9.558718800544738770e-01 -2.889595329761505127e-01
2.188698053359985352e-01 -9.328488707542419434e-01 2.861620783805847168e-01 -6.780832260847091675e-02
0.000000000000000000e+00 0.000000000000000000e+00 0.000000000000000000e+00 1.000000000000000000e+00
9.799532294273376465e-01 1.907533854246139526e-01 5.748577415943145752e-02 -6.785352528095245361e-02
-8.615314215421676636e-02 1.455738991498947144e-01 9.855890274047851562e-01 -3.020602464675903320e-01
1.796360611915588379e-01 -9.707838296890258789e-01 1.590895801782608032e-01 -2.393997274339199066e-02
0.000000000000000000e+00 0.000000000000000000e+00 0.000000000000000000e+00 1.000000000000000000e+00
9.947792291641235352e-01 1.018951907753944397e-01 5.598507355898618698e-03 -5.503664910793304443e-02
-1.810536533594131470e-02 1.222359463572502136e-01 9.923359751701354980e-01 -3.060096800327301025e-01
1.004299372434616089e-01 -9.872566461563110352e-01 1.234425231814384460e-01 -1.311506424099206924e-02
0.000000000000000000e+00 0.000000000000000000e+00 0.000000000000000000e+00 1.000000000000000000e+00
9.963225722312927246e-01 8.487953245639801025e-02 -1.169635262340307236e-02 -5.131692811846733093e-02
-9.358702227473258972e-03 2.434988766908645630e-01 9.698560237884521484e-01 -3.012640476226806641e-01
8.516895771026611328e-02 -9.661799669265747070e-01 2.433977276086807251e-01 -5.137258395552635193e-02
0.000000000000000000e+00 0.000000000000000000e+00 0.000000000000000000e+00 1.000000000000000000e+00
9.981099367141723633e-01 2.597828209400177002e-02 -5.569233000278472900e-02 -3.573514893651008606e-02
4.592611268162727356e-02 2.868352234363555908e-01 9.568784832954406738e-01 -3.082211315631866455e-01
4.083257541060447693e-02 -9.576274752616882324e-01 2.851000428199768066e-01 -6.271734088659286499e-02
0.000000000000000000e+00 0.000000000000000000e+00 0.000000000000000000e+00 1.000000000000000000e+00
9.896308779716491699e-01 -4.930131882429122925e-02 -1.349077522754669189e-01 -5.364775191992521286e-03
1.432998180389404297e-01 2.748578488826751709e-01 9.507463574409484863e-01 -3.178982734680175781e-01
-9.792589582502841949e-03 -9.602200984954833984e-01 2.790726423263549805e-01 -5.804061517119407654e-02
0.000000000000000000e+00 0.000000000000000000e+00 0.000000000000000000e+00 1.000000000000000000e+00
9.704510569572448730e-01 -6.934888660907745361e-02 -2.311174869537353516e-01 2.750384621322154999e-02
2.411841750144958496e-01 2.494001537561416626e-01 9.378858804702758789e-01 -3.233056962490081787e-01
-7.400602567940950394e-03 -9.659141898155212402e-01 2.587564289569854736e-01 -4.995677247643470764e-02
0.000000000000000000e+00 0.000000000000000000e+00 0.000000000000000000e+00 1.000000000000000000e+00
9.738273024559020996e-01 -2.964952588081359863e-02 -2.253465056419372559e-01 2.381115220487117767e-02
2.242503613233566284e-01 2.869076430797576904e-01 9.313409924507141113e-01 -3.213842809200286865e-01
3.703981265425682068e-02 -9.574992060661315918e-01 2.860474884510040283e-01 -6.234465911984443665e-02
0.000000000000000000e+00 0.000000000000000000e+00 0.000000000000000000e+00 1.000000000000000000e+00
9.828564524650573730e-01 3.362270444631576538e-02 -1.812804192304611206e-01 5.691548343747854233e-03
1.607408225536346436e-01 3.253338932991027832e-01 9.318369030952453613e-01 -3.189212977886199951e-01
9.030753374099731445e-02 -9.450010657310485840e-01 3.143520653247833252e-01 -7.707454264163970947e-02
0.000000000000000000e+00 0.000000000000000000e+00 0.000000000000000000e+00 1.000000000000000000e+00
9.875277876853942871e-01 1.199297383427619934e-01 -1.020075157284736633e-01 -2.349870465695858002e-02
5.076370015740394592e-02 3.707599937915802002e-01 9.273402690887451172e-01 -3.113814890384674072e-01
1.490359753370285034e-01 -9.209526777267456055e-01 3.600476086139678955e-01 -9.932214021682739258e-02
0.000000000000000000e+00 0.000000000000000000e+00 0.000000000000000000e+00 1.000000000000000000e+00
9.796690344810485840e-01 1.995555162429809570e-01 -2.064734138548374176e-02 -5.259663611650466919e-02
-4.205012694001197815e-02 3.048795461654663086e-01 9.514622092247009277e-01 -3.138186335563659668e-01
1.961644291877746582e-01 -9.312494993209838867e-01 3.070723414421081543e-01 -8.678359538316726685e-02
0.000000000000000000e+00 0.000000000000000000e+00 0.000000000000000000e+00 1.000000000000000000e+00
9.229516983032226562e-01 3.754703998565673828e-01 8.474411815404891968e-02 -8.549855649471282959e-02
-2.159571647644042969e-01 3.228709995746612549e-01 9.214749932289123535e-01 -2.946373820304870605e-01
3.186255395412445068e-01 -8.687787652015686035e-01 3.790803253650665283e-01 -1.206003129482269287e-01
0.000000000000000000e+00 0.000000000000000000e+00 0.000000000000000000e+00 1.000000000000000000e+00
8.778238296508789062e-01 4.697086811065673828e-01 9.380629658699035645e-02 -8.619966357946395874e-02
-2.791185081005096436e-01 3.424722552299499512e-01 8.971097469329833984e-01 -2.823040783405303955e-01
3.892542123794555664e-01 -8.136873245239257812e-01 4.317347109317779541e-01 -1.457110941410064697e-01
0.000000000000000000e+00 0.000000000000000000e+00 0.000000000000000000e+00 1.000000000000000000e+00
8.402047157287597656e-01 5.382126569747924805e-01 6.620412319898605347e-02 -7.574970275163650513e-02
-3.352614045143127441e-01 4.196190237998962402e-01 8.435162901878356934e-01 -2.620244324207305908e-01
4.262105226516723633e-01 -7.309217453002929688e-01 5.330076813697814941e-01 -1.828275024890899658e-01
0.000000000000000000e+00 0.000000000000000000e+00 0.000000000000000000e+00 1.000000000000000000e+00
8.049737215042114258e-01 5.913794040679931641e-01 4.783074557781219482e-02 -6.749856472015380859e-02
-4.214195311069488525e-01 5.131520032882690430e-01 7.477167844772338867e-01 -2.247111350297927856e-01
4.176399409770965576e-01 -6.220489740371704102e-01 6.622931361198425293e-01 -2.255602031946182251e-01
0.000000000000000000e+00 0.000000000000000000e+00 0.000000000000000000e+00 1.000000000000000000e+00
7.750564813613891602e-01 6.314125061035156250e-01 2.461926266551017761e-02 -5.847717449069023132e-02
-5.042499303817749023e-01 5.945452451705932617e-01 6.262971162796020508e-01 -1.785371154546737671e-01
3.808143436908721924e-01 -4.978297352790832520e-01 7.791954278945922852e-01 -2.617807388305664062e-01
0.000000000000000000e+00 0.000000000000000000e+00 0.000000000000000000e+00 1.000000000000000000e+00
7.537954449653625488e-01 6.568970084190368652e-01 1.669620163738727570e-02 -5.440446734428405762e-02
-5.648858547210693359e-01 6.348126530647277832e-01 5.271779298782348633e-01 -1.414557844400405884e-01
3.357027173042297363e-01 -4.068156480789184570e-01 8.495913743972778320e-01 -2.825284600257873535e-01
0.000000000000000000e+00 0.000000000000000000e+00 0.000000000000000000e+00 1.000000000000000000e+00
6.513660550117492676e-01 7.585486173629760742e-01 1.807532086968421936e-02 -4.778525233268737793e-02
-6.771842837333679199e-01 5.704228878021240234e-01 4.647993743419647217e-01 -1.128353923559188843e-01
3.422622680664062500e-01 -3.149946331977844238e-01 8.852313756942749023e-01 -2.963658571243286133e-01
0.000000000000000000e+00 0.000000000000000000e+00 0.000000000000000000e+00 1.000000000000000000e+00
5.867687463760375977e-01 8.096785545349121094e-01 -1.110550761222839355e-02 -3.313324227929115295e-02
-7.403950095176696777e-01 5.420120358467102051e-01 3.975402414798736572e-01 -8.563811331987380981e-02
3.278992176055908203e-01 -2.250415831804275513e-01 9.175173640251159668e-01 -3.076139390468597412e-01
0.000000000000000000e+00 0.000000000000000000e+00 0.000000000000000000e+00 1.000000000000000000e+00
5.411001443862915039e-01 8.395279049873352051e-01 -4.902744665741920471e-02 -1.676085777580738068e-02
-7.820960283279418945e-01 5.237983465194702148e-01 3.375810980796813965e-01 -6.166712194681167603e-02
3.090893030166625977e-01 -1.443210542201995850e-01 9.400190114974975586e-01 -3.142773509025573730e-01
0.000000000000000000e+00 0.000000000000000000e+00 0.000000000000000000e+00 1.000000000000000000e+00
5.006363987922668457e-01 8.572341799736022949e-01 -1.204674690961837769e-01 1.050209905952215195e-02
-8.201208710670471191e-01 5.142263770103454590e-01 2.509442865848541260e-01 -2.981009520590305328e-02
2.770653963088989258e-01 -2.683389559388160706e-02 9.604759812355041504e-01 -3.195918500423431396e-01
0.000000000000000000e+00 0.000000000000000000e+00 0.000000000000000000e+00 1.000000000000000000e+00
4.322609305381774902e-01 8.870176076889038086e-01 -1.623266041278839111e-01 3.057748451828956604e-02
-8.613938093185424805e-01 4.594199955463409424e-01 2.166413962841033936e-01 -1.530941948294639587e-02
2.667409181594848633e-01 4.618153721094131470e-02 9.626612067222595215e-01 -3.199872374534606934e-01
0.000000000000000000e+00 0.000000000000000000e+00 0.000000000000000000e+00 1.000000000000000000e+00
3.528122603893280029e-01 8.979507684707641602e-01 -2.630740106105804443e-01 7.052109390497207642e-02
-8.951590657234191895e-01 4.057694971561431885e-01 1.845032274723052979e-01 -1.701258239336311817e-03
2.724220752716064453e-01 1.703981012105941772e-01 9.469690322875976562e-01 -3.148616254329681396e-01
0.000000000000000000e+00 0.000000000000000000e+00 0.000000000000000000e+00 1.000000000000000000e+00
2.855501770973205566e-01 8.876768350601196289e-01 -3.612337112426757812e-01 1.081217750906944275e-01
-9.157329797744750977e-01 3.638935089111328125e-01 1.703384071588516235e-01 4.329172428697347641e-03
2.826560139656066895e-01 2.821535766124725342e-01 9.167848229408264160e-01 -3.056527078151702881e-01
0.000000000000000000e+00 0.000000000000000000e+00 0.000000000000000000e+00 1.000000000000000000e+00
2.694054841995239258e-01 8.566572666168212891e-01 -4.399535953998565674e-01 1.347398906946182251e-01
-9.337662458419799805e-01 3.441263735294342041e-01 9.827534109354019165e-02 3.008185513317584991e-02
2.355879247188568115e-01 3.843380510807037354e-01 8.926275372505187988e-01 -2.940249145030975342e-01
0.000000000000000000e+00 0.000000000000000000e+00 0.000000000000000000e+00 1.000000000000000000e+00
1.772987693548202515e-01 7.766485214233398438e-01 -6.044691801071166992e-01 1.949527412652969360e-01
-9.620588421821594238e-01 2.661998867988586426e-01 5.984112992882728577e-02 4.337397217750549316e-02
2.073852419853210449e-01 5.709247589111328125e-01 7.943786978721618652e-01 -2.597748041152954102e-01
0.000000000000000000e+00 0.000000000000000000e+00 0.000000000000000000e+00 1.000000000000000000e+00
1.354217231273651123e-01 6.756563186645507812e-01 -7.246722579002380371e-01 2.370312511920928955e-01
-9.736371636390686035e-01 2.262508273124694824e-01 2.900093793869018555e-02 5.391098558902740479e-02
1.835522353649139404e-01 7.016401886940002441e-01 6.884834170341491699e-01 -2.239958047866821289e-01
0.000000000000000000e+00 0.000000000000000000e+00 0.000000000000000000e+00 1.000000000000000000e+00
1.100541874766349792e-01 5.753162503242492676e-01 -8.104926943778991699e-01 2.661398947238922119e-01
-9.832999706268310547e-01 1.819385439157485962e-01 -4.372702445834875107e-03 6.516797840595245361e-02
1.449442207813262939e-01 7.974388599395751953e-01 5.857319235801696777e-01 -1.883304715156555176e-01
0.000000000000000000e+00 0.000000000000000000e+00 0.000000000000000000e+00 1.000000000000000000e+00
7.676199823617935181e-02 5.135936737060546875e-01 -8.545929789543151855e-01 2.828063368797302246e-01
-9.904060363769531250e-01 1.380584090948104858e-01 -5.990608129650354385e-03 6.668932735919952393e-02
1.149069517850875854e-01 8.468536734580993652e-01 5.192639827728271484e-01 -1.654088199138641357e-01
0.000000000000000000e+00 0.000000000000000000e+00 0.000000000000000000e+00 1.000000000000000000e+00
1.543283611536026001e-01 5.137101411819458008e-01 -8.439696431159973145e-01 2.722980976104736328e-01
-9.875743389129638672e-01 1.058450490236282349e-01 -1.161616817116737366e-01 1.021321341395378113e-01
2.965654246509075165e-02 8.514098525047302246e-01 5.236622691154479980e-01 -1.597089618444442749e-01
0.000000000000000000e+00 0.000000000000000000e+00 0.000000000000000000e+00 1.000000000000000000e+00
2.621124386787414551e-01 5.786248445510864258e-01 -7.723275423049926758e-01 2.418486475944519043e-01
-9.606627225875854492e-01 8.032927662134170532e-02 -2.658470571041107178e-01 1.484168916940689087e-01
-9.178513288497924805e-02 8.116286396980285645e-01 5.769186615943908691e-01 -1.663782000541687012e-01
0.000000000000000000e+00 0.000000000000000000e+00 0.000000000000000000e+00 1.000000000000000000e+00
3.215788304805755615e-01 6.174501776695251465e-01 -7.178739905357360840e-01 2.210184335708618164e-01
-9.284276962280273438e-01 5.665637552738189697e-02 -3.671678006649017334e-01 1.783488243818283081e-01
-1.860356479883193970e-01 7.845672369003295898e-01 5.914771556854248047e-01 -1.644193530082702637e-01
0.000000000000000000e+00 0.000000000000000000e+00 0.000000000000000000e+00 1.000000000000000000e+00
3.694944679737091064e-01 6.365424990653991699e-01 -6.769693493843078613e-01 2.045295983552932739e-01
-8.900049328804016113e-01 3.298317641019821167e-02 -4.547570645809173584e-01 2.026578485965728760e-01
-2.671434879302978516e-01 7.705361247062683105e-01 5.787130594253540039e-01 -1.534636020660400391e-01
0.000000000000000000e+00 0.000000000000000000e+00 0.000000000000000000e+00 1.000000000000000000e+00
4.244659841060638428e-01 6.374764442443847656e-01 -6.430026292800903320e-01 1.889259666204452515e-01
-8.415854573249816895e-01 1.579923368990421295e-02 -5.398930311203002930e-01 2.252594083547592163e-01
-3.340100944042205811e-01 7.703077793121337891e-01 5.431968569755554199e-01 -1.354542672634124756e-01
0.000000000000000000e+00 0.000000000000000000e+00 0.000000000000000000e+00 1.000000000000000000e+00
5.242649912834167480e-01 6.395741105079650879e-01 -5.622197985649108887e-01 1.574174314737319946e-01
-7.324938774108886719e-01 1.998456427827477455e-03 -6.807709932327270508e-01 2.588799893856048584e-01
-4.342796802520751953e-01 7.687270641326904297e-01 4.695318043231964111e-01 -1.013451442122459412e-01
0.000000000000000000e+00 0.000000000000000000e+00 0.000000000000000000e+00 1.000000000000000000e+00
6.163917779922485352e-01 6.886433362960815430e-01 -3.818775713443756104e-01 9.366774559020996094e-02
-5.821628570556640625e-01 7.197501510381698608e-02 -8.098801374435424805e-01 2.902527153491973877e-01
-5.302335619926452637e-01 7.215183973312377930e-01 4.452675282955169678e-01 -8.604418486356735229e-02
0.000000000000000000e+00 0.000000000000000000e+00 0.000000000000000000e+00 1.000000000000000000e+00
6.300333142280578613e-01 7.294196486473083496e-01 -2.664690613746643066e-01 6.015269830822944641e-02
-4.964897632598876953e-01 1.145016476511955261e-01 -8.604576587677001953e-01 3.002097308635711670e-01
-5.971233248710632324e-01 6.744159460067749023e-01 4.342891275882720947e-01 -7.801263779401779175e-02
0.000000000000000000e+00 0.000000000000000000e+00 0.000000000000000000e+00 1.000000000000000000e+00
5.949567556381225586e-01 7.806999683380126953e-01 -1.911383718252182007e-01 4.240901395678520203e-02
-3.927001953125000000e-01 7.485480606555938721e-02 -9.166151881217956543e-01 3.110628724098205566e-01
-7.012940049171447754e-01 6.204064488410949707e-01 3.511162996292114258e-01 -4.977044463157653809e-02
0.000000000000000000e+00 0.000000000000000000e+00 0.000000000000000000e+00 1.000000000000000000e+00
4.336277544498443604e-01 8.994144797325134277e-01 -5.495867878198623657e-02 1.664972677826881409e-02
-2.321491241455078125e-01 5.257556587457656860e-02 -9.712584614753723145e-01 3.187287151813507080e-01
-8.706742525100708008e-01 4.339231252670288086e-01 2.315964698791503906e-01 -1.133099105209112167e-02
0.000000000000000000e+00 0.000000000000000000e+00 0.000000000000000000e+00 1.000000000000000000e+00
2.856678664684295654e-01 9.537904858589172363e-01 9.315439313650131226e-02 -2.426382154226303101e-02
-2.571563720703125000e-01 1.699326485395431519e-01 -9.513113498687744141e-01 3.208047449588775635e-01
-9.231817126274108887e-01 2.478039413690567017e-01 2.938178479671478271e-01 -3.798771277070045471e-02
0.000000000000000000e+00 0.000000000000000000e+00 0.000000000000000000e+00 1.000000000000000000e+00
2.918413579463958740e-01 9.557030797004699707e-01 -3.821114450693130493e-02 1.869131065905094147e-02
-3.666453361511230469e-01 7.488467544317245483e-02 -9.273421764373779297e-01 3.146809637546539307e-01
-8.834024667739868164e-01 2.846466600894927979e-01 3.722586929798126221e-01 -6.194944679737091064e-02
0.000000000000000000e+00 0.000000000000000000e+00 0.000000000000000000e+00 1.000000000000000000e+00
2.733622789382934570e-01 9.614349603652954102e-01 -3.026730567216873169e-02 2.194915711879730225e-02
-4.612765908241271973e-01 1.034118905663490295e-01 -8.812093734741210938e-01 3.044358193874359131e-01
-8.440952301025390625e-01 2.548508346080780029e-01 4.717563390731811523e-01 -9.643790125846862793e-02
0.000000000000000000e+00 0.000000000000000000e+00 0.000000000000000000e+00 1.000000000000000000e+00
1.673124879598617554e-01 9.834050536155700684e-01 -7.015061378479003906e-02 3.916093334555625916e-02
-4.812687039375305176e-01 1.936656236648559570e-02 -8.763593435287475586e-01 3.024460673332214355e-01
-8.604574203491210938e-01 1.803869009017944336e-01 4.765224158763885498e-01 -9.903229773044586182e-02
