-0.001912767067551613 0.5917842984199524 -0.8060939908027649 0.2984442114830017 
0.6578212976455688 0.6078740358352661 0.4447024464607239 -0.1727217733860016 
0.7531715035438538 -0.5294151902198792 -0.3904510140419006 0.1716062128543854 
0 0 0 1 

-0.08779934793710709 0.5560046434402466 -0.826528787612915 0.3081323206424713 
0.655916154384613 0.6567394733428955 0.3721117079257965 -0.1459251642227173 
0.7497099637985229 -0.5094624161720276 -0.4223536849021912 0.1825225353240967 
0 0 0 1 

-0.1843689382076263 0.5377324819564819 -0.8227099180221558 0.3085952997207642 
0.6366141438484192 0.7030748128890991 0.3168725073337555 -0.1233323067426682 
0.7488192319869995 -0.4653272926807404 -0.4719533026218414 0.1998247802257538 
0 0 0 1 

-0.2788689732551575 0.4953907430171967 -0.8226907253265381 0.3101118206977844 
0.6065633296966553 0.7550241947174072 0.2490367740392685 -0.09667695313692093 
0.7445219159126282 -0.4295653700828552 -0.5110386610031128 0.2136287242174149 
0 0 0 1 

-0.3436648547649384 0.4358844757080078 -0.8318046927452087 0.3141369521617889 
0.5550066828727722 0.8087835907936096 0.194516658782959 -0.07309102267026901 
0.757536768913269 -0.3948086500167847 -0.5198692679405212 0.2165186107158661 
0 0 0 1 

-0.4739356338977814 0.3430640995502472 -0.8109821677207947 0.3056468665599823 
0.4606406092643738 0.881507933139801 0.1037011370062828 -0.03486967831850052 
0.7504633665084839 -0.3244236707687378 -0.5758072137832642 0.2361254394054413 
0 0 0 1 

-0.5383020639419556 0.2619471549987793 -0.8010082244873047 0.2993510961532593 
0.4008995890617371 0.9156302213668823 0.03001410514116287 -0.008003426715731621 
0.7412894368171692 -0.3049672245979309 -0.5979002714157104 0.2413329929113388 
0 0 0 1 

-0.576352596282959 0.1735260635614395 -0.7985650300979614 0.2936858236789703 
0.3729687333106995 0.9253405928611755 -0.06811068952083588 0.02462331764400005 
0.7271256446838379 -0.3370955884456635 -0.5980421900749207 0.2382582575082779 
0 0 0 1 

-0.6336446404457092 0.1080792024731636 -0.7660371065139771 0.2772019803524017 
0.3101945519447327 0.9426048994064331 -0.1235934868454933 0.04310989752411842 
0.7087123990058899 -0.315934956073761 -0.6308021545410156 0.2495454847812653 
0 0 0 1 

-0.685479462146759 0.06849522888660431 -0.724862813949585 0.2620442509651184 
0.2611038088798523 0.9524718523025513 -0.1569145917892456 0.05396490171551704 
0.6796635389328003 -0.296826183795929 -0.6707842946052551 0.2632751166820526 
0 0 0 1 

