0.5113913416862488 0.797334611415863 -0.320525050163269 0.07828309386968613 
-0.841175377368927 0.3881544172763824 -0.3765100538730621 0.1301654875278473 
-0.1757913380861282 0.4621618986129761 0.8691972494125366 -0.188120037317276 
0 0 0 1 

0.4971720278263092 0.7990533113479614 -0.3381326198577881 0.08296838402748108 
-0.8231068849563599 0.3110936880111694 -0.4750954508781433 0.1552642732858658 
-0.2744356989860535 0.514523446559906 0.8123734593391418 -0.1694593131542206 
0 0 0 1 

0.4788638651371002 0.805264949798584 -0.3496249616146088 0.08929478377103806 
-0.8041528463363647 0.242590606212616 -0.5426672697067261 0.1720324605703354 
-0.3521752655506134 0.541015625 0.763724148273468 -0.1531259566545486 
0 0 0 1 

0.5561255812644958 0.7485892176628113 -0.3610243797302246 0.08041127771139145 
-0.763799250125885 0.2891139686107635 -0.5770821571350098 0.1747108846902847 
-0.327620267868042 0.5966802835464478 0.7325555086135864 -0.1555789411067963 
0 0 0 1 

0.6056964993476868 0.7056098580360413 -0.3677586913108826 0.08076092600822449 
-0.7688332200050354 0.3999099731445312 -0.4989663064479828 0.1570176333189011 
-0.2050051838159561 0.5849672555923462 0.7847204208374023 -0.1841482073068619 
0 0 0 1 

0.6132237315177917 0.709713876247406 -0.3467891812324524 0.07537946850061417 
-0.7705557942390442 0.4408807456493378 -0.4602909088134766 0.1485553830862045 
-0.1737822741270065 0.5494817495346069 0.8172327876091003 -0.1994037628173828 
0 0 0 1 

0.8187965154647827 0.4003024399280548 -0.4114974141120911 0.0893847867846489 
-0.5558971166610718 0.731841504573822 -0.394190639257431 0.1344761997461319 
0.1433553248643875 0.5515120029449463 0.8217564225196838 -0.1971963793039322 
0 0 0 1 

0.8678924441337585 0.2826600670814514 -0.4084921479225159 0.08646504580974579 
-0.4680197834968567 0.7408952713012695 -0.4816963970661163 0.1508297175168991 
0.1664934009313583 0.6092431545257568 0.7753079533576965 -0.1816886514425278 
0 0 0 1 

0.8977968096733093 0.181145653128624 -0.4014312922954559 0.09106769412755966 
-0.3835552036762238 0.7695580720901489 -0.5105541944503784 0.1535152345895767 
0.2164399176836014 0.6123449802398682 0.7603861689567566 -0.1702922582626343 
0 0 0 1 

0.9684106707572937 0.03801868483424187 -0.2464466243982315 0.04322981834411621 
-0.1559855341911316 0.8634315133094788 -0.4797444641590118 0.1275251656770706 
0.1945504695177078 0.5030316710472107 0.8420864939689636 -0.1613655388355255 
0 0 0 1 

