-0.2753874361515045 0.1623534262180328 -0.9475245475769043 0.3103452622890472 
-0.9592402577400208 0.0185953676700592 0.2819788753986359 -0.05203667655587196 
0.06339971721172333 0.9865573048591614 0.1506152302026749 -0.03460278734564781 
0 0 0 1 

-0.2057409584522247 -0.7629841566085815 -0.6128014922142029 0.199972540140152 
-0.9505658745765686 0.00698542594909668 0.3104442656040192 -0.05847807228565216 
-0.2325834184885025 0.6463793516159058 -0.726703941822052 0.2579774260520935 
0 0 0 1 

-0.2011405527591705 -0.7660396099090576 -0.6105125546455383 0.1979876905679703 
-0.9690929055213928 0.06473759561777115 0.2380500435829163 -0.03621124848723412 
-0.1428327411413193 0.6395249366760254 -0.7553848624229431 0.2623763680458069 
0 0 0 1 

-0.1064643487334251 -0.7637326121330261 -0.6366926431655884 0.1984536796808243 
-0.99007248878479 0.02232779376208782 0.1387721598148346 -0.002565230941399932 
-0.09176897257566452 0.6451463103294373 -0.7585276365280151 0.2602859735488892 
0 0 0 1 

0.01694168150424957 -0.7810724377632141 -0.62421053647995 0.1841070652008057 
-0.9993439912796021 -0.0332142747938633 0.01443758979439735 0.03919011726975441 
-0.03200944885611534 0.6235564351081848 -0.7811228632926941 0.2632456719875336 
0 0 0 1 

0.06587930023670197 -0.7871713638305664 -0.6132054924964905 0.1763711124658585 
-0.9941557645797729 0.0008919100509956479 -0.1079509481787682 0.07790654897689819 
0.08552274852991104 0.6167335510253906 -0.7825120687484741 0.2559111416339874 
0 0 0 1 

0.05254092440009117 -0.8003027439117432 -0.5972898006439209 0.1748858094215393 
-0.9820680618286133 0.06703409552574158 -0.176206648349762 0.09174422174692154 
0.1810574382543564 0.5958372354507446 -0.7824296355247498 0.2518371343612671 
0 0 0 1 

-0.02887154184281826 -0.7987215518951416 -0.6010078191757202 0.1856354773044586 
-0.9945902824401855 0.0829748660326004 -0.06249253079295158 0.05538184940814972 
0.09978269040584564 0.5959522724151611 -0.7967963218688965 0.2704120576381683 
0 0 0 1 

-0.06247524172067642 -0.7871463298797607 -0.6135939955711365 0.1907631456851959 
-0.9929517507553101 -0.01301941554993391 0.1178025752305984 -0.001476589939557016 
-0.1007164418697357 0.6166289448738098 -0.7807850241661072 0.2834467887878418 
0 0 0 1 

-0.04746594652533531 -0.8078661561012268 -0.5874517560005188 0.182993471622467 
-0.9955816268920898 -0.009439658373594284 0.0934239849448204 0.006900879554450512 
-0.08101940155029297 0.5892906188964844 -0.8038488626480103 0.2918409407138824 
0 0 0 1 

