0.2893460094928741 0.8825765252113342 -0.3705906569957733 0.1106262132525444 
-0.9143602252006531 0.3693916499614716 0.1658161729574203 0.005606659222394228 
0.2832385301589966 0.2908751666545868 0.9138750433921814 -0.3047528862953186 
0 0 0 1 

0.2709019184112549 0.8520756363868713 -0.4478605985641479 0.1368856728076935 
-0.9321944117546082 0.3482447564601898 0.09868616610765457 0.02941886708140373 
0.2400531619787216 0.3907589614391327 0.8886404633522034 -0.2929690480232239 
0 0 0 1 

0.1800842434167862 0.7733103632926941 -0.6079151034355164 0.195370152592659 
-0.9611020684242249 0.2699004411697388 0.05862250179052353 0.04294412210583687 
0.2094099670648575 0.5737113952636719 0.7918350100517273 -0.2591544985771179 
0 0 0 1 

0.1350542455911636 0.666991114616394 -0.7327232956886292 0.2392493635416031 
-0.9736183881759644 0.2266014814376831 0.02681754715740681 0.05432653427124023 
0.1839233636856079 0.7097709774971008 0.6799980998039246 -0.2213138788938522 
0 0 0 1 

0.1094369143247604 0.5733339786529541 -0.8119801878929138 0.2662271559238434 
-0.9835467338562012 0.180583268404007 -0.005051645915955305 0.0649496465921402 
0.1437337845563889 0.7991732358932495 0.5836631655693054 -0.1879276186227798 
0 0 0 1 

0.07837604731321335 0.5063596367835999 -0.8587531447410583 0.2838123142719269 
-0.9908404946327209 0.1345822364091873 -0.0110754556953907 0.06752070784568787 
0.1099647283554077 0.8517554998397827 0.5122697949409485 -0.1629150658845901 
0 0 0 1 

0.1543361395597458 0.5046238303184509 -0.8494322299957275 0.2738706469535828 
-0.9877261519432068 0.09971346706151962 -0.1202262192964554 0.102549783885479 
0.02403089217841625 0.8575617074966431 0.5138195753097534 -0.1563340425491333 
0 0 0 1 

0.2666072249412537 0.5665644407272339 -0.7796956300735474 0.2433626800775528 
-0.958952784538269 0.07485844194889069 -0.2735061645507812 0.1502374261617661 
-0.09659208357334137 0.8206100463867188 0.5632664561271667 -0.162152886390686 
0 0 0 1 

0.3240011930465698 0.6125397086143494 -0.7209843397140503 0.2213236093521118 
-0.9278721213340759 0.05704453215003014 -0.3685095906257629 0.1778159439563751 
-0.1845984905958176 0.7883787751197815 0.5868409872055054 -0.1630823463201523 
0 0 0 1 

0.3584814369678497 0.6349883079528809 -0.6843104958534241 0.2070950120687485 
-0.8935695886611938 0.02120868675410748 -0.4484234154224396 0.1983197778463364 
-0.2702302634716034 0.7722305655479431 0.5750091671943665 -0.1522899717092514 
0 0 0 1 

