1.000000000000000000e+00 0.000000000000000000e+00 0.000000000000000000e+00 -4.542167112231254578e-02
0.000000000000000000e+00 1.000000000000000000e+00 0.000000000000000000e+00 9.935460984706878662e-04
0.000000000000000000e+00 0.000000000000000000e+00 1.000000000000000000e+00 -2.875000238418579102e-01
0.000000000000000000e+00 0.000000000000000000e+00 0.000000000000000000e+00 1.000000000000000000e+00
9.967243075370788574e-01 7.949738949537277222e-02 1.486234366893768311e-02 -4.844889044761657715e-02
-7.922247797250747681e-02 9.966898560523986816e-01 -1.825306750833988190e-02 9.808203205466270447e-03
-1.626420207321643829e-02 1.701586134731769562e-02 9.997229576110839844e-01 -2.932618558406829834e-01
0.000000000000000000e+00 0.000000000000000000e+00 0.000000000000000000e+00 1.000000000000000000e+00
9.862489104270935059e-01 1.623473018407821655e-01 3.092274256050586700e-02 -5.150874704122543335e-02
-1.607109159231185913e-01 9.857546091079711914e-01 -4.959480464458465576e-02 2.435545995831489563e-02
-3.853387385606765747e-02 4.394315928220748901e-02 9.982905983924865723e-01 -2.926370799541473389e-01
0.000000000000000000e+00 0.000000000000000000e+00 0.000000000000000000e+00 1.000000000000000000e+00
9.661014676094055176e-01 2.555409073829650879e-01 3.669524192810058594e-02 -5.097602680325508118e-02
-2.521911263465881348e-01 9.645678997039794922e-01 -7.751237601041793823e-02 3.790076822042465210e-02
-5.520269274711608887e-02 6.563057750463485718e-02 9.963158369064331055e-01 -2.919112145900726318e-01
0.000000000000000000e+00 0.000000000000000000e+00 0.000000000000000000e+00 1.000000000000000000e+00
9.376420378684997559e-01 3.442929685115814209e-01 4.784968122839927673e-02 -5.151674151420593262e-02
-3.366496860980987549e-01 9.337361454963684082e-01 -1.216700449585914612e-01 5.599867552518844604e-02
-8.656917512416839600e-02 9.797433018684387207e-02 9.914165735244750977e-01 -2.893035113811492920e-01
0.000000000000000000e+00 0.000000000000000000e+00 0.000000000000000000e+00 1.000000000000000000e+00
8.941497206687927246e-01 4.470155835151672363e-01 2.594788372516632080e-02 -4.178873077034950256e-02
-4.396448731422424316e-01 8.874412178993225098e-01 -1.384209841489791870e-01 6.511815637350082397e-02
-8.490357547998428345e-02 1.123612150549888611e-01 9.900335073471069336e-01 -2.900990247726440430e-01
0.000000000000000000e+00 0.000000000000000000e+00 0.000000000000000000e+00 1.000000000000000000e+00
8.451431989669799805e-01 5.342683792114257812e-01 1.703300885856151581e-02 -3.603922575712203979e-02
-5.247893333435058594e-01 8.353641033172607422e-01 -1.635930836200714111e-01 7.699367403984069824e-02
-1.016314327716827393e-01 1.293208003044128418e-01 9.863808155059814453e-01 -2.887571752071380615e-01
0.000000000000000000e+00 0.000000000000000000e+00 0.000000000000000000e+00 1.000000000000000000e+00
7.941073179244995117e-01 6.077060103416442871e-01 -9.322429075837135315e-03 -2.490962855517864227e-02
-6.002307534217834473e-01 7.817449569702148438e-01 -1.691089570522308350e-01 8.194105327129364014e-02
-9.548079222440719604e-02 1.398862600326538086e-01 9.855532646179199219e-01 -2.897116243839263916e-01
0.000000000000000000e+00 0.000000000000000000e+00 0.000000000000000000e+00 1.000000000000000000e+00
7.230502367019653320e-01 6.900586485862731934e-01 -3.189380094408988953e-02 -1.265280321240425110e-02
-6.851099133491516113e-01 7.104234099388122559e-01 -1.610053628683090210e-01 8.271033316850662231e-02
-8.844509720802307129e-02 1.382657140493392944e-01 9.864380359649658203e-01 -2.906994521617889404e-01
0.000000000000000000e+00 0.000000000000000000e+00 0.000000000000000000e+00 1.000000000000000000e+00
6.508089900016784668e-01 7.586455941200256348e-01 -3.006977774202823639e-02 -8.089226670563220978e-03
-7.545099854469299316e-01 6.418314576148986816e-01 -1.369913816452026367e-01 7.769946753978729248e-02
-8.462823182344436646e-02 1.118431612849235535e-01 9.901157021522521973e-01 -2.933948636054992676e-01
0.000000000000000000e+00 0.000000000000000000e+00 0.000000000000000000e+00 1.000000000000000000e+00
5.521907806396484375e-01 8.328126668930053711e-01 -3.883583843708038330e-02 7.014438160695135593e-04
-8.317950963973999023e-01 5.471578836441040039e-01 -9.346085786819458008e-02 6.601063907146453857e-02
-5.658607184886932373e-02 8.391168713569641113e-02 9.948652386665344238e-01 -2.984500229358673096e-01
0.000000000000000000e+00 0.000000000000000000e+00 0.000000000000000000e+00 1.000000000000000000e+00
4.704276323318481445e-01 8.797484636306762695e-01 -6.885062158107757568e-02 1.525541022419929504e-02
-8.823982477188110352e-01 4.682271778583526611e-01 -4.622235521674156189e-02 5.205821618437767029e-02
-8.426327258348464966e-03 8.249793946743011475e-02 9.965556263923645020e-01 -3.030363321304321289e-01
0.000000000000000000e+00 0.000000000000000000e+00 0.000000000000000000e+00 1.000000000000000000e+00
