0.6853630542755127 0.5024611949920654 -0.5270769000053406 0.1319865435361862 
-0.0962555930018425 0.7799648642539978 0.6183765530586243 -0.1696044355630875 
0.7218117117881775 -0.3730782866477966 0.5829238295555115 -0.2065266966819763 
0 0 0 1 

0.7089499235153198 0.5082157850265503 -0.4889853596687317 0.1189461573958397 
-0.03868864849209785 0.7203229665756226 0.6925590038299561 -0.19867342710495 
0.7041968107223511 -0.4720714390277863 0.5303351283073425 -0.1899404227733612 
0 0 0 1 

0.7090744376182556 0.5196139812469482 -0.4766703844070435 0.1147494688630104 
0.01301876548677683 0.6662378311157227 0.7456255555152893 -0.2204869389533997 
0.7050133347511292 -0.5349096655845642 0.4656474888324738 -0.1716230809688568 
0 0 0 1 

0.7601677179336548 0.4925828874111176 -0.4236827194690704 0.09489720314741135 
0.06018473207950592 0.5959057211875916 0.8007959127426147 -0.2427899688482285 
0.6469333171844482 -0.6342383623123169 0.423342376947403 -0.1584982126951218 
0 0 0 1 

0.835827648639679 0.4264640212059021 -0.3457175195217133 0.06517215818166733 
0.09988534450531006 0.5010883212089539 0.8596123456954956 -0.2687037289142609 
0.5398287177085876 -0.7530198097229004 0.376226007938385 -0.1410262584686279 
0 0 0 1 

0.8756762146949768 0.3940433263778687 -0.2791434228420258 0.04257247224450111 
0.1180300489068031 0.3858754336833954 0.9149693250656128 -0.2911405265331268 
0.4682521820068359 -0.8341641426086426 0.2913930118083954 -0.1119239777326584 
0 0 0 1 

0.8393909931182861 -0.5377228260040283 -0.07922594249248505 -0.04492742195725441 
0.5119237899780273 0.7331601977348328 0.4476715624332428 -0.2045947462320328 
-0.1826380640268326 -0.4163291156291962 0.8906813859939575 -0.2900733649730682 
0 0 0 1 

0.8044403791427612 -0.5822157859802246 -0.1178999543190002 -0.03120878525078297 
0.5545246601104736 0.6648257374763489 0.5005087852478027 -0.2294529378414154 
-0.2130212187767029 -0.468007892370224 0.8576657176017761 -0.2789496779441833 
0 0 0 1 

0.7611173987388611 -0.6243628263473511 -0.1757023930549622 -0.01476565562188625 
0.6090891361236572 0.5948960185050964 0.5245084166526794 -0.2449324429035187 
-0.2229589819908142 -0.506230890750885 0.8330783843994141 -0.2736475467681885 
0 0 0 1 

0.7689330577850342 -0.6194940805435181 -0.1580152958631516 -0.02147014252841473 
0.6018120050430298 0.6179333925247192 0.5059449672698975 -0.2339309751987457 
-0.2157871276140213 -0.4841333031654358 0.847968578338623 -0.278141975402832 
0 0 0 1 

