1 0 0 -0.04542167112231255 
0 1 0 0.0009935460984706879 
0 0 1 -0.2875000238418579 
0 0 0 1 

0.9967339634895325 0.07902038842439651 0.01664905250072479 -0.04897070303559303 
-0.07874057441949844 0.9967528581619263 -0.01684137806296349 0.009302711114287376 
-0.01792579516768456 0.01547542586922646 0.9997195601463318 -0.293210506439209 
0 0 0 1 

0.9859336614608765 0.1638317406177521 0.03307317569851875 -0.0521688275039196 
-0.1621108800172806 0.9855381846427917 -0.04934018105268478 0.02414106391370296 
-0.04067841544747353 0.0432845763862133 0.9982342720031738 -0.2924432158470154 
0 0 0 1 

0.9654357433319092 0.2577100694179535 0.03897695615887642 -0.05165715515613556 
-0.2542988657951355 0.9641404151916504 -0.07592851668596268 0.03744750842452049 
-0.05714684724807739 0.06339228898286819 0.9963511824607849 -0.2917684614658356 
0 0 0 1 

0.9364279508590698 0.3469858765602112 0.05199377983808517 -0.05273790284991264 
-0.3390719592571259 0.9330645203590393 -0.1200857982039452 0.05557915568351746 
-0.09018168598413467 0.09482202678918839 0.9914010763168335 -0.2891131639480591 
0 0 0 1 

0.8921655416488647 0.4507027864456177 0.03012689389288425 -0.04292222112417221 
-0.4432022571563721 0.8862980604171753 -0.134340688586235 0.06395456194877625 
-0.08724913746118546 0.1065018177032471 0.9904771447181702 -0.2901560664176941 
0 0 0 1 

0.8725167512893677 0.4880572259426117 0.02268973551690578 -0.03934172913432121 
-0.4797112643718719 0.8645570874214172 -0.1497272849082947 0.07003278285264969 
-0.09269202500581741 0.1197550222277641 0.9884671568870544 -0.2896300256252289 
0 0 0 1 

