-0.2378068715333939 0.4717508256435394 -0.8490576148033142 0.3197770416736603 
0.6107451915740967 0.7523337602615356 0.2469497919082642 -0.09542509168386459 
0.7552734613418579 -0.4598315358161926 -0.4670296609401703 0.1980854272842407 
0 0 0 1 

-0.2988975048065186 0.4160818159580231 -0.8587990403175354 0.3237824440002441 
0.5627651810646057 0.8036504983901978 0.1934970617294312 -0.07230817526578903 
0.7706848978996277 -0.4254664778709412 -0.4743655622005463 0.2004765719175339 
0 0 0 1 

-0.4359107315540314 0.3270231187343597 -0.8384732604026794 0.3154943287372589 
0.4653004705905914 0.8793638348579407 0.1010679230093956 -0.03403880074620247 
0.770374596118927 -0.3460854291915894 -0.5354881286621094 0.2220956683158875 
0 0 0 1 

-0.5135801434516907 0.2484516203403473 -0.8212836980819702 0.3065516352653503 
0.4026231467723846 0.9150234460830688 0.02503364719450474 -0.006069115363061428 
0.7577134966850281 -0.3178110420703888 -0.5699703097343445 0.2315660268068314 
0 0 0 1 

-0.5635233521461487 0.1656524389982224 -0.8093211054801941 0.2974413931369781 
0.3739726543426514 0.9247085452079773 -0.07112395018339157 0.02585150487720966 
0.7366042733192444 -0.3427439630031586 -0.5830443501472473 0.2333081662654877 
0 0 0 1 

-0.6138176918029785 0.09768451750278473 -0.7833806276321411 0.2835008502006531 
0.3145560920238495 0.9404043555259705 -0.1292056441307068 0.04533571749925613 
0.7240731716156006 -0.3257259130477905 -0.6079641580581665 0.242084801197052 
0 0 0 1 

-0.7131456136703491 0.01273758709430695 -0.7008998990058899 0.2532005608081818 
0.2103144079446793 0.9576649069786072 -0.1965851187705994 0.06813172996044159 
0.6687232255935669 -0.2876032292842865 -0.6856334209442139 0.2685385048389435 
0 0 0 1 

-0.7617197632789612 -0.06529039889574051 -0.6446083188056946 0.2324805855751038 
0.1078014001250267 0.9682700037956238 -0.2254597097635269 0.07841590791940689 
0.6388752460479736 -0.2412268370389938 -0.7305120229721069 0.2827962636947632 
0 0 0 1 

-0.7558692693710327 -0.1611435264348984 -0.634581983089447 0.2242116332054138 
-0.02018015645444393 0.9745117425918579 -0.2234269380569458 0.07857993245124817 
0.6544114351272583 -0.1560755968093872 -0.7398554086685181 0.2828336656093597 
0 0 0 1 

-0.8050362467765808 -0.1787100583314896 -0.5656669735908508 0.2034726738929749 
-0.06966428458690643 0.9754266142845154 -0.2090209573507309 0.07290498912334442 
0.5891208052635193 -0.1288626790046692 -0.7977033853530884 0.3031801581382751 
0 0 0 1 

