0.01813250221312046 -0.8410593867301941 -0.5406389236450195 0.1572301238775253 
-0.9994160532951355 -0.03091078996658325 0.01456752140074968 0.03944572061300278 
-0.02896366827189922 0.5400590300559998 -0.8411287069320679 0.2812979519367218 
0 0 0 1 

0.0538981556892395 -0.8461635112762451 -0.5301908254623413 0.1507274955511093 
-0.9942322969436646 0.003827065229415894 -0.107179582118988 0.07805245369672775 
0.09272054582834244 0.532909631729126 -0.8410769104957581 0.2730555236339569 
0 0 0 1 

0.03622238710522652 -0.8562676906585693 -0.5152606964111328 0.1495995819568634 
-0.9822130799293518 0.06455341726541519 -0.1763246953487396 0.09177052974700928 
0.1842430084943771 0.5124827027320862 -0.8386991024017334 0.2687859833240509 
0 0 0 1 

-0.03887313976883888 -0.8531730175018311 -0.5201773047447205 0.1594948321580887 
-0.9945470094680786 0.08344968408346176 -0.06254738569259644 0.05567823350429535 
0.09677237272262573 0.5149094462394714 -0.8517646193504333 0.287781298160553 
0 0 0 1 

0.3502687215805054 -0.7032830715179443 -0.6186314225196838 0.1444833427667618 
-0.9219589233398438 -0.375391036272049 -0.09525418281555176 0.06412488222122192 
-0.1652380079030991 0.6037173271179199 -0.7798858880996704 0.2787307500839233 
0 0 0 1 

0.3665758967399597 -0.6913291215896606 -0.6226444840431213 0.1449914127588272 
-0.9259233474731445 -0.3365629911422729 -0.1714385598897934 0.08834578841924667 
-0.09103866666555405 0.6393662691116333 -0.7634937167167664 0.2671342194080353 
0 0 0 1 

0.5296094417572021 -0.5896371006965637 -0.6097884774208069 0.1354749947786331 
-0.8432942032814026 -0.4435297846794128 -0.3035396635532379 0.1246320679783821 
-0.09148108214139938 0.6749885082244873 -0.7321350574493408 0.2559024095535278 
0 0 0 1 

0.6769358515739441 -0.4084063470363617 -0.6123414635658264 0.1319494545459747 
-0.7123029232025146 -0.5730788707733154 -0.4052219390869141 0.1531215459108353 
-0.1854248642921448 0.7104818820953369 -0.6788466572761536 0.253213495016098 
0 0 0 1 

0.6937001943588257 -0.3198897540569305 -0.6453297734260559 0.1394165307283401 
-0.6525940299034119 -0.6582942605018616 -0.3751925826072693 0.1431887000799179 
-0.3047966659069061 0.6814095377922058 -0.665416955947876 0.2606145739555359 
0 0 0 1 

0.7349865436553955 -0.2474572211503983 -0.6313158273696899 0.1406734734773636 
-0.5812097191810608 -0.7094669938087463 -0.3985620141029358 0.1398044973611832 
-0.349270761013031 0.659864604473114 -0.6652731895446777 0.2600223422050476 
0 0 0 1 

