1.000000000000000000e+00 0.000000000000000000e+00 0.000000000000000000e+00 -3.619798645377159119e-02
0.000000000000000000e+00 1.000000000000000000e+00 0.000000000000000000e+00 -1.327119767665863037e-03
0.000000000000000000e+00 0.000000000000000000e+00 1.000000000000000000e+00 -2.960163652896881104e-01
0.000000000000000000e+00 0.000000000000000000e+00 0.000000000000000000e+00 1.000000000000000000e+00
9.909395575523376465e-01 1.341911405324935913e-01 5.582296755164861679e-03 -4.102344810962677002e-02
-1.336963325738906860e-01 9.895401597023010254e-01 -5.418376624584197998e-02 2.674568444490432739e-02
-1.279492769390344620e-02 5.294650420546531677e-02 9.985153675079345703e-01 -2.972158193588256836e-01
0.000000000000000000e+00 0.000000000000000000e+00 0.000000000000000000e+00 1.000000000000000000e+00
9.724822640419006348e-01 2.314701974391937256e-01 2.644553594291210175e-02 -4.775008559226989746e-02
-2.278214097023010254e-01 9.685652852058410645e-01 -9.989184886217117310e-02 5.132584646344184875e-02
-4.873630777001380920e-02 9.111817926168441772e-02 9.946468472480773926e-01 -2.951675057411193848e-01
0.000000000000000000e+00 0.000000000000000000e+00 0.000000000000000000e+00 1.000000000000000000e+00
9.420654177665710449e-01 3.338690400123596191e-01 3.231494128704071045e-02 -4.851502925157546997e-02
-3.264217972755432129e-01 9.346793293952941895e-01 -1.407956182956695557e-01 7.289841771125793457e-02
-7.721149176359176636e-02 1.220903769135475159e-01 9.895113706588745117e-01 -2.918464541435241699e-01
0.000000000000000000e+00 0.000000000000000000e+00 0.000000000000000000e+00 1.000000000000000000e+00
8.968946933746337891e-01 4.422384798526763916e-01 2.199089387431740761e-03 -3.400006145238876343e-02
-4.359189569950103760e-01 8.848943710327148438e-01 -1.641224622726440430e-01 8.703763782978057861e-02
-7.452726364135742188e-02 1.462419629096984863e-01 9.864377379417419434e-01 -2.911520600318908691e-01
0.000000000000000000e+00 0.000000000000000000e+00 0.000000000000000000e+00 1.000000000000000000e+00
8.335142731666564941e-01 5.523459315299987793e-01 -1.294835750013589859e-02 -2.329173125326633453e-02
-5.445685982704162598e-01 8.173705935478210449e-01 -1.880153417587280273e-01 1.007965207099914551e-01
-9.326598048210144043e-02 1.637647598981857300e-01 9.820808768272399902e-01 -2.894712090492248535e-01
0.000000000000000000e+00 0.000000000000000000e+00 0.000000000000000000e+00 1.000000000000000000e+00
7.569508552551269531e-01 6.516107916831970215e-01 -4.927969351410865784e-02 -5.321427714079618454e-03
-6.492892503738403320e-01 7.414460182189941406e-01 -1.693551391363143921e-01 9.875365346670150757e-02
-7.381552457809448242e-02 1.601902991533279419e-01 9.843223094940185547e-01 -2.927056252956390381e-01
0.000000000000000000e+00 0.000000000000000000e+00 0.000000000000000000e+00 1.000000000000000000e+00
6.958482265472412109e-01 7.142859697341918945e-01 -7.477018982172012329e-02 6.484267301857471466e-03
-7.175773978233337402e-01 6.871843338012695312e-01 -1.134003847837448120e-01 8.105753362178802490e-02
-2.961945720016956329e-02 1.325628608465194702e-01 9.907320141792297363e-01 -2.995123565196990967e-01
0.000000000000000000e+00 0.000000000000000000e+00 0.000000000000000000e+00 1.000000000000000000e+00
5.882561206817626953e-01 8.076137304306030273e-01 -4.140330106019973755e-02 -3.638354246504604816e-04
-8.079226613044738770e-01 5.847315788269042969e-01 -7.314220815896987915e-02 6.851160526275634766e-02
-3.486086428165435791e-02 7.647700607776641846e-02 9.964618682861328125e-01 -3.068422377109527588e-01
0.000000000000000000e+00 0.000000000000000000e+00 0.000000000000000000e+00 1.000000000000000000e+00
5.036000013351440430e-01 8.629568815231323242e-01 -4.113597422838211060e-02 4.373600706458091736e-03
-8.635610342025756836e-01 5.014058947563171387e-01 -5.342673510313034058e-02 6.272891163825988770e-02
-2.547915279865264893e-02 6.242914497852325439e-02 9.977242350578308105e-01 -3.108307421207427979e-01
0.000000000000000000e+00 0.000000000000000000e+00 0.000000000000000000e+00 1.000000000000000000e+00
4.071026146411895752e-01 9.114271998405456543e-01 -5.972823500633239746e-02 1.506734546273946762e-02
-9.131575226783752441e-01 4.075823426246643066e-01 -4.473668988794088364e-03 4.476029053330421448e-02
2.026673778891563416e-02 5.636253207921981812e-02 9.982046484947204590e-01 -3.150413334369659424e-01
0.000000000000000000e+00 0.000000000000000000e+00 0.000000000000000000e+00 1.000000000000000000e+00
2.938895821571350098e-01 9.542991518974304199e-01 -5.423692241311073303e-02 1.851957105100154877e-02
-9.549354314804077148e-01 2.956056892871856689e-01 2.674959041178226471e-02 3.319383412599563599e-02
4.155984148383140564e-02 4.393134266138076782e-02 9.981694817543029785e-01 -3.174182176589965820e-01
0.000000000000000000e+00 0.000000000000000000e+00 0.000000000000000000e+00 1.000000000000000000e+00
1.803875267505645752e-01 9.809995293617248535e-01 -7.141423225402832031e-02 2.897026203572750092e-02
-9.812358617782592773e-01 1.845060437917709351e-01 5.597830191254615784e-02 2.262180671095848083e-02
6.809104233980178833e-02 5.997643992304801941e-02 9.958747029304504395e-01 -3.181976079940795898e-01
0.000000000000000000e+00 0.000000000000000000e+00 0.000000000000000000e+00 1.000000000000000000e+00
1.031275913119316101e-01 9.917707443237304688e-01 -7.586609572172164917e-02 3.349401801824569702e-02
-9.901874065399169922e-01 1.095956563949584961e-01 8.670685440301895142e-02 1.105779409408569336e-02
9.430786222219467163e-02 6.617974489927291870e-02 9.933409094810485840e-01 -3.177636861801147461e-01
0.000000000000000000e+00 0.000000000000000000e+00 0.000000000000000000e+00 1.000000000000000000e+00
1.925854943692684174e-02 9.969830513000488281e-01 -7.519154250621795654e-02 3.848799690604209900e-02
-9.971384406089782715e-01 2.465144172310829163e-02 7.146519422531127930e-02 1.792960055172443390e-02
7.310317456722259521e-02 7.360008358955383301e-02 9.946050643920898438e-01 -3.119999468326568604e-01
0.000000000000000000e+00 0.000000000000000000e+00 0.000000000000000000e+00 1.000000000000000000e+00
-9.312742948532104492e-02 8.704901337623596191e-01 -4.832947552204132080e-01 1.785710453987121582e-01
-9.908784627914428711e-01 -3.354518115520477295e-02 1.305150836706161499e-01 -9.950575185939669609e-04
9.739982336759567261e-02 4.910411536693572998e-01 8.656743168830871582e-01 -2.626282870769500732e-01
0.000000000000000000e+00 0.000000000000000000e+00 0.000000000000000000e+00 1.000000000000000000e+00
-1.666703969240188599e-01 8.440876007080078125e-01 -5.096443891525268555e-01 1.887852102518081665e-01
-9.777093529701232910e-01 -7.454114407300949097e-02 1.962858289480209351e-01 -2.415945008397102356e-02
1.276929229497909546e-01 5.309991240501403809e-01 8.376959562301635742e-01 -2.547568678855895996e-01
0.000000000000000000e+00 0.000000000000000000e+00 0.000000000000000000e+00 1.000000000000000000e+00
-1.291811168193817139e-01 7.740522623062133789e-01 -6.198028326034545898e-01 2.173240333795547485e-01
-9.913960099220275879e-01 -1.141292229294776917e-01 6.409741938114166260e-02 1.838916167616844177e-02
-2.112284302711486816e-02 6.227501630783081055e-01 7.821356058120727539e-01 -2.297018319368362427e-01
0.000000000000000000e+00 0.000000000000000000e+00 0.000000000000000000e+00 1.000000000000000000e+00
-8.931247889995574951e-02 6.838639378547668457e-01 -7.241227030754089355e-01 2.409219890832901001e-01
-9.946718215942382812e-01 -2.365691959857940674e-02 1.003399416804313660e-01 1.002245396375656128e-02
5.148832127451896667e-02 7.292258143424987793e-01 6.823330521583557129e-01 -2.083236128091812134e-01
0.000000000000000000e+00 0.000000000000000000e+00 0.000000000000000000e+00 1.000000000000000000e+00
-6.546274572610855103e-02 5.179095268249511719e-01 -8.529271483421325684e-01 2.777089774608612061e-01
-9.854117035865783691e-01 1.010136827826499939e-01 1.369680464267730713e-01 -1.304262666963040829e-03
1.570942848920822144e-01 8.494503498077392578e-01 5.037413239479064941e-01 -1.530195623636245728e-01
0.000000000000000000e+00 0.000000000000000000e+00 0.000000000000000000e+00 1.000000000000000000e+00
-1.280014961957931519e-01 3.835109770298004150e-01 -9.146229028701782227e-01 2.953800559043884277e-01
-9.853685498237609863e-01 5.546490848064422607e-02 1.611593961715698242e-01 -1.286106370389461517e-02
1.125358268618583679e-01 9.218692183494567871e-01 3.708001375198364258e-01 -1.063185557723045349e-01
0.000000000000000000e+00 0.000000000000000000e+00 0.000000000000000000e+00 1.000000000000000000e+00
-1.940658539533615112e-01 2.923285961151123047e-01 -9.364200234413146973e-01 3.035851120948791504e-01
-9.745731949806213379e-01 5.153889954090118408e-02 2.180620133876800537e-01 -3.115989081561565399e-02
1.120078638195991516e-01 9.549281597137451172e-01 2.748935520648956299e-01 -7.641885429620742798e-02
0.000000000000000000e+00 0.000000000000000000e+00 0.000000000000000000e+00 1.000000000000000000e+00
-2.763405442237854004e-01 1.742221117019653320e-01 -9.451361894607543945e-01 3.096986413002014160e-01
-9.588102698326110840e-01 1.726860739290714264e-02 2.835218310356140137e-01 -5.252319946885108948e-02
6.571693718433380127e-02 9.845549464225769043e-01 1.622740775346755981e-01 -3.797044977545738220e-02
0.000000000000000000e+00 0.000000000000000000e+00 0.000000000000000000e+00 1.000000000000000000e+00
-1.811397671699523926e-01 -8.275580406188964844e-01 -5.313530564308166504e-01 1.721879392862319946e-01
-9.504371285438537598e-01 8.479141630232334137e-03 3.108009696006774902e-01 -5.848994851112365723e-02
-2.527004182338714600e-01 5.613161921501159668e-01 -7.880778908729553223e-01 2.785742282867431641e-01
0.000000000000000000e+00 0.000000000000000000e+00 0.000000000000000000e+00 1.000000000000000000e+00
-1.869153976440429688e-01 -8.274078965187072754e-01 -5.295838117599487305e-01 1.709620207548141479e-01
-9.691544175148010254e-01 6.716300547122955322e-02 2.371268421411514282e-01 -3.565062209963798523e-02
-1.606321185827255249e-01 5.575710535049438477e-01 -8.144397139549255371e-01 2.820109426975250244e-01
0.000000000000000000e+00 0.000000000000000000e+00 0.000000000000000000e+00 1.000000000000000000e+00
-9.801356494426727295e-02 -8.332728147506713867e-01 -5.441045165061950684e-01 1.681750416755676270e-01
-9.901449084281921387e-01 2.669575065374374390e-02 1.374788433313369751e-01 -1.967889023944735527e-03
-1.000320836901664734e-01 5.522171258926391602e-01 -8.276771903038024902e-01 2.820724844932556152e-01
0.000000000000000000e+00 0.000000000000000000e+00 0.000000000000000000e+00 1.000000000000000000e+00
1.991490274667739868e-02 -8.404571413993835449e-01 -5.415121316909790039e-01 1.573138535022735596e-01
-9.993936419486999512e-01 -3.220778331160545349e-02 1.323388423770666122e-02 3.995988517999649048e-02
-2.856335975229740143e-02 5.409201383590698242e-01 -8.405888676643371582e-01 2.811263501644134521e-01
0.000000000000000000e+00 0.000000000000000000e+00 0.000000000000000000e+00 1.000000000000000000e+00
5.391670763492584229e-02 -8.454966545104980469e-01 -5.312517881393432617e-01 1.510416865348815918e-01
-9.940502047538757324e-01 4.978097975254058838e-03 -1.088088601827621460e-01 7.880321890115737915e-02
9.464216232299804688e-02 5.339575409889221191e-01 -8.401977419853210449e-01 2.726770937442779541e-01
0.000000000000000000e+00 0.000000000000000000e+00 0.000000000000000000e+00 1.000000000000000000e+00
3.297118470072746277e-02 -8.578975796699523926e-01 -5.127618908882141113e-01 1.489447802305221558e-01
-9.817318320274353027e-01 6.839234381914138794e-02 -1.775533109903335571e-01 9.266180545091629028e-02
1.873915642499923706e-01 5.092487931251525879e-01 -8.399704098701477051e-01 2.689404487609863281e-01
0.000000000000000000e+00 0.000000000000000000e+00 0.000000000000000000e+00 1.000000000000000000e+00
-3.805340453982353210e-02 -8.524023294448852539e-01 -5.214996933937072754e-01 1.598409116268157959e-01
-9.943606853485107422e-01 8.399762958288192749e-02 -6.473799794912338257e-02 5.641734972596168518e-02
9.898756444454193115e-02 5.160953402519226074e-01 -8.507917523384094238e-01 2.874120473861694336e-01
0.000000000000000000e+00 0.000000000000000000e+00 0.000000000000000000e+00 1.000000000000000000e+00
-5.765999481081962585e-02 -8.348944783210754395e-01 -5.473813414573669434e-01 1.677768826484680176e-01
-9.931619763374328613e-01 -7.779962848871946335e-03 1.164841353893280029e-01 -6.795682711526751518e-04
-1.015105545520782471e-01 5.503548979759216309e-01 -8.287369012832641602e-01 2.987676858901977539e-01
0.000000000000000000e+00 0.000000000000000000e+00 0.000000000000000000e+00 1.000000000000000000e+00
1.193765103816986084e-01 -8.123801946640014648e-01 -5.707784295082092285e-01 1.620566397905349731e-01
-9.862152934074401855e-01 -1.633712202310562134e-01 2.625967934727668762e-02 2.743782475590705872e-02
-1.145815551280975342e-01 5.597755312919616699e-01 -8.206843137741088867e-01 2.994031012058258057e-01
0.000000000000000000e+00 0.000000000000000000e+00 0.000000000000000000e+00 1.000000000000000000e+00
2.056903690099716187e-01 -7.660776376724243164e-01 -6.089472174644470215e-01 1.605890840291976929e-01
-9.483565688133239746e-01 -3.095824420452117920e-01 6.912939995527267456e-02 1.292425394058227539e-02
-2.414777874946594238e-01 5.632798075675964355e-01 -7.901930212974548340e-01 2.955134510993957520e-01
0.000000000000000000e+00 0.000000000000000000e+00 0.000000000000000000e+00 1.000000000000000000e+00
3.192606270313262939e-01 -6.998932957649230957e-01 -6.389225721359252930e-01 1.543645858764648438e-01
-9.120222330093383789e-01 -4.100892245769500732e-01 -6.501669995486736298e-03 3.540067374706268311e-02
-2.574647665023803711e-01 5.847873687744140625e-01 -7.692435383796691895e-01 2.844045758247375488e-01
0.000000000000000000e+00 0.000000000000000000e+00 0.000000000000000000e+00 1.000000000000000000e+00
3.493286669254302979e-01 -6.971616148948669434e-01 -6.260473728179931641e-01 1.469740420579910278e-01
-9.220256805419921875e-01 -3.747320175170898438e-01 -9.718312323093414307e-02 6.503269821405410767e-02
-1.668476313352584839e-01 6.111806035041809082e-01 -7.737056016921997070e-01 2.772017717361450195e-01
0.000000000000000000e+00 0.000000000000000000e+00 0.000000000000000000e+00 1.000000000000000000e+00
3.683267831802368164e-01 -6.894417405128479004e-01 -6.237030029296875000e-01 1.452985107898712158e-01
-9.253726601600646973e-01 -3.364979624748229980e-01 -1.745120286941528320e-01 8.951586484909057617e-02
-8.955896645784378052e-02 6.414351463317871094e-01 -7.619317770004272461e-01 2.666449248790740967e-01
0.000000000000000000e+00 0.000000000000000000e+00 0.000000000000000000e+00 1.000000000000000000e+00
5.280717611312866211e-01 -5.857729911804199219e-01 -6.148253679275512695e-01 1.372412294149398804e-01
-8.441922664642333984e-01 -4.406220912933349609e-01 -3.052730858325958252e-01 1.255747526884078979e-01
-9.208485484123229980e-02 6.802368760108947754e-01 -7.271850705146789551e-01 2.546100616455078125e-01
0.000000000000000000e+00 0.000000000000000000e+00 0.000000000000000000e+00 1.000000000000000000e+00
6.752709746360778809e-01 -4.019071161746978760e-01 -6.184493899345397949e-01 1.342725306749343872e-01
-7.123967409133911133e-01 -5.725938081741333008e-01 -4.057424664497375488e-01 1.531630158424377441e-01
-1.910496056079864502e-01 7.145674824714660645e-01 -6.729732751846313477e-01 2.518124580383300781e-01
0.000000000000000000e+00 0.000000000000000000e+00 0.000000000000000000e+00 1.000000000000000000e+00
6.931533813476562500e-01 -3.159751892089843750e-01 -6.478410363197326660e-01 1.403465718030929565e-01
-6.514132022857666016e-01 -6.593531370162963867e-01 -3.753852248191833496e-01 1.430810540914535522e-01
-3.085436224937438965e-01 6.822117567062377930e-01 -6.628631949424743652e-01 2.601712644100189209e-01
0.000000000000000000e+00 0.000000000000000000e+00 0.000000000000000000e+00 1.000000000000000000e+00
7.434572577476501465e-01 -2.397670149803161621e-01 -6.243260502815246582e-01 1.371242403984069824e-01
-5.723524689674377441e-01 -7.110079526901245117e-01 -4.085097014904022217e-01 1.450567394495010376e-01
-3.459537029266357422e-01 6.610440611839294434e-01 -6.658352017402648926e-01 2.596259117126464844e-01
0.000000000000000000e+00 0.000000000000000000e+00 0.000000000000000000e+00 1.000000000000000000e+00
