1.000000000000000000e+00 0.000000000000000000e+00 0.000000000000000000e+00 -4.096739311332171507e-01
0.000000000000000000e+00 -1.000000000000000000e+00 0.000000000000000000e+00 -1.964994255000929863e-02
0.000000000000000000e+00 0.000000000000000000e+00 -1.000000000000000000e+00 -2.664639050480994698e+00
0.000000000000000000e+00 0.000000000000000000e+00 0.000000000000000000e+00 1.000000000000000000e+00
9.963850378990173340e-01 -8.240571618080139160e-02 -2.064260654151439667e-02 -4.512443134690782842e-01
-8.210204541683197021e-02 -9.965087771415710449e-01 1.515170093625783920e-02 5.618240627446906971e-02
-2.181912213563919067e-02 -1.340213604271411896e-02 -9.996721744537353516e-01 -2.716166390793949947e+00
0.000000000000000000e+00 0.000000000000000000e+00 0.000000000000000000e+00 1.000000000000000000e+00
9.858064651489257812e-01 -1.624137461185455322e-01 -4.251229017972946167e-02 -4.954891933820715910e-01
-1.603279560804367065e-01 -9.858667254447937012e-01 4.859589412808418274e-02 1.975631590490126988e-01
-4.980412498116493225e-02 -4.109021276235580444e-02 -9.979133605957031250e-01 -2.708421630247915601e+00
0.000000000000000000e+00 0.000000000000000000e+00 0.000000000000000000e+00 1.000000000000000000e+00
9.657678604125976562e-01 -2.556285262107849121e-01 -4.411862790584564209e-02 -4.803066536598488145e-01
-2.518585920333862305e-01 -9.647331237792968750e-01 7.652945816516876221e-02 3.241739516131774690e-01
-6.212586537003517151e-02 -6.279798597097396851e-02 -9.960904717445373535e-01 -2.703240612539847820e+00
0.000000000000000000e+00 0.000000000000000000e+00 0.000000000000000000e+00 1.000000000000000000e+00
9.364789128303527832e-01 -3.465959727764129639e-01 -5.364749580621719360e-02 -4.783158622302541851e-01
-3.384612500667572021e-01 -9.331954121589660645e-01 1.207890212535858154e-01 4.955625471976168317e-01
-9.192860871553421021e-02 -9.495870769023895264e-02 -9.912273287773132324e-01 -2.680697280429919171e+00
0.000000000000000000e+00 0.000000000000000000e+00 0.000000000000000000e+00 1.000000000000000000e+00
8.923673629760742188e-01 -4.495793581008911133e-01 -3.947381675243377686e-02 -4.102545053374019868e-01
-4.408947825431823730e-01 -8.871160149574279785e-01 1.365165263414382935e-01 5.764821809354938598e-01
-9.639296680688858032e-02 -1.044191569089889526e-01 -9.898512363433837891e-01 -2.685451973449077823e+00
0.000000000000000000e+00 0.000000000000000000e+00 0.000000000000000000e+00 1.000000000000000000e+00
8.445431590080261230e-01 -5.347413420677185059e-01 -2.824850194156169891e-02 -3.501698351401170695e-01
-5.238373279571533203e-01 -8.359632492065429688e-01 1.635837405920028687e-01 6.874356646689815387e-01
-1.110897511243820190e-01 -1.233558878302574158e-01 -9.861252903938293457e-01 -2.672948932685855539e+00
0.000000000000000000e+00 0.000000000000000000e+00 0.000000000000000000e+00 1.000000000000000000e+00
7.905281186103820801e-01 -6.123501062393188477e-01 -9.633735753595829010e-03 -2.686546747908835631e-01
-6.025585532188415527e-01 -7.805070877075195312e-01 1.665301918983459473e-01 7.330375746981372398e-01
-1.094939410686492920e-01 -1.258418262004852295e-01 -9.859890937805175781e-01 -2.682524267980255672e+00
0.000000000000000000e+00 0.000000000000000000e+00 0.000000000000000000e+00 1.000000000000000000e+00
7.172537446022033691e-01 -6.965785622596740723e-01 1.804811321198940277e-02 -1.408739037924298942e-01
-6.897599101066589355e-01 -7.060800790786743164e-01 1.602548509836196899e-01 7.444260316427978585e-01
-9.888671338558197021e-02 -1.273922324180603027e-01 -9.869105219841003418e-01 -2.694504957522697808e+00
0.000000000000000000e+00 0.000000000000000000e+00 0.000000000000000000e+00 1.000000000000000000e+00
6.455700397491455078e-01 -7.633652091026306152e-01 2.263936400413513184e-02 -7.981642170640457223e-02
-7.584000825881958008e-01 -6.373209953308105469e-01 1.365675181150436401e-01 6.973788257305770788e-01
-8.982235193252563477e-02 -1.053336188197135925e-01 -9.903717637062072754e-01 -2.720544152081683986e+00
0.000000000000000000e+00 0.000000000000000000e+00 0.000000000000000000e+00 1.000000000000000000e+00
5.479731559753417969e-01 -8.359102606773376465e-01 3.129954636096954346e-02 5.550692017816644510e-04
-8.341696858406066895e-01 -5.432782769203186035e-01 9.491781890392303467e-02 5.959220348731472106e-01
-6.233841553330421448e-02 -7.812153548002243042e-02 -9.949929118156433105e-01 -2.766992295922952039e+00
0.000000000000000000e+00 0.000000000000000000e+00 0.000000000000000000e+00 1.000000000000000000e+00
4.555475413799285889e-01 -8.870070576667785645e-01 7.545855641365051270e-02 1.868149633409377230e-01
-8.901770114898681641e-01 -4.531436264514923096e-01 4.739405214786529541e-02 4.654362923604535851e-01
-7.845303975045681000e-03 -8.876171708106994629e-02 -9.960219860076904297e-01 -2.809886078393447395e+00
0.000000000000000000e+00 0.000000000000000000e+00 0.000000000000000000e+00 1.000000000000000000e+00
3.520894348621368408e-01 -9.312857985496520996e-01 9.348351508378982544e-02 2.790563114447504600e-01
-9.358415007591247559e-01 -3.519146442413330078e-01 1.889829896390438080e-02 3.540989094532148163e-01
1.529848203063011169e-02 -9.413962066173553467e-02 -9.954413175582885742e-01 -2.818436302866295318e+00
0.000000000000000000e+00 0.000000000000000000e+00 0.000000000000000000e+00 1.000000000000000000e+00
2.703448832035064697e-01 -9.558969140052795410e-01 1.147783324122428894e-01 3.667628376240208987e-01
-9.595253467559814453e-01 -2.772837281227111816e-01 -4.924177005887031555e-02 1.193961134299904858e-01
7.889623194932937622e-02 -9.682045876979827881e-02 -9.921700358390808105e-01 -2.814909811264830086e+00
0.000000000000000000e+00 0.000000000000000000e+00 0.000000000000000000e+00 1.000000000000000000e+00
1.950711905956268311e-01 -9.701505899429321289e-01 1.440661847591400146e-01 4.659080932588003376e-01
-9.715777039527893066e-01 -2.112276554107666016e-01 -1.068663448095321655e-01 -7.479106151263927027e-02
1.341072171926498413e-01 -1.191249564290046692e-01 -9.837810993194580078e-01 -2.800289771787488835e+00
0.000000000000000000e+00 0.000000000000000000e+00 0.000000000000000000e+00 1.000000000000000000e+00
1.190512031316757202e-01 -9.837683439254760742e-01 1.342651695013046265e-01 4.534559976060569264e-01
-9.701547026634216309e-01 -1.440281718969345093e-01 -1.950785666704177856e-01 -3.584020905758778519e-01
2.112500220537185669e-01 -1.070336401462554932e-01 -9.715540409088134766e-01 -2.779579497870716231e+00
0.000000000000000000e+00 0.000000000000000000e+00 0.000000000000000000e+00 1.000000000000000000e+00
1.906681209802627563e-01 -9.728243947029113770e-01 1.313710361719131470e-01 4.367853570704342547e-01
-9.538570642471313477e-01 -2.152239680290222168e-01 -2.093680649995803833e-01 -3.948921726868115933e-01
2.319525033235549927e-01 -8.538944274187088013e-02 -9.689720273017883301e-01 -2.751786991290156248e+00
0.000000000000000000e+00 0.000000000000000000e+00 0.000000000000000000e+00 1.000000000000000000e+00
2.813260555267333984e-01 -9.518085122108459473e-01 1.221314072608947754e-01 3.873077900008304875e-01
-9.361796975135803223e-01 -3.001781105995178223e-01 -1.829203963279724121e-01 -2.969986077183620066e-01
2.107665389776229858e-01 -6.287670880556106567e-02 -9.755123853683471680e-01 -2.747682132990986403e+00
0.000000000000000000e+00 0.000000000000000000e+00 0.000000000000000000e+00 1.000000000000000000e+00
3.292636871337890625e-01 -9.343963861465454102e-01 1.359727978706359863e-01 4.118129745100951866e-01
-9.327209591865539551e-01 -3.442803919315338135e-01 -1.072505787014961243e-01 -5.379889721031595046e-02
1.470273882150650024e-01 -9.151104837656021118e-02 -9.848898053169250488e-01 -2.740178542527869077e+00
0.000000000000000000e+00 0.000000000000000000e+00 0.000000000000000000e+00 1.000000000000000000e+00
3.664871156215667725e-01 -9.160568714141845703e-01 1.628698706626892090e-01 4.752437416386997571e-01
-9.278020858764648438e-01 -3.729414939880371094e-01 -9.874096140265464783e-03 2.624196821791074385e-01
6.978614628314971924e-02 -1.474923193454742432e-01 -9.865980744361877441e-01 -2.706970746614073775e+00
0.000000000000000000e+00 0.000000000000000000e+00 0.000000000000000000e+00 1.000000000000000000e+00
4.031277596950531006e-01 -8.976951837539672852e-01 1.778513789176940918e-01 5.029007625090625710e-01
-9.150387644767761230e-01 -3.983409404754638672e-01 6.347341835498809814e-02 4.938882225172733786e-01
1.386565621942281723e-02 -1.883288472890853882e-01 -9.820083975791931152e-01 -2.661737835089930559e+00
0.000000000000000000e+00 0.000000000000000000e+00 0.000000000000000000e+00 1.000000000000000000e+00
4.610143899917602539e-01 -8.628221154212951660e-01 2.073708325624465942e-01 5.528251771793800673e-01
-8.861001133918762207e-01 -4.349900782108306885e-01 1.600320786237716675e-01 7.694744696998234712e-01
-4.787507280707359314e-02 -2.575284540653228760e-01 -9.650838375091552734e-01 -2.565166876933473894e+00
0.000000000000000000e+00 0.000000000000000000e+00 0.000000000000000000e+00 1.000000000000000000e+00
5.322444438934326172e-01 -8.242170810699462891e-01 1.933456063270568848e-01 4.611036623592691952e-01
-8.414011597633361816e-01 -4.897521734237670898e-01 2.284463047981262207e-01 9.399359125627508860e-01
-9.359772503376007080e-02 -2.842702269554138184e-01 -9.541642665863037109e-01 -2.499485005072103139e+00
0.000000000000000000e+00 0.000000000000000000e+00 0.000000000000000000e+00 1.000000000000000000e+00
5.942720174789428711e-01 -7.818029522895812988e-01 1.887477934360504150e-01 4.072210850938213778e-01
-7.940485477447509766e-01 -5.330498218536376953e-01 2.921384871006011963e-01 1.083463430896601798e+00
-1.277828216552734375e-01 -3.234842717647552490e-01 -9.375659227371215820e-01 -2.419539054153257318e+00
0.000000000000000000e+00 0.000000000000000000e+00 0.000000000000000000e+00 1.000000000000000000e+00
6.702833771705627441e-01 -7.244341969490051270e-01 1.609834432601928711e-01 2.788410105783934445e-01
-7.221724987030029297e-01 -5.868065953254699707e-01 3.662307262420654297e-01 1.230005023390296603e+00
-1.708440929651260376e-01 -3.617357909679412842e-01 -9.164924025535583496e-01 -2.320535423856072033e+00
0.000000000000000000e+00 0.000000000000000000e+00 0.000000000000000000e+00 1.000000000000000000e+00
7.338594794273376465e-01 -6.637676954269409180e-01 1.444391459226608276e-01 2.001322808107482976e-01
-6.486849188804626465e-01 -6.216443181037902832e-01 4.390506148338317871e-01 1.362057233196422468e+00
-2.016378790140151978e-01 -4.158970415592193604e-01 -8.867762088775634766e-01 -2.191567790447987996e+00
0.000000000000000000e+00 0.000000000000000000e+00 0.000000000000000000e+00 1.000000000000000000e+00
7.546839118003845215e-01 -6.438811421394348145e-01 1.259727180004119873e-01 1.326153157111856773e-01
-6.009687185287475586e-01 -6.013841032981872559e-01 5.264728665351867676e-01 1.547587529197863576e+00
-2.632280588150024414e-01 -4.730259776115417480e-01 -8.408074975013732910e-01 -1.997561773317392042e+00
0.000000000000000000e+00 0.000000000000000000e+00 0.000000000000000000e+00 1.000000000000000000e+00
7.841830849647521973e-01 -6.052161455154418945e-01 1.370052844285964966e-01 1.351822749550777580e-01
-5.396943092346191406e-01 -5.562332868576049805e-01 6.319286823272705078e-01 1.799375166406125492e+00
-3.062467873096466064e-01 -5.694885253906250000e-01 -7.628207802772521973e-01 -1.733471426558948814e+00
0.000000000000000000e+00 0.000000000000000000e+00 0.000000000000000000e+00 1.000000000000000000e+00
8.034379482269287109e-01 -5.801041722297668457e-01 1.340401619672775269e-01 1.134516501525995175e-01
-4.899869263172149658e-01 -5.163378119468688965e-01 7.023587822914123535e-01 1.971413458741398284e+00
-3.382313549518585205e-01 -6.299795508384704590e-01 -6.990887522697448730e-01 -1.519785765099332275e+00
0.000000000000000000e+00 0.000000000000000000e+00 0.000000000000000000e+00 1.000000000000000000e+00
8.347247838973999023e-01 -5.359692573547363281e-01 1.263787746429443359e-01 6.365853900246855324e-02
-4.186991155147552490e-01 -4.686767160892486572e-01 7.778386473655700684e-01 2.152007494315717917e+00
-3.576668500900268555e-01 -7.021958231925964355e-01 -6.156259775161743164e-01 -1.300833269117246171e+00
0.000000000000000000e+00 0.000000000000000000e+00 0.000000000000000000e+00 1.000000000000000000e+00
8.680475354194641113e-01 -4.887850582599639893e-01 8.707892894744873047e-02 -6.056503794599941287e-02
-3.304812014102935791e-01 -4.379670917987823486e-01 8.360425233840942383e-01 2.281087572585116519e+00
-3.705074489116668701e-01 -7.545028328895568848e-01 -5.417105555534362793e-01 -1.118369958446586265e+00
0.000000000000000000e+00 0.000000000000000000e+00 0.000000000000000000e+00 1.000000000000000000e+00
8.837144374847412109e-01 -4.648169875144958496e-01 5.472033098340034485e-02 -1.404375073552063258e-01
-2.374651581048965454e-01 -3.445493876934051514e-01 9.082374572753906250e-01 2.413553689856203555e+00
-4.033104181289672852e-01 -8.156169056892395020e-01 -4.148612916469573975e-01 -7.943952037193214855e-01
0.000000000000000000e+00 0.000000000000000000e+00 0.000000000000000000e+00 1.000000000000000000e+00
8.582451343536376953e-01 -5.127661824226379395e-01 2.204163372516632080e-02 -2.610180130777814966e-01
-9.848708659410476685e-02 -1.223913654685020447e-01 9.875831007957458496e-01 2.585777826643243404e+00
-5.037017464637756348e-01 -8.497591614723205566e-01 -1.555425673723220825e-01 -1.218451213309981740e-01
0.000000000000000000e+00 0.000000000000000000e+00 0.000000000000000000e+00 1.000000000000000000e+00
8.649587631225585938e-01 -5.006951093673706055e-01 3.391253948211669922e-02 -2.177699948018572140e-01
-1.003927439451217651e-01 -1.064279377460479736e-01 9.892389178276062012e-01 2.589279759735120923e+00
-4.916981756687164307e-01 -8.590559959411621094e-01 -1.423219591379165649e-01 -1.435521879002624179e-01
0.000000000000000000e+00 0.000000000000000000e+00 0.000000000000000000e+00 1.000000000000000000e+00
8.170971870422363281e-01 -5.758662223815917969e-01 2.703006565570831299e-02 -1.967102795077914912e-01
-1.122913435101509094e-01 -1.129917129874229431e-01 9.872303009033203125e-01 2.588532518791711645e+00
-5.654581785202026367e-01 -8.096978664398193359e-01 -1.569899022579193115e-01 -1.682025504528620596e-01
0.000000000000000000e+00 0.000000000000000000e+00 0.000000000000000000e+00 1.000000000000000000e+00
7.941448688507080078e-01 -6.054417490959167480e-01 5.267661437392234802e-02 -1.222165074249959432e-01
-2.493184655904769897e-01 -2.455206066370010376e-01 9.367818236351013184e-01 2.510330222053590354e+00
-5.542331933975219727e-01 -7.570735812187194824e-01 -3.459265232086181641e-01 -5.668386408016539146e-01
0.000000000000000000e+00 0.000000000000000000e+00 0.000000000000000000e+00 1.000000000000000000e+00
8.179131746292114258e-01 -5.692611336708068848e-01 8.342567086219787598e-02 -5.471941850682360969e-02
-3.096627593040466309e-01 -3.133602738380432129e-01 8.977273702621459961e-01 2.433504857482238215e+00
-4.848987758159637451e-01 -7.600967288017272949e-01 -4.325804114341735840e-01 -8.018196688720538035e-01
0.000000000000000000e+00 0.000000000000000000e+00 0.000000000000000000e+00 1.000000000000000000e+00
8.070309162139892578e-01 -5.827900767326354980e-01 9.516860544681549072e-02 -2.182739949650435579e-02
-3.677159249782562256e-01 -3.698739409446716309e-01 8.532162904739379883e-01 2.344289862793063062e+00
-4.620455801486968994e-01 -7.235671281814575195e-01 -5.128008127212524414e-01 -1.016322038744615242e+00
0.000000000000000000e+00 0.000000000000000000e+00 0.000000000000000000e+00 1.000000000000000000e+00
8.280624747276306152e-01 -5.553813576698303223e-01 7.657817751169204712e-02 -1.243996709720032456e-01
-4.573864042758941650e-01 -5.902419090270996094e-01 6.651405692100524902e-01 1.972487962520436122e+00
-3.242070674896240234e-01 -5.858038663864135742e-01 -7.427808046340942383e-01 -1.675593917918566600e+00
0.000000000000000000e+00 0.000000000000000000e+00 0.000000000000000000e+00 1.000000000000000000e+00
8.306804895401000977e-01 -5.544765591621398926e-01 5.025367066264152527e-02 -2.053681889061065580e-01
-4.676676392555236816e-01 -6.459450721740722656e-01 6.033587455749511719e-01 1.804295284442113179e+00
-3.020873367786407471e-01 -5.247002840042114258e-01 -7.958846688270568848e-01 -1.829062803714998298e+00
0.000000000000000000e+00 0.000000000000000000e+00 0.000000000000000000e+00 1.000000000000000000e+00
8.536940813064575195e-01 -5.182746648788452148e-01 5.096437036991119385e-02 -2.082290138270485313e-01
-4.617476761341094971e-01 -7.080446481704711914e-01 5.342864394187927246e-01 1.609014984196058373e+00
-2.408222258090972900e-01 -4.796497225761413574e-01 -8.437659740447998047e-01 -1.975884197655006336e+00
0.000000000000000000e+00 0.000000000000000000e+00 0.000000000000000000e+00 1.000000000000000000e+00
8.697027564048767090e-01 -4.932926595211029053e-01 1.672578230500221252e-02 -2.857990841585868469e-01
-4.599953889846801758e-01 -7.977806329727172852e-01 3.898075520992279053e-01 1.222031647954448852e+00
-1.789458245038986206e-01 -3.467103838920593262e-01 -9.207444190979003906e-01 -2.196690723141806245e+00
0.000000000000000000e+00 0.000000000000000000e+00 0.000000000000000000e+00 1.000000000000000000e+00
8.767781853675842285e-01 -4.807483851909637451e-01 1.188690587878227234e-02 -2.833607897747921767e-01
-4.673543274402618408e-01 -8.460049033164978027e-01 2.566233575344085693e-01 8.786451160125705595e-01
-1.133149564266204834e-01 -2.305572181940078735e-01 -9.664382934570312500e-01 -2.338496800328885961e+00
0.000000000000000000e+00 0.000000000000000000e+00 0.000000000000000000e+00 1.000000000000000000e+00
8.774216771125793457e-01 -4.795804321765899658e-01 1.157480385154485703e-02 -2.447401362341177500e-01
-4.795877635478973389e-01 -8.763571977615356445e-01 4.464239254593849182e-02 3.277801548939361931e-01
-1.126597356051206589e-02 -4.472133144736289978e-02 -9.989358186721801758e-01 -2.464853091540533114e+00
0.000000000000000000e+00 0.000000000000000000e+00 0.000000000000000000e+00 1.000000000000000000e+00
8.885975480079650879e-01 -4.586081504821777344e-01 8.509655483067035675e-03 -2.413111715790841050e-01
-4.577293097972869873e-01 -8.877877593040466309e-01 -4.813170433044433594e-02 6.873771147821484961e-02
2.962836436927318573e-02 3.887461125850677490e-02 -9.988046884536743164e-01 -2.487203266833479809e+00
0.000000000000000000e+00 0.000000000000000000e+00 0.000000000000000000e+00 1.000000000000000000e+00
8.954874873161315918e-01 -4.450013935565948486e-01 8.702648803591728210e-03 -2.362565853554173811e-01
-4.388045966625213623e-01 -8.859534263610839844e-01 -1.501239240169525146e-01 -2.225353095726742003e-01
7.451558858156204224e-02 1.306153684854507446e-01 -9.886290431022644043e-01 -2.480030250465711017e+00
0.000000000000000000e+00 0.000000000000000000e+00 0.000000000000000000e+00 1.000000000000000000e+00
8.981677293777465820e-01 -4.395309090614318848e-01 1.038400083780288696e-02 -2.291790953813327980e-01
-4.219951927661895752e-01 -8.684793114662170410e-01 -2.601228356361389160e-01 -5.398707471159484017e-01
1.233502626419067383e-01 2.292517274618148804e-01 -9.655197858810424805e-01 -2.436889503207789076e+00
0.000000000000000000e+00 0.000000000000000000e+00 0.000000000000000000e+00 1.000000000000000000e+00
9.010348916053771973e-01 -4.336041808128356934e-01 1.112324465066194534e-02 -2.250515756484561536e-01
-3.984321951866149902e-01 -8.375370502471923828e-01 -3.738757073879241943e-01 -8.881151040203377756e-01
1.714302897453308105e-01 3.324430584907531738e-01 -9.274122118949890137e-01 -2.344174231056596724e+00
0.000000000000000000e+00 0.000000000000000000e+00 0.000000000000000000e+00 1.000000000000000000e+00
9.053694009780883789e-01 -4.245290458202362061e-01 8.968424052000045776e-03 -2.413404382860857011e-01
-3.734055161476135254e-01 -8.060420751571655273e-01 -4.591993987560272217e-01 -1.152770434468452621e+00
2.021726816892623901e-01 4.123965203762054443e-01 -8.882880210876464844e-01 -2.255866659499770055e+00
0.000000000000000000e+00 0.000000000000000000e+00 0.000000000000000000e+00 1.000000000000000000e+00
9.170653820037841797e-01 -3.986200988292694092e-01 9.628821164369583130e-03 -2.670664256171075279e-01
-3.276576995849609375e-01 -7.671307325363159180e-01 -5.514984726905822754e-01 -1.435995585362873195e+00
2.272251993417739868e-01 5.026053786277770996e-01 -8.341203927993774414e-01 -2.132300242571112836e+00
0.000000000000000000e+00 0.000000000000000000e+00 0.000000000000000000e+00 1.000000000000000000e+00
9.113324880599975586e-01 -4.112670719623565674e-01 -1.822009682655334473e-02 -3.526868064345429765e-01
-3.293043076992034912e-01 -7.017208337783813477e-01 -6.317801475524902344e-01 -1.659568116468850496e+00
2.470451593399047852e-01 5.817617774009704590e-01 -7.749332189559936523e-01 -1.998645107122349218e+00
0.000000000000000000e+00 0.000000000000000000e+00 0.000000000000000000e+00 1.000000000000000000e+00
9.199847579002380371e-01 -3.908848166465759277e-01 -2.893590927124023438e-02 -4.019598687241674462e-01
-2.883683443069458008e-01 -6.250026822090148926e-01 -7.254071235656738281e-01 -1.937143568435712782e+00
2.654656171798706055e-01 6.757075786590576172e-01 -6.877117753028869629e-01 -1.776236483807841493e+00
0.000000000000000000e+00 0.000000000000000000e+00 0.000000000000000000e+00 1.000000000000000000e+00
9.290121197700500488e-01 -3.660948276519775391e-01 -5.394416302442550659e-02 -4.844914305920450248e-01
-2.620964646339416504e-01 -5.480611920356750488e-01 -7.943137884140014648e-01 -2.147371584902202812e+00
2.612295746803283691e-01 7.520662546157836914e-01 -6.051080822944641113e-01 -1.542596481431625532e+00
0.000000000000000000e+00 0.000000000000000000e+00 0.000000000000000000e+00 1.000000000000000000e+00
9.375894665718078613e-01 -3.437673449516296387e-01 -5.243767797946929932e-02 -4.991492046332751675e-01
-2.219129800796508789e-01 -4.753839671611785889e-01 -8.513309955596923828e-01 -2.328913330602127463e+00
2.677318751811981201e-01 8.098357319831848145e-01 -5.220015645027160645e-01 -1.323196551479916883e+00
0.000000000000000000e+00 0.000000000000000000e+00 0.000000000000000000e+00 1.000000000000000000e+00
9.488195776939392090e-01 -3.118764758110046387e-01 -4.974238201975822449e-02 -5.208792085745559408e-01
-1.817121356725692749e-01 -4.102868139743804932e-01 -8.936696648597717285e-01 -2.462433808155624071e+00
2.583058178424835205e-01 8.569697737693786621e-01 -4.459600150585174561e-01 -1.125341056956031593e+00
0.000000000000000000e+00 0.000000000000000000e+00 0.000000000000000000e+00 1.000000000000000000e+00
9.599580168724060059e-01 -2.762745916843414307e-01 -4.639708995819091797e-02 -5.365458130770502931e-01
-1.466287374496459961e-01 -3.543876111507415771e-01 -9.235311746597290039e-01 -2.566418952762766104e+00
2.387056797742843628e-01 8.933545947074890137e-01 -3.807072639465332031e-01 -9.412232201787689156e-01
0.000000000000000000e+00 0.000000000000000000e+00 0.000000000000000000e+00 1.000000000000000000e+00
9.658395051956176758e-01 -2.525993287563323975e-01 -5.786458030343055725e-02 -5.932835930203743668e-01
-1.291456371545791626e-01 -2.755925059318542480e-01 -9.525600075721740723e-01 -2.691065254267505757e+00
2.246688306331634521e-01 9.274924397468566895e-01 -2.988000214099884033e-01 -6.772788447863017369e-01
0.000000000000000000e+00 0.000000000000000000e+00 0.000000000000000000e+00 1.000000000000000000e+00
9.785498976707458496e-01 -2.008677273988723755e-01 -4.574406147003173828e-02 -5.895525621466413124e-01
-8.462360501289367676e-02 -1.894788146018981934e-01 -9.782310128211975098e-01 -2.803242455421149693e+00
1.878275275230407715e-01 9.611189961433410645e-01 -2.024127393960952759e-01 -3.514371949306204779e-01
0.000000000000000000e+00 0.000000000000000000e+00 0.000000000000000000e+00 1.000000000000000000e+00
9.941111803054809570e-01 -1.083605140447616577e-01 -7.002020138315856457e-04 -4.865594847484323582e-01
-1.505671534687280655e-02 -1.317272335290908813e-01 -9.911715984344482422e-01 -2.864017316316256334e+00
1.073116734623908997e-01 9.853451251983642578e-01 -1.325830519199371338e-01 -1.547559558848287664e-01
0.000000000000000000e+00 0.000000000000000000e+00 0.000000000000000000e+00 1.000000000000000000e+00
9.966544508934020996e-01 -8.054231852293014526e-02 1.387589424848556519e-02 -4.553325464850724313e-01
-6.630967371165752411e-03 -2.489083111286163330e-01 -9.685040116310119629e-01 -2.816570275792883660e+00
8.145944029092788696e-02 9.651720523834228516e-01 -2.486097067594528198e-01 -4.919969967407033518e-01
0.000000000000000000e+00 0.000000000000000000e+00 0.000000000000000000e+00 1.000000000000000000e+00
9.983637332916259766e-01 -2.614495716989040375e-02 5.085682868957519531e-02 -3.335882536940384391e-01
4.110287874937057495e-02 -2.902109920978546143e-01 -9.560790657997131348e-01 -2.878885976210884046e+00
3.975586593151092529e-02 9.566057920455932617e-01 -2.886615991592407227e-01 -5.937060986903155424e-01
0.000000000000000000e+00 0.000000000000000000e+00 0.000000000000000000e+00 1.000000000000000000e+00
9.900696277618408203e-01 4.289158061146736145e-02 1.338748633861541748e-01 -4.327030687240181195e-02
1.405352354049682617e-01 -2.784902453422546387e-01 -9.501014947891235352e-01 -2.972288334753911521e+00
-3.468547249212861061e-03 9.594808816909790039e-01 -2.817525267601013184e-01 -5.538077300514517853e-01
0.000000000000000000e+00 0.000000000000000000e+00 0.000000000000000000e+00 1.000000000000000000e+00
9.680020213127136230e-01 6.221876665949821472e-02 2.431064099073410034e-01 2.952071186966712668e-01
2.509112656116485596e-01 -2.551655769348144531e-01 -9.337741136550903320e-01 -3.016695362916303136e+00
3.934038337320089340e-03 9.648935198783874512e-01 -2.626121938228607178e-01 -4.845901226552319918e-01
0.000000000000000000e+00 0.000000000000000000e+00 0.000000000000000000e+00 1.000000000000000000e+00
9.759258031845092773e-01 -4.850508179515600204e-03 2.180488556623458862e-01 1.921437287678521566e-01
2.060933411121368408e-01 -3.066635429859161377e-01 -9.292381405830383301e-01 -2.991592702981367591e+00
7.137488573789596558e-02 9.518054127693176270e-01 -2.982812225818634033e-01 -6.408514696563095692e-01
0.000000000000000000e+00 0.000000000000000000e+00 0.000000000000000000e+00 1.000000000000000000e+00
9.868192076683044434e-01 -1.131570935249328613e-01 1.156870201230049133e-01 -1.621581983785255476e-01
6.626317650079727173e-02 -3.696567416191101074e-01 -9.268028140068054199e-01 -2.919003819283043200e+00
1.476387679576873779e-01 9.222525954246520996e-01 -3.572861850261688232e-01 -9.171989961437886363e-01
0.000000000000000000e+00 0.000000000000000000e+00 0.000000000000000000e+00 1.000000000000000000e+00
9.809974431991577148e-01 -1.919577121734619141e-01 2.821315452456474304e-02 -4.516386982986083098e-01
-3.324275836348533630e-02 -3.095578551292419434e-01 -9.502990245819091797e-01 -2.936575018985553953e+00
1.911508589982986450e-01 9.313033223152160645e-01 -3.100565969944000244e-01 -8.130433906456601134e-01
0.000000000000000000e+00 0.000000000000000000e+00 0.000000000000000000e+00 1.000000000000000000e+00
9.226760864257812500e-01 -3.754689097404479980e-01 -8.769978582859039307e-02 -7.868360365539508461e-01
-2.192047983407974243e-01 -3.236865997314453125e-01 -9.204217791557312012e-01 -2.751097013293853255e+00
3.172025680541992188e-01 8.684756755828857422e-01 -3.809624612331390381e-01 -1.126488201495170260e+00
0.000000000000000000e+00 0.000000000000000000e+00 0.000000000000000000e+00 1.000000000000000000e+00
8.763707280158996582e-01 -4.733049869537353516e-01 -8.919951319694519043e-02 -7.735700263636509089e-01
-2.757643759250640869e-01 -3.412521183490753174e-01 -8.986106514930725098e-01 -2.649177818813484464e+00
3.948775231838226318e-01 8.121144175529479980e-01 -4.295838773250579834e-01 -1.350680559029926009e+00
0.000000000000000000e+00 0.000000000000000000e+00 0.000000000000000000e+00 1.000000000000000000e+00
8.319374322891235352e-01 -5.512678623199462891e-01 -6.312429904937744141e-02 -6.733568894692729678e-01
-3.383762240409851074e-01 -4.138846099376678467e-01 -8.451044559478759766e-01 -2.456764379638902707e+00
4.397521317005157471e-01 7.244331240653991699e-01 -5.308616757392883301e-01 -1.698221135274727178e+00
0.000000000000000000e+00 0.000000000000000000e+00 0.000000000000000000e+00 1.000000000000000000e+00
8.032164573669433594e-01 -5.941375494003295898e-01 -4.292486608028411865e-02 -5.962163343633531953e-01
-4.198825955390930176e-01 -5.135788321495056152e-01 -7.482881546020507812e-01 -2.114046377237513319e+00
4.225411415100097656e-01 6.190608739852905273e-01 -6.619834303855895996e-01 -2.094883559615287272e+00
0.000000000000000000e+00 0.000000000000000000e+00 0.000000000000000000e+00 1.000000000000000000e+00
7.746933102607727051e-01 -6.321456432342529297e-01 -1.555288024246692657e-02 -5.030035799315665246e-01
-5.010821819305419922e-01 -5.987014770507812500e-01 -6.248782873153686523e-01 -1.679531977257143982e+00
3.857025802135467529e-01 4.918821454048156738e-01 -7.805669307708740234e-01 -2.434705727422656896e+00
0.000000000000000000e+00 0.000000000000000000e+00 0.000000000000000000e+00 1.000000000000000000e+00
7.543884515762329102e-01 -6.562991738319396973e-01 -1.302800793200731277e-02 -4.812994796991345026e-01
-5.616219043731689453e-01 -6.350325942039489746e-01 -5.303905010223388672e-01 -1.352919390255684862e+00
3.398215174674987793e-01 4.074371159076690674e-01 -8.476529717445373535e-01 -2.615370541173485108e+00
0.000000000000000000e+00 0.000000000000000000e+00 0.000000000000000000e+00 1.000000000000000000e+00
6.549260616302490234e-01 -7.556102275848388672e-01 -1.116801984608173370e-02 -4.155920490518024701e-01
-6.732200980186462402e-01 -5.766736268997192383e-01 -4.628415703773498535e-01 -1.073743220152664435e+00
3.432876467704772949e-01 3.106454312801361084e-01 -8.863707184791564941e-01 -2.752030920756173060e+00
0.000000000000000000e+00 0.000000000000000000e+00 0.000000000000000000e+00 1.000000000000000000e+00
5.868244767189025879e-01 -8.091550469398498535e-01 3.008441440761089325e-02 -2.434341374591561802e-01
-7.347792983055114746e-01 -5.477597117424011230e-01 -4.000729620456695557e-01 -8.346290845986110707e-01
3.402003049850463867e-01 2.126672565937042236e-01 -9.159896969795227051e-01 -2.854011373541355923e+00
0.000000000000000000e+00 0.000000000000000000e+00 0.000000000000000000e+00 1.000000000000000000e+00
5.400516986846923828e-01 -8.397235870361328125e-01 5.664300918579101562e-02 -1.201264126960994855e-01
-7.813999652862548828e-01 -5.252681374549865723e-01 -3.369089066982269287e-01 -6.000625158697918682e-01
3.126632869243621826e-01 1.376874744892120361e-01 -9.398322701454162598e-01 -2.915182757787894818e+00
0.000000000000000000e+00 0.000000000000000000e+00 0.000000000000000000e+00 1.000000000000000000e+00
5.071416497230529785e-01 -8.532843589782714844e-01 1.212963461875915527e-01 1.064593647547915356e-01
-8.149179816246032715e-01 -5.205600261688232422e-01 -2.548052668571472168e-01 -3.217771091236557024e-01
2.805635333061218262e-01 3.037580102682113647e-02 -9.593546986579895020e-01 -2.962876211222074563e+00
0.000000000000000000e+00 0.000000000000000000e+00 0.000000000000000000e+00 1.000000000000000000e+00
4.356637895107269287e-01 -8.840200304985046387e-01 1.694280058145523071e-01 3.102088325951393166e-01
-8.587434291839599609e-01 -4.646193087100982666e-01 -2.160759270191192627e-01 -1.701945117449883693e-01
2.697348594665527344e-01 -5.135879665613174438e-02 -9.615640640258789062e-01 -2.964284600356180466e+00
0.000000000000000000e+00 0.000000000000000000e+00 0.000000000000000000e+00 1.000000000000000000e+00
3.556077182292938232e-01 -8.956235051155090332e-01 2.672099769115447998e-01 6.743186420466478204e-01
-8.928824067115783691e-01 -4.100390374660491943e-01 -1.860887706279754639e-01 -5.214784404603629853e-02
2.762322127819061279e-01 -1.724126636981964111e-01 -9.454997181892395020e-01 -2.916896886569452008e+00
0.000000000000000000e+00 0.000000000000000000e+00 0.000000000000000000e+00 1.000000000000000000e+00
2.928603291511535645e-01 -8.829353451728820801e-01 3.669574260711669922e-01 1.021978009733892856e+00
-9.125812053680419922e-01 -3.726470470428466797e-01 -1.683150976896286011e-01 1.666605697961969987e-02
2.853568196296691895e-01 -2.855854928493499756e-01 -9.148835539817810059e-01 -2.829689894961956220e+00
0.000000000000000000e+00 0.000000000000000000e+00 0.000000000000000000e+00 1.000000000000000000e+00
2.688621580600738525e-01 -8.525979518890380859e-01 4.480956494808197021e-01 1.282316561260777643e+00
-9.333013296127319336e-01 -3.455860018730163574e-01 -9.756063669919967651e-02 2.487085834948198904e-01
2.380356192588806152e-01 -3.919779658317565918e-01 -8.886462450027465820e-01 -2.714216610695675325e+00
0.000000000000000000e+00 0.000000000000000000e+00 0.000000000000000000e+00 1.000000000000000000e+00
1.768002063035964966e-01 -7.727969288825988770e-01 6.095294952392578125e-01 1.829088874350458305e+00
-9.606845974922180176e-01 -2.701877057552337646e-01 -6.390339881181716919e-02 3.576308508363018057e-01
2.140718102455139160e-01 -5.742673873901367188e-01 -7.901836037635803223e-01 -2.399542080767766983e+00
0.000000000000000000e+00 0.000000000000000000e+00 0.000000000000000000e+00 1.000000000000000000e+00
1.396272182464599609e-01 -6.732758283615112305e-01 7.260878682136535645e-01 2.206245081589816248e+00
-9.724008440971374512e-01 -2.316531985998153687e-01 -2.781057544052600861e-02 4.725850951415220269e-01
1.869246810674667358e-01 -7.021653652191162109e-01 -6.870392560958862305e-01 -2.076384103438024820e+00
0.000000000000000000e+00 0.000000000000000000e+00 0.000000000000000000e+00 1.000000000000000000e+00
1.125496029853820801e-01 -5.772005915641784668e-01 8.088089227676391602e-01 2.467053969966051419e+00
-9.829447269439697266e-01 -1.838171929121017456e-01 5.601602140814065933e-03 5.765915214908209352e-01
1.454396992921829224e-01 -7.956447601318359375e-01 -5.880445837974548340e-01 -1.757542905029512159e+00
0.000000000000000000e+00 0.000000000000000000e+00 0.000000000000000000e+00 1.000000000000000000e+00
7.774989306926727295e-02 -5.046632885932922363e-01 8.598078489303588867e-01 2.641858129951346168e+00
-9.905070662498474121e-01 -1.371623873710632324e-01 9.061180986464023590e-03 5.958881634455979182e-01
1.133603826165199280e-01 -8.523503541946411133e-01 -5.105375051498413086e-01 -1.508417934543342165e+00
0.000000000000000000e+00 0.000000000000000000e+00 0.000000000000000000e+00 1.000000000000000000e+00
1.551199704408645630e-01 -5.118153095245361328e-01 8.449750542640686035e-01 2.534237774048609282e+00
-9.875954389572143555e-01 -1.014305055141448975e-01 1.198638975620269775e-01 9.280893290389562456e-01
2.435803413391113281e-02 -8.530864715576171875e-01 -5.212003588676452637e-01 -1.474018361068769822e+00
0.000000000000000000e+00 0.000000000000000000e+00 0.000000000000000000e+00 1.000000000000000000e+00
2.665154337882995605e-01 -5.780177116394042969e-01 7.712746858596801758e-01 2.242426664670199354e+00
-9.589688777923583984e-01 -7.875236123800277710e-02 2.723539471626281738e-01 1.362007564300627305e+00
-9.668567031621932983e-02 -8.122154474258422852e-01 -5.752899646759033203e-01 -1.540860139616115454e+00
0.000000000000000000e+00 0.000000000000000000e+00 0.000000000000000000e+00 1.000000000000000000e+00
3.205688595771789551e-01 -6.207255125045776367e-01 7.154965996742248535e-01 2.047534747595432858e+00
-9.288250207901000977e-01 -5.782912299036979675e-02 3.659788370132446289e-01 1.614330659799393386e+00
-1.857956498861312866e-01 -7.818921208381652832e-01 -5.950831174850463867e-01 -1.538954647616591398e+00
0.000000000000000000e+00 0.000000000000000000e+00 0.000000000000000000e+00 1.000000000000000000e+00
3.627644479274749756e-01 -6.411834955215454102e-01 6.762288212776184082e-01 1.904857119256301079e+00
-8.900780677795410156e-01 -2.350047789514064789e-02 4.552016854286193848e-01 1.844690583484950963e+00
-2.759761512279510498e-01 -7.670276165008544922e-01 -5.792285799980163574e-01 -1.424583598929500816e+00
0.000000000000000000e+00 0.000000000000000000e+00 0.000000000000000000e+00 1.000000000000000000e+00
4.217289090156555176e-01 -6.390782594680786133e-01 6.432138085365295410e-01 1.758322287251200766e+00
-8.399944901466369629e-01 -8.271342143416404724e-03 5.425320863723754883e-01 2.058119760285446631e+00
-3.413999974727630615e-01 -7.690975069999694824e-01 -5.403106212615966797e-01 -1.248611943954706760e+00
0.000000000000000000e+00 0.000000000000000000e+00 0.000000000000000000e+00 1.000000000000000000e+00
5.161597728729248047e-01 -6.459220647811889648e-01 5.624625682830810547e-01 1.470166118757548324e+00
-7.331439256668090820e-01 6.316791288554668427e-03 6.800441741943359375e-01 2.358641690233109767e+00
-4.428084194660186768e-01 -7.633775472640991211e-01 -4.702931344509124756e-01 -9.457252916751462957e-01
0.000000000000000000e+00 0.000000000000000000e+00 0.000000000000000000e+00 1.000000000000000000e+00
6.256426572799682617e-01 -6.775451898574829102e-01 3.866565525531768799e-01 8.811844881752621816e-01
-5.782751441001892090e-01 -7.012154906988143921e-02 8.128228187561035156e-01 2.661779791297633757e+00
-5.236111283302307129e-01 -7.321307659149169922e-01 -4.356786012649536133e-01 -7.765043984692835410e-01
0.000000000000000000e+00 0.000000000000000000e+00 0.000000000000000000e+00 1.000000000000000000e+00
6.291431784629821777e-01 -7.287941575050354004e-01 2.702555358409881592e-01 5.751849068363098505e-01
-4.951127171516418457e-01 -1.077158674597740173e-01 8.621257543563842773e-01 2.751028450460625940e+00
-5.992012023925781250e-01 -6.762074232101440430e-01 -4.286039173603057861e-01 -7.095616954850650915e-01
0.000000000000000000e+00 0.000000000000000000e+00 0.000000000000000000e+00 1.000000000000000000e+00
5.977433323860168457e-01 -7.753735184669494629e-01 2.037118822336196899e-01 4.337562442726969891e-01
-4.026274681091308594e-01 -7.061513513326644897e-02 9.126360416412353516e-01 2.840639968501233348e+00
-6.932487487792968750e-01 -6.275422573089599609e-01 -3.543964624404907227e-01 -4.744248312541076151e-01
0.000000000000000000e+00 0.000000000000000000e+00 0.000000000000000000e+00 1.000000000000000000e+00
4.373665452003479004e-01 -8.972368240356445312e-01 6.062834709882736206e-02 1.775941225441317606e-01
-2.213270515203475952e-01 -4.205285385251045227e-02 9.742924571037292480e-01 2.921209264062309963e+00
-8.716221451759338379e-01 -4.395416080951690674e-01 -2.169754654169082642e-01 -7.606661078345929028e-02
0.000000000000000000e+00 0.000000000000000000e+00 0.000000000000000000e+00 1.000000000000000000e+00
2.975828349590301514e-01 -9.497271180152893066e-01 -9.727975726127624512e-02 -2.305221388744083666e-01
-2.676043808460235596e-01 -1.807904541492462158e-01 9.464158415794372559e-01 2.931159323581654874e+00
-9.164239168167114258e-01 -2.556044459342956543e-01 -3.079512715339660645e-01 -3.901565481555436810e-01
0.000000000000000000e+00 0.000000000000000000e+00 0.000000000000000000e+00 1.000000000000000000e+00
3.059025108814239502e-01 -9.518351554870605469e-01 2.082101255655288696e-02 1.323060492272103705e-01
-3.746536374092102051e-01 -1.002443507313728333e-01 9.217297434806823730e-01 2.875425579671459175e+00
-8.752475380897521973e-01 -2.897602021694183350e-01 -3.872736990451812744e-01 -6.201331935285476771e-01
0.000000000000000000e+00 0.000000000000000000e+00 0.000000000000000000e+00 1.000000000000000000e+00
2.826431691646575928e-01 -9.585013985633850098e-01 3.725964948534965515e-02 2.311442458844942538e-01
-4.662339687347412109e-01 -1.033293455839157104e-01 8.786063194274902344e-01 2.781976587554046088e+00
-8.382951021194458008e-01 -2.657037079334259033e-01 -4.760910868644714355e-01 -9.083574498001859565e-01
0.000000000000000000e+00 0.000000000000000000e+00 0.000000000000000000e+00 1.000000000000000000e+00
1.674297302961349487e-01 -9.838356375694274902e-01 6.352077424526214600e-02 3.547333414930023410e-01
-4.821468889713287354e-01 -2.551171556115150452e-02 8.757188320159912109e-01 2.769388833729661936e+00
-8.599428534507751465e-01 -1.772476136684417725e-01 -4.786244928836822510e-01 -9.272714343036068119e-01
0.000000000000000000e+00 0.000000000000000000e+00 0.000000000000000000e+00 1.000000000000000000e+00
