-0.2019115537405014 0.8247210383415222 0.528268039226532 -0.1484236717224121 
-0.8647233843803406 0.1031482666730881 -0.4915424585342407 0.202461913228035 
-0.4598752558231354 -0.5560538172721863 0.6923286318778992 -0.2138915807008743 
0 0 0 1 

-0.1953135430812836 0.7524476051330566 0.6290268898010254 -0.1883221417665482 
-0.8994386196136475 0.1182615011930466 -0.4207422435283661 0.179146870970726 
-0.3909761905670166 -0.6479479074478149 0.6536826491355896 -0.2010340392589569 
0 0 0 1 

-0.1677318811416626 0.7244226336479187 0.6686388254165649 -0.2039627283811569 
-0.9330400824546814 0.102320559322834 -0.3449154198169708 0.155121773481369 
-0.318280041217804 -0.6817201375961304 0.6587529182434082 -0.2032897621393204 
0 0 0 1 

-0.1094960719347 0.7101182341575623 0.6955161094665527 -0.2158104628324509 
-0.962298572063446 0.09954081475734711 -0.2531265914440155 0.1244886592030525 
-0.2489820569753647 -0.6970105171203613 0.6724464297294617 -0.2059014737606049 
0 0 0 1 

-0.1450720131397247 0.6127641201019287 0.776836097240448 -0.2441750317811966 
-0.9654245376586914 0.08420272916555405 -0.2467090487480164 0.1242297738790512 
-0.2165862023830414 -0.7857671976089478 0.5793620347976685 -0.1700973212718964 
0 0 0 1 

-0.2028152495622635 0.5796898603439331 0.7891928553581238 -0.2472967654466629 
-0.9734981060028076 -0.03238898888230324 -0.2263891845941544 0.1198956072330475 
-0.1056742072105408 -0.814193069934845 0.5708962082862854 -0.1658087521791458 
0 0 0 1 

-0.2491473257541656 0.4511163532733917 0.8569827079772949 -0.2618105709552765 
-0.9652462005615234 -0.0435776449739933 -0.2576830983161926 0.130510538816452 
-0.07889970391988754 -0.8914005160331726 0.4462957978248596 -0.1219400838017464 
0 0 0 1 

-0.3367641270160675 0.3408771753311157 0.877720057964325 -0.2576445937156677 
-0.941544771194458 -0.1309399157762527 -0.3103997111320496 0.1466122269630432 
0.009120481088757515 -0.9309442639350891 0.3650471270084381 -0.1005429923534393 
0 0 0 1 

-0.3648402988910675 0.3641999065876007 0.8568837642669678 -0.243264377117157 
-0.9267723560333252 -0.2303773164749146 -0.296680212020874 0.1397642642259598 
0.08935575187206268 -0.902377188205719 0.4215814769268036 -0.1257655769586563 
0 0 0 1 

-0.3464516401290894 0.397955060005188 0.8494722843170166 -0.2393557727336884 
-0.9340636134147644 -0.2299312949180603 -0.2732349932193756 0.1309740096330643 
0.08658499270677567 -0.8881235122680664 0.4513752162456512 -0.1378215253353119 
0 0 0 1 

