1.000000000000000000e+00 0.000000000000000000e+00 0.000000000000000000e+00 -4.542167112231254578e-02
0.000000000000000000e+00 1.000000000000000000e+00 0.000000000000000000e+00 9.935460984706878662e-04
0.000000000000000000e+00 0.000000000000000000e+00 1.000000000000000000e+00 -2.875000238418579102e-01
0.000000000000000000e+00 0.000000000000000000e+00 0.000000000000000000e+00 1.000000000000000000e+00
9.965709447860717773e-01 8.155599236488342285e-02 1.395992655307054520e-02 -4.818543791770935059e-02
-8.131843060255050659e-02 9.965463280677795410e-01 -1.681472361087799072e-02 9.514573030173778534e-03
-1.528304908424615860e-02 1.562186796218156815e-02 9.997612237930297852e-01 -2.934662103652954102e-01
0.000000000000000000e+00 0.000000000000000000e+00 0.000000000000000000e+00 1.000000000000000000e+00
9.860860109329223633e-01 1.634654849767684937e-01 3.022224269807338715e-02 -5.134114623069763184e-02
-1.617798060178756714e-01 9.854725003242492676e-01 -5.168130993843078613e-02 2.514235116541385651e-02
-3.823135048151016235e-02 4.607281088829040527e-02 9.982063174247741699e-01 -2.926276624202728271e-01
0.000000000000000000e+00 0.000000000000000000e+00 0.000000000000000000e+00 1.000000000000000000e+00
9.660823941230773926e-01 2.557507753372192383e-01 3.572538495063781738e-02 -5.074718967080116272e-02
-2.525335550308227539e-01 9.645795822143554688e-01 -7.624299824237823486e-02 3.778238222002983093e-02
-5.395919457077980042e-02 6.463515758514404297e-02 9.964491128921508789e-01 -2.919827699661254883e-01
0.000000000000000000e+00 0.000000000000000000e+00 0.000000000000000000e+00 1.000000000000000000e+00
9.376825690269470215e-01 3.441488146781921387e-01 4.809349402785301208e-02 -5.157585814595222473e-02
-3.366019129753112793e-01 9.339308738708496094e-01 -1.202986389398574829e-01 5.613542720675468445e-02
-8.631671965122222900e-02 9.661354869604110718e-02 9.915719628334045410e-01 -2.895162999629974365e-01
0.000000000000000000e+00 0.000000000000000000e+00 0.000000000000000000e+00 1.000000000000000000e+00
8.932330012321472168e-01 4.485839307308197021e-01 3.012484684586524963e-02 -4.299150034785270691e-02
-4.408873319625854492e-01 8.870887160301208496e-01 -1.367180645465850830e-01 6.527800858020782471e-02
-8.805296570062637329e-02 1.088393703103065491e-01 9.901518225669860840e-01 -2.901110351085662842e-01
0.000000000000000000e+00 0.000000000000000000e+00 0.000000000000000000e+00 1.000000000000000000e+00
8.465785980224609375e-01 5.321298241615295410e-01 1.192688569426536560e-02 -3.449298441410064697e-02
-5.232109427452087402e-01 8.360865116119384766e-01 -1.649520844221115112e-01 7.764755934476852417e-02
-9.774787724018096924e-02 1.334045976400375366e-01 9.862294197082519531e-01 -2.889108359813690186e-01
0.000000000000000000e+00 0.000000000000000000e+00 0.000000000000000000e+00 1.000000000000000000e+00
7.948786616325378418e-01 6.066992878913879395e-01 -9.153227321803569794e-03 -2.499809674918651581e-02
-5.992634892463684082e-01 7.825923562049865723e-01 -1.686190366744995117e-01 8.255393058061599731e-02
-9.513784199953079224e-02 1.395168453454971313e-01 9.856386780738830566e-01 -2.898625135421752930e-01
0.000000000000000000e+00 0.000000000000000000e+00 0.000000000000000000e+00 1.000000000000000000e+00
7.229019403457641602e-01 6.901310682296752930e-01 -3.363984450697898865e-02 -1.204114314168691635e-02
-6.851567029953002930e-01 7.096984982490539551e-01 -1.639758199453353882e-01 8.397082239389419556e-02
-8.929068595170974731e-02 1.415869891643524170e-01 9.858906865119934082e-01 -2.906393408775329590e-01
0.000000000000000000e+00 0.000000000000000000e+00 0.000000000000000000e+00 1.000000000000000000e+00
6.480746865272521973e-01 7.607315778732299805e-01 -3.586602956056594849e-02 -6.340961437672376633e-03
-7.569833397865295410e-01 6.382867097854614258e-01 -1.398780196905136108e-01 7.925193011760711670e-02
-8.351687341928482056e-02 1.178013682365417480e-01 9.895188808441162109e-01 -2.934265732765197754e-01
0.000000000000000000e+00 0.000000000000000000e+00 0.000000000000000000e+00 1.000000000000000000e+00
5.486099720001220703e-01 8.348556756973266602e-01 -4.519836977124214172e-02 2.785670803859829903e-03
-8.342721462249755859e-01 5.430728197097778320e-01 -9.519378095865249634e-02 6.696160882711410522e-02
-5.492706969380378723e-02 8.993200957775115967e-02 9.944320917129516602e-01 -2.984057664871215820e-01
0.000000000000000000e+00 0.000000000000000000e+00 0.000000000000000000e+00 1.000000000000000000e+00
4.596240520477294922e-01 8.831155300140380859e-01 -9.408935904502868652e-02 2.407080680131912231e-02
-8.880975246429443359e-01 4.563911855220794678e-01 -5.468039959669113159e-02 5.488415807485580444e-02
-5.347564350813627243e-03 1.086929365992546082e-01 9.940609335899353027e-01 -3.023000657558441162e-01
0.000000000000000000e+00 0.000000000000000000e+00 0.000000000000000000e+00 1.000000000000000000e+00
3.530454933643341064e-01 9.291763305664062500e-01 -1.095010340213775635e-01 3.341825678944587708e-02
-9.353342056274414062e-01 3.533392250537872314e-01 -1.736149750649929047e-02 4.073313996195793152e-02
2.255912125110626221e-02 1.085494384169578552e-01 9.938350915908813477e-01 -3.035588562488555908e-01
0.000000000000000000e+00 0.000000000000000000e+00 0.000000000000000000e+00 1.000000000000000000e+00
2.730887234210968018e-01 9.536708593368530273e-01 -1.262309253215789795e-01 4.113392159342765808e-02
-9.586390256881713867e-01 2.807255089282989502e-01 4.694774746894836426e-02 1.669026538729667664e-02
8.020894229412078857e-02 1.081890389323234558e-01 9.908891916275024414e-01 -3.034099042415618896e-01
0.000000000000000000e+00 0.000000000000000000e+00 0.000000000000000000e+00 1.000000000000000000e+00
1.917512863874435425e-01 9.686938524246215820e-01 -1.576822698116302490e-01 5.273347720503807068e-02
-9.726535081863403320e-01 2.090197056531906128e-01 1.012706384062767029e-01 -3.522235201671719551e-03
1.310589164495468140e-01 1.339514255523681641e-01 9.822831749916076660e-01 -3.016178905963897705e-01
0.000000000000000000e+00 0.000000000000000000e+00 0.000000000000000000e+00 1.000000000000000000e+00
1.135265305638313293e-01 9.803763031959533691e-01 -1.611652523279190063e-01 5.557663366198539734e-02
-9.705746769905090332e-01 1.441058069467544556e-01 1.929199099540710449e-01 -3.461599349975585938e-02
2.123589366674423218e-01 1.345213502645492554e-01 9.678882360458374023e-01 -2.985107004642486572e-01
0.000000000000000000e+00 0.000000000000000000e+00 0.000000000000000000e+00 1.000000000000000000e+00
1.870873719453811646e-01 9.717583060264587402e-01 -1.438195109367370605e-01 4.922595992684364319e-02
-9.544997811317443848e-01 2.144356817007064819e-01 2.072376757860183716e-01 -3.874078392982482910e-02
2.322248965501785278e-01 9.850414097309112549e-02 9.676613211631774902e-01 -2.965386509895324707e-01
0.000000000000000000e+00 0.000000000000000000e+00 0.000000000000000000e+00 1.000000000000000000e+00
2.717826068401336670e-01 9.514605998992919922e-01 -1.444189697504043579e-01 4.699898883700370789e-02
-9.384381771087646484e-01 2.952767908573150635e-01 1.792913377285003662e-01 -2.769251912832260132e-02
2.132321745157241821e-01 8.680006861686706543e-02 9.731381535530090332e-01 -2.955433130264282227e-01
0.000000000000000000e+00 0.000000000000000000e+00 0.000000000000000000e+00 1.000000000000000000e+00
3.256397545337677002e-01 9.334312677383422852e-01 -1.505479067564010620e-01 4.715168848633766174e-02
-9.334427118301391602e-01 3.427288532257080078e-01 1.059318780899047852e-01 -1.976017374545335770e-03
1.504772454500198364e-01 1.060322150588035583e-01 9.829108715057373047e-01 -2.951427698135375977e-01
0.000000000000000000e+00 0.000000000000000000e+00 0.000000000000000000e+00 1.000000000000000000e+00
3.592549860477447510e-01 9.139607548713684082e-01 -1.887099444866180420e-01 5.742618069052696228e-02
-9.298313856124877930e-01 3.678139448165893555e-01 1.123886276036500931e-02 3.090708889067173004e-02
7.968202978372573853e-02 1.714308559894561768e-01 9.819685220718383789e-01 -2.907086014747619629e-01
0.000000000000000000e+00 0.000000000000000000e+00 0.000000000000000000e+00 1.000000000000000000e+00
4.024269878864288330e-01 8.935595154762268066e-01 -1.990071833133697510e-01 5.857375264167785645e-02
-9.152522087097167969e-01 3.972584605216979980e-01 -6.707359105348587036e-02 5.759102106094360352e-02
1.912303082644939423e-02 2.091340273618698120e-01 9.777000546455383301e-01 -2.858824431896209717e-01
0.000000000000000000e+00 0.000000000000000000e+00 0.000000000000000000e+00 1.000000000000000000e+00
4.561258256435394287e-01 8.598735332489013672e-01 -2.292736172676086426e-01 6.431695073843002319e-02
-8.889601826667785645e-01 4.283228516578674316e-01 -1.621391475200653076e-01 8.635208010673522949e-02
-4.121610149741172791e-02 2.777709960937500000e-01 9.597627520561218262e-01 -2.752377688884735107e-01
0.000000000000000000e+00 0.000000000000000000e+00 0.000000000000000000e+00 1.000000000000000000e+00
5.331842303276062012e-01 8.192322850227355957e-01 -2.111232429742813110e-01 5.320465192198753357e-02
-8.416372537612915039e-01 4.883438646793365479e-01 -2.305795103311538696e-01 1.048850268125534058e-01
-8.579748868942260742e-02 3.006305098533630371e-01 9.498737454414367676e-01 -2.684529721736907959e-01
0.000000000000000000e+00 0.000000000000000000e+00 0.000000000000000000e+00 1.000000000000000000e+00
5.941025018692016602e-01 7.779620885848999023e-01 -2.044925093650817871e-01 4.689345508813858032e-02
-7.951278686523437500e-01 5.295023322105407715e-01 -2.956329584121704102e-01 1.209983751177787781e-01
-1.217120066285133362e-01 3.382339477539062500e-01 9.331580400466918945e-01 -2.599025070667266846e-01
0.000000000000000000e+00 0.000000000000000000e+00 0.000000000000000000e+00 1.000000000000000000e+00
6.747447252273559570e-01 7.150109410285949707e-01 -1.829718500375747681e-01 3.440672159194946289e-02
-7.205783128738403320e-01 5.845810174942016602e-01 -3.728695213794708252e-01 1.371628791093826294e-01
-1.596440374851226807e-01 3.834372758865356445e-01 9.096645712852478027e-01 -2.488958835601806641e-01
0.000000000000000000e+00 0.000000000000000000e+00 0.000000000000000000e+00 1.000000000000000000e+00
7.369532585144042969e-01 6.562741994857788086e-01 -1.618765890598297119e-01 2.463386580348014832e-02
-6.477370858192443848e-01 6.171919703483581543e-01 -4.466662406921386719e-01 1.518484801054000854e-01
-1.932266205549240112e-01 4.340255856513977051e-01 8.799347877502441406e-01 -2.349141687154769897e-01
0.000000000000000000e+00 0.000000000000000000e+00 0.000000000000000000e+00 1.000000000000000000e+00
7.668662667274475098e-01 6.250161528587341309e-01 -1.458448767662048340e-01 1.775659434497356415e-02
-5.930519104003906250e-01 6.031970381736755371e-01 -5.333313941955566406e-01 1.716032624244689941e-01
-2.453676909208297729e-01 4.954874515533447266e-01 8.332387804985046387e-01 -2.140787243843078613e-01
0.000000000000000000e+00 0.000000000000000000e+00 0.000000000000000000e+00 1.000000000000000000e+00
7.949602007865905762e-01 5.882973670959472656e-01 -1.481362134218215942e-01 1.527744904160499573e-02
-5.317046642303466797e-01 5.580721497535705566e-01 -6.370599269866943359e-01 1.981686949729919434e-01
-2.921101152896881104e-01 5.852019190788269043e-01 7.564457654953002930e-01 -1.857076734304428101e-01
0.000000000000000000e+00 0.000000000000000000e+00 0.000000000000000000e+00 1.000000000000000000e+00
8.182801604270935059e-01 5.559776425361633301e-01 -1.459670513868331909e-01 1.266642473638057709e-02
-4.788210690021514893e-01 5.187815427780151367e-01 -7.082344293594360352e-01 2.168608158826828003e-01
-3.180375695228576660e-01 6.494262218475341797e-01 6.907225251197814941e-01 -1.625533252954483032e-01
0.000000000000000000e+00 0.000000000000000000e+00 0.000000000000000000e+00 1.000000000000000000e+00
8.462577462196350098e-01 5.141426920890808105e-01 -1.396607160568237305e-01 8.063291199505329132e-03
-4.121767580509185791e-01 4.657098948955535889e-01 -7.830864787101745605e-01 2.361755073070526123e-01
-3.375768661499023438e-01 7.202579379081726074e-01 6.060283780097961426e-01 -1.385338753461837769e-01
0.000000000000000000e+00 0.000000000000000000e+00 0.000000000000000000e+00 1.000000000000000000e+00
8.770707845687866211e-01 4.699923098087310791e-01 -9.926761686801910400e-02 -5.642824340611696243e-03
-3.244591653347015381e-01 4.272418320178985596e-01 -8.439137935638427734e-01 2.506335675716400146e-01
-3.542217910289764404e-01 7.723804116249084473e-01 5.272146463394165039e-01 -1.178628429770469666e-01
0.000000000000000000e+00 0.000000000000000000e+00 0.000000000000000000e+00 1.000000000000000000e+00
9.011188745498657227e-01 4.277850389480590820e-01 -7.060291618108749390e-02 -1.403479184955358505e-02
-2.252125144004821777e-01 3.226765692234039307e-01 -9.193254709243774414e-01 2.646372616291046143e-01
-3.704917132854461670e-01 8.443221449851989746e-01 3.871124684810638428e-01 -7.989041507244110107e-02
0.000000000000000000e+00 0.000000000000000000e+00 0.000000000000000000e+00 1.000000000000000000e+00
9.042527675628662109e-01 4.261725842952728271e-01 -2.652867697179317474e-02 -3.120972961187362671e-02
-8.839897811412811279e-02 1.260585486888885498e-01 -9.880763292312622070e-01 2.818137407302856445e-01
-4.177469313144683838e-01 8.958158493041992188e-01 1.516619920730590820e-01 -1.532844919711351395e-02
0.000000000000000000e+00 0.000000000000000000e+00 0.000000000000000000e+00 1.000000000000000000e+00
9.005661010742187500e-01 4.328963458538055420e-01 -3.976820036768913269e-02 -2.484489791095256805e-02
-9.731840342283248901e-02 1.116015613079071045e-01 -9.889762401580810547e-01 2.815661430358886719e-01
-4.236860275268554688e-01 8.945086002349853516e-01 1.426333934068679810e-01 -1.829537376761436462e-02
0.000000000000000000e+00 0.000000000000000000e+00 0.000000000000000000e+00 1.000000000000000000e+00
