0.9835770130157471 -0.07296741753816605 -0.1650817096233368 0.0005910501931793988 
-0.1766499727964401 -0.2015434950590134 -0.9634183645248413 0.3071803450584412 
0.03702701255679131 0.9767578840255737 -0.2111232727766037 0.09595243632793427 
0 0 0 1 

0.9887751936912537 -0.08064951747655869 -0.1257748901844025 -0.01226409338414669 
-0.1326928734779358 -0.08707725256681442 -0.987324595451355 0.3124405443668365 
0.06867510825395584 0.9929314851760864 -0.09680145233869553 0.05497726798057556 
0 0 0 1 

0.9886112809181213 -0.09081343561410904 -0.1200029328465462 -0.01536194328218699 
-0.1231499910354614 -0.02986262552440166 -0.9919388294219971 0.3122335970401764 
0.08649776875972748 0.9954202175140381 -0.04070624336600304 0.03477339819073677 
0 0 0 1 

0.9908890724182129 -0.1068472266197205 -0.08199081569910049 -0.02767207473516464 
-0.07657436281442642 0.0538531206548214 -0.995608389377594 0.3096469640731812 
0.1107934638857841 0.9928159117698669 0.04518068581819534 0.001600218121893704 
0 0 0 1 

0.9330282807350159 -0.3494797945022583 -0.08556933701038361 -0.02530333958566189 
-0.03965496271848679 0.1364925354719162 -0.9898470640182495 0.3034254610538483 
0.3576111197471619 0.9269485473632812 0.1134927943348885 -0.0384119413793087 
0 0 0 1 

0.9700594544410706 -0.168471485376358 -0.1749341487884521 -0.002932064002379775 
-0.1443695425987244 0.1792109906673431 -0.9731600880622864 0.3062289953231812 
0.1952998489141464 0.9692782759666443 0.149523138999939 -0.03093829937279224 
0 0 0 1 

0.9557299017906189 -0.146560862660408 -0.255147397518158 0.02054567262530327 
-0.2255350351333618 0.1920416355133057 -0.955119788646698 0.3094999492168427 
0.1889820992946625 0.9703812003135681 0.1504853069782257 -0.02801608666777611 
0 0 0 1 

0.9384390115737915 0.1579064726829529 -0.3072421252727509 0.04609277471899986 
-0.3401438593864441 0.2671721279621124 -0.9016213417053223 0.308987945318222 
-0.06028536707162857 0.9506231546401978 0.3044356405735016 -0.055275809019804 
0 0 0 1 

0.9299970269203186 0.08142221719026566 -0.358435332775116 0.05999878421425819 
-0.3629502356052399 0.3574932515621185 -0.8605031371116638 0.3016009330749512 
0.05807411670684814 0.9303595423698425 0.3620199263095856 -0.08229073882102966 
0 0 0 1 

0.9096854329109192 0.07620631903409958 -0.4082457721233368 0.07621411979198456 
-0.4058931469917297 0.371159702539444 -0.8351594209671021 0.2998447120189667 
0.08788009732961655 0.9254366755485535 0.3685701489448547 -0.08581358939409256 
0 0 0 1 

