-0.08935702592134476 0.868908703327179 -0.4868395030498505 0.1795844584703445 
-0.9907302260398865 -0.02732990868389606 0.1330655813217163 -0.001262325793504715 
0.1023165062069893 0.4942170679569244 0.8632964491844177 -0.2621902823448181 
0 0 0 1 

-0.165459617972374 0.8468592762947083 -0.5054231882095337 0.187529444694519 
-0.9778851866722107 -0.0744050070643425 0.1954597383737564 -0.02375489473342896 
0.1279208660125732 0.5265865325927734 0.8404420614242554 -0.2555988430976868 
0 0 0 1 

-0.1297470331192017 0.7819124460220337 -0.6097367405891418 0.2139814496040344 
-0.9914464950561523 -0.1110729351639748 0.06853436678647995 0.01724505238234997 
-0.01413725130259991 0.6134134531021118 0.7896354198455811 -0.2327571213245392 
0 0 0 1 

-0.08903838694095612 0.7024493217468262 -0.7061423659324646 0.2350816428661346 
-0.9945446252822876 -0.02402064949274063 0.101508304476738 0.009985190816223621 
0.05434244498610497 0.7113282680511475 0.7007560133934021 -0.2146021723747253 
0 0 0 1 

-0.06280598044395447 0.5283958911895752 -0.8466718792915344 0.2755010426044464 
-0.9846444129943848 0.1056480929255486 0.1389742195606232 -0.001612393418326974 
0.1628827452659607 0.8423991203308105 0.51364666223526 -0.1565954387187958 
0 0 0 1 

-0.121833398938179 0.3892354071140289 -0.9130455851554871 0.2945464253425598 
-0.9856374859809875 0.0609360858798027 0.1574971973896027 -0.01174886990338564 
0.1169408485293388 0.9191204309463501 0.3762210607528687 -0.1085274815559387 
0 0 0 1 

-0.1926639229059219 0.2847128212451935 -0.9390521049499512 0.3042435646057129 
-0.9750809073448181 0.05171782150864601 0.2157363593578339 -0.03076582588255405 
0.1099885851144791 0.9572166204452515 0.2676540911197662 -0.07447656989097595 
0 0 0 1 

0.6943780779838562 0.336542934179306 -0.6360642313957214 0.1690299510955811 
-0.435043066740036 0.9004083871841431 0.001480631879530847 0.05132899060845375 
0.5732158422470093 0.2756873369216919 0.771634578704834 -0.2590619325637817 
0 0 0 1 

0.6822763085365295 0.3902561366558075 -0.6182224154472351 0.1627691835165024 
-0.3734158575534821 0.9130097627639771 0.1642367541790009 -0.004610661417245865 
0.6285374760627747 0.1187993362545967 0.7686527967453003 -0.2590416967868805 
0 0 0 1 

0.6812786459922791 0.3872777223587036 -0.6211883425712585 0.1625897139310837 
-0.3370569944381714 0.9192422032356262 0.2034362703561783 -0.02097943425178528 
0.6498088836669922 0.07077927142381668 0.7567948698997498 -0.2561339139938354 
0 0 0 1 

