-0.8043380379676819 -0.5892370343208313 0.07641781121492386 0.01682101190090179 
-0.5900083184242249 0.7768703699111938 -0.2199147790670395 0.09900869429111481 
0.07021521776914597 -0.2219730168581009 -0.9725213050842285 0.300553560256958 
0 0 0 1 

-0.84009850025177 -0.5415129065513611 0.03159617632627487 0.03188959509134293 
-0.5387983322143555 0.8263182640075684 -0.1639956682920456 0.08130829781293869 
0.06269727647304535 -0.1547964662313461 -0.9859548807144165 0.3051674962043762 
0 0 0 1 

-0.882152259349823 -0.4703766107559204 -0.02351120114326477 0.05007268115878105 
-0.4672766327857971 0.8803892731666565 -0.08103902637958527 0.05500493571162224 
0.05881787091493607 -0.06050253659486771 -0.9964333176612854 0.3089543581008911 
0 0 0 1 

-0.9222553372383118 -0.3859964609146118 -0.02124796994030476 0.05025915056467056 
-0.3843257129192352 0.9214177131652832 -0.05729798972606659 0.04682380706071854 
0.04169508069753647 -0.0446772500872612 -0.9981307983398438 0.3094595670700073 
0 0 0 1 

-0.9568646550178528 -0.2904150485992432 -0.008313904516398907 0.04763907939195633 
-0.2891275584697723 0.95465487241745 -0.07098868489265442 0.05006705597043037 
0.02855308912694454 -0.06552278250455856 -0.9974424839019775 0.3088082373142242 
0 0 0 1 

-0.9813745021820068 -0.1920016705989838 0.006270491052418947 0.04496504366397858 
-0.1918263137340546 0.9776791930198669 -0.0857095941901207 0.05257786810398102 
0.01032585743814707 -0.08531605452299118 -0.9963003396987915 0.3087132275104523 
0 0 0 1 

-0.9949582815170288 -0.1002769321203232 -0.00152327015530318 0.04967338591814041 
-0.1000090762972832 0.9932048916816711 -0.05951734632253647 0.03846975043416023 
0.007481136359274387 -0.05906494334340096 -0.9982259273529053 0.3102172315120697 
0 0 0 1 

-0.9997184276580811 -0.008815842680633068 0.02203680016100407 0.04275381565093994 
-0.009310067631304264 0.9997051358222961 -0.02242615632712841 0.01618678867816925 
-0.02183259837329388 -0.02262500114738941 -0.9995056986808777 0.3138533532619476 
0 0 0 1 

-0.9042108654975891 -0.4054048657417297 -0.1343478709459305 0.08782821893692017 
-0.406241238117218 0.9134918451309204 -0.02237655781209469 0.03200890496373177 
0.1317972391843796 0.03434451669454575 -0.9906815886497498 0.3109516501426697 
0 0 0 1 

-0.8926839828491211 -0.4189968407154083 -0.1660001575946808 0.09735209494829178 
-0.4259980320930481 0.9046939015388489 0.007336067035794258 0.02511153183877468 
0.1471055895090103 0.07726456224918365 -0.9860982894897461 0.3093418180942535 
0 0 0 1 

