0.1828142106533051 0.7601541876792908 -0.6234936714172363 0.1966976374387741 
0.1370998919010162 0.6082737445831299 0.7817970514297485 -0.2355970144271851 
0.9735411405563354 -0.2284044176340103 0.006984011735767126 0.03882782533764839 
0 0 0 1 

0.2586841583251953 0.7877563834190369 -0.559036910533905 0.1745849996805191 
0.1218764260411263 0.5474939942359924 0.8278867602348328 -0.245155543088913 
0.9582424163818359 -0.2822945713996887 0.04561906680464745 0.01690932177007198 
0 0 0 1 

0.351456493139267 0.6860361695289612 -0.6370499730110168 0.190691277384758 
0.3389422595500946 0.5410599708557129 0.7696572542190552 -0.2891129851341248 
0.8726949691772461 -0.4864242076873779 -0.04236756265163422 -0.0006666427361778915 
0 0 0 1 

0.3040394484996796 0.6942249536514282 -0.6523891091346741 0.2009395509958267 
0.3879900574684143 0.535205602645874 0.7503455877304077 -0.2834766209125519 
0.8700709939002991 -0.4812551438808441 -0.1066287681460381 0.02634562738239765 
0 0 0 1 

0.6304267048835754 0.5538986325263977 -0.5438368320465088 0.1635271161794662 
0.3050629496574402 0.4674382209777832 0.8297217488288879 -0.2684552371501923 
0.7137918472290039 -0.6889832615852356 0.1257116049528122 0.001713789300993085 
0 0 0 1 

0.7400327324867249 0.5386790633201599 -0.4027113616466522 0.1155458390712738 
0.234747514128685 0.3542348146438599 0.9052134156227112 -0.2906221449375153 
0.6302738785743713 -0.7644230723381042 0.1356918066740036 -0.004446974489837885 
0 0 0 1 

0.8269355297088623 0.4994732141494751 -0.2582713961601257 0.07298029214143753 
0.1631700694561005 0.2263972163200378 0.9602707028388977 -0.3073090016841888 
0.5381014347076416 -0.8362241387367249 0.1057167649269104 0.004868397489190102 
0 0 0 1 

0.8614930510520935 0.4832251667976379 -0.155958890914917 0.04615718871355057 
0.09788848459720612 0.1433316767215729 0.9848217964172363 -0.3154571056365967 
0.4982445240020752 -0.8636837005615234 0.07617706060409546 0.01604179851710796 
0 0 0 1 

0.8742503523826599 0.4711322486400604 -0.11713557690382 0.03380052372813225 
0.1140811294317245 0.03515470400452614 0.9928492307662964 -0.3183278441429138 
0.4718811511993408 -0.881361722946167 -0.02301324158906937 0.05138539522886276 
0 0 0 1 

0.8747225999832153 0.4567538499832153 -0.1619764417409897 0.04276790469884872 
0.1316558569669724 0.09769468009471893 0.9864699244499207 -0.31554314494133 
0.4663981199264526 -0.8842126131057739 0.0253214780241251 0.03284674882888794 
0 0 0 1 

