-0.6072436571121216 -0.6710364818572998 0.4253998696804047 -0.103534534573555 
-0.7930787801742554 0.4797559678554535 -0.3753135502338409 0.1523849219083786 
0.04776095598936081 -0.56528240442276 -0.8235135078430176 0.2491931915283203 
0 0 0 1 

-0.6708486676216125 -0.6788158416748047 0.298614889383316 -0.06066346541047096 
-0.7358168959617615 0.5591121315956116 -0.3820563554763794 0.153150275349617 
0.09238676726818085 -0.4760279357433319 -0.8745638728141785 0.2651935815811157 
0 0 0 1 

-0.7230433821678162 -0.6504025459289551 0.2327762693166733 -0.03779236599802971 
-0.6862024664878845 0.6374018788337708 -0.3504926264286041 0.1426811069250107 
0.07958924025297165 -0.4131530225276947 -0.9071769714355469 0.2776957452297211 
0 0 0 1 

-0.7673493623733521 -0.6269905567169189 0.1343787014484406 -0.003737855236977339 
-0.6323659420013428 0.7052164673805237 -0.320597916841507 0.1322403699159622 
0.1062458157539368 -0.3309871554374695 -0.9376349449157715 0.2873605191707611 
0 0 0 1 

-0.8057733178138733 -0.5895174741744995 0.05655253678560257 0.02255215682089329 
-0.5862619280815125 0.780501127243042 -0.2170596718788147 0.09805797785520554 
0.08382117003202438 -0.2080555260181427 -0.9745186567306519 0.3004266321659088 
0 0 0 1 

-0.8444064855575562 -0.5355220437049866 0.0139204915612936 0.0370958000421524 
-0.530479907989502 0.8322714567184448 -0.1609821319580078 0.07988270372152328 
0.07462386041879654 -0.1433189064264297 -0.9868592023849487 0.3047802150249481 
0 0 0 1 

-0.8807098865509033 -0.4717239737510681 -0.04273218289017677 0.05560631304979324 
-0.4678041338920593 0.8804201483726501 -0.07758632302284241 0.05382092669606209 
0.07422161102294922 -0.04834076762199402 -0.9960691332817078 0.3080331385135651 
0 0 0 1 

-0.9216557741165161 -0.385359525680542 -0.04526697099208832 0.05736911669373512 
-0.3828985691070557 0.9221781492233276 -0.0545547753572464 0.04572077095508575 
0.06276740878820419 -0.03294805809855461 -0.9974845051765442 0.3083244264125824 
0 0 0 1 

-0.9579391479492188 -0.2854847609996796 -0.02917003072798252 0.05402886867523193 
-0.2829398512840271 0.9565683603286743 -0.0701572448015213 0.04919913038611412 
0.04793195426464081 -0.05895301327109337 -0.9971092343330383 0.3077555596828461 
0 0 0 1 

-0.9713062047958374 -0.2363540977239609 -0.02648107707500458 0.05401415750384331 
-0.2337022572755814 0.969163179397583 -0.07814090698957443 0.05175440385937691 
0.04413340613245964 -0.06971005350351334 -0.9965907335281372 0.3072843849658966 
0 0 0 1 

