-0.400367945432663 -0.09625103324651718 0.911285400390625 -0.2503364086151123 
-0.9106413722038269 -0.06908197700977325 -0.4073815941810608 0.1688605546951294 
0.1021644100546837 -0.992956817150116 -0.05999188497662544 0.0131793599575758 
0 0 0 1 

-0.3890105485916138 -0.1859938502311707 0.9022620916366577 -0.2483022511005402 
-0.9171352386474609 -0.01408568490296602 -0.3983268439769745 0.1675277352333069 
0.08679550886154175 -0.9824498295783997 -0.1651019603013992 0.04473727568984032 
0 0 0 1 

-0.3945944905281067 -0.3215297162532806 0.8607634305953979 -0.2364749312400818 
-0.9149142503738403 0.05081658065319061 -0.4004365503787994 0.1690404266119003 
0.08501123636960983 -0.945534884929657 -0.314223974943161 0.09029790759086609 
0 0 0 1 

-0.06288467347621918 -0.5088167190551758 0.8585746884346008 -0.2691738605499268 
-0.9942913055419922 0.1062406152486801 -0.009864107705652714 0.06198391690850258 
-0.08619623631238937 -0.8542938232421875 -0.5125927925109863 0.1633349359035492 
0 0 0 1 

-0.09497164189815521 -0.4869091808795929 0.868273913860321 -0.2702862024307251 
-0.99546879529953 0.0505535751581192 -0.08053513616323471 0.08315069228410721 
-0.004680843092501163 -0.8719882369041443 -0.489503800868988 0.1507209688425064 
0 0 0 1 

-0.1156431138515472 -0.4826656877994537 0.8681361079216003 -0.2692146301269531 
-0.9895861744880676 -0.01942889392375946 -0.1426235139369965 0.1018200218677521 
0.08570647984743118 -0.8755890130996704 -0.4753924310207367 0.1406389772891998 
0 0 0 1 

-0.1258100569248199 -0.4434002637863159 0.8874502182006836 -0.2741055488586426 
-0.9679805040359497 -0.1410076767206192 -0.2076787948608398 0.1215725764632225 
0.2172222137451172 -0.8851626515388489 -0.4114624857902527 0.1125428974628448 
0 0 0 1 

-0.1516636461019516 -0.2182635813951492 0.9640327095985413 -0.2952311635017395 
-0.9628283381462097 -0.1879279762506485 -0.1940223425626755 0.1153573170304298 
0.2235167473554611 -0.9576241970062256 -0.1816484332084656 0.03763523697853088 
0 0 0 1 

-0.1527900546789169 -0.1629673689603806 0.9747288823127747 -0.3025283813476562 
-0.9446872472763062 -0.2655508816242218 -0.192479282617569 0.1199225038290024 
0.2902082502841949 -0.9502230286598206 -0.1133794263005257 0.01208427548408508 
0 0 0 1 

-0.1640550047159195 -0.2007787674665451 0.9658026099205017 -0.2974165081977844 
-0.9318284392356873 -0.2897349298000336 -0.218516543507576 0.1247586086392403 
0.3237002193927765 -0.9358106851577759 -0.1395586282014847 0.0175835769623518 
0 0 0 1 

