-0.400367945432663 -0.09625120460987091 0.9112853407859802 -0.2503363788127899 
-0.9106413125991821 -0.06908208131790161 -0.4073816537857056 0.1688605546951294 
0.1021645739674568 -0.9929567575454712 -0.05999191850423813 0.01317934785038233 
0 0 0 1 

-0.3890104293823242 -0.1859939396381378 0.9022620320320129 -0.248302236199379 
-0.9171351790428162 -0.01408550981432199 -0.3983268141746521 0.1675276905298233 
0.08679541945457458 -0.9824497699737549 -0.1651019304990768 0.04473723471164703 
0 0 0 1 

-0.3945944905281067 -0.3215296864509583 0.8607634902000427 -0.2364749759435654 
-0.9149143099784851 0.05081650987267494 -0.4004366397857666 0.1690404266119003 
0.08501126617193222 -0.9455349445343018 -0.314223974943161 0.09029790014028549 
0 0 0 1 

-0.06288500130176544 -0.5088170170783997 0.8585746884346008 -0.2691738307476044 
-0.9942914247512817 0.106240414083004 -0.009864268824458122 0.06198394298553467 
-0.0861961618065834 -0.8542938828468323 -0.5125932097434998 0.1633349359035492 
0 0 0 1 

-0.09497150033712387 -0.4869091808795929 0.8682738542556763 -0.2702861726284027 
-0.99546879529953 0.05055343359708786 -0.08053506910800934 0.08315067738294601 
-0.004680781625211239 -0.8719882369041443 -0.489503800868988 0.150720939040184 
0 0 0 1 

-0.1156431138515472 -0.4826656877994537 0.8681361079216003 -0.2692146301269531 
-0.9895861744880676 -0.01942889392375946 -0.1426235139369965 0.1018200218677521 
0.08570647984743118 -0.8755890130996704 -0.4753924310207367 0.1406389772891998 
0 0 0 1 

-0.1258100569248199 -0.4434001743793488 0.8874501585960388 -0.274105578660965 
-0.9679804444313049 -0.1410075426101685 -0.2076788544654846 0.1215725466609001 
0.2172221541404724 -0.8851625919342041 -0.4114623665809631 0.1125428602099419 
0 0 0 1 

-0.1516637653112411 -0.2182637751102448 0.9640325307846069 -0.2952311336994171 
-0.9628280401229858 -0.1879278868436813 -0.1940226256847382 0.115357331931591 
0.2235169410705566 -0.9576239585876465 -0.1816484779119492 0.03763521462678909 
0 0 0 1 

-0.1527900546789169 -0.1629673689603806 0.9747288823127747 -0.3025283217430115 
-0.9446872472763062 -0.2655508816242218 -0.192479282617569 0.1199225038290024 
0.2902082502841949 -0.9502230286598206 -0.1133794263005257 0.01208425126969814 
0 0 0 1 

-0.1647293120622635 -0.2027052938938141 0.9652846455574036 -0.2972551882266998 
-0.934233546257019 -0.2818107008934021 -0.218609407544136 0.1252167373895645 
0.3163409531116486 -0.937812864780426 -0.1429514586925507 0.01930793933570385 
0 0 0 1 

