0.2648629248142242 0.9591301679611206 -0.09958308935165405 0.03376191481947899 
-0.9615399837493896 0.2704847753047943 0.04773693159222603 0.01664292067289352 
0.07272163778543472 0.08310938626527786 0.993883490562439 -0.3043234050273895 
0 0 0 1 

0.1898659318685532 0.9734255075454712 -0.128037303686142 0.04476397112011909 
-0.9736850261688232 0.2034292370080948 0.1027323752641678 -0.003858121111989021 
0.1260488480329514 0.1051626354455948 0.9864342212677002 -0.3029264211654663 
0 0 0 1 

0.1173025891184807 0.9840967059135437 -0.1333932876586914 0.04796558991074562 
-0.9713518023490906 0.1416485607624054 0.1908175945281982 -0.03366122022271156 
0.2066779434680939 0.1071884110569954 0.9725198745727539 -0.2999445497989655 
0 0 0 1 

0.1895530074834824 0.9760062694549561 -0.1071503534913063 0.03901785612106323 
-0.9554609060287476 0.2084930539131165 0.2088659405708313 -0.03924739733338356 
0.2261945903301239 0.06278683990240097 0.97205650806427 -0.2978219389915466 
0 0 0 1 

0.2724771797657013 0.9550864100456238 -0.1164727061986923 0.03933580964803696 
-0.9403931498527527 0.2899582982063293 0.1777205020189285 -0.02724647149443626 
0.2035106867551804 0.0611054003238678 0.9771640300750732 -0.2967121303081512 
0 0 0 1 

0.3274376392364502 0.9377172589302063 -0.1160635873675346 0.03754816204309464 
-0.9349302649497986 0.3393112421035767 0.103793703019619 -0.0009700541850179434 
0.1367108374834061 0.07452541589736938 0.9878036975860596 -0.2963733375072479 
0 0 0 1 

0.4376721382141113 0.8861900568008423 -0.1520199626684189 0.02719779126346111 
-0.8607640266418457 0.4618269503116608 0.2140117287635803 -0.01424826681613922 
0.2598620057106018 0.03718637302517891 0.964929461479187 -0.3203659057617188 
0 0 0 1 

0.354616641998291 0.9000904560089111 -0.2531484365463257 0.06759617477655411 
-0.8957126140594482 0.4046925008296967 0.1841813623905182 -0.001896331552416086 
0.2682271599769592 0.1614345163106918 0.9497331380844116 -0.3154533207416534 
0 0 0 1 

0.971383273601532 0.05749370157718658 -0.2304537445306778 0.02619452774524689 
-0.07356943190097809 0.9953749775886536 -0.06177501007914543 0.03278086334466934 
0.2258362025022507 0.07696159929037094 0.9711203575134277 -0.2834622263908386 
0 0 0 1 

0.9761834144592285 0.06702574342489243 -0.2063335776329041 0.02253004908561707 
-0.0810495987534523 0.9948859810829163 -0.06027276068925858 0.03157258778810501 
0.2012385576963425 0.07556051760911942 0.9766235947608948 -0.2848249077796936 
0 0 0 1 

