0.6727285385131836 0.7180817127227783 -0.1783106327056885 0.03307043015956879 
-0.7222455739974976 0.585015594959259 -0.3689414262771606 0.1362169981002808 
-0.1606157124042511 0.3769814968109131 0.9121882915496826 -0.2495742440223694 
0 0 0 1 

0.7376004457473755 0.6549753546714783 -0.1641728430986404 0.02530626021325588 
-0.6477198004722595 0.6176087260246277 -0.4461147785186768 0.1518097817897797 
-0.1907996982336044 0.435392439365387 0.8797891139984131 -0.2349720597267151 
0 0 0 1 

0.7657070159912109 0.6262959837913513 -0.1464438736438751 0.01796860061585903 
-0.5946176648139954 0.6024924516677856 -0.5323835611343384 0.1713143736124039 
-0.2451986074447632 0.4947279393672943 0.8337396383285522 -0.2142362147569656 
0 0 0 1 

0.7964508533477783 0.5856654644012451 -0.1505385637283325 0.01592100970447063 
-0.5317090749740601 0.5596931576728821 -0.6356325149536133 0.197845846414566 
-0.288012832403183 0.5862927436828613 0.7571718692779541 -0.186168372631073 
0 0 0 1 

0.8185023069381714 0.5568405389785767 -0.1413595676422119 0.01149625796824694 
-0.476047158241272 0.5196359157562256 -0.7094768881797791 0.2170840501785278 
-0.3216100633144379 0.6480023264884949 0.6904056072235107 -0.162384420633316 
0 0 0 1 

0.846042275428772 0.515082836151123 -0.1374849528074265 0.007350380998104811 
-0.411395400762558 0.4667709171772003 -0.7828657627105713 0.2361238151788712 
-0.339066743850708 0.7188981771469116 0.6068106293678284 -0.1386109888553619 
0 0 0 1 

0.8792521953582764 0.465311586856842 -0.1019837632775307 -0.005032811779528856 
-0.3264225721359253 0.4326117038726807 -0.8404136896133423 0.2498833984136581 
-0.346934974193573 0.7722253799438477 0.5322630405426025 -0.1192094311118126 
0 0 0 1 

0.8979169726371765 0.4352260231971741 -0.0657525360584259 -0.01478915847837925 
-0.2320690155029297 0.3411660492420197 -0.9109058976173401 0.2635801434516907 
-0.3740174472332001 0.8331770300865173 0.4073413014411926 -0.08526477962732315 
0 0 0 1 

0.8980947136878967 0.4390610456466675 -0.02552089281380177 -0.03055588714778423 
-0.09779686480760574 0.1427935212850571 -0.9849090576171875 0.2808031439781189 
-0.428790956735611 0.8870375156402588 0.171180933713913 -0.02017215639352798 
0 0 0 1 

0.8463158011436462 0.5322161316871643 -0.02226750552654266 -0.02686170302331448 
-0.1288421005010605 0.1639617532491684 -0.97801673412323 0.2794719040393829 
-0.5168651938438416 0.830579936504364 0.2073352485895157 -0.03135648742318153 
0 0 0 1 

