1.000000000000000000e+00 0.000000000000000000e+00 0.000000000000000000e+00 -4.542167112231254578e-02
0.000000000000000000e+00 1.000000000000000000e+00 0.000000000000000000e+00 9.935460984706878662e-04
0.000000000000000000e+00 0.000000000000000000e+00 1.000000000000000000e+00 -2.875000238418579102e-01
0.000000000000000000e+00 0.000000000000000000e+00 0.000000000000000000e+00 1.000000000000000000e+00
9.966906309127807617e-01 8.001259714365005493e-02 1.434430014342069626e-02 -4.834371060132980347e-02
-7.973343133926391602e-02 9.966335296630859375e-01 -1.907978020608425140e-02 1.013250276446342468e-02
-1.582264527678489685e-02 1.787290908396244049e-02 9.997150301933288574e-01 -2.932522892951965332e-01
0.000000000000000000e+00 0.000000000000000000e+00 0.000000000000000000e+00 1.000000000000000000e+00
9.858254194259643555e-01 1.647269427776336670e-01 3.182442113757133484e-02 -5.176213011145591736e-02
-1.630382984876632690e-01 9.853575825691223145e-01 -4.988624900579452515e-02 2.481884695589542389e-02
-3.957611694931983948e-02 4.399047791957855225e-02 9.982476830482482910e-01 -2.927102446556091309e-01
0.000000000000000000e+00 0.000000000000000000e+00 0.000000000000000000e+00 1.000000000000000000e+00
9.662625193595886230e-01 2.554072439670562744e-01 3.322266414761543274e-02 -4.999672248959541321e-02
-2.523909509181976318e-01 9.646741747856140137e-01 -7.551535218954086304e-02 3.772840648889541626e-02
-5.133624374866485596e-02 6.458253413438796997e-02 9.965909719467163086e-01 -2.921828627586364746e-01
0.000000000000000000e+00 0.000000000000000000e+00 0.000000000000000000e+00 1.000000000000000000e+00
9.375945925712585449e-01 3.443910181522369385e-01 4.807006567716598511e-02 -5.159750580787658691e-02
-3.368214964866638184e-01 9.338163137435913086e-01 -1.205729693174362183e-01 5.615029111504554749e-02
-8.641292899847030640e-02 9.685749560594558716e-02 9.915399551391601562e-01 -2.894276082515716553e-01
0.000000000000000000e+00 0.000000000000000000e+00 0.000000000000000000e+00 1.000000000000000000e+00
8.938093781471252441e-01 4.476368725299835205e-01 2.695077471435070038e-02 -4.210951551795005798e-02
-4.402418434619903564e-01 8.873124718666076660e-01 -1.373451650142669678e-01 6.525760143995285034e-02
-8.539453148841857910e-02 1.108955219388008118e-01 9.901565909385681152e-01 -2.902909219264984131e-01
0.000000000000000000e+00 0.000000000000000000e+00 0.000000000000000000e+00 1.000000000000000000e+00
8.448776602745056152e-01 5.347886085510253906e-01 1.350938715040683746e-02 -3.502605110406875610e-02
-5.257886052131652832e-01 8.347852230072021484e-01 -1.633396148681640625e-01 7.738952338695526123e-02
-9.862966835498809814e-02 1.308988481760025024e-01 9.864774346351623535e-01 -2.889377176761627197e-01
0.000000000000000000e+00 0.000000000000000000e+00 0.000000000000000000e+00 1.000000000000000000e+00
7.942700386047363281e-01 6.075380444526672363e-01 -5.699729546904563904e-03 -2.597738057374954224e-02
-5.994923114776611328e-01 7.821581363677978516e-01 -1.698161959648132324e-01 8.273074030876159668e-02
-9.871172159910202026e-02 1.382968425750732422e-01 9.854592084884643555e-01 -2.896839678287506104e-01
0.000000000000000000e+00 0.000000000000000000e+00 0.000000000000000000e+00 1.000000000000000000e+00
7.233525514602661133e-01 6.895667910575866699e-01 -3.547783941030502319e-02 -1.152292173355817795e-02
-6.849816441535949707e-01 7.101751565933227539e-01 -1.626383960247039795e-01 8.368265628814697266e-02
-8.695457875728607178e-02 1.419465392827987671e-01 9.860476851463317871e-01 -2.907670140266418457e-01
0.000000000000000000e+00 0.000000000000000000e+00 0.000000000000000000e+00 1.000000000000000000e+00
6.485396027565002441e-01 7.603683471679687500e-01 -3.515578433871269226e-02 -6.605071481317281723e-03
-7.567934393882751465e-01 6.391620635986328125e-01 -1.368764042854309082e-01 7.812322676181793213e-02
-8.160629868507385254e-02 1.153754293918609619e-01 9.899640679359436035e-01 -2.935082614421844482e-01
0.000000000000000000e+00 0.000000000000000000e+00 0.000000000000000000e+00 1.000000000000000000e+00
5.507950782775878906e-01 8.333188295364379883e-01 -4.695049673318862915e-02 3.005828009918332100e-03
-8.329699635505676270e-01 5.452649593353271484e-01 -9.405767917633056641e-02 6.671245396137237549e-02
-5.277960374951362610e-02 9.091486036777496338e-02 9.944590330123901367e-01 -2.985497117042541504e-01
0.000000000000000000e+00 0.000000000000000000e+00 0.000000000000000000e+00 1.000000000000000000e+00
4.604142010211944580e-01 8.823931813240051270e-01 -9.695807844400405884e-02 2.492752484977245331e-02
-8.876911401748657227e-01 4.570592343807220459e-01 -5.569009110331535339e-02 5.514815077185630798e-02
-4.824969917535781860e-03 1.117093414068222046e-01 9.937292337417602539e-01 -3.022587299346923828e-01
0.000000000000000000e+00 0.000000000000000000e+00 0.000000000000000000e+00 1.000000000000000000e+00
3.524704873561859131e-01 9.295093417167663574e-01 -1.085216775536537170e-01 3.309996798634529114e-02
-9.354846477508544922e-01 3.530841767787933350e-01 -1.415022183209657669e-02 3.981198370456695557e-02
2.516452595591545105e-02 1.065078899264335632e-01 9.939934015274047852e-01 -3.037930428981781006e-01
0.000000000000000000e+00 0.000000000000000000e+00 0.000000000000000000e+00 1.000000000000000000e+00
2.709500193595886230e-01 9.540417790412902832e-01 -1.280240863561630249e-01 4.184634238481521606e-02
-9.592948555946350098e-01 2.786234915256500244e-01 4.606566205620765686e-02 1.703628711402416229e-02
7.961907237768173218e-02 1.103314086794853210e-01 9.907007217407226562e-01 -3.031269907951354980e-01
0.000000000000000000e+00 0.000000000000000000e+00 0.000000000000000000e+00 1.000000000000000000e+00
1.895768344402313232e-01 9.682798385620117188e-01 -1.627727150917053223e-01 5.428345128893852234e-02
-9.722741842269897461e-01 2.082427442073822021e-01 1.063849329948425293e-01 -5.061443429440259933e-03
1.369066238403320312e-01 1.380916088819503784e-01 9.809114336967468262e-01 -3.013209402561187744e-01
0.000000000000000000e+00 0.000000000000000000e+00 0.000000000000000000e+00 1.000000000000000000e+00
1.129274442791938782e-01 9.813305139541625977e-01 -1.556858569383621216e-01 5.389912799000740051e-02
-9.713815450668334961e-01 1.419909447431564331e-01 1.904118508100509644e-01 -3.375940397381782532e-02
2.089629471302032471e-01 1.297276467084884644e-01 9.692808985710144043e-01 -2.989416420459747314e-01
0.000000000000000000e+00 0.000000000000000000e+00 0.000000000000000000e+00 1.000000000000000000e+00
1.859792917966842651e-01 9.716367125511169434e-01 -1.460610628128051758e-01 4.992777854204177856e-02
-9.547039866447448730e-01 2.138420045375823975e-01 2.069105952978134155e-01 -3.861393406987190247e-02
2.322759032249450684e-01 1.009639650583267212e-01 9.673954844474792480e-01 -2.963841259479522705e-01
0.000000000000000000e+00 0.000000000000000000e+00 0.000000000000000000e+00 1.000000000000000000e+00
2.715320289134979248e-01 9.507814049720764160e-01 -1.492814123630523682e-01 4.848084598779678345e-02
-9.379538297653198242e-01 2.961819767951965332e-01 1.803295910358428955e-01 -2.792213484644889832e-02
2.156685143709182739e-01 9.105383604764938354e-02 9.722121953964233398e-01 -2.952427864074707031e-01
0.000000000000000000e+00 0.000000000000000000e+00 0.000000000000000000e+00 1.000000000000000000e+00
3.243568539619445801e-01 9.336273670196533203e-01 -1.520941555500030518e-01 4.758669435977935791e-02
-9.342075586318969727e-01 3.414074480533599854e-01 1.034273579716682434e-01 -1.142038614489138126e-03
1.484886854887008667e-01 1.085401251912117004e-01 9.829396605491638184e-01 -2.950551807880401611e-01
0.000000000000000000e+00 0.000000000000000000e+00 0.000000000000000000e+00 1.000000000000000000e+00
3.627255558967590332e-01 9.131123423576354980e-01 -1.861620992422103882e-01 5.674827843904495239e-02
-9.287370443344116211e-01 3.706437945365905762e-01 8.394883945584297180e-03 3.182163089513778687e-02
7.666528224945068359e-02 1.698506027460098267e-01 9.824831485748291016e-01 -2.907342612743377686e-01
0.000000000000000000e+00 0.000000000000000000e+00 0.000000000000000000e+00 1.000000000000000000e+00
4.024615287780761719e-01 8.933869004249572754e-01 -1.997102946043014526e-01 5.873844400048255920e-02
-9.152421355247497559e-01 3.971812725067138672e-01 -6.766413152217864990e-02 5.753769725561141968e-02
1.887090504169464111e-02 2.100155502557754517e-01 9.775159955024719238e-01 -2.858083844184875488e-01
0.000000000000000000e+00 0.000000000000000000e+00 0.000000000000000000e+00 1.000000000000000000e+00
4.567076563835144043e-01 8.595536351203918457e-01 -2.293152660131454468e-01 6.441328674554824829e-02
-8.885983228683471680e-01 4.284381568431854248e-01 -1.638096570968627930e-01 8.665197342634201050e-02
-4.255581647157669067e-02 2.785822749137878418e-01 9.594690799713134766e-01 -2.750729620456695557e-01
0.000000000000000000e+00 0.000000000000000000e+00 0.000000000000000000e+00 1.000000000000000000e+00
5.324072241783142090e-01 8.197251558303833008e-01 -2.111709862947463989e-01 5.325052514672279358e-02
-8.420728445053100586e-01 4.874379038810729980e-01 -2.309055477380752563e-01 1.052547916769981384e-01
-8.634636551141738892e-02 3.007571399211883545e-01 9.497838616371154785e-01 -2.683521211147308350e-01
0.000000000000000000e+00 0.000000000000000000e+00 0.000000000000000000e+00 1.000000000000000000e+00
5.945659875869750977e-01 7.774574160575866699e-01 -2.050637602806091309e-01 4.705567657947540283e-02
-7.945867776870727539e-01 5.291327238082885742e-01 -2.977418899536132812e-01 1.216164827346801758e-01
-1.229757517576217651e-01 3.399681448936462402e-01 9.323618412017822266e-01 -2.595341503620147705e-01
0.000000000000000000e+00 0.000000000000000000e+00 0.000000000000000000e+00 1.000000000000000000e+00
6.727283596992492676e-01 7.180819511413574219e-01 -1.783107370138168335e-01 3.307044878602027893e-02
-7.222458124160766602e-01 5.850153565406799316e-01 -3.689415454864501953e-01 1.362170279026031494e-01
-1.606158167123794556e-01 3.769816160202026367e-01 9.121882319450378418e-01 -2.495742589235305786e-01
0.000000000000000000e+00 0.000000000000000000e+00 0.000000000000000000e+00 1.000000000000000000e+00
7.376004457473754883e-01 6.549753546714782715e-01 -1.641728430986404419e-01 2.530626580119132996e-02
-6.477198004722595215e-01 6.176087260246276855e-01 -4.461147785186767578e-01 1.518097817897796631e-01
-1.907996982336044312e-01 4.353924393653869629e-01 8.797891139984130859e-01 -2.349720299243927002e-01
0.000000000000000000e+00 0.000000000000000000e+00 0.000000000000000000e+00 1.000000000000000000e+00
7.657070159912109375e-01 6.262959837913513184e-01 -1.464438736438751221e-01 1.796863041818141937e-02
-5.946176648139953613e-01 6.024924516677856445e-01 -5.323835611343383789e-01 1.713144183158874512e-01
-2.451986074447631836e-01 4.947279393672943115e-01 8.337396383285522461e-01 -2.142361700534820557e-01
0.000000000000000000e+00 0.000000000000000000e+00 0.000000000000000000e+00 1.000000000000000000e+00
7.964507937431335449e-01 5.856655240058898926e-01 -1.505385786294937134e-01 1.592104323208332062e-02
-5.317091345787048340e-01 5.596930384635925293e-01 -6.356325149536132812e-01 1.978458166122436523e-01
-2.880128622055053711e-01 5.862927436828613281e-01 7.571718692779541016e-01 -1.861683428287506104e-01
0.000000000000000000e+00 0.000000000000000000e+00 0.000000000000000000e+00 1.000000000000000000e+00
8.185023069381713867e-01 5.568405389785766602e-01 -1.413595676422119141e-01 1.149627100676298141e-02
-4.760471582412719727e-01 5.196359157562255859e-01 -7.094768881797790527e-01 2.170840948820114136e-01
-3.216100633144378662e-01 6.480023264884948730e-01 6.904056072235107422e-01 -1.623844057321548462e-01
0.000000000000000000e+00 0.000000000000000000e+00 0.000000000000000000e+00 1.000000000000000000e+00
8.460422158241271973e-01 5.150829553604125977e-01 -1.374850422143936157e-01 7.350387051701545715e-03
-4.113954901695251465e-01 4.667706191539764404e-01 -7.828658223152160645e-01 2.361238002777099609e-01
-3.390668630599975586e-01 7.188982367515563965e-01 6.068104505538940430e-01 -1.386109888553619385e-01
0.000000000000000000e+00 0.000000000000000000e+00 0.000000000000000000e+00 1.000000000000000000e+00
8.792521357536315918e-01 4.653116464614868164e-01 -1.019837930798530579e-01 -5.032797344028949738e-03
-3.264225721359252930e-01 4.326115548610687256e-01 -8.404137492179870605e-01 2.498834282159805298e-01
-3.469350337982177734e-01 7.722254395484924316e-01 5.322629213333129883e-01 -1.192093715071678162e-01
0.000000000000000000e+00 0.000000000000000000e+00 0.000000000000000000e+00 1.000000000000000000e+00
8.979169726371765137e-01 4.352260231971740723e-01 -6.575253605842590332e-02 -1.478915102779865265e-02
-2.320690155029296875e-01 3.411660492420196533e-01 -9.109058976173400879e-01 2.635801434516906738e-01
-3.740174472332000732e-01 8.331770300865173340e-01 4.073413014411926270e-01 -8.526476472616195679e-02
0.000000000000000000e+00 0.000000000000000000e+00 0.000000000000000000e+00 1.000000000000000000e+00
8.980947136878967285e-01 4.390610456466674805e-01 -2.552089281380176544e-02 -3.055587783455848694e-02
-9.779686480760574341e-02 1.427935212850570679e-01 -9.849090576171875000e-01 2.808031737804412842e-01
-4.287909567356109619e-01 8.870375156402587891e-01 1.711809337139129639e-01 -2.017213404178619385e-02
0.000000000000000000e+00 0.000000000000000000e+00 0.000000000000000000e+00 1.000000000000000000e+00
8.473151922225952148e-01 5.304552912712097168e-01 -2.596537023782730103e-02 -2.559144794940948486e-02
-1.348860859870910645e-01 1.676557362079620361e-01 -9.765743017196655273e-01 2.792520821094512939e-01
-5.136756896972656250e-01 8.309686183929443359e-01 2.136082351207733154e-01 -3.361742943525314331e-02
0.000000000000000000e+00 0.000000000000000000e+00 0.000000000000000000e+00 1.000000000000000000e+00
