0.9747323393821716 0.2171982377767563 0.05217129737138748 -0.05824636667966843 
0.05095749720931053 0.01118943933397532 -0.9986381530761719 0.2677001059055328 
-0.2174862176179886 0.9760633707046509 -0.0001611567131476477 0.05953286960721016 
0 0 0 1 

0.6353082060813904 0.6563196182250977 0.4069743454456329 -0.1766434460878372 
0.3511462509632111 0.2238565385341644 -0.9091671109199524 0.2648970484733582 
-0.6878080368041992 0.720508873462677 -0.08824628591537476 0.1037864163517952 
0 0 0 1 

0.59682297706604 0.670951783657074 0.440029501914978 -0.1864008009433746 
0.2576116025447845 0.3591442108154297 -0.8970237970352173 0.2700298726558685 
-0.7598937749862671 0.6487210988998413 0.04150059819221497 0.06284132599830627 
0 0 0 1 

0.6947270631790161 0.5749072432518005 0.4322451949119568 -0.1887899786233902 
0.2443258762359619 0.3765919208526611 -0.8935790061950684 0.2716771066188812 
-0.6765050888061523 0.7264021635055542 0.1211638376116753 0.03637434542179108 
0 0 0 1 

0.7708619236946106 0.4915474653244019 0.4051579236984253 -0.1851450204849243 
0.1795660406351089 0.4425634443759918 -0.8785747885704041 0.2754505276679993 
-0.6111692786216736 0.7500124573707581 0.2528900802135468 -1.517784585303161e-05 
0 0 0 1 

0.7991365194320679 0.4704606831073761 0.3742292523384094 -0.1752474904060364 
0.09448831528425217 0.5164840221405029 -0.8510676622390747 0.2746313214302063 
-0.593677282333374 0.7154794931411743 0.3682881891727448 -0.03913021087646484 
0 0 0 1 

0.5937425494194031 0.6159050464630127 0.5178132653236389 -0.1888812333345413 
-0.08536353707313538 0.6881037950515747 -0.7205734252929688 0.2522026896476746 
-0.8001141548156738 0.3836326599121094 0.4611323773860931 -0.07278212159872055 
0 0 0 1 

0.5484742522239685 0.6897642612457275 0.4726532101631165 -0.1679586470127106 
-0.0578947551548481 0.5952313542366028 -0.8014659285545349 0.2741303443908691 
-0.8341606855392456 0.412219226360321 0.3664028644561768 -0.03750717267394066 
0 0 0 1 

0.4629190266132355 0.7715762853622437 0.4363209307193756 -0.1469113230705261 
-0.02458356879651546 0.5032252073287964 -0.8638055324554443 0.2898505330085754 
-0.886059582233429 0.3891457319259644 0.251920610666275 0.003200609935447574 
0 0 0 1 

0.458594799041748 0.7989586591720581 0.3890448808670044 -0.130528062582016 
-0.00169988616835326 0.4385833144187927 -0.8986889123916626 0.2989906370639801 
-0.8886438608169556 0.4114726781845093 0.2024901509284973 0.02197055704891682 
0 0 0 1 

