0.6940192580223083 0.7154214382171631 -0.08067923039197922 0.008313782513141632 
-0.7194980382919312 0.6852113604545593 -0.1131713688373566 0.08085432648658752 
-0.02568294294178486 0.1365916728973389 0.9902944564819336 -0.2994373142719269 
0 0 0 1 

0.40546715259552 0.9119607210159302 -0.06264057010412216 0.0160153117030859 
-0.9139662981033325 0.4056635200977325 -0.01012340094894171 0.04602106288075447 
0.01617883890867233 0.0613560825586319 0.9979848265647888 -0.3146286904811859 
0 0 0 1 

0.2926004528999329 0.9539889097213745 -0.06549862027168274 0.02195079252123833 
-0.955227255821228 0.2947491109371185 0.02576248720288277 0.03331885486841202 
0.04388278350234032 0.05502795428037643 0.9975200295448303 -0.3171580135822296 
0 0 0 1 

0.1766142845153809 0.9803532361984253 -0.08783330768346786 0.03423463925719261 
-0.9818288087844849 0.1817654222249985 0.05452741682529449 0.02320747077465057 
0.06942118704319 0.07660696655511856 0.9946416616439819 -0.3175936639308929 
0 0 0 1 

0.09941015392541885 0.9914779663085938 -0.08419586718082428 0.03631822019815445 
-0.9908273220062256 0.1064174026250839 0.08328469097614288 0.01219197176396847 
0.09153484553098679 0.07514423877000809 0.9929625988006592 -0.3173728883266449 
0 0 0 1 

0.01613255962729454 0.9953009486198425 -0.09547793120145798 0.04472523182630539 
-0.9973556399345398 0.02278625778853893 0.06901328265666962 0.01875679008662701 
0.07086458057165146 0.09411206096410751 0.9930363297462463 -0.3111109435558319 
0 0 0 1 

-0.08978408575057983 0.890116810798645 -0.4468007981777191 0.1660548746585846 
-0.9905705451965332 -0.03319554775953293 0.1329218000173569 -0.001607973710633814 
0.1034841537475586 0.4545219242572784 0.8847038149833679 -0.2700777649879456 
0 0 0 1 

-0.1613356918096542 0.8664871454238892 -0.4724096059799194 0.1760534793138504 
-0.9774643182754517 -0.07426392287015915 0.1976064443588257 -0.02439208701252937 
0.1361404657363892 0.493644505739212 0.8589417338371277 -0.2629735767841339 
0 0 0 1 

-0.1300407201051712 0.8117351531982422 -0.5693638920783997 0.2005810588598251 
-0.9914915561676025 -0.1098261848092079 0.06987527757883072 0.01657134294509888 
-0.005810899194329977 0.5736061930656433 0.8191105723381042 -0.2433938235044479 
0 0 0 1 

-0.09706507623195648 0.8244971632957458 -0.5574790835380554 0.1911616325378418 
-0.9951065182685852 -0.09079670161008835 0.0389762744307518 0.02940519712865353 
-0.01848133094608784 0.5585341453552246 0.8292754888534546 -0.248205691576004 
0 0 0 1 

