0.9821917414665222 0.07465866208076477 -0.1724108308553696 -0.004902245942503214 
0.1777206063270569 -0.07149717211723328 0.9814802408218384 -0.3309711515903473 
0.06094912812113762 -0.9946427345275879 -0.08349227905273438 0.03660252317786217 
0 0 0 1 

0.9829484820365906 -0.0205380991101265 -0.1827307045459747 0.0005440915119834244 
0.1791771352291107 -0.1163596957921982 0.9769114255905151 -0.3315536081790924 
-0.04132640734314919 -0.9929946660995483 -0.110695593059063 0.05726853758096695 
0 0 0 1 

0.9456313848495483 -0.2908176779747009 -0.1456238925457001 -0.006669973023235798 
0.1299177557229996 -0.07271428406238556 0.9888549447059631 -0.3327440917491913 
-0.2981654107570648 -0.9540114402770996 -0.03097858466207981 0.04321212694048882 
0 0 0 1 

-0.2404253929853439 0.9577258825302124 0.1579777151346207 -0.01967536844313145 
0.9018961191177368 0.1602430194616318 0.4011304676532745 -0.193779245018959 
0.3588581681251526 0.2389213889837265 -0.9022957682609558 0.272615522146225 
0 0 0 1 

-0.3656391203403473 0.8965097069740295 0.250157356262207 -0.04211031645536423 
0.8222535848617554 0.1851917505264282 0.5381479859352112 -0.2304997742176056 
0.4361277222633362 0.4024606347084045 -0.8048716187477112 0.2413851469755173 
0 0 0 1 

-0.4638791084289551 0.8463050127029419 0.2618853449821472 -0.04114488512277603 
0.7345550656318665 0.2021908909082413 0.647724986076355 -0.2586970627307892 
0.4952220916748047 0.4928353726863861 -0.7154495716094971 0.2125063240528107 
0 0 0 1 

-0.5606627464294434 0.7858260869979858 0.2610259056091309 -0.03652394562959671 
0.6515780091285706 0.2241569459438324 0.7247066497802734 -0.2777843177318573 
0.5109826326370239 0.57639479637146 -0.6377033591270447 0.189566895365715 
0 0 0 1 

-0.6312112212181091 0.7428471446037292 0.2230475544929504 -0.02166552655398846 
0.5804535746574402 0.2616925239562988 0.7710970044136047 -0.2885348796844482 
0.5144374370574951 0.6161938905715942 -0.5963715314865112 0.1774792224168777 
0 0 0 1 

-0.6891622543334961 0.7123875617980957 0.132510706782341 0.01051904447376728 
0.4778707921504974 0.3093633651733398 0.8221518993377686 -0.2994308769702911 
0.5446968674659729 0.6299192309379578 -0.5536307692527771 0.1624592393636703 
0 0 0 1 

-0.7008305191993713 0.7079448699951172 0.08746945858001709 0.02447332069277763 
0.4216011464595795 0.3121764957904816 0.8513511419296265 -0.306065171957016 
0.5754036903381348 0.6335299015045166 -0.5172529816627502 0.1494151949882507 
0 0 0 1 

