0.4528546333312988 0.8897168040275574 -0.05767723172903061 0.0136260949075222 
-0.891336977481842 0.4502569139003754 -0.0527929924428463 0.0551195815205574 
-0.02100124210119247 0.07531740516424179 0.9969384074211121 -0.3028578758239746 
0 0 0 1 

0.3534321486949921 0.9320780038833618 -0.07947452366352081 0.02485576085746288 
-0.9353679418563843 0.3533121347427368 -0.0160385612398386 0.04103733226656914 
0.01313012093305588 0.08000647276639938 0.9967078566551208 -0.3045802712440491 
0 0 0 1 

0.3614925742149353 0.9197388291358948 -0.1529819369316101 0.04772985354065895 
-0.9301630854606628 0.3670425415039062 0.008734389208257198 0.0322083979845047 
0.06418421864509583 0.1391407400369644 0.9881904125213623 -0.292460560798645 
0 0 0 1 

0.3983447253704071 0.901941180229187 -0.1668036878108978 0.04998671263456345 
-0.9171990156173706 0.3933125734329224 -0.0636475533246994 0.05728388205170631 
0.008199598640203476 0.1783458590507507 0.983933687210083 -0.2876488864421844 
0 0 0 1 

0.4517932832241058 0.8714348673820496 -0.1910078227519989 0.05413937568664551 
-0.8904761672019958 0.4275004863739014 -0.1558696180582047 0.08526916801929474 
-0.05417431145906448 0.2405087798833847 0.9691339731216431 -0.2779618203639984 
0 0 0 1 

0.523064136505127 0.832791268825531 -0.1812802255153656 0.0456513836979866 
-0.8456899523735046 0.4807103872299194 -0.2317885309457779 0.106038361787796 
-0.1058882102370262 0.2745471298694611 0.9557256698608398 -0.2696235179901123 
0 0 0 1 

0.5915903449058533 0.7864931225776672 -0.177339568734169 0.04008376970887184 
-0.7939886450767517 0.5301355719566345 -0.2975535690784454 0.1224200502038002 
-0.1400098651647568 0.3168354332447052 0.9380898475646973 -0.260705292224884 
0 0 0 1 

0.3584300577640533 0.8986981511116028 -0.252723902463913 0.06713420152664185 
-0.8947144150733948 0.4079648852348328 0.1817981451749802 -0.0007830524700693786 
0.2664841413497925 0.1609538644552231 0.9503052234649658 -0.3155691623687744 
0 0 0 1 

0.9379981756210327 0.3053689002990723 -0.1640400290489197 0.006664622575044632 
-0.3322927355766296 0.9268569350242615 -0.1746930629014969 0.08481325209140778 
0.09869576990604401 0.218371108174324 0.970862090587616 -0.2739063501358032 
0 0 0 1 

0.9532608985900879 0.2388932704925537 -0.1849962323904037 0.01124260202050209 
-0.2720264196395874 0.9450501203536987 -0.1813334077596664 0.08346927911043167 
0.1315113455057144 0.2231819480657578 0.9658646583557129 -0.2735658884048462 
0 0 0 1 

