0.8962938785552979 0.4432429671287537 -0.01389100309461355 -0.02517206408083439 
-0.425238162279129 0.8679292798042297 0.2566538751125336 -0.05404043942689896 
0.1258164495229721 -0.2241302877664566 0.9664035439491272 -0.2630762755870819 
0 0 0 1 

0.9002179503440857 0.43517205119133 -0.01526199746876955 -0.02429511398077011 
-0.3992107808589935 0.8388091921806335 0.3701752424240112 -0.09153231978416443 
0.1738919168710709 -0.3271456062793732 0.9288365244865417 -0.253418356180191 
0 0 0 1 

0.904036819934845 0.4273238182067871 -0.01056518871337175 -0.02698303759098053 
-0.376008003950119 0.8067443370819092 0.4558302760124207 -0.1200495660305023 
0.2033107429742813 -0.4081147313117981 0.8900038599967957 -0.2439341396093369 
0 0 0 1 

0.9148404002189636 0.4036711454391479 -0.01079512108117342 -0.0298689603805542 
-0.3322156369686127 0.7675600051879883 0.548164427280426 -0.150787428021431 
0.2295641452074051 -0.497896671295166 0.8363009095191956 -0.230904832482338 
0 0 0 1 

0.9089605212211609 0.4167026281356812 0.01222922839224339 -0.03761272504925728 
-0.3314447104930878 0.7045713067054749 0.6274737119674683 -0.1747299581766129 
0.2528537511825562 -0.5744021534919739 0.7785414457321167 -0.2169627994298935 
0 0 0 1 

0.9164069890975952 0.3991869986057281 0.02911927551031113 -0.04473263397812843 
-0.2944751381874084 0.6231698989868164 0.7245298624038696 -0.2056380361318588 
0.2710767090320587 -0.6725390553474426 0.6886278986930847 -0.1921999305486679 
0 0 0 1 

0.9241697788238525 0.3787094950675964 0.04989270865917206 -0.05235128477215767 
-0.267073780298233 0.547241747379303 0.7932199835777283 -0.2282558679580688 
0.2730966210365295 -0.7463949918746948 0.6068876385688782 -0.1676235795021057 
0 0 0 1 

0.9315199255943298 0.3604924082756042 0.04812294989824295 -0.05375099554657936 
-0.2270020097494125 0.4729284346103668 0.8513569831848145 -0.2480334490537643 
0.2841490507125854 -0.8039799928665161 0.5223747491836548 -0.1436374634504318 
0 0 0 1 

0.9413108229637146 0.3331705331802368 0.05414292216300964 -0.05837384611368179 
-0.1954828202724457 0.4073237180709839 0.8921176195144653 -0.2616891264915466 
0.2751736342906952 -0.8503438830375671 0.4485473036766052 -0.1231014356017113 
0 0 0 1 

0.9425329566001892 0.32911217212677 0.05759353190660477 -0.05995877832174301 
-0.1916198879480362 0.3912571668624878 0.9001110792160034 -0.2646377086639404 
0.2737036347389221 -0.8594202995300293 0.431837260723114 -0.1185143366456032 
0 0 0 1 

