1.000000000000000000e+00 0.000000000000000000e+00 0.000000000000000000e+00 -4.097584310382009209e-01
0.000000000000000000e+00 -1.000000000000000000e+00 0.000000000000000000e+00 -1.932597221741734483e-02
0.000000000000000000e+00 0.000000000000000000e+00 -1.000000000000000000e+00 -2.664692399556274349e+00
0.000000000000000000e+00 0.000000000000000000e+00 0.000000000000000000e+00 1.000000000000000000e+00
9.967248439788818359e-01 -7.969607412815093994e-02 -1.371694728732109070e-02 -4.351274485021128235e-01
-7.943625748157501221e-02 -9.966673851013183594e-01 1.854590512812137604e-02 6.247509909861576755e-02
-1.514926925301551819e-02 -1.739554293453693390e-02 -9.997339248657226562e-01 -2.718973162672834842e+00
0.000000000000000000e+00 0.000000000000000000e+00 0.000000000000000000e+00 1.000000000000000000e+00
9.860566854476928711e-01 -1.638021320104598999e-01 -2.934151329100131989e-02 -4.618270844582542112e-01
-1.622671037912368774e-01 -9.855432510375976562e-01 4.872046411037445068e-02 1.942017854379512187e-01
-3.689789399504661560e-02 -4.327994585037231445e-02 -9.983813762664794922e-01 -2.712878193907743984e+00
0.000000000000000000e+00 0.000000000000000000e+00 0.000000000000000000e+00 1.000000000000000000e+00
9.664338231086730957e-01 -2.543451488018035889e-01 -3.625036776065826416e-02 -4.603211749071681735e-01
-2.510300278663635254e-01 -9.648758172988891602e-01 7.745083421468734741e-02 3.221968193555469484e-01
-5.467635393142700195e-02 -6.575118005275726318e-02 -9.963369965553283691e-01 -2.705550048059567114e+00
0.000000000000000000e+00 0.000000000000000000e+00 0.000000000000000000e+00 1.000000000000000000e+00
9.371953010559082031e-01 -3.451893627643585205e-01 -5.009132623672485352e-02 -4.722911880392255957e-01
-3.374389708042144775e-01 -9.336197972297668457e-01 1.203686222434043884e-01 4.876283942633244384e-01
-8.831629157066345215e-02 -9.590610861778259277e-02 -9.914646744728088379e-01 -2.680639263912638626e+00
0.000000000000000000e+00 0.000000000000000000e+00 0.000000000000000000e+00 1.000000000000000000e+00
8.932765126228332520e-01 -4.485998153686523438e-01 -2.855044417083263397e-02 -3.828041711945193160e-01
-4.411064684391021729e-01 -8.870341777801513672e-01 1.363646686077117920e-01 5.706358160939609681e-01
-8.649842441082000732e-02 -1.092175692319869995e-01 -9.902472496032714844e-01 -2.689011015875880872e+00
0.000000000000000000e+00 0.000000000000000000e+00 0.000000000000000000e+00 1.000000000000000000e+00
8.451853394508361816e-01 -5.342149138450622559e-01 -1.660688780248165131e-02 -3.215069712614406217e-01
-5.247952342033386230e-01 -8.353669047355651855e-01 1.635598987340927124e-01 6.846152916306936786e-01
-1.012490615248680115e-01 -1.295232027769088745e-01 -9.863936901092529297e-01 -2.676938077021740359e+00
0.000000000000000000e+00 0.000000000000000000e+00 0.000000000000000000e+00 1.000000000000000000e+00
7.936253547668457031e-01 -6.083698272705078125e-01 6.693031173199415207e-03 -2.265051673233271501e-01
-6.004640460014343262e-01 -7.814456820487976074e-01 1.696627438068389893e-01 7.328242649651522944e-01
-9.798746556043624878e-02 -1.386675685644149780e-01 -9.854794144630432129e-01 -2.683799607867120240e+00
0.000000000000000000e+00 0.000000000000000000e+00 0.000000000000000000e+00 1.000000000000000000e+00
7.237883210182189941e-01 -6.891575455665588379e-01 3.452600538730621338e-02 -9.920185530991763867e-02
-6.844529509544372559e-01 -7.107033729553222656e-01 1.625566780567169189e-01 7.407533397443401002e-01
-8.748946338891983032e-02 -1.412880420684814453e-01 -9.860949516296386719e-01 -2.693161433532333948e+00
0.000000000000000000e+00 0.000000000000000000e+00 0.000000000000000000e+00 1.000000000000000000e+00
6.484687328338623047e-01 -7.605819702148437500e-01 3.167178854346275330e-02 -5.903461799451102665e-02
-7.566344738006591797e-01 -6.394162178039550781e-01 1.365679651498794556e-01 6.909644013878458724e-01
-8.361973613500595093e-02 -1.125240102410316467e-01 -9.901242852210998535e-01 -2.720160257730215303e+00
0.000000000000000000e+00 0.000000000000000000e+00 0.000000000000000000e+00 1.000000000000000000e+00
5.531263351440429688e-01 -8.321592807769775391e-01 3.952164575457572937e-02 1.775185001193979595e-02
-8.311654329299926758e-01 -5.479935407638549805e-01 9.416446089744567871e-02 5.848647452914487177e-01
-5.670224502682685852e-02 -8.493386209011077881e-02 -9.947718977928161621e-01 -2.766053816228207118e+00
0.000000000000000000e+00 0.000000000000000000e+00 0.000000000000000000e+00 1.000000000000000000e+00
4.604961276054382324e-01 -8.829359412193298340e-01 9.147327393293380737e-02 2.255647994459074601e-01
-8.876333832740783691e-01 -4.572073221206665039e-01 5.539333447813987732e-02 4.757217094240770994e-01
-7.086522411555051804e-03 -1.067031472921371460e-01 -9.942656755447387695e-01 -2.799551585751850258e+00
0.000000000000000000e+00 0.000000000000000000e+00 0.000000000000000000e+00 1.000000000000000000e+00
3.524822294712066650e-01 -9.301123023033142090e-01 1.031857728958129883e-01 3.022887163194596383e-01
-9.356011748313903809e-01 -3.526275753974914551e-01 1.744019426405429840e-02 3.455703747303264795e-01
2.016480639576911926e-02 -1.026880964636802673e-01 -9.945092201232910156e-01 -2.814253407593360734e+00
0.000000000000000000e+00 0.000000000000000000e+00 0.000000000000000000e+00 1.000000000000000000e+00
2.724688649177551270e-01 -9.540891647338867188e-01 1.243966966867446899e-01 3.875015218024322472e-01
-9.587609767913818359e-01 -2.800914645195007324e-01 -4.823058098554611206e-02 1.213091957868728393e-01
8.085872977972030640e-02 -1.061253696680068970e-01 -9.910596609115600586e-01 -2.812069616267440342e+00
0.000000000000000000e+00 0.000000000000000000e+00 0.000000000000000000e+00 1.000000000000000000e+00
1.934628933668136597e-01 -9.688101410865783691e-01 1.548518091440200806e-01 4.902760286158912573e-01
-9.724010825157165527e-01 -2.103229910135269165e-01 -1.009966805577278137e-01 -6.121351605342746638e-02
1.304154992103576660e-01 -1.310389637947082520e-01 -9.827617406845092773e-01 -2.796792734895576338e+00
0.000000000000000000e+00 0.000000000000000000e+00 0.000000000000000000e+00 1.000000000000000000e+00
1.205102875828742981e-01 -9.796489477157592773e-01 1.605157256126403809e-01 5.148441294354407782e-01
-9.697595834732055664e-01 -1.507439464330673218e-01 -1.919443756341934204e-01 -3.427442534490282577e-01
2.122348695993423462e-01 -1.325303763151168823e-01 -9.681900739669799805e-01 -2.768929389820248943e+00
0.000000000000000000e+00 0.000000000000000000e+00 0.000000000000000000e+00 1.000000000000000000e+00
