1 0 0 -0.03619798645377159 
0 1 0 -0.001327119767665863 
0 0 1 -0.2960163652896881 
0 0 0 1 

0.9932648539543152 0.1129877716302872 -0.02566558867692947 -0.03201641142368317 
-0.1137429475784302 0.9930523037910461 -0.03016109578311443 0.02051124721765518 
0.02207944355905056 0.03287722915410995 0.9992154836654663 -0.2985036075115204 
0 0 0 1 

0.9795783162117004 0.1917309015989304 -0.06054400652647018 -0.02265154756605625 
-0.1945170909166336 0.9799105525016785 -0.04402705281972885 0.03730741888284683 
0.0508863553404808 0.05490480363368988 0.9971940517425537 -0.3001975417137146 
0 0 0 1 

0.9585047364234924 0.2700306475162506 -0.09139056503772736 -0.01332462206482887 
-0.2761921584606171 0.9590305685997009 -0.06306924670934677 0.05300059914588928 
0.07061567902565002 0.08569364994764328 0.9938159584999084 -0.3002492189407349 
0 0 0 1 

