-0.1273094862699509 0.771903932094574 -0.6228617429733276 0.2179904580116272 
-0.9916315674781799 -0.1126206368207932 0.06311486661434174 0.01850009150803089 
-0.02142844349145889 0.6256844997406006 0.7797818779945374 -0.2287660092115402 
0 0 0 1 

-0.08882704377174377 0.6851290464401245 -0.7229856252670288 0.2404408305883408 
-0.9949550628662109 -0.02705157920718193 0.09660644829273224 0.01095351576805115 
0.04663005843758583 0.727919340133667 0.6840753555297852 -0.2086057662963867 
0 0 0 1 

-0.06436248123645782 0.515960693359375 -0.8541908860206604 0.2780012488365173 
-0.985727071762085 0.1005620807409286 0.1350165903568268 -0.0007302442099899054 
0.1555624902248383 0.8506891131401062 0.5021239519119263 -0.1522178053855896 
0 0 0 1 

-0.1237818747758865 0.3728432953357697 -0.9196009635925293 0.2966158092021942 
-0.9857349395751953 0.06030066683888435 0.1571321040391922 -0.01151689607650042 
0.1140381768345833 0.9259328842163086 0.3600605726242065 -0.1031739562749863 
0 0 0 1 

-0.1932685226202011 0.2757886946201324 -0.9415878057479858 0.3050189912319183 
-0.9750990271568298 0.05239084362983704 0.2154921740293503 -0.03051707893610001 
0.1087607964873314 0.9597893953323364 0.2587959170341492 -0.07143817096948624 
0 0 0 1 

-0.2744588255882263 0.1485039293766022 -0.9500624537467957 0.3110083937644958 
-0.9595455527305603 0.02223343029618263 0.2806737422943115 -0.05164100229740143 
0.06280422210693359 0.9886617660522461 0.1363942474126816 -0.03027638792991638 
0 0 0 1 

-0.2997221052646637 -0.3758190870285034 -0.8768845200538635 0.2910677790641785 
-0.9489494562149048 0.02274294011294842 0.3146069049835205 -0.06029689311981201 
-0.09829245507717133 0.9264138340950012 -0.3634498119354248 0.136685773730278 
0 0 0 1 

-0.2402176409959793 -0.5552548170089722 -0.7962333559989929 0.2603052258491516 
-0.9682090878486633 0.07810243219137192 0.2376367002725601 -0.03630728274583817 
-0.06976117193698883 0.8280048966407776 -0.5563643574714661 0.1962273418903351 
0 0 0 1 

-0.1309569031000137 -0.5726871490478516 -0.8092461228370667 0.2557410299777985 
-0.9899658560752869 0.0318366140127182 0.1376722902059555 -0.002633647527545691 
-0.05307968705892563 0.8191553354263306 -0.5711098909378052 0.2002923041582108 
0 0 0 1 

-0.0194560419768095 -0.568148136138916 -0.8226963877677917 0.2510135769844055 
-0.9995005130767822 -0.009443117305636406 0.03015874139964581 0.03025065176188946 
-0.0249034408479929 0.8228722214698792 -0.5676804184913635 0.1971447169780731 
0 0 0 1 

