1.000000000000000000e+00 0.000000000000000000e+00 0.000000000000000000e+00 -3.619798645377159119e-02
0.000000000000000000e+00 1.000000000000000000e+00 0.000000000000000000e+00 -1.327119767665863037e-03
0.000000000000000000e+00 0.000000000000000000e+00 1.000000000000000000e+00 -2.960163652896881104e-01
0.000000000000000000e+00 0.000000000000000000e+00 0.000000000000000000e+00 1.000000000000000000e+00
9.907463788986206055e-01 1.353038400411605835e-01 1.069205440580844879e-02 -4.277430474758148193e-02
-1.345044821500778198e-01 9.893248081207275391e-01 -5.607918649911880493e-02 2.742221578955650330e-02
-1.816568151116371155e-02 5.412211269140243530e-02 9.983689785003662109e-01 -2.969204783439636230e-01
0.000000000000000000e+00 0.000000000000000000e+00 0.000000000000000000e+00 1.000000000000000000e+00
9.722433090209960938e-01 2.320092618465423584e-01 3.023917973041534424e-02 -4.898167774081230164e-02
-2.279428094625473022e-01 9.683972597122192383e-01 -1.012341380119323730e-01 5.179014429450035095e-02
-5.277088284492492676e-02 9.153140336275100708e-02 9.944030046463012695e-01 -2.947517931461334229e-01
0.000000000000000000e+00 0.000000000000000000e+00 0.000000000000000000e+00 1.000000000000000000e+00
9.419002532958984375e-01 3.342817425727844238e-01 3.285489231348037720e-02 -4.874327033758163452e-02
-3.265278339385986328e-01 9.341853260993957520e-01 -1.437961310148239136e-01 7.386738806962966919e-02
-7.876105606555938721e-02 1.247136145830154419e-01 9.890619516372680664e-01 -2.916796207427978516e-01
0.000000000000000000e+00 0.000000000000000000e+00 0.000000000000000000e+00 1.000000000000000000e+00
8.971680402755737305e-01 4.416470229625701904e-01 -6.091743707656860352e-03 -3.149952366948127747e-02
-4.365142881870269775e-01 8.844677805900573730e-01 -1.648391187191009521e-01 8.720246702432632446e-02
-6.741279363632202148e-02 1.505475342273712158e-01 9.863018393516540527e-01 -2.912691235542297363e-01
0.000000000000000000e+00 0.000000000000000000e+00 0.000000000000000000e+00 1.000000000000000000e+00
8.345078825950622559e-01 5.507600903511047363e-01 -1.612122543156147003e-02 -2.252917177975177765e-02
-5.433551669120788574e-01 8.177278041839599609e-01 -1.899628639221191406e-01 1.011388376355171204e-01
-9.144125878810882568e-02 1.672850549221038818e-01 9.816589355468750000e-01 -2.894047498703002930e-01
0.000000000000000000e+00 0.000000000000000000e+00 0.000000000000000000e+00 1.000000000000000000e+00
7.565607428550720215e-01 6.522323489189147949e-01 -4.699531197547912598e-02 -5.991221871227025986e-03
-6.494891643524169922e-01 7.411329150199890137e-01 -1.699570268392562866e-01 9.906407445669174194e-02
-7.602180540561676025e-02 1.591058075428009033e-01 9.843302965164184570e-01 -2.926267385482788086e-01
0.000000000000000000e+00 0.000000000000000000e+00 0.000000000000000000e+00 1.000000000000000000e+00
6.954748034477233887e-01 7.146278023719787598e-01 -7.497791945934295654e-02 6.598955951631069183e-03
-7.179337143898010254e-01 6.867635250091552734e-01 -1.136944219470024109e-01 8.109772950410842896e-02
-2.975714392960071564e-02 1.329007893800735474e-01 9.906826615333557129e-01 -2.993298172950744629e-01
0.000000000000000000e+00 0.000000000000000000e+00 0.000000000000000000e+00 1.000000000000000000e+00
5.879868268966674805e-01 8.076201081275939941e-01 -4.495357349514961243e-02 7.657907553948462009e-04
-8.081135153770446777e-01 5.841253399848937988e-01 -7.582847774028778076e-02 6.913232058286666870e-02
-3.498210757970809937e-02 8.091372996568679810e-02 9.961071014404296875e-01 -3.066384792327880859e-01
0.000000000000000000e+00 0.000000000000000000e+00 0.000000000000000000e+00 1.000000000000000000e+00
5.029531717300415039e-01 8.633845448493957520e-01 -4.006299003958702087e-02 4.108944907784461975e-03
-8.637821674346923828e-01 5.004785060882568359e-01 -5.832288041710853577e-02 6.397449970245361328e-02
-3.030440770089626312e-02 6.393937766551971436e-02 9.974935650825500488e-01 -3.105333149433135986e-01
0.000000000000000000e+00 0.000000000000000000e+00 0.000000000000000000e+00 1.000000000000000000e+00
4.057407975196838379e-01 9.118756055831909180e-01 -6.210477650165557861e-02 1.576637290418148041e-02
-9.138010144233703613e-01 4.060947597026824951e-01 -7.382971234619617462e-03 4.546342417597770691e-02
1.848806254565715790e-02 5.974698811769485474e-02 9.980423450469970703e-01 -3.147861361503601074e-01
0.000000000000000000e+00 0.000000000000000000e+00 0.000000000000000000e+00 1.000000000000000000e+00
2.941504716873168945e-01 9.538549184799194336e-01 -6.029763445258140564e-02 2.037829533219337463e-02
-9.547711014747619629e-01 2.961287796497344971e-01 2.682669274508953094e-02 3.310392051935195923e-02
4.344462975859642029e-02 4.967937618494033813e-02 9.978197813034057617e-01 -3.172505199909210205e-01
0.000000000000000000e+00 0.000000000000000000e+00 0.000000000000000000e+00 1.000000000000000000e+00
1.792963892221450806e-01 9.809880852699279785e-01 -7.426225394010543823e-02 3.007304109632968903e-02
-9.814574122428894043e-01 1.835605800151824951e-01 5.519583821296691895e-02 2.276214957237243652e-02
6.777809560298919678e-02 6.298884004354476929e-02 9.957100749015808105e-01 -3.179498314857482910e-01
0.000000000000000000e+00 0.000000000000000000e+00 0.000000000000000000e+00 1.000000000000000000e+00
1.051243841648101807e-01 9.912604093551635742e-01 -7.969709485769271851e-02 3.480658680200576782e-02
-9.901537895202636719e-01 1.117818430066108704e-01 8.426393568515777588e-02 1.175155770033597946e-02
9.243617951869964600e-02 7.005417346954345703e-02 9.932512044906616211e-01 -3.175488412380218506e-01
0.000000000000000000e+00 0.000000000000000000e+00 0.000000000000000000e+00 1.000000000000000000e+00
1.802126690745353699e-02 9.961459040641784668e-01 -8.584053814411163330e-02 4.190027341246604919e-02
-9.973022937774658203e-01 2.401943877339363098e-02 6.936307251453399658e-02 1.858023926615715027e-02
7.115757465362548828e-02 8.435895293951034546e-02 9.938914775848388672e-01 -3.115818500518798828e-01
0.000000000000000000e+00 0.000000000000000000e+00 0.000000000000000000e+00 1.000000000000000000e+00
-9.330314397811889648e-02 8.627598285675048828e-01 -4.969302415847778320e-01 1.827219724655151367e-01
-9.909452199935913086e-01 -3.207056596875190735e-02 1.303787678480148315e-01 -1.169898896478116512e-03
9.654866904020309448e-02 5.045955777168273926e-01 8.579403758049011230e-01 -2.597168385982513428e-01
0.000000000000000000e+00 0.000000000000000000e+00 0.000000000000000000e+00 1.000000000000000000e+00
-1.657494902610778809e-01 8.353936076164245605e-01 -5.240654945373535156e-01 1.932110637426376343e-01
-9.784442186355590820e-01 -7.292911410331726074e-02 1.932051628828048706e-01 -2.317456528544425964e-02
1.231827065348625183e-01 5.447925329208374023e-01 8.294739723205566406e-01 -2.515805363655090332e-01
0.000000000000000000e+00 0.000000000000000000e+00 0.000000000000000000e+00 1.000000000000000000e+00
-1.264687925577163696e-01 7.693699002265930176e-01 -6.261595487594604492e-01 2.189783006906509399e-01
-9.917688965797424316e-01 -1.107983812689781189e-01 6.417363137006759644e-02 1.833481155335903168e-02
-2.000417560338973999e-02 6.291214823722839355e-01 7.770495414733886719e-01 -2.278567403554916382e-01
0.000000000000000000e+00 0.000000000000000000e+00 0.000000000000000000e+00 1.000000000000000000e+00
-9.031923860311508179e-02 6.795553565025329590e-01 -7.280434370040893555e-01 2.419469505548477173e-01
-9.949370026588439941e-01 -2.921269461512565613e-02 9.616228938102722168e-02 1.110597793012857437e-02
4.407957196235656738e-02 7.330425381660461426e-01 6.787530779838562012e-01 -2.067724019289016724e-01
0.000000000000000000e+00 0.000000000000000000e+00 0.000000000000000000e+00 1.000000000000000000e+00
-6.515330821275711060e-02 5.152511596679687500e-01 -8.545591235160827637e-01 2.780934274196624756e-01
-9.853277802467346191e-01 1.021604016423225403e-01 1.367203891277313232e-01 -1.301736454479396343e-03
1.577474772930145264e-01 8.509287238121032715e-01 5.010352134704589844e-01 -1.520152986049652100e-01
0.000000000000000000e+00 0.000000000000000000e+00 0.000000000000000000e+00 1.000000000000000000e+00
-1.249909102916717529e-01 3.784711956977844238e-01 -9.171351194381713867e-01 2.958635389804840088e-01
-9.855079054832458496e-01 5.948628485202789307e-02 1.588570624589920044e-01 -1.220175251364707947e-02
1.146797612309455872e-01 9.236996173858642578e-01 3.655511438846588135e-01 -1.047585010528564453e-01
0.000000000000000000e+00 0.000000000000000000e+00 0.000000000000000000e+00 1.000000000000000000e+00
-1.935733258724212646e-01 2.768144905567169189e-01 -9.412240982055664062e-01 3.048937618732452393e-01
-9.750611186027526855e-01 5.187403410673141479e-02 2.157885432243347168e-01 -3.064423985779285431e-02
1.085584312677383423e-01 9.595221281051635742e-01 2.598697245121002197e-01 -7.168087363243103027e-02
0.000000000000000000e+00 0.000000000000000000e+00 0.000000000000000000e+00 1.000000000000000000e+00
-2.732107639312744141e-01 1.511941850185394287e-01 -9.499977231025695801e-01 3.109120130538940430e-01
-9.600321054458618164e-01 1.953915134072303772e-02 2.792064547538757324e-01 -5.117814987897872925e-02
6.077633425593376160e-02 9.883107542991638184e-01 1.398131847381591797e-01 -3.111670538783073425e-02
0.000000000000000000e+00 0.000000000000000000e+00 0.000000000000000000e+00 1.000000000000000000e+00
-2.725110352039337158e-01 -5.457053184509277344e-01 -7.924287915229797363e-01 2.617030441761016846e-01
-9.498761296272277832e-01 2.144156582653522491e-02 3.118903636932373047e-01 -5.945578962564468384e-02
-1.532093286514282227e-01 8.377027511596679688e-01 -5.241955518722534180e-01 1.902189254760742188e-01
0.000000000000000000e+00 0.000000000000000000e+00 0.000000000000000000e+00 1.000000000000000000e+00
-2.291372567415237427e-01 -6.286245584487915039e-01 -7.431872487068176270e-01 2.425154447555541992e-01
-9.691643714904785156e-01 7.623648643493652344e-02 2.343252897262573242e-01 -3.543600440025329590e-02
-9.064468741416931152e-02 7.739632129669189453e-01 -6.267090439796447754e-01 2.193266749382019043e-01
0.000000000000000000e+00 0.000000000000000000e+00 0.000000000000000000e+00 1.000000000000000000e+00
-1.235743835568428040e-01 -6.450387239456176758e-01 -7.540914416313171387e-01 2.373688668012619019e-01
-9.902406930923461914e-01 3.081073984503746033e-02 1.359180212020874023e-01 -1.937830238603055477e-03
-6.443847715854644775e-02 7.635281682014465332e-01 -6.425509452819824219e-01 2.229410111904144287e-01
0.000000000000000000e+00 0.000000000000000000e+00 0.000000000000000000e+00 1.000000000000000000e+00
9.380246512591838837e-03 -6.660128235816955566e-01 -7.458814382553100586e-01 2.238452583551406860e-01
-9.995517134666442871e-01 -2.745431102812290192e-02 1.194400340318679810e-02 3.969737514853477478e-02
-2.843249961733818054e-02 7.454349994659423828e-01 -6.659717559814453125e-01 2.279966473579406738e-01
0.000000000000000000e+00 0.000000000000000000e+00 0.000000000000000000e+00 1.000000000000000000e+00
