0.9003461003303528 0.4350149631500244 -0.01177988667041063 -0.02528689615428448 
-0.4002112150192261 0.8383370041847229 0.3701646029949188 -0.09151645004749298 
0.1709027588367462 -0.3285617530345917 0.9288914203643799 -0.2533921003341675 
0 0 0 1 

0.9060050845146179 0.4232277572154999 -0.005736909341067076 -0.02828563190996647 
-0.3743291795253754 0.8075070977210999 0.4558614790439606 -0.1199688538908958 
0.1975659728050232 -0.4108652770519257 0.890032172203064 -0.2437914162874222 
0 0 0 1 

0.9141572713851929 0.4052102863788605 -0.01100277621299028 -0.02978277765214443 
-0.3335051834583282 0.7672645449638367 0.5477948784828186 -0.1506217122077942 
0.2304142564535141 -0.4971011281013489 0.8365402221679688 -0.2310226857662201 
0 0 0 1 

0.9104596972465515 0.4134173393249512 0.01221323385834694 -0.03770093992352486 
-0.3283420205116272 0.7045134305953979 0.6291677355766296 -0.1753101050853729 
0.2515046000480652 -0.5768418908119202 0.7771734595298767 -0.21640445291996 
0 0 0 1 

0.9146501421928406 0.4029497802257538 0.03235048428177834 -0.04555144906044006 
-0.2993184030056 0.6212794780731201 0.724168598651886 -0.2053183019161224 
0.2717049419879913 -0.6720439791679382 0.6888636946678162 -0.1921570301055908 
0 0 0 1 

0.9240993857383728 0.3782559335231781 0.05443169921636581 -0.05358945205807686 
-0.2698515355587006 0.545032262802124 0.793800950050354 -0.22820745408535 
0.2705928683280945 -0.7482393980026245 0.6057369709014893 -0.1670649647712708 
0 0 0 1 

0.931844174861908 0.3594830632209778 0.04937906563282013 -0.05408371984958649 
-0.2281579822301865 0.4746574461460114 0.8500847220420837 -0.2477896213531494 
0.2821529805660248 -0.8034127354621887 0.5243257284164429 -0.1442313939332962 
0 0 0 1 

0.9411991834640503 0.3330825865268707 0.05656923353672028 -0.05913853272795677 
-0.1981114447116852 0.4084835946559906 0.8910065889358521 -0.2613188624382019 
0.2736712396144867 -0.8498216867446899 0.4504519104957581 -0.1235450431704521 
0 0 0 1 

0.9539603590965271 0.2952229976654053 0.05294284969568253 -0.06115410476922989 
-0.1577666848897934 0.343787670135498 0.9256994128227234 -0.274782657623291 
0.2550867199897766 -0.8914331793785095 0.3745361864566803 -0.1001945286989212 
0 0 0 1 

0.953485906124115 0.2942096292972565 0.06561501324176788 -0.06487579643726349 
-0.1626354902982712 0.3188281655311584 0.9337549209594727 -0.2784361243247986 
0.2537997663021088 -0.9009934663772583 0.3518471121788025 -0.09299471974372864 
0 0 0 1 

