1 0 0 -0.04542167112231255 
0 1 0 0.0009935460984706879 
0 0 1 -0.2875000238418579 
0 0 0 1 

0.9966558814048767 0.08074366301298141 0.01255504321306944 -0.04783879593014717 
-0.0805203765630722 0.9966015219688416 -0.01737590134143829 0.009491059929132462 
-0.01391536090523005 0.01630686596035957 0.9997702240943909 -0.2933389842510223 
0 0 0 1 

0.8472496271133423 0.5309931635856628 0.0146319018676877 -0.03548050299286842 
-0.5217887759208679 0.8370921611785889 -0.1643560379743576 0.07730471342802048 
-0.09952027350664139 0.1316158026456833 0.9862925410270691 -0.2888533771038055 
0 0 0 1 

0.7954657673835754 0.605918288230896 -0.009855639189481735 -0.0247633308172226 
-0.5984734296798706 0.7829290628433228 -0.169857531785965 0.08223820477724075 
-0.09520352631807327 0.1410141885280609 0.9854193329811096 -0.2896930277347565 
0 0 0 1 

0.7228478789329529 0.6901431083679199 -0.03454304859042168 -0.01177465263754129 
-0.6854368448257446 0.7097901701927185 -0.1624007225036621 0.0831165686249733 
-0.0875614657998085 0.1410681009292603 0.9861200451850891 -0.2905828356742859 
0 0 0 1 

0.64886075258255 0.7602726817131042 -0.03106111846864223 -0.007760246749967337 
-0.7561202645301819 0.6396699547767639 -0.138217493891716 0.07822997868061066 
-0.08521418273448944 0.1131698340177536 0.9899147152900696 -0.2933845520019531 
0 0 0 1 

0.5520445108413696 0.8327924609184265 -0.04127229750156403 0.001413612393662333 
-0.8319573998451233 0.5468378663063049 -0.09388879686594009 0.06608312577009201 
-0.05562064796686172 0.0861675813794136 0.994726836681366 -0.2984852492809296 
0 0 0 1 

0.4598358571529388 0.8831103444099426 -0.09309737384319305 0.0238045547157526 
-0.8879826664924622 0.4565660953521729 -0.05508257448673248 0.0546036995947361 
-0.006138888653367758 0.1079978048801422 0.9941321611404419 -0.3020456731319427 
0 0 0 1 

0.3541041016578674 0.9297304749488831 -0.1010522395372391 0.03069173917174339 
-0.9349879622459412 0.3542820513248444 -0.01678577996790409 0.04036932066082954 
0.02019475027918816 0.10042654722929 0.9947395324707031 -0.3038846850395203 
0 0 0 1 

0.3006379902362823 0.9457189440727234 -0.1234211400151253 0.03913247585296631 
-0.9518831372261047 0.305597722530365 0.02298918552696705 0.02593020722270012 
0.05945851653814316 0.110571064054966 0.992088258266449 -0.3039267361164093 
0 0 0 1 

