1.000000000000000000e+00 0.000000000000000000e+00 0.000000000000000000e+00 -4.146692231928954531e-01
0.000000000000000000e+00 -1.000000000000000000e+00 0.000000000000000000e+00 -7.693198940031911737e-02
0.000000000000000000e+00 0.000000000000000000e+00 -1.000000000000000000e+00 -3.421550398492883005e+00
0.000000000000000000e+00 0.000000000000000000e+00 0.000000000000000000e+00 1.000000000000000000e+00
9.912278652191162109e-01 -1.318060755729675293e-01 -9.716256521642208099e-03 -4.873431123350833727e-01
-1.311388760805130005e-01 -9.900179505348205566e-01 5.164518579840660095e-02 2.507063432788500523e-01
-1.642645336687564850e-02 -4.991797357797622681e-02 -9.986181855201721191e-01 -3.433255716177087802e+00
0.000000000000000000e+00 0.000000000000000000e+00 0.000000000000000000e+00 1.000000000000000000e+00
9.711427688598632812e-01 -2.358009368181228638e-01 -3.577096015214920044e-02 -5.803582569847056671e-01
-2.314370870590209961e-01 -9.679553508758544922e-01 9.746159613132476807e-02 5.388088520990848007e-01
-5.760631337761878967e-02 -8.637035638093948364e-02 -9.945964217185974121e-01 -3.407635554736596184e+00
0.000000000000000000e+00 0.000000000000000000e+00 0.000000000000000000e+00 1.000000000000000000e+00
9.432762861251831055e-01 -3.307864964008331299e-01 -2.846100926399230957e-02 -5.460612677006568827e-01
-3.240615129470825195e-01 -9.359520673751831055e-01 1.377608329057693481e-01 7.853262533335074735e-01
-7.220765203237533569e-02 -1.207233965396881104e-01 -9.900565147399902344e-01 -3.379181615786185144e+00
0.000000000000000000e+00 0.000000000000000000e+00 0.000000000000000000e+00 1.000000000000000000e+00
8.951398730278015137e-01 -4.457590579986572266e-01 -4.795700777322053909e-03 -3.946911089829552854e-01
-4.393351376056671143e-01 -8.839611411094665527e-01 1.599899083375930786e-01 9.430325555277661032e-01
-7.555618137121200562e-02 -1.411064565181732178e-01 -9.871070384979248047e-01 -3.368431461400847482e+00
0.000000000000000000e+00 0.000000000000000000e+00 0.000000000000000000e+00 1.000000000000000000e+00
8.308157324790954590e-01 -5.564352869987487793e-01 1.115870010107755661e-02 -2.706701908108467558e-01
-5.483262538909912109e-01 -8.149459958076477051e-01 1.876186132431030273e-01 1.115722098679624574e+00
-9.530395269393920898e-02 -1.619950681924819946e-01 -9.821786284446716309e-01 -3.345270733427486043e+00
0.000000000000000000e+00 0.000000000000000000e+00 0.000000000000000000e+00 1.000000000000000000e+00
7.552857995033264160e-01 -6.539297103881835938e-01 4.380598664283752441e-02 -7.440532116286754927e-02
-6.506800651550292969e-01 -7.401719093322753906e-01 1.695912778377532959e-01 1.095499506097356246e+00
-7.847689837217330933e-02 -1.565935760736465454e-01 -9.845402836799621582e-01 -3.382663429023954116e+00
0.000000000000000000e+00 0.000000000000000000e+00 0.000000000000000000e+00 1.000000000000000000e+00
6.928074955940246582e-01 -7.170783877372741699e-01 7.626602053642272949e-02 8.702827981137765956e-02
-7.207029461860656738e-01 -6.849147081375122070e-01 1.071371510624885559e-01 8.618442783488023951e-01
-2.459007687866687775e-02 -1.291905790567398071e-01 -9.913149476051330566e-01 -3.468797028851067221e+00
0.000000000000000000e+00 0.000000000000000000e+00 0.000000000000000000e+00 1.000000000000000000e+00
5.876775383949279785e-01 -8.081436157226562500e-01 3.921804577112197876e-02 -7.040148432037819128e-03
-8.083958029747009277e-01 -5.844653844833374023e-01 6.997301429510116577e-02 7.259255922545608808e-01
-3.362667560577392578e-02 -7.282526791095733643e-02 -9.967778921127319336e-01 -3.547917710123344115e+00
0.000000000000000000e+00 0.000000000000000000e+00 0.000000000000000000e+00 1.000000000000000000e+00
5.016487836837768555e-01 -8.638153076171875000e-01 4.659555107355117798e-02 7.501179510472626155e-02
-8.647853136062622070e-01 -4.993707537651062012e-01 5.267802625894546509e-02 6.719648981160317724e-01
-2.223564684391021729e-02 -6.672106683254241943e-02 -9.975240230560302734e-01 -3.593059603165439597e+00
0.000000000000000000e+00 0.000000000000000000e+00 0.000000000000000000e+00 1.000000000000000000e+00
4.051645696163177490e-01 -9.122001528739929199e-01 6.109055876731872559e-02 1.842401074969877706e-01
-9.139351248741149902e-01 -4.058589935302734375e-01 1.138354768045246601e-03 4.553465038001457410e-01
2.375573292374610901e-02 -5.629404634237289429e-02 -9.981316328048706055e-01 -3.642243446710066834e+00
0.000000000000000000e+00 0.000000000000000000e+00 0.000000000000000000e+00 1.000000000000000000e+00
2.904822230339050293e-01 -9.552661776542663574e-01 5.555193871259689331e-02 2.256218744838202339e-01
-9.557857513427734375e-01 -2.924363911151885986e-01 -3.089041635394096375e-02 3.159792249166840095e-01
4.575397446751594543e-02 -4.412265494465827942e-02 -9.979771971702575684e-01 -3.670279609435928236e+00
0.000000000000000000e+00 0.000000000000000000e+00 0.000000000000000000e+00 1.000000000000000000e+00
1.789785921573638916e-01 -9.812131524085998535e-01 7.202029973268508911e-02 3.451806099423784246e-01
-9.813471436500549316e-01 -1.832649409770965576e-01 -5.806516483426094055e-02 1.986517962523105529e-01
7.017309963703155518e-02 -6.028454378247261047e-02 -9.957115650177001953e-01 -3.675976119243607787e+00
0.000000000000000000e+00 0.000000000000000000e+00 0.000000000000000000e+00 1.000000000000000000e+00
1.026321202516555786e-01 -9.918093085289001465e-01 7.603520154953002930e-02 3.931322592232313062e-01
-9.900241494178771973e-01 -1.092669740319252014e-01 -8.895479887723922729e-02 6.431742609584066572e-02
9.653428196907043457e-02 -6.614702939987182617e-02 -9.931293129920959473e-01 -3.673180948117474642e+00
0.000000000000000000e+00 0.000000000000000000e+00 0.000000000000000000e+00 1.000000000000000000e+00
2.213400043547153473e-02 -9.956637620925903320e-01 9.035340696573257446e-02 5.038321006834431959e-01
-9.969595670700073242e-01 -2.873553149402141571e-02 -7.242858409881591797e-02 1.505802560530573320e-01
7.471085339784622192e-02 -8.847557008266448975e-02 -9.932726025581359863e-01 -3.598470701492980872e+00
0.000000000000000000e+00 0.000000000000000000e+00 0.000000000000000000e+00 1.000000000000000000e+00
-8.493925631046295166e-02 -8.697249293327331543e-01 4.861721396446228027e-01 2.074780664243873307e+00
-9.910104274749755859e-01 2.312600985169410706e-02 -1.317691057920455933e-01 -7.047969149793324728e-02
1.033595800399780273e-01 -4.929943084716796875e-01 -8.638710975646972656e-01 -3.032059554664452428e+00
0.000000000000000000e+00 0.000000000000000000e+00 0.000000000000000000e+00 1.000000000000000000e+00
-1.640271246433258057e-01 -8.432318568229675293e-01 5.119135379791259766e-01 2.194688989986866456e+00
-9.779596328735351562e-01 7.104118913412094116e-02 -1.963372230529785156e-01 -3.366534632895257229e-01
1.291907876729965210e-01 -5.328353643417358398e-01 -8.362988829612731934e-01 -2.936787272275243055e+00
0.000000000000000000e+00 0.000000000000000000e+00 0.000000000000000000e+00 1.000000000000000000e+00
-1.251883804798126221e-01 -7.803871631622314453e-01 6.126367449760437012e-01 2.489077488454721099e+00
-9.920426607131958008e-01 1.067942604422569275e-01 -6.668121367692947388e-02 1.503017170262832825e-01
-1.338892616331577301e-02 -6.161094903945922852e-01 -7.875467538833618164e-01 -2.680112040269228668e+00
0.000000000000000000e+00 0.000000000000000000e+00 0.000000000000000000e+00 1.000000000000000000e+00
-8.132304996252059937e-02 -6.898638010025024414e-01 7.193568944931030273e-01 2.767310421757307903e+00
-9.951864480972290039e-01 1.660477370023727417e-02 -9.658153355121612549e-02 7.639008610702553714e-02
5.468328297138214111e-02 -7.237486243247985840e-01 -6.878935694694519043e-01 -2.430179654481471552e+00
0.000000000000000000e+00 0.000000000000000000e+00 0.000000000000000000e+00 1.000000000000000000e+00
-5.969149246811866760e-02 -5.194158554077148438e-01 8.524346947669982910e-01 3.210021372085286373e+00
-9.847772717475891113e-01 -1.090163290500640869e-01 -1.353859752416610718e-01 -6.494962324691733180e-02
1.632508337497711182e-01 -8.475391268730163574e-01 -5.050014257431030273e-01 -1.776509979848257537e+00
0.000000000000000000e+00 0.000000000000000000e+00 0.000000000000000000e+00 1.000000000000000000e+00
-1.227762252092361450e-01 -3.793450295925140381e-01 9.170731902122497559e-01 3.425093055063233027e+00
-9.854827523231506348e-01 -6.258121877908706665e-02 -1.578213721513748169e-01 -1.943863968738662462e-01
1.172602772712707520e-01 -9.231363534927368164e-01 -3.661545813083648682e-01 -1.215640314067514494e+00
0.000000000000000000e+00 0.000000000000000000e+00 0.000000000000000000e+00 1.000000000000000000e+00
-1.896128654479980469e-01 -2.849304080009460449e-01 9.396072030067443848e-01 3.522991260949652759e+00
-9.753996133804321289e-01 -5.492661893367767334e-02 -2.134919613599777222e-01 -4.020969067244800632e-01
1.124398559331893921e-01 -9.569733738899230957e-01 -2.675061225891113281e-01 -8.562845965584592323e-01
0.000000000000000000e+00 0.000000000000000000e+00 0.000000000000000000e+00 1.000000000000000000e+00
-2.697598934173583984e-01 -1.670375168323516846e-01 9.483289718627929688e-01 3.592304886640525385e+00
-9.606378674507141113e-01 -2.119165286421775818e-02 -2.769939899444580078e-01 -6.411955699557448929e-01
6.636504083871841431e-02 -9.857227206230163574e-01 -1.547460854053497314e-01 -4.130813286622354030e-01
0.000000000000000000e+00 0.000000000000000000e+00 0.000000000000000000e+00 1.000000000000000000e+00
-1.842869818210601807e-01 8.173303008079528809e-01 5.459026098251342773e-01 2.055258932642269443e+00
-9.540920257568359375e-01 -1.533834915608167648e-02 -2.991198301315307617e-01 -6.916950897603376669e-01
-2.361064702272415161e-01 -5.759654045104980469e-01 7.826350331306457520e-01 3.186837713131571270e+00
0.000000000000000000e+00 0.000000000000000000e+00 0.000000000000000000e+00 1.000000000000000000e+00
-1.865302026271820068e-01 8.184487223625183105e-01 5.434594750404357910e-01 2.033165050720872280e+00
-9.711816310882568359e-01 -7.007192820310592651e-02 -2.278078049421310425e-01 -4.387040098071176009e-01
-1.483677178621292114e-01 -5.702908039093017578e-01 8.079328536987304688e-01 3.227465072169601878e+00
0.000000000000000000e+00 0.000000000000000000e+00 0.000000000000000000e+00 1.000000000000000000e+00
-9.607412666082382202e-02 8.256291747093200684e-01 5.559726357460021973e-01 1.991521688859525074e+00
-9.915506839752197266e-01 -3.047495335340499878e-02 -1.260886341333389282e-01 -4.082582542175906132e-02
-8.715935796499252319e-02 -5.633890628814697266e-01 8.215807080268859863e-01 3.231783471956035658e+00
0.000000000000000000e+00 0.000000000000000000e+00 0.000000000000000000e+00 1.000000000000000000e+00
2.079645544290542603e-02 8.363683819770812988e-01 5.477728247642517090e-01 1.848492103276595078e+00
-9.996492862701416016e-01 2.637627720832824707e-02 -2.321010688319802284e-03 4.410311618995532701e-01
-1.638950780034065247e-02 -5.475324392318725586e-01 8.366234898567199707e-01 3.226447173497080989e+00
0.000000000000000000e+00 0.000000000000000000e+00 0.000000000000000000e+00 1.000000000000000000e+00
5.302537605166435242e-02 8.407465815544128418e-01 5.388258099555969238e-01 1.779608318305205383e+00
-9.925740957260131836e-01 -1.477979216724634171e-02 1.207397282123565674e-01 8.982860332196299646e-01
1.094752401113510132e-01 -5.412268042564392090e-01 8.337195515632629395e-01 3.117881885890436244e+00
0.000000000000000000e+00 0.000000000000000000e+00 0.000000000000000000e+00 1.000000000000000000e+00
3.282604739069938660e-02 8.528985381126403809e-01 5.210435390472412109e-01 1.756538591093626867e+00
-9.783301353454589844e-01 -7.921238988637924194e-02 1.912985742092132568e-01 1.063861402234175246e+00
2.044314742088317871e-01 -5.160323977470397949e-01 8.318164348602294922e-01 3.069148909756461485e+00
0.000000000000000000e+00 0.000000000000000000e+00 0.000000000000000000e+00 1.000000000000000000e+00
-3.703223541378974915e-02 8.501765131950378418e-01 5.251933932304382324e-01 1.867921627666922380e+00
-9.930795431137084961e-01 -8.992316573858261108e-02 7.554244250059127808e-02 6.348274958498499876e-01
1.114514321088790894e-01 -5.187615752220153809e-01 8.476231098175048828e-01 3.301870604122064456e+00
0.000000000000000000e+00 0.000000000000000000e+00 0.000000000000000000e+00 1.000000000000000000e+00
-5.550806224346160889e-02 8.372495174407958984e-01 5.439963936805725098e-01 1.931617507467038086e+00
-9.943434596061706543e-01 3.058580914512276649e-03 -1.061682999134063721e-01 -2.666545976819175920e-02
-9.055332839488983154e-02 -5.468124151229858398e-01 8.323435187339782715e-01 3.457844875718711020e+00
0.000000000000000000e+00 0.000000000000000000e+00 0.000000000000000000e+00 1.000000000000000000e+00
1.222098618745803833e-01 8.186734914779663086e-01 5.611045956611633301e-01 1.839889601339323777e+00
-9.876985549926757812e-01 1.558829843997955322e-01 -1.231695152819156647e-02 3.132897042961819700e-01
-9.755031764507293701e-02 -5.526970028877258301e-01 8.276528716087341309e-01 3.474391847569602731e+00
0.000000000000000000e+00 0.000000000000000000e+00 0.000000000000000000e+00 1.000000000000000000e+00
2.099042534828186035e-01 7.679751515388488770e-01 6.051068902015686035e-01 1.844342434069300651e+00
-9.504563212394714355e-01 3.054150640964508057e-01 -5.791755020618438721e-02 1.348943444405528158e-01
-2.292879223823547363e-01 -5.629705190658569336e-01 7.940347790718078613e-01 3.420362558159880884e+00
0.000000000000000000e+00 0.000000000000000000e+00 0.000000000000000000e+00 1.000000000000000000e+00
3.226951062679290771e-01 7.049400210380554199e-01 6.316068768501281738e-01 1.759577292667485970e+00
-9.150825142860412598e-01 4.028693437576293945e-01 1.788102462887763977e-02 3.932036261103273311e-01
-2.418500632047653198e-01 -5.837426781654357910e-01 7.750824093818664551e-01 3.294485409723569624e+00
0.000000000000000000e+00 0.000000000000000000e+00 0.000000000000000000e+00 1.000000000000000000e+00
3.529122173786163330e-01 7.021573781967163086e-01 6.184075474739074707e-01 1.674255116299605106e+00
-9.229300618171691895e-01 3.698775768280029297e-01 1.067271903157234192e-01 7.272650097170556549e-01
-1.537958681583404541e-01 -6.084123253822326660e-01 7.785764336585998535e-01 3.207811665223296860e+00
0.000000000000000000e+00 0.000000000000000000e+00 0.000000000000000000e+00 1.000000000000000000e+00
3.693104982376098633e-01 6.890923976898193359e-01 6.235070824623107910e-01 1.683489625421457081e+00
-9.261224865913391113e-01 3.283985257148742676e-01 1.856108158826828003e-01 1.021755453167096928e+00
-7.685592770576477051e-02 -6.459919810295104980e-01 7.594649791717529297e-01 3.063620268778283862e+00
0.000000000000000000e+00 0.000000000000000000e+00 0.000000000000000000e+00 1.000000000000000000e+00
5.307592153549194336e-01 5.866665244102478027e-01 6.116513013839721680e-01 1.577861697631231186e+00
-8.437113761901855469e-01 4.341118633747100830e-01 3.157498538494110107e-01 1.428121940158389558e+00
-8.028508722782135010e-02 -6.836442351341247559e-01 7.253860235214233398e-01 2.926637235706027962e+00
0.000000000000000000e+00 0.000000000000000000e+00 0.000000000000000000e+00 1.000000000000000000e+00
6.784924268722534180e-01 4.046567678451538086e-01 6.131076216697692871e-01 1.532620013981044194e+00
-7.131389379501342773e-01 5.631195902824401855e-01 4.175273180007934570e-01 1.766261467752449965e+00
-1.762976795434951782e-01 -7.205200791358947754e-01 6.706489324569702148e-01 2.890452368402317784e+00
0.000000000000000000e+00 0.000000000000000000e+00 0.000000000000000000e+00 1.000000000000000000e+00
6.980264782905578613e-01 3.201617300510406494e-01 6.405118703842163086e-01 1.594935715560783063e+00
-6.529278159141540527e-01 6.518396139144897461e-01 3.857333064079284668e-01 1.635440461642373666e+00
-2.940140962600708008e-01 -6.874601244926452637e-01 6.640437841415405273e-01 2.997375161198748472e+00
0.000000000000000000e+00 0.000000000000000000e+00 0.000000000000000000e+00 1.000000000000000000e+00
7.428497076034545898e-01 2.398304343223571777e-01 6.250243186950683594e-01 1.590715727583019934e+00
-5.791705846786499023e-01 6.984849572181701660e-01 4.203336834907531738e-01 1.676584870463262655e+00
-3.357612788677215576e-01 -6.742404103279113770e-01 6.577719449996948242e-01 2.966650684301877838e+00
0.000000000000000000e+00 0.000000000000000000e+00 0.000000000000000000e+00 1.000000000000000000e+00
7.256056666374206543e-01 2.215484529733657837e-01 6.514697670936584473e-01 1.779862362098516337e+00
-5.497741103172302246e-01 7.560131549835205078e-01 3.552361726760864258e-01 1.354475437287162798e+00
-4.138174951076507568e-01 -6.159225106239318848e-01 6.703689694404602051e-01 3.066661555601057021e+00
0.000000000000000000e+00 0.000000000000000000e+00 0.000000000000000000e+00 1.000000000000000000e+00
7.145922780036926270e-01 3.195262849330902100e-01 6.223027110099792480e-01 1.767728754844177130e+00
-5.943655967712402344e-01 7.464470267295837402e-01 2.992429733276367188e-01 1.104470061305059092e+00
-3.689000904560089111e-01 -5.837119817733764648e-01 7.233208417892456055e-01 3.224943937428383922e+00
0.000000000000000000e+00 0.000000000000000000e+00 0.000000000000000000e+00 1.000000000000000000e+00
8.060670495033264160e-01 1.590397655963897705e-01 5.700543522834777832e-01 1.617069927365242910e+00
-5.293670296669006348e-01 6.244390010833740234e-01 5.743217468261718750e-01 2.104772237090602793e+00
-2.646244168281555176e-01 -7.647098898887634277e-01 5.875303745269775391e-01 2.780294395114541572e+00
0.000000000000000000e+00 0.000000000000000000e+00 0.000000000000000000e+00 1.000000000000000000e+00
8.425862789154052734e-01 8.613274991512298584e-02 5.316287875175476074e-01 1.461947753810747042e+00
-4.817361533641815186e-01 5.618751645088195801e-01 6.724777221679687500e-01 2.482469175372032044e+00
-2.407867014408111572e-01 -8.227254748344421387e-01 5.149217844009399414e-01 2.491447980919219152e+00
0.000000000000000000e+00 0.000000000000000000e+00 0.000000000000000000e+00 1.000000000000000000e+00
8.734929561614990234e-01 1.812702789902687073e-02 4.864989817142486572e-01 1.279564733679785737e+00
-4.310650825500488281e-01 4.932272136211395264e-01 7.555854916572570801e-01 2.800538036845020784e+00
-2.262581288814544678e-01 -8.697113394737243652e-01 4.386445879936218262e-01 2.193984415042777858e+00
0.000000000000000000e+00 0.000000000000000000e+00 0.000000000000000000e+00 1.000000000000000000e+00
8.956002593040466309e-01 -9.394571930170059204e-02 4.348268210887908936e-01 1.084363446207016857e+00
-3.665814101696014404e-01 3.979043066501617432e-01 8.410056829452514648e-01 3.127673883310215786e+00
-2.520283162593841553e-01 -9.126042723655700684e-01 3.219244778156280518e-01 1.760663950521146548e+00
0.000000000000000000e+00 0.000000000000000000e+00 0.000000000000000000e+00 1.000000000000000000e+00
9.594619870185852051e-01 2.117799967527389526e-01 1.859626173973083496e-01 7.399197903926083009e-02
-2.423144727945327759e-01 2.828928530216217041e-01 9.280383586883544922e-01 3.386907822341668872e+00
1.439325213432312012e-01 -9.354789853096008301e-01 3.227421939373016357e-01 1.480114461841426143e+00
0.000000000000000000e+00 0.000000000000000000e+00 0.000000000000000000e+00 1.000000000000000000e+00
9.815308451652526855e-01 1.165292505174875259e-02 1.909484267234802246e-01 1.180702952920810733e-01
-1.892379224300384521e-01 2.054302394390106201e-01 9.602017402648925781e-01 3.479130545111578598e+00
-2.803741395473480225e-02 -9.786024093627929688e-01 2.038413286209106445e-01 1.118811621025089797e+00
0.000000000000000000e+00 0.000000000000000000e+00 0.000000000000000000e+00 1.000000000000000000e+00
9.862701892852783203e-01 9.190499782562255859e-02 1.372034996747970581e-01 -1.055935701712208546e-01
-1.456997543573379517e-01 9.317512065172195435e-02 9.849314689636230469e-01 3.542679755123290253e+00
7.773616909980773926e-02 -9.913988709449768066e-01 1.052863523364067078e-01 6.631038057428074728e-01
0.000000000000000000e+00 0.000000000000000000e+00 0.000000000000000000e+00 1.000000000000000000e+00
9.828289151191711426e-01 1.327119320631027222e-01 1.281984746456146240e-01 -1.513993443626359681e-01
-1.338789016008377075e-01 3.476607427000999451e-02 9.903875589370727539e-01 3.541354039480041127e+00
1.269792914390563965e-01 -9.905446171760559082e-01 5.193638056516647339e-02 4.156165052907061508e-01
0.000000000000000000e+00 0.000000000000000000e+00 0.000000000000000000e+00 1.000000000000000000e+00
9.779809117317199707e-01 1.870009005069732666e-01 9.265047311782836914e-02 -2.878827349947227221e-01
-8.512117713689804077e-02 -4.791706800460815430e-02 9.952176809310913086e-01 3.515150990584340551e+00
1.905461251735687256e-01 -9.811902046203613281e-01 -3.094419278204441071e-02 1.592381144198299139e-02
0.000000000000000000e+00 0.000000000000000000e+00 0.000000000000000000e+00 1.000000000000000000e+00
9.369763135910034180e-01 3.361136019229888916e-01 9.540985524654388428e-02 -2.566352191550092532e-01
-5.098251253366470337e-02 -1.386256963014602661e-01 9.890315532684326172e-01 3.444218309673410250e+00
3.456532955169677734e-01 -9.315634369850158691e-01 -1.127531602978706360e-01 -4.321345269856055604e-01
0.000000000000000000e+00 0.000000000000000000e+00 0.000000000000000000e+00 1.000000000000000000e+00
9.764578342437744141e-01 1.211515590548515320e-01 1.784719377756118774e-01 -1.914604302985134857e-02
-1.554898619651794434e-01 -1.781379282474517822e-01 9.716427326202392578e-01 3.473638787017911511e+00
1.495086550712585449e-01 -9.765188097953796387e-01 -1.551063358783721924e-01 -3.479099180442874473e-01
0.000000000000000000e+00 0.000000000000000000e+00 0.000000000000000000e+00 1.000000000000000000e+00
9.582260847091674805e-01 1.113508269190788269e-01 2.634460926055908203e-01 2.701459576666225826e-01
-2.396089881658554077e-01 -1.904261261224746704e-01 9.520111680030822754e-01 3.507706163110889008e+00
1.561742573976516724e-01 -9.753659963607788086e-01 -1.557905822992324829e-01 -3.206399369216583195e-01
0.000000000000000000e+00 0.000000000000000000e+00 0.000000000000000000e+00 1.000000000000000000e+00
9.041566252708435059e-01 -3.409104943275451660e-01 2.574506103992462158e-01 4.296472197258152104e-01
-3.543391823768615723e-01 -2.618330121040344238e-01 8.977121710777282715e-01 3.497407910235769801e+00
-2.386304736137390137e-01 -9.028971791267395020e-01 -3.575359880924224854e-01 -7.266745210398375399e-01
0.000000000000000000e+00 0.000000000000000000e+00 0.000000000000000000e+00 1.000000000000000000e+00
9.272297620773315430e-01 -1.753774434328079224e-01 3.308892548084259033e-01 6.237047930789012540e-01
-3.729743063449859619e-01 -3.529768884181976318e-01 8.580776453018188477e-01 3.416568210785416504e+00
-3.369126841425895691e-02 -9.190483689308166504e-01 -3.927019834518432617e-01 -1.005815049061268507e+00
0.000000000000000000e+00 0.000000000000000000e+00 0.000000000000000000e+00 1.000000000000000000e+00
8.872801661491394043e-01 -1.514085829257965088e-01 4.356711208820343018e-01 1.033807524888610718e+00
-4.563170969486236572e-01 -4.256778359413146973e-01 7.813916206359863281e-01 3.260906581957471406e+00
6.714607030153274536e-02 -8.921175003051757812e-01 -4.467858374118804932e-01 -1.311350279097913241e+00
0.000000000000000000e+00 0.000000000000000000e+00 0.000000000000000000e+00 1.000000000000000000e+00
8.713815808296203613e-01 -1.214493885636329651e-01 4.753358364105224609e-01 1.186357892823168614e+00
-4.655013382434844971e-01 -5.106323957443237305e-01 7.228851318359375000e-01 3.056721899207392124e+00
1.549278646707534790e-01 -8.511782884597778320e-01 -5.014904737472534180e-01 -1.603063217289402820e+00
0.000000000000000000e+00 0.000000000000000000e+00 0.000000000000000000e+00 1.000000000000000000e+00
8.558052182197570801e-01 -1.034040302038192749e-01 5.068579912185668945e-01 1.306365492124470951e+00
-4.634601175785064697e-01 -5.885063409805297852e-01 6.624687314033508301e-01 2.862587974836370286e+00
2.297871559858322144e-01 -8.018526434898376465e-01 -5.515704751014709473e-01 -1.817780031766381033e+00
0.000000000000000000e+00 0.000000000000000000e+00 0.000000000000000000e+00 1.000000000000000000e+00
8.346657156944274902e-01 -6.393790990114212036e-02 5.470328927040100098e-01 1.425560030642228027e+00
-4.345807731151580811e-01 -6.866189837455749512e-01 5.828325152397155762e-01 2.584179244607611725e+00
3.383380174636840820e-01 -7.242003083229064941e-01 -6.008835434913635254e-01 -2.073637635715768202e+00
0.000000000000000000e+00 0.000000000000000000e+00 0.000000000000000000e+00 1.000000000000000000e+00
8.135306835174560547e-01 -7.917776703834533691e-02 5.761063694953918457e-01 1.556211444423526880e+00
-4.349497258663177490e-01 -7.404214143753051758e-01 5.124399662017822266e-01 2.345095252663935703e+00
3.859875798225402832e-01 -6.674630641937255859e-01 -6.367939114570617676e-01 -2.253040294723369641e+00
0.000000000000000000e+00 0.000000000000000000e+00 0.000000000000000000e+00 1.000000000000000000e+00
7.811598181724548340e-01 -1.187697201967239380e-01 6.129298806190490723e-01 1.734416271434172652e+00
-4.436757862567901611e-01 -7.963103055953979492e-01 4.111467897891998291e-01 2.000665642111474352e+00
4.392505288124084473e-01 -5.931135416030883789e-01 -6.747409105300903320e-01 -2.454384305966424318e+00
0.000000000000000000e+00 0.000000000000000000e+00 0.000000000000000000e+00 1.000000000000000000e+00
7.462822794914245605e-01 -1.811076551675796509e-01 6.405174732208251953e-01 1.887215167964357843e+00
-4.539768397808074951e-01 -8.422238826751708984e-01 2.907986342906951904e-01 1.583801321028879050e+00
4.867931902408599854e-01 -5.077980756759643555e-01 -7.107554674148559570e-01 -2.649652637561037416e+00
0.000000000000000000e+00 0.000000000000000000e+00 0.000000000000000000e+00 1.000000000000000000e+00
7.264037728309631348e-01 -2.344299703836441040e-01 6.460494995117187500e-01 1.943820227042352800e+00
-4.533951580524444580e-01 -8.699128031730651855e-01 1.941248476505279541e-01 1.242128964618474551e+00
5.164980292320251465e-01 -4.339288175106048584e-01 -7.381973862648010254e-01 -2.794051198619048826e+00
0.000000000000000000e+00 0.000000000000000000e+00 0.000000000000000000e+00 1.000000000000000000e+00
