1.000000000000000000e+00 0.000000000000000000e+00 0.000000000000000000e+00 -1.792658120393753052e-02
0.000000000000000000e+00 1.000000000000000000e+00 0.000000000000000000e+00 2.243540808558464050e-02
0.000000000000000000e+00 0.000000000000000000e+00 1.000000000000000000e+00 -3.816788792610168457e-01
0.000000000000000000e+00 0.000000000000000000e+00 0.000000000000000000e+00 1.000000000000000000e+00
9.951763153076171875e-01 5.222974345088005066e-02 -8.304178714752197266e-02 1.724762283265590668e-02
-5.395314097404479980e-02 9.983690977096557617e-01 -1.864500530064105988e-02 2.606207504868507385e-02
8.193252235651016235e-02 2.303547784686088562e-02 9.963713288307189941e-01 -3.789004683494567871e-01
0.000000000000000000e+00 0.000000000000000000e+00 0.000000000000000000e+00 1.000000000000000000e+00
9.686529040336608887e-01 7.064113020896911621e-02 -2.381638139486312866e-01 8.038630336523056030e-02
-7.690310478210449219e-02 9.968918561935424805e-01 -1.709273830056190491e-02 2.652975544333457947e-02
2.362160384654998779e-01 3.487242758274078369e-02 9.710745811462402344e-01 -3.683124482631683350e-01
0.000000000000000000e+00 0.000000000000000000e+00 0.000000000000000000e+00 1.000000000000000000e+00
9.989997744560241699e-01 4.388096928596496582e-02 -8.602424524724483490e-03 -1.145516801625490189e-02
-4.384335130453109741e-02 9.990282654762268066e-01 4.513118881732225418e-03 1.793300732970237732e-02
8.792116306722164154e-03 -4.131497815251350403e-03 9.999529719352722168e-01 -3.685065507888793945e-01
0.000000000000000000e+00 0.000000000000000000e+00 0.000000000000000000e+00 1.000000000000000000e+00
9.936406016349792480e-01 5.700668320059776306e-02 -9.710005670785903931e-02 2.546965889632701874e-02
-5.361528694629669189e-02 9.978692531585693359e-01 3.718675673007965088e-02 8.829831145703792572e-03
9.901302307844161987e-02 -3.174413740634918213e-02 9.945796132087707520e-01 -3.665045201778411865e-01
0.000000000000000000e+00 0.000000000000000000e+00 0.000000000000000000e+00 1.000000000000000000e+00
-1.614321768283843994e-01 9.000936895608901978e-02 -9.827705621719360352e-01 4.083099663257598877e-01
-3.063036687672138214e-02 9.948951601982116699e-01 9.615127742290496826e-02 -1.020292285829782486e-02
9.864082932472229004e-01 4.562452435493469238e-02 -1.578510701656341553e-01 6.484443694353103638e-02
0.000000000000000000e+00 0.000000000000000000e+00 0.000000000000000000e+00 1.000000000000000000e+00
-1.267402470111846924e-01 1.021381914615631104e-01 -9.866638183593750000e-01 4.041008949279785156e-01
-2.082997001707553864e-02 9.941913485527038574e-01 1.055931225419044495e-01 -9.509542025625705719e-03
9.917169809341430664e-01 3.393507376313209534e-02 -1.238765195012092590e-01 5.787625536322593689e-02
0.000000000000000000e+00 0.000000000000000000e+00 0.000000000000000000e+00 1.000000000000000000e+00
-1.519247442483901978e-01 9.771144390106201172e-02 -9.835501313209533691e-01 3.973897397518157959e-01
-2.655917219817638397e-02 9.943380951881408691e-01 1.028856858611106873e-01 -4.515988752245903015e-03
9.880348443984985352e-01 4.175319150090217590e-02 -1.484695225954055786e-01 7.423926889896392822e-02
0.000000000000000000e+00 0.000000000000000000e+00 0.000000000000000000e+00 1.000000000000000000e+00
-1.249600574374198914e-01 9.289551526308059692e-02 -9.878031015396118164e-01 3.927328884601593018e-01
-3.162786364555358887e-02 9.947282671928405762e-01 9.754775464534759521e-02 -9.570154943503439426e-04
9.916570186614990234e-01 4.343168810009956360e-02 -1.213633418083190918e-01 7.187868654727935791e-02
0.000000000000000000e+00 0.000000000000000000e+00 0.000000000000000000e+00 1.000000000000000000e+00
-1.337304264307022095e-01 9.333446621894836426e-02 -9.866124987602233887e-01 3.877070844173431396e-01
-5.255817621946334839e-02 9.934863448143005371e-01 1.011087894439697266e-01 -5.075355147710070014e-05
9.896227717399597168e-01 6.537588685750961304e-02 -1.279537975788116455e-01 8.267445117235183716e-02
0.000000000000000000e+00 0.000000000000000000e+00 0.000000000000000000e+00 1.000000000000000000e+00
-1.129560247063636780e-01 7.967564463615417480e-02 -9.904003143310546875e-01 3.840995132923126221e-01
-7.239281386137008667e-02 9.934701919555664062e-01 8.817908167839050293e-02 7.581057026982307434e-03
9.909592866897583008e-01 8.165831863880157471e-02 -1.064504235982894897e-01 8.325683325529098511e-02
0.000000000000000000e+00 0.000000000000000000e+00 0.000000000000000000e+00 1.000000000000000000e+00
-1.183721572160720825e-01 6.412687152624130249e-02 -9.908965826034545898e-01 3.803081810474395752e-01
-9.865200519561767578e-02 9.922159314155578613e-01 7.599722594022750854e-02 1.545817684382200241e-02
9.880567193031311035e-01 1.067498847842216492e-01 -1.111244708299636841e-01 9.281357377767562866e-02
0.000000000000000000e+00 0.000000000000000000e+00 0.000000000000000000e+00 1.000000000000000000e+00
-1.098916158080101013e-01 7.534906268119812012e-02 -9.910834431648254395e-01 3.799845874309539795e-01
-1.040656268596649170e-01 9.907698631286621094e-01 8.686406910419464111e-02 1.526697631925344467e-02
9.884805083274841309e-01 1.126833632588386536e-01 -1.010361090302467346e-01 9.494531899690628052e-02
0.000000000000000000e+00 0.000000000000000000e+00 0.000000000000000000e+00 1.000000000000000000e+00
-9.237939119338989258e-02 7.697751373052597046e-02 -9.927440285682678223e-01 3.808820247650146484e-01
-1.340856701135635376e-01 9.869644045829772949e-01 8.900662511587142944e-02 1.758633553981781006e-02
9.866547584533691406e-01 1.413351595401763916e-01 -8.085358142852783203e-02 9.429801255464553833e-02
0.000000000000000000e+00 0.000000000000000000e+00 0.000000000000000000e+00 1.000000000000000000e+00
-8.158064633607864380e-02 8.084329217672348022e-02 -9.933825731277465820e-01 3.819750845432281494e-01
-1.472607254981994629e-01 9.847874641418457031e-01 9.223747998476028442e-02 1.902578212320804596e-02
9.857277870178222656e-01 1.538110077381134033e-01 -6.843459606170654297e-02 9.583646804094314575e-02
0.000000000000000000e+00 0.000000000000000000e+00 0.000000000000000000e+00 1.000000000000000000e+00
-8.153894543647766113e-02 8.236657828092575073e-02 -9.932608604431152344e-01 3.818452358245849609e-01
-1.716510057449340820e-01 9.805277585983276367e-01 9.540189802646636963e-02 1.988303475081920624e-02
9.817776679992675781e-01 1.782731264829635620e-01 -6.581295281648635864e-02 1.036916226148605347e-01
0.000000000000000000e+00 0.000000000000000000e+00 0.000000000000000000e+00 1.000000000000000000e+00
-3.867290914058685303e-02 9.149944782257080078e-02 -9.950538873672485352e-01 3.852536678314208984e-01
-1.907916814088821411e-01 9.768025875091552734e-01 9.723631292581558228e-02 2.214460819959640503e-02
9.808684587478637695e-01 1.936084032058715820e-01 -2.031849324703216553e-02 9.620527923107147217e-02
0.000000000000000000e+00 0.000000000000000000e+00 0.000000000000000000e+00 1.000000000000000000e+00
1.535783056169748306e-02 9.139575809240341187e-02 -9.956961274147033691e-01 3.883714377880096436e-01
-2.123867571353912354e-01 9.733873605728149414e-01 8.607214689254760742e-02 2.799682132899761200e-02
9.770650863647460938e-01 2.101508229970932007e-01 3.436028584837913513e-02 8.484809100627899170e-02
0.000000000000000000e+00 0.000000000000000000e+00 0.000000000000000000e+00 1.000000000000000000e+00
6.816107779741287231e-02 1.146100685000419617e-01 -9.910694360733032227e-01 3.946790993213653564e-01
-2.270182371139526367e-01 9.691022634506225586e-01 9.645642340183258057e-02 2.408312819898128510e-02
9.715025424957275391e-01 2.184162437915802002e-01 9.207381308078765869e-02 8.101072907447814941e-02
0.000000000000000000e+00 0.000000000000000000e+00 0.000000000000000000e+00 1.000000000000000000e+00
1.095006093382835388e-01 1.632719784975051880e-01 -9.804850816726684570e-01 4.102350771427154541e-01
-2.373008430004119873e-01 9.621878862380981445e-01 1.337233632802963257e-01 1.071593444794416428e-02
9.652445316314697266e-01 2.180272042751312256e-01 1.441048234701156616e-01 8.469147235155105591e-02
0.000000000000000000e+00 0.000000000000000000e+00 0.000000000000000000e+00 1.000000000000000000e+00
9.396156668663024902e-02 1.739114820957183838e-01 -9.802680015563964844e-01 4.170143604278564453e-01
-2.641848325729370117e-01 9.536808133125305176e-01 1.438717246055603027e-01 9.224620647728443146e-03
9.598836898803710938e-01 2.454536706209182739e-01 1.355542391538619995e-01 9.126422554254531860e-02
0.000000000000000000e+00 0.000000000000000000e+00 0.000000000000000000e+00 1.000000000000000000e+00
9.210744500160217285e-02 2.117604464292526245e-01 -9.729712605476379395e-01 4.092631936073303223e-01
-1.984652280807495117e-01 9.614242911338806152e-01 1.904593408107757568e-01 -1.209259964525699615e-02
9.757699966430664062e-01 1.755583882331848145e-01 1.305814981460571289e-01 8.168369531631469727e-02
0.000000000000000000e+00 0.000000000000000000e+00 0.000000000000000000e+00 1.000000000000000000e+00
1.053834185004234314e-01 2.221121639013290405e-01 -9.693095088005065918e-01 4.045846164226531982e-01
-1.678962856531143188e-01 9.647175669670104980e-01 2.028063237667083740e-01 -1.895754784345626831e-02
9.801555871963500977e-01 1.413709819316864014e-01 1.389569640159606934e-01 7.343234866857528687e-02
0.000000000000000000e+00 0.000000000000000000e+00 0.000000000000000000e+00 1.000000000000000000e+00
1.498008072376251221e-01 2.703623771667480469e-01 -9.510337710380554199e-01 3.833357691764831543e-01
-5.994664132595062256e-02 9.626007676124572754e-01 2.642082870006561279e-01 -4.868428409099578857e-02
9.868969917297363281e-01 1.743275858461856842e-02 1.604054123163223267e-01 4.836465418338775635e-02
0.000000000000000000e+00 0.000000000000000000e+00 0.000000000000000000e+00 1.000000000000000000e+00
1.299569457769393921e-01 3.162849247455596924e-01 -9.397206902503967285e-01 3.615123927593231201e-01
-2.613955363631248474e-02 9.485212564468383789e-01 3.156321346759796143e-01 -7.761257886886596680e-02
9.911750555038452148e-01 -1.645473577082157135e-02 1.315345168113708496e-01 5.149385705590248108e-02
0.000000000000000000e+00 0.000000000000000000e+00 0.000000000000000000e+00 1.000000000000000000e+00
1.981481909751892090e-01 3.780038058757781982e-01 -9.043506979942321777e-01 3.431475758552551270e-01
8.180507458746433258e-03 9.219750761985778809e-01 3.871628344058990479e-01 -1.059821695089340210e-01
9.801377654075622559e-01 -8.411361277103424072e-02 1.795954406261444092e-01 3.053487837314605713e-02
0.000000000000000000e+00 0.000000000000000000e+00 0.000000000000000000e+00 1.000000000000000000e+00
2.252415567636489868e-01 4.123024046421051025e-01 -8.827643394470214844e-01 3.286578655242919922e-01
5.839217826724052429e-02 8.987058997154235840e-01 4.346470534801483154e-01 -1.236873418092727661e-01
9.725515842437744141e-01 -1.494470834732055664e-01 1.783506870269775391e-01 2.664464898407459259e-02
0.000000000000000000e+00 0.000000000000000000e+00 0.000000000000000000e+00 1.000000000000000000e+00
3.196668326854705811e-01 4.575698971748352051e-01 -8.297245502471923828e-01 3.053265213966369629e-01
1.228984892368316650e-01 8.482515811920166016e-01 5.151359438896179199e-01 -1.538592875003814697e-01
9.395259618759155273e-01 -2.666437923908233643e-01 2.149232923984527588e-01 8.142958395183086395e-03
0.000000000000000000e+00 0.000000000000000000e+00 0.000000000000000000e+00 1.000000000000000000e+00
3.272296786308288574e-01 5.033687353134155273e-01 -7.997127771377563477e-01 2.903330326080322266e-01
1.403417885303497314e-01 8.110316991806030273e-01 5.679187774658203125e-01 -1.738452315330505371e-01
9.344649910926818848e-01 -2.980729937553405762e-01 1.947499960660934448e-01 1.176325790584087372e-02
0.000000000000000000e+00 0.000000000000000000e+00 0.000000000000000000e+00 1.000000000000000000e+00
3.206994235515594482e-01 5.631709694862365723e-01 -7.615709304809570312e-01 2.713067531585693359e-01
1.651166677474975586e-01 7.584881782531738281e-01 6.304222345352172852e-01 -1.939307302236557007e-01
9.326780438423156738e-01 -3.279240727424621582e-01 1.502577960491180420e-01 2.252229489386081696e-02
0.000000000000000000e+00 0.000000000000000000e+00 0.000000000000000000e+00 1.000000000000000000e+00
3.417189717292785645e-01 5.825325846672058105e-01 -7.374849319458007812e-01 2.578226625919342041e-01
1.637867987155914307e-01 7.358001470565795898e-01 6.570937037467956543e-01 -2.034132778644561768e-01
9.254199862480163574e-01 -3.453317284584045410e-01 1.560257673263549805e-01 1.764220930635929108e-02
0.000000000000000000e+00 0.000000000000000000e+00 0.000000000000000000e+00 1.000000000000000000e+00
3.571707010269165039e-01 5.950942039489746094e-01 -7.199250459671020508e-01 2.463783621788024902e-01
1.795661896467208862e-01 7.126401662826538086e-01 6.781593561172485352e-01 -2.091893702745437622e-01
9.166161417961120605e-01 -3.714928925037384033e-01 1.476754248142242432e-01 1.688977144658565521e-02
0.000000000000000000e+00 0.000000000000000000e+00 0.000000000000000000e+00 1.000000000000000000e+00
3.776076436042785645e-01 6.233882904052734375e-01 -6.846892237663269043e-01 2.303400635719299316e-01
1.795885264873504639e-01 6.760876178741455078e-01 7.146001458168029785e-01 -2.199642509222030640e-01
9.083833098411560059e-01 -3.928007781505584717e-01 1.433425098657608032e-01 1.378083229064941406e-02
0.000000000000000000e+00 0.000000000000000000e+00 0.000000000000000000e+00 1.000000000000000000e+00
2.638092637062072754e-01 7.158329486846923828e-01 -6.465197801589965820e-01 2.072828412055969238e-01
1.459669023752212524e-01 6.329184174537658691e-01 7.603343129158020020e-01 -2.309468537569046021e-01
9.534664154052734375e-01 -2.949535548686981201e-01 6.248183548450469971e-02 2.846217900514602661e-02
0.000000000000000000e+00 0.000000000000000000e+00 0.000000000000000000e+00 1.000000000000000000e+00
1.692749559879302979e-01 7.610844373703002930e-01 -6.261761188507080078e-01 1.972681432962417603e-01
1.301883310079574585e-01 6.125100851058959961e-01 7.796680927276611328e-01 -2.353199571371078491e-01
9.769322872161865234e-01 -2.134990394115447998e-01 4.598348401486873627e-03 3.967633843421936035e-02
0.000000000000000000e+00 0.000000000000000000e+00 0.000000000000000000e+00 1.000000000000000000e+00
2.437582463026046753e-01 7.912468910217285156e-01 -5.608123540878295898e-01 1.750574707984924316e-01
1.250387728214263916e-01 5.477886199951171875e-01 8.272199034690856934e-01 -2.450308501720428467e-01
9.617416262626647949e-01 -2.717649638652801514e-01 3.459152206778526306e-02 2.012521214783191681e-02
0.000000000000000000e+00 0.000000000000000000e+00 0.000000000000000000e+00 1.000000000000000000e+00
3.766062855720520020e-01 7.753832340240478516e-01 -5.069012045860290527e-01 1.566603183746337891e-01
1.088951006531715393e-01 5.063406825065612793e-01 8.554304242134094238e-01 -2.486571073532104492e-01
9.199506640434265137e-01 -3.773595690727233887e-01 1.062554791569709778e-01 -8.296218700706958771e-03
0.000000000000000000e+00 0.000000000000000000e+00 0.000000000000000000e+00 1.000000000000000000e+00
5.152546167373657227e-01 7.468250393867492676e-01 -4.204337894916534424e-01 1.267633438110351562e-01
3.606920316815376282e-02 4.712358117103576660e-01 8.812692761421203613e-01 -2.485815435647964478e-01
8.562779426574707031e-01 -4.692427515983581543e-01 2.158691585063934326e-01 -4.421057924628257751e-02
0.000000000000000000e+00 0.000000000000000000e+00 0.000000000000000000e+00 1.000000000000000000e+00
6.114257574081420898e-01 7.175396084785461426e-01 -3.336091637611389160e-01 1.051054000854492188e-01
-2.748150005936622620e-02 4.405960738658905029e-01 8.972847461700439453e-01 -2.448747009038925171e-01
7.908242344856262207e-01 -5.394548773765563965e-01 2.891109883785247803e-01 -6.463682651519775391e-02
0.000000000000000000e+00 0.000000000000000000e+00 0.000000000000000000e+00 1.000000000000000000e+00
6.072072386741638184e-01 7.627862095832824707e-01 -2.223894298076629639e-01 8.085773885250091553e-02
-1.063157543540000916e-01 3.553800284862518311e-01 9.286563396453857422e-01 -2.559351921081542969e-01
7.873986363410949707e-01 -5.402430891990661621e-01 2.968856096267700195e-01 -6.264067441225051880e-02
0.000000000000000000e+00 0.000000000000000000e+00 0.000000000000000000e+00 1.000000000000000000e+00
5.986974239349365234e-01 7.953295707702636719e-01 -9.493032097816467285e-02 4.595846682786941528e-02
-1.804979741573333740e-01 2.494342625141143799e-01 9.514215588569641113e-01 -2.712418735027313232e-01
7.803727984428405762e-01 -5.524793267250061035e-01 2.928910553455352783e-01 -5.716441571712493896e-02
0.000000000000000000e+00 0.000000000000000000e+00 0.000000000000000000e+00 1.000000000000000000e+00
6.081770062446594238e-01 7.935653924942016602e-01 1.937612704932689667e-02 9.426761418581008911e-03
-1.997349262237548828e-01 1.293588429689407349e-01 9.712730646133422852e-01 -2.857458293437957764e-01
7.682623863220214844e-01 -5.945757627487182617e-01 2.371757030487060547e-01 -4.085186123847961426e-02
0.000000000000000000e+00 0.000000000000000000e+00 0.000000000000000000e+00 1.000000000000000000e+00
6.263335347175598145e-01 7.672401070594787598e-01 1.380211561918258667e-01 -3.254182264208793640e-02
-2.395630627870559692e-01 2.095228247344493866e-02 9.706544876098632812e-01 -2.916617989540100098e-01
7.418330907821655273e-01 -6.410182118415832520e-01 1.969254910945892334e-01 -3.067929856479167938e-02
0.000000000000000000e+00 0.000000000000000000e+00 0.000000000000000000e+00 1.000000000000000000e+00
6.474454402923583984e-01 7.228546142578125000e-01 2.414459288120269775e-01 -7.374686747789382935e-02
-2.430589646100997925e-01 -1.044153645634651184e-01 9.643750786781311035e-01 -2.966879904270172119e-01
7.223137021064758301e-01 -6.830660104751586914e-01 1.080930083990097046e-01 -6.257127039134502411e-03
0.000000000000000000e+00 0.000000000000000000e+00 0.000000000000000000e+00 1.000000000000000000e+00
6.104719638824462891e-01 7.842430472373962402e-01 1.108463406562805176e-01 -2.308256551623344421e-02
-3.043293058872222900e-01 1.030491739511489868e-01 9.469763636589050293e-01 -2.738093137741088867e-01
7.312371134757995605e-01 -6.118361949920654297e-01 3.015767037868499756e-01 -7.561822980642318726e-02
0.000000000000000000e+00 0.000000000000000000e+00 0.000000000000000000e+00 1.000000000000000000e+00
5.963992476463317871e-01 8.021911382675170898e-01 2.823722921311855316e-02 5.191036965698003769e-03
-3.811499178409576416e-01 2.520605623722076416e-01 8.894887566566467285e-01 -2.464118748903274536e-01
7.064223885536193848e-01 -5.412530303001403809e-01 4.560839235782623291e-01 -1.186995878815650940e-01
0.000000000000000000e+00 0.000000000000000000e+00 0.000000000000000000e+00 1.000000000000000000e+00
5.866694450378417969e-01 8.063583374023437500e-01 -7.486696541309356689e-02 3.747347369790077209e-02
-4.522334635257720947e-01 4.029027819633483887e-01 7.957100272178649902e-01 -2.055246233940124512e-01
6.717913150787353516e-01 -4.329614341259002686e-01 6.010329723358154297e-01 -1.560577452182769775e-01
0.000000000000000000e+00 0.000000000000000000e+00 0.000000000000000000e+00 1.000000000000000000e+00
6.005885601043701172e-01 7.880570888519287109e-01 -1.351267099380493164e-01 5.507522076368331909e-02
-5.172047019004821777e-01 5.117920041084289551e-01 6.859791874885559082e-01 -1.632152944803237915e-01
6.097477078437805176e-01 -3.421032130718231201e-01 7.149637341499328613e-01 -1.811075210571289062e-01
0.000000000000000000e+00 0.000000000000000000e+00 0.000000000000000000e+00 1.000000000000000000e+00
5.984093546867370605e-01 7.804627418518066406e-01 -1.810645908117294312e-01 6.667330116033554077e-02
-5.725492238998413086e-01 5.746588706970214844e-01 5.847694873809814453e-01 -1.294933855533599854e-01
5.604407787322998047e-01 -2.462629228830337524e-01 7.907342314720153809e-01 -1.966031938791275024e-01
0.000000000000000000e+00 0.000000000000000000e+00 0.000000000000000000e+00 1.000000000000000000e+00
5.902269482612609863e-01 7.890281081199645996e-01 -1.704871803522109985e-01 6.002575904130935669e-02
-6.617916226387023926e-01 5.939028859138488770e-01 4.575052261352539062e-01 -9.422661364078521729e-02
4.622376859188079834e-01 -1.572048962116241455e-01 8.727100491523742676e-01 -2.134908735752105713e-01
0.000000000000000000e+00 0.000000000000000000e+00 0.000000000000000000e+00 1.000000000000000000e+00
5.776571035385131836e-01 7.915966510772705078e-01 -1.992173045873641968e-01 6.317649781703948975e-02
-7.133564949035644531e-01 6.081874966621398926e-01 3.481816351413726807e-01 -6.309738010168075562e-02
3.967806398868560791e-01 -5.901648104190826416e-02 9.160140156745910645e-01 -2.203092575073242188e-01
0.000000000000000000e+00 0.000000000000000000e+00 0.000000000000000000e+00 1.000000000000000000e+00
5.685628652572631836e-01 7.834189534187316895e-01 -2.509788274765014648e-01 7.240276038646697998e-02
-7.542990446090698242e-01 6.182231903076171875e-01 2.209811359643936157e-01 -2.594211325049400330e-02
3.282817602157592773e-01 6.367141008377075195e-02 9.424313902854919434e-01 -2.224789708852767944e-01
0.000000000000000000e+00 0.000000000000000000e+00 0.000000000000000000e+00 1.000000000000000000e+00
5.561672449111938477e-01 7.879410982131958008e-01 -2.642478048801422119e-01 7.437617331743240356e-02
-7.837738394737243652e-01 6.030297279357910156e-01 1.485064923763275146e-01 -6.160059012472629547e-03
2.763637006282806396e-01 1.245160326361656189e-01 9.529526829719543457e-01 -2.230480015277862549e-01
0.000000000000000000e+00 0.000000000000000000e+00 0.000000000000000000e+00 1.000000000000000000e+00
5.382353663444519043e-01 7.983372807502746582e-01 -2.701111733913421631e-01 7.248444110155105591e-02
-8.262393474578857422e-01 5.630401372909545898e-01 1.771428063511848450e-02 2.818108908832073212e-02
1.662253737449645996e-01 2.136421799659729004e-01 9.626660943031311035e-01 -2.233753800392150879e-01
0.000000000000000000e+00 0.000000000000000000e+00 0.000000000000000000e+00 1.000000000000000000e+00
5.245677828788757324e-01 8.045148849487304688e-01 -2.785407602787017822e-01 7.187169790267944336e-02
-8.502016067504882812e-01 5.121478438377380371e-01 -1.219124943017959595e-01 6.480241566896438599e-02
4.457359760999679565e-02 3.007669448852539062e-01 9.526555538177490234e-01 -2.186425775289535522e-01
0.000000000000000000e+00 0.000000000000000000e+00 0.000000000000000000e+00 1.000000000000000000e+00
5.364011526107788086e-01 7.938059568405151367e-01 -2.866107523441314697e-01 7.056092470884323120e-02
-8.419444561004638672e-01 4.798412621021270752e-01 -2.467418164014816284e-01 9.646550565958023071e-02
-5.833747610449790955e-02 3.736628293991088867e-01 9.257281422615051270e-01 -2.078317105770111084e-01
0.000000000000000000e+00 0.000000000000000000e+00 0.000000000000000000e+00 1.000000000000000000e+00
5.011832714080810547e-01 8.103892207145690918e-01 -3.034548461437225342e-01 7.376287877559661865e-02
-8.441244363784790039e-01 3.806710839271545410e-01 -3.775496482849121094e-01 1.300931572914123535e-01
-1.904457658529281616e-01 4.453749060630798340e-01 8.748549818992614746e-01 -1.887602210044860840e-01
0.000000000000000000e+00 0.000000000000000000e+00 0.000000000000000000e+00 1.000000000000000000e+00
4.851173758506774902e-01 8.128913640975952148e-01 -3.222865462303161621e-01 7.882168889045715332e-02
-8.261259198188781738e-01 3.052232563495635986e-01 -4.736611545085906982e-01 1.547932773828506470e-01
-2.866657078266143799e-01 4.960303604602813721e-01 8.196199536323547363e-01 -1.707088351249694824e-01
0.000000000000000000e+00 0.000000000000000000e+00 0.000000000000000000e+00 1.000000000000000000e+00
4.625622034072875977e-01 8.273827433586120605e-01 -3.185486197471618652e-01 8.162561804056167603e-02
-8.049922585487365723e-01 2.413863986730575562e-01 -5.419586300849914551e-01 1.716607809066772461e-01
-3.715140819549560547e-01 5.071188807487487793e-01 7.776937484741210938e-01 -1.558414697647094727e-01
0.000000000000000000e+00 0.000000000000000000e+00 0.000000000000000000e+00 1.000000000000000000e+00
4.266415238380432129e-01 8.483258485794067383e-01 -3.135601878166198730e-01 8.604994416236877441e-02
-7.861116528511047363e-01 1.763960123062133789e-01 -5.923790931701660156e-01 1.825542449951171875e-01
-4.472199678421020508e-01 4.992271363735198975e-01 7.421370744705200195e-01 -1.405600905418395996e-01
0.000000000000000000e+00 0.000000000000000000e+00 0.000000000000000000e+00 1.000000000000000000e+00
3.796286284923553467e-01 8.763309717178344727e-01 -2.965227663516998291e-01 8.941733092069625854e-02
-7.769545316696166992e-01 1.280064284801483154e-01 -6.164051890373229980e-01 1.851916909217834473e-01
-5.022179484367370605e-01 4.643899798393249512e-01 7.294645905494689941e-01 -1.305171698331832886e-01
0.000000000000000000e+00 0.000000000000000000e+00 0.000000000000000000e+00 1.000000000000000000e+00
2.738008499145507812e-01 9.302790164947509766e-01 -2.441595345735549927e-01 8.634655177593231201e-02
-7.725490331649780273e-01 6.151219084858894348e-02 -6.319685578346252441e-01 1.834825575351715088e-01
-5.728880167007446289e-01 3.616589009761810303e-01 7.355285286903381348e-01 -1.260755062103271484e-01
0.000000000000000000e+00 0.000000000000000000e+00 0.000000000000000000e+00 1.000000000000000000e+00
8.810929208993911743e-02 9.762438535690307617e-01 -1.979534178972244263e-01 8.694308996200561523e-02
-7.840819954872131348e-01 -5.459695681929588318e-02 -6.182513833045959473e-01 1.674459129571914673e-01
-6.143712401390075684e-01 2.096853107213973999e-01 7.606444358825683594e-01 -1.302452981472015381e-01
0.000000000000000000e+00 0.000000000000000000e+00 0.000000000000000000e+00 1.000000000000000000e+00
-7.725471258163452148e-02 9.787995219230651855e-01 -1.896933317184448242e-01 8.657176792621612549e-02
-7.892839908599853516e-01 -1.762868911027908325e-01 -5.881786942481994629e-01 1.505171358585357666e-01
-6.091493964195251465e-01 1.042822375893592834e-01 7.861695289611816406e-01 -1.370281577110290527e-01
0.000000000000000000e+00 0.000000000000000000e+00 0.000000000000000000e+00 1.000000000000000000e+00
-1.959190666675567627e-01 9.588962197303771973e-01 -2.052634954452514648e-01 8.890922367572784424e-02
-7.509669065475463867e-01 -2.813197970390319824e-01 -5.974173545837402344e-01 1.551047712564468384e-01
-6.306062340736389160e-01 3.710055723786354065e-02 7.752158641815185547e-01 -1.326049417257308960e-01
0.000000000000000000e+00 0.000000000000000000e+00 0.000000000000000000e+00 1.000000000000000000e+00
-2.448773682117462158e-01 9.547044634819030762e-01 -1.690378338098526001e-01 8.715109527111053467e-02
-7.083600759506225586e-01 -2.952119410037994385e-01 -6.411519646644592285e-01 1.692904978990554810e-01
-6.620128750801086426e-01 -3.726399317383766174e-02 7.485655546188354492e-01 -1.231176480650901794e-01
0.000000000000000000e+00 0.000000000000000000e+00 0.000000000000000000e+00 1.000000000000000000e+00
-3.491489589214324951e-01 9.276238679885864258e-01 -1.326969712972640991e-01 9.047839045524597168e-02
-6.930825710296630859e-01 -3.509434461593627930e-01 -6.296625137329101562e-01 1.637129485607147217e-01
-6.306594014167785645e-01 -1.278762221336364746e-01 7.654517292976379395e-01 -1.199257001280784607e-01
0.000000000000000000e+00 0.000000000000000000e+00 0.000000000000000000e+00 1.000000000000000000e+00
2.371511459350585938e-01 9.138448238372802734e-01 -3.296168148517608643e-01 8.764972537755966187e-02
-7.346372604370117188e-01 -5.331344902515411377e-02 -6.763619184494018555e-01 1.830456107854843140e-01
-6.356629729270935059e-01 4.025489687919616699e-01 6.587013602256774902e-01 -9.992095082998275757e-02
0.000000000000000000e+00 0.000000000000000000e+00 0.000000000000000000e+00 1.000000000000000000e+00
5.397572517395019531e-01 7.724701166152954102e-01 -3.345922827720642090e-01 7.334607094526290894e-02
-7.654762864112854004e-01 2.849820256233215332e-01 -5.769156217575073242e-01 1.743561625480651855e-01
-3.502972126007080078e-01 5.675166845321655273e-01 7.451286315917968750e-01 -1.573861837387084961e-01
0.000000000000000000e+00 0.000000000000000000e+00 0.000000000000000000e+00 1.000000000000000000e+00
5.979242920875549316e-01 7.281792163848876953e-01 -3.350254595279693604e-01 7.145121693611145020e-02
-7.689866423606872559e-01 4.031918942928314209e-01 -4.960807561874389648e-01 1.559719145298004150e-01
-2.261558622121810913e-01 5.542484521865844727e-01 8.010380864143371582e-01 -1.869411468505859375e-01
0.000000000000000000e+00 0.000000000000000000e+00 0.000000000000000000e+00 1.000000000000000000e+00
5.972395539283752441e-01 7.457351088523864746e-01 -2.952688336372375488e-01 6.086039170622825623e-02
-7.736204862594604492e-01 4.384372830390930176e-01 -4.574757218360900879e-01 1.475922316312789917e-01
-2.116989046335220337e-01 5.016484856605529785e-01 8.387680053710937500e-01 -2.027168273925781250e-01
0.000000000000000000e+00 0.000000000000000000e+00 0.000000000000000000e+00 1.000000000000000000e+00
6.299541592597961426e-01 7.432819604873657227e-01 -2.251435220241546631e-01 3.992453590035438538e-02
-7.563816308975219727e-01 5.214128494262695312e-01 -3.949875533580780029e-01 1.300486773252487183e-01
-1.761944741010665894e-01 4.191187322139739990e-01 8.906716108322143555e-01 -2.230693250894546509e-01
0.000000000000000000e+00 0.000000000000000000e+00 0.000000000000000000e+00 1.000000000000000000e+00
6.379801034927368164e-01 7.548745274543762207e-01 -1.521368026733398438e-01 1.870478689670562744e-02
-7.464348077774047852e-01 5.576681494712829590e-01 -3.630997538566589355e-01 1.227226331830024719e-01
-1.892530322074890137e-01 3.452104926109313965e-01 9.192458987236022949e-01 -2.352618277072906494e-01
0.000000000000000000e+00 0.000000000000000000e+00 0.000000000000000000e+00 1.000000000000000000e+00
6.517656445503234863e-01 7.544667124748229980e-01 -7.733467966318130493e-02 -4.228099714964628220e-03
-7.307226657867431641e-01 5.973852276802062988e-01 -3.304165601730346680e-01 1.136310845613479614e-01
-2.030898779630661011e-01 2.718643248081207275e-01 9.406616687774658203e-01 -2.451209872961044312e-01
0.000000000000000000e+00 0.000000000000000000e+00 0.000000000000000000e+00 1.000000000000000000e+00
6.674953699111938477e-01 7.441310882568359375e-01 -2.680210955440998077e-02 -2.148891985416412354e-02
-7.206551432609558105e-01 6.365424990653991699e-01 -2.747154235839843750e-01 9.705349802970886230e-02
-1.873637884855270386e-01 2.026864141225814819e-01 9.611520171165466309e-01 -2.550654411315917969e-01
0.000000000000000000e+00 0.000000000000000000e+00 0.000000000000000000e+00 1.000000000000000000e+00
7.111827731132507324e-01 7.014310956001281738e-01 4.704438894987106323e-02 -4.908219724893569946e-02
-6.800836324691772461e-01 7.033997774124145508e-01 -2.066760361194610596e-01 7.662812620401382446e-02
-1.780601292848587036e-01 1.149902567267417908e-01 9.772777557373046875e-01 -2.639655172824859619e-01
0.000000000000000000e+00 0.000000000000000000e+00 0.000000000000000000e+00 1.000000000000000000e+00
7.459411025047302246e-01 6.600745916366577148e-01 8.872924745082855225e-02 -6.568250060081481934e-02
-6.457293033599853516e-01 7.494058012962341309e-01 -1.463726758956909180e-01 5.746661871671676636e-02
-1.631110906600952148e-01 5.189028009772300720e-02 9.852420687675476074e-01 -2.694229781627655029e-01
0.000000000000000000e+00 0.000000000000000000e+00 0.000000000000000000e+00 1.000000000000000000e+00
7.713142633438110352e-01 6.169922351837158203e-01 1.561883538961410522e-01 -9.062509238719940186e-02
-6.158455014228820801e-01 7.854598164558410645e-01 -6.154100596904754639e-02 2.961763180792331696e-02
-1.606499850749969482e-01 -4.872057586908340454e-02 9.858079552650451660e-01 -2.720853984355926514e-01
0.000000000000000000e+00 0.000000000000000000e+00 0.000000000000000000e+00 1.000000000000000000e+00
7.958430647850036621e-01 5.727235078811645508e-01 1.965227425098419189e-01 -1.075793728232383728e-01
-5.867308378219604492e-01 8.096120357513427734e-01 1.659755036234855652e-02 3.319870913401246071e-03
-1.496012955904006958e-01 -1.285149902105331421e-01 9.803586006164550781e-01 -2.740494310855865479e-01
0.000000000000000000e+00 0.000000000000000000e+00 0.000000000000000000e+00 1.000000000000000000e+00
8.295513987541198730e-01 5.112861990928649902e-01 2.245678305625915527e-01 -1.207520589232444763e-01
-5.424618721008300781e-01 8.332802653312683105e-01 1.066723093390464783e-01 -2.789640799164772034e-02
-1.325878202915191650e-01 -2.103096544742584229e-01 9.686024785041809082e-01 -2.732402980327606201e-01
0.000000000000000000e+00 0.000000000000000000e+00 0.000000000000000000e+00 1.000000000000000000e+00
8.441091775894165039e-01 4.914108812808990479e-01 2.144648730754852295e-01 -1.215928271412849426e-01
-5.307508707046508789e-01 8.225537538528442383e-01 2.042281925678253174e-01 -6.088565662503242493e-02
-7.604882121086120605e-02 -2.862183749675750732e-01 9.551415443420410156e-01 -2.730041146278381348e-01
0.000000000000000000e+00 0.000000000000000000e+00 0.000000000000000000e+00 1.000000000000000000e+00
8.533185124397277832e-01 4.904871881008148193e-01 1.768316328525543213e-01 -1.136321201920509338e-01
-5.213782191276550293e-01 8.049752712249755859e-01 2.831600308418273926e-01 -8.983203023672103882e-02
-3.458532504737377167e-03 -3.338219225406646729e-01 9.426298141479492188e-01 -2.735401093959808350e-01
0.000000000000000000e+00 0.000000000000000000e+00 0.000000000000000000e+00 1.000000000000000000e+00
8.632074594497680664e-01 4.883895218372344971e-01 1.278596371412277222e-01 -1.019020155072212219e-01
-4.984793663024902344e-01 7.844246029853820801e-01 3.690473437309265137e-01 -1.203360408544540405e-01
7.994271069765090942e-02 -3.823000490665435791e-01 9.205737113952636719e-01 -2.717505395412445068e-01
0.000000000000000000e+00 0.000000000000000000e+00 0.000000000000000000e+00 1.000000000000000000e+00
8.768586516380310059e-01 4.736480414867401123e-01 8.231870085000991821e-02 -9.109593927860260010e-02
-4.562771618366241455e-01 7.659994959831237793e-01 4.528301358222961426e-01 -1.519271284341812134e-01
1.514262408018112183e-01 -4.346282184123992920e-01 8.877881169319152832e-01 -2.675962448120117188e-01
0.000000000000000000e+00 0.000000000000000000e+00 0.000000000000000000e+00 1.000000000000000000e+00
8.982703685760498047e-01 4.384959638118743896e-01 2.883217111229896545e-02 -7.683434337377548218e-02
-3.818399012088775635e-01 7.463676333427429199e-01 5.450990200042724609e-01 -1.886477172374725342e-01
2.175045609474182129e-01 -5.006559491157531738e-01 8.378754854202270508e-01 -2.628457844257354736e-01
0.000000000000000000e+00 0.000000000000000000e+00 0.000000000000000000e+00 1.000000000000000000e+00
9.309407472610473633e-01 3.649736344814300537e-01 1.195306610316038132e-02 -7.271157950162887573e-02
-2.942237854003906250e-01 7.302872538566589355e-01 6.165325045585632324e-01 -2.151504158973693848e-01
2.162891030311584473e-01 -5.774723291397094727e-01 7.872382402420043945e-01 -2.561495602130889893e-01
0.000000000000000000e+00 0.000000000000000000e+00 0.000000000000000000e+00 1.000000000000000000e+00
9.508864879608154297e-01 3.052567541599273682e-01 -5.130862817168235779e-02 -5.301635712385177612e-02
-1.921645104885101318e-01 7.121011614799499512e-01 6.752665042877197266e-01 -2.391187548637390137e-01
2.426666766405105591e-01 -6.322420835494995117e-01 7.357870936393737793e-01 -2.494863122701644897e-01
0.000000000000000000e+00 0.000000000000000000e+00 0.000000000000000000e+00 1.000000000000000000e+00
9.303007721900939941e-01 3.332238495349884033e-01 -1.533034890890121460e-01 -1.662431843578815460e-02
-1.236104890704154968e-01 6.783185601234436035e-01 7.242955565452575684e-01 -2.577124238014221191e-01
3.453412950038909912e-01 -6.548628807067871094e-01 6.722303628921508789e-01 -2.408669143915176392e-01
0.000000000000000000e+00 0.000000000000000000e+00 0.000000000000000000e+00 1.000000000000000000e+00
8.858027458190917969e-01 3.947379887104034424e-01 -2.439992129802703857e-01 1.907441392540931702e-02
-8.069395273923873901e-02 6.487990021705627441e-01 7.566688060760498047e-01 -2.699623107910156250e-01
4.569926261901855469e-01 -6.505701541900634766e-01 6.065609455108642578e-01 -2.268680632114410400e-01
0.000000000000000000e+00 0.000000000000000000e+00 0.000000000000000000e+00 1.000000000000000000e+00
9.599029421806335449e-01 2.174159735441207886e-01 -1.769639253616333008e-01 -1.292519178241491318e-02
-2.923615276813507080e-02 7.054652571678161621e-01 7.081410884857177734e-01 -2.502773702144622803e-01
2.788031697273254395e-01 -6.745732426643371582e-01 6.835346817970275879e-01 -2.327030599117279053e-01
0.000000000000000000e+00 0.000000000000000000e+00 0.000000000000000000e+00 1.000000000000000000e+00
9.418449997901916504e-01 2.316165268421173096e-01 -2.434788644313812256e-01 7.231378462165594101e-03
-3.576099174097180367e-03 7.314033508300781250e-01 6.819354295730590820e-01 -2.378263622522354126e-01
3.360287547111511230e-01 -6.414067745208740234e-01 6.896968483924865723e-01 -2.387079000473022461e-01
0.000000000000000000e+00 0.000000000000000000e+00 0.000000000000000000e+00 1.000000000000000000e+00
9.249964356422424316e-01 2.971852421760559082e-01 -2.367761731147766113e-01 2.996975323185324669e-03
-4.439287260174751282e-02 7.033888697624206543e-01 7.094178199768066406e-01 -2.454293966293334961e-01
3.773739933967590332e-01 -6.456971764564514160e-01 6.638244986534118652e-01 -2.308943867683410645e-01
0.000000000000000000e+00 0.000000000000000000e+00 0.000000000000000000e+00 1.000000000000000000e+00
8.536877036094665527e-01 3.819994628429412842e-01 -3.539685010910034180e-01 4.813815280795097351e-02
3.336935117840766907e-02 6.381629109382629395e-01 7.691776156425476074e-01 -2.734498381614685059e-01
5.197150111198425293e-01 -6.684493422508239746e-01 5.320448279380798340e-01 -1.921920925378799438e-01
0.000000000000000000e+00 0.000000000000000000e+00 0.000000000000000000e+00 1.000000000000000000e+00
7.464923858642578125e-01 4.914759397506713867e-01 -4.485535323619842529e-01 9.125792980194091797e-02
8.629284799098968506e-02 5.969183444976806641e-01 7.976477146148681641e-01 -2.871431112289428711e-01
6.597746014595031738e-01 -6.341452002525329590e-01 4.031841754913330078e-01 -1.546378433704376221e-01
0.000000000000000000e+00 0.000000000000000000e+00 0.000000000000000000e+00 1.000000000000000000e+00
6.298812627792358398e-01 5.767503976821899414e-01 -5.202006101608276367e-01 1.278999596834182739e-01
1.400896459817886353e-01 5.744165778160095215e-01 8.064864873886108398e-01 -2.933077514171600342e-01
7.639529705047607422e-01 -5.808653235435485840e-01 2.810174822807312012e-01 -1.140414401888847351e-01
0.000000000000000000e+00 0.000000000000000000e+00 0.000000000000000000e+00 1.000000000000000000e+00
4.554547369480133057e-01 6.530613303184509277e-01 -6.050387620925903320e-01 1.719924360513687134e-01
2.609282135963439941e-01 5.518512725830078125e-01 7.920712828636169434e-01 -2.935651838779449463e-01
8.511621952056884766e-01 -5.186240077018737793e-01 8.094125986099243164e-02 -4.502079635858535767e-02
0.000000000000000000e+00 0.000000000000000000e+00 0.000000000000000000e+00 1.000000000000000000e+00
3.719369173049926758e-01 6.748896241188049316e-01 -6.373280882835388184e-01 1.899438500404357910e-01
3.355719745159149170e-01 5.423932075500488281e-01 7.701954841613769531e-01 -2.891345322132110596e-01
8.654793500900268555e-01 -5.003336071968078613e-01 -2.473805844783782959e-02 -5.681281909346580505e-03
0.000000000000000000e+00 0.000000000000000000e+00 0.000000000000000000e+00 1.000000000000000000e+00
2.961280345916748047e-01 6.970039010047912598e-01 -6.530646681785583496e-01 2.017840147018432617e-01
3.867968320846557617e-01 5.376494526863098145e-01 7.492136955261230469e-01 -2.833274304866790771e-01
8.733251094818115234e-01 -4.744666814804077148e-01 -1.103859096765518188e-01 2.752572484314441681e-02
0.000000000000000000e+00 0.000000000000000000e+00 0.000000000000000000e+00 1.000000000000000000e+00
5.002158284187316895e-01 4.857578277587890625e-01 -7.168146371841430664e-01 2.271094620227813721e-01
4.579233527183532715e-01 5.541933774948120117e-01 6.951085925102233887e-01 -2.657795250415802002e-01
7.349084615707397461e-01 -6.759504079818725586e-01 5.477637052536010742e-02 -3.019111929461359978e-03
