1.000000000000000000e+00 0.000000000000000000e+00 0.000000000000000000e+00 -3.619798645377159119e-02
0.000000000000000000e+00 1.000000000000000000e+00 0.000000000000000000e+00 -1.327119767665863037e-03
0.000000000000000000e+00 0.000000000000000000e+00 1.000000000000000000e+00 -2.960163652896881104e-01
0.000000000000000000e+00 0.000000000000000000e+00 0.000000000000000000e+00 1.000000000000000000e+00
9.897782802581787109e-01 1.416534334421157837e-01 1.652897894382476807e-02 -4.401722550392150879e-02
-1.406224519014358521e-01 9.886797666549682617e-01 -5.232510715723037720e-02 2.718361094594001770e-02
-2.375390008091926575e-02 4.946591332554817200e-02 9.984936118125915527e-01 -2.966988086700439453e-01
0.000000000000000000e+00 0.000000000000000000e+00 0.000000000000000000e+00 1.000000000000000000e+00
9.720590114593505859e-01 2.328138798475265503e-01 2.998199686408042908e-02 -4.876558482646942139e-02
-2.288487702608108521e-01 9.683429598808288574e-01 -9.969790279865264893e-02 5.245514214038848877e-02
-5.224395915865898132e-02 9.005086869001388550e-02 9.945656657218933105e-01 -2.950214147567749023e-01
0.000000000000000000e+00 0.000000000000000000e+00 0.000000000000000000e+00 1.000000000000000000e+00
9.416852593421936035e-01 3.345305025577545166e-01 3.630654141306877136e-02 -4.953449219465255737e-02
-3.262919485569000244e-01 9.341692924499511719e-01 -1.444337368011474609e-01 7.514967769384384155e-02
-8.223399519920349121e-02 1.241645589470863342e-01 9.888483881950378418e-01 -2.916886508464813232e-01
0.000000000000000000e+00 0.000000000000000000e+00 0.000000000000000000e+00 1.000000000000000000e+00
8.941964507102966309e-01 4.475266933441162109e-01 1.150345709174871445e-02 -3.649096190929412842e-02
-4.398468434810638428e-01 8.830553293228149414e-01 -1.635477542877197266e-01 8.776167780160903931e-02
-8.335022628307342529e-02 1.411840915679931641e-01 9.864682555198669434e-01 -2.907053530216217041e-01
0.000000000000000000e+00 0.000000000000000000e+00 0.000000000000000000e+00 1.000000000000000000e+00
8.289759755134582520e-01 5.590996742248535156e-01 -1.436640601605176926e-02 -2.243478596210479736e-02
-5.510239601135253906e-01 8.120639920234680176e-01 -1.921554803848266602e-01 1.031362339854240417e-01
-9.576769173145294189e-02 1.672084629535675049e-01 9.812592864036560059e-01 -2.891115844249725342e-01
0.000000000000000000e+00 0.000000000000000000e+00 0.000000000000000000e+00 1.000000000000000000e+00
7.519568204879760742e-01 6.583625674247741699e-01 -3.345372527837753296e-02 -9.570553898811340332e-03
-6.535195112228393555e-01 7.378484606742858887e-01 -1.687950193881988525e-01 9.995771199464797974e-02
-8.644464612007141113e-02 1.487892419099807739e-01 9.850832223892211914e-01 -2.926367819309234619e-01
0.000000000000000000e+00 0.000000000000000000e+00 0.000000000000000000e+00 1.000000000000000000e+00
6.915914416313171387e-01 7.185749411582946777e-01 -7.315280288457870483e-02 6.647493224591016769e-03
-7.216160297393798828e-01 6.830235123634338379e-01 -1.129118502140045166e-01 8.189338445663452148e-02
-3.117057494819164276e-02 1.308771371841430664e-01 9.909086227416992188e-01 -2.994993031024932861e-01
0.000000000000000000e+00 0.000000000000000000e+00 0.000000000000000000e+00 1.000000000000000000e+00
5.882309079170227051e-01 8.080387711524963379e-01 -3.251108154654502869e-02 -2.876900369301438332e-03
-8.077158331871032715e-01 5.850701928138732910e-01 -7.271481305360794067e-02 6.905610859394073486e-02
-3.973515331745147705e-02 6.903284043073654175e-02 9.968227744102478027e-01 -3.068150877952575684e-01
0.000000000000000000e+00 0.000000000000000000e+00 0.000000000000000000e+00 1.000000000000000000e+00
4.976507425308227539e-01 8.665223717689514160e-01 -3.850573301315307617e-02 4.186655394732952118e-03
-8.669667840003967285e-01 4.955585300922393799e-01 -5.282170325517654419e-02 6.329866498708724976e-02
-2.668935060501098633e-02 5.966994538903236389e-02 9.978615045547485352e-01 -3.108636736869812012e-01
0.000000000000000000e+00 0.000000000000000000e+00 0.000000000000000000e+00 1.000000000000000000e+00
3.994448184967041016e-01 9.153543114662170410e-01 -5.069969221949577332e-02 1.281285472214221954e-02
-9.165697693824768066e-01 3.998704254627227783e-01 -1.891451654955744743e-03 4.496219754219055176e-02
1.854195259511470795e-02 4.722531512379646301e-02 9.987121224403381348e-01 -3.152924478054046631e-01
0.000000000000000000e+00 0.000000000000000000e+00 0.000000000000000000e+00 1.000000000000000000e+00
2.902390658855438232e-01 9.556416273117065430e-01 -5.010663717985153198e-02 1.745301298797130585e-02
-9.557868242263793945e-01 2.920727729797363281e-01 3.413016721606254578e-02 3.153246268630027771e-02
4.725097119808197021e-02 3.798535466194152832e-02 9.981602430343627930e-01 -3.177739083766937256e-01
0.000000000000000000e+00 0.000000000000000000e+00 0.000000000000000000e+00 1.000000000000000000e+00
1.757510453462600708e-01 9.818808436393737793e-01 -7.086245715618133545e-02 2.918540686368942261e-02
-9.820941090583801270e-01 1.798390150070190430e-01 5.611446127295494080e-02 2.303708530962467194e-02
6.784155964851379395e-02 5.973143875598907471e-02 9.959065914154052734e-01 -3.182878792285919189e-01
0.000000000000000000e+00 0.000000000000000000e+00 0.000000000000000000e+00 1.000000000000000000e+00
9.730765223503112793e-02 9.913713335990905762e-01 -8.782602846622467041e-02 3.771639242768287659e-02
-9.902452826499938965e-01 1.052825003862380981e-01 9.126722067594528198e-02 9.619831107556819916e-03
9.972629696130752563e-02 7.808826863765716553e-02 9.919459819793701172e-01 -3.174027502536773682e-01
0.000000000000000000e+00 0.000000000000000000e+00 0.000000000000000000e+00 1.000000000000000000e+00
9.071527048945426941e-03 9.963973760604858398e-01 -8.431950956583023071e-02 4.166825860738754272e-02
-9.972950816154479980e-01 1.516594830900430679e-02 7.192081212997436523e-02 1.804192177951335907e-02
7.294050604104995728e-02 8.343903720378875732e-02 9.938399791717529297e-01 -3.117245435714721680e-01
0.000000000000000000e+00 0.000000000000000000e+00 0.000000000000000000e+00 1.000000000000000000e+00
-9.206452220678329468e-02 8.983696103096008301e-01 -4.294832050800323486e-01 1.617272198200225830e-01
-9.905956387519836426e-01 -3.878867253661155701e-02 1.312094479799270630e-01 -1.668760902248322964e-03
1.012154221534729004e-01 4.375239908695220947e-01 8.934920430183410645e-01 -2.727717757225036621e-01
0.000000000000000000e+00 0.000000000000000000e+00 0.000000000000000000e+00 1.000000000000000000e+00
-1.646355688571929932e-01 8.713769316673278809e-01 -4.621655941009521484e-01 1.738745421171188354e-01
-9.763373136520385742e-01 -7.735931873321533203e-02 2.019419968128204346e-01 -2.613064087927341461e-02
1.402147710323333740e-01 4.844765663146972656e-01 8.634942173957824707e-01 -2.645422518253326416e-01
0.000000000000000000e+00 0.000000000000000000e+00 0.000000000000000000e+00 1.000000000000000000e+00
-1.376889944076538086e-01 8.106808066368103027e-01 -5.690678358078002930e-01 2.016153782606124878e-01
-9.903814196586608887e-01 -1.206113994121551514e-01 6.780785322189331055e-02 1.713325269520282745e-02
-1.366556901484727859e-02 5.729306340217590332e-01 8.194897770881652832e-01 -2.430921345949172974e-01
0.000000000000000000e+00 0.000000000000000000e+00 0.000000000000000000e+00 1.000000000000000000e+00
-9.000938385725021362e-02 7.354603409767150879e-01 -6.715624332427978516e-01 2.240136712789535522e-01
-9.947169423103332520e-01 -3.296682983636856079e-02 9.721815586090087891e-02 1.097628194838762283e-02
4.936080425977706909e-02 6.767650842666625977e-01 7.345423698425292969e-01 -2.255555540323257446e-01
0.000000000000000000e+00 0.000000000000000000e+00 0.000000000000000000e+00 1.000000000000000000e+00
-6.165063381195068359e-02 5.639432072639465332e-01 -8.235092759132385254e-01 2.681843340396881104e-01
-9.852150678634643555e-01 9.775241464376449585e-02 1.406977027654647827e-01 -2.731270855292677879e-03
1.598455458879470825e-01 8.200079798698425293e-01 5.495787262916564941e-01 -1.679496914148330688e-01
0.000000000000000000e+00 0.000000000000000000e+00 0.000000000000000000e+00 1.000000000000000000e+00
-1.253517568111419678e-01 4.273856282234191895e-01 -8.953369855880737305e-01 2.891466021537780762e-01
-9.854557514190673828e-01 5.072819441556930542e-02 1.621838361024856567e-01 -1.347559317946434021e-02
1.147337481379508972e-01 9.026449322700500488e-01 4.148108363151550293e-01 -1.204685792326927185e-01
0.000000000000000000e+00 0.000000000000000000e+00 0.000000000000000000e+00 1.000000000000000000e+00
-1.940850764513015747e-01 3.233637809753417969e-01 -9.261569380760192871e-01 3.001496493816375732e-01
-9.749804139137268066e-01 4.070983827114105225e-02 2.185301929712295532e-01 -3.176114708185195923e-02
1.083684265613555908e-01 9.453983306884765625e-01 3.073721826076507568e-01 -8.684517443180084229e-02
0.000000000000000000e+00 0.000000000000000000e+00 0.000000000000000000e+00 1.000000000000000000e+00
-2.746283710002899170e-01 2.031097412109375000e-01 -9.398538470268249512e-01 3.079215288162231445e-01
-9.590112566947937012e-01 1.312525570392608643e-02 2.830627560615539551e-01 -5.315712094306945801e-02
6.982861459255218506e-02 9.790680408477783203e-01 1.911801695823669434e-01 -4.803181812167167664e-02
0.000000000000000000e+00 0.000000000000000000e+00 0.000000000000000000e+00 1.000000000000000000e+00
-1.446502953767776489e-01 -8.898749351501464844e-01 -4.326651394367218018e-01 1.388474851846694946e-01
-9.502744674682617188e-01 3.063661511987447739e-03 3.113985955715179443e-01 -5.995888262987136841e-02
-2.757801115512847900e-01 4.561946392059326172e-01 -8.460683226585388184e-01 2.959890365600585938e-01
0.000000000000000000e+00 0.000000000000000000e+00 0.000000000000000000e+00 1.000000000000000000e+00
-1.548685878515243530e-01 -9.052652716636657715e-01 -3.956155478954315186e-01 1.264620274305343628e-01
-9.690767526626586914e-01 6.133107095956802368e-02 2.390162199735641479e-01 -3.746457397937774658e-02
-1.921094208955764771e-01 4.203978776931762695e-01 -8.867691159248352051e-01 3.042143583297729492e-01
0.000000000000000000e+00 0.000000000000000000e+00 0.000000000000000000e+00 1.000000000000000000e+00
-7.316558063030242920e-02 -9.056261181831359863e-01 -4.177168607711791992e-01 1.267589181661605835e-01
-9.903520941734313965e-01 1.655325107276439667e-02 1.375792622566223145e-01 -2.671590773388743401e-03
-1.176808550953865051e-01 4.237529337406158447e-01 -8.980998992919921875e-01 3.026919364929199219e-01
0.000000000000000000e+00 0.000000000000000000e+00 0.000000000000000000e+00 1.000000000000000000e+00
2.635952457785606384e-02 -8.985651135444641113e-01 -4.380469322204589844e-01 1.243454143404960632e-01
-9.992155432701110840e-01 -3.663649037480354309e-02 1.502511650323867798e-02 3.900330141186714172e-02
-2.954961173236370087e-02 4.373074173927307129e-01 -8.988263607025146484e-01 2.967669665813446045e-01
0.000000000000000000e+00 0.000000000000000000e+00 0.000000000000000000e+00 1.000000000000000000e+00
4.319915175437927246e-02 -8.946152329444885254e-01 -4.447433948516845703e-01 1.242229267954826355e-01
-9.942418336868286133e-01 5.198277067393064499e-03 -1.070299670100212097e-01 7.842653244733810425e-02
9.806258231401443481e-02 4.468063414096832275e-01 -8.892398476600646973e-01 2.853386998176574707e-01
0.000000000000000000e+00 0.000000000000000000e+00 0.000000000000000000e+00 1.000000000000000000e+00
9.686825796961784363e-03 -9.000798463821411133e-01 -4.356174170970916748e-01 1.256587356328964233e-01
-9.811362028121948242e-01 7.555907964706420898e-02 -1.779391169548034668e-01 9.287055581808090210e-02
1.930743455886840820e-01 4.291235804557800293e-01 -8.823691010475158691e-01 2.797605395317077637e-01
0.000000000000000000e+00 0.000000000000000000e+00 0.000000000000000000e+00 1.000000000000000000e+00
-4.788586124777793884e-02 -9.017664194107055664e-01 -4.295618236064910889e-01 1.300297081470489502e-01
-9.945864677429199219e-01 8.275345712900161743e-02 -6.284876912832260132e-02 5.571983754634857178e-02
9.222262352705001831e-02 4.242271780967712402e-01 -9.008474946022033691e-01 3.014549314975738525e-01
0.000000000000000000e+00 0.000000000000000000e+00 0.000000000000000000e+00 1.000000000000000000e+00
-4.060285910964012146e-02 -8.926308751106262207e-01 -4.489567577838897705e-01 1.336955428123474121e-01
-9.926741123199462891e-01 -1.513774506747722626e-02 1.198737695813179016e-01 -2.377908909693360329e-03
-1.137992590665817261e-01 4.505343735218048096e-01 -8.854761719703674316e-01 3.149324357509613037e-01
0.000000000000000000e+00 0.000000000000000000e+00 0.000000000000000000e+00 1.000000000000000000e+00
1.261083781719207764e-01 -8.685775995254516602e-01 -4.792385101318359375e-01 1.303668320178985596e-01
-9.872065186500549316e-01 -1.573968082666397095e-01 2.549133449792861938e-02 2.731051854789257050e-02
-9.757180511951446533e-02 4.698926508426666260e-01 -8.773143887519836426e-01 3.138707280158996582e-01
0.000000000000000000e+00 0.000000000000000000e+00 0.000000000000000000e+00 1.000000000000000000e+00
2.337348759174346924e-01 -8.197395205497741699e-01 -5.228718519210815430e-01 1.298919320106506348e-01
-9.459466934204101562e-01 -3.160750269889831543e-01 7.267269492149353027e-02 1.068920269608497620e-02
-2.248394638299942017e-01 4.776229560375213623e-01 -8.493077754974365234e-01 3.096285164356231689e-01
0.000000000000000000e+00 0.000000000000000000e+00 0.000000000000000000e+00 1.000000000000000000e+00
3.479380607604980469e-01 -7.574066519737243652e-01 -5.525163412094116211e-01 1.241361871361732483e-01
-9.105244874954223633e-01 -4.134017825126647949e-01 -6.683926098048686981e-03 3.439931571483612061e-02
-2.233487516641616821e-01 5.054051876068115234e-01 -8.334755897521972656e-01 2.982006967067718506e-01
0.000000000000000000e+00 0.000000000000000000e+00 0.000000000000000000e+00 1.000000000000000000e+00
3.617691993713378906e-01 -7.507700324058532715e-01 -5.526909828186035156e-01 1.222246587276458740e-01
-9.224280118942260742e-01 -3.741696476936340332e-01 -9.551558643579483032e-02 6.451331824064254761e-02
-1.350900679826736450e-01 5.443723201751708984e-01 -8.278944492340087891e-01 2.883455753326416016e-01
0.000000000000000000e+00 0.000000000000000000e+00 0.000000000000000000e+00 1.000000000000000000e+00
3.764055073261260986e-01 -7.467198371887207031e-01 -5.483869910240173340e-01 1.203328147530555725e-01
-9.247029423713684082e-01 -3.391943573951721191e-01 -1.728341579437255859e-01 8.897414803504943848e-02
-5.695115029811859131e-02 5.721509456634521484e-01 -8.181686997413635254e-01 2.782920598983764648e-01
0.000000000000000000e+00 0.000000000000000000e+00 0.000000000000000000e+00 1.000000000000000000e+00
5.358188152313232422e-01 -6.336798667907714844e-01 -5.579856634140014648e-01 1.184909418225288391e-01
-8.425024747848510742e-01 -4.447567164897918701e-01 -3.039419949054718018e-01 1.245571449398994446e-01
-5.556597560644149780e-02 6.329621076583862305e-01 -7.721858620643615723e-01 2.633373737335205078e-01
0.000000000000000000e+00 0.000000000000000000e+00 0.000000000000000000e+00 1.000000000000000000e+00
6.854510307312011719e-01 -4.342352151870727539e-01 -5.844624638557434082e-01 1.219914183020591736e-01
-7.101786732673645020e-01 -5.758051872253417969e-01 -4.050858914852142334e-01 1.530135571956634521e-01
-1.606340259313583374e-01 6.927393078804016113e-01 -7.030708193778991699e-01 2.572022974491119385e-01
0.000000000000000000e+00 0.000000000000000000e+00 0.000000000000000000e+00 1.000000000000000000e+00
7.077934741973876953e-01 -3.591538071632385254e-01 -6.083064675331115723e-01 1.256984174251556396e-01
-6.557676792144775391e-01 -6.542439460754394531e-01 -3.767403960227966309e-01 1.438002139329910278e-01
-2.626732885837554932e-01 6.655622124671936035e-01 -6.985909342765808105e-01 2.660664618015289307e-01
0.000000000000000000e+00 0.000000000000000000e+00 0.000000000000000000e+00 1.000000000000000000e+00
7.609764933586120605e-01 -2.780812084674835205e-01 -5.861616134643554688e-01 1.230413913726806641e-01
-5.737248659133911133e-01 -7.102673053741455078e-01 -4.078720808029174805e-01 1.450606286525726318e-01
-3.029099702835083008e-01 6.466766595840454102e-01 -7.000386714935302734e-01 2.656337618827819824e-01
0.000000000000000000e+00 0.000000000000000000e+00 0.000000000000000000e+00 1.000000000000000000e+00
7.637979388236999512e-01 -2.833714187145233154e-01 -5.799252986907958984e-01 1.268725991249084473e-01
-5.442408919334411621e-01 -7.657799720764160156e-01 -3.426131010055541992e-01 1.170555055141448975e-01
-3.470079600811004639e-01 5.773062109947204590e-01 -7.391232252120971680e-01 2.806900739669799805e-01
0.000000000000000000e+00 0.000000000000000000e+00 0.000000000000000000e+00 1.000000000000000000e+00
7.453292608261108398e-01 -3.742966353893280029e-01 -5.517122149467468262e-01 1.267433911561965942e-01
-5.911241769790649414e-01 -7.537003159523010254e-01 -2.872418463230133057e-01 9.608180075883865356e-02
-3.083119690418243408e-01 5.402202606201171875e-01 -7.830107212066650391e-01 2.926327884197235107e-01
0.000000000000000000e+00 0.000000000000000000e+00 0.000000000000000000e+00 1.000000000000000000e+00
8.159911632537841797e-01 -2.037676274776458740e-01 -5.409594178199768066e-01 1.279562264680862427e-01
-5.314800739288330078e-01 -6.325053572654724121e-01 -5.634412169456481934e-01 1.834346950054168701e-01
-2.273486256599426270e-01 7.472721338272094727e-01 -6.244169473648071289e-01 2.490695118904113770e-01
0.000000000000000000e+00 0.000000000000000000e+00 0.000000000000000000e+00 1.000000000000000000e+00
8.502572178840637207e-01 -1.260232180356979370e-01 -5.110584497451782227e-01 1.175798773765563965e-01
-4.832805097103118896e-01 -5.716297030448913574e-01 -6.630830764770507812e-01 2.163080722093582153e-01
-2.085723876953125000e-01 8.107756376266479492e-01 -5.469368100166320801e-01 2.229113429784774780e-01
0.000000000000000000e+00 0.000000000000000000e+00 0.000000000000000000e+00 1.000000000000000000e+00
8.760322332382202148e-01 -3.917945176362991333e-02 -4.806585609912872314e-01 1.076039969921112061e-01
-4.317883253097534180e-01 -5.076003670692443848e-01 -7.455874681472778320e-01 2.435193508863449097e-01
-2.147707641124725342e-01 8.607012629508972168e-01 -4.615916311740875244e-01 1.953132003545761108e-01
0.000000000000000000e+00 0.000000000000000000e+00 0.000000000000000000e+00 1.000000000000000000e+00
8.896449804306030273e-01 1.077607497572898865e-01 -4.437559247016906738e-01 9.696403890848159790e-02
-3.661378026008605957e-01 -4.124076962471008301e-01 -8.341837525367736816e-01 2.727532982826232910e-01
-2.729006707668304443e-01 9.046032428741455078e-01 -3.274410963058471680e-01 1.539581120014190674e-01
0.000000000000000000e+00 0.000000000000000000e+00 0.000000000000000000e+00 1.000000000000000000e+00
9.563260078430175781e-01 -2.241229414939880371e-01 -1.876409947872161865e-01 6.161069031804800034e-03
-2.497323900461196899e-01 -2.928757667541503906e-01 -9.229613542556762695e-01 2.962159514427185059e-01
1.519013047218322754e-01 9.295120835304260254e-01 -3.360555469989776611e-01 1.310764551162719727e-01
0.000000000000000000e+00 0.000000000000000000e+00 0.000000000000000000e+00 1.000000000000000000e+00
9.801648855209350586e-01 -2.812286652624607086e-02 -1.961782425642013550e-01 1.069674640893936157e-02
-1.975106894969940186e-01 -2.201270312070846558e-01 -9.552660584449768066e-01 3.041715919971466064e-01
-1.631930842995643616e-02 9.750656485557556152e-01 -2.213154286146163940e-01 1.011118665337562561e-01
0.000000000000000000e+00 0.000000000000000000e+00 0.000000000000000000e+00 1.000000000000000000e+00
9.867265224456787109e-01 2.671637572348117828e-02 -1.601792871952056885e-01 -1.077995912055484951e-04
-1.563423871994018555e-01 -1.104339510202407837e-01 -9.815096259117126465e-01 3.103881478309631348e-01
-4.391165077686309814e-02 9.935242533683776855e-01 -1.047911718487739563e-01 6.240578740835189819e-02
0.000000000000000000e+00 0.000000000000000000e+00 0.000000000000000000e+00 1.000000000000000000e+00
9.843211770057678223e-01 -1.075202599167823792e-01 -1.398262530565261841e-01 -9.968272410333156586e-03
-1.458156704902648926e-01 -4.998468607664108276e-02 -9.880483746528625488e-01 3.107834458351135254e-01
9.924601018428802490e-02 9.929455518722534180e-01 -6.487914174795150757e-02 4.008813202381134033e-02
0.000000000000000000e+00 0.000000000000000000e+00 0.000000000000000000e+00 1.000000000000000000e+00
9.885352253913879395e-01 -1.078098565340042114e-01 -1.057138964533805847e-01 -2.133435569703578949e-02
-1.027400717139244080e-01 3.279068693518638611e-02 -9.941676259040832520e-01 3.092615902423858643e-01
1.106475070118904114e-01 9.936306476593017578e-01 2.133834920823574066e-02 7.695798762142658234e-03
0.000000000000000000e+00 0.000000000000000000e+00 0.000000000000000000e+00 1.000000000000000000e+00
9.759545922279357910e-01 -1.983473896980285645e-01 -9.039453417062759399e-02 -2.528742887079715729e-02
-6.581800431013107300e-02 1.271880120038986206e-01 -9.896926283836364746e-01 3.036124408245086670e-01
2.077999860048294067e-01 9.718443155288696289e-01 1.110748574137687683e-01 -2.998177707195281982e-02
0.000000000000000000e+00 0.000000000000000000e+00 0.000000000000000000e+00 1.000000000000000000e+00
9.848653078079223633e-01 3.531972644850611687e-03 -1.732851117849349976e-01 -2.346295630559325218e-03
-1.714704483747482300e-01 1.655686050653457642e-01 -9.711771011352539062e-01 3.057882189750671387e-01
2.526037022471427917e-02 9.861917495727539062e-01 1.636683940887451172e-01 -2.643712796270847321e-02
0.000000000000000000e+00 0.000000000000000000e+00 0.000000000000000000e+00 1.000000000000000000e+00
9.117422699928283691e-01 3.642205297946929932e-01 -1.899201273918151855e-01 1.239249762147665024e-02
-2.670385837554931641e-01 1.742451786994934082e-01 -9.478021264076232910e-01 3.081982731819152832e-01
-3.121164739131927490e-01 9.148671627044677734e-01 2.561276555061340332e-01 -3.375269845128059387e-02
0.000000000000000000e+00 0.000000000000000000e+00 0.000000000000000000e+00 1.000000000000000000e+00
5.531405210494995117e-01 8.330017328262329102e-01 -1.198313478380441666e-02 -6.319602020084857941e-03
-3.780201077461242676e-01 2.381478399038314819e-01 -8.946431875228881836e-01 3.070792257785797119e-01
-7.423855066299438477e-01 4.993932247161865234e-01 4.466207027435302734e-01 -7.337670028209686279e-02
0.000000000000000000e+00 0.000000000000000000e+00 0.000000000000000000e+00 1.000000000000000000e+00
9.180424213409423828e-01 2.329080551862716675e-01 -3.208603560924530029e-01 5.207607522606849670e-02
-3.866010904312133789e-01 3.463132679462432861e-01 -8.547549247741699219e-01 3.000222444534301758e-01
-8.796123415231704712e-02 9.087466597557067871e-01 4.079729318618774414e-01 -8.891864120960235596e-02
0.000000000000000000e+00 0.000000000000000000e+00 0.000000000000000000e+00 1.000000000000000000e+00
8.840973377227783203e-01 1.733852326869964600e-01 -4.339462518692016602e-01 8.890253305435180664e-02
-4.648938775062561035e-01 4.205044209957122803e-01 -7.791338562965393066e-01 2.866613566875457764e-01
4.738588631153106689e-02 8.905690312385559082e-01 4.523725509643554688e-01 -1.140065416693687439e-01
0.000000000000000000e+00 0.000000000000000000e+00 0.000000000000000000e+00 1.000000000000000000e+00
8.719229102134704590e-01 1.523825079202651978e-01 -4.653281271457672119e-01 9.936951100826263428e-02
-4.736988544464111328e-01 5.030605792999267578e-01 -7.228688001632690430e-01 2.697103917598724365e-01
1.239355579018592834e-01 8.507112264633178711e-01 5.108135342597961426e-01 -1.400949507951736450e-01
0.000000000000000000e+00 0.000000000000000000e+00 0.000000000000000000e+00 1.000000000000000000e+00
8.600550293922424316e-01 1.403466612100601196e-01 -4.905179440975189209e-01 1.079241111874580383e-01
-4.720214605331420898e-01 5.837969183921813965e-01 -6.605883836746215820e-01 2.525265514850616455e-01
1.936514228582382202e-01 7.996773123741149902e-01 5.683439970016479492e-01 -1.604896634817123413e-01
0.000000000000000000e+00 0.000000000000000000e+00 0.000000000000000000e+00 1.000000000000000000e+00
8.416207432746887207e-01 1.012014970183372498e-01 -5.305023193359375000e-01 1.180916279554367065e-01
-4.465672075748443604e-01 6.828340888023376465e-01 -5.781997442245483398e-01 2.278806269168853760e-01
3.037303984165191650e-01 7.235299348831176758e-01 6.198807358741760254e-01 -1.832103133201599121e-01
0.000000000000000000e+00 0.000000000000000000e+00 0.000000000000000000e+00 1.000000000000000000e+00
8.246372342109680176e-01 1.143521070480346680e-01 -5.539827942848205566e-01 1.273551881313323975e-01
-4.450148642063140869e-01 7.357200980186462402e-01 -5.105652213096618652e-01 2.079117894172668457e-01
3.491921424865722656e-01 6.675617694854736328e-01 6.575910449028015137e-01 -1.992267072200775146e-01
0.000000000000000000e+00 0.000000000000000000e+00 0.000000000000000000e+00 1.000000000000000000e+00
7.946675419807434082e-01 1.570035219192504883e-01 -5.863897204399108887e-01 1.413215845823287964e-01
-4.565064907073974609e-01 7.912800312042236328e-01 -4.067890942096710205e-01 1.774915903806686401e-01
4.001310467720031738e-01 5.909531712532043457e-01 7.004778385162353516e-01 -2.181434929370880127e-01
0.000000000000000000e+00 0.000000000000000000e+00 0.000000000000000000e+00 1.000000000000000000e+00
7.658699154853820801e-01 2.149783819913864136e-01 -6.059927344322204590e-01 1.515075415372848511e-01
-4.624709188938140869e-01 8.389455080032348633e-01 -2.868639826774597168e-01 1.413116753101348877e-01
4.467251598834991455e-01 4.999545812606811523e-01 7.419442534446716309e-01 -2.369589060544967651e-01
0.000000000000000000e+00 0.000000000000000000e+00 0.000000000000000000e+00 1.000000000000000000e+00
7.413746118545532227e-01 2.790944576263427734e-01 -6.103031039237976074e-01 1.567547619342803955e-01
-4.634315669536590576e-01 8.706739544868469238e-01 -1.647966653108596802e-01 1.040875613689422607e-01
4.853813052177429199e-01 4.050099253654479980e-01 7.748367786407470703e-01 -2.523699998855590820e-01
0.000000000000000000e+00 0.000000000000000000e+00 0.000000000000000000e+00 1.000000000000000000e+00
7.227461338043212891e-01 3.604137301445007324e-01 -5.896945595741271973e-01 1.533864587545394897e-01
-4.425249099731445312e-01 8.967378735542297363e-01 5.704086273908615112e-03 5.041082203388214111e-02
5.308574438095092773e-01 2.568319439888000488e-01 8.076061010360717773e-01 -2.683525681495666504e-01
0.000000000000000000e+00 0.000000000000000000e+00 0.000000000000000000e+00 1.000000000000000000e+00
7.093612551689147949e-01 4.003046154975891113e-01 -5.801401138305664062e-01 1.495444029569625854e-01
-3.778854906558990479e-01 9.107772707939147949e-01 1.663928925991058350e-01 -5.416586063802242279e-03
5.949865579605102539e-01 1.011940464377403259e-01 7.973397374153137207e-01 -2.664386034011840820e-01
0.000000000000000000e+00 0.000000000000000000e+00 0.000000000000000000e+00 1.000000000000000000e+00
7.088609933853149414e-01 4.196850061416625977e-01 -5.669046044349670410e-01 1.441025137901306152e-01
-2.972815334796905518e-01 9.066151380538940430e-01 2.994531095027923584e-01 -5.318282544612884521e-02
6.396402120590209961e-01 -4.374026507139205933e-02 7.674288749694824219e-01 -2.597049176692962646e-01
0.000000000000000000e+00 0.000000000000000000e+00 0.000000000000000000e+00 1.000000000000000000e+00
7.007608413696289062e-01 4.508899152278900146e-01 -5.528399944305419922e-01 1.394929438829421997e-01
-2.438462078571319580e-01 8.796549439430236816e-01 4.083454012870788574e-01 -9.090795367956161499e-02
6.704273819923400879e-01 -1.513446420431137085e-01 7.263758778572082520e-01 -2.482537031173706055e-01
0.000000000000000000e+00 0.000000000000000000e+00 0.000000000000000000e+00 1.000000000000000000e+00
6.917554736137390137e-01 4.804577827453613281e-01 -5.391055941581726074e-01 1.352710425853729248e-01
-1.641074568033218384e-01 8.316072225570678711e-01 5.305640101432800293e-01 -1.359296292066574097e-01
7.032376527786254883e-01 -2.785491645336151123e-01 6.541156172752380371e-01 -2.278185635805130005e-01
0.000000000000000000e+00 0.000000000000000000e+00 0.000000000000000000e+00 1.000000000000000000e+00
6.753599643707275391e-01 5.117840170860290527e-01 -5.310044288635253906e-01 1.335555166006088257e-01
-9.957274794578552246e-02 7.767027616500854492e-01 6.219467520713806152e-01 -1.705544739961624146e-01
7.307349443435668945e-01 -3.671643733978271484e-01 5.755134820938110352e-01 -2.048786282539367676e-01
0.000000000000000000e+00 0.000000000000000000e+00 0.000000000000000000e+00 1.000000000000000000e+00
6.907480359077453613e-01 5.233870148658752441e-01 -4.989316463470458984e-01 1.228155344724655151e-01
-4.046252742409706116e-02 7.168906331062316895e-01 6.960104703903198242e-01 -1.996578276157379150e-01
7.219623327255249023e-01 -4.605798423290252686e-01 5.163683891296386719e-01 -1.865525543689727783e-01
0.000000000000000000e+00 0.000000000000000000e+00 0.000000000000000000e+00 1.000000000000000000e+00
6.993902921676635742e-01 5.279292464256286621e-01 -4.818128943443298340e-01 1.165775135159492493e-01
1.786700449883937836e-02 6.609853506088256836e-01 7.501861453056335449e-01 -2.220058739185333252e-01
7.145164608955383301e-01 -5.332815051078796387e-01 4.528543353080749512e-01 -1.683057546615600586e-01
0.000000000000000000e+00 0.000000000000000000e+00 0.000000000000000000e+00 1.000000000000000000e+00
7.488080859184265137e-01 5.010664463043212891e-01 -4.338425397872924805e-01 9.852159023284912109e-02
6.593745946884155273e-02 5.950074791908264160e-01 8.010109663009643555e-01 -2.431786209344863892e-01
6.594987511634826660e-01 -6.284098625183105469e-01 4.125071167945861816e-01 -1.556623578071594238e-01
0.000000000000000000e+00 0.000000000000000000e+00 0.000000000000000000e+00 1.000000000000000000e+00
7.953819632530212402e-01 4.767195582389831543e-01 -3.743074238300323486e-01 7.597088813781738281e-02
1.063578575849533081e-01 4.981999695301055908e-01 8.605137467384338379e-01 -2.692360579967498779e-01
5.967040061950683594e-01 -7.242482900619506836e-01 3.455565273761749268e-01 -1.341917663812637329e-01
0.000000000000000000e+00 0.000000000000000000e+00 0.000000000000000000e+00 1.000000000000000000e+00
8.233337402343750000e-01 4.712254703044891357e-01 -3.163362741470336914e-01 5.670636519789695740e-02
1.284080445766448975e-01 3.882518112659454346e-01 9.125632047653198242e-01 -2.909471988677978516e-01
5.528410077095031738e-01 -7.919641733169555664e-01 2.591518163681030273e-01 -1.058892235159873962e-01
0.000000000000000000e+00 0.000000000000000000e+00 0.000000000000000000e+00 1.000000000000000000e+00
8.868253231048583984e-01 3.774741291999816895e-01 -2.665590047836303711e-01 3.671310469508171082e-02
1.565111279487609863e-01 2.973921895027160645e-01 9.418396949768066406e-01 -3.038795590400695801e-01
4.347926676273345947e-01 -8.769666552543640137e-01 2.046559303998947144e-01 -8.432833105325698853e-02
0.000000000000000000e+00 0.000000000000000000e+00 0.000000000000000000e+00 1.000000000000000000e+00
9.158455729484558105e-01 3.125032782554626465e-01 -2.521286904811859131e-01 2.949081920087337494e-02
1.936818212270736694e-01 2.062230706214904785e-01 9.591450691223144531e-01 -3.138383328914642334e-01
3.517307043075561523e-01 -9.272612929344177246e-01 1.283423304557800293e-01 -5.614762753248214722e-02
0.000000000000000000e+00 0.000000000000000000e+00 0.000000000000000000e+00 1.000000000000000000e+00
9.679909944534301758e-01 1.221283078193664551e-01 -2.192683219909667969e-01 1.421881001442670822e-02
2.064542770385742188e-01 1.093489080667495728e-01 9.723269939422607422e-01 -3.210878968238830566e-01
1.427254080772399902e-01 -9.864722490310668945e-01 8.063483238220214844e-02 -2.924844622611999512e-02
0.000000000000000000e+00 0.000000000000000000e+00 0.000000000000000000e+00 1.000000000000000000e+00
9.805799722671508789e-01 5.041855201125144958e-02 -1.895282268524169922e-01 3.238557837903499603e-04
1.885736137628555298e-01 2.310465276241302490e-02 9.817873239517211914e-01 -3.270191848278045654e-01
5.387929081916809082e-02 -9.984610080718994141e-01 1.314840279519557953e-02 -1.340882881777361035e-04
0.000000000000000000e+00 0.000000000000000000e+00 0.000000000000000000e+00 1.000000000000000000e+00
9.821917414665222168e-01 7.465866208076477051e-02 -1.724108308553695679e-01 -4.902245942503213882e-03
1.777206063270568848e-01 -7.149717211723327637e-02 9.814802408218383789e-01 -3.309711515903472900e-01
6.094912812113761902e-02 -9.946427345275878906e-01 -8.349227905273437500e-02 3.660252317786216736e-02
0.000000000000000000e+00 0.000000000000000000e+00 0.000000000000000000e+00 1.000000000000000000e+00
9.829484820365905762e-01 -2.053809911012649536e-02 -1.827307045459747314e-01 5.440915119834244251e-04
1.791771352291107178e-01 -1.163596957921981812e-01 9.769114255905151367e-01 -3.315536081790924072e-01
-4.132640734314918518e-02 -9.929946660995483398e-01 -1.106955930590629578e-01 5.726853758096694946e-02
0.000000000000000000e+00 0.000000000000000000e+00 0.000000000000000000e+00 1.000000000000000000e+00
9.456313848495483398e-01 -2.908176779747009277e-01 -1.456238925457000732e-01 -6.669973023235797882e-03
1.299177557229995728e-01 -7.271428406238555908e-02 9.888549447059631348e-01 -3.327440917491912842e-01
-2.981654107570648193e-01 -9.540114402770996094e-01 -3.097858466207981110e-02 4.321212694048881531e-02
0.000000000000000000e+00 0.000000000000000000e+00 0.000000000000000000e+00 1.000000000000000000e+00
9.327395558357238770e-01 3.522648811340332031e-01 -7.685274630784988403e-02 -2.904319390654563904e-02
5.962053686380386353e-02 5.952651798725128174e-02 9.964445829391479492e-01 -3.292084038257598877e-01
3.555872738361358643e-01 -9.340053200721740723e-01 3.452052921056747437e-02 -1.785530149936676025e-02
0.000000000000000000e+00 0.000000000000000000e+00 0.000000000000000000e+00 1.000000000000000000e+00
8.518218994140625000e-01 5.191491842269897461e-01 -6.988206505775451660e-02 -2.525159344077110291e-02
-3.810695558786392212e-02 1.944653689861297607e-01 9.801689386367797852e-01 -3.158370256423950195e-01
5.224435329437255859e-01 -8.322660923004150391e-01 1.854331493377685547e-01 -7.638233900070190430e-02
0.000000000000000000e+00 0.000000000000000000e+00 0.000000000000000000e+00 1.000000000000000000e+00
7.785128355026245117e-01 6.237425804138183594e-01 -6.973350048065185547e-02 -1.730555482208728790e-02
-1.653566807508468628e-01 3.110199272632598877e-01 9.359077215194702148e-01 -2.909443974494934082e-01
6.054545044898986816e-01 -7.170854806900024414e-01 3.452731072902679443e-01 -1.330135464668273926e-01
0.000000000000000000e+00 0.000000000000000000e+00 0.000000000000000000e+00 1.000000000000000000e+00
9.443026185035705566e-01 2.333095222711563110e-01 2.320750802755355835e-01 -1.179913058876991272e-01
-3.103294670581817627e-01 3.967101275920867920e-01 8.638963699340820312e-01 -2.558970451354980469e-01
1.094887629151344299e-01 -8.877993822097778320e-01 4.470171928405761719e-01 -1.419076174497604370e-01
0.000000000000000000e+00 0.000000000000000000e+00 0.000000000000000000e+00 1.000000000000000000e+00
8.872080445289611816e-01 3.747198283672332764e-01 2.691604197025299072e-01 -1.213546246290206909e-01
-4.384286105632781982e-01 5.030752420425415039e-01 7.447791695594787598e-01 -2.073063701391220093e-01
1.436755508184432983e-01 -7.787814140319824219e-01 6.106200218200683594e-01 -1.942102760076522827e-01
0.000000000000000000e+00 0.000000000000000000e+00 0.000000000000000000e+00 1.000000000000000000e+00
8.097718954086303711e-01 5.083370804786682129e-01 2.930234670639038086e-01 -1.188070625066757202e-01
-5.738034248352050781e-01 5.817775130271911621e-01 5.764411687850952148e-01 -1.451689302921295166e-01
1.225520521402359009e-01 -6.349236965179443359e-01 7.627929449081420898e-01 -2.374439686536788940e-01
0.000000000000000000e+00 0.000000000000000000e+00 0.000000000000000000e+00 1.000000000000000000e+00
7.343264818191528320e-01 5.951218605041503906e-01 3.264878094196319580e-01 -1.187406703829765320e-01
-6.766731142997741699e-01 6.037805080413818359e-01 4.213815927505493164e-01 -9.070812910795211792e-02
5.364660918712615967e-02 -5.303573012351989746e-01 8.460749387741088867e-01 -2.577855587005615234e-01
0.000000000000000000e+00 0.000000000000000000e+00 0.000000000000000000e+00 1.000000000000000000e+00
6.603924632072448730e-01 7.049829959869384766e-01 2.586129903793334961e-01 -8.625673502683639526e-02
-7.500097751617431641e-01 6.022839546203613281e-01 2.733840942382812500e-01 -4.100888594985008240e-02
3.697288408875465393e-02 -3.745030760765075684e-01 9.264882206916809082e-01 -2.775942087173461914e-01
0.000000000000000000e+00 0.000000000000000000e+00 0.000000000000000000e+00 1.000000000000000000e+00
6.852386593818664551e-01 6.956880688667297363e-01 2.155600935220718384e-01 -7.394515722990036011e-02
-7.282977104187011719e-01 6.567659974098205566e-01 1.955515593290328979e-01 -1.365273445844650269e-02
-5.529538262635469437e-03 -2.909914553165435791e-01 9.567096829414367676e-01 -2.816299796104431152e-01
0.000000000000000000e+00 0.000000000000000000e+00 0.000000000000000000e+00 1.000000000000000000e+00
6.899980306625366211e-01 6.923090815544128418e-01 2.112129032611846924e-01 -7.286465167999267578e-02
-7.150182723999023438e-01 6.972966194152832031e-01 5.026433244347572327e-02 3.085870482027530670e-02
-1.124795749783515930e-01 -1.857033520936965942e-01 9.761466979980468750e-01 -2.773648500442504883e-01
0.000000000000000000e+00 0.000000000000000000e+00 0.000000000000000000e+00 1.000000000000000000e+00
6.689200401306152344e-01 7.172588706016540527e-01 1.951556652784347534e-01 -6.601394712924957275e-02
-7.266291379928588867e-01 6.862960457801818848e-01 -3.174408897757530212e-02 5.338515341281890869e-02
-1.567032635211944580e-01 -1.205715090036392212e-01 9.802584648132324219e-01 -2.732911109924316406e-01
0.000000000000000000e+00 0.000000000000000000e+00 0.000000000000000000e+00 1.000000000000000000e+00
6.573500633239746094e-01 7.341365814208984375e-01 1.701009571552276611e-01 -5.715887621045112610e-02
-7.322105169296264648e-01 6.756002306938171387e-01 -8.620913326740264893e-02 6.765667349100112915e-02
-1.782095134258270264e-01 -6.788013130426406860e-02 9.816486239433288574e-01 -2.697740495204925537e-01
0.000000000000000000e+00 0.000000000000000000e+00 0.000000000000000000e+00 1.000000000000000000e+00
5.770499110221862793e-01 7.965499758720397949e-01 1.803368628025054932e-01 -5.263208970427513123e-02
-7.620047926902770996e-01 6.045625209808349609e-01 -2.320623546838760376e-01 1.093867421150207520e-01
-2.938741743564605713e-01 -3.506050212308764458e-03 9.558376669883728027e-01 -2.555447816848754883e-01
0.000000000000000000e+00 0.000000000000000000e+00 0.000000000000000000e+00 1.000000000000000000e+00
5.762299895286560059e-01 7.950420379638671875e-01 1.893845051527023315e-01 -5.452673509716987610e-02
-6.774281263351440430e-01 5.942564010620117188e-01 -4.335324168205261230e-01 1.652048528194427490e-01
-4.572195708751678467e-01 1.215199753642082214e-01 8.810123801231384277e-01 -2.226814925670623779e-01
0.000000000000000000e+00 0.000000000000000000e+00 0.000000000000000000e+00 1.000000000000000000e+00
5.863863229751586914e-01 7.856202125549316406e-01 1.973614394664764404e-01 -5.879190936684608459e-02
-6.137495636940002441e-01 5.899162292480468750e-01 -5.247003436088562012e-01 1.893621981143951416e-01
-5.286419987678527832e-01 1.865465641021728516e-01 8.280929923057556152e-01 -2.017228454351425171e-01
0.000000000000000000e+00 0.000000000000000000e+00 0.000000000000000000e+00 1.000000000000000000e+00
6.488212943077087402e-01 7.353610396385192871e-01 1.956407278776168823e-01 -6.327810883522033691e-02
-4.984372556209564209e-01 6.049777865409851074e-01 -6.209363341331481934e-01 2.127955406904220581e-01
-5.749709010124206543e-01 3.053621053695678711e-01 7.590536475181579590e-01 -1.741884052753448486e-01
0.000000000000000000e+00 0.000000000000000000e+00 0.000000000000000000e+00 1.000000000000000000e+00
7.324939370155334473e-01 6.609734892845153809e-01 1.629923433065414429e-01 -6.007407233119010925e-02
-3.946102857589721680e-01 6.073380112648010254e-01 -6.895092129707336426e-01 2.275021523237228394e-01
