1.000000000000000000e+00 0.000000000000000000e+00 0.000000000000000000e+00 -3.619798645377159119e-02
0.000000000000000000e+00 1.000000000000000000e+00 0.000000000000000000e+00 -1.327119767665863037e-03
0.000000000000000000e+00 0.000000000000000000e+00 1.000000000000000000e+00 -2.960163652896881104e-01
0.000000000000000000e+00 0.000000000000000000e+00 0.000000000000000000e+00 1.000000000000000000e+00
9.904257655143737793e-01 1.374124139547348022e-01 1.322330161929130554e-02 -4.338636994361877441e-02
-1.365335136651992798e-01 9.892078638076782227e-01 -5.316537991166114807e-02 2.746991440653800964e-02
-2.038620784878730774e-02 5.085092782974243164e-02 9.984979629516601562e-01 -2.969017624855041504e-01
0.000000000000000000e+00 0.000000000000000000e+00 0.000000000000000000e+00 1.000000000000000000e+00
9.719063639640808105e-01 2.327405214309692383e-01 3.506784886121749878e-02 -5.034407228231430054e-02
-2.283058315515518188e-01 9.684460759162902832e-01 -9.994092583656311035e-02 5.270956456661224365e-02
-5.722170695662498474e-02 8.912699669599533081e-02 9.943752884864807129e-01 -2.947477102279663086e-01
0.000000000000000000e+00 0.000000000000000000e+00 0.000000000000000000e+00 1.000000000000000000e+00
9.421662092208862305e-01 3.340965211391448975e-01 2.650008164346218109e-02 -4.675450548529624939e-02
-3.273352086544036865e-01 9.342985749244689941e-01 -1.412016600370407104e-01 7.414846122264862061e-02
-7.193407416343688965e-02 1.243610158562660217e-01 9.896261096000671387e-01 -2.922026216983795166e-01
0.000000000000000000e+00 0.000000000000000000e+00 0.000000000000000000e+00 1.000000000000000000e+00
8.958377242088317871e-01 4.443650841712951660e-01 3.753993660211563110e-03 -3.440695255994796753e-02
-4.378014802932739258e-01 8.839908838272094727e-01 -1.639798581600189209e-01 8.800163120031356812e-02
-7.618544995784759521e-02 1.452558785676956177e-01 9.864566326141357422e-01 -2.909535169601440430e-01
0.000000000000000000e+00 0.000000000000000000e+00 0.000000000000000000e+00 1.000000000000000000e+00
8.302839398384094238e-01 5.573344230651855469e-01 -2.585265086963772774e-03 -2.625942416489124298e-02
-5.481680631637573242e-01 8.157730698585510254e-01 -1.844600290060043335e-01 1.006291285157203674e-01
-1.006970033049583435e-01 1.545712798833847046e-01 9.828366041183471680e-01 -2.896772623062133789e-01
0.000000000000000000e+00 0.000000000000000000e+00 0.000000000000000000e+00 1.000000000000000000e+00
7.548715472221374512e-01 6.537835001945495605e-01 -5.230563506484031677e-02 -4.304856527596712112e-03
-6.518900990486145020e-01 7.391231060028076172e-01 -1.695181131362915039e-01 9.998521953821182251e-02
-7.216794788837432861e-02 1.620619297027587891e-01 9.841378927230834961e-01 -2.927621603012084961e-01
0.000000000000000000e+00 0.000000000000000000e+00 0.000000000000000000e+00 1.000000000000000000e+00
6.932020783424377441e-01 7.168796062469482422e-01 -7.452832907438278198e-02 6.692654918879270554e-03
-7.202048897743225098e-01 6.849762797355651855e-01 -1.100540757179260254e-01 8.085268735885620117e-02
-2.784545160830020905e-02 1.299653947353363037e-01 9.911275506019592285e-01 -2.997847795486450195e-01
0.000000000000000000e+00 0.000000000000000000e+00 0.000000000000000000e+00 1.000000000000000000e+00
5.879252552986145020e-01 8.081213831901550293e-01 -3.581219539046287537e-02 -1.839998760260641575e-03
-8.081502318382263184e-01 5.848695039749145508e-01 -6.943200528621673584e-02 6.797595322132110596e-02
-3.516403958201408386e-02 6.976246088743209839e-02 9.969437718391418457e-01 -3.072192668914794922e-01
0.000000000000000000e+00 0.000000000000000000e+00 0.000000000000000000e+00 1.000000000000000000e+00
5.053408145904541016e-01 8.620821833610534668e-01 -3.800908476114273071e-02 3.426891053095459938e-03
-8.625378608703613281e-01 5.033169984817504883e-01 -5.196402966976165771e-02 6.266525387763977051e-02
-2.566665410995483398e-02 5.904384702444076538e-02 9.979255199432373047e-01 -3.109976947307586670e-01
0.000000000000000000e+00 0.000000000000000000e+00 0.000000000000000000e+00 1.000000000000000000e+00
4.003552496433258057e-01 9.144116640090942383e-01 -5.972048267722129822e-02 1.563464105129241943e-02
-9.160349965095520020e-01 4.010983705520629883e-01 4.944748943671584129e-04 4.402904957532882690e-02
2.440592646598815918e-02 5.450810492038726807e-02 9.982149600982666016e-01 -3.152314126491546631e-01
0.000000000000000000e+00 0.000000000000000000e+00 0.000000000000000000e+00 1.000000000000000000e+00
2.892897129058837891e-01 9.549911618232727051e-01 -6.559693068265914917e-02 2.242400497198104858e-02
-9.558692574501037598e-01 2.918637692928314209e-01 3.360442444682121277e-02 3.162177652120590210e-02
5.123729631304740906e-02 5.298069119453430176e-02 9.972795844078063965e-01 -3.175468444824218750e-01
0.000000000000000000e+00 0.000000000000000000e+00 0.000000000000000000e+00 1.000000000000000000e+00
1.755712032318115234e-01 9.808896183967590332e-01 -8.384467661380767822e-02 3.361861035227775574e-02
-9.818599820137023926e-01 1.806636601686477661e-01 5.754496902227401733e-02 2.255360782146453857e-02
7.159294933080673218e-02 7.222053408622741699e-02 9.948158860206604004e-01 -3.178356885910034180e-01
0.000000000000000000e+00 0.000000000000000000e+00 0.000000000000000000e+00 1.000000000000000000e+00
1.029012128710746765e-01 9.900435209274291992e-01 -9.604968875646591187e-02 4.059218242764472961e-02
-9.896882772445678711e-01 1.115781143307685852e-01 8.981835842132568359e-02 1.051027886569499969e-02
9.964107722043991089e-02 8.581679314374923706e-02 9.913159608840942383e-01 -3.170869052410125732e-01
0.000000000000000000e+00 0.000000000000000000e+00 0.000000000000000000e+00 1.000000000000000000e+00
1.707496494054794312e-02 9.947662949562072754e-01 -1.007396355271339417e-01 4.704354703426361084e-02
-9.970659017562866211e-01 2.446009963750839233e-02 7.253509759902954102e-02 1.814038120210170746e-02
7.461956143379211426e-02 9.920554608106613159e-02 9.922652840614318848e-01 -3.111728727817535400e-01
0.000000000000000000e+00 0.000000000000000000e+00 0.000000000000000000e+00 1.000000000000000000e+00
-9.271352738142013550e-02 8.702842593193054199e-01 -4.837451279163360596e-01 1.784020066261291504e-01
-9.906721711158752441e-01 -3.189985826611518860e-02 1.324805915355682373e-01 -1.427814248017966747e-03
9.986437857151031494e-02 4.915155470371246338e-01 8.651240468025207520e-01 -2.626679241657257080e-01
0.000000000000000000e+00 0.000000000000000000e+00 0.000000000000000000e+00 1.000000000000000000e+00
-1.637192815542221069e-01 8.507651090621948242e-01 -4.993939697742462158e-01 1.854254454374313354e-01
-9.780632257461547852e-01 -7.389283180236816406e-02 1.947607398033142090e-01 -2.330077625811100006e-02
1.287939548492431641e-01 5.203250646591186523e-01 8.442001342773437500e-01 -2.571753263473510742e-01
0.000000000000000000e+00 0.000000000000000000e+00 0.000000000000000000e+00 1.000000000000000000e+00
-1.292247623205184937e-01 7.891303300857543945e-01 -6.004784703254699707e-01 2.110777646303176880e-01
-9.915260076522827148e-01 -1.109625473618507385e-01 6.755582988262176514e-02 1.755786314606666565e-02
-1.332024578005075455e-02 6.041197776794433594e-01 7.967820167541503906e-01 -2.352158576250076294e-01
0.000000000000000000e+00 0.000000000000000000e+00 0.000000000000000000e+00 1.000000000000000000e+00
-8.733905106782913208e-02 7.071511745452880859e-01 -7.016475200653076172e-01 2.333835959434509277e-01
-9.945204854011535645e-01 -2.127390913665294647e-02 1.023542732000350952e-01 9.668497368693351746e-03
5.745314806699752808e-02 7.067422866821289062e-01 7.051342725753784180e-01 -2.162000238895416260e-01
0.000000000000000000e+00 0.000000000000000000e+00 0.000000000000000000e+00 1.000000000000000000e+00
-5.815581977367401123e-02 5.299437642097473145e-01 -8.460363745689392090e-01 2.750457227230072021e-01
-9.857453703880310059e-01 1.035370603203773499e-01 1.326132267713546753e-01 5.359757924452424049e-04
1.578737050294876099e-01 8.416886925697326660e-01 5.163683295249938965e-01 -1.575340628623962402e-01
0.000000000000000000e+00 0.000000000000000000e+00 0.000000000000000000e+00 1.000000000000000000e+00
-1.241319924592971802e-01 3.939404785633087158e-01 -9.107150435447692871e-01 2.937936484813690186e-01
-9.851455092430114746e-01 6.082549691200256348e-02 1.605878919363021851e-01 -1.240028999745845795e-02
1.186566874384880066e-01 9.171209931373596191e-01 3.805384337902069092e-01 -1.102165356278419495e-01
0.000000000000000000e+00 0.000000000000000000e+00 0.000000000000000000e+00 1.000000000000000000e+00
-1.920430213212966919e-01 2.956909239292144775e-01 -9.357809424400329590e-01 3.030210435390472412e-01
-9.749110341072082520e-01 5.187521874904632568e-02 2.164652049541473389e-01 -3.040839917957782745e-02
1.125505864620208740e-01 9.538739323616027832e-01 2.783102095127105713e-01 -7.781212031841278076e-02
0.000000000000000000e+00 0.000000000000000000e+00 0.000000000000000000e+00 1.000000000000000000e+00
-2.728997468948364258e-01 1.661771088838577271e-01 -9.475815296173095703e-01 3.099769055843353271e-01
-9.598351120948791504e-01 1.965251564979553223e-02 2.798752784729003906e-01 -5.121427774429321289e-02
6.513117253780364990e-02 9.858999848365783691e-01 1.541395932435989380e-01 -3.575852885842323303e-02
0.000000000000000000e+00 0.000000000000000000e+00 0.000000000000000000e+00 1.000000000000000000e+00
-1.893957406282424927e-01 -8.101406693458557129e-01 -5.547986030578613281e-01 1.801321059465408325e-01
-9.527916312217712402e-01 1.507391594350337982e-02 3.032501041889190674e-01 -5.647981166839599609e-02
-2.373122274875640869e-01 5.860419273376464844e-01 -7.747501134872436523e-01 2.728117108345031738e-01
0.000000000000000000e+00 0.000000000000000000e+00 0.000000000000000000e+00 1.000000000000000000e+00
-1.919067651033401489e-01 -8.103623390197753906e-01 -5.536107420921325684e-01 1.787585318088531494e-01
-9.705081582069396973e-01 7.283955067396163940e-02 2.298014014959335327e-01 -3.376832231879234314e-02
-1.458975374698638916e-01 5.813841223716735840e-01 -8.004414439201354980e-01 2.763236463069915771e-01
0.000000000000000000e+00 0.000000000000000000e+00 0.000000000000000000e+00 1.000000000000000000e+00
-1.022928282618522644e-01 -8.082209825515747070e-01 -5.799262523651123047e-01 1.796610057353973389e-01
-9.912180304527282715e-01 3.370355442166328430e-02 1.278698295354843140e-01 1.329118967987596989e-03
-8.380163460969924927e-02 5.879135727882385254e-01 -8.045704364776611328e-01 2.736040949821472168e-01
0.000000000000000000e+00 0.000000000000000000e+00 0.000000000000000000e+00 1.000000000000000000e+00
1.758174784481525421e-02 -8.305380940437316895e-01 -5.566840767860412598e-01 1.622461825609207153e-01
-9.996787309646606445e-01 -2.476560324430465698e-02 5.376364104449748993e-03 4.257208108901977539e-02
-1.825197413563728333e-02 5.564106702804565430e-01 -8.307064771652221680e-01 2.769436240196228027e-01
0.000000000000000000e+00 0.000000000000000000e+00 0.000000000000000000e+00 1.000000000000000000e+00
5.464590713381767273e-02 -8.378263115882873535e-01 -5.431947112083435059e-01 1.546679437160491943e-01
-9.929500222206115723e-01 1.171061117202043533e-02 -1.179542317986488342e-01 8.206395059823989868e-02
1.051863133907318115e-01 5.458108782768249512e-01 -8.312798142433166504e-01 2.687239050865173340e-01
0.000000000000000000e+00 0.000000000000000000e+00 0.000000000000000000e+00 1.000000000000000000e+00
3.201558440923690796e-02 -8.504608869552612305e-01 -5.250628590583801270e-01 1.527265459299087524e-01
-9.793044924736022949e-01 7.834602892398834229e-02 -1.866124719381332397e-01 9.580232203006744385e-02
1.998433321714401245e-01 5.201711654663085938e-01 -8.303523063659667969e-01 2.647501528263092041e-01
0.000000000000000000e+00 0.000000000000000000e+00 0.000000000000000000e+00 1.000000000000000000e+00
-4.173914715647697449e-02 -8.491153120994567871e-01 -5.265554189682006836e-01 1.614454537630081177e-01
-9.929840564727783203e-01 9.361281991004943848e-02 -7.224606722593307495e-02 5.904373526573181152e-02
1.106375455856323242e-01 5.198457837104797363e-01 -8.470653295516967773e-01 2.850753366947174072e-01
0.000000000000000000e+00 0.000000000000000000e+00 0.000000000000000000e+00 1.000000000000000000e+00
-5.197313427925109863e-02 -8.399702906608581543e-01 -5.401376485824584961e-01 1.649653017520904541e-01
-9.941669106483459473e-01 -7.664999458938837051e-03 1.075811833143234253e-01 2.430776832625269890e-03
-9.450525790452957153e-02 5.425779819488525391e-01 -8.346719741821289062e-01 2.994176149368286133e-01
0.000000000000000000e+00 0.000000000000000000e+00 0.000000000000000000e+00 1.000000000000000000e+00
1.211591809988021851e-01 -8.227828741073608398e-01 -5.552914738655090332e-01 1.566387861967086792e-01
-9.875767230987548828e-01 -1.563064008951187134e-01 1.612230949103832245e-02 3.101423196494579315e-02
-1.000608801841735840e-01 5.464397072792053223e-01 -8.314991593360900879e-01 3.010677695274353027e-01
0.000000000000000000e+00 0.000000000000000000e+00 0.000000000000000000e+00 1.000000000000000000e+00
2.093194574117660522e-01 -7.736535668373107910e-01 -5.980345606803894043e-01 1.565295606851577759e-01
-9.505413770675659180e-01 -3.045042157173156738e-01 6.122369319200515747e-02 1.602970995008945465e-02
-2.294698804616928101e-01 5.556412935256958008e-01 -7.991283535957336426e-01 2.966843247413635254e-01
0.000000000000000000e+00 0.000000000000000000e+00 0.000000000000000000e+00 1.000000000000000000e+00
3.225698471069335938e-01 -7.103713154792785645e-01 -6.255565285682678223e-01 1.494629532098770142e-01
-9.149007201194763184e-01 -4.034481644630432129e-01 -1.362178009003400803e-02 3.778447210788726807e-02
-2.427031695842742920e-01 5.767163038253784180e-01 -7.800596952438354492e-01 2.858815491199493408e-01
0.000000000000000000e+00 0.000000000000000000e+00 0.000000000000000000e+00 1.000000000000000000e+00
3.489533960819244385e-01 -7.050697207450866699e-01 -6.173394918441772461e-01 1.441592425107955933e-01
-9.242854118347167969e-01 -3.676730096340179443e-01 -1.025324910879135132e-01 6.717804819345474243e-02
-1.546865999698638916e-01 6.063771247863769531e-01 -7.799865007400512695e-01 2.773613035678863525e-01
0.000000000000000000e+00 0.000000000000000000e+00 0.000000000000000000e+00 1.000000000000000000e+00
3.660614788532257080e-01 -6.900020241737365723e-01 -6.244164705276489258e-01 1.454752534627914429e-01
-9.272041916847229004e-01 -3.276263773441314697e-01 -1.815306097269058228e-01 9.244436770677566528e-02
-7.931888848543167114e-02 6.454129219055175781e-01 -7.597041130065917969e-01 2.646957337856292725e-01
0.000000000000000000e+00 0.000000000000000000e+00 0.000000000000000000e+00 1.000000000000000000e+00
5.275112986564636230e-01 -5.857242941856384277e-01 -6.153528094291687012e-01 1.372703015804290771e-01
-8.456178307533264160e-01 -4.316042065620422363e-01 -3.140832185745239258e-01 1.285666972398757935e-01
-8.162257820367813110e-02 6.860357522964477539e-01 -7.229749560356140137e-01 2.520129382610321045e-01
0.000000000000000000e+00 0.000000000000000000e+00 0.000000000000000000e+00 1.000000000000000000e+00
6.745763421058654785e-01 -3.981100022792816162e-01 -6.216555237770080566e-01 1.352207511663436890e-01
-7.147302627563476562e-01 -5.629054307937622070e-01 -4.150879383087158203e-01 1.572309732437133789e-01
-1.846826523542404175e-01 7.243243455886840820e-01 -6.642640829086303711e-01 2.481657713651657104e-01
0.000000000000000000e+00 0.000000000000000000e+00 0.000000000000000000e+00 1.000000000000000000e+00
6.903226375579833984e-01 -3.255082964897155762e-01 -6.461416482925415039e-01 1.392736285924911499e-01
-6.619812846183776855e-01 -6.445494890213012695e-01 -3.825391829013824463e-01 1.466829478740692139e-01
-2.919507622718811035e-01 6.918094754219055176e-01 -6.604275703430175781e-01 2.579056918621063232e-01
0.000000000000000000e+00 0.000000000000000000e+00 0.000000000000000000e+00 1.000000000000000000e+00
7.424581050872802734e-01 -2.428940385580062866e-01 -6.243062615394592285e-01 1.368658095598220825e-01
-5.788332223892211914e-01 -7.017314434051513672e-01 -4.153618514537811279e-01 1.485235989093780518e-01
-3.372063934803009033e-01 6.697579026222229004e-01 -6.616009473800659180e-01 2.571256160736083984e-01
0.000000000000000000e+00 0.000000000000000000e+00 0.000000000000000000e+00 1.000000000000000000e+00
7.247071862220764160e-01 -2.210888117551803589e-01 -6.526250243186950684e-01 1.537628620862960815e-01
-5.484451055526733398e-01 -7.584503293037414551e-01 -3.520815670490264893e-01 1.212071031332015991e-01
-4.171420931816101074e-01 6.130847930908203125e-01 -6.709094047546386719e-01 2.650513350963592529e-01
0.000000000000000000e+00 0.000000000000000000e+00 0.000000000000000000e+00 1.000000000000000000e+00
7.158771157264709473e-01 -3.218886256217956543e-01 -6.196027994155883789e-01 1.513966768980026245e-01
-5.935602188110351562e-01 -7.478792071342468262e-01 -2.972589135169982910e-01 1.001348644495010376e-01
-3.677038848400115967e-01 5.805722475051879883e-01 -7.264500856399536133e-01 2.793261408805847168e-01
0.000000000000000000e+00 0.000000000000000000e+00 0.000000000000000000e+00 1.000000000000000000e+00
8.008673787117004395e-01 -1.562539190053939819e-01 -5.780967473983764648e-01 1.421534419059753418e-01
-5.333271026611328125e-01 -6.251418590545654297e-01 -5.698759555816650391e-01 1.861667782068252563e-01
-2.723473906517028809e-01 7.647098898887634277e-01 -5.839906334877014160e-01 2.392457723617553711e-01
0.000000000000000000e+00 0.000000000000000000e+00 0.000000000000000000e+00 1.000000000000000000e+00
8.412666320800781250e-01 -8.544959872961044312e-02 -5.338244438171386719e-01 1.266022920608520508e-01
-4.826855063438415527e-01 -5.634388327598571777e-01 -6.704856753349304199e-01 2.192106544971466064e-01
-2.434847801923751831e-01 8.217266798019409180e-01 -5.152478218078613281e-01 2.152795046567916870e-01
0.000000000000000000e+00 0.000000000000000000e+00 0.000000000000000000e+00 1.000000000000000000e+00
8.774209022521972656e-01 -3.268032521009445190e-02 -4.786067008972167969e-01 1.069584116339683533e-01
-4.296999871730804443e-01 -4.971081912517547607e-01 -7.538175582885742188e-01 2.468258440494537354e-01
-2.132844179868698120e-01 8.670725822448730469e-01 -4.502160251140594482e-01 1.921934932470321655e-01
0.000000000000000000e+00 0.000000000000000000e+00 0.000000000000000000e+00 1.000000000000000000e+00
9.004688858985900879e-01 7.157995551824569702e-02 -4.289897084236145020e-01 9.052500873804092407e-02
-3.677000999450683594e-01 -4.014893770217895508e-01 -8.388105034828186035e-01 2.750173807144165039e-01
-2.322768270969390869e-01 9.130624532699584961e-01 -3.352087736129760742e-01 1.548801660537719727e-01
0.000000000000000000e+00 0.000000000000000000e+00 0.000000000000000000e+00 1.000000000000000000e+00
9.577358365058898926e-01 -2.254964113235473633e-01 -1.785872578620910645e-01 2.959883073344826698e-03
-2.411172240972518921e-01 -2.907859683036804199e-01 -9.259080886840820312e-01 2.973196804523468018e-01
1.568583548069000244e-01 9.298359155654907227e-01 -3.328671455383300781e-01 1.300349235534667969e-01
0.000000000000000000e+00 0.000000000000000000e+00 0.000000000000000000e+00 1.000000000000000000e+00
9.826484918594360352e-01 -5.961437895894050598e-02 -1.756351441144943237e-01 3.692192025482654572e-03
-1.844120919704437256e-01 -2.127153128385543823e-01 -9.595541357994079590e-01 3.054791092872619629e-01
1.984292641282081604e-02 9.752938747406005859e-01 -2.200180590152740479e-01 9.890288859605789185e-02
0.000000000000000000e+00 0.000000000000000000e+00 0.000000000000000000e+00 1.000000000000000000e+00
9.823495745658874512e-01 -1.371983289718627930e-01 -1.271460950374603271e-01 -1.279704552143812180e-02
-1.413311809301376343e-01 -9.912142157554626465e-02 -9.849874973297119141e-01 3.112829327583312988e-01
1.225357353687286377e-01 9.855718016624450684e-01 -1.167622730135917664e-01 5.739678069949150085e-02
0.000000000000000000e+00 0.000000000000000000e+00 0.000000000000000000e+00 1.000000000000000000e+00
9.816340208053588867e-01 -1.412251889705657959e-01 -1.282582283020019531e-01 -1.355515513569116592e-02
-1.351244598627090454e-01 -4.011331498622894287e-02 -9.900161027908325195e-01 3.114441931247711182e-01
1.346703618764877319e-01 9.891643524169921875e-01 -5.845952033996582031e-02 3.690310195088386536e-02
0.000000000000000000e+00 0.000000000000000000e+00 0.000000000000000000e+00 1.000000000000000000e+00
9.765001535415649414e-01 -1.935925483703613281e-01 -9.470885246992111206e-02 -2.431856095790863037e-02
-8.815044909715652466e-02 4.223524406552314758e-02 -9.952112436294555664e-01 3.094430863857269287e-01
1.966654658317565918e-01 9.801723361015319824e-01 2.417739666998386383e-02 2.698806580156087875e-03
0.000000000000000000e+00 0.000000000000000000e+00 0.000000000000000000e+00 1.000000000000000000e+00
9.568492174148559570e-01 -2.769104540348052979e-01 -8.809361606836318970e-02 -2.531055733561515808e-02
-5.206245556473731995e-02 1.348885446786880493e-01 -9.894919395446777344e-01 3.033533990383148193e-01
2.858835160732269287e-01 9.513808488845825195e-01 1.146514043211936951e-01 -3.521809726953506470e-02
0.000000000000000000e+00 0.000000000000000000e+00 0.000000000000000000e+00 1.000000000000000000e+00
9.652220606803894043e-01 -1.845149695873260498e-01 -1.852032542228698730e-01 -2.491938648745417595e-04
-1.537446677684783936e-01 1.723367571830749512e-01 -9.729658961296081543e-01 3.059567511081695557e-01
2.114440798759460449e-01 9.676023125648498535e-01 1.379750221967697144e-01 -2.915984578430652618e-02
0.000000000000000000e+00 0.000000000000000000e+00 0.000000000000000000e+00 1.000000000000000000e+00
9.667116403579711914e-01 -3.399628400802612305e-02 -2.535997927188873291e-01 2.125851996243000031e-02
-2.431825697422027588e-01 1.861349642276763916e-01 -9.519536495208740234e-01 3.088233172893524170e-01
7.956667989492416382e-02 9.819357991218566895e-01 1.716715246438980103e-01 -2.863952144980430603e-02
0.000000000000000000e+00 0.000000000000000000e+00 0.000000000000000000e+00 1.000000000000000000e+00
9.134333729743957520e-01 3.036415576934814453e-01 -2.710007131099700928e-01 3.946635127067565918e-02
-3.522625267505645752e-01 2.563489973545074463e-01 -9.001089334487915039e-01 3.081786632537841797e-01
-2.038397789001464844e-01 9.176528453826904297e-01 3.411192893981933594e-01 -5.958089604973793030e-02
0.000000000000000000e+00 0.000000000000000000e+00 0.000000000000000000e+00 1.000000000000000000e+00
9.236406087875366211e-01 2.101511210203170776e-01 -3.205064535140991211e-01 5.147857218980789185e-02
-3.773664534091949463e-01 3.525831699371337891e-01 -8.563172221183776855e-01 3.004256784915924072e-01
-6.695091724395751953e-02 9.118779301643371582e-01 4.049641788005828857e-01 -8.937769383192062378e-02
0.000000000000000000e+00 0.000000000000000000e+00 0.000000000000000000e+00 1.000000000000000000e+00
8.837800025939941406e-01 1.404734998941421509e-01 -4.463185966014862061e-01 9.211994707584381104e-02
-4.610928297042846680e-01 4.236156046390533447e-01 -7.797070145606994629e-01 2.869928181171417236e-01
7.953923195600509644e-02 8.948836922645568848e-01 4.391542375087738037e-01 -1.120638251304626465e-01
0.000000000000000000e+00 0.000000000000000000e+00 0.000000000000000000e+00 1.000000000000000000e+00
8.699535131454467773e-01 1.250436902046203613e-01 -4.770170748233795166e-01 1.025964394211769104e-01
-4.686855077743530273e-01 5.104570388793945312e-01 -7.209489941596984863e-01 2.693097889423370361e-01
1.533465683460235596e-01 8.507630228996276855e-01 5.026798844337463379e-01 -1.394550800323486328e-01
0.000000000000000000e+00 0.000000000000000000e+00 0.000000000000000000e+00 1.000000000000000000e+00
8.556249737739562988e-01 1.086115092039108276e-01 -5.060725212097167969e-01 1.122500523924827576e-01
-4.658895730972290039e-01 5.875851511955261230e-01 -6.615815758705139160e-01 2.527519762516021729e-01
2.255052775144577026e-01 8.018398880958557129e-01 5.533536672592163086e-01 -1.577982306480407715e-01
0.000000000000000000e+00 0.000000000000000000e+00 0.000000000000000000e+00 1.000000000000000000e+00
8.371569514274597168e-01 7.615586370229721069e-02 -5.416349172592163086e-01 1.213460862636566162e-01
-4.387128651142120361e-01 6.848793029785156250e-01 -5.817828178405761719e-01 2.285269796848297119e-01
3.266482949256896973e-01 7.246658802032470703e-01 6.067620515823364258e-01 -1.808427870273590088e-01
0.000000000000000000e+00 0.000000000000000000e+00 0.000000000000000000e+00 1.000000000000000000e+00
8.149658441543579102e-01 8.694536238908767700e-02 -5.729494690895080566e-01 1.331222951412200928e-01
-4.390000998973846436e-01 7.380276322364807129e-01 -5.124395489692687988e-01 2.081844359636306763e-01
3.782982528209686279e-01 6.691455841064453125e-01 6.396362781524658203e-01 -1.957257688045501709e-01
0.000000000000000000e+00 0.000000000000000000e+00 0.000000000000000000e+00 1.000000000000000000e+00
7.833895087242126465e-01 1.256860345602035522e-01 -6.086903810501098633e-01 1.481710970401763916e-01
-4.448034465312957764e-01 7.973937392234802246e-01 -4.078149497509002686e-01 1.773510128259658813e-01
4.341092109680175781e-01 5.902256369590759277e-01 6.805755496025085449e-01 -2.141389995813369751e-01
0.000000000000000000e+00 0.000000000000000000e+00 0.000000000000000000e+00 1.000000000000000000e+00
7.529264688491821289e-01 1.870441436767578125e-01 -6.309642791748046875e-01 1.595272868871688843e-01
-4.530397653579711914e-01 8.427314758300781250e-01 -2.907891869544982910e-01 1.421511173248291016e-01
4.773430824279785156e-01 5.047947764396667480e-01 7.192534208297729492e-01 -2.316437512636184692e-01
0.000000000000000000e+00 0.000000000000000000e+00 0.000000000000000000e+00 1.000000000000000000e+00
7.254140377044677734e-01 2.551712393760681152e-01 -6.392666101455688477e-01 1.662174314260482788e-01
-4.563622474670410156e-01 8.735650777816772461e-01 -1.691670566797256470e-01 1.048200950026512146e-01
5.152742862701416016e-01 4.144533574581146240e-01 7.501468658447265625e-01 -2.461654692888259888e-01
0.000000000000000000e+00 0.000000000000000000e+00 0.000000000000000000e+00 1.000000000000000000e+00
7.017406821250915527e-01 3.409695327281951904e-01 -6.255392432212829590e-01 1.653434038162231445e-01
-4.350082874298095703e-01 9.004220366477966309e-01 2.803240437060594559e-03 5.103256925940513611e-02
5.642051696777343750e-01 2.701477110385894775e-01 7.801874876022338867e-01 -2.612603604793548584e-01
0.000000000000000000e+00 0.000000000000000000e+00 0.000000000000000000e+00 1.000000000000000000e+00
6.869322657585144043e-01 3.905762732028961182e-01 -6.128410100936889648e-01 1.609007716178894043e-01
-3.671411275863647461e-01 9.142814874649047852e-01 1.711628288030624390e-01 -7.041408680379390717e-03
6.271613240242004395e-01 1.074219346046447754e-01 7.714461684226989746e-01 -2.601250410079956055e-01
0.000000000000000000e+00 0.000000000000000000e+00 0.000000000000000000e+00 1.000000000000000000e+00
6.837041378021240234e-01 4.162316620349884033e-01 -5.994161367416381836e-01 1.552108526229858398e-01
-2.919164597988128662e-01 9.088012576103210449e-01 2.981022894382476807e-01 -5.252129584550857544e-02
6.688297986984252930e-01 -2.883424796164035797e-02 7.428560853004455566e-01 -2.537179291248321533e-01
0.000000000000000000e+00 0.000000000000000000e+00 0.000000000000000000e+00 1.000000000000000000e+00
6.699853539466857910e-01 4.523811936378479004e-01 -5.886177420616149902e-01 1.518995612859725952e-01
-2.344467490911483765e-01 8.812425732612609863e-01 4.104219973087310791e-01 -9.145985543727874756e-02
7.043822407722473145e-01 -1.369771659374237061e-01 6.964789032936096191e-01 -2.408523857593536377e-01
0.000000000000000000e+00 0.000000000000000000e+00 0.000000000000000000e+00 1.000000000000000000e+00
6.671199202537536621e-01 4.834188520908355713e-01 -5.667955279350280762e-01 1.450238078832626343e-01
-1.575822979211807251e-01 8.352082967758178711e-01 5.268727540969848633e-01 -1.342410594224929810e-01
7.280925512313842773e-01 -2.621703445911407471e-01 6.333623528480529785e-01 -2.224916368722915649e-01
0.000000000000000000e+00 0.000000000000000000e+00 0.000000000000000000e+00 1.000000000000000000e+00
6.457997560501098633e-01 5.196396708488464355e-01 -5.593900084495544434e-01 1.436610221862792969e-01
-8.971338719129562378e-02 7.792289257049560547e-01 6.202851533889770508e-01 -1.694947183132171631e-01
7.582176923751831055e-01 -3.503952026367187500e-01 5.498445034027099609e-01 -1.983155906200408936e-01
0.000000000000000000e+00 0.000000000000000000e+00 0.000000000000000000e+00 1.000000000000000000e+00
6.651183962821960449e-01 5.298172831535339355e-01 -5.262233614921569824e-01 1.322839707136154175e-01
-2.890613675117492676e-02 7.224356532096862793e-01 6.908335685729980469e-01 -1.974995285272598267e-01
7.461781501770019531e-01 -4.442749917507171631e-01 4.958202838897705078e-01 -1.816608309745788574e-01
0.000000000000000000e+00 0.000000000000000000e+00 0.000000000000000000e+00 1.000000000000000000e+00
6.755722761154174805e-01 5.390419960021972656e-01 -5.030264854431152344e-01 1.244127899408340454e-01
2.482929266989231110e-02 6.652405261993408203e-01 7.462160587310791016e-01 -2.201104611158370972e-01
7.368754744529724121e-01 -5.166126489639282227e-01 4.360340237617492676e-01 -1.642141640186309814e-01
0.000000000000000000e+00 0.000000000000000000e+00 0.000000000000000000e+00 1.000000000000000000e+00
7.194191217422485352e-01 5.211149454116821289e-01 -4.592114388942718506e-01 1.078444495797157288e-01
7.250608503818511963e-02 6.011828184127807617e-01 7.958151698112487793e-01 -2.407785356044769287e-01
6.907812952995300293e-01 -6.058202385902404785e-01 3.947184383869171143e-01 -1.521870344877243042e-01
0.000000000000000000e+00 0.000000000000000000e+00 0.000000000000000000e+00 1.000000000000000000e+00
7.712565064430236816e-01 4.998291432857513428e-01 -3.941245377063751221e-01 8.400504291057586670e-02
1.127126961946487427e-01 5.021559000015258789e-01 8.574001789093017578e-01 -2.674128413200378418e-01
6.264656186103820801e-01 -7.056982517242431641e-01 3.309539556503295898e-01 -1.316824555397033691e-01
0.000000000000000000e+00 0.000000000000000000e+00 0.000000000000000000e+00 1.000000000000000000e+00
7.638197541236877441e-01 5.367498397827148438e-01 -3.584397137165069580e-01 7.375217974185943604e-02
1.327192038297653198e-01 4.128659665584564209e-01 9.010700583457946777e-01 -2.866216301918029785e-01
6.316367983818054199e-01 -7.358269095420837402e-01 2.441181391477584839e-01 -1.067708581686019897e-01
0.000000000000000000e+00 0.000000000000000000e+00 0.000000000000000000e+00 1.000000000000000000e+00
