1.000000000000000000e+00 0.000000000000000000e+00 0.000000000000000000e+00 -4.542167112231254578e-02
0.000000000000000000e+00 1.000000000000000000e+00 0.000000000000000000e+00 9.935460984706878662e-04
0.000000000000000000e+00 0.000000000000000000e+00 1.000000000000000000e+00 -2.875000238418579102e-01
0.000000000000000000e+00 0.000000000000000000e+00 0.000000000000000000e+00 1.000000000000000000e+00
9.965347647666931152e-01 8.192318677902221680e-02 1.438734866678714752e-02 -4.833193868398666382e-02
-8.165630698204040527e-02 9.964934587478637695e-01 -1.824982278048992157e-02 1.004958804696798325e-02
-1.583198644220829010e-02 1.701175980269908905e-02 9.997299313545227051e-01 -2.934803664684295654e-01
0.000000000000000000e+00 0.000000000000000000e+00 0.000000000000000000e+00 1.000000000000000000e+00
9.858251214027404785e-01 1.650125235319137573e-01 3.032460063695907593e-02 -5.127493664622306824e-02
-1.633708626031875610e-01 9.852771162986755371e-01 -5.038633570075035095e-02 2.505517005920410156e-02
-3.819255903363227844e-02 4.471792653203010559e-02 9.982693195343017578e-01 -2.927415072917938232e-01
0.000000000000000000e+00 0.000000000000000000e+00 0.000000000000000000e+00 1.000000000000000000e+00
9.664464592933654785e-01 2.540964782238006592e-01 3.763368353247642517e-02 -5.136486515402793884e-02
-2.506566941738128662e-01 9.649240970611572266e-01 -7.805649936199188232e-02 3.840204328298568726e-02
-5.614752694964408875e-02 6.600429862737655640e-02 9.962384700775146484e-01 -2.919376194477081299e-01
0.000000000000000000e+00 0.000000000000000000e+00 0.000000000000000000e+00 1.000000000000000000e+00
9.379259943962097168e-01 3.430275321006774902e-01 5.125188454985618591e-02 -5.237553268671035767e-02
-3.351280391216278076e-01 9.343867897987365723e-01 -1.208742037415504456e-01 5.621246621012687683e-02
-8.935230225324630737e-02 9.619507193565368652e-02 9.913438558578491211e-01 -2.893199622631072998e-01
0.000000000000000000e+00 0.000000000000000000e+00 0.000000000000000000e+00 1.000000000000000000e+00
8.949264287948608398e-01 4.452134966850280762e-01 2.985971421003341675e-02 -4.293411970138549805e-02
-4.373558163642883301e-01 8.884622454643249512e-01 -1.391205936670303345e-01 6.585475802421569824e-02
-8.846762031316757202e-02 1.114433854818344116e-01 9.898251891136169434e-01 -2.900221943855285645e-01
0.000000000000000000e+00 0.000000000000000000e+00 0.000000000000000000e+00 1.000000000000000000e+00
8.468780517578125000e-01 5.316168665885925293e-01 1.345494668930768967e-02 -3.511822596192359924e-02
-5.225391387939453125e-01 8.365822434425354004e-01 -1.645686328411102295e-01 7.798235118389129639e-02
-9.874366968870162964e-02 1.323387622833251953e-01 9.862738847732543945e-01 -2.890427708625793457e-01
0.000000000000000000e+00 0.000000000000000000e+00 0.000000000000000000e+00 1.000000000000000000e+00
7.954737544059753418e-01 6.059654355049133301e-01 -5.215575452893972397e-03 -2.616414800286293030e-02
-5.979712605476379395e-01 7.835258841514587402e-01 -1.688709110021591187e-01 8.254699409008026123e-02
-9.824343770742416382e-02 1.374511420726776123e-01 9.856243729591369629e-01 -2.896322309970855713e-01
0.000000000000000000e+00 0.000000000000000000e+00 0.000000000000000000e+00 1.000000000000000000e+00
7.231828570365905762e-01 6.896330118179321289e-01 -3.758437559008598328e-02 -1.109553221613168716e-02
-6.854696273803710938e-01 7.100315690040588379e-01 -1.612020730972290039e-01 8.326286822557449341e-02
-8.448422700166702271e-02 1.423415690660476685e-01 9.862053990364074707e-01 -2.909314334392547607e-01
0.000000000000000000e+00 0.000000000000000000e+00 0.000000000000000000e+00 1.000000000000000000e+00
6.457834243774414062e-01 7.628949284553527832e-01 -3.089833073318004608e-02 -7.735110353678464890e-03
-7.582957148551940918e-01 6.361129283905029297e-01 -1.426447778940200806e-01 8.006159216165542603e-02
-8.916819095611572266e-02 1.155476942658424377e-01 9.892914891242980957e-01 -2.932297885417938232e-01
0.000000000000000000e+00 0.000000000000000000e+00 0.000000000000000000e+00 1.000000000000000000e+00
5.521695613861083984e-01 8.325160741806030273e-01 -4.500221088528633118e-02 2.532879356294870377e-03
-8.319440484046936035e-01 5.466499328613281250e-01 -9.509260952472686768e-02 6.725688278675079346e-02
-5.456570535898208618e-02 8.994657546281814575e-02 9.944506287574768066e-01 -2.985285818576812744e-01
0.000000000000000000e+00 0.000000000000000000e+00 0.000000000000000000e+00 1.000000000000000000e+00
4.591256678104400635e-01 8.834798932075500488e-01 -9.309510141611099243e-02 2.395298518240451813e-02
-8.883436918258666992e-01 4.557585716247558594e-01 -5.594145506620407104e-02 5.551909282803535461e-02
-6.994266528636217117e-03 1.083846092224121094e-01 9.940843582153320312e-01 -3.021952509880065918e-01
0.000000000000000000e+00 0.000000000000000000e+00 0.000000000000000000e+00 1.000000000000000000e+00
3.530735373497009277e-01 9.296808242797851562e-01 -1.050355657935142517e-01 3.209090977907180786e-02
-9.353492856025695801e-01 3.533251583576202393e-01 -1.682734861969947815e-02 4.090290516614913940e-02
2.146763540804386139e-02 1.041862368583679199e-01 9.943261742591857910e-01 -3.038185834884643555e-01
0.000000000000000000e+00 0.000000000000000000e+00 0.000000000000000000e+00 1.000000000000000000e+00
2.745177149772644043e-01 9.538122415542602539e-01 -1.219939514994621277e-01 3.991550207138061523e-02
-9.586283564567565918e-01 2.813992500305175781e-01 4.296565428376197815e-02 1.793873868882656097e-02
7.531017810106277466e-02 1.051520481705665588e-01 9.916004538536071777e-01 -3.034698665142059326e-01
0.000000000000000000e+00 0.000000000000000000e+00 0.000000000000000000e+00 1.000000000000000000e+00
1.931898742914199829e-01 9.680371284484863281e-01 -1.599436104297637939e-01 5.343512818217277527e-02
-9.725643396377563477e-01 2.104679644107818604e-01 9.910529106855392456e-02 -2.926877001300454140e-03
1.296005845069885254e-01 1.364092975854873657e-01 9.821385145187377930e-01 -3.015523552894592285e-01
0.000000000000000000e+00 0.000000000000000000e+00 0.000000000000000000e+00 1.000000000000000000e+00
1.136352643370628357e-01 9.809294939041137695e-01 -1.576845645904541016e-01 5.461381375789642334e-02
-9.709772467613220215e-01 1.432682871818542480e-01 1.915140300989151001e-01 -3.438102453947067261e-02
2.104529738426208496e-01 1.313453614711761475e-01 9.687404632568359375e-01 -2.988644540309906006e-01
0.000000000000000000e+00 0.000000000000000000e+00 0.000000000000000000e+00 1.000000000000000000e+00
1.895084083080291748e-01 9.714946150779724121e-01 -1.424239277839660645e-01 4.904809966683387756e-02
-9.540341496467590332e-01 2.164858579635620117e-01 2.072501033544540405e-01 -3.894761204719543457e-02
2.321751117706298828e-01 9.660165756940841675e-02 9.678649902343750000e-01 -2.965344190597534180e-01
0.000000000000000000e+00 0.000000000000000000e+00 0.000000000000000000e+00 1.000000000000000000e+00
2.696901857852935791e-01 9.515359401702880859e-01 -1.478044688701629639e-01 4.809566214680671692e-02
-9.388310909271240234e-01 2.939565479755401611e-01 1.794035434722900391e-01 -2.792613580822944641e-02
2.141570448875427246e-01 9.038009494543075562e-02 9.726089239120483398e-01 -2.953545749187469482e-01
0.000000000000000000e+00 0.000000000000000000e+00 0.000000000000000000e+00 1.000000000000000000e+00
3.261857330799102783e-01 9.331758022308349609e-01 -1.509489566087722778e-01 4.726844280958175659e-02
-9.332618713378906250e-01 3.433062136173248291e-01 1.056540533900260925e-01 -1.773146563209593296e-03
1.504155248403549194e-01 1.064121127128601074e-01 9.828792810440063477e-01 -2.951382398605346680e-01
0.000000000000000000e+00 0.000000000000000000e+00 0.000000000000000000e+00 1.000000000000000000e+00
3.611145615577697754e-01 9.136992692947387695e-01 -1.864141076803207397e-01 5.680229887366294861e-02
-9.294371604919433594e-01 3.689001798629760742e-01 7.674234919250011444e-03 3.205342218279838562e-02
7.578013837337493896e-02 1.704889386892318726e-01 9.824411273002624512e-01 -2.907755970954895020e-01
0.000000000000000000e+00 0.000000000000000000e+00 0.000000000000000000e+00 1.000000000000000000e+00
4.045549929141998291e-01 8.941678404808044434e-01 -1.918295621871948242e-01 5.654611811041831970e-02
-9.143971204757690430e-01 3.988518416881561279e-01 -6.924568861722946167e-02 5.800512060523033142e-02
1.459428388625383377e-02 2.034221440553665161e-01 9.789823889732360840e-01 -2.862175107002258301e-01
0.000000000000000000e+00 0.000000000000000000e+00 0.000000000000000000e+00 1.000000000000000000e+00
4.572002887725830078e-01 8.603078722953796387e-01 -2.254731655120849609e-01 6.322772800922393799e-02
-8.881573677062988281e-01 4.284636676311492920e-01 -1.661175787448883057e-01 8.766059577465057373e-02
-4.630527272820472717e-02 2.762046754360198975e-01 9.599826931953430176e-01 -2.752655446529388428e-01
0.000000000000000000e+00 0.000000000000000000e+00 0.000000000000000000e+00 1.000000000000000000e+00
5.320724248886108398e-01 8.182399272918701172e-01 -2.176756560802459717e-01 5.528311058878898621e-02
-8.426772952079772949e-01 4.867191016674041748e-01 -2.302160859107971191e-01 1.051021814346313477e-01
-8.242508769035339355e-02 3.059218823909759521e-01 9.484818577766418457e-01 -2.681746184825897217e-01
0.000000000000000000e+00 0.000000000000000000e+00 0.000000000000000000e+00 1.000000000000000000e+00
5.952468514442443848e-01 7.766093611717224121e-01 -2.062984257936477661e-01 4.757070168852806091e-02
-7.942250370979309082e-01 5.296396017074584961e-01 -2.978057563304901123e-01 1.217496991157531738e-01
-1.220150589942932129e-01 3.411152958869934082e-01 9.320691227912902832e-01 -2.596460878849029541e-01
0.000000000000000000e+00 0.000000000000000000e+00 0.000000000000000000e+00 1.000000000000000000e+00
6.767992973327636719e-01 7.144849300384521484e-01 -1.773520559072494507e-01 3.271316364407539368e-02
-7.183273434638977051e-01 5.882314443588256836e-01 -3.714690506458282471e-01 1.369139254093170166e-01
-1.610851138830184937e-01 3.788068592548370361e-01 9.113489985466003418e-01 -2.493728697299957275e-01
0.000000000000000000e+00 0.000000000000000000e+00 0.000000000000000000e+00 1.000000000000000000e+00
7.385924458503723145e-01 6.548148393630981445e-01 -1.603069454431533813e-01 2.416848391294479370e-02
-6.460878849029541016e-01 6.196470856666564941e-01 -4.456542134284973145e-01 1.519206315279006958e-01
-1.924873888492584229e-01 4.327293634414672852e-01 8.807348608970642090e-01 -2.351968437433242798e-01
0.000000000000000000e+00 0.000000000000000000e+00 0.000000000000000000e+00 1.000000000000000000e+00
7.666167020797729492e-01 6.251053214073181152e-01 -1.467711031436920166e-01 1.774805411696434021e-02
-5.935359597206115723e-01 6.026619076728820801e-01 -5.333975553512573242e-01 1.718211919069290161e-01
-2.449765950441360474e-01 4.960255324840545654e-01 8.330336809158325195e-01 -2.140728235244750977e-01
0.000000000000000000e+00 0.000000000000000000e+00 0.000000000000000000e+00 1.000000000000000000e+00
7.918891906738281250e-01 5.922557115554809570e-01 -1.488102227449417114e-01 1.562541909515857697e-02
-5.350679755210876465e-01 5.555003285408020020e-01 -6.364914178848266602e-01 1.982730329036712646e-01
-2.943017482757568359e-01 5.836543440818786621e-01 7.567918896675109863e-01 -1.859294325113296509e-01
0.000000000000000000e+00 0.000000000000000000e+00 0.000000000000000000e+00 1.000000000000000000e+00
8.180630803108215332e-01 5.578849315643310547e-01 -1.397747248411178589e-01 1.094467099756002426e-02
-4.753355681896209717e-01 5.190299749374389648e-01 -7.103968262672424316e-01 2.176993340253829956e-01
-3.237726092338562012e-01 6.475892066955566406e-01 6.897819638252258301e-01 -1.619728803634643555e-01
0.000000000000000000e+00 0.000000000000000000e+00 0.000000000000000000e+00 1.000000000000000000e+00
8.475642204284667969e-01 5.116742253303527832e-01 -1.407994180917739868e-01 8.186240680515766144e-03
-4.107654392719268799e-01 4.645324051380157471e-01 -7.845262289047241211e-01 2.369293868541717529e-01
-3.360159695148468018e-01 7.227717638015747070e-01 6.038990616798400879e-01 -1.378299891948699951e-01
0.000000000000000000e+00 0.000000000000000000e+00 0.000000000000000000e+00 1.000000000000000000e+00
8.770503997802734375e-01 4.709122180938720703e-01 -9.499678760766983032e-02 -6.662378553301095963e-03
-3.202340006828308105e-01 4.256949424743652344e-01 -8.463058471679687500e-01 2.517205178737640381e-01
-3.580963015556335449e-01 7.726739048957824707e-01 5.241582393646240234e-01 -1.165382787585258484e-01
0.000000000000000000e+00 0.000000000000000000e+00 0.000000000000000000e+00 1.000000000000000000e+00
8.971046805381774902e-01 4.368241727352142334e-01 -6.623906642198562622e-02 -1.455627102404832840e-02
-2.249904721975326538e-01 3.226483762264251709e-01 -9.193895459175109863e-01 2.659581005573272705e-01
-3.802396059036254883e-01 8.396918773651123047e-01 3.877306878566741943e-01 -8.008496463298797607e-02
0.000000000000000000e+00 0.000000000000000000e+00 0.000000000000000000e+00 1.000000000000000000e+00
8.933323025703430176e-01 4.491463899612426758e-01 -1.500214356929063797e-02 -3.262779489159584045e-02
-6.521224975585937500e-02 9.653019905090332031e-02 -9.931914210319519043e-01 2.821097373962402344e-01
-4.446401000022888184e-01 8.882279396057128906e-01 1.155234277248382568e-01 -5.883412435650825500e-03
0.000000000000000000e+00 0.000000000000000000e+00 0.000000000000000000e+00 1.000000000000000000e+00
8.870413899421691895e-01 4.606881141662597656e-01 -3.040369600057601929e-02 -2.628877758979797363e-02
-7.759988307952880859e-02 8.385195583105087280e-02 -9.934523701667785645e-01 2.828057408332824707e-01
-4.551221132278442383e-01 8.835924267768859863e-01 1.101294457912445068e-01 -9.351259097456932068e-03
0.000000000000000000e+00 0.000000000000000000e+00 0.000000000000000000e+00 1.000000000000000000e+00
8.521455526351928711e-01 5.226125717163085938e-01 -2.691042982041835785e-02 -2.391094155609607697e-02
-9.496025741100311279e-02 1.038576588034629822e-01 -9.900484085083007812e-01 2.824721932411193848e-01
-5.146168470382690430e-01 8.462207913398742676e-01 1.381292045116424561e-01 -1.496934518218040466e-02
0.000000000000000000e+00 0.000000000000000000e+00 0.000000000000000000e+00 1.000000000000000000e+00
8.385201096534729004e-01 5.411146283149719238e-01 -6.386710703372955322e-02 -1.395310275256633759e-02
-2.206969112157821655e-01 2.301273941993713379e-01 -9.478049278259277344e-01 2.757066488265991211e-01
-4.981735646724700928e-01 8.088485002517700195e-01 3.123887479305267334e-01 -5.505784600973129272e-02
0.000000000000000000e+00 0.000000000000000000e+00 0.000000000000000000e+00 1.000000000000000000e+00
8.377670049667358398e-01 5.385766029357910156e-01 -8.989863842725753784e-02 -6.566946860402822495e-03
-2.921812236309051514e-01 3.030873835086822510e-01 -9.070655107498168945e-01 2.672331035137176514e-01
-4.612771868705749512e-01 7.861762642860412598e-01 4.112785756587982178e-01 -8.247864246368408203e-02
0.000000000000000000e+00 0.000000000000000000e+00 0.000000000000000000e+00 1.000000000000000000e+00
8.236598372459411621e-01 5.565983057022094727e-01 -1.085492521524429321e-01 -2.029188442975282669e-03
-3.610204458236694336e-01 3.670518100261688232e-01 -8.572846055030822754e-01 2.566219866275787354e-01
-4.373200237751007080e-01 7.452995777130126953e-01 5.032693147659301758e-01 -1.082420647144317627e-01
0.000000000000000000e+00 0.000000000000000000e+00 0.000000000000000000e+00 1.000000000000000000e+00
8.388553261756896973e-01 5.387594103813171387e-01 -7.784644514322280884e-02 -1.485486887395381927e-02
-4.439845681190490723e-01 5.944094657897949219e-01 -6.704884767532348633e-01 2.167441099882125854e-01
-3.149594962596893311e-01 5.970053672790527344e-01 7.378244400024414062e-01 -1.799283027648925781e-01
0.000000000000000000e+00 0.000000000000000000e+00 0.000000000000000000e+00 1.000000000000000000e+00
8.400298357009887695e-01 5.394665002822875977e-01 -5.766756087541580200e-02 -2.161781676113605499e-02
-4.589513540267944336e-01 6.498969793319702148e-01 -6.058030724525451660e-01 1.979593783617019653e-01
-2.893326878547668457e-01 5.353592634201049805e-01 7.935218811035156250e-01 -1.973006874322891235e-01
0.000000000000000000e+00 0.000000000000000000e+00 0.000000000000000000e+00 1.000000000000000000e+00
8.585275411605834961e-01 5.093393325805664062e-01 -5.919088423252105713e-02 -2.169807255268096924e-02
-4.577102363109588623e-01 7.091856598854064941e-01 -5.362434387207031250e-01 1.770382076501846313e-01
-2.311526536941528320e-01 4.874720871448516846e-01 8.419852256774902344e-01 -2.132938951253890991e-01
0.000000000000000000e+00 0.000000000000000000e+00 0.000000000000000000e+00 1.000000000000000000e+00
8.750954270362854004e-01 4.833452105522155762e-01 -2.419108338654041290e-02 -3.036824427545070648e-02
-4.531384110450744629e-01 8.008053302764892578e-01 -3.916325569152832031e-01 1.352203786373138428e-01
-1.699215471744537354e-01 3.536776900291442871e-01 9.198035597801208496e-01 -2.370909154415130615e-01
0.000000000000000000e+00 0.000000000000000000e+00 0.000000000000000000e+00 1.000000000000000000e+00
8.798865079879760742e-01 4.746625125408172607e-01 -2.225095778703689575e-02 -2.913567982614040375e-02
-4.637919962406158447e-01 8.476589322090148926e-01 -2.576261758804321289e-01 9.824191778898239136e-02
-1.034243032336235046e-01 2.370015829801559448e-01 9.659882783889770508e-01 -2.524614632129669189e-01
0.000000000000000000e+00 0.000000000000000000e+00 0.000000000000000000e+00 1.000000000000000000e+00
8.816990852355957031e-01 4.714372456073760986e-01 -1.880306005477905273e-02 -2.613831311464309692e-02
-4.717640578746795654e-01 8.803403377532958984e-01 -4.938856884837150574e-02 3.964443877339363098e-02
-6.730535998940467834e-03 5.241646617650985718e-02 9.986025691032409668e-01 -2.659136354923248291e-01
0.000000000000000000e+00 0.000000000000000000e+00 0.000000000000000000e+00 1.000000000000000000e+00
8.880960941314697266e-01 4.594556391239166260e-01 -1.363074686378240585e-02 -2.603308856487274170e-02
-4.584138095378875732e-01 8.874832391738891602e-01 4.722410067915916443e-02 1.103347633033990860e-02
3.379444405436515808e-02 -3.569101169705390930e-02 9.987912774085998535e-01 -2.685550749301910400e-01
0.000000000000000000e+00 0.000000000000000000e+00 0.000000000000000000e+00 1.000000000000000000e+00
8.941107392311096191e-01 4.477014243602752686e-01 -1.137173641473054886e-02 -2.608543075621128082e-02
-4.412129223346710205e-01 8.849382996559143066e-01 1.490475535392761230e-01 -2.043198980391025543e-02
7.679213583469390869e-02 -1.282476484775543213e-01 9.887646436691284180e-01 -2.677189707756042480e-01
0.000000000000000000e+00 0.000000000000000000e+00 0.000000000000000000e+00 1.000000000000000000e+00
8.971544504165649414e-01 4.414805471897125244e-01 -1.444782037287950516e-02 -2.503044158220291138e-02
-4.232916533946990967e-01 8.686199188232421875e-01 2.575334310531616211e-01 -5.432035028934478760e-02
1.262456923723220825e-01 -2.249316126108169556e-01 9.661613702774047852e-01 -2.631378769874572754e-01
0.000000000000000000e+00 0.000000000000000000e+00 0.000000000000000000e+00 1.000000000000000000e+00
9.000123739242553711e-01 4.355112314224243164e-01 -1.753565855324268341e-02 -2.388154156506061554e-02
-3.987995982170104980e-01 8.390465378761291504e-01 3.700804114341735840e-01 -9.158235043287277222e-02
1.758875548839569092e-01 -3.260837197303771973e-01 9.288341403007507324e-01 -2.535493671894073486e-01
0.000000000000000000e+00 0.000000000000000000e+00 0.000000000000000000e+00 1.000000000000000000e+00
9.040134549140930176e-01 4.272969067096710205e-01 -1.329938601702451706e-02 -2.633521705865859985e-02
-3.749283850193023682e-01 8.073987960815429688e-01 4.555607438087463379e-01 -1.200945004820823669e-01
2.053977847099304199e-01 -4.068467020988464355e-01 8.901052474975585938e-01 -2.441033869981765747e-01
0.000000000000000000e+00 0.000000000000000000e+00 0.000000000000000000e+00 1.000000000000000000e+00
9.142793416976928711e-01 4.050077199935913086e-01 -7.867313921451568604e-03 -3.057016246020793915e-02
-3.340298533439636230e-01 7.647541165351867676e-01 5.509763360023498535e-01 -1.514700055122375488e-01
2.291663438081741333e-01 -5.011183619499206543e-01 8.344836831092834473e-01 -2.303053736686706543e-01
0.000000000000000000e+00 0.000000000000000000e+00 0.000000000000000000e+00 1.000000000000000000e+00
9.087795615196228027e-01 4.171360433101654053e-01 1.082182954996824265e-02 -3.728384152054786682e-02
-3.309250771999359131e-01 7.046763896942138672e-01 6.276299953460693359e-01 -1.748003214597702026e-01
2.541813850402832031e-01 -5.739585161209106445e-01 7.784363627433776855e-01 -2.170020341873168945e-01
0.000000000000000000e+00 0.000000000000000000e+00 0.000000000000000000e+00 1.000000000000000000e+00
9.144744277000427246e-01 4.037756323814392090e-01 2.649058960378170013e-02 -4.388505592942237854e-02
-2.966215014457702637e-01 6.243826150894165039e-01 7.226077318191528320e-01 -2.048778235912322998e-01
2.752311229705810547e-01 -6.686639785766601562e-01 6.907504796981811523e-01 -1.929173320531845093e-01
0.000000000000000000e+00 0.000000000000000000e+00 0.000000000000000000e+00 1.000000000000000000e+00
9.262067079544067383e-01 3.739073872566223145e-01 4.831507056951522827e-02 -5.129398405551910400e-02
-2.617443203926086426e-01 5.454849004745483398e-01 7.962011098861694336e-01 -2.280051410198211670e-01
2.713503241539001465e-01 -7.500929832458496094e-01 6.030998826026916504e-01 -1.669873297214508057e-01
0.000000000000000000e+00 0.000000000000000000e+00 0.000000000000000000e+00 1.000000000000000000e+00
