1.000000000000000000e+00 0.000000000000000000e+00 0.000000000000000000e+00 -4.146692231928954531e-01
0.000000000000000000e+00 -1.000000000000000000e+00 0.000000000000000000e+00 -7.693198940031911737e-02
0.000000000000000000e+00 0.000000000000000000e+00 -1.000000000000000000e+00 -3.421550398492883005e+00
0.000000000000000000e+00 0.000000000000000000e+00 0.000000000000000000e+00 1.000000000000000000e+00
9.909193515777587891e-01 -1.329898834228515625e-01 -1.980325952172279358e-02 -5.205403367309922036e-01
-1.317153573036193848e-01 -9.897202253341674805e-01 5.571957677602767944e-02 2.569276370723896363e-01
-2.700988389551639557e-02 -5.260521546006202698e-02 -9.982502460479736328e-01 -3.426975629514489086e+00
0.000000000000000000e+00 0.000000000000000000e+00 0.000000000000000000e+00 1.000000000000000000e+00
9.694507718086242676e-01 -2.386320680379867554e-01 -5.674671381711959839e-02 -6.520193748647196141e-01
-2.320141047239303589e-01 -9.671862125396728516e-01 1.035375148057937622e-01 5.580156572954458882e-01
-7.959205657243728638e-02 -8.720844238996505737e-02 -9.930050969123840332e-01 -3.391551859491146015e+00
0.000000000000000000e+00 0.000000000000000000e+00 0.000000000000000000e+00 1.000000000000000000e+00
9.373699426651000977e-01 -3.424211740493774414e-01 -6.391189247369766235e-02 -6.626366474558627040e-01
-3.310905992984771729e-01 -9.328544735908508301e-01 1.419894397258758545e-01 7.978034401685563104e-01
-1.082407981157302856e-01 -1.119359731674194336e-01 -9.878027439117431641e-01 -3.351166135051637962e+00
0.000000000000000000e+00 0.000000000000000000e+00 0.000000000000000000e+00 1.000000000000000000e+00
8.948433995246887207e-01 -4.456978142261505127e-01 -2.467391267418861389e-02 -4.646316144480620025e-01
-4.363391697406768799e-01 -8.850353360176086426e-01 1.622347682714462280e-01 9.456221993652127455e-01
-9.414502978324890137e-02 -1.344085335731506348e-01 -9.864438772201538086e-01 -3.355937125748000405e+00
0.000000000000000000e+00 0.000000000000000000e+00 0.000000000000000000e+00 1.000000000000000000e+00
8.266504406929016113e-01 -5.624422430992126465e-01 -1.755760610103607178e-02 -3.663367452032262883e-01
-5.492050647735595703e-01 -8.132055997848510742e-01 1.925360262393951416e-01 1.132238392243399838e+00
-1.225684136152267456e-01 -1.495172381401062012e-01 -9.811328649520874023e-01 -3.329689955270829227e+00
0.000000000000000000e+00 0.000000000000000000e+00 0.000000000000000000e+00 1.000000000000000000e+00
7.530609965324401855e-01 -6.570351123809814453e-01 3.469792380928993225e-02 -1.040757274461579646e-01
-6.523294448852539062e-01 -7.387094497680664062e-01 1.696304380893707275e-01 1.093867093757908249e+00
-8.582145720720291138e-02 -1.503764390945434570e-01 -9.848964810371398926e-01 -3.378951011583030350e+00
0.000000000000000000e+00 0.000000000000000000e+00 0.000000000000000000e+00 1.000000000000000000e+00
6.906947493553161621e-01 -7.206004261970520020e-01 6.062984839081764221e-02 3.391934170811167215e-02
-7.218807339668273926e-01 -6.820990443229675293e-01 1.167433857917785645e-01 8.966937784133173217e-01
-4.276979342103004456e-02 -1.244015917181968689e-01 -9.913100004196166992e-01 -3.458770054762021040e+00
0.000000000000000000e+00 0.000000000000000000e+00 0.000000000000000000e+00 1.000000000000000000e+00
5.846704244613647461e-01 -8.110153675079345703e-01 2.035700902342796326e-02 -7.135777588334744903e-02
-8.098638653755187988e-01 -5.819952487945556641e-01 7.350103557109832764e-02 7.361312070435848121e-01
-4.776276275515556335e-02 -5.946026369929313660e-02 -9.970872998237609863e-01 -3.544508973254886008e+00
0.000000000000000000e+00 0.000000000000000000e+00 0.000000000000000000e+00 1.000000000000000000e+00
5.004395842552185059e-01 -8.649943470954895020e-01 3.667124733328819275e-02 3.914454178794205680e-02
-8.653379082679748535e-01 -4.984001219272613525e-01 5.279390141367912292e-02 6.722024824912551377e-01
-2.738951332867145538e-02 -5.815316736698150635e-02 -9.979325532913208008e-01 -3.592180618534579928e+00
0.000000000000000000e+00 0.000000000000000000e+00 0.000000000000000000e+00 1.000000000000000000e+00
3.977673351764678955e-01 -9.160804748535156250e-01 5.077481269836425781e-02 1.511501493872810797e-01
-9.172924757003784180e-01 -3.982105851173400879e-01 1.500899554230272770e-03 4.557260183407638721e-01
1.884412020444869995e-02 -4.717237502336502075e-02 -9.987089633941650391e-01 -3.642509554998311305e+00
0.000000000000000000e+00 0.000000000000000000e+00 0.000000000000000000e+00 1.000000000000000000e+00
2.863206267356872559e-01 -9.570804834365844727e-01 4.490956291556358337e-02 1.888388452125651373e-01
-9.572129249572753906e-01 -2.877854406833648682e-01 -3.037189692258834839e-02 3.152561307953564707e-01
4.199269413948059082e-02 -3.429194167256355286e-02 -9.985295534133911133e-01 -3.672066878185342276e+00
0.000000000000000000e+00 0.000000000000000000e+00 0.000000000000000000e+00 1.000000000000000000e+00
1.715391874313354492e-01 -9.827334880828857422e-01 6.935247033834457397e-02 3.384193438256070108e-01
-9.829203486442565918e-01 -1.754840314388275146e-01 -5.543686076998710632e-02 2.023573843273523132e-01
6.664987653493881226e-02 -5.865835398435592651e-02 -9.960505366325378418e-01 -3.677787172283033090e+00
0.000000000000000000e+00 0.000000000000000000e+00 0.000000000000000000e+00 1.000000000000000000e+00
1.012000814080238342e-01 -9.919257760047912598e-01 7.643326371908187866e-02 3.993188029626145719e-01
-9.902470111846923828e-01 -1.078272759914398193e-01 -8.822725713253021240e-02 6.021140450771598346e-02
9.575648605823516846e-02 -6.675919145345687866e-02 -9.931635260581970215e-01 -3.671202715648258508e+00
0.000000000000000000e+00 0.000000000000000000e+00 0.000000000000000000e+00 1.000000000000000000e+00
1.149201020598411560e-02 -9.979687929153442383e-01 6.266415119171142578e-02 4.087608644848023109e-01
-9.972182512283325195e-01 -1.605400443077087402e-02 -7.279086858034133911e-02 1.467401273157676045e-01
7.364904135465621948e-02 -6.165328249335289001e-02 -9.953768849372863770e-01 -3.614649533898476985e+00
0.000000000000000000e+00 0.000000000000000000e+00 0.000000000000000000e+00 1.000000000000000000e+00
-9.399393200874328613e-02 -9.056824445724487305e-01 4.134052097797393799e-01 1.816596680971477973e+00
-9.905110001564025879e-01 4.325307160615921021e-02 -1.304498761892318726e-01 -7.748069097808812922e-02
1.002650186419487000e-01 -4.217440485954284668e-01 -9.011539816856384277e-01 -3.189660809577826939e+00
0.000000000000000000e+00 0.000000000000000000e+00 0.000000000000000000e+00 1.000000000000000000e+00
-1.646360754966735840e-01 -8.818933963775634766e-01 4.417673945426940918e-01 1.943998264517583729e+00
-9.770079851150512695e-01 8.429514616727828979e-02 -1.958301365375518799e-01 -3.462637383410701042e-01
1.354624927043914795e-01 -4.638507962226867676e-01 -8.754951953887939453e-01 -3.104115957103461554e+00
0.000000000000000000e+00 0.000000000000000000e+00 0.000000000000000000e+00 1.000000000000000000e+00
-1.361733376979827881e-01 -8.204306364059448242e-01 5.552931427955627441e-01 2.288481475897534700e+00
-9.906203746795654297e-01 1.191800981760025024e-01 -6.684225797653198242e-02 1.382647549938565978e-01
-1.134043838828802109e-02 -5.591865777969360352e-01 -8.289640545845031738e-01 -2.842607171377358632e+00
0.000000000000000000e+00 0.000000000000000000e+00 0.000000000000000000e+00 1.000000000000000000e+00
-9.529063105583190918e-02 -7.523916959762573242e-01 6.517871618270874023e-01 2.527646299957264198e+00
-9.936604499816894531e-01 3.266002982854843140e-02 -1.075710803270339966e-01 2.407008787634060121e-02
5.964820086956024170e-02 -6.579056978225708008e-01 -7.507343292236328125e-01 -2.672576729083777192e+00
0.000000000000000000e+00 0.000000000000000000e+00 0.000000000000000000e+00 1.000000000000000000e+00
-5.706047639250755310e-02 -5.699312090873718262e-01 8.197088837623596191e-01 3.094197394927019396e+00
-9.850823879241943359e-01 -1.013733148574829102e-01 -1.390554755926132202e-01 -8.844027610867589984e-02
1.623487621545791626e-01 -8.154155015945434570e-01 -5.556448101997375488e-01 -1.961758920750639179e+00
0.000000000000000000e+00 0.000000000000000000e+00 0.000000000000000000e+00 1.000000000000000000e+00
-1.247265189886093140e-01 -4.240712225437164307e-01 8.969991207122802734e-01 3.356839381427220381e+00
-9.849731922149658203e-01 -5.593048036098480225e-02 -1.634013354778289795e-01 -2.216542882536229331e-01
1.194632202386856079e-01 -9.038999080657958984e-01 -4.107225239276885986e-01 -1.379023305827776102e+00
0.000000000000000000e+00 0.000000000000000000e+00 0.000000000000000000e+00 1.000000000000000000e+00
-1.953234225511550903e-01 -3.156841397285461426e-01 9.285430312156677246e-01 3.488394425879028038e+00
-9.743164181709289551e-01 -4.571207612752914429e-02 -2.204932123422622681e-01 -4.330304656272936925e-01
1.120518296957015991e-01 -9.477623105049133301e-01 -2.986477911472320557e-01 -9.693782061633781089e-01
0.000000000000000000e+00 0.000000000000000000e+00 0.000000000000000000e+00 1.000000000000000000e+00
-2.771286368370056152e-01 -1.881811320781707764e-01 9.422249197959899902e-01 3.578404175578303370e+00
-9.581706523895263672e-01 -1.881765201687812805e-02 -2.855768799781799316e-01 -6.820114798145912038e-01
7.147058099508285522e-02 -9.819541573524475098e-01 -1.750949174165725708e-01 -4.930728510312913926e-01
0.000000000000000000e+00 0.000000000000000000e+00 0.000000000000000000e+00 1.000000000000000000e+00
-1.556252241134643555e-01 8.662322759628295898e-01 4.747872948646545410e-01 1.781149988407761509e+00
-9.481938481330871582e-01 3.766334149986505508e-03 -3.176697194576263428e-01 -7.839051017230855845e-01
-2.769638001918792725e-01 -4.996283054351806641e-01 8.207693696022033691e-01 3.333211404360102215e+00
0.000000000000000000e+00 0.000000000000000000e+00 0.000000000000000000e+00 1.000000000000000000e+00
-1.571996957063674927e-01 8.959518074989318848e-01 4.154030680656433105e-01 1.552705157496036215e+00
-9.681586623191833496e-01 -5.683234706521034241e-02 -2.437996715307235718e-01 -5.135335225815242932e-01
-1.948243826627731323e-01 -4.405015707015991211e-01 8.763573765754699707e-01 3.479888431461243048e+00
0.000000000000000000e+00 0.000000000000000000e+00 0.000000000000000000e+00 1.000000000000000000e+00
-8.405715227127075195e-02 8.814699649810791016e-01 4.646979570388793945e-01 1.657107160251104494e+00
-9.893751144409179688e-01 -1.831400766968727112e-02 -1.442257761955261230e-01 -1.157881297759451866e-01
-1.186203062534332275e-01 -4.718839526176452637e-01 8.736440539360046387e-01 3.414147275070066989e+00
0.000000000000000000e+00 0.000000000000000000e+00 0.000000000000000000e+00 1.000000000000000000e+00
2.213598415255546570e-02 8.804655671119689941e-01 4.735920429229736328e-01 1.584510096089152942e+00
-9.991352558135986328e-01 3.615493327379226685e-02 -2.051688544452190399e-02 3.706599539653254727e-01
-3.518718481063842773e-02 -4.727286994457244873e-01 8.805051445960998535e-01 3.371500664280046689e+00
0.000000000000000000e+00 0.000000000000000000e+00 0.000000000000000000e+00 1.000000000000000000e+00
5.149187147617340088e-02 8.778444528579711914e-01 4.761697053909301758e-01 1.559065386874977976e+00
-9.948027133941650391e-01 3.150425152853131294e-03 1.017676666378974915e-01 8.193191742577536907e-01
8.783608675003051758e-02 -4.789352118968963623e-01 8.734443187713623047e-01 3.251879128816612230e+00
0.000000000000000000e+00 0.000000000000000000e+00 0.000000000000000000e+00 1.000000000000000000e+00
1.934914104640483856e-02 8.922846317291259766e-01 4.510588049888610840e-01 1.517877201172473489e+00
-9.830905199050903320e-01 -6.518576294183731079e-02 1.711224317550659180e-01 9.840701073935310683e-01
1.820927411317825317e-01 -4.467422962188720703e-01 8.759357929229736328e-01 3.217965488859070966e+00
0.000000000000000000e+00 0.000000000000000000e+00 0.000000000000000000e+00 1.000000000000000000e+00
-4.522131755948066711e-02 8.907514810562133789e-01 4.522338211536407471e-01 1.603072700343554313e+00
-9.950282573699951172e-01 -8.037206530570983887e-02 5.880768969655036926e-02 5.692845849629182275e-01
8.873007446527481079e-02 -4.473268687725067139e-01 8.899586200714111328e-01 3.448820633508554945e+00
0.000000000000000000e+00 0.000000000000000000e+00 0.000000000000000000e+00 1.000000000000000000e+00
-3.454498946666717529e-02 8.926696181297302246e-01 4.493861198425292969e-01 1.560540012855690328e+00
-9.920731782913208008e-01 2.372926846146583557e-02 -1.233983114361763000e-01 -1.072504421833292698e-01
-1.208175867795944214e-01 -4.500867724418640137e-01 8.847740888595581055e-01 3.640464101425474830e+00
0.000000000000000000e+00 0.000000000000000000e+00 0.000000000000000000e+00 1.000000000000000000e+00
1.348430216312408447e-01 8.789518475532531738e-01 4.574503004550933838e-01 1.434383399011743832e+00
-9.852703809738159180e-01 1.679355800151824951e-01 -3.224508091807365417e-02 2.250694208078974912e-01
-1.051641404628753662e-01 -4.463641941547393799e-01 8.886506557464599609e-01 3.666501349690805434e+00
0.000000000000000000e+00 0.000000000000000000e+00 0.000000000000000000e+00 1.000000000000000000e+00
2.381513863801956177e-01 8.291952013969421387e-01 5.056864023208618164e-01 1.445827520380641440e+00
-9.453486800193786621e-01 3.172987699508666992e-01 -7.507960498332977295e-02 5.304689341966735416e-02
-2.227095365524291992e-01 -4.601699411869049072e-01 8.594441413879394531e-01 3.609266351627361313e+00
0.000000000000000000e+00 0.000000000000000000e+00 0.000000000000000000e+00 1.000000000000000000e+00
3.525046408176422119e-01 7.643599510192871094e-01 5.399025082588195801e-01 1.398644573320712237e+00
-9.083572030067443848e-01 4.181933999061584473e-01 1.017877017147839069e-03 3.142487023809386604e-01
-2.250056266784667969e-01 -4.907827377319335938e-01 8.417267203330993652e-01 3.471173729721091394e+00
0.000000000000000000e+00 0.000000000000000000e+00 0.000000000000000000e+00 1.000000000000000000e+00
3.678630590438842773e-01 7.559918761253356934e-01 5.414366722106933594e-01 1.383012434885624975e+00
-9.193809032440185547e-01 3.829463124275207520e-01 8.994957059621810913e-02 6.544786191596141389e-01
-1.393399685621261597e-01 -5.308753252029418945e-01 8.359156847000122070e-01 3.357848481813451968e+00
0.000000000000000000e+00 0.000000000000000000e+00 0.000000000000000000e+00 1.000000000000000000e+00
3.779599368572235107e-01 7.450611591339111328e-01 5.495726466178894043e-01 1.411420011705506461e+00
-9.236201643943786621e-01 3.443549275398254395e-01 1.683595180511474609e-01 9.438524241334520504e-01
-6.381004303693771362e-02 -5.712296962738037109e-01 8.183059692382812500e-01 3.219284999904925559e+00
0.000000000000000000e+00 0.000000000000000000e+00 0.000000000000000000e+00 1.000000000000000000e+00
5.422067046165466309e-01 6.398721933364868164e-01 5.445865988731384277e-01 1.333205029302870326e+00
-8.383366465568542480e-01 4.556267261505126953e-01 2.993251681327819824e-01 1.350245108313742559e+00
-5.659848824143409729e-02 -6.188433170318603516e-01 7.834724187850952148e-01 3.077458244466852122e+00
0.000000000000000000e+00 0.000000000000000000e+00 0.000000000000000000e+00 1.000000000000000000e+00
6.906585097312927246e-01 4.503440260887145996e-01 5.658454298973083496e-01 1.352220655342019517e+00
-7.078902125358581543e-01 5.810447335243225098e-01 4.015942215919494629e-01 1.683915946984485101e+00
-1.479261219501495361e-01 -6.779209375381469727e-01 7.200978994369506836e-01 3.017862741794731463e+00
0.000000000000000000e+00 0.000000000000000000e+00 0.000000000000000000e+00 1.000000000000000000e+00
7.209517359733581543e-01 3.720252215862274170e-01 5.846585631370544434e-01 1.366345679835037963e+00
-6.452061533927917480e-01 6.681994199752807617e-01 3.704301416873931885e-01 1.560075629992780710e+00
-2.528592646121978760e-01 -6.442876458168029785e-01 7.217719554901123047e-01 3.141838525829544704e+00
0.000000000000000000e+00 0.000000000000000000e+00 0.000000000000000000e+00 1.000000000000000000e+00
7.724832892417907715e-01 2.867791056632995605e-01 5.665930509567260742e-01 1.355864736036642038e+00
-5.645961761474609375e-01 7.185744643211364746e-01 4.060564041137695312e-01 1.597801305649409809e+00
-2.906908988952636719e-01 -6.335679888725280762e-01 7.170008420944213867e-01 3.116037741664908101e+00
0.000000000000000000e+00 0.000000000000000000e+00 0.000000000000000000e+00 1.000000000000000000e+00
7.642461657524108887e-01 2.792764604091644287e-01 5.813191533088684082e-01 1.486551912427921840e+00
-5.403760075569152832e-01 7.693044543266296387e-01 3.408308029174804688e-01 1.279069327829905234e+00
-3.520250916481018066e-01 -5.746092796325683594e-01 7.388518452644348145e-01 3.247279798648158522e+00
0.000000000000000000e+00 0.000000000000000000e+00 0.000000000000000000e+00 1.000000000000000000e+00
7.527286410331726074e-01 3.723267316818237305e-01 5.429294109344482422e-01 1.445077884370460364e+00
-5.816888213157653809e-01 7.623433470726013184e-01 2.836712002754211426e-01 1.023858553158873752e+00
-3.082804381847381592e-01 -5.293441414833068848e-01 7.904163599014282227e-01 3.405589067064194175e+00
0.000000000000000000e+00 0.000000000000000000e+00 0.000000000000000000e+00 1.000000000000000000e+00
8.233460187911987305e-01 2.098014354705810547e-01 5.273373126983642578e-01 1.437040000796070416e+00
-5.224612951278686523e-01 6.430951356887817383e-01 5.598773956298828125e-01 2.031362715369852801e+00
-2.216649949550628662e-01 -7.364863157272338867e-01 6.391027569770812988e-01 2.924692094422914668e+00
0.000000000000000000e+00 0.000000000000000000e+00 0.000000000000000000e+00 1.000000000000000000e+00
8.562974929809570312e-01 1.362451612949371338e-01 4.981878995895385742e-01 1.318457735396181496e+00
-4.759508073329925537e-01 5.827261805534362793e-01 6.587107181549072266e-01 2.410585639910425293e+00
-2.005613595247268677e-01 -8.011656403541564941e-01 5.638331770896911621e-01 2.629496308894090806e+00
0.000000000000000000e+00 0.000000000000000000e+00 0.000000000000000000e+00 1.000000000000000000e+00
8.773119449615478516e-01 4.929174482822418213e-02 4.773826003074645996e-01 1.241822684780033104e+00
-4.334459602832794189e-01 5.084105730056762695e-01 7.440717816352844238e-01 2.745119779368613955e+00
-2.060299366712570190e-01 -8.597025275230407715e-01 4.674003720283508301e-01 2.272402942709932816e+00
0.000000000000000000e+00 0.000000000000000000e+00 0.000000000000000000e+00 1.000000000000000000e+00
8.828542232513427734e-01 -1.237972229719161987e-01 4.530372023582458496e-01 1.173896045131678001e+00
-3.671208024024963379e-01 4.196905195713043213e-01 8.301097154617309570e-01 3.073336776929765701e+00
-2.929007411003112793e-01 -8.991849422454833984e-01 3.250770270824432373e-01 1.780491258544419697e+00
0.000000000000000000e+00 0.000000000000000000e+00 0.000000000000000000e+00 1.000000000000000000e+00
9.232992529869079590e-01 3.614831864833831787e-01 1.298007816076278687e-01 -1.484817940160228500e-01
-2.506544589996337891e-01 3.110361397266387939e-01 9.167488813400268555e-01 3.333385931118858725e+00
2.910166382789611816e-01 -8.789687156677246094e-01 3.777869045734405518e-01 1.571543168494793141e+00
0.000000000000000000e+00 0.000000000000000000e+00 0.000000000000000000e+00 1.000000000000000000e+00
9.595537185668945312e-01 2.506157159805297852e-01 1.282503753900527954e-01 -1.543215373854243122e-01
-1.888492703437805176e-01 2.351508438587188721e-01 9.534361362457275391e-01 3.437434616522307085e+00
2.087878584861755371e-01 -9.390934109687805176e-01 2.729684710502624512e-01 1.215274841414149432e+00
0.000000000000000000e+00 0.000000000000000000e+00 0.000000000000000000e+00 1.000000000000000000e+00
9.851145744323730469e-01 1.015662401914596558e-01 1.386857181787490845e-01 -9.313407074749405212e-02
-1.501358300447463989e-01 1.154434084892272949e-01 9.819022417068481445e-01 3.518874438420631634e+00
8.371773362159729004e-02 -9.881079196929931641e-01 1.289736628532409668e-01 7.365244009464069208e-01
0.000000000000000000e+00 0.000000000000000000e+00 0.000000000000000000e+00 1.000000000000000000e+00
9.587578177452087402e-01 2.559874951839447021e-01 1.235068812966346741e-01 -1.737071448598201118e-01
-1.419636160135269165e-01 5.484868213534355164e-02 9.883512854576110840e-01 3.526246534224627638e+00
2.462314516305923462e-01 -9.651232361793518066e-01 8.892755210399627686e-02 4.578815333409770871e-01
0.000000000000000000e+00 0.000000000000000000e+00 0.000000000000000000e+00 1.000000000000000000e+00
9.852219223976135254e-01 -1.403985470533370972e-01 9.811396151781082153e-02 -2.309512451538165700e-01
-1.033548489212989807e-01 -3.051947057247161865e-02 9.941760897636413574e-01 3.511653665853085915e+00
-1.365865916013717651e-01 -9.896242618560791016e-01 -4.457927867770195007e-02 1.593001489214777022e-01
0.000000000000000000e+00 0.000000000000000000e+00 0.000000000000000000e+00 1.000000000000000000e+00
9.885421991348266602e-01 -1.404065489768981934e-01 5.541383847594261169e-02 -3.970772506433651317e-01
-7.295118272304534912e-02 -1.230077221989631653e-01 9.897209405899047852e-01 3.450042013727672607e+00
-1.321469694375991821e-01 -9.824230074882507324e-01 -1.318409889936447144e-01 -2.144230247975339732e-01
0.000000000000000000e+00 0.000000000000000000e+00 0.000000000000000000e+00 1.000000000000000000e+00
9.796603918075561523e-01 -1.318115293979644775e-01 1.512985974550247192e-01 -7.056694285453020410e-02
-1.718499362468719482e-01 -1.618366241455078125e-01 9.717389941215515137e-01 3.472717059605002543e+00
-1.036007255315780640e-01 -9.779747724533081055e-01 -1.811967045068740845e-01 -2.875341226186106658e-01
0.000000000000000000e+00 0.000000000000000000e+00 0.000000000000000000e+00 1.000000000000000000e+00
6.157936453819274902e-01 -7.868667840957641602e-01 4.047871381044387817e-02 -9.132729414064756635e-02
-2.754788994789123535e-01 -1.668852865695953369e-01 9.467105269432067871e-01 3.499667762486716516e+00
-7.381800413131713867e-01 -5.941294431686401367e-01 -3.195320963859558105e-01 -3.998741967962362032e-01
0.000000000000000000e+00 0.000000000000000000e+00 0.000000000000000000e+00 1.000000000000000000e+00
5.095961689949035645e-01 -8.603241443634033203e-01 -1.243781019002199173e-02 -1.141703165661835384e-01
-3.727931380271911621e-01 -2.337989807128906250e-01 8.979770541191101074e-01 3.491786889696387952e+00
-7.754591107368469238e-01 -4.529689848423004150e-01 -4.398662149906158447e-01 -8.105124198310594830e-01
0.000000000000000000e+00 0.000000000000000000e+00 0.000000000000000000e+00 1.000000000000000000e+00
5.388769507408142090e-01 -8.386960625648498535e-01 -7.874326407909393311e-02 -3.857021123329972823e-01
-3.993531167507171631e-01 -3.366539776325225830e-01 8.527485728263854980e-01 3.402101157861036729e+00
-7.417060732841491699e-01 -4.280806481838226318e-01 -5.163509249687194824e-01 -1.126859936401948481e+00
0.000000000000000000e+00 0.000000000000000000e+00 0.000000000000000000e+00 1.000000000000000000e+00
8.821233510971069336e-01 -1.913440823554992676e-01 4.304024279117584229e-01 1.028941655557093604e+00
-4.701133966445922852e-01 -4.142893254756927490e-01 7.793314456939697266e-01 3.251272910403252947e+00
2.919056825339794159e-02 -8.898040056228637695e-01 -4.554075300693511963e-01 -1.314908184828726068e+00
0.000000000000000000e+00 0.000000000000000000e+00 0.000000000000000000e+00 1.000000000000000000e+00
8.730995059013366699e-01 -1.668592542409896851e-01 4.581004679203033447e-01 1.133345381811438290e+00
-4.752106070518493652e-01 -5.012521743774414062e-01 7.231324315071105957e-01 3.055200049346512348e+00
1.089624464511871338e-01 -8.490607142448425293e-01 -5.169363021850585938e-01 -1.628675278283296279e+00
0.000000000000000000e+00 0.000000000000000000e+00 0.000000000000000000e+00 1.000000000000000000e+00
8.598591089248657227e-01 -1.510756760835647583e-01 4.876658022403717041e-01 1.244732382433068940e+00
-4.763575494289398193e-01 -5.810201168060302734e-01 6.599236130714416504e-01 2.856373036446411717e+00
1.836452186107635498e-01 -7.997444868087768555e-01 -5.715611577033996582e-01 -1.856426056036498018e+00
0.000000000000000000e+00 0.000000000000000000e+00 0.000000000000000000e+00 1.000000000000000000e+00
8.480224609375000000e-01 -1.105396151542663574e-01 5.183035731315612793e-01 1.330157365532774971e+00
-4.444665014743804932e-01 -6.809938549995422363e-01 5.819765329360961914e-01 2.581835457941914491e+00
2.886301577091217041e-01 -7.238979339599609375e-01 -6.266291141510009766e-01 -2.127734141597261708e+00
0.000000000000000000e+00 0.000000000000000000e+00 0.000000000000000000e+00 1.000000000000000000e+00
8.289399743080139160e-01 -1.266170591115951538e-01 5.448179244995117188e-01 1.448503253006933944e+00
-4.497072100639343262e-01 -7.300609350204467773e-01 5.145605802536010742e-01 2.354915062139983473e+00
3.325983285903930664e-01 -6.715487837791442871e-01 -6.621180772781372070e-01 -2.304368171367583429e+00
0.000000000000000000e+00 0.000000000000000000e+00 0.000000000000000000e+00 1.000000000000000000e+00
8.029327988624572754e-01 -1.639030426740646362e-01 5.730911493301391602e-01 1.589251270248037251e+00
-4.543905556201934814e-01 -7.905679345130920410e-01 4.105250835418701172e-01 2.000745957177744838e+00
3.857813775539398193e-01 -5.900320410728454590e-01 -7.092496752738952637e-01 -2.541625771128276146e+00
0.000000000000000000e+00 0.000000000000000000e+00 0.000000000000000000e+00 1.000000000000000000e+00
7.750480771064758301e-01 -2.244943976402282715e-01 5.906801223754882812e-01 1.700704970291656792e+00
-4.669002592563629150e-01 -8.333291411399841309e-01 2.959173023700714111e-01 1.605201839191462865e+00
4.257987439632415771e-01 -5.051385164260864258e-01 -7.506859898567199707e-01 -2.751232065551481476e+00
0.000000000000000000e+00 0.000000000000000000e+00 0.000000000000000000e+00 1.000000000000000000e+00
7.457159757614135742e-01 -2.893075942993164062e-01 6.001735925674438477e-01 1.783586844034373398e+00
-4.693086147308349609e-01 -8.674910068511962891e-01 1.649508476257324219e-01 1.142684004306633971e+00
4.729238748550415039e-01 -4.046734273433685303e-01 -7.826766967773437500e-01 -2.936266775493832526e+00
0.000000000000000000e+00 0.000000000000000000e+00 0.000000000000000000e+00 1.000000000000000000e+00
7.313296198844909668e-01 -3.585773110389709473e-01 5.801541209220886230e-01 1.735438651204811444e+00
-4.412134289741516113e-01 -8.974007964134216309e-01 1.524852588772773743e-03 5.474708147613848164e-01
5.200837850570678711e-01 -2.570868730545043945e-01 -8.145050406455993652e-01 -3.117486175088470812e+00
0.000000000000000000e+00 0.000000000000000000e+00 0.000000000000000000e+00 1.000000000000000000e+00
7.228762507438659668e-01 -3.965838551521301270e-01 5.658369064331054688e-01 1.674603090803468808e+00
-3.730070888996124268e-01 -9.132946133613586426e-01 -1.635804474353790283e-01 -1.231727424934343784e-01
5.816495418548583984e-01 -9.281298518180847168e-02 -8.081275820732116699e-01 -3.111457029920485784e+00
0.000000000000000000e+00 0.000000000000000000e+00 0.000000000000000000e+00 1.000000000000000000e+00
7.195848226547241211e-01 -4.153442680835723877e-01 5.564959049224853516e-01 1.627512437129779999e+00
-2.983691990375518799e-01 -9.085845947265625000e-01 -2.923173606395721436e-01 -6.547225401999239303e-01
6.270357966423034668e-01 4.430579766631126404e-02 -7.777291536331176758e-01 -3.027251681083579005e+00
0.000000000000000000e+00 0.000000000000000000e+00 0.000000000000000000e+00 1.000000000000000000e+00
7.081696391105651855e-01 -4.505133032798767090e-01 5.436298847198486328e-01 1.581884344941870024e+00
-2.449920475482940674e-01 -8.789238929748535156e-01 -4.092322587966918945e-01 -1.118609522909762122e+00
6.621742844581604004e-01 1.566208750009536743e-01 -7.327995300292968750e-01 -2.886547613074018415e+00
0.000000000000000000e+00 0.000000000000000000e+00 0.000000000000000000e+00 1.000000000000000000e+00
7.060620784759521484e-01 -4.698525071144104004e-01 5.298249721527099609e-01 1.525227236185734192e+00
-1.614531129598617554e-01 -8.352843523025512695e-01 -5.255783200263977051e-01 -1.617934322162044580e+00
6.894990801811218262e-01 2.855488061904907227e-01 -6.656219959259033203e-01 -2.663913732321911532e+00
0.000000000000000000e+00 0.000000000000000000e+00 0.000000000000000000e+00 1.000000000000000000e+00
6.893870234489440918e-01 -5.008521080017089844e-01 5.233473777770996094e-01 1.514756805732922817e+00
-9.817171841859817505e-02 -7.803946733474731445e-01 -6.175323128700256348e-01 -2.021114231341580414e+00
7.177097797393798828e-01 3.743408024311065674e-01 -5.871637463569641113e-01 -2.397250649660420674e+00
0.000000000000000000e+00 0.000000000000000000e+00 0.000000000000000000e+00 1.000000000000000000e+00
6.985595822334289551e-01 -5.107148289680480957e-01 5.011832118034362793e-01 1.424473881398370168e+00
-3.211223706603050232e-02 -7.220847606658935547e-01 -6.910588741302490234e-01 -2.357660556204726365e+00
7.148306965827941895e-01 4.666516184806823730e-01 -5.208194851875305176e-01 -2.170021230438267779e+00
0.000000000000000000e+00 0.000000000000000000e+00 0.000000000000000000e+00 1.000000000000000000e+00
7.125412821769714355e-01 -5.125392675399780273e-01 4.791539609432220459e-01 1.333972848230415176e+00
1.858241856098175049e-02 -6.688905358314514160e-01 -7.431287765502929688e-01 -2.607999343121810476e+00
7.013841867446899414e-01 5.384136438369750977e-01 -4.670878946781158447e-01 -1.980879938770527593e+00
0.000000000000000000e+00 0.000000000000000000e+00 0.000000000000000000e+00 1.000000000000000000e+00
7.560458779335021973e-01 -4.943617284297943115e-01 4.289532601833343506e-01 1.119045594491813400e+00
6.352972984313964844e-02 -5.968503355979919434e-01 -7.998335361480712891e-01 -2.869218925669367426e+00
6.514282822608947754e-01 6.319621801376342773e-01 -4.198396503925323486e-01 -1.817884820522373657e+00
0.000000000000000000e+00 0.000000000000000000e+00 0.000000000000000000e+00 1.000000000000000000e+00
8.052135705947875977e-01 -4.653977751731872559e-01 3.674723207950592041e-01 8.520862423047446121e-01
1.029523462057113647e-01 -5.005684494972229004e-01 -8.595533370971679688e-01 -3.171767676160221150e+00
5.839793086051940918e-01 7.299562096595764160e-01 -3.551507592201232910e-01 -1.577773967709940495e+00
0.000000000000000000e+00 0.000000000000000000e+00 0.000000000000000000e+00 1.000000000000000000e+00
8.646563887596130371e-01 -4.087598323822021484e-01 2.920356094837188721e-01 5.482695564838757640e-01
1.221411079168319702e-01 -3.928237855434417725e-01 -9.114663600921630859e-01 -3.419023984621830436e+00
4.872893393039703369e-01 8.237746953964233398e-01 -2.897312045097351074e-01 -1.291747801555219732e+00
0.000000000000000000e+00 0.000000000000000000e+00 0.000000000000000000e+00 1.000000000000000000e+00
9.138496518135070801e-01 -3.167366087436676025e-01 2.540801465511322021e-01 3.656430489926701943e-01
1.576718389987945557e-01 -2.998339235782623291e-01 -9.408714175224304199e-01 -3.574428122657911988e+00
3.741903603076934814e-01 8.998764753341674805e-01 -2.240627110004425049e-01 -1.007945897391391954e+00
0.000000000000000000e+00 0.000000000000000000e+00 0.000000000000000000e+00 1.000000000000000000e+00
9.027806520462036133e-01 -3.456557393074035645e-01 2.559477984905242920e-01 3.758611591514465777e-01
1.914947330951690674e-01 -2.098216712474822998e-01 -9.588038325309753418e-01 -3.689493415434797807e+00
3.851193487644195557e-01 9.146021604537963867e-01 -1.232316270470619202e-01 -6.513379978658562219e-01
0.000000000000000000e+00 0.000000000000000000e+00 0.000000000000000000e+00 1.000000000000000000e+00
9.638589620590209961e-01 -1.438226252794265747e-01 2.242564707994461060e-01 1.982388748961546876e-01
2.095163613557815552e-01 -1.107233688235282898e-01 -9.715158343315124512e-01 -3.775957582423085324e+00
1.645563691854476929e-01 9.833896756172180176e-01 -7.658857852220535278e-02 -3.352824205286135117e-01
0.000000000000000000e+00 0.000000000000000000e+00 0.000000000000000000e+00 1.000000000000000000e+00
9.797184467315673828e-01 9.252890944480895996e-02 1.777359694242477417e-01 -2.833184175340986224e-02
1.806195974349975586e-01 -2.371644414961338043e-02 -9.832670688629150391e-01 -3.845497675918850167e+00
-8.676535636186599731e-02 9.954274892807006836e-01 -3.994797170162200928e-02 -1.327903639016909118e-03
0.000000000000000000e+00 0.000000000000000000e+00 0.000000000000000000e+00 1.000000000000000000e+00
9.775112867355346680e-01 -1.340620666742324829e-01 1.627849638462066650e-01 -8.262729600369600469e-02
1.733877807855606079e-01 7.155545055866241455e-02 -9.822506904602050781e-01 -3.889172871076903792e+00
1.200343891978263855e-01 9.883858561515808105e-01 9.319102019071578979e-02 4.164726535561559806e-01
0.000000000000000000e+00 0.000000000000000000e+00 0.000000000000000000e+00 1.000000000000000000e+00
9.672296643257141113e-01 -1.956623941659927368e-01 1.618120074272155762e-01 -6.777627437025646184e-02
1.865300983190536499e-01 1.152096018195152283e-01 -9.756702780723571777e-01 -3.897721427486830148e+00
1.722597479820251465e-01 9.738801717758178711e-01 1.479311287403106689e-01 6.466513247397334130e-01
0.000000000000000000e+00 0.000000000000000000e+00 0.000000000000000000e+00 1.000000000000000000e+00
9.168696999549865723e-01 -3.820615112781524658e-01 1.156680211424827576e-01 -1.995227834338436090e-01
1.509632915258407593e-01 6.362409889698028564e-02 -9.864895939826965332e-01 -3.915787491599759473e+00
3.695404827594757080e-01 9.219441413879394531e-01 1.160122528672218323e-01 3.561766130594851143e-01
0.000000000000000000e+00 0.000000000000000000e+00 0.000000000000000000e+00 1.000000000000000000e+00
9.508758187294006348e-01 -3.018666207790374756e-01 6.864195317029953003e-02 -3.681823544031395667e-01
5.156866461038589478e-02 -6.417908519506454468e-02 -9.966051578521728516e-01 -3.866134856252007257e+00
3.052471876144409180e-01 9.511876106262207031e-01 -4.545947909355163574e-02 -2.202476552326572967e-01
0.000000000000000000e+00 0.000000000000000000e+00 0.000000000000000000e+00 1.000000000000000000e+00
8.626719117164611816e-01 -5.015549063682556152e-01 6.511267274618148804e-02 -3.018247669520913723e-01
-4.077173769474029541e-02 -1.972872465848922729e-01 -9.794973731040954590e-01 -3.712204999496782953e+00
5.041177868843078613e-01 8.423301577568054199e-01 -1.906435489654541016e-01 -8.861733486563025952e-01
0.000000000000000000e+00 0.000000000000000000e+00 0.000000000000000000e+00 1.000000000000000000e+00
7.796936035156250000e-01 -6.229639649391174316e-01 6.319636851549148560e-02 -2.167606630570796666e-01
-1.693472713232040405e-01 -3.069593608379364014e-01 -9.365348219871520996e-01 -3.426423311714390074e+00
6.028261780738830566e-01 7.195080518722534180e-01 -3.448314964771270752e-01 -1.529757105525224592e+00
0.000000000000000000e+00 0.000000000000000000e+00 0.000000000000000000e+00 1.000000000000000000e+00
9.433422684669494629e-01 -2.303507924079895020e-01 -2.388387769460678101e-01 -1.371228599561277184e+00
-3.150611519813537598e-01 -3.959267735481262207e-01 -8.625418543815612793e-01 -3.014702084821887951e+00
1.041245535016059875e-01 8.889209628105163574e-01 -4.460690319538116455e-01 -1.635350908029781669e+00
0.000000000000000000e+00 0.000000000000000000e+00 0.000000000000000000e+00 1.000000000000000000e+00
8.799712061882019043e-01 -4.166496396064758301e-01 -2.281527370214462280e-01 -1.241514683211264680e+00
-4.331315755844116211e-01 -5.065361261367797852e-01 -7.455322146415710449e-01 -2.465873215859461620e+00
1.950581967830657959e-01 7.548670172691345215e-01 -6.262013316154479980e-01 -2.324709426875017915e+00
0.000000000000000000e+00 0.000000000000000000e+00 0.000000000000000000e+00 1.000000000000000000e+00
8.030121922492980957e-01 -5.409532189369201660e-01 -2.500812709331512451e-01 -1.207356047831612322e+00
-5.716098546981811523e-01 -5.803784132003784180e-01 -5.800200700759887695e-01 -1.755686035911483200e+00
1.686218678951263428e-01 6.087118387222290039e-01 -7.752651572227478027e-01 -2.808475336411451195e+00
0.000000000000000000e+00 0.000000000000000000e+00 0.000000000000000000e+00 1.000000000000000000e+00
7.379059195518493652e-01 -6.173873543739318848e-01 -2.726308107376098633e-01 -1.185739058159938519e+00
-6.685875654220581055e-01 -6.135688424110412598e-01 -4.201472699642181396e-01 -1.111471392132509894e+00
9.211605787277221680e-02 4.923067092895507812e-01 -8.655334711074829102e-01 -3.055310593999886581e+00
0.000000000000000000e+00 0.000000000000000000e+00 0.000000000000000000e+00 1.000000000000000000e+00
6.592928171157836914e-01 -7.258888483047485352e-01 -1.960062384605407715e-01 -7.748952647489472101e-01
-7.480685114860534668e-01 -6.070286035537719727e-01 -2.681581079959869385e-01 -5.240810796269453897e-01
7.567161321640014648e-02 3.234209418296813965e-01 -9.432246088981628418e-01 -3.269738377648246708e+00
0.000000000000000000e+00 0.000000000000000000e+00 0.000000000000000000e+00 1.000000000000000000e+00
6.853318214416503906e-01 -7.097327113151550293e-01 -1.630927920341491699e-01 -6.675245775781151192e-01
-7.277023196220397949e-01 -6.589109897613525391e-01 -1.904867738485336304e-01 -2.088542900041428785e-01
2.773107960820198059e-02 2.492299079895019531e-01 -9.680473208427429199e-01 -3.296176856545075751e+00
0.000000000000000000e+00 0.000000000000000000e+00 0.000000000000000000e+00 1.000000000000000000e+00
6.924188137054443359e-01 -7.017701268196105957e-01 -1.675552874803543091e-01 -6.894577001045250064e-01
-7.164531946182250977e-01 -6.961889266967773438e-01 -4.488860443234443665e-02 3.094148039609950218e-01
-8.514861762523651123e-02 1.511272788047790527e-01 -9.848402738571166992e-01 -3.237084960361459540e+00
0.000000000000000000e+00 0.000000000000000000e+00 0.000000000000000000e+00 1.000000000000000000e+00
6.797285676002502441e-01 -7.185896039009094238e-01 -1.469604969024658203e-01 -6.020833100609969124e-01
-7.233172655105590820e-01 -6.899440288543701172e-01 2.808483503758907318e-02 5.400105188819297464e-01
-1.215760707855224609e-01 8.720911294221878052e-02 -9.887436628341674805e-01 -3.190781428807208719e+00
0.000000000000000000e+00 0.000000000000000000e+00 0.000000000000000000e+00 1.000000000000000000e+00
6.673396825790405273e-01 -7.340599298477172852e-01 -1.257514059543609619e-01 -5.102062350709279936e-01
-7.299779653549194336e-01 -6.781752705574035645e-01 8.491218090057373047e-02 7.104515848780644793e-01
-1.476120650768280029e-01 3.513054549694061279e-02 -9.884211421012878418e-01 -3.141798545278185362e+00
0.000000000000000000e+00 0.000000000000000000e+00 0.000000000000000000e+00 1.000000000000000000e+00
5.828781127929687500e-01 -7.995049953460693359e-01 -1.450688391923904419e-01 -4.904523912043026734e-01
-7.645100355148315430e-01 -6.000825166702270508e-01 2.354249954223632812e-01 1.211177933741748314e+00
-2.752767801284790039e-01 -2.631746232509613037e-02 -9.610046148300170898e-01 -2.970446179039762935e+00
0.000000000000000000e+00 0.000000000000000000e+00 0.000000000000000000e+00 1.000000000000000000e+00
5.844751596450805664e-01 -7.940247654914855957e-01 -1.670744568109512329e-01 -5.555589551619838362e-01
-6.794285774230957031e-01 -5.914824604988098145e-01 4.341951608657836914e-01 1.847147701683260479e+00
-4.435832798480987549e-01 -1.402609795331954956e-01 -8.851897120475769043e-01 -2.584857854622419904e+00
0.000000000000000000e+00 0.000000000000000000e+00 0.000000000000000000e+00 1.000000000000000000e+00
6.105142235755920410e-01 -7.758066654205322266e-01 -1.593633741140365601e-01 -5.637212322966330680e-01
-6.134262084960937500e-01 -5.904635190963745117e-01 5.244627594947814941e-01 2.124142990155611699e+00
-5.009797215461730957e-01 -2.224341928958892822e-01 -8.363862633705139160e-01 -2.356124165232003964e+00
0.000000000000000000e+00 0.000000000000000000e+00 0.000000000000000000e+00 1.000000000000000000e+00
6.802339553833007812e-01 -7.175770401954650879e-01 -1.495485156774520874e-01 -5.955184582304888785e-01
-4.992264807224273682e-01 -6.029357910156250000e-01 6.222867369651794434e-01 2.400575039064502647e+00
-5.367068648338317871e-01 -3.486419320106506348e-01 -7.683709859848022461e-01 -2.048153803068023748e+00
0.000000000000000000e+00 0.000000000000000000e+00 0.000000000000000000e+00 1.000000000000000000e+00
7.518373131752014160e-01 -6.448726654052734375e-01 -1.374041736125946045e-01 -6.194614825253152990e-01
