1.000000000000000000e+00 0.000000000000000000e+00 0.000000000000000000e+00 -1.792658120393753052e-02
0.000000000000000000e+00 1.000000000000000000e+00 0.000000000000000000e+00 2.243540808558464050e-02
0.000000000000000000e+00 0.000000000000000000e+00 1.000000000000000000e+00 -3.816788792610168457e-01
0.000000000000000000e+00 0.000000000000000000e+00 0.000000000000000000e+00 1.000000000000000000e+00
9.939482212066650391e-01 5.435298383235931396e-02 -9.545965492725372314e-02 2.193961106240749359e-02
-5.646231770515441895e-02 9.982135295867919922e-01 -1.953417994081974030e-02 2.665364928543567657e-02
9.422735869884490967e-02 2.480587735772132874e-02 9.952414035797119141e-01 -3.786702156066894531e-01
0.000000000000000000e+00 0.000000000000000000e+00 0.000000000000000000e+00 1.000000000000000000e+00
9.709403514862060547e-01 7.010927051305770874e-02 -2.288235276937484741e-01 7.642799615859985352e-02
-7.630725950002670288e-02 9.969156384468078613e-01 -1.834066025912761688e-02 2.696583606302738190e-02
2.268318235874176025e-01 3.526853397488594055e-02 9.732949733734130859e-01 -3.688173294067382812e-01
0.000000000000000000e+00 0.000000000000000000e+00 0.000000000000000000e+00 1.000000000000000000e+00
9.990720748901367188e-01 4.305257275700569153e-02 -1.261845347471535206e-03 -1.457590889185667038e-02
-4.305103793740272522e-02 9.990721940994262695e-01 1.232175272889435291e-03 1.909749023616313934e-02
1.313733169808983803e-03 -1.176759367808699608e-03 9.999985694885253906e-01 -3.681288659572601318e-01
0.000000000000000000e+00 0.000000000000000000e+00 0.000000000000000000e+00 1.000000000000000000e+00
9.950236082077026367e-01 5.582518875598907471e-02 -8.253253996372222900e-02 1.958123408257961273e-02
-5.322310328483581543e-02 9.980239868164062500e-01 3.339990973472595215e-02 1.035477407276630402e-02
8.423401415348052979e-02 -2.884097583591938019e-02 9.960283637046813965e-01 -3.664474785327911377e-01
0.000000000000000000e+00 0.000000000000000000e+00 0.000000000000000000e+00 1.000000000000000000e+00
4.596288129687309265e-02 9.151484817266464233e-02 -9.947423934936523438e-01 4.066922068595886230e-01
-4.177890717983245850e-02 9.950995445251464844e-01 8.961730450391769409e-02 -7.288462948054075241e-03
9.980690479278564453e-01 3.744018077850341797e-02 4.956107959151268005e-02 -1.650143973529338837e-02
0.000000000000000000e+00 0.000000000000000000e+00 0.000000000000000000e+00 1.000000000000000000e+00
1.258954405784606934e-02 1.062296479940414429e-01 -9.942623376846313477e-01 4.038487970829010010e-01
-2.647405304014682770e-02 9.940275549888610840e-01 1.058693528175354004e-01 -9.059057570993900299e-03
9.995702505111694336e-01 2.498930506408214569e-02 1.532672718167304993e-02 3.272877307608723640e-03
0.000000000000000000e+00 0.000000000000000000e+00 0.000000000000000000e+00 1.000000000000000000e+00
1.028080077958293259e-04 1.023014783859252930e-01 -9.947532415390014648e-01 3.995389044284820557e-01
-2.748115174472332001e-02 9.943776726722717285e-01 1.022600382566452026e-01 -3.825652180239558220e-03
9.996219277381896973e-01 2.732647582888603210e-02 2.913603559136390686e-03 1.576830632984638214e-02
0.000000000000000000e+00 0.000000000000000000e+00 0.000000000000000000e+00 1.000000000000000000e+00
2.152106910943984985e-02 9.726016223430633545e-02 -9.950261712074279785e-01 3.945988714694976807e-01
-3.465421870350837708e-02 9.947313666343688965e-01 9.648179262876510620e-02 1.948103599715977907e-04
9.991672039031982422e-01 3.240547701716423035e-02 2.477806806564331055e-02 1.659905910491943359e-02
0.000000000000000000e+00 0.000000000000000000e+00 0.000000000000000000e+00 1.000000000000000000e+00
1.897989213466644287e-02 1.025989800691604614e-01 -9.945414662361145020e-01 3.912381231784820557e-01
-5.332295224070549011e-02 9.934092164039611816e-01 1.014646068215370178e-01 6.903129542479291558e-05
9.983966946601867676e-01 5.110612139105796814e-02 2.432569488883018494e-02 2.565393410623073578e-02
0.000000000000000000e+00 0.000000000000000000e+00 0.000000000000000000e+00 1.000000000000000000e+00
4.065221175551414490e-02 8.744051307439804077e-02 -9.953398108482360840e-01 3.876721858978271484e-01
-7.431545108556747437e-02 9.936686754226684570e-01 8.425845950841903687e-02 9.425262920558452606e-03
9.964060783386230469e-01 7.054390758275985718e-02 4.689310118556022644e-02 2.653618901968002319e-02
0.000000000000000000e+00 0.000000000000000000e+00 0.000000000000000000e+00 1.000000000000000000e+00
4.534361883997917175e-02 7.997747510671615601e-02 -9.957649111747741699e-01 3.856177330017089844e-01
-1.108185350894927979e-01 9.910406470298767090e-01 7.455177605152130127e-02 1.602072827517986298e-02
9.928056597709655762e-01 1.069687753915786743e-01 5.380036309361457825e-02 3.268061578273773193e-02
0.000000000000000000e+00 0.000000000000000000e+00 0.000000000000000000e+00 1.000000000000000000e+00
5.327286943793296814e-02 9.254301339387893677e-02 -9.942824840545654297e-01 3.854310810565948486e-01
-1.069879233837127686e-01 9.904940724372863770e-01 8.645808696746826172e-02 1.531950104981660843e-02
9.928320050239562988e-01 1.017703562974929810e-01 6.266742199659347534e-02 3.495073318481445312e-02
0.000000000000000000e+00 0.000000000000000000e+00 0.000000000000000000e+00 1.000000000000000000e+00
6.886646151542663574e-02 9.832210838794708252e-02 -9.927689433097839355e-01 3.862808644771575928e-01
-1.401377916336059570e-01 9.862179756164550781e-01 8.795221894979476929e-02 1.808323711156845093e-02
9.877341389656066895e-01 1.330674737691879272e-01 8.169606328010559082e-02 3.463401645421981812e-02
0.000000000000000000e+00 0.000000000000000000e+00 0.000000000000000000e+00 1.000000000000000000e+00
8.396275341510772705e-02 1.036339327692985535e-01 -9.910652637481689453e-01 3.876807093620300293e-01
-1.571848094463348389e-01 9.835028648376464844e-01 8.952651172876358032e-02 1.985052786767482758e-02
9.839935302734375000e-01 1.482635289430618286e-01 9.886723756790161133e-02 3.439852222800254822e-02
0.000000000000000000e+00 0.000000000000000000e+00 0.000000000000000000e+00 1.000000000000000000e+00
9.182862937450408936e-02 1.139617860317230225e-01 -9.892321228981018066e-01 3.889783024787902832e-01
-1.735710054636001587e-01 9.800532460212707520e-01 9.679208695888519287e-02 1.984386704862117767e-02
9.805306792259216309e-01 1.628137379884719849e-01 1.097774207592010498e-01 3.857036307454109192e-02
0.000000000000000000e+00 0.000000000000000000e+00 0.000000000000000000e+00 1.000000000000000000e+00
1.186669841408729553e-01 1.182007268071174622e-01 -9.858734607696533203e-01 3.909645080566406250e-01
-1.880669146776199341e-01 9.775925874710083008e-01 9.457080066204071045e-02 2.359868399798870087e-02
9.749609231948852539e-01 1.741877645254135132e-01 1.382375806570053101e-01 3.699820488691329956e-02
0.000000000000000000e+00 0.000000000000000000e+00 0.000000000000000000e+00 1.000000000000000000e+00
1.655168086290359497e-01 1.213509887456893921e-01 -9.787125587463378906e-01 3.921794593334197998e-01
-2.148888856172561646e-01 9.729928374290466309e-01 8.430053293704986572e-02 2.845069579780101776e-02
9.625108242034912109e-01 1.963612437248229980e-01 1.871236413717269897e-01 2.740203030407428741e-02
0.000000000000000000e+00 0.000000000000000000e+00 0.000000000000000000e+00 1.000000000000000000e+00
2.312377393245697021e-01 1.431679278612136841e-01 -9.623054862022399902e-01 3.973542749881744385e-01
-2.340959459543228149e-01 9.682407975196838379e-01 8.779871463775634766e-02 2.718873322010040283e-02
9.443138837814331055e-01 2.049695402383804321e-01 2.574090659618377686e-01 1.763142459094524384e-02
0.000000000000000000e+00 0.000000000000000000e+00 0.000000000000000000e+00 1.000000000000000000e+00
2.763536870479583740e-01 2.003775089979171753e-01 -9.399344921112060547e-01 4.137139916419982910e-01
-2.379173785448074341e-01 9.618436098098754883e-01 1.350972205400466919e-01 1.038601249456405640e-02
9.311410188674926758e-01 1.862922310829162598e-01 3.134824037551879883e-01 1.493614260107278824e-02
0.000000000000000000e+00 0.000000000000000000e+00 0.000000000000000000e+00 1.000000000000000000e+00
3.047205805778503418e-01 2.193499952554702759e-01 -9.268387556076049805e-01 4.205544292926788330e-01
-2.728116810321807861e-01 9.524465799331665039e-01 1.357170641422271729e-01 1.136505510658025742e-02
9.125341176986694336e-01 2.114967703819274902e-01 3.500714302062988281e-01 1.576280687004327774e-03
0.000000000000000000e+00 0.000000000000000000e+00 0.000000000000000000e+00 1.000000000000000000e+00
2.817811071872711182e-01 2.348792403936386108e-01 -9.302851557731628418e-01 4.114921391010284424e-01
-2.021437734365463257e-01 9.623444080352783203e-01 1.817446649074554443e-01 -8.370335213840007782e-03
9.379428625106811523e-01 1.368392854928970337e-01 3.186498880386352539e-01 4.591078031808137894e-03
0.000000000000000000e+00 0.000000000000000000e+00 0.000000000000000000e+00 1.000000000000000000e+00
2.794933617115020752e-01 2.367153614759445190e-01 -9.305104017257690430e-01 4.061724543571472168e-01
-1.691507548093795776e-01 9.661139845848083496e-01 1.949656158685684204e-01 -1.592886447906494141e-02
9.451302886009216309e-01 1.029048860073089600e-01 3.100629746913909912e-01 3.889575134962797165e-03
0.000000000000000000e+00 0.000000000000000000e+00 0.000000000000000000e+00 1.000000000000000000e+00
1.910064220428466797e-01 2.695665657520294189e-01 -9.438492655754089355e-01 3.836570382118225098e-01
-7.400846481323242188e-02 9.627701044082641602e-01 2.599934637546539307e-01 -4.836172237992286682e-02
9.787946939468383789e-01 2.019250579178333282e-02 2.038452327251434326e-01 3.221524879336357117e-02
0.000000000000000000e+00 0.000000000000000000e+00 0.000000000000000000e+00 1.000000000000000000e+00
1.773256212472915649e-01 3.194800913333892822e-01 -9.308534264564514160e-01 3.617221713066101074e-01
-3.150796517729759216e-02 9.472009539604187012e-01 3.190885782241821289e-01 -7.847763597965240479e-02
9.836476445198059082e-01 -2.725329250097274780e-02 1.780291944742202759e-01 3.466572985053062439e-02
0.000000000000000000e+00 0.000000000000000000e+00 0.000000000000000000e+00 1.000000000000000000e+00
1.839032471179962158e-01 3.854819834232330322e-01 -9.042030572891235352e-01 3.423506319522857666e-01
3.579190233722329140e-03 9.196237921714782715e-01 3.927841484546661377e-01 -1.081160977482795715e-01
9.829378724098205566e-01 -7.547058165073394775e-02 1.677420735359191895e-01 3.450855612754821777e-02
0.000000000000000000e+00 0.000000000000000000e+00 0.000000000000000000e+00 1.000000000000000000e+00
2.548413872718811035e-01 4.108768105506896973e-01 -8.753489851951599121e-01 3.277302086353302002e-01
5.150482803583145142e-02 8.981848955154418945e-01 4.365902543067932129e-01 -1.249178126454353333e-01
9.656100869178771973e-01 -1.563459187746047974e-01 2.077326178550720215e-01 1.623617671430110931e-02
0.000000000000000000e+00 0.000000000000000000e+00 0.000000000000000000e+00 1.000000000000000000e+00
2.768671810626983643e-01 4.737316071987152100e-01 -8.360160589218139648e-01 3.049984872341156006e-01
1.164047420024871826e-01 8.470842838287353516e-01 5.185537338256835938e-01 -1.553419977426528931e-01
9.538314938545227051e-01 -2.408867776393890381e-01 1.793853193521499634e-01 2.034385129809379578e-02
0.000000000000000000e+00 0.000000000000000000e+00 0.000000000000000000e+00 1.000000000000000000e+00
3.127067387104034424e-01 5.110342502593994141e-01 -8.006613254547119141e-01 2.897469699382781982e-01
1.357807368040084839e-01 8.102276921272277832e-01 5.701707005500793457e-01 -1.746577024459838867e-01
9.400946497917175293e-01 -2.870105504989624023e-01 1.839750409126281738e-01 1.521854847669601440e-02
0.000000000000000000e+00 0.000000000000000000e+00 0.000000000000000000e+00 1.000000000000000000e+00
3.430907428264617920e-01 5.567671060562133789e-01 -7.565044760704040527e-01 2.703687250614166260e-01
1.586031615734100342e-01 7.594869136810302734e-01 6.308919191360473633e-01 -1.944947093725204468e-01
9.258150458335876465e-01 -3.364371061325073242e-01 1.722678840160369873e-01 1.548832375556230545e-02
0.000000000000000000e+00 0.000000000000000000e+00 0.000000000000000000e+00 1.000000000000000000e+00
3.859581947326660156e-01 5.645371675491333008e-01 -7.296122312545776367e-01 2.568024098873138428e-01
1.606812924146652222e-01 7.376656532287597656e-01 6.557673811912536621e-01 -2.030965238809585571e-01
9.084149599075317383e-01 -3.703337907791137695e-01 1.939975321292877197e-01 5.268011242151260376e-03
0.000000000000000000e+00 0.000000000000000000e+00 0.000000000000000000e+00 1.000000000000000000e+00
3.580084741115570068e-01 5.968451499938964844e-01 -7.180567383766174316e-01 2.455428987741470337e-01
1.736257821321487427e-01 7.130631804466247559e-01 6.792606711387634277e-01 -2.099262923002243042e-01
9.174332618713378906e-01 -3.678542375564575195e-01 1.516549289226531982e-01 1.535788364708423615e-02
0.000000000000000000e+00 0.000000000000000000e+00 0.000000000000000000e+00 1.000000000000000000e+00
3.378622233867645264e-01 6.420502662658691406e-01 -6.882009506225585938e-01 2.297578006982803345e-01
1.735487133264541626e-01 6.761626005172729492e-01 7.160203456878662109e-01 -2.205094397068023682e-01
9.250567555427551270e-01 -3.613525927066802979e-01 1.170227676630020142e-01 2.176286280155181885e-02
0.000000000000000000e+00 0.000000000000000000e+00 0.000000000000000000e+00 1.000000000000000000e+00
2.604822814464569092e-01 7.171826362609863281e-01 -6.463727951049804688e-01 2.067762911319732666e-01
1.365745663642883301e-01 6.353811621665954590e-01 7.600250244140625000e-01 -2.312975376844406128e-01
9.557699561119079590e-01 -2.862511575222015381e-01 6.755664944648742676e-02 2.658868394792079926e-02
0.000000000000000000e+00 0.000000000000000000e+00 0.000000000000000000e+00 1.000000000000000000e+00
1.846508979797363281e-01 7.564801573753356934e-01 -6.274090409278869629e-01 1.975701302289962769e-01
1.289251148700714111e-01 6.142253279685974121e-01 7.785277962684631348e-01 -2.347992956638336182e-01
9.743111729621887207e-01 -2.246445864439010620e-01 1.588800735771656036e-02 3.610187768936157227e-02
0.000000000000000000e+00 0.000000000000000000e+00 0.000000000000000000e+00 1.000000000000000000e+00
2.564471364021301270e-01 7.871360182762145996e-01 -5.609384179115295410e-01 1.749104559421539307e-01
1.224855929613113403e-01 5.492021441459655762e-01 8.266644477844238281e-01 -2.450378984212875366e-01
9.587659239768981934e-01 -2.807025909423828125e-01 4.442856460809707642e-02 1.724157854914665222e-02
0.000000000000000000e+00 0.000000000000000000e+00 0.000000000000000000e+00 1.000000000000000000e+00
4.034612774848937988e-01 7.632681727409362793e-01 -5.046194195747375488e-01 1.552835255861282349e-01
1.045232936739921570e-01 5.094422101974487305e-01 8.541333079338073730e-01 -2.486410439014434814e-01
9.090070724487304688e-01 -3.973542451858520508e-01 1.257607787847518921e-01 -1.391486544162034988e-02
0.000000000000000000e+00 0.000000000000000000e+00 0.000000000000000000e+00 1.000000000000000000e+00
5.434353351593017578e-01 7.301937937736511230e-01 -4.141193926334381104e-01 1.243845671415328979e-01
3.039137460291385651e-02 4.758846461772918701e-01 8.789824843406677246e-01 -2.478469312191009521e-01
8.389006853103637695e-01 -4.902555644512176514e-01 2.364209443330764771e-01 -4.966852813959121704e-02
0.000000000000000000e+00 0.000000000000000000e+00 0.000000000000000000e+00 1.000000000000000000e+00
6.301181912422180176e-01 7.039405703544616699e-01 -3.277476429939270020e-01 1.029112637042999268e-01
-2.978232875466346741e-02 4.436827301979064941e-01 8.956888914108276367e-01 -2.445999085903167725e-01
7.759277820587158203e-01 -5.546287894248962402e-01 3.005376160144805908e-01 -6.763377785682678223e-02
0.000000000000000000e+00 0.000000000000000000e+00 0.000000000000000000e+00 1.000000000000000000e+00
6.362479925155639648e-01 7.415040135383605957e-01 -2.129805237054824829e-01 7.736553251743316650e-02
-1.065225750207901001e-01 3.578573763370513916e-01 9.276806712150573730e-01 -2.557167410850524902e-01
7.640953660011291504e-01 -5.675476193428039551e-01 3.066731691360473633e-01 -6.534927338361740112e-02
0.000000000000000000e+00 0.000000000000000000e+00 0.000000000000000000e+00 1.000000000000000000e+00
6.220600008964538574e-01 7.782623171806335449e-01 -8.572386205196380615e-02 4.306096583604812622e-02
-1.842664927244186401e-01 2.519279420375823975e-01 9.500409364700317383e-01 -2.709168195724487305e-01
7.609775066375732422e-01 -5.751870870590209961e-01 3.001220226287841797e-01 -5.944218486547470093e-02
0.000000000000000000e+00 0.000000000000000000e+00 0.000000000000000000e+00 1.000000000000000000e+00
6.376277208328247070e-01 7.699036598205566406e-01 2.607209794223308563e-02 7.558221928775310516e-03
-2.047480046749114990e-01 1.367490291595458984e-01 9.692144989967346191e-01 -2.850685119628906250e-01
7.426367402076721191e-01 -6.233362555503845215e-01 2.448311597108840942e-01 -4.336789995431900024e-02
0.000000000000000000e+00 0.000000000000000000e+00 0.000000000000000000e+00 1.000000000000000000e+00
6.546374559402465820e-01 7.430841922760009766e-01 1.388389617204666138e-01 -3.345803171396255493e-02
-2.335495203733444214e-01 2.413245476782321930e-02 9.720454812049865723e-01 -2.920547723770141602e-01
7.189608216285705566e-01 -6.687629222869873047e-01 1.893449425697326660e-01 -2.862128056585788727e-02
0.000000000000000000e+00 0.000000000000000000e+00 0.000000000000000000e+00 1.000000000000000000e+00
6.614701747894287109e-01 7.110406756401062012e-01 2.384918183088302612e-01 -7.326118648052215576e-02
-2.479798495769500732e-01 -9.275143593549728394e-02 9.643146991729736328e-01 -2.966551184654235840e-01
7.077873945236206055e-01 -6.970067620277404785e-01 1.149714291095733643e-01 -7.356777787208557129e-03
0.000000000000000000e+00 0.000000000000000000e+00 0.000000000000000000e+00 1.000000000000000000e+00
6.334077715873718262e-01 7.650305032730102539e-01 1.162871569395065308e-01 -2.539898455142974854e-02
-3.083060979843139648e-01 1.116631627082824707e-01 9.447108507156372070e-01 -2.731972038745880127e-01
7.097478508949279785e-01 -6.342390775680541992e-01 3.065918982028961182e-01 -7.653333991765975952e-02
0.000000000000000000e+00 0.000000000000000000e+00 0.000000000000000000e+00 1.000000000000000000e+00
6.146820187568664551e-01 7.876594066619873047e-01 4.193611815571784973e-02 7.001373451203107834e-04
-3.855134248733520508e-01 2.536171376705169678e-01 8.871628642082214355e-01 -2.456711232662200928e-01
6.881462931632995605e-01 -5.614899396896362305e-01 4.595473110675811768e-01 -1.196740567684173584e-01
0.000000000000000000e+00 0.000000000000000000e+00 0.000000000000000000e+00 1.000000000000000000e+00
6.066645979881286621e-01 7.926107645034790039e-01 -6.104246526956558228e-02 3.319249302148818970e-02
-4.523995220661163330e-01 4.073655009269714355e-01 7.933399081230163574e-01 -2.048135846853256226e-01
6.536762118339538574e-01 -4.536756277084350586e-01 6.057108640670776367e-01 -1.571805626153945923e-01
0.000000000000000000e+00 0.000000000000000000e+00 0.000000000000000000e+00 1.000000000000000000e+00
6.202550530433654785e-01 7.751521468162536621e-01 -1.200950443744659424e-01 5.015499889850616455e-02
-5.154715180397033691e-01 5.182006955146789551e-01 6.824639439582824707e-01 -1.624239683151245117e-01
5.912465453147888184e-01 -3.613959550857543945e-01 7.209855914115905762e-01 -1.827059984207153320e-01
0.000000000000000000e+00 0.000000000000000000e+00 0.000000000000000000e+00 1.000000000000000000e+00
6.117451786994934082e-01 7.740484476089477539e-01 -1.631468534469604492e-01 6.154112517833709717e-02
-5.721987485885620117e-01 5.753919482231140137e-01 5.843909382820129395e-01 -1.292921751737594604e-01
5.462202429771423340e-01 -2.641458213329315186e-01 7.949028015136718750e-01 -1.976979672908782959e-01
0.000000000000000000e+00 0.000000000000000000e+00 0.000000000000000000e+00 1.000000000000000000e+00
6.016832590103149414e-01 7.847042679786682129e-01 -1.490499526262283325e-01 5.385242030024528503e-02
-6.643017530441284180e-01 5.952370762825012207e-01 4.521016776561737061e-01 -9.320189803838729858e-02
4.434863328933715820e-01 -1.730078011751174927e-01 8.794249296188354492e-01 -2.150146365165710449e-01
0.000000000000000000e+00 0.000000000000000000e+00 0.000000000000000000e+00 1.000000000000000000e+00
5.883356928825378418e-01 7.884152531623840332e-01 -1.796184331178665161e-01 5.764261260628700256e-02
-7.118233442306518555e-01 6.103549599647521973e-01 3.475259840488433838e-01 -6.308323144912719727e-02
3.836256861686706543e-01 -7.660520821809768677e-02 9.203057885169982910e-01 -2.214094102382659912e-01
0.000000000000000000e+00 0.000000000000000000e+00 0.000000000000000000e+00 1.000000000000000000e+00
5.785740613937377930e-01 7.824103236198425293e-01 -2.304032593965530396e-01 6.654375046491622925e-02
-7.523851394653320312e-01 6.210399270057678223e-01 2.196037471294403076e-01 -2.564196288585662842e-02
3.149099051952362061e-01 4.629500582814216614e-02 9.479918479919433594e-01 -2.236549407243728638e-01
0.000000000000000000e+00 0.000000000000000000e+00 0.000000000000000000e+00 1.000000000000000000e+00
5.672745108604431152e-01 7.899839282035827637e-01 -2.326475083827972412e-01 6.579478085041046143e-02
-7.827546000480651855e-01 6.050152182579040527e-01 1.457800716161727905e-01 -5.610188469290733337e-03
2.559192776679992676e-01 9.940861165523529053e-02 9.615731835365295410e-01 -2.247547507286071777e-01
0.000000000000000000e+00 0.000000000000000000e+00 0.000000000000000000e+00 1.000000000000000000e+00
5.391349196434020996e-01 8.064862489700317383e-01 -2.427207678556442261e-01 6.539384275674819946e-02
-8.295013308525085449e-01 5.583588480949401855e-01 1.275426335632801056e-02 2.944130450487136841e-02
1.458113491535186768e-01 1.944610476493835449e-01 9.700123667716979980e-01 -2.245996594429016113e-01
0.000000000000000000e+00 0.000000000000000000e+00 0.000000000000000000e+00 1.000000000000000000e+00
5.278578400611877441e-01 8.107945322990417480e-01 -2.529393732547760010e-01 6.508404761552810669e-02
-8.488162755966186523e-01 5.139861106872558594e-01 -1.238126605749130249e-01 6.532564759254455566e-02
2.962069027125835419e-02 2.800544798374176025e-01 9.595269560813903809e-01 -2.199138551950454712e-01
0.000000000000000000e+00 0.000000000000000000e+00 0.000000000000000000e+00 1.000000000000000000e+00
5.372319221496582031e-01 7.995117902755737305e-01 -2.686309814453125000e-01 6.592144072055816650e-02
-8.407707810401916504e-01 4.823540449142456055e-01 -2.458429336547851562e-01 9.625905007123947144e-02
-6.697914004325866699e-02 3.579315543174743652e-01 9.313422441482543945e-01 -2.089776694774627686e-01
0.000000000000000000e+00 0.000000000000000000e+00 0.000000000000000000e+00 1.000000000000000000e+00
5.004203319549560547e-01 8.168111443519592285e-01 -2.870520651340484619e-01 6.946631520986557007e-02
-8.423817157745361328e-01 3.827906548976898193e-01 -3.792945444583892822e-01 1.303491145372390747e-01
-1.999312341213226318e-01 4.316140115261077881e-01 8.796229362487792969e-01 -1.896118074655532837e-01
0.000000000000000000e+00 0.000000000000000000e+00 0.000000000000000000e+00 1.000000000000000000e+00
4.799211025238037109e-01 8.246887922286987305e-01 -2.992728352546691895e-01 7.300584018230438232e-02
-8.242445588111877441e-01 3.070048987865447998e-01 -4.757824540138244629e-01 1.551331877708435059e-01
-3.004942238330841064e-01 4.750119149684906006e-01 8.270834684371948242e-01 -1.719611734151840210e-01
0.000000000000000000e+00 0.000000000000000000e+00 0.000000000000000000e+00 1.000000000000000000e+00
4.496657252311706543e-01 8.412790298461914062e-01 -3.000825047492980957e-01 7.703167200088500977e-02
-8.045119047164916992e-01 2.355276197195053101e-01 -5.452402830123901367e-01 1.724516898393630981e-01
-3.880216479301452637e-01 4.865959584712982178e-01 7.827282547950744629e-01 -1.564639508724212646e-01
0.000000000000000000e+00 0.000000000000000000e+00 0.000000000000000000e+00 1.000000000000000000e+00
4.067742228507995605e-01 8.660612106323242188e-01 -2.906414568424224854e-01 8.087938278913497925e-02
-7.857958674430847168e-01 1.694599092006683350e-01 -5.948178768157958984e-01 1.831160485744476318e-01
-4.658967554569244385e-01 4.703416228294372559e-01 7.494795322418212891e-01 -1.419242322444915771e-01
0.000000000000000000e+00 0.000000000000000000e+00 0.000000000000000000e+00 1.000000000000000000e+00
3.612898290157318115e-01 8.931374549865722656e-01 -2.679080367088317871e-01 8.298651129007339478e-02
-7.738134860992431641e-01 1.268711090087890625e-01 -6.205772161483764648e-01 1.860462874174118042e-01
-5.202709436416625977e-01 4.315192401409149170e-01 7.369593381881713867e-01 -1.321340501308441162e-01
0.000000000000000000e+00 0.000000000000000000e+00 0.000000000000000000e+00 1.000000000000000000e+00
2.522305250167846680e-01 9.426964521408081055e-01 -2.184102833271026611e-01 8.105060458183288574e-02
-7.677204608917236328e-01 5.755216255784034729e-02 -6.381952166557312012e-01 1.846570819616317749e-01
-5.890541076660156250e-01 3.286504447460174561e-01 7.382438182830810547e-01 -1.268992871046066284e-01
0.000000000000000000e+00 0.000000000000000000e+00 0.000000000000000000e+00 1.000000000000000000e+00
6.827905774116516113e-02 9.814937114715576172e-01 -1.789095997810363770e-01 8.279680460691452026e-02
-7.800891399383544922e-01 -5.926775187253952026e-02 -6.228550672531127930e-01 1.679336279630661011e-01
-6.219315528869628906e-01 1.820933222770690918e-01 7.616056799888610840e-01 -1.309671252965927124e-01
0.000000000000000000e+00 0.000000000000000000e+00 0.000000000000000000e+00 1.000000000000000000e+00
-9.564029425382614136e-02 9.818815588951110840e-01 -1.635900139808654785e-01 8.090057969093322754e-02
-7.871158719062805176e-01 -1.752014905214309692e-01 -5.913994908332824707e-01 1.511923819780349731e-01
-6.093453168869018555e-01 7.220264524221420288e-02 7.896108627319335938e-01 -1.386083513498306274e-01
0.000000000000000000e+00 0.000000000000000000e+00 0.000000000000000000e+00 1.000000000000000000e+00
-2.155840098857879639e-01 9.587851166725158691e-01 -1.850786060094833374e-01 8.460272848606109619e-02
-7.487490773200988770e-01 -2.839737534523010254e-01 -5.989435315132141113e-01 1.555344909429550171e-01
-6.268160343170166016e-01 9.454688057303428650e-03 7.791100740432739258e-01 -1.340642720460891724e-01
0.000000000000000000e+00 0.000000000000000000e+00 0.000000000000000000e+00 1.000000000000000000e+00
-2.673918306827545166e-01 9.519029855728149414e-01 -1.496056318283081055e-01 8.340389281511306763e-02
-7.043837904930114746e-01 -2.990385890007019043e-01 -6.437543034553527832e-01 1.698005497455596924e-01
-6.575295925140380859e-01 -6.675487756729125977e-02 7.504656910896301270e-01 -1.243239417672157288e-01
0.000000000000000000e+00 0.000000000000000000e+00 0.000000000000000000e+00 1.000000000000000000e+00
-3.748299181461334229e-01 9.216230511665344238e-01 -1.005646884441375732e-01 8.413805067539215088e-02
-6.899568438529968262e-01 -3.497616648674011230e-01 -6.337398290634155273e-01 1.644100695848464966e-01
-6.192430257797241211e-01 -1.681594997644424438e-01 7.669814229011535645e-01 -1.219336315989494324e-01
0.000000000000000000e+00 0.000000000000000000e+00 0.000000000000000000e+00 1.000000000000000000e+00
2.089297175407409668e-01 9.302145838737487793e-01 -3.017442822456359863e-01 8.202228695154190063e-02
-7.332261800765991211e-01 -5.516207963228225708e-02 -6.777437329292297363e-01 1.832002252340316772e-01
-6.470919251441955566e-01 3.628476262092590332e-01 6.705326437950134277e-01 -1.023915037512779236e-01
0.000000000000000000e+00 0.000000000000000000e+00 0.000000000000000000e+00 1.000000000000000000e+00
5.306206941604614258e-01 7.850034236907958984e-01 -3.197045028209686279e-01 6.957118213176727295e-02
-7.665554285049438477e-01 2.834747433662414551e-01 -5.762248039245605469e-01 1.741431951522827148e-01
-3.617103993892669678e-01 5.508279204368591309e-01 7.521662712097167969e-01 -1.586638689041137695e-01
0.000000000000000000e+00 0.000000000000000000e+00 0.000000000000000000e+00 1.000000000000000000e+00
5.897401571273803711e-01 7.375237345695495605e-01 -3.290373682975769043e-01 6.988810002803802490e-02
-7.715392708778381348e-01 3.941505253314971924e-01 -4.993724524974822998e-01 1.570672243833541870e-01
-2.386085838079452515e-01 5.483648777008056641e-01 8.014746308326721191e-01 -1.863637119531631470e-01
0.000000000000000000e+00 0.000000000000000000e+00 0.000000000000000000e+00 1.000000000000000000e+00
6.018338203430175781e-01 7.422297596931457520e-01 -2.947725653648376465e-01 6.048252806067466736e-02
-7.698420882225036621e-01 4.409878253936767578e-01 -4.613813161849975586e-01 1.483829468488693237e-01
-2.124598920345306396e-01 5.046030879020690918e-01 8.368011116981506348e-01 -2.022182941436767578e-01
0.000000000000000000e+00 0.000000000000000000e+00 0.000000000000000000e+00 1.000000000000000000e+00
6.255555748939514160e-01 7.434133887290954590e-01 -2.366783320903778076e-01 4.321656376123428345e-02
-7.608088254928588867e-01 5.140960812568664551e-01 -3.960742056369781494e-01 1.307939738035202026e-01
-1.727715432643890381e-01 4.278335571289062500e-01 8.871916532516479492e-01 -2.222994118928909302e-01
0.000000000000000000e+00 0.000000000000000000e+00 0.000000000000000000e+00 1.000000000000000000e+00
6.422067880630493164e-01 7.484108805656433105e-01 -1.656853854656219482e-01 2.226937375962734222e-02
-7.444293498992919922e-01 5.574147105216979980e-01 -3.675778210163116455e-01 1.238645762205123901e-01
-1.827438324689865112e-01 3.594019412994384766e-01 9.151147603988647461e-01 -2.346763163805007935e-01
0.000000000000000000e+00 0.000000000000000000e+00 0.000000000000000000e+00 1.000000000000000000e+00
6.541288495063781738e-01 7.509452104568481445e-01 -9.053215384483337402e-02 -7.037140894681215286e-04
-7.307144999504089355e-01 5.964713096618652344e-01 -3.320813477039337158e-01 1.140712276101112366e-01
-1.953752487897872925e-01 2.833771109580993652e-01 9.388961195945739746e-01 -2.452329993247985840e-01
0.000000000000000000e+00 0.000000000000000000e+00 0.000000000000000000e+00 1.000000000000000000e+00
6.692962646484375000e-01 7.421737313270568848e-01 -3.493443131446838379e-02 -1.923716440796852112e-02
-7.201922535896301270e-01 6.364785432815551758e-01 -2.760748267173767090e-01 9.781035035848617554e-02
-1.826606243848800659e-01 2.099353820085525513e-01 9.605011343955993652e-01 -2.551940083503723145e-01
0.000000000000000000e+00 0.000000000000000000e+00 0.000000000000000000e+00 1.000000000000000000e+00
7.106267809867858887e-01 7.025879025459289551e-01 3.714181855320930481e-02 -4.603152722120285034e-02
-6.825083494186401367e-01 7.012133598327636719e-01 -2.061118185520172119e-01 7.677901536226272583e-02
-1.708561182022094727e-01 1.211189404129981995e-01 9.778232574462890625e-01 -2.646944224834442139e-01
0.000000000000000000e+00 0.000000000000000000e+00 0.000000000000000000e+00 1.000000000000000000e+00
7.452467679977416992e-01 6.622713208198547363e-01 7.748278230428695679e-02 -6.216932088136672974e-02
-6.482475399971008301e-01 7.468282580375671387e-01 -1.483993232250213623e-01 5.829599127173423767e-02
-1.561469882726669312e-01 6.036603450775146484e-02 9.858874082565307617e-01 -2.702828347682952881e-01
0.000000000000000000e+00 0.000000000000000000e+00 0.000000000000000000e+00 1.000000000000000000e+00
7.737219333648681641e-01 6.165539026260375977e-01 1.456553041934967041e-01 -8.768888562917709351e-02
-6.144134998321533203e-01 7.863252162933349609e-01 -6.471765786409378052e-02 3.043495677411556244e-02
-1.544343978166580200e-01 -3.941923752427101135e-02 9.872161149978637695e-01 -2.731262147426605225e-01
0.000000000000000000e+00 0.000000000000000000e+00 0.000000000000000000e+00 1.000000000000000000e+00
7.973476052284240723e-01 5.726931691169738770e-01 1.904185861349105835e-01 -1.056787520647048950e-01
-5.854502320289611816e-01 8.105945587158203125e-01 1.357704680413007736e-02 4.357971251010894775e-03
-1.465767472982406616e-01 -1.223062276840209961e-01 9.816089868545532227e-01 -2.748106420040130615e-01
0.000000000000000000e+00 0.000000000000000000e+00 0.000000000000000000e+00 1.000000000000000000e+00
8.282675743103027344e-01 5.175355076789855957e-01 2.147779613733291626e-01 -1.176975592970848083e-01
-5.462011098861694336e-01 8.312538266181945801e-01 1.033501997590065002e-01 -2.663546055555343628e-02
-1.250475347042083740e-01 -2.029136419296264648e-01 9.711792469024658203e-01 -2.748504877090454102e-01
0.000000000000000000e+00 0.000000000000000000e+00 0.000000000000000000e+00 1.000000000000000000e+00
8.439345955848693848e-01 4.979470670223236084e-01 1.995574235916137695e-01 -1.173286512494087219e-01
-5.327544808387756348e-01 8.215436935424804688e-01 2.030728161334991455e-01 -6.066535040736198425e-02
-6.282554566860198975e-02 -2.776953876018524170e-01 9.586127400398254395e-01 -2.750921845436096191e-01
0.000000000000000000e+00 0.000000000000000000e+00 0.000000000000000000e+00 1.000000000000000000e+00
8.532763123512268066e-01 4.951745569705963135e-01 1.634664386510848999e-01 -1.096254959702491760e-01
-5.213776826858520508e-01 8.046139478683471680e-01 2.841854691505432129e-01 -9.032477438449859619e-02
9.194199927151203156e-03 -3.277165889739990234e-01 9.447313547134399414e-01 -2.751985490322113037e-01
0.000000000000000000e+00 0.000000000000000000e+00 0.000000000000000000e+00 1.000000000000000000e+00
8.635970950126647949e-01 4.909365177154541016e-01 1.148092895746231079e-01 -9.767346829175949097e-02
-4.964241087436676025e-01 7.881752848625183105e-01 3.637890517711639404e-01 -1.189619600772857666e-01
8.810754865407943726e-02 -3.711614012718200684e-01 9.243788123130798340e-01 -2.740547657012939453e-01
0.000000000000000000e+00 0.000000000000000000e+00 0.000000000000000000e+00 1.000000000000000000e+00
8.761094808578491211e-01 4.772422909736633301e-01 6.834982335567474365e-02 -8.668360114097595215e-02
-4.543667137622833252e-01 7.699494957923889160e-01 4.480267763137817383e-01 -1.508675366640090942e-01
1.611915975809097290e-01 -4.235764145851135254e-01 8.914033770561218262e-01 -2.700771689414978027e-01
0.000000000000000000e+00 0.000000000000000000e+00 0.000000000000000000e+00 1.000000000000000000e+00
8.912349939346313477e-01 4.531548321247100830e-01 1.872590370476245880e-02 -7.347904890775680542e-02
-3.892176449298858643e-01 7.429870963096618652e-01 5.444989800453186035e-01 -1.879811435937881470e-01
2.328294515609741211e-01 -4.925651550292968750e-01 8.385521769523620605e-01 -2.643699049949645996e-01
0.000000000000000000e+00 0.000000000000000000e+00 0.000000000000000000e+00 1.000000000000000000e+00
9.277762770652770996e-01 3.731363713741302490e-01 -1.576065842527896166e-04 -6.828524172306060791e-02
-2.945536375045776367e-01 7.326454520225524902e-01 6.135700941085815430e-01 -2.140675187110900879e-01
2.290609478950500488e-01 -5.692095160484313965e-01 7.896398901939392090e-01 -2.582792043685913086e-01
0.000000000000000000e+00 0.000000000000000000e+00 0.000000000000000000e+00 1.000000000000000000e+00
9.464228749275207520e-01 3.164988756179809570e-01 -6.412570923566818237e-02 -4.834443703293800354e-02
-1.928368806838989258e-01 7.131831645965576172e-01 6.739315390586853027e-01 -2.386351823806762695e-01
2.590320110321044922e-01 -6.254582405090332031e-01 7.360054850578308105e-01 -2.512417137622833252e-01
0.000000000000000000e+00 0.000000000000000000e+00 0.000000000000000000e+00 1.000000000000000000e+00
9.281610250473022461e-01 3.342984616756439209e-01 -1.635899394750595093e-01 -1.279084663838148117e-02
-1.202420964837074280e-01 6.853210330009460449e-01 7.182455062866210938e-01 -2.560821473598480225e-01
3.522200286388397217e-01 -6.469770669937133789e-01 6.762850284576416016e-01 -2.431973516941070557e-01
0.000000000000000000e+00 0.000000000000000000e+00 0.000000000000000000e+00 1.000000000000000000e+00
8.794298171997070312e-01 4.019604921340942383e-01 -2.550115287303924561e-01 2.379680424928665161e-02
-7.940142601728439331e-02 6.520662903785705566e-01 7.539925575256347656e-01 -2.693827152252197266e-01
4.693597555160522461e-01 -6.428353190422058105e-01 6.053627133369445801e-01 -2.276142239570617676e-01
0.000000000000000000e+00 0.000000000000000000e+00 0.000000000000000000e+00 1.000000000000000000e+00
9.686956405639648438e-01 1.887704730033874512e-01 -1.612275838851928711e-01 -1.917035505175590515e-02
-2.084010653197765350e-02 7.089968919754028320e-01 7.049034237861633301e-01 -2.501297891139984131e-01
2.473748773336410522e-01 -6.794769167900085449e-01 6.907362937927246094e-01 -2.320473641157150269e-01
0.000000000000000000e+00 0.000000000000000000e+00 0.000000000000000000e+00 1.000000000000000000e+00
9.505512714385986328e-01 2.133161723613739014e-01 -2.257176637649536133e-01 2.625312190502882004e-04
-3.922672942280769348e-03 7.349793910980224609e-01 6.780779361724853516e-01 -2.365183085203170776e-01
3.105428516864776611e-01 -6.436624526977539062e-01 6.994723081588745117e-01 -2.394997030496597290e-01
0.000000000000000000e+00 0.000000000000000000e+00 0.000000000000000000e+00 1.000000000000000000e+00
9.330629706382751465e-01 2.808227241039276123e-01 -2.247937619686126709e-01 -1.961146714165806770e-03
-4.455290734767913818e-02 7.103340029716491699e-01 7.024531960487365723e-01 -2.434280216693878174e-01
3.569434285163879395e-01 -6.454176306724548340e-01 6.752977371215820312e-01 -2.326053678989410400e-01
0.000000000000000000e+00 0.000000000000000000e+00 0.000000000000000000e+00 1.000000000000000000e+00
8.654389977455139160e-01 3.667639493942260742e-01 -3.413200080394744873e-01 4.263981059193611145e-02
3.111949563026428223e-02 6.405920386314392090e-01 7.672504782676696777e-01 -2.728040218353271484e-01
5.000467300415039062e-01 -6.746302247047424316e-01 5.429799556732177734e-01 -1.937489807605743408e-01
0.000000000000000000e+00 0.000000000000000000e+00 0.000000000000000000e+00 1.000000000000000000e+00
7.640079855918884277e-01 4.753485620021820068e-01 -4.362745881080627441e-01 8.583183586597442627e-02
7.843346893787384033e-02 6.027385592460632324e-01 7.940743565559387207e-01 -2.851826548576354980e-01
6.404216885566711426e-01 -6.408978104591369629e-01 4.232138991355895996e-01 -1.594243794679641724e-01
0.000000000000000000e+00 0.000000000000000000e+00 0.000000000000000000e+00 1.000000000000000000e+00
6.486641764640808105e-01 5.626849532127380371e-01 -5.124650001525878906e-01 1.238923519849777222e-01
1.328612565994262695e-01 5.792846083641052246e-01 8.042246103286743164e-01 -2.924709320068359375e-01
7.493879795074462891e-01 -5.897583961486816406e-01 3.010020852088928223e-01 -1.193657740950584412e-01
0.000000000000000000e+00 0.000000000000000000e+00 0.000000000000000000e+00 1.000000000000000000e+00
4.653054177761077881e-01 6.431552767753601074e-01 -6.081465482711791992e-01 1.720198839902877808e-01
2.557618319988250732e-01 5.600570440292358398e-01 7.879861593246459961e-01 -2.921647727489471436e-01
8.473938703536987305e-01 -5.221946835517883301e-01 9.610305726528167725e-02 -4.962327331304550171e-02
0.000000000000000000e+00 0.000000000000000000e+00 0.000000000000000000e+00 1.000000000000000000e+00
3.773483633995056152e-01 6.698330044746398926e-01 -6.394780874252319336e-01 1.900013834238052368e-01
3.336274325847625732e-01 5.458307862281799316e-01 7.686102390289306641e-01 -2.887432575225830078e-01
8.638871312141418457e-01 -5.033811926841735840e-01 -1.750629208981990814e-02 -7.981262169778347015e-03
0.000000000000000000e+00 0.000000000000000000e+00 0.000000000000000000e+00 1.000000000000000000e+00
3.116722702980041504e-01 6.900863051414489746e-01 -6.531778573989868164e-01 2.006396204233169556e-01
3.799872100353240967e-01 5.395362973213195801e-01 7.513389587402343750e-01 -2.842054367065429688e-01
8.709018826484680176e-01 -4.823707640171051025e-01 -9.406549483537673950e-02 2.233126759529113770e-02
0.000000000000000000e+00 0.000000000000000000e+00 0.000000000000000000e+00 1.000000000000000000e+00
3.075706660747528076e-01 6.457881331443786621e-01 -6.988260149955749512e-01 2.248566299676895142e-01
4.457718133926391602e-01 5.510541796684265137e-01 7.054266333580017090e-01 -2.685883939266204834e-01
8.406472206115722656e-01 -5.284854173660278320e-01 -1.183859929442405701e-01 4.682952165603637695e-02
