1.000000000000000000e+00 0.000000000000000000e+00 0.000000000000000000e+00 -4.096739311332171507e-01
0.000000000000000000e+00 -1.000000000000000000e+00 0.000000000000000000e+00 -1.964994255000929863e-02
0.000000000000000000e+00 0.000000000000000000e+00 -1.000000000000000000e+00 -2.664639050480994698e+00
0.000000000000000000e+00 0.000000000000000000e+00 0.000000000000000000e+00 1.000000000000000000e+00
9.961419105529785156e-01 -8.476941287517547607e-02 -2.270049229264259338e-02 -4.578140941989554125e-01
-8.445399999618530273e-02 -9.963217377662658691e-01 1.451242249459028244e-02 5.505545697039174180e-02
-2.384719997644424438e-02 -1.253929361701011658e-02 -9.996370077133178711e-01 -2.717943433510181084e+00
0.000000000000000000e+00 0.000000000000000000e+00 0.000000000000000000e+00 1.000000000000000000e+00
9.854944348335266113e-01 -1.655223518610000610e-01 -3.746015951037406921e-02 -4.814178917264019808e-01
-1.635834127664566040e-01 -9.852623343467712402e-01 4.998249933123588562e-02 2.035830982039783521e-01
-4.518133401870727539e-02 -4.312958195805549622e-02 -9.980472922325134277e-01 -2.709593264312064598e+00
0.000000000000000000e+00 0.000000000000000000e+00 0.000000000000000000e+00 1.000000000000000000e+00
9.653419256210327148e-01 -2.570505440235137939e-01 -4.516543447971343994e-02 -4.830646570680368068e-01
-2.533300220966339111e-01 -9.644924402236938477e-01 7.468502223491668701e-02 3.211463219838563421e-01
-6.275960057973861694e-02 -6.065476685762405396e-02 -9.961835741996765137e-01 -2.703627202112121264e+00
0.000000000000000000e+00 0.000000000000000000e+00 0.000000000000000000e+00 1.000000000000000000e+00
9.360824227333068848e-01 -3.469902575016021729e-01 -5.785246565937995911e-02 -4.901620318465838566e-01
-3.383481204509735107e-01 -9.330919384956359863e-01 1.218997016549110413e-01 4.991227377651873964e-01
-9.627970308065414429e-02 -9.453383833169937134e-02 -9.908547997474670410e-01 -2.677950314554130351e+00
0.000000000000000000e+00 0.000000000000000000e+00 0.000000000000000000e+00 1.000000000000000000e+00
8.921352624893188477e-01 -4.493043124675750732e-01 -4.711032658815383911e-02 -4.292708629538230514e-01
-4.399100840091705322e-01 -8.877184987068176270e-01 1.357737183570861816e-01 5.728366909378526106e-01
-1.028245389461517334e-01 -1.004042848944664001e-01 -9.896193146705627441e-01 -2.682537237080824699e+00
0.000000000000000000e+00 0.000000000000000000e+00 0.000000000000000000e+00 1.000000000000000000e+00
8.435185551643371582e-01 -5.366619825363159180e-01 -2.167170122265815735e-02 -3.324836036546359175e-01
-5.265427231788635254e-01 -8.342263102531433105e-01 1.637648642063140869e-01 6.931084734300001493e-01
-1.059655398130416870e-01 -1.267276406288146973e-01 -9.862617254257202148e-01 -2.675408922719271665e+00
0.000000000000000000e+00 0.000000000000000000e+00 0.000000000000000000e+00 1.000000000000000000e+00
7.912476658821105957e-01 -6.113803386688232422e-01 -1.188530679792165756e-02 -2.751200818550131322e-01
-6.014168858528137207e-01 -7.815730571746826172e-01 1.656557321548461914e-01 7.294531360515776885e-01
-1.105678677558898926e-01 -1.239266097545623779e-01 -9.861119389533996582e-01 -2.683188451492362514e+00
0.000000000000000000e+00 0.000000000000000000e+00 0.000000000000000000e+00 1.000000000000000000e+00
7.183123230934143066e-01 -6.955321431159973145e-01 1.621348410844802856e-02 -1.452200356513833057e-01
-6.883986592292785645e-01 -7.071864604949951172e-01 1.612264215946197510e-01 7.458670504820584801e-01
-1.006722599267959595e-01 -1.269722580909729004e-01 -9.867841601371765137e-01 -2.693542484697509121e+00
0.000000000000000000e+00 0.000000000000000000e+00 0.000000000000000000e+00 1.000000000000000000e+00
6.449869275093078613e-01 -7.638700604438781738e-01 2.222725562751293182e-02 -8.185289817244424670e-02
-7.588357329368591309e-01 -6.367560029029846191e-01 1.367827355861663818e-01 6.971404150307597414e-01
-9.033089876174926758e-02 -1.050899252295494080e-01 -9.903513789176940918e-01 -2.720475995319120877e+00
0.000000000000000000e+00 0.000000000000000000e+00 0.000000000000000000e+00 1.000000000000000000e+00
5.493574142456054688e-01 -8.350138664245605469e-01 3.095969744026660919e-02 -2.006197736583198443e-03
-8.333449363708496094e-01 -5.447946190834045410e-01 9.346003830432891846e-02 5.896505779486403975e-01
-6.117374077439308167e-02 -7.714306563138961792e-02 -9.951415061950683594e-01 -2.767081699935383554e+00
0.000000000000000000e+00 0.000000000000000000e+00 0.000000000000000000e+00 1.000000000000000000e+00
4.618066549301147461e-01 -8.842158913612365723e-01 6.997067481279373169e-02 1.690935497209348770e-01
-8.869169354438781738e-01 -4.593879878520965576e-01 4.838991910219192505e-02 4.662548978492795926e-01
-1.064345147460699081e-02 -8.440497517585754395e-02 -9.963746666908264160e-01 -2.809444025220869445e+00
0.000000000000000000e+00 0.000000000000000000e+00 0.000000000000000000e+00 1.000000000000000000e+00
3.503284156322479248e-01 -9.320139884948730469e-01 9.283996373414993286e-02 2.770648819078140312e-01
-9.364778995513916016e-01 -3.503174185752868652e-01 1.695388741791248322e-02 3.488462512614200484e-01
1.672217436134815216e-02 -9.288197010755538940e-02 -9.955365657806396484e-01 -2.820234868770704395e+00
0.000000000000000000e+00 0.000000000000000000e+00 0.000000000000000000e+00 1.000000000000000000e+00
2.746898233890533447e-01 -9.551199674606323242e-01 1.108629927039146423e-01 3.535328373831726489e-01
-9.586609601974487305e-01 -2.809475660324096680e-01 -4.513830691576004028e-02 1.316269755427123822e-01
7.425919175148010254e-02 -9.388099610805511475e-02 -9.928101897239685059e-01 -2.816202306308747350e+00
0.000000000000000000e+00 0.000000000000000000e+00 0.000000000000000000e+00 1.000000000000000000e+00
1.952999532222747803e-01 -9.713731408119201660e-01 1.352478414773941040e-01 4.388579987012248829e-01
-9.720236063003540039e-01 -2.100631743669509888e-01 -1.050929278135299683e-01 -7.147270500454418196e-02
1.304950565099716187e-01 -1.109394654631614685e-01 -9.852229952812194824e-01 -2.804900425008840958e+00
0.000000000000000000e+00 0.000000000000000000e+00 0.000000000000000000e+00 1.000000000000000000e+00
1.156202256679534912e-01 -9.829756617546081543e-01 1.427979022264480591e-01 4.801378524889723387e-01
-9.699808359146118164e-01 -1.426974982023239136e-01 -1.969128251075744629e-01 -3.632089704279100051e-01
2.139373272657394409e-01 -1.157441213726997375e-01 -9.699660539627075195e-01 -2.775849915673110679e+00
0.000000000000000000e+00 0.000000000000000000e+00 0.000000000000000000e+00 1.000000000000000000e+00
1.953841447830200195e-01 -9.732288122177124023e-01 1.210400983691215515e-01 4.072263279217108733e-01
-9.530464410781860352e-01 -2.175333201885223389e-01 -2.106693834066390991e-01 -3.974159734544093214e-01
2.313597053289413452e-01 -7.419543713331222534e-02 -9.700349569320678711e-01 -2.754234840037933729e+00
0.000000000000000000e+00 0.000000000000000000e+00 0.000000000000000000e+00 1.000000000000000000e+00
2.742688357830047607e-01 -9.530170559883117676e-01 1.285886913537979126e-01 4.070165113292645853e-01
-9.378474354743957520e-01 -2.946453094482421875e-01 -1.833727955818176270e-01 -2.985373432116420478e-01
2.126455903053283691e-01 -7.030317187309265137e-02 -9.745972156524658203e-01 -2.743953930484930304e+00
0.000000000000000000e+00 0.000000000000000000e+00 0.000000000000000000e+00 1.000000000000000000e+00
3.305128514766693115e-01 -9.348365068435668945e-01 1.297755539417266846e-01 3.941539574404351876e-01
-9.327169656753540039e-01 -3.445406258106231689e-01 -1.064467355608940125e-01 -4.755648279293393094e-02
1.442233026027679443e-01 -8.586192131042480469e-02 -9.858126640319824219e-01 -2.744761601918223715e+00
0.000000000000000000e+00 0.000000000000000000e+00 0.000000000000000000e+00 1.000000000000000000e+00
3.604435622692108154e-01 -9.181541204452514648e-01 1.645390242338180542e-01 4.819254153532712692e-01
-9.298693537712097168e-01 -3.676102161407470703e-01 -1.432795822620391846e-02 2.499465462302285501e-01
7.364147901535034180e-02 -1.478354185819625854e-01 -9.862664937973022461e-01 -2.708054632295650688e+00
0.000000000000000000e+00 0.000000000000000000e+00 0.000000000000000000e+00 1.000000000000000000e+00
4.038624167442321777e-01 -8.988385796546936035e-01 1.702470779418945312e-01 4.810455170673423875e-01
-9.147453308105468750e-01 -3.991509675979614258e-01 6.260903179645538330e-02 4.939252672353873774e-01
1.167881302535533905e-02 -1.810181885957717896e-01 -9.834107160568237305e-01 -2.667156435682885629e+00
0.000000000000000000e+00 0.000000000000000000e+00 0.000000000000000000e+00 1.000000000000000000e+00
4.582675099372863770e-01 -8.649740219116210938e-01 2.044743448495864868e-01 5.461911718078564792e-01
-8.875038623809814453e-01 -4.328316152095794678e-01 1.580941677093505859e-01 7.630924994821722818e-01
-4.824450239539146423e-02 -2.539212405681610107e-01 -9.660207629203796387e-01 -2.568855896199513378e+00
0.000000000000000000e+00 0.000000000000000000e+00 0.000000000000000000e+00 1.000000000000000000e+00
5.308515429496765137e-01 -8.256719708442687988e-01 1.909527778625488281e-01 4.551846476411764431e-01
-8.420510888099670410e-01 -4.884673655033111572e-01 2.288020402193069458e-01 9.440537399624897574e-01
-9.564104676246643066e-02 -2.822516560554504395e-01 -9.545608162879943848e-01 -2.499318062394569218e+00
0.000000000000000000e+00 0.000000000000000000e+00 0.000000000000000000e+00 1.000000000000000000e+00
5.902502536773681641e-01 -7.851390838623046875e-01 1.875151544809341431e-01 4.074275904265480253e-01
-7.965586781501770020e-01 -5.288895368576049805e-01 2.928655445575714111e-01 1.089167972563267472e+00
-1.307654827833175659e-01 -3.222304284572601318e-01 -9.375864267349243164e-01 -2.418573270068349323e+00
0.000000000000000000e+00 0.000000000000000000e+00 0.000000000000000000e+00 1.000000000000000000e+00
6.713514924049377441e-01 -7.237331271171569824e-01 1.596808582544326782e-01 2.746327099052719434e-01
-7.206895947456359863e-01 -5.872318744659423828e-01 3.684635758399963379e-01 1.233942387135312568e+00
-1.728997379541397095e-01 -3.624484837055206299e-01 -9.158250689506530762e-01 -2.318888072145528501e+00
0.000000000000000000e+00 0.000000000000000000e+00 0.000000000000000000e+00 1.000000000000000000e+00
7.291816473007202148e-01 -6.700100898742675781e-01 1.392147839069366455e-01 1.892716421146343475e-01
-6.518763899803161621e-01 -6.181887388229370117e-01 4.392028450965881348e-01 1.364160434995042692e+00
-2.082093805074691772e-01 -4.110095500946044922e-01 -8.875360488891601562e-01 -2.191838623899227123e+00
0.000000000000000000e+00 0.000000000000000000e+00 0.000000000000000000e+00 1.000000000000000000e+00
7.522932291030883789e-01 -6.465563774108886719e-01 1.265682578086853027e-01 1.343761729209224653e-01
-6.040581464767456055e-01 -6.002153754234313965e-01 5.242664813995361328e-01 1.544150165670520103e+00
-2.629997432231903076e-01 -4.708564281463623047e-01 -8.420957922935485840e-01 -2.000643590332334298e+00
0.000000000000000000e+00 0.000000000000000000e+00 0.000000000000000000e+00 1.000000000000000000e+00
7.817440032958984375e-01 -6.102687120437622070e-01 1.282520145177841187e-01 1.151424966392526478e-01
-5.372602343559265137e-01 -5.546996593475341797e-01 6.353417038917541504e-01 1.808845921081045915e+00
-3.165880739688873291e-01 -5.655789971351623535e-01 -7.615065574645996094e-01 -1.725753983905601752e+00
0.000000000000000000e+00 0.000000000000000000e+00 0.000000000000000000e+00 1.000000000000000000e+00
8.050901889801025391e-01 -5.800161361694335938e-01 1.241416037082672119e-01 8.617584668053769603e-02
-4.833389818668365479e-01 -5.201942920684814453e-01 7.041172385215759277e-01 1.976033493865289259e+00
-3.438217341899871826e-01 -6.268802285194396973e-01 -6.991477012634277344e-01 -1.517926078859263894e+00
0.000000000000000000e+00 0.000000000000000000e+00 0.000000000000000000e+00 1.000000000000000000e+00
8.360331058502197266e-01 -5.341473817825317383e-01 1.254402548074722290e-01 5.986280490658271031e-02
-4.166465997695922852e-01 -4.692819416522979736e-01 7.785755395889282227e-01 2.155033985699510435e+00
-3.570072948932647705e-01 -7.031791210174560547e-01 -6.148860454559326172e-01 -1.297029045606792552e+00
0.000000000000000000e+00 0.000000000000000000e+00 0.000000000000000000e+00 1.000000000000000000e+00
8.675734996795654297e-01 -4.896507263183593750e-01 8.693937212228775024e-02 -5.922190391066590315e-02
-3.310403525829315186e-01 -4.381590187549591064e-01 8.357206583023071289e-01 2.279954845822674159e+00
-3.711180090904235840e-01 -7.538297176361083984e-01 -5.422292947769165039e-01 -1.119752754302442588e+00
0.000000000000000000e+00 0.000000000000000000e+00 0.000000000000000000e+00 1.000000000000000000e+00
8.812038898468017578e-01 -4.698282480239868164e-01 5.235971510410308838e-02 -1.472240548737123178e-01
-2.336435467004776001e-01 -3.365576863288879395e-01 9.122164845466613770e-01 2.423380680889299921e+00
-4.109629988670349121e-01 -8.160823583602905273e-01 -4.063484668731689453e-01 -7.754652147939222750e-01
0.000000000000000000e+00 0.000000000000000000e+00 0.000000000000000000e+00 1.000000000000000000e+00
8.534862399101257324e-01 -5.206925272941589355e-01 2.098597958683967590e-02 -2.650580086279633041e-01
-9.883066266775131226e-02 -1.221939325332641602e-01 9.875732660293579102e-01 2.585202219328638140e+00
-5.116577744483947754e-01 -8.449541926383972168e-01 -1.557511389255523682e-01 -1.182768164524999471e-01
0.000000000000000000e+00 0.000000000000000000e+00 0.000000000000000000e+00 1.000000000000000000e+00
8.536816835403442383e-01 -5.195568203926086426e-01 3.588154911994934082e-02 -2.097054045084189300e-01
-1.008251309394836426e-01 -9.728469699621200562e-02 9.901359081268310547e-01 2.592907520696346335e+00
-5.109415054321289062e-01 -8.488793969154357910e-01 -1.354345977306365967e-01 -1.199890998966091638e-01
0.000000000000000000e+00 0.000000000000000000e+00 0.000000000000000000e+00 1.000000000000000000e+00
8.226301074028015137e-01 -5.681798458099365234e-01 2.125702798366546631e-02 -2.131329377334695852e-01
-1.099719852209091187e-01 -1.223183944821357727e-01 9.863794445991516113e-01 2.584873300863149481e+00
-5.578405261039733887e-01 -8.137626647949218750e-01 -1.631065458059310913e-01 -1.830188338070277421e-01
0.000000000000000000e+00 0.000000000000000000e+00 0.000000000000000000e+00 1.000000000000000000e+00
7.967125773429870605e-01 -6.023189425468444824e-01 4.961455240845680237e-02 -1.327863243885419042e-01
-2.447092831134796143e-01 -2.464418858289718628e-01 9.377548098564147949e-01 2.511905277926920643e+00
-5.525999069213867188e-01 -7.592620253562927246e-01 -3.437361419200897217e-01 -5.583640234257389867e-01
0.000000000000000000e+00 0.000000000000000000e+00 0.000000000000000000e+00 1.000000000000000000e+00
8.211003541946411133e-01 -5.663526654243469238e-01 7.098501920700073242e-02 -8.063439771096093944e-02
-2.987998425960540771e-01 -3.205391168594360352e-01 8.988735079765319824e-01 2.431617715380327560e+00
-4.863256812095642090e-01 -7.592754364013671875e-01 -4.324207603931427002e-01 -8.042077079911443827e-01
0.000000000000000000e+00 0.000000000000000000e+00 0.000000000000000000e+00 1.000000000000000000e+00
8.072743415832519531e-01 -5.832005143165588379e-01 9.047351032495498657e-02 -3.671479732699359927e-02
-3.671277165412902832e-01 -3.762129545211791992e-01 8.506942391395568848e-01 2.337287652239168345e+00
-4.620880782604217529e-01 -7.199592590332031250e-01 -5.178161859512329102e-01 -1.027099706240148791e+00
0.000000000000000000e+00 0.000000000000000000e+00 0.000000000000000000e+00 1.000000000000000000e+00
8.275015950202941895e-01 -5.570595860481262207e-01 7.018484920263290405e-02 -1.367252747788402223e-01
-4.543247222900390625e-01 -5.908980369567871094e-01 6.666545271873474121e-01 1.976354686058098720e+00
-3.298942744731903076e-01 -5.835444927215576172e-01 -7.420548200607299805e-01 -1.669629649317638354e+00
0.000000000000000000e+00 0.000000000000000000e+00 0.000000000000000000e+00 1.000000000000000000e+00
8.269383907318115234e-01 -5.602411627769470215e-01 4.798496142029762268e-02 -2.095611577568801120e-01
-4.711354076862335205e-01 -6.437685489654541016e-01 6.029869914054870605e-01 1.804784523065696700e+00
-3.069270849227905273e-01 -5.212404727935791016e-01 -7.963063120841979980e-01 -1.827880959933380511e+00
0.000000000000000000e+00 0.000000000000000000e+00 0.000000000000000000e+00 1.000000000000000000e+00
8.539142608642578125e-01 -5.180666446685791016e-01 4.936584085226058960e-02 -2.106036354458167281e-01
-4.621837437152862549e-01 -7.113487124443054199e-01 5.294991731643676758e-01 1.596415089086035355e+00
-2.391997277736663818e-01 -4.749628901481628418e-01 -8.468729853630065918e-01 -1.985725261541911424e+00
0.000000000000000000e+00 0.000000000000000000e+00 0.000000000000000000e+00 1.000000000000000000e+00
8.688130974769592285e-01 -4.950458705425262451e-01 9.671724401414394379e-03 -3.031623643445324756e-01
-4.599503576755523682e-01 -7.996793985366821289e-01 3.859508931636810303e-01 1.212981837171393629e+00
-1.833292692899703979e-01 -3.397676348686218262e-01 -9.224686622619628906e-01 -2.198367186344051927e+00
0.000000000000000000e+00 0.000000000000000000e+00 0.000000000000000000e+00 1.000000000000000000e+00
8.762997984886169434e-01 -4.816991090774536133e-01 8.052865043282508850e-03 -2.925964105173261554e-01
-4.680533409118652344e-01 -8.472778201103210449e-01 2.510902881622314453e-01 8.675321144858412215e-01
-1.141270324587821960e-01 -2.237996309995651245e-01 -9.679301381111145020e-01 -2.341431956132077108e+00
0.000000000000000000e+00 0.000000000000000000e+00 0.000000000000000000e+00 1.000000000000000000e+00
8.797272443771362305e-01 -4.754141569137573242e-01 7.840324193239212036e-03 -2.584836749159715730e-01
-4.752322733402252197e-01 -8.786202669143676758e-01 4.669123515486717224e-02 3.309552735499383114e-01
-1.530902367085218430e-02 -4.480152204632759094e-02 -9.988784790039062500e-01 -2.462098675330374409e+00
0.000000000000000000e+00 0.000000000000000000e+00 0.000000000000000000e+00 1.000000000000000000e+00
8.879084587097167969e-01 -4.599683284759521484e-01 6.868484895676374435e-03 -2.441752042828795322e-01
-4.591638147830963135e-01 -8.870683312416076660e-01 -4.773090034723281860e-02 7.378343318367365511e-02
2.804752066731452942e-02 3.922693058848381042e-02 -9.988365769386291504e-01 -2.486948851711683783e+00
0.000000000000000000e+00 0.000000000000000000e+00 0.000000000000000000e+00 1.000000000000000000e+00
8.932712674140930176e-01 -4.494991898536682129e-01 4.106950014829635620e-03 -2.458435790434141954e-01
-4.438306391239166260e-01 -8.833815455436706543e-01 -1.505044698715209961e-01 -2.234013419585269278e-01
7.127971947193145752e-02 1.326185315847396851e-01 -9.886009693145751953e-01 -2.479263141963984118e+00
0.000000000000000000e+00 0.000000000000000000e+00 0.000000000000000000e+00 1.000000000000000000e+00
8.986350297927856445e-01 -4.386709034442901611e-01 4.839298781007528305e-03 -2.424795978603793700e-01
-4.227278828620910645e-01 -8.688187599182128906e-01 -2.577890157699584961e-01 -5.357722698901965508e-01
1.172889471054077148e-01 2.296123057603836060e-01 -9.661892652511596680e-01 -2.434769745110570760e+00
0.000000000000000000e+00 0.000000000000000000e+00 0.000000000000000000e+00 1.000000000000000000e+00
9.023771882057189941e-01 -4.308049380779266357e-01 1.108337473124265671e-02 -2.241883716302806306e-01
-3.959599733352661133e-01 -8.389911055564880371e-01 -3.732414841651916504e-01 -8.868510306223479356e-01
1.700931936502456665e-01 3.324158489704132080e-01 -9.276681542396545410e-01 -2.344422299597262782e+00
0.000000000000000000e+00 0.000000000000000000e+00 0.000000000000000000e+00 1.000000000000000000e+00
9.069015979766845703e-01 -4.212915301322937012e-01 6.478844676166772842e-03 -2.491476298747515861e-01
-3.714156448841094971e-01 -8.066067099571228027e-01 -4.598211348056793213e-01 -1.154118324128097006e+00
1.989449262619018555e-01 4.146065413951873779e-01 -8.879879713058471680e-01 -2.252858242075280959e+00
0.000000000000000000e+00 0.000000000000000000e+00 0.000000000000000000e+00 1.000000000000000000e+00
9.175152778625488281e-01 -3.976717293262481689e-01 4.739799071103334427e-03 -2.785071038869307847e-01
-3.296315670013427734e-01 -7.670915722846984863e-01 -5.503755211830139160e-01 -1.432012829765866524e+00
2.225048840045928955e-01 5.034157037734985352e-01 -8.349038958549499512e-01 -2.133364260694372128e+00
0.000000000000000000e+00 0.000000000000000000e+00 0.000000000000000000e+00 1.000000000000000000e+00
9.114499092102050781e-01 -4.109261929988861084e-01 -1.995266042649745941e-02 -3.556873941094866876e-01
-3.308499753475189209e-01 -7.032855749130249023e-01 -6.292275786399841309e-01 -1.653228709735512725e+00
2.445338964462280273e-01 5.801107287406921387e-01 -7.769646644592285156e-01 -2.003174634480568983e+00
0.000000000000000000e+00 0.000000000000000000e+00 0.000000000000000000e+00 1.000000000000000000e+00
9.200847148895263672e-01 -3.900227546691894531e-01 -3.642164170742034912e-02 -4.210771507774614397e-01
-2.920188605785369873e-01 -6.209593415260314941e-01 -7.274163961410522461e-01 -1.939807200941889853e+00
2.610926032066345215e-01 6.799204945564270020e-01 -6.852291822433471680e-01 -1.766557947585510879e+00
0.000000000000000000e+00 0.000000000000000000e+00 0.000000000000000000e+00 1.000000000000000000e+00
9.294145703315734863e-01 -3.649329245090484619e-01 -5.487763509154319763e-02 -4.873397348121719652e-01
-2.626807987689971924e-01 -5.497570037841796875e-01 -7.929476499557495117e-01 -2.144139657446634928e+00
2.592034041881561279e-01 7.513928413391113281e-01 -6.068134307861328125e-01 -1.547151257145207737e+00
0.000000000000000000e+00 0.000000000000000000e+00 0.000000000000000000e+00 1.000000000000000000e+00
9.396626949310302734e-01 -3.374456465244293213e-01 -5.625058710575103760e-02 -5.066964968262345215e-01
-2.217068523168563843e-01 -4.754576086997985840e-01 -8.513434529304504395e-01 -2.328203065392254967e+00
2.605375051498413086e-01 8.124470710754394531e-01 -5.215839147567749023e-01 -1.319832587543026348e+00
0.000000000000000000e+00 0.000000000000000000e+00 0.000000000000000000e+00 1.000000000000000000e+00
9.498199820518493652e-01 -3.090788125991821289e-01 -4.808586090803146362e-02 -5.146009221768773623e-01
-1.784442067146301270e-01 -4.091525971889495850e-01 -8.948473930358886719e-01 -2.466449814318982359e+00
2.569037973880767822e-01 8.585241436958312988e-01 -4.437746703624725342e-01 -1.118311528509449371e+00
0.000000000000000000e+00 0.000000000000000000e+00 0.000000000000000000e+00 1.000000000000000000e+00
9.610492587089538574e-01 -2.733667790889739990e-01 -4.067818447947502136e-02 -5.220684337059654512e-01
-1.412039697170257568e-01 -3.591391742229461670e-01 -9.225403666496276855e-01 -2.564771325113912592e+00
2.375828027725219727e-01 8.923509716987609863e-01 -3.837511241436004639e-01 -9.494588749782466586e-01
0.000000000000000000e+00 0.000000000000000000e+00 0.000000000000000000e+00 1.000000000000000000e+00
9.674013257026672363e-01 -2.464718967676162720e-01 -5.819794535636901855e-02 -5.961333459166285875e-01
-1.285229772329330444e-01 -2.797998189926147461e-01 -9.514170885086059570e-01 -2.690935839200128132e+00
2.182136476039886475e-01 9.278811812400817871e-01 -3.023557662963867188e-01 -6.851600568266180691e-01
0.000000000000000000e+00 0.000000000000000000e+00 0.000000000000000000e+00 1.000000000000000000e+00
9.799140691757202148e-01 -1.937315165996551514e-01 -4.729235917329788208e-02 -5.913350546444944289e-01
-8.361165970563888550e-02 -1.838337630033493042e-01 -9.793944954872131348e-01 -2.806926231859299570e+00
1.810456812381744385e-01 9.636768698692321777e-01 -1.963396519422531128e-01 -3.316953610049895862e-01
0.000000000000000000e+00 0.000000000000000000e+00 0.000000000000000000e+00 1.000000000000000000e+00
9.929856657981872559e-01 -1.182279214262962341e-01 1.041586045175790787e-03 -4.845341665378022356e-01
-1.451921928673982620e-02 -1.306791305541992188e-01 -9.913183450698852539e-01 -2.866074436417111126e+00
1.173376590013504028e-01 9.843495488166809082e-01 -1.314790695905685425e-01 -1.545176141695888961e-01
0.000000000000000000e+00 0.000000000000000000e+00 0.000000000000000000e+00 1.000000000000000000e+00
9.973412156105041504e-01 -7.177530974149703979e-02 1.259004417806863785e-02 -4.613542792390528668e-01
-5.111284554004669189e-03 -2.412488013505935669e-01 -9.704495072364807129e-01 -2.822453004623215023e+00
7.269170880317687988e-02 9.678052067756652832e-01 -2.409742623567581177e-01 -4.642460533680832779e-01
0.000000000000000000e+00 0.000000000000000000e+00 0.000000000000000000e+00 1.000000000000000000e+00
9.982164502143859863e-01 -2.023375965654850006e-02 5.616594478487968445e-02 -3.224869105609055042e-01
4.796082153916358948e-02 -2.884338796138763428e-01 -9.562973380088806152e-01 -2.882122732586876790e+00
3.554965928196907043e-02 9.572862982749938965e-01 -2.869491577148437500e-01 -5.862915673167423680e-01
0.000000000000000000e+00 0.000000000000000000e+00 0.000000000000000000e+00 1.000000000000000000e+00
9.895051121711730957e-01 4.768841341137886047e-02 1.364015787839889526e-01 -3.559636761823671558e-02
1.442663669586181641e-01 -2.726460099220275879e-01 -9.512366652488708496e-01 -2.974913611835002136e+00
-8.173663169145584106e-03 9.609318971633911133e-01 -2.766644656658172607e-01 -5.348747402969316056e-01
0.000000000000000000e+00 0.000000000000000000e+00 0.000000000000000000e+00 1.000000000000000000e+00
9.694473743438720703e-01 7.331388443708419800e-02 2.340870946645736694e-01 2.743033602861738585e-01
2.450930476188659668e-01 -2.503762841224670410e-01 -9.366115927696228027e-01 -3.021985928133430477e+00
-1.005684584379196167e-02 9.653688073158264160e-01 -2.606952786445617676e-01 -4.716245058076273255e-01
0.000000000000000000e+00 0.000000000000000000e+00 0.000000000000000000e+00 1.000000000000000000e+00
9.753197431564331055e-01 -3.522734157741069794e-03 2.207688689231872559e-01 2.030122144596559763e-01
2.089440226554870605e-01 -3.084726035594940186e-01 -9.280018806457519531e-01 -2.988462734731335058e+00
7.137022167444229126e-02 9.512265324592590332e-01 -3.001233935356140137e-01 -6.462177109549472886e-01
0.000000000000000000e+00 0.000000000000000000e+00 0.000000000000000000e+00 1.000000000000000000e+00
9.862878322601318359e-01 -1.226230710744857788e-01 1.104541495442390442e-01 -1.816970796771707475e-01
5.783313512802124023e-02 -3.700346648693084717e-01 -9.272162914276123047e-01 -2.915765959153810982e+00
1.545699238777160645e-01 9.208900332450866699e-01 -3.578689694404602051e-01 -9.223694592114999313e-01
0.000000000000000000e+00 0.000000000000000000e+00 0.000000000000000000e+00 1.000000000000000000e+00
9.789050817489624023e-01 -2.027031928300857544e-01 2.561041153967380524e-02 -4.603829418956564279e-01
-3.873267024755477905e-02 -3.071858882904052734e-01 -9.508606195449829102e-01 -2.932943118949678851e+00
2.006096839904785156e-01 9.298107028007507324e-01 -3.085570037364959717e-01 -8.136996409313552725e-01
0.000000000000000000e+00 0.000000000000000000e+00 0.000000000000000000e+00 1.000000000000000000e+00
9.226844310760498047e-01 -3.738057017326354980e-01 -9.445782005786895752e-02 -8.043134172310705265e-01
-2.244258224964141846e-01 -3.215033411979675293e-01 -9.199286699295043945e-01 -2.748161857490662108e+00
3.135060966014862061e-01 8.700027465820312500e-01 -3.805376887321472168e-01 -1.121407073455312764e+00
0.000000000000000000e+00 0.000000000000000000e+00 0.000000000000000000e+00 1.000000000000000000e+00
8.796053528785705566e-01 -4.663273692131042480e-01 -9.398410469293594360e-02 -7.901251522242608294e-01
-2.790323793888092041e-01 -3.457675278186798096e-01 -8.958716392517089844e-01 -2.638682229255321587e+00
3.852728605270385742e-01 8.142383098602294922e-01 -4.342592656612396240e-01 -1.359393449136503396e+00
0.000000000000000000e+00 0.000000000000000000e+00 0.000000000000000000e+00 1.000000000000000000e+00
8.366848826408386230e-01 -5.442913770675659180e-01 -6.087956577539443970e-02 -6.718410223634320166e-01
-3.343764245510101318e-01 -4.196159839630126953e-01 -8.438692688941955566e-01 -2.454006928107334229e+00
4.337640702724456787e-01 7.264085412025451660e-01 -5.330841541290283203e-01 -1.701367935761668448e+00
0.000000000000000000e+00 0.000000000000000000e+00 0.000000000000000000e+00 1.000000000000000000e+00
8.005232810974121094e-01 -5.972961187362670898e-01 -4.897398874163627625e-02 -6.123416173216014169e-01
-4.247687160968780518e-01 -5.078454017639160156e-01 -7.494426369667053223e-01 -2.113474771028402532e+00
4.227683544158935547e-01 6.207489967346191406e-01 -6.602552533149719238e-01 -2.088013523511869973e+00
0.000000000000000000e+00 0.000000000000000000e+00 0.000000000000000000e+00 1.000000000000000000e+00
7.781358361244201660e-01 -6.277012825012207031e-01 -2.225657738745212555e-02 -5.224301543380523993e-01
-4.990174472332000732e-01 -5.963164567947387695e-01 -6.287987232208251953e-01 -1.693265702882849499e+00
3.814259171485900879e-01 5.003971457481384277e-01 -7.772490382194519043e-01 -2.422759806107271263e+00
0.000000000000000000e+00 0.000000000000000000e+00 0.000000000000000000e+00 1.000000000000000000e+00
7.533369064331054688e-01 -6.574897170066833496e-01 -1.382043026387691498e-02 -4.851830009814168676e-01
-5.639872550964355469e-01 -6.351102590560913086e-01 -5.277811884880065918e-01 -1.344708707873259801e+00
3.382331132888793945e-01 4.053914248943328857e-01 -8.492674827575683594e-01 -2.619609781429612205e+00
0.000000000000000000e+00 0.000000000000000000e+00 0.000000000000000000e+00 1.000000000000000000e+00
6.553849577903747559e-01 -7.550763487815856934e-01 -1.816506125032901764e-02 -4.369343941598588521e-01
-6.756883859634399414e-01 -5.753921866416931152e-01 -4.608353376388549805e-01 -1.062857177885888627e+00
3.375139534473419189e-01 3.142983019351959229e-01 -8.872998356819152832e-01 -2.750056306210000745e+00
0.000000000000000000e+00 0.000000000000000000e+00 0.000000000000000000e+00 1.000000000000000000e+00
5.874891281127929688e-01 -8.090732097625732422e-01 1.603722386062145233e-02 -2.853332657990623189e-01
-7.375923395156860352e-01 -5.435270071029663086e-01 -4.006690680980682373e-01 -8.336859274551207122e-01
3.328875005245208740e-01 2.235598564147949219e-01 -9.160828590393066406e-01 -2.850308557359817474e+00
0.000000000000000000e+00 0.000000000000000000e+00 0.000000000000000000e+00 1.000000000000000000e+00
5.370820760726928711e-01 -8.418169021606445312e-01 5.373166128993034363e-02 -1.300654864214784712e-01
-7.838688492774963379e-01 -5.216119885444641113e-01 -3.368539810180664062e-01 -5.992782302082688695e-01
3.115966618061065674e-01 1.387997567653656006e-01 -9.400228261947631836e-01 -2.914051134778692376e+00
0.000000000000000000e+00 0.000000000000000000e+00 0.000000000000000000e+00 1.000000000000000000e+00
5.060422420501708984e-01 -8.536199927330017090e-01 1.235059350728988647e-01 1.146737895505456073e-01
-8.153714537620544434e-01 -5.201464295387268066e-01 -2.541985511779785156e-01 -3.187064331179786381e-01
2.812303006649017334e-01 2.793201804161071777e-02 -9.592337012290954590e-01 -2.962042601587643542e+00
0.000000000000000000e+00 0.000000000000000000e+00 0.000000000000000000e+00 1.000000000000000000e+00
4.378757476806640625e-01 -8.833296895027160645e-01 1.673128157854080200e-01 3.020847258574685945e-01
-8.570134043693542480e-01 -4.663488566875457764e-01 -2.191962748765945435e-01 -1.790001429929334587e-01
2.716486155986785889e-01 -4.740866646170616150e-02 -9.612281322479248047e-01 -2.964547017688965891e+00
0.000000000000000000e+00 0.000000000000000000e+00 0.000000000000000000e+00 1.000000000000000000e+00
3.580338954925537109e-01 -8.962108492851257324e-01 2.619491815567016602e-01 6.600469057010710516e-01
-8.935604095458984375e-01 -4.102606773376464844e-01 -1.823071688413619995e-01 -4.295912419312572506e-02
2.708532810211181641e-01 -1.687954813241958618e-01 -9.477059841156005859e-01 -2.919844459596592223e+00
0.000000000000000000e+00 0.000000000000000000e+00 0.000000000000000000e+00 1.000000000000000000e+00
2.949267923831939697e-01 -8.835360407829284668e-01 3.638434112071990967e-01 1.010309130481721329e+00
-9.123341441154479980e-01 -3.735651969909667969e-01 -1.676178127527236938e-01 1.630116305696811471e-02
2.840155065059661865e-01 -2.825116515159606934e-01 -9.162544012069702148e-01 -2.833061309233215752e+00
0.000000000000000000e+00 0.000000000000000000e+00 0.000000000000000000e+00 1.000000000000000000e+00
2.755571007728576660e-01 -8.543373942375183105e-01 4.406538307666778564e-01 1.256733906635642883e+00
-9.319740533828735352e-01 -3.497660160064697266e-01 -9.532678872346878052e-02 2.569230255367183080e-01
2.355669885873794556e-01 -3.844099640846252441e-01 -8.926012516021728516e-01 -2.725397079139193046e+00
0.000000000000000000e+00 0.000000000000000000e+00 0.000000000000000000e+00 1.000000000000000000e+00
1.765662580728530884e-01 -7.794345617294311523e-01 6.010872125625610352e-01 1.803693857776105691e+00
-9.620681405067443848e-01 -2.656894326210021973e-01 -6.191909313201904297e-02 3.660773569968882035e-01
2.079644948244094849e-01 -5.673539638519287109e-01 -7.967812418937683105e-01 -2.418414053663494379e+00
0.000000000000000000e+00 0.000000000000000000e+00 0.000000000000000000e+00 1.000000000000000000e+00
1.386336237192153931e-01 -6.752648353576660156e-01 7.244293093681335449e-01 2.201680923973694970e+00
-9.727624058723449707e-01 -2.300705462694168091e-01 -2.829956635832786560e-02 4.724793417842245713e-01
1.857794672250747681e-01 -7.007743120193481445e-01 -6.887679696083068848e-01 -2.081134657382533337e+00
0.000000000000000000e+00 0.000000000000000000e+00 0.000000000000000000e+00 1.000000000000000000e+00
1.088050529360771179e-01 -5.747895836830139160e-01 8.110353946685791016e-01 2.476720640841053367e+00
-9.834683537483215332e-01 -1.810448765754699707e-01 3.629445796832442284e-03 5.704443747749573523e-01
1.447475701570510864e-01 -7.980223298072814941e-01 -5.849856138229370117e-01 -1.746955841921592922e+00
0.000000000000000000e+00 0.000000000000000000e+00 0.000000000000000000e+00 1.000000000000000000e+00
8.066339790821075439e-02 -5.081008672714233398e-01 8.575117588043212891e-01 2.634797972352357132e+00
-9.901422858238220215e-01 -1.396811455488204956e-01 1.037421356886625290e-02 5.978905787765002033e-01
1.145070046186447144e-01 -8.498955368995666504e-01 -5.143598318099975586e-01 -1.519058805621706476e+00
0.000000000000000000e+00 0.000000000000000000e+00 0.000000000000000000e+00 1.000000000000000000e+00
1.529411524534225464e-01 -5.195366740226745605e-01 8.406488895416259766e-01 2.523254325558412781e+00
-9.879145622253417969e-01 -1.020555943250656128e-01 1.166611611843109131e-01 9.157234296157908959e-01
2.518313191831111908e-02 -8.483310937881469727e-01 -5.288662910461425781e-01 -1.498237880442634173e+00
0.000000000000000000e+00 0.000000000000000000e+00 0.000000000000000000e+00 1.000000000000000000e+00
2.661487460136413574e-01 -5.788802504539489746e-01 7.707542181015014648e-01 2.240522414393070427e+00
-9.589484333992004395e-01 -7.780473679304122925e-02 2.726981639862060547e-01 1.365263636358317934e+00
-9.789127111434936523e-02 -8.116923570632934570e-01 -5.758242011070251465e-01 -1.543299710214593556e+00
0.000000000000000000e+00 0.000000000000000000e+00 0.000000000000000000e+00 1.000000000000000000e+00
3.223030269145965576e-01 -6.218781471252441406e-01 7.137144207954406738e-01 2.044375253946232984e+00
-9.295188784599304199e-01 -6.517228484153747559e-02 3.629711270332336426e-01 1.605557891079551824e+00
-1.792091429233551025e-01 -7.803972959518432617e-01 -5.990520715713500977e-01 -1.551502114447719460e+00
0.000000000000000000e+00 0.000000000000000000e+00 0.000000000000000000e+00 1.000000000000000000e+00
3.640325069427490234e-01 -6.411971449851989746e-01 6.755341887474060059e-01 1.902333525442435613e+00
-8.915820121765136719e-01 -3.013275936245918274e-02 4.518553912639617920e-01 1.835253631253002338e+00
-2.693727314472198486e-01 -7.667843103408813477e-01 -5.826491713523864746e-01 -1.437090778767372790e+00
0.000000000000000000e+00 0.000000000000000000e+00 0.000000000000000000e+00 1.000000000000000000e+00
4.202313125133514404e-01 -6.460070610046386719e-01 6.372447013854980469e-01 1.744176723697859366e+00
-8.399258255958557129e-01 -1.114956010133028030e-02 5.425869226455688477e-01 2.058898872103657851e+00
-3.434097766876220703e-01 -7.632503509521484375e-01 -5.472835302352905273e-01 -1.267742195108569669e+00
0.000000000000000000e+00 0.000000000000000000e+00 0.000000000000000000e+00 1.000000000000000000e+00
5.168383717536926270e-01 -6.445184350013732910e-01 5.634487271308898926e-01 1.472728757842274971e+00
-7.338225245475769043e-01 5.421497393399477005e-03 6.793196201324462891e-01 2.359293456521267540e+00
-4.408886432647705078e-01 -7.645698785781860352e-01 -4.701599180698394775e-01 -9.448142123601903641e-01
0.000000000000000000e+00 0.000000000000000000e+00 0.000000000000000000e+00 1.000000000000000000e+00
6.236055493354797363e-01 -6.851044297218322754e-01 3.764937818050384521e-01 8.563618366403725757e-01
-5.750925540924072266e-01 -7.583060115575790405e-02 8.145663738250732422e-01 2.665801040288881651e+00
-5.295132398605346680e-01 -7.244871854782104492e-01 -4.412869215011596680e-01 -7.904351440483101676e-01
0.000000000000000000e+00 0.000000000000000000e+00 0.000000000000000000e+00 1.000000000000000000e+00
6.282861828804016113e-01 -7.311558723449707031e-01 2.658338844776153564e-01 5.622565416605517230e-01
-4.995487928390502930e-01 -1.171963512897491455e-01 8.583216667175292969e-01 2.744780379307889540e+00
-5.964119434356689453e-01 -6.720686554908752441e-01 -4.388808608055114746e-01 -7.383255739013102614e-01
0.000000000000000000e+00 0.000000000000000000e+00 0.000000000000000000e+00 1.000000000000000000e+00
5.975579023361206055e-01 -7.794644236564636230e-01 1.880410164594650269e-01 3.950747980731064701e-01
-3.946005702018737793e-01 -8.172202110290527344e-02 9.152113795280456543e-01 2.846422255786734024e+00
-6.980077028274536133e-01 -6.210930943489074707e-01 -3.564108014106750488e-01 -4.819733996617505123e-01
0.000000000000000000e+00 0.000000000000000000e+00 0.000000000000000000e+00 1.000000000000000000e+00
4.297829568386077881e-01 -9.009034037590026855e-01 6.048853322863578796e-02 1.842173490754219767e-01
-2.221629023551940918e-01 -4.057715833187103271e-02 9.741647243499755859e-01 2.920256725016280530e+00
-8.751745820045471191e-01 -4.321177005767822266e-01 -2.175868898630142212e-01 -7.524229682084572490e-02
0.000000000000000000e+00 0.000000000000000000e+00 0.000000000000000000e+00 1.000000000000000000e+00
3.053337335586547852e-01 -9.474763274192810059e-01 -9.518599510192871094e-02 -2.322831599225166910e-01
-2.609854042530059814e-01 -1.793967336416244507e-01 9.485270380973815918e-01 2.933710649195672371e+00
-9.157828688621520996e-01 -2.647749483585357666e-01 -3.020533621311187744e-01 -3.767260787324995253e-01
0.000000000000000000e+00 0.000000000000000000e+00 0.000000000000000000e+00 1.000000000000000000e+00
3.036850690841674805e-01 -9.525881409645080566e-01 1.874692738056182861e-02 1.315250662023348671e-01
-3.760505020618438721e-01 -1.017597094178199768e-01 9.209945201873779297e-01 2.874908471278568189e+00
-8.754206895828247070e-01 -2.867421805858612061e-01 -3.891243636608123779e-01 -6.209145128532383984e-01
0.000000000000000000e+00 0.000000000000000000e+00 0.000000000000000000e+00 1.000000000000000000e+00
2.886116206645965576e-01 -9.568296074867248535e-01 3.436557948589324951e-02 2.187149841269012129e-01
-4.671023190021514893e-01 -1.093804538249969482e-01 8.774117827415466309e-01 2.780981278069970752e+00
-8.357743024826049805e-01 -2.692833840847015381e-01 -4.785056114196777344e-01 -9.131168337706138116e-01
0.000000000000000000e+00 0.000000000000000000e+00 0.000000000000000000e+00 1.000000000000000000e+00
1.705555766820907593e-01 -9.835543036460876465e-01 5.942954868078231812e-02 3.443509556265060834e-01
-4.841532707214355469e-01 -3.111983649432659149e-02 8.744296431541442871e-01 2.768962784979062342e+00
-8.581995368003845215e-01 -1.779117733240127563e-01 -4.814985394477844238e-01 -9.364653538690459467e-01
0.000000000000000000e+00 0.000000000000000000e+00 0.000000000000000000e+00 1.000000000000000000e+00
