1.000000000000000000e+00 0.000000000000000000e+00 0.000000000000000000e+00 -3.619798645377159119e-02
0.000000000000000000e+00 1.000000000000000000e+00 0.000000000000000000e+00 -1.327119767665863037e-03
0.000000000000000000e+00 0.000000000000000000e+00 1.000000000000000000e+00 -2.960163652896881104e-01
0.000000000000000000e+00 0.000000000000000000e+00 0.000000000000000000e+00 1.000000000000000000e+00
9.900680184364318848e-01 1.387744396924972534e-01 2.250942401587963104e-02 -4.618674889206886292e-02
-1.371985077857971191e-01 9.886788129806518555e-01 -6.074996665120124817e-02 2.957901917397975922e-02
-3.068519011139869690e-02 5.705833435058593750e-02 9.978993535041809082e-01 -2.962557077407836914e-01
0.000000000000000000e+00 0.000000000000000000e+00 0.000000000000000000e+00 1.000000000000000000e+00
9.706839323043823242e-01 2.376646399497985840e-01 3.589251264929771423e-02 -5.034129694104194641e-02
-2.329593300819396973e-01 9.670184850692749023e-01 -1.029806137084960938e-01 5.350739881396293640e-02
-5.918360874056816101e-02 9.160009026527404785e-02 9.940352439880371094e-01 -2.947224378585815430e-01
0.000000000000000000e+00 0.000000000000000000e+00 0.000000000000000000e+00 1.000000000000000000e+00
9.384443759918212891e-01 3.400368392467498779e-01 6.079896166920661926e-02 -5.685608461499214172e-02
-3.292070031166076660e-01 9.337147474288940430e-01 -1.407091766595840454e-01 7.404072582721710205e-02
-1.046152934432029724e-01 1.120322495698928833e-01 9.881823658943176270e-01 -2.903628349304199219e-01
0.000000000000000000e+00 0.000000000000000000e+00 0.000000000000000000e+00 1.000000000000000000e+00
8.933493494987487793e-01 4.490104019641876221e-01 1.779175736010074615e-02 -3.844573348760604858e-02
-4.398830235004425049e-01 8.819075822830200195e-01 -1.695334017276763916e-01 8.987888693809509277e-02
-9.181301295757293701e-02 1.436262726783752441e-01 9.853639602661132812e-01 -2.899900674819946289e-01
0.000000000000000000e+00 0.000000000000000000e+00 0.000000000000000000e+00 1.000000000000000000e+00
8.300597667694091797e-01 5.576648116111755371e-01 3.347348654642701149e-03 -2.815087884664535522e-02
-5.467208623886108398e-01 8.149247765541076660e-01 -1.923375278711318970e-01 1.028334200382232666e-01
-1.099877804517745972e-01 1.578215211629867554e-01 9.813231825828552246e-01 -2.885932028293609619e-01
0.000000000000000000e+00 0.000000000000000000e+00 0.000000000000000000e+00 1.000000000000000000e+00
7.506012320518493652e-01 6.601603627204895020e-01 -2.803965657949447632e-02 -1.142525766044855118e-02
-6.542047262191772461e-01 7.365294694900512695e-01 -1.718733757734298706e-01 1.006266474723815918e-01
-9.281193464994430542e-02 1.473519057035446167e-01 9.847196936607360840e-01 -2.921342253684997559e-01
0.000000000000000000e+00 0.000000000000000000e+00 0.000000000000000000e+00 1.000000000000000000e+00
6.893019676208496094e-01 7.216123342514038086e-01 -6.433174014091491699e-02 3.890283405780792236e-03
-7.234557271003723145e-01 6.809063553810119629e-01 -1.139220669865608215e-01 8.187370002269744873e-02
-3.840370103716850281e-02 1.250678896903991699e-01 9.914048314094543457e-01 -2.995268702507019043e-01
0.000000000000000000e+00 0.000000000000000000e+00 0.000000000000000000e+00 1.000000000000000000e+00
5.853659510612487793e-01 8.103697896003723145e-01 -2.544328756630420685e-02 -5.106385797262191772e-03
-8.096328377723693848e-01 5.825964808464050293e-01 -7.124929130077362061e-02 6.838353723287582397e-02
-4.291508719325065613e-02 6.230660155415534973e-02 9.971339106559753418e-01 -3.066931068897247314e-01
0.000000000000000000e+00 0.000000000000000000e+00 0.000000000000000000e+00 1.000000000000000000e+00
4.988457858562469482e-01 8.665253520011901855e-01 -1.692265458405017853e-02 -2.852699486538767815e-03
-8.657346367835998535e-01 4.972837567329406738e-01 -5.667471513152122498e-02 6.414296478033065796e-02
-4.069475457072257996e-02 4.292246326804161072e-02 9.982498288154602051e-01 -3.106749653816223145e-01
0.000000000000000000e+00 0.000000000000000000e+00 0.000000000000000000e+00 1.000000000000000000e+00
4.022857546806335449e-01 9.141040444374084473e-01 -5.079766362905502319e-02 1.267474517226219177e-02
-9.154474735260009766e-01 4.023048877716064453e-01 -1.029884722083806992e-02 4.744041711091995239e-02
1.102193165570497513e-02 5.064569041132926941e-02 9.986557960510253906e-01 -3.147660493850708008e-01
0.000000000000000000e+00 0.000000000000000000e+00 0.000000000000000000e+00 1.000000000000000000e+00
2.917404174804687500e-01 9.554512500762939453e-01 -4.471875727176666260e-02 1.582182012498378754e-02
-9.555680155754089355e-01 2.931987941265106201e-01 3.039718791842460632e-02 3.238382190465927124e-02
4.215453565120697021e-02 3.386374935507774353e-02 9.985372424125671387e-01 -3.175497949123382568e-01
0.000000000000000000e+00 0.000000000000000000e+00 0.000000000000000000e+00 1.000000000000000000e+00
1.746352612972259521e-01 9.830607175827026367e-01 -5.562738329172134399e-02 2.432999759912490845e-02
-9.826317429542541504e-01 1.776023358106613159e-01 5.378208681941032410e-02 2.332260087132453918e-02
6.275057792663574219e-02 4.526897892355918884e-02 9.970019459724426270e-01 -3.185253441333770752e-01
0.000000000000000000e+00 0.000000000000000000e+00 0.000000000000000000e+00 1.000000000000000000e+00
9.357043355703353882e-02 9.928764104843139648e-01 -7.376379519701004028e-02 3.352251276373863220e-02
-9.914770722389221191e-01 9.967163950204849243e-02 8.389756828546524048e-02 1.195590756833553314e-02
9.065207839012145996e-02 6.528476625680923462e-02 9.937403798103332520e-01 -3.177169263362884521e-01
0.000000000000000000e+00 0.000000000000000000e+00 0.000000000000000000e+00 1.000000000000000000e+00
1.727928407490253448e-02 9.963502883911132812e-01 -8.359347283840179443e-02 4.130665585398674011e-02
-9.976275563240051270e-01 2.275308780372142792e-02 6.497856974601745605e-02 2.035943605005741119e-02
6.664343923330307007e-02 8.227231353521347046e-02 9.943794012069702148e-01 -3.117192089557647705e-01
0.000000000000000000e+00 0.000000000000000000e+00 0.000000000000000000e+00 1.000000000000000000e+00
-9.079426527023315430e-02 9.085304141044616699e-01 -4.078338444232940674e-01 1.547861099243164062e-01
-9.905272722244262695e-01 -4.002502933144569397e-02 1.313535422086715698e-01 -1.509186695329844952e-03
1.030150130391120911e-01 4.158968329429626465e-01 9.035581350326538086e-01 -2.767526209354400635e-01
0.000000000000000000e+00 0.000000000000000000e+00 0.000000000000000000e+00 1.000000000000000000e+00
-1.600479930639266968e-01 8.824071288108825684e-01 -4.424270987510681152e-01 1.677433550357818604e-01
-9.776592850685119629e-01 -7.983259111642837524e-02 1.944444924592971802e-01 -2.385368384420871735e-02
1.362591236829757690e-01 4.636632204055786133e-01 8.754708766937255859e-01 -2.685971558094024658e-01
0.000000000000000000e+00 0.000000000000000000e+00 0.000000000000000000e+00 1.000000000000000000e+00
-1.337515264749526978e-01 8.244373202323913574e-01 -5.499215126037597656e-01 1.956358104944229126e-01
-9.909273982048034668e-01 -1.186463832855224609e-01 6.313905119895935059e-02 1.874562725424766541e-02
-1.319199334830045700e-02 5.533769726753234863e-01 8.328261971473693848e-01 -2.474434375762939453e-01
0.000000000000000000e+00 0.000000000000000000e+00 0.000000000000000000e+00 1.000000000000000000e+00
-8.760596066713333130e-02 7.483409643173217773e-01 -6.575035452842712402e-01 2.194646000862121582e-01
-9.944376349449157715e-01 -2.695942483842372894e-02 1.018152087926864624e-01 9.645735844969749451e-03
5.846657976508140564e-02 6.627659797668457031e-01 7.465404272079467773e-01 -2.299804389476776123e-01
0.000000000000000000e+00 0.000000000000000000e+00 0.000000000000000000e+00 1.000000000000000000e+00
-5.745824053883552551e-02 5.712344050407409668e-01 -8.187733292579650879e-01 2.668873965740203857e-01
-9.857773780822753906e-01 9.727421402931213379e-02 1.370432078838348389e-01 -1.622442970983684063e-03
1.579294502735137939e-01 8.150027394294738770e-01 5.575208067893981934e-01 -1.701245456933975220e-01
0.000000000000000000e+00 0.000000000000000000e+00 0.000000000000000000e+00 1.000000000000000000e+00
-1.204937547445297241e-01 4.346870779991149902e-01 -8.924846649169921875e-01 2.884178459644317627e-01
-9.862090945243835449e-01 5.033716931939125061e-02 1.576643884181976318e-01 -1.186633855104446411e-02
1.134596467018127441e-01 8.991734981536865234e-01 4.226268529891967773e-01 -1.226591318845748901e-01
0.000000000000000000e+00 0.000000000000000000e+00 0.000000000000000000e+00 1.000000000000000000e+00
-1.921748071908950806e-01 3.205772340297698975e-01 -9.275230169296264648e-01 3.008576631546020508e-01
-9.751751422882080078e-01 4.356579482555389404e-02 2.171054780483245850e-01 -3.092810325324535370e-02
1.100073456764221191e-01 9.462196826934814453e-01 3.042469024658203125e-01 -8.588061481714248657e-02
0.000000000000000000e+00 0.000000000000000000e+00 0.000000000000000000e+00 1.000000000000000000e+00
-2.716775238513946533e-01 2.008837908506393433e-01 -9.411892294883728027e-01 3.085938990116119385e-01
-9.596549868583679199e-01 1.710400916635990143e-02 2.806583344936370850e-01 -5.204360932111740112e-02
7.247776538133621216e-02 9.794658422470092773e-01 1.881325393915176392e-01 -4.706862941384315491e-02
0.000000000000000000e+00 0.000000000000000000e+00 0.000000000000000000e+00 1.000000000000000000e+00
-1.598099172115325928e-01 -8.575085401535034180e-01 -4.890198409557342529e-01 1.584095805883407593e-01
-9.482327699661254883e-01 -4.371903836727142334e-03 3.175455927848815918e-01 -6.197513639926910400e-02
-2.744358479976654053e-01 5.144520998001098633e-01 -8.124185204505920410e-01 2.851627171039581299e-01
0.000000000000000000e+00 0.000000000000000000e+00 0.000000000000000000e+00 1.000000000000000000e+00
-1.533132493495941162e-01 -8.924273252487182617e-01 -4.243457913398742676e-01 1.367558687925338745e-01
-9.686363339424133301e-01 5.074308067560195923e-02 2.432454079389572144e-01 -3.893830999732017517e-02
-1.955462247133255005e-01 4.483297467231750488e-01 -8.722169995307922363e-01 2.992311418056488037e-01
0.000000000000000000e+00 0.000000000000000000e+00 0.000000000000000000e+00 1.000000000000000000e+00
-7.604594528675079346e-02 -8.762646317481994629e-01 -4.757902622222900391e-01 1.461634188890457153e-01
-9.895995855331420898e-01 7.894348353147506714e-03 1.436307579278945923e-01 -4.487777128815650940e-03
-1.221026033163070679e-01 4.817645549774169922e-01 -8.677515983581542969e-01 2.933123111724853516e-01
0.000000000000000000e+00 0.000000000000000000e+00 0.000000000000000000e+00 1.000000000000000000e+00
2.409698255360126495e-02 -8.788428306579589844e-01 -4.765017032623291016e-01 1.374864578247070312e-01
-9.990077614784240723e-01 -3.902358934283256531e-02 2.145392261445522308e-02 3.683318942785263062e-02
-3.744951635599136353e-02 4.755122065544128418e-01 -8.789115548133850098e-01 2.908643484115600586e-01
0.000000000000000000e+00 0.000000000000000000e+00 0.000000000000000000e+00 1.000000000000000000e+00
5.074818804860115051e-02 -8.823323249816894531e-01 -4.678825139999389648e-01 1.320089548826217651e-01
-9.947984218597412109e-01 -3.230260219424962997e-03 -1.018077433109283447e-01 7.680977135896682739e-02
8.831693232059478760e-02 4.706153869628906250e-01 -8.779067397117614746e-01 2.820679843425750732e-01
0.000000000000000000e+00 0.000000000000000000e+00 0.000000000000000000e+00 1.000000000000000000e+00
2.257267013192176819e-02 -8.940340876579284668e-01 -4.474301338195800781e-01 1.295219659805297852e-01
-9.836129546165466309e-01 6.021299213171005249e-02 -1.699378341436386108e-01 8.977504819631576538e-02
1.788715720176696777e-01 4.439336359500885010e-01 -8.780249953269958496e-01 2.786939442157745361e-01
0.000000000000000000e+00 0.000000000000000000e+00 0.000000000000000000e+00 1.000000000000000000e+00
-4.040513187646865845e-02 -8.918575048446655273e-01 -4.505067169666290283e-01 1.373826563358306885e-01
-9.956175684928894043e-01 7.399225234985351562e-02 -5.718509107828140259e-02 5.388201773166656494e-02
8.433502912521362305e-02 4.462226331233978271e-01 -8.909397721290588379e-01 2.984329760074615479e-01
0.000000000000000000e+00 0.000000000000000000e+00 0.000000000000000000e+00 1.000000000000000000e+00
-3.685021027922630310e-02 -8.976595401763916016e-01 -4.391463100910186768e-01 1.313325315713882446e-01
-9.921043515205383301e-01 -1.985302940011024475e-02 1.238321661949157715e-01 -3.884712932631373405e-03
-1.198775693774223328e-01 4.402422904968261719e-01 -8.898406028747558594e-01 3.159023523330688477e-01
0.000000000000000000e+00 0.000000000000000000e+00 0.000000000000000000e+00 1.000000000000000000e+00
1.409005820751190186e-01 -8.798202276229858398e-01 -4.539419710636138916e-01 1.220356002449989319e-01
-9.843468666076660156e-01 -1.735299974679946899e-01 3.079739026725292206e-02 2.508261241018772125e-02
-1.058688014745712280e-01 4.424969255924224854e-01 -8.904991149902343750e-01 3.174359202384948730e-01
0.000000000000000000e+00 0.000000000000000000e+00 0.000000000000000000e+00 1.000000000000000000e+00
2.450289875268936157e-01 -8.244890570640563965e-01 -5.100764632225036621e-01 1.258602589368820190e-01
-9.422483444213867188e-01 -3.264129161834716797e-01 7.498075067996978760e-02 9.737929329276084900e-03
-2.283165752887725830e-01 4.622465968132019043e-01 -8.568544983863830566e-01 3.114001452922821045e-01
0.000000000000000000e+00 0.000000000000000000e+00 0.000000000000000000e+00 1.000000000000000000e+00
3.556607067584991455e-01 -7.639976143836975098e-01 -5.383431911468505859e-01 1.199914887547492981e-01
-9.068030118942260742e-01 -4.215533137321472168e-01 -8.325449889525771141e-04 3.253014385700225830e-02
-2.263042926788330078e-01 4.884669780731201172e-01 -8.427250981330871582e-01 3.002184927463531494e-01
0.000000000000000000e+00 0.000000000000000000e+00 0.000000000000000000e+00 1.000000000000000000e+00
3.713533282279968262e-01 -7.597574591636657715e-01 -5.337282419204711914e-01 1.165811941027641296e-01
-9.182102680206298828e-01 -3.858104348182678223e-01 -8.966744691133499146e-02 6.197449937462806702e-02
-1.377923935651779175e-01 5.233727097511291504e-01 -8.408886194229125977e-01 2.910700440406799316e-01
0.000000000000000000e+00 0.000000000000000000e+00 0.000000000000000000e+00 1.000000000000000000e+00
3.813716769218444824e-01 -7.502273917198181152e-01 -5.401059389114379883e-01 1.184345260262489319e-01
-9.223988056182861328e-01 -3.474604189395904541e-01 -1.686749309301376343e-01 8.701872825622558594e-02
-6.112097576260566711e-02 5.625210404396057129e-01 -8.245205283164978027e-01 2.796005308628082275e-01
0.000000000000000000e+00 0.000000000000000000e+00 0.000000000000000000e+00 1.000000000000000000e+00
5.438111424446105957e-01 -6.463720202445983887e-01 -5.352304577827453613e-01 1.117449030280113220e-01
-8.377209901809692383e-01 -4.560547471046447754e-01 -3.003949522972106934e-01 1.222073808312416077e-01
-4.992765933275222778e-02 6.117323040962219238e-01 -7.894874215126037598e-01 2.671104669570922852e-01
0.000000000000000000e+00 0.000000000000000000e+00 0.000000000000000000e+00 1.000000000000000000e+00
6.952848434448242188e-01 -4.552115797996520996e-01 -5.562026500701904297e-01 1.129710078239440918e-01
-7.047289013862609863e-01 -5.838038325309753418e-01 -4.031497538089752197e-01 1.520591825246810913e-01
-1.411949247121810913e-01 6.722760200500488281e-01 -7.267108559608459473e-01 2.621740996837615967e-01
0.000000000000000000e+00 0.000000000000000000e+00 0.000000000000000000e+00 1.000000000000000000e+00
7.233346104621887207e-01 -3.858726024627685547e-01 -5.726160407066345215e-01 1.136498972773551941e-01
-6.496589183807373047e-01 -6.612813472747802734e-01 -3.750334978103637695e-01 1.423560231924057007e-01
-2.339452356100082397e-01 6.432800292968750000e-01 -7.290127873420715332e-01 2.722537517547607422e-01
0.000000000000000000e+00 0.000000000000000000e+00 0.000000000000000000e+00 1.000000000000000000e+00
7.735037207603454590e-01 -2.908586263656616211e-01 -5.631105899810791016e-01 1.155472993850708008e-01
-5.645050406455993652e-01 -7.201004624366760254e-01 -4.034716486930847168e-01 1.424764543771743774e-01
-2.881430387496948242e-01 6.299656033515930176e-01 -7.211911678314208984e-01 2.701968252658843994e-01
0.000000000000000000e+00 0.000000000000000000e+00 0.000000000000000000e+00 1.000000000000000000e+00
7.744401693344116211e-01 -2.883720993995666504e-01 -5.631016492843627930e-01 1.216117739677429199e-01
-5.355062484741210938e-01 -7.727332115173339844e-01 -3.407603502273559570e-01 1.154597923159599304e-01
-3.368612825870513916e-01 5.654427409172058105e-01 -7.528602480888366699e-01 2.837020456790924072e-01
0.000000000000000000e+00 0.000000000000000000e+00 0.000000000000000000e+00 1.000000000000000000e+00
7.594208717346191406e-01 -3.835116624832153320e-01 -5.255461335182189941e-01 1.183205619454383850e-01
-5.813228487968444824e-01 -7.627078294754028320e-01 -2.834417819976806641e-01 9.411774575710296631e-02
-2.921350300312042236e-01 5.207642912864685059e-01 -8.021606802940368652e-01 2.969021499156951904e-01
0.000000000000000000e+00 0.000000000000000000e+00 0.000000000000000000e+00 1.000000000000000000e+00
8.277180790901184082e-01 -2.173535674810409546e-01 -5.173395276069641113e-01 1.202703863382339478e-01
-5.198037624359130859e-01 -6.442973613739013672e-01 -5.609676837921142578e-01 1.814062893390655518e-01
-2.113921791315078735e-01 7.332383394241333008e-01 -6.462776660919189453e-01 2.543363869190216064e-01
0.000000000000000000e+00 0.000000000000000000e+00 0.000000000000000000e+00 1.000000000000000000e+00
8.635913729667663574e-01 -1.485800743103027344e-01 -4.818022251129150391e-01 1.075649112462997437e-01
-4.697966873645782471e-01 -5.840286016464233398e-01 -6.619669795036315918e-01 2.146049439907073975e-01
-1.830315589904785156e-01 7.980183959007263184e-01 -5.741647481918334961e-01 2.296185642480850220e-01
0.000000000000000000e+00 0.000000000000000000e+00 0.000000000000000000e+00 1.000000000000000000e+00
8.861831426620483398e-01 -6.817574799060821533e-02 -4.582921862602233887e-01 9.987781196832656860e-02
-4.252645075321197510e-01 -5.123246908187866211e-01 -7.461051940917968750e-01 2.429097443819046021e-01
-1.839282959699630737e-01 8.560810685157775879e-01 -4.830065965652465820e-01 1.999947726726531982e-01
0.000000000000000000e+00 0.000000000000000000e+00 0.000000000000000000e+00 1.000000000000000000e+00
8.939434289932250977e-01 9.938842803239822388e-02 -4.370205700397491455e-01 9.481252729892730713e-02
-3.589575290679931641e-01 -4.250829815864562988e-01 -8.309355974197387695e-01 2.707182466983795166e-01
-2.683554291725158691e-01 8.996809720993041992e-01 -3.443239629268646240e-01 1.585288196802139282e-01
0.000000000000000000e+00 0.000000000000000000e+00 0.000000000000000000e+00 1.000000000000000000e+00
9.349501132965087891e-01 -3.270239830017089844e-01 -1.375619918107986450e-01 -1.024227682501077652e-02
-2.439859509468078613e-01 -3.111835718154907227e-01 -9.184961915016174316e-01 2.937845289707183838e-01
2.575633823871612549e-01 8.923113942146301270e-01 -3.707305192947387695e-01 1.352440565824508667e-01
0.000000000000000000e+00 0.000000000000000000e+00 0.000000000000000000e+00 1.000000000000000000e+00
9.552758932113647461e-01 -2.690364420413970947e-01 -1.227485612034797668e-01 -1.564070209860801697e-02
-1.879039406776428223e-01 -2.317204922437667847e-01 -9.544621706008911133e-01 3.029587268829345703e-01
2.283417135477066040e-01 9.348398447036743164e-01 -2.719100117683410645e-01 1.031136140227317810e-01
0.000000000000000000e+00 0.000000000000000000e+00 0.000000000000000000e+00 1.000000000000000000e+00
9.828439950942993164e-01 -1.256619691848754883e-01 -1.350068300962448120e-01 -1.037214044481515884e-02
-1.498982906341552734e-01 -1.177363246679306030e-01 -9.816662669181823730e-01 3.098026216030120850e-01
1.074628755450248718e-01 9.850621223449707031e-01 -1.345528960227966309e-01 6.384684145450592041e-02
0.000000000000000000e+00 0.000000000000000000e+00 0.000000000000000000e+00 1.000000000000000000e+00
9.651456475257873535e-01 -2.311551272869110107e-01 -1.227249056100845337e-01 -1.552138850092887878e-02
-1.393572986125946045e-01 -5.699277296662330627e-02 -9.886007905006408691e-01 3.102371990680694580e-01
2.215257883071899414e-01 9.712465405464172363e-01 -8.721952140331268311e-02 4.003154113888740540e-02
0.000000000000000000e+00 0.000000000000000000e+00 0.000000000000000000e+00 1.000000000000000000e+00
9.823061227798461914e-01 1.612003445625305176e-01 -9.533911198377609253e-02 -2.111265063285827637e-02
-1.019357517361640930e-01 3.314043208956718445e-02 -9.942387342453002930e-01 3.090644180774688721e-01
-1.571121513843536377e-01 9.863648414611816406e-01 4.898608848452568054e-02 1.328719593584537506e-02
0.000000000000000000e+00 0.000000000000000000e+00 0.000000000000000000e+00 1.000000000000000000e+00
9.966872930526733398e-01 4.948709160089492798e-02 -6.454400718212127686e-02 -3.235501050949096680e-02
-7.033723592758178711e-02 1.260091364383697510e-01 -9.895324707031250000e-01 3.035424947738647461e-01
-4.083594307303428650e-02 9.907939434051513672e-01 1.290723383426666260e-01 -2.233221568167209625e-02
0.000000000000000000e+00 0.000000000000000000e+00 0.000000000000000000e+00 1.000000000000000000e+00
9.849874973297119141e-01 7.131338864564895630e-02 -1.572069674730300903e-01 -6.275250110775232315e-03
-1.669759601354598999e-01 1.625132113695144653e-01 -9.724755287170410156e-01 3.056398034095764160e-01
-4.380232095718383789e-02 9.841259717941284180e-01 1.719810813665390015e-01 -2.530079334974288940e-02
0.000000000000000000e+00 0.000000000000000000e+00 0.000000000000000000e+00 1.000000000000000000e+00
6.446900367736816406e-01 7.628065943717956543e-01 -5.000811070203781128e-02 -7.508591283112764359e-03
-2.717906236648559570e-01 1.675788909196853638e-01 -9.476536512374877930e-01 3.080734312534332275e-01
-7.144963741302490234e-01 6.245344877243041992e-01 3.153600692749023438e-01 -3.440840169787406921e-02
0.000000000000000000e+00 0.000000000000000000e+00 0.000000000000000000e+00 1.000000000000000000e+00
5.681651830673217773e-01 8.227824568748474121e-01 -1.476855389773845673e-02 -6.534631364047527313e-03
-3.707583844661712646e-01 2.399196624755859375e-01 -8.972046971321105957e-01 3.071801364421844482e-01
-7.346607446670532227e-01 5.152360796928405762e-01 4.413676261901855469e-01 -7.151829451322555542e-02
0.000000000000000000e+00 0.000000000000000000e+00 0.000000000000000000e+00 1.000000000000000000e+00
5.417090058326721191e-01 8.371155261993408203e-01 7.608357071876525879e-02 -3.344677761197090149e-02
-3.944101333618164062e-01 3.330689072608947754e-01 -8.564488887786865234e-01 3.002951443195343018e-01
-7.422877550125122070e-01 4.339384436607360840e-01 5.105932950973510742e-01 -9.560074657201766968e-02
0.000000000000000000e+00 0.000000000000000000e+00 0.000000000000000000e+00 1.000000000000000000e+00
8.848494887351989746e-01 2.009312659502029419e-01 -4.203192591667175293e-01 8.545281738042831421e-02
-4.656163156032562256e-01 4.116071760654449463e-01 -7.834415435791015625e-01 2.874694764614105225e-01
1.558839716017246246e-02 8.889350891113281250e-01 4.577671885490417480e-01 -1.139416098594665527e-01
0.000000000000000000e+00 0.000000000000000000e+00 0.000000000000000000e+00 1.000000000000000000e+00
8.738123774528503418e-01 1.753929108381271362e-01 -4.535306096076965332e-01 9.602607041597366333e-02
-4.763412475585937500e-01 4.962041974067687988e-01 -7.258648276329040527e-01 2.704085707664489746e-01
9.773213416337966919e-02 8.503049612045288086e-01 5.171361565589904785e-01 -1.405944675207138062e-01
0.000000000000000000e+00 0.000000000000000000e+00 0.000000000000000000e+00 1.000000000000000000e+00
8.609087467193603516e-01 1.574150025844573975e-01 -4.837934970855712891e-01 1.062171235680580139e-01
-4.772626757621765137e-01 5.792732238769531250e-01 -6.608048081398010254e-01 2.525556683540344238e-01
1.762279868125915527e-01 7.997890710830688477e-01 5.738293528556823730e-01 -1.610955893993377686e-01
0.000000000000000000e+00 0.000000000000000000e+00 0.000000000000000000e+00 1.000000000000000000e+00
8.493774533271789551e-01 1.164633557200431824e-01 -5.147756934165954590e-01 1.132755652070045471e-01
-4.468057453632354736e-01 6.778318881988525391e-01 -5.838735699653625488e-01 2.293388694524765015e-01
2.809314727783203125e-01 7.259339094161987305e-01 6.277714371681213379e-01 -1.840693652629852295e-01
0.000000000000000000e+00 0.000000000000000000e+00 0.000000000000000000e+00 1.000000000000000000e+00
8.283587098121643066e-01 1.274741739034652710e-01 -5.455016493797302246e-01 1.249643117189407349e-01
-4.510301947593688965e-01 7.293047308921813965e-01 -5.144751667976379395e-01 2.091236710548400879e-01
3.322548270225524902e-01 6.722080111503601074e-01 6.616213917732238770e-01 -1.991235911846160889e-01
0.000000000000000000e+00 0.000000000000000000e+00 0.000000000000000000e+00 1.000000000000000000e+00
8.070542812347412109e-01 1.646713912487030029e-01 -5.670498609542846680e-01 1.348790377378463745e-01
-4.513889849185943604e-01 7.911623716354370117e-01 -4.126856625080108643e-01 1.790261864662170410e-01
3.806711137294769287e-01 5.890205502510070801e-01 7.128425836563110352e-01 -2.208461314439773560e-01
0.000000000000000000e+00 0.000000000000000000e+00 0.000000000000000000e+00 1.000000000000000000e+00
7.745981216430664062e-01 2.200139760971069336e-01 -5.929518342018127441e-01 1.471074521541595459e-01
-4.619988799095153809e-01 8.371112346649169922e-01 -2.929198145866394043e-01 1.431330442428588867e-01
4.319197833538055420e-01 5.008378624916076660e-01 7.500704526901245117e-01 -2.384482622146606445e-01
0.000000000000000000e+00 0.000000000000000000e+00 0.000000000000000000e+00 1.000000000000000000e+00
7.530010938644409180e-01 2.809600532054901123e-01 -5.950214266777038574e-01 1.514126360416412354e-01
-4.617121517658233643e-01 8.698862195014953613e-01 -1.735507249832153320e-01 1.066189855337142944e-01
4.688403010368347168e-01 4.054127633571624756e-01 7.847480773925781250e-01 -2.544591426849365234e-01
0.000000000000000000e+00 0.000000000000000000e+00 0.000000000000000000e+00 1.000000000000000000e+00
7.334977984428405762e-01 3.584062159061431885e-01 -5.775166153907775879e-01 1.489283293485641479e-01
-4.399821460247039795e-01 8.980051279067993164e-01 -1.515204668976366520e-03 5.275856703519821167e-02
5.180696249008178711e-01 2.552083134651184082e-01 8.163772821426391602e-01 -2.701636254787445068e-01
0.000000000000000000e+00 0.000000000000000000e+00 0.000000000000000000e+00 1.000000000000000000e+00
7.250537872314453125e-01 3.995902836322784424e-01 -5.609143376350402832e-01 1.429856270551681519e-01
-3.741040229797363281e-01 9.123421907424926758e-01 1.663666814565658569e-01 -5.463829264044761658e-03
5.782245993614196777e-01 8.921577036380767822e-02 8.109854459762573242e-01 -2.698194682598114014e-01
0.000000000000000000e+00 0.000000000000000000e+00 0.000000000000000000e+00 1.000000000000000000e+00
7.222642302513122559e-01 4.170104861259460449e-01 -5.517584681510925293e-01 1.387274116277694702e-01
-3.029065728187561035e-01 9.079260230064392090e-01 2.896848320960998535e-01 -5.017119273543357849e-02
6.217573881149291992e-01 -4.209763929247856140e-02 7.820774316787719727e-01 -2.629690170288085938e-01
0.000000000000000000e+00 0.000000000000000000e+00 0.000000000000000000e+00 1.000000000000000000e+00
7.114962339401245117e-01 4.462698996067047119e-01 -5.427855849266052246e-01 1.357841640710830688e-01
-2.412391453981399536e-01 8.806210160255432129e-01 4.078108370304107666e-01 -9.105218946933746338e-02
6.599824428558349609e-01 -1.592147201299667358e-01 7.342164516448974609e-01 -2.500699758529663086e-01
0.000000000000000000e+00 0.000000000000000000e+00 0.000000000000000000e+00 1.000000000000000000e+00
7.062990069389343262e-01 4.688902497291564941e-01 -5.303614139556884766e-01 1.318150460720062256e-01
-1.612935513257980347e-01 8.360742926597595215e-01 5.243699550628662109e-01 -1.340626180171966553e-01
6.892937421798706055e-01 -2.848178744316101074e-01 6.661476492881774902e-01 -2.307914942502975464e-01
0.000000000000000000e+00 0.000000000000000000e+00 0.000000000000000000e+00 1.000000000000000000e+00
6.921867728233337402e-01 4.953096508979797363e-01 -5.249243378639221191e-01 1.309126019477844238e-01
-9.291085600852966309e-02 7.824286222457885742e-01 6.157701015472412109e-01 -1.689771711826324463e-01
7.157126069068908691e-01 -3.774566948413848877e-01 5.876066684722900391e-01 -2.075431346893310547e-01
0.000000000000000000e+00 0.000000000000000000e+00 0.000000000000000000e+00 1.000000000000000000e+00
7.017776966094970703e-01 5.100189447402954102e-01 -4.973815083503723145e-01 1.215773820877075195e-01
-3.781455382704734802e-02 7.238658666610717773e-01 6.889036297798156738e-01 -1.976462602615356445e-01
7.113913893699645996e-01 -4.646488726139068604e-01 5.272791981697082520e-01 -1.895116865634918213e-01
0.000000000000000000e+00 0.000000000000000000e+00 0.000000000000000000e+00 1.000000000000000000e+00
7.158184051513671875e-01 5.115541219711303711e-01 -4.753067195415496826e-01 1.138804554939270020e-01
1.822817698121070862e-02 6.667551994323730469e-01 7.450540065765380859e-01 -2.205934226512908936e-01
6.980486512184143066e-01 -5.419871807098388672e-01 4.679509699344635010e-01 -1.721029728651046753e-01
0.000000000000000000e+00 0.000000000000000000e+00 0.000000000000000000e+00 1.000000000000000000e+00
7.606601715087890625e-01 4.885624051094055176e-01 -4.274373352527618408e-01 9.581458568572998047e-02
6.378335505723953247e-02 5.990200638771057129e-01 7.981895804405212402e-01 -2.421701848506927490e-01
6.460092067718505859e-01 -6.344144344329833984e-01 4.244886636734008789e-01 -1.585828661918640137e-01
0.000000000000000000e+00 0.000000000000000000e+00 0.000000000000000000e+00 1.000000000000000000e+00
8.239032626152038574e-01 4.389448761940002441e-01 -3.584838807582855225e-01 6.961504369974136353e-02
1.039272025227546692e-01 5.048001408576965332e-01 8.569573760032653809e-01 -2.680888772010803223e-01
5.571197867393493652e-01 -7.433062791824340820e-01 3.702881932258605957e-01 -1.399789005517959595e-01
0.000000000000000000e+00 0.000000000000000000e+00 0.000000000000000000e+00 1.000000000000000000e+00
8.808407783508300781e-01 3.791901767253875732e-01 -2.834331393241882324e-01 4.331693798303604126e-02
1.245163604617118835e-01 3.920550644397735596e-01 9.114759564399719238e-01 -2.904243171215057373e-01
4.567441046237945557e-01 -8.381571769714355469e-01 2.981227040290832520e-01 -1.129875481128692627e-01
0.000000000000000000e+00 0.000000000000000000e+00 0.000000000000000000e+00 1.000000000000000000e+00
8.793779611587524414e-01 3.869908452033996582e-01 -2.773672640323638916e-01 4.056166112422943115e-02
1.635416150093078613e-01 3.016016781330108643e-01 9.393032193183898926e-01 -3.035351336002349854e-01
4.471562206745147705e-01 -8.713636994361877441e-01 2.019327580928802490e-01 -8.378551900386810303e-02
0.000000000000000000e+00 0.000000000000000000e+00 0.000000000000000000e+00 1.000000000000000000e+00
9.100928902626037598e-01 3.236121535301208496e-01 -2.588556408882141113e-01 3.271455317735671997e-02
1.982180178165435791e-01 2.086122035980224609e-01 9.577006697654724121e-01 -3.136026561260223389e-01
3.639239966869354248e-01 -9.229063987731933594e-01 1.257106512784957886e-01 -5.623592808842658997e-02
0.000000000000000000e+00 0.000000000000000000e+00 0.000000000000000000e+00 1.000000000000000000e+00
9.495974779129028320e-01 2.101858854293823242e-01 -2.325652241706848145e-01 2.027452550828456879e-02
2.127654254436492920e-01 1.126755550503730774e-01 9.705848097801208496e-01 -3.209938406944274902e-01
2.302076667547225952e-01 -9.711467623710632324e-01 6.227620318531990051e-02 -2.824946492910385132e-02
0.000000000000000000e+00 0.000000000000000000e+00 0.000000000000000000e+00 1.000000000000000000e+00
9.812231659889221191e-01 -5.784209817647933960e-02 -1.839981675148010254e-01 -1.242082449607551098e-03
1.856181770563125610e-01 2.396158687770366669e-02 9.823297858238220215e-01 -3.271377682685852051e-01
-5.241112783551216125e-02 -9.980381727218627930e-01 3.424821048974990845e-02 -8.015939965844154358e-04
0.000000000000000000e+00 0.000000000000000000e+00 0.000000000000000000e+00 1.000000000000000000e+00
9.810783267021179199e-01 9.198909252882003784e-02 -1.703623086214065552e-01 -5.083853378891944885e-03
1.767709106206893921e-01 -6.665603816509246826e-02 9.819923043251037598e-01 -3.310850262641906738e-01
7.897687703371047974e-02 -9.935263395309448242e-01 -8.165583014488220215e-02 3.442345932126045227e-02
0.000000000000000000e+00 0.000000000000000000e+00 0.000000000000000000e+00 1.000000000000000000e+00
9.777543544769287109e-01 1.188201457262039185e-01 -1.728532314300537109e-01 -3.046417608857154846e-03
1.859997361898422241e-01 -1.102276369929313660e-01 9.763470292091369629e-01 -3.319610953330993652e-01
9.695647656917572021e-02 -9.867781996726989746e-01 -1.298761218786239624e-01 5.470900610089302063e-02
0.000000000000000000e+00 0.000000000000000000e+00 0.000000000000000000e+00 1.000000000000000000e+00
9.285343885421752930e-01 3.499608933925628662e-01 -1.239006072282791138e-01 -1.572844013571739197e-02
1.571314930915832520e-01 -6.809832155704498291e-02 9.852268695831298828e-01 -3.330875635147094727e-01
3.363534808158874512e-01 -9.342857599258422852e-01 -1.182215064764022827e-01 3.371953219175338745e-02
0.000000000000000000e+00 0.000000000000000000e+00 0.000000000000000000e+00 1.000000000000000000e+00
9.475731253623962402e-01 3.100972473621368408e-01 -7.710332423448562622e-02 -2.919480018317699432e-02
5.978197231888771057e-02 6.499353051185607910e-02 9.960933923721313477e-01 -3.291255831718444824e-01
3.138970136642456055e-01 -9.484807252883911133e-01 4.304789006710052490e-02 -1.866512559354305267e-02
0.000000000000000000e+00 0.000000000000000000e+00 0.000000000000000000e+00 1.000000000000000000e+00
8.268682360649108887e-01 5.563918352127075195e-01 -8.195672929286956787e-02 -1.955512538552284241e-02
-3.595904260873794556e-02 1.977345943450927734e-01 9.795957207679748535e-01 -3.159158527851104736e-01
5.612448453903198242e-01 -8.070494532585144043e-01 1.835078597068786621e-01 -7.808633148670196533e-02
0.000000000000000000e+00 0.000000000000000000e+00 0.000000000000000000e+00 1.000000000000000000e+00
7.753037214279174805e-01 6.273304224014282227e-01 -7.321649044752120972e-02 -1.556723006069660187e-02
-1.662447899580001831e-01 3.145337104797363281e-01 9.345754384994506836e-01 -2.904942631721496582e-01
6.093167066574096680e-01 -7.124079465866088867e-01 3.481495678424835205e-01 -1.340476274490356445e-01
0.000000000000000000e+00 0.000000000000000000e+00 0.000000000000000000e+00 1.000000000000000000e+00
9.495099186897277832e-01 1.869333684444427490e-01 2.519658505916595459e-01 -1.241044327616691589e-01
-3.075551688671112061e-01 3.959568440914154053e-01 8.652328252792358398e-01 -2.564404010772705078e-01
6.197331100702285767e-02 -8.990405797958374023e-01 4.334573149681091309e-01 -1.356938481330871582e-01
0.000000000000000000e+00 0.000000000000000000e+00 0.000000000000000000e+00 1.000000000000000000e+00
8.872566819190979004e-01 3.826014995574951172e-01 2.576658129692077637e-01 -1.178255528211593628e-01
-4.352221488952636719e-01 5.092864632606506348e-01 7.424344420433044434e-01 -2.069048732519149780e-01
1.528308689594268799e-01 -7.708718180656433105e-01 6.183844804763793945e-01 -1.969210505485534668e-01
0.000000000000000000e+00 0.000000000000000000e+00 0.000000000000000000e+00 1.000000000000000000e+00
8.030284047126770020e-01 5.354064702987670898e-01 2.616968452930450439e-01 -1.089122295379638672e-01
-5.753282904624938965e-01 5.820101499557495117e-01 5.746840238571166992e-01 -1.447814851999282837e-01
1.553792059421539307e-01 -6.120488047599792480e-01 7.754050493240356445e-01 -2.423613220453262329e-01
0.000000000000000000e+00 0.000000000000000000e+00 0.000000000000000000e+00 1.000000000000000000e+00
7.387025952339172363e-01 6.085596084594726562e-01 2.897816300392150879e-01 -1.077077388763427734e-01
-6.698578000068664551e-01 6.150509715080261230e-01 4.159357249736785889e-01 -8.942513167858123779e-02
7.489144057035446167e-02 -5.013653039932250977e-01 8.619881272315979004e-01 -2.629106342792510986e-01
0.000000000000000000e+00 0.000000000000000000e+00 0.000000000000000000e+00 1.000000000000000000e+00
6.605200171470642090e-01 7.221359014511108398e-01 2.055069804191589355e-01 -7.030439376831054688e-02
-7.477227449417114258e-01 6.078946590423583984e-01 2.671590745449066162e-01 -3.963393718004226685e-02
6.799855083227157593e-02 -3.301262557506561279e-01 9.414843916893005371e-01 -2.822404503822326660e-01
0.000000000000000000e+00 0.000000000000000000e+00 0.000000000000000000e+00 1.000000000000000000e+00
6.898228526115417480e-01 7.044390439987182617e-01 1.670616269111633301e-01 -5.951223149895668030e-02
-7.234488725662231445e-01 6.618963479995727539e-01 1.962514370679855347e-01 -1.417057961225509644e-02
2.766973525285720825e-02 -2.562395632266998291e-01 9.662173390388488770e-01 -2.846653163433074951e-01
0.000000000000000000e+00 0.000000000000000000e+00 0.000000000000000000e+00 1.000000000000000000e+00
6.941782832145690918e-01 6.986850500106811523e-01 1.730769425630569458e-01 -6.186242401599884033e-02
-7.143184542655944824e-01 6.983032822608947754e-01 4.605173692107200623e-02 3.203411772847175598e-02
-8.868451416492462158e-02 -1.556002348661422729e-01 9.838311672210693359e-01 -2.797921299934387207e-01
0.000000000000000000e+00 0.000000000000000000e+00 0.000000000000000000e+00 1.000000000000000000e+00
6.812350749969482422e-01 7.151391506195068359e-01 1.565062999725341797e-01 -5.533453449606895447e-02
-7.209681868553161621e-01 6.924793720245361328e-01 -2.600801549851894379e-02 5.136698484420776367e-02
-1.269768029451370239e-01 -9.511861950159072876e-02 9.873344302177429199e-01 -2.757154405117034912e-01
0.000000000000000000e+00 0.000000000000000000e+00 0.000000000000000000e+00 1.000000000000000000e+00
6.644150614738464355e-01 7.350589632987976074e-01 1.350578516721725464e-01 -4.740556329488754272e-02
-7.310835719108581543e-01 6.767547726631164551e-01 -8.671493083238601685e-02 6.710050255060195923e-02
-1.551415622234344482e-01 -4.112394154071807861e-02 9.870358705520629883e-01 -2.714441120624542236e-01
0.000000000000000000e+00 0.000000000000000000e+00 0.000000000000000000e+00 1.000000000000000000e+00
5.845831632614135742e-01 7.969114184379577637e-01 1.522985398769378662e-01 -4.503419250249862671e-02
-7.603552937507629395e-01 6.036028265953063965e-01 -2.398395836353302002e-01 1.114646047353744507e-01
-2.830587625503540039e-01 2.440515160560607910e-02 9.587919712066650391e-01 -2.559896409511566162e-01
0.000000000000000000e+00 0.000000000000000000e+00 0.000000000000000000e+00 1.000000000000000000e+00
5.920255184173583984e-01 7.895855307579040527e-01 1.614337712526321411e-01 -4.740624502301216125e-02
-6.755541563034057617e-01 5.954306721687316895e-01 -4.348435699939727783e-01 1.653948575258255005e-01
-4.394688010215759277e-01 1.483810842037200928e-01 8.859178423881530762e-01 -2.240868061780929565e-01
0.000000000000000000e+00 0.000000000000000000e+00 0.000000000000000000e+00 1.000000000000000000e+00
6.054137945175170898e-01 7.774983644485473633e-01 1.702075749635696411e-01 -5.204201862215995789e-02
-6.108191609382629395e-01 5.909776687622070312e-01 -5.269205570220947266e-01 1.896334886550903320e-01
-5.102686285972595215e-01 2.150388658046722412e-01 8.326968550682067871e-01 -2.028542011976242065e-01
0.000000000000000000e+00 0.000000000000000000e+00 0.000000000000000000e+00 1.000000000000000000e+00
6.702826023101806641e-01 7.223874926567077637e-01 1.699333488941192627e-01 -5.712350457906723022e-02
-4.974389076232910156e-01 6.072853803634643555e-01 -6.194823980331420898e-01 2.122500687837600708e-01
-5.507044196128845215e-01 3.306967616081237793e-01 7.663965225219726562e-01 -1.763505637645721436e-01
0.000000000000000000e+00 0.000000000000000000e+00 0.000000000000000000e+00 1.000000000000000000e+00
7.455718517303466797e-01 6.504403948783874512e-01 1.450859308242797852e-01 -5.557176098227500916e-02
-3.915452361106872559e-01 6.037089824676513672e-01 -6.944260597229003906e-01 2.285767942667007446e-01
