1 0 0 -0.01792658120393753 
0 1 0 0.02243540808558464 
0 0 1 -0.3816788792610168 
0 0 0 1 

0.9882352948188782 0.04652351513504982 -0.1456934213638306 0.04343533888459206 
-0.04958100989460945 0.9986181259155273 -0.01742335967719555 0.026155611500144 
0.1446814835071564 0.02444202825427055 0.989176332950592 -0.3782511353492737 
0 0 0 1 

0.9972296357154846 0.04670862480998039 -0.05788958445191383 0.008303072303533554 
-0.04639966413378716 0.9989006519317627 0.006670430302619934 0.01748017966747284 
0.05813752487301826 -0.003965810872614384 0.9983006715774536 -0.369697630405426 
0 0 0 1 

0.9877658486366272 0.05544784292578697 -0.1457537710666656 0.04532255232334137 
-0.05069629475474358 0.9980608224868774 0.03611739724874496 0.00976856704801321 
0.1474737524986267 -0.02828634157776833 0.9886613488197327 -0.3659014105796814 
0 0 0 1 

0.7281567454338074 0.6836357712745667 -0.04929336905479431 -0.01954444125294685 
-0.6773776412010193 0.7067810297012329 -0.2040099054574966 0.07630975544452667 
-0.10462886095047 0.1819414049386978 0.9777269959449768 -0.2696666121482849 
0 0 0 1 

0.7646054625511169 0.6444389820098877 -0.008752822875976562 -0.03560206294059753 
-0.6382781863212585 0.7552739977836609 -0.1488690972328186 0.05796637386083603 
-0.08932631462812424 0.1194128543138504 0.9888181686401367 -0.2763703167438507 
0 0 0 1 

0.9791433215141296 0.1833371669054031 -0.0875547006726265 0.001601883908733726 
-0.1884675174951553 0.9805726408958435 -0.05438090115785599 0.002491824328899384 
0.07588369399309158 0.0697479322552681 0.9946742653846741 -0.235855370759964 
0 0 0 1 

0.9678998589515686 0.2320745587348938 -0.09649356454610825 -0.006743680220097303 
-0.2364471852779388 0.9709582924842834 -0.03650465980172157 -0.02742826566100121 
0.08521939814090729 0.05814854800701141 0.9946640133857727 -0.3110747337341309 
0 0 0 1 

0.9906493425369263 0.1317830383777618 -0.03531141579151154 -0.02555415779352188 
-0.1331500560045242 0.9903025031089783 -0.03964546322822571 -0.04829875752329826 
0.0297443401068449 0.04397648200392723 0.9985896944999695 -0.3365756273269653 
0 0 0 1 

0.9926829934120178 0.1083805561065674 -0.05323638394474983 -0.01796774379909039 
-0.110216960310936 0.993364155292511 -0.03285594284534454 -0.05260027945041656 
0.04932209849357605 0.03848307952284813 0.9980412721633911 -0.3370456099510193 
0 0 0 1 

