1.000000000000000000e+00 0.000000000000000000e+00 0.000000000000000000e+00 -4.097584310382009209e-01
0.000000000000000000e+00 -1.000000000000000000e+00 0.000000000000000000e+00 -1.932597221741734483e-02
0.000000000000000000e+00 0.000000000000000000e+00 -1.000000000000000000e+00 -2.664692399556274349e+00
0.000000000000000000e+00 0.000000000000000000e+00 0.000000000000000000e+00 1.000000000000000000e+00
9.966657161712646484e-01 -7.994013279676437378e-02 -1.634554564952850342e-02 -4.411750935102673465e-01
-7.962150871753692627e-02 -9.966384768486022949e-01 1.929575949907302856e-02 6.454446144229362969e-02
-1.783307455480098724e-02 -1.792999729514122009e-02 -9.996803402900695801e-01 -2.717253778827521504e+00
0.000000000000000000e+00 0.000000000000000000e+00 0.000000000000000000e+00 1.000000000000000000e+00
9.857251644134521484e-01 -1.646134853363037109e-01 -3.533497080206871033e-02 -4.778966042662702862e-01
-1.627480089664459229e-01 -9.853782653808593750e-01 5.042380839586257935e-02 2.022255767160803797e-01
-4.311879351735115051e-02 -4.395327344536781311e-02 -9.981024861335754395e-01 -2.709903005876903137e+00
0.000000000000000000e+00 0.000000000000000000e+00 0.000000000000000000e+00 1.000000000000000000e+00
9.667564034461975098e-01 -2.528482675552368164e-01 -3.807429969310760498e-02 -4.647223532873298590e-01
-2.493754476308822632e-01 -9.652474522590637207e-01 7.815928757190704346e-02 3.277056219942686699e-01
-5.651361495256423950e-02 -6.606621295213699341e-02 -9.962138533592224121e-01 -2.705595302264450996e+00
0.000000000000000000e+00 0.000000000000000000e+00 0.000000000000000000e+00 1.000000000000000000e+00
9.372949600219726562e-01 -3.448760211467742920e-01 -5.038023367524147034e-02 -4.723973560595247645e-01
-3.370754420757293701e-01 -9.337172508239746094e-01 1.206325218081474304e-01 4.918007836640693742e-01
-8.864422887563705444e-02 -9.608628600835800171e-02 -9.914180040359497070e-01 -2.681318352926170601e+00
0.000000000000000000e+00 0.000000000000000000e+00 0.000000000000000000e+00 1.000000000000000000e+00
8.930295705795288086e-01 -4.489321112632751465e-01 -3.094652481377124786e-02 -3.879321072704912665e-01
-4.410893023014068604e-01 -8.868948221206665039e-01 1.373237967491149902e-01 5.774239468265415232e-01
-8.909539133310317993e-02 -1.089840531349182129e-01 -9.900427460670471191e-01 -2.688150358162266329e+00
0.000000000000000000e+00 0.000000000000000000e+00 0.000000000000000000e+00 1.000000000000000000e+00
8.455399274826049805e-01 -5.338096022605895996e-01 -1.046156510710716248e-02 -3.047013462808432771e-01
-5.251600742340087891e-01 -8.350533246994018555e-01 1.639888733625411987e-01 6.906152679565695784e-01
-9.627487510442733765e-02 -1.331651657819747925e-01 -9.864067435264587402e-01 -2.679810891211045210e+00
0.000000000000000000e+00 0.000000000000000000e+00 0.000000000000000000e+00 1.000000000000000000e+00
7.910526394844055176e-01 -6.117297410964965820e-01 4.716907162219285965e-03 -2.310936574105176555e-01
-6.035583019256591797e-01 -7.791818380355834961e-01 1.690935194492340088e-01 7.392382206866198180e-01
-9.976426512002944946e-02 -1.366088241338729858e-01 -9.855888485908508301e-01 -2.685638197910664271e+00
0.000000000000000000e+00 0.000000000000000000e+00 0.000000000000000000e+00 1.000000000000000000e+00
7.224419116973876953e-01 -6.908056735992431641e-01 2.941450662910938263e-02 -1.112654294410203720e-01
-6.852800250053405762e-01 -7.097041606903076172e-01 1.634347438812255859e-01 7.506534558984393479e-01
-9.202606976032257080e-02 -1.382292360067367554e-01 -9.861153364181518555e-01 -2.694329764651104409e+00
0.000000000000000000e+00 0.000000000000000000e+00 0.000000000000000000e+00 1.000000000000000000e+00
6.466131210327148438e-01 -7.623049020767211914e-01 2.796596847474575043e-02 -7.000665863426275282e-02
-7.575858831405639648e-01 -6.374601125717163086e-01 1.403849273920059204e-01 7.073862279402856057e-01
-8.918897807598114014e-02 -1.119613647460937500e-01 -9.897019267082214355e-01 -2.719368033204474067e+00
0.000000000000000000e+00 0.000000000000000000e+00 0.000000000000000000e+00 1.000000000000000000e+00
5.531479120254516602e-01 -8.318880796432495117e-01 4.460306465625762939e-02 3.193616419431828668e-02
-8.311163783073425293e-01 -5.473738908767700195e-01 9.811896085739135742e-02 6.011394956780158338e-01
-5.720948427915573120e-02 -9.134461730718612671e-02 -9.941746592521667480e-01 -2.764927152090763229e+00
0.000000000000000000e+00 0.000000000000000000e+00 0.000000000000000000e+00 1.000000000000000000e+00
4.595378339290618896e-01 -8.828635215759277344e-01 9.683513641357421875e-02 2.441649330113281613e-01
-8.881390094757080078e-01 -4.560709893703460693e-01 5.664223060011863708e-02 4.857734547585646490e-01
-5.843661259859800339e-03 -1.120322942733764648e-01 -9.936873912811279297e-01 -2.799396231377766942e+00
0.000000000000000000e+00 0.000000000000000000e+00 0.000000000000000000e+00 1.000000000000000000e+00
3.522650003433227539e-01 -9.300916194915771484e-01 1.041101664304733276e-01 3.057586307684783122e-01
-9.356934428215026855e-01 -3.523406386375427246e-01 1.827898621559143066e-02 3.526544858989653641e-01
1.968110352754592896e-02 -1.038542091846466064e-01 -9.943978190422058105e-01 -2.816297849081071725e+00
0.000000000000000000e+00 0.000000000000000000e+00 0.000000000000000000e+00 1.000000000000000000e+00
2.721618413925170898e-01 -9.544590711593627930e-01 1.222116127610206604e-01 3.821371738969830956e-01
-9.592181444168090820e-01 -2.791834771633148193e-01 -4.423974826931953430e-02 1.342084377905548298e-01
7.634446024894714355e-02 -1.051872223615646362e-01 -9.915175437927246094e-01 -2.812173369810344603e+00
0.000000000000000000e+00 0.000000000000000000e+00 0.000000000000000000e+00 1.000000000000000000e+00
1.954536586999893188e-01 -9.680075645446777344e-01 1.573492437601089478e-01 4.993279388612258396e-01
-9.718497395515441895e-01 -2.126995325088500977e-01 -1.013233214616775513e-01 -6.182277708723390997e-02
1.315499395132064819e-01 -1.331158876419067383e-01 -9.823313355445861816e-01 -2.794271468614942577e+00
0.000000000000000000e+00 0.000000000000000000e+00 0.000000000000000000e+00 1.000000000000000000e+00
1.194765120744705200e-01 -9.814758896827697754e-01 1.497689634561538696e-01 4.924601648671537713e-01
-9.697985649108886719e-01 -1.476769000291824341e-01 -1.941198706626892090e-01 -3.524485554864158487e-01
2.126413434743881226e-01 -1.220529228448867798e-01 -9.694775342941284180e-01 -2.772837531916408693e+00
0.000000000000000000e+00 0.000000000000000000e+00 0.000000000000000000e+00 1.000000000000000000e+00
1.925819963216781616e-01 -9.717510342597961426e-01 1.364272683858871460e-01 4.466787071053452962e-01
-9.532333612442016602e-01 -2.182633131742477417e-01 -2.090636044740676880e-01 -3.928515578962831767e-01
2.329347580671310425e-01 -8.978510648012161255e-02 -9.683389663696289062e-01 -2.749911310217802107e+00
0.000000000000000000e+00 0.000000000000000000e+00 0.000000000000000000e+00 1.000000000000000000e+00
2.735932767391204834e-01 -9.510699510574340820e-01 1.435710042715072632e-01 4.447219801321310451e-01
-9.374745488166809082e-01 -2.970616817474365234e-01 -1.813715547323226929e-01 -2.925310569217478007e-01
2.151463776826858521e-01 -8.497214317321777344e-02 -9.728779196739196777e-01 -2.738889427866116666e+00
0.000000000000000000e+00 0.000000000000000000e+00 0.000000000000000000e+00 1.000000000000000000e+00
3.272604048252105713e-01 -9.333071112632751465e-01 1.477776616811752319e-01 4.399082020577462226e-01
-9.332491755485534668e-01 -3.437550961971282959e-01 -1.043023467063903809e-01 -4.306374072827327815e-02
1.481454670429229736e-01 -1.037793681025505066e-01 -9.835054278373718262e-01 -2.736265235863399425e+00
0.000000000000000000e+00 0.000000000000000000e+00 0.000000000000000000e+00 1.000000000000000000e+00
3.634761869907379150e-01 -9.141184091567993164e-01 1.796465218067169189e-01 5.189843028092333554e-01
-9.285051226615905762e-01 -3.711816668510437012e-01 -1.009886711835861206e-02 2.601072569265899803e-01
7.591307163238525391e-02 -1.631321609020233154e-01 -9.836794734001159668e-01 -2.697772119565288840e+00
0.000000000000000000e+00 0.000000000000000000e+00 0.000000000000000000e+00 1.000000000000000000e+00
4.048743546009063721e-01 -8.943704366683959961e-01 1.902053058147430420e-01 5.294611341353282485e-01
-9.142451286315917969e-01 -3.994299173355102539e-01 6.790598481893539429e-02 5.063702231592809300e-01
1.524058450013399124e-02 -2.013876885175704956e-01 -9.793931245803833008e-01 -2.653486740982316405e+00
0.000000000000000000e+00 0.000000000000000000e+00 0.000000000000000000e+00 1.000000000000000000e+00
4.596398770809173584e-01 -8.592174053192138672e-01 2.246703058481216431e-01 5.948279012246712183e-01
-8.871493339538574219e-01 -4.324758350849151611e-01 1.610296666622161865e-01 7.704889395766006954e-01
-4.119505733251571655e-02 -2.733317911624908447e-01 -9.610371589660644531e-01 -2.554894384956784226e+00
0.000000000000000000e+00 0.000000000000000000e+00 0.000000000000000000e+00 1.000000000000000000e+00
5.351682901382446289e-01 -8.178952932357788086e-01 2.112863659858703613e-01 5.049070717772022876e-01
-8.405745625495910645e-01 -4.907760024070739746e-01 2.292884439229965210e-01 9.435476416190893278e-01
-8.383971452713012695e-02 -3.003098964691162109e-01 -9.501497745513916016e-01 -2.489944115218030163e+00
0.000000000000000000e+00 0.000000000000000000e+00 0.000000000000000000e+00 1.000000000000000000e+00
5.935490727424621582e-01 -7.787619233131408691e-01 2.030504047870635986e-01 4.425522962527026483e-01
-7.954372167587280273e-01 -5.292988419532775879e-01 2.951645553112030029e-01 1.094568580659159407e+00
-1.223886311054229736e-01 -3.367084264755249023e-01 -9.336208105087280273e-01 -2.410109627116861830e+00
0.000000000000000000e+00 0.000000000000000000e+00 0.000000000000000000e+00 1.000000000000000000e+00
6.723392009735107422e-01 -7.196126580238342285e-01 1.735438257455825806e-01 3.057805335277018477e-01
-7.215246558189392090e-01 -5.846858024597167969e-01 3.708696663379669189e-01 1.238085599896717293e+00
-1.654140055179595947e-01 -3.745664358139038086e-01 -9.123256802558898926e-01 -2.312631104006047433e+00
0.000000000000000000e+00 0.000000000000000000e+00 0.000000000000000000e+00 1.000000000000000000e+00
7.350014448165893555e-01 -6.584482789039611816e-01 1.619214117527008057e-01 2.403212229690728508e-01
-6.501911878585815430e-01 -6.166316270828247070e-01 4.438660740852355957e-01 1.375229985468791716e+00
-1.924170404672622681e-01 -4.315218329429626465e-01 -8.813421726226806641e-01 -2.181102240973541218e+00
0.000000000000000000e+00 0.000000000000000000e+00 0.000000000000000000e+00 1.000000000000000000e+00
7.637209296226501465e-01 -6.300850510597229004e-01 1.404375582933425903e-01 1.625354879223917803e-01
-5.946402549743652344e-01 -6.019718647003173828e-01 5.329469442367553711e-01 1.560685028366176397e+00
-2.512626349925994873e-01 -4.905325174331665039e-01 -8.344125151634216309e-01 -1.987264960382514101e+00
0.000000000000000000e+00 0.000000000000000000e+00 0.000000000000000000e+00 1.000000000000000000e+00
7.913042306900024414e-01 -5.942361950874328613e-01 1.439472287893295288e-01 1.443924666665926670e-01
-5.362980365753173828e-01 -5.615033507347106934e-01 6.301572322845458984e-01 1.791967404095869520e+00
-2.936354577541351318e-01 -5.758446455001831055e-01 -7.630075812339782715e-01 -1.739178925746673876e+00
0.000000000000000000e+00 0.000000000000000000e+00 0.000000000000000000e+00 1.000000000000000000e+00
8.173288702964782715e-01 -5.584049820899963379e-01 1.419765055179595947e-01 1.210262409553327922e-01
-4.783673286437988281e-01 -5.203161835670471191e-01 7.074148058891296387e-01 1.979270556976240325e+00
-3.211511969566345215e-01 -6.461073756217956543e-01 -6.923921108245849609e-01 -1.509717617853145954e+00
0.000000000000000000e+00 0.000000000000000000e+00 0.000000000000000000e+00 1.000000000000000000e+00
8.469840288162231445e-01 -5.126495957374572754e-01 1.407427340745925903e-01 8.647662160094776729e-02
-4.145239591598510742e-01 -4.711048603057861328e-01 7.786076664924621582e-01 2.150987637408086517e+00
-3.328484892845153809e-01 -7.178094387054443359e-01 -6.115239858627319336e-01 -1.299674227018630335e+00
0.000000000000000000e+00 0.000000000000000000e+00 0.000000000000000000e+00 1.000000000000000000e+00
8.761585950851440430e-01 -4.709974825382232666e-01 1.025043353438377380e-01 -3.164297988234292258e-02
-3.299490213394165039e-01 -4.309954345226287842e-01 8.398669362068176270e-01 2.288405893701790372e+00
-3.513964712619781494e-01 -7.696779370307922363e-01 -5.330255031585693359e-01 -1.104650403250770019e+00
0.000000000000000000e+00 0.000000000000000000e+00 0.000000000000000000e+00 1.000000000000000000e+00
8.968798518180847168e-01 -4.376636445522308350e-01 6.369708478450775146e-02 -1.347159290364894901e-01
-2.207453995943069458e-01 -3.181783854961395264e-01 9.219728708267211914e-01 2.431983688784626896e+00
-3.832471072673797607e-01 -8.409596085548400879e-01 -3.819798231124877930e-01 -7.272489604877648839e-01
0.000000000000000000e+00 0.000000000000000000e+00 0.000000000000000000e+00 1.000000000000000000e+00
8.936612010002136230e-01 -4.482612013816833496e-01 2.077737078070640564e-02 -2.876766937080107445e-01
-7.733163237571716309e-02 -1.082305684685707092e-01 9.911135435104370117e-01 2.587156770107860382e+00
-4.420289099216461182e-01 -8.873263001441955566e-01 -1.313861757516860962e-01 -8.560211022928562730e-02
0.000000000000000000e+00 0.000000000000000000e+00 0.000000000000000000e+00 1.000000000000000000e+00
8.904997706413269043e-01 -4.537696242332458496e-01 3.321956470608711243e-02 -2.295467534825226807e-01
-8.065810799598693848e-02 -8.558739721775054932e-02 9.930607676506042480e-01 2.588971629287867948e+00
-4.477774798870086670e-01 -8.869993686676025391e-01 -1.128157153725624084e-01 -9.701625892627746550e-02
0.000000000000000000e+00 0.000000000000000000e+00 0.000000000000000000e+00 1.000000000000000000e+00
8.533498048782348633e-01 -5.202728509902954102e-01 3.331856429576873779e-02 -1.979981398208348620e-01
-9.938757866621017456e-02 -9.961172193288803101e-02 9.900503754615783691e-01 2.588778195156016704e+00
-5.117775797843933105e-01 -8.481706976890563965e-01 -1.367122977972030640e-01 -1.398493466025936272e-01
0.000000000000000000e+00 0.000000000000000000e+00 0.000000000000000000e+00 1.000000000000000000e+00
8.354213833808898926e-01 -5.453370213508605957e-01 6.839657574892044067e-02 -1.081683792868147059e-01
-2.277813702821731567e-01 -2.302873432636260986e-01 9.460884928703308105e-01 2.521466980435638661e+00
-5.001863241195678711e-01 -8.059622645378112793e-01 -3.166046440601348877e-01 -5.210713204248647035e-01
0.000000000000000000e+00 0.000000000000000000e+00 0.000000000000000000e+00 1.000000000000000000e+00
8.380883932113647461e-01 -5.351626873016357422e-01 1.058701798319816589e-01 -1.681201368118237158e-02
-3.103223741054534912e-01 -3.080657422542572021e-01 8.993301391601562500e-01 2.433007979080535232e+00
-4.486733376979827881e-01 -7.865722179412841797e-01 -4.242593646049499512e-01 -7.970323931051297439e-01
0.000000000000000000e+00 0.000000000000000000e+00 0.000000000000000000e+00 1.000000000000000000e+00
8.185021877288818359e-01 -5.633369684219360352e-01 1.127202957868576050e-01 6.310988194566733399e-03
-3.717031776905059814e-01 -3.696725368499755859e-01 8.515745401382446289e-01 2.337837558388934589e+00
-4.380537271499633789e-01 -7.389139533042907715e-01 -5.119719505310058594e-01 -1.024512449833619776e+00
0.000000000000000000e+00 0.000000000000000000e+00 0.000000000000000000e+00 1.000000000000000000e+00
8.343221545219421387e-01 -5.458053350448608398e-01 7.747861742973327637e-02 -1.251346101298286273e-01
-4.502389729022979736e-01 -5.935456156730651855e-01 6.670743823051452637e-01 1.972576521876985511e+00
-3.181058168411254883e-01 -5.914387702941894531e-01 -7.409512996673583984e-01 -1.674730039485200273e+00
0.000000000000000000e+00 0.000000000000000000e+00 0.000000000000000000e+00 1.000000000000000000e+00
8.408088088035583496e-01 -5.379949808120727539e-01 6.001462042331695557e-02 -1.851260434415763489e-01
-4.594221413135528564e-01 -6.505501270294189453e-01 6.047438383102416992e-01 1.802125593390929925e+00
-2.863067686557769775e-01 -5.360459089279174805e-01 -7.941551804542541504e-01 -1.831374572317843841e+00
0.000000000000000000e+00 0.000000000000000000e+00 0.000000000000000000e+00 1.000000000000000000e+00
8.586056232452392578e-01 -5.093362331390380859e-01 5.807781592011451721e-02 -1.920629232279386644e-01
-4.577359259128570557e-01 -7.107082009315490723e-01 5.342016220092773438e-01 1.606377288434517103e+00
-2.308119386434555054e-01 -4.852529168128967285e-01 -8.433597683906555176e-01 -1.979321743664300248e+00
0.000000000000000000e+00 0.000000000000000000e+00 0.000000000000000000e+00 1.000000000000000000e+00
8.722254633903503418e-01 -4.885402321815490723e-01 2.347314357757568359e-02 -2.724267165128306245e-01
-4.580548405647277832e-01 -7.990871071815490723e-01 3.894163966178894043e-01 1.220533039087796645e+00
-1.714887470006942749e-01 -3.504107892513275146e-01 -9.207625389099121094e-01 -2.197859265973436393e+00
0.000000000000000000e+00 0.000000000000000000e+00 0.000000000000000000e+00 1.000000000000000000e+00
8.784607052803039551e-01 -4.771268069744110107e-01 2.563245221972465515e-02 -2.509650478167919641e-01
-4.672610163688659668e-01 -8.466078042984008789e-01 2.547979354858398438e-01 8.754293015981908788e-01
-9.987038373947143555e-02 -2.358070015907287598e-01 -9.666547775268554688e-01 -2.343870716300012536e+00
0.000000000000000000e+00 0.000000000000000000e+00 0.000000000000000000e+00 1.000000000000000000e+00
8.806263804435729980e-01 -4.734308123588562012e-01 1.896888017654418945e-02 -2.306522392039617453e-01
-4.737777411937713623e-01 -8.793863654136657715e-01 4.705239087343215942e-02 3.313318911008624745e-01
-5.595097318291664124e-03 -5.042262747883796692e-02 -9.987121820449829102e-01 -2.465732563724612358e+00
0.000000000000000000e+00 0.000000000000000000e+00 0.000000000000000000e+00 1.000000000000000000e+00
8.860498070716857910e-01 -4.633872807025909424e-01 1.371925231069326401e-02 -2.282422113461561874e-01
-4.622704982757568359e-01 -8.853715658187866211e-01 -4.922509938478469849e-02 7.132214956014203133e-02
3.495692461729049683e-02 3.727388754487037659e-02 -9.986935257911682129e-01 -2.488000391930213162e+00
0.000000000000000000e+00 0.000000000000000000e+00 0.000000000000000000e+00 1.000000000000000000e+00
8.942560553550720215e-01 -4.474796652793884277e-01 8.243253454566001892e-03 -2.390537237316933405e-01
-4.413243234157562256e-01 -8.847185969352722168e-01 -1.500187516212463379e-01 -2.203515659229325074e-01
7.442337274551391602e-02 1.305171996355056763e-01 -9.886488914489746094e-01 -2.480745370254562321e+00
0.000000000000000000e+00 0.000000000000000000e+00 0.000000000000000000e+00 1.000000000000000000e+00
8.978024721145629883e-01 -4.402910172939300537e-01 9.722285903990268707e-03 -2.309067596138993095e-01
-4.233561158180236816e-01 -8.689315319061279297e-01 -2.563733756542205811e-01 -5.288283366928057116e-01
1.213269531726837158e-01 2.260566204786300659e-01 -9.665287733078002930e-01 -2.437738147019285595e+00
0.000000000000000000e+00 0.000000000000000000e+00 0.000000000000000000e+00 1.000000000000000000e+00
9.002817869186401367e-01 -4.350977241992950439e-01 1.351016759872436523e-02 -2.192325199626949661e-01
-3.997488021850585938e-01 -8.386285901069641113e-01 -3.700038194656372070e-01 -8.773458692782700741e-01
1.723179519176483154e-01 3.277069032192230225e-01 -9.289318323135375977e-01 -2.348584879935597947e+00
0.000000000000000000e+00 0.000000000000000000e+00 0.000000000000000000e+00 1.000000000000000000e+00
9.062471389770507812e-01 -4.226191341876983643e-01 1.044287625700235367e-02 -2.386152718830795161e-01
-3.712293803691864014e-01 -8.073813319206237793e-01 -4.586106836795806885e-01 -1.150213823953229353e+00
2.022492140531539917e-01 4.117378890514373779e-01 -8.885758519172668457e-01 -2.255916961586021063e+00
0.000000000000000000e+00 0.000000000000000000e+00 0.000000000000000000e+00 1.000000000000000000e+00
9.164396524429321289e-01 -4.001039266586303711e-01 7.427134085446596146e-03 -2.732439998646757906e-01
-3.301408290863037109e-01 -7.664173245429992676e-01 -5.510093569755554199e-01 -1.433550883626620642e+00
2.261533886194229126e-01 5.025147795677185059e-01 -8.344659209251403809e-01 -2.133909003786506720e+00
0.000000000000000000e+00 0.000000000000000000e+00 0.000000000000000000e+00 1.000000000000000000e+00
9.097979664802551270e-01 -4.147221446037292480e-01 -1.652396284043788910e-02 -3.479000375735211703e-01
-3.321615457534790039e-01 -7.036538720130920410e-01 -6.281238198280334473e-01 -1.647159284826972714e+00
2.488698959350585938e-01 5.769544243812561035e-01 -7.779377698898315430e-01 -2.007834376203601501e+00
0.000000000000000000e+00 0.000000000000000000e+00 0.000000000000000000e+00 1.000000000000000000e+00
9.152169227600097656e-01 -4.017625451087951660e-01 -3.106185980141162872e-02 -4.079290505012909684e-01
-2.977125644683837891e-01 -6.222131252288818359e-01 -7.240290045738220215e-01 -1.929974196517488805e+00
2.715606987476348877e-01 6.718910336494445801e-01 -6.890697479248046875e-01 -1.782096882303414231e+00
0.000000000000000000e+00 0.000000000000000000e+00 0.000000000000000000e+00 1.000000000000000000e+00
9.260324239730834961e-01 -3.739858567714691162e-01 -5.097544565796852112e-02 -4.782147978943599997e-01
-2.649526298046112061e-01 -5.479001402854919434e-01 -7.934767007827758789e-01 -2.143712151676334887e+00
2.688196897506713867e-01 7.482912540435791016e-01 -6.064618825912475586e-01 -1.550715306045332698e+00
0.000000000000000000e+00 0.000000000000000000e+00 0.000000000000000000e+00 1.000000000000000000e+00
9.313132166862487793e-01 -3.609000742435455322e-01 -4.905903711915016174e-02 -4.901941240106541531e-01
-2.278834879398345947e-01 -4.723165333271026611e-01 -8.514611721038818359e-01 -2.326358674468182564e+00
2.841210365295410156e-01 8.041567802429199219e-01 -5.221178531646728516e-01 -1.332637362262014014e+00
0.000000000000000000e+00 0.000000000000000000e+00 0.000000000000000000e+00 1.000000000000000000e+00
9.431363344192504883e-01 -3.285619914531707764e-01 -5.040727183222770691e-02 -5.232846056903422971e-01
-1.893638670444488525e-01 -4.064375758171081543e-01 -8.938398361206054688e-01 -2.459437356047824430e+00
2.731944620609283447e-01 8.525581359863281250e-01 -4.455438554286956787e-01 -1.133804872866656099e+00
0.000000000000000000e+00 0.000000000000000000e+00 0.000000000000000000e+00 1.000000000000000000e+00
9.557628035545349121e-01 -2.906282544136047363e-01 -4.530649259686470032e-02 -5.361842616044347754e-01
-1.478518396615982056e-01 -3.415336012840270996e-01 -9.281672239303588867e-01 -2.584483830170989371e+00
2.542779743671417236e-01 8.938063383102416992e-01 -3.693950176239013672e-01 -9.155291488921758480e-01
0.000000000000000000e+00 0.000000000000000000e+00 0.000000000000000000e+00 1.000000000000000000e+00
9.598106145858764648e-01 -2.717493176460266113e-01 -7.011447846889495850e-02 -6.270990969027749884e-01
-1.421650946140289307e-01 -2.553782165050506592e-01 -9.563319087028503418e-01 -2.703399739233758758e+00
2.419769167900085449e-01 9.278652667999267578e-01 -2.837479412555694580e-01 -6.374114305104138234e-01
0.000000000000000000e+00 0.000000000000000000e+00 0.000000000000000000e+00 1.000000000000000000e+00
9.741527438163757324e-01 -2.179341167211532593e-01 -5.942190811038017273e-02 -6.269555389753918018e-01
-9.458062052726745605e-02 -1.546263694763183594e-01 -9.834353327751159668e-01 -2.818820036909522653e+00
2.051358669996261597e-01 9.636366963386535645e-01 -1.712420284748077393e-01 -2.711768077278458589e-01
0.000000000000000000e+00 0.000000000000000000e+00 0.000000000000000000e+00 1.000000000000000000e+00
9.924171566963195801e-01 -1.209937185049057007e-01 -2.165406942367553711e-02 -5.388187323823465658e-01
-3.810634836554527283e-02 -1.353666335344314575e-01 -9.900624752044677734e-01 -2.851556487218076530e+00
1.168600693345069885e-01 9.833800196647644043e-01 -1.389508098363876343e-01 -1.755860955068934137e-01
0.000000000000000000e+00 0.000000000000000000e+00 0.000000000000000000e+00 1.000000000000000000e+00
9.942659735679626465e-01 -1.066595688462257385e-01 7.675208617001771927e-03 -4.748212154235486593e-01
-1.908084377646446228e-02 -2.475751936435699463e-01 -9.686806797981262207e-01 -2.810686145462194307e+00
1.052192822098731995e-01 9.629797935485839844e-01 -2.481907308101654053e-01 -5.027938990095153216e-01
0.000000000000000000e+00 0.000000000000000000e+00 0.000000000000000000e+00 1.000000000000000000e+00
9.976234436035156250e-01 -4.279064759612083435e-02 5.400186032056808472e-02 -3.286872821079919182e-01
3.931811824440956116e-02 -2.900613546371459961e-01 -9.561998844146728516e-01 -2.879129267185216889e+00
5.658026039600372314e-02 9.560508131980895996e-01 -2.876895666122436523e-01 -5.983100038789709307e-01
0.000000000000000000e+00 0.000000000000000000e+00 0.000000000000000000e+00 1.000000000000000000e+00
9.892411231994628906e-01 4.092294350266456604e-02 1.404542475938796997e-01 -2.803527207072102970e-02
1.462939530611038208e-01 -2.740716934204101562e-01 -9.505170583724975586e-01 -2.974140194398628978e+00
-4.034396260976791382e-04 9.608380794525146484e-01 -2.771097123622894287e-01 -5.416461860663573935e-01
0.000000000000000000e+00 0.000000000000000000e+00 0.000000000000000000e+00 1.000000000000000000e+00
9.686385989189147949e-01 5.351806059479713440e-02 2.426417022943496704e-01 2.890665379642340382e-01
2.481784820556640625e-01 -2.559740245342254639e-01 -9.342828989028930664e-01 -3.016807183276455362e+00
1.210893318057060242e-02 9.652009606361389160e-01 -2.612282931804656982e-01 -4.856745644302755682e-01
0.000000000000000000e+00 0.000000000000000000e+00 0.000000000000000000e+00 1.000000000000000000e+00
9.732350111007690430e-01 1.767873764038085938e-02 2.291309684514999390e-01 2.339781149128731530e-01
2.242914885282516479e-01 -2.902922332286834717e-01 -9.302815198898315430e-01 -3.003986446280636269e+00
5.006871372461318970e-02 9.567747116088867188e-01 -2.864877283573150635e-01 -5.904025214261988674e-01
0.000000000000000000e+00 0.000000000000000000e+00 0.000000000000000000e+00 1.000000000000000000e+00
9.808439612388610840e-01 -5.146208405494689941e-02 1.878743171691894531e-01 7.796623551958081766e-02
1.605643033981323242e-01 -3.324868679046630859e-01 -9.293392896652221680e-01 -2.974161165859428912e+00
1.102914735674858093e-01 9.417027235031127930e-01 -3.178547322750091553e-01 -7.391942769653276901e-01
0.000000000000000000e+00 0.000000000000000000e+00 0.000000000000000000e+00 1.000000000000000000e+00
9.849380850791931152e-01 -1.319416165351867676e-01 1.117514967918395996e-01 -1.815292309591981235e-01
5.539959669113159180e-02 -3.714288771152496338e-01 -9.268070459365844727e-01 -2.912750382011195516e+00
1.637921482324600220e-01 9.190385937690734863e-01 -3.585249781608581543e-01 -9.301226641762661007e-01
0.000000000000000000e+00 0.000000000000000000e+00 0.000000000000000000e+00 1.000000000000000000e+00
9.765576720237731934e-01 -2.146752327680587769e-01 1.579695194959640503e-02 -4.842312961441226360e-01
-5.236232653260231018e-02 -3.080959916114807129e-01 -9.499131441116333008e-01 -2.925304284762364482e+00
2.087898403406143188e-01 9.268178343772888184e-01 -3.121144175529479980e-01 -8.303350038702109748e-01
0.000000000000000000e+00 0.000000000000000000e+00 0.000000000000000000e+00 1.000000000000000000e+00
9.108417034149169922e-01 -4.009744226932525635e-01 -9.791278839111328125e-02 -8.076098419763232394e-01
-2.376321703195571899e-01 -3.154630959033966064e-01 -9.187021851539611816e-01 -2.735284913798003537e+00
3.374882936477661133e-01 8.600593805313110352e-01 -3.826214075088500977e-01 -1.145033296513192633e+00
0.000000000000000000e+00 0.000000000000000000e+00 0.000000000000000000e+00 1.000000000000000000e+00
8.692764043807983398e-01 -4.861383736133575439e-01 -8.959908038377761841e-02 -7.725717048599182180e-01
-2.830780446529388428e-01 -3.409571647644042969e-01 -8.964457511901855469e-01 -2.637962710852229886e+00
4.052472710609436035e-01 8.046226501464843750e-01 -4.340011179447174072e-01 -1.370831911184000607e+00
0.000000000000000000e+00 0.000000000000000000e+00 0.000000000000000000e+00 1.000000000000000000e+00
8.233999609947204590e-01 -5.624276399612426758e-01 -7.541645318269729614e-02 -7.030383431155777796e-01
-3.537596166133880615e-01 -4.048448204994201660e-01 -8.431813120841979980e-01 -2.440764201787480658e+00
4.436965584754943848e-01 7.209547162055969238e-01 -5.323134064674377441e-01 -1.704845609074321366e+00
0.000000000000000000e+00 0.000000000000000000e+00 0.000000000000000000e+00 1.000000000000000000e+00
8.044084906578063965e-01 -5.917607545852661133e-01 -5.240358039736747742e-02 -6.277543860677016196e-01
-4.239761531352996826e-01 -5.100570917129516602e-01 -7.483888268470764160e-01 -2.114095344131894372e+00
4.161384105682373047e-01 6.242281794548034668e-01 -6.611867547035217285e-01 -2.086723354956998122e+00
0.000000000000000000e+00 0.000000000000000000e+00 0.000000000000000000e+00 1.000000000000000000e+00
