1 0 0 -0.01792658120393753 
0 1 0 0.02243540808558464 
0 0 1 -0.3816788792610168 
0 0 0 1 

0.999328076839447 0.03383150324225426 0.01409729942679405 -0.02000411413609982 
-0.03385690972208977 0.9994254112243652 0.001567526487633586 0.01893828436732292 
-0.01403616555035114 -0.002043781103566289 0.9998993873596191 -0.367838591337204 
0 0 0 1 

0.7627121806144714 0.6458324790000916 -0.03421040251851082 -0.02725496701896191 
-0.6429136395454407 0.751396656036377 -0.1485427767038345 0.05836530029773712 
-0.0702282041311264 0.1352897137403488 0.9883140921592712 -0.277509331703186 
0 0 0 1 

0.787080705165863 0.6161811947822571 0.02871374785900116 -0.0506100058555603 
-0.6137052178382874 0.7869136929512024 -0.06428446620702744 0.03046871162950993 
-0.06220613420009613 0.03297526761889458 0.9975184202194214 -0.2836247086524963 
0 0 0 1 

0.8118143081665039 0.5791295170783997 0.07460738718509674 -0.06849712878465652 
-0.5814877152442932 0.8134520053863525 0.01294721383601427 0.004106652922928333 
-0.0531914047896862 -0.0538940392434597 0.9971289038658142 -0.287420392036438 
0 0 0 1 

0.8406044244766235 0.5333070158958435 0.09469681233167648 -0.07908129692077637 
-0.5411770939826965 0.8342347741127014 0.1057327911257744 -0.02741227857768536 
-0.02261126041412354 -0.1401272267103195 0.9898752570152283 -0.2893346548080444 
0 0 0 1 

0.8499311804771423 0.5199646353721619 0.08516840636730194 -0.07974732667207718 
-0.525795042514801 0.8265728354454041 0.2007902711629868 -0.06049682572484016 
0.03400600329041481 -0.215439036488533 0.9759249687194824 -0.2891717851161957 
0 0 0 1 

0.9826270937919617 0.1847943812608719 0.01717642322182655 -0.02573202736675739 
-0.1836673766374588 0.9815593361854553 -0.05298587679862976 0.002021639375016093 
-0.0266511756926775 0.04891061037778854 0.9984475374221802 -0.2326283603906631 
0 0 0 1 

0.9352618455886841 -0.05359878391027451 0.3498746752738953 -0.05286595597863197 
-0.00538913905620575 0.9861974716186523 0.1654854863882065 -0.03834160789847374 
-0.3539153635501862 -0.1566577702760696 0.9220640659332275 -0.1998473107814789 
0 0 0 1 

0.9190646409988403 -0.09356537461280823 0.3828386664390564 -0.06853488087654114 
0.03964420780539513 0.9884308576583862 0.1463990658521652 -0.0226723738014698 
-0.3921074569225311 -0.1193728223443031 0.9121412038803101 -0.1933549642562866 
0 0 0 1 

