1.000000000000000000e+00 0.000000000000000000e+00 0.000000000000000000e+00 -4.255350477121360719e-01
0.000000000000000000e+00 -1.000000000000000000e+00 0.000000000000000000e+00 3.076616963927396031e-01
0.000000000000000000e+00 0.000000000000000000e+00 -1.000000000000000000e+00 -5.117628744684824760e+00
0.000000000000000000e+00 0.000000000000000000e+00 0.000000000000000000e+00 1.000000000000000000e+00
9.941504001617431641e-01 -5.422459915280342102e-02 9.340498596429824829e-02 1.017330086974198300e-01
-5.615841224789619446e-02 -9.982557296752929688e-01 1.819902844727039337e-02 3.594791693273299282e-01
9.225521981716156006e-02 -2.333809249103069305e-02 -9.954615831375122070e-01 -5.081355137165239455e+00
0.000000000000000000e+00 0.000000000000000000e+00 0.000000000000000000e+00 1.000000000000000000e+00
9.690082073211669922e-01 -7.342511415481567383e-02 2.358653098344802856e-01 8.697506124735253641e-01
-7.979618757963180542e-02 -9.966562390327453613e-01 1.756759174168109894e-02 3.675251426496709550e-01
2.337866425514221191e-01 -3.584425151348114014e-02 -9.716269373893737793e-01 -4.940606667086839821e+00
0.000000000000000000e+00 0.000000000000000000e+00 0.000000000000000000e+00 1.000000000000000000e+00
9.989479184150695801e-01 -4.490235447883605957e-02 9.321686811745166779e-03 -3.336124456899213775e-01
-4.486091434955596924e-02 -9.989826679229736328e-01 -4.607618320733308792e-03 2.503701570817641886e-01
9.519107639789581299e-03 4.184643272310495377e-03 -9.999460577964782715e-01 -4.941353480154762501e+00
0.000000000000000000e+00 0.000000000000000000e+00 0.000000000000000000e+00 1.000000000000000000e+00
9.936034083366394043e-01 -5.219421163201332092e-02 1.001396030187606812e-01 1.694807493981790869e-01
-4.861104115843772888e-02 -9.980989098548889160e-01 -3.789549320936203003e-02 1.225648141031440291e-01
1.019271165132522583e-01 3.278511390089988708e-02 -9.942514300346374512e-01 -4.918322511159464838e+00
0.000000000000000000e+00 0.000000000000000000e+00 0.000000000000000000e+00 1.000000000000000000e+00
-1.462675631046295166e-01 -8.887464553117752075e-02 9.852446913719177246e-01 5.253258206837527311e+00
-3.565465658903121948e-02 -9.948351979255676270e-01 -9.503301978111267090e-02 -1.168520047689710628e-01
9.886022806167602539e-01 -4.902880266308784485e-02 1.423433274030685425e-01 7.492789638660657392e-01
0.000000000000000000e+00 0.000000000000000000e+00 0.000000000000000000e+00 1.000000000000000000e+00
-1.325824856758117676e-01 -1.013843938708305359e-01 9.859735369682312012e-01 5.191873902751453329e+00
-2.027460932731628418e-02 -9.942694902420043945e-01 -1.049637496471405029e-01 -1.131312824630511249e-01
9.909643530845642090e-01 -3.390658274292945862e-02 1.297671943902969360e-01 7.625800835677623013e-01
0.000000000000000000e+00 0.000000000000000000e+00 0.000000000000000000e+00 1.000000000000000000e+00
-1.272116601467132568e-01 -1.012595221400260925e-01 9.866930842399597168e-01 5.118590588753199278e+00
-2.176855690777301788e-02 -9.942502379417419434e-01 -1.048416644334793091e-01 -5.853116077387688493e-02
9.916363954544067383e-01 -3.481599688529968262e-02 1.242760345339775085e-01 8.274744983573120161e-01
0.000000000000000000e+00 0.000000000000000000e+00 0.000000000000000000e+00 1.000000000000000000e+00
-1.007829681038856506e-01 -9.079829603433609009e-02 9.907562732696533203e-01 5.056200745711697309e+00
-3.248870000243186951e-02 -9.949954748153686523e-01 -9.449161589145660400e-02 1.984544246675340809e-02
9.943773150444030762e-01 -4.171154275536537170e-02 9.732880443334579468e-02 8.019116267159570599e-01
0.000000000000000000e+00 0.000000000000000000e+00 0.000000000000000000e+00 1.000000000000000000e+00
-1.110928282141685486e-01 -9.101955592632293701e-02 9.896328449249267578e-01 4.990551035851394701e+00
-5.228890851140022278e-02 -9.938827157020568848e-01 -9.728025645017623901e-02 3.355108953041306685e-02
9.924332499504089355e-01 -6.255397200584411621e-02 1.056538820266723633e-01 9.554159377994757563e-01
0.000000000000000000e+00 0.000000000000000000e+00 0.000000000000000000e+00 1.000000000000000000e+00
-8.437301218509674072e-02 -7.778798043727874756e-02 9.933933019638061523e-01 4.946518429438564901e+00
-7.543685287237167358e-02 -9.935880303382873535e-01 -8.421039581298828125e-02 1.268687981095443784e-01
9.935746788978576660e-01 -8.204364776611328125e-02 7.796385139226913452e-02 9.338999239529879315e-01
0.000000000000000000e+00 0.000000000000000000e+00 0.000000000000000000e+00 1.000000000000000000e+00
-9.956366568803787231e-02 -6.343606114387512207e-02 9.930071830749511719e-01 4.890887998617568400e+00
-1.023335233330726624e-01 -9.920212626457214355e-01 -7.363356649875640869e-02 2.251686634031051237e-01
9.897550940513610840e-01 -1.089491397142410278e-01 9.227760881185531616e-02 1.108420852365470166e+00
0.000000000000000000e+00 0.000000000000000000e+00 0.000000000000000000e+00 1.000000000000000000e+00
-8.726724982261657715e-02 -7.550828903913497925e-02 9.933191537857055664e-01 4.892066550589794005e+00
-1.034990027546882629e-01 -9.910397529602050781e-01 -8.442785590887069702e-02 2.235852818045605817e-01
9.907935857772827148e-01 -1.101753413677215576e-01 7.867033034563064575e-02 1.118242218005399913e+00
0.000000000000000000e+00 0.000000000000000000e+00 0.000000000000000000e+00 1.000000000000000000e+00
-9.070919454097747803e-02 -7.895272225141525269e-02 9.927428960800170898e-01 4.886969809333473691e+00
-1.346299946308135986e-01 -9.867291450500488281e-01 -9.077587723731994629e-02 2.367315181504795474e-01
9.867355823516845703e-01 -1.418872028589248657e-01 7.887598872184753418e-02 1.208895979367364593e+00
0.000000000000000000e+00 0.000000000000000000e+00 0.000000000000000000e+00 1.000000000000000000e+00
-7.316585630178451538e-02 -8.340279757976531982e-02 9.938263297080993652e-01 4.906689325060008322e+00
-1.505504697561264038e-01 -9.841541647911071777e-01 -9.367470443248748779e-02 2.551218643516033890e-01
9.858913421630859375e-01 -1.564747989177703857e-01 5.945019423961639404e-02 1.198535138506478193e+00
0.000000000000000000e+00 0.000000000000000000e+00 0.000000000000000000e+00 1.000000000000000000e+00
-4.954959452152252197e-02 -8.950669318437576294e-02 9.947529435157775879e-01 4.929481012291248021e+00
-1.728850454092025757e-01 -9.801732301712036133e-01 -9.680640697479248047e-02 2.728651478221846838e-01
9.836949110031127930e-01 -1.767745614051818848e-01 3.309288620948791504e-02 1.184635367973434938e+00
0.000000000000000000e+00 0.000000000000000000e+00 0.000000000000000000e+00 1.000000000000000000e+00
-9.826208464801311493e-03 -9.117054194211959839e-02 9.957867860794067383e-01 4.965494306647944001e+00
-1.926847547292709351e-01 -9.769990444183349609e-01 -9.135177731513977051e-02 3.374506887425823276e-01
9.812114834785461426e-01 -1.927705556154251099e-01 -7.966955192387104034e-03 1.108582556045161205e+00
0.000000000000000000e+00 0.000000000000000000e+00 0.000000000000000000e+00 1.000000000000000000e+00
2.532595396041870117e-02 -9.483609348535537720e-02 9.951705932617187500e-01 4.993291069982109143e+00
-2.102194428443908691e-01 -9.737355113029479980e-01 -8.744359016418457031e-02 3.760718517531408400e-01
9.773262143135070801e-01 -2.069896459579467773e-01 -4.459708929061889648e-02 1.039057711745540624e+00
0.000000000000000000e+00 0.000000000000000000e+00 0.000000000000000000e+00 1.000000000000000000e+00
8.691307157278060913e-02 -1.149087995290756226e-01 9.895666241645812988e-01 5.078143240612781106e+00
-2.293711304664611816e-01 -9.689464569091796875e-01 -9.236878901720046997e-02 3.516008519673679555e-01
9.694510698318481445e-01 -2.189499437808990479e-01 -1.105710566043853760e-01 9.513911034505541098e-01
0.000000000000000000e+00 0.000000000000000000e+00 0.000000000000000000e+00 1.000000000000000000e+00
1.182913482189178467e-01 -1.672400534152984619e-01 9.787936210632324219e-01 5.283291838005847119e+00
-2.374427467584609985e-01 -9.618824720382690430e-01 -1.356546282768249512e-01 1.442764472400554498e-01
9.641717672348022461e-01 -2.163607478141784668e-01 -1.534924060106277466e-01 1.041701318896709250e+00
0.000000000000000000e+00 0.000000000000000000e+00 0.000000000000000000e+00 1.000000000000000000e+00
9.405373036861419678e-02 -1.698546409606933594e-01 9.809702634811401367e-01 5.367877346372096348e+00
-2.704894542694091797e-01 -9.526333808898925781e-01 -1.390140950679779053e-01 1.475940263997519708e-01
9.581171870231628418e-01 -2.522674500942230225e-01 -1.355427354574203491e-01 1.184213847154412358e+00
0.000000000000000000e+00 0.000000000000000000e+00 0.000000000000000000e+00 1.000000000000000000e+00
8.898394554853439331e-02 -2.068849951028823853e-01 9.743099212646484375e-01 5.257543056735203280e+00
-1.918186843395233154e-01 -9.634391069412231445e-01 -1.870577931404113770e-01 -1.212421108655135638e-01
9.773877263069152832e-01 -1.702458560466766357e-01 -1.254151016473770142e-01 1.072670748108295991e+00
0.000000000000000000e+00 0.000000000000000000e+00 0.000000000000000000e+00 1.000000000000000000e+00
1.118628308176994324e-01 -2.230563610792160034e-01 9.683661460876464844e-01 5.204753055212925084e+00
-1.614979207515716553e-01 -9.656074643135070801e-01 -2.037652283906936646e-01 -2.376271190653703735e-01
9.805126190185546875e-01 -1.335953027009963989e-01 -1.440386474132537842e-01 9.100018065747582652e-01
0.000000000000000000e+00 0.000000000000000000e+00 0.000000000000000000e+00 1.000000000000000000e+00
1.675365865230560303e-01 -2.693819105625152588e-01 9.483491778373718262e-01 4.922107324497339675e+00
-6.658773124217987061e-02 -9.628400206565856934e-01 -2.617346346378326416e-01 -6.339009342479710041e-01
9.836143255233764648e-01 -1.929838210344314575e-02 -1.792481988668441772e-01 5.165745217806316791e-01
0.000000000000000000e+00 0.000000000000000000e+00 0.000000000000000000e+00 1.000000000000000000e+00
1.584096252918243408e-01 -3.161025643348693848e-01 9.354065656661987305e-01 4.633687879574384105e+00
-2.605097368359565735e-02 -9.483765959739685059e-01 -3.160739243030548096e-01 -1.024453167299076872e+00
9.870297908782958984e-01 2.570092678070068359e-02 -1.584668159484863281e-01 5.185141226968758010e-01
0.000000000000000000e+00 0.000000000000000000e+00 0.000000000000000000e+00 1.000000000000000000e+00
2.175230830907821655e-01 -3.773268759250640869e-01 9.001710414886474609e-01 4.381987272916076037e+00
8.982033468782901764e-03 -9.214414954185485840e-01 -3.884132802486419678e-01 -1.407453590496835938e+00
9.760137200355529785e-01 9.257417917251586914e-02 -1.970456540584564209e-01 2.845212346200881592e-01
0.000000000000000000e+00 0.000000000000000000e+00 0.000000000000000000e+00 1.000000000000000000e+00
2.317451983690261841e-01 -4.125189185142517090e-01 8.809779882431030273e-01 4.186345661432301135e+00
5.831160768866539001e-02 -8.981130719184875488e-01 -4.358815252780914307e-01 -1.641442187969852418e+00
9.710272550582885742e-01 1.523846685886383057e-01 -1.840787529945373535e-01 2.905501281465294183e-01
0.000000000000000000e+00 0.000000000000000000e+00 0.000000000000000000e+00 1.000000000000000000e+00
3.176504671573638916e-01 -4.583970308303833008e-01 8.300423622131347656e-01 3.879659057758685137e+00
1.242188736796379089e-01 -8.477185964584350586e-01 -5.156964063644409180e-01 -2.039435220802173543e+00
9.400360584259033203e-01 2.669181227684020996e-01 -2.123366594314575195e-01 8.478494867051926398e-02
0.000000000000000000e+00 0.000000000000000000e+00 0.000000000000000000e+00 1.000000000000000000e+00
3.597724437713623047e-01 -4.919590651988983154e-01 7.928051352500915527e-01 3.671340671424830671e+00
1.416766792535781860e-01 -8.110442161560058594e-01 -5.675693154335021973e-01 -2.299120616277025242e+00
9.222209453582763672e-01 3.165177702903747559e-01 -2.220922261476516724e-01 -3.818682225891135117e-03
0.000000000000000000e+00 0.000000000000000000e+00 0.000000000000000000e+00 1.000000000000000000e+00
3.308615982532501221e-01 -5.575410723686218262e-01 7.613661885261535645e-01 3.430506552041755253e+00
1.652940809726715088e-01 -7.600931525230407715e-01 -6.284394860267639160e-01 -2.565668993691153865e+00
9.290900826454162598e-01 3.337758183479309082e-01 -1.593273580074310303e-01 2.265049304883137993e-01
0.000000000000000000e+00 0.000000000000000000e+00 0.000000000000000000e+00 1.000000000000000000e+00
3.453342616558074951e-01 -5.802810192108154297e-01 7.375759482383728027e-01 3.248517889768894662e+00
1.662331521511077881e-01 -7.356765866279602051e-01 -6.566172242164611816e-01 -2.688972116848685090e+00
9.236400127410888672e-01 3.493621349334716797e-01 -1.575924903154373169e-01 1.946994535708401197e-01
0.000000000000000000e+00 0.000000000000000000e+00 0.000000000000000000e+00 1.000000000000000000e+00
3.833144009113311768e-01 -5.816400647163391113e-01 7.174708843231201172e-01 3.099264202957595860e+00
1.805777847766876221e-01 -7.146197557449340820e-01 -6.758036613464355469e-01 -2.765442084588677130e+00
9.057933688163757324e-01 3.886045515537261963e-01 -1.688926666975021362e-01 9.689309451506016024e-02
0.000000000000000000e+00 0.000000000000000000e+00 0.000000000000000000e+00 1.000000000000000000e+00
3.833150267601013184e-01 -6.208078861236572266e-01 6.838620305061340332e-01 2.878470228928516228e+00
1.814260631799697876e-01 -6.753828525543212891e-01 -7.148024439811706543e-01 -2.915872339277972181e+00
9.056236743927001953e-01 3.980649411678314209e-01 -1.462536752223968506e-01 1.345246905287368622e-01
0.000000000000000000e+00 0.000000000000000000e+00 0.000000000000000000e+00 1.000000000000000000e+00
2.742139697074890137e-01 -7.089992165565490723e-01 6.497128009796142578e-01 2.588973420839030037e+00
1.451905518770217896e-01 -6.373428702354431152e-01 -7.567787170410156250e-01 -3.053123446458319457e+00
9.506452083587646484e-01 3.018513023853302002e-01 -7.182834297418594360e-02 3.019847360031550632e-01
0.000000000000000000e+00 0.000000000000000000e+00 0.000000000000000000e+00 1.000000000000000000e+00
1.925432980060577393e-01 -7.557970285415649414e-01 6.258578300476074219e-01 2.440693527475489955e+00
1.338743865489959717e-01 -6.115965843200683594e-01 -7.797610163688659668e-01 -3.114554178349360214e+00
9.721133708953857422e-01 2.339240312576293945e-01 -1.657701656222343445e-02 4.488252434068446539e-01
0.000000000000000000e+00 0.000000000000000000e+00 0.000000000000000000e+00 1.000000000000000000e+00
2.562658190727233887e-01 -7.867706418037414551e-01 5.615336298942565918e-01 2.148266807437542170e+00
1.245623528957366943e-01 -5.492094755172729492e-01 -8.263491988182067871e-01 -3.251800523703556767e+00
9.585466980934143066e-01 2.817110121250152588e-01 -4.274167492985725403e-02 2.038502201624316779e-01
0.000000000000000000e+00 0.000000000000000000e+00 0.000000000000000000e+00 1.000000000000000000e+00
3.762510716915130615e-01 -7.742813825607299805e-01 5.088454484939575195e-01 1.906226160353607035e+00
1.086178719997406006e-01 -5.085536837577819824e-01 -8.541519045829772949e-01 -3.295550198279283638e+00
9.201287627220153809e-01 3.766453564167022705e-01 -1.072429195046424866e-01 -1.522560785696208951e-01
0.000000000000000000e+00 0.000000000000000000e+00 0.000000000000000000e+00 1.000000000000000000e+00
5.258777737617492676e-01 -7.400203347206115723e-01 4.193113744258880615e-01 1.496158723679232638e+00
3.672039136290550232e-02 -4.727705419063568115e-01 -8.804199695587158203e-01 -3.292492907481298303e+00
8.497672677040100098e-01 4.783905446529388428e-01 -2.214457839727401733e-01 -6.443171269149277069e-01
0.000000000000000000e+00 0.000000000000000000e+00 0.000000000000000000e+00 1.000000000000000000e+00
6.182094216346740723e-01 -7.121466398239135742e-01 3.326620161533355713e-01 1.210928115001666860e+00
-2.948313392698764801e-02 -4.439386129379272461e-01 -8.955720663070678711e-01 -3.241276292682884641e+00
7.854601144790649414e-01 5.438430905342102051e-01 -2.954434454441070557e-01 -9.184004493814535985e-01
0.000000000000000000e+00 0.000000000000000000e+00 0.000000000000000000e+00 1.000000000000000000e+00
6.152200102806091309e-01 -7.578203082084655762e-01 2.172858864068984985e-01 8.690784013486260173e-01
-1.064891219139099121e-01 -3.529765903949737549e-01 -9.295526742935180664e-01 -3.398336001420664054e+00
7.811303734779357910e-01 5.487405657768249512e-01 -2.978579998016357422e-01 -8.698488699518855949e-01
0.000000000000000000e+00 0.000000000000000000e+00 0.000000000000000000e+00 1.000000000000000000e+00
6.005511283874511719e-01 -7.942995429039001465e-01 9.179363399744033813e-02 4.159454553911561270e-01
-1.834379732608795166e-01 -2.486047744750976562e-01 -9.510762691497802734e-01 -3.600829880734876642e+00
7.782600522041320801e-01 5.543319582939147949e-01 -2.950046062469482422e-01 -8.087019131379961090e-01
0.000000000000000000e+00 0.000000000000000000e+00 0.000000000000000000e+00 1.000000000000000000e+00
6.156511306762695312e-01 -7.876599431037902832e-01 -2.379550412297248840e-02 -6.933192518169181695e-02
-2.044498324394226074e-01 -1.304939091205596924e-01 -9.701395630836486816e-01 -3.789866442529188362e+00
7.610350251197814941e-01 6.021322011947631836e-01 -2.413755655288696289e-01 -5.978978039512723441e-01
0.000000000000000000e+00 0.000000000000000000e+00 0.000000000000000000e+00 1.000000000000000000e+00
6.384931802749633789e-01 -7.561857104301452637e-01 -1.432151198387145996e-01 -6.424008623836187093e-01
-2.440305352210998535e-01 -2.243306860327720642e-02 -9.695078730583190918e-01 -3.864570764814493575e+00
7.299150824546813965e-01 6.539730429649353027e-01 -1.988557428121566772e-01 -4.526232677192649212e-01
0.000000000000000000e+00 0.000000000000000000e+00 0.000000000000000000e+00 1.000000000000000000e+00
6.426646113395690918e-01 -7.276292443275451660e-01 -2.398717254400253296e-01 -1.159542573069018090e+00
-2.466369718313217163e-01 9.993749856948852539e-02 -9.639409780502319336e-01 -3.936924332256879655e+00
7.253638505935668945e-01 6.786521077156066895e-01 -1.152339428663253784e-01 -1.474441168381545597e-01
0.000000000000000000e+00 0.000000000000000000e+00 0.000000000000000000e+00 1.000000000000000000e+00
6.170331835746765137e-01 -7.787855267524719238e-01 -1.129746884107589722e-01 -5.066948189820118520e-01
-3.039326667785644531e-01 -1.034204065799713135e-01 -9.470633268356323242e-01 -3.636772541337008224e+00
7.258753776550292969e-01 6.187060475349426270e-01 -3.005121052265167236e-01 -1.036673000825212299e+00
0.000000000000000000e+00 0.000000000000000000e+00 0.000000000000000000e+00 1.000000000000000000e+00
6.011626720428466797e-01 -7.986143827438354492e-01 -2.860968559980392456e-02 -1.203713045627753386e-01
-3.812171220779418945e-01 -2.551310360431671143e-01 -8.885840773582458496e-01 -3.267133405498450216e+00
7.023367285728454590e-01 5.450900793075561523e-01 -4.578208625316619873e-01 -1.623426310330410072e+00
0.000000000000000000e+00 0.000000000000000000e+00 0.000000000000000000e+00 1.000000000000000000e+00
5.842108726501464844e-01 -8.078575730323791504e-01 7.786969840526580811e-02 3.250226012493375172e-01
-4.533127844333648682e-01 -4.043850898742675781e-01 -7.943427562713623047e-01 -2.722083673394975367e+00
6.732049584388732910e-01 4.287643730640411377e-01 -6.024583578109741211e-01 -2.118542342964160774e+00
0.000000000000000000e+00 0.000000000000000000e+00 0.000000000000000000e+00 1.000000000000000000e+00
6.003561615943908691e-01 -7.880966067314147949e-01 1.359267532825469971e-01 5.479294372232382804e-01
-5.164647102355957031e-01 -5.118368864059448242e-01 -6.865030527114868164e-01 -2.164969259511171362e+00
6.106032133102416992e-01 3.419451117515563965e-01 -7.143089771270751953e-01 -2.445886145297095915e+00
0.000000000000000000e+00 0.000000000000000000e+00 0.000000000000000000e+00 1.000000000000000000e+00
6.000667810440063477e-01 -7.795984148979187012e-01 1.792944967746734619e-01 6.948136195011511695e-01
-5.713358521461486816e-01 -5.745489597320556641e-01 -5.860627293586730957e-01 -1.717666524844252196e+00
5.599066615104675293e-01 2.492391765117645264e-01 -7.901799082756042480e-01 -2.652212302615273298e+00
0.000000000000000000e+00 0.000000000000000000e+00 0.000000000000000000e+00 1.000000000000000000e+00
5.913476943969726562e-01 -7.893882393836975098e-01 1.648428887128829956e-01 5.920671014255117770e-01
-6.639019250869750977e-01 -5.925961136817932129e-01 -4.561401605606079102e-01 -1.242509785724651872e+00
4.577573239803314209e-01 1.602979153394699097e-01 -8.745071291923522949e-01 -2.883376343543405884e+00
0.000000000000000000e+00 0.000000000000000000e+00 0.000000000000000000e+00 1.000000000000000000e+00
5.801585316658020020e-01 -7.906088829040527344e-01 1.958421319723129272e-01 6.428844668626269021e-01
-7.108623385429382324e-01 -6.088563203811645508e-01 -3.520919382572174072e-01 -8.446931388693187381e-01
3.976064920425415039e-01 6.505218893289566040e-02 -9.152468442916870117e-01 -2.969015009126586779e+00
0.000000000000000000e+00 0.000000000000000000e+00 0.000000000000000000e+00 1.000000000000000000e+00
5.684007406234741211e-01 -7.831803560256958008e-01 2.520881295204162598e-01 7.817146650377478911e-01
-7.540283799171447754e-01 -6.184579133987426758e-01 -2.212480604648590088e-01 -3.366939111821034558e-01
3.291830420494079590e-01 -6.432402878999710083e-02 -9.420725703239440918e-01 -2.996860977997639619e+00
0.000000000000000000e+00 0.000000000000000000e+00 0.000000000000000000e+00 1.000000000000000000e+00
5.590745806694030762e-01 -7.871692776679992676e-01 2.603846788406372070e-01 7.873532624281006642e-01
-7.828761935234069824e-01 -6.046003103256225586e-01 -1.468463242053985596e-01 -6.847015840042830481e-02
2.730216085910797119e-01 -1.217508763074874878e-01 -9.542723894119262695e-01 -3.009383191907254229e+00
0.000000000000000000e+00 0.000000000000000000e+00 0.000000000000000000e+00 1.000000000000000000e+00
5.366960167884826660e-01 -8.020647168159484863e-01 2.620101571083068848e-01 7.537449878914956880e-01
-8.284784555435180664e-01 -5.597759485244750977e-01 -1.654724217951297760e-02 3.892122350210832638e-01
1.599389016628265381e-01 -2.081890851259231567e-01 -9.649232029914855957e-01 -3.014614256342901477e+00
0.000000000000000000e+00 0.000000000000000000e+00 0.000000000000000000e+00 1.000000000000000000e+00
5.290514826774597168e-01 -8.013312220573425293e-01 2.792370617389678955e-01 7.707109776465563833e-01
-8.471915721893310547e-01 -5.176497101783752441e-01 1.196075677871704102e-01 8.648525475067291302e-01
4.870167374610900879e-02 -2.998456358909606934e-01 -9.527438879013061523e-01 -2.949107599676533908e+00
0.000000000000000000e+00 0.000000000000000000e+00 0.000000000000000000e+00 1.000000000000000000e+00
5.350005626678466797e-01 -7.922946214675903320e-01 2.933316826820373535e-01 7.798192598204622961e-01
-8.432647585868835449e-01 -4.795058965682983398e-01 2.428544461727142334e-01 1.281590608184846047e+00
-5.175802484154701233e-02 -3.772834241390228271e-01 -9.246502518653869629e-01 -2.803316355704851492e+00
0.000000000000000000e+00 0.000000000000000000e+00 0.000000000000000000e+00 1.000000000000000000e+00
5.019540190696716309e-01 -8.073739409446716309e-01 3.101446330547332764e-01 8.175550455823570317e-01
-8.452796339988708496e-01 -3.820080161094665527e-01 3.735939860343933105e-01 1.732076921247447610e+00
-1.831524074077606201e-01 -4.496856629848480225e-01 -8.742069005966186523e-01 -2.552290341084518133e+00
0.000000000000000000e+00 0.000000000000000000e+00 0.000000000000000000e+00 1.000000000000000000e+00
4.859324693679809570e-01 -8.152148127555847168e-01 3.151100277900695801e-01 8.387288031742841099e-01
-8.248535394668579102e-01 -3.085722029209136963e-01 4.737088382244110107e-01 2.070103086911133428e+00
-2.889402508735656738e-01 -4.901099205017089844e-01 -8.223782181739807129e-01 -2.316662484959223001e+00
0.000000000000000000e+00 0.000000000000000000e+00 0.000000000000000000e+00 1.000000000000000000e+00
4.584012329578399658e-01 -8.292919993400573730e-01 3.195970654487609863e-01 9.034102750506701751e-01
-8.068535923957824707e-01 -2.375489771366119385e-01 5.408852696418762207e-01 2.293485311862383025e+00
-3.726320564746856689e-01 -5.058106184005737305e-01 -7.780108451843261719e-01 -2.111617060466082663e+00
0.000000000000000000e+00 0.000000000000000000e+00 0.000000000000000000e+00 1.000000000000000000e+00
4.186301231384277344e-01 -8.551167845726013184e-01 3.058165311813354492e-01 9.386221937481368238e-01
-7.857370972633361816e-01 -1.721920669078826904e-01 5.941104292869567871e-01 2.446852224420520194e+00
-4.553748965263366699e-01 -4.890042245388031006e-01 -7.439821362495422363e-01 -1.908250179690961668e+00
0.000000000000000000e+00 0.000000000000000000e+00 0.000000000000000000e+00 1.000000000000000000e+00
3.739694654941558838e-01 -8.803899288177490234e-01 2.916504740715026855e-01 9.927054278890964367e-01
-7.800029516220092773e-01 -1.284374892711639404e-01 6.124529242515563965e-01 2.466606263386645459e+00
-5.017383694648742676e-01 -4.565271437168121338e-01 -7.347388267517089844e-01 -1.790490417400775192e+00
0.000000000000000000e+00 0.000000000000000000e+00 0.000000000000000000e+00 1.000000000000000000e+00
2.753009796142578125e-01 -9.295375943183898926e-01 2.452937364578247070e-01 9.668793661482200097e-01
-7.725827693939208984e-01 -6.207223236560821533e-02 6.318725943565368652e-01 2.453425925421159448e+00
-5.721231102943420410e-01 -3.634650111198425293e-01 -7.352335453033447266e-01 -1.712417499932901821e+00
0.000000000000000000e+00 0.000000000000000000e+00 0.000000000000000000e+00 1.000000000000000000e+00
9.206226468086242676e-02 -9.745247364044189453e-01 2.045164108276367188e-01 9.890903089985330077e-01
-7.856068611145019531e-01 5.511582642793655396e-02 6.162664294242858887e-01 2.231949819796033907e+00
-6.118384599685668945e-01 -2.174042910337448120e-01 -7.605189085006713867e-01 -1.769065374274702451e+00
0.000000000000000000e+00 0.000000000000000000e+00 0.000000000000000000e+00 1.000000000000000000e+00
-7.897351682186126709e-02 -9.781659841537475586e-01 1.922364234924316406e-01 9.745764613015098776e-01
-7.875512838363647461e-01 1.794456839561462402e-01 5.895444750785827637e-01 2.015840292242418563e+00
-6.111682653427124023e-01 -1.048375442624092102e-01 -7.845270633697509766e-01 -1.854822688692797872e+00
0.000000000000000000e+00 0.000000000000000000e+00 0.000000000000000000e+00 1.000000000000000000e+00
-2.007355690002441406e-01 -9.578512907028198242e-01 2.054883688688278198e-01 9.997960846411895197e-01
-7.500626444816589355e-01 2.852023243904113770e-01 5.967120528221130371e-01 2.073457991843519199e+00
-6.301674842834472656e-01 -3.434773534536361694e-02 -7.756993770599365234e-01 -1.803049337053632462e+00
0.000000000000000000e+00 0.000000000000000000e+00 0.000000000000000000e+00 1.000000000000000000e+00
-2.472823709249496460e-01 -9.539111256599426270e-01 1.700126677751541138e-01 9.773040948432909492e-01
-7.076044678688049316e-01 2.976504564285278320e-01 6.408587694168090820e-01 2.262909427741185198e+00
-6.619269251823425293e-01 3.817138448357582092e-02 -7.485958337783813477e-01 -1.676381686106703128e+00
0.000000000000000000e+00 0.000000000000000000e+00 0.000000000000000000e+00 1.000000000000000000e+00
-3.546331524848937988e-01 -9.267225265502929688e-01 1.241781935095787048e-01 9.953941731839824891e-01
-6.935856938362121582e-01 3.498016595840454102e-01 6.297438740730285645e-01 2.191844926319599374e+00
-6.270358562469482422e-01 1.371999979019165039e-01 -7.668129801750183105e-01 -1.640200140559359365e+00
0.000000000000000000e+00 0.000000000000000000e+00 0.000000000000000000e+00 1.000000000000000000e+00
2.337223589420318604e-01 -9.172390103340148926e-01 3.225629031658172607e-01 9.615238990043935008e-01
-7.355636358261108398e-01 5.015556514263153076e-02 6.755962371826171875e-01 2.445704425908848734e+00
-6.358616352081298828e-01 -3.951676487922668457e-01 -6.629654169082641602e-01 -1.378455056865032891e+00
0.000000000000000000e+00 0.000000000000000000e+00 0.000000000000000000e+00 1.000000000000000000e+00
5.390400290489196777e-01 -7.721219658851623535e-01 3.365463614463806152e-01 7.970703639162786125e-01
-7.671340107917785645e-01 -2.850793600082397461e-01 5.746611952781677246e-01 2.326254612154113222e+00
-3.477660417556762695e-01 -5.679413676261901855e-01 -7.459901571273803711e-01 -2.136176972474507885e+00
0.000000000000000000e+00 0.000000000000000000e+00 0.000000000000000000e+00 1.000000000000000000e+00
5.935114026069641113e-01 -7.326596379280090332e-01 3.330983817577362061e-01 7.592745593039463836e-01
-7.708398699760437012e-01 -3.984764814376831055e-01 4.970138072967529297e-01 2.093016795937477692e+00
-2.314097881317138672e-01 -5.517484545707702637e-01 -8.012633323669433594e-01 -2.521186092670047785e+00
0.000000000000000000e+00 0.000000000000000000e+00 0.000000000000000000e+00 1.000000000000000000e+00
6.006667017936706543e-01 -7.410435676574707031e-01 3.000891804695129395e-01 6.407667438869441012e-01
-7.721222639083862305e-01 -4.403005838394165039e-01 4.582167267799377441e-01 1.977502036267785757e+00
-2.074291855096817017e-01 -5.069409608840942383e-01 -8.366501331329345703e-01 -2.731171514975391457e+00
0.000000000000000000e+00 0.000000000000000000e+00 0.000000000000000000e+00 1.000000000000000000e+00
6.245547533035278320e-01 -7.456402182579040527e-01 2.322755753993988037e-01 3.762750785509463292e-01
-7.615520358085632324e-01 -5.155310630798339844e-01 3.927670121192932129e-01 1.741050582627893029e+00
-1.731176972389221191e-01 -4.221946895122528076e-01 -8.898218274116516113e-01 -3.003160477175784937e+00
0.000000000000000000e+00 0.000000000000000000e+00 0.000000000000000000e+00 1.000000000000000000e+00
6.390047669410705566e-01 -7.522262930870056152e-01 1.607117950916290283e-01 9.252348811546202978e-02
-7.466768622398376465e-01 -5.564088225364685059e-01 3.645312488079071045e-01 1.650361405183934371e+00
-1.847886443138122559e-01 -3.529368340969085693e-01 -9.172179102897644043e-01 -3.166172270192152194e+00
0.000000000000000000e+00 0.000000000000000000e+00 0.000000000000000000e+00 1.000000000000000000e+00
6.545673608779907227e-01 -7.510378956794738770e-01 8.650352060794830322e-02 -2.113589858833902768e-01
-7.298468351364135742e-01 -5.979325771331787109e-01 3.313608467578887939e-01 1.523789685192993515e+00
-1.971414387226104736e-01 -2.800322473049163818e-01 -9.395303130149841309e-01 -3.301317856576326815e+00
0.000000000000000000e+00 0.000000000000000000e+00 0.000000000000000000e+00 1.000000000000000000e+00
6.669375896453857422e-01 -7.445145845413208008e-01 2.986169792711734772e-02 -4.601437025591727514e-01
-7.214517593383789062e-01 -6.352205872535705566e-01 2.756826579570770264e-01 1.311202520124720383e+00
-1.862812042236328125e-01 -2.054069787263870239e-01 -9.607847929000854492e-01 -3.430732783597907787e+00
0.000000000000000000e+00 0.000000000000000000e+00 0.000000000000000000e+00 1.000000000000000000e+00
7.099101543426513672e-01 -7.029212117195129395e-01 -4.391993209719657898e-02 -8.263536291364560471e-01
-6.822608113288879395e-01 -7.018399834632873535e-01 2.047946602106094360e-01 1.024781256500129523e+00
-1.747794002294540405e-01 -1.154209077358245850e-01 -9.778190851211547852e-01 -3.555309695250673307e+00
0.000000000000000000e+00 0.000000000000000000e+00 0.000000000000000000e+00 1.000000000000000000e+00
7.460874319076538086e-01 -6.601813435554504395e-01 -8.668093383312225342e-02 -1.049060270002616591e+00
-6.462542414665222168e-01 -7.493192553520202637e-01 1.444869190454483032e-01 7.700700348605813428e-01
-1.603392660617828369e-01 -5.178191512823104858e-02 -9.857026338577270508e-01 -3.627575168909277004e+00
0.000000000000000000e+00 0.000000000000000000e+00 0.000000000000000000e+00 1.000000000000000000e+00
7.746052742004394531e-01 -6.137055158615112305e-01 -1.528141647577285767e-01 -1.381322939544212591e+00
-6.123504042625427246e-01 -7.881951332092285156e-01 6.144469231367111206e-02 4.014001290530545552e-01
-1.581563204526901245e-01 4.598057642579078674e-02 -9.863426685333251953e-01 -3.662511496918289033e+00
0.000000000000000000e+00 0.000000000000000000e+00 0.000000000000000000e+00 1.000000000000000000e+00
7.952567338943481445e-01 -5.739755630493164062e-01 -1.952394396066665649e-01 -1.610690680761814875e+00
-5.873984694480895996e-01 -8.091813921928405762e-01 -1.373822428286075592e-02 6.725543452963202162e-02
-1.500986367464065552e-01 1.256087571382522583e-01 -9.806592464447021484e-01 -3.686774191611159157e+00
0.000000000000000000e+00 0.000000000000000000e+00 0.000000000000000000e+00 1.000000000000000000e+00
8.275248408317565918e-01 -5.159729123115539551e-01 -2.213014513254165649e-01 -1.778288905998717473e+00
-5.460875630378723145e-01 -8.312598466873168945e-01 -1.039004698395729065e-01 -3.477081886762440899e-01
-1.303491294384002686e-01 2.068302035331726074e-01 -9.696549773216247559e-01 -3.682644894701063265e+00
0.000000000000000000e+00 0.000000000000000000e+00 0.000000000000000000e+00 1.000000000000000000e+00
8.466970920562744141e-01 -4.893828034400939941e-01 -2.088267654180526733e-01 -1.784204086124639987e+00
-5.272271037101745605e-01 -8.245261311531066895e-01 -2.053983807563781738e-01 -8.103104227526477521e-01
-7.166459411382675171e-02 2.840094268321990967e-01 -9.561394453048706055e-01 -3.677855291231443502e+00
0.000000000000000000e+00 0.000000000000000000e+00 0.000000000000000000e+00 1.000000000000000000e+00
8.542046546936035156e-01 -4.914244413375854492e-01 -1.698115915060043335e-01 -1.670372433589694783e+00
-5.199268460273742676e-01 -8.053477406501770020e-01 -2.847648859024047852e-01 -1.194421591502345281e+00
3.183243330568075180e-03 3.315371870994567871e-01 -9.434367418289184570e-01 -3.688363847907703885e+00
0.000000000000000000e+00 0.000000000000000000e+00 0.000000000000000000e+00 1.000000000000000000e+00
8.609619140625000000e-01 -4.933634102344512939e-01 -1.238412633538246155e-01 -1.524016020376785407e+00
-5.015046596527099609e-01 -7.825769186019897461e-01 -3.688713014125823975e-01 -1.588845437225512081e+00
8.507237583398818970e-02 3.796913325786590576e-01 -9.211934208869934082e-01 -3.664563447170269050e+00
0.000000000000000000e+00 0.000000000000000000e+00 0.000000000000000000e+00 1.000000000000000000e+00
8.776168823242187500e-01 -4.732833504676818848e-01 -7.610078155994415283e-02 -1.373728620472002282e+00
-4.538836181163787842e-01 -7.693638205528259277e-01 -4.495199918746948242e-01 -2.005220706273794562e+00
1.542013585567474365e-01 4.290472865104675293e-01 -8.900223374366760254e-01 -3.615152358120552467e+00
0.000000000000000000e+00 0.000000000000000000e+00 0.000000000000000000e+00 1.000000000000000000e+00
8.955563902854919434e-01 -4.440636038780212402e-01 -2.803457528352737427e-02 -1.207775606170065963e+00
-3.851368129253387451e-01 -7.420818209648132324e-01 -5.486196279525756836e-01 -2.511137949482632692e+00
2.228183001279830933e-01 5.021173357963562012e-01 -8.356016278266906738e-01 -3.525893911025368865e+00
0.000000000000000000e+00 0.000000000000000000e+00 0.000000000000000000e+00 1.000000000000000000e+00
9.314858317375183105e-01 -3.637178838253021240e-01 -6.531138904392719269e-03 -1.127542109291156169e+00
-2.901521623134613037e-01 -7.320148944854736328e-01 -6.164132952690124512e-01 -2.854509066590729560e+00
2.194198369979858398e-01 5.760755538940429688e-01 -7.873952388763427734e-01 -3.452636390252096454e+00
0.000000000000000000e+00 0.000000000000000000e+00 0.000000000000000000e+00 1.000000000000000000e+00
9.502482414245605469e-01 -3.066881000995635986e-01 5.449871346354484558e-02 -8.736765582145071818e-01
-1.912525147199630737e-01 -7.125397920608520508e-01 -6.750627160072326660e-01 -3.173934944082649423e+00
2.458662837743759155e-01 6.310541033744812012e-01 -7.357447147369384766e-01 -3.363311079181384500e+00
0.000000000000000000e+00 0.000000000000000000e+00 0.000000000000000000e+00 1.000000000000000000e+00
9.294400215148925781e-01 -3.345147669315338135e-01 1.556942760944366455e-01 -3.979956213995156089e-01
-1.235943213105201721e-01 -6.798477768898010254e-01 -7.228631377220153809e-01 -3.408596943137103263e+00
3.476569354534149170e-01 6.526151299476623535e-01 -6.732220053672790527e-01 -3.253678563673407798e+00
0.000000000000000000e+00 0.000000000000000000e+00 0.000000000000000000e+00 1.000000000000000000e+00
8.825083374977111816e-01 -3.976978957653045654e-01 2.510290145874023438e-01 1.068590649459791736e-01
-7.673230767250061035e-02 -6.483750939369201660e-01 -7.574439048767089844e-01 -3.588663414920582273e+00
4.639950692653656006e-01 6.491886377334594727e-01 -6.027127504348754883e-01 -3.046372859034207181e+00
0.000000000000000000e+00 0.000000000000000000e+00 0.000000000000000000e+00 1.000000000000000000e+00
9.604235291481018066e-01 -2.157461941242218018e-01 1.761812120676040649e-01 -3.641526409161689459e-01
-2.745310589671134949e-02 -7.027487754821777344e-01 -7.109080553054809570e-01 -3.334858874741485124e+00
2.771869301795959473e-01 6.779363751411437988e-01 -6.808594465255737305e-01 -3.118950232305662595e+00
0.000000000000000000e+00 0.000000000000000000e+00 0.000000000000000000e+00 1.000000000000000000e+00
9.410541653633117676e-01 -2.367049753665924072e-01 2.416360080242156982e-01 -1.005890418562380151e-01
-7.339222822338342667e-03 -7.284783124923706055e-01 -6.850292682647705078e-01 -3.165956504367639646e+00
3.381763994693756104e-01 6.428762078285217285e-01 -6.872747540473937988e-01 -3.206609499452000467e+00
0.000000000000000000e+00 0.000000000000000000e+00 0.000000000000000000e+00 1.000000000000000000e+00
9.260099530220031738e-01 -2.972808778285980225e-01 2.326586544513702393e-01 -1.691180909631850582e-01
-4.782365635037422180e-02 -7.037329673767089844e-01 -7.088533639907836914e-01 -3.250557885487723286e+00
3.744578659534454346e-01 6.452780961990356445e-01 -6.658802032470703125e-01 -3.113694366692148829e+00
0.000000000000000000e+00 0.000000000000000000e+00 0.000000000000000000e+00 1.000000000000000000e+00
8.565368056297302246e-01 -3.760677874088287354e-01 3.534370362758636475e-01 4.465171729144722934e-01
3.695018962025642395e-02 -6.383967399597167969e-01 -7.688198089599609375e-01 -3.631895637721298087e+00
5.147614479064941406e-01 6.715822219848632812e-01 -5.329145789146423340e-01 -2.594682696797955046e+00
0.000000000000000000e+00 0.000000000000000000e+00 0.000000000000000000e+00 1.000000000000000000e+00
7.493240833282470703e-01 -4.902135431766510010e-01 4.452009499073028564e-01 1.012564127825819060e+00
8.229872584342956543e-02 -5.981514453887939453e-01 -7.971459031105041504e-01 -3.805551104230943338e+00
6.570693850517272949e-01 6.339603662490844727e-01 -4.078653752803802490e-01 -2.113122392757880608e+00
0.000000000000000000e+00 0.000000000000000000e+00 0.000000000000000000e+00 1.000000000000000000e+00
6.407259702682495117e-01 -5.690405368804931641e-01 5.154252052307128906e-01 1.484452964544990206e+00
1.340373158454895020e-01 -5.781136155128479004e-01 -8.048717975616455078e-01 -3.883337518492100404e+00
7.559787631034851074e-01 5.847883820533752441e-01 -2.941397428512573242e-01 -1.604232182755803926e+00
0.000000000000000000e+00 0.000000000000000000e+00 0.000000000000000000e+00 1.000000000000000000e+00
4.545693993568420410e-01 -6.504778265953063965e-01 6.084778904914855957e-01 2.119997432857948283e+00
2.637379765510559082e-01 -5.542084574699401855e-01 -7.894906997680664062e-01 -3.889440592341541159e+00
8.507694005966186523e-01 5.193567276000976562e-01 -8.037062734365463257e-02 -6.307330753761276609e-01
0.000000000000000000e+00 0.000000000000000000e+00 0.000000000000000000e+00 1.000000000000000000e+00
3.719004988670349121e-01 -6.726199388504028320e-01 6.397441625595092773e-01 2.353369572253910302e+00
3.319667279720306396e-01 -5.472307801246643066e-01 -7.683336138725280762e-01 -3.827808276476799776e+00
8.668842315673828125e-01 4.981175363063812256e-01 1.977211050689220428e-02 -1.366909833463614832e-01
0.000000000000000000e+00 0.000000000000000000e+00 0.000000000000000000e+00 1.000000000000000000e+00
2.991240024566650391e-01 -6.962848305702209473e-01 6.524661183357238770e-01 2.492621638464543654e+00
3.837139308452606201e-01 -5.382807254791259766e-01 -7.503448128700256348e-01 -3.762738318950309857e+00
8.736640214920043945e-01 4.748066365718841553e-01 1.061615869402885437e-01 3.138914094792957243e-01
0.000000000000000000e+00 0.000000000000000000e+00 0.000000000000000000e+00 1.000000000000000000e+00
5.018365979194641113e-01 -4.865266382694244385e-01 7.151584625244140625e-01 2.826932190864949845e+00
