0.6930702328681946 0.4978585839271545 -0.5213351845741272 0.129957839846611 
-0.09562361240386963 0.7803061008453369 0.6180440783500671 -0.1696145534515381 
0.7144996523857117 -0.3784959614276886 0.5884139537811279 -0.2077183425426483 
0 0 0 1 

0.7024997472763062 0.5075339674949646 -0.4989020824432373 0.1219950169324875 
-0.03139935806393623 0.7224370837211609 0.6907232999801636 -0.1984006464481354 
0.7109909653663635 -0.4695676863193512 0.52344810962677 -0.1882863342761993 
0 0 0 1 

0.7152921557426453 0.5126699209213257 -0.474896252155304 0.1137304157018661 
0.01976282708346844 0.6644518375396729 0.7470695972442627 -0.2211749702692032 
0.6985458731651306 -0.5437582731246948 0.4651454389095306 -0.1710660308599472 
0 0 0 1 

0.7494813203811646 0.5019215941429138 -0.4316855370998383 0.09789194166660309 
0.06042806431651115 0.5974794626235962 0.799604058265686 -0.2424332946538925 
0.6592618227005005 -0.6253741979598999 0.4174696207046509 -0.1569206863641739 
0 0 0 1 

0.8137326240539551 0.4565822780132294 -0.3596828579902649 0.07079731673002243 
0.1013839021325111 0.4978381097316742 0.8613236546516418 -0.2692723572254181 
0.5723289847373962 -0.7373531460762024 0.3588170111179352 -0.1372893899679184 
0 0 0 1 

0.8829832077026367 0.3782110810279846 -0.2780234515666962 0.04142523556947708 
0.1217915341258049 0.3874157071113586 0.9138247966766357 -0.2910297513008118 
0.45332932472229 -0.8407528400421143 0.2960186302661896 -0.1120047271251678 
0 0 0 1 

0.8818232417106628 0.3966678380966187 0.2550340890884399 -0.1165867149829865 
-0.4407224655151367 0.500792384147644 0.7449634671211243 -0.2072858363389969 
0.1677839756011963 -0.769325315952301 0.6164308190345764 -0.1969936043024063 
0 0 0 1 

0.8837170600891113 -0.4669472873210907 -0.03168914467096329 -0.06270197778940201 
0.4406501352787018 0.8073099851608276 0.3925273716449738 -0.17723248898983 
-0.1577067673206329 -0.3608469665050507 0.9191941618919373 -0.298727959394455 
0 0 0 1 

0.836712658405304 -0.5429938435554504 -0.0712001621723175 -0.04778028652071953 
0.5123637318611145 0.7302600741386414 0.4518885612487793 -0.2060578167438507 
-0.1933782398700714 -0.4145812392234802 0.8892284035682678 -0.2885203063488007 
0 0 0 1 

0.8023530840873718 -0.5850054621696472 -0.1183135807514191 -0.0308084711432457 
0.5565958619117737 0.6618251204490662 0.5021836161613464 -0.2307427525520325 
-0.21547731757164 -0.4687813818454742 0.8566291332244873 -0.2785602807998657 
0 0 0 1 

