0.5395013093948364 0.776181697845459 -0.3263130486011505 0.08150498569011688 
-0.8413112163543701 0.4814421832561493 -0.2457820922136307 0.09667152911424637 
-0.03367073088884354 0.4071305990219116 0.9127491116523743 -0.2054649889469147 
0 0 0 1 

0.5097746849060059 0.7986024618148804 -0.3199433386325836 0.07828611880540848 
-0.8420145511627197 0.3868651688098907 -0.3759610950946808 0.130238264799118 
-0.1764685660600662 0.4610523879528046 0.8696490526199341 -0.1881404519081116 
0 0 0 1 

0.6088839769363403 0.7009667754173279 -0.3713566064834595 0.08191321045160294 
-0.7672118544578552 0.4013966917991638 -0.500266432762146 0.1573948413133621 
-0.2016088962554932 0.5895134210586548 0.7821941375732422 -0.1835744976997375 
0 0 0 1 

0.6156274080276489 0.7087771892547607 -0.3444383144378662 0.07463271915912628 
-0.7691501379013062 0.4453169703483582 -0.4583675861358643 0.1480017602443695 
-0.1714962720870972 0.5471084117889404 0.819305419921875 -0.2000871449708939 
0 0 0 1 

0.6384730339050293 0.7150377035140991 -0.2847334146499634 0.05758881941437721 
-0.757731556892395 0.5191535949707031 -0.3953760862350464 0.1308972835540771 
-0.1348885148763657 0.468188464641571 0.8732723593711853 -0.2209059149026871 
0 0 0 1 

0.6526433229446411 0.7258278727531433 -0.2173254489898682 0.03811298683285713 
-0.7431644797325134 0.5574041604995728 -0.3701444864273071 0.1249858662486076 
-0.1475231945514679 0.4030808806419373 0.9031957983970642 -0.2337876558303833 
0 0 0 1 

0.6696875095367432 0.7291562557220459 -0.1408880949020386 0.01471534464508295 
-0.7255134582519531 0.6018490195274353 -0.3337776362895966 0.1148361414670944 
-0.158582866191864 0.3257429301738739 0.9320638179779053 -0.2457135617733002 
0 0 0 1 

0.8186215758323669 0.3960566520690918 -0.4159298837184906 0.09065482020378113 
-0.5553304553031921 0.7305842638015747 -0.3973090052604675 0.1355354785919189 
0.1465148627758026 0.5562243461608887 0.8180145025253296 -0.1962612122297287 
0 0 0 1 

0.8704037666320801 0.2820091843605042 -0.4035689830780029 0.08501256257295609 
-0.4649845957756042 0.7402828931808472 -0.4855616986751556 0.1515890210866928 
0.1618221700191498 0.610288143157959 0.7754750847816467 -0.1814912259578705 
0 0 0 1 

0.9847474694252014 0.07288394123315811 -0.1579883843660355 0.02399270236492157 
-0.1347896456718445 0.8937469124794006 -0.4278411269187927 0.1142810210585594 
0.1100188493728638 0.4426106810569763 0.88993901014328 -0.1717340648174286 
0 0 0 1 

