0.6256083250045776 0.7718895077705383 -0.1131402254104614 0.04778742045164108 
-0.5148435235023499 0.5174596905708313 0.6834994554519653 -0.1623780429363251 
0.5861315727233887 -0.3693534135818481 0.7211295366287231 -0.1828958988189697 
0 0 0 1 

0.6226068735122681 0.7677317261695862 -0.1514883041381836 0.05789928510785103 
-0.5703602433204651 0.5777514576911926 0.583859920501709 -0.1288274675607681 
0.5357704162597656 -0.2771122455596924 0.7975956797599792 -0.1984274387359619 
0 0 0 1 

0.6085997819900513 0.780381441116333 -0.143564909696579 0.05207598954439163 
-0.6590098142623901 0.5978934764862061 0.4563214778900146 -0.09404999017715454 
0.4419414103031158 -0.1831063777208328 0.8781570196151733 -0.2148463577032089 
0 0 0 1 

0.5926311612129211 0.7861945033073425 -0.1751752644777298 0.05610251426696777 
-0.7092401385307312 0.6124224662780762 0.3491661846637726 -0.06323631852865219 
0.3817938268184662 -0.08268537372350693 0.9205414652824402 -0.2215604037046432 
0 0 0 1 

0.9514725208282471 0.3031902015209198 -0.05268469452857971 -0.05267172306776047 
-0.190008282661438 0.7134777903556824 0.6744227409362793 -0.2388203740119934 
0.242067813873291 -0.6316841840744019 0.736463189125061 -0.2497776001691818 
0 0 0 1 

0.9359315633773804 0.3193529546260834 -0.1484780460596085 -0.01895851269364357 
-0.1203067973256111 0.6861489415168762 0.7174438834190369 -0.2554179430007935 
0.3309959471225739 -0.653615415096283 0.6806088089942932 -0.2426366358995438 
0 0 0 1 

0.8916793465614319 0.3847688734531403 -0.2384550422430038 0.01666009239852428 
-0.07934631407260895 0.6514763236045837 0.7545081973075867 -0.2691918611526489 
0.4456591308116913 -0.6538588404655457 0.6114380359649658 -0.2274980098009109 
0 0 0 1 

0.9636477828025818 0.2057479023933411 -0.1704427897930145 -0.0158415213227272 
-0.02531570941209793 0.7053874731063843 0.7083694338798523 -0.2506548762321472 
0.2659738063812256 -0.6783037781715393 0.6849537491798401 -0.2318787723779678 
0 0 0 1 

0.9448322057723999 0.226257860660553 -0.2368530929088593 0.004371291492134333 
-0.005017636343836784 0.7330077886581421 0.6802016496658325 -0.236976146697998 
0.3275161385536194 -0.6414879560470581 0.6937046647071838 -0.239353820681572 
0 0 0 1 

0.9348686337471008 0.2536784410476685 -0.2483301907777786 0.008384815417230129 
-0.02112948149442673 0.7380568981170654 0.674407422542572 -0.2335009872913361 
0.3543644845485687 -0.6252352595329285 0.6953462958335876 -0.2418439984321594 
0 0 0 1 

