0.625608503818512 0.7718893885612488 -0.1131402626633644 0.0477873906493187 
-0.5148435235023499 0.5174598693847656 0.6834993362426758 -0.1623779982328415 
0.5861314535140991 -0.3693534433841705 0.7211296558380127 -0.1828958988189697 
0 0 0 1 

0.6226068735122681 0.7677317261695862 -0.1514883488416672 0.05789929628372192 
-0.5703602433204651 0.5777515172958374 0.583859920501709 -0.1288274824619293 
0.5357703566551208 -0.27711221575737 0.797595739364624 -0.1984274387359619 
0 0 0 1 

0.6085997223854065 0.7803815007209778 -0.1435648798942566 0.05207597464323044 
-0.6590098738670349 0.5978934168815613 0.4563214778900146 -0.09404997527599335 
0.4419414103031158 -0.1831064075231552 0.8781570792198181 -0.2148463726043701 
0 0 0 1 

0.5926312804222107 0.786194384098053 -0.1751752644777298 0.05610251054167747 
-0.7092401385307312 0.6124225258827209 0.3491661548614502 -0.063236303627491 
0.3817937970161438 -0.08268541842699051 0.9205414652824402 -0.2215604186058044 
0 0 0 1 

0.9514725804328918 0.3031901717185974 -0.05268468707799911 -0.05267168581485748 
-0.190008282661438 0.7134778499603271 0.6744226813316345 -0.2388204038143158 
0.2420677840709686 -0.6316840648651123 0.7364633083343506 -0.249777689576149 
0 0 0 1 

0.9359316229820251 0.3193528652191162 -0.1484780311584473 -0.01895855367183685 
-0.1203067973256111 0.6861490607261658 0.7174437046051025 -0.2554177939891815 
0.3309958577156067 -0.6536152362823486 0.6806089282035828 -0.2426366209983826 
0 0 0 1 

0.8916794061660767 0.3847688138484955 -0.2384550422430038 0.01666005700826645 
-0.07934635132551193 0.6514764428138733 0.7545081377029419 -0.2691917419433594 
0.4456590414047241 -0.6538588404655457 0.6114381551742554 -0.2274980396032333 
0 0 0 1 

0.9636477828025818 0.2057478874921799 -0.1704427897930145 -0.01584155857563019 
-0.02531573362648487 0.7053875327110291 0.7083694934844971 -0.2506547570228577 
0.2659737765789032 -0.6783037781715393 0.6849538683891296 -0.2318788319826126 
0 0 0 1 

0.9448322057723999 0.2262578308582306 -0.2368531078100204 0.004371265415102243 
-0.005017675925046206 0.7330078482627869 0.6802016496658325 -0.2369760721921921 
0.3275161683559418 -0.6414880156517029 0.6937047839164734 -0.2393538355827332 
0 0 0 1 

0.9422507286071777 0.2377403229475021 -0.23588827252388 0.003066025208681822 
-0.01727687381207943 0.737903356552124 0.6746854782104492 -0.2342027276754379 
0.3344625532627106 -0.6316474080085754 0.6993973255157471 -0.2412433326244354 
0 0 0 1 

