1 0 0 -0.01792658120393753 
0 1 0 0.02243540808558464 
0 0 1 -0.3816788792610168 
0 0 0 1 

0.9961101412773132 0.0545690692961216 -0.06918784976005554 0.01134187169373035 
-0.05588690564036369 0.9982880353927612 -0.01725573465228081 0.02609111182391644 
0.06812778860330582 0.02105525881052017 0.9974544048309326 -0.3788034021854401 
0 0 0 1 

0.9769230484962463 0.06846308708190918 -0.2023214846849442 0.06534466147422791 
-0.07349405437707901 0.9971429705619812 -0.01745015196502209 0.02708377502858639 
0.2005487531423569 0.03191692009568214 0.9791635870933533 -0.3702187538146973 
0 0 0 1 

0.9988875389099121 0.04701755940914154 0.003586276434361935 -0.01639123447239399 
-0.04703805968165398 0.9988757967948914 0.005865133367478848 0.0179843045771122 
-0.00330646731890738 -0.00602726312354207 0.9999763965606689 -0.3680336177349091 
0 0 0 1 

0.9946413636207581 0.05819109454751015 -0.08545452356338501 0.02076740935444832 
-0.05525530874729156 0.9978111386299133 0.03632977977395058 0.009867053478956223 
0.0873815193772316 -0.03141334280371666 0.9956795573234558 -0.3665473163127899 
0 0 0 1 

0.6349572539329529 0.7592902779579163 -0.1425035148859024 0.01556521840393543 
-0.7468591928482056 0.5561397671699524 -0.3645677268505096 0.1235325783491135 
-0.1975609809160233 0.3379149436950684 0.920208215713501 -0.2349849194288254 
0 0 0 1 

0.649553656578064 0.7568528652191162 -0.0724819153547287 -0.006058630999177694 
-0.7314481139183044 0.5960261821746826 -0.3312645256519318 0.1143443584442139 
-0.2075174450874329 0.2681908011436462 0.9407497644424438 -0.2449028491973877 
0 0 0 1 

0.6662587523460388 0.7454319000244141 -0.02074946090579033 -0.02350495383143425 
-0.7210313081741333 0.6368503570556641 -0.2730115056037903 0.09751872718334198 
-0.1902972012758255 0.1968572735786438 0.9617869257926941 -0.2549033463001251 
0 0 0 1 

0.7068570852279663 0.7053046226501465 0.05383504554629326 -0.05101053416728973 
-0.6827502846717834 0.7001887559890747 -0.2087762057781219 0.07792992889881134 
-0.1849455684423447 0.110818974673748 0.9764805436134338 -0.26322141289711 
0 0 0 1 

0.724274754524231 0.6873403191566467 0.05467399582266808 -0.05328371003270149 
-0.672177255153656 0.7215116620063782 -0.1661273688077927 0.06553680449724197 
-0.1536339670419693 0.0835711732506752 0.984587550163269 -0.2682236433029175 
0 0 0 1 

