0.1667898297309875 0.759682297706604 -0.628541111946106 0.1978752166032791 
0.1360003650188446 0.6136519908905029 0.777775764465332 -0.2345934063196182 
0.9765679836273193 -0.2152069509029388 -0.0009661453659646213 0.04092250019311905 
0 0 0 1 

0.2420576810836792 0.7912526726722717 -0.5615402460098267 0.1753904968500137 
0.1216752231121063 0.5494275689125061 0.8266344666481018 -0.2449435591697693 
0.9626023769378662 -0.2684187591075897 0.03671737015247345 0.01965822651982307 
0 0 0 1 

0.3813287019729614 0.7727023959159851 -0.5074636936187744 0.1566587537527084 
0.1076879426836967 0.5080751180648804 0.8545542359352112 -0.2484803944826126 
0.9181457757949829 -0.3805137276649475 0.1105329543352127 -0.009656726382672787 
0 0 0 1 

0.3605947196483612 0.6810135245323181 -0.6373319029808044 0.1905457973480225 
0.3405859768390656 0.5399807095527649 0.7696895599365234 -0.2889313399791718 
0.8683159351348877 -0.4946123361587524 -0.03722948208451271 -0.00214579957537353 
0 0 0 1 

0.2974338829517365 0.6949316263198853 -0.6546778082847595 0.2020276188850403 
0.3864103853702545 0.5394191145896912 0.7481403350830078 -0.2830502986907959 
0.8730521202087402 -0.4754965603351593 -0.1080873236060143 0.02659895643591881 
0 0 0 1 

0.627757728099823 0.5567448735237122 -0.5440178513526917 0.1637050360441208 
0.30317622423172 0.4688212871551514 0.8296329975128174 -0.2681282758712769 
0.7169410586357117 -0.6857417821884155 0.1255144029855728 0.00167053984478116 
0 0 0 1 

0.7616171836853027 0.5077787041664124 -0.4026163816452026 0.1162659302353859 
0.240468293428421 0.3554827570915222 0.9032202363014221 -0.2900001704692841 
0.6017591953277588 -0.7847245335578918 0.1486371159553528 -0.007558123674243689 
0 0 0 1 

0.8213574886322021 0.5022740960121155 -0.2703563570976257 0.0767800435423851 
0.1750197559595108 0.2291917204856873 0.9575172066688538 -0.3065807223320007 
0.5428995490074158 -0.8337816596031189 0.1003404781222343 0.006018713116645813 
0 0 0 1 

0.8470398783683777 0.5072422027587891 -0.1588359326124191 0.0469699539244175 
0.1002761721611023 0.1409647464752197 0.984923243522644 -0.3153676986694336 
0.521984875202179 -0.8501967191696167 0.06853850185871124 0.017493586987257 
0 0 0 1 

0.865228533744812 0.4791797995567322 -0.147534191608429 0.0446477048099041 
0.139475405216217 0.05260603129863739 0.9888271689414978 -0.3164743483066559 
0.4815872013568878 -0.8761388659477234 -0.02131757698953152 0.04846658930182457 
0 0 0 1 

