1.000000000000000000e+00 0.000000000000000000e+00 0.000000000000000000e+00 -1.792658120393753052e-02
0.000000000000000000e+00 1.000000000000000000e+00 0.000000000000000000e+00 2.243540808558464050e-02
0.000000000000000000e+00 0.000000000000000000e+00 1.000000000000000000e+00 -3.816788792610168457e-01
0.000000000000000000e+00 0.000000000000000000e+00 0.000000000000000000e+00 1.000000000000000000e+00
9.954143166542053223e-01 5.133032053709030151e-02 -8.071824163198471069e-02 1.646643877029418945e-02
-5.303098261356353760e-02 9.984105229377746582e-01 -1.906694099307060242e-02 2.645992301404476166e-02
7.961121201515197754e-02 2.326011843979358673e-02 9.965542554855346680e-01 -3.788680434226989746e-01
0.000000000000000000e+00 0.000000000000000000e+00 0.000000000000000000e+00 1.000000000000000000e+00
9.701376557350158691e-01 6.823735684156417847e-02 -2.327599823474884033e-01 7.799214124679565430e-02
-7.363292574882507324e-02 9.971790313720703125e-01 -1.456115022301673889e-02 2.572189830243587494e-02
2.311096340417861938e-01 3.126507624983787537e-02 9.724251627922058105e-01 -3.686074018478393555e-01
0.000000000000000000e+00 0.000000000000000000e+00 0.000000000000000000e+00 1.000000000000000000e+00
9.987347722053527832e-01 5.027879402041435242e-02 1.088807475753128529e-03 -1.513724308460950851e-02
-5.028683692216873169e-02 9.986902475357055664e-01 9.432842954993247986e-03 1.647817716002464294e-02
-6.130951805971562862e-04 -9.475709870457649231e-03 9.999551177024841309e-01 -3.683672249317169189e-01
0.000000000000000000e+00 0.000000000000000000e+00 0.000000000000000000e+00 1.000000000000000000e+00
9.927124381065368652e-01 5.559695139527320862e-02 -1.069145873188972473e-01 2.939203567802906036e-02
-5.141129717230796814e-02 9.978145360946655273e-01 4.151681810617446899e-02 7.300075143575668335e-03
1.089890971779823303e-01 -3.571755811572074890e-02 9.934008717536926270e-01 -3.665917813777923584e-01
0.000000000000000000e+00 0.000000000000000000e+00 0.000000000000000000e+00 1.000000000000000000e+00
-2.472714036703109741e-01 8.531712740659713745e-02 -9.651827216148376465e-01 4.035802483558654785e-01
-3.217690065503120422e-02 9.948433041572570801e-01 9.618245065212249756e-02 -9.941972792148590088e-03
9.684118032455444336e-01 5.483976006507873535e-02 -2.432511150836944580e-01 9.894335269927978516e-02
0.000000000000000000e+00 0.000000000000000000e+00 0.000000000000000000e+00 1.000000000000000000e+00
-2.230009436607360840e-01 1.056012734770774841e-01 -9.690819382667541504e-01 3.993490636348724365e-01
-1.569994539022445679e-02 9.935971498489379883e-01 1.118855252861976624e-01 -1.179553568363189697e-02
9.746916294097900391e-01 4.016511142253875732e-02 -2.199152261018753052e-01 9.508123993873596191e-02
0.000000000000000000e+00 0.000000000000000000e+00 0.000000000000000000e+00 1.000000000000000000e+00
-2.491886764764785767e-01 9.773562848567962646e-02 -9.635104537010192871e-01 3.912343084812164307e-01
-2.020069211721420288e-02 9.941532015800476074e-01 1.060683876276016235e-01 -5.457301158457994461e-03
9.682440161705017090e-01 4.589465633034706116e-02 -2.457575350999832153e-01 1.114353537559509277e-01
0.000000000000000000e+00 0.000000000000000000e+00 0.000000000000000000e+00 1.000000000000000000e+00
-2.441224306821823120e-01 9.310492873191833496e-02 -9.652642011642456055e-01 3.850758969783782959e-01
-2.691935934126377106e-02 9.943463206291198730e-01 1.027181074023246765e-01 -2.401440870016813278e-03
9.693701863288879395e-01 5.106011033058166504e-02 -2.402360588312149048e-01 1.165987029671669006e-01
0.000000000000000000e+00 0.000000000000000000e+00 0.000000000000000000e+00 1.000000000000000000e+00
-2.379801720380783081e-01 8.709714561700820923e-02 -9.673566222190856934e-01 3.800543546676635742e-01
-4.547762125730514526e-02 9.938797950744628906e-01 1.006732508540153503e-01 6.880434229969978333e-04
9.702044129371643066e-01 6.795132160186767578e-02 -2.325626462697982788e-01 1.213037967681884766e-01
0.000000000000000000e+00 0.000000000000000000e+00 0.000000000000000000e+00 1.000000000000000000e+00
-2.313219755887985229e-01 7.119783759117126465e-02 -9.702685475349426270e-01 3.749358654022216797e-01
-7.053146511316299438e-02 9.934665560722351074e-01 8.971553295850753784e-02 6.865601520985364914e-03
9.703173637390136719e-01 8.918774127960205078e-02 -2.247889190912246704e-01 1.267306804656982422e-01
0.000000000000000000e+00 0.000000000000000000e+00 0.000000000000000000e+00 1.000000000000000000e+00
-2.166066169738769531e-01 5.613945797085762024e-02 -9.746436476707458496e-01 3.724048137664794922e-01
-9.841211140155792236e-02 9.920042753219604492e-01 7.901076227426528931e-02 1.429202593863010406e-02
9.712861776351928711e-01 1.130309849977493286e-01 -2.093498706817626953e-01 1.283817887306213379e-01
0.000000000000000000e+00 0.000000000000000000e+00 0.000000000000000000e+00 1.000000000000000000e+00
-1.826479136943817139e-01 6.883689761161804199e-02 -9.807656407356262207e-01 3.742530047893524170e-01
-9.627165645360946655e-02 9.915000200271606445e-01 8.751900494098663330e-02 1.529538538306951523e-02
9.784533977508544922e-01 1.104050949215888977e-01 -1.744684725999832153e-01 1.213874891400337219e-01
0.000000000000000000e+00 0.000000000000000000e+00 0.000000000000000000e+00 1.000000000000000000e+00
-1.836162954568862915e-01 6.463710963726043701e-02 -9.808706045150756836e-01 3.735350966453552246e-01
-1.316151469945907593e-01 9.872345328330993652e-01 8.969442546367645264e-02 1.782131753861904144e-02
9.741474390029907227e-01 1.455668807029724121e-01 -1.727651208639144897e-01 1.272278875112533569e-01
0.000000000000000000e+00 0.000000000000000000e+00 0.000000000000000000e+00 1.000000000000000000e+00
-1.659128218889236450e-01 7.099229842424392700e-02 -9.835816025733947754e-01 3.750481307506561279e-01
-1.443020403385162354e-01 9.849212169647216797e-01 9.543019533157348633e-02 1.804887689650058746e-02
9.755256772041320801e-01 1.577659249305725098e-01 -1.531667709350585938e-01 1.262044906616210938e-01
0.000000000000000000e+00 0.000000000000000000e+00 0.000000000000000000e+00 1.000000000000000000e+00
-1.432652473449707031e-01 7.560550421476364136e-02 -9.867921471595764160e-01 3.767267763614654541e-01
-1.696884781122207642e-01 9.804363250732421875e-01 9.975436329841613770e-02 1.865989528596401215e-02
9.750287532806396484e-01 1.817385107278823853e-01 -1.276330947875976562e-01 1.258556097745895386e-01
0.000000000000000000e+00 0.000000000000000000e+00 0.000000000000000000e+00 1.000000000000000000e+00
-1.227590590715408325e-01 7.787942886352539062e-02 -9.893760681152343750e-01 3.784877657890319824e-01
-1.821989864110946655e-01 9.782033562660217285e-01 9.960671514272689819e-02 2.237742394208908081e-02
9.755685329437255859e-01 1.924909651279449463e-01 -1.058938130736351013e-01 1.269896775484085083e-01
0.000000000000000000e+00 0.000000000000000000e+00 0.000000000000000000e+00 1.000000000000000000e+00
-8.183903992176055908e-02 7.177624106407165527e-02 -9.940575361251831055e-01 3.812510371208190918e-01
-2.100026905536651611e-01 9.737682342529296875e-01 8.760041743516921997e-02 2.783657237887382507e-02
9.742697477340698242e-01 2.159239202737808228e-01 -6.461913883686065674e-02 1.210434734821319580e-01
0.000000000000000000e+00 0.000000000000000000e+00 0.000000000000000000e+00 1.000000000000000000e+00
-1.077772956341505051e-02 9.798126667737960815e-02 -9.951299428939819336e-01 3.893096745014190674e-01
-2.294556051492691040e-01 9.683899283409118652e-01 9.783349186182022095e-02 2.357823401689529419e-02
9.732596874237060547e-01 2.293925434350967407e-01 1.204551104456186295e-02 1.110489591956138611e-01
0.000000000000000000e+00 0.000000000000000000e+00 0.000000000000000000e+00 1.000000000000000000e+00
3.436189889907836914e-02 1.495888233184814453e-01 -9.881505966186523438e-01 4.050275683403015137e-01
-2.366827428340911865e-01 9.618258476257324219e-01 1.373733282089233398e-01 9.402473457157611847e-03
9.709786772727966309e-01 2.291578501462936401e-01 6.845530867576599121e-02 1.145092546939849854e-01
0.000000000000000000e+00 0.000000000000000000e+00 0.000000000000000000e+00 1.000000000000000000e+00
8.804556727409362793e-02 1.735283881425857544e-01 -9.808849096298217773e-01 4.169845879077911377e-01
-2.657955586910247803e-01 9.530994892120361328e-01 1.447547376155853271e-01 8.928422816097736359e-03
9.599998593330383301e-01 2.479699850082397461e-01 1.300393640995025635e-01 9.363213926553726196e-02
0.000000000000000000e+00 0.000000000000000000e+00 0.000000000000000000e+00 1.000000000000000000e+00
9.996343404054641724e-02 2.074344009160995483e-01 -9.731277227401733398e-01 4.095060527324676514e-01
-1.904732286930084229e-01 9.639285206794738770e-01 1.859072893857955933e-01 -9.230813011527061462e-03
9.765892028808593750e-01 1.667709797620773315e-01 1.358683854341506958e-01 7.898537069559097290e-02
0.000000000000000000e+00 0.000000000000000000e+00 0.000000000000000000e+00 1.000000000000000000e+00
8.663497120141983032e-02 2.172741144895553589e-01 -9.722585678100585938e-01 4.036917388439178467e-01
-1.566194742918014526e-01 9.667623639106750488e-01 2.020900100469589233e-01 -1.698830164968967438e-02
9.838518500328063965e-01 1.347665190696716309e-01 1.177846789360046387e-01 8.116614818572998047e-02
0.000000000000000000e+00 0.000000000000000000e+00 0.000000000000000000e+00 1.000000000000000000e+00
-6.806529313325881958e-02 2.619400918483734131e-01 -9.626814126968383789e-01 3.705005943775177002e-01
-6.370230764150619507e-02 9.618085622787475586e-01 2.662066221237182617e-01 -5.007565394043922424e-02
9.956448674201965332e-01 7.944461703300476074e-02 -4.878005385398864746e-02 1.266180723905563354e-01
0.000000000000000000e+00 0.000000000000000000e+00 0.000000000000000000e+00 1.000000000000000000e+00
-6.150054279714822769e-03 3.203067481517791748e-01 -9.472938776016235352e-01 3.551057875156402588e-01
-2.140097878873348236e-02 9.470523595809936523e-01 3.203641176223754883e-01 -7.894800603389739990e-02
9.997521042823791504e-01 2.224324643611907959e-02 1.030455227009952068e-03 9.816548228263854980e-02
0.000000000000000000e+00 0.000000000000000000e+00 0.000000000000000000e+00 1.000000000000000000e+00
5.276658385992050171e-02 3.927410840988159180e-01 -9.181339144706726074e-01 3.389601111412048340e-01
1.666770689189434052e-02 9.189404249191284180e-01 3.940439224243164062e-01 -1.072467938065528870e-01
9.984675645828247070e-01 -3.609548509120941162e-02 4.194328561425209045e-02 7.873517274856567383e-02
0.000000000000000000e+00 0.000000000000000000e+00 0.000000000000000000e+00 1.000000000000000000e+00
1.148027107119560242e-01 4.308229982852935791e-01 -8.951043486595153809e-01 3.264938294887542725e-01
5.625625699758529663e-02 8.967964053153991699e-01 4.388525485992431641e-01 -1.249918639659881592e-01
9.917941093444824219e-01 -1.007366403937339783e-01 7.871815562248229980e-02 6.128812208771705627e-02
0.000000000000000000e+00 0.000000000000000000e+00 0.000000000000000000e+00 1.000000000000000000e+00
2.465324401855468750e-01 4.805562496185302734e-01 -8.415980935096740723e-01 3.056946992874145508e-01
1.244621351361274719e-01 8.455109000205993652e-01 5.192496180534362793e-01 -1.548708826303482056e-01
9.611092209815979004e-01 -2.327590137720108032e-01 1.486348509788513184e-01 3.078826889395713806e-02
0.000000000000000000e+00 0.000000000000000000e+00 0.000000000000000000e+00 1.000000000000000000e+00
2.814534604549407959e-01 5.202369093894958496e-01 -8.063109517097473145e-01 2.902433872222900391e-01
1.405292749404907227e-01 8.088728189468383789e-01 5.709432959556579590e-01 -1.745583415031433105e-01
9.492287635803222656e-01 -2.740042507648468018e-01 1.545515656471252441e-01 2.496995590627193451e-02
0.000000000000000000e+00 0.000000000000000000e+00 0.000000000000000000e+00 1.000000000000000000e+00
3.025909960269927979e-01 5.702387690544128418e-01 -7.637188434600830078e-01 2.711926698684692383e-01
1.655572801828384399e-01 7.576559782028198242e-01 6.313067078590393066e-01 -1.945183277130126953e-01
9.386316537857055664e-01 -3.174669146537780762e-01 1.348527073860168457e-01 2.764903008937835693e-02
0.000000000000000000e+00 0.000000000000000000e+00 0.000000000000000000e+00 1.000000000000000000e+00
3.175151050090789795e-01 5.906828045845031738e-01 -7.418072819709777832e-01 2.582096755504608154e-01
1.629309505224227905e-01 7.366700172424316406e-01 6.563313603401184082e-01 -2.028979659080505371e-01
9.341507554054260254e-01 -3.292584419250488281e-01 1.376633048057556152e-01 2.359011955559253693e-02
0.000000000000000000e+00 0.000000000000000000e+00 0.000000000000000000e+00 1.000000000000000000e+00
3.298570513725280762e-01 6.063807010650634766e-01 -7.235308289527893066e-01 2.467571347951889038e-01
1.769196838140487671e-01 7.131398320198059082e-01 6.783295869827270508e-01 -2.093253731727600098e-01
9.273045659065246582e-01 -3.517585992813110352e-01 1.279534846544265747e-01 2.300269156694412231e-02
0.000000000000000000e+00 0.000000000000000000e+00 0.000000000000000000e+00 1.000000000000000000e+00
3.284785151481628418e-01 6.446163654327392578e-01 -6.903415322303771973e-01 2.306797951459884644e-01
1.799132525920867920e-01 6.748129129409790039e-01 7.157225608825683594e-01 -2.202119976282119751e-01
9.272177815437316895e-01 -3.593010306358337402e-01 1.056864783167839050e-01 2.505801431834697723e-02
0.000000000000000000e+00 0.000000000000000000e+00 0.000000000000000000e+00 1.000000000000000000e+00
2.706560790538787842e-01 7.119829058647155762e-01 -6.479394435882568359e-01 2.077865004539489746e-01
1.480309814214706421e-01 6.342750191688537598e-01 7.588030099868774414e-01 -2.305108904838562012e-01
9.512265920639038086e-01 -3.012897968292236328e-01 6.627491116523742676e-02 2.719515189528465271e-02
0.000000000000000000e+00 0.000000000000000000e+00 0.000000000000000000e+00 1.000000000000000000e+00
1.667898297309875488e-01 7.596822977066040039e-01 -6.285411119461059570e-01 1.978752166032791138e-01
1.360003650188446045e-01 6.136519908905029297e-01 7.777757644653320312e-01 -2.345934063196182251e-01
9.765679836273193359e-01 -2.152069509029388428e-01 -9.661453659646213055e-04 4.092250019311904907e-02
0.000000000000000000e+00 0.000000000000000000e+00 0.000000000000000000e+00 1.000000000000000000e+00
2.420576810836791992e-01 7.912526726722717285e-01 -5.615402460098266602e-01 1.753904968500137329e-01
1.216752231121063232e-01 5.494275689125061035e-01 8.266344666481018066e-01 -2.449435591697692871e-01
9.626023769378662109e-01 -2.684187591075897217e-01 3.671737015247344971e-02 1.965822651982307434e-02
0.000000000000000000e+00 0.000000000000000000e+00 0.000000000000000000e+00 1.000000000000000000e+00
3.813287019729614258e-01 7.727023959159851074e-01 -5.074636936187744141e-01 1.566587537527084351e-01
1.076879426836967468e-01 5.080751180648803711e-01 8.545542359352111816e-01 -2.484803944826126099e-01
9.181457757949829102e-01 -3.805137276649475098e-01 1.105329543352127075e-01 -9.656726382672786713e-03
0.000000000000000000e+00 0.000000000000000000e+00 0.000000000000000000e+00 1.000000000000000000e+00
5.167449712753295898e-01 7.470765709877014160e-01 -4.181516766548156738e-01 1.261834949254989624e-01
3.293595835566520691e-02 4.707071483135223389e-01 8.816744685173034668e-01 -2.485954910516738892e-01
8.555057048797607422e-01 -4.693729579448699951e-01 2.186299562454223633e-01 -4.473388567566871643e-02
0.000000000000000000e+00 0.000000000000000000e+00 0.000000000000000000e+00 1.000000000000000000e+00
6.127492785453796387e-01 7.171158790588378906e-01 -3.320883214473724365e-01 1.049665957689285278e-01
-2.873376011848449707e-02 4.401560127735137939e-01 8.974614143371582031e-01 -2.446635514497756958e-01
7.897546291351318359e-01 -5.403767824172973633e-01 2.903109192848205566e-01 -6.483840197324752808e-02
0.000000000000000000e+00 0.000000000000000000e+00 0.000000000000000000e+00 1.000000000000000000e+00
6.076440215110778809e-01 7.627061009407043457e-01 -2.214690148830413818e-01 8.032532781362533569e-02
-1.077150851488113403e-01 3.554210066795349121e-01 9.284793734550476074e-01 -2.557905316352844238e-01
7.868712544441223145e-01 -5.403291583061218262e-01 2.981245219707489014e-01 -6.280741095542907715e-02
0.000000000000000000e+00 0.000000000000000000e+00 0.000000000000000000e+00 1.000000000000000000e+00
6.022078394889831543e-01 7.932353019714355469e-01 -9.012947231531143188e-02 4.478821530938148499e-02
-1.807859092950820923e-01 2.454630434513092041e-01 9.523991346359252930e-01 -2.715296745300292969e-01
7.776003479957580566e-01 -5.572484731674194336e-01 2.912255227565765381e-01 -5.711940303444862366e-02
0.000000000000000000e+00 0.000000000000000000e+00 0.000000000000000000e+00 1.000000000000000000e+00
6.106678843498229980e-01 7.916381955146789551e-01 1.985681615769863129e-02 9.682424366474151611e-03
-2.041391581296920776e-01 1.331457048654556274e-01 9.698446393013000488e-01 -2.852987051010131836e-01
7.651224136352539062e-01 -5.963063240051269531e-01 2.429120838642120361e-01 -4.241156950592994690e-02
0.000000000000000000e+00 0.000000000000000000e+00 0.000000000000000000e+00 1.000000000000000000e+00
6.262502074241638184e-01 7.681889533996582031e-01 1.330306679010391235e-01 -3.181102126836776733e-02
-2.339313477277755737e-01 2.238289639353752136e-02 9.719952344894409180e-01 -2.920158505439758301e-01
7.436982989311218262e-01 -6.398321390151977539e-01 1.937207728624343872e-01 -3.023247234523296356e-02
0.000000000000000000e+00 0.000000000000000000e+00 0.000000000000000000e+00 1.000000000000000000e+00
6.435980796813964844e-01 7.293220162391662598e-01 2.321020215749740601e-01 -7.075732946395874023e-02
-2.401121556758880615e-01 -9.554389119148254395e-02 9.660316109657287598e-01 -2.971824407577514648e-01
7.267241477966308594e-01 -6.774666905403137207e-01 1.136272102594375610e-01 -7.734230719506740570e-03
0.000000000000000000e+00 0.000000000000000000e+00 0.000000000000000000e+00 1.000000000000000000e+00
6.128948330879211426e-01 7.836720347404479980e-01 1.010850816965103149e-01 -2.057486027479171753e-02
-3.021506071090698242e-01 1.142320856451988220e-01 9.463909268379211426e-01 -2.735084593296051025e-01
7.301130294799804688e-01 -6.105808019638061523e-01 3.067991733551025391e-01 -7.693606615066528320e-02
0.000000000000000000e+00 0.000000000000000000e+00 0.000000000000000000e+00 1.000000000000000000e+00
5.974929928779602051e-01 8.012657761573791504e-01 3.122993372380733490e-02 4.545570816844701767e-03
-3.827922940254211426e-01 2.507878839969635010e-01 8.891431689262390137e-01 -2.459893524646759033e-01
7.046077847480773926e-01 -5.432114005088806152e-01 4.565624594688415527e-01 -1.188123896718025208e-01
0.000000000000000000e+00 0.000000000000000000e+00 0.000000000000000000e+00 1.000000000000000000e+00
5.758129358291625977e-01 8.126968145370483398e-01 -8.923632651567459106e-02 4.187133163213729858e-02
-4.472168087959289551e-01 4.044581651687622070e-01 7.977538108825683594e-01 -2.060616612434387207e-01
6.844241023063659668e-01 -4.194489121437072754e-01 5.963438153266906738e-01 -1.546107679605484009e-01
0.000000000000000000e+00 0.000000000000000000e+00 0.000000000000000000e+00 1.000000000000000000e+00
5.930591821670532227e-01 7.918758392333984375e-01 -1.456473320722579956e-01 5.810409039258956909e-02
-5.149939060211181641e-01 5.121241807937622070e-01 6.873930692672729492e-01 -1.635702848434448242e-01
6.189196705818176270e-01 -3.326573967933654785e-01 7.115317583084106445e-01 -1.802949607372283936e-01
0.000000000000000000e+00 0.000000000000000000e+00 0.000000000000000000e+00 1.000000000000000000e+00
5.920304656028747559e-01 7.831360101699829102e-01 -1.902577877044677734e-01 6.941432505846023560e-02
-5.697072744369506836e-01 5.736595392227172852e-01 5.885141491889953613e-01 -1.304023116827011108e-01
5.700295567512512207e-01 -2.400269508361816406e-01 7.857819795608520508e-01 -1.953776627779006958e-01
0.000000000000000000e+00 0.000000000000000000e+00 0.000000000000000000e+00 1.000000000000000000e+00
5.865325927734375000e-01 7.896983623504638672e-01 -1.798751950263977051e-01 6.275791674852371216e-02
-6.595266461372375488e-01 5.945975780487060547e-01 4.598676860332489014e-01 -9.481678903102874756e-02
4.701104164123535156e-01 -1.510948836803436279e-01 8.695783019065856934e-01 -2.126716077327728271e-01
0.000000000000000000e+00 0.000000000000000000e+00 0.000000000000000000e+00 1.000000000000000000e+00
5.742281079292297363e-01 7.932135462760925293e-01 -2.026688307523727417e-01 6.438232958316802979e-02
-7.130138278007507324e-01 6.061927676200866699e-01 3.523371517658233643e-01 -6.394717842340469360e-02
4.023348093032836914e-01 -5.781609937548637390e-02 9.136648774147033691e-01 -2.199338823556900024e-01
0.000000000000000000e+00 0.000000000000000000e+00 0.000000000000000000e+00 1.000000000000000000e+00
5.642093420028686523e-01 7.821972370147705078e-01 -2.642622888088226318e-01 7.596892863512039185e-02
-7.526564598083496094e-01 6.188483238220214844e-01 2.247991710901260376e-01 -2.687054686248302460e-02
3.393756151199340820e-01 7.206493616104125977e-02 9.378862977027893066e-01 -2.214653342962265015e-01
0.000000000000000000e+00 0.000000000000000000e+00 0.000000000000000000e+00 1.000000000000000000e+00
5.584231019020080566e-01 7.848357558250427246e-01 -2.686941325664520264e-01 7.527860254049301147e-02
-7.794626951217651367e-01 6.072668433189392090e-01 1.538354456424713135e-01 -7.418573834002017975e-03
2.839046418666839600e-01 1.235317811369895935e-01 9.508616924285888672e-01 -2.229197323322296143e-01
0.000000000000000000e+00 0.000000000000000000e+00 0.000000000000000000e+00 1.000000000000000000e+00
5.331301689147949219e-01 7.986868619918823242e-01 -2.790541648864746094e-01 7.507738471031188965e-02
-8.285748958587646484e-01 5.595695972442626953e-01 1.857264153659343719e-02 2.799378708004951477e-02
1.709839254617691040e-01 2.213158160448074341e-01 9.600957036018371582e-01 -2.228995859622955322e-01
0.000000000000000000e+00 0.000000000000000000e+00 0.000000000000000000e+00 1.000000000000000000e+00
5.249140858650207520e-01 8.014179468154907227e-01 -2.866968810558319092e-01 7.413461804389953613e-02
-8.495986461639404297e-01 5.137012600898742676e-01 -1.195573583245277405e-01 6.429216265678405762e-02
5.146109312772750854e-02 3.063344359397888184e-01 9.505320191383361816e-01 -2.183240652084350586e-01
0.000000000000000000e+00 0.000000000000000000e+00 0.000000000000000000e+00 1.000000000000000000e+00
5.358758568763732910e-01 7.875407934188842773e-01 -3.043294250965118408e-01 7.539410144090652466e-02
-8.431429266929626465e-01 4.803318679332733154e-01 -2.416420727968215942e-01 9.560818225145339966e-02
-4.412385821342468262e-02 3.860833048820495605e-01 9.214078783988952637e-01 -2.073192596435546875e-01
0.000000000000000000e+00 0.000000000000000000e+00 0.000000000000000000e+00 1.000000000000000000e+00
5.055332183837890625e-01 8.033357262611389160e-01 -3.147825002670288086e-01 7.665876299142837524e-02
-8.444750905036926270e-01 3.858801424503326416e-01 -3.714275658130645752e-01 1.288628727197647095e-01
-1.769127994775772095e-01 4.535946547985076904e-01 8.734719753265380859e-01 -1.889004260301589966e-01
0.000000000000000000e+00 0.000000000000000000e+00 0.000000000000000000e+00 1.000000000000000000e+00
4.918290972709655762e-01 8.056240081787109375e-01 -3.302632868289947510e-01 8.059366792440414429e-02
-8.252424001693725586e-01 3.103714585304260254e-01 -4.718522727489471436e-01 1.545490175485610962e-01
-2.776312232017517090e-01 5.046178102493286133e-01 8.174850940704345703e-01 -1.705663055181503296e-01
0.000000000000000000e+00 0.000000000000000000e+00 0.000000000000000000e+00 1.000000000000000000e+00
4.673571288585662842e-01 8.204782009124755859e-01 -3.292295336723327637e-01 8.380852639675140381e-02
-8.059478402137756348e-01 2.423560917377471924e-01 -5.401026010513305664e-01 1.715269088745117188e-01
-3.633517622947692871e-01 5.177627801895141602e-01 7.745302915573120117e-01 -1.553753763437271118e-01
0.000000000000000000e+00 0.000000000000000000e+00 0.000000000000000000e+00 1.000000000000000000e+00
4.262214004993438721e-01 8.441737890243530273e-01 -3.251243829727172852e-01 8.892443031072616577e-02
-7.896140217781066895e-01 1.718036681413650513e-01 -5.890613794326782227e-01 1.820604950189590454e-01
-4.414128065109252930e-01 5.077935457229614258e-01 7.397982478141784668e-01 -1.401377022266387939e-01
0.000000000000000000e+00 0.000000000000000000e+00 0.000000000000000000e+00 1.000000000000000000e+00
3.809439241886138916e-01 8.743866682052612305e-01 -3.005484640598297119e-01 9.039658308029174805e-02
-7.785465717315673828e-01 1.280071288347244263e-01 -6.143929362297058105e-01 1.849451214075088501e-01
-4.987444579601287842e-01 4.680404663085937500e-01 7.295146584510803223e-01 -1.306648254394531250e-01
0.000000000000000000e+00 0.000000000000000000e+00 0.000000000000000000e+00 1.000000000000000000e+00
2.761317789554595947e-01 9.281054735183715820e-01 -2.497424185276031494e-01 8.763678371906280518e-02
-7.723548412322998047e-01 5.962470918893814087e-02 -6.323866844177246094e-01 1.837648004293441772e-01
-5.720304846763610840e-01 3.675120472908020020e-01 7.332913875579833984e-01 -1.254335939884185791e-01
0.000000000000000000e+00 0.000000000000000000e+00 0.000000000000000000e+00 1.000000000000000000e+00
1.021438539028167725e-01 9.705402851104736328e-01 -2.182179093360900879e-01 9.123973548412322998e-02
-7.853772640228271484e-01 -5.595454201102256775e-02 -6.164834499359130859e-01 1.669865101575851440e-01
-6.105317473411560059e-01 2.343533039093017578e-01 7.565245628356933594e-01 -1.287372857332229614e-01
0.000000000000000000e+00 0.000000000000000000e+00 0.000000000000000000e+00 1.000000000000000000e+00
-7.601705193519592285e-02 9.779505133628845215e-01 -1.945112794637680054e-01 8.751698583364486694e-02
-7.871916294097900391e-01 -1.785945892333984375e-01 -5.902827382087707520e-01 1.510913670063018799e-01
-6.120058894157409668e-01 1.082459986209869385e-01 7.834104299545288086e-01 -1.362313330173492432e-01
0.000000000000000000e+00 0.000000000000000000e+00 0.000000000000000000e+00 1.000000000000000000e+00
-1.903041899204254150e-01 9.568049907684326172e-01 -2.197909355163574219e-01 9.224295616149902344e-02
-7.513046264648437500e-01 -2.860507071018218994e-01 -5.947403311729431152e-01 1.546201854944229126e-01
-6.319221854209899902e-01 5.194824188947677612e-02 7.732890844345092773e-01 -1.317684203386306763e-01
0.000000000000000000e+00 0.000000000000000000e+00 0.000000000000000000e+00 1.000000000000000000e+00
-2.390657961368560791e-01 9.545046091079711914e-01 -1.782359927892684937e-01 8.932171016931533813e-02
-7.104589939117431641e-01 -2.970697581768035889e-01 -6.379636526107788086e-01 1.691492646932601929e-01
-6.618879437446594238e-01 -2.588597685098648071e-02 7.491557598114013672e-01 -1.228742972016334534e-01
0.000000000000000000e+00 0.000000000000000000e+00 0.000000000000000000e+00 1.000000000000000000e+00
-3.358307778835296631e-01 9.297034144401550293e-01 -1.512238234281539917e-01 9.414852410554885864e-02
-6.937919259071350098e-01 -3.527428805828094482e-01 -6.278733015060424805e-01 1.635017544031143188e-01
-6.370794177055358887e-01 -1.059414967894554138e-01 7.634829878807067871e-01 -1.186145991086959839e-01
0.000000000000000000e+00 0.000000000000000000e+00 0.000000000000000000e+00 1.000000000000000000e+00
2.341519296169281006e-01 9.160101413726806641e-01 -3.257273733615875244e-01 8.686930686235427856e-02
-7.364954352378845215e-01 -5.157427117228507996e-02 -6.744732260704040527e-01 1.829609721899032593e-01
-6.346237063407897949e-01 3.978261053562164307e-01 6.625614762306213379e-01 -1.007102653384208679e-01
0.000000000000000000e+00 0.000000000000000000e+00 0.000000000000000000e+00 1.000000000000000000e+00
5.391293168067932129e-01 7.710100412368774414e-01 -3.389442563056945801e-01 7.456533610820770264e-02
-7.675143480300903320e-01 2.840592563152313232e-01 -5.746585130691528320e-01 1.740444898605346680e-01
-3.467871546745300293e-01 5.699596405029296875e-01 7.449058294296264648e-01 -1.575963646173477173e-01
0.000000000000000000e+00 0.000000000000000000e+00 0.000000000000000000e+00 1.000000000000000000e+00
5.949906706809997559e-01 7.307456731796264648e-01 -3.346601724624633789e-01 7.149662822484970093e-02
-7.708610296249389648e-01 4.009716808795928955e-01 -4.949697852134704590e-01 1.561412811279296875e-01
-2.275074720382690430e-01 5.524784326553344727e-01 8.018775582313537598e-01 -1.870436221361160278e-01
0.000000000000000000e+00 0.000000000000000000e+00 0.000000000000000000e+00 1.000000000000000000e+00
6.043483614921569824e-01 7.398518919944763184e-01 -2.956042289733886719e-01 6.079031899571418762e-02
-7.698134183883666992e-01 4.466484189033508301e-01 -4.559522271156311035e-01 1.471453458070755005e-01
-2.053060382604598999e-01 5.031139254570007324e-01 8.394790887832641602e-01 -2.031219601631164551e-01
0.000000000000000000e+00 0.000000000000000000e+00 0.000000000000000000e+00 1.000000000000000000e+00
6.253905296325683594e-01 7.455171346664428711e-01 -2.304144054651260376e-01 4.154073446989059448e-02
-7.605885863304138184e-01 5.164307951927185059e-01 -3.934510946273803711e-01 1.302420049905776978e-01
-1.743315160274505615e-01 4.213114380836486816e-01 8.900034427642822266e-01 -2.228496372699737549e-01
0.000000000000000000e+00 0.000000000000000000e+00 0.000000000000000000e+00 1.000000000000000000e+00
6.364892721176147461e-01 7.559178471565246582e-01 -1.531972587108612061e-01 1.915117353200912476e-02
-7.475101351737976074e-01 5.556409358978271484e-01 -3.639941811561584473e-01 1.232330724596977234e-01
-1.900271475315093994e-01 3.461947739124298096e-01 9.187158942222595215e-01 -2.351247370243072510e-01
0.000000000000000000e+00 0.000000000000000000e+00 0.000000000000000000e+00 1.000000000000000000e+00
6.549172401428222656e-01 7.519880533218383789e-01 -7.480984181165695190e-02 -5.159630905836820602e-03
-7.282415628433227539e-01 6.015777587890625000e-01 -3.282807767391204834e-01 1.129399910569190979e-01
-2.018594443798065186e-01 2.694762945175170898e-01 9.416131377220153809e-01 -2.453611195087432861e-01
0.000000000000000000e+00 0.000000000000000000e+00 0.000000000000000000e+00 1.000000000000000000e+00
6.666588783264160156e-01 7.449988722801208496e-01 -2.328313887119293213e-02 -2.233630046248435974e-02
-7.212210297584533691e-01 6.368659138679504395e-01 -2.724718451499938965e-01 9.674606472253799438e-02
-1.881631761789321899e-01 1.984381079673767090e-01 9.618819952011108398e-01 -2.550352811813354492e-01
0.000000000000000000e+00 0.000000000000000000e+00 0.000000000000000000e+00 1.000000000000000000e+00
7.087575793266296387e-01 7.036796808242797852e-01 4.997296258807182312e-02 -4.981107264757156372e-02
-6.822421550750732422e-01 7.017380595207214355e-01 -2.052053511142730713e-01 7.643046975135803223e-02
-1.794669032096862793e-01 1.113471314311027527e-01 9.774422645568847656e-01 -2.638861238956451416e-01
0.000000000000000000e+00 0.000000000000000000e+00 0.000000000000000000e+00 1.000000000000000000e+00
7.468926310539245605e-01 6.584153771400451660e-01 9.295040369033813477e-02 -6.685797870159149170e-02
-6.442535519599914551e-01 7.511470317840576172e-01 -1.439298838376998901e-01 5.674289166927337646e-02
-1.645850688219070435e-01 4.761651530861854553e-02 9.852127432823181152e-01 -2.690607607364654541e-01
0.000000000000000000e+00 0.000000000000000000e+00 0.000000000000000000e+00 1.000000000000000000e+00
7.740009427070617676e-01 6.130976080894470215e-01 1.582206636667251587e-01 -9.131550788879394531e-02
-6.123288869857788086e-01 7.883666753768920898e-01 -5.942628160119056702e-02 2.876004017889499664e-02
-1.611700057983398438e-01 -5.088721588253974915e-02 9.856136441230773926e-01 -2.718153595924377441e-01
0.000000000000000000e+00 0.000000000000000000e+00 0.000000000000000000e+00 1.000000000000000000e+00
7.955574393272399902e-01 5.707955360412597656e-01 2.031758874654769897e-01 -1.095756441354751587e-01
-5.862206220626831055e-01 8.099021911621093750e-01 2.009890601038932800e-02 2.556285820901393890e-03
-1.530801802873611450e-01 -1.350957304239273071e-01 9.789358377456665039e-01 -2.733368873596191406e-01
0.000000000000000000e+00 0.000000000000000000e+00 0.000000000000000000e+00 1.000000000000000000e+00
8.267984986305236816e-01 5.148380994796752930e-01 2.265959680080413818e-01 -1.213503852486610413e-01
-5.469437837600708008e-01 8.298968672752380371e-01 1.101059243083000183e-01 -2.864097803831100464e-02
-1.313645541667938232e-01 -2.149706780910491943e-01 9.677455425262451172e-01 -2.730058729648590088e-01
0.000000000000000000e+00 0.000000000000000000e+00 0.000000000000000000e+00 1.000000000000000000e+00
8.432421088218688965e-01 4.920412898063659668e-01 2.164214998483657837e-01 -1.224655136466026306e-01
-5.323056578636169434e-01 8.203879594802856445e-01 2.088411748409271240e-01 -6.228170916438102722e-02
-7.479101419448852539e-02 -2.913061082363128662e-01 9.537016153335571289e-01 -2.723199129104614258e-01
0.000000000000000000e+00 0.000000000000000000e+00 0.000000000000000000e+00 1.000000000000000000e+00
8.542774915695190430e-01 4.888685643672943115e-01 1.766838133335113525e-01 -1.136132255196571350e-01
-5.198169946670532227e-01 8.034623861312866211e-01 2.902389466762542725e-01 -9.187575429677963257e-02
-6.988637323956936598e-05 -3.397878706455230713e-01 9.405021071434020996e-01 -2.729785740375518799e-01
0.000000000000000000e+00 0.000000000000000000e+00 0.000000000000000000e+00 1.000000000000000000e+00
8.611637353897094727e-01 4.913948476314544678e-01 1.301057636737823486e-01 -1.024808138608932495e-01
-5.017172098159790039e-01 7.805120348930358887e-01 3.729346394538879395e-01 -1.210622861981391907e-01
8.170919865369796753e-02 -3.864343762397766113e-01 9.186905026435852051e-01 -2.711438834667205811e-01
0.000000000000000000e+00 0.000000000000000000e+00 0.000000000000000000e+00 1.000000000000000000e+00
8.786091208457946777e-01 4.700116813182830811e-01 8.446883410215377808e-02 -9.182186424732208252e-02
-4.543592035770416260e-01 7.683331370353698730e-01 4.508004784584045410e-01 -1.519192457199096680e-01
1.469815373420715332e-01 -4.344567358493804932e-01 8.886187076568603516e-01 -2.675272524356842041e-01
0.000000000000000000e+00 0.000000000000000000e+00 0.000000000000000000e+00 1.000000000000000000e+00
8.984960317611694336e-01 4.379429817199707031e-01 3.017694503068923950e-02 -7.721710205078125000e-02
-3.806950747966766357e-01 7.431254386901855469e-01 5.503044724464416504e-01 -1.902175098657608032e-01
2.185769528150558472e-01 -5.059349536895751953e-01 8.344182968139648438e-01 -2.614722549915313721e-01
0.000000000000000000e+00 0.000000000000000000e+00 0.000000000000000000e+00 1.000000000000000000e+00
9.320191740989685059e-01 3.621721863746643066e-01 1.307148113846778870e-02 -7.299780845642089844e-02
-2.924430966377258301e-01 7.302957177162170410e-01 6.173691153526306152e-01 -2.154424637556076050e-01
2.140480577945709229e-01 -5.792226791381835938e-01 7.865645885467529297e-01 -2.557282149791717529e-01
0.000000000000000000e+00 0.000000000000000000e+00 0.000000000000000000e+00 1.000000000000000000e+00
9.508675932884216309e-01 3.049932718276977539e-01 -5.319108441472053528e-02 -5.243187397718429565e-02
-1.899581700563430786e-01 7.104121446609497070e-01 6.776656508445739746e-01 -2.399819493293762207e-01
2.444711327552795410e-01 -6.342661976814270020e-01 7.334439754486083984e-01 -2.488056868314743042e-01
0.000000000000000000e+00 0.000000000000000000e+00 0.000000000000000000e+00 1.000000000000000000e+00
9.338298439979553223e-01 3.260107636451721191e-01 -1.472357958555221558e-01 -1.904800534248352051e-02
-1.224966943264007568e-01 6.781502962112426758e-01 7.246422767639160156e-01 -2.576922774314880371e-01
3.360893130302429199e-01 -6.586567759513854980e-01 6.732124090194702148e-01 -2.403775453567504883e-01
0.000000000000000000e+00 0.000000000000000000e+00 0.000000000000000000e+00 1.000000000000000000e+00
8.880410194396972656e-01 3.909474909305572510e-01 -2.419574558734893799e-01 1.845469512045383453e-02
-7.875083386898040771e-02 6.478273868560791016e-01 7.577052116394042969e-01 -2.705929875373840332e-01
4.529698789119720459e-01 -6.538191437721252441e-01 6.060848236083984375e-01 -2.263399958610534668e-01
0.000000000000000000e+00 0.000000000000000000e+00 0.000000000000000000e+00 1.000000000000000000e+00
9.597033262252807617e-01 2.169927954673767090e-01 -1.785588711500167847e-01 -1.236545201390981674e-02
-2.646967209875583649e-02 7.023860812187194824e-01 7.113036513328552246e-01 -2.517958581447601318e-01
2.797651290893554688e-01 -6.779143810272216797e-01 6.798262000083923340e-01 -2.314159274101257324e-01
0.000000000000000000e+00 0.000000000000000000e+00 0.000000000000000000e+00 1.000000000000000000e+00
9.414598345756530762e-01 2.366820126771926880e-01 -2.400732785463333130e-01 5.895073991268873215e-03
-9.122002869844436646e-03 7.297422289848327637e-01 6.836611628532409668e-01 -2.377818971872329712e-01
3.370018899440765381e-01 -6.414495706558227539e-01 6.891820430755615234e-01 -2.386494725942611694e-01
0.000000000000000000e+00 0.000000000000000000e+00 0.000000000000000000e+00 1.000000000000000000e+00
9.209644794464111328e-01 3.083355426788330078e-01 -2.382310330867767334e-01 3.422423964366316795e-03
-5.051235854625701904e-02 7.007194757461547852e-01 7.116467356681823730e-01 -2.455941885709762573e-01
3.863588869571685791e-01 -6.433671712875366211e-01 6.609119176864624023e-01 -2.306329458951950073e-01
0.000000000000000000e+00 0.000000000000000000e+00 0.000000000000000000e+00 1.000000000000000000e+00
8.424963355064392090e-01 3.957684040069580078e-01 -3.654683828353881836e-01 5.277586355805397034e-02
3.757667914032936096e-02 6.335970759391784668e-01 7.727499008178710938e-01 -2.747211754322052002e-01
5.373896956443786621e-01 -6.647722125053405762e-01 5.189316272735595703e-01 -1.895412504673004150e-01
0.000000000000000000e+00 0.000000000000000000e+00 0.000000000000000000e+00 1.000000000000000000e+00
7.324455976486206055e-01 5.075362920761108398e-01 -4.537952244281768799e-01 9.408336877822875977e-02
8.330524712800979614e-02 5.947184562683105469e-01 7.996061444282531738e-01 -2.874302864074707031e-01
6.757096648216247559e-01 -6.234717965126037598e-01 3.933185040950775146e-01 -1.529483646154403687e-01
0.000000000000000000e+00 0.000000000000000000e+00 0.000000000000000000e+00 1.000000000000000000e+00
6.172887682914733887e-01 5.871253013610839844e-01 -5.236778855323791504e-01 1.297373026609420776e-01
1.389451622962951660e-01 5.738112926483154297e-01 8.071151971817016602e-01 -2.934411466121673584e-01
7.743697166442871094e-01 -5.709855556488037109e-01 2.726290524005889893e-01 -1.124828159809112549e-01
0.000000000000000000e+00 0.000000000000000000e+00 0.000000000000000000e+00 1.000000000000000000e+00
4.384770393371582031e-01 6.622421145439147949e-01 -6.075963377952575684e-01 1.740060299634933472e-01
2.629649937152862549e-01 5.519312620162963867e-01 7.913414239883422852e-01 -2.933672964572906494e-01
8.594110012054443359e-01 -5.067615509033203125e-01 6.786264479160308838e-02 -4.139294847846031189e-02
0.000000000000000000e+00 0.000000000000000000e+00 0.000000000000000000e+00 1.000000000000000000e+00
3.605947196483612061e-01 6.810135245323181152e-01 -6.373319029808044434e-01 1.905457973480224609e-01
3.405859768390655518e-01 5.399807095527648926e-01 7.696895599365234375e-01 -2.889313399791717529e-01
8.683159351348876953e-01 -4.946123361587524414e-01 -3.722948208451271057e-02 -2.145799575373530388e-03
0.000000000000000000e+00 0.000000000000000000e+00 0.000000000000000000e+00 1.000000000000000000e+00
2.974338829517364502e-01 6.949316263198852539e-01 -6.546778082847595215e-01 2.020276188850402832e-01
3.864103853702545166e-01 5.394191145896911621e-01 7.481403350830078125e-01 -2.830502986907958984e-01
8.730521202087402344e-01 -4.754965603351593018e-01 -1.080873236060142517e-01 2.659895643591880798e-02
0.000000000000000000e+00 0.000000000000000000e+00 0.000000000000000000e+00 1.000000000000000000e+00
4.734038412570953369e-01 5.142209529876708984e-01 -7.151681780815124512e-01 2.269812673330307007e-01
4.570496976375579834e-01 5.506629347801208496e-01 6.984812021255493164e-01 -2.667478919029235840e-01
7.529903054237365723e-01 -6.575310826301574707e-01 2.566137351095676422e-02 5.482140462845563889e-03
