0.8893643617630005 0.4531071186065674 -0.0610320009291172 -0.01557979825884104 
-0.2247036695480347 0.316935807466507 -0.9214444160461426 0.2660168409347534 
-0.3981698453426361 0.8332139253616333 0.3836862444877625 -0.07767244428396225 
0 0 0 1 

0.8140539526939392 0.577970027923584 -0.05715510249137878 -0.01466688048094511 
-0.2333750128746033 0.2354035675525665 -0.9434623122215271 0.2753255367279053 
-0.5318384766578674 0.7813678383827209 0.3265149891376495 -0.05700288712978363 
0 0 0 1 

0.8265841007232666 0.5543966889381409 -0.09696915745735168 -0.004224172793328762 
-0.3114140033721924 0.307007759809494 -0.8993149995803833 0.2662037312984467 
-0.4688070118427277 0.7735569477081299 0.4264146685600281 -0.0854460671544075 
0 0 0 1 

0.5274722576141357 0.6302773356437683 -0.569669783115387 0.1587349474430084 
-0.7293965220451355 -0.007844257168471813 -0.6840462684631348 0.2589564025402069 
-0.4356074035167694 0.7763305902481079 0.4555843472480774 -0.09769761562347412 
0 0 0 1 

0.633705198764801 0.6706001758575439 -0.3856332004070282 0.09282854944467545 
-0.5707728862762451 0.06884940713644028 -0.8182162642478943 0.2916297614574432 
-0.5221455097198486 0.7386168837547302 0.4263907074928284 -0.08080913871526718 
0 0 0 1 

0.6401599645614624 0.7172589302062988 -0.275199681520462 0.06122410669922829 
-0.4884941577911377 0.1035631522536278 -0.8663994669914246 0.3010186851024628 
-0.5929322242736816 0.6890676617622375 0.4166738092899323 -0.07281658053398132 
0 0 0 1 

0.6136958599090576 0.7622689008712769 -0.2057269066572189 0.04478650167584419 
-0.3883675336837769 0.06458012014627457 -0.919238805770874 0.3110301792621613 
-0.6874213218688965 0.6440306901931763 0.3356730341911316 -0.04591244831681252 
0 0 0 1 

0.4476847648620605 0.8921192288398743 -0.06084062904119492 0.0171403493732214 
-0.1992596089839935 0.0332009345293045 -0.9793841242790222 0.3188049793243408 
-0.8717074990272522 0.4505783915519714 0.192626878619194 -0.001232336275279522 
0 0 0 1 

0.3487537801265717 0.9331611394882202 0.08706954121589661 -0.0257255993783474 
-0.224947452545166 0.1735316962003708 -0.9587936997413635 0.3213631212711334 
-0.9098183512687683 0.3147968649864197 0.2704320549964905 -0.03137137740850449 
0 0 0 1 

0.3282196223735809 0.9428709745407104 0.05715083330869675 -0.01632072404026985 
-0.2419150024652481 0.1423887610435486 -0.9597929716110229 0.3207080960273743 
-0.9130985736846924 0.3011972606182098 0.2748294472694397 -0.02928628213703632 
0 0 0 1 

