1.000000000000000000e+00 0.000000000000000000e+00 0.000000000000000000e+00 -1.792658120393753052e-02
0.000000000000000000e+00 1.000000000000000000e+00 0.000000000000000000e+00 2.243540808558464050e-02
0.000000000000000000e+00 0.000000000000000000e+00 1.000000000000000000e+00 -3.816788792610168457e-01
0.000000000000000000e+00 0.000000000000000000e+00 0.000000000000000000e+00 1.000000000000000000e+00
9.844216108322143555e-01 5.302328243851661682e-02 -1.676377505064010620e-01 5.269435048103332520e-02
-5.730466917157173157e-02 9.981399178504943848e-01 -2.080246619880199432e-02 2.717258222401142120e-02
1.662229746580123901e-01 3.008487448096275330e-02 9.856290221214294434e-01 -3.774569630622863770e-01
0.000000000000000000e+00 0.000000000000000000e+00 0.000000000000000000e+00 1.000000000000000000e+00
9.645980596542358398e-01 6.173520907759666443e-02 -2.563967108726501465e-01 8.834885805845260620e-02
-6.988199800252914429e-02 9.972950816154479980e-01 -2.277645468711853027e-02 2.849208936095237732e-02
2.542970478534698486e-01 3.988769277930259705e-02 9.663031697273254395e-01 -3.672265112400054932e-01
0.000000000000000000e+00 0.000000000000000000e+00 0.000000000000000000e+00 1.000000000000000000e+00
9.991579651832580566e-01 3.965416550636291504e-02 1.053037494421005249e-02 -1.862353086471557617e-02
-3.972324356436729431e-02 9.991899728775024414e-01 6.433928385376930237e-03 1.747796684503555298e-02
-1.026671007275581360e-02 -6.846828386187553406e-03 9.999238252639770508e-01 -3.680835068225860596e-01
0.000000000000000000e+00 0.000000000000000000e+00 0.000000000000000000e+00 1.000000000000000000e+00
9.970463514328002930e-01 4.740189015865325928e-02 -6.042879819869995117e-02 1.142737735062837601e-02
-4.523089528083801270e-02 9.982984066009521484e-01 3.680225834250450134e-02 9.102896787226200104e-03
6.207047775387763977e-02 -3.396028652787208557e-02 9.974938035011291504e-01 -3.666517436504364014e-01
0.000000000000000000e+00 0.000000000000000000e+00 0.000000000000000000e+00 1.000000000000000000e+00
-2.280173152685165405e-01 7.879853248596191406e-02 -9.704633951187133789e-01 4.056806862354278564e-01
-4.546526819467544556e-02 9.947706460952758789e-01 9.145464003086090088e-02 -8.032983168959617615e-03
9.725949764251708984e-01 6.497560441493988037e-02 -2.232424765825271606e-01 9.062317013740539551e-02
0.000000000000000000e+00 0.000000000000000000e+00 0.000000000000000000e+00 1.000000000000000000e+00
-2.621145844459533691e-01 9.705071896314620972e-02 -9.601449370384216309e-01 3.972226977348327637e-01
-2.367103286087512970e-02 9.939843416213989258e-01 1.069332659244537354e-01 -9.621869772672653198e-03
9.647459387779235840e-01 5.075639486312866211e-02 -2.582406401634216309e-01 1.095838695764541626e-01
0.000000000000000000e+00 0.000000000000000000e+00 0.000000000000000000e+00 1.000000000000000000e+00
-2.621144652366638184e-01 8.979066461324691772e-02 -9.608501791954040527e-01 3.908809423446655273e-01
-2.744801901280879974e-02 9.945648312568664551e-01 1.004289835691452026e-01 -3.068982157856225967e-03
9.646456837654113770e-01 5.269735679030418396e-02 -2.582255601882934570e-01 1.155242919921875000e-01
0.000000000000000000e+00 0.000000000000000000e+00 0.000000000000000000e+00 1.000000000000000000e+00
-2.293140143156051636e-01 8.590544760227203369e-02 -9.695540070533752441e-01 3.870284855365753174e-01
-3.367297723889350891e-02 9.948014020919799805e-01 9.610657393932342529e-02 5.875932984054088593e-04
9.727692604064941406e-01 5.468636006116867065e-02 -2.252291887998580933e-01 1.104234084486961365e-01
0.000000000000000000e+00 0.000000000000000000e+00 0.000000000000000000e+00 1.000000000000000000e+00
-2.251288443803787231e-01 8.178965002298355103e-02 -9.708895087242126465e-01 3.818405568599700928e-01
-5.438999086618423462e-02 9.938619732856750488e-01 9.633682668209075928e-02 2.062756801024079323e-03
9.728094935417175293e-01 7.449489086866378784e-02 -2.192983776330947876e-01 1.161841303110122681e-01
0.000000000000000000e+00 0.000000000000000000e+00 0.000000000000000000e+00 1.000000000000000000e+00
-1.856373697519302368e-01 6.327517330646514893e-02 -9.805786013603210449e-01 3.796988725662231445e-01
-8.549714833498001099e-02 9.930993318557739258e-01 8.026891201734542847e-02 1.036449242383241653e-02
9.788917303085327148e-01 9.873769432306289673e-02 -1.789466142654418945e-01 1.097878590226173401e-01
0.000000000000000000e+00 0.000000000000000000e+00 0.000000000000000000e+00 1.000000000000000000e+00
-1.945048272609710693e-01 4.909140616655349731e-02 -9.796722531318664551e-01 3.748563230037689209e-01
-1.063524186611175537e-01 9.918036460876464844e-01 7.081465423107147217e-02 1.720452494919300079e-02
9.751193523406982422e-01 1.179643198847770691e-01 -1.876897513866424561e-01 1.202652677893638611e-01
0.000000000000000000e+00 0.000000000000000000e+00 0.000000000000000000e+00 1.000000000000000000e+00
-1.656781286001205444e-01 5.885399505496025085e-02 -9.844219684600830078e-01 3.760265111923217773e-01
-1.086170449852943420e-01 9.910556674003601074e-01 7.753084599971771240e-02 1.861749030649662018e-02
9.801797270774841309e-01 1.197701916098594666e-01 -1.578038185834884644e-01 1.150523796677589417e-01
0.000000000000000000e+00 0.000000000000000000e+00 0.000000000000000000e+00 1.000000000000000000e+00
-1.689918786287307739e-01 6.234966963529586792e-02 -9.836434721946716309e-01 3.753057122230529785e-01
-1.345964521169662476e-01 9.871875047683715820e-01 8.569820970296859741e-02 1.915487460792064667e-02
9.763842821121215820e-01 1.468772739171981812e-01 -1.584344506263732910e-01 1.216701045632362366e-01
0.000000000000000000e+00 0.000000000000000000e+00 0.000000000000000000e+00 1.000000000000000000e+00
-1.491296142339706421e-01 6.064483150839805603e-02 -9.869562387466430664e-01 3.770956397056579590e-01
-1.564685255289077759e-01 9.840947389602661133e-01 8.411148190498352051e-02 2.185088209807872772e-02
9.763593673706054688e-01 1.669710874557495117e-01 -1.372685432434082031e-01 1.206992715597152710e-01
0.000000000000000000e+00 0.000000000000000000e+00 0.000000000000000000e+00 1.000000000000000000e+00
-1.422622203826904297e-01 6.485543400049209595e-02 -9.877020716667175293e-01 3.771150112152099609e-01
-1.798237711191177368e-01 9.795531630516052246e-01 9.022095054388046265e-02 2.169751375913619995e-02
9.733576774597167969e-01 1.904472261667251587e-01 -1.276908963918685913e-01 1.257623732089996338e-01
0.000000000000000000e+00 0.000000000000000000e+00 0.000000000000000000e+00 1.000000000000000000e+00
-1.256757229566574097e-01 6.849622726440429688e-02 -9.897040724754333496e-01 3.784758746623992920e-01
-1.916180253028869629e-01 9.771515727043151855e-01 9.195971488952636719e-02 2.453658916056156158e-02
9.733904600143432617e-01 2.012023180723190308e-01 -1.096790879964828491e-01 1.284207701683044434e-01
0.000000000000000000e+00 0.000000000000000000e+00 0.000000000000000000e+00 1.000000000000000000e+00
-9.487171471118927002e-02 6.218476593494415283e-02 -9.935451149940490723e-01 3.802809119224548340e-01
-2.189872413873672485e-01 9.722956418991088867e-01 8.176539838314056396e-02 2.906805463135242462e-02
9.711048007011413574e-01 2.253309786319732666e-01 -7.862580567598342896e-02 1.260124146938323975e-01
0.000000000000000000e+00 0.000000000000000000e+00 0.000000000000000000e+00 1.000000000000000000e+00
-1.901396462926641107e-04 8.990540355443954468e-02 -9.959502816200256348e-01 3.905361592769622803e-01
-2.276264578104019165e-01 9.698016643524169922e-01 8.758834749460220337e-02 2.804758213460445404e-02
9.737489223480224609e-01 2.267213016748428345e-01 2.028061263263225555e-02 1.072591245174407959e-01
0.000000000000000000e+00 0.000000000000000000e+00 0.000000000000000000e+00 1.000000000000000000e+00
2.890023589134216309e-02 1.382580697536468506e-01 -9.899739623069763184e-01 4.051134288311004639e-01
-2.473480254411697388e-01 9.605761170387268066e-01 1.269316673278808594e-01 1.231308002024888992e-02
9.684954881668090820e-01 2.411999255418777466e-01 6.195871159434318542e-02 1.169327646493911743e-01
0.000000000000000000e+00 0.000000000000000000e+00 0.000000000000000000e+00 1.000000000000000000e+00
4.962048679590225220e-02 1.577922403812408447e-01 -9.862244725227355957e-01 4.144408702850341797e-01
-2.753635644912719727e-01 9.513317346572875977e-01 1.383550912141799927e-01 1.059705857187509537e-02
9.600584506988525391e-01 2.647051513195037842e-01 9.065587818622589111e-02 1.093179807066917419e-01
0.000000000000000000e+00 0.000000000000000000e+00 0.000000000000000000e+00 1.000000000000000000e+00
-2.108575962483882904e-02 1.805539727210998535e-01 -9.833391308784484863e-01 4.011586904525756836e-01
-2.080806940793991089e-01 9.612271189689636230e-01 1.809558272361755371e-01 -9.290106594562530518e-03
9.778839945793151855e-01 2.084295600652694702e-01 1.730169169604778290e-02 1.262916326522827148e-01
0.000000000000000000e+00 0.000000000000000000e+00 0.000000000000000000e+00 1.000000000000000000e+00
1.917822100222110748e-02 1.983422338962554932e-01 -9.799452424049377441e-01 3.999510407447814941e-01
-1.717401593923568726e-01 9.662109017372131348e-01 1.922014355659484863e-01 -1.501622051000595093e-02
9.849554300308227539e-01 1.646098196506500244e-01 5.259339138865470886e-02 1.067897304892539978e-01
0.000000000000000000e+00 0.000000000000000000e+00 0.000000000000000000e+00 1.000000000000000000e+00
1.304106228053569794e-02 2.562552690505981445e-01 -9.665219783782958984e-01 3.783807754516601562e-01
-7.143683731555938721e-02 9.643717408180236816e-01 2.547213137149810791e-01 -4.603396356105804443e-02
9.973595738410949707e-01 6.572358310222625732e-02 3.088210336863994598e-02 9.714581817388534546e-02
0.000000000000000000e+00 0.000000000000000000e+00 0.000000000000000000e+00 1.000000000000000000e+00
3.041217802092432976e-03 3.093069493770599365e-01 -9.509575963020324707e-01 3.570879399776458740e-01
-3.470205515623092651e-02 9.504213929176330566e-01 3.090216517448425293e-01 -7.543198764324188232e-02
9.993935227394104004e-01 3.206037729978561401e-02 1.362400315701961517e-02 9.364522248506546021e-02
0.000000000000000000e+00 0.000000000000000000e+00 0.000000000000000000e+00 1.000000000000000000e+00
3.588122129440307617e-02 3.846896588802337646e-01 -9.223482012748718262e-01 3.396205902099609375e-01
-7.448616088367998600e-04 9.229524731636047363e-01 3.849124014377593994e-01 -1.051730141043663025e-01
9.993556141853332520e-01 -1.312406174838542938e-02 3.340325132012367249e-02 8.168003708124160767e-02
0.000000000000000000e+00 0.000000000000000000e+00 0.000000000000000000e+00 1.000000000000000000e+00
7.472046464681625366e-02 4.286465346813201904e-01 -9.003770351409912109e-01 3.263971209526062012e-01
4.793620482087135315e-02 9.003131985664367676e-01 4.325941205024719238e-01 -1.233917176723480225e-01
9.960518479347229004e-01 -7.548427581787109375e-02 4.672412574291229248e-02 7.175606489181518555e-02
0.000000000000000000e+00 0.000000000000000000e+00 0.000000000000000000e+00 1.000000000000000000e+00
3.733411729335784912e-01 4.346493184566497803e-01 -8.195707201957702637e-01 3.053568303585052490e-01
1.247894391417503357e-01 8.518905043601989746e-01 5.086352229118347168e-01 -1.507866382598876953e-01
9.192629456520080566e-01 -2.921682894229888916e-01 2.638062238693237305e-01 -9.518033824861049652e-03
0.000000000000000000e+00 0.000000000000000000e+00 0.000000000000000000e+00 1.000000000000000000e+00
4.959334135055541992e-01 4.313394427299499512e-01 -7.536555528640747070e-01 2.841035425662994385e-01
1.429378688335418701e-01 8.155169486999511719e-01 5.608031153678894043e-01 -1.707698702812194824e-01
8.565155863761901855e-01 -3.858469128608703613e-01 3.427875339984893799e-01 -4.000522941350936890e-02
0.000000000000000000e+00 0.000000000000000000e+00 0.000000000000000000e+00 1.000000000000000000e+00
5.240409970283508301e-01 4.650642871856689453e-01 -7.135094404220581055e-01 2.655017375946044922e-01
1.650025397539138794e-01 7.664451003074645996e-01 6.207547783851623535e-01 -1.906800717115402222e-01
8.355568647384643555e-01 -4.430319070816040039e-01 3.249118328094482422e-01 -3.680286556482315063e-02
0.000000000000000000e+00 0.000000000000000000e+00 0.000000000000000000e+00 1.000000000000000000e+00
5.570004582405090332e-01 4.694552123546600342e-01 -6.851002573966979980e-01 2.506109476089477539e-01
1.628254354000091553e-01 7.471761107444763184e-01 6.443721055984497070e-01 -1.991330981254577637e-01
8.143944144248962402e-01 -4.704672694206237793e-01 3.397382497787475586e-01 -4.326035827398300171e-02
0.000000000000000000e+00 0.000000000000000000e+00 0.000000000000000000e+00 1.000000000000000000e+00
5.911692976951599121e-01 4.615016281604766846e-01 -6.614645719528198242e-01 2.376386076211929321e-01
1.777889579534530640e-01 7.253811359405517578e-01 6.649907231330871582e-01 -2.050602734088897705e-01
7.867083549499511719e-01 -5.107234120368957520e-01 3.467731475830078125e-01 -4.767131060361862183e-02
0.000000000000000000e+00 0.000000000000000000e+00 0.000000000000000000e+00 1.000000000000000000e+00
5.979050993919372559e-01 4.912675619125366211e-01 -6.333763003349304199e-01 2.223050296306610107e-01
1.788741946220397949e-01 6.884724497795104980e-01 7.028580307960510254e-01 -2.158832401037216187e-01
7.813534140586853027e-01 -5.335373282432556152e-01 3.237659931182861328e-01 -4.350147768855094910e-02
0.000000000000000000e+00 0.000000000000000000e+00 0.000000000000000000e+00 1.000000000000000000e+00
6.197782158851623535e-01 5.234157443046569824e-01 -5.847311019897460938e-01 1.966757029294967651e-01
1.465384066104888916e-01 6.548010110855102539e-01 7.414591312408447266e-01 -2.258642762899398804e-01
7.709740400314331055e-01 -5.452259778976440430e-01 3.291310369968414307e-01 -5.137159675359725952e-02
0.000000000000000000e+00 0.000000000000000000e+00 0.000000000000000000e+00 1.000000000000000000e+00
6.383862495422363281e-01 5.278927087783813477e-01 -5.601707100868225098e-01 1.849210858345031738e-01
1.414254605770111084e-01 6.349290013313293457e-01 7.595155239105224609e-01 -2.292987704277038574e-01
7.566115260124206543e-01 -5.640867948532104492e-01 3.306725919246673584e-01 -5.544465035200119019e-02
0.000000000000000000e+00 0.000000000000000000e+00 0.000000000000000000e+00 1.000000000000000000e+00
7.438572645187377930e-01 4.808115959167480469e-01 -4.642161130905151367e-01 1.491289138793945312e-01
1.316602230072021484e-01 5.755509734153747559e-01 8.070978522300720215e-01 -2.396095991134643555e-01
6.552419066429138184e-01 -6.614843606948852539e-01 3.648239672183990479e-01 -7.235239446163177490e-02
0.000000000000000000e+00 0.000000000000000000e+00 0.000000000000000000e+00 1.000000000000000000e+00
4.355763792991638184e-01 7.461053133010864258e-01 -5.035876631736755371e-01 1.554648578166961670e-01
9.738456457853317261e-02 5.171043872833251953e-01 8.503642082214355469e-01 -2.469146996736526489e-01
8.948687314987182617e-01 -4.194403886795043945e-01 1.525793969631195068e-01 -2.178151905536651611e-02
0.000000000000000000e+00 0.000000000000000000e+00 0.000000000000000000e+00 1.000000000000000000e+00
5.194910764694213867e-01 7.436222434043884277e-01 -4.208975136280059814e-01 1.274396926164627075e-01
1.979443430900573730e-02 4.819744527339935303e-01 8.759615421295166016e-01 -2.465524971485137939e-01
8.542463779449462891e-01 -4.633856415748596191e-01 2.356618940830230713e-01 -4.997871816158294678e-02
0.000000000000000000e+00 0.000000000000000000e+00 0.000000000000000000e+00 1.000000000000000000e+00
6.191126704216003418e-01 7.083362340927124023e-01 -3.390564918518066406e-01 1.073856428265571594e-01
-3.288770467042922974e-02 4.547606110572814941e-01 8.900065422058105469e-01 -2.421811968088150024e-01
7.846135497093200684e-01 -5.398632884025573730e-01 3.048435747623443604e-01 -6.932289153337478638e-02
0.000000000000000000e+00 0.000000000000000000e+00 0.000000000000000000e+00 1.000000000000000000e+00
6.135187745094299316e-01 7.577031254768371582e-01 -2.224418967962265015e-01 8.130547404289245605e-02
-1.146044731140136719e-01 3.641370832920074463e-01 9.242672920227050781e-01 -2.541483640670776367e-01
7.813196778297424316e-01 -5.415623188018798828e-01 3.102409839630126953e-01 -6.659462302923202515e-02
0.000000000000000000e+00 0.000000000000000000e+00 0.000000000000000000e+00 1.000000000000000000e+00
5.900928974151611328e-01 8.009709715843200684e-01 -1.011719554662704468e-01 4.903235659003257751e-02
-1.901658177375793457e-01 2.596890926361083984e-01 9.467825889587402344e-01 -2.694060802459716797e-01
7.846195101737976074e-01 -5.394508242607116699e-01 3.055579960346221924e-01 -6.098990514874458313e-02
0.000000000000000000e+00 0.000000000000000000e+00 0.000000000000000000e+00 1.000000000000000000e+00
6.012153625488281250e-01 7.990500330924987793e-01 7.732980418950319290e-03 1.400334946811199188e-02
-2.070031017065048218e-01 1.463904231786727905e-01 9.673256278038024902e-01 -2.844573259353637695e-01
7.718097567558288574e-01 -5.831716656684875488e-01 2.534180879592895508e-01 -4.602478817105293274e-02
0.000000000000000000e+00 0.000000000000000000e+00 0.000000000000000000e+00 1.000000000000000000e+00
6.084164381027221680e-01 7.821720242500305176e-01 1.343044638633728027e-01 -3.058187663555145264e-02
-2.492953389883041382e-01 2.769784629344940186e-02 9.680311679840087891e-01 -2.908748984336853027e-01
7.534466385841369629e-01 -6.224475502967834473e-01 2.118436843156814575e-01 -3.519758582115173340e-02
0.000000000000000000e+00 0.000000000000000000e+00 0.000000000000000000e+00 1.000000000000000000e+00
6.292550563812255859e-01 7.405979037284851074e-01 2.356979399919509888e-01 -7.089910656213760376e-02
-2.447225302457809448e-01 -9.903229027986526489e-02 9.645220041275024414e-01 -2.968563437461853027e-01
7.376647591590881348e-01 -6.646111011505126953e-01 1.189245060086250305e-01 -9.686791338026523590e-03
0.000000000000000000e+00 0.000000000000000000e+00 0.000000000000000000e+00 1.000000000000000000e+00
6.031031608581542969e-01 7.920783162117004395e-01 9.422653913497924805e-02 -1.757415384054183960e-02
-3.078985810279846191e-01 1.221951097249984741e-01 9.435395002365112305e-01 -2.725561559200286865e-01
7.358431220054626465e-01 -5.980638265609741211e-01 3.175759613513946533e-01 -8.019632846117019653e-02
0.000000000000000000e+00 0.000000000000000000e+00 0.000000000000000000e+00 1.000000000000000000e+00
5.807105898857116699e-01 8.140628933906555176e-01 8.802665397524833679e-03 1.175634469836950302e-02
-3.808599114418029785e-01 2.620977163314819336e-01 8.867076039314270020e-01 -2.454082071781158447e-01
7.195284366607666016e-01 -5.182732343673706055e-01 4.622468650341033936e-01 -1.205862388014793396e-01
0.000000000000000000e+00 0.000000000000000000e+00 0.000000000000000000e+00 1.000000000000000000e+00
5.610378384590148926e-01 8.202851414680480957e-01 -1.112157329916954041e-01 4.902624711394309998e-02
-4.509604275226593018e-01 4.155344963073730469e-01 7.899146080017089844e-01 -2.033864706754684448e-01
6.941693425178527832e-01 -3.930181264877319336e-01 6.030468940734863281e-01 -1.566734164953231812e-01
0.000000000000000000e+00 0.000000000000000000e+00 0.000000000000000000e+00 1.000000000000000000e+00
5.853897929191589355e-01 7.934309244155883789e-01 -1.666904240846633911e-01 6.456590443849563599e-02
-5.142787694931030273e-01 5.223361253738403320e-01 6.802076101303100586e-01 -1.613603532314300537e-01
6.267662048339843750e-01 -3.124613165855407715e-01 7.138149142265319824e-01 -1.808464229106903076e-01
0.000000000000000000e+00 0.000000000000000000e+00 0.000000000000000000e+00 1.000000000000000000e+00
6.073578596115112305e-01 7.720763087272644043e-01 -1.871211826801300049e-01 6.887592375278472900e-02
-5.665000677108764648e-01 5.860477089881896973e-01 5.793323516845703125e-01 -1.279305666685104370e-01
5.569508075714111328e-01 -2.458578944206237793e-01 7.933217883110046387e-01 -1.972051709890365601e-01
0.000000000000000000e+00 0.000000000000000000e+00 0.000000000000000000e+00 1.000000000000000000e+00
6.162908673286437988e-01 7.754864692687988281e-01 -1.371366828680038452e-01 5.153628438711166382e-02
-6.581519842147827148e-01 6.028090715408325195e-01 4.510624706745147705e-01 -9.245688468217849731e-02
4.324600100517272949e-01 -1.877287924289703369e-01 8.818937540054321289e-01 -2.156823426485061646e-01
0.000000000000000000e+00 0.000000000000000000e+00 0.000000000000000000e+00 1.000000000000000000e+00
6.121094822883605957e-01 7.793585062026977539e-01 -1.338737159967422485e-01 4.599816352128982544e-02
-7.106068134307861328e-01 6.163892149925231934e-01 3.392681777477264404e-01 -6.053284928202629089e-02
3.469298481941223145e-01 -1.125375255942344666e-01 9.311153888702392578e-01 -2.237016409635543823e-01
0.000000000000000000e+00 0.000000000000000000e+00 0.000000000000000000e+00 1.000000000000000000e+00
6.071814894676208496e-01 7.765682935714721680e-01 -1.681424528360366821e-01 5.057760328054428101e-02
-7.464828491210937500e-01 6.300169229507446289e-01 2.141084969043731689e-01 -2.406734600663185120e-02
2.722024917602539062e-01 -4.487157799303531647e-03 9.622294902801513672e-01 -2.266304641962051392e-01
0.000000000000000000e+00 0.000000000000000000e+00 0.000000000000000000e+00 1.000000000000000000e+00
5.906156301498413086e-01 7.885647416114807129e-01 -1.712855100631713867e-01 5.008833110332489014e-02
-7.767322659492492676e-01 6.130877733230590820e-01 1.442573219537734985e-01 -4.818969406187534332e-03
2.187693268060684204e-01 4.784237220883369446e-02 9.746028780937194824e-01 -2.275190204381942749e-01
0.000000000000000000e+00 0.000000000000000000e+00 0.000000000000000000e+00 1.000000000000000000e+00
5.638254880905151367e-01 8.104438781738281250e-01 -1.590005457401275635e-01 4.378488287329673767e-02
-8.200129270553588867e-01 5.722718834877014160e-01 9.119977243244647980e-03 3.018280118703842163e-02
9.838280081748962402e-02 1.252405643463134766e-01 9.872363209724426270e-01 -2.279814183712005615e-01
0.000000000000000000e+00 0.000000000000000000e+00 0.000000000000000000e+00 1.000000000000000000e+00
5.461826324462890625e-01 8.252563476562500000e-01 -1.436535269021987915e-01 3.698869422078132629e-02
-8.370946645736694336e-01 5.313910245895385742e-01 -1.299842447042465210e-01 6.672018766403198242e-02
-3.093417361378669739e-02 1.912467032670974731e-01 9.810542464256286621e-01 -2.235496640205383301e-01
0.000000000000000000e+00 0.000000000000000000e+00 0.000000000000000000e+00 1.000000000000000000e+00
5.425162315368652344e-01 8.176332712173461914e-01 -1.927471309900283813e-01 4.697904363274574280e-02
-8.326004743576049805e-01 4.928836524486541748e-01 -2.526695728302001953e-01 9.798280894756317139e-02
-1.115891560912132263e-01 2.975589632987976074e-01 9.481596946716308594e-01 -2.117233425378799438e-01
0.000000000000000000e+00 0.000000000000000000e+00 0.000000000000000000e+00 1.000000000000000000e+00
5.001313090324401855e-01 8.351457715034484863e-01 -2.289109677076339722e-01 5.556259304285049438e-02
-8.355538845062255859e-01 3.959868252277374268e-01 -3.808463811874389648e-01 1.310071498155593872e-01
-2.274165451526641846e-01 3.817405998706817627e-01 8.958547711372375488e-01 -1.925287991762161255e-01
0.000000000000000000e+00 0.000000000000000000e+00 0.000000000000000000e+00 1.000000000000000000e+00
4.820304214954376221e-01 8.278508782386779785e-01 -2.868964076042175293e-01 7.078974694013595581e-02
-8.189818263053894043e-01 3.093871176242828369e-01 -4.832679629325866699e-01 1.571390479803085327e-01
-3.113119900226593018e-01 4.679128527641296387e-01 8.271291851997375488e-01 -1.716225147247314453e-01
0.000000000000000000e+00 0.000000000000000000e+00 0.000000000000000000e+00 1.000000000000000000e+00
4.577822387218475342e-01 8.362937569618225098e-01 -3.017422258853912354e-01 7.821516692638397217e-02
-8.001942634582519531e-01 2.396577447652816772e-01 -5.497753024101257324e-01 1.735693812370300293e-01
-3.874587714672088623e-01 4.931296110153198242e-01 7.789085507392883301e-01 -1.556731462478637695e-01
0.000000000000000000e+00 0.000000000000000000e+00 0.000000000000000000e+00 1.000000000000000000e+00
4.157961606979370117e-01 8.630244731903076172e-01 -2.868843376636505127e-01 8.049577474594116211e-02
-7.820644974708557129e-01 1.782872825860977173e-01 -5.971505045890808105e-01 1.840972304344177246e-01
-4.642075896263122559e-01 4.726550281047821045e-01 7.490717768669128418e-01 -1.420432329177856445e-01
0.000000000000000000e+00 0.000000000000000000e+00 0.000000000000000000e+00 1.000000000000000000e+00
3.972322642803192139e-01 8.609120845794677734e-01 -3.178625106811523438e-01 9.488895535469055176e-02
-7.752619981765747070e-01 1.294513344764709473e-01 -6.182325482368469238e-01 1.858402490615844727e-01
-4.910960197448730469e-01 4.920085668563842773e-01 7.188547253608703613e-01 -1.281227469444274902e-01
0.000000000000000000e+00 0.000000000000000000e+00 0.000000000000000000e+00 1.000000000000000000e+00
3.190307319164276123e-01 9.007939696311950684e-01 -2.946010231971740723e-01 9.771439433097839355e-02
-7.687728404998779297e-01 6.417609006166458130e-02 -6.362937688827514648e-01 1.847159117460250854e-01
-5.542632341384887695e-01 4.294784069061279297e-01 7.129802107810974121e-01 -1.199967414140701294e-01
0.000000000000000000e+00 0.000000000000000000e+00 0.000000000000000000e+00 1.000000000000000000e+00
1.371043473482131958e-01 9.577951431274414062e-01 -2.526478469371795654e-01 9.896950423717498779e-02
-7.823619246482849121e-01 -5.172956362366676331e-02 -6.206723451614379883e-01 1.680970340967178345e-01
-6.075463891029357910e-01 2.827589511871337891e-01 7.422500252723693848e-01 -1.243839785456657410e-01
0.000000000000000000e+00 0.000000000000000000e+00 0.000000000000000000e+00 1.000000000000000000e+00
-6.546551734209060669e-02 9.803899526596069336e-01 -1.858761608600616455e-01 8.637075126171112061e-02
-7.882810831069946289e-01 -1.650238782167434692e-01 -5.927733182907104492e-01 1.519129723310470581e-01
-6.118230223655700684e-01 1.077164933085441589e-01 7.836260199546813965e-01 -1.365518569946289062e-01
0.000000000000000000e+00 0.000000000000000000e+00 0.000000000000000000e+00 1.000000000000000000e+00
-1.832140237092971802e-01 9.584554433822631836e-01 -2.186225652694702148e-01 9.261789917945861816e-02
-7.495127916336059570e-01 -2.800909280776977539e-01 -5.998162031173706055e-01 1.559028625488281250e-01
-6.361313462257385254e-01 5.396559089422225952e-02 7.696915268898010254e-01 -1.309338063001632690e-01
0.000000000000000000e+00 0.000000000000000000e+00 0.000000000000000000e+00 1.000000000000000000e+00
-1.907966434955596924e-01 9.542807340621948242e-01 -2.300965040922164917e-01 1.003079861402511597e-01
-7.048112750053405762e-01 -2.963295578956604004e-01 -6.445382833480834961e-01 1.705615222454071045e-01
-6.832548975944519043e-01 3.919874504208564758e-02 7.291267514228820801e-01 -1.163173243403434753e-01
0.000000000000000000e+00 0.000000000000000000e+00 0.000000000000000000e+00 1.000000000000000000e+00
-2.726398408412933350e-01 9.364418983459472656e-01 -2.207806110382080078e-01 1.082596257328987122e-01
-6.919031143188476562e-01 -3.502877652645111084e-01 -6.313228607177734375e-01 1.644638478755950928e-01
-6.685340404510498047e-01 -1.936502568423748016e-02 7.434294819831848145e-01 -1.102295890450477600e-01
0.000000000000000000e+00 0.000000000000000000e+00 0.000000000000000000e+00 1.000000000000000000e+00
2.842991650104522705e-01 8.837935328483581543e-01 -3.715949058532714844e-01 9.641085565090179443e-02
-7.307715415954589844e-01 -5.113013088703155518e-02 -6.807046532630920410e-01 1.841548681259155273e-01
-6.206020116806030273e-01 4.650748074054718018e-01 6.313153505325317383e-01 -9.402723610401153564e-02
0.000000000000000000e+00 0.000000000000000000e+00 0.000000000000000000e+00 1.000000000000000000e+00
5.369368791580200195e-01 7.816208600997924805e-01 -3.174396753311157227e-01 6.990799307823181152e-02
-7.604442834854125977e-01 2.855030298233032227e-01 -5.832774043083190918e-01 1.759420186281204224e-01
-3.652717173099517822e-01 5.545784235000610352e-01 7.476761937141418457e-01 -1.575435549020767212e-01
0.000000000000000000e+00 0.000000000000000000e+00 0.000000000000000000e+00 1.000000000000000000e+00
5.969250202178955078e-01 7.255948781967163086e-01 -3.423340320587158203e-01 7.455663383007049561e-02
-7.692148089408874512e-01 3.963316977024078369e-01 -5.012276172637939453e-01 1.579079329967498779e-01
-2.280104160308837891e-01 5.625236630439758301e-01 7.947188019752502441e-01 -1.854796260595321655e-01
0.000000000000000000e+00 0.000000000000000000e+00 0.000000000000000000e+00 1.000000000000000000e+00
6.163646578788757324e-01 6.865106225013732910e-01 -3.857428431510925293e-01 8.671379834413528442e-02
-7.740203738212585449e-01 4.380581378936767578e-01 -4.571627974510192871e-01 1.478692889213562012e-01
-1.448694765567779541e-01 5.803515315055847168e-01 8.013765811920166016e-01 -1.968850344419479370e-01
0.000000000000000000e+00 0.000000000000000000e+00 0.000000000000000000e+00 1.000000000000000000e+00
6.433952450752258301e-01 6.896920800209045410e-01 -3.322158157825469971e-01 7.153633236885070801e-02
-7.583059072494506836e-01 5.146862268447875977e-01 -4.000873863697052002e-01 1.319275647401809692e-01
-1.049502044916152954e-01 5.093356370925903320e-01 8.541444540023803711e-01 -2.177296131849288940e-01
0.000000000000000000e+00 0.000000000000000000e+00 0.000000000000000000e+00 1.000000000000000000e+00
6.543338298797607422e-01 7.080812454223632812e-01 -2.654591202735900879e-01 5.244465172290802002e-02
-7.477775812149047852e-01 5.535984039306640625e-01 -3.665478825569152832e-01 1.241025403141975403e-01
-1.125879660248756409e-01 4.383489489555358887e-01 8.917253017425537109e-01 -2.328962236642837524e-01
0.000000000000000000e+00 0.000000000000000000e+00 0.000000000000000000e+00 1.000000000000000000e+00
6.751112937927246094e-01 7.113173007965087891e-01 -1.955823004245758057e-01 3.122975118458271027e-02
-7.280390262603759766e-01 5.996136665344238281e-01 -3.322985172271728516e-01 1.144415363669395447e-01
-1.190959215164184570e-01 3.667300045490264893e-01 9.226728081703186035e-01 -2.458175867795944214e-01
0.000000000000000000e+00 0.000000000000000000e+00 0.000000000000000000e+00 1.000000000000000000e+00
6.884291768074035645e-01 7.099172472953796387e-01 -1.486000269651412964e-01 1.556906290352344513e-02
-7.181066870689392090e-01 6.383510231971740723e-01 -2.771826982498168945e-01 9.808061271905899048e-02
-1.019179075956344604e-01 2.975313365459442139e-01 9.492564201354980469e-01 -2.576956152915954590e-01
0.000000000000000000e+00 0.000000000000000000e+00 0.000000000000000000e+00 1.000000000000000000e+00
7.266562581062316895e-01 6.829194426536560059e-01 -7.477536797523498535e-02 -1.131468359380960464e-02
-6.813843250274658203e-01 7.025440335273742676e-01 -2.052973210811614990e-01 7.656422257423400879e-02
-8.766862750053405762e-02 2.001313418149948120e-01 9.758389592170715332e-01 -2.705204486846923828e-01
0.000000000000000000e+00 0.000000000000000000e+00 0.000000000000000000e+00 1.000000000000000000e+00
7.579489946365356445e-01 6.508038640022277832e-01 -4.435525462031364441e-02 -2.398272603750228882e-02
-6.492899656295776367e-01 7.461500763893127441e-01 -1.472495347261428833e-01 5.842378363013267517e-02
-6.273492425680160522e-02 1.404070556163787842e-01 9.881042838096618652e-01 -2.781414091587066650e-01
0.000000000000000000e+00 0.000000000000000000e+00 0.000000000000000000e+00 1.000000000000000000e+00
7.871671915054321289e-01 6.162811517715454102e-01 2.377295307815074921e-02 -4.900579154491424561e-02
-6.140156388282775879e-01 7.867269515991210938e-01 -6.360180675983428955e-02 3.033658675849437714e-02
-5.789943411946296692e-02 3.546827286481857300e-02 9.976921677589416504e-01 -2.839924395084381104e-01
0.000000000000000000e+00 0.000000000000000000e+00 0.000000000000000000e+00 1.000000000000000000e+00
8.115076422691345215e-01 5.807081460952758789e-01 6.506248563528060913e-02 -6.579139828681945801e-02
-5.826732516288757324e-01 8.125668764114379883e-01 1.505543198436498642e-02 3.822771133854985237e-03
-4.412480071187019348e-02 -5.012779682874679565e-02 9.977675676345825195e-01 -2.883134782314300537e-01
0.000000000000000000e+00 0.000000000000000000e+00 0.000000000000000000e+00 1.000000000000000000e+00
8.426995873451232910e-01 5.310351848602294922e-01 8.864973485469818115e-02 -7.724410295486450195e-02
-5.380743145942687988e-01 8.363013863563537598e-01 1.052411645650863647e-01 -2.778071910142898560e-02
-1.825108192861080170e-02 -1.363868564367294312e-01 9.904875159263610840e-01 -2.899150848388671875e-01
0.000000000000000000e+00 0.000000000000000000e+00 0.000000000000000000e+00 1.000000000000000000e+00
8.510079979896545410e-01 5.195201635360717773e-01 7.670787721872329712e-02 -7.703147828578948975e-02
-5.235313177108764648e-01 8.278125524520874023e-01 2.015965580940246582e-01 -6.082018092274665833e-02
4.123378172516822815e-02 -2.117192447185516357e-01 9.764602780342102051e-01 -2.900611460208892822e-01
0.000000000000000000e+00 0.000000000000000000e+00 0.000000000000000000e+00 1.000000000000000000e+00
8.485578298568725586e-01 5.274941921234130859e-01 4.122025147080421448e-02 -6.879064440727233887e-02
-5.166104435920715332e-01 8.091769218444824219e-01 2.799036502838134766e-01 -8.919569849967956543e-02
1.142932176589965820e-01 -2.588092386722564697e-01 9.591427445411682129e-01 -2.897828519344329834e-01
0.000000000000000000e+00 0.000000000000000000e+00 0.000000000000000000e+00 1.000000000000000000e+00
8.478870391845703125e-01 5.301702618598937988e-01 -2.645547734573483467e-03 -5.775728076696395874e-02
-4.928545951843261719e-01 7.900285124778747559e-01 3.646219968795776367e-01 -1.195804625749588013e-01
1.954018920660018921e-01 -3.078542947769165039e-01 9.311518669128417969e-01 -2.862756848335266113e-01
0.000000000000000000e+00 0.000000000000000000e+00 0.000000000000000000e+00 1.000000000000000000e+00
8.533333539962768555e-01 5.193197131156921387e-01 -4.614211618900299072e-02 -4.670845717191696167e-02
-4.469110667705535889e-01 7.741794586181640625e-01 4.482367634773254395e-01 -1.516640335321426392e-01
2.685005962848663330e-01 -3.618739545345306396e-01 8.927232027053833008e-01 -2.808024287223815918e-01
0.000000000000000000e+00 0.000000000000000000e+00 0.000000000000000000e+00 1.000000000000000000e+00
8.600334525108337402e-01 5.022696852684020996e-01 -8.981917798519134521e-02 -3.432712703943252563e-02
-3.801855742931365967e-01 7.482205629348754883e-01 5.437135100364685059e-01 -1.887461394071578979e-01
3.402954638004302979e-01 -4.334642589092254639e-01 8.344507217407226562e-01 -2.736675739288330078e-01
0.000000000000000000e+00 0.000000000000000000e+00 0.000000000000000000e+00 1.000000000000000000e+00
8.978555202484130859e-01 4.286038577556610107e-01 -1.007633954286575317e-01 -3.033497184514999390e-02
-2.835643887519836426e-01 7.379832863807678223e-01 6.123489737510681152e-01 -2.145811319351196289e-01
3.368170559406280518e-01 -5.212286710739135742e-01 7.841395735740661621e-01 -2.667635083198547363e-01
0.000000000000000000e+00 0.000000000000000000e+00 0.000000000000000000e+00 1.000000000000000000e+00
9.089378714561462402e-01 3.827233314514160156e-01 -1.653910577297210693e-01 -8.390833623707294464e-03
-1.812440454959869385e-01 7.199506759643554688e-01 6.699416637420654297e-01 -2.382646650075912476e-01
3.754758238792419434e-01 -5.789592266082763672e-01 7.237569689750671387e-01 -2.582221329212188721e-01
0.000000000000000000e+00 0.000000000000000000e+00 0.000000000000000000e+00 1.000000000000000000e+00
8.802653551101684570e-01 4.041526019573211670e-01 -2.485831081867218018e-01 2.274453267455101013e-02
-1.127832904458045959e-01 6.871122717857360840e-01 7.177438139915466309e-01 -2.563267648220062256e-01
4.608827233314514160e-01 -6.037690639495849609e-01 6.504228115081787109e-01 -2.448574602603912354e-01
0.000000000000000000e+00 0.000000000000000000e+00 0.000000000000000000e+00 1.000000000000000000e+00
8.169490694999694824e-01 4.704071581363677979e-01 -3.336331546306610107e-01 5.832441151142120361e-02
-7.337284088134765625e-02 6.585894823074340820e-01 7.489166259765625000e-01 -2.687511444091796875e-01
5.720230937004089355e-01 -5.873470902442932129e-01 5.725495219230651855e-01 -2.260582745075225830e-01
0.000000000000000000e+00 0.000000000000000000e+00 0.000000000000000000e+00 1.000000000000000000e+00
9.514791965484619141e-01 2.310741543769836426e-01 -2.032027840614318848e-01 -2.325644018128514290e-03
-2.170513942837715149e-02 7.091212868690490723e-01 7.047516107559204102e-01 -2.500924468040466309e-01
3.069456219673156738e-01 -6.661467552185058594e-01 6.797304749488830566e-01 -2.342873513698577881e-01
0.000000000000000000e+00 0.000000000000000000e+00 0.000000000000000000e+00 1.000000000000000000e+00
9.296025633811950684e-01 2.475761175155639648e-01 -2.730301320552825928e-01 1.920516975224018097e-02
2.736060414463281631e-03 7.361382842063903809e-01 6.768249869346618652e-01 -2.368476837873458862e-01
3.685536384582519531e-01 -6.299256086349487305e-01 6.836388111114501953e-01 -2.401977479457855225e-01
0.000000000000000000e+00 0.000000000000000000e+00 0.000000000000000000e+00 1.000000000000000000e+00
9.095471501350402832e-01 3.145465552806854248e-01 -2.716334760189056396e-01 1.728317327797412872e-02
-3.650161251425743103e-02 7.115265130996704102e-01 7.017104029655456543e-01 -2.440646737813949585e-01
4.139947891235351562e-01 -6.283232569694519043e-01 6.586481332778930664e-01 -2.328605502843856812e-01
0.000000000000000000e+00 0.000000000000000000e+00 0.000000000000000000e+00 1.000000000000000000e+00
8.328483700752258301e-01 4.011846482753753662e-01 -3.813320100307464600e-01 5.987424775958061218e-02
3.803994506597518921e-02 6.458297371864318848e-01 7.625333070755004883e-01 -2.714698612689971924e-01
5.521922707557678223e-01 -6.495807170867919922e-01 5.226169228553771973e-01 -1.926938146352767944e-01
0.000000000000000000e+00 0.000000000000000000e+00 0.000000000000000000e+00 1.000000000000000000e+00
7.217717170715332031e-01 5.130246877670288086e-01 -4.645981788635253906e-01 9.950385242700576782e-02
7.967782765626907349e-02 6.052061319351196289e-01 7.920713424682617188e-01 -2.847162783145904541e-01
6.875301599502563477e-01 -6.087127327919006348e-01 3.959438502788543701e-01 -1.550695747137069702e-01
0.000000000000000000e+00 0.000000000000000000e+00 0.000000000000000000e+00 1.000000000000000000e+00
6.108822822570800781e-01 5.904137492179870605e-01 -5.274791717529296875e-01 1.321620643138885498e-01
1.293618232011795044e-01 5.828551054000854492e-01 8.022129535675048828e-01 -2.912922799587249756e-01
7.810811400413513184e-01 -5.582931637763977051e-01 2.796791195869445801e-01 -1.158315241336822510e-01
0.000000000000000000e+00 0.000000000000000000e+00 0.000000000000000000e+00 1.000000000000000000e+00
5.076022148132324219e-01 6.127864122390747070e-01 -6.056668758392333984e-01 1.698156744241714478e-01
2.633691728115081787e-01 5.589596033096313477e-01 7.862567901611328125e-01 -2.918136417865753174e-01
8.203515410423278809e-01 -5.586199164390563965e-01 1.223402321338653564e-01 -5.662523210048675537e-02
0.000000000000000000e+00 0.000000000000000000e+00 0.000000000000000000e+00 1.000000000000000000e+00
4.751456379890441895e-01 5.980110168457031250e-01 -6.454607248306274414e-01 1.881233602762222290e-01
3.379061520099639893e-01 5.532978177070617676e-01 7.613677382469177246e-01 -2.864803373813629150e-01
8.124382495880126953e-01 -5.798655152320861816e-01 6.082552671432495117e-02 -2.971813641488552094e-02
0.000000000000000000e+00 0.000000000000000000e+00 0.000000000000000000e+00 1.000000000000000000e+00
6.971429586410522461e-01 3.311866521835327148e-01 -6.358513236045837402e-01 1.823229640722274780e-01
4.027585089206695557e-01 5.528064370155334473e-01 7.295139431953430176e-01 -2.782608270645141602e-01
5.931077003479003906e-01 -7.646700143814086914e-01 2.519969344139099121e-01 -6.990662962198257446e-02
0.000000000000000000e+00 0.000000000000000000e+00 0.000000000000000000e+00 1.000000000000000000e+00
6.582986116409301758e-01 3.022948801517486572e-01 -6.893914937973022461e-01 2.161432802677154541e-01
4.575537145137786865e-01 5.665302276611328125e-01 6.853380203247070312e-01 -2.629624009132385254e-01
5.977353453636169434e-01 -7.665905356407165527e-01 2.346298694610595703e-01 -5.617433413863182068e-02
