1 0 0 -0.04542167112231255 
0 1 0 0.0009935460984706879 
0 0 1 -0.2875000238418579 
0 0 0 1 

0.9960408806800842 0.08399772644042969 0.0291040726006031 -0.05241589993238449 
-0.08343744277954102 0.9963130950927734 -0.01996052637696266 0.01066878531128168 
-0.03067339770495892 0.0174531489610672 0.9993770718574524 -0.2924032509326935 
0 0 0 1 

0.9843445420265198 0.1683028191328049 0.05234317481517792 -0.05728735029697418 
-0.1655253916978836 0.9847511649131775 -0.05353831127285957 0.02642380818724632 
-0.06055568903684616 0.04403597488999367 0.9971929788589478 -0.2913919389247894 
0 0 0 1 

0.9648451805114746 0.2560328841209412 0.05933564901351929 -0.05737121030688286 
-0.2509995698928833 0.964607298374176 -0.08081929385662079 0.03999266400933266 
-0.07792805135250092 0.06308484077453613 0.9949610233306885 -0.2905048727989197 
0 0 0 1 

-0.1405122876167297 0.6668877601623535 0.7317903637886047 -0.2267163842916489 
-0.9594836235046387 0.0906037762761116 -0.2668001651763916 0.1281630247831345 
-0.2442287355661392 -0.7396295070648193 0.6271368265151978 -0.1917198002338409 
0 0 0 1 

-0.2042316347360611 0.4889061152935028 0.8480919599533081 -0.250810295343399 
-0.9551934599876404 -0.2891226708889008 -0.06335026770830154 0.07852499932050705 
0.2142304182052612 -0.8230301141738892 0.5260481238365173 -0.176897257566452 
0 0 0 1 

-0.1143124252557755 0.6167985796928406 0.7787760496139526 -0.2390851974487305 
-0.9931098818778992 -0.09130207449197769 -0.07346115261316299 0.07971840351819992 
0.02579320222139359 -0.7818077802658081 0.62298583984375 -0.191192701458931 
0 0 0 1 

0.0240758303552866 0.7634648680686951 0.6454004049301147 -0.2050255835056305 
-0.9996774792671204 0.02360323071479797 0.00937076099216938 0.0488850511610508 
-0.008079281076788902 -0.6454178690910339 0.7637869715690613 -0.2332898378372192 
0 0 0 1 

0.06956768780946732 0.8436267375946045 0.532404363155365 -0.1652988642454147 
-0.9973398447036743 0.07046203315258026 0.01866817474365234 0.04247306659817696 
-0.02176535688340664 -0.5322867631912231 0.8462842702865601 -0.2624111175537109 
0 0 0 1 

0.1108998209238052 0.8841756582260132 0.4537999331951141 -0.1361715942621231 
-0.9933409690856934 0.08427010476589203 0.07856264710426331 0.02452610060572624 
0.03122144192457199 -0.4594906866550446 0.8876336216926575 -0.277463972568512 
0 0 0 1 

