-0.4609981179237366 0.7860565185546875 0.4118204414844513 -0.08705189824104309 
0.8133222460746765 0.1886385977268219 0.5503839254379272 -0.2336320132017136 
0.3549476563930511 0.5886685848236084 -0.7262792587280273 0.2240475714206696 
0 0 0 1 

-0.5982660055160522 0.6670525074005127 0.4439797401428223 -0.0916871577501297 
0.7223225235939026 0.2090906798839569 0.6591895818710327 -0.2615155577659607 
0.346882164478302 0.7150676250457764 -0.6069187521934509 0.1902949064970016 
0 0 0 1 

0.01772766746580601 0.9635629653930664 0.266893208026886 -0.07920993119478226 
0.764036238193512 -0.1852364540100098 0.6180095672607422 -0.272424191236496 
0.6449295878410339 0.1929602921009064 -0.73948073387146 0.2110560983419418 
0 0 0 1 

0.1149677932262421 0.9594964385032654 0.2571941316127777 -0.08223111927509308 
0.8019018769264221 -0.2424535155296326 0.5460489392280579 -0.2537030279636383 
0.5862897038459778 0.1434664726257324 -0.797296404838562 0.2340570837259293 
0 0 0 1 

0.2271121591329575 0.9483340382575989 0.221545621752739 -0.07857144623994827 
0.823875904083252 -0.3083954453468323 0.4755213856697083 -0.2342183440923691 
0.5192767977714539 0.07452944666147232 -0.851349949836731 0.2564052641391754 
0 0 0 1 

0.353706419467926 0.9251357316970825 0.1378973424434662 -0.05987730622291565 
0.836890697479248 -0.3788557946681976 0.3950725793838501 -0.2110186964273453 
0.4177389442920685 -0.02433470636606216 -0.9082412719726562 0.2823598384857178 
0 0 0 1 

0.4547383189201355 0.8898822665214539 0.03636622428894043 -0.03338774666190147 
0.8462854027748108 -0.4444619119167328 0.2936910688877106 -0.1804884374141693 
0.2775138914585114 -0.1027763560414314 -0.9552083611488342 0.3080349564552307 
0 0 0 1 

-0.5823553204536438 0.7910045385360718 0.1875474452972412 -0.01669797860085964 
0.7874974608421326 0.4916552305221558 0.3716488480567932 -0.1523547023534775 
0.201767235994339 0.3641248345375061 -0.9092320799827576 0.3052467405796051 
0 0 0 1 

-0.6368776559829712 0.7345691919326782 0.2340832352638245 -0.02738988026976585 
0.722241997718811 0.4622379243373871 0.5144925117492676 -0.1976644843816757 
0.2697281837463379 0.496733546257019 -0.8249257206916809 0.2769943177700043 
0 0 0 1 

-0.6560631394386292 0.7265523672103882 0.2042109221220016 -0.01783511228859425 
0.6692630648612976 0.4350281059741974 0.6023597717285156 -0.2244435697793961 
0.3488085269927979 0.5318570733070374 -0.7716604471206665 0.2560794353485107 
0 0 0 1 

