-0.4609979093074799 0.7860565185546875 0.4118200838565826 -0.08705185353755951 
0.8133219480514526 0.1886386722326279 0.5503840446472168 -0.2336320281028748 
0.3549478352069855 0.5886683464050293 -0.7262791395187378 0.2240475565195084 
0 0 0 1 

-0.5982667803764343 0.6670524477958679 0.4439803659915924 -0.09168713539838791 
0.7223228812217712 0.2090904414653778 0.6591896414756775 -0.2615155875682831 
0.3468822240829468 0.715067982673645 -0.6069189310073853 0.1902949661016464 
0 0 0 1 

0.01772746816277504 0.9635630249977112 0.2668934166431427 -0.07920993864536285 
0.7640364766120911 -0.1852365881204605 0.6180094480514526 -0.2724242210388184 
0.6449294686317444 0.1929605305194855 -0.7394810914993286 0.2110561430454254 
0 0 0 1 

0.1149677634239197 0.9594964981079102 0.2571942508220673 -0.08223113417625427 
0.8019019961357117 -0.2424536496400833 0.5460488200187683 -0.2537029981613159 
0.586289644241333 0.1434665620326996 -0.7972965836524963 0.234057143330574 
0 0 0 1 

0.2271120846271515 0.948334276676178 0.2215454131364822 -0.07857142388820648 
0.823875904083252 -0.3083954453468323 0.4755217134952545 -0.2342183291912079 
0.5192770957946777 0.07452915608882904 -0.8513500690460205 0.2564052641391754 
0 0 0 1 

0.3537064790725708 0.925135612487793 0.1378974616527557 -0.05987723544239998 
0.8368906378746033 -0.3788558542728424 0.3950723111629486 -0.2110187858343124 
0.4177387654781342 -0.02433453686535358 -0.9082410931587219 0.282359778881073 
0 0 0 1 

0.4547382295131683 0.8898823261260986 0.03636600822210312 -0.03338779881596565 
0.8462854027748108 -0.4444617629051208 0.2936913967132568 -0.180488333106041 
0.2775141000747681 -0.1027766689658165 -0.9552081823348999 0.3080350756645203 
0 0 0 1 

-0.5823553800582886 0.7910045385360718 0.1875475198030472 -0.01669792830944061 
0.7874974608421326 0.4916552305221558 0.3716488182544708 -0.1523547321557999 
0.2017671912908554 0.3641248643398285 -0.9092321395874023 0.3052467703819275 
0 0 0 1 

-0.636877715587616 0.7345691323280334 0.234083354473114 -0.0273898858577013 
0.7222420573234558 0.4622379839420319 0.5144924521446228 -0.1976645141839981 
0.2697280943393707 0.4967335760593414 -0.8249258399009705 0.2769943177700043 
0 0 0 1 

-0.6587429046630859 0.7297531962394714 0.1830792725086212 -0.01069619972258806 
0.6645543575286865 0.4502810537815094 0.5963343381881714 -0.2219838052988052 
0.3527397811412811 0.5144970417022705 -0.7815801501274109 0.2593253254890442 
0 0 0 1 

