1 0 0 -0.03619798645377159 
0 1 0 -0.001327119767665863 
0 0 1 -0.2960163652896881 
0 0 0 1 

0.9932648539543152 0.1129877716302872 -0.02566558867692947 -0.03201641142368317 
-0.1137429475784302 0.9930523037910461 -0.03016109578311443 0.02051124721765518 
0.02207944355905056 0.03287722915410995 0.9992154836654663 -0.2985036075115204 
0 0 0 1 

0.9795783162117004 0.1917309015989304 -0.06054400652647018 -0.02265154756605625 
-0.1945170909166336 0.9799105525016785 -0.04402705281972885 0.03730741888284683 
0.0508863553404808 0.05490480363368988 0.9971940517425537 -0.3001975417137146 
0 0 0 1 

0.9653473496437073 0.2500354945659637 -0.07474400848150253 -0.01919937692582607 
-0.2547987997531891 0.9649493098258972 -0.06285126507282257 0.05104394629597664 
0.05640909820795059 0.07971800863742828 0.9952200651168823 -0.3000218272209167 
0 0 0 1 

