0.5038740634918213 0.8625628352165222 -0.04578452184796333 0.005770519375801086 
-0.8633387684822083 0.5012220144271851 -0.0585026815533638 0.06375811994075775 
-0.0275140292942524 0.06900554150342941 0.9972367882728577 -0.3105061650276184 
0 0 0 1 

0.40546715259552 0.9119607210159302 -0.06264057010412216 0.01601534895598888 
-0.9139662981033325 0.4056635200977325 -0.01012340094894171 0.04602107778191566 
0.01617883890867233 0.0613560825586319 0.9979848265647888 -0.314628541469574 
0 0 0 1 

0.2925994992256165 0.9539890885353088 -0.06549865007400513 0.02195082232356071 
-0.9552274346351624 0.2947481572628021 0.02576254308223724 0.03331884741783142 
0.04388279095292091 0.05502801761031151 0.9975200295448303 -0.3171579539775848 
0 0 0 1 

0.1766138672828674 0.9803533554077148 -0.08783332258462906 0.03423468768596649 
-0.9818289279937744 0.181765004992485 0.05452745407819748 0.02320746518671513 
0.0694211944937706 0.07660701125860214 0.9946416616439819 -0.3175936043262482 
0 0 0 1 

0.09940958768129349 0.9914780855178833 -0.08419585973024368 0.03631828352808952 
-0.9908274412155151 0.1064168363809586 0.08328472822904587 0.012191959656775 
0.09153483808040619 0.07514427602291107 0.9929625988006592 -0.3173728883266449 
0 0 0 1 

0.016131442040205 0.9953009486198425 -0.09547795355319977 0.04472531750798225 
-0.9973556399345398 0.02278513833880424 0.06901338696479797 0.01875682920217514 
0.07086456567049026 0.09411216527223587 0.9930363297462463 -0.3111109435558319 
0 0 0 1 

-0.08978408575057983 0.890116810798645 -0.4468008279800415 0.1660548150539398 
-0.9905705451965332 -0.03319554775953293 0.1329218149185181 -0.001607975689694285 
0.1034841760993004 0.4545219540596008 0.8847038149833679 -0.2700777351856232 
0 0 0 1 

-0.1613356024026871 0.8664872050285339 -0.4724095463752747 0.1760533899068832 
-0.9774643778800964 -0.074263796210289 0.1976064145565033 -0.02439210750162601 
0.1361404657363892 0.4936444461345673 0.8589417338371277 -0.2629736363887787 
0 0 0 1 

-0.1300394386053085 0.8117356300354004 -0.5693636536598206 0.2005807161331177 
-0.9914917945861816 -0.1098249852657318 0.06987489014863968 0.01657133921980858 
-0.005810431204736233 0.5736058950424194 0.8191108107566833 -0.2433938384056091 
0 0 0 1 

-0.1194525435566902 0.8026545643806458 -0.5843600034713745 0.1972569674253464 
-0.9915663599967957 -0.06664538383483887 0.1111504957079887 0.007802487816661596 
0.05027049034833908 0.592708945274353 0.8038463592529297 -0.2482121586799622 
0 0 0 1 

