1 0 0 -0.03619798645377159 
0 1 0 -0.001327119767665863 
0 0 1 -0.2960163652896881 
0 0 0 1 

0.9906722903251648 0.1354881227016449 0.01453541871160269 -0.04377798736095428 
-0.1344909965991974 0.9893510937690735 -0.05564571544528008 0.02804155461490154 
-0.02192001789808273 0.05317176505923271 0.9983447790145874 -0.2968010306358337 
0 0 0 1 

0.9715663194656372 0.2339587956666946 0.03636089339852333 -0.05073031038045883 
-0.2293851226568222 0.9681569337844849 -0.1002719700336456 0.05246241018176079 
-0.05866260826587677 0.08908019214868546 0.9942954182624817 -0.2946450710296631 
0 0 0 1 

0.5857253670692444 0.8099356293678284 -0.03048229217529297 -0.003418384352698922 
-0.80962073802948 0.5829093456268311 -0.06878054141998291 0.06758162379264832 
-0.0379393994808197 0.06496559083461761 0.9971661567687988 -0.30724236369133 
0 0 0 1 

0.5080143213272095 0.8600116372108459 -0.04796833917498589 0.006675520911812782 
-0.8611260652542114 0.5058308243751526 -0.05095627903938293 0.06251535564661026 
-0.01955914683640003 0.06719335913658142 0.9975486397743225 -0.3109817802906036 
0 0 0 1 

0.4001449942588806 0.915026068687439 -0.05109851062297821 0.01277639344334602 
-0.9161906242370605 0.4007395803928375 0.001528786029666662 0.04389389976859093 
0.02187607623636723 0.04620424658060074 0.9986924529075623 -0.3154498338699341 
0 0 0 1 

0.2901035845279694 0.9554653763771057 -0.05409123376011848 0.01883928664028645 
-0.9558216333389282 0.2920830249786377 0.03305280208587646 0.03164385631680489 
0.04737993702292442 0.04211282730102539 0.9979888796806335 -0.3176277577877045 
0 0 0 1 

0.1763716340065002 0.9812231659889221 -0.07806442677974701 0.03166729956865311 
-0.982052206993103 0.1807949841022491 0.05372565612196922 0.0233426745980978 
0.06683050841093063 0.06718768179416656 0.9954996705055237 -0.3180243372917175 
0 0 0 1 

0.6905953288078308 0.700751781463623 0.1789549887180328 -0.06341887265443802 
-0.7230431437492371 0.6631466150283813 0.1935069262981415 -0.01328213512897491 
0.01692698150873184 -0.263027161359787 0.9646399617195129 -0.2841145098209381 
0 0 0 1 

0.6925176978111267 0.6981081366539001 0.1818343997001648 -0.06454909592866898 
-0.7211425304412842 0.6766601800918579 0.148607149720192 0.001133651821874082 
-0.01929624564945698 -0.23404161632061 0.9720349907875061 -0.2828805446624756 
0 0 0 1 

