1.000000000000000000e+00 0.000000000000000000e+00 0.000000000000000000e+00 -4.097584310382009209e-01
0.000000000000000000e+00 -1.000000000000000000e+00 0.000000000000000000e+00 -1.932597221741734483e-02
0.000000000000000000e+00 0.000000000000000000e+00 -1.000000000000000000e+00 -2.664692399556274349e+00
0.000000000000000000e+00 0.000000000000000000e+00 0.000000000000000000e+00 1.000000000000000000e+00
9.966741204261779785e-01 -8.029896020889282227e-02 -1.388873159885406494e-02 -4.344302509081207075e-01
-8.001118898391723633e-02 -9.965901374816894531e-01 2.016604505479335785e-02 6.744975035255731943e-02
-1.546065136790275574e-02 -1.898775063455104828e-02 -9.997002482414245605e-01 -2.719756833050091860e+00
0.000000000000000000e+00 0.000000000000000000e+00 0.000000000000000000e+00 1.000000000000000000e+00
9.857804179191589355e-01 -1.643959134817123413e-01 -3.480311483144760132e-02 -4.766620129892821800e-01
-1.625757068395614624e-01 -9.854326248168945312e-01 4.991330951452255249e-02 2.009654264712424643e-01
-4.250171408057212830e-02 -4.354538396000862122e-02 -9.981468915939331055e-01 -2.711888396146045821e+00
0.000000000000000000e+00 0.000000000000000000e+00 0.000000000000000000e+00 1.000000000000000000e+00
9.666284322738647461e-01 -2.538939416408538818e-01 -3.416431322693824768e-02 -4.537066106067336735e-01
-2.506090402603149414e-01 -9.648188352584838867e-01 7.949481159448623657e-02 3.310865801975590439e-01
-5.314566940069198608e-02 -6.828007847070693970e-02 -9.962498545646667480e-01 -2.707596973009741337e+00
0.000000000000000000e+00 0.000000000000000000e+00 0.000000000000000000e+00 1.000000000000000000e+00
9.368559122085571289e-01 -3.458608090877532959e-01 -5.177699401974678040e-02 -4.757673456369362897e-01
-3.379420638084411621e-01 -9.334323406219482422e-01 1.204121410846710205e-01 4.913226826473808817e-01
-8.997622877359390259e-02 -9.531117975711822510e-02 -9.913728237152099609e-01 -2.681344291311896555e+00
0.000000000000000000e+00 0.000000000000000000e+00 0.000000000000000000e+00 1.000000000000000000e+00
8.936198353767395020e-01 -4.478176236152648926e-01 -3.004520386457443237e-02 -3.868381765480126688e-01
-4.400942325592041016e-01 -8.874114751815795898e-01 1.371779739856719971e-01 5.768693758615088818e-01
-8.809319138526916504e-02 -1.093622520565986633e-01 -9.900907278060913086e-01 -2.689940106777368722e+00
0.000000000000000000e+00 0.000000000000000000e+00 0.000000000000000000e+00 1.000000000000000000e+00
8.478718400001525879e-01 -5.299587249755859375e-01 -1.602562144398689270e-02 -3.196203331177416285e-01
-5.205739140510559082e-01 -8.378301858901977539e-01 1.644476056098937988e-01 6.898551214876437188e-01
-1.005772650241851807e-01 -1.310880035161972046e-01 -9.862557053565979004e-01 -2.677706846624218873e+00
0.000000000000000000e+00 0.000000000000000000e+00 0.000000000000000000e+00 1.000000000000000000e+00
7.940025925636291504e-01 -6.078968048095703125e-01 4.594882484525442123e-03 -2.321849667003962892e-01
-5.998813509941101074e-01 -7.822636365890502930e-01 1.679454892873764038e-01 7.348332481276951267e-01
-9.849916398525238037e-02 -1.361055523157119751e-01 -9.857856035232543945e-01 -2.685754092825610950e+00
0.000000000000000000e+00 0.000000000000000000e+00 0.000000000000000000e+00 1.000000000000000000e+00
7.234114408493041992e-01 -6.897210478782653809e-01 3.099532984197139740e-02 -1.078285243472409394e-01
-6.843968629837036133e-01 -7.104650139808654785e-01 1.638294160366058350e-01 7.496336496319785381e-01
-9.097553044557571411e-02 -1.397291719913482666e-01 -9.860014915466308594e-01 -2.693932686597275694e+00
0.000000000000000000e+00 0.000000000000000000e+00 0.000000000000000000e+00 1.000000000000000000e+00
6.452054977416992188e-01 -7.632506489753723145e-01 3.402455151081085205e-02 -5.082830516004146343e-02
-7.592715024948120117e-01 -6.356172561645507812e-01 1.396318972110748291e-01 7.044469121450235294e-01
-8.494760841131210327e-02 -1.159251630306243896e-01 -9.896187186241149902e-01 -2.719876867069143778e+00
0.000000000000000000e+00 0.000000000000000000e+00 0.000000000000000000e+00 1.000000000000000000e+00
5.522574782371520996e-01 -8.324130177497863770e-01 4.582586511969566345e-02 3.625224733679981853e-02
-8.318994045257568359e-01 -5.466646552085876465e-01 9.539970755577087402e-02 5.926348094879271278e-01
-5.436061695218086243e-02 -9.080769121646881104e-02 -9.943836927413940430e-01 -2.766243111255953124e+00
0.000000000000000000e+00 0.000000000000000000e+00 0.000000000000000000e+00 1.000000000000000000e+00
4.603856801986694336e-01 -8.826431035995483398e-01 9.479442238807678223e-02 2.364299304758744613e-01
-8.876710534095764160e-01 -4.566196203231811523e-01 5.948477238416671753e-02 4.936311644844714186e-01
-9.218828752636909485e-03 -1.115322113037109375e-01 -9.937180280685424805e-01 -2.798625254253099381e+00
0.000000000000000000e+00 0.000000000000000000e+00 0.000000000000000000e+00 1.000000000000000000e+00
3.498504459857940674e-01 -9.305192232131958008e-01 1.083453148603439331e-01 3.188256444585590432e-01
-9.365710020065307617e-01 -3.500045835971832275e-01 1.821790076792240143e-02 3.526604875999179156e-01
2.096924372017383575e-02 -1.078465804457664490e-01 -9.939463734626770020e-01 -2.815375932626699385e+00
0.000000000000000000e+00 0.000000000000000000e+00 0.000000000000000000e+00 1.000000000000000000e+00
2.730104923248291016e-01 -9.541397094726562500e-01 1.228112727403640747e-01 3.842872660169801002e-01
-9.590430855751037598e-01 -2.799614667892456055e-01 -4.310261085629463196e-02 1.382275423692693461e-01
7.550830394029617310e-02 -1.060138419270515442e-01 -9.914934635162353516e-01 -2.812681375854193533e+00
0.000000000000000000e+00 0.000000000000000000e+00 0.000000000000000000e+00 1.000000000000000000e+00
1.927174180746078491e-01 -9.681499004364013672e-01 1.598294675350189209e-01 5.059590940706154560e-01
-9.723866581916809082e-01 -2.102735340595245361e-01 -1.012355908751487732e-01 -6.019896343108361442e-02
1.316192150115966797e-01 -1.359062641859054565e-01 -9.819399118423461914e-01 -2.793722899350862487e+00
0.000000000000000000e+00 0.000000000000000000e+00 0.000000000000000000e+00 1.000000000000000000e+00
1.195236369967460632e-01 -9.799234867095947266e-01 1.595752239227294922e-01 5.206190764681289940e-01
-9.695144295692443848e-01 -1.498280167579650879e-01 -1.938900947570800781e-01 -3.526592013928379066e-01
2.139062583446502686e-01 -1.315360218286514282e-01 -9.679577350616455078e-01 -2.767423583746765114e+00
0.000000000000000000e+00 0.000000000000000000e+00 0.000000000000000000e+00 1.000000000000000000e+00
1.890547573566436768e-01 -9.719222187995910645e-01 1.400915086269378662e-01 4.557968085238294220e-01
-9.545258879661560059e-01 -2.153826504945755005e-01 -2.061329782009124756e-01 -3.855092356165462641e-01
2.305184751749038696e-01 -9.475053101778030396e-02 -9.684441685676574707e-01 -2.749314727346101606e+00
0.000000000000000000e+00 0.000000000000000000e+00 0.000000000000000000e+00 1.000000000000000000e+00
2.748992443084716797e-01 -9.505655169486999512e-01 1.444142907857894897e-01 4.481290491838186285e-01
-9.372390508651733398e-01 -2.984406352043151855e-01 -1.803219914436340332e-01 -2.881518157933439239e-01
2.145068794488906860e-01 -8.578035980463027954e-02 -9.729482531547546387e-01 -2.738990697946558139e+00
0.000000000000000000e+00 0.000000000000000000e+00 0.000000000000000000e+00 1.000000000000000000e+00
3.285381197929382324e-01 -9.321107268333435059e-01 1.524206548929214478e-01 4.531114957504916996e-01
-9.326333403587341309e-01 -3.456527590751647949e-01 -1.035363301634788513e-01 -4.018417031383011984e-02
1.491919457912445068e-01 -1.081369742751121521e-01 -9.828776121139526367e-01 -2.734462242115160535e+00
0.000000000000000000e+00 0.000000000000000000e+00 0.000000000000000000e+00 1.000000000000000000e+00
3.626500070095062256e-01 -9.137045145034790039e-01 1.833827346563339233e-01 5.288539965481591221e-01
-9.286851882934570312e-01 -3.707179129123687744e-01 -1.057204976677894592e-02 2.589813343786313560e-01
7.764301449060440063e-02 -1.664709895849227905e-01 -9.829849004745483398e-01 -2.697341376798071177e+00
0.000000000000000000e+00 0.000000000000000000e+00 0.000000000000000000e+00 1.000000000000000000e+00
4.002991318702697754e-01 -8.961445689201354980e-01 1.915340125560760498e-01 5.357049726780708232e-01
-9.162729978561401367e-01 -3.946693837642669678e-01 6.840807199478149414e-02 5.090982721825051405e-01
1.428907644003629684e-02 -2.028811573982238770e-01 -9.790992140769958496e-01 -2.652853458054216240e+00
0.000000000000000000e+00 0.000000000000000000e+00 0.000000000000000000e+00 1.000000000000000000e+00
4.572411775588989258e-01 -8.607887029647827148e-01 2.235473841428756714e-01 5.923556833276845124e-01
-8.882015943527221680e-01 -4.292645454406738281e-01 1.637970954179763794e-01 7.767939678750322985e-01
-4.503374919295310974e-02 -2.734499573707580566e-01 -9.608313441276550293e-01 -2.553426106760521286e+00
0.000000000000000000e+00 0.000000000000000000e+00 0.000000000000000000e+00 1.000000000000000000e+00
5.347329974174499512e-01 -8.183270692825317383e-01 2.107158005237579346e-01 5.037229085852296118e-01
-8.405386805534362793e-01 -4.894446730613708496e-01 2.322462350130081177e-01 9.505004397099896529e-01
-8.691969513893127441e-02 -3.013045787811279297e-01 -9.495580196380615234e-01 -2.487587585280784719e+00
0.000000000000000000e+00 0.000000000000000000e+00 0.000000000000000000e+00 1.000000000000000000e+00
5.971015095710754395e-01 -7.761857509613037109e-01 2.024981975555419922e-01 4.398091050069601327e-01
-7.928098440170288086e-01 -5.325824618339538574e-01 2.963241934776306152e-01 1.095835905351112860e+00
-1.221556663513183594e-01 -3.374781608581542969e-01 -9.333733916282653809e-01 -2.409113206788595640e+00
0.000000000000000000e+00 0.000000000000000000e+00 0.000000000000000000e+00 1.000000000000000000e+00
6.727381944656372070e-01 -7.194530963897705078e-01 1.726571917533874512e-01 3.031156058420824140e-01
-7.215142250061035156e-01 -5.862540006637573242e-01 3.684061765670776367e-01 1.230608446300752501e+00
-1.638300865888595581e-01 -3.724156022071838379e-01 -9.134913086891174316e-01 -2.315125604080133570e+00
0.000000000000000000e+00 0.000000000000000000e+00 0.000000000000000000e+00 1.000000000000000000e+00
7.368776798248291016e-01 -6.567831635475158691e-01 1.601470112800598145e-01 2.349960585824865666e-01
-6.485638022422790527e-01 -6.199861764907836914e-01 4.415678977966308594e-01 1.368354795579864280e+00
-1.907254457473754883e-01 -4.292468428611755371e-01 -8.828195929527282715e-01 -2.185456440522108412e+00
0.000000000000000000e+00 0.000000000000000000e+00 0.000000000000000000e+00 1.000000000000000000e+00
7.612388134002685547e-01 -6.328642368316650391e-01 1.414129734039306641e-01 1.632332201506641878e-01
-5.986781120300292969e-01 -6.020713448524475098e-01 5.282936096191406250e-01 1.550050428188603835e+00
-2.491977065801620483e-01 -4.868184626102447510e-01 -8.372023701667785645e-01 -1.994001490283916045e+00
0.000000000000000000e+00 0.000000000000000000e+00 0.000000000000000000e+00 1.000000000000000000e+00
7.928499579429626465e-01 -5.912454128265380859e-01 1.477081924676895142e-01 1.532665334055391126e-01
-5.344948172569274902e-01 -5.582090020179748535e-01 6.346005201339721680e-01 1.803005704893839045e+00
-2.927527725696563721e-01 -5.820922255516052246e-01 -7.585934400558471680e-01 -1.728096750445188734e+00
0.000000000000000000e+00 0.000000000000000000e+00 0.000000000000000000e+00 1.000000000000000000e+00
8.157092332839965820e-01 -5.612575411796569824e-01 1.400303393602371216e-01 1.159965396167916551e-01
-4.791282713413238525e-01 -5.199028849601745605e-01 7.072036862373352051e-01 1.979447296721533744e+00
-3.241210877895355225e-01 -6.439649462699890137e-01 -6.930038332939147949e-01 -1.511757920236751707e+00
0.000000000000000000e+00 0.000000000000000000e+00 0.000000000000000000e+00 1.000000000000000000e+00
8.409190177917480469e-01 -5.232682824134826660e-01 1.380057036876678467e-01 8.263359709780987439e-02
-4.174035787582397461e-01 -4.648565649986267090e-01 7.808216214179992676e-01 2.157499000046163573e+00
-3.444264829158782959e-01 -7.142118811607360840e-01 -6.093209385871887207e-01 -1.288943599625816283e+00
0.000000000000000000e+00 0.000000000000000000e+00 0.000000000000000000e+00 1.000000000000000000e+00
8.750380873680114746e-01 -4.741328358650207520e-01 9.749972075223922729e-02 -4.363433526994291156e-02
-3.271031379699707031e-01 -4.307206273078918457e-01 8.411202430725097656e-01 2.289365613973656899e+00
-3.568076789379119873e-01 -7.679048180580139160e-01 -5.319872498512268066e-01 -1.100077934945720148e+00
0.000000000000000000e+00 0.000000000000000000e+00 0.000000000000000000e+00 1.000000000000000000e+00
8.957841396331787109e-01 -4.391002655029296875e-01 6.900615990161895752e-02 -1.201547332569542076e-01
-2.249066233634948730e-01 -3.138533830642700195e-01 9.224495887756347656e-01 2.433496117424678751e+00
-3.833901286125183105e-01 -8.418354988098144531e-01 -3.799012005329132080e-01 -7.192884975024457228e-01
0.000000000000000000e+00 0.000000000000000000e+00 0.000000000000000000e+00 1.000000000000000000e+00
8.913466930389404297e-01 -4.527182877063751221e-01 2.339621633291244507e-02 -2.797187486776889775e-01
-8.084971457719802856e-02 -1.079760789871215820e-01 9.908605217933654785e-01 2.589545033176579469e+00
-4.460543990135192871e-01 -8.850916624069213867e-01 -1.328462213277816772e-01 -8.835702893665965674e-02
0.000000000000000000e+00 0.000000000000000000e+00 0.000000000000000000e+00 1.000000000000000000e+00
8.836931586265563965e-01 -4.670782089233398438e-01 3.040544688701629639e-02 -2.347767529672228626e-01
-8.026470243930816650e-02 -8.721929043531417847e-02 9.929506182670593262e-01 2.586127512887026025e+00
-4.611335098743438721e-01 -8.799037337303161621e-01 -1.145649477839469910e-01 -9.621800683018280620e-02
0.000000000000000000e+00 0.000000000000000000e+00 0.000000000000000000e+00 1.000000000000000000e+00
8.504161238670349121e-01 -5.250049829483032227e-01 3.409082442522048950e-02 -1.929717325193107957e-01
-1.012679561972618103e-01 -9.976143389940261841e-02 9.898447990417480469e-01 2.589455076647359189e+00
-5.162725448608398438e-01 -8.452321887016296387e-01 -1.380048841238021851e-01 -1.395402158878676635e-01
0.000000000000000000e+00 0.000000000000000000e+00 0.000000000000000000e+00 1.000000000000000000e+00
8.371292948722839355e-01 -5.426560640335083008e-01 6.883572041988372803e-02 -1.041002004550525273e-01
-2.239935547113418579e-01 -2.252652943134307861e-01 9.481995701789855957e-01 2.525832631505563697e+00
-4.990400075912475586e-01 -8.091846108436584473e-01 -3.101276755332946777e-01 -5.080601846402046373e-01
0.000000000000000000e+00 0.000000000000000000e+00 0.000000000000000000e+00 1.000000000000000000e+00
8.400967717170715332e-01 -5.318889021873474121e-01 1.064494699239730835e-01 -1.580050502498257445e-02
-3.107059597969055176e-01 -3.109879493713378906e-01 8.981913924217224121e-01 2.429436208177993439e+00
-4.446337819099426270e-01 -7.876421809196472168e-01 -4.265210628509521484e-01 -8.054124922616510140e-01
0.000000000000000000e+00 0.000000000000000000e+00 0.000000000000000000e+00 1.000000000000000000e+00
8.201493024826049805e-01 -5.606197118759155273e-01 1.142830923199653625e-01 1.014888422376069264e-02
-3.693384230136871338e-01 -3.662089705467224121e-01 8.540962338447570801e-01 2.343069937858495599e+00
-4.369716048240661621e-01 -7.426955103874206543e-01 -5.074045658111572266e-01 -1.014212427237886738e+00
0.000000000000000000e+00 0.000000000000000000e+00 0.000000000000000000e+00 1.000000000000000000e+00
8.337993621826171875e-01 -5.464559793472290039e-01 7.851370424032211304e-02 -1.223541410777383293e-01
-4.512753784656524658e-01 -5.927213430404663086e-01 6.671069860458374023e-01 1.972422823144544424e+00
-3.180080354213714600e-01 -5.916645526885986328e-01 -7.408129572868347168e-01 -1.674301090329761488e+00
0.000000000000000000e+00 0.000000000000000000e+00 0.000000000000000000e+00 1.000000000000000000e+00
8.365666270256042480e-01 -5.449169278144836426e-01 5.675891041755676270e-02 -1.909641290581364226e-01
-4.624610543251037598e-01 -6.468121409416198730e-01 6.064347624778747559e-01 1.807756568585824342e+00
-2.937444448471069336e-01 -5.335718989372253418e-01 -7.931045293807983398e-01 -1.825479108370624992e+00
0.000000000000000000e+00 0.000000000000000000e+00 0.000000000000000000e+00 1.000000000000000000e+00
8.571944236755371094e-01 -5.114701986312866211e-01 6.013263761997222900e-02 -1.871915943602239785e-01
-4.602694809436798096e-01 -7.084895968437194824e-01 5.349713563919067383e-01 1.607396611805498976e+00
-2.310185879468917847e-01 -4.862517714500427246e-01 -8.427276015281677246e-01 -1.978423696043601687e+00
0.000000000000000000e+00 0.000000000000000000e+00 0.000000000000000000e+00 1.000000000000000000e+00
8.732881546020507812e-01 -4.866042137145996094e-01 2.416439168155193329e-02 -2.699144700298929389e-01
-4.565558433532714844e-01 -8.000323772430419922e-01 3.892358541488647461e-01 1.220231712308935679e+00
-1.700717359781265259e-01 -3.509473800659179688e-01 -9.208209514617919922e-01 -2.199148458932079109e+00
0.000000000000000000e+00 0.000000000000000000e+00 0.000000000000000000e+00 1.000000000000000000e+00
8.784906268119812012e-01 -4.771437942981719971e-01 2.425313182175159454e-02 -2.535156499977714861e-01
-4.671286940574645996e-01 -8.471855521202087402e-01 2.531147599220275879e-01 8.722127348129465885e-01
-1.002253144979476929e-01 -2.336882501840591431e-01 -9.671323895454406738e-01 -2.345766701920482422e+00
0.000000000000000000e+00 0.000000000000000000e+00 0.000000000000000000e+00 1.000000000000000000e+00
8.809795379638671875e-01 -4.727594852447509766e-01 1.931493729352951050e-02 -2.288225999730452431e-01
-4.731124937534332275e-01 -8.796279430389404297e-01 4.918250814080238342e-02 3.357180997211768880e-01
-6.261558737605810165e-03 -5.246693640947341919e-02 -9.986029267311096191e-01 -2.465446413660803859e+00
0.000000000000000000e+00 0.000000000000000000e+00 0.000000000000000000e+00 1.000000000000000000e+00
8.883160352706909180e-01 -4.589367806911468506e-01 1.648887805640697479e-02 -2.218371546985148657e-01
-4.577838182449340820e-01 -8.877919316291809082e-01 -4.753270745277404785e-02 7.136329053032132441e-02
3.645320609211921692e-02 3.467573225498199463e-02 -9.987335801124572754e-01 -2.489673141869274353e+00
0.000000000000000000e+00 0.000000000000000000e+00 0.000000000000000000e+00 1.000000000000000000e+00
8.945333957672119141e-01 -4.469002485275268555e-01 9.484101086854934692e-03 -2.350058868719816507e-01
-4.404496252536773682e-01 -8.848438858985900879e-01 -1.518397182226181030e-01 -2.266884480767072385e-01
7.624922692775726318e-02 1.316484063863754272e-01 -9.883596897125244141e-01 -2.479934105849936898e+00
0.000000000000000000e+00 0.000000000000000000e+00 0.000000000000000000e+00 1.000000000000000000e+00
8.970841169357299805e-01 -4.417331218719482422e-01 1.057784818112850189e-02 -2.296664943150336369e-01
-4.244725406169891357e-01 -8.681862950325012207e-01 -2.570513188838958740e-01 -5.299507582485419865e-01
1.227316707372665405e-01 2.261066138744354248e-01 -9.663397669792175293e-01 -2.437881360021326937e+00
0.000000000000000000e+00 0.000000000000000000e+00 0.000000000000000000e+00 1.000000000000000000e+00
9.012030363082885742e-01 -4.331589937210083008e-01 1.435802411288022995e-02 -2.171145058995135046e-01
-3.975229859352111816e-01 -8.393508791923522949e-01 -3.707630932331085205e-01 -8.803131930113109460e-01
1.726509332656860352e-01 3.284251391887664795e-01 -9.286164045333862305e-01 -2.348678423688376427e+00
0.000000000000000000e+00 0.000000000000000000e+00 0.000000000000000000e+00 1.000000000000000000e+00
9.060453176498413086e-01 -4.230337142944335938e-01 1.114433724433183670e-02 -2.377684111831490366e-01
-3.714422583580017090e-01 -8.076140284538269043e-01 -4.580283164978027344e-01 -1.146262842129580184e+00
2.027618885040283203e-01 4.108548760414123535e-01 -8.888676762580871582e-01 -2.258490656518654216e+00
0.000000000000000000e+00 0.000000000000000000e+00 0.000000000000000000e+00 1.000000000000000000e+00
9.162006974220275879e-01 -4.006406068801879883e-01 7.954403758049011230e-03 -2.716298182487036916e-01
-3.305577635765075684e-01 -7.668553590774536133e-01 -5.501492619514465332e-01 -1.430712975881936577e+00
2.265121191740036011e-01 5.014176964759826660e-01 -8.350283503532409668e-01 -2.134931224530362215e+00
0.000000000000000000e+00 0.000000000000000000e+00 0.000000000000000000e+00 1.000000000000000000e+00
9.082923531532287598e-01 -4.181586205959320068e-01 -1.217772811651229858e-02 -3.366475036455715553e-01
-3.320195376873016357e-01 -7.028675079345703125e-01 -6.290786862373352051e-01 -1.650808456976282201e+00
2.544955015182495117e-01 5.754305720329284668e-01 -7.772460579872131348e-01 -2.007426950389509912e+00
0.000000000000000000e+00 0.000000000000000000e+00 0.000000000000000000e+00 1.000000000000000000e+00
9.165031313896179199e-01 -3.988165855407714844e-01 -3.110115975141525269e-02 -4.080094870910693228e-01
-2.952719926834106445e-01 -6.219971179962158203e-01 -7.252129316329956055e-01 -1.933059346747391993e+00
2.698822021484375000e-01 6.738432645797729492e-01 -6.878216862678527832e-01 -1.779002488074342914e+00
0.000000000000000000e+00 0.000000000000000000e+00 0.000000000000000000e+00 1.000000000000000000e+00
9.253393411636352539e-01 -3.749590218067169189e-01 -5.615030229091644287e-02 -4.922897524191331420e-01
-2.689731419086456299e-01 -5.448472499847412109e-01 -7.942259311676025391e-01 -2.142924204224835538e+00
2.672089040279388428e-01 7.500313520431518555e-01 -6.050224900245666504e-01 -1.546266183042618758e+00
0.000000000000000000e+00 0.000000000000000000e+00 0.000000000000000000e+00 1.000000000000000000e+00
9.330785870552062988e-01 -3.562269806861877441e-01 -4.966552928090095520e-02 -4.910546437541318809e-01
-2.257722616195678711e-01 -4.726061224937438965e-01 -8.518626689910888672e-01 -2.326069489061363793e+00
2.799842953681945801e-01 8.060679435729980469e-01 -5.214048624038696289e-01 -1.328894508389789619e+00
0.000000000000000000e+00 0.000000000000000000e+00 0.000000000000000000e+00 1.000000000000000000e+00
9.426717758178710938e-01 -3.297107517719268799e-01 -5.158224329352378845e-02 -5.248096241053807898e-01
-1.914578229188919067e-01 -4.077171087265014648e-01 -8.928105235099792480e-01 -2.455113647899498819e+00
2.733382582664489746e-01 8.515030741691589355e-01 -4.474691450595855713e-01 -1.137200662859656930e+00
0.000000000000000000e+00 0.000000000000000000e+00 0.000000000000000000e+00 1.000000000000000000e+00
9.552249908447265625e-01 -2.919833064079284668e-01 -4.786408320069313049e-02 -5.428237295145690311e-01
-1.501478552818298340e-01 -3.389634788036346436e-01 -9.287406206130981445e-01 -2.582995408334748166e+00
2.549526393413543701e-01 8.943428993225097656e-01 -3.676270544528961182e-01 -9.115351893709006115e-01
0.000000000000000000e+00 0.000000000000000000e+00 0.000000000000000000e+00 1.000000000000000000e+00
9.593124985694885254e-01 -2.727544903755187988e-01 -7.296980917453765869e-02 -6.319106674549703762e-01
-1.448940485715866089e-01 -2.537584900856018066e-01 -9.563535451889038086e-01 -2.702628210228543715e+00
2.423330694437026978e-01 9.280147552490234375e-01 -2.829541563987731934e-01 -6.349225182268694034e-01
0.000000000000000000e+00 0.000000000000000000e+00 0.000000000000000000e+00 1.000000000000000000e+00
9.715483784675598145e-01 -2.269371598958969116e-01 -6.777303665876388550e-02 -6.483343566042574224e-01
-1.033539921045303345e-01 -1.487707644701004028e-01 -9.834557175636291504e-01 -2.814658305701848828e+00
2.130999714136123657e-01 9.624796509742736816e-01 -1.679928600788116455e-01 -2.636477601141616889e-01
0.000000000000000000e+00 0.000000000000000000e+00 0.000000000000000000e+00 1.000000000000000000e+00
9.912483692169189453e-01 -1.294202506542205811e-01 -2.602222375571727753e-02 -5.521679639873356971e-01
-4.367912188172340393e-02 -1.355258375406265259e-01 -9.898104667663574219e-01 -2.847635099988779839e+00
1.245748251676559448e-01 9.822845458984375000e-01 -1.399927288293838501e-01 -1.796673556322548326e-01
0.000000000000000000e+00 0.000000000000000000e+00 0.000000000000000000e+00 1.000000000000000000e+00
9.945794939994812012e-01 -1.039790138602256775e-01 2.923711435869336128e-04 -4.924339657046662433e-01
-2.501116693019866943e-02 -2.419640719890594482e-01 -9.699627161026000977e-01 -2.810750715486236118e+00
1.009265333414077759e-01 9.646977186203002930e-01 -2.432531267404556274e-01 -4.882682305402166190e-01
0.000000000000000000e+00 0.000000000000000000e+00 0.000000000000000000e+00 1.000000000000000000e+00
9.978293776512145996e-01 -4.091157764196395874e-02 5.160224810242652893e-02 -3.338674743732924499e-01
3.769838437438011169e-02 -2.876189053058624268e-01 -9.570026397705078125e-01 -2.879921215770684384e+00
5.399427190423011780e-02 9.568707346916198730e-01 -2.854522466659545898e-01 -5.938632263685833523e-01
0.000000000000000000e+00 0.000000000000000000e+00 0.000000000000000000e+00 1.000000000000000000e+00
9.887604117393493652e-01 4.253533110022544861e-02 1.433302015066146851e-01 -1.748019011920333432e-02
1.495010703802108765e-01 -2.717187106609344482e-01 -9.506935477256774902e-01 -2.976726306643577846e+00
-1.492581912316381931e-03 9.614362120628356934e-01 -2.750237882137298584e-01 -5.343451858426044865e-01
0.000000000000000000e+00 0.000000000000000000e+00 0.000000000000000000e+00 1.000000000000000000e+00
9.684758186340332031e-01 5.046035721898078918e-02 2.439433336257934570e-01 2.921140568393137960e-01
2.487030625343322754e-01 -2.516483664512634277e-01 -9.353179335594177246e-01 -3.020511681450638086e+00
1.419144216924905777e-02 9.665023088455200195e-01 -2.562649846076965332e-01 -4.710164446296094543e-01
0.000000000000000000e+00 0.000000000000000000e+00 0.000000000000000000e+00 1.000000000000000000e+00
9.722701907157897949e-01 1.326545327901840210e-02 2.334838062524795532e-01 2.465175997847420530e-01
2.269864231348037720e-01 -2.938134670257568359e-01 -9.285206794738769531e-01 -2.999707440456647056e+00
5.628342926502227783e-02 9.557706117630004883e-01 -2.886771559715270996e-01 -5.993160131317476491e-01
0.000000000000000000e+00 0.000000000000000000e+00 0.000000000000000000e+00 1.000000000000000000e+00
9.827200770378112793e-01 -7.735829800367355347e-02 1.681573390960693359e-01 -7.911495480063422334e-03
1.278022229671478271e-01 -3.735903799533843994e-01 -9.187473654747009277e-01 -2.898748896584290247e+00
1.338946819305419922e-01 9.243623614311218262e-01 -3.572482466697692871e-01 -8.825294515625291547e-01
0.000000000000000000e+00 0.000000000000000000e+00 0.000000000000000000e+00 1.000000000000000000e+00
