1.000000000000000000e+00 0.000000000000000000e+00 0.000000000000000000e+00 -3.619798645377159119e-02
0.000000000000000000e+00 1.000000000000000000e+00 0.000000000000000000e+00 -1.327119767665863037e-03
0.000000000000000000e+00 0.000000000000000000e+00 1.000000000000000000e+00 -2.960163652896881104e-01
0.000000000000000000e+00 0.000000000000000000e+00 0.000000000000000000e+00 1.000000000000000000e+00
9.903606176376342773e-01 1.380408853292465210e-01 1.141740381717681885e-02 -4.279459640383720398e-02
-1.372247189283370972e-01 9.890288710594177246e-01 -5.469451844692230225e-02 2.788677997887134552e-02
-1.884222589433193207e-02 5.260055512189865112e-02 9.984380602836608887e-01 -2.968932986259460449e-01
0.000000000000000000e+00 0.000000000000000000e+00 0.000000000000000000e+00 1.000000000000000000e+00
9.726392626762390137e-01 2.291429340839385986e-01 3.828938677906990051e-02 -5.137574300169944763e-02
-2.243866473436355591e-01 9.692808985710144043e-01 -1.007216498255729675e-01 5.239197984337806702e-02
-6.019287928938865662e-02 8.937419205904006958e-02 9.941774606704711914e-01 -2.945736050605773926e-01
0.000000000000000000e+00 0.000000000000000000e+00 0.000000000000000000e+00 1.000000000000000000e+00
9.412878751754760742e-01 3.366118967533111572e-01 2.587896771728992462e-02 -4.653817042708396912e-02
-3.298487663269042969e-01 9.332926273345947266e-01 -1.420015394687652588e-01 7.459590584039688110e-02
-7.195211946964263916e-02 1.251281499862670898e-01 9.895281791687011719e-01 -2.922566533088684082e-01
0.000000000000000000e+00 0.000000000000000000e+00 0.000000000000000000e+00 1.000000000000000000e+00
8.957515954971313477e-01 4.445236027240753174e-01 5.231130402535200119e-03 -3.478071838617324829e-02
-4.375431239604949951e-01 8.836451172828674316e-01 -1.665152460336685181e-01 8.852549642324447632e-02
-7.864245772361755371e-02 1.468674689531326294e-01 9.860249757766723633e-01 -2.909063994884490967e-01
0.000000000000000000e+00 0.000000000000000000e+00 0.000000000000000000e+00 1.000000000000000000e+00
8.310645222663879395e-01 5.561741590499877930e-01 1.329170423559844494e-03 -2.753744274377822876e-02
-5.462743043899536133e-01 8.167155981063842773e-01 -1.859012693166732788e-01 1.011699736118316650e-01
-1.044790968298912048e-01 1.537698209285736084e-01 9.825674891471862793e-01 -2.892985939979553223e-01
0.000000000000000000e+00 0.000000000000000000e+00 0.000000000000000000e+00 1.000000000000000000e+00
7.555583119392395020e-01 6.537441611289978027e-01 -4.183056205511093140e-02 -7.375573273748159409e-03
-6.499655842781066895e-01 7.401636838912963867e-01 -1.723436713218688965e-01 1.007155701518058777e-01
-8.170732110738754272e-02 1.574041396379470825e-01 9.841483831405639648e-01 -2.923498451709747314e-01
0.000000000000000000e+00 0.000000000000000000e+00 0.000000000000000000e+00 1.000000000000000000e+00
6.955729126930236816e-01 7.139842510223388672e-01 -8.002991229295730591e-02 8.393612690269947052e-03
-7.179799079895019531e-01 6.867338418960571289e-01 -1.135843917727470398e-01 8.187710493803024292e-02
-2.613824792206287384e-02 1.364661157131195068e-01 9.902998208999633789e-01 -2.993992567062377930e-01
0.000000000000000000e+00 0.000000000000000000e+00 0.000000000000000000e+00 1.000000000000000000e+00
5.826224684715270996e-01 8.121040463447570801e-01 -3.220685198903083801e-02 -2.693238668143749237e-03
-8.115795850753784180e-01 5.792126655578613281e-01 -7.649002224206924438e-02 7.028838992118835449e-02
-4.346326738595962524e-02 7.070324569940567017e-02 9.965500831604003906e-01 -3.067147433757781982e-01
0.000000000000000000e+00 0.000000000000000000e+00 0.000000000000000000e+00 1.000000000000000000e+00
5.028430223464965820e-01 8.632660508155822754e-01 -4.382515326142311096e-02 5.565432831645011902e-03
-8.640206456184387207e-01 5.005313158035278320e-01 -5.419016629457473755e-02 6.372247636318206787e-02
-2.484466508030891418e-02 6.511498242616653442e-02 9.975686073303222656e-01 -3.107342123985290527e-01
0.000000000000000000e+00 0.000000000000000000e+00 0.000000000000000000e+00 1.000000000000000000e+00
4.017127156257629395e-01 9.142297506332397461e-01 -5.301778018474578857e-02 1.329839602112770081e-02
-9.155414104461669922e-01 4.022220969200134277e-01 -1.154288882389664650e-03 4.471061006188392639e-02
2.026963233947753906e-02 4.900364950299263000e-02 9.985928535461425781e-01 -3.153182566165924072e-01
0.000000000000000000e+00 0.000000000000000000e+00 0.000000000000000000e+00 1.000000000000000000e+00
2.895901501178741455e-01 9.554826021194458008e-01 -5.648837983608245850e-02 1.961020007729530334e-02
-9.560580253601074219e-01 2.915745377540588379e-01 3.061427734792232513e-02 3.264203667640686035e-02
4.572195559740066528e-02 4.514057934284210205e-02 9.979335665702819824e-01 -3.175948262214660645e-01
0.000000000000000000e+00 0.000000000000000000e+00 0.000000000000000000e+00 1.000000000000000000e+00
1.776060909032821655e-01 9.806175231933593750e-01 -8.273457735776901245e-02 3.284616023302078247e-02
-9.817031621932983398e-01 1.824120432138442993e-01 5.463253334164619446e-02 2.324506081640720367e-02
6.866541504859924316e-02 7.151772081851959229e-02 9.950730800628662109e-01 -3.177999258041381836e-01
0.000000000000000000e+00 0.000000000000000000e+00 0.000000000000000000e+00 1.000000000000000000e+00
1.032984405755996704e-01 9.908786416053771973e-01 -8.653440326452255249e-02 3.745409473776817322e-02
-9.899842143058776855e-01 1.108411923050880432e-01 8.743788301944732666e-02 1.104042679071426392e-02
9.623195230960845947e-02 7.663547992706298828e-02 9.924044013023376465e-01 -3.175495862960815430e-01
0.000000000000000000e+00 0.000000000000000000e+00 0.000000000000000000e+00 1.000000000000000000e+00
1.463372539728879929e-02 9.954837560653686523e-01 -9.379544109106063843e-02 4.461533948779106140e-02
-9.973009824752807617e-01 2.128138765692710876e-02 7.027053833007812500e-02 1.862656697630882263e-02
7.194928824901580811e-02 9.251401573419570923e-02 9.931086301803588867e-01 -3.114484846591949463e-01
0.000000000000000000e+00 0.000000000000000000e+00 0.000000000000000000e+00 1.000000000000000000e+00
-9.291636943817138672e-02 8.987656235694885254e-01 -4.284701645374298096e-01 1.613090634346008301e-01
-9.900554418563842773e-01 -3.774790838360786438e-02 1.355192065238952637e-01 -2.898394828662276268e-03
1.056260988116264343e-01 4.368011951446533203e-01 8.933350443840026855e-01 -2.731425464153289795e-01
0.000000000000000000e+00 0.000000000000000000e+00 0.000000000000000000e+00 1.000000000000000000e+00
-1.662231087684631348e-01 8.737428784370422363e-01 -4.571027159690856934e-01 1.724996715784072876e-01
-9.771094918251037598e-01 -8.353263884782791138e-02 1.956498622894287109e-01 -2.468612417578697205e-02
1.327646523714065552e-01 4.791610836982727051e-01 8.676279783248901367e-01 -2.655750811100006104e-01
0.000000000000000000e+00 0.000000000000000000e+00 0.000000000000000000e+00 1.000000000000000000e+00
-1.333528906106948853e-01 8.159711956977844238e-01 -5.625015497207641602e-01 1.994558423757553101e-01
-9.909843802452087402e-01 -1.171954274177551270e-01 6.492879241704940796e-02 1.800824329257011414e-02
-1.294261589646339417e-02 5.660886168479919434e-01 8.242425322532653809e-01 -2.447956651449203491e-01
0.000000000000000000e+00 0.000000000000000000e+00 0.000000000000000000e+00 1.000000000000000000e+00
-8.568397164344787598e-02 7.365913391113281250e-01 -6.708883047103881836e-01 2.237191200256347656e-01
-9.947988390922546387e-01 -2.602535299956798553e-02 9.847877919673919678e-02 1.050360780209302902e-02
5.507849156856536865e-02 6.758370995521545410e-01 7.349903583526611328e-01 -2.259454280138015747e-01
0.000000000000000000e+00 0.000000000000000000e+00 0.000000000000000000e+00 1.000000000000000000e+00
-6.220022216439247131e-02 5.670725703239440918e-01 -8.213160634040832520e-01 2.675314247608184814e-01
-9.861806631088256836e-01 9.168760478496551514e-02 1.379908621311187744e-01 -1.769522088579833508e-03
1.535553485155105591e-01 8.185490369796752930e-01 5.535328388214111328e-01 -1.691019684076309204e-01
0.000000000000000000e+00 0.000000000000000000e+00 0.000000000000000000e+00 1.000000000000000000e+00
-1.254197210073471069e-01 4.176417887210845947e-01 -8.999139666557312012e-01 2.904676795005798340e-01
-9.852741956710815430e-01 5.381587520241737366e-02 1.622918248176574707e-01 -1.337944343686103821e-02
1.162093877792358398e-01 9.070165753364562988e-01 4.047422111034393311e-01 -1.175060868263244629e-01
0.000000000000000000e+00 0.000000000000000000e+00 0.000000000000000000e+00 1.000000000000000000e+00
-1.950897425413131714e-01 3.192469477653503418e-01 -9.273732304573059082e-01 3.006335794925689697e-01
-9.742794632911682129e-01 4.564630985260009766e-02 2.206710278987884521e-01 -3.248877450823783875e-02
1.127796843647956848e-01 9.465712308883666992e-01 3.021306097507476807e-01 -8.517900109291076660e-02
0.000000000000000000e+00 0.000000000000000000e+00 0.000000000000000000e+00 1.000000000000000000e+00
-2.745464742183685303e-01 2.028191238641738892e-01 -9.399405717849731445e-01 3.078736066818237305e-01
-9.588629007339477539e-01 1.560002285987138748e-02 2.834397256374359131e-01 -5.317632481455802917e-02
7.215007394552230835e-02 9.790920615196228027e-01 1.901930272579193115e-01 -4.765454679727554321e-02
0.000000000000000000e+00 0.000000000000000000e+00 0.000000000000000000e+00 1.000000000000000000e+00
-1.636733710765838623e-01 -8.486582636833190918e-01 -5.029813051223754883e-01 1.623368263244628906e-01
-9.522953033447265625e-01 2.796410582959651947e-03 3.051649630069732666e-01 -5.765306204557418823e-02
-2.575741112232208252e-01 5.289342403411865234e-01 -8.086308240890502930e-01 2.838225364685058594e-01
0.000000000000000000e+00 0.000000000000000000e+00 0.000000000000000000e+00 1.000000000000000000e+00
-1.742992401123046875e-01 -8.599548935890197754e-01 -4.796855747699737549e-01 1.545491069555282593e-01
-9.704442024230957031e-01 6.744505465030670166e-02 2.317097634077072144e-01 -3.484237194061279297e-02
-1.669073700904846191e-01 5.058948993682861328e-01 -8.462932109832763672e-01 2.907602190971374512e-01
0.000000000000000000e+00 0.000000000000000000e+00 0.000000000000000000e+00 1.000000000000000000e+00
-8.824558556079864502e-02 -8.617576360702514648e-01 -4.995857477188110352e-01 1.535784155130386353e-01
-9.907546043395996094e-01 2.405332587659358978e-02 1.335148513317108154e-01 -1.061859889887273312e-03
-1.030408293008804321e-01 5.067490935325622559e-01 -8.559128642082214355e-01 2.894902825355529785e-01
0.000000000000000000e+00 0.000000000000000000e+00 0.000000000000000000e+00 1.000000000000000000e+00
1.808579266071319580e-02 -8.587047457695007324e-01 -5.121507644653320312e-01 1.483297497034072876e-01
-9.995950460433959961e-01 -2.678182534873485565e-02 9.605533443391323090e-03 4.064173623919487000e-02
-2.196473442018032074e-02 5.117697715759277344e-01 -8.588415980339050293e-01 2.849535048007965088e-01
0.000000000000000000e+00 0.000000000000000000e+00 0.000000000000000000e+00 1.000000000000000000e+00
4.546505957841873169e-02 -8.613877892494201660e-01 -5.059085488319396973e-01 1.435543149709701538e-01
-9.934118390083312988e-01 1.434164028614759445e-02 -1.136949807405471802e-01 8.059064298868179321e-02
1.051910743117332458e-01 5.077448487281799316e-01 -8.550613522529602051e-01 2.751654982566833496e-01
0.000000000000000000e+00 0.000000000000000000e+00 0.000000000000000000e+00 1.000000000000000000e+00
2.504870295524597168e-02 -8.694390654563903809e-01 -4.934048056602478027e-01 1.432255506515502930e-01
-9.801431298255920410e-01 7.575538009405136108e-02 -1.832492798566818237e-01 9.437331557273864746e-02
1.967022716999053955e-01 4.881974160671234131e-01 -8.502773642539978027e-01 2.704026103019714355e-01
0.000000000000000000e+00 0.000000000000000000e+00 0.000000000000000000e+00 1.000000000000000000e+00
-4.256678372621536255e-02 -8.645566105842590332e-01 -5.007281899452209473e-01 1.533531993627548218e-01
-9.937377572059631348e-01 8.846401423215866089e-02 -6.826403737068176270e-02 5.746212601661682129e-02
1.033145338296890259e-01 4.946870207786560059e-01 -8.629084825515747070e-01 2.896679341793060303e-01
0.000000000000000000e+00 0.000000000000000000e+00 0.000000000000000000e+00 1.000000000000000000e+00
-5.463548004627227783e-02 -8.542175889015197754e-01 -5.170375704765319824e-01 1.574284732341766357e-01
-9.934360980987548828e-01 -5.615042988210916519e-03 1.142540350556373596e-01 -7.696825778111815453e-04
-1.005010604858398438e-01 5.198854804039001465e-01 -8.483030796051025391e-01 3.034107387065887451e-01
0.000000000000000000e+00 0.000000000000000000e+00 0.000000000000000000e+00 1.000000000000000000e+00
1.205780878663063049e-01 -8.335410952568054199e-01 -5.391383171081542969e-01 1.513495594263076782e-01
-9.873743057250976562e-01 -1.569030880928039551e-01 2.175603620707988739e-02 2.834273502230644226e-02
-1.027270555496215820e-01 5.297080278396606445e-01 -8.419361114501953125e-01 3.039160072803497314e-01
0.000000000000000000e+00 0.000000000000000000e+00 0.000000000000000000e+00 1.000000000000000000e+00
2.113555222749710083e-01 -7.819633483886718750e-01 -5.863974690437316895e-01 1.527063697576522827e-01
-9.501479268074035645e-01 -3.050829172134399414e-01 6.436714529991149902e-02 1.393411587923765182e-02
-2.292326390743255615e-01 5.435600876808166504e-01 -8.074619174003601074e-01 2.986233234405517578e-01
0.000000000000000000e+00 0.000000000000000000e+00 0.000000000000000000e+00 1.000000000000000000e+00
3.264815211296081543e-01 -7.195028066635131836e-01 -6.129646897315979004e-01 1.453397423028945923e-01
-9.136184453964233398e-01 -4.064617156982421875e-01 -9.510017931461334229e-03 3.582482784986495972e-02
-2.423041164875030518e-01 5.631206035614013672e-01 -7.900531291961669922e-01 2.880761921405792236e-01
0.000000000000000000e+00 0.000000000000000000e+00 0.000000000000000000e+00 1.000000000000000000e+00
3.533850610256195068e-01 -7.141349315643310547e-01 -6.042600274085998535e-01 1.397113651037216187e-01
-9.227383136749267578e-01 -3.723353743553161621e-01 -9.959969669580459595e-02 6.567709892988204956e-02
-1.538598537445068359e-01 5.927709341049194336e-01 -7.905375361442565918e-01 2.797749936580657959e-01
0.000000000000000000e+00 0.000000000000000000e+00 0.000000000000000000e+00 1.000000000000000000e+00
3.687938451766967773e-01 -7.076409459114074707e-01 -6.026901006698608398e-01 1.383529305458068848e-01
-9.266346096992492676e-01 -3.308673799037933350e-01 -1.785358637571334839e-01 9.091049432754516602e-02
-7.307124137878417969e-02 6.243164539337158203e-01 -7.777464389801025391e-01 2.687895298004150391e-01
0.000000000000000000e+00 0.000000000000000000e+00 0.000000000000000000e+00 1.000000000000000000e+00
5.289321541786193848e-01 -6.001512408256530762e-01 -6.000409722328186035e-01 1.324477642774581909e-01
-8.451306223869323730e-01 -4.369404017925262451e-01 -3.079561293125152588e-01 1.259760856628417969e-01
-7.736195623874664307e-02 6.700009107589721680e-01 -7.383179664611816406e-01 2.555275857448577881e-01
0.000000000000000000e+00 0.000000000000000000e+00 0.000000000000000000e+00 1.000000000000000000e+00
6.765544414520263672e-01 -4.026484191417694092e-01 -6.165615916252136230e-01 1.335920244455337524e-01
-7.131440043449401855e-01 -5.669736862182617188e-01 -4.122694134712219238e-01 1.556657850742340088e-01
-1.835747063159942627e-01 7.186199426651000977e-01 -6.707349419593811035e-01 2.494868040084838867e-01
0.000000000000000000e+00 0.000000000000000000e+00 0.000000000000000000e+00 1.000000000000000000e+00
6.965708732604980469e-01 -3.296436965465545654e-01 -6.372786164283752441e-01 1.364667564630508423e-01
-6.557579636573791504e-01 -6.529300808906555176e-01 -3.790295720100402832e-01 1.443470269441604614e-01
-2.911537587642669678e-01 6.819215416908264160e-01 -6.709785461425781250e-01 2.602457702159881592e-01
0.000000000000000000e+00 0.000000000000000000e+00 0.000000000000000000e+00 1.000000000000000000e+00
7.402845621109008789e-01 -2.387482076883316040e-01 -6.284726262092590332e-01 1.386599093675613403e-01
-5.766160488128662109e-01 -7.061405777931213379e-01 -4.109485745429992676e-01 1.468687653541564941e-01
-3.456769883632659912e-01 6.666063666343688965e-01 -6.604108810424804688e-01 2.567724287509918213e-01
0.000000000000000000e+00 0.000000000000000000e+00 0.000000000000000000e+00 1.000000000000000000e+00
7.376261949539184570e-01 -2.428204864263534546e-01 -6.300362348556518555e-01 1.455503553152084351e-01
-5.484276413917541504e-01 -7.597655057907104492e-01 -3.492624461650848389e-01 1.200431138277053833e-01
-3.938713073730468750e-01 6.031544804573059082e-01 -6.935922503471374512e-01 2.700530588626861572e-01
0.000000000000000000e+00 0.000000000000000000e+00 0.000000000000000000e+00 1.000000000000000000e+00
7.228789329528808594e-01 -3.336614370346069336e-01 -6.050752401351928711e-01 1.462374180555343628e-01
-5.920807719230651855e-01 -7.505404949188232422e-01 -2.934781610965728760e-01 9.828859567642211914e-02
-3.562110364437103271e-01 5.704026222229003906e-01 -7.401044368743896484e-01 2.823080122470855713e-01
0.000000000000000000e+00 0.000000000000000000e+00 0.000000000000000000e+00 1.000000000000000000e+00
8.047611713409423828e-01 -1.661030948162078857e-01 -5.698852539062500000e-01 1.392723470926284790e-01
-5.311449766159057617e-01 -6.301532387733459473e-01 -5.663849711418151855e-01 1.844928115606307983e-01
-2.650367319583892822e-01 7.584962844848632812e-01 -5.953475236892700195e-01 2.418786585330963135e-01
0.000000000000000000e+00 0.000000000000000000e+00 0.000000000000000000e+00 1.000000000000000000e+00
8.438042998313903809e-01 -9.667750447988510132e-02 -5.278709530830383301e-01 1.242941319942474365e-01
-4.820115268230438232e-01 -5.689603686332702637e-01 -6.662948131561279297e-01 2.175667583942413330e-01
-2.359220087528228760e-01 8.166623115539550781e-01 -5.266908407211303711e-01 2.180589884519577026e-01
0.000000000000000000e+00 0.000000000000000000e+00 0.000000000000000000e+00 1.000000000000000000e+00
8.749676942825317383e-01 -3.406657651066780090e-02 -4.829814434051513672e-01 1.086224094033241272e-01
-4.328634738922119141e-01 -5.019717216491699219e-01 -7.487680912017822266e-01 2.449418306350708008e-01
-2.169350683689117432e-01 8.642128109931945801e-01 -4.539552330970764160e-01 1.930177360773086548e-01
0.000000000000000000e+00 0.000000000000000000e+00 0.000000000000000000e+00 1.000000000000000000e+00
8.951973319053649902e-01 8.628252893686294556e-02 -4.372378587722778320e-01 9.382285922765731812e-02
-3.687675595283508301e-01 -4.075151085853576660e-01 -8.354289531707763672e-01 2.735061943531036377e-01
-2.502640187740325928e-01 9.091129899024963379e-01 -3.329882025718688965e-01 1.547679007053375244e-01
0.000000000000000000e+00 0.000000000000000000e+00 0.000000000000000000e+00 1.000000000000000000e+00
9.482684135437011719e-01 -2.690595388412475586e-01 -1.685050874948501587e-01 -4.556747735477983952e-04
-2.473627477884292603e-01 -2.934977114200592041e-01 -9.234017729759216309e-01 2.963649034500122070e-01
1.989942044019699097e-01 9.173146486282348633e-01 -3.448699116706848145e-01 1.310984492301940918e-01
0.000000000000000000e+00 0.000000000000000000e+00 0.000000000000000000e+00 1.000000000000000000e+00
9.751102924346923828e-01 -1.574094593524932861e-01 -1.561473459005355835e-01 -4.445023834705352783e-03
-1.887506991624832153e-01 -2.198316454887390137e-01 -9.571034908294677734e-01 3.045096099376678467e-01
1.163310259580612183e-01 9.627543687820434570e-01 -2.440712749958038330e-01 1.009197309613227844e-01
0.000000000000000000e+00 0.000000000000000000e+00 0.000000000000000000e+00 1.000000000000000000e+00
9.854685068130493164e-01 -9.185645729303359985e-02 -1.428783535957336426e-01 -7.598476484417915344e-03
-1.524826735258102417e-01 -1.077962443232536316e-01 -9.824097156524658203e-01 3.105801641941070557e-01
7.483891397714614868e-02 9.899203181266784668e-01 -1.202363148331642151e-01 6.089089438319206238e-02
0.000000000000000000e+00 0.000000000000000000e+00 0.000000000000000000e+00 1.000000000000000000e+00
9.791142344474792480e-01 -1.510450690984725952e-01 -1.360910236835479736e-01 -1.150915119796991348e-02
-1.443480700254440308e-01 -4.506755247712135315e-02 -9.885002374649047852e-01 3.109972178936004639e-01
1.431747823953628540e-01 9.874991178512573242e-01 -6.592937558889389038e-02 3.820497542619705200e-02
0.000000000000000000e+00 0.000000000000000000e+00 0.000000000000000000e+00 1.000000000000000000e+00
9.940661191940307617e-01 -2.007593400776386261e-02 -1.069101318717002869e-01 -2.009634114801883698e-02
-1.061215698719024658e-01 3.692317381501197815e-02 -9.936673641204833984e-01 3.094899058341979980e-01
2.389626577496528625e-02 9.991164207458496094e-01 3.457357734441757202e-02 8.271353319287300110e-03
0.000000000000000000e+00 0.000000000000000000e+00 0.000000000000000000e+00 1.000000000000000000e+00
8.927484750747680664e-01 -4.370557963848114014e-01 -1.094644218683242798e-01 -1.657843217253684998e-02
-5.835073441267013550e-02 1.287540346384048462e-01 -9.899584650993347168e-01 3.034304082393646240e-01
4.467610418796539307e-01 8.901711106300354004e-01 8.944243192672729492e-02 -3.627962619066238403e-02
0.000000000000000000e+00 0.000000000000000000e+00 0.000000000000000000e+00 1.000000000000000000e+00
9.699152708053588867e-01 -1.532898694276809692e-01 -1.891198605298995972e-01 6.476336275227367878e-04
-1.631110906600952148e-01 1.674916893243789673e-01 -9.722865819931030273e-01 3.058986365795135498e-01
1.807176917791366577e-01 9.738832116127014160e-01 1.374494433403015137e-01 -2.726649492979049683e-02
0.000000000000000000e+00 0.000000000000000000e+00 0.000000000000000000e+00 1.000000000000000000e+00
9.568533301353454590e-01 1.806297004222869873e-01 -2.276066392660140991e-01 1.786443218588829041e-02
-2.590465247631072998e-01 1.754370927810668945e-01 -9.497981071472167969e-01 3.084072470664978027e-01
-1.316311806440353394e-01 9.677781462669372559e-01 2.146590799093246460e-01 -3.069015778601169586e-02
0.000000000000000000e+00 0.000000000000000000e+00 0.000000000000000000e+00 1.000000000000000000e+00
5.602383613586425781e-01 8.282063603401184082e-01 -1.438327878713607788e-02 -6.556037813425064087e-03
-3.744824528694152832e-01 2.377530634403228760e-01 -8.962345123291015625e-01 3.075303137302398682e-01
-7.388475537300109863e-01 5.074914097785949707e-01 4.433471560478210449e-01 -7.227151840925216675e-02
0.000000000000000000e+00 0.000000000000000000e+00 0.000000000000000000e+00 1.000000000000000000e+00
9.177527427673339844e-01 2.418673038482666016e-01 -3.150077760219573975e-01 5.033205822110176086e-02
-3.848837018013000488e-01 3.460301160812377930e-01 -8.556443452835083008e-01 3.002711832523345947e-01
-9.795030206441879272e-02 9.065114259719848633e-01 4.106609523296356201e-01 -8.904393017292022705e-02
0.000000000000000000e+00 0.000000000000000000e+00 0.000000000000000000e+00 1.000000000000000000e+00
8.831800222396850586e-01 1.785899847745895386e-01 -4.337035417556762695e-01 8.890544623136520386e-02
-4.672420024871826172e-01 4.157524406909942627e-01 -7.802785634994506836e-01 2.870759367942810059e-01
4.096324741840362549e-02 8.917707800865173340e-01 4.506289362907409668e-01 -1.131808385252952576e-01
0.000000000000000000e+00 0.000000000000000000e+00 0.000000000000000000e+00 1.000000000000000000e+00
8.718447089195251465e-01 1.565881818532943726e-01 -4.640766382217407227e-01 9.939262270927429199e-02
-4.746257960796356201e-01 5.040041208267211914e-01 -7.216022610664367676e-01 2.694608569145202637e-01
1.209020763635635376e-01 8.493880033493041992e-01 5.137342810630798340e-01 -1.409297734498977661e-01
0.000000000000000000e+00 0.000000000000000000e+00 0.000000000000000000e+00 1.000000000000000000e+00
8.595706224441528320e-01 1.370180696249008179e-01 -4.923050999641418457e-01 1.083130761981010437e-01
-4.721758663654327393e-01 5.813651680946350098e-01 -6.626194715499877930e-01 2.531275451183319092e-01
1.954181194305419922e-01 8.020227551460266113e-01 5.644209384918212891e-01 -1.594462096691131592e-01
0.000000000000000000e+00 0.000000000000000000e+00 0.000000000000000000e+00 1.000000000000000000e+00
8.418843746185302734e-01 1.026127487421035767e-01 -5.298126339912414551e-01 1.179574728012084961e-01
-4.473873078823089600e-01 6.817253828048706055e-01 -5.788737535476684570e-01 2.281795889139175415e-01
3.017868697643280029e-01 7.243761420249938965e-01 6.198415756225585938e-01 -1.834455579519271851e-01
0.000000000000000000e+00 0.000000000000000000e+00 0.000000000000000000e+00 1.000000000000000000e+00
8.201796412467956543e-01 1.091250032186508179e-01 -5.616021156311035156e-01 1.296426653861999512e-01
-4.476984739303588867e-01 7.335875630378723145e-01 -5.112875103950500488e-01 2.083594053983688354e-01
3.561899960041046143e-01 6.707760691642761230e-01 6.505289077758789062e-01 -1.976213008165359497e-01
0.000000000000000000e+00 0.000000000000000000e+00 0.000000000000000000e+00 1.000000000000000000e+00
8.002699017524719238e-01 1.561847180128097534e-01 -5.789421200752258301e-01 1.385932266712188721e-01
-4.499307870864868164e-01 7.946413755416870117e-01 -4.075623750686645508e-01 1.775408834218978882e-01
3.963962793350219727e-01 5.866441130638122559e-01 7.062000632286071777e-01 -2.199678570032119751e-01
0.000000000000000000e+00 0.000000000000000000e+00 0.000000000000000000e+00 1.000000000000000000e+00
7.662717700004577637e-01 2.127884924411773682e-01 -6.062578558921813965e-01 1.515320390462875366e-01
-4.600949287414550781e-01 8.403478264808654785e-01 -2.865799963474273682e-01 1.413618475198745728e-01
4.484863579273223877e-01 4.985342919826507568e-01 7.418376207351684570e-01 -2.370050251483917236e-01
0.000000000000000000e+00 0.000000000000000000e+00 0.000000000000000000e+00 1.000000000000000000e+00
7.450662255287170410e-01 2.801666855812072754e-01 -6.052955389022827148e-01 1.550921052694320679e-01
-4.608197212219238281e-01 8.723081350326538086e-01 -1.634728610515594482e-01 1.034098118543624878e-01
4.822046756744384766e-01 4.007304012775421143e-01 7.790338397026062012e-01 -2.535448670387268066e-01
0.000000000000000000e+00 0.000000000000000000e+00 0.000000000000000000e+00 1.000000000000000000e+00
7.226329445838928223e-01 3.579127192497253418e-01 -5.913543105125427246e-01 1.537493914365768433e-01
-4.426724016666412354e-01 8.966815471649169922e-01 1.765977707691490650e-03 5.171135067939758301e-02
5.308887362480163574e-01 2.605000734329223633e-01 8.064098358154296875e-01 -2.679873108863830566e-01
0.000000000000000000e+00 0.000000000000000000e+00 0.000000000000000000e+00 1.000000000000000000e+00
7.102915048599243164e-01 3.987379074096679688e-01 -5.800809264183044434e-01 1.495315730571746826e-01
-3.735947310924530029e-01 9.119869470596313477e-01 1.694295108318328857e-01 -6.756260991096496582e-03
5.965843796730041504e-01 9.637097269296646118e-02 7.967430949211120605e-01 -2.664541900157928467e-01
0.000000000000000000e+00 0.000000000000000000e+00 0.000000000000000000e+00 1.000000000000000000e+00
7.089396119117736816e-01 4.189730584621429443e-01 -5.673327445983886719e-01 1.441133022308349609e-01
-2.997927665710449219e-01 9.071488976478576660e-01 2.953045666217803955e-01 -5.203156918287277222e-02
6.383799314498901367e-01 -3.927075862884521484e-02 7.687190175056457520e-01 -2.600514888763427734e-01
0.000000000000000000e+00 0.000000000000000000e+00 0.000000000000000000e+00 1.000000000000000000e+00
6.955029964447021484e-01 4.530894756317138672e-01 -5.576605200767517090e-01 1.410695165395736694e-01
-2.421244680881500244e-01 8.785164952278137207e-01 4.118065536022186279e-01 -9.212384372949600220e-02
6.764990091323852539e-01 -1.513894647359848022e-01 7.207149267196655273e-01 -2.469392865896224976e-01
0.000000000000000000e+00 0.000000000000000000e+00 0.000000000000000000e+00 1.000000000000000000e+00
6.923277974128723145e-01 4.788440763950347900e-01 -5.398061275482177734e-01 1.355055868625640869e-01
-1.638958901166915894e-01 8.328855633735656738e-01 5.286207199096679688e-01 -1.351988464593887329e-01
7.027235627174377441e-01 -2.775066792964935303e-01 6.551104784011840820e-01 -2.282442152500152588e-01
0.000000000000000000e+00 0.000000000000000000e+00 0.000000000000000000e+00 1.000000000000000000e+00
6.792988777160644531e-01 5.064780116081237793e-01 -5.310674309730529785e-01 1.332122236490249634e-01
-9.573470801115036011e-02 7.786369323730468750e-01 6.201283335685729980e-01 -1.700371205806732178e-01
7.275901436805725098e-01 -3.704108297824859619e-01 5.774146318435668945e-01 -2.052326798439025879e-01
0.000000000000000000e+00 0.000000000000000000e+00 0.000000000000000000e+00 1.000000000000000000e+00
6.902379393577575684e-01 5.175283551216125488e-01 -5.057030916213989258e-01 1.247502565383911133e-01
-3.431074321269989014e-02 7.215115427970886230e-01 6.915516853332519531e-01 -1.985105872154235840e-01
7.227682471275329590e-01 -4.599842131137847900e-01 5.157713890075683594e-01 -1.865440756082534790e-01
0.000000000000000000e+00 0.000000000000000000e+00 0.000000000000000000e+00 1.000000000000000000e+00
7.037200927734375000e-01 5.236518979072570801e-01 -4.801735579967498779e-01 1.157720759510993958e-01
2.029027231037616730e-02 6.607583761215209961e-01 7.503244280815124512e-01 -2.222086936235427856e-01
7.101874947547912598e-01 -5.377612113952636719e-01 4.543638527393341064e-01 -1.685354560613632202e-01
0.000000000000000000e+00 0.000000000000000000e+00 0.000000000000000000e+00 1.000000000000000000e+00
7.601868510246276855e-01 4.889161586761474609e-01 -4.278753399848937988e-01 9.574803709983825684e-02
6.425721198320388794e-02 5.987626314163208008e-01 7.983449101448059082e-01 -2.422328144311904907e-01
6.465190052986145020e-01 -6.343851685523986816e-01 4.237548708915710449e-01 -1.585417538881301880e-01
0.000000000000000000e+00 0.000000000000000000e+00 0.000000000000000000e+00 1.000000000000000000e+00
8.034551739692687988e-01 4.655837714672088623e-01 -3.710685074329376221e-01 7.444308698177337646e-02
1.059318706393241882e-01 5.015224218368530273e-01 8.586343526840209961e-01 -2.686131000518798828e-01
5.858656167984008789e-01 -7.291825413703918457e-01 3.536306917667388916e-01 -1.359830945730209351e-01
0.000000000000000000e+00 0.000000000000000000e+00 0.000000000000000000e+00 1.000000000000000000e+00
8.575578331947326660e-01 4.210153222084045410e-01 -2.955355048179626465e-01 4.840569943189620972e-02
1.235113143920898438e-01 3.891961574554443359e-01 9.128367304801940918e-01 -2.906797528266906738e-01
4.993394017219543457e-01 -8.193122744560241699e-01 2.817581892013549805e-01 -1.101863235235214233e-01
0.000000000000000000e+00 0.000000000000000000e+00 0.000000000000000000e+00 1.000000000000000000e+00
8.885910511016845703e-01 3.720319569110870361e-01 -2.683241069316864014e-01 3.737133368849754333e-02
1.585527509450912476e-01 2.997955381870269775e-01 9.407355785369873047e-01 -3.036193549633026123e-01
4.304261505603790283e-01 -8.784726858139038086e-01 2.074088603258132935e-01 -8.460658043622970581e-02
0.000000000000000000e+00 0.000000000000000000e+00 0.000000000000000000e+00 1.000000000000000000e+00
9.100449085235595703e-01 3.269871175289154053e-01 -2.547506392002105713e-01 3.061269968748092651e-02
1.937999576330184937e-01 2.076309919357299805e-01 9.588173627853393555e-01 -3.137233257293701172e-01
3.664150536060333252e-01 -9.219373464584350586e-01 1.255834847688674927e-01 -5.636692047119140625e-02
0.000000000000000000e+00 0.000000000000000000e+00 0.000000000000000000e+00 1.000000000000000000e+00
9.785147905349731445e-01 -5.241365171968936920e-03 -2.061103284358978271e-01 8.650612086057662964e-03
2.054205536842346191e-01 1.103370264172554016e-01 9.724342823028564453e-01 -3.211523890495300293e-01
1.764469221234321594e-02 -9.938802123069763184e-01 1.090430915355682373e-01 -3.115790337324142456e-02
0.000000000000000000e+00 0.000000000000000000e+00 0.000000000000000000e+00 1.000000000000000000e+00
9.823967814445495605e-01 1.111558917909860611e-02 -1.864764392375946045e-01 -7.993834442459046841e-04
1.861561983823776245e-01 2.502765133976936340e-02 9.822013378143310547e-01 -3.270124793052673340e-01
1.558485068380832672e-02 -9.996251463890075684e-01 2.251786366105079651e-02 -6.077027064748108387e-04
0.000000000000000000e+00 0.000000000000000000e+00 0.000000000000000000e+00 1.000000000000000000e+00
9.842988848686218262e-01 3.439753875136375427e-02 -1.731244325637817383e-01 -5.195209756493568420e-03
1.751024127006530762e-01 -6.673167645931243896e-02 9.822860360145568848e-01 -3.310651779174804688e-01
2.223534137010574341e-02 -9.971780180931091309e-01 -7.170701026916503906e-02 3.529462963342666626e-02
0.000000000000000000e+00 0.000000000000000000e+00 0.000000000000000000e+00 1.000000000000000000e+00
9.812738299369812012e-01 7.084863632917404175e-02 -1.791157126426696777e-01 -1.320243696682155132e-03
1.861936151981353760e-01 -1.107220724225044250e-01 9.762542843818664551e-01 -3.318160176277160645e-01
4.933421313762664795e-02 -9.913228154182434082e-01 -1.218401640653610229e-01 5.516357347369194031e-02
0.000000000000000000e+00 0.000000000000000000e+00 0.000000000000000000e+00 1.000000000000000000e+00
9.769890308380126953e-01 -1.530013382434844971e-01 -1.486042737960815430e-01 -8.433212526142597198e-03
1.396516561508178711e-01 -6.774563342332839966e-02 9.878805875778198242e-01 -3.329666554927825928e-01
-1.612143665552139282e-01 -9.859011769294738770e-01 -4.481984302401542664e-02 3.991465643048286438e-02
0.000000000000000000e+00 0.000000000000000000e+00 0.000000000000000000e+00 1.000000000000000000e+00
9.501020908355712891e-01 3.038631379604339600e-01 -7.052322477102279663e-02 -3.209473192691802979e-02
5.279439687728881836e-02 6.618098169565200806e-02 9.964098334312438965e-01 -3.288034498691558838e-01
3.074394464492797852e-01 -9.504145383834838867e-01 4.683642834424972534e-02 -1.924691908061504364e-02
0.000000000000000000e+00 0.000000000000000000e+00 0.000000000000000000e+00 1.000000000000000000e+00
8.347129225730895996e-01 5.452327132225036621e-01 -7.730018347501754761e-02 -2.217265963554382324e-02
-3.791165724396705627e-02 1.969343274831771851e-01 9.796834588050842285e-01 -3.158144354820251465e-01
5.493785738945007324e-01 -8.148236870765686035e-01 1.850544065237045288e-01 -7.753308117389678955e-02
0.000000000000000000e+00 0.000000000000000000e+00 0.000000000000000000e+00 1.000000000000000000e+00
7.738543152809143066e-01 6.295097470283508301e-01 -6.976164132356643677e-02 -1.686325669288635254e-02
-1.676662862300872803e-01 3.098263144493103027e-01 9.358926415443420410e-01 -2.907446026802062988e-01
6.107679605484008789e-01 -7.125481963157653809e-01 3.453080952167510986e-01 -1.333943009376525879e-01
0.000000000000000000e+00 0.000000000000000000e+00 0.000000000000000000e+00 1.000000000000000000e+00
9.467774033546447754e-01 2.184004187583923340e-01 2.364610582590103149e-01 -1.195263490080833435e-01
-3.077288866043090820e-01 3.986395597457885742e-01 8.639386296272277832e-01 -2.559557855129241943e-01
9.442185610532760620e-02 -8.907232880592346191e-01 4.446309506893157959e-01 -1.406643688678741455e-01
0.000000000000000000e+00 0.000000000000000000e+00 0.000000000000000000e+00 1.000000000000000000e+00
8.873272538185119629e-01 3.762608170509338379e-01 2.666050493717193604e-01 -1.206370741128921509e-01
-4.378437995910644531e-01 5.059888958930969238e-01 7.431476116180419922e-01 -2.068230658769607544e-01
1.447181701660156250e-01 -7.761462926864624023e-01 6.137210130691528320e-01 -1.955792158842086792e-01
0.000000000000000000e+00 0.000000000000000000e+00 0.000000000000000000e+00 1.000000000000000000e+00
8.096149563789367676e-01 5.071194171905517578e-01 2.955562770366668701e-01 -1.194012910127639771e-01
-5.740588903427124023e-01 5.791136622428894043e-01 5.788639187812805176e-01 -1.458179205656051636e-01
1.223925426602363586e-01 -6.383236050605773926e-01 7.599756717681884766e-01 -2.366598099470138550e-01
0.000000000000000000e+00 0.000000000000000000e+00 0.000000000000000000e+00 1.000000000000000000e+00
7.390071153640747070e-01 5.890023112297058105e-01 3.270235955715179443e-01 -1.191536188125610352e-01
-6.720427274703979492e-01 6.105140447616577148e-01 4.190835058689117432e-01 -9.021551907062530518e-02
4.718885943293571472e-02 -5.294796824455261230e-01 8.470090031623840332e-01 -2.579476237297058105e-01
0.000000000000000000e+00 0.000000000000000000e+00 0.000000000000000000e+00 1.000000000000000000e+00
6.569427251815795898e-01 7.097445130348205566e-01 2.543401122093200684e-01 -8.504430949687957764e-02
-7.530122995376586914e-01 6.009373664855957031e-01 2.680416405200958252e-01 -3.964563831686973572e-02
3.739877417683601379e-02 -3.676092624664306641e-01 9.292280673980712891e-01 -2.784522473812103271e-01
0.000000000000000000e+00 0.000000000000000000e+00 0.000000000000000000e+00 1.000000000000000000e+00
6.831131577491760254e-01 6.979693174362182617e-01 2.149301320314407349e-01 -7.358605414628982544e-02
-7.303008437156677246e-01 6.545075178146362305e-01 1.956534087657928467e-01 -1.411128044128417969e-02
-4.113178700208663940e-03 -2.906171083450317383e-01 9.568305611610412598e-01 -2.816912233829498291e-01
0.000000000000000000e+00 0.000000000000000000e+00 0.000000000000000000e+00 1.000000000000000000e+00
6.860533952713012695e-01 6.962097287178039551e-01 2.112406939268112183e-01 -7.291609048843383789e-02
-7.182526588439941406e-01 6.943804621696472168e-01 4.414565488696098328e-02 3.260526806116104126e-02
-1.159467920660972595e-01 -1.820104867219924927e-01 9.764365553855895996e-01 -2.773693501949310303e-01
0.000000000000000000e+00 0.000000000000000000e+00 0.000000000000000000e+00 1.000000000000000000e+00
6.711872816085815430e-01 7.141012549400329590e-01 1.989137828350067139e-01 -6.733558326959609985e-02
-7.243740558624267578e-01 6.888129711151123047e-01 -2.861300855875015259e-02 5.274910107254981995e-02
-1.574469655752182007e-01 -1.248833015561103821e-01 9.795991778373718262e-01 -2.732442915439605713e-01
0.000000000000000000e+00 0.000000000000000000e+00 0.000000000000000000e+00 1.000000000000000000e+00
6.555136442184448242e-01 7.344051003456115723e-01 1.759293377399444580e-01 -5.887590721249580383e-02
-7.334005832672119141e-01 6.746389269828796387e-01 -8.358041942119598389e-02 6.677729636430740356e-02
-1.800706684589385986e-01 -7.423859834671020508e-02 9.808483719825744629e-01 -2.695588469505310059e-01
0.000000000000000000e+00 0.000000000000000000e+00 0.000000000000000000e+00 1.000000000000000000e+00
5.766568183898925781e-01 7.947282791137695312e-01 1.894038468599319458e-01 -5.530744045972824097e-02
-7.601342201232910156e-01 6.068812608718872070e-01 -2.321448475122451782e-01 1.092082411050796509e-01
-2.994377017021179199e-01 -1.010448671877384186e-02 9.540624618530273438e-01 -2.551400959491729736e-01
0.000000000000000000e+00 0.000000000000000000e+00 0.000000000000000000e+00 1.000000000000000000e+00
5.766109824180603027e-01 7.947974205017089844e-01 1.892517805099487305e-01 -5.468966811895370483e-02
-6.760179400444030762e-01 5.942071676254272461e-01 -4.357951581478118896e-01 1.657154709100723267e-01
-4.588237702846527100e-01 1.233465895056724548e-01 8.799239397048950195e-01 -2.223137617111206055e-01
0.000000000000000000e+00 0.000000000000000000e+00 0.000000000000000000e+00 1.000000000000000000e+00
5.933082103729248047e-01 7.817531824111938477e-01 1.919555217027664185e-01 -5.766981095075607300e-02
-6.109426021575927734e-01 5.925777554512023926e-01 -5.249769091606140137e-01 1.895031183958053589e-01
-5.241510868072509766e-01 1.941993087530136108e-01 8.291876316070556641e-01 -2.021021246910095215e-01
0.000000000000000000e+00 0.000000000000000000e+00 0.000000000000000000e+00 1.000000000000000000e+00
6.551273465156555176e-01 7.317092418670654297e-01 1.881755143404006958e-01 -6.168733164668083191e-02
-4.992097318172454834e-01 6.061860322952270508e-01 -6.191349029541015625e-01 2.124112248420715332e-01
-5.670961141586303711e-01 3.116731047630310059e-01 7.624053955078125000e-01 -1.753873527050018311e-01
0.000000000000000000e+00 0.000000000000000000e+00 0.000000000000000000e+00 1.000000000000000000e+00
7.338200211524963379e-01 6.609514951705932617e-01 1.570068597793579102e-01 -5.877050757408142090e-02
-3.963266611099243164e-01 6.042266488075256348e-01 -6.912561655044555664e-01 2.281966209411621094e-01
