1.000000000000000000e+00 0.000000000000000000e+00 0.000000000000000000e+00 -3.619798645377159119e-02
0.000000000000000000e+00 1.000000000000000000e+00 0.000000000000000000e+00 -1.327119767665863037e-03
0.000000000000000000e+00 0.000000000000000000e+00 1.000000000000000000e+00 -2.960163652896881104e-01
0.000000000000000000e+00 0.000000000000000000e+00 0.000000000000000000e+00 1.000000000000000000e+00
9.907044768333435059e-01 1.357371062040328979e-01 8.926951326429843903e-03 -4.200179502367973328e-02
-1.350624412298202515e-01 9.893499016761779785e-01 -5.427004769444465637e-02 2.714805677533149719e-02
-1.619837619364261627e-02 5.255988612771034241e-02 9.984863400459289551e-01 -2.971206307411193848e-01
0.000000000000000000e+00 0.000000000000000000e+00 0.000000000000000000e+00 1.000000000000000000e+00
9.717236757278442383e-01 2.346750646829605103e-01 2.608395181596279144e-02 -4.769523814320564270e-02
-2.311698198318481445e-01 9.680302143096923828e-01 -9.735310077667236328e-02 5.100384727120399475e-02
-4.809648916125297546e-02 8.857047557830810547e-02 9.949080944061279297e-01 -2.952795624732971191e-01
0.000000000000000000e+00 0.000000000000000000e+00 0.000000000000000000e+00 1.000000000000000000e+00
9.427151083946228027e-01 3.322722017765045166e-01 2.972171083092689514e-02 -4.781538993120193481e-02
-3.249015212059020996e-01 9.346975088119506836e-01 -1.441512703895568848e-01 7.404240965843200684e-02
-7.567837089300155640e-02 1.262369602918624878e-01 9.891094565391540527e-01 -2.918801605701446533e-01
0.000000000000000000e+00 0.000000000000000000e+00 0.000000000000000000e+00 1.000000000000000000e+00
8.959116935729980469e-01 4.442310333251953125e-01 8.978404803201556206e-04 -3.355164825916290283e-02
-4.380255341529846191e-01 8.837296366691589355e-01 -1.647881567478179932e-01 8.734542876482009888e-02
-7.399749010801315308e-02 1.472423672676086426e-01 9.863287806510925293e-01 -2.910964488983154297e-01
0.000000000000000000e+00 0.000000000000000000e+00 0.000000000000000000e+00 1.000000000000000000e+00
8.324657678604125977e-01 5.538201332092285156e-01 -1.684368215501308441e-02 -2.195968478918075562e-02
-5.468598008155822754e-01 8.163537979125976562e-01 -1.857695430517196655e-01 1.002880558371543884e-01
-8.913257718086242676e-02 1.638579219579696655e-01 9.824490547180175781e-01 -2.897389531135559082e-01
0.000000000000000000e+00 0.000000000000000000e+00 0.000000000000000000e+00 1.000000000000000000e+00
7.563899159431457520e-01 6.521415710449218750e-01 -5.084634572267532349e-02 -4.893295932561159134e-03
-6.499632596969604492e-01 7.405580282211303711e-01 -1.706503778696060181e-01 9.949292987585067749e-02
-7.363364845514297485e-02 1.621264666318893433e-01 9.840189218521118164e-01 -2.925708591938018799e-01
0.000000000000000000e+00 0.000000000000000000e+00 0.000000000000000000e+00 1.000000000000000000e+00
6.930414438247680664e-01 7.162168622016906738e-01 -8.201726526021957397e-02 8.762856945395469666e-03
-7.205362915992736816e-01 6.845963597297668457e-01 -1.102477684617042542e-01 8.010008931159973145e-02
-2.281265147030353546e-02 1.355026960372924805e-01 9.905143976211547852e-01 -2.996392846107482910e-01
0.000000000000000000e+00 0.000000000000000000e+00 0.000000000000000000e+00 1.000000000000000000e+00
5.924326777458190918e-01 8.046478629112243652e-01 -3.955641016364097595e-02 -9.379934635944664478e-04
-8.048232197761535645e-01 5.889505743980407715e-01 -7.346136122941970825e-02 6.824561208486557007e-02
-3.581378608942031860e-02 7.535681873559951782e-02 9.965134263038635254e-01 -3.068810403347015381e-01
0.000000000000000000e+00 0.000000000000000000e+00 0.000000000000000000e+00 1.000000000000000000e+00
5.030685067176818848e-01 8.632443547248840332e-01 -4.160450398921966553e-02 4.445279482752084732e-03
-8.637971282005310059e-01 5.006719231605529785e-01 -5.641127377748489380e-02 6.375018507242202759e-02
-2.786651253700256348e-02 6.431660056114196777e-02 9.975405335426330566e-01 -3.106867969036102295e-01
0.000000000000000000e+00 0.000000000000000000e+00 0.000000000000000000e+00 1.000000000000000000e+00
4.078226089477539062e-01 9.112737774848937988e-01 -5.710002407431602478e-02 1.430017780512571335e-02
-9.128703474998474121e-01 4.082176983356475830e-01 -5.098059307783842087e-03 4.483662545680999756e-02
1.866350136697292328e-02 5.420402809977531433e-02 9.983554482460021973e-01 -3.150277137756347656e-01
0.000000000000000000e+00 0.000000000000000000e+00 0.000000000000000000e+00 1.000000000000000000e+00
2.909466326236724854e-01 9.547549486160278320e-01 -6.158366426825523376e-02 2.085069380700588226e-02
-9.557226896286010742e-01 2.930011153221130371e-01 2.728177234530448914e-02 3.293062001466751099e-02
4.409148171544075012e-02 5.091937631368637085e-02 9.977287054061889648e-01 -3.173100054264068604e-01
0.000000000000000000e+00 0.000000000000000000e+00 0.000000000000000000e+00 1.000000000000000000e+00
1.785552650690078735e-01 9.817326068878173828e-01 -6.571725010871887207e-02 2.731800079345703125e-02
-9.816031455993652344e-01 1.823257356882095337e-01 5.667794123291969299e-02 2.223593555390834808e-02
6.762453168630599976e-02 5.438814312219619751e-02 9.962273240089416504e-01 -3.182716667652130127e-01
0.000000000000000000e+00 0.000000000000000000e+00 0.000000000000000000e+00 1.000000000000000000e+00
1.039233580231666565e-01 9.915446043014526367e-01 -7.771407812833786011e-02 3.412402421236038208e-02
-9.900360703468322754e-01 1.105967760086059570e-01 8.716239035129547119e-02 1.078534219413995743e-02
9.502026438713073730e-02 6.788149476051330566e-02 9.931581616401672363e-01 -3.177073001861572266e-01
0.000000000000000000e+00 0.000000000000000000e+00 0.000000000000000000e+00 1.000000000000000000e+00
1.710533723235130310e-02 9.970980286598205566e-01 -7.418110966682434082e-02 3.832850605249404907e-02
-9.974175095558166504e-01 2.219267562031745911e-02 6.830656528472900391e-02 1.907518692314624786e-02
6.975462287664413452e-02 7.282115519046783447e-02 9.949027895927429199e-01 -3.120178282260894775e-01
0.000000000000000000e+00 0.000000000000000000e+00 0.000000000000000000e+00 1.000000000000000000e+00
-9.215613454580307007e-02 8.682491183280944824e-01 -4.874939918518066406e-01 1.797150969505310059e-01
-9.909380078315734863e-01 -3.192368522286415100e-02 1.304700225591659546e-01 -8.992397924885153770e-04
9.771779924631118774e-02 4.951001405715942383e-01 8.633232712745666504e-01 -2.619241774082183838e-01
0.000000000000000000e+00 0.000000000000000000e+00 0.000000000000000000e+00 1.000000000000000000e+00
-1.658708602190017700e-01 8.425709605216979980e-01 -5.124074816703796387e-01 1.898043304681777954e-01
-9.779029488563537598e-01 -7.348727434873580933e-02 1.957180202007293701e-01 -2.389191836118698120e-02
1.272508352994918823e-01 5.335487127304077148e-01 8.361417651176452637e-01 -2.541323900222778320e-01
0.000000000000000000e+00 0.000000000000000000e+00 0.000000000000000000e+00 1.000000000000000000e+00
-1.315584182739257812e-01 7.776686549186706543e-01 -6.147553324699401855e-01 2.158664762973785400e-01
-9.911045432090759277e-01 -1.157591715455055237e-01 6.566185504198074341e-02 1.791947335004806519e-02
-2.010038681328296661e-02 6.179251670837402344e-01 7.859800457954406738e-01 -2.309379577636718750e-01
0.000000000000000000e+00 0.000000000000000000e+00 0.000000000000000000e+00 1.000000000000000000e+00
-8.994552493095397949e-02 6.884444952011108398e-01 -7.196904420852661133e-01 2.394952028989791870e-01
-9.946714639663696289e-01 -2.553974650800228119e-02 9.988112002611160278e-02 1.018867082893848419e-02
5.038185790181159973e-02 7.248391509056091309e-01 6.870732307434082031e-01 -2.098295390605926514e-01
0.000000000000000000e+00 0.000000000000000000e+00 0.000000000000000000e+00 1.000000000000000000e+00
-6.876493990421295166e-02 5.195179581642150879e-01 -8.516883254051208496e-01 2.775079607963562012e-01
-9.857365489006042480e-01 9.606409817934036255e-02 1.381857544183731079e-01 -1.551314606331288815e-03
1.536065638065338135e-01 8.490422964096069336e-01 5.055017471313476562e-01 -1.533391028642654419e-01
0.000000000000000000e+00 0.000000000000000000e+00 0.000000000000000000e+00 1.000000000000000000e+00
-1.258056312799453735e-01 3.842141926288604736e-01 -9.146323800086975098e-01 2.952009141445159912e-01
-9.850782155990600586e-01 6.076763570308685303e-02 1.610223054885864258e-01 -1.266449317336082458e-02
1.174470558762550354e-01 9.212418794631958008e-01 3.708361983299255371e-01 -1.065109893679618835e-01
0.000000000000000000e+00 0.000000000000000000e+00 0.000000000000000000e+00 1.000000000000000000e+00
-1.969021409749984741e-01 2.934462428092956543e-01 -9.354778528213500977e-01 3.033602833747863770e-01
-9.739608168601989746e-01 5.082724615931510925e-02 2.209459096193313599e-01 -3.210727497935295105e-02
1.123835593461990356e-01 9.546234607696533203e-01 2.757970392704010010e-01 -7.681287825107574463e-02
0.000000000000000000e+00 0.000000000000000000e+00 0.000000000000000000e+00 1.000000000000000000e+00
-2.771177887916564941e-01 1.755294352769851685e-01 -9.446666240692138672e-01 3.095206618309020996e-01
-9.584573507308959961e-01 1.863667368888854980e-02 2.846262454986572266e-01 -5.271076411008834839e-02
6.756570935249328613e-02 9.842977523803710938e-01 1.630730628967285156e-01 -3.842635080218315125e-02
0.000000000000000000e+00 0.000000000000000000e+00 0.000000000000000000e+00 1.000000000000000000e+00
-1.858089864253997803e-01 -8.246369957923889160e-01 -5.342741608619689941e-01 1.736295521259307861e-01
-9.500609636306762695e-01 1.203709747642278671e-02 3.118318617343902588e-01 -5.862377583980560303e-02
-2.507169544696807861e-01 5.655343532562255859e-01 -7.856920957565307617e-01 2.775730788707733154e-01
0.000000000000000000e+00 0.000000000000000000e+00 0.000000000000000000e+00 1.000000000000000000e+00
-1.867460757493972778e-01 -8.277811408042907715e-01 -5.290599465370178223e-01 1.709525138139724731e-01
-9.688521027565002441e-01 6.602600216865539551e-02 2.386763691902160645e-01 -3.603306412696838379e-02
-1.626400351524353027e-01 5.571526288986206055e-01 -8.143275380134582520e-01 2.819406688213348389e-01
0.000000000000000000e+00 0.000000000000000000e+00 0.000000000000000000e+00 1.000000000000000000e+00
-9.651608020067214966e-02 -8.373228311538696289e-01 -5.381212830543518066e-01 1.661405116319656372e-01
-9.899215102195739746e-01 2.446261793375015259e-02 1.394865959882736206e-01 -2.372571034356951714e-03
-1.036315932869911194e-01 5.461607575416564941e-01 -8.312448263168334961e-01 2.833652496337890625e-01
0.000000000000000000e+00 0.000000000000000000e+00 0.000000000000000000e+00 1.000000000000000000e+00
1.822198554873466492e-02 -8.425367474555969238e-01 -5.383303165435791016e-01 1.565522849559783936e-01
-9.994301199913024902e-01 -3.064844012260437012e-02 1.413833629339933395e-02 4.013596102595329285e-02
-2.841112948954105377e-02 5.377659797668457031e-01 -8.426149487495422363e-01 2.816262841224670410e-01
0.000000000000000000e+00 0.000000000000000000e+00 0.000000000000000000e+00 1.000000000000000000e+00
5.502287670969963074e-02 -8.492344617843627930e-01 -5.251411199569702148e-01 1.491266489028930664e-01
-9.942095279693603516e-01 2.021517604589462280e-03 -1.074397265911102295e-01 7.859851419925689697e-02
9.230310469865798950e-02 5.280119776725769043e-01 -8.442057967185974121e-01 2.738811075687408447e-01
0.000000000000000000e+00 0.000000000000000000e+00 0.000000000000000000e+00 1.000000000000000000e+00
3.063676320016384125e-02 -8.591207265853881836e-01 -5.108550190925598145e-01 1.485829651355743408e-01
-9.816938042640686035e-01 7.026058435440063477e-02 -1.770328730344772339e-01 9.263814985752105713e-02
1.879855543375015259e-01 5.069268941879272461e-01 -8.412408828735351562e-01 2.692380547523498535e-01
0.000000000000000000e+00 0.000000000000000000e+00 0.000000000000000000e+00 1.000000000000000000e+00
-4.077799990773200989e-02 -8.546235561370849609e-01 -5.176441669464111328e-01 1.586377024650573730e-01
-9.943762421607971191e-01 8.538981527090072632e-02 -6.264391541481018066e-02 5.592614784836769104e-02
9.773844480514526367e-02 5.121785998344421387e-01 -8.532994389533996582e-01 2.882005274295806885e-01
0.000000000000000000e+00 0.000000000000000000e+00 0.000000000000000000e+00 1.000000000000000000e+00
-5.454434454441070557e-02 -8.351431488990783691e-01 -5.473213195800781250e-01 1.677576303482055664e-01
-9.927030801773071289e-01 -1.368057541549205780e-02 1.198050603270530701e-01 -1.487909001298248768e-03
-1.075421571731567383e-01 5.498623251914978027e-01 -8.283028602600097656e-01 2.987101972103118896e-01
0.000000000000000000e+00 0.000000000000000000e+00 0.000000000000000000e+00 1.000000000000000000e+00
1.169931665062904358e-01 -8.143370747566223145e-01 -5.684781670570373535e-01 1.614966988563537598e-01
-9.867916703224182129e-01 -1.598978042602539062e-01 2.596959285438060760e-02 2.806486748158931732e-02
-1.120465323328971863e-01 5.579313635826110840e-01 -8.222879767417907715e-01 2.997828125953674316e-01
0.000000000000000000e+00 0.000000000000000000e+00 0.000000000000000000e+00 1.000000000000000000e+00
2.031163871288299561e-01 -7.676601409912109375e-01 -6.078172326087951660e-01 1.603154689073562622e-01
-9.488507509231567383e-01 -3.075560629367828369e-01 7.135583460330963135e-02 1.286067999899387360e-02
-2.417148351669311523e-01 5.622342228889465332e-01 -7.908645868301391602e-01 2.956593036651611328e-01
0.000000000000000000e+00 0.000000000000000000e+00 0.000000000000000000e+00 1.000000000000000000e+00
3.179888129234313965e-01 -7.037758231163024902e-01 -6.352815628051757812e-01 1.531274616718292236e-01
-9.130522012710571289e-01 -4.078087508678436279e-01 -5.248616915196180344e-03 3.524800017476081848e-02
-2.553795874118804932e-01 5.817142724990844727e-01 -7.722626328468322754e-01 2.851173877716064453e-01
0.000000000000000000e+00 0.000000000000000000e+00 0.000000000000000000e+00 1.000000000000000000e+00
3.491909205913543701e-01 -6.987343430519104004e-01 -6.243685483932495117e-01 1.464522331953048706e-01
-9.219296574592590332e-01 -3.754020929336547852e-01 -9.549353271722793579e-02 6.454384326934814453e-02
-1.676646471023559570e-01 6.089693307876586914e-01 -7.752708792686462402e-01 2.775839865207672119e-01
0.000000000000000000e+00 0.000000000000000000e+00 0.000000000000000000e+00 1.000000000000000000e+00
3.668447732925415039e-01 -6.922298669815063477e-01 -6.214842200279235840e-01 1.446643620729446411e-01
-9.260316491127014160e-01 -3.355135619640350342e-01 -1.729043275117874146e-01 8.934454619884490967e-02
-8.882683515548706055e-02 6.389431357383728027e-01 -7.641081809997558594e-01 2.671925723552703857e-01
0.000000000000000000e+00 0.000000000000000000e+00 0.000000000000000000e+00 1.000000000000000000e+00
5.292292237281799316e-01 -5.857377648353576660e-01 -6.138628721237182617e-01 1.369724124670028687e-01
-8.431581258773803711e-01 -4.439525902271270752e-01 -3.032989501953125000e-01 1.248398944735527039e-01
-9.487237781286239624e-02 6.780981421470642090e-01 -7.288222312927246094e-01 2.550660371780395508e-01
0.000000000000000000e+00 0.000000000000000000e+00 0.000000000000000000e+00 1.000000000000000000e+00
6.758961081504821777e-01 -4.028439819812774658e-01 -6.171556711196899414e-01 1.336747407913208008e-01
-7.121802568435668945e-01 -5.724799633026123047e-01 -4.062829017639160156e-01 1.536615937948226929e-01
-1.896406710147857666e-01 7.141311168670654297e-01 -6.738344430923461914e-01 2.520420551300048828e-01
0.000000000000000000e+00 0.000000000000000000e+00 0.000000000000000000e+00 1.000000000000000000e+00
6.923624873161315918e-01 -3.156321346759796143e-01 -6.488531231880187988e-01 1.406709849834442139e-01
-6.516135931015014648e-01 -6.597212553024291992e-01 -3.743889629840850830e-01 1.429292112588882446e-01
-3.098931312561035156e-01 6.820144653320312500e-01 -6.624364256858825684e-01 2.601049840450286865e-01
0.000000000000000000e+00 0.000000000000000000e+00 0.000000000000000000e+00 1.000000000000000000e+00
7.400186657905578613e-01 -2.394237816333770752e-01 -6.285288929939270020e-01 1.385806798934936523e-01
-5.757660269737243652e-01 -7.085443735122680664e-01 -4.079926013946533203e-01 1.450621932744979858e-01
-3.476576209068298340e-01 6.638077497482299805e-01 -6.621881127357482910e-01 2.587969601154327393e-01
0.000000000000000000e+00 0.000000000000000000e+00 0.000000000000000000e+00 1.000000000000000000e+00
7.268563508987426758e-01 -2.260191738605499268e-01 -6.485331058502197266e-01 1.522790044546127319e-01
-5.447467565536499023e-01 -7.647985816001892090e-01 -3.439971208572387695e-01 1.182703524827957153e-01
-4.182473123073577881e-01 6.033228039741516113e-01 -6.790219545364379883e-01 2.682830691337585449e-01
0.000000000000000000e+00 0.000000000000000000e+00 0.000000000000000000e+00 1.000000000000000000e+00
7.086915373802185059e-01 -3.153489828109741211e-01 -6.311190128326416016e-01 1.558071970939636230e-01
-5.910543799400329590e-01 -7.538328170776367188e-01 -2.870374023914337158e-01 9.616997838020324707e-02
-3.852413892745971680e-01 5.764467120170593262e-01 -7.206233143806457520e-01 2.789921462535858154e-01
0.000000000000000000e+00 0.000000000000000000e+00 0.000000000000000000e+00 1.000000000000000000e+00
8.130255937576293945e-01 -1.652767211198806763e-01 -5.582767724990844727e-01 1.356199979782104492e-01
-5.207875370979309082e-01 -6.351658105850219727e-01 -5.703898668289184570e-01 1.823096573352813721e-01
-2.603262066841125488e-01 7.544851303100585938e-01 -6.024801135063171387e-01 2.452869713306427002e-01
0.000000000000000000e+00 0.000000000000000000e+00 0.000000000000000000e+00 1.000000000000000000e+00
