0.5448524355888367 0.8381044864654541 -0.02676895074546337 -0.002091315807774663 
-0.835895299911499 0.5403329133987427 -0.09653636813163757 0.06813374906778336 
-0.06644342839717865 0.07497411966323853 0.9949694275856018 -0.298236072063446 
0 0 0 1 

0.4595334827899933 0.8853489756584167 -0.07061260193586349 0.0173539724200964 
-0.8879863619804382 0.456415206193924 -0.05626117438077927 0.05604485422372818 
-0.01758211851119995 0.0885569229722023 0.995915949344635 -0.3024691641330719 
0 0 0 1 

0.3501077890396118 0.9333617091178894 -0.07912226021289825 0.02485767565667629 
-0.9366347193717957 0.3498953878879547 -0.01698805578052998 0.04133346676826477 
0.01182850729674101 0.08005630970001221 0.9967201352119446 -0.3043556213378906 
0 0 0 1 

0.2667719125747681 0.958869457244873 -0.09696493297815323 0.03315607830882072 
-0.9613361358642578 0.2718815803527832 0.04374194145202637 0.01788873784244061 
0.06830579042434692 0.08154676109552383 0.994326114654541 -0.3041569590568542 
0 0 0 1 

0.192852646112442 0.973031759262085 -0.1265581399202347 0.04393436759710312 
-0.9735410213470459 0.2058563530445099 0.09920211881399155 -0.002873500576242805 
0.1225796118378639 0.1040781587362289 0.9869863390922546 -0.302839994430542 
0 0 0 1 

0.3313145339488983 0.9360875487327576 -0.1181972175836563 0.03811045736074448 
-0.9338071942329407 0.3432496190071106 0.1009142100811005 5.951266302872682e-06 
0.1350356936454773 0.07693907618522644 0.9878490567207336 -0.296434223651886 
0 0 0 1 

0.3621635735034943 0.9196103811264038 -0.1521643102169037 0.04752998054027557 
-0.9298644065856934 0.3677784502506256 0.009528238326311111 0.03210131824016571 
0.06472501158714294 0.1380414366722107 0.9883092641830444 -0.2924350202083588 
0 0 0 1 

0.3990092873573303 0.9017415046691895 -0.1662940829992294 0.04996887966990471 
-0.9169409275054932 0.3930412232875824 -0.06883196532726288 0.05862068757414818 
0.003291776170954108 0.1799464523792267 0.9836708903312683 -0.2874294519424438 
0 0 0 1 

0.4389061629772186 0.8855121731758118 -0.1524117887020111 0.02702043391764164 
-0.8610195517539978 0.4629876911640167 0.2104460150003433 -0.01315584778785706 
0.2569173276424408 0.03886353224515915 0.9656516313552856 -0.3204107284545898 
0 0 0 1 

0.8805787563323975 0.4632465243339539 -0.09991783648729324 -0.006096090655773878 
-0.4697638154029846 0.8810659646987915 -0.05517807602882385 0.05381833016872406 
0.0624731183052063 0.09552645683288574 0.9934645295143127 -0.2851922214031219 
0 0 0 1 

