1.000000000000000000e+00 0.000000000000000000e+00 0.000000000000000000e+00 -4.255350477121360719e-01
0.000000000000000000e+00 -1.000000000000000000e+00 0.000000000000000000e+00 3.076616963927396031e-01
0.000000000000000000e+00 0.000000000000000000e+00 -1.000000000000000000e+00 -5.117628744684824760e+00
0.000000000000000000e+00 0.000000000000000000e+00 0.000000000000000000e+00 1.000000000000000000e+00
9.956440329551696777e-01 -5.228969827294349670e-02 7.719282805919647217e-02 7.575560137046744892e-03
-5.386487022042274475e-02 -9.983775019645690918e-01 1.846509985625743866e-02 3.578690272578672338e-01
7.610204070806503296e-02 -2.254266850650310516e-02 -9.968451857566833496e-01 -5.078975017727727526e+00
0.000000000000000000e+00 0.000000000000000000e+00 0.000000000000000000e+00 1.000000000000000000e+00
9.735885858535766602e-01 -6.604625284671783447e-02 2.185476571321487427e-01 7.731036960824253512e-01
-7.106785476207733154e-02 -9.973558783531188965e-01 1.518768910318613052e-02 3.517113412147641616e-01
2.169666886329650879e-01 -3.031828068196773529e-02 -9.757080674171447754e-01 -4.955738163317455758e+00
0.000000000000000000e+00 0.000000000000000000e+00 0.000000000000000000e+00 1.000000000000000000e+00
9.390784502029418945e-01 -5.646087229251861572e-02 3.390336334705352783e-01 1.428608350751936706e+00
-5.443256348371505737e-02 -9.983971714973449707e-01 -1.549677085131406784e-02 2.047740472144497226e-01
3.393651843070983887e-01 -3.901796182617545128e-03 -9.406465888023376465e-01 -4.778613309638391371e+00
0.000000000000000000e+00 0.000000000000000000e+00 0.000000000000000000e+00 1.000000000000000000e+00
9.099189043045043945e-01 -7.336294651031494141e-02 4.082465767860412598e-01 1.819188906748166357e+00
-5.922518670558929443e-02 -9.971289634704589844e-01 -4.718272015452384949e-02 8.937771316907153207e-02
4.105359613895416260e-01 1.875393278896808624e-02 -9.116514325141906738e-01 -4.612647795542810236e+00
0.000000000000000000e+00 0.000000000000000000e+00 0.000000000000000000e+00 1.000000000000000000e+00
1.567965447902679443e-01 -9.154985845088958740e-02 9.833783507347106934e-01 5.129304300772773217e+00
-4.036007821559906006e-02 -9.954566955566406250e-01 -8.623902499675750732e-02 -5.894326954589911016e-02
9.868057370185852051e-01 -2.616726793348789215e-02 -1.597791165113449097e-01 -8.257694885175987931e-01
0.000000000000000000e+00 0.000000000000000000e+00 0.000000000000000000e+00 1.000000000000000000e+00
1.369697004556655884e-01 -1.059847772121429443e-01 9.848892688751220703e-01 5.106733244819835704e+00
-3.013118356466293335e-02 -9.942454695701599121e-01 -1.028012484312057495e-01 -8.539499680111363455e-02
9.901168942451477051e-01 -1.559522561728954315e-02 -1.393750011920928955e-01 -6.257718477556705183e-01
0.000000000000000000e+00 0.000000000000000000e+00 0.000000000000000000e+00 1.000000000000000000e+00
1.352912336587905884e-01 -1.031664982438087463e-01 9.854201078414916992e-01 5.062590719586699706e+00
-3.108385019004344940e-02 -9.945167303085327148e-01 -9.985125809907913208e-02 -1.824581082713685326e-02
9.903180599212646484e-01 -1.712166517972946167e-02 -1.377562582492828369e-01 -5.106111497012040257e-01
0.000000000000000000e+00 0.000000000000000000e+00 0.000000000000000000e+00 1.000000000000000000e+00
1.492944657802581787e-01 -9.633486717939376831e-02 9.840887784957885742e-01 5.003623042271958532e+00
-3.691858798265457153e-02 -9.950917959213256836e-01 -9.181113541126251221e-02 4.761773478873251170e-02
9.881029725074768066e-01 -2.262428402900695801e-02 -1.521182209253311157e-01 -4.554201461496498182e-01
0.000000000000000000e+00 0.000000000000000000e+00 0.000000000000000000e+00 1.000000000000000000e+00
1.611532866954803467e-01 -1.017820462584495544e-01 9.816669821739196777e-01 4.963723700957683782e+00
-6.058803573250770569e-02 -9.938120841979980469e-01 -9.309503436088562012e-02 6.427233645523490468e-02
9.850679039955139160e-01 -4.447472468018531799e-02 -1.663229167461395264e-01 -3.994674736246310309e-01
0.000000000000000000e+00 0.000000000000000000e+00 0.000000000000000000e+00 1.000000000000000000e+00
1.809734851121902466e-01 -9.540390968322753906e-02 9.788495898246765137e-01 4.919116897674883582e+00
-7.935478538274765015e-02 -9.934550523757934570e-01 -8.215600252151489258e-02 1.530092519816482477e-01
9.802813529968261719e-01 -6.280837953090667725e-02 -1.873597949743270874e-01 -3.781685940903664056e-01
0.000000000000000000e+00 0.000000000000000000e+00 0.000000000000000000e+00 1.000000000000000000e+00
1.791616380214691162e-01 -8.915890008211135864e-02 9.797711968421936035e-01 4.904410394428191822e+00
-1.095676869153976440e-01 -9.914979934692382812e-01 -7.019042968750000000e-02 2.570651854445274997e-01
9.776992797851562500e-01 -9.477584809064865112e-02 -1.874073147773742676e-01 -2.583473330947208546e-01
0.000000000000000000e+00 0.000000000000000000e+00 0.000000000000000000e+00 1.000000000000000000e+00
1.892976760864257812e-01 -1.010583564639091492e-01 9.767053723335266113e-01 4.907098048471251417e+00
-1.078010350465774536e-01 -9.908159971237182617e-01 -8.162520080804824829e-02 2.531192932447556831e-01
9.759840369224548340e-01 -8.983837813138961792e-02 -1.984533220529556274e-01 -2.405110080053725619e-01
0.000000000000000000e+00 0.000000000000000000e+00 0.000000000000000000e+00 1.000000000000000000e+00
1.940998136997222900e-01 -1.105317100882530212e-01 9.747349619865417480e-01 4.922946993175195018e+00
-1.395262777805328369e-01 -9.866406917572021484e-01 -8.409783244132995605e-02 2.825444523152937371e-01
9.710085391998291016e-01 -1.196777671575546265e-01 -2.069288045167922974e-01 -1.968523289512388585e-01
0.000000000000000000e+00 0.000000000000000000e+00 0.000000000000000000e+00 1.000000000000000000e+00
2.121614515781402588e-01 -1.210380420088768005e-01 9.697098731994628906e-01 4.939261406385341502e+00
-1.553491652011871338e-01 -9.838587641716003418e-01 -8.881543576717376709e-02 2.941800737185291115e-01
9.648078680038452148e-01 -1.318003982305526733e-01 -2.275401055812835693e-01 -2.217609455204699320e-01
0.000000000000000000e+00 0.000000000000000000e+00 0.000000000000000000e+00 1.000000000000000000e+00
2.163288146257400513e-01 -1.322405338287353516e-01 9.673231244087219238e-01 4.965922474182634438e+00
-1.764210611581802368e-01 -9.797691702842712402e-01 -9.448777884244918823e-02 2.962112157822792691e-01
9.602486491203308105e-01 -1.502157300710678101e-01 -2.352822721004486084e-01 -1.522619192470085203e-01
0.000000000000000000e+00 0.000000000000000000e+00 0.000000000000000000e+00 1.000000000000000000e+00
2.443280816078186035e-01 -1.385907232761383057e-01 9.597376585006713867e-01 4.987568148587009809e+00
-1.944018602371215820e-01 -9.766413569450378418e-01 -9.154125303030014038e-02 3.447011890860263716e-01
9.500060677528381348e-01 -1.642087548971176147e-01 -2.655632495880126953e-01 -1.882039970214600955e-01
0.000000000000000000e+00 0.000000000000000000e+00 0.000000000000000000e+00 1.000000000000000000e+00
2.861458957195281982e-01 -1.432827562093734741e-01 9.474127292633056641e-01 4.989291532834611687e+00
-2.162578999996185303e-01 -9.729014635086059570e-01 -8.182150870561599731e-02 4.155392061513337731e-01
9.334629774093627930e-01 -1.814725548028945923e-01 -3.093777894973754883e-01 -3.007401600305374956e-01
0.000000000000000000e+00 0.000000000000000000e+00 0.000000000000000000e+00 1.000000000000000000e+00
3.528856933116912842e-01 -1.715482771396636963e-01 9.198057055473327637e-01 5.040060139156040897e+00
-2.362485677003860474e-01 -9.675331115722656250e-01 -8.981230109930038452e-02 3.704033689434586551e-01
9.053496122360229492e-01 -1.856093704700469971e-01 -3.819566965103149414e-01 -4.661341557833580951e-01
0.000000000000000000e+00 0.000000000000000000e+00 0.000000000000000000e+00 1.000000000000000000e+00
3.985688984394073486e-01 -2.217145264148712158e-01 8.899356722831726074e-01 5.247155132988086557e+00
-2.429640740156173706e-01 -9.611960649490356445e-01 -1.306535750627517700e-01 1.744307361386970012e-01
8.843705654144287109e-01 -1.641479879617691040e-01 -4.369715452194213867e-01 -5.347403644547957802e-01
0.000000000000000000e+00 0.000000000000000000e+00 0.000000000000000000e+00 1.000000000000000000e+00
4.212725758552551270e-01 -2.472784072160720825e-01 8.725723624229431152e-01 5.317598017687621414e+00
-2.713824808597564697e-01 -9.523992538452148438e-01 -1.388788074254989624e-01 1.598451138329276822e-01
8.653791546821594238e-01 -1.782951354980468750e-01 -4.683266878128051758e-01 -7.148085227183699208e-01
0.000000000000000000e+00 0.000000000000000000e+00 0.000000000000000000e+00 1.000000000000000000e+00
4.048309624195098877e-01 -2.489399909973144531e-01 8.798527717590332031e-01 5.201475728364906459e+00
-2.030777633190155029e-01 -9.626742601394653320e-01 -1.789344698190689087e-01 -8.188452648055874472e-02
8.915556073188781738e-01 -1.062403321266174316e-01 -4.402745664119720459e-01 -6.710593937685562782e-01
0.000000000000000000e+00 0.000000000000000000e+00 0.000000000000000000e+00 1.000000000000000000e+00
4.050715267658233643e-01 -2.486556768417358398e-01 8.798223733901977539e-01 5.125351985067934102e+00
-1.665525883436203003e-01 -9.662733674049377441e-01 -1.964074224233627319e-01 -1.910870887690377662e-01
8.989868760108947754e-01 -6.697767227888107300e-02 -4.328241646289825439e-01 -6.815296078238348709e-01
0.000000000000000000e+00 0.000000000000000000e+00 0.000000000000000000e+00 1.000000000000000000e+00
3.686470389366149902e-01 -2.620928585529327393e-01 8.918557763099670410e-01 4.846646268672965441e+00
-6.991715729236602783e-02 -9.645291566848754883e-01 -2.545494735240936279e-01 -5.903603336016607361e-01
9.269362688064575195e-01 3.148283436894416809e-02 -3.738954663276672363e-01 -5.050444261243088873e-01
0.000000000000000000e+00 0.000000000000000000e+00 0.000000000000000000e+00 1.000000000000000000e+00
3.675767183303833008e-01 -3.001126646995544434e-01 8.802385330200195312e-01 4.558703006365050214e+00
-3.349288552999496460e-02 -9.501578807830810547e-01 -3.099651336669921875e-01 -9.986460536580904490e-01
9.293898940086364746e-01 8.445420116186141968e-02 -3.593075275421142578e-01 -4.843165937104252916e-01
0.000000000000000000e+00 0.000000000000000000e+00 0.000000000000000000e+00 1.000000000000000000e+00
3.815279006958007812e-01 -3.484818339347839355e-01 8.561522364616394043e-01 4.309548786240673834e+00
6.871297955513000488e-03 -9.251189231872558594e-01 -3.796155154705047607e-01 -1.357366123724337958e+00
9.243316650390625000e-01 1.507167667150497437e-01 -3.505641818046569824e-01 -4.641603788440136769e-01
0.000000000000000000e+00 0.000000000000000000e+00 0.000000000000000000e+00 1.000000000000000000e+00
4.085959196090698242e-01 -3.690724968910217285e-01 8.347662687301635742e-01 4.108108064143392468e+00
5.540352687239646912e-02 -9.028805494308471680e-01 -4.263063073158264160e-01 -1.597171787863636450e+00
9.110321998596191406e-01 2.204360067844390869e-01 -3.484653532505035400e-01 -4.935648537322109286e-01
0.000000000000000000e+00 0.000000000000000000e+00 0.000000000000000000e+00 1.000000000000000000e+00
4.667049944400787354e-01 -4.000712037086486816e-01 7.887516617774963379e-01 3.796922328395332169e+00
1.211596652865409851e-01 -8.545061349868774414e-01 -5.051134824752807617e-01 -1.993343719807560310e+00
8.760746121406555176e-01 3.313038051128387451e-01 -3.503298461437225342e-01 -5.620272155720216212e-01
0.000000000000000000e+00 0.000000000000000000e+00 0.000000000000000000e+00 1.000000000000000000e+00
4.836890399456024170e-01 -4.344337582588195801e-01 7.598106861114501953e-01 3.603412427751557345e+00
1.413064748048782349e-01 -8.179669380187988281e-01 -5.576400160789489746e-01 -2.253998146904020228e+00
8.637576699256896973e-01 3.770905137062072754e-01 -3.342533111572265625e-01 -5.230530573968861230e-01
0.000000000000000000e+00 0.000000000000000000e+00 0.000000000000000000e+00 1.000000000000000000e+00
4.844771325588226318e-01 -4.834423065185546875e-01 7.290850877761840820e-01 3.378901054774391621e+00
1.618013679981231689e-01 -7.695277929306030273e-01 -6.177760362625122070e-01 -2.520966557066499636e+00
8.597104549407958984e-01 4.172653853893280029e-01 -2.945971488952636719e-01 -3.843543054644588675e-01
0.000000000000000000e+00 0.000000000000000000e+00 0.000000000000000000e+00 1.000000000000000000e+00
5.168159604072570801e-01 -4.917217195034027100e-01 7.007930874824523926e-01 3.182762626095591241e+00
1.638615131378173828e-01 -7.466382384300231934e-01 -6.447330117225646973e-01 -2.642710777388040722e+00
8.402681350708007812e-01 4.480412900447845459e-01 -3.053002059459686279e-01 -4.576412404346810736e-01
0.000000000000000000e+00 0.000000000000000000e+00 0.000000000000000000e+00 1.000000000000000000e+00
5.249284505844116211e-01 -5.020857453346252441e-01 6.872844696044921875e-01 3.038865398475233626e+00
1.783296763896942139e-01 -7.246815562248229980e-01 -6.656087040901184082e-01 -2.729301014563611627e+00
8.322550058364868164e-01 4.719600677490234375e-01 -2.908692359924316406e-01 -4.273640368985321403e-01
0.000000000000000000e+00 0.000000000000000000e+00 0.000000000000000000e+00 1.000000000000000000e+00
5.020444393157958984e-01 -5.520431399345397949e-01 6.657323241233825684e-01 2.849905422718174375e+00
1.771471798419952393e-01 -6.878111362457275391e-01 -7.039422988891601562e-01 -2.875316262773786491e+00
8.465046882629394531e-01 4.713428318500518799e-01 -2.475188374519348145e-01 -2.922052562877321402e-01
0.000000000000000000e+00 0.000000000000000000e+00 0.000000000000000000e+00 1.000000000000000000e+00
4.641116559505462646e-01 -6.217269301414489746e-01 6.309167146682739258e-01 2.558310831800010288e+00
1.474533975124359131e-01 -6.481081247329711914e-01 -7.471367120742797852e-01 -3.019510112481429864e+00
8.734172582626342773e-01 4.397856295108795166e-01 -2.091187983751296997e-01 -2.394349593012695121e-01
0.000000000000000000e+00 0.000000000000000000e+00 0.000000000000000000e+00 1.000000000000000000e+00
4.036775231361389160e-01 -6.724989414215087891e-01 6.203141808509826660e-01 2.451293947714568766e+00
1.348906010389328003e-01 -6.268542408943176270e-01 -7.673709988594055176e-01 -3.070078722104542024e+00
9.049028158187866211e-01 3.934449255466461182e-01 -1.623331755399703979e-01 -1.174573970977694365e-01
0.000000000000000000e+00 0.000000000000000000e+00 0.000000000000000000e+00 1.000000000000000000e+00
4.564479589462280273e-01 -6.971030235290527344e-01 5.529037117958068848e-01 2.111428725109710580e+00
1.329226791858673096e-01 -5.610153079032897949e-01 -8.170639872550964355e-01 -3.216012225632467914e+00
8.797651529312133789e-01 4.464405775070190430e-01 -1.634135246276855469e-01 -2.505785625373960768e-01
0.000000000000000000e+00 0.000000000000000000e+00 0.000000000000000000e+00 1.000000000000000000e+00
6.130985617637634277e-01 -6.271529197692871094e-01 4.804051816463470459e-01 1.765649314426045002e+00
1.265186369419097900e-01 -5.223076343536376953e-01 -8.433195352554321289e-01 -3.260810097189553503e+00
7.798095941543579102e-01 5.778181552886962891e-01 -2.408795356750488281e-01 -6.359410251140029668e-01
0.000000000000000000e+00 0.000000000000000000e+00 0.000000000000000000e+00 1.000000000000000000e+00
7.365314364433288574e-01 -5.685702562332153320e-01 3.664003312587738037e-01 1.248347933757539829e+00
5.444454401731491089e-02 -4.900984764099121094e-01 -8.699650168418884277e-01 -3.265805252821332161e+00
6.742085218429565430e-01 6.607050299644470215e-01 -3.300173878669738770e-01 -1.010323039003079293e+00
0.000000000000000000e+00 0.000000000000000000e+00 0.000000000000000000e+00 1.000000000000000000e+00
8.100519776344299316e-01 -5.226041078567504883e-01 2.658960223197937012e-01 9.024503702625169543e-01
-1.686064992100000381e-03 -4.555446803569793701e-01 -8.902112245559692383e-01 -3.230904241689602774e+00
5.863555669784545898e-01 7.206690311431884766e-01 -3.698960840702056885e-01 -1.167315189332349679e+00
0.000000000000000000e+00 0.000000000000000000e+00 0.000000000000000000e+00 1.000000000000000000e+00
8.140275478363037109e-01 -5.601716637611389160e-01 1.535150110721588135e-01 5.804341089471303228e-01
-7.875674217939376831e-02 -3.683160245418548584e-01 -9.263588190078735352e-01 -3.393709490496696013e+00
5.754620432853698730e-01 7.419912815093994141e-01 -3.439366817474365234e-01 -1.043776951008641873e+00
0.000000000000000000e+00 0.000000000000000000e+00 0.000000000000000000e+00 1.000000000000000000e+00
8.043376803398132324e-01 -5.930765867233276367e-01 3.606892749667167664e-02 1.759148693697845656e-01
-1.528064459562301636e-01 -2.651370465755462646e-01 -9.520254731178283691e-01 -3.607444454076640383e+00
5.741872787475585938e-01 7.602384686470031738e-01 -3.038856387138366699e-01 -8.482853866509609819e-01
0.000000000000000000e+00 0.000000000000000000e+00 0.000000000000000000e+00 1.000000000000000000e+00
8.177773952484130859e-01 -5.720130801200866699e-01 -6.357074528932571411e-02 -2.535364424907596836e-01
-1.861466467380523682e-01 -1.583591252565383911e-01 -9.696760773658752441e-01 -3.780445963128296505e+00
5.446004271507263184e-01 8.048126101493835449e-01 -2.359808236360549927e-01 -5.640575887992579363e-01
0.000000000000000000e+00 0.000000000000000000e+00 0.000000000000000000e+00 1.000000000000000000e+00
8.338814973831176758e-01 -5.275886058807373047e-01 -1.621478945016860962e-01 -7.591157510502806183e-01
-2.214481383562088013e-01 -5.070862546563148499e-02 -9.738528728485107422e-01 -3.881015731424930060e+00
5.055713057518005371e-01 8.479853272438049316e-01 -1.591185033321380615e-01 -2.473184477068167131e-01
0.000000000000000000e+00 0.000000000000000000e+00 0.000000000000000000e+00 1.000000000000000000e+00
8.427155017852783203e-01 -4.852978289127349854e-01 -2.330591827630996704e-01 -1.175956290195342646e+00
-2.338563203811645508e-01 5.994528904557228088e-02 -9.704215526580810547e-01 -3.962635018918320373e+00
4.849141836166381836e-01 8.722916245460510254e-01 -6.297316402196884155e-02 1.558695266455885353e-01
0.000000000000000000e+00 0.000000000000000000e+00 0.000000000000000000e+00 1.000000000000000000e+00
8.086524605751037598e-01 -5.645756721496582031e-01 -1.653345227241516113e-01 -8.015665879411275618e-01
-2.886265814304351807e-01 -1.358581632375717163e-01 -9.477537274360656738e-01 -3.635640417169748506e+00
5.126166343688964844e-01 8.141232728958129883e-01 -2.728136479854583740e-01 -8.802469125795719940e-01
0.000000000000000000e+00 0.000000000000000000e+00 0.000000000000000000e+00 1.000000000000000000e+00
7.837555408477783203e-01 -6.056097745895385742e-01 -1.377099156379699707e-01 -6.175135252249972506e-01
-3.640632629394531250e-01 -2.683514952659606934e-01 -8.918774127960205078e-01 -3.281653403887584197e+00
5.031750798225402832e-01 7.491489648818969727e-01 -4.308022856712341309e-01 -1.491678386109263288e+00
0.000000000000000000e+00 0.000000000000000000e+00 0.000000000000000000e+00 1.000000000000000000e+00
7.606049180030822754e-01 -6.454581022262573242e-01 -6.974101811647415161e-02 -3.018038314234475217e-01
-4.283512532711029053e-01 -4.182196855545043945e-01 -8.010039329528808594e-01 -2.757782687225744489e+00
4.878475069999694824e-01 6.391211748123168945e-01 -5.945828557014465332e-01 -2.076067448930782877e+00
0.000000000000000000e+00 0.000000000000000000e+00 0.000000000000000000e+00 1.000000000000000000e+00
7.635061740875244141e-01 -6.434127092361450195e-01 -5.548311397433280945e-02 -1.967100136189812720e-01
-4.785504639148712158e-01 -5.059911012649536133e-01 -7.176086902618408203e-01 -2.302664406980043932e+00
4.336447119712829590e-01 5.744501352310180664e-01 -6.942328214645385742e-01 -2.376299992485788604e+00
0.000000000000000000e+00 0.000000000000000000e+00 0.000000000000000000e+00 1.000000000000000000e+00
