-0.2728998959064484 0.1661769151687622 -0.94758141040802 0.3099769055843353 
-0.9598350524902344 0.01965243741869926 0.2798754274845123 -0.05121424794197083 
0.06513103842735291 0.9858999848365784 0.1541393548250198 -0.03575853258371353 
0 0 0 1 

0.6837042570114136 0.4162315428256989 -0.5994160175323486 0.1552108228206635 
-0.2919164001941681 0.9088013172149658 0.2981022000312805 -0.05252126604318619 
0.668829619884491 -0.02883428707718849 0.7428562045097351 -0.2537179291248322 
0 0 0 1 

0.6699853539466858 0.4523811936378479 -0.588617742061615 0.151899516582489 
-0.2344467490911484 0.881242573261261 0.4104219973087311 -0.09145984798669815 
0.7043822407722473 -0.1369771659374237 0.6964789032936096 -0.2408523857593536 
0 0 0 1 

0.667120099067688 0.4834187030792236 -0.5667954087257385 0.1450236439704895 
-0.1575823426246643 0.8352083563804626 0.5268726348876953 -0.134240984916687 
0.72809237241745 -0.2621703445911407 0.6333625912666321 -0.2224916070699692 
0 0 0 1 

0.645799994468689 0.5196394920349121 -0.5593899488449097 0.1436609029769897 
-0.08971341699361801 0.7792291045188904 0.6202849745750427 -0.1694946438074112 
0.7582175135612488 -0.3503952026367188 0.5498448014259338 -0.1983155608177185 
0 0 0 1 

0.6651185750961304 0.5298170447349548 -0.526223361492157 0.1322839260101318 
-0.02890625782310963 0.7224358320236206 0.6908333897590637 -0.1974994838237762 
0.7461779713630676 -0.4442749321460724 0.495820552110672 -0.1816608309745789 
0 0 0 1 

0.6755724549293518 0.5390418767929077 -0.50302654504776 0.1244127452373505 
0.02482913993299007 0.6652407050132751 0.7462159991264343 -0.2201104462146759 
0.7368753552436829 -0.516612708568573 0.4360343813896179 -0.1642142087221146 
0 0 0 1 

0.7194191217422485 0.5211149454116821 -0.4592114686965942 0.1078444421291351 
0.07250606268644333 0.6011828780174255 0.7958151698112488 -0.2407785207033157 
0.69078129529953 -0.6058202385902405 0.3947184383869171 -0.1521871089935303 
0 0 0 1 

0.7712565660476685 0.4998290538787842 -0.3941245079040527 0.08400502055883408 
0.1127126589417458 0.5021559596061707 0.857400119304657 -0.2674127519130707 
0.6264655590057373 -0.7056983113288879 0.3309540748596191 -0.131682500243187 
0 0 0 1 

0.7617709636688232 0.5320291519165039 -0.3696619868278503 0.07733944803476334 
0.1237349882721901 0.4406135678291321 0.8891283869743347 -0.2819336354732513 
0.6359203457832336 -0.7230523228645325 0.2698160409927368 -0.114546149969101 
0 0 0 1 

