1.000000000000000000e+00 0.000000000000000000e+00 0.000000000000000000e+00 -1.792658120393753052e-02
0.000000000000000000e+00 1.000000000000000000e+00 0.000000000000000000e+00 2.243540808558464050e-02
0.000000000000000000e+00 0.000000000000000000e+00 1.000000000000000000e+00 -3.816788792610168457e-01
0.000000000000000000e+00 0.000000000000000000e+00 0.000000000000000000e+00 1.000000000000000000e+00
9.969338774681091309e-01 4.814206436276435852e-02 -6.168652698397636414e-02 8.102742955088615417e-03
-4.939347878098487854e-02 9.986001253128051758e-01 -1.892415992915630341e-02 2.637390047311782837e-02
6.068913266062736511e-02 2.191303111612796783e-02 9.979161620140075684e-01 -3.788137435913085938e-01
0.000000000000000000e+00 0.000000000000000000e+00 0.000000000000000000e+00 1.000000000000000000e+00
9.823550581932067871e-01 6.432496011257171631e-02 -1.756151020526885986e-01 5.454417318105697632e-02
-6.902024894952774048e-02 9.973993301391601562e-01 -2.075388468801975250e-02 2.837381884455680847e-02
1.738233864307403564e-01 3.250873461365699768e-02 9.842400550842285156e-01 -3.713443577289581299e-01
0.000000000000000000e+00 0.000000000000000000e+00 0.000000000000000000e+00 1.000000000000000000e+00
9.991919994354248047e-01 3.985849022865295410e-02 -5.169191863387823105e-03 -1.306142937391996384e-02
-3.982094675302505493e-02 9.991809725761413574e-01 7.173384074121713638e-03 1.701638847589492798e-02
5.450876429677009583e-03 -6.961759179830551147e-03 9.999608993530273438e-01 -3.683205842971801758e-01
0.000000000000000000e+00 0.000000000000000000e+00 0.000000000000000000e+00 1.000000000000000000e+00
9.950655698776245117e-01 5.344566702842712402e-02 -8.359456062316894531e-02 1.994997076690196991e-02
-5.052931979298591614e-02 9.980508685111999512e-01 3.662316128611564636e-02 9.366430342197418213e-03
8.538900315761566162e-02 -3.221843764185905457e-02 9.958266615867614746e-01 -3.667182624340057373e-01
0.000000000000000000e+00 0.000000000000000000e+00 0.000000000000000000e+00 1.000000000000000000e+00
1.256954222917556763e-01 9.329239279031753540e-02 -9.876725673675537109e-01 4.013886153697967529e-01
-4.079332947731018066e-02 9.952125549316406250e-01 8.881308138370513916e-02 -6.481469143182039261e-03
9.912298321723937988e-01 2.912705391645431519e-02 1.288994103670120239e-01 -4.780035093426704407e-02
0.000000000000000000e+00 0.000000000000000000e+00 0.000000000000000000e+00 1.000000000000000000e+00
8.892150968313217163e-02 1.126307547092437744e-01 -9.896501898765563965e-01 4.002858400344848633e-01
-3.119379840791225433e-02 9.934136271476745605e-01 1.102562695741653442e-01 -1.017514429986476898e-02
9.955500960350036621e-01 2.106679789721965790e-02 9.184928983449935913e-02 -2.645712718367576599e-02
0.000000000000000000e+00 0.000000000000000000e+00 0.000000000000000000e+00 1.000000000000000000e+00
8.768243342638015747e-02 1.030752137303352356e-01 -9.908012151718139648e-01 3.963982462882995605e-01
-3.020405583083629608e-02 9.944498538970947266e-01 1.007818356156349182e-01 -2.442842815071344376e-03
9.956902861595153809e-01 2.108943834900856018e-02 9.030913561582565308e-02 -1.780698634684085846e-02
0.000000000000000000e+00 0.000000000000000000e+00 0.000000000000000000e+00 1.000000000000000000e+00
1.038115397095680237e-01 9.946376085281372070e-02 -9.896111488342285156e-01 3.919335007667541504e-01
-4.039624333381652832e-02 9.945876002311706543e-01 9.572631120681762695e-02 1.202009851112961769e-03
9.937759041786193848e-01 3.003908880054950714e-02 1.072675660252571106e-01 -1.496895868331193924e-02
0.000000000000000000e+00 0.000000000000000000e+00 0.000000000000000000e+00 1.000000000000000000e+00
1.208640038967132568e-01 1.046109497547149658e-01 -9.871415495872497559e-01 3.885658383369445801e-01
-5.818691477179527283e-02 9.934684038162231445e-01 9.815716743469238281e-02 2.077562967315316200e-03
9.909621477127075195e-01 4.557507485151290894e-02 1.261615753173828125e-01 -1.289009395986795425e-02
0.000000000000000000e+00 0.000000000000000000e+00 0.000000000000000000e+00 1.000000000000000000e+00
1.405395418405532837e-01 9.607966244220733643e-02 -9.854021072387695312e-01 3.851691782474517822e-01
-7.864303886890411377e-02 9.932185411453247070e-01 8.562557399272918701e-02 9.274616837501525879e-03
9.869468808174133301e-01 6.546129286289215088e-02 1.471425294876098633e-01 -1.114661619067192078e-02
0.000000000000000000e+00 0.000000000000000000e+00 0.000000000000000000e+00 1.000000000000000000e+00
1.381173729896545410e-01 8.871437609195709229e-02 -9.864345788955688477e-01 3.837704360485076904e-01
-1.068226620554924011e-01 9.915046691894531250e-01 7.421339303255081177e-02 1.676524430513381958e-02
9.846382737159729004e-01 9.512341022491455078e-02 1.464207172393798828e-01 -1.982759451493620872e-03
0.000000000000000000e+00 0.000000000000000000e+00 0.000000000000000000e+00 1.000000000000000000e+00
1.527066230773925781e-01 1.003202795982360840e-01 -9.831664562225341797e-01 3.836581707000732422e-01
-1.106450930237770081e-01 9.903155565261840820e-01 8.386424183845520020e-02 1.700395718216896057e-02
9.820580482482910156e-01 9.597590565681457520e-02 1.623276323080062866e-01 -2.291083568707108498e-03
0.000000000000000000e+00 0.000000000000000000e+00 0.000000000000000000e+00 1.000000000000000000e+00
1.647081375122070312e-01 1.130477711558341980e-01 -9.798427820205688477e-01 3.846822679042816162e-01
-1.358578503131866455e-01 9.865418672561645508e-01 9.098348021507263184e-02 1.790674962103366852e-02
9.769409894943237305e-01 1.181336268782615662e-01 1.778497844934463501e-01 -2.042751060798764229e-03
0.000000000000000000e+00 0.000000000000000000e+00 0.000000000000000000e+00 1.000000000000000000e+00
1.758476644754409790e-01 1.158927232027053833e-01 -9.775716662406921387e-01 3.859740197658538818e-01
-1.529780328273773193e-01 9.841988682746887207e-01 8.916035294532775879e-02 2.088629268109798431e-02
9.724582433700561523e-01 1.338683664798736572e-01 1.907982230186462402e-01 -6.732676411047577858e-04
0.000000000000000000e+00 0.000000000000000000e+00 0.000000000000000000e+00 1.000000000000000000e+00
1.858200579881668091e-01 1.281707882881164551e-01 -9.741884469985961914e-01 3.876611590385437012e-01
-1.784050464630126953e-01 9.793771505355834961e-01 9.482382982969284058e-02 2.104041911661624908e-02
9.662517309188842773e-01 1.561799496412277222e-01 2.048542499542236328e-01 2.599400235339999199e-03
0.000000000000000000e+00 0.000000000000000000e+00 0.000000000000000000e+00 1.000000000000000000e+00
2.178451865911483765e-01 1.346869468688964844e-01 -9.666454195976257324e-01 3.892175853252410889e-01
-1.922383159399032593e-01 9.769509434700012207e-01 9.279961884021759033e-02 2.492992021143436432e-02
9.568636417388916016e-01 1.656103581190109253e-01 2.387160658836364746e-01 -1.594161265529692173e-03
0.000000000000000000e+00 0.000000000000000000e+00 0.000000000000000000e+00 1.000000000000000000e+00
2.583350539207458496e-01 1.396628767251968384e-01 -9.559065699577331543e-01 3.897461593151092529e-01
-2.185937613248825073e-01 9.722810387611389160e-01 8.298008143901824951e-02 2.960981242358684540e-02
9.409994482994079590e-01 1.875184923410415649e-01 2.817036509513854980e-01 -9.415785782039165497e-03
0.000000000000000000e+00 0.000000000000000000e+00 0.000000000000000000e+00 1.000000000000000000e+00
3.258207738399505615e-01 1.674452573060989380e-01 -9.304850697517395020e-01 3.939236402511596680e-01
-2.390609383583068848e-01 9.667993783950805664e-01 9.027007967233657837e-02 2.644437737762928009e-02
9.147078394889831543e-01 1.930308341979980469e-01 3.550330400466918945e-01 -2.162482962012290955e-02
0.000000000000000000e+00 0.000000000000000000e+00 0.000000000000000000e+00 1.000000000000000000e+00
3.802992999553680420e-01 2.183151543140411377e-01 -8.987272977828979492e-01 4.088597893714904785e-01
-2.443345636129379272e-01 9.609324336051940918e-01 1.300348937511444092e-01 1.211519166827201843e-02
8.920050263404846191e-01 1.701380461454391479e-01 4.187839627265930176e-01 -2.995196171104907990e-02
0.000000000000000000e+00 0.000000000000000000e+00 0.000000000000000000e+00 1.000000000000000000e+00
4.032431840896606445e-01 2.427386790513992310e-01 -8.823108077049255371e-01 4.145686626434326172e-01
-2.725695669651031494e-01 9.522725939750671387e-01 1.374136805534362793e-01 1.138122659176588058e-02
8.735561966896057129e-01 1.850800663232803345e-01 4.501608014106750488e-01 -4.297737777233123779e-02
0.000000000000000000e+00 0.000000000000000000e+00 0.000000000000000000e+00 1.000000000000000000e+00
3.841407299041748047e-01 2.504060864448547363e-01 -8.886688947677612305e-01 4.058624505996704102e-01
-2.046559900045394897e-01 9.616683721542358398e-01 1.825099140405654907e-01 -8.283187635242938995e-03
9.003063440322875977e-01 1.117619723081588745e-01 4.206630587577819824e-01 -3.954819962382316589e-02
0.000000000000000000e+00 0.000000000000000000e+00 0.000000000000000000e+00 1.000000000000000000e+00
3.902667164802551270e-01 2.470757812261581421e-01 -8.869303464889526367e-01 3.997642695903778076e-01
-1.692043840885162354e-01 9.661594629287719727e-01 1.946937590837478638e-01 -1.498002093285322189e-02
9.050204157829284668e-01 7.409001141786575317e-02 4.188662767410278320e-01 -4.257293790578842163e-02
0.000000000000000000e+00 0.000000000000000000e+00 0.000000000000000000e+00 1.000000000000000000e+00
3.549124300479888916e-01 2.673352956771850586e-01 -8.958622217178344727e-01 3.784843981266021729e-01
-6.965821236371994019e-02 9.631424546241760254e-01 2.598161697387695312e-01 -4.730840772390365601e-02
9.323008060455322266e-01 -2.980775758624076843e-02 3.604532778263092041e-01 -3.027901612222194672e-02
0.000000000000000000e+00 0.000000000000000000e+00 0.000000000000000000e+00 1.000000000000000000e+00
3.315341770648956299e-01 3.037219643592834473e-01 -8.932177424430847168e-01 3.580842018127441406e-01
-3.244417533278465271e-02 9.498742222785949707e-01 3.109446465969085693e-01 -7.605367898941040039e-02
9.428852796554565430e-01 -7.410905510187149048e-02 3.247697651386260986e-01 -2.082294970750808716e-02
0.000000000000000000e+00 0.000000000000000000e+00 0.000000000000000000e+00 1.000000000000000000e+00
3.379045426845550537e-01 3.589794337749481201e-01 -8.700311183929443359e-01 3.395672738552093506e-01
7.544260937720537186e-03 9.233415126800537109e-01 3.839055597782135010e-01 -1.047829240560531616e-01
9.411501884460449219e-01 -1.362871825695037842e-01 3.092931807041168213e-01 -1.734406314790248871e-02
0.000000000000000000e+00 0.000000000000000000e+00 0.000000000000000000e+00 1.000000000000000000e+00
3.702332973480224609e-01 3.819051384925842285e-01 -8.468031883239746094e-01 3.242969214916229248e-01
5.794744193553924561e-02 9.003111124038696289e-01 4.313723444938659668e-01 -1.223880872130393982e-01
9.271296262741088867e-01 -2.087785005569458008e-01 3.111946582794189453e-01 -2.143182791769504547e-02
0.000000000000000000e+00 0.000000000000000000e+00 0.000000000000000000e+00 1.000000000000000000e+00
4.234188795089721680e-01 4.206474125385284424e-01 -8.023539781570434570e-01 3.011729121208190918e-01
1.247224882245063782e-01 8.501645922660827637e-01 5.115315914154052734e-01 -1.523599028587341309e-01
8.973077535629272461e-01 -3.166636526584625244e-01 3.075115978717803955e-01 -2.486990951001644135e-02
0.000000000000000000e+00 0.000000000000000000e+00 0.000000000000000000e+00 1.000000000000000000e+00
4.400686919689178467e-01 4.555217325687408447e-01 -7.738470435142517090e-01 2.868059873580932617e-01
1.410795897245407104e-01 8.160039782524108887e-01 5.605657696723937988e-01 -1.712939590215682983e-01
8.868123888969421387e-01 -3.558614850044250488e-01 2.948330044746398926e-01 -2.346894890069961548e-02
0.000000000000000000e+00 0.000000000000000000e+00 0.000000000000000000e+00 1.000000000000000000e+00
4.426015019416809082e-01 5.061141252517700195e-01 -7.402377724647521973e-01 2.691331505775451660e-01
1.676812022924423218e-01 7.642233371734619141e-01 6.227729320526123047e-01 -1.913902759552001953e-01
8.809010982513427734e-01 -3.997642099857330322e-01 2.533806264400482178e-01 -1.262780930846929550e-02
0.000000000000000000e+00 0.000000000000000000e+00 0.000000000000000000e+00 1.000000000000000000e+00
4.707471430301666260e-01 5.172593593597412109e-01 -7.147305607795715332e-01 2.552305161952972412e-01
1.647588312625885010e-01 7.443150281906127930e-01 6.471857428550720215e-01 -2.002145648002624512e-01
8.667475581169128418e-01 -4.224189817905426025e-01 2.651610672473907471e-01 -1.889795437455177307e-02
0.000000000000000000e+00 0.000000000000000000e+00 0.000000000000000000e+00 1.000000000000000000e+00
4.836455583572387695e-01 5.275691747665405273e-01 -6.983966231346130371e-01 2.437225729227066040e-01
1.810153424739837646e-01 7.203862071037292480e-01 6.695345640182495117e-01 -2.066547274589538574e-01
8.563411831855773926e-01 -4.502379000186920166e-01 2.529136836528778076e-01 -1.749486476182937622e-02
0.000000000000000000e+00 0.000000000000000000e+00 0.000000000000000000e+00 1.000000000000000000e+00
4.579783082008361816e-01 5.787317752838134766e-01 -6.747779250144958496e-01 2.290855646133422852e-01
1.799050122499465942e-01 6.830160617828369141e-01 7.079006433486938477e-01 -2.179014831781387329e-01
8.705686926841735840e-01 -4.455990195274353027e-01 2.086899131536483765e-01 -7.285989820957183838e-03
0.000000000000000000e+00 0.000000000000000000e+00 0.000000000000000000e+00 1.000000000000000000e+00
4.016178250312805176e-01 6.567550301551818848e-01 -6.382600069046020508e-01 2.067401856184005737e-01
1.496435403823852539e-01 6.405085921287536621e-01 7.532297372817993164e-01 -2.292868643999099731e-01
9.034986495971679688e-01 -3.980221748352050781e-01 1.589605510234832764e-01 -5.979289999231696129e-04
0.000000000000000000e+00 0.000000000000000000e+00 0.000000000000000000e+00 1.000000000000000000e+00
2.960063517093658447e-01 7.213064432144165039e-01 -6.261766552925109863e-01 1.982273012399673462e-01
1.356863975524902344e-01 6.171542406082153320e-01 7.750548720359802246e-01 -2.335862815380096436e-01
9.454996585845947266e-01 -3.143848180770874023e-01 8.481006324291229248e-02 1.608916744589805603e-02
0.000000000000000000e+00 0.000000000000000000e+00 0.000000000000000000e+00 1.000000000000000000e+00
3.576208353042602539e-01 7.455686926841735840e-01 -5.623471736907958984e-01 1.749057322740554810e-01
1.343933045864105225e-01 5.548142194747924805e-01 8.210478425025939941e-01 -2.435555607080459595e-01
9.241459965705871582e-01 -3.691994845867156982e-01 9.821376949548721313e-02 1.673549762926995754e-03
0.000000000000000000e+00 0.000000000000000000e+00 0.000000000000000000e+00 1.000000000000000000e+00
4.861193001270294189e-01 7.138532400131225586e-01 -5.040846467018127441e-01 1.539326608180999756e-01
1.184994727373123169e-01 5.176534652709960938e-01 8.473445773124694824e-01 -2.468222975730895996e-01
8.658208250999450684e-01 -4.716442227363586426e-01 1.670500040054321289e-01 -2.556790970265865326e-02
0.000000000000000000e+00 0.000000000000000000e+00 0.000000000000000000e+00 1.000000000000000000e+00
6.183677911758422852e-01 6.732133030891418457e-01 -4.054687321186065674e-01 1.202322766184806824e-01
4.646812379360198975e-02 4.837131202220916748e-01 8.739922046661376953e-01 -2.468668371438980103e-01
7.845137119293212891e-01 -5.592899322509765625e-01 2.678295969963073730e-01 -5.800477415323257446e-02
0.000000000000000000e+00 0.000000000000000000e+00 0.000000000000000000e+00 1.000000000000000000e+00
7.043719887733459473e-01 6.372441053390502930e-01 -3.126980364322662354e-01 9.662631154060363770e-02
-1.392632443457841873e-02 4.528459012508392334e-01 8.914803266525268555e-01 -2.434730082750320435e-01
7.096946835517883301e-01 -6.235786676406860352e-01 3.278464078903198242e-01 -7.508467137813568115e-02
0.000000000000000000e+00 0.000000000000000000e+00 0.000000000000000000e+00 1.000000000000000000e+00
7.082054018974304199e-01 6.779879927635192871e-01 -1.969196647405624390e-01 7.142140716314315796e-02
-9.269186854362487793e-02 3.657967448234558105e-01 9.260674715042114258e-01 -2.554508447647094727e-01
6.998953223228454590e-01 -6.375932693481445312e-01 3.219033777713775635e-01 -6.994295865297317505e-02
0.000000000000000000e+00 0.000000000000000000e+00 0.000000000000000000e+00 1.000000000000000000e+00
6.957083940505981445e-01 7.145949602127075195e-01 -7.309848815202713013e-02 3.841945901513099670e-02
-1.653213500976562500e-01 2.583160400390625000e-01 9.518094658851623535e-01 -2.715858221054077148e-01
6.990408897399902344e-01 -6.500975489616394043e-01 2.978505492210388184e-01 -5.955299362540245056e-02
0.000000000000000000e+00 0.000000000000000000e+00 0.000000000000000000e+00 1.000000000000000000e+00
7.113179564476013184e-01 7.015007734298706055e-01 4.385904967784881592e-02 1.079337438568472862e-03
-2.017185539007186890e-01 1.439701914787292480e-01 9.688041806221008301e-01 -2.850864231586456299e-01
6.733026504516601562e-01 -6.979750990867614746e-01 2.439142763614654541e-01 -4.275860264897346497e-02
0.000000000000000000e+00 0.000000000000000000e+00 0.000000000000000000e+00 1.000000000000000000e+00
7.237161993980407715e-01 6.745628714561462402e-01 1.456016749143600464e-01 -3.726162761449813843e-02
-2.294645458459854126e-01 3.624401241540908813e-02 9.726420640945434570e-01 -2.925178110599517822e-01
6.508310437202453613e-01 -7.373272776603698730e-01 1.810187101364135742e-01 -2.485210075974464417e-02
0.000000000000000000e+00 0.000000000000000000e+00 0.000000000000000000e+00 1.000000000000000000e+00
7.335636615753173828e-01 6.374428868293762207e-01 2.356929779052734375e-01 -7.449495047330856323e-02
-2.380950748920440674e-01 -8.377823978662490845e-02 9.676219224929809570e-01 -2.981008291244506836e-01
6.365495324134826660e-01 -7.659294605255126953e-01 9.031534940004348755e-02 2.100372686982154846e-03
0.000000000000000000e+00 0.000000000000000000e+00 0.000000000000000000e+00 1.000000000000000000e+00
6.981476545333862305e-01 7.045974731445312500e-01 1.270134598016738892e-01 -3.142695501446723938e-02
-2.950015962123870850e-01 1.214569061994552612e-01 9.477457404136657715e-01 -2.742614746093750000e-01
6.523526906967163086e-01 -6.991356611251831055e-01 2.926522791385650635e-01 -7.169637084007263184e-02
0.000000000000000000e+00 0.000000000000000000e+00 0.000000000000000000e+00 1.000000000000000000e+00
6.758754849433898926e-01 7.336897850036621094e-01 6.993684917688369751e-02 -9.332283399999141693e-03
-3.731779754161834717e-01 2.588476836681365967e-01 8.909187316894531250e-01 -2.471545487642288208e-01
6.355551481246948242e-01 -6.282491087913513184e-01 4.487458169460296631e-01 -1.161488220095634460e-01
0.000000000000000000e+00 0.000000000000000000e+00 0.000000000000000000e+00 1.000000000000000000e+00
6.604541540145874023e-01 7.504733204841613770e-01 -2.429415658116340637e-02 2.095360308885574341e-02
-4.437536597251892090e-01 4.162167906761169434e-01 7.936286926269531250e-01 -2.053593248128890991e-01
6.057085990905761719e-01 -5.133745670318603516e-01 6.079173088073730469e-01 -1.577398329973220825e-01
0.000000000000000000e+00 0.000000000000000000e+00 0.000000000000000000e+00 1.000000000000000000e+00
6.434583067893981934e-01 7.588717937469482422e-01 -1.003743037581443787e-01 4.412092640995979309e-02
-5.106689333915710449e-01 5.232405662536621094e-01 6.822291016578674316e-01 -1.623531281948089600e-01
5.702441930770874023e-01 -3.877278864383697510e-01 7.242154479026794434e-01 -1.835668385028839111e-01
0.000000000000000000e+00 0.000000000000000000e+00 0.000000000000000000e+00 1.000000000000000000e+00
6.403455138206481934e-01 7.573439478874206543e-01 -1.280131340026855469e-01 5.118998885154724121e-02
-5.704582929611206055e-01 5.805359482765197754e-01 5.809948444366455078e-01 -1.282463967800140381e-01
5.143293142318725586e-01 -2.990113198757171631e-01 8.037768602371215820e-01 -1.999929547309875488e-01
0.000000000000000000e+00 0.000000000000000000e+00 0.000000000000000000e+00 1.000000000000000000e+00
6.266874074935913086e-01 7.710556387901306152e-01 -1.128529235720634460e-01 4.357171803712844849e-02
-6.583370566368103027e-01 6.013390421867370605e-01 4.527505636215209961e-01 -9.309369325637817383e-02
4.169587492942810059e-01 -2.094377279281616211e-01 8.844664096832275391e-01 -2.161479741334915161e-01
0.000000000000000000e+00 0.000000000000000000e+00 0.000000000000000000e+00 1.000000000000000000e+00
6.051988601684570312e-01 7.836551070213317871e-01 -1.400664895772933960e-01 4.687268286943435669e-02
-7.115175127983093262e-01 6.113899946212768555e-01 3.463303744792938232e-01 -6.247973442077636719e-02
3.570389449596405029e-01 -1.099389269948005676e-01 9.275971055030822754e-01 -2.230007499456405640e-01
0.000000000000000000e+00 0.000000000000000000e+00 0.000000000000000000e+00 1.000000000000000000e+00
5.979712605476379395e-01 7.797189950942993164e-01 -1.856577694416046143e-01 5.459423363208770752e-02
-7.487269043922424316e-01 6.260684728622436523e-01 2.178220152854919434e-01 -2.518869750201702118e-02
2.860743701457977295e-01 8.755696937441825867e-03 9.581672549247741699e-01 -2.256642878055572510e-01
0.000000000000000000e+00 0.000000000000000000e+00 0.000000000000000000e+00 1.000000000000000000e+00
5.776456594467163086e-01 7.918539047241210938e-01 -1.982235163450241089e-01 5.644642561674118042e-02
-7.813316583633422852e-01 6.066609025001525879e-01 1.465716361999511719e-01 -5.522709339857101440e-03
2.363178133964538574e-01 7.021188735961914062e-02 9.691357612609863281e-01 -2.264490127563476562e-01
0.000000000000000000e+00 0.000000000000000000e+00 0.000000000000000000e+00 1.000000000000000000e+00
5.532054305076599121e-01 8.107080459594726562e-01 -1.916141062974929810e-01 5.173159763216972351e-02
-8.241206407546997070e-01 5.661827921867370605e-01 1.618310809135437012e-02 2.857713773846626282e-02
1.216083541512489319e-01 1.489606201648712158e-01 9.813369512557983398e-01 -2.269484698772430420e-01
0.000000000000000000e+00 0.000000000000000000e+00 0.000000000000000000e+00 1.000000000000000000e+00
5.326197147369384766e-01 8.258544802665710449e-01 -1.851500123739242554e-01 4.756661877036094666e-02
-8.463339209556579590e-01 5.181777477264404297e-01 -1.233308166265487671e-01 6.536514312028884888e-02
-5.912714172154664993e-03 2.223871797323226929e-01 9.749404788017272949e-01 -2.225378602743148804e-01
0.000000000000000000e+00 0.000000000000000000e+00 0.000000000000000000e+00 1.000000000000000000e+00
5.341608524322509766e-01 8.224664926528930664e-01 -1.955013871192932129e-01 4.703672975301742554e-02
-8.384155631065368652e-01 4.857692420482635498e-01 -2.471584528684616089e-01 9.662397950887680054e-02
-1.083110794425010681e-01 2.959337830543518066e-01 9.490478634834289551e-01 -2.117929756641387939e-01
0.000000000000000000e+00 0.000000000000000000e+00 0.000000000000000000e+00 1.000000000000000000e+00
4.892510771751403809e-01 8.434166312217712402e-01 -2.219946086406707764e-01 5.326660722494125366e-02
-8.411526679992675781e-01 3.890736699104309082e-01 -3.756110966205596924e-01 1.298415809869766235e-01
-2.304244488477706909e-01 3.704994916915893555e-01 8.997969627380371094e-01 -1.933321952819824219e-01
0.000000000000000000e+00 0.000000000000000000e+00 0.000000000000000000e+00 1.000000000000000000e+00
4.643019437789916992e-01 8.497122526168823242e-01 -2.498249709606170654e-01 6.092768907546997070e-02
-8.223579525947570801e-01 3.088651001453399658e-01 -4.778383076190948486e-01 1.560916900634765625e-01
-3.288629949092864990e-01 4.273068308830261230e-01 8.421745300292968750e-01 -1.745595037937164307e-01
0.000000000000000000e+00 0.000000000000000000e+00 0.000000000000000000e+00 1.000000000000000000e+00
4.488777220249176025e-01 8.446704745292663574e-01 -2.916169762611389160e-01 7.489725947380065918e-02
-8.056452870368957520e-01 2.413624972105026245e-01 -5.409987568855285645e-01 1.720042526721954346e-01
-3.865803778171539307e-01 4.777821600437164307e-01 7.888472080230712891e-01 -1.580426245927810669e-01
0.000000000000000000e+00 0.000000000000000000e+00 0.000000000000000000e+00 1.000000000000000000e+00
4.273363649845123291e-01 8.457651734352111816e-01 -3.194757997989654541e-01 8.726358413696289062e-02
-7.883509993553161621e-01 1.756014227867126465e-01 -5.896329283714294434e-01 1.823972910642623901e-01
-4.425905942916870117e-01 5.038306713104248047e-01 7.418007254600524902e-01 -1.406842619180679321e-01
0.000000000000000000e+00 0.000000000000000000e+00 0.000000000000000000e+00 1.000000000000000000e+00
4.046710729598999023e-01 8.516708612442016602e-01 -3.330135047435760498e-01 9.709969907999038696e-02
-7.791026234626770020e-01 1.304305344820022583e-01 -6.131775975227355957e-01 1.848695576190948486e-01
-4.787904024124145508e-01 5.075870156288146973e-01 7.163205742835998535e-01 -1.275740116834640503e-01
0.000000000000000000e+00 0.000000000000000000e+00 0.000000000000000000e+00 1.000000000000000000e+00
3.331502377986907959e-01 8.850883841514587402e-01 -3.250068128108978271e-01 1.032807007431983948e-01
-7.761541604995727539e-01 6.172185763716697693e-02 -6.275150775909423828e-01 1.829301118850708008e-01
-5.353462100028991699e-01 4.613122045993804932e-01 7.075277566909790039e-01 -1.187359541654586792e-01
0.000000000000000000e+00 0.000000000000000000e+00 0.000000000000000000e+00 1.000000000000000000e+00
1.371786743402481079e-01 9.558701515197753906e-01 -2.597965300083160400e-01 9.945531934499740601e-02
-7.853376269340515137e-01 -5.488882213830947876e-02 -6.166296005249023438e-01 1.673667132854461670e-01
-6.036777496337890625e-01 2.886164188385009766e-01 7.431512475013732910e-01 -1.244829520583152771e-01
0.000000000000000000e+00 0.000000000000000000e+00 0.000000000000000000e+00 1.000000000000000000e+00
-5.446032062172889709e-02 9.746201038360595703e-01 -2.171401083469390869e-01 9.194579720497131348e-02
-7.890400886535644531e-01 -1.752737015485763550e-01 -5.888080596923828125e-01 1.511803567409515381e-01
-6.119230985641479492e-01 1.392655521631240845e-01 7.785596847534179688e-01 -1.345268785953521729e-01
0.000000000000000000e+00 0.000000000000000000e+00 0.000000000000000000e+00 1.000000000000000000e+00
-1.481915116310119629e-01 9.515443444252014160e-01 -2.694481909275054932e-01 1.020668521523475647e-01
-7.517249584197998047e-01 -2.854197025299072266e-01 -5.945124030113220215e-01 1.547679603099822998e-01
-6.426109075546264648e-01 1.144491881132125854e-01 7.575966119766235352e-01 -1.267348825931549072e-01
0.000000000000000000e+00 0.000000000000000000e+00 0.000000000000000000e+00 1.000000000000000000e+00
-1.761818677186965942e-01 9.516915082931518555e-01 -2.514818310737609863e-01 1.036880239844322205e-01
-7.101103067398071289e-01 -2.998037040233612061e-01 -6.370721459388732910e-01 1.688216477632522583e-01
-6.816913485527038574e-01 6.633929908275604248e-02 7.286260724067687988e-01 -1.155701279640197754e-01
0.000000000000000000e+00 0.000000000000000000e+00 0.000000000000000000e+00 1.000000000000000000e+00
-2.222598344087600708e-01 9.330997467041015625e-01 -2.827109098434448242e-01 1.185975447297096252e-01
-6.961674094200134277e-01 -3.548902273178100586e-01 -6.240223646163940430e-01 1.628265380859375000e-01
-6.826063990592956543e-01 5.811893939971923828e-02 7.284714579582214355e-01 -1.040968894958496094e-01
0.000000000000000000e+00 0.000000000000000000e+00 0.000000000000000000e+00 1.000000000000000000e+00
2.640793025493621826e-01 8.956369161605834961e-01 -3.579059243202209473e-01 9.285820275545120239e-02
-7.375735044479370117e-01 -5.158116295933723450e-02 -6.732940077781677246e-01 1.827822178602218628e-01
-6.214882135391235352e-01 4.417849481105804443e-01 6.469764709472656250e-01 -9.760048240423202515e-02
0.000000000000000000e+00 0.000000000000000000e+00 0.000000000000000000e+00 1.000000000000000000e+00
5.138242244720458984e-01 8.099622726440429688e-01 -2.827468514442443848e-01 6.026065349578857422e-02
-7.656084299087524414e-01 2.842244207859039307e-01 -5.771136283874511719e-01 1.748266071081161499e-01
-3.870767354965209961e-01 5.130082964897155762e-01 7.661553621292114258e-01 -1.606675237417221069e-01
0.000000000000000000e+00 0.000000000000000000e+00 0.000000000000000000e+00 1.000000000000000000e+00
5.292090177536010742e-01 8.344159722328186035e-01 -1.539082527160644531e-01 2.394871413707733154e-02
-7.689852714538574219e-01 3.950009942054748535e-01 -5.026288628578186035e-01 1.583431214094161987e-01
-3.586076498031616211e-01 3.843488693237304688e-01 8.506917953491210938e-01 -1.918472051620483398e-01
0.000000000000000000e+00 0.000000000000000000e+00 0.000000000000000000e+00 1.000000000000000000e+00
