1.000000000000000000e+00 0.000000000000000000e+00 0.000000000000000000e+00 -4.146692231928954531e-01
0.000000000000000000e+00 -1.000000000000000000e+00 0.000000000000000000e+00 -7.693198940031911737e-02
0.000000000000000000e+00 0.000000000000000000e+00 -1.000000000000000000e+00 -3.421550398492883005e+00
0.000000000000000000e+00 0.000000000000000000e+00 0.000000000000000000e+00 1.000000000000000000e+00
9.894781112670898438e-01 -1.430591046810150146e-01 -2.161183208227157593e-02 -5.259349325529639740e-01
-1.415554434061050415e-01 -9.881194233894348145e-01 5.984942987561225891e-02 2.767492144605693816e-01
-2.991711720824241638e-02 -5.616041272878646851e-02 -9.979734420776367188e-01 -3.426844298869642813e+00
0.000000000000000000e+00 0.000000000000000000e+00 0.000000000000000000e+00 1.000000000000000000e+00
9.697694182395935059e-01 -2.398075759410858154e-01 -4.516148939728736877e-02 -6.099127794854130036e-01
-2.345433831214904785e-01 -9.670773744583129883e-01 9.874539822340011597e-02 5.469654416861225998e-01
-6.735458225011825562e-02 -8.516792207956314087e-02 -9.940873980522155762e-01 -3.400515779226635171e+00
0.000000000000000000e+00 0.000000000000000000e+00 0.000000000000000000e+00 1.000000000000000000e+00
9.374843239784240723e-01 -3.418953716754913330e-01 -6.504208594560623169e-02 -6.667851102136637120e-01
-3.302230536937713623e-01 -9.328625798225402832e-01 1.439445018768310547e-01 8.064043047815152576e-01
-1.098893508315086365e-01 -1.134672760963439941e-01 -9.874459505081176758e-01 -3.351026531610266090e+00
0.000000000000000000e+00 0.000000000000000000e+00 0.000000000000000000e+00 1.000000000000000000e+00
8.925853967666625977e-01 -4.503777623176574707e-01 -2.123825997114181519e-02 -4.502819318243913571e-01
-4.410820603370666504e-01 -8.819886445999145508e-01 1.659591495990753174e-01 9.607312557699747568e-01
-9.347627311944961548e-02 -1.387648880481719971e-01 -9.859038591384887695e-01 -3.352649033828876135e+00
0.000000000000000000e+00 0.000000000000000000e+00 0.000000000000000000e+00 1.000000000000000000e+00
8.274819254875183105e-01 -5.614168643951416016e-01 -9.200183674693107605e-03 -3.386819928671866431e-01
-5.497406721115112305e-01 -8.133894801139831543e-01 1.902172267436981201e-01 1.123723874944178247e+00
-1.142745316028594971e-01 -1.523436009883880615e-01 -9.816989302635192871e-01 -3.335997962621702229e+00
0.000000000000000000e+00 0.000000000000000000e+00 0.000000000000000000e+00 1.000000000000000000e+00
7.488480806350708008e-01 -6.624331474304199219e-01 2.021357975900173187e-02 -1.540721901276408401e-01
-6.551376581192016602e-01 -7.353051304817199707e-01 1.735532432794570923e-01 1.109096191887257277e+00
-1.001043468713760376e-01 -1.432076841592788696e-01 -9.846169948577880859e-01 -3.373766036360525522e+00
0.000000000000000000e+00 0.000000000000000000e+00 0.000000000000000000e+00 1.000000000000000000e+00
6.914346814155578613e-01 -7.212215065956115723e-01 4.192503541707992554e-02 -3.153914464396274930e-02
-7.204641699790954590e-01 -6.840940117835998535e-01 1.137835457921028137e-01 8.860152354229055005e-01
-5.338251590728759766e-02 -1.088794097304344177e-01 -9.926207065582275391e-01 -3.459872404899075438e+00
0.000000000000000000e+00 0.000000000000000000e+00 0.000000000000000000e+00 1.000000000000000000e+00
5.819407105445861816e-01 -8.129655718803405762e-01 2.078249678015708923e-02 -6.811671395072209367e-02
-8.117754459381103516e-01 -5.791808366775512695e-01 7.463384419679641724e-02 7.473012058526035117e-01
-4.863791912794113159e-02 -6.030318886041641235e-02 -9.969943761825561523e-01 -3.544693387677438690e+00
0.000000000000000000e+00 0.000000000000000000e+00 0.000000000000000000e+00 1.000000000000000000e+00
4.973500669002532959e-01 -8.671787977218627930e-01 2.536787092685699463e-02 3.767804233677660153e-03
-8.668533563613891602e-01 -4.955668151378631592e-01 5.457631498575210571e-02 6.749993771166641343e-01
-3.475597500801086426e-02 -4.913374409079551697e-02 -9.981878399848937988e-01 -3.590640154881516999e+00
0.000000000000000000e+00 0.000000000000000000e+00 0.000000000000000000e+00 1.000000000000000000e+00
4.005679190158843994e-01 -9.153671860694885254e-01 4.059927165508270264e-02 1.122186382339329241e-01
-9.161940217018127441e-01 -4.007018208503723145e-01 5.140797700732946396e-03 4.702741188186064236e-01
1.156248245388269424e-02 -3.925605490803718567e-02 -9.991621971130371094e-01 -3.644707705975170242e+00
0.000000000000000000e+00 0.000000000000000000e+00 0.000000000000000000e+00 1.000000000000000000e+00
2.905259728431701660e-01 -9.557687044143676758e-01 4.583163186907768250e-02 1.931952697017799980e-01
-9.558266997337341309e-01 -2.921099066734313965e-01 -3.266416490077972412e-02 3.063718798139091759e-01
4.460726678371429443e-02 -3.431731835007667542e-02 -9.984149336814880371e-01 -3.673684554605979091e+00
0.000000000000000000e+00 0.000000000000000000e+00 0.000000000000000000e+00 1.000000000000000000e+00
1.727648526430130005e-01 -9.834451079368591309e-01 5.466233193874359131e-02 2.836956350137654903e-01
-9.829003810882568359e-01 -1.757271289825439453e-01 -5.501637235283851624e-02 2.024781585391316752e-01
6.371122598648071289e-02 -4.422273114323616028e-02 -9.969881176948547363e-01 -3.684454012183210114e+00
0.000000000000000000e+00 0.000000000000000000e+00 0.000000000000000000e+00 1.000000000000000000e+00
1.043436452746391296e-01 -9.916356801986694336e-01 7.596814632415771484e-02 3.976841069866257072e-01
-9.894677996635437012e-01 -1.112137883901596069e-01 -9.265498816967010498e-02 4.688009451886696738e-02
1.003286764025688171e-01 -6.550007313489913940e-02 -9.927959442138671875e-01 -3.673696274401057060e+00
0.000000000000000000e+00 0.000000000000000000e+00 0.000000000000000000e+00 1.000000000000000000e+00
1.702428795397281647e-02 -9.970610737800598145e-01 7.469599694013595581e-02 4.483705402877217194e-01
-9.974446892738342285e-01 -2.212011069059371948e-02 -6.793326884508132935e-02 1.603234344425372437e-01
6.938590854406356812e-02 -7.334858924150466919e-02 -9.948896765708923340e-01 -3.609172597898584911e+00
0.000000000000000000e+00 0.000000000000000000e+00 0.000000000000000000e+00 1.000000000000000000e+00
-9.239332377910614014e-02 -9.066479206085205078e-01 4.116461873054504395e-01 1.807601565899089602e+00
-9.904076457023620605e-01 4.102078825235366821e-02 -1.319477111101150513e-01 -8.463983094222055081e-02
1.027439683675765991e-01 -4.198886752128601074e-01 -9.017409682273864746e-01 -3.193793760842142060e+00
0.000000000000000000e+00 0.000000000000000000e+00 0.000000000000000000e+00 1.000000000000000000e+00
-1.659101843833923340e-01 -8.812913298606872559e-01 4.424916207790374756e-01 1.946000970676522224e+00
-9.768748283386230469e-01 8.551090210676193237e-02 -1.959662735462188721e-01 -3.469598596987251704e-01
1.348655670881271362e-01 -4.647717475891113281e-01 -8.750989437103271484e-01 -3.103764707950972923e+00
0.000000000000000000e+00 0.000000000000000000e+00 0.000000000000000000e+00 1.000000000000000000e+00
-1.375289261341094971e-01 -8.221323490142822266e-01 5.524346828460693359e-01 2.279151140215926130e+00
-9.904344081878662109e-01 1.204630732536315918e-01 -6.729627400636672974e-02 1.375948739126815756e-01
-1.122152898460626602e-02 -5.564053654670715332e-01 -8.308349847793579102e-01 -2.854236999793266172e+00
0.000000000000000000e+00 0.000000000000000000e+00 0.000000000000000000e+00 1.000000000000000000e+00
-9.006809443235397339e-02 -7.482384443283081055e-01 6.572872996330261230e-01 2.542286392208974011e+00
-9.942492842674255371e-01 2.916587889194488525e-02 -1.030403375625610352e-01 4.133558657547767995e-02
5.792840197682380676e-02 -6.627883911132812500e-01 -7.465626597404479980e-01 -2.655950476266180971e+00
0.000000000000000000e+00 0.000000000000000000e+00 0.000000000000000000e+00 1.000000000000000000e+00
-6.246560439467430115e-02 -5.746423006057739258e-01 8.160173296928405762e-01 3.083454134538786473e+00
-9.856729507446289062e-01 -9.283069521188735962e-02 -1.408242285251617432e-01 -9.121515303083149728e-02
1.566751301288604736e-01 -8.131231069564819336e-01 -5.606105327606201172e-01 -1.975931427648716987e+00
0.000000000000000000e+00 0.000000000000000000e+00 0.000000000000000000e+00 1.000000000000000000e+00
-1.261722743511199951e-01 -4.349593222141265869e-01 8.915667533874511719e-01 3.337906052478509356e+00
-9.846175909042358398e-01 -5.459537729620933533e-02 -1.659756004810333252e-01 -2.245248409293483238e-01
1.208678930997848511e-01 -8.987933397293090820e-01 -4.213800430297851562e-01 -1.418999354489332676e+00
0.000000000000000000e+00 0.000000000000000000e+00 0.000000000000000000e+00 1.000000000000000000e+00
-1.958983540534973145e-01 -3.128974735736846924e-01 9.293648004531860352e-01 3.491377803126121115e+00
-9.743208289146423340e-01 -4.517566412687301636e-02 -2.205842584371566772e-01 -4.320434606792988297e-01
1.110049039125442505e-01 -9.487113952636718750e-01 -2.960127294063568115e-01 -9.600066788490686509e-01
0.000000000000000000e+00 0.000000000000000000e+00 0.000000000000000000e+00 1.000000000000000000e+00
-2.785563170909881592e-01 -1.991969197988510132e-01 9.395354390144348145e-01 3.569520915608940026e+00
-9.581385850906372070e-01 -9.746396914124488831e-03 -2.861383259296417236e-01 -6.864086004304652544e-01
6.615491211414337158e-02 -9.799110889434814453e-01 -1.881435215473175049e-01 -5.416395094851135239e-01
0.000000000000000000e+00 0.000000000000000000e+00 0.000000000000000000e+00 1.000000000000000000e+00
-1.823015362024307251e-01 8.196490406990051270e-01 5.430855154991149902e-01 2.048345804695524297e+00
-9.485396146774291992e-01 -1.157839433290064335e-03 -3.166562020778656006e-01 -7.762402695670280739e-01
-2.589179575443267822e-01 -5.728653669357299805e-01 7.776803970336914062e-01 3.171736757173407195e+00
0.000000000000000000e+00 0.000000000000000000e+00 0.000000000000000000e+00 1.000000000000000000e+00
-1.793806105852127075e-01 8.615770339965820312e-01 4.748772680759429932e-01 1.781647734998726751e+00
-9.670091271400451660e-01 -6.567107886075973511e-02 -2.461307495832443237e-01 -5.201321119103639035e-01
-1.808748543262481689e-01 -5.033619999885559082e-01 8.449326753616333008e-01 3.363433308868033933e+00
0.000000000000000000e+00 0.000000000000000000e+00 0.000000000000000000e+00 1.000000000000000000e+00
-9.823222458362579346e-02 8.316456079483032227e-01 5.465484857559204102e-01 1.969001240867269908e+00
-9.893070459365844727e-01 -2.211507409811019897e-02 -1.441600918769836426e-01 -1.152254288060085285e-01
-1.078032851219177246e-01 -5.548654198646545410e-01 8.249251842498779297e-01 3.240376494647287942e+00
0.000000000000000000e+00 0.000000000000000000e+00 0.000000000000000000e+00 1.000000000000000000e+00
1.710256189107894897e-02 8.485366106033325195e-01 5.288591384887695312e-01 1.786450265731843512e+00
-9.992456436157226562e-01 3.294945508241653442e-02 -2.055262774229049683e-02 3.749531475748448806e-01
-3.486537560820579529e-02 -5.281088948249816895e-01 8.484604954719543457e-01 3.266699499092611703e+00
0.000000000000000000e+00 0.000000000000000000e+00 0.000000000000000000e+00 1.000000000000000000e+00
4.748562350869178772e-02 8.494173288345336914e-01 5.255801677703857422e-01 1.740044013620731800e+00
-9.947766065597534180e-01 -7.380724418908357620e-03 1.018054038286209106e-01 8.282230300434676451e-01
9.035449475049972534e-02 -5.276693105697631836e-01 8.446303606033325195e-01 3.156568584743471462e+00
0.000000000000000000e+00 0.000000000000000000e+00 0.000000000000000000e+00 1.000000000000000000e+00
2.648041024804115295e-02 8.589766025543212891e-01 5.113298296928405762e-01 1.729972400900432028e+00
-9.826775193214416504e-01 -7.148569077253341675e-02 1.709782928228378296e-01 9.849523666730152227e-01
1.834192574024200439e-01 -5.069997310638427734e-01 8.422043919563293457e-01 3.106689136890971703e+00
0.000000000000000000e+00 0.000000000000000000e+00 0.000000000000000000e+00 1.000000000000000000e+00
-4.478216543793678284e-02 8.641789555549621582e-01 5.011863112449645996e-01 1.785228132395093814e+00
-9.947681427001953125e-01 -8.468621969223022461e-02 5.713636055588722229e-02 5.616191064946320921e-01
9.181964397430419922e-02 -4.960060715675354004e-01 8.634510040283203125e-01 3.357968437363075154e+00
0.000000000000000000e+00 0.000000000000000000e+00 0.000000000000000000e+00 1.000000000000000000e+00
-5.084000155329704285e-02 8.721625208854675293e-01 4.865674376487731934e-01 1.711414277744148782e+00
-9.922006726264953613e-01 1.141065452247858047e-02 -1.241253837943077087e-01 -1.049916321108511630e-01
-1.138095930218696594e-01 -4.890832304954528809e-01 8.647804856300354004e-01 3.570771995293549494e+00
0.000000000000000000e+00 0.000000000000000000e+00 0.000000000000000000e+00 1.000000000000000000e+00
1.309041827917098999e-01 8.573207259178161621e-01 4.978604316711425781e-01 1.594728033898001662e+00
-9.849885702133178711e-01 1.694674789905548096e-01 -3.283833339810371399e-02 2.243991950268672264e-01
-1.125242114067077637e-01 -4.860881865024566650e-01 8.666355013847351074e-01 3.599003947537186665e+00
0.000000000000000000e+00 0.000000000000000000e+00 0.000000000000000000e+00 1.000000000000000000e+00
2.261516153812408447e-01 8.015479445457458496e-01 5.535125136375427246e-01 1.639966787599419051e+00
-9.443252086639404297e-01 3.198066949844360352e-01 -7.728793472051620483e-02 4.803300781593655006e-02
-2.389670610427856445e-01 -5.052171349525451660e-01 8.292467594146728516e-01 3.525729375809762978e+00
0.000000000000000000e+00 0.000000000000000000e+00 0.000000000000000000e+00 1.000000000000000000e+00
3.347094655036926270e-01 7.361578345298767090e-01 5.882526040077209473e-01 1.591633490947593765e+00
-9.103430509567260742e-01 4.138537943363189697e-01 6.545315409312024713e-05 3.135217303862397054e-01
-2.434025108814239502e-01 -5.355336070060729980e-01 8.086768984794616699e-01 3.386169366619740995e+00
0.000000000000000000e+00 0.000000000000000000e+00 0.000000000000000000e+00 1.000000000000000000e+00
3.544904291629791260e-01 7.238863110542297363e-01 5.918828845024108887e-01 1.580243745980860259e+00
-9.217491149902343750e-01 3.769491910934448242e-01 9.103621542453765869e-02 6.692397872354762800e-01
-1.572099775075912476e-01 -5.778388977050781250e-01 8.008663654327392578e-01 3.265341036963114618e+00
0.000000000000000000e+00 0.000000000000000000e+00 0.000000000000000000e+00 1.000000000000000000e+00
3.688198029994964600e-01 7.068774700164794922e-01 6.035694479942321777e-01 1.615456904392652326e+00
-9.253966212272644043e-01 3.401991724967956543e-01 1.670484095811843872e-01 9.431914621610313354e-01
-8.725116401910781860e-02 -6.201521158218383789e-01 7.796145677566528320e-01 3.121005555978611845e+00
0.000000000000000000e+00 0.000000000000000000e+00 0.000000000000000000e+00 1.000000000000000000e+00
5.310554504394531250e-01 6.054786443710327148e-01 5.927687287330627441e-01 1.513365941817033544e+00
-8.431847691535949707e-01 4.467858970165252686e-01 2.990343868732452393e-01 1.360978889455956464e+00
-8.378205448389053345e-02 -6.586177349090576172e-01 7.477986216545104980e-01 2.989139936957234234e+00
0.000000000000000000e+00 0.000000000000000000e+00 0.000000000000000000e+00 1.000000000000000000e+00
6.772887706756591797e-01 4.159128367900848389e-01 6.068742275238037109e-01 1.515913790797032368e+00
-7.129980921745300293e-01 5.744648575782775879e-01 4.020244181156158447e-01 1.702711740690955544e+00
-1.814208477735519409e-01 -7.049869894981384277e-01 6.856235861778259277e-01 2.933268916220970635e+00
0.000000000000000000e+00 0.000000000000000000e+00 0.000000000000000000e+00 1.000000000000000000e+00
6.997815370559692383e-01 3.436525762081146240e-01 6.262655258178710938e-01 1.540070184302251732e+00
-6.546219587326049805e-01 6.594369411468505859e-01 3.696115612983703613e-01 1.567319152750772604e+00
-2.859647870063781738e-01 -6.686146259307861328e-01 6.864244341850280762e-01 3.054880059248844315e+00
0.000000000000000000e+00 0.000000000000000000e+00 0.000000000000000000e+00 1.000000000000000000e+00
7.503013610839843750e-01 2.633573114871978760e-01 6.063751578330993652e-01 1.519463337556355764e+00
-5.749380588531494141e-01 7.127071022987365723e-01 4.018636345863342285e-01 1.595191583045395545e+00
-3.263342380523681641e-01 -6.501470208168029785e-01 6.861591339111328125e-01 3.042960338254681041e+00
0.000000000000000000e+00 0.000000000000000000e+00 0.000000000000000000e+00 1.000000000000000000e+00
7.437133789062500000e-01 2.529602348804473877e-01 6.187903285026550293e-01 1.645482674682953173e+00
-5.426364541053771973e-01 7.690506577491760254e-01 3.377988636493682861e-01 1.274716544232911364e+00
-3.904309570789337158e-01 -5.870034694671630859e-01 7.092181444168090820e-01 3.171130774827897181e+00
0.000000000000000000e+00 0.000000000000000000e+00 0.000000000000000000e+00 1.000000000000000000e+00
7.326131463050842285e-01 3.476522266864776611e-01 5.851630568504333496e-01 1.619105897060211907e+00
-5.861471891403198242e-01 7.592611312866210938e-01 2.827599942684173584e-01 1.025553442347083788e+00
-3.459894657135009766e-01 -5.501459836959838867e-01 7.600203752517700195e-01 3.324519108110540966e+00
0.000000000000000000e+00 0.000000000000000000e+00 0.000000000000000000e+00 1.000000000000000000e+00
8.109174966812133789e-01 1.874582618474960327e-01 5.543215870857238770e-01 1.551457516369998624e+00
-5.297327041625976562e-01 6.376051306724548340e-01 5.593237280845642090e-01 2.039769255439420892e+00
-2.485884726047515869e-01 -7.472073435783386230e-01 6.163477897644042969e-01 2.861861928309231917e+00
0.000000000000000000e+00 0.000000000000000000e+00 0.000000000000000000e+00 1.000000000000000000e+00
8.435165286064147949e-01 9.751573204994201660e-02 5.281763672828674316e-01 1.449391889233740072e+00
-4.805622696876525879e-01 5.762097835540771484e-01 6.610908508300781250e-01 2.427341672223519264e+00
-2.398739159107208252e-01 -8.114628195762634277e-01 5.329051017761230469e-01 2.545769748156111234e+00
0.000000000000000000e+00 0.000000000000000000e+00 0.000000000000000000e+00 1.000000000000000000e+00
8.701869249343872070e-01 2.628366649150848389e-02 4.920201897621154785e-01 1.306182973551121895e+00
-4.352099895477294922e-01 5.091836452484130859e-01 7.425116896629333496e-01 2.743573628167939482e+00
-2.310128659009933472e-01 -8.602561950683593750e-01 4.545241296291351318e-01 2.242105721283631059e+00
0.000000000000000000e+00 0.000000000000000000e+00 0.000000000000000000e+00 1.000000000000000000e+00
8.746961355209350586e-01 -1.473031938076019287e-01 4.617449343204498291e-01 1.218062523758410842e+00
-3.671023249626159668e-01 4.206816256046295166e-01 8.296155929565429688e-01 3.071572258370797393e+00
-3.164527714252471924e-01 -8.951693177223205566e-01 3.138932287693023682e-01 1.756871562713807400e+00
0.000000000000000000e+00 0.000000000000000000e+00 0.000000000000000000e+00 1.000000000000000000e+00
9.503250718116760254e-01 2.577536702156066895e-01 1.744866967201232910e-01 2.849918693046746623e-02
-2.517789602279663086e-01 3.069873154163360596e-01 9.178047180175781250e-01 3.340723212237475703e+00
1.830023676156997681e-01 -9.161450266838073730e-01 3.566347062587738037e-01 1.566921949885531795e+00
0.000000000000000000e+00 0.000000000000000000e+00 0.000000000000000000e+00 1.000000000000000000e+00
9.739630222320556641e-01 1.663057357072830200e-01 1.540725380182266235e-01 -4.614528665289880510e-02
-1.900632828474044800e-01 2.285281717777252197e-01 9.548041820526123047e-01 3.446288232304120402e+00
1.235794872045516968e-01 -9.592276215553283691e-01 2.541865110397338867e-01 1.203144422633471100e+00
0.000000000000000000e+00 0.000000000000000000e+00 0.000000000000000000e+00 1.000000000000000000e+00
9.831339120864868164e-01 1.221442446112632751e-01 1.361193507909774780e-01 -1.039022572440089498e-01
-1.500629484653472900e-01 1.133153140544891357e-01 9.821612238883972168e-01 3.524519587949880517e+00
1.045408919453620911e-01 -9.860221743583679199e-01 1.297334432601928711e-01 7.233595379001565018e-01
0.000000000000000000e+00 0.000000000000000000e+00 0.000000000000000000e+00 1.000000000000000000e+00
9.655075669288635254e-01 2.281530499458312988e-01 1.254649460315704346e-01 -1.642608715362761651e-01
-1.422213166952133179e-01 5.848325788974761963e-02 9.881060123443603516e-01 3.526498509818807303e+00
2.181016951799392700e-01 -9.718670845031738281e-01 8.891428261995315552e-02 4.776577396107109519e-01
0.000000000000000000e+00 0.000000000000000000e+00 0.000000000000000000e+00 1.000000000000000000e+00
9.921594262123107910e-01 -7.438180595636367798e-02 1.004370525479316711e-01 -2.339029746454507064e-01
-1.028676778078079224e-01 -2.959137409925460815e-02 9.942550063133239746e-01 3.514725975662830848e+00
-7.098242640495300293e-02 -9.967908263206481934e-01 -3.701082617044448853e-02 1.456838475554393941e-01
0.000000000000000000e+00 0.000000000000000000e+00 0.000000000000000000e+00 1.000000000000000000e+00
9.971024990081787109e-01 -3.940720111131668091e-02 6.506866961717605591e-02 -3.715110778177003747e-01
-6.954775005578994751e-02 -1.256674230098724365e-01 9.896317720413208008e-01 3.449287465744554471e+00
-3.082172758877277374e-02 -9.912891387939453125e-01 -1.280439645051956177e-01 -2.594378313117508550e-01
0.000000000000000000e+00 0.000000000000000000e+00 0.000000000000000000e+00 1.000000000000000000e+00
9.821231365203857422e-01 -1.019899770617485046e-01 1.582151353359222412e-01 -5.355442153352710233e-02
-1.733575463294982910e-01 -1.625152975320816040e-01 9.713580608367919922e-01 3.475045162427286449e+00
-7.335640490055084229e-02 -9.814205765724182129e-01 -1.772906929254531860e-01 -2.903608984127206694e-01
0.000000000000000000e+00 0.000000000000000000e+00 0.000000000000000000e+00 1.000000000000000000e+00
7.883409261703491211e-01 -6.038289070129394531e-01 1.179388836026191711e-01 3.365131871989004292e-02
-2.699755728244781494e-01 -1.672656834125518799e-01 9.482275247573852539e-01 3.502896221330884519e+00
-5.528398752212524414e-01 -7.793667316436767578e-01 -2.948812842369079590e-01 -3.978504639461282189e-01
0.000000000000000000e+00 0.000000000000000000e+00 0.000000000000000000e+00 1.000000000000000000e+00
4.948518872261047363e-01 -8.687332272529602051e-01 -2.060945704579353333e-02 -1.284646425474768872e-01
-3.734175264835357666e-01 -2.340037077665328979e-01 8.976644873619079590e-01 3.493978491375997031e+00
-7.846533656120300293e-01 -4.365150928497314453e-01 -4.401973783969879150e-01 -8.143827098056826141e-01
0.000000000000000000e+00 0.000000000000000000e+00 0.000000000000000000e+00 1.000000000000000000e+00
9.064676761627197266e-01 -3.133400678634643555e-01 2.830792665481567383e-01 5.095596765655757698e-01
-3.841181695461273193e-01 -3.333790302276611328e-01 8.609938621520996094e-01 3.421804890986206882e+00
-1.754113733768463135e-01 -8.891998529434204102e-01 -4.225572049617767334e-01 -1.034333619234536927e+00
0.000000000000000000e+00 0.000000000000000000e+00 0.000000000000000000e+00 1.000000000000000000e+00
8.817643523216247559e-01 -1.883631199598312378e-01 4.324479997158050537e-01 1.034614811949580382e+00
-4.705067276954650879e-01 -4.161441624164581299e-01 7.781046032905578613e-01 3.250685197150070316e+00
3.339437767863273621e-02 -8.895745277404785156e-01 -4.555671513080596924e-01 -1.321297196645580208e+00
0.000000000000000000e+00 0.000000000000000000e+00 0.000000000000000000e+00 1.000000000000000000e+00
8.707941174507141113e-01 -1.685056239366531372e-01 4.618704020977020264e-01 1.150960923213570464e+00
-4.791604280471801758e-01 -5.012620687484741211e-01 7.205144762992858887e-01 3.050641393760976872e+00
1.101072877645492554e-01 -8.487298488616943359e-01 -5.172374248504638672e-01 -1.633609484361114417e+00
0.000000000000000000e+00 0.000000000000000000e+00 0.000000000000000000e+00 1.000000000000000000e+00
8.629164695739746094e-01 -1.618812978267669678e-01 4.787161648273468018e-01 1.216074381168356311e+00
-4.751406908035278320e-01 -5.825035572052001953e-01 6.594931483268737793e-01 2.856613981645224065e+00
1.720941960811614990e-01 -7.965447902679443359e-01 -5.795679688453674316e-01 -1.876608232560739609e+00
0.000000000000000000e+00 0.000000000000000000e+00 0.000000000000000000e+00 1.000000000000000000e+00
8.453802466392517090e-01 -1.187212541699409485e-01 5.208042860031127930e-01 1.342033137295395528e+00
-4.533896148204803467e-01 -6.749958992004394531e-01 5.820807218551635742e-01 2.587893385547811675e+00
2.824353575706481934e-01 -7.282072305679321289e-01 -6.244553327560424805e-01 -2.117237858655307559e+00
0.000000000000000000e+00 0.000000000000000000e+00 0.000000000000000000e+00 1.000000000000000000e+00
8.286300897598266602e-01 -1.306020319461822510e-01 5.443485379219055176e-01 1.446562592821938553e+00
-4.516610503196716309e-01 -7.304567694664001465e-01 5.122828483581542969e-01 2.349738532063931906e+00
3.307180404663085938e-01 -6.703545451164245605e-01 -6.642670631408691406e-01 -2.312838480910370809e+00
0.000000000000000000e+00 0.000000000000000000e+00 0.000000000000000000e+00 1.000000000000000000e+00
8.001281619071960449e-01 -1.689466387033462524e-01 5.755443572998046875e-01 1.600556563750237249e+00
-4.585413932800292969e-01 -7.908578515052795410e-01 4.053186178207397461e-01 1.987471393402564734e+00
3.866965174674987793e-01 -5.882182717323303223e-01 -7.102569341659545898e-01 -2.544060213855901420e+00
0.000000000000000000e+00 0.000000000000000000e+00 0.000000000000000000e+00 1.000000000000000000e+00
7.741324901580810547e-01 -2.283304184675216675e-01 5.904098749160766602e-01 1.701023300607970024e+00
-4.668320417404174805e-01 -8.358420729637145996e-01 2.888531386852264404e-01 1.582069548956158478e+00
4.275351464748382568e-01 -4.992326796054840088e-01 -7.536442875862121582e-01 -2.766980884887566994e+00
0.000000000000000000e+00 0.000000000000000000e+00 0.000000000000000000e+00 1.000000000000000000e+00
7.517764568328857422e-01 -2.844612896442413330e-01 5.949064493179321289e-01 1.759352376011942498e+00
-4.611073136329650879e-01 -8.717012405395507812e-01 1.658819019794464111e-01 1.143685098861211724e+00
4.713938534259796143e-01 -3.990221023559570312e-01 -7.864918708801269531e-01 -2.951609021350663831e+00
0.000000000000000000e+00 0.000000000000000000e+00 0.000000000000000000e+00 1.000000000000000000e+00
7.297000288963317871e-01 -3.648329079151153564e-01 5.783030986785888672e-01 1.733931623437706682e+00
-4.441128671169281006e-01 -8.959574699401855469e-01 -4.851656500250101089e-03 5.247528537520778080e-01
5.199047327041625977e-01 -2.532914578914642334e-01 -8.158072233200073242e-01 -3.124772440628512005e+00
0.000000000000000000e+00 0.000000000000000000e+00 0.000000000000000000e+00 1.000000000000000000e+00
7.182713747024536133e-01 -4.046644568443298340e-01 5.659800171852111816e-01 1.681962088012965539e+00
-3.769535720348358154e-01 -9.100658893585205078e-01 -1.722965389490127563e-01 -1.427683798983754582e-01
5.848014354705810547e-01 -8.959267288446426392e-02 -8.062137365341186523e-01 -3.108460209379038108e+00
0.000000000000000000e+00 0.000000000000000000e+00 0.000000000000000000e+00 1.000000000000000000e+00
7.176264524459838867e-01 -4.241319000720977783e-01 5.523811578750610352e-01 1.613826301727444346e+00
-3.050110936164855957e-01 -9.044554233551025391e-01 -2.982079088687896729e-01 -6.712652033026249576e-01
6.260836124420166016e-01 4.551940038800239563e-02 -7.784259915351867676e-01 -3.033961263765805771e+00
0.000000000000000000e+00 0.000000000000000000e+00 0.000000000000000000e+00 1.000000000000000000e+00
7.077729701995849609e-01 -4.529447555541992188e-01 5.421239733695983887e-01 1.574613763245242160e+00
-2.454642802476882935e-01 -8.772678971290588379e-01 -4.124902188777923584e-01 -1.125328240138152580e+00
6.624233126640319824e-01 1.588772833347320557e-01 -7.320882678031921387e-01 -2.886332692714276948e+00
0.000000000000000000e+00 0.000000000000000000e+00 0.000000000000000000e+00 1.000000000000000000e+00
7.065820097923278809e-01 -4.732039570808410645e-01 5.261363387107849121e-01 1.516206096274275161e+00
-1.647971272468566895e-01 -8.331135511398315430e-01 -5.279806256294250488e-01 -1.625111317847975245e+00
6.881739497184753418e-01 2.863556444644927979e-01 -6.666457653045654297e-01 -2.667710256527513479e+00
0.000000000000000000e+00 0.000000000000000000e+00 0.000000000000000000e+00 1.000000000000000000e+00
6.910114288330078125e-01 -5.011399388313293457e-01 5.209239125251770020e-01 1.505636736963010147e+00
-9.779378026723861694e-02 -7.788472175598144531e-01 -6.195428371429443359e-01 -2.026137887031833174e+00
7.161979079246520996e-01 3.771679997444152832e-01 -5.872007608413696289e-01 -2.397412313892527624e+00
0.000000000000000000e+00 0.000000000000000000e+00 0.000000000000000000e+00 1.000000000000000000e+00
6.955155730247497559e-01 -5.164085030555725098e-01 4.995799660682678223e-01 1.422901533008697594e+00
-3.513794019818305969e-02 -7.189132571220397949e-01 -6.942110061645507812e-01 -2.367369889377170189e+00
7.176512479782104492e-01 4.652803838253021240e-01 -5.181609988212585449e-01 -2.159914285982805993e+00
0.000000000000000000e+00 0.000000000000000000e+00 0.000000000000000000e+00 1.000000000000000000e+00
7.240337729454040527e-01 -5.077481865882873535e-01 4.668689966201782227e-01 1.286707431730120144e+00
1.643457636237144470e-02 -6.639620065689086914e-01 -7.475855350494384766e-01 -2.618738639461708040e+00
6.895685791969299316e-01 5.489499568939208984e-01 -4.723864197731018066e-01 -1.996863498708030926e+00
0.000000000000000000e+00 0.000000000000000000e+00 0.000000000000000000e+00 1.000000000000000000e+00
7.539703249931335449e-01 -4.973961114883422852e-01 4.290985763072967529e-01 1.124517359993876697e+00
6.237836554646492004e-02 -5.960475206375122070e-01 -8.005224466323852539e-01 -2.868570545241662995e+00
6.539400219917297363e-01 6.303367018699645996e-01 -4.183754324913024902e-01 -1.816325398377272693e+00
0.000000000000000000e+00 0.000000000000000000e+00 0.000000000000000000e+00 1.000000000000000000e+00
8.077350258827209473e-01 -4.624566137790679932e-01 3.656473159790039062e-01 8.427984770552582328e-01
1.018917858600616455e-01 -5.013779401779174805e-01 -8.592078685760498047e-01 -3.167212467573238044e+00
5.806738138198852539e-01 7.312687039375305176e-01 -3.578599393367767334e-01 -1.583871191099335052e+00
0.000000000000000000e+00 0.000000000000000000e+00 0.000000000000000000e+00 1.000000000000000000e+00
8.670486211776733398e-01 -4.078142642974853516e-01 2.862063050270080566e-01 5.285544482634829677e-01
1.197051554918289185e-01 -3.871086537837982178e-01 -9.142305254936218262e-01 -3.427239905671451314e+00
4.836292266845703125e-01 8.269426226615905762e-01 -2.868245542049407959e-01 -1.280637521996121020e+00
0.000000000000000000e+00 0.000000000000000000e+00 0.000000000000000000e+00 1.000000000000000000e+00
8.932946920394897461e-01 -3.653387129306793213e-01 2.618256509304046631e-01 4.075745799329973940e-01
1.540242582559585571e-01 -2.984349429607391357e-01 -9.419198036193847656e-01 -3.574320576303077424e+00
4.222576022148132324e-01 8.817390203475952148e-01 -2.103191614151000977e-01 -9.872076338256862149e-01
0.000000000000000000e+00 0.000000000000000000e+00 0.000000000000000000e+00 1.000000000000000000e+00
8.988215923309326172e-01 -3.548971414566040039e-01 2.572318911552429199e-01 3.862575222228634142e-01
1.929371207952499390e-01 -2.066067606210708618e-01 -9.592126607894897461e-01 -3.691200369117940916e+00
3.935676217079162598e-01 9.117903709411621094e-01 -1.172298267483711243e-01 -6.404972735935544614e-01
0.000000000000000000e+00 0.000000000000000000e+00 0.000000000000000000e+00 1.000000000000000000e+00
9.594347476959228516e-01 -1.758181303739547729e-01 2.203934490680694580e-01 1.869699903161642085e-01
2.032448053359985352e-01 -1.104342117905616760e-01 -9.728802442550659180e-01 -3.775322989989590372e+00
1.953890770673751831e-01 9.782090187072753906e-01 -7.022026926279067993e-02 -3.361205366828861063e-01
0.000000000000000000e+00 0.000000000000000000e+00 0.000000000000000000e+00 1.000000000000000000e+00
9.819666147232055664e-01 -4.154986143112182617e-02 1.844320744276046753e-01 1.565493416147008504e-04
1.835295110940933228e-01 -2.461329661309719086e-02 -9.827059507369995117e-01 -3.843863109205306827e+00
4.537081718444824219e-02 9.988331198692321777e-01 -1.654385589063167572e-02 -1.005345366260092244e-02
0.000000000000000000e+00 0.000000000000000000e+00 0.000000000000000000e+00 1.000000000000000000e+00
9.622685909271240234e-01 -2.233608067035675049e-01 1.554008126258850098e-01 -1.050586498552423531e-01
1.746395826339721680e-01 6.900843977928161621e-02 -9.822112917900085449e-01 -3.889201136465033404e+00
2.086635679006576538e-01 9.722900986671447754e-01 1.054123565554618835e-01 3.998560523345062179e-01
0.000000000000000000e+00 0.000000000000000000e+00 0.000000000000000000e+00 1.000000000000000000e+00
9.827140569686889648e-01 -6.581166386604309082e-02 1.730357855558395386e-01 -2.839683921986336027e-02
1.797696202993392944e-01 1.159728616476058960e-01 -9.768483042716979980e-01 -3.896258866001051313e+00
4.422058910131454468e-02 9.910695552825927734e-01 1.257991343736648560e-01 6.545452961245610268e-01
0.000000000000000000e+00 0.000000000000000000e+00 0.000000000000000000e+00 1.000000000000000000e+00
9.889564514160156250e-01 -6.316581368446350098e-02 1.340710967779159546e-01 -1.618880546796453990e-01
1.385600715875625610e-01 7.303996384143829346e-02 -9.876570105552673340e-01 -3.910865867066657842e+00
5.259364470839500427e-02 9.953267574310302734e-01 8.098557591438293457e-02 4.511824640043353152e-01
0.000000000000000000e+00 0.000000000000000000e+00 0.000000000000000000e+00 1.000000000000000000e+00
9.527272582054138184e-01 -2.965794205665588379e-01 6.596608459949493408e-02 -3.802708921514063589e-01
4.993754252791404724e-02 -6.130804494023323059e-02 -9.968686103820800781e-01 -3.863973243459803530e+00
2.996951639652252197e-01 9.530382752418518066e-01 -4.359941557049751282e-02 -2.042372517939272103e-01
0.000000000000000000e+00 0.000000000000000000e+00 0.000000000000000000e+00 1.000000000000000000e+00
8.561747670173645020e-01 -5.127585530281066895e-01 6.358432024717330933e-02 -3.074512811454160888e-01
-4.266640916466712952e-02 -1.928045451641082764e-01 -9.803091287612915039e-01 -3.711974395293628159e+00
5.149213075637817383e-01 8.366029858589172363e-01 -1.869521141052246094e-01 -8.898013146326927414e-01
0.000000000000000000e+00 0.000000000000000000e+00 0.000000000000000000e+00 1.000000000000000000e+00
7.728533744812011719e-01 -6.309961080551147461e-01 6.739246845245361328e-02 -1.949651834916149018e-01
-1.711971759796142578e-01 -3.095816373825073242e-01 -9.353346228599548340e-01 -3.420181831435578079e+00
6.110559105873107910e-01 7.113388776779174805e-01 -3.472858667373657227e-01 -1.551565231266628375e+00
0.000000000000000000e+00 0.000000000000000000e+00 0.000000000000000000e+00 1.000000000000000000e+00
9.467546939849853516e-01 -1.907169222831726074e-01 -2.593882679939270020e-01 -1.456394626894734756e+00
-3.157905638217926025e-01 -3.931849598884582520e-01 -8.635289669036865234e-01 -3.016502796865656588e+00
6.270208209753036499e-02 8.994623422622680664e-01 -4.324762523174285889e-01 -1.563924272226294043e+00
0.000000000000000000e+00 0.000000000000000000e+00 0.000000000000000000e+00 1.000000000000000000e+00
8.846858143806457520e-01 -3.871629238128662109e-01 -2.596840858459472656e-01 -1.364471534473991499e+00
-4.391910433769226074e-01 -5.053661465644836426e-01 -7.427759170532226562e-01 -2.452125379183038412e+00
1.563398689031600952e-01 7.711743712425231934e-01 -6.171287894248962402e-01 -2.270000389350764980e+00
0.000000000000000000e+00 0.000000000000000000e+00 0.000000000000000000e+00 1.000000000000000000e+00
8.055364489555358887e-01 -5.225902795791625977e-01 -2.793036103248596191e-01 -1.318976668780131423e+00
-5.758807063102722168e-01 -5.794485211372375488e-01 -5.767153501510620117e-01 -1.740953391748641943e+00
1.395438462495803833e-01 6.254105567932128906e-01 -7.677165865898132324e-01 -2.766620673538842112e+00
0.000000000000000000e+00 0.000000000000000000e+00 0.000000000000000000e+00 1.000000000000000000e+00
7.339435815811157227e-01 -6.077534556388854980e-01 -3.032523989677429199e-01 -1.286345312284079112e+00
-6.755589842796325684e-01 -6.069665551185607910e-01 -4.185825586318969727e-01 -1.104104811526197771e+00
7.033117860555648804e-02 5.120809078216552734e-01 -8.560527563095092773e-01 -3.017739343878404590e+00
0.000000000000000000e+00 0.000000000000000000e+00 0.000000000000000000e+00 1.000000000000000000e+00
6.612020134925842285e-01 -7.143366336822509766e-01 -2.292054444551467896e-01 -8.928495731875546459e-01
-7.482321858406066895e-01 -6.057699322700500488e-01 -2.705386579036712646e-01 -5.272699410752429428e-01
5.440995469689369202e-02 3.503795862197875977e-01 -9.350258111953735352e-01 -3.239463389362608137e+00
0.000000000000000000e+00 0.000000000000000000e+00 0.000000000000000000e+00 1.000000000000000000e+00
6.847701072692871094e-01 -7.025126218795776367e-01 -1.938186734914779663e-01 -7.706863933415155632e-01
-7.286966443061828613e-01 -6.565723419189453125e-01 -1.947143673896789551e-01 -2.229432718185481166e-01
9.533390402793884277e-03 2.745696902275085449e-01 -9.615198969841003418e-01 -3.271532885094620813e+00
0.000000000000000000e+00 0.000000000000000000e+00 0.000000000000000000e+00 1.000000000000000000e+00
6.886687874794006348e-01 -6.998676061630249023e-01 -1.895267963409423828e-01 -7.631444466838507301e-01
-7.185313105583190918e-01 -6.937667131423950195e-01 -4.899178072810173035e-02 2.985026190999540141e-01
-9.719959646463394165e-02 1.699200868606567383e-01 -9.806525111198425293e-01 -3.222453830305985978e+00
0.000000000000000000e+00 0.000000000000000000e+00 0.000000000000000000e+00 1.000000000000000000e+00
6.705433130264282227e-01 -7.212998270988464355e-01 -1.734874993562698364e-01 -6.874982106899372170e-01
-7.281739115715026855e-01 -6.846424341201782227e-01 3.205023333430290222e-02 5.559721042036616101e-01
-1.418947130441665649e-01 1.048380583524703979e-01 -9.843143820762634277e-01 -3.174137251597139997e+00
0.000000000000000000e+00 0.000000000000000000e+00 0.000000000000000000e+00 1.000000000000000000e+00
6.587839722633361816e-01 -7.361820936203002930e-01 -1.550464481115341187e-01 -6.054720112503693130e-01
-7.335065603256225586e-01 -6.743257641792297363e-01 8.516274392604827881e-02 7.151069287729944213e-01
-1.672471016645431519e-01 5.762377381324768066e-02 -9.842296242713928223e-01 -3.126091951674366598e+00
0.000000000000000000e+00 0.000000000000000000e+00 0.000000000000000000e+00 1.000000000000000000e+00
5.760719180107116699e-01 -8.014160394668579102e-01 -1.608521789312362671e-01 -5.385197088303291801e-01
-7.660546302795410156e-01 -5.979745388031005859e-01 2.357680797576904297e-01 1.213790672469496013e+00
-2.851338386535644531e-01 -1.259777415543794632e-02 -9.584048986434936523e-01 -2.961642544736959426e+00
0.000000000000000000e+00 0.000000000000000000e+00 0.000000000000000000e+00 1.000000000000000000e+00
5.842392444610595703e-01 -7.923528552055358887e-01 -1.756172627210617065e-01 -5.866859984022912977e-01
-6.755199432373046875e-01 -5.947036743164062500e-01 4.358901977539062500e-01 1.853784207996176381e+00
-4.498190581798553467e-01 -1.360311210155487061e-01 -8.826994895935058594e-01 -2.579086717296081410e+00
0.000000000000000000e+00 0.000000000000000000e+00 0.000000000000000000e+00 1.000000000000000000e+00
5.997492671012878418e-01 -7.790755033493041992e-01 -1.825978010892868042e-01 -6.357587624185679909e-01
-6.101726293563842773e-01 -5.928933620452880859e-01 5.255157351493835449e-01 2.128504994473733536e+00
-5.176774859428405762e-01 -2.037614285945892334e-01 -8.309580683708190918e-01 -2.340959784500476371e+00
0.000000000000000000e+00 0.000000000000000000e+00 0.000000000000000000e+00 1.000000000000000000e+00
6.594451665878295898e-01 -7.295902371406555176e-01 -1.811898350715637207e-01 -6.853883890509832044e-01
-4.984050989151000977e-01 -6.047536134719848633e-01 6.211804151535034180e-01 2.399117131026769378e+00
-5.627827048301696777e-01 -3.193285763263702393e-01 -7.624335885047912598e-01 -2.024132704255985793e+00
0.000000000000000000e+00 0.000000000000000000e+00 0.000000000000000000e+00 1.000000000000000000e+00
7.349613904953002930e-01 -6.606226563453674316e-01 -1.530006080865859985e-01 -6.555781854326524494e-01
