0.7214230298995972 0.6915624737739563 -0.03591645509004593 -0.01134645286947489 
-0.6869950890541077 0.7082072496414185 -0.1627267748117447 0.08352673053741455 
-0.08709946274757385 0.1420692652463913 0.9860172271728516 -0.2906869947910309 
0 0 0 1 

0.457793116569519 0.8584083914756775 -0.2314308732748032 0.06478127837181091 
-0.8880994915962219 0.4294453859329224 -0.1638773381710052 0.0866885781288147 
-0.04128677397966385 0.2805555760860443 0.9589493870735168 -0.274858832359314 
0 0 0 1 

0.5359851717948914 0.8168550133705139 -0.2132311463356018 0.0536627434194088 
-0.8400101065635681 0.490802526473999 -0.2312911599874496 0.1049060374498367 
-0.08427703380584717 0.3030849993228912 0.9492295980453491 -0.2682559490203857 
0 0 0 1 

0.5956447720527649 0.7758535742759705 -0.2079865038394928 0.0478033609688282 
-0.7941797375679016 0.5300377607345581 -0.297217845916748 0.1212444603443146 
-0.1203568875789642 0.3422149419784546 0.9318814873695374 -0.259526401758194 
0 0 0 1 

0.6755209565162659 0.7153807878494263 -0.1786099225282669 0.03304016217589378 
-0.7197617292404175 0.5871980786323547 -0.3703258633613586 0.1361609846353531 
-0.1600447148084641 0.3787194490432739 0.9115685224533081 -0.2494701445102692 
0 0 0 1 

0.7379623651504517 0.6546697020530701 -0.1637651473283768 0.0251397117972374 
-0.6474930644035339 0.6185062527656555 -0.4451995193958282 0.1511985063552856 
-0.1901689320802689 0.4345772564411163 0.8803285360336304 -0.2352020293474197 
0 0 0 1 

0.7682476043701172 0.6224609613418579 -0.1494580805301666 0.01872867532074451 
-0.5931705236434937 0.6043984293937683 -0.5318374037742615 0.1708672791719437 
-0.2407159507274628 0.4972369074821472 0.8335533142089844 -0.2142919600009918 
0 0 0 1 

0.7969009876251221 0.5847955346107483 -0.1515349000692368 0.01617942005395889 
-0.5328170657157898 0.5621710419654846 -0.6325103044509888 0.1965130716562271 
-0.2847008109092712 0.58478844165802 0.7595838904380798 -0.1868431866168976 
0 0 0 1 

0.8185850977897644 0.5566421747207642 -0.1416609436273575 0.01155190076678991 
-0.4763160943984985 0.5200210809707642 -0.7090139985084534 0.2165394723415375 
-0.3210004866123199 0.6478636860847473 0.6908192038536072 -0.1624656617641449 
0 0 0 1 

0.8399824500083923 0.5248062014579773 -0.1378686428070068 0.008198355324566364 
-0.4328342974185944 0.4948212206363678 -0.753528892993927 0.2280799895524979 
-0.3272364437580109 0.6926254034042358 0.6427954435348511 -0.1485942453145981 
0 0 0 1 

