0.8971097469329834 0.4416603147983551 -0.0114081958308816 -0.02565193362534046 
-0.4241281449794769 0.8681551814079285 0.2577241659164429 -0.05447256937623024 
0.1237306743860245 -0.2263683080673218 0.9661511778831482 -0.2628958523273468 
0 0 0 1 

0.900445282459259 0.4347712993621826 -0.01311926264315844 -0.0249452255666256 
-0.3991773724555969 0.8379568457603455 0.3721364736557007 -0.09237389266490936 
0.1727877408266068 -0.3298515677452087 0.9280852675437927 -0.2530436813831329 
0 0 0 1 

0.9055917859077454 0.4241137504577637 -0.005561504513025284 -0.02836180292069912 
-0.3749426007270813 0.8065912127494812 0.4569774568080902 -0.1204435378313065 
0.1982964128255844 -0.4117497503757477 0.8894608020782471 -0.2435956448316574 
0 0 0 1 

0.9168957471847534 0.3990957736968994 -0.004967053420841694 -0.03136468678712845 
-0.331131637096405 0.7675828337669373 0.5487878918647766 -0.1510065943002701 
0.222831666469574 -0.5015365481376648 0.8359467387199402 -0.2305223792791367 
0 0 0 1 

0.9097313284873962 0.414826363325119 0.01754742488265038 -0.0391853041946888 
-0.3326286375522614 0.7028718590736389 0.6287519931793213 -0.1749138385057449 
0.2484894394874573 -0.5778321027755737 0.7774077653884888 -0.2163523584604263 
0 0 0 1 

0.9170374274253845 0.3971409499645233 0.03635061904788017 -0.04692624509334564 
-0.2971728146076202 0.6197142601013184 0.7263898849487305 -0.206094965338707 
0.2659522891044617 -0.6769291162490845 0.6863207221031189 -0.1910537332296371 
0 0 0 1 

0.92364102602005 0.3793040812015533 0.05491460859775543 -0.05383166670799255 
-0.2710765898227692 0.5452552437782288 0.7932301163673401 -0.2281452119350433 
0.2709329724311829 -0.7475458979606628 0.6064406037330627 -0.1671843081712723 
0 0 0 1 

0.8264867663383484 0.5589255690574646 0.06724449247121811 -0.07469531893730164 
-0.3460188806056976 0.4101383686065674 0.8438348770141602 -0.2611218988895416 
0.4440614283084869 -0.7206861972808838 0.532372772693634 -0.1838428229093552 
0 0 0 1 

0.7977235913276672 0.6015071272850037 0.04273373261094093 -0.0654158741235733 
-0.425510585308075 0.5112674236297607 0.7466902136802673 -0.2241515815258026 
0.4272911846637726 -0.6138359904289246 0.6637977361679077 -0.226876899600029 
0 0 0 1 

0.7731000781059265 0.6337845325469971 0.02516592107713223 -0.05799107998609543 
-0.5064150094985962 0.5928705334663391 0.6261374354362488 -0.1787030547857285 
0.3819161951541901 -0.4968113005161285 0.7793064117431641 -0.2618589401245117 
0 0 0 1 

