1 0 0 -0.01792658120393753 
0 1 0 0.02243540808558464 
0 0 1 -0.3816788792610168 
0 0 0 1 

0.9882867932319641 0.04905965551733971 -0.1445069909095764 0.04275218024849892 
-0.05207684263586998 0.9984954595565796 -0.0171686913818121 0.02614387683570385 
0.1434472799301147 0.02449309267103672 0.9893547892570496 -0.3783849477767944 
0 0 0 1 

0.9986052513122559 0.03851734101772308 -0.03610879927873611 -0.0001721125299809501 
-0.03833556920289993 0.9992485642433167 0.005713088437914848 0.01759964041411877 
0.03630172461271286 -0.004320826381444931 0.999331533908844 -0.3693810105323792 
0 0 0 1 

0.9931790828704834 0.0453341118991375 -0.1074251234531403 0.02995523810386658 
-0.04147187992930412 0.9984198808670044 0.03791918605566025 0.008992193266749382 
0.1089744120836258 -0.03320541232824326 0.9934898018836975 -0.3666630983352661 
0 0 0 1 

0.6732003092765808 0.720977783203125 -0.1642930209636688 0.02146016806364059 
-0.7261447906494141 0.6025819182395935 -0.3310715556144714 0.1140644401311874 
-0.1396953761577606 0.3421779870986938 0.929192841053009 -0.2462159991264343 
0 0 0 1 

0.689221978187561 0.7162679433822632 -0.1092380359768867 0.003405304392799735 
-0.7136178016662598 0.6449720859527588 -0.2734233438968658 0.09695901721715927 
-0.1253890097141266 0.2664035856723785 0.9556708335876465 -0.2577812969684601 
0 0 0 1 

0.7250837683677673 0.6874016523361206 -0.0416201539337635 -0.02175909839570522 
-0.6797176599502563 0.7046517133712769 -0.2035917341709137 0.07621205598115921 
-0.1106216609477997 0.175911009311676 0.9781708121299744 -0.2692488133907318 
0 0 0 1 

0.7611299753189087 0.6485985517501831 -0.0009469659416936338 -0.03791168332099915 
-0.6418319940567017 0.7529774904251099 -0.1451770663261414 0.05729270726442337 
-0.09344861656427383 0.1111064031720161 0.9894052147865295 -0.2760472893714905 
0 0 0 1 

0.9781295657157898 0.1853412687778473 -0.09439888596534729 0.003512893104925752 
-0.1907800436019897 0.9802436828613281 -0.05220388993620872 0.002399020129814744 
0.0828583687543869 0.06907160580158234 0.994164764881134 -0.235888883471489 
0 0 0 1 

0.984837532043457 0.1654511094093323 -0.05216430127620697 -0.01170781999826431 
-0.1680172681808472 0.9845471382141113 -0.0493687130510807 -0.0006925891502760351 
0.04318994283676147 0.0573846772313118 0.9974173903465271 -0.2593567371368408 
0 0 0 1 

