0.5950493812561035 0.7778142094612122 -0.2022895216941833 0.04627246409654617 
-0.7939531207084656 0.5298561453819275 -0.2981454133987427 0.121738001704216 
-0.1247174739837646 0.3380196690559387 0.9328387975692749 -0.2596408724784851 
0 0 0 1 

0.67474764585495 0.7169963121414185 -0.1750190407037735 0.03216546401381493 
-0.7196933031082153 0.5866416096687317 -0.3713393807411194 0.1365834623575211 
-0.1635756343603134 0.3765203952789307 0.9118527173995972 -0.2494022995233536 
0 0 0 1 

0.7358031272888184 0.6570456624031067 -0.1639654487371445 0.0252678319811821 
-0.6491002440452576 0.6152734756469727 -0.4473335742950439 0.1520488560199738 
-0.1930350512266159 0.4355794787406921 0.8792087435722351 -0.2347523123025894 
0 0 0 1 

0.7645664811134338 0.6275924444198608 -0.1468520611524582 0.0180955994874239 
-0.5960731506347656 0.6017888784408569 -0.5315510630607605 0.1708588451147079 
-0.2452237159013748 0.4939406514167786 0.8341988921165466 -0.2143309712409973 
0 0 0 1 

0.7934600114822388 0.5910231471061707 -0.145302027463913 0.01461474876850843 
-0.5336901545524597 0.5608890652656555 -0.6329121589660645 0.1968706548213959 
-0.2925676107406616 0.5797367095947266 0.7604665160179138 -0.1867177933454514 
0 0 0 1 

0.8157539367675781 0.5614773035049438 -0.1388834118843079 0.01111400406807661 
-0.477764219045639 0.5187661647796631 -0.7089589834213257 0.2167682498693466 
-0.3260164558887482 0.644689679145813 0.6914393901824951 -0.162418007850647 
0 0 0 1 

0.8454940319061279 0.5161992311477661 -0.1366682797670364 0.007285991683602333 
-0.4123212695121765 0.4684789478778839 -0.7813568711280823 0.2355371564626694 
-0.3393096029758453 0.7169838547706604 0.6089361310005188 -0.1391800940036774 
0 0 0 1 

0.8771375417709351 0.4707080721855164 -0.09520292282104492 -0.006683124229311943 
-0.3232991099357605 0.4321832954883575 -0.8418402671813965 0.2499002069234848 
-0.3551160097122192 0.7691886425018311 0.5312637686729431 -0.1187219694256783 
0 0 0 1 

0.9008438587188721 0.4290957450866699 -0.06600881367921829 -0.01522316969931126 
-0.2271491289138794 0.3362808525562286 -0.913957417011261 0.2631261646747589 
-0.3699778318405151 0.8383267521858215 0.4004053175449371 -0.0832374170422554 
0 0 0 1 

0.8958313465118408 0.4424441754817963 -0.0415923148393631 -0.02076449431478977 
-0.1981882303953171 0.3139932751655579 -0.9285094738006592 0.2640968561172485 
-0.3977538645267487 0.8400307297706604 0.3689720928668976 -0.07289355248212814 
0 0 0 1 

