0.5950493812561035 0.7778142690658569 -0.2022895216941833 0.04627248272299767 
-0.7939531803131104 0.5298561453819275 -0.2981454133987427 0.1217380240559578 
-0.1247174739837646 0.3380196690559387 0.9328387975692749 -0.2596409022808075 
0 0 0 1 

0.6747477054595947 0.7169962525367737 -0.1750190109014511 0.03216548636555672 
-0.7196932435035706 0.5866416692733765 -0.3713393807411194 0.1365834921598434 
-0.163575604557991 0.3765203952789307 0.9118527173995972 -0.24940225481987 
0 0 0 1 

0.7358031272888184 0.6570456624031067 -0.1639654487371445 0.02526783384382725 
-0.6491002440452576 0.6152734756469727 -0.4473335742950439 0.1520488858222961 
-0.1930350512266159 0.4355794787406921 0.8792087435722351 -0.2347522675991058 
0 0 0 1 

0.7645664811134338 0.6275924444198608 -0.1468520611524582 0.01809561066329479 
-0.5960731506347656 0.6017888784408569 -0.5315510630607605 0.1708589196205139 
-0.2452237159013748 0.4939406514167786 0.8341988921165466 -0.2143309414386749 
0 0 0 1 

0.7934600114822388 0.5910231471061707 -0.1453020423650742 0.01461479067802429 
-0.5336901545524597 0.5608890652656555 -0.6329121589660645 0.1968706697225571 
-0.292567640542984 0.5797367095947266 0.760466456413269 -0.1867177784442902 
0 0 0 1 

0.8157539367675781 0.5614773035049438 -0.1388834118843079 0.01111401617527008 
-0.477764219045639 0.5187661647796631 -0.7089589834213257 0.2167682647705078 
-0.3260164558887482 0.644689679145813 0.6914393901824951 -0.162418007850647 
0 0 0 1 

0.8454939723014832 0.5161993503570557 -0.1366683542728424 0.007286000065505505 
-0.4123213589191437 0.4684787392616272 -0.7813569903373718 0.2355371713638306 
-0.3393097221851349 0.7169838547706604 0.6089358925819397 -0.1391800791025162 
0 0 0 1 

0.8771375417709351 0.4707080721855164 -0.09520292282104492 -0.006683104205876589 
-0.3232991099357605 0.4321832954883575 -0.8418402671813965 0.249900221824646 
-0.3551160097122192 0.7691886425018311 0.5312637686729431 -0.1187219247221947 
0 0 0 1 

0.9008438587188721 0.4290957450866699 -0.0660088062286377 -0.01522315852344036 
-0.2271491289138794 0.3362808525562286 -0.913957417011261 0.2631261646747589 
-0.3699778318405151 0.8383267521858215 0.4004053175449371 -0.08323737233877182 
0 0 0 1 

0.901303768157959 0.4310415089130402 -0.04306681081652641 -0.02092309854924679 
-0.1949365437030792 0.3147984743118286 -0.9289249777793884 0.2641532123088837 
-0.3868478834629059 0.8456388115882874 0.3677547872066498 -0.07292129844427109 
0 0 0 1 

