0.6356164813041687 0.7429460287094116 0.2098162770271301 -0.07597368210554123 
0.5899314284324646 -0.292119175195694 -0.7527596950531006 0.1564107984304428 
-0.4979684352874756 0.6022436618804932 -0.623962938785553 0.2597976326942444 
0 0 0 1 

0.6059457659721375 0.766700804233551 0.2121308296918869 -0.07671324908733368 
0.664283812046051 -0.340958297252655 -0.6651871800422668 0.124439537525177 
-0.4376718401908875 0.5439824461936951 -0.7159091234207153 0.2805172204971313 
0 0 0 1 

0.5716241598129272 0.7957264184951782 0.2001629173755646 -0.07457352429628372 
0.7246769666671753 -0.3751921653747559 -0.5779911279678345 0.09558988362550735 
-0.3848232924938202 0.4754471480846405 -0.7911134362220764 0.293509840965271 
0 0 0 1 

0.4805998206138611 0.8494217991828918 0.2179596424102783 -0.07377053052186966 
0.7990158796310425 -0.3217285871505737 -0.5080001950263977 0.07579025626182556 
-0.3613825738430023 0.4182980060577393 -0.8333242535591125 0.3015031516551971 
0 0 0 1 

0.3637097477912903 0.9015668630599976 0.2342909723520279 -0.07179499417543411 
0.8576077818870544 -0.2259065955877304 -0.4620334208011627 0.0640433207154274 
-0.3636261820793152 0.3689757883548737 -0.8553552627563477 0.3059162199497223 
0 0 0 1 

0.2689892649650574 0.930845320224762 0.2473290711641312 -0.07005968689918518 
0.9137402772903442 -0.1654469221830368 -0.3710874021053314 0.0344400517642498 
-0.3045051395893097 0.3258130848407745 -0.8950542807579041 0.3132134675979614 
0 0 0 1 

0.1620192527770996 0.954052746295929 0.2520575523376465 -0.06900864839553833 
0.9535055160522461 -0.08558163046836853 -0.2889685928821564 0.00684568053111434 
-0.2541198134422302 0.287156730890274 -0.9235605001449585 0.3194550275802612 
0 0 0 1 

0.04914600029587746 0.9616568088531494 0.2698161900043488 -0.06696770340204239 
0.9769234657287598 0.00993666797876358 -0.2133581638336182 -0.01525611523538828 
-0.2078584134578705 0.2740754783153534 -0.9389768242835999 0.3201985657215118 
0 0 0 1 

-0.02524157427251339 0.9632195830345154 0.2675277292728424 -0.06328172236680984 
0.9939414858818054 0.05281777307391167 -0.09638827294111252 -0.05058445036411285 
-0.1069732829928398 0.2634738981723785 -0.9587169885635376 0.3183637857437134 
0 0 0 1 

-0.0805596187710762 0.9656818509101868 0.2469195276498795 -0.05704996734857559 
0.994533896446228 0.06136605888605118 0.08447758853435516 -0.09877894073724747 
0.06642594933509827 0.2523753046989441 -0.9653469920158386 0.3086787760257721 
0 0 0 1 

