0.6356164813041687 0.7429460287094116 0.2098162770271301 -0.07597368955612183 
0.5899314284324646 -0.292119175195694 -0.7527596950531006 0.1564107835292816 
-0.4979684352874756 0.6022436618804932 -0.623962938785553 0.259797602891922 
0 0 0 1 

0.6059457659721375 0.766700804233551 0.2121308445930481 -0.07671324908733368 
0.664283812046051 -0.340958297252655 -0.6651871800422668 0.1244395151734352 
-0.4376718401908875 0.5439824461936951 -0.7159091234207153 0.2805171310901642 
0 0 0 1 

0.5716241598129272 0.7957264184951782 0.2001629173755646 -0.07457351684570312 
0.7246769666671753 -0.3751921653747559 -0.5779911279678345 0.09558981657028198 
-0.3848232924938202 0.4754471480846405 -0.7911134362220764 0.2935097813606262 
0 0 0 1 

0.4805997610092163 0.8494218587875366 0.21795953810215 -0.07377053797245026 
0.799015998840332 -0.3217285871505737 -0.5080000162124634 0.07579024881124496 
-0.3613824844360352 0.4182978272438049 -0.8333243727684021 0.3015030920505524 
0 0 0 1 

0.3637098073959351 0.9015668034553528 0.2342909425497055 -0.0717950239777565 
0.8576077222824097 -0.2259065955877304 -0.4620334208011627 0.06404340267181396 
-0.3636261522769928 0.3689757883548737 -0.8553552627563477 0.3059161305427551 
0 0 0 1 

0.2689892649650574 0.930845320224762 0.2473290711641312 -0.07005965709686279 
0.9137402772903442 -0.1654469221830368 -0.3710874021053314 0.03444001823663712 
-0.3045051395893097 0.3258130848407745 -0.8950542807579041 0.3132134675979614 
0 0 0 1 

0.1620193421840668 0.9540526866912842 0.2520575225353241 -0.06900870800018311 
0.9535054564476013 -0.08558174967765808 -0.2889686226844788 0.006845748983323574 
-0.2541197836399078 0.2871567606925964 -0.9235605001449585 0.3194549381732941 
0 0 0 1 

0.04914610460400581 0.9616566896438599 0.2698159217834473 -0.06696775555610657 
0.9769233465194702 0.009936787188053131 -0.2133579105138779 -0.01525609567761421 
-0.2078581601381302 0.2740752100944519 -0.9389765858650208 0.3201984763145447 
0 0 0 1 

-0.02524138242006302 0.9632194042205811 0.26752769947052 -0.06328167766332626 
0.9939413070678711 0.05281783640384674 -0.09638829529285431 -0.05058446526527405 
-0.1069732829928398 0.2634738981723785 -0.9587168097496033 0.318363755941391 
0 0 0 1 

-0.08318163454532623 0.9636813998222351 0.2537689507007599 -0.05928042531013489 
0.9943707585334778 0.06349446624517441 0.08482277393341064 -0.09718799591064453 
0.0656292736530304 0.2593961954116821 -0.9635380506515503 0.3084548115730286 
0 0 0 1 

