1.000000000000000000e+00 0.000000000000000000e+00 0.000000000000000000e+00 -3.619798645377159119e-02
0.000000000000000000e+00 1.000000000000000000e+00 0.000000000000000000e+00 -1.327119767665863037e-03
0.000000000000000000e+00 0.000000000000000000e+00 1.000000000000000000e+00 -2.960163652896881104e-01
0.000000000000000000e+00 0.000000000000000000e+00 0.000000000000000000e+00 1.000000000000000000e+00
9.900792241096496582e-01 1.398844569921493530e-01 1.324549783021211624e-02 -4.321822524070739746e-02
-1.389896273612976074e-01 9.888345003128051758e-01 -5.374379456043243408e-02 2.774978242814540863e-02
-2.061552926898002625e-02 5.136963352560997009e-02 9.984671473503112793e-01 -2.969307601451873779e-01
0.000000000000000000e+00 0.000000000000000000e+00 0.000000000000000000e+00 1.000000000000000000e+00
9.713004827499389648e-01 2.350487262010574341e-01 3.643052279949188232e-02 -5.063245445489883423e-02
-2.305541336536407471e-01 9.680345058441162109e-01 -9.876058995723724365e-02 5.244491994380950928e-02
-5.847960337996482849e-02 8.752699941396713257e-02 9.944439530372619629e-01 -2.947303950786590576e-01
0.000000000000000000e+00 0.000000000000000000e+00 0.000000000000000000e+00 1.000000000000000000e+00
9.408509135246276855e-01 3.364176154136657715e-01 4.028453677892684937e-02 -5.064157024025917053e-02
-3.278976976871490479e-01 9.340063333511352539e-01 -1.418279707431793213e-01 7.435042411088943481e-02
-8.533949404954910278e-02 1.202297434210777283e-01 9.890714287757873535e-01 -2.916271686553955078e-01
0.000000000000000000e+00 0.000000000000000000e+00 0.000000000000000000e+00 1.000000000000000000e+00
8.956586122512817383e-01 4.447352588176727295e-01 2.399452263489365578e-03 -3.395428508520126343e-02
-4.380874037742614746e-01 8.831745386123657227e-01 -1.675762534141540527e-01 8.909675478935241699e-02
-7.664625346660614014e-02 1.490399837493896484e-01 9.858560562133789062e-01 -2.908803522586822510e-01
0.000000000000000000e+00 0.000000000000000000e+00 0.000000000000000000e+00 1.000000000000000000e+00
8.294665813446044922e-01 5.585311651229858398e-01 -5.286891479045152664e-03 -2.553757652640342712e-02
-5.493854284286499023e-01 8.141026496887207031e-01 -1.881802678108215332e-01 1.019902005791664124e-01
-1.008005365729331970e-01 1.589937359094619751e-01 9.821202158927917480e-01 -2.893453240394592285e-01
0.000000000000000000e+00 0.000000000000000000e+00 0.000000000000000000e+00 1.000000000000000000e+00
7.533739209175109863e-01 6.559833884239196777e-01 -4.596859961748123169e-02 -5.897509399801492691e-03
-6.530392765998840332e-01 7.381163835525512695e-01 -1.694805622100830078e-01 1.002880334854125977e-01
-7.724636048078536987e-02 1.577015519142150879e-01 9.844608902931213379e-01 -2.925523519515991211e-01
0.000000000000000000e+00 0.000000000000000000e+00 0.000000000000000000e+00 1.000000000000000000e+00
6.938716769218444824e-01 7.159878015518188477e-01 -7.683418691158294678e-02 7.476073224097490311e-03
-7.195350527763366699e-01 6.851495504379272461e-01 -1.133107244968414307e-01 8.204982429742813110e-02
-2.848621271550655365e-02 1.339080035686492920e-01 9.905841946601867676e-01 -2.996284365653991699e-01
0.000000000000000000e+00 0.000000000000000000e+00 0.000000000000000000e+00 1.000000000000000000e+00
5.827566981315612793e-01 8.120521903038024902e-01 -3.106773458421230316e-02 -3.057016758248209953e-03
-8.116964101791381836e-01 5.798020362854003906e-01 -7.055547833442687988e-02 6.845158338546752930e-02
-3.928161785006523132e-02 6.633426994085311890e-02 9.970240592956542969e-01 -3.068599700927734375e-01
0.000000000000000000e+00 0.000000000000000000e+00 0.000000000000000000e+00 1.000000000000000000e+00
4.988506436347961426e-01 8.654642701148986816e-01 -4.603923112154006958e-02 6.238752510398626328e-03
-8.664268255233764648e-01 4.966920912265777588e-01 -5.100385472178459167e-02 6.299427151679992676e-02
-2.127469331026077271e-02 6.533292680978775024e-02 9.976369142532348633e-01 -3.108673989772796631e-01
0.000000000000000000e+00 0.000000000000000000e+00 0.000000000000000000e+00 1.000000000000000000e+00
3.998449742794036865e-01 9.151227474212646484e-01 -5.171409621834754944e-02 1.308817602694034576e-02
-9.163892269134521484e-01 4.002831578254699707e-01 -2.037023892626166344e-03 4.494621977210044861e-02
1.883614808320999146e-02 4.820471256971359253e-02 9.986597895622253418e-01 -3.152946829795837402e-01
0.000000000000000000e+00 0.000000000000000000e+00 0.000000000000000000e+00 1.000000000000000000e+00
2.874053418636322021e-01 9.559252262115478516e-01 -6.004698574542999268e-02 2.059081569314002991e-02
-9.565652012825012207e-01 2.896614074707031250e-01 3.285128995776176453e-02 3.198085725307464600e-02
4.879664257168769836e-02 4.799721762537956238e-02 9.976546168327331543e-01 -3.175923824310302734e-01
0.000000000000000000e+00 0.000000000000000000e+00 0.000000000000000000e+00 1.000000000000000000e+00
1.721260249614715576e-01 9.823144674301147461e-01 -7.369255274534225464e-02 3.034795820713043213e-02
-9.826933741569519043e-01 1.764274686574935913e-01 5.645286291837692261e-02 2.307102456688880920e-02
6.845587491989135742e-02 6.270018219947814941e-02 9.956820011138916016e-01 -3.181541562080383301e-01
0.000000000000000000e+00 0.000000000000000000e+00 0.000000000000000000e+00 1.000000000000000000e+00
9.210168570280075073e-02 9.909732937812805176e-01 -9.740847349166870117e-02 4.104621335864067078e-02
-9.908578991889953613e-01 1.008941456675529480e-01 8.955843746662139893e-02 1.028063241392374039e-02
9.857802093029022217e-02 8.826944977045059204e-02 9.912068843841552734e-01 -3.170451521873474121e-01
0.000000000000000000e+00 0.000000000000000000e+00 0.000000000000000000e+00 1.000000000000000000e+00
1.178142335265874863e-02 9.950473904609680176e-01 -9.869915992021560669e-02 4.624577984213829041e-02
-9.972859025001525879e-01 1.886721514165401459e-02 7.116914540529251099e-02 1.852938160300254822e-02
7.267886400222778320e-02 9.759284555912017822e-02 9.925692677497863770e-01 -3.113233447074890137e-01
0.000000000000000000e+00 0.000000000000000000e+00 0.000000000000000000e+00 1.000000000000000000e+00
-9.135757386684417725e-02 8.994349241256713867e-01 -4.273993372917175293e-01 1.611029207706451416e-01
-9.901794791221618652e-01 -3.643866255879402161e-02 1.349704563617706299e-01 -2.665601437911391258e-03
1.058232262730598450e-01 4.355326890945434570e-01 8.939309120178222656e-01 -2.734438776969909668e-01
0.000000000000000000e+00 0.000000000000000000e+00 0.000000000000000000e+00 1.000000000000000000e+00
-1.653230339288711548e-01 8.779880404472351074e-01 -4.492273628711700439e-01 1.699768900871276855e-01
-9.767819643020629883e-01 -8.283707499504089355e-02 1.975715458393096924e-01 -2.500679902732372284e-02
1.362527161836624146e-01 4.714604616165161133e-01 8.712979555130004883e-01 -2.671489119529724121e-01
0.000000000000000000e+00 0.000000000000000000e+00 0.000000000000000000e+00 1.000000000000000000e+00
-1.352135241031646729e-01 8.172098398208618164e-01 -5.602546334266662598e-01 1.988626271486282349e-01
-9.907313585281372070e-01 -1.189331859350204468e-01 6.562536209821701050e-02 1.796740107238292694e-02
-1.300320867449045181e-02 5.639352798461914062e-01 8.257163763046264648e-01 -2.452699840068817139e-01
0.000000000000000000e+00 0.000000000000000000e+00 0.000000000000000000e+00 1.000000000000000000e+00
-8.860231935977935791e-02 7.379444241523742676e-01 -6.690195798873901367e-01 2.231201231479644775e-01
-9.942671060562133789e-01 -2.516191639006137848e-02 1.039226278662681580e-01 8.742857724428176880e-03
5.985529720783233643e-02 6.743921041488647461e-01 7.359435558319091797e-01 -2.262305915355682373e-01
0.000000000000000000e+00 0.000000000000000000e+00 0.000000000000000000e+00 1.000000000000000000e+00
-6.245373561978340149e-02 5.643797516822814941e-01 -8.231495618820190430e-01 2.680312991142272949e-01
-9.856397509574890137e-01 9.477117657661437988e-02 1.397604346275329590e-01 -2.599471015855669975e-03
1.568888127803802490e-01 8.200575113296508789e-01 5.503561496734619141e-01 -1.682086735963821411e-01
0.000000000000000000e+00 0.000000000000000000e+00 0.000000000000000000e+00 1.000000000000000000e+00
-1.243928372859954834e-01 4.264611601829528809e-01 -8.959114551544189453e-01 2.892493903636932373e-01
-9.843187928199768066e-01 6.077682971954345703e-02 1.655981391668319702e-01 -1.437931321561336517e-02
1.250717043876647949e-01 9.024614691734313965e-01 4.122135937213897705e-01 -1.203100606799125671e-01
0.000000000000000000e+00 0.000000000000000000e+00 0.000000000000000000e+00 1.000000000000000000e+00
-1.933682113885879517e-01 3.289781808853149414e-01 -9.243277907371520996e-01 2.996429800987243652e-01
-9.747074842453002930e-01 4.317354410886764526e-02 2.192735373973846436e-01 -3.175805509090423584e-02
1.120426878333091736e-01 9.433498382568359375e-01 3.123091757297515869e-01 -8.857842534780502319e-02
0.000000000000000000e+00 0.000000000000000000e+00 0.000000000000000000e+00 1.000000000000000000e+00
-2.755284309387207031e-01 2.081017792224884033e-01 -9.384973049163818359e-01 3.075790703296661377e-01
-9.586784243583679199e-01 1.246702205389738083e-02 2.842177748680114746e-01 -5.327245220541954041e-02
7.084647566080093384e-02 9.780277609825134277e-01 1.960678696632385254e-01 -4.942238330841064453e-02
0.000000000000000000e+00 0.000000000000000000e+00 0.000000000000000000e+00 1.000000000000000000e+00
-1.566765606403350830e-01 -8.694985508918762207e-01 -4.684279859066009521e-01 1.509512662887573242e-01
-9.519323706626892090e-01 6.549804937094449997e-03 3.062381744384765625e-01 -5.773082375526428223e-02
-2.632053792476654053e-01 4.938922226428985596e-01 -8.287298679351806641e-01 2.903132736682891846e-01
0.000000000000000000e+00 0.000000000000000000e+00 0.000000000000000000e+00 1.000000000000000000e+00
-1.662543118000030518e-01 -8.798721432685852051e-01 -4.451803863048553467e-01 1.431007087230682373e-01
-9.701664447784423828e-01 6.516461819410324097e-02 2.335180789232254028e-01 -3.542568907141685486e-02
-1.764559149742126465e-01 4.707224667072296143e-01 -8.644556403160095215e-01 2.968135774135589600e-01
0.000000000000000000e+00 0.000000000000000000e+00 0.000000000000000000e+00 1.000000000000000000e+00
-8.234021067619323730e-02 -8.782892227172851562e-01 -4.709856808185577393e-01 1.441883593797683716e-01
-9.907962679862976074e-01 2.119717188179492950e-02 1.336891204118728638e-01 -1.457803300581872463e-03
-1.074342355132102966e-01 4.776589572429656982e-01 -8.719510436058044434e-01 2.945486605167388916e-01
0.000000000000000000e+00 0.000000000000000000e+00 0.000000000000000000e+00 1.000000000000000000e+00
2.135454490780830383e-02 -8.728617429733276367e-01 -4.874994456768035889e-01 1.402505040168762207e-01
-9.995233416557312012e-01 -2.951127476990222931e-02 9.056763723492622375e-03 4.106372967362403870e-02
-2.229210734367370605e-02 4.870738089084625244e-01 -8.730761408805847168e-01 2.891682684421539307e-01
0.000000000000000000e+00 0.000000000000000000e+00 0.000000000000000000e+00 1.000000000000000000e+00
4.970474168658256531e-02 -8.696144223213195801e-01 -4.912225306034088135e-01 1.385442763566970825e-01
-9.935075044631958008e-01 7.342145778238773346e-03 -1.135267168283462524e-01 8.072160184383392334e-02
1.023311465978622437e-01 4.936763048171997070e-01 -8.636040091514587402e-01 2.778055667877197266e-01
0.000000000000000000e+00 0.000000000000000000e+00 0.000000000000000000e+00 1.000000000000000000e+00
2.293334715068340302e-02 -8.771787881851196289e-01 -4.796161055564880371e-01 1.389698833227157593e-01
-9.806997179985046387e-01 7.343707978725433350e-02 -1.812037825584411621e-01 9.369836747646331787e-02
1.941698044538497925e-01 4.745149016380310059e-01 -8.585649728775024414e-01 2.729283869266510010e-01
0.000000000000000000e+00 0.000000000000000000e+00 0.000000000000000000e+00 1.000000000000000000e+00
-4.772971570491790771e-02 -8.770809769630432129e-01 -4.779641032218933105e-01 1.459287106990814209e-01
-9.935801625251770020e-01 9.082604199647903442e-02 -6.744916737079620361e-02 5.725079029798507690e-02
1.025699675083160400e-01 4.716767072677612305e-01 -8.757857084274291992e-01 2.937000989913940430e-01
0.000000000000000000e+00 0.000000000000000000e+00 0.000000000000000000e+00 1.000000000000000000e+00
-4.979436099529266357e-02 -8.680741190910339355e-01 -4.939316511154174805e-01 1.494762003421783447e-01
-9.934450387954711914e-01 -7.902726531028747559e-03 1.140409260988235474e-01 -5.258213495835661888e-04
-1.028994247317314148e-01 4.963719248771667480e-01 -8.619895577430725098e-01 3.076928853988647461e-01
0.000000000000000000e+00 0.000000000000000000e+00 0.000000000000000000e+00 1.000000000000000000e+00
1.214190497994422913e-01 -8.433218002319335938e-01 -5.235128402709960938e-01 1.459682285785675049e-01
-9.875510334968566895e-01 -1.557692438364028931e-01 2.188334800302982330e-02 2.874420769512653351e-02
-1.000019237399101257e-01 5.143386125564575195e-01 -8.517366647720336914e-01 3.066676557064056396e-01
0.000000000000000000e+00 0.000000000000000000e+00 0.000000000000000000e+00 1.000000000000000000e+00
2.188442945480346680e-01 -7.948282361030578613e-01 -5.659991502761840820e-01 1.452099084854125977e-01
-9.491413831710815430e-01 -3.079643547534942627e-01 6.548535823822021484e-02 1.383546832948923111e-02
-2.263572216033935547e-01 5.228822827339172363e-01 -8.218007087707519531e-01 3.025150895118713379e-01
0.000000000000000000e+00 0.000000000000000000e+00 0.000000000000000000e+00 1.000000000000000000e+00
3.306010365486145020e-01 -7.326196432113647461e-01 -5.949550867080688477e-01 1.389331966638565063e-01
-9.140626192092895508e-01 -4.054820835590362549e-01 -8.615894243121147156e-03 3.586177900433540344e-02
-2.349313944578170776e-01 5.466746091842651367e-01 -8.037130236625671387e-01 2.913753390312194824e-01
0.000000000000000000e+00 0.000000000000000000e+00 0.000000000000000000e+00 1.000000000000000000e+00
3.535585701465606689e-01 -7.243216633796691895e-01 -5.919074416160583496e-01 1.356125771999359131e-01
-9.233250617980957031e-01 -3.716301321983337402e-01 -9.675443172454833984e-02 6.484949588775634766e-02
-1.498894095420837402e-01 5.807314515113830566e-01 -8.001774549484252930e-01 2.821019589900970459e-01
0.000000000000000000e+00 0.000000000000000000e+00 0.000000000000000000e+00 1.000000000000000000e+00
3.689022362232208252e-01 -7.183891534805297852e-01 -5.897693634033203125e-01 1.340309977531433105e-01
-9.270775318145751953e-01 -3.298726677894592285e-01 -1.780763119459152222e-01 9.090600162744522095e-02
-6.662075966596603394e-02 6.124547719955444336e-01 -7.876933813095092773e-01 2.711433470249176025e-01
0.000000000000000000e+00 0.000000000000000000e+00 0.000000000000000000e+00 1.000000000000000000e+00
5.280531048774719238e-01 -6.054854393005371094e-01 -5.954386591911315918e-01 1.308441013097763062e-01
-8.457419276237487793e-01 -4.382771551609039307e-01 -3.043573498725891113e-01 1.249001622200012207e-01
-7.668327540159225464e-02 6.643042564392089844e-01 -7.435180544853210449e-01 2.570036649703979492e-01
0.000000000000000000e+00 0.000000000000000000e+00 0.000000000000000000e+00 1.000000000000000000e+00
6.753990650177001953e-01 -4.101159274578094482e-01 -6.128956079483032227e-01 1.319631338119506836e-01
-7.159040570259094238e-01 -5.640710592269897461e-01 -4.114667475223541260e-01 1.561631262302398682e-01
-1.769677102565765381e-01 7.166787385940551758e-01 -6.745766997337341309e-01 2.505227625370025635e-01
0.000000000000000000e+00 0.000000000000000000e+00 0.000000000000000000e+00 1.000000000000000000e+00
6.960827708244323730e-01 -3.312143683433532715e-01 -6.369974613189697266e-01 1.363067328929901123e-01
-6.568412184715270996e-01 -6.520026326179504395e-01 -3.787504732608795166e-01 1.444790661334991455e-01
-2.898765504360198975e-01 6.820479035377502441e-01 -6.714029312133789062e-01 2.603432536125183105e-01
0.000000000000000000e+00 0.000000000000000000e+00 0.000000000000000000e+00 1.000000000000000000e+00
7.451632022857666016e-01 -2.439895570278167725e-01 -6.206453442573547363e-01 1.356375217437744141e-01
-5.748370885848999023e-01 -7.067996263504028320e-01 -4.123056530952453613e-01 1.470060050487518311e-01
-3.380737304687500000e-01 6.640050411224365234e-01 -6.669352054595947266e-01 2.584027051925659180e-01
0.000000000000000000e+00 0.000000000000000000e+00 0.000000000000000000e+00 1.000000000000000000e+00
7.422872185707092285e-01 -2.517710328102111816e-01 -6.209839582443237305e-01 1.420150697231292725e-01
-5.479770898818969727e-01 -7.614448666572570801e-01 -3.462999463081359863e-01 1.186095699667930603e-01
-3.856562376022338867e-01 5.973389744758605957e-01 -7.031753063201904297e-01 2.724501788616180420e-01
0.000000000000000000e+00 0.000000000000000000e+00 0.000000000000000000e+00 1.000000000000000000e+00
7.279925346374511719e-01 -3.420277237892150879e-01 -5.941748619079589844e-01 1.422630548477172852e-01
-5.913490653038024902e-01 -7.517779469490051270e-01 -2.917809188365936279e-01 9.776740521192550659e-02
-3.468904197216033936e-01 5.637791752815246582e-01 -7.495466470718383789e-01 2.847564816474914551e-01
0.000000000000000000e+00 0.000000000000000000e+00 0.000000000000000000e+00 1.000000000000000000e+00
8.081026077270507812e-01 -1.734328269958496094e-01 -5.629307627677917480e-01 1.365808844566345215e-01
-5.307242274284362793e-01 -6.289721727371215820e-01 -5.680897235870361328e-01 1.849962919950485229e-01
-2.555423676967620850e-01 7.578356862068176270e-01 -6.003187894821166992e-01 2.431036233901977539e-01
0.000000000000000000e+00 0.000000000000000000e+00 0.000000000000000000e+00 1.000000000000000000e+00
8.417891263961791992e-01 -9.329482167959213257e-02 -5.316831469535827637e-01 1.255855709314346313e-01
-4.826243817806243896e-01 -5.712626576423645020e-01 -6.638768911361694336e-01 2.168469876050949097e-01
-2.417945414781570435e-01 8.154475092887878418e-01 -5.259090065956115723e-01 2.180759608745574951e-01
0.000000000000000000e+00 0.000000000000000000e+00 0.000000000000000000e+00 1.000000000000000000e+00
8.757995963096618652e-01 -3.765810281038284302e-02 -4.812036454677581787e-01 1.079905480146408081e-01
-4.327088296413421631e-01 -5.029881000518798828e-01 -7.481752038002014160e-01 2.447226196527481079e-01
-2.138648927211761475e-01 8.634725809097290039e-01 -4.568118751049041748e-01 1.938039809465408325e-01
0.000000000000000000e+00 0.000000000000000000e+00 0.000000000000000000e+00 1.000000000000000000e+00
8.938592672348022461e-01 9.495510905981063843e-02 -4.381767809391021729e-01 9.457776695489883423e-02
-3.658203780651092529e-01 -4.105709195137023926e-01 -8.352285027503967285e-01 2.732641398906707764e-01
-2.592118978500366211e-01 9.068708419799804688e-01 -3.322560787200927734e-01 1.548936367034912109e-01
0.000000000000000000e+00 0.000000000000000000e+00 0.000000000000000000e+00 1.000000000000000000e+00
9.603790640830993652e-01 -2.007092982530593872e-01 -1.933585554361343384e-01 8.218132890760898590e-03
-2.472073733806610107e-01 -2.931343615055084229e-01 -9.235588312149047852e-01 2.964445054531097412e-01
1.286868155002593994e-01 9.347662925720214844e-01 -3.311369717121124268e-01 1.307132095098495483e-01
0.000000000000000000e+00 0.000000000000000000e+00 0.000000000000000000e+00 1.000000000000000000e+00
9.807676076889038086e-01 -7.446695119142532349e-02 -1.804147511720657349e-01 5.173476878553628922e-03
-1.925835609436035156e-01 -2.189779728651046753e-01 -9.565353989601135254e-01 3.044808804988861084e-01
3.172343596816062927e-02 9.728838205337524414e-01 -2.291076630353927612e-01 1.008427590131759644e-01
0.000000000000000000e+00 0.000000000000000000e+00 0.000000000000000000e+00 1.000000000000000000e+00
9.880131483078002930e-01 -1.712416857481002808e-02 -1.534171402454376221e-01 -3.058578819036483765e-03
-1.543696373701095581e-01 -1.077837795019149780e-01 -9.821162819862365723e-01 3.106506466865539551e-01
2.820126246660947800e-04 9.940267801284790039e-01 -1.091352254152297974e-01 6.160446256399154663e-02
0.000000000000000000e+00 0.000000000000000000e+00 0.000000000000000000e+00 1.000000000000000000e+00
9.805930256843566895e-01 -1.404771059751510620e-01 -1.367610245943069458e-01 -1.113679446280002594e-02
-1.442802101373672485e-01 -4.476635903120040894e-02 -9.885238409042358398e-01 3.109847307205200195e-01
1.327426582574844360e-01 9.890714287757873535e-01 -6.416567414999008179e-02 3.841753304004669189e-02
0.000000000000000000e+00 0.000000000000000000e+00 0.000000000000000000e+00 1.000000000000000000e+00
9.935297369956970215e-01 -4.094618186354637146e-02 -1.059357374906539917e-01 -2.051887288689613342e-02
-1.043676957488059998e-01 3.870865702629089355e-02 -9.937850832939147949e-01 3.094738423824310303e-01
4.479234293103218079e-02 9.984112977981567383e-01 3.418473899364471436e-02 7.082811091095209122e-03
0.000000000000000000e+00 0.000000000000000000e+00 0.000000000000000000e+00 1.000000000000000000e+00
9.290836453437805176e-01 -3.555350899696350098e-01 -1.019729822874069214e-01 -2.044784650206565857e-02
-5.985203757882118225e-02 1.275492310523986816e-01 -9.900248050689697266e-01 3.035213053226470947e-01
3.649950921535491943e-01 9.259189367294311523e-01 9.722438454627990723e-02 -3.435841947793960571e-02
0.000000000000000000e+00 0.000000000000000000e+00 0.000000000000000000e+00 1.000000000000000000e+00
9.828581213951110840e-01 -4.316260665655136108e-02 -1.792390346527099609e-01 -1.379275927320122719e-03
-1.700748205184936523e-01 1.629961282014846802e-01 -9.718573689460754395e-01 3.060468733310699463e-01
7.116315513849258423e-02 9.856819510459899902e-01 1.528611779212951660e-01 -2.587313205003738403e-02
0.000000000000000000e+00 0.000000000000000000e+00 0.000000000000000000e+00 1.000000000000000000e+00
9.456213116645812988e-01 2.433696389198303223e-01 -2.158049941062927246e-01 1.575899124145507812e-02
-2.619323730468750000e-01 1.763833761215209961e-01 -9.488309025764465332e-01 3.083611726760864258e-01
-1.928523331880569458e-01 9.537609219551086426e-01 2.305382937192916870e-01 -3.190490975975990295e-02
0.000000000000000000e+00 0.000000000000000000e+00 0.000000000000000000e+00 1.000000000000000000e+00
5.122750401496887207e-01 8.587224483489990234e-01 1.302917581051588058e-02 -1.115323789417743683e-02
-3.737277686595916748e-01 2.365569919347763062e-01 -8.968657851219177246e-01 3.075878024101257324e-01
-7.732409834861755371e-01 4.545727372169494629e-01 4.421106874942779541e-01 -7.147369533777236938e-02
0.000000000000000000e+00 0.000000000000000000e+00 0.000000000000000000e+00 1.000000000000000000e+00
9.060636162757873535e-01 3.125495612621307373e-01 -2.852386236190795898e-01 4.374701157212257385e-02
-3.881151080131530762e-01 3.453161716461181641e-01 -8.544722199440002441e-01 3.000437617301940918e-01
-1.685675680637359619e-01 8.849118947982788086e-01 4.341837465763092041e-01 -9.340503811836242676e-02
0.000000000000000000e+00 0.000000000000000000e+00 0.000000000000000000e+00 1.000000000000000000e+00
8.840609192848205566e-01 1.769419163465499878e-01 -4.325827062129974365e-01 8.864515274763107300e-02
-4.653820097446441650e-01 4.185828864574432373e-01 -7.798767685890197754e-01 2.870633304119110107e-01
4.307872429490089417e-02 8.907746672630310059e-01 4.523983299732208252e-01 -1.141671016812324524e-01
0.000000000000000000e+00 0.000000000000000000e+00 0.000000000000000000e+00 1.000000000000000000e+00
8.723312020301818848e-01 1.570357084274291992e-01 -4.630101025104522705e-01 9.884886443614959717e-02
-4.740209877490997314e-01 5.036227703094482422e-01 -7.222658991813659668e-01 2.697024941444396973e-01
1.197607889771461487e-01 8.495315909385681152e-01 5.137641429901123047e-01 -1.407184004783630371e-01
0.000000000000000000e+00 0.000000000000000000e+00 0.000000000000000000e+00 1.000000000000000000e+00
8.612737655639648438e-01 1.458071172237396240e-01 -4.867726862430572510e-01 1.069396585226058960e-01
-4.727288782596588135e-01 5.812631249427795410e-01 -6.623145937919616699e-01 2.531535327434539795e-01
1.863727867603302002e-01 8.005455732345581055e-01 5.695538520812988281e-01 -1.604757606983184814e-01
0.000000000000000000e+00 0.000000000000000000e+00 0.000000000000000000e+00 1.000000000000000000e+00
8.423648476600646973e-01 9.959032386541366577e-02 -5.296257138252258301e-01 1.177817732095718384e-01
-4.454734325408935547e-01 6.817431449890136719e-01 -5.803270339965820312e-01 2.285485118627548218e-01
3.032737076282501221e-01 7.247812151908874512e-01 6.186413168907165527e-01 -1.829453408718109131e-01
0.000000000000000000e+00 0.000000000000000000e+00 0.000000000000000000e+00 1.000000000000000000e+00
8.270731568336486816e-01 1.140023842453956604e-01 -5.504119396209716797e-01 1.260978281497955322e-01
-4.430359899997711182e-01 7.348579168319702148e-01 -5.135195851325988770e-01 2.088854610919952393e-01
3.459321260452270508e-01 6.685706377029418945e-01 6.582887768745422363e-01 -1.993573606014251709e-01
0.000000000000000000e+00 0.000000000000000000e+00 0.000000000000000000e+00 1.000000000000000000e+00
7.935256958007812500e-01 1.539586782455444336e-01 -5.887386798858642578e-01 1.419759988784790039e-01
-4.560235738754272461e-01 7.910466790199279785e-01 -4.077831506729125977e-01 1.778801679611206055e-01
4.029379487037658691e-01 5.920655131340026855e-01 6.979248523712158203e-01 -2.178751677274703979e-01
0.000000000000000000e+00 0.000000000000000000e+00 0.000000000000000000e+00 1.000000000000000000e+00
7.704489827156066895e-01 2.193961441516876221e-01 -5.985596179962158203e-01 1.490703821182250977e-01
-4.644392132759094238e-01 8.363389372825622559e-01 -2.912611961364746094e-01 1.428328305482864380e-01
4.366969168186187744e-01 5.023964643478393555e-01 7.462525367736816406e-01 -2.376199364662170410e-01
0.000000000000000000e+00 0.000000000000000000e+00 0.000000000000000000e+00 1.000000000000000000e+00
7.417939901351928711e-01 2.799475491046905518e-01 -6.094021201133728027e-01 1.562982201576232910e-01
-4.651010334491729736e-01 8.694101572036743164e-01 -1.667531728744506836e-01 1.047278046607971191e-01
4.831383824348449707e-01 4.071301817893981934e-01 7.751272916793823242e-01 -2.524894177913665771e-01
0.000000000000000000e+00 0.000000000000000000e+00 0.000000000000000000e+00 1.000000000000000000e+00
7.250829339027404785e-01 3.564112484455108643e-01 -5.892584323883056641e-01 1.529654115438461304e-01
-4.384714365005493164e-01 8.987357616424560547e-01 4.058707505464553833e-03 5.106643587350845337e-02
5.310344099998474121e-01 2.554301321506500244e-01 8.079343438148498535e-01 -2.685995995998382568e-01
0.000000000000000000e+00 0.000000000000000000e+00 0.000000000000000000e+00 1.000000000000000000e+00
7.117176651954650879e-01 3.955843448638916016e-01 -5.804919004440307617e-01 1.492929458618164062e-01
-3.723477125167846680e-01 9.131683707237243652e-01 1.657712459564208984e-01 -5.444101989269256592e-03
5.956636071205139160e-01 9.816268086433410645e-02 7.972131967544555664e-01 -2.667312026023864746e-01
0.000000000000000000e+00 0.000000000000000000e+00 0.000000000000000000e+00 1.000000000000000000e+00
7.059369087219238281e-01 4.225211441516876221e-01 -5.684445500373840332e-01 1.447303146123886108e-01
-3.009736537933349609e-01 9.054624438285827637e-01 2.992526590824127197e-01 -5.285427346825599670e-02
6.411457657814025879e-01 -4.016654938459396362e-02 7.663671970367431641e-01 -2.593515813350677490e-01
0.000000000000000000e+00 0.000000000000000000e+00 0.000000000000000000e+00 1.000000000000000000e+00
7.014533281326293945e-01 4.528527259826660156e-01 -5.503519177436828613e-01 1.386112719774246216e-01
-2.438848167657852173e-01 8.780873417854309082e-01 4.116828143596649170e-01 -9.191627800464630127e-02
6.696887612342834473e-01 -1.545538604259490967e-01 7.263813614845275879e-01 -2.483745217323303223e-01
0.000000000000000000e+00 0.000000000000000000e+00 0.000000000000000000e+00 1.000000000000000000e+00
6.948679089546203613e-01 4.807313084602355957e-01 -5.348422527313232422e-01 1.338918805122375488e-01
-1.682454198598861694e-01 8.317606449127197266e-01 5.290253758430480957e-01 -1.349909752607345581e-01
6.991796493530273438e-01 -2.776178121566772461e-01 6.588446497917175293e-01 -2.290299087762832642e-01
0.000000000000000000e+00 0.000000000000000000e+00 0.000000000000000000e+00 1.000000000000000000e+00
6.789427399635314941e-01 5.058776736259460449e-01 -5.320941209793090820e-01 1.336444914340972900e-01
-9.299527853727340698e-02 7.781525850296020508e-01 6.211522221565246582e-01 -1.703691184520721436e-01
7.282775044441223145e-01 -3.722444772720336914e-01 5.753650665283203125e-01 -2.048384696245193481e-01
0.000000000000000000e+00 0.000000000000000000e+00 0.000000000000000000e+00 1.000000000000000000e+00
6.888222098350524902e-01 5.217840075492858887e-01 -5.032543540000915527e-01 1.239014267921447754e-01
-3.816146031022071838e-02 7.193480134010314941e-01 6.936007142066955566e-01 -1.988182216882705688e-01
7.239248752593994141e-01 -4.585627615451812744e-01 5.154150128364562988e-01 -1.867007464170455933e-01
0.000000000000000000e+00 0.000000000000000000e+00 0.000000000000000000e+00 1.000000000000000000e+00
7.009599208831787109e-01 5.237636566162109375e-01 -4.840731918811798096e-01 1.172420755028724670e-01
2.162885107100009918e-02 6.628100872039794922e-01 7.484750747680664062e-01 -2.215949892997741699e-01
7.128726243972778320e-01 -5.351208448410034180e-01 4.532748758792877197e-01 -1.684219241142272949e-01
0.000000000000000000e+00 0.000000000000000000e+00 0.000000000000000000e+00 1.000000000000000000e+00
7.499921917915344238e-01 4.994673728942871094e-01 -4.336410164833068848e-01 9.804630279541015625e-02
6.510980427265167236e-02 5.966638922691345215e-01 7.998456358909606934e-01 -2.426550537347793579e-01
6.582342386245727539e-01 -6.281121373176574707e-01 4.149728417396545410e-01 -1.563691943883895874e-01
0.000000000000000000e+00 0.000000000000000000e+00 0.000000000000000000e+00 1.000000000000000000e+00
8.037396669387817383e-01 4.686761498451232910e-01 -3.665315806865692139e-01 7.285963743925094604e-02
1.011465117335319519e-01 4.994418323040008545e-01 8.604221940040588379e-01 -2.689429223537445068e-01
5.863208770751953125e-01 -7.286293506622314453e-01 3.540163934230804443e-01 -1.363590806722640991e-01
0.000000000000000000e+00 0.000000000000000000e+00 0.000000000000000000e+00 1.000000000000000000e+00
8.628558516502380371e-01 4.114807546138763428e-01 -2.935369610786437988e-01 4.745102673768997192e-02
1.245920285582542419e-01 3.896740972995758057e-01 9.124860167503356934e-01 -2.906021475791931152e-01
4.898538887500762939e-01 -8.239161968231201172e-01 2.849654257297515869e-01 -1.106042712926864624e-01
0.000000000000000000e+00 0.000000000000000000e+00 0.000000000000000000e+00 1.000000000000000000e+00
8.689891099929809570e-01 4.083592593669891357e-01 -2.794642448425292969e-01 4.154872894287109375e-02
1.600458472967147827e-01 3.024648129940032959e-01 9.396277070045471191e-01 -3.032686412334442139e-01
4.682338237762451172e-01 -8.612532615661621094e-01 1.974823623895645142e-01 -8.339302241802215576e-02
0.000000000000000000e+00 0.000000000000000000e+00 0.000000000000000000e+00 1.000000000000000000e+00
9.115704894065856934e-01 3.236639499664306641e-01 -2.535372674465179443e-01 3.032530471682548523e-02
1.937291771173477173e-01 2.057783007621765137e-01 9.592310190200805664e-01 -3.138042092323303223e-01
3.626409471035003662e-01 -9.235240221023559570e-01 1.248783245682716370e-01 -5.608943477272987366e-02
0.000000000000000000e+00 0.000000000000000000e+00 0.000000000000000000e+00 1.000000000000000000e+00
9.788382053375244141e-01 3.513643983751535416e-03 -2.046062052249908447e-01 8.415785618126392365e-03
2.029947042465209961e-01 1.097217202186584473e-01 9.730130434036254883e-01 -3.210852146148681641e-01
2.586854621767997742e-02 -9.939560294151306152e-01 1.066865548491477966e-01 -3.099035285413265228e-02
0.000000000000000000e+00 0.000000000000000000e+00 0.000000000000000000e+00 1.000000000000000000e+00
9.775343537330627441e-01 9.094092994928359985e-02 -1.901495903730392456e-01 9.147746604867279530e-04
1.883791089057922363e-01 2.775051444768905640e-02 9.817042946815490723e-01 -3.269888460636138916e-01
9.455388784408569336e-02 -9.954696893692016602e-01 9.995722211897373199e-03 -1.430293312296271324e-03
0.000000000000000000e+00 0.000000000000000000e+00 0.000000000000000000e+00 1.000000000000000000e+00
9.833654761314392090e-01 5.250464752316474915e-02 -1.738823503255844116e-01 -4.754155408591032028e-03
1.772622168064117432e-01 -6.858295947313308716e-02 9.817710518836975098e-01 -3.309229612350463867e-01
3.962217643857002258e-02 -9.962630271911621094e-01 -7.674921303987503052e-02 3.596013039350509644e-02
0.000000000000000000e+00 0.000000000000000000e+00 0.000000000000000000e+00 1.000000000000000000e+00
9.827091097831726074e-01 5.165062844753265381e-02 -1.778064072132110596e-01 -1.874187728390097618e-03
1.826319396495819092e-01 -1.123615428805351257e-01 9.767398238182067871e-01 -3.317728340625762939e-01
3.047060593962669373e-02 -9.923240542411804199e-01 -1.198516935110092163e-01 5.573869124054908752e-02
0.000000000000000000e+00 0.000000000000000000e+00 0.000000000000000000e+00 1.000000000000000000e+00
9.759388566017150879e-01 -1.594088673591613770e-01 -1.487699300050735474e-01 -8.415940217673778534e-03
1.390919238328933716e-01 -7.030291855335235596e-02 9.877808094024658203e-01 -3.328251838684082031e-01
-1.679199784994125366e-01 -9.847061038017272949e-01 -4.643884673714637756e-02 4.087170213460922241e-02
0.000000000000000000e+00 0.000000000000000000e+00 0.000000000000000000e+00 1.000000000000000000e+00
9.511620402336120605e-01 3.004339337348937988e-01 -7.092632353305816650e-02 -3.201900050044059753e-02
5.432090535759925842e-02 6.327926367521286011e-02 9.965162277221679688e-01 -3.288339376449584961e-01
3.038754463195800781e-01 -9.517014622688293457e-01 4.386899992823600769e-02 -1.803883723914623260e-02
0.000000000000000000e+00 0.000000000000000000e+00 0.000000000000000000e+00 1.000000000000000000e+00
8.664638400077819824e-01 4.954853057861328125e-01 -6.111051514744758606e-02 -2.846205607056617737e-02
-4.006685316562652588e-02 1.910280883312225342e-01 9.807665348052978516e-01 -3.158032894134521484e-01
4.976292848587036133e-01 -8.473500609397888184e-01 1.853715926408767700e-01 -7.545670121908187866e-02
0.000000000000000000e+00 0.000000000000000000e+00 0.000000000000000000e+00 1.000000000000000000e+00
7.648845911026000977e-01 6.394690275192260742e-01 -7.765715569257736206e-02 -1.401849370449781418e-02
-1.657052636146545410e-01 3.118209242820739746e-01 9.355794787406921387e-01 -2.907626628875732422e-01
6.224896907806396484e-01 -7.027423977851867676e-01 3.444705009460449219e-01 -1.335507929325103760e-01
0.000000000000000000e+00 0.000000000000000000e+00 0.000000000000000000e+00 1.000000000000000000e+00
9.436817169189453125e-01 2.327774167060852051e-01 2.351154536008834839e-01 -1.183805465698242188e-01
-3.128692805767059326e-01 3.967431783676147461e-01 8.629646897315979004e-01 -2.553152740001678467e-01
1.075982749462127686e-01 -8.879243135452270508e-01 4.472281336784362793e-01 -1.418856531381607056e-01
0.000000000000000000e+00 0.000000000000000000e+00 0.000000000000000000e+00 1.000000000000000000e+00
8.871724605560302734e-01 3.775891959667205811e-01 2.652388215065002441e-01 -1.201118528842926025e-01
-4.366830885410308838e-01 5.012739300727844238e-01 7.470159530639648438e-01 -2.080489695072174072e-01
1.491078585386276245e-01 -7.785569429397583008e-01 6.096029877662658691e-01 -1.942948549985885620e-01
0.000000000000000000e+00 0.000000000000000000e+00 0.000000000000000000e+00 1.000000000000000000e+00
8.079934120178222656e-01 5.119900703430175781e-01 2.915695011615753174e-01 -1.182576790452003479e-01
-5.758354663848876953e-01 5.814367532730102539e-01 5.747561454772949219e-01 -1.445802003145217896e-01
1.247403174638748169e-01 -6.322953104972839355e-01 7.646192908287048340e-01 -2.381587177515029907e-01
0.000000000000000000e+00 0.000000000000000000e+00 0.000000000000000000e+00 1.000000000000000000e+00
7.347165942192077637e-01 5.962045192718505859e-01 3.236224353313446045e-01 -1.180345118045806885e-01
-6.761158108711242676e-01 6.046801209449768066e-01 4.209859073162078857e-01 -9.070779383182525635e-02
5.530585721135139465e-02 -5.281116962432861328e-01 8.473718762397766113e-01 -2.581819593906402588e-01
0.000000000000000000e+00 0.000000000000000000e+00 0.000000000000000000e+00 1.000000000000000000e+00
6.595695018768310547e-01 7.081254124641418457e-01 2.520444393157958984e-01 -8.436574041843414307e-02
-7.504585385322570801e-01 6.015802025794982910e-01 2.737021446228027344e-01 -4.116730019450187683e-02
4.219067469239234924e-02 -3.696744740009307861e-01 9.282030463218688965e-01 -2.783139646053314209e-01
0.000000000000000000e+00 0.000000000000000000e+00 0.000000000000000000e+00 1.000000000000000000e+00
6.869531869888305664e-01 6.947873830795288086e-01 2.129926681518554688e-01 -7.331974059343338013e-02
-7.266859412193298340e-01 6.587059497833251953e-01 1.950220167636871338e-01 -1.365392096340656281e-02
-4.800586961209774017e-03 -2.887497544288635254e-01 9.573925137519836426e-01 -2.818745374679565430e-01
0.000000000000000000e+00 0.000000000000000000e+00 0.000000000000000000e+00 1.000000000000000000e+00
6.878722310066223145e-01 6.952594518661499023e-01 2.084369063377380371e-01 -7.210648059844970703e-02
-7.173113822937011719e-01 6.950361728668212891e-01 4.887933284044265747e-02 3.159772977232933044e-02
-1.108873635530471802e-01 -1.831368952989578247e-01 9.768134355545043945e-01 -2.776998579502105713e-01
0.000000000000000000e+00 0.000000000000000000e+00 0.000000000000000000e+00 1.000000000000000000e+00
6.718775629997253418e-01 7.138969302177429199e-01 1.973109990358352661e-01 -6.695974618196487427e-02
-7.239667177200317383e-01 6.892439126968383789e-01 -2.854415774345397949e-02 5.262191221117973328e-02
-1.563729941844940186e-01 -1.236684247851371765e-01 9.799252748489379883e-01 -2.733224630355834961e-01
0.000000000000000000e+00 0.000000000000000000e+00 0.000000000000000000e+00 1.000000000000000000e+00
6.583658456802368164e-01 7.321822047233581543e-01 1.745383739471435547e-01 -5.858074128627777100e-02
-7.313485741615295410e-01 6.770923137664794922e-01 -8.170247822999954224e-02 6.652124971151351929e-02
-1.779996901750564575e-01 -7.385826855897903442e-02 9.812550544738769531e-01 -2.698690891265869141e-01
0.000000000000000000e+00 0.000000000000000000e+00 0.000000000000000000e+00 1.000000000000000000e+00
5.724273920059204102e-01 7.966157197952270508e-01 1.942424476146697998e-01 -5.657069757580757141e-02
-7.616832852363586426e-01 6.043203473091125488e-01 -2.337424159049987793e-01 1.097821071743965149e-01
-3.035875558853149414e-01 -1.415071077644824982e-02 9.526984691619873047e-01 -2.547658681869506836e-01
0.000000000000000000e+00 0.000000000000000000e+00 0.000000000000000000e+00 1.000000000000000000e+00
5.744262933731079102e-01 7.950835824012756348e-01 1.946169435977935791e-01 -5.618606880307197571e-02
-6.767445802688598633e-01 5.950443744659423828e-01 -4.335189163684844971e-01 1.652399599552154541e-01
-4.604897201061248779e-01 1.173186600208282471e-01 8.798779845237731934e-01 -2.224391251802444458e-01
0.000000000000000000e+00 0.000000000000000000e+00 0.000000000000000000e+00 1.000000000000000000e+00
5.942394733428955078e-01 7.810629606246948242e-01 1.918849200010299683e-01 -5.761101469397544861e-02
-6.118931770324707031e-01 5.938726067543029785e-01 -5.224003791809082031e-01 1.888695657253265381e-01
-5.219829082489013672e-01 1.930177807807922363e-01 8.308296799659729004e-01 -2.026644051074981689e-01
0.000000000000000000e+00 0.000000000000000000e+00 0.000000000000000000e+00 1.000000000000000000e+00
6.565091013908386230e-01 7.312101125717163086e-01 1.852779984474182129e-01 -6.092096120119094849e-02
-5.011550784111022949e-01 6.063874959945678711e-01 -6.173633933067321777e-01 2.121139466762542725e-01
-5.637726783752441406e-01 3.124516308307647705e-01 7.645484209060668945e-01 -1.761457026004791260e-01
0.000000000000000000e+00 0.000000000000000000e+00 0.000000000000000000e+00 1.000000000000000000e+00
7.372155189514160156e-01 6.569425463676452637e-01 1.579227000474929810e-01 -5.887728929519653320e-02
-3.917261958122253418e-01 6.060168147087097168e-01 -6.923106312751770020e-01 2.283694595098495483e-01
