0.6274524927139282 0.7635169625282288 -0.152788981795311 0.05786991119384766 
-0.5657898187637329 0.5818707346916199 0.5842155814170837 -0.1291861981153488 
0.5349621772766113 -0.2801211774349213 0.7970865964889526 -0.1983042657375336 
0 0 0 1 

0.6100561022758484 0.7799123525619507 -0.1398836374282837 0.05108537524938583 
-0.6599931716918945 0.5978531837463379 0.4549505114555359 -0.0936797633767128 
0.4384515583515167 -0.1852230280637741 0.8794613480567932 -0.2150043547153473 
0 0 0 1 

0.8268038630485535 0.5108170509338379 0.2355017513036728 -0.124076135456562 
-0.5440722703933716 0.832524836063385 0.1043436601758003 -0.02673962526023388 
-0.1427604854106903 -0.2144017666578293 0.966256320476532 -0.2717846035957336 
0 0 0 1 

0.843056321144104 0.4887301325798035 0.224496528506279 -0.1248811408877373 
-0.5311772227287292 0.8220563530921936 0.2051192969083786 -0.06092503666877747 
-0.08430071175098419 -0.2921746075153351 0.9526422619819641 -0.2713506519794464 
0 0 0 1 

0.8516730666160583 0.4894197583198547 0.1874057948589325 -0.117116704583168 
-0.5239352583885193 0.8033503293991089 0.2830542027950287 -0.0887165367603302 
-0.01202000491321087 -0.339258223772049 0.9406164288520813 -0.2720766365528107 
0 0 0 1 

0.8618639707565308 0.4886288940906525 0.1357651799917221 -0.1045967414975166 
-0.5018599033355713 0.7832334637641907 0.3669902086257935 -0.1189090684056282 
0.07298624515533447 -0.3844307661056519 0.9202640652656555 -0.2712134122848511 
0 0 0 1 

0.8781473636627197 0.4694008827209473 0.0923030748963356 -0.09444379806518555 
-0.457194447517395 0.7666746377944946 0.4507580399513245 -0.1505772024393082 
0.1408199965953827 -0.4380323886871338 0.8878610134124756 -0.2668186128139496 
0 0 0 1 

0.896246075630188 0.4414771795272827 0.04290373995900154 -0.08172367513179779 
-0.3913556933403015 0.7415350675582886 0.544946014881134 -0.1868905425071716 
0.2087667733430862 -0.5051962733268738 0.8373726010322571 -0.2617487609386444 
0 0 0 1 

0.9302632808685303 0.3665841221809387 0.01504333037883043 -0.07398638874292374 
-0.2979400157928467 0.7308697700500488 0.6140528917312622 -0.2132390737533569 
0.214107409119606 -0.5757128000259399 0.7891213893890381 -0.2568256258964539 
0 0 0 1 

0.9467440843582153 0.3210806846618652 -0.02414998784661293 -0.06302786618471146 
-0.2227140665054321 0.707171618938446 0.6710492372512817 -0.2337203323841095 
0.2325390577316284 -0.6299333572387695 0.7410191297531128 -0.2507874071598053 
0 0 0 1 

