0.5333594679832458 0.8182713389396667 -0.2143817394971848 0.05408960580825806 
-0.8415140509605408 0.4875358641147614 -0.2327288389205933 0.1061125174164772 
-0.08591660112142563 0.3045333921909332 0.9486188292503357 -0.268098920583725 
0 0 0 1 

0.5933783650398254 0.7788185477256775 -0.2033312916755676 0.04657116904854774 
-0.7953401207923889 0.5284340977668762 -0.2969700694084167 0.1216937750577927 
-0.1238386929035187 0.3379331827163696 0.9329872131347656 -0.2597866654396057 
0 0 0 1 

0.6725658774375916 0.7178951501846313 -0.1796708554029465 0.03338102251291275 
-0.7220766544342041 0.5834435820579529 -0.3717508316040039 0.1372601389884949 
-0.1620503664016724 0.3797630369663239 0.9107797145843506 -0.2492142617702484 
0 0 0 1 

0.7359833121299744 0.6576151251792908 -0.1608438044786453 0.02438938617706299 
-0.648835301399231 0.6173542737960815 -0.4448440074920654 0.1516732722520828 
-0.1932386308908463 0.4317588806152344 0.8810465335845947 -0.2352840453386307 
0 0 0 1 

0.765586256980896 0.6263651847839355 -0.1467787772417068 0.01783821545541286 
-0.5948151350021362 0.6022573113441467 -0.5324290990829468 0.1715501397848129 
-0.2450966536998749 0.4949266314506531 0.8336516618728638 -0.2142273038625717 
0 0 0 1 

0.794056236743927 0.5892113447189331 -0.1493470519781113 0.01563466340303421 
-0.5334343910217285 0.5576959848403931 -0.6359423995018005 0.198139414191246 
-0.291414350271225 0.5846409201622009 0.7571476697921753 -0.1860251128673553 
0 0 0 1 

0.8380593657493591 0.5396923422813416 -0.07992925494909286 -0.01433859020471573 
-0.4458240568637848 0.5929906368255615 -0.6705243587493896 0.2169431149959564 
-0.314479649066925 0.5975735783576965 0.7375692129135132 -0.1798524707555771 
0 0 0 1 

0.8409236669540405 0.5373649001121521 -0.06392317265272141 -0.02009963989257812 
-0.4609307050704956 0.6493573188781738 -0.6048780679702759 0.1979642361402512 
-0.2835314869880676 0.5381203889846802 0.7937480807304382 -0.1977629214525223 
0 0 0 1 

0.8615942001342773 0.5038187503814697 -0.0618228018283844 -0.02105738408863544 
-0.4549466669559479 0.7124595642089844 -0.5342514514923096 0.176528662443161 
-0.2251197844743729 0.4884340465068817 0.8430617451667786 -0.2138703763484955 
0 0 0 1 

0.8681571483612061 0.4926226139068604 -0.06021570041775703 -0.0212539155036211 
-0.459768533706665 0.7526471018791199 -0.4713118970394135 0.1585799604654312 
-0.1868579536676407 0.436858057975769 0.8799085021018982 -0.2255461066961288 
0 0 0 1 

