-0.8819679617881775 -0.4699208438396454 -0.03615273162722588 0.05375247821211815 
-0.4659851491451263 0.880932629108429 -0.08255662769079208 0.05528387427330017 
0.07064320147037506 -0.05596566200256348 -0.9959304332733154 0.3082784712314606 
0 0 0 1 

-0.9218108057975769 -0.3854148089885712 -0.04147076234221458 0.05665869265794754 
-0.3828216791152954 0.9219441413879395 -0.05887746438384056 0.04716461524367332 
0.06092597916722298 -0.03839798271656036 -0.9974032044410706 0.3084351420402527 
0 0 0 1 

-0.9577213525772095 -0.2868528068065643 -0.02204303070902824 0.05198239162564278 
-0.2846505343914032 0.9559124708175659 -0.07214843481779099 0.04995569959282875 
0.0417671836912632 -0.06282351911067963 -0.9971504807472229 0.3082062602043152 
0 0 0 1 

-0.9940145611763 -0.1074028834700584 -0.01999101415276527 0.05522500351071358 
-0.1059900224208832 0.9924440383911133 -0.06181393936276436 0.03945611789822578 
0.0264789592474699 -0.05932510644197464 -0.9978874325752258 0.3092201948165894 
0 0 0 1 

-0.9024205803871155 -0.4031461179256439 -0.1520201712846756 0.09301892668008804 
-0.4044203460216522 0.9142624735832214 -0.02383955009281635 0.03208969905972481 
0.1485971659421921 0.03996674343943596 -0.9880896806716919 0.3093840777873993 
0 0 0 1 

-0.8736104369163513 -0.4300605058670044 -0.2277112752199173 0.117011159658432 
-0.4471182823181152 0.8940733671188354 0.02679543010890484 0.02022808976471424 
0.1920669376850128 0.1252226531505585 -0.9733597636222839 0.3039053678512573 
0 0 0 1 

-0.8601715564727783 -0.3378161191940308 -0.382079541683197 0.1686342656612396 
-0.391527533531189 0.9174808263778687 0.07025002688169479 0.003309469204396009 
0.3268190622329712 0.2100217640399933 -0.9214553236961365 0.2822947800159454 
0 0 0 1 

-0.788435697555542 -0.3303340971469879 -0.5188916325569153 0.2119881808757782 
-0.4076540172100067 0.9123194813728333 0.03861837461590767 0.01614494062960148 
0.4606379866600037 0.2419763952493668 -0.8539671897888184 0.2551569044589996 
0 0 0 1 

-0.7092978358268738 -0.3271992802619934 -0.6243694424629211 0.2438957393169403 
-0.4625592827796936 0.8844177722930908 0.06200090050697327 0.01072031538933516 
0.5319167971611023 0.3327849805355072 -0.7786645889282227 0.2288103848695755 
0 0 0 1 

-0.6807754039764404 -0.3025816679000854 -0.6670753359794617 0.2574726045131683 
-0.5056529641151428 0.8530213832855225 0.129112184047699 -0.01039403863251209 
0.529962420463562 0.4252049922943115 -0.733717143535614 0.2144603878259659 
0 0 0 1 

