0.1216103956103325 -0.8400532007217407 -0.5286977887153625 0.1476207077503204 
-0.9873751997947693 -0.156848356127739 0.02210345305502415 0.02857236936688423 
-0.1014935225248337 0.519335150718689 -0.8485221266746521 0.3058821856975555 
0 0 0 1 

0.7497949004173279 0.6407085061073303 0.1652279794216156 -0.06872174888849258 
0.3656860589981079 -0.1931508630514145 -0.9104759097099304 0.2200413346290588 
-0.5514357089996338 0.7430917620658875 -0.3791217505931854 0.1919605135917664 
0 0 0 1 

0.7023666501045227 0.6694558262825012 0.2418884187936783 -0.0911015197634697 
0.526275634765625 -0.2595771551132202 -0.8097243309020996 0.1784111559391022 
-0.4792859852313995 0.6960233449935913 -0.5346364974975586 0.2352688610553741 
0 0 0 1 

0.6628125905990601 0.7046157717704773 0.2533693313598633 -0.09245453774929047 
0.5945131182670593 -0.2894938886165619 -0.750164806842804 0.1553162038326263 
-0.4552291035652161 0.6478500962257385 -0.610783576965332 0.2546415030956268 
0 0 0 1 

0.6284634470939636 0.735953688621521 0.2518052160739899 -0.09160100668668747 
0.6646897792816162 -0.3399832844734192 -0.6652809381484985 0.1242651268839836 
-0.4040063619613647 0.5854771137237549 -0.702847957611084 0.2757819890975952 
0 0 0 1 

0.5879809260368347 0.773156464099884 0.2377128303050995 -0.08765687048435211 
0.7254998683929443 -0.3741377294063568 -0.5776423215866089 0.09576205164194107 
-0.3576706051826477 0.5121033191680908 -0.7809106707572937 0.2895327210426331 
0 0 0 1 

0.4925972819328308 0.8295628428459167 0.263008177280426 -0.08860651403665543 
0.8034599423408508 -0.3174040615558624 -0.5036929845809937 0.07410146296024323 
-0.3343650996685028 0.4594343304634094 -0.8228728771209717 0.297592431306839 
0 0 0 1 

0.3765982091426849 0.8845692276954651 0.275156170129776 -0.08553688228130341 
0.8596837520599365 -0.2230530083179474 -0.4595552086830139 0.06313463300466537 
-0.3451339900493622 0.4096149802207947 -0.8444513082504272 0.302375465631485 
0 0 0 1 

0.2779082059860229 0.9163206815719604 0.2883112132549286 -0.08365381509065628 
0.9147565364837646 -0.1608231216669083 -0.3706161081790924 0.03412251546978951 
-0.2932361364364624 0.3667317926883698 -0.8829045295715332 0.3097377717494965 
0 0 0 1 

0.2334460616111755 0.9299245476722717 0.2841537594795227 -0.08346794545650482 
0.9348807334899902 -0.1342873424291611 -0.3285803198814392 0.02470200508832932 
-0.2673966884613037 0.3423556387424469 -0.9007174968719482 0.3128645420074463 
0 0 0 1 

