1.000000000000000000e+00 0.000000000000000000e+00 0.000000000000000000e+00 -4.542167112231254578e-02
0.000000000000000000e+00 1.000000000000000000e+00 0.000000000000000000e+00 9.935460984706878662e-04
0.000000000000000000e+00 0.000000000000000000e+00 1.000000000000000000e+00 -2.875000238418579102e-01
0.000000000000000000e+00 0.000000000000000000e+00 0.000000000000000000e+00 1.000000000000000000e+00
9.964493513107299805e-01 8.226273953914642334e-02 1.793173514306545258e-02 -4.918357357382774353e-02
-8.198065310716629028e-02 9.965065121650695801e-01 -1.593767292797565460e-02 9.460595436394214630e-03
-1.918013766407966614e-02 1.441106107085943222e-02 9.997124075889587402e-01 -2.931841015815734863e-01
0.000000000000000000e+00 0.000000000000000000e+00 0.000000000000000000e+00 1.000000000000000000e+00
9.852330088615417480e-01 1.667834222316741943e-01 3.872875869274139404e-02 -5.350882560014724731e-02
-1.646709293127059937e-01 9.849493503570556641e-01 -5.251827090978622437e-02 2.570777013897895813e-02
-4.690504819154739380e-02 4.536516591906547546e-02 9.978685379028320312e-01 -2.922261655330657959e-01
0.000000000000000000e+00 0.000000000000000000e+00 0.000000000000000000e+00 1.000000000000000000e+00
9.652140140533447266e-01 2.581167817115783691e-01 4.168398678302764893e-02 -5.227440223097801208e-02
-2.545849382877349854e-01 9.641314148902893066e-01 -7.507790625095367432e-02 3.783042356371879578e-02
-5.956777557730674744e-02 6.185416132211685181e-02 9.963064193725585938e-01 -2.917952239513397217e-01
0.000000000000000000e+00 0.000000000000000000e+00 0.000000000000000000e+00 1.000000000000000000e+00
9.368845820426940918e-01 3.450334370136260986e-01 5.655408278107643127e-02 -5.394642427563667297e-02
-3.365791738033294678e-01 9.338103532791137695e-01 -1.212960258126258850e-01 5.664000660181045532e-02
-9.466204047203063965e-02 9.460544586181640625e-02 9.910040497779846191e-01 -2.890891432762145996e-01
0.000000000000000000e+00 0.000000000000000000e+00 0.000000000000000000e+00 1.000000000000000000e+00
8.900762200355529785e-01 4.547461271286010742e-01 3.114418685436248779e-02 -4.297362267971038818e-02
-4.469210505485534668e-01 8.841056227684020996e-01 -1.364505887031555176e-01 6.547126919031143188e-02
-8.958513289690017700e-02 1.075324192643165588e-01 9.901570677757263184e-01 -2.900469005107879639e-01
0.000000000000000000e+00 0.000000000000000000e+00 0.000000000000000000e+00 1.000000000000000000e+00
8.472184538841247559e-01 5.308256745338439941e-01 2.110655792057514191e-02 -3.698895871639251709e-02
-5.202653408050537109e-01 8.370891809463500977e-01 -1.691303849220275879e-01 7.916080206632614136e-02
-1.074468418955802917e-01 1.323093175888061523e-01 9.853678345680236816e-01 -2.883701920509338379e-01
0.000000000000000000e+00 0.000000000000000000e+00 0.000000000000000000e+00 1.000000000000000000e+00
7.922488451004028320e-01 6.101877093315124512e-01 3.574542934074997902e-03 -2.862859144806861877e-02
-6.010439395904541016e-01 7.813605666160583496e-01 -1.679917573928833008e-01 8.261767774820327759e-02
-1.052995324134826660e-01 1.309427767992019653e-01 9.857820868492126465e-01 -2.895963191986083984e-01
0.000000000000000000e+00 0.000000000000000000e+00 0.000000000000000000e+00 1.000000000000000000e+00
7.196028828620910645e-01 6.941044330596923828e-01 -1.976336911320686340e-02 -1.597626693546772003e-02
-6.873385310173034668e-01 7.079662680625915527e-01 -1.623249948024749756e-01 8.382308483123779297e-02
-9.867875277996063232e-02 1.303936392068862915e-01 9.865393042564392090e-01 -2.905617356300354004e-01
0.000000000000000000e+00 0.000000000000000000e+00 0.000000000000000000e+00 1.000000000000000000e+00
6.455768942832946777e-01 7.634340524673461914e-01 -1.995378360152244568e-02 -1.089578960090875626e-02
-7.580237388610839844e-01 6.373859643936157227e-01 -1.383419930934906006e-01 7.896292954683303833e-02
-9.289678186178207397e-02 1.044358611106872559e-01 9.901835918426513672e-01 -2.935369014739990234e-01
0.000000000000000000e+00 0.000000000000000000e+00 0.000000000000000000e+00 1.000000000000000000e+00
5.487468838691711426e-01 8.352540731430053711e-01 -3.503698110580444336e-02 -3.048282524105161428e-04
-8.338433504104614258e-01 5.438572168350219727e-01 -9.447011351585388184e-02 6.728452444076538086e-02
-5.985144525766372681e-02 8.105547726154327393e-02 9.949107170104980469e-01 -2.985385060310363770e-01
0.000000000000000000e+00 0.000000000000000000e+00 0.000000000000000000e+00 1.000000000000000000e+00
4.573992192745208740e-01 8.855140209197998047e-01 -8.155350387096405029e-02 2.083161287009716034e-02
-8.891644477844238281e-01 4.540677964687347412e-01 -5.664583668112754822e-02 5.605193972587585449e-02
-1.312986202538013458e-02 9.842421859502792358e-02 9.950579404830932617e-01 -3.025413453578948975e-01
0.000000000000000000e+00 0.000000000000000000e+00 0.000000000000000000e+00 1.000000000000000000e+00
3.504681587219238281e-01 9.309854507446289062e-01 -1.021688953042030334e-01 3.141761571168899536e-02
-9.363315105438232422e-01 3.507706820964813232e-01 -1.558344718068838120e-02 4.041695594787597656e-02
2.132988162338733673e-02 1.011254787445068359e-01 9.946449995040893555e-01 -3.040590286254882812e-01
0.000000000000000000e+00 0.000000000000000000e+00 0.000000000000000000e+00 1.000000000000000000e+00
2.729150950908660889e-01 9.550138711929321289e-01 -1.160409227013587952e-01 3.840841725468635559e-02
-9.588674306869506836e-01 2.798145711421966553e-01 4.771962016820907593e-02 1.648388616740703583e-02
7.804283499717712402e-02 9.824442118406295776e-02 9.920973181724548340e-01 -3.038037121295928955e-01
0.000000000000000000e+00 0.000000000000000000e+00 0.000000000000000000e+00 1.000000000000000000e+00
1.864448934793472290e-01 9.709272384643554688e-01 -1.501291841268539429e-01 5.095144733786582947e-02
-9.737983942031860352e-01 2.028822898864746094e-01 1.027391999959945679e-01 -4.079630598425865173e-03
1.302108168601989746e-01 1.270403414964675903e-01 9.833136796951293945e-01 -3.020171523094177246e-01
0.000000000000000000e+00 0.000000000000000000e+00 0.000000000000000000e+00 1.000000000000000000e+00
1.199869439005851746e-01 9.821124076843261719e-01 -1.451151967048645020e-01 5.071943998336791992e-02
-9.702018499374389648e-01 1.469925194978713989e-01 1.926169544458389282e-01 -3.456156328320503235e-02
2.105023264884948730e-01 1.176795214414596558e-01 9.704845547676086426e-01 -2.994857430458068848e-01
0.000000000000000000e+00 0.000000000000000000e+00 0.000000000000000000e+00 1.000000000000000000e+00
1.891475468873977661e-01 9.730001091957092285e-01 -1.322641372680664062e-01 4.615233093500137329e-02
-9.548256397247314453e-01 2.136861085891723633e-01 2.065089195966720581e-01 -3.864602744579315186e-02
2.291962653398513794e-01 8.722861111164093018e-02 9.694638848304748535e-01 -2.970217764377593994e-01
0.000000000000000000e+00 0.000000000000000000e+00 0.000000000000000000e+00 1.000000000000000000e+00
2.737098336219787598e-01 9.518475532531738281e-01 -1.380910277366638184e-01 4.539940878748893738e-02
-9.376321434974670410e-01 2.960551977157592773e-01 1.822014600038528442e-01 -2.860157564282417297e-02
2.143105864524841309e-01 7.960822433233261108e-02 9.735160470008850098e-01 -2.958123981952667236e-01
0.000000000000000000e+00 0.000000000000000000e+00 0.000000000000000000e+00 1.000000000000000000e+00
3.287505805492401123e-01 9.335775375366210938e-01 -1.426737457513809204e-01 4.514371603727340698e-02
-9.325339794158935547e-01 3.447777032852172852e-01 1.072770431637763977e-01 -2.184662967920303345e-03
1.493421792984008789e-01 9.778080135583877563e-02 9.839388132095336914e-01 -2.954173982143402100e-01
0.000000000000000000e+00 0.000000000000000000e+00 0.000000000000000000e+00 1.000000000000000000e+00
3.597755134105682373e-01 9.168536663055419922e-01 -1.730337738990783691e-01 5.323294922709465027e-02
-9.300658106803894043e-01 3.672003448009490967e-01 1.187053695321083069e-02 3.091584146022796631e-02
7.442160695791244507e-02 1.566621363162994385e-01 9.848444461822509766e-01 -2.917114496231079102e-01
0.000000000000000000e+00 0.000000000000000000e+00 0.000000000000000000e+00 1.000000000000000000e+00
4.004699885845184326e-01 8.978994488716125488e-01 -1.827561557292938232e-01 5.423761904239654541e-02
-9.162504076957702637e-01 3.946658670902252197e-01 -6.872761994600296021e-02 5.822014063596725464e-02
1.041710469871759415e-02 1.949737817049026489e-01 9.807530641555786133e-01 -2.867235541343688965e-01
0.000000000000000000e+00 0.000000000000000000e+00 0.000000000000000000e+00 1.000000000000000000e+00
4.574190080165863037e-01 8.628031015396118164e-01 -2.152637690305709839e-01 6.084752082824707031e-02
-8.879414200782775879e-01 4.300273656845092773e-01 -1.632062494754791260e-01 8.709436655044555664e-02
-4.824557527899742126e-02 2.657952010631561279e-01 9.628212451934814453e-01 -2.760565280914306641e-01
0.000000000000000000e+00 0.000000000000000000e+00 0.000000000000000000e+00 1.000000000000000000e+00
5.329149961471557617e-01 8.227260708808898926e-01 -1.977958232164382935e-01 4.975734278559684753e-02
-8.413145542144775391e-01 4.901756644248962402e-01 -2.278551906347274780e-01 1.047222167253494263e-01
-9.050778299570083618e-02 2.878360152244567871e-01 9.533932805061340332e-01 -2.694915831089019775e-01
0.000000000000000000e+00 0.000000000000000000e+00 0.000000000000000000e+00 1.000000000000000000e+00
5.972477793693542480e-01 7.786031365394592285e-01 -1.925416290760040283e-01 4.370474815368652344e-02
-7.920775413513183594e-01 5.348197221755981445e-01 -2.942456305027008057e-01 1.208682358264923096e-01
-1.261256337165832520e-01 3.282454609870910645e-01 9.361338615417480469e-01 -2.605766355991363525e-01
0.000000000000000000e+00 0.000000000000000000e+00 0.000000000000000000e+00 1.000000000000000000e+00
6.749371886253356934e-01 7.181134819984436035e-01 -1.696251630783081055e-01 3.080602735280990601e-02
-7.184231281280517578e-01 5.871089100837707520e-01 -3.730558156967163086e-01 1.376557946205139160e-01
-1.683080643415451050e-01 3.736520111560821533e-01 9.121712446212768555e-01 -2.492772191762924194e-01
0.000000000000000000e+00 0.000000000000000000e+00 0.000000000000000000e+00 1.000000000000000000e+00
7.353629469871520996e-01 6.605058908462524414e-01 -1.515692472457885742e-01 2.204728499054908752e-02
-6.480062603950500488e-01 6.199040412902832031e-01 -4.425006806850433350e-01 1.512052118778228760e-01
-1.983159482479095459e-01 4.236164689064025879e-01 8.838663697242736816e-01 -2.357330918312072754e-01
0.000000000000000000e+00 0.000000000000000000e+00 0.000000000000000000e+00 1.000000000000000000e+00
7.576553225517272949e-01 6.388106942176818848e-01 -1.337127983570098877e-01 1.488476153463125229e-02
-5.994355678558349609e-01 6.000811457633972168e-01 -5.296972393989562988e-01 1.711456179618835449e-01
-2.581379413604736328e-01 4.814801514148712158e-01 8.375808000564575195e-01 -2.148897200822830200e-01
0.000000000000000000e+00 0.000000000000000000e+00 0.000000000000000000e+00 1.000000000000000000e+00
7.880073785781860352e-01 5.987610816955566406e-01 -1.432807445526123047e-01 1.451922766864299774e-02
-5.375393033027648926e-01 5.556584596633911133e-01 -6.342671513557434082e-01 1.982405781745910645e-01
-3.001594841480255127e-01 5.768262743949890137e-01 7.597208023071289062e-01 -1.861581057310104370e-01
0.000000000000000000e+00 0.000000000000000000e+00 0.000000000000000000e+00 1.000000000000000000e+00
8.152142167091369629e-01 5.620185732841491699e-01 -1.398598849773406982e-01 1.152536273002624512e-02
-4.783668518066406250e-01 5.172812938690185547e-01 -7.096372842788696289e-01 2.177858948707580566e-01
-3.264825046062469482e-01 6.454107165336608887e-01 6.905461549758911133e-01 -1.618560105562210083e-01
0.000000000000000000e+00 0.000000000000000000e+00 0.000000000000000000e+00 1.000000000000000000e+00
8.400486707687377930e-01 5.273375511169433594e-01 -1.274100393056869507e-01 5.312800407409667969e-03
-4.108614325523376465e-01 4.650372862815856934e-01 -7.841768860816955566e-01 2.371240407228469849e-01
-3.542754650115966797e-01 7.110946178436279297e-01 6.073166728019714355e-01 -1.380962580442428589e-01
0.000000000000000000e+00 0.000000000000000000e+00 0.000000000000000000e+00 1.000000000000000000e+00
8.714902400970458984e-01 4.816226959228515625e-01 -9.243503212928771973e-02 -6.655028555542230606e-03
-3.260789215564727783e-01 4.282904565334320068e-01 -8.427571058273315430e-01 2.512845098972320557e-01
-3.663020431995391846e-01 7.645957469940185547e-01 5.302979946136474609e-01 -1.175606399774551392e-01
0.000000000000000000e+00 0.000000000000000000e+00 0.000000000000000000e+00 1.000000000000000000e+00
8.848878145217895508e-01 4.626329541206359863e-01 -5.426084250211715698e-02 -1.766735687851905823e-02
-2.226649522781372070e-01 3.177993893623352051e-01 -9.216419458389282227e-01 2.662218809127807617e-01
-4.091379046440124512e-01 8.276316523551940918e-01 3.842289447784423828e-01 -7.755826413631439209e-02
0.000000000000000000e+00 0.000000000000000000e+00 0.000000000000000000e+00 1.000000000000000000e+00
8.778282999992370605e-01 4.784352183341979980e-01 -2.274254336953163147e-02 -3.081397712230682373e-02
-8.543989062309265137e-02 1.096908003091812134e-01 -9.902867674827575684e-01 2.832112014293670654e-01
-4.712934792041778564e-01 8.712448477745056152e-01 1.371671408414840698e-01 -8.930147625505924225e-03
0.000000000000000000e+00 0.000000000000000000e+00 0.000000000000000000e+00 1.000000000000000000e+00
8.735555410385131836e-01 4.858442246913909912e-01 -2.925648353993892670e-02 -2.625335007905960083e-02
-7.994268089532852173e-02 8.392623811960220337e-02 -9.932600259780883789e-01 2.832576930522918701e-01
-4.801143109798431396e-01 8.700066208839416504e-01 1.121538802981376648e-01 -8.662073872983455658e-03
0.000000000000000000e+00 0.000000000000000000e+00 0.000000000000000000e+00 1.000000000000000000e+00
8.377143740653991699e-01 5.454002618789672852e-01 -2.780650369822978973e-02 -2.270472049713134766e-02
-1.026790067553520203e-01 1.072928532958030701e-01 -9.889109730720520020e-01 2.829503715038299561e-01
-5.363690257072448730e-01 8.312799334526062012e-01 1.458819508552551270e-01 -1.594096422195434570e-02
0.000000000000000000e+00 0.000000000000000000e+00 0.000000000000000000e+00 1.000000000000000000e+00
8.073586821556091309e-01 5.874182581901550293e-01 -5.578253045678138733e-02 -1.447473559528589249e-02
-2.366322278976440430e-01 2.357231527566909790e-01 -9.425708055496215820e-01 2.752909660339355469e-01
-5.405341386795043945e-01 7.741927504539489746e-01 3.293152153491973877e-01 -5.735753104090690613e-02
0.000000000000000000e+00 0.000000000000000000e+00 0.000000000000000000e+00 1.000000000000000000e+00
8.262107968330383301e-01 5.551080703735351562e-01 -9.607638418674468994e-02 -4.622114822268486023e-03
-3.123437464237213135e-01 3.094348311424255371e-01 -8.981599807739257812e-01 2.659739553928375244e-01
-4.688464999198913574e-01 7.720782756805419922e-01 4.290429353713989258e-01 -8.600708097219467163e-02
0.000000000000000000e+00 0.000000000000000000e+00 0.000000000000000000e+00 1.000000000000000000e+00
8.134828805923461914e-01 5.722877383232116699e-01 -1.035964637994766235e-01 -2.275779610499739647e-03
-3.653167486190795898e-01 3.642050921916961670e-01 -8.566786050796508789e-01 2.572566568851470947e-01
-4.525364041328430176e-01 7.347389459609985352e-01 5.053409337997436523e-01 -1.077758073806762695e-01
0.000000000000000000e+00 0.000000000000000000e+00 0.000000000000000000e+00 1.000000000000000000e+00
8.338409662246704102e-01 5.464966297149658203e-01 -7.778573781251907349e-02 -1.435836777091026306e-02
-4.502007067203521729e-01 5.917324423789978027e-01 -6.687090396881103516e-01 2.166705578565597534e-01
-3.194189965724945068e-01 5.926160812377929688e-01 7.394440174102783203e-01 -1.798807084560394287e-01
0.000000000000000000e+00 0.000000000000000000e+00 0.000000000000000000e+00 1.000000000000000000e+00
8.371819853782653809e-01 5.441939234733581543e-01 -5.458199232816696167e-02 -2.210920304059982300e-02
-4.626369476318359375e-01 6.513989567756652832e-01 -6.013701558113098145e-01 1.973305493593215942e-01
-2.917075157165527344e-01 5.287078619003295898e-01 7.971038222312927246e-01 -1.979757100343704224e-01
0.000000000000000000e+00 0.000000000000000000e+00 0.000000000000000000e+00 1.000000000000000000e+00
8.554672002792358398e-01 5.153344869613647461e-01 -5.105034261941909790e-02 -2.357864752411842346e-02
-4.586962759494781494e-01 7.082912921905517578e-01 -5.365825295448303223e-01 1.774043291807174683e-01
-2.403610646724700928e-01 4.824453890323638916e-01 8.423020839691162109e-01 -2.128903865814208984e-01
0.000000000000000000e+00 0.000000000000000000e+00 0.000000000000000000e+00 1.000000000000000000e+00
8.731300234794616699e-01 4.873067140579223633e-01 -1.326341740787029266e-02 -3.320612758398056030e-02
-4.535562396049499512e-01 8.020829558372497559e-01 -3.885221183300018311e-01 1.346509754657745361e-01
-1.786913424730300903e-01 3.452459871768951416e-01 9.213438630104064941e-01 -2.371497154235839844e-01
0.000000000000000000e+00 0.000000000000000000e+00 0.000000000000000000e+00 1.000000000000000000e+00
8.778185248374938965e-01 4.786161780357360840e-01 -1.900751702487468719e-02 -3.004883602261543274e-02
-4.673717021942138672e-01 8.471570611000061035e-01 -2.527626454830169678e-01 9.736846387386322021e-02
-1.048740297555923462e-01 2.307632565498352051e-01 9.673417806625366211e-01 -2.529536485671997070e-01
0.000000000000000000e+00 0.000000000000000000e+00 0.000000000000000000e+00 1.000000000000000000e+00
8.775241374969482422e-01 4.793876409530639648e-01 -1.175927277654409409e-02 -2.776082791388034821e-02
-4.793736636638641357e-01 8.763404488563537598e-01 -4.720098152756690979e-02 3.908040001988410950e-02
-1.232246309518814087e-02 4.705711081624031067e-02 9.988161921501159668e-01 -2.657666206359863281e-01
0.000000000000000000e+00 0.000000000000000000e+00 0.000000000000000000e+00 1.000000000000000000e+00
8.865577578544616699e-01 4.625237882137298584e-01 -9.324931539595127106e-03 -2.677571773529052734e-02
-4.616098403930664062e-01 8.857763409614562988e-01 4.813019186258316040e-02 1.080510206520557404e-02
3.052116930484771729e-02 -3.836569935083389282e-02 9.987976551055908203e-01 -2.683760821819305420e-01
0.000000000000000000e+00 0.000000000000000000e+00 0.000000000000000000e+00 1.000000000000000000e+00
8.938020467758178711e-01 4.483971893787384033e-01 -7.591679226607084274e-03 -2.700610645115375519e-02
-4.423972666263580322e-01 8.843640685081481934e-01 1.489447951316833496e-01 -2.013408765196800232e-02
7.350029051303863525e-02 -1.297685950994491577e-01 9.888164401054382324e-01 -2.675284147262573242e-01
0.000000000000000000e+00 0.000000000000000000e+00 0.000000000000000000e+00 1.000000000000000000e+00
8.963945508003234863e-01 4.430912733078002930e-01 -1.210811175405979156e-02 -2.547559328377246857e-02
-4.252274632453918457e-01 8.673248291015625000e-01 2.587074935436248779e-01 -5.486966297030448914e-02
1.251327395439147949e-01 -2.267553508281707764e-01 9.658799171447753906e-01 -2.628728747367858887e-01
0.000000000000000000e+00 0.000000000000000000e+00 0.000000000000000000e+00 1.000000000000000000e+00
9.006195068359375000e-01 4.345324337482452393e-01 -8.099001832306385040e-03 -2.625390328466892242e-02
-4.011663496494293213e-01 8.383443951606750488e-01 3.691122233867645264e-01 -9.154631942510604858e-02
1.671811491250991821e-01 -3.291806578636169434e-01 9.293495416641235352e-01 -2.533030509948730469e-01
0.000000000000000000e+00 0.000000000000000000e+00 0.000000000000000000e+00 1.000000000000000000e+00
9.050704240798950195e-01 4.252466559410095215e-01 -3.502796171233057976e-03 -2.870389074087142944e-02
-3.769142627716064453e-01 8.059626221656799316e-01 4.564644992351531982e-01 -1.201654970645904541e-01
1.969333291053771973e-01 -4.118122756481170654e-01 8.897345066070556641e-01 -2.436330765485763550e-01
0.000000000000000000e+00 0.000000000000000000e+00 0.000000000000000000e+00 1.000000000000000000e+00
9.163315892219543457e-01 4.003849029541015625e-01 -5.342933814972639084e-03 -3.116064146161079407e-02
-3.325825929641723633e-01 7.684525251388549805e-01 5.466898083686828613e-01 -1.504577100276947021e-01
2.229921817779541016e-01 -4.991717934608459473e-01 8.373181819915771484e-01 -2.308363169431686401e-01
0.000000000000000000e+00 0.000000000000000000e+00 0.000000000000000000e+00 1.000000000000000000e+00
9.115177989006042480e-01 4.105787575244903564e-01 2.366090007126331329e-02 -4.056414961814880371e-02
-3.327790796756744385e-01 7.025460600852966309e-01 6.290364861488342285e-01 -1.753277629613876343e-01
2.416463941335678101e-01 -5.812518596649169922e-01 7.770155668258666992e-01 -2.159782201051712036e-01
0.000000000000000000e+00 0.000000000000000000e+00 0.000000000000000000e+00 1.000000000000000000e+00
9.190601110458374023e-01 3.924321532249450684e-01 3.641643002629280090e-02 -4.670839756727218628e-02
-2.941509187221527100e-01 6.215108036994934082e-01 7.260850667953491211e-01 -2.064046561717987061e-01
2.623061835765838623e-01 -6.780275106430053711e-01 6.866398453712463379e-01 -1.910808235406875610e-01
0.000000000000000000e+00 0.000000000000000000e+00 0.000000000000000000e+00 1.000000000000000000e+00
9.262353181838989258e-01 3.729333579540252686e-01 5.484766140580177307e-02 -5.374505743384361267e-02
-2.670547962188720703e-01 5.465384721755981445e-01 7.937111854553222656e-01 -2.285528182983398438e-01
2.660250663757324219e-01 -7.498107552528381348e-01 6.058170795440673828e-01 -1.666420549154281616e-01
0.000000000000000000e+00 0.000000000000000000e+00 0.000000000000000000e+00 1.000000000000000000e+00
9.342492222785949707e-01 3.526257276535034180e-01 5.322754755616188049e-02 -5.534880235791206360e-02
-2.263101786375045776e-01 4.708800613880157471e-01 8.526751995086669922e-01 -2.490367442369461060e-01
2.756115496158599854e-01 -8.086575269699096680e-01 5.197223424911499023e-01 -1.421719342470169067e-01
0.000000000000000000e+00 0.000000000000000000e+00 0.000000000000000000e+00 1.000000000000000000e+00
9.458580613136291504e-01 3.204192221164703369e-01 5.180901661515235901e-02 -5.801350995898246765e-02
-1.866880804300308228e-01 4.064775705337524414e-01 8.943843245506286621e-01 -2.630631029605865479e-01
2.655187845230102539e-01 -8.556326627731323242e-01 4.442885816097259521e-01 -1.211398467421531677e-01
0.000000000000000000e+00 0.000000000000000000e+00 0.000000000000000000e+00 1.000000000000000000e+00
9.586819410324096680e-01 2.801096737384796143e-01 4.967631399631500244e-02 -6.021488085389137268e-02
-1.475566178560256958e-01 3.403220474720001221e-01 9.286589026451110840e-01 -2.763272821903228760e-01
2.432204186916351318e-01 -8.976186513900756836e-01 3.675926923751831055e-01 -9.741444885730743408e-02
0.000000000000000000e+00 0.000000000000000000e+00 0.000000000000000000e+00 1.000000000000000000e+00
9.627859592437744141e-01 2.598971426486968994e-01 7.413712143898010254e-02 -6.984154134988784790e-02
-1.420654505491256714e-01 2.533204257488250732e-01 9.568938612937927246e-01 -2.891987860202789307e-01
2.299135923385620117e-01 -9.318165183067321777e-01 2.808157801628112793e-01 -6.689786911010742188e-02
0.000000000000000000e+00 0.000000000000000000e+00 0.000000000000000000e+00 1.000000000000000000e+00
9.764275550842285156e-01 2.060956805944442749e-01 6.413599103689193726e-02 -6.985342502593994141e-02
-9.693686664104461670e-02 1.532243192195892334e-01 9.834253787994384766e-01 -3.016315996646881104e-01
1.928525418043136597e-01 -9.664612412452697754e-01 1.695906817913055420e-01 -2.752301655709743500e-02
0.000000000000000000e+00 0.000000000000000000e+00 0.000000000000000000e+00 1.000000000000000000e+00
9.938953518867492676e-01 1.090352982282638550e-01 1.683862507343292236e-02 -5.793876945972442627e-02
-3.192910924553871155e-02 1.381731480360031128e-01 9.898932576179504395e-01 -3.054901659488677979e-01
1.056066378951072693e-01 -9.843878149986267090e-01 1.408110409975051880e-01 -1.827410981059074402e-02
0.000000000000000000e+00 0.000000000000000000e+00 0.000000000000000000e+00 1.000000000000000000e+00
9.955646991729736328e-01 9.396531432867050171e-02 -4.674142226576805115e-03 -5.314736813306808472e-02
-1.876217499375343323e-02 2.469789832830429077e-01 9.688390493392944336e-01 -3.008695840835571289e-01
9.219168871641159058e-02 -9.644538760185241699e-01 2.476464658975601196e-01 -5.313603207468986511e-02
0.000000000000000000e+00 0.000000000000000000e+00 0.000000000000000000e+00 1.000000000000000000e+00
9.979956150054931641e-01 3.276401758193969727e-02 -5.414320528507232666e-02 -3.641705960035324097e-02
4.229439422488212585e-02 2.911114990711212158e-01 9.557535648345947266e-01 -3.081575632095336914e-01
4.707602038979530334e-02 -9.561277627944946289e-01 2.891421020030975342e-01 -6.438507884740829468e-02
0.000000000000000000e+00 0.000000000000000000e+00 0.000000000000000000e+00 1.000000000000000000e+00
9.892111420631408691e-01 -5.003553256392478943e-02 -1.376860737800598145e-01 -4.701843019574880600e-03
1.461654454469680786e-01 2.740175724029541016e-01 9.505526423454284668e-01 -3.184517323970794678e-01
-9.833009913563728333e-03 -9.604219794273376465e-01 2.783746421337127686e-01 -5.813687294721603394e-02
0.000000000000000000e+00 0.000000000000000000e+00 0.000000000000000000e+00 1.000000000000000000e+00
9.688680768013000488e-01 -6.011281907558441162e-02 -2.401681244373321533e-01 2.956325374543666840e-02
2.475491613149642944e-01 2.497511208057403564e-01 9.361323714256286621e-01 -3.235252797603607178e-01
3.708692034706473351e-03 -9.664424657821655273e-01 2.568567991256713867e-01 -5.019516870379447937e-02
0.000000000000000000e+00 0.000000000000000000e+00 0.000000000000000000e+00 1.000000000000000000e+00
9.734577536582946777e-01 -2.473247610032558441e-02 -2.275259941816329956e-01 2.383054606616497040e-02
2.246861755847930908e-01 2.924121022224426270e-01 9.295221567153930664e-01 -3.214072287082672119e-01
4.354196041822433472e-02 -9.559725522994995117e-01 2.902078628540039062e-01 -6.415621936321258545e-02
0.000000000000000000e+00 0.000000000000000000e+00 0.000000000000000000e+00 1.000000000000000000e+00
9.828493595123291016e-01 4.538976773619651794e-02 -1.787380278110504150e-01 4.452363122254610062e-03
1.538778543472290039e-01 3.323047757148742676e-01 9.305350184440612793e-01 -3.184138834476470947e-01
1.016322225332260132e-01 -9.420790076255798340e-01 3.196208477020263672e-01 -7.959096878767013550e-02
0.000000000000000000e+00 0.000000000000000000e+00 0.000000000000000000e+00 1.000000000000000000e+00
9.844920039176940918e-01 1.298633813858032227e-01 -1.179461553692817688e-01 -1.865402236580848694e-02
6.181380152702331543e-02 3.724179863929748535e-01 9.260042309761047363e-01 -3.121241331100463867e-01
1.641792804002761841e-01 -9.189340472221374512e-01 3.586151003837585449e-01 -1.000293344259262085e-01
0.000000000000000000e+00 0.000000000000000000e+00 0.000000000000000000e+00 1.000000000000000000e+00
9.769161343574523926e-01 2.133053839206695557e-01 -1.163287926465272903e-02 -5.490624159574508667e-02
-5.516903474926948547e-02 3.045272827148437500e-01 9.509045481681823730e-01 -3.130937218666076660e-01
2.063756585121154785e-01 -9.283124208450317383e-01 3.092654049396514893e-01 -8.825071901082992554e-02
0.000000000000000000e+00 0.000000000000000000e+00 0.000000000000000000e+00 1.000000000000000000e+00
9.166036844253540039e-01 3.880895674228668213e-01 9.604221582412719727e-02 -8.839511126279830933e-02
-2.314612716436386108e-01 3.192524909973144531e-01 9.189683794975280762e-01 -2.933024466037750244e-01
3.259804844856262207e-01 -8.645599484443664551e-01 3.824557960033416748e-01 -1.221704781055450439e-01
0.000000000000000000e+00 0.000000000000000000e+00 0.000000000000000000e+00 1.000000000000000000e+00
8.753097057342529297e-01 4.755147993564605713e-01 8.785555511713027954e-02 -8.448504656553268433e-02
-2.770772278308868408e-01 3.442964851856231689e-01 8.970440626144409180e-01 -2.826575040817260742e-01
3.963094949722290039e-01 -8.095341920852661133e-01 4.331204593181610107e-01 -1.470171511173248291e-01
0.000000000000000000e+00 0.000000000000000000e+00 0.000000000000000000e+00 1.000000000000000000e+00
8.291147947311401367e-01 5.544892549514770508e-01 7.148890197277069092e-02 -7.640692591667175293e-02
-3.476435840129852295e-01 4.111818671226501465e-01 8.426584601402282715e-01 -2.611322402954101562e-01
4.378500878810882568e-01 -7.235131859779357910e-01 5.336815118789672852e-01 -1.839229911565780640e-01
0.000000000000000000e+00 0.000000000000000000e+00 0.000000000000000000e+00 1.000000000000000000e+00
7.993294596672058105e-01 5.989395976066589355e-01 4.841218888759613037e-02 -6.719085574150085449e-02
-4.261994957923889160e-01 5.083086490631103516e-01 7.483156919479370117e-01 -2.247434258460998535e-01
4.235875308513641357e-01 -6.187838315963745117e-01 6.615738272666931152e-01 -2.259125411510467529e-01
0.000000000000000000e+00 0.000000000000000000e+00 0.000000000000000000e+00 1.000000000000000000e+00
7.743147611618041992e-01 6.323240995407104492e-01 2.455559931695461273e-02 -5.815266817808151245e-02
-5.053458809852600098e-01 5.945357680320739746e-01 6.254221796989440918e-01 -1.785756200551986694e-01
3.808701336383819580e-01 -4.966824352741241455e-01 7.799001932144165039e-01 -2.621013522148132324e-01
0.000000000000000000e+00 0.000000000000000000e+00 0.000000000000000000e+00 1.000000000000000000e+00
7.522552609443664551e-01 6.587169766426086426e-01 1.428360771387815475e-02 -5.361654981970787048e-02
-5.660398602485656738e-01 6.350187659263610840e-01 5.256897807121276855e-01 -1.412999629974365234e-01
3.372105658054351807e-01 -4.035379290580749512e-01 8.505563139915466309e-01 -2.831296622753143311e-01
0.000000000000000000e+00 0.000000000000000000e+00 0.000000000000000000e+00 1.000000000000000000e+00
6.507487297058105469e-01 7.592367529869079590e-01 9.254759177565574646e-03 -4.505214095115661621e-02
-6.777302622795104980e-01 5.753067731857299805e-01 4.579336345195770264e-01 -1.108954772353172302e-01
3.423558771610260010e-01 -3.042719364166259766e-01 8.889383077621459961e-01 -2.976873815059661865e-01
0.000000000000000000e+00 0.000000000000000000e+00 0.000000000000000000e+00 1.000000000000000000e+00
5.838382840156555176e-01 8.113322257995605469e-01 -2.954633533954620361e-02 -2.733738906681537628e-02
-7.382201552391052246e-01 5.456688404083251953e-01 3.965807557106018066e-01 -8.570219576358795166e-02
3.378813862800598145e-01 -2.097271829843521118e-01 9.175240397453308105e-01 -3.082966208457946777e-01
0.000000000000000000e+00 0.000000000000000000e+00 0.000000000000000000e+00 1.000000000000000000e+00
5.376047492027282715e-01 8.408973813056945801e-01 -6.222942098975181580e-02 -1.248575467616319656e-02
-7.814956903457641602e-01 5.246186256408691406e-01 3.376977443695068359e-01 -6.200402975082397461e-02
3.166159093379974365e-01 -1.329158246517181396e-01 9.391954541206359863e-01 -3.143685162067413330e-01
0.000000000000000000e+00 0.000000000000000000e+00 0.000000000000000000e+00 1.000000000000000000e+00
5.059816837310791016e-01 8.536045551300048828e-01 -1.238615587353706360e-01 1.126203592866659164e-02
-8.160402774810791016e-01 5.202550292015075684e-01 2.518186271190643311e-01 -3.075083158910274506e-02
2.793931066989898682e-01 -2.633956447243690491e-02 9.598155021667480469e-01 -3.197034895420074463e-01
0.000000000000000000e+00 0.000000000000000000e+00 0.000000000000000000e+00 1.000000000000000000e+00
4.356685578823089600e-01 8.823276162147521973e-01 -1.780188530683517456e-01 3.484050557017326355e-02
-8.582570552825927734e-01 4.668113887310028076e-01 2.132633328437805176e-01 -1.432851888239383698e-02
2.712693810462951660e-01 5.987388640642166138e-02 9.606392979621887207e-01 -3.197525739669799805e-01
0.000000000000000000e+00 0.000000000000000000e+00 0.000000000000000000e+00 1.000000000000000000e+00
3.516297936439514160e-01 8.952415585517883301e-01 -2.736764848232269287e-01 7.367289811372756958e-02
-8.950225710868835449e-01 4.071883261203765869e-01 1.820227503776550293e-01 -1.016323687508702278e-03
2.743921279907226562e-01 1.809419840574264526e-01 9.444409608840942383e-01 -3.142159581184387207e-01
0.000000000000000000e+00 0.000000000000000000e+00 0.000000000000000000e+00 1.000000000000000000e+00
2.862420976161956787e-01 8.832162022590637207e-01 -3.714757263660430908e-01 1.109520047903060913e-01
-9.147800207138061523e-01 3.672410547733306885e-01 1.682606786489486694e-01 4.988424479961395264e-03
2.850317656993865967e-01 2.916552722454071045e-01 9.130685329437255859e-01 -3.045994341373443604e-01
0.000000000000000000e+00 0.000000000000000000e+00 0.000000000000000000e+00 1.000000000000000000e+00
2.690968513488769531e-01 8.523118495941162109e-01 -4.484986364841461182e-01 1.370886117219924927e-01
-9.335884451866149902e-01 3.452576100826263428e-01 9.596801549196243286e-02 3.066069632768630981e-02
2.366422116756439209e-01 3.928884565830230713e-01 8.886163830757141113e-01 -2.927791476249694824e-01
0.000000000000000000e+00 0.000000000000000000e+00 0.000000000000000000e+00 1.000000000000000000e+00
1.766406297683715820e-01 7.707366347312927246e-01 -6.121793389320373535e-01 1.968316733837127686e-01
-9.616903662681579590e-01 2.676168978214263916e-01 5.944101139903068542e-02 4.329800605773925781e-02
2.096429616212844849e-01 5.782271623611450195e-01 7.884816527366638184e-01 -2.581314444541931152e-01
0.000000000000000000e+00 0.000000000000000000e+00 0.000000000000000000e+00 1.000000000000000000e+00
1.346398293972015381e-01 6.757720708847045898e-01 -7.247098088264465332e-01 2.366447448730468750e-01
-9.741694927215576172e-01 2.240801304578781128e-01 2.796304039657115936e-02 5.403300374746322632e-02
1.812896877527236938e-01 7.022252082824707031e-01 6.884865164756774902e-01 -2.243212461471557617e-01
0.000000000000000000e+00 0.000000000000000000e+00 0.000000000000000000e+00 1.000000000000000000e+00
1.091149672865867615e-01 5.707660317420959473e-01 -8.138303756713867188e-01 2.667926251888275146e-01
-9.844835996627807617e-01 1.752408146858215332e-01 -9.093272499740123749e-03 6.650159507989883423e-02
1.374261528253555298e-01 8.021950125694274902e-01 5.810312628746032715e-01 -1.867794692516326904e-01
0.000000000000000000e+00 0.000000000000000000e+00 0.000000000000000000e+00 1.000000000000000000e+00
8.325845748186111450e-02 5.043001770973205566e-01 -8.595052361488342285e-01 2.835204601287841797e-01
-9.901878237724304199e-01 1.390028595924377441e-01 -1.435973122715950012e-02 6.877633184194564819e-02
1.122320592403411865e-01 8.522670865058898926e-01 5.109250545501708984e-01 -1.626467704772949219e-01
0.000000000000000000e+00 0.000000000000000000e+00 0.000000000000000000e+00 1.000000000000000000e+00
1.571933627128601074e-01 5.145093202590942383e-01 -8.429533839225769043e-01 2.714614868164062500e-01
-9.872580766677856445e-01 1.032426133751869202e-01 -1.210874691605567932e-01 1.035841032862663269e-01
2.472804859280586243e-02 8.512467145919799805e-01 5.241826176643371582e-01 -1.598168760538101196e-01
0.000000000000000000e+00 0.000000000000000000e+00 0.000000000000000000e+00 1.000000000000000000e+00
2.636429071426391602e-01 5.721334218978881836e-01 -7.766308784484863281e-01 2.425451129674911499e-01
-9.597535133361816406e-01 7.480856776237487793e-02 -2.706971466541290283e-01 1.499246209859848022e-01
-9.677615761756896973e-02 8.167417645454406738e-01 5.688298940658569336e-01 -1.639766842126846313e-01
0.000000000000000000e+00 0.000000000000000000e+00 0.000000000000000000e+00 1.000000000000000000e+00
3.240222334861755371e-01 6.101215481758117676e-01 -7.230225801467895508e-01 2.218581140041351318e-01
-9.271241426467895508e-01 5.268454551696777344e-02 -3.710324168205261230e-01 1.787500381469726562e-01
-1.882827430963516235e-01 7.905544638633728027e-01 5.827292799949645996e-01 -1.615990102291107178e-01
0.000000000000000000e+00 0.000000000000000000e+00 0.000000000000000000e+00 1.000000000000000000e+00
3.682408332824707031e-01 6.321055293083190918e-01 -6.817928552627563477e-01 2.055899202823638916e-01
-8.888987898826599121e-01 2.442810311913490295e-02 -4.574521780014038086e-01 2.028518021106719971e-01
-2.725030779838562012e-01 7.744973301887512207e-01 5.708732008934020996e-01 -1.511831432580947876e-01
0.000000000000000000e+00 0.000000000000000000e+00 0.000000000000000000e+00 1.000000000000000000e+00
4.267459511756896973e-01 6.352800726890563965e-01 -6.436668634414672852e-01 1.883309483528137207e-01
-8.355579376220703125e-01 4.645914305001497269e-03 -5.493827462196350098e-01 2.273772060871124268e-01
-3.460214436054229736e-01 7.722678184509277344e-01 5.327959656715393066e-01 -1.322837620973587036e-01
0.000000000000000000e+00 0.000000000000000000e+00 0.000000000000000000e+00 1.000000000000000000e+00
5.261118412017822266e-01 6.357134580612182617e-01 -5.648668408393859863e-01 1.572750359773635864e-01
-7.248195409774780273e-01 -1.220892649143934250e-02 -6.888306140899658203e-01 2.602596580982208252e-01
-4.447953104972839355e-01 7.718285322189331055e-01 4.543542861938476562e-01 -9.722813963890075684e-02
0.000000000000000000e+00 0.000000000000000000e+00 0.000000000000000000e+00 1.000000000000000000e+00
6.324238777160644531e-01 6.695615053176879883e-01 -3.895215988159179688e-01 9.400294721126556396e-02
-5.739060044288635254e-01 6.727181375026702881e-02 -8.161531090736389160e-01 2.913193106651306152e-01
-5.202612280845642090e-01 7.397036552429199219e-01 4.268099367618560791e-01 -8.101166784763336182e-02
0.000000000000000000e+00 0.000000000000000000e+00 0.000000000000000000e+00 1.000000000000000000e+00
6.401048302650451660e-01 7.158102393150329590e-01 -2.790726423263549805e-01 6.241891533136367798e-02
-4.903303682804107666e-01 1.009747087955474854e-01 -8.656675219535827637e-01 3.009277582168579102e-01
-5.914744138717651367e-01 6.909557580947875977e-01 4.156179130077362061e-01 -7.274633646011352539e-02
0.000000000000000000e+00 0.000000000000000000e+00 0.000000000000000000e+00 1.000000000000000000e+00
6.122264862060546875e-01 7.651149630546569824e-01 -1.994439810514450073e-01 4.352110251784324646e-02
-3.885473608970642090e-01 7.143862545490264893e-02 -9.186552166938781738e-01 3.110406696796417236e-01
-6.886287927627563477e-01 6.399184465408325195e-01 3.410199880599975586e-01 -4.745662212371826172e-02
0.000000000000000000e+00 0.000000000000000000e+00 0.000000000000000000e+00 1.000000000000000000e+00
4.570117592811584473e-01 8.871358036994934082e-01 -6.426811963319778442e-02 1.731655374169349670e-02
-2.039172202348709106e-01 3.416969627141952515e-02 -9.783916473388671875e-01 3.189209103584289551e-01
-8.657702207565307617e-01 4.602418243885040283e-01 1.965182125568389893e-01 -2.366650616750121117e-03
0.000000000000000000e+00 0.000000000000000000e+00 0.000000000000000000e+00 1.000000000000000000e+00
3.295599222183227539e-01 9.395745396614074707e-01 9.268183261156082153e-02 -2.669001184403896332e-02
-2.385728210210800171e-01 1.778542548418045044e-01 -9.546993374824523926e-01 3.209728002548217773e-01
-9.134950041770935059e-01 2.925192117691040039e-01 2.827705740928649902e-01 -3.444155305624008179e-02
0.000000000000000000e+00 0.000000000000000000e+00 0.000000000000000000e+00 1.000000000000000000e+00
3.216331303119659424e-01 9.462787508964538574e-01 -3.329222276806831360e-02 1.592628844082355499e-02
-3.738381862640380859e-01 9.460378438234329224e-02 -9.226565957069396973e-01 3.138137161731719971e-01
-8.699407577514648438e-01 3.092028200626373291e-01 3.841829597949981689e-01 -6.509695947170257568e-02
0.000000000000000000e+00 0.000000000000000000e+00 0.000000000000000000e+00 1.000000000000000000e+00
2.969590127468109131e-01 9.538793563842773438e-01 -4.392561689019203186e-02 2.468611113727092743e-02
-4.602353274822235107e-01 1.026709303259849548e-01 -8.818401694297790527e-01 3.042611479759216309e-01
-8.366593122482299805e-01 2.820864915847778320e-01 4.694980680942535400e-01 -9.522579610347747803e-02
0.000000000000000000e+00 0.000000000000000000e+00 0.000000000000000000e+00 1.000000000000000000e+00
1.901689916849136353e-01 9.794027805328369141e-01 -6.786608695983886719e-02 3.716133534908294678e-02
-4.766560494899749756e-01 3.167604282498359680e-02 -8.785188198089599609e-01 3.031052947044372559e-01
-8.582742214202880859e-01 1.994157582521438599e-01 4.728621542453765869e-01 -9.751992672681808472e-02
