1.000000000000000000e+00 0.000000000000000000e+00 0.000000000000000000e+00 -4.096739311332171507e-01
0.000000000000000000e+00 -1.000000000000000000e+00 0.000000000000000000e+00 -1.964994255000929863e-02
0.000000000000000000e+00 0.000000000000000000e+00 -1.000000000000000000e+00 -2.664639050480994698e+00
0.000000000000000000e+00 0.000000000000000000e+00 0.000000000000000000e+00 1.000000000000000000e+00
9.963582158088684082e-01 -7.882090657949447632e-02 -3.252067416906356812e-02 -4.830029503634689081e-01
-7.840584963560104370e-02 -9.968253374099731445e-01 1.384870894253253937e-02 5.284872656709824201e-02
-3.350898995995521545e-02 -1.124848518520593643e-02 -9.993751049041748047e-01 -2.710557668705422696e+00
0.000000000000000000e+00 0.000000000000000000e+00 0.000000000000000000e+00 1.000000000000000000e+00
9.847695231437683105e-01 -1.665056943893432617e-01 -5.004755780100822449e-02 -5.156993636043054607e-01
-1.640082001686096191e-01 -9.851672053337097168e-01 5.046465992927551270e-02 2.050728201549493201e-01
-5.770790576934814453e-02 -4.148780182003974915e-02 -9.974710941314697266e-01 -2.701388514603303648e+00
0.000000000000000000e+00 0.000000000000000000e+00 0.000000000000000000e+00 1.000000000000000000e+00
9.646211266517639160e-01 -2.587438821792602539e-01 -5.057341232895851135e-02 -4.963148697900906514e-01
-2.545100152492523193e-01 -9.639670252799987793e-01 7.740889489650726318e-02 3.296661587503182389e-01
-6.878021359443664551e-02 -6.179878115653991699e-02 -9.957159757614135742e-01 -2.699531449777180292e+00
0.000000000000000000e+00 0.000000000000000000e+00 0.000000000000000000e+00 1.000000000000000000e+00
9.347341656684875488e-01 -3.499583005905151367e-01 -6.165354326367378235e-02 -5.007427828656625390e-01
-3.414514064788818359e-01 -9.326037764549255371e-01 1.168805956840515137e-01 4.868883229467245721e-01
-9.840171039104461670e-02 -8.820058405399322510e-02 -9.912304878234863281e-01 -2.677096285484761307e+00
0.000000000000000000e+00 0.000000000000000000e+00 0.000000000000000000e+00 1.000000000000000000e+00
8.929014801979064941e-01 -4.479124248027801514e-01 -4.584100842475891113e-02 -4.237695843447419342e-01
-4.383774697780609131e-01 -8.880634307861328125e-01 1.384505182504653931e-01 5.818961595617569982e-01
-1.027234569191932678e-01 -1.035270020365715027e-01 -9.893079400062561035e-01 -2.680873605009992389e+00
0.000000000000000000e+00 0.000000000000000000e+00 0.000000000000000000e+00 1.000000000000000000e+00
8.436259627342224121e-01 -5.359700918197631836e-01 -3.210621327161788940e-02 -3.597280622592991528e-01
-5.242056846618652344e-01 -8.350991010665893555e-01 1.667854785919189453e-01 7.010043102007451621e-01
-1.162039265036582947e-01 -1.238743215799331665e-01 -9.854705929756164551e-01 -2.668953897834054789e+00
0.000000000000000000e+00 0.000000000000000000e+00 0.000000000000000000e+00 1.000000000000000000e+00
7.908052206039428711e-01 -6.118152737617492676e-01 -1.757792010903358459e-02 -2.894618203006014134e-01
-6.007660031318664551e-01 -7.813763618469238281e-01 1.689112484455108643e-01 7.410972498404291287e-01
-1.170775070786476135e-01 -1.230156645178794861e-01 -9.854745268821716309e-01 -2.677391539476433380e+00
0.000000000000000000e+00 0.000000000000000000e+00 0.000000000000000000e+00 1.000000000000000000e+00
7.198036313056945801e-01 -6.940845847129821777e-01 1.135978847742080688e-02 -1.594929792270662339e-01
-6.859834790229797363e-01 -7.087050080299377441e-01 1.648140847682952881e-01 7.581539625639938107e-01
-1.063442155718803406e-01 -1.264264136552810669e-01 -9.862592220306396484e-01 -2.689967427953488865e+00
0.000000000000000000e+00 0.000000000000000000e+00 0.000000000000000000e+00 1.000000000000000000e+00
6.436068415641784668e-01 -7.652642726898193359e-01 1.185045577585697174e-02 -1.109725214317509173e-01
-7.590131163597106934e-01 -6.362071037292480469e-01 1.383443772792816162e-01 7.042489998031494780e-01
-9.833073616027832031e-02 -9.803402423858642578e-02 -9.903132915496826172e-01 -2.717411148510241681e+00
0.000000000000000000e+00 0.000000000000000000e+00 0.000000000000000000e+00 1.000000000000000000e+00
5.491671562194824219e-01 -8.354042768478393555e-01 2.269157022237777710e-02 -2.549347707899126195e-02
-8.328534364700317383e-01 -5.448427200317382812e-01 9.747459739446640015e-02 6.020760110621825589e-01
-6.906738132238388062e-02 -7.242859154939651489e-02 -9.949793219566345215e-01 -2.763258574650696797e+00
0.000000000000000000e+00 0.000000000000000000e+00 0.000000000000000000e+00 1.000000000000000000e+00
4.504253566265106201e-01 -8.907085657119750977e-01 6.127879023551940918e-02 1.504344287390635970e-01
-8.926482200622558594e-01 -4.479573071002960205e-01 5.013123154640197754e-02 4.743632071187043886e-01
-1.720204763114452362e-02 -7.728078961372375488e-02 -9.968609809875488281e-01 -2.810746454043945519e+00
0.000000000000000000e+00 0.000000000000000000e+00 0.000000000000000000e+00 1.000000000000000000e+00
3.497304916381835938e-01 -9.335938096046447754e-01 7.804612070322036743e-02 2.374031476158972032e-01
-9.367544054985046387e-01 -3.496713638305664062e-01 1.487063989043235779e-02 3.466606818772726695e-01
1.340735703706741333e-02 -7.831076532602310181e-02 -9.968388080596923828e-01 -2.822151260333472411e+00
0.000000000000000000e+00 0.000000000000000000e+00 0.000000000000000000e+00 1.000000000000000000e+00
2.720844447612762451e-01 -9.571881890296936035e-01 9.879641234874725342e-02 3.203943709697580355e-01
-9.593603014945983887e-01 -2.778100669384002686e-01 -4.949108138680458069e-02 1.234139476846525668e-01
7.481892406940460205e-02 -8.131560683250427246e-02 -9.938762187957763672e-01 -2.821038125191038137e+00
0.000000000000000000e+00 0.000000000000000000e+00 0.000000000000000000e+00 1.000000000000000000e+00
1.957433074712753296e-01 -9.728761315345764160e-01 1.232715919613838196e-01 4.063997892064731832e-01
-9.726210832595825195e-01 -2.086577415466308594e-01 -1.023282855749130249e-01 -6.412634548391085709e-02
1.252743303775787354e-01 -9.986653178930282593e-02 -9.870833158493041992e-01 -2.811169743411445321e+00
0.000000000000000000e+00 0.000000000000000000e+00 0.000000000000000000e+00 1.000000000000000000e+00
1.188703700900077820e-01 -9.851027727127075195e-01 1.242695748805999756e-01 4.277984257297641757e-01
-9.702377319335937500e-01 -1.418357342481613159e-01 -1.962681263685226440e-01 -3.594112659600294801e-01
2.109700888395309448e-01 -9.724060446023941040e-02 -9.726438522338867188e-01 -2.781658693036368923e+00
0.000000000000000000e+00 0.000000000000000000e+00 0.000000000000000000e+00 1.000000000000000000e+00
1.930297315120697021e-01 -9.743010997772216797e-01 1.160910725593566895e-01 3.936466793498371031e-01
-9.540598392486572266e-01 -2.140051424503326416e-01 -2.096923142671585083e-01 -3.951734573015410756e-01
2.291475385427474976e-01 -7.028107345104217529e-02 -9.708513021469116211e-01 -2.758360117772042042e+00
0.000000000000000000e+00 0.000000000000000000e+00 0.000000000000000000e+00 1.000000000000000000e+00
2.704266905784606934e-01 -9.548763632774353027e-01 1.228023245930671692e-01 3.926983483630346883e-01
-9.398682713508605957e-01 -2.894842624664306641e-01 -1.812362223863601685e-01 -2.911835182662630972e-01
2.086075246334075928e-01 -6.640690565109252930e-02 -9.757422804832458496e-01 -2.746237044061653698e+00
0.000000000000000000e+00 0.000000000000000000e+00 0.000000000000000000e+00 1.000000000000000000e+00
3.275208473205566406e-01 -9.372289180755615234e-01 1.197156235575675964e-01 3.694486831641507485e-01
-9.340390563011169434e-01 -3.402729630470275879e-01 -1.085602343082427979e-01 -5.164095183791859306e-02
1.424817740917205811e-01 -7.626333832740783691e-02 -9.868549704551696777e-01 -2.746930201096307922e+00
0.000000000000000000e+00 0.000000000000000000e+00 0.000000000000000000e+00 1.000000000000000000e+00
3.560431301593780518e-01 -9.212730526924133301e-01 1.564889699220657349e-01 4.633026837360277872e-01
-9.317854046821594238e-01 -3.626901805400848389e-01 -1.521502062678337097e-02 2.476837313654328687e-01
7.077419012784957886e-02 -1.403969824314117432e-01 -9.875625371932983398e-01 -2.710275383814319650e+00
0.000000000000000000e+00 0.000000000000000000e+00 0.000000000000000000e+00 1.000000000000000000e+00
4.012122154235839844e-01 -9.002727270126342773e-01 1.689307689666748047e-01 4.790489999178157987e-01
-9.159567952156066895e-01 -3.957698345184326172e-01 6.625338643789291382e-02 5.058753966099996946e-01
7.211497984826564789e-03 -1.813149601221084595e-01 -9.833990335464477539e-01 -2.664208034840815476e+00
0.000000000000000000e+00 0.000000000000000000e+00 0.000000000000000000e+00 1.000000000000000000e+00
4.534039199352264404e-01 -8.686352372169494629e-01 1.997398287057876587e-01 5.335146003399494630e-01
-8.896039128303527832e-01 -4.271916747093200684e-01 1.615911126136779785e-01 7.763204301856956313e-01
-5.503671616315841675e-02 -2.509554922580718994e-01 -9.664325118064880371e-01 -2.566700817998618156e+00
0.000000000000000000e+00 0.000000000000000000e+00 0.000000000000000000e+00 1.000000000000000000e+00
5.255923867225646973e-01 -8.305091857910156250e-01 1.844111829996109009e-01 4.410906845518002828e-01
-8.450247049331665039e-01 -4.845732748508453369e-01 2.261032909154891968e-01 9.388514060199764089e-01
-9.841991215944290161e-02 -2.746699154376983643e-01 -9.564877748489379883e-01 -2.504978936823681224e+00
0.000000000000000000e+00 0.000000000000000000e+00 0.000000000000000000e+00 1.000000000000000000e+00
5.868428945541381836e-01 -7.896419763565063477e-01 1.791135072708129883e-01 3.873914682933300435e-01
-7.977616190910339355e-01 -5.260168313980102539e-01 2.947582900524139404e-01 1.096329606475749729e+00
-1.385368853807449341e-01 -3.158663213253021240e-01 -9.386352300643920898e-01 -2.419742420687708062e+00
0.000000000000000000e+00 0.000000000000000000e+00 0.000000000000000000e+00 1.000000000000000000e+00
6.654374599456787109e-01 -7.321758866310119629e-01 1.452982276678085327e-01 2.409051841846407971e-01
-7.235074639320373535e-01 -5.847526192665100098e-01 3.668809831142425537e-01 1.235505301723003990e+00
-1.836580336093902588e-01 -3.492603003978729248e-01 -9.188501238822937012e-01 -2.322337576958510841e+00
0.000000000000000000e+00 0.000000000000000000e+00 0.000000000000000000e+00 1.000000000000000000e+00
7.290396094322204590e-01 -6.701437234878540039e-01 1.393159329891204834e-01 1.904122848573441273e-01
-6.511230468750000000e-01 -6.162447333335876465e-01 4.430351555347442627e-01 1.377701693649541426e+00
-2.110445350408554077e-01 -4.137020707130432129e-01 -8.856133222579956055e-01 -2.184322754181316384e+00
0.000000000000000000e+00 0.000000000000000000e+00 0.000000000000000000e+00 1.000000000000000000e+00
7.501866221427917480e-01 -6.513533592224121094e-01 1.138364747166633606e-01 1.050732921315044588e-01
-6.003055572509765625e-01 -5.987206697463989258e-01 5.302519798278808594e-01 1.562295868934396426e+00
-2.772251963615417480e-01 -4.661240875720977783e-01 -8.401632905006408691e-01 -1.989563011557026861e+00
0.000000000000000000e+00 0.000000000000000000e+00 0.000000000000000000e+00 1.000000000000000000e+00
7.793641686439514160e-01 -6.133138537406921387e-01 1.282088756561279297e-01 1.139050685343195729e-01
-5.402292013168334961e-01 -5.540951490402221680e-01 6.333487629890441895e-01 1.807201190784447187e+00
-3.174017369747161865e-01 -5.628713369369506836e-01 -7.631723880767822266e-01 -1.729482600319122598e+00
0.000000000000000000e+00 0.000000000000000000e+00 0.000000000000000000e+00 1.000000000000000000e+00
7.986837625503540039e-01 -5.881685018539428711e-01 1.271287053823471069e-01 9.925853897922087832e-02
-4.886717200279235840e-01 -5.106762647628784180e-01 7.073961496353149414e-01 1.990049504382097822e+00
-3.511466085910797119e-01 -6.271099448204040527e-01 -6.952904462814331055e-01 -1.504975328188109085e+00
0.000000000000000000e+00 0.000000000000000000e+00 0.000000000000000000e+00 1.000000000000000000e+00
8.283618688583374023e-01 -5.475318431854248047e-01 1.184291988611221313e-01 5.201495984409273271e-02
-4.174335002899169922e-01 -4.623260796070098877e-01 7.823064327239990234e-01 2.167719283716470713e+00
-3.735847771167755127e-01 -6.974693536758422852e-01 -6.115315556526184082e-01 -1.283783040943965892e+00
0.000000000000000000e+00 0.000000000000000000e+00 0.000000000000000000e+00 1.000000000000000000e+00
8.582661747932434082e-01 -5.069487094879150391e-01 7.988888770341873169e-02 -7.151980178656706932e-02
-3.297652602195739746e-01 -4.254884123802185059e-01 8.427421450614929199e-01 2.303640286597584019e+00
-3.932353258132934570e-01 -7.496418356895446777e-01 -5.323562622070312500e-01 -1.084997634315469028e+00
0.000000000000000000e+00 0.000000000000000000e+00 0.000000000000000000e+00 1.000000000000000000e+00
8.727170825004577637e-01 -4.852430224418640137e-01 5.389788374304771423e-02 -1.359101357650332742e-01
-2.376403957605361938e-01 -3.257561922073364258e-01 9.151008725166320801e-01 2.435691392650470632e+00
-4.264885187149047852e-01 -8.114323019981384277e-01 -3.996063768863677979e-01 -7.486055866548062543e-01
0.000000000000000000e+00 0.000000000000000000e+00 0.000000000000000000e+00 1.000000000000000000e+00
8.558071851730346680e-01 -5.166854858398437500e-01 2.509131282567977905e-02 -2.530425508584647210e-01
-1.056136935949325562e-01 -1.270375996828079224e-01 9.862589240074157715e-01 2.591376614952611401e+00
-5.063984990119934082e-01 -8.466976284980773926e-01 -1.632886528968811035e-01 -1.255885263133191265e-01
0.000000000000000000e+00 0.000000000000000000e+00 0.000000000000000000e+00 1.000000000000000000e+00
8.470017313957214355e-01 -5.302125811576843262e-01 3.823374584317207336e-02 -2.024884967032200833e-01
-1.105059459805488586e-01 -1.052649766206741333e-01 9.882847666740417480e-01 2.596000237274532552e+00
-5.199767351150512695e-01 -8.413047194480895996e-01 -1.477513164281845093e-01 -1.351753044245112834e-01
0.000000000000000000e+00 0.000000000000000000e+00 0.000000000000000000e+00 1.000000000000000000e+00
8.041230440139770508e-01 -5.939267873764038086e-01 2.524827234447002411e-02 -1.955157425639149626e-01
-1.216295287013053894e-01 -1.228045746684074402e-01 9.849495887756347656e-01 2.591936217845238311e+00
-5.818870067596435547e-01 -7.950907349586486816e-01 -1.709889471530914307e-01 -1.843632914839418990e-01
0.000000000000000000e+00 0.000000000000000000e+00 0.000000000000000000e+00 1.000000000000000000e+00
7.839367389678955078e-01 -6.189018487930297852e-01 4.903567954897880554e-02 -1.263644293466663071e-01
-2.481999248266220093e-01 -2.400266677141189575e-01 9.385007619857788086e-01 2.518967643032389958e+00
-5.690697431564331055e-01 -7.478957176208496094e-01 -3.417769968509674072e-01 -5.457869622108662000e-01
0.000000000000000000e+00 0.000000000000000000e+00 0.000000000000000000e+00 1.000000000000000000e+00
8.060396313667297363e-01 -5.879761576652526855e-01 6.770875304937362671e-02 -8.141712259641814553e-02
-3.026364743709564209e-01 -3.111327290534973145e-01 9.008927345275878906e-01 2.441634827908996108e+00
-5.086367726325988770e-01 -7.466461062431335449e-01 -4.287282526493072510e-01 -7.832795117940699603e-01
0.000000000000000000e+00 0.000000000000000000e+00 0.000000000000000000e+00 1.000000000000000000e+00
7.943696975708007812e-01 -6.009219884872436523e-01 8.871264010667800903e-02 -2.829876941505102966e-02
-3.693871796131134033e-01 -3.619467616081237793e-01 8.558896780014038086e-01 2.356558907869427344e+00
-4.822137057781219482e-01 -7.126626968383789062e-01 -5.094925761222839355e-01 -9.988823926313842305e-01
0.000000000000000000e+00 0.000000000000000000e+00 0.000000000000000000e+00 1.000000000000000000e+00
8.232790827751159668e-01 -5.635669231414794922e-01 6.785141676664352417e-02 -1.404052053267950406e-01
-4.562806487083435059e-01 -5.859215855598449707e-01 6.697043180465698242e-01 1.987752455920721140e+00
-3.376676142215728760e-01 -5.823126435279846191e-01 -7.395213842391967773e-01 -1.657478153961322587e+00
0.000000000000000000e+00 0.000000000000000000e+00 0.000000000000000000e+00 1.000000000000000000e+00
8.252605795860290527e-01 -5.630181431770324707e-01 4.421937838196754456e-02 -2.144867428206340965e-01
-4.712926149368286133e-01 -6.434339284896850586e-01 6.032209396362304688e-01 1.808371721095356044e+00
-3.111721873283386230e-01 -5.186545848846435547e-01 -7.963469028472900391e-01 -1.824331289513877685e+00
0.000000000000000000e+00 0.000000000000000000e+00 0.000000000000000000e+00 1.000000000000000000e+00
8.506975769996643066e-01 -5.237326025962829590e-01 4.490874335169792175e-02 -2.205654568356241740e-01
-4.634015560150146484e-01 -7.068783640861511230e-01 5.343989133834838867e-01 1.613169511391023825e+00
-2.481376379728317261e-01 -4.754228293895721436e-01 -8.440388441085815430e-01 -1.973711735340582640e+00
0.000000000000000000e+00 0.000000000000000000e+00 0.000000000000000000e+00 1.000000000000000000e+00
8.695396184921264648e-01 -4.938158988952636719e-01 6.873094942420721054e-03 -3.077557714215111151e-01
-4.567404389381408691e-01 -7.988051772117614746e-01 3.915329873561859131e-01 1.231153892543872308e+00
-1.878550946712493896e-01 -3.435925245285034180e-01 -9.201381802558898926e-01 -2.188707000019334714e+00
0.000000000000000000e+00 0.000000000000000000e+00 0.000000000000000000e+00 1.000000000000000000e+00
8.737096786499023438e-01 -4.864473640918731689e-01 6.195253808982670307e-04 -3.084648294012775072e-01
-4.704568684101104736e-01 -8.446638584136962891e-01 2.553690671920776367e-01 8.822690138374563729e-01
-1.237003579735755920e-01 -2.234099805355072021e-01 -9.668433070182800293e-01 -2.333655738618705566e+00
0.000000000000000000e+00 0.000000000000000000e+00 0.000000000000000000e+00 1.000000000000000000e+00
8.765774369239807129e-01 -4.812237322330474854e-01 -5.970105528831481934e-03 -2.900522937916565347e-01
-4.804729223251342773e-01 -8.757846951484680176e-01 4.633534327149391174e-02 3.354484460358189701e-01
-2.752620540559291840e-02 -3.774803876876831055e-02 -9.989081025123596191e-01 -2.458196907627345329e+00
0.000000000000000000e+00 0.000000000000000000e+00 0.000000000000000000e+00 1.000000000000000000e+00
8.871444463729858398e-01 -4.614866375923156738e-01 -2.175661968067288399e-03 -2.661262348104493358e-01
-4.610432386398315430e-01 -8.860645890235900879e-01 -4.825617000460624695e-02 7.632242780446435448e-02
2.034180797636508942e-02 4.381325840950012207e-02 -9.988326430320739746e-01 -2.484202989589134880e+00
0.000000000000000000e+00 0.000000000000000000e+00 0.000000000000000000e+00 1.000000000000000000e+00
8.935301303863525391e-01 -4.490021169185638428e-01 -8.461590623483061790e-04 -2.583461714068827630e-01
-4.440091848373413086e-01 -8.833105564117431641e-01 -1.503925323486328125e-01 -2.152080264434858559e-01
6.677922606468200684e-02 1.347559392452239990e-01 -9.886260032653808594e-01 -2.478816121901826541e+00
0.000000000000000000e+00 0.000000000000000000e+00 0.000000000000000000e+00 1.000000000000000000e+00
8.974056839942932129e-01 -4.412001073360443115e-01 -2.308479277417063713e-03 -2.600141495060968588e-01
-4.267562627792358398e-01 -8.666749596595764160e-01 -2.583670318126678467e-01 -5.327875141757875133e-01
1.119909062981605530e-01 2.328452020883560181e-01 -9.660440087318420410e-01 -2.433409921119019881e+00
0.000000000000000000e+00 0.000000000000000000e+00 0.000000000000000000e+00 1.000000000000000000e+00
9.033441543579101562e-01 -4.289153516292572021e-01 -1.048214966431260109e-03 -2.532873081394114712e-01
-3.985267281532287598e-01 -8.384326696395874023e-01 -3.717608451843261719e-01 -8.819502282680584671e-01
1.585750728845596313e-01 3.362456560134887695e-01 -9.283279180526733398e-01 -2.341268876590882453e+00
0.000000000000000000e+00 0.000000000000000000e+00 0.000000000000000000e+00 1.000000000000000000e+00
9.074803590774536133e-01 -4.200908839702606201e-01 -1.610287814401090145e-03 -2.691277882694779744e-01
-3.744299113750457764e-01 -8.070937395095825195e-01 -4.565103352069854736e-01 -1.141956550069734844e+00
1.904763579368591309e-01 4.148772358894348145e-01 -8.897167444229125977e-01 -2.255056504621686830e+00
0.000000000000000000e+00 0.000000000000000000e+00 0.000000000000000000e+00 1.000000000000000000e+00
9.163291454315185547e-01 -4.003773331642150879e-01 -6.202003918588161469e-03 -3.078309301186902269e-01
-3.374598920345306396e-01 -7.638094425201416016e-01 -5.501959323883056641e-01 -1.428535317214421951e+00
2.155489772558212280e-01 5.062534809112548828e-01 -8.350127935409545898e-01 -2.130817074155003876e+00
0.000000000000000000e+00 0.000000000000000000e+00 0.000000000000000000e+00 1.000000000000000000e+00
9.135421514511108398e-01 -4.056201577186584473e-01 -3.020470030605792999e-02 -3.813829419956895617e-01
-3.328692317008972168e-01 -7.028816342353820801e-01 -6.286134719848632812e-01 -1.648874127265816281e+00
2.337481230497360229e-01 5.843192338943481445e-01 -7.771306037902832031e-01 -1.998294665468682618e+00
0.000000000000000000e+00 0.000000000000000000e+00 0.000000000000000000e+00 1.000000000000000000e+00
9.197955131530761719e-01 -3.900491297245025635e-01 -4.287189245223999023e-02 -4.384213567277300827e-01
-2.964937388896942139e-01 -6.192642450332641602e-01 -7.270511388778686523e-01 -1.937610456056188646e+00
2.570366561412811279e-01 6.814499497413635254e-01 -6.852437853813171387e-01 -1.763300771774580111e+00
0.000000000000000000e+00 0.000000000000000000e+00 0.000000000000000000e+00 1.000000000000000000e+00
9.312885403633117676e-01 -3.590150475502014160e-01 -6.171455979347229004e-02 -5.034055530646208698e-01
-2.642352283000946045e-01 -5.491371154785156250e-01 -7.928606271743774414e-01 -2.142240374059085184e+00
2.507592737674713135e-01 7.546899318695068359e-01 -6.062701344490051270e-01 -1.540290189036864543e+00
0.000000000000000000e+00 0.000000000000000000e+00 0.000000000000000000e+00 1.000000000000000000e+00
9.413479566574096680e-01 -3.323637247085571289e-01 -5.829609557986259460e-02 -5.138485418824451090e-01
-2.206755131483078003e-01 -4.756644368171691895e-01 -8.514958620071411133e-01 -2.329566476581835577e+00
2.552773058414459229e-01 8.144186735153198242e-01 -5.211103558540344238e-01 -1.315391774351463150e+00
0.000000000000000000e+00 0.000000000000000000e+00 0.000000000000000000e+00 1.000000000000000000e+00
9.496870636940002441e-01 -3.086168467998504639e-01 -5.338427796959877014e-02 -5.296269703850562394e-01
-1.826664060354232788e-01 -4.073210358619689941e-01 -8.948308825492858887e-01 -2.465806326180123520e+00
2.544153332710266113e-01 8.595608472824096680e-01 -4.432015120983123779e-01 -1.115790280171218951e+00
0.000000000000000000e+00 0.000000000000000000e+00 0.000000000000000000e+00 1.000000000000000000e+00
9.617866873741149902e-01 -2.684388160705566406e-01 -5.391229689121246338e-02 -5.542644328216645988e-01
-1.511774212121963501e-01 -3.564828634262084961e-01 -9.219900369644165039e-01 -2.560686886249680771e+00
2.282792031764984131e-01 8.949079513549804688e-01 -3.834423124790191650e-01 -9.419304500672317504e-01
0.000000000000000000e+00 0.000000000000000000e+00 0.000000000000000000e+00 1.000000000000000000e+00
9.682852625846862793e-01 -2.419509589672088623e-01 -6.232016906142234802e-02 -6.014675783713093749e-01
-1.301816254854202271e-01 -2.756736576557159424e-01 -9.523952007293701172e-01 -2.690294282629438705e+00
2.132528424263000488e-01 9.303028583526611328e-01 -2.984283864498138428e-01 -6.694726189817207240e-01
0.000000000000000000e+00 0.000000000000000000e+00 0.000000000000000000e+00 1.000000000000000000e+00
9.813146591186523438e-01 -1.862154901027679443e-01 -4.843213036656379700e-02 -5.947174374635756378e-01
-8.363347500562667847e-02 -1.861153542995452881e-01 -9.789618253707885742e-01 -2.804104486701507692e+00
1.732839345932006836e-01 9.647199511528015137e-01 -1.982116252183914185e-01 -3.313211886566650999e-01
0.000000000000000000e+00 0.000000000000000000e+00 0.000000000000000000e+00 1.000000000000000000e+00
9.966928958892822266e-01 -8.073888719081878662e-02 -9.182878769934177399e-03 -5.010581458616738537e-01
-1.931670866906642914e-02 -1.256451308727264404e-01 -9.918869733810424805e-01 -2.863755450860091312e+00
7.893010228872299194e-02 9.887840151786804199e-01 -1.267893165349960327e-01 -1.215652422770350655e-01
0.000000000000000000e+00 0.000000000000000000e+00 0.000000000000000000e+00 1.000000000000000000e+00
9.971820712089538574e-01 -7.460330426692962646e-02 7.892855443060398102e-03 -4.711400174948083275e-01
-1.020262204110622406e-02 -2.390963435173034668e-01 -9.709422588348388672e-01 -2.820556480618765072e+00
7.432264089584350586e-02 9.681255221366882324e-01 -2.391837984323501587e-01 -4.602730935810806501e-01
0.000000000000000000e+00 0.000000000000000000e+00 0.000000000000000000e+00 1.000000000000000000e+00
9.978499412536621094e-01 -3.325179964303970337e-02 5.647507682442665100e-02 -3.203422145389229758e-01
4.436328634619712830e-02 -2.915690839290618896e-01 -9.555206298828125000e-01 -2.880151429300423782e+00
4.823916777968406677e-02 9.559715986251831055e-01 -2.894670367240905762e-01 -5.967229322332588959e-01
0.000000000000000000e+00 0.000000000000000000e+00 0.000000000000000000e+00 1.000000000000000000e+00
9.888657331466674805e-01 6.253743916749954224e-02 1.350315213203430176e-01 -3.156245564548256638e-02
1.469894200563430786e-01 -2.689791917800903320e-01 -9.518635869026184082e-01 -2.978497498604941729e+00
-2.320647425949573517e-02 9.611131548881530762e-01 -2.751766741275787354e-01 -5.227396977623480767e-01
0.000000000000000000e+00 0.000000000000000000e+00 0.000000000000000000e+00 1.000000000000000000e+00
9.713070392608642578e-01 8.333211392164230347e-02 2.227514833211898804e-01 2.425244074337113698e-01
2.368015050888061523e-01 -2.519079446792602539e-01 -9.383320808410644531e-01 -3.020950331656099053e+00
-2.208033762872219086e-02 9.641567468643188477e-01 -2.644130587577819824e-01 -4.749795017494436444e-01
0.000000000000000000e+00 0.000000000000000000e+00 0.000000000000000000e+00 1.000000000000000000e+00
9.779691100120544434e-01 -1.149895950220525265e-03 2.087476700544357300e-01 1.683312701396322830e-01
1.984042376279830933e-01 -3.057969510555267334e-01 -9.311949014663696289e-01 -2.990816212577101396e+00
6.490514427423477173e-02 9.520959854125976562e-01 -2.988318204879760742e-01 -6.386965984091467208e-01
0.000000000000000000e+00 0.000000000000000000e+00 0.000000000000000000e+00 1.000000000000000000e+00
9.888163805007934570e-01 -1.068454310297966003e-01 1.040510013699531555e-01 -1.949769730136911294e-01
5.757509544491767883e-02 -3.701140880584716797e-01 -9.272006750106811523e-01 -2.913822525636665439e+00
1.375778764486312866e-01 9.228218793869018555e-01 -3.598230481147766113e-01 -9.167640483826924314e-01
0.000000000000000000e+00 0.000000000000000000e+00 0.000000000000000000e+00 1.000000000000000000e+00
9.830446839332580566e-01 -1.817951351404190063e-01 2.394877560436725616e-02 -4.613573145604625836e-01
-3.334856778383255005e-02 -3.056825697422027588e-01 -9.515491127967834473e-01 -2.938141796709585307e+00
1.803077012300491333e-01 9.346165657043457031e-01 -3.065622746944427490e-01 -7.947225355395279855e-01
0.000000000000000000e+00 0.000000000000000000e+00 0.000000000000000000e+00 1.000000000000000000e+00
9.270264506340026855e-01 -3.631582260131835938e-01 -9.347194433212280273e-02 -8.051261935230983324e-01
-2.190319299697875977e-01 -3.220567107200622559e-01 -9.210342168807983398e-01 -2.750545964488835260e+00
3.043780624866485596e-01 8.742969632148742676e-01 -3.780984282493591309e-01 -1.110002888026983658e+00
0.000000000000000000e+00 0.000000000000000000e+00 0.000000000000000000e+00 1.000000000000000000e+00
8.780633211135864258e-01 -4.686673283576965332e-01 -9.672207385301589966e-02 -7.980964581227836252e-01
-2.808299958705902100e-01 -3.409959673881530762e-01 -8.971379399299621582e-01 -2.641246799908218090e+00
3.874774873256683350e-01 8.149069547653198242e-01 -4.310320317745208740e-01 -1.347803488240984393e+00
0.000000000000000000e+00 0.000000000000000000e+00 0.000000000000000000e+00 1.000000000000000000e+00
8.423173427581787109e-01 -5.353087782859802246e-01 -6.282632052898406982e-02 -6.804565062465885994e-01
-3.315514028072357178e-01 -4.227121472358703613e-01 -8.434383869171142578e-01 -2.453242303050397144e+00
4.249419867992401123e-01 7.312723994255065918e-01 -5.335398316383361816e-01 -1.695342132917615707e+00
0.000000000000000000e+00 0.000000000000000000e+00 0.000000000000000000e+00 1.000000000000000000e+00
8.076778650283813477e-01 -5.871288776397705078e-01 -5.417241901159286499e-02 -6.294940116541496433e-01
-4.201678931713104248e-01 -5.086633563041687012e-01 -7.514787912368774414e-01 -2.120843703596252627e+00
4.136597216129302979e-01 6.297144889831542969e-01 -6.575291156768798828e-01 -2.075368926395630975e+00
0.000000000000000000e+00 0.000000000000000000e+00 0.000000000000000000e+00 1.000000000000000000e+00
7.766761779785156250e-01 -6.292910575866699219e-01 -2.768921479582786560e-02 -5.366571541851247185e-01
-5.051090121269226074e-01 -5.959415435791015625e-01 -6.242743730545043945e-01 -1.676423946102754359e+00
3.763490915298461914e-01 4.988449811935424805e-01 -7.807137966156005859e-01 -2.428199378011784759e+00
0.000000000000000000e+00 0.000000000000000000e+00 0.000000000000000000e+00 1.000000000000000000e+00
7.547745704650878906e-01 -6.554279327392578125e-01 -2.701220102608203888e-02 -5.214403636201764281e-01
-5.675182938575744629e-01 -6.317800879478454590e-01 -5.279933214187622070e-01 -1.342368199128062045e+00
3.289955854415893555e-01 4.138455688953399658e-01 -8.488182425498962402e-01 -2.611140682819896863e+00
0.000000000000000000e+00 0.000000000000000000e+00 0.000000000000000000e+00 1.000000000000000000e+00
6.542574167251586914e-01 -7.560575604438781738e-01 -1.799357309937477112e-02 -4.326599372769211471e-01
-6.762207746505737305e-01 -5.741853117942810059e-01 -4.615594148635864258e-01 -1.067084345840954462e+00
3.386339843273162842e-01 3.141461312770843506e-01 -8.869270086288452148e-01 -2.750683789926881229e+00
0.000000000000000000e+00 0.000000000000000000e+00 0.000000000000000000e+00 1.000000000000000000e+00
5.867541432380676270e-01 -8.097327351570129395e-01 7.224415894597768784e-03 -3.100612015090533635e-01
-7.414616942405700684e-01 -5.408267974853515625e-01 -3.971658647060394287e-01 -8.188643840269210772e-01
3.255054354667663574e-01 2.276820838451385498e-01 -9.177183508872985840e-01 -2.849722464389432997e+00
0.000000000000000000e+00 0.000000000000000000e+00 0.000000000000000000e+00 1.000000000000000000e+00
5.429294109344482422e-01 -8.388281464576721191e-01 3.993571922183036804e-02 -1.716560639924008258e-01
-7.828727960586547852e-01 -5.227741599082946777e-01 -3.373684287071228027e-01 -5.991527472618083383e-01
3.038715422153472900e-01 1.519026607275009155e-01 -9.405252337455749512e-01 -2.909797821668756335e+00
0.000000000000000000e+00 0.000000000000000000e+00 0.000000000000000000e+00 1.000000000000000000e+00
5.087623596191406250e-01 -8.542300462722778320e-01 1.070124432444572449e-01 6.838426281061574241e-02
-8.177289962768554688e-01 -5.183694958686828613e-01 -2.502239644527435303e-01 -3.045125631142475697e-01
2.692208588123321533e-01 3.979729861021041870e-02 -9.622558355331420898e-01 -2.961852480092071804e+00
0.000000000000000000e+00 0.000000000000000000e+00 0.000000000000000000e+00 1.000000000000000000e+00
4.366934299468994141e-01 -8.868693113327026367e-01 1.508693695068359375e-01 2.574709854086177918e-01
-8.614723682403564453e-01 -4.605703353881835938e-01 -2.138696759939193726e-01 -1.584090830491416413e-01
2.591603994369506836e-01 -3.657434508204460144e-02 -9.651415348052978516e-01 -2.967769977149459670e+00
0.000000000000000000e+00 0.000000000000000000e+00 0.000000000000000000e+00 1.000000000000000000e+00
3.579981327056884766e-01 -8.989799022674560547e-01 2.523337006568908691e-01 6.299427949132831994e-01
-8.947136402130126953e-01 -4.075741767883300781e-01 -1.826752722263336182e-01 -3.816176421278769104e-02
2.670662999153137207e-01 -1.603692024946212769e-01 -9.502403736114501953e-01 -2.925304726874353278e+00
0.000000000000000000e+00 0.000000000000000000e+00 0.000000000000000000e+00 1.000000000000000000e+00
2.932930886745452881e-01 -8.888708353042602539e-01 3.519751131534576416e-01 9.822699350520447403e-01
-9.144935607910156250e-01 -3.681798577308654785e-01 -1.677671372890472412e-01 1.885765820276167140e-02
2.787135243415832520e-01 -2.726739346981048584e-01 -9.208515286445617676e-01 -2.841507504963203701e+00
0.000000000000000000e+00 0.000000000000000000e+00 0.000000000000000000e+00 1.000000000000000000e+00
2.757174074649810791e-01 -8.622861504554748535e-01 4.247849881649017334e-01 1.211740371595401822e+00
-9.324572086334228516e-01 -3.472574055194854736e-01 -9.967485070228576660e-02 2.464550987941301896e-01
2.334579080343246460e-01 -3.686118125915527344e-01 -8.997903466224670410e-01 -2.745197584447982120e+00
0.000000000000000000e+00 0.000000000000000000e+00 0.000000000000000000e+00 1.000000000000000000e+00
1.747594773769378662e-01 -7.853004932403564453e-01 5.939373373985290527e-01 1.787111069099921012e+00
-9.623161554336547852e-01 -2.638688087463378906e-01 -6.573475897312164307e-02 3.528017924426055663e-01
2.083431184291839600e-01 -5.600676536560058594e-01 -8.018213510513305664e-01 -2.431783540720034331e+00
0.000000000000000000e+00 0.000000000000000000e+00 0.000000000000000000e+00 1.000000000000000000e+00
1.379164904356002808e-01 -6.770408749580383301e-01 7.229070663452148438e-01 2.202945273309994789e+00
-9.729453325271606445e-01 -2.292026877403259277e-01 -2.904162555932998657e-02 4.717115089444337550e-01
1.853545308113098145e-01 -6.993436217308044434e-01 -6.903347969055175781e-01 -2.083003587555985803e+00
0.000000000000000000e+00 0.000000000000000000e+00 0.000000000000000000e+00 1.000000000000000000e+00
1.104049086570739746e-01 -5.775898098945617676e-01 8.088263869285583496e-01 2.472870197663679104e+00
-9.825765490531921387e-01 -1.858568638563156128e-01 1.399824046529829502e-03 5.705995210897401027e-01
1.495172828435897827e-01 -7.948877811431884766e-01 -5.880452394485473633e-01 -1.757056977665648390e+00
0.000000000000000000e+00 0.000000000000000000e+00 0.000000000000000000e+00 1.000000000000000000e+00
8.163677155971527100e-02 -5.148796439170837402e-01 8.533661365509033203e-01 2.625294656956859818e+00
-9.895405173301696777e-01 -1.440492123365402222e-01 7.751344237476587296e-03 5.965902194907487521e-01
1.189356222748756409e-01 -8.450731635093688965e-01 -5.212545394897460938e-01 -1.539695817917180909e+00
0.000000000000000000e+00 0.000000000000000000e+00 0.000000000000000000e+00 1.000000000000000000e+00
1.586056649684906006e-01 -5.132926702499389648e-01 8.434307575225830078e-01 2.533584076192281653e+00
-9.868569374084472656e-01 -1.091939583420753479e-01 1.191236525774002075e-01 9.295340040608239818e-01
3.095221519470214844e-02 -8.512386083602905273e-01 -5.238651037216186523e-01 -1.478772778149618272e+00
0.000000000000000000e+00 0.000000000000000000e+00 0.000000000000000000e+00 1.000000000000000000e+00
2.647987306118011475e-01 -5.826603174209594727e-01 7.683673501014709473e-01 2.239397827810772235e+00
-9.596484899520874023e-01 -8.102586865425109863e-02 2.692762911319732666e-01 1.356009631225882028e+00
-9.463901072740554810e-02 -8.086671233177185059e-01 -5.806049108505249023e-01 -1.554300266880008774e+00
0.000000000000000000e+00 0.000000000000000000e+00 0.000000000000000000e+00 1.000000000000000000e+00
3.227748870849609375e-01 -6.235496997833251953e-01 7.120407819747924805e-01 2.043338691684816411e+00
-9.284964799880981445e-01 -6.267006695270538330e-02 3.660149872303009033e-01 1.617952901994419435e+00
-1.836046725511550903e-01 -7.792672514915466309e-01 -5.991915464401245117e-01 -1.547166295783101386e+00
0.000000000000000000e+00 0.000000000000000000e+00 0.000000000000000000e+00 1.000000000000000000e+00
3.619800806045532227e-01 -6.469252705574035645e-01 6.711618304252624512e-01 1.895165337995091681e+00
-8.920344114303588867e-01 -3.135875239968299866e-02 4.508777856826782227e-01 1.835167538500290574e+00
-2.706374824047088623e-01 -7.619084119796752930e-01 -5.884308815002441406e-01 -1.452409632014722618e+00
0.000000000000000000e+00 0.000000000000000000e+00 0.000000000000000000e+00 1.000000000000000000e+00
4.137580990791320801e-01 -6.524455547332763672e-01 6.349164843559265137e-01 1.745448109461063657e+00
-8.405575156211853027e-01 -5.915000103414058685e-03 5.416910648345947266e-01 2.060970340996631123e+00
-3.496680557727813721e-01 -7.578127384185791016e-01 -5.508657693862915039e-01 -1.270758890682357922e+00
0.000000000000000000e+00 0.000000000000000000e+00 0.000000000000000000e+00 1.000000000000000000e+00
5.117810964584350586e-01 -6.532410383224487305e-01 5.579930543899536133e-01 1.466257314627614772e+00
-7.368585467338562012e-01 1.825339859351515770e-04 6.760469675064086914e-01 2.355211777040135512e+00
-4.417235851287841797e-01 -7.571502923965454102e-01 -4.812528192996978760e-01 -9.716852919391703036e-01
0.000000000000000000e+00 0.000000000000000000e+00 0.000000000000000000e+00 1.000000000000000000e+00
6.084707379341125488e-01 -7.013525962829589844e-01 3.713048994541168213e-01 8.565740332007424351e-01
-5.794907212257385254e-01 -7.302316278219223022e-02 8.117009401321411133e-01 2.661948941481647513e+00
-5.421743392944335938e-01 -7.090640664100646973e-01 -4.508596956729888916e-01 -8.117419276066687450e-01
0.000000000000000000e+00 0.000000000000000000e+00 0.000000000000000000e+00 1.000000000000000000e+00
6.282586455345153809e-01 -7.354530096054077148e-01 2.537726461887359619e-01 5.388262403455010841e-01
-4.871670901775360107e-01 -1.175634860992431641e-01 8.653597235679626465e-01 2.764003897610523452e+00
-6.065965890884399414e-01 -6.672992706298828125e-01 -4.321488142013549805e-01 -7.157227081010048009e-01
0.000000000000000000e+00 0.000000000000000000e+00 0.000000000000000000e+00 1.000000000000000000e+00
5.840608477592468262e-01 -7.890512347221374512e-01 1.904490888118743896e-01 4.119483222511373666e-01
-3.916044235229492188e-01 -6.839465349912643433e-02 9.175878167152404785e-01 2.853614035959580963e+00
-7.109984159469604492e-01 -6.105080246925354004e-01 -3.489425182342529297e-01 -4.533983665263937035e-01
0.000000000000000000e+00 0.000000000000000000e+00 0.000000000000000000e+00 1.000000000000000000e+00
4.009531140327453613e-01 -9.144675731658935547e-01 5.463595315814018250e-02 1.803973453428667217e-01
-2.345400452613830566e-01 -4.481750354170799255e-02 9.710729122161865234e-01 2.924928084665826766e+00
-8.855662941932678223e-01 -4.021689295768737793e-01 -2.324490696191787720e-01 -1.018992310251416317e-01
0.000000000000000000e+00 0.000000000000000000e+00 0.000000000000000000e+00 1.000000000000000000e+00
2.595565319061279297e-01 -9.606679081916809082e-01 -9.873304516077041626e-02 -2.213379288882514062e-01
-2.458891421556472778e-01 -1.646082252264022827e-01 9.552189707756042480e-01 2.948305026410185992e+00
-9.339003562927246094e-01 -2.236556708812713623e-01 -2.789429128170013428e-01 -3.114336248110792793e-01
0.000000000000000000e+00 0.000000000000000000e+00 0.000000000000000000e+00 1.000000000000000000e+00
2.988441288471221924e-01 -9.538521766662597656e-01 2.929665148258209229e-02 1.573245221083872103e-01
-3.602926731109619141e-01 -8.434659987688064575e-02 9.290181398391723633e-01 2.892833975771085253e+00
-8.836750984191894531e-01 -2.881870567798614502e-01 -3.688725829124450684e-01 -5.623570577247921642e-01
0.000000000000000000e+00 0.000000000000000000e+00 0.000000000000000000e+00 1.000000000000000000e+00
2.666030526161193848e-01 -9.632799029350280762e-01 3.186827152967453003e-02 2.286687860595750521e-01
-4.623290300369262695e-01 -9.880462288856506348e-02 8.811865448951721191e-01 2.791336415028356832e+00
-8.456800580024719238e-01 -2.496604770421981812e-01 -4.716936647891998291e-01 -8.952668673904520258e-01
0.000000000000000000e+00 0.000000000000000000e+00 0.000000000000000000e+00 1.000000000000000000e+00
1.636488288640975952e-01 -9.849233031272888184e-01 5.607662722468376160e-02 3.391661092743873396e-01
-4.719188809394836426e-01 -2.824055217206478119e-02 8.811895251274108887e-01 2.787128079862946528e+00
-8.663208484649658203e-01 -1.706692129373550415e-01 -4.694253206253051758e-01 -8.982659029124020478e-01
0.000000000000000000e+00 0.000000000000000000e+00 0.000000000000000000e+00 1.000000000000000000e+00
