1.000000000000000000e+00 0.000000000000000000e+00 0.000000000000000000e+00 -4.146692231928954531e-01
0.000000000000000000e+00 -1.000000000000000000e+00 0.000000000000000000e+00 -7.693198940031911737e-02
0.000000000000000000e+00 0.000000000000000000e+00 -1.000000000000000000e+00 -3.421550398492883005e+00
0.000000000000000000e+00 0.000000000000000000e+00 0.000000000000000000e+00 1.000000000000000000e+00
9.903348684310913086e-01 -1.382640600204467773e-01 -1.094468496739864349e-02 -4.922905893573282787e-01
-1.374705880880355835e-01 -9.889892935752868652e-01 5.479160696268081665e-02 2.602218043264627467e-01
-1.839992217719554901e-02 -5.275746807456016541e-02 -9.984378218650817871e-01 -3.432156468338730892e+00
0.000000000000000000e+00 0.000000000000000000e+00 0.000000000000000000e+00 1.000000000000000000e+00
9.714388847351074219e-01 -2.355791330337524414e-01 -2.844173088669776917e-02 -5.549988178972204977e-01
-2.319673746824264526e-01 -9.680469632148742676e-01 9.526636451482772827e-02 5.286042283221447091e-01
-4.997578263282775879e-02 -8.594786375761032104e-02 -9.950455427169799805e-01 -3.411396919556963780e+00
0.000000000000000000e+00 0.000000000000000000e+00 0.000000000000000000e+00 1.000000000000000000e+00
9.417725801467895508e-01 -3.353077769279479980e-01 -2.516043558716773987e-02 -5.333590349476190484e-01
-3.288625776767730713e-01 -9.340976476669311523e-01 1.389640569686889648e-01 7.853066054417588981e-01
-7.009812444448471069e-02 -1.225982159376144409e-01 -9.899779558181762695e-01 -3.379864810899268601e+00
0.000000000000000000e+00 0.000000000000000000e+00 0.000000000000000000e+00 1.000000000000000000e+00
8.948232531547546387e-01 -4.464181363582611084e-01 -1.349292695522308350e-03 -3.859587844627045961e-01
-4.404818415641784668e-01 -8.834075331687927246e-01 1.598943173885345459e-01 9.375461402818551226e-01
-7.257171720266342163e-02 -1.424828320741653442e-01 -9.871332645416259766e-01 -3.366792758289041121e+00
0.000000000000000000e+00 0.000000000000000000e+00 0.000000000000000000e+00 1.000000000000000000e+00
8.311961889266967773e-01 -5.557611584663391113e-01 1.555514801293611526e-02 -2.549771266763460331e-01
-5.485329031944274902e-01 -8.151803016662597656e-01 1.859896332025527954e-01 1.106964567982459569e+00
-9.068564325571060181e-02 -1.631263792514801025e-01 -9.824286699295043945e-01 -3.348204473895424638e+00
0.000000000000000000e+00 0.000000000000000000e+00 0.000000000000000000e+00 1.000000000000000000e+00
7.539435029029846191e-01 -6.554444432258605957e-01 4.428977146744728088e-02 -7.175441231208749826e-02
-6.524443030357360840e-01 -7.392080426216125488e-01 1.669972091913223267e-01 1.081210145948352519e+00
-7.671813666820526123e-02 -1.548030525445938110e-01 -9.849621057510375977e-01 -3.386181435746522972e+00
0.000000000000000000e+00 0.000000000000000000e+00 0.000000000000000000e+00 1.000000000000000000e+00
6.918348073959350586e-01 -7.177802324295043945e-01 7.846046984195709229e-02 9.449298677179276962e-02
-7.215853929519653320e-01 -6.833704710006713867e-01 1.109889522194862366e-01 8.718457446485610163e-01
-2.604816108942031860e-02 -1.334019750356674194e-01 -9.907197952270507812e-01 -3.462620352145040492e+00
0.000000000000000000e+00 0.000000000000000000e+00 0.000000000000000000e+00 1.000000000000000000e+00
5.857908129692077637e-01 -8.095816373825073242e-01 3.775936737656593323e-02 -1.165724882056761239e-02
-8.096909523010253906e-01 -5.825666785240173340e-01 7.082763314247131348e-02 7.269615014945177700e-01
-3.534341603517532349e-02 -7.206358760595321655e-02 -9.967738389968872070e-01 -3.548074893257333162e+00
0.000000000000000000e+00 0.000000000000000000e+00 0.000000000000000000e+00 1.000000000000000000e+00
4.999148547649383545e-01 -8.650681376457214355e-01 4.173575341701507568e-02 5.768172442801949851e-02
-8.656231164932250977e-01 -4.975188374519348145e-01 5.631547048687934875e-02 6.800762889345512985e-01
-2.795240841805934906e-02 -6.428041309118270874e-02 -9.975404143333435059e-01 -3.589020754961604442e+00
0.000000000000000000e+00 0.000000000000000000e+00 0.000000000000000000e+00 1.000000000000000000e+00
4.043226242065429688e-01 -9.130290746688842773e-01 5.385832488536834717e-02 1.598255338001944859e-01
-9.143669009208679199e-01 -4.048863053321838379e-01 4.883593064732849598e-04 4.474290066501980800e-01
2.136060036718845367e-02 -4.944373667240142822e-02 -9.985485076904296875e-01 -3.644338532430209110e+00
0.000000000000000000e+00 0.000000000000000000e+00 0.000000000000000000e+00 1.000000000000000000e+00
2.919124364852905273e-01 -9.547616839408874512e-01 5.671567469835281372e-02 2.286031404443001902e-01
-9.553336501121520996e-01 -2.939176857471466064e-01 -3.081662766635417938e-02 3.119804480710205441e-01
4.609226435422897339e-02 -4.518665373325347900e-02 -9.979141354560852051e-01 -3.669480939871339498e+00
0.000000000000000000e+00 0.000000000000000000e+00 0.000000000000000000e+00 1.000000000000000000e+00
1.768695563077926636e-01 -9.814780950546264648e-01 7.360118627548217773e-02 3.483540460721540888e-01
-9.815361499786376953e-01 -1.814241260290145874e-01 -6.059611216187477112e-02 1.862290504506486088e-01
7.282679527997970581e-02 -6.152466312050819397e-02 -9.954450726509094238e-01 -3.676549355102869843e+00
0.000000000000000000e+00 0.000000000000000000e+00 0.000000000000000000e+00 1.000000000000000000e+00
1.023987084627151489e-01 -9.917517304420471191e-01 7.709263265132904053e-02 3.982910372567377011e-01
-9.901305437088012695e-01 -1.090723499655723572e-01 -8.800555765628814697e-02 6.565315957863263052e-02
9.568828344345092773e-02 -6.732008606195449829e-02 -9.931323528289794922e-01 -3.671192719352456280e+00
0.000000000000000000e+00 0.000000000000000000e+00 0.000000000000000000e+00 1.000000000000000000e+00
1.795644313097000122e-02 -9.962933063507080078e-01 8.412576466798782349e-02 4.829811633525560866e-01
-9.971097111701965332e-01 -2.405640482902526855e-02 -7.206633687019348145e-02 1.498479842980840471e-01
7.382296770811080933e-02 -8.258857578039169312e-02 -9.938457608222961426e-01 -3.602965242905441734e+00
0.000000000000000000e+00 0.000000000000000000e+00 0.000000000000000000e+00 1.000000000000000000e+00
-9.335926175117492676e-02 -8.722522258758544922e-01 4.800622761249542236e-01 2.058351752093400933e+00
-9.902644157409667969e-01 3.134853392839431763e-02 -1.356211155652999878e-01 -8.681282421558224327e-02
1.032464876770973206e-01 -4.880504012107849121e-01 -8.666873574256896973e-01 -3.042394345724226845e+00
0.000000000000000000e+00 0.000000000000000000e+00 0.000000000000000000e+00 1.000000000000000000e+00
-1.655659079551696777e-01 -8.443031311035156250e-01 5.096474885940551758e-01 2.188225005951497604e+00
-9.773339629173278809e-01 7.133544236421585083e-02 -1.993229538202285767e-01 -3.472432891546954337e-01
1.319330185651779175e-01 -5.310968756675720215e-01 -8.369764685630798340e-01 -2.941895379430029323e+00
0.000000000000000000e+00 0.000000000000000000e+00 0.000000000000000000e+00 1.000000000000000000e+00
-1.323499381542205811e-01 -7.742642164230346680e-01 6.188690662384033203e-01 2.512821620933074485e+00
-9.910655021667480469e-01 1.137710437178611755e-01 -6.960877776145935059e-02 1.343076006557132329e-01
-1.651378162205219269e-02 -6.225523352622985840e-01 -7.824039459228515625e-01 -2.656372044189138304e+00
0.000000000000000000e+00 0.000000000000000000e+00 0.000000000000000000e+00 1.000000000000000000e+00
-8.747722208499908447e-02 -6.857729554176330566e-01 7.225395441055297852e-01 2.784194165366767670e+00
-9.945769309997558594e-01 1.916599832475185394e-02 -1.022217422723770142e-01 5.361771637994308670e-02
5.625267326831817627e-02 -7.275629639625549316e-01 -6.837305426597595215e-01 -2.414932890484541517e+00
0.000000000000000000e+00 0.000000000000000000e+00 0.000000000000000000e+00 1.000000000000000000e+00
-6.216794997453689575e-02 -5.197060108184814453e-01 8.520807027816772461e-01 3.211997536355371441e+00
-9.843300580978393555e-01 -1.092243790626525879e-01 -1.384357213973999023e-01 -7.462686163127708883e-02
1.650138050317764282e-01 -8.473345041275024414e-01 -5.047718882560729980e-01 -1.775604280978617000e+00
0.000000000000000000e+00 0.000000000000000000e+00 0.000000000000000000e+00 1.000000000000000000e+00
-1.257402896881103516e-01 -3.838461637496948242e-01 9.147957563400268555e-01 3.419642660952194824e+00
-9.845413565635681152e-01 -6.505446135997772217e-02 -1.626236885786056519e-01 -2.115983378329955589e-01
1.219339892268180847e-01 -9.211025238037109375e-01 -3.697325289249420166e-01 -1.227908526615324680e+00
0.000000000000000000e+00 0.000000000000000000e+00 0.000000000000000000e+00 1.000000000000000000e+00
-1.950458586215972900e-01 -2.948830425739288330e-01 9.354149699211120605e-01 3.511212866896137097e+00
-9.731394648551940918e-01 -6.074036285281181335e-02 -2.220598459243774414e-01 -4.321092121766856309e-01
1.222991645336151123e-01 -9.536010026931762695e-01 -2.751149833202362061e-01 -8.848191091000324748e-01
0.000000000000000000e+00 0.000000000000000000e+00 0.000000000000000000e+00 1.000000000000000000e+00
-2.744870483875274658e-01 -1.762297004461288452e-01 9.453041553497314453e-01 3.586096497547816231e+00
-9.588110446929931641e-01 -2.453420497477054596e-02 -2.829829156398773193e-01 -6.629599188155334000e-01
7.306226342916488647e-02 -9.840433001518249512e-01 -1.622368246316909790e-01 -4.421508153791395279e-01
0.000000000000000000e+00 0.000000000000000000e+00 0.000000000000000000e+00 1.000000000000000000e+00
-1.938688308000564575e-01 8.072536587715148926e-01 5.574553012847900391e-01 2.103460381599465912e+00
-9.541298151016235352e-01 -2.300576120615005493e-02 -2.985075414180755615e-01 -6.803409781411393631e-01
-2.281466424465179443e-01 -5.897561311721801758e-01 7.746849656105041504e-01 3.158900134564308182e+00
0.000000000000000000e+00 0.000000000000000000e+00 0.000000000000000000e+00 1.000000000000000000e+00
-1.917216479778289795e-01 8.139433860778808594e-01 5.483968853950500488e-01 2.055278752883945792e+00
-9.716017842292785645e-01 -7.844867557287216187e-02 -2.232401669025421143e-01 -4.150124656004289814e-01
-1.386837959289550781e-01 -5.756232142448425293e-01 8.058689832687377930e-01 3.218490466738599842e+00
0.000000000000000000e+00 0.000000000000000000e+00 0.000000000000000000e+00 1.000000000000000000e+00
-1.004740148782730103e-01 8.162678480148315430e-01 5.688683390617370605e-01 2.042446783722892345e+00
-9.918856024742126465e-01 -3.741485252976417542e-02 -1.215020418167114258e-01 -1.410368682022850213e-02
-7.789421826601028442e-02 -5.764603614807128906e-01 8.134032487869262695e-01 3.201080711150045222e+00
0.000000000000000000e+00 0.000000000000000000e+00 0.000000000000000000e+00 1.000000000000000000e+00
1.980776526033878326e-02 8.300368189811706543e-01 5.573565959930419922e-01 1.884505310052396743e+00
-9.997515678405761719e-01 2.213904634118080139e-02 2.559152198955416679e-03 4.688451655687132513e-01
-1.021523028612136841e-02 -5.572687387466430664e-01 8.302689194679260254e-01 3.205157821037811772e+00
0.000000000000000000e+00 0.000000000000000000e+00 0.000000000000000000e+00 1.000000000000000000e+00
5.537759885191917419e-02 8.358853459358215332e-01 5.461032986640930176e-01 1.804528049639851250e+00
-9.921134114265441895e-01 -1.553121954202651978e-02 1.243778988718986511e-01 9.190446340767949307e-01
1.124473065137863159e-01 -5.486840605735778809e-01 8.284327983856201172e-01 3.102188046181261427e+00
0.000000000000000000e+00 0.000000000000000000e+00 0.000000000000000000e+00 1.000000000000000000e+00
3.404030203819274902e-02 8.492391109466552734e-01 5.269100666046142578e-01 1.779259137351848263e+00
-9.774382114410400391e-01 -8.167832344770431519e-02 1.947899162769317627e-01 1.082300086890618074e+00
2.084604203701019287e-01 -5.216527581214904785e-01 8.272984623908996582e-01 3.055459844405356229e+00
0.000000000000000000e+00 0.000000000000000000e+00 0.000000000000000000e+00 1.000000000000000000e+00
-3.940516710281372070e-02 8.473666906356811523e-01 5.295437574386596680e-01 1.884384837452990791e+00
-9.922006726264953613e-01 -9.590218961238861084e-02 7.962755858898162842e-02 6.563845508341941137e-01
1.182581037282943726e-01 -5.222760438919067383e-01 8.445368409156799316e-01 3.292405146097202362e+00
0.000000000000000000e+00 0.000000000000000000e+00 0.000000000000000000e+00 1.000000000000000000e+00
-5.604131519794464111e-02 8.368654847145080566e-01 5.445322990417480469e-01 1.933781188458373101e+00
-9.949113130569458008e-01 -1.069694757461547852e-03 -1.007492840290069580e-01 3.386529254848194299e-03
-8.373121172189712524e-02 -5.474075078964233398e-01 8.326665759086608887e-01 3.460162292845482934e+00
0.000000000000000000e+00 0.000000000000000000e+00 0.000000000000000000e+00 1.000000000000000000e+00
1.171924769878387451e-01 8.181239962577819824e-01 5.629732012748718262e-01 1.850032222229802681e+00
-9.890071153640747070e-01 1.476146876811981201e-01 -8.638534694910049438e-03 3.356506424304253056e-01
-9.017060697078704834e-02 -5.557721257209777832e-01 8.264296650886535645e-01 3.469412658160675900e+00
0.000000000000000000e+00 0.000000000000000000e+00 0.000000000000000000e+00 1.000000000000000000e+00
2.108742445707321167e-01 7.680321931838989258e-01 6.046972274780273438e-01 1.843446731495462343e+00
-9.511343836784362793e-01 3.039532601833343506e-01 -5.436788499355316162e-02 1.554932415460373862e-01
-2.255559265613555908e-01 -5.636834502220153809e-01 7.945976853370666504e-01 3.423177032477906945e+00
0.000000000000000000e+00 0.000000000000000000e+00 0.000000000000000000e+00 1.000000000000000000e+00
3.204485774040222168e-01 7.062311768531799316e-01 6.313083171844482422e-01 1.759495426451866740e+00
-9.171558022499084473e-01 3.980111181735992432e-01 2.029640413820743561e-02 4.113979616568877451e-01
-2.369338274002075195e-01 -5.855121612548828125e-01 7.752661108970642090e-01 3.297055836544086738e+00
0.000000000000000000e+00 0.000000000000000000e+00 0.000000000000000000e+00 1.000000000000000000e+00
3.508369326591491699e-01 7.006838917732238770e-01 6.212532520294189453e-01 1.686274972601715438e+00
-9.245662093162536621e-01 3.644814789295196533e-01 1.110427081584930420e-01 7.557576412262173582e-01
-1.486295014619827271e-01 -6.133477091789245605e-01 7.757020592689514160e-01 3.200633635437800439e+00
0.000000000000000000e+00 0.000000000000000000e+00 0.000000000000000000e+00 1.000000000000000000e+00
3.693841695785522461e-01 6.843557357788085938e-01 6.286593079566955566e-01 1.703279016460653716e+00
-9.263009428977966309e-01 3.252538442611694336e-01 1.902006417512893677e-01 1.045487090275698083e+00
-7.430905848741531372e-02 -6.525847911834716797e-01 7.540629506111145020e-01 3.050511677983401171e+00
0.000000000000000000e+00 0.000000000000000000e+00 0.000000000000000000e+00 1.000000000000000000e+00
5.284268856048583984e-01 5.821018815040588379e-01 6.179987192153930664e-01 1.604422889676525354e+00
-8.453598022460937500e-01 4.279121160507202148e-01 3.197781741619110107e-01 1.454352047992726327e+00
-7.830554246902465820e-02 -6.914106607437133789e-01 7.182058095932006836e-01 2.906510900558335386e+00
0.000000000000000000e+00 0.000000000000000000e+00 0.000000000000000000e+00 1.000000000000000000e+00
6.757683753967285156e-01 3.988364636898040771e-01 6.198923587799072266e-01 1.562131664437256262e+00
-7.147110104560852051e-01 5.602890253067016602e-01 4.186458587646484375e-01 1.776876327444606218e+00
-1.803476661443710327e-01 -7.259514927864074707e-01 6.636783480644226074e-01 2.873583274536705368e+00
0.000000000000000000e+00 0.000000000000000000e+00 0.000000000000000000e+00 1.000000000000000000e+00
6.916903853416442871e-01 3.161955177783966064e-01 6.492954492568969727e-01 1.632952317895233652e+00
-6.596597433090209961e-01 6.425698995590209961e-01 3.898110687732696533e-01 1.666401574989865519e+00
-2.939613759517669678e-01 -6.979427933692932129e-01 6.530409455299377441e-01 2.967082937920347607e+00
0.000000000000000000e+00 0.000000000000000000e+00 0.000000000000000000e+00 1.000000000000000000e+00
7.396779656410217285e-01 2.300457507371902466e-01 6.324201822280883789e-01 1.625139695676242502e+00
-5.787258744239807129e-01 6.970465183258056641e-01 4.233231842517852783e-01 1.694213510459894101e+00
-3.434426486492156982e-01 -6.791206598281860352e-01 6.487233638763427734e-01 2.943331394395106493e+00
0.000000000000000000e+00 0.000000000000000000e+00 0.000000000000000000e+00 1.000000000000000000e+00
7.231504321098327637e-01 2.196340709924697876e-01 6.548392176628112793e-01 1.794278399444320549e+00
-5.530653595924377441e-01 7.520518302917480469e-01 3.585203588008880615e-01 1.376677641138068786e+00
-4.137296080589294434e-01 -6.214329004287719727e-01 6.653184890747070312e-01 3.053966259932606064e+00
0.000000000000000000e+00 0.000000000000000000e+00 0.000000000000000000e+00 1.000000000000000000e+00
7.103136777877807617e-01 3.140200376510620117e-01 6.299570798873901367e-01 1.802019496443349800e+00
-5.966838002204895020e-01 7.433861494064331055e-01 3.022342324256896973e-01 1.126811179197626078e+00
-3.733937740325927734e-01 -5.905662178993225098e-01 7.154079079627990723e-01 3.205248477099739812e+00
0.000000000000000000e+00 0.000000000000000000e+00 0.000000000000000000e+00 1.000000000000000000e+00
8.006333112716674805e-01 1.466736197471618652e-01 5.809242129325866699e-01 1.666702225421536454e+00
-5.323579907417297363e-01 6.190306544303894043e-01 5.774039626121520996e-01 2.130141112336625397e+00
-2.749201953411102295e-01 -7.715484499931335449e-01 5.736994147300720215e-01 2.740700790942372400e+00
0.000000000000000000e+00 0.000000000000000000e+00 0.000000000000000000e+00 1.000000000000000000e+00
8.433465957641601562e-01 8.028529584407806396e-02 5.313386321067810059e-01 1.463557674484640803e+00
-4.795469939708709717e-01 5.586290359497070312e-01 6.767334938049316406e-01 2.506536463964672112e+00
-2.424894273281097412e-01 -8.255227208137512207e-01 5.096185207366943359e-01 2.477031426523632174e+00
0.000000000000000000e+00 0.000000000000000000e+00 0.000000000000000000e+00 1.000000000000000000e+00
8.746808171272277832e-01 1.759439334273338318e-02 4.843798577785491943e-01 1.274089607354133902e+00
-4.301888346672058105e-01 4.886114299297332764e-01 7.590758800506591797e-01 2.823387845548956943e+00
-2.233181297779083252e-01 -8.723238706588745117e-01 4.349480271339416504e-01 2.181849428989017348e+00
0.000000000000000000e+00 0.000000000000000000e+00 0.000000000000000000e+00 1.000000000000000000e+00
9.101684093475341797e-01 -5.226175859570503235e-02 4.109283387660980225e-01 9.791869890521904818e-01
-3.593587875366210938e-01 3.938159048557281494e-01 8.460320234298706055e-01 3.152124133442026466e+00
-2.060452699661254883e-01 -9.177023172378540039e-01 3.396580815315246582e-01 1.802609097105755787e+00
0.000000000000000000e+00 0.000000000000000000e+00 0.000000000000000000e+00 1.000000000000000000e+00
9.592130780220031738e-01 2.256336659193038940e-01 1.702931672334671021e-01 1.210146742392687047e-02
-2.317954897880554199e-01 2.829825878143310547e-01 9.306942224502563477e-01 3.399571405623437848e+00
1.618059575557708740e-01 -9.322072267532348633e-01 3.237414360046386719e-01 1.479101561316806590e+00
0.000000000000000000e+00 0.000000000000000000e+00 0.000000000000000000e+00 1.000000000000000000e+00
9.831364154815673828e-01 7.729766517877578735e-02 1.657343357801437378e-01 1.567266833587496744e-02
-1.781383454799652100e-01 1.998919099569320679e-01 9.634884595870971680e-01 3.493543824858540869e+00
4.134645685553550720e-02 -9.767642021179199219e-01 2.102907299995422363e-01 1.108567572202206808e+00
0.000000000000000000e+00 0.000000000000000000e+00 0.000000000000000000e+00 1.000000000000000000e+00
9.882934689521789551e-01 8.523040264844894409e-02 1.265376806259155273e-01 -1.362800223653100329e-01
-1.338995099067687988e-01 8.703947812318801880e-02 9.871650934219360352e-01 3.553645002218297044e+00
7.312268763780593872e-02 -9.925521612167358398e-01 9.743288904428482056e-02 6.377173938916498308e-01
0.000000000000000000e+00 0.000000000000000000e+00 0.000000000000000000e+00 1.000000000000000000e+00
9.895674586296081543e-01 7.694415748119354248e-02 1.218022853136062622e-01 -1.622107045160195438e-01
-1.242450028657913208e-01 2.778239548206329346e-02 9.918625354766845703e-01 3.550987711034259586e+00
7.293406873941421509e-02 -9.966481924057006836e-01 3.705245256423950195e-02 3.997738414190317169e-01
0.000000000000000000e+00 0.000000000000000000e+00 0.000000000000000000e+00 1.000000000000000000e+00
9.819893836975097656e-01 1.696958094835281372e-01 8.306714147329330444e-02 -3.181085173760259677e-01
-7.469452172517776489e-02 -5.515211448073387146e-02 9.956801533699035645e-01 3.521041911110374567e+00
1.735440790653228760e-01 -9.839519858360290527e-01 -4.148346558213233948e-02 -4.996007287906202576e-03
0.000000000000000000e+00 0.000000000000000000e+00 0.000000000000000000e+00 1.000000000000000000e+00
9.413980245590209961e-01 3.268083035945892334e-01 8.346285670995712280e-02 -2.989853665257832249e-01
-3.946970030665397644e-02 -1.390116363763809204e-01 9.895038008689880371e-01 3.447667376424931263e+00
3.349803984165191650e-01 -9.348111748695373535e-01 -1.179662048816680908e-01 -4.404731180962095927e-01
0.000000000000000000e+00 0.000000000000000000e+00 0.000000000000000000e+00 1.000000000000000000e+00
9.649714827537536621e-01 1.949061900377273560e-01 1.756177842617034912e-01 -2.992319172260246574e-02
-1.400331854820251465e-01 -1.834204196929931641e-01 9.730094671249389648e-01 3.478656927510480390e+00
2.218574732542037964e-01 -9.635187387466430664e-01 -1.497021615505218506e-01 -3.754854325011039440e-01
0.000000000000000000e+00 0.000000000000000000e+00 0.000000000000000000e+00 1.000000000000000000e+00
9.644368290901184082e-01 8.839217573404312134e-02 2.490952759981155396e-01 2.280826436628893283e-01
-2.285063862800598145e-01 -1.948128789663314819e-01 9.538515210151672363e-01 3.517203333522433084e+00
1.328399777412414551e-01 -9.768493771553039551e-01 -1.676865667104721069e-01 -3.446053667070752557e-01
0.000000000000000000e+00 0.000000000000000000e+00 0.000000000000000000e+00 1.000000000000000000e+00
9.417920708656311035e-01 -5.563271790742874146e-02 3.315609991550445557e-01 5.879630805265820825e-01
-3.340452611446380615e-01 -2.662212252616882324e-01 9.041791558265686035e-01 3.516979968016238356e+00
3.796663135290145874e-02 -9.623051285743713379e-01 -2.693088948726654053e-01 -5.702645057386870331e-01
0.000000000000000000e+00 0.000000000000000000e+00 0.000000000000000000e+00 1.000000000000000000e+00
9.252374172210693359e-01 1.145148649811744690e-02 3.792157471179962158e-01 7.368618705446660089e-01
-3.519514501094818115e-01 -3.472970426082611084e-01 8.692034482955932617e-01 3.450783118416436146e+00
1.416541635990142822e-01 -9.376851320266723633e-01 -3.173018991947174072e-01 -8.052098157829545855e-01
0.000000000000000000e+00 0.000000000000000000e+00 0.000000000000000000e+00 1.000000000000000000e+00
