1.000000000000000000e+00 0.000000000000000000e+00 0.000000000000000000e+00 -4.096739311332171507e-01
0.000000000000000000e+00 -1.000000000000000000e+00 0.000000000000000000e+00 -1.964994255000929863e-02
0.000000000000000000e+00 0.000000000000000000e+00 -1.000000000000000000e+00 -2.664639050480994698e+00
0.000000000000000000e+00 0.000000000000000000e+00 0.000000000000000000e+00 1.000000000000000000e+00
9.963159561157226562e-01 -8.135647326707839966e-02 -2.711859904229640961e-02 -4.679793856000797891e-01
-8.082606643438339233e-02 -9.965252876281738281e-01 2.011419646441936493e-02 6.943941397740599486e-02
-2.866079099476337433e-02 -1.784821413457393646e-02 -9.994300007820129395e-01 -2.712780351792261513e+00
0.000000000000000000e+00 0.000000000000000000e+00 0.000000000000000000e+00 1.000000000000000000e+00
9.846759438514709473e-01 -1.663343310356140137e-01 -5.240501090884208679e-02 -5.216826719486221675e-01
-1.637680381536483765e-01 -9.852316975593566895e-01 4.998314753174781799e-02 2.040260826683525097e-01
-5.994502082467079163e-02 -4.063491150736808777e-02 -9.973743557929992676e-01 -2.701881340424916900e+00
0.000000000000000000e+00 0.000000000000000000e+00 0.000000000000000000e+00 1.000000000000000000e+00
9.646917581558227539e-01 -2.584380507469177246e-01 -5.079026892781257629e-02 -4.959936775972811351e-01
-2.540917694568634033e-01 -9.639616012573242188e-01 7.883571833372116089e-02 3.324167808087144516e-01
-6.933405995368957520e-02 -6.314671784639358521e-02 -9.955926537513732910e-01 -2.699126648276448659e+00
0.000000000000000000e+00 0.000000000000000000e+00 0.000000000000000000e+00 1.000000000000000000e+00
9.356620311737060547e-01 -3.471004068851470947e-01 -6.369530409574508667e-02 -5.085186209638575816e-01
-3.379959166049957275e-01 -9.333311915397644043e-01 1.210429370403289795e-01 4.953409687347078982e-01
-1.014628857374191284e-01 -9.172646701335906982e-02 -9.906014204025268555e-01 -2.674884088053701703e+00
0.000000000000000000e+00 0.000000000000000000e+00 0.000000000000000000e+00 1.000000000000000000e+00
8.913294076919555664e-01 -4.510108828544616699e-01 -4.604314640164375305e-02 -4.291075764588960784e-01
-4.416612982749938965e-01 -8.867673277854919434e-01 1.363028287887573242e-01 5.756265652208426564e-01
-1.023037210106849670e-01 -1.011553257703781128e-01 -9.895968437194824219e-01 -2.681967700409038535e+00
0.000000000000000000e+00 0.000000000000000000e+00 0.000000000000000000e+00 1.000000000000000000e+00
8.434813618659973145e-01 -5.362417101860046387e-01 -3.135965019464492798e-02 -3.585286274104205750e-01
-5.248702168464660645e-01 -8.351963162422180176e-01 1.641890257596969604e-01 6.944280104282948285e-01
-1.142365187406539917e-01 -1.220306754112243652e-01 -9.859306812286376953e-01 -2.672209142076815702e+00
0.000000000000000000e+00 0.000000000000000000e+00 0.000000000000000000e+00 1.000000000000000000e+00
7.918616533279418945e-01 -6.104072332382202148e-01 -1.891634613275527954e-02 -2.954772409657412391e-01
-5.991491675376892090e-01 -7.825068831443786621e-01 1.694213151931762695e-01 7.410196421907490061e-01
-1.182181760668754578e-01 -1.228244751691818237e-01 -9.853621125221252441e-01 -2.678312621555126061e+00
0.000000000000000000e+00 0.000000000000000000e+00 0.000000000000000000e+00 1.000000000000000000e+00
7.202109098434448242e-01 -6.935423016548156738e-01 1.719919778406620026e-02 -1.437723425542501710e-01
-6.861734390258789062e-01 -7.084652781486511230e-01 1.650531589984893799e-01 7.560810449948932588e-01
-1.022863537073135376e-01 -1.306747347116470337e-01 -9.861345887184143066e-01 -2.691104845667200873e+00
0.000000000000000000e+00 0.000000000000000000e+00 0.000000000000000000e+00 1.000000000000000000e+00
6.436328291893005371e-01 -7.652135491371154785e-01 1.360034383833408356e-02 -1.054446406449738444e-01
-7.590793371200561523e-01 -6.360042691230773926e-01 1.389118283987045288e-01 7.086073764246079154e-01
-9.764733910560607910e-02 -9.973194450139999390e-02 -9.902110695838928223e-01 -2.717996137727386241e+00
0.000000000000000000e+00 0.000000000000000000e+00 0.000000000000000000e+00 1.000000000000000000e+00
5.474786162376403809e-01 -8.361980319023132324e-01 3.225867822766304016e-02 8.781617041242934006e-04
-8.346478939056396484e-01 -5.428766608238220215e-01 9.299179166555404663e-02 5.898649130309125965e-01
-6.024705246090888977e-02 -7.783564925193786621e-02 -9.951441287994384766e-01 -2.768141303045682733e+00
0.000000000000000000e+00 0.000000000000000000e+00 0.000000000000000000e+00 1.000000000000000000e+00
4.584027826786041260e-01 -8.861835002899169922e-01 6.741409003734588623e-02 1.643014153223419649e-01
-8.886100053787231445e-01 -4.556926190853118896e-01 5.212264880537986755e-02 4.785564001693548009e-01
-1.547013968229293823e-02 -8.379805088043212891e-02 -9.963626861572265625e-01 -2.807254178792917276e+00
0.000000000000000000e+00 0.000000000000000000e+00 0.000000000000000000e+00 1.000000000000000000e+00
3.524510860443115234e-01 -9.320448040962219238e-01 8.408233523368835449e-02 2.524178306149340578e-01
-9.356644749641418457e-01 -3.526562750339508057e-01 1.289594452828168869e-02 3.410069473519309891e-01
1.763254962861537933e-02 -8.321800827980041504e-02 -9.963751435279846191e-01 -2.823562960727298066e+00
0.000000000000000000e+00 0.000000000000000000e+00 0.000000000000000000e+00 1.000000000000000000e+00
2.714680731296539307e-01 -9.572157859802246094e-01 1.002119332551956177e-01 3.257932764658389435e-01
-9.595578908920288086e-01 -2.772442102432250977e-01 -4.882820323109626770e-02 1.258078849851189118e-01
7.452230900526046753e-02 -8.290384709835052490e-02 -9.937672615051269531e-01 -2.819126976456159728e+00
0.000000000000000000e+00 0.000000000000000000e+00 0.000000000000000000e+00 1.000000000000000000e+00
1.915573328733444214e-01 -9.727278351783752441e-01 1.307894438505172729e-01 4.284503644793660193e-01
-9.727571010589599609e-01 -2.058900594711303711e-01 -1.065551713109016418e-01 -7.607310539306623431e-02
1.305774301290512085e-01 -1.068149358034133911e-01 -9.856677055358886719e-01 -2.807210304601631456e+00
0.000000000000000000e+00 0.000000000000000000e+00 0.000000000000000000e+00 1.000000000000000000e+00
1.142734736204147339e-01 -9.843779802322387695e-01 1.339471042156219482e-01 4.552037563691421207e-01
-9.701383113861083984e-01 -1.396099328994750977e-01 -1.983458250761032104e-01 -3.658947814757511074e-01
2.139475494623184204e-01 -1.072815656661987305e-01 -9.709362387657165527e-01 -2.778987058319202674e+00
0.000000000000000000e+00 0.000000000000000000e+00 0.000000000000000000e+00 1.000000000000000000e+00
1.926745921373367310e-01 -9.736996889114379883e-01 1.215953454375267029e-01 4.080389317522949422e-01
-9.540064334869384766e-01 -2.148823887109756470e-01 -2.090378850698471069e-01 -3.902269871569509774e-01
2.296687960624694824e-01 -7.572653144598007202e-02 -9.703184366226196289e-01 -2.756120050571674529e+00
0.000000000000000000e+00 0.000000000000000000e+00 0.000000000000000000e+00 1.000000000000000000e+00
2.736985385417938232e-01 -9.534849524497985840e-01 1.263141483068466187e-01 3.996892454462205868e-01
-9.387872815132141113e-01 -2.933973371982574463e-01 -1.805435121059417725e-01 -2.901834143540518718e-01
2.092058807611465454e-01 -6.916765123605728149e-02 -9.754224419593811035e-01 -2.745545818595169330e+00
0.000000000000000000e+00 0.000000000000000000e+00 0.000000000000000000e+00 1.000000000000000000e+00
3.276415765285491943e-01 -9.370128512382507324e-01 1.210679709911346436e-01 3.722295204674890834e-01
-9.340329766273498535e-01 -3.405291140079498291e-01 -1.078079342842102051e-01 -5.074214315468428271e-02
1.422446668148040771e-01 -7.775918394327163696e-02 -9.867722392082214355e-01 -2.747302441876462442e+00
0.000000000000000000e+00 0.000000000000000000e+00 0.000000000000000000e+00 1.000000000000000000e+00
3.626481294631958008e-01 -9.179557561874389648e-01 1.607581377029418945e-01 4.727169400419810041e-01
-9.292989373207092285e-01 -3.691478073596954346e-01 -1.152639184147119522e-02 2.606008003166264686e-01
6.992421299219131470e-02 -1.452123969793319702e-01 -9.869264364242553711e-01 -2.708744754008895139e+00
0.000000000000000000e+00 0.000000000000000000e+00 0.000000000000000000e+00 1.000000000000000000e+00
4.045036435127258301e-01 -8.978791236877441406e-01 1.737520545721054077e-01 4.888987903537738711e-01
-9.145072102546691895e-01 -3.986462056636810303e-01 6.898005306720733643e-02 5.128951982311553692e-01
7.329778745770454407e-03 -1.868001818656921387e-01 -9.823708534240722656e-01 -2.660559302568032081e+00
0.000000000000000000e+00 0.000000000000000000e+00 0.000000000000000000e+00 1.000000000000000000e+00
4.540526568889617920e-01 -8.673577308654785156e-01 2.037779241800308228e-01 5.458273126538673026e-01
-8.895398378372192383e-01 -4.283316135406494141e-01 1.589044630527496338e-01 7.683901701107814786e-01
-5.054263770580291748e-02 -2.534196674823760986e-01 -9.660349488258361816e-01 -2.568063125434958849e+00
0.000000000000000000e+00 0.000000000000000000e+00 0.000000000000000000e+00 1.000000000000000000e+00
5.301988124847412109e-01 -8.280161619186401367e-01 1.824247092008590698e-01 4.328219861397032409e-01
-8.419098258018493652e-01 -4.886656105518341064e-01 2.288984954357147217e-01 9.455360115790913955e-01
-1.003868058323860168e-01 -2.749466598033905029e-01 -9.562041759490966797e-01 -2.502775845356850493e+00
0.000000000000000000e+00 0.000000000000000000e+00 0.000000000000000000e+00 1.000000000000000000e+00
5.918751358985900879e-01 -7.870295643806457520e-01 1.739796847105026245e-01 3.702752908639659890e-01
-7.942766547203063965e-01 -5.327687859535217285e-01 2.920307517051696777e-01 1.087233300087463661e+00
-1.371459811925888062e-01 -3.110333681106567383e-01 -9.404516220092773438e-01 -2.425430888947817554e+00
0.000000000000000000e+00 0.000000000000000000e+00 0.000000000000000000e+00 1.000000000000000000e+00
6.628218293190002441e-01 -7.338890433311462402e-01 1.485752463340759277e-01 2.467056316601666799e-01
-7.261365652084350586e-01 -5.815733075141906738e-01 3.667401671409606934e-01 1.234243297862338995e+00
-1.827393621206283569e-01 -3.509688079357147217e-01 -9.183821678161621094e-01 -2.323034597129504775e+00
0.000000000000000000e+00 0.000000000000000000e+00 0.000000000000000000e+00 1.000000000000000000e+00
7.292637228965759277e-01 -6.695212721824645996e-01 1.411236673593521118e-01 1.919305836695417711e-01
-6.521743535995483398e-01 -6.177578568458557129e-01 4.393665492534637451e-01 1.365275915613111790e+00
-2.069849967956542969e-01 -4.124513566493988037e-01 -8.871533870697021484e-01 -2.193590970136715779e+00
0.000000000000000000e+00 0.000000000000000000e+00 0.000000000000000000e+00 1.000000000000000000e+00
7.491008639335632324e-01 -6.501589417457580566e-01 1.270477026700973511e-01 1.346437899662361048e-01
-6.068867444992065430e-01 -5.966359376907348633e-01 5.250850915908813477e-01 1.548782480049204935e+00
-2.655875384807586670e-01 -4.704448282718658447e-01 -8.415133953094482422e-01 -1.997511276606666941e+00
0.000000000000000000e+00 0.000000000000000000e+00 0.000000000000000000e+00 1.000000000000000000e+00
7.823480367660522461e-01 -6.084061264991760254e-01 1.333167552947998047e-01 1.271809004038400304e-01
-5.397301912307739258e-01 -5.554155111312866211e-01 6.326171755790710449e-01 1.804890897284191720e+00
-3.108422458171844482e-01 -5.668817162513732910e-01 -7.629039883613586426e-01 -1.730475288389253352e+00
0.000000000000000000e+00 0.000000000000000000e+00 0.000000000000000000e+00 1.000000000000000000e+00
8.030432462692260742e-01 -5.834181904792785645e-01 1.214283630251884460e-01 8.021423829737885092e-02
-4.834156334400177002e-01 -5.186136364936828613e-01 7.052298784255981445e-01 1.980098341109513216e+00
-3.484696149826049805e-01 -6.250304579734802246e-01 -6.985026001930236816e-01 -1.514170558460520732e+00
0.000000000000000000e+00 0.000000000000000000e+00 0.000000000000000000e+00 1.000000000000000000e+00
8.327918052673339844e-01 -5.401637554168701172e-01 1.211650669574737549e-01 5.026620942770603645e-02
-4.153031706809997559e-01 -4.648963510990142822e-01 7.819170951843261719e-01 2.165221214196277888e+00
-3.660342097282409668e-01 -7.014946341514587402e-01 -6.114938259124755859e-01 -1.284733786390980459e+00
0.000000000000000000e+00 0.000000000000000000e+00 0.000000000000000000e+00 1.000000000000000000e+00
8.659780621528625488e-01 -4.918810725212097168e-01 9.019532799720764160e-02 -4.947434861855309896e-02
-3.338492512702941895e-01 -4.343523383140563965e-01 8.365898728370666504e-01 2.286184705046952370e+00
-3.723261952400207520e-01 -7.545802593231201172e-01 -5.403536558151245117e-01 -1.114527379511046412e+00
0.000000000000000000e+00 0.000000000000000000e+00 0.000000000000000000e+00 1.000000000000000000e+00
8.801473379135131836e-01 -4.708146750926971436e-01 6.061791256070137024e-02 -1.238191743754680774e-01
-2.461067587137222290e-01 -3.433783352375030518e-01 9.063785672187805176e-01 2.415490500853909595e+00
-4.059214293956756592e-01 -8.126652836799621582e-01 -4.180943667888641357e-01 -8.002356450036491875e-01
0.000000000000000000e+00 0.000000000000000000e+00 0.000000000000000000e+00 1.000000000000000000e+00
8.515507578849792480e-01 -5.238481760025024414e-01 2.106816507875919342e-02 -2.587662529915291110e-01
-1.037558838725090027e-01 -1.289992034435272217e-01 9.862015247344970703e-01 2.587472639743102487e+00
-5.139024853706359863e-01 -8.419868946075439453e-01 -1.642016172409057617e-01 -1.327045872892947398e-01
0.000000000000000000e+00 0.000000000000000000e+00 0.000000000000000000e+00 1.000000000000000000e+00
8.603799343109130859e-01 -5.085371732711791992e-01 3.369900956749916077e-02 -2.183080917524504727e-01
-1.037101224064826965e-01 -1.099590212106704712e-01 9.885101914405822754e-01 2.590799903884766220e+00
-4.989889860153198242e-01 -8.539898991584777832e-01 -1.473470181226730347e-01 -1.505909430340844068e-01
0.000000000000000000e+00 0.000000000000000000e+00 0.000000000000000000e+00 1.000000000000000000e+00
8.148027658462524414e-01 -5.793143510818481445e-01 2.217112481594085693e-02 -2.020492029137418155e-01
-1.123382151126861572e-01 -1.202537268400192261e-01 9.863666892051696777e-01 2.589355918708673432e+00
-5.687500238418579102e-01 -8.061845302581787109e-01 -1.630621403455734253e-01 -1.772433587485545137e-01
0.000000000000000000e+00 0.000000000000000000e+00 0.000000000000000000e+00 1.000000000000000000e+00
7.964582443237304688e-01 -6.026977896690368652e-01 4.909588396549224854e-02 -1.307454587787592049e-01
-2.429819852113723755e-01 -2.446330785751342773e-01 9.386770725250244141e-01 2.516104507128102075e+00
-5.537276268005371094e-01 -7.595464587211608887e-01 -3.412845730781555176e-01 -5.533763349960965083e-01
0.000000000000000000e+00 0.000000000000000000e+00 0.000000000000000000e+00 1.000000000000000000e+00
8.162649869918823242e-01 -5.731286406517028809e-01 7.235451042652130127e-02 -7.589883066591265881e-02
-3.044904172420501709e-01 -3.204214572906494141e-01 8.970038294792175293e-01 2.431834326953656866e+00
-4.909143149852752686e-01 -7.542238831520080566e-01 -4.360607862472534180e-01 -8.099431547485270722e-01
0.000000000000000000e+00 0.000000000000000000e+00 0.000000000000000000e+00 1.000000000000000000e+00
8.004407882690429688e-01 -5.930562615394592285e-01 8.705740422010421753e-02 -4.068716643355141382e-02
-3.680841028690338135e-01 -3.716905713081359863e-01 8.522674441337585449e-01 2.345521651408785768e+00
-4.730841219425201416e-01 -7.142344713211059570e-01 -5.158110857009887695e-01 -1.019356946246861906e+00
0.000000000000000000e+00 0.000000000000000000e+00 0.000000000000000000e+00 1.000000000000000000e+00
8.262790441513061523e-01 -5.591284632682800293e-01 6.810580193996429443e-02 -1.429596180006555139e-01
-4.548900425434112549e-01 -5.911013484001159668e-01 6.660887598991394043e-01 1.976945194041442644e+00
-3.321718275547027588e-01 -5.813558697700500488e-01 -7.427564859390258789e-01 -1.671173800100251627e+00
0.000000000000000000e+00 0.000000000000000000e+00 0.000000000000000000e+00 1.000000000000000000e+00
8.283113837242126465e-01 -5.587797760963439941e-01 4.080790653824806213e-02 -2.258427080292953748e-01
-4.676326513290405273e-01 -6.494053602218627930e-01 5.996601581573486328e-01 1.797531346618880699e+00
-3.085772395133972168e-01 -5.157883763313293457e-01 -7.992133498191833496e-01 -1.833576740558704454e+00
0.000000000000000000e+00 0.000000000000000000e+00 0.000000000000000000e+00 1.000000000000000000e+00
8.494737148284912109e-01 -5.256777405738830566e-01 4.534888640046119690e-02 -2.182624757005829363e-01
-4.660021960735321045e-01 -7.071678638458251953e-01 5.317476987838745117e-01 1.606467797656690344e+00
-2.474589794874191284e-01 -4.728384613990783691e-01 -8.456878662109375000e-01 -1.977946422614595523e+00
0.000000000000000000e+00 0.000000000000000000e+00 0.000000000000000000e+00 1.000000000000000000e+00
8.686519265174865723e-01 -4.953741133213043213e-01 6.969741079956293106e-03 -3.071309436108642377e-01
-4.583848118782043457e-01 -7.982937097549438477e-01 3.906534612178802490e-01 1.227635403153396698e+00
-1.879558861255645752e-01 -3.425366580486297607e-01 -9.205114245414733887e-01 -2.190567652043487801e+00
0.000000000000000000e+00 0.000000000000000000e+00 0.000000000000000000e+00 1.000000000000000000e+00
8.771893382072448730e-01 -4.801207482814788818e-01 4.785961471498012543e-03 -3.009019466938046561e-01
-4.651255011558532715e-01 -8.472346663475036621e-01 2.566159963607788086e-01 8.817135500194791531e-01
-1.191519349813461304e-01 -2.273270487785339355e-01 -9.665015339851379395e-01 -2.335228311047246486e+00
0.000000000000000000e+00 0.000000000000000000e+00 0.000000000000000000e+00 1.000000000000000000e+00
8.769621849060058594e-01 -4.805506467819213867e-01 2.903548767790198326e-03 -2.682365765128401636e-01
-4.801319837570190430e-01 -8.759108185768127441e-01 4.746454581618309021e-02 3.387514620984939939e-01
-2.026588842272758484e-02 -4.301868751645088196e-02 -9.988683462142944336e-01 -2.460551765164661564e+00
0.000000000000000000e+00 0.000000000000000000e+00 0.000000000000000000e+00 1.000000000000000000e+00
8.865910172462463379e-01 -4.625533521175384521e-01 -4.258701810613274574e-04 -2.623496396232818384e-01
-4.620424509048461914e-01 -8.855678439140319824e-01 -4.781401157379150391e-02 7.736921702949428603e-02
2.173939533531665802e-02 4.258826747536659241e-02 -9.988561868667602539e-01 -2.485640076307478186e+00
0.000000000000000000e+00 0.000000000000000000e+00 0.000000000000000000e+00 1.000000000000000000e+00
8.950148224830627441e-01 -4.459731280803680420e-01 -7.493506651371717453e-03 -2.753009766633452982e-01
-4.418505132198333740e-01 -8.841950297355651855e-01 -1.515490412712097168e-01 -2.242538878594796947e-01
6.096114963293075562e-02 1.389496475458145142e-01 -9.884214997291564941e-01 -2.473570810567534917e+00
0.000000000000000000e+00 0.000000000000000000e+00 0.000000000000000000e+00 1.000000000000000000e+00
8.985291123390197754e-01 -4.389001131057739258e-01 -3.572875401005148888e-03 -2.644433905347854386e-01
-4.250090420246124268e-01 -8.679999709129333496e-01 -2.567949891090393066e-01 -5.301554421138138240e-01
1.096060127019882202e-01 2.322559803724288940e-01 -9.664593935012817383e-01 -2.433813894804821576e+00
0.000000000000000000e+00 0.000000000000000000e+00 0.000000000000000000e+00 1.000000000000000000e+00
9.026478528976440430e-01 -4.303752183914184570e-01 2.103460254147648811e-03 -2.465618292181315785e-01
-3.986075222492218018e-01 -8.378416895866394043e-01 -3.730050325393676758e-01 -8.854900338929796444e-01
1.622945219278335571e-01 3.358535468578338623e-01 -9.278269410133361816e-01 -2.341723622925719450e+00
0.000000000000000000e+00 0.000000000000000000e+00 0.000000000000000000e+00 1.000000000000000000e+00
9.062523245811462402e-01 -4.227309823036193848e-01 2.101649530231952667e-03 -2.593818541149362500e-01
-3.748629093170166016e-01 -8.059107065200805664e-01 -4.582413733005523682e-01 -1.144358317119746671e+00
1.954068690538406372e-01 4.144947826862335205e-01 -8.888252377510070801e-01 -2.254914672330360581e+00
0.000000000000000000e+00 0.000000000000000000e+00 0.000000000000000000e+00 1.000000000000000000e+00
9.181480407714843750e-01 -3.962291777133941650e-01 -2.483096672222018242e-03 -2.983169566059702404e-01
-3.320139050483703613e-01 -7.658967375755310059e-01 -5.506073832511901855e-01 -1.430508828007354349e+00
2.162651717662811279e-01 5.063636302947998047e-01 -8.347605466842651367e-01 -2.130945799376606775e+00
0.000000000000000000e+00 0.000000000000000000e+00 0.000000000000000000e+00 1.000000000000000000e+00
9.131617546081542969e-01 -4.068325161933898926e-01 -2.495037764310836792e-02 -3.692883934080947173e-01
-3.299635946750640869e-01 -7.019127607345581055e-01 -6.312226653099060059e-01 -1.657416625465984783e+00
2.392891496419906616e-01 5.846410393714904785e-01 -7.751998305320739746e-01 -1.996721403194366973e+00
0.000000000000000000e+00 0.000000000000000000e+00 0.000000000000000000e+00 1.000000000000000000e+00
9.209243059158325195e-01 -3.878533244132995605e-01 -3.831909969449043274e-02 -4.253317745943697714e-01
-2.923947572708129883e-01 -6.225478649139404297e-01 -7.259061336517333984e-01 -1.937339760574104286e+00
2.576896548271179199e-01 6.797088980674743652e-01 -6.867257356643676758e-01 -1.768953781961858152e+00
0.000000000000000000e+00 0.000000000000000000e+00 0.000000000000000000e+00 1.000000000000000000e+00
9.298962354660034180e-01 -3.631163537502288818e-01 -5.863824486732482910e-02 -4.968557778622167409e-01
-2.641216516494750977e-01 -5.482415556907653809e-01 -7.935180068016052246e-01 -2.143678564530668407e+00
2.559914886951446533e-01 7.533776164054870605e-01 -6.057150959968566895e-01 -1.541343859473499389e+00
0.000000000000000000e+00 0.000000000000000000e+00 0.000000000000000000e+00 1.000000000000000000e+00
9.397252798080444336e-01 -3.378202021121978760e-01 -5.285605788230895996e-02 -4.997624085426143892e-01
-2.194045633077621460e-01 -4.771791994571685791e-01 -8.509767651557922363e-01 -2.327980659114416095e+00
2.622554302215576172e-01 8.112812638282775879e-01 -5.225366353988647461e-01 -1.320836589083866031e+00
0.000000000000000000e+00 0.000000000000000000e+00 0.000000000000000000e+00 1.000000000000000000e+00
9.509472250938415527e-01 -3.035905063152313232e-01 -5.943130701780319214e-02 -5.451748179373955283e-01
-1.858465969562530518e-01 -4.070660769939422607e-01 -8.942919969558715820e-01 -2.460898763337239892e+00
2.473060935735702515e-01 8.614696264266967773e-01 -4.435196816921234131e-01 -1.115138306929328360e+00
0.000000000000000000e+00 0.000000000000000000e+00 0.000000000000000000e+00 1.000000000000000000e+00
9.614070653915405273e-01 -2.696334123611450195e-01 -5.471979454159736633e-02 -5.572121093256708901e-01
-1.521076411008834839e-01 -3.551749289035797119e-01 -9.223415255546569824e-01 -2.559356587657297233e+00
2.292590439319610596e-01 8.950690031051635742e-01 -3.824809789657592773e-01 -9.401380237902196013e-01
0.000000000000000000e+00 0.000000000000000000e+00 0.000000000000000000e+00 1.000000000000000000e+00
9.687303900718688965e-01 -2.413063794374465942e-01 -5.772877112030982971e-02 -5.893155311383737605e-01
-1.263114959001541138e-01 -2.793679237365722656e-01 -9.518396258354187012e-01 -2.691566082300107965e+00
2.135574370622634888e-01 9.293678402900695801e-01 -3.011120259761810303e-01 -6.766661927535824184e-01
0.000000000000000000e+00 0.000000000000000000e+00 0.000000000000000000e+00 1.000000000000000000e+00
9.806794524192810059e-01 -1.885480284690856934e-01 -5.212837085127830505e-02 -6.033059483769322995e-01
-8.843851089477539062e-02 -1.896356493234634399e-01 -9.778633117675781250e-01 -2.802282741979060798e+00
1.744888424873352051e-01 9.635806083679199219e-01 -2.026466727256774902e-01 -3.455796454710744481e-01
0.000000000000000000e+00 0.000000000000000000e+00 0.000000000000000000e+00 1.000000000000000000e+00
9.961561560630798340e-01 -8.756667375564575195e-02 -2.234730636700987816e-03 -4.881887624996725794e-01
-1.379636209458112717e-02 -1.316514015197753906e-01 -9.911999106407165527e-01 -2.862351200800634654e+00
8.650188893079757690e-02 9.874207377433776855e-01 -1.323534846305847168e-01 -1.441023830211335954e-01
0.000000000000000000e+00 0.000000000000000000e+00 0.000000000000000000e+00 1.000000000000000000e+00
9.965433478355407715e-01 -8.288671821355819702e-02 5.570802371948957443e-03 -4.801018384492707902e-01
-1.484550442546606064e-02 -2.436634153127670288e-01 -9.697462320327758789e-01 -2.813923199585305124e+00
8.173648267984390259e-02 9.663114547729492188e-01 -2.440516650676727295e-01 -4.782493017380555211e-01
0.000000000000000000e+00 0.000000000000000000e+00 0.000000000000000000e+00 1.000000000000000000e+00
9.984414577484130859e-01 -1.936952583491802216e-02 5.233975499868392944e-02 -3.324386257101101805e-01
4.441184550523757935e-02 -2.921744585037231445e-01 -9.553332924842834473e-01 -2.876724275490549321e+00
3.379669040441513062e-02 9.561688303947448730e-01 -2.908588945865631104e-01 -5.945220482729079992e-01
0.000000000000000000e+00 0.000000000000000000e+00 0.000000000000000000e+00 1.000000000000000000e+00
9.890368580818176270e-01 5.769879370927810669e-02 1.359299719333648682e-01 -3.275409954864046125e-02
1.466437429189682007e-01 -2.754862010478973389e-01 -9.500541090965270996e-01 -2.972745288595228352e+00
-1.737016253173351288e-02 9.595718383789062500e-01 -2.809271216392517090e-01 -5.426756197967568252e-01
0.000000000000000000e+00 0.000000000000000000e+00 0.000000000000000000e+00 1.000000000000000000e+00
9.693956375122070312e-01 8.089721202850341797e-02 2.317921668291091919e-01 2.698167930735881348e-01
2.449534237384796143e-01 -2.555472850799560547e-01 -9.352504611015319824e-01 -3.016507724865521212e+00
-1.642528735101222992e-02 9.634061455726623535e-01 -2.675424516201019287e-01 -4.879572253903983747e-01
0.000000000000000000e+00 0.000000000000000000e+00 0.000000000000000000e+00 1.000000000000000000e+00
9.770706295967102051e-01 -3.625998506322503090e-03 2.128845900297164917e-01 1.770464022449781683e-01
2.013751268386840820e-01 -3.089690506458282471e-01 -9.295084476470947266e-01 -2.988746951190607959e+00
6.914511322975158691e-02 9.510651230812072754e-01 -3.011543750762939453e-01 -6.459783344710450237e-01
0.000000000000000000e+00 0.000000000000000000e+00 0.000000000000000000e+00 1.000000000000000000e+00
9.876267910003662109e-01 -1.138850897550582886e-01 1.078121364116668701e-01 -1.890656673221332851e-01
5.842402949929237366e-02 -3.707903623580932617e-01 -9.268769621849060059e-01 -2.912030858190005400e+00
1.455331742763519287e-01 9.217073917388916016e-01 -3.595488667488098145e-01 -9.222955077444269234e-01
0.000000000000000000e+00 0.000000000000000000e+00 0.000000000000000000e+00 1.000000000000000000e+00
9.816356301307678223e-01 -1.895912289619445801e-01 2.113424986600875854e-02 -4.709324084088418183e-01
-3.950640186667442322e-02 -3.104242980480194092e-01 -9.497767686843872070e-01 -2.928395103724691140e+00
1.866299360990524292e-01 9.314997196197509766e-01 -3.122136294841766357e-01 -8.150725719926298352e-01
0.000000000000000000e+00 0.000000000000000000e+00 0.000000000000000000e+00 1.000000000000000000e+00
9.252663850784301758e-01 -3.683285117149353027e-01 -9.063981473445892334e-02 -7.965304392291049362e-01
-2.190320491790771484e-01 -3.237145245075225830e-01 -9.204530715942382812e-01 -2.749002365582842167e+00
3.096877932548522949e-01 8.715174794197082520e-01 -3.801979124546051025e-01 -1.118145206693112792e+00
0.000000000000000000e+00 0.000000000000000000e+00 0.000000000000000000e+00 1.000000000000000000e+00
8.805540800094604492e-01 -4.644937813282012939e-01 -9.417966753244400024e-02 -7.909938060240583324e-01
-2.776669561862945557e-01 -3.445561528205871582e-01 -8.967621326446533203e-01 -2.642939957378217297e+00
3.840903341770172119e-01 8.157985210418701172e-01 -4.323747754096984863e-01 -1.351854814508019587e+00
0.000000000000000000e+00 0.000000000000000000e+00 0.000000000000000000e+00 1.000000000000000000e+00
8.415358066558837891e-01 -5.359457135200500488e-01 -6.768292933702468872e-02 -6.918904240278174189e-01
-3.354005217552185059e-01 -4.201579689979553223e-01 -8.431929945945739746e-01 -2.451143792203046345e+00
4.234674572944641113e-01 7.322771549224853516e-01 -5.333340764045715332e-01 -1.694258937081813743e+00
0.000000000000000000e+00 0.000000000000000000e+00 0.000000000000000000e+00 1.000000000000000000e+00
8.086153864860534668e-01 -5.861241817474365234e-01 -5.097319558262825012e-02 -6.220531281719738903e-01
-4.192140102386474609e-01 -5.132164359092712402e-01 -7.489112019538879395e-01 -2.114195935801519433e+00
4.127951264381408691e-01 6.269501447677612305e-01 -6.607067584991455078e-01 -2.083210541288466278e+00
0.000000000000000000e+00 0.000000000000000000e+00 0.000000000000000000e+00 1.000000000000000000e+00
7.775827646255493164e-01 -6.282325983047485352e-01 -2.624362893402576447e-02 -5.343896656152038460e-01
-5.023390054702758789e-01 -5.955745577812194824e-01 -6.268541812896728516e-01 -1.684709131828872275e+00
3.781802058219909668e-01 5.006140470504760742e-01 -7.786938548088073730e-01 -2.423582654147613535e+00
0.000000000000000000e+00 0.000000000000000000e+00 0.000000000000000000e+00 1.000000000000000000e+00
7.550326585769653320e-01 -6.554076671600341797e-01 -1.914370805025100708e-02 -4.995415199254804040e-01
-5.636565089225769043e-01 -6.338654756546020508e-01 -5.296277403831481934e-01 -1.349517070893708093e+00
3.349874615669250488e-01 4.106765389442443848e-01 -8.480136394500732422e-01 -2.614258509784290307e+00
0.000000000000000000e+00 0.000000000000000000e+00 0.000000000000000000e+00 1.000000000000000000e+00
6.560221314430236816e-01 -7.544806599617004395e-01 -1.983889751136302948e-02 -4.405449089767108917e-01
-6.755838394165039062e-01 -5.752964615821838379e-01 -4.611085355281829834e-01 -1.066420231313425226e+00
3.364843726158142090e-01 3.159000277519226074e-01 -8.871222138404846191e-01 -2.749086934927063020e+00
0.000000000000000000e+00 0.000000000000000000e+00 0.000000000000000000e+00 1.000000000000000000e+00
5.879924893379211426e-01 -8.087720870971679688e-01 1.235499884933233261e-02 -2.932656299035900638e-01
-7.395611405372619629e-01 -5.437353849411010742e-01 -3.967377543449401855e-01 -8.219412341522838172e-01
3.275884985923767090e-01 2.241415679454803467e-01 -9.178492426872253418e-01 -2.852650997673185085e+00
0.000000000000000000e+00 0.000000000000000000e+00 0.000000000000000000e+00 1.000000000000000000e+00
5.414403080940246582e-01 -8.393547534942626953e-01 4.822819307446479797e-02 -1.459336638594086466e-01
-7.834765315055847168e-01 -5.245406031608581543e-01 -3.331992030143737793e-01 -5.878427257817576690e-01
3.049701750278472900e-01 1.426218748092651367e-01 -9.416225552558898926e-01 -2.914153231953382939e+00
0.000000000000000000e+00 0.000000000000000000e+00 0.000000000000000000e+00 1.000000000000000000e+00
5.062152147293090820e-01 -8.542490005493164062e-01 1.183404698967933655e-01 9.851468690318122834e-02
-8.172097206115722656e-01 -5.189877748489379883e-01 -2.506388127803802490e-01 -3.082716879571648638e-01
2.755253612995147705e-01 3.016824834048748016e-02 -9.608203768730163574e-01 -2.962816884485429902e+00
0.000000000000000000e+00 0.000000000000000000e+00 0.000000000000000000e+00 1.000000000000000000e+00
4.385018348693847656e-01 -8.844287395477294922e-01 1.596931517124176025e-01 2.825304265057536068e-01
-8.592239618301391602e-01 -4.646584093570709229e-01 -2.140720933675765991e-01 -1.611297313086169636e-01
2.635342478752136230e-01 -4.334125667810440063e-02 -9.636759757995605469e-01 -2.967278806957706294e+00
0.000000000000000000e+00 0.000000000000000000e+00 0.000000000000000000e+00 1.000000000000000000e+00
3.617400825023651123e-01 -8.968676924705505371e-01 2.545034587383270264e-01 6.347299796684410245e-01
-8.924916982650756836e-01 -4.120483696460723877e-01 -1.835058033466339111e-01 -4.436192988799106396e-02
2.694483101367950439e-01 -1.607610285282135010e-01 -9.495015740394592285e-01 -2.924149373170493060e+00
0.000000000000000000e+00 0.000000000000000000e+00 0.000000000000000000e+00 1.000000000000000000e+00
2.936352491378784180e-01 -8.858388066291809082e-01 3.592598140239715576e-01 1.001288155252058276e+00
-9.133594632148742676e-01 -3.708854913711547852e-01 -1.679850667715072632e-01 1.917514247453088946e-02
2.820518612861633301e-01 -2.788068950176239014e-01 -9.179941415786743164e-01 -2.837112359561940966e+00
0.000000000000000000e+00 0.000000000000000000e+00 0.000000000000000000e+00 1.000000000000000000e+00
2.683569788932800293e-01 -8.564435243606567383e-01 4.410088062286376953e-01 1.262371602246717295e+00
-9.339593648910522461e-01 -3.434751331806182861e-01 -9.871107339859008789e-02 2.492318142689632920e-01
2.360159903764724731e-01 -3.853945732116699219e-01 -8.920578956604003906e-01 -2.723469650044026302e+00
0.000000000000000000e+00 0.000000000000000000e+00 0.000000000000000000e+00 1.000000000000000000e+00
1.789615452289581299e-01 -7.820275425910949707e-01 5.969968438148498535e-01 1.792111071276645928e+00
-9.618061780929565430e-01 -2.668065428733825684e-01 -6.117910891771316528e-02 3.693141133728807812e-01
2.071265578269958496e-01 -5.632466077804565430e-01 -7.999076247215270996e-01 -2.426619631187184822e+00
0.000000000000000000e+00 0.000000000000000000e+00 0.000000000000000000e+00 1.000000000000000000e+00
1.389640867710113525e-01 -6.796527504920959473e-01 7.202507257461547852e-01 2.190563231495695984e+00
-9.736133813858032227e-01 -2.267087101936340332e-01 -2.608253248035907745e-02 4.809063253093803225e-01
1.810140907764434814e-01 -6.976210474967956543e-01 -6.932233572006225586e-01 -2.092628591746181321e+00
0.000000000000000000e+00 0.000000000000000000e+00 0.000000000000000000e+00 1.000000000000000000e+00
1.097592711448669434e-01 -5.750862360000610352e-01 8.106963634490966797e-01 2.476064459539935481e+00
-9.839770793914794922e-01 -1.781665533781051636e-01 6.832964252680540085e-03 5.827966152517789489e-01
1.405093222856521606e-01 -7.984561920166015625e-01 -5.854266285896301270e-01 -1.745454599546180541e+00
0.000000000000000000e+00 0.000000000000000000e+00 0.000000000000000000e+00 1.000000000000000000e+00
7.936555892229080200e-02 -5.040282607078552246e-01 8.600327372550964355e-01 2.643610890096300015e+00
-9.906007647514343262e-01 -1.362990289926528931e-01 1.153550948947668076e-02 6.055934656839959684e-01
1.114073097705841064e-01 -8.528645038604736328e-01 -5.101087093353271484e-01 -1.503964980066140100e+00
0.000000000000000000e+00 0.000000000000000000e+00 0.000000000000000000e+00 1.000000000000000000e+00
1.561014503240585327e-01 -5.163895487785339355e-01 8.420060873031616211e-01 2.526105596115371998e+00
-9.874423742294311523e-01 -1.025521755218505859e-01 1.201704442501068115e-01 9.322584119797727720e-01
2.429473958909511566e-02 -8.501907587051391602e-01 -5.259132981300354004e-01 -1.489740774094456377e+00
0.000000000000000000e+00 0.000000000000000000e+00 0.000000000000000000e+00 1.000000000000000000e+00
2.616241872310638428e-01 -5.791587233543395996e-01 7.720928788185119629e-01 2.249489857590598607e+00
-9.602623581886291504e-01 -7.562600076198577881e-02 2.686572372913360596e-01 1.356636563066142553e+00
-9.720492362976074219e-02 -8.116996884346008301e-01 -5.759301781654357910e-01 -1.540137871089759081e+00
0.000000000000000000e+00 0.000000000000000000e+00 0.000000000000000000e+00 1.000000000000000000e+00
3.221962451934814453e-01 -6.234331130981445312e-01 7.124050259590148926e-01 2.041088000859514917e+00
-9.281360507011413574e-01 -5.983616411685943604e-02 3.674009740352630615e-01 1.623235602969712588e+00
-1.864220798015594482e-01 -7.795835137367248535e-01 -5.979091525077819824e-01 -1.544076614526324942e+00
0.000000000000000000e+00 0.000000000000000000e+00 0.000000000000000000e+00 1.000000000000000000e+00
3.667742908000946045e-01 -6.418514847755432129e-01 6.734264492988586426e-01 1.895386640519690635e+00
-8.896068334579467773e-01 -3.020386025309562683e-02 4.557268619537353516e-01 1.850031645412803627e+00
-2.721689343452453613e-01 -7.662338614463806152e-01 -5.820735692977905273e-01 -1.432019860444984527e+00
0.000000000000000000e+00 0.000000000000000000e+00 0.000000000000000000e+00 1.000000000000000000e+00
4.176782667636871338e-01 -6.477413177490234375e-01 6.371623873710632324e-01 1.744881608110687488e+00
-8.392685055732727051e-01 -6.379011087119579315e-03 5.436800718307495117e-01 2.065949371861798056e+00
-3.480993509292602539e-01 -7.618338465690612793e-01 -5.462935566902160645e-01 -1.262985294582931406e+00
0.000000000000000000e+00 0.000000000000000000e+00 0.000000000000000000e+00 1.000000000000000000e+00
5.194973945617675781e-01 -6.431398987770080566e-01 5.625778436660766602e-01 1.469136592923036222e+00
-7.345351576805114746e-01 2.484802680555731058e-04 6.785706281661987305e-01 2.358435012438939271e+00
-4.365554451942443848e-01 -7.657490372657775879e-01 -4.722795486450195312e-01 -9.506199544020388359e-01
0.000000000000000000e+00 0.000000000000000000e+00 0.000000000000000000e+00 1.000000000000000000e+00
6.255852580070495605e-01 -6.820729374885559082e-01 3.787069916725158691e-01 8.606681299058235313e-01
-5.794813036918640137e-01 -8.124010264873504639e-02 8.109263777732849121e-01 2.662324493521522228e+00
-5.223447084426879883e-01 -7.267574667930603027e-01 -4.460712075233459473e-01 -8.031056793656865533e-01
0.000000000000000000e+00 0.000000000000000000e+00 0.000000000000000000e+00 1.000000000000000000e+00
6.426334381103515625e-01 -7.162692546844482422e-01 2.719945013523101807e-01 5.686109525394943409e-01
-4.977672994136810303e-01 -1.204346939921379089e-01 8.589083552360534668e-01 2.749173593140981975e+00
-5.824517011642456055e-01 -6.873530149459838867e-01 -4.339306652545928955e-01 -7.261693186091474628e-01
0.000000000000000000e+00 0.000000000000000000e+00 0.000000000000000000e+00 1.000000000000000000e+00
5.985741019248962402e-01 -7.780233025550842285e-01 1.907576620578765869e-01 4.017946202590318427e-01
-3.957017362117767334e-01 -8.012218773365020752e-02 9.148773550987243652e-01 2.849173084798862998e+00
-6.965121030807495117e-01 -6.231051087379455566e-01 -3.558242917060852051e-01 -4.786880781432026333e-01
0.000000000000000000e+00 0.000000000000000000e+00 0.000000000000000000e+00 1.000000000000000000e+00
4.185630381107330322e-01 -9.066056013107299805e-01 5.357642099261283875e-02 1.661701730343506933e-01
-2.257310450077056885e-01 -4.671182855963706970e-02 9.730691313743591309e-01 2.924870413559041982e+00
-8.796876668930053711e-01 -4.193845689296722412e-01 -2.242010533809661865e-01 -9.170043898857201115e-02
0.000000000000000000e+00 0.000000000000000000e+00 0.000000000000000000e+00 1.000000000000000000e+00
3.008590638637542725e-01 -9.487503170967102051e-01 -9.673305600881576538e-02 -2.338856026731119808e-01
-2.660344541072845459e-01 -1.809004545211791992e-01 9.468373656272888184e-01 2.935205682959110440e+00
-9.158111214637756348e-01 -2.591300010681152344e-01 -3.068257570266723633e-01 -3.885294089262057438e-01
0.000000000000000000e+00 0.000000000000000000e+00 0.000000000000000000e+00 1.000000000000000000e+00
2.965638041496276855e-01 -9.547967910766601562e-01 2.033255621790885925e-02 1.341377191057441798e-01
-3.757075071334838867e-01 -9.706980735063552856e-02 9.216404557228088379e-01 2.877128946858927172e+00
-8.780057430267333984e-01 -2.809644341468811035e-01 -3.875119090080261230e-01 -6.202633674262777452e-01
0.000000000000000000e+00 0.000000000000000000e+00 0.000000000000000000e+00 1.000000000000000000e+00
2.747628986835479736e-01 -9.610569477081298828e-01 2.958949469029903412e-02 2.128262881306168253e-01
-4.709085226058959961e-01 -1.076732203364372253e-01 8.755864500999450684e-01 2.779083098435660926e+00
-8.383021950721740723e-01 -2.545125186443328857e-01 -4.821542799472808838e-01 -9.279456205794501811e-01
0.000000000000000000e+00 0.000000000000000000e+00 0.000000000000000000e+00 1.000000000000000000e+00
1.669375449419021606e-01 -9.845756292343139648e-01 5.237043276429176331e-02 3.235286852481727982e-01
-4.829712510108947754e-01 -3.535119444131851196e-02 8.749222755432128906e-01 2.772897665279288493e+00
-8.595759868621826172e-01 -1.713507175445556641e-01 -4.814230203628540039e-01 -9.356541642223005217e-01
0.000000000000000000e+00 0.000000000000000000e+00 0.000000000000000000e+00 1.000000000000000000e+00
