0.9103837013244629 0.4133871495723724 0.0176774300634861 -0.03911736980080605 
-0.3321187794208527 0.7045942544937134 0.6270914077758789 -0.1745254248380661 
0.246776282787323 -0.5767648220062256 0.7787448763847351 -0.2167747169733047 
0 0 0 1 

0.9169552326202393 0.3978304862976074 0.03039784356951714 -0.04510439559817314 
-0.2943695783615112 0.6231222748756409 0.7246137261390686 -0.2056364119052887 
0.2693319022655487 -0.6733865141868591 0.6884844303131104 -0.1919962018728256 
0 0 0 1 

0.926664412021637 0.372208446264267 0.05247726291418076 -0.05325404554605484 
-0.2651027739048004 0.5481722354888916 0.7932385802268982 -0.2282897531986237 
0.2664836049079895 -0.7489778399467468 0.6066452264785767 -0.1671830415725708 
0 0 0 1 

0.9336696267127991 0.3548543155193329 0.04836780577898026 -0.05396612361073494 
-0.2244545519351959 0.4745591580867767 0.8511248826980591 -0.2481058537960052 
0.2790720164775848 -0.8055257797241211 0.5227301716804504 -0.1435332894325256 
0 0 0 1 

0.9435153603553772 0.3272741138935089 0.05167591944336891 -0.0577198825776577 
-0.1900321543216705 0.4067638516426086 0.8935496211051941 -0.2622816860675812 
0.2714157700538635 -0.8528979420661926 0.4459805488586426 -0.1220128089189529 
0 0 0 1 

0.9559280872344971 0.2893533110618591 0.04976144060492516 -0.06038937717676163 
-0.1512887477874756 0.3401978611946106 0.928104043006897 -0.2758755385875702 
0.2516212463378906 -0.8947290182113647 0.3689806163311005 -0.09833125025033951 
0 0 0 1 

0.9818413257598877 0.04699649289250374 -0.1837904304265976 0.005584246478974819 
0.158169761300087 0.332094669342041 0.929889976978302 -0.3181488215923309 
0.1047373786568642 -0.9420744776725769 0.3186308145523071 -0.07946406304836273 
0 0 0 1 

0.984072744846344 0.1320753544569016 -0.1189826726913452 -0.0183478407561779 
0.06230368092656136 0.3706157803535461 0.9266941547393799 -0.3119454681873322 
0.1664903163909912 -0.9193475246429443 0.3564841151237488 -0.09965554624795914 
0 0 0 1 

0.9765728712081909 0.2147219181060791 -0.01414023526012897 -0.05395355075597763 
-0.05322032421827316 0.304675281047821 0.9509680867195129 -0.3130609691143036 
0.2085019052028656 -0.9279370903968811 0.3089652061462402 -0.08824823051691055 
0 0 0 1 

0.9425079822540283 0.3324494361877441 0.03399273008108139 -0.06862618774175644 
-0.1447485238313675 0.3144401609897614 0.9381764531135559 -0.3050967752933502 
0.3012077212333679 -0.8891595005989075 0.3444840013980865 -0.107642374932766 
0 0 0 1 

