0.0208673533052206 0.9957147836685181 -0.09009279310703278 0.0430215485394001 
-0.9974324703216553 0.02690819837152958 0.0663655698299408 0.01955562457442284 
0.06850540637969971 0.08847660571336746 0.993719756603241 -0.3113487362861633 
0 0 0 1 

-0.09262825548648834 0.8662543296813965 -0.4909411668777466 0.180598646402359 
-0.9908411502838135 -0.03153896704316139 0.1312971115112305 -0.001416214858181775 
0.09825289249420166 0.4986065924167633 0.8612419962882996 -0.2612466514110565 
0 0 0 1 

-0.1628817915916443 0.8417494893074036 -0.5147110819816589 0.1900720596313477 
-0.9784945845603943 -0.07089515030384064 0.1937066912651062 -0.02315719239413738 
0.1265619844198227 0.5351932644844055 0.8351947069168091 -0.2537205815315247 
0 0 0 1 

-0.1297052949666977 0.7738597989082336 -0.619933545589447 0.2170500010251999 
-0.9913764595985413 -0.112994484603405 0.06636987626552582 0.01747149415314198 
-0.01868803054094315 0.6231960654258728 0.7818423509597778 -0.2296628355979919 
0 0 0 1 

-0.08745376765727997 0.681912899017334 -0.7261864542961121 0.2411249428987503 
-0.9948774576187134 -0.02268362417817116 0.09851127862930298 0.01062253769487143 
0.05070360749959946 0.7310816645622253 0.6804034113883972 -0.207728236913681 
0 0 0 1 

-0.06157552450895309 0.5081026554107666 -0.8590925335884094 0.2790769934654236 
-0.9855616092681885 0.1050626784563065 0.1327786445617676 0.0001952684397110716 
0.1577237397432327 0.8548645973205566 0.4942972362041473 -0.1501621454954147 
0 0 0 1 

-0.1246790811419487 0.3688844740390778 -0.9210751056671143 0.296750396490097 
-0.9853024482727051 0.06321660429239273 0.1586908996105194 -0.01194962579756975 
0.1167658120393753 0.9273229837417603 0.3555810153484344 -0.1023409366607666 
0 0 0 1 

-0.1939738988876343 0.2702373564243317 -0.943051278591156 0.3052140772342682 
-0.9747170805931091 0.05558963119983673 0.2164167463779449 -0.03071350231766701 
0.110907718539238 0.9611875414848328 0.2526221573352814 -0.07027178257703781 
0 0 0 1 

-0.2741870582103729 0.1527501791715622 -0.9494674801826477 0.3105632364749908 
-0.9596059918403625 0.0212901197373867 0.2805401384830475 -0.05152149870991707 
0.06306668370962143 0.9880353212356567 0.1407427042722702 -0.03255841881036758 
0 0 0 1 

-0.3330706357955933 0.1975365728139877 -0.9219775795936584 0.3119951486587524 
-0.9353071451187134 0.05463726818561554 0.3495924770832062 -0.06956380605697632 
0.1194314435124397 0.9787715077400208 0.1665595918893814 -0.04726108908653259 
0 0 0 1 

