0.7390122413635254 0.653703510761261 -0.162887841463089 0.02489795349538326 
-0.6465939879417419 0.6203584671020508 -0.4439273774623871 0.1512038111686707 
-0.1891481280326843 0.4333900213241577 0.8811333775520325 -0.2353285253047943 
0 0 0 1 

0.7672441005706787 0.6249330639839172 -0.1442042887210846 0.01707187108695507 
-0.5922079682350159 0.6039904952049255 -0.5333710908889771 0.1715781837701797 
-0.2462234944105148 0.4946247637271881 0.8334987759590149 -0.2141193002462387 
0 0 0 1 

0.7937906384468079 0.5892373323440552 -0.1506510674953461 0.0160187091678381 
-0.5349076390266418 0.5585074424743652 -0.633989691734314 0.19742351770401 
-0.2894308269023895 0.5838394165039062 0.7585256695747375 -0.1864953488111496 
0 0 0 1 

0.8177798390388489 0.5575920343399048 -0.1425734907388687 0.01187303848564625 
-0.4780589640140533 0.520171582698822 -0.7077294588088989 0.2166877686977386 
-0.3204617202281952 0.6469254493713379 0.6919477581977844 -0.1628073155879974 
0 0 0 1 

0.8480787873268127 0.5110949873924255 -0.1398012340068817 0.007769988384097815 
-0.4121533632278442 0.4704793095588684 -0.7802427411079407 0.235415443778038 
-0.3330045640468597 0.7193268537521362 0.6096529960632324 -0.13966204226017 
0 0 0 1 

0.8797681927680969 0.46436807513237 -0.101833812892437 -0.005094032268971205 
-0.3236365020275116 0.4281056523323059 -0.8437918424606323 0.250613272190094 
-0.3482344746589661 0.7752984166145325 0.5269202589988708 -0.1176983863115311 
0 0 0 1 

0.899202287197113 0.432468056678772 -0.06638265401124954 -0.01480817515403032 
-0.2274746298789978 0.3324822783470154 -0.9152653813362122 0.2644753754138947 
-0.3737519979476929 0.8381090760231018 0.3973443508148193 -0.08288895338773727 
0 0 0 1 

0.9043519496917725 0.4264420568943024 -0.01716903410851955 -0.03289990127086639 
-0.06804976612329483 0.1043650880455971 -0.9922082424163818 0.2815199792385101 
-0.4213274419307709 0.898473858833313 0.1234020888805389 -0.009474650956690311 
0 0 0 1 

0.8997009992599487 0.4354747533798218 -0.02999872528016567 -0.02733558788895607 
-0.07837351411581039 0.09354890882968903 -0.9925251603126526 0.28192338347435 
-0.4294132590293884 0.8953270316123962 0.1182956919074059 -0.0127217136323452 
0 0 0 1 

0.8856296539306641 0.4607739746570587 -0.05785626918077469 -0.01799480617046356 
-0.1090195775032043 0.08518505096435547 -0.990382969379425 0.282823383808136 
-0.4514142274856567 0.8834199905395508 0.1256757527589798 -0.0148719185963273 
0 0 0 1 

