0.9752002954483032 0.06873171031475067 -0.2103816568851471 0.06854674220085144 
-0.07404530048370361 0.9971017837524414 -0.01747536659240723 0.02666877955198288 
0.208570808172226 0.03261973336338997 0.9774631857872009 -0.3698893189430237 
0 0 0 1 

0.9477053284645081 0.06352961808443069 -0.3127595186233521 0.1107487380504608 
-0.06237585097551346 0.9979586601257324 0.01370383612811565 0.0154445618391037 
0.3129916489124298 0.006521457806229591 0.9497334361076355 -0.3589262664318085 
0 0 0 1 

0.9354597330093384 0.07027868926525116 -0.3463753461837769 0.1253504306077957 
-0.06047201156616211 0.9974055886268616 0.03905364125967026 0.009252897463738918 
0.3482213318347931 -0.01558708027005196 0.9372826814651489 -0.3517084419727325 
0 0 0 1 

0.5646352171897888 0.8175954222679138 -0.1128032580018044 0.03116472624242306 
-0.82220858335495 0.5691094994544983 0.009337902069091797 0.03018554300069809 
0.07183201611042023 0.08747532218694687 0.9935734868049622 -0.228521004319191 
0 0 0 1 

0.5330559611320496 0.8389922976493835 -0.1092840284109116 0.02778410166501999 
-0.8446018099784851 0.5200358033180237 -0.1273195445537567 0.06603305041790009 
-0.04998855665326118 0.160169929265976 0.985822856426239 -0.2238331139087677 
0 0 0 1 

0.524137020111084 0.8442282676696777 -0.1120668798685074 0.02597177214920521 
-0.8368240594863892 0.4861098825931549 -0.2518385648727417 0.09764872491359711 
-0.1581324189901352 0.2257781773805618 0.9612587094306946 -0.2129681557416916 
0 0 0 1 

0.4671160578727722 0.8733405470848083 -0.1381251811981201 0.03221064433455467 
-0.8391572833061218 0.3886582553386688 -0.3804727792739868 0.1306292563676834 
-0.2785989046096802 0.2936336994171143 0.9144188761711121 -0.1950977593660355 
0 0 0 1 

0.4269581139087677 0.8923813700675964 -0.1461577266454697 0.03563308715820312 
-0.8199031949043274 0.3138613104820251 -0.4788001477718353 0.1558529734611511 
-0.3813991546630859 0.3242627680301666 0.8656721711158752 -0.1781188994646072 
0 0 0 1 

0.3969284892082214 0.9035940170288086 -0.1611383408308029 0.04350549355149269 
-0.7988362312316895 0.2536383271217346 -0.5454614758491516 0.1725134402513504 
-0.4520049393177032 0.3452323079109192 0.8224999904632568 -0.1641092002391815 
0 0 0 1 

0.3640375435352325 0.9020188450813293 -0.2320317775011063 0.06746776401996613 
-0.7937198281288147 0.170100063085556 -0.5840161442756653 0.1792465299367905 
-0.4873249232769012 0.3967719972133636 0.7778729796409607 -0.148587092757225 
0 0 0 1 

