0.984344482421875 0.1683029979467392 0.0523432195186615 -0.05728732421994209 
-0.1655255705118179 0.9847511053085327 -0.05353837832808495 0.02642375230789185 
-0.06055576354265213 0.04403601214289665 0.9971929788589478 -0.2913919687271118 
0 0 0 1 

0.9648451805114746 0.2560328841209412 0.05933564901351929 -0.0573711208999157 
-0.2509995698928833 0.964607298374176 -0.08081929385662079 0.03999261930584908 
-0.07792805135250092 0.06308484077453613 0.9949610233306885 -0.2905048727989197 
0 0 0 1 

-0.22543865442276 0.8075628876686096 0.5449948906898499 -0.1530725657939911 
-0.8642203211784363 0.09249111264944077 -0.4945386648178101 0.2039609849452972 
-0.4497782588005066 -0.5824838280677795 0.6770613193511963 -0.2092120349407196 
0 0 0 1 

-0.1998528391122818 0.6829326152801514 0.7026106715202332 -0.2143175601959229 
-0.9291938543319702 0.09542978554964066 -0.3570600152015686 0.1591369360685349 
-0.3108978271484375 -0.7242210507392883 0.6155049800872803 -0.189802423119545 
0 0 0 1 

-0.1405122876167297 0.6668877601623535 0.7317903637886047 -0.2267164140939713 
-0.9594836235046387 0.0906037762761116 -0.2668001651763916 0.1281630843877792 
-0.2442287504673004 -0.7396295070648193 0.6271368265151978 -0.1917197853326797 
0 0 0 1 

-0.2042318731546402 0.4889059364795685 0.8480920195579529 -0.2508103251457214 
-0.9551933407783508 -0.289122998714447 -0.06335048377513885 0.07852502912282944 
0.2142305970191956 -0.8230301737785339 0.5260480642318726 -0.1768972426652908 
0 0 0 1 

-0.1143126860260963 0.616798460483551 0.7787760496139526 -0.2390851825475693 
-0.9931098818778992 -0.09130233526229858 -0.07346128672361374 0.07971838861703873 
0.02579330094158649 -0.7818077802658081 0.6229857206344604 -0.1911926865577698 
0 0 0 1 

0.02407566085457802 0.7634649276733398 0.6454004645347595 -0.2050256133079529 
-0.9996775388717651 0.02360296994447708 0.009370713494718075 0.04888505861163139 
-0.008079221472144127 -0.6454179286956787 0.7637869119644165 -0.233289822936058 
0 0 0 1 

0.06956768780946732 0.8436267375946045 0.532404363155365 -0.1652988642454147 
-0.9973398447036743 0.07046203315258026 0.01866817474365234 0.04247308149933815 
-0.02176535688340664 -0.5322867631912231 0.8462842702865601 -0.2624111175537109 
0 0 0 1 

0.1091026291251183 0.8606318831443787 0.4974027276039124 -0.151687428355217 
-0.9940274357795715 0.09320683777332306 0.05676345154643059 0.03066765889525414 
0.002491069259122014 -0.50062495470047 0.8656607270240784 -0.2689124047756195 
0 0 0 1 

