1.000000000000000000e+00 0.000000000000000000e+00 0.000000000000000000e+00 -4.146692231928954531e-01
0.000000000000000000e+00 -1.000000000000000000e+00 0.000000000000000000e+00 -7.693198940031911737e-02
0.000000000000000000e+00 0.000000000000000000e+00 -1.000000000000000000e+00 -3.421550398492883005e+00
0.000000000000000000e+00 0.000000000000000000e+00 0.000000000000000000e+00 1.000000000000000000e+00
9.909911155700683594e-01 -1.331428885459899902e-01 -1.448784954845905304e-02 -5.018836294161106437e-01
-1.321497410535812378e-01 -9.896625876426696777e-01 5.571851879358291626e-02 2.607959234791041858e-01
-2.175663970410823822e-02 -5.330198630690574646e-02 -9.983412623405456543e-01 -3.429672216482023472e+00
0.000000000000000000e+00 0.000000000000000000e+00 0.000000000000000000e+00 1.000000000000000000e+00
9.704693555831909180e-01 -2.387466877698898315e-01 -3.447872772812843323e-02 -5.745786314244319959e-01
-2.342852801084518433e-01 -9.669126868247985840e-01 1.009448766708374023e-01 5.492929412836600189e-01
-5.743824690580368042e-02 -8.988600969314575195e-02 -9.942944049835205078e-01 -3.404979297652124703e+00
0.000000000000000000e+00 0.000000000000000000e+00 0.000000000000000000e+00 1.000000000000000000e+00
9.426561594009399414e-01 -3.326441943645477295e-01 -2.733206003904342651e-02 -5.381330848551968415e-01
-3.255967795848846436e-01 -9.345032572746276855e-01 1.438422948122024536e-01 8.015231824814037509e-01
-7.339031249284744263e-02 -1.266945749521255493e-01 -9.892230033874511719e-01 -3.375578468199372129e+00
0.000000000000000000e+00 0.000000000000000000e+00 0.000000000000000000e+00 1.000000000000000000e+00
8.961383700370788574e-01 -4.437721669673919678e-01 -1.406611874699592590e-03 -3.856864715770658147e-01
-4.375667870044708252e-01 -8.841269016265869141e-01 1.638736575841903687e-01 9.526444248161409778e-01
-7.396616786718368530e-02 -1.462379693984985352e-01 -9.864802956581115723e-01 -3.365952724741823943e+00
0.000000000000000000e+00 0.000000000000000000e+00 0.000000000000000000e+00 1.000000000000000000e+00
8.317382335662841797e-01 -5.550656914710998535e-01 1.063594501465559006e-02 -2.710223232567142704e-01
-5.470070838928222656e-01 -8.160897493362426758e-01 1.864947229623794556e-01 1.108867655883233994e+00
-9.483698755502700806e-02 -1.609326750040054321e-01 -9.823985695838928223e-01 -3.347764292180284595e+00
0.000000000000000000e+00 0.000000000000000000e+00 0.000000000000000000e+00 1.000000000000000000e+00
7.552260756492614746e-01 -6.532453894615173340e-01 5.388527736067771912e-02 -3.587806753662136500e-02
-6.516743898391723633e-01 -7.394901514053344727e-01 1.687449812889099121e-01 1.089431409845729393e+00
-7.038433849811553955e-02 -1.625562608242034912e-01 -9.841855764389038086e-01 -3.384404507992766042e+00
0.000000000000000000e+00 0.000000000000000000e+00 0.000000000000000000e+00 1.000000000000000000e+00
6.916215419769287109e-01 -7.178120017051696777e-01 8.003454655408859253e-02 1.039984838392149502e-01
-7.218197584152221680e-01 -6.830762624740600586e-01 1.112766563892364502e-01 8.744406451587999340e-01
-2.520607784390449524e-02 -1.347318440675735474e-01 -9.905614852905273438e-01 -3.463105000141506462e+00
0.000000000000000000e+00 0.000000000000000000e+00 0.000000000000000000e+00 1.000000000000000000e+00
5.891984701156616211e-01 -8.068857789039611816e-01 4.218523204326629639e-02 4.684756720454745331e-03
-8.073858618736267090e-01 -5.859415531158447266e-01 6.928589195013046265e-02 7.209401982482396276e-01
-3.118772804737091064e-02 -7.488287240266799927e-02 -9.967045187950134277e-01 -3.551857629468725630e+00
0.000000000000000000e+00 0.000000000000000000e+00 0.000000000000000000e+00 1.000000000000000000e+00
5.055704712867736816e-01 -8.611375093460083008e-01 5.329370871186256409e-02 1.014397014106827449e-01
-8.626083731651306152e-01 -5.032523870468139648e-01 5.141431093215942383e-02 6.607001068468222327e-01
-1.745462790131568909e-02 -7.196520268917083740e-02 -9.972547292709350586e-01 -3.592938613516250435e+00
0.000000000000000000e+00 0.000000000000000000e+00 0.000000000000000000e+00 1.000000000000000000e+00
4.082005321979522705e-01 -9.105600714683532715e-01 6.521096825599670410e-02 2.007049007480161684e-01
-9.125369191169738770e-01 -4.089923799037933350e-01 1.319354516454041004e-03 4.492401889520692970e-01
2.546941302716732025e-02 -6.004598364233970642e-02 -9.978704452514648438e-01 -3.642771871588148080e+00
0.000000000000000000e+00 0.000000000000000000e+00 0.000000000000000000e+00 1.000000000000000000e+00
2.889514565467834473e-01 -9.543873071670532227e-01 7.517609000205993652e-02 3.008707577196070848e-01
-9.558839201927185059e-01 -2.919545471668243408e-01 -3.237505629658699036e-02 3.042355162861019036e-01
5.284635350108146667e-02 -6.250483542680740356e-02 -9.966439008712768555e-01 -3.666264545522104790e+00
0.000000000000000000e+00 0.000000000000000000e+00 0.000000000000000000e+00 1.000000000000000000e+00
1.788183301687240601e-01 -9.803414940834045410e-01 8.339122682809829712e-02 3.878418058450235906e-01
-9.810221195220947266e-01 -1.841148883104324341e-01 -6.080689281225204468e-02 1.853331539831415686e-01
7.496505230665206909e-02 -7.093527168035507202e-02 -9.946598410606384277e-01 -3.675650722580261931e+00
0.000000000000000000e+00 0.000000000000000000e+00 0.000000000000000000e+00 1.000000000000000000e+00
9.817938506603240967e-02 -9.898402094841003418e-01 1.028478369116783142e-01 5.010169369657065941e-01
-9.901626706123352051e-01 -1.075154393911361694e-01 -8.954463154077529907e-02 5.696404103086203513e-02
9.969253838062286377e-02 -9.304464608430862427e-02 -9.906585812568664551e-01 -3.661789996701247940e+00
0.000000000000000000e+00 0.000000000000000000e+00 0.000000000000000000e+00 1.000000000000000000e+00
1.763374358415603638e-02 -9.943642020225524902e-01 1.045418977737426758e-01 5.606688842391224226e-01
-9.970570206642150879e-01 -2.529037371277809143e-02 -7.237230986356735229e-02 1.437136410430285005e-01
7.460831850767135620e-02 -1.029580608010292053e-01 -9.918838143348693848e-01 -3.594164710901335713e+00
0.000000000000000000e+00 0.000000000000000000e+00 0.000000000000000000e+00 1.000000000000000000e+00
-8.712270855903625488e-02 -8.765453696250915527e-01 4.733684062957763672e-01 2.030744051287601604e+00
-9.910378456115722656e-01 2.796171605587005615e-02 -1.306218951940536499e-01 -7.445493180660617272e-02
1.012598276138305664e-01 -4.805062413215637207e-01 -8.711256980895996094e-01 -3.061646866738889194e+00
0.000000000000000000e+00 0.000000000000000000e+00 0.000000000000000000e+00 1.000000000000000000e+00
-1.619606763124465942e-01 -8.550866842269897461e-01 4.925395250320434570e-01 2.123752172677673578e+00
-9.781328439712524414e-01 7.311431318521499634e-02 -1.947050988674163818e-01 -3.386733828974851646e-01
1.304780095815658569e-01 -5.133038163185119629e-01 -8.482304811477661133e-01 -2.990002035927035173e+00
0.000000000000000000e+00 0.000000000000000000e+00 0.000000000000000000e+00 1.000000000000000000e+00
-1.265619993209838867e-01 -7.908120751380920410e-01 5.988308787345886230e-01 2.438027612243757414e+00
-9.918751716613769531e-01 1.087330281734466553e-01 -6.603922694921493530e-02 1.422909570217525121e-01
-1.288807671517133713e-02 -6.023234128952026367e-01 -7.981480360031127930e-01 -2.723218653016065804e+00
0.000000000000000000e+00 0.000000000000000000e+00 0.000000000000000000e+00 1.000000000000000000e+00
-8.514203876256942749e-02 -7.080537080764770508e-01 7.010070681571960449e-01 2.701136667047806750e+00
-9.948871135711669922e-01 2.205966785550117493e-02 -9.855435788631439209e-02 6.007047612627562649e-02
5.431778356432914734e-02 -7.058139443397521973e-01 -7.063117623329162598e-01 -2.504428692699656178e+00
0.000000000000000000e+00 0.000000000000000000e+00 0.000000000000000000e+00 1.000000000000000000e+00
-5.790285393595695496e-02 -5.384649038314819336e-01 8.406561613082885742e-01 3.164779860785027044e+00
-9.859999418258666992e-01 -1.010501906275749207e-01 -1.326393932104110718e-01 -6.308310601472022494e-02
1.563701629638671875e-01 -8.365671634674072266e-01 -5.250751376152038574e-01 -1.851555619431898947e+00
0.000000000000000000e+00 0.000000000000000000e+00 0.000000000000000000e+00 1.000000000000000000e+00
-1.222971230745315552e-01 -3.956165611743927002e-01 9.102367162704467773e-01 3.398706625844545304e+00
-9.857426881790161133e-01 -5.836921185255050659e-02 -1.578110903501510620e-01 -2.009204411548123070e-01
1.155624017119407654e-01 -9.165589809417724609e-01 -3.828378915786743164e-01 -1.279170996462006826e+00
0.000000000000000000e+00 0.000000000000000000e+00 0.000000000000000000e+00 1.000000000000000000e+00
-1.917807906866073608e-01 -2.867446243762969971e-01 9.386146664619445801e-01 3.517894184190233808e+00
-9.756257534027099609e-01 -4.822527244687080383e-02 -2.140758484601974487e-01 -4.148307656892361583e-01
1.066500097513198853e-01 -9.567922949790954590e-01 -2.705068886280059814e-01 -8.663587945276732816e-01
0.000000000000000000e+00 0.000000000000000000e+00 0.000000000000000000e+00 1.000000000000000000e+00
-2.715781331062316895e-01 -1.690474152565002441e-01 9.474534392356872559e-01 3.589099522686658439e+00
-9.603801965713500977e-01 -1.640118286013603210e-02 -2.782098054885864258e-01 -6.557654726994314176e-01
6.256996840238571167e-02 -9.854715466499328613e-01 -1.578957587480545044e-01 -4.237372938121290455e-01
0.000000000000000000e+00 0.000000000000000000e+00 0.000000000000000000e+00 1.000000000000000000e+00
-1.869210898876190186e-01 8.104389905929565430e-01 5.552021861076354980e-01 2.089227724576648626e+00
-9.517054557800292969e-01 -9.276582859456539154e-03 -3.068715929985046387e-01 -7.351222302850648482e-01
-2.435502856969833374e-01 -5.857499837875366211e-01 7.730331420898437500e-01 3.152439080477708711e+00
0.000000000000000000e+00 0.000000000000000000e+00 0.000000000000000000e+00 1.000000000000000000e+00
-1.877559870481491089e-01 8.106092810630798340e-01 5.546716451644897461e-01 2.075436111018610141e+00
-9.704085588455200195e-01 -6.579083949327468872e-02 -2.323341965675354004e-01 -4.661059247993394328e-01
-1.518398225307464600e-01 -5.818802118301391602e-01 7.989745140075683594e-01 3.192576965721300120e+00
0.000000000000000000e+00 0.000000000000000000e+00 0.000000000000000000e+00 1.000000000000000000e+00
-9.459263831377029419e-02 8.150581717491149902e-01 5.716044902801513672e-01 2.049916429585920685e+00
-9.909217953681945801e-01 -2.199052274227142334e-02 -1.326280981302261353e-01 -7.223977204626531867e-02
-9.552986919879913330e-02 -5.789610743522644043e-01 8.097386360168457031e-01 3.188025204132869383e+00
0.000000000000000000e+00 0.000000000000000000e+00 0.000000000000000000e+00 1.000000000000000000e+00
2.060245163738727570e-02 8.299363255500793457e-01 5.574772953987121582e-01 1.881645507703406661e+00
-9.994804263114929199e-01 3.091762959957122803e-02 -9.091277606785297394e-03 4.131134897489301405e-01
-2.478114701807498932e-02 -5.570004582405090332e-01 8.301419615745544434e-01 3.204428091444270876e+00
0.000000000000000000e+00 0.000000000000000000e+00 0.000000000000000000e+00 1.000000000000000000e+00
5.800842121243476868e-02 8.369832634925842285e-01 5.441448688507080078e-01 1.794688419922127354e+00
-9.936909079551696777e-01 -3.998012747615575790e-03 1.120817363262176514e-01 8.624932620012535356e-01
9.598606079816818237e-02 -5.472136139869689941e-01 8.314708471298217773e-01 3.113821666295576662e+00
0.000000000000000000e+00 0.000000000000000000e+00 0.000000000000000000e+00 1.000000000000000000e+00
3.971612080931663513e-02 8.499584794044494629e-01 5.253503322601318359e-01 1.767134492293745085e+00
-9.805678725242614746e-01 -6.793460994958877563e-02 1.840409636497497559e-01 1.033310826414272965e+00
1.921167671680450439e-01 -5.224513411521911621e-01 8.307442665100097656e-01 3.068237178639354301e+00
0.000000000000000000e+00 0.000000000000000000e+00 0.000000000000000000e+00 1.000000000000000000e+00
-3.594521805644035339e-02 8.470651507377624512e-01 5.302713513374328613e-01 1.885125769791826889e+00
-9.939558506011962891e-01 -8.537942916154861450e-02 6.900952011346817017e-02 6.051067418439537438e-01
1.037298142910003662e-01 -5.245861411094665527e-01 8.450146913528442383e-01 3.291723674483395090e+00
0.000000000000000000e+00 0.000000000000000000e+00 0.000000000000000000e+00 1.000000000000000000e+00
-5.080285295844078064e-02 8.391926288604736328e-01 5.414565205574035645e-01 1.918396027469564613e+00
-9.936830997467041016e-01 1.184837799519300461e-02 -1.115977093577384949e-01 -5.668063996333066318e-02
-1.000674441456794739e-01 -5.437052249908447266e-01 8.332889676094055176e-01 3.460360495262245095e+00
0.000000000000000000e+00 0.000000000000000000e+00 0.000000000000000000e+00 1.000000000000000000e+00
1.235842779278755188e-01 8.232282996177673340e-01 5.540956854820251465e-01 1.809561873975833679e+00
-9.868447780609130859e-01 1.606055945158004761e-01 -1.851100474596023560e-02 2.824995189894067837e-01
-1.042297407984733582e-01 -5.445187687873840332e-01 8.322468996047973633e-01 3.490326977177444778e+00
0.000000000000000000e+00 0.000000000000000000e+00 0.000000000000000000e+00 1.000000000000000000e+00
2.151675671339035034e-01 7.751448154449462891e-01 5.940146446228027344e-01 1.795348175445054650e+00
-9.478122591972351074e-01 3.122978210449218750e-01 -6.420289725065231323e-02 1.014473526839118900e-01
-2.352758496999740601e-01 -5.491999983787536621e-01 8.018879890441894531e-01 3.443478475152061513e+00
0.000000000000000000e+00 0.000000000000000000e+00 0.000000000000000000e+00 1.000000000000000000e+00
3.259651064872741699e-01 7.048965096473693848e-01 6.299738883972167969e-01 1.751570949129850563e+00
-9.117960929870605469e-01 4.104516804218292236e-01 1.252049114555120468e-02 3.625491663715525448e-01
-2.497483193874359131e-01 -5.784893035888671875e-01 7.765150070190429688e-01 3.298508746433918670e+00
0.000000000000000000e+00 0.000000000000000000e+00 0.000000000000000000e+00 1.000000000000000000e+00
3.541827797889709473e-01 7.008302807807922363e-01 6.191860437393188477e-01 1.675476043186861386e+00
-9.208186864852905273e-01 3.769277334213256836e-01 1.000922173261642456e-01 6.975492107715784984e-01
-1.632407754659652710e-01 -6.056091785430908203e-01 7.788387537002563477e-01 3.210277303287821127e+00
0.000000000000000000e+00 0.000000000000000000e+00 0.000000000000000000e+00 1.000000000000000000e+00
3.661012053489685059e-01 6.845085620880126953e-01 6.304104924201965332e-01 1.712118671898329447e+00
-9.264973402023315430e-01 3.314664959907531738e-01 1.781377643346786499e-01 9.889514882185339584e-01
-8.702319115400314331e-02 -6.492900848388671875e-01 7.555455565452575684e-01 3.052248275854094750e+00
0.000000000000000000e+00 0.000000000000000000e+00 0.000000000000000000e+00 1.000000000000000000e+00
5.320717096328735352e-01 5.798363089561462402e-01 6.170006990432739258e-01 1.598948021875764791e+00
-8.414673805236816406e-01 4.430058896541595459e-01 3.093191981315612793e-01 1.397109294182539596e+00
-9.398031234741210938e-02 -6.837658882141113281e-01 7.236241102218627930e-01 2.924019585005343203e+00
0.000000000000000000e+00 0.000000000000000000e+00 0.000000000000000000e+00 1.000000000000000000e+00
6.762464642524719238e-01 3.953621387481689453e-01 6.215945482254028320e-01 1.566130355107955952e+00
-7.117945551872253418e-01 5.681146979331970215e-01 4.130301773548126221e-01 1.742704507295491201e+00
-1.898406296968460083e-01 -7.217577099800109863e-01 6.656023859977722168e-01 2.880922623854453413e+00
0.000000000000000000e+00 0.000000000000000000e+00 0.000000000000000000e+00 1.000000000000000000e+00
6.940516233444213867e-01 3.169596195220947266e-01 6.463969349861145020e-01 1.619071427074687985e+00
-6.533347368240356445e-01 6.544473767280578613e-01 3.805938661098480225e-01 1.613113734968762758e+00
-3.024000823497772217e-01 -6.864656209945678711e-01 6.613010764122009277e-01 2.991457354084005704e+00
0.000000000000000000e+00 0.000000000000000000e+00 0.000000000000000000e+00 1.000000000000000000e+00
7.400538921356201172e-01 2.318248450756072998e-01 6.313296556472778320e-01 1.617708311497145557e+00
-5.736485719680786133e-01 7.075863480567932129e-01 4.126129746437072754e-01 1.634362068145258640e+00
-3.510662615299224854e-01 -6.675170660018920898e-01 6.566376686096191406e-01 2.966795113541222939e+00
0.000000000000000000e+00 0.000000000000000000e+00 0.000000000000000000e+00 1.000000000000000000e+00
7.229278683662414551e-01 2.220399975776672363e-01 6.542735099792480469e-01 1.789841767607539769e+00
-5.494236946105957031e-01 7.589267492294311523e-01 3.495198190212249756e-01 1.326595078895869362e+00
-4.189380705356597900e-01 -6.121507883071899414e-01 6.706432104110717773e-01 3.066735666069933419e+00
0.000000000000000000e+00 0.000000000000000000e+00 0.000000000000000000e+00 1.000000000000000000e+00
7.126520872116088867e-01 3.144393861293792725e-01 6.271005272865295410e-01 1.787376301892943165e+00
-5.898118019104003906e-01 7.525333166122436523e-01 2.929427921772003174e-01 1.073351506298686919e+00
-3.798013925552368164e-01 -5.786373019218444824e-01 7.217547297477722168e-01 3.219717598223250654e+00
0.000000000000000000e+00 0.000000000000000000e+00 0.000000000000000000e+00 1.000000000000000000e+00
8.019139170646667480e-01 1.491663455963134766e-01 5.785179734230041504e-01 1.654575512164301765e+00
-5.267989039421081543e-01 6.333012580871582031e-01 5.669316649436950684e-01 2.071352207325763750e+00
-2.818093299865722656e-01 -7.593930363655090332e-01 5.864340662956237793e-01 2.779496587299590704e+00
0.000000000000000000e+00 0.000000000000000000e+00 0.000000000000000000e+00 1.000000000000000000e+00
8.419415354728698730e-01 8.100657165050506592e-02 5.334528088569641113e-01 1.467582562344338593e+00
-4.781330823898315430e-01 5.701755285263061523e-01 6.680480837821960449e-01 2.457191817937575795e+00
-2.500456571578979492e-01 -8.175190091133117676e-01 5.187867283821105957e-01 2.505115330179444211e+00
0.000000000000000000e+00 0.000000000000000000e+00 0.000000000000000000e+00 1.000000000000000000e+00
8.750458359718322754e-01 2.382740564644336700e-02 4.834529757499694824e-01 1.265904450766593081e+00
-4.283879399299621582e-01 5.030990242958068848e-01 7.505828738212585449e-01 2.775232069322579598e+00
-2.253403961658477783e-01 -8.638999462127685547e-01 4.504422843456268311e-01 2.228705169711361123e+00
0.000000000000000000e+00 0.000000000000000000e+00 0.000000000000000000e+00 1.000000000000000000e+00
9.022763967514038086e-01 -6.806723028421401978e-02 4.257515668869018555e-01 1.038611434421148561e+00
-3.633791506290435791e-01 4.114310741424560547e-01 8.358709812164306641e-01 3.099727687246571772e+00
-2.320628613233566284e-01 -9.088959693908691406e-01 3.464903533458709717e-01 1.832440801377557049e+00
0.000000000000000000e+00 0.000000000000000000e+00 0.000000000000000000e+00 1.000000000000000000e+00
9.581375122070312500e-01 2.214760929346084595e-01 1.814412623643875122e-01 5.376447986999052797e-02
-2.433265149593353271e-01 2.959414720535278320e-01 9.236940741539001465e-01 3.364313436230464749e+00
1.508802324533462524e-01 -9.291753768920898438e-01 3.374435305595397949e-01 1.524832718761432782e+00
0.000000000000000000e+00 0.000000000000000000e+00 0.000000000000000000e+00 1.000000000000000000e+00
9.822220206260681152e-01 5.926514789462089539e-02 1.781212836503982544e-01 5.920732289982526958e-02
-1.868986189365386963e-01 2.199619263410568237e-01 9.574369788169860840e-01 3.458942163989942919e+00
1.756274327635765076e-02 -9.737064242362976074e-01 2.271280586719512939e-01 1.170619578392687821e+00
0.000000000000000000e+00 0.000000000000000000e+00 0.000000000000000000e+00 1.000000000000000000e+00
9.858160018920898438e-01 1.040433198213577271e-01 1.316889524459838867e-01 -1.241750036552145969e-01
-1.425996571779251099e-01 1.054980158805847168e-01 9.841420054435729980e-01 3.531972343520001889e+00
8.850045502185821533e-02 -9.889619350433349609e-01 1.188381686806678772e-01 6.958516707899304876e-01
0.000000000000000000e+00 0.000000000000000000e+00 0.000000000000000000e+00 1.000000000000000000e+00
9.844247698783874512e-01 1.187206581234931946e-01 1.296666413545608521e-01 -1.462865622160630097e-01
-1.362368166446685791e-01 4.897411167621612549e-02 9.894650578498840332e-01 3.533607599633255880e+00
1.111196279525756836e-01 -9.917190074920654297e-01 6.438539922237396240e-02 4.604420069531739990e-01
0.000000000000000000e+00 0.000000000000000000e+00 0.000000000000000000e+00 1.000000000000000000e+00
9.744312167167663574e-01 2.062869071960449219e-01 8.904903382062911987e-02 -2.995225166189502963e-01
-8.359785377979278564e-02 -3.501052409410476685e-02 9.958841800689697266e-01 3.511486141723439758e+00
2.085555046796798706e-01 -9.778649210929870605e-01 -1.687015220522880554e-02 4.450979736662685066e-02
0.000000000000000000e+00 0.000000000000000000e+00 0.000000000000000000e+00 1.000000000000000000e+00
9.161743521690368652e-01 3.893833458423614502e-01 9.489697962999343872e-02 -2.482098067683669584e-01
-4.942891746759414673e-02 -1.251927465200424194e-01 9.909002780914306641e-01 3.445782902316339769e+00
3.977205753326416016e-01 -9.125279188156127930e-01 -9.545162320137023926e-02 -4.116234637119841056e-01
0.000000000000000000e+00 0.000000000000000000e+00 0.000000000000000000e+00 1.000000000000000000e+00
9.441447854042053223e-01 2.663984298706054688e-01 1.939636170864105225e-01 2.945624877150607862e-02
-1.536797732114791870e-01 -1.647218167781829834e-01 9.742940664291381836e-01 3.476631471161096165e+00
2.915005087852478027e-01 -9.496833086013793945e-01 -1.145812273025512695e-01 -3.072209869946148086e-01
0.000000000000000000e+00 0.000000000000000000e+00 0.000000000000000000e+00 1.000000000000000000e+00
9.678220152854919434e-01 -3.048595972359180450e-03 2.516172826290130615e-01 2.495560658448561231e-01
-2.480880022048950195e-01 -1.788772791624069214e-01 9.520792961120605469e-01 3.508986033673391347e+00
4.210609942674636841e-02 -9.838666915893554688e-01 -1.738777011632919312e-01 -3.134406003763600679e-01
0.000000000000000000e+00 0.000000000000000000e+00 0.000000000000000000e+00 1.000000000000000000e+00
8.926767110824584961e-01 -3.766525983810424805e-01 2.475101500749588013e-01 4.147641571636441760e-01
-3.555435538291931152e-01 -2.510184943675994873e-01 9.003213047981262207e-01 3.500789760515519156e+00
-2.769788205623626709e-01 -8.916964530944824219e-01 -3.579947352409362793e-01 -7.098503243303702082e-01
0.000000000000000000e+00 0.000000000000000000e+00 0.000000000000000000e+00 1.000000000000000000e+00
9.263560175895690918e-01 -1.803925484418869019e-01 3.306404650211334229e-01 6.251207769967409567e-01
-3.744195103645324707e-01 -3.456681370735168457e-01 8.604201674461364746e-01 3.420073118913486088e+00
-4.092154279351234436e-02 -9.208537936210632324e-01 -3.877543509006500244e-01 -9.856055550734992288e-01
0.000000000000000000e+00 0.000000000000000000e+00 0.000000000000000000e+00 1.000000000000000000e+00
8.846243023872375488e-01 -1.448797285556793213e-01 4.432266652584075928e-01 1.060954706687810889e+00
-4.606125056743621826e-01 -4.195589721202850342e-01 7.821804285049438477e-01 3.261686637729877436e+00
7.263758033514022827e-02 -8.960914611816406250e-01 -4.378853440284729004e-01 -1.285438415404925649e+00
0.000000000000000000e+00 0.000000000000000000e+00 0.000000000000000000e+00 1.000000000000000000e+00
8.699699044227600098e-01 -1.201564446091651917e-01 4.782417118549346924e-01 1.194332351624194599e+00
-4.678240120410919189e-01 -5.076782107353210449e-01 7.234662175178527832e-01 3.057810806050091923e+00
1.558637768030166626e-01 -8.531267642974853516e-01 -4.978766143321990967e-01 -1.593631539850353995e+00
0.000000000000000000e+00 0.000000000000000000e+00 0.000000000000000000e+00 1.000000000000000000e+00
8.558747172355651855e-01 -1.060666069388389587e-01 5.061898231506347656e-01 1.303335925096775538e+00
-4.655490517616271973e-01 -5.842974185943603516e-01 6.647255420684814453e-01 2.868977331353080196e+00
2.252601087093353271e-01 -8.045783042907714844e-01 -5.494647026062011719e-01 -1.806571943623358267e+00
0.000000000000000000e+00 0.000000000000000000e+00 0.000000000000000000e+00 1.000000000000000000e+00
8.342980146408081055e-01 -7.434150576591491699e-02 5.462784171104431152e-01 1.424406923451490004e+00
-4.419275522232055664e-01 -6.825923323631286621e-01 5.820371508598327637e-01 2.583424696624493588e+00
3.296158313751220703e-01 -7.270081043243408203e-01 -6.023390889167785645e-01 -2.073448912545024836e+00
0.000000000000000000e+00 0.000000000000000000e+00 0.000000000000000000e+00 1.000000000000000000e+00
8.135288953781127930e-01 -8.157046139240264893e-02 5.757752060890197754e-01 1.553664284843238486e+00
-4.382069110870361328e-01 -7.368833422660827637e-01 5.147599577903747559e-01 2.351978391723275053e+00
3.822898566722869873e-01 -6.710806488990783691e-01 -6.352206468582153320e-01 -2.246265219068647845e+00
0.000000000000000000e+00 0.000000000000000000e+00 0.000000000000000000e+00 1.000000000000000000e+00
7.818653583526611328e-01 -1.225899755954742432e-01 6.112759113311767578e-01 1.725647968866531379e+00
-4.448962807655334473e-01 -7.965799570083618164e-01 4.093017280101776123e-01 1.992273579435826392e+00
4.367538690567016602e-01 -5.919735431671142578e-01 -6.773583292961120605e-01 -2.464332171438693653e+00
0.000000000000000000e+00 0.000000000000000000e+00 0.000000000000000000e+00 1.000000000000000000e+00
7.538694143295288086e-01 -1.922011524438858032e-01 6.282827854156494141e-01 1.840416130368201175e+00
-4.555329978466033936e-01 -8.419997096061706543e-01 2.890083193778991699e-01 1.576556247121538856e+00
4.734663367271423340e-01 -5.040781497955322266e-01 -7.223120927810668945e-01 -2.683796709371805811e+00
0.000000000000000000e+00 0.000000000000000000e+00 0.000000000000000000e+00 1.000000000000000000e+00
7.279812693595886230e-01 -2.583855092525482178e-01 6.350430846214294434e-01 1.910552037563746586e+00
-4.585571587085723877e-01 -8.720905184745788574e-01 1.708315759897232056e-01 1.156434340057007848e+00
5.096744298934936523e-01 -4.155658185482025146e-01 -7.533500790596008301e-01 -2.853117759363305250e+00
0.000000000000000000e+00 0.000000000000000000e+00 0.000000000000000000e+00 1.000000000000000000e+00
7.030625343322753906e-01 -3.386418819427490234e-01 6.253193616867065430e-01 1.914221539872692945e+00
-4.327730238437652588e-01 -9.015013575553894043e-01 -1.630706363357603550e-03 5.293346904028779498e-01
5.642786026000976562e-01 -2.694749832153320312e-01 -7.803670167922973633e-01 -3.021013992503174705e+00
0.000000000000000000e+00 0.000000000000000000e+00 0.000000000000000000e+00 1.000000000000000000e+00
6.907437443733215332e-01 -3.891030848026275635e-01 6.094848513603210449e-01 1.849300252087202834e+00
-3.677433431148529053e-01 -9.147675633430480957e-01 -1.672274470329284668e-01 -1.332821106197533134e-01
6.226056814193725586e-01 -1.086227744817733765e-01 -7.749601006507873535e-01 -3.015021385519845332e+00
0.000000000000000000e+00 0.000000000000000000e+00 0.000000000000000000e+00 1.000000000000000000e+00
6.839290261268615723e-01 -4.155811965465545654e-01 5.996110439300537109e-01 1.800063497114796185e+00
-2.944299876689910889e-01 -9.092188477516174316e-01 -2.943326234817504883e-01 -6.617074949790044958e-01
6.674967408180236816e-01 2.475913986563682556e-02 -7.442008256912231445e-01 -2.933273401950937220e+00
0.000000000000000000e+00 0.000000000000000000e+00 0.000000000000000000e+00 1.000000000000000000e+00
6.744580268859863281e-01 -4.507769048213958740e-01 5.847275853157043457e-01 1.743262131469242693e+00
-2.352945804595947266e-01 -8.819171786308288574e-01 -4.084833860397338867e-01 -1.119289012499401936e+00
6.998162269592285156e-01 1.379215866327285767e-01 -7.008814811706542969e-01 -2.795395355704553442e+00
0.000000000000000000e+00 0.000000000000000000e+00 0.000000000000000000e+00 1.000000000000000000e+00
6.690556406974792480e-01 -4.818380177021026611e-01 5.658591389656066895e-01 1.676075303885194323e+00
-1.577241271734237671e-01 -8.360796570777893066e-01 -5.254464149475097656e-01 -1.618386740722045802e+00
7.262833118438720703e-01 2.623031139373779297e-01 -6.353813409805297852e-01 -2.578838361050381778e+00
0.000000000000000000e+00 0.000000000000000000e+00 0.000000000000000000e+00 1.000000000000000000e+00
6.503602266311645508e-01 -5.171412229537963867e-01 5.564140081405639648e-01 1.651456150824316849e+00
-9.502966701984405518e-02 -7.821187973022460938e-01 -6.158404350280761719e-01 -2.015137652901519694e+00
7.536582350730895996e-01 3.476422429084777832e-01 -5.578027367591857910e-01 -2.314215901531905484e+00
0.000000000000000000e+00 0.000000000000000000e+00 0.000000000000000000e+00 1.000000000000000000e+00
6.677750945091247559e-01 -5.265135169029235840e-01 5.261747241020202637e-01 1.528918454585560527e+00
-2.990113012492656708e-02 -7.252826094627380371e-01 -6.878015398979187012e-01 -2.347272853717172314e+00
7.437622547149658203e-01 4.435634911060333252e-01 -5.000690221786499023e-01 -2.111465687229403088e+00
0.000000000000000000e+00 0.000000000000000000e+00 0.000000000000000000e+00 1.000000000000000000e+00
6.827380657196044922e-01 -5.334292650222778320e-01 4.993214607238769531e-01 1.423373513285483449e+00
2.420861460268497467e-02 -6.664914488792419434e-01 -7.451194524765014648e-01 -2.615818859337906144e+00
7.302620410919189453e-01 5.208092927932739258e-01 -4.421254992485046387e-01 -1.912642293677783378e+00
0.000000000000000000e+00 0.000000000000000000e+00 0.000000000000000000e+00 1.000000000000000000e+00
7.320412397384643555e-01 -5.139627456665039062e-01 4.471663832664489746e-01 1.199706567067225338e+00
6.710652261972427368e-02 -5.987882018089294434e-01 -7.980909943580627441e-01 -2.864737482851405392e+00
6.779470443725585938e-01 6.142432093620300293e-01 -4.038474261760711670e-01 -1.777745211779506285e+00
0.000000000000000000e+00 0.000000000000000000e+00 0.000000000000000000e+00 1.000000000000000000e+00
7.879363298416137695e-01 -4.833118915557861328e-01 3.815309405326843262e-01 9.140587090036292883e-01
1.098164245486259460e-01 -4.993818104267120361e-01 -8.593939542770385742e-01 -3.174540097095908120e+00
6.058849692344665527e-01 7.190461158752441406e-01 -3.404054939746856689e-01 -1.541357806803364427e+00
0.000000000000000000e+00 0.000000000000000000e+00 0.000000000000000000e+00 1.000000000000000000e+00
8.465445041656494141e-01 -4.377670288085937500e-01 3.028570711612701416e-01 5.954854223799801449e-01
1.262617260217666626e-01 -3.875756859779357910e-01 -9.131499528884887695e-01 -3.428106136407667037e+00
5.171270370483398438e-01 8.112612962722778320e-01 -2.728268504142761230e-01 -1.251183436415734151e+00
0.000000000000000000e+00 0.000000000000000000e+00 0.000000000000000000e+00 1.000000000000000000e+00
8.486758470535278320e-01 -4.438740015029907227e-01 2.876198291778564453e-01 5.324536499384643351e-01
1.613674312829971313e-01 -3.005729913711547852e-01 -9.400086998939514160e-01 -3.573461928963677092e+00
5.036962032318115234e-01 8.441751599311828613e-01 -1.834622025489807129e-01 -9.375543090782232358e-01
0.000000000000000000e+00 0.000000000000000000e+00 0.000000000000000000e+00 1.000000000000000000e+00
9.183456301689147949e-01 -3.039020001888275146e-01 2.535446584224700928e-01 3.464012136735205583e-01
1.955504864454269409e-01 -2.085518240928649902e-01 -9.582619667053222656e-01 -3.689744012229556613e+00
3.440949320793151855e-01 9.295964241027832031e-01 -1.320945173501968384e-01 -6.609153540812252592e-01
0.000000000000000000e+00 0.000000000000000000e+00 0.000000000000000000e+00 1.000000000000000000e+00
9.624265432357788086e-01 -1.499577909708023071e-01 2.263800501823425293e-01 1.981152569105696093e-01
2.104569226503372192e-01 -1.148801892995834351e-01 -9.708297252655029297e-01 -3.772403037515861257e+00
1.715900599956512451e-01 9.819954037666320801e-01 -7.900407165288925171e-02 -3.459207628984081184e-01
0.000000000000000000e+00 0.000000000000000000e+00 0.000000000000000000e+00 1.000000000000000000e+00
9.774016141891479492e-01 -9.038045257329940796e-02 1.910951584577560425e-01 1.809020461278775666e-02
1.894516646862030029e-01 -2.650686725974082947e-02 -9.815321564674377441e-01 -3.844926852958574504e+00
9.377665072679519653e-02 9.955544471740722656e-01 -8.785151876509189606e-03 -7.516956887600209462e-03
0.000000000000000000e+00 0.000000000000000000e+00 0.000000000000000000e+00 1.000000000000000000e+00
9.843084812164306641e-01 -2.241448312997817993e-02 1.750266999006271362e-01 -4.283197778498945563e-02
1.761427670717239380e-01 6.572552770376205444e-02 -9.821680188179016113e-01 -3.891802586272521847e+00
1.051106769591569901e-02 9.975859522819519043e-01 6.864234060049057007e-02 4.062174881629413981e-01
0.000000000000000000e+00 0.000000000000000000e+00 0.000000000000000000e+00 1.000000000000000000e+00
9.803112149238586426e-01 4.647679999470710754e-02 1.919108927249908447e-01 5.227018983972388233e-02
1.858122497797012329e-01 1.117163151502609253e-01 -9.762137532234191895e-01 -3.899611072093250197e+00
-6.681086122989654541e-02 9.926527142524719238e-01 1.008807569742202759e-01 6.446551247905626392e-01
0.000000000000000000e+00 0.000000000000000000e+00 0.000000000000000000e+00 1.000000000000000000e+00
9.650169610977172852e-01 2.139629274606704712e-01 1.515324413776397705e-01 -7.045730675682325417e-02
1.397353112697601318e-01 6.931449472904205322e-02 -9.877599477767944336e-01 -3.911981660498066393e+00
-2.218473702669143677e-01 9.743794202804565430e-01 3.699148073792457581e-02 4.755037963902864484e-01
0.000000000000000000e+00 0.000000000000000000e+00 0.000000000000000000e+00 1.000000000000000000e+00
9.906939864158630371e-01 -1.226858124136924744e-01 5.893714353442192078e-02 -4.266667601793791564e-01
5.156385898590087891e-02 -6.243262067437171936e-02 -9.967161417007446289e-01 -3.864687461559858761e+00
1.259625405073165894e-01 9.904798269271850586e-01 -5.552548542618751526e-02 -1.250972565578866991e-01
0.000000000000000000e+00 0.000000000000000000e+00 0.000000000000000000e+00 1.000000000000000000e+00
9.985740780830383301e-01 -1.842909492552280426e-02 -5.010132119059562683e-02 -8.115726219708305766e-01
-5.266046896576881409e-02 -1.861433833837509155e-01 -9.811102747917175293e-01 -3.709892063468129386e+00
8.754946291446685791e-03 9.823496937751770020e-01 -1.868484616279602051e-01 -5.588320610773855890e-01
0.000000000000000000e+00 0.000000000000000000e+00 0.000000000000000000e+00 1.000000000000000000e+00
9.640139937400817871e-01 -2.474488615989685059e-01 -9.719093143939971924e-02 -9.293451874107632182e-01
-1.718510091304779053e-01 -3.010853528976440430e-01 -9.379842877388000488e-01 -3.430105050868197836e+00
2.028404623270034790e-01 9.209323525428771973e-01 -3.327748477458953857e-01 -1.251013930261920315e+00
0.000000000000000000e+00 0.000000000000000000e+00 0.000000000000000000e+00 1.000000000000000000e+00
9.269497990608215332e-01 -3.345270752906799316e-01 -1.698695719242095947e-01 -1.119300832486505470e+00
-3.033783435821533203e-01 -4.019331634044647217e-01 -8.639509081840515137e-01 -3.025264033086265236e+00
2.207387983798980713e-01 8.523738980293273926e-01 -4.740601480007171631e-01 -1.796640106694358030e+00
0.000000000000000000e+00 0.000000000000000000e+00 0.000000000000000000e+00 1.000000000000000000e+00
8.807640671730041504e-01 -4.110785424709320068e-01 -2.350937128067016602e-01 -1.275957265096669957e+00
-4.341380298137664795e-01 -5.026285052299499512e-01 -7.475885152816772461e-01 -2.472286873715965339e+00
1.891528666019439697e-01 7.605122327804565430e-01 -6.211619973182678223e-01 -2.302670352230603790e+00
0.000000000000000000e+00 0.000000000000000000e+00 0.000000000000000000e+00 1.000000000000000000e+00
8.219334483146667480e-01 -4.753061532974243164e-01 -3.138620853424072266e-01 -1.434033257885672485e+00
-5.561276674270629883e-01 -5.506167411804199219e-01 -6.225296258926391602e-01 -1.916915946200958398e+00
1.230745166540145874e-01 6.862252950668334961e-01 -7.169012427330017090e-01 -2.601205934656838359e+00
0.000000000000000000e+00 0.000000000000000000e+00 0.000000000000000000e+00 1.000000000000000000e+00
