1.000000000000000000e+00 0.000000000000000000e+00 0.000000000000000000e+00 -4.542167112231254578e-02
0.000000000000000000e+00 1.000000000000000000e+00 0.000000000000000000e+00 9.935460984706878662e-04
0.000000000000000000e+00 0.000000000000000000e+00 1.000000000000000000e+00 -2.875000238418579102e-01
0.000000000000000000e+00 0.000000000000000000e+00 0.000000000000000000e+00 1.000000000000000000e+00
9.966256618499755859e-01 7.838070392608642578e-02 2.438366040587425232e-02 -5.100097507238388062e-02
-7.804591953754425049e-02 9.968457818031311035e-01 -1.439108513295650482e-02 8.546719327569007874e-03
-2.543471753597259521e-02 1.243948098272085190e-02 9.995990395545959473e-01 -2.928417325019836426e-01
0.000000000000000000e+00 0.000000000000000000e+00 0.000000000000000000e+00 1.000000000000000000e+00
9.853084087371826172e-01 1.649567335844039917e-01 4.423371702432632446e-02 -5.521951988339424133e-02
-1.626265794038772583e-01 9.853191375732421875e-01 -5.194459855556488037e-02 2.585048973560333252e-02
-5.215300247073173523e-02 4.398784413933753967e-02 9.976696968078613281e-01 -2.918753921985626221e-01
0.000000000000000000e+00 0.000000000000000000e+00 0.000000000000000000e+00 1.000000000000000000e+00
9.651045203208923340e-01 2.569763064384460449e-01 5.036424845457077026e-02 -5.485014244914054871e-02
-2.526670396327972412e-01 9.643466472625732422e-01 -7.870976626873016357e-02 3.885073959827423096e-02
-6.879513710737228394e-02 6.323774904012680054e-02 9.956242442131042480e-01 -2.911039590835571289e-01
0.000000000000000000e+00 0.000000000000000000e+00 0.000000000000000000e+00 1.000000000000000000e+00
9.356214404106140137e-01 3.477535247802734375e-01 6.065933778882026672e-02 -5.501257628202438354e-02
-3.390625417232513428e-01 9.331176280975341797e-01 -1.196971386671066284e-01 5.622182413935661316e-02
-9.822747111320495605e-02 9.142383188009262085e-02 9.909552335739135742e-01 -2.888460755348205566e-01
0.000000000000000000e+00 0.000000000000000000e+00 0.000000000000000000e+00 1.000000000000000000e+00
8.894492387771606445e-01 4.549239873886108398e-01 4.386385157704353333e-02 -4.670884087681770325e-02
-4.457799196243286133e-01 8.847099542617797852e-01 -1.362655013799667358e-01 6.531621515750885010e-02
-1.007973179221153259e-01 1.016475707292556763e-01 9.897008538246154785e-01 -2.894886732101440430e-01
0.000000000000000000e+00 0.000000000000000000e+00 0.000000000000000000e+00 1.000000000000000000e+00
8.416904211044311523e-01 5.392834544181823730e-01 2.700878679752349854e-02 -3.864874690771102905e-02
-5.284101366996765137e-01 8.329466581344604492e-01 -1.642619520425796509e-01 7.808194309473037720e-02
-1.110807582736015320e-01 1.239860579371452332e-01 9.860474467277526855e-01 -2.884593904018402100e-01
0.000000000000000000e+00 0.000000000000000000e+00 0.000000000000000000e+00 1.000000000000000000e+00
7.901136279106140137e-01 6.127974987030029297e-01 1.413856912404298782e-02 -3.158904239535331726e-02
-6.022475361824035645e-01 7.803910374641418457e-01 -1.681880503892898560e-01 8.267252147197723389e-02
-1.140988469123840332e-01 1.243726089596748352e-01 9.856533408164978027e-01 -2.891694903373718262e-01
0.000000000000000000e+00 0.000000000000000000e+00 0.000000000000000000e+00 1.000000000000000000e+00
7.210144400596618652e-01 6.927753090858459473e-01 -1.415488868951797485e-02 -1.766914129257202148e-02
-6.855686306953430176e-01 7.102484107017517090e-01 -1.598217189311981201e-01 8.305767923593521118e-02
-1.006670817732810974e-01 1.249379068613052368e-01 9.870440363883972168e-01 -2.906700670719146729e-01
0.000000000000000000e+00 0.000000000000000000e+00 0.000000000000000000e+00 1.000000000000000000e+00
6.427869200706481934e-01 7.659364342689514160e-01 -1.287355832755565643e-02 -1.280952710658311844e-02
-7.598414421081542969e-01 6.353575587272644043e-01 -1.376996487379074097e-01 7.875912636518478394e-02
-9.728990495204925537e-02 9.829340130090713501e-02 9.903905987739562988e-01 -2.933870851993560791e-01
0.000000000000000000e+00 0.000000000000000000e+00 0.000000000000000000e+00 1.000000000000000000e+00
5.503118634223937988e-01 8.343450427055358887e-01 -3.202252089977264404e-02 -1.117311767302453518e-03
-8.326328992843627930e-01 5.455136895179748535e-01 -9.559005498886108398e-02 6.748680770397186279e-02
-6.228636577725410461e-02 7.926725596189498901e-02 9.949052333831787109e-01 -2.984442412853240967e-01
0.000000000000000000e+00 0.000000000000000000e+00 0.000000000000000000e+00 1.000000000000000000e+00
4.543091058731079102e-01 8.875579833984375000e-01 -7.644423097372055054e-02 1.963461749255657196e-02
-8.907806873321533203e-01 4.515791535377502441e-01 -5.084705352783203125e-02 5.415521189570426941e-02
-1.060908660292625427e-02 9.119533747434616089e-02 9.957767724990844727e-01 -3.028725087642669678e-01
0.000000000000000000e+00 0.000000000000000000e+00 0.000000000000000000e+00 1.000000000000000000e+00
3.511398434638977051e-01 9.323132634162902832e-01 -8.656578510999679565e-02 2.687445096671581268e-02
-9.361747503280639648e-01 3.512239456176757812e-01 -1.475876476615667343e-02 4.048927873373031616e-02
1.664417423307895660e-02 8.622309565544128418e-02 9.961368441581726074e-01 -3.045486807823181152e-01
0.000000000000000000e+00 0.000000000000000000e+00 0.000000000000000000e+00 1.000000000000000000e+00
2.693764865398406982e-01 9.575672745704650879e-01 -1.024730131030082703e-01 3.464476019144058228e-02
-9.602955579757690430e-01 2.751055657863616943e-01 4.636359587311744690e-02 1.696310378611087799e-02
7.258715480566024780e-02 8.591510355472564697e-02 9.936548471450805664e-01 -3.042932450771331787e-01
0.000000000000000000e+00 0.000000000000000000e+00 0.000000000000000000e+00 1.000000000000000000e+00
1.927899420261383057e-01 9.717894196510314941e-01 -1.358598619699478149e-01 4.652990773320198059e-02
-9.729552268981933594e-01 2.072750777006149292e-01 1.019561365246772766e-01 -3.702102461829781532e-03
1.272401511669158936e-01 1.125293597579002380e-01 9.854676127433776855e-01 -3.024581372737884521e-01
0.000000000000000000e+00 0.000000000000000000e+00 0.000000000000000000e+00 1.000000000000000000e+00
1.155452802777290344e-01 9.834563732147216797e-01 -1.395069062709808350e-01 4.965250566601753235e-02
-9.710655808448791504e-01 1.413902193307876587e-01 1.924573034048080444e-01 -3.479149192571640015e-02
2.089983224868774414e-01 1.132328212261199951e-01 9.713381528854370117e-01 -2.994884550571441650e-01
0.000000000000000000e+00 0.000000000000000000e+00 0.000000000000000000e+00 1.000000000000000000e+00
1.895712316036224365e-01 9.736949801445007324e-01 -1.264174282550811768e-01 4.462902992963790894e-02
-9.544520974159240723e-01 2.129565775394439697e-01 2.089747637510299683e-01 -3.924503549933433533e-02
2.303990274667739868e-01 8.104383945465087891e-02 9.697151184082031250e-01 -2.971228957176208496e-01
0.000000000000000000e+00 0.000000000000000000e+00 0.000000000000000000e+00 1.000000000000000000e+00
2.769677639007568359e-01 9.530579447746276855e-01 -1.223500147461891174e-01 4.068959876894950867e-02
-9.382178187370300293e-01 2.957248985767364502e-01 1.797049939632415771e-01 -2.792823128402233124e-02
2.074512392282485962e-01 6.501851975917816162e-02 9.760822653770446777e-01 -2.965320348739624023e-01
0.000000000000000000e+00 0.000000000000000000e+00 0.000000000000000000e+00 1.000000000000000000e+00
3.294449448585510254e-01 9.362128973007202148e-01 -1.223565116524696350e-01 3.932299837470054626e-02
-9.339790940284729004e-01 3.421324193477630615e-01 1.030924022197723389e-01 -1.089862780645489693e-03
1.383786052465438843e-01 8.031520247459411621e-02 9.871174693107604980e-01 -2.962777316570281982e-01
0.000000000000000000e+00 0.000000000000000000e+00 0.000000000000000000e+00 1.000000000000000000e+00
3.625485301017761230e-01 9.185731410980224609e-01 -1.574225723743438721e-01 4.878769442439079285e-02
-9.296398162841796875e-01 3.683717846870422363e-01 8.491797372698783875e-03 3.210221976041793823e-02
6.579036265611648560e-02 1.432676166296005249e-01 9.874952435493469238e-01 -2.923558354377746582e-01
0.000000000000000000e+00 0.000000000000000000e+00 0.000000000000000000e+00 1.000000000000000000e+00
4.011756777763366699e-01 8.983805775642395020e-01 -1.788021922111511230e-01 5.357686430215835571e-02
-9.159432053565979004e-01 3.956255018711090088e-01 -6.729053705930709839e-02 5.759895220398902893e-02
1.028621383011341095e-02 1.907679885625839233e-01 9.815810322761535645e-01 -2.869265377521514893e-01
0.000000000000000000e+00 0.000000000000000000e+00 0.000000000000000000e+00 1.000000000000000000e+00
4.581881463527679443e-01 8.667519092559814453e-01 -1.969883292913436890e-01 5.555452406406402588e-02
-8.872266411781311035e-01 4.325655400753021240e-01 -1.603627055883407593e-01 8.612533658742904663e-02
-5.378436669707298279e-02 2.482495158910751343e-01 9.672016501426696777e-01 -2.771960794925689697e-01
0.000000000000000000e+00 0.000000000000000000e+00 0.000000000000000000e+00 1.000000000000000000e+00
5.329858660697937012e-01 8.269399404525756836e-01 -1.791552901268005371e-01 4.445185884833335876e-02
-8.402882814407348633e-01 4.924831986427307129e-01 -2.266624569892883301e-01 1.045989990234375000e-01
-9.920535236597061157e-02 2.713500857353210449e-01 9.573544859886169434e-01 -2.703962028026580811e-01
0.000000000000000000e+00 0.000000000000000000e+00 0.000000000000000000e+00 1.000000000000000000e+00
5.899282097816467285e-01 7.868033647537231445e-01 -1.814540177583694458e-01 4.089999943971633911e-02
-7.961115241050720215e-01 5.292266607284545898e-01 -2.934709191322326660e-01 1.208946630358695984e-01
-1.348738223314285278e-01 3.175843954086303711e-01 9.385885596275329590e-01 -2.611749172210693359e-01
0.000000000000000000e+00 0.000000000000000000e+00 0.000000000000000000e+00 1.000000000000000000e+00
6.652101278305053711e-01 7.308661937713623047e-01 -1.527405232191085815e-01 2.674186602234840393e-02
-7.248201370239257812e-01 5.829895734786987305e-01 -3.670944571495056152e-01 1.362759917974472046e-01
-1.792509555816650391e-01 3.549045920372009277e-01 9.175574779510498047e-01 -2.504886388778686523e-01
0.000000000000000000e+00 0.000000000000000000e+00 0.000000000000000000e+00 1.000000000000000000e+00
7.302531599998474121e-01 6.684592962265014648e-01 -1.410414576530456543e-01 1.939815096557140350e-02
-6.510342955589294434e-01 6.183249950408935547e-01 -4.402596652507781982e-01 1.508460789918899536e-01
-2.070862799882888794e-01 4.133236110210418701e-01 8.867236971855163574e-01 -2.361142635345458984e-01
0.000000000000000000e+00 0.000000000000000000e+00 0.000000000000000000e+00 1.000000000000000000e+00
7.531751394271850586e-01 6.465272903442382812e-01 -1.213642433285713196e-01 1.177212875336408615e-02
-6.008771657943725586e-01 6.010825634002685547e-01 -5.269206166267395020e-01 1.706362962722778320e-01
-2.677187919616699219e-01 4.697884917259216309e-01 8.412043452262878418e-01 -2.154222577810287476e-01
0.000000000000000000e+00 0.000000000000000000e+00 0.000000000000000000e+00 1.000000000000000000e+00
7.812719941139221191e-01 6.117789149284362793e-01 -1.238574162125587463e-01 1.002267654985189438e-02
-5.375839471817016602e-01 5.586521029472351074e-01 -6.315940618515014648e-01 1.975847333669662476e-01
-3.172028064727783203e-01 5.600306987762451172e-01 7.653420567512512207e-01 -1.871244609355926514e-01
0.000000000000000000e+00 0.000000000000000000e+00 0.000000000000000000e+00 1.000000000000000000e+00
8.024815320968627930e-01 5.827595591545104980e-01 -1.281210929155349731e-01 9.423933923244476318e-03
-4.875023066997528076e-01 5.165479779243469238e-01 -7.039318680763244629e-01 2.167380452156066895e-01
-3.440419733524322510e-01 6.273514628410339355e-01 6.986170411109924316e-01 -1.634988784790039062e-01
0.000000000000000000e+00 0.000000000000000000e+00 0.000000000000000000e+00 1.000000000000000000e+00
8.330229520797729492e-01 5.386667847633361816e-01 -1.261356472969055176e-01 5.556668620556592941e-03
-4.194852113723754883e-01 4.663447439670562744e-01 -7.788162231445312500e-01 2.361173182725906372e-01
-3.606998026371002197e-01 7.016838192939758301e-01 6.144390702247619629e-01 -1.394389122724533081e-01
0.000000000000000000e+00 0.000000000000000000e+00 0.000000000000000000e+00 1.000000000000000000e+00
8.641772866249084473e-01 4.964526295661926270e-01 -8.205039799213409424e-02 -8.777897804975509644e-03
-3.290445804595947266e-01 4.341739118099212646e-01 -8.385834693908691406e-01 2.503563761711120605e-01
-3.806928992271423340e-01 7.516830563545227051e-01 5.385581851005554199e-01 -1.190789714455604553e-01
0.000000000000000000e+00 0.000000000000000000e+00 0.000000000000000000e+00 1.000000000000000000e+00
8.813154101371765137e-01 4.694176316261291504e-01 -5.413187295198440552e-02 -1.701048389077186584e-02
-2.314409762620925903e-01 3.289437890052795410e-01 -9.155493974685668945e-01 2.648404240608215332e-01
-4.119687974452972412e-01 8.194160461425781250e-01 3.985456526279449463e-01 -8.113870024681091309e-02
0.000000000000000000e+00 0.000000000000000000e+00 0.000000000000000000e+00 1.000000000000000000e+00
8.728849291801452637e-01 4.875654280185699463e-01 -1.876031421124935150e-02 -3.154580667614936829e-02
-9.684197604656219482e-02 1.354350894689559937e-01 -9.860421419143676758e-01 2.827122509479522705e-01
-4.782192409038543701e-01 8.625180721282958984e-01 1.654359847307205200e-01 -1.531339343637228012e-02
0.000000000000000000e+00 0.000000000000000000e+00 0.000000000000000000e+00 1.000000000000000000e+00
8.658017516136169434e-01 4.993399977684020996e-01 -3.235425055027008057e-02 -2.521523460745811462e-02
-1.025719270110130310e-01 1.138198003172874451e-01 -9.881920814514160156e-01 2.827458083629608154e-01
-4.897613525390625000e-01 8.588970303535461426e-01 1.497636139392852783e-01 -1.701121032238006592e-02
0.000000000000000000e+00 0.000000000000000000e+00 0.000000000000000000e+00 1.000000000000000000e+00
8.144571781158447266e-01 5.798603296279907227e-01 -2.054393850266933441e-02 -2.371221221983432770e-02
-1.117368265986442566e-01 1.220018789172172546e-01 -9.862201213836669922e-01 2.824456989765167236e-01
-5.693632364273071289e-01 8.055292963981628418e-01 1.641570329666137695e-01 -1.914386264979839325e-02
0.000000000000000000e+00 0.000000000000000000e+00 0.000000000000000000e+00 1.000000000000000000e+00
7.902489900588989258e-01 6.109539866447448730e-01 -4.734219983220100403e-02 -1.587662845849990845e-02
-2.483869940042495728e-01 2.487369477748870850e-01 -9.361803531646728516e-01 2.741529643535614014e-01
-5.601873397827148438e-01 7.515751123428344727e-01 3.483172357082366943e-01 -6.131520867347717285e-02
0.000000000000000000e+00 0.000000000000000000e+00 0.000000000000000000e+00 1.000000000000000000e+00
8.155246376991271973e-01 5.736972689628601074e-01 -7.610008120536804199e-02 -8.265472948551177979e-03
-3.075077831745147705e-01 3.181740939617156982e-01 -8.967740535736083984e-01 2.655330002307891846e-01
-4.902637898921966553e-01 7.547428607940673828e-01 4.358953535556793213e-01 -8.704100549221038818e-02
0.000000000000000000e+00 0.000000000000000000e+00 0.000000000000000000e+00 1.000000000000000000e+00
8.005888462066650391e-01 5.925252437591552734e-01 -8.928196877241134644e-02 -4.996382631361484528e-03
-3.700700998306274414e-01 3.717316985130310059e-01 -8.513895273208618164e-01 2.560592293739318848e-01
-4.712806046009063721e-01 7.146534323692321777e-01 5.168802142143249512e-01 -1.100334674119949341e-01
0.000000000000000000e+00 0.000000000000000000e+00 0.000000000000000000e+00 1.000000000000000000e+00
8.287341594696044922e-01 5.546686053276062012e-01 -7.444339990615844727e-02 -1.474191062152385712e-02
-4.552218616008758545e-01 5.907407402992248535e-01 -6.661819219589233398e-01 2.163429707288742065e-01
-3.255335390567779541e-01 5.859763622283935547e-01 7.420647740364074707e-01 -1.803055256605148315e-01
0.000000000000000000e+00 0.000000000000000000e+00 0.000000000000000000e+00 1.000000000000000000e+00
8.263223171234130859e-01 5.613566637039184570e-01 -4.549971222877502441e-02 -2.454775013029575348e-02
-4.710759222507476807e-01 6.446250677108764648e-01 -6.021173596382141113e-01 1.980810314416885376e-01
-3.086723685264587402e-01 5.189766287803649902e-01 7.971100211143493652e-01 -1.972046941518783569e-01
0.000000000000000000e+00 0.000000000000000000e+00 0.000000000000000000e+00 1.000000000000000000e+00
8.503403663635253906e-01 5.246421098709106445e-01 -4.089144617319107056e-02 -2.614049054682254791e-02
-4.630609750747680664e-01 7.090831398963928223e-01 -5.317668318748474121e-01 1.763821095228195190e-01
-2.499917149543762207e-01 4.711177945137023926e-01 8.459030389785766602e-01 -2.131947726011276245e-01
0.000000000000000000e+00 0.000000000000000000e+00 0.000000000000000000e+00 1.000000000000000000e+00
8.676003217697143555e-01 4.972171485424041748e-01 -6.689741276204586029e-03 -3.471010550856590271e-02
-4.605774581432342529e-01 7.984505295753479004e-01 -3.877434730529785156e-01 1.349573731422424316e-01
-1.874514222145080566e-01 3.394874632358551025e-01 9.217431545257568359e-01 -2.367396801710128784e-01
0.000000000000000000e+00 0.000000000000000000e+00 0.000000000000000000e+00 1.000000000000000000e+00
8.750097751617431641e-01 4.840645790100097656e-01 -6.282285321503877640e-03 -3.322908654808998108e-02
-4.695447981357574463e-01 8.454616069793701172e-01 -2.544044852256774902e-01 9.768106788396835327e-02
-1.178368777036666870e-01 2.255563586950302124e-01 9.670774936676025391e-01 -2.520928382873535156e-01
0.000000000000000000e+00 0.000000000000000000e+00 0.000000000000000000e+00 1.000000000000000000e+00
8.786113262176513672e-01 4.775291979312896729e-01 -2.768373582512140274e-03 -3.027258254587650299e-02
-4.771956801414489746e-01 8.777489066123962402e-01 -4.290959611535072327e-02 3.776089847087860107e-02
-1.806065812706947327e-02 3.902193158864974976e-02 9.990752339363098145e-01 -2.656802833080291748e-01
0.000000000000000000e+00 0.000000000000000000e+00 0.000000000000000000e+00 1.000000000000000000e+00
8.862932324409484863e-01 4.630243182182312012e-01 -9.644569829106330872e-03 -2.688390947878360748e-02
-4.620920121669769287e-01 8.855150341987609863e-01 4.830721765756607056e-02 1.092444360256195068e-02
3.090783767402172089e-02 -3.835766762495040894e-02 9.987863898277282715e-01 -2.683430910110473633e-01
0.000000000000000000e+00 0.000000000000000000e+00 0.000000000000000000e+00 1.000000000000000000e+00
8.941774368286132812e-01 4.477000832557678223e-01 -3.373985644429922104e-03 -2.801817655563354492e-02
-4.422694444656372070e-01 8.844522833824157715e-01 1.487984508275985718e-01 -2.041998133063316345e-02
6.960122287273406982e-02 -1.315599381923675537e-01 9.888616800308227539e-01 -2.674933075904846191e-01
0.000000000000000000e+00 0.000000000000000000e+00 0.000000000000000000e+00 1.000000000000000000e+00
8.981701731681823730e-01 4.396062493324279785e-01 -6.060512736439704895e-03 -2.711019851267337799e-02
-4.234859645366668701e-01 8.687732219696044922e-01 2.566969394683837891e-01 -5.437828227877616882e-02
1.181108132004737854e-01 -2.279909253120422363e-01 9.664729833602905273e-01 -2.628660798072814941e-01
0.000000000000000000e+00 0.000000000000000000e+00 0.000000000000000000e+00 1.000000000000000000e+00
9.017909765243530273e-01 4.321205615997314453e-01 -6.617809180170297623e-03 -2.653193287551403046e-02
-3.992316722869873047e-01 8.388240933418273926e-01 3.701186478137969971e-01 -9.162312746047973633e-02
1.654871404170989990e-01 -3.311275839805603027e-01 9.289608597755432129e-01 -2.531890273094177246e-01
0.000000000000000000e+00 0.000000000000000000e+00 0.000000000000000000e+00 1.000000000000000000e+00
9.062286019325256348e-01 4.227471947669982910e-01 -5.784138571470975876e-03 -2.817374654114246368e-02
-3.733055293560028076e-01 8.065152168273925781e-01 4.584500789642333984e-01 -1.210720613598823547e-01
1.984737217426300049e-01 -4.133014082908630371e-01 8.887011408805847168e-01 -2.432977855205535889e-01
0.000000000000000000e+00 0.000000000000000000e+00 0.000000000000000000e+00 1.000000000000000000e+00
9.176058173179626465e-01 3.974826931953430176e-01 2.833412494510412216e-03 -3.341450914740562439e-02
-3.334560096263885498e-01 7.658783197402954102e-01 5.497614741325378418e-01 -1.513142883777618408e-01
2.163505554199218750e-01 -5.054084658622741699e-01 8.353169560432434082e-01 -2.299007922410964966e-01
0.000000000000000000e+00 0.000000000000000000e+00 0.000000000000000000e+00 1.000000000000000000e+00
9.133872389793395996e-01 4.062528014183044434e-01 2.611097879707813263e-02 -4.132715985178947449e-02
-3.298665881156921387e-01 7.010080814361572266e-01 6.322781443595886230e-01 -1.762384772300720215e-01
2.385610044002532959e-01 -5.861279368400573730e-01 7.743011116981506348e-01 -2.151111960411071777e-01
0.000000000000000000e+00 0.000000000000000000e+00 0.000000000000000000e+00 1.000000000000000000e+00
9.205763936042785645e-01 3.887681663036346436e-01 3.740427643060684204e-02 -4.678795859217643738e-02
-2.920639812946319580e-01 6.216598749160766602e-01 7.267994880676269531e-01 -2.065554261207580566e-01
2.593040168285369873e-01 -6.799988746643066406e-01 6.858302354812622070e-01 -1.906217634677886963e-01
0.000000000000000000e+00 0.000000000000000000e+00 0.000000000000000000e+00 1.000000000000000000e+00
9.288321137428283691e-01 3.654198348522186279e-01 6.114893779158592224e-02 -5.554787069559097290e-02
-2.673592269420623779e-01 5.468093156814575195e-01 7.934218645095825195e-01 -2.283789068460464478e-01
2.564951777458190918e-01 -7.533044219017028809e-01 6.055923700332641602e-01 -1.661490797996520996e-01
0.000000000000000000e+00 0.000000000000000000e+00 0.000000000000000000e+00 1.000000000000000000e+00
9.394022226333618164e-01 3.377024531364440918e-01 5.899762362241744995e-02 -5.692545697093009949e-02
-2.240219265222549438e-01 4.744469523429870605e-01 8.513013720512390137e-01 -2.486074119806289673e-01
2.594953477382659912e-01 -8.129310607910156250e-01 5.213493108749389648e-01 -1.419984400272369385e-01
0.000000000000000000e+00 0.000000000000000000e+00 0.000000000000000000e+00 1.000000000000000000e+00
9.488905072212219238e-01 3.106694221496582031e-01 5.560025200247764587e-02 -5.895516276359558105e-02
-1.864576190710067749e-01 4.096920490264892578e-01 8.929646611213684082e-01 -2.625495195388793945e-01
2.546378374099731445e-01 -8.576926589012145996e-01 4.466795623302459717e-01 -1.211625486612319946e-01
0.000000000000000000e+00 0.000000000000000000e+00 0.000000000000000000e+00 1.000000000000000000e+00
9.620270729064941406e-01 2.689139544963836670e-01 4.678878933191299438e-02 -5.954358726739883423e-02
-1.421780735254287720e-01 3.473646044731140137e-01 9.268889427185058594e-01 -2.758582234382629395e-01
2.330006062984466553e-01 -8.983445167541503906e-01 3.724077939987182617e-01 -9.833220392465591431e-02
0.000000000000000000e+00 0.000000000000000000e+00 0.000000000000000000e+00 1.000000000000000000e+00
9.677549004554748535e-01 2.408393621444702148e-01 7.380305230617523193e-02 -6.993274390697479248e-02
-1.374556869268417358e-01 2.593933343887329102e-01 9.559398293495178223e-01 -2.889984548091888428e-01
2.110839188098907471e-01 -9.352601170539855957e-01 2.841339409351348877e-01 -6.679975241422653198e-02
0.000000000000000000e+00 0.000000000000000000e+00 0.000000000000000000e+00 1.000000000000000000e+00
9.802325367927551270e-01 1.906057596206665039e-01 5.304251611232757568e-02 -6.652914732694625854e-02
-8.233728259801864624e-02 1.492255628108978271e-01 9.853690266609191895e-01 -3.024646937847137451e-01
1.799017637968063354e-01 -9.702582359313964844e-01 1.619696766138076782e-01 -2.489820867776870728e-02
0.000000000000000000e+00 0.000000000000000000e+00 0.000000000000000000e+00 1.000000000000000000e+00
9.955359101295471191e-01 9.412465244531631470e-02 -6.979079451411962509e-03 -5.139663070440292358e-02
-4.883719142526388168e-03 1.252168267965316772e-01 9.921174645423889160e-01 -3.068605363368988037e-01
9.425660222768783569e-02 -9.876545071601867676e-01 1.251174360513687134e-01 -1.325640175491571426e-02
0.000000000000000000e+00 0.000000000000000000e+00 0.000000000000000000e+00 1.000000000000000000e+00
9.966949224472045898e-01 8.092432469129562378e-02 -7.103704381734132767e-03 -5.210538953542709351e-02
-1.293903496116399765e-02 2.444729954004287720e-01 9.695697426795959473e-01 -3.009839057922363281e-01
8.019844442605972290e-02 -9.662732481956481934e-01 2.447120398283004761e-01 -5.138406157493591309e-02
0.000000000000000000e+00 0.000000000000000000e+00 0.000000000000000000e+00 1.000000000000000000e+00
9.983729124069213867e-01 3.134638443589210510e-02 -4.763394594192504883e-02 -3.850409016013145447e-02
3.649749979376792908e-02 2.905507385730743408e-01 9.561632275581359863e-01 -3.076484501361846924e-01
4.381233826279640198e-02 -9.563458561897277832e-01 2.889339327812194824e-01 -6.404283642768859863e-02
0.000000000000000000e+00 0.000000000000000000e+00 0.000000000000000000e+00 1.000000000000000000e+00
9.894503951072692871e-01 -5.516139417886734009e-02 -1.339596956968307495e-01 -5.166472867131233215e-03
1.441021263599395752e-01 2.795184552669525146e-01 9.492649435997009277e-01 -3.178877234458923340e-01
-1.491857040673494339e-02 -9.585545063018798828e-01 2.845185399055480957e-01 -5.978379771113395691e-02
0.000000000000000000e+00 0.000000000000000000e+00 0.000000000000000000e+00 1.000000000000000000e+00
9.691538214683532715e-01 -7.894348353147506714e-02 -2.334710657596588135e-01 2.851953171193599701e-02
2.460215091705322266e-01 2.536256611347198486e-01 9.354931712150573730e-01 -3.228539824485778809e-01
-1.463684625923633575e-02 -9.640756845474243164e-01 2.652240395545959473e-01 -5.170449614524841309e-02
0.000000000000000000e+00 0.000000000000000000e+00 0.000000000000000000e+00 1.000000000000000000e+00
9.745228886604309082e-01 -3.053180873394012451e-02 -2.221997976303100586e-01 2.262158878147602081e-02
2.214465737342834473e-01 2.881641387939453125e-01 9.316236376762390137e-01 -3.216347992420196533e-01
3.558583930134773254e-02 -9.570940732955932617e-01 2.875838279724121094e-01 -6.280387192964553833e-02
0.000000000000000000e+00 0.000000000000000000e+00 0.000000000000000000e+00 1.000000000000000000e+00
9.841225147247314453e-01 3.407967835664749146e-02 -1.741874366998672485e-01 3.680948633700609207e-03
1.536145210266113281e-01 3.280754685401916504e-01 9.320777058601379395e-01 -3.187884688377380371e-01
8.891153335571289062e-02 -9.440364837646484375e-01 3.176313936710357666e-01 -7.799227535724639893e-02
0.000000000000000000e+00 0.000000000000000000e+00 0.000000000000000000e+00 1.000000000000000000e+00
9.886662364006042480e-01 1.028611585497856140e-01 -1.093552187085151672e-01 -2.097658999264240265e-02
6.387689709663391113e-02 3.709722757339477539e-01 9.264445304870605469e-01 -3.117478191852569580e-01
1.358628869056701660e-01 -9.229295849800109863e-01 3.601971864700317383e-01 -9.893544018268585205e-02
0.000000000000000000e+00 0.000000000000000000e+00 0.000000000000000000e+00 1.000000000000000000e+00
9.806125760078430176e-01 1.942396312952041626e-01 -2.588198333978652954e-02 -5.033941194415092468e-02
-3.618965297937393188e-02 3.093234598636627197e-01 9.502679109573364258e-01 -3.138380348682403564e-01
1.925855875015258789e-01 -9.309080243110656738e-01 3.103559613227844238e-01 -8.759094774723052979e-02
0.000000000000000000e+00 0.000000000000000000e+00 0.000000000000000000e+00 1.000000000000000000e+00
9.216643571853637695e-01 3.763513863086700439e-01 9.430708736181259155e-02 -8.805985003709793091e-02
-2.245796471834182739e-01 3.192811608314514160e-01 9.206643700599670410e-01 -2.940732538700103760e-01
3.163831830024719238e-01 -8.697237372398376465e-01 3.787913620471954346e-01 -1.205764412879943848e-01
0.000000000000000000e+00 0.000000000000000000e+00 0.000000000000000000e+00 1.000000000000000000e+00
8.789521455764770508e-01 4.679365456104278564e-01 9.208014607429504395e-02 -8.585644513368606567e-02
-2.779672443866729736e-01 3.457678854465484619e-01 8.962023854255676270e-01 -2.822074592113494873e-01
3.875276148319244385e-01 -8.133144974708557129e-01 4.339845180511474609e-01 -1.463313251733779907e-01
0.000000000000000000e+00 0.000000000000000000e+00 0.000000000000000000e+00 1.000000000000000000e+00
8.344802856445312500e-01 5.472547411918640137e-01 6.445857882499694824e-02 -7.452345639467239380e-02
-3.385396599769592285e-01 4.168613851070404053e-01 8.435742259025573730e-01 -2.616301774978637695e-01
4.347796440124511719e-01 -7.257675528526306152e-01 5.331299304962158203e-01 -1.834499239921569824e-01
0.000000000000000000e+00 0.000000000000000000e+00 0.000000000000000000e+00 1.000000000000000000e+00
8.062397241592407227e-01 5.892620086669921875e-01 5.242049694061279297e-02 -6.875430792570114136e-02
-4.229723513126373291e-01 5.122235417366027832e-01 7.474765181541442871e-01 -2.245425432920455933e-01
4.136085212230682373e-01 -6.248174905776977539e-01 6.622167229652404785e-01 -2.252039313316345215e-01
0.000000000000000000e+00 0.000000000000000000e+00 0.000000000000000000e+00 1.000000000000000000e+00
7.795311212539672852e-01 6.257371306419372559e-01 2.801292948424816132e-02 -5.963357537984848022e-02
-5.006144046783447266e-01 5.955291390419006348e-01 6.282755136489868164e-01 -1.794715523719787598e-01
3.764525949954986572e-01 -5.037838816642761230e-01 7.774862647056579590e-01 -2.608738541603088379e-01
0.000000000000000000e+00 0.000000000000000000e+00 0.000000000000000000e+00 1.000000000000000000e+00
7.565382122993469238e-01 6.535032391548156738e-01 2.416162565350532532e-02 -5.672335624694824219e-02
-5.646463632583618164e-01 6.341412663459777832e-01 5.282412767410278320e-01 -1.419580131769180298e-01
3.298856019973754883e-01 -4.132773280143737793e-01 8.487507700920104980e-01 -2.819149792194366455e-01
0.000000000000000000e+00 0.000000000000000000e+00 0.000000000000000000e+00 1.000000000000000000e+00
6.560180187225341797e-01 7.545382380485534668e-01 1.768558844923973083e-02 -4.819443821907043457e-02
-6.748444437980651855e-01 5.759148597717285156e-01 4.614179134368896484e-01 -1.122545152902603149e-01
3.379719853401184082e-01 -3.146333396434783936e-01 8.870066404342651367e-01 -2.966893613338470459e-01
0.000000000000000000e+00 0.000000000000000000e+00 0.000000000000000000e+00 1.000000000000000000e+00
5.888510346412658691e-01 8.081263899803161621e-01 -1.365097705274820328e-02 -3.271347656846046448e-02
-7.377185225486755371e-01 5.442939996719360352e-01 3.993936777114868164e-01 -8.648408204317092896e-02
3.301909267902374268e-01 -2.251127064228057861e-01 9.166776537895202637e-01 -3.075216710567474365e-01
0.000000000000000000e+00 0.000000000000000000e+00 0.000000000000000000e+00 1.000000000000000000e+00
5.388250350952148438e-01 8.409783244132995605e-01 -4.922274127602577209e-02 -1.648134924471378326e-02
-7.838816642761230469e-01 5.219283699989318848e-01 3.363332450389862061e-01 -6.155784428119659424e-02
3.085398077964782715e-01 -1.426399946212768555e-01 9.404560327529907227e-01 -3.141945600509643555e-01
0.000000000000000000e+00 0.000000000000000000e+00 0.000000000000000000e+00 1.000000000000000000e+00
5.065695643424987793e-01 8.549748659133911133e-01 -1.113777458667755127e-01 7.077767048031091690e-03
-8.193043470382690430e-01 5.175718069076538086e-01 2.466981112957000732e-01 -2.868906222283840179e-02
2.685664892196655273e-01 -3.371742367744445801e-02 9.626706242561340332e-01 -3.200981318950653076e-01
0.000000000000000000e+00 0.000000000000000000e+00 0.000000000000000000e+00 1.000000000000000000e+00
4.368751049041748047e-01 8.857169151306152344e-01 -1.569883674383163452e-01 2.862333320081233978e-02
-8.607209324836730957e-01 4.623200297355651855e-01 2.131178379058837891e-01 -1.445361971855163574e-02
2.613410353660583496e-01 4.201732575893402100e-02 9.643316864967346191e-01 -3.201377391815185547e-01
0.000000000000000000e+00 0.000000000000000000e+00 0.000000000000000000e+00 1.000000000000000000e+00
3.552980720996856689e-01 8.982669711112976074e-01 -2.586115598678588867e-01 6.907692551612854004e-02
-8.935515284538269043e-01 4.076139032840728760e-01 1.881932169198989868e-01 -3.293392248451709747e-03
2.744612991809844971e-01 1.642180979251861572e-01 9.474721550941467285e-01 -3.152828812599182129e-01
0.000000000000000000e+00 0.000000000000000000e+00 0.000000000000000000e+00 1.000000000000000000e+00
2.937848865985870361e-01 8.861882090568542480e-01 -3.582735359668731689e-01 1.065162047743797302e-01
-9.134912490844726562e-01 3.706609904766082764e-01 1.677639037370681763e-01 5.026827100664377213e-03
2.814683616161346436e-01 2.779933214187622070e-01 9.184198379516601562e-01 -3.062404394149780273e-01
0.000000000000000000e+00 0.000000000000000000e+00 0.000000000000000000e+00 1.000000000000000000e+00
2.726297378540039062e-01 8.556166291236877441e-01 -4.399922490119934082e-01 1.344515979290008545e-01
-9.323315024375915527e-01 3.478586077690124512e-01 9.875696152448654175e-02 2.974179759621620178e-02
2.375531196594238281e-01 3.832946717739105225e-01 8.925551176071166992e-01 -2.940434217453002930e-01
0.000000000000000000e+00 0.000000000000000000e+00 0.000000000000000000e+00 1.000000000000000000e+00
1.780810058116912842e-01 7.784816622734069824e-01 -6.018756031990051270e-01 1.941192895174026489e-01
-9.616023898124694824e-01 2.674795687198638916e-01 6.144963204860687256e-02 4.266064241528511047e-02
2.088269293308258057e-01 5.678216218948364258e-01 7.962230443954467773e-01 -2.604990899562835693e-01
0.000000000000000000e+00 0.000000000000000000e+00 0.000000000000000000e+00 1.000000000000000000e+00
1.361366659402847290e-01 6.793623566627502441e-01 -7.210645675659179688e-01 2.358980476856231689e-01
-9.730374217033386230e-01 2.284777760505676270e-01 3.155491501092910767e-02 5.296801775693893433e-02
1.861843317747116089e-01 6.973268389701843262e-01 6.921491026878356934e-01 -2.255086600780487061e-01
0.000000000000000000e+00 0.000000000000000000e+00 0.000000000000000000e+00 1.000000000000000000e+00
1.123627349734306335e-01 5.752158164978027344e-01 -8.102472424507141113e-01 2.659091949462890625e-01
-9.831725358963012695e-01 1.825539767742156982e-01 -6.743613164871931076e-03 6.570766121149063110e-02
1.440348625183105469e-01 7.973707914352416992e-01 5.860489010810852051e-01 -1.888305991888046265e-01
0.000000000000000000e+00 0.000000000000000000e+00 0.000000000000000000e+00 1.000000000000000000e+00
8.274241536855697632e-02 5.037170648574829102e-01 -8.598969578742980957e-01 2.840631604194641113e-01
-9.900630712509155273e-01 1.399970352649688721e-01 -1.325882505625486374e-02 6.874492019414901733e-02
1.137043163180351257e-01 8.524492979049682617e-01 5.102954506874084473e-01 -1.623562872409820557e-01
0.000000000000000000e+00 0.000000000000000000e+00 0.000000000000000000e+00 1.000000000000000000e+00
1.547110825777053833e-01 5.145240426063537598e-01 -8.434035778045654297e-01 2.723128795623779297e-01
-9.875655174255371094e-01 1.046515777707099915e-01 -1.173121780157089233e-01 1.022768095135688782e-01
2.790356241166591644e-02 8.510658740997314453e-01 5.243172049522399902e-01 -1.598871052265167236e-01
0.000000000000000000e+00 0.000000000000000000e+00 0.000000000000000000e+00 1.000000000000000000e+00
2.677372395992279053e-01 5.775423645973205566e-01 -7.712075710296630859e-01 2.411314696073532104e-01
-9.588400125503540039e-01 8.115070313215255737e-02 -2.721045017242431641e-01 1.503832340240478516e-01
-9.456776827573776245e-02 8.123176097869873047e-01 5.754978656768798828e-01 -1.663040816783905029e-01
0.000000000000000000e+00 0.000000000000000000e+00 0.000000000000000000e+00 1.000000000000000000e+00
3.252971172332763672e-01 6.162658333778381348e-01 -7.172161340713500977e-01 2.206398546695709229e-01
-9.284408688545227051e-01 6.426615267992019653e-02 -3.658787906169891357e-01 1.779193133115768433e-01
-1.793858259916305542e-01 7.849119901657104492e-01 5.930718779563903809e-01 -1.650830209255218506e-01
0.000000000000000000e+00 0.000000000000000000e+00 0.000000000000000000e+00 1.000000000000000000e+00
3.617593944072723389e-01 6.444380283355712891e-01 -6.736690402030944824e-01 2.040566653013229370e-01
-8.930811882019042969e-01 3.224304318428039551e-02 -4.487393200397491455e-01 2.006565630435943604e-01
-2.674634456634521484e-01 7.639766931533813477e-01 5.871996879577636719e-01 -1.565558314323425293e-01
0.000000000000000000e+00 0.000000000000000000e+00 0.000000000000000000e+00 1.000000000000000000e+00
4.256754517555236816e-01 6.394498348236083984e-01 -6.402378082275390625e-01 1.878425478935241699e-01
-8.391339778900146484e-01 1.419322565197944641e-02 -5.437398552894592285e-01 2.260365188121795654e-01
-3.386072814464569092e-01 7.687018513679504395e-01 5.426254868507385254e-01 -1.352671980857849121e-01
0.000000000000000000e+00 0.000000000000000000e+00 0.000000000000000000e+00 1.000000000000000000e+00
5.221139788627624512e-01 6.409590244293212891e-01 -5.626441240310668945e-01 1.574510782957077026e-01
-7.347580194473266602e-01 3.079120302572846413e-03 -6.783224344253540039e-01 2.579650878906250000e-01
-4.330442547798156738e-01 7.675690650939941406e-01 4.725573956966400146e-01 -1.025129407644271851e-01
0.000000000000000000e+00 0.000000000000000000e+00 0.000000000000000000e+00 1.000000000000000000e+00
6.248723268508911133e-01 6.803897023200988770e-01 -3.828886449337005615e-01 9.332652390003204346e-02
-5.794171094894409180e-01 7.545018941164016724e-02 -8.115311264991760254e-01 2.905173003673553467e-01
-5.232690572738647461e-01 7.289555072784423828e-01 4.413763284683227539e-01 -8.494862169027328491e-02
0.000000000000000000e+00 0.000000000000000000e+00 0.000000000000000000e+00 1.000000000000000000e+00
6.320074796676635742e-01 7.311131358146667480e-01 -2.569842934608459473e-01 5.712723359465599060e-02
-4.931225776672363281e-01 1.235905811190605164e-01 -8.611361384391784668e-01 3.004017770290374756e-01
-5.978268980979919434e-01 6.709690093994140625e-01 4.386385083198547363e-01 -7.917472720146179199e-02
0.000000000000000000e+00 0.000000000000000000e+00 0.000000000000000000e+00 1.000000000000000000e+00
5.880482196807861328e-01 7.862032055854797363e-01 -1.899574697017669678e-01 4.258911311626434326e-02
-4.008835256099700928e-01 7.932653278112411499e-02 -9.126882553100585938e-01 3.102042675018310547e-01
-7.024899125099182129e-01 6.128554344177246094e-01 3.618236482143402100e-01 -5.310755595564842224e-02
0.000000000000000000e+00 0.000000000000000000e+00 0.000000000000000000e+00 1.000000000000000000e+00
4.558292627334594727e-01 8.882601857185363770e-01 -5.668582022190093994e-02 1.581988483667373657e-02
-2.235815227031707764e-01 5.262504890561103821e-02 -9.732636809349060059e-01 3.189634978771209717e-01
-8.615284562110900879e-01 4.563159346580505371e-01 2.225866317749023438e-01 -9.055019356310367584e-03
0.000000000000000000e+00 0.000000000000000000e+00 0.000000000000000000e+00 1.000000000000000000e+00
3.143819868564605713e-01 9.449179172515869141e-01 9.107295423746109009e-02 -2.523937262594699860e-02
-2.638057470321655273e-01 1.791209578514099121e-01 -9.477985501289367676e-01 3.199575543403625488e-01
-9.119048714637756348e-01 2.739453017711639404e-01 3.055874407291412354e-01 -4.127324745059013367e-02
0.000000000000000000e+00 0.000000000000000000e+00 0.000000000000000000e+00 1.000000000000000000e+00
2.930345535278320312e-01 9.557464718818664551e-01 -2.606295980513095856e-02 1.513554714620113373e-02
-3.723497688770294189e-01 8.897126466035842896e-02 -9.238181710243225098e-01 3.142428696155548096e-01
-8.806170821189880371e-01 2.804150879383087158e-01 3.819437921047210693e-01 -6.470312923192977905e-02
0.000000000000000000e+00 0.000000000000000000e+00 0.000000000000000000e+00 1.000000000000000000e+00
2.846755683422088623e-01 9.580739736557006836e-01 -3.246313333511352539e-02 2.236590348184108734e-02
-4.677326381206512451e-01 1.092597618699073792e-01 -8.770908713340759277e-01 3.035393655300140381e-01
-8.367710113525390625e-01 2.648702859878540039e-01 4.792260527610778809e-01 -9.867515414953231812e-02
0.000000000000000000e+00 0.000000000000000000e+00 0.000000000000000000e+00 1.000000000000000000e+00
1.630557477474212646e-01 9.853736758232116699e-01 -4.951195791363716125e-02 3.343135863542556763e-02
-4.800127744674682617e-01 3.538689389824867249e-02 -8.765476942062377930e-01 3.027631640434265137e-01
-8.619748950004577637e-01 1.666923612356185913e-01 4.787621200084686279e-01 -1.000925600528717041e-01
