0.7247136235237122 0.6882526874542236 -0.03313884139060974 -0.01232339534908533 
-0.6834342479705811 0.7118476629257202 -0.1618341356515884 0.08291532099246979 
-0.0877930223941803 0.1399316042661667 0.9862613677978516 -0.2906754314899445 
0 0 0 1 

0.6481931805610657 0.7607021331787109 -0.03431388363242149 -0.00683746300637722 
-0.7569842338562012 0.6388283371925354 -0.1373781859874725 0.07796388864517212 
-0.08258326351642609 0.1150226593017578 0.9899241328239441 -0.2934485375881195 
0 0 0 1 

0.5518501996994019 0.8327105641365051 -0.04532404616475105 0.002446245634928346 
-0.8322052359580994 0.5463793873786926 -0.09435985237360001 0.06644342094659805 
-0.05381033942103386 0.08979140967130661 0.9945058822631836 -0.2984137535095215 
0 0 0 1 

0.457567423582077 0.8837881684303284 -0.09772701561450958 0.02533313259482384 
-0.8891664147377014 0.4543094635009766 -0.05464408174157143 0.0544251836836338 
-0.003895486006513238 0.1118989214301109 0.9937119483947754 -0.3021632730960846 
0 0 0 1 

0.3512121438980103 0.9302361607551575 -0.1063515171408653 0.03227843344211578 
-0.9360504746437073 0.351448118686676 -0.01713692024350166 0.04047644883394241 
0.02143565937876701 0.1055690869688988 0.9941809177398682 -0.303770124912262 
0 0 0 1 

0.2711437344551086 0.9538915753364563 -0.1287315189838409 0.04200454428792 
-0.9590392708778381 0.2791250348091125 0.04829797148704529 0.01607167534530163 
0.08200322091579437 0.1103629097342491 0.990502655506134 -0.3032359480857849 
0 0 0 1 

0.3611329197883606 0.9127498269081116 -0.1909725517034531 0.05803122743964195 
-0.9291712641716003 0.3695367574691772 0.00911292340606451 0.03112637810409069 
0.07888917624950409 0.1741552650928497 0.9815530776977539 -0.2905144095420837 
0 0 0 1 

0.4029449820518494 0.892641544342041 -0.2020551264286041 0.05935675278306007 
-0.9150245189666748 0.3975273072719574 -0.06857127696275711 0.0575387142598629 
0.01911281980574131 0.2125158607959747 0.9769706726074219 -0.2855084538459778 
0 0 0 1 

0.4585914313793182 0.8579863309860229 -0.2314153760671616 0.06481775641441345 
-0.887789249420166 0.430901974439621 -0.1617202609777451 0.08596423268318176 
-0.03903650119900703 0.2796116173267365 0.9593192934989929 -0.2749991714954376 
0 0 0 1 

0.54308021068573 0.8164758682250977 -0.196038156747818 0.04812029376626015 
-0.8352208137512207 0.5012360811233521 -0.2262044996023178 0.1027142032980919 
-0.08642911165952682 0.286582350730896 0.9541491270065308 -0.2696583271026611 
0 0 0 1 

