0.7247134447097778 0.688252866268158 -0.03313886001706123 -0.0123234037309885 
-0.6834343671798706 0.7118474841117859 -0.161834180355072 0.0829152911901474 
-0.08779305219650269 0.1399316340684891 0.9862613677978516 -0.2906754612922668 
0 0 0 1 

0.6481932997703552 0.7607020735740662 -0.0343138687312603 -0.00683748209849 
-0.7569841742515564 0.6388283967971802 -0.1373781710863113 0.07796387374401093 
-0.0825832411646843 0.1150226518511772 0.9899241328239441 -0.2934485375881195 
0 0 0 1 

0.5518501996994019 0.8327105641365051 -0.04532404616475105 0.002446240512654185 
-0.8322052359580994 0.5463793873786926 -0.09435985237360001 0.06644341349601746 
-0.05381033942103386 0.08979140967130661 0.9945058822631836 -0.2984137237071991 
0 0 0 1 

0.4575674533843994 0.8837880492210388 -0.09772700071334839 0.02533312886953354 
-0.8891662955284119 0.4543095529079437 -0.05464407801628113 0.0544251836836338 
-0.003895484376698732 0.1118989139795303 0.9937119483947754 -0.3021632730960846 
0 0 0 1 

0.3512122333049774 0.9302361607551575 -0.1063515096902847 0.03227842226624489 
-0.9360504746437073 0.3514482080936432 -0.01713692024350166 0.04047644138336182 
0.02143566869199276 0.1055690720677376 0.9941809177398682 -0.3037701547145844 
0 0 0 1 

0.2711437940597534 0.9538916349411011 -0.1287315338850021 0.0420045405626297 
-0.9590393304824829 0.2791250944137573 0.04829797148704529 0.01607167534530163 
0.08200322091579437 0.1103629097342491 0.990502655506134 -0.3032359182834625 
0 0 0 1 

0.3611330091953278 0.9127498269081116 -0.1909725368022919 0.05803120136260986 
-0.9291712641716003 0.3695369064807892 0.009112908504903316 0.03112637065351009 
0.07888918370008469 0.1741552501916885 0.9815530776977539 -0.2905144095420837 
0 0 0 1 

0.4029449820518494 0.892641544342041 -0.2020551115274429 0.05935674533247948 
-0.9150245189666748 0.3975273072719574 -0.06857127696275711 0.0575387142598629 
0.01911282725632191 0.2125158607959747 0.9769706726074219 -0.2855084538459778 
0 0 0 1 

0.4585913717746735 0.8579863905906677 -0.2314153760671616 0.06481773406267166 
-0.8877893090248108 0.4309019148349762 -0.1617202609777451 0.08596421778202057 
-0.03903650119900703 0.2796116471290588 0.9593192934989929 -0.2749991714954376 
0 0 0 1 

0.5351799130439758 0.8179028630256653 -0.2112290561199188 0.05288116633892059 
-0.8407937288284302 0.4916220307350159 -0.22665835916996 0.1024148613214493 
-0.08153964579105377 0.2989029288291931 0.9507935643196106 -0.2686831951141357 
0 0 0 1 

