0.9722897410392761 0.2323804199695587 0.02553216926753521 -0.04737133532762527 
-0.2286692708730698 0.9680591225624084 -0.1028191298246384 0.05334760993719101 
-0.04860985651612282 0.09413154423236847 0.9943723082542419 -0.2951488494873047 
0 0 0 1 

0.9430994391441345 0.3318421244621277 0.02107372134923935 -0.04504109174013138 
-0.3257668614387512 0.9348142147064209 -0.1414154171943665 0.07385563850402832 
-0.06662764400243759 0.12650366127491 0.9897260069847107 -0.2925549447536469 
0 0 0 1 

0.8972835540771484 0.4414020180702209 -0.006789469625800848 -0.03112888522446156 
-0.4363748729228973 0.8845283389091492 -0.1648828536272049 0.08790674060583115 
-0.06677410751581192 0.1509093940258026 0.9862897396087646 -0.2912174463272095 
0 0 0 1 

0.8314098715782166 0.5556168556213379 -0.006876230239868164 -0.0248942244797945 
-0.5467613339424133 0.8158277273178101 -0.1883531659841537 0.1015740483999252 
-0.09904246032238007 0.1603583246469498 0.9820773005485535 -0.2893425822257996 
0 0 0 1 

0.7543898224830627 0.6542062163352966 -0.05394481122493744 -0.003439898137003183 
-0.6527031064033508 0.7388328909873962 -0.1676434576511383 0.09920483827590942 
-0.06981726735830307 0.1616784483194351 0.9843706488609314 -0.2928951382637024 
0 0 0 1 

0.6946329474449158 0.7147964239120483 -0.08093903213739395 0.008761613629758358 
-0.7189489603042603 0.6860005855560303 -0.1118727475404739 0.08114255219697952 
-0.02444203570485115 0.1359015256166458 0.9904208183288574 -0.2994772791862488 
0 0 0 1 

0.5889261960983276 0.8069646954536438 -0.04442516714334488 0.0007845874060876667 
-0.8075982332229614 0.5855104923248291 -0.07044420391321182 0.06818058341741562 
-0.03083460405468941 0.07736412435770035 0.9965259432792664 -0.307246595621109 
0 0 0 1 

0.5036037564277649 0.8623276352882385 -0.05267057195305824 0.008233301341533661 
-0.8637357950210571 0.5012433528900146 -0.05210908874869347 0.06272964924573898 
-0.0185343399643898 0.07173579186201096 0.9972514510154724 -0.3109313547611237 
0 0 0 1 

0.4030721485614777 0.9126959443092346 -0.06722156703472137 0.01778736524283886 
-0.9148164391517639 0.4038648009300232 -0.001952108228579164 0.04504794999957085 
0.02536674402654171 0.0622822493314743 0.9977361559867859 -0.3150712251663208 
0 0 0 1 

0.6634620428085327 0.7313392758369446 0.1579901427030563 -0.05395759642124176 
-0.7322493195533752 0.6780500411987305 -0.06370647251605988 0.06201714649796486 
-0.1537162512540817 -0.07342136651277542 0.9853835701942444 -0.2721338272094727 
0 0 0 1 

