0.9722897410392761 0.2323803007602692 0.02553216367959976 -0.04737122356891632 
-0.228669136762619 0.9680591225624084 -0.1028190851211548 0.0533476360142231 
-0.04860982298851013 0.09413149952888489 0.9943723082542419 -0.2951488196849823 
0 0 0 1 

0.9430994987487793 0.3318419456481934 0.02107370644807816 -0.04504108056426048 
-0.3257666826248169 0.9348141551017761 -0.1414153277873993 0.0738556832075119 
-0.06662760674953461 0.126503586769104 0.9897260069847107 -0.2925549149513245 
0 0 0 1 

0.8972837924957275 0.4414018094539642 -0.006789485923945904 -0.03112888336181641 
-0.436374694108963 0.8845285177230835 -0.1648827642202377 0.08790677040815353 
-0.06677410006523132 0.1509093791246414 0.9862897992134094 -0.2912174165248871 
0 0 0 1 

0.8314098715782166 0.5556167364120483 -0.006876226980239153 -0.0248942356556654 
-0.5467612743377686 0.8158277273178101 -0.1883531510829926 0.1015741303563118 
-0.09904244542121887 0.1603583097457886 0.9820773005485535 -0.2893425822257996 
0 0 0 1 

0.7543898820877075 0.6542060375213623 -0.05394477769732475 -0.003439883003011346 
-0.6527029275894165 0.7388330101966858 -0.1676434278488159 0.09920486807823181 
-0.06981723010540009 0.1616784334182739 0.9843706488609314 -0.29289510846138 
0 0 0 1 

0.6946328282356262 0.7147963643074036 -0.08093904703855515 0.008761637844145298 
-0.7189489006996155 0.6860004663467407 -0.1118727326393127 0.0811426043510437 
-0.02444205060601234 0.1359015256166458 0.9904208183288574 -0.2994772791862488 
0 0 0 1 

0.5889260172843933 0.8069649338722229 -0.04442519322037697 0.0007845981745049357 
-0.8075984120368958 0.5855101943016052 -0.07044421136379242 0.06818060576915741 
-0.0308346264064312 0.07736414670944214 0.9965259432792664 -0.307246595621109 
0 0 0 1 

0.5036038160324097 0.8623275756835938 -0.05267056822776794 0.008233302272856236 
-0.8637357950210571 0.5012434124946594 -0.05210908502340317 0.06272963434457779 
-0.01853433810174465 0.07173579186201096 0.9972514510154724 -0.3109313547611237 
0 0 0 1 

0.4030721187591553 0.9126960039138794 -0.06722158193588257 0.01778738014400005 
-0.9148164987564087 0.4038648009300232 -0.001952109858393669 0.04504796862602234 
0.02536674402654171 0.0622822567820549 0.9977361559867859 -0.3150712549686432 
0 0 0 1 

0.710150420665741 0.7032732367515564 0.03306033462285995 -0.01949207857251167 
-0.6973031163215637 0.7090544700622559 -0.1049286052584648 0.07186312228441238 
-0.09723507612943649 0.05146200209856033 0.9939301013946533 -0.2735617160797119 
0 0 0 1 

