-0.8986033201217651 -0.4031351506710052 -0.1731894016265869 0.09940880537033081 
-0.4046962559223175 0.9140283465385437 -0.02780577540397644 0.03320901095867157 
0.1695095151662827 0.04510273784399033 -0.9844962358474731 0.3076494336128235 
0 0 0 1 

-0.8729046583175659 -0.4233785569667816 -0.2424619048833847 0.1213970109820366 
-0.4415453970432281 0.8969324827194214 0.02344744279980659 0.02114322409033775 
0.2075448036193848 0.1275253295898438 -0.9698773622512817 0.3023672103881836 
0 0 0 1 

-0.8514679074287415 -0.3380639255046844 -0.400892436504364 0.1741044521331787 
-0.3940921127796173 0.9168493151664734 0.06386552751064301 0.005793890450149775 
0.3459672629833221 0.2123680412769318 -0.9138960838317871 0.2791166007518768 
0 0 0 1 

-0.780106246471405 -0.3250522315502167 -0.5345794558525085 0.2165406793355942 
-0.4062685668468475 0.9129745364189148 0.03772737458348274 0.01664360240101814 
0.4757940769195557 0.2466142028570175 -0.8442755341529846 0.251496821641922 
0 0 0 1 

-0.6976784467697144 -0.3164503574371338 -0.6427311301231384 0.2493691295385361 
-0.4584645926952362 0.8866074085235596 0.06113563105463982 0.01088204141706228 
0.5505037903785706 0.3373225331306458 -0.7636480927467346 0.2232479155063629 
0 0 0 1 

-0.6376626491546631 -0.2904682457447052 -0.7134522795677185 0.2706561684608459 
-0.5171905159950256 0.8478251099586487 0.1170742362737656 -0.006654091645032167 
0.5708764791488647 0.4436447322368622 -0.6908538341522217 0.1995257139205933 
0 0 0 1 

-0.6314380764961243 -0.2888315916061401 -0.7196263670921326 0.2748535573482513 
-0.5700539350509644 0.8020292520523071 0.1782903671264648 -0.02632422372698784 
0.5256655216217041 0.5228052735328674 -0.6710814237594604 0.191110372543335 
0 0 0 1 

-0.6802583932876587 -0.3471066057682037 -0.6455739736557007 0.2548596858978271 
-0.6015861630439758 0.7675684690475464 0.2212076038122177 -0.03771142289042473 
0.4187396466732025 0.5388467311859131 -0.7309594750404358 0.2144446521997452 
0 0 0 1 

-0.7247891426086426 -0.3802201747894287 -0.5745550990104675 0.2320603132247925 
-0.6146716475486755 0.7335571050643921 0.2899532318115234 -0.0609300322830677 
0.3112228810787201 0.5633176565170288 -0.7653847932815552 0.2299578338861465 
0 0 0 1 

-0.7515552043914795 -0.3948377072811127 -0.5284584164619446 0.2175441384315491 
-0.6181433200836182 0.7012579441070557 0.3551569879055023 -0.0823608934879303 
0.2303563803434372 0.5935831665992737 -0.7711003422737122 0.2353312224149704 
0 0 0 1 

