1.000000000000000000e+00 0.000000000000000000e+00 0.000000000000000000e+00 -4.542167112231254578e-02
0.000000000000000000e+00 1.000000000000000000e+00 0.000000000000000000e+00 9.935460984706878662e-04
0.000000000000000000e+00 0.000000000000000000e+00 1.000000000000000000e+00 -2.875000238418579102e-01
0.000000000000000000e+00 0.000000000000000000e+00 0.000000000000000000e+00 1.000000000000000000e+00
9.964507222175598145e-01 8.225111663341522217e-02 1.790932379662990570e-02 -4.922292754054069519e-02
-8.195199072360992432e-02 9.964939355850219727e-01 -1.684182137250900269e-02 9.850392118096351624e-03
-1.923178695142269135e-02 1.531435269862413406e-02 9.996977448463439941e-01 -2.932840287685394287e-01
0.000000000000000000e+00 0.000000000000000000e+00 0.000000000000000000e+00 1.000000000000000000e+00
9.851157069206237793e-01 1.685815900564193726e-01 3.357324376702308655e-02 -5.202833563089370728e-02
-1.666936576366424561e-01 9.845949411392211914e-01 -5.278070643544197083e-02 2.586017362773418427e-02
-4.195394739508628845e-02 4.639862477779388428e-02 9.980415701866149902e-01 -2.926350533962249756e-01
0.000000000000000000e+00 0.000000000000000000e+00 0.000000000000000000e+00 1.000000000000000000e+00
9.652097225189208984e-01 2.577958106994628906e-01 4.371971637010574341e-02 -5.282971635460853577e-02
-2.540040314197540283e-01 9.641134738922119141e-01 -7.724715769290924072e-02 3.867152333259582520e-02
-6.206477805972099304e-02 6.345471739768981934e-02 9.960529208183288574e-01 -2.917309105396270752e-01
0.000000000000000000e+00 0.000000000000000000e+00 0.000000000000000000e+00 1.000000000000000000e+00
9.365570545196533203e-01 3.459067940711975098e-01 5.664855986833572388e-02 -5.395418405532836914e-02
-3.373680710792541504e-01 9.334267377853393555e-01 -1.220544129610061646e-01 5.701030045747756958e-02
-9.509678930044174194e-02 9.519946575164794922e-02 9.909054636955261230e-01 -2.890410721302032471e-01
0.000000000000000000e+00 0.000000000000000000e+00 0.000000000000000000e+00 1.000000000000000000e+00
8.904015421867370605e-01 4.536266624927520752e-01 3.751803562045097351e-02 -4.494711756706237793e-02
-4.450905621051788330e-01 8.849655985832214355e-01 -1.368575692176818848e-01 6.573261320590972900e-02
-9.528448432683944702e-02 1.051592454314231873e-01 9.898799061775207520e-01 -2.898110747337341309e-01
0.000000000000000000e+00 0.000000000000000000e+00 0.000000000000000000e+00 1.000000000000000000e+00
8.438816666603088379e-01 5.363287329673767090e-01 1.465970743447542191e-02 -3.515638038516044617e-02
-5.269596576690673828e-01 8.336583971977233887e-01 -1.653090566396713257e-01 7.799300551414489746e-02
-1.008812636137008667e-01 1.317761689424514771e-01 9.861328601837158203e-01 -2.888775765895843506e-01
0.000000000000000000e+00 0.000000000000000000e+00 0.000000000000000000e+00 1.000000000000000000e+00
7.919957041740417480e-01 6.103880405426025391e-01 1.301529631018638611e-02 -3.132167458534240723e-02
-5.998405814170837402e-01 7.819271087646484375e-01 -1.696488559246063232e-01 8.312578499317169189e-02
-1.137286573648452759e-01 1.265539824962615967e-01 9.854188561439514160e-01 -2.891469597816467285e-01
0.000000000000000000e+00 0.000000000000000000e+00 0.000000000000000000e+00 1.000000000000000000e+00
7.142364978790283203e-01 6.996350884437561035e-01 -1.941055431962013245e-02 -1.577468588948249817e-02
-6.927327513694763184e-01 7.026860713958740234e-01 -1.623381078243255615e-01 8.395020663738250732e-02
-9.993797540664672852e-02 1.293941140174865723e-01 9.865440726280212402e-01 -2.904268205165863037e-01
0.000000000000000000e+00 0.000000000000000000e+00 0.000000000000000000e+00 1.000000000000000000e+00
6.442483663558959961e-01 7.644210457801818848e-01 -2.456761896610260010e-02 -9.569427929818630219e-03
-7.594952583312988281e-01 6.356539726257324219e-01 -1.382392942905426025e-01 7.890278100967407227e-02
-9.005658328533172607e-02 1.077194735407829285e-01 9.900942444801330566e-01 -2.933884561061859131e-01
0.000000000000000000e+00 0.000000000000000000e+00 0.000000000000000000e+00 1.000000000000000000e+00
5.443450808525085449e-01 8.380930423736572266e-01 -3.589455038309097290e-02 1.902057119878008962e-04
-8.365570902824401855e-01 5.391829609870910645e-01 -9.723338484764099121e-02 6.781748682260513306e-02
-6.213692575693130493e-02 8.295629918575286865e-02 9.946138858795166016e-01 -2.984387278556823730e-01
0.000000000000000000e+00 0.000000000000000000e+00 0.000000000000000000e+00 1.000000000000000000e+00
4.545239806175231934e-01 8.874837160110473633e-01 -7.603110373020172119e-02 1.926528662443161011e-02
-8.906434178352355957e-01 4.515989720821380615e-01 -5.303131416440010071e-02 5.482759326696395874e-02
-1.272885408252477646e-02 9.182059019804000854e-02 9.956943392753601074e-01 -3.027388155460357666e-01
0.000000000000000000e+00 0.000000000000000000e+00 0.000000000000000000e+00 1.000000000000000000e+00
3.516450822353363037e-01 9.313948154449462891e-01 -9.407327324151992798e-02 2.889806032180786133e-02
-9.360112547874450684e-01 3.514399528503417969e-01 -1.928905025124549866e-02 4.151858389377593994e-02
1.509537640959024429e-02 9.483657032251358032e-02 9.953784346580505371e-01 -3.042525053024291992e-01
0.000000000000000000e+00 0.000000000000000000e+00 0.000000000000000000e+00 1.000000000000000000e+00
2.743549942970275879e-01 9.544190168380737305e-01 -1.175292208790779114e-01 3.866620734333992004e-02
-9.588356018066406250e-01 2.808156311511993408e-01 4.215473309159278870e-02 1.842365041375160217e-02
7.323732972145080566e-02 1.011258289217948914e-01 9.921742081642150879e-01 -3.037283122539520264e-01
0.000000000000000000e+00 0.000000000000000000e+00 0.000000000000000000e+00 1.000000000000000000e+00
1.969088912010192871e-01 9.694494605064392090e-01 -1.462698131799697876e-01 4.940886050462722778e-02
-9.715838432312011719e-01 2.129368185997009277e-01 1.033566668629646301e-01 -4.216123372316360474e-03
1.313452720642089844e-01 1.217614933848381042e-01 9.838305115699768066e-01 -3.021792769432067871e-01
0.000000000000000000e+00 0.000000000000000000e+00 0.000000000000000000e+00 1.000000000000000000e+00
1.140716150403022766e-01 9.821397066116333008e-01 -1.496296375989913940e-01 5.246255174279212952e-02
-9.709452390670776367e-01 1.421047747135162354e-01 1.925387531518936157e-01 -3.456316515803337097e-02
2.103630453348159790e-01 1.233189776539802551e-01 9.698141217231750488e-01 -2.992186546325683594e-01
0.000000000000000000e+00 0.000000000000000000e+00 0.000000000000000000e+00 1.000000000000000000e+00
1.878734081983566284e-01 9.725531339645385742e-01 -1.372723728418350220e-01 4.766843095421791077e-02
-9.538058638572692871e-01 2.140110731124877930e-01 2.108396291732788086e-01 -3.993760794401168823e-02
2.344305962324142456e-01 9.132007509469985962e-02 9.678339362144470215e-01 -2.965724170207977295e-01
0.000000000000000000e+00 0.000000000000000000e+00 0.000000000000000000e+00 1.000000000000000000e+00
2.714749276638031006e-01 9.522398710250854492e-01 -1.397870779037475586e-01 4.589920863509178162e-02
-9.384246468544006348e-01 2.941392362117767334e-01 1.812216341495513916e-01 -2.839933335781097412e-02
2.136833369731903076e-01 8.198249340057373047e-02 9.734568595886230469e-01 -2.959152758121490479e-01
0.000000000000000000e+00 0.000000000000000000e+00 0.000000000000000000e+00 1.000000000000000000e+00
3.294306695461273193e-01 9.338777065277099609e-01 -1.390957236289978027e-01 4.409231990575790405e-02
-9.326539039611816406e-01 3.448070287704467773e-01 1.061333864927291870e-01 -1.942294300533831120e-03
1.470768004655838013e-01 9.476464241743087769e-02 9.845749735832214355e-01 -2.956441938877105713e-01
0.000000000000000000e+00 0.000000000000000000e+00 0.000000000000000000e+00 1.000000000000000000e+00
3.606657683849334717e-01 9.158654808998107910e-01 -1.763813495635986328e-01 5.419980734586715698e-02
-9.296897649765014648e-01 3.681853413581848145e-01 1.077714562416076660e-02 3.123132884502410889e-02
7.481144368648529053e-02 1.600930392742156982e-01 9.842630624771118164e-01 -2.914413511753082275e-01
0.000000000000000000e+00 0.000000000000000000e+00 0.000000000000000000e+00 1.000000000000000000e+00
4.044374823570251465e-01 8.948673009872436523e-01 -1.887922734022140503e-01 5.585232377052307129e-02
-9.144175052642822266e-01 3.993762731552124023e-01 -6.587000191211700439e-02 5.720125511288642883e-02
1.645424962043762207e-02 1.992752552032470703e-01 9.798053503036499023e-01 -2.864539623260498047e-01
0.000000000000000000e+00 0.000000000000000000e+00 0.000000000000000000e+00 1.000000000000000000e+00
4.576917886734008789e-01 8.601294755935668945e-01 -2.251563370227813721e-01 6.342562288045883179e-02
-8.881381750106811523e-01 4.304469227790832520e-01 -1.610146164894104004e-01 8.634244650602340698e-02
-4.157558456063270569e-02 2.736649811267852783e-01 9.609258770942687988e-01 -2.755679190158843994e-01
0.000000000000000000e+00 0.000000000000000000e+00 0.000000000000000000e+00 1.000000000000000000e+00
5.340337157249450684e-01 8.215153217315673828e-01 -1.998011171817779541e-01 5.030339583754539490e-02
-8.406485319137573242e-01 4.907673895359039307e-01 -2.290364205837249756e-01 1.047804057598114014e-01
-9.010112285614013672e-02 2.902757823467254639e-01 9.526919722557067871e-01 -2.693866193294525146e-01
0.000000000000000000e+00 0.000000000000000000e+00 0.000000000000000000e+00 1.000000000000000000e+00
5.930109024047851562e-01 7.819806933403015137e-01 -1.919489204883575439e-01 4.370878636837005615e-02
-7.950775027275085449e-01 5.310084223747253418e-01 -2.930549979209899902e-01 1.206827610731124878e-01
-1.272369921207427979e-01 3.263991475105285645e-01 9.366289973258972168e-01 -2.607712149620056152e-01
0.000000000000000000e+00 0.000000000000000000e+00 0.000000000000000000e+00 1.000000000000000000e+00
6.725663542747497559e-01 7.194547653198242188e-01 -1.733181774616241455e-01 3.191633149981498718e-02
-7.216306924819946289e-01 5.856895446777343750e-01 -3.690744936466217041e-01 1.365909576416015625e-01
-1.640219092369079590e-01 3.732989728450775146e-01 9.130960106849670410e-01 -2.496761381626129150e-01
0.000000000000000000e+00 0.000000000000000000e+00 0.000000000000000000e+00 1.000000000000000000e+00
7.343149185180664062e-01 6.604286432266235352e-01 -1.568932384252548218e-01 2.357424795627593994e-02
-6.502978801727294922e-01 6.181424260139465332e-01 -4.416019916534423828e-01 1.508049666881561279e-01
-1.946643590927124023e-01 4.263022243976593018e-01 8.833867907524108887e-01 -2.356770634651184082e-01
0.000000000000000000e+00 0.000000000000000000e+00 0.000000000000000000e+00 1.000000000000000000e+00
7.578777074813842773e-01 6.383756995201110840e-01 -1.345278769731521606e-01 1.497594546526670456e-02
-5.994056463241577148e-01 5.999482274055480957e-01 -5.298817753791809082e-01 1.710436791181564331e-01
-2.575539648532867432e-01 4.822222888469696045e-01 8.373334407806396484e-01 -2.147053629159927368e-01
0.000000000000000000e+00 0.000000000000000000e+00 0.000000000000000000e+00 1.000000000000000000e+00
7.907826900482177734e-01 5.962625145912170410e-01 -1.383240073919296265e-01 1.326874271035194397e-02
-5.321669578552246094e-01 5.580793619155883789e-01 -6.366676688194274902e-01 1.985412538051605225e-01
-3.024254143238067627e-01 5.770772099494934082e-01 7.586307525634765625e-01 -1.859156340360641479e-01
0.000000000000000000e+00 0.000000000000000000e+00 0.000000000000000000e+00 1.000000000000000000e+00
8.120616674423217773e-01 5.672021508216857910e-01 -1.372502297163009644e-01 1.125679910182952881e-02
-4.805966019630432129e-01 5.165964961051940918e-01 -7.086287736892700195e-01 2.175059467554092407e-01
-3.310327231884002686e-01 6.414121389389038086e-01 6.921038031578063965e-01 -1.622145771980285645e-01
0.000000000000000000e+00 0.000000000000000000e+00 0.000000000000000000e+00 1.000000000000000000e+00
8.372137546539306641e-01 5.319457054138183594e-01 -1.269118040800094604e-01 5.707882344722747803e-03
-4.152582287788391113e-01 4.673574864864349365e-01 -7.804725170135498047e-01 2.361261993646621704e-01
-3.558558821678161621e-01 7.061235904693603516e-01 6.121730804443359375e-01 -1.391727030277252197e-01
0.000000000000000000e+00 0.000000000000000000e+00 0.000000000000000000e+00 1.000000000000000000e+00
8.674948215484619141e-01 4.892257750034332275e-01 -9.006024897098541260e-02 -7.021883968263864517e-03
-3.287382125854492188e-01 4.279346168041229248e-01 -8.419042825698852539e-01 2.511258423328399658e-01
-3.733414709568023682e-01 7.599539160728454590e-01 5.320582985877990723e-01 -1.178477182984352112e-01
0.000000000000000000e+00 0.000000000000000000e+00 0.000000000000000000e+00 1.000000000000000000e+00
8.908173441886901855e-01 4.504061639308929443e-01 -5.982386320829391479e-02 -1.633307151496410370e-02
-2.216882109642028809e-01 3.159257769584655762e-01 -9.225210547447204590e-01 2.662386894226074219e-01
-3.966093063354492188e-01 8.350599408149719238e-01 3.812818825244903564e-01 -7.730235159397125244e-02
0.000000000000000000e+00 0.000000000000000000e+00 0.000000000000000000e+00 1.000000000000000000e+00
8.766417503356933594e-01 4.808530211448669434e-01 -1.671860367059707642e-02 -3.267174214124679565e-02
-8.666414767503738403e-02 1.236271411180496216e-01 -9.885370135307312012e-01 2.827188074588775635e-01
-4.732743203639984131e-01 8.680418729782104492e-01 1.500494480133056641e-01 -1.171101257205009460e-02
0.000000000000000000e+00 0.000000000000000000e+00 0.000000000000000000e+00 1.000000000000000000e+00
8.666904568672180176e-01 4.978187978267669678e-01 -3.199604898691177368e-02 -2.563420683145523071e-02
-9.700136631727218628e-02 1.052664443850517273e-01 -9.897017478942871094e-01 2.826630473136901855e-01
-4.893240928649902344e-01 8.608687520027160645e-01 1.395225226879119873e-01 -1.469556707888841629e-02
0.000000000000000000e+00 0.000000000000000000e+00 0.000000000000000000e+00 1.000000000000000000e+00
8.397779464721679688e-01 5.424746274948120117e-01 -2.223089709877967834e-02 -2.427640371024608612e-02
-9.801557660102844238e-02 1.112053096294403076e-01 -9.889519214630126953e-01 2.826698124408721924e-01
-5.340092778205871582e-01 8.326788544654846191e-01 1.465587466955184937e-01 -1.614938117563724518e-02
0.000000000000000000e+00 0.000000000000000000e+00 0.000000000000000000e+00 1.000000000000000000e+00
8.099529743194580078e-01 5.841801166534423828e-01 -5.205360427498817444e-02 -1.546857040375471115e-02
-2.356653213500976562e-01 2.428974509239196777e-01 -9.409902691841125488e-01 2.747577726840972900e-01
-5.370641946792602539e-01 7.744250893592834473e-01 3.344065546989440918e-01 -5.869966745376586914e-02
0.000000000000000000e+00 0.000000000000000000e+00 0.000000000000000000e+00 1.000000000000000000e+00
8.289995789527893066e-01 5.523240566253662109e-01 -8.773688226938247681e-02 -6.439669523388147354e-03
-3.021957576274871826e-01 3.104041218757629395e-01 -9.012914896011352539e-01 2.663581073284149170e-01
-4.705713391304016113e-01 7.736840248107910156e-01 4.242350161075592041e-01 -8.459931612014770508e-02
0.000000000000000000e+00 0.000000000000000000e+00 0.000000000000000000e+00 1.000000000000000000e+00
8.135639429092407227e-01 5.719006061553955078e-01 -1.050871759653091431e-01 -1.907578203827142715e-03
-3.677977025508880615e-01 3.661471605300903320e-01 -8.547870516777038574e-01 2.565099596977233887e-01
-4.503760337829589844e-01 7.340748906135559082e-01 5.082279443740844727e-01 -1.089337766170501709e-01
0.000000000000000000e+00 0.000000000000000000e+00 0.000000000000000000e+00 1.000000000000000000e+00
8.341143131256103516e-01 5.456140041351318359e-01 -8.098395168781280518e-02 -1.355229225009679794e-02
-4.509703814983367920e-01 5.900253653526306152e-01 -6.696982979774475098e-01 2.168821692466735840e-01
-3.176141679286956787e-01 5.951262116432189941e-01 7.382045984268188477e-01 -1.797809302806854248e-01
0.000000000000000000e+00 0.000000000000000000e+00 0.000000000000000000e+00 1.000000000000000000e+00
8.320758342742919922e-01 5.520045757293701172e-01 -5.422757938504219055e-02 -2.227811887860298157e-02
-4.674846529960632324e-01 6.453211307525634766e-01 -6.041675806045532227e-01 1.980914473533630371e-01
-2.985092103481292725e-01 5.280637145042419434e-01 7.950098514556884766e-01 -1.970680356025695801e-01
0.000000000000000000e+00 0.000000000000000000e+00 0.000000000000000000e+00 1.000000000000000000e+00
8.558627367019653320e-01 5.141629576683044434e-01 -5.599501729011535645e-02 -2.239120192825794220e-02
-4.612847566604614258e-01 7.098783850669860840e-01 -5.322490930557250977e-01 1.760990321636199951e-01
-2.339131385087966919e-01 4.813615977764129639e-01 8.447339534759521484e-01 -2.138274610042572021e-01
0.000000000000000000e+00 0.000000000000000000e+00 0.000000000000000000e+00 1.000000000000000000e+00
8.705269098281860352e-01 4.919151961803436279e-01 -1.421077176928520203e-02 -3.303675726056098938e-02
-4.570640623569488525e-01 7.974738478660583496e-01 -3.938624560832977295e-01 1.360804289579391479e-01
-1.824143975973129272e-01 3.493630886077880859e-01 9.190595149993896484e-01 -2.361780703067779541e-01
0.000000000000000000e+00 0.000000000000000000e+00 0.000000000000000000e+00 1.000000000000000000e+00
8.798214793205261230e-01 4.750705957412719727e-01 -1.489890739321708679e-02 -3.106265887618064880e-02
-4.625171422958374023e-01 8.485090136528015137e-01 -2.571190297603607178e-01 9.788618981838226318e-02
-1.095078960061073303e-01 2.331098914146423340e-01 9.662648439407348633e-01 -2.522349655628204346e-01
0.000000000000000000e+00 0.000000000000000000e+00 0.000000000000000000e+00 1.000000000000000000e+00
8.796874284744262695e-01 4.753691256046295166e-01 -1.318009942770004272e-02 -2.768632024526596069e-02
-4.754234254360198975e-01 8.784675002098083496e-01 -4.761530458927154541e-02 3.911221027374267578e-02
-1.105657406151294708e-02 4.815272986888885498e-02 9.987787604331970215e-01 -2.658602297306060791e-01
0.000000000000000000e+00 0.000000000000000000e+00 0.000000000000000000e+00 1.000000000000000000e+00
8.859865069389343262e-01 4.634695649147033691e-01 -1.496613863855600357e-02 -2.553429640829563141e-02
-4.622879326343536377e-01 8.853338956832885742e-01 4.973816499114036560e-02 1.039414759725332260e-02
3.630215674638748169e-02 -3.714866191148757935e-02 9.986503124237060547e-01 -2.685477733612060547e-01
0.000000000000000000e+00 0.000000000000000000e+00 0.000000000000000000e+00 1.000000000000000000e+00
8.944124579429626465e-01 4.471698105335235596e-01 -8.080664090812206268e-03 -2.700307965278625488e-02
-4.410811364650726318e-01 8.849348425865173340e-01 1.494570076465606689e-01 -2.069162577390670776e-02
7.398357987403869629e-02 -1.301119774580001831e-01 9.887352585792541504e-01 -2.675835788249969482e-01
0.000000000000000000e+00 0.000000000000000000e+00 0.000000000000000000e+00 1.000000000000000000e+00
8.958451747894287109e-01 4.441955387592315674e-01 -1.230560988187789917e-02 -2.554033882915973663e-02
-4.264996647834777832e-01 8.672702312469482422e-01 2.567889690399169922e-01 -5.427973344922065735e-02
1.247368603944778442e-01 -2.247948944568634033e-01 9.663891792297363281e-01 -2.630954980850219727e-01
0.000000000000000000e+00 0.000000000000000000e+00 0.000000000000000000e+00 1.000000000000000000e+00
9.004291892051696777e-01 4.347309768199920654e-01 -1.535099558532238007e-02 -2.436290495097637177e-02
-3.985582292079925537e-01 8.386186361312866211e-01 3.713080286979675293e-01 -9.214794635772705078e-02
1.742929071187973022e-01 -3.282183706760406494e-01 9.283828139305114746e-01 -2.532006502151489258e-01
0.000000000000000000e+00 0.000000000000000000e+00 0.000000000000000000e+00 1.000000000000000000e+00
9.045361876487731934e-01 4.261882901191711426e-01 -1.331533677875995636e-02 -2.624667622148990631e-02
-3.736708164215087891e-01 8.073424696922302246e-01 4.566927254199981689e-01 -1.207652390003204346e-01
2.053872942924499512e-01 -4.081195294857025146e-01 8.895245790481567383e-01 -2.438660562038421631e-01
0.000000000000000000e+00 0.000000000000000000e+00 0.000000000000000000e+00 1.000000000000000000e+00
9.165502190589904785e-01 3.998802602291107178e-01 -5.638353060930967331e-03 -3.114347532391548157e-02
-3.313892781734466553e-01 7.673058509826660156e-01 5.490201115608215332e-01 -1.512335836887359619e-01
2.238686978816986084e-01 -5.013356804847717285e-01 8.357902169227600098e-01 -2.304603159427642822e-01
0.000000000000000000e+00 0.000000000000000000e+00 0.000000000000000000e+00 1.000000000000000000e+00
9.091539978981018066e-01 4.161917269229888916e-01 1.493099518120288849e-02 -3.818736970424652100e-02
-3.325183689594268799e-01 7.038535475730895996e-01 6.277115345001220703e-01 -1.749427616596221924e-01
2.507393658161163330e-01 -5.756512880325317383e-01 7.783028483390808105e-01 -2.167395651340484619e-01
0.000000000000000000e+00 0.000000000000000000e+00 0.000000000000000000e+00 1.000000000000000000e+00
9.171299934387207031e-01 3.972194194793701172e-01 3.301399946212768555e-02 -4.574799537658691406e-02
-2.956362664699554443e-01 6.223497986793518066e-01 7.247618436813354492e-01 -2.060659974813461304e-01
2.673435211181640625e-01 -6.744608879089355469e-01 6.882079839706420898e-01 -1.917303800582885742e-01
0.000000000000000000e+00 0.000000000000000000e+00 0.000000000000000000e+00 1.000000000000000000e+00
9.262836575508117676e-01 3.727706074714660645e-01 5.513744801282882690e-02 -5.394642800092697144e-02
-2.669286727905273438e-01 5.457999706268310547e-01 7.942616343498229980e-01 -2.287441343069076538e-01
2.659834027290344238e-01 -7.504294514656066895e-01 6.050688624382019043e-01 -1.664847731590270996e-01
0.000000000000000000e+00 0.000000000000000000e+00 0.000000000000000000e+00 1.000000000000000000e+00
9.340511560440063477e-01 3.542077839374542236e-01 4.566087946295738220e-02 -5.318897217512130737e-02
-2.227155119180679321e-01 4.777579903602600098e-01 8.497908115386962891e-01 -2.482610195875167847e-01
2.791877686977386475e-01 -8.039178848266601562e-01 5.251381397247314453e-01 -1.440682858228683472e-01
0.000000000000000000e+00 0.000000000000000000e+00 0.000000000000000000e+00 1.000000000000000000e+00
9.465435147285461426e-01 3.191632926464080811e-01 4.680133610963821411e-02 -5.670752003788948059e-02
-1.825136691331863403e-01 4.102576971054077148e-01 8.935194611549377441e-01 -2.632009387016296387e-01
2.659780383110046387e-01 -8.542969226837158203e-01 4.465784728527069092e-01 -1.219283714890480042e-01
0.000000000000000000e+00 0.000000000000000000e+00 0.000000000000000000e+00 1.000000000000000000e+00
9.586381316184997559e-01 2.811065912246704102e-01 4.463492333889007568e-02 -5.900928378105163574e-02
-1.435063630342483521e-01 3.419273197650909424e-01 9.287039041519165039e-01 -2.765645086765289307e-01
2.458028942346572876e-01 -8.966963887214660645e-01 3.681252598762512207e-01 -9.765101224184036255e-02
0.000000000000000000e+00 0.000000000000000000e+00 0.000000000000000000e+00 1.000000000000000000e+00
9.631699919700622559e-01 2.600864171981811523e-01 6.825035065412521362e-02 -6.835578382015228271e-02
-1.375284940004348755e-01 2.583840489387512207e-01 9.562024474143981934e-01 -2.892771959304809570e-01
2.310605347156524658e-01 -9.303722977638244629e-01 2.846371829509735107e-01 -6.821676343679428101e-02
0.000000000000000000e+00 0.000000000000000000e+00 0.000000000000000000e+00 1.000000000000000000e+00
9.757856130599975586e-01 2.115997672080993652e-01 5.538507923483848572e-02 -6.763429939746856689e-02
-8.883890509605407715e-02 1.520227193832397461e-01 9.843762516975402832e-01 -3.023922145366668701e-01
1.998740285634994507e-01 -9.654611349105834961e-01 1.671398580074310303e-01 -2.737609669566154480e-02
0.000000000000000000e+00 0.000000000000000000e+00 0.000000000000000000e+00 1.000000000000000000e+00
9.936442971229553223e-01 1.124617233872413635e-01 4.830595105886459351e-03 -5.477446690201759338e-02
-1.947316899895668030e-02 1.294697523117065430e-01 9.913921356201171875e-01 -3.062651455402374268e-01
1.108682453632354736e-01 -9.851851463317871094e-01 1.308369189500808716e-01 -1.572072878479957581e-02
0.000000000000000000e+00 0.000000000000000000e+00 0.000000000000000000e+00 1.000000000000000000e+00
9.952840209007263184e-01 9.651410579681396484e-02 -9.743418544530868530e-03 -5.189694091677665710e-02
-1.437978260219097137e-02 2.461260259151458740e-01 9.691310524940490723e-01 -3.013681173324584961e-01
9.593292325735092163e-02 -9.644202589988708496e-01 2.463530898094177246e-01 -5.286084488034248352e-02
0.000000000000000000e+00 0.000000000000000000e+00 0.000000000000000000e+00 1.000000000000000000e+00
9.981437325477600098e-01 2.669651433825492859e-02 -5.474158003926277161e-02 -3.634800389409065247e-02
4.460057243704795837e-02 2.916719913482666016e-01 9.554778337478637695e-01 -3.082029819488525391e-01
4.147450253367424011e-02 -9.561456441879272461e-01 2.899397015571594238e-01 -6.419975310564041138e-02
0.000000000000000000e+00 0.000000000000000000e+00 0.000000000000000000e+00 1.000000000000000000e+00
9.897928833961486816e-01 -4.111246764659881592e-02 -1.364525258541107178e-01 -5.277936812490224838e-03
1.425013691186904907e-01 2.740613520145416260e-01 9.510962963104248047e-01 -3.184549808502197266e-01
-1.705572474747896194e-03 -9.608327746391296387e-01 2.771224975585937500e-01 -5.792820826172828674e-02
0.000000000000000000e+00 0.000000000000000000e+00 0.000000000000000000e+00 1.000000000000000000e+00
9.675295352935791016e-01 -5.807669088244438171e-02 -2.459946125745773315e-01 3.126757219433784485e-02
2.526311874389648438e-01 2.529563605785369873e-01 9.339115023612976074e-01 -3.232741653919219971e-01
7.987392134964466095e-03 -9.657331109046936035e-01 2.594147324562072754e-01 -5.117553099989891052e-02
0.000000000000000000e+00 0.000000000000000000e+00 0.000000000000000000e+00 1.000000000000000000e+00
9.722240567207336426e-01 -2.500621229410171509e-02 -2.327116131782531738e-01 2.563580311834812164e-02
2.297060936689376831e-01 2.926423251628875732e-01 9.282217025756835938e-01 -3.213024437427520752e-01
4.488994926214218140e-02 -9.558949470520019531e-01 2.902580201625823975e-01 -6.435548514127731323e-02
0.000000000000000000e+00 0.000000000000000000e+00 0.000000000000000000e+00 1.000000000000000000e+00
9.819060564041137695e-01 4.100205004215240479e-02 -1.848776936531066895e-01 6.653849966824054718e-03
1.613350808620452881e-01 3.300625979900360107e-01 9.300698637962341309e-01 -3.188382089138031006e-01
9.915594011545181274e-02 -9.430679678916931152e-01 3.174752593040466309e-01 -7.871511578559875488e-02
0.000000000000000000e+00 0.000000000000000000e+00 0.000000000000000000e+00 1.000000000000000000e+00
9.841025471687316895e-01 1.296798139810562134e-01 -1.213497668504714966e-01 -1.736364141106605530e-02
6.529553979635238647e-02 3.712342083454132080e-01 9.262405633926391602e-01 -3.122579753398895264e-01
1.651638597249984741e-01 -9.194388985633850098e-01 3.568649291992187500e-01 -9.968598186969757080e-02
0.000000000000000000e+00 0.000000000000000000e+00 0.000000000000000000e+00 1.000000000000000000e+00
9.760190844535827637e-01 2.162232846021652222e-01 -2.518307790160179138e-02 -5.076758563518524170e-02
-4.325727373361587524e-02 3.060264885425567627e-01 9.510396122932434082e-01 -3.139557540416717529e-01
2.133436501026153564e-01 -9.271435141563415527e-01 3.080408871173858643e-01 -8.830624818801879883e-02
0.000000000000000000e+00 0.000000000000000000e+00 0.000000000000000000e+00 1.000000000000000000e+00
9.185550808906555176e-01 3.853956162929534912e-01 8.790044486522674561e-02 -8.604509383440017700e-02
-2.239118963479995728e-01 3.240316510200500488e-01 9.191660284996032715e-01 -2.939835786819458008e-01
3.257602751255035400e-01 -8.639868497848510742e-01 3.839356899261474609e-01 -1.227459236979484558e-01
0.000000000000000000e+00 0.000000000000000000e+00 0.000000000000000000e+00 1.000000000000000000e+00
8.725835680961608887e-01 4.805060029029846191e-01 8.781841397285461426e-02 -8.420076966285705566e-02
-2.804744541645050049e-01 3.456769287586212158e-01 8.954558372497558594e-01 -2.820605039596557617e-01
3.999153673648834229e-01 -8.059909343719482422e-01 4.364017248153686523e-01 -1.480913013219833374e-01
0.000000000000000000e+00 0.000000000000000000e+00 0.000000000000000000e+00 1.000000000000000000e+00
8.291688561439514160e-01 5.553295016288757324e-01 6.394150108098983765e-02 -7.411820441484451294e-02
-3.436398208141326904e-01 4.161604344844818115e-01 8.418563604354858398e-01 -2.610895335674285889e-01
4.408976137638092041e-01 -7.200137972831726074e-01 5.359004735946655273e-01 -1.846973598003387451e-01
0.000000000000000000e+00 0.000000000000000000e+00 0.000000000000000000e+00 1.000000000000000000e+00
7.971131801605224609e-01 6.020805835723876953e-01 4.592910781502723694e-02 -6.608132272958755493e-02
-4.261957705020904541e-01 5.071066021919250488e-01 7.491328120231628418e-01 -2.252060025930404663e-01
4.277473986148834229e-01 -6.167182922363281250e-01 6.608256697654724121e-01 -2.258203029632568359e-01
0.000000000000000000e+00 0.000000000000000000e+00 0.000000000000000000e+00 1.000000000000000000e+00
7.695314288139343262e-01 6.383818984031677246e-01 1.703543029725551605e-02 -5.572507530450820923e-02
-5.068546533584594727e-01 5.943208336830139160e-01 6.244046092033386230e-01 -1.778294593095779419e-01
3.884839117527008057e-01 -4.891332089900970459e-01 7.809153199195861816e-01 -2.630577385425567627e-01
0.000000000000000000e+00 0.000000000000000000e+00 0.000000000000000000e+00 1.000000000000000000e+00
7.522945404052734375e-01 6.586827039718627930e-01 1.378352567553520203e-02 -5.351306125521659851e-02
-5.646676421165466309e-01 6.338572502136230469e-01 5.285596251487731934e-01 -1.424642056226730347e-01
3.394163846969604492e-01 -4.054155051708221436e-01 8.487843275070190430e-01 -2.826867997646331787e-01
0.000000000000000000e+00 0.000000000000000000e+00 0.000000000000000000e+00 1.000000000000000000e+00
6.541926264762878418e-01 7.562519907951354980e-01 1.072439178824424744e-02 -4.575801268219947815e-02
-6.740666627883911133e-01 5.765504240989685059e-01 4.617605805397033691e-01 -1.122888252139091492e-01
3.430243730545043945e-01 -3.093093633651733398e-01 8.869397640228271484e-01 -2.971294522285461426e-01
0.000000000000000000e+00 0.000000000000000000e+00 0.000000000000000000e+00 1.000000000000000000e+00
5.837187767028808594e-01 8.115635514259338379e-01 -2.523947693407535553e-02 -2.889795042574405670e-02
-7.397086620330810547e-01 5.443410873413085938e-01 3.956306874752044678e-01 -8.518823236227035522e-02
3.348185122013092041e-01 -2.122670859098434448e-01 9.180626273155212402e-01 -3.084234893321990967e-01
0.000000000000000000e+00 0.000000000000000000e+00 0.000000000000000000e+00 1.000000000000000000e+00
5.370745658874511719e-01 8.413059115409851074e-01 -6.127671152353286743e-02 -1.275207754224538803e-02
-7.829836010932922363e-01 5.242308974266052246e-01 3.348410427570343018e-01 -6.105338782072067261e-02
3.138270378112792969e-01 -1.318559348583221436e-01 9.402803182601928711e-01 -3.146988451480865479e-01
0.000000000000000000e+00 0.000000000000000000e+00 0.000000000000000000e+00 1.000000000000000000e+00
5.041298866271972656e-01 8.546155691146850586e-01 -1.244388148188591003e-01 1.134448125958442688e-02
-8.168059587478637695e-01 5.186218619346618652e-01 2.527035176753997803e-01 -3.100915066897869110e-02
2.805010080337524414e-01 -2.575301378965377808e-02 9.595081210136413574e-01 -3.196716010570526123e-01
0.000000000000000000e+00 0.000000000000000000e+00 0.000000000000000000e+00 1.000000000000000000e+00
4.338928163051605225e-01 8.839342594146728516e-01 -1.743474304676055908e-01 3.400573879480361938e-02
-8.601861000061035156e-01 4.639830887317657471e-01 2.116576880216598511e-01 -1.395767740905284882e-02
2.679858207702636719e-01 5.813456699252128601e-02 9.616672992706298828e-01 -3.198591470718383789e-01
0.000000000000000000e+00 0.000000000000000000e+00 0.000000000000000000e+00 1.000000000000000000e+00
3.575899004936218262e-01 8.926717042922973633e-01 -2.743476033210754395e-01 7.380580157041549683e-02
-8.918082118034362793e-01 4.135941565036773682e-01 1.833522170782089233e-01 -1.629162812605500221e-03
2.771418392658233643e-01 1.791004836559295654e-01 9.439889788627624512e-01 -3.141888380050659180e-01
0.000000000000000000e+00 0.000000000000000000e+00 0.000000000000000000e+00 1.000000000000000000e+00
2.955785691738128662e-01 8.807506561279296875e-01 -3.700151145458221436e-01 1.099652722477912903e-01
-9.124905467033386230e-01 3.749613165855407715e-01 1.636008471250534058e-01 6.276444531977176666e-03
2.828329205513000488e-01 2.892784178256988525e-01 9.145072698593139648e-01 -3.049963116645812988e-01
0.000000000000000000e+00 0.000000000000000000e+00 0.000000000000000000e+00 1.000000000000000000e+00
2.686986327171325684e-01 8.502331376075744629e-01 -4.526633322238922119e-01 1.385972499847412109e-01
-9.321154356002807617e-01 3.479883670806884766e-01 1.003243774175643921e-01 2.916664816439151764e-02
2.428206503391265869e-01 3.949774801731109619e-01 8.860198259353637695e-01 -2.923731505870819092e-01
0.000000000000000000e+00 0.000000000000000000e+00 0.000000000000000000e+00 1.000000000000000000e+00
1.752184033393859863e-01 7.705062627792358398e-01 -6.128775477409362793e-01 1.971608102321624756e-01
-9.618614315986633301e-01 2.667838633060455322e-01 6.040825694799423218e-02 4.287487640976905823e-02
2.100508958101272583e-01 5.789185166358947754e-01 7.878655195236206055e-01 -2.580034434795379639e-01
0.000000000000000000e+00 0.000000000000000000e+00 0.000000000000000000e+00 1.000000000000000000e+00
1.345693171024322510e-01 6.688534617424011230e-01 -7.311130166053771973e-01 2.386137098073959351e-01
-9.736886024475097656e-01 2.261913120746612549e-01 2.771152928471565247e-02 5.402621626853942871e-02
1.839063167572021484e-01 7.081471681594848633e-01 6.816933155059814453e-01 -2.222077548503875732e-01
0.000000000000000000e+00 0.000000000000000000e+00 0.000000000000000000e+00 1.000000000000000000e+00
1.084967926144599915e-01 5.670369863510131836e-01 -8.165152668952941895e-01 2.676224708557128906e-01
-9.840601086616516113e-01 1.776829659938812256e-01 -7.366107776761054993e-03 6.594880670309066772e-02
1.409040093421936035e-01 8.042994737625122070e-01 5.772767066955566406e-01 -1.857515126466751099e-01
0.000000000000000000e+00 0.000000000000000000e+00 0.000000000000000000e+00 1.000000000000000000e+00
8.012377470731735229e-02 5.050631165504455566e-01 -8.593552112579345703e-01 2.836155295372009277e-01
-9.910032153129577637e-01 1.330838948488235474e-01 -1.418163813650608063e-02 6.892927736043930054e-02
1.072036996483802795e-01 8.527600765228271484e-01 5.111824870109558105e-01 -1.627679467201232910e-01
0.000000000000000000e+00 0.000000000000000000e+00 0.000000000000000000e+00 1.000000000000000000e+00
1.560477018356323242e-01 5.136783123016357422e-01 -8.436727523803710938e-01 2.716809511184692383e-01
-9.875636696815490723e-01 9.770141541957855225e-02 -1.231755763292312622e-01 1.040628701448440552e-01
1.915537938475608826e-02 8.524017930030822754e-01 5.225360393524169922e-01 -1.593021899461746216e-01
0.000000000000000000e+00 0.000000000000000000e+00 0.000000000000000000e+00 1.000000000000000000e+00
2.639206945896148682e-01 5.724292397499084473e-01 -7.763183712959289551e-01 2.422938197851181030e-01
-9.594995975494384766e-01 7.359885424375534058e-02 -2.719266414642333984e-01 1.498439759016036987e-01
-9.852256625890731812e-02 8.166444301605224609e-01 5.686699151992797852e-01 -1.640586853027343750e-01
0.000000000000000000e+00 0.000000000000000000e+00 0.000000000000000000e+00 1.000000000000000000e+00
3.212604224681854248e-01 6.092721223831176758e-01 -7.249687910079956055e-01 2.224302291870117188e-01
-9.291862845420837402e-01 5.505451560020446777e-02 -3.654882311820983887e-01 1.769805550575256348e-01
-1.827689707279205322e-01 7.910479903221130371e-01 5.838140845298767090e-01 -1.624106764793395996e-01
0.000000000000000000e+00 0.000000000000000000e+00 0.000000000000000000e+00 1.000000000000000000e+00
3.707736134529113770e-01 6.290748715400695801e-01 -6.832216978073120117e-01 2.058325111865997314e-01
-8.893181085586547852e-01 2.847335673868656158e-02 -4.564020931720733643e-01 2.026222199201583862e-01
-2.676573693752288818e-01 7.768232822418212891e-01 5.700048208236694336e-01 -1.511043459177017212e-01
0.000000000000000000e+00 0.000000000000000000e+00 0.000000000000000000e+00 1.000000000000000000e+00
4.241116940975189209e-01 6.376821398735046387e-01 -6.430323719978332520e-01 1.881404221057891846e-01
-8.365175127983093262e-01 3.829610999673604965e-03 -5.479267835617065430e-01 2.269777506589889526e-01
-3.469405770301818848e-01 7.702901959419250488e-01 5.350564718246459961e-01 -1.329395622014999390e-01
0.000000000000000000e+00 0.000000000000000000e+00 0.000000000000000000e+00 1.000000000000000000e+00
5.202087759971618652e-01 6.402855515480041504e-01 -5.651698708534240723e-01 1.577308177947998047e-01
-7.278005480766296387e-01 -1.389886066317558289e-02 -6.856480240821838379e-01 2.592810988426208496e-01
-4.468656778335571289e-01 7.680112123489379883e-01 4.587698876857757568e-01 -9.864594787359237671e-02
0.000000000000000000e+00 0.000000000000000000e+00 0.000000000000000000e+00 1.000000000000000000e+00
6.340509057044982910e-01 6.648390889167785645e-01 -3.949280381202697754e-01 9.538669139146804810e-02
-5.775614976882934570e-01 6.755143404006958008e-02 -8.135470151901245117e-01 2.906822264194488525e-01
-5.142004489898681641e-01 7.439255118370056152e-01 4.268168210983276367e-01 -8.142063766717910767e-02
0.000000000000000000e+00 0.000000000000000000e+00 0.000000000000000000e+00 1.000000000000000000e+00
6.443895101547241211e-01 7.107882499694824219e-01 -2.820328176021575928e-01 6.297101825475692749e-02
-4.895721077919006348e-01 1.001427099108695984e-01 -8.661931753158569336e-01 3.012787997722625732e-01
-5.874362587928771973e-01 6.962410807609558105e-01 4.125128984451293945e-01 -7.185181975364685059e-02
0.000000000000000000e+00 0.000000000000000000e+00 0.000000000000000000e+00 1.000000000000000000e+00
6.158140301704406738e-01 7.598066926002502441e-01 -2.084871679544448853e-01 4.551923647522926331e-02
-3.910074532032012939e-01 6.498736143112182617e-02 -9.180904030799865723e-01 3.107544481754302979e-01
-6.840221285820007324e-01 6.468929052352905273e-01 3.371101617813110352e-01 -4.633690416812896729e-02
0.000000000000000000e+00 0.000000000000000000e+00 0.000000000000000000e+00 1.000000000000000000e+00
4.468085765838623047e-01 8.926936984062194824e-01 -5.882165953516960144e-02 1.651300117373466492e-02
-2.052213996648788452e-01 3.827631101012229919e-02 -9.779667854309082031e-01 3.185770511627197266e-01
-8.707733750343322754e-01 4.490352869033813477e-01 2.003019899129867554e-01 -3.475220873951911926e-03
0.000000000000000000e+00 0.000000000000000000e+00 0.000000000000000000e+00 1.000000000000000000e+00
3.258915841579437256e-01 9.404195547103881836e-01 9.698247164487838745e-02 -2.803077921271324158e-02
-2.496773898601531982e-01 1.845530420541763306e-01 -9.505793452262878418e-01 3.202736377716064453e-01
-9.118419289588928223e-01 2.855714261531829834e-01 2.949458956718444824e-01 -3.813333064317703247e-02
0.000000000000000000e+00 0.000000000000000000e+00 0.000000000000000000e+00 1.000000000000000000e+00
3.213596045970916748e-01 9.464215040206909180e-01 -3.184348344802856445e-02 1.528553292155265808e-02
-3.734715580940246582e-01 9.576837718486785889e-02 -9.226850867271423340e-01 3.136712312698364258e-01
-8.701992630958557129e-01 3.084062933921813965e-01 3.842376768589019775e-01 -6.519253551959991455e-02
0.000000000000000000e+00 0.000000000000000000e+00 0.000000000000000000e+00 1.000000000000000000e+00
2.958162426948547363e-01 9.542928934097290039e-01 -4.263434186577796936e-02 2.450989000499248505e-02
-4.590103924274444580e-01 1.028612628579139709e-01 -8.824560642242431641e-01 3.044711351394653320e-01
-8.377361893653869629e-01 2.806144058704376221e-01 4.684584736824035645e-01 -9.532459080219268799e-02
0.000000000000000000e+00 0.000000000000000000e+00 0.000000000000000000e+00 1.000000000000000000e+00
1.795847862958908081e-01 9.811145663261413574e-01 -7.185590267181396484e-02 3.851804509758949280e-02
-4.732190668582916260e-01 2.211960405111312866e-02 -8.806670308113098145e-01 3.033645153045654297e-01
-8.624458312988281250e-01 1.921578794717788696e-01 4.682545661926269531e-01 -9.662339091300964355e-02
