0.458351343870163 0.8583326935768127 -0.2306050062179565 0.06460390985012054 
-0.8878371715545654 0.4302976727485657 -0.1630613803863525 0.08677975833415985 
-0.04073217883706093 0.2794791162014008 0.9592873454093933 -0.2750628590583801 
0 0 0 1 

0.5335779190063477 0.8192669153213501 -0.209991067647934 0.0528065487742424 
-0.8411601781845093 0.4882292747497559 -0.2325545698404312 0.1058037802577019 
-0.08800051361322403 0.3007220923900604 0.9496431350708008 -0.2683781981468201 
0 0 0 1 

0.5938740372657776 0.7774965763092041 -0.2069117575883865 0.04754440858960152 
-0.7953616380691528 0.5285665988922119 -0.2966766953468323 0.121574729681015 
-0.1212985292077065 0.3407582640647888 0.9322931170463562 -0.2597026824951172 
0 0 0 1 

0.6740403175354004 0.7172001600265503 -0.1768995821475983 0.03268175572156906 
-0.7205884456634521 0.585690438747406 -0.3711048662662506 0.1368968188762665 
-0.162548154592514 0.3776114284992218 0.91158527135849 -0.2494127154350281 
0 0 0 1 

0.7370366454124451 0.6551424264907837 -0.1660279482603073 0.0257928017526865 
-0.6485098600387573 0.6163795590400696 -0.4466665089130402 0.1522487699985504 
-0.1902940720319748 0.4368803203105927 0.8791607618331909 -0.2347942143678665 
0 0 0 1 

0.7656077146530151 0.6260087490081787 -0.1481810659170151 0.01822768524289131 
-0.5952385663986206 0.601984977722168 -0.5322638154029846 0.1714470386505127 
-0.2439992278814316 0.4957083761692047 0.833509087562561 -0.2142920345067978 
0 0 0 1 

0.7937495112419128 0.5901111960411072 -0.1474119871854782 0.01518045086413622 
-0.5339226126670837 0.5598968863487244 -0.633594274520874 0.1975370794534683 
-0.2913557887077332 0.5816217660903931 0.7594917416572571 -0.186559870839119 
0 0 0 1 

0.81760174036026 0.5579360723495483 -0.1422486901283264 0.01165080815553665 
-0.4772435128688812 0.5184542536735535 -0.70953768491745 0.2173600643873215 
-0.3221273124217987 0.6480064988136292 0.6901605129241943 -0.1621492952108383 
0 0 0 1 

0.849550187587738 0.509585440158844 -0.136334627866745 0.006904303561896086 
-0.4062912464141846 0.4672625362873077 -0.7852343916893005 0.2367586195468903 
-0.3364399969577789 0.7224876284599304 0.6040030717849731 -0.1377860307693481 
0 0 0 1 

0.8191968202590942 0.5661566853523254 -0.09156182408332825 -0.00834057480096817 
-0.4451106190681458 0.526959240436554 -0.7240102291107178 0.2299898117780685 
-0.3616538345813751 0.6338617205619812 0.6836856007575989 -0.1621888875961304 
0 0 0 1 

