-0.3873951435089111 -0.1632124036550522 0.9073513150215149 -0.2498468160629272 
-0.9198534488677979 0.002669718815013766 -0.3922528624534607 0.1657384634017944 
0.06159824505448341 -0.9865872263908386 -0.151165634393692 0.04036586731672287 
0 0 0 1 

-0.3926205039024353 -0.298999011516571 0.8697404265403748 -0.2393418401479721 
-0.9174790382385254 0.06164721772074699 -0.3929778933525085 0.1662398725748062 
0.06388295441865921 -0.9522599577903748 -0.2985291481018066 0.08493824303150177 
0 0 0 1 

-0.4215992987155914 -0.4032185971736908 0.8121998310089111 -0.2223814427852631 
-0.9060555100440979 0.1514731645584106 -0.3951191306114197 0.1675211042165756 
0.03629296272993088 -0.9024801850318909 -0.4291993081569672 0.1233663037419319 
0 0 0 1 

-0.469917356967926 -0.4778940677642822 0.7421556711196899 -0.1992695778608322 
-0.8826309442520142 0.2431006878614426 -0.4023241698741913 0.1663659960031509 
0.01184975821524858 -0.8441086411476135 -0.536041259765625 0.157132163643837 
0 0 0 1 

-0.4936205148696899 -0.5456662178039551 0.6771906018257141 -0.1806242614984512 
-0.8696731925010681 0.3073033690452576 -0.3863070607185364 0.1613484025001526 
0.002691796980798244 -0.7796236276626587 -0.6262425184249878 0.1876066476106644 
0 0 0 1 

-0.4666025936603546 -0.605129599571228 0.6450579762458801 -0.1751691997051239 
-0.8827617764472961 0.3638863563537598 -0.2971837520599365 0.1351831704378128 
-0.05489301681518555 -0.708099365234375 -0.7039755582809448 0.2159840166568756 
0 0 0 1 

-0.5028106570243835 -0.651760458946228 0.5677938461303711 -0.1519673466682434 
-0.8640817403793335 0.3967126309871674 -0.3098093867301941 0.1377100050449371 
-0.02332952059805393 -0.6463958024978638 -0.7626456022262573 0.2333787530660629 
0 0 0 1 

-0.6024303436279297 -0.6708726286888123 0.4324431717395782 -0.1062590628862381 
-0.7967788577079773 0.473479837179184 -0.3754467070102692 0.1521924883127213 
0.04712389037013054 -0.5707421898841858 -0.8197756409645081 0.2478354722261429 
0 0 0 1 

-0.6709184646606445 -0.6753447651863098 0.3062321543693542 -0.0627567395567894 
-0.7365933656692505 0.5593860745429993 -0.3801544904708862 0.1527163833379745 
0.08543332666158676 -0.4806211590766907 -0.8727568984031677 0.264863133430481 
0 0 0 1 

-0.7096115350723267 -0.6576683521270752 0.2528334259986877 -0.04543424025177956 
-0.7010749578475952 0.6232267618179321 -0.3465294241905212 0.1419703364372253 
0.07032876461744308 -0.4231562316417694 -0.9033234715461731 0.2766809165477753 
0 0 0 1 

