0.05854762345552444 0.4427893459796906 -0.8947119116783142 0.3331693410873413 
0.6546556353569031 0.6595950126647949 0.369269847869873 -0.1444901078939438 
0.7536563277244568 -0.6073481440544128 -0.2512569427490234 0.1228538900613785 
0 0 0 1 

-0.04261932522058487 0.4340711832046509 -0.8998700380325317 0.3368447422981262 
0.6386562585830688 0.7044746279716492 0.3095703125 -0.1207770928740501 
0.7683109045028687 -0.5615137815475464 -0.3072464168071747 0.142134815454483 
0 0 0 1 

-0.1337138116359711 0.3976970613002777 -0.9077209830284119 0.3409669399261475 
0.6089247465133667 0.7556172013282776 0.241357147693634 -0.09358165413141251 
0.7818766832351685 -0.5204610228538513 -0.3432040512561798 0.1546431034803391 
0 0 0 1 

-0.1931096762418747 0.3475745618343353 -0.9175513982772827 0.3451422452926636 
0.5596824288368225 0.8071128726005554 0.1879478543996811 -0.0705258920788765 
0.8058934211730957 -0.4772428870201111 -0.3503927290439606 0.1566652208566666 
0 0 0 1 

-0.3378513753414154 0.2783477008342743 -0.8990989327430725 0.3374415040016174 
0.4652593731880188 0.8797839879989624 0.09753911197185516 -0.03285806253552437 
0.8181626200675964 -0.3853605091571808 -0.4267401397228241 0.1837485581636429 
0 0 0 1 

-0.4155317544937134 0.2057491838932037 -0.8860026597976685 0.3294633626937866 
0.4046116769313812 0.9142107963562012 0.0225384347140789 -0.005019251257181168 
0.814630389213562 -0.3491215705871582 -0.4631321430206299 0.1942605525255203 
0 0 0 1 

-0.4706248342990875 0.1181430593132973 -0.8743880391120911 0.3203091323375702 
0.3673722147941589 0.9272481799125671 -0.07244673371315002 0.02628540620207787 
0.8022156357765198 -0.355321079492569 -0.4797885417938232 0.1979704648256302 
0 0 0 1 

-0.3907294273376465 0.475946456193924 -0.7879121899604797 0.2691317796707153 
0.3473809063434601 0.8689057230949402 0.3526036441326141 -0.1215264573693275 
0.8524418473243713 -0.135933056473732 -0.504841685295105 0.2091447114944458 
0 0 0 1 

-0.2421180009841919 0.521748960018158 -0.8180199861526489 0.2768839597702026 
0.3907612562179565 0.8241415023803711 0.4099956154823303 -0.1373454034328461 
0.8880789875984192 -0.2203832119703293 -0.4034187793731689 0.1757908463478088 
0 0 0 1 

-0.1741952747106552 0.5391952395439148 -0.8239690661430359 0.2770943939685822 
0.4098633825778961 0.8005362153053284 0.4372117817401886 -0.1449955403804779 
0.8953591585159302 -0.2615546584129333 -0.3604458868503571 0.1614396870136261 
0 0 0 1 

