1 0 0 -0.01792658120393753 
0 1 0 0.02243540808558464 
0 0 1 -0.3816788792610168 
0 0 0 1 

0.9960304498672485 0.05019885674118996 -0.07350712269544601 0.01321313716471195 
-0.05184808745980263 0.9984403848648071 -0.02070130594074726 0.02703054621815681 
0.07235328853130341 0.02443037740886211 0.9970797896385193 -0.378679633140564 
0 0 0 1 

0.9718928337097168 0.07087205350399017 -0.2245024442672729 0.07481582462787628 
-0.07737842202186584 0.9967950582504272 -0.02030535787343979 0.027851777151227 
0.222343847155571 0.03710630536079407 0.9742619395256042 -0.3689450025558472 
0 0 0 1 

0.9367431998252869 0.06036321073770523 -0.3447729051113129 0.1237725764513016 
-0.05928632244467735 0.9981473088264465 0.01367657538503408 0.01527443248778582 
0.3449597060680389 0.007628885563462973 0.9385864734649658 -0.3555102646350861 
0 0 0 1 

0.9081509709358215 0.07734358310699463 -0.41143599152565 0.1521329581737518 
-0.0631239265203476 0.9968478679656982 0.04806023091077805 0.005901044700294733 
0.4138562083244324 -0.01767445169389248 0.9101705551147461 -0.3432165086269379 
0 0 0 1 

0.722798228263855 0.6909944415092468 -0.009442916139960289 0.01685005612671375 
-0.5586038827896118 0.592249870300293 0.5806905031204224 -0.1283554434776306 
0.4068466424942017 -0.4144472181797028 0.8140695095062256 -0.2022939473390579 
0 0 0 1 

0.6900657415390015 0.7234891057014465 0.01930655352771282 0.006780687253922224 
-0.6519239544868469 0.6097786426544189 0.4507382214069366 -0.09274342656135559 
0.3143315315246582 -0.3236253261566162 0.8924473524093628 -0.2173776626586914 
0 0 0 1 

0.6621738076210022 0.7493394613265991 -0.004018888808786869 0.009580879472196102 
-0.7028869390487671 0.6229661107063293 0.3433118760585785 -0.06199388578534126 
0.2597607970237732 -0.2245073020458221 0.9392127990722656 -0.2245118618011475 
0 0 0 1 

0.6420837640762329 0.7652351856231689 -0.0462968498468399 0.01725635677576065 
-0.7419326305389404 0.6354672312736511 0.2138156592845917 -0.02468173950910568 
0.1930394321680069 -0.1029383987188339 0.9757763147354126 -0.2283061146736145 
0 0 0 1 

0.6184675693511963 0.7846947908401489 -0.04185819253325462 0.01488884538412094 
-0.7730969190597534 0.6171405911445618 0.1464870572090149 -0.006498544476926327 
0.1407800912857056 -0.05823707208037376 0.9883267283439636 -0.2291917949914932 
0 0 0 1 

