1 0 0 -0.01792658120393753 
0 1 0 0.02243540808558464 
0 0 1 -0.3816788792610168 
0 0 0 1 

0.9960305690765381 0.050198744982481 -0.07350692898035049 0.0132130291312933 
-0.05184794589877129 0.9984403848648071 -0.02070128731429577 0.02703100070357323 
0.07235311716794968 0.02443028427660465 0.9970798492431641 -0.3786803185939789 
0 0 0 1 

0.9718928933143616 0.07087201625108719 -0.2245022803544998 0.07481584697961807 
-0.07737835496664047 0.9967949986457825 -0.02030535414814949 0.0278517734259367 
0.2223436683416367 0.03710626065731049 0.9742619395256042 -0.3689449727535248 
0 0 0 1 

0.9367432594299316 0.06036318093538284 -0.3447727560997009 0.1237725988030434 
-0.05928629636764526 0.9981473088264465 0.01367656607180834 0.01527442317456007 
0.344959557056427 0.007628879509866238 0.9385865330696106 -0.3555102348327637 
0 0 0 1 

0.9081510305404663 0.07734354585409164 -0.4114358127117157 0.1521331816911697 
-0.0631239041686058 0.9968478083610535 0.04806020483374596 0.005901048891246319 
0.4138560593128204 -0.01767444796860218 0.9101706147193909 -0.3432166278362274 
0 0 0 1 

0.7227981090545654 0.6909946203231812 -0.009442894719541073 0.01685009337961674 
-0.5586040019989014 0.5922496914863586 0.5806906819343567 -0.1283555328845978 
0.4068467915058136 -0.4144472777843475 0.8140694499015808 -0.2022939622402191 
0 0 0 1 

0.6900657415390015 0.723488986492157 0.01930653676390648 0.00678064301609993 
-0.6519239544868469 0.6097787022590637 0.4507381618022919 -0.09274343401193619 
0.3143315017223358 -0.3236252963542938 0.8924473524093628 -0.2173776477575302 
0 0 0 1 

0.6621738076210022 0.7493394613265991 -0.004018879495561123 0.009580906480550766 
-0.7028869390487671 0.6229660511016846 0.3433119058609009 -0.06199390813708305 
0.2597608268260956 -0.2245073169469833 0.9392128586769104 -0.2245118468999863 
0 0 0 1 

0.6420836448669434 0.7652353644371033 -0.04629684239625931 0.01725637167692184 
-0.7419328093528748 0.6354671120643616 0.2138157039880753 -0.02468175068497658 
0.1930394768714905 -0.1029383987188339 0.9757763147354126 -0.2283061146736145 
0 0 0 1 

0.6080386638641357 0.7918529510498047 -0.05707512423396111 0.01968369632959366 
-0.7810258865356445 0.6095231771469116 0.1359400153160095 -0.004476865753531456 
0.1424331516027451 -0.03807958588004112 0.9890716671943665 -0.2289152890443802 
0 0 0 1 

