0.4585023522377014 0.3991120159626007 -0.7940309643745422 0.3000242114067078 
0.1406310051679611 0.8496389389038086 0.5082681775093079 -0.1487961858510971 
0.8774955868721008 -0.3447075188159943 0.3334338665008545 -0.03449058532714844 
0 0 0 1 

0.4869082272052765 0.4313362240791321 -0.759519100189209 0.2843929529190063 
0.1603580117225647 0.8106348514556885 0.5631664395332336 -0.169322669506073 
0.8586066961288452 -0.3960052728652954 0.3255365192890167 -0.03456923365592957 
0 0 0 1 

0.5017274022102356 0.4718848168849945 -0.7249788641929626 0.2670190036296844 
0.1841646432876587 0.7606155276298523 0.6225331425666809 -0.1890263557434082 
0.8451941013336182 -0.4458574056625366 0.2947171032428741 -0.02700184471905231 
0 0 0 1 

0.5411939024925232 0.4764573872089386 -0.6928905844688416 0.2512838244438171 
0.1833927780389786 0.7372779250144958 0.6502217054367065 -0.1984497159719467 
0.8206559419631958 -0.4789671301841736 0.3116315603256226 -0.03457155078649521 
0 0 0 1 

0.564232349395752 0.4744493365287781 -0.6756770610809326 0.2397688031196594 
0.2027405053377151 0.713711142539978 0.6704570651054382 -0.2043299973011017 
0.8003361821174622 -0.5152806639671326 0.3065088093280792 -0.03518735244870186 
0 0 0 1 

0.5622908473014832 0.5110909938812256 -0.650088369846344 0.2249852120876312 
0.2081311792135239 0.6733627319335938 0.7094110250473022 -0.2154866456985474 
0.8003188967704773 -0.5341989994049072 0.2722517251968384 -0.02755879424512386 
0 0 0 1 

0.5565528869628906 0.5618576407432556 -0.6120170950889587 0.2021359354257584 
0.1778945028781891 0.6389726400375366 0.7483766674995422 -0.2254247665405273 
0.8115432262420654 -0.5253856182098389 0.2556706666946411 -0.02940747700631618 
0 0 0 1 

0.6057687997817993 0.5471753478050232 -0.5776185393333435 0.1885954141616821 
0.1738189309835434 0.617431640625 0.7671799063682556 -0.2288146466016769 
0.7764219641685486 -0.5651346445083618 0.2789114415645599 -0.03999012336134911 
0 0 0 1 

0.6677572727203369 0.5452960133552551 -0.5067074298858643 0.1600365787744522 
0.1667512953281403 0.5538317561149597 0.8157599568367004 -0.2397598773241043 
0.7254613637924194 -0.6292237043380737 0.278896301984787 -0.04782072827219963 
0 0 0 1 

0.6928750276565552 0.5356111526489258 -0.4827470481395721 0.1500422209501266 
0.1755416095256805 0.5240573287010193 0.8333958983421326 -0.2427758723497391 
0.6993637084960938 -0.6621814370155334 0.2690841555595398 -0.04841729253530502 
0 0 0 1 

