1 0 0 -0.04542167112231255 
0 1 0 0.0009935460984706879 
0 0 1 -0.2875000238418579 
0 0 0 1 

0.9962537288665771 0.07716496288776398 0.03903979808092117 -0.05518292263150215 
-0.07661271095275879 0.9969412684440613 -0.01545197237282991 0.00917836744338274 
-0.04011272266507149 0.01240316405892372 0.9991182088851929 -0.2920745015144348 
0 0 0 1 

0.9847496151924133 0.1666351556777954 0.05000698193907738 -0.05674709752202034 
-0.1639126986265182 0.9849755764007568 -0.05436427518725395 0.02646514400839806 
-0.05831470713019371 0.04533835127949715 0.9972681403160095 -0.2915004193782806 
0 0 0 1 

0.9649310111999512 0.2568905055522919 0.05399175733327866 -0.05575785785913467 
-0.2522164583206177 0.9643099904060364 -0.08057837188243866 0.0395672433078289 
-0.07276465743780136 0.06413491070270538 0.9952848553657532 -0.290762722492218 
0 0 0 1 

0.9369148015975952 0.3433177471160889 0.06575270742177963 -0.05675489455461502 
-0.3337520360946655 0.9345059990882874 -0.1237252503633499 0.05734548345208168 
-0.1039234176278114 0.09397487342357635 0.9901357293128967 -0.2882971465587616 
0 0 0 1 

0.8880195617675781 0.4574458599090576 0.04652442038059235 -0.04734909534454346 
-0.4479610621929169 0.8835221529006958 -0.13681860268116 0.06588847190141678 
-0.1036924868822098 0.1006564572453499 0.9895029067993164 -0.2892247140407562 
0 0 0 1 

0.894461989402771 0.4470920860767365 0.006792284082621336 -0.03071929514408112 
-0.4427934885025024 0.8835439085960388 0.1525904089212418 -0.02094552852213383 
0.06222076714038849 -0.1394938975572586 0.9882661700248718 -0.2671397626399994 
0 0 0 1 

0.1298732459545135 0.9138849377632141 0.3846393823623657 -0.1153694540262222 
-0.9909414649009705 0.1062606945633888 0.08212055265903473 0.02274088375270367 
0.03417665511369705 -0.3918203413486481 0.9194067716598511 -0.2870051264762878 
0 0 0 1 

0.1420799791812897 0.9462737441062927 0.2904810607433319 -0.08223695307970047 
-0.9898441433906555 0.1344331800937653 0.04622131213545799 0.03648413345217705 
0.004687707405537367 -0.2940980792045593 0.9557636976242065 -0.2961000800132751 
0 0 0 1 

0.1618667393922806 0.939145028591156 0.3029946386814117 -0.08634905517101288 
-0.9867175221443176 0.1582977324724197 0.0364764966070652 0.03998391330242157 
-0.01370662078261375 -0.3048743605613708 0.9522936344146729 -0.2925907969474792 
0 0 0 1 

