0.4177336990833282 0.1437894999980927 -0.8971192240715027 0.3567396700382233 
-0.07447294145822525 0.9894939064979553 0.1239177063107491 -0.01021210476756096 
0.9055120348930359 0.01504653878509998 0.424053430557251 -0.1443424224853516 
0 0 0 1 

0.4403226971626282 0.1397489607334137 -0.8868968486785889 0.3520433902740479 
-0.08438319712877274 0.989881157875061 0.1140820533037186 -0.004843662027269602 
0.8938653469085693 0.02460628934204578 0.4476595818996429 -0.1427314132452011 
0 0 0 1 

0.4761404693126678 0.1495958417654037 -0.8665513396263123 0.3464251160621643 
-0.1288947910070419 0.9866532683372498 0.09950617700815201 0.003943204414099455 
0.8698714375495911 0.0643150582909584 0.4890676438808441 -0.1384289115667343 
0 0 0 1 

0.4686647057533264 0.1532067209482193 -0.8699890375137329 0.3492002487182617 
-0.1563197523355484 0.9836868047714233 0.08901936560869217 0.01078263111412525 
0.8694350719451904 0.09427627176046371 0.484968513250351 -0.1278887838125229 
0 0 0 1 

0.4713762700557709 0.1647370904684067 -0.8664096593856812 0.350784033536911 
-0.1595552414655685 0.9821181297302246 0.09993046522140503 0.01030534040182829 
0.8673788905143738 0.0911354199051857 0.4892318844795227 -0.1244511231780052 
0 0 0 1 

0.4783192276954651 0.1828993707895279 -0.8589286208152771 0.3521716594696045 
-0.1842401772737503 0.9772043824195862 0.1054854169487953 0.01119997818022966 
0.858642041683197 0.1077934950590134 0.5011130571365356 -0.1237926930189133 
0 0 0 1 

0.4815083742141724 0.1924435943365097 -0.855052649974823 0.354849636554718 
-0.2011221796274185 0.9738231897354126 0.1059163063764572 0.01357161812484264 
0.8530530333518982 0.1209705024957657 0.5076087117195129 -0.1210752353072166 
0 0 0 1 

0.4756253063678741 0.2099152356386185 -0.8542341589927673 0.3595106601715088 
-0.2263252586126328 0.9676186442375183 0.1117631271481514 0.01288527622818947 
0.850033700466156 0.1401774138212204 0.5077330470085144 -0.1136974915862083 
0 0 0 1 

0.4862155020236969 0.2193906307220459 -0.845849871635437 0.362557977437973 
-0.2412256598472595 0.9640554785728455 0.1113874763250351 0.01537232287228107 
0.83988356590271 0.149882435798645 0.5216614007949829 -0.1118758991360664 
0 0 0 1 

0.3952024579048157 0.212881401181221 -0.8935862183570862 0.3794330358505249 
-0.2581141591072083 0.959318995475769 0.114386074244976 0.01585593074560165 
0.8815848827362061 0.1854416280984879 0.4340729117393494 -0.06618469208478928 
0 0 0 1 

