1.000000000000000000e+00 0.000000000000000000e+00 0.000000000000000000e+00 -4.542167112231254578e-02
0.000000000000000000e+00 1.000000000000000000e+00 0.000000000000000000e+00 9.935460984706878662e-04
0.000000000000000000e+00 0.000000000000000000e+00 1.000000000000000000e+00 -2.875000238418579102e-01
0.000000000000000000e+00 0.000000000000000000e+00 0.000000000000000000e+00 1.000000000000000000e+00
9.964938163757324219e-01 8.253275603055953979e-02 1.373585499823093414e-02 -4.805593192577362061e-02
-8.227598667144775391e-02 9.964414238929748535e-01 -1.831412315368652344e-02 1.012470759451389313e-02
-1.519845705479383469e-02 1.711980812251567841e-02 9.997379779815673828e-01 -2.934131324291229248e-01
0.000000000000000000e+00 0.000000000000000000e+00 0.000000000000000000e+00 1.000000000000000000e+00
9.853510856628417969e-01 1.672702729701995850e-01 3.322365880012512207e-02 -5.221638828516006470e-02
-1.655285507440567017e-01 9.849539995193481445e-01 -4.965674132108688354e-02 2.496086992323398590e-02
-4.102991521358489990e-02 4.342982545495033264e-02 9.982135295867919922e-01 -2.925645709037780762e-01
0.000000000000000000e+00 0.000000000000000000e+00 0.000000000000000000e+00 1.000000000000000000e+00
9.660351276397705078e-01 2.561849355697631836e-01 3.384362533688545227e-02 -5.011491477489471436e-02
-2.530347704887390137e-01 9.643654823303222656e-01 -7.728151232004165649e-02 3.821509331464767456e-02
-5.243601277470588684e-02 6.609302014112472534e-02 9.964348077774047852e-01 -2.921096682548522949e-01
0.000000000000000000e+00 0.000000000000000000e+00 0.000000000000000000e+00 1.000000000000000000e+00
9.366567134857177734e-01 3.469834923744201660e-01 4.771109670400619507e-02 -5.129269137978553772e-02
-3.394776284694671631e-01 9.329122900962829590e-01 -1.201225444674491882e-01 5.614671111106872559e-02
-8.619087189435958862e-02 9.631671756505966187e-02 9.916118383407592773e-01 -2.895156741142272949e-01
0.000000000000000000e+00 0.000000000000000000e+00 0.000000000000000000e+00 1.000000000000000000e+00
8.929123282432556152e-01 4.492508769035339355e-01 2.968310378491878510e-02 -4.278618097305297852e-02
-4.415194094181060791e-01 8.866373896598815918e-01 -1.376028805971145630e-01 6.558458507061004639e-02
-8.813637495040893555e-02 1.097616404294967651e-01 9.900426268577575684e-01 -2.901736795902252197e-01
0.000000000000000000e+00 0.000000000000000000e+00 0.000000000000000000e+00 1.000000000000000000e+00
8.452646136283874512e-01 5.341628193855285645e-01 1.405430678278207779e-02 -3.504988551139831543e-02
-5.249450802803039551e-01 8.350162506103515625e-01 -1.648644059896469116e-01 7.789967209100723267e-02
-9.980008006095886230e-02 1.319763213396072388e-01 9.862161278724670410e-01 -2.889091074466705322e-01
0.000000000000000000e+00 0.000000000000000000e+00 0.000000000000000000e+00 1.000000000000000000e+00
7.939761281013488770e-01 6.079263687133789062e-01 -5.217502359300851822e-03 -2.617727033793926239e-02
-6.000154018402099609e-01 7.822043299674987793e-01 -1.677430272102355957e-01 8.230779320001602173e-02
-9.789428859949111938e-02 1.363145560026168823e-01 9.858169555664062500e-01 -2.897644639015197754e-01
0.000000000000000000e+00 0.000000000000000000e+00 0.000000000000000000e+00 1.000000000000000000e+00
7.231395244598388672e-01 6.897955536842346191e-01 -3.537310287356376648e-02 -1.159012131392955780e-02
-6.851170659065246582e-01 7.098517417907714844e-01 -1.634779870510101318e-01 8.403646945953369141e-02
-8.765676617622375488e-02 1.424520909786224365e-01 9.859125614166259766e-01 -2.906490564346313477e-01
0.000000000000000000e+00 0.000000000000000000e+00 0.000000000000000000e+00 1.000000000000000000e+00
6.469705104827880859e-01 7.616903781890869141e-01 -3.544677793979644775e-02 -6.366838701069355011e-03
-7.578074932098388672e-01 6.371241211891174316e-01 -1.407136768102645874e-01 7.950339466333389282e-02
-8.459631353616714478e-02 1.178994402289390564e-01 9.894155263900756836e-01 -2.932129204273223877e-01
0.000000000000000000e+00 0.000000000000000000e+00 0.000000000000000000e+00 1.000000000000000000e+00
5.499567389488220215e-01 8.339850902557373047e-01 -4.490241780877113342e-02 2.499180845916271210e-03
-8.332301974296569824e-01 5.441869497299194336e-01 -9.791749715805053711e-02 6.786338239908218384e-02
-5.722644925117492676e-02 9.126443415880203247e-02 9.941810369491577148e-01 -2.981938719749450684e-01
0.000000000000000000e+00 0.000000000000000000e+00 0.000000000000000000e+00 1.000000000000000000e+00
4.595345556735992432e-01 8.838763833045959473e-01 -8.712299168109893799e-02 2.196535468101501465e-02
-8.881078362464904785e-01 4.562296867370605469e-01 -5.584664642810821533e-02 5.543305352330207825e-02
-9.613428264856338501e-03 1.030380800366401672e-01 9.946308732032775879e-01 -3.023831248283386230e-01
0.000000000000000000e+00 0.000000000000000000e+00 0.000000000000000000e+00 1.000000000000000000e+00
3.503941595554351807e-01 9.310813546180725098e-01 -1.015447452664375305e-01 3.105945698916912079e-02
-9.363847374916076660e-01 3.505850732326507568e-01 -1.654954440891742706e-02 4.075846448540687561e-02
2.019109576940536499e-02 1.008838042616844177e-01 9.946932792663574219e-01 -3.040693998336791992e-01
0.000000000000000000e+00 0.000000000000000000e+00 0.000000000000000000e+00 1.000000000000000000e+00
2.687207162380218506e-01 9.551830291748046875e-01 -1.241549700498580933e-01 4.091329500079154968e-02
-9.601963162422180176e-01 2.758448719978332520e-01 4.395839944481849670e-02 1.746489666402339935e-02
7.623581588268280029e-02 1.074006259441375732e-01 9.912886619567871094e-01 -3.034165501594543457e-01
0.000000000000000000e+00 0.000000000000000000e+00 0.000000000000000000e+00 1.000000000000000000e+00
1.960199028253555298e-01 9.685069322586059570e-01 -1.535263508558273315e-01 5.130834504961967468e-02
-9.721231460571289062e-01 2.124703079462051392e-01 9.915869683027267456e-02 -2.800911432132124901e-03
1.286557167768478394e-01 1.298094689846038818e-01 9.831566810607910156e-01 -3.018172979354858398e-01
0.000000000000000000e+00 0.000000000000000000e+00 0.000000000000000000e+00 1.000000000000000000e+00
1.162781864404678345e-01 9.807443618774414062e-01 -1.569075435400009155e-01 5.423653870820999146e-02
-9.706684350967407227e-01 1.456823796033859253e-01 1.912569105625152588e-01 -3.429671004414558411e-02
2.104328274726867676e-01 1.300662159919738770e-01 9.689174294471740723e-01 -2.988601922988891602e-01
0.000000000000000000e+00 0.000000000000000000e+00 0.000000000000000000e+00 1.000000000000000000e+00
1.892785727977752686e-01 9.714554548263549805e-01 -1.429958194494247437e-01 4.909371212124824524e-02
-9.536955356597900391e-01 2.165445387363433838e-01 2.087418735027313232e-01 -3.926961123943328857e-02
2.337483912706375122e-01 9.686413407325744629e-02 9.674600362777709961e-01 -2.964395880699157715e-01
0.000000000000000000e+00 0.000000000000000000e+00 0.000000000000000000e+00 1.000000000000000000e+00
2.685665488243103027e-01 9.519704580307006836e-01 -1.470514982938766479e-01 4.783581197261810303e-02
-9.385988116264343262e-01 2.929462790489196777e-01 1.822489202022552490e-01 -2.881648764014244080e-02
2.165737599134445190e-01 8.907639980316162109e-02 9.721940159797668457e-01 -2.952947616577148438e-01
0.000000000000000000e+00 0.000000000000000000e+00 0.000000000000000000e+00 1.000000000000000000e+00
3.235442638397216797e-01 9.338207840919494629e-01 -1.526344865560531616e-01 4.784052446484565735e-02
-9.342242479324340820e-01 3.408586680889129639e-01 1.050748452544212341e-01 -1.646204618737101555e-03
1.501478850841522217e-01 1.085985004901885986e-01 9.826809763908386230e-01 -2.949668765068054199e-01
0.000000000000000000e+00 0.000000000000000000e+00 0.000000000000000000e+00 1.000000000000000000e+00
3.594806194305419922e-01 9.145843386650085449e-01 -1.852276623249053955e-01 5.648313835263252258e-02
-9.298422336578369141e-01 3.677820861339569092e-01 1.137695461511611938e-02 3.093953430652618408e-02
7.852860540151596069e-02 1.681427955627441406e-01 9.826297163963317871e-01 -2.908903062343597412e-01
0.000000000000000000e+00 0.000000000000000000e+00 0.000000000000000000e+00 1.000000000000000000e+00
3.999547362327575684e-01 8.951863646507263184e-01 -1.966656446456909180e-01 5.798089504241943359e-02
-9.163418412208557129e-01 3.949602544307708740e-01 -6.575701385736465454e-02 5.727203190326690674e-02
1.881032809615135193e-02 2.065128087997436523e-01 9.782631993293762207e-01 -2.860366404056549072e-01
0.000000000000000000e+00 0.000000000000000000e+00 0.000000000000000000e+00 1.000000000000000000e+00
4.554121494293212891e-01 8.613501191139221191e-01 -2.251129150390625000e-01 6.323887407779693604e-02
-8.893927931785583496e-01 4.288845658302307129e-01 -1.582343727350234985e-01 8.543109893798828125e-02
-3.974778205156326294e-02 2.722756564617156982e-01 9.613978266716003418e-01 -2.758677899837493896e-01
0.000000000000000000e+00 0.000000000000000000e+00 0.000000000000000000e+00 1.000000000000000000e+00
5.330457687377929688e-01 8.199756741523742676e-01 -2.085708677768707275e-01 5.237191170454025269e-02
-8.415272831916809082e-01 4.882562458515167236e-01 -2.311654239892959595e-01 1.054257526993751526e-01
-8.771400898694992065e-02 2.987399101257324219e-01 9.502950906753540039e-01 -2.684332728385925293e-01
0.000000000000000000e+00 0.000000000000000000e+00 0.000000000000000000e+00 1.000000000000000000e+00
5.942335128784179688e-01 7.783511281013488770e-01 -2.026226520538330078e-01 4.644975811243057251e-02
-7.949005961418151855e-01 5.299652814865112305e-01 -2.954144477844238281e-01 1.211087778210639954e-01
-1.225532293319702148e-01 3.366099596023559570e-01 9.336348772048950195e-01 -2.600858509540557861e-01
0.000000000000000000e+00 0.000000000000000000e+00 0.000000000000000000e+00 1.000000000000000000e+00
6.733624339103698730e-01 7.167709469795227051e-01 -1.811690926551818848e-01 3.377503529191017151e-02
-7.219647169113159180e-01 5.847400426864624023e-01 -3.699267208576202393e-01 1.366317272186279297e-01
-1.592160314321517944e-01 3.798925280570983887e-01 9.112256169319152832e-01 -2.494048625230789185e-01
0.000000000000000000e+00 0.000000000000000000e+00 0.000000000000000000e+00 1.000000000000000000e+00
7.368171811103820801e-01 6.564831733703613281e-01 -1.616483628749847412e-01 2.442229911684989929e-02
-6.486278772354125977e-01 6.189311742782592773e-01 -4.429512917995452881e-01 1.512789577245712280e-01
-1.907408982515335083e-01 4.312236309051513672e-01 8.818524479866027832e-01 -2.355302125215530396e-01
0.000000000000000000e+00 0.000000000000000000e+00 0.000000000000000000e+00 1.000000000000000000e+00
7.645419836044311523e-01 6.282949447631835938e-01 -1.439459323883056641e-01 1.703429222106933594e-02
-5.959762334823608398e-01 6.039789915084838867e-01 -5.291703939437866211e-01 1.707079410552978516e-01
-2.455350607633590698e-01 4.903614223003387451e-01 8.362163901329040527e-01 -2.149203866720199585e-01
0.000000000000000000e+00 0.000000000000000000e+00 0.000000000000000000e+00 1.000000000000000000e+00
7.917823195457458496e-01 5.929690599441528320e-01 -1.465207189321517944e-01 1.497961208224296570e-02
-5.355551838874816895e-01 5.586217641830444336e-01 -6.333420872688293457e-01 1.975348740816116333e-01
-2.937027513980865479e-01 5.799390077590942383e-01 7.598744630813598633e-01 -1.866311430931091309e-01
0.000000000000000000e+00 0.000000000000000000e+00 0.000000000000000000e+00 1.000000000000000000e+00
8.160374164581298828e-01 5.599886178970336914e-01 -1.431624144315719604e-01 1.216547191143035889e-02
-4.781136810779571533e-01 5.148017406463623047e-01 -7.116082906723022461e-01 2.180905044078826904e-01
-3.247922658920288086e-01 6.491469144821166992e-01 6.878356337547302246e-01 -1.614611595869064331e-01
0.000000000000000000e+00 0.000000000000000000e+00 0.000000000000000000e+00 1.000000000000000000e+00
8.462481498718261719e-01 5.145729780197143555e-01 -1.381258070468902588e-01 7.454049307852983475e-03
-4.110388755798339844e-01 4.655990898609161377e-01 -7.837502360343933105e-01 2.367058396339416504e-01
-3.389855325222015381e-01 7.200223207473754883e-01 6.055218577384948730e-01 -1.383013874292373657e-01
0.000000000000000000e+00 0.000000000000000000e+00 0.000000000000000000e+00 1.000000000000000000e+00
8.773524165153503418e-01 4.694121181964874268e-01 -9.952285140752792358e-02 -5.392478313297033310e-03
-3.232338130474090576e-01 4.248613119125366211e-01 -8.455841541290283203e-01 2.514355480670928955e-01
-3.546441793441772461e-01 7.740445137023925781e-01 5.244829654693603516e-01 -1.167115271091461182e-01
0.000000000000000000e+00 0.000000000000000000e+00 0.000000000000000000e+00 1.000000000000000000e+00
8.972238302230834961e-01 4.360643923282623291e-01 -6.955280900001525879e-02 -1.407058630138635635e-02
-2.236374467611312866e-01 3.129130899906158447e-01 -9.230772852897644043e-01 2.660378217697143555e-01
-3.807571828365325928e-01 8.437612652778625488e-01 3.782731294631958008e-01 -7.724918425083160400e-02
0.000000000000000000e+00 0.000000000000000000e+00 0.000000000000000000e+00 1.000000000000000000e+00
8.937866687774658203e-01 4.480059742927551270e-01 -2.088085748255252838e-02 -3.211702778935432434e-02
-7.636377215385437012e-02 1.061399579048156738e-01 -9.914146065711975098e-01 2.825674116611480713e-01
-4.419433176517486572e-01 8.877075314521789551e-01 1.290778964757919312e-01 -8.490807376801967621e-03
0.000000000000000000e+00 0.000000000000000000e+00 0.000000000000000000e+00 1.000000000000000000e+00
8.856641650199890137e-01 4.632824957370758057e-01 -3.111666627228260040e-02 -2.598072588443756104e-02
-7.762567698955535889e-02 8.166013658046722412e-02 -9.936327338218688965e-01 2.826645374298095703e-01
-4.577916562557220459e-01 8.824402689933776855e-01 1.082860454916954041e-01 -8.846209384500980377e-03
0.000000000000000000e+00 0.000000000000000000e+00 0.000000000000000000e+00 1.000000000000000000e+00
8.539971113204956055e-01 5.194113254547119141e-01 -3.001410514116287231e-02 -2.322742715477943420e-02
-1.005542650818824768e-01 1.081764996051788330e-01 -9.890332818031311035e-01 2.823254168033599854e-01
-5.104683637619018555e-01 8.476495742797851562e-01 1.446114182472229004e-01 -1.672072522342205048e-02
0.000000000000000000e+00 0.000000000000000000e+00 0.000000000000000000e+00 1.000000000000000000e+00
8.351947069168090820e-01 5.461505651473999023e-01 -6.456979364156723022e-02 -1.363369356840848923e-02
-2.225452959537506104e-01 2.282666563987731934e-01 -9.478226304054260254e-01 2.756083607673645020e-01
-5.029147863388061523e-01 8.059862256050109863e-01 3.121902942657470703e-01 -5.532103031873703003e-02
0.000000000000000000e+00 0.000000000000000000e+00 0.000000000000000000e+00 1.000000000000000000e+00
8.348582983016967773e-01 5.422996282577514648e-01 -9.446037560701370239e-02 -5.624245852231979370e-03
-2.988493144512176514e-01 3.024145662784576416e-01 -9.051154255867004395e-01 2.669485211372375488e-01
-4.622777998447418213e-01 7.838725447654724121e-01 4.145392179489135742e-01 -8.308734744787216187e-02
0.000000000000000000e+00 0.000000000000000000e+00 0.000000000000000000e+00 1.000000000000000000e+00
8.201759457588195801e-01 5.613920092582702637e-01 -1.102283373475074768e-01 -1.340632908977568150e-03
-3.653757572174072266e-01 3.657275736331939697e-01 -8.560046553611755371e-01 2.565636932849884033e-01
-4.402406215667724609e-01 7.423492670059204102e-01 5.050801634788513184e-01 -1.086062490940093994e-01
0.000000000000000000e+00 0.000000000000000000e+00 0.000000000000000000e+00 1.000000000000000000e+00
8.380113244056701660e-01 5.395469069480895996e-01 -8.140172809362411499e-02 -1.385187357664108276e-02
-4.459450542926788330e-01 5.912493467330932617e-01 -6.719800233840942383e-01 2.173216044902801514e-01
-3.144360482692718506e-01 5.994274020195007324e-01 7.360819578170776367e-01 -1.794065982103347778e-01
0.000000000000000000e+00 0.000000000000000000e+00 0.000000000000000000e+00 1.000000000000000000e+00
8.348119854927062988e-01 5.472950935363769531e-01 -5.963911488652229309e-02 -2.128480747342109680e-02
-4.661100208759307861e-01 6.449859738349914551e-01 -6.055856943130493164e-01 1.981693208217620850e-01
-2.929678559303283691e-01 5.333485603332519531e-01 7.935420274734497070e-01 -1.972389817237854004e-01
0.000000000000000000e+00 0.000000000000000000e+00 0.000000000000000000e+00 1.000000000000000000e+00
8.600015044212341309e-01 5.068554282188415527e-01 -5.911807343363761902e-02 -2.174156717956066132e-02
-4.556491374969482422e-01 7.105833292007446289e-01 -5.361483693122863770e-01 1.770503968000411987e-01
-2.297413945198059082e-01 4.880254864692687988e-01 8.420509696006774902e-01 -2.133575826883316040e-01
0.000000000000000000e+00 0.000000000000000000e+00 0.000000000000000000e+00 1.000000000000000000e+00
8.746958971023559570e-01 4.838751554489135742e-01 -2.777912095189094543e-02 -2.941394969820976257e-02
-4.554508924484252930e-01 8.010085821151733398e-01 -3.885220289230346680e-01 1.347188651561737061e-01
-1.657450497150421143e-01 3.524905741214752197e-01 9.210204482078552246e-01 -2.375312894582748413e-01
0.000000000000000000e+00 0.000000000000000000e+00 0.000000000000000000e+00 1.000000000000000000e+00
8.795422911643981934e-01 4.751794040203094482e-01 -2.469755522906780243e-02 -2.855981327593326569e-02
-4.651429653167724609e-01 8.477111458778381348e-01 -2.550052702426910400e-01 9.761153161525726318e-02
-1.002369448542594910e-01 2.357758134603500366e-01 9.666243195533752441e-01 -2.529206275939941406e-01
0.000000000000000000e+00 0.000000000000000000e+00 0.000000000000000000e+00 1.000000000000000000e+00
8.798927664756774902e-01 4.748769700527191162e-01 -1.673934236168861389e-02 -2.679381333291530609e-02
-4.751167595386505127e-01 8.787075877189636230e-01 -4.622681066393852234e-02 3.876426070928573608e-02
-7.243078667670488358e-03 4.862778633832931519e-02 9.987906813621520996e-01 -2.658993303775787354e-01
0.000000000000000000e+00 0.000000000000000000e+00 0.000000000000000000e+00 1.000000000000000000e+00
8.871195912361145020e-01 4.612244963645935059e-01 -1.705409027636051178e-02 -2.501945942640304565e-02
-4.600201845169067383e-01 8.865909576416015625e-01 4.835223779082298279e-02 1.070331130176782608e-02
3.742123767733573914e-02 -3.504898771643638611e-02 9.986847043037414551e-01 -2.685231268405914307e-01
0.000000000000000000e+00 0.000000000000000000e+00 0.000000000000000000e+00 1.000000000000000000e+00
8.937737941741943359e-01 4.484642446041107178e-01 -6.926720496267080307e-03 -2.732898667454719543e-02
-4.424435496330261230e-01 8.840975165367126465e-01 1.503831297159194946e-01 -2.074415609240531921e-02
7.356542348861694336e-02 -1.313437968492507935e-01 9.886034727096557617e-01 -2.675914466381072998e-01
0.000000000000000000e+00 0.000000000000000000e+00 0.000000000000000000e+00 1.000000000000000000e+00
8.967907428741455078e-01 4.423263370990753174e-01 -1.066666934639215469e-02 -2.602448686957359314e-02
-4.251258969306945801e-01 8.680977225303649902e-01 2.562698423862457275e-01 -5.414283275604248047e-02
1.226146370172500610e-01 -2.252857387065887451e-01 9.665464162826538086e-01 -2.630102038383483887e-01
0.000000000000000000e+00 0.000000000000000000e+00 0.000000000000000000e+00 1.000000000000000000e+00
8.997177481651306152e-01 4.362148344516754150e-01 -1.498283352702856064e-02 -2.437106706202030182e-02
-4.003280103206634521e-01 8.384038805961608887e-01 3.698867857456207275e-01 -9.157581627368927002e-02
1.739118844270706177e-01 -3.267956376075744629e-01 9.289559721946716309e-01 -2.534542977809906006e-01
0.000000000000000000e+00 0.000000000000000000e+00 0.000000000000000000e+00 1.000000000000000000e+00
9.047271609306335449e-01 4.258963167667388916e-01 -8.998852223157882690e-03 -2.746770903468132019e-02
-3.751049041748046875e-01 8.064882159233093262e-01 4.570259749889373779e-01 -1.204999834299087524e-01
2.019032835960388184e-01 -4.101082980632781982e-01 8.894076943397521973e-01 -2.436703145503997803e-01
0.000000000000000000e+00 0.000000000000000000e+00 0.000000000000000000e+00 1.000000000000000000e+00
9.138961434364318848e-01 4.057821333408355713e-01 -1.159984152764081955e-02 -2.962514385581016541e-02
-3.338434100151062012e-01 7.675203680992126465e-01 5.472301840782165527e-01 -1.504553407430648804e-01
2.309594750404357910e-01 -4.962390065193176270e-01 8.369016647338867188e-01 -2.310763299465179443e-01
0.000000000000000000e+00 0.000000000000000000e+00 0.000000000000000000e+00 1.000000000000000000e+00
9.089525341987609863e-01 4.166842699050903320e-01 1.339219976216554642e-02 -3.788085654377937317e-02
-3.318753242492675781e-01 7.037621140480041504e-01 6.281539201736450195e-01 -1.748030483722686768e-01
2.523171007633209229e-01 -5.754066109657287598e-01 7.779737114906311035e-01 -2.167461663484573364e-01
0.000000000000000000e+00 0.000000000000000000e+00 0.000000000000000000e+00 1.000000000000000000e+00
9.151977300643920898e-01 4.019325673580169678e-01 2.938236668705940247e-02 -4.489111527800559998e-02
-2.967545390129089355e-01 6.227869391441345215e-01 7.239288091659545898e-01 -2.052620053291320801e-01
2.726717293262481689e-01 -6.712573170661926270e-01 6.892485022544860840e-01 -1.923621892929077148e-01
0.000000000000000000e+00 0.000000000000000000e+00 0.000000000000000000e+00 1.000000000000000000e+00
9.233781099319458008e-01 3.806709349155426025e-01 4.962252452969551086e-02 -5.245272442698478699e-02
-2.682549357414245605e-01 5.473569631576538086e-01 7.927418351173400879e-01 -2.279030233621597290e-01
2.746125757694244385e-01 -7.453119158744812012e-01 6.075343489646911621e-01 -1.678556054830551147e-01
0.000000000000000000e+00 0.000000000000000000e+00 0.000000000000000000e+00 1.000000000000000000e+00
