-0.4558643996715546 0.7907993197441101 0.4084409773349762 -0.08641472458839417 
0.8142824172973633 0.1852764338254929 0.5501061081886292 -0.2336648851633072 
0.3593490421772003 0.5833600759506226 -0.7283949851989746 0.2243687510490417 
0 0 0 1 

-0.5824193954467773 0.6896920204162598 0.4302472770214081 -0.08769860118627548 
0.7267113327980042 0.2045964449644089 0.655767560005188 -0.2606747448444366 
0.3642505705356598 0.6945972442626953 -0.6203679442405701 0.193418949842453 
0 0 0 1 

0.02935481444001198 0.967889666557312 0.2496553659439087 -0.07424814999103546 
0.7643780112266541 -0.1826780140399933 0.6183485984802246 -0.2725799977779388 
0.6440997719764709 0.172679603099823 -0.7451960444450378 0.2128891348838806 
0 0 0 1 

0.1278569847345352 0.9633593559265137 0.2357773184776306 -0.07610026001930237 
0.8036813139915466 -0.23993781208992 0.544541597366333 -0.2532346844673157 
0.5811613202095032 0.1198665648698807 -0.8049115538597107 0.2366454750299454 
0 0 0 1 

0.2355390042066574 0.9472969174385071 0.2171406298875809 -0.07794087380170822 
0.8216518759727478 -0.3134261965751648 0.4760803878307343 -0.2340328097343445 
0.5190469622612 0.06627845764160156 -0.8521724343299866 0.2565986812114716 
0 0 0 1 

0.3725000321865082 0.9214545488357544 0.1102950721979141 -0.05237500742077827 
0.836152195930481 -0.38480144739151 0.3908666670322418 -0.209585890173912 
0.402607649564743 -0.05337429419159889 -0.9138148427009583 0.2850868701934814 
0 0 0 1 

0.4580562710762024 0.8886751532554626 0.02099604904651642 -0.02865125425159931 
0.8476353883743286 -0.44377401471138 0.2908244132995605 -0.1796377450227737 
0.2677659690380096 -0.1154169663786888 -0.9565461874008179 0.3090666234493256 
0 0 0 1 

-0.6472856402397156 0.71724534034729 0.2580312490463257 -0.0350797101855278 
0.7198340892791748 0.4638368189334869 0.5164244174957275 -0.1981665939092636 
0.2507186532020569 0.5200139284133911 -0.8165326118469238 0.2757673561573029 
0 0 0 1 

-0.6745146512985229 0.7001491189002991 0.2341400980949402 -0.02614223584532738 
0.6639275550842285 0.4365908801555634 0.6071150898933411 -0.2255050539970398 
0.3228476047515869 0.5649600028991699 -0.7593351602554321 0.2548313736915588 
0 0 0 1 

-0.687445342540741 0.7007980942726135 0.1905287951231003 -0.01228310912847519 
0.5994271039962769 0.3994201719760895 0.6936502456665039 -0.25218665599823 
0.410007655620575 0.5910546779632568 -0.694657027721405 0.230056568980217 
0 0 0 1 

