-0.4558644592761993 0.7907995581626892 0.4084407389163971 -0.08641467988491058 
0.8142823576927185 0.1852764040231705 0.5501062870025635 -0.2336649298667908 
0.3593494296073914 0.583359956741333 -0.7283950448036194 0.2243687659502029 
0 0 0 1 

-0.5824189782142639 0.6896916627883911 0.4302474558353424 -0.0876985490322113 
0.7267113327980042 0.2045966386795044 0.6557671427726746 -0.2606746852397919 
0.3642500340938568 0.6945972442626953 -0.6203675270080566 0.1934189051389694 
0 0 0 1 

0.02935491688549519 0.9678896069526672 0.2496553361415863 -0.07424817979335785 
0.7643779516220093 -0.1826779693365097 0.6183484792709351 -0.2725799977779388 
0.6440997719764709 0.1726795434951782 -0.7451958656311035 0.212889164686203 
0 0 0 1 

0.1278567910194397 0.9633595943450928 0.2357771843671799 -0.07610029727220535 
0.8036813139915466 -0.2399379163980484 0.5445418953895569 -0.2532347440719604 
0.5811616182327271 0.1198663860559464 -0.8049118518829346 0.2366455793380737 
0 0 0 1 

0.2355390638113022 0.9472967386245728 0.2171407341957092 -0.07794086635112762 
0.821651816368103 -0.3134260475635529 0.4760801792144775 -0.2340328097343445 
0.5190467834472656 0.06627862900495529 -0.8521721363067627 0.2565986514091492 
0 0 0 1 

0.3724998235702515 0.9214547276496887 0.1102950796484947 -0.05237503349781036 
0.8361524343490601 -0.3848016262054443 0.3908668458461761 -0.2095858454704285 
0.4026078581809998 -0.05337433516979218 -0.9138152599334717 0.2850869596004486 
0 0 0 1 

0.4580562710762024 0.8886751532554626 0.02099583670496941 -0.02865126915276051 
0.8476353287696838 -0.4437737464904785 0.2908247709274292 -0.1796377450227737 
0.267766147851944 -0.1154172644019127 -0.956545889377594 0.3090666830539703 
0 0 0 1 

-0.6472858786582947 0.7172453999519348 0.2580311298370361 -0.03507968783378601 
0.7198340892791748 0.4638368487358093 0.5164244771003723 -0.1981666535139084 
0.250718742609024 0.5200138688087463 -0.8165326714515686 0.2757673859596252 
0 0 0 1 

-0.6745141744613647 0.7001487612724304 0.2341402024030685 -0.02614216506481171 
0.6639273762702942 0.4365911483764648 0.6071147918701172 -0.2255050390958786 
0.3228472471237183 0.5649598836898804 -0.7593347430229187 0.2548313140869141 
0 0 0 1 

-0.6812687516212463 0.7105605006217957 0.1760026663541794 -0.007468532770872116 
0.5996467471122742 0.4037882685661316 0.6909264326095581 -0.2515838146209717 
0.4198771417140961 0.576245903968811 -0.7011730670928955 0.2319878488779068 
0 0 0 1 

