-0.4660183191299438 -0.4575914442539215 0.7572563886642456 -0.2032460868358612 
-0.8846237659454346 0.2251413911581039 -0.4083531200885773 0.168493315577507 
0.01636910438537598 -0.8601869344711304 -0.509716272354126 0.1504523903131485 
0 0 0 1 

-0.4919441044330597 -0.5272678136825562 0.6928055882453918 -0.184745118021965 
-0.8706128597259521 0.2934267818927765 -0.3948847055435181 0.1646020859479904 
0.004922245163470507 -0.797426700592041 -0.6033957600593567 0.181665301322937 
0 0 0 1 

-0.4654800295829773 -0.5899304151535034 0.6597802042961121 -0.1790418475866318 
-0.8835288882255554 0.353529691696167 -0.3072346746921539 0.1382387280464172 
-0.05200466141104698 -0.7259466648101807 -0.6857815384864807 0.2115087807178497 
0 0 0 1 

-0.4996621310710907 -0.641545832157135 0.5820278525352478 -0.155849352478981 
-0.8660099506378174 0.3847773671150208 -0.3193322420120239 0.1407599896192551 
-0.01908478885889053 -0.6636002063751221 -0.7478436827659607 0.2298004478216171 
0 0 0 1 

-0.6041203141212463 -0.6573774218559265 0.4504370987415314 -0.1107277572154999 
-0.7955628633499146 0.4648758471012115 -0.388548880815506 0.1566736251115799 
0.04602589830756187 -0.5930812954902649 -0.8038259148597717 0.2441593855619431 
0 0 0 1 

-0.614812433719635 -0.7194565534591675 0.3230908513069153 -0.08298636227846146 
-0.3897598385810852 0.633313775062561 0.6685812473297119 -0.1807392686605453 
-0.6856330633163452 0.2851243317127228 -0.6697843670845032 0.250473827123642 
0 0 0 1 

-0.5629068613052368 -0.7425153255462646 0.3630519509315491 -0.09776385128498077 
-0.4420128166675568 0.641602635383606 0.6268737316131592 -0.164231151342392 
-0.6983984708786011 0.1923979371786118 -0.6893637776374817 0.2565273642539978 
0 0 0 1 

-0.502115786075592 -0.7644166946411133 0.4044094383716583 -0.1132456883788109 
-0.4995955228805542 0.6381067037582397 0.5858533978462219 -0.1485670655965805 
-0.7058924436569214 0.09212507307529449 -0.7023025751113892 0.259454071521759 
0 0 0 1 

-0.3963319957256317 -0.7741914391517639 0.4935058653354645 -0.1442924588918686 
-0.5814002752304077 0.6276514530181885 0.5177134275436401 -0.1239490732550621 
-0.710559070110321 -0.08173798769712448 -0.6988734006881714 0.2565990388393402 
0 0 0 1 

-0.3343406617641449 -0.7778942584991455 0.5320683717727661 -0.1583452373743057 
-0.6352206468582153 0.6030531525611877 0.4825158715248108 -0.1106931418180466 
-0.6962118148803711 -0.1766561418771744 -0.6957597136497498 0.2542842328548431 
0 0 0 1 

