0.7941181063652039 0.6077238917350769 -0.006918942555785179 -0.02562966197729111 
-0.5999510884284973 0.7820402383804321 -0.1687351912260056 0.0821969136595726 
-0.09713355451822281 0.1381466835737228 0.9856371283531189 -0.2896322906017303 
0 0 0 1 

0.7242130041122437 0.6887010335922241 -0.03472942486405373 -0.0118346493691206 
-0.6840082406997681 0.7110666632652283 -0.1628393083810806 0.08333136886358261 
-0.0874527245759964 0.1416855603456497 0.9860411882400513 -0.2905438542366028 
0 0 0 1 

0.648373007774353 0.7603093981742859 -0.03926561027765274 -0.005325209815055132 
-0.7571958899497986 0.6386374235153198 -0.1370997130870819 0.07794076949357986 
-0.07916174829006195 0.1186235025525093 0.9897786974906921 -0.2935528159141541 
0 0 0 1 

0.5524548888206482 0.832189679145813 -0.04747363179922104 0.003135084174573421 
-0.8319311141967773 0.5469517707824707 -0.09345701336860657 0.0659918487071991 
-0.0518081933259964 0.09112557768821716 0.9944908618927002 -0.2984679043292999 
0 0 0 1 

0.4605695903301239 0.8821754455566406 -0.09819450974464417 0.02527214400470257 
-0.8876193761825562 0.4573993384838104 -0.05401584506034851 0.05427979677915573 
-0.002737350296229124 0.112037405371666 0.9937002062797546 -0.3021584749221802 
0 0 0 1 

0.4023205935955048 0.8930928111076355 -0.2013039141893387 0.05912588536739349 
-0.9152715802192688 0.3972753286361694 -0.06670959293842316 0.05705967172980309 
0.02039519883692265 0.2110864073038101 0.9772546291351318 -0.2856541574001312 
0 0 0 1 

0.4572861194610596 0.8583536744117737 -0.2326328009366989 0.06520848721265793 
-0.8884337544441223 0.4292525351047516 -0.1625649631023407 0.08607997000217438 
-0.03968008235096931 0.2810175716876984 0.9588819742202759 -0.2748691737651825 
0 0 0 1 

0.5329293608665466 0.8188561797142029 -0.2132152318954468 0.05380099266767502 
-0.84185391664505 0.4877209961414337 -0.2311061918735504 0.1049142107367516 
-0.08525321632623672 0.3026593625545502 0.9492782354354858 -0.2680648267269135 
0 0 0 1 

0.59661465883255 0.7743894457817078 -0.2106461226940155 0.04836830496788025 
-0.7938249707221985 0.5309027433395386 -0.296621173620224 0.1208726614713669 
-0.1178677603602409 0.3441846668720245 0.9314741492271423 -0.2594470083713531 
0 0 0 1 

0.6754051446914673 0.7192836403846741 -0.162661612033844 0.02825534529983997 
-0.7195993065834045 0.5945931673049927 -0.358658105134964 0.1317250728607178 
-0.1612595021724701 0.3592906892299652 0.9191874265670776 -0.2514629364013672 
0 0 0 1 

