1.000000000000000000e+00 0.000000000000000000e+00 0.000000000000000000e+00 -4.542167112231254578e-02
0.000000000000000000e+00 1.000000000000000000e+00 0.000000000000000000e+00 9.935460984706878662e-04
0.000000000000000000e+00 0.000000000000000000e+00 1.000000000000000000e+00 -2.875000238418579102e-01
0.000000000000000000e+00 0.000000000000000000e+00 0.000000000000000000e+00 1.000000000000000000e+00
9.966133236885070801e-01 8.135313540697097778e-02 1.197308488190174103e-02 -4.767097160220146179e-02
-8.111549913883209229e-02 9.965206980705261230e-01 -1.915091462433338165e-02 1.019539870321750641e-02
-1.348942611366510391e-02 1.811484806239604950e-02 9.997448921203613281e-01 -2.933932244777679443e-01
0.000000000000000000e+00 0.000000000000000000e+00 0.000000000000000000e+00 1.000000000000000000e+00
9.863104820251464844e-01 1.620647311210632324e-01 3.043316863477230072e-02 -5.145412310957908630e-02
-1.604468524456024170e-01 9.857933521270751953e-01 -4.967975243926048279e-02 2.442349120974540710e-02
-3.805222362279891968e-02 4.411670193076133728e-02 9.983013868331909180e-01 -2.926577627658843994e-01
0.000000000000000000e+00 0.000000000000000000e+00 0.000000000000000000e+00 1.000000000000000000e+00
9.662765264511108398e-01 2.552811801433563232e-01 3.378123417496681213e-02 -5.034992471337318420e-02
-2.521165609359741211e-01 9.645753502845764160e-01 -7.766339182853698730e-02 3.817800432443618774e-02
-5.241058021783828735e-02 6.652749329805374146e-02 9.964071512222290039e-01 -2.919770181179046631e-01
0.000000000000000000e+00 0.000000000000000000e+00 0.000000000000000000e+00 1.000000000000000000e+00
9.380565881729125977e-01 3.430633544921875000e-01 4.854842275381088257e-02 -5.186222121119499207e-02
-3.354412317276000977e-01 9.342961907386779785e-01 -1.207036897540092468e-01 5.587118491530418396e-02
-8.676768839359283447e-02 9.694171696901321411e-02 9.915007948875427246e-01 -2.893337905406951904e-01
0.000000000000000000e+00 0.000000000000000000e+00 0.000000000000000000e+00 1.000000000000000000e+00
8.940898776054382324e-01 4.471052289009094238e-01 2.646444179117679596e-02 -4.191413149237632751e-02
-4.396398365497589111e-01 8.873788714408874512e-01 -1.388360857963562012e-01 6.553214788436889648e-02
-8.555834740400314331e-02 1.124971359968185425e-01 9.899617433547973633e-01 -2.900680899620056152e-01
0.000000000000000000e+00 0.000000000000000000e+00 0.000000000000000000e+00 1.000000000000000000e+00
8.477038145065307617e-01 5.303077697753906250e-01 1.311189308762550354e-02 -3.499387204647064209e-02
-5.213589072227478027e-01 8.374513983726501465e-01 -1.638894081115722656e-01 7.707143574953079224e-02
-9.789244830608367920e-02 1.320936530828475952e-01 9.863914847373962402e-01 -2.889530658721923828e-01
0.000000000000000000e+00 0.000000000000000000e+00 0.000000000000000000e+00 1.000000000000000000e+00
7.941181063652038574e-01 6.077238917350769043e-01 -6.918942555785179138e-03 -2.562966197729110718e-02
-5.999510884284973145e-01 7.820402383804321289e-01 -1.687351912260055542e-01 8.219691365957260132e-02
-9.713355451822280884e-02 1.381466835737228394e-01 9.856371283531188965e-01 -2.896322906017303467e-01
0.000000000000000000e+00 0.000000000000000000e+00 0.000000000000000000e+00 1.000000000000000000e+00
7.242130041122436523e-01 6.887010335922241211e-01 -3.472942486405372620e-02 -1.183464936912059784e-02
-6.840082406997680664e-01 7.110666632652282715e-01 -1.628393083810806274e-01 8.333136886358261108e-02
-8.745272457599639893e-02 1.416855603456497192e-01 9.860411882400512695e-01 -2.905438542366027832e-01
0.000000000000000000e+00 0.000000000000000000e+00 0.000000000000000000e+00 1.000000000000000000e+00
6.483730077743530273e-01 7.603093981742858887e-01 -3.926561027765274048e-02 -5.325209815055131912e-03
-7.571958899497985840e-01 6.386374235153198242e-01 -1.370997130870819092e-01 7.794076949357986450e-02
-7.916174829006195068e-02 1.186235025525093079e-01 9.897786974906921387e-01 -2.935528159141540527e-01
0.000000000000000000e+00 0.000000000000000000e+00 0.000000000000000000e+00 1.000000000000000000e+00
5.524548888206481934e-01 8.321896791458129883e-01 -4.747363179922103882e-02 3.135084174573421478e-03
-8.319311141967773438e-01 5.469517707824707031e-01 -9.345701336860656738e-02 6.599184870719909668e-02
-5.180819332599639893e-02 9.112557768821716309e-02 9.944908618927001953e-01 -2.984679043292999268e-01
0.000000000000000000e+00 0.000000000000000000e+00 0.000000000000000000e+00 1.000000000000000000e+00
4.605695903301239014e-01 8.821754455566406250e-01 -9.819450974464416504e-02 2.527214400470256805e-02
-8.876193761825561523e-01 4.573993384838104248e-01 -5.401584506034851074e-02 5.427979677915573120e-02
-2.737350296229124069e-03 1.120374053716659546e-01 9.937002062797546387e-01 -3.021584749221801758e-01
0.000000000000000000e+00 0.000000000000000000e+00 0.000000000000000000e+00 1.000000000000000000e+00
3.514735698699951172e-01 9.295908212661743164e-01 -1.110277250409126282e-01 3.374598547816276550e-02
-9.359108209609985352e-01 3.518222570419311523e-01 -1.708721369504928589e-02 4.055575281381607056e-02
2.317790500819683075e-02 1.099177524447441101e-01 9.936704039573669434e-01 -3.035037517547607422e-01
0.000000000000000000e+00 0.000000000000000000e+00 0.000000000000000000e+00 1.000000000000000000e+00
2.744539678096771240e-01 9.526894092559814453e-01 -1.306047439575195312e-01 4.234883189201354980e-02
-9.581907987594604492e-01 2.823735475540161133e-01 4.620810225605964661e-02 1.663162745535373688e-02
8.090128004550933838e-02 1.124623045325279236e-01 9.903571605682373047e-01 -3.031425178050994873e-01
0.000000000000000000e+00 0.000000000000000000e+00 0.000000000000000000e+00 1.000000000000000000e+00
1.910881996154785156e-01 9.677706360816955566e-01 -1.640285849571228027e-01 5.450436100363731384e-02
-9.722281098365783691e-01 2.096113860607147217e-01 1.040942221879959106e-01 -4.528057295829057693e-03
1.351215839385986328e-01 1.395820230245590210e-01 9.809480309486389160e-01 -3.011225461959838867e-01
0.000000000000000000e+00 0.000000000000000000e+00 0.000000000000000000e+00 1.000000000000000000e+00
1.139640808105468750e-01 9.805246591567993164e-01 -1.599493324756622314e-01 5.516410991549491882e-02
-9.710573554039001465e-01 1.439540982246398926e-01 1.905909329652786255e-01 -3.394383937120437622e-02
2.099044770002365112e-01 1.335994452238082886e-01 9.685512185096740723e-01 -2.986735999584197998e-01
0.000000000000000000e+00 0.000000000000000000e+00 0.000000000000000000e+00 1.000000000000000000e+00
1.866979002952575684e-01 9.712977409362792969e-01 -1.473928391933441162e-01 5.025600269436836243e-02
-9.543083310127258301e-01 2.149354666471481323e-01 2.076014876365661621e-01 -3.895656019449234009e-02
2.333227992057800293e-01 1.018994376063346863e-01 9.670454263687133789e-01 -2.961985766887664795e-01
0.000000000000000000e+00 0.000000000000000000e+00 0.000000000000000000e+00 1.000000000000000000e+00
2.720031738281250000e-01 9.501236081123352051e-01 -1.525754481554031372e-01 4.929114878177642822e-02
-9.379056096076965332e-01 2.972268462181091309e-01 1.788554042577743530e-01 -2.765021100640296936e-02
2.152842730283737183e-01 9.445215761661529541e-02 9.719730019569396973e-01 -2.952103614807128906e-01
0.000000000000000000e+00 0.000000000000000000e+00 0.000000000000000000e+00 1.000000000000000000e+00
3.238724470138549805e-01 9.338915944099426270e-01 -1.515029221773147583e-01 4.739408567547798157e-02
-9.344475865364074707e-01 3.408112227916717529e-01 1.032252758741378784e-01 -1.467036199755966663e-03
1.480351239442825317e-01 1.081397086381912231e-01 9.830521345138549805e-01 -2.950336337089538574e-01
0.000000000000000000e+00 0.000000000000000000e+00 0.000000000000000000e+00 1.000000000000000000e+00
3.645915985107421875e-01 9.118220210075378418e-01 -1.888215839862823486e-01 5.725162476301193237e-02
-9.277954101562500000e-01 3.729657530784606934e-01 9.596420451998710632e-03 3.119947388768196106e-02
7.917419821023941040e-02 1.716890484094619751e-01 9.819645285606384277e-01 -2.906484305858612061e-01
0.000000000000000000e+00 0.000000000000000000e+00 0.000000000000000000e+00 1.000000000000000000e+00
4.023205935955047607e-01 8.930928111076354980e-01 -2.013039141893386841e-01 5.912588536739349365e-02
-9.152715802192687988e-01 3.972753286361694336e-01 -6.670959293842315674e-02 5.705967172980308533e-02
2.039519883692264557e-02 2.110864073038101196e-01 9.772546291351318359e-01 -2.856541574001312256e-01
0.000000000000000000e+00 0.000000000000000000e+00 0.000000000000000000e+00 1.000000000000000000e+00
4.572861194610595703e-01 8.583536744117736816e-01 -2.326328009366989136e-01 6.520848721265792847e-02
-8.884337544441223145e-01 4.292525351047515869e-01 -1.625649631023406982e-01 8.607997000217437744e-02
-3.968008235096931458e-02 2.810175716876983643e-01 9.588819742202758789e-01 -2.748691737651824951e-01
0.000000000000000000e+00 0.000000000000000000e+00 0.000000000000000000e+00 1.000000000000000000e+00
5.329293608665466309e-01 8.188561797142028809e-01 -2.132152318954467773e-01 5.380099266767501831e-02
-8.418539166450500488e-01 4.877209961414337158e-01 -2.311061918735504150e-01 1.049142107367515564e-01
-8.525321632623672485e-02 3.026593625545501709e-01 9.492782354354858398e-01 -2.680648267269134521e-01
0.000000000000000000e+00 0.000000000000000000e+00 0.000000000000000000e+00 1.000000000000000000e+00
5.966146588325500488e-01 7.743894457817077637e-01 -2.106461226940155029e-01 4.836830496788024902e-02
-7.938249707221984863e-01 5.309027433395385742e-01 -2.966211736202239990e-01 1.208726614713668823e-01
-1.178677603602409363e-01 3.441846668720245361e-01 9.314741492271423340e-01 -2.594470083713531494e-01
0.000000000000000000e+00 0.000000000000000000e+00 0.000000000000000000e+00 1.000000000000000000e+00
6.754051446914672852e-01 7.192836403846740723e-01 -1.626616120338439941e-01 2.825534529983997345e-02
-7.195993065834045410e-01 5.945931673049926758e-01 -3.586581051349639893e-01 1.317250728607177734e-01
-1.612595021724700928e-01 3.592906892299652100e-01 9.191874265670776367e-01 -2.514629364013671875e-01
0.000000000000000000e+00 0.000000000000000000e+00 0.000000000000000000e+00 1.000000000000000000e+00
