0.9830817580223083 -0.001257544383406639 -0.1831629425287247 0.0003364472067914903 
0.1817580014467239 -0.1171078160405159 0.9763450026512146 -0.3314974308013916 
-0.02267763018608093 -0.9931183457374573 -0.1148979812860489 0.05730912834405899 
0 0 0 1 

0.9516022205352783 -0.2699023485183716 -0.1469897776842117 -0.006938975304365158 
0.1306347399950027 -0.07769383490085602 0.9883816838264465 -0.332491010427475 
-0.2781866788864136 -0.9597482085227966 -0.03867499530315399 0.04437102749943733 
0 0 0 1 

-0.2336196899414062 0.960802435874939 0.1492655575275421 -0.01734537072479725 
0.9020456671714783 0.156860277056694 0.4021296203136444 -0.1939891576766968 
0.3629533350467682 0.2285898476839066 -0.9033333659172058 0.2724363207817078 
0 0 0 1 

-0.3655790090560913 0.8945903778076172 0.257021963596344 -0.04436296224594116 
0.8223873376846313 0.1811199933290482 0.5393280982971191 -0.2307823002338409 
0.4359258413314819 0.4085385501384735 -0.8019133806228638 0.2403372377157211 
0 0 0 1 

-0.4622462093830109 0.8492354154586792 0.2552012205123901 -0.03903228417038918 
0.7340359687805176 0.2049832046031952 0.6474357843399048 -0.2584280371665955 
0.4975134134292603 0.4866016209125519 -0.7181219458580017 0.2129433453083038 
0 0 0 1 

-0.5477660894393921 0.7978584170341492 0.2517423927783966 -0.03425276279449463 
0.653958261013031 0.2206477522850037 0.7236387729644775 -0.2773928642272949 
0.5218149423599243 0.5610138177871704 -0.6426293849945068 0.1901911348104477 
0 0 0 1 

-0.6464232206344604 0.7259267568588257 0.2348767966032028 -0.02479842305183411 
0.5759976506233215 0.2624240219593048 0.7741835713386536 -0.2891986072063446 
0.5003633499145508 0.6357387900352478 -0.5877689719200134 0.1756514310836792 
0 0 0 1 

-0.7044033408164978 0.6935349702835083 0.151079386472702 0.005533760413527489 
0.4792684316635132 0.3077251613140106 0.8219531178474426 -0.2994164824485779 
0.5235623717308044 0.6513941884040833 -0.5491520762443542 0.162333220243454 
0 0 0 1 

-0.7278147339820862 0.685335099697113 0.02452201209962368 0.0465296246111393 
0.3426305055618286 0.3324275314807892 0.8786900043487549 -0.3110871315002441 
0.5940453410148621 0.6479256153106689 -0.4767622649669647 0.1346375644207001 
0 0 0 1 

-0.8002805709838867 0.5987067818641663 -0.03318306431174278 0.06670766323804855 
0.2121814340353012 0.3345096707344055 0.9181951284408569 -0.3191297650337219 
0.5608296990394592 0.7277729511260986 -0.3947360813617706 0.1119179204106331 
0 0 0 1 

