0.2026046216487885 0.1428699642419815 -0.968782365322113 0.3926032185554504 
-0.08863679319620132 0.9879145622253418 0.1271545588970184 -0.01964307017624378 
0.9752408266067505 0.06010770052671432 0.2128196060657501 -0.0797269269824028 
0 0 0 1 

0.1825444847345352 0.1557249873876572 -0.9707868695259094 0.3915939629077911 
-0.07458975166082382 0.9867251515388489 0.1442559957504272 -0.02188897132873535 
0.9803640842437744 0.04607763513922691 0.191736713051796 -0.06435146182775497 
0 0 0 1 

0.1745401173830032 0.1516607999801636 -0.9729000926017761 0.3893644213676453 
-0.07720789313316345 0.987132728099823 0.1400282084941864 -0.01637724414467812 
0.9816182851791382 0.05067504569888115 0.1840036809444427 -0.05283283069729805 
0 0 0 1 

0.1938914209604263 0.1455689072608948 -0.9701628088951111 0.3850202560424805 
-0.0854119211435318 0.9876793026924133 0.1311272382736206 -0.01118586678057909 
0.9772977828979492 0.05743902176618576 0.2039358466863632 -0.05068238452076912 
0 0 0 1 

0.2049284130334854 0.1530771106481552 -0.9667324423789978 0.382249116897583 
-0.1053588166832924 0.985405445098877 0.1336998641490936 -0.01075386628508568 
0.9730897545814514 0.0744548961520195 0.2180655896663666 -0.04627986624836922 
0 0 0 1 

0.4168613255023956 0.3044214844703674 -0.8564776182174683 0.4003789722919464 
-0.2593091130256653 0.9429231286048889 0.2089372724294662 -0.02381406165659428 
0.8711975812911987 0.1349946707487106 0.4720074534416199 -0.05986626818776131 
0 0 0 1 

0.4216362237930298 0.3020452857017517 -0.8549802899360657 0.3940041661262512 
-0.2272035926580429 0.9480036497116089 0.222862184047699 -0.03037828393280506 
0.8778389096260071 0.100287914276123 0.4683384895324707 -0.06191308796405792 
0 0 0 1 

0.3998442888259888 0.3088440895080566 -0.8629830479621887 0.3714938461780548 
-0.1253092885017395 0.9511008262634277 0.2823203206062317 -0.05879290774464607 
0.9079768657684326 -0.004744331818073988 0.4189932942390442 -0.05205823481082916 
0 0 0 1 

0.406626433134079 0.3423572778701782 -0.8470219969749451 0.3480498194694519 
-0.08441610634326935 0.937244713306427 0.3382990062236786 -0.08780039101839066 
0.9096860289573669 -0.06605895608663559 0.41000896692276 -0.05261306092143059 
0 0 0 1 

0.449858546257019 0.3788225650787354 -0.8087773323059082 0.3297026753425598 
-0.0604124628007412 0.91641765832901 0.3956374824047089 -0.1090148538351059 
0.8910542130470276 -0.1291206777095795 0.435143917798996 -0.06413796544075012 
0 0 0 1 

