1.000000000000000000e+00 0.000000000000000000e+00 0.000000000000000000e+00 -4.097584310382009209e-01
0.000000000000000000e+00 -1.000000000000000000e+00 0.000000000000000000e+00 -1.932597221741734483e-02
0.000000000000000000e+00 0.000000000000000000e+00 -1.000000000000000000e+00 -2.664692399556274349e+00
0.000000000000000000e+00 0.000000000000000000e+00 0.000000000000000000e+00 1.000000000000000000e+00
9.965771436691284180e-01 -8.016576617956161499e-02 -2.019244246184825897e-02 -4.522055645029712800e-01
-7.976261526346206665e-02 -9.966124892234802246e-01 2.003824524581432343e-02 6.690649293874562087e-02
-2.173039130866527557e-02 -1.835908554494380951e-02 -9.995954036712646484e-01 -2.716346487207654370e+00
0.000000000000000000e+00 0.000000000000000000e+00 0.000000000000000000e+00 1.000000000000000000e+00
9.856061339378356934e-01 -1.645442396402359009e-01 -3.880725800991058350e-02 -4.875377849660530449e-01
-1.625839471817016602e-01 -9.854673147201538086e-01 4.919750243425369263e-02 1.983158824558808042e-01
-4.633849486708641052e-02 -4.217987507581710815e-02 -9.980347752571105957e-01 -2.709200185999834698e+00
0.000000000000000000e+00 0.000000000000000000e+00 0.000000000000000000e+00 1.000000000000000000e+00
9.651686549186706543e-01 -2.584436535835266113e-01 -4.069474712014198303e-02 -4.708650597197678866e-01
-2.548461556434631348e-01 -9.638929963111877441e-01 7.722200453281402588e-02 3.262789762867978616e-01
-5.918298661708831787e-02 -6.416139006614685059e-02 -9.961833357810974121e-01 -2.704165931646777654e+00
0.000000000000000000e+00 0.000000000000000000e+00 0.000000000000000000e+00 1.000000000000000000e+00
9.362486004829406738e-01 -3.471398651599884033e-01 -5.414631590247154236e-02 -4.829870814500898946e-01
-3.390119969844818115e-01 -9.330738186836242676e-01 1.201840862631797791e-01 4.885466890016043617e-01
-9.224326163530349731e-02 -9.416590631008148193e-02 -9.912739992141723633e-01 -2.679626287167951482e+00
0.000000000000000000e+00 0.000000000000000000e+00 0.000000000000000000e+00 1.000000000000000000e+00
8.917389512062072754e-01 -4.511522948741912842e-01 -3.553820401430130005e-02 -4.001513289622178338e-01
-4.426328837871551514e-01 -8.858541250228881836e-01 1.390634626150131226e-01 5.826384591633813059e-01
-9.422047436237335205e-02 -1.082779318094253540e-01 -9.896456599235534668e-01 -2.685184276160457184e+00
0.000000000000000000e+00 0.000000000000000000e+00 0.000000000000000000e+00 1.000000000000000000e+00
8.454970717430114746e-01 -5.336207151412963867e-01 -1.958449371159076691e-02 -3.286036377125320374e-01
-5.239494442939758301e-01 -8.361322283744812012e-01 1.623558253049850464e-01 6.849784290308593704e-01
-1.030117198824882507e-01 -1.270101070404052734e-01 -9.865378737449645996e-01 -2.676514508701638206e+00
0.000000000000000000e+00 0.000000000000000000e+00 0.000000000000000000e+00 1.000000000000000000e+00
7.914869785308837891e-01 -6.111843585968017578e-01 -1.376937958411872387e-03 -2.475673262418753851e-01
-6.020921468734741211e-01 -7.800955772399902344e-01 1.701046526432037354e-01 7.414752684853609388e-01
-1.050394997000694275e-01 -1.338066011667251587e-01 -9.854251146316528320e-01 -2.682751862647949181e+00
0.000000000000000000e+00 0.000000000000000000e+00 0.000000000000000000e+00 1.000000000000000000e+00
7.211047410964965820e-01 -6.923277378082275391e-01 2.627480961382389069e-02 -1.195922807478544819e-01
-6.865505576133728027e-01 -7.089661955833435059e-01 1.612915247678756714e-01 7.414811322161767304e-01
-9.303866326808929443e-02 -1.343470066785812378e-01 -9.865567684173583984e-01 -2.694225459227652220e+00
0.000000000000000000e+00 0.000000000000000000e+00 0.000000000000000000e+00 1.000000000000000000e+00
6.442899107933044434e-01 -7.643252015113830566e-01 2.640005387365818024e-02 -7.109063826062171632e-02
-7.594572305679321289e-01 -6.353574991226196289e-01 1.398039460182189941e-01 7.073394560638964768e-01
-9.008225798606872559e-02 -1.101239845156669617e-01 -9.898272156715393066e-01 -2.718982820582413584e+00
0.000000000000000000e+00 0.000000000000000000e+00 0.000000000000000000e+00 1.000000000000000000e+00
5.490877628326416016e-01 -8.349738121032714844e-01 3.634967654943466187e-02 1.033696466967211347e-02
-8.335930109024047852e-01 -5.440093874931335449e-01 9.579376876354217529e-02 5.953051525014175782e-01
-6.021075323224067688e-02 -8.290000259876251221e-02 -9.947372674942016602e-01 -2.766173022426437811e+00
0.000000000000000000e+00 0.000000000000000000e+00 0.000000000000000000e+00 1.000000000000000000e+00
4.572002589702606201e-01 -8.852025270462036133e-01 8.593280613422393799e-02 2.131046818952563870e-01
-8.893206119537353516e-01 -4.540874063968658447e-01 5.397550761699676514e-02 4.795084033072828378e-01
-8.758248761296272278e-03 -1.010994166135787964e-01 -9.948377609252929688e-01 -2.803853770558828451e+00
0.000000000000000000e+00 0.000000000000000000e+00 0.000000000000000000e+00 1.000000000000000000e+00
3.534900844097137451e-01 -9.298285841941833496e-01 1.022916436195373535e-01 2.983453400996037841e-01
-9.352911710739135742e-01 -3.532551527023315430e-01 2.101310528814792633e-02 3.591567425080112175e-01
1.659645698964595795e-02 -1.031003594398498535e-01 -9.945325255393981934e-01 -2.814836469391650997e+00
0.000000000000000000e+00 0.000000000000000000e+00 0.000000000000000000e+00 1.000000000000000000e+00
2.704654037952423096e-01 -9.553527235984802246e-01 1.189518123865127563e-01 3.746239756027685552e-01
-9.597192406654357910e-01 -2.773172557353973389e-01 -4.510137811303138733e-02 1.318814162163262638e-01
7.607508450746536255e-02 -1.019619852304458618e-01 -9.918751120567321777e-01 -2.815463681633730619e+00
0.000000000000000000e+00 0.000000000000000000e+00 0.000000000000000000e+00 1.000000000000000000e+00
1.942494362592697144e-01 -9.684455394744873047e-01 1.561410278081893921e-01 4.972949144023385282e-01
-9.717602729797363281e-01 -2.117146700620651245e-01 -1.042020097374916077e-01 -6.987761811350247376e-02
1.339714229106903076e-01 -1.314905583858489990e-01 -9.822229743003845215e-01 -2.794605080405824005e+00
0.000000000000000000e+00 0.000000000000000000e+00 0.000000000000000000e+00 1.000000000000000000e+00
1.139770671725273132e-01 -9.815052747726440430e-01 1.538077294826507568e-01 5.070206363034706065e-01
-9.708966016769409180e-01 -1.428673565387725830e-01 -1.922210007905960083e-01 -3.484103075512146042e-01
2.106399983167648315e-01 -1.274226009845733643e-01 -9.692235589027404785e-01 -2.769929121431799146e+00
0.000000000000000000e+00 0.000000000000000000e+00 0.000000000000000000e+00 1.000000000000000000e+00
1.863343864679336548e-01 -9.726000428199768066e-01 1.390289068222045898e-01 4.547341970224136887e-01
-9.544660449028015137e-01 -2.127530276775360107e-01 -2.091198563575744629e-01 -3.918090210497778281e-01
2.329687029123306274e-01 -9.373211115598678589e-02 -9.679567217826843262e-01 -2.748716212892484911e+00
0.000000000000000000e+00 0.000000000000000000e+00 0.000000000000000000e+00 1.000000000000000000e+00
2.747897803783416748e-01 -9.509339928627014160e-01 1.421795487403869629e-01 4.396951416739293683e-01
-9.374257326126098633e-01 -2.978484928607940674e-01 -1.803303062915802002e-01 -2.894195888882422629e-01
2.138300836086273193e-01 -8.372986316680908203e-02 -9.732757806777954102e-01 -2.739727182537015526e+00
0.000000000000000000e+00 0.000000000000000000e+00 0.000000000000000000e+00 1.000000000000000000e+00
3.292029798030853271e-01 -9.336049556732177734e-01 1.414455771446228027e-01 4.226059190770551921e-01
-9.328296780586242676e-01 -3.447851240634918213e-01 -1.046536117792129517e-01 -4.396259030039217919e-02
1.464734971523284912e-01 -9.749238193035125732e-02 -9.843987822532653809e-01 -2.739987118274824329e+00
0.000000000000000000e+00 0.000000000000000000e+00 0.000000000000000000e+00 1.000000000000000000e+00
3.651005923748016357e-01 -9.131488204002380371e-01 1.812761276960372925e-01 5.233688212953714336e-01
-9.279634952545166016e-01 -3.725875020027160645e-01 -7.875023409724235535e-03 2.656928054539295925e-01
7.473230361938476562e-02 -1.653425842523574829e-01 -9.834008216857910156e-01 -2.696717475839276013e+00
0.000000000000000000e+00 0.000000000000000000e+00 0.000000000000000000e+00 1.000000000000000000e+00
4.017616510391235352e-01 -8.957308530807495117e-01 1.904042214155197144e-01 5.319917823852671201e-01
-9.156431555747985840e-01 -3.960242271423339844e-01 6.900680065155029297e-02 5.075860160051244296e-01
1.359316986054182053e-02 -2.020666152238845825e-01 -9.792775511741638184e-01 -2.652157260743715828e+00
0.000000000000000000e+00 0.000000000000000000e+00 0.000000000000000000e+00 1.000000000000000000e+00
4.578819572925567627e-01 -8.591604828834533691e-01 2.284458130598068237e-01 6.063520638595266687e-01
-8.881388306617736816e-01 -4.306797683238983154e-01 1.603875458240509033e-01 7.681707653373971434e-01
-3.941168636083602905e-02 -2.763301730155944824e-01 -9.602541327476501465e-01 -2.553660380052877432e+00
0.000000000000000000e+00 0.000000000000000000e+00 0.000000000000000000e+00 1.000000000000000000e+00
5.333521366119384766e-01 -8.203060030937194824e-01 2.064787149429321289e-01 4.920956477656197037e-01
-8.413540124893188477e-01 -4.891897141933441162e-01 2.298192083835601807e-01 9.425730895575124002e-01
-8.751485496759414673e-02 -2.962962985038757324e-01 -9.510780572891235352e-01 -2.490572155280930566e+00
0.000000000000000000e+00 0.000000000000000000e+00 0.000000000000000000e+00 1.000000000000000000e+00
5.936483144760131836e-01 -7.787638902664184570e-01 2.027527391910552979e-01 4.434719361998167853e-01
-7.954859137535095215e-01 -5.298333168029785156e-01 2.940721809864044189e-01 1.088343092144616664e+00
-1.215876936912536621e-01 -3.358623683452606201e-01 -9.340301752090454102e-01 -2.410806652248183024e+00
0.000000000000000000e+00 0.000000000000000000e+00 0.000000000000000000e+00 1.000000000000000000e+00
6.715812683105468750e-01 -7.209011316299438477e-01 1.711139231920242310e-01 3.005347019697991451e-01
-7.219147086143493652e-01 -5.846701264381408691e-01 3.701347708702087402e-01 1.234657869817037845e+00
-1.667854934930801392e-01 -3.721053004264831543e-01 -9.130827784538269043e-01 -2.313753077158838600e+00
0.000000000000000000e+00 0.000000000000000000e+00 0.000000000000000000e+00 1.000000000000000000e+00
7.339689731597900391e-01 -6.597940325736999512e-01 1.611247509717941284e-01 2.384890140443576834e-01
-6.515123844146728516e-01 -6.169421672821044922e-01 4.414909482002258301e-01 1.366239437441817195e+00
-1.918884664773941040e-01 -4.290151894092559814e-01 -8.826801180839538574e-01 -2.186118145298398208e+00
0.000000000000000000e+00 0.000000000000000000e+00 0.000000000000000000e+00 1.000000000000000000e+00
7.615634202957153320e-01 -6.317796707153320312e-01 1.444825232028961182e-01 1.705276150541159275e-01
-5.985302329063415527e-01 -6.001235842704772949e-01 5.306721329689025879e-01 1.555812475013497398e+00
-2.485606670379638672e-01 -4.906175434589385986e-01 -8.351715207099914551e-01 -1.988318362377295756e+00
0.000000000000000000e+00 0.000000000000000000e+00 0.000000000000000000e+00 1.000000000000000000e+00
7.936816215515136719e-01 -5.901780128479003906e-01 1.475097090005874634e-01 1.523356661385395217e-01
-5.337416529655456543e-01 -5.592412948608398438e-01 6.343255043029785156e-01 1.801649182508417768e+00
-2.918715178966522217e-01 -5.821845531463623047e-01 -7.588620781898498535e-01 -1.728121861010093685e+00
0.000000000000000000e+00 0.000000000000000000e+00 0.000000000000000000e+00 1.000000000000000000e+00
8.153507113456726074e-01 -5.609068274497985840e-01 1.434809714555740356e-01 1.242861907254800002e-01
-4.812589585781097412e-01 -5.188384652137756348e-01 7.065384387969970703e-01 1.977345873567307510e+00
-3.218586444854736328e-01 -6.451279520988464355e-01 -6.929765939712524414e-01 -1.511652511052205217e+00
0.000000000000000000e+00 0.000000000000000000e+00 0.000000000000000000e+00 1.000000000000000000e+00
8.419314026832580566e-01 -5.216062068939208984e-01 1.381250619888305664e-01 8.280072204919217138e-02
-4.158902466297149658e-01 -4.642113745212554932e-01 7.820120453834533691e-01 2.158967968093110645e+00
-3.437832891941070557e-01 -7.158454060554504395e-01 -6.077651977539062500e-01 -1.285227098049728234e+00
0.000000000000000000e+00 0.000000000000000000e+00 0.000000000000000000e+00 1.000000000000000000e+00
8.756713271141052246e-01 -4.730274975299835205e-01 9.718230366706848145e-02 -4.543327183384551077e-02
-3.273090720176696777e-01 -4.334114193916320801e-01 8.396565914154052734e-01 2.285577505896548178e+00
-3.550609052181243896e-01 -7.670720219612121582e-01 -5.343521237373352051e-01 -1.107533841140611486e+00
0.000000000000000000e+00 0.000000000000000000e+00 0.000000000000000000e+00 1.000000000000000000e+00
8.948502540588378906e-01 -4.411910772323608398e-01 6.777683645486831665e-02 -1.235938458729230888e-01
-2.269939482212066650e-01 -3.190464973449707031e-01 9.201537966728210449e-01 2.428072511345456430e+00
-3.843398392200469971e-01 -8.387846946716308594e-01 -3.856463432312011719e-01 -7.335050783726863033e-01
0.000000000000000000e+00 0.000000000000000000e+00 0.000000000000000000e+00 1.000000000000000000e+00
8.970995545387268066e-01 -4.411135613918304443e-01 2.512474916875362396e-02 -2.776151524938074155e-01
-7.898129522800445557e-02 -1.041566878557205200e-01 9.914199113845825195e-01 2.587511905240089671e+00
-4.347117543220520020e-01 -8.913865685462951660e-01 -1.282785832881927490e-01 -8.315530470687836073e-02
0.000000000000000000e+00 0.000000000000000000e+00 0.000000000000000000e+00 1.000000000000000000e+00
8.866710066795349121e-01 -4.606636762619018555e-01 4.004747793078422546e-02 -2.098068658629250183e-01
-8.639427274465560913e-02 -7.995905727148056030e-02 9.930473566055297852e-01 2.590518274521856235e+00
-4.542585313320159912e-01 -8.839656710624694824e-01 -1.106960326433181763e-01 -9.080340330238929891e-02
0.000000000000000000e+00 0.000000000000000000e+00 0.000000000000000000e+00 1.000000000000000000e+00
8.534022569656372070e-01 -5.201438665390014648e-01 3.398175165057182312e-02 -1.953989721516872780e-01
-1.014160737395286560e-01 -1.017398610711097717e-01 9.896281957626342773e-01 2.586534524790707223e+00
-5.112919211387634277e-01 -8.479971885681152344e-01 -1.395759731531143188e-01 -1.434530489686803578e-01
0.000000000000000000e+00 0.000000000000000000e+00 0.000000000000000000e+00 1.000000000000000000e+00
8.368839025497436523e-01 -5.431838035583496094e-01 6.764686852693557739e-02 -1.088307652906551209e-01
-2.257915586233139038e-01 -2.299850434064865112e-01 9.466388821601867676e-01 2.520610461826129356e+00
-4.986412525177001953e-01 -8.075011372566223145e-01 -3.151171207427978516e-01 -5.220067579526471713e-01
0.000000000000000000e+00 0.000000000000000000e+00 0.000000000000000000e+00 1.000000000000000000e+00
8.382219076156616211e-01 -5.356538891792297363e-01 1.022676080465316772e-01 -2.289416846981428069e-02
-3.101013600826263428e-01 -3.139366805553436279e-01 8.973740339279174805e-01 2.426746618330413607e+00
-4.485767483711242676e-01 -7.839120626449584961e-01 -4.292556345462799072e-01 -8.086634825960370421e-01
0.000000000000000000e+00 0.000000000000000000e+00 0.000000000000000000e+00 1.000000000000000000e+00
8.217995762825012207e-01 -5.586258769035339355e-01 1.121735721826553345e-01 1.785610013428691077e-03
-3.671424388885498047e-01 -3.686200082302093506e-01 8.540059328079223633e-01 2.340277146348558546e+00
-4.357202351093292236e-01 -7.430050969123840332e-01 -5.080270171165466309e-01 -1.017231144846900914e+00
0.000000000000000000e+00 0.000000000000000000e+00 0.000000000000000000e+00 1.000000000000000000e+00
8.336148262023925781e-01 -5.464786291122436523e-01 8.029598742723464966e-02 -1.180059690995243077e-01
-4.521516561508178711e-01 -5.916532278060913086e-01 6.674616336822509766e-01 1.973791348931871026e+00
-3.172462880611419678e-01 -5.927117466926574707e-01 -7.403022646903991699e-01 -1.671230564934363505e+00
0.000000000000000000e+00 0.000000000000000000e+00 0.000000000000000000e+00 1.000000000000000000e+00
8.387127518653869629e-01 -5.414243340492248535e-01 5.848342925310134888e-02 -1.881693714737495138e-01
-4.618876874446868896e-01 -6.503618359565734863e-01 6.030658483505249023e-01 1.798063062711644733e+00
-2.884792983531951904e-01 -5.328117609024047852e-01 -7.955442070960998535e-01 -1.834918611222880358e+00
0.000000000000000000e+00 0.000000000000000000e+00 0.000000000000000000e+00 1.000000000000000000e+00
8.576846718788146973e-01 -5.113357305526733398e-01 5.397078767418861389e-02 -2.024158918636845272e-01
-4.577144384384155273e-01 -7.114635705947875977e-01 5.332135558128356934e-01 1.601894776658687736e+00
-2.342529743909835815e-01 -4.820323884487152100e-01 -8.442573547363281250e-01 -1.981326173812327118e+00
0.000000000000000000e+00 0.000000000000000000e+00 0.000000000000000000e+00 1.000000000000000000e+00
8.715723156929016113e-01 -4.898259639739990234e-01 2.078733779489994049e-02 -2.783465494354689929e-01
-4.581240415573120117e-01 -7.985982298851013184e-01 3.903368413448333740e-01 1.219244673949974711e+00
-1.745966225862503052e-01 -3.497298657894134521e-01 -9.204373359680175781e-01 -2.197158515648420352e+00
0.000000000000000000e+00 0.000000000000000000e+00 0.000000000000000000e+00 1.000000000000000000e+00
8.789182901382446289e-01 -4.766280353069305420e-01 1.812538132071495056e-02 -2.689540254148080622e-01
-4.646707475185394287e-01 -8.470562100410461426e-01 2.580242753028869629e-01 8.811823803641897213e-01
-1.076284795999526978e-01 -2.352045774459838867e-01 -9.659686088562011719e-01 -2.339463950129308856e+00
0.000000000000000000e+00 0.000000000000000000e+00 0.000000000000000000e+00 1.000000000000000000e+00
8.803645968437194824e-01 -4.741648137569427490e-01 1.118782348930835724e-02 -2.493842894664696219e-01
-4.741052687168121338e-01 -8.790938258171081543e-01 4.917110502719879150e-02 3.356681200391061770e-01
-1.348008401691913605e-02 -4.859272763133049011e-02 -9.987275600433349609e-01 -2.463707713996332593e+00
0.000000000000000000e+00 0.000000000000000000e+00 0.000000000000000000e+00 1.000000000000000000e+00
8.870242834091186523e-01 -4.615758061408996582e-01 1.164215989410877228e-02 -2.346242097346779576e-01
-4.605950713157653809e-01 -8.863378763198852539e-01 -4.751013964414596558e-02 7.217633992359218098e-02
3.224843367934226990e-02 3.678032010793685913e-02 -9.988029003143310547e-01 -2.487854143585161548e+00
0.000000000000000000e+00 0.000000000000000000e+00 0.000000000000000000e+00 1.000000000000000000e+00
8.951113820075988770e-01 -4.458147883415222168e-01 4.962900653481483459e-03 -2.464907797566387448e-01
-4.400742053985595703e-01 -8.852607607841491699e-01 -1.504921615123748779e-01 -2.232440925955384015e-01
7.148514688014984131e-02 1.325231790542602539e-01 -9.885987639427185059e-01 -2.478647948234304454e+00
0.000000000000000000e+00 0.000000000000000000e+00 0.000000000000000000e+00 1.000000000000000000e+00
8.982284069061279297e-01 -4.394742548465728760e-01 6.925653666257858276e-03 -2.384214928258862332e-01
-4.232807457447052002e-01 -8.691608905792236328e-01 -2.557196021080017090e-01 -5.272389897014650995e-01
1.184017732739448547e-01 2.267630845308303833e-01 -9.667261838912963867e-01 -2.437060437707122329e+00
0.000000000000000000e+00 0.000000000000000000e+00 0.000000000000000000e+00 1.000000000000000000e+00
9.019351005554199219e-01 -4.317839741706848145e-01 8.686771616339683533e-03 -2.306388733469552643e-01
-3.982031941413879395e-01 -8.392392396926879883e-01 -3.702856600284576416e-01 -8.795044810542169689e-01
1.671738177537918091e-01 3.305145204067230225e-01 -9.288772344589233398e-01 -2.346676201062538603e+00
0.000000000000000000e+00 0.000000000000000000e+00 0.000000000000000000e+00 1.000000000000000000e+00
9.049953222274780273e-01 -4.253493249416351318e-01 7.827545516192913055e-03 -2.456053908959953958e-01
-3.751514256000518799e-01 -8.065979480743408203e-01 -4.567942023277282715e-01 -1.143269855951086766e+00
2.006109356880187988e-01 4.104600548744201660e-01 -8.895378708839416504e-01 -2.259027360350966074e+00
0.000000000000000000e+00 0.000000000000000000e+00 0.000000000000000000e+00 1.000000000000000000e+00
9.168024063110351562e-01 -3.993050456047058105e-01 5.357587244361639023e-03 -2.778553757483148146e-01
-3.306331038475036621e-01 -7.665192484855651855e-01 -5.505722165107727051e-01 -1.434107869069047858e+00
2.239530682563781738e-01 5.029944777488708496e-01 -8.347702622413635254e-01 -2.133332426584647834e+00
0.000000000000000000e+00 0.000000000000000000e+00 0.000000000000000000e+00 1.000000000000000000e+00
9.108858704566955566e-01 -4.122272133827209473e-01 -1.885483041405677795e-02 -3.549497596855523684e-01
-3.315134346485137939e-01 -7.037972211837768555e-01 -6.283056735992431641e-01 -1.651109369844732555e+00
2.457349002361297607e-01 5.785653591156005859e-01 -7.777377963066101074e-01 -2.006078016361614758e+00
0.000000000000000000e+00 0.000000000000000000e+00 0.000000000000000000e+00 1.000000000000000000e+00
9.181300401687622070e-01 -3.945986926555633545e-01 -3.645607084035873413e-02 -4.219836889234142574e-01
-2.959910631179809570e-01 -6.216980218887329102e-01 -7.251762747764587402e-01 -1.937115806740656199e+00
2.634890675544738770e-01 6.765967607498168945e-01 -6.875973343849182129e-01 -1.775468796929569493e+00
0.000000000000000000e+00 0.000000000000000000e+00 0.000000000000000000e+00 1.000000000000000000e+00
9.260337352752685547e-01 -3.733290135860443115e-01 -5.556018278002738953e-02 -4.885779763202320880e-01
-2.671845257282257080e-01 -5.444110035896301270e-01 -7.951282262802124023e-01 -2.148588016312298343e+00
2.665968835353851318e-01 7.511603832244873047e-01 -6.038907766342163086e-01 -1.542533263020246848e+00
0.000000000000000000e+00 0.000000000000000000e+00 0.000000000000000000e+00 1.000000000000000000e+00
9.329959154129028320e-01 -3.562707006931304932e-01 -5.088905990123748779e-02 -4.960499905285996047e-01
-2.264599651098251343e-01 -4.712935388088226318e-01 -8.524072170257568359e-01 -2.330939834891853302e+00
2.797040939331054688e-01 8.068168759346008301e-01 -5.203961133956909180e-01 -1.324411858643823159e+00
0.000000000000000000e+00 0.000000000000000000e+00 0.000000000000000000e+00 1.000000000000000000e+00
9.439016580581665039e-01 -3.256714642047882080e-01 -5.466097220778465271e-02 -5.339119969282649647e-01
-1.922530233860015869e-01 -4.073632657527923584e-01 -8.928010463714599609e-01 -2.457211897740577911e+00
2.684930562973022461e-01 8.532251119613647461e-01 -4.471222162246704102e-01 -1.134242721095921169e+00
0.000000000000000000e+00 0.000000000000000000e+00 0.000000000000000000e+00 1.000000000000000000e+00
9.555835723876953125e-01 -2.900840938091278076e-01 -5.207068100571632385e-02 -5.553618001925353376e-01
-1.539047807455062866e-01 -3.404868543148040771e-01 -9.275677204132080078e-01 -2.581320450873497485e+00
2.513432800769805908e-01 8.943822979927062988e-01 -3.700089752674102783e-01 -9.157719073479476668e-01
0.000000000000000000e+00 0.000000000000000000e+00 0.000000000000000000e+00 1.000000000000000000e+00
9.615074396133422852e-01 -2.648592889308929443e-01 -7.316531985998153687e-02 -6.350245844584048172e-01
-1.440928131341934204e-01 -2.592851519584655762e-01 -9.549912214279174805e-01 -2.700718703534663145e+00
2.339676916599273682e-01 9.287736415863037109e-01 -2.874688506126403809e-01 -6.448447096028632197e-01
0.000000000000000000e+00 0.000000000000000000e+00 0.000000000000000000e+00 1.000000000000000000e+00
9.746477007865905762e-01 -2.136436253786087036e-01 -6.646749377250671387e-02 -6.440009215612847449e-01
-1.001607701182365417e-01 -1.509708315134048462e-01 -9.834507703781127930e-01 -2.818467661180030781e+00
2.000733166933059692e-01 9.651759266853332520e-01 -1.685420721769332886e-01 -2.600619679964636388e-01
0.000000000000000000e+00 0.000000000000000000e+00 0.000000000000000000e+00 1.000000000000000000e+00
9.923681020736694336e-01 -1.209427639842033386e-01 -2.405416592955589294e-02 -5.453770048669498438e-01
-4.055466875433921814e-02 -1.358830630779266357e-01 -9.898944497108459473e-01 -2.851233913038142109e+00
1.164519861340522766e-01 9.833149909973144531e-01 -1.397508233785629272e-01 -1.782999336060230033e-01
0.000000000000000000e+00 0.000000000000000000e+00 0.000000000000000000e+00 1.000000000000000000e+00
9.952948093414306641e-01 -9.679257869720458984e-02 4.402285907417535782e-03 -4.837014218335845550e-01
-1.962322555482387543e-02 -2.458575516939163208e-01 -9.691071510314941406e-01 -2.813325238239690496e+00
9.488475322723388672e-02 9.644609689712524414e-01 -2.466001212596893311e-01 -4.932729247914552917e-01
0.000000000000000000e+00 0.000000000000000000e+00 0.000000000000000000e+00 1.000000000000000000e+00
9.977942109107971191e-01 -3.320111334323883057e-02 5.748280882835388184e-02 -3.193804030497750523e-01
4.544765874743461609e-02 -2.895021736621856689e-01 -9.560977220535278320e-01 -2.883006228030450924e+00
4.838489368557929993e-02 9.566012620925903320e-01 -2.873546481132507324e-01 -5.945481791129307858e-01
0.000000000000000000e+00 0.000000000000000000e+00 0.000000000000000000e+00 1.000000000000000000e+00
9.884598255157470703e-01 4.815498739480972290e-02 1.436253637075424194e-01 -1.693726685181679015e-02
1.513437479734420776e-01 -2.732631266117095947e-01 -9.499591588973999023e-01 -2.976101577863961456e+00
-6.497770547866821289e-03 9.607331156730651855e-01 -2.773975133895874023e-01 -5.386124297124276206e-01
0.000000000000000000e+00 0.000000000000000000e+00 0.000000000000000000e+00 1.000000000000000000e+00
9.682024717330932617e-01 5.374375730752944946e-02 2.443265467882156372e-01 2.937453812447883839e-01
2.498660534620285034e-01 -2.556909322738647461e-01 -9.339105486869812012e-01 -3.017209504195484282e+00
1.228019222617149353e-02 9.652634859085083008e-01 -2.609893083572387695e-01 -4.840577268891693152e-01
0.000000000000000000e+00 0.000000000000000000e+00 0.000000000000000000e+00 1.000000000000000000e+00
9.732427597045898438e-01 1.769416406750679016e-02 2.290968596935272217e-01 2.338710845792187076e-01
2.240901440382003784e-01 -2.935762405395507812e-01 -9.292989969253540039e-01 -3.001751881944358047e+00
5.081420764327049255e-02 9.557719230651855469e-01 -2.896860241889953613e-01 -5.981764487865087743e-01
0.000000000000000000e+00 0.000000000000000000e+00 0.000000000000000000e+00 1.000000000000000000e+00
9.826198816299438477e-01 -4.778930917382240295e-02 1.793724447488784790e-01 5.209213094252762577e-02
1.536106169223785400e-01 -3.331873714923858643e-01 -9.302633404731750488e-01 -2.974977673129254097e+00
1.042212694883346558e-01 9.416486620903015137e-01 -3.200555443763732910e-01 -7.424238129434349576e-01
0.000000000000000000e+00 0.000000000000000000e+00 0.000000000000000000e+00 1.000000000000000000e+00
9.843232631683349609e-01 -1.309778392314910889e-01 1.181210204958915710e-01 -1.625838271263326529e-01
6.205105036497116089e-02 -3.697364032268524170e-01 -9.270622730255126953e-01 -2.917419567382171230e+00
1.650982797145843506e-01 9.198585152626037598e-01 -3.558128774166107178e-01 -9.210305701285765867e-01
0.000000000000000000e+00 0.000000000000000000e+00 0.000000000000000000e+00 1.000000000000000000e+00
9.762979149818420410e-01 -2.159330397844314575e-01 1.466771308332681656e-02 -4.883884053522124513e-01
-5.356561020016670227e-02 -3.067364394664764404e-01 -9.502859711647033691e-01 -2.927095689019108882e+00
2.096972763538360596e-01 9.269766211509704590e-01 -3.110327422618865967e-01 -8.263109668591044343e-01
0.000000000000000000e+00 0.000000000000000000e+00 0.000000000000000000e+00 1.000000000000000000e+00
9.132099747657775879e-01 -3.943900167942047119e-01 -1.024888381361961365e-01 -8.216460268926440991e-01
-2.397366017103195190e-01 -3.166151642799377441e-01 -9.177586436271667480e-01 -2.733653830840268029e+00
3.295054733753204346e-01 8.626766204833984375e-01 -3.836859166622161865e-01 -1.141703870156012490e+00
0.000000000000000000e+00 0.000000000000000000e+00 0.000000000000000000e+00 1.000000000000000000e+00
8.686119914054870605e-01 -4.860375821590423584e-01 -9.633611887693405151e-02 -7.918715884668626748e-01
-2.879690825939178467e-01 -3.369657099246978760e-01 -8.963971734046936035e-01 -2.635776987944393301e+00
4.032207429409027100e-01 8.063630461692810059e-01 -4.326562285423278809e-01 -1.365139263337938225e+00
0.000000000000000000e+00 0.000000000000000000e+00 0.000000000000000000e+00 1.000000000000000000e+00
8.249630928039550781e-01 -5.598816275596618652e-01 -7.725535333156585693e-02 -7.078409456088785578e-01
-3.537081182003021240e-01 -4.048239588737487793e-01 -8.432128429412841797e-01 -2.442761457488391574e+00
4.408246874809265137e-01 7.229453325271606445e-01 -5.319995284080505371e-01 -1.702184303104794072e+00
0.000000000000000000e+00 0.000000000000000000e+00 0.000000000000000000e+00 1.000000000000000000e+00
7.979348301887512207e-01 -6.007121205329895020e-01 -4.944582656025886536e-02 -6.138091924566274615e-01
-4.283316135406494141e-01 -5.074141621589660645e-01 -7.477049827575683594e-01 -2.107568666808627533e+00
4.240659773349761963e-01 6.177989840507507324e-01 -6.621874570846557617e-01 -2.096173895420200939e+00
0.000000000000000000e+00 0.000000000000000000e+00 0.000000000000000000e+00 1.000000000000000000e+00
7.745191454887390137e-01 -6.321592926979064941e-01 -2.223965711891651154e-02 -5.246151896900375089e-01
-5.049775242805480957e-01 -5.967580080032348633e-01 -6.236003637313842773e-01 -1.674664183486787028e+00
3.809431791305541992e-01 4.942209422588348389e-01 -7.814268469810485840e-01 -2.434477360805183732e+00
0.000000000000000000e+00 0.000000000000000000e+00 0.000000000000000000e+00 1.000000000000000000e+00
7.513306736946105957e-01 -6.597755551338195801e-01 -1.408243738114833832e-02 -4.866336666593335525e-01
-5.653795599937438965e-01 -6.325364708900451660e-01 -5.293801426887512207e-01 -1.348376261379018670e+00
3.403645157814025879e-01 4.057013988494873047e-01 -8.482677936553955078e-01 -2.618831953891124442e+00
0.000000000000000000e+00 0.000000000000000000e+00 0.000000000000000000e+00 1.000000000000000000e+00
6.660771965980529785e-01 -7.457184195518493652e-01 -1.565441116690635681e-02 -4.344488078915258455e-01
-6.664786934852600098e-01 -5.856149792671203613e-01 -4.613687396049499512e-01 -1.070408723491208303e+00
3.348837792873382568e-01 3.177404999732971191e-01 -8.870703577995300293e-01 -2.751435052409075155e+00
0.000000000000000000e+00 0.000000000000000000e+00 0.000000000000000000e+00 1.000000000000000000e+00
