0.6232762932777405 0.78045254945755 -0.04919960349798203 0.02902145124971867 
-0.4483223855495453 0.4081660211086273 0.795240581035614 -0.2051922529935837 
0.6407290697097778 -0.4735973477363586 0.6042945384979248 -0.1567967683076859 
0 0 0 1 

0.6275051832199097 0.7696294188499451 -0.1179311200976372 0.04932866618037224 
-0.5117483735084534 0.5218266844749451 0.6825029850006104 -0.1620998382568359 
0.5868140459060669 -0.3679230213165283 0.7213056087493896 -0.182850256562233 
0 0 0 1 

0.6259002089500427 0.765223503112793 -0.1506049484014511 0.05759063735604286 
-0.5682258605957031 0.5797080397605896 0.5840016007423401 -0.129010945558548 
0.5341987013816833 -0.2799490988254547 0.7976592183113098 -0.1984578371047974 
0 0 0 1 

0.6040996313095093 0.7841804027557373 -0.1418609023094177 0.05182969570159912 
-0.6640306711196899 0.5937522053718567 0.4544463157653809 -0.09340497106313705 
0.44059818983078 -0.180330827832222 0.8794054985046387 -0.2150321900844574 
0 0 0 1 

0.5901162028312683 0.7885693311691284 -0.1729772239923477 0.05565487593412399 
-0.7112249135971069 0.6091842651367188 0.350789874792099 -0.0634082704782486 
0.3819971978664398 -0.08398105204105377 0.9203397631645203 -0.2215121537446976 
0 0 0 1 

0.9525932669639587 0.2999469339847565 -0.0509691908955574 -0.05341862514615059 
-0.1891490817070007 0.7150706052780151 0.6729758381843567 -0.2383995205163956 
0.2383036762475967 -0.631431519985199 0.7379061579704285 -0.2499833106994629 
0 0 0 1 

0.9347552061080933 0.3238148093223572 -0.1462071985006332 -0.01967261545360088 
-0.1222855299711227 0.6795934438705444 0.723324716091156 -0.2570536434650421 
0.3335848450660706 -0.6582525372505188 0.6748514175415039 -0.2408423572778702 
0 0 0 1 

0.8912345767021179 0.3845778405666351 -0.240417942404747 0.01729119941592216 
-0.07742369920015335 0.651315450668335 0.7548466920852661 -0.2696664333343506 
0.4468853175640106 -0.6541314125061035 0.6102502346038818 -0.2271444052457809 
0 0 0 1 

0.9530412554740906 0.235378697514534 -0.1905498057603836 -0.007899944670498371 
-0.03138016909360886 0.7025765180587769 0.7109158039093018 -0.2507311403751373 
0.3012102842330933 -0.6715525388717651 0.6769706010818481 -0.2325447499752045 
0 0 0 1 

0.9369673132896423 0.254429429769516 -0.2394948452711105 0.009178838692605495 
-0.01787762716412544 0.7194231748580933 0.6943418383598328 -0.2429530769586563 
0.3489591777324677 -0.6462942361831665 0.6786246299743652 -0.2378377914428711 
0 0 0 1 

