0.02248392999172211 -0.8279200792312622 -0.5603951811790466 0.1632125824689865 
-0.9993074536323547 -0.03523419424891472 0.01196100283414125 0.03977107256650925 
-0.02964788675308228 0.5597381591796875 -0.8281388878822327 0.2776501774787903 
0 0 0 1 

0.06207064166665077 -0.826153576374054 -0.5600159168243408 0.1597727984189987 
-0.9939830303192139 -0.0004311460652388632 -0.1095348373055458 0.07834867388010025 
0.09025120735168457 0.5634450912475586 -0.8212092518806458 0.2674786150455475 
0 0 0 1 

0.04021990671753883 -0.8384525179862976 -0.5434882640838623 0.1583298593759537 
-0.9812121987342834 0.06957589089870453 -0.1799489855766296 0.09281075745820999 
0.1886923313140869 0.5405148863792419 -0.8199015259742737 0.2630805373191833 
0 0 0 1 

-0.03454825654625893 -0.8379086852073669 -0.5447158813476562 0.167226105928421 
-0.9944512844085693 0.08301153033971786 -0.06461996585130692 0.05600196495652199 
0.09936331212520599 0.5394608974456787 -0.8361273407936096 0.283009797334671 
0 0 0 1 

-0.05670115351676941 -0.8210287094116211 -0.5680639743804932 0.1747143417596817 
-0.9933670163154602 -0.01061523985117674 0.114495113492012 -0.0003568138054106385 
-0.1000338941812515 0.5707880854606628 -0.8149809241294861 0.2945660054683685 
0 0 0 1 

0.1123337000608444 -0.7968528270721436 -0.59363853931427 0.1701175719499588 
-0.9874111413955688 -0.1564667969942093 0.02318151481449604 0.02793082594871521 
-0.1113569587469101 0.5835612416267395 -0.8043978810310364 0.2946808040142059 
0 0 0 1 

0.1972822397947311 -0.7498884201049805 -0.6314641833305359 0.168652132153511 
-0.9491480588912964 -0.3073081374168396 0.06840746849775314 0.01285785157233477 
-0.2453521192073822 0.5858574509620667 -0.7723814249038696 0.290753573179245 
0 0 0 1 

0.3124283254146576 -0.6844620108604431 -0.6587111353874207 0.1612570136785507 
-0.9127889275550842 -0.4083405435085297 -0.008634531870484352 0.03534086048603058 
-0.2630683779716492 0.6039618849754333 -0.7523465752601624 0.2803105115890503 
0 0 0 1 

0.3433878719806671 -0.6738179326057434 -0.6542583703994751 0.1567100882530212 
-0.921672523021698 -0.3756949305534363 -0.09681343287229538 0.06416855007410049 
-0.1805669814348221 0.6362565755844116 -0.7500485777854919 0.2717115879058838 
0 0 0 1 

0.349141389131546 -0.6875620484352112 -0.6366778016090393 0.1504170894622803 
-0.9331940412521362 -0.3168507516384125 -0.1695709079504013 0.08696898072957993 
-0.08514133840799332 0.6533482074737549 -0.7522544264793396 0.2646948993206024 
0 0 0 1 

