1.000000000000000000e+00 0.000000000000000000e+00 0.000000000000000000e+00 -3.619798645377159119e-02
0.000000000000000000e+00 1.000000000000000000e+00 0.000000000000000000e+00 -1.327119767665863037e-03
0.000000000000000000e+00 0.000000000000000000e+00 1.000000000000000000e+00 -2.960163652896881104e-01
0.000000000000000000e+00 0.000000000000000000e+00 0.000000000000000000e+00 1.000000000000000000e+00
9.915323853492736816e-01 1.294032633304595947e-01 1.086095068603754044e-02 -4.271099343895912170e-02
-1.286025941371917725e-01 9.901074767112731934e-01 -5.611280724406242371e-02 2.740106917917728424e-02
-1.801472716033458710e-02 5.424091964960098267e-02 9.983653426170349121e-01 -2.969440519809722900e-01
0.000000000000000000e+00 0.000000000000000000e+00 0.000000000000000000e+00 1.000000000000000000e+00
9.720482826232910156e-01 2.333486229181289673e-01 2.588948048651218414e-02 -4.774158447980880737e-02
-2.296348065137863159e-01 9.679061174392700195e-01 -1.021035686135292053e-01 5.236047506332397461e-02
-4.888440668582916260e-02 9.330447763204574585e-02 9.944369196891784668e-01 -2.949659526348114014e-01
0.000000000000000000e+00 0.000000000000000000e+00 0.000000000000000000e+00 1.000000000000000000e+00
9.426416158676147461e-01 3.328365683555603027e-01 2.542719617486000061e-02 -4.655602946877479553e-02
-3.259900212287902832e-01 9.342818260192871094e-01 -1.443881392478942871e-01 7.406263798475265503e-02
-7.181391119956970215e-02 1.278172731399536133e-01 9.891946315765380859e-01 -2.920393943786621094e-01
0.000000000000000000e+00 0.000000000000000000e+00 0.000000000000000000e+00 1.000000000000000000e+00
8.967294692993164062e-01 4.425686597824096680e-01 -2.998813521116971970e-03 -3.239113464951515198e-02
-4.369646906852722168e-01 8.842582702636718750e-01 -1.647687107324600220e-01 8.715864270925521851e-02
-7.026977092027664185e-02 1.490633338689804077e-01 9.863278865814208984e-01 -2.911476492881774902e-01
0.000000000000000000e+00 0.000000000000000000e+00 0.000000000000000000e+00 1.000000000000000000e+00
8.322108983993530273e-01 5.542945861816406250e-01 -1.350457314401865005e-02 -2.304286882281303406e-02
-5.464546084403991699e-01 8.158299326896667480e-01 -1.892306953668594360e-01 1.011412814259529114e-01
-9.387218207120895386e-02 1.648594886064529419e-01 9.818398952484130859e-01 -2.893651127815246582e-01
0.000000000000000000e+00 0.000000000000000000e+00 0.000000000000000000e+00 1.000000000000000000e+00
7.561571598052978516e-01 6.524941921234130859e-01 -4.977523535490036011e-02 -5.109685473144054413e-03
-6.501895189285278320e-01 7.405224442481994629e-01 -1.699411422014236450e-01 9.912807494401931763e-02
-7.402604818344116211e-02 1.608655601739883423e-01 9.841964840888977051e-01 -2.926639318466186523e-01
0.000000000000000000e+00 0.000000000000000000e+00 0.000000000000000000e+00 1.000000000000000000e+00
6.916125416755676270e-01 7.181634902954101562e-01 -7.689634710550308228e-02 7.267157547175884247e-03
-7.216469645500183105e-01 6.826749444007873535e-01 -1.148041114211082458e-01 8.131009340286254883e-02
-2.995296753942966461e-02 1.348919868469238281e-01 9.904076457023620605e-01 -2.993238568305969238e-01
0.000000000000000000e+00 0.000000000000000000e+00 0.000000000000000000e+00 1.000000000000000000e+00
5.884568691253662109e-01 8.073944449424743652e-01 -4.280592873692512512e-02 1.665901218075305223e-04
-8.077727556228637695e-01 5.847942233085632324e-01 -7.428736239671707153e-02 6.860279291868209839e-02
-3.494656831026077271e-02 7.829236239194869995e-02 9.963179230690002441e-01 -3.067768514156341553e-01
0.000000000000000000e+00 0.000000000000000000e+00 0.000000000000000000e+00 1.000000000000000000e+00
5.032682418823242188e-01 8.630583286285400391e-01 -4.302443191409111023e-02 5.009741056710481644e-03
-8.636937141418457031e-01 5.008078217506408691e-01 -5.678654089570045471e-02 6.346841156482696533e-02
-2.746312879025936127e-02 6.573880463838577271e-02 9.974589347839355469e-01 -3.106278777122497559e-01
0.000000000000000000e+00 0.000000000000000000e+00 0.000000000000000000e+00 1.000000000000000000e+00
4.062812030315399170e-01 9.115699529647827148e-01 -6.305056810379028320e-02 1.605796441435813904e-02
-9.135604500770568848e-01 4.066276252269744873e-01 -7.818504236638545990e-03 4.549947008490562439e-02
1.851097866892814636e-02 6.077702715992927551e-02 9.979797005653381348e-01 -3.147690296173095703e-01
0.000000000000000000e+00 0.000000000000000000e+00 0.000000000000000000e+00 1.000000000000000000e+00
2.925499975681304932e-01 9.543623924255371094e-01 -6.005449593067169189e-02 2.032909728586673737e-02
-9.551637172698974609e-01 2.946335375308990479e-01 2.920936234295368195e-02 3.220476210117340088e-02
4.557037353515625000e-02 4.881668835878372192e-02 9.977674484252929688e-01 -3.174366652965545654e-01
0.000000000000000000e+00 0.000000000000000000e+00 0.000000000000000000e+00 1.000000000000000000e+00
1.780411154031753540e-01 9.812127947807312012e-01 -7.431352883577346802e-02 2.998850122094154358e-02
-9.816235303878784180e-01 1.823704391717910767e-01 5.617897957563400269e-02 2.252675965428352356e-02
6.867612898349761963e-02 6.294575333595275879e-02 9.956512451171875000e-01 -3.179762363433837891e-01
0.000000000000000000e+00 0.000000000000000000e+00 0.000000000000000000e+00 1.000000000000000000e+00
1.044081896543502808e-01 9.910452365875244141e-01 -8.323770761489868164e-02 3.592304140329360962e-02
-9.901815652847290039e-01 1.114087179303169250e-01 8.443280309438705444e-02 1.162747945636510849e-02
9.295009076595306396e-02 7.360494136810302734e-02 9.929463267326354980e-01 -3.173409998416900635e-01
0.000000000000000000e+00 0.000000000000000000e+00 0.000000000000000000e+00 1.000000000000000000e+00
1.746111735701560974e-02 9.961321949958801270e-01 -8.611460775136947632e-02 4.197163134813308716e-02
-9.974538087844848633e-01 2.331081219017505646e-02 6.739784032106399536e-02 1.928169466555118561e-02
6.914456188678741455e-02 8.471851050853729248e-02 9.940029978752136230e-01 -3.115159869194030762e-01
0.000000000000000000e+00 0.000000000000000000e+00 0.000000000000000000e+00 1.000000000000000000e+00
-9.287703037261962891e-02 8.669441938400268555e-01 -4.896746575832366943e-01 1.803978532552719116e-01
-9.910983443260192871e-01 -3.338452056050300598e-02 1.288769841194152832e-01 -6.052673561498522758e-04
9.538153558969497681e-02 4.972856342792510986e-01 8.623278737068176270e-01 -2.614008784294128418e-01
0.000000000000000000e+00 0.000000000000000000e+00 0.000000000000000000e+00 1.000000000000000000e+00
-1.657020300626754761e-01 8.428686857223510742e-01 -5.119720101356506348e-01 1.895721554756164551e-01
-9.781159162521362305e-01 -7.422743737697601318e-02 1.943696737289428711e-01 -2.359467186033725739e-02
1.258257180452346802e-01 5.329754352569580078e-01 8.367227315902709961e-01 -2.542094290256500244e-01
0.000000000000000000e+00 0.000000000000000000e+00 0.000000000000000000e+00 1.000000000000000000e+00
-1.319839358329772949e-01 7.749364376068115234e-01 -6.181051731109619141e-01 2.167606651782989502e-01
-9.910439848899841309e-01 -1.159307509660720825e-01 6.627187877893447876e-02 1.743505895137786865e-02
-2.030087821185588837e-02 6.213161945343017578e-01 7.832970619201660156e-01 -2.301169782876968384e-01
0.000000000000000000e+00 0.000000000000000000e+00 0.000000000000000000e+00 1.000000000000000000e+00
-8.930775523185729980e-02 6.874255537986755371e-01 -7.207429409027099609e-01 2.397879362106323242e-01
-9.948623180389404297e-01 -2.692950703203678131e-02 9.758932888507843018e-02 1.071333978325128555e-02
4.767611995339393616e-02 7.257552742958068848e-01 6.862988471984863281e-01 -2.095877975225448608e-01
0.000000000000000000e+00 0.000000000000000000e+00 0.000000000000000000e+00 1.000000000000000000e+00
-6.499699503183364868e-02 5.163432359695434570e-01 -8.539118170738220215e-01 2.779220640659332275e-01
-9.862616658210754395e-01 9.699061512947082520e-02 1.337193399667739868e-01 -3.614978631958365440e-04
1.518664509057998657e-01 8.508716821670532227e-01 5.029453039169311523e-01 -1.524573713541030884e-01
0.000000000000000000e+00 0.000000000000000000e+00 0.000000000000000000e+00 1.000000000000000000e+00
-1.265440881252288818e-01 3.846419453620910645e-01 -9.143506884574890137e-01 2.951580584049224854e-01
-9.855595231056213379e-01 5.579788610339164734e-02 1.598718911409378052e-01 -1.248637028038501740e-02
1.125122234225273132e-01 9.213778376579284668e-01 3.720267117023468018e-01 -1.067738160490989685e-01
0.000000000000000000e+00 0.000000000000000000e+00 0.000000000000000000e+00 1.000000000000000000e+00
-1.927911192178726196e-01 2.896145284175872803e-01 -9.375260472297668457e-01 3.037571907043457031e-01
-9.751039743423461914e-01 5.013648793101310730e-02 2.160063683986663818e-01 -3.074478916823863983e-02
1.095628887414932251e-01 9.558293819427490234e-01 2.727382779121398926e-01 -7.549791783094406128e-02
0.000000000000000000e+00 0.000000000000000000e+00 0.000000000000000000e+00 1.000000000000000000e+00
-2.748097479343414307e-01 1.770433485507965088e-01 -9.450582861900329590e-01 3.095089495182037354e-01
-9.593757987022399902e-01 1.478770188987255096e-02 2.817434072494506836e-01 -5.205647647380828857e-02
6.385601311922073364e-02 9.840919375419616699e-01 1.657874435186386108e-01 -3.907931596040725708e-02
0.000000000000000000e+00 0.000000000000000000e+00 0.000000000000000000e+00 1.000000000000000000e+00
-1.860570311546325684e-01 -8.145212531089782715e-01 -5.494887828826904297e-01 1.786749362945556641e-01
-9.502058029174804688e-01 6.876111030578613281e-03 3.115473389625549316e-01 -5.926530808210372925e-02
-2.499835640192031860e-01 5.800930261611938477e-01 -7.752421498298645020e-01 2.743417620658874512e-01
0.000000000000000000e+00 0.000000000000000000e+00 0.000000000000000000e+00 1.000000000000000000e+00
-1.869351267814636230e-01 -8.208001852035522461e-01 -5.397614836692810059e-01 1.743012815713882446e-01
-9.695208072662353516e-01 6.556215137243270874e-02 2.360745221376419067e-01 -3.561911359429359436e-02
-1.583820283412933350e-01 5.674405694007873535e-01 -8.080387115478515625e-01 2.799140214920043945e-01
0.000000000000000000e+00 0.000000000000000000e+00 0.000000000000000000e+00 1.000000000000000000e+00
-9.353119879961013794e-02 -8.276910781860351562e-01 -5.533347129821777344e-01 1.709356158971786499e-01
-9.905366897583007812e-01 2.128962986171245575e-02 1.355868726968765259e-01 -1.730975112877786160e-03
-1.004437431693077087e-01 5.607799291610717773e-01 -8.218495249748229980e-01 2.804361283779144287e-01
0.000000000000000000e+00 0.000000000000000000e+00 0.000000000000000000e+00 1.000000000000000000e+00
2.248392999172210693e-02 -8.279200792312622070e-01 -5.603951811790466309e-01 1.632125824689865112e-01
-9.993074536323547363e-01 -3.523419424891471863e-02 1.196100283414125443e-02 3.977107256650924683e-02
-2.964788675308227539e-02 5.597381591796875000e-01 -8.281388878822326660e-01 2.776501774787902832e-01
0.000000000000000000e+00 0.000000000000000000e+00 0.000000000000000000e+00 1.000000000000000000e+00
6.207064166665077209e-02 -8.261535763740539551e-01 -5.600159168243408203e-01 1.597727984189987183e-01
-9.939830303192138672e-01 -4.311460652388632298e-04 -1.095348373055458069e-01 7.834867388010025024e-02
9.025120735168457031e-02 5.634450912475585938e-01 -8.212092518806457520e-01 2.674786150455474854e-01
0.000000000000000000e+00 0.000000000000000000e+00 0.000000000000000000e+00 1.000000000000000000e+00
4.021990671753883362e-02 -8.384525179862976074e-01 -5.434882640838623047e-01 1.583298593759536743e-01
-9.812121987342834473e-01 6.957589089870452881e-02 -1.799489855766296387e-01 9.281075745820999146e-02
1.886923313140869141e-01 5.405148863792419434e-01 -8.199015259742736816e-01 2.630805373191833496e-01
0.000000000000000000e+00 0.000000000000000000e+00 0.000000000000000000e+00 1.000000000000000000e+00
-3.454825654625892639e-02 -8.379086852073669434e-01 -5.447158813476562500e-01 1.672261059284210205e-01
-9.944512844085693359e-01 8.301153033971786499e-02 -6.461996585130691528e-02 5.600196495652198792e-02
9.936331212520599365e-02 5.394608974456787109e-01 -8.361273407936096191e-01 2.830097973346710205e-01
0.000000000000000000e+00 0.000000000000000000e+00 0.000000000000000000e+00 1.000000000000000000e+00
-5.670115351676940918e-02 -8.210287094116210938e-01 -5.680639743804931641e-01 1.747143417596817017e-01
-9.933670163154602051e-01 -1.061523985117673874e-02 1.144951134920120239e-01 -3.568138054106384516e-04
-1.000338941812515259e-01 5.707880854606628418e-01 -8.149809241294860840e-01 2.945660054683685303e-01
0.000000000000000000e+00 0.000000000000000000e+00 0.000000000000000000e+00 1.000000000000000000e+00
1.123337000608444214e-01 -7.968528270721435547e-01 -5.936385393142700195e-01 1.701175719499588013e-01
-9.874111413955688477e-01 -1.564667969942092896e-01 2.318151481449604034e-02 2.793082594871520996e-02
-1.113569587469100952e-01 5.835612416267395020e-01 -8.043978810310363770e-01 2.946808040142059326e-01
0.000000000000000000e+00 0.000000000000000000e+00 0.000000000000000000e+00 1.000000000000000000e+00
1.972822397947311401e-01 -7.498884201049804688e-01 -6.314641833305358887e-01 1.686521321535110474e-01
-9.491480588912963867e-01 -3.073081374168395996e-01 6.840746849775314331e-02 1.285785157233476639e-02
-2.453521192073822021e-01 5.858574509620666504e-01 -7.723814249038696289e-01 2.907535731792449951e-01
0.000000000000000000e+00 0.000000000000000000e+00 0.000000000000000000e+00 1.000000000000000000e+00
3.124283254146575928e-01 -6.844620108604431152e-01 -6.587111353874206543e-01 1.612570136785507202e-01
-9.127889275550842285e-01 -4.083405435085296631e-01 -8.634531870484352112e-03 3.534086048603057861e-02
-2.630683779716491699e-01 6.039618849754333496e-01 -7.523465752601623535e-01 2.803105115890502930e-01
0.000000000000000000e+00 0.000000000000000000e+00 0.000000000000000000e+00 1.000000000000000000e+00
3.433878719806671143e-01 -6.738179326057434082e-01 -6.542583703994750977e-01 1.567100882530212402e-01
-9.216725230216979980e-01 -3.756949305534362793e-01 -9.681343287229537964e-02 6.416855007410049438e-02
-1.805669814348220825e-01 6.362565755844116211e-01 -7.500485777854919434e-01 2.717115879058837891e-01
0.000000000000000000e+00 0.000000000000000000e+00 0.000000000000000000e+00 1.000000000000000000e+00
3.491413891315460205e-01 -6.875620484352111816e-01 -6.366778016090393066e-01 1.504170894622802734e-01
-9.331940412521362305e-01 -3.168507516384124756e-01 -1.695709079504013062e-01 8.696898072957992554e-02
-8.514133840799331665e-02 6.533482074737548828e-01 -7.522544264793395996e-01 2.646948993206024170e-01
0.000000000000000000e+00 0.000000000000000000e+00 0.000000000000000000e+00 1.000000000000000000e+00
