1 0 0 -0.01792658120393753 
0 1 0 0.02243540808558464 
0 0 1 -0.3816788792610168 
0 0 0 1 

0.7605970501899719 0.6487587094306946 -0.02458027191460133 -0.03024308755993843 
-0.6445196270942688 0.7499944567680359 -0.1486694812774658 0.05849587172269821 
-0.07801557332277298 0.1289200484752655 0.9885814785957336 -0.2772261798381805 
0 0 0 1 

0.7855265736579895 0.6177126169204712 0.03713379427790642 -0.05335896462202072 
-0.6151029467582703 0.7859654426574707 -0.0625021904706955 0.03014231659471989 
-0.06779428571462631 0.0262560062110424 0.9973537921905518 -0.2830780744552612 
0 0 0 1 

0.8104808330535889 0.5802059173583984 0.08050855994224548 -0.07047045975923538 
-0.5829406976699829 0.8123987913131714 0.01370897423475981 0.004029746167361736 
-0.05745100602507591 -0.05804261565208435 0.9966596364974976 -0.2868446111679077 
0 0 0 1 

0.8385390043258667 0.5347793698310852 0.1042260006070137 -0.08215367794036865 
-0.5440986156463623 0.8319161534309387 0.1089583337306976 -0.02820326201617718 
-0.02843854576349258 -0.1480750739574432 0.9885671138763428 -0.2882464528083801 
0 0 0 1 

0.8487397432327271 0.519963800907135 0.09632382541894913 -0.08314406871795654 
-0.5281234979629517 0.8241744041442871 0.204504057765007 -0.06121271103620529 
0.02694714441895485 -0.2244416028261185 0.9741148352622986 -0.288025975227356 
0 0 0 1 

0.8503974676132202 0.5229927897453308 0.05746679380536079 -0.07431679219007492 
-0.516618013381958 0.8093245625495911 0.2794624865055084 -0.0893181636929512 
0.09964767098426819 -0.2673425674438477 0.9584352970123291 -0.2882027924060822 
0 0 0 1 

0.9817463159561157 0.1890860050916672 -0.02051916159689426 -0.01602247916162014 
-0.1899129152297974 0.9804477691650391 -0.05152986943721771 0.001804857514798641 
0.01037435978651047 0.05448611453175545 0.998460590839386 -0.2342702150344849 
0 0 0 1 

0.8953177928924561 -0.1397910118103027 0.4229236543178558 -0.0647759735584259 
0.03862933069467545 0.9702681303024292 0.2389300465583801 -0.06615275144577026 
-0.4437496066093445 -0.1975810378789902 0.8740983009338379 -0.2023661881685257 
0 0 0 1 

0.8738488554954529 -0.1472887694835663 0.4633511602878571 -0.07521584630012512 
0.04560011252760887 0.9736369848251343 0.2234983295202255 -0.05970596522092819 
-0.4840546846389771 -0.1741749048233032 0.8575279712677002 -0.1970678269863129 
0 0 0 1 

