1.000000000000000000e+00 0.000000000000000000e+00 0.000000000000000000e+00 -4.255350477121360719e-01
0.000000000000000000e+00 -1.000000000000000000e+00 0.000000000000000000e+00 3.076616963927396031e-01
0.000000000000000000e+00 0.000000000000000000e+00 -1.000000000000000000e+00 -5.117628744684824760e+00
0.000000000000000000e+00 0.000000000000000000e+00 0.000000000000000000e+00 1.000000000000000000e+00
9.833542704582214355e-01 -5.302197486162185669e-02 1.737897843122482300e-01 5.470359003870562953e-01
-5.706767737865447998e-02 -9.982013702392578125e-01 1.836192235350608826e-02 3.606213131704478214e-01
1.725036799907684326e-01 -2.797410637140274048e-02 -9.846114516258239746e-01 -5.061546734017230875e+00
0.000000000000000000e+00 0.000000000000000000e+00 0.000000000000000000e+00 1.000000000000000000e+00
9.671080112457275391e-01 -6.721836328506469727e-02 2.453237622976303101e-01 9.329976834268123298e-01
-7.433453202247619629e-02 -9.970356225967407227e-01 1.985297165811061859e-02 3.821882190339180307e-01
2.432620227336883545e-01 -3.743604943156242371e-02 -9.692378044128417969e-01 -4.934238518248360350e+00
0.000000000000000000e+00 0.000000000000000000e+00 0.000000000000000000e+00 1.000000000000000000e+00
9.993280768394470215e-01 -3.383150324225425720e-02 -1.409729942679405212e-02 -4.532170559963122347e-01
-3.385690972208976746e-02 -9.994254112243652344e-01 -1.567526487633585930e-03 2.609265800313074202e-01
-1.403616555035114288e-02 2.043781103566288948e-03 -9.998993873596191406e-01 -4.933409563679343357e+00
0.000000000000000000e+00 0.000000000000000000e+00 0.000000000000000000e+00 1.000000000000000000e+00
9.965150952339172363e-01 -4.707400128245353699e-02 6.886007636785507202e-02 7.085935283602107747e-03
-4.494871571660041809e-02 -9.984735846519470215e-01 -3.209491819143295288e-02 1.541441538808289990e-01
7.026580721139907837e-02 2.888787724077701569e-02 -9.971098899841308594e-01 -4.918243147390291448e+00
0.000000000000000000e+00 0.000000000000000000e+00 0.000000000000000000e+00 1.000000000000000000e+00
-2.293825149536132812e-01 -7.319393754005432129e-02 9.705805182456970215e-01 5.211887858061620804e+00
-4.019096121191978455e-02 -9.956057071685791016e-01 -8.457973599433898926e-02 -5.894475761657111401e-02
9.725062251091003418e-01 -5.840966477990150452e-02 2.254329472780227661e-01 1.180326609740295352e+00
0.000000000000000000e+00 0.000000000000000000e+00 0.000000000000000000e+00 1.000000000000000000e+00
-2.671408355236053467e-01 -9.746453166007995605e-02 9.587166309356689453e-01 5.095696125440879243e+00
-1.687439158558845520e-02 -9.942464828491210938e-01 -1.057785153388977051e-01 -1.141135951154069322e-01
9.635092616081237793e-01 -4.443552717566490173e-02 2.639593183994293213e-01 1.451541775191247385e+00
0.000000000000000000e+00 0.000000000000000000e+00 0.000000000000000000e+00 1.000000000000000000e+00
-2.737877368927001953e-01 -9.151762723922729492e-02 9.574257731437683105e-01 5.001921086242033354e+00
-2.721928246319293976e-02 -9.943258762359619141e-01 -1.028285399079322815e-01 -4.132508321647750810e-02
9.614042043685913086e-01 -5.421367287635803223e-02 2.697435021400451660e-01 1.565695942243171324e+00
0.000000000000000000e+00 0.000000000000000000e+00 0.000000000000000000e+00 1.000000000000000000e+00
-2.442889064550399780e-01 -8.164109289646148682e-02 9.662594795227050781e-01 4.947589443503560780e+00
-2.864937670528888702e-02 -9.954070448875427246e-01 -9.134690463542938232e-02 3.937451149852309179e-02
9.692785739898681641e-01 -4.999776929616928101e-02 2.408279180526733398e-01 1.508944795796733684e+00
0.000000000000000000e+00 0.000000000000000000e+00 0.000000000000000000e+00 1.000000000000000000e+00
-2.226900011301040649e-01 -8.237012475728988647e-02 9.714027643203735352e-01 4.899489047101743822e+00
-5.692062154412269592e-02 -9.936260581016540527e-01 -9.730340540409088135e-02 3.424630064763659054e-02
9.732259511947631836e-01 -7.696136832237243652e-02 2.165819555521011353e-01 1.501089965152211381e+00
0.000000000000000000e+00 0.000000000000000000e+00 0.000000000000000000e+00 1.000000000000000000e+00
-2.003371864557266235e-01 -6.605555862188339233e-02 9.774973392486572266e-01 4.853475917829189967e+00
-7.894001156091690063e-02 -9.933918714523315430e-01 -8.330831676721572876e-02 1.355904547216860712e-01
9.765415787696838379e-01 -9.385351836681365967e-02 1.937990188598632812e-01 1.494275395112130589e+00
0.000000000000000000e+00 0.000000000000000000e+00 0.000000000000000000e+00 1.000000000000000000e+00
-1.848029494285583496e-01 -5.079057812690734863e-02 9.814621806144714355e-01 4.816225739129925465e+00
-1.069541797041893005e-01 -9.916927218437194824e-01 -7.145884633064270020e-02 2.399643516854055025e-01
9.769387841224670410e-01 -1.181773021817207336e-01 1.778356283903121948e-01 1.518974094511897910e+00
0.000000000000000000e+00 0.000000000000000000e+00 0.000000000000000000e+00 1.000000000000000000e+00
-1.757882535457611084e-01 -6.494023650884628296e-02 9.822835326194763184e-01 4.812096045400982902e+00
-1.011776477098464966e-01 -9.913458228111267090e-01 -8.364599198102951050e-02 2.313756789889851173e-01
9.792143702507019043e-01 -1.140891313552856445e-01 1.676965653896331787e-01 1.539229514089776263e+00
0.000000000000000000e+00 0.000000000000000000e+00 0.000000000000000000e+00 1.000000000000000000e+00
-1.703705042600631714e-01 -5.620962753891944885e-02 9.837756752967834473e-01 4.805413616036576130e+00
-1.400307416915893555e-01 -9.868580698966979980e-01 -8.063626289367675781e-02 2.869503815633152044e-01
9.753798842430114746e-01 -1.514969170093536377e-01 1.602602452039718628e-01 1.595491878922816742e+00
0.000000000000000000e+00 0.000000000000000000e+00 0.000000000000000000e+00 1.000000000000000000e+00
-1.487004607915878296e-01 -6.151492893695831299e-02 9.869671463966369629e-01 4.833609182310838470e+00
-1.465791016817092896e-01 -9.856666922569274902e-01 -8.351808041334152222e-02 3.126303643665567789e-01
9.779582619667053223e-01 -1.570879220962524414e-01 1.375521719455718994e-01 1.563445483363545829e+00
0.000000000000000000e+00 0.000000000000000000e+00 0.000000000000000000e+00 1.000000000000000000e+00
-1.463066041469573975e-01 -6.256376206874847412e-02 9.872589707374572754e-01 4.823913707449760224e+00
-1.767919063568115234e-01 -9.802779555320739746e-01 -8.832094818353652954e-02 3.066634985859601481e-01
9.733135700225830078e-01 -1.874612122774124146e-01 1.323603987693786621e-01 1.663857317759524390e+00
0.000000000000000000e+00 0.000000000000000000e+00 0.000000000000000000e+00 1.000000000000000000e+00
-1.297299563884735107e-01 -6.703550368547439575e-02 9.892808794975280762e-01 4.844446701810323219e+00
-1.915072053670883179e-01 -9.772320985794067383e-01 -9.133245050907135010e-02 3.373871729260656815e-01
9.728802442550659180e-01 -2.013030350208282471e-01 1.139384657144546509e-01 1.694376456785763096e+00
0.000000000000000000e+00 0.000000000000000000e+00 0.000000000000000000e+00 1.000000000000000000e+00
-9.694859385490417480e-02 -5.929937213659286499e-02 9.935210347175598145e-01 4.870415717540423017e+00
-2.169991880655288696e-01 -9.729497432708740234e-01 -7.924645394086837769e-02 4.136985619347778309e-01
9.713459014892578125e-01 -2.232761383056640625e-01 8.145830780267715454e-02 1.653499552244693360e+00
0.000000000000000000e+00 0.000000000000000000e+00 0.000000000000000000e+00 1.000000000000000000e+00
-1.046683080494403839e-02 -8.586921542882919312e-02 9.962514042854309082e-01 5.000081037253746530e+00
-2.311447262763977051e-01 -9.691150784492492676e-01 -8.595867455005645752e-02 3.807330099225886832e-01
9.728634357452392578e-01 -2.311779856681823730e-01 -9.704822674393653870e-03 1.446882229098360950e+00
0.000000000000000000e+00 0.000000000000000000e+00 0.000000000000000000e+00 1.000000000000000000e+00
3.343374654650688171e-02 -1.400908678770065308e-01 9.895734786987304688e-01 5.211449770055783581e+00
-2.418437898159027100e-01 -9.618359804153442383e-01 -1.279932856559753418e-01 1.794587533311492178e-01
9.697389602661132812e-01 -2.350430935621261597e-01 -6.603786349296569824e-02 1.494730943147186464e+00
0.000000000000000000e+00 0.000000000000000000e+00 0.000000000000000000e+00 1.000000000000000000e+00
5.266394838690757751e-02 -1.558624804019927979e-01 9.863734841346740723e-01 5.333673942771401499e+00
-2.732459008693695068e-01 -9.522972702980041504e-01 -1.358889788389205933e-01 1.566568108128613968e-01
9.605012536048889160e-01 -2.623662054538726807e-01 -9.274062514305114746e-02 1.406002646030081626e+00
0.000000000000000000e+00 0.000000000000000000e+00 0.000000000000000000e+00 1.000000000000000000e+00
-3.272401541471481323e-02 -1.803672313690185547e-01 9.830549359321594238e-01 5.139619606671096186e+00
-2.031732797622680664e-01 -9.618442058563232422e-01 -1.832388490438461304e-01 -1.199196996610715216e-01
9.785954356193542480e-01 -2.057268768548965454e-01 -5.170488264411687851e-03 1.702171169375136461e+00
0.000000000000000000e+00 0.000000000000000000e+00 0.000000000000000000e+00 1.000000000000000000e+00
4.252956714481115341e-03 -1.982342153787612915e-01 9.801455140113830566e-01 5.123360748099371698e+00
-1.714008450508117676e-01 -9.657933712005615234e-01 -1.945879012346267700e-01 -2.013715668032724782e-01
9.851920008659362793e-01 -1.671701520681381226e-01 -3.808484226465225220e-02 1.458788877773323778e+00
0.000000000000000000e+00 0.000000000000000000e+00 0.000000000000000000e+00 1.000000000000000000e+00
1.938043534755706787e-02 -2.570055723190307617e-01 9.662163853645324707e-01 4.857536565078950375e+00
-7.098127156496047974e-02 -9.643118381500244141e-01 -2.550752460956573486e-01 -6.072374359352471496e-01
9.972890615463256836e-01 -6.363993883132934570e-02 -3.693097829818725586e-02 1.226091132005913797e+00
0.000000000000000000e+00 0.000000000000000000e+00 0.000000000000000000e+00 1.000000000000000000e+00
1.207983214408159256e-02 -3.115220367908477783e-01 9.501623511314392090e-01 4.575650345634355354e+00
-3.230481967329978943e-02 -9.498567581176757812e-01 -3.110112249851226807e-01 -1.003065722758650136e+00
9.994055032730102539e-01 -2.693786099553108215e-02 -2.153775282204151154e-02 1.170807520856205208e+00
0.000000000000000000e+00 0.000000000000000000e+00 0.000000000000000000e+00 1.000000000000000000e+00
3.907880932092666626e-02 -3.852893114089965820e-01 9.219678640365600586e-01 4.337273725363736787e+00
2.727185608819127083e-03 -9.226280450820922852e-01 -3.856804966926574707e-01 -1.399778617994203112e+00
9.992322325706481934e-01 1.758627034723758698e-02 -3.500450029969215393e-02 1.043882334478307916e+00
0.000000000000000000e+00 0.000000000000000000e+00 0.000000000000000000e+00 1.000000000000000000e+00
7.900069653987884521e-02 -4.299613833427429199e-01 8.993841409683227539e-01 4.156642183543742597e+00
5.101412162184715271e-02 -8.992780447006225586e-01 -4.343915283679962158e-01 -1.635625617327128190e+00
9.955685734748840332e-01 8.019851148128509521e-02 -4.910948500037193298e-02 9.080970761145946701e-01
0.000000000000000000e+00 0.000000000000000000e+00 0.000000000000000000e+00 1.000000000000000000e+00
3.666091859340667725e-01 -4.406262040138244629e-01 8.194181323051452637e-01 3.875352779643332024e+00
1.224104315042495728e-01 -8.502388596534729004e-01 -5.119659900665283203e-01 -2.016144732281678120e+00
9.222872853279113770e-01 2.879967987537384033e-01 -2.577682137489318848e-01 -1.355459129642553606e-01
0.000000000000000000e+00 0.000000000000000000e+00 0.000000000000000000e+00 1.000000000000000000e+00
4.937818348407745361e-01 -4.295437037944793701e-01 7.560899853706359863e-01 3.604270350096322684e+00
1.412643194198608398e-01 -8.183095455169677734e-01 -5.571473240852355957e-01 -2.252346586867520095e+00
8.580349683761596680e-01 3.819177746772766113e-01 -3.433873355388641357e-01 -5.720900950820172470e-01
0.000000000000000000e+00 0.000000000000000000e+00 0.000000000000000000e+00 1.000000000000000000e+00
5.271904468536376953e-01 -4.634211361408233643e-01 7.122573852539062500e-01 3.346164690446868928e+00
1.664286851882934570e-01 -7.656549215316772461e-01 -6.213489174842834473e-01 -2.530322751814360949e+00
8.332897424697875977e-01 4.461093544960021973e-01 -3.265193402767181396e-01 -5.333063603505424632e-01
0.000000000000000000e+00 0.000000000000000000e+00 0.000000000000000000e+00 1.000000000000000000e+00
5.536270737648010254e-01 -4.718919694423675537e-01 6.861597299575805664e-01 3.151734963718373361e+00
1.632760167121887207e-01 -7.464526295661926270e-01 -6.450961232185363770e-01 -2.643918495545438230e+00
8.166014552116394043e-01 4.691760540008544922e-01 -3.362078070640563965e-01 -5.976741965316261229e-01
0.000000000000000000e+00 0.000000000000000000e+00 0.000000000000000000e+00 1.000000000000000000e+00
5.871708989143371582e-01 -4.638111591339111328e-01 6.634077429771423340e-01 2.980883022354781087e+00
1.762265861034393311e-01 -7.266609668731689453e-01 -6.640085577964782715e-01 -2.718110921519574230e+00
7.900472283363342285e-01 5.067968368530273438e-01 -3.449383080005645752e-01 -6.606346154711295604e-01
0.000000000000000000e+00 0.000000000000000000e+00 0.000000000000000000e+00 1.000000000000000000e+00
5.900862812995910645e-01 -4.981585144996643066e-01 6.353236436843872070e-01 2.776730043445996721e+00
1.782670766115188599e-01 -6.871136426925659180e-01 -7.043403983116149902e-01 -2.875334119621850704e+00
7.874126434326171875e-01 5.288791060447692871e-01 -3.166509866714477539e-01 -5.847267416263088879e-01
0.000000000000000000e+00 0.000000000000000000e+00 0.000000000000000000e+00 1.000000000000000000e+00
6.067952513694763184e-01 -5.321987867355346680e-01 5.903927087783813477e-01 2.448601531845358448e+00
1.534452289342880249e-01 -6.503618359565734863e-01 -7.439647316932678223e-01 -3.004426234512318050e+00
7.799061536788940430e-01 5.420274138450622559e-01 -3.129732608795166016e-01 -6.512980136537827036e-01
0.000000000000000000e+00 0.000000000000000000e+00 0.000000000000000000e+00 1.000000000000000000e+00
6.118220090866088867e-01 -5.512099266052246094e-01 5.673097968101501465e-01 2.295507035424909414e+00
1.353444308042526245e-01 -6.336818337440490723e-01 -7.616620063781738281e-01 -3.051660970601875356e+00
7.793297767639160156e-01 5.427839159965515137e-01 -3.130974173545837402e-01 -7.063844554394508313e-01
0.000000000000000000e+00 0.000000000000000000e+00 0.000000000000000000e+00 1.000000000000000000e+00
7.441635131835937500e-01 -4.826202392578125000e-01 4.618422985076904297e-01 1.791885389239413984e+00
1.317444741725921631e-01 -5.717671513557434082e-01 -8.097690939903259277e-01 -3.192601302592251944e+00
6.548771262168884277e-01 6.634458303451538086e-01 -3.619056642055511475e-01 -9.864806746726940689e-01
0.000000000000000000e+00 0.000000000000000000e+00 0.000000000000000000e+00 1.000000000000000000e+00
4.265813231468200684e-01 -7.497466206550598145e-01 5.058743357658386230e-01 1.891545648741319585e+00
1.026416569948196411e-01 -5.155736804008483887e-01 -8.506752848625183105e-01 -3.278081240637086058e+00
8.986065387725830078e-01 4.148061275482177734e-01 -1.429789513349533081e-01 -2.899750599704237763e-01
0.000000000000000000e+00 0.000000000000000000e+00 0.000000000000000000e+00 1.000000000000000000e+00
5.199997425079345703e-01 -7.430267930030822754e-01 4.213208556175231934e-01 1.510655309756460563e+00
2.152799069881439209e-02 -4.816965460777282715e-01 -8.760735392570495605e-01 -3.275320968745232264e+00
8.538949489593505859e-01 4.646281898021697998e-01 -2.344862520694732666e-01 -6.982948072428866171e-01
0.000000000000000000e+00 0.000000000000000000e+00 0.000000000000000000e+00 1.000000000000000000e+00
6.126660108566284180e-01 -7.148638963699340820e-01 3.370606899261474609e-01 1.233807102378997822e+00
-3.791032359004020691e-02 -4.525646567344665527e-01 -8.909256458282470703e-01 -3.219412169503860000e+00
7.894324660301208496e-01 5.330615639686584473e-01 -3.043716847896575928e-01 -9.587200218535024687e-01
0.000000000000000000e+00 0.000000000000000000e+00 0.000000000000000000e+00 1.000000000000000000e+00
6.050441265106201172e-01 -7.634463310241699219e-01 2.259889990091323853e-01 9.085514600177282407e-01
-1.169595569372177124e-01 -3.659830391407012939e-01 -9.232426285743713379e-01 -3.371721361428337449e+00
7.875544428825378418e-01 5.321707725524902344e-01 -3.107281029224395752e-01 -9.216593241531396696e-01
0.000000000000000000e+00 0.000000000000000000e+00 0.000000000000000000e+00 1.000000000000000000e+00
5.971477627754211426e-01 -7.958666086196899414e-01 1.000542640686035156e-01 4.518608346976341616e-01
-1.869042366743087769e-01 -2.593565881252288818e-01 -9.475229382514953613e-01 -3.583236520384499801e+00
7.800524830818176270e-01 5.471112132072448730e-01 -3.036250472068786621e-01 -8.463677595783066776e-01
0.000000000000000000e+00 0.000000000000000000e+00 0.000000000000000000e+00 1.000000000000000000e+00
6.001800894737243652e-01 -7.997356653213500977e-01 -1.439729146659374237e-02 -2.399025059811195001e-02
-2.094994634389877319e-01 -1.398016512393951416e-01 -9.677627682685852051e-01 -3.779778910648393442e+00
7.719419002532958984e-01 5.838480591773986816e-01 -2.514504492282867432e-01 -6.409843446331988659e-01
0.000000000000000000e+00 0.000000000000000000e+00 0.000000000000000000e+00 1.000000000000000000e+00
6.054050326347351074e-01 -7.863894104957580566e-01 -1.227914467453956604e-01 -5.566033204550234759e-01
-2.382945120334625244e-01 -3.188602626323699951e-02 -9.706692099571228027e-01 -3.874545203324216480e+00
7.594083547592163086e-01 6.169085502624511719e-01 -2.066962867975234985e-01 -4.925065378702825347e-01
0.000000000000000000e+00 0.000000000000000000e+00 0.000000000000000000e+00 1.000000000000000000e+00
6.194323301315307617e-01 -7.467778325080871582e-01 -2.421305328607559204e-01 -1.151059677396199188e+00
-2.427216172218322754e-01 1.111358851194381714e-01 -9.637085795402526855e-01 -3.942662729586968506e+00
7.465856671333312988e-01 6.557226777076721191e-01 -1.124180555343627930e-01 -1.477470260240296429e-01
0.000000000000000000e+00 0.000000000000000000e+00 0.000000000000000000e+00 1.000000000000000000e+00
5.887269973754882812e-01 -8.032803535461425781e-01 -9.022905677556991577e-02 -3.991553244765630448e-01
-3.116754889488220215e-01 -1.225893646478652954e-01 -9.422474503517150879e-01 -3.615285594470980080e+00
7.458276748657226562e-01 5.828486084938049316e-01 -3.225343823432922363e-01 -1.121276564448948188e+00
0.000000000000000000e+00 0.000000000000000000e+00 0.000000000000000000e+00 1.000000000000000000e+00
5.773460268974304199e-01 -8.164722919464111328e-01 -6.726567633450031281e-03 -2.216032049039443758e-02
-3.812847137451171875e-01 -2.623119056224822998e-01 -8.864616751670837402e-01 -3.254975868108187953e+00
7.220067381858825684e-01 5.143600106239318848e-01 -4.627531468868255615e-01 -1.645648364108407424e+00
0.000000000000000000e+00 0.000000000000000000e+00 0.000000000000000000e+00 1.000000000000000000e+00
5.613628625869750977e-01 -8.199770450592041016e-01 1.118458732962608337e-01 4.702876634313999382e-01
-4.490191638469696045e-01 -4.153139591217041016e-01 -7.911355495452880859e-01 -2.706650793250923392e+00
6.951642632484436035e-01 3.938932120800018311e-01 -6.013274192810058594e-01 -2.115258667014607852e+00
0.000000000000000000e+00 0.000000000000000000e+00 0.000000000000000000e+00 1.000000000000000000e+00
5.808953046798706055e-01 -7.953190207481384277e-01 1.732853651046752930e-01 6.988347832757484390e-01
-5.115181803703308105e-01 -5.222766995429992676e-01 -6.823315620422363281e-01 -2.151995068936113586e+00
6.331741809844970703e-01 3.077246546745300293e-01 -7.102081775665283203e-01 -2.432227442212917090e+00
0.000000000000000000e+00 0.000000000000000000e+00 0.000000000000000000e+00 1.000000000000000000e+00
5.909128785133361816e-01 -7.819437980651855469e-01 1.984581649303436279e-01 7.710051196160555564e-01
-5.709411501884460449e-01 -5.791471004486083984e-01 -5.819063186645507812e-01 -1.700016816217762017e+00
5.699545741081237793e-01 2.305479943752288818e-01 -7.886692285537719727e-01 -2.650234557487470166e+00
0.000000000000000000e+00 0.000000000000000000e+00 0.000000000000000000e+00 1.000000000000000000e+00
6.109170317649841309e-01 -7.773563265800476074e-01 1.499921232461929321e-01 5.426020946151126623e-01
-6.580594778060913086e-01 -6.039318442344665527e-01 -4.496934115886688232e-01 -1.215744850594453030e+00
4.401569664478302002e-01 1.760215312242507935e-01 -8.804990649223327637e-01 -2.903589898733045072e+00
0.000000000000000000e+00 0.000000000000000000e+00 0.000000000000000000e+00 1.000000000000000000e+00
6.065455675125122070e-01 -7.824770808219909668e-01 1.408261358737945557e-01 4.521402447674805480e-01
-7.098911404609680176e-01 -6.127716302871704102e-01 -3.472262620925903320e-01 -8.191162297612911702e-01
3.579908609390258789e-01 1.106371656060218811e-01 -9.271476864814758301e-01 -3.005112825897452211e+00
0.000000000000000000e+00 0.000000000000000000e+00 0.000000000000000000e+00 1.000000000000000000e+00
5.992855429649353027e-01 -7.822905182838439941e-01 1.699354350566864014e-01 4.967380204215373074e-01
-7.529264688491821289e-01 -6.229132413864135742e-01 -2.123234122991561890e-01 -3.051049981497619412e-01
2.719536423683166504e-01 -7.066455436870455742e-04 -9.623100757598876953e-01 -3.053272546716726321e+00
0.000000000000000000e+00 0.000000000000000000e+00 0.000000000000000000e+00 1.000000000000000000e+00
5.883311033248901367e-01 -7.891585230827331543e-01 1.763384044170379639e-01 5.008872078762826030e-01
-7.782472372055053711e-01 -6.118113994598388672e-01 -1.414842605590820312e-01 -4.651869167325130283e-02
2.195394039154052734e-01 -5.399531126022338867e-02 -9.741081595420837402e-01 -3.062197796197975830e+00
0.000000000000000000e+00 0.000000000000000000e+00 0.000000000000000000e+00 1.000000000000000000e+00
5.588871836662292480e-01 -8.099607229232788086e-01 1.777874231338500977e-01 4.648965321938011708e-01
-8.219104409217834473e-01 -5.695130825042724609e-01 -1.084460038691759109e-02 4.092580350436322845e-01
1.100360006093978882e-01 -1.400645673274993896e-01 -9.840090870857238770e-01 -3.063257897744710689e+00
0.000000000000000000e+00 0.000000000000000000e+00 0.000000000000000000e+00 1.000000000000000000e+00
5.407727956771850586e-01 -8.253092169761657715e-01 1.625711321830749512e-01 3.747012454058804565e-01
-8.409346938133239746e-01 -5.258716940879821777e-01 1.276230067014694214e-01 8.890649454108858762e-01
-1.983693055808544159e-02 -2.057267278432846069e-01 -9.784082770347595215e-01 -3.006556849677563648e+00
0.000000000000000000e+00 0.000000000000000000e+00 0.000000000000000000e+00 1.000000000000000000e+00
5.415894389152526855e-01 -8.122355937957763672e-01 2.166881412267684937e-01 5.232154106955494433e-01
-8.349682688713073730e-01 -4.898559153079986572e-01 2.507368028163909912e-01 1.310750841073411888e+00
-9.751141816377639771e-02 -3.167243599891662598e-01 -9.434921741485595703e-01 -2.845197211925965419e+00
0.000000000000000000e+00 0.000000000000000000e+00 0.000000000000000000e+00 1.000000000000000000e+00
4.947536885738372803e-01 -8.329817652702331543e-01 2.477097809314727783e-01 6.189362511051064164e-01
-8.402066826820373535e-01 -3.856924474239349365e-01 3.811742365360260010e-01 1.755520185023601965e+00
-2.219714224338531494e-01 -3.967147767543792725e-01 -8.906997442245483398e-01 -2.586946713397770381e+00
0.000000000000000000e+00 0.000000000000000000e+00 0.000000000000000000e+00 1.000000000000000000e+00
4.787955284118652344e-01 -8.317121267318725586e-01 2.810867130756378174e-01 7.362748397927605382e-01
-8.203589320182800293e-01 -3.098192512989044189e-01 4.806483089923858643e-01 2.093855472568218357e+00
-3.126752078533172607e-01 -4.607243239879608154e-01 -8.306428790092468262e-01 -2.332919756255564803e+00
0.000000000000000000e+00 0.000000000000000000e+00 0.000000000000000000e+00 1.000000000000000000e+00
4.577602446079254150e-01 -8.380314707756042480e-01 2.969157993793487549e-01 8.382215694845540632e-01
-8.013496994972229004e-01 -2.442547827959060669e-01 5.460565686225891113e-01 2.308337447625508076e+00
-3.850894868373870850e-01 -4.878962337970733643e-01 -7.833665013313293457e-01 -2.127178113097349943e+00
0.000000000000000000e+00 0.000000000000000000e+00 0.000000000000000000e+00 1.000000000000000000e+00
4.192318916320800781e-01 -8.569791913032531738e-01 2.997191548347473145e-01 9.281574855543447411e-01
-7.833462357521057129e-01 -1.745672225952148438e-01 5.965692996978759766e-01 2.457679625039435045e+00
-4.589262306690216064e-01 -4.848848283290863037e-01 -7.444953918457031250e-01 -1.911924523794270803e+00
0.000000000000000000e+00 0.000000000000000000e+00 0.000000000000000000e+00 1.000000000000000000e+00
3.959426283836364746e-01 -8.636992573738098145e-01 3.118536770343780518e-01 1.055514510041257292e+00
-7.743678689002990723e-01 -1.315203756093978882e-01 6.189160943031311035e-01 2.487722581450633186e+00
-4.935421347618103027e-01 -4.865446686744689941e-01 -7.208955287933349609e-01 -1.748978007478048768e+00
0.000000000000000000e+00 0.000000000000000000e+00 0.000000000000000000e+00 1.000000000000000000e+00
3.107278645038604736e-01 -9.052309393882751465e-01 2.898367047309875488e-01 1.101387463056508809e+00
-7.685344815254211426e-01 -5.985027924180030823e-02 6.370029449462890625e-01 2.469354630713123111e+00
-5.592879056930541992e-01 -4.206839501857757568e-01 -7.142984271049499512e-01 -1.639242319070147058e+00
0.000000000000000000e+00 0.000000000000000000e+00 0.000000000000000000e+00 1.000000000000000000e+00
1.345508098602294922e-01 -9.595434069633483887e-01 2.473307549953460693e-01 1.116963396394496044e+00
-7.822586894035339355e-01 5.035514757037162781e-02 6.209154129028320312e-01 2.247882096457610057e+00
-6.082497239112854004e-01 -2.770213484764099121e-01 -7.438358068466186523e-01 -1.699125755076438926e+00
0.000000000000000000e+00 0.000000000000000000e+00 0.000000000000000000e+00 1.000000000000000000e+00
-6.378516554832458496e-02 -9.800272583961486816e-01 1.883563548326492310e-01 9.701872480473706650e-01
-7.891788482666015625e-01 1.650601923465728760e-01 5.915674567222595215e-01 2.029441853412792707e+00
-6.108424067497253418e-01 -1.109136715531349182e-01 -7.839450240135192871e-01 -1.854401465487909739e+00
0.000000000000000000e+00 0.000000000000000000e+00 0.000000000000000000e+00 1.000000000000000000e+00
-1.874205917119979858e-01 -9.582771658897399902e-01 2.158205509185791016e-01 1.039266167168947819e+00
-7.484309673309326172e-01 2.816115319728851318e-01 6.004546880722045898e-01 2.085174465086600204e+00
-6.361795663833618164e-01 -4.898912459611892700e-02 -7.699843645095825195e-01 -1.781118151489655910e+00
0.000000000000000000e+00 0.000000000000000000e+00 0.000000000000000000e+00 1.000000000000000000e+00
-1.985933631658554077e-01 -9.535772204399108887e-01 2.263861298561096191e-01 1.142010304331511961e+00
-7.029678821563720703e-01 2.995442152023315430e-01 6.450653076171875000e-01 2.276629240927627862e+00
-6.829322576522827148e-01 -3.103637136518955231e-02 -7.298218607902526855e-01 -1.590312075256909985e+00
0.000000000000000000e+00 0.000000000000000000e+00 0.000000000000000000e+00 1.000000000000000000e+00
-2.749616205692291260e-01 -9.364453554153442383e-01 2.178671211004257202e-01 1.246237055906948221e+00
-6.905249357223510742e-01 3.500184118747711182e-01 6.329790949821472168e-01 2.202169557460800231e+00
-6.690079569816589355e-01 2.360234037041664124e-02 -7.428805232048034668e-01 -1.504651783046629054e+00
0.000000000000000000e+00 0.000000000000000000e+00 0.000000000000000000e+00 1.000000000000000000e+00
2.771839201450347900e-01 -8.885164260864257812e-01 3.656601905822753906e-01 1.083144609460158447e+00
-7.328733205795288086e-01 5.059313774108886719e-02 6.784815192222595215e-01 2.456415161787078638e+00
-6.213418841361999512e-01 -4.560468494892120361e-01 -6.371468901634216309e-01 -1.307356627432125107e+00
0.000000000000000000e+00 0.000000000000000000e+00 0.000000000000000000e+00 1.000000000000000000e+00
5.354161262512207031e-01 -7.806012034416198730e-01 3.224774301052093506e-01 7.623604210588342811e-01
-7.634654641151428223e-01 -2.840418517589569092e-01 5.800351500511169434e-01 2.342665650753227968e+00
-3.611789345741271973e-01 -5.567606091499328613e-01 -7.480426430702209473e-01 -2.137059695997139741e+00
0.000000000000000000e+00 0.000000000000000000e+00 0.000000000000000000e+00 1.000000000000000000e+00
6.054075956344604492e-01 -7.023583650588989258e-01 3.743987083435058594e-01 9.191236069140389375e-01
-7.687794566154479980e-01 -3.942460417747497559e-01 5.035350918769836426e-01 2.116530098239927327e+00
-2.060569226741790771e-01 -5.926739573478698730e-01 -7.786383628845214844e-01 -2.465070947628824172e+00
0.000000000000000000e+00 0.000000000000000000e+00 0.000000000000000000e+00 1.000000000000000000e+00
6.171931624412536621e-01 -6.872342228889465332e-01 3.831207454204559326e-01 9.592657021572736920e-01
-7.725303173065185547e-01 -4.369449019432067871e-01 4.607345461845397949e-01 1.992272625758084947e+00
-1.492300629615783691e-01 -5.803343057632446289e-01 -8.005885481834411621e-01 -2.653310498771211279e+00
0.000000000000000000e+00 0.000000000000000000e+00 0.000000000000000000e+00 1.000000000000000000e+00
6.415532231330871582e-01 -6.937454938888549805e-01 3.273019492626190186e-01 7.470534316936336960e-01
-7.594416141510009766e-01 -5.143852233886718750e-01 3.983164429664611816e-01 1.761033189249237685e+00
-1.079709753394126892e-01 -5.041080117225646973e-01 -8.568649291992187500e-01 -2.942568620324907958e+00
0.000000000000000000e+00 0.000000000000000000e+00 0.000000000000000000e+00 1.000000000000000000e+00
6.594832539558410645e-01 -7.058218717575073242e-01 2.586458921432495117e-01 4.845448685398582866e-01
-7.428786754608154297e-01 -5.593210458755493164e-01 3.678194284439086914e-01 1.657370614867913261e+00
-1.149489283561706543e-01 -4.347131550312042236e-01 -8.932027220726013184e-01 -3.138757444997133828e+00
0.000000000000000000e+00 0.000000000000000000e+00 0.000000000000000000e+00 1.000000000000000000e+00
6.704139113426208496e-01 -7.171531915664672852e-01 1.903588175773620605e-01 2.108495605010570761e-01
-7.312594652175903320e-01 -5.951382517814636230e-01 3.332712948322296143e-01 1.534038027911076352e+00
-1.257168203592300415e-01 -3.626313507556915283e-01 -9.234141111373901367e-01 -3.307215576673030899e+00
0.000000000000000000e+00 0.000000000000000000e+00 0.000000000000000000e+00 1.000000000000000000e+00
6.868153214454650879e-01 -7.123796343803405762e-01 1.442192792892456055e-01 2.429266127348174344e-03
-7.195222377777099609e-01 -6.383209228515625000e-01 2.735573053359985352e-01 1.304604613174483063e+00
-1.028185859322547913e-01 -2.916523516178131104e-01 -9.509822130203247070e-01 -3.472318605007119530e+00
0.000000000000000000e+00 0.000000000000000000e+00 0.000000000000000000e+00 1.000000000000000000e+00
7.245845794677734375e-01 -6.850112676620483398e-01 7.573909312486648560e-02 -3.344710624676669464e-01
-6.838099956512451172e-01 -7.008789777755737305e-01 2.029092609882354736e-01 1.022621272317361774e+00
-8.591128140687942505e-02 -1.988160610198974609e-01 -9.762639999389648438e-01 -3.639349974522700482e+00
0.000000000000000000e+00 0.000000000000000000e+00 0.000000000000000000e+00 1.000000000000000000e+00
7.627121210098266602e-01 -6.458325386047363281e-01 3.421040996909141541e-02 -5.497454475583872791e-01
-6.429136991500854492e-01 -7.513965964317321777e-01 1.485427916049957275e-01 7.860755245992199214e-01
-7.022821158170700073e-02 -1.352897286415100098e-01 -9.883140325546264648e-01 -3.730609182238747490e+00
0.000000000000000000e+00 0.000000000000000000e+00 0.000000000000000000e+00 1.000000000000000000e+00
7.870807051658630371e-01 -6.161811947822570801e-01 -2.871374785900115967e-02 -8.607198772710235035e-01
-6.137052178382873535e-01 -7.869136929512023926e-01 6.428446620702743530e-02 4.146293501401155379e-01
-6.220613420009613037e-02 -3.297526761889457703e-02 -9.975184202194213867e-01 -3.812039583961504885e+00
0.000000000000000000e+00 0.000000000000000000e+00 0.000000000000000000e+00 1.000000000000000000e+00
8.118143081665039062e-01 -5.791295170783996582e-01 -7.460738718509674072e-02 -1.098889010887608819e+00
-5.814877152442932129e-01 -8.134520053863525391e-01 -1.294721383601427078e-02 6.361504323882236078e-02
-5.319140478968620300e-02 5.389403924345970154e-02 -9.971289038658142090e-01 -3.862576844895793116e+00
0.000000000000000000e+00 0.000000000000000000e+00 0.000000000000000000e+00 1.000000000000000000e+00
8.406049013137817383e-01 -5.333064198493957520e-01 -9.469662606716156006e-02 -1.239814958194822792e+00
-5.411763787269592285e-01 -8.342352509498596191e-01 -1.057326495647430420e-01 -3.560632590783379126e-01
-2.261131070554256439e-02 1.401269882917404175e-01 -9.898753166198730469e-01 -3.888060947996243577e+00
0.000000000000000000e+00 0.000000000000000000e+00 0.000000000000000000e+00 1.000000000000000000e+00
8.499311804771423340e-01 -5.199646353721618652e-01 -8.516840636730194092e-02 -1.248680784053903592e+00
-5.257950425148010254e-01 -8.265728354454040527e-01 -2.007902711629867554e-01 -7.965847068858730173e-01
3.400600329041481018e-02 2.154390364885330200e-01 -9.759249687194824219e-01 -3.885895507554345318e+00
0.000000000000000000e+00 0.000000000000000000e+00 0.000000000000000000e+00 1.000000000000000000e+00
8.478373885154724121e-01 -5.281837582588195801e-01 -4.683289304375648499e-02 -1.128996946384817512e+00
-5.184834599494934082e-01 -8.072668313980102539e-01 -2.819483876228332520e-01 -1.182839143824456318e+00
1.111140549182891846e-01 2.633284628391265869e-01 -9.582858085632324219e-01 -3.883572530030637182e+00
0.000000000000000000e+00 0.000000000000000000e+00 0.000000000000000000e+00 1.000000000000000000e+00
8.481195569038391113e-01 -5.298028588294982910e-01 -1.408813055604696274e-03 -9.715452798320329819e-01
-4.935795366764068604e-01 -7.891604900360107422e-01 -3.655198812484741211e-01 -1.583532032879347629e+00
1.925418078899383545e-01 3.106998503208160400e-01 -9.308024644851684570e-01 -3.843444224242296592e+00
0.000000000000000000e+00 0.000000000000000000e+00 0.000000000000000000e+00 1.000000000000000000e+00
8.537175059318542480e-01 -5.192266702651977539e-01 3.962372615933418274e-02 -8.392979590933620226e-01
-4.494160413742065430e-01 -7.730923891067504883e-01 -4.476079940795898438e-01 -2.008426605729557224e+00
2.630429267883300781e-01 3.643232285976409912e-01 -8.933515548706054688e-01 -3.770584315952583587e+00
0.000000000000000000e+00 0.000000000000000000e+00 0.000000000000000000e+00 1.000000000000000000e+00
8.631910681724548340e-01 -4.973076581954956055e-01 8.709802478551864624e-02 -6.564904115296980036e-01
-3.782612979412078857e-01 -7.512798905372619629e-01 -5.408293008804321289e-01 -2.491595811780201064e+00
3.343936502933502197e-01 4.338936507701873779e-01 -8.366107344627380371e-01 -3.684384151702499999e+00
0.000000000000000000e+00 0.000000000000000000e+00 0.000000000000000000e+00 1.000000000000000000e+00
8.957602381706237793e-01 -4.322673380374908447e-01 1.037190407514572144e-01 -5.797191094786255938e-01
-2.835443615913391113e-01 -7.352802157402038574e-01 -6.156013011932373047e-01 -2.864726755052969143e+00
3.423671126365661621e-01 5.220229029655456543e-01 -7.812021374702453613e-01 -3.578928749775546869e+00
0.000000000000000000e+00 0.000000000000000000e+00 0.000000000000000000e+00 1.000000000000000000e+00
9.115946888923645020e-01 -3.790195286273956299e-01 1.591815352439880371e-01 -3.336944135827708546e-01
-1.815679222345352173e-01 -7.186216711997985840e-01 -6.712795495986938477e-01 -3.172188742751409940e+00
3.688194453716278076e-01 5.830326080322265625e-01 -7.239096760749816895e-01 -3.467618285777819942e+00
0.000000000000000000e+00 0.000000000000000000e+00 0.000000000000000000e+00 1.000000000000000000e+00
8.804785609245300293e-01 -4.063783884048461914e-01 2.441599071025848389e-01 9.322937923990438913e-02
-1.168211847543716431e-01 -6.851072907447814941e-01 -7.190134525299072266e-01 -3.406217220518436228e+00
4.594674408435821533e-01 6.045529842376708984e-01 -6.506959795951843262e-01 -3.294005080475259639e+00
0.000000000000000000e+00 0.000000000000000000e+00 0.000000000000000000e+00 1.000000000000000000e+00
8.234302997589111328e-01 -4.657952487468719482e-01 3.240325748920440674e-01 5.309163748325865795e-01
-7.404028624296188354e-02 -6.543863415718078613e-01 -7.525265812873840332e-01 -3.580641721951372869e+00
5.625658631324768066e-01 5.956616997718811035e-01 -5.733295083045959473e-01 -3.041231475657725891e+00
0.000000000000000000e+00 0.000000000000000000e+00 0.000000000000000000e+00 1.000000000000000000e+00
9.484120607376098633e-01 -2.345725297927856445e-01 2.132828682661056519e-01 -1.683136647590782464e-01
-1.776776090264320374e-02 -7.110021710395812988e-01 -7.029646039009094238e-01 -3.316516915638379359e+00
3.165410757064819336e-01 6.629112958908081055e-01 -6.784917116165161133e-01 -3.161787818764163038e+00
0.000000000000000000e+00 0.000000000000000000e+00 0.000000000000000000e+00 1.000000000000000000e+00
9.288376569747924805e-01 -2.510755956172943115e-01 2.724371850490570068e-01 6.727960922382873743e-02
-1.563005847856402397e-03 -7.379967570304870605e-01 -6.748017668724060059e-01 -3.129127945692109058e+00
3.704840242862701416e-01 6.263558268547058105e-01 -6.858717203140258789e-01 -3.245549134387545553e+00
0.000000000000000000e+00 0.000000000000000000e+00 0.000000000000000000e+00 1.000000000000000000e+00
9.060699939727783203e-01 -3.254106044769287109e-01 2.704540491104125977e-01 3.921377791098730470e-02
-4.391013830900192261e-02 -7.080395817756652832e-01 -7.048061490058898926e-01 -3.241628469408591950e+00
4.208433628082275391e-01 6.267276406288146973e-01 -6.558219790458679199e-01 -3.135061275857301766e+00
0.000000000000000000e+00 0.000000000000000000e+00 0.000000000000000000e+00 1.000000000000000000e+00
8.278141021728515625e-01 -4.103784561157226562e-01 3.825088143348693848e-01 6.202212001303808453e-01
3.407211974263191223e-02 -6.437947750091552734e-01 -7.644392848014831543e-01 -3.611797953634651837e+00
5.599666833877563477e-01 6.458467841148376465e-01 -5.189596414566040039e-01 -2.597428683211357558e+00
0.000000000000000000e+00 0.000000000000000000e+00 0.000000000000000000e+00 1.000000000000000000e+00
7.153261303901672363e-01 -5.204706192016601562e-01 4.662821590900421143e-01 1.149542124435498192e+00
7.591197639703750610e-02 -6.054426431655883789e-01 -7.922604680061340332e-01 -3.777475377248133093e+00
6.946557164192199707e-01 6.021208763122558594e-01 -3.935788273811340332e-01 -2.106583016587408874e+00
0.000000000000000000e+00 0.000000000000000000e+00 0.000000000000000000e+00 1.000000000000000000e+00
6.003391742706298828e-01 -5.994618535041809082e-01 5.293752551078796387e-01 1.592475784404705497e+00
1.247242987155914307e-01 -5.836516618728637695e-01 -8.023682236671447754e-01 -3.861559703412051459e+00
7.899595499038696289e-01 5.477188825607299805e-01 -2.756217420101165771e-01 -1.572263762099745943e+00
0.000000000000000000e+00 0.000000000000000000e+00 0.000000000000000000e+00 1.000000000000000000e+00
4.896276295185089111e-01 -6.272038221359252930e-01 6.057059764862060547e-01 2.084822815131993412e+00
2.601259946823120117e-01 -5.579634308815002441e-01 -7.880419492721557617e-01 -3.879512184817938802e+00
8.322255015373229980e-01 5.434072613716125488e-01 -1.100424304604530334e-01 -7.498598289879716550e-01
0.000000000000000000e+00 0.000000000000000000e+00 0.000000000000000000e+00 1.000000000000000000e+00
4.647594690322875977e-01 -6.109853386878967285e-01 6.408554315567016602e-01 2.304395777572338933e+00
3.323350548744201660e-01 -5.504869818687438965e-01 -7.658442258834838867e-01 -3.822202813460076953e+00
8.207020759582519531e-01 5.689119100570678711e-01 -5.279225856065750122e-02 -4.062468507933190143e-01
0.000000000000000000e+00 0.000000000000000000e+00 0.000000000000000000e+00 1.000000000000000000e+00
6.959663629531860352e-01 -3.334430158138275146e-01 6.359609961509704590e-01 2.237893899240536388e+00
4.005258679389953613e-01 -5.548182725906372070e-01 -7.292158603668212891e-01 -3.695304908377833097e+00
5.959944128990173340e-01 7.622284889221191406e-01 -2.525823712348937988e-01 -9.723310074714657247e-01
0.000000000000000000e+00 0.000000000000000000e+00 0.000000000000000000e+00 1.000000000000000000e+00
6.541725993156433105e-01 -3.043563663959503174e-01 6.924055218696594238e-01 2.704465165015661476e+00
