1.000000000000000000e+00 0.000000000000000000e+00 0.000000000000000000e+00 -4.542167112231254578e-02
0.000000000000000000e+00 1.000000000000000000e+00 0.000000000000000000e+00 9.935460984706878662e-04
0.000000000000000000e+00 0.000000000000000000e+00 1.000000000000000000e+00 -2.875000238418579102e-01
0.000000000000000000e+00 0.000000000000000000e+00 0.000000000000000000e+00 1.000000000000000000e+00
9.966736435890197754e-01 8.007362484931945801e-02 1.515887677669525146e-02 -4.857034236192703247e-02
-7.980389147996902466e-02 9.966546297073364258e-01 -1.763363927602767944e-02 9.565189480781555176e-03
-1.652014441788196564e-02 1.636525243520736694e-02 9.997296333312988281e-01 -2.932404875755310059e-01
0.000000000000000000e+00 0.000000000000000000e+00 0.000000000000000000e+00 1.000000000000000000e+00
9.862787127494812012e-01 1.624765098094940186e-01 2.924646437168121338e-02 -5.109272152185440063e-02
-1.609055101871490479e-01 9.857112169265747070e-01 -4.982613772153854370e-02 2.439764514565467834e-02
-3.692420199513435364e-02 4.443649947643280029e-02 9.983295798301696777e-01 -2.926208078861236572e-01
0.000000000000000000e+00 0.000000000000000000e+00 0.000000000000000000e+00 1.000000000000000000e+00
9.665222764015197754e-01 2.539703249931335449e-01 3.652008250355720520e-02 -5.095068737864494324e-02
-2.506944835186004639e-01 9.650449752807617188e-01 -7.642228901386260986e-02 3.750337660312652588e-02
-5.465254187583923340e-02 6.470844894647598267e-02 9.964064359664916992e-01 -2.918707132339477539e-01
0.000000000000000000e+00 0.000000000000000000e+00 0.000000000000000000e+00 1.000000000000000000e+00
9.372319579124450684e-01 3.451508581638336182e-01 4.966771975159645081e-02 -5.206622183322906494e-02
-3.374567329883575439e-01 9.336355328559875488e-01 -1.201966330409049988e-01 5.565233528614044189e-02
-8.785759657621383667e-02 9.589139372110366821e-02 9.915068745613098145e-01 -2.892708778381347656e-01
0.000000000000000000e+00 0.000000000000000000e+00 0.000000000000000000e+00 1.000000000000000000e+00
8.937962055206298828e-01 4.476286172866821289e-01 2.751267887651920319e-02 -4.230159148573875427e-02
-4.402549564838409424e-01 8.874551653861999512e-01 -1.363775581121444702e-01 6.460690498352050781e-02
-8.546277880668640137e-02 1.097811535000801086e-01 9.902747869491577148e-01 -2.901061773300170898e-01
0.000000000000000000e+00 0.000000000000000000e+00 0.000000000000000000e+00 1.000000000000000000e+00
8.453779220581054688e-01 5.339727401733398438e-01 1.445883233100175858e-02 -3.528353199362754822e-02
-5.248271226882934570e-01 8.353299498558044434e-01 -1.636462807655334473e-01 7.715350389480590820e-02
-9.946061670780181885e-02 1.307545453310012817e-01 9.864131212234497070e-01 -2.888789772987365723e-01
0.000000000000000000e+00 0.000000000000000000e+00 0.000000000000000000e+00 1.000000000000000000e+00
7.948291301727294922e-01 6.068079471588134766e-01 -5.531744565814733505e-03 -2.609551511704921722e-02
-5.988652706146240234e-01 7.828878164291381836e-01 -1.686625182628631592e-01 8.194720745086669922e-02
-9.801503270864486694e-02 1.373706459999084473e-01 9.856583476066589355e-01 -2.895688712596893311e-01
0.000000000000000000e+00 0.000000000000000000e+00 0.000000000000000000e+00 1.000000000000000000e+00
7.228077650070190430e-01 6.903157234191894531e-01 -3.182703629136085510e-02 -1.256388612091541290e-02
-6.852049827575683594e-01 7.099577188491821289e-01 -1.626469939947128296e-01 8.306716382503509521e-02
-8.968197554349899292e-02 1.393705606460571289e-01 9.861708283424377441e-01 -2.905426025390625000e-01
0.000000000000000000e+00 0.000000000000000000e+00 0.000000000000000000e+00 1.000000000000000000e+00
6.481868028640747070e-01 7.607012987136840820e-01 -3.445296734571456909e-02 -6.647998467087745667e-03
-7.570950388908386230e-01 6.389443278312683105e-01 -1.362233608961105347e-01 7.753458619117736816e-02
-8.161181956529617310e-02 1.143823489546775818e-01 9.900789260864257812e-01 -2.935510277748107910e-01
0.000000000000000000e+00 0.000000000000000000e+00 0.000000000000000000e+00 1.000000000000000000e+00
5.504378676414489746e-01 8.338495492935180664e-01 -4.138731583952903748e-02 1.548487343825399876e-03
-8.330416679382324219e-01 5.452687740325927734e-01 -9.339844435453414917e-02 6.598438322544097900e-02
-5.531305819749832153e-02 8.588740229606628418e-02 9.947682619094848633e-01 -2.984882295131683350e-01
0.000000000000000000e+00 0.000000000000000000e+00 0.000000000000000000e+00 1.000000000000000000e+00
4.585646390914916992e-01 8.839765191078186035e-01 -9.112656116485595703e-02 2.334948070347309113e-02
-8.886341452598571777e-01 4.553361833095550537e-01 -5.475620180368423462e-02 5.441787466406822205e-02
-6.909973919391632080e-03 1.060874313116073608e-01 9.943327903747558594e-01 -3.021616339683532715e-01
0.000000000000000000e+00 0.000000000000000000e+00 0.000000000000000000e+00 1.000000000000000000e+00
3.530184924602508545e-01 9.303073287010192871e-01 -9.952948242425918579e-02 3.024077042937278748e-02
-9.353960752487182617e-01 3.532405197620391846e-01 -1.597329974174499512e-02 3.993351757526397705e-02
2.029776014387607574e-02 9.873836487531661987e-02 9.949063658714294434e-01 -3.038906753063201904e-01
0.000000000000000000e+00 0.000000000000000000e+00 0.000000000000000000e+00 1.000000000000000000e+00
2.728717625141143799e-01 9.544802904129028320e-01 -1.204503327608108521e-01 3.937312215566635132e-02
-9.587845802307128906e-01 2.801130414009094238e-01 4.763066023588180542e-02 1.631497964262962341e-02
7.920222729444503784e-02 1.024888679385185242e-01 9.915760159492492676e-01 -3.035314083099365234e-01
0.000000000000000000e+00 0.000000000000000000e+00 0.000000000000000000e+00 1.000000000000000000e+00
