0.9803587794303894 0.1915378570556641 0.0470103919506073 -0.06504681706428528 
-0.07620833069086075 0.1480514258146286 0.9860389232635498 -0.3029036521911621 
0.1819038838148117 -0.9702545404434204 0.1597402989864349 -0.02422954328358173 
0 0 0 1 

0.9942997694015503 0.1065032184123993 -0.004998109769076109 -0.05205141380429268 
-0.009218989871442318 0.1325801163911819 0.991129457950592 -0.3066516220569611 
0.106221117079258 -0.9854337573051453 0.132806271314621 -0.01621244102716446 
0 0 0 1 

-0.8174636960029602 -0.4010532796382904 -0.4134114980697632 0.1791001260280609 
-0.5710433125495911 0.658089816570282 0.4907414317131042 -0.1330596953630447 
0.07524840533733368 0.6372392773628235 -0.7669832706451416 0.2404405623674393 
0 0 0 1 

-0.8779386281967163 -0.3978489339351654 -0.2663457989692688 0.1308420151472092 
-0.4712349772453308 0.6197286248207092 0.6275938749313354 -0.1841697692871094 
-0.08462544530630112 0.6765003204345703 -0.731563925743103 0.2343204766511917 
0 0 0 1 

-0.9075389504432678 -0.3751985728740692 -0.1886772811412811 0.1029552072286606 
-0.3948493897914886 0.6092559099197388 0.6876781582832336 -0.2067265212535858 
-0.143063098192215 0.69859379529953 -0.7010704278945923 0.2268356531858444 
0 0 0 1 

-0.9432615041732788 -0.3112401962280273 -0.1157015785574913 0.07921123504638672 
-0.3005910217761993 0.6523387432098389 0.6957723498344421 -0.2120203971862793 
-0.1410757303237915 0.6910742521286011 -0.7088818550109863 0.23202745616436 
0 0 0 1 

-0.9706783890724182 -0.23999984562397 -0.01355289295315742 0.04817528277635574 
-0.1613030284643173 0.6085131764411926 0.7769769430160522 -0.2426219284534454 
-0.1782272160053253 0.7563807964324951 -0.6293832659721375 0.2134075313806534 
0 0 0 1 

-0.9755904674530029 -0.2170320451259613 0.03347890824079514 0.03619101271033287 
-0.08913921564817429 0.5307102799415588 0.8428528904914856 -0.2696550488471985 
-0.200693666934967 0.8192947506904602 -0.5371021032333374 0.1865177750587463 
0 0 0 1 

-0.9840198755264282 -0.1665774136781693 0.06290248036384583 0.02678950317203999 
-0.00959643442183733 0.4023697376251221 0.9154269099235535 -0.2992971837520599 
-0.1777995079755783 0.9001946449279785 -0.3975382447242737 0.1394959986209869 
0 0 0 1 

-0.9842219948768616 -0.1606552451848984 0.07414457201957703 0.02327739633619785 
0.006430376321077347 0.3862863183021545 0.9223567247390747 -0.304991751909256 
-0.176822304725647 0.9082802534103394 -0.3791581988334656 0.1316859722137451 
0 0 0 1 

