0.8960453867912292 0.09189601987600327 -0.4343472719192505 0.1611902564764023 
-0.07846090942621231 0.9957218170166016 0.04880501702427864 0.006112730130553246 
0.436974048614502 -0.009652187116444111 0.8994222283363342 -0.3396400213241577 
0 0 0 1 

0.7245898842811584 0.1103286370635033 -0.6802917122840881 0.264628678560257 
-0.07684550434350967 0.9938815236091614 0.07933669537305832 -0.001062199822627008 
0.6848824620246887 -0.005209167022258043 0.7286347150802612 -0.2739599943161011 
0 0 0 1 

0.6137977242469788 0.1264944076538086 -0.7792633175849915 0.3073538243770599 
-0.06810250133275986 0.9918843507766724 0.1073663309216499 -0.007735352963209152 
0.7865203619003296 -0.01283140201121569 0.6174308657646179 -0.2258977293968201 
0 0 0 1 

0.5910722613334656 0.1253574937582016 -0.7968178987503052 0.3154444098472595 
-0.06862173974514008 0.9920833706855774 0.1051741689443588 -0.003122005145996809 
0.8036941885948181 -0.007486478425562382 0.5949952602386475 -0.2084764391183853 
0 0 0 1 

0.5925233960151672 0.1255601495504379 -0.7957074642181396 0.3164089918136597 
-0.07714426517486572 0.992082417011261 0.09910201281309128 0.0007854877621866763 
0.8018506765365601 0.002664032625034451 0.5975183248519897 -0.1991625875234604 
0 0 0 1 

0.5946000814437866 0.1392780244350433 -0.7918662428855896 0.3176141679286957 
-0.0979766845703125 0.9900936484336853 0.1005742102861404 0.001610015751793981 
0.7980294823646545 0.01778302527964115 0.6023557782173157 -0.1916062980890274 
0 0 0 1 

0.603024959564209 0.1417509913444519 -0.7850268483161926 0.3174467980861664 
-0.1212126836180687 0.9889408349990845 0.0854608491063118 0.009474756196141243 
0.7884592413902283 0.04362025111913681 0.6135380268096924 -0.185783639550209 
0 0 0 1 

0.5968663692474365 0.1513660848140717 -0.7879331111907959 0.3213499188423157 
-0.1509007513523102 0.985696017742157 0.07504872232675552 0.0161877553910017 
0.7880223393440247 0.07410568743944168 0.6111700534820557 -0.1762644201517105 
0 0 0 1 

0.5989601612091064 0.161240428686142 -0.78437739610672 0.3235335648059845 
-0.1548056900501251 0.9843556880950928 0.08413740992546082 0.01621164754033089 
0.785672664642334 0.07103119045495987 0.614550769329071 -0.172784298658371 
0 0 0 1 

0.5165393352508545 0.1742834895849228 -0.8383388519287109 0.3458533585071564 
-0.1735900789499283 0.9800503849983215 0.096787229180336 0.0143244955688715 
0.8384827375411987 0.09553294628858566 0.5364884734153748 -0.1356901824474335 
0 0 0 1 

