0.8960453271865845 0.09189605712890625 -0.43434739112854 0.1611901968717575 
-0.0784609317779541 0.9957218170166016 0.04880503565073013 0.006112747825682163 
0.4369741678237915 -0.009652187116444111 0.8994221687316895 -0.3396401107311249 
0 0 0 1 

0.7245897054672241 0.1103286668658257 -0.6802918314933777 0.2646285891532898 
-0.07684551924467087 0.9938815236091614 0.0793367326259613 -0.001062188064679503 
0.6848825812339783 -0.005209154449403286 0.7286345958709717 -0.2739600539207458 
0 0 0 1 

0.6137978434562683 0.1264943778514862 -0.7792632579803467 0.3073535859584808 
-0.06810250133275986 0.9918843507766724 0.1073663011193275 -0.007735332474112511 
0.78652024269104 -0.01283141132444143 0.617431104183197 -0.2258977293968201 
0 0 0 1 

0.5910722613334656 0.1253574937582016 -0.7968178987503052 0.3154444098472595 
-0.06862173974514008 0.9920833706855774 0.1051741689443588 -0.00312199885956943 
0.8036941885948181 -0.007486478425562382 0.5949952602386475 -0.2084765136241913 
0 0 0 1 

0.5925235152244568 0.1255601346492767 -0.7957074642181396 0.3164089322090149 
-0.07714425772428513 0.992082417011261 0.09910200536251068 0.0007854970754124224 
0.8018506169319153 0.002664028434082866 0.5975183844566345 -0.199162632226944 
0 0 0 1 

0.5946001410484314 0.1392780244350433 -0.7918661832809448 0.3176141381263733 
-0.0979766845703125 0.9900936484336853 0.1005742102861404 0.001610023202374578 
0.7980294823646545 0.01778302527964115 0.6023557782173157 -0.191606342792511 
0 0 0 1 

0.603024959564209 0.1417509913444519 -0.7850268483161926 0.3174465894699097 
-0.1212126836180687 0.9889408349990845 0.0854608491063118 0.009474773891270161 
0.7884592413902283 0.04362025111913681 0.6135380268096924 -0.1857837438583374 
0 0 0 1 

0.5968664884567261 0.1513660550117493 -0.7879329919815063 0.3213498890399933 
-0.1509007215499878 0.985696017742157 0.07504868507385254 0.0161877665668726 
0.7880222797393799 0.0741056501865387 0.6111701726913452 -0.1762644499540329 
0 0 0 1 

0.5989601612091064 0.1612404137849808 -0.78437739610672 0.3235335648059845 
-0.1548056751489639 0.9843556880950928 0.08413740247488022 0.01621166616678238 
0.785672664642334 0.07103119045495987 0.614550769329071 -0.1727843731641769 
0 0 0 1 

0.5303019285202026 0.1715367138385773 -0.8302738666534424 0.3430231511592865 
-0.1725100576877594 0.9806622266769409 0.09242395311594009 0.01592796295881271 
0.8300723433494568 0.09421804547309875 0.5496387481689453 -0.1412476152181625 
0 0 0 1 

