0.8852900266647339 0.1576429605484009 -0.4375045001506805 0.08925439417362213 
-0.4612632095813751 0.4173122942447662 -0.7829985022544861 0.287487804889679 
0.05914175882935524 0.8949854969978333 0.4421573281288147 -0.1119367107748985 
0 0 0 1 

0.8737967014312744 0.1405455321073532 -0.4655387103557587 0.09908438473939896 
-0.4671038687229156 0.5088374614715576 -0.7231170535087585 0.2695463299751282 
0.1352525949478149 0.8493122458457947 0.510269820690155 -0.1406615078449249 
0 0 0 1 

0.8581830263137817 0.1258873045444489 -0.4976687431335449 0.1099797487258911 
-0.4702614545822144 0.5815521478652954 -0.6638156175613403 0.25330650806427 
0.2058543413877487 0.8037097454071045 0.5582781434059143 -0.1582715511322021 
0 0 0 1 

0.8382658958435059 0.08713853359222412 -0.5382537245750427 0.1204148083925247 
-0.4432540535926819 0.6837924122810364 -0.57961505651474 0.2280859053134918 
0.3175469934940338 0.7244547009468079 0.6118243336677551 -0.1819701343774796 
0 0 0 1 

0.8227980136871338 0.1056232005357742 -0.5584326386451721 0.1285833567380905 
-0.441391795873642 0.73772794008255 -0.5108134746551514 0.2076979130506516 
0.3580175340175629 0.6667839288711548 0.6536223292350769 -0.1990009546279907 
0 0 0 1 

0.5861562490463257 0.7825459837913513 0.2098633944988251 -0.0625477060675621 
-0.6098166108131409 0.5966693162918091 -0.5216410756111145 0.1884213238954544 
-0.5334271788597107 0.1777849346399307 0.8269509673118591 -0.2016448229551315 
0 0 0 1 

0.6525334119796753 0.7307111024856567 0.2006521075963974 -0.06485971063375473 
-0.4953981339931488 0.611747145652771 -0.6167219877243042 0.2116454839706421 
-0.5733940601348877 0.3030290305614471 0.7611784338951111 -0.1752789467573166 
0 0 0 1 

0.7261004447937012 0.6653755903244019 0.1733586490154266 -0.0628439262509346 
-0.3932377398014069 0.6086708903312683 -0.689117968082428 0.2274495363235474 
-0.5640408396720886 0.4321976006031036 0.7036070823669434 -0.1546694189310074 
0 0 0 1 

0.7873107194900513 0.6002829670906067 0.1407202184200287 -0.0584012009203434 
-0.3653023540973663 0.6380221843719482 -0.6778508424758911 0.2230729609727859 
-0.4966849684715271 0.4822736978530884 0.7216064929962158 -0.1634757965803146 
0 0 0 1 

0.8154564499855042 0.5624410510063171 0.1367153525352478 -0.06018062308430672 
-0.3372863829135895 0.6536856889724731 -0.6774457097053528 0.2208711802959442 
-0.4703921675682068 0.5063151121139526 0.7227559089660645 -0.1653178185224533 
0 0 0 1 

