0.9672810435295105 0.06868099421262741 -0.2442338615655899 0.08294251561164856 
-0.07578439265489578 0.9969276785850525 -0.01979583874344826 0.02739350497722626 
0.2421239018440247 0.03765728697180748 0.9695142507553101 -0.3678986132144928 
0 0 0 1 

0.9902753233909607 0.06085798889398575 -0.1251041740179062 0.03678081557154655 
-0.05647903680801392 0.9976704716682434 0.03825942799448967 0.008665750734508038 
0.1271411329507828 -0.03082158789038658 0.9914056062698364 -0.3662020266056061 
0 0 0 1 

0.5621249675750732 0.7795436978340149 -0.2762731313705444 0.07919304817914963 
-0.7520982623100281 0.6207744479179382 0.2213301956653595 -0.0263139121234417 
0.3440398871898651 0.0833694115281105 0.9352465271949768 -0.2210908085107803 
0 0 0 1 

0.5492811799049377 0.7863714098930359 -0.2826836705207825 0.07937976717948914 
-0.7849861979484558 0.6015511751174927 0.1480966359376907 -0.006110838148742914 
0.2865076661109924 0.1405561566352844 0.9477115869522095 -0.2220704257488251 
0 0 0 1 

0.5292342901229858 0.7970227599143982 -0.2909737229347229 0.07834900170564651 
-0.830194890499115 0.5572330951690674 0.01635835319757462 0.0285478737205267 
0.1751781553030014 0.2329075187444687 0.9565911889076233 -0.2221449762582779 
0 0 0 1 

0.5227698683738708 0.7991727590560913 -0.2967057824134827 0.07696907967329025 
-0.8507281541824341 0.5113422870635986 -0.1216159090399742 0.06482836604118347 
0.05452603101730347 0.3159931302070618 0.9471933245658875 -0.2174894511699677 
0 0 0 1 

0.5371918082237244 0.7822027206420898 -0.3155690133571625 0.07843632251024246 
-0.8424649238586426 0.4794208109378815 -0.245781272649765 0.09632618725299835 
-0.04096049815416336 0.3978874981403351 0.9165193438529968 -0.2061323672533035 
0 0 0 1 

0.5062133073806763 0.799403190612793 -0.3235775530338287 0.07924012839794159 
-0.8440951108932495 0.3823562562465668 -0.3759081363677979 0.1297825574874878 
-0.1767803132534027 0.4634199738502502 0.8683263063430786 -0.1875913441181183 
0 0 0 1 

0.7800071835517883 0.4813637137413025 -0.399847149848938 0.1008743792772293 
-0.461753249168396 0.873991847038269 0.1514006555080414 -0.02370201796293259 
0.422341912984848 0.06653714179992676 0.9039912223815918 -0.2358294725418091 
0 0 0 1 

0.7717881202697754 0.4985892474651337 -0.3946536779403687 0.09832087904214859 
-0.5374513864517212 0.8431752324104309 0.01418847870081663 0.01901975460350513 
0.3398363888263702 0.2011568397283554 0.9187203049659729 -0.2346563041210175 
0 0 0 1 

