1.000000000000000000e+00 0.000000000000000000e+00 0.000000000000000000e+00 -1.792658120393753052e-02
0.000000000000000000e+00 1.000000000000000000e+00 0.000000000000000000e+00 2.243540808558464050e-02
0.000000000000000000e+00 0.000000000000000000e+00 1.000000000000000000e+00 -3.816788792610168457e-01
0.000000000000000000e+00 0.000000000000000000e+00 0.000000000000000000e+00 1.000000000000000000e+00
9.944807291030883789e-01 5.257022008299827576e-02 -9.079802781343460083e-02 2.063695713877677917e-02
-5.454804748296737671e-02 9.983216524124145508e-01 -1.943848468363285065e-02 2.626885659992694855e-02
8.962374180555343628e-02 2.428410016000270844e-02 9.956793189048767090e-01 -3.789449930191040039e-01
0.000000000000000000e+00 0.000000000000000000e+00 0.000000000000000000e+00 1.000000000000000000e+00
9.672810435295104980e-01 6.868099421262741089e-02 -2.442338615655899048e-01 8.294251561164855957e-02
-7.578439265489578247e-02 9.969276785850524902e-01 -1.979583874344825745e-02 2.739350497722625732e-02
2.421239018440246582e-01 3.765728697180747986e-02 9.695142507553100586e-01 -3.678986132144927979e-01
0.000000000000000000e+00 0.000000000000000000e+00 0.000000000000000000e+00 1.000000000000000000e+00
9.984460473060607910e-01 5.072830617427825928e-02 -2.307654172182083130e-02 -5.499617662280797958e-03
-5.057611316442489624e-02 9.986945986747741699e-01 7.131374906748533249e-03 1.723009534180164337e-02
2.340819686651229858e-02 -5.953222513198852539e-03 9.997085332870483398e-01 -3.689364790916442871e-01
0.000000000000000000e+00 0.000000000000000000e+00 0.000000000000000000e+00 1.000000000000000000e+00
9.902753233909606934e-01 6.085798889398574829e-02 -1.251041740179061890e-01 3.678081557154655457e-02
-5.647903680801391602e-02 9.976704716682434082e-01 3.825942799448966980e-02 8.665750734508037567e-03
1.271411329507827759e-01 -3.082158789038658142e-02 9.914056062698364258e-01 -3.662020266056060791e-01
0.000000000000000000e+00 0.000000000000000000e+00 0.000000000000000000e+00 1.000000000000000000e+00
-3.295255005359649658e-01 8.768451213836669922e-02 -9.400661587715148926e-01 3.967733383178710938e-01
-3.330629691481590271e-02 9.939784407615661621e-01 1.043882295489311218e-01 -1.377260126173496246e-02
9.435590505599975586e-01 6.570871174335479736e-02 -3.246209025382995605e-01 1.315849870443344116e-01
0.000000000000000000e+00 0.000000000000000000e+00 0.000000000000000000e+00 1.000000000000000000e+00
-3.909404277801513672e-01 9.847517311573028564e-02 -9.151332974433898926e-01 3.824864029884338379e-01
-2.455378696322441101e-02 9.927904009819030762e-01 1.173209398984909058e-01 -1.382573228329420090e-02
9.200881123542785645e-01 6.833548843860626221e-02 -3.857041895389556885e-01 1.606118083000183105e-01
0.000000000000000000e+00 0.000000000000000000e+00 0.000000000000000000e+00 1.000000000000000000e+00
-3.854755759239196777e-01 1.009491309523582458e-01 -9.171789884567260742e-01 3.760024905204772949e-01
-2.593326382339000702e-02 9.924189448356628418e-01 1.201297864317893982e-01 -1.070183794945478439e-02
9.223532676696777344e-01 7.009258121252059937e-02 -3.799355626106262207e-01 1.635930091142654419e-01
0.000000000000000000e+00 0.000000000000000000e+00 0.000000000000000000e+00 1.000000000000000000e+00
-3.586475849151611328e-01 9.162557870149612427e-02 -9.289650321006774902e-01 3.722268044948577881e-01
-3.200190886855125427e-02 9.933794140815734863e-01 1.103338822722434998e-01 -5.147184710949659348e-03
9.329237341880798340e-01 6.929966062307357788e-02 -3.533409833908081055e-01 1.599034219980239868e-01
0.000000000000000000e+00 0.000000000000000000e+00 0.000000000000000000e+00 1.000000000000000000e+00
-3.407474756240844727e-01 8.629751950502395630e-02 -9.361854791641235352e-01 3.684737086296081543e-01
-5.804610624909400940e-02 9.919476509094238281e-01 1.125650256872177124e-01 -4.279225599020719528e-03
9.383609890937805176e-01 9.269817918539047241e-02 -3.329942822456359863e-01 1.595870256423950195e-01
0.000000000000000000e+00 0.000000000000000000e+00 0.000000000000000000e+00 1.000000000000000000e+00
-3.084122240543365479e-01 6.613632291555404663e-02 -9.489509463310241699e-01 3.665833771228790283e-01
-7.573033869266510010e-02 9.927065968513488770e-01 9.379847347736358643e-02 5.358516704291105270e-03
9.482336640357971191e-01 1.007930710911750793e-01 -3.011543154716491699e-01 1.548696309328079224e-01
0.000000000000000000e+00 0.000000000000000000e+00 0.000000000000000000e+00 1.000000000000000000e+00
-3.003482222557067871e-01 5.206211283802986145e-02 -9.524078965187072754e-01 3.627597391605377197e-01
-1.038292199373245239e-01 9.907912611961364746e-01 8.690357953310012817e-02 1.140469871461391449e-02
9.481618404388427734e-01 1.249890923500061035e-01 -2.921768426895141602e-01 1.587013602256774902e-01
0.000000000000000000e+00 0.000000000000000000e+00 0.000000000000000000e+00 1.000000000000000000e+00
-2.966946661472320557e-01 5.710059031844139099e-02 -9.532637596130371094e-01 3.613104820251464844e-01
-1.068671271204948425e-01 9.899556636810302734e-01 9.255988895893096924e-02 1.280474197119474411e-02
9.489737749099731445e-01 1.293345540761947632e-01 -2.876125276088714600e-01 1.623689681291580200e-01
0.000000000000000000e+00 0.000000000000000000e+00 0.000000000000000000e+00 1.000000000000000000e+00
-2.819820642471313477e-01 5.864850431680679321e-02 -9.576255083084106445e-01 3.622634410858154297e-01
-1.320905685424804688e-01 9.862514734268188477e-01 9.929694980382919312e-02 1.390571799129247665e-02
9.502836465835571289e-01 1.544933170080184937e-01 -2.703582346439361572e-01 1.625204980373382568e-01
0.000000000000000000e+00 0.000000000000000000e+00 0.000000000000000000e+00 1.000000000000000000e+00
-2.687844932079315186e-01 6.140806898474693298e-02 -9.612408280372619629e-01 3.634682893753051758e-01
-1.487868279218673706e-01 9.833402037620544434e-01 1.044240221381187439e-01 1.444797217845916748e-02
9.516394138336181641e-01 1.710875332355499268e-01 -2.551698982715606689e-01 1.635092496871948242e-01
0.000000000000000000e+00 0.000000000000000000e+00 0.000000000000000000e+00 1.000000000000000000e+00
-2.621811032295227051e-01 5.696533992886543274e-02 -9.633358120918273926e-01 3.625678718090057373e-01
-1.721928864717483521e-01 9.794746637344360352e-01 1.047835946083068848e-01 1.671730354428291321e-02
9.495319724082946777e-01 1.933518052101135254e-01 -2.469907104969024658e-01 1.690503358840942383e-01
0.000000000000000000e+00 0.000000000000000000e+00 0.000000000000000000e+00 1.000000000000000000e+00
-2.476023137569427490e-01 5.955641716718673706e-02 -9.670295715332031250e-01 3.634640276432037354e-01
-1.852888911962509155e-01 9.767755270004272461e-01 1.075987666845321655e-01 1.877586543560028076e-02
9.509791731834411621e-01 2.058215141296386719e-01 -2.308167070150375366e-01 1.722510755062103271e-01
0.000000000000000000e+00 0.000000000000000000e+00 0.000000000000000000e+00 1.000000000000000000e+00
-2.015243321657180786e-01 5.391421169042587280e-02 -9.779985547065734863e-01 3.679479360580444336e-01
-2.123115360736846924e-01 9.723406434059143066e-01 9.735075384378433228e-02 2.365234866738319397e-02
9.561967253684997559e-01 2.272589355707168579e-01 -1.845037341117858887e-01 1.645102798938751221e-01
0.000000000000000000e+00 0.000000000000000000e+00 0.000000000000000000e+00 1.000000000000000000e+00
-1.285400539636611938e-01 7.497721165418624878e-02 -9.888659715652465820e-01 3.773382306098937988e-01
-2.355601489543914795e-01 9.662916660308837891e-01 1.038853898644447327e-01 2.012414671480655670e-02
9.633221030235290527e-01 2.462908476591110229e-01 -1.065453141927719116e-01 1.551049351692199707e-01
0.000000000000000000e+00 0.000000000000000000e+00 0.000000000000000000e+00 1.000000000000000000e+00
-8.364249765872955322e-02 1.266029775142669678e-01 -9.884203076362609863e-01 3.924028575420379639e-01
-2.419365346431732178e-01 9.596379399299621582e-01 1.433896273374557495e-01 6.599732208997011185e-03
9.666798114776611328e-01 2.511285543441772461e-01 -4.963663965463638306e-02 1.601683646440505981e-01
0.000000000000000000e+00 0.000000000000000000e+00 0.000000000000000000e+00 1.000000000000000000e+00
-2.329452335834503174e-02 1.490779221057891846e-01 -9.885507225990295410e-01 4.073851406574249268e-01
-2.689636051654815674e-01 9.514268636703491211e-01 1.498174667358398438e-01 6.478534080088138580e-03
9.628682136535644531e-01 2.693742215633392334e-01 1.793357729911804199e-02 1.384499073028564453e-01
0.000000000000000000e+00 0.000000000000000000e+00 0.000000000000000000e+00 1.000000000000000000e+00
-3.736531734466552734e-02 1.877762973308563232e-01 -9.815005660057067871e-01 3.991760015487670898e-01
-2.066094577312469482e-01 9.595128893852233887e-01 1.914352476596832275e-01 -1.351847685873508453e-02
9.777093529701232910e-01 2.099404484033584595e-01 2.943905303254723549e-03 1.325107961893081665e-01
0.000000000000000000e+00 0.000000000000000000e+00 0.000000000000000000e+00 1.000000000000000000e+00
-5.416465550661087036e-02 2.027821987867355347e-01 -9.777247905731201172e-01 3.929578959941864014e-01
-1.684547513723373413e-01 9.632718563079833984e-01 2.091168612241744995e-01 -2.136723324656486511e-02
9.842199683189392090e-01 1.760291159152984619e-01 -1.801583915948867798e-02 1.343948692083358765e-01
0.000000000000000000e+00 0.000000000000000000e+00 0.000000000000000000e+00 1.000000000000000000e+00
-1.313303112983703613e-01 2.572669088840484619e-01 -9.573751688003540039e-01 3.638376593589782715e-01
-7.013677060604095459e-02 9.609075784683227539e-01 2.678373754024505615e-01 -5.152461305260658264e-02
9.888542890548706055e-01 1.023225486278533936e-01 -1.081529706716537476e-01 1.484271138906478882e-01
0.000000000000000000e+00 0.000000000000000000e+00 0.000000000000000000e+00 1.000000000000000000e+00
-1.252706348896026611e-01 3.205146491527557373e-01 -9.389236569404602051e-01 3.443996906280517578e-01
-3.106533177196979523e-02 9.446471929550170898e-01 3.266132771968841553e-01 -8.180284500122070312e-02
9.916363358497619629e-01 7.008299976587295532e-02 -1.083796694874763489e-01 1.367610841989517212e-01
0.000000000000000000e+00 0.000000000000000000e+00 0.000000000000000000e+00 1.000000000000000000e+00
-9.366395324468612671e-02 3.991014063358306885e-01 -9.121099710464477539e-01 3.280035257339477539e-01
-2.008352894335985184e-04 9.161301255226135254e-01 4.008809626102447510e-01 -1.111383438110351562e-01
9.956036806106567383e-01 3.773135319352149963e-02 -8.572818338871002197e-02 1.228424087166786194e-01
0.000000000000000000e+00 0.000000000000000000e+00 0.000000000000000000e+00 1.000000000000000000e+00
-8.848036639392375946e-03 4.499716758728027344e-01 -8.929988741874694824e-01 3.191200792789459229e-01
5.124772340059280396e-02 8.920645713806152344e-01 4.489929974079132080e-01 -1.287870556116104126e-01
9.986467957496643066e-01 -4.179141670465469360e-02 -3.095303475856781006e-02 9.841549396514892578e-02
0.000000000000000000e+00 0.000000000000000000e+00 0.000000000000000000e+00 1.000000000000000000e+00
2.036994397640228271e-01 4.945901036262512207e-01 -8.449183702468872070e-01 3.045783638954162598e-01
1.130196824669837952e-01 8.453635573387145996e-01 5.220983028411865234e-01 -1.566144227981567383e-01
9.724881052970886230e-01 -2.018436044454574585e-01 1.163017228245735168e-01 4.176593199372291565e-02
0.000000000000000000e+00 0.000000000000000000e+00 0.000000000000000000e+00 1.000000000000000000e+00
3.062104582786560059e-01 5.183549523353576660e-01 -7.984631061553955078e-01 2.892520427703857422e-01
1.281971484422683716e-01 8.086599707603454590e-01 5.741382241249084473e-01 -1.765026152133941650e-01
9.432923197746276855e-01 -2.781677842140197754e-01 1.811684519052505493e-01 1.610717736184597015e-02
0.000000000000000000e+00 0.000000000000000000e+00 0.000000000000000000e+00 1.000000000000000000e+00
3.380735516548156738e-01 5.612633824348449707e-01 -7.554401159286499023e-01 2.703569531440734863e-01
1.526285856962203979e-01 7.593788504600524902e-01 6.324937343597412109e-01 -1.954961568117141724e-01
9.286606907844543457e-01 -3.291311562061309814e-01 1.710610836744308472e-01 1.601553708314895630e-02
0.000000000000000000e+00 0.000000000000000000e+00 0.000000000000000000e+00 1.000000000000000000e+00
3.884550929069519043e-01 5.617983937263488770e-01 -7.304006814956665039e-01 2.575858831405639648e-01
1.594415754079818726e-01 7.397142052650451660e-01 6.537593007087707520e-01 -2.024894058704376221e-01
9.075686931610107422e-01 -3.704123198986053467e-01 1.977716833353042603e-01 4.275946877896785736e-03
0.000000000000000000e+00 0.000000000000000000e+00 0.000000000000000000e+00 1.000000000000000000e+00
3.904604911804199219e-01 5.839731097221374512e-01 -7.116994261741638184e-01 2.453793436288833618e-01
1.680883318185806274e-01 7.148491740226745605e-01 6.787759661674499512e-01 -2.100292146205902100e-01
9.051447510719299316e-01 -3.846636712551116943e-01 1.809612959623336792e-01 6.242407020181417465e-03
0.000000000000000000e+00 0.000000000000000000e+00 0.000000000000000000e+00 1.000000000000000000e+00
3.973084986209869385e-01 6.167910099029541016e-01 -6.794958710670471191e-01 2.294780761003494263e-01
1.706384718418121338e-01 6.778784394264221191e-01 7.150967717170715332e-01 -2.204472124576568604e-01
9.016809463500976562e-01 -4.000621736049652100e-01 1.640784889459609985e-01 7.203139830380678177e-03
0.000000000000000000e+00 0.000000000000000000e+00 0.000000000000000000e+00 1.000000000000000000e+00
3.571036159992218018e-01 6.826441287994384766e-01 -6.375529766082763672e-01 2.065282464027404785e-01
1.395771205425262451e-01 6.358956098556518555e-01 7.590487003326416016e-01 -2.312417030334472656e-01
9.235772490501403809e-01 -3.600469231605529785e-01 1.317991763353347778e-01 7.937256246805191040e-03
0.000000000000000000e+00 0.000000000000000000e+00 0.000000000000000000e+00 1.000000000000000000e+00
1.799878776073455811e-01 7.619927525520324707e-01 -6.220698356628417969e-01 1.963334083557128906e-01
1.255986988544464111e-01 6.094192266464233398e-01 7.828365564346313477e-01 -2.365077584981918335e-01
9.756172895431518555e-01 -2.190322279930114746e-01 1.398281194269657135e-02 3.677773848176002502e-02
0.000000000000000000e+00 0.000000000000000000e+00 0.000000000000000000e+00 1.000000000000000000e+00
2.690511941909790039e-01 7.842270135879516602e-01 -5.591058731079101562e-01 1.747709214687347412e-01
1.151067242026329041e-01 5.501686930656433105e-01 8.270822763442993164e-01 -2.454259693622589111e-01
9.562225341796875000e-01 -2.868842482566833496e-01 5.775371938943862915e-02 1.337108295410871506e-02
0.000000000000000000e+00 0.000000000000000000e+00 0.000000000000000000e+00 1.000000000000000000e+00
3.653457462787628174e-01 7.826420068740844727e-01 -5.039783716201782227e-01 1.559667885303497314e-01
1.000425890088081360e-01 5.052567720413208008e-01 8.571506738662719727e-01 -2.493287324905395508e-01
9.254806637763977051e-01 -3.635756373405456543e-01 1.062959060072898865e-01 -8.513432927429676056e-03
0.000000000000000000e+00 0.000000000000000000e+00 0.000000000000000000e+00 1.000000000000000000e+00
5.051928758621215820e-01 7.554473876953125000e-01 -4.172281324863433838e-01 1.263204216957092285e-01
2.368205785751342773e-02 4.711413979530334473e-01 8.817395567893981934e-01 -2.486445903778076172e-01
8.626813888549804688e-01 -4.553294181823730469e-01 2.201267480850219727e-01 -4.575419798493385315e-02
0.000000000000000000e+00 0.000000000000000000e+00 0.000000000000000000e+00 1.000000000000000000e+00
6.042335629463195801e-01 7.238108515739440918e-01 -3.331656754016876221e-01 1.053754538297653198e-01
-3.537102416157722473e-02 4.420789778232574463e-01 8.962783813476562500e-01 -2.445253729820251465e-01
7.960216999053955078e-01 -5.297772884368896484e-01 2.927209436893463135e-01 -6.558106839656829834e-02
0.000000000000000000e+00 0.000000000000000000e+00 0.000000000000000000e+00 1.000000000000000000e+00
5.949468016624450684e-01 7.727658748626708984e-01 -2.210683375597000122e-01 8.073922246694564819e-02
-1.176622435450553894e-01 3.558126688003540039e-01 9.271206855773925781e-01 -2.555244863033294678e-01
7.951062321662902832e-01 -5.255759954452514648e-01 3.026149570941925049e-01 -6.404879689216613770e-02
0.000000000000000000e+00 0.000000000000000000e+00 0.000000000000000000e+00 1.000000000000000000e+00
5.743184685707092285e-01 8.129991292953491211e-01 -9.586762636899948120e-02 4.666163772344589233e-02
-1.908036619424819946e-01 2.468207478523254395e-01 9.500911831855773926e-01 -2.711388766765594482e-01
7.960857748985290527e-01 -5.273633003234863281e-01 2.968769371509552002e-01 -5.832111090421676636e-02
0.000000000000000000e+00 0.000000000000000000e+00 0.000000000000000000e+00 1.000000000000000000e+00
5.963920950889587402e-01 8.024268150329589844e-01 2.069568634033203125e-02 9.667509235441684723e-03
-2.149630784988403320e-01 1.348209679126739502e-01 9.672710895538330078e-01 -2.845916450023651123e-01
7.733742594718933105e-01 -5.813213586807250977e-01 2.528982162475585938e-01 -4.553890228271484375e-02
0.000000000000000000e+00 0.000000000000000000e+00 0.000000000000000000e+00 1.000000000000000000e+00
6.102718114852905273e-01 7.810872793197631836e-01 1.321803927421569824e-01 -3.064927086234092712e-02
-2.465962469577789307e-01 2.874019183218479156e-02 9.686916470527648926e-01 -2.912510633468627930e-01
7.528338432312011719e-01 -6.237604022026062012e-01 2.101525366306304932e-01 -3.477701172232627869e-02
0.000000000000000000e+00 0.000000000000000000e+00 0.000000000000000000e+00 1.000000000000000000e+00
6.295856833457946777e-01 7.396181821823120117e-01 2.378807514905929565e-01 -7.224515825510025024e-02
-2.421103268861770630e-01 -1.041624546051025391e-01 9.646410346031188965e-01 -2.967448234558105469e-01
7.382443547248840332e-01 -6.649175882339477539e-01 1.134900376200675964e-01 -8.609184995293617249e-03
0.000000000000000000e+00 0.000000000000000000e+00 0.000000000000000000e+00 1.000000000000000000e+00
5.886469483375549316e-01 8.023709654808044434e-01 9.846647828817367554e-02 -1.897508278489112854e-02
-3.121497035026550293e-01 1.132475286722183228e-01 9.432588219642639160e-01 -2.727010250091552734e-01
7.456926107406616211e-01 -5.859825611114501953e-01 3.171225786209106445e-01 -8.011013269424438477e-02
0.000000000000000000e+00 0.000000000000000000e+00 0.000000000000000000e+00 1.000000000000000000e+00
5.679612159729003906e-01 8.229113817214965820e-01 1.540428120642900467e-02 9.841855615377426147e-03
-3.877041935920715332e-01 2.509844005107879639e-01 8.869566917419433594e-01 -2.458786368370056152e-01
7.260203957557678223e-01 -5.097292661666870117e-01 4.615955650806427002e-01 -1.203904375433921814e-01
0.000000000000000000e+00 0.000000000000000000e+00 0.000000000000000000e+00 1.000000000000000000e+00
5.491675138473510742e-01 8.288355469703674316e-01 -1.069886833429336548e-01 4.768634960055351257e-02
-4.538712203502655029e-01 4.032915532588958740e-01 7.945795059204101562e-01 -2.055079340934753418e-01
7.017234563827514648e-01 -3.877981603145599365e-01 5.976592898368835449e-01 -1.549802422523498535e-01
0.000000000000000000e+00 0.000000000000000000e+00 0.000000000000000000e+00 1.000000000000000000e+00
5.675050616264343262e-01 8.035906553268432617e-01 -1.793877929449081421e-01 6.818368285894393921e-02
-5.140081048011779785e-01 5.159693956375122070e-01 6.852526664733886719e-01 -1.630903184413909912e-01
6.432213187217712402e-01 -2.966775298118591309e-01 7.058673501014709473e-01 -1.786572188138961792e-01
0.000000000000000000e+00 0.000000000000000000e+00 0.000000000000000000e+00 1.000000000000000000e+00
5.726950168609619141e-01 7.895396351814270020e-01 -2.205620855093002319e-01 7.848410308361053467e-02
-5.695479512214660645e-01 5.767305493354797363e-01 5.856593847274780273e-01 -1.300014853477478027e-01
5.896062254905700684e-01 -2.097834944725036621e-01 7.799714207649230957e-01 -1.936945617198944092e-01
0.000000000000000000e+00 0.000000000000000000e+00 0.000000000000000000e+00 1.000000000000000000e+00
5.742258429527282715e-01 7.950171828269958496e-01 -1.954795569181442261e-01 6.741492450237274170e-02
-6.652668118476867676e-01 5.922778248786926270e-01 4.545622169971466064e-01 -9.385346621274948120e-02
4.771630465984344482e-01 -1.309752464294433594e-01 8.689998984336853027e-01 -2.125144004821777344e-01
0.000000000000000000e+00 0.000000000000000000e+00 0.000000000000000000e+00 1.000000000000000000e+00
5.606123805046081543e-01 7.951112985610961914e-01 -2.313257902860641479e-01 7.223553210496902466e-02
-7.153760790824890137e-01 6.057314872741699219e-01 3.483191728591918945e-01 -6.337298452854156494e-02
4.170738756656646729e-01 -2.978704124689102173e-02 9.083843231201171875e-01 -2.188403904438018799e-01
0.000000000000000000e+00 0.000000000000000000e+00 0.000000000000000000e+00 1.000000000000000000e+00
5.621249675750732422e-01 7.795436978340148926e-01 -2.762731313705444336e-01 7.919304817914962769e-02
-7.520982623100280762e-01 6.207744479179382324e-01 2.213301956653594971e-01 -2.631391212344169617e-02
3.440398871898651123e-01 8.336941152811050415e-02 9.352465271949768066e-01 -2.210908085107803345e-01
0.000000000000000000e+00 0.000000000000000000e+00 0.000000000000000000e+00 1.000000000000000000e+00
5.492811799049377441e-01 7.863714098930358887e-01 -2.826836705207824707e-01 7.937976717948913574e-02
-7.849861979484558105e-01 6.015511751174926758e-01 1.480966359376907349e-01 -6.110838148742914200e-03
2.865076661109924316e-01 1.405561566352844238e-01 9.477115869522094727e-01 -2.220704257488250732e-01
0.000000000000000000e+00 0.000000000000000000e+00 0.000000000000000000e+00 1.000000000000000000e+00
5.292342901229858398e-01 7.970227599143981934e-01 -2.909737229347229004e-01 7.834900170564651489e-02
-8.301948904991149902e-01 5.572330951690673828e-01 1.635835319757461548e-02 2.854787372052669525e-02
1.751781553030014038e-01 2.329075187444686890e-01 9.565911889076232910e-01 -2.221449762582778931e-01
0.000000000000000000e+00 0.000000000000000000e+00 0.000000000000000000e+00 1.000000000000000000e+00
5.227698683738708496e-01 7.991727590560913086e-01 -2.967057824134826660e-01 7.696907967329025269e-02
-8.507281541824340820e-01 5.113422870635986328e-01 -1.216159090399742126e-01 6.482836604118347168e-02
5.452603101730346680e-02 3.159931302070617676e-01 9.471933245658874512e-01 -2.174894511699676514e-01
0.000000000000000000e+00 0.000000000000000000e+00 0.000000000000000000e+00 1.000000000000000000e+00
5.371918082237243652e-01 7.822027206420898438e-01 -3.155690133571624756e-01 7.843632251024246216e-02
-8.424649238586425781e-01 4.794208109378814697e-01 -2.457812726497650146e-01 9.632618725299835205e-02
-4.096049815416336060e-02 3.978874981403350830e-01 9.165193438529968262e-01 -2.061323672533035278e-01
0.000000000000000000e+00 0.000000000000000000e+00 0.000000000000000000e+00 1.000000000000000000e+00
5.062133073806762695e-01 7.994031906127929688e-01 -3.235775530338287354e-01 7.924012839794158936e-02
-8.440951108932495117e-01 3.823562562465667725e-01 -3.759081363677978516e-01 1.297825574874877930e-01
-1.767803132534027100e-01 4.634199738502502441e-01 8.683263063430786133e-01 -1.875913441181182861e-01
0.000000000000000000e+00 0.000000000000000000e+00 0.000000000000000000e+00 1.000000000000000000e+00
4.918192028999328613e-01 8.017165660858154297e-01 -3.396529853343963623e-01 8.354381471872329712e-02
-8.244786858558654785e-01 3.034107983112335205e-01 -4.776784777641296387e-01 1.556444019079208374e-01
-2.799083292484283447e-01 5.149679183959960938e-01 8.102216720581054688e-01 -1.685122549533843994e-01
0.000000000000000000e+00 0.000000000000000000e+00 0.000000000000000000e+00 1.000000000000000000e+00
4.725167751312255859e-01 8.123026490211486816e-01 -3.418938517570495605e-01 8.745217323303222656e-02
-8.048065304756164551e-01 2.395996451377868652e-01 -5.430262684822082520e-01 1.720678508281707764e-01
-3.591842353343963623e-01 5.317476987838745117e-01 7.669622302055358887e-01 -1.535437852144241333e-01
0.000000000000000000e+00 0.000000000000000000e+00 0.000000000000000000e+00 1.000000000000000000e+00
4.336801767349243164e-01 8.341322541236877441e-01 -3.408001959323883057e-01 9.289186447858810425e-02
-7.881805300712585449e-01 1.678729355335235596e-01 -5.921066999435424805e-01 1.828418821096420288e-01
-4.366843998432159424e-01 5.253973007202148438e-01 7.302503585815429688e-01 -1.378168165683746338e-01
0.000000000000000000e+00 0.000000000000000000e+00 0.000000000000000000e+00 1.000000000000000000e+00
4.000348746776580811e-01 8.566915988922119141e-01 -3.256551027297973633e-01 9.606603533029556274e-02
-7.774896025657653809e-01 1.290782839059829712e-01 -6.155061125755310059e-01 1.852143853902816772e-01
-4.852638542652130127e-01 4.994176328182220459e-01 7.177050709724426270e-01 -1.276990920305252075e-01
0.000000000000000000e+00 0.000000000000000000e+00 0.000000000000000000e+00 1.000000000000000000e+00
2.796667516231536865e-01 9.250882267951965332e-01 -2.569013237953186035e-01 8.959954977035522461e-02
-7.730338573455810547e-01 5.827774479985237122e-02 -6.316819787025451660e-01 1.835507154464721680e-01
-5.693897008895874023e-01 3.752540946006774902e-01 7.314231991767883301e-01 -1.249187514185905457e-01
0.000000000000000000e+00 0.000000000000000000e+00 0.000000000000000000e+00 1.000000000000000000e+00
1.075861006975173950e-01 9.690091609954833984e-01 -2.223673313856124878e-01 9.223666042089462280e-02
-7.825952768325805664e-01 -5.540171638131141663e-02 -6.200607419013977051e-01 1.678999066352844238e-01
-6.131636500358581543e-01 2.407335191965103149e-01 7.523813247680664062e-01 -1.274970173835754395e-01
0.000000000000000000e+00 0.000000000000000000e+00 0.000000000000000000e+00 1.000000000000000000e+00
-6.209738552570343018e-02 9.759583473205566406e-01 -2.089249789714813232e-01 9.094199538230895996e-02
-7.880949378013610840e-01 -1.763907819986343384e-01 -5.897397994995117188e-01 1.509727239608764648e-01
-6.124137639999389648e-01 1.280313134193420410e-01 7.801009416580200195e-01 -1.350668370723724365e-01
0.000000000000000000e+00 0.000000000000000000e+00 0.000000000000000000e+00 1.000000000000000000e+00
-1.792234331369400024e-01 9.565345644950866699e-01 -2.300434708595275879e-01 9.447038918733596802e-02
-7.489296197891235352e-01 -2.842795848846435547e-01 -5.985726118087768555e-01 1.553383767604827881e-01
-6.379524469375610352e-01 6.500798463821411133e-02 7.673270106315612793e-01 -1.300359219312667847e-01
0.000000000000000000e+00 0.000000000000000000e+00 0.000000000000000000e+00 1.000000000000000000e+00
-2.402527928352355957e-01 9.533006548881530762e-01 -1.830193698406219482e-01 9.072135388851165771e-02
-7.051331996917724609e-01 -3.009694218635559082e-01 -6.420317292213439941e-01 1.695970445871353149e-01
-6.671327352523803711e-01 -2.519693784415721893e-02 7.445128560066223145e-01 -1.216469481587409973e-01
0.000000000000000000e+00 0.000000000000000000e+00 0.000000000000000000e+00 1.000000000000000000e+00
-3.348765671253204346e-01 9.301165938377380371e-01 -1.507980823516845703e-01 9.424041211605072021e-02
-6.924821734428405762e-01 -3.514654040336608887e-01 -6.300320625305175781e-01 1.638825833797454834e-01
-6.390038132667541504e-01 -1.065582111477851868e-01 7.617869973182678223e-01 -1.182041391730308533e-01
0.000000000000000000e+00 0.000000000000000000e+00 0.000000000000000000e+00 1.000000000000000000e+00
2.355614453554153442e-01 9.147205948829650879e-01 -3.283244967460632324e-01 8.773227781057357788e-02
-7.336176633834838867e-01 -5.421733111143112183e-02 -6.773962378501892090e-01 1.834282428026199341e-01
-6.374291777610778809e-01 4.004332125186920166e-01 6.582839488983154297e-01 -9.972098469734191895e-02
0.000000000000000000e+00 0.000000000000000000e+00 0.000000000000000000e+00 1.000000000000000000e+00
5.468559265136718750e-01 7.563567757606506348e-01 -3.589891791343688965e-01 7.980685681104660034e-02
-7.665981650352478027e-01 2.799862623214721680e-01 -5.778713226318359375e-01 1.747741252183914185e-01
-3.365648090839385986e-01 5.912126302719116211e-01 7.329336404800415039e-01 -1.551401466131210327e-01
0.000000000000000000e+00 0.000000000000000000e+00 0.000000000000000000e+00 1.000000000000000000e+00
6.004683375358581543e-01 7.216477990150451660e-01 -3.444748222827911377e-01 7.440286129713058472e-02
-7.686561346054077148e-01 4.021239876747131348e-01 -4.974578917026519775e-01 1.566512137651443481e-01
-2.204674333333969116e-01 5.634900331497192383e-01 7.961614131927490234e-01 -1.860323697328567505e-01
0.000000000000000000e+00 0.000000000000000000e+00 0.000000000000000000e+00 1.000000000000000000e+00
6.013954281806945801e-01 7.384842634201049805e-01 -3.049001395702362061e-01 6.369145959615707397e-02
-7.723927497863769531e-01 4.398220479488372803e-01 -4.582204818725585938e-01 1.478500962257385254e-01
-2.042869180440902710e-01 5.110743641853332520e-01 8.349066972732543945e-01 -2.022061347961425781e-01
0.000000000000000000e+00 0.000000000000000000e+00 0.000000000000000000e+00 1.000000000000000000e+00
6.283890008926391602e-01 7.428184151649475098e-01 -2.309721559286117554e-01 4.212618991732597351e-02
-7.583401203155517578e-01 5.187997221946716309e-01 -3.946733176708221436e-01 1.302976906299591064e-01
-1.733423620462417603e-01 4.231640100479125977e-01 8.893176317214965820e-01 -2.229214459657669067e-01
0.000000000000000000e+00 0.000000000000000000e+00 0.000000000000000000e+00 1.000000000000000000e+00
6.440479159355163574e-01 7.485528588294982910e-01 -1.577046215534210205e-01 2.027695439755916595e-02
-7.414422631263732910e-01 5.600669384002685547e-01 -3.695785701274871826e-01 1.243807822465896606e-01
-1.883240491151809692e-01 3.549550175666809082e-01 9.157187938690185547e-01 -2.346469163894653320e-01
0.000000000000000000e+00 0.000000000000000000e+00 0.000000000000000000e+00 1.000000000000000000e+00
6.526342630386352539e-01 7.532053589820861816e-01 -8.215520530939102173e-02 -2.750172512605786324e-03
-7.298861145973205566e-01 5.958973169326782227e-01 -3.349215686321258545e-01 1.148888766765594482e-01
-2.033088356256484985e-01 2.785450816154479980e-01 9.386575818061828613e-01 -2.447404861450195312e-01
0.000000000000000000e+00 0.000000000000000000e+00 0.000000000000000000e+00 1.000000000000000000e+00
6.702172756195068359e-01 7.415897250175476074e-01 -2.920351922512054443e-02 -2.059949561953544617e-02
-7.185133695602416992e-01 6.385017037391662598e-01 -2.757780849933624268e-01 9.758671373128890991e-02
-1.858679503202438354e-01 2.058144211769104004e-01 9.607776403427124023e-01 -2.551193833351135254e-01
0.000000000000000000e+00 0.000000000000000000e+00 0.000000000000000000e+00 1.000000000000000000e+00
7.126629948616027832e-01 7.000566720962524414e-01 4.507620260119438171e-02 -4.837853461503982544e-02
-6.790383458137512207e-01 7.045440077781677246e-01 -2.062145024538040161e-01 7.636860013008117676e-02
-1.761201769113540649e-01 1.163529381155967712e-01 9.774680137634277344e-01 -2.641762495040893555e-01
0.000000000000000000e+00 0.000000000000000000e+00 0.000000000000000000e+00 1.000000000000000000e+00
7.506336569786071777e-01 6.548951864242553711e-01 8.752369135618209839e-02 -6.496336311101913452e-02
-6.402590870857238770e-01 7.536900043487548828e-01 -1.483919769525527954e-01 5.770985037088394165e-02
-1.631469726562500000e-01 5.535015836358070374e-02 9.850479364395141602e-01 -2.694734036922454834e-01
0.000000000000000000e+00 0.000000000000000000e+00 0.000000000000000000e+00 1.000000000000000000e+00
7.731008529663085938e-01 6.152389645576477051e-01 1.542587429285049438e-01 -8.984585851430892944e-02
-6.138716936111450195e-01 7.869578599929809570e-01 -6.211867928504943848e-02 2.963534928858280182e-02
-1.596130132675170898e-01 -4.667119681835174561e-02 9.860755205154418945e-01 -2.722737491130828857e-01
0.000000000000000000e+00 0.000000000000000000e+00 0.000000000000000000e+00 1.000000000000000000e+00
7.968043684959411621e-01 5.712022781372070312e-01 1.970550566911697388e-01 -1.074280887842178345e-01
-5.849835276603698730e-01 8.109096288681030273e-01 1.483901217579841614e-02 3.965560346841812134e-03
-1.513177156448364258e-01 -1.270977258682250977e-01 9.802799224853515625e-01 -2.740551233291625977e-01
0.000000000000000000e+00 0.000000000000000000e+00 0.000000000000000000e+00 1.000000000000000000e+00
8.308316469192504883e-01 5.108995437622070312e-01 2.206813693046569824e-01 -1.192333772778511047e-01
-5.410202145576477051e-01 8.344165682792663574e-01 1.050991490483283997e-01 -2.788152731955051422e-02
-1.304450780153274536e-01 -2.067127823829650879e-01 9.696671366691589355e-01 -2.740019559860229492e-01
0.000000000000000000e+00 0.000000000000000000e+00 0.000000000000000000e+00 1.000000000000000000e+00
8.457888960838317871e-01 4.917036890983581543e-01 2.070477008819580078e-01 -1.193455681204795837e-01
-5.286996364593505859e-01 8.245003819465637207e-01 2.016838043928146362e-01 -6.055314466357231140e-02
-7.154214382171630859e-02 -2.800478935241699219e-01 9.573161602020263672e-01 -2.742083072662353516e-01
0.000000000000000000e+00 0.000000000000000000e+00 0.000000000000000000e+00 1.000000000000000000e+00
8.548233509063720703e-01 4.900832176208496094e-01 1.705725789070129395e-01 -1.115765348076820374e-01
-5.189138650894165039e-01 8.058788180351257324e-01 2.851103544235229492e-01 -9.053705632686614990e-02
2.267164411023259163e-03 -3.322314620018005371e-01 9.431952238082885742e-01 -2.742273509502410889e-01
0.000000000000000000e+00 0.000000000000000000e+00 0.000000000000000000e+00 1.000000000000000000e+00
8.631789088249206543e-01 4.896594285964965820e-01 1.231056898832321167e-01 -1.000521928071975708e-01
-4.978817701339721680e-01 7.849902510643005371e-01 3.686510026454925537e-01 -1.203986033797264099e-01
8.387676626443862915e-02 -3.795040845870971680e-01 9.213802218437194824e-01 -2.725688219070434570e-01
0.000000000000000000e+00 0.000000000000000000e+00 0.000000000000000000e+00 1.000000000000000000e+00
8.788754940032958984e-01 4.707248806953430176e-01 7.743318378925323486e-02 -8.925174921751022339e-02
-4.520274698734283447e-01 7.698507308959960938e-01 4.505554735660552979e-01 -1.521452665328979492e-01
1.524759382009506226e-01 -4.309842884540557861e-01 8.893836736679077148e-01 -2.683043181896209717e-01
0.000000000000000000e+00 0.000000000000000000e+00 0.000000000000000000e+00 1.000000000000000000e+00
8.986939787864685059e-01 4.377576708793640137e-01 2.677887864410877228e-02 -7.594913244247436523e-02
-3.796473145484924316e-01 7.459204792976379395e-01 5.472382903099060059e-01 -1.895220726728439331e-01
2.195830792188644409e-01 -5.019667148590087891e-01 8.365482091903686523e-01 -2.623008787631988525e-01
0.000000000000000000e+00 0.000000000000000000e+00 0.000000000000000000e+00 1.000000000000000000e+00
9.316787719726562500e-01 3.632130324840545654e-01 7.089213468134403229e-03 -7.074971497058868408e-02
-2.909697592258453369e-01 7.343993782997131348e-01 6.131830811500549316e-01 -2.149616181850433350e-01
2.175099849700927734e-01 -5.733525753021240234e-01 7.899085879325866699e-01 -2.572261095046997070e-01
0.000000000000000000e+00 0.000000000000000000e+00 0.000000000000000000e+00 1.000000000000000000e+00
9.502379298210144043e-01 3.064547479152679443e-01 -5.597206950187683105e-02 -5.076584219932556152e-02
-1.906596869230270386e-01 7.141942977905273438e-01 6.734803915023803711e-01 -2.389349788427352905e-01
2.463661730289459229e-01 -6.292948126792907715e-01 7.370830178260803223e-01 -2.503878772258758545e-01
0.000000000000000000e+00 0.000000000000000000e+00 0.000000000000000000e+00 1.000000000000000000e+00
9.286284446716308594e-01 3.353518545627593994e-01 -1.587076783180236816e-01 -1.431106496602296829e-02
-1.242316439747810364e-01 6.841385960578918457e-01 7.186937332153320312e-01 -2.558264136314392090e-01
3.495934307575225830e-01 -6.476829051971435547e-01 6.769720911979675293e-01 -2.433950453996658325e-01
0.000000000000000000e+00 0.000000000000000000e+00 0.000000000000000000e+00 1.000000000000000000e+00
8.886262178421020508e-01 3.881425559520721436e-01 -2.443127930164337158e-01 1.978713274002075195e-02
-7.678683847188949585e-02 6.510921120643615723e-01 7.551044225692749023e-01 -2.703198194503784180e-01
4.521583318710327148e-01 -6.522455215454101562e-01 6.083818078041076660e-01 -2.270086854696273804e-01
0.000000000000000000e+00 0.000000000000000000e+00 0.000000000000000000e+00 1.000000000000000000e+00
9.481540918350219727e-01 2.414880096912384033e-01 -2.066083401441574097e-01 -1.013592118397355080e-03
-2.647983096539974213e-02 7.078669071197509766e-01 7.058489322662353516e-01 -2.501060068607330322e-01
3.167054057121276855e-01 -6.637830138206481934e-01 6.775617003440856934e-01 -2.342448532581329346e-01
0.000000000000000000e+00 0.000000000000000000e+00 0.000000000000000000e+00 1.000000000000000000e+00
9.248755574226379395e-01 2.651862800121307373e-01 -2.725467383861541748e-01 1.912593469023704529e-02
-9.983888827264308929e-03 7.334051132202148438e-01 6.797181963920593262e-01 -2.370969057083129883e-01
3.801390230655670166e-01 -6.259336471557617188e-01 6.809560060501098633e-01 -2.401764988899230957e-01
0.000000000000000000e+00 0.000000000000000000e+00 0.000000000000000000e+00 1.000000000000000000e+00
9.073514342308044434e-01 3.237076103687286377e-01 -2.681929469108581543e-01 1.563178375363349915e-02
-4.299727082252502441e-02 7.061070799827575684e-01 7.067984938621520996e-01 -2.451180815696716309e-01
4.181687235832214355e-01 -6.297824978828430176e-01 6.546054482460021973e-01 -2.319244593381881714e-01
0.000000000000000000e+00 0.000000000000000000e+00 0.000000000000000000e+00 1.000000000000000000e+00
8.292020559310913086e-01 4.148676395416259766e-01 -3.745779693126678467e-01 5.709270387887954712e-02
2.809728682041168213e-02 6.383621096611022949e-01 7.692230343818664551e-01 -2.733169198036193848e-01
5.582422018051147461e-01 -6.483659744262695312e-01 5.176745057106018066e-01 -1.913912147283554077e-01
0.000000000000000000e+00 0.000000000000000000e+00 0.000000000000000000e+00 1.000000000000000000e+00
7.109991908073425293e-01 5.275560617446899414e-01 -4.649351537227630615e-01 9.984153509140014648e-02
7.686121761798858643e-02 5.989122390747070312e-01 7.971177697181701660e-01 -2.861290574073791504e-01
6.989796161651611328e-01 -6.024855375289916992e-01 3.852775096893310547e-01 -1.528400331735610962e-01
0.000000000000000000e+00 0.000000000000000000e+00 0.000000000000000000e+00 1.000000000000000000e+00
6.020845770835876465e-01 6.035636067390441895e-01 -5.226904153823852539e-01 1.307504773139953613e-01
1.258886456489562988e-01 5.746960639953613281e-01 8.086262345314025879e-01 -2.930859923362731934e-01
7.884454131126403809e-01 -5.526620149612426758e-01 2.700337767601013184e-01 -1.128514185547828674e-01
0.000000000000000000e+00 0.000000000000000000e+00 0.000000000000000000e+00 1.000000000000000000e+00
4.328361749649047852e-01 6.687905192375183105e-01 -6.044600605964660645e-01 1.731235384941101074e-01
2.530893683433532715e-01 5.534036159515380859e-01 7.935301661491394043e-01 -2.937137186527252197e-01
8.652159571647644043e-01 -4.964509904384613037e-01 7.026937603950500488e-02 -4.325509816408157349e-02
0.000000000000000000e+00 0.000000000000000000e+00 0.000000000000000000e+00 1.000000000000000000e+00
3.540930747985839844e-01 6.848515272140502930e-01 -6.368645429611206055e-01 1.907405257225036621e-01
3.347967267036437988e-01 5.430256128311157227e-01 7.700870633125305176e-01 -2.894210517406463623e-01
8.732290267944335938e-01 -4.859026074409484863e-01 -3.700436651706695557e-02 -3.071602666750550270e-03
0.000000000000000000e+00 0.000000000000000000e+00 0.000000000000000000e+00 1.000000000000000000e+00
2.998401224613189697e-01 6.964228749275207520e-01 -6.519899368286132812e-01 2.012543678283691406e-01
3.780981004238128662e-01 5.407142639160156250e-01 7.514450550079345703e-01 -2.837406098842620850e-01
8.758637905120849609e-01 -4.718295633792877197e-01 -1.011883169412612915e-01 2.389223128557205200e-02
0.000000000000000000e+00 0.000000000000000000e+00 0.000000000000000000e+00 1.000000000000000000e+00
5.140405297279357910e-01 4.768571555614471436e-01 -7.130004167556762695e-01 2.256246507167816162e-01
4.473482370376586914e-01 5.601969361305236816e-01 6.971794366836547852e-01 -2.667472064495086670e-01
7.318755984306335449e-01 -6.773378849029541016e-01 7.464269548654556274e-02 -9.615048766136169434e-03
