0.3371548652648926 0.5835776925086975 -0.7387582063674927 0.2579804360866547 
0.1627330929040909 0.7367662191390991 0.6562724709510803 -0.2027049213647842 
0.9272781014442444 -0.3414859473705292 0.1534369736909866 0.01862649247050285 
0 0 0 1 

0.3419032990932465 0.600928008556366 -0.7224871516227722 0.2467215806245804 
0.1813021004199982 0.7121948599815369 0.6781653165817261 -0.2092875093221664 
0.9220800995826721 -0.3628554344177246 0.1345522850751877 0.02116884663701057 
0 0 0 1 

0.3531936407089233 0.6353439688682556 -0.6867256164550781 0.2301280200481415 
0.1848116517066956 0.6721868515014648 0.7169443964958191 -0.2203210145235062 
0.9171143174171448 -0.3801350891590118 0.1199932098388672 0.02078291773796082 
0 0 0 1 

0.275882214307785 0.7101300954818726 -0.6477686166763306 0.2080507725477219 
0.1484621465206146 0.6343538165092468 0.7586531639099121 -0.2302347868680954 
0.9496566653251648 -0.3054678440093994 0.06957948952913284 0.02657099440693855 
0 0 0 1 

0.4847976565361023 0.5006717443466187 -0.7171462774276733 0.2274792194366455 
0.4573030769824982 0.5538380146026611 0.6957998275756836 -0.2657797038555145 
0.7455503344535828 -0.6652752161026001 0.03954056650400162 0.001269724918529391 
0 0 0 1 

0.4219335913658142 0.495977371931076 -0.7589324712753296 0.2566661238670349 
0.5080684423446655 0.5639522671699524 0.651017963886261 -0.2485649287700653 
0.7508918046951294 -0.6602758765220642 -0.01404007524251938 0.02899082191288471 
0 0 0 1 

0.4625664055347443 0.384833425283432 -0.7987086772918701 0.2842166125774384 
0.5625208020210266 0.5689342021942139 0.5999034643173218 -0.229160487651825 
0.6852755546569824 -0.72678542137146 0.04669295996427536 0.01711669936776161 
0 0 0 1 

0.3721537590026855 0.5242887735366821 -0.7659130692481995 0.2498604357242584 
0.4286738932132721 0.6348179578781128 0.6428412795066833 -0.2107007056474686 
0.8232498168945312 -0.5675627589225769 0.01150093413889408 0.04361622035503387 
0 0 0 1 

0.4501214027404785 0.531274676322937 -0.7177310585975647 0.231586366891861 
0.4141729772090912 0.5878649353981018 0.6948925256729126 -0.2271088659763336 
0.7911077737808228 -0.6100508570671082 0.04457102715969086 0.03241752088069916 
0 0 0 1 

0.6368730664253235 0.5040638446807861 -0.5833625793457031 0.1799011528491974 
0.3398938179016113 0.4955863356590271 0.7992907166481018 -0.2591504752635956 
0.6920003890991211 -0.7073283195495605 0.1442974805831909 -0.0006684595718979836 
0 0 0 1 

