0.8104939460754395 0.5692811608314514 -0.1379070281982422 0.01122025866061449 
-0.483461320400238 0.5172328948974609 -0.7062117457389832 0.2171222418546677 
-0.3307031393051147 0.6390530467033386 0.6944396495819092 -0.1629113256931305 
0 0 0 1 

0.8416502475738525 0.5225759148597717 -0.1361588686704636 0.007852101698517799 
-0.4153716564178467 0.4653357565402985 -0.7816194295883179 0.236720398068428 
-0.3450959324836731 0.7144067287445068 0.6087132096290588 -0.1386198252439499 
0 0 0 1 

0.8717089295387268 0.4802670776844025 -0.09729854017496109 -0.005488534457981586 
-0.3293804228305817 0.4272600114345551 -0.841995894908905 0.2512257993221283 
-0.3628112375736237 0.766023576259613 0.5306370258331299 -0.1175777316093445 
0 0 0 1 

0.8906458616256714 0.4506142735481262 -0.0608006976544857 -0.01555902417749166 
-0.2304975986480713 0.332173615694046 -0.9146208167076111 0.2654920816421509 
-0.3919448852539062 0.8286176323890686 0.3997146189212799 -0.08195670694112778 
0 0 0 1 

0.8271879553794861 0.5537886023521423 -0.09527954459190369 -0.004626209381967783 
-0.3086413145065308 0.3060672581195831 -0.9005904793739319 0.266665130853653 
-0.4695748388767242 0.7743647694587708 0.4240972399711609 -0.08465577661991119 
0 0 0 1 

0.8157564401626587 0.5688682794570923 -0.1045478731393814 -0.002148396335542202 
-0.3657477498054504 0.3673178255558014 -0.8551644682884216 0.2568311095237732 
-0.4480735957622528 0.7358440756797791 0.5077041387557983 -0.108534961938858 
0 0 0 1 

0.8324544429779053 0.5488582253456116 -0.07598772644996643 -0.01486925315111876 
-0.4511991143226624 0.5918632745742798 -0.667919933795929 0.2166359126567841 
-0.3216190934181213 0.5902984738349915 0.7403436899185181 -0.1801352947950363 
0 0 0 1 

0.2961374223232269 0.9540407061576843 -0.04592390730977058 0.0253458134829998 
-0.4611706435680389 0.1007131487131119 -0.8815773129463196 0.3042553961277008 
-0.8364354372024536 0.2822467982769012 0.4698004722595215 -0.09537096321582794 
0 0 0 1 

0.1854496598243713 0.9810198545455933 -0.05664375051856041 0.03440693393349648 
-0.4690246284008026 0.03771496936678886 -0.8823794722557068 0.3043147921562195 
-0.8634954690933228 0.1902042329311371 0.4671166837215424 -0.09608734399080276 
0 0 0 1 

-0.1332694739103317 0.9896808862686157 0.05263695865869522 0.008729008957743645 
-0.3884834051132202 -0.003304735757410526 -0.9214496612548828 0.3193595409393311 
-0.911767303943634 -0.1432498097419739 0.3849152326583862 -0.07963616400957108 
0 0 0 1 

