1 0 0 -0.04542167112231255 
0 1 0 0.0009935460984706879 
0 0 1 -0.2875000238418579 
0 0 0 1 

0.986248791217804 0.162347823381424 0.03092282637953758 -0.05150872096419334 
-0.1607114374637604 0.9857544898986816 -0.04959498345851898 0.02435524016618729 
-0.0385340191423893 0.04394329339265823 0.9982905983924866 -0.2926371991634369 
0 0 0 1 

0.9661014676094055 0.255541205406189 0.03669528290629387 -0.05097592994570732 
-0.252191424369812 0.9645678400993347 -0.0775124654173851 0.0379006564617157 
-0.05520275980234146 0.06563065201044083 0.9963158369064331 -0.2919112145900726 
0 0 0 1 

0.8941495418548584 0.4470159113407135 0.02594787627458572 -0.04178869351744652 
-0.4396452009677887 0.8874410390853882 -0.1384210884571075 0.06511810421943665 
-0.08490365743637085 0.1123612821102142 0.9900335073471069 -0.2900990545749664 
0 0 0 1 

0.8451429605484009 0.5342686176300049 0.01703298836946487 -0.03603920340538025 
-0.524789571762085 0.8353638648986816 -0.1635931730270386 0.07699359208345413 
-0.1016315296292305 0.1293208599090576 0.9863808155059814 -0.2887571454048157 
0 0 0 1 

0.7941073179244995 0.6077059507369995 -0.009322416968643665 -0.02490957453846931 
-0.6002306938171387 0.7817449569702148 -0.1691089570522308 0.08194093406200409 
-0.0954807922244072 0.1398862600326538 0.9855532646179199 -0.2897116839885712 
0 0 0 1 

0.7230496406555176 0.6900591850280762 -0.03189389780163765 -0.01265283115208149 
-0.6851104497909546 0.7104228138923645 -0.1610054969787598 0.08271028101444244 
-0.08844523131847382 0.1382657885551453 0.9864380359649658 -0.2906994521617889 
0 0 0 1 

0.6508094072341919 0.758645236492157 -0.03006971441209316 -0.008089253678917885 
-0.7545096278190613 0.6418318748474121 -0.1369912922382355 0.07769936323165894 
-0.0846281424164772 0.1118430942296982 0.990115761756897 -0.2933948934078217 
0 0 0 1 

0.5521913766860962 0.8328122496604919 -0.03883577883243561 0.0007014188449829817 
-0.8317946791648865 0.547158420085907 -0.093460813164711 0.06601064652204514 
-0.05658600479364395 0.08391164243221283 0.9948652386665344 -0.2984500229358673 
0 0 0 1 

0.5262095332145691 0.8487085700035095 -0.05288644880056381 0.006628395523875952 
-0.8496258854866028 0.5221661925315857 -0.07401386648416519 0.06060558184981346 
-0.03520071506500244 0.08388050645589828 0.9958539009094238 -0.3002626895904541 
0 0 0 1 

