1 0 0 -0.04542167112231255 
0 1 0 0.0009935460984706879 
0 0 1 -0.2875000238418579 
0 0 0 1 

0.9862488508224487 0.1623479127883911 0.03092285059392452 -0.0515088215470314 
-0.1607115268707275 0.9857544898986816 -0.04959500581026077 0.02435512468218803 
-0.03853403404355049 0.04394331946969032 0.9982905983924866 -0.2926372885704041 
0 0 0 1 

0.9661014676094055 0.2555413246154785 0.03669528663158417 -0.05097594484686852 
-0.2521914839744568 0.9645678400993347 -0.07751249521970749 0.03790062665939331 
-0.05520277842879295 0.06563066691160202 0.9963158369064331 -0.291911244392395 
0 0 0 1 

0.8941494822502136 0.4470160901546478 0.02594786696135998 -0.04178868606686592 
-0.4396453201770782 0.8874409794807434 -0.1384211331605911 0.06511808931827545 
-0.08490369468927383 0.1123613193631172 0.9900335073471069 -0.2900990843772888 
0 0 0 1 

0.8451428413391113 0.534268856048584 0.01703298650681973 -0.03603918105363846 
-0.5247898101806641 0.8353637456893921 -0.1635932475328445 0.07699352502822876 
-0.1016315743327141 0.12932088971138 0.9863807559013367 -0.2887571454048157 
0 0 0 1 

0.79410719871521 0.6077060103416443 -0.009322443045675755 -0.02490955218672752 
-0.6002306938171387 0.7817448377609253 -0.1691089868545532 0.0819408968091011 
-0.09548082947731018 0.1398862600326538 0.9855532646179199 -0.2897116839885712 
0 0 0 1 

0.7230495810508728 0.6900593042373657 -0.03189391270279884 -0.01265284698456526 
-0.6851105690002441 0.710422694683075 -0.1610055416822433 0.08271025866270065 
-0.0884452611207962 0.1382658183574677 0.9864380359649658 -0.2906994819641113 
0 0 0 1 

0.6508094668388367 0.758645236492157 -0.03006971254944801 -0.008089263923466206 
-0.7545096278190613 0.6418319344520569 -0.1369912773370743 0.07769933342933655 
-0.0846281424164772 0.1118430942296982 0.990115761756897 -0.2933948636054993 
0 0 0 1 

0.5521915555000305 0.8328121304512024 -0.03883575648069382 0.0007014081929810345 
-0.8317945599555969 0.5471585988998413 -0.09346079081296921 0.06601064652204514 
-0.05658598244190216 0.08391162753105164 0.9948652982711792 -0.2984500229358673 
0 0 0 1 

0.5256163477897644 0.849678635597229 -0.04211156815290451 0.003623914904892445 
-0.8495054841041565 0.5215757489204407 -0.0793650820851326 0.06258987635374069 
-0.04547045007348061 0.07748958468437195 0.9959555268287659 -0.3000214099884033 
0 0 0 1 

