1.000000000000000000e+00 0.000000000000000000e+00 0.000000000000000000e+00 -4.255350477121360719e-01
0.000000000000000000e+00 -1.000000000000000000e+00 0.000000000000000000e+00 3.076616963927396031e-01
0.000000000000000000e+00 0.000000000000000000e+00 -1.000000000000000000e+00 -5.117628744684824760e+00
0.000000000000000000e+00 0.000000000000000000e+00 0.000000000000000000e+00 1.000000000000000000e+00
9.957906603813171387e-01 -5.464633926749229431e-02 7.357977330684661865e-02 -9.168521079051510786e-03
-5.607430264353752136e-02 -9.982735514640808105e-01 1.748133450746536255e-02 3.569390326902212585e-01
7.249744981527328491e-02 -2.153376676142215729e-02 -9.971364140510559082e-01 -5.077959558301152754e+00
0.000000000000000000e+00 0.000000000000000000e+00 0.000000000000000000e+00 1.000000000000000000e+00
9.723082780838012695e-01 -6.601739674806594849e-02 2.241846323013305664e-01 8.021835731547030113e-01
-7.151734083890914917e-02 -9.973030090332031250e-01 1.649314910173416138e-02 3.604882796523707356e-01
2.224911451339721680e-01 -3.206957504153251648e-02 -9.744069576263427734e-01 -4.950266031432944303e+00
0.000000000000000000e+00 0.000000000000000000e+00 0.000000000000000000e+00 1.000000000000000000e+00
9.376024603843688965e-01 -6.310255825519561768e-02 3.419360816478729248e-01 1.445646958355791156e+00
-6.105041131377220154e-02 -9.979937076568603516e-01 -1.677192002534866333e-02 2.009991963378356672e-01
3.423083722591400146e-01 -5.149958189576864243e-03 -9.395737051963806152e-01 -4.772776104415681786e+00
0.000000000000000000e+00 0.000000000000000000e+00 0.000000000000000000e+00 1.000000000000000000e+00
9.100515842437744141e-01 -7.645816355943679810e-02 4.073817431926727295e-01 1.815517340376778144e+00
-6.329759210348129272e-02 -9.969472885131835938e-01 -4.570816829800605774e-02 1.022266887973745375e-01
4.096330404281616211e-01 1.581046171486377716e-02 -9.121133089065551758e-01 -4.612900172328782133e+00
0.000000000000000000e+00 0.000000000000000000e+00 0.000000000000000000e+00 1.000000000000000000e+00
1.341388523578643799e-01 -8.650325983762741089e-02 9.871795773506164551e-01 5.153742786214363214e+00
-3.268776088953018188e-02 -9.960269331932067871e-01 -8.283687382936477661e-02 -4.280683578841871367e-02
9.904231429100036621e-01 -2.115706540644168854e-02 -1.364335119724273682e-01 -7.094945727462923513e-01
0.000000000000000000e+00 0.000000000000000000e+00 0.000000000000000000e+00 1.000000000000000000e+00
1.161183863878250122e-01 -9.998795390129089355e-02 9.881898760795593262e-01 5.124508745020465383e+00
-2.342518605291843414e-02 -9.949189424514770508e-01 -9.791623800992965698e-02 -5.945170609275565038e-02
9.929591417312622070e-01 -1.177865825593471527e-02 -1.178706809878349304e-01 -5.207024513610348793e-01
0.000000000000000000e+00 0.000000000000000000e+00 0.000000000000000000e+00 1.000000000000000000e+00
1.172279343008995056e-01 -9.457668662071228027e-02 9.885912537574768066e-01 5.074653218863377724e+00
-2.434300258755683899e-02 -9.954295158386230469e-01 -9.234428405761718750e-02 2.391829344609854718e-02
9.928065538406372070e-01 -1.323996298015117645e-02 -1.189944818615913391e-01 -4.197362858385574880e-01
0.000000000000000000e+00 0.000000000000000000e+00 0.000000000000000000e+00 1.000000000000000000e+00
1.354171186685562134e-01 -9.010450541973114014e-02 9.866830110549926758e-01 5.012266153553796677e+00
-3.322171047329902649e-02 -9.957091212272644043e-01 -8.636928349733352661e-02 7.578788295582856993e-02
9.902312159538269043e-01 -2.108342573046684265e-02 -1.378294676542282104e-01 -3.861416023474235071e-01
0.000000000000000000e+00 0.000000000000000000e+00 0.000000000000000000e+00 1.000000000000000000e+00
1.476033627986907959e-01 -9.494876116514205933e-02 9.844785332679748535e-01 4.971258100384167378e+00
-5.113577097654342651e-02 -9.947826266288757324e-01 -8.827579021453857422e-02 8.983047727191177667e-02
9.877238273620605469e-01 -3.731228783726692200e-02 -1.516885906457901001e-01 -3.320917505918724588e-01
0.000000000000000000e+00 0.000000000000000000e+00 0.000000000000000000e+00 1.000000000000000000e+00
1.705302447080612183e-01 -8.741360902786254883e-02 9.814673066139221191e-01 4.925312430315410772e+00
-7.546027749776840210e-02 -9.942905902862548828e-01 -7.544443756341934204e-02 1.863107235474530943e-01
9.824587702751159668e-01 -6.119626760482788086e-02 -1.761528849601745605e-01 -3.236202138585165811e-01
0.000000000000000000e+00 0.000000000000000000e+00 0.000000000000000000e+00 1.000000000000000000e+00
1.689848452806472778e-01 -8.163751661777496338e-02 9.822317957878112793e-01 4.908242474022732615e+00
-1.062469109892845154e-01 -9.922655820846557617e-01 -6.419258564710617065e-02 2.867157624206961297e-01
9.798752665519714355e-01 -9.351152926683425903e-02 -1.763515621423721313e-01 -2.051172718729650513e-01
0.000000000000000000e+00 0.000000000000000000e+00 0.000000000000000000e+00 1.000000000000000000e+00
1.805078685283660889e-01 -9.449025243520736694e-02 9.790241122245788574e-01 4.909570626699851559e+00
-1.009266152977943420e-01 -9.919000267982482910e-01 -7.712461799383163452e-02 2.772627190732650515e-01
9.783813953399658203e-01 -8.488797396421432495e-02 -1.885823160409927368e-01 -1.969805634413986928e-01
0.000000000000000000e+00 0.000000000000000000e+00 0.000000000000000000e+00 1.000000000000000000e+00
1.856341958045959473e-01 -1.072899922728538513e-01 9.767441153526306152e-01 4.925912817229208152e+00
-1.338584572076797485e-01 -9.875157475471496582e-01 -8.303288370370864868e-02 2.896232293031886784e-01
9.734586477279663086e-01 -1.153317168354988098e-01 -1.976782977581024170e-01 -1.567082992161305810e-01
0.000000000000000000e+00 0.000000000000000000e+00 0.000000000000000000e+00 1.000000000000000000e+00
1.989973932504653931e-01 -1.111020147800445557e-01 9.736818075180053711e-01 4.942795871845482303e+00
-1.455813199281692505e-01 -9.858801364898681641e-01 -8.274051547050476074e-02 3.307852481850140358e-01
9.691265225410461426e-01 -1.252847164869308472e-01 -2.123620063066482544e-01 -1.527602617144732944e-01
0.000000000000000000e+00 0.000000000000000000e+00 0.000000000000000000e+00 1.000000000000000000e+00
2.019284516572952271e-01 -1.223655864596366882e-01 9.717259407043457031e-01 4.969997803729692798e+00
-1.702362596988677979e-01 -9.814468026161193848e-01 -8.821392059326171875e-02 3.321756270173997772e-01
9.644919037818908691e-01 -1.476100683212280273e-01 -2.190130501985549927e-01 -7.424627079897673509e-02
0.000000000000000000e+00 0.000000000000000000e+00 0.000000000000000000e+00 1.000000000000000000e+00
2.283305823802947998e-01 -1.329001635313034058e-01 9.644701480865478516e-01 4.994610492644618205e+00
-1.834160685539245605e-01 -9.787726402282714844e-01 -9.144869446754455566e-02 3.549371064139981158e-01
9.561503529548645020e-01 -1.560188680887222290e-01 -2.478598207235336304e-01 -1.090557376830529890e-01
0.000000000000000000e+00 0.000000000000000000e+00 0.000000000000000000e+00 1.000000000000000000e+00
2.724208235740661621e-01 -1.363369524478912354e-01 9.524701833724975586e-01 4.995295005153739254e+00
-2.088396698236465454e-01 -9.746894836425781250e-01 -7.978619635105133057e-02 4.323275946716909068e-01
9.392406344413757324e-01 -1.771780848503112793e-01 -2.939982712268829346e-01 -2.274904888300599837e-01
0.000000000000000000e+00 0.000000000000000000e+00 0.000000000000000000e+00 1.000000000000000000e+00
3.441036045551300049e-01 -1.650810390710830688e-01 9.243054389953613281e-01 5.045539413779778215e+00
-2.281425744295120239e-01 -9.696208238601684570e-01 -8.824063092470169067e-02 3.877383010204645264e-01
9.107926487922668457e-01 -1.805095821619033813e-01 -3.713120818138122559e-01 -4.152332351780100295e-01
0.000000000000000000e+00 0.000000000000000000e+00 0.000000000000000000e+00 1.000000000000000000e+00
3.942773342132568359e-01 -2.156945019960403442e-01 8.933203220367431641e-01 5.250389206581905555e+00
-2.318393290042877197e-01 -9.639703631401062012e-01 -1.304282099008560181e-01 1.936902768199265656e-01
8.892670869827270508e-01 -1.556819379329681396e-01 -4.300781488418579102e-01 -5.044188412137989852e-01
0.000000000000000000e+00 0.000000000000000000e+00 0.000000000000000000e+00 1.000000000000000000e+00
4.174811840057373047e-01 -2.378165274858474731e-01 8.770133256912231445e-01 5.320835662651052900e+00
-2.651217877864837646e-01 -9.550306200981140137e-01 -1.327673494815826416e-01 2.023596773503031354e-01
8.691490292549133301e-01 -1.770875900983810425e-01 -4.617576599121093750e-01 -6.782801078973824671e-01
0.000000000000000000e+00 0.000000000000000000e+00 0.000000000000000000e+00 1.000000000000000000e+00
3.957526087760925293e-01 -2.458075284957885742e-01 8.848494887351989746e-01 5.211767621951323370e+00
-1.989738196134567261e-01 -9.635769724845886230e-01 -1.786858588457107544e-01 -7.429018880746506015e-02
8.965430259704589844e-01 -1.053465008735656738e-01 -4.302474260330200195e-01 -6.153401747307968295e-01
0.000000000000000000e+00 0.000000000000000000e+00 0.000000000000000000e+00 1.000000000000000000e+00
3.936623036861419678e-01 -2.436499595642089844e-01 8.863772153854370117e-01 5.137372421546949397e+00
-1.649035960435867310e-01 -9.673102498054504395e-01 -1.926592588424682617e-01 -1.676528774228048801e-01
9.043433666229248047e-01 -7.032414525747299194e-02 -4.209724366664886475e-01 -6.127823796550471158e-01
0.000000000000000000e+00 0.000000000000000000e+00 0.000000000000000000e+00 1.000000000000000000e+00
3.565383851528167725e-01 -2.588313817977905273e-01 8.977119326591491699e-01 4.858888130067975375e+00
-6.207440048456192017e-02 -9.652985930442810059e-01 -2.536644339561462402e-01 -5.761385445751960876e-01
9.322162270545959473e-01 3.471613302826881409e-02 -3.602326810359954834e-01 -4.359767915386610904e-01
0.000000000000000000e+00 0.000000000000000000e+00 0.000000000000000000e+00 1.000000000000000000e+00
3.522529006004333496e-01 -2.940603792667388916e-01 8.885080814361572266e-01 4.578195541711749250e+00
-2.402438409626483917e-02 -9.518854618072509766e-01 -3.055112063884735107e-01 -9.634891935754879011e-01
9.355964064598083496e-01 8.627131581306457520e-02 -3.423689901828765869e-01 -4.013360191662870280e-01
0.000000000000000000e+00 0.000000000000000000e+00 0.000000000000000000e+00 1.000000000000000000e+00
3.736756443977355957e-01 -3.449899554252624512e-01 8.610157966613769531e-01 4.323353320250708620e+00
1.488303765654563904e-02 -9.259101152420043945e-01 -3.774507343769073486e-01 -1.342741265955183616e+00
9.274398684501647949e-01 1.538586616516113281e-01 -3.408555984497070312e-01 -4.207548702135433527e-01
0.000000000000000000e+00 0.000000000000000000e+00 0.000000000000000000e+00 1.000000000000000000e+00
4.085655212402343750e-01 -3.623267710208892822e-01 8.377310633659362793e-01 4.119957868518684840e+00
6.133345887064933777e-02 -9.048578143119812012e-01 -4.212724268436431885e-01 -1.569406174808871457e+00
9.106658697128295898e-01 2.234983444213867188e-01 -3.474709391593933105e-01 -4.909315142686790923e-01
0.000000000000000000e+00 0.000000000000000000e+00 0.000000000000000000e+00 1.000000000000000000e+00
4.712523519992828369e-01 -3.932352662086486816e-01 7.894852757453918457e-01 3.799930612065852920e+00
1.315463781356811523e-01 -8.537617325782775879e-01 -5.037721991539001465e-01 -1.972604578056569524e+00
8.721334338188171387e-01 3.412576913833618164e-01 -3.506086170673370361e-01 -5.672626946173289220e-01
0.000000000000000000e+00 0.000000000000000000e+00 0.000000000000000000e+00 1.000000000000000000e+00
4.899600446224212646e-01 -4.270266294479370117e-01 7.599917054176330566e-01 3.607037367908556114e+00
1.497415453195571899e-01 -8.176204562187194824e-01 -5.559442639350891113e-01 -2.243517367546970842e+00
8.587877750396728516e-01 3.861927986145019531e-01 -3.366577029228210449e-01 -5.386954578915561509e-01
0.000000000000000000e+00 0.000000000000000000e+00 0.000000000000000000e+00 1.000000000000000000e+00
4.856307208538055420e-01 -4.765538275241851807e-01 7.328430414199829102e-01 3.394090089737658023e+00
1.742539554834365845e-01 -7.687379121780395508e-01 -6.153677701950073242e-01 -2.501500806991897363e+00
8.566201925277709961e-01 4.265423417091369629e-01 -2.902814745903015137e-01 -3.667266450850921733e-01
0.000000000000000000e+00 0.000000000000000000e+00 0.000000000000000000e+00 1.000000000000000000e+00
5.178142786026000977e-01 -4.835918545722961426e-01 7.056962847709655762e-01 3.201475809229005876e+00
1.742497682571411133e-01 -7.479875087738037109e-01 -6.404308080673217773e-01 -2.618275863316063656e+00
8.375591039657592773e-01 4.545916020870208740e-01 -3.030527830123901367e-01 -4.515394810476674459e-01
0.000000000000000000e+00 0.000000000000000000e+00 0.000000000000000000e+00 1.000000000000000000e+00
5.270061492919921875e-01 -4.944374263286590576e-01 6.912279129028320312e-01 3.053494323637558239e+00
1.887949556112289429e-01 -7.249072790145874023e-01 -6.624693870544433594e-01 -2.710030300951753457e+00
8.286257982254028320e-01 4.796256721019744873e-01 -2.886833250522613525e-01 -4.200709529326909220e-01
0.000000000000000000e+00 0.000000000000000000e+00 0.000000000000000000e+00 1.000000000000000000e+00
5.081137418746948242e-01 -5.402688384056091309e-01 6.707681417465209961e-01 2.873182419397910081e+00
1.926393210887908936e-01 -6.877770423889160156e-01 -6.998948454856872559e-01 -2.852620804112669273e+00
8.394703269004821777e-01 4.848423898220062256e-01 -2.453918904066085815e-01 -2.837921511294302368e-01
0.000000000000000000e+00 0.000000000000000000e+00 0.000000000000000000e+00 1.000000000000000000e+00
4.638739526271820068e-01 -6.177694797515869141e-01 6.349658966064453125e-01 2.574058587698258016e+00
1.573667824268341064e-01 -6.478865742683410645e-01 -7.453043460845947266e-01 -3.008735885587860981e+00
8.718121647834777832e-01 4.456497728824615479e-01 -2.033213227987289429e-01 -2.157569523766068309e-01
0.000000000000000000e+00 0.000000000000000000e+00 0.000000000000000000e+00 1.000000000000000000e+00
4.041438698768615723e-01 -6.668370366096496582e-01 6.260960102081298828e-01 2.473965994063779927e+00
1.464446038007736206e-01 -6.284850239753723145e-01 -7.639113068580627441e-01 -3.056177364296114973e+00
9.028963446617126465e-01 4.004184007644653320e-01 -1.563436985015869141e-01 -9.238028752640639607e-02
0.000000000000000000e+00 0.000000000000000000e+00 0.000000000000000000e+00 1.000000000000000000e+00
4.573749005794525146e-01 -6.907202601432800293e-01 5.601014494895935059e-01 2.138870533986247935e+00
1.422992646694183350e-01 -5.648785233497619629e-01 -8.128119111061096191e-01 -3.195490143790166382e+00
8.778148889541625977e-01 4.514617621898651123e-01 -1.600723117589950562e-01 -2.364852064105141816e-01
0.000000000000000000e+00 0.000000000000000000e+00 0.000000000000000000e+00 1.000000000000000000e+00
6.129332780838012695e-01 -6.213444471359252930e-01 4.881021976470947266e-01 1.795035337237909312e+00
1.399096250534057617e-01 -5.226365923881530762e-01 -8.409971594810485840e-01 -3.252461822310194872e+00
7.776490449905395508e-01 5.837653279304504395e-01 -2.334093302488327026e-01 -6.072320744578997287e-01
0.000000000000000000e+00 0.000000000000000000e+00 0.000000000000000000e+00 1.000000000000000000e+00
7.295910120010375977e-01 -5.708208084106445312e-01 3.766438066959381104e-01 1.284243075302878623e+00
6.721779704093933105e-02 -4.882209599018096924e-01 -8.701275587081909180e-01 -3.266366949897657523e+00
6.805723309516906738e-01 6.601544618606567383e-01 -3.178323209285736084e-01 -9.646517691662398475e-01
0.000000000000000000e+00 0.000000000000000000e+00 0.000000000000000000e+00 1.000000000000000000e+00
8.075095415115356445e-01 -5.219325423240661621e-01 2.747994959354400635e-01 9.349923925602763308e-01
9.360701777040958405e-03 -4.544790089130401611e-01 -8.907082676887512207e-01 -3.232426835601196036e+00
5.897802114486694336e-01 7.218276858329772949e-01 -3.621104955673217773e-01 -1.140719795054047747e+00
0.000000000000000000e+00 0.000000000000000000e+00 0.000000000000000000e+00 1.000000000000000000e+00
8.113832473754882812e-01 -5.615044236183166504e-01 1.623884439468383789e-01 6.152537722154569622e-01
-6.858314573764801025e-02 -3.673534095287322998e-01 -9.275493025779724121e-01 -3.398528458560909460e+00
5.804769992828369141e-01 7.414608597755432129e-01 -3.365741372108459473e-01 -1.017207052341187135e+00
0.000000000000000000e+00 0.000000000000000000e+00 0.000000000000000000e+00 1.000000000000000000e+00
8.074254989624023438e-01 -5.885256528854370117e-01 4.125030711293220520e-02 1.951418337038862139e-01
-1.424262970685958862e-01 -2.622972428798675537e-01 -9.544185996055603027e-01 -3.617579604218939870e+00
5.725196599960327148e-01 7.647468447685241699e-01 -2.956070005893707275e-01 -8.197420086582959398e-01
0.000000000000000000e+00 0.000000000000000000e+00 0.000000000000000000e+00 1.000000000000000000e+00
8.203232288360595703e-01 -5.689122080802917480e-01 -5.838354676961898804e-02 -2.356394413197604731e-01
-1.778955161571502686e-01 -1.568145453929901123e-01 -9.714742898941040039e-01 -3.789695810425465439e+00
5.435282588005065918e-01 8.073091506958007812e-01 -2.298455387353897095e-01 -5.409961143551837992e-01
0.000000000000000000e+00 0.000000000000000000e+00 0.000000000000000000e+00 1.000000000000000000e+00
8.325064778327941895e-01 -5.309416055679321289e-01 -1.582212299108505249e-01 -7.440713565563328302e-01
-2.156101018190383911e-01 -4.742387309670448303e-02 -9.753273129463195801e-01 -3.889324721238547777e+00
5.103383064270019531e-01 8.460804820060729980e-01 -1.539570689201354980e-01 -2.285297201856199001e-01
0.000000000000000000e+00 0.000000000000000000e+00 0.000000000000000000e+00 1.000000000000000000e+00
8.414973616600036621e-01 -4.921235740184783936e-01 -2.229271680116653442e-01 -1.138924361861305190e+00
-2.182663977146148682e-01 6.778030842542648315e-02 -9.735326170921325684e-01 -3.976324872281900014e+00
4.942083656787872314e-01 8.678826689720153809e-01 -5.037711560726165771e-02 2.009264093037249621e-01
0.000000000000000000e+00 0.000000000000000000e+00 0.000000000000000000e+00 1.000000000000000000e+00
8.142540454864501953e-01 -5.580653548240661621e-01 -1.598540991544723511e-01 -7.843725761567603705e-01
-2.757250368595123291e-01 -1.294701993465423584e-01 -9.524773359298706055e-01 -3.655966272092768587e+00
5.108482837677001953e-01 8.196343183517456055e-01 -2.592942714691162109e-01 -8.292052452898301951e-01
0.000000000000000000e+00 0.000000000000000000e+00 0.000000000000000000e+00 1.000000000000000000e+00
8.133302330970764160e-01 -5.718320012092590332e-01 -1.072475537657737732e-01 -5.286389011584790021e-01
-2.874441146850585938e-01 -2.346785366535186768e-01 -9.286020994186401367e-01 -3.448777232194252473e+00
5.058357119560241699e-01 7.860878705978393555e-01 -3.552409112453460693e-01 -1.244197154239063297e+00
0.000000000000000000e+00 0.000000000000000000e+00 0.000000000000000000e+00 1.000000000000000000e+00
