1.000000000000000000e+00 0.000000000000000000e+00 0.000000000000000000e+00 -4.542167112231254578e-02
0.000000000000000000e+00 1.000000000000000000e+00 0.000000000000000000e+00 9.935460984706878662e-04
0.000000000000000000e+00 0.000000000000000000e+00 1.000000000000000000e+00 -2.875000238418579102e-01
0.000000000000000000e+00 0.000000000000000000e+00 0.000000000000000000e+00 1.000000000000000000e+00
9.964197278022766113e-01 8.242140710353851318e-02 1.882934942841529846e-02 -4.967611655592918396e-02
-8.211845904588699341e-02 9.964887499809265137e-01 -1.633324846625328064e-02 9.598889388144016266e-03
-2.010944671928882599e-02 1.472852844744920731e-02 9.996891021728515625e-01 -2.931534945964813232e-01
0.000000000000000000e+00 0.000000000000000000e+00 0.000000000000000000e+00 1.000000000000000000e+00
9.860783219337463379e-01 1.619350761175155640e-01 3.776999562978744507e-02 -5.366228148341178894e-02
-1.599279642105102539e-01 9.857997298240661621e-01 -5.120459571480751038e-02 2.514156512916088104e-02
-4.552551358938217163e-02 4.445122554898262024e-02 9.979737401008605957e-01 -2.923277020454406738e-01
0.000000000000000000e+00 0.000000000000000000e+00 0.000000000000000000e+00 1.000000000000000000e+00
9.665280580520629883e-01 2.531767487525939941e-01 4.153456911444664001e-02 -5.245006456971168518e-02
-2.495908737182617188e-01 9.653455615043640137e-01 -7.623802125453948975e-02 3.784601017832756042e-02
-5.939690768718719482e-02 6.331954896450042725e-02 9.962242841720581055e-01 -2.917344570159912109e-01
0.000000000000000000e+00 0.000000000000000000e+00 0.000000000000000000e+00 1.000000000000000000e+00
9.377603530883789062e-01 3.435509800910949707e-01 5.077730491757392883e-02 -5.228137224912643433e-02
-3.356097936630249023e-01 9.340901374816894531e-01 -1.218268871307373047e-01 5.638411268591880798e-02
-8.928436785936355591e-02 9.720300883054733276e-02 9.912516474723815918e-01 -2.892665863037109375e-01
0.000000000000000000e+00 0.000000000000000000e+00 0.000000000000000000e+00 1.000000000000000000e+00
8.917577266693115234e-01 4.514308571815490723e-01 3.127497434616088867e-02 -4.318153485655784607e-02
-4.434316158294677734e-01 8.855487108230590820e-01 -1.384623944759368896e-01 6.577047705650329590e-02
-9.020173549652099609e-02 1.096066311001777649e-01 9.898737072944641113e-01 -2.900167405605316162e-01
0.000000000000000000e+00 0.000000000000000000e+00 0.000000000000000000e+00 1.000000000000000000e+00
8.462471961975097656e-01 5.326089859008789062e-01 1.390267349779605865e-02 -3.506262600421905518e-02
-5.233932733535766602e-01 8.359174728393554688e-01 -1.652302294969558716e-01 7.798762619495391846e-02
-9.962465614080429077e-02 1.325490027666091919e-01 9.861571788787841797e-01 -2.890000045299530029e-01
0.000000000000000000e+00 0.000000000000000000e+00 0.000000000000000000e+00 1.000000000000000000e+00
7.957081794738769531e-01 6.056757569313049316e-01 -2.321612322703003883e-03 -2.708430215716362000e-02
-5.973692536354064941e-01 7.841511964797973633e-01 -1.680970489978790283e-01 8.241914212703704834e-02
-9.999182820320129395e-02 1.351430565118789673e-01 9.857677221298217773e-01 -2.896726131439208984e-01
0.000000000000000000e+00 0.000000000000000000e+00 0.000000000000000000e+00 1.000000000000000000e+00
7.219482660293579102e-01 6.911333799362182617e-01 -3.354414924979209900e-02 -1.198029890656471252e-02
-6.861534118652343750e-01 7.088016271591186523e-01 -1.636874079704284668e-01 8.399033546447753906e-02
-8.935368806123733521e-02 1.411902457475662231e-01 9.859415292739868164e-01 -2.906149327754974365e-01
0.000000000000000000e+00 0.000000000000000000e+00 0.000000000000000000e+00 1.000000000000000000e+00
6.452097892761230469e-01 7.633687257766723633e-01 -3.117738664150238037e-02 -7.595153059810400009e-03
-7.590594887733459473e-01 6.358636617660522461e-01 -1.396616846323013306e-01 7.911425828933715820e-02
-8.678886294364929199e-02 1.137765944004058838e-01 9.897081255912780762e-01 -2.933897674083709717e-01
0.000000000000000000e+00 0.000000000000000000e+00 0.000000000000000000e+00 1.000000000000000000e+00
5.494145154953002930e-01 8.344156146049499512e-01 -4.351790994405746460e-02 2.201427705585956573e-03
-8.336976170539855957e-01 5.439869761466979980e-01 -9.500578790903091431e-02 6.728701293468475342e-02
-5.560116469860076904e-02 8.847833424806594849e-02 9.945249557495117188e-01 -2.984487116336822510e-01
0.000000000000000000e+00 0.000000000000000000e+00 0.000000000000000000e+00 1.000000000000000000e+00
4.616413116455078125e-01 8.830314278602600098e-01 -8.451218158006668091e-02 2.116207033395767212e-02
-8.870214223861694336e-01 4.585565030574798584e-01 -5.402743071317672729e-02 5.483849719166755676e-02
-8.954311721026897430e-03 9.990541636943817139e-02 9.949564933776855469e-01 -3.025154173374176025e-01
0.000000000000000000e+00 0.000000000000000000e+00 0.000000000000000000e+00 1.000000000000000000e+00
3.525890111923217773e-01 9.299516677856445312e-01 -1.042623966932296753e-01 3.178225830197334290e-02
-9.355422854423522949e-01 3.528080284595489502e-01 -1.695309579372406006e-02 4.073045030236244202e-02
2.101904898881912231e-02 1.035193875432014465e-01 9.944053888320922852e-01 -3.039101660251617432e-01
0.000000000000000000e+00 0.000000000000000000e+00 0.000000000000000000e+00 1.000000000000000000e+00
2.699543833732604980e-01 9.553657174110412598e-01 -1.200037300586700439e-01 3.952217474579811096e-02
-9.596312642097473145e-01 2.771661281585693359e-01 4.781793802976608276e-02 1.633154228329658508e-02
7.894460111856460571e-02 1.022506728768348694e-01 9.916211962699890137e-01 -3.036597073078155518e-01
0.000000000000000000e+00 0.000000000000000000e+00 0.000000000000000000e+00 1.000000000000000000e+00
1.956380754709243774e-01 9.686933159828186035e-01 -1.528368741273880005e-01 5.132020637392997742e-02
-9.717914462089538574e-01 2.124277502298355103e-01 1.024490073323249817e-01 -3.916183020919561386e-03
1.317084580659866333e-01 1.284825950860977173e-01 9.829266071319580078e-01 -3.017721772193908691e-01
0.000000000000000000e+00 0.000000000000000000e+00 0.000000000000000000e+00 1.000000000000000000e+00
1.142450645565986633e-01 9.813388586044311523e-01 -1.546683311462402344e-01 5.386853590607643127e-02
-9.709610939025878906e-01 1.432378739118576050e-01 1.916185617446899414e-01 -3.427743911743164062e-02
2.101971358060836792e-01 1.282854378223419189e-01 9.692059159278869629e-01 -2.989265024662017822e-01
0.000000000000000000e+00 0.000000000000000000e+00 0.000000000000000000e+00 1.000000000000000000e+00
1.908631920814514160e-01 9.719457030296325684e-01 -1.374501436948776245e-01 4.741824418306350708e-02
-9.537359476089477539e-01 2.167505770921707153e-01 2.083423137664794922e-01 -3.912190720438957214e-02
2.322898507118225098e-01 9.132630378007888794e-02 9.683496952056884766e-01 -2.967481911182403564e-01
0.000000000000000000e+00 0.000000000000000000e+00 0.000000000000000000e+00 1.000000000000000000e+00
2.715384662151336670e-01 9.512031078338623047e-01 -1.465571522712707520e-01 4.786065593361854553e-02
-9.379631876945495605e-01 2.956659495830535889e-01 1.811255216598510742e-01 -2.831293269991874695e-02
2.156191766262054443e-01 8.828274160623550415e-02 9.724787473678588867e-01 -2.953526973724365234e-01
0.000000000000000000e+00 0.000000000000000000e+00 0.000000000000000000e+00 1.000000000000000000e+00
3.270682394504547119e-01 9.330195784568786621e-01 -1.500020474195480347e-01 4.707519710063934326e-02
-9.329531192779541016e-01 3.440699875354766846e-01 1.058965474367141724e-01 -2.031181706115603447e-03
1.504147648811340332e-01 1.053095385432243347e-01 9.829982519149780273e-01 -2.951178848743438721e-01
0.000000000000000000e+00 0.000000000000000000e+00 0.000000000000000000e+00 1.000000000000000000e+00
3.590571284294128418e-01 9.155616164207458496e-01 -1.811776310205459595e-01 5.550210550427436829e-02
-9.301011562347412109e-01 3.671105504035949707e-01 1.188278663903474808e-02 3.092918731272220612e-02
7.739163935184478760e-02 1.642469614744186401e-01 9.833784103393554688e-01 -2.912735044956207275e-01
0.000000000000000000e+00 0.000000000000000000e+00 0.000000000000000000e+00 1.000000000000000000e+00
4.039373099803924561e-01 8.950318098068237305e-01 -1.890825778245925903e-01 5.580411478877067566e-02
-9.146468639373779297e-01 3.987681567668914795e-01 -6.637225300073623657e-02 5.735568329691886902e-02
1.599480956792831421e-02 1.997540593147277832e-01 9.797156453132629395e-01 -2.864632904529571533e-01
0.000000000000000000e+00 0.000000000000000000e+00 0.000000000000000000e+00 1.000000000000000000e+00
4.563930332660675049e-01 8.614483475685119629e-01 -2.227380722761154175e-01 6.250049173831939697e-02
-8.886834383010864258e-01 4.289028942584991455e-01 -1.621234267950057983e-01 8.648387342691421509e-02
-4.412801191210746765e-02 2.719355225563049316e-01 9.613030552864074707e-01 -2.755795717239379883e-01
0.000000000000000000e+00 0.000000000000000000e+00 0.000000000000000000e+00 1.000000000000000000e+00
5.352550148963928223e-01 8.180325031280517578e-01 -2.105360031127929688e-01 5.304231122136116028e-02
-8.404765129089355469e-01 4.909105300903320312e-01 -2.293603420257568359e-01 1.048872694373130798e-01
-8.426982164382934570e-02 2.997167408466339111e-01 9.502992033958435059e-01 -2.686175704002380371e-01
0.000000000000000000e+00 0.000000000000000000e+00 0.000000000000000000e+00 1.000000000000000000e+00
5.933287739753723145e-01 7.781579494476318359e-01 -2.059890478849411011e-01 4.739762470126152039e-02
-7.959699630737304688e-01 5.290275812149047852e-01 -2.942135632038116455e-01 1.207597404718399048e-01
-1.199708282947540283e-01 3.385263085365295410e-01 9.332776665687561035e-01 -2.600362896919250488e-01
0.000000000000000000e+00 0.000000000000000000e+00 0.000000000000000000e+00 1.000000000000000000e+00
6.717764735221862793e-01 7.194245457649230957e-01 -1.764782816171646118e-01 3.269564732909202576e-02
-7.227409482002258301e-01 5.843486189842224121e-01 -3.690285086631774902e-01 1.362155079841613770e-01
-1.623634546995162964e-01 3.754526674747467041e-01 9.125092625617980957e-01 -2.496337741613388062e-01
0.000000000000000000e+00 0.000000000000000000e+00 0.000000000000000000e+00 1.000000000000000000e+00
7.350247502326965332e-01 6.585335731506347656e-01 -1.614665985107421875e-01 2.460970357060432434e-02
-6.502567529678344727e-01 6.171575188636779785e-01 -4.430377185344696045e-01 1.512084454298019409e-01
-1.921050399541854858e-01 4.306386709213256836e-01 8.818423748016357422e-01 -2.354681193828582764e-01
0.000000000000000000e+00 0.000000000000000000e+00 0.000000000000000000e+00 1.000000000000000000e+00
7.625993490219116211e-01 6.297971010208129883e-01 -1.476393342018127441e-01 1.828924752771854401e-02
-5.989027023315429688e-01 6.011630296707153320e-01 -5.290725231170654297e-01 1.705869436264038086e-01
-2.444534599781036377e-01 4.918921589851379395e-01 8.356344699859619141e-01 -2.147749811410903931e-01
0.000000000000000000e+00 0.000000000000000000e+00 0.000000000000000000e+00 1.000000000000000000e+00
7.915976047515869141e-01 5.941091775894165039e-01 -1.428535580635070801e-01 1.425137929618358612e-02
-5.344666242599487305e-01 5.598907470703125000e-01 -6.331406831741333008e-01 1.972433775663375854e-01
-2.961726188659667969e-01 5.775433182716369629e-01 7.607399225234985352e-01 -1.867301762104034424e-01
0.000000000000000000e+00 0.000000000000000000e+00 0.000000000000000000e+00 1.000000000000000000e+00
8.151728510856628418e-01 5.616092681884765625e-01 -1.417327523231506348e-01 1.180496718734502792e-02
-4.803310632705688477e-01 5.187058448791503906e-01 -7.072665691375732422e-01 2.167630940675735474e-01
-3.236901164054870605e-01 6.446229815483093262e-01 6.925933361053466797e-01 -1.628300398588180542e-01
0.000000000000000000e+00 0.000000000000000000e+00 0.000000000000000000e+00 1.000000000000000000e+00
8.439238071441650391e-01 5.186079144477844238e-01 -1.372535377740859985e-01 7.680648472160100937e-03
-4.144970178604125977e-01 4.679313004016876221e-01 -7.805336713790893555e-01 2.358780950307846069e-01
-3.405656218528747559e-01 7.156019210815429688e-01 6.098597049713134766e-01 -1.393338739871978760e-01
0.000000000000000000e+00 0.000000000000000000e+00 0.000000000000000000e+00 1.000000000000000000e+00
8.772766590118408203e-01 4.696552455425262451e-01 -9.904239326715469360e-02 -5.541066639125347137e-03
-3.265130221843719482e-01 4.326851367950439453e-01 -8.403404951095581055e-01 2.500506341457366943e-01
-3.518164455890655518e-01 7.695496678352355957e-01 5.329334139823913574e-01 -1.189778298139572144e-01
0.000000000000000000e+00 0.000000000000000000e+00 0.000000000000000000e+00 1.000000000000000000e+00
8.989543914794921875e-01 4.322957396507263184e-01 -7.071816921234130859e-02 -1.379399187862873077e-02
-2.320959866046905518e-01 3.331447243690490723e-01 -9.138631820678710938e-01 2.646695077419281006e-01
-3.714997470378875732e-01 8.379349112510681152e-01 3.998161852359771729e-01 -8.294942229986190796e-02
0.000000000000000000e+00 0.000000000000000000e+00 0.000000000000000000e+00 1.000000000000000000e+00
8.934153318405151367e-01 4.487718343734741211e-01 -2.031386457383632660e-02 -3.163738921284675598e-02
-7.436688989400863647e-02 1.031516566872596741e-01 -9.918815493583679199e-01 2.819737195968627930e-01
-4.430330693721771240e-01 8.876726627349853516e-01 1.255311071872711182e-01 -8.377659134566783905e-03
0.000000000000000000e+00 0.000000000000000000e+00 0.000000000000000000e+00 1.000000000000000000e+00
8.859608769416809082e-01 4.625921547412872314e-01 -3.290162608027458191e-02 -2.562237903475761414e-02
-8.007609844207763672e-02 8.271069079637527466e-02 -9.933514595031738281e-01 2.826933860778808594e-01
-4.567951261997222900e-01 8.827047348022460938e-01 1.103209480643272400e-01 -9.333102032542228699e-03
0.000000000000000000e+00 0.000000000000000000e+00 0.000000000000000000e+00 1.000000000000000000e+00
8.512880206108093262e-01 5.236950516700744629e-01 -3.244033828377723694e-02 -2.255398035049438477e-02
-9.906913340091705322e-02 9.971081465482711792e-02 -9.900721907615661621e-01 2.824971675872802734e-01
-5.152610540390014648e-01 8.460503220558166504e-01 1.367645710706710815e-01 -1.458344981074333191e-02
0.000000000000000000e+00 0.000000000000000000e+00 0.000000000000000000e+00 1.000000000000000000e+00
8.358465433120727539e-01 5.449041128158569336e-01 -6.663508713245391846e-02 -1.311373803764581680e-02
-2.214064151048660278e-01 2.235455662012100220e-01 -9.492136836051940918e-01 2.759261429309844971e-01
-5.023344755172729492e-01 8.081501722335815430e-01 3.074950277805328369e-01 -5.376702174544334412e-02
0.000000000000000000e+00 0.000000000000000000e+00 0.000000000000000000e+00 1.000000000000000000e+00
8.367127776145935059e-01 5.376186966896057129e-01 -1.042963340878486633e-01 -3.022117307409644127e-03
-3.136405944824218750e-01 3.143044710159301758e-01 -8.960145115852355957e-01 2.649597227573394775e-01
-4.489335715770721436e-01 7.824183702468872070e-01 4.316016435623168945e-01 -8.757723122835159302e-02
0.000000000000000000e+00 0.000000000000000000e+00 0.000000000000000000e+00 1.000000000000000000e+00
8.197925686836242676e-01 5.611278414726257324e-01 -1.143490150570869446e-01 -1.631146878935396671e-04
-3.714487552642822266e-01 3.690625727176666260e-01 -8.519498705863952637e-01 2.554305791854858398e-01
-4.358508288860321045e-01 7.408970594406127930e-01 5.109851360321044922e-01 -1.102275848388671875e-01
0.000000000000000000e+00 0.000000000000000000e+00 0.000000000000000000e+00 1.000000000000000000e+00
8.337738513946533203e-01 5.459626913070678711e-01 -8.213334530591964722e-02 -1.334421150386333466e-02
-4.527875781059265137e-01 5.910539627075195312e-01 -6.675614714622497559e-01 2.161796838045120239e-01
-3.159185647964477539e-01 5.937842726707458496e-01 7.400104403495788574e-01 -1.802790462970733643e-01
0.000000000000000000e+00 0.000000000000000000e+00 0.000000000000000000e+00 1.000000000000000000e+00
8.396235704421997070e-01 5.401698946952819824e-01 -5.699463561177253723e-02 -2.193420752882957458e-02
-4.583740532398223877e-01 6.483411788940429688e-01 -6.079033613204956055e-01 1.982294023036956787e-01
-2.914194464683532715e-01 5.365350246429443359e-01 7.919626832008361816e-01 -1.968208253383636475e-01
0.000000000000000000e+00 0.000000000000000000e+00 0.000000000000000000e+00 1.000000000000000000e+00
8.607754111289978027e-01 5.051167607307434082e-01 -6.262656301259994507e-02 -2.072423137724399567e-02
-4.565564990043640137e-01 7.118549346923828125e-01 -5.336839556694030762e-01 1.762321144342422485e-01
-2.249918580055236816e-01 4.879748225212097168e-01 8.433616757392883301e-01 -2.138221561908721924e-01
0.000000000000000000e+00 0.000000000000000000e+00 0.000000000000000000e+00 1.000000000000000000e+00
8.737072944641113281e-01 4.859190583229064941e-01 -2.275982126593589783e-02 -3.086034767329692841e-02
-4.551246166229248047e-01 8.000275492668151855e-01 -3.909182548522949219e-01 1.350658833980560303e-01
-1.717463135719299316e-01 3.519066572189331055e-01 9.201439023017883301e-01 -2.370711863040924072e-01
0.000000000000000000e+00 0.000000000000000000e+00 0.000000000000000000e+00 1.000000000000000000e+00
8.798396587371826172e-01 4.747582077980041504e-01 -2.206407859921455383e-02 -2.929469943046569824e-02
-4.642791748046875000e-01 8.486389517784118652e-01 -2.534889578819274902e-01 9.725685417652130127e-02
-1.016215756535530090e-01 2.332735359668731689e-01 9.670864939689636230e-01 -2.528966367244720459e-01
0.000000000000000000e+00 0.000000000000000000e+00 0.000000000000000000e+00 1.000000000000000000e+00
8.804660439491271973e-01 4.737528562545776367e-01 -1.836668327450752258e-02 -2.633898146450519562e-02
-4.740641415119171143e-01 8.791905641555786133e-01 -4.782130569219589233e-02 3.910008817911148071e-02
-6.507681682705879211e-03 5.081203579902648926e-02 9.986869692802429199e-01 -2.659119367599487305e-01
0.000000000000000000e+00 0.000000000000000000e+00 0.000000000000000000e+00 1.000000000000000000e+00
8.883175253868103027e-01 4.590068161487579346e-01 -1.430477481335401535e-02 -2.568446472287178040e-02
-4.579210281372070312e-01 8.877059817314147949e-01 4.781146347522735596e-02 1.067926827818155289e-02
3.464423120021820068e-02 -3.592129796743392944e-02 9.987539052963256836e-01 -2.684775292873382568e-01
0.000000000000000000e+00 0.000000000000000000e+00 0.000000000000000000e+00 1.000000000000000000e+00
8.945757150650024414e-01 4.467934370040893555e-01 -1.047701109200716019e-02 -2.627182565629482269e-02
-4.403583705425262451e-01 8.852080702781677246e-01 1.499696820974349976e-01 -2.071285992860794067e-02
7.627987861633300781e-02 -1.295455694198608398e-01 9.886351823806762695e-01 -2.676643729209899902e-01
0.000000000000000000e+00 0.000000000000000000e+00 0.000000000000000000e+00 1.000000000000000000e+00
8.964465856552124023e-01 4.429813921451568604e-01 -1.228622533380985260e-02 -2.549258619546890259e-02
-4.253495633602142334e-01 8.678832650184631348e-01 2.566254734992980957e-01 -5.409670993685722351e-02
1.243433877825737000e-01 -2.248251140117645264e-01 9.664329290390014648e-01 -2.630284726619720459e-01
0.000000000000000000e+00 0.000000000000000000e+00 0.000000000000000000e+00 1.000000000000000000e+00
9.000171422958374023e-01 4.356265664100646973e-01 -1.408225763589143753e-02 -2.465055137872695923e-02
-4.000163972377777100e-01 8.384130001068115234e-01 3.702027499675750732e-01 -9.169599413871765137e-02
1.730770617723464966e-01 -3.275556862354278564e-01 9.288442134857177734e-01 -2.533746361732482910e-01
0.000000000000000000e+00 0.000000000000000000e+00 0.000000000000000000e+00 1.000000000000000000e+00
9.049447774887084961e-01 4.253890514373779297e-01 -1.090559363365173340e-02 -2.686967700719833374e-02
-3.738857805728912354e-01 8.070949316024780273e-01 4.569538533687591553e-01 -1.205528452992439270e-01
2.031851857900619507e-01 -4.094405472278594971e-01 8.894234299659729004e-01 -2.437052577733993530e-01
0.000000000000000000e+00 0.000000000000000000e+00 0.000000000000000000e+00 1.000000000000000000e+00
9.177032709121704102e-01 3.972208797931671143e-01 -6.021528970450162888e-03 -3.109727986156940460e-02
-3.291338384151458740e-01 7.687144875526428223e-01 5.484055876731872559e-01 -1.510777324438095093e-01
2.224670946598052979e-01 -5.012916922569274902e-01 8.361907005310058594e-01 -2.305546551942825317e-01
0.000000000000000000e+00 0.000000000000000000e+00 0.000000000000000000e+00 1.000000000000000000e+00
9.088290929794311523e-01 4.169071614742279053e-01 1.476477738469839096e-02 -3.830445557832717896e-02
-3.331409394741058350e-01 7.040121555328369141e-01 6.272029280662536621e-01 -1.748197078704833984e-01
2.510909736156463623e-01 -5.749390721321105957e-01 7.787156701087951660e-01 -2.168036550283432007e-01
0.000000000000000000e+00 0.000000000000000000e+00 0.000000000000000000e+00 1.000000000000000000e+00
9.159851074218750000e-01 3.998908400535583496e-01 3.253595530986785889e-02 -4.558620974421501160e-02
-2.970057725906372070e-01 6.213237047195434570e-01 7.250822782516479492e-01 -2.057306319475173950e-01
2.697384357452392578e-01 -6.738278269767761230e-01 6.878931522369384766e-01 -1.919112503528594971e-01
0.000000000000000000e+00 0.000000000000000000e+00 0.000000000000000000e+00 1.000000000000000000e+00
9.242430329322814941e-01 3.782782554626464844e-01 5.177287384867668152e-02 -5.303601548075675964e-02
-2.677244544029235840e-01 5.454233288764953613e-01 7.942523956298828125e-01 -2.285303771495819092e-01
2.722102999687194824e-01 -7.479431033134460449e-01 6.053780317306518555e-01 -1.670593768358230591e-01
0.000000000000000000e+00 0.000000000000000000e+00 0.000000000000000000e+00 1.000000000000000000e+00
9.335189461708068848e-01 3.553628623485565186e-01 4.753467440605163574e-02 -5.363795906305313110e-02
-2.240433096885681152e-01 4.746957421302795410e-01 8.511571288108825684e-01 -2.480828762054443359e-01
2.799051702022552490e-01 -8.052211403846740723e-01 5.227541327476501465e-01 -1.435858011245727539e-01
0.000000000000000000e+00 0.000000000000000000e+00 0.000000000000000000e+00 1.000000000000000000e+00
9.419335722923278809e-01 3.315873742103576660e-01 5.301876738667488098e-02 -5.830260366201400757e-02
-1.931343078613281250e-01 4.057956337928771973e-01 8.933247327804565430e-01 -2.621682882308959961e-01
2.747004032135009766e-01 -8.516922593116760254e-01 4.462733566761016846e-01 -1.222344785928726196e-01
0.000000000000000000e+00 0.000000000000000000e+00 0.000000000000000000e+00 1.000000000000000000e+00
9.516103267669677734e-01 3.036820888519287109e-01 4.706428572535514832e-02 -5.912411957979202271e-02
-1.588527709245681763e-01 3.549993932247161865e-01 9.212714433670043945e-01 -2.728528678417205811e-01
2.630658745765686035e-01 -8.841676712036132812e-01 3.860618472099304199e-01 -1.040487736463546753e-01
0.000000000000000000e+00 0.000000000000000000e+00 0.000000000000000000e+00 1.000000000000000000e+00
9.603008031845092773e-01 2.705706357955932617e-01 6.792587041854858398e-02 -6.780620664358139038e-02
-1.446619033813476562e-01 2.747950255870819092e-01 9.505580663681030273e-01 -2.866351008415222168e-01
2.385274171829223633e-01 -9.226480126380920410e-01 3.030271232128143311e-01 -7.478059828281402588e-02
0.000000000000000000e+00 0.000000000000000000e+00 0.000000000000000000e+00 1.000000000000000000e+00
9.738412499427795410e-01 2.192474305629730225e-01 5.969594419002532959e-02 -6.861600279808044434e-02
-1.018099337816238403e-01 1.861356943845748901e-01 9.772348999977111816e-01 -2.987374067306518555e-01
2.031447291374206543e-01 -9.577495455741882324e-01 2.035882025957107544e-01 -3.887532278895378113e-02
0.000000000000000000e+00 0.000000000000000000e+00 0.000000000000000000e+00 1.000000000000000000e+00
9.923394322395324707e-01 1.207744181156158447e-01 2.600335329771041870e-02 -6.069466099143028259e-02
-4.306498914957046509e-02 1.408863812685012817e-01 9.890887141227722168e-01 -3.043318986892700195e-01
1.157931163907051086e-01 -9.826313257217407227e-01 1.450082361698150635e-01 -2.053966373205184937e-02
0.000000000000000000e+00 0.000000000000000000e+00 0.000000000000000000e+00 1.000000000000000000e+00
9.942935109138488770e-01 1.065796688199043274e-01 -4.582484718412160873e-03 -5.296766012907028198e-02
-2.199520356953144073e-02 2.468503415584564209e-01 9.688037037849426270e-01 -3.004523515701293945e-01
1.043859869241714478e-01 -9.631746411323547363e-01 2.477859705686569214e-01 -5.382016301155090332e-02
0.000000000000000000e+00 0.000000000000000000e+00 0.000000000000000000e+00 1.000000000000000000e+00
9.977663755416870117e-01 4.208100214600563049e-02 -5.188031122088432312e-02 -3.707090765237808228e-02
3.759894892573356628e-02 2.881657183170318604e-01 9.568420648574829102e-01 -3.077909052371978760e-01
5.521500483155250549e-02 -9.566553831100463867e-01 2.859398722648620605e-01 -6.367083638906478882e-02
0.000000000000000000e+00 0.000000000000000000e+00 0.000000000000000000e+00 1.000000000000000000e+00
9.887809753417968750e-01 -3.805809095501899719e-02 -1.444433480501174927e-01 -3.036851994693279266e-03
1.493323892354965210e-01 2.744079232215881348e-01 9.499472975730895996e-01 -3.182723820209503174e-01
3.483190899714827538e-03 -9.608597755432128906e-01 2.770126461982727051e-01 -5.837483331561088562e-02
0.000000000000000000e+00 0.000000000000000000e+00 0.000000000000000000e+00 1.000000000000000000e+00
9.677828550338745117e-01 -5.332526192069053650e-02 -2.460747063159942627e-01 3.085712529718875885e-02
2.514806687831878662e-01 2.528538405895233154e-01 9.342495203018188477e-01 -3.228759765625000000e-01
1.240178290754556656e-02 -9.660336375236511230e-01 2.581178843975067139e-01 -5.115159228444099426e-02
0.000000000000000000e+00 0.000000000000000000e+00 0.000000000000000000e+00 1.000000000000000000e+00
9.753124713897705078e-01 1.786995120346546173e-02 -2.201051414012908936e-01 1.962850615382194519e-02
2.037095725536346436e-01 3.119848668575286865e-01 9.279912710189819336e-01 -3.191242218017578125e-01
8.525262027978897095e-02 -9.499189257621765137e-01 3.006424307823181152e-01 -7.032882422208786011e-02
0.000000000000000000e+00 0.000000000000000000e+00 0.000000000000000000e+00 1.000000000000000000e+00
9.836838841438293457e-01 1.351968348026275635e-01 -1.186924055218696594e-01 -1.829434931278228760e-02
6.013645604252815247e-02 3.746999502182006836e-01 9.251937270164489746e-01 -3.113453090190887451e-01
1.695573180913925171e-01 -9.172357916831970215e-01 3.604559600353240967e-01 -1.012148484587669373e-01
0.000000000000000000e+00 0.000000000000000000e+00 0.000000000000000000e+00 1.000000000000000000e+00
9.760335087776184082e-01 2.170304805040359497e-01 -1.600963436067104340e-02 -5.331940948963165283e-02
-5.258539319038391113e-02 3.065950572490692139e-01 9.503862261772155762e-01 -3.127500414848327637e-01
2.111712843179702759e-01 -9.267669916152954102e-01 3.106597363948822021e-01 -8.899930119514465332e-02
0.000000000000000000e+00 0.000000000000000000e+00 0.000000000000000000e+00 1.000000000000000000e+00
