1.000000000000000000e+00 0.000000000000000000e+00 0.000000000000000000e+00 -1.792658120393753052e-02
0.000000000000000000e+00 1.000000000000000000e+00 0.000000000000000000e+00 2.243540808558464050e-02
0.000000000000000000e+00 0.000000000000000000e+00 1.000000000000000000e+00 -3.816788792610168457e-01
0.000000000000000000e+00 0.000000000000000000e+00 0.000000000000000000e+00 1.000000000000000000e+00
9.952712655067443848e-01 5.889120697975158691e-02 -7.724460214376449585e-02 1.473241019994020462e-02
-6.026735156774520874e-02 9.980602264404296875e-01 -1.560451742261648178e-02 2.566020935773849487e-02
7.617577910423278809e-02 2.018615230917930603e-02 9.968900084495544434e-01 -3.786954879760742188e-01
0.000000000000000000e+00 0.000000000000000000e+00 0.000000000000000000e+00 1.000000000000000000e+00
9.714192152023315430e-01 7.662995904684066772e-02 -2.246606498956680298e-01 7.446444779634475708e-02
-8.183520287275314331e-02 9.965484142303466797e-01 -1.393575128167867661e-02 2.579481340944766998e-02
2.228173166513442993e-01 3.192265704274177551e-02 9.743373394012451172e-01 -3.690811693668365479e-01
0.000000000000000000e+00 0.000000000000000000e+00 0.000000000000000000e+00 1.000000000000000000e+00
9.374748468399047852e-01 7.301520556211471558e-02 -3.403082489967346191e-01 1.216125488281250000e-01
-7.041255384683609009e-02 9.973172545433044434e-01 2.000930905342102051e-02 1.378923375159502029e-02
3.408562541007995605e-01 5.203750915825366974e-03 9.401010274887084961e-01 -3.559736311435699463e-01
0.000000000000000000e+00 0.000000000000000000e+00 0.000000000000000000e+00 1.000000000000000000e+00
9.071254730224609375e-01 8.823931962251663208e-02 -4.115057885646820068e-01 1.516768634319305420e-01
-7.523023337125778198e-02 9.960227608680725098e-01 4.773955047130584717e-02 6.664184853434562683e-03
4.140816330909729004e-01 -1.234804466366767883e-02 9.101558923721313477e-01 -3.431912362575531006e-01
0.000000000000000000e+00 0.000000000000000000e+00 0.000000000000000000e+00 1.000000000000000000e+00
8.738596439361572266e-01 9.055618941783905029e-02 -4.776700437068939209e-01 1.809110343456268311e-01
-6.928223371505737305e-02 9.956678748130798340e-01 6.201126798987388611e-02 5.790617782622575760e-03
4.812162518501281738e-01 -2.109506167471408844e-02 8.763479590415954590e-01 -3.259661197662353516e-01
0.000000000000000000e+00 0.000000000000000000e+00 0.000000000000000000e+00 1.000000000000000000e+00
8.271415233612060547e-01 1.047529652714729309e-01 -5.521444678306579590e-01 2.157002389430999756e-01
-8.204523473978042603e-02 9.944567084312438965e-01 6.576041877269744873e-02 7.911589927971363068e-03
5.559723377227783203e-01 -9.092316031455993652e-03 8.311509490013122559e-01 -3.026804625988006592e-01
0.000000000000000000e+00 0.000000000000000000e+00 0.000000000000000000e+00 1.000000000000000000e+00
