0.7882837057113647 0.614183247089386 0.03724893927574158 -0.05313883721828461 
-0.6115960478782654 0.7887292504310608 -0.06209792569279671 0.02952226437628269 
-0.06751885265111923 0.02616946771740913 0.9973747730255127 -0.2830051779747009 
0 0 0 1 

0.806759238243103 0.5861579179763794 0.07455401867628098 -0.06870147585868835 
-0.5884899497032166 0.808411717414856 0.01224170811474323 0.004669548012316227 
-0.05309475585818291 -0.0537504218518734 0.9971418380737305 -0.287406861782074 
0 0 0 1 

0.839013934135437 0.5342733263969421 0.1029911264777184 -0.08165990561246872 
-0.5432229042053223 0.833305299282074 0.1025214865803719 -0.02653104998171329 
-0.03104847855865955 -0.1419641524553299 0.9893847107887268 -0.2883761823177338 
0 0 0 1 

0.850860595703125 0.5173016786575317 0.09184294939041138 -0.08197791874408722 
-0.5246328711509705 0.8271596431732178 0.2014126926660538 -0.06084521859884262 
0.02822241559624672 -0.2195579558610916 0.9751911759376526 -0.2884751558303833 
0 0 0 1 

0.8509541153907776 0.5223052501678467 0.05544529855251312 -0.07348223030567169 
-0.5152686238288879 0.8096638321876526 0.2809669375419617 -0.08965335041284561 
0.1018585562705994 -0.2676591873168945 0.9581145048141479 -0.2881940603256226 
0 0 0 1 

0.8480038642883301 0.529943585395813 0.007000815123319626 -0.06102140992879868 
-0.495783269405365 0.7885342836380005 0.363885223865509 -0.1192242428660393 
0.187318354845047 -0.3120469450950623 0.9314174652099609 -0.285714864730835 
0 0 0 1 

0.9465982913970947 -0.08050291985273361 0.3122030794620514 -0.03644417598843575 
0.02022409811615944 0.9812453985214233 0.1916988044977188 -0.04975087568163872 
-0.3217801451683044 -0.1751477122306824 0.9304733276367188 -0.2089686989784241 
0 0 0 1 

0.9491816759109497 -0.0765080451965332 0.3052875697612762 -0.03563128784298897 
0.02241537719964981 0.9839734435081482 0.1769005954265594 -0.04496786743402481 
-0.3139292001724243 -0.1610676497220993 0.9356845617294312 -0.2081898301839828 
0 0 0 1 

0.9232426285743713 -0.04673966020345688 0.3813636004924774 -0.05754932761192322 
-0.01941627264022827 0.9856293797492981 0.1678026914596558 -0.04185335338115692 
-0.383726179599762 -0.1623272597789764 0.9090675115585327 -0.1999024599790573 
0 0 0 1 

0.9133357405662537 -0.06399091333150864 0.4021470844745636 -0.06450005620718002 
-0.006847838405519724 0.9850220680236816 0.1722919642925262 -0.04169870167970657 
-0.4071489274501801 -0.1601143181324005 0.899217963218689 -0.1962693184614182 
0 0 0 1 

