0.6917946338653564 0.4980698525905609 -0.5228254199028015 0.1303387433290482 
-0.09466984868049622 0.7803502678871155 0.6181350946426392 -0.1696719229221344 
0.715861439704895 -0.3781266510486603 0.5869943499565125 -0.2074401676654816 
0 0 0 1 

0.7026260495185852 0.5112871527671814 -0.4948757290840149 0.1210463717579842 
-0.03847606852650642 0.721763014793396 0.6910699605941772 -0.1982395499944687 
0.7105181813240051 -0.4665228128433228 0.5268018245697021 -0.1892040222883224 
0 0 0 1 

0.7168059349060059 0.5117996335029602 -0.4735507369041443 0.113280676305294 
0.01892284117639065 0.6646185517311096 0.7469431161880493 -0.2211316227912903 
0.6970158815383911 -0.5443741083145142 0.4667178094387054 -0.1714390814304352 
0 0 0 1 

0.7597838640213013 0.4913485944271088 -0.4257993102073669 0.0956546887755394 
0.06149597465991974 0.5976547598838806 0.7993916273117065 -0.2425423115491867 
0.6472609043121338 -0.6335498094558716 0.4238724708557129 -0.1584505289793015 
0 0 0 1 

0.8248436450958252 0.4398811757564545 -0.3551583886146545 0.06857976317405701 
0.1026539579033852 0.5012272000312805 0.8592051267623901 -0.2686235010623932 
0.5559632182121277 -0.7451683282852173 0.3682785332202911 -0.1390419900417328 
0 0 0 1 

0.8691427707672119 0.4024437665939331 -0.2874540388584137 0.0454719178378582 
0.1239506378769875 0.3854220807552338 0.9143773317337036 -0.2912332713603973 
0.4787766337394714 -0.8303545713424683 0.2851036787033081 -0.110027551651001 
0 0 0 1 

0.7884111404418945 0.6117028594017029 -0.06501922756433487 -0.01899297907948494 
-0.1637825518846512 0.3106191754341125 0.9363178014755249 -0.2911179661750793 
0.5929445028305054 -0.7275543212890625 0.3450818359851837 -0.1325542777776718 
0 0 0 1 

0.8846558928489685 0.387243926525116 0.2596653699874878 -0.1182269379496574 
-0.4386261701583862 0.5024023056030273 0.745116651058197 -0.2073847949504852 
0.1580854952335358 -0.7730678915977478 0.6143084764480591 -0.19597427546978 
0 0 0 1 

0.8855213522911072 -0.4638551771640778 -0.0262704249471426 -0.06478378921747208 
0.4362348616123199 0.8106759786605835 0.3905168473720551 -0.1761394292116165 
-0.1598465889692307 -0.3572710454463959 0.9202208518981934 -0.2989789545536041 
0 0 0 1 

0.8354254364967346 -0.5444968938827515 -0.07474780827760696 -0.04538452625274658 
0.5138341188430786 0.7255343198776245 0.4577926397323608 -0.2079353481531143 
-0.1950347423553467 -0.4208595752716064 0.8859111070632935 -0.2873189449310303 
0 0 0 1 

