0.6811046004295349 0.4145168662071228 -0.603549599647522 0.156553328037262 
-0.2913884520530701 0.9096787571907043 0.2959344983100891 -0.05196927860379219 
0.6717061400413513 -0.02569485455751419 0.7403718829154968 -0.2530602216720581 
0 0 0 1 

0.6671134233474731 0.4520890712738037 -0.5920937061309814 0.1530659049749374 
-0.2326660603284836 0.8814877867698669 0.410908430814743 -0.09182833135128021 
0.7076906561851501 -0.1363623589277267 0.6932381391525269 -0.2401007264852524 
0 0 0 1 

0.665905773639679 0.4822107553482056 -0.5692469477653503 0.14586241543293 
-0.1544439345598221 0.8356043100357056 0.5271739959716797 -0.1345300227403641 
0.7298742532730103 -0.2631314098834991 0.6309082508087158 -0.2220128625631332 
0 0 0 1 

0.6453867554664612 0.5194193124771118 -0.560070812702179 0.1440262645483017 
-0.09076283127069473 0.7801672220230103 0.6189516186714172 -0.1692848801612854 
0.7584443688392639 -0.3486295342445374 0.5506536364555359 -0.1984153687953949 
0 0 0 1 

0.6550416350364685 0.5374110341072083 -0.5311400294303894 0.1343543380498886 
-0.03259095177054405 0.7223861217498779 0.6907213926315308 -0.1975101828575134 
0.7548894882202148 -0.4351408779621124 0.4907077550888062 -0.1805528700351715 
0 0 0 1 

0.6728125810623169 0.5407243371009827 -0.5049161314964294 0.1251579821109772 
0.02522498928010464 0.6653279066085815 0.7461249232292175 -0.2203403562307358 
0.7393827438354492 -0.5147386193275452 0.4340012073516846 -0.1638118624687195 
0 0 0 1 

0.7153279781341553 0.5255753397941589 -0.4605174958705902 0.1084184274077415 
0.07264262437820435 0.5995224714279175 0.7970544695854187 -0.2414192110300064 
0.6950027942657471 -0.6036085486412048 0.3906760215759277 -0.1510534584522247 
0 0 0 1 

0.7691964507102966 0.5012593865394592 -0.3963279128074646 0.08429983258247375 
0.1161210760474205 0.5002472400665283 0.858060896396637 -0.26811283826828 
0.6283730268478394 -0.7060393691062927 0.326581597328186 -0.1304022073745728 
0 0 0 1 

0.8069295287132263 0.4892725646495819 -0.3308732509613037 0.06268336623907089 
0.1370070427656174 0.3898579478263855 0.9106260538101196 -0.2899079322814941 
0.5745379328727722 -0.7801430225372314 0.2475541085004807 -0.1037444174289703 
0 0 0 1 

0.8067944049835205 0.493074893951416 -0.3255148530006409 0.06116092950105667 
0.142465204000473 0.3723352551460266 0.9170986413955688 -0.2930134534835815 
0.5733990073204041 -0.7862845659255981 0.23015196621418 -0.09960149973630905 
0 0 0 1 

