1.000000000000000000e+00 0.000000000000000000e+00 0.000000000000000000e+00 -1.792658120393753052e-02
0.000000000000000000e+00 1.000000000000000000e+00 0.000000000000000000e+00 2.243540808558464050e-02
0.000000000000000000e+00 0.000000000000000000e+00 1.000000000000000000e+00 -3.816788792610168457e-01
0.000000000000000000e+00 0.000000000000000000e+00 0.000000000000000000e+00 1.000000000000000000e+00
9.955615401268005371e-01 5.766838416457176208e-02 -7.437134534120559692e-02 1.358796842396259308e-02
-5.889775976538658142e-02 9.981595277786254883e-01 -1.444229297339916229e-02 2.522208355367183685e-02
7.340157777070999146e-02 1.875857263803482056e-02 9.971260428428649902e-01 -3.788576722145080566e-01
0.000000000000000000e+00 0.000000000000000000e+00 0.000000000000000000e+00 1.000000000000000000e+00
9.729901552200317383e-01 7.512229681015014648e-02 -2.182816565036773682e-01 7.196034491062164307e-02
-7.974156737327575684e-02 9.967383742332458496e-01 -1.241725683212280273e-02 2.513991482555866241e-02
2.166368216276168823e-01 2.948804572224617004e-02 9.758066534996032715e-01 -3.695571422576904297e-01
0.000000000000000000e+00 0.000000000000000000e+00 0.000000000000000000e+00 1.000000000000000000e+00
9.387248754501342773e-01 7.305102795362472534e-02 -3.368372023105621338e-01 1.205907836556434631e-01
-6.985928863286972046e-02 9.973228573799133301e-01 2.160329557955265045e-02 1.317956764250993729e-02
3.375135958194732666e-01 3.251671325415372849e-03 9.413150548934936523e-01 -3.564201593399047852e-01
0.000000000000000000e+00 0.000000000000000000e+00 0.000000000000000000e+00 1.000000000000000000e+00
9.093480706214904785e-01 8.633235096931457520e-02 -4.069799780845642090e-01 1.501037776470184326e-01
-7.331538200378417969e-02 9.961767196655273438e-01 4.750375077128410339e-02 6.885543931275606155e-03
4.095251560211181641e-01 -1.335951033979654312e-02 9.122009277343750000e-01 -3.438050448894500732e-01
0.000000000000000000e+00 0.000000000000000000e+00 0.000000000000000000e+00 1.000000000000000000e+00
1.937653422355651855e-01 1.204357966780662537e-01 -9.736273884773254395e-01 3.943576812744140625e-01
-6.345830112695693970e-02 9.918963909149169922e-01 1.100665554404258728e-01 -1.344121154397726059e-02
9.789934158325195312e-01 4.045765101909637451e-02 1.998377740383148193e-01 -7.509167492389678955e-02
0.000000000000000000e+00 0.000000000000000000e+00 0.000000000000000000e+00 1.000000000000000000e+00
1.827702373266220093e-01 1.327203810214996338e-01 -9.741562008857727051e-01 3.924667239189147949e-01
-5.309508740901947021e-02 9.907328486442565918e-01 1.250171661376953125e-01 -1.483489479869604111e-02
9.817208647727966309e-01 2.887349762022495270e-02 1.881233304738998413e-01 -6.332277506589889526e-02
0.000000000000000000e+00 0.000000000000000000e+00 0.000000000000000000e+00 1.000000000000000000e+00
1.679953783750534058e-01 1.287758201360702515e-01 -9.773403406143188477e-01 3.907035589218139648e-01
-5.350950732827186584e-02 9.911604523658752441e-01 1.213990077376365662e-01 -9.698856621980667114e-03
9.843343496322631836e-01 3.190254792571067810e-02 1.734011471271514893e-01 -4.910861328244209290e-02
0.000000000000000000e+00 0.000000000000000000e+00 0.000000000000000000e+00 1.000000000000000000e+00
1.876218765974044800e-01 1.229254901409149170e-01 -9.745189547538757324e-01 3.862445056438446045e-01
-6.222249194979667664e-02 9.916328191757202148e-01 1.131046712398529053e-01 -4.657845478504896164e-03
9.802684187889099121e-01 3.941610455513000488e-02 1.937007457017898560e-01 -4.721273481845855713e-02
0.000000000000000000e+00 0.000000000000000000e+00 0.000000000000000000e+00 1.000000000000000000e+00
1.926031857728958130e-01 1.303347498178482056e-01 -9.725825190544128418e-01 3.838652670383453369e-01
-8.085859566926956177e-02 9.898772835731506348e-01 1.166397631168365479e-01 -4.113948438316583633e-03
9.779395461082458496e-01 5.617649108171463013e-02 2.011922150850296021e-01 -4.046048596501350403e-02
0.000000000000000000e+00 0.000000000000000000e+00 0.000000000000000000e+00 1.000000000000000000e+00
2.072998583316802979e-01 1.234951466321945190e-01 -9.704512953758239746e-01 3.810162246227264404e-01
-1.039631739258766174e-01 9.891635775566101074e-01 1.036686003208160400e-01 2.866528695449233055e-03
9.727376103401184082e-01 7.940071076154708862e-02 2.178923934698104858e-01 -3.687692061066627502e-02
0.000000000000000000e+00 0.000000000000000000e+00 0.000000000000000000e+00 1.000000000000000000e+00
2.011763006448745728e-01 1.165640428662300110e-01 -9.725949168205261230e-01 3.807047605514526367e-01
-1.328903734683990479e-01 9.869628548622131348e-01 9.079834818840026855e-02 1.074538752436637878e-02
9.704989194869995117e-01 1.109820678830146790e-01 2.140437811613082886e-01 -2.643630094826221466e-02
0.000000000000000000e+00 0.000000000000000000e+00 0.000000000000000000e+00 1.000000000000000000e+00
2.110479176044464111e-01 1.285090297460556030e-01 -9.689912199974060059e-01 3.808210790157318115e-01
-1.330254673957824707e-01 9.858732819557189941e-01 1.017748042941093445e-01 1.047418545931577682e-02
9.683815240859985352e-01 1.074211671948432922e-01 2.251614630222320557e-01 -2.503996342420578003e-02
0.000000000000000000e+00 0.000000000000000000e+00 0.000000000000000000e+00 1.000000000000000000e+00
2.129154801368713379e-01 1.430416554212570190e-01 -9.665434360504150391e-01 3.823602199554443359e-01
-1.639207601547241211e-01 9.804343581199645996e-01 1.089880838990211487e-01 1.089148409664630890e-02
9.632222056388854980e-01 1.352312564849853516e-01 2.321971505880355835e-01 -2.143633924424648285e-02
0.000000000000000000e+00 0.000000000000000000e+00 0.000000000000000000e+00 1.000000000000000000e+00
2.244460582733154297e-01 1.479003727436065674e-01 -9.631975293159484863e-01 3.837331831455230713e-01
-1.794888526201248169e-01 9.777788519859313965e-01 1.083145216107368469e-01 1.364186126738786697e-02
9.578140377998352051e-01 1.485724449157714844e-01 2.460051327943801880e-01 -2.062518708407878876e-02
0.000000000000000000e+00 0.000000000000000000e+00 0.000000000000000000e+00 1.000000000000000000e+00
2.315607368946075439e-01 1.609394252300262451e-01 -9.594155550003051758e-01 3.857167065143585205e-01
-2.038134187459945679e-01 9.723592996597290039e-01 1.139191016554832458e-01 1.357329916208982468e-02
9.512306451797485352e-01 1.691625416278839111e-01 2.579618096351623535e-01 -1.677184365689754486e-02
0.000000000000000000e+00 0.000000000000000000e+00 0.000000000000000000e+00 1.000000000000000000e+00
2.533906102180480957e-01 1.695360094308853149e-01 -9.523919820785522461e-01 3.876155018806457520e-01
-2.159041464328765869e-01 9.696002006530761719e-01 1.151564195752143860e-01 1.564629748463630676e-02
9.429625868797302246e-01 1.764458715915679932e-01 2.822911441326141357e-01 -1.782168634235858917e-02
0.000000000000000000e+00 0.000000000000000000e+00 0.000000000000000000e+00 1.000000000000000000e+00
2.876848578453063965e-01 1.719593107700347900e-01 -9.421610832214355469e-01 3.882065117359161377e-01
-2.442512065172195435e-01 9.643920660018920898e-01 1.014357879757881165e-01 2.156726829707622528e-02
9.260555505752563477e-01 2.009424269199371338e-01 3.194423019886016846e-01 -2.309774979948997498e-02
0.000000000000000000e+00 0.000000000000000000e+00 0.000000000000000000e+00 1.000000000000000000e+00
3.436313271522521973e-01 2.007729858160018921e-01 -9.173915982246398926e-01 3.924840688705444336e-01
-2.679482400417327881e-01 9.572331905364990234e-01 1.091258227825164795e-01 1.739402674138545990e-02
9.000672101974487305e-01 2.083144485950469971e-01 3.827321529388427734e-01 -3.181442990899085999e-02
0.000000000000000000e+00 0.000000000000000000e+00 0.000000000000000000e+00 1.000000000000000000e+00
3.976441621780395508e-01 2.475741505622863770e-01 -8.835076689720153809e-01 4.069712162017822266e-01
-2.707738578319549561e-01 9.516885876655578613e-01 1.448112875223159790e-01 4.265961702913045883e-03
8.766757845878601074e-01 1.816474795341491699e-01 4.454700350761413574e-01 -4.061285778880119324e-02
0.000000000000000000e+00 0.000000000000000000e+00 0.000000000000000000e+00 1.000000000000000000e+00
4.092168509960174561e-01 2.728646695613861084e-01 -8.706814050674438477e-01 4.130662083625793457e-01
-3.020207881927490234e-01 9.409533739089965820e-01 1.529387980699539185e-01 2.367001026868820190e-03
8.610022664070129395e-01 2.003788352012634277e-01 4.674648344516754150e-01 -4.965324327349662781e-02
0.000000000000000000e+00 0.000000000000000000e+00 0.000000000000000000e+00 1.000000000000000000e+00
3.963380753993988037e-01 2.800287604331970215e-01 -8.743568062782287598e-01 4.035404026508331299e-01
-2.316574007272720337e-01 9.520373940467834473e-01 1.998991370201110840e-01 -1.717621274292469025e-02
8.883978724479675293e-01 1.233236342668533325e-01 4.421994388103485107e-01 -4.802595451474189758e-02
0.000000000000000000e+00 0.000000000000000000e+00 0.000000000000000000e+00 1.000000000000000000e+00
3.984623849391937256e-01 2.785380780696868896e-01 -8.738673329353332520e-01 3.975719213485717773e-01
-2.014097422361373901e-01 9.560881853103637695e-01 2.129073143005371094e-01 -2.409531734883785248e-02
8.947970271110534668e-01 9.116987138986587524e-02 4.370654225349426270e-01 -4.913080483675003052e-02
0.000000000000000000e+00 0.000000000000000000e+00 0.000000000000000000e+00 1.000000000000000000e+00
3.799353241920471191e-01 2.908855676651000977e-01 -8.780856132507324219e-01 3.747411966323852539e-01
-9.866014868021011353e-02 9.565969109535217285e-01 2.742052376270294189e-01 -5.398143082857131958e-02
9.197363257408142090e-01 -1.754813082516193390e-02 3.921437859535217285e-01 -4.207802936434745789e-02
0.000000000000000000e+00 0.000000000000000000e+00 0.000000000000000000e+00 1.000000000000000000e+00
3.780252635478973389e-01 3.252807557582855225e-01 -8.667694330215454102e-01 3.525200188159942627e-01
-6.014257296919822693e-02 9.428939223289489746e-01 3.276186287403106689e-01 -8.234483003616333008e-02
9.238396883010864258e-01 -7.171837985515594482e-02 3.760009407997131348e-01 -3.988154977560043335e-02
0.000000000000000000e+00 0.000000000000000000e+00 0.000000000000000000e+00 1.000000000000000000e+00
4.051718711853027344e-01 3.703256249427795410e-01 -8.358796238899230957e-01 3.323443531990051270e-01
-1.266198605298995972e-02 9.164738059043884277e-01 3.998942971229553223e-01 -1.099794283509254456e-01
9.141528606414794922e-01 -1.514420509338378906e-01 3.760184645652770996e-01 -4.204650968313217163e-02
0.000000000000000000e+00 0.000000000000000000e+00 0.000000000000000000e+00 1.000000000000000000e+00
4.273624718189239502e-01 3.918553590774536133e-01 -8.147457838058471680e-01 3.169356286525726318e-01
3.641349449753761292e-02 8.929955363273620605e-01 4.485900402069091797e-01 -1.278776377439498901e-01
9.033467769622802734e-01 -2.213783115148544312e-01 3.673639595508575439e-01 -4.169928655028343201e-02
0.000000000000000000e+00 0.000000000000000000e+00 0.000000000000000000e+00 1.000000000000000000e+00
4.797950685024261475e-01 4.218188524246215820e-01 -7.693279385566711426e-01 2.930755019187927246e-01
1.024975851178169250e-01 8.438948988914489746e-01 5.266265869140625000e-01 -1.565193533897399902e-01
8.713729977607727051e-01 -3.315270841121673584e-01 3.616612553596496582e-01 -4.394165053963661194e-02
0.000000000000000000e+00 0.000000000000000000e+00 0.000000000000000000e+00 1.000000000000000000e+00
5.479541420936584473e-01 4.260582029819488525e-01 -7.198752760887145996e-01 2.745067775249481201e-01
1.167022511363029480e-01 8.132197260856628418e-01 5.701352357864379883e-01 -1.733535379171371460e-01
8.283275961875915527e-01 -3.964190185070037842e-01 3.958851993083953857e-01 -6.115464121103286743e-02
0.000000000000000000e+00 0.000000000000000000e+00 0.000000000000000000e+00 1.000000000000000000e+00
