0.1216103732585907 -0.8400532007217407 -0.5286978483200073 0.1476206928491592 
-0.9873752593994141 -0.1568483710289001 0.02210346236824989 0.02857231721282005 
-0.1014935672283173 0.519335150718689 -0.8485220670700073 0.3058821558952332 
0 0 0 1 

0.7497949004173279 0.6407085061073303 0.1652279794216156 -0.06872174888849258 
0.3656860291957855 -0.1931509375572205 -0.9104759097099304 0.2200413644313812 
-0.5514357089996338 0.7430917620658875 -0.3791217505931854 0.1919605880975723 
0 0 0 1 

0.7023667097091675 0.6694556474685669 0.2418885082006454 -0.09110153466463089 
0.5262754559516907 -0.2595767676830292 -0.8097244501113892 0.1784111261367798 
-0.4792860150337219 0.6960234642028809 -0.5346361994743347 0.2352688610553741 
0 0 0 1 

0.6628126502037048 0.7046157121658325 0.2533694803714752 -0.09245452284812927 
0.5945129990577698 -0.2894936800003052 -0.7501651644706726 0.1553162038326263 
-0.4552292823791504 0.6478504538536072 -0.6107832193374634 0.2546415328979492 
0 0 0 1 

0.6284634470939636 0.735953688621521 0.2518053948879242 -0.09160100668668747 
0.6646897792816162 -0.3399831056594849 -0.6652811765670776 0.1242650896310806 
-0.4040065109729767 0.585477352142334 -0.7028477191925049 0.2757819592952728 
0 0 0 1 

0.5879809856414795 0.7731564044952393 0.2377128750085831 -0.08765692263841629 
0.7254998087882996 -0.3741376101970673 -0.5776424407958984 0.09576205909252167 
-0.3576706349849701 0.5121034383773804 -0.7809106111526489 0.2895326316356659 
0 0 0 1 

0.492597222328186 0.8295629620552063 0.2630082070827484 -0.08860649913549423 
0.8034600019454956 -0.3174040615558624 -0.5036929845809937 0.07410143315792084 
-0.3343651294708252 0.4594343304634094 -0.8228729963302612 0.297592431306839 
0 0 0 1 

0.3765983581542969 0.8845691680908203 0.2751561403274536 -0.0855368971824646 
0.8596836924552917 -0.2230530083179474 -0.4595552086830139 0.06313462555408478 
-0.3451339602470398 0.4096149802207947 -0.8444511294364929 0.3023754358291626 
0 0 0 1 

0.2779081463813782 0.91632080078125 0.2883110046386719 -0.08365379273891449 
0.9147566556930542 -0.1608232408761978 -0.3706158697605133 0.03412247821688652 
-0.2932359278202057 0.3667315542697906 -0.882904589176178 0.3097378313541412 
0 0 0 1 

0.2015832960605621 0.9382275342941284 0.2812362611293793 -0.08300698548555374 
0.9490042924880981 -0.1160309240221977 -0.293135017156601 0.01186828780919313 
-0.242395207285881 0.3259855210781097 -0.9137716293334961 0.315430223941803 
0 0 0 1 

