0.435236006975174 0.2456424683332443 -0.8661577105522156 0.4118404388427734 
-0.2733218371868134 0.9527052044868469 0.1328457146883011 0.01291518472135067 
0.8578255176544189 0.1789206266403198 0.481791079044342 -0.05691813677549362 
0 0 0 1 

0.5308114290237427 0.8355701565742493 -0.1416387557983398 0.03335340321063995 
-0.8360417485237122 0.4888989925384521 -0.2490214556455612 0.09686668217182159 
-0.1388278901576996 0.2505993545055389 0.9580849409103394 -0.2129179090261459 
0 0 0 1 

0.4740182161331177 0.8649353384971619 -0.1649042218923569 0.0391831248998642 
-0.8401160836219788 0.3881902992725372 -0.378831148147583 0.1302266865968704 
-0.2636502981185913 0.3181115388870239 0.9106555581092834 -0.1945993602275848 
0 0 0 1 

0.441602885723114 0.8766314387321472 -0.1910601705312729 0.04670009016990662 
-0.8216319680213928 0.3095820546150208 -0.4786226749420166 0.1558454632759094 
-0.3604269921779633 0.3683422803878784 0.8569809198379517 -0.1769164502620697 
0 0 0 1 

0.4205164611339569 0.8768202066421509 -0.2331354916095734 0.0609474703669548 
-0.8038656711578369 0.2409300208091736 -0.543831467628479 0.172298938035965 
-0.4206731021404266 0.4160996973514557 0.8061607480049133 -0.1612205058336258 
0 0 0 1 

0.4031117558479309 0.8705671429634094 -0.2821590602397919 0.07882681488990784 
-0.7857676148414612 0.1712100803852081 -0.5943537354469299 0.1830557733774185 
-0.4691163599491119 0.4613024294376373 0.7530802488327026 -0.1426860839128494 
0 0 0 1 

0.3821837306022644 0.8735411763191223 -0.3014324307441711 0.09023956954479218 
-0.777115523815155 0.1273141354322433 -0.6163463592529297 0.1851985156536102 
-0.5000272393226624 0.4698053598403931 0.7274996638298035 -0.1300901472568512 
0 0 0 1 

0.3328065574169159 0.8862972855567932 -0.3220509886741638 0.1024843975901604 
-0.7735438942909241 0.06126492097973824 -0.6307744979858398 0.1832512021064758 
-0.5393232703208923 0.4590465128421783 0.7059792876243591 -0.1181913763284683 
0 0 0 1 

0.2387081682682037 0.8909977078437805 -0.386188417673111 0.1251178085803986 
-0.7876265645027161 -0.05498210340738297 -0.6136948466300964 0.1663233190774918 
-0.5680341720581055 0.4506662487983704 0.6886488199234009 -0.1084973216056824 
0 0 0 1 

0.2200235575437546 0.8839871883392334 -0.412499725818634 0.1307459026575089 
-0.8001890182495117 -0.07830179482698441 -0.5946142673492432 0.1577852070331573 
-0.5579310059547424 0.4609067142009735 0.6901286840438843 -0.1079486906528473 
0 0 0 1 

