1 0 0 -0.04542167112231255 
0 1 0 0.0009935460984706879 
0 0 1 -0.2875000238418579 
0 0 0 1 

0.996382474899292 0.08220787346363068 0.02153792791068554 -0.05030478909611702 
-0.08185400068759918 0.9965022802352905 -0.0168280340731144 0.009625783190131187 
-0.02284598164260387 0.01500420644879341 0.9996263980865479 -0.2930022478103638 
0 0 0 1 

0.9856237769126892 0.1643604338169098 0.03913139924407005 -0.05369054898619652 
-0.1622481346130371 0.9853712320327759 -0.05214288830757141 0.02559222653508186 
-0.04712923243641853 0.04504422843456268 0.9978726506233215 -0.2921698987483978 
0 0 0 1 

0.9656484723091125 0.25672447681427 0.04019280523061752 -0.05171648412942886 
-0.2533077001571655 0.9644954204559326 -0.07472419738769531 0.03782589361071587 
-0.05794934183359146 0.06197613477706909 0.9963939189910889 -0.2920571565628052 
0 0 0 1 

0.9367974996566772 0.3454843163490295 0.05523484572768211 -0.05348653346300125 
-0.3375945687294006 0.9340435266494751 -0.1165865734219551 0.05528160929679871 
-0.09187062084674835 0.09057099372148514 0.9916434288024902 -0.2894072830677032 
0 0 0 1 

-0.2274096459150314 0.8705655336380005 0.4363491237163544 -0.1135624870657921 
-0.8119105100631714 0.07790134847164154 -0.5785609483718872 0.2297810763120651 
-0.537667453289032 -0.4858467578887939 0.689105749130249 -0.206817090511322 
0 0 0 1 

-0.1896073818206787 0.832983672618866 0.5197954177856445 -0.1458632051944733 
-0.8652288317680359 0.108505867421627 -0.4894953072071075 0.2022380083799362 
-0.4641424715518951 -0.5425539016723633 0.7001479268074036 -0.2157791554927826 
0 0 0 1 

-0.1754321604967117 0.772245466709137 0.6106231212615967 -0.1824869215488434 
-0.9034193158149719 0.1201981976628304 -0.4115652740001678 0.1763586401939392 
-0.3912252187728882 -0.6238504648208618 0.6765748262405396 -0.2081370502710342 
0 0 0 1 

-0.1517990231513977 0.7406472563743591 0.654521644115448 -0.1995336562395096 
-0.9338086247444153 0.1095846965909004 -0.3405766785144806 0.1536847203969955 
-0.323972761631012 -0.6628972291946411 0.6749880313873291 -0.2086399495601654 
0 0 0 1 

-0.1054245755076408 0.7109094858169556 0.6953370571136475 -0.2153608947992325 
-0.9584652185440063 0.1137010753154755 -0.261566549539566 0.1279355883598328 
-0.2650106549263 -0.6940316557884216 0.6693947911262512 -0.2049312889575958 
0 0 0 1 

