0.9803587794303894 0.1915378421545029 0.04701032862067223 -0.06504683196544647 
-0.07620833814144135 0.1480517536401749 0.9860389828681946 -0.3029036819934845 
0.1819038391113281 -0.9702544808387756 0.1597406268119812 -0.02422944642603397 
0 0 0 1 

0.9942997694015503 0.1065032109618187 -0.00499812001362443 -0.05205140262842178 
-0.009218991734087467 0.1325802952051163 0.9911293983459473 -0.3066515326499939 
0.1062211096286774 -0.9854336977005005 0.1328064203262329 -0.0162124615162611 
0 0 0 1 

0.9885578751564026 -0.05641620978713036 -0.1398946046829224 -0.003154153935611248 
0.1500135064125061 0.2706341445446014 0.9509222507476807 -0.3185249865055084 
-0.01578718423843384 -0.9610277414321899 0.2760007381439209 -0.05678373947739601 
0 0 0 1 

0.9700560569763184 -0.06841336935758591 -0.2330470085144043 0.02813219279050827 
0.2428294867277145 0.2533745467662811 0.9363945722579956 -0.3232832849025726 
-0.005013777408748865 -0.964945912361145 0.2624002993106842 -0.05130885913968086 
0 0 0 1 

0.9732007384300232 -0.03310548514127731 -0.2275616526603699 0.02454475872218609 
0.2272126823663712 0.2908637821674347 0.9293935894966125 -0.3211022913455963 
0.03542139381170273 -0.9561914801597595 0.2905908823013306 -0.06377887725830078 
0 0 0 1 

-0.9432617425918579 -0.3112405836582184 -0.1157010197639465 0.07921131700277328 
-0.3005908727645874 0.6523385643959045 0.695772647857666 -0.2120203673839569 
-0.1410764157772064 0.6910743117332458 -0.708882212638855 0.2320274263620377 
0 0 0 1 

-0.9706785678863525 -0.2399998754262924 -0.01355296745896339 0.04817533493041992 
-0.1613030880689621 0.6085130572319031 0.776977002620697 -0.2426219135522842 
-0.1782272160053253 0.7563808560371399 -0.6293833255767822 0.213407576084137 
0 0 0 1 

-0.9755900502204895 -0.2170320153236389 0.03347892686724663 0.03619081154465675 
-0.0891391709446907 0.5307102799415588 0.8428527116775513 -0.2696550190448761 
-0.200693666934967 0.8192945718765259 -0.5371016263961792 0.1865175813436508 
0 0 0 1 

-0.984019935131073 -0.1665771007537842 0.06290204077959061 0.02678930759429932 
-0.009596739895641804 0.4023699164390564 0.9154267311096191 -0.2992970943450928 
-0.1777990460395813 0.9001945853233337 -0.3975384831428528 0.1394959539175034 
0 0 0 1 

-0.9816128611564636 -0.1745065599679947 0.07735159993171692 0.01944487541913986 
0.01706601865589619 0.3233777582645416 0.9461158514022827 -0.314807802438736 
-0.190117210149765 0.9300398826599121 -0.3144530951976776 0.104055643081665 
0 0 0 1 

