1.000000000000000000e+00 0.000000000000000000e+00 0.000000000000000000e+00 -3.619798645377159119e-02
0.000000000000000000e+00 1.000000000000000000e+00 0.000000000000000000e+00 -1.327119767665863037e-03
0.000000000000000000e+00 0.000000000000000000e+00 1.000000000000000000e+00 -2.960163652896881104e-01
0.000000000000000000e+00 0.000000000000000000e+00 0.000000000000000000e+00 1.000000000000000000e+00
9.913409352302551270e-01 1.306537240743637085e-01 1.315290480852127075e-02 -4.337938129901885986e-02
-1.297170370817184448e-01 9.899336695671081543e-01 -5.661251395940780640e-02 2.808257751166820526e-02
-2.041716873645782471e-02 5.441613867878913879e-02 9.983094334602355957e-01 -2.969706654548645020e-01
0.000000000000000000e+00 0.000000000000000000e+00 0.000000000000000000e+00 1.000000000000000000e+00
9.708148837089538574e-01 2.374911755323410034e-01 3.340769931674003601e-02 -4.973913356661796570e-02
-2.332277595996856689e-01 9.673457741737365723e-01 -9.922968596220016479e-02 5.221814289689064026e-02
-5.588304996490478516e-02 8.854201436042785645e-02 9.945036172866821289e-01 -2.949173450469970703e-01
0.000000000000000000e+00 0.000000000000000000e+00 0.000000000000000000e+00 1.000000000000000000e+00
9.416068792343139648e-01 3.359488248825073242e-01 2.268658950924873352e-02 -4.550242051482200623e-02
-3.296063542366027832e-01 9.334063529968261719e-01 -1.418179124593734741e-01 7.413398474454879761e-02
-6.881948560476303101e-02 1.260590702295303345e-01 9.896326661109924316e-01 -2.922554910182952881e-01
0.000000000000000000e+00 0.000000000000000000e+00 0.000000000000000000e+00 1.000000000000000000e+00
8.977096080780029297e-01 4.405743479728698730e-01 -3.356925677508115768e-03 -3.216321766376495361e-02
-4.352416694164276123e-01 8.856090307235717773e-01 -1.620522141456604004e-01 8.691930770874023438e-02
-6.842312216758728027e-02 1.469369083642959595e-01 9.867764711380004883e-01 -2.914771139621734619e-01
0.000000000000000000e+00 0.000000000000000000e+00 0.000000000000000000e+00 1.000000000000000000e+00
8.298484086990356445e-01 5.578581094741821289e-01 -1.206257380545139313e-02 -2.320981025695800781e-02
-5.496584177017211914e-01 8.135476708412170410e-01 -1.897773146629333496e-01 1.021003499627113342e-01
-9.605538100004196167e-02 1.641166210174560547e-01 9.817531704902648926e-01 -2.892361581325531006e-01
0.000000000000000000e+00 0.000000000000000000e+00 0.000000000000000000e+00 1.000000000000000000e+00
7.565398812294006348e-01 6.514286994934082031e-01 -5.733906477689743042e-02 -2.470737555995583534e-03
-6.505383849143981934e-01 7.407559156417846680e-01 -1.675723195075988770e-01 9.906225651502609253e-02
-6.668725609779357910e-02 1.640763878822326660e-01 9.841907620429992676e-01 -2.928892076015472412e-01
0.000000000000000000e+00 0.000000000000000000e+00 0.000000000000000000e+00 1.000000000000000000e+00
6.932061314582824707e-01 7.161058783531188965e-01 -8.159375190734863281e-02 8.945433422923088074e-03
-7.202988266944885254e-01 6.843732595443725586e-01 -1.131467297673225403e-01 8.159764111042022705e-02
-2.518451400101184845e-02 1.372058987617492676e-01 9.902223944664001465e-01 -2.995091080665588379e-01
0.000000000000000000e+00 0.000000000000000000e+00 0.000000000000000000e+00 1.000000000000000000e+00
5.857806801795959473e-01 8.094605803489685059e-01 -4.041747376322746277e-02 -3.439058200456202030e-04
-8.097542524337768555e-01 5.824418067932128906e-01 -7.113051414489746094e-02 6.850981712341308594e-02
-3.403653204441070557e-02 7.439509034156799316e-02 9.966479539871215820e-01 -3.069435656070709229e-01
0.000000000000000000e+00 0.000000000000000000e+00 0.000000000000000000e+00 1.000000000000000000e+00
4.991891980171203613e-01 8.652780055999755859e-01 -4.586733132600784302e-02 6.225279532372951508e-03
-8.662465214729309082e-01 4.970860481262207031e-01 -5.022111907601356506e-02 6.223161518573760986e-02
-2.065523341298103333e-02 6.480229645967483521e-02 9.976845979690551758e-01 -3.109561800956726074e-01
0.000000000000000000e+00 0.000000000000000000e+00 0.000000000000000000e+00 1.000000000000000000e+00
4.069590866565704346e-01 9.117668271064758301e-01 -5.536459386348724365e-02 1.402822975069284439e-02
-9.131325483322143555e-01 4.076602756977081299e-01 1.507038949057459831e-03 4.344846308231353760e-02
2.394399233162403107e-02 4.994191601872444153e-02 9.984648823738098145e-01 -3.153040111064910889e-01
0.000000000000000000e+00 0.000000000000000000e+00 0.000000000000000000e+00 1.000000000000000000e+00
2.894909977912902832e-01 9.547890424728393555e-01 -6.762023270130157471e-02 2.313419803977012634e-02
-9.557952880859375000e-01 2.921491265296936035e-01 3.322681784629821777e-02 3.159248828887939453e-02
5.147979781031608582e-02 5.501225590705871582e-02 9.971570372581481934e-01 -3.174536824226379395e-01
0.000000000000000000e+00 0.000000000000000000e+00 0.000000000000000000e+00 1.000000000000000000e+00
1.769874840974807739e-01 9.805086851119995117e-01 -8.530907332897186279e-02 3.389304131269454956e-02
-9.815124869346618652e-01 1.822542697191238403e-01 5.845231562852859497e-02 2.180421911180019379e-02
7.286092638969421387e-02 7.338663190603256226e-02 9.946384429931640625e-01 -3.179474472999572754e-01
0.000000000000000000e+00 0.000000000000000000e+00 0.000000000000000000e+00 1.000000000000000000e+00
1.020012423396110535e-01 9.899699687957763672e-01 -9.775239974260330200e-02 4.108822345733642578e-02
-9.898415207862854004e-01 1.107867434620857239e-01 8.910702168941497803e-02 1.045960001647472382e-02
9.904287755489349365e-02 8.767034113407135010e-02 9.912137985229492188e-01 -3.169934749603271484e-01
0.000000000000000000e+00 0.000000000000000000e+00 0.000000000000000000e+00 1.000000000000000000e+00
1.801907643675804138e-02 9.940035939216613770e-01 -1.078528314828872681e-01 4.937622323632240295e-02
-9.970671534538269043e-01 2.588898316025733948e-02 7.201904058456420898e-02 1.798494346439838409e-02
7.437937706708908081e-02 1.062388196587562561e-01 9.915549755096435547e-01 -3.108429312705993652e-01
0.000000000000000000e+00 0.000000000000000000e+00 0.000000000000000000e+00 1.000000000000000000e+00
-9.096416085958480835e-02 8.723807930946350098e-01 -4.802885651588439941e-01 1.773783266544342041e-01
-9.905014038085937500e-01 -2.931991405785083771e-02 1.343402415513992310e-01 -2.376678632572293282e-03
1.031138300895690918e-01 4.879466891288757324e-01 8.667614459991455078e-01 -2.634243071079254150e-01
0.000000000000000000e+00 0.000000000000000000e+00 0.000000000000000000e+00 1.000000000000000000e+00
-1.647804975509643555e-01 8.505060672760009766e-01 -4.994862377643585205e-01 1.855211406946182251e-01
-9.777283668518066406e-01 -7.411580532789230347e-02 1.963509768247604370e-01 -2.443872950971126556e-02
1.299778074026107788e-01 5.207168459892272949e-01 8.437771201133728027e-01 -2.570245265960693359e-01
0.000000000000000000e+00 0.000000000000000000e+00 0.000000000000000000e+00 1.000000000000000000e+00
-1.277525275945663452e-01 7.881085872650146484e-01 -6.021331548690795898e-01 2.116062492132186890e-01
-9.916646480560302734e-01 -1.117605715990066528e-01 6.411907821893692017e-02 1.847928017377853394e-02
-1.676195114850997925e-02 6.053053736686706543e-01 7.958167195320129395e-01 -2.347749173641204834e-01
0.000000000000000000e+00 0.000000000000000000e+00 0.000000000000000000e+00 1.000000000000000000e+00
-8.221906423568725586e-02 7.045821547508239746e-01 -7.048434615135192871e-01 2.342430502176284790e-01
-9.950169324874877930e-01 -1.800811663269996643e-02 9.806600958108901978e-02 1.062714774161577225e-02
5.640263482928276062e-02 7.093939781188964844e-01 7.025517225265502930e-01 -2.154107391834259033e-01
0.000000000000000000e+00 0.000000000000000000e+00 0.000000000000000000e+00 1.000000000000000000e+00
-5.901693925261497498e-02 5.298661589622497559e-01 -8.460252881050109863e-01 2.750643789768218994e-01
-9.850177168846130371e-01 1.066598668694496155e-01 1.355138421058654785e-01 -1.117226085625588894e-03
1.620411872863769531e-01 8.413475155830383301e-01 5.156327486038208008e-01 -1.574697941541671753e-01
0.000000000000000000e+00 0.000000000000000000e+00 0.000000000000000000e+00 1.000000000000000000e+00
-1.220746487379074097e-01 3.849491178989410400e-01 -9.148288369178771973e-01 2.949985861778259277e-01
-9.861822724342346191e-01 5.695863068103790283e-02 1.555636972188949585e-01 -1.133007183670997620e-02
1.119914427399635315e-01 9.211784601211547852e-01 3.726769387722015381e-01 -1.072038710117340088e-01
0.000000000000000000e+00 0.000000000000000000e+00 0.000000000000000000e+00 1.000000000000000000e+00
-1.919782608747482300e-01 2.845759391784667969e-01 -9.392340779304504395e-01 3.039856851100921631e-01
-9.753981828689575195e-01 5.034460127353668213e-02 2.146240770816802979e-01 -3.044618107378482819e-02
1.083621680736541748e-01 9.573304653167724609e-01 2.679099440574645996e-01 -7.447993010282516479e-02
0.000000000000000000e+00 0.000000000000000000e+00 0.000000000000000000e+00 1.000000000000000000e+00
-2.711197435855865479e-01 1.604651659727096558e-01 -9.490757584571838379e-01 3.102993071079254150e-01
-9.609269499778747559e-01 1.203505415469408035e-02 2.765401005744934082e-01 -5.106224492192268372e-02
5.579718947410583496e-02 9.869682192802429199e-01 1.509325206279754639e-01 -3.455813229084014893e-02
0.000000000000000000e+00 0.000000000000000000e+00 0.000000000000000000e+00 1.000000000000000000e+00
-1.850479096174240112e-01 -8.149130344390869141e-01 -5.492486953735351562e-01 1.783392727375030518e-01
-9.513333439826965332e-01 8.402175270020961761e-03 3.080485165119171143e-01 -5.866037309169769287e-02
-2.464178502559661865e-01 5.795226097106933594e-01 -7.768087387084960938e-01 2.737530469894409180e-01
0.000000000000000000e+00 0.000000000000000000e+00 0.000000000000000000e+00 1.000000000000000000e+00
-1.871794611215591431e-01 -8.203219175338745117e-01 -5.404036641120910645e-01 1.745607256889343262e-01
-9.699152112007141113e-01 6.716401129961013794e-02 2.339953184127807617e-01 -3.567910939455032349e-02
-1.556556969881057739e-01 5.679448246955871582e-01 -8.082142472267150879e-01 2.787486314773559570e-01
0.000000000000000000e+00 0.000000000000000000e+00 0.000000000000000000e+00 1.000000000000000000e+00
-9.511808305978775024e-02 -8.212990760803222656e-01 -5.625119209289550781e-01 1.739790290594100952e-01
-9.905893802642822266e-01 2.222852036356925964e-02 1.350499093532562256e-01 -1.501033431850373745e-03
-9.841267764568328857e-02 5.700640678405761719e-01 -8.156840205192565918e-01 2.772830128669738770e-01
0.000000000000000000e+00 0.000000000000000000e+00 0.000000000000000000e+00 1.000000000000000000e+00
2.087967470288276672e-02 -8.360166549682617188e-01 -5.483064651489257812e-01 1.594758182764053345e-01
-9.993740916252136230e-01 -3.311369568109512329e-02 1.243329700082540512e-02 4.018593207001686096e-02
-2.855098433792591095e-02 5.477037429809570312e-01 -8.361846804618835449e-01 2.787465155124664307e-01
0.000000000000000000e+00 0.000000000000000000e+00 0.000000000000000000e+00 1.000000000000000000e+00
5.515644699335098267e-02 -8.446530103683471680e-01 -5.324646830558776855e-01 1.512148082256317139e-01
-9.938516616821289062e-01 4.831175785511732101e-03 -1.106138974428176880e-01 7.965012639760971069e-02
9.600280225276947021e-02 5.352920293807983398e-01 -8.391934633255004883e-01 2.712755203247070312e-01
0.000000000000000000e+00 0.000000000000000000e+00 0.000000000000000000e+00 1.000000000000000000e+00
3.242679312825202942e-02 -8.567642569541931152e-01 -5.146875381469726562e-01 1.494985222816467285e-01
-9.808935523033142090e-01 7.155263423919677734e-02 -1.809078156948089600e-01 9.377445280551910400e-02
1.918227076530456543e-01 5.107202529907226562e-01 -8.380746841430664062e-01 2.671667635440826416e-01
0.000000000000000000e+00 0.000000000000000000e+00 0.000000000000000000e+00 1.000000000000000000e+00
-3.810184821486473083e-02 -8.556961417198181152e-01 -5.160732269287109375e-01 1.578291952610015869e-01
-9.938830733299255371e-01 8.602410554885864258e-02 -6.925664842128753662e-02 5.794642120599746704e-02
1.036573797464370728e-01 5.102779865264892578e-01 -8.537397980690002441e-01 2.870843112468719482e-01
0.000000000000000000e+00 0.000000000000000000e+00 0.000000000000000000e+00 1.000000000000000000e+00
-5.138593912124633789e-02 -8.415799736976623535e-01 -5.376828312873840332e-01 1.641176044940948486e-01
-9.933065176010131836e-01 -1.270090602338314056e-02 1.148095503449440002e-01 -5.008977605029940605e-04
-1.034505739808082581e-01 5.399830937385559082e-01 -8.352937102317810059e-01 2.997805774211883545e-01
0.000000000000000000e+00 0.000000000000000000e+00 0.000000000000000000e+00 1.000000000000000000e+00
1.190879940986633301e-01 -8.230382800102233887e-01 -5.553611516952514648e-01 1.566484868526458740e-01
-9.873167276382446289e-01 -1.573098003864288330e-01 2.141801640391349792e-02 2.905347757041454315e-02
-1.049916893243789673e-01 5.457667112350463867e-01 -8.313331604003906250e-01 3.012256622314453125e-01
0.000000000000000000e+00 0.000000000000000000e+00 0.000000000000000000e+00 1.000000000000000000e+00
2.154628038406372070e-01 -7.763683795928955078e-01 -5.923072099685668945e-01 1.542703509330749512e-01
-9.474719762802124023e-01 -3.130299448966979980e-01 6.564410030841827393e-02 1.385816093534231186e-02
-2.363737523555755615e-01 5.470506548881530762e-01 -8.030335307121276855e-01 2.979095280170440674e-01
0.000000000000000000e+00 0.000000000000000000e+00 0.000000000000000000e+00 1.000000000000000000e+00
3.272282481193542480e-01 -7.090569138526916504e-01 -6.246274709701538086e-01 1.490756273269653320e-01
-9.121816754341125488e-01 -4.095811545848846436e-01 -1.292787212878465652e-02 3.679281100630760193e-02
-2.466691881418228149e-01 5.740044713020324707e-01 -7.808155417442321777e-01 2.860098183155059814e-01
0.000000000000000000e+00 0.000000000000000000e+00 0.000000000000000000e+00 1.000000000000000000e+00
3.534873723983764648e-01 -7.046670913696289062e-01 -6.152160763740539551e-01 1.432859301567077637e-01
-9.212366342544555664e-01 -3.764086961746215820e-01 -9.818115830421447754e-02 6.518041342496871948e-02
-1.623876988887786865e-01 6.014655232429504395e-01 -7.822207212448120117e-01 2.781288623809814453e-01
0.000000000000000000e+00 0.000000000000000000e+00 0.000000000000000000e+00 1.000000000000000000e+00
3.680051267147064209e-01 -6.899217367172241211e-01 -6.233615875244140625e-01 1.451522260904312134e-01
-9.257525801658630371e-01 -3.345294594764709473e-01 -1.762738525867462158e-01 9.004499018192291260e-02
-8.691770583391189575e-02 6.419482231140136719e-01 -7.618053555488586426e-01 2.653968036174774170e-01
0.000000000000000000e+00 0.000000000000000000e+00 0.000000000000000000e+00 1.000000000000000000e+00
5.309453606605529785e-01 -5.850500464439392090e-01 -6.130365133285522461e-01 1.366089731454849243e-01
-8.424193263053894043e-01 -4.427745342254638672e-01 -3.070510029792785645e-01 1.254180371761322021e-01
-9.179661422967910767e-02 6.794610619544982910e-01 -7.279464602470397949e-01 2.537155151367187500e-01
0.000000000000000000e+00 0.000000000000000000e+00 0.000000000000000000e+00 1.000000000000000000e+00
6.771218180656433105e-01 -4.007507264614105225e-01 -6.171751618385314941e-01 1.335284560918807983e-01
-7.113876342773437500e-01 -5.710299611091613770e-01 -4.096976816654205322e-01 1.549105644226074219e-01
-1.882389634847640991e-01 7.164658904075622559e-01 -6.717460751533508301e-01 2.503363788127899170e-01
0.000000000000000000e+00 0.000000000000000000e+00 0.000000000000000000e+00 1.000000000000000000e+00
6.961724162101745605e-01 -3.214375078678131104e-01 -6.418894529342651367e-01 1.378783732652664185e-01
-6.533581018447875977e-01 -6.541754007339477539e-01 -3.810210824012756348e-01 1.449424177408218384e-01
-2.974340021610260010e-01 6.846402883529663086e-01 -6.654327511787414551e-01 2.593001723289489746e-01
0.000000000000000000e+00 0.000000000000000000e+00 0.000000000000000000e+00 1.000000000000000000e+00
7.411500215530395508e-01 -2.295027077198028564e-01 -6.308921575546264648e-01 1.394381672143936157e-01
-5.709878206253051758e-01 -7.097500562667846680e-01 -4.125873148441314697e-01 1.466596275568008423e-01
-3.530857861042022705e-01 6.660206913948059082e-01 -6.570741534233093262e-01 2.565145790576934814e-01
0.000000000000000000e+00 0.000000000000000000e+00 0.000000000000000000e+00 1.000000000000000000e+00
7.247660160064697266e-01 -2.187319844961166382e-01 -6.533536314964294434e-01 1.541738957166671753e-01
-5.459617972373962402e-01 -7.607654333114624023e-01 -3.509444594383239746e-01 1.201822757720947266e-01
-4.202857613563537598e-01 6.110584139823913574e-01 -6.707960367202758789e-01 2.649669051170349121e-01
0.000000000000000000e+00 0.000000000000000000e+00 0.000000000000000000e+00 1.000000000000000000e+00
7.149054408073425293e-01 -3.161636888980865479e-01 -6.236593127250671387e-01 1.529392749071121216e-01
-5.880988836288452148e-01 -7.543434500694274902e-01 -2.917284071445465088e-01 9.769085794687271118e-02
-3.782194852828979492e-01 5.753312706947326660e-01 -7.252199053764343262e-01 2.790715396404266357e-01
0.000000000000000000e+00 0.000000000000000000e+00 0.000000000000000000e+00 1.000000000000000000e+00
8.034081459045410156e-01 -1.520653069019317627e-01 -5.756831169128417969e-01 1.415125578641891479e-01
-5.272018909454345703e-01 -6.310554146766662598e-01 -5.690572857856750488e-01 1.850062459707260132e-01
-2.767543792724609375e-01 7.606865167617797852e-01 -5.871645212173461914e-01 2.401819527149200439e-01
0.000000000000000000e+00 0.000000000000000000e+00 0.000000000000000000e+00 1.000000000000000000e+00
8.426060080528259277e-01 -8.186063915491104126e-02 -5.322721600532531738e-01 1.261203140020370483e-01
-4.768204092979431152e-01 -5.728136897087097168e-01 -6.667281389236450195e-01 2.172424346208572388e-01
-2.503141462802886963e-01 8.155874609947204590e-01 -5.216893553733825684e-01 2.172736823558807373e-01
0.000000000000000000e+00 0.000000000000000000e+00 0.000000000000000000e+00 1.000000000000000000e+00
8.770037889480590820e-01 -2.998312376439571381e-02 -4.795467853546142578e-01 1.074628233909606934e-01
-4.279367923736572266e-01 -5.025675296783447266e-01 -7.511959671974182129e-01 2.452720552682876587e-01
-2.184815555810928345e-01 8.640175461769104004e-01 -4.535847306251525879e-01 1.932144016027450562e-01
0.000000000000000000e+00 0.000000000000000000e+00 0.000000000000000000e+00 1.000000000000000000e+00
9.094568490982055664e-01 4.022015258669853210e-02 -4.138489067554473877e-01 8.480670303106307983e-02
-3.623100817203521729e-01 -4.116901159286499023e-01 -8.362073898315429688e-01 2.732667326927185059e-01
-2.040099054574966431e-01 9.104361534118652344e-01 -3.598422110080718994e-01 1.607249379158020020e-01
0.000000000000000000e+00 0.000000000000000000e+00 0.000000000000000000e+00 1.000000000000000000e+00
9.581970572471618652e-01 -2.255543768405914307e-01 -1.760219782590866089e-01 2.627059584483504295e-03
-2.396170645952224731e-01 -2.964637279510498047e-01 -9.244959354400634766e-01 2.962234318256378174e-01
1.563400477170944214e-01 9.280271530151367188e-01 -3.381172716617584229e-01 1.315286904573440552e-01
0.000000000000000000e+00 0.000000000000000000e+00 0.000000000000000000e+00 1.000000000000000000e+00
9.824025630950927734e-01 -3.034618869423866272e-02 -1.842932105064392090e-01 7.163434755057096481e-03
-1.864322125911712646e-01 -2.190672159194946289e-01 -9.577329754829406738e-01 3.044448196887969971e-01
-1.130905561149120331e-02 9.752376079559326172e-01 -2.208697348833084106e-01 1.006239727139472961e-01
0.000000000000000000e+00 0.000000000000000000e+00 0.000000000000000000e+00 1.000000000000000000e+00
9.877023696899414062e-01 -8.504629880189895630e-02 -1.311914771795272827e-01 -1.086360681802034378e-02
-1.399267464876174927e-01 -1.065185517072677612e-01 -9.844157099723815918e-01 3.105773031711578369e-01
6.974658370018005371e-02 9.906671047210693359e-01 -1.171088814735412598e-01 6.033561751246452332e-02
0.000000000000000000e+00 0.000000000000000000e+00 0.000000000000000000e+00 1.000000000000000000e+00
9.853460788726806641e-01 -1.165871918201446533e-01 -1.245015561580657959e-01 -1.445001363754272461e-02
-1.306022107601165771e-01 -4.620835557579994202e-02 -9.903573989868164062e-01 3.107729852199554443e-01
1.097099781036376953e-01 9.921048283576965332e-01 -6.075771152973175049e-02 3.865578025579452515e-02
0.000000000000000000e+00 0.000000000000000000e+00 0.000000000000000000e+00 1.000000000000000000e+00
9.776244163513183594e-01 -1.906803399324417114e-01 -8.883591741323471069e-02 -2.625224553048610687e-02
-8.367966860532760620e-02 3.494142740964889526e-02 -9.958797693252563477e-01 3.089387416839599609e-01
1.929986923933029175e-01 9.810299873352050781e-01 1.820347458124160767e-02 4.321623593568801880e-03
0.000000000000000000e+00 0.000000000000000000e+00 0.000000000000000000e+00 1.000000000000000000e+00
9.372414946556091309e-01 -3.373652398586273193e-01 -8.811080455780029297e-02 -2.449510060250759125e-02
-4.830283671617507935e-02 1.246384382247924805e-01 -9.910256266593933105e-01 3.031481802463531494e-01
3.453196585178375244e-01 9.330860972404479980e-01 1.005206406116485596e-01 -3.401150181889533997e-02
0.000000000000000000e+00 0.000000000000000000e+00 0.000000000000000000e+00 1.000000000000000000e+00
9.472146034240722656e-01 -2.583908736705780029e-01 -1.897841691970825195e-01 1.079187961295247078e-03
-1.507222801446914673e-01 1.635655909776687622e-01 -9.749507904052734375e-01 3.058697581291198730e-01
2.829605638980865479e-01 9.520925879478454590e-01 1.159864515066146851e-01 -2.683885768055915833e-02
0.000000000000000000e+00 0.000000000000000000e+00 0.000000000000000000e+00 1.000000000000000000e+00
9.689587950706481934e-01 5.990682169795036316e-03 -2.471497207880020142e-01 2.020728401839733124e-02
-2.441843152046203613e-01 1.794349104166030884e-01 -9.529831409454345703e-01 3.085818886756896973e-01
3.863825649023056030e-02 9.837515950202941895e-01 1.753278821706771851e-01 -2.758676931262016296e-02
0.000000000000000000e+00 0.000000000000000000e+00 0.000000000000000000e+00 1.000000000000000000e+00
8.955854177474975586e-01 3.733111023902893066e-01 -2.420032322406768799e-01 3.338226675987243652e-02
-3.495973646640777588e-01 2.541041970252990723e-01 -9.017829895019531250e-01 3.081177771091461182e-01
-2.751516699790954590e-01 8.922274708747863770e-01 3.580805957317352295e-01 -6.174777448177337646e-02
0.000000000000000000e+00 0.000000000000000000e+00 0.000000000000000000e+00 1.000000000000000000e+00
9.272994399070739746e-01 1.787981390953063965e-01 -3.288568556308746338e-01 5.315450206398963928e-02
-3.720887303352355957e-01 3.445090949535369873e-01 -8.618948459625244141e-01 3.012271523475646973e-01
-4.081106558442115784e-02 9.215988516807556152e-01 3.859920203685760498e-01 -8.488240092992782593e-02
0.000000000000000000e+00 0.000000000000000000e+00 0.000000000000000000e+00 1.000000000000000000e+00
8.849050402641296387e-01 1.444136053323745728e-01 -4.428181648254394531e-01 9.105983376502990723e-02
-4.601739943027496338e-01 4.180226325988769531e-01 -7.832604050636291504e-01 2.875253558158874512e-01
7.199448347091674805e-02 8.968844413757324219e-01 4.363656044006347656e-01 -1.104986518621444702e-01
0.000000000000000000e+00 0.000000000000000000e+00 0.000000000000000000e+00 1.000000000000000000e+00
8.697671294212341309e-01 1.211482286453247070e-01 -4.783602356910705566e-01 1.030594855546951294e-01
-4.687313735485076904e-01 5.058731436729431152e-01 -7.241430282592773438e-01 2.697658240795135498e-01
1.542609632015228271e-01 8.540582656860351562e-01 4.967776536941528320e-01 -1.374609023332595825e-01
0.000000000000000000e+00 0.000000000000000000e+00 0.000000000000000000e+00 1.000000000000000000e+00
8.563674092292785645e-01 1.044461503624916077e-01 -5.056932568550109863e-01 1.120488345623016357e-01
-4.645367264747619629e-01 5.834674239158630371e-01 -6.661612391471862793e-01 2.536227107048034668e-01
2.254774719476699829e-01 8.053922653198242188e-01 5.481817722320556641e-01 -1.560236364603042603e-01
0.000000000000000000e+00 0.000000000000000000e+00 0.000000000000000000e+00 1.000000000000000000e+00
8.326914906501770020e-01 6.842455267906188965e-02 -5.494931936264038086e-01 1.237475872039794922e-01
-4.399978816509246826e-01 6.842435002326965332e-01 -5.815601944923400879e-01 2.283168584108352661e-01
3.361940383911132812e-01 7.260363101959228516e-01 5.998704433441162109e-01 -1.789581924676895142e-01
0.000000000000000000e+00 0.000000000000000000e+00 0.000000000000000000e+00 1.000000000000000000e+00
8.161585927009582520e-01 8.210664987564086914e-02 -5.719646811485290527e-01 1.327582448720932007e-01
-4.349687993526458740e-01 7.389095425605773926e-01 -5.146018862724304199e-01 2.083638310432434082e-01
3.803778290748596191e-01 6.687834858894348145e-01 6.387811899185180664e-01 -1.952128857374191284e-01
0.000000000000000000e+00 0.000000000000000000e+00 0.000000000000000000e+00 1.000000000000000000e+00
7.828604578971862793e-01 1.212887987494468689e-01 -6.102609634399414062e-01 1.486288309097290039e-01
-4.433611333370208740e-01 7.968826889991760254e-01 -4.103768467903137207e-01 1.777335256338119507e-01
4.365322291851043701e-01 5.918340682983398438e-01 6.776228547096252441e-01 -2.132485359907150269e-01
0.000000000000000000e+00 0.000000000000000000e+00 0.000000000000000000e+00 1.000000000000000000e+00
7.513437271118164062e-01 1.868151277303695679e-01 -6.329156756401062012e-01 1.601803749799728394e-01
-4.534101784229278564e-01 8.430019617080688477e-01 -2.894243896007537842e-01 1.415843963623046875e-01
4.794805347919464111e-01 5.044277310371398926e-01 7.180884480476379395e-01 -2.313164174556732178e-01
0.000000000000000000e+00 0.000000000000000000e+00 0.000000000000000000e+00 1.000000000000000000e+00
7.247064709663391113e-01 2.559913396835327148e-01 -6.397409439086914062e-01 1.665664166212081909e-01
-4.586849212646484375e-01 8.720586299896240234e-01 -1.706509888172149658e-01 1.052704378962516785e-01
5.142062902450561523e-01 4.171115159988403320e-01 7.494059205055236816e-01 -2.459081858396530151e-01
0.000000000000000000e+00 0.000000000000000000e+00 0.000000000000000000e+00 1.000000000000000000e+00
6.955133676528930664e-01 3.388912677764892578e-01 -6.335721015930175781e-01 1.682584434747695923e-01
-4.356735050678253174e-01 9.000990390777587891e-01 3.186792833730578423e-03 5.068961903452873230e-02
5.713576674461364746e-01 2.738142311573028564e-01 7.736769318580627441e-01 -2.596193253993988037e-01
0.000000000000000000e+00 0.000000000000000000e+00 0.000000000000000000e+00 1.000000000000000000e+00
6.854520440101623535e-01 3.876166343688964844e-01 -6.163673996925354004e-01 1.617976576089859009e-01
-3.668809533119201660e-01 9.150710105895996094e-01 1.674611121416091919e-01 -6.084329448640346527e-03
6.289307475090026855e-01 1.113469749689102173e-01 7.694465517997741699e-01 -2.595030665397644043e-01
0.000000000000000000e+00 0.000000000000000000e+00 0.000000000000000000e+00 1.000000000000000000e+00
6.817178726196289062e-01 4.151126146316528320e-01 -6.024469137191772461e-01 1.563253402709960938e-01
-2.939397096633911133e-01 9.094696640968322754e-01 2.940481007099151611e-01 -5.177536979317665100e-02
6.699702143669128418e-01 -2.337471768260002136e-02 7.420197129249572754e-01 -2.532376646995544434e-01
0.000000000000000000e+00 0.000000000000000000e+00 0.000000000000000000e+00 1.000000000000000000e+00
6.667690277099609375e-01 4.549788236618041992e-01 -5.902652740478515625e-01 1.527139097452163696e-01
-2.411117106676101685e-01 8.811197280883789062e-01 4.068084657192230225e-01 -9.065177291631698608e-02
7.051836848258972168e-01 -1.289273798465728760e-01 6.972041130065917969e-01 -2.408834099769592285e-01
0.000000000000000000e+00 0.000000000000000000e+00 0.000000000000000000e+00 1.000000000000000000e+00
6.632826924324035645e-01 4.830855727195739746e-01 -5.715629458427429199e-01 1.466728895902633667e-01
-1.575827449560165405e-01 8.367784619331359863e-01 5.243753790855407715e-01 -1.340796351432800293e-01
7.315896749496459961e-01 -2.577405571937561035e-01 6.311466693878173828e-01 -2.219908833503723145e-01
0.000000000000000000e+00 0.000000000000000000e+00 0.000000000000000000e+00 1.000000000000000000e+00
6.432483792304992676e-01 5.188072919845581055e-01 -5.630900859832763672e-01 1.448488533496856689e-01
-9.374664723873138428e-02 7.832668423652648926e-01 6.145766973495483398e-01 -1.684890389442443848e-01
7.598966360092163086e-01 -3.425376117229461670e-01 5.524716377258300781e-01 -1.989425718784332275e-01
0.000000000000000000e+00 0.000000000000000000e+00 0.000000000000000000e+00 1.000000000000000000e+00
6.600419282913208008e-01 5.316341519355773926e-01 -5.307632088661193848e-01 1.338136047124862671e-01
-2.992473542690277100e-02 7.245729565620422363e-01 6.885481476783752441e-01 -1.977190673351287842e-01
7.506324052810668945e-01 -4.385876357555389404e-01 4.941574931144714355e-01 -1.813355088233947754e-01
0.000000000000000000e+00 0.000000000000000000e+00 0.000000000000000000e+00 1.000000000000000000e+00
6.723977327346801758e-01 5.413216948509216309e-01 -5.048286914825439453e-01 1.251445561647415161e-01
1.963613368570804596e-02 6.687407493591308594e-01 7.432364225387573242e-01 -2.200269252061843872e-01
7.399294972419738770e-01 -5.096633434295654297e-01 4.390302598476409912e-01 -1.653816103935241699e-01
0.000000000000000000e+00 0.000000000000000000e+00 0.000000000000000000e+00 1.000000000000000000e+00
7.217145562171936035e-01 5.239657759666442871e-01 -4.523139595985412598e-01 1.057093665003776550e-01
6.544338166713714600e-02 5.988742113113403320e-01 7.981645464897155762e-01 -2.422127723693847656e-01
6.890900731086730957e-01 -6.056478023529052734e-01 3.979261219501495361e-01 -1.525455564260482788e-01
0.000000000000000000e+00 0.000000000000000000e+00 0.000000000000000000e+00 1.000000000000000000e+00
7.730141878128051758e-01 5.021204352378845215e-01 -3.877164125442504883e-01 8.162803202867507935e-02
1.037313267588615417e-01 5.028949975967407227e-01 8.581003546714782715e-01 -2.684061527252197266e-01
6.258504390716552734e-01 -7.035421133041381836e-01 3.366594016551971436e-01 -1.331469267606735229e-01
0.000000000000000000e+00 0.000000000000000000e+00 0.000000000000000000e+00 1.000000000000000000e+00
8.247810602188110352e-01 4.661529660224914551e-01 -3.200586736202239990e-01 5.810933187603950500e-02
1.316900253295898438e-01 3.921045660972595215e-01 9.104458689689636230e-01 -2.904234230518341064e-01
5.499035120010375977e-01 -7.930670380592346191e-01 2.620127201080322266e-01 -1.068396195769309998e-01
0.000000000000000000e+00 0.000000000000000000e+00 0.000000000000000000e+00 1.000000000000000000e+00
8.433946371078491211e-01 4.517945945262908936e-01 -2.908042669296264648e-01 4.722332209348678589e-02
1.627881228923797607e-01 3.009316027164459229e-01 9.396489858627319336e-01 -3.036354780197143555e-01
5.120405554771423340e-01 -8.398344516754150391e-01 1.802572757005691528e-01 -8.040530234575271606e-02
0.000000000000000000e+00 0.000000000000000000e+00 0.000000000000000000e+00 1.000000000000000000e+00
9.102376103401184082e-01 3.242255747318267822e-01 -2.575758099555969238e-01 3.153404220938682556e-02
1.976280212402343750e-01 2.064704298973083496e-01 9.582864642143249512e-01 -3.138828873634338379e-01
3.638827800750732422e-01 -9.231725335121154785e-01 1.238610595464706421e-01 -5.566813051700592041e-02
0.000000000000000000e+00 0.000000000000000000e+00 0.000000000000000000e+00 1.000000000000000000e+00
9.438349604606628418e-01 2.294885367155075073e-01 -2.377195954322814941e-01 2.181278169155120850e-02
2.164585143327713013e-01 1.141291856765747070e-01 9.695979356765747070e-01 -3.208808600902557373e-01
2.496423572301864624e-01 -9.665968418121337891e-01 5.804441869258880615e-02 -2.789962477982044220e-02
0.000000000000000000e+00 0.000000000000000000e+00 0.000000000000000000e+00 1.000000000000000000e+00
9.640043377876281738e-01 1.797706633806228638e-01 -1.959034204483032227e-01 3.782850457355380058e-03
1.938442438840866089e-01 2.912698127329349518e-02 9.805998206138610840e-01 -3.270265758037567139e-01
1.819891482591629028e-01 -9.832772612571716309e-01 -6.768987514078617096e-03 -1.425205846317112446e-03
0.000000000000000000e+00 0.000000000000000000e+00 0.000000000000000000e+00 1.000000000000000000e+00
9.842770695686340332e-01 1.144913677126169205e-02 -1.762599796056747437e-01 -3.892713924869894981e-03
1.766303777694702148e-01 -6.725891679525375366e-02 9.819764494895935059e-01 -3.311104178428649902e-01
-6.122878403402864933e-04 -9.976697564125061035e-01 -6.822372972965240479e-02 3.567130863666534424e-02
0.000000000000000000e+00 0.000000000000000000e+00 0.000000000000000000e+00 1.000000000000000000e+00
9.811108112335205078e-01 -3.253966569900512695e-02 -1.906903386116027832e-01 3.234751988202333450e-03
1.860170364379882812e-01 -1.118737682700157166e-01 9.761567115783691406e-01 -3.319627046585083008e-01
-5.309705063700675964e-02 -9.931895732879638672e-01 -1.037076339125633240e-01 5.534582957625389099e-02
0.000000000000000000e+00 0.000000000000000000e+00 0.000000000000000000e+00 1.000000000000000000e+00
9.714818000793457031e-01 -1.832618266344070435e-01 -1.504601985216140747e-01 -7.382067851722240448e-03
1.398912221193313599e-01 -6.936995685100555420e-02 9.877339005470275879e-01 -3.330747485160827637e-01
-1.914513558149337769e-01 -9.806135296821594238e-01 -4.175495728850364685e-02 4.071271792054176331e-02
0.000000000000000000e+00 0.000000000000000000e+00 0.000000000000000000e+00 1.000000000000000000e+00
9.854743480682373047e-01 -1.655907481908798218e-01 -3.768352046608924866e-02 -4.281016066670417786e-02
4.835944622755050659e-02 6.091911718249320984e-02 9.969704151153564453e-01 -3.288041651248931885e-01
-1.627934575080871582e-01 -9.843111038208007812e-01 6.804216653108596802e-02 9.536006837151944637e-04
0.000000000000000000e+00 0.000000000000000000e+00 0.000000000000000000e+00 1.000000000000000000e+00
9.910364151000976562e-01 -1.120032221078872681e-01 7.281574606895446777e-02 -7.569918036460876465e-02
-5.042116343975067139e-02 1.911508440971374512e-01 9.802647233009338379e-01 -3.153266906738281250e-01
-1.237116083502769470e-01 -9.751494526863098145e-01 1.837901324033737183e-01 -4.005705937743186951e-02
0.000000000000000000e+00 0.000000000000000000e+00 0.000000000000000000e+00 1.000000000000000000e+00
