1.000000000000000000e+00 0.000000000000000000e+00 0.000000000000000000e+00 -4.542167112231254578e-02
0.000000000000000000e+00 1.000000000000000000e+00 0.000000000000000000e+00 9.935460984706878662e-04
0.000000000000000000e+00 0.000000000000000000e+00 1.000000000000000000e+00 -2.875000238418579102e-01
0.000000000000000000e+00 0.000000000000000000e+00 0.000000000000000000e+00 1.000000000000000000e+00
9.965996742248535156e-01 7.953096926212310791e-02 2.154793590307235718e-02 -5.014511570334434509e-02
-7.917252928018569946e-02 9.967159032821655273e-01 -1.700588874518871307e-02 9.383074939250946045e-03
-2.282965369522571564e-02 1.524206437170505524e-02 9.996231198310852051e-01 -2.929237484931945801e-01
0.000000000000000000e+00 0.000000000000000000e+00 0.000000000000000000e+00 1.000000000000000000e+00
9.852601885795593262e-01 1.645534038543701172e-01 4.674056544899940491e-02 -5.602877959609031677e-02
-1.621873527765274048e-01 9.854622483253479004e-01 -5.058592557907104492e-02 2.484309114515781403e-02
-5.438520386815071106e-02 4.225954040884971619e-02 9.976251125335693359e-01 -2.917840778827667236e-01
0.000000000000000000e+00 0.000000000000000000e+00 0.000000000000000000e+00 1.000000000000000000e+00
9.654609560966491699e-01 2.568084001541137695e-01 4.398429021239280701e-02 -5.289814993739128113e-02
-2.532326579093933105e-01 9.646083712577819824e-01 -7.351098209619522095e-02 3.716579452157020569e-02
-6.130587309598922729e-02 5.983372032642364502e-02 9.963238239288330078e-01 -2.917789816856384277e-01
0.000000000000000000e+00 0.000000000000000000e+00 0.000000000000000000e+00 1.000000000000000000e+00
9.353212118148803711e-01 3.489474356174468994e-01 5.839266628026962280e-02 -5.433211848139762878e-02
-3.403737246990203857e-01 9.325227141380310059e-01 -1.206087917089462280e-01 5.659063160419464111e-02
-9.653870761394500732e-02 9.293258190155029297e-02 9.909811019897460938e-01 -2.889907360076904297e-01
0.000000000000000000e+00 0.000000000000000000e+00 0.000000000000000000e+00 1.000000000000000000e+00
8.894917964935302734e-01 4.549481272697448730e-01 4.273590072989463806e-02 -4.635178297758102417e-02
-4.456759095191955566e-01 8.843889832496643066e-01 -1.386674791574478149e-01 6.617050617933273315e-02
-1.008817628026008606e-01 1.042971834540367126e-01 9.894163012504577637e-01 -2.895545959472656250e-01
0.000000000000000000e+00 0.000000000000000000e+00 0.000000000000000000e+00 1.000000000000000000e+00
8.441842794418334961e-01 5.356103181838989258e-01 2.176807634532451630e-02 -3.721522167325019836e-02
-5.254461765289306641e-01 8.348369598388671875e-01 -1.641746908426284790e-01 7.750725746154785156e-02
-1.061065495014190674e-01 1.271557658910751343e-01 9.861912727355957031e-01 -2.885833978652954102e-01
0.000000000000000000e+00 0.000000000000000000e+00 0.000000000000000000e+00 1.000000000000000000e+00
7.900440096855163574e-01 6.128728985786437988e-01 1.474778540432453156e-02 -3.155444562435150146e-02
-6.024542450904846191e-01 7.806169986724853516e-01 -1.663883775472640991e-01 8.222878724336624146e-02
-1.134873107075691223e-01 1.225691959261894226e-01 9.859499931335449219e-01 -2.893589735031127930e-01
0.000000000000000000e+00 0.000000000000000000e+00 0.000000000000000000e+00 1.000000000000000000e+00
7.200946807861328125e-01 6.937406659126281738e-01 -1.369346026331186295e-02 -1.762523874640464783e-02
-6.862090826034545898e-01 7.090738415718078613e-01 -1.622696518898010254e-01 8.369965106248855591e-02
-1.028634309768676758e-01 1.262460649013519287e-01 9.866510033607482910e-01 -2.903349697589874268e-01
0.000000000000000000e+00 0.000000000000000000e+00 0.000000000000000000e+00 1.000000000000000000e+00
6.440923810005187988e-01 7.647479772567749023e-01 -1.746732182800769806e-02 -1.157569047063589096e-02
-7.590920925140380859e-01 6.361758112907409668e-01 -1.380524039268493652e-01 7.895324379205703735e-02
-9.446304291486740112e-02 1.021778360009193420e-01 9.902710318565368652e-01 -2.933730483055114746e-01
0.000000000000000000e+00 0.000000000000000000e+00 0.000000000000000000e+00 1.000000000000000000e+00
5.451626777648925781e-01 8.378600478172302246e-01 -2.807509899139404297e-02 -2.266152994707226753e-03
-8.358520865440368652e-01 5.406730771064758301e-01 -9.499412775039672852e-02 6.724609434604644775e-02
-6.441237032413482666e-02 7.525383681058883667e-02 9.950816631317138672e-01 -2.984685897827148438e-01
0.000000000000000000e+00 0.000000000000000000e+00 0.000000000000000000e+00 1.000000000000000000e+00
4.564326703548431396e-01 8.866762518882751465e-01 -7.398886233568191528e-02 1.855415292084217072e-02
-8.896625638008117676e-01 4.535867273807525635e-01 -5.252777412533760071e-02 5.443159863352775574e-02
-1.301475800573825836e-02 8.980052918195724487e-02 9.958750009536743164e-01 -3.027342855930328369e-01
0.000000000000000000e+00 0.000000000000000000e+00 0.000000000000000000e+00 1.000000000000000000e+00
3.519749641418457031e-01 9.318981170654296875e-01 -8.763600885868072510e-02 2.716571465134620667e-02
-9.358475208282470703e-01 3.521076440811157227e-01 -1.445254124701023102e-02 4.017415642738342285e-02
1.738901063799858093e-02 8.710090816020965576e-02 9.960477948188781738e-01 -3.046702742576599121e-01
0.000000000000000000e+00 0.000000000000000000e+00 0.000000000000000000e+00 1.000000000000000000e+00
2.733958363533020020e-01 9.560936093330383301e-01 -1.055435463786125183e-01 3.534024581313133240e-02
-9.591210484504699707e-01 2.792966961860656738e-01 4.561226814985275269e-02 1.714131981134414673e-02
7.308754324913024902e-02 8.875880390405654907e-02 9.933679103851318359e-01 -3.041077852249145508e-01
0.000000000000000000e+00 0.000000000000000000e+00 0.000000000000000000e+00 1.000000000000000000e+00
1.940895467996597290e-01 9.715057015419006348e-01 -1.360373198986053467e-01 4.647644981741905212e-02
-9.723857641220092773e-01 2.088495343923568726e-01 1.041518598794937134e-01 -4.238466266542673111e-03
1.295953989028930664e-01 1.120659038424491882e-01 9.852138161659240723e-01 -3.025992214679718018e-01
0.000000000000000000e+00 0.000000000000000000e+00 0.000000000000000000e+00 1.000000000000000000e+00
1.135910525918006897e-01 9.832188487052917480e-01 -1.427499651908874512e-01 5.036941915750503540e-02
-9.716995358467102051e-01 1.398948282003402710e-01 1.903390735387802124e-01 -3.413296863436698914e-02
2.071149647235870361e-01 1.170892789959907532e-01 9.712843298912048340e-01 -2.994648516178131104e-01
0.000000000000000000e+00 0.000000000000000000e+00 0.000000000000000000e+00 1.000000000000000000e+00
1.882339119911193848e-01 9.733532071113586426e-01 -1.309640109539031982e-01 4.578282684087753296e-02
-9.545224308967590332e-01 2.127014249563217163e-01 2.089133858680725098e-01 -3.910307958722114563e-02
2.312026917934417725e-01 8.568356186151504517e-02 9.691248536109924316e-01 -2.970225214958190918e-01
0.000000000000000000e+00 0.000000000000000000e+00 0.000000000000000000e+00 1.000000000000000000e+00
2.725596427917480469e-01 9.530625939369201660e-01 -1.318439394235610962e-01 4.375130683183670044e-02
-9.385211467742919922e-01 2.935365140438079834e-01 1.816979050636291504e-01 -2.856110036373138428e-02
2.118705362081527710e-01 7.421485334634780884e-02 9.744758605957031250e-01 -2.959221303462982178e-01
0.000000000000000000e+00 0.000000000000000000e+00 0.000000000000000000e+00 1.000000000000000000e+00
3.221760392189025879e-01 9.369971156120300293e-01 -1.350497305393218994e-01 4.303597286343574524e-02
-9.350773096084594727e-01 3.372388482093811035e-01 1.090879142284393311e-01 -2.812476363033056259e-03
1.477591097354888916e-01 9.113645553588867188e-02 9.848152995109558105e-01 -2.958292067050933838e-01
0.000000000000000000e+00 0.000000000000000000e+00 0.000000000000000000e+00 1.000000000000000000e+00
3.604395985603332520e-01 9.164720773696899414e-01 -1.736723184585571289e-01 5.352706462144851685e-02
-9.297695755958557129e-01 3.679456114768981934e-01 1.201087981462478638e-02 3.094982542097568512e-02
7.490959018468856812e-02 1.571460664272308350e-01 9.847304821014404297e-01 -2.916189134120941162e-01
0.000000000000000000e+00 0.000000000000000000e+00 0.000000000000000000e+00 1.000000000000000000e+00
4.000650644302368164e-01 9.001804590225219727e-01 -1.721131503582000732e-01 5.121463164687156677e-02
-9.163950085639953613e-01 3.955622017383575439e-01 -6.123963370919227600e-02 5.557934194803237915e-02
1.295474171638488770e-02 1.822234690189361572e-01 9.831717014312744141e-01 -2.876829504966735840e-01
0.000000000000000000e+00 0.000000000000000000e+00 0.000000000000000000e+00 1.000000000000000000e+00
4.611427187919616699e-01 8.631996512413024902e-01 -2.055071443319320679e-01 5.806776136159896851e-02
-8.858202695846557617e-01 4.343568086624145508e-01 -1.632680743932723999e-01 8.698901534080505371e-02
-5.166957899928092957e-02 2.573322355747222900e-01 9.649403095245361328e-01 -2.766449153423309326e-01
0.000000000000000000e+00 0.000000000000000000e+00 0.000000000000000000e+00 1.000000000000000000e+00
5.333049297332763672e-01 8.219918012619018555e-01 -1.997882723808288574e-01 5.043610930442810059e-02
-8.411460518836975098e-01 4.902267456054687500e-01 -2.283667623996734619e-01 1.046247109770774841e-01
-8.977413177490234375e-02 2.898403108119964600e-01 9.528555274009704590e-01 -2.691730260848999023e-01
0.000000000000000000e+00 0.000000000000000000e+00 0.000000000000000000e+00 1.000000000000000000e+00
5.890077352523803711e-01 7.859587073326110840e-01 -1.879875361919403076e-01 4.275392368435859680e-02
-7.972964644432067871e-01 5.272150635719299316e-01 -2.938745915889739990e-01 1.209083423018455505e-01
-1.318636089563369751e-01 3.229762315750122070e-01 9.371755123138427734e-01 -2.607313692569732666e-01
0.000000000000000000e+00 0.000000000000000000e+00 0.000000000000000000e+00 1.000000000000000000e+00
6.724502444267272949e-01 7.227329611778259277e-01 -1.595860272645950317e-01 2.827924489974975586e-02
-7.195177078247070312e-01 5.877898931503295898e-01 -3.698603808879852295e-01 1.364808678627014160e-01
-1.735073924064636230e-01 3.635378479957580566e-01 9.152786731719970703e-01 -2.500611245632171631e-01
0.000000000000000000e+00 0.000000000000000000e+00 0.000000000000000000e+00 1.000000000000000000e+00
7.337147593498229980e-01 6.633257269859313965e-01 -1.471791416406631470e-01 2.130883000791072845e-02
-6.485544443130493164e-01 6.191319227218627930e-01 -4.427786469459533691e-01 1.512269675731658936e-01
-2.025832533836364746e-01 4.203267097473144531e-01 8.844690322875976562e-01 -2.358228564262390137e-01
0.000000000000000000e+00 0.000000000000000000e+00 0.000000000000000000e+00 1.000000000000000000e+00
7.561826109886169434e-01 6.422161459922790527e-01 -1.254831999540328979e-01 1.270640548318624496e-02
-5.978971123695373535e-01 6.001843214035034180e-01 -5.313165187835693359e-01 1.713706851005554199e-01
-2.659070491790771484e-01 4.767982661724090576e-01 8.378282785415649414e-01 -2.145048677921295166e-01
0.000000000000000000e+00 0.000000000000000000e+00 0.000000000000000000e+00 1.000000000000000000e+00
7.824153900146484375e-01 6.080287098884582520e-01 -1.346361339092254639e-01 1.272172201424837112e-02
-5.401541590690612793e-01 5.549904704093933105e-01 -6.326286792755126953e-01 1.974486410617828369e-01
-3.099346458911895752e-01 5.677027702331542969e-01 7.626624107360839844e-01 -1.868240088224411011e-01
0.000000000000000000e+00 0.000000000000000000e+00 0.000000000000000000e+00 1.000000000000000000e+00
8.047289252281188965e-01 5.794506072998046875e-01 -1.290286779403686523e-01 9.308032691478729248e-03
-4.854575693607330322e-01 5.172455310821533203e-01 -7.048317790031433105e-01 2.164327800273895264e-01
-3.416755497455596924e-01 6.298364400863647461e-01 6.975414752960205078e-01 -1.632512509822845459e-01
0.000000000000000000e+00 0.000000000000000000e+00 0.000000000000000000e+00 1.000000000000000000e+00
8.354288935661315918e-01 5.356317758560180664e-01 -1.231119409203529358e-01 4.888805560767650604e-03
-4.152572751045227051e-01 4.684424698352813721e-01 -7.798223495483398438e-01 2.360061109066009521e-01
-3.600268363952636719e-01 7.026092410087585449e-01 6.137755513191223145e-01 -1.393140703439712524e-01
0.000000000000000000e+00 0.000000000000000000e+00 0.000000000000000000e+00 1.000000000000000000e+00
8.641863465309143066e-01 4.958340525627136230e-01 -8.561740815639495850e-02 -8.267894387245178223e-03
-3.312788307666778564e-01 4.325937628746032715e-01 -8.385203480720520020e-01 2.499462664127349854e-01
-3.787296414375305176e-01 7.530013322830200195e-01 5.381010174751281738e-01 -1.188901960849761963e-01
0.000000000000000000e+00 0.000000000000000000e+00 0.000000000000000000e+00 1.000000000000000000e+00
8.855406641960144043e-01 4.605296552181243896e-01 -6.107338517904281616e-02 -1.535013224929571152e-02
-2.324698567390441895e-01 3.254638910293579102e-01 -9.165319204330444336e-01 2.650551199913024902e-01
-4.022131264209747314e-01 8.258239626884460449e-01 3.952707350254058838e-01 -8.059670776128768921e-02
0.000000000000000000e+00 0.000000000000000000e+00 0.000000000000000000e+00 1.000000000000000000e+00
8.615586161613464355e-01 5.069653391838073730e-01 -2.651395648717880249e-02 -2.926207147538661957e-02
-1.112353429198265076e-01 1.375637352466583252e-01 -9.842270612716674805e-01 2.824715971946716309e-01
-4.953216016292572021e-01 8.509185910224914551e-01 1.749116778373718262e-01 -1.660262607038021088e-02
0.000000000000000000e+00 0.000000000000000000e+00 0.000000000000000000e+00 1.000000000000000000e+00
8.669000267982482910e-01 4.971785545349121094e-01 -3.601986169815063477e-02 -2.436543814837932587e-02
-1.014489382505416870e-01 1.052198782563209534e-01 -9.892606139183044434e-01 2.828452885150909424e-01
-4.880493283271789551e-01 8.612444400787353516e-01 1.416533738374710083e-01 -1.500341389328241348e-02
0.000000000000000000e+00 0.000000000000000000e+00 0.000000000000000000e+00 1.000000000000000000e+00
8.206599950790405273e-01 5.708781480789184570e-01 -2.480814419686794281e-02 -2.304795198142528534e-02
-1.097825318574905396e-01 1.149129867553710938e-01 -9.872904419898986816e-01 2.824160158634185791e-01
-5.607718229293823242e-01 8.129531145095825195e-01 1.569769382476806641e-01 -1.770436018705368042e-02
0.000000000000000000e+00 0.000000000000000000e+00 0.000000000000000000e+00 1.000000000000000000e+00
8.065528273582458496e-01 5.888187885284423828e-01 -5.257923528552055359e-02 -1.505714934319257736e-02
-2.455971390008926392e-01 2.528497576713562012e-01 -9.358145594596862793e-01 2.736781239509582520e-01
-5.377306342124938965e-01 7.676972746849060059e-01 3.485490083694458008e-01 -6.218739598989486694e-02
0.000000000000000000e+00 0.000000000000000000e+00 0.000000000000000000e+00 1.000000000000000000e+00
8.202883005142211914e-01 5.657612085342407227e-01 -8.391338586807250977e-02 -7.223995868116617203e-03
-3.088523745536804199e-01 3.146767020225524902e-01 -8.975455164909362793e-01 2.656561434268951416e-01
-4.813910722732543945e-01 7.621631622314453125e-01 4.328624904155731201e-01 -8.664397895336151123e-02
0.000000000000000000e+00 0.000000000000000000e+00 0.000000000000000000e+00 1.000000000000000000e+00
8.099039196968078613e-01 5.781180858612060547e-01 -9.917191416025161743e-02 -3.172262338921427727e-03
-3.680263161659240723e-01 3.691886961460113525e-01 -8.533794879913330078e-01 2.562266588211059570e-01
-4.567409455776214600e-01 7.276530265808105469e-01 5.117700695991516113e-01 -1.093968749046325684e-01
0.000000000000000000e+00 0.000000000000000000e+00 0.000000000000000000e+00 1.000000000000000000e+00
8.289175033569335938e-01 5.541250705718994141e-01 -7.642421871423721313e-02 -1.448127441108226776e-02
-4.558590948581695557e-01 5.900136232376098633e-01 -6.663907766342163086e-01 2.162635624408721924e-01
-3.241724669933319092e-01 5.872217416763305664e-01 7.416758537292480469e-01 -1.803028732538223267e-01
0.000000000000000000e+00 0.000000000000000000e+00 0.000000000000000000e+00 1.000000000000000000e+00
8.294150233268737793e-01 5.566163063049316406e-01 -4.742375388741493225e-02 -2.406233735382556915e-02
-4.680242836475372314e-01 6.460291743278503418e-01 -6.029919385910034180e-01 1.975672543048858643e-01
-3.049980998039245605e-01 5.223258733749389648e-01 7.963363528251647949e-01 -1.972098201513290405e-01
0.000000000000000000e+00 0.000000000000000000e+00 0.000000000000000000e+00 1.000000000000000000e+00
8.542200326919555664e-01 5.173044800758361816e-01 -5.200036242604255676e-02 -2.335083857178688049e-02
-4.622585177421569824e-01 7.099100351333618164e-01 -5.313614606857299805e-01 1.759065538644790649e-01
-2.379600405693054199e-01 4.779371023178100586e-01 8.455477952957153320e-01 -2.136090546846389771e-01
0.000000000000000000e+00 0.000000000000000000e+00 0.000000000000000000e+00 1.000000000000000000e+00
8.724741339683532715e-01 4.885060489177703857e-01 -1.228304672986268997e-02 -3.356035798788070679e-02
-4.539085328578948975e-01 8.008611202239990234e-01 -3.906252980232238770e-01 1.350654810667037964e-01
-1.809859573841094971e-01 3.463858067989349365e-01 9.204677939414978027e-01 -2.366525977849960327e-01
0.000000000000000000e+00 0.000000000000000000e+00 0.000000000000000000e+00 1.000000000000000000e+00
8.743001222610473633e-01 4.853413701057434082e-01 -6.568093318492174149e-03 -3.309883549809455872e-02
-4.709874689579010010e-01 8.450157642364501953e-01 -2.532168626785278320e-01 9.721507132053375244e-02
-1.173465698957443237e-01 2.244810760021209717e-01 9.673872590065002441e-01 -2.523370087146759033e-01
0.000000000000000000e+00 0.000000000000000000e+00 0.000000000000000000e+00 1.000000000000000000e+00
8.779622912406921387e-01 4.785908162593841553e-01 -1.152328494936227798e-02 -2.784144133329391479e-02
-4.785786867141723633e-01 8.768266439437866211e-01 -4.622966051101684570e-02 3.887354955077171326e-02
-1.202118024230003357e-02 4.610270261764526367e-02 9.988642930984497070e-01 -2.658113539218902588e-01
0.000000000000000000e+00 0.000000000000000000e+00 0.000000000000000000e+00 1.000000000000000000e+00
8.882715106010437012e-01 4.592213928699493408e-01 -9.461855515837669373e-03 -2.696757391095161438e-02
-4.583584964275360107e-01 8.875576853752136230e-01 4.635607451200485229e-02 1.123152486979961395e-02
2.968564443290233612e-02 -3.683984279632568359e-02 9.988803863525390625e-01 -2.684529125690460205e-01
0.000000000000000000e+00 0.000000000000000000e+00 0.000000000000000000e+00 1.000000000000000000e+00
8.936677575111389160e-01 4.487193822860717773e-01 -2.964639570564031601e-03 -2.823986858129501343e-02
-4.431754946708679199e-01 8.836242556571960449e-01 1.510078459978103638e-01 -2.074850350618362427e-02
7.037980854511260986e-02 -1.336369663476943970e-01 9.885281324386596680e-01 -2.673498988151550293e-01
0.000000000000000000e+00 0.000000000000000000e+00 0.000000000000000000e+00 1.000000000000000000e+00
8.969670534133911133e-01 4.420439004898071289e-01 -6.865973584353923798e-03 -2.697180397808551788e-02
-4.257146716117858887e-01 8.678127527236938477e-01 2.562579810619354248e-01 -5.424897372722625732e-02
1.192357167601585388e-01 -2.269320338964462280e-01 9.665840268135070801e-01 -2.628402709960937500e-01
0.000000000000000000e+00 0.000000000000000000e+00 0.000000000000000000e+00 1.000000000000000000e+00
9.008924365043640137e-01 4.338709712028503418e-01 -1.217315159738063812e-02 -2.513811178505420685e-02
-3.995523452758789062e-01 8.399368524551391602e-01 3.672376573085784912e-01 -9.132637828588485718e-02
1.695585548877716064e-01 -3.259777724742889404e-01 9.300474524497985840e-01 -2.536304295063018799e-01
0.000000000000000000e+00 0.000000000000000000e+00 0.000000000000000000e+00 1.000000000000000000e+00
9.055257439613342285e-01 4.242117106914520264e-01 -8.176243863999843597e-03 -2.781723625957965851e-02
-3.737162053585052490e-01 8.065659999847412109e-01 4.580260217189788818e-01 -1.210082471370697021e-01
2.008948773145675659e-01 -4.116987586021423340e-01 8.889009356498718262e-01 -2.434895485639572144e-01
0.000000000000000000e+00 0.000000000000000000e+00 0.000000000000000000e+00 1.000000000000000000e+00
9.165664911270141602e-01 3.998179435729980469e-01 -7.222826592624187469e-03 -3.069351613521575928e-02
-3.304649889469146729e-01 7.675008177757263184e-01 5.493049025535583496e-01 -1.514109820127487183e-01
2.251654714345932007e-01 -5.010870695114135742e-01 8.355908393859863281e-01 -2.303481549024581909e-01
0.000000000000000000e+00 0.000000000000000000e+00 0.000000000000000000e+00 1.000000000000000000e+00
9.102948307991027832e-01 4.135200679302215576e-01 1.907726749777793884e-02 -3.966740146279335022e-02
-3.321865797042846680e-01 7.022007703781127930e-01 6.297351121902465820e-01 -1.755691617727279663e-01
2.470122575759887695e-01 -5.795818567276000977e-01 7.765756845474243164e-01 -2.160790562629699707e-01
0.000000000000000000e+00 0.000000000000000000e+00 0.000000000000000000e+00 1.000000000000000000e+00
9.183784723281860352e-01 3.944512903690338135e-01 3.146084025502204895e-02 -4.533792287111282349e-02
-2.926241159439086914e-01 6.234732270240783691e-01 7.250185012817382812e-01 -2.058938145637512207e-01
2.663697898387908936e-01 -6.750476956367492676e-01 6.880102753639221191e-01 -1.915372908115386963e-01
0.000000000000000000e+00 0.000000000000000000e+00 0.000000000000000000e+00 1.000000000000000000e+00
9.271568059921264648e-01 3.705272674560546875e-01 5.558062717318534851e-02 -5.411056429147720337e-02
-2.671238183975219727e-01 5.496839880943298340e-01 7.915126681327819824e-01 -2.279485911130905151e-01
2.627252936363220215e-01 -7.487033009529113770e-01 6.086199879646301270e-01 -1.674315035343170166e-01
0.000000000000000000e+00 0.000000000000000000e+00 0.000000000000000000e+00 1.000000000000000000e+00
9.374651908874511719e-01 3.444687724113464355e-01 4.999797046184539795e-02 -5.445227026939392090e-02
-2.212826758623123169e-01 4.789140820503234863e-01 8.495143055915832520e-01 -2.481315881013870239e-01
2.686864733695983887e-01 -8.074543476104736328e-01 5.251905322074890137e-01 -1.435093581676483154e-01
0.000000000000000000e+00 0.000000000000000000e+00 0.000000000000000000e+00 1.000000000000000000e+00
9.468654394149780273e-01 3.171175420284271240e-01 5.368699133396148682e-02 -5.871702358126640320e-02
-1.880552917718887329e-01 4.104440212249755859e-01 8.922839164733886719e-01 -2.623529732227325439e-01
2.609233558177947998e-01 -8.549690842628479004e-01 4.482710659503936768e-01 -1.219882443547248840e-01
0.000000000000000000e+00 0.000000000000000000e+00 0.000000000000000000e+00 1.000000000000000000e+00
9.609521031379699707e-01 2.733099460601806641e-01 4.327580705285072327e-02 -5.871337279677391052e-02
-1.400260031223297119e-01 3.453970551490783691e-01 9.279508590698242188e-01 -2.762922644615173340e-01
2.386708408594131470e-01 -8.977763652801513672e-01 3.701806366443634033e-01 -9.810360521078109741e-02
0.000000000000000000e+00 0.000000000000000000e+00 0.000000000000000000e+00 1.000000000000000000e+00
9.663583040237426758e-01 2.487001121044158936e-01 6.557229161262512207e-02 -6.769443303346633911e-02
-1.326161324977874756e-01 2.633607089519500732e-01 9.555383920669555664e-01 -2.890715599060058594e-01
2.203733772039413452e-01 -9.320886731147766113e-01 2.874825894832611084e-01 -6.846623122692108154e-02
0.000000000000000000e+00 0.000000000000000000e+00 0.000000000000000000e+00 1.000000000000000000e+00
9.779925942420959473e-01 2.036041915416717529e-01 4.555293917655944824e-02 -6.502986699342727661e-02
-7.791294157505035400e-02 1.538669466972351074e-01 9.850147366523742676e-01 -3.027489483356475830e-01
1.935441046953201294e-01 -9.668874144554138184e-01 1.663442403078079224e-01 -2.669645845890045166e-02
0.000000000000000000e+00 0.000000000000000000e+00 0.000000000000000000e+00 1.000000000000000000e+00
9.937207102775573730e-01 1.118474826216697693e-01 3.039532108232378960e-03 -5.444757267832756042e-02
-1.834226772189140320e-02 1.360454410314559937e-01 9.905328154563903809e-01 -3.060207664966583252e-01
1.103750690817832947e-01 -9.843686223030090332e-01 1.372427791357040405e-01 -1.808494888246059418e-02
0.000000000000000000e+00 0.000000000000000000e+00 0.000000000000000000e+00 1.000000000000000000e+00
9.963721632957458496e-01 8.422407507896423340e-02 -1.221409719437360764e-02 -5.078227445483207703e-02
-9.111223742365837097e-03 2.482589930295944214e-01 9.686507582664489746e-01 -3.010794222354888916e-01
8.461598306894302368e-02 -9.650248289108276367e-01 2.481256276369094849e-01 -5.298587307333946228e-02
0.000000000000000000e+00 0.000000000000000000e+00 0.000000000000000000e+00 1.000000000000000000e+00
9.979662895202636719e-01 2.461280301213264465e-02 -5.880318954586982727e-02 -3.488397598266601562e-02
4.907055944204330444e-02 2.922040522098541260e-01 9.550961256027221680e-01 -3.080131113529205322e-01
4.069011285901069641e-02 -9.560389518737792969e-01 2.904018759727478027e-01 -6.452277302742004395e-02
0.000000000000000000e+00 0.000000000000000000e+00 0.000000000000000000e+00 1.000000000000000000e+00
9.881863594055175781e-01 -5.370796844363212585e-02 -1.435358971357345581e-01 -2.580296946689486504e-03
1.528184711933135986e-01 2.746683359146118164e-01 9.493178725242614746e-01 -3.182100653648376465e-01
-1.156116835772991180e-02 -9.600376486778259277e-01 2.796311080455780029e-01 -5.828011408448219299e-02
0.000000000000000000e+00 0.000000000000000000e+00 0.000000000000000000e+00 1.000000000000000000e+00
9.692733287811279297e-01 -6.595421582460403442e-02 -2.369793355464935303e-01 2.897831983864307404e-02
2.459855675697326660e-01 2.577014565467834473e-01 9.343881607055664062e-01 -3.228680789470672607e-01
-5.569390486925840378e-04 -9.639710187911987305e-01 2.660068273544311523e-01 -5.295601487159729004e-02
0.000000000000000000e+00 0.000000000000000000e+00 0.000000000000000000e+00 1.000000000000000000e+00
9.739127159118652344e-01 -2.639044448733329773e-02 -2.253818660974502563e-01 2.350075170397758484e-02
2.231793254613876343e-01 2.910315990447998047e-01 9.303178191184997559e-01 -3.213043510913848877e-01
4.104174301028251648e-02 -9.563493728637695312e-01 2.893291711807250977e-01 -6.367234140634536743e-02
0.000000000000000000e+00 0.000000000000000000e+00 0.000000000000000000e+00 1.000000000000000000e+00
9.820699095726013184e-01 4.393471777439117432e-02 -1.833266913890838623e-01 6.276326719671487808e-03
1.588919758796691895e-01 3.304244875907897949e-01 9.303618073463439941e-01 -3.184471130371093750e-01
1.014507785439491272e-01 -9.428091645240783691e-01 3.175189495086669922e-01 -7.890963554382324219e-02
0.000000000000000000e+00 0.000000000000000000e+00 0.000000000000000000e+00 1.000000000000000000e+00
9.866323471069335938e-01 1.189949885010719299e-01 -1.113436669111251831e-01 -2.038433589041233063e-02
5.977365747094154358e-02 3.713741898536682129e-01 9.265571832656860352e-01 -3.116351962089538574e-01
1.516057550907135010e-01 -9.208261370658874512e-01 3.592969179153442383e-01 -9.959166496992111206e-02
0.000000000000000000e+00 0.000000000000000000e+00 0.000000000000000000e+00 1.000000000000000000e+00
9.787633419036865234e-01 2.035689949989318848e-01 -2.412509731948375702e-02 -5.141653120517730713e-02
-4.103389009833335876e-02 3.098643422126770020e-01 9.498946666717529297e-01 -3.134218454360961914e-01
2.008446455001831055e-01 -9.287322759628295898e-01 3.116371631622314453e-01 -8.885395526885986328e-02
0.000000000000000000e+00 0.000000000000000000e+00 0.000000000000000000e+00 1.000000000000000000e+00
9.243443012237548828e-01 3.710131347179412842e-01 8.908624202013015747e-02 -8.689045161008834839e-02
-2.198812514543533325e-01 3.271375000476837158e-01 9.190390110015869141e-01 -2.937301695346832275e-01
3.118323981761932373e-01 -8.690972328186035156e-01 3.839667141437530518e-01 -1.219842284917831421e-01
0.000000000000000000e+00 0.000000000000000000e+00 0.000000000000000000e+00 1.000000000000000000e+00
8.755273818969726562e-01 4.743182361125946045e-01 9.205604344606399536e-02 -8.549853414297103882e-02
-2.808924019336700439e-01 3.446468114852905273e-01 8.957220911979675293e-01 -2.815365791320800781e-01
3.931306898593902588e-01 -8.100870847702026367e-01 4.349801540374755859e-01 -1.472997665405273438e-01
0.000000000000000000e+00 0.000000000000000000e+00 0.000000000000000000e+00 1.000000000000000000e+00
8.357831835746765137e-01 5.452857613563537598e-01 6.426382809877395630e-02 -7.455202192068099976e-02
-3.375090062618255615e-01 4.179095625877380371e-01 8.434686064720153809e-01 -2.617042958736419678e-01
4.330748915672302246e-01 -7.266464829444885254e-01 5.333205461502075195e-01 -1.835031956434249878e-01
0.000000000000000000e+00 0.000000000000000000e+00 0.000000000000000000e+00 1.000000000000000000e+00
8.035798072814941406e-01 5.930921435356140137e-01 5.001210421323776245e-02 -6.803318858146667480e-02
-4.237207174301147461e-01 5.110349059104919434e-01 7.478660345077514648e-01 -2.247644066810607910e-01
4.179955720901489258e-01 -6.221610307693481445e-01 6.619628667831420898e-01 -2.255209833383560181e-01
0.000000000000000000e+00 0.000000000000000000e+00 0.000000000000000000e+00 1.000000000000000000e+00
7.743355631828308105e-01 6.325038075447082520e-01 1.853887364268302917e-02 -5.645959451794624329e-02
-5.039528012275695801e-01 5.987110733985900879e-01 6.225566267967224121e-01 -1.775846034288406372e-01
3.826697766780853271e-01 -4.914102256298065186e-01 7.823552489280700684e-01 -2.632093727588653564e-01
0.000000000000000000e+00 0.000000000000000000e+00 0.000000000000000000e+00 1.000000000000000000e+00
7.552804350852966309e-01 6.552303433418273926e-01 1.499352883547544479e-02 -5.432639271020889282e-02
-5.629044175148010254e-01 6.367995738983154297e-01 5.269009470939636230e-01 -1.419304907321929932e-01
3.356937766075134277e-01 -4.063977599143981934e-01 8.497946262359619141e-01 -2.827563583850860596e-01
0.000000000000000000e+00 0.000000000000000000e+00 0.000000000000000000e+00 1.000000000000000000e+00
6.564435958862304688e-01 7.542739510536193848e-01 1.235693972557783127e-02 -4.638873040676116943e-02
-6.723339557647705078e-01 5.775455832481384277e-01 4.630412161350250244e-01 -1.128154993057250977e-01
3.421233296394348145e-01 -3.122684061527252197e-01 8.862505555152893066e-01 -2.968338429927825928e-01
0.000000000000000000e+00 0.000000000000000000e+00 0.000000000000000000e+00 1.000000000000000000e+00
5.888035893440246582e-01 8.078039288520812988e-01 -2.762920781970024109e-02 -2.827841602265834808e-02
-7.355651259422302246e-01 5.496919751167297363e-01 3.959576189517974854e-01 -8.584509044885635376e-02
3.350439071655273438e-01 -2.128180563449859619e-01 9.178528189659118652e-01 -3.082767426967620850e-01
0.000000000000000000e+00 0.000000000000000000e+00 0.000000000000000000e+00 1.000000000000000000e+00
5.408446788787841797e-01 8.390482664108276367e-01 -5.903125926852226257e-02 -1.373235695064067841e-02
-7.812467813491821289e-01 5.271113514900207520e-01 3.343753218650817871e-01 -6.087493151426315308e-02
3.116731941699981689e-01 -1.347271651029586792e-01 9.405896067619323730e-01 -3.148040175437927246e-01
0.000000000000000000e+00 0.000000000000000000e+00 0.000000000000000000e+00 1.000000000000000000e+00
5.063346028327941895e-01 8.542320132255554199e-01 -1.179525405168533325e-01 9.108506143093109131e-03
-8.167810440063476562e-01 5.189478993415832520e-01 2.521147429943084717e-01 -3.055401332676410675e-02
2.765755653381347656e-01 -3.131295740604400635e-02 9.604817628860473633e-01 -3.196384012699127197e-01
0.000000000000000000e+00 0.000000000000000000e+00 0.000000000000000000e+00 1.000000000000000000e+00
4.359888732433319092e-01 8.839714527130126953e-01 -1.688428372144699097e-01 3.218108415603637695e-02
-8.598813414573669434e-01 4.645386934280395508e-01 2.116772532463073730e-01 -1.392303034663200378e-02
2.655507326126098633e-01 5.289594456553459167e-02 9.626448154449462891e-01 -3.200652897357940674e-01
0.000000000000000000e+00 0.000000000000000000e+00 0.000000000000000000e+00 1.000000000000000000e+00
3.568515479564666748e-01 8.945775628089904785e-01 -2.690504193305969238e-01 7.225092500448226929e-02
-8.923928737640380859e-01 4.116097986698150635e-01 1.849656552076339722e-01 -2.316602505743503571e-03
2.762097418308258057e-01 1.740933656692504883e-01 9.451979398727416992e-01 -3.145340979099273682e-01
0.000000000000000000e+00 0.000000000000000000e+00 0.000000000000000000e+00 1.000000000000000000e+00
2.919547557830810547e-01 8.831349015235900879e-01 -3.671981394290924072e-01 1.093140691518783569e-01
-9.126214385032653809e-01 3.720986545085906982e-01 1.693065762519836426e-01 4.351929761469364166e-03
2.861545085906982422e-01 2.856831550598144531e-01 9.146040678024291992e-01 -3.053567707538604736e-01
0.000000000000000000e+00 0.000000000000000000e+00 0.000000000000000000e+00 1.000000000000000000e+00
2.688187062740325928e-01 8.533707261085510254e-01 -4.466479122638702393e-01 1.366158425807952881e-01
-9.333117008209228516e-01 3.453849852085113525e-01 9.817536175251007080e-02 2.987606450915336609e-02
2.380454838275909424e-01 3.904705047607421875e-01 8.893074393272399902e-01 -2.930942475795745850e-01
0.000000000000000000e+00 0.000000000000000000e+00 0.000000000000000000e+00 1.000000000000000000e+00
1.767106205224990845e-01 7.763097286224365234e-01 -6.050761938095092773e-01 1.947252452373504639e-01
-9.619423747062683105e-01 2.663917541503906250e-01 6.084717437624931335e-02 4.254090413451194763e-02
2.084236443042755127e-01 5.712957978248596191e-01 7.938394546508789062e-01 -2.596564292907714844e-01
0.000000000000000000e+00 0.000000000000000000e+00 0.000000000000000000e+00 1.000000000000000000e+00
1.343355476856231689e-01 6.765670776367187500e-01 -7.240242362022399902e-01 2.365949153900146484e-01
-9.736540913581848145e-01 2.259781062602996826e-01 3.051413036882877350e-02 5.322378501296043396e-02
1.842584162950515747e-01 7.008500695228576660e-01 6.890993118286132812e-01 -2.246809750795364380e-01
0.000000000000000000e+00 0.000000000000000000e+00 0.000000000000000000e+00 1.000000000000000000e+00
1.059852018952369690e-01 5.763863325119018555e-01 -8.102748394012451172e-01 2.661007344722747803e-01
-9.844397902488708496e-01 1.756806671619415283e-01 -3.796347184106707573e-03 6.487799435853958130e-02
1.401615440845489502e-01 7.980694174766540527e-01 5.860373973846435547e-01 -1.887237429618835449e-01
0.000000000000000000e+00 0.000000000000000000e+00 0.000000000000000000e+00 1.000000000000000000e+00
7.443897426128387451e-02 5.111212134361267090e-01 -8.562791943550109863e-01 2.833167314529418945e-01
-9.914136528968811035e-01 1.304997652769088745e-01 -8.289972320199012756e-03 6.685968488454818726e-02
1.075070053339004517e-01 8.495438098907470703e-01 5.164468288421630859e-01 -1.643667221069335938e-01
0.000000000000000000e+00 0.000000000000000000e+00 0.000000000000000000e+00 1.000000000000000000e+00
1.565927267074584961e-01 5.113813877105712891e-01 -8.449663519859313965e-01 2.723958194255828857e-01
-9.873968958854675293e-01 1.009218916296958923e-01 -1.219096183776855469e-01 1.037260517477989197e-01
2.293325960636138916e-02 8.534069657325744629e-01 5.207400918006896973e-01 -1.586951017379760742e-01
0.000000000000000000e+00 0.000000000000000000e+00 0.000000000000000000e+00 1.000000000000000000e+00
2.589408755302429199e-01 5.771605372428894043e-01 -7.744901776313781738e-01 2.422231137752532959e-01
-9.607356190681457520e-01 7.114784419536590576e-02 -2.681892216205596924e-01 1.487390547990798950e-01
-9.968483448028564453e-02 8.135256767272949219e-01 5.729216337203979492e-01 -1.651022434234619141e-01
0.000000000000000000e+00 0.000000000000000000e+00 0.000000000000000000e+00 1.000000000000000000e+00
3.174106478691101074e-01 6.231137514114379883e-01 -7.148287892341613770e-01 2.198469489812850952e-01
-9.288767576217651367e-01 5.255841091275215149e-02 -3.666409254074096680e-01 1.775069087743759155e-01
-1.908886730670928955e-01 7.803636193275451660e-01 5.954784154891967773e-01 -1.657039225101470947e-01
0.000000000000000000e+00 0.000000000000000000e+00 0.000000000000000000e+00 1.000000000000000000e+00
3.586127460002899170e-01 6.432450413703918457e-01 -6.764856576919555664e-01 2.047203034162521362e-01
-8.920977115631103516e-01 2.276001498103141785e-02 -4.512693583965301514e-01 2.008397877216339111e-01
-2.748798429965972900e-01 7.653223276138305664e-01 5.819995403289794922e-01 -1.544552296400070190e-01
0.000000000000000000e+00 0.000000000000000000e+00 0.000000000000000000e+00 1.000000000000000000e+00
4.204888343811035156e-01 6.387493014335632324e-01 -6.443512439727783203e-01 1.890833079814910889e-01
-8.399973511695861816e-01 5.650721024721860886e-03 -5.425612926483154297e-01 2.251197695732116699e-01
-3.429195880889892578e-01 7.693943381309509277e-01 5.389236211776733398e-01 -1.340567022562026978e-01
0.000000000000000000e+00 0.000000000000000000e+00 0.000000000000000000e+00 1.000000000000000000e+00
5.152664184570312500e-01 6.478422880172729492e-01 -5.610710382461547852e-01 1.571115404367446899e-01
-7.304158806800842285e-01 -1.050977036356925964e-02 -6.829218864440917969e-01 2.585833370685577393e-01
-4.483222067356109619e-01 7.617021799087524414e-01 4.677789211273193359e-01 -1.008817628026008606e-01
0.000000000000000000e+00 0.000000000000000000e+00 0.000000000000000000e+00 1.000000000000000000e+00
6.313604116439819336e-01 6.697358489036560059e-01 -3.909442126750946045e-01 9.463384002447128296e-02
-5.805346369743347168e-01 7.394151389598846436e-02 -8.108708858489990234e-01 2.899477183818817139e-01
-5.141628384590148926e-01 7.389084100723266602e-01 4.354888200759887695e-01 -8.384422957897186279e-02
0.000000000000000000e+00 0.000000000000000000e+00 0.000000000000000000e+00 1.000000000000000000e+00
6.340778470039367676e-01 7.209458351135253906e-01 -2.796113193035125732e-01 6.268185377120971680e-02
-5.005927681922912598e-01 1.071093007922172546e-01 -8.590311408042907715e-01 2.995084822177886963e-01
-5.893658399581909180e-01 6.846641302108764648e-01 4.288159608840942383e-01 -7.671191543340682983e-02
0.000000000000000000e+00 0.000000000000000000e+00 0.000000000000000000e+00 1.000000000000000000e+00
5.989445447921752930e-01 7.762392163276672363e-01 -1.967689841985702515e-01 4.344956949353218079e-02
-3.954503834247589111e-01 7.303850352764129639e-02 -9.155787229537963867e-01 3.104444444179534912e-01
-6.963366270065307617e-01 6.261932849884033203e-01 3.507100641727447510e-01 -5.030157789587974548e-02
0.000000000000000000e+00 0.000000000000000000e+00 0.000000000000000000e+00 1.000000000000000000e+00
4.368214905261993408e-01 8.973755836486816406e-01 -6.248215213418006897e-02 1.826720125973224640e-02
-2.193181365728378296e-01 3.888043016195297241e-02 -9.748783111572265625e-01 3.183990418910980225e-01
-8.724027872085571289e-01 4.395511746406555176e-01 2.137945443391799927e-01 -6.943723652511835098e-03
0.000000000000000000e+00 0.000000000000000000e+00 0.000000000000000000e+00 1.000000000000000000e+00
3.086273372173309326e-01 9.465220570564270020e-01 9.404888004064559937e-02 -2.604863233864307404e-02
-2.630499899387359619e-01 1.799522340297698975e-01 -9.478510618209838867e-01 3.197340667247772217e-01
-9.140862226486206055e-01 2.677931487560272217e-01 3.045210242271423340e-01 -4.087568074464797974e-02
0.000000000000000000e+00 0.000000000000000000e+00 0.000000000000000000e+00 1.000000000000000000e+00
3.096589148044586182e-01 9.506192207336425781e-01 -2.083622850477695465e-02 1.293622609227895737e-02
-3.761207461357116699e-01 1.023344397544860840e-01 -9.209024310111999512e-01 3.134637773036956787e-01
-8.732951283454895020e-01 2.930025160312652588e-01 3.892365097999572754e-01 -6.702429056167602539e-02
0.000000000000000000e+00 0.000000000000000000e+00 0.000000000000000000e+00 1.000000000000000000e+00
2.784579694271087646e-01 9.598084092140197754e-01 -3.505081683397293091e-02 2.321608178317546844e-02
-4.667950570583343506e-01 1.033513247966766357e-01 -8.783056139945983887e-01 3.033771514892578125e-01
-8.393825888633728027e-01 2.609326541423797607e-01 4.768129289150238037e-01 -9.800899028778076172e-02
0.000000000000000000e+00 0.000000000000000000e+00 0.000000000000000000e+00 1.000000000000000000e+00
1.672977358102798462e-01 9.841846227645874023e-01 -5.824052914977073669e-02 3.552274778485298157e-02
-4.800221920013427734e-01 2.971404045820236206e-02 -8.767530322074890137e-01 3.022799491882324219e-01
-8.611561655998229980e-01 1.746354252099990845e-01 4.774016439914703369e-01 -9.958454966545104980e-02
