1.000000000000000000e+00 0.000000000000000000e+00 0.000000000000000000e+00 -3.619798645377159119e-02
0.000000000000000000e+00 1.000000000000000000e+00 0.000000000000000000e+00 -1.327119767665863037e-03
0.000000000000000000e+00 0.000000000000000000e+00 1.000000000000000000e+00 -2.960163652896881104e-01
0.000000000000000000e+00 0.000000000000000000e+00 0.000000000000000000e+00 1.000000000000000000e+00
9.898257851600646973e-01 1.407888829708099365e-01 2.056977897882461548e-02 -4.557030275464057922e-02
-1.393922418355941772e-01 9.885209798812866211e-01 -5.827423185110092163e-02 2.896798960864543915e-02
-2.853807993233203888e-02 5.481406301259994507e-02 9.980888366699218750e-01 -2.963484823703765869e-01
0.000000000000000000e+00 0.000000000000000000e+00 0.000000000000000000e+00 1.000000000000000000e+00
9.709368944168090820e-01 2.364639937877655029e-01 3.696388751268386841e-02 -5.072494223713874817e-02
-2.317114323377609253e-01 9.673999547958374023e-01 -1.022102534770965576e-01 5.334554240107536316e-02
-5.992794781923294067e-02 9.067471325397491455e-02 9.940754771232604980e-01 -2.944441437721252441e-01
0.000000000000000000e+00 0.000000000000000000e+00 0.000000000000000000e+00 1.000000000000000000e+00
9.388851523399353027e-01 3.385511338710784912e-01 6.226709112524986267e-02 -5.736915767192840576e-02
-3.272554278373718262e-01 9.339651465415954590e-01 -1.435705572366714478e-01 7.473102957010269165e-02
-1.067613735795021057e-01 1.144189834594726562e-01 9.876792430877685547e-01 -2.901584506034851074e-01
0.000000000000000000e+00 0.000000000000000000e+00 0.000000000000000000e+00 1.000000000000000000e+00
8.928502202033996582e-01 4.502060711383819580e-01 1.153015997260808945e-02 -3.645726665854454041e-02
-4.422671496868133545e-01 8.813610672950744629e-01 -1.661387681961059570e-01 8.861672133207321167e-02
-8.495898544788360596e-02 1.432376354932785034e-01 9.860351085662841797e-01 -2.904739081859588623e-01
0.000000000000000000e+00 0.000000000000000000e+00 0.000000000000000000e+00 1.000000000000000000e+00
8.289052248001098633e-01 5.593054294586181641e-01 -9.693155996501445770e-03 -2.382211945950984955e-02
-5.505099892616271973e-01 8.125501275062561035e-01 -1.915749609470367432e-01 1.031216830015182495e-01
-9.927280992269515991e-02 1.641336083412170410e-01 9.814301729202270508e-01 -2.889675199985504150e-01
0.000000000000000000e+00 0.000000000000000000e+00 0.000000000000000000e+00 1.000000000000000000e+00
7.518749833106994629e-01 6.585455536842346191e-01 -3.165287151932716370e-02 -1.029423065483570099e-02
-6.533958315849304199e-01 7.378621101379394531e-01 -1.692139059305191040e-01 9.994806349277496338e-02
-8.807958662509918213e-02 1.479094177484512329e-01 9.850707650184631348e-01 -2.924440205097198486e-01
0.000000000000000000e+00 0.000000000000000000e+00 0.000000000000000000e+00 1.000000000000000000e+00
6.899919509887695312e-01 7.199153900146484375e-01 -7.505381852388381958e-02 7.013778202235698700e-03
-7.230029702186584473e-01 6.805835366249084473e-01 -1.186279281973838806e-01 8.345212787389755249e-02
-3.432170301675796509e-02 1.361164748668670654e-01 9.900982975959777832e-01 -2.988486886024475098e-01
0.000000000000000000e+00 0.000000000000000000e+00 0.000000000000000000e+00 1.000000000000000000e+00
5.863798260688781738e-01 8.096740245819091797e-01 -2.421803586184978485e-02 -5.336479283869266510e-03
-8.086868524551391602e-01 5.834161639213562012e-01 -7.517778873443603516e-02 6.984535604715347290e-02
-4.674029722809791565e-02 6.366752088069915771e-02 9.968759417533874512e-01 -3.066934049129486084e-01
0.000000000000000000e+00 0.000000000000000000e+00 0.000000000000000000e+00 1.000000000000000000e+00
5.014632344245910645e-01 8.640504479408264160e-01 -4.417100548744201660e-02 5.408084485679864883e-03
-8.647440671920776367e-01 4.989394545555114746e-01 -5.724279209971427917e-02 6.438180059194564819e-02
-2.742205001413822174e-02 6.690175086259841919e-02 9.973832368850708008e-01 -3.102982938289642334e-01
0.000000000000000000e+00 0.000000000000000000e+00 0.000000000000000000e+00 1.000000000000000000e+00
4.011241197586059570e-01 9.150872230529785156e-01 -4.141545668244361877e-02 9.627781808376312256e-03
-9.159703850746154785e-01 4.011771380901336670e-01 -7.386997807770967484e-03 4.657820984721183777e-02
9.855186566710472107e-03 4.089844599366188049e-02 9.991146326065063477e-01 -3.151506781578063965e-01
0.000000000000000000e+00 0.000000000000000000e+00 0.000000000000000000e+00 1.000000000000000000e+00
2.964367568492889404e-01 9.543623924255371094e-01 -3.629055991768836975e-02 1.271932758390903473e-02
-9.542068243026733398e-01 2.975590527057647705e-01 3.078439272940158844e-02 3.238250315189361572e-02
4.017807170748710632e-02 2.550310268998146057e-02 9.988672137260437012e-01 -3.177922368049621582e-01
0.000000000000000000e+00 0.000000000000000000e+00 0.000000000000000000e+00 1.000000000000000000e+00
1.767895221710205078e-01 9.818954467773437500e-01 -6.802202761173248291e-02 2.813988737761974335e-02
-9.822163581848144531e-01 1.804416477680206299e-01 5.188473314046859741e-02 2.408546581864356995e-02
6.321936100721359253e-02 5.763966590166091919e-02 9.963336586952209473e-01 -3.183460533618927002e-01
0.000000000000000000e+00 0.000000000000000000e+00 0.000000000000000000e+00 1.000000000000000000e+00
9.845665842294692993e-02 9.921206235885620117e-01 -7.747963815927505493e-02 3.421418741345405579e-02
-9.910900592803955078e-01 1.047765240073204041e-01 8.223401010036468506e-02 1.240487396717071533e-02
8.970410376787185669e-02 6.869279593229293823e-02 9.935966730117797852e-01 -3.176093399524688721e-01
0.000000000000000000e+00 0.000000000000000000e+00 0.000000000000000000e+00 1.000000000000000000e+00
1.466810051351785660e-02 9.967665076255798340e-01 -7.900433242321014404e-02 4.007809236645698547e-02
-9.974524974822998047e-01 2.010331302881240845e-02 6.844692677259445190e-02 1.921538636088371277e-02
6.981386244297027588e-02 7.779902964830398560e-02 9.945218563079833984e-01 -3.118185698986053467e-01
0.000000000000000000e+00 0.000000000000000000e+00 0.000000000000000000e+00 1.000000000000000000e+00
-8.653807640075683594e-02 9.001798033714294434e-01 -4.268336594104766846e-01 1.606735885143280029e-01
-9.914922118186950684e-01 -3.600437939167022705e-02 1.250876039266586304e-01 3.025630721822381020e-04
9.723334759473800659e-02 4.340272247791290283e-01 8.956369757652282715e-01 -2.735821902751922607e-01
0.000000000000000000e+00 0.000000000000000000e+00 0.000000000000000000e+00 1.000000000000000000e+00
-1.623738557100296021e-01 8.804979324340820312e-01 -4.453735053539276123e-01 1.685866266489028931e-01
-9.770042896270751953e-01 -8.025116473436355591e-02 1.975396424531936646e-01 -2.468083426356315613e-02
1.381915360689163208e-01 4.672069251537322998e-01 8.732813000679016113e-01 -2.679893672466278076e-01
0.000000000000000000e+00 0.000000000000000000e+00 0.000000000000000000e+00 1.000000000000000000e+00
-1.381020694971084595e-01 8.206191658973693848e-01 -5.545376539230346680e-01 1.971931606531143188e-01
-9.903332591056823730e-01 -1.217510774731636047e-01 6.646218150854110718e-02 1.731470227241516113e-02
-1.297540217638015747e-02 5.583553910255432129e-01 8.295001387596130371e-01 -2.463206052780151367e-01
0.000000000000000000e+00 0.000000000000000000e+00 0.000000000000000000e+00 1.000000000000000000e+00
-8.262230455875396729e-02 7.481054663658142090e-01 -6.584160327911376953e-01 2.195895910263061523e-01
-9.949860572814941406e-01 -2.456475235521793365e-02 9.694637358188629150e-02 1.092348527163267136e-02
5.635229498147964478e-02 6.631248593330383301e-01 7.463843226432800293e-01 -2.297846525907516479e-01
0.000000000000000000e+00 0.000000000000000000e+00 0.000000000000000000e+00 1.000000000000000000e+00
-5.888285487890243530e-02 5.723888874053955078e-01 -8.178653717041015625e-01 2.665981352329254150e-01
-9.850579500198364258e-01 9.951204061508178711e-02 1.405641138553619385e-01 -2.339002443477511406e-03
1.618449091911315918e-01 8.139218688011169434e-01 5.579767227172851562e-01 -1.704000085592269897e-01
0.000000000000000000e+00 0.000000000000000000e+00 0.000000000000000000e+00 1.000000000000000000e+00
-1.211334466934204102e-01 4.285834133625030518e-01 -8.953454494476318359e-01 2.893328368663787842e-01
-9.854478836059570312e-01 5.643293261528015137e-02 1.603370159864425659e-01 -1.289375871419906616e-02
1.192445829510688782e-01 9.017379283905029297e-01 4.155105352401733398e-01 -1.206957027316093445e-01
0.000000000000000000e+00 0.000000000000000000e+00 0.000000000000000000e+00 1.000000000000000000e+00
-1.908904314041137695e-01 3.231967091560363770e-01 -9.268789887428283691e-01 3.006602525711059570e-01
-9.756860733032226562e-01 4.111736640334129333e-02 2.152796387672424316e-01 -3.056637011468410492e-02
1.076884865760803223e-01 9.454377889633178711e-01 3.074898123741149902e-01 -8.630817383527755737e-02
0.000000000000000000e+00 0.000000000000000000e+00 0.000000000000000000e+00 1.000000000000000000e+00
-2.752725481986999512e-01 1.876568347215652466e-01 -9.428732991218566895e-01 3.091212213039398193e-01
-9.591675400733947754e-01 1.267837733030319214e-02 2.825529873371124268e-01 -5.282808467745780945e-02
6.497704982757568359e-02 9.821529388427734375e-01 1.765045225620269775e-01 -4.294397681951522827e-02
0.000000000000000000e+00 0.000000000000000000e+00 0.000000000000000000e+00 1.000000000000000000e+00
-1.671587973833084106e-01 -8.523746132850646973e-01 -4.954956471920013428e-01 1.606935113668441772e-01
-9.482046961784362793e-01 1.294434536248445511e-03 3.176568150520324707e-01 -6.206130981445312500e-02
-2.701210975646972656e-01 5.229309797286987305e-01 -8.084415197372436523e-01 2.838571667671203613e-01
0.000000000000000000e+00 0.000000000000000000e+00 0.000000000000000000e+00 1.000000000000000000e+00
-1.703342348337173462e-01 -8.743619322776794434e-01 -4.543987810611724854e-01 1.470354050397872925e-01
-9.681735038757324219e-01 6.268762052059173584e-02 2.423011213541030884e-01 -3.866253793239593506e-02
-1.833736896514892578e-01 4.812093079090118408e-01 -8.572117686271667480e-01 2.942448258399963379e-01
0.000000000000000000e+00 0.000000000000000000e+00 0.000000000000000000e+00 1.000000000000000000e+00
-8.352299034595489502e-02 -8.689836263656616211e-01 -4.877401590347290039e-01 1.503665298223495483e-01
-9.894919395446777344e-01 1.435455959290266037e-02 1.438718289136886597e-01 -4.958617500960826874e-03
-1.180210709571838379e-01 4.946317076683044434e-01 -8.610513806343078613e-01 2.911361157894134521e-01
0.000000000000000000e+00 0.000000000000000000e+00 0.000000000000000000e+00 1.000000000000000000e+00
2.791317552328109741e-02 -8.697438240051269531e-01 -4.927127063274383545e-01 1.423479169607162476e-01
-9.988572597503662109e-01 -4.339545592665672302e-02 2.001562714576721191e-02 3.724441677331924438e-02
-3.879005089402198792e-02 4.915912449359893799e-01 -8.699616193771362305e-01 2.884804606437683105e-01
0.000000000000000000e+00 0.000000000000000000e+00 0.000000000000000000e+00 1.000000000000000000e+00
4.994450137019157410e-02 -8.751749396324157715e-01 -4.812215566635131836e-01 1.362146437168121338e-01
-9.948897361755371094e-01 -1.265258411876857281e-03 -1.009554862976074219e-01 7.573601603507995605e-02
8.774489164352416992e-02 4.838046133518218994e-01 -8.707657456398010254e-01 2.801356017589569092e-01
0.000000000000000000e+00 0.000000000000000000e+00 0.000000000000000000e+00 1.000000000000000000e+00
2.538600191473960876e-02 -8.852912783622741699e-01 -4.643437266349792480e-01 1.349311321973800659e-01
-9.828329086303710938e-01 6.280653923749923706e-02 -1.734756976366043091e-01 9.090606868267059326e-02
1.827405840158462524e-01 4.607757329940795898e-01 -8.684995770454406738e-01 2.758106291294097900e-01
0.000000000000000000e+00 0.000000000000000000e+00 0.000000000000000000e+00 1.000000000000000000e+00
-4.275313392281532288e-02 -8.845084905624389648e-01 -4.645595848560333252e-01 1.421955525875091553e-01
-9.952921271324157715e-01 7.818704843521118164e-02 -5.726937577128410339e-02 5.388791114091873169e-02
8.697785437107086182e-02 4.599248468875885010e-01 -8.836881518363952637e-01 2.961538732051849365e-01
0.000000000000000000e+00 0.000000000000000000e+00 0.000000000000000000e+00 1.000000000000000000e+00
-4.245774820446968079e-02 -8.800801634788513184e-01 -4.729230701923370361e-01 1.426886767148971558e-01
-9.923121929168701172e-01 -1.792947389185428619e-02 1.224525570869445801e-01 -3.438230371102690697e-03
-1.162473931908607483e-01 4.744865000247955322e-01 -8.725533485412597656e-01 3.108560740947723389e-01
0.000000000000000000e+00 0.000000000000000000e+00 0.000000000000000000e+00 1.000000000000000000e+00
1.396663486957550049e-01 -8.631166815757751465e-01 -4.853070080280303955e-01 1.329924315214157104e-01
-9.836592078208923340e-01 -1.771715432405471802e-01 3.201207891106605530e-02 2.439016476273536682e-02
-1.136128306388854980e-01 4.729056060314178467e-01 -8.737578392028808594e-01 3.129687607288360596e-01
0.000000000000000000e+00 0.000000000000000000e+00 0.000000000000000000e+00 1.000000000000000000e+00
2.312321811914443970e-01 -8.088388442993164062e-01 -5.406577587127685547e-01 1.369380056858062744e-01
-9.447215199470520020e-01 -3.194464147090911865e-01 7.385606318712234497e-02 1.034092251211404800e-02
-2.324490547180175781e-01 4.936934411525726318e-01 -8.379941582679748535e-01 3.064916729927062988e-01
0.000000000000000000e+00 0.000000000000000000e+00 0.000000000000000000e+00 1.000000000000000000e+00
3.448576033115386963e-01 -7.449450492858886719e-01 -5.710783004760742188e-01 1.311795860528945923e-01
-9.081624150276184082e-01 -4.186109900474548340e-01 -2.353881252929568291e-03 3.269097208976745605e-02
-2.373061478137969971e-01 5.194432139396667480e-01 -8.208920359611511230e-01 2.952777445316314697e-01
0.000000000000000000e+00 0.000000000000000000e+00 0.000000000000000000e+00 1.000000000000000000e+00
3.655367195606231689e-01 -7.428293228149414062e-01 -5.608815550804138184e-01 1.257718652486801147e-01
-9.191003441810607910e-01 -3.832815885543823242e-01 -9.137772768735885620e-02 6.225900724530220032e-02
-1.470974832773208618e-01 5.489079356193542480e-01 -8.228375911712646484e-01 2.871314585208892822e-01
0.000000000000000000e+00 0.000000000000000000e+00 0.000000000000000000e+00 1.000000000000000000e+00
3.789258897304534912e-01 -7.393532991409301758e-01 -5.565713644027709961e-01 1.238054558634757996e-01
-9.231705069541931152e-01 -3.439698219299316406e-01 -1.715823709964752197e-01 8.791213482618331909e-02
-6.458386778831481934e-02 5.788274407386779785e-01 -8.128883838653564453e-01 2.769076526165008545e-01
0.000000000000000000e+00 0.000000000000000000e+00 0.000000000000000000e+00 1.000000000000000000e+00
5.423421263694763184e-01 -6.365712881088256836e-01 -5.483074188232421875e-01 1.159622371196746826e-01
-8.381514549255371094e-01 -4.550143778324127197e-01 -3.007716238498687744e-01 1.226259917020797729e-01
-5.802533775568008423e-02 6.226861476898193359e-01 -7.803169488906860352e-01 2.651185691356658936e-01
0.000000000000000000e+00 0.000000000000000000e+00 0.000000000000000000e+00 1.000000000000000000e+00
6.940938234329223633e-01 -4.487179517745971680e-01 -5.629262924194335938e-01 1.153649911284446716e-01
-7.048037052154541016e-01 -5.827982425689697266e-01 -4.044717550277709961e-01 1.522133350372314453e-01
-1.465788185596466064e-01 6.774938702583312988e-01 -7.207748293876647949e-01 2.608774602413177490e-01
0.000000000000000000e+00 0.000000000000000000e+00 0.000000000000000000e+00 1.000000000000000000e+00
7.243246436119079590e-01 -3.667439520359039307e-01 -5.838257074356079102e-01 1.175434887409210205e-01
-6.402199268341064453e-01 -6.720381379127502441e-01 -3.721331655979156494e-01 1.397466957569122314e-01
-2.558756470680236816e-01 6.433222293853759766e-01 -7.215700745582580566e-01 2.715689539909362793e-01
0.000000000000000000e+00 0.000000000000000000e+00 0.000000000000000000e+00 1.000000000000000000e+00
7.734706401824951172e-01 -2.947410643100738525e-01 -5.611338019371032715e-01 1.148798242211341858e-01
-5.667080283164978027e-01 -7.180870175361633301e-01 -4.039716422557830811e-01 1.432310342788696289e-01
-2.838759124279022217e-01 6.304592490196228027e-01 -7.224509119987487793e-01 2.705502212047576904e-01
0.000000000000000000e+00 0.000000000000000000e+00 0.000000000000000000e+00 1.000000000000000000e+00
7.687914371490478516e-01 -2.754851877689361572e-01 -5.771196484565734863e-01 1.268440485000610352e-01
-5.336503386497497559e-01 -7.736521363258361816e-01 -3.415859639644622803e-01 1.157143563032150269e-01
-3.523876667022705078e-01 5.705882310867309570e-01 -7.417894005775451660e-01 2.812610864639282227e-01
0.000000000000000000e+00 0.000000000000000000e+00 0.000000000000000000e+00 1.000000000000000000e+00
7.505975961685180664e-01 -3.692874014377593994e-01 -5.479324460029602051e-01 1.264817714691162109e-01
-5.813251137733459473e-01 -7.632676362991333008e-01 -2.819262146949768066e-01 9.353220462799072266e-02
-3.141074180603027344e-01 5.301408171653747559e-01 -7.875832319259643555e-01 2.936191856861114502e-01
0.000000000000000000e+00 0.000000000000000000e+00 0.000000000000000000e+00 1.000000000000000000e+00
8.258892893791198730e-01 -2.208092957735061646e-01 -5.187968015670776367e-01 1.206777915358543396e-01
-5.237691402435302734e-01 -6.411014795303344727e-01 -5.609408020973205566e-01 1.815953850746154785e-01
-2.087404727935791016e-01 7.350049018859863281e-01 -6.451318264007568359e-01 2.540479004383087158e-01
0.000000000000000000e+00 0.000000000000000000e+00 0.000000000000000000e+00 1.000000000000000000e+00
8.593400716781616211e-01 -1.450772136449813843e-01 -4.903944432735443115e-01 1.107582822442054749e-01
-4.745413661003112793e-01 -5.836765766143798828e-01 -6.588860750198364258e-01 2.137971669435501099e-01
-1.906427741050720215e-01 7.989199161529541016e-01 -5.704220533370971680e-01 2.287209481000900269e-01
0.000000000000000000e+00 0.000000000000000000e+00 0.000000000000000000e+00 1.000000000000000000e+00
8.868354558944702148e-01 -6.987861543893814087e-02 -4.567713439464569092e-01 9.940821677446365356e-02
-4.241760373115539551e-01 -5.152186751365661621e-01 -7.447307109832763672e-01 2.421426624059677124e-01
-1.832965314388275146e-01 8.542049527168273926e-01 -4.865553975105285645e-01 2.011314630508422852e-01
0.000000000000000000e+00 0.000000000000000000e+00 0.000000000000000000e+00 1.000000000000000000e+00
8.954740762710571289e-01 9.967412054538726807e-02 -4.338100552558898926e-01 9.406719356775283813e-02
-3.558789491653442383e-01 -4.250585734844207764e-01 -8.322712182998657227e-01 2.707883417606353760e-01
-2.673506140708923340e-01 8.996608853340148926e-01 -3.451570570468902588e-01 1.588741391897201538e-01
0.000000000000000000e+00 0.000000000000000000e+00 0.000000000000000000e+00 1.000000000000000000e+00
9.360641241073608398e-01 -3.239162564277648926e-01 -1.373388767242431641e-01 -1.022591162472963333e-02
-2.428998351097106934e-01 -3.125814199447631836e-01 -9.183094501495361328e-01 2.935644388198852539e-01
2.545258700847625732e-01 8.929561376571655273e-01 -3.712755739688873291e-01 1.356569379568099976e-01
0.000000000000000000e+00 0.000000000000000000e+00 0.000000000000000000e+00 1.000000000000000000e+00
9.670338630676269531e-01 -2.159920036792755127e-01 -1.348807811737060547e-01 -1.082116924226284027e-02
-1.843736320734024048e-01 -2.285290658473968506e-01 -9.559190273284912109e-01 3.031381964683532715e-01
1.756466627120971680e-01 9.492747187614440918e-01 -2.608185708522796631e-01 1.028211414813995361e-01
0.000000000000000000e+00 0.000000000000000000e+00 0.000000000000000000e+00 1.000000000000000000e+00
9.805066585540771484e-01 -1.465514004230499268e-01 -1.308794617652893066e-01 -1.201657671481370926e-02
-1.487445533275604248e-01 -1.184066459536552429e-01 -9.817611575126647949e-01 3.094970285892486572e-01
1.283814460039138794e-01 9.820910096168518066e-01 -1.378971785306930542e-01 6.352379173040390015e-02
0.000000000000000000e+00 0.000000000000000000e+00 0.000000000000000000e+00 1.000000000000000000e+00
9.673104286193847656e-01 -2.221423536539077759e-01 -1.223253607749938965e-01 -1.570349745452404022e-02
-1.386993527412414551e-01 -5.961029976606369019e-02 -9.885389208793640137e-01 3.100679516792297363e-01
2.123045921325683594e-01 9.731906652450561523e-01 -8.847270905971527100e-02 4.117917641997337341e-02
0.000000000000000000e+00 0.000000000000000000e+00 0.000000000000000000e+00 1.000000000000000000e+00
9.783347249031066895e-01 1.839849054813385010e-01 -9.492744505405426025e-02 -2.021672204136848450e-02
-1.022638306021690369e-01 3.078343719244003296e-02 -9.942808151245117188e-01 3.089078664779663086e-01
-1.800105720758438110e-01 9.824466109275817871e-01 4.893146455287933350e-02 1.452770363539457321e-02
0.000000000000000000e+00 0.000000000000000000e+00 0.000000000000000000e+00 1.000000000000000000e+00
9.975035786628723145e-01 2.979377657175064087e-02 -6.402681022882461548e-02 -3.241974860429763794e-02
-6.721580028533935547e-02 1.224794387817382812e-01 -9.901924133300781250e-01 3.035335540771484375e-01
-2.165959589183330536e-02 9.920237064361572266e-01 1.241761371493339539e-01 -2.183529548346996307e-02
0.000000000000000000e+00 0.000000000000000000e+00 0.000000000000000000e+00 1.000000000000000000e+00
9.825835824012756348e-01 1.002063676714897156e-01 -1.564872711896896362e-01 -5.602210760116577148e-03
-1.713285744190216064e-01 1.624906063079833984e-01 -9.717219471931457520e-01 3.055464029312133789e-01
-7.194501161575317383e-02 9.816086292266845703e-01 1.768287867307662964e-01 -2.561475522816181183e-02
0.000000000000000000e+00 0.000000000000000000e+00 0.000000000000000000e+00 1.000000000000000000e+00
6.476991772651672363e-01 7.603012323379516602e-01 -4.927210509777069092e-02 -7.826576940715312958e-03
-2.728815376758575439e-01 1.711148023605346680e-01 -9.467077851295471191e-01 3.077580332756042480e-01
-7.113521695137023926e-01 6.266272068023681641e-01 3.183030188083648682e-01 -3.568818047642707825e-02
0.000000000000000000e+00 0.000000000000000000e+00 0.000000000000000000e+00 1.000000000000000000e+00
5.559124350547790527e-01 8.311406970024108887e-01 -1.293700281530618668e-02 -6.019621621817350388e-03
-3.708237409591674805e-01 2.340382933616638184e-01 -8.987298607826232910e-01 3.075137734413146973e-01
-7.439429163932800293e-01 5.044124722480773926e-01 4.383116066455841064e-01 -7.045841962099075317e-02
0.000000000000000000e+00 0.000000000000000000e+00 0.000000000000000000e+00 1.000000000000000000e+00
5.704485177993774414e-01 8.189724683761596680e-01 6.222809851169586182e-02 -3.133486956357955933e-02
-3.920619487762451172e-01 3.380953371524810791e-01 -8.555570840835571289e-01 2.999100685119628906e-01
-7.217167615890502930e-01 4.636545181274414062e-01 5.139539241790771484e-01 -9.694383293390274048e-02
0.000000000000000000e+00 0.000000000000000000e+00 0.000000000000000000e+00 1.000000000000000000e+00
8.878689408302307129e-01 1.960332095623016357e-01 -4.162451922893524170e-01 8.415380865335464478e-02
-4.597864747047424316e-01 4.112550616264343262e-01 -7.870612144470214844e-01 2.882376313209533691e-01
1.689267158508300781e-02 8.901908397674560547e-01 4.552739262580871582e-01 -1.133627817034721375e-01
0.000000000000000000e+00 0.000000000000000000e+00 0.000000000000000000e+00 1.000000000000000000e+00
8.754792809486389160e-01 1.694708913564682007e-01 -4.525664448738098145e-01 9.572246670722961426e-02
-4.720180630683898926e-01 5.006668567657470703e-01 -7.256245017051696777e-01 2.700595259666442871e-01
1.036126762628555298e-01 8.488887548446655273e-01 5.183167457580566406e-01 -1.410804688930511475e-01
0.000000000000000000e+00 0.000000000000000000e+00 0.000000000000000000e+00 1.000000000000000000e+00
8.629313111305236816e-01 1.581576615571975708e-01 -4.799324572086334229e-01 1.051596924662590027e-01
-4.750901758670806885e-01 5.775018334388732910e-01 -6.639134287834167480e-01 2.533937096595764160e-01
1.721588373184204102e-01 8.009228110313415527e-01 5.734832882881164551e-01 -1.605638414621353149e-01
0.000000000000000000e+00 0.000000000000000000e+00 0.000000000000000000e+00 1.000000000000000000e+00
8.439014554023742676e-01 1.022438406944274902e-01 -5.266653299331665039e-01 1.171734631061553955e-01
-4.461628496646881104e-01 6.789139509201049805e-01 -5.831074714660644531e-01 2.290427833795547485e-01
2.979412674903869629e-01 7.270638346672058105e-01 6.185536980628967285e-01 -1.820802539587020874e-01
0.000000000000000000e+00 0.000000000000000000e+00 0.000000000000000000e+00 1.000000000000000000e+00
8.293732404708862305e-01 1.265124827623367310e-01 -5.441824197769165039e-01 1.245799437165260315e-01
-4.474887847900390625e-01 7.335965037345886230e-01 -5.114569664001464844e-01 2.080925405025482178e-01
3.345048129558563232e-01 6.677045822143554688e-01 6.650390028953552246e-01 -2.004360854625701904e-01
0.000000000000000000e+00 0.000000000000000000e+00 0.000000000000000000e+00 1.000000000000000000e+00
8.029561638832092285e-01 1.607934087514877319e-01 -5.739387273788452148e-01 1.369017064571380615e-01
-4.534657597541809082e-01 7.897241115570068359e-01 -4.131633341312408447e-01 1.790111958980560303e-01
3.868194520473480225e-01 5.920144319534301758e-01 7.070289254188537598e-01 -2.193473577499389648e-01
0.000000000000000000e+00 0.000000000000000000e+00 0.000000000000000000e+00 1.000000000000000000e+00
7.721980214118957520e-01 2.165597081184387207e-01 -5.973377823829650879e-01 1.485498100519180298e-01
-4.599344730377197266e-01 8.391412496566772461e-01 -2.903488576412200928e-01 1.423102766275405884e-01
4.383725225925445557e-01 4.989427030086517334e-01 7.475858926773071289e-01 -2.378646284341812134e-01
0.000000000000000000e+00 0.000000000000000000e+00 0.000000000000000000e+00 1.000000000000000000e+00
7.503736019134521484e-01 2.839906215667724609e-01 -5.968990921974182129e-01 1.523427963256835938e-01
-4.646337926387786865e-01 8.688939213752746582e-01 -1.707007586956024170e-01 1.058017089962959290e-01
4.701647460460662842e-01 4.054290652275085449e-01 7.839468717575073242e-01 -2.543272972106933594e-01
0.000000000000000000e+00 0.000000000000000000e+00 0.000000000000000000e+00 1.000000000000000000e+00
7.301765084266662598e-01 3.576498925685882568e-01 -5.821754336357116699e-01 1.504972726106643677e-01
-4.417822360992431641e-01 8.971173167228698730e-01 -2.962777623906731606e-03 5.311068147420883179e-02
5.212198495864868164e-01 2.593580484390258789e-01 8.130575418472290039e-01 -2.693440616130828857e-01
0.000000000000000000e+00 0.000000000000000000e+00 0.000000000000000000e+00 1.000000000000000000e+00
7.214404344558715820e-01 4.026696979999542236e-01 -5.633658170700073242e-01 1.441152542829513550e-01
-3.785218894481658936e-01 9.105663895606994629e-01 1.661023795604705811e-01 -5.042232573032379150e-03
5.798667073249816895e-01 9.341359138488769531e-02 8.093386292457580566e-01 -2.693579792976379395e-01
0.000000000000000000e+00 0.000000000000000000e+00 0.000000000000000000e+00 1.000000000000000000e+00
7.184205651283264160e-01 4.180044829845428467e-01 -5.560080409049987793e-01 1.405306011438369751e-01
-3.001702725887298584e-01 9.073528051376342773e-01 2.942925393581390381e-01 -5.186834186315536499e-02
6.275109052658081055e-01 -4.452864825725555420e-02 7.773331403732299805e-01 -2.616978585720062256e-01
0.000000000000000000e+00 0.000000000000000000e+00 0.000000000000000000e+00 1.000000000000000000e+00
7.092374563217163086e-01 4.480328261852264404e-01 -5.442873835563659668e-01 1.363566964864730835e-01
-2.441639900207519531e-01 8.803998827934265137e-01 4.065457582473754883e-01 -9.055826067924499512e-02
6.613367199897766113e-01 -1.554420739412307739e-01 7.338061332702636719e-01 -2.499371916055679321e-01
0.000000000000000000e+00 0.000000000000000000e+00 0.000000000000000000e+00 1.000000000000000000e+00
7.000170350074768066e-01 4.724541306495666504e-01 -5.355023741722106934e-01 1.337472945451736450e-01
-1.614674180746078491e-01 8.351653218269348145e-01 5.257630348205566406e-01 -1.346742510795593262e-01
6.956322193145751953e-01 -2.815766930580139160e-01 6.609162092208862305e-01 -2.292442768812179565e-01
0.000000000000000000e+00 0.000000000000000000e+00 0.000000000000000000e+00 1.000000000000000000e+00
6.833546161651611328e-01 5.031446218490600586e-01 -5.290290713310241699e-01 1.324297636747360229e-01
-9.982240200042724609e-02 7.821964621543884277e-01 6.149828433990478516e-01 -1.685201376676559448e-01
7.232298851013183594e-01 -3.674423396587371826e-01 5.847429633140563965e-01 -2.067180573940277100e-01
0.000000000000000000e+00 0.000000000000000000e+00 0.000000000000000000e+00 1.000000000000000000e+00
6.995033621788024902e-01 5.155126452445983887e-01 -4.949155747890472412e-01 1.211866289377212524e-01
-3.866934776306152344e-02 7.188387513160705566e-01 6.941004991531372070e-01 -1.992409378290176392e-01
7.135820388793945312e-01 -4.663874804973602295e-01 5.227648019790649414e-01 -1.880608797073364258e-01
0.000000000000000000e+00 0.000000000000000000e+00 0.000000000000000000e+00 1.000000000000000000e+00
7.121893763542175293e-01 5.140099525451660156e-01 -4.781006276607513428e-01 1.149370670318603516e-01
1.613445580005645752e-02 6.689019203186035156e-01 7.431756854057312012e-01 -2.200410664081573486e-01
7.018020749092102051e-01 -5.369955301284790039e-01 4.680915772914886475e-01 -1.717362403869628906e-01
0.000000000000000000e+00 0.000000000000000000e+00 0.000000000000000000e+00 1.000000000000000000e+00
7.412222623825073242e-01 5.085904598236083984e-01 -4.380925893783569336e-01 1.002482697367668152e-01
5.951233580708503723e-02 6.002826690673828125e-01 7.975707054138183594e-01 -2.419985830783843994e-01
6.686164736747741699e-01 -6.172490715980529785e-01 4.146755635738372803e-01 -1.563367396593093872e-01
0.000000000000000000e+00 0.000000000000000000e+00 0.000000000000000000e+00 1.000000000000000000e+00
8.177402019500732422e-01 4.479071199893951416e-01 -3.614970445632934570e-01 7.112509012222290039e-02
1.061360016465187073e-01 4.999398589134216309e-01 8.595320582389831543e-01 -2.691975831985473633e-01
5.657172799110412598e-01 -7.412418127059936523e-01 3.612818419933319092e-01 -1.374906003475189209e-01
0.000000000000000000e+00 0.000000000000000000e+00 0.000000000000000000e+00 1.000000000000000000e+00
8.936923146247863770e-01 3.563700616359710693e-01 -2.726066708564758301e-01 3.952253982424736023e-02
1.222408115863800049e-01 3.912018239498138428e-01 9.121503233909606934e-01 -2.905614972114562988e-01
4.317072927951812744e-01 -8.485053181648254395e-01 3.060511350631713867e-01 -1.139678061008453369e-01
0.000000000000000000e+00 0.000000000000000000e+00 0.000000000000000000e+00 1.000000000000000000e+00
8.685042262077331543e-01 4.099432826042175293e-01 -2.786521911621093750e-01 4.190077260136604309e-02
1.589030921459197998e-01 3.022285699844360352e-01 9.398977160453796387e-01 -3.034542202949523926e-01
4.695214331150054932e-01 -8.605838418006896973e-01 1.973455101251602173e-01 -8.368013054132461548e-02
0.000000000000000000e+00 0.000000000000000000e+00 0.000000000000000000e+00 1.000000000000000000e+00
9.137751460075378418e-01 3.152872025966644287e-01 -2.561426758766174316e-01 3.143668919801712036e-02
1.964241415262222290e-01 2.089959681034088135e-01 9.579865932464599609e-01 -3.137256801128387451e-01
3.555736839771270752e-01 -9.256969094276428223e-01 1.290452331304550171e-01 -5.728327855467796326e-02
0.000000000000000000e+00 0.000000000000000000e+00 0.000000000000000000e+00 1.000000000000000000e+00
9.583012461662292480e-01 1.692165136337280273e-01 -2.302705198526382446e-01 1.891302876174449921e-02
2.129994183778762817e-01 1.142109036445617676e-01 9.703540205955505371e-01 -3.209738135337829590e-01
1.904993355274200439e-01 -9.789389967918395996e-01 7.340550422668457031e-02 -2.966151386499404907e-02
0.000000000000000000e+00 0.000000000000000000e+00 0.000000000000000000e+00 1.000000000000000000e+00
9.814058542251586914e-01 -4.774313420057296753e-02 -1.859116703271865845e-01 -4.337152640800923109e-04
1.872604191303253174e-01 2.549070492386817932e-02 9.819796085357666016e-01 -3.271436393260955811e-01
-4.214375093579292297e-02 -9.985343813896179199e-01 3.395706042647361755e-02 -1.090101781301200390e-03
0.000000000000000000e+00 0.000000000000000000e+00 0.000000000000000000e+00 1.000000000000000000e+00
9.772236347198486328e-01 1.286239922046661377e-01 -1.687892079353332520e-01 -5.232046823948621750e-03
1.784148365259170532e-01 -6.732304394245147705e-02 9.816493988037109375e-01 -3.311483263969421387e-01
1.149002462625503540e-01 -9.894054532051086426e-01 -8.873814344406127930e-02 3.441296517848968506e-02
0.000000000000000000e+00 0.000000000000000000e+00 0.000000000000000000e+00 1.000000000000000000e+00
9.776426553726196289e-01 1.227751225233078003e-01 -1.707076579332351685e-01 -3.319776151329278946e-03
1.844717860221862793e-01 -1.111446619033813477e-01 9.765329360961914062e-01 -3.319275975227355957e-01
1.009206920862197876e-01 -9.861910343170166016e-01 -1.313083618879318237e-01 5.460716411471366882e-02
0.000000000000000000e+00 0.000000000000000000e+00 0.000000000000000000e+00 1.000000000000000000e+00
9.441119432449340820e-01 3.044108152389526367e-01 -1.264387071132659912e-01 -1.578208990395069122e-02
1.537376791238784790e-01 -6.734488159418106079e-02 9.858139157295227051e-01 -3.332525789737701416e-01
2.915774285793304443e-01 -9.501571655273437500e-01 -1.103805154561996460e-01 3.386115655303001404e-02
0.000000000000000000e+00 0.000000000000000000e+00 0.000000000000000000e+00 1.000000000000000000e+00
9.578071832656860352e-01 2.772960066795349121e-01 -7.558018714189529419e-02 -3.008456341922283173e-02
6.122495606541633606e-02 6.007972732186317444e-02 9.963142871856689453e-01 -3.293720781803131104e-01
2.808147668838500977e-01 -9.589043855667114258e-01 4.056740924715995789e-02 -1.584204100072383881e-02
0.000000000000000000e+00 0.000000000000000000e+00 0.000000000000000000e+00 1.000000000000000000e+00
8.113101124763488770e-01 5.776832103729248047e-01 -8.976560831069946289e-02 -1.678312011063098907e-02
-3.470696508884429932e-02 2.008695900440216064e-01 9.790028929710388184e-01 -3.157786726951599121e-01
5.835847854614257812e-01 -7.911594510078430176e-01 1.830171644687652588e-01 -7.888825237751007080e-02
0.000000000000000000e+00 0.000000000000000000e+00 0.000000000000000000e+00 1.000000000000000000e+00
7.655637860298156738e-01 6.388150453567504883e-01 -7.633708417415618896e-02 -1.410942059010267258e-02
-1.680108755826950073e-01 3.130480051040649414e-01 9.347584247589111328e-01 -2.905249893665313721e-01
6.210349202156066895e-01 -7.027917504310607910e-01 3.469860553741455078e-01 -1.340577155351638794e-01
0.000000000000000000e+00 0.000000000000000000e+00 0.000000000000000000e+00 1.000000000000000000e+00
9.469184875488281250e-01 2.053054273128509521e-01 2.473764121532440186e-01 -1.227249577641487122e-01
-3.118877708911895752e-01 4.001914858818054199e-01 8.617265224456787109e-01 -2.552137672901153564e-01
7.791925221681594849e-02 -8.931384682655334473e-01 4.429809451103210449e-01 -1.393044590950012207e-01
0.000000000000000000e+00 0.000000000000000000e+00 0.000000000000000000e+00 1.000000000000000000e+00
8.847955465316772461e-01 3.932957053184509277e-01 2.499106228351593018e-01 -1.155629903078079224e-01
-4.359338879585266113e-01 5.091708302497863770e-01 7.420958876609802246e-01 -2.067947536706924438e-01
1.646159589290618896e-01 -7.655475735664367676e-01 6.219632029533386230e-01 -1.983328610658645630e-01
0.000000000000000000e+00 0.000000000000000000e+00 0.000000000000000000e+00 1.000000000000000000e+00
8.076926469802856445e-01 5.287033319473266602e-01 2.609699964523315430e-01 -1.085954084992408752e-01
-5.687751173973083496e-01 5.820727348327636719e-01 5.811077952384948730e-01 -1.468354761600494385e-01
1.553300023078918457e-01 -6.177893877029418945e-01 7.708491086959838867e-01 -2.409971058368682861e-01
0.000000000000000000e+00 0.000000000000000000e+00 0.000000000000000000e+00 1.000000000000000000e+00
7.336925268173217773e-01 6.157070994377136230e-01 2.874018549919128418e-01 -1.070929542183876038e-01
-6.746794581413269043e-01 6.099345684051513672e-01 4.156767427921295166e-01 -8.915462344884872437e-02
8.063902705907821655e-02 -4.988830685615539551e-01 8.629093170166015625e-01 -2.632900774478912354e-01
0.000000000000000000e+00 0.000000000000000000e+00 0.000000000000000000e+00 1.000000000000000000e+00
6.626812815666198730e-01 7.208396792411804199e-01 2.030854374170303345e-01 -6.989664584398269653e-02
-7.455048561096191406e-01 6.091589927673339844e-01 2.704570293426513672e-01 -4.077279195189476013e-02
7.124482095241546631e-02 -3.306280672550201416e-01 9.410681724548339844e-01 -2.821936607360839844e-01
0.000000000000000000e+00 0.000000000000000000e+00 0.000000000000000000e+00 1.000000000000000000e+00
6.868945360183715820e-01 7.074038982391357422e-01 1.665986776351928711e-01 -5.916283652186393738e-02
-7.263112664222717285e-01 6.601685285568237305e-01 1.914395391941070557e-01 -1.318493857979774475e-02
2.544191479682922363e-02 -2.525015473365783691e-01 9.672620892524719238e-01 -2.848447263240814209e-01
0.000000000000000000e+00 0.000000000000000000e+00 0.000000000000000000e+00 1.000000000000000000e+00
6.962309479713439941e-01 6.968185901641845703e-01 1.723550558090209961e-01 -6.169978156685829163e-02
-7.123199105262756348e-01 7.003465890884399414e-01 4.597999900579452515e-02 3.193018957972526550e-02
-8.866852521896362305e-02 -1.547846943140029907e-01 9.839612841606140137e-01 -2.798033654689788818e-01
0.000000000000000000e+00 0.000000000000000000e+00 0.000000000000000000e+00 1.000000000000000000e+00
6.764813065528869629e-01 7.197899222373962402e-01 1.558042615652084351e-01 -5.506172776222229004e-02
-7.252157330513000488e-01 6.879016160964965820e-01 -2.920248359441757202e-02 5.273112654685974121e-02
-1.281977146863937378e-01 -9.323689341545104980e-02 9.873561263084411621e-01 -2.757276296615600586e-01
0.000000000000000000e+00 0.000000000000000000e+00 0.000000000000000000e+00 1.000000000000000000e+00
6.660528182983398438e-01 7.344071865081787109e-01 1.304583996534347534e-01 -4.598668590188026428e-02
-7.305086851119995117e-01 6.776025891304016113e-01 -8.492092043161392212e-02 6.658539175987243652e-02
-1.507654041051864624e-01 -3.873924165964126587e-02 9.878101348876953125e-01 -2.717712223529815674e-01
0.000000000000000000e+00 0.000000000000000000e+00 0.000000000000000000e+00 1.000000000000000000e+00
5.921527743339538574e-01 7.919758558273315430e-01 1.487596780061721802e-01 -4.437113180756568909e-02
-7.577422857284545898e-01 6.100630760192871094e-01 -2.316231429576873779e-01 1.090686768293380737e-01
-2.741927504539489746e-01 2.443474717438220978e-02 9.613642692565917969e-01 -2.571523189544677734e-01
0.000000000000000000e+00 0.000000000000000000e+00 0.000000000000000000e+00 1.000000000000000000e+00
5.914998650550842285e-01 7.910126447677612305e-01 1.562921255826950073e-01 -4.584020748734474182e-02
-6.762853860855102539e-01 5.922572016716003418e-01 -4.380291402339935303e-01 1.661335378885269165e-01
-4.390517473220825195e-01 1.533959656953811646e-01 8.852702975273132324e-01 -2.237878441810607910e-01
0.000000000000000000e+00 0.000000000000000000e+00 0.000000000000000000e+00 1.000000000000000000e+00
6.090659499168395996e-01 7.753126025199890137e-01 1.671203523874282837e-01 -5.121224001049995422e-02
-6.119011044502258301e-01 5.934097766876220703e-01 -5.229166746139526367e-01 1.885603368282318115e-01
-5.045946240425109863e-01 2.162295579910278320e-01 8.358402252197265625e-01 -2.039256244897842407e-01
0.000000000000000000e+00 0.000000000000000000e+00 0.000000000000000000e+00 1.000000000000000000e+00
6.770497560501098633e-01 7.175046205520629883e-01 1.636780500411987305e-01 -5.550063773989677429e-02
-4.950338304042816162e-01 6.085875034332275391e-01 -6.201307773590087891e-01 2.121908068656921387e-01
-5.445591807365417480e-01 3.388331830501556396e-01 7.672331929206848145e-01 -1.766920834779739380e-01
0.000000000000000000e+00 0.000000000000000000e+00 0.000000000000000000e+00 1.000000000000000000e+00
7.516361474990844727e-01 6.446265578269958496e-01 1.396416276693344116e-01 -5.459026992321014404e-02
-3.924046456813812256e-01 6.072067618370056152e-01 -6.908822655677795410e-01 2.276304513216018677e-01
