0.5890152454376221 0.8064603805541992 -0.05179254338145256 0.002847176976501942 
-0.8075447082519531 0.5849629640579224 -0.0754300057888031 0.06890647113323212 
-0.03053461015224457 0.08625421673059464 0.9958050847053528 -0.3066903650760651 
0 0 0 1 

0.5029784440994263 0.8630644679069519 -0.04617505893111229 0.00588432140648365 
-0.8638665080070496 0.500319242477417 -0.05843989551067352 0.0640103742480278 
-0.02733514085412025 0.06928309053182602 0.9972224831581116 -0.3104596436023712 
0 0 0 1 

0.4073068797588348 0.9111860394477844 -0.06197646632790565 0.01556204911321402 
-0.9131764769554138 0.4073931574821472 -0.01181228645145893 0.04672417789697647 
0.01448560040444136 0.06140668317675591 0.9980077147483826 -0.314571350812912 
0 0 0 1 

0.2930707931518555 0.9533507823944092 -0.0723303034901619 0.02398405596613884 
-0.9549041986465454 0.2956360876560211 0.02751762978732586 0.03292789310216904 
0.04761739820241928 0.0610039047896862 0.997001051902771 -0.3169297873973846 
0 0 0 1 

0.1795627474784851 0.9798204898834229 -0.08779879659414291 0.0340205654501915 
-0.9811977744102478 0.1848029792308807 0.05566318705677986 0.0228914525359869 
0.07076540589332581 0.0761529803276062 0.9945818185806274 -0.3175993859767914 
0 0 0 1 

0.1025453358888626 0.9906855225563049 -0.08958984911441803 0.0378984771668911 
-0.9901725649833679 0.1102705597877502 0.08601323515176773 0.0113321291282773 
0.09509120136499405 0.07988918572664261 0.9922577142715454 -0.3171832263469696 
0 0 0 1 

0.01726432703435421 0.995652437210083 -0.09153322130441666 0.0434453971683979 
-0.9974247813224792 0.02352389879524708 0.06775397062301636 0.01915395632386208 
0.06961262971162796 0.09012776613235474 0.9934943914413452 -0.3112080991268158 
0 0 0 1 

-0.08815431594848633 0.9037498235702515 -0.4188855290412903 0.1572082936763763 
-0.9905092120170593 -0.03501292690634727 0.1329116523265839 -0.001676354906521738 
0.1054524555802345 0.4266267418861389 0.8982591032981873 -0.2751566171646118 
0 0 0 1 

-0.1596124321222305 0.8815664649009705 -0.4442572295665741 0.1670254021883011 
-0.9769353270530701 -0.07639231532812119 0.1994028389453888 -0.02507908456027508 
0.141849011182785 0.4658378064632416 0.873426616191864 -0.26845782995224 
0 0 0 1 

-0.1951605379581451 0.8722453713417053 -0.4484416842460632 0.1702017039060593 
-0.9693034887313843 -0.1018189489841461 0.2237942814826965 -0.03425770625472069 
0.1495436728000641 0.4783520400524139 0.8653414845466614 -0.2658203542232513 
0 0 0 1 

