0.2677707970142365 0.8517113924026489 -0.4504290819168091 0.1378848701715469 
-0.9329943656921387 0.3458923101425171 0.09939806163311005 0.02899831719696522 
0.2404584139585495 0.3936319351196289 0.8872618675231934 -0.2925507128238678 
0 0 0 1 

0.1751553118228912 0.7725687623023987 -0.610293447971344 0.1964934170246124 
-0.9618075489997864 0.2667085826396942 0.06158513948321342 0.04201455414295197 
0.2103492468595505 0.5761979222297668 0.789777934551239 -0.2584240734577179 
0 0 0 1 

0.1353509873151779 0.6731396913528442 -0.7270234823226929 0.2374013066291809 
-0.9730052947998047 0.2287396490573883 0.03064065426588058 0.05254391953349113 
0.186924546957016 0.7032504677772522 0.6859285831451416 -0.2235781401395798 
0 0 0 1 

0.111831471323967 0.5770722627639771 -0.8090001940727234 0.2650282382965088 
-0.9839745759963989 0.1780817061662674 -0.008990501053631306 0.06611577421426773 
0.1388799399137497 0.7970410585403442 0.5877396464347839 -0.1890355497598648 
0 0 0 1 

0.07969087362289429 0.5069042444229126 -0.8583106994628906 0.2834333479404449 
-0.9908310174942017 0.1345223486423492 -0.01254810485988855 0.06777118891477585 
0.1091011688113213 0.851440966129303 0.5129767656326294 -0.1631221175193787 
0 0 0 1 

0.1543808877468109 0.5152375102043152 -0.8430283665657043 0.2717326879501343 
-0.987729012966156 0.1008837968111038 -0.1192218512296677 0.1022403761744499 
0.02362029999494553 0.8510891199111938 0.5244895815849304 -0.1598630249500275 
0 0 0 1 

0.2659490704536438 0.5723482370376587 -0.7756859064102173 0.2422153204679489 
-0.9592345952987671 0.07732051610946655 -0.2718281745910645 0.1494505405426025 
-0.09560392051935196 0.8163572549819946 0.5695794820785522 -0.1641852557659149 
0 0 0 1 

0.3235767781734467 0.613620400428772 -0.7202556729316711 0.221075251698494 
-0.9278295040130615 0.05649134516716003 -0.3687022626399994 0.1776454448699951 
-0.1855548769235611 0.7875779271125793 0.5876142978668213 -0.1632862985134125 
0 0 0 1 

0.3668434023857117 0.6367908716201782 -0.6781765222549438 0.2046353369951248 
-0.8889302015304565 0.02501250989735126 -0.4573594629764557 0.2020792663097382 
-0.2742793560028076 0.7706308364868164 0.5752382278442383 -0.1523671895265579 
0 0 0 1 

0.3849470913410187 0.6423110365867615 -0.6627610921859741 0.1977084428071976 
-0.8621824383735657 -0.005971333011984825 -0.5065627098083496 0.2137770652770996 
-0.3293283581733704 0.766420841217041 0.5514906644821167 -0.1397165954113007 
0 0 0 1 

