0.8732954859733582 0.1433897912502289 -0.4656117558479309 0.09940405189990997 
-0.468645840883255 0.5084189772605896 -0.7224133014678955 0.2692610919475555 
0.1331390738487244 0.8490873575210571 0.5111990571022034 -0.1410211622714996 
0 0 0 1 

0.8594597578048706 0.1306353956460953 -0.4942300021648407 0.108861155807972 
-0.4695063829421997 0.5841569900512695 -0.6620606780052185 0.2526392638683319 
0.2022193372249603 0.8010587096214294 0.5633935332298279 -0.1597376316785812 
0 0 0 1 

0.840132474899292 0.09494984894990921 -0.5340055823326111 0.1191952526569366 
-0.4447193145751953 0.6842035055160522 -0.578005313873291 0.2275713831186295 
0.3104869425296783 0.7230836153030396 0.6170476078987122 -0.1829385459423065 
0 0 0 1 

0.5675653219223022 0.7971076965332031 0.2061280310153961 -0.05911671742796898 
-0.6759964823722839 0.5940787792205811 -0.4360033273696899 0.165588840842247 
-0.4699979722499847 0.1081184893846512 0.8760207295417786 -0.2213067412376404 
0 0 0 1 

0.5821484327316284 0.7835633158683777 0.217098280787468 -0.06429844349622726 
-0.6093952059745789 0.5972357392311096 -0.5214853286743164 0.1881956458091736 
-0.5382756590843201 0.1712832301855087 0.8251795768737793 -0.2009717971086502 
0 0 0 1 

0.6417388319969177 0.7377735376358032 0.2094311565160751 -0.06678001582622528 
-0.497913122177124 0.6085044145584106 -0.6179035902023315 0.2117868065834045 
-0.5833127498626709 0.2922541499137878 0.7578480839729309 -0.1740561872720718 
0 0 0 1 

0.720623254776001 0.6693052649497986 0.1809210032224655 -0.06446835398674011 
-0.3940254747867584 0.6100594401359558 -0.6874381303787231 0.226809173822403 
-0.570478618144989 0.4240963459014893 0.7033464908599854 -0.1546221822500229 
0 0 0 1 

0.786033570766449 0.6004064679145813 0.147184282541275 -0.06005438417196274 
-0.3630963861942291 0.6411014795303345 -0.6761284470558167 0.2224787920713425 
-0.5003120899200439 0.4780175089836121 0.7219327688217163 -0.163149818778038 
0 0 0 1 

0.8634908199310303 0.4923456311225891 0.1094497367739677 -0.05723912268877029 
-0.3015767931938171 0.6779469847679138 -0.6704021096229553 0.2158742845058441 
-0.4042708277702332 0.5458784699440002 0.7338811159133911 -0.1707475334405899 
0 0 0 1 

0.8634983897209167 0.4929169118404388 0.1067876368761063 -0.05457377061247826 
-0.2685548663139343 0.6285870671272278 -0.7299016714096069 0.2263505607843399 
-0.4269064366817474 0.6015903353691101 0.6751589775085449 -0.1515321135520935 
0 0 0 1 

