0.8755336999893188 -0.02175975404679775 -0.4826668500900269 0.1091161519289017 
-0.4311418533325195 -0.4860855638980865 -0.760155975818634 0.2500499784946442 
-0.2180767208337784 0.8736400008201599 -0.4349658787250519 0.1883160173892975 
0 0 0 1 

0.9040730595588684 0.07008820027112961 -0.4215916395187378 0.08858868479728699 
-0.3639069199562073 -0.3910301923751831 -0.8453797101974487 0.2779112160205841 
-0.2241062521934509 0.9177051782608032 -0.3280142843723297 0.1529634296894073 
0 0 0 1 

0.9619565606117249 -0.2021729946136475 -0.1837543249130249 0.005413439124822617 
-0.2361475378274918 -0.2770883440971375 -0.9313733577728271 0.2998285591602325 
0.1373823583126068 0.9393337965011597 -0.3142895996570587 0.1261730790138245 
0 0 0 1 

0.9829385280609131 -0.05337959155440331 -0.1760184317827225 0.004539509303867817 
-0.183115690946579 -0.1937974691390991 -0.9638004302978516 0.3078519701957703 
0.01733535714447498 0.9795882701873779 -0.2002656310796738 0.09396012872457504 
0 0 0 1 

0.9897940754890442 -0.04497455805540085 -0.1352220177650452 -0.008999083191156387 
-0.1384593099355698 -0.07901070266962051 -0.9872113466262817 0.3129479587078094 
0.03371539711952209 0.9958586692810059 -0.08443150669336319 0.05349568277597427 
0 0 0 1 

0.986699640750885 -0.1031876131892204 -0.1256033033132553 -0.01376527175307274 
-0.128555029630661 -0.02244471572339535 -0.9914483428001404 0.3124988973140717 
0.09948606044054031 0.9944086670875549 -0.03541148826479912 0.03282380104064941 
0 0 0 1 

0.9820380806922913 -0.1658494174480438 -0.08997309952974319 -0.02584760636091232 
-0.08053634315729141 0.06278578191995621 -0.9947722554206848 0.3098813593387604 
0.1706314235925674 0.9841503500938416 0.0483010895550251 -0.002150852931663394 
0 0 0 1 

0.9599189162254333 -0.2678228318691254 -0.08262331783771515 -0.02723557315766811 
-0.04392337799072266 0.1474008858203888 -0.988101065158844 0.3032691478729248 
0.2768147587776184 0.9521259665489197 0.1297291666269302 -0.03834307938814163 
0 0 0 1 

0.9703426361083984 -0.1638333797454834 -0.1777465045452118 -0.002563643036410213 
-0.145564392209053 0.191028043627739 -0.970731258392334 0.3058691918849945 
0.1929927468299866 0.9678155183792114 0.1615143269300461 -0.03409827873110771 
0 0 0 1 

0.9638136625289917 -0.1375956833362579 -0.2283213436603546 0.012044464237988 
-0.2017174065113068 0.1835074722766876 -0.9620992541313171 0.3080612421035767 
0.1742793619632721 0.9733408093452454 0.1491115540266037 -0.02574824169278145 
0 0 0 1 

