0.9115555882453918 0.4109008312225342 0.01505860779434443 -0.03855543956160545 
-0.3281844854354858 0.7050150632858276 0.6286877989768982 -0.1753301173448563 
0.2477119714021683 -0.5780258774757385 0.7775118350982666 -0.2163834720849991 
0 0 0 1 

0.9169194102287292 0.3976306021213531 0.03389058262109756 -0.04615682736039162 
-0.2967355847358704 0.6225395798683167 0.7241494059562683 -0.2056717127561569 
0.2668457925319672 -0.6740431189537048 0.6888098120689392 -0.1919384449720383 
0 0 0 1 

0.9247264266014099 0.3764026761054993 0.05658655613660812 -0.0543399378657341 
-0.2699576020240784 0.5437554717063904 0.7946401238441467 -0.2286540865898132 
0.2683354318141937 -0.7501006126403809 0.6044378280639648 -0.166619598865509 
0 0 0 1 

0.9320581555366516 0.358540952205658 0.05211480706930161 -0.05502377450466156 
-0.2292341589927673 0.4721949398517609 0.8511660099029541 -0.2480666935443878 
0.2805695831775665 -0.8052827119827271 0.5223029851913452 -0.1433719545602798 
0 0 0 1 

0.9422140121459961 0.3308504819869995 0.05263756588101387 -0.05813897773623466 
-0.1931837052106857 0.4082099795341492 0.8922132849693298 -0.2619190514087677 
0.2737020552158356 -0.8508245348930359 0.4485360980033875 -0.1228974983096123 
0 0 0 1 

0.9527938365936279 0.2994375824928284 0.05020939186215401 -0.05986306071281433 
-0.1597432047128677 0.3537621200084686 0.9215934872627258 -0.2729941606521606 
0.258197546005249 -0.8861092329025269 0.384895533323288 -0.1034856960177422 
0 0 0 1 

0.9840531945228577 0.1326075494289398 -0.1185515597462654 -0.01843416690826416 
0.06149351969361305 0.3717714250087738 0.9262852072715759 -0.311798483133316 
0.1669065058231354 -0.9188041090965271 0.3576883673667908 -0.100013256072998 
0 0 0 1 

0.9763451814651489 0.2157512903213501 -0.01419325359165668 -0.05419828370213509 
-0.05399061366915703 0.30683633685112 0.9502295851707458 -0.3129135966300964 
0.2093682885169983 -0.9269858002662659 0.3112267553806305 -0.08909260481595993 
0 0 0 1 

0.9108929038047791 0.3992509543895721 0.1042725965380669 -0.09035485237836838 
-0.2431943565607071 0.3152746260166168 0.917310357093811 -0.2917216420173645 
0.3333625793457031 -0.8609299659729004 0.3842770159244537 -0.1234278976917267 
0 0 0 1 

0.8956567645072937 0.4309281408786774 0.1100017875432968 -0.09179246425628662 
-0.2603839635848999 0.3075698018074036 0.9152055978775024 -0.2895183861255646 
0.3605546355247498 -0.8483526706695557 0.3876840174198151 -0.1280729174613953 
0 0 0 1 

