0.6747788786888123 0.7164019346237183 -0.1773177832365036 0.03275176510214806 
-0.7196247577667236 0.5853791832923889 -0.3734583556652069 0.137393057346344 
-0.1637482196092606 0.3796040713787079 0.9105422496795654 -0.2490285634994507 
0 0 0 1 

0.7384910583496094 0.6544033885002136 -0.1624408662319183 0.02474230900406837 
-0.6465560793876648 0.6189347505569458 -0.4459649920463562 0.1518896222114563 
-0.1913008093833923 0.4343683123588562 0.8801864385604858 -0.2349395304918289 
0 0 0 1 

0.7672114372253418 0.6240401864051819 -0.1481897830963135 0.018248550593853 
-0.5937760472297668 0.6036746501922607 -0.5319836139678955 0.17133729159832 
-0.2425209283828735 0.4961354434490204 0.8336864113807678 -0.214297741651535 
0 0 0 1 

0.7945927977561951 0.5882967114448547 -0.1500970125198364 0.0159843061119318 
-0.5324209332466125 0.556354284286499 -0.6379636526107788 0.1985144317150116 
-0.2918049395084381 0.5868360996246338 0.7552967667579651 -0.1855664402246475 
0 0 0 1 

0.8176687955856323 0.5567985773086548 -0.1462634205818176 0.01275710575282574 
-0.4780653417110443 0.5151814818382263 -0.7113658785820007 0.2177525162696838 
-0.320735365152359 0.6515851616859436 0.6874340176582336 -0.1614527851343155 
0 0 0 1 

0.8483735918998718 0.5111801028251648 -0.137685090303421 0.007207552436739206 
-0.4080328047275543 0.4656747579574585 -0.7852745652198792 0.2367663979530334 
-0.3373003005981445 0.7223861813545227 0.6036444306373596 -0.1376641988754272 
0 0 0 1 

0.8784283399581909 0.467900425195694 -0.09712255001068115 -0.006268910132348537 
-0.3218007385730743 0.428938627243042 -0.8440708518028259 0.2507432103157043 
-0.3532815873622894 0.7727099061012268 0.5273626446723938 -0.1174963265657425 
0 0 0 1 

0.8397026658058167 0.5350669026374817 -0.09275172650814056 -0.005736059974879026 
-0.2914765775203705 0.2999713122844696 -0.9083273410797119 0.2672699093818665 
-0.4581930339336395 0.7897598743438721 0.4078461825847626 -0.08156528323888779 
0 0 0 1 

0.8248583674430847 0.5553891062736511 -0.1056011617183685 -0.002872148528695107 
-0.3567659556865692 0.3664770722389221 -0.8593093156814575 0.2568989098072052 
-0.4385506808757782 0.746483325958252 0.5004356503486633 -0.1074281334877014 
0 0 0 1 

0.8150462508201599 0.5668597817420959 -0.1198730543255806 0.001502666156738997 
-0.4042306840419769 0.4081141650676727 -0.8185598254203796 0.2504336833953857 
-0.4150868654251099 0.7156204581260681 0.5617740750312805 -0.1252150386571884 
0 0 0 1 

