1.000000000000000000e+00 0.000000000000000000e+00 0.000000000000000000e+00 -4.096739311332171507e-01
0.000000000000000000e+00 -1.000000000000000000e+00 0.000000000000000000e+00 -1.964994255000929863e-02
0.000000000000000000e+00 0.000000000000000000e+00 -1.000000000000000000e+00 -2.664639050480994698e+00
0.000000000000000000e+00 0.000000000000000000e+00 0.000000000000000000e+00 1.000000000000000000e+00
9.967227578163146973e-01 -7.914903759956359863e-02 -1.671737059950828552e-02 -4.412953232106845980e-01
-7.878516614437103271e-02 -9.966616630554199219e-01 2.140597999095916748e-02 6.936240131970675127e-02
-1.835583336651325226e-02 -2.001873962581157684e-02 -9.996308684349060059e-01 -2.718611204220317656e+00
0.000000000000000000e+00 0.000000000000000000e+00 0.000000000000000000e+00 1.000000000000000000e+00
9.852258563041687012e-01 -1.668950617313385010e-01 -3.841998428106307983e-02 -4.860749715684071215e-01
-1.648740172386169434e-01 -9.850025773048400879e-01 5.085627362132072449e-02 2.023728845148664302e-01
-4.633149132132530212e-02 -4.377041384577751160e-02 -9.979666471481323242e-01 -2.708979853448992614e+00
0.000000000000000000e+00 0.000000000000000000e+00 0.000000000000000000e+00 1.000000000000000000e+00
9.658629894256591797e-01 -2.558201551437377930e-01 -4.080438986420631409e-02 -4.718872929305060748e-01
-2.521619796752929688e-01 -9.645214080810546875e-01 7.818315178155899048e-02 3.279276439206171845e-01
-5.935753881931304932e-02 -6.522490829229354858e-02 -9.961037039756774902e-01 -2.704922456539138320e+00
0.000000000000000000e+00 0.000000000000000000e+00 0.000000000000000000e+00 1.000000000000000000e+00
9.377005696296691895e-01 -3.440634608268737793e-01 -4.835593700408935547e-02 -4.666356005227961790e-01
-3.364350795745849609e-01 -9.339081645011901855e-01 1.209426447749137878e-01 4.902138969662399037e-01
-8.677197247743606567e-02 -9.713929146528244019e-02 -9.914809465408325195e-01 -2.682956939250294770e+00
0.000000000000000000e+00 0.000000000000000000e+00 0.000000000000000000e+00 1.000000000000000000e+00
8.910543918609619141e-01 -4.526294767856597900e-01 -3.388743475079536438e-02 -3.964642123581519906e-01
-4.444116652011871338e-01 -8.851829171180725098e-01 1.376577168703079224e-01 5.771433291261910403e-01
-9.230456501245498657e-02 -1.076005846261978149e-01 -9.899000525474548340e-01 -2.686779236720051589e+00
0.000000000000000000e+00 0.000000000000000000e+00 0.000000000000000000e+00 1.000000000000000000e+00
8.459472656250000000e-01 -5.330394506454467773e-01 -1.556878816336393356e-02 -3.169427235446234392e-01
-5.233862996101379395e-01 -8.355133533477783203e-01 1.672834903001785278e-01 6.977363038111480398e-01
-1.021766811609268188e-01 -1.333644688129425049e-01 -9.857859611511230469e-01 -2.676762124191383041e+00
0.000000000000000000e+00 0.000000000000000000e+00 0.000000000000000000e+00 1.000000000000000000e+00
7.918471097946166992e-01 -6.106896996498107910e-01 6.039189640432596207e-03 -2.269766765141326414e-01
-6.027121543884277344e-01 -7.798305749893188477e-01 1.691221594810485840e-01 7.386139430198199740e-01
-9.857160598039627075e-02 -1.375587433576583862e-01 -9.855765700340270996e-01 -2.685237017505607948e+00
0.000000000000000000e+00 0.000000000000000000e+00 0.000000000000000000e+00 1.000000000000000000e+00
7.194437980651855469e-01 -6.940900683403015137e-01 2.528552897274494171e-02 -1.213214497781628515e-01
-6.880127787590026855e-01 -7.072160840034484863e-01 1.627382189035415649e-01 7.471738253335168389e-01
-9.507263451814651489e-02 -1.344777494668960571e-01 -9.863449931144714355e-01 -2.693585255135555023e+00
0.000000000000000000e+00 0.000000000000000000e+00 0.000000000000000000e+00 1.000000000000000000e+00
6.461373567581176758e-01 -7.628049850463867188e-01 2.519231475889682770e-02 -7.448011109132679497e-02
-7.577577233314514160e-01 -6.372205615043640137e-01 1.405436992645263672e-01 7.066435924571019545e-01
-9.115444868803024292e-02 -1.099002137780189514e-01 -9.897536635398864746e-01 -2.716831678059296706e+00
0.000000000000000000e+00 0.000000000000000000e+00 0.000000000000000000e+00 1.000000000000000000e+00
5.500678420066833496e-01 -8.341251611709594727e-01 4.074748232960700989e-02 2.296306327162428093e-02
-8.330845832824707031e-01 -5.446694493293762207e-01 9.646253287792205811e-02 5.965109562112087538e-01
-5.826793238520622253e-02 -8.700701594352722168e-02 -9.945020675659179688e-01 -2.765647096661829618e+00
0.000000000000000000e+00 0.000000000000000000e+00 0.000000000000000000e+00 1.000000000000000000e+00
4.571855962276458740e-01 -8.851795792579650879e-01 8.624228835105895996e-02 2.140709941084754653e-01
-8.893363475799560547e-01 -4.541543722152709961e-01 5.314866080880165100e-02 4.762031982618983306e-01
-7.878807373344898224e-03 -1.009972169995307922e-01 -9.948553442955017090e-01 -2.802904011336180723e+00
0.000000000000000000e+00 0.000000000000000000e+00 0.000000000000000000e+00 1.000000000000000000e+00
3.522378206253051758e-01 -9.299939274787902832e-01 1.050699800252914429e-01 3.088618052427135607e-01
-9.356502890586853027e-01 -3.525610268115997314e-01 1.610153540968894958e-02 3.443549758514204417e-01
2.206924185156822205e-02 -1.039803326129913330e-01 -9.943345189094543457e-01 -2.815521290559732215e+00
0.000000000000000000e+00 0.000000000000000000e+00 0.000000000000000000e+00 1.000000000000000000e+00
2.734596133232116699e-01 -9.548882842063903809e-01 1.157923266291618347e-01 3.650327734050627382e-01
-9.588871598243713379e-01 -2.801195383071899414e-01 -4.547750204801559448e-02 1.292808445544490203e-01
7.586161792278289795e-02 -9.859554469585418701e-02 -9.922317862510681152e-01 -2.815795021363225903e+00
0.000000000000000000e+00 0.000000000000000000e+00 0.000000000000000000e+00 1.000000000000000000e+00
1.940394490957260132e-01 -9.690422415733337402e-01 1.526630371809005737e-01 4.874286945150997918e-01
-9.719950556755065918e-01 -2.109472900629043579e-01 -1.035709902644157410e-01 -6.983164813669694160e-02
1.325685232877731323e-01 -1.282908469438552856e-01 -9.828362464904785156e-01 -2.797261348835526462e+00
0.000000000000000000e+00 0.000000000000000000e+00 0.000000000000000000e+00 1.000000000000000000e+00
1.145367175340652466e-01 -9.816014766693115234e-01 1.527744233608245850e-01 5.040495971703496947e-01
-9.709131717681884766e-01 -1.431596130132675171e-01 -1.919196099042892456e-01 -3.514205064106535326e-01
2.102596908807754517e-01 -1.263488084077835083e-01 -9.694466590881347656e-01 -2.770472981764961151e+00
0.000000000000000000e+00 0.000000000000000000e+00 0.000000000000000000e+00 1.000000000000000000e+00
1.894649416208267212e-01 -9.717606902122497559e-01 1.406558901071548462e-01 4.610893135671505494e-01
-9.537093043327331543e-01 -2.162017226219177246e-01 -2.090341448783874512e-01 -3.960042040760059501e-01
2.335412204265594482e-01 -9.454020857810974121e-02 -9.677399396896362305e-01 -2.747660333864498483e+00
0.000000000000000000e+00 0.000000000000000000e+00 0.000000000000000000e+00 1.000000000000000000e+00
2.724385559558868408e-01 -9.513006806373596191e-01 1.442366838455200195e-01 4.482158946073659389e-01
-9.380536675453186035e-01 -2.959623634815216064e-01 -1.801707595586776733e-01 -2.905392885431962169e-01
2.140852063894271851e-01 -8.621629327535629272e-02 -9.730027318000793457e-01 -2.739508840249562649e+00
0.000000000000000000e+00 0.000000000000000000e+00 0.000000000000000000e+00 1.000000000000000000e+00
3.260816633701324463e-01 -9.339944720268249512e-01 1.460306793451309204e-01 4.366698423954215036e-01
-9.338468909263610840e-01 -3.422662913799285889e-01 -1.038443967700004578e-01 -4.175683834100544362e-02
1.469714641571044922e-01 -1.025085672736167908e-01 -9.838147163391113281e-01 -2.736633838997945656e+00
0.000000000000000000e+00 0.000000000000000000e+00 0.000000000000000000e+00 1.000000000000000000e+00
3.605165183544158936e-01 -9.156367778778076172e-01 1.778676658868789673e-01 5.150488086365035967e-01
-9.296483397483825684e-01 -3.682679533958435059e-01 -1.150344032794237137e-02 2.592662074342938494e-01
7.603593170642852783e-02 -1.612072587013244629e-01 -9.839871525764465332e-01 -2.699968260121868635e+00
0.000000000000000000e+00 0.000000000000000000e+00 0.000000000000000000e+00 1.000000000000000000e+00
4.028033018112182617e-01 -8.955009579658508301e-01 1.892810463905334473e-01 5.268148871583633319e-01
-9.151555895805358887e-01 -3.975391089916229248e-01 6.673149019479751587e-02 5.016215661157324979e-01
1.548850256949663162e-02 -2.001012712717056274e-01 -9.796529412269592285e-01 -2.654700856308978896e+00
0.000000000000000000e+00 0.000000000000000000e+00 0.000000000000000000e+00 1.000000000000000000e+00
4.585388898849487305e-01 -8.604589104652404785e-01 2.221548110246658325e-01 5.888280902040551323e-01
-8.876439929008483887e-01 -4.314311146736145020e-01 1.611059159040451050e-01 7.674956470944239717e-01
-4.278056323528289795e-02 -2.710676193237304688e-01 -9.616090059280395508e-01 -2.555971232753597278e+00
0.000000000000000000e+00 0.000000000000000000e+00 0.000000000000000000e+00 1.000000000000000000e+00
5.336918234825134277e-01 -8.198989629745483398e-01 2.072179764509201050e-01 4.929765722062777744e-01
-8.411028385162353516e-01 -4.891651570796966553e-01 2.307892441749572754e-01 9.434795813240117734e-01
-8.785998076200485229e-02 -2.974617779254913330e-01 -9.506824016571044922e-01 -2.490033842017191024e+00
0.000000000000000000e+00 0.000000000000000000e+00 0.000000000000000000e+00 1.000000000000000000e+00
5.936905145645141602e-01 -7.792086005210876465e-01 2.009131163358688354e-01 4.369910000959422169e-01
-7.953090667724609375e-01 -5.301628112792968750e-01 2.939571440219879150e-01 1.087643896292704859e+00
-1.225373521447181702e-01 -3.343073129653930664e-01 -9.344640970230102539e-01 -2.411830993402449774e+00
0.000000000000000000e+00 0.000000000000000000e+00 0.000000000000000000e+00 1.000000000000000000e+00
6.719818711280822754e-01 -7.204869985580444336e-01 1.712866574525833130e-01 3.004200245256854473e-01
-7.219738364219665527e-01 -5.858428478240966797e-01 3.681603670120239258e-01 1.230428864634416142e+00
-1.649078130722045898e-01 -3.710613250732421875e-01 -9.138481020927429199e-01 -2.316196707839199398e+00
0.000000000000000000e+00 0.000000000000000000e+00 0.000000000000000000e+00 1.000000000000000000e+00
7.376128435134887695e-01 -6.572650671005249023e-01 1.546911895275115967e-01 2.227019132908462096e-01
-6.462807059288024902e-01 -6.208636164665222168e-01 4.436773359775543213e-01 1.369077931617085575e+00
-1.955715864896774292e-01 -4.272361993789672852e-01 -8.827348947525024414e-01 -2.183393393953324324e+00
0.000000000000000000e+00 0.000000000000000000e+00 0.000000000000000000e+00 1.000000000000000000e+00
7.632186412811279297e-01 -6.304119229316711426e-01 1.416949182748794556e-01 1.662135988258828245e-01
-5.960866212844848633e-01 -6.023283600807189941e-01 5.309244990348815918e-01 1.553741091479434067e+00
-2.493546754121780396e-01 -4.896740913391113281e-01 -8.354889154434204102e-01 -1.987987127868766635e+00
0.000000000000000000e+00 0.000000000000000000e+00 0.000000000000000000e+00 1.000000000000000000e+00
7.937690615653991699e-01 -5.896803736686706543e-01 1.490214467048645020e-01 1.559407777145905283e-01
-5.344169139862060547e-01 -5.592128634452819824e-01 6.337811946868896484e-01 1.798981264468638042e+00
-2.903939783573150635e-01 -5.827159285545349121e-01 -7.590212821960449219e-01 -1.729336215045681469e+00
0.000000000000000000e+00 0.000000000000000000e+00 0.000000000000000000e+00 1.000000000000000000e+00
8.152970075607299805e-01 -5.615059733390808105e-01 1.414272040128707886e-01 1.218534801761867181e-01
-4.792760312557220459e-01 -5.173260569572448730e-01 7.089909315109252930e-01 1.981695472047641404e+00
-3.249388933181762695e-01 -6.458206176757812500e-01 -6.908907890319824219e-01 -1.503637717230511317e+00
0.000000000000000000e+00 0.000000000000000000e+00 0.000000000000000000e+00 1.000000000000000000e+00
8.417748808860778809e-01 -5.219839215278625488e-01 1.376507282257080078e-01 8.164523712675854361e-02
-4.179622530937194824e-01 -4.688219726085662842e-01 7.781476974487304688e-01 2.148426918805498076e+00
-3.416469097137451172e-01 -7.125578522682189941e-01 -6.128121018409729004e-01 -1.298005453316634750e+00
0.000000000000000000e+00 0.000000000000000000e+00 0.000000000000000000e+00 1.000000000000000000e+00
8.738034963607788086e-01 -4.763238131999969482e-01 9.789242595434188843e-02 -4.150125343255157973e-02
-3.288840055465698242e-01 -4.305942654609680176e-01 8.404899239540100098e-01 2.286247067105006359e+00
-3.581937253475189209e-01 -7.666180729866027832e-01 -5.329102873802185059e-01 -1.100941763773219284e+00
0.000000000000000000e+00 0.000000000000000000e+00 0.000000000000000000e+00 1.000000000000000000e+00
8.969326615333557129e-01 -4.358136951923370361e-01 7.468624413013458252e-02 -1.068482094817276989e-01
-2.379512786865234375e-01 -3.333818316459655762e-01 9.122696518898010254e-01 2.418510093779952630e+00
-3.726804852485656738e-01 -8.360159993171691895e-01 -4.027235805988311768e-01 -7.767941336947560282e-01
0.000000000000000000e+00 0.000000000000000000e+00 0.000000000000000000e+00 1.000000000000000000e+00
8.917561769485473633e-01 -4.520226120948791504e-01 2.112359926104545593e-02 -2.816265174966069429e-01
-7.467424869537353516e-02 -1.009569391608238220e-01 9.920842051506042480e-01 2.581757129528615469e+00
-4.463120102882385254e-01 -8.862745165824890137e-01 -1.237834915518760681e-01 -7.470742058771417948e-02
0.000000000000000000e+00 0.000000000000000000e+00 0.000000000000000000e+00 1.000000000000000000e+00
8.804293274879455566e-01 -4.730028212070465088e-01 3.336606547236442566e-02 -2.247258132273877163e-01
-8.456300944089889526e-02 -8.738466352224349976e-02 9.925790429115295410e-01 2.585760718468025132e+00
-4.665768742561340332e-01 -8.767169713973999023e-01 -1.169345006346702576e-01 -9.969262134485874782e-02
0.000000000000000000e+00 0.000000000000000000e+00 0.000000000000000000e+00 1.000000000000000000e+00
8.493379354476928711e-01 -5.269190669059753418e-01 3.133168816566467285e-02 -1.995066210949214824e-01
-9.879100322723388672e-02 -1.003712043166160583e-01 9.900333285331726074e-01 2.586746094172941213e+00
-5.185224413871765137e-01 -8.439678549766540527e-01 -1.373038291931152344e-01 -1.381935090359323881e-01
0.000000000000000000e+00 0.000000000000000000e+00 0.000000000000000000e+00 1.000000000000000000e+00
8.307514190673828125e-01 -5.529088377952575684e-01 6.437440216541290283e-02 -1.149150848892954713e-01
-2.240155041217803955e-01 -2.262150794267654419e-01 9.479683041572570801e-01 2.522109200691441622e+00
-5.095777511596679688e-01 -8.019466996192932129e-01 -3.117886483669281006e-01 -5.084186719361522000e-01
0.000000000000000000e+00 0.000000000000000000e+00 0.000000000000000000e+00 1.000000000000000000e+00
8.336439728736877441e-01 -5.417671799659729004e-01 1.073581427335739136e-01 -1.127801274673670244e-02
-3.150297105312347412e-01 -3.067746162414550781e-01 8.981344699859619141e-01 2.428425661010550574e+00
-4.536453187465667725e-01 -7.825453281402587891e-01 -4.264135956764221191e-01 -8.001380318264960101e-01
0.000000000000000000e+00 0.000000000000000000e+00 0.000000000000000000e+00 1.000000000000000000e+00
8.163529634475708008e-01 -5.669246912002563477e-01 1.102911159396171570e-01 4.520773833519947898e-04
-3.707302212715148926e-01 -3.679437339305877686e-01 8.527464270591735840e-01 2.336288755557062835e+00
-4.428620040416717529e-01 -7.370305061340332031e-01 -5.105482935905456543e-01 -1.019097702204641465e+00
0.000000000000000000e+00 0.000000000000000000e+00 0.000000000000000000e+00 1.000000000000000000e+00
8.329996466636657715e-01 -5.475487709045410156e-01 7.938592135906219482e-02 -1.212918467713459680e-01
-4.514279961585998535e-01 -5.896728038787841797e-01 6.697002649307250977e-01 1.976692434549506716e+00
-3.198819458484649658e-01 -5.936970114707946777e-01 -7.383759617805480957e-01 -1.665902412595667403e+00
0.000000000000000000e+00 0.000000000000000000e+00 0.000000000000000000e+00 1.000000000000000000e+00
8.361469507217407227e-01 -5.457311272621154785e-01 5.509727820754051208e-02 -1.950504243425772721e-01
-4.628555178642272949e-01 -6.481130719184875488e-01 6.047425866127014160e-01 1.800000856523991111e+00
-2.943178713321685791e-01 -5.311557054519653320e-01 -7.945126891136169434e-01 -1.829410623954720316e+00
0.000000000000000000e+00 0.000000000000000000e+00 0.000000000000000000e+00 1.000000000000000000e+00
8.607637882232666016e-01 -5.058684945106506348e-01 5.641057342290878296e-02 -1.967074166478255115e-01
-4.537268280982971191e-01 -7.123315334320068359e-01 5.354583859443664551e-01 1.604443514214722644e+00
-2.306886762380599976e-01 -4.864983260631561279e-01 -8.426752686500549316e-01 -1.978133508788757711e+00
0.000000000000000000e+00 0.000000000000000000e+00 0.000000000000000000e+00 1.000000000000000000e+00
8.712031841278076172e-01 -4.905671179294586182e-01 1.867530867457389832e-02 -2.837802160059523793e-01
-4.573957920074462891e-01 -7.973017692565917969e-01 3.938255012035369873e-01 1.228510679472633482e+00
-1.783081442117691040e-01 -3.516439795494079590e-01 -9.189954996109008789e-01 -2.190922646679269281e+00
0.000000000000000000e+00 0.000000000000000000e+00 0.000000000000000000e+00 1.000000000000000000e+00
8.800229430198669434e-01 -4.746265411376953125e-01 1.700521074235439301e-02 -2.731152520638985837e-01
-4.628751575946807861e-01 -8.491178154945373535e-01 2.544512748718261719e-01 8.709967269212945951e-01
-1.063299328088760376e-01 -2.317942380905151367e-01 -9.669359922409057617e-01 -2.342375113275567244e+00
0.000000000000000000e+00 0.000000000000000000e+00 0.000000000000000000e+00 1.000000000000000000e+00
8.799217343330383301e-01 -4.750241041183471680e-01 9.461707435548305511e-03 -2.544174997186309795e-01
-4.749307632446289062e-01 -8.788402676582336426e-01 4.560830444097518921e-02 3.260742697693894687e-01
-1.334973238408565521e-02 -4.462541267275810242e-02 -9.989144802093505859e-01 -2.463573841535494413e+00
0.000000000000000000e+00 0.000000000000000000e+00 0.000000000000000000e+00 1.000000000000000000e+00
8.869581818580627441e-01 -4.616404175758361816e-01 1.389929279685020447e-02 -2.279628110494014703e-01
-4.606438577175140381e-01 -8.864151835441589355e-01 -4.555447772145271301e-02 7.674287155814253636e-02
3.335034102201461792e-02 3.400230407714843750e-02 -9.988652467727661133e-01 -2.488030529886781306e+00
0.000000000000000000e+00 0.000000000000000000e+00 0.000000000000000000e+00 1.000000000000000000e+00
8.944098949432373047e-01 -4.471731185913085938e-01 8.181931450963020325e-03 -2.371355868418388857e-01
-4.411192238330841064e-01 -8.850241303443908691e-01 -1.488150656223297119e-01 -2.175953239783684490e-01
7.378736883401870728e-02 1.294924020767211914e-01 -9.888311624526977539e-01 -2.481172635069002652e+00
0.000000000000000000e+00 0.000000000000000000e+00 0.000000000000000000e+00 1.000000000000000000e+00
8.960787057876586914e-01 -4.437146186828613281e-01 1.266672089695930481e-02 -2.252416971440280857e-01
-4.259732663631439209e-01 -8.675761222839355469e-01 -2.566287517547607422e-01 -5.294444180735888850e-01
1.248592808842658997e-01 2.245638519525527954e-01 -9.664270281791687012e-01 -2.438142263135070209e+00
0.000000000000000000e+00 0.000000000000000000e+00 0.000000000000000000e+00 1.000000000000000000e+00
8.992508649826049805e-01 -4.372141361236572266e-01 1.384414732456207275e-02 -2.170941011577207924e-01
-4.015448987483978271e-01 -8.376144170761108398e-01 -3.703558743000030518e-01 -8.786208945890696675e-01
1.735210269689559937e-01 3.274837434291839600e-01 -9.287867546081542969e-01 -2.347719486463139660e+00
0.000000000000000000e+00 0.000000000000000000e+00 0.000000000000000000e+00 1.000000000000000000e+00
9.065010547637939453e-01 -4.221219718456268311e-01 8.277633227407932281e-03 -2.441288983852370753e-01
-3.720268607139587402e-01 -8.078856468200683594e-01 -4.570740163326263428e-01 -1.147673026068306790e+00
1.996285319328308105e-01 4.112586081027984619e-01 -8.893901109695434570e-01 -2.256732829854777744e+00
0.000000000000000000e+00 0.000000000000000000e+00 0.000000000000000000e+00 1.000000000000000000e+00
9.153202176094055176e-01 -4.026502668857574463e-01 7.848346605896949768e-03 -2.721577633744339253e-01
-3.328692913055419922e-01 -7.673735022544860840e-01 -5.480289459228515625e-01 -1.427402590451979592e+00
2.266867458820343018e-01 4.990096092224121094e-01 -8.364225625991821289e-01 -2.138165587287915947e+00
0.000000000000000000e+00 0.000000000000000000e+00 0.000000000000000000e+00 1.000000000000000000e+00
9.103194475173950195e-01 -4.135209918022155762e-01 -1.784989237785339355e-02 -3.516762858511302547e-01
-3.319419920444488525e-01 -7.036122679710388184e-01 -6.282864809036254883e-01 -1.651692009287268670e+00
2.472504526376724243e-01 5.778666138648986816e-01 -7.777770757675170898e-01 -2.006376898567814759e+00
0.000000000000000000e+00 0.000000000000000000e+00 0.000000000000000000e+00 1.000000000000000000e+00
9.175889492034912109e-01 -3.957616090774536133e-01 -3.746008872985839844e-02 -4.263148048236513610e-01
-2.969104349613189697e-01 -6.196262836456298828e-01 -7.265722751617431641e-01 -1.940220418561075633e+00
2.643382549285888672e-01 6.778169870376586914e-01 -6.860679984092712402e-01 -1.770606652438601269e+00
0.000000000000000000e+00 0.000000000000000000e+00 0.000000000000000000e+00 1.000000000000000000e+00
9.252890348434448242e-01 -3.756850957870483398e-01 -5.197158083319664001e-02 -4.799140279370448514e-01
-2.658669352531433105e-01 -5.447921156883239746e-01 -7.953090071678161621e-01 -2.150134693169125200e+00
2.704719603061676025e-01 7.497080564498901367e-01 -6.039723753929138184e-01 -1.543061989360551278e+00
0.000000000000000000e+00 0.000000000000000000e+00 0.000000000000000000e+00 1.000000000000000000e+00
9.330992102622985840e-01 -3.561151623725891113e-01 -5.007754266262054443e-02 -4.919992636066781166e-01
-2.256935536861419678e-01 -4.714855253696441650e-01 -8.525044322013854980e-01 -2.331878011804485951e+00
2.799789011478424072e-01 8.067735433578491211e-01 -5.203157067298889160e-01 -1.324664543288977425e+00
0.000000000000000000e+00 0.000000000000000000e+00 0.000000000000000000e+00 1.000000000000000000e+00
9.444445371627807617e-01 -3.249945640563964844e-01 -4.901891201734542847e-02 -5.170853672430151260e-01
-1.870084106922149658e-01 -4.087167382240295410e-01 -8.932963013648986816e-01 -2.461364547204475617e+00
2.702815830707550049e-01 8.528357744216918945e-01 -4.467869997024536133e-01 -1.133772007094393297e+00
0.000000000000000000e+00 0.000000000000000000e+00 0.000000000000000000e+00 1.000000000000000000e+00
9.553080797195434570e-01 -2.916006147861480713e-01 -4.853630065917968750e-02 -5.412652894693982253e-01
-1.541766375303268433e-01 -3.513897657394409180e-01 -9.234473109245300293e-01 -2.563608797013992913e+00
2.522226274013519287e-01 8.896597027778625488e-01 -3.806434869766235352e-01 -9.470026101120149198e-01
0.000000000000000000e+00 0.000000000000000000e+00 0.000000000000000000e+00 1.000000000000000000e+00
9.606472849845886230e-01 -2.697201967239379883e-01 -6.639160215854644775e-02 -6.142907075741013134e-01
-1.424113661050796509e-01 -2.730299830436706543e-01 -9.514061212539672852e-01 -2.687571323386617639e+00
2.384865283966064453e-01 9.234206080436706543e-01 -3.006966710090637207e-01 -6.889490347454456654e-01
0.000000000000000000e+00 0.000000000000000000e+00 0.000000000000000000e+00 1.000000000000000000e+00
9.728468656539916992e-01 -2.230723202228546143e-01 -6.170581281185150146e-02 -6.332779536988201174e-01
-1.042454987764358521e-01 -1.842811107635498047e-01 -9.773295521736145020e-01 -2.796448026414664945e+00
2.066440135240554810e-01 9.572248458862304688e-01 -2.025316506624221802e-01 -3.616289764095023673e-01
0.000000000000000000e+00 0.000000000000000000e+00 0.000000000000000000e+00 1.000000000000000000e+00
9.914147853851318359e-01 -1.290936321020126343e-01 -2.077652327716350555e-02 -5.388484492892040567e-01
-3.785049915313720703e-02 -1.312518268823623657e-01 -9.906262755393981934e-01 -2.853129894357930851e+00
1.251566559076309204e-01 9.829077720642089844e-01 -1.350112557411193848e-01 -1.654336474814300795e-01
0.000000000000000000e+00 0.000000000000000000e+00 0.000000000000000000e+00 1.000000000000000000e+00
9.950385093688964844e-01 -9.916809946298599243e-02 7.982307113707065582e-03 -4.732502557203328575e-01
-1.693063043057918549e-02 -2.478489726781845093e-01 -9.686503410339355469e-01 -2.813440307542851126e+00
9.803766757249832153e-02 9.637095928192138672e-01 -2.482983469963073730e-01 -4.982390317429091775e-01
0.000000000000000000e+00 0.000000000000000000e+00 0.000000000000000000e+00 1.000000000000000000e+00
9.979782104492187500e-01 -3.589951619505882263e-02 5.244961380958557129e-02 -3.311154670214971341e-01
3.980335220694541931e-02 -2.903573215007781982e-01 -9.560900926589965820e-01 -2.880847621656487778e+00
4.955230280756950378e-02 9.562446475028991699e-01 -2.883413434028625488e-01 -5.973240638415368009e-01
0.000000000000000000e+00 0.000000000000000000e+00 0.000000000000000000e+00 1.000000000000000000e+00
9.888192415237426758e-01 4.033804684877395630e-02 1.435596793889999390e-01 -1.765896759763798188e-02
1.491168886423110962e-01 -2.728238701820373535e-01 -9.504373073577880859e-01 -2.977448105212111340e+00
8.276957087218761444e-04 9.612177014350891113e-01 -2.757886052131652832e-01 -5.365760379470749797e-01
0.000000000000000000e+00 0.000000000000000000e+00 0.000000000000000000e+00 1.000000000000000000e+00
9.683862924575805664e-01 5.727174505591392517e-02 2.427922338247299194e-01 2.923792339114824057e-01
2.493225485086441040e-01 -2.539984583854675293e-01 -9.345173835754394531e-01 -3.018907284409053204e+00
8.147349581122398376e-03 9.655072689056396484e-01 -2.602477371692657471e-01 -4.780506261548744251e-01
0.000000000000000000e+00 0.000000000000000000e+00 0.000000000000000000e+00 1.000000000000000000e+00
9.767445921897888184e-01 -1.676992513239383698e-02 2.137492597103118896e-01 1.739438726106435074e-01
1.980959326028823853e-01 -3.108079433441162109e-01 -9.296004176139831543e-01 -2.989075041841167124e+00
8.202425390481948853e-02 9.503247737884521484e-01 -3.002578616142272949e-01 -6.522567588378785919e-01
0.000000000000000000e+00 0.000000000000000000e+00 0.000000000000000000e+00 1.000000000000000000e+00
9.834466576576232910e-01 -1.352597624063491821e-01 1.205708533525466919e-01 -1.516829247784343693e-01
6.226217746734619141e-02 -3.726401031017303467e-01 -9.258849024772644043e-01 -2.914099843638188858e+00
1.701644957065582275e-01 9.180654883384704590e-01 -3.580501079559326172e-01 -9.305551691768723099e-01
0.000000000000000000e+00 0.000000000000000000e+00 0.000000000000000000e+00 1.000000000000000000e+00
9.760321378707885742e-01 -2.171517759561538696e-01 1.437247730791568756e-02 -4.889739794529917027e-01
-5.375383049249649048e-02 -3.045492470264434814e-01 -9.509785175323486328e-01 -2.928171317755302372e+00
2.108837515115737915e-01 9.274128675460815430e-01 -3.089225292205810547e-01 -8.208903173509621842e-01
0.000000000000000000e+00 0.000000000000000000e+00 0.000000000000000000e+00 1.000000000000000000e+00
9.131236076354980469e-01 -3.956541419029235840e-01 -9.830079227685928345e-02 -8.105499679593656248e-01
-2.366658449172973633e-01 -3.181091845035552979e-01 -9.180390834808349609e-01 -2.737725870607453427e+00
3.319556415081024170e-01 8.615474700927734375e-01 -3.841107785701751709e-01 -1.144664188988566034e+00
0.000000000000000000e+00 0.000000000000000000e+00 0.000000000000000000e+00 1.000000000000000000e+00
8.720415830612182617e-01 -4.814070463180541992e-01 -8.826413005590438843e-02 -7.703799035620439994e-01
-2.810899019241333008e-01 -3.449867367744445801e-01 -8.955293297767639160e-01 -2.637950164918961171e+00
4.006641209125518799e-01 8.057489395141601562e-01 -4.361614286899566650e-01 -1.375115034347260012e+00
0.000000000000000000e+00 0.000000000000000000e+00 0.000000000000000000e+00 1.000000000000000000e+00
8.232696056365966797e-01 -5.620213747024536133e-01 -7.974492758512496948e-02 -7.131161507076211326e-01
-3.566596508026123047e-01 -4.028471410274505615e-01 -8.429163694381713867e-01 -2.441980708743746842e+00
4.416118860244750977e-01 7.223891019821166992e-01 -5.321020483970642090e-01 -1.703467274423948963e+00
0.000000000000000000e+00 0.000000000000000000e+00 0.000000000000000000e+00 1.000000000000000000e+00
7.996841073036193848e-01 -5.985048413276672363e-01 -4.792763292789459229e-02 -6.096821238900741458e-01
-4.265689253807067871e-01 -5.101471543312072754e-01 -7.468524575233459473e-01 -2.105573691429768246e+00
4.225448369979858398e-01 6.176903843879699707e-01 -6.632602810859680176e-01 -2.098182264141868814e+00
0.000000000000000000e+00 0.000000000000000000e+00 0.000000000000000000e+00 1.000000000000000000e+00
7.723492980003356934e-01 -6.348214149475097656e-01 -2.187126316130161285e-02 -5.218226071640675867e-01
-5.072047114372253418e-01 -5.956261754035949707e-01 -6.228744983673095703e-01 -1.670471128941689809e+00
3.823870420455932617e-01 4.921698272228240967e-01 -7.820158004760742188e-01 -2.436914613593996748e+00
0.000000000000000000e+00 0.000000000000000000e+00 0.000000000000000000e+00 1.000000000000000000e+00
7.505459189414978027e-01 -6.607840657234191895e-01 -6.713300943374633789e-03 -4.634161937680432719e-01
-5.642863512039184570e-01 -6.355869770050048828e-01 -5.268871188163757324e-01 -1.343021207138615170e+00
3.438917994499206543e-01 3.992411792278289795e-01 -8.499086499214172363e-01 -2.624208017427015260e+00
0.000000000000000000e+00 0.000000000000000000e+00 0.000000000000000000e+00 1.000000000000000000e+00
6.495280265808105469e-01 -7.602930665016174316e-01 -8.215294219553470612e-03 -4.015699333998857257e-01
-6.766238212585449219e-01 -5.730522871017456055e-01 -4.623753428459167480e-01 -1.069476248096384863e+00
3.468331396579742432e-01 3.058844208717346191e-01 -8.866460919380187988e-01 -2.754543063130174385e+00
0.000000000000000000e+00 0.000000000000000000e+00 0.000000000000000000e+00 1.000000000000000000e+00
5.820207595825195312e-01 -8.126817345619201660e-01 2.828337065875530243e-02 -2.469109256725371682e-01
-7.397613525390625000e-01 -5.435982346534729004e-01 -3.965524733066558838e-01 -8.214626881382117718e-01
3.376458585262298584e-01 2.098788022994995117e-01 -9.175761938095092773e-01 -2.857004476389641390e+00
0.000000000000000000e+00 0.000000000000000000e+00 0.000000000000000000e+00 1.000000000000000000e+00
5.358313918113708496e-01 -8.418428897857666016e-01 6.469356268644332886e-02 -9.764032916241831284e-02
-7.833071351051330566e-01 -5.242453217506408691e-01 -3.340610265731811523e-01 -5.925523718718128663e-01
3.151421844959259033e-01 1.283254474401473999e-01 -9.403286576271057129e-01 -2.915981875133578871e+00
0.000000000000000000e+00 0.000000000000000000e+00 0.000000000000000000e+00 1.000000000000000000e+00
5.018732547760009766e-01 -8.556826114654541016e-01 1.262149512767791748e-01 1.222119930254201570e-01
-8.188090324401855469e-01 -5.170395374298095703e-01 -2.494426071643829346e-01 -3.042046676987499865e-01
2.787018716335296631e-01 2.184259332716464996e-02 -9.601292610168457031e-01 -2.961889179887298162e+00
0.000000000000000000e+00 0.000000000000000000e+00 0.000000000000000000e+00 1.000000000000000000e+00
4.324843585491180420e-01 -8.839638233184814453e-01 1.776654124259948730e-01 3.347663074141440376e-01
-8.606476783752441406e-01 -4.634672403335571289e-01 -2.109111547470092773e-01 -1.546991442099771852e-01
2.687799632549285889e-01 -6.169159710407257080e-02 -9.612239599227905273e-01 -2.960856894669686046e+00
0.000000000000000000e+00 0.000000000000000000e+00 0.000000000000000000e+00 1.000000000000000000e+00
3.558591902256011963e-01 -8.930202126502990723e-01 2.754614949226379395e-01 6.955560271200479372e-01
-8.922367691993713379e-01 -4.123349487781524658e-01 -1.841013282537460327e-01 -4.927081421668749045e-02
2.779886126518249512e-01 -1.802627444267272949e-01 -9.435187578201293945e-01 -2.910714488734489347e+00
0.000000000000000000e+00 0.000000000000000000e+00 0.000000000000000000e+00 1.000000000000000000e+00
2.974235713481903076e-01 -8.893671035766601562e-01 3.472248911857604980e-01 9.528353195888308313e-01
-9.134519100189208984e-01 -3.708745241165161133e-01 -1.675038039684295654e-01 1.014675571432336124e-02
2.777492403984069824e-01 -2.673537135124206543e-01 -9.227011203765869141e-01 -2.849140786432008632e+00
0.000000000000000000e+00 0.000000000000000000e+00 0.000000000000000000e+00 1.000000000000000000e+00
