-0.4666652679443359 -0.4584127366542816 0.7563605308532715 -0.2029862403869629 
-0.8843210339546204 0.2281794846057892 -0.4073210060596466 0.1681478917598724 
0.01413522288203239 -0.8589481115341187 -0.511867344379425 0.1511340588331223 
0 0 0 1 

-0.4884626269340515 -0.5329880714416504 0.6908893585205078 -0.1844867169857025 
-0.8725472688674927 0.2909955382347107 -0.392406553030014 0.1636703312397003 
0.008102256804704666 -0.7945094704627991 -0.607197642326355 0.1827711462974548 
0 0 0 1 

-0.4620465040206909 -0.5935611128807068 0.6589369773864746 -0.1790710985660553 
-0.8854976296424866 0.3498694002628326 -0.305753618478775 0.1384575068950653 
-0.04905838519334793 -0.724759578704834 -0.6872527599334717 0.2117361575365067 
0 0 0 1 

-0.4981705844402313 -0.6419978141784668 0.5828074812889099 -0.1561019718647003 
-0.8668674230575562 0.3836057782173157 -0.3184138238430023 0.1404440104961395 
-0.01914725638926029 -0.6638413071632385 -0.7476282119750977 0.2297372668981552 
0 0 0 1 

-0.7354763150215149 -0.6362577676773071 0.2329165637493134 -0.04695406556129456 
-0.2583398818969727 0.5811304450035095 0.7717174291610718 -0.2230632603168488 
-0.626366138458252 0.5074084997177124 -0.5917783975601196 0.2239193469285965 
0 0 0 1 

-0.6754091382026672 -0.6842924952507019 0.2748926281929016 -0.06437471508979797 
-0.3320296108722687 0.6150251626968384 0.7151924967765808 -0.1994162499904633 
-0.6584667563438416 0.3917751908302307 -0.6425989866256714 0.2413266599178314 
0 0 0 1 

-0.6260761022567749 -0.7128059864044189 0.3161269724369049 -0.08028271049261093 
-0.3857323229312897 0.6354494094848633 0.6688905358314514 -0.1805821508169174 
-0.6776719093322754 0.2968360185623169 -0.6727919578552246 0.2511833012104034 
0 0 0 1 

-0.5683119893074036 -0.7415848970413208 0.3564736545085907 -0.09555049985647202 
-0.4445218443870544 0.6412909626960754 0.6254169344902039 -0.1637914180755615 
-0.6924030780792236 0.1969715803861618 -0.6941040754318237 0.2576082646846771 
0 0 0 1 

-0.5107429623603821 -0.7633365988731384 0.3955485224723816 -0.1102644950151443 
-0.4981500208377838 0.6377347707748413 0.5874869227409363 -0.149075374007225 
-0.700705349445343 0.1030123308300972 -0.7059746980667114 0.2605777978897095 
0 0 0 1 

-0.4219293892383575 -0.7721937298774719 0.4750706255435944 -0.1373161524534225 
-0.5809527635574341 0.6325598359107971 0.5122132897377014 -0.1224093660712242 
-0.6960382461547852 -0.05987554788589478 -0.7155036926269531 0.2614874243736267 
0 0 0 1 

