0.8976029753684998 0.4407744109630585 -0.005154052749276161 -0.03159476816654205 
-0.4355887174606323 0.8851281404495239 -0.1637391448020935 0.08740218728780746 
-0.06761009246110916 0.1492177844047546 0.9864901900291443 -0.2913751900196075 
0 0 0 1 

0.8328205347061157 0.5532119870185852 -0.01913714967668056 -0.02144589647650719 
-0.5465266704559326 0.8162859678268433 -0.1870441436767578 0.1012498810887337 
-0.08785374462604523 0.1662331521511078 0.9821650981903076 -0.2897645533084869 
0 0 0 1 

0.7545812726020813 0.6544100642204285 -0.04852067306637764 -0.005135045386850834 
-0.6518217325210571 0.7389540076255798 -0.1705140918493271 0.09986011683940887 
-0.07573167979717255 0.1602935642004013 0.9841598272323608 -0.2926401793956757 
0 0 0 1 

0.694494903087616 0.7157606482505798 -0.07323458045721054 0.006293624639511108 
-0.7188709378242493 0.6860398054122925 -0.1121323183178902 0.08127224445343018 
-0.03001810982823372 0.1305215656757355 0.9909909963607788 -0.2994915246963501 
0 0 0 1 

0.587291419506073 0.8082027435302734 -0.04355277866125107 0.0004537746135611087 
-0.8088287711143494 0.584067165851593 -0.06827390938997269 0.06733912974596024 
-0.02974143624305725 0.07532342523336411 0.9967154860496521 -0.3071164786815643 
0 0 0 1 

0.8223002552986145 0.09879422187805176 -0.5604122281074524 0.1290411055088043 
-0.4394912719726562 0.7358448505401611 -0.5151501297950745 0.2088681161403656 
0.3614825010299683 0.6699044704437256 0.6485046148300171 -0.1975326538085938 
0 0 0 1 

0.7918267846107483 0.1378631442785263 -0.5949823260307312 0.1435298770666122 
-0.447964072227478 0.7932770252227783 -0.4123586714267731 0.1786502152681351 
0.4151366651058197 0.5930474400520325 0.6898956894874573 -0.2159669697284698 
0 0 0 1 

0.6664886474609375 0.7336856722831726 0.132280558347702 -0.04677548259496689 
-0.7300906181335449 0.6782490015029907 -0.08334176987409592 0.06654238700866699 
-0.150865837931633 -0.04103045910596848 0.9877024292945862 -0.2720092833042145 
0 0 0 1 

0.6008290648460388 0.790081262588501 0.1215559840202332 -0.03742377832531929 
-0.7577614784240723 0.6113507747650146 -0.228139266371727 0.1079948246479034 
-0.2545619606971741 0.04496229067444801 0.9660106301307678 -0.2588989734649658 
0 0 0 1 

0.607636570930481 0.7837900519371033 0.1282611489295959 -0.03964317217469215 
-0.7377392649650574 0.6168292164802551 -0.2743408977985382 0.1235484778881073 
-0.2941407859325409 0.07207603007555008 0.9530405402183533 -0.2525849938392639 
0 0 0 1 

