0.675141453742981 0.705597996711731 0.2152100801467896 -0.07962577044963837 
0.5279656052589417 -0.2584311664104462 -0.8089903593063354 0.178258016705513 
-0.5152050256729126 0.659806489944458 -0.5470091104507446 0.2398869246244431 
0 0 0 1 

0.6439670324325562 0.7287330031394958 0.2329262346029282 -0.08388818055391312 
0.5972925424575806 -0.2886402904987335 -0.7482835054397583 0.1546053141355515 
-0.478067010641098 0.6209949254989624 -0.6211415529251099 0.2582189738750458 
0 0 0 1 

0.6190111041069031 0.75078284740448 0.2305434495210648 -0.0839848518371582 
0.6636283993721008 -0.3430179059505463 -0.6647826433181763 0.1240155175328255 
-0.4200268983840942 0.564503014087677 -0.7105726599693298 0.2785576581954956 
0 0 0 1 

0.5783655047416687 0.7829799652099609 0.2289879769086838 -0.0840737521648407 
0.7290429472923279 -0.37014040350914 -0.5757534503936768 0.09475038200616837 
-0.3660457730293274 0.499938040971756 -0.7849025726318359 0.291027158498764 
0 0 0 1 

0.487092137336731 0.8379170894622803 0.2462442219257355 -0.08305421471595764 
0.8027665615081787 -0.3185165226459503 -0.5040962100028992 0.07448970526456833 
-0.3439579606056213 0.4432179033756256 -0.82779860496521 0.2993775010108948 
0 0 0 1 

0.3691669404506683 0.8930818438529968 0.2571388781070709 -0.07939048111438751 
0.8604574203491211 -0.2239012122154236 -0.4576910138130188 0.06245552003383636 
-0.3511818647384644 0.3902214467525482 -0.8511159420013428 0.3042344748973846 
0 0 0 1 

0.2717295289039612 0.923281192779541 0.2715050280094147 -0.07782966643571854 
0.9158830642700195 -0.1614715605974197 -0.36753910779953 0.03284319117665291 
-0.2955015599727631 0.3485381007194519 -0.8894941806793213 0.3114832639694214 
0 0 0 1 

0.1642285138368607 0.9469506740570068 0.2762482762336731 -0.07678353786468506 
0.9548128247261047 -0.0822778195142746 -0.285591334104538 0.006102509796619415 
-0.2477117776870728 0.3106676638126373 -0.9176730513572693 0.3176197707653046 
0 0 0 1 

0.04596799612045288 0.9575170874595642 0.2846892178058624 -0.07126389443874359 
0.9777059555053711 0.01532722450792789 -0.2094186991453171 -0.0165636632591486 
-0.2048854678869247 0.2879688739776611 -0.9354655146598816 0.3191074132919312 
0 0 0 1 

0.02015925757586956 0.959965705871582 0.2793913781642914 -0.06877082586288452 
0.9863467812538147 0.02658739127218723 -0.1625211238861084 -0.03027257695794106 
-0.1634429693222046 0.2788530588150024 -0.9463230967521667 0.3188292682170868 
0 0 0 1 

