1.000000000000000000e+00 0.000000000000000000e+00 0.000000000000000000e+00 -3.619798645377159119e-02
0.000000000000000000e+00 1.000000000000000000e+00 0.000000000000000000e+00 -1.327119767665863037e-03
0.000000000000000000e+00 0.000000000000000000e+00 1.000000000000000000e+00 -2.960163652896881104e-01
0.000000000000000000e+00 0.000000000000000000e+00 0.000000000000000000e+00 1.000000000000000000e+00
9.902745485305786133e-01 1.385410130023956299e-01 1.276066247373819351e-02 -4.327183216810226440e-02
-1.376986056566238403e-01 9.890846610069274902e-01 -5.244722962379455566e-02 2.726306207478046417e-02
-1.988750137388706207e-02 5.018002912402153015e-02 9.985420107841491699e-01 -2.968691587448120117e-01
0.000000000000000000e+00 0.000000000000000000e+00 0.000000000000000000e+00 1.000000000000000000e+00
9.721374511718750000e-01 2.326574027538299561e-01 2.862098067998886108e-02 -4.837378486990928650e-02
-2.288552224636077881e-01 9.684203863143920898e-01 -9.892787039279937744e-02 5.193223804235458374e-02
-5.073352158069610596e-02 8.962138742208480835e-02 9.946830272674560547e-01 -2.951504588127136230e-01
0.000000000000000000e+00 0.000000000000000000e+00 0.000000000000000000e+00 1.000000000000000000e+00
9.419654607772827148e-01 3.349457085132598877e-01 2.263318188488483429e-02 -4.555013775825500488e-02
-3.289286196231842041e-01 9.343209266662597656e-01 -1.372971683740615845e-01 7.299218326807022095e-02
-6.713383644819259644e-02 1.218844652175903320e-01 9.902712702751159668e-01 -2.926169931888580322e-01
0.000000000000000000e+00 0.000000000000000000e+00 0.000000000000000000e+00 1.000000000000000000e+00
8.958039879798889160e-01 4.444465041160583496e-01 -1.464660745114088058e-03 -3.280214220285415649e-02
-4.388581216335296631e-01 8.840097784996032715e-01 -1.610268801450729370e-01 8.694576472043991089e-02
-7.027307897806167603e-02 1.448913514614105225e-01 9.869490265846252441e-01 -2.914747297763824463e-01
0.000000000000000000e+00 0.000000000000000000e+00 0.000000000000000000e+00 1.000000000000000000e+00
8.315446972846984863e-01 5.552229285240173340e-01 -1.614566333591938019e-02 -2.227389439940452576e-02
-5.484041571617126465e-01 8.160212635993957520e-01 -1.826518625020980835e-01 1.000936180353164673e-01
-8.823736011981964111e-02 1.607374697923660278e-01 9.830450415611267090e-01 -2.900953292846679688e-01
0.000000000000000000e+00 0.000000000000000000e+00 0.000000000000000000e+00 1.000000000000000000e+00
7.568279504776000977e-01 6.516089439392089844e-01 -5.115630477666854858e-02 -4.650128073990345001e-03
-6.497874259948730469e-01 7.416325211524963379e-01 -1.666066050529479980e-01 9.892626106739044189e-02
-7.062326371669769287e-02 1.593332737684249878e-01 9.846953153610229492e-01 -2.930417656898498535e-01
0.000000000000000000e+00 0.000000000000000000e+00 0.000000000000000000e+00 1.000000000000000000e+00
6.936858296394348145e-01 7.164864540100097656e-01 -7.380571216344833374e-02 6.429742556065320969e-03
-7.197319269180297852e-01 6.855243444442749023e-01 -1.097349599003791809e-01 8.053302019834518433e-02
-2.802805975079536438e-02 1.292419135570526123e-01 9.912170171737670898e-01 -2.997611761093139648e-01
0.000000000000000000e+00 0.000000000000000000e+00 0.000000000000000000e+00 1.000000000000000000e+00
5.862890481948852539e-01 8.093526363372802734e-01 -3.481933102011680603e-02 -2.086442895233631134e-03
-8.092762231826782227e-01 5.832112431526184082e-01 -7.025974243879318237e-02 6.824799627065658569e-02
-3.655789420008659363e-02 6.937097758054733276e-02 9.969210028648376465e-01 -3.069418966770172119e-01
0.000000000000000000e+00 0.000000000000000000e+00 0.000000000000000000e+00 1.000000000000000000e+00
5.015735030174255371e-01 8.638213872909545898e-01 -4.728797078132629395e-02 6.460075732320547104e-03
-8.648356199264526367e-01 4.992737174034118652e-01 -5.277142673730850220e-02 6.309033185243606567e-02
-2.197546139359474182e-02 6.736510992050170898e-02 9.974864721298217773e-01 -3.107939064502716064e-01
0.000000000000000000e+00 0.000000000000000000e+00 0.000000000000000000e+00 1.000000000000000000e+00
4.047978222370147705e-01 9.118437767028808594e-01 -6.840526312589645386e-02 1.812910661101341248e-02
-9.139754176139831543e-01 4.057696461677551270e-01 3.391774371266365051e-04 4.385896772146224976e-02
2.806604281067848206e-02 6.238344684243202209e-02 9.976575374603271484e-01 -3.151095509529113770e-01
0.000000000000000000e+00 0.000000000000000000e+00 0.000000000000000000e+00 1.000000000000000000e+00
2.919607162475585938e-01 9.536327719688415527e-01 -7.309532165527343750e-02 2.472496964037418365e-02
-9.549909830093383789e-01 2.948597967624664307e-01 3.240039572119712830e-02 3.202467039227485657e-02
5.245094746351242065e-02 6.034575030207633972e-02 9.967979192733764648e-01 -3.171398341655731201e-01
0.000000000000000000e+00 0.000000000000000000e+00 0.000000000000000000e+00 1.000000000000000000e+00
1.764868348836898804e-01 9.805929660797119141e-01 -8.537751436233520508e-02 3.372081741690635681e-02
-9.815652966499328613e-01 1.817972958087921143e-01 5.898322165012359619e-02 2.203639782965183258e-02
7.335993647575378418e-02 7.339388877153396606e-02 9.946013092994689941e-01 -3.178642988204956055e-01
0.000000000000000000e+00 0.000000000000000000e+00 0.000000000000000000e+00 1.000000000000000000e+00
1.027295216917991638e-01 9.895232319831848145e-01 -1.014435738325119019e-01 4.210587963461875916e-02
-9.895752072334289551e-01 1.120146885514259338e-01 9.051845967769622803e-02 1.040759682655334473e-02
1.009332388639450073e-01 9.108708798885345459e-02 9.907147884368896484e-01 -3.168775141239166260e-01
0.000000000000000000e+00 0.000000000000000000e+00 0.000000000000000000e+00 1.000000000000000000e+00
1.523136254400014877e-02 9.948102235794067383e-01 -1.006008237600326538e-01 4.704459384083747864e-02
-9.970180392265319824e-01 2.272303216159343719e-02 7.374794781208038330e-02 1.778062619268894196e-02
7.565115392208099365e-02 9.917756915092468262e-02 9.921899437904357910e-01 -3.111390471458435059e-01
0.000000000000000000e+00 0.000000000000000000e+00 0.000000000000000000e+00 1.000000000000000000e+00
-8.782479912042617798e-02 8.708528876304626465e-01 -4.836338758468627930e-01 1.783447563648223877e-01
-9.906983375549316406e-01 -2.570083178579807281e-02 1.336262822151184082e-01 -1.312408945523202419e-03
1.039389893412590027e-01 4.908710718154907227e-01 8.650099635124206543e-01 -2.628641426563262939e-01
0.000000000000000000e+00 0.000000000000000000e+00 0.000000000000000000e+00 1.000000000000000000e+00
-1.656056642532348633e-01 8.484669327735900879e-01 -5.026713609695434570e-01 1.866109967231750488e-01
-9.775777459144592285e-01 -7.401129603385925293e-02 1.971393078565597534e-01 -2.426195889711380005e-02
1.300627887248992920e-01 5.240477919578552246e-01 8.416991829872131348e-01 -2.562467753887176514e-01
0.000000000000000000e+00 0.000000000000000000e+00 0.000000000000000000e+00 1.000000000000000000e+00
-1.251032203435897827e-01 7.878348231315612793e-01 -6.030468940734863281e-01 2.116503417491912842e-01
-9.920790791511535645e-01 -1.062815785408020020e-01 6.695985794067382812e-02 1.796846650540828705e-02
-1.133939344435930252e-02 6.066469550132751465e-01 7.948904037475585938e-01 -2.345807403326034546e-01
0.000000000000000000e+00 0.000000000000000000e+00 0.000000000000000000e+00 1.000000000000000000e+00
-8.530373126268386841e-02 7.046666145324707031e-01 -7.043920755386352539e-01 2.342793792486190796e-01
-9.946792125701904297e-01 -1.924413442611694336e-02 1.012067124247550964e-01 1.001471281051635742e-02
5.776151269674301147e-02 7.092775702476501465e-01 7.025588750839233398e-01 -2.156309187412261963e-01
0.000000000000000000e+00 0.000000000000000000e+00 0.000000000000000000e+00 1.000000000000000000e+00
-5.890164524316787720e-02 5.257785320281982422e-01 -8.485797643661499023e-01 2.758630812168121338e-01
-9.853184223175048828e-01 1.058330237865447998e-01 1.339669078588485718e-01 -8.459052332909777761e-05
1.602447777986526489e-01 8.440121412277221680e-01 5.118254423141479492e-01 -1.560253649950027466e-01
0.000000000000000000e+00 0.000000000000000000e+00 0.000000000000000000e+00 1.000000000000000000e+00
-1.205521449446678162e-01 3.879779577255249023e-01 -9.137506484985351562e-01 2.946387827396392822e-01
-9.858865141868591309e-01 6.092232465744018555e-02 1.559366881847381592e-01 -1.077142544090747833e-02
1.161677986383438110e-01 9.196529984474182129e-01 3.751579523086547852e-01 -1.081810221076011658e-01
0.000000000000000000e+00 0.000000000000000000e+00 0.000000000000000000e+00 1.000000000000000000e+00
-1.918985843658447266e-01 2.861175239086151123e-01 -9.387819766998291016e-01 3.038881421089172363e-01
-9.751085638999938965e-01 5.267800390720367432e-02 2.153791338205337524e-01 -3.009928949177265167e-02
1.110768541693687439e-01 9.567453265190124512e-01 2.688868939876556396e-01 -7.474889606237411499e-02
0.000000000000000000e+00 0.000000000000000000e+00 0.000000000000000000e+00 1.000000000000000000e+00
-2.708934843540191650e-01 1.693262159824371338e-01 -9.475996494293212891e-01 3.100484311580657959e-01
-9.606685042381286621e-01 1.492234598845243454e-02 2.772960960865020752e-01 -5.051730573177337646e-02
6.109368056058883667e-02 9.854468703269958496e-01 1.586242169141769409e-01 -3.707479313015937805e-02
0.000000000000000000e+00 0.000000000000000000e+00 0.000000000000000000e+00 1.000000000000000000e+00
-1.842986494302749634e-01 -8.166004419326782227e-01 -5.469898581504821777e-01 1.775303781032562256e-01
-9.536306858062744141e-01 1.383136771619319916e-02 3.006604015827178955e-01 -5.530586093664169312e-02
-2.379538267850875854e-01 5.770378708839416504e-01 -7.812844514846801758e-01 2.749461531639099121e-01
0.000000000000000000e+00 0.000000000000000000e+00 0.000000000000000000e+00 1.000000000000000000e+00
-1.894019395112991333e-01 -8.215548992156982422e-01 -5.377496480941772461e-01 1.734135001897811890e-01
-9.709607362747192383e-01 7.518557459115982056e-02 2.271180599927902222e-01 -3.270556032657623291e-02
-1.461588591337203979e-01 5.651502609252929688e-01 -8.119376897811889648e-01 2.800232470035552979e-01
0.000000000000000000e+00 0.000000000000000000e+00 0.000000000000000000e+00 1.000000000000000000e+00
-9.808310866355895996e-02 -8.238091468811035156e-01 -5.583168864250183105e-01 1.726519018411636353e-01
-9.914103150367736816e-01 3.211370483040809631e-02 1.267837882041931152e-01 1.030030311085283756e-03
-8.651614934206008911e-02 5.659564733505249023e-01 -8.198823332786560059e-01 2.784404456615447998e-01
0.000000000000000000e+00 0.000000000000000000e+00 0.000000000000000000e+00 1.000000000000000000e+00
1.869353279471397400e-02 -8.347195386886596680e-01 -5.503575205802917480e-01 1.600648015737533569e-01
-9.997203946113586426e-01 -2.357225492596626282e-02 1.795513788238167763e-03 4.343003779649734497e-02
-1.447199750691652298e-02 5.501700639724731445e-01 -8.349267244338989258e-01 2.781867086887359619e-01
0.000000000000000000e+00 0.000000000000000000e+00 0.000000000000000000e+00 1.000000000000000000e+00
5.634251236915588379e-02 -8.434956669807434082e-01 -5.341724753379821777e-01 1.516783386468887329e-01
-9.926640987396240234e-01 9.998437017202377319e-03 -1.204907372593879700e-01 8.272087574005126953e-02
1.069743037223815918e-01 5.370425581932067871e-01 -8.367446064949035645e-01 2.703593671321868896e-01
0.000000000000000000e+00 0.000000000000000000e+00 0.000000000000000000e+00 1.000000000000000000e+00
3.547835350036621094e-02 -8.525557518005371094e-01 -5.214303731918334961e-01 1.514815241098403931e-01
-9.791867733001708984e-01 7.467640936374664307e-02 -1.887227445840835571e-01 9.625770151615142822e-02
1.998353451490402222e-01 5.172735452651977539e-01 -8.321623802185058594e-01 2.653718590736389160e-01
0.000000000000000000e+00 0.000000000000000000e+00 0.000000000000000000e+00 1.000000000000000000e+00
-3.772497549653053284e-02 -8.485119938850402832e-01 -5.278292894363403320e-01 1.618328988552093506e-01
-9.932068586349487305e-01 9.002279490232467651e-02 -7.372932136058807373e-02 5.946348980069160461e-02
1.100768521428108215e-01 5.214625000953674316e-01 -8.461441397666931152e-01 2.848546802997589111e-01
0.000000000000000000e+00 0.000000000000000000e+00 0.000000000000000000e+00 1.000000000000000000e+00
-5.586565658450126648e-02 -8.350529670715332031e-01 -5.473257899284362793e-01 1.675912290811538696e-01
-9.941198825836181641e-01 -4.408031702041625977e-03 1.081958934664726257e-01 1.977999461814761162e-03
-9.276204556226730347e-02 5.501517057418823242e-01 -8.298961520195007324e-01 2.981160581111907959e-01
0.000000000000000000e+00 0.000000000000000000e+00 0.000000000000000000e+00 1.000000000000000000e+00
1.166432723402976990e-01 -8.161683082580566406e-01 -5.659182667732238770e-01 1.602688133716583252e-01
-9.883351325988769531e-01 -1.515645831823348999e-01 1.487831771373748779e-02 3.131532669067382812e-02
-9.791649878025054932e-02 5.575816035270690918e-01 -8.243266940116882324e-01 2.992148399353027344e-01
0.000000000000000000e+00 0.000000000000000000e+00 0.000000000000000000e+00 1.000000000000000000e+00
2.084854841232299805e-01 -7.673814296722412109e-01 -6.063492298126220703e-01 1.593918353319168091e-01
-9.501793384552001953e-01 -3.058115243911743164e-01 6.032067537307739258e-02 1.601492799818515778e-02
-2.317174524068832397e-01 5.635645389556884766e-01 -7.929072976112365723e-01 2.952044010162353516e-01
0.000000000000000000e+00 0.000000000000000000e+00 0.000000000000000000e+00 1.000000000000000000e+00
3.217817246913909912e-01 -7.043387889862060547e-01 -6.327425837516784668e-01 1.520165652036666870e-01
-9.153752923011779785e-01 -4.022072255611419678e-01 -1.779669523239135742e-02 3.892417624592781067e-02
-2.419587671756744385e-01 5.849237442016601562e-01 -7.741575241088867188e-01 2.844517230987548828e-01
0.000000000000000000e+00 0.000000000000000000e+00 0.000000000000000000e+00 1.000000000000000000e+00
3.506571650505065918e-01 -6.999725103378295898e-01 -6.221557855606079102e-01 1.456039398908615112e-01
-9.235509634017944336e-01 -3.685770630836486816e-01 -1.058510914444923401e-01 6.799978762865066528e-02
-1.552195698022842407e-01 6.117101907730102539e-01 -7.757045626640319824e-01 2.764887809753417969e-01
0.000000000000000000e+00 0.000000000000000000e+00 0.000000000000000000e+00 1.000000000000000000e+00
3.674265444278717041e-01 -6.878413558006286621e-01 -6.259965300559997559e-01 1.459895074367523193e-01
-9.266895651817321777e-01 -3.279424309730529785e-01 -1.835757344961166382e-01 9.274713695049285889e-02
-7.901994884014129639e-02 6.475551128387451172e-01 -7.579101920127868652e-01 2.643591165542602539e-01
0.000000000000000000e+00 0.000000000000000000e+00 0.000000000000000000e+00 1.000000000000000000e+00
5.308879017829895020e-01 -5.839355587959289551e-01 -6.141478419303894043e-01 1.367482990026473999e-01
-8.434618115425109863e-01 -4.342494606971740723e-01 -3.162269294261932373e-01 1.288541257381439209e-01
-8.203707635402679443e-02 6.858912110328674316e-01 -7.230650782585144043e-01 2.522919476032257080e-01
0.000000000000000000e+00 0.000000000000000000e+00 0.000000000000000000e+00 1.000000000000000000e+00
6.775651574134826660e-01 -3.979040682315826416e-01 -6.185289621353149414e-01 1.340449154376983643e-01
-7.123759388923645020e-01 -5.641371607780456543e-01 -4.174559712409973145e-01 1.572953313589096069e-01
-1.828277707099914551e-01 7.234787940979003906e-01 -6.656970977783203125e-01 2.486476600170135498e-01
0.000000000000000000e+00 0.000000000000000000e+00 0.000000000000000000e+00 1.000000000000000000e+00
6.953591108322143555e-01 -3.137282133102416992e-01 -6.465681195259094238e-01 1.396789550781250000e-01
-6.523863673210144043e-01 -6.529323458671569824e-01 -3.848000764846801758e-01 1.462879925966262817e-01
-3.014427721500396729e-01 6.893866658210754395e-01 -6.586944460868835449e-01 2.578486502170562744e-01
0.000000000000000000e+00 0.000000000000000000e+00 0.000000000000000000e+00 1.000000000000000000e+00
7.394158840179443359e-01 -2.345137596130371094e-01 -6.310841441154479980e-01 1.392962485551834106e-01
-5.787081718444824219e-01 -7.003992199897766113e-01 -4.177774786949157715e-01 1.491043865680694580e-01
-3.440362811088562012e-01 6.741248369216918945e-01 -6.536010503768920898e-01 2.554076015949249268e-01
0.000000000000000000e+00 0.000000000000000000e+00 0.000000000000000000e+00 1.000000000000000000e+00
7.264443635940551758e-01 -2.224604636430740356e-01 -6.502230763435363770e-01 1.528757959604263306e-01
-5.489131808280944824e-01 -7.571107745170593262e-01 -3.542287647724151611e-01 1.219285055994987488e-01
-4.134886860847473145e-01 6.142433285713195801e-01 -6.721101999282836914e-01 2.653690278530120850e-01
0.000000000000000000e+00 0.000000000000000000e+00 0.000000000000000000e+00 1.000000000000000000e+00
7.147563695907592773e-01 -3.173919022083282471e-01 -6.232058405876159668e-01 1.527553498744964600e-01
-5.927974581718444824e-01 -7.477701306343078613e-01 -2.990498542785644531e-01 1.005566641688346863e-01
-3.710988759994506836e-01 5.831825733184814453e-01 -7.226227521896362305e-01 2.784901261329650879e-01
0.000000000000000000e+00 0.000000000000000000e+00 0.000000000000000000e+00 1.000000000000000000e+00
8.049732446670532227e-01 -1.592868715524673462e-01 -5.715291500091552734e-01 1.398282200098037720e-01
-5.300366282463073730e-01 -6.259205937385559082e-01 -5.720869302749633789e-01 1.865967065095901489e-01
-2.666061222553253174e-01 7.634461522102355957e-01 -5.882775187492370605e-01 2.402844578027725220e-01
0.000000000000000000e+00 0.000000000000000000e+00 0.000000000000000000e+00 1.000000000000000000e+00
8.483641147613525391e-01 -9.558510035276412964e-02 -5.207123756408691406e-01 1.218381822109222412e-01
-4.765585362911224365e-01 -5.662717819213867188e-01 -6.724788546562194824e-01 2.192789614200592041e-01
-2.305859029293060303e-01 8.186570405960083008e-01 -5.259568691253662109e-01 2.179556041955947876e-01
0.000000000000000000e+00 0.000000000000000000e+00 0.000000000000000000e+00 1.000000000000000000e+00
8.812400102615356445e-01 -4.411709308624267578e-02 -4.706054031848907471e-01 1.040195375680923462e-01
-4.284464716911315918e-01 -4.950441122055053711e-01 -7.558865547180175781e-01 2.472242861986160278e-01
-1.996230334043502808e-01 8.677467107772827148e-01 -4.551546871662139893e-01 1.932241916656494141e-01
0.000000000000000000e+00 0.000000000000000000e+00 0.000000000000000000e+00 1.000000000000000000e+00
9.166454672813415527e-01 1.014726702123880386e-02 -3.995724618434906006e-01 7.881496101617813110e-02
-3.623956441879272461e-01 -4.006142318248748779e-01 -8.415331244468688965e-01 2.753700613975524902e-01
-1.686136871576309204e-01 9.161908626556396484e-01 -3.635438978672027588e-01 1.606274992227554321e-01
0.000000000000000000e+00 0.000000000000000000e+00 0.000000000000000000e+00 1.000000000000000000e+00
9.587763547897338867e-01 -2.213191688060760498e-01 -1.782293766736984253e-01 3.287350293248891830e-03
-2.385584414005279541e-01 -2.861172556877136230e-01 -9.280229210853576660e-01 2.977367639541625977e-01
1.543948203325271606e-01 9.322846531867980957e-01 -3.271199166774749756e-01 1.286040842533111572e-01
0.000000000000000000e+00 0.000000000000000000e+00 0.000000000000000000e+00 1.000000000000000000e+00
9.812583923339843750e-01 -9.966108202934265137e-02 -1.649231165647506714e-01 -2.584262983873486519e-04
-1.827255040407180786e-01 -2.094919830560684204e-01 -9.605854749679565430e-01 3.055420219898223877e-01
6.118290498852729797e-02 9.727182388305664062e-01 -2.237764149904251099e-01 9.813480079174041748e-02
0.000000000000000000e+00 0.000000000000000000e+00 0.000000000000000000e+00 1.000000000000000000e+00
9.879705309867858887e-01 -7.925824075937271118e-02 -1.327878534793853760e-01 -1.038998644798994064e-02
-1.399843841791152954e-01 -9.345371276140213013e-02 -9.857335686683654785e-01 3.113771975040435791e-01
6.571799516677856445e-02 9.924638271331787109e-01 -1.034244149923324585e-01 5.678322166204452515e-02
0.000000000000000000e+00 0.000000000000000000e+00 0.000000000000000000e+00 1.000000000000000000e+00
9.826070070266723633e-01 -1.385111510753631592e-01 -1.236864253878593445e-01 -1.490213442593812943e-02
-1.295467913150787354e-01 -3.409057855606079102e-02 -9.909869432449340820e-01 3.113756477832794189e-01
1.330461949110031128e-01 9.897737503051757812e-01 -5.144125968217849731e-02 3.537977859377861023e-02
0.000000000000000000e+00 0.000000000000000000e+00 0.000000000000000000e+00 1.000000000000000000e+00
9.746173024177551270e-01 -2.054824829101562500e-01 -8.887211233377456665e-02 -2.634708955883979797e-02
-8.124525845050811768e-02 4.527809843420982361e-02 -9.956650137901306152e-01 3.089373409748077393e-01
2.086156457662582397e-01 9.776126146316528320e-01 2.743429131805896759e-02 1.005996600724756718e-03
0.000000000000000000e+00 0.000000000000000000e+00 0.000000000000000000e+00 1.000000000000000000e+00
9.518110156059265137e-01 -2.941212058067321777e-01 -8.688316494226455688e-02 -2.559510245919227600e-02
-4.932314530014991760e-02 1.328044235706329346e-01 -9.899141192436218262e-01 3.030009567737579346e-01
3.026932477951049805e-01 9.464964270591735840e-01 1.118977814912796021e-01 -3.509002178907394409e-02
0.000000000000000000e+00 0.000000000000000000e+00 0.000000000000000000e+00 1.000000000000000000e+00
9.658235311508178711e-01 -1.837894469499588013e-01 -1.827733069658279419e-01 -1.093199593015015125e-03
-1.506680548191070557e-01 1.756984144449234009e-01 -9.728457927703857422e-01 3.055356144905090332e-01
2.109117954969406128e-01 9.671356678009033203e-01 1.420024484395980835e-01 -3.004554845392704010e-02
0.000000000000000000e+00 0.000000000000000000e+00 0.000000000000000000e+00 1.000000000000000000e+00
9.602042436599731445e-01 -1.021011024713516235e-01 -2.599677443504333496e-01 2.218329720199108124e-02
-2.381854653358459473e-01 1.867513060569763184e-01 -9.530957341194152832e-01 3.085908889770507812e-01
1.458614468574523926e-01 9.770871400833129883e-01 1.550003737211227417e-01 -2.721115015447139740e-02
0.000000000000000000e+00 0.000000000000000000e+00 0.000000000000000000e+00 1.000000000000000000e+00
9.069658517837524414e-01 3.338706791400909424e-01 -2.567943036556243896e-01 3.617794066667556763e-02
-3.504558503627777100e-01 2.599621415138244629e-01 -8.997778296470642090e-01 3.078554272651672363e-01
-2.336526811122894287e-01 9.060627818107604980e-01 3.527836799621582031e-01 -6.178361177444458008e-02
0.000000000000000000e+00 0.000000000000000000e+00 0.000000000000000000e+00 1.000000000000000000e+00
9.280902743339538574e-01 1.583811491727828979e-01 -3.369922041893005371e-01 5.488292872905731201e-02
-3.719847500324249268e-01 3.540150523185729980e-01 -8.580794930458068848e-01 3.004129528999328613e-01
-1.660336181521415710e-02 9.217312932014465332e-01 3.874733448028564453e-01 -8.652387559413909912e-02
0.000000000000000000e+00 0.000000000000000000e+00 0.000000000000000000e+00 1.000000000000000000e+00
8.860792517662048340e-01 1.359050720930099487e-01 -4.431630671024322510e-01 9.105961769819259644e-02
-4.561393857002258301e-01 4.257362186908721924e-01 -7.814636826515197754e-01 2.869878113269805908e-01
8.246558904647827148e-02 8.945828080177307129e-01 4.392276108264923096e-01 -1.120066195726394653e-01
0.000000000000000000e+00 0.000000000000000000e+00 0.000000000000000000e+00 1.000000000000000000e+00
8.708932995796203613e-01 1.204858943819999695e-01 -4.764746427536010742e-01 1.025117412209510803e-01
-4.658134877681732178e-01 5.115138292312622070e-01 -7.220605015754699707e-01 2.691757082939147949e-01
1.567251980304718018e-01 8.507859110832214355e-01 5.015977621078491211e-01 -1.392677575349807739e-01
0.000000000000000000e+00 0.000000000000000000e+00 0.000000000000000000e+00 1.000000000000000000e+00
8.585117459297180176e-01 1.134550496935844421e-01 -5.000854730606079102e-01 1.106197759509086609e-01
-4.640330970287322998e-01 5.869351029396057129e-01 -6.634608507156372070e-01 2.530218660831451416e-01
2.182447165250778198e-01 8.016452789306640625e-01 5.565376877784729004e-01 -1.583954542875289917e-01
0.000000000000000000e+00 0.000000000000000000e+00 0.000000000000000000e+00 1.000000000000000000e+00
8.330150842666625977e-01 7.103926688432693481e-02 -5.486705303192138672e-01 1.237435117363929749e-01
-4.395944476127624512e-01 6.871388554573059082e-01 -5.784433484077453613e-01 2.274584174156188965e-01
3.359205722808837891e-01 7.230445742607116699e-01 6.036254763603210449e-01 -1.803414523601531982e-01
0.000000000000000000e+00 0.000000000000000000e+00 0.000000000000000000e+00 1.000000000000000000e+00
8.138729333877563477e-01 7.868517190217971802e-02 -5.756903886795043945e-01 1.339132338762283325e-01
-4.356033802032470703e-01 7.383178472518920898e-01 -5.149140357971191406e-01 2.085153460502624512e-01
3.845263421535491943e-01 6.698472499847412109e-01 6.351723670959472656e-01 -1.946850866079330444e-01
0.000000000000000000e+00 0.000000000000000000e+00 0.000000000000000000e+00 1.000000000000000000e+00
7.822772264480590820e-01 1.187474280595779419e-01 -6.115074753761291504e-01 1.489941179752349854e-01
-4.423859119415283203e-01 7.970238924026489258e-01 -4.111540615558624268e-01 1.779583692550659180e-01
4.385625422000885010e-01 5.921587944030761719e-01 6.760258078575134277e-01 -2.130024433135986328e-01
0.000000000000000000e+00 0.000000000000000000e+00 0.000000000000000000e+00 1.000000000000000000e+00
7.516739964485168457e-01 1.853706687688827515e-01 -6.329483389854431152e-01 1.600566506385803223e-01
-4.533831179141998291e-01 8.422075510025024414e-01 -2.917705178260803223e-01 1.423497051000595093e-01
4.789882004261016846e-01 5.062844753265380859e-01 7.171095609664916992e-01 -2.310687601566314697e-01
0.000000000000000000e+00 0.000000000000000000e+00 0.000000000000000000e+00 1.000000000000000000e+00
7.239304184913635254e-01 2.537846565246582031e-01 -6.414965987205505371e-01 1.670806407928466797e-01
-4.514986276626586914e-01 8.773645758628845215e-01 -1.624200195074081421e-01 1.025937646627426147e-01
5.216065645217895508e-01 4.072157144546508789e-01 7.497343420982360840e-01 -2.466657459735870361e-01
0.000000000000000000e+00 0.000000000000000000e+00 0.000000000000000000e+00 1.000000000000000000e+00
6.980630159378051758e-01 3.360174298286437988e-01 -6.322975158691406250e-01 1.675994098186492920e-01
-4.327360689640045166e-01 9.015195965766906738e-01 1.343243173323571682e-03 5.148540437221527100e-02
5.704798698425292969e-01 2.726803719997406006e-01 7.747244238853454590e-01 -2.599047720432281494e-01
0.000000000000000000e+00 0.000000000000000000e+00 0.000000000000000000e+00 1.000000000000000000e+00
6.866891980171203613e-01 3.849672973155975342e-01 -6.166505217552185059e-01 1.618507355451583862e-01
-3.652050197124481201e-01 9.161425232887268066e-01 1.652516871690750122e-01 -5.686826072633266449e-03
6.285562515258789062e-01 1.117274537682533264e-01 7.696972489356994629e-01 -2.596140503883361816e-01
0.000000000000000000e+00 0.000000000000000000e+00 0.000000000000000000e+00 1.000000000000000000e+00
6.795278787612915039e-01 4.134571254253387451e-01 -6.060486435890197754e-01 1.574414819478988647e-01
-2.908985614776611328e-01 9.102066755294799805e-01 2.947910726070404053e-01 -5.176100507378578186e-02
6.735129952430725098e-01 -2.402001433074474335e-02 7.387849688529968262e-01 -2.524544298648834229e-01
0.000000000000000000e+00 0.000000000000000000e+00 0.000000000000000000e+00 1.000000000000000000e+00
6.642155647277832031e-01 4.539414346218109131e-01 -5.939315557479858398e-01 1.537553369998931885e-01
-2.372598201036453247e-01 8.814498782157897949e-01 4.083550274372100830e-01 -9.078633040189743042e-02
7.088901400566101074e-01 -1.303196549415588379e-01 6.931748986244201660e-01 -2.399482280015945435e-01
0.000000000000000000e+00 0.000000000000000000e+00 0.000000000000000000e+00 1.000000000000000000e+00
