1 0 0 -0.04542167112231255 
0 1 0 0.0009935460984706879 
0 0 1 -0.2875000238418579 
0 0 0 1 

0.9964213967323303 0.08334761112928391 0.01405890099704266 -0.04821266978979111 
-0.08307788521051407 0.9963659644126892 -0.01878801733255386 0.0103842755779624 
-0.01557373721152544 0.0175528060644865 0.9997246265411377 -0.2934105396270752 
0 0 0 1 

0.9861530065536499 0.1626276671886444 0.03247100114822388 -0.05196777731180191 
-0.1609093844890594 0.985704779624939 -0.04994029924273491 0.02472574822604656 
-0.04012853652238846 0.04402385279536247 0.9982241988182068 -0.2926703691482544 
0 0 0 1 

0.894254744052887 0.4473318159580231 -0.01423392724245787 -0.02526100911200047 
-0.4403685331344604 0.8851217031478882 0.1504494100809097 -0.02077091112732887 
0.07989960908889771 -0.1282718926668167 0.9885152578353882 -0.26778444647789 
0 0 0 1 

0.8969789147377014 0.4418469667434692 -0.01414121780544519 -0.02507743239402771 
-0.4239985942840576 0.8689181208610535 0.2553554475307465 -0.05373121425509453 
0.1251156479120255 -0.2230525761842728 0.9667437672615051 -0.263193666934967 
0 0 0 1 

0.8993323445320129 0.4368340373039246 -0.01942434348165989 -0.02330870553851128 
-0.3996916711330414 0.8392573595046997 0.3686372935771942 -0.09133308380842209 
0.1773354858160019 -0.3237636387348175 0.9293702840805054 -0.2536537349224091 
0 0 0 1 

0.9047945737838745 0.4256703555583954 -0.01230138447135687 -0.02651933394372463 
-0.3736379444599152 0.8073920011520386 0.4566316604614258 -0.120134212076664 
0.2043067812919617 -0.4085615575313568 0.8895707130432129 -0.2438642531633377 
0 0 0 1 

0.9125117659568787 0.4087913036346436 -0.01455698814243078 -0.02868575602769852 
-0.3344236314296722 0.7660542130470276 0.5489276647567749 -0.1508024334907532 
0.2355483621358871 -0.49603471159935 0.8357430100440979 -0.2309976369142532 
0 0 0 1 

0.9071568846702576 0.4207010269165039 0.008772403001785278 -0.03673753142356873 
-0.3330411612987518 0.7050817608833313 0.626053512096405 -0.1740686297416687 
0.2571962475776672 -0.5708503127098083 0.7797306180000305 -0.2175184488296509 
0 0 0 1 

0.9100023508071899 0.413926362991333 0.0236800629645586 -0.04193108528852463 
-0.318288266658783 0.6608626246452332 0.6796714067459106 -0.1900573670864105 
0.2656847834587097 -0.6260396242141724 0.7331344485282898 -0.2049316465854645 
0 0 0 1 

