-0.4689509272575378 -0.4607206284999847 0.7535393238067627 -0.201890230178833 
-0.8830989599227905 0.2302189320325851 -0.4088220000267029 0.1686839163303375 
0.01487377565354109 -0.8571672439575195 -0.5148232579231262 0.1521813124418259 
0 0 0 1 

-0.4953362941741943 -0.5312574505805969 0.6873186826705933 -0.1829933673143387 
-0.8686918616294861 0.2992962300777435 -0.394709974527359 0.1643249690532684 
0.003980828449130058 -0.7925825119018555 -0.6097511649131775 0.1838018596172333 
0 0 0 1 

-0.4630039930343628 -0.5956743955612183 0.6563529968261719 -0.1782353818416595 
-0.8848817348480225 0.3533383309841156 -0.3035396933555603 0.1374150961637497 
-0.05110382288694382 -0.7213348746299744 -0.6906984448432922 0.2131569385528564 
0 0 0 1 

-0.2609871327877045 -0.7693299651145935 0.5831094980239868 -0.1767439693212509 
-0.6820448637008667 0.5744253993034363 0.452603667974472 -0.100115180015564 
-0.6831545233726501 -0.2795831263065338 -0.6746351718902588 0.2465361207723618 
0 0 0 1 

-0.1897076070308685 -0.7475839853286743 0.6364975571632385 -0.195995420217514 
-0.7310422658920288 0.540302574634552 0.4167137145996094 -0.08612546324729919 
-0.6554297804832458 -0.3862528800964355 -0.6490150094032288 0.2367658168077469 
0 0 0 1 

-0.1230015084147453 -0.7093509435653687 0.6940400004386902 -0.2168137431144714 
-0.7793280482292175 0.5020285844802856 0.3749866187572479 -0.07128756493330002 
-0.614425003528595 -0.4947609603404999 -0.6145673394203186 0.2239991575479507 
0 0 0 1 

-0.07300367206335068 -0.6589661240577698 0.7486215233802795 -0.2356507629156113 
-0.8110406398773193 0.476066380739212 0.3399617075920105 -0.05885519087314606 
-0.580416738986969 -0.5823439955711365 -0.5692028999328613 0.2083728313446045 
0 0 0 1 

-0.02649024873971939 -0.579858660697937 0.8142863512039185 -0.2578022480010986 
-0.8813972473144531 0.3978618979454041 0.2546466290950775 -0.02811412513256073 
-0.4716325998306274 -0.7109640836715698 -0.5216252207756042 0.1871119886636734 
0 0 0 1 

-0.04159029945731163 -0.5508139729499817 0.8335910439491272 -0.2623856663703918 
-0.9283652901649475 0.3297119140625 0.1715454161167145 0.001177850062958896 
-0.3693344295024872 -0.7667424082756042 -0.5250692963600159 0.1833546757698059 
0 0 0 1 

-0.07644248008728027 -0.5168682336807251 0.852645218372345 -0.2660315334796906 
-0.9606301188468933 0.2672646939754486 0.07589058578014374 0.0325893722474575 
-0.2671074271202087 -0.8132753968238831 -0.5169495344161987 0.1752774119377136 
0 0 0 1 

