0.9849429130554199 0.1679774671792984 0.04087607562541962 -0.05418593063950539 
-0.1658256202936172 0.9848179221153259 -0.05133620649576187 0.02577306143939495 
-0.04887885972857475 0.04378489404916763 0.9978445172309875 -0.2921274602413177 
0 0 0 1 

0.965849757194519 0.2550675272941589 0.04554766416549683 -0.05342134833335876 
-0.2513459920883179 0.9650364518165588 -0.07436181604862213 0.03742384165525436 
-0.06292248517274857 0.06037408113479614 0.99619060754776 -0.291686475276947 
0 0 0 1 

0.9365891218185425 0.3455878496170044 0.05804912745952606 -0.05437946319580078 
-0.3368922472000122 0.9335662126541138 -0.1223014071583748 0.05686919391155243 
-0.09645862877368927 0.0949898436665535 0.9907939434051514 -0.2889018952846527 
0 0 0 1 

0.8897405862808228 0.4547945857048035 0.03902951255440712 -0.04529600590467453 
-0.4460892677307129 0.884457528591156 -0.1368903368711472 0.06576289981603622 
-0.09677700698375702 0.1043862029910088 0.9898170232772827 -0.2897233664989471 
0 0 0 1 

0.843193531036377 0.5370414257049561 0.02471741288900375 -0.03792077302932739 
-0.5264542102813721 0.8341411352157593 -0.1644819229841232 0.07804188132286072 
-0.1089514866471291 0.1256774812936783 0.9860703349113464 -0.2885878384113312 
0 0 0 1 

0.8690965175628662 0.4943916499614716 -0.01574722118675709 -0.03236907348036766 
-0.460584968328476 0.7972381711006165 -0.3902210593223572 0.1353855431079865 
-0.1803679019212723 0.3463926315307617 0.9205864667892456 -0.2367022633552551 
0 0 0 1 

0.87649005651474 0.4811807870864868 -0.01517217978835106 -0.03078088164329529 
-0.468548446893692 0.8453931212425232 -0.2564619779586792 0.09831371158361435 
-0.1105781421065331 0.2318952828645706 0.9664351940155029 -0.2524182498455048 
0 0 0 1 

-0.2212941348552704 0.8742678761482239 0.4320702254772186 -0.1123976036906242 
-0.8095040917396545 0.08238465338945389 -0.5813053846359253 0.2308783531188965 
-0.5438125729560852 -0.4784020185470581 0.6894921064376831 -0.2066435664892197 
0 0 0 1 

-0.1772974729537964 0.8465577363967896 0.5019019842147827 -0.1402377337217331 
-0.8654265403747559 0.1087237372994423 -0.4890971481800079 0.2021888494491577 
-0.4686175882816315 -0.5210750102996826 0.713357150554657 -0.2195512056350708 
0 0 0 1 

-0.1489360183477402 0.8309515714645386 0.5360389351844788 -0.1564748287200928 
-0.8958292603492737 0.1161484494805336 -0.4289520084857941 0.1819412708282471 
-0.4186983108520508 -0.5440856218338013 0.7270919680595398 -0.22484390437603 
0 0 0 1 

