0.9855228066444397 0.1640871316194534 0.04266257956624031 -0.05495282635092735 
-0.1619188636541367 0.9855305552482605 -0.05011753737926483 0.02511534467339516 
-0.05026894062757492 0.04248407483100891 0.9978317022323608 -0.2921928763389587 
0 0 0 1 

0.9661096334457397 0.2537552714347839 0.04733178019523621 -0.05409611389040947 
-0.2498030066490173 0.9652883410453796 -0.07626769691705704 0.03832826390862465 
-0.06504218280315399 0.06185930222272873 0.9959633350372314 -0.291650116443634 
0 0 0 1 

-0.2208140939474106 0.8718878030776978 0.4370960295200348 -0.11405960470438 
-0.8138962984085083 0.08221486210823059 -0.5751640200614929 0.2287872284650803 
-0.5374142527580261 -0.4827551245689392 0.6914719343185425 -0.2074946016073227 
0 0 0 1 

-0.1911633908748627 0.8313129544258118 0.5218958854675293 -0.1465559303760529 
-0.8661502003669739 0.1072753742337227 -0.4881349503993988 0.2015374302864075 
-0.4617794752120972 -0.5453537702560425 0.6995348334312439 -0.2157143950462341 
0 0 0 1 

-0.1851127147674561 0.7591655254364014 0.624019980430603 -0.1869249194860458 
-0.9029145240783691 0.1192664057016373 -0.4129418134689331 0.1768149733543396 
-0.3879157602787018 -0.6398774981498718 0.6633838415145874 -0.204248234629631 
0 0 0 1 

-0.156061589717865 0.7335299253463745 0.6614972949028015 -0.2020015120506287 
-0.9367620944976807 0.1024687960743904 -0.3346295654773712 0.1518657654523849 
-0.3132436275482178 -0.6718883514404297 0.6711515784263611 -0.2074962556362152 
0 0 0 1 

-0.1064593940973282 0.7134888172149658 0.6925315856933594 -0.2149767875671387 
-0.9650988578796387 0.09345535188913345 -0.2446432262659073 0.1212920993566513 
-0.2392709702253342 -0.6944060325622559 0.6786381006240845 -0.2084518074989319 
0 0 0 1 

-0.1360532343387604 0.6232919096946716 0.7700626850128174 -0.242213100194931 
-0.9668628573417664 0.0859508141875267 -0.2403925210237503 0.1222240254282951 
-0.2160221338272095 -0.7772512435913086 0.5909440517425537 -0.1737134605646133 
0 0 0 1 

-0.196248397231102 0.5914405584335327 0.7821028232574463 -0.2452635318040848 
-0.9745796918869019 -0.02973430790007114 -0.2220597118139267 0.1189862415194511 
-0.1080799028277397 -0.8058002591133118 0.5822411179542542 -0.1696334183216095 
0 0 0 1 

-0.2283496409654617 0.4908748269081116 0.8407725691795349 -0.2575463652610779 
-0.9700154662132263 -0.04088867083191872 -0.2395790219306946 0.1243426650762558 
-0.08322526514530182 -0.8702701926231384 0.4854930937290192 -0.1341468542814255 
0 0 0 1 

