0.1767729520797729 0.7712090015411377 -0.6115454435348511 0.196802482008934 
-0.9615063667297363 0.2681118547916412 0.06017864122986794 0.0427166223526001 
0.2103728950023651 0.5773668885231018 0.7889174222946167 -0.2580572366714478 
0 0 0 1 

0.1340419203042984 0.6713243722915649 -0.7289419770240784 0.2380755394697189 
-0.9742169380187988 0.2239766418933868 0.02712841704487801 0.05377558246254921 
0.1814779788255692 0.7065111994743347 0.6840377449989319 -0.2224623262882233 
0 0 0 1 

0.1092095747590065 0.5747362375259399 -0.8110188245773315 0.2660113275051117 
-0.9836920499801636 0.1797903329133987 -0.005051098763942719 0.06480178236961365 
0.1429102718830109 0.7983443737030029 0.5849983096122742 -0.1883494406938553 
0 0 0 1 

0.08289002627134323 0.5110511779785156 -0.8555441498756409 0.2823866307735443 
-0.990597128868103 0.1360157877206802 -0.01472694892436266 0.06857236474752426 
0.1088412404060364 0.8487204313278198 0.5175203084945679 -0.1645655632019043 
0 0 0 1 

0.1575067192316055 0.5158708095550537 -0.8420622944831848 0.2712593078613281 
-0.9872976541519165 0.1002717688679695 -0.1232435256242752 0.1034577786922455 
0.02085741609334946 0.8507778644561768 0.5251114368438721 -0.1597681492567062 
0 0 0 1 

0.2649598121643066 0.5721333622932434 -0.7761828303337097 0.2423717826604843 
-0.9595595002174377 0.07706566900014877 -0.2707517445087433 0.1491375267505646 
-0.09508904814720154 0.8165318965911865 0.569415271282196 -0.1643878221511841 
0 0 0 1 

0.3237749934196472 0.6131669878959656 -0.7205526828765869 0.221188873052597 
-0.9279356598854065 0.05714261904358864 -0.3683345317840576 0.1775552481412888 
-0.1846761852502823 0.787883996963501 0.5874807238578796 -0.163263812661171 
0 0 0 1 

0.3690077066421509 0.6293749213218689 -0.6839010119438171 0.2063469737768173 
-0.8891013264656067 0.02464435808360577 -0.4570467174053192 0.2022671401500702 
-0.2707993686199188 0.7767110466957092 0.5686718821525574 -0.1502947956323624 
0 0 0 1 

0.425528347492218 0.6354525089263916 -0.6443026065826416 0.18857641518116 
-0.8390977382659912 0.0104431826621294 -0.5438807010650635 0.2253739088773727 
-0.3388816714286804 0.7720694541931152 0.5376505255699158 -0.1339742690324783 
0 0 0 1 

0.4351340532302856 0.645653247833252 -0.6275271773338318 0.1834376454353333 
-0.8196192383766174 -0.004430778790265322 -0.5728915333747864 0.2298449873924255 
-0.3726696968078613 0.7636179327964783 0.5272617936134338 -0.1270443052053452 
0 0 0 1 

