0.8748306632041931 0.1495703160762787 -0.4607601165771484 0.1050727516412735 
-0.3657127618789673 -0.4198408424854279 -0.8306546211242676 0.2712239325046539 
-0.3176872730255127 0.8951880931854248 -0.3125898838043213 0.150782510638237 
0 0 0 1 

0.9799953699111938 -0.1092267334461212 -0.1663689315319061 0.0006242092349566519 
-0.1874317526817322 -0.2254382222890854 -0.9560578465461731 0.303586483001709 
0.06692114472389221 0.9681150913238525 -0.2414009571075439 0.102537490427494 
0 0 0 1 

0.981034517288208 -0.1432762444019318 -0.1305499076843262 -0.01146874483674765 
-0.1473759859800339 -0.1138719022274017 -0.9825037121772766 0.3099043071269989 
0.125903457403183 0.9831098914146423 -0.1328277140855789 0.06203969568014145 
0 0 0 1 

0.9649218320846558 -0.2326356917619705 -0.1216816827654839 -0.01578948274254799 
-0.1379272043704987 -0.05482855811715126 -0.9889235496520996 0.3103158175945282 
0.2233872711658478 0.9710171222686768 -0.08499211072921753 0.03962641954421997 
0 0 0 1 

0.9950883388519287 0.01052253879606724 -0.09843029081821442 -0.02183820493519306 
-0.09871634095907211 0.03144348412752151 -0.9946187138557434 0.3089880347251892 
-0.00737092038616538 0.9994500279426575 0.032327800989151 0.01066379062831402 
0 0 0 1 

0.9852741956710815 0.05102279782295227 -0.1631906777620316 -0.004279561340808868 
-0.1694782078266144 0.1651645749807358 -0.9715957641601562 0.3056438565254211 
-0.02262022905051708 0.9849451780319214 0.1713795959949493 -0.02629711851477623 
0 0 0 1 

0.7287836074829102 0.6797688007354736 -0.08239594101905823 -0.003576132468879223 
-0.2701637744903564 0.174880787730217 -0.9467988014221191 0.3078242838382721 
-0.6291948556900024 0.712271511554718 0.3110990822315216 -0.03635130450129509 
0 0 0 1 

0.697333812713623 0.7121871709823608 0.08071569353342056 -0.03356768190860748 
-0.1062426045536995 0.2140775918960571 -0.9710215926170349 0.2745892107486725 
-0.7088286280632019 0.6685506701469421 0.2249482125043869 0.005055961664766073 
0 0 0 1 

0.9754893779754639 0.2149410247802734 0.04712575674057007 -0.05705289170145988 
0.0465431734919548 0.007773688994348049 -0.9988860487937927 0.2680420279502869 
-0.2150679379701614 0.9765961170196533 -0.002420872449874878 0.06047042831778526 
0 0 0 1 

0.4858492612838745 0.8094928860664368 0.3296555280685425 -0.1134532541036606 
0.1154379323124886 0.3144287467002869 -0.9422361254692078 0.3028584122657776 
-0.8663862347602844 0.4958394169807434 0.05931873247027397 0.06648720800876617 
0 0 0 1 

