0.8586363792419434 0.1316568851470947 -0.4953888058662415 0.1094032227993011 
-0.4718379378318787 0.5806275606155396 -0.6635062694549561 0.2533154785633087 
0.2002812176942825 0.803453803062439 0.5606686472892761 -0.1586015969514847 
0 0 0 1 

0.8431641459465027 0.09606050699949265 -0.5290052890777588 0.1175056844949722 
-0.4437810182571411 0.6798074245452881 -0.5838837027549744 0.2293217778205872 
0.303533524274826 0.7270722985267639 0.6158190965652466 -0.1821830272674561 
0 0 0 1 

0.5792744159698486 0.7862293124198914 0.2151383608579636 -0.06350719183683395 
-0.6107185482978821 0.5934233069419861 -0.524281919002533 0.1890072375535965 
-0.5398739576339722 0.1723140627145767 0.8239198327064514 -0.2006037086248398 
0 0 0 1 

0.638854444026947 0.7394623160362244 0.2122744172811508 -0.06726716458797455 
-0.4980000555515289 0.6078017950057983 -0.6185247898101807 0.2121375501155853 
-0.5863965749740601 0.2894346117973328 0.7565491795539856 -0.1737463176250458 
0 0 0 1 

0.715987503528595 0.6736451387405396 0.1832050234079361 -0.06455818563699722 
-0.3939671516418457 0.6065404415130615 -0.6905783414840698 0.2277241051197052 
-0.5763260722160339 0.4222686290740967 0.6996694803237915 -0.1533480733633041 
0 0 0 1 

0.780168890953064 0.6077190041542053 0.148371234536171 -0.06023736670613289 
-0.3670118451118469 0.636723518371582 -0.6781483888626099 0.2231913805007935 
-0.5065951943397522 0.4746162593364716 0.7197920680046082 -0.16241055727005 
0 0 0 1 

0.86347496509552 0.4925550520420074 0.1086292788386345 -0.05687116831541061 
-0.3012854158878326 0.6763955950737 -0.6720980405807495 0.2164731621742249 
-0.4045217931270599 0.5476113557815552 0.7324504852294922 -0.1703676879405975 
0 0 0 1 

0.8815759420394897 0.466629683971405 0.07127760350704193 -0.04669945314526558 
-0.2607553601264954 0.607266902923584 -0.7504887580871582 0.2313239425420761 
-0.3934849202632904 0.6430268287658691 0.6570281386375427 -0.1459590792655945 
0 0 0 1 

0.858340859413147 0.5045155882835388 0.09335373342037201 -0.05137934163212776 
-0.2663319408893585 0.5936296582221985 -0.7593885064125061 0.2332444339990616 
-0.4385409653186798 0.6269510388374329 0.6439052224159241 -0.1384761333465576 
0 0 0 1 

0.8106290698051453 0.5713960528373718 0.1280115395784378 -0.05794692784547806 
-0.3243440389633179 0.62016361951828 -0.7142813205718994 0.2236751019954681 
-0.4875257313251495 0.5374974012374878 0.6880516409873962 -0.1513917297124863 
0 0 0 1 

