0.8586363792419434 0.1316568851470947 -0.4953887164592743 0.1094032227993011 
-0.4718378484249115 0.5806276798248291 -0.6635062098503113 0.2533154785633087 
0.2002812325954437 0.8034537434577942 0.5606687664985657 -0.1586016118526459 
0 0 0 1 

0.8431642055511475 0.09606058895587921 -0.529005229473114 0.1175056099891663 
-0.4437809586524963 0.6798075437545776 -0.5838836431503296 0.2293216735124588 
0.303533524274826 0.7270722389221191 0.6158192157745361 -0.1821830123662949 
0 0 0 1 

0.5792744159698486 0.7862293720245361 0.2151383608579636 -0.06350722163915634 
-0.6107185482978821 0.5934233069419861 -0.524281919002533 0.1890072524547577 
-0.5398739576339722 0.1723140478134155 0.8239198327064514 -0.200603723526001 
0 0 0 1 

0.638854444026947 0.7394623160362244 0.212274432182312 -0.06726718693971634 
-0.4980000555515289 0.6078017950057983 -0.6185248494148254 0.2121375501155853 
-0.5863965749740601 0.2894346415996552 0.7565491795539856 -0.1737463027238846 
0 0 0 1 

0.7159875631332397 0.67364501953125 0.1832050085067749 -0.06455817818641663 
-0.3939671218395233 0.6065405607223511 -0.690578281879425 0.2277240604162216 
-0.5763260126113892 0.4222686290740967 0.6996695399284363 -0.1533480882644653 
0 0 0 1 

0.7801689505577087 0.6077188849449158 0.1483712643384933 -0.06023731455206871 
-0.3670118749141693 0.6367236971855164 -0.6781483292579651 0.2231912761926651 
-0.5065950751304626 0.4746162295341492 0.7197922468185425 -0.1624105721712112 
0 0 0 1 

0.8634750247001648 0.4925549328327179 0.1086293011903763 -0.0568712092936039 
-0.3012854158878326 0.6763957738876343 -0.67209792137146 0.2164731621742249 
-0.4045216739177704 0.5476112365722656 0.732450544834137 -0.1703677475452423 
0 0 0 1 

0.8815759420394897 0.4666295945644379 0.07127761095762253 -0.04669941589236259 
-0.260755330324173 0.6072670221328735 -0.7504885792732239 0.2313238233327866 
-0.3934848308563232 0.6430266499519348 0.6570282578468323 -0.1459590792655945 
0 0 0 1 

0.8583409190177917 0.504515528678894 0.0933537632226944 -0.05137937143445015 
-0.2663319408893585 0.5936298370361328 -0.7593883275985718 0.2332444190979004 
-0.4385408759117126 0.6269509792327881 0.6439054012298584 -0.1384762078523636 
0 0 0 1 

0.841886579990387 0.5312896370887756 0.09464830905199051 -0.05107658728957176 
-0.3019251525402069 0.6090853214263916 -0.7333866357803345 0.2276574522256851 
-0.4472896754741669 0.5888516902923584 0.6731905341148376 -0.1474877148866653 
0 0 0 1 

