0.8427730202674866 -0.0813170000910759 -0.5320912599563599 0.1263917833566666 
-0.4809141755104065 -0.5577682256698608 -0.6764730215072632 0.2220023423433304 
-0.2417749613523483 0.8260034322738647 -0.5091785788536072 0.2138988971710205 
0 0 0 1 

0.874066174030304 -0.01690928265452385 -0.4855124950408936 0.1102612540125847 
-0.4313479065895081 -0.4867705702781677 -0.759600818157196 0.249646931886673 
-0.2234888821840286 0.8733661770820618 -0.432763397693634 0.1879621148109436 
0 0 0 1 

0.8991658687591553 0.08817128092050552 -0.4286333322525024 0.0914347767829895 
-0.3642345368862152 -0.3921200633049011 -0.8447335362434387 0.2776075005531311 
-0.2425570338964462 0.9156786799430847 -0.3204659819602966 0.1514436304569244 
0 0 0 1 

0.9623541831970215 -0.1998109817504883 -0.1842553466558456 0.00586430449038744 
-0.2361856997013092 -0.2793006002902985 -0.9307026267051697 0.2994601130485535 
0.1345019787549973 0.9391840100288391 -0.3159785568714142 0.1268533021211624 
0 0 0 1 

0.9817591905593872 0.009692075662314892 -0.1898814588785172 0.01023317128419876 
-0.1844409555196762 -0.1939004957675934 -0.9635267853736877 0.3077154755592346 
-0.04615668952465057 0.9809731841087341 -0.1885759383440018 0.09346824884414673 
0 0 0 1 

0.9900021553039551 -0.001207340275868773 -0.1410470753908157 -0.006281612906605005 
-0.1406403928995132 -0.08480722457170486 -0.9864217638969421 0.3125913441181183 
-0.01077086478471756 0.9963966012001038 -0.08412913233041763 0.05558009073138237 
0 0 0 1 

0.9888190031051636 -0.07796546071767807 -0.1271157264709473 -0.01266590133309364 
-0.1293077766895294 -0.0237226840108633 -0.991320788860321 0.312382847070694 
0.07427327334880829 0.9966738820075989 -0.03353896737098694 0.03349423035979271 
0 0 0 1 

0.9915387034416199 -0.09714161604642868 -0.08610763400793076 -0.02641524560749531 
-0.08059749007225037 0.05929460749030113 -0.9949814677238464 0.3098208904266357 
0.1017598286271095 0.993502676486969 0.05096353963017464 0.0005785523680970073 
0 0 0 1 

0.9772778749465942 -0.1979123651981354 -0.07588565349578857 -0.02947584167122841 
-0.0464504212141037 0.1493430137634277 -0.9876937866210938 0.3031960427761078 
0.2068098038434982 0.9687762260437012 0.13675656914711 -0.03673823177814484 
0 0 0 1 

0.9757699370384216 -0.2061612010002136 -0.07328350096940994 -0.02704040519893169 
-0.03595086559653282 0.1793150901794434 -0.9831346273422241 0.2968600392341614 
0.2158249914646149 0.9619475603103638 0.167558565735817 -0.04252540692687035 
0 0 0 1 

