0.01633740775287151 -0.8404445648193359 -0.5416511297225952 0.1576372087001801 
-0.9994768500328064 -0.02885003201663494 0.01461823564022779 0.03987662494182587 
-0.02791247889399529 0.541128933429718 -0.8404762744903564 0.2810161709785461 
0 0 0 1 

0.05224763602018356 -0.8462598323822021 -0.5302020907402039 0.1508311033248901 
-0.9941494464874268 0.00618320144712925 -0.1078350469470024 0.07864328473806381 
0.09453477710485458 0.5327342748641968 -0.8409857749938965 0.2728994786739349 
0 0 0 1 

0.03203891590237617 -0.8584843873977661 -0.5118379592895508 0.1487267464399338 
-0.9817339777946472 0.06905961036682129 -0.1772830039262772 0.09263303130865097 
0.1875419765710831 0.508168637752533 -0.8405905961990356 0.2691666781902313 
0 0 0 1 

-0.04020803049206734 -0.853062629699707 -0.5202569365501404 0.1595202088356018 
-0.9944209456443787 0.08498153835535049 -0.06248980015516281 0.05591422691941261 
0.09751994162797928 0.5148418545722961 -0.8517202734947205 0.2877196967601776 
0 0 0 1 

0.1154213324189186 -0.8138725757598877 -0.5694639682769775 0.1618859767913818 
-0.9872508645057678 -0.1572519242763519 0.02464323863387108 0.02842779643833637 
-0.1096058487892151 0.5593594908714294 -0.8216466307640076 0.2994029223918915 
0 0 0 1 

0.3177992701530457 -0.7024186849594116 -0.6368764042854309 0.1537002325057983 
-0.913280189037323 -0.4072795808315277 -0.006530316546559334 0.03568144515156746 
-0.2547997534275055 0.583721935749054 -0.7709382176399231 0.2847540676593781 
0 0 0 1 

0.3483684062957764 -0.6960539221763611 -0.627812385559082 0.1476417630910873 
-0.922193169593811 -0.3744908273220062 -0.09652092307806015 0.06475643813610077 
-0.1679262816905975 0.6125891208648682 -0.7723569869995117 0.2768911123275757 
0 0 0 1 

0.3673765063285828 -0.6916731595993042 -0.6217899322509766 0.1447304785251617 
-0.9258624315261841 -0.3355093598365784 -0.173816129565239 0.08960537612438202 
-0.0883924588561058 0.6395478844642639 -0.7636523246765137 0.2670183181762695 
0 0 0 1 

0.7257335186004639 -0.2283766716718674 -0.648964524269104 0.1525223851203918 
-0.5478579998016357 -0.7624049186706543 -0.3443692326545715 0.118443176150322 
-0.4161279201507568 0.6054607033729553 -0.6784207224845886 0.2679701149463654 
0 0 0 1 

0.7025784850120544 -0.313428521156311 -0.6388630867004395 0.159266859292984 
-0.5984466671943665 -0.7459993362426758 -0.2921412587165833 0.09699954092502594 
-0.3850260972976685 0.5875776410102844 -0.7116934061050415 0.2772515714168549 
0 0 0 1 

