0.676393449306488 -0.4010257422924042 -0.6177946925163269 0.1339406222105026 
-0.7145775556564331 -0.5606006979942322 -0.418456643819809 0.1588538289070129 
-0.1785242259502411 0.7245035171508789 -0.6657506227493286 0.2487413585186005 
0 0 0 1 

0.7407763600349426 -0.2344114929437637 -0.6295248866081238 0.1390852779150009 
-0.5782274603843689 -0.6994982361793518 -0.4199465215206146 0.1502722948789597 
-0.3419113159179688 0.6750950217247009 -0.6537148952484131 0.2557669281959534 
0 0 0 1 

0.8048138022422791 -0.1559278219938278 -0.5726789236068726 0.1406185775995255 
-0.5302788019180298 -0.6223156452178955 -0.575783908367157 0.188300609588623 
-0.2666064500808716 0.7670784592628479 -0.5835335254669189 0.2393921315670013 
0 0 0 1 

0.8452586531639099 -0.08528546243906021 -0.5275076031684875 0.1247782707214355 
-0.4784353375434875 -0.5604478716850281 -0.6760158538818359 0.2212351411581039 
-0.237986221909523 0.8237865567207336 -0.5145269632339478 0.2152958065271378 
0 0 0 1 

0.8784427642822266 -0.0300374086946249 -0.4769025444984436 0.1069169268012047 
-0.4287963807582855 -0.4899975657463074 -0.7589701414108276 0.2488063722848892 
-0.2108836770057678 0.8712059855461121 -0.4433148205280304 0.1904323548078537 
0 0 0 1 

0.9093970656394958 0.04679018259048462 -0.4132887125015259 0.08497550338506699 
-0.3626883029937744 -0.3971980512142181 -0.8430246710777283 0.2764619588851929 
-0.2036028206348419 0.916539192199707 -0.3442404866218567 0.1568730920553207 
0 0 0 1 

0.9673918485641479 -0.01125862263143063 -0.2530340850353241 0.03177712857723236 
-0.2462622970342636 -0.2754145860671997 -0.9292477965354919 0.2992367446422577 
-0.05922725796699524 0.9612595438957214 -0.2692063748836517 0.122015006840229 
0 0 0 1 

0.9791958928108215 0.04064356163144112 -0.1988051533699036 0.01394621934741735 
-0.1872000396251678 -0.1971341818571091 -0.9623379707336426 0.3071271181106567 
-0.07830413430929184 0.9795336723327637 -0.1854244768619537 0.09393945336341858 
0 0 0 1 

0.9875972270965576 0.05009825900197029 -0.1488016247749329 -0.002940918551757932 
-0.1442206799983978 -0.08518186211585999 -0.9858723878860474 0.3123889565467834 
-0.06206569448113441 0.9951050877571106 -0.07690013945102692 0.05576371401548386 
0 0 0 1 

0.989734411239624 0.02699229680001736 -0.1403466016054153 -0.005875053349882364 
-0.1390032470226288 -0.04647860303521156 -0.9892002940177917 0.3127301335334778 
-0.03322392702102661 0.9985543489456177 -0.04224944859743118 0.04502098262310028 
0 0 0 1 

