1.000000000000000000e+00 0.000000000000000000e+00 0.000000000000000000e+00 -4.542167112231254578e-02
0.000000000000000000e+00 1.000000000000000000e+00 0.000000000000000000e+00 9.935460984706878662e-04
0.000000000000000000e+00 0.000000000000000000e+00 1.000000000000000000e+00 -2.875000238418579102e-01
0.000000000000000000e+00 0.000000000000000000e+00 0.000000000000000000e+00 1.000000000000000000e+00
9.960586428642272949e-01 8.417817950248718262e-02 2.794840000569820404e-02 -5.216884985566139221e-02
-8.377917110919952393e-02 9.963691234588623047e-01 -1.515557430684566498e-02 9.415906853973865509e-03
-2.912268601357936859e-02 1.275435183197259903e-02 9.994945526123046875e-01 -2.926812171936035156e-01
0.000000000000000000e+00 0.000000000000000000e+00 0.000000000000000000e+00 1.000000000000000000e+00
9.849609136581420898e-01 1.656173765659332275e-01 4.922284558415412903e-02 -5.682452395558357239e-02
-1.630703955888748169e-01 9.852467775344848633e-01 -5.192718654870986938e-02 2.579729631543159485e-02
-5.709674954414367676e-02 4.311945289373397827e-02 9.974372386932373047e-01 -2.915543317794799805e-01
0.000000000000000000e+00 0.000000000000000000e+00 0.000000000000000000e+00 1.000000000000000000e+00
9.644331336021423340e-01 2.595091760158538818e-01 5.023948475718498230e-02 -5.478592962026596069e-02
-2.553012371063232422e-01 9.637644290924072266e-01 -7.732537388801574707e-02 3.855233639478683472e-02
-6.848572194576263428e-02 6.174889206886291504e-02 9.957390427589416504e-01 -2.912135124206542969e-01
0.000000000000000000e+00 0.000000000000000000e+00 0.000000000000000000e+00 1.000000000000000000e+00
9.350998401641845703e-01 3.477251827716827393e-01 6.837268918752670288e-02 -5.707801133394241333e-02
-3.382127881050109863e-01 9.332789182662963867e-01 -1.208390966057777405e-01 5.657939240336418152e-02
-1.058296188712120056e-01 8.987207710742950439e-02 9.903146028518676758e-01 -2.882261872291564941e-01
0.000000000000000000e+00 0.000000000000000000e+00 0.000000000000000000e+00 1.000000000000000000e+00
8.884974718093872070e-01 4.559510350227355957e-01 5.176737159490585327e-02 -4.869718477129936218e-02
-4.460355937480926514e-01 8.846189975738525391e-01 -1.360183805227279663e-01 6.553643941879272461e-02
-1.078121885657310486e-01 9.776192903518676758e-02 9.893531203269958496e-01 -2.890766561031341553e-01
0.000000000000000000e+00 0.000000000000000000e+00 0.000000000000000000e+00 1.000000000000000000e+00
8.433529138565063477e-01 5.362638235092163086e-01 3.429680690169334412e-02 -4.067096114158630371e-02
-5.246739387512207031e-01 8.355509042739868164e-01 -1.630075126886367798e-01 7.753502577543258667e-02
-1.160717979073524475e-01 1.194782480597496033e-01 9.860289096832275391e-01 -2.881193161010742188e-01
0.000000000000000000e+00 0.000000000000000000e+00 0.000000000000000000e+00 1.000000000000000000e+00
7.879654765129089355e-01 6.155549287796020508e-01 1.422848738729953766e-02 -3.113342821598052979e-02
-6.044568419456481934e-01 7.777451872825622559e-01 -1.724658757448196411e-01 8.390185981988906860e-02
-1.172283962368965149e-01 1.272966414690017700e-01 9.849128723144531250e-01 -2.887224555015563965e-01
0.000000000000000000e+00 0.000000000000000000e+00 0.000000000000000000e+00 1.000000000000000000e+00
7.205289602279663086e-01 6.933795809745788574e-01 -7.964025251567363739e-03 -1.935278996825218201e-02
-6.849387884140014648e-01 7.098721265792846680e-01 -1.641340255737304688e-01 8.455251157283782959e-02
-1.081537678837776184e-01 1.237181946635246277e-01 9.864059686660766602e-01 -2.901725172996520996e-01
0.000000000000000000e+00 0.000000000000000000e+00 0.000000000000000000e+00 1.000000000000000000e+00
6.427702307701110840e-01 7.659802436828613281e-01 -1.100393757224082947e-02 -1.339370198547840118e-02
-7.599424719810485840e-01 6.357603073120117188e-01 -1.352613121271133423e-01 7.831753790378570557e-02
-9.661161154508590698e-02 9.530425816774368286e-02 9.907485842704772949e-01 -2.934253215789794922e-01
0.000000000000000000e+00 0.000000000000000000e+00 0.000000000000000000e+00 1.000000000000000000e+00
5.468611717224121094e-01 8.367829918861389160e-01 -2.716061845421791077e-02 -2.507082419469952583e-03
-8.349044322967529297e-01 5.426468253135681152e-01 -9.202568978071212769e-02 6.648555397987365723e-02
-6.226690858602523804e-02 7.300180196762084961e-02 9.953863024711608887e-01 -2.985146343708038330e-01
0.000000000000000000e+00 0.000000000000000000e+00 0.000000000000000000e+00 1.000000000000000000e+00
4.540272653102874756e-01 8.883507847785949707e-01 -6.849152594804763794e-02 1.723200827836990356e-02
-8.907927274703979492e-01 4.509759843349456787e-01 -5.575956404209136963e-02 5.596558004617691040e-02
-1.864604465663433075e-02 8.632818609476089478e-02 9.960924386978149414e-01 -3.026840388774871826e-01
0.000000000000000000e+00 0.000000000000000000e+00 0.000000000000000000e+00 1.000000000000000000e+00
3.524493575096130371e-01 9.317921996116638184e-01 -8.684275299310684204e-02 2.693054080009460449e-02
-9.356600642204284668e-01 3.526389598846435547e-01 -1.366153266280889511e-02 3.991516679525375366e-02
1.789441518485546112e-02 8.607028424739837646e-02 9.961279034614562988e-01 -3.044852912425994873e-01
0.000000000000000000e+00 0.000000000000000000e+00 0.000000000000000000e+00 1.000000000000000000e+00
2.727834582328796387e-01 9.567581415176391602e-01 -1.010084673762321472e-01 3.388618305325508118e-02
-9.591406583786010742e-01 2.786428034305572510e-01 4.906499758362770081e-02 1.621860079467296600e-02
7.508862018585205078e-02 8.349718153476715088e-02 9.936748147010803223e-01 -3.042539656162261963e-01
0.000000000000000000e+00 0.000000000000000000e+00 0.000000000000000000e+00 1.000000000000000000e+00
1.916647255420684814e-01 9.722310304641723633e-01 -1.342792063951492310e-01 4.639997705817222595e-02
-9.728083014488220215e-01 2.063157111406326294e-01 1.052549406886100769e-01 -4.591010510921478271e-03
1.300360709428787231e-01 1.104542911052703857e-01 9.853380322456359863e-01 -3.025325536727905273e-01
0.000000000000000000e+00 0.000000000000000000e+00 0.000000000000000000e+00 1.000000000000000000e+00
1.142085716128349304e-01 9.848268628120422363e-01 -1.306632161140441895e-01 4.704730212688446045e-02
-9.713168740272521973e-01 1.383055001497268677e-01 1.934303194284439087e-01 -3.477081656455993652e-02
2.085667699575424194e-01 1.048239842057228088e-01 9.723742604255676270e-01 -2.999916076660156250e-01
0.000000000000000000e+00 0.000000000000000000e+00 0.000000000000000000e+00 1.000000000000000000e+00
1.876298785209655762e-01 9.754645228385925293e-01 -1.151692196726799011e-01 4.107994958758354187e-02
-9.556691646575927734e-01 2.083825469017028809e-01 2.080206274986267090e-01 -3.883090615272521973e-02
2.269159853458404541e-01 7.103288173675537109e-02 9.713204503059387207e-01 -2.975210845470428467e-01
0.000000000000000000e+00 0.000000000000000000e+00 0.000000000000000000e+00 1.000000000000000000e+00
2.719454467296600342e-01 9.551951885223388672e-01 -1.168234124779701233e-01 3.951815143227577209e-02
-9.403707981109619141e-01 2.895553708076477051e-01 1.784934699535369873e-01 -2.749001607298851013e-02
2.043230533599853516e-01 6.131688132882118225e-02 9.769812226295471191e-01 -2.967973351478576660e-01
0.000000000000000000e+00 0.000000000000000000e+00 0.000000000000000000e+00 1.000000000000000000e+00
3.284798562526702881e-01 9.365823864936828613e-01 -1.221227645874023438e-01 3.932790085673332214e-02
-9.338022470474243164e-01 3.414446115493774414e-01 1.069066748023033142e-01 -1.631922204978764057e-03
1.418251395225524902e-01 7.892192155122756958e-02 9.867401719093322754e-01 -2.962512969970703125e-01
0.000000000000000000e+00 0.000000000000000000e+00 0.000000000000000000e+00 1.000000000000000000e+00
3.635473847389221191e-01 9.183589816093444824e-01 -1.563638597726821899e-01 4.831829294562339783e-02
-9.292573332786560059e-01 3.693315386772155762e-01 8.633625693619251251e-03 3.210608661174774170e-02
6.567885726690292358e-02 1.421635895967483521e-01 9.876618385314941406e-01 -2.922115623950958252e-01
0.000000000000000000e+00 0.000000000000000000e+00 0.000000000000000000e+00 1.000000000000000000e+00
4.016170799732208252e-01 9.003825783729553223e-01 -1.673756241798400879e-01 4.994365200400352478e-02
-9.157794713973999023e-01 3.962812125682830811e-01 -6.564790010452270508e-02 5.760616064071655273e-02
7.219500839710235596e-03 1.796444654464721680e-01 9.837054610252380371e-01 -2.874823212623596191e-01
0.000000000000000000e+00 0.000000000000000000e+00 0.000000000000000000e+00 1.000000000000000000e+00
4.516107439994812012e-01 8.691240549087524414e-01 -2.016668766736984253e-01 5.742252245545387268e-02
-8.907151222229003906e-01 4.260843992233276367e-01 -1.583615988492965698e-01 8.573511987924575806e-02
-5.170892179012298584e-02 2.511455714702606201e-01 9.665668606758117676e-01 -2.771573066711425781e-01
0.000000000000000000e+00 0.000000000000000000e+00 0.000000000000000000e+00 1.000000000000000000e+00
5.271106958389282227e-01 8.308655023574829102e-01 -1.783736795186996460e-01 4.481983184814453125e-02
-8.432792425155639648e-01 4.854684770107269287e-01 -2.306538671255111694e-01 1.057206392288208008e-01
-1.050473377108573914e-01 2.719986736774444580e-01 9.565463066101074219e-01 -2.697595357894897461e-01
0.000000000000000000e+00 0.000000000000000000e+00 0.000000000000000000e+00 1.000000000000000000e+00
5.909693837165832520e-01 7.874696254730224609e-01 -1.750636398792266846e-01 3.936852514743804932e-02
-7.944847941398620605e-01 5.305402278900146484e-01 -2.955004572868347168e-01 1.216881945729255676e-01
-1.398194730281829834e-01 3.137167990207672119e-01 9.391657114028930664e-01 -2.610523700714111328e-01
0.000000000000000000e+00 0.000000000000000000e+00 0.000000000000000000e+00 1.000000000000000000e+00
6.629206538200378418e-01 7.330805063247680664e-01 -1.520828753709793091e-01 2.667070366442203522e-02
-7.256683111190795898e-01 5.791546702384948730e-01 -3.714638650417327881e-01 1.376274824142456055e-01
-1.842336505651473999e-01 3.566124141216278076e-01 9.159061908721923828e-01 -2.497319132089614868e-01
0.000000000000000000e+00 0.000000000000000000e+00 0.000000000000000000e+00 1.000000000000000000e+00
7.301229238510131836e-01 6.696326732635498047e-01 -1.360612958669662476e-01 1.835942082107067108e-02
-6.505746841430664062e-01 6.203218698501586914e-01 -4.381233155727386475e-01 1.502916812896728516e-01
-2.089799642562866211e-01 4.084020555019378662e-01 8.885578513145446777e-01 -2.365932017564773560e-01
0.000000000000000000e+00 0.000000000000000000e+00 0.000000000000000000e+00 1.000000000000000000e+00
7.481119632720947266e-01 6.520906090736389160e-01 -1.229069977998733521e-01 1.246772054582834244e-02
-6.063682436943054199e-01 5.965580344200134277e-01 -5.257723331451416016e-01 1.706540286540985107e-01
-2.695302069187164307e-01 4.678630828857421875e-01 8.416992425918579102e-01 -2.154097855091094971e-01
0.000000000000000000e+00 0.000000000000000000e+00 0.000000000000000000e+00 1.000000000000000000e+00
7.793026566505432129e-01 6.137818098068237305e-01 -1.263284832239151001e-01 1.075403206050395966e-02
-5.393829941749572754e-01 5.543889999389648438e-01 -6.338126063346862793e-01 1.985226869583129883e-01
-3.189876675605773926e-01 5.620712637901306152e-01 7.631009221076965332e-01 -1.864634454250335693e-01
0.000000000000000000e+00 0.000000000000000000e+00 0.000000000000000000e+00 1.000000000000000000e+00
8.031959533691406250e-01 5.818973779678344727e-01 -1.275593489408493042e-01 9.276679717004299164e-03
-4.849571883678436279e-01 5.143398046493530273e-01 -7.072982192039489746e-01 2.177406251430511475e-01
-3.459662795066833496e-01 6.299600005149841309e-01 6.953111886978149414e-01 -1.625024974346160889e-01
0.000000000000000000e+00 0.000000000000000000e+00 0.000000000000000000e+00 1.000000000000000000e+00
8.278076648712158203e-01 5.474846959114074707e-01 -1.224536150693893433e-01 5.283199716359376907e-03
-4.216348230838775635e-01 4.631606638431549072e-01 -7.795547246932983398e-01 2.365806549787521362e-01
-3.700786828994750977e-01 6.969525218009948730e-01 6.142467260360717773e-01 -1.391429156064987183e-01
0.000000000000000000e+00 0.000000000000000000e+00 0.000000000000000000e+00 1.000000000000000000e+00
8.615172505378723145e-01 5.008827447891235352e-01 -8.309570699930191040e-02 -8.142780512571334839e-03
-3.325179815292358398e-01 4.329314827919006348e-01 -8.378555774688720703e-01 2.505286037921905518e-01
-3.836926221847534180e-01 7.494578361511230469e-01 5.395303368568420410e-01 -1.191846504807472229e-01
0.000000000000000000e+00 0.000000000000000000e+00 0.000000000000000000e+00 1.000000000000000000e+00
8.662294745445251465e-01 4.968340694904327393e-01 -5.294195190072059631e-02 -1.594972796738147736e-02
-2.465731650590896606e-01 3.329161405563354492e-01 -9.101473093032836914e-01 2.649373412132263184e-01
-4.345668554306030273e-01 8.014504909515380859e-01 4.108877480030059814e-01 -8.333329856395721436e-02
0.000000000000000000e+00 0.000000000000000000e+00 0.000000000000000000e+00 1.000000000000000000e+00
8.510366082191467285e-01 5.246362090110778809e-01 -2.219919301569461823e-02 -2.863153629004955292e-02
-1.092965900897979736e-01 1.356285214424133301e-01 -9.847124814987182617e-01 2.824521660804748535e-01
-5.136053562164306641e-01 8.404529094696044922e-01 1.727657169103622437e-01 -1.540833432227373123e-02
0.000000000000000000e+00 0.000000000000000000e+00 0.000000000000000000e+00 1.000000000000000000e+00
8.464449048042297363e-01 5.307969450950622559e-01 -4.224638268351554871e-02 -2.172133512794971466e-02
-1.138968467712402344e-01 1.029809638857841492e-01 -9.881403446197509766e-01 2.835248112678527832e-01
-5.201516747474670410e-01 8.412188887596130371e-01 1.476238518953323364e-01 -1.451432611793279648e-02
0.000000000000000000e+00 0.000000000000000000e+00 0.000000000000000000e+00 1.000000000000000000e+00
8.086875677108764648e-01 5.873986482620239258e-01 -3.142331168055534363e-02 -2.060321718454360962e-02
-1.207422092556953430e-01 1.134729161858558655e-01 -9.861772060394287109e-01 2.831756472587585449e-01
-5.757132172584533691e-01 8.013026714324951172e-01 1.626878827810287476e-01 -1.802217587828636169e-02
0.000000000000000000e+00 0.000000000000000000e+00 0.000000000000000000e+00 1.000000000000000000e+00
7.856765985488891602e-01 6.168547272682189941e-01 -4.693846404552459717e-02 -1.527742575854063034e-02
-2.436413466930389404e-01 2.387932091951370239e-01 -9.400088787078857422e-01 2.752847969532012939e-01
-5.686401128768920898e-01 7.499791979789733887e-01 3.379054367542266846e-01 -5.793412402272224426e-02
0.000000000000000000e+00 0.000000000000000000e+00 0.000000000000000000e+00 1.000000000000000000e+00
8.092525005340576172e-01 5.806786417961120605e-01 -8.900869637727737427e-02 -4.663897678256034851e-03
-3.154768347740173340e-01 3.017525374889373779e-01 -8.996777534484863281e-01 2.671400308609008789e-01
-4.955648779869079590e-01 7.561464309692382812e-01 4.273845255374908447e-01 -8.427333831787109375e-02
0.000000000000000000e+00 0.000000000000000000e+00 0.000000000000000000e+00 1.000000000000000000e+00
8.034906983375549316e-01 5.894811749458312988e-01 -8.315696567296981812e-02 -6.704937200993299484e-03
-3.614030480384826660e-01 3.719980120658874512e-01 -8.549881577491760254e-01 2.568430602550506592e-01
-4.730651974678039551e-01 7.170286774635314941e-01 5.119372606277465820e-01 -1.085943579673767090e-01
0.000000000000000000e+00 0.000000000000000000e+00 0.000000000000000000e+00 1.000000000000000000e+00
8.208729028701782227e-01 5.672571063041687012e-01 -6.623450666666030884e-02 -1.658262498676776886e-02
-4.587857127189636230e-01 5.859070420265197754e-01 -6.680036187171936035e-01 2.174639701843261719e-01
-3.401224911212921143e-01 5.787333250045776367e-01 7.412044405937194824e-01 -1.792487502098083496e-01
0.000000000000000000e+00 0.000000000000000000e+00 0.000000000000000000e+00 1.000000000000000000e+00
8.259268403053283691e-01 5.622864961624145508e-01 -4.097196087241172791e-02 -2.527468465268611908e-02
-4.681309163570404053e-01 6.434950828552246094e-01 -6.056129932403564453e-01 1.990622282028198242e-01
-3.141628503799438477e-01 5.193721652030944824e-01 7.947034835815429688e-01 -1.959621757268905640e-01
0.000000000000000000e+00 0.000000000000000000e+00 0.000000000000000000e+00 1.000000000000000000e+00
8.473852872848510742e-01 5.293325781822204590e-01 -4.176776483654975891e-02 -2.548166550695896149e-02
-4.671417474746704102e-01 7.058041095733642578e-01 -5.325591564178466797e-01 1.770836114883422852e-01
-2.524214088916778564e-01 4.707943797111511230e-01 8.453617095947265625e-01 -2.127561271190643311e-01
0.000000000000000000e+00 0.000000000000000000e+00 0.000000000000000000e+00 1.000000000000000000e+00
8.676312565803527832e-01 4.971701204776763916e-01 -6.179097574204206467e-03 -3.459614142775535583e-02
-4.598890542984008789e-01 7.977223992347717285e-01 -3.900519013404846191e-01 1.356945633888244629e-01
-1.889931559562683105e-01 3.412628173828125000e-01 9.207718968391418457e-01 -2.362057566642761230e-01
0.000000000000000000e+00 0.000000000000000000e+00 0.000000000000000000e+00 1.000000000000000000e+00
8.742867112159729004e-01 4.853821396827697754e-01 -5.218479316681623459e-03 -3.332806378602981567e-02
-4.703181087970733643e-01 8.443949222564697266e-01 -2.565112411975860596e-01 9.855967015027999878e-02
-1.200995743274688721e-01 2.267188131809234619e-01 9.665270447731018066e-01 -2.518902719020843506e-01
0.000000000000000000e+00 0.000000000000000000e+00 0.000000000000000000e+00 1.000000000000000000e+00
8.769528269767761230e-01 4.805737733840942383e-01 1.616017194464802742e-03 -3.131481632590293884e-02
-4.799591898918151855e-01 8.759913444519042969e-01 -4.773135855793952942e-02 3.944217041134834290e-02
-2.435407601296901703e-02 4.108249396085739136e-02 9.988585710525512695e-01 -2.652346491813659668e-01
0.000000000000000000e+00 0.000000000000000000e+00 0.000000000000000000e+00 1.000000000000000000e+00
8.864901065826416016e-01 4.627380669116973877e-01 -2.852753968909382820e-03 -2.835452556610107422e-02
-4.620171487331390381e-01 8.854216337203979492e-01 5.068080872297286987e-02 1.051315758377313614e-02
2.597782947123050690e-02 -4.361004009842872620e-02 9.987109303474426270e-01 -2.681616246700286865e-01
0.000000000000000000e+00 0.000000000000000000e+00 0.000000000000000000e+00 1.000000000000000000e+00
8.936402797698974609e-01 4.487830102443695068e-01 -9.147735545411705971e-04 -2.864680625498294830e-02
-4.434183835983276367e-01 8.832685351371765137e-01 1.523700803518295288e-01 -2.106440626084804535e-02
6.918915361166000366e-02 -1.357583701610565186e-01 9.883232116699218750e-01 -2.671868801116943359e-01
0.000000000000000000e+00 0.000000000000000000e+00 0.000000000000000000e+00 1.000000000000000000e+00
8.980261087417602539e-01 4.399259686470031738e-01 -3.838785225525498390e-03 -2.772966399788856506e-02
-4.241337180137634277e-01 8.680409193038940430e-01 2.581001520156860352e-01 -5.435867235064506531e-02
1.168771162629127502e-01 -2.301522493362426758e-01 9.661106467247009277e-01 -2.627518773078918457e-01
0.000000000000000000e+00 0.000000000000000000e+00 0.000000000000000000e+00 1.000000000000000000e+00
9.015730023384094238e-01 4.326166808605194092e-01 -3.008960513398051262e-03 -2.742631174623966217e-02
-4.005658328533172607e-01 8.373650312423706055e-01 3.719754517078399658e-01 -9.182601422071456909e-02
1.634424477815628052e-01 -3.341577351093292236e-01 9.282376766204833984e-01 -2.528973817825317383e-01
0.000000000000000000e+00 0.000000000000000000e+00 0.000000000000000000e+00 1.000000000000000000e+00
9.055120348930358887e-01 4.242295324802398682e-01 -8.755740709602832794e-03 -2.742071077227592468e-02
-3.737978935241699219e-01 8.072919249534606934e-01 4.566779434680938721e-01 -1.206325292587280273e-01
2.008049190044403076e-01 -4.102546572685241699e-01 8.895890712738037109e-01 -2.435115724802017212e-01
0.000000000000000000e+00 0.000000000000000000e+00 0.000000000000000000e+00 1.000000000000000000e+00
9.174779057502746582e-01 3.977808058261871338e-01 -2.061250619590282440e-03 -3.177714347839355469e-02
-3.316738903522491455e-01 7.678430676460266113e-01 5.480958819389343262e-01 -1.511220633983612061e-01
2.196048945188522339e-01 -5.021822452545166016e-01 8.364130854606628418e-01 -2.304154783487319946e-01
0.000000000000000000e+00 0.000000000000000000e+00 0.000000000000000000e+00 1.000000000000000000e+00
9.139415621757507324e-01 4.048675894737243652e-01 2.815359272062778473e-02 -4.190127551555633545e-02
-3.304038643836975098e-01 7.019754052162170410e-01 6.309224963188171387e-01 -1.758630424737930298e-01
2.356771379709243774e-01 -5.859284400939941406e-01 7.753343582153320312e-01 -2.150619626045227051e-01
0.000000000000000000e+00 0.000000000000000000e+00 0.000000000000000000e+00 1.000000000000000000e+00
9.202843904495239258e-01 3.893371820449829102e-01 3.864508494734764099e-02 -4.698088765144348145e-02
-2.931146919727325439e-01 6.206568479537963867e-01 7.272337079048156738e-01 -2.064880877733230591e-01
2.591537833213806152e-01 -6.805894374847412109e-01 6.853014230728149414e-01 -1.904056370258331299e-01
0.000000000000000000e+00 0.000000000000000000e+00 0.000000000000000000e+00 1.000000000000000000e+00
9.297951459884643555e-01 3.619608283042907715e-01 6.681521236896514893e-02 -5.709762126207351685e-02
-2.689629793167114258e-01 5.442172288894653320e-01 7.946612238883972168e-01 -2.284022420644760132e-01
2.512742877006530762e-01 -7.568435668945312500e-01 6.033651828765869141e-01 -1.653394848108291626e-01
0.000000000000000000e+00 0.000000000000000000e+00 0.000000000000000000e+00 1.000000000000000000e+00
9.388951659202575684e-01 3.394037783145904541e-01 5.727965384721755981e-02 -5.665070191025733948e-02
-2.228464335203170776e-01 4.725627005100250244e-01 8.526569604873657227e-01 -2.486564218997955322e-01
2.623269557952880859e-01 -8.133201003074645996e-01 5.193218588829040527e-01 -1.415240317583084106e-01
0.000000000000000000e+00 0.000000000000000000e+00 0.000000000000000000e+00 1.000000000000000000e+00
9.525662660598754883e-01 2.991039454936981201e-01 5.615823715925216675e-02 -5.935791134834289551e-02
-1.809350103139877319e-01 4.082333445549011230e-01 8.947668671607971191e-01 -2.629350423812866211e-01
2.447026222944259644e-01 -8.624860048294067383e-01 4.429878294467926025e-01 -1.197247728705406189e-01
0.000000000000000000e+00 0.000000000000000000e+00 0.000000000000000000e+00 1.000000000000000000e+00
9.604979157447814941e-01 2.729718387126922607e-01 5.412896722555160522e-02 -6.096657365560531616e-02
-1.529598981142044067e-01 3.553619086742401123e-01 9.221287369728088379e-01 -2.732395827770233154e-01
2.324798107147216797e-01 -8.939820528030395508e-01 3.830780386924743652e-01 -1.015630885958671570e-01
0.000000000000000000e+00 0.000000000000000000e+00 0.000000000000000000e+00 1.000000000000000000e+00
9.673600792884826660e-01 2.442457079887390137e-01 6.751818954944610596e-02 -6.778016686439514160e-02
-1.363850533962249756e-01 2.772584855556488037e-01 9.510660767555236816e-01 -2.868852317333221436e-01
2.135737985372543335e-01 -9.292316436767578125e-01 3.015203475952148438e-01 -7.306861877441406250e-02
0.000000000000000000e+00 0.000000000000000000e+00 0.000000000000000000e+00 1.000000000000000000e+00
9.806535840034484863e-01 1.849014461040496826e-01 6.426601111888885498e-02 -6.943322718143463135e-02
-9.964369982481002808e-02 1.889279782772064209e-01 9.769220948219299316e-01 -2.984117269515991211e-01
1.684927493333816528e-01 -9.644259214401245117e-01 2.036972194910049438e-01 -3.700431436300277710e-02
0.000000000000000000e+00 0.000000000000000000e+00 0.000000000000000000e+00 1.000000000000000000e+00
9.960204958915710449e-01 8.890102058649063110e-02 6.295999977737665176e-03 -5.481527745723724365e-02
-1.784142293035984039e-02 1.296790987253189087e-01 9.913953542709350586e-01 -3.056372404098510742e-01
8.731962740421295166e-02 -9.875622987747192383e-01 1.307492256164550781e-01 -1.484271883964538574e-02
0.000000000000000000e+00 0.000000000000000000e+00 0.000000000000000000e+00 1.000000000000000000e+00
9.971381425857543945e-01 7.559084147214889526e-02 1.233707647770643234e-03 -5.472186580300331116e-02
-1.929152570664882660e-02 2.386332750320434570e-01 9.709181189537048340e-01 -3.010889887809753418e-01
7.309808582067489624e-02 -9.681630730628967285e-01 2.394086271524429321e-01 -4.946023970842361450e-02
0.000000000000000000e+00 0.000000000000000000e+00 0.000000000000000000e+00 1.000000000000000000e+00
9.984393119812011719e-01 2.477925829589366913e-02 -5.004883557558059692e-02 -3.757285699248313904e-02
4.063921421766281128e-02 2.923260331153869629e-01 9.554549455642700195e-01 -3.073474466800689697e-01
3.830604627728462219e-02 -9.559975266456604004e-01 2.908628284931182861e-01 -6.407058238983154297e-02
0.000000000000000000e+00 0.000000000000000000e+00 0.000000000000000000e+00 1.000000000000000000e+00
9.900510907173156738e-01 -5.743798241019248962e-02 -1.284504234790802002e-01 -6.805389188230037689e-03
1.392815858125686646e-01 2.704141736030578613e-01 9.526156187057495117e-01 -3.183703124523162842e-01
-1.998154073953628540e-02 -9.610289335250854492e-01 2.757239043712615967e-01 -5.643865466117858887e-02
0.000000000000000000e+00 0.000000000000000000e+00 0.000000000000000000e+00 1.000000000000000000e+00
9.685187339782714844e-01 -8.625432848930358887e-02 -2.335198521614074707e-01 2.872365713119506836e-02
2.479899823665618896e-01 2.524040639400482178e-01 9.353037476539611816e-01 -3.228345215320587158e-01
-2.173261716961860657e-02 -9.637700915336608887e-01 2.658482491970062256e-01 -5.171632021665573120e-02
0.000000000000000000e+00 0.000000000000000000e+00 0.000000000000000000e+00 1.000000000000000000e+00
9.773339033126831055e-01 1.283471821807324886e-03 -2.117011547088623047e-01 1.805766858160495758e-02
2.010759264230728149e-01 3.072464764118194580e-01 9.301441311836242676e-01 -3.196759521961212158e-01
6.623818725347518921e-02 -9.516290426254272461e-01 3.000242710113525391e-01 -6.910571455955505371e-02
0.000000000000000000e+00 0.000000000000000000e+00 0.000000000000000000e+00 1.000000000000000000e+00
9.880700111389160156e-01 1.079878583550453186e-01 -1.098027825355529785e-01 -2.075823768973350525e-02
6.242965906858444214e-02 3.709174692630767822e-01 9.265651702880859375e-01 -3.116895854473114014e-01
1.407855302095413208e-01 -9.223659634590148926e-01 3.597506284713745117e-01 -9.880568087100982666e-02
0.000000000000000000e+00 0.000000000000000000e+00 0.000000000000000000e+00 1.000000000000000000e+00
9.819627404212951660e-01 1.885247528553009033e-01 -1.440455671399831772e-02 -5.426264554262161255e-02
-4.463497549295425415e-02 3.051708340644836426e-01 9.512507915496826172e-01 -3.133840262889862061e-01
1.837301701307296753e-01 -9.334496855735778809e-01 3.080812096595764160e-01 -8.629263192415237427e-02
0.000000000000000000e+00 0.000000000000000000e+00 0.000000000000000000e+00 1.000000000000000000e+00
9.285528659820556641e-01 3.601535260677337646e-01 8.987839519977569580e-02 -8.686048537492752075e-02
-2.151505947113037109e-01 3.248732984066009521e-01 9.209598898887634277e-01 -2.944057881832122803e-01
3.024880290031433105e-01 -8.744977712631225586e-01 3.791493475437164307e-01 -1.197607591748237610e-01
0.000000000000000000e+00 0.000000000000000000e+00 0.000000000000000000e+00 1.000000000000000000e+00
8.810514807701110840e-01 4.629082679748535156e-01 9.728240221738815308e-02 -8.743928372859954834e-02
-2.801592051982879639e-01 3.449633717536926270e-01 8.958297967910766602e-01 -2.816179096698760986e-01
3.811282813549041748e-01 -8.165272474288940430e-01 4.336185157299041748e-01 -1.457175165414810181e-01
0.000000000000000000e+00 0.000000000000000000e+00 0.000000000000000000e+00 1.000000000000000000e+00
8.436450958251953125e-01 5.338109731674194336e-01 5.753237754106521606e-02 -7.307533919811248779e-02
-3.266320824623107910e-01 4.252432286739349365e-01 8.440854549407958984e-01 -2.624898254871368408e-01
4.261161386966705322e-01 -7.308997511863708496e-01 5.331138372421264648e-01 -1.828407496213912964e-01
0.000000000000000000e+00 0.000000000000000000e+00 0.000000000000000000e+00 1.000000000000000000e+00
8.095546364784240723e-01 5.849010944366455078e-01 5.010683089494705200e-02 -6.827963888645172119e-02
-4.181418120861053467e-01 5.146191120147705078e-01 7.485481500625610352e-01 -2.252708673477172852e-01
4.120410382747650146e-01 -6.269426345825195312e-01 6.611842513084411621e-01 -2.247586995363235474e-01
0.000000000000000000e+00 0.000000000000000000e+00 0.000000000000000000e+00 1.000000000000000000e+00
7.747913599014282227e-01 6.316381096839904785e-01 2.704637497663497925e-02 -5.888909846544265747e-02
-5.065859556198120117e-01 5.946661829948425293e-01 6.242938041687011719e-01 -1.777295470237731934e-01
3.782441020011901855e-01 -4.973986148834228516e-01 7.807208299636840820e-01 -2.620828151702880859e-01
0.000000000000000000e+00 0.000000000000000000e+00 0.000000000000000000e+00 1.000000000000000000e+00
7.522927522659301758e-01 6.585769653320312500e-01 1.822220720350742340e-02 -5.482845008373260498e-02
-5.643575787544250488e-01 6.299019455909729004e-01 5.335953831672668457e-01 -1.435996443033218384e-01
3.399352133274078369e-01 -4.117034375667572021e-01 8.455431461334228516e-01 -2.815741896629333496e-01
0.000000000000000000e+00 0.000000000000000000e+00 0.000000000000000000e+00 1.000000000000000000e+00
6.543435454368591309e-01 7.558629512786865234e-01 2.248047851026058197e-02 -4.928801208734512329e-02
-6.769024133682250977e-01 5.722177028656005859e-01 4.630016684532165527e-01 -1.121516227722167969e-01
3.371022045612335205e-01 -3.181790411472320557e-01 8.860725760459899902e-01 -2.963140904903411865e-01
0.000000000000000000e+00 0.000000000000000000e+00 0.000000000000000000e+00 1.000000000000000000e+00
5.913284420967102051e-01 8.064212203025817871e-01 -3.931721672415733337e-03 -3.549916297197341919e-02
-7.402581572532653809e-01 5.447338223457336426e-01 3.940587341785430908e-01 -8.469403535127639771e-02
3.199194073677062988e-01 -2.301077544689178467e-01 9.190772175788879395e-01 -3.076891899108886719e-01
0.000000000000000000e+00 0.000000000000000000e+00 0.000000000000000000e+00 1.000000000000000000e+00
5.438854098320007324e-01 8.381920456886291504e-01 -4.028229787945747375e-02 -1.967759616672992706e-02
-7.824047207832336426e-01 5.238705873489379883e-01 3.367533981800079346e-01 -6.131895259022712708e-02
3.033668696880340576e-01 -1.516382396221160889e-01 9.407312273979187012e-01 -3.140067756175994873e-01
0.000000000000000000e+00 0.000000000000000000e+00 0.000000000000000000e+00 1.000000000000000000e+00
5.061184167861938477e-01 8.558306097984313965e-01 -1.067605540156364441e-01 6.077313330024480820e-03
-8.191108107566833496e-01 5.157331824302673340e-01 2.511509656906127930e-01 -3.002205863595008850e-02
2.700027227401733398e-01 -3.966346383094787598e-02 9.620423316955566406e-01 -3.196445405483245850e-01
0.000000000000000000e+00 0.000000000000000000e+00 0.000000000000000000e+00 1.000000000000000000e+00
4.346646070480346680e-01 8.869476318359375000e-01 -1.561753004789352417e-01 2.855516597628593445e-02
-8.613498806953430176e-01 4.600586295127868652e-01 2.154598534107208252e-01 -1.487768720835447311e-02
2.629513442516326904e-01 4.086886718869209290e-02 9.639433622360229492e-01 -3.200345635414123535e-01
0.000000000000000000e+00 0.000000000000000000e+00 0.000000000000000000e+00 1.000000000000000000e+00
3.527460992336273193e-01 9.001784324645996094e-01 -2.554382085800170898e-01 6.802666187286376953e-02
-8.952820897102355957e-01 4.040663242340087891e-01 1.876168996095657349e-01 -3.086510580033063889e-03
2.721028923988342285e-01 1.625082939863204956e-01 9.484465122222900391e-01 -3.151915967464447021e-01
0.000000000000000000e+00 0.000000000000000000e+00 0.000000000000000000e+00 1.000000000000000000e+00
2.946770787239074707e-01 8.881449699401855469e-01 -3.526514470577239990e-01 1.048916056752204895e-01
-9.142966866493225098e-01 3.693609833717346191e-01 1.662375181913375854e-01 5.801361985504627228e-03
2.778986692428588867e-01 2.734415531158447266e-01 9.208702445030212402e-01 -3.068333566188812256e-01
0.000000000000000000e+00 0.000000000000000000e+00 0.000000000000000000e+00 1.000000000000000000e+00
2.730160951614379883e-01 8.614666461944580078e-01 -4.281792044639587402e-01 1.309803575277328491e-01
-9.333152174949645996e-01 3.450856208801269531e-01 9.918628633022308350e-02 2.996732108294963837e-02
2.332040667533874512e-01 3.725467920303344727e-01 8.982341885566711426e-01 -2.959099709987640381e-01
0.000000000000000000e+00 0.000000000000000000e+00 0.000000000000000000e+00 1.000000000000000000e+00
1.772854477167129517e-01 7.819038629531860352e-01 -5.976584553718566895e-01 1.929507851600646973e-01
-9.619714021682739258e-01 2.658995389938354492e-01 6.251780688762664795e-02 4.253608733415603638e-02
2.078001499176025391e-01 5.638468265533447266e-01 7.993097901344299316e-01 -2.614774703979492188e-01
0.000000000000000000e+00 0.000000000000000000e+00 0.000000000000000000e+00 1.000000000000000000e+00
1.401997208595275879e-01 6.819542050361633301e-01 -7.178317904472351074e-01 2.347921580076217651e-01
-9.721820354461669922e-01 2.322033792734146118e-01 3.072094917297363281e-02 5.360793694853782654e-02
1.876331418752670288e-01 6.935558915138244629e-01 6.955386400222778320e-01 -2.267233580350875854e-01
0.000000000000000000e+00 0.000000000000000000e+00 0.000000000000000000e+00 1.000000000000000000e+00
1.096043586730957031e-01 5.798841118812561035e-01 -8.072923421859741211e-01 2.654786109924316406e-01
-9.835798144340515137e-01 1.804342269897460938e-01 -3.931256942451000214e-03 6.531376391649246216e-02
1.433833688497543335e-01 7.944668531417846680e-01 5.901381969451904297e-01 -1.899093985557556152e-01
0.000000000000000000e+00 0.000000000000000000e+00 0.000000000000000000e+00 1.000000000000000000e+00
7.707650959491729736e-02 5.097927451133728027e-01 -8.568373322486877441e-01 2.836805582046508789e-01
-9.900047183036804199e-01 1.409401148557662964e-01 -5.200213752686977386e-03 6.605020165443420410e-02
1.181116178631782532e-01 8.486737608909606934e-01 5.155609250068664551e-01 -1.642093062400817871e-01
0.000000000000000000e+00 0.000000000000000000e+00 0.000000000000000000e+00 1.000000000000000000e+00
1.548455059528350830e-01 5.209965109825134277e-01 -8.393959403038024902e-01 2.710311114788055420e-01
-9.877426028251647949e-01 9.858058393001556396e-02 -1.210242360830307007e-01 1.038837209343910217e-01
1.969490200281143188e-02 8.478468656539916992e-01 5.298750996589660645e-01 -1.612519323825836182e-01
0.000000000000000000e+00 0.000000000000000000e+00 0.000000000000000000e+00 1.000000000000000000e+00
2.659734785556793213e-01 5.843669176101684570e-01 -7.666635513305664062e-01 2.399692386388778687e-01
-9.599692225456237793e-01 8.808639645576477051e-02 -2.658943831920623779e-01 1.485430896282196045e-01
-8.784729987382888794e-02 8.066948652267456055e-01 5.844032168388366699e-01 -1.692167818546295166e-01
0.000000000000000000e+00 0.000000000000000000e+00 0.000000000000000000e+00 1.000000000000000000e+00
3.155382573604583740e-01 6.273581981658935547e-01 -7.119389176368713379e-01 2.196503877639770508e-01
-9.317924380302429199e-01 6.297358870506286621e-02 -3.574876189231872559e-01 1.751164495944976807e-01
-1.794392317533493042e-01 7.761799097061157227e-01 6.044379472732543945e-01 -1.689020991325378418e-01
0.000000000000000000e+00 0.000000000000000000e+00 0.000000000000000000e+00 1.000000000000000000e+00
3.618604838848114014e-01 6.477656960487365723e-01 -6.704150438308715820e-01 2.032129168510437012e-01
-8.915140628814697266e-01 3.023974969983100891e-02 -4.519819021224975586e-01 2.016294598579406738e-01
-2.725053131580352783e-01 7.612391710281372070e-01 5.884350538253784180e-01 -1.563082933425903320e-01
0.000000000000000000e+00 0.000000000000000000e+00 0.000000000000000000e+00 1.000000000000000000e+00
4.173738062381744385e-01 6.499865055084228516e-01 -6.350717544555664062e-01 1.870844364166259766e-01
-8.408498764038085938e-01 1.119681727141141891e-02 -5.411533713340759277e-01 2.254592180252075195e-01
-3.446313142776489258e-01 7.598634362220764160e-01 5.512148141860961914e-01 -1.378004997968673706e-01
0.000000000000000000e+00 0.000000000000000000e+00 0.000000000000000000e+00 1.000000000000000000e+00
5.119617581367492676e-01 6.526501178741455078e-01 -5.585187673568725586e-01 1.571279615163803101e-01
-7.360824346542358398e-01 -1.853299676440656185e-03 -6.768895983695983887e-01 2.578232288360595703e-01
-4.428070485591888428e-01 7.576575279235839844e-01 4.794553220272064209e-01 -1.040660068392753601e-01
0.000000000000000000e+00 0.000000000000000000e+00 0.000000000000000000e+00 1.000000000000000000e+00
6.153346300125122070e-01 6.889204382896423340e-01 -3.830813169479370117e-01 9.403216838836669922e-02
-5.842937231063842773e-01 7.241769134998321533e-02 -8.083047866821289062e-01 2.900409102439880371e-01
-5.291156172752380371e-01 7.212100625038146973e-01 4.470930397510528564e-01 -8.640912920236587524e-02
0.000000000000000000e+00 0.000000000000000000e+00 0.000000000000000000e+00 1.000000000000000000e+00
6.294281482696533203e-01 7.296111583709716797e-01 -2.673733532428741455e-01 6.072925031185150146e-02
-4.958599507808685303e-01 1.122062280774116516e-01 -8.611230254173278809e-01 3.004071116447448730e-01
-5.982835292816162109e-01 6.745945811271667480e-01 4.324106872081756592e-01 -7.722721248865127563e-02
0.000000000000000000e+00 0.000000000000000000e+00 0.000000000000000000e+00 1.000000000000000000e+00
5.854613780975341797e-01 7.862389683723449707e-01 -1.976436078548431396e-01 4.544448107481002808e-02
-3.958647847175598145e-01 6.450187414884567261e-02 -9.160404801368713379e-01 3.110668361186981201e-01
-7.074785232543945312e-01 6.145466566085815430e-01 3.490076363086700439e-01 -4.907269403338432312e-02
0.000000000000000000e+00 0.000000000000000000e+00 0.000000000000000000e+00 1.000000000000000000e+00
4.097929000854492188e-01 9.102634787559509277e-01 -5.907225236296653748e-02 1.934741064906120300e-02
-2.303759902715682983e-01 4.061827436089515686e-02 -9.722536206245422363e-01 3.188085556030273438e-01
-8.826078772544860840e-01 4.120314717292785645e-01 2.263480573892593384e-01 -9.829915128648281097e-03
0.000000000000000000e+00 0.000000000000000000e+00 0.000000000000000000e+00 1.000000000000000000e+00
2.742049694061279297e-01 9.572113752365112305e-01 9.251289814710617065e-02 -2.366474084556102753e-02
-2.623026072978973389e-01 1.669969409704208374e-01 -9.504261612892150879e-01 3.207823634147644043e-01
-9.252078533172607422e-01 2.363449782133102417e-01 2.968704104423522949e-01 -3.860130533576011658e-02
0.000000000000000000e+00 0.000000000000000000e+00 0.000000000000000000e+00 1.000000000000000000e+00
2.892315685749053955e-01 9.570856690406799316e-01 -1.823557354509830475e-02 1.336537580937147141e-02
-3.797514438629150391e-01 9.723269194364547729e-02 -9.199643135070800781e-01 3.135592639446258545e-01
-8.787115216255187988e-01 2.730078101158142090e-01 3.915775418281555176e-01 -6.759347021579742432e-02
0.000000000000000000e+00 0.000000000000000000e+00 0.000000000000000000e+00 1.000000000000000000e+00
2.706430554389953613e-01 9.622669816017150879e-01 -2.820541337132453918e-02 2.177193388342857361e-02
-4.635671377182006836e-01 1.045908108353614807e-01 -8.798673152923583984e-01 3.044685125350952148e-01
-8.437166810035705566e-01 2.512049078941345215e-01 4.743818640708923340e-01 -9.709084033966064453e-02
0.000000000000000000e+00 0.000000000000000000e+00 0.000000000000000000e+00 1.000000000000000000e+00
1.575741022825241089e-01 9.864042997360229492e-01 -4.665577784180641174e-02 3.316885605454444885e-02
-4.733219742774963379e-01 3.397717326879501343e-02 -8.802340626716613770e-01 3.038350343704223633e-01
-8.666816353797912598e-01 1.607852429151535034e-01 4.722405374050140381e-01 -9.815395623445510864e-02
0.000000000000000000e+00 0.000000000000000000e+00 0.000000000000000000e+00 1.000000000000000000e+00
2.351094782352447510e-02 9.993250966072082520e-01 -2.821455895900726318e-02 3.315704688429832458e-02
-4.710924029350280762e-01 -1.381802372634410858e-02 -8.819755911827087402e-01 3.049635291099548340e-01
-8.817703127861022949e-01 3.402772173285484314e-02 4.704496562480926514e-01 -1.012025624513626099e-01
