0.9804667830467224 -0.1422001570463181 -0.1358826458454132 -0.01021230686455965 
-0.1525631248950958 -0.113815613090992 -0.9817180633544922 0.3100774586200714 
0.1241348907351494 0.9832726120948792 -0.1332869678735733 0.06239759176969528 
0 0 0 1 

0.6071852445602417 0.7885826230049133 0.09728056937456131 -0.03172676265239716 
-0.1146136373281479 0.2080791294574738 -0.9713737368583679 0.2750198841094971 
-0.7862504124641418 0.5786540508270264 0.2167248576879501 0.007794890552759171 
0 0 0 1 

0.9937372803688049 -0.1115695238113403 -0.006202117539942265 -0.05563196167349815 
0.00270361639559269 0.07949438691139221 -0.9968315958976746 0.2726068496704102 
0.1117090657353401 0.9905719757080078 0.07929825037717819 0.01729926280677319 
0 0 0 1 

0.9819020628929138 0.1847046166658401 0.04186446592211723 -0.05751918628811836 
0.0408000722527504 0.009561276063323021 -0.9991215467453003 0.2686353921890259 
-0.1849426329135895 0.9827475547790527 0.001852246816270053 0.05760420486330986 
0 0 0 1 

0.865395188331604 0.4858728051185608 0.1225509494543076 -0.06510188430547714 
0.1924404948949814 -0.09644296765327454 -0.9765579104423523 0.2519287168979645 
-0.4626637995243073 0.8686923980712891 -0.176962822675705 0.1257679313421249 
0 0 0 1 

0.2867392301559448 0.903444230556488 0.318698912858963 -0.1171884462237358 
0.3423165380954742 0.2140836268663406 -0.9148701429367065 0.2676774561405182 
-0.8947624564170837 0.3714250326156616 -0.247877761721611 0.169398307800293 
0 0 0 1 

0.2027347385883331 0.8947242498397827 0.3979535400867462 -0.1398957073688507 
0.2464994937181473 0.3466768860816956 -0.9050154685974121 0.2737483084201813 
-0.9477006196975708 0.2815733551979065 -0.1502655893564224 0.1382200568914413 
0 0 0 1 

0.3547914922237396 0.8285733461380005 0.4331157207489014 -0.1588401943445206 
0.2391063719987869 0.3674344420433044 -0.8987882137298584 0.2740143537521362 
-0.9038535356521606 0.4224431812763214 -0.06775448471307755 0.1121013835072517 
0 0 0 1 

0.4327415227890015 0.7704219818115234 0.4681717455387115 -0.1694242358207703 
0.1706805527210236 0.4399075210094452 -0.8816742897033691 0.2774421274662018 
-0.8852135539054871 0.4614449441432953 0.05887022241950035 0.07942604273557663 
0 0 0 1 

0.4454480111598969 0.7559043765068054 0.4797754287719727 -0.1726676225662231 
0.1231067776679993 0.4790742993354797 -0.8690984845161438 0.2773448526859283 
-0.8868037462234497 0.4462020993232727 0.1203458681702614 0.05994649976491928 
0 0 0 1 

