1.000000000000000000e+00 0.000000000000000000e+00 0.000000000000000000e+00 -4.097584310382009209e-01
0.000000000000000000e+00 -1.000000000000000000e+00 0.000000000000000000e+00 -1.932597221741734483e-02
0.000000000000000000e+00 0.000000000000000000e+00 -1.000000000000000000e+00 -2.664692399556274349e+00
0.000000000000000000e+00 0.000000000000000000e+00 0.000000000000000000e+00 1.000000000000000000e+00
9.966672658920288086e-01 -7.919836044311523438e-02 -1.955107972025871277e-02 -4.480081680149238799e-01
-7.884658128023147583e-02 -9.967215061187744141e-01 1.815258152782917023e-02 6.371355353943540523e-02
-2.092462778091430664e-02 -1.655055768787860870e-02 -9.996439814567565918e-01 -2.717912448260800584e+00
0.000000000000000000e+00 0.000000000000000000e+00 0.000000000000000000e+00 1.000000000000000000e+00
9.857043027877807617e-01 -1.638081818819046021e-01 -3.942025080323219299e-02 -4.873611142058280610e-01
-1.618612259626388550e-01 -9.856274127960205078e-01 4.836351424455642700e-02 1.972986113906845251e-01
-4.677607491612434387e-02 -4.129149019718170166e-02 -9.980514645576477051e-01 -2.709469227766674759e+00
0.000000000000000000e+00 0.000000000000000000e+00 0.000000000000000000e+00 1.000000000000000000e+00
9.653061628341674805e-01 -2.575773000717163086e-01 -4.287005960941314697e-02 -4.756584527064344758e-01
-2.539581656455993652e-01 -9.642783403396606445e-01 7.531579583883285522e-02 3.201199548856783483e-01
-6.073832884430885315e-02 -6.181560084223747253e-02 -9.962378144264221191e-01 -2.704613230830416271e+00
0.000000000000000000e+00 0.000000000000000000e+00 0.000000000000000000e+00 1.000000000000000000e+00
9.369140863418579102e-01 -3.457590639591217041e-01 -5.140624940395355225e-02 -4.740518939405228838e-01
-3.379181623458862305e-01 -9.335007071495056152e-01 1.199472993612289429e-01 4.910464319408908151e-01
-8.946070820093154907e-02 -9.500916302204132080e-02 -9.914484024047851562e-01 -2.682257653617784676e+00
0.000000000000000000e+00 0.000000000000000000e+00 0.000000000000000000e+00 1.000000000000000000e+00
8.910874128341674805e-01 -4.525274634361267090e-01 -3.437793999910354614e-02 -3.962876132501205739e-01
-4.445657432079315186e-01 -8.856151700019836426e-01 1.343380957841873169e-01 5.714921277482650774e-01
-9.123738110065460205e-02 -1.044237017631530762e-01 -9.903389215469360352e-01 -2.689542476842992968e+00
0.000000000000000000e+00 0.000000000000000000e+00 0.000000000000000000e+00 1.000000000000000000e+00
8.459130525588989258e-01 -5.328992009162902832e-01 -2.120000123977661133e-02 -3.332599918607812017e-01
-5.229029655456542969e-01 -8.365523219108581543e-01 1.635623872280120850e-01 6.871144137043643241e-01
-1.048972383141517639e-01 -1.272740066051483154e-01 -9.863052368164062500e-01 -2.677441116140662825e+00
0.000000000000000000e+00 0.000000000000000000e+00 0.000000000000000000e+00 1.000000000000000000e+00
7.880873680114746094e-01 -6.155506372451782227e-01 -3.981221932917833328e-03 -2.518661997655693985e-01
-6.059517860412597656e-01 -7.769036889076232910e-01 1.710042208433151245e-01 7.435437167768822464e-01
-1.083548069000244141e-01 -1.323537975549697876e-01 -9.852624535560607910e-01 -2.681049311159330539e+00
0.000000000000000000e+00 0.000000000000000000e+00 0.000000000000000000e+00 1.000000000000000000e+00
7.182037234306335449e-01 -6.956954002380371094e-01 1.383216399699449539e-02 -1.515669116995733423e-01
-6.882662177085876465e-01 -7.073296308517456055e-01 1.611664891242980957e-01 7.446382338724424343e-01
-1.023389175534248352e-01 -1.252705603837966919e-01 -9.868299961090087891e-01 -2.692628868804127773e+00
0.000000000000000000e+00 0.000000000000000000e+00 0.000000000000000000e+00 1.000000000000000000e+00
6.467535495758056641e-01 -7.623676061630249023e-01 2.246368676424026489e-02 -8.324911859960400229e-02
-7.572880983352661133e-01 -6.383850574493408203e-01 1.377622634172439575e-01 7.011140365344222802e-01
-9.068503975868225098e-02 -1.061097383499145508e-01 -9.902107119560241699e-01 -2.720478968746318227e+00
0.000000000000000000e+00 0.000000000000000000e+00 0.000000000000000000e+00 1.000000000000000000e+00
5.487950444221496582e-01 -8.352485895156860352e-01 3.440645337104797363e-02 7.268893566293311084e-03
-8.338208794593811035e-01 -5.439884662628173828e-01 9.391232579946517944e-02 5.920109775142002873e-01
-5.972344800829887390e-02 -8.022737503051757812e-02 -9.949855208396911621e-01 -2.767981534980150649e+00
0.000000000000000000e+00 0.000000000000000000e+00 0.000000000000000000e+00 1.000000000000000000e+00
4.539418518543243408e-01 -8.878213167190551758e-01 7.556480914354324341e-02 1.868489131155998129e-01
-8.909304738044738770e-01 -4.509806334972381592e-01 5.346909165382385254e-02 4.782949904462998614e-01
-1.339272875338792801e-02 -9.159485250711441040e-02 -9.957064986228942871e-01 -2.805905662433928693e+00
0.000000000000000000e+00 0.000000000000000000e+00 0.000000000000000000e+00 1.000000000000000000e+00
3.516386151313781738e-01 -9.312939643859863281e-01 9.508924186229705811e-02 2.828789222522542501e-01
-9.359834194183349609e-01 -3.515935838222503662e-01 1.778321713209152222e-02 3.518818186401211912e-01
1.687135733664035797e-02 -9.525526314973831177e-02 -9.953099489212036133e-01 -2.820678676866049006e+00
0.000000000000000000e+00 0.000000000000000000e+00 0.000000000000000000e+00 1.000000000000000000e+00
2.760533392429351807e-01 -9.539297819137573242e-01 1.175246536731719971e-01 3.706182196347934110e-01
-9.580332636833190918e-01 -2.829229831695556641e-01 -4.612107574939727783e-02 1.288544376453687468e-01
7.724668830633163452e-02 -9.986063838005065918e-02 -9.919982552528381348e-01 -2.815240721892595221e+00
0.000000000000000000e+00 0.000000000000000000e+00 0.000000000000000000e+00 1.000000000000000000e+00
1.948449909687042236e-01 -9.692705869674682617e-01 1.501676142215728760e-01 4.812640262326379759e-01
-9.719323515892028809e-01 -2.113803327083587646e-01 -1.032747775316238403e-01 -6.671351447279204316e-02
1.318436414003372192e-01 -1.258301436901092529e-01 -9.832517504692077637e-01 -2.798146497878260863e+00
0.000000000000000000e+00 0.000000000000000000e+00 0.000000000000000000e+00 1.000000000000000000e+00
1.175389736890792847e-01 -9.818390607833862305e-01 1.489169150590896606e-01 4.932788451666345053e-01
-9.699404835700988770e-01 -1.456779092550277710e-01 -1.949174851179122925e-01 -3.547968762005192511e-01
2.130715399980545044e-01 -1.215301603078842163e-01 -9.694485664367675781e-01 -2.773001440438976228e+00
0.000000000000000000e+00 0.000000000000000000e+00 0.000000000000000000e+00 1.000000000000000000e+00
1.922337561845779419e-01 -9.723163247108459473e-01 1.328420042991638184e-01 4.379382299513951970e-01
-9.530223608016967773e-01 -2.172556668519973755e-01 -2.110643833875656128e-01 -3.993383618500028209e-01
2.340820580720901489e-01 -8.602775633335113525e-02 -9.684029817581176758e-01 -2.751985001374523510e+00
0.000000000000000000e+00 0.000000000000000000e+00 0.000000000000000000e+00 1.000000000000000000e+00
2.734630107879638672e-01 -9.518979191780090332e-01 1.382321715354919434e-01 4.321296871903862469e-01
-9.376376271247863770e-01 -2.958655059337615967e-01 -1.824803948402404785e-01 -2.951169277189573115e-01
2.146008759737014771e-01 -7.971005141735076904e-02 -9.734437465667724609e-01 -2.741612958367359187e+00
0.000000000000000000e+00 0.000000000000000000e+00 0.000000000000000000e+00 1.000000000000000000e+00
3.264826238155364990e-01 -9.347780346870422363e-01 1.399951875209808350e-01 4.237631780923438729e-01
-9.336885213851928711e-01 -3.419964909553527832e-01 -1.061295792460441589e-01 -4.846362672287594237e-02
1.470855027437210083e-01 -9.606249630451202393e-02 -9.844478964805603027e-01 -2.739803066112278085e+00
0.000000000000000000e+00 0.000000000000000000e+00 0.000000000000000000e+00 1.000000000000000000e+00
3.598605394363403320e-01 -9.166783690452575684e-01 1.737839728593826294e-01 5.057044356905410210e-01
-9.300903081893920898e-01 -3.671719431877136230e-01 -1.079336833208799362e-02 2.605010409434014851e-01
7.370264083147048950e-02 -1.577506959438323975e-01 -9.847247600555419922e-01 -2.701941025220078618e+00
0.000000000000000000e+00 0.000000000000000000e+00 0.000000000000000000e+00 1.000000000000000000e+00
4.013198316097259521e-01 -8.981621265411376953e-01 1.795743703842163086e-01 5.053563025427568745e-01
-9.158267378807067871e-01 -3.965363204479217529e-01 6.340193003416061401e-02 4.955402572679412643e-01
1.426255423575639725e-02 -1.899034529924392700e-01 -9.816989898681640625e-01 -2.662837804976856848e+00
0.000000000000000000e+00 0.000000000000000000e+00 0.000000000000000000e+00 1.000000000000000000e+00
4.597076475620269775e-01 -8.619254231452941895e-01 2.138997167348861694e-01 5.700665387359414860e-01
-8.869972229003906250e-01 -4.337981939315795898e-01 1.582872718572616577e-01 7.622962038659096828e-01
-4.364255443215370178e-02 -2.624942958354949951e-01 -9.639458060264587402e-01 -2.563675908226444200e+00
0.000000000000000000e+00 0.000000000000000000e+00 0.000000000000000000e+00 1.000000000000000000e+00
5.348070859909057617e-01 -8.206378221511840820e-01 2.013328522443771362e-01 4.796787493603340558e-01
-8.401654362678527832e-01 -4.910635650157928467e-01 2.301716208457946777e-01 9.441652649366583105e-01
-9.002037346363067627e-02 -2.922503948211669922e-01 -9.520958065986633301e-01 -2.493848118210085119e+00
0.000000000000000000e+00 0.000000000000000000e+00 0.000000000000000000e+00 1.000000000000000000e+00
5.899881720542907715e-01 -7.846821546554565430e-01 1.902317106723785400e-01 4.122929272884590657e-01
-7.971701025962829590e-01 -5.286989808082580566e-01 2.915418148040771484e-01 1.083870514218639780e+00
-1.281924694776535034e-01 -3.236533105373382568e-01 -9.374513030052185059e-01 -2.418978071572731814e+00
0.000000000000000000e+00 0.000000000000000000e+00 0.000000000000000000e+00 1.000000000000000000e+00
6.731247901916503906e-01 -7.212792038917541504e-01 1.632760763168334961e-01 2.824168257714392838e-01
-7.201018333435058594e-01 -5.889945030212402344e-01 3.667940497398376465e-01 1.228165133147433918e+00
-1.683923602104187012e-01 -3.644737303256988525e-01 -9.158616065979003906e-01 -2.320350395192168236e+00
0.000000000000000000e+00 0.000000000000000000e+00 0.000000000000000000e+00 1.000000000000000000e+00
7.344270944595336914e-01 -6.610279083251953125e-01 1.538143604993820190e-01 2.240984010927592751e-01
-6.504060029983520508e-01 -6.207671165466308594e-01 4.377444982528686523e-01 1.356389749372733267e+00
-1.938785016536712646e-01 -4.215330779552459717e-01 -8.858448266983032227e-01 -2.191999674261796205e+00
0.000000000000000000e+00 0.000000000000000000e+00 0.000000000000000000e+00 1.000000000000000000e+00
7.569771409034729004e-01 -6.398594379425048828e-01 1.325338184833526611e-01 1.441559772289135177e-01
-5.998549461364746094e-01 -6.000179648399353027e-01 5.292941331863403320e-01 1.555568681781699159e+00
-2.591513097286224365e-01 -4.801645874977111816e-01 -8.380228877067565918e-01 -1.991667173538702151e+00
0.000000000000000000e+00 0.000000000000000000e+00 0.000000000000000000e+00 1.000000000000000000e+00
7.864781618118286133e-01 -6.024359464645385742e-01 1.360984593629837036e-01 1.308949861495678213e-01
-5.360272526741027832e-01 -5.563374161720275879e-01 6.349514722824096680e-01 1.805953712807722322e+00
-3.068009614944458008e-01 -5.723279118537902832e-01 -7.604693770408630371e-01 -1.727731957403380925e+00
0.000000000000000000e+00 0.000000000000000000e+00 0.000000000000000000e+00 1.000000000000000000e+00
8.081135749816894531e-01 -5.732998847961425781e-01 1.352020353078842163e-01 1.124396349964947028e-01
-4.852095544338226318e-01 -5.177726745605468750e-01 7.046155333518981934e-01 1.974193531880762853e+00
-3.339520394802093506e-01 -6.350107192993164062e-01 -6.965899467468261719e-01 -1.516468082738368972e+00
0.000000000000000000e+00 0.000000000000000000e+00 0.000000000000000000e+00 1.000000000000000000e+00
8.380910158157348633e-01 -5.290111899375915527e-01 1.332304477691650391e-01 7.913680865307465284e-02
-4.178448319435119629e-01 -4.654793143272399902e-01 7.802144885063171387e-01 2.156625235169549182e+00
-3.507262170314788818e-01 -7.095604538917541504e-01 -6.111586689949035645e-01 -1.291248390761746245e+00
0.000000000000000000e+00 0.000000000000000000e+00 0.000000000000000000e+00 1.000000000000000000e+00
8.684071898460388184e-01 -4.880121946334838867e-01 8.782403171062469482e-02 -6.008207002714131134e-02
-3.288982808589935303e-01 -4.343607127666473389e-01 8.385441899299621582e-01 2.285564674673822072e+00
-3.710725903511047363e-01 -7.570830583572387695e-01 -5.377084016799926758e-01 -1.110509305111725853e+00
0.000000000000000000e+00 0.000000000000000000e+00 0.000000000000000000e+00 1.000000000000000000e+00
8.873239159584045410e-01 -4.569670855998992920e-01 6.194705516099929810e-02 -1.310303241479204850e-01
-2.288544923067092896e-01 -3.197400867938995361e-01 9.194518327713012695e-01 2.431293010279600431e+00
-4.003523886203765869e-01 -8.300284147262573242e-01 -3.882919549942016602e-01 -7.322456179785326036e-01
0.000000000000000000e+00 0.000000000000000000e+00 0.000000000000000000e+00 1.000000000000000000e+00
8.678051233291625977e-01 -4.965152442455291748e-01 1.967088505625724792e-02 -2.792112600218533136e-01
-9.929355233907699585e-02 -1.344840824604034424e-01 9.859284162521362305e-01 2.585291137917495430e+00
-4.868831336498260498e-01 -8.575468063354492188e-01 -1.660067439079284668e-01 -1.414699093373946170e-01
0.000000000000000000e+00 0.000000000000000000e+00 0.000000000000000000e+00 1.000000000000000000e+00
8.614522218704223633e-01 -5.068857073783874512e-01 3.108821623027324677e-02 -2.268527485905640073e-01
-9.973818063735961914e-02 -1.088452786207199097e-01 9.890422821044921875e-01 2.587979899944254480e+00
-4.979477822780609131e-01 -8.551135063171386719e-01 -1.443208754062652588e-01 -1.450022897658680421e-01
0.000000000000000000e+00 0.000000000000000000e+00 0.000000000000000000e+00 1.000000000000000000e+00
8.239054083824157715e-01 -5.660098195075988770e-01 2.850774861872196198e-02 -1.921437392355933305e-01
-1.120076477527618408e-01 -1.133199110627174377e-01 9.872246384620666504e-01 2.587358206507648362e+00
-5.555485486984252930e-01 -8.165727257728576660e-01 -1.567623466253280640e-01 -1.674469611943651126e-01
0.000000000000000000e+00 0.000000000000000000e+00 0.000000000000000000e+00 1.000000000000000000e+00
8.074760437011718750e-01 -5.877640247344970703e-01 5.015674233436584473e-02 -1.345659554977432504e-01
-2.399124652147293091e-01 -2.495350241661071777e-01 9.381760358810424805e-01 2.509084988474973521e+00
-5.389102101325988770e-01 -7.695878148078918457e-01 -3.425055146217346191e-01 -5.654110937342866627e-01
0.000000000000000000e+00 0.000000000000000000e+00 0.000000000000000000e+00 1.000000000000000000e+00
8.265637159347534180e-01 -5.562440156936645508e-01 8.593571186065673828e-02 -5.073742164396419230e-02
-3.056816160678863525e-01 -3.154443502426147461e-01 8.983612656593322754e-01 2.432257145595845937e+00
-4.726004004478454590e-01 -7.688220143318176270e-01 -4.307685792446136475e-01 -8.042321577409756728e-01
0.000000000000000000e+00 0.000000000000000000e+00 0.000000000000000000e+00 1.000000000000000000e+00
8.107166290283203125e-01 -5.777277350425720215e-01 9.470620751380920410e-02 -3.027692893434595633e-02
-3.661323785781860352e-01 -3.741126954555511475e-01 8.520484566688537598e-01 2.338702631146928113e+00
-4.568213820457458496e-01 -7.254448533058166504e-01 -5.148242712020874023e-01 -1.026420507841063312e+00
0.000000000000000000e+00 0.000000000000000000e+00 0.000000000000000000e+00 1.000000000000000000e+00
8.312109708786010742e-01 -5.507181286811828613e-01 7.614041119813919067e-02 -1.250823194479658562e-01
-4.529704749584197998e-01 -5.914492607116699219e-01 6.670873761177062988e-01 1.973713671744829590e+00
-3.223439455032348633e-01 -5.889797210693359375e-01 -7.410785555839538574e-01 -1.672051073338157279e+00
0.000000000000000000e+00 0.000000000000000000e+00 0.000000000000000000e+00 1.000000000000000000e+00
8.295684456825256348e-01 -5.560781955718994141e-01 5.092122778296470642e-02 -2.063123582370144649e-01
-4.686776995658874512e-01 -6.437934041023254395e-01 6.048726439476013184e-01 1.806490140699760216e+00
-3.035739362239837646e-01 -5.256488919258117676e-01 -7.946922183036804199e-01 -1.824628384506862933e+00
0.000000000000000000e+00 0.000000000000000000e+00 0.000000000000000000e+00 1.000000000000000000e+00
8.547239303588867188e-01 -5.159613490104675293e-01 5.683979764580726624e-02 -1.921020722542673420e-01
-4.636406600475311279e-01 -7.096024751663208008e-01 5.305674672126770020e-01 1.600205608273342461e+00
-2.334186285734176636e-01 -4.798417389392852783e-01 -8.457348942756652832e-01 -1.983369373568806493e+00
0.000000000000000000e+00 0.000000000000000000e+00 0.000000000000000000e+00 1.000000000000000000e+00
8.701881766319274902e-01 -4.925951361656188965e-01 1.106539089232683182e-02 -3.019207306354825815e-01
-4.567428827285766602e-01 -7.980230450630187988e-01 3.931218981742858887e-01 1.229958055075683676e+00
-1.848196685314178467e-01 -3.471439778804779053e-01 -9.194197058677673340e-01 -2.188820566368704146e+00
0.000000000000000000e+00 0.000000000000000000e+00 0.000000000000000000e+00 1.000000000000000000e+00
8.787344098091125488e-01 -4.770472347736358643e-01 1.586088351905345917e-02 -2.738719709425079252e-01
-4.647985398769378662e-01 -8.476677536964416504e-01 2.557764351367950439e-01 8.744180494802141768e-01
-1.085727661848068237e-01 -2.321317344903945923e-01 -9.666057229042053223e-01 -2.340265004743808053e+00
0.000000000000000000e+00 0.000000000000000000e+00 0.000000000000000000e+00 1.000000000000000000e+00
8.788026571273803711e-01 -4.770412743091583252e-01 1.170835550874471664e-02 -2.475171396045994510e-01
-4.770475029945373535e-01 -8.776957392692565918e-01 4.555976763367652893e-02 3.270529197694078127e-01
-1.145752985030412674e-02 -4.562349990010261536e-02 -9.988929629325866699e-01 -2.464409706052579807e+00
0.000000000000000000e+00 0.000000000000000000e+00 0.000000000000000000e+00 1.000000000000000000e+00
8.875544667243957520e-01 -4.605866670608520508e-01 1.035613194108009338e-02 -2.359882514925571717e-01
-4.596614241600036621e-01 -8.868348002433776855e-01 -4.728038981556892395e-02 7.336916936478518614e-02
3.096089512109756470e-02 3.720358759164810181e-02 -9.988281130790710449e-01 -2.488018879928549865e+00
0.000000000000000000e+00 0.000000000000000000e+00 0.000000000000000000e+00 1.000000000000000000e+00
8.945035338401794434e-01 -4.469727575778961182e-01 8.874734863638877869e-03 -2.365504970464516188e-01
-4.406918287277221680e-01 -8.849250674247741699e-01 -1.506590396165847778e-01 -2.240079125193576715e-01
7.519400119781494141e-02 1.308539658784866333e-01 -9.885460138320922852e-01 -2.481133342279359333e+00
0.000000000000000000e+00 0.000000000000000000e+00 0.000000000000000000e+00 1.000000000000000000e+00
8.958550691604614258e-01 -4.440869987010955811e-01 1.517217326909303665e-02 -2.178871386658234877e-01
-4.258200228214263916e-01 -8.677600622177124023e-01 -2.562612891197204590e-01 -5.279721285161043109e-01
1.269681751728057861e-01 2.231124192476272583e-01 -9.664884805679321289e-01 -2.440700641797536985e+00
0.000000000000000000e+00 0.000000000000000000e+00 0.000000000000000000e+00 1.000000000000000000e+00
8.997302651405334473e-01 -4.360342919826507568e-01 1.894194632768630981e-02 -2.038512814285776964e-01
-3.987568020820617676e-01 -8.389036059379577637e-01 -3.704499900341033936e-01 -8.794927535925854967e-01
1.774194985628128052e-01 3.257518708705902100e-01 -9.286593198776245117e-01 -2.349421254905128542e+00
0.000000000000000000e+00 0.000000000000000000e+00 0.000000000000000000e+00 1.000000000000000000e+00
9.047103524208068848e-01 -4.258825480937957764e-01 1.107242982834577560e-02 -2.363330561107901129e-01
-3.738534450531005859e-01 -8.061102628707885742e-01 -4.587154686450958252e-01 -1.150134560109614235e+00
2.042847126722335815e-01 4.108651578426361084e-01 -8.885139822959899902e-01 -2.257247959496126555e+00
0.000000000000000000e+00 0.000000000000000000e+00 0.000000000000000000e+00 1.000000000000000000e+00
9.151681661605834961e-01 -4.029883444309234619e-01 8.250098675489425659e-03 -2.710018989096729114e-01
-3.326655924320220947e-01 -7.667092680931091309e-01 -5.490816235542297363e-01 -1.429336309856536369e+00
2.275989502668380737e-01 4.997571408748626709e-01 -8.357281088829040527e-01 -2.137634749361762676e+00
0.000000000000000000e+00 0.000000000000000000e+00 0.000000000000000000e+00 1.000000000000000000e+00
9.106363058090209961e-01 -4.127945005893707275e-01 -1.848323456943035126e-02 -3.517362972283870626e-01
-3.314898610115051270e-01 -7.031078934669494629e-01 -6.290898323059082031e-01 -1.655132165124607591e+00
2.466893345117568970e-01 5.789991021156311035e-01 -7.771129608154296875e-01 -2.004662994638172879e+00
0.000000000000000000e+00 0.000000000000000000e+00 0.000000000000000000e+00 1.000000000000000000e+00
9.175872802734375000e-01 -3.964135348796844482e-01 -2.984106726944446564e-02 -4.031707364219161982e-01
-2.930644750595092773e-01 -6.238206624984741211e-01 -7.245417833328247070e-01 -1.938547522850655902e+00
2.686030268669128418e-01 6.735756397247314453e-01 -6.885844469070434570e-01 -1.779425090603486970e+00
0.000000000000000000e+00 0.000000000000000000e+00 0.000000000000000000e+00 1.000000000000000000e+00
9.247969985008239746e-01 -3.771835863590240479e-01 -4.982312023639678955e-02 -4.756021263980690916e-01
-2.654559314250946045e-01 -5.458843111991882324e-01 -7.946971654891967773e-01 -2.148884100225958882e+00
2.725490629673004150e-01 7.481594085693359375e-01 -6.049578785896301270e-01 -1.546305228591344783e+00
0.000000000000000000e+00 0.000000000000000000e+00 0.000000000000000000e+00 1.000000000000000000e+00
9.364210963249206543e-01 -3.478602766990661621e-01 -4.591803252696990967e-02 -4.833796754744711377e-01
-2.194787412881851196e-01 -4.786033332347869873e-01 -8.501572012901306152e-01 -2.330058757597986308e+00
2.737594842910766602e-01 8.061836361885070801e-01 -5.245223641395568848e-01 -1.332489596245457264e+00
0.000000000000000000e+00 0.000000000000000000e+00 0.000000000000000000e+00 1.000000000000000000e+00
9.463459253311157227e-01 -3.194709718227386475e-01 -4.865832999348640442e-02 -5.192212471902359905e-01
-1.834471970796585083e-01 -4.071328341960906982e-01 -8.947567939758300781e-01 -2.467990124830602205e+00
2.660384178161621094e-01 8.556757569313049316e-01 -4.438947141170501709e-01 -1.122665439958381972e+00
0.000000000000000000e+00 0.000000000000000000e+00 0.000000000000000000e+00 1.000000000000000000e+00
9.588455557823181152e-01 -2.815792262554168701e-01 -3.645091131329536438e-02 -5.152289778031370338e-01
-1.362926363945007324e-01 -3.438377380371093750e-01 -9.290851354598999023e-01 -2.592758727098169569e+00
2.490778565406799316e-01 8.958172202110290527e-01 -3.680645227432250977e-01 -9.089023052495625032e-01
0.000000000000000000e+00 0.000000000000000000e+00 0.000000000000000000e+00 1.000000000000000000e+00
9.652751088142395020e-01 -2.528800070285797119e-01 -6.553906947374343872e-02 -6.138817647486058959e-01
-1.328974515199661255e-01 -2.593660354614257812e-01 -9.565913677215576172e-01 -2.710040241919919435e+00
2.249042391777038574e-01 9.320841431617736816e-01 -2.839668393135070801e-01 -6.300103674449168967e-01
0.000000000000000000e+00 0.000000000000000000e+00 0.000000000000000000e+00 1.000000000000000000e+00
9.771581292152404785e-01 -2.072557955980300903e-01 -4.697360470890998840e-02 -5.955081436553439911e-01
-7.961018383502960205e-02 -1.520595997571945190e-01 -9.851598739624023438e-01 -2.834181356005133434e+00
1.970372796058654785e-01 9.663972258567810059e-01 -1.650859564542770386e-01 -2.506873456010578205e-01
0.000000000000000000e+00 0.000000000000000000e+00 0.000000000000000000e+00 1.000000000000000000e+00
9.930370450019836426e-01 -1.177739277482032776e-01 2.563588321208953857e-03 -4.818054362131145574e-01
-1.332083810120820999e-02 -1.338867247104644775e-01 -9.909071922302246094e-01 -2.867518804229767238e+00
1.170462593436241150e-01 9.839733839035034180e-01 -1.345233917236328125e-01 -1.663307655410537766e-01
0.000000000000000000e+00 0.000000000000000000e+00 0.000000000000000000e+00 1.000000000000000000e+00
9.957946538925170898e-01 -9.016590565443038940e-02 1.623161509633064270e-02 -4.534155626030674791e-01
-6.433532107621431351e-03 -2.455561012029647827e-01 -9.693610072135925293e-01 -2.822754945212230027e+00
9.138908982276916504e-02 9.651796817779541016e-01 -2.451034486293792725e-01 -4.853786529792856741e-01
0.000000000000000000e+00 0.000000000000000000e+00 0.000000000000000000e+00 1.000000000000000000e+00
9.979806542396545410e-01 -2.945133484899997711e-02 5.628181621432304382e-02 -3.220158051261104992e-01
4.529082030057907104e-02 -2.913448214530944824e-01 -9.555452466011047363e-01 -2.882971459555967009e+00
4.453948885202407837e-02 9.561644196510314941e-01 -2.894224524497985840e-01 -5.970522681115277841e-01
0.000000000000000000e+00 0.000000000000000000e+00 0.000000000000000000e+00 1.000000000000000000e+00
9.889346361160278320e-01 4.788909852504730225e-02 1.404077410697937012e-01 -2.419686525560054216e-02
1.481702178716659546e-01 -2.722657024860382080e-01 -9.507458209991455078e-01 -2.980006408676837193e+00
-7.302171550691127777e-03 9.610294699668884277e-01 -2.763486504554748535e-01 -5.351451711885432116e-01
0.000000000000000000e+00 0.000000000000000000e+00 0.000000000000000000e+00 1.000000000000000000e+00
9.686301350593566895e-01 6.322053074836730957e-02 2.403302043676376343e-01 2.883741693250313487e-01
2.485018670558929443e-01 -2.523569166660308838e-01 -9.351807236671447754e-01 -3.021132823006696722e+00
1.526336069218814373e-03 9.655669331550598145e-01 -2.601508498191833496e-01 -4.755651130860542031e-01
0.000000000000000000e+00 0.000000000000000000e+00 0.000000000000000000e+00 1.000000000000000000e+00
9.727894067764282227e-01 2.478527836501598358e-02 2.303606420755386353e-01 2.430349230980655972e-01
2.276402264833450317e-01 -2.873342037200927734e-01 -9.303863644599914551e-01 -3.008128861669152165e+00
4.313059151172637939e-02 9.575096368789672852e-01 -2.851577699184417725e-01 -5.821897110605973591e-01
0.000000000000000000e+00 0.000000000000000000e+00 0.000000000000000000e+00 1.000000000000000000e+00
9.818549752235412598e-01 -4.462222754955291748e-02 1.843091696500778198e-01 7.068067501645368400e-02
1.597597151994705200e-01 -3.289839625358581543e-01 -9.307237267494201660e-01 -2.980950676293377732e+00
1.021656915545463562e-01 9.432805180549621582e-01 -3.158856332302093506e-01 -7.295147750600372571e-01
0.000000000000000000e+00 0.000000000000000000e+00 0.000000000000000000e+00 1.000000000000000000e+00
9.858576655387878418e-01 -1.212435588240623474e-01 1.156949102878570557e-01 -1.668107147311298222e-01
6.325828284025192261e-02 -3.700657188892364502e-01 -9.268492460250854492e-01 -2.920257337156717981e+00
1.551891863346099854e-01 9.210596680641174316e-01 -3.571624159812927246e-01 -9.210676840953868627e-01
0.000000000000000000e+00 0.000000000000000000e+00 0.000000000000000000e+00 1.000000000000000000e+00
9.782596826553344727e-01 -2.047393321990966797e-01 3.301106020808219910e-02 -4.367454587893822571e-01
-3.248264268040657043e-02 -3.084860742092132568e-01 -9.506739377975463867e-01 -2.941144912113361265e+00
2.048238366842269897e-01 9.289337992668151855e-01 -3.084299564361572266e-01 -8.163278616676952204e-01
0.000000000000000000e+00 0.000000000000000000e+00 0.000000000000000000e+00 1.000000000000000000e+00
9.226039648056030273e-01 -3.764719963073730469e-01 -8.408536761999130249e-02 -7.795023587438556500e-01
-2.173385173082351685e-01 -3.272262811660766602e-01 -9.196119308471679688e-01 -2.756564323943274886e+00
3.186934590339660645e-01 8.667129874229431152e-01 -3.837222754955291748e-01 -1.133064801052640513e+00
0.000000000000000000e+00 0.000000000000000000e+00 0.000000000000000000e+00 1.000000000000000000e+00
8.701667189598083496e-01 -4.851176142692565918e-01 -8.643506467342376709e-02 -7.651958903294631131e-01
-2.798690199851989746e-01 -3.421887457370758057e-01 -8.969838023185729980e-01 -2.645873366618149092e+00
4.055657386779785156e-01 8.047161102294921875e-01 -4.335306882858276367e-01 -1.367419633759647368e+00
0.000000000000000000e+00 0.000000000000000000e+00 0.000000000000000000e+00 1.000000000000000000e+00
8.314617276191711426e-01 -5.521883964538574219e-01 -6.131738424301147461e-02 -6.709780154626134863e-01
-3.365980684757232666e-01 -4.128569066524505615e-01 -8.463160395622253418e-01 -2.464804946251489159e+00
4.420104622840881348e-01 7.243186235427856445e-01 -5.291400551795959473e-01 -1.694272405607643028e+00
0.000000000000000000e+00 0.000000000000000000e+00 0.000000000000000000e+00 1.000000000000000000e+00
8.005616664886474609e-01 -5.977557301521301270e-01 -4.229997843503952026e-02 -5.947571722005180472e-01
-4.229453802108764648e-01 -5.136129260063171387e-01 -7.465377449989318848e-01 -2.108130619175981213e+00
4.245214164257049561e-01 6.155399680137634277e-01 -6.639969944953918457e-01 -2.101439387722603414e+00
0.000000000000000000e+00 0.000000000000000000e+00 0.000000000000000000e+00 1.000000000000000000e+00
7.761496305465698242e-01 -6.303885579109191895e-01 -1.422308571636676788e-02 -4.993647920512747085e-01
-4.989918470382690430e-01 -6.002684235572814941e-01 -6.250480413436889648e-01 -1.684465030127429097e+00
3.854851722717285156e-01 4.922277927398681641e-01 -7.804567217826843262e-01 -2.433972114164071776e+00
0.000000000000000000e+00 0.000000000000000000e+00 0.000000000000000000e+00 1.000000000000000000e+00
7.528597712516784668e-01 -6.580399274826049805e-01 -1.362629607319831848e-02 -4.855148668196893058e-01
-5.641848444938659668e-01 -6.345417499542236328e-01 -5.282539725303649902e-01 -1.346443989612559511e+00
3.389657437801361084e-01 4.053886830806732178e-01 -8.489773273468017578e-01 -2.620125837834419880e+00
0.000000000000000000e+00 0.000000000000000000e+00 0.000000000000000000e+00 1.000000000000000000e+00
6.520532369613647461e-01 -7.581565976142883301e-01 -5.036030896008014679e-03 -3.962481537909840479e-01
-6.730264425277709961e-01 -5.757532119750976562e-01 -4.642659723758697510e-01 -1.078585385680957298e+00
3.490868806838989258e-01 3.061155080795288086e-01 -8.856815099716186523e-01 -2.753952179585603233e+00
0.000000000000000000e+00 0.000000000000000000e+00 0.000000000000000000e+00 1.000000000000000000e+00
5.841988921165466309e-01 -8.112220168113708496e-01 2.511229738593101501e-02 -2.580261697113796493e-01
-7.392471432685852051e-01 -5.446280837059020996e-01 -3.960980474948883057e-01 -8.215815132802576359e-01
3.350004851818084717e-01 2.128357589244842529e-01 -9.178645610809326172e-01 -2.857633150198108485e+00
0.000000000000000000e+00 0.000000000000000000e+00 0.000000000000000000e+00 1.000000000000000000e+00
5.383562445640563965e-01 -8.406846523284912109e-01 5.849337577819824219e-02 -1.155074420220687514e-01
-7.831645607948303223e-01 -5.247347950935363770e-01 -3.336260318756103516e-01 -5.908416361286238372e-01
3.111679255962371826e-01 1.337997317314147949e-01 -9.408892989158630371e-01 -2.917740668133740556e+00
0.000000000000000000e+00 0.000000000000000000e+00 0.000000000000000000e+00 1.000000000000000000e+00
5.009983181953430176e-01 -8.558310866355895996e-01 1.286601871252059937e-01 1.301344343933649728e-01
-8.181422948837280273e-01 -5.168277621269226074e-01 -2.520554363727569580e-01 -3.129047793499933339e-01
2.822119891643524170e-01 2.101697213947772980e-02 -9.591217637062072754e-01 -2.964473636944273682e+00
0.000000000000000000e+00 0.000000000000000000e+00 0.000000000000000000e+00 1.000000000000000000e+00
4.341734945774078369e-01 -8.827508687973022461e-01 1.795659512281417847e-01 3.439527312875201304e-01
-8.583017587661743164e-01 -4.658978879451751709e-01 -2.150735259056091309e-01 -1.678202468952497695e-01
2.735158205032348633e-01 -6.074262410402297974e-02 -9.599476456642150879e-01 -2.961979688750734585e+00
0.000000000000000000e+00 0.000000000000000000e+00 0.000000000000000000e+00 1.000000000000000000e+00
3.534517884254455566e-01 -8.939128518104553223e-01 2.756662070751190186e-01 7.005885646948498691e-01
-8.928543925285339355e-01 -4.102902710437774658e-01 -1.856695711612701416e-01 -5.156977428297956911e-02
2.790754437446594238e-01 -1.805044561624526978e-01 -9.431515932083129883e-01 -2.911149558756569000e+00
0.000000000000000000e+00 0.000000000000000000e+00 0.000000000000000000e+00 1.000000000000000000e+00
2.872910499572753906e-01 -8.837587833404541016e-01 3.693694770336151123e-01 1.032035466159379355e+00
-9.150628447532653809e-01 -3.671919107437133789e-01 -1.668239980936050415e-01 2.051426725054238120e-02
2.830616235733032227e-01 -2.900692820549011230e-01 -9.141857624053955078e-01 -2.827031373846759177e+00
0.000000000000000000e+00 0.000000000000000000e+00 0.000000000000000000e+00 1.000000000000000000e+00
2.701297402381896973e-01 -8.526255488395690918e-01 4.472796618938446045e-01 1.277284627826561936e+00
-9.325869679450988770e-01 -3.472065329551696777e-01 -9.863577038049697876e-02 2.456318958184369738e-01
2.393978238105773926e-01 -3.904828727245330811e-01 -8.889387845993041992e-01 -2.716917683574176401e+00
0.000000000000000000e+00 0.000000000000000000e+00 0.000000000000000000e+00 1.000000000000000000e+00
1.743441373109817505e-01 -7.737161517143249512e-01 6.090711951255798340e-01 1.826141421671825471e+00
-9.620775580406188965e-01 -2.656269967555999756e-01 -6.204100325703620911e-02 3.635603353655675885e-01
2.097880095243453979e-01 -5.751571059226989746e-01 -7.906855344772338867e-01 -2.400675781040217061e+00
0.000000000000000000e+00 0.000000000000000000e+00 0.000000000000000000e+00 1.000000000000000000e+00
1.372796446084976196e-01 -6.739990115165710449e-01 7.258648872375488281e-01 2.204188288734973078e+00
-9.734078049659729004e-01 -2.274677902460098267e-01 -2.711798995733261108e-02 4.760114467114432979e-01
1.833883374929428101e-01 -7.028397321701049805e-01 -6.873025894165039062e-01 -2.077718871946202750e+00
0.000000000000000000e+00 0.000000000000000000e+00 0.000000000000000000e+00 1.000000000000000000e+00
1.116111353039741516e-01 -5.740419030189514160e-01 8.111833333969116211e-01 2.472733087142154673e+00
-9.835481047630310059e-01 -1.804856657981872559e-01 7.604425307363271713e-03 5.837958216562725289e-01
1.420417428016662598e-01 -7.986868619918823242e-01 -5.847421884536743164e-01 -1.748825797714601338e+00
0.000000000000000000e+00 0.000000000000000000e+00 0.000000000000000000e+00 1.000000000000000000e+00
7.671043276786804199e-02 -5.125938057899475098e-01 8.551977276802062988e-01 2.627924656463724862e+00
-9.913349151611328125e-01 -1.309430599212646484e-01 1.043623872101306915e-02 5.981301600383068795e-01
1.066326126456260681e-01 -8.485878109931945801e-01 -5.181968808174133301e-01 -1.529389675904219148e+00
0.000000000000000000e+00 0.000000000000000000e+00 0.000000000000000000e+00 1.000000000000000000e+00
1.538526266813278198e-01 -5.135491490364074707e-01 8.441544175148010254e-01 2.531242634952894033e+00
-9.879121184349060059e-01 -9.632523357868194580e-02 1.214529648423194885e-01 9.278075944978496636e-01
1.894127577543258667e-02 -8.526361584663391113e-01 -5.221613645553588867e-01 -1.475218461076310605e+00
0.000000000000000000e+00 0.000000000000000000e+00 0.000000000000000000e+00 1.000000000000000000e+00
2.661689817905426025e-01 -5.726336240768432617e-01 7.753995656967163086e-01 2.252771850990955560e+00
-9.592159986495971680e-01 -7.792001217603683472e-02 2.717229127883911133e-01 1.360603771262270056e+00
-9.517847746610641479e-02 -8.161002397537231445e-01 -5.700191855430603027e-01 -1.527598271647474748e+00
0.000000000000000000e+00 0.000000000000000000e+00 0.000000000000000000e+00 1.000000000000000000e+00
3.183406889438629150e-01 -6.161090731620788574e-01 7.204646468162536621e-01 2.061676450929370574e+00
-9.296975731849670410e-01 -5.438077822327613831e-02 3.642871081829071045e-01 1.609651043841482165e+00
-1.852611154317855835e-01 -7.857817411422729492e-01 -5.901065468788146973e-01 -1.524195100252152990e+00
0.000000000000000000e+00 0.000000000000000000e+00 0.000000000000000000e+00 1.000000000000000000e+00
3.656980395317077637e-01 -6.361747980117797852e-01 6.793723106384277344e-01 1.908801538175499024e+00
-8.898064494132995605e-01 -2.489646151661872864e-02 4.556587934494018555e-01 1.844306651446802281e+00
-2.729645669460296631e-01 -7.711434364318847656e-01 -5.751770138740539551e-01 -1.414995876046552858e+00
0.000000000000000000e+00 0.000000000000000000e+00 0.000000000000000000e+00 1.000000000000000000e+00
4.206422567367553711e-01 -6.377438902854919434e-01 6.452462673187255859e-01 1.763357696991886936e+00
-8.388482928276062012e-01 -2.523004543036222458e-03 5.443595051765441895e-01 2.060318630401062556e+00
-3.455339372158050537e-01 -7.702444791793823242e-01 -5.360316038131713867e-01 -1.236891054219239061e+00
0.000000000000000000e+00 0.000000000000000000e+00 0.000000000000000000e+00 1.000000000000000000e+00
5.175768136978149414e-01 -6.444835066795349121e-01 5.628098845481872559e-01 1.469206055097413977e+00
-7.290323972702026367e-01 1.216539181768894196e-02 6.843711137771606445e-01 2.370392715937679640e+00
-4.479125738143920898e-01 -7.645214796066284180e-01 -4.635528624057769775e-01 -9.270728343013943107e-01
0.000000000000000000e+00 0.000000000000000000e+00 0.000000000000000000e+00 1.000000000000000000e+00
6.293817162513732910e-01 -6.699408292770385742e-01 3.937734365463256836e-01 8.950594731393195502e-01
-5.766621232032775879e-01 -6.297859549522399902e-02 8.145513534545898438e-01 2.664306359346101605e+00
-5.209024548530578613e-01 -7.397379875183105469e-01 -4.259673655033111572e-01 -7.505730880610210765e-01
0.000000000000000000e+00 0.000000000000000000e+00 0.000000000000000000e+00 1.000000000000000000e+00
6.389524340629577637e-01 -7.173910140991210938e-01 2.776511311531066895e-01 5.849382708009718268e-01
-4.939734935760498047e-01 -1.059584841132164001e-01 8.629965186119079590e-01 2.752800681056236431e+00
-5.896863341331481934e-01 -6.885659694671630859e-01 -4.220744967460632324e-01 -6.961280714965514260e-01
0.000000000000000000e+00 0.000000000000000000e+00 0.000000000000000000e+00 1.000000000000000000e+00
6.099896430969238281e-01 -7.662009000778198242e-01 2.021105140447616577e-01 4.208152046709949801e-01
-3.873845040798187256e-01 -6.584041565656661987e-02 9.195641875267028809e-01 2.851302528672001291e+00
-6.912640333175659180e-01 -6.392191648483276367e-01 -3.369763195514678955e-01 -4.328257243789201958e-01
0.000000000000000000e+00 0.000000000000000000e+00 0.000000000000000000e+00 1.000000000000000000e+00
4.469847679138183594e-01 -8.923096656799316406e-01 6.315079331398010254e-02 1.747071444094424053e-01
-2.116533815860748291e-01 -3.690390288829803467e-02 9.766477942466735840e-01 2.920959235718677771e+00
-8.691418170928955078e-01 -4.499126672744750977e-01 -2.053558081388473511e-01 -4.580492175558709828e-02
0.000000000000000000e+00 0.000000000000000000e+00 0.000000000000000000e+00 1.000000000000000000e+00
3.232994675636291504e-01 -9.420127868652343750e-01 -8.994141221046447754e-02 -2.281641547412383564e-01
-2.584134936332702637e-01 -1.793196648359298706e-01 9.492452740669250488e-01 2.933612476968372018e+00
-9.103295207023620605e-01 -2.836483716964721680e-01 -3.014028966426849365e-01 -3.755780169471952812e-01
0.000000000000000000e+00 0.000000000000000000e+00 0.000000000000000000e+00 1.000000000000000000e+00
3.120853006839752197e-01 -9.496688246726989746e-01 2.705135568976402283e-02 1.451324350030055166e-01
-3.691502213478088379e-01 -9.497771412134170532e-02 9.245041012763977051e-01 2.879700370057451053e+00
-8.754031658172607422e-01 -2.985100746154785156e-01 -3.802117109298706055e-01 -5.957910141055952069e-01
0.000000000000000000e+00 0.000000000000000000e+00 0.000000000000000000e+00 1.000000000000000000e+00
2.879208624362945557e-01 -9.571601748466491699e-01 3.075437061488628387e-02 2.071947828224705579e-01
-4.648923277854919434e-01 -1.116223931312561035e-01 8.783026337623596191e-01 2.781805315103512921e+00
-8.372433781623840332e-01 -2.671790122985839844e-01 -4.771148264408111572e-01 -9.130216796252262901e-01
0.000000000000000000e+00 0.000000000000000000e+00 0.000000000000000000e+00 1.000000000000000000e+00
