1.000000000000000000e+00 0.000000000000000000e+00 0.000000000000000000e+00 -3.619798645377159119e-02
0.000000000000000000e+00 1.000000000000000000e+00 0.000000000000000000e+00 -1.327119767665863037e-03
0.000000000000000000e+00 0.000000000000000000e+00 1.000000000000000000e+00 -2.960163652896881104e-01
0.000000000000000000e+00 0.000000000000000000e+00 0.000000000000000000e+00 1.000000000000000000e+00
9.906437993049621582e-01 1.361817866563796997e-01 8.907790295779705048e-03 -4.221062734723091125e-02
-1.354575604200363159e-01 9.891242384910583496e-01 -5.730955675244331360e-02 2.776741050183773041e-02
-1.661546528339385986e-02 5.556672438979148865e-02 9.983166456222534180e-01 -2.970233261585235596e-01
0.000000000000000000e+00 0.000000000000000000e+00 0.000000000000000000e+00 1.000000000000000000e+00
9.719706773757934570e-01 2.329078912734985352e-01 3.204228356480598450e-02 -4.964048042893409729e-02
-2.284702807664871216e-01 9.678829312324523926e-01 -1.048973277211189270e-01 5.287493020296096802e-02
-5.544468387961387634e-02 9.463641047477722168e-02 9.939666986465454102e-01 -2.946303784847259521e-01
0.000000000000000000e+00 0.000000000000000000e+00 0.000000000000000000e+00 1.000000000000000000e+00
9.422916769981384277e-01 3.335268497467041016e-01 2.908544987440109253e-02 -4.751380905508995056e-02
-3.262806236743927002e-01 9.343274831771850586e-01 -1.434330642223358154e-01 7.364431023597717285e-02
-7.501418888568878174e-02 1.256657689809799194e-01 9.892325997352600098e-01 -2.919450402259826660e-01
0.000000000000000000e+00 0.000000000000000000e+00 0.000000000000000000e+00 1.000000000000000000e+00
8.955693840980529785e-01 4.449201822280883789e-01 -1.171286217868328094e-03 -3.285913914442062378e-02
-4.389949142932891846e-01 8.832080960273742676e-01 -1.650053411722183228e-01 8.714310824871063232e-02
-7.237973809242248535e-02 1.482879072427749634e-01 9.862920045852661133e-01 -2.910836040973663330e-01
0.000000000000000000e+00 0.000000000000000000e+00 0.000000000000000000e+00 1.000000000000000000e+00
8.318035006523132324e-01 5.548918247222900391e-01 -1.406552828848361969e-02 -2.301145158708095551e-02
-5.471473336219787598e-01 8.154014945030212402e-01 -1.890760362148284912e-01 1.010653898119926453e-01
-9.344778209924697876e-02 1.649700254201889038e-01 9.818617701530456543e-01 -2.893305718898773193e-01
0.000000000000000000e+00 0.000000000000000000e+00 0.000000000000000000e+00 1.000000000000000000e+00
7.558906674385070801e-01 6.527070999145507812e-01 -5.101314187049865723e-02 -4.697758704423904419e-03
-6.504529714584350586e-01 7.398482561111450195e-01 -1.718584150075912476e-01 9.957565367221832275e-02
-7.443132996559143066e-02 1.630878299474716187e-01 9.837999939918518066e-01 -2.925013899803161621e-01
0.000000000000000000e+00 0.000000000000000000e+00 0.000000000000000000e+00 1.000000000000000000e+00
6.942003369331359863e-01 7.157880067825317383e-01 -7.571723312139511108e-02 6.827560719102621078e-03
-7.191953659057617188e-01 6.855416297912597656e-01 -1.130941510200500488e-01 8.064314723014831543e-02
-2.904417552053928375e-02 1.329655051231384277e-01 9.906950592994689941e-01 -2.994930446147918701e-01
0.000000000000000000e+00 0.000000000000000000e+00 0.000000000000000000e+00 1.000000000000000000e+00
5.890000462532043457e-01 8.070563077926635742e-01 -4.169880226254463196e-02 -3.031206724699586630e-04
-8.073264956474304199e-01 5.853239893913269043e-01 -7.496403902769088745e-02 6.890761852264404297e-02
-3.609291836619377136e-02 7.781837880611419678e-02 9.963141083717346191e-01 -3.066680729389190674e-01
0.000000000000000000e+00 0.000000000000000000e+00 0.000000000000000000e+00 1.000000000000000000e+00
5.040823817253112793e-01 8.624058365821838379e-01 -4.644509032368659973e-02 6.073964759707450867e-03
-8.632522225379943848e-01 5.014744997024536133e-01 -5.760984867811203003e-02 6.374381482601165771e-02
-2.639203891158103943e-02 6.913393735885620117e-02 9.972581863403320312e-01 -3.105555772781372070e-01
0.000000000000000000e+00 0.000000000000000000e+00 0.000000000000000000e+00 1.000000000000000000e+00
4.057935774326324463e-01 9.118294119834899902e-01 -6.243827939033508301e-02 1.601802371442317963e-02
-9.138283133506774902e-01 4.059652090072631836e-01 -1.048504095524549484e-02 4.631548747420310974e-02
1.578719355165958405e-02 6.131263449788093567e-02 9.979937672615051270e-01 -3.146700561046600342e-01
0.000000000000000000e+00 0.000000000000000000e+00 0.000000000000000000e+00 1.000000000000000000e+00
2.914578318595886230e-01 9.540212750434875488e-01 -6.996943801641464233e-02 2.353816106915473938e-02
-9.554498791694641113e-01 2.938928008079528809e-01 2.724940888583660126e-02 3.285735845565795898e-02
4.656003043055534363e-02 5.891023948788642883e-02 9.971768856048583984e-01 -3.170409500598907471e-01
0.000000000000000000e+00 0.000000000000000000e+00 0.000000000000000000e+00 1.000000000000000000e+00
1.776200085878372192e-01 9.808036088943481445e-01 -8.046959340572357178e-02 3.208158910274505615e-02
-9.817380905151367188e-01 1.822612434625625610e-01 5.450696870684623718e-02 2.298438362777233124e-02
6.812711060047149658e-02 6.931854784488677979e-02 9.952656030654907227e-01 -3.177578449249267578e-01
0.000000000000000000e+00 0.000000000000000000e+00 0.000000000000000000e+00 1.000000000000000000e+00
1.013098061084747314e-01 9.911363124847412109e-01 -8.593474328517913818e-02 3.681942820549011230e-02
-9.904822111129760742e-01 1.085773110389709473e-01 8.459102362394332886e-02 1.175986137241125107e-02
9.317179769277572632e-02 7.654695957899093628e-02 9.927031397819519043e-01 -3.172582387924194336e-01
0.000000000000000000e+00 0.000000000000000000e+00 0.000000000000000000e+00 1.000000000000000000e+00
1.745682023465633392e-02 9.956131577491760254e-01 -9.192288666963577271e-02 4.371039941906929016e-02
-9.972857832908630371e-01 2.391561493277549744e-02 6.963662803173065186e-02 1.869557239115238190e-02
7.152952998876571655e-02 9.045773744583129883e-02 9.933282136917114258e-01 -3.112942278385162354e-01
0.000000000000000000e+00 0.000000000000000000e+00 0.000000000000000000e+00 1.000000000000000000e+00
-9.288477897644042969e-02 8.804807066917419434e-01 -4.648937284946441650e-01 1.720279902219772339e-01
-9.902600646018981934e-01 -3.305403143167495728e-02 1.352494955062866211e-01 -2.468665130436420441e-03
1.037179380655288696e-01 4.729283452033996582e-01 8.749750852584838867e-01 -2.664815783500671387e-01
0.000000000000000000e+00 0.000000000000000000e+00 0.000000000000000000e+00 1.000000000000000000e+00
-1.649359166622161865e-01 8.564965724945068359e-01 -4.890908300876617432e-01 1.815687566995620728e-01
-9.773713350296020508e-01 -7.534264773130416870e-02 1.976583600044250488e-01 -2.443878725171089172e-02
1.324443072080612183e-01 5.106242895126342773e-01 8.495418429374694824e-01 -2.593849897384643555e-01
0.000000000000000000e+00 0.000000000000000000e+00 0.000000000000000000e+00 1.000000000000000000e+00
-1.325697749853134155e-01 7.986485362052917480e-01 -5.870141386985778809e-01 2.062134295701980591e-01
-9.911176562309265137e-01 -1.131075993180274963e-01 6.994556635618209839e-02 1.662299968302249908e-02
-1.053380221128463745e-02 5.910727977752685547e-01 8.065494298934936523e-01 -2.388718873262405396e-01
0.000000000000000000e+00 0.000000000000000000e+00 0.000000000000000000e+00 1.000000000000000000e+00
-8.558560907840728760e-02 7.300760746002197266e-01 -6.779853701591491699e-01 2.250449955463409424e-01
-9.945266246795654297e-01 -2.166722901165485382e-02 1.022123396396636963e-01 9.437174536287784576e-03
5.993275344371795654e-02 6.830223798751831055e-01 7.279344201087951660e-01 -2.241431027650833130e-01
0.000000000000000000e+00 0.000000000000000000e+00 0.000000000000000000e+00 1.000000000000000000e+00
-6.306169927120208740e-02 6.807873845100402832e-01 -7.297613620758056641e-01 2.377786487340927124e-01
-9.865104556083679199e-01 6.815887242555618286e-02 1.488332450389862061e-01 -5.377833265811204910e-03
1.510634869337081909e-01 7.293030023574829102e-01 6.673057675361633301e-01 -2.053450644016265869e-01
0.000000000000000000e+00 0.000000000000000000e+00 0.000000000000000000e+00 1.000000000000000000e+00
