1 0 0 -0.01792658120393753 
0 1 0 0.02243540808558464 
0 0 1 -0.3816788792610168 
0 0 0 1 

0.9975578188896179 0.04967380315065384 -0.04910136759281158 0.00301171257160604 
-0.05078920722007751 0.9984728693962097 -0.02173526398837566 0.02761602774262428 
0.04794671386480331 0.02417598851025105 0.9985572695732117 -0.3785419762134552 
0 0 0 1 

0.985460102558136 0.06973364949226379 -0.1549375802278519 0.04617653042078018 
-0.07405021041631699 0.9970061182975769 -0.02225835435092449 0.02902211062610149 
0.1529215574264526 0.03340787068009377 0.9876735210418701 -0.3719086945056915 
0 0 0 1 

0.9982236623764038 0.0486975871026516 -0.03432158753275871 -0.001319297822192311 
-0.04844004288315773 0.9987915754318237 0.008296170271933079 0.01690774597227573 
0.03468412533402443 -0.006618825253099203 0.9993763566017151 -0.3690378963947296 
0 0 0 1 

0.9932376742362976 0.0546741895377636 -0.1024189963936806 0.02739798836410046 
-0.05135681107640266 0.9980754852294922 0.03475369140505791 0.01009736116975546 
0.1041220426559448 -0.0292587261646986 0.9941340088844299 -0.3664251565933228 
0 0 0 1 

0.5341947674751282 0.8167328238487244 -0.2181359380483627 0.05293845012784004 
-0.8397948145866394 0.4831422865390778 -0.2476247251033783 0.09699003398418427 
-0.09685259312391281 0.3154692947864532 0.9439802169799805 -0.2108518332242966 
0 0 0 1 

0.5798250436782837 0.7861409187316895 -0.2139750123023987 0.0382208339869976 
-0.7701183557510376 0.44310662150383 -0.4588835537433624 0.1481314897537231 
-0.2659334540367126 0.4308581948280334 0.8623459339141846 -0.2056096345186234 
0 0 0 1 

0.60811448097229 0.7791197299957275 -0.1522140502929688 0.01960969716310501 
-0.7597947120666504 0.5156708955764771 -0.3959740102291107 0.1311278343200684 
-0.2300188392400742 0.3564489483833313 0.9055581092834473 -0.2236101627349854 
0 0 0 1 

0.6264885067939758 0.7735885381698608 -0.0952511802315712 0.002280303044244647 
-0.744218111038208 0.5573853254318237 -0.3680501282215118 0.1243852078914642 
-0.2316278219223022 0.3014668226242065 0.9249141812324524 -0.2340329736471176 
0 0 0 1 

0.6430101990699768 0.7656044363975525 -0.01970107667148113 -0.02084306627511978 
-0.7280615568161011 0.6030928492546082 -0.3258914649486542 0.1127034574747086 
-0.2376223802566528 0.2238951027393341 0.9452019333839417 -0.2438069134950638 
0 0 0 1 

