0.9966033697128296 0.07960027456283569 0.02110725268721581 -0.05007431283593178 
-0.07919119298458099 0.9966675639152527 -0.01955725997686386 0.01054534316062927 
-0.02259367890655994 0.01781932264566422 0.9995859265327454 -0.2930777668952942 
0 0 0 1 

0.9853988289833069 0.1662377417087555 0.03679564222693443 -0.05300023406744003 
-0.1642142236232758 0.9850261807441711 -0.05250659957528114 0.02594839036464691 
-0.04497330635786057 0.04569752886891365 0.9979424476623535 -0.2923702597618103 
0 0 0 1 

0.9653990268707275 0.2574686706066132 0.04140576720237732 -0.05195882543921471 
-0.2537704408168793 0.9641015529632568 -0.07815743982791901 0.03889922425150871 
-0.06004251167178154 0.0649455189704895 0.9960808157920837 -0.291768342256546 
0 0 0 1 

0.9361822009086609 0.3474717438220978 0.05316109955310822 -0.0529133714735508 
-0.3390948474407196 0.9325625896453857 -0.1238609477877617 0.05751199275255203 
-0.09261429309844971 0.0979297086596489 0.9908745288848877 -0.2890498042106628 
0 0 0 1 

0.8912244439125061 0.4521501064300537 0.03576499223709106 -0.04452436417341232 
-0.4439758658409119 0.8857975602149963 -0.1350851356983185 0.06531821191310883 
-0.09275934100151062 0.1045123562216759 0.9901883006095886 -0.2900146543979645 
0 0 0 1 

0.8418157696723938 0.5395188331604004 0.01628895662724972 -0.03553509339690208 
-0.5298640727996826 0.8317519426345825 -0.1656273156404495 0.07847915589809418 
-0.1029075011610985 0.1307967156171799 0.9860538840293884 -0.2887763381004333 
0 0 0 1 

-0.2219664305448532 0.8772081732749939 0.4257189631462097 -0.1102431043982506 
-0.8120653033256531 0.07535731792449951 -0.5786805152893066 0.2300478965044022 
-0.5397043228149414 -0.4741592705249786 0.6956235766410828 -0.2084933370351791 
0 0 0 1 

-0.1829527467489243 0.8401974439620972 0.5104864239692688 -0.1430058926343918 
-0.8657222986221313 0.10838233679533 -0.4886491894721985 0.2021051645278931 
-0.4658895134925842 -0.5313392281532288 0.7075489163398743 -0.217868909239769 
0 0 0 1 

-0.1719164699316025 0.7769626379013062 0.605618417263031 -0.1810943931341171 
-0.9005342721939087 0.1252709776163101 -0.416347324848175 0.1779958456754684 
-0.3993527293205261 -0.6169571876525879 0.6781454086303711 -0.2084162086248398 
0 0 0 1 

-0.136324867606163 0.7686013579368591 0.625033974647522 -0.1901355385780334 
-0.9371710419654846 0.1044638082385063 -0.3328630328178406 0.1513677537441254 
-0.3211323618888855 -0.631141185760498 0.7060699462890625 -0.2184101045131683 
0 0 0 1 

