0.9811379313468933 -0.07526610046625137 -0.1780544072389603 0.004139361437410116 
-0.1903868615627289 -0.216690257191658 -0.9574956297874451 0.3046637177467346 
0.03348428010940552 0.9733344316482544 -0.2269327044487 0.09955812245607376 
0 0 0 1 

0.9680870175361633 -0.2216106802225113 -0.1170308440923691 -0.01714575849473476 
-0.1438004523515701 -0.1087407246232033 -0.983613908290863 0.310449481010437 
0.2052533477544785 0.9690529704093933 -0.1371382027864456 0.05881132557988167 
0 0 0 1 

0.9634553194046021 -0.2388157546520233 -0.1213300600647926 -0.01665924303233624 
-0.1370127648115158 -0.05013853684067726 -0.9892994165420532 0.3106806874275208 
0.2301770001649857 0.9697695374488831 -0.08102703839540482 0.03802205622196198 
0 0 0 1 

0.9945311546325684 -0.03277373686432838 -0.09916548430919647 -0.02246539667248726 
-0.09799735248088837 0.03551285713911057 -0.9945529103279114 0.3091782927513123 
0.03611687198281288 0.9988317489624023 0.0321069210767746 0.008130847476422787 
0 0 0 1 

0.9766817688941956 -0.1117426007986069 -0.183320164680481 -0.0006092184339649975 
-0.1635633260011673 0.1658191680908203 -0.972497284412384 0.3057916462421417 
0.1390673667192459 0.9798048138618469 0.1436756253242493 -0.02691270597279072 
0 0 0 1 

0.5007930994033813 0.8652918338775635 0.02182479575276375 -0.01290977746248245 
-0.3745186328887939 0.2393492013216019 -0.8957944512367249 0.307191014289856 
-0.7803474068641663 0.4404338896274567 0.4439323842525482 -0.07196599245071411 
0 0 0 1 

0.6305867433547974 0.7666296362876892 0.1209929659962654 -0.04082853347063065 
-0.1630035787820816 0.283237099647522 -0.9450960159301758 0.2715538442134857 
-0.7588083148002625 0.5762426257133484 0.303568959236145 -0.02153797820210457 
0 0 0 1 

0.705848753452301 0.7043585181236267 0.07521037012338638 -0.03313709050416946 
-0.1114314496517181 0.2152614146471024 -0.9701780676841736 0.2749216258525848 
-0.6995431184768677 0.676418125629425 0.2304297238588333 0.003022729186341166 
0 0 0 1 

0.7623485326766968 0.6461494565010071 0.0362713523209095 -0.02783885784447193 
-0.02545819617807865 0.08594499528408051 -0.995974600315094 0.274228572845459 
-0.6466658115386963 0.7583563923835754 0.08196990191936493 0.04923819005489349 
0 0 0 1 

0.7492367029190063 0.6619333624839783 0.02210953459143639 -0.02227994054555893 
0.02283298037946224 0.007547256536781788 -0.9997109174728394 0.2695809900760651 
-0.6619088649749756 0.7495248913764954 -0.009459155611693859 0.07602936774492264 
0 0 0 1 

