1 0 0 -0.04542167112231255 
0 1 0 0.0009935460984706879 
0 0 1 -0.2875000238418579 
0 0 0 1 

0.6487636566162109 0.7602673768997192 -0.03315141797065735 -0.00718133058398962 
-0.7565450668334961 0.639660656452179 -0.135916993021965 0.07759564369916916 
-0.08212766051292419 0.11325853317976 0.9901654124259949 -0.2935513556003571 
0 0 0 1 

0.5520482063293457 0.8327522873878479 -0.04202570766210556 0.001657006680034101 
-0.8319421410560608 0.5467364192008972 -0.09461157768964767 0.06637978553771973 
-0.05581104382872581 0.08719310909509659 0.9946268200874329 -0.2983345687389374 
0 0 0 1 

0.4588777720928192 0.8833503723144531 -0.09551564604043961 0.02458484657108784 
-0.8884872198104858 0.4556499421596527 -0.05453040078282356 0.05442503094673157 
-0.004647755529731512 0.1098872274160385 0.9939332008361816 -0.3021324276924133 
0 0 0 1 

0.3519026637077332 0.930027961730957 -0.1058887466788292 0.03218713775277138 
-0.9358013272285461 0.3520919680595398 -0.0175237562507391 0.04046269878745079 
0.02098498493432999 0.1052574887871742 0.9942235350608826 -0.3036373555660248 
0 0 0 1 

0.27383753657341 0.9534804821014404 -0.1260464042425156 0.04104475677013397 
-0.9583992958068848 0.2814947366714478 0.04723729193210602 0.01637984253466129 
0.08052123337984085 0.1078674420714378 0.9908990263938904 -0.3032607436180115 
0 0 0 1 

0.192818894982338 0.9678242802619934 -0.1616701185703278 0.05383584648370743 
-0.9721730947494507 0.2107671201229095 0.1022588089108467 -0.003917247988283634 
0.1330433040857315 0.1374538689851761 0.9815323948860168 -0.3013310730457306 
0 0 0 1 

0.1141113415360451 0.9808104038238525 -0.158081129193306 0.05459842830896378 
-0.9711871743202209 0.1436413675546646 0.1901649981737137 -0.03375100344419479 
0.2092228084802628 0.1318263560533524 0.9689415097236633 -0.2988452613353729 
0 0 0 1 

0.1872953772544861 0.9714925289154053 -0.1453357934951782 0.04972884431481361 
-0.9544957280158997 0.2149450480937958 0.2067275494337082 -0.03864579647779465 
0.232073500752449 0.1000033393502235 0.96754390001297 -0.2963778376579285 
0 0 0 1 

0.2103440761566162 0.965341329574585 -0.1545036137104034 0.05219583958387375 
-0.9500675797462463 0.2391060292720795 0.2004992514848709 -0.03631903231143951 
0.2304929941892624 0.1046150848269463 0.9674339890480042 -0.2955357134342194 
0 0 0 1 

