0.6747790575027466 0.7164018154144287 -0.1773176938295364 0.03275174275040627 
-0.7196246385574341 0.585379421710968 -0.3734582364559174 0.1373930275440216 
-0.1637481302022934 0.3796039819717407 0.9105423092842102 -0.2490285933017731 
0 0 0 1 

0.7384910583496094 0.6544033288955688 -0.1624408215284348 0.02474228665232658 
-0.6465560793876648 0.6189348101615906 -0.445964902639389 0.1518896371126175 
-0.1913007497787476 0.4343682527542114 0.8801864385604858 -0.2349396049976349 
0 0 0 1 

0.7672115564346313 0.6240401268005371 -0.1481896936893463 0.01824852079153061 
-0.5937759280204773 0.6036748290061951 -0.531983494758606 0.1713370978832245 
-0.2425208389759064 0.4961353540420532 0.8336864709854126 -0.214297816157341 
0 0 0 1 

0.7945927977561951 0.5882967114448547 -0.1500969380140305 0.01598426885902882 
-0.5324208736419678 0.5563544631004333 -0.6379635334014893 0.198514387011528 
-0.2918048501014709 0.586836040019989 0.7552968263626099 -0.1855664849281311 
0 0 0 1 

0.8176689147949219 0.5567984580993652 -0.1462633311748505 0.01275708246976137 
-0.4780651926994324 0.5151817202568054 -0.7113656997680664 0.2177524566650391 
-0.3207352459430695 0.6515849828720093 0.6874341368675232 -0.1614528298377991 
0 0 0 1 

0.8483735918998718 0.5111801028251648 -0.1376851350069046 0.007207523565739393 
-0.4080328047275543 0.4656746685504913 -0.7852746248245239 0.236766442656517 
-0.3373003304004669 0.7223863005638123 0.6036443114280701 -0.1376642286777496 
0 0 0 1 

0.8784283995628357 0.4679003953933716 -0.09712251275777817 -0.006268941331654787 
-0.3218007385730743 0.4289388060569763 -0.8440707921981812 0.2507432401180267 
-0.353281557559967 0.772709846496582 0.5273627638816833 -0.1174963787198067 
0 0 0 1 

0.8397026062011719 0.5350669026374817 -0.09275174140930176 -0.005736073013395071 
-0.2914765179157257 0.2999712824821472 -0.9083273410797119 0.2672699987888336 
-0.4581930637359619 0.7897597551345825 0.4078461825847626 -0.08156526833772659 
0 0 0 1 

0.8248584270477295 0.5553889870643616 -0.105601005256176 -0.002872156444936991 
-0.356766015291214 0.3664774000644684 -0.859309196472168 0.2568987905979156 
-0.4385505318641663 0.746483325958252 0.5004358887672424 -0.1074281632900238 
0 0 0 1 

0.8239308595657349 0.5561123490333557 -0.1089809238910675 -0.001983260968700051 
-0.3671571314334869 0.3773694336414337 -0.8501693606376648 0.2560115456581116 
-0.4316638708114624 0.7404940128326416 0.5151072144508362 -0.1119022518396378 
0 0 0 1 

