0.9267071485519409 0.1549424976110458 -0.3423546254634857 0.05676423758268356 
-0.3755594789981842 0.3503574132919312 -0.8580237627029419 0.3005489110946655 
-0.01299782935529947 0.9237112998962402 0.3828688561916351 -0.08530565351247787 
0 0 0 1 

0.8850520253181458 0.1706319600343704 -0.4330907166004181 0.08886360377073288 
-0.4626882672309875 0.4244354367256165 -0.7783147692680359 0.2865177392959595 
0.05101359263062477 0.8892350792884827 0.4545969367027283 -0.1151297613978386 
0 0 0 1 

0.8730124235153198 0.1503768414258957 -0.4639353156089783 0.09900081902742386 
-0.470893532037735 0.5074712038040161 -0.7216176390647888 0.2693299353122711 
0.1269191354513168 0.8484453558921814 0.5138401985168457 -0.1414754688739777 
0 0 0 1 

0.5800840854644775 0.7868772149085999 0.2105388790369034 -0.06232472881674767 
-0.6122602820396423 0.5916808843612671 -0.5244530439376831 0.1891602128744125 
-0.5372520089149475 0.1753221899271011 0.8249983787536621 -0.2009504586458206 
0 0 0 1 

0.6432458162307739 0.7370227575302124 0.2074422389268875 -0.06621053814888 
-0.4985109567642212 0.608783483505249 -0.6171463131904602 0.2118422091007233 
-0.5811382532119751 0.2935645282268524 0.7590113282203674 -0.1745035201311111 
0 0 0 1 

0.7224036455154419 0.6681172847747803 0.1781911700963974 -0.06382007896900177 
-0.3931924998760223 0.6088883876800537 -0.6889517307281494 0.2274146229028702 
-0.5687991380691528 0.4276378154754639 0.7025619745254517 -0.1543228775262833 
0 0 0 1 

0.7855843305587769 0.6018848419189453 0.1434983164072037 -0.05903060361742973 
-0.3654763698577881 0.6385019421577454 -0.6773051023483276 0.223064586520195 
-0.4992836713790894 0.4796350002288818 0.7215719223022461 -0.1631579101085663 
0 0 0 1 

0.8674407601356506 0.4860111773014069 0.1064873263239861 -0.05663030594587326 
-0.2989530265331268 0.6802179217338562 -0.6692759394645691 0.2157270014286041 
-0.3977103531360626 0.5487224459648132 0.7353433966636658 -0.1713854670524597 
0 0 0 1 

0.8853877782821655 0.4600183963775635 0.06686896085739136 -0.04573366418480873 
-0.260740339756012 0.6105469465255737 -0.7478280067443848 0.2308057993650436 
-0.3848413527011871 0.6446822881698608 0.6605162024497986 -0.1472416818141937 
0 0 0 1 

0.853004515171051 0.5104848146438599 0.1085734590888023 -0.05450964346528053 
-0.2581187784671783 0.5934521555900574 -0.7623574137687683 0.2339302152395248 
-0.453605055809021 0.622269332408905 0.6379830837249756 -0.1370394229888916 
0 0 0 1 

