0.0208673533052206 0.9957147836685181 -0.09009279310703278 0.04302152618765831 
-0.9974324703216553 0.02690819837152958 0.0663655698299408 0.01955561898648739 
0.06850540637969971 0.08847660571336746 0.993719756603241 -0.3113487362861633 
0 0 0 1 

-0.09262825548648834 0.8662543296813965 -0.4909411668777466 0.180598646402359 
-0.9908411502838135 -0.03153896704316139 0.1312971115112305 -0.001416186220012605 
0.09825289249420166 0.4986065924167633 0.8612419962882996 -0.2612466514110565 
0 0 0 1 

-0.1628817915916443 0.8417494893074036 -0.5147110819816589 0.19007208943367 
-0.9784945845603943 -0.07089515030384064 0.1937066912651062 -0.02315720170736313 
0.1265619844198227 0.5351932644844055 0.8351947069168091 -0.2537206411361694 
0 0 0 1 

-0.1297052949666977 0.7738597989082336 -0.619933545589447 0.2170500010251999 
-0.9913764595985413 -0.112994484603405 0.06636987626552582 0.01747149415314198 
-0.01868803054094315 0.6231960654258728 0.7818423509597778 -0.2296628355979919 
0 0 0 1 

-0.08745384961366653 0.681912899017334 -0.7261864542961121 0.2411249727010727 
-0.9948774576187134 -0.02268360368907452 0.09851124882698059 0.0106225311756134 
0.05070364847779274 0.7310816645622253 0.6804034113883972 -0.2077282518148422 
0 0 0 1 

-0.06157569214701653 0.5081027150154114 -0.859092652797699 0.2790769934654236 
-0.9855616688728333 0.1050625368952751 0.1327786445617676 0.0001953032333403826 
0.1577236950397491 0.8548646569252014 0.494297206401825 -0.1501621901988983 
0 0 0 1 

-0.1246790587902069 0.3688844442367554 -0.9210750460624695 0.2967504560947418 
-0.9853023290634155 0.06321656703948975 0.1586908847093582 -0.01194964442402124 
0.1167657747864723 0.9273228645324707 0.3555810451507568 -0.1023408994078636 
0 0 0 1 

-0.1939738988876343 0.2702373564243317 -0.943051278591156 0.3052141070365906 
-0.9747170805931091 0.05558963119983673 0.2164167463779449 -0.03071352653205395 
0.110907718539238 0.9611875414848328 0.2526221573352814 -0.07027175277471542 
0 0 0 1 

-0.2741870582103729 0.1527501791715622 -0.9494674801826477 0.3105632364749908 
-0.9596059918403625 0.0212901197373867 0.2805401384830475 -0.05152148380875587 
0.06306668370962143 0.9880353212356567 0.1407427042722702 -0.03255842626094818 
0 0 0 1 

-0.3359038233757019 0.1742499321699142 -0.9256378412246704 0.3130479156970978 
-0.9369438290596008 0.03882820904254913 0.3473160564899445 -0.06940662860870361 
0.09646060317754745 0.9839356541633606 0.1502199321985245 -0.04007777944207191 
0 0 0 1 

