1.000000000000000000e+00 0.000000000000000000e+00 0.000000000000000000e+00 -1.792658120393753052e-02
0.000000000000000000e+00 1.000000000000000000e+00 0.000000000000000000e+00 2.243540808558464050e-02
0.000000000000000000e+00 0.000000000000000000e+00 1.000000000000000000e+00 -3.816788792610168457e-01
0.000000000000000000e+00 0.000000000000000000e+00 0.000000000000000000e+00 1.000000000000000000e+00
9.842605590820312500e-01 5.426559969782829285e-02 -1.681849360466003418e-01 5.287353694438934326e-02
-5.810939148068428040e-02 9.981476068496704102e-01 -1.801401190459728241e-02 2.636150270700454712e-02
1.668959110975265503e-01 2.750365808606147766e-02 9.855907559394836426e-01 -3.777609765529632568e-01
0.000000000000000000e+00 0.000000000000000000e+00 0.000000000000000000e+00 1.000000000000000000e+00
9.561818838119506836e-01 7.049284130334854126e-02 -2.841600477695465088e-01 9.988559037446975708e-02
-7.776293158531188965e-02 9.968682527542114258e-01 -1.437014527618885040e-02 2.557257190346717834e-02
2.822571098804473877e-01 3.583764284849166870e-02 9.586690664291381836e-01 -3.650595843791961670e-01
0.000000000000000000e+00 0.000000000000000000e+00 0.000000000000000000e+00 1.000000000000000000e+00
9.990521073341369629e-01 4.291724413633346558e-02 -7.284209597855806351e-03 -1.143088843673467636e-02
-4.287614673376083374e-02 9.990640878677368164e-01 5.706465337425470352e-03 1.800304651260375977e-02
7.522282190620899200e-03 -5.388684105128049850e-03 9.999569654464721680e-01 -3.686975240707397461e-01
0.000000000000000000e+00 0.000000000000000000e+00 0.000000000000000000e+00 1.000000000000000000e+00
9.941570162773132324e-01 5.690441653132438660e-02 -9.172517061233520508e-02 2.411747723817825317e-02
-5.399682372808456421e-02 9.979662895202636719e-01 3.387658298015594482e-02 1.023402623832225800e-02
9.346637874841690063e-02 -2.872572839260101318e-02 9.952077865600585938e-01 -3.669534027576446533e-01
0.000000000000000000e+00 0.000000000000000000e+00 0.000000000000000000e+00 1.000000000000000000e+00
-2.506797611713409424e-01 8.570267260074615479e-02 -9.642691612243652344e-01 4.039333760738372803e-01
-3.568241372704505920e-02 9.945785403251647949e-01 9.767287969589233398e-02 -1.042198203504085541e-02
9.674122333526611328e-01 5.889205262064933777e-02 -2.462627887725830078e-01 9.960018098354339600e-02
0.000000000000000000e+00 0.000000000000000000e+00 0.000000000000000000e+00 1.000000000000000000e+00
-2.886565923690795898e-01 9.555540233850479126e-02 -9.526529312133789062e-01 3.949478864669799805e-01
-2.179356850683689117e-02 9.940935969352722168e-01 1.063156127929687500e-01 -9.298708289861679077e-03
9.571841359138488770e-01 5.145041272044181824e-02 -2.848693132400512695e-01 1.201169416308403015e-01
0.000000000000000000e+00 0.000000000000000000e+00 0.000000000000000000e+00 1.000000000000000000e+00
-2.748849093914031982e-01 9.067322313785552979e-02 -9.571917057037353516e-01 3.893247842788696289e-01
-2.313150092959403992e-02 9.946306943893432617e-01 1.008626669645309448e-01 -3.337091300636529922e-03
9.611981511116027832e-01 4.986694082617759705e-02 -2.713118195533752441e-01 1.206854283809661865e-01
0.000000000000000000e+00 0.000000000000000000e+00 0.000000000000000000e+00 1.000000000000000000e+00
-2.639286220073699951e-01 8.376619219779968262e-02 -9.608978033065795898e-01 3.837031722068786621e-01
-3.717740625143051147e-02 9.945981502532958984e-01 9.691545367240905762e-02 6.996552838245406747e-05
9.638248682022094727e-01 6.130246445536613464e-02 -2.593887150287628174e-01 1.234361976385116577e-01
0.000000000000000000e+00 0.000000000000000000e+00 0.000000000000000000e+00 1.000000000000000000e+00
-2.390161752700805664e-01 7.791988551616668701e-02 -9.678836464881896973e-01 3.803440034389495850e-01
-5.807722732424736023e-02 9.938437342643737793e-01 9.435186535120010376e-02 3.214519936591386795e-03
9.692769050598144531e-01 7.876364141702651978e-02 -2.330192774534225464e-01 1.213073134422302246e-01
0.000000000000000000e+00 0.000000000000000000e+00 0.000000000000000000e+00 1.000000000000000000e+00
-2.039246708154678345e-01 6.756002455949783325e-02 -9.766523241996765137e-01 3.782013654708862305e-01
-8.129078894853591919e-02 9.930018186569213867e-01 8.566448092460632324e-02 8.314630016684532166e-03
9.756057262420654297e-01 9.686204791069030762e-02 -1.970056891441345215e-01 1.160788834095001221e-01
0.000000000000000000e+00 0.000000000000000000e+00 0.000000000000000000e+00 1.000000000000000000e+00
-2.096597105264663696e-01 4.652382805943489075e-02 -9.766668081283569336e-01 3.734786212444305420e-01
-1.097377017140388489e-01 9.914369583129882812e-01 7.078470289707183838e-02 1.727243885397911072e-02
9.715972542762756348e-01 1.220178976655006409e-01 -2.027591168880462646e-01 1.256434619426727295e-01
0.000000000000000000e+00 0.000000000000000000e+00 0.000000000000000000e+00 1.000000000000000000e+00
-1.914127320051193237e-01 6.272808462381362915e-02 -9.795030355453491211e-01 3.736520707607269287e-01
-1.026691794395446777e-01 9.912012815475463867e-01 8.354070037603378296e-02 1.654622890055179596e-02
9.761246442794799805e-01 1.165555343031883240e-01 -1.832884252071380615e-01 1.239802539348602295e-01
0.000000000000000000e+00 0.000000000000000000e+00 0.000000000000000000e+00 1.000000000000000000e+00
-1.931258440017700195e-01 5.924892425537109375e-02 -9.793835282325744629e-01 3.727929294109344482e-01
-1.390626132488250732e-01 9.864457249641418457e-01 8.709804713726043701e-02 1.827192865312099457e-02
9.712695479393005371e-01 1.530165672302246094e-01 -1.822686642408370972e-01 1.304126679897308350e-01
0.000000000000000000e+00 0.000000000000000000e+00 0.000000000000000000e+00 1.000000000000000000e+00
-1.676731854677200317e-01 6.450458616018295288e-02 -9.837300777435302734e-01 3.752889931201934814e-01
-1.541447043418884277e-01 9.838683009147644043e-01 9.078704565763473511e-02 1.930136792361736298e-02
9.737169742584228516e-01 1.668593138456344604e-01 -1.550251841545104980e-01 1.268414705991744995e-01
0.000000000000000000e+00 0.000000000000000000e+00 0.000000000000000000e+00 1.000000000000000000e+00
-1.625719666481018066e-01 6.559722125530242920e-02 -9.845137596130371094e-01 3.749125301837921143e-01
-1.756397783756256104e-01 9.799285531044006348e-01 9.429490566253662109e-02 2.031265385448932648e-02
9.709383845329284668e-01 1.882493942975997925e-01 -1.477874517440795898e-01 1.325685828924179077e-01
0.000000000000000000e+00 0.000000000000000000e+00 0.000000000000000000e+00 1.000000000000000000e+00
-1.381612718105316162e-01 6.930316984653472900e-02 -9.879822134971618652e-01 3.772470951080322266e-01
-1.858227998018264771e-01 9.780194163322448730e-01 9.459010511636734009e-02 2.365480735898017883e-02
9.728217124938964844e-01 1.966583579778671265e-01 -1.222462654113769531e-01 1.323501020669937134e-01
0.000000000000000000e+00 0.000000000000000000e+00 0.000000000000000000e+00 1.000000000000000000e+00
-1.164177134633064270e-01 5.887104198336601257e-02 -9.914538264274597168e-01 3.779688179492950439e-01
-2.085083276033401489e-01 9.745473861694335938e-01 8.235041797161102295e-02 2.977822907269001007e-02
9.710673093795776367e-01 2.163134813308715820e-01 -1.011795699596405029e-01 1.335158348083496094e-01
0.000000000000000000e+00 0.000000000000000000e+00 0.000000000000000000e+00 1.000000000000000000e+00
-3.345957770943641663e-02 8.471065014600753784e-02 -9.958435893058776855e-01 3.875869214534759521e-01
-2.355720698833465576e-01 9.676598906517028809e-01 9.022820740938186646e-02 2.581013552844524384e-02
9.712811112403869629e-01 2.376119494438171387e-01 -1.242183987051248550e-02 1.198137328028678894e-01
0.000000000000000000e+00 0.000000000000000000e+00 0.000000000000000000e+00 1.000000000000000000e+00
5.538005847483873367e-03 1.345706582069396973e-01 -9.908879399299621582e-01 4.025990366935729980e-01
-2.374825477600097656e-01 9.627313613891601562e-01 1.294195502996444702e-01 1.255816314369440079e-02
9.713760018348693848e-01 2.346020638942718506e-01 3.728977218270301819e-02 1.260290443897247314e-01
0.000000000000000000e+00 0.000000000000000000e+00 0.000000000000000000e+00 1.000000000000000000e+00
3.626541420817375183e-02 1.510060429573059082e-01 -9.878669977188110352e-01 4.129600822925567627e-01
-2.699633538722991943e-01 9.532452821731567383e-01 1.358032524585723877e-01 1.190693024545907974e-02
9.621871709823608398e-01 2.617630958557128906e-01 7.533603161573410034e-02 1.148425787687301636e-01
0.000000000000000000e+00 0.000000000000000000e+00 0.000000000000000000e+00 1.000000000000000000e+00
-4.368909820914268494e-02 1.808333992958068848e-01 -9.825429916381835938e-01 3.988642096519470215e-01
-2.053340077400207520e-01 9.608600735664367676e-01 1.859730184078216553e-01 -1.087636128067970276e-02
9.777160286903381348e-01 2.098745554685592651e-01 -4.847778473049402237e-03 1.343253850936889648e-01
0.000000000000000000e+00 0.000000000000000000e+00 0.000000000000000000e+00 1.000000000000000000e+00
-2.203316986560821533e-02 1.975321471691131592e-01 -9.800487756729125977e-01 3.963379561901092529e-01
-1.675199121236801147e-01 9.656975269317626953e-01 1.984058618545532227e-01 -1.675996929407119751e-02
9.856222271919250488e-01 1.685491800308227539e-01 1.181303057819604874e-02 1.223179548978805542e-01
0.000000000000000000e+00 0.000000000000000000e+00 0.000000000000000000e+00 1.000000000000000000e+00
1.036992855370044708e-02 2.596316933631896973e-01 -9.656528234481811523e-01 3.778917789459228516e-01
-7.060566544532775879e-02 9.634832739830017090e-01 2.582901716232299805e-01 -4.743096232414245605e-02
9.974501132965087891e-01 6.550226360559463501e-02 2.832232229411602020e-02 9.796208888292312622e-02
0.000000000000000000e+00 0.000000000000000000e+00 0.000000000000000000e+00 1.000000000000000000e+00
-1.016938872635364532e-02 3.151021301746368408e-01 -9.490034580230712891e-01 3.554828763008117676e-01
-2.738102152943611145e-02 9.486085176467895508e-01 3.152644634246826172e-01 -7.703764736652374268e-02
9.995737671852111816e-01 2.919073402881622314e-02 -1.018972368910908699e-03 9.871548414230346680e-02
0.000000000000000000e+00 0.000000000000000000e+00 0.000000000000000000e+00 1.000000000000000000e+00
1.191200874745845795e-02 3.873189389705657959e-01 -9.218686819076538086e-01 3.377342522144317627e-01
1.025820849463343620e-03 9.219288825988769531e-01 3.873572051525115967e-01 -1.063670516014099121e-01
9.999283552169799805e-01 -5.559821613132953644e-03 1.058474835008382797e-02 8.953076601028442383e-02
0.000000000000000000e+00 0.000000000000000000e+00 0.000000000000000000e+00 1.000000000000000000e+00
7.718548178672790527e-02 4.295971393585205078e-01 -8.997157216072082520e-01 3.260134160518646240e-01
5.839867889881134033e-02 8.989104628562927246e-01 4.342224895954132080e-01 -1.235284805297851562e-01
9.953050613403320312e-01 -8.605786412954330444e-02 4.429493844509124756e-02 7.240489870309829712e-02
0.000000000000000000e+00 0.000000000000000000e+00 0.000000000000000000e+00 1.000000000000000000e+00
3.785464167594909668e-01 4.334004521369934082e-01 -8.178425431251525879e-01 3.049079775810241699e-01
1.228374838829040527e-01 8.522579669952392578e-01 5.084946751594543457e-01 -1.515664607286453247e-01
9.173951148986816406e-01 -2.929506301879882812e-01 2.693814635276794434e-01 -1.141266524791717529e-02
0.000000000000000000e+00 0.000000000000000000e+00 0.000000000000000000e+00 1.000000000000000000e+00
4.811531007289886475e-01 4.378080368041992188e-01 -7.594841718673706055e-01 2.850173413753509521e-01
1.356999278068542480e-01 8.187212944030761719e-01 5.579250454902648926e-01 -1.708279997110366821e-01
8.660700321197509766e-01 -3.715092837810516357e-01 3.345198631286621094e-01 -3.703048452734947205e-02
0.000000000000000000e+00 0.000000000000000000e+00 0.000000000000000000e+00 1.000000000000000000e+00
5.239511132240295410e-01 4.631118178367614746e-01 -7.148442268371582031e-01 2.657148241996765137e-01
1.618706881999969482e-01 7.698314189910888672e-01 6.173799037933349609e-01 -1.898587048053741455e-01
8.362255692481994629e-01 -4.391892254352569580e-01 3.283897340297698975e-01 -3.782499954104423523e-02
0.000000000000000000e+00 0.000000000000000000e+00 0.000000000000000000e+00 1.000000000000000000e+00
5.399440526962280273e-01 4.816118478775024414e-01 -6.902974247932434082e-01 2.514505386352539062e-01
1.594667732715606689e-01 7.467355132102966309e-01 6.457213163375854492e-01 -1.998545527458190918e-01
8.264566659927368164e-01 -4.587328732013702393e-01 3.263943791389465332e-01 -3.895867243409156799e-02
0.000000000000000000e+00 0.000000000000000000e+00 0.000000000000000000e+00 1.000000000000000000e+00
5.791305899620056152e-01 4.699348807334899902e-01 -6.661601066589355469e-01 2.385660409927368164e-01
1.826009005308151245e-01 7.216030359268188477e-01 6.677914261817932129e-01 -2.061359286308288574e-01
7.945218086242675781e-01 -5.083801150321960449e-01 3.320918381214141846e-01 -4.299290105700492859e-02
0.000000000000000000e+00 0.000000000000000000e+00 0.000000000000000000e+00 1.000000000000000000e+00
5.794417858123779297e-01 5.056186914443969727e-01 -6.392158865928649902e-01 2.232213318347930908e-01
1.790065318346023560e-01 6.861962080001831055e-01 7.050468921661376953e-01 -2.167102098464965820e-01
7.951123714447021484e-01 -5.229576230049133301e-01 3.071015477180480957e-01 -3.852542862296104431e-02
0.000000000000000000e+00 0.000000000000000000e+00 0.000000000000000000e+00 1.000000000000000000e+00
5.990260839462280273e-01 5.436880588531494141e-01 -5.878525376319885254e-01 1.968293935060501099e-01
1.445526927709579468e-01 6.486585736274719238e-01 7.472256422042846680e-01 -2.276225537061691284e-01
7.875733971595764160e-01 -5.325835347175598145e-01 3.099719882011413574e-01 -4.553619399666786194e-02
0.000000000000000000e+00 0.000000000000000000e+00 0.000000000000000000e+00 1.000000000000000000e+00
6.059172153472900391e-01 5.595055818557739258e-01 -5.655233860015869141e-01 1.859132498502731323e-01
1.321732401847839355e-01 6.301957368850708008e-01 7.651033997535705566e-01 -2.311721444129943848e-01
7.844703793525695801e-01 -5.383365750312805176e-01 3.078948855400085449e-01 -4.858002811670303345e-02
0.000000000000000000e+00 0.000000000000000000e+00 0.000000000000000000e+00 1.000000000000000000e+00
7.000148296356201172e-01 5.242722034454345703e-01 -4.848895370960235596e-01 1.548007279634475708e-01
1.326723843812942505e-01 5.716990232467651367e-01 8.096656203269958496e-01 -2.405975759029388428e-01
7.016959786415100098e-01 -6.311094760894775391e-01 3.306413590908050537e-01 -6.285849958658218384e-02
0.000000000000000000e+00 0.000000000000000000e+00 0.000000000000000000e+00 1.000000000000000000e+00
4.004633128643035889e-01 7.639487981796264648e-01 -5.059762597084045410e-01 1.563349813222885132e-01
9.731750190258026123e-02 5.136046409606933594e-01 8.524901866912841797e-01 -2.476133108139038086e-01
9.111306667327880859e-01 -3.906314969062805176e-01 1.313342750072479248e-01 -1.617293432354927063e-02
0.000000000000000000e+00 0.000000000000000000e+00 0.000000000000000000e+00 1.000000000000000000e+00
5.080276131629943848e-01 7.515218257904052734e-01 -4.208594560623168945e-01 1.273689568042755127e-01
1.967925764620304108e-02 4.783549010753631592e-01 8.779459595680236816e-01 -2.471318393945693970e-01
8.611158132553100586e-01 -4.543029963970184326e-01 2.282281816005706787e-01 -4.794437810778617859e-02
0.000000000000000000e+00 0.000000000000000000e+00 0.000000000000000000e+00 1.000000000000000000e+00
6.017310619354248047e-01 7.227573394775390625e-01 -3.399138748645782471e-01 1.077711060643196106e-01
-3.915065899491310120e-02 4.517640173435211182e-01 8.912782073020935059e-01 -2.427625507116317749e-01
7.977388501167297363e-01 -5.230017900466918945e-01 3.001368641853332520e-01 -6.804589182138442993e-02
0.000000000000000000e+00 0.000000000000000000e+00 0.000000000000000000e+00 1.000000000000000000e+00
6.016598939895629883e-01 7.657890319824218750e-01 -2.270953208208084106e-01 8.251588046550750732e-02
-1.186790242791175842e-01 3.668625950813293457e-01 9.226738810539245605e-01 -2.538084685802459717e-01
7.898863554000854492e-01 -5.281842350959777832e-01 3.116095066070556641e-01 -6.703246384859085083e-02
0.000000000000000000e+00 0.000000000000000000e+00 0.000000000000000000e+00 1.000000000000000000e+00
5.833653211593627930e-01 8.057674169540405273e-01 -1.020971462130546570e-01 4.879098013043403625e-02
-1.879506558179855347e-01 2.562147378921508789e-01 9.481706023216247559e-01 -2.702670991420745850e-01
7.901645302772521973e-01 -5.339410901069641113e-01 3.009112775325775146e-01 -5.989149585366249084e-02
0.000000000000000000e+00 0.000000000000000000e+00 0.000000000000000000e+00 1.000000000000000000e+00
5.828291773796081543e-01 8.125386238098144531e-01 9.575363248586654663e-03 1.302963495254516602e-02
-2.122439444065093994e-01 1.408456861972808838e-01 9.670129418373107910e-01 -2.843715846538543701e-01
7.843871116638183594e-01 -5.656355619430541992e-01 2.545454502105712891e-01 -4.663261026144027710e-02
0.000000000000000000e+00 0.000000000000000000e+00 0.000000000000000000e+00 1.000000000000000000e+00
5.999469757080078125e-01 7.893958091735839844e-01 1.300737708806991577e-01 -2.892677485942840576e-02
-2.554019093513488770e-01 3.489975258708000183e-02 9.662046432495117188e-01 -2.907977700233459473e-01
7.581781148910522461e-01 -6.128926873207092285e-01 2.225512564182281494e-01 -3.805190697312355042e-02
0.000000000000000000e+00 0.000000000000000000e+00 0.000000000000000000e+00 1.000000000000000000e+00
6.099094152450561523e-01 7.586812973022460938e-01 2.289411276578903198e-01 -6.893941015005111694e-02
-2.425934225320816040e-01 -9.627989679574966431e-02 9.653382301330566406e-01 -2.971789538860321045e-01
7.544264793395996094e-01 -6.443084478378295898e-01 1.253291666507720947e-01 -1.243227161467075348e-02
0.000000000000000000e+00 0.000000000000000000e+00 0.000000000000000000e+00 1.000000000000000000e+00
5.769187211990356445e-01 8.115431666374206543e-01 9.253530204296112061e-02 -1.619541645050048828e-02
-3.123100101947784424e-01 1.144873723387718201e-01 9.430562853813171387e-01 -2.726968526840209961e-01
7.547366023063659668e-01 -5.729662775993347168e-01 3.195028603076934814e-01 -8.097492903470993042e-02
0.000000000000000000e+00 0.000000000000000000e+00 0.000000000000000000e+00 1.000000000000000000e+00
5.630319714546203613e-01 8.264165520668029785e-01 5.593766458332538605e-03 1.322232466191053391e-02
-3.896238207817077637e-01 2.594667971134185791e-01 8.836686015129089355e-01 -2.446370422840118408e-01
7.288267612457275391e-01 -4.997133314609527588e-01 4.680796861648559570e-01 -1.224892660975456238e-01
0.000000000000000000e+00 0.000000000000000000e+00 0.000000000000000000e+00 1.000000000000000000e+00
5.497412681579589844e-01 8.274567723274230957e-01 -1.144548505544662476e-01 5.046247318387031555e-02
-4.524255096912384033e-01 4.101173579692840576e-01 7.919054627418518066e-01 -2.043727189302444458e-01
7.022075653076171875e-01 -3.835608363151550293e-01 5.998210906982421875e-01 -1.556999832391738892e-01
0.000000000000000000e+00 0.000000000000000000e+00 0.000000000000000000e+00 1.000000000000000000e+00
5.532521009445190430e-01 8.100519776344299316e-01 -1.942359805107116699e-01 7.285163551568984985e-02
-5.173085927963256836e-01 5.168654322624206543e-01 6.820866465568542480e-01 -1.620346456766128540e-01
6.529194712638854980e-01 -2.768859565258026123e-01 7.050035595893859863e-01 -1.785346120595932007e-01
0.000000000000000000e+00 0.000000000000000000e+00 0.000000000000000000e+00 1.000000000000000000e+00
5.732130408287048340e-01 7.892422676086425781e-01 -2.202799320220947266e-01 7.850386947393417358e-02
-5.725412964820861816e-01 5.780923962593078613e-01 5.813826322555541992e-01 -1.287721246480941772e-01
5.861940383911132812e-01 -2.071367055177688599e-01 7.832437753677368164e-01 -1.947475671768188477e-01
0.000000000000000000e+00 0.000000000000000000e+00 0.000000000000000000e+00 1.000000000000000000e+00
5.915595293045043945e-01 7.855738997459411621e-01 -1.814691424369812012e-01 6.363328546285629272e-02
-6.600733995437622070e-01 6.011219024658203125e-01 4.505059123039245605e-01 -9.257258474826812744e-02
4.629907011985778809e-01 -1.467180401086807251e-01 8.741359710693359375e-01 -2.139776945114135742e-01
0.000000000000000000e+00 0.000000000000000000e+00 0.000000000000000000e+00 1.000000000000000000e+00
5.850133299827575684e-01 7.893167734146118164e-01 -1.863818466663360596e-01 6.035319715738296509e-02
-7.128847837448120117e-01 6.100416183471679688e-01 3.458974957466125488e-01 -6.219536438584327698e-02
3.867233991622924805e-01 -6.948578357696533203e-02 9.195746183395385742e-01 -2.214169353246688843e-01
0.000000000000000000e+00 0.000000000000000000e+00 0.000000000000000000e+00 1.000000000000000000e+00
5.848461985588073730e-01 7.798781394958496094e-01 -2.230353057384490967e-01 6.537814438343048096e-02
-7.502639293670654297e-01 6.246135830879211426e-01 2.167077660560607910e-01 -2.474417537450790405e-02
3.083165287971496582e-01 4.059474915266036987e-02 9.504172801971435547e-01 -2.244091629981994629e-01
0.000000000000000000e+00 0.000000000000000000e+00 0.000000000000000000e+00 1.000000000000000000e+00
5.708137750625610352e-01 7.877346873283386230e-01 -2.316151857376098633e-01 6.632312387228012085e-02
-7.806173563003540039e-01 6.081058979034423828e-01 1.443729400634765625e-01 -4.964573774486780167e-03
2.545741796493530273e-01 9.839279204607009888e-02 9.620347023010253906e-01 -2.249979972839355469e-01
0.000000000000000000e+00 0.000000000000000000e+00 0.000000000000000000e+00 1.000000000000000000e+00
5.530135631561279297e-01 8.054690361022949219e-01 -2.130622863769531250e-01 5.797164887189865112e-02
-8.226203322410583496e-01 5.684246420860290527e-01 1.374344713985919952e-02 2.910141646862030029e-02
1.321797966957092285e-01 1.676691770553588867e-01 9.769419431686401367e-01 -2.263054549694061279e-01
0.000000000000000000e+00 0.000000000000000000e+00 0.000000000000000000e+00 1.000000000000000000e+00
5.350108742713928223e-01 8.205316662788391113e-01 -2.012237012386322021e-01 5.238933116197586060e-02
-8.448423147201538086e-01 5.202201008796691895e-01 -1.249492019414901733e-01 6.580397486686706543e-02
2.155790105462074280e-03 2.368514537811279297e-01 9.715433716773986816e-01 -2.223019003868103027e-01
0.000000000000000000e+00 0.000000000000000000e+00 0.000000000000000000e+00 1.000000000000000000e+00
5.370821952819824219e-01 8.039997220039367676e-01 -2.551991939544677734e-01 6.332141160964965820e-02
-8.399193286895751953e-01 4.817614853382110596e-01 -2.498823702335357666e-01 9.758467972278594971e-02
-7.796023041009902954e-02 3.485543429851531982e-01 9.340408444404602051e-01 -2.093894481658935547e-01
0.000000000000000000e+00 0.000000000000000000e+00 0.000000000000000000e+00 1.000000000000000000e+00
5.010319948196411133e-01 8.178254365921020508e-01 -2.830697894096374512e-01 6.914872676134109497e-02
-8.416595458984375000e-01 3.843367397785186768e-01 -3.793339133262634277e-01 1.306828260421752930e-01
-2.014348357915878296e-01 4.283067584037780762e-01 8.808956742286682129e-01 -1.901207864284515381e-01
0.000000000000000000e+00 0.000000000000000000e+00 0.000000000000000000e+00 1.000000000000000000e+00
4.835888147354125977e-01 8.188929557800292969e-01 -3.091214895248413086e-01 7.626288384199142456e-02
-8.234986066818237305e-01 3.059691786766052246e-01 -4.777370393276214600e-01 1.557364761829376221e-01
-2.966340482234954834e-01 4.855894148349761963e-01 8.223207592964172363e-01 -1.711305528879165649e-01
0.000000000000000000e+00 0.000000000000000000e+00 0.000000000000000000e+00 1.000000000000000000e+00
4.664535522460937500e-01 8.236415386199951172e-01 -3.225458264350891113e-01 8.295136690139770508e-02
-8.032042384147644043e-01 2.416529357433319092e-01 -5.444871783256530762e-01 1.724341660737991333e-01
-3.705181479454040527e-01 5.130480527877807617e-01 7.742723822593688965e-01 -1.553704440593719482e-01
0.000000000000000000e+00 0.000000000000000000e+00 0.000000000000000000e+00 1.000000000000000000e+00
4.319754838943481445e-01 8.430316448211669922e-01 -3.204605579376220703e-01 8.834086358547210693e-02
-7.834073901176452637e-01 1.746952235698699951e-01 -5.964514613151550293e-01 1.836178600788116455e-01
-4.468445181846618652e-01 5.087037086486816406e-01 7.359011769294738770e-01 -1.391502022743225098e-01
0.000000000000000000e+00 0.000000000000000000e+00 0.000000000000000000e+00 1.000000000000000000e+00
4.053821265697479248e-01 8.507622480392456055e-01 -3.344675898551940918e-01 9.838722646236419678e-02
-7.772645950317382812e-01 1.281974464654922485e-01 -6.159751415252685547e-01 1.853019595146179199e-01
-4.811704158782958984e-01 5.096751451492309570e-01 7.132364511489868164e-01 -1.268782168626785278e-01
0.000000000000000000e+00 0.000000000000000000e+00 0.000000000000000000e+00 1.000000000000000000e+00
3.117577433586120605e-01 9.052854180335998535e-01 -2.885578572750091553e-01 9.643463790416717529e-02
-7.694456577301025391e-01 6.236258149147033691e-02 -6.356604099273681641e-01 1.844345182180404663e-01
-5.574588775634765625e-01 4.202015697956085205e-01 7.160101532936096191e-01 -1.210381537675857544e-01
0.000000000000000000e+00 0.000000000000000000e+00 0.000000000000000000e+00 1.000000000000000000e+00
1.296692788600921631e-01 9.599602222442626953e-01 -2.483188807964324951e-01 9.816907346248626709e-02
-7.841707468032836914e-01 -5.398763343691825867e-02 -6.181923747062683105e-01 1.675081849098205566e-01
-6.068462729454040527e-01 2.748849987983703613e-01 7.457721233367919922e-01 -1.254674494266510010e-01
0.000000000000000000e+00 0.000000000000000000e+00 0.000000000000000000e+00 1.000000000000000000e+00
-5.368113145232200623e-02 9.754195809364318848e-01 -2.137168496847152710e-01 9.221586585044860840e-02
-7.900245785713195801e-01 -1.723850965499877930e-01 -5.883405208587646484e-01 1.506963819265365601e-01
-6.107206344604492188e-01 1.372588425874710083e-01 7.798591852188110352e-01 -1.350524723529815674e-01
0.000000000000000000e+00 0.000000000000000000e+00 0.000000000000000000e+00 1.000000000000000000e+00
-1.690394282341003418e-01 9.561953544616699219e-01 -2.389899641275405884e-01 9.652526676654815674e-02
-7.494676709175109863e-01 -2.821798026561737061e-01 -5.988928079605102539e-01 1.554318219423294067e-01
-6.400966048240661621e-01 7.787866145372390747e-02 7.643371820449829102e-01 -1.292837858200073242e-01
0.000000000000000000e+00 0.000000000000000000e+00 0.000000000000000000e+00 1.000000000000000000e+00
-1.892239600419998169e-01 9.533728361129760742e-01 -2.351043522357940674e-01 1.016216278076171875e-01
-7.057388424873352051e-01 -2.985186874866485596e-01 -6.425101161003112793e-01 1.698526144027709961e-01
-6.827347278594970703e-01 4.434385150671005249e-02 7.293193340301513672e-01 -1.161851435899734497e-01
0.000000000000000000e+00 0.000000000000000000e+00 0.000000000000000000e+00 1.000000000000000000e+00
-2.614748179912567139e-01 9.362989068031311035e-01 -2.344676554203033447e-01 1.105114668607711792e-01
-6.913753747940063477e-01 -3.511911332607269287e-01 -6.313992738723754883e-01 1.641398221254348755e-01
-6.735215187072753906e-01 -2.989911474287509918e-03 7.391616702079772949e-01 -1.086897328495979309e-01
0.000000000000000000e+00 0.000000000000000000e+00 0.000000000000000000e+00 1.000000000000000000e+00
2.774641811847686768e-01 8.864976167678833008e-01 -3.703178763389587402e-01 9.615856409072875977e-02
-7.345225811004638672e-01 -5.271165072917938232e-02 -6.765338778495788574e-01 1.831973940134048462e-01
-6.192657947540283203e-01 4.597208499908447266e-01 6.365274190902709961e-01 -9.548471868038177490e-02
0.000000000000000000e+00 0.000000000000000000e+00 0.000000000000000000e+00 1.000000000000000000e+00
5.379862785339355469e-01 7.772638201713562012e-01 -3.262390792369842529e-01 7.207592576742172241e-02
-7.638669013977050781e-01 2.858527302742004395e-01 -5.786151885986328125e-01 1.750150173902511597e-01
-3.564802110195159912e-01 5.604903697967529297e-01 7.475109696388244629e-01 -1.580293923616409302e-01
0.000000000000000000e+00 0.000000000000000000e+00 0.000000000000000000e+00 1.000000000000000000e+00
6.064982414245605469e-01 6.989991664886474609e-01 -3.788932263851165771e-01 8.439536392688751221e-02
-7.702720761299133301e-01 3.984409868717193604e-01 -4.979208111763000488e-01 1.569289416074752808e-01
-1.970796436071395874e-01 5.938388705253601074e-01 7.800734043121337891e-01 -1.833195835351943970e-01
0.000000000000000000e+00 0.000000000000000000e+00 0.000000000000000000e+00 1.000000000000000000e+00
6.147495508193969727e-01 6.896618008613586426e-01 -3.826869726181030273e-01 8.581635355949401855e-02
-7.738999128341674805e-01 4.338147044181823730e-01 -4.613933861255645752e-01 1.491755098104476929e-01
-1.521903276443481445e-01 5.798025727272033691e-01 8.004165887832641602e-01 -1.964096873998641968e-01
0.000000000000000000e+00 0.000000000000000000e+00 0.000000000000000000e+00 1.000000000000000000e+00
6.408596038818359375e-01 6.946349740028381348e-01 -3.267737627029418945e-01 6.974522024393081665e-02
-7.601278424263000488e-01 5.147333145141601562e-01 -3.965539634227752686e-01 1.311608105897903442e-01
-1.072589531540870667e-01 5.025253295898437500e-01 8.578834533691406250e-01 -2.185749858617782593e-01
0.000000000000000000e+00 0.000000000000000000e+00 0.000000000000000000e+00 1.000000000000000000e+00
6.550753712654113770e-01 7.108818292617797852e-01 -2.559754550457000732e-01 4.936701059341430664e-02
-7.460151910781860352e-01 5.548570752143859863e-01 -3.682321012020111084e-01 1.241856887936592102e-01
-1.197397336363792419e-01 4.321812391281127930e-01 8.938017487525939941e-01 -2.329754382371902466e-01
0.000000000000000000e+00 0.000000000000000000e+00 0.000000000000000000e+00 1.000000000000000000e+00
6.690285801887512207e-01 7.209718227386474609e-01 -1.805558502674102783e-01 2.675261162221431732e-02
-7.314285635948181152e-01 5.955443978309631348e-01 -3.321731686592102051e-01 1.143193244934082031e-01
-1.319585442543029785e-01 3.542969822883605957e-01 9.257755875587463379e-01 -2.459668964147567749e-01
0.000000000000000000e+00 0.000000000000000000e+00 0.000000000000000000e+00 1.000000000000000000e+00
6.846255660057067871e-01 7.166492938995361328e-01 -1.330447345972061157e-01 1.090229675173759460e-02
-7.205105423927307129e-01 6.377770304679870605e-01 -2.722215056419372559e-01 9.691242873668670654e-02
-1.102345734834671021e-01 2.822299301624298096e-01 9.529924392700195312e-01 -2.582488059997558594e-01
0.000000000000000000e+00 0.000000000000000000e+00 0.000000000000000000e+00 1.000000000000000000e+00
7.221349477767944336e-01 6.889250874519348145e-01 -6.247613579034805298e-02 -1.495710480958223343e-02
-6.849865913391113281e-01 6.995491385459899902e-01 -2.035291045904159546e-01 7.613509148359298706e-02
-9.651123732328414917e-02 1.897708028554916382e-01 9.770734906196594238e-01 -2.701034545898437500e-01
0.000000000000000000e+00 0.000000000000000000e+00 0.000000000000000000e+00 1.000000000000000000e+00
7.605970501899719238e-01 6.487587094306945801e-01 -2.458027191460132599e-02 -3.024308755993843079e-02
-6.445196270942687988e-01 7.499944567680358887e-01 -1.486694812774658203e-01 5.849587172269821167e-02
-7.801557332277297974e-02 1.289200484752655029e-01 9.885814785957336426e-01 -2.772261798381805420e-01
0.000000000000000000e+00 0.000000000000000000e+00 0.000000000000000000e+00 1.000000000000000000e+00
7.855265736579895020e-01 6.177126169204711914e-01 3.713379427790641785e-02 -5.335896462202072144e-02
-6.151029467582702637e-01 7.859654426574707031e-01 -6.250219047069549561e-02 3.014231659471988678e-02
-6.779428571462631226e-02 2.625600621104240417e-02 9.973537921905517578e-01 -2.830780744552612305e-01
0.000000000000000000e+00 0.000000000000000000e+00 0.000000000000000000e+00 1.000000000000000000e+00
8.104808330535888672e-01 5.802059173583984375e-01 8.050855994224548340e-02 -7.047045975923538208e-02
-5.829406976699829102e-01 8.123987913131713867e-01 1.370897423475980759e-02 4.029746167361736298e-03
-5.745100602507591248e-02 -5.804261565208435059e-02 9.966596364974975586e-01 -2.868446111679077148e-01
0.000000000000000000e+00 0.000000000000000000e+00 0.000000000000000000e+00 1.000000000000000000e+00
8.385390043258666992e-01 5.347793698310852051e-01 1.042260006070137024e-01 -8.215367794036865234e-02
-5.440986156463623047e-01 8.319161534309387207e-01 1.089583337306976318e-01 -2.820326201617717743e-02
-2.843854576349258423e-02 -1.480750739574432373e-01 9.885671138763427734e-01 -2.882464528083801270e-01
0.000000000000000000e+00 0.000000000000000000e+00 0.000000000000000000e+00 1.000000000000000000e+00
8.487397432327270508e-01 5.199638009071350098e-01 9.632382541894912720e-02 -8.314406871795654297e-02
-5.281234979629516602e-01 8.241744041442871094e-01 2.045040577650070190e-01 -6.121271103620529175e-02
2.694714441895484924e-02 -2.244416028261184692e-01 9.741148352622985840e-01 -2.880259752273559570e-01
0.000000000000000000e+00 0.000000000000000000e+00 0.000000000000000000e+00 1.000000000000000000e+00
8.503974676132202148e-01 5.229927897453308105e-01 5.746679380536079407e-02 -7.431679219007492065e-02
-5.166180133819580078e-01 8.093245625495910645e-01 2.794624865055084229e-01 -8.931816369295120239e-02
9.964767098426818848e-02 -2.673425674438476562e-01 9.584352970123291016e-01 -2.882027924060821533e-01
0.000000000000000000e+00 0.000000000000000000e+00 0.000000000000000000e+00 1.000000000000000000e+00
8.488625288009643555e-01 5.284174084663391113e-01 1.440053246915340424e-02 -6.336805969476699829e-02
-4.966800808906555176e-01 7.879617810249328613e-01 3.639022707939147949e-01 -1.192721351981163025e-01
1.809453219175338745e-01 -3.160554170608520508e-01 9.313257932662963867e-01 -2.851756811141967773e-01
0.000000000000000000e+00 0.000000000000000000e+00 0.000000000000000000e+00 1.000000000000000000e+00
8.549407124519348145e-01 5.178322792053222656e-01 -3.042972646653652191e-02 -5.234348028898239136e-02
-4.519438743591308594e-01 7.723842859268188477e-01 4.462835192680358887e-01 -1.505053490400314331e-01
2.546035349369049072e-01 -3.677934110164642334e-01 8.943740725517272949e-01 -2.801775038242340088e-01
0.000000000000000000e+00 0.000000000000000000e+00 0.000000000000000000e+00 1.000000000000000000e+00
8.661254644393920898e-01 4.938430488109588623e-01 -7.710813730955123901e-02 -3.874579071998596191e-02
-3.802114427089691162e-01 7.511026859283447266e-01 5.397067666053771973e-01 -1.872177720069885254e-01
3.244466483592987061e-01 -4.381367564201354980e-01 8.383142352104187012e-01 -2.738347053527832031e-01
0.000000000000000000e+00 0.000000000000000000e+00 0.000000000000000000e+00 1.000000000000000000e+00
8.970323801040649414e-01 4.312974512577056885e-01 -9.651168435811996460e-02 -3.238228335976600647e-02
-2.880435883998870850e-01 7.361410260200500488e-01 6.124758124351501465e-01 -2.144602537155151367e-01
3.352057337760925293e-01 -5.216116905212402344e-01 7.845751643180847168e-01 -2.667431533336639404e-01
0.000000000000000000e+00 0.000000000000000000e+00 0.000000000000000000e+00 1.000000000000000000e+00
9.142768383026123047e-01 3.764365315437316895e-01 -1.496423929929733276e-01 -1.443176995962858200e-02
-1.859691739082336426e-01 7.182180285453796387e-01 6.705062389373779297e-01 -2.383115440607070923e-01
3.598788976669311523e-01 -5.851994156837463379e-01 7.266557812690734863e-01 -2.577930390834808350e-01
0.000000000000000000e+00 0.000000000000000000e+00 0.000000000000000000e+00 1.000000000000000000e+00
8.853321671485900879e-01 4.003065824508666992e-01 -2.365195900201797485e-01 1.777609065175056458e-02
-1.171332448720932007e-01 6.843040585517883301e-01 7.197272181510925293e-01 -2.567760944366455078e-01
4.499630928039550781e-01 -6.094934344291687012e-01 6.527256965637207031e-01 -2.446134239435195923e-01
0.000000000000000000e+00 0.000000000000000000e+00 0.000000000000000000e+00 1.000000000000000000e+00
8.238627314567565918e-01 4.648833274841308594e-01 -3.242428600788116455e-01 5.397254601120948792e-02
-7.032388448715209961e-02 6.514905095100402832e-01 7.553903460502624512e-01 -2.706078886985778809e-01
5.624094605445861816e-01 -5.995358228683471680e-01 5.694314837455749512e-01 -2.242270410060882568e-01
0.000000000000000000e+00 0.000000000000000000e+00 0.000000000000000000e+00 1.000000000000000000e+00
9.467895030975341797e-01 2.416910082101821899e-01 -2.125425785779953003e-01 1.778652658686041832e-03
-2.335938066244125366e-02 7.102329134941101074e-01 7.035784125328063965e-01 -2.497913837432861328e-01
3.210036158561706543e-01 -6.611765623092651367e-01 6.780875921249389648e-01 -2.349817454814910889e-01
0.000000000000000000e+00 0.000000000000000000e+00 0.000000000000000000e+00 1.000000000000000000e+00
9.198014140129089355e-01 2.673766613006591797e-01 -2.871854305267333984e-01 2.489950321614742279e-02
-2.339680911973118782e-03 7.356217503547668457e-01 6.773878335952758789e-01 -2.366510629653930664e-01
3.923775553703308105e-01 -6.223906874656677246e-01 6.772515773773193359e-01 -2.403880655765533447e-01
0.000000000000000000e+00 0.000000000000000000e+00 0.000000000000000000e+00 1.000000000000000000e+00
9.006103277206420898e-01 3.299568295478820801e-01 -2.828954160213470459e-01 2.172687090933322906e-02
-3.812139481306076050e-02 7.083522081375122070e-01 7.048289775848388672e-01 -2.445597052574157715e-01
4.329524636268615723e-01 -6.239914298057556152e-01 6.505274772644042969e-01 -2.323655337095260620e-01
0.000000000000000000e+00 0.000000000000000000e+00 0.000000000000000000e+00 1.000000000000000000e+00
8.129346370697021484e-01 4.271903634071350098e-01 -3.957844376564025879e-01 6.648521870374679565e-02
3.554851561784744263e-02 6.419587731361389160e-01 7.659146189689636230e-01 -2.724704444408416748e-01
5.812687873840332031e-01 -6.367083787918090820e-01 5.066843032836914062e-01 -1.903089284896850586e-01
0.000000000000000000e+00 0.000000000000000000e+00 0.000000000000000000e+00 1.000000000000000000e+00
7.061001062393188477e-01 5.279178023338317871e-01 -4.719381332397460938e-01 1.029168218374252319e-01
8.025033026933670044e-02 6.025210022926330566e-01 7.940581440925598145e-01 -2.856095135211944580e-01
7.035503983497619629e-01 -5.985575914382934570e-01 3.830744326114654541e-01 -1.529608219861984253e-01
0.000000000000000000e+00 0.000000000000000000e+00 0.000000000000000000e+00 1.000000000000000000e+00
5.828165411949157715e-01 6.105300188064575195e-01 -5.362628698348999023e-01 1.368358433246612549e-01
1.287457644939422607e-01 5.822194218635559082e-01 8.027735352516174316e-01 -2.913020551204681396e-01
8.023396134376525879e-01 -5.369110703468322754e-01 2.607240974903106689e-01 -1.119788289070129395e-01
0.000000000000000000e+00 0.000000000000000000e+00 0.000000000000000000e+00 1.000000000000000000e+00
4.590217173099517822e-01 6.450375318527221680e-01 -6.109215617179870605e-01 1.740599274635314941e-01
2.589946687221527100e-01 5.606215000152587891e-01 7.865266799926757812e-01 -2.917122542858123779e-01
8.498357534408569336e-01 -5.192585587501525879e-01 9.027628600597381592e-02 -4.871759563684463501e-02
0.000000000000000000e+00 0.000000000000000000e+00 0.000000000000000000e+00 1.000000000000000000e+00
4.787855446338653564e-01 6.011659502983093262e-01 -6.398156881332397461e-01 1.856699138879776001e-01
3.357600271701812744e-01 5.479891300201416016e-01 7.661416530609130859e-01 -2.879435420036315918e-01
8.111901879310607910e-01 -5.816419124603271484e-01 6.052185222506523132e-02 -2.955271862447261810e-02
0.000000000000000000e+00 0.000000000000000000e+00 0.000000000000000000e+00 1.000000000000000000e+00
6.710845828056335449e-01 3.691296577453613281e-01 -6.429529190063476562e-01 1.850048452615737915e-01
3.998273015022277832e-01 5.501155257225036621e-01 7.331515550613403320e-01 -2.791735529899597168e-01
6.243259906768798828e-01 -7.490767240524291992e-01 2.215860188007354736e-01 -6.210658326745033264e-02
0.000000000000000000e+00 0.000000000000000000e+00 0.000000000000000000e+00 1.000000000000000000e+00
6.431609392166137695e-01 3.208596408367156982e-01 -6.952648758888244629e-01 2.181255072355270386e-01
4.582562446594238281e-01 5.661460161209106445e-01 6.851862668991088867e-01 -2.628508806228637695e-01
6.134700775146484375e-01 -7.592942118644714355e-01 2.170869261026382446e-01 -5.116020143032073975e-02
