1.000000000000000000e+00 0.000000000000000000e+00 0.000000000000000000e+00 -4.097584310382009209e-01
0.000000000000000000e+00 -1.000000000000000000e+00 0.000000000000000000e+00 -1.932597221741734483e-02
0.000000000000000000e+00 0.000000000000000000e+00 -1.000000000000000000e+00 -2.664692399556274349e+00
0.000000000000000000e+00 0.000000000000000000e+00 0.000000000000000000e+00 1.000000000000000000e+00
9.962712526321411133e-01 -8.037263154983520508e-02 -3.136661648750305176e-02 -4.794932291823293391e-01
-7.977396249771118164e-02 -9.966144561767578125e-01 1.989419199526309967e-02 6.984154028289921157e-02
-3.285935893654823303e-02 -1.731778308749198914e-02 -9.993098974227905273e-01 -2.709036001536993865e+00
0.000000000000000000e+00 0.000000000000000000e+00 0.000000000000000000e+00 1.000000000000000000e+00
9.850254654884338379e-01 -1.654506474733352661e-01 -4.848392680287361145e-02 -5.103665652555157140e-01
-1.629794836044311523e-01 -9.853026270866394043e-01 5.115044489502906799e-02 2.101397334742221845e-01
-5.623424053192138672e-02 -4.248257726430892944e-02 -9.975134134292602539e-01 -2.703726910671349515e+00
0.000000000000000000e+00 0.000000000000000000e+00 0.000000000000000000e+00 1.000000000000000000e+00
9.649924635887145996e-01 -2.564568519592285156e-01 -5.494986101984977722e-02 -5.098258947817697617e-01
-2.520803511142730713e-01 -9.647418260574340820e-01 7.568679004907608032e-02 3.248137679260799104e-01
-7.242288440465927124e-02 -5.918535962700843811e-02 -9.956164956092834473e-01 -2.696136621563174796e+00
0.000000000000000000e+00 0.000000000000000000e+00 0.000000000000000000e+00 1.000000000000000000e+00
9.338977336883544922e-01 -3.516633510589599609e-01 -6.455831974744796753e-02 -5.078052531426638927e-01
-3.424205183982849121e-01 -9.316573143005371094e-01 1.215022802352905273e-01 4.984766411977955003e-01
-1.028741747140884399e-01 -9.136456996202468872e-02 -9.904896616935729980e-01 -2.673240477354399847e+00
0.000000000000000000e+00 0.000000000000000000e+00 0.000000000000000000e+00 1.000000000000000000e+00
8.899943232536315918e-01 -4.536180198192596436e-01 -4.626620188355445862e-02 -4.276075586562614883e-01
-4.434814453125000000e-01 -8.847342133522033691e-01 1.434205025434494019e-01 5.978513223917510944e-01
-1.059914603829383850e-01 -1.071252152323722839e-01 -9.885797500610351562e-01 -2.676410479218460203e+00
0.000000000000000000e+00 0.000000000000000000e+00 0.000000000000000000e+00 1.000000000000000000e+00
8.430995941162109375e-01 -5.371640324592590332e-01 -2.523618936538696289e-02 -3.415470991450715310e-01
-5.257838368415832520e-01 -8.332678675651550293e-01 1.709251999855041504e-01 7.163375234633287958e-01
-1.128434911370277405e-01 -1.308382302522659302e-01 -9.849613308906555176e-01 -2.667952082009281689e+00
0.000000000000000000e+00 0.000000000000000000e+00 0.000000000000000000e+00 1.000000000000000000e+00
7.903059720993041992e-01 -6.126492023468017578e-01 -8.782114833593368530e-03 -2.652578744339042505e-01
-6.023479700088500977e-01 -7.794829010963439941e-01 1.719974130392074585e-01 7.514505093789701773e-01
-1.122196242213249207e-01 -1.306406408548355103e-01 -9.850581884384155273e-01 -2.677438908618473334e+00
0.000000000000000000e+00 0.000000000000000000e+00 0.000000000000000000e+00 1.000000000000000000e+00
7.210048437118530273e-01 -6.926177740097045898e-01 2.079855836927890778e-02 -1.307357837751654539e-01
-6.855922937393188477e-01 -7.086919546127319336e-01 1.664883345365524292e-01 7.621504384163371171e-01
-1.005730628967285156e-01 -1.342982053756713867e-01 -9.858239889144897461e-01 -2.689791650910128062e+00
0.000000000000000000e+00 0.000000000000000000e+00 0.000000000000000000e+00 1.000000000000000000e+00
6.411609649658203125e-01 -7.673196792602539062e-01 1.152991596609354019e-02 -1.092564376553440270e-01
-7.608860731124877930e-01 -6.336870789527893066e-01 1.396175026893615723e-01 7.106757809279188320e-01
-9.982492029666900635e-02 -9.829022735357284546e-02 -9.901383519172668457e-01 -2.715486657314861052e+00
0.000000000000000000e+00 0.000000000000000000e+00 0.000000000000000000e+00 1.000000000000000000e+00
5.462937951087951660e-01 -8.372906446456909180e-01 2.252559736371040344e-02 -2.338843570613046569e-02
-8.346076011657714844e-01 -5.418806076049804688e-01 9.897157549858093262e-02 6.106906163709756585e-01
-7.066179066896438599e-02 -7.286758720874786377e-02 -9.948352575302124023e-01 -2.764522899589818561e+00
0.000000000000000000e+00 0.000000000000000000e+00 0.000000000000000000e+00 1.000000000000000000e+00
4.508463144302368164e-01 -8.901764750480651855e-01 6.575197726488113403e-02 1.609453820952984893e-01
-8.924362063407897949e-01 -4.481206834316253662e-01 5.239534750580787659e-02 4.787732639256593870e-01
-1.717629097402095795e-02 -8.230170607566833496e-02 -9.964594244956970215e-01 -2.806299429204472951e+00
0.000000000000000000e+00 0.000000000000000000e+00 0.000000000000000000e+00 1.000000000000000000e+00
3.485201299190521240e-01 -9.341022968292236328e-01 7.737248390913009644e-02 2.370209255570331908e-01
-9.372518062591552734e-01 -3.481597006320953369e-01 1.853885129094123840e-02 3.579061811876837473e-01
9.620783850550651550e-03 -7.897866517305374146e-02 -9.968298673629760742e-01 -2.822835701985422663e+00
0.000000000000000000e+00 0.000000000000000000e+00 0.000000000000000000e+00 1.000000000000000000e+00
2.696820497512817383e-01 -9.575198292732238770e-01 1.021136790513992310e-01 3.334758309763568018e-01
-9.604794383049011230e-01 -2.750639319419860840e-01 -4.264957830309867859e-02 1.427606891853194782e-01
6.892560422420501709e-02 -8.657626807689666748e-02 -9.938580393791198730e-01 -2.817624293976661587e+00
0.000000000000000000e+00 0.000000000000000000e+00 0.000000000000000000e+00 1.000000000000000000e+00
1.893392205238342285e-01 -9.731773734092712402e-01 1.306763440370559692e-01 4.296944452900730016e-01
-9.738978743553161621e-01 -2.030916064977645874e-01 -1.013732552528381348e-01 -5.882715222987353054e-02
1.251934319734573364e-01 -1.080715134739875793e-01 -9.862287640571594238e-01 -2.806532874676008316e+00
0.000000000000000000e+00 0.000000000000000000e+00 0.000000000000000000e+00 1.000000000000000000e+00
1.158728823065757751e-01 -9.854725003242492676e-01 1.241657137870788574e-01 4.281337271021268265e-01
-9.711625576019287109e-01 -1.386297345161437988e-01 -1.939701735973358154e-01 -3.520532020592977429e-01
2.083653658628463745e-01 -9.810919314622879028e-02 -9.731178283691406250e-01 -2.784963727243370268e+00
0.000000000000000000e+00 0.000000000000000000e+00 0.000000000000000000e+00 1.000000000000000000e+00
1.924223899841308594e-01 -9.752246141433715820e-01 1.091389060020446777e-01 3.752099002813983342e-01
-9.555901885032653809e-01 -2.115133702754974365e-01 -2.052072435617446899e-01 -3.796450563978561177e-01
2.232073396444320679e-01 -6.480558961629867554e-02 -9.726139307022094727e-01 -2.761839104487986418e+00
0.000000000000000000e+00 0.000000000000000000e+00 0.000000000000000000e+00 1.000000000000000000e+00
2.729345262050628662e-01 -9.546104073524475098e-01 1.192707866430282593e-01 3.804348293635695932e-01
-9.399155974388122559e-01 -2.910336852073669434e-01 -1.784878969192504883e-01 -2.813178962215991952e-01
2.050982415676116943e-01 -6.338898837566375732e-02 -9.766864776611328125e-01 -2.748311408510993203e+00
0.000000000000000000e+00 0.000000000000000000e+00 0.000000000000000000e+00 1.000000000000000000e+00
3.301875889301300049e-01 -9.364240765571594238e-01 1.186844706535339355e-01 3.658155136638900351e-01
-9.337721467018127441e-01 -3.424305617809295654e-01 -1.039750576019287109e-01 -3.895094580351011332e-02
1.380059272050857544e-01 -7.649298012256622314e-02 -9.874731302261352539e-01 -2.746081811099641445e+00
0.000000000000000000e+00 0.000000000000000000e+00 0.000000000000000000e+00 1.000000000000000000e+00
3.574531376361846924e-01 -9.211879968643188477e-01 1.537524461746215820e-01 4.550813643792400165e-01
-9.317684173583984375e-01 -3.629563152790069580e-01 -8.373752236366271973e-03 2.720495725536765663e-01
6.351920962333679199e-02 -1.402684748172760010e-01 -9.880739450454711914e-01 -2.708822147824890170e+00
0.000000000000000000e+00 0.000000000000000000e+00 0.000000000000000000e+00 1.000000000000000000e+00
3.991648256778717041e-01 -9.008235335350036621e-01 1.708336919546127319e-01 4.858065205254590846e-01
-9.168761372566223145e-01 -3.926462829113006592e-01 7.188103348016738892e-02 5.193891197641382629e-01
2.325048903003334999e-03 -1.853257417678833008e-01 -9.826744198799133301e-01 -2.659182700111663245e+00
0.000000000000000000e+00 0.000000000000000000e+00 0.000000000000000000e+00 1.000000000000000000e+00
4.494749307632446289e-01 -8.716714382171630859e-01 1.953482627868652344e-01 5.240606725465609683e-01
-8.913332819938659668e-01 -4.231561422348022461e-01 1.626771241426467896e-01 7.801137363226335886e-01
-5.913826823234558105e-02 -2.472396939992904663e-01 -9.671476483345031738e-01 -2.568507622418618297e+00
0.000000000000000000e+00 0.000000000000000000e+00 0.000000000000000000e+00 1.000000000000000000e+00
5.221951603889465332e-01 -8.318811058998107910e-01 1.878464519977569580e-01 4.539610468680905786e-01
-8.469486236572265625e-01 -4.800453782081604004e-01 2.285473942756652832e-01 9.455721464220266936e-01
-9.994948655366897583e-02 -2.784428894519805908e-01 -9.552380442619323730e-01 -2.500449989257929939e+00
0.000000000000000000e+00 0.000000000000000000e+00 0.000000000000000000e+00 1.000000000000000000e+00
5.872134566307067871e-01 -7.902510166168212891e-01 1.751674413681030273e-01 3.766785578955372804e-01
-7.968251109123229980e-01 -5.263237953186035156e-01 2.967364788055419922e-01 1.105353913211230887e+00
-1.423017531633377075e-01 -3.138253986835479736e-01 -9.387559294700622559e-01 -2.417681428226699847e+00
0.000000000000000000e+00 0.000000000000000000e+00 0.000000000000000000e+00 1.000000000000000000e+00
6.652147173881530762e-01 -7.310950756072998047e-01 1.516207754611968994e-01 2.551956971905728899e-01
-7.234684228897094727e-01 -5.809209346771240234e-01 3.729923069477081299e-01 1.249722001237892899e+00
-1.846133917570114136e-01 -3.578130602836608887e-01 -9.153620600700378418e-01 -2.313816267481512146e+00
0.000000000000000000e+00 0.000000000000000000e+00 0.000000000000000000e+00 1.000000000000000000e+00
7.307836413383483887e-01 -6.684351563453674316e-01 1.383830606937408447e-01 1.858543726304480725e-01
-6.484388113021850586e-01 -6.164500117301940918e-01 4.466728270053863525e-01 1.389397035059906083e+00
-2.132656127214431763e-01 -4.161540567874908447e-01 -8.839309811592102051e-01 -2.180043734083696449e+00
0.000000000000000000e+00 0.000000000000000000e+00 0.000000000000000000e+00 1.000000000000000000e+00
7.451927661895751953e-01 -6.561840772628784180e-01 1.187836155295372009e-01 1.196096929372519879e-01
-6.073039770126342773e-01 -5.942234396934509277e-01 5.273323059082031250e-01 1.556646504490701632e+00
-2.754430472850799561e-01 -4.651019275188446045e-01 -8.413147330284118652e-01 -1.993752592157054915e+00
0.000000000000000000e+00 0.000000000000000000e+00 0.000000000000000000e+00 1.000000000000000000e+00
7.758223414421081543e-01 -6.171039938926696777e-01 1.314618289470672607e-01 1.263534576477045868e-01
-5.445355176925659180e-01 -5.496221780776977539e-01 6.335584521293640137e-01 1.808364327038609387e+00
-3.187171816825866699e-01 -5.631145238876342773e-01 -7.624442577362060547e-01 -1.727914629864558460e+00
0.000000000000000000e+00 0.000000000000000000e+00 0.000000000000000000e+00 1.000000000000000000e+00
7.998207807540893555e-01 -5.868691802024841309e-01 1.259833574295043945e-01 9.627285486513925683e-02
-4.863283336162567139e-01 -5.105797648429870605e-01 7.090791463851928711e-01 1.994427128388779114e+00
-3.518117666244506836e-01 -6.284052133560180664e-01 -6.937837600708007812e-01 -1.499460365999833789e+00
0.000000000000000000e+00 0.000000000000000000e+00 0.000000000000000000e+00 1.000000000000000000e+00
8.273836970329284668e-01 -5.493787527084350586e-01 1.166993454098701477e-01 4.456229646790676319e-02
-4.154763221740722656e-01 -4.588948190212249756e-01 7.853631377220153809e-01 2.174701392647782061e+00
-3.779090046882629395e-01 -6.982823014259338379e-01 -6.079359650611877441e-01 -1.270476848690186511e+00
0.000000000000000000e+00 0.000000000000000000e+00 0.000000000000000000e+00 1.000000000000000000e+00
8.575771450996398926e-01 -5.083272457122802734e-01 7.851392775774002075e-02 -7.476811153425065581e-02
-3.292238414287567139e-01 -4.251979589462280273e-01 8.431000113487243652e-01 2.302870682848207728e+00
-3.951870203018188477e-01 -7.488721609115600586e-01 -5.319935679435729980e-01 -1.083652866095064615e+00
0.000000000000000000e+00 0.000000000000000000e+00 0.000000000000000000e+00 1.000000000000000000e+00
8.730663657188415527e-01 -4.850206375122070312e-01 5.010386928915977478e-02 -1.482779105924875440e-01
-2.272606790065765381e-01 -3.138508796691894531e-01 9.218730330467224121e-01 2.443337527285552202e+00
-4.314023256301879883e-01 -8.162426352500915527e-01 -3.842387199401855469e-01 -7.082448158691393436e-01
0.000000000000000000e+00 0.000000000000000000e+00 0.000000000000000000e+00 1.000000000000000000e+00
8.529086709022521973e-01 -5.213643908500671387e-01 2.694018930196762085e-02 -2.503657227886214587e-01
-1.118435412645339966e-01 -1.320739686489105225e-01 9.849098324775695801e-01 2.595593919915965664e+00
-5.099390745162963867e-01 -8.430517315864562988e-01 -1.709582507610321045e-01 -1.335617973958731497e-01
0.000000000000000000e+00 0.000000000000000000e+00 0.000000000000000000e+00 1.000000000000000000e+00
8.432900309562683105e-01 -5.354881882667541504e-01 4.598409682512283325e-02 -1.795210928637434866e-01
-1.176245138049125671e-01 -1.003956496715545654e-01 9.879699349403381348e-01 2.598294547374492502e+00
-5.244298577308654785e-01 -8.385539054870605469e-01 -1.476491838693618774e-01 -1.309230667899863865e-01
0.000000000000000000e+00 0.000000000000000000e+00 0.000000000000000000e+00 1.000000000000000000e+00
8.112085461616516113e-01 -5.841223001480102539e-01 2.724752016365528107e-02 -1.899713304459622887e-01
-1.091450452804565430e-01 -1.054703593254089355e-01 9.884144067764282227e-01 2.596791776644019833e+00
-5.744810104370117188e-01 -8.047837615013122559e-01 -1.493124812841415405e-01 -1.406080616313497844e-01
0.000000000000000000e+00 0.000000000000000000e+00 0.000000000000000000e+00 1.000000000000000000e+00
7.728616595268249512e-01 -6.326248049736022949e-01 4.970725625753402710e-02 -1.192018166374607113e-01
-2.466139048337936401e-01 -2.272592782974243164e-01 9.420905113220214844e-01 2.527151350073490566e+00
-5.846929550170898438e-01 -7.403641343116760254e-01 -3.316540122032165527e-01 -5.185947564685675637e-01
0.000000000000000000e+00 0.000000000000000000e+00 0.000000000000000000e+00 1.000000000000000000e+00
8.003838062286376953e-01 -5.953040122985839844e-01 7.070265710353851318e-02 -7.319928760076507834e-02
-3.076734840869903564e-01 -3.066908121109008789e-01 9.007092118263244629e-01 2.444337258897102405e+00
-5.145124793052673340e-01 -7.426665425300598145e-01 -4.286298155784606934e-01 -7.791814718752902991e-01
0.000000000000000000e+00 0.000000000000000000e+00 0.000000000000000000e+00 1.000000000000000000e+00
7.935748100280761719e-01 -6.027078628540039062e-01 8.356092870235443115e-02 -4.241635645974384250e-02
-3.643724024295806885e-01 -3.607316911220550537e-01 8.585487008094787598e-01 2.360797444800930567e+00
-4.873105883598327637e-01 -7.117695808410644531e-01 -5.058779120445251465e-01 -9.884089763055964317e-01
0.000000000000000000e+00 0.000000000000000000e+00 0.000000000000000000e+00 1.000000000000000000e+00
8.213489055633544922e-01 -5.668309926986694336e-01 6.393668055534362793e-02 -1.502789432258948843e-01
-4.539350867271423340e-01 -5.816203951835632324e-01 6.750264167785644531e-01 2.001586122849188243e+00
-3.454390466213226318e-01 -5.834556221961975098e-01 -7.350180149078369141e-01 -1.645025620903865837e+00
0.000000000000000000e+00 0.000000000000000000e+00 0.000000000000000000e+00 1.000000000000000000e+00
8.237057328224182129e-01 -5.647470951080322266e-01 5.069208145141601562e-02 -2.012313320075684309e-01
-4.742833673954010010e-01 -6.372371912002563477e-01 6.074399352073669434e-01 1.822681212198333345e+00
-3.107471764087677002e-01 -5.243940949440002441e-01 -7.927462458610534668e-01 -1.815031319758335204e+00
0.000000000000000000e+00 0.000000000000000000e+00 0.000000000000000000e+00 1.000000000000000000e+00
8.504077196121215820e-01 -5.241172313690185547e-01 4.591053351759910583e-02 -2.153911036739646345e-01
-4.642420411109924316e-01 -7.064614892005920410e-01 5.342210531234741211e-01 1.615360662014375892e+00
-2.475601881742477417e-01 -4.756187498569488525e-01 -8.440976142883300781e-01 -1.973395374406428981e+00
0.000000000000000000e+00 0.000000000000000000e+00 0.000000000000000000e+00 1.000000000000000000e+00
8.670517206192016602e-01 -4.982091784477233887e-01 3.039150498807430267e-03 -3.165727107650592731e-01
-4.589346945285797119e-01 -7.962971925735473633e-01 3.940680325031280518e-01 1.237681347395773068e+00
-1.939082890748977661e-01 -3.430719971656799316e-01 -9.190761446952819824e-01 -2.185068606467448049e+00
0.000000000000000000e+00 0.000000000000000000e+00 0.000000000000000000e+00 1.000000000000000000e+00
8.761885166168212891e-01 -4.819368720054626465e-01 5.521129816770553589e-03 -2.968716100001810854e-01
-4.672796428203582764e-01 -8.466224670410156250e-01 2.547131776809692383e-01 8.806628538139146256e-01
-1.180814877152442932e-01 -2.257568836212158203e-01 -9.670007228851318359e-01 -2.337443791385681813e+00
0.000000000000000000e+00 0.000000000000000000e+00 0.000000000000000000e+00 1.000000000000000000e+00
8.753872513771057129e-01 -4.834221303462982178e-01 -4.837869200855493546e-04 -2.757568499669621476e-01
-4.828646481037139893e-01 -8.744248151779174805e-01 4.714697226881980896e-02 3.398549618116852300e-01
-2.321493439376354218e-02 -4.103824496269226074e-02 -9.988877773284912109e-01 -2.460291573408147858e+00
0.000000000000000000e+00 0.000000000000000000e+00 0.000000000000000000e+00 1.000000000000000000e+00
8.869248628616333008e-01 -4.619109630584716797e-01 -1.561346463859081268e-03 -2.636226868645981103e-01
-4.615220129489898682e-01 -8.860288262367248535e-01 -4.415966197848320007e-02 8.378663041637070263e-02
1.901444606482982635e-02 3.988688439130783081e-02 -9.990232586860656738e-01 -2.483787059891360727e+00
0.000000000000000000e+00 0.000000000000000000e+00 0.000000000000000000e+00 1.000000000000000000e+00
8.941689729690551758e-01 -4.476661086082458496e-01 -7.530572358518838882e-03 -2.755387019343493171e-01
-4.437852799892425537e-01 -8.839390277862548828e-01 -1.473303586244583130e-01 -2.098827368647743774e-01
5.929829180240631104e-02 1.350801736116409302e-01 -9.890586733818054199e-01 -2.475651236862116633e+00
0.000000000000000000e+00 0.000000000000000000e+00 0.000000000000000000e+00 1.000000000000000000e+00
8.985027074813842773e-01 -4.389657378196716309e-01 1.263741403818130493e-03 -2.488227855020606893e-01
-4.238904118537902832e-01 -8.683865070343017578e-01 -2.573359608650207520e-01 -5.310543468805994927e-01
1.140591353178024292e-01 2.306813746690750122e-01 -9.663210511207580566e-01 -2.433973493865440485e+00
0.000000000000000000e+00 0.000000000000000000e+00 0.000000000000000000e+00 1.000000000000000000e+00
9.031221866607666016e-01 -4.293797016143798828e-01 1.604969147592782974e-03 -2.465376723568976081e-01
-3.986178040504455566e-01 -8.397982120513916016e-01 -3.685680925846099854e-01 -8.697308835156010165e-01
1.596035957336425781e-01 3.322221636772155762e-01 -9.295994043350219727e-01 -2.345273596651412440e+00
0.000000000000000000e+00 0.000000000000000000e+00 0.000000000000000000e+00 1.000000000000000000e+00
9.061579704284667969e-01 -4.229172170162200928e-01 4.210028331726789474e-03 -2.536682967079190165e-01
-3.749920725822448730e-01 -8.079962730407714844e-01 -4.544483423233032227e-01 -1.137451655280498963e+00
1.955959349870681763e-01 4.102232754230499268e-01 -8.907629847526550293e-01 -2.259805649892886237e+00
0.000000000000000000e+00 0.000000000000000000e+00 0.000000000000000000e+00 1.000000000000000000e+00
9.180483222007751465e-01 -3.964689373970031738e-01 6.642165244556963444e-04 -2.889152171338987829e-01
-3.311967253684997559e-01 -7.678249478340148926e-01 -5.484101772308349609e-01 -1.425828005216941863e+00
2.179375737905502319e-01 5.032465457916259766e-01 -8.362092971801757812e-01 -2.134054424310737108e+00
0.000000000000000000e+00 0.000000000000000000e+00 0.000000000000000000e+00 1.000000000000000000e+00
9.118613600730895996e-01 -4.097954928874969482e-01 -2.399980649352073669e-02 -3.657509243108264529e-01
-3.326099216938018799e-01 -7.033164501190185547e-01 -6.282648444175720215e-01 -1.647422807788339050e+00
2.405808120965957642e-01 5.808729529380798340e-01 -7.776293158531188965e-01 -2.001259547302577158e+00
0.000000000000000000e+00 0.000000000000000000e+00 0.000000000000000000e+00 1.000000000000000000e+00
9.216473102569580078e-01 -3.860387504100799561e-01 -3.925585374236106873e-02 -4.260093125910945355e-01
-2.925214171409606934e-01 -6.247615814208984375e-01 -7.239502072334289551e-01 -1.932387846091386585e+00
2.549473941326141357e-01 6.787096858024597168e-01 -6.887342333793640137e-01 -1.774237275488125931e+00
0.000000000000000000e+00 0.000000000000000000e+00 0.000000000000000000e+00 1.000000000000000000e+00
9.300735592842102051e-01 -3.620343506336212158e-01 -6.240525096654891968e-02 -5.050505068979609380e-01
-2.668355703353881836e-01 -5.489672422409057617e-01 -7.921066880226135254e-01 -2.138890509304149923e+00
2.525113224983215332e-01 7.533692717552185059e-01 -6.071833968162536621e-01 -1.543680898618490671e+00
0.000000000000000000e+00 0.000000000000000000e+00 0.000000000000000000e+00 1.000000000000000000e+00
9.392057061195373535e-01 -3.384541571140289307e-01 -5.780858919024467468e-02 -5.130565690135059365e-01
-2.243547439575195312e-01 -4.774826765060424805e-01 -8.495146036148071289e-01 -2.322343743486107392e+00
2.599191665649414062e-01 8.108386397361755371e-01 -5.243883728981018066e-01 -1.322586099823005457e+00
0.000000000000000000e+00 0.000000000000000000e+00 0.000000000000000000e+00 1.000000000000000000e+00
9.509139060974121094e-01 -3.045917153358459473e-01 -5.464867502450942993e-02 -5.305844676604662968e-01
-1.828305870294570923e-01 -4.105043411254882812e-01 -8.933414816856384277e-01 -2.463409240347204765e+00
2.496708482503890991e-01 8.594821691513061523e-01 -4.460429847240447998e-01 -1.120841060838932535e+00
0.000000000000000000e+00 0.000000000000000000e+00 0.000000000000000000e+00 1.000000000000000000e+00
9.630556106567382812e-01 -2.648223042488098145e-01 -4.892043396830558777e-02 -5.450725737600100596e-01
-1.421832144260406494e-01 -3.457289338111877441e-01 -9.274995923042297363e-01 -2.584221686910991522e+00
2.287092804908752441e-01 9.001890420913696289e-01 -3.706093728542327881e-01 -9.043281123178021907e-01
0.000000000000000000e+00 0.000000000000000000e+00 0.000000000000000000e+00 1.000000000000000000e+00
9.702390432357788086e-01 -2.325249761343002319e-01 -6.759082525968551636e-02 -6.195512336116790753e-01
-1.286903619766235352e-01 -2.586920559406280518e-01 -9.573491811752319336e-01 -2.710543556979115642e+00
2.051223367452621460e-01 9.375555515289306641e-01 -2.809168696403503418e-01 -6.097691825793742915e-01
0.000000000000000000e+00 0.000000000000000000e+00 0.000000000000000000e+00 1.000000000000000000e+00
9.809951186180114746e-01 -1.873128265142440796e-01 -5.062020570039749146e-02 -5.980419652184302270e-01
-7.926400005817413330e-02 -1.487437039613723755e-01 -9.856937527656555176e-01 -2.829139375324413397e+00
1.771036833524703979e-01 9.709732532501220703e-01 -1.607639193534851074e-01 -2.234988124650200692e-01
0.000000000000000000e+00 0.000000000000000000e+00 0.000000000000000000e+00 1.000000000000000000e+00
9.962934851646423340e-01 -8.553691208362579346e-02 -9.064818732440471649e-03 -5.049765204120798545e-01
-1.965647190809249878e-02 -1.238098815083503723e-01 -9.921111464500427246e-01 -2.862458059610436756e+00
8.373983949422836304e-02 9.886122345924377441e-01 -1.250322610139846802e-01 -1.208323707612418557e-01
0.000000000000000000e+00 0.000000000000000000e+00 0.000000000000000000e+00 1.000000000000000000e+00
9.973679780960083008e-01 -7.207515835762023926e-02 7.914758287370204926e-03 -4.685642007327378011e-01
-9.678242728114128113e-03 -2.405104190111160278e-01 -9.705983996391296387e-01 -2.820062320021639923e+00
7.185959815979003906e-02 9.679668545722961426e-01 -2.405748367309570312e-01 -4.644732453824559903e-01
0.000000000000000000e+00 0.000000000000000000e+00 0.000000000000000000e+00 1.000000000000000000e+00
9.986158609390258789e-01 -1.805903017520904541e-02 4.939632490277290344e-02 -3.355587123106902325e-01
4.205524921417236328e-02 -2.898118793964385986e-01 -9.561591744422912598e-01 -2.878372087074232866e+00
3.158295154571533203e-02 9.569132924079895020e-01 -2.886512875556945801e-01 -5.867834957517892303e-01
0.000000000000000000e+00 0.000000000000000000e+00 0.000000000000000000e+00 1.000000000000000000e+00
9.905179142951965332e-01 5.253426730632781982e-02 1.269408911466598511e-01 -5.562458689644817628e-02
1.365397423505783081e-01 -2.742770612239837646e-01 -9.519084095954895020e-01 -2.974274853252185657e+00
-1.519081275910139084e-02 9.602146744728088379e-01 -2.788494229316711426e-01 -5.377752269220760217e-01
0.000000000000000000e+00 0.000000000000000000e+00 0.000000000000000000e+00 1.000000000000000000e+00
9.708741903305053711e-01 8.189911395311355591e-02 2.251572459936141968e-01 2.520300586320901037e-01
2.387831509113311768e-01 -2.537104487419128418e-01 -9.373441338539123535e-01 -3.020161237303061963e+00
-1.964291185140609741e-02 9.638067483901977539e-01 -2.658770084381103516e-01 -4.805926758874742855e-01
0.000000000000000000e+00 0.000000000000000000e+00 0.000000000000000000e+00 1.000000000000000000e+00
9.740144610404968262e-01 3.400519117712974548e-02 2.239187657833099365e-01 2.291098213881689605e-01
2.239307463169097900e-01 -2.926869392395019531e-01 -9.296180605888366699e-01 -3.001749122541621517e+00
3.392625972628593445e-02 9.556033611297607422e-01 -2.926961481571197510e-01 -5.977452231238120639e-01
0.000000000000000000e+00 0.000000000000000000e+00 0.000000000000000000e+00 1.000000000000000000e+00
9.845280647277832031e-01 -1.945812068879604340e-02 1.741438060998916626e-01 5.057743441835151066e-02
1.582372635602951050e-01 -3.281750380992889404e-01 -9.312689900398254395e-01 -2.977502250693171870e+00
7.527038455009460449e-02 9.444161057472229004e-01 -3.200186192989349365e-01 -7.254101634890155470e-01
0.000000000000000000e+00 0.000000000000000000e+00 0.000000000000000000e+00 1.000000000000000000e+00
9.881111979484558105e-01 -1.091274991631507874e-01 1.082935780286788940e-01 -1.828639540629986293e-01
6.031414493918418884e-02 -3.727645874023437500e-01 -9.259635806083679199e-01 -2.912377862641724935e+00
1.414160877466201782e-01 9.214867949485778809e-01 -3.617508411407470703e-01 -9.241087528665692385e-01
0.000000000000000000e+00 0.000000000000000000e+00 0.000000000000000000e+00 1.000000000000000000e+00
9.826921820640563965e-01 -1.844725012779235840e-01 1.691225916147232056e-02 -4.839228294106802108e-01
-4.111992567777633667e-02 -3.062402606010437012e-01 -9.510658383369445801e-01 -2.935878040109590081e+00
1.806247234344482422e-01 9.339094161987304688e-01 -3.085254430770874023e-01 -8.023372758816004202e-01
0.000000000000000000e+00 0.000000000000000000e+00 0.000000000000000000e+00 1.000000000000000000e+00
9.267939329147338867e-01 -3.611425757408142090e-01 -1.030958816409111023e-01 -8.295206724528479958e-01
-2.271937280893325806e-01 -3.205269873142242432e-01 -9.195895791053771973e-01 -2.744770360705826917e+00
2.990581393241882324e-01 8.756931424140930176e-01 -3.791121542453765869e-01 -1.108784816371349402e+00
0.000000000000000000e+00 0.000000000000000000e+00 0.000000000000000000e+00 1.000000000000000000e+00
8.821432590484619141e-01 -4.602480232715606689e-01 -9.997765719890594482e-02 -8.042394384885012126e-01
-2.816133499145507812e-01 -3.452885150909423828e-01 -8.952486515045166016e-01 -2.635669371237657543e+00
3.775153160095214844e-01 8.178925514221191406e-01 -4.342060387134552002e-01 -1.352781692091494126e+00
0.000000000000000000e+00 0.000000000000000000e+00 0.000000000000000000e+00 1.000000000000000000e+00
8.416805863380432129e-01 -5.359328389167785645e-01 -6.595277786254882812e-02 -6.892304987757289503e-01
-3.327245712280273438e-01 -4.185499250888824463e-01 -8.450505733489990234e-01 -2.459055178768774663e+00
4.252857565879821777e-01 7.332064509391784668e-01 -5.306029915809631348e-01 -1.686946743221929612e+00
0.000000000000000000e+00 0.000000000000000000e+00 0.000000000000000000e+00 1.000000000000000000e+00
8.101319074630737305e-01 -5.835625529289245605e-01 -5.604337528347969055e-02 -6.401516927135557644e-01
-4.227000176906585693e-01 -5.152109861373901367e-01 -7.455748915672302246e-01 -2.099549566515150900e+00
4.062156975269317627e-01 6.277034282684326172e-01 -6.640613079071044922e-01 -2.090046503672951861e+00
0.000000000000000000e+00 0.000000000000000000e+00 0.000000000000000000e+00 1.000000000000000000e+00
7.769758105278015137e-01 -6.290281414985656738e-01 -2.514356002211570740e-02 -5.303225658482078053e-01
-5.044404268264770508e-01 -5.981962084770202637e-01 -6.226570010185241699e-01 -1.671535848604052577e+00
3.766278028488159180e-01 4.964728057384490967e-01 -7.820906043052673340e-01 -2.432608417331534767e+00
0.000000000000000000e+00 0.000000000000000000e+00 0.000000000000000000e+00 1.000000000000000000e+00
7.531651258468627930e-01 -6.573203802108764648e-01 -2.592843025922775269e-02 -5.185042508816071205e-01
-5.684325098991394043e-01 -6.304660439491271973e-01 -5.285798907279968262e-01 -1.343075310751448148e+00
3.310994505882263184e-01 4.128462672233581543e-01 -8.484877943992614746e-01 -2.613486714849627912e+00
0.000000000000000000e+00 0.000000000000000000e+00 0.000000000000000000e+00 1.000000000000000000e+00
6.571140289306640625e-01 -7.533410787582397461e-01 -2.605873532593250275e-02 -4.575700848710915203e-01
-6.761937141418457031e-01 -5.738393068313598633e-01 -4.620279371738433838e-01 -1.065782653787995748e+00
3.331109285354614258e-01 3.212254941463470459e-01 -8.864820599555969238e-01 -2.743510047748924041e+00
0.000000000000000000e+00 0.000000000000000000e+00 0.000000000000000000e+00 1.000000000000000000e+00
5.889689922332763672e-01 -8.080890774726867676e-01 1.034920848906040192e-02 -3.009615622441634830e-01
-7.405391931533813477e-01 -5.447750687599182129e-01 -3.934736549854278564e-01 -8.064203888532032183e-01
3.235999345779418945e-01 2.240798026323318481e-01 -9.192776083946228027e-01 -2.853910164025589058e+00
0.000000000000000000e+00 0.000000000000000000e+00 0.000000000000000000e+00 1.000000000000000000e+00
5.405064225196838379e-01 -8.398970365524291992e-01 4.925122857093811035e-02 -1.432233401367807857e-01
-7.846688628196716309e-01 -5.243557095527648926e-01 -3.306747376918792725e-01 -5.771462719428346322e-01
3.035579323768615723e-01 1.400859355926513672e-01 -9.424587488174438477e-01 -2.917125045383155868e+00
0.000000000000000000e+00 0.000000000000000000e+00 0.000000000000000000e+00 1.000000000000000000e+00
5.042684674263000488e-01 -8.566734790802001953e-01 1.087368503212928772e-01 7.484197506745003670e-02
-8.209594488143920898e-01 -5.146391987800598145e-01 -2.473294585943222046e-01 -2.925131725427597695e-01
2.678408920764923096e-01 3.545184433460235596e-02 -9.628106951713562012e-01 -2.963712593669458162e+00
0.000000000000000000e+00 0.000000000000000000e+00 0.000000000000000000e+00 1.000000000000000000e+00
4.386948347091674805e-01 -8.848890662193298340e-01 1.565815955400466919e-01 2.764876453720299110e-01
-8.598855733871459961e-01 -4.639719426631927490e-01 -2.129007428884506226e-01 -1.573839960356532286e-01
2.610430419445037842e-01 -4.124384373426437378e-02 -9.644456505775451660e-01 -2.968248499888245018e+00
0.000000000000000000e+00 0.000000000000000000e+00 0.000000000000000000e+00 1.000000000000000000e+00
3.592033386230468750e-01 -8.983693122863769531e-01 2.527956068515777588e-01 6.316806905658783888e-01
-8.943659663200378418e-01 -4.087477028369903564e-01 -1.817567348480224609e-01 -3.866150601425143857e-02
2.666142284870147705e-01 -1.608040928840637207e-01 -9.502939581871032715e-01 -2.924648556945099287e+00
0.000000000000000000e+00 0.000000000000000000e+00 0.000000000000000000e+00 1.000000000000000000e+00
2.930195331573486328e-01 -8.896073102951049805e-01 3.503390550613403320e-01 9.748180086801567779e-01
-9.158253073692321777e-01 -3.663915991783142090e-01 -1.643829643726348877e-01 3.102486676762915979e-02
2.745975255966186523e-01 -2.726820707321166992e-01 -9.220846295356750488e-01 -2.845920865281669876e+00
0.000000000000000000e+00 0.000000000000000000e+00 0.000000000000000000e+00 1.000000000000000000e+00
2.731622755527496338e-01 -8.598666787147521973e-01 4.312911927700042725e-01 1.233631428410595365e+00
-9.342860579490661621e-01 -3.439250588417053223e-01 -9.394562989473342896e-02 2.623068458331787034e-01
2.291124463081359863e-01 -3.772869110107421875e-01 -8.973088264465332031e-01 -2.734995358723914194e+00
0.000000000000000000e+00 0.000000000000000000e+00 0.000000000000000000e+00 1.000000000000000000e+00
1.780579537153244019e-01 -7.865831851959228516e-01 5.912552475929260254e-01 1.780560641474052463e+00
-9.623656272888183594e-01 -2.645591199398040771e-01 -6.214090436697006226e-02 3.681340109093148016e-01
2.053010463714599609e-01 -5.579388141632080078e-01 -8.040879368782043457e-01 -2.435975992431551607e+00
0.000000000000000000e+00 0.000000000000000000e+00 0.000000000000000000e+00 1.000000000000000000e+00
1.382650136947631836e-01 -6.802722215652465820e-01 7.198005318641662598e-01 2.194875442468338100e+00
-9.742496609687805176e-01 -2.241183668375015259e-01 -2.466910518705844879e-02 4.867753593997702910e-01
1.781021356582641602e-01 -6.978541612625122070e-01 -6.937428712844848633e-01 -2.091379709105247287e+00
0.000000000000000000e+00 0.000000000000000000e+00 0.000000000000000000e+00 1.000000000000000000e+00
1.081176027655601501e-01 -5.882144570350646973e-01 8.014444708824157715e-01 2.452385251360833962e+00
-9.839569926261901855e-01 -1.783947944641113281e-01 1.807542168535292149e-03 5.700217799999497403e-01
1.419103443622589111e-01 -7.887828946113586426e-01 -5.980657339096069336e-01 -1.784867874531730347e+00
0.000000000000000000e+00 0.000000000000000000e+00 0.000000000000000000e+00 1.000000000000000000e+00
7.969664782285690308e-02 -5.130980014801025391e-01 8.546223044395446777e-01 2.630631906488820615e+00
-9.906361699104309082e-01 -1.361119449138641357e-01 1.066149678081274033e-02 6.015866568915178014e-01
1.108538210391998291e-01 -8.474691510200500488e-01 -5.191411375999450684e-01 -1.529316965642103954e+00
0.000000000000000000e+00 0.000000000000000000e+00 0.000000000000000000e+00 1.000000000000000000e+00
1.552691757678985596e-01 -5.217771530151367188e-01 8.388325572013854980e-01 2.520591340388763424e+00
-9.874989986419677734e-01 -1.053177043795585632e-01 1.172768473625183105e-01 9.221616495431079752e-01
2.715151384472846985e-02 -8.465558886528015137e-01 -5.316072702407836914e-01 -1.502155198712613382e+00
0.000000000000000000e+00 0.000000000000000000e+00 0.000000000000000000e+00 1.000000000000000000e+00
2.630569338798522949e-01 -5.893467068672180176e-01 7.638527750968933105e-01 2.229164884637174993e+00
-9.601744413375854492e-01 -8.265184611082077026e-02 2.668968439102172852e-01 1.350158604082580149e+00
-9.416081756353378296e-02 -8.036416172981262207e-01 -5.876176953315734863e-01 -1.573513215516677111e+00
0.000000000000000000e+00 0.000000000000000000e+00 0.000000000000000000e+00 1.000000000000000000e+00
3.156194090843200684e-01 -6.277305483818054199e-01 7.115750908851623535e-01 2.045735933199301027e+00
-9.302196502685546875e-01 -5.667671188712120056e-02 3.626008629798889160e-01 1.610596415219117006e+00
-1.872858703136444092e-01 -7.763649225234985352e-01 -6.018155217170715332e-01 -1.550781531711016292e+00
0.000000000000000000e+00 0.000000000000000000e+00 0.000000000000000000e+00 1.000000000000000000e+00
3.598622977733612061e-01 -6.482391357421875000e-01 6.710332632064819336e-01 1.897951704584454280e+00
-8.904390335083007812e-01 -2.385861612856388092e-02 4.544773101806640625e-01 1.845854400441885534e+00
-2.785999178886413574e-01 -7.610631585121154785e-01 -5.858032107353210449e-01 -1.438505573453860320e+00
0.000000000000000000e+00 0.000000000000000000e+00 0.000000000000000000e+00 1.000000000000000000e+00
4.129037559032440186e-01 -6.556760668754577637e-01 6.321387887001037598e-01 1.737619092023912071e+00
-8.405835628509521484e-01 -7.155201863497495651e-03 5.416349768638610840e-01 2.059155818087766043e+00
-3.506139814853668213e-01 -7.550082206726074219e-01 -5.541045665740966797e-01 -1.282564550348969323e+00
0.000000000000000000e+00 0.000000000000000000e+00 0.000000000000000000e+00 1.000000000000000000e+00
5.093181729316711426e-01 -6.612762212753295898e-01 5.507342219352722168e-01 1.446975064918349485e+00
-7.310342788696289062e-01 5.214345641434192657e-03 6.823208928108215332e-01 2.371114023813084781e+00
-4.540741145610809326e-01 -7.501245737075805664e-01 -4.807597398757934570e-01 -9.648494716788893477e-01
0.000000000000000000e+00 0.000000000000000000e+00 0.000000000000000000e+00 1.000000000000000000e+00
6.142482161521911621e-01 -6.941307783126831055e-01 3.753409981727600098e-01 8.648056574730837998e-01
-5.771683454513549805e-01 -7.083228975534439087e-02 8.135471940040588379e-01 2.667178345714585230e+00
-5.381225347518920898e-01 -7.163549065589904785e-01 -4.441390633583068848e-01 -7.925969981310315715e-01
0.000000000000000000e+00 0.000000000000000000e+00 0.000000000000000000e+00 1.000000000000000000e+00
6.237140893936157227e-01 -7.358049750328063965e-01 2.637654244899749756e-01 5.651021317646603981e-01
-4.893411397933959961e-01 -1.044244170188903809e-01 8.658180236816406250e-01 2.762456383112921632e+00
-6.095293164253234863e-01 -6.690939664840698242e-01 -4.251904487609863281e-01 -6.921151410814605498e-01
0.000000000000000000e+00 0.000000000000000000e+00 0.000000000000000000e+00 1.000000000000000000e+00
5.808734893798828125e-01 -7.922444343566894531e-01 1.869069337844848633e-01 4.083652279254017525e-01
-3.889754712581634521e-01 -6.845592707395553589e-02 9.187012314796447754e-01 2.856285182193879724e+00
-7.150413990020751953e-01 -6.063515543937683105e-01 -3.479278981685638428e-01 -4.501705021617582458e-01
0.000000000000000000e+00 0.000000000000000000e+00 0.000000000000000000e+00 1.000000000000000000e+00
4.200259745121002197e-01 -9.056189656257629395e-01 5.858416482806205750e-02 1.810905914844009867e-01
-2.282433658838272095e-01 -4.293841496109962463e-02 9.726570844650268555e-01 2.925534049516053781e+00
-8.783410787582397461e-01 -4.219126105308532715e-01 -2.247367203235626221e-01 -8.473398488201452916e-02
0.000000000000000000e+00 0.000000000000000000e+00 0.000000000000000000e+00 1.000000000000000000e+00
2.588959336280822754e-01 -9.610219597816467285e-01 -9.700421243906021118e-02 -2.101757635163038485e-01
-2.460018694400787354e-01 -1.627201884984970093e-01 9.555127024650573730e-01 2.948993387823414025e+00
-9.340534210205078125e-01 -2.235153764486312866e-01 -2.785411179065704346e-01 -3.074138018557971419e-01
0.000000000000000000e+00 0.000000000000000000e+00 0.000000000000000000e+00 1.000000000000000000e+00
2.872597873210906982e-01 -9.569827914237976074e-01 4.080744460225105286e-02 1.917017539849777963e-01
-3.608255982398986816e-01 -6.864868104457855225e-02 9.301033020019531250e-01 2.891912658749801412e+00
-8.872917890548706055e-01 -2.819056510925292969e-01 -3.650242388248443604e-01 -5.530222377593140282e-01
0.000000000000000000e+00 0.000000000000000000e+00 0.000000000000000000e+00 1.000000000000000000e+00
2.560628652572631836e-01 -9.661750197410583496e-01 3.062335215508937836e-02 2.248858484025125781e-01
-4.540178477764129639e-01 -9.223853796720504761e-02 8.862054944038391113e-01 2.801785046559742032e+00
-8.534046411514282227e-01 -2.408276945352554321e-01 -4.622796475887298584e-01 -8.678589489420815983e-01
0.000000000000000000e+00 0.000000000000000000e+00 0.000000000000000000e+00 1.000000000000000000e+00
