0.07998142391443253 0.09894543141126633 -0.9918732643127441 0.3860595226287842 
-0.1402963250875473 0.9862733483314514 0.08707378059625626 0.01840490289032459 
0.9868736863136292 0.132191926240921 0.092765212059021 0.0303147342056036 
0 0 0 1 

0.1107359081506729 0.1169164776802063 -0.9869489073753357 0.3889560699462891 
-0.1831434667110443 0.9784501791000366 0.09536097198724747 0.02018417604267597 
0.9768295884132385 0.1701933741569519 0.1297619938850403 0.03154915571212769 
0 0 0 1 

0.1381738036870956 0.12102160602808 -0.9829860329627991 0.3908194303512573 
-0.1975348442792892 0.9759327173233032 0.09238668531179428 0.02402185462415218 
0.9705089926719666 0.1814086139202118 0.158754289150238 0.02954874187707901 
0 0 0 1 

0.2399035692214966 0.3111506998538971 -0.9195822477340698 0.3615399599075317 
-0.0364803783595562 0.949465274810791 0.3117448091506958 -0.0769377276301384 
0.9701110124588013 -0.04124199226498604 0.2391310185194016 0.01204142346978188 
0 0 0 1 

0.2407651990652084 0.3769322037696838 -0.8944015502929688 0.3422171175479889 
0.0024677449837327 0.9212685823440552 0.3889191448688507 -0.1066447794437408 
0.9705802202224731 -0.09584532678127289 0.2208792269229889 0.01532696466892958 
0 0 0 1 

0.2549895942211151 0.4093124568462372 -0.8760385513305664 0.3278299570083618 
0.05106284096837044 0.8990228772163391 0.4349142909049988 -0.1240556091070175 
0.9655945301055908 -0.1556316018104553 0.2083407938480377 0.01574806682765484 
0 0 0 1 

0.2995941638946533 0.5973911285400391 -0.743886411190033 0.2520937025547028 
0.4998963475227356 0.5658116340637207 0.6557139158248901 -0.2503582239151001 
0.8126172423362732 -0.5683140754699707 -0.1291198134422302 0.06426011770963669 
0 0 0 1 

0.1364371925592422 0.6677689552307129 -0.7317578196525574 0.260127067565918 
0.5485125780105591 0.5641812682151794 0.6171170473098755 -0.2346687614917755 
0.8249356746673584 -0.4855760633945465 -0.2893042862415314 0.1274499446153641 
0 0 0 1 

0.01236954890191555 0.6880252361297607 -0.7255812287330627 0.2647165954113007 
0.6116756200790405 0.568824827671051 0.5498101115226746 -0.2114977538585663 
0.7910118699073792 -0.4506212174892426 -0.413812130689621 0.176933079957962 
0 0 0 1 

-0.04581638053059578 0.6757882237434387 -0.7356703877449036 0.2711743712425232 
0.630875289440155 0.5905721187591553 0.5032106041908264 -0.1949612200260162 
0.7745302319526672 -0.4410609900951385 -0.4533959329128265 0.190788596868515 
0 0 0 1 

