0.1205779537558556 -0.8335413336753845 -0.53913813829422 0.1513494998216629 
-0.9873743653297424 -0.1569032371044159 0.0217563733458519 0.02834256365895271 
-0.1027273088693619 0.5297077894210815 -0.8419364094734192 0.3039161562919617 
0 0 0 1 

0.3264817595481873 -0.7195023894309998 -0.612964928150177 0.145339772105217 
-0.9136183857917786 -0.4064613878726959 -0.009510605596005917 0.03582482784986496 
-0.2423036992549896 0.5631210803985596 -0.7900528311729431 0.2880761623382568 
0 0 0 1 

0.3533851206302643 -0.7141349315643311 -0.6042599678039551 0.1397114098072052 
-0.9227383136749268 -0.3723353743553162 -0.09959971159696579 0.06567711383104324 
-0.1538598239421844 0.5927709341049194 -0.7905375361442566 0.2797752022743225 
0 0 0 1 

0.773017406463623 0.6073148846626282 0.1833376586437225 -0.07698872685432434 
0.3653057515621185 -0.1898660957813263 -0.9113189578056335 0.2205097228288651 
-0.5186479687690735 0.7714397311210632 -0.3686254322528839 0.1878621280193329 
0 0 0 1 

0.715857207775116 0.6482873558998108 0.259368360042572 -0.09826155751943588 
0.5282774567604065 -0.2599525153636932 -0.8082991242408752 0.1779833287000656 
-0.4565866589546204 0.7156451344490051 -0.528564453125 0.2325274795293808 
0 0 0 1 

0.6742320656776428 0.6865088939666748 0.2722434997558594 -0.09957146644592285 
0.5959528684616089 -0.2880392968654633 -0.7495818734169006 0.1550641655921936 
-0.4361778795719147 0.6676364541053772 -0.6033322811126709 0.2517420053482056 
0 0 0 1 

0.6360796093940735 0.726691722869873 0.2594644725322723 -0.09480181336402893 
0.6624957323074341 -0.3419244885444641 -0.6664734482765198 0.124629370868206 
-0.3956034779548645 0.5958243012428284 -0.6989213228225708 0.2744077742099762 
0 0 0 1 

0.5974119305610657 0.7587172985076904 0.259705513715744 -0.09564661234617233 
0.7254359722137451 -0.3732600212097168 -0.5782898664474487 0.09601980447769165 
-0.3418208658695221 0.5338770151138306 -0.7733907699584961 0.2868514358997345 
0 0 0 1 

0.5023477077484131 0.8145878314971924 0.2899884283542633 -0.09792302548885345 
0.8027890920639038 -0.3147994875907898 -0.5063896775245667 0.07547625154256821 
-0.3212106823921204 0.4871832132339478 -0.812080979347229 0.2942520380020142 
0 0 0 1 

0.4733018279075623 0.8291206955909729 0.2975640296936035 -0.1003780514001846 
0.8129923343658447 -0.2810828685760498 -0.5099369883537292 0.07827673107385635 
-0.3391591608524323 0.483271449804306 -0.8071058988571167 0.2930930256843567 
0 0 0 1 

