1 0 0 -0.01792658120393753 
0 1 0 0.02243540808558464 
0 0 1 -0.3816788792610168 
0 0 0 1 

0.9991580247879028 0.03965361416339874 0.01053021848201752 -0.01862321421504021 
-0.03972268849611282 0.9991900324821472 0.006433856673538685 0.01747757010161877 
-0.01026657223701477 -0.006846713833510876 0.9999238848686218 -0.3680836856365204 
0 0 0 1 

0.9970463514328003 0.04740191251039505 -0.06042884662747383 0.01142777409404516 
-0.04523093998432159 0.9982984066009521 0.0368022732436657 0.009103516116738319 
0.06207051873207092 -0.03396032378077507 0.9974938631057739 -0.3666528463363647 
0 0 0 1 

0.7266560792922974 0.6829197406768799 -0.07477543503046036 -0.01131467707455158 
-0.6813845634460449 0.7025437951087952 -0.2052973806858063 0.07656428217887878 
-0.08766869455575943 0.2001314163208008 0.9758388996124268 -0.2705204784870148 
0 0 0 1 

0.7579492926597595 0.6508035063743591 -0.04435519501566887 -0.02398276142776012 
-0.6492895483970642 0.7461504340171814 -0.1472494304180145 0.05842390656471252 
-0.06273485720157623 0.1404069662094116 0.9881043434143066 -0.2781413197517395 
0 0 0 1 

0.7871671915054321 0.6162812113761902 0.0237729474902153 -0.04900594055652618 
-0.6140157580375671 0.7867269515991211 -0.06360179930925369 0.03033669665455818 
-0.05789942666888237 0.03546827659010887 0.9976921677589417 -0.2839923799037933 
0 0 0 1 

0.9820979237556458 0.1871679127216339 0.02125656232237816 -0.02651986852288246 
-0.1858768165111542 0.9812065362930298 -0.05180293321609497 0.001932949176989496 
-0.0305529348552227 0.04692444205284119 0.9984310865402222 -0.232479989528656 
0 0 0 1 

0.9632000923156738 0.23996202647686 -0.1210935264825821 0.001846260507591069 
-0.2460855692625046 0.9684943556785583 -0.03821643441915512 -0.02683405391871929 
0.1081078723073006 0.06660949438810349 0.991905152797699 -0.3117632269859314 
0 0 0 1 

0.9888791441917419 0.1327252835035324 -0.06709617376327515 -0.01352745201438665 
-0.1355559080839157 0.9899803400039673 -0.03953997790813446 -0.04807320982217789 
0.06117590889334679 0.04819559305906296 0.9969627261161804 -0.337978333234787 
0 0 0 1 

0.9914209842681885 -0.03560363501310349 0.1257642507553101 -0.01307151466608047 
0.01820467598736286 0.9904207587242126 0.1368757784366608 -0.02302482351660728 
-0.129432812333107 -0.1334120184183121 0.982572078704834 -0.2031049132347107 
0 0 0 1 

