1 0 0 -0.01792658120393753 
0 1 0 0.02243540808558464 
0 0 1 -0.3816788792610168 
0 0 0 1 

0.9950447678565979 0.06479854136705399 -0.07541164755821228 0.01403105817735195 
-0.06571086496114731 0.9977917075157166 -0.009677429683506489 0.02326857671141624 
0.07461801916360855 0.01458493154495955 0.9971054792404175 -0.3789203763008118 
0 0 0 1 

0.9760339260101318 0.08310195803642273 -0.2011263072490692 0.0649198591709137 
-0.08626347780227661 0.9962478280067444 -0.006990339607000351 0.02295194752514362 
0.1997907310724258 0.02417266182601452 0.9795403480529785 -0.3708074688911438 
0 0 0 1 

0.9677606225013733 0.08714120090007782 -0.2363167852163315 0.07918418198823929 
-0.0877213329076767 0.9961122870445251 0.008078836835920811 0.01746919751167297 
0.2361020594835281 0.01291170623153448 0.9716423749923706 -0.3677529394626617 
0 0 0 1 

