-0.9941098690032959 -0.104712687432766 -0.02795693278312683 0.05779242515563965 
-0.1026089191436768 0.9923737645149231 -0.06830620020627975 0.04153387248516083 
0.03489625081419945 -0.06503520160913467 -0.9972729086875916 0.3092191815376282 
0 0 0 1 

-0.9999459385871887 -0.01000531483441591 -0.002869919640943408 0.05049683153629303 
-0.009906905703246593 0.9994236826896667 -0.03246743977069855 0.01965604722499847 
0.003193112555891275 -0.03243724629282951 -0.9994688034057617 0.3132241666316986 
0 0 0 1 

-0.8183331489562988 -0.39415442943573 -0.4182976484298706 0.1805603504180908 
-0.5687294602394104 0.6603471636772156 0.4903959631919861 -0.1330577284097672 
0.08292984962463379 0.6392055749893188 -0.7645511627197266 0.2392416447401047 
0 0 0 1 

-0.8761979937553406 -0.3951232433319092 -0.2759614884853363 0.1342718154191971 
-0.4757565259933472 0.6175980567932129 0.6262813806533813 -0.1837930530309677 
-0.07702507078647614 0.6800369620323181 -0.7291206121444702 0.2332705557346344 
0 0 0 1 

-0.9080817103385925 -0.3748244941234589 -0.1867989748716354 0.1023349612951279 
-0.393532931804657 0.6111581921577454 0.6867440342903137 -0.2063716351985931 
-0.1432448029518127 0.697131335735321 -0.7024872899055481 0.2273808568716049 
0 0 0 1 

-0.9450564980506897 -0.3079305291175842 -0.1097596138715744 0.07745601236820221 
-0.2941698431968689 0.6545998454093933 0.6963929533958435 -0.2122880071401596 
-0.1425920277833939 0.6904186010360718 -0.7092177867889404 0.2323174029588699 
0 0 0 1 

-0.971832811832428 -0.235402449965477 -0.01125084143131971 0.04755201563239098 
-0.1575411111116409 0.6134032607078552 0.7738974094390869 -0.2419489324092865 
-0.1752760410308838 0.7538714408874512 -0.6332109570503235 0.214653491973877 
0 0 0 1 

-0.9756643176078796 -0.2167195975780487 0.03333709016442299 0.03625533357262611 
-0.08945170044898987 0.5322105884552002 0.8418729901313782 -0.2694695293903351 
-0.2001927345991135 0.8184035420417786 -0.5386446714401245 0.1871124804019928 
0 0 0 1 

-0.8464652299880981 -0.5025157332420349 0.1759947687387466 -0.02061885222792625 
-0.1095041856169701 0.4877772927284241 0.8660727739334106 -0.2670547962188721 
-0.5210615396499634 0.7138285040855408 -0.4679140448570251 0.1768197119235992 
0 0 0 1 

-0.806871771812439 -0.560535192489624 0.1864334344863892 -0.02724030055105686 
-0.1758047044277191 0.5291589498519897 0.8301103115081787 -0.250237911939621 
-0.5639591813087463 0.6370171308517456 -0.5255082845687866 0.1987054795026779 
0 0 0 1 

