0.2732463181018829 0.8514450788497925 -0.4476356506347656 0.1365373134613037 
-0.9317456483840942 0.3499492704868317 0.09687914699316025 0.0299817156046629 
0.2391370683908463 0.3906106948852539 0.8889526128768921 -0.2929667830467224 
0 0 0 1 

0.1753860414028168 0.773395836353302 -0.6091786623001099 0.196058914065361 
-0.9615252614021301 0.2674587666988373 0.0627293661236763 0.04169263318181038 
0.2114447802305222 0.5747388005256653 0.7905481457710266 -0.2589873969554901 
0 0 0 1 

0.1333146542310715 0.6712716817855835 -0.7291238903999329 0.2382402420043945 
-0.9732685089111328 0.2275005280971527 0.03149491548538208 0.05238884687423706 
0.1870177239179611 0.7054345607757568 0.6836566925048828 -0.2229293286800385 
0 0 0 1 

0.1067586690187454 0.5664011240005493 -0.817185640335083 0.2681208252906799 
-0.9838184118270874 0.1791149973869324 -0.004381226841360331 0.06489242613315582 
0.1438886374235153 0.8044299483299255 0.5763579607009888 -0.1855043768882751 
0 0 0 1 

0.0789145901799202 0.50739985704422 -0.8580897450447083 0.2834430932998657 
-0.9908397793769836 0.134546771645546 -0.01156374253332615 0.06770649552345276 
0.1095857918262482 0.8511419892311096 0.513369619846344 -0.1632246375083923 
0 0 0 1 

0.1553307771682739 0.5111364722251892 -0.8453472256660461 0.2724481225013733 
-0.9875393509864807 0.1022336110472679 -0.1196430996060371 0.1022077724337578 
0.02526904456317425 0.8533978462219238 0.5206472873687744 -0.1586291342973709 
0 0 0 1 

0.2642408013343811 0.5709665417671204 -0.7772862911224365 0.2427728325128555 
-0.959685742855072 0.07559485733509064 -0.2707188129425049 0.1492553949356079 
-0.09581253677606583 0.8174855709075928 0.5679237246513367 -0.163605585694313 
0 0 0 1 

0.3235597014427185 0.6124337315559387 -0.7212726473808289 0.2214735299348831 
-0.9281978011131287 0.05741952732205391 -0.3676304221153259 0.1773654669523239 
-0.1837340146303177 0.7884339690208435 0.5870381593704224 -0.1630165874958038 
0 0 0 1 

0.3678999841213226 0.6376956701278687 -0.6767524480819702 0.2039878964424133 
-0.8886501789093018 0.02684254199266434 -0.4577995836734772 0.2024902552366257 
-0.2737709581851959 0.7698206305503845 0.5765636563301086 -0.1529215127229691 
0 0 0 1 

0.4128349125385284 0.6362563371658325 -0.6517247557640076 0.1918158382177353 
-0.839777946472168 -0.01112289167940617 -0.5428161025047302 0.2239614427089691 
-0.3526192605495453 0.7713975310325623 0.5297220945358276 -0.1308044940233231 
0 0 0 1 

