1.000000000000000000e+00 0.000000000000000000e+00 0.000000000000000000e+00 -4.146692231928954531e-01
0.000000000000000000e+00 -1.000000000000000000e+00 0.000000000000000000e+00 -7.693198940031911737e-02
0.000000000000000000e+00 0.000000000000000000e+00 -1.000000000000000000e+00 -3.421550398492883005e+00
0.000000000000000000e+00 0.000000000000000000e+00 0.000000000000000000e+00 1.000000000000000000e+00
9.901306033134460449e-01 -1.393154114484786987e-01 -1.524997409433126450e-02 -5.045101561380678223e-01
-1.382185667753219604e-01 -9.886957406997680664e-01 5.810866877436637878e-02 2.708763260457126010e-01
-2.317302115261554718e-02 -5.542734637856483459e-02 -9.981940984725952148e-01 -3.430847642988388291e+00
0.000000000000000000e+00 0.000000000000000000e+00 0.000000000000000000e+00 1.000000000000000000e+00
9.710758924484252930e-01 -2.361443191766738892e-01 -3.531753644347190857e-02 -5.765069685896025975e-01
-2.318447828292846680e-01 -9.679036140441894531e-01 9.700648486614227295e-02 5.368869349687180881e-01
-5.709154903888702393e-02 -8.601244539022445679e-02 -9.946566820144653320e-01 -3.408510747669048158e+00
0.000000000000000000e+00 0.000000000000000000e+00 0.000000000000000000e+00 1.000000000000000000e+00
9.419996142387390137e-01 -3.344122171401977539e-01 -2.837525121867656708e-02 -5.422893895347045135e-01
-3.273732662200927734e-01 -9.342001080513000488e-01 1.417631655931472778e-01 8.000941430565468027e-01
-7.391554862260818481e-02 -1.242515221238136292e-01 -9.894940257072448730e-01 -3.376727697516738846e+00
0.000000000000000000e+00 0.000000000000000000e+00 0.000000000000000000e+00 1.000000000000000000e+00
8.951441049575805664e-01 -4.456627964973449707e-01 -1.007335167378187180e-02 -4.141475630494731441e-01
-4.381202161312103271e-01 -8.837150931358337402e-01 1.646147221326828003e-01 9.598312444479458749e-01
-8.226468414068222046e-02 -1.429405957460403442e-01 -9.863063693046569824e-01 -3.360384098580438295e+00
0.000000000000000000e+00 0.000000000000000000e+00 0.000000000000000000e+00 1.000000000000000000e+00
8.283970952033996582e-01 -5.600049495697021484e-01 1.235630363225936890e-02 -2.635818045314535230e-01
-5.520856380462646484e-01 -8.125566244125366211e-01 1.869553774595260620e-01 1.115391359168522945e+00
-9.465579688549041748e-02 -1.616949737071990967e-01 -9.822906255722045898e-01 -3.347367887346759829e+00
0.000000000000000000e+00 0.000000000000000000e+00 0.000000000000000000e+00 1.000000000000000000e+00
7.554737925529479980e-01 -6.534603834152221680e-01 4.741685092449188232e-02 -6.010288396310559805e-02
-6.506962776184082031e-01 -7.398871779441833496e-01 1.707662642002105713e-01 1.101063478810696106e+00
-7.650597393512725830e-02 -1.598634272813796997e-01 -9.841699600219726562e-01 -3.381203625137016999e+00
0.000000000000000000e+00 0.000000000000000000e+00 0.000000000000000000e+00 1.000000000000000000e+00
6.948372721672058105e-01 -7.153330445289611816e-01 7.416056841611862183e-02 8.159356415781722494e-02
-7.185125350952148438e-01 -6.861053705215454102e-01 1.140136718750000000e-01 8.896201065089945903e-01
-3.067582100629806519e-02 -1.325062662363052368e-01 -9.907074570655822754e-01 -3.461218457833783457e+00
0.000000000000000000e+00 0.000000000000000000e+00 0.000000000000000000e+00 1.000000000000000000e+00
5.852261185646057129e-01 -8.101166486740112305e-01 3.493888676166534424e-02 -1.890536174186597737e-02
-8.099867105484008789e-01 -5.820354223251342773e-01 7.180443406105041504e-02 7.347174205873221453e-01
-3.783432021737098694e-02 -7.032188028097152710e-02 -9.968066215515136719e-01 -3.548090404750818827e+00
0.000000000000000000e+00 0.000000000000000000e+00 0.000000000000000000e+00 1.000000000000000000e+00
4.984660446643829346e-01 -8.655264377593994141e-01 4.894548282027244568e-02 8.896897769791972665e-02
-8.666290044784545898e-01 -4.960744380950927734e-01 5.351745709776878357e-02 6.741985531779802754e-01
-2.204017713665962219e-02 -6.909420341253280640e-02 -9.973668456077575684e-01 -3.592491537804005652e+00
0.000000000000000000e+00 0.000000000000000000e+00 0.000000000000000000e+00 1.000000000000000000e+00
4.064024388790130615e-01 -9.114823341369628906e-01 6.353843212127685547e-02 1.951609206262802099e-01
-9.133858680725097656e-01 -4.070883095264434814e-01 2.335507655516266823e-03 4.599796576418946348e-01
2.373697236180305481e-02 -5.898423865437507629e-02 -9.979766011238098145e-01 -3.641989747616610984e+00
0.000000000000000000e+00 0.000000000000000000e+00 0.000000000000000000e+00 1.000000000000000000e+00
2.892010211944580078e-01 -9.551167488098144531e-01 6.414988636970520020e-02 2.601728860174392088e-01
-9.559558629989624023e-01 -2.916632890701293945e-01 -3.287572786211967468e-02 3.060454059635159818e-01
5.011029914021492004e-02 -5.181676521897315979e-02 -9.973983168601989746e-01 -3.670233074955471242e+00
0.000000000000000000e+00 0.000000000000000000e+00 0.000000000000000000e+00 1.000000000000000000e+00
1.774291098117828369e-01 -9.813454747200012207e-01 7.402528077363967896e-02 3.533021047754046906e-01
-9.817321896553039551e-01 -1.817461252212524414e-01 -5.630335211753845215e-02 2.051390475279079306e-01
6.870687007904052734e-02 -6.268315762281417847e-02 -9.956658482551574707e-01 -3.677985029999940370e+00
0.000000000000000000e+00 0.000000000000000000e+00 0.000000000000000000e+00 1.000000000000000000e+00
9.900829941034317017e-02 -9.910622239112854004e-01 8.939934521913528442e-02 4.474492868371136578e-01
-9.902532100677490234e-01 -1.069730743765830994e-01 -8.919210731983184814e-02 6.076456160041071586e-02
9.795829653739929199e-02 -7.969719171524047852e-02 -9.919942021369934082e-01 -3.668746729179680699e+00
0.000000000000000000e+00 0.000000000000000000e+00 0.000000000000000000e+00 1.000000000000000000e+00
1.470253802835941315e-02 -9.957408905029296875e-01 9.101496636867523193e-02 5.089148293113875399e-01
-9.973119497299194336e-01 -2.113847993314266205e-02 -7.015811651945114136e-02 1.546042390756351415e-01
7.178322970867156982e-02 -8.973885327577590942e-02 -9.933752417564392090e-01 -3.600703322455363509e+00
0.000000000000000000e+00 0.000000000000000000e+00 0.000000000000000000e+00 1.000000000000000000e+00
-9.371335059404373169e-02 -8.942729234695434570e-01 4.375996291637420654e-01 1.903078427652382887e+00
-9.901958703994750977e-01 3.798829391598701477e-02 -1.344214379787445068e-01 -9.112857950781413918e-02
1.035857275128364563e-01 -4.459065198898315430e-01 -8.890653252601623535e-01 -3.139190546173447505e+00
0.000000000000000000e+00 0.000000000000000000e+00 0.000000000000000000e+00 1.000000000000000000e+00
-1.648951917886734009e-01 -8.706011176109313965e-01 4.635331630706787109e-01 2.019457543927511978e+00
-9.772122502326965332e-01 8.051927387714385986e-02 -1.963988244533538818e-01 -3.454020102467136311e-01
1.336616575717926025e-01 -4.853556752204895020e-01 -8.640395998954772949e-01 -3.060035050215791586e+00
0.000000000000000000e+00 0.000000000000000000e+00 0.000000000000000000e+00 1.000000000000000000e+00
-1.333973109722137451e-01 -8.101958632469177246e-01 5.707780718803405762e-01 2.341237616391931287e+00
-9.910176396369934082e-01 1.145466342568397522e-01 -6.901784241199493408e-02 1.332557705911924795e-01
-9.462765417993068695e-03 -5.748579502105712891e-01 -8.181983232498168945e-01 -2.806287526430249368e+00
0.000000000000000000e+00 0.000000000000000000e+00 0.000000000000000000e+00 1.000000000000000000e+00
-8.922915160655975342e-02 -7.341492176055908203e-01 6.730993390083312988e-01 2.600802467284413666e+00
-9.945265054702758789e-01 2.878779917955398560e-02 -1.004401743412017822e-01 5.208839084095254202e-02
5.436101928353309631e-02 -6.783773899078369141e-01 -7.326998114585876465e-01 -2.603167276833147969e+00
0.000000000000000000e+00 0.000000000000000000e+00 0.000000000000000000e+00 1.000000000000000000e+00
-5.961435288190841675e-02 -5.634667873382568359e-01 8.239851593971252441e-01 3.105977857179666568e+00
-9.859206080436706543e-01 -9.595147520303726196e-02 -1.369447112083435059e-01 -8.155289966478797281e-02
1.562263965606689453e-01 -8.205479979515075684e-01 -5.498133301734924316e-01 -1.938834139828188752e+00
0.000000000000000000e+00 0.000000000000000000e+00 0.000000000000000000e+00 1.000000000000000000e+00
-1.282519996166229248e-01 -4.199007749557495117e-01 8.984624147415161133e-01 3.359605942465368145e+00
-9.848740696907043457e-01 -5.250447615981101990e-02 -1.651252359151840210e-01 -2.272468279674656755e-01
1.165093854069709778e-01 -9.060497879981994629e-01 -4.068156182765960693e-01 -1.363685454894099092e+00
0.000000000000000000e+00 0.000000000000000000e+00 0.000000000000000000e+00 1.000000000000000000e+00
-1.949823051691055298e-01 -3.169656693935394287e-01 9.281780719757080078e-01 3.484700622230286982e+00
-9.741193056106567383e-01 -4.773717373609542847e-02 -2.209350764751434326e-01 -4.348341507073135159e-01
1.143374145030975342e-01 -9.472345709800720215e-01 -2.994545102119445801e-01 -9.755121400873555393e-01
0.000000000000000000e+00 0.000000000000000000e+00 0.000000000000000000e+00 1.000000000000000000e+00
-2.772130370140075684e-01 -2.141450941562652588e-01 9.366399645805358887e-01 3.554868414162442036e+00
-9.577588438987731934e-01 -1.601585745811462402e-02 -2.871252596378326416e-01 -6.874143915205706001e-01
7.648754119873046875e-02 -9.766705632209777832e-01 -2.006597518920898438e-01 -5.883904183639824259e-01
0.000000000000000000e+00 0.000000000000000000e+00 0.000000000000000000e+00 1.000000000000000000e+00
-1.563314199447631836e-01 8.824940323829650879e-01 4.435819983482360840e-01 1.659362876103788187e+00
-9.496213793754577637e-01 -1.078741904348134995e-02 -3.132136166095733643e-01 -7.621873735187181254e-01
-2.716239094734191895e-01 -4.702002108097076416e-01 8.397214412689208984e-01 3.402823540125611945e+00
0.000000000000000000e+00 0.000000000000000000e+00 0.000000000000000000e+00 1.000000000000000000e+00
-1.563972532749176025e-01 8.933607935905456543e-01 4.212452769279479980e-01 1.564522847333049027e+00
-9.699043631553649902e-01 -5.832972750067710876e-02 -2.363961488008499146e-01 -4.826088612437240966e-01
-1.866157948970794678e-01 -4.455392956733703613e-01 8.755964636802673340e-01 3.478661644676447562e+00
0.000000000000000000e+00 0.000000000000000000e+00 0.000000000000000000e+00 1.000000000000000000e+00
-7.896512001752853394e-02 8.965547680854797363e-01 4.358364045619964600e-01 1.537477869040926981e+00
-9.901853203773498535e-01 -1.996962353587150574e-02 -1.383243352174758911e-01 -9.403014439864053331e-02
-1.153119131922721863e-01 -4.424816966056823730e-01 8.893322348594665527e-01 3.472959619671084575e+00
0.000000000000000000e+00 0.000000000000000000e+00 0.000000000000000000e+00 1.000000000000000000e+00
2.149234712123870850e-02 8.883514404296875000e-01 4.586601257324218750e-01 1.521270598897373594e+00
-9.993889927864074707e-01 3.173498436808586121e-02 -1.463584881275892258e-02 3.930833689483308468e-01
-2.755741775035858154e-02 -4.580654799938201904e-01 8.884910345077514648e-01 3.398860525889929374e+00
0.000000000000000000e+00 0.000000000000000000e+00 0.000000000000000000e+00 1.000000000000000000e+00
4.542571678757667542e-02 8.869192600250244141e-01 4.596846699714660645e-01 1.493617914760465348e+00
-9.939914941787719727e-01 -5.741838365793228149e-03 1.093039140105247498e-01 8.537415050266636829e-01
9.958322346210479736e-02 -4.618880748748779297e-01 8.813298344612121582e-01 3.275285972486614128e+00
0.000000000000000000e+00 0.000000000000000000e+00 0.000000000000000000e+00 1.000000000000000000e+00
1.570490933954715729e-02 8.914856910705566406e-01 4.527765810489654541e-01 1.517288281469797884e+00
-9.816234707832336426e-01 -7.238355278968811035e-02 1.765667498111724854e-01 1.004125606720972286e+00
1.901804059743881226e-01 -4.472289979457855225e-01 8.739666342735290527e-01 3.211797774349280044e+00
0.000000000000000000e+00 0.000000000000000000e+00 0.000000000000000000e+00 1.000000000000000000e+00
-4.633571207523345947e-02 8.938539624214172363e-01 4.459564387798309326e-01 1.569898441575500625e+00
-9.944025874137878418e-01 -8.371213078498840332e-02 6.446782499551773071e-02 5.879603369448017647e-01
9.495677798986434937e-02 -4.404734671115875244e-01 8.927296996116638184e-01 3.460834112863343304e+00
0.000000000000000000e+00 0.000000000000000000e+00 0.000000000000000000e+00 1.000000000000000000e+00
-4.512529447674751282e-02 8.832480311393737793e-01 4.667304158210754395e-01 1.622831757795490049e+00
-9.928400516510009766e-01 1.207480579614639282e-02 -1.188428178429603577e-01 -8.211954852525416015e-02
-1.106033995747566223e-01 -4.687508642673492432e-01 8.763783574104309082e-01 3.612189406399787917e+00
0.000000000000000000e+00 0.000000000000000000e+00 0.000000000000000000e+00 1.000000000000000000e+00
1.218045949935913086e-01 8.587497472763061523e-01 4.977071583271026611e-01 1.589297115328784038e+00
-9.877486824989318848e-01 1.541575789451599121e-01 -2.425232715904712677e-02 2.625085647098590047e-01
-9.755201637744903564e-02 -4.886555373668670654e-01 8.670059442520141602e-01 3.598034996244110051e+00
0.000000000000000000e+00 0.000000000000000000e+00 0.000000000000000000e+00 1.000000000000000000e+00
2.256657034158706665e-01 8.108640313148498535e-01 5.399762988090515137e-01 1.578230009426554226e+00
-9.480404853820800781e-01 3.103794753551483154e-01 -6.988341361284255981e-02 8.189485662022806534e-02
-2.242635488510131836e-01 -4.961492717266082764e-01 8.387740254402160645e-01 3.551969307589974534e+00
0.000000000000000000e+00 0.000000000000000000e+00 0.000000000000000000e+00 1.000000000000000000e+00
3.430794477462768555e-01 7.488912940025329590e-01 5.669730901718139648e-01 1.498168469899402666e+00
-9.112097024917602539e-01 4.118779301643371582e-01 7.347214967012405396e-03 3.407922285586516553e-01
-2.280213683843612671e-01 -5.191519856452941895e-01 8.237038850784301758e-01 3.425319686778072636e+00
0.000000000000000000e+00 0.000000000000000000e+00 0.000000000000000000e+00 1.000000000000000000e+00
3.610993027687072754e-01 7.406994700431823730e-01 5.665434598922729492e-01 1.471067133180949282e+00
-9.216467738151550293e-01 3.760073184967041016e-01 9.583998471498489380e-02 6.831373098240371977e-01
-1.420359611511230469e-01 -5.567607879638671875e-01 8.184393644332885742e-01 3.313954746947176844e+00
0.000000000000000000e+00 0.000000000000000000e+00 0.000000000000000000e+00 1.000000000000000000e+00
3.721601963043212891e-01 7.356484532356262207e-01 5.659664273262023926e-01 1.465280139661269798e+00
-9.262927174568176270e-01 3.331177830696105957e-01 1.761086136102676392e-01 9.846059433185000431e-01
-5.897952988743782043e-02 -5.897913575172424316e-01 8.053991198539733887e-01 3.184839488070750679e+00
0.000000000000000000e+00 0.000000000000000000e+00 0.000000000000000000e+00 1.000000000000000000e+00
5.351613163948059082e-01 6.217450499534606934e-01 5.718702077865600586e-01 1.425386818964970548e+00
-8.424841165542602539e-01 4.423763751983642578e-01 3.074465394020080566e-01 1.393369817802979638e+00
-6.182855740189552307e-02 -6.463249921798706055e-01 7.605530023574829102e-01 3.017558371822555596e+00
0.000000000000000000e+00 0.000000000000000000e+00 0.000000000000000000e+00 1.000000000000000000e+00
6.784408092498779297e-01 4.221016466617584229e-01 6.012885570526123047e-01 1.483299841643669792e+00
-7.150784730911254883e-01 5.671010613441467285e-01 4.087285697460174561e-01 1.733330739432122680e+00
-1.684664636850357056e-01 -7.072666287422180176e-01 6.865803599357604980e-01 2.930809827453695782e+00
0.000000000000000000e+00 0.000000000000000000e+00 0.000000000000000000e+00 1.000000000000000000e+00
7.042095065116882324e-01 3.483065068721771240e-01 6.186851859092712402e-01 1.501723014806626955e+00
-6.541981101036071777e-01 6.569268703460693359e-01 3.747954368591308594e-01 1.593612168308690569e+00
-2.758874595165252686e-01 -6.686773300170898438e-01 6.904754638671875000e-01 3.064200743334505983e+00
0.000000000000000000e+00 0.000000000000000000e+00 0.000000000000000000e+00 1.000000000000000000e+00
7.542551755905151367e-01 2.628242671489715576e-01 6.016829609870910645e-01 1.490580591986027326e+00
-5.737431049346923828e-01 7.093996405601501465e-01 4.093536436557769775e-01 1.621626270243816670e+00
-3.192457258701324463e-01 -6.539686322212219238e-01 6.858618259429931641e-01 3.039941456922497842e+00
0.000000000000000000e+00 0.000000000000000000e+00 0.000000000000000000e+00 1.000000000000000000e+00
7.573047280311584473e-01 2.704216539859771729e-01 5.944423675537109375e-01 1.532967643785052791e+00
-5.450345277786254883e-01 7.631489634513854980e-01 3.471915125846862793e-01 1.312660931947689402e+00
-3.597594201564788818e-01 -5.869213342666625977e-01 7.253251671791076660e-01 3.212825669317602717e+00
0.000000000000000000e+00 0.000000000000000000e+00 0.000000000000000000e+00 1.000000000000000000e+00
7.415493726730346680e-01 3.571999073028564453e-01 5.679019689559936523e-01 1.538068684592806656e+00
-5.862410068511962891e-01 7.566039562225341797e-01 2.896062433719635010e-01 1.056265854749020683e+00
-3.262295424938201904e-01 -5.476848483085632324e-01 7.704645395278930664e-01 3.355526583588562151e+00
0.000000000000000000e+00 0.000000000000000000e+00 0.000000000000000000e+00 1.000000000000000000e+00
8.138101100921630859e-01 1.892117112874984741e-01 5.494650602340698242e-01 1.524378585142135867e+00
-5.290540456771850586e-01 6.324377059936523438e-01 5.657954812049865723e-01 2.067399361735811070e+00
-2.404472678899765015e-01 -7.511467337608337402e-01 6.147871613502502441e-01 2.855838987738641421e+00
0.000000000000000000e+00 0.000000000000000000e+00 0.000000000000000000e+00 1.000000000000000000e+00
8.468778729438781738e-01 1.068654283881187439e-01 5.209389925003051758e-01 1.409427301842369973e+00
-4.801566898822784424e-01 5.747197866439819336e-01 6.626812815666198730e-01 2.438095445957336960e+00
-2.285763174295425415e-01 -8.113423585891723633e-01 5.380296111106872559e-01 2.559447266062065740e+00
0.000000000000000000e+00 0.000000000000000000e+00 0.000000000000000000e+00 1.000000000000000000e+00
8.711717128753662109e-01 1.910399459302425385e-02 4.906067848205566406e-01 1.295880067227956678e+00
-4.312329590320587158e-01 5.074960589408874512e-01 7.459798455238342285e-01 2.758127545455839158e+00
-2.347298413515090942e-01 -8.614422678947448730e-01 4.503546357154846191e-01 2.230737175357994762e+00
0.000000000000000000e+00 0.000000000000000000e+00 0.000000000000000000e+00 1.000000000000000000e+00
8.821837306022644043e-01 -1.238969564437866211e-01 4.543140530586242676e-01 1.172936314559728910e+00
-3.712013065814971924e-01 4.106850326061248779e-01 8.327946662902832031e-01 3.093022930362318679e+00
-2.897607684135437012e-01 -9.033199548721313477e-01 3.163088858127593994e-01 1.754268906456825539e+00
0.000000000000000000e+00 0.000000000000000000e+00 0.000000000000000000e+00 1.000000000000000000e+00
9.635524749755859375e-01 1.607737094163894653e-01 2.138179242610931396e-01 1.846278086591678080e-01
-2.535408735275268555e-01 2.938429117202758789e-01 9.216146469116210938e-01 3.362752290586087600e+00
8.534253388643264771e-02 -9.422357678413391113e-01 3.238958418369293213e-01 1.515874141873699621e+00
0.000000000000000000e+00 0.000000000000000000e+00 0.000000000000000000e+00 1.000000000000000000e+00
9.804238080978393555e-01 4.024048522114753723e-02 1.927427649497985840e-01 1.109062258507219761e-01
-1.968647837638854980e-01 2.184809595346450806e-01 9.557771086692810059e-01 3.460380251785999839e+00
-3.649677615612745285e-03 -9.750110507011413574e-01 2.221259474754333496e-01 1.165354374278876337e+00
0.000000000000000000e+00 0.000000000000000000e+00 0.000000000000000000e+00 1.000000000000000000e+00
9.850000143051147461e-01 -5.045864731073379517e-02 1.650126576423645020e-01 2.264104116684119428e-02
-1.589462161064147949e-01 1.069156825542449951e-01 9.814809560775756836e-01 3.530793125315229375e+00
-6.716669350862503052e-02 -9.929867982864379883e-01 9.729170799255371094e-02 7.096275143295920351e-01
0.000000000000000000e+00 0.000000000000000000e+00 0.000000000000000000e+00 1.000000000000000000e+00
9.780782461166381836e-01 1.591632813215255737e-01 1.342759877443313599e-01 -1.389795715972254597e-01
-1.438713967800140381e-01 5.032825469970703125e-02 9.883159399032592773e-01 3.533713767188669141e+00
1.505456864833831787e-01 -9.859685897827148438e-01 7.212403416633605957e-02 4.609830995509354157e-01
0.000000000000000000e+00 0.000000000000000000e+00 0.000000000000000000e+00 1.000000000000000000e+00
9.868681430816650391e-01 1.263059824705123901e-01 1.006892025470733643e-01 -2.597195072847237607e-01
-9.716992080211639404e-02 -3.373744338750839233e-02 9.946958422660827637e-01 3.516225764732975545e+00
1.290330588817596436e-01 -9.914175271987915039e-01 -2.102125622332096100e-02 8.365248565472602205e-02
0.000000000000000000e+00 0.000000000000000000e+00 0.000000000000000000e+00 1.000000000000000000e+00
9.611817598342895508e-01 2.589920759201049805e-01 9.514754265546798706e-02 -2.693101129007784977e-01
-6.383820623159408569e-02 -1.267394423484802246e-01 9.898798465728759766e-01 3.450781050217305079e+00
2.684299051761627197e-01 -9.575281143188476562e-01 -1.052860021591186523e-01 -3.628759240091253280e-01
0.000000000000000000e+00 0.000000000000000000e+00 0.000000000000000000e+00 1.000000000000000000e+00
9.846475720405578613e-01 7.858608849346637726e-03 1.743769645690917969e-01 -2.475950440912652248e-02
-1.706642955541610718e-01 -1.663738638162612915e-01 9.711815118789672852e-01 3.477276749290103552e+00
3.664387390017509460e-02 -9.860312342643737793e-01 -1.624784171581268311e-01 -3.087390451570872218e-01
0.000000000000000000e+00 0.000000000000000000e+00 0.000000000000000000e+00 1.000000000000000000e+00
9.326817989349365234e-01 -2.980360686779022217e-01 2.031732797622680664e-01 1.646395258034981102e-01
-2.629387676715850830e-01 -1.761876195669174194e-01 9.485889077186584473e-01 3.504701069772915734e+00
-2.469172179698944092e-01 -9.381536245346069336e-01 -2.426922321319580078e-01 -3.770011208520716028e-01
0.000000000000000000e+00 0.000000000000000000e+00 0.000000000000000000e+00 1.000000000000000000e+00
5.579349398612976074e-01 -8.297128677368164062e-01 1.688033528625965118e-02 -5.830241967235817724e-02
-3.778192996978759766e-01 -2.358465641736984253e-01 8.953374028205871582e-01 3.493316322954083120e+00
-7.388917803764343262e-01 -5.059177279472351074e-01 -4.450686275959014893e-01 -8.420028198062706748e-01
0.000000000000000000e+00 0.000000000000000000e+00 0.000000000000000000e+00 1.000000000000000000e+00
9.180560708045959473e-01 -2.338307201862335205e-01 3.201496005058288574e-01 6.068836555806490507e-01
-3.862934708595275879e-01 -3.459900319576263428e-01 8.550248742103576660e-01 3.409624232201627247e+00
-8.916264027357101440e-02 -9.086328744888305664e-01 -4.079656600952148438e-01 -1.026241876307766088e+00
0.000000000000000000e+00 0.000000000000000000e+00 0.000000000000000000e+00 1.000000000000000000e+00
8.813187479972839355e-01 -1.759605854749679565e-01 4.385373890399932861e-01 1.050841299110063520e+00
-4.702968597412109375e-01 -4.166083931922912598e-01 7.779834270477294922e-01 3.253962258673827268e+00
4.580382257699966431e-02 -8.918939828872680664e-01 -4.499184787273406982e-01 -1.309086462798631167e+00
0.000000000000000000e+00 0.000000000000000000e+00 0.000000000000000000e+00 1.000000000000000000e+00
8.715056180953979492e-01 -1.525683999061584473e-01 4.660483002662658691e-01 1.155242698640385202e+00
-4.744850993156433105e-01 -5.023972988128662109e-01 7.228144407272338867e-01 3.060074794699301659e+00
1.238626465201377869e-01 -8.510698080062866211e-01 -5.102335810661315918e-01 -1.616548392676134149e+00
0.000000000000000000e+00 0.000000000000000000e+00 0.000000000000000000e+00 1.000000000000000000e+00
8.610564470291137695e-01 -1.417230814695358276e-01 4.883606433868408203e-01 1.243016035678870423e+00
-4.723933935165405273e-01 -5.784066915512084961e-01 6.650490760803222656e-01 2.875636243156586502e+00
1.882181763648986816e-01 -8.033430576324462891e-01 -5.649897456169128418e-01 -1.836054639291730295e+00
0.000000000000000000e+00 0.000000000000000000e+00 0.000000000000000000e+00 1.000000000000000000e+00
8.423267602920532227e-01 -9.876144677400588989e-02 5.298413634300231934e-01 1.366528026058459577e+00
-4.458515346050262451e-01 -6.800284385681152344e-01 5.820459127426147461e-01 2.587948709874577702e+00
3.028234839439392090e-01 -7.265034317970275879e-01 -6.168391704559326172e-01 -2.105607685539544693e+00
0.000000000000000000e+00 0.000000000000000000e+00 0.000000000000000000e+00 1.000000000000000000e+00
8.243015408515930176e-01 -1.145718917250633240e-01 5.544367432594299316e-01 1.479845604394320002e+00
-4.466953873634338379e-01 -7.332924008369445801e-01 5.125862956047058105e-01 2.351688154445163548e+00
3.478363454341888428e-01 -6.701900959014892578e-01 -6.556332111358642578e-01 -2.295616069693138250e+00
0.000000000000000000e+00 0.000000000000000000e+00 0.000000000000000000e+00 1.000000000000000000e+00
7.963353395462036133e-01 -1.570014953613281250e-01 5.841233134269714355e-01 1.629695248963080711e+00
-4.555754065513610840e-01 -7.909369468688964844e-01 4.084965288639068604e-01 1.997888740077669034e+00
3.978700339794158936e-01 -5.914127826690673828e-01 -7.013772130012512207e-01 -2.521335358849489339e+00
0.000000000000000000e+00 0.000000000000000000e+00 0.000000000000000000e+00 1.000000000000000000e+00
7.635690569877624512e-01 -2.116864174604415894e-01 6.100416779518127441e-01 1.771865325456972284e+00
-4.634669721126556396e-01 -8.374910354614257812e-01 2.894943654537200928e-01 1.583605014461320515e+00
4.496222436428070068e-01 -5.037831664085388184e-01 -7.375917434692382812e-01 -2.723886164285735934e+00
0.000000000000000000e+00 0.000000000000000000e+00 0.000000000000000000e+00 1.000000000000000000e+00
7.417470812797546387e-01 -2.837987840175628662e-01 6.076754331588745117e-01 1.810311940860833468e+00
-4.668119549751281738e-01 -8.690266013145446777e-01 1.639485657215118408e-01 1.140731796676488052e+00
4.815578758716583252e-01 -4.052786827087402344e-01 -7.770786881446838379e-01 -2.923227814069707886e+00
0.000000000000000000e+00 0.000000000000000000e+00 0.000000000000000000e+00 1.000000000000000000e+00
7.165738940238952637e-01 -3.559956550598144531e-01 5.998238325119018555e-01 1.816037750156208164e+00
-4.425424635410308838e-01 -8.967403769493103027e-01 -3.536862786859273911e-03 5.297828433021705141e-01
5.391455888748168945e-01 -2.629131376743316650e-01 -8.001241683959960938e-01 -3.080047979111110834e+00
0.000000000000000000e+00 0.000000000000000000e+00 0.000000000000000000e+00 1.000000000000000000e+00
7.115072011947631836e-01 -4.000837504863739014e-01 5.776593089103698730e-01 1.725182451712031106e+00
-3.747607767581939697e-01 -9.114619493484497070e-01 -1.696784198284149170e-01 -1.355003619069208576e-01
5.944003462791442871e-01 -9.575680643320083618e-02 -7.984477281570434570e-01 -3.083848295015120478e+00
0.000000000000000000e+00 0.000000000000000000e+00 0.000000000000000000e+00 1.000000000000000000e+00
7.038317322731018066e-01 -4.242656230926513672e-01 5.697541832923889160e-01 1.685044566468439919e+00
-3.018061220645904541e-01 -9.046636819839477539e-01 -3.008259534835815430e-01 -6.795741071381964371e-01
6.430659890174865723e-01 3.977543488144874573e-02 -7.647770047187805176e-01 -2.993854401509186136e+00
0.000000000000000000e+00 0.000000000000000000e+00 0.000000000000000000e+00 1.000000000000000000e+00
6.969349980354309082e-01 -4.528034329414367676e-01 5.561026930809020996e-01 1.632300318119049187e+00
-2.442311495542526245e-01 -8.789613842964172363e-01 -4.096069037914276123e-01 -1.116295208081687695e+00
6.742643117904663086e-01 1.496518850326538086e-01 -7.231679558753967285e-01 -2.859980561131185706e+00
0.000000000000000000e+00 0.000000000000000000e+00 0.000000000000000000e+00 1.000000000000000000e+00
6.889937520027160645e-01 -4.793177247047424316e-01 5.436380505561828613e-01 1.586559853778331419e+00
-1.624221801757812500e-01 -8.331224918365478516e-01 -5.287021994590759277e-01 -1.626147313262895855e+00
7.063332796096801758e-01 2.759734690189361572e-01 -6.518681049346923828e-01 -2.626141349834897554e+00
0.000000000000000000e+00 0.000000000000000000e+00 0.000000000000000000e+00 1.000000000000000000e+00
6.766469478607177734e-01 -5.106235146522521973e-01 5.304829478263854980e-01 1.547792322809242727e+00
-1.003581061959266663e-01 -7.776986956596374512e-01 -6.205743551254272461e-01 -2.028266753337788941e+00
7.294357419013977051e-01 3.666714727878570557e-01 -5.774724483489990234e-01 -2.371393679419379730e+00
0.000000000000000000e+00 0.000000000000000000e+00 0.000000000000000000e+00 1.000000000000000000e+00
6.874683499336242676e-01 -5.214785337448120117e-01 5.054176449775695801e-01 1.446626706995013167e+00
-3.633047267794609070e-02 -7.197872996330261230e-01 -6.932432651519775391e-01 -2.361651318778755559e+00
7.253047823905944824e-01 4.582208395004272461e-01 -5.137766003608703613e-01 -2.150123775994453812e+00
0.000000000000000000e+00 0.000000000000000000e+00 0.000000000000000000e+00 1.000000000000000000e+00
6.972694396972656250e-01 -5.267218351364135742e-01 4.861884415149688721e-01 1.367947844762188891e+00
2.087349817156791687e-02 -6.630602478981018066e-01 -7.482749819755554199e-01 -2.622080676908177477e+00
7.165050506591796875e-01 5.318977832794189453e-01 -4.513372182846069336e-01 -1.939596615907977384e+00
0.000000000000000000e+00 0.000000000000000000e+00 0.000000000000000000e+00 1.000000000000000000e+00
7.490324974060058594e-01 -5.038958191871643066e-01 4.301625192165374756e-01 1.126556001112723804e+00
6.017463654279708862e-02 -5.948441624641418457e-01 -8.015856742858886719e-01 -2.872495470143341390e+00
6.597948074340820312e-01 6.262984871864318848e-01 -4.152356088161468506e-01 -1.806693622672257638e+00
0.000000000000000000e+00 0.000000000000000000e+00 0.000000000000000000e+00 1.000000000000000000e+00
8.087334632873535156e-01 -4.623527228832244873e-01 3.635660707950592041e-01 8.365806948914938923e-01
1.036754772067070007e-01 -4.963892698287963867e-01 -8.618864417076110840e-01 -3.177251850857073290e+00
5.789661407470703125e-01 7.347298860549926758e-01 -3.535120785236358643e-01 -1.568192345833862911e+00
0.000000000000000000e+00 0.000000000000000000e+00 0.000000000000000000e+00 1.000000000000000000e+00
8.408719301223754883e-01 -4.456970095634460449e-01 3.070652484893798828e-01 6.143959149632813865e-01
1.267009228467941284e-01 -3.894794285297393799e-01 -9.122786521911621094e-01 -3.424015238525691007e+00
5.261952877044677734e-01 8.060148954391479492e-01 -2.710322141647338867e-01 -1.249991205791426196e+00
0.000000000000000000e+00 0.000000000000000000e+00 0.000000000000000000e+00 1.000000000000000000e+00
8.725088238716125488e-01 -4.034744203090667725e-01 2.755653858184814453e-01 4.720063939240482509e-01
1.599828600883483887e-01 -2.969865798950195312e-01 -9.413842558860778809e-01 -3.575926877628491152e+00
4.616637229919433594e-01 8.654517531394958496e-01 -1.945743262767791748e-01 -9.496402615775757505e-01
0.000000000000000000e+00 0.000000000000000000e+00 0.000000000000000000e+00 1.000000000000000000e+00
9.109678864479064941e-01 -3.245637416839599609e-01 2.545507550239562988e-01 3.575974743027603431e-01
1.940573006868362427e-01 -2.073280811309814453e-01 -9.588308930397033691e-01 -3.691114538853986549e+00
3.639772534370422363e-01 9.228613972663879395e-01 -1.258853226900100708e-01 -6.526540619131585563e-01
0.000000000000000000e+00 0.000000000000000000e+00 0.000000000000000000e+00 1.000000000000000000e+00
9.663721919059753418e-01 -1.303748190402984619e-01 2.216475158929824829e-01 1.770154031967180464e-01
2.082788646221160889e-01 -1.086810454726219177e-01 -9.720126986503601074e-01 -3.774951748245498173e+00
1.508148610591888428e-01 9.854900836944580078e-01 -7.787200808525085449e-02 -3.316523648093510079e-01
0.000000000000000000e+00 0.000000000000000000e+00 0.000000000000000000e+00 1.000000000000000000e+00
9.819778800010681152e-01 -2.982080727815628052e-02 1.866284608840942383e-01 -3.637895645694746625e-04
1.859535127878189087e-01 -2.402147464454174042e-02 -9.822649359703063965e-01 -3.843967553261444348e+00
3.377503901720046997e-02 9.992666840553283691e-01 -1.804332435131072998e-02 -3.215936167695978599e-03
0.000000000000000000e+00 0.000000000000000000e+00 0.000000000000000000e+00 1.000000000000000000e+00
9.847106337547302246e-01 -3.013670817017555237e-02 1.715714335441589355e-01 -5.933631995847127305e-02
1.733103692531585693e-01 7.018247246742248535e-02 -9.823635816574096680e-01 -3.889213545659822024e+00
1.756391860544681549e-02 9.970790147781372070e-01 7.433236390352249146e-02 4.221008697050159242e-01
0.000000000000000000e+00 0.000000000000000000e+00 0.000000000000000000e+00 1.000000000000000000e+00
9.828484058380126953e-01 2.707824483513832092e-02 1.824164241552352905e-01 1.011092337999801825e-02
1.780578047037124634e-01 1.181441247463226318e-01 -9.769018888473510742e-01 -3.896443969823314646e+00
-4.800422117114067078e-02 9.926271438598632812e-01 1.112962812185287476e-01 6.688766665684221513e-01
0.000000000000000000e+00 0.000000000000000000e+00 0.000000000000000000e+00 1.000000000000000000e+00
9.534229636192321777e-01 2.629044055938720703e-01 1.478712260723114014e-01 -7.152910248327168374e-02
1.325802057981491089e-01 7.508325576782226562e-02 -9.883244037628173828e-01 -3.908774228345067492e+00
-2.709374725818634033e-01 9.618959426879882812e-01 3.673023730516433716e-02 5.059301509998569424e-01
0.000000000000000000e+00 0.000000000000000000e+00 0.000000000000000000e+00 1.000000000000000000e+00
9.546996951103210449e-01 -2.891489565372467041e-01 7.029470056295394897e-02 -3.702404279763257255e-01
5.504579469561576843e-02 -6.054589897394180298e-02 -9.966464042663574219e-01 -3.865658136352211560e+00
2.924353480339050293e-01 9.553674459457397461e-01 -4.188672825694084167e-02 -1.919093415399378832e-01
0.000000000000000000e+00 0.000000000000000000e+00 0.000000000000000000e+00 1.000000000000000000e+00
8.537142276763916016e-01 -5.165588259696960449e-01 6.586878001689910889e-02 -2.996108244131143183e-01
-4.205348715186119080e-02 -1.944667547941207886e-01 -9.800072908401489258e-01 -3.711845822247624049e+00
5.190407633781433105e-01 8.338759541511535645e-01 -1.877422630786895752e-01 -8.911858016012600414e-01
0.000000000000000000e+00 0.000000000000000000e+00 0.000000000000000000e+00 1.000000000000000000e+00
7.756955027580261230e-01 -6.266229748725891113e-01 7.509940862655639648e-02 -1.700099049843974142e-01
-1.603671461343765259e-01 -3.107975423336029053e-01 -9.368493556976318359e-01 -3.431431800611012495e+00
6.103925108909606934e-01 7.146666049957275391e-01 -3.415741026401519775e-01 -1.520969672115617621e+00
0.000000000000000000e+00 0.000000000000000000e+00 0.000000000000000000e+00 1.000000000000000000e+00
9.436874985694885254e-01 -2.367906570434570312e-01 -2.310492545366287231e-01 -1.350702757281362354e+00
-3.111175894737243652e-01 -3.976570069789886475e-01 -8.631773591041564941e-01 -3.015900950918409151e+00
1.125140041112899780e-01 8.864530920982360840e-01 -4.489336311817169189e-01 -1.647514848871381998e+00
0.000000000000000000e+00 0.000000000000000000e+00 0.000000000000000000e+00 1.000000000000000000e+00
8.825076818466186523e-01 -3.892905712127685547e-01 -2.638814151287078857e-01 -1.377390626523456563e+00
-4.433019161224365234e-01 -5.011979937553405762e-01 -7.431584000587463379e-01 -2.450570093436200025e+00
1.570476740598678589e-01 7.728217840194702148e-01 -6.148840188980102539e-01 -2.266039615664141582e+00
0.000000000000000000e+00 0.000000000000000000e+00 0.000000000000000000e+00 1.000000000000000000e+00
8.086952567100524902e-01 -5.110360383987426758e-01 -2.912971675395965576e-01 -1.364012135741921705e+00
-5.745705962181091309e-01 -5.801696777343750000e-01 -5.772968530654907227e-01 -1.743188597959939079e+00
1.260178238153457642e-01 6.342279911041259766e-01 -7.628070116043090820e-01 -2.745723417164907421e+00
0.000000000000000000e+00 0.000000000000000000e+00 0.000000000000000000e+00 1.000000000000000000e+00
7.343919873237609863e-01 -5.980899930000305176e-01 -3.208684027194976807e-01 -1.348442387980632651e+00
-6.761180162429809570e-01 -6.032581329345703125e-01 -4.230175316333770752e-01 -1.114696921027908516e+00
5.943628400564193726e-02 5.276057124137878418e-01 -8.474073410034179688e-01 -2.986635007741060832e+00
0.000000000000000000e+00 0.000000000000000000e+00 0.000000000000000000e+00 1.000000000000000000e+00
6.591492891311645508e-01 -7.106269598007202148e-01 -2.460314035415649414e-01 -9.508364478102386830e-01
-7.506120204925537109e-01 -6.017609834671020508e-01 -2.728824317455291748e-01 -5.352831786099832012e-01
4.586569964885711670e-02 3.645444214344024658e-01 -9.300557374954223633e-01 -3.223852277618690643e+00
0.000000000000000000e+00 0.000000000000000000e+00 0.000000000000000000e+00 1.000000000000000000e+00
6.850900650024414062e-01 -6.984458565711975098e-01 -2.069422155618667603e-01 -8.196464405051291369e-01
-7.284576296806335449e-01 -6.572952270507812500e-01 -1.931628435850143433e-01 -2.141871845520268713e-01
-1.108216354623436928e-03 2.830826044082641602e-01 -9.590948820114135742e-01 -3.262481756295755986e+00
0.000000000000000000e+00 0.000000000000000000e+00 0.000000000000000000e+00 1.000000000000000000e+00
6.897093653678894043e-01 -6.953412890434265137e-01 -2.019938528537750244e-01 -8.066927922951763197e-01
-7.160834074020385742e-01 -6.963695883750915527e-01 -4.789760336279869080e-02 3.048209459027433899e-01
-1.073571741580963135e-01 1.776798516511917114e-01 -9.782147407531738281e-01 -3.214444729169508630e+00
0.000000000000000000e+00 0.000000000000000000e+00 0.000000000000000000e+00 1.000000000000000000e+00
6.720647215843200684e-01 -7.164140939712524414e-01 -1.872962862253189087e-01 -7.349064621927468011e-01
-7.249267101287841797e-01 -6.881319284439086914e-01 3.091186285018920898e-02 5.519952157988058383e-01
-1.510302275419235229e-01 1.150012910366058350e-01 -9.818170070648193359e-01 -3.164690752064315937e+00
0.000000000000000000e+00 0.000000000000000000e+00 0.000000000000000000e+00 1.000000000000000000e+00
6.585716009140014648e-01 -7.342399358749389648e-01 -1.648493111133575439e-01 -6.389684782081075376e-01
-7.321229577064514160e-01 -6.758153438568115234e-01 8.526156097650527954e-02 7.172824157343713480e-01
-1.740101277828216553e-01 6.453912705183029175e-02 -9.826268553733825684e-01 -3.122678389007935262e+00
0.000000000000000000e+00 0.000000000000000000e+00 0.000000000000000000e+00 1.000000000000000000e+00
5.807057619094848633e-01 -7.933580279350280762e-01 -1.826574057340621948e-01 -6.154044944915982862e-01
-7.589611411094665527e-01 -6.087392568588256836e-01 2.311157584190368652e-01 1.198901879272231685e+00
-2.945482730865478516e-01 4.419672768563032150e-03 -9.556263685226440430e-01 -2.954992595129689370e+00
0.000000000000000000e+00 0.000000000000000000e+00 0.000000000000000000e+00 1.000000000000000000e+00
5.763023495674133301e-01 -7.958478331565856934e-01 -1.857451349496841431e-01 -6.155397891847795844e-01
-6.774810552597045898e-01 -5.923575162887573242e-01 4.360410571098327637e-01 1.857752909779470274e+00
-4.570499956607818604e-01 -1.254526227712631226e-01 -8.805490732192993164e-01 -2.570889237688716022e+00
0.000000000000000000e+00 0.000000000000000000e+00 0.000000000000000000e+00 1.000000000000000000e+00
5.938244462013244629e-01 -7.820720672607421875e-01 -1.890380680561065674e-01 -6.537221059746363139e-01
-6.125460863113403320e-01 -5.917676687240600586e-01 5.240214467048645020e-01 2.127897116279019674e+00
-5.216892361640930176e-01 -1.953821480274200439e-01 -8.304613828659057617e-01 -2.338321624158404610e+00
0.000000000000000000e+00 0.000000000000000000e+00 0.000000000000000000e+00 1.000000000000000000e+00
6.572553515434265137e-01 -7.306869029998779297e-01 -1.846951991319656372e-01 -6.970984463581977320e-01
-5.000173449516296387e-01 -6.061175465583801270e-01 6.185498237609863281e-01 2.394964704220633234e+00
-5.639134645462036133e-01 -3.141943812370300293e-01 -7.637299895286560059e-01 -2.031183022745115974e+00
0.000000000000000000e+00 0.000000000000000000e+00 0.000000000000000000e+00 1.000000000000000000e+00
7.384085655212402344e-01 -6.562880277633666992e-01 -1.550441831350326538e-01 -6.700233930037062802e-01
