-0.7206354141235352 -0.6515932083129883 0.236876517534256 -0.03920980542898178 
-0.6890226602554321 0.6351243257522583 -0.3490913212299347 0.1419702768325806 
0.07701956480741501 -0.4147809445858002 -0.9066556096076965 0.2777308821678162 
0 0 0 1 

-0.7682908177375793 -0.6251127123832703 0.1377057582139969 -0.004835166037082672 
-0.6317474246025085 0.7058686017990112 -0.3203819692134857 0.1320067793130875 
0.1030727103352547 -0.3331418335437775 -0.9372256398200989 0.2873186767101288 
0 0 0 1 

-0.8067725300788879 -0.588037371635437 0.05770372599363327 0.02249044179916382 
-0.5849311947822571 0.7810549736022949 -0.2186515629291534 0.09830015897750854 
0.08350551873445511 -0.2101548314094543 -0.9740950465202332 0.3003717958927155 
0 0 0 1 

-0.8414343595504761 -0.5401561260223389 0.01482477597892284 0.03688723966479301 
-0.5351607203483582 0.8292286396026611 -0.1611920446157455 0.07984403520822525 
0.07477572560310364 -0.1435661464929581 -0.986811637878418 0.3049079179763794 
0 0 0 1 

-0.8840157389640808 -0.4656956493854523 -0.04053782299160957 0.05515032261610031 
-0.4617560803890228 0.8834476470947266 -0.07938238233327866 0.05404948443174362 
0.07278107851743698 -0.05145670101046562 -0.9960193037986755 0.3082095384597778 
0 0 0 1 

-0.9233938455581665 -0.3810282647609711 -0.04649408906698227 0.05822256207466125 
-0.3784920871257782 0.9239656329154968 -0.05505712702870369 0.0451844222843647 
0.06393726170063019 -0.03324175626039505 -0.9974003434181213 0.3083193004131317 
0 0 0 1 

-0.9590653777122498 -0.2820821404457092 -0.02497542649507523 0.05291372910141945 
-0.2798770666122437 0.9576085805892944 -0.06822482496500015 0.04851334542036057 
0.04316168650984764 -0.05844200402498245 -0.9973574876785278 0.3081493377685547 
0 0 0 1 

-0.9817222356796265 -0.1899618208408356 -0.01166353840380907 0.05029607564210892 
-0.1883703768253326 0.9785898923873901 -0.08293624967336655 0.05136745795607567 
0.02716854214668274 -0.07922329008579254 -0.9964865446090698 0.3080355823040009 
0 0 0 1 

-0.9947659969329834 -0.0996963158249855 -0.02238616347312927 0.05623910576105118 
-0.09825164079666138 0.9934502840042114 -0.05833668261766434 0.03787173330783844 
0.02805549278855324 -0.05583187565207481 -0.9980457425117493 0.3092133700847626 
0 0 0 1 

-0.9999647736549377 0.003553840331733227 0.007596302777528763 0.04729004204273224 
0.003405162366107106 0.9998041391372681 -0.01949654333293438 0.01500525511801243 
-0.007664102595299482 -0.01946999132633209 -0.99978107213974 0.3132268190383911 
0 0 0 1 

