1.000000000000000000e+00 0.000000000000000000e+00 0.000000000000000000e+00 -4.255350477121360719e-01
0.000000000000000000e+00 -1.000000000000000000e+00 0.000000000000000000e+00 3.076616963927396031e-01
0.000000000000000000e+00 0.000000000000000000e+00 -1.000000000000000000e+00 -5.117628744684824760e+00
0.000000000000000000e+00 0.000000000000000000e+00 0.000000000000000000e+00 1.000000000000000000e+00
9.944494366645812988e-01 -5.691746622323989868e-02 8.849117904901504517e-02 7.553835185108825900e-02
-5.871757864952087402e-02 -9.981144070625305176e-01 1.787191815674304962e-02 3.572017515673633348e-01
8.730708807706832886e-02 -2.296875044703483582e-02 -9.959163665771484375e-01 -5.080156347431874053e+00
0.000000000000000000e+00 0.000000000000000000e+00 0.000000000000000000e+00 1.000000000000000000e+00
9.688759446144104004e-01 -7.098020613193511963e-02 2.371535003185272217e-01 8.786689176249722344e-01
-7.775719463825225830e-02 -9.967847466468811035e-01 1.933398842811584473e-02 3.759686788532153323e-01
2.350185513496398926e-01 -3.717258200049400330e-02 -9.712797403335571289e-01 -4.937920997138009582e+00
0.000000000000000000e+00 0.000000000000000000e+00 0.000000000000000000e+00 1.000000000000000000e+00
9.986477494239807129e-01 -5.168231949210166931e-02 -5.624059587717056274e-03 -4.121939733128962002e-01
-5.170478671789169312e-02 -9.986548423767089844e-01 -3.926469944417476654e-03 2.574379223466863320e-01
-5.413555540144443512e-03 4.212002269923686981e-03 -9.999764561653137207e-01 -4.934547640129291146e+00
0.000000000000000000e+00 0.000000000000000000e+00 0.000000000000000000e+00 1.000000000000000000e+00
9.919822216033935547e-01 -6.574518978595733643e-02 1.079295650124549866e-01 2.154716568153648149e-01
-6.181924417614936829e-02 -9.973123669624328613e-01 -3.932972997426986694e-02 1.208082830813230479e-01
1.102252081036567688e-01 3.234218433499336243e-02 -9.933802485466003418e-01 -4.913261086780425835e+00
0.000000000000000000e+00 0.000000000000000000e+00 0.000000000000000000e+00 1.000000000000000000e+00
-1.117517724633216858e-01 -8.933990448713302612e-02 9.897119998931884766e-01 5.267135358696355851e+00
-3.884770721197128296e-02 -9.947962760925292969e-01 -9.418530017137527466e-02 -1.127743315106044669e-01
9.929764270782470703e-01 -4.897341132164001465e-02 1.076995804905891418e-01 5.701136180791955832e-01
0.000000000000000000e+00 0.000000000000000000e+00 0.000000000000000000e+00 1.000000000000000000e+00
-6.971997022628784180e-02 -1.057447344064712524e-01 9.919465184211730957e-01 5.205289554292537701e+00
-2.463595569133758545e-02 -9.938800334930419922e-01 -1.076824367046356201e-01 -1.256161830005652347e-01
9.972621798515319824e-01 -3.194516897201538086e-02 6.668815761804580688e-02 4.387904884325498633e-01
0.000000000000000000e+00 0.000000000000000000e+00 0.000000000000000000e+00 1.000000000000000000e+00
-8.302222937345504761e-02 -1.032950878143310547e-01 9.911795854568481445e-01 5.135468881543323150e+00
-2.454063296318054199e-02 -9.940996170043945312e-01 -1.056549698114395142e-01 -6.508291273210418948e-02
9.962451457977294922e-01 -3.309591487050056458e-02 7.999750226736068726e-02 5.994879347351069754e-01
0.000000000000000000e+00 0.000000000000000000e+00 0.000000000000000000e+00 1.000000000000000000e+00
-5.781067907810211182e-02 -9.927368909120559692e-02 9.933791756629943848e-01 5.071411208892640410e+00
-3.044170700013637543e-02 -9.944055676460266113e-01 -1.011478081345558167e-01 -1.379342277267656472e-02
9.978628158569335938e-01 -3.608759492635726929e-02 5.446532368659973145e-02 5.852490824982700124e-01
0.000000000000000000e+00 0.000000000000000000e+00 0.000000000000000000e+00 1.000000000000000000e+00
-5.072803422808647156e-02 -9.447129815816879272e-02 9.942340254783630371e-01 5.017652572567600444e+00
-5.826431140303611755e-02 -9.935407638549804688e-01 -9.737825393676757812e-02 2.829840466796076925e-02
9.970113039016723633e-01 -6.286818534135818481e-02 4.489602893590927124e-02 6.552037312103207167e-01
0.000000000000000000e+00 0.000000000000000000e+00 0.000000000000000000e+00 1.000000000000000000e+00
-4.220610484480857849e-02 -8.272150903940200806e-02 9.956784844398498535e-01 4.967114121176774866e+00
-7.517550140619277954e-02 -9.934782981872558594e-01 -8.572534471750259399e-02 1.212140303512224682e-01
9.962768554687500000e-01 -7.846887409687042236e-02 3.571213036775588989e-02 7.271699538567848453e-01
0.000000000000000000e+00 0.000000000000000000e+00 0.000000000000000000e+00 1.000000000000000000e+00
-5.944937467575073242e-02 -6.973247230052947998e-02 9.957929253578186035e-01 4.919097056732590012e+00
-1.067282855510711670e-01 -9.913950562477111816e-01 -7.579628378152847290e-02 2.152934172042600680e-01
9.925094246864318848e-01 -1.107852980494499207e-01 5.149537697434425354e-02 9.157334579844669253e-01
0.000000000000000000e+00 0.000000000000000000e+00 0.000000000000000000e+00 1.000000000000000000e+00
-2.802950330078601837e-02 -8.497026562690734863e-02 9.959891438484191895e-01 4.927538980859572426e+00
-1.045128703117370605e-01 -9.906705617904663086e-01 -8.745778352022171021e-02 2.092683430592102711e-01
9.941282272338867188e-01 -1.065450906753540039e-01 1.888753846287727356e-02 8.301745529893052034e-01
0.000000000000000000e+00 0.000000000000000000e+00 0.000000000000000000e+00 1.000000000000000000e+00
-4.762029647827148438e-02 -8.420872688293457031e-02 9.953095912933349609e-01 4.921261306717950923e+00
-1.323863416910171509e-01 -9.871174693107604980e-01 -8.984959125518798828e-02 2.405940783926192039e-01
9.900538325309753418e-01 -1.360440701246261597e-01 3.585873544216156006e-02 9.981052132143332090e-01
0.000000000000000000e+00 0.000000000000000000e+00 0.000000000000000000e+00 1.000000000000000000e+00
-1.451518293470144272e-02 -9.082589298486709595e-02 9.957610368728637695e-01 4.946064468678892823e+00
-1.497484147548675537e-01 -9.844368696212768555e-01 -9.197588264942169189e-02 2.663760684404265500e-01
9.886178374290466309e-01 -1.504486650228500366e-01 6.882925517857074738e-04 9.137431138583075318e-01
0.000000000000000000e+00 0.000000000000000000e+00 0.000000000000000000e+00 1.000000000000000000e+00
-4.114658513572067022e-04 -9.946819394826889038e-02 9.950406551361083984e-01 4.963488784200929871e+00
-1.722898483276367188e-01 -9.801542758941650391e-01 -9.805134683847427368e-02 2.674685107230995174e-01
9.850462675094604492e-01 -1.714756935834884644e-01 -1.673398725688457489e-02 9.412316481539455548e-01
0.000000000000000000e+00 0.000000000000000000e+00 0.000000000000000000e+00 1.000000000000000000e+00
2.088921144604682922e-02 -1.029543429613113403e-01 9.944666028022766113e-01 4.988912967655654285e+00
-1.876869946718215942e-01 -9.774030447006225586e-01 -9.724534302949905396e-02 3.113893630284622072e-01
9.820067286491394043e-01 -1.846170574426651001e-01 -3.974035382270812988e-02 9.484436322681625287e-01
0.000000000000000000e+00 0.000000000000000000e+00 0.000000000000000000e+00 1.000000000000000000e+00
6.111389771103858948e-02 -1.015641540288925171e-01 9.929500222206115723e-01 5.014899443414972957e+00
-2.138271778821945190e-01 -9.730457067489624023e-01 -8.636766672134399414e-02 3.760709837119155519e-01
9.749580025672912598e-01 -2.070414274930953979e-01 -8.118370920419692993e-02 8.636164612247803074e-01
0.000000000000000000e+00 0.000000000000000000e+00 0.000000000000000000e+00 1.000000000000000000e+00
1.292292624711990356e-01 -1.248767077922821045e-01 9.837203621864318848e-01 5.099257177763694138e+00
-2.316226214170455933e-01 -9.683977961540222168e-01 -9.250378608703613281e-02 3.490043174517903357e-01
9.641842246055603027e-01 -2.158976793289184570e-01 -1.540697813034057617e-01 7.324837054194395236e-01
0.000000000000000000e+00 0.000000000000000000e+00 0.000000000000000000e+00 1.000000000000000000e+00
1.702885329723358154e-01 -1.805212646722793579e-01 9.687171578407287598e-01 5.314531798465603529e+00
-2.413434088230133057e-01 -9.607750177383422852e-01 -1.366160809993743896e-01 1.346903455733694799e-01
9.553816914558410645e-01 -2.105294317007064819e-01 -2.071766853332519531e-01 7.591668958673895018e-01
0.000000000000000000e+00 0.000000000000000000e+00 0.000000000000000000e+00 1.000000000000000000e+00
6.426870822906494141e-02 -1.691182851791381836e-01 9.834977984428405762e-01 5.344504319531660386e+00
-2.733093798160552979e-01 -9.508365392684936523e-01 -1.456420570611953735e-01 1.061463723524357083e-01
9.597763419151306152e-01 -2.594390809535980225e-01 -1.073307767510414124e-01 1.337870933493590098e+00
0.000000000000000000e+00 0.000000000000000000e+00 0.000000000000000000e+00 1.000000000000000000e+00
7.075388729572296143e-02 -2.078916579484939575e-01 9.755892157554626465e-01 5.245351194514773496e+00
-1.967526525259017944e-01 -9.617345333099365234e-01 -1.906699240207672119e-01 -1.463112654590758566e-01
9.778965115547180176e-01 -1.784592717885971069e-01 -1.089497506618499756e-01 1.166719889924925146e+00
0.000000000000000000e+00 0.000000000000000000e+00 0.000000000000000000e+00 1.000000000000000000e+00
8.302792906761169434e-02 -2.178384512662887573e-01 9.724470376968383789e-01 5.186423992722310139e+00
-1.684212088584899902e-01 -9.648464322090148926e-01 -2.017560005187988281e-01 -2.380534265117212889e-01
9.822121262550354004e-01 -1.470292508602142334e-01 -1.167977154254913330e-01 1.061064888118500749e+00
0.000000000000000000e+00 0.000000000000000000e+00 0.000000000000000000e+00 1.000000000000000000e+00
1.688902378082275391e-01 -2.684414684772491455e-01 9.483757019042968750e-01 4.923570792400898455e+00
-6.695792824029922485e-02 -9.630992412567138672e-01 -2.606849074363708496e-01 -6.368291101139822441e-01
9.833577275276184082e-01 -1.947421766817569733e-02 -1.806320548057556152e-01 5.108604296048525617e-01
0.000000000000000000e+00 0.000000000000000000e+00 0.000000000000000000e+00 1.000000000000000000e+00
2.002633363008499146e-01 -3.130727410316467285e-01 9.283749461174011230e-01 4.638026696835098051e+00
-2.883698418736457825e-02 -9.490435719490051270e-01 -3.138222694396972656e-01 -1.016123939724320024e+00
9.793176651000976562e-01 3.607558086514472961e-02 -1.990867555141448975e-01 3.233868132385230854e-01
0.000000000000000000e+00 0.000000000000000000e+00 0.000000000000000000e+00 1.000000000000000000e+00
2.458869963884353638e-01 -3.743915259838104248e-01 8.940750360488891602e-01 4.377743692178369450e+00
5.094357766211032867e-03 -9.218822717666625977e-01 -3.874367475509643555e-01 -1.407371151381606955e+00
9.692850708961486816e-01 9.982039779424667358e-02 -2.247715592384338379e-01 1.555426843230720835e-01
0.000000000000000000e+00 0.000000000000000000e+00 0.000000000000000000e+00 1.000000000000000000e+00
2.832753956317901611e-01 -4.046311080455780029e-01 8.694988489151000977e-01 4.176519633170932444e+00
5.209237337112426758e-02 -8.988057971000671387e-01 -4.352406859397888184e-01 -1.643575585289947183e+00
9.576224088668823242e-01 1.685871630907058716e-01 -2.335314750671386719e-01 6.416980040827305332e-02
0.000000000000000000e+00 0.000000000000000000e+00 0.000000000000000000e+00 1.000000000000000000e+00
3.692494034767150879e-01 -4.427148997783660889e-01 8.171035647392272949e-01 3.860608181787437143e+00
1.217323541641235352e-01 -8.486220836639404297e-01 -5.148027539253234863e-01 -2.036716019660866905e+00
9.213230609893798828e-01 2.895586192607879639e-01 -2.594605386257171631e-01 -1.298429441167495146e-01
0.000000000000000000e+00 0.000000000000000000e+00 0.000000000000000000e+00 1.000000000000000000e+00
3.912176191806793213e-01 -4.822012484073638916e-01 7.838565111160278320e-01 3.654261985117543521e+00
1.369804292917251587e-01 -8.117434382438659668e-01 -5.677224397659301758e-01 -2.306577636028565692e+00
9.100469946861267090e-01 3.294759392738342285e-01 -2.515162527561187744e-01 -1.396853783572768737e-01
0.000000000000000000e+00 0.000000000000000000e+00 0.000000000000000000e+00 1.000000000000000000e+00
3.848473131656646729e-01 -5.401952266693115234e-01 7.483859062194824219e-01 3.409286267440150286e+00
1.576194465160369873e-01 -7.604607343673706055e-01 -6.299645304679870605e-01 -2.577322769556587456e+00
9.094219803810119629e-01 3.604003489017486572e-01 -2.075160294771194458e-01 1.615258715702118028e-02
0.000000000000000000e+00 0.000000000000000000e+00 0.000000000000000000e+00 1.000000000000000000e+00
4.290728271007537842e-01 -5.441658496856689453e-01 7.209578156471252441e-01 3.225021452267394118e+00
1.635898649692535400e-01 -7.381502389907836914e-01 -6.545015573501586914e-01 -2.680578803030320589e+00
8.883326649665832520e-01 3.987703025341033936e-01 -2.277002334594726562e-01 -1.096613576453802363e-01
0.000000000000000000e+00 0.000000000000000000e+00 0.000000000000000000e+00 1.000000000000000000e+00
4.283459484577178955e-01 -5.638742446899414062e-01 7.060915827751159668e-01 3.072882892446639591e+00
1.775485724210739136e-01 -7.136552333831787109e-01 -6.776230931282043457e-01 -2.777451608549430961e+00
8.860000371932983398e-01 4.156225919723510742e-01 -2.055761367082595825e-01 -5.448343826522435152e-02
0.000000000000000000e+00 0.000000000000000000e+00 0.000000000000000000e+00 1.000000000000000000e+00
4.157927334308624268e-01 -6.056228280067443848e-01 6.784816384315490723e-01 2.871358441572880782e+00
1.765660792589187622e-01 -6.780777573585510254e-01 -7.134668827056884766e-01 -2.916935218556627962e+00
8.921551704406738281e-01 4.164512455463409424e-01 -1.750073730945587158e-01 1.496205621588538211e-02
0.000000000000000000e+00 0.000000000000000000e+00 0.000000000000000000e+00 1.000000000000000000e+00
2.997691035270690918e-01 -7.044296264648437500e-01 6.433639526367187500e-01 2.569604891381665368e+00
1.395050585269927979e-01 -6.347610950469970703e-01 -7.600111961364746094e-01 -3.064498853903377285e+00
9.437566995620727539e-01 3.175802826881408691e-01 -9.201027452945709229e-02 2.268916800559672986e-01
0.000000000000000000e+00 0.000000000000000000e+00 0.000000000000000000e+00 1.000000000000000000e+00
2.031938284635543823e-01 -7.544801831245422363e-01 6.240769028663635254e-01 2.437113824666920170e+00
1.256687343120574951e-01 -6.120066046714782715e-01 -7.808043360710144043e-01 -3.124134774154559757e+00
9.710404872894287109e-01 2.370815128087997437e-01 -2.954143658280372620e-02 3.970473779533074121e-01
0.000000000000000000e+00 0.000000000000000000e+00 0.000000000000000000e+00 1.000000000000000000e+00
2.776193022727966309e-01 -7.806941270828247070e-01 5.598610043525695801e-01 2.141753819720320529e+00
1.141888946294784546e-01 -5.518220663070678711e-01 -8.261072039604187012e-01 -3.251831872392380696e+00
9.538806080818176270e-01 2.932732403278350830e-01 -6.404992192983627319e-02 1.197581312298409140e-01
0.000000000000000000e+00 0.000000000000000000e+00 0.000000000000000000e+00 1.000000000000000000e+00
3.820483088493347168e-01 -7.728669047355651855e-01 5.066715478897094727e-01 1.894926545308109889e+00
1.037443354725837708e-01 -5.089274048805236816e-01 -8.545350432395935059e-01 -3.297773375863255918e+00
9.183005094528198242e-01 3.790380656719207764e-01 -1.142541617155075073e-01 -1.785912464891563356e-01
0.000000000000000000e+00 0.000000000000000000e+00 0.000000000000000000e+00 1.000000000000000000e+00
5.235602855682373047e-01 -7.410814762115478516e-01 4.203362464904785156e-01 1.498321783208055757e+00
3.184780851006507874e-02 -4.759910106658935547e-01 -8.788732290267944336e-01 -3.287723343363395223e+00
8.513932824134826660e-01 4.735297560691833496e-01 -2.256082296371459961e-01 -6.576585733318355276e-01
0.000000000000000000e+00 0.000000000000000000e+00 0.000000000000000000e+00 1.000000000000000000e+00
6.187556982040405273e-01 -7.127139568328857422e-01 3.304238617420196533e-01 1.201103475606258852e+00
-3.274767845869064331e-02 -4.436445832252502441e-01 -8.956041932106018066e-01 -3.242049494204057414e+00
7.849004864692687988e-01 5.433395504951477051e-01 -2.978474795818328857e-01 -9.252793040745650455e-01
0.000000000000000000e+00 0.000000000000000000e+00 0.000000000000000000e+00 1.000000000000000000e+00
6.155795454978942871e-01 -7.573990821838378906e-01 2.177359163761138916e-01 8.666324099826994143e-01
-1.118824556469917297e-01 -3.574813604354858398e-01 -9.271946549415588379e-01 -3.389153216508446587e+00
7.800925374031066895e-01 5.464009046554565430e-01 -3.047979772090911865e-01 -8.948043111449289766e-01
0.000000000000000000e+00 0.000000000000000000e+00 0.000000000000000000e+00 1.000000000000000000e+00
6.078239083290100098e-01 -7.892993092536926270e-01 8.692661672830581665e-02 4.002462105968156436e-01
-1.854868978261947632e-01 -2.475691586732864380e-01 -9.509490132331848145e-01 -3.599099353748048902e+00
7.721039652824401855e-01 5.618861913681030273e-01 -2.968831062316894531e-01 -8.168136839852174758e-01
0.000000000000000000e+00 0.000000000000000000e+00 0.000000000000000000e+00 1.000000000000000000e+00
6.174301505088806152e-01 -7.862202525138854980e-01 -2.526243776082992554e-02 -8.108644343162019208e-02
-2.016494274139404297e-01 -1.271530985832214355e-01 -9.711686968803405762e-01 -3.793411622098167957e+00
7.603405117988586426e-01 6.047227978706359863e-01 -2.370489537715911865e-01 -5.841661358018096495e-01
0.000000000000000000e+00 0.000000000000000000e+00 0.000000000000000000e+00 1.000000000000000000e+00
6.405864953994750977e-01 -7.550379633903503418e-01 -1.398836076259613037e-01 -6.299647581635573479e-01
-2.352405190467834473e-01 -1.955037564039230347e-02 -9.717404246330261230e-01 -3.878822116844975021e+00
7.309659719467163086e-01 6.553900241851806641e-01 -1.901392042636871338e-01 -4.205919760773147997e-01
0.000000000000000000e+00 0.000000000000000000e+00 0.000000000000000000e+00 1.000000000000000000e+00
6.438678503036499023e-01 -7.223305702209472656e-01 -2.523354291915893555e-01 -1.200134760088177766e+00
-2.477884888648986816e-01 1.151684448122978210e-01 -9.619441628456115723e-01 -3.930909352191221728e+00
7.239028811454772949e-01 6.818909049034118652e-01 -1.048319116234779358e-01 -1.063475358641305241e-01
0.000000000000000000e+00 0.000000000000000000e+00 0.000000000000000000e+00 1.000000000000000000e+00
6.188483238220214844e-01 -7.770047783851623535e-01 -1.152839437127113342e-01 -5.148525712129981002e-01
-3.095593154430389404e-01 -1.063530966639518738e-01 -9.449136853218078613e-01 -3.628826243948513497e+00
7.219417095184326172e-01 6.204453110694885254e-01 -3.063454627990722656e-01 -1.060613875434084363e+00
0.000000000000000000e+00 0.000000000000000000e+00 0.000000000000000000e+00 1.000000000000000000e+00
5.996173620223999023e-01 -7.995480298995971680e-01 -3.438072279095649719e-02 -1.417674016141302895e-01
-3.850513398647308350e-01 -2.505734264850616455e-01 -8.882278203964233398e-01 -3.265108637337411857e+00
7.015657424926757812e-01 5.458351373672485352e-01 -4.581152796745300293e-01 -1.626545901687196594e+00
0.000000000000000000e+00 0.000000000000000000e+00 0.000000000000000000e+00 1.000000000000000000e+00
5.915048718452453613e-01 -8.029597997665405273e-01 7.333081215620040894e-02 3.066680431478753799e-01
-4.531641006469726562e-01 -4.062888622283935547e-01 -7.934556603431701660e-01 -2.715163549541893762e+00
6.669063568115234375e-01 4.361020028591156006e-01 -6.041944026947021484e-01 -2.123242066965191022e+00
0.000000000000000000e+00 0.000000000000000000e+00 0.000000000000000000e+00 1.000000000000000000e+00
6.137409210205078125e-01 -7.790549397468566895e-01 1.280440092086791992e-01 5.142932365603553047e-01
-5.154570341110229492e-01 -5.182430744171142578e-01 -6.824423074722290039e-01 -2.151192304410924017e+00
5.980180501937866211e-01 3.528417050838470459e-01 -7.196367979049682617e-01 -2.461650369177446951e+00
0.000000000000000000e+00 0.000000000000000000e+00 0.000000000000000000e+00 1.000000000000000000e+00
5.980106592178344727e-01 -7.809955477714538574e-01 1.800814568996429443e-01 6.966257919655161057e-01
-5.755897760391235352e-01 -5.748360753059387207e-01 -5.816016793251037598e-01 -1.709839669928363781e+00
5.577453374862670898e-01 2.441507577896118164e-01 -7.932909727096557617e-01 -2.661054616957736485e+00
0.000000000000000000e+00 0.000000000000000000e+00 0.000000000000000000e+00 1.000000000000000000e+00
5.919411182403564453e-01 -7.882720828056335449e-01 1.680234372615814209e-01 6.046225489134677833e-01
-6.631990075111389160e-01 -5.948418378829956055e-01 -4.542356431484222412e-01 -1.235781821397681446e+00
4.580089747905731201e-01 1.574478000402450562e-01 -8.748930692672729492e-01 -2.884496563145289461e+00
0.000000000000000000e+00 0.000000000000000000e+00 0.000000000000000000e+00 1.000000000000000000e+00
5.776260495185852051e-01 -7.925991415977478027e-01 1.952824443578720093e-01 6.425366055418684219e-01
-7.148897051811218262e-01 -6.066605448722839355e-01 -3.477003276348114014e-01 -8.309839405870032003e-01
3.940569162368774414e-01 6.123521924018859863e-02 -9.170435667037963867e-01 -2.972429436885852816e+00
0.000000000000000000e+00 0.000000000000000000e+00 0.000000000000000000e+00 1.000000000000000000e+00
5.723392963409423828e-01 -7.822808623313903809e-01 2.458936423063278198e-01 7.606174934830731704e-01
-7.530744671821594238e-01 -6.200951337814331055e-01 -2.199105173349380493e-01 -3.300592240850898640e-01
3.245092630386352539e-01 -5.931279808282852173e-02 -9.440210461616516113e-01 -3.000822618945357068e+00
0.000000000000000000e+00 0.000000000000000000e+00 0.000000000000000000e+00 1.000000000000000000e+00
5.587038993835449219e-01 -7.884850502014160156e-01 2.571793794631958008e-01 7.783060903564583688e-01
-7.835928797721862793e-01 -6.034412980079650879e-01 -1.477876603603363037e-01 -6.849714828224175156e-02
2.717210948467254639e-01 -1.189543455839157104e-01 -9.549961090087890625e-01 -3.009980205860861791e+00
0.000000000000000000e+00 0.000000000000000000e+00 0.000000000000000000e+00 1.000000000000000000e+00
5.382034778594970703e-01 -8.017577528953552246e-01 2.598485052585601807e-01 7.470109720771259676e-01
-8.283002376556396484e-01 -5.601398944854736328e-01 -1.270969118922948837e-02 4.010812107068665311e-01
1.557415574789047241e-01 -2.083923220634460449e-01 -9.655657410621643066e-01 -3.014397791662480675e+00
0.000000000000000000e+00 0.000000000000000000e+00 0.000000000000000000e+00 1.000000000000000000e+00
5.241608023643493652e-01 -8.087481260299682617e-01 2.668003439903259277e-01 7.340738840641569674e-01
-8.507169485092163086e-01 -5.116683244705200195e-01 1.203202158212661743e-01 8.686316517853472918e-01
3.920450806617736816e-02 -2.900384962558746338e-01 -9.562116265296936035e-01 -2.955796576551897648e+00
0.000000000000000000e+00 0.000000000000000000e+00 0.000000000000000000e+00 1.000000000000000000e+00
5.327826142311096191e-01 -7.961633205413818359e-01 2.868212759494781494e-01 7.591890448426620308e-01
-8.440519571304321289e-01 -4.755198657512664795e-01 2.479050159454345703e-01 1.301238696519124272e+00
-6.098370999097824097e-02 -3.741713762283325195e-01 -9.253520965576171875e-01 -2.799290033285257717e+00
0.000000000000000000e+00 0.000000000000000000e+00 0.000000000000000000e+00 1.000000000000000000e+00
5.006049275398254395e-01 -8.113019466400146484e-01 3.019668459892272949e-01 7.935230018436469912e-01
-8.447186946868896484e-01 -3.815140128135681152e-01 3.753632307052612305e-01 1.737637940553433458e+00
-1.893284320831298828e-01 -4.429855048656463623e-01 -8.763094544410705566e-01 -2.552405220140396391e+00
0.000000000000000000e+00 0.000000000000000000e+00 0.000000000000000000e+00 1.000000000000000000e+00
4.803614318370819092e-01 -8.191744685173034668e-01 3.133786022663116455e-01 8.357563324046028974e-01
-8.257492780685424805e-01 -3.019697368144989014e-01 4.763955175876617432e-01 2.080461844473078692e+00
-2.956201136112213135e-01 -4.876139163970947266e-01 -8.214873671531677246e-01 -2.308302503923911786e+00
0.000000000000000000e+00 0.000000000000000000e+00 0.000000000000000000e+00 1.000000000000000000e+00
4.574837684631347656e-01 -8.295024633407592773e-01 3.203641474246978760e-01 9.068337304386797637e-01
-8.061229586601257324e-01 -2.348128259181976318e-01 5.431646108627319336e-01 2.299503664888231214e+00
-3.753310441970825195e-01 -5.067421197891235352e-01 -7.761049866676330566e-01 -2.103669969439896370e+00
0.000000000000000000e+00 0.000000000000000000e+00 0.000000000000000000e+00 1.000000000000000000e+00
4.096812009811401367e-01 -8.614202141761779785e-01 3.001934289932250977e-01 9.223647240423724636e-01
-7.883415222167968750e-01 -1.687457114458084106e-01 5.916439294815063477e-01 2.440030511641213984e+00
-4.589979350566864014e-01 -4.790406823158264160e-01 -7.482256889343261719e-01 -1.924297930636685194e+00
0.000000000000000000e+00 0.000000000000000000e+00 0.000000000000000000e+00 1.000000000000000000e+00
3.737179338932037354e-01 -8.809286952018737793e-01 2.903434634208679199e-01 9.863396599636916617e-01
-7.773482799530029297e-01 -1.266900449991226196e-01 6.161807775497436523e-01 2.475308897495363425e+00
-5.060275197029113770e-01 -4.559759497642517090e-01 -7.321350574493408203e-01 -1.781876670713531396e+00
0.000000000000000000e+00 0.000000000000000000e+00 0.000000000000000000e+00 1.000000000000000000e+00
2.659926414489746094e-01 -9.347069263458251953e-01 2.357342988252639771e-01 9.412325673209640531e-01
-7.698655128479003906e-01 -5.881166085600852966e-02 6.354907751083374023e-01 2.461177781575179413e+00
-5.801333785057067871e-01 -3.505196869373321533e-01 -7.352422475814819336e-01 -1.713386729963932931e+00
0.000000000000000000e+00 0.000000000000000000e+00 0.000000000000000000e+00 1.000000000000000000e+00
8.461854606866836548e-02 -9.767569303512573242e-01 1.969424337148666382e-01 9.680131767955746369e-01
-7.836014032363891602e-01 5.685397610068321228e-02 6.186571121215820312e-01 2.238080670964685215e+00
-6.154741644859313965e-01 -2.066741436719894409e-01 -7.605769634246826172e-01 -1.769931629815231000e+00
0.000000000000000000e+00 0.000000000000000000e+00 0.000000000000000000e+00 1.000000000000000000e+00
-8.876352757215499878e-02 -9.790905117988586426e-01 1.830387562513351440e-01 9.504208084923122524e-01
-7.848632335662841797e-01 1.818975210189819336e-01 5.923709869384765625e-01 2.024413563407383876e+00
-6.132789254188537598e-01 -9.107937663793563843e-02 -7.845977544784545898e-01 -1.858152594037894234e+00
0.000000000000000000e+00 0.000000000000000000e+00 0.000000000000000000e+00 1.000000000000000000e+00
-2.122826129198074341e-01 -9.576636552810668945e-01 1.944625973701477051e-01 9.710411029989658438e-01
-7.461928725242614746e-01 2.873479425907135010e-01 6.005222797393798828e-01 2.077960298468730649e+00
-6.309771537780761719e-01 -1.762608066201210022e-02 -7.756013870239257812e-01 -1.807574460762481294e+00
0.000000000000000000e+00 0.000000000000000000e+00 0.000000000000000000e+00 1.000000000000000000e+00
-2.613842487335205078e-01 -9.520981311798095703e-01 1.587034016847610474e-01 9.505091006855177493e-01
-7.050152420997619629e-01 3.006191551685333252e-01 6.423250436782836914e-01 2.267790101135931380e+00
-6.592659950256347656e-01 5.600535869598388672e-02 -7.498211264610290527e-01 -1.683698628805652131e+00
0.000000000000000000e+00 0.000000000000000000e+00 0.000000000000000000e+00 1.000000000000000000e+00
-3.623465597629547119e-01 -9.240791797637939453e-01 1.215817928314208984e-01 9.916662585364811600e-01
-6.898732781410217285e-01 3.536219894886016846e-01 6.316851377487182617e-01 2.192826060916006181e+00
-6.267213821411132812e-01 1.450130641460418701e-01 -7.656314969062805176e-01 -1.641216195214202811e+00
0.000000000000000000e+00 0.000000000000000000e+00 0.000000000000000000e+00 1.000000000000000000e+00
2.138355523347854614e-01 -9.268531799316406250e-01 3.085741102695465088e-01 9.265140603041849277e-01
-7.325419187545776367e-01 5.683346092700958252e-02 6.783451437950134277e-01 2.451336078969398979e+00
-6.462637782096862793e-01 -3.710979819297790527e-01 -6.668059825897216797e-01 -1.385122704727431264e+00
0.000000000000000000e+00 0.000000000000000000e+00 0.000000000000000000e+00 1.000000000000000000e+00
5.306806564331054688e-01 -7.832229733467102051e-01 3.239442408084869385e-01 7.590981733269583920e-01
-7.680727243423461914e-01 -2.827828526496887207e-01 5.745418667793273926e-01 2.323798105088771049e+00
-3.583884239196777344e-01 -5.537108182907104492e-01 -7.516395449638366699e-01 -2.147330955003571518e+00
0.000000000000000000e+00 0.000000000000000000e+00 0.000000000000000000e+00 1.000000000000000000e+00
5.891466736793518066e-01 -7.326453924179077148e-01 3.407892286777496338e-01 7.903113485146192607e-01
-7.743024826049804688e-01 -3.913167119026184082e-01 4.973198771476745605e-01 2.095088190312905496e+00
-2.310023605823516846e-01 -5.568679571151733398e-01 -7.978319525718688965e-01 -2.510350358855369723e+00
0.000000000000000000e+00 0.000000000000000000e+00 0.000000000000000000e+00 1.000000000000000000e+00
5.995134711265563965e-01 -7.426682710647583008e-01 2.983740270137786865e-01 6.345657053849299567e-01
-7.724395394325256348e-01 -4.392705261707305908e-01 4.586703181266784668e-01 1.977835760917160179e+00
-2.095730453729629517e-01 -5.054548382759094238e-01 -8.370149135589599609e-01 -2.730328076518500069e+00
0.000000000000000000e+00 0.000000000000000000e+00 0.000000000000000000e+00 1.000000000000000000e+00
6.239422559738159180e-01 -7.479900717735290527e-01 2.262891978025436401e-01 3.495152524633881042e-01
-7.606623172760009766e-01 -5.149322152137756348e-01 3.952686786651611328e-01 1.748408794486812301e+00
-1.791335493326187134e-01 -4.187547266483306885e-01 -8.902564644813537598e-01 -3.002485289909541333e+00
0.000000000000000000e+00 0.000000000000000000e+00 0.000000000000000000e+00 1.000000000000000000e+00
6.386522054672241211e-01 -7.540103197097778320e-01 1.535958945751190186e-01 6.883635435734442032e-02
-7.457754015922546387e-01 -5.573310256004333496e-01 3.649673461914062500e-01 1.650295334846097584e+00
-1.895854920148849487e-01 -3.476350903511047363e-01 -9.182631373405456543e-01 -3.164915743316712771e+00
0.000000000000000000e+00 0.000000000000000000e+00 0.000000000000000000e+00 1.000000000000000000e+00
6.508322358131408691e-01 -7.548394799232482910e-01 8.144949376583099365e-02 -2.264005778442391148e-01
-7.319924831390380859e-01 -5.953961014747619629e-01 3.311953544616699219e-01 1.525108909446079686e+00
-2.015047818422317505e-01 -2.751729488372802734e-01 -9.400402307510375977e-01 -3.298888928420772526e+00
0.000000000000000000e+00 0.000000000000000000e+00 0.000000000000000000e+00 1.000000000000000000e+00
6.663517951965332031e-01 -7.450805902481079102e-01 2.880348078906536102e-02 -4.653437655224863523e-01
-7.215505838394165039e-01 -6.346060037612915039e-01 2.768373489379882812e-01 1.315951449662638550e+00
-1.879875063896179199e-01 -2.052543014287948608e-01 -9.604849815368652344e-01 -3.428577263627155869e+00
0.000000000000000000e+00 0.000000000000000000e+00 0.000000000000000000e+00 1.000000000000000000e+00
7.080633640289306641e-01 -7.045629024505615234e-01 -4.729610681533813477e-02 -8.396608499279077931e-01
-6.832643151283264160e-01 -7.004913687705993652e-01 2.060625553131103516e-01 1.034483576486298961e+00
-1.783147007226943970e-01 -1.135895773768424988e-01 -9.773951768875122070e-01 -3.549357412562662351e+00
0.000000000000000000e+00 0.000000000000000000e+00 0.000000000000000000e+00 1.000000000000000000e+00
7.468572854995727539e-01 -6.591152548789978027e-01 -8.815154433250427246e-02 -1.056646454288486581e+00
-6.443507671356201172e-01 -7.500628232955932617e-01 1.490575671195983887e-01 7.830544931232756856e-01
-1.643653213977813721e-01 -5.452417582273483276e-02 -9.848913550376892090e-01 -3.622544696400216147e+00
0.000000000000000000e+00 0.000000000000000000e+00 0.000000000000000000e+00 1.000000000000000000e+00
7.716608643531799316e-01 -6.168587207794189453e-01 -1.549995094537734985e-01 -1.388967356995713720e+00
-6.151592135429382324e-01 -7.857556343078613281e-01 6.455343216657638550e-02 4.155593199065836796e-01
-1.616120934486389160e-01 4.553614556789398193e-02 -9.858030676841735840e-01 -3.658277439832883893e+00
0.000000000000000000e+00 0.000000000000000000e+00 0.000000000000000000e+00 1.000000000000000000e+00
7.959813475608825684e-01 -5.723502039909362793e-01 -1.970499604940414429e-01 -1.620900234437714360e+00
-5.858866572380065918e-01 -8.102867603302001953e-01 -1.312866527587175369e-02 6.937688388228933911e-02
-1.521526873111724854e-01 1.258990764617919922e-01 -9.803054332733154297e-01 -3.682863541885136094e+00
0.000000000000000000e+00 0.000000000000000000e+00 0.000000000000000000e+00 1.000000000000000000e+00
8.265290260314941406e-01 -5.164302587509155273e-01 -2.239404618740081787e-01 -1.788349057379147844e+00
-5.470899343490600586e-01 -8.306232690811157227e-01 -1.037178114056587219e-01 -3.434078876447569373e-01
-1.324470788240432739e-01 2.082413583993911743e-01 -9.690684676170349121e-01 -3.677145779135032821e+00
0.000000000000000000e+00 0.000000000000000000e+00 0.000000000000000000e+00 1.000000000000000000e+00
8.432544469833374023e-01 -4.944930076599121094e-01 -2.107101976871490479e-01 -1.792455338796183684e+00
-5.324035882949829102e-01 -8.223164677619934082e-01 -2.008538842201232910e-01 -7.888176724109989824e-01
-7.394953817129135132e-02 2.815538942813873291e-01 -9.566916227340698242e-01 -3.679272331330035950e+00
0.000000000000000000e+00 0.000000000000000000e+00 0.000000000000000000e+00 1.000000000000000000e+00
8.521852493286132812e-01 -4.939923584461212158e-01 -1.724859178066253662e-01 -1.684994811241062429e+00
-5.232391357421875000e-01 -8.040018081665039062e-01 -2.824920117855072021e-01 -1.176874758161646328e+00
8.700940525159239769e-04 3.309869766235351562e-01 -9.436348676681518555e-01 -3.685485323999782015e+00
0.000000000000000000e+00 0.000000000000000000e+00 0.000000000000000000e+00 1.000000000000000000e+00
8.615936040878295898e-01 -4.916887283325195312e-01 -1.260889470577239990e-01 -1.533060216307083889e+00
-5.011110305786132812e-01 -7.843340039253234863e-01 -3.656603395938873291e-01 -1.577214974467272990e+00
8.089529722929000854e-02 3.782353103160858154e-01 -9.221681356430053711e-01 -3.666616587878787303e+00
0.000000000000000000e+00 0.000000000000000000e+00 0.000000000000000000e+00 1.000000000000000000e+00
8.778582811355590820e-01 -4.724258184432983398e-01 -7.860309630632400513e-02 -1.380170577615813743e+00
-4.546242952346801758e-01 -7.704121470451354980e-01 -4.469689130783081055e-01 -1.994688340466782117e+00
1.506030857563018799e-01 4.281103014945983887e-01 -8.910890221595764160e-01 -3.615852346564662589e+00
0.000000000000000000e+00 0.000000000000000000e+00 0.000000000000000000e+00 1.000000000000000000e+00
8.969233632087707520e-01 -4.412546157836914062e-01 -2.867702953517436981e-02 -1.208197325398511657e+00
-3.845181763172149658e-01 -7.462869286537170410e-01 -5.433239936828613281e-01 -2.488534552793757015e+00
2.183432132005691528e-01 4.983472526073455811e-01 -8.390329480171203613e-01 -3.542251180670868749e+00
0.000000000000000000e+00 0.000000000000000000e+00 0.000000000000000000e+00 1.000000000000000000e+00
9.314376711845397949e-01 -3.636761009693145752e-01 -1.276374701410531998e-02 -1.153491780102520403e+00
-2.943882644176483154e-01 -7.324340939521789551e-01 -6.139016747474670410e-01 -2.845471715785522271e+00
2.139129489660263062e-01 5.755689144134521484e-01 -7.892789244651794434e-01 -3.455154602647970918e+00
0.000000000000000000e+00 0.000000000000000000e+00 0.000000000000000000e+00 1.000000000000000000e+00
9.487475156784057617e-01 -3.108497262001037598e-01 5.700859799981117249e-02 -8.626344785999779941e-01
-1.935278922319412231e-01 -7.140585780143737793e-01 -6.728056669235229492e-01 -3.160652822083198643e+00
2.498490065336227417e-01 6.272899508476257324e-01 -7.376195788383483887e-01 -3.377488424497111730e+00
0.000000000000000000e+00 0.000000000000000000e+00 0.000000000000000000e+00 1.000000000000000000e+00
9.310055375099182129e-01 -3.317107856273651123e-01 1.523037552833557129e-01 -4.149617103592877498e-01
-1.257856637239456177e-01 -6.832772493362426758e-01 -7.192425131797790527e-01 -3.394204323597492579e+00
3.426463305950164795e-01 6.504612565040588379e-01 -6.778594851493835449e-01 -3.269654093589183574e+00
0.000000000000000000e+00 0.000000000000000000e+00 0.000000000000000000e+00 1.000000000000000000e+00
8.848115205764770508e-01 -3.944669663906097412e-01 2.480008155107498169e-01 8.697159564293123479e-02
-7.969001680612564087e-02 -6.525183320045471191e-01 -7.535707354545593262e-01 -3.572773994694359967e+00
4.590840935707092285e-01 6.470049619674682617e-01 -6.087908744812011719e-01 -3.070423454053961443e+00
0.000000000000000000e+00 0.000000000000000000e+00 0.000000000000000000e+00 1.000000000000000000e+00
9.608008861541748047e-01 -2.153970599174499512e-01 1.745435148477554321e-01 -3.687409084238664758e-01
-2.937332540750503540e-02 -7.051244378089904785e-01 -7.084748744964599609e-01 -3.326555837210555922e+00
2.756783664226531982e-01 6.755765676498413086e-01 -6.838111281394958496e-01 -3.130165721755835850e+00
0.000000000000000000e+00 0.000000000000000000e+00 0.000000000000000000e+00 1.000000000000000000e+00
9.427821040153503418e-01 -2.330007255077362061e-01 2.384799122810363770e-01 -1.196382685491578640e-01
-9.438350796699523926e-03 -7.336406111717224121e-01 -6.794718503952026367e-01 -3.140976162792017856e+00
3.332759737968444824e-01 6.383430957794189453e-01 -6.938623785972595215e-01 -3.230168039102879085e+00
0.000000000000000000e+00 0.000000000000000000e+00 0.000000000000000000e+00 1.000000000000000000e+00
9.232783317565917969e-01 -3.008129596710205078e-01 2.388911843299865723e-01 -1.386762944101236628e-01
-4.772703349590301514e-02 -7.069125771522521973e-01 -7.056889533996582031e-01 -3.238423561999943967e+00
3.811554014682769775e-01 6.401452422142028809e-01 -6.670335531234741211e-01 -3.128425671116707107e+00
0.000000000000000000e+00 0.000000000000000000e+00 0.000000000000000000e+00 1.000000000000000000e+00
8.536004424095153809e-01 -3.853021264076232910e-01 3.505830466747283936e-01 4.365488850968602952e-01
2.765196748077869415e-02 -6.385342478752136230e-01 -7.690963149070739746e-01 -3.622444206450428084e+00
5.201936960220336914e-01 6.661953926086425781e-01 -5.343989133834838867e-01 -2.605548985663765027e+00
0.000000000000000000e+00 0.000000000000000000e+00 0.000000000000000000e+00 1.000000000000000000e+00
7.525465488433837891e-01 -4.888500273227691650e-01 4.412473142147064209e-01 9.906159782561816396e-01
8.073197305202484131e-02 -5.965015888214111328e-01 -7.985410690307617188e-01 -3.809111759734911562e+00
6.535716652870178223e-01 6.365623474121093750e-01 -4.094294011592864990e-01 -2.114628320277947449e+00
0.000000000000000000e+00 0.000000000000000000e+00 0.000000000000000000e+00 1.000000000000000000e+00
6.197526454925537109e-01 -5.877104997634887695e-01 5.200990438461303711e-01 1.524909836337709157e+00
1.337933838367462158e-01 -5.738933682441711426e-01 -8.079267740249633789e-01 -3.896131751720556924e+00
7.733082175254821777e-01 5.703004002571105957e-01 -2.770401835441589355e-01 -1.550095576480075232e+00
0.000000000000000000e+00 0.000000000000000000e+00 0.000000000000000000e+00 1.000000000000000000e+00
4.633285105228424072e-01 -6.474187970161437988e-01 6.051244735717773438e-01 2.100322360842151070e+00
2.554343044757843018e-01 -5.562928318977355957e-01 -7.907539606094360352e-01 -3.890542955095360522e+00
8.485749959945678711e-01 5.209481716156005859e-01 -9.237347543239593506e-02 -6.768769068560396285e-01
0.000000000000000000e+00 0.000000000000000000e+00 0.000000000000000000e+00 1.000000000000000000e+00
3.661857843399047852e-01 -6.776991486549377441e-01 6.376770734786987305e-01 2.346192508198129190e+00
3.306157290935516357e-01 -5.458115935325622559e-01 -7.699239850044250488e-01 -3.833468103675406802e+00
8.698283433914184570e-01 4.927613735198974609e-01 2.418958954513072968e-02 -1.221651442798398629e-01
0.000000000000000000e+00 0.000000000000000000e+00 0.000000000000000000e+00 1.000000000000000000e+00
3.086072802543640137e-01 -6.953499317169189453e-01 6.490374207496643066e-01 2.472867599498418834e+00
3.822879195213317871e-01 -5.341384410858154297e-01 -7.540238499641418457e-01 -3.779853512591416553e+00
8.709865808486938477e-01 4.808165729045867920e-01 1.009849607944488525e-01 2.924371009633403573e-01
0.000000000000000000e+00 0.000000000000000000e+00 0.000000000000000000e+00 1.000000000000000000e+00
5.085437893867492676e-01 -4.823750257492065430e-01 7.132302522659301758e-01 2.819328546549861869e+00
