1 0 0 -0.01792658120393753 
0 1 0 0.02243540808558464 
0 0 1 -0.3816788792610168 
0 0 0 1 

0.9986337423324585 0.04091881215572357 -0.03249775618314743 -0.001627679797820747 
-0.0407378152012825 0.9991505146026611 0.006212320178747177 0.01788769662380219 
0.03272436559200287 -0.004879863001406193 0.9994524717330933 -0.3691562712192535 
0 0 0 1 

0.989228367805481 0.05128834396600723 -0.1371009349822998 0.04153512045741081 
-0.04678752273321152 0.9982612133026123 0.03585395589470863 0.00991145521402359 
0.1387014389038086 -0.02905312739312649 0.98990797996521 -0.3661012351512909 
0 0 0 1 

0.6916907429695129 0.7133712768554688 -0.1125386506319046 0.004347128327935934 
-0.7116655111312866 0.6467701196670532 -0.2742631137371063 0.09701786935329437 
-0.1228649020195007 0.269795149564743 0.9550470113754272 -0.2578485608100891 
0 0 0 1 

0.7284945249557495 0.683830738067627 -0.0408782921731472 -0.02188306860625744 
-0.6760523319244385 0.7080033421516418 -0.2041671425104141 0.07609586417675018 
-0.1106738299131393 0.1763705164194107 0.9780821800231934 -0.2692899405956268 
0 0 0 1 

0.7607859373092651 0.6490022540092468 -0.0007894790614955127 -0.03765524178743362 
-0.641996443271637 0.7523941397666931 -0.147456482052803 0.05796439945697784 
-0.09510563313961029 0.1126896515488625 0.9890682101249695 -0.2758344709873199 
0 0 0 1 

0.7884423136711121 0.6120868921279907 0.06089487299323082 -0.06106694787740707 
-0.6091428995132446 0.7907143831253052 -0.06095558032393456 0.02922708727419376 
-0.08546057343482971 0.01096626091748476 0.9962812066078186 -0.2813012599945068 
0 0 0 1 

0.9796094298362732 0.1881641000509262 -0.07042447477579117 -0.003129316959530115 
-0.1922778338193893 0.9796820878982544 -0.05702800303697586 0.00303473649546504 
0.05826297402381897 0.06940623372793198 0.9958856105804443 -0.2355583310127258 
0 0 0 1 

0.9676284790039062 0.2342078685760498 -0.09403000026941299 -0.007657817099243402 
-0.238328218460083 0.9705491662025452 -0.03512611985206604 -0.02801025472581387 
0.08303390443325043 0.05639907717704773 0.9949495196342468 -0.310990959405899 
0 0 0 1 

0.9883522987365723 0.152183324098587 -0.0002226965298177674 -0.03942076861858368 
-0.1520549803972244 0.9874565601348877 -0.04252909123897552 -0.04338635504245758 
-0.00625246437266469 0.04206761717796326 0.9990950226783752 -0.3344519436359406 
0 0 0 1 

