1.000000000000000000e+00 0.000000000000000000e+00 0.000000000000000000e+00 -4.097584310382009209e-01
0.000000000000000000e+00 -1.000000000000000000e+00 0.000000000000000000e+00 -1.932597221741734483e-02
0.000000000000000000e+00 0.000000000000000000e+00 -1.000000000000000000e+00 -2.664692399556274349e+00
0.000000000000000000e+00 0.000000000000000000e+00 0.000000000000000000e+00 1.000000000000000000e+00
9.964687228202819824e-01 -7.945703715085983276e-02 -2.715696208178997040e-02 -4.695121245579043645e-01
-7.903192937374114990e-02 -9.967374205589294434e-01 1.638459227979183197e-02 5.858229755704568581e-02
-2.837021276354789734e-02 -1.418046653270721436e-02 -9.994969367980957031e-01 -2.712039611416023899e+00
0.000000000000000000e+00 0.000000000000000000e+00 0.000000000000000000e+00 1.000000000000000000e+00
9.853724241256713867e-01 -1.646420061588287354e-01 -4.397882893681526184e-02 -5.002015809312158057e-01
-1.622165888547897339e-01 -9.852769970893859863e-01 5.398467183113098145e-02 2.141598210901617116e-01
-5.221955478191375732e-02 -4.606088995933532715e-02 -9.975727200508117676e-01 -2.704025753987747027e+00
0.000000000000000000e+00 0.000000000000000000e+00 0.000000000000000000e+00 1.000000000000000000e+00
9.663319587707519531e-01 -2.533371746540069580e-01 -4.497722163796424866e-02 -4.814380907237752472e-01
-2.494850456714630127e-01 -9.653114676475524902e-01 7.701472193002700806e-02 3.256007840791555474e-01
-6.292773038148880005e-02 -6.320063024759292603e-02 -9.960145950317382812e-01 -2.701967515486352056e+00
0.000000000000000000e+00 0.000000000000000000e+00 0.000000000000000000e+00 1.000000000000000000e+00
9.358473420143127441e-01 -3.470097184181213379e-01 -6.142924726009368896e-02 -5.002221039890708543e-01
-3.377192318439483643e-01 -9.329140186309814453e-01 1.249668225646018982e-01 5.068979589326979562e-01
-1.006729900836944580e-01 -9.620397537946701050e-02 -9.902570843696594238e-01 -2.673436946829261363e+00
0.000000000000000000e+00 0.000000000000000000e+00 0.000000000000000000e+00 1.000000000000000000e+00
8.909676671028137207e-01 -4.515882432460784912e-01 -4.737735539674758911e-02 -4.323199286800681329e-01
-4.420637786388397217e-01 -8.865129351615905762e-01 1.366536468267440796e-01 5.775733684847403904e-01
-1.037118956446647644e-01 -1.008100807666778564e-01 -9.894852042198181152e-01 -2.681615816541199848e+00
0.000000000000000000e+00 0.000000000000000000e+00 0.000000000000000000e+00 1.000000000000000000e+00
8.444805145263671875e-01 -5.346535444259643555e-01 -3.157959133386611938e-02 -3.586607424561665813e-01
-5.227129459381103516e-01 -8.355996012687683105e-01 1.689500957727432251e-01 7.050838512817503290e-01
-1.167177557945251465e-01 -1.261680424213409424e-01 -9.851191043853759766e-01 -2.668775211845675344e+00
0.000000000000000000e+00 0.000000000000000000e+00 0.000000000000000000e+00 1.000000000000000000e+00
7.924270629882812500e-01 -6.098589897155761719e-01 -1.146770548075437546e-02 -2.744065707302328350e-01
-5.996460914611816406e-01 -7.823247909545898438e-01 1.684985160827636719e-01 7.383796325250578940e-01
-1.117318496108055115e-01 -1.266460716724395752e-01 -9.856349229812622070e-01 -2.681241641530086817e+00
0.000000000000000000e+00 0.000000000000000000e+00 0.000000000000000000e+00 1.000000000000000000e+00
7.163569331169128418e-01 -6.976513862609863281e-01 1.073490455746650696e-02 -1.598489313350676677e-01
-6.894125342369079590e-01 -7.053607106208801270e-01 1.648540496826171875e-01 7.567275221877989289e-01
-1.074386835098266602e-01 -1.254951357841491699e-01 -9.862591624259948730e-01 -2.688348759219044037e+00
0.000000000000000000e+00 0.000000000000000000e+00 0.000000000000000000e+00 1.000000000000000000e+00
6.431017518043518066e-01 -7.657080888748168945e-01 1.050831470638513565e-02 -1.119919629353583329e-01
-7.588528394699096680e-01 -6.353824138641357422e-01 1.429367214441299438e-01 7.170357903258814947e-01
-1.027710214257240295e-01 -9.989709407091140747e-02 -9.896762967109680176e-01 -2.713176485343594013e+00
0.000000000000000000e+00 0.000000000000000000e+00 0.000000000000000000e+00 1.000000000000000000e+00
5.496918559074401855e-01 -8.347876667976379395e-01 3.112013824284076691e-02 -6.261225300910495126e-04
-8.329979777336120605e-01 -5.449481010437011719e-01 9.563478082418441772e-02 5.963460681988150824e-01
-6.287588179111480713e-02 -7.849258184432983398e-02 -9.949296116828918457e-01 -2.764775108999964370e+00
0.000000000000000000e+00 0.000000000000000000e+00 0.000000000000000000e+00 1.000000000000000000e+00
4.543517529964447021e-01 -8.881784081459045410e-01 6.857847422361373901e-02 1.688550720702600705e-01
-8.907399177551269531e-01 -4.519166052341461182e-01 4.850775375962257385e-02 4.690325032796116012e-01
-1.209179777652025223e-02 -8.312518894672393799e-02 -9.964658617973327637e-01 -2.808455350562751640e+00
0.000000000000000000e+00 0.000000000000000000e+00 0.000000000000000000e+00 1.000000000000000000e+00
3.538408577442169189e-01 -9.312527179718017578e-01 8.698352426290512085e-02 2.593139505588747951e-01
-9.352418780326843262e-01 -3.533651828765869141e-01 2.132044360041618347e-02 3.661197848815720413e-01
1.088222395628690720e-02 -8.889467269182205200e-02 -9.959816336631774902e-01 -2.818981368242630570e+00
0.000000000000000000e+00 0.000000000000000000e+00 0.000000000000000000e+00 1.000000000000000000e+00
2.713216841220855713e-01 -9.571010470390319824e-01 1.016926914453506470e-01 3.296766163032327501e-01
-9.600702524185180664e-01 -2.766107916831970215e-01 -4.185717925429344177e-02 1.437829271754420546e-01
6.819084286689758301e-02 -8.627534657716751099e-02 -9.939349293708801270e-01 -2.818347257493708735e+00
0.000000000000000000e+00 0.000000000000000000e+00 0.000000000000000000e+00 1.000000000000000000e+00
1.983770281076431274e-01 -9.706388115882873535e-01 1.360429823398590088e-01 4.424366772780298218e-01
-9.716843366622924805e-01 -2.129424810409545898e-01 -1.023967340588569641e-01 -6.352999369110462480e-02
1.283594071865081787e-01 -1.118776127696037292e-01 -9.853965640068054199e-01 -2.802968830101129516e+00
0.000000000000000000e+00 0.000000000000000000e+00 0.000000000000000000e+00 1.000000000000000000e+00
1.141552403569221497e-01 -9.851226806640625000e-01 1.284583508968353271e-01 4.401336797538787371e-01
-9.712057709693908691e-01 -1.378775537014007568e-01 -1.942897140979766846e-01 -3.529850178709881270e-01
2.091107070446014404e-01 -1.025802940130233765e-01 -9.724966287612915039e-01 -2.780713419207844428e+00
0.000000000000000000e+00 0.000000000000000000e+00 0.000000000000000000e+00 1.000000000000000000e+00
1.939066350460052490e-01 -9.743814468383789062e-01 1.139370948076248169e-01 3.867478944224721493e-01
-9.545992016792297363e-01 -2.141802012920379639e-01 -2.070446312427520752e-01 -3.861585920655887239e-01
2.261433750391006470e-01 -6.861695647239685059e-02 -9.716738462448120117e-01 -2.759607299554445170e+00
0.000000000000000000e+00 0.000000000000000000e+00 0.000000000000000000e+00 1.000000000000000000e+00
2.740240395069122314e-01 -9.539540410041809082e-01 1.219950243830680847e-01 3.885794134965031010e-01
-9.396548867225646973e-01 -2.925915420055389404e-01 -1.773095577955245972e-01 -2.792416008785451043e-01
2.048398554325103760e-01 -6.604617089033126831e-02 -9.765645861625671387e-01 -2.748281606961435752e+00
0.000000000000000000e+00 0.000000000000000000e+00 0.000000000000000000e+00 1.000000000000000000e+00
3.258793354034423828e-01 -9.376853704452514648e-01 1.206173524260520935e-01 3.694768961703098764e-01
-9.350482821464538574e-01 -3.385116457939147949e-01 -1.053286641836166382e-01 -4.511580075447791521e-02
1.395955085754394531e-01 -7.845867425203323364e-02 -9.870953559875488281e-01 -2.746288490364629631e+00
0.000000000000000000e+00 0.000000000000000000e+00 0.000000000000000000e+00 1.000000000000000000e+00
3.621231615543365479e-01 -9.189903736114501953e-01 1.559585183858871460e-01 4.596623523402398326e-01
-9.296410083770751953e-01 -3.682849407196044922e-01 -1.157864648848772049e-02 2.615407666483686722e-01
6.807784736156463623e-02 -1.407925784587860107e-01 -9.876961708068847656e-01 -2.709647209243199573e+00
0.000000000000000000e+00 0.000000000000000000e+00 0.000000000000000000e+00 1.000000000000000000e+00
4.009402990341186523e-01 -9.006123542785644531e-01 1.677601039409637451e-01 4.758524235553207582e-01
-9.160977602005004883e-01 -3.948296308517456055e-01 6.981323659420013428e-02 5.178481657982946240e-01
3.362019779160618782e-03 -1.816756576299667358e-01 -9.833524823188781738e-01 -2.663110158026980923e+00
0.000000000000000000e+00 0.000000000000000000e+00 0.000000000000000000e+00 1.000000000000000000e+00
4.545246958732604980e-01 -8.680025339126586914e-01 1.999468803405761719e-01 5.340925156888092218e-01
-8.889979720115661621e-01 -4.280528724193572998e-01 1.626451462507247925e-01 7.777101585687253849e-01
-5.558862537145614624e-02 -2.516785562038421631e-01 -9.662128686904907227e-01 -2.566602806709390894e+00
0.000000000000000000e+00 0.000000000000000000e+00 0.000000000000000000e+00 1.000000000000000000e+00
5.276362895965576172e-01 -8.288367390632629395e-01 1.860916018486022949e-01 4.429892476760782793e-01
-8.436404466629028320e-01 -4.856650531291961670e-01 2.289104610681533813e-01 9.459046544518137090e-01
-9.935127198696136475e-02 -2.777760326862335205e-01 -9.554945826530456543e-01 -2.501315613896470946e+00
0.000000000000000000e+00 0.000000000000000000e+00 0.000000000000000000e+00 1.000000000000000000e+00
5.921323895454406738e-01 -7.856513857841491699e-01 1.792524605989456177e-01 3.853832317989771550e-01
-7.938514947891235352e-01 -5.304803848266601562e-01 2.973043024539947510e-01 1.101510617079386023e+00
-1.384878754615783691e-01 -3.183433413505554199e-01 -9.378047585487365723e-01 -2.417962611365581882e+00
0.000000000000000000e+00 0.000000000000000000e+00 0.000000000000000000e+00 1.000000000000000000e+00
6.672213077545166016e-01 -7.282645702362060547e-01 1.563523560762405396e-01 2.665705071522979086e-01
-7.231587767601013184e-01 -5.830518007278442383e-01 3.702583014965057373e-01 1.240050018705060486e+00
-1.784847080707550049e-01 -3.601120710372924805e-01 -9.156760573387145996e-01 -2.317083676262182035e+00
0.000000000000000000e+00 0.000000000000000000e+00 0.000000000000000000e+00 1.000000000000000000e+00
7.316201329231262207e-01 -6.662907600402832031e-01 1.441838592290878296e-01 2.013218425000910250e-01
-6.495838165283203125e-01 -6.172032356262207031e-01 4.439606368541717529e-01 1.380512172157752016e+00
-2.068161368370056152e-01 -4.184698164463043213e-01 -8.843699693679809570e-01 -2.183125297090041883e+00
0.000000000000000000e+00 0.000000000000000000e+00 0.000000000000000000e+00 1.000000000000000000e+00
7.513087987899780273e-01 -6.490288376808166504e-01 1.195659637451171875e-01 1.178909558269550378e-01
-6.005099415779113770e-01 -5.971828699111938477e-01 5.317511558532714844e-01 1.564106687759834857e+00
-2.737192213535308838e-01 -4.713099300861358643e-01 -8.384175300598144531e-01 -1.987111123679936364e+00
0.000000000000000000e+00 0.000000000000000000e+00 0.000000000000000000e+00 1.000000000000000000e+00
7.798486351966857910e-01 -6.126976013183593750e-01 1.282101869583129883e-01 1.139299884146519198e-01
-5.398255586624145508e-01 -5.545818209648132324e-01 6.332672238349914551e-01 1.806511526070970541e+00
-3.168982267379760742e-01 -5.630638599395751953e-01 -7.632399201393127441e-01 -1.728545981210743099e+00
0.000000000000000000e+00 0.000000000000000000e+00 0.000000000000000000e+00 1.000000000000000000e+00
7.996672391891479492e-01 -5.868528485298156738e-01 1.270284950733184814e-01 9.543340143693043731e-02
-4.898881316184997559e-01 -5.153351426124572754e-01 7.031639218330383301e-01 1.976887674742858314e+00
-3.471911251544952393e-01 -6.245266795158386230e-01 -6.995890736579895020e-01 -1.516793278350903496e+00
0.000000000000000000e+00 0.000000000000000000e+00 0.000000000000000000e+00 1.000000000000000000e+00
8.248090147972106934e-01 -5.523816943168640137e-01 1.206814497709274292e-01 5.229119166902185256e-02
-4.222877919673919678e-01 -4.598968923091888428e-01 7.811325192451477051e-01 2.165120332435127359e+00
-3.759823143482208252e-01 -6.952474117279052734e-01 -6.125913858413696289e-01 -1.284887691513099339e+00
0.000000000000000000e+00 0.000000000000000000e+00 0.000000000000000000e+00 1.000000000000000000e+00
8.623670935630798340e-01 -4.991313517093658447e-01 8.479814976453781128e-02 -6.081118614997826216e-02
-3.312625586986541748e-01 -4.296157956123352051e-01 8.400565981864929199e-01 2.294740930504984622e+00
-3.828680515289306641e-01 -7.525275349617004395e-01 -5.358299612998962402e-01 -1.098880354157939720e+00
0.000000000000000000e+00 0.000000000000000000e+00 0.000000000000000000e+00 1.000000000000000000e+00
8.749884366989135742e-01 -4.807716012001037598e-01 5.704241991043090820e-02 -1.385581214072395539e-01
-2.343969643115997314e-01 -3.175806105136871338e-01 9.188037514686584473e-01 2.434082214565979729e+00
-4.236193597316741943e-01 -8.173131346702575684e-01 -3.905707597732543945e-01 -7.287003373422644703e-01
0.000000000000000000e+00 0.000000000000000000e+00 0.000000000000000000e+00 1.000000000000000000e+00
8.541579246520996094e-01 -5.192486643791198730e-01 2.819948643445968628e-02 -2.501716677911545172e-01
-1.120012477040290833e-01 -1.307433247566223145e-01 9.850693941116333008e-01 2.592619835646219340e+00
-5.078092813491821289e-01 -8.445634841918945312e-01 -1.698319017887115479e-01 -1.364206334856891412e-01
0.000000000000000000e+00 0.000000000000000000e+00 0.000000000000000000e+00 1.000000000000000000e+00
8.435312509536743164e-01 -5.355824232101440430e-01 4.008352011442184448e-02 -1.967934190784728643e-01
-1.129678934812545776e-01 -1.039684936404228210e-01 9.881438612937927246e-01 2.595536524339039808e+00
-5.250652432441711426e-01 -8.380582332611083984e-01 -1.482042670249938965e-01 -1.360183815517290173e-01
0.000000000000000000e+00 0.000000000000000000e+00 0.000000000000000000e+00 1.000000000000000000e+00
7.964546680450439453e-01 -6.042279005050659180e-01 2.384982258081436157e-02 -1.936910053351974803e-01
-1.133632957935333252e-01 -1.104542911052703857e-01 9.873947501182556152e-01 2.592711171876808329e+00
-5.939771533012390137e-01 -7.891186475753784180e-01 -1.564691215753555298e-01 -1.481616506831245628e-01
0.000000000000000000e+00 0.000000000000000000e+00 0.000000000000000000e+00 1.000000000000000000e+00
7.789306044578552246e-01 -6.252068281173706055e-01 4.882028698921203613e-02 -1.259823072737136784e-01
-2.516652047634124756e-01 -2.403379529714584351e-01 9.374977350234985352e-01 2.516157337689446827e+00
-5.743964314460754395e-01 -7.425321340560913086e-01 -3.445493578910827637e-01 -5.499617151988370756e-01
0.000000000000000000e+00 0.000000000000000000e+00 0.000000000000000000e+00 1.000000000000000000e+00
8.084554672241210938e-01 -5.842931270599365234e-01 7.071921974420547485e-02 -7.761631530039635185e-02
-3.020332753658294678e-01 -3.087450265884399414e-01 9.019157290458679199e-01 2.442386637102443636e+00
-5.051492452621459961e-01 -7.505183815956115723e-01 -4.260827898979187012e-01 -7.804872902354225150e-01
0.000000000000000000e+00 0.000000000000000000e+00 0.000000000000000000e+00 1.000000000000000000e+00
7.997483015060424805e-01 -5.925544500350952148e-01 9.634291380643844604e-02 -1.711065435394163933e-02
-3.726953268051147461e-01 -3.642470538616180420e-01 8.534769415855407715e-01 2.348804804566431148e+00
-4.706385433673858643e-01 -7.184730172157287598e-01 -5.121483802795410156e-01 -1.011425154533423409e+00
0.000000000000000000e+00 0.000000000000000000e+00 0.000000000000000000e+00 1.000000000000000000e+00
8.247057795524597168e-01 -5.614152550697326660e-01 6.835501641035079956e-02 -1.417502329857287247e-01
-4.554723501205444336e-01 -5.876570343971252441e-01 6.687332391738891602e-01 1.984125864061814459e+00
-3.352679014205932617e-01 -5.826423168182373047e-01 -7.403538227081298828e-01 -1.664320606570952377e+00
0.000000000000000000e+00 0.000000000000000000e+00 0.000000000000000000e+00 1.000000000000000000e+00
8.269894719123840332e-01 -5.606449842453002930e-01 4.202118143439292908e-02 -2.222667592121037317e-01
-4.670526087284088135e-01 -6.434795856475830078e-01 6.064612865447998047e-01 1.813395546048655715e+00
-3.129697740077972412e-01 -5.211630463600158691e-01 -7.940017580986022949e-01 -1.817512022818737583e+00
0.000000000000000000e+00 0.000000000000000000e+00 0.000000000000000000e+00 1.000000000000000000e+00
8.514260649681091309e-01 -5.225545167922973633e-01 4.483520984649658203e-02 -2.188281639841480053e-01
-4.624842107295989990e-01 -7.077269554138183594e-01 5.340706706047058105e-01 1.612771928336826921e+00
-2.473497986793518066e-01 -4.754568338394165039e-01 -8.442504405975341797e-01 -1.973629509728648257e+00
0.000000000000000000e+00 0.000000000000000000e+00 0.000000000000000000e+00 1.000000000000000000e+00
8.696755170822143555e-01 -4.935982227325439453e-01 5.065653938800096512e-03 -3.137796088223144819e-01
-4.560807049274444580e-01 -7.995629310607910156e-01 3.907548189163208008e-01 1.228001914475550960e+00
-1.888256818056106567e-01 -3.421401381492614746e-01 -9.204809069633483887e-01 -2.190060090078084443e+00
0.000000000000000000e+00 0.000000000000000000e+00 0.000000000000000000e+00 1.000000000000000000e+00
8.761146068572998047e-01 -4.820272922515869141e-01 8.539996109902858734e-03 -2.907253853292535717e-01
-4.679335951805114746e-01 -8.459683060646057129e-01 2.556851208209991455e-01 8.793287515757299833e-01
-1.160227432847023010e-01 -2.280057817697525024e-01 -9.667221903800964355e-01 -2.337093347238105689e+00
0.000000000000000000e+00 0.000000000000000000e+00 0.000000000000000000e+00 1.000000000000000000e+00
8.804145455360412598e-01 -4.742023050785064697e-01 1.488289679400622845e-03 -2.702745893333152183e-01
-4.736785888671875000e-01 -8.792854547500610352e-01 4.985534027218818665e-02 3.407692209234625680e-01
-2.233289368450641632e-02 -4.459834471344947815e-02 -9.987554550170898438e-01 -2.459733622174762324e+00
0.000000000000000000e+00 0.000000000000000000e+00 0.000000000000000000e+00 1.000000000000000000e+00
8.863038420677185059e-01 -4.630523622035980225e-01 6.919476669281721115e-03 -2.425480244023986431e-01
-4.623248875141143799e-01 -8.855803012847900391e-01 -4.474949091672897339e-02 8.244573314894657057e-02
2.684911899268627167e-02 3.646259754896163940e-02 -9.989746809005737305e-01 -2.486125101830269468e+00
0.000000000000000000e+00 0.000000000000000000e+00 0.000000000000000000e+00 1.000000000000000000e+00
8.953877687454223633e-01 -4.452820122241973877e-01 -2.167085884138941765e-03 -2.626979765149550783e-01
-4.405327439308166504e-01 -8.851074576377868652e-01 -1.500494033098220825e-01 -2.179798592706345406e-01
6.489621102809906006e-02 1.353069990873336792e-01 -9.886759519577026367e-01 -2.476254718240659347e+00
0.000000000000000000e+00 0.000000000000000000e+00 0.000000000000000000e+00 1.000000000000000000e+00
8.970679044723510742e-01 -4.418772161006927490e-01 3.714796155691146851e-03 -2.456871726946079360e-01
-4.262723624706268311e-01 -8.675420284271240234e-01 -2.562481462955474854e-01 -5.280815043420850063e-01
1.164529770612716675e-01 2.282883971929550171e-01 -9.666039347648620605e-01 -2.436214956708560475e+00
0.000000000000000000e+00 0.000000000000000000e+00 0.000000000000000000e+00 1.000000000000000000e+00
9.032258987426757812e-01 -4.291603267192840576e-01 1.907842466607689857e-03 -2.462294643174617603e-01
-3.980306684970855713e-01 -8.393555879592895508e-01 -3.702073395252227783e-01 -8.749534671054459700e-01
1.604797095060348511e-01 3.336213529109954834e-01 -9.289472103118896484e-01 -2.344430875055587116e+00
0.000000000000000000e+00 0.000000000000000000e+00 0.000000000000000000e+00 1.000000000000000000e+00
9.064870476722717285e-01 -4.222046434879302979e-01 4.838902503252029419e-03 -2.512006318254480508e-01
-3.734618723392486572e-01 -8.070768713951110840e-01 -4.573331475257873535e-01 -1.144740479639675845e+00
1.969937533140182495e-01 4.127594828605651855e-01 -8.892820477485656738e-01 -2.256023888442072689e+00
0.000000000000000000e+00 0.000000000000000000e+00 0.000000000000000000e+00 1.000000000000000000e+00
9.182598590850830078e-01 -3.959186077117919922e-01 6.960794329643249512e-03 -2.724956153499156208e-01
-3.273420631885528564e-01 -7.688657641410827637e-01 -5.492657423019409180e-01 -1.428987383380465381e+00
2.228164076805114746e-01 5.020894408226013184e-01 -8.356187939643859863e-01 -2.136311477779320178e+00
0.000000000000000000e+00 0.000000000000000000e+00 0.000000000000000000e+00 1.000000000000000000e+00
9.129993319511413574e-01 -4.070946276187896729e-01 -2.656424976885318756e-02 -3.749918191510990817e-01
-3.319143652915954590e-01 -7.033747434616088867e-01 -6.285672783851623535e-01 -1.650145786409034532e+00
2.372019588947296143e-01 5.826984643936157227e-01 -7.773013114929199219e-01 -2.000569972558645659e+00
0.000000000000000000e+00 0.000000000000000000e+00 0.000000000000000000e+00 1.000000000000000000e+00
9.207885861396789551e-01 -3.887410461902618408e-01 -3.208640590310096741e-02 -4.097918887963848400e-01
-2.893942594528198242e-01 -6.256784796714782715e-01 -7.244150638580322266e-01 -1.937389677462285631e+00
2.615341842174530029e-01 6.763185262680053711e-01 -6.886168122291564941e-01 -1.776374570877931047e+00
0.000000000000000000e+00 0.000000000000000000e+00 0.000000000000000000e+00 1.000000000000000000e+00
9.303289651870727539e-01 -3.621729910373687744e-01 -5.760775879025459290e-02 -4.937083613661329973e-01
-2.627584338188171387e-01 -5.487213134765625000e-01 -7.936388254165649414e-01 -2.145499554799110697e+00
2.558238208293914795e-01 7.534819841384887695e-01 -6.056552529335021973e-01 -1.541588719463432788e+00
0.000000000000000000e+00 0.000000000000000000e+00 0.000000000000000000e+00 1.000000000000000000e+00
9.385495781898498535e-01 -3.416306078433990479e-01 -4.912634193897247314e-02 -4.892050505921747283e-01
-2.174669653177261353e-01 -4.748070240020751953e-01 -8.527989387512207031e-01 -2.332863966420239077e+00
2.680167555809020996e-01 8.110775351524353027e-01 -5.199234485626220703e-01 -1.317780599956831056e+00
0.000000000000000000e+00 0.000000000000000000e+00 0.000000000000000000e+00 1.000000000000000000e+00
9.501692056655883789e-01 -3.080220818519592285e-01 -4.796646907925605774e-02 -5.168788936845508664e-01
-1.781441271305084229e-01 -4.102485477924346924e-01 -8.944051265716552734e-01 -2.465358206500221971e+00
2.558183670043945312e-01 8.583811521530151367e-01 -4.446779489517211914e-01 -1.119224257790360388e+00
0.000000000000000000e+00 0.000000000000000000e+00 0.000000000000000000e+00 1.000000000000000000e+00
9.626035094261169434e-01 -2.679130136966705322e-01 -4.021539539098739624e-02 -5.232909868091711880e-01
-1.356566995382308960e-01 -3.481782078742980957e-01 -9.275608062744140625e-01 -2.584475276022505597e+00
2.345035076141357422e-01 8.983287215232849121e-01 -3.715016543865203857e-01 -9.088730555805522027e-01
0.000000000000000000e+00 0.000000000000000000e+00 0.000000000000000000e+00 1.000000000000000000e+00
9.689102172851562500e-01 -2.384924441576004028e-01 -6.583819538354873657e-02 -6.159644929492902321e-01
-1.278486549854278564e-01 -2.547986209392547607e-01 -9.585054516792297363e-01 -2.712569786408763672e+00
2.118207812309265137e-01 9.371226429939270020e-01 -2.773679196834564209e-01 -6.039400822679760195e-01
0.000000000000000000e+00 0.000000000000000000e+00 0.000000000000000000e+00 1.000000000000000000e+00
9.823206067085266113e-01 -1.817409098148345947e-01 -4.490354284644126892e-02 -5.865521571476481899e-01
-7.301118224859237671e-02 -1.510578095912933350e-01 -9.858248829841613770e-01 -2.834134170218333804e+00
1.723817139863967896e-01 9.716746211051940918e-01 -1.616562306880950928e-01 -2.255461513256046824e-01
0.000000000000000000e+00 0.000000000000000000e+00 0.000000000000000000e+00 1.000000000000000000e+00
9.954109191894531250e-01 -9.557539969682693481e-02 -4.694449715316295624e-03 -4.971016678966706515e-01
-1.688257232308387756e-02 -1.271186619997024536e-01 -9.917438626289367676e-01 -2.865461393549193048e+00
9.418958425521850586e-02 9.872720241546630859e-01 -1.281487643718719482e-01 -1.346640666884970916e-01
0.000000000000000000e+00 0.000000000000000000e+00 0.000000000000000000e+00 1.000000000000000000e+00
9.966609477996826172e-01 -8.140118420124053955e-02 6.387607194483280182e-03 -4.778687342986283615e-01
-1.374506019055843353e-02 -2.443758994340896606e-01 -9.695832133293151855e-01 -2.815930666303797292e+00
8.048618584871292114e-02 9.662578701972961426e-01 -2.446787208318710327e-01 -4.803235306430315710e-01
0.000000000000000000e+00 0.000000000000000000e+00 0.000000000000000000e+00 1.000000000000000000e+00
9.984265565872192383e-01 -1.859463937580585480e-02 5.290244519710540771e-02 -3.260410148833802202e-01
4.524800553917884827e-02 -2.900919020175933838e-01 -9.559285044670104980e-01 -2.881360244297936912e+00
3.312171250581741333e-02 9.568179845809936523e-01 -2.887941002845764160e-01 -5.888406304920895673e-01
0.000000000000000000e+00 0.000000000000000000e+00 0.000000000000000000e+00 1.000000000000000000e+00
9.893759489059448242e-01 5.628556758165359497e-02 1.340412050485610962e-01 -3.530746240527491558e-02
1.444260925054550171e-01 -2.751330137252807617e-01 -9.504963159561157227e-01 -2.975322322531082975e+00
-1.662005670368671417e-02 9.597572088241577148e-01 -2.803390920162200928e-01 -5.398550577498867353e-01
0.000000000000000000e+00 0.000000000000000000e+00 0.000000000000000000e+00 1.000000000000000000e+00
9.679524302482604980e-01 8.085401356220245361e-02 2.377617955207824707e-01 2.858535928950818872e-01
2.506960928440093994e-01 -2.552396953105926514e-01 -9.338117837905883789e-01 -3.017285663711020138e+00
-1.481617894023656845e-02 9.634912610054016113e-01 -2.673296034336090088e-01 -4.884996754447674672e-01
0.000000000000000000e+00 0.000000000000000000e+00 0.000000000000000000e+00 1.000000000000000000e+00
9.733771085739135742e-01 3.170779347419738770e-02 2.270053178071975708e-01 2.361609749403699166e-01
2.263281494379043579e-01 -2.894928753376007080e-01 -9.300375580787658691e-01 -3.003874966410068570e+00
3.622697666287422180e-02 9.566548466682434082e-01 -2.889621853828430176e-01 -5.881309121081790270e-01
0.000000000000000000e+00 0.000000000000000000e+00 0.000000000000000000e+00 1.000000000000000000e+00
9.829246401786804199e-01 -2.952864021062850952e-02 1.816234290599822998e-01 6.375892020634255086e-02
1.618170887231826782e-01 -3.311980962753295898e-01 -9.295819401741027832e-01 -2.975460844548471595e+00
8.760263025760650635e-02 9.430988430976867676e-01 -3.207646608352661133e-01 -7.356894215791540681e-01
0.000000000000000000e+00 0.000000000000000000e+00 0.000000000000000000e+00 1.000000000000000000e+00
9.865849614143371582e-01 -1.167018860578536987e-01 1.141523942351341248e-01 -1.652285249406377776e-01
6.321435421705245972e-02 -3.715975284576416016e-01 -9.262391328811645508e-01 -2.915716464013005105e+00
1.505125910043716431e-01 9.210298657417297363e-01 -3.592351973056793213e-01 -9.223088634464090552e-01
0.000000000000000000e+00 0.000000000000000000e+00 0.000000000000000000e+00 1.000000000000000000e+00
9.831377267837524414e-01 -1.807431280612945557e-01 2.779112756252288818e-02 -4.516556155375228143e-01
-2.941654622554779053e-02 -3.063085973262786865e-01 -9.514777064323425293e-01 -2.941299162726349614e+00
1.804856806993484497e-01 9.346158504486083984e-01 -3.064603805541992188e-01 -7.941014245031465801e-01
0.000000000000000000e+00 0.000000000000000000e+00 0.000000000000000000e+00 1.000000000000000000e+00
9.291484355926513672e-01 -3.607530295848846436e-01 -8.086942881345748901e-02 -7.701884777011940297e-01
-2.087418138980865479e-01 -3.313697576522827148e-01 -9.201197028160095215e-01 -2.758428300491997831e+00
3.051386475563049316e-01 8.718093037605285645e-01 -3.831963539123535156e-01 -1.125208505520636448e+00
0.000000000000000000e+00 0.000000000000000000e+00 0.000000000000000000e+00 1.000000000000000000e+00
8.780837059020996094e-01 -4.687996506690979004e-01 -9.589868783950805664e-02 -7.932758485196310660e-01
-2.805803120136260986e-01 -3.420883715152740479e-01 -8.968002200126647949e-01 -2.637792179763094325e+00
3.876138329505920410e-01 8.143727779388427734e-01 -4.319182038307189941e-01 -1.353105232062386420e+00
0.000000000000000000e+00 0.000000000000000000e+00 0.000000000000000000e+00 1.000000000000000000e+00
8.422116637229919434e-01 -5.363153815269470215e-01 -5.518098175525665283e-02 -6.601828870308262820e-01
-3.259792625904083252e-01 -4.250229895114898682e-01 -8.444483280181884766e-01 -2.461304367939557647e+00
4.294374585151672363e-01 7.291919589042663574e-01 -5.327869057655334473e-01 -1.696439778487279337e+00
0.000000000000000000e+00 0.000000000000000000e+00 0.000000000000000000e+00 1.000000000000000000e+00
8.082528114318847656e-01 -5.868255496025085449e-01 -4.861318692564964294e-02 -6.157479488195182205e-01
-4.188346862792968750e-01 -5.149117112159729004e-01 -7.479592561721801758e-01 -2.112168453200772067e+00
4.138902127742767334e-01 6.249009370803833008e-01 -6.619622111320495605e-01 -2.088176318468071280e+00
0.000000000000000000e+00 0.000000000000000000e+00 0.000000000000000000e+00 1.000000000000000000e+00
7.753211259841918945e-01 -6.311241388320922852e-01 -2.366218902170658112e-02 -5.249353838851114062e-01
-5.036033987998962402e-01 -5.951870679855346680e-01 -6.262077689170837402e-01 -1.681632641188218757e+00
3.811312019824981689e-01 4.974282979965209961e-01 -7.792968153953552246e-01 -2.426434253707896893e+00
0.000000000000000000e+00 0.000000000000000000e+00 0.000000000000000000e+00 1.000000000000000000e+00
7.547453045845031738e-01 -6.558294892311096191e-01 -1.572542637586593628e-02 -4.910670955589818143e-01
-5.643812417984008789e-01 -6.369115710258483887e-01 -5.251831412315368652e-01 -1.334656235031269178e+00
3.344149291515350342e-01 4.052543938159942627e-01 -8.508444428443908691e-01 -2.623454781296121308e+00
0.000000000000000000e+00 0.000000000000000000e+00 0.000000000000000000e+00 1.000000000000000000e+00
6.549037098884582520e-01 -7.555294632911682129e-01 -1.663588359951972961e-02 -4.305497373318630250e-01
-6.751192808151245117e-01 -5.750276446342468262e-01 -4.621216058731079102e-01 -1.067839167662680167e+00
3.395803570747375488e-01 3.138761520385742188e-01 -8.866603374481201172e-01 -2.750363576326367188e+00
0.000000000000000000e+00 0.000000000000000000e+00 0.000000000000000000e+00 1.000000000000000000e+00
5.885719060897827148e-01 -8.083889484405517578e-01 9.520311839878559113e-03 -3.019603625572901962e-01
-7.402864098548889160e-01 -5.436456203460693359e-01 -3.955063521862030029e-01 -8.164601997708540448e-01
3.248988091945648193e-01 2.257361114025115967e-01 -9.184137582778930664e-01 -2.851522728777691196e+00
0.000000000000000000e+00 0.000000000000000000e+00 0.000000000000000000e+00 1.000000000000000000e+00
5.422111153602600098e-01 -8.388407826423645020e-01 4.851473122835159302e-02 -1.475266287048537239e-01
-7.830841541290283203e-01 -5.254155993461608887e-01 -3.327425718307495117e-01 -5.868016635667120395e-01
3.046084642410278320e-01 1.424256116151809692e-01 -9.417692422866821289e-01 -2.914155928038336008e+00
0.000000000000000000e+00 0.000000000000000000e+00 0.000000000000000000e+00 1.000000000000000000e+00
5.055631399154663086e-01 -8.556059598922729492e-01 1.111044213175773621e-01 7.865390886256413971e-02
-8.182362914085388184e-01 -5.163100361824035645e-01 -2.528114020824432373e-01 -3.114327414675017724e-01
2.736710608005523682e-01 3.690236434340476990e-02 -9.611148834228515625e-01 -2.961325986242381525e+00
0.000000000000000000e+00 0.000000000000000000e+00 0.000000000000000000e+00 1.000000000000000000e+00
4.369225800037384033e-01 -8.856233954429626465e-01 1.573831737041473389e-01 2.759097747001382217e-01
-8.615596890449523926e-01 -4.623175859451293945e-01 -2.097069174051284790e-01 -1.497098038380122176e-01
2.584824860095977783e-01 -4.396932572126388550e-02 -9.650147557258605957e-01 -2.968853360968156441e+00
0.000000000000000000e+00 0.000000000000000000e+00 0.000000000000000000e+00 1.000000000000000000e+00
3.631234169006347656e-01 -8.981999754905700684e-01 2.477462589740753174e-01 6.142493365221725066e-01
-8.928838968276977539e-01 -4.114401042461395264e-01 -1.829634904861450195e-01 -4.108958209058252709e-02
2.662703990936279297e-01 -1.547703593969345093e-01 -9.513915777206420898e-01 -2.928874030355993696e+00
0.000000000000000000e+00 0.000000000000000000e+00 0.000000000000000000e+00 1.000000000000000000e+00
2.945460379123687744e-01 -8.877089023590087891e-01 3.538565337657928467e-01 9.831367111257838243e-01
-9.147715568542480469e-01 -3.690341114997863770e-01 -1.643388569355010986e-01 2.820888334000263079e-02
2.764701545238494873e-01 -2.752926647663116455e-01 -9.207484722137451172e-01 -2.841873097407026538e+00
0.000000000000000000e+00 0.000000000000000000e+00 0.000000000000000000e+00 1.000000000000000000e+00
2.754863798618316650e-01 -8.595836162567138672e-01 4.303761124610900879e-01 1.228695408794969302e+00
-9.328968524932861328e-01 -3.470902442932128906e-01 -9.608502686023712158e-02 2.559476297635028263e-01
2.319724112749099731e-01 -3.750265240669250488e-01 -8.975217342376708984e-01 -2.737997864841849704e+00
0.000000000000000000e+00 0.000000000000000000e+00 0.000000000000000000e+00 1.000000000000000000e+00
1.786651760339736938e-01 -7.825454473495483398e-01 5.964077115058898926e-01 1.791326451251761043e+00
-9.626902341842651367e-01 -2.642464339733123779e-01 -5.832560360431671143e-02 3.756712849924081499e-01
2.032411396503448486e-01 -5.637347698211669922e-01 -8.005607724189758301e-01 -2.424214590146398063e+00
0.000000000000000000e+00 0.000000000000000000e+00 0.000000000000000000e+00 1.000000000000000000e+00
1.385493725538253784e-01 -6.828265190124511719e-01 7.173231244087219238e-01 2.184562312709604992e+00
-9.726175665855407715e-01 -2.302864193916320801e-01 -3.135282173752784729e-02 4.628256407335424316e-01
1.865982115268707275e-01 -6.933369040489196777e-01 -6.960352063179016113e-01 -2.102621653825194503e+00
0.000000000000000000e+00 0.000000000000000000e+00 0.000000000000000000e+00 1.000000000000000000e+00
1.113493591547012329e-01 -5.823700428009033203e-01 8.052611947059631348e-01 2.460680015987719127e+00
-9.839879274368286133e-01 -1.780851483345031738e-01 7.270885165780782700e-03 5.863983523475055915e-01
1.391707360744476318e-01 -7.931771874427795410e-01 -5.928751230239868164e-01 -1.767274060651894185e+00
0.000000000000000000e+00 0.000000000000000000e+00 0.000000000000000000e+00 1.000000000000000000e+00
7.990756630897521973e-02 -5.159329771995544434e-01 8.528939485549926758e-01 2.623880475812639723e+00
-9.901476502418518066e-01 -1.397871375083923340e-01 8.206648752093315125e-03 5.916437699949977924e-01
1.149894446134567261e-01 -8.451463580131530762e-01 -5.220199823379516602e-01 -1.541079609658489336e+00
0.000000000000000000e+00 0.000000000000000000e+00 0.000000000000000000e+00 1.000000000000000000e+00
1.522074937820434570e-01 -5.206565856933593750e-01 8.400890827178955078e-01 2.524550807375828487e+00
-9.878808259963989258e-01 -1.062876507639884949e-01 1.131110489368438721e-01 9.090931181815219420e-01
3.039905428886413574e-02 -8.471243977546691895e-01 -5.305249094963073730e-01 -1.501217829602915277e+00
0.000000000000000000e+00 0.000000000000000000e+00 0.000000000000000000e+00 1.000000000000000000e+00
2.648314237594604492e-01 -5.854183435440063477e-01 7.662565708160400391e-01 2.231448704312305242e+00
-9.598668813705444336e-01 -8.397606015205383301e-02 2.675888538360595703e-01 1.351646474038274093e+00
-9.230412542819976807e-02 -8.063709139823913574e-01 -5.841631889343261719e-01 -1.566865814323674444e+00
0.000000000000000000e+00 0.000000000000000000e+00 0.000000000000000000e+00 1.000000000000000000e+00
3.184802234172821045e-01 -6.317036747932434082e-01 7.067683339118957520e-01 2.027371142194797304e+00
-9.296396970748901367e-01 -6.238464638590812683e-02 3.631504774093627930e-01 1.610210236806098871e+00
-1.853119581937789917e-01 -7.726958990097045898e-01 -6.071248650550842285e-01 -1.569706067560684648e+00
0.000000000000000000e+00 0.000000000000000000e+00 0.000000000000000000e+00 1.000000000000000000e+00
3.635052144527435303e-01 -6.495157480239868164e-01 6.678273677825927734e-01 1.882522642151654324e+00
-8.898170590400695801e-01 -2.981037087738513947e-02 4.553432762622833252e-01 1.848599040374064861e+00
-2.758443653583526611e-01 -7.597635984420776367e-01 -5.887863636016845703e-01 -1.451120183065239155e+00
0.000000000000000000e+00 0.000000000000000000e+00 0.000000000000000000e+00 1.000000000000000000e+00
4.217794239521026611e-01 -6.448096036911010742e-01 6.374343633651733398e-01 1.745454830005526814e+00
-8.393572568893432617e-01 -1.179938949644565582e-02 5.434522032737731934e-01 2.065561219660749792e+00
-3.429018259048461914e-01 -7.642521262168884277e-01 -5.462020635604858398e-01 -1.261894968208535417e+00
0.000000000000000000e+00 0.000000000000000000e+00 0.000000000000000000e+00 1.000000000000000000e+00
5.141210556030273438e-01 -6.535023450851440430e-01 5.555303096771240234e-01 1.456158633166764638e+00
-7.338753342628479004e-01 9.514935663901269436e-05 6.792845129966735840e-01 2.362951158637019766e+00
-4.439666271209716797e-01 -7.569246292114257812e-01 -4.795403182506561279e-01 -9.677385663443413000e-01
0.000000000000000000e+00 0.000000000000000000e+00 0.000000000000000000e+00 1.000000000000000000e+00
6.196973323822021484e-01 -6.845171451568603516e-01 3.839405775070190430e-01 8.804358113803294472e-01
-5.797080993652343750e-01 -6.944703310728073120e-02 8.118591904640197754e-01 2.663138856048152370e+00
-5.290686488151550293e-01 -7.256805896759033203e-01 -4.398564398288726807e-01 -7.819802650861797932e-01
0.000000000000000000e+00 0.000000000000000000e+00 0.000000000000000000e+00 1.000000000000000000e+00
6.296437978744506836e-01 -7.324800491333007812e-01 2.588866651058197021e-01 5.486082503082554407e-01
-4.881884753704071045e-01 -1.138248518109321594e-01 8.652837276458740234e-01 2.761138768306089730e+00
-6.043351292610168457e-01 -6.712058782577514648e-01 -4.292573630809783936e-01 -7.071980364409261588e-01
0.000000000000000000e+00 0.000000000000000000e+00 0.000000000000000000e+00 1.000000000000000000e+00
5.807662010192871094e-01 -7.913318872451782227e-01 1.910605430603027344e-01 4.183290862827215850e-01
-3.989811241626739502e-01 -7.210938632488250732e-02 9.141195416450500488e-01 2.845419757977371678e+00
-7.095948457717895508e-01 -6.071193218231201172e-01 -3.576051294803619385e-01 -4.785404735795660280e-01
0.000000000000000000e+00 0.000000000000000000e+00 0.000000000000000000e+00 1.000000000000000000e+00
4.319012761116027832e-01 -9.000540375709533691e-01 5.799840018153190613e-02 1.713674047845333004e-01
-2.299436181783676147e-01 -4.770436510443687439e-02 9.720342755317687988e-01 2.924321016072946922e+00
-8.721164464950561523e-01 -4.331591129302978516e-01 -2.275652140378952026e-01 -8.939591819767224445e-02
0.000000000000000000e+00 0.000000000000000000e+00 0.000000000000000000e+00 1.000000000000000000e+00
2.991251349449157715e-01 -9.501342177391052246e-01 -8.814394474029541016e-02 -2.070836285482231254e-01
-2.598184943199157715e-01 -1.699823141098022461e-01 9.505788683891296387e-01 2.940107835070575604e+00
-9.181603193283081055e-01 -2.614406943321228027e-01 -2.977086305618286133e-01 -3.604694246497430754e-01
0.000000000000000000e+00 0.000000000000000000e+00 0.000000000000000000e+00 1.000000000000000000e+00
2.902257442474365234e-01 -9.566246271133422852e-01 2.525886893272399902e-02 1.529764856853649546e-01
-3.685971498489379883e-01 -8.739064633846282959e-02 9.254723787307739258e-01 2.884347756146805608e+00
-8.831223845481872559e-01 -2.779061794281005859e-01 -3.779723346233367920e-01 -5.902956635552154552e-01
0.000000000000000000e+00 0.000000000000000000e+00 0.000000000000000000e+00 1.000000000000000000e+00
2.693828940391540527e-01 -9.626500010490417480e-01 2.717037126421928406e-02 2.123393442999318703e-01
-4.594308137893676758e-01 -1.036666259169578552e-01 8.821433186531066895e-01 2.793232553717237554e+00
-8.463781476020812988e-01 -2.501170337200164795e-01 -4.701970517635345459e-01 -8.921405202799463918e-01
0.000000000000000000e+00 0.000000000000000000e+00 0.000000000000000000e+00 1.000000000000000000e+00
