0.6903104186058044 0.5832620859146118 0.4281084835529327 -0.1871069371700287 
0.2432413101196289 0.3701751828193665 -0.8965511918067932 0.2728113234043121 
-0.6813994646072388 0.7230322957038879 0.113662376999855 0.03846292570233345 
0 0 0 1 

0.7556734085083008 0.5096265077590942 0.4113861918449402 -0.1854264587163925 
0.1800868511199951 0.4422298073768616 -0.8786361813545227 0.275457352399826 
-0.6297035217285156 0.738047182559967 0.2424042671918869 0.004474624525755644 
0 0 0 1 

0.7945326566696167 0.479730099439621 0.372259110212326 -0.1741698086261749 
0.09164479374885559 0.5112934112548828 -0.8545058369636536 0.2758803367614746 
-0.6002658009529114 0.7130483388900757 0.3622744977474213 -0.03671205416321754 
0 0 0 1 

0.7969431281089783 0.4484182000160217 0.4047256112098694 -0.1850157827138901 
0.03118430450558662 0.6385799646377563 -0.7689233422279358 0.2567736506462097 
-0.6032489538192749 0.6254092454910278 0.4949283003807068 -0.0840199887752533 
0 0 0 1 

0.7965381145477295 0.4344934225082397 0.4204072952270508 -0.1905827671289444 
-0.0004340026644058526 0.6957722306251526 -0.7182621359825134 0.2431703805923462 
-0.6045879721641541 0.5719407200813293 0.5543978214263916 -0.1070135906338692 
0 0 0 1 

0.8296615481376648 0.404106080532074 0.3851751983165741 -0.181674599647522 
-0.05881904810667038 0.7493831515312195 -0.659518837928772 0.2293023467063904 
-0.5551593899726868 0.5245217084884644 0.6455035209655762 -0.1445917338132858 
0 0 0 1 

0.8279944062232971 0.3944654762744904 0.3985248506069183 -0.1858687847852707 
-0.1024254262447357 0.8051563501358032 -0.5841506719589233 0.2085207402706146 
-0.5513021945953369 0.4428542852401733 0.7070682644844055 -0.1699436008930206 
0 0 0 1 

0.7057386040687561 0.4953051507472992 0.5065625905990601 -0.1969464272260666 
-0.08628088235855103 0.7697727084159851 -0.632459819316864 0.22587750852108 
-0.7031987905502319 0.4026445746421814 0.5859936475753784 -0.1207404136657715 
0 0 0 1 

0.5858479738235474 0.6212021112442017 0.5204709768295288 -0.18904048204422 
-0.0903407484292984 0.6882790327072144 -0.7197989225387573 0.2524464428424835 
-0.8053698539733887 0.3746729791164398 0.459346741437912 -0.07198347151279449 
0 0 0 1 

0.5370451807975769 0.6909984350204468 0.4838424026966095 -0.1709693074226379 
-0.0710676833987236 0.6085997223854065 -0.7902882099151611 0.272003710269928 
-0.8405543565750122 0.3900349140167236 0.3759532272815704 -0.04170388728380203 
0 0 0 1 

