1.000000000000000000e+00 0.000000000000000000e+00 0.000000000000000000e+00 -3.619798645377159119e-02
0.000000000000000000e+00 1.000000000000000000e+00 0.000000000000000000e+00 -1.327119767665863037e-03
0.000000000000000000e+00 0.000000000000000000e+00 1.000000000000000000e+00 -2.960163652896881104e-01
0.000000000000000000e+00 0.000000000000000000e+00 0.000000000000000000e+00 1.000000000000000000e+00
9.901577234268188477e-01 1.376070976257324219e-01 2.553241141140460968e-02 -4.716026410460472107e-02
-1.360096484422683716e-01 9.891070723533630371e-01 -5.628678575158119202e-02 2.838937751948833466e-02
-3.299979493021965027e-02 5.226011946797370911e-02 9.980881214141845703e-01 -2.963501513004302979e-01
0.000000000000000000e+00 0.000000000000000000e+00 0.000000000000000000e+00 1.000000000000000000e+00
9.718559980392456055e-01 2.305512279272079468e-01 4.839223250746726990e-02 -5.433699861168861389e-02
-2.246705442667007446e-01 9.688782095909118652e-01 -1.039141938090324402e-01 5.357411876320838928e-02
-7.084375619888305664e-02 9.011730551719665527e-02 9.934082031250000000e-01 -2.937591373920440674e-01
0.000000000000000000e+00 0.000000000000000000e+00 0.000000000000000000e+00 1.000000000000000000e+00
9.382355809211730957e-01 3.381285667419433594e-01 7.336640357971191406e-02 -6.074363365769386292e-02
-3.254754841327667236e-01 9.344584941864013672e-01 -1.444047987461090088e-01 7.505223900079727173e-02
-1.173853501677513123e-01 1.116067469120025635e-01 9.867952466011047363e-01 -2.893994152545928955e-01
0.000000000000000000e+00 0.000000000000000000e+00 0.000000000000000000e+00 1.000000000000000000e+00
8.928112387657165527e-01 4.497798085212707520e-01 2.420959062874317169e-02 -4.008278250694274902e-02
-4.399104714393615723e-01 8.822466135025024414e-01 -1.676879972219467163e-01 8.890479803085327148e-02
-9.678152948617935181e-02 1.390636563301086426e-01 9.855427742004394531e-01 -2.897750437259674072e-01
0.000000000000000000e+00 0.000000000000000000e+00 0.000000000000000000e+00 1.000000000000000000e+00
8.289412260055541992e-01 5.591571927070617676e-01 1.413054019212722778e-02 -3.131939843297004700e-02
-5.469141006469726562e-01 8.155680894851684570e-01 -1.890329718589782715e-01 1.020679175853729248e-01
-1.172236204147338867e-01 1.489689946174621582e-01 9.818690419197082520e-01 -2.884374260902404785e-01
0.000000000000000000e+00 0.000000000000000000e+00 0.000000000000000000e+00 1.000000000000000000e+00
7.535390257835388184e-01 6.568167209625244141e-01 -2.775938808917999268e-02 -1.162326522171497345e-02
-6.508242487907409668e-01 7.393738627433776855e-01 -1.724925190210342407e-01 1.009727790951728821e-01
-9.277145564556121826e-02 1.480462849140167236e-01 9.846195578575134277e-01 -2.922207713127136230e-01
0.000000000000000000e+00 0.000000000000000000e+00 0.000000000000000000e+00 1.000000000000000000e+00
6.946303844451904297e-01 7.174015045166015625e-01 -5.314047262072563171e-02 1.367023505736142397e-04
-7.179378867149353027e-01 6.867021322250366211e-01 -1.140407025814056396e-01 8.203126490116119385e-02
-4.532131552696228027e-02 1.173677071928977966e-01 9.920539259910583496e-01 -2.994078993797302246e-01
0.000000000000000000e+00 0.000000000000000000e+00 0.000000000000000000e+00 1.000000000000000000e+00
5.881755948066711426e-01 8.082897663116455078e-01 -2.677687630057334900e-02 -4.808175843209028244e-03
-8.077527880668640137e-01 5.855104327201843262e-01 -6.865109503269195557e-02 6.785827130079269409e-02
-3.981183096766471863e-02 6.200798600912094116e-02 9.972812533378601074e-01 -3.070876002311706543e-01
0.000000000000000000e+00 0.000000000000000000e+00 0.000000000000000000e+00 1.000000000000000000e+00
5.001216530799865723e-01 8.658519387245178223e-01 -1.335306279361248016e-02 -4.013375379145145416e-03
-8.649880290031433105e-01 4.987754523754119873e-01 -5.494094267487525940e-02 6.371174752712249756e-02
-4.091057181358337402e-02 3.902738913893699646e-02 9.984008669853210449e-01 -3.107098042964935303e-01
0.000000000000000000e+00 0.000000000000000000e+00 0.000000000000000000e+00 1.000000000000000000e+00
4.053139686584472656e-01 9.132945537567138672e-01 -4.017084091901779175e-02 9.141602553427219391e-03
-9.140909910202026367e-01 4.054885208606719971e-01 -4.069135524332523346e-03 4.521701112389564514e-02
1.257249806076288223e-02 3.836909681558609009e-02 9.991844892501831055e-01 -3.151701390743255615e-01
0.000000000000000000e+00 0.000000000000000000e+00 0.000000000000000000e+00 1.000000000000000000e+00
2.944892644882202148e-01 9.550799727439880371e-01 -3.313674777746200562e-02 1.213144604116678238e-02
-9.548667669296264648e-01 2.954772710800170898e-01 3.037211857736110687e-02 3.233559802174568176e-02
3.879896178841590881e-02 2.269692346453666687e-02 9.989892840385437012e-01 -3.177938163280487061e-01
0.000000000000000000e+00 0.000000000000000000e+00 0.000000000000000000e+00 1.000000000000000000e+00
1.798030436038970947e-01 9.822084307670593262e-01 -5.419836193323135376e-02 2.393361553549766541e-02
-9.815267324447631836e-01 1.827954053878784180e-01 5.649047344923019409e-02 2.284028939902782440e-02
6.539261341094970703e-02 4.303998127579689026e-02 9.969310164451599121e-01 -3.186221718788146973e-01
0.000000000000000000e+00 0.000000000000000000e+00 0.000000000000000000e+00 1.000000000000000000e+00
9.910255670547485352e-02 9.920835494995117188e-01 -7.713013142347335815e-02 3.436459228396415710e-02
-9.905986189842224121e-01 1.057054623961448669e-01 8.683673292398452759e-02 1.110260188579559326e-02
9.430234879255294800e-02 6.779926270246505737e-02 9.932321906089782715e-01 -3.177077770233154297e-01
0.000000000000000000e+00 0.000000000000000000e+00 0.000000000000000000e+00 1.000000000000000000e+00
1.503036636859178543e-02 9.969061017036437988e-01 -7.715298980474472046e-02 3.945483267307281494e-02
-9.973707199096679688e-01 2.041874267160892487e-02 6.953389942646026611e-02 1.866162754595279694e-02
7.089415192604064941e-02 7.590497285127639771e-02 9.945915341377258301e-01 -3.120932281017303467e-01
0.000000000000000000e+00 0.000000000000000000e+00 0.000000000000000000e+00 1.000000000000000000e+00
-8.523454517126083374e-02 9.101148843765258789e-01 -4.054941534996032715e-01 1.540413945913314819e-01
-9.908682107925415039e-01 -3.475313261151313782e-02 1.302781254053115845e-01 -1.238727825693786144e-03
1.044757738709449768e-01 4.128955304622650146e-01 9.047661423683166504e-01 -2.773137986660003662e-01
0.000000000000000000e+00 0.000000000000000000e+00 0.000000000000000000e+00 1.000000000000000000e+00
-1.581358611583709717e-01 8.854464888572692871e-01 -4.370088875293731689e-01 1.659692525863647461e-01
-9.781566262245178223e-01 -8.000417798757553101e-02 1.918545812368392944e-01 -2.302522584795951843e-02
1.349145323038101196e-01 4.578023254871368408e-01 8.787575364112854004e-01 -2.695987224578857422e-01
0.000000000000000000e+00 0.000000000000000000e+00 0.000000000000000000e+00 1.000000000000000000e+00
-1.354688405990600586e-01 8.275001049041748047e-01 -5.448778867721557617e-01 1.943642497062683105e-01
-9.907462000846862793e-01 -1.178046166896820068e-01 6.741308420896530151e-02 1.754883304238319397e-02
-8.404788561165332794e-03 5.489678382873535156e-01 8.358010053634643555e-01 -2.488663494586944580e-01
0.000000000000000000e+00 0.000000000000000000e+00 0.000000000000000000e+00 1.000000000000000000e+00
-8.243440091609954834e-02 7.616551518440246582e-01 -6.427174210548400879e-01 2.148005068302154541e-01
-9.947109818458557129e-01 -2.323254756629467010e-02 1.000489890575408936e-01 1.005464978516101837e-02
6.127088516950607300e-02 6.475658416748046875e-01 7.595420479774475098e-01 -2.342304438352584839e-01
0.000000000000000000e+00 0.000000000000000000e+00 0.000000000000000000e+00 1.000000000000000000e+00
-5.191977694630622864e-02 5.776304006576538086e-01 -8.146456480026245117e-01 2.654891610145568848e-01
-9.858200550079345703e-01 1.007012426853179932e-01 1.342320591211318970e-01 -6.448988569900393486e-04
1.595724672079086304e-01 8.100634813308715820e-01 5.642111897468566895e-01 -1.724382787942886353e-01
0.000000000000000000e+00 0.000000000000000000e+00 0.000000000000000000e+00 1.000000000000000000e+00
-1.161771491169929504e-01 4.304781854152679443e-01 -8.950930833816528320e-01 2.890301048755645752e-01
-9.859207868576049805e-01 5.913718789815902710e-02 1.564070433378219604e-01 -1.112378761172294617e-02
1.202629432082176208e-01 9.006614089012145996e-01 4.175468981266021729e-01 -1.214705184102058411e-01
0.000000000000000000e+00 0.000000000000000000e+00 0.000000000000000000e+00 1.000000000000000000e+00
-1.875141263008117676e-01 3.362905085086822510e-01 -9.229015111923217773e-01 2.993563413619995117e-01
-9.753674268722534180e-01 4.737545922398567200e-02 2.154370248317718506e-01 -3.055016882717609406e-02
1.161722913384437561e-01 9.405654072761535645e-01 3.191233873367309570e-01 -9.058907628059387207e-02
0.000000000000000000e+00 0.000000000000000000e+00 0.000000000000000000e+00 1.000000000000000000e+00
-2.723233699798583984e-01 1.993782669305801392e-01 -9.413225650787353516e-01 3.086036145687103271e-01
-9.596314430236816406e-01 1.523441076278686523e-02 2.808469235897064209e-01 -5.209842324256896973e-02
7.033520936965942383e-02 9.798043370246887207e-01 1.871811747550964355e-01 -4.667367786169052124e-02
0.000000000000000000e+00 0.000000000000000000e+00 0.000000000000000000e+00 1.000000000000000000e+00
-1.764244884252548218e-01 -8.266398310661315918e-01 -5.343607068061828613e-01 1.739159375429153442e-01
-9.496576189994812012e-01 1.614523789612576365e-04 3.132894635200500488e-01 -6.077571213245391846e-02
-2.588911652565002441e-01 5.627321004867553711e-01 -7.850531339645385742e-01 2.761698961257934570e-01
0.000000000000000000e+00 0.000000000000000000e+00 0.000000000000000000e+00 1.000000000000000000e+00
-1.609444022178649902e-01 -8.818335533142089844e-01 -4.432463347911834717e-01 1.430074125528335571e-01
-9.689865708351135254e-01 5.585601180791854858e-02 2.407174259424209595e-01 -3.806447237730026245e-02
-1.875147223472595215e-01 4.682420790195465088e-01 -8.634742498397827148e-01 2.965072989463806152e-01
0.000000000000000000e+00 0.000000000000000000e+00 0.000000000000000000e+00 1.000000000000000000e+00
-8.013015985488891602e-02 -8.549232482910156250e-01 -5.125276446342468262e-01 1.582538634538650513e-01
-9.902387261390686035e-01 9.447472169995307922e-03 1.390592157840728760e-01 -3.351776627823710442e-03
-1.140429899096488953e-01 5.186676383018493652e-01 -8.473351597785949707e-01 2.869014739990234375e-01
0.000000000000000000e+00 0.000000000000000000e+00 0.000000000000000000e+00 1.000000000000000000e+00
2.525595203042030334e-02 -8.631879091262817383e-01 -5.042496323585510254e-01 1.461888849735260010e-01
-9.990550875663757324e-01 -3.963936120271682739e-02 1.781741715967655182e-02 3.778028488159179688e-02
-3.536800667643547058e-02 5.033235549926757812e-01 -8.633738160133361816e-01 2.865883409976959229e-01
0.000000000000000000e+00 0.000000000000000000e+00 0.000000000000000000e+00 1.000000000000000000e+00
5.495052039623260498e-02 -8.572325706481933594e-01 -5.119882822036743164e-01 1.456692218780517578e-01
-9.944075942039489746e-01 -6.704183761030435562e-04 -1.056049689650535583e-01 7.774262875318527222e-02
9.018483757972717285e-02 5.149281620979309082e-01 -8.524757027626037598e-01 2.749187052249908447e-01
0.000000000000000000e+00 0.000000000000000000e+00 0.000000000000000000e+00 1.000000000000000000e+00
3.188373148441314697e-02 -8.686487078666687012e-01 -4.944017231464385986e-01 1.437849849462509155e-01
-9.826522469520568848e-01 6.317277252674102783e-02 -1.743635386228561401e-01 9.130051732063293457e-02
1.826935559511184692e-01 4.913840889930725098e-01 -8.515657782554626465e-01 2.711350023746490479e-01
0.000000000000000000e+00 0.000000000000000000e+00 0.000000000000000000e+00 1.000000000000000000e+00
-3.716105595231056213e-02 -8.723742961883544922e-01 -4.874223768711090088e-01 1.494529843330383301e-01
-9.953308105468750000e-01 7.579171657562255859e-02 -5.976537615060806274e-02 5.443306267261505127e-02
8.908039331436157227e-02 4.829261898994445801e-01 -8.711184859275817871e-01 2.924324572086334229e-01
0.000000000000000000e+00 0.000000000000000000e+00 0.000000000000000000e+00 1.000000000000000000e+00
-3.879499807953834534e-02 -8.829491734504699707e-01 -4.678629040718078613e-01 1.410469859838485718e-01
-9.923964142799377441e-01 -2.068750746548175812e-02 1.213303282856941223e-01 -3.012962406501173973e-03
-1.168074607849121094e-01 4.690125286579132080e-01 -8.754334449768066406e-01 3.115905821323394775e-01
0.000000000000000000e+00 0.000000000000000000e+00 0.000000000000000000e+00 1.000000000000000000e+00
1.391600966453552246e-01 -8.690986037254333496e-01 -4.746598005294799805e-01 1.293799728155136108e-01
-9.845550656318664551e-01 -1.728482991456985474e-01 2.783362194895744324e-02 2.601479552686214447e-02
-1.062343865633010864e-01 4.634553790092468262e-01 -8.797293901443481445e-01 3.143943250179290771e-01
0.000000000000000000e+00 0.000000000000000000e+00 0.000000000000000000e+00 1.000000000000000000e+00
2.359642982482910156e-01 -8.117834329605102539e-01 -5.341613292694091797e-01 1.346149742603302002e-01
-9.434837102890014648e-01 -3.230223953723907471e-01 7.412723451852798462e-02 1.018123514950275421e-02
-2.327214330434799194e-01 4.864811897277832031e-01 -8.421261906623840332e-01 3.077424764633178711e-01
0.000000000000000000e+00 0.000000000000000000e+00 0.000000000000000000e+00 1.000000000000000000e+00
3.446595668792724609e-01 -7.418650388717651367e-01 -5.751921534538269043e-01 1.325916200876235962e-01
-9.078058004379272461e-01 -4.193787872791290283e-01 -3.061938798055052757e-03 3.305223956704139709e-02
-2.389520257711410522e-01 5.232180953025817871e-01 -8.180123567581176758e-01 2.947314381599426270e-01
0.000000000000000000e+00 0.000000000000000000e+00 0.000000000000000000e+00 1.000000000000000000e+00
3.637535274028778076e-01 -7.295374870300292969e-01 -5.791878104209899902e-01 1.320604383945465088e-01
-9.185242652893066406e-01 -3.843236565589904785e-01 -9.278130531311035156e-02 6.310077011585235596e-02
-1.549081951379776001e-01 5.657474398612976074e-01 -8.098968863487243652e-01 2.841436862945556641e-01
0.000000000000000000e+00 0.000000000000000000e+00 0.000000000000000000e+00 1.000000000000000000e+00
3.773906528949737549e-01 -7.135503292083740234e-01 -5.902728438377380371e-01 1.348813623189926147e-01
-9.225296378135681152e-01 -3.452409505844116211e-01 -1.724746227264404297e-01 8.794914931058883667e-02
-8.071714639663696289e-02 6.096348166465759277e-01 -7.885622978210449219e-01 2.715440094470977783e-01
0.000000000000000000e+00 0.000000000000000000e+00 0.000000000000000000e+00 1.000000000000000000e+00
5.403912067413330078e-01 -6.028174161911010742e-01 -5.870157480239868164e-01 1.287000328302383423e-01
-8.371116518974304199e-01 -4.556341767311096191e-01 -3.027230799198150635e-01 1.234241053462028503e-01
-8.497793972492218018e-02 6.549868583679199219e-01 -7.508464455604553223e-01 2.588750720024108887e-01
0.000000000000000000e+00 0.000000000000000000e+00 0.000000000000000000e+00 1.000000000000000000e+00
6.865283846855163574e-01 -4.228595495223999023e-01 -5.914968848228454590e-01 1.254516392946243286e-01
-7.063525915145874023e-01 -5.808271765708923340e-01 -4.046052992343902588e-01 1.524630188941955566e-01
-1.724663525819778442e-01 6.955783367156982422e-01 -6.974422931671142578e-01 2.558979094028472900e-01
0.000000000000000000e+00 0.000000000000000000e+00 0.000000000000000000e+00 1.000000000000000000e+00
7.110781073570251465e-01 -3.329864740371704102e-01 -6.192637681961059570e-01 1.304981708526611328e-01
-6.401927471160888672e-01 -6.707958579063415527e-01 -3.744139373302459717e-01 1.410084813833236694e-01
-2.907249331474304199e-01 6.626859307289123535e-01 -6.901638507843017578e-01 2.651611268520355225e-01
0.000000000000000000e+00 0.000000000000000000e+00 0.000000000000000000e+00 1.000000000000000000e+00
7.555667161941528320e-01 -2.549618780612945557e-01 -6.034181118011474609e-01 1.300989836454391479e-01
-5.665066838264465332e-01 -7.168387770652770996e-01 -4.064628481864929199e-01 1.441159099340438843e-01
-3.289210498332977295e-01 6.489501595497131348e-01 -6.860570311546325684e-01 2.629052996635437012e-01
0.000000000000000000e+00 0.000000000000000000e+00 0.000000000000000000e+00 1.000000000000000000e+00
7.506767511367797852e-01 -2.487908303737640381e-01 -6.120355129241943359e-01 1.396483182907104492e-01
-5.369365215301513672e-01 -7.695127129554748535e-01 -3.457610011100769043e-01 1.172155365347862244e-01
-3.849464058876037598e-01 5.881786942481994629e-01 -7.112396359443664551e-01 2.743663787841796875e-01
0.000000000000000000e+00 0.000000000000000000e+00 0.000000000000000000e+00 1.000000000000000000e+00
7.356921434402465820e-01 -3.400478661060333252e-01 -5.857681035995483398e-01 1.401880681514739990e-01
-5.804454684257507324e-01 -7.622244954109191895e-01 -2.865241467952728271e-01 9.451831877231597900e-02
-3.490549325942993164e-01 5.508007407188415527e-01 -7.581419944763183594e-01 2.868005037307739258e-01
0.000000000000000000e+00 0.000000000000000000e+00 0.000000000000000000e+00 1.000000000000000000e+00
8.162245154380798340e-01 -1.856031119823455811e-01 -5.471099019050598145e-01 1.314689368009567261e-01
-5.230953693389892578e-01 -6.394256353378295898e-01 -5.634769797325134277e-01 1.825592964887619019e-01
-2.452530711889266968e-01 7.461140751838684082e-01 -6.190028190612792969e-01 2.478200644254684448e-01
0.000000000000000000e+00 0.000000000000000000e+00 0.000000000000000000e+00 1.000000000000000000e+00
8.540543317794799805e-01 -1.118175834417343140e-01 -5.080234408378601074e-01 1.175862923264503479e-01
-4.710085093975067139e-01 -5.807274580001831055e-01 -6.640071272850036621e-01 2.152820080518722534e-01
-2.207758426666259766e-01 8.063816428184509277e-01 -5.486400723457336426e-01 2.236897498369216919e-01
0.000000000000000000e+00 0.000000000000000000e+00 0.000000000000000000e+00 1.000000000000000000e+00
8.788334727287292480e-01 -4.063486680388450623e-02 -4.753951430320739746e-01 1.066226512193679810e-01
-4.269130825996398926e-01 -5.119040608406066895e-01 -7.454519867897033691e-01 2.427168935537338257e-01
-2.130655348300933838e-01 8.580805659294128418e-01 -4.672263264656066895e-01 1.966575235128402710e-01
0.000000000000000000e+00 0.000000000000000000e+00 0.000000000000000000e+00 1.000000000000000000e+00
8.891611695289611816e-01 1.175394505262374878e-01 -4.422405958175659180e-01 9.724080562591552734e-02
-3.590023815631866455e-01 -4.200834631919860840e-01 -8.334544897079467773e-01 2.715919911861419678e-01
-2.837418317794799805e-01 8.998409509658813477e-01 -3.313249945640563965e-01 1.557204425334930420e-01
0.000000000000000000e+00 0.000000000000000000e+00 0.000000000000000000e+00 1.000000000000000000e+00
9.424436688423156738e-01 -2.996851205825805664e-01 -1.482872366905212402e-01 -6.833812687546014786e-03
-2.423692047595977783e-01 -3.067713975906372070e-01 -9.204062819480895996e-01 2.943659722805023193e-01
2.303418517112731934e-01 9.033713340759277344e-01 -3.617492020130157471e-01 1.342094689607620239e-01
0.000000000000000000e+00 0.000000000000000000e+00 0.000000000000000000e+00 1.000000000000000000e+00
9.794529676437377930e-01 -1.173974126577377319e-01 -1.639802306890487671e-01 -1.790688693290576339e-04
-1.870939284563064575e-01 -2.254171967506408691e-01 -9.561293721199035645e-01 3.034672737121582031e-01
7.528316974639892578e-02 9.671635627746582031e-01 -2.427498102188110352e-01 1.025310978293418884e-01
0.000000000000000000e+00 0.000000000000000000e+00 0.000000000000000000e+00 1.000000000000000000e+00
9.798822999000549316e-01 -1.544794738292694092e-01 -1.263592839241027832e-01 -1.300428062677383423e-02
-1.451062858104705811e-01 -1.167725995182991028e-01 -9.825009703636169434e-01 3.095471858978271484e-01
1.370209157466888428e-01 9.810705780982971191e-01 -1.368393301963806152e-01 6.250806897878646851e-02
0.000000000000000000e+00 0.000000000000000000e+00 0.000000000000000000e+00 1.000000000000000000e+00
9.450312852859497070e-01 -3.089348673820495605e-01 -1.071223393082618713e-01 -2.051903307437896729e-02
-1.321289688348770142e-01 -6.112934276461601257e-02 -9.893460869789123535e-01 3.098878860473632812e-01
2.990950644016265869e-01 9.491165280342102051e-01 -9.858841449022293091e-02 3.929705172777175903e-02
0.000000000000000000e+00 0.000000000000000000e+00 0.000000000000000000e+00 1.000000000000000000e+00
9.946608543395996094e-01 4.531376063823699951e-02 -9.272028505802154541e-02 -2.325575612485408783e-02
-9.422467648983001709e-02 3.227005898952484131e-02 -9.950280785560607910e-01 3.087185323238372803e-01
-4.209638759493827820e-02 9.984515309333801270e-01 3.636741265654563904e-02 1.136353611946105957e-02
0.000000000000000000e+00 0.000000000000000000e+00 0.000000000000000000e+00 1.000000000000000000e+00
9.978427290916442871e-01 1.952899806201457977e-02 -6.267720460891723633e-02 -3.312113881111145020e-02
-6.465368717908859253e-02 1.266966909170150757e-01 -9.898324608802795410e-01 3.032298684120178223e-01
-1.138958893716335297e-02 9.917489886283874512e-01 1.276859790086746216e-01 -2.374165132641792297e-02
0.000000000000000000e+00 0.000000000000000000e+00 0.000000000000000000e+00 1.000000000000000000e+00
9.857379198074340820e-01 4.629664123058319092e-02 -1.617938429117202759e-01 -5.007339175790548325e-03
-1.672168672084808350e-01 1.611869186162948608e-01 -9.726550579071044922e-01 3.056507408618927002e-01
-1.895161718130111694e-02 9.858372211456298828e-01 1.666295677423477173e-01 -2.516134642064571381e-02
0.000000000000000000e+00 0.000000000000000000e+00 0.000000000000000000e+00 1.000000000000000000e+00
7.039543986320495605e-01 7.069510221481323242e-01 -6.832808256149291992e-02 -6.099626421928405762e-03
-2.655840516090393066e-01 1.727861464023590088e-01 -9.484776258468627930e-01 3.079518675804138184e-01
-6.587211489677429199e-01 6.858314871788024902e-01 3.093883991241455078e-01 -3.442388027906417847e-02
0.000000000000000000e+00 0.000000000000000000e+00 0.000000000000000000e+00 1.000000000000000000e+00
5.399782657623291016e-01 8.416698575019836426e-01 4.009153693914413452e-03 -9.902825579047203064e-03
-3.698564171791076660e-01 2.415570467710494995e-01 -8.971378207206726074e-01 3.071390688419342041e-01
-7.560619711875915527e-01 4.829522073268890381e-01 4.417325556278228760e-01 -7.131414115428924561e-02
0.000000000000000000e+00 0.000000000000000000e+00 0.000000000000000000e+00 1.000000000000000000e+00
9.008268117904663086e-01 3.461503386497497559e-01 -2.620889246463775635e-01 3.825109079480171204e-02
-3.812259137630462646e-01 3.417018949985504150e-01 -8.590140938758850098e-01 3.004007339477539062e-01
-2.077919691801071167e-01 8.737389445304870605e-01 4.397760033607482910e-01 -9.317451715469360352e-02
0.000000000000000000e+00 0.000000000000000000e+00 0.000000000000000000e+00 1.000000000000000000e+00
8.873218297958374023e-01 1.927901208400726318e-01 -4.189179837703704834e-01 8.500969409942626953e-02
-4.607087373733520508e-01 4.103751778602600098e-01 -7.869811654090881348e-01 2.882793247699737549e-01
2.019124478101730347e-02 8.913043737411499023e-01 4.529547989368438721e-01 -1.130224615335464478e-01
0.000000000000000000e+00 0.000000000000000000e+00 0.000000000000000000e+00 1.000000000000000000e+00
8.778170347213745117e-01 1.832283884286880493e-01 -4.425667524337768555e-01 9.271393716335296631e-02
-4.705746173858642578e-01 5.023823976516723633e-01 -7.253763079643249512e-01 2.699854075908660889e-01
8.942810446023941040e-02 8.450084924697875977e-01 5.272226333618164062e-01 -1.432937830686569214e-01
0.000000000000000000e+00 0.000000000000000000e+00 0.000000000000000000e+00 1.000000000000000000e+00
8.669871091842651367e-01 1.622464656829833984e-01 -4.711785912513732910e-01 1.023068949580192566e-01
-4.704389870166778564e-01 5.783627629280090332e-01 -6.664710044860839844e-01 2.538683414459228516e-01
1.643795222043991089e-01 7.994824647903442383e-01 5.777598619461059570e-01 -1.617053449153900146e-01
0.000000000000000000e+00 0.000000000000000000e+00 0.000000000000000000e+00 1.000000000000000000e+00
8.539665341377258301e-01 1.266763210296630859e-01 -5.046722888946533203e-01 1.101771816611289978e-01
-4.450594484806060791e-01 6.803007125854492188e-01 -5.823336243629455566e-01 2.287361174821853638e-01
2.695609927177429199e-01 7.219029068946838379e-01 6.373326182365417480e-01 -1.864410936832427979e-01
0.000000000000000000e+00 0.000000000000000000e+00 0.000000000000000000e+00 1.000000000000000000e+00
8.341205716133117676e-01 1.295203864574432373e-01 -5.361595749855041504e-01 1.217027604579925537e-01
-4.445252716541290283e-01 7.333337664604187012e-01 -5.144096016883850098e-01 2.086888402700424194e-01
3.265575468540191650e-01 6.674168109893798828e-01 6.692647337913513184e-01 -2.017295062541961670e-01
0.000000000000000000e+00 0.000000000000000000e+00 0.000000000000000000e+00 1.000000000000000000e+00
8.103896975517272949e-01 1.676624864339828491e-01 -5.613886117935180664e-01 1.331515759229660034e-01
-4.492899775505065918e-01 7.928232550621032715e-01 -4.117878377437591553e-01 1.784995645284652710e-01
3.760405480861663818e-01 5.859354734420776367e-01 7.178251743316650391e-01 -2.220926284790039062e-01
0.000000000000000000e+00 0.000000000000000000e+00 0.000000000000000000e+00 1.000000000000000000e+00
7.802880406379699707e-01 2.253664582967758179e-01 -5.834038257598876953e-01 1.439520865678787231e-01
-4.614815413951873779e-01 8.370652198791503906e-01 -2.938652634620666504e-01 1.431721597909927368e-01
4.221194982528686523e-01 4.985295236110687256e-01 7.571543455123901367e-01 -2.402205914258956909e-01
0.000000000000000000e+00 0.000000000000000000e+00 0.000000000000000000e+00 1.000000000000000000e+00
7.548214197158813477e-01 2.860298752784729004e-01 -5.902805924415588379e-01 1.498980075120925903e-01
-4.611350297927856445e-01 8.713905215263366699e-01 -1.674300581216812134e-01 1.045276075601577759e-01
4.664750993251800537e-01 3.985791802406311035e-01 7.896429300308227539e-01 -2.560249567031860352e-01
0.000000000000000000e+00 0.000000000000000000e+00 0.000000000000000000e+00 1.000000000000000000e+00
7.373681068420410156e-01 3.591392040252685547e-01 -5.721071958541870117e-01 1.470604687929153442e-01
-4.395118951797485352e-01 8.982326984405517578e-01 -2.606682013720273972e-03 5.274939909577369690e-02
5.129490494728088379e-01 2.533699274063110352e-01 8.201743960380554199e-01 -2.710543274879455566e-01
0.000000000000000000e+00 0.000000000000000000e+00 0.000000000000000000e+00 1.000000000000000000e+00
7.289011478424072266e-01 3.967648744583129883e-01 -5.579257607460021973e-01 1.418778598308563232e-01
-3.705907762050628662e-01 9.138875007629394531e-01 1.657467931509017944e-01 -5.684758536517620087e-03
5.756440758705139160e-01 8.594930917024612427e-02 8.131709694862365723e-01 -2.704891860485076904e-01
0.000000000000000000e+00 0.000000000000000000e+00 0.000000000000000000e+00 1.000000000000000000e+00
7.224447131156921387e-01 4.161239564418792725e-01 -5.521910786628723145e-01 1.387791484594345093e-01
-2.965975701808929443e-01 9.079223871231079102e-01 2.961527109146118164e-01 -5.253981798887252808e-02
6.245827674865722656e-01 -5.017537996172904968e-02 7.793449759483337402e-01 -2.627101838588714600e-01
0.000000000000000000e+00 0.000000000000000000e+00 0.000000000000000000e+00 1.000000000000000000e+00
7.182222008705139160e-01 4.430486857891082764e-01 -5.365301966667175293e-01 1.335709244012832642e-01
-2.407570779323577881e-01 8.816897273063659668e-01 4.057819545269012451e-01 -9.067613631486892700e-02
6.528346538543701172e-01 -1.622681021690368652e-01 7.399163246154785156e-01 -2.516451478004455566e-01
0.000000000000000000e+00 0.000000000000000000e+00 0.000000000000000000e+00 1.000000000000000000e+00
7.132379412651062012e-01 4.623503386974334717e-01 -5.268049836158752441e-01 1.303877234458923340e-01
-1.563296467065811157e-01 8.375886082649230957e-01 5.234557986259460449e-01 -1.340150237083435059e-01
6.832659840583801270e-01 -2.909930646419525146e-01 6.696791648864746094e-01 -2.313794493675231934e-01
0.000000000000000000e+00 0.000000000000000000e+00 0.000000000000000000e+00 1.000000000000000000e+00
6.945968270301818848e-01 4.958673119544982910e-01 -5.212011337280273438e-01 1.297279000282287598e-01
-9.153746068477630615e-02 7.795259952545166016e-01 6.196449995040893555e-01 -1.702047288417816162e-01
7.135517001152038574e-01 -3.826940059661865234e-01 5.868468284606933594e-01 -2.073410302400588989e-01
0.000000000000000000e+00 0.000000000000000000e+00 0.000000000000000000e+00 1.000000000000000000e+00
7.064320445060729980e-01 5.052417516708374023e-01 -4.956655800342559814e-01 1.208853051066398621e-01
-3.228189051151275635e-02 7.225809097290039062e-01 6.905320882797241211e-01 -1.983546912670135498e-01
7.070442438125610352e-01 -4.718129932880401611e-01 5.267645120620727539e-01 -1.891112476587295532e-01
0.000000000000000000e+00 0.000000000000000000e+00 0.000000000000000000e+00 1.000000000000000000e+00
7.158119678497314453e-01 5.079460740089416504e-01 -4.791699945926666260e-01 1.151011213660240173e-01
2.081149443984031677e-02 6.703789830207824707e-01 7.417268753051757812e-01 -2.196853905916213989e-01
6.979828476905822754e-01 -5.409091114997863770e-01 4.692942798137664795e-01 -1.722337901592254639e-01
0.000000000000000000e+00 0.000000000000000000e+00 0.000000000000000000e+00 1.000000000000000000e+00
7.459592223167419434e-01 5.011377334594726562e-01 -4.386405944824218750e-01 1.002682894468307495e-01
6.595429778099060059e-02 5.998027920722961426e-01 7.974248528480529785e-01 -2.421467751264572144e-01
6.627178788185119629e-01 -6.237767338752746582e-01 4.143763184547424316e-01 -1.566196382045745850e-01
0.000000000000000000e+00 0.000000000000000000e+00 0.000000000000000000e+00 1.000000000000000000e+00
7.977554798126220703e-01 4.691142141819000244e-01 -3.788379728794097900e-01 7.776328921318054199e-02
1.123907491564750671e-01 5.015811324119567871e-01 8.577789068222045898e-01 -2.687079608440399170e-01
5.924140810966491699e-01 -7.268756628036499023e-01 3.474149703979492188e-01 -1.347772628068923950e-01
0.000000000000000000e+00 0.000000000000000000e+00 0.000000000000000000e+00 1.000000000000000000e+00
8.296525478363037109e-01 4.612509608268737793e-01 -3.145222663879394531e-01 5.640958622097969055e-02
1.289446800947189331e-01 3.898255228996276855e-01 9.118164777755737305e-01 -2.907966375350952148e-01
5.431849956512451172e-01 -7.970467209815979004e-01 2.639438509941101074e-01 -1.067905724048614502e-01
0.000000000000000000e+00 0.000000000000000000e+00 0.000000000000000000e+00 1.000000000000000000e+00
8.792204260826110840e-01 3.890479505062103271e-01 -2.749792337417602539e-01 4.043761640787124634e-02
1.617043763399124146e-01 2.992221117019653320e-01 9.403815865516662598e-01 -3.037362396717071533e-01
4.481332600116729736e-01 -8.712676763534545898e-01 2.001712620258331299e-01 -8.335434645414352417e-02
0.000000000000000000e+00 0.000000000000000000e+00 0.000000000000000000e+00 1.000000000000000000e+00
8.950278162956237793e-01 3.590196073055267334e-01 -2.646328806877136230e-01 3.535436466336250305e-02
1.992561221122741699e-01 2.089639902114868164e-01 9.574084877967834473e-01 -3.136629462242126465e-01
3.990271091461181641e-01 -9.096367359161376953e-01 1.154918000102043152e-01 -5.515941232442855835e-02
0.000000000000000000e+00 0.000000000000000000e+00 0.000000000000000000e+00 1.000000000000000000e+00
9.654279351234436035e-01 1.290891915559768677e-01 -2.264629751443862915e-01 1.725156791508197784e-02
2.129881978034973145e-01 1.102293804287910461e-01 9.708170890808105469e-01 -3.211308717727661133e-01
1.502850055694580078e-01 -9.854876995086669922e-01 7.892400771379470825e-02 -2.909686230123043060e-02
0.000000000000000000e+00 0.000000000000000000e+00 0.000000000000000000e+00 1.000000000000000000e+00
9.819359779357910156e-01 9.544556029140949249e-03 -1.889729499816894531e-01 9.258981444872915745e-04
1.887405961751937866e-01 2.118517830967903137e-02 9.817982912063598633e-01 -3.270189166069030762e-01
1.337427832186222076e-02 -9.997298121452331543e-01 1.900109089910984039e-02 2.018288359977304935e-04
0.000000000000000000e+00 0.000000000000000000e+00 0.000000000000000000e+00 1.000000000000000000e+00
9.606729149818420410e-01 2.232562601566314697e-01 -1.651192456483840942e-01 -5.955919157713651657e-03
1.846889257431030273e-01 -6.967462599277496338e-02 9.803242087364196777e-01 -3.310374915599822998e-01
2.073589414358139038e-01 -9.722664356231689453e-01 -1.081675589084625244e-01 3.503311052918434143e-02
0.000000000000000000e+00 0.000000000000000000e+00 0.000000000000000000e+00 1.000000000000000000e+00
9.812285900115966797e-01 7.630379498004913330e-02 -1.771085113286972046e-01 -1.241646474227309227e-03
1.852337718009948730e-01 -1.174276843667030334e-01 9.756528735160827637e-01 -3.315147459506988525e-01
5.364862084388732910e-02 -9.901455044746398926e-01 -1.293574869632720947e-01 5.679906159639358521e-02
0.000000000000000000e+00 0.000000000000000000e+00 0.000000000000000000e+00 1.000000000000000000e+00
9.854916930198669434e-01 9.526027739048004150e-02 -1.404689103364944458e-01 -1.215094700455665588e-02
1.477119475603103638e-01 -7.377586513757705688e-02 9.862749576568603516e-01 -3.328745663166046143e-01
8.358965069055557251e-02 -9.927148222923278809e-01 -8.677656948566436768e-02 3.849831223487854004e-02
0.000000000000000000e+00 0.000000000000000000e+00 0.000000000000000000e+00 1.000000000000000000e+00
9.747571349143981934e-01 2.121440470218658447e-01 -6.959516555070877075e-02 -3.304466232657432556e-02
5.823784694075584412e-02 5.933000147342681885e-02 9.965378046035766602e-01 -3.291287124156951904e-01
2.155387997627258301e-01 -9.754356741905212402e-01 4.547755420207977295e-02 -1.374806649982929230e-02
0.000000000000000000e+00 0.000000000000000000e+00 0.000000000000000000e+00 1.000000000000000000e+00
8.669918179512023926e-01 4.938563704490661621e-01 -6.656293570995330811e-02 -2.643363364040851593e-02
-3.542418405413627625e-02 1.943157166242599487e-01 9.802991151809692383e-01 -3.161762952804565430e-01
4.970614016056060791e-01 -8.475534319877624512e-01 1.859647780656814575e-01 -7.551244646310806274e-02
0.000000000000000000e+00 0.000000000000000000e+00 0.000000000000000000e+00 1.000000000000000000e+00
7.890074253082275391e-01 6.110384464263916016e-01 -6.403024494647979736e-02 -1.916937157511711121e-02
-1.644127517938613892e-01 3.104107081890106201e-01 9.362763762474060059e-01 -2.910916805267333984e-01
5.919764041900634766e-01 -7.282013893127441406e-01 3.453787267208099365e-01 -1.325857639312744141e-01
0.000000000000000000e+00 0.000000000000000000e+00 0.000000000000000000e+00 1.000000000000000000e+00
9.478477835655212402e-01 2.093409448862075806e-01 2.403342127799987793e-01 -1.203096285462379456e-01
-3.067764341831207275e-01 3.947114050388336182e-01 8.660781979560852051e-01 -2.567127943038940430e-01
8.644305169582366943e-02 -8.946390748023986816e-01 4.383471608161926270e-01 -1.384495943784713745e-01
0.000000000000000000e+00 0.000000000000000000e+00 0.000000000000000000e+00 1.000000000000000000e+00
8.859987854957580566e-01 3.873139023780822754e-01 2.549395263195037842e-01 -1.165195703506469727e-01
-4.356221556663513184e-01 5.068964958190917969e-01 7.438340187072753906e-01 -2.072848081588745117e-01
1.588693708181381226e-01 -7.700933218002319336e-01 6.178322434425354004e-01 -1.972192525863647461e-01
0.000000000000000000e+00 0.000000000000000000e+00 0.000000000000000000e+00 1.000000000000000000e+00
8.049734234809875488e-01 5.283154845237731934e-01 2.700009346008300781e-01 -1.112133786082267761e-01
-5.748513936996459961e-01 5.818577408790588379e-01 5.753149986267089844e-01 -1.450584232807159424e-01
1.468456685543060303e-01 -6.183235049247741699e-01 7.720829248428344727e-01 -2.409733682870864868e-01
0.000000000000000000e+00 0.000000000000000000e+00 0.000000000000000000e+00 1.000000000000000000e+00
7.362434267997741699e-01 6.104186177253723145e-01 2.921205163002014160e-01 -1.085506081581115723e-01
-6.722337007522583008e-01 6.101103425025939941e-01 4.193645417690277100e-01 -9.049148112535476685e-02
7.776241749525070190e-02 -5.051277279853820801e-01 8.595339059829711914e-01 -2.621922492980957031e-01
0.000000000000000000e+00 0.000000000000000000e+00 0.000000000000000000e+00 1.000000000000000000e+00
6.596532464027404785e-01 7.200863361358642578e-01 2.152519524097442627e-01 -7.316134124994277954e-02
-7.486352920532226562e-01 6.042658090591430664e-01 2.727780938148498535e-01 -4.153891280293464661e-02
6.635443121194839478e-02 -3.410841524600982666e-01 9.376878142356872559e-01 -2.812969088554382324e-01
0.000000000000000000e+00 0.000000000000000000e+00 0.000000000000000000e+00 1.000000000000000000e+00
6.871606707572937012e-01 7.046453952789306641e-01 1.768747121095657349e-01 -6.213901937007904053e-02
-7.262393832206726074e-01 6.596550941467285156e-01 1.934716701507568359e-01 -1.393614150583744049e-02
1.965268701314926147e-02 -2.613996863365173340e-01 9.650306105613708496e-01 -2.841811478137969971e-01
0.000000000000000000e+00 0.000000000000000000e+00 0.000000000000000000e+00 1.000000000000000000e+00
6.976900696754455566e-01 6.950081586837768555e-01 1.737584620714187622e-01 -6.209161877632141113e-02
-7.113322615623474121e-01 7.008664608001708984e-01 5.284114927053451538e-02 3.004102967679500580e-02
-8.505643159151077271e-02 -1.604667901992797852e-01 9.833695888519287109e-01 -2.799961864948272705e-01
0.000000000000000000e+00 0.000000000000000000e+00 0.000000000000000000e+00 1.000000000000000000e+00
6.811717152595520020e-01 7.147343754768371582e-01 1.586179882287979126e-01 -5.589608103036880493e-02
-7.207569479942321777e-01 6.926972270011901855e-01 -2.607052586972713470e-02 5.164480581879615784e-02
-1.285077035427093506e-01 -9.656656533479690552e-02 9.869956970214843750e-01 -2.756269276142120361e-01
0.000000000000000000e+00 0.000000000000000000e+00 0.000000000000000000e+00 1.000000000000000000e+00
6.683260202407836914e-01 7.313435077667236328e-01 1.359284669160842896e-01 -4.759573936462402344e-02
-7.276626229286193848e-01 6.806933283805847168e-01 -8.463804423809051514e-02 6.708087027072906494e-02
-1.544250696897506714e-01 -4.234430566430091858e-02 9.870966672897338867e-01 -2.715869843959808350e-01
0.000000000000000000e+00 0.000000000000000000e+00 0.000000000000000000e+00 1.000000000000000000e+00
5.879768133163452148e-01 7.943454384803771973e-01 1.526383310556411743e-01 -4.515224322676658630e-02
-7.596701383590698242e-01 6.070997118949890137e-01 -2.330905348062515259e-01 1.094899550080299377e-01
-2.778210639953613281e-01 2.109702676534652710e-02 9.604011178016662598e-01 -2.567710578441619873e-01
0.000000000000000000e+00 0.000000000000000000e+00 0.000000000000000000e+00 1.000000000000000000e+00
5.920766592025756836e-01 7.877203226089477539e-01 1.701234281063079834e-01 -4.992100596427917480e-02
-6.729210019111633301e-01 5.994046330451965332e-01 -4.334643185138702393e-01 1.648861616849899292e-01
-4.434214830398559570e-01 1.421644240617752075e-01 8.849670886993408203e-01 -2.238588482141494751e-01
0.000000000000000000e+00 0.000000000000000000e+00 0.000000000000000000e+00 1.000000000000000000e+00
6.054608821868896484e-01 7.754681110382080078e-01 1.790705174207687378e-01 -5.446764081716537476e-02
-6.083137989044189453e-01 5.959917306900024414e-01 -5.241641998291015625e-01 1.887699365615844727e-01
-5.131971836090087891e-01 2.084298133850097656e-01 8.325776457786560059e-01 -2.028943747282028198e-01
0.000000000000000000e+00 0.000000000000000000e+00 0.000000000000000000e+00 1.000000000000000000e+00
6.735719442367553711e-01 7.194179892539978027e-01 1.695237755775451660e-01 -5.736700445413589478e-02
-4.964167475700378418e-01 6.102603077888488770e-01 -6.173754334449768066e-01 2.115260511636734009e-01
-5.476047396659851074e-01 3.316922783851623535e-01 7.681856155395507812e-01 -1.770598590373992920e-01
0.000000000000000000e+00 0.000000000000000000e+00 0.000000000000000000e+00 1.000000000000000000e+00
7.467697262763977051e-01 6.486546993255615234e-01 1.469073891639709473e-01 -5.604406818747520447e-02
-3.927418291568756104e-01 6.083478331565856934e-01 -6.896858215332031250e-01 2.273157685995101929e-01
