-0.08995234221220016 0.8713112473487854 -0.4824158847332001 0.1782047003507614 
-0.990555465221405 -0.02794171683490276 0.1342344880104065 -0.001687886891886592 
0.1034804210066795 0.4899344742298126 0.8655957579612732 -0.2630007863044739 
0 0 0 1 

-0.1657241582870483 0.8490551114082336 -0.5016380548477173 0.1862403303384781 
-0.9776138663291931 -0.07457483559846878 0.1967475414276123 -0.02400071918964386 
0.1296398937702179 0.5230141878128052 0.8424070477485657 -0.2564942240715027 
0 0 0 1 

-0.1301122307777405 0.7829278111457825 -0.6083543300628662 0.213574543595314 
-0.9914054274559021 -0.1111753731966019 0.06895928084850311 0.01707626506686211 
-0.01364385057240725 0.612098217010498 0.79066401720047 -0.2331153750419617 
0 0 0 1 

-0.08802913129329681 0.7028866410255432 -0.7058334350585938 0.2348458915948868 
-0.9945109486579895 -0.02178521454334259 0.1023378297686577 0.00974617712199688 
0.05655508115887642 0.7109678983688354 0.700946569442749 -0.2149907499551773 
0 0 0 1 

-0.06201782822608948 0.5250394940376282 -0.848815381526947 0.2760976850986481 
-0.9849545359611511 0.105248898267746 0.137066975235939 -0.001051284372806549 
0.1613025069236755 0.8445450663566589 0.5106126070022583 -0.1555110812187195 
0 0 0 1 

-0.1247391179203987 0.385673850774765 -0.9141640067100525 0.2948904633522034 
-0.985146164894104 0.06144572049379349 0.1603478938341141 -0.01242783665657043 
0.1180134415626526 0.9205868244171143 0.372280478477478 -0.1074922159314156 
0 0 0 1 

-0.1926636695861816 0.2919514179229736 -0.9368270635604858 0.3034112751483917 
-0.9748318195343018 0.05219415947794914 0.2167452722787857 -0.03063681162893772 
0.1121759414672852 0.9550078511238098 0.2745476961135864 -0.07662735134363174 
0 0 0 1 

0.6845949292182922 0.3860510587692261 -0.6182993054389954 0.1625272333621979 
-0.3647019267082214 0.9158390760421753 0.1680214703083038 -0.006180460099130869 
0.6311275362968445 0.1104684248566628 0.7677724361419678 -0.2593114376068115 
0 0 0 1 

0.6801586151123047 0.4134595394134521 -0.605338990688324 0.1573001891374588 
-0.2908954620361328 0.9101943373680115 0.2948321998119354 -0.05154993385076523 
0.672877311706543 -0.02444224618375301 0.7393500804901123 -0.2526013553142548 
0 0 0 1 

0.6651840806007385 0.4131289720535278 -0.6219760775566101 0.162337139248848 
-0.2727363109588623 0.9098647832870483 0.3126673400402069 -0.05994227528572083 
0.6950860619544983 -0.03834573179483414 0.7179029583930969 -0.2462864965200424 
0 0 0 1 

