-0.08995268493890762 0.8713111877441406 -0.4824159145355225 0.1782046854496002 
-0.990555465221405 -0.02794202044606209 0.1342345774173737 -0.001687871175818145 
0.1034803912043571 0.4899345636367798 0.8655956983566284 -0.2630007863044739 
0 0 0 1 

-0.1657243371009827 0.8490551710128784 -0.5016380548477173 0.1862403452396393 
-0.9776138663291931 -0.07457511126995087 0.1967475265264511 -0.02400072664022446 
0.1296398341655731 0.5230141878128052 0.8424071073532104 -0.2564942538738251 
0 0 0 1 

-0.1301121264696121 0.7829278707504272 -0.6083543300628662 0.2135745137929916 
-0.9914055466651917 -0.1111752763390541 0.06895922869443893 0.01707625575363636 
-0.01364373415708542 0.6120982766151428 0.79066401720047 -0.2331153452396393 
0 0 0 1 

-0.08802952617406845 0.702886700630188 -0.7058336138725281 0.2348459511995316 
-0.9945111274719238 -0.02178556844592094 0.1023379415273666 0.009746203199028969 
0.05655499175190926 0.7109680771827698 0.7009463906288147 -0.2149907499551773 
0 0 0 1 

-0.06201770156621933 0.5250394344329834 -0.8488152623176575 0.2760976850986481 
-0.9849544763565063 0.1052490025758743 0.1370669156312943 -0.001051296829245985 
0.1613024473190308 0.8445449471473694 0.5106127262115479 -0.1555110663175583 
0 0 0 1 

-0.1247390061616898 0.385673850774765 -0.9141639471054077 0.2948904931545258 
-0.9851461052894592 0.06144577264785767 0.1603479087352753 -0.01242783851921558 
0.1180134937167168 0.9205867648124695 0.3722805380821228 -0.1074921861290932 
0 0 0 1 

-0.1926634460687637 0.291951447725296 -0.9368270635604858 0.3034112751483917 
-0.9748318791389465 0.05219424888491631 0.2167451679706573 -0.03063682280480862 
0.1121760085225105 0.9550078511238098 0.2745477557182312 -0.07662730664014816 
0 0 0 1 

0.6845951080322266 0.3860509395599365 -0.6182990670204163 0.1625270545482635 
-0.3647018074989319 0.9158391952514648 0.1680213809013367 -0.006180473603308201 
0.6311273574829102 0.1104683503508568 0.7677725553512573 -0.2593114078044891 
0 0 0 1 

0.680158793926239 0.413459450006485 -0.6053389310836792 0.1573002189397812 
-0.2908954620361328 0.9101943969726562 0.2948321402072906 -0.05154991894960403 
0.6728772521018982 -0.02444229274988174 0.7393501996994019 -0.2526013851165771 
0 0 0 1 

0.6699095964431763 0.4224880039691925 -0.6105120778083801 0.1587767153978348 
-0.2761342823505402 0.9050949811935425 0.3233461976051331 -0.06315998733043671 
0.689181387424469 -0.0480293482542038 0.7229953408241272 -0.2476746141910553 
0 0 0 1 

