1.000000000000000000e+00 0.000000000000000000e+00 0.000000000000000000e+00 -4.096739311332171507e-01
0.000000000000000000e+00 -1.000000000000000000e+00 0.000000000000000000e+00 -1.964994255000929863e-02
0.000000000000000000e+00 0.000000000000000000e+00 -1.000000000000000000e+00 -2.664639050480994698e+00
0.000000000000000000e+00 0.000000000000000000e+00 0.000000000000000000e+00 1.000000000000000000e+00
9.964934587478637695e-01 -8.061245828866958618e-02 -2.242207899689674377e-02 -4.575220824824256516e-01
-8.022912591695785522e-02 -9.966228604316711426e-01 1.750084944069385529e-02 6.274518506973064680e-02
-2.375714667141437531e-02 -1.564057357609272003e-02 -9.995951652526855469e-01 -2.715929083847372638e+00
0.000000000000000000e+00 0.000000000000000000e+00 0.000000000000000000e+00 1.000000000000000000e+00
9.856439828872680664e-01 -1.639394313097000122e-01 -4.037073254585266113e-02 -4.903043815222415946e-01
-1.617550849914550781e-01 -9.854343533515930176e-01 5.247974023222923279e-02 2.082177580582980914e-01
-4.838626086711883545e-02 -4.519613087177276611e-02 -9.978054761886596680e-01 -2.708068705149459188e+00
0.000000000000000000e+00 0.000000000000000000e+00 0.000000000000000000e+00 1.000000000000000000e+00
9.667162299156188965e-01 -2.526561021804809570e-01 -4.030716791749000549e-02 -4.696105949194898654e-01
-2.491959482431411743e-01 -9.655108451843261719e-01 7.543276250362396240e-02 3.208615191556746238e-01
-5.797556415200233459e-02 -6.287771463394165039e-02 -9.963359832763671875e-01 -2.705849057384030143e+00
0.000000000000000000e+00 0.000000000000000000e+00 0.000000000000000000e+00 1.000000000000000000e+00
9.369469881057739258e-01 -3.456309437751770020e-01 -5.167420208454132080e-02 -4.753991598015424591e-01
-3.376233577728271484e-01 -9.334059357643127441e-01 1.215071529150009155e-01 4.956234260872547925e-01
-9.022965282201766968e-02 -9.639923274517059326e-02 -9.912446737289428711e-01 -2.682164996300669735e+00
0.000000000000000000e+00 0.000000000000000000e+00 0.000000000000000000e+00 1.000000000000000000e+00
8.923993110656738281e-01 -4.495905935764312744e-01 -3.861958906054496765e-02 -4.066525446081591388e-01
-4.408346712589263916e-01 -8.868889212608337402e-01 1.381770223379135132e-01 5.809550029710139896e-01
-9.637442976236343384e-02 -1.062842980027198792e-01 -9.896543025970458984e-01 -2.685142370665287270e+00
0.000000000000000000e+00 0.000000000000000000e+00 0.000000000000000000e+00 1.000000000000000000e+00
8.453764319419860840e-01 -5.337753295898437500e-01 -2.056008577346801758e-02 -3.297114584080617083e-01
-5.238472819328308105e-01 -8.359539508819580078e-01 1.635988205671310425e-01 6.895504558766206715e-01
-1.045123785734176636e-01 -1.275322139263153076e-01 -9.863127470016479492e-01 -2.677174100088174136e+00
0.000000000000000000e+00 0.000000000000000000e+00 0.000000000000000000e+00 1.000000000000000000e+00
7.948381900787353516e-01 -6.068110466003417969e-01 -3.549807239323854446e-03 -2.535271847615005458e-01
-5.979197025299072266e-01 -7.841629385948181152e-01 1.660743951797485352e-01 7.293109588373637431e-01
-1.035594269633293152e-01 -1.298797279596328735e-01 -9.861067533493041992e-01 -2.685137127837397664e+00
0.000000000000000000e+00 0.000000000000000000e+00 0.000000000000000000e+00 1.000000000000000000e+00
7.211074233055114746e-01 -6.922528743743896484e-01 2.810795605182647705e-02 -1.138353124131514793e-01
-6.865319013595581055e-01 -7.085157036781311035e-01 1.633376032114028931e-01 7.482211491890223831e-01
-9.315598756074905396e-02 -1.370809376239776611e-01 -9.861695170402526855e-01 -2.693159206384955429e+00
0.000000000000000000e+00 0.000000000000000000e+00 0.000000000000000000e+00 1.000000000000000000e+00
6.471126079559326172e-01 -7.620896100997924805e-01 2.155102416872978210e-02 -8.602341254324370745e-02
-7.570450901985168457e-01 -6.389726400375366211e-01 1.363674849271774292e-01 6.941848397926304592e-01
-9.015376865863800049e-02 -1.045602038502693176e-01 -9.904236197471618652e-01 -2.720576160925641140e+00
0.000000000000000000e+00 0.000000000000000000e+00 0.000000000000000000e+00 1.000000000000000000e+00
5.495854020118713379e-01 -8.346077799797058105e-01 3.722020983695983887e-02 1.562912259176581567e-02
-8.333023786544799805e-01 -5.444536209106445312e-01 9.579674899578094482e-02 5.939901907650206869e-01
-5.968805402517318726e-02 -8.366416394710540771e-02 -9.947046637535095215e-01 -2.767426898761160547e+00
0.000000000000000000e+00 0.000000000000000000e+00 0.000000000000000000e+00 1.000000000000000000e+00
4.615969061851501465e-01 -8.832939863204956055e-01 8.197258412837982178e-02 2.003091400212971274e-01
-8.870224356651306152e-01 -4.584488570690155029e-01 5.491752177476882935e-02 4.828831473620325276e-01
-1.092808693647384644e-02 -9.806128591299057007e-02 -9.951201677322387695e-01 -2.804710027574959241e+00
0.000000000000000000e+00 0.000000000000000000e+00 0.000000000000000000e+00 1.000000000000000000e+00
3.526702225208282471e-01 -9.310655593872070312e-01 9.349133074283599854e-02 2.764471422625045527e-01
-9.355635643005371094e-01 -3.528181314468383789e-01 1.549389306455850601e-02 3.458355573458735677e-01
1.855960115790367126e-02 -9.293130785226821899e-02 -9.954993128776550293e-01 -2.821762739193029113e+00
0.000000000000000000e+00 0.000000000000000000e+00 0.000000000000000000e+00 1.000000000000000000e+00
2.726097702980041504e-01 -9.551156163215637207e-01 1.159208342432975769e-01 3.672165836824839991e-01
-9.591572284698486328e-01 -2.792446613311767578e-01 -4.516279697418212891e-02 1.308184245560560788e-01
7.550594955682754517e-02 -9.887449443340301514e-02 -9.922310709953308105e-01 -2.815399049888413607e+00
0.000000000000000000e+00 0.000000000000000000e+00 0.000000000000000000e+00 1.000000000000000000e+00
1.947432309389114380e-01 -9.694479107856750488e-01 1.491497606039047241e-01 4.796568920146880299e-01
-9.719275236129760742e-01 -2.111955136060714722e-01 -1.036997511982917786e-01 -6.805298428289464907e-02
1.320312619209289551e-01 -1.247679144144058228e-01 -9.833620786666870117e-01 -2.799051084714016646e+00
0.000000000000000000e+00 0.000000000000000000e+00 0.000000000000000000e+00 1.000000000000000000e+00
1.172702834010124207e-01 -9.823700785636901855e-01 1.455910205841064453e-01 4.849883305939803324e-01
-9.704958796501159668e-01 -1.444635242223739624e-01 -1.930495351552963257e-01 -3.514644495865169027e-01
2.106786966323852539e-01 -1.186565011739730835e-01 -9.703273773193359375e-01 -2.775377509286435451e+00
0.000000000000000000e+00 0.000000000000000000e+00 0.000000000000000000e+00 1.000000000000000000e+00
1.898369342088699341e-01 -9.722229838371276855e-01 1.369106620550155640e-01 4.508289959105289402e-01
-9.536364078521728516e-01 -2.157559394836425781e-01 -2.098259925842285156e-01 -3.957574807346005974e-01
2.335368841886520386e-01 -9.073027223348617554e-02 -9.681056737899780273e-01 -2.749193171176402828e+00
0.000000000000000000e+00 0.000000000000000000e+00 0.000000000000000000e+00 1.000000000000000000e+00
2.707412838935852051e-01 -9.532672166824340820e-01 1.340925693511962891e-01 4.219744372671687116e-01
-9.388359785079956055e-01 -2.922616302967071533e-01 -1.821265667676925659e-01 -2.960769737630495335e-01
2.128053903579711914e-01 -7.658176124095916748e-02 -9.740888476371765137e-01 -2.741815408582633395e+00
0.000000000000000000e+00 0.000000000000000000e+00 0.000000000000000000e+00 1.000000000000000000e+00
3.303326666355133057e-01 -9.336757063865661621e-01 1.383101791143417358e-01 4.174449444012376942e-01
-9.321609139442443848e-01 -3.457196354866027832e-01 -1.074888706207275391e-01 -5.312547838789710708e-02
1.481763422489166260e-01 -9.342030435800552368e-02 -9.845386147499084473e-01 -2.740281467517489133e+00
0.000000000000000000e+00 0.000000000000000000e+00 0.000000000000000000e+00 1.000000000000000000e+00
3.605171740055084229e-01 -9.163648486137390137e-01 1.740764081478118896e-01 5.069071453238607194e-01
-9.295991063117980957e-01 -3.683183789253234863e-01 -1.365831680595874786e-02 2.507623750898104187e-01
7.663153856992721558e-02 -1.568972617387771606e-01 -9.846374392509460449e-01 -2.703224056241249507e+00
0.000000000000000000e+00 0.000000000000000000e+00 0.000000000000000000e+00 1.000000000000000000e+00
4.036307036876678467e-01 -8.960860967636108398e-01 1.846942454576492310e-01 5.168489266939063631e-01
-9.148578047752380371e-01 -3.976821601390838623e-01 6.988429278135299683e-02 5.120873198441295848e-01
1.082723215222358704e-02 -1.971764117479324341e-01 -9.803081154823303223e-01 -2.656553782060453006e+00
0.000000000000000000e+00 0.000000000000000000e+00 0.000000000000000000e+00 1.000000000000000000e+00
4.608473181724548340e-01 -8.600974082946777344e-01 2.187511324882507324e-01 5.813556117853874161e-01
-8.863921761512756348e-01 -4.338842630386352539e-01 1.614107936620712280e-01 7.694702616405963980e-01
-4.391640797257423401e-02 -2.682850062847137451e-01 -9.623380303382873535e-01 -2.558135140980411837e+00
0.000000000000000000e+00 0.000000000000000000e+00 0.000000000000000000e+00 1.000000000000000000e+00
5.376168489456176758e-01 -8.194554448127746582e-01 1.986486762762069702e-01 4.729164779323808410e-01
-8.382405638694763184e-01 -4.939298927783966064e-01 2.310546636581420898e-01 9.479931732448305670e-01
-9.122040122747421265e-02 -2.907341420650482178e-01 -9.524453878402709961e-01 -2.493639251975308557e+00
0.000000000000000000e+00 0.000000000000000000e+00 0.000000000000000000e+00 1.000000000000000000e+00
5.943314433097839355e-01 -7.805524468421936035e-01 1.936710923910140991e-01 4.185176890735495259e-01
-7.940419912338256836e-01 -5.313467979431152344e-01 2.952425479888916016e-01 1.094096782656019284e+00
-1.275458186864852905e-01 -3.292546272277832031e-01 -9.355872869491577148e-01 -2.414239382971900660e+00
0.000000000000000000e+00 0.000000000000000000e+00 0.000000000000000000e+00 1.000000000000000000e+00
6.757670044898986816e-01 -7.179942727088928223e-01 1.668042391538619995e-01 2.892785841068844510e-01
-7.178089618682861328e-01 -5.895433425903320312e-01 3.703903257846832275e-01 1.237984193530653476e+00
-1.675999313592910767e-01 -3.700308501720428467e-01 -9.137759804725646973e-01 -2.315074466732535807e+00
0.000000000000000000e+00 0.000000000000000000e+00 0.000000000000000000e+00 1.000000000000000000e+00
7.360097169876098633e-01 -6.591005325317382812e-01 1.545189917087554932e-01 2.232729503771926083e-01
-6.480988264083862305e-01 -6.200716495513916016e-01 4.421300888061523438e-01 1.370079173774825465e+00
-1.955953836441040039e-01 -4.255556166172027588e-01 -8.835410475730895996e-01 -2.186162848801376235e+00
0.000000000000000000e+00 0.000000000000000000e+00 0.000000000000000000e+00 1.000000000000000000e+00
7.605047821998596191e-01 -6.350636482238769531e-01 1.353749930858612061e-01 1.510674743375043927e-01
-5.977156162261962891e-01 -6.032085418701171875e-01 5.280865430831909180e-01 1.552378922012248363e+00
-2.537092864513397217e-01 -4.825280308723449707e-01 -8.383305668830871582e-01 -1.994842539241755475e+00
0.000000000000000000e+00 0.000000000000000000e+00 0.000000000000000000e+00 1.000000000000000000e+00
7.907822132110595703e-01 -5.957399606704711914e-01 1.405604034662246704e-01 1.378774679054579899e-01
-5.340549349784851074e-01 -5.593150258064270020e-01 6.339967250823974609e-01 1.803021139295809316e+00
-2.990797758102416992e-01 -5.764204263687133789e-01 -7.604544162750244141e-01 -1.730143748509819890e+00
0.000000000000000000e+00 0.000000000000000000e+00 0.000000000000000000e+00 1.000000000000000000e+00
8.152339458465576172e-01 -5.608596801757812500e-01 1.443260461091995239e-01 1.285946530888463502e-01
-4.813518226146697998e-01 -5.176431536674499512e-01 7.073512673377990723e-01 1.981195057922503944e+00
-3.220154643058776855e-01 -6.461283564567565918e-01 -6.919711828231811523e-01 -1.506734710852501991e+00
0.000000000000000000e+00 0.000000000000000000e+00 0.000000000000000000e+00 1.000000000000000000e+00
8.421499729156494141e-01 -5.228946805000305176e-01 1.317746341228485107e-01 7.290797821818163771e-02
-4.138049185276031494e-01 -4.699689745903015137e-01 7.796759009361267090e-01 2.155188511153095732e+00
-3.457584679126739502e-01 -7.111330628395080566e-01 -6.121608018875122070e-01 -1.292591543674949106e+00
0.000000000000000000e+00 0.000000000000000000e+00 0.000000000000000000e+00 1.000000000000000000e+00
8.704735040664672852e-01 -4.837111234664916992e-01 9.110100567340850830e-02 -5.291568307063854171e-02
-3.285065293312072754e-01 -4.330893754959106445e-01 8.393550515174865723e-01 2.288547840733567984e+00
-3.665505647659301758e-01 -7.605635523796081543e-01 -5.358951091766357422e-01 -1.105121815261857376e+00
0.000000000000000000e+00 0.000000000000000000e+00 0.000000000000000000e+00 1.000000000000000000e+00
8.891916275024414062e-01 -4.525413215160369873e-01 6.741383671760559082e-02 -1.184150519207142482e-01
-2.384171932935714722e-01 -3.325362801551818848e-01 9.124563932418823242e-01 2.424496575414833988e+00
-3.905067145824432373e-01 -8.274211883544921875e-01 -4.035820960998535156e-01 -7.721629230693108914e-01
0.000000000000000000e+00 0.000000000000000000e+00 0.000000000000000000e+00 1.000000000000000000e+00
8.805852532386779785e-01 -4.733598232269287109e-01 2.236076071858406067e-02 -2.692256084003636918e-01
-7.913176715373992920e-02 -1.003569215536117554e-01 9.917996525764465332e-01 2.588100123459982971e+00
-4.672340750694274902e-01 -8.751335740089416504e-01 -1.258306652307510376e-01 -7.094646765349332806e-02
0.000000000000000000e+00 0.000000000000000000e+00 0.000000000000000000e+00 1.000000000000000000e+00
8.740510940551757812e-01 -4.848174452781677246e-01 3.141291067004203796e-02 -2.273809433843886341e-01
-8.429415524005889893e-02 -8.765704184770584106e-02 9.925777912139892578e-01 2.592733127684442529e+00
-4.784654974937438965e-01 -8.702116012573242188e-01 -1.174840182065963745e-01 -9.617104489454014749e-02
0.000000000000000000e+00 0.000000000000000000e+00 0.000000000000000000e+00 1.000000000000000000e+00
8.322196006774902344e-01 -5.538800954818725586e-01 2.504791691899299622e-02 -2.041956752885948079e-01
-1.026699617505073547e-01 -1.095543503761291504e-01 9.886640906333923340e-01 2.588653379771480356e+00
-5.448572635650634766e-01 -8.253572583198547363e-01 -1.480401605367660522e-01 -1.502610415383663633e-01
0.000000000000000000e+00 0.000000000000000000e+00 0.000000000000000000e+00 1.000000000000000000e+00
8.129423856735229492e-01 -5.797684788703918457e-01 5.471044406294822693e-02 -1.286555968728117783e-01
-2.338863313198089600e-01 -2.390187531709671021e-01 9.424262046813964844e-01 2.517459364230073326e+00
-5.333121418952941895e-01 -7.789342403411865234e-01 -3.299083709716796875e-01 -5.383992658379379570e-01
0.000000000000000000e+00 0.000000000000000000e+00 0.000000000000000000e+00 1.000000000000000000e+00
8.291848897933959961e-01 -5.502581596374511719e-01 9.832774102687835693e-02 -2.684484183672695284e-02
-3.131867647171020508e-01 -3.116346299648284912e-01 8.971050977706909180e-01 2.431024723952193600e+00
-4.629972279071807861e-01 -7.746609449386596680e-01 -4.307363331317901611e-01 -8.059419112847522326e-01
0.000000000000000000e+00 0.000000000000000000e+00 0.000000000000000000e+00 1.000000000000000000e+00
8.125351071357727051e-01 -5.720268487930297852e-01 1.121247634291648865e-01 1.103608883318186150e-02
-3.743997514247894287e-01 -3.647081851959228516e-01 8.525331020355224609e-01 2.343675624115061140e+00
-4.467790424823760986e-01 -7.346925735473632812e-01 -5.105049610137939453e-01 -1.016374398038932592e+00
0.000000000000000000e+00 0.000000000000000000e+00 0.000000000000000000e+00 1.000000000000000000e+00
8.325162529945373535e-01 -5.484581589698791504e-01 7.816799730062484741e-02 -1.219237886165468743e-01
-4.519899189472198486e-01 -5.908378958702087402e-01 6.682929992675781250e-01 1.977964648127640945e+00
-3.203462362289428711e-01 -5.916959643363952637e-01 -7.397797703742980957e-01 -1.668357849646969093e+00
0.000000000000000000e+00 0.000000000000000000e+00 0.000000000000000000e+00 1.000000000000000000e+00
8.358843922615051270e-01 -5.467147827148437500e-01 4.898786172270774841e-02 -2.111909873847402919e-01
-4.604780375957489014e-01 -6.498520374298095703e-01 6.046912670135498047e-01 1.803675940905377084e+00
-2.987591028213500977e-01 -5.280097126960754395e-01 -7.949517965316772461e-01 -1.828588189821843457e+00
0.000000000000000000e+00 0.000000000000000000e+00 0.000000000000000000e+00 1.000000000000000000e+00
8.578494191169738770e-01 -5.110688805580139160e-01 5.387282744050025940e-02 -2.019872547631527127e-01
-4.581387042999267578e-01 -7.130606770515441895e-01 5.307105779647827148e-01 1.599567822246640736e+00
-2.328151762485504150e-01 -4.799511134624481201e-01 -8.458389639854431152e-01 -1.986173109418998939e+00
0.000000000000000000e+00 0.000000000000000000e+00 0.000000000000000000e+00 1.000000000000000000e+00
8.718549013137817383e-01 -4.893926680088043213e-01 1.907146349549293518e-02 -2.824502278441674563e-01
-4.573420882225036621e-01 -7.995892763137817383e-01 3.892229795455932617e-01 1.221269092434836390e+00
-1.752336919307708740e-01 -3.480680584907531738e-01 -9.209461808204650879e-01 -2.197619531493178346e+00
0.000000000000000000e+00 0.000000000000000000e+00 0.000000000000000000e+00 1.000000000000000000e+00
8.779441714286804199e-01 -4.784518778324127197e-01 1.725743710994720459e-02 -2.701517263532132174e-01
-4.667303264141082764e-01 -8.472925424575805664e-01 2.534919679164886475e-01 8.736584968438793064e-01
-1.066616401076316833e-01 -2.306064069271087646e-01 -9.671835303306579590e-01 -2.343513358804209190e+00
0.000000000000000000e+00 0.000000000000000000e+00 0.000000000000000000e+00 1.000000000000000000e+00
8.797694444656372070e-01 -4.750925004482269287e-01 1.710236445069313049e-02 -2.338677011752524348e-01
-4.753398597240447998e-01 -8.785151243209838867e-01 4.756142199039459229e-02 3.334060196499705198e-01
-7.571407593786716461e-03 -4.997254535555839539e-02 -9.987218976020812988e-01 -2.464793212927268495e+00
0.000000000000000000e+00 0.000000000000000000e+00 0.000000000000000000e+00 1.000000000000000000e+00
8.874365687370300293e-01 -4.608254432678222656e-01 9.785503149032592773e-03 -2.371112697782724321e-01
-4.598056077957153320e-01 -8.865550756454467773e-01 -5.097780376672744751e-02 6.511507262186834455e-02
3.216727077960968018e-02 4.074015095829963684e-02 -9.986518025398254395e-01 -2.487257626680544842e+00
0.000000000000000000e+00 0.000000000000000000e+00 0.000000000000000000e+00 1.000000000000000000e+00
8.936188220977783203e-01 -4.487924575805664062e-01 5.521916318684816360e-03 -2.436120141922230309e-01
-4.428879320621490479e-01 -8.837232589721679688e-01 -1.512711644172668457e-01 -2.237548189336033555e-01
7.276928424835205078e-02 1.327331662178039551e-01 -9.884768724441528320e-01 -2.478875724576780737e+00
0.000000000000000000e+00 0.000000000000000000e+00 0.000000000000000000e+00 1.000000000000000000e+00
8.974102139472961426e-01 -4.411128163337707520e-01 8.630208671092987061e-03 -2.340208986757210119e-01
-4.244466125965118408e-01 -8.685123324394226074e-01 -2.559908628463745117e-01 -5.299836360235663513e-01
1.204163059592247009e-01 2.260657101869583130e-01 -9.666405916213989258e-01 -2.437113841053797803e+00
0.000000000000000000e+00 0.000000000000000000e+00 0.000000000000000000e+00 1.000000000000000000e+00
8.996614217758178711e-01 -4.364111125469207764e-01 1.244416832923889160e-02 -2.214192789512605675e-01
-4.009429812431335449e-01 -8.371524214744567871e-01 -3.720485270023345947e-01 -8.822497593035349972e-01
1.727839261293411255e-01 3.297282457351684570e-01 -9.281298518180847168e-01 -2.346577101859848469e+00
0.000000000000000000e+00 0.000000000000000000e+00 0.000000000000000000e+00 1.000000000000000000e+00
9.074175953865051270e-01 -4.202159941196441650e-01 3.367471741512417793e-03 -2.543117636074778698e-01
-3.722225129604339600e-01 -8.074480891227722168e-01 -4.576873779296875000e-01 -1.147205586571211189e+00
1.950467824935913086e-01 4.140602350234985352e-01 -8.891066908836364746e-01 -2.255438403242690626e+00
0.000000000000000000e+00 0.000000000000000000e+00 0.000000000000000000e+00 1.000000000000000000e+00
9.164607524871826172e-01 -4.000851511955261230e-01 5.599204450845718384e-03 -2.761347932515086367e-01
-3.318189084529876709e-01 -7.677568793296813965e-01 -5.481290817260742188e-01 -1.428807668326365965e+00
2.235973030328750610e-01 5.004809498786926270e-01 -8.363751769065856934e-01 -2.137951183221066032e+00
0.000000000000000000e+00 0.000000000000000000e+00 0.000000000000000000e+00 1.000000000000000000e+00
9.116499423980712891e-01 -4.102488458156585693e-01 -2.429127134382724762e-02 -3.681845366913333306e-01
-3.327249586582183838e-01 -7.021002173423767090e-01 -6.295624971389770508e-01 -1.654509477401256090e+00
2.412226051092147827e-01 5.820229053497314453e-01 -7.765698432922363281e-01 -2.000674357453896324e+00
0.000000000000000000e+00 0.000000000000000000e+00 0.000000000000000000e+00 1.000000000000000000e+00
9.161726236343383789e-01 -3.992286920547485352e-01 -3.527214378118515015e-02 -4.194757083032397693e-01
-2.985939979553222656e-01 -6.212186813354492188e-01 -7.245199084281921387e-01 -1.935884048019837600e+00
2.673375010490417480e-01 6.743172407150268555e-01 -6.883507966995239258e-01 -1.778097963646924518e+00
0.000000000000000000e+00 0.000000000000000000e+00 0.000000000000000000e+00 1.000000000000000000e+00
9.249241948127746582e-01 -3.764496147632598877e-01 -5.291980504989624023e-02 -4.812534324936575958e-01
-2.674907147884368896e-01 -5.455656051635742188e-01 -7.942334413528442383e-01 -2.148508174800984882e+00
2.701176404953002930e-01 7.487613558769226074e-01 -6.053038239479064941e-01 -1.546820958988169181e+00
0.000000000000000000e+00 0.000000000000000000e+00 0.000000000000000000e+00 1.000000000000000000e+00
9.344937205314636230e-01 -3.523826003074645996e-01 -5.047375336289405823e-02 -4.940394135014692933e-01
-2.243235409259796143e-01 -4.728366732597351074e-01 -8.521177172660827637e-01 -2.329390152001761916e+00
2.764055728912353516e-01 8.076212406158447266e-01 -5.209107398986816406e-01 -1.325010569929684578e+00
0.000000000000000000e+00 0.000000000000000000e+00 0.000000000000000000e+00 1.000000000000000000e+00
9.448177218437194824e-01 -3.230447471141815186e-01 -5.442003905773162842e-02 -5.309159127232325748e-01
-1.906345337629318237e-01 -4.070722162723541260e-01 -8.932808637619018555e-01 -2.461717748241242010e+00
2.664166390895843506e-01 8.543616533279418945e-01 -4.461925327777862549e-01 -1.129478200037468572e+00
0.000000000000000000e+00 0.000000000000000000e+00 0.000000000000000000e+00 1.000000000000000000e+00
9.573248624801635742e-01 -2.842972576618194580e-01 -5.200189352035522461e-02 -5.484535169365041263e-01
-1.551982015371322632e-01 -3.539004623889923096e-01 -9.223167896270751953e-01 -2.562590032773569781e+00
2.438085824251174927e-01 8.910273909568786621e-01 -3.829202353954315186e-01 -9.493756105932120715e-01
0.000000000000000000e+00 0.000000000000000000e+00 0.000000000000000000e+00 1.000000000000000000e+00
9.631924033164978027e-01 -2.606334984302520752e-01 -6.581050902605056763e-02 -6.139702052270668009e-01
-1.385678201913833618e-01 -2.716108560562133789e-01 -9.523793458938598633e-01 -2.690360783762142383e+00
2.303470373153686523e-01 9.264436364173889160e-01 -2.977288067340850830e-01 -6.765034581352753484e-01
0.000000000000000000e+00 0.000000000000000000e+00 0.000000000000000000e+00 1.000000000000000000e+00
9.750629067420959473e-01 -2.132179737091064453e-01 -6.156717240810394287e-02 -6.294203361253866147e-01
-1.021731644868850708e-01 -1.850171536207199097e-01 -9.774093031883239746e-01 -2.796186712835119881e+00
1.970102488994598389e-01 9.593262672424316406e-01 -2.021885812282562256e-01 -3.546465299370594182e-01
0.000000000000000000e+00 0.000000000000000000e+00 0.000000000000000000e+00 1.000000000000000000e+00
9.927746057510375977e-01 -1.180407926440238953e-01 -2.157140709459781647e-02 -5.337313457921838422e-01
-3.763567656278610229e-02 -1.356058269739151001e-01 -9.900476336479187012e-01 -2.853921561369245463e+00
1.139408648014068604e-01 9.837058186531066895e-01 -1.390685290098190308e-01 -1.741491245096634388e-01
0.000000000000000000e+00 0.000000000000000000e+00 0.000000000000000000e+00 1.000000000000000000e+00
9.961807131767272949e-01 -8.713559061288833618e-02 5.576910916715860367e-03 -4.754262362482086779e-01
-1.592245139181613922e-02 -2.440924495458602905e-01 -9.696208834648132324e-01 -2.816794061762272428e+00
8.584982901811599731e-02 9.658291339874267578e-01 -2.445476949214935303e-01 -4.823031459421692202e-01
0.000000000000000000e+00 0.000000000000000000e+00 0.000000000000000000e+00 1.000000000000000000e+00
9.979444146156311035e-01 -3.745125234127044678e-02 5.200684815645217896e-02 -3.329105492047428339e-01
3.907583281397819519e-02 -2.876307666301727295e-01 -9.569436907768249512e-01 -2.884225658447186813e+00
5.079751834273338318e-02 9.570089578628540039e-01 -2.855761349201202393e-01 -5.888757985742243406e-01
0.000000000000000000e+00 0.000000000000000000e+00 0.000000000000000000e+00 1.000000000000000000e+00
9.889630079269409180e-01 4.628564417362213135e-02 1.407478451728820801e-01 -2.383284368151221064e-02
1.480683833360671997e-01 -2.747864723205566406e-01 -9.500356316566467285e-01 -2.976706383034902093e+00
-5.297447089105844498e-03 9.603903889656066895e-01 -2.786071896553039551e-01 -5.412995844294949954e-01
0.000000000000000000e+00 0.000000000000000000e+00 0.000000000000000000e+00 1.000000000000000000e+00
9.673088788986206055e-01 7.055330276489257812e-02 2.435894608497619629e-01 2.950259307038847201e-01
2.535637021064758301e-01 -2.525420486927032471e-01 -9.337707757949829102e-01 -3.018331677094447940e+00
-4.364074207842350006e-03 9.650101661682128906e-01 -2.621759474277496338e-01 -4.787431623283311399e-01
0.000000000000000000e+00 0.000000000000000000e+00 0.000000000000000000e+00 1.000000000000000000e+00
9.760985374450683594e-01 -8.255281485617160797e-03 2.171713411808013916e-01 1.880406985599856473e-01
2.037665843963623047e-01 -3.127051889896392822e-01 -9.277365207672119141e-01 -2.986049654210614523e+00
7.556929439306259155e-02 9.498143196105957031e-01 -3.035489022731781006e-01 -6.588520293691396690e-01
0.000000000000000000e+00 0.000000000000000000e+00 0.000000000000000000e+00 1.000000000000000000e+00
9.849385619163513184e-01 -1.294170171022415161e-01 1.146610230207443237e-01 -1.717066814261366259e-01
5.927595496177673340e-02 -3.702239692211151123e-01 -9.270493984222412109e-01 -2.917140959752410279e+00
1.624262332916259766e-01 9.198835492134094238e-01 -3.569764792919158936e-01 -9.232007233702960169e-01
0.000000000000000000e+00 0.000000000000000000e+00 0.000000000000000000e+00 1.000000000000000000e+00
9.776992797851562500e-01 -2.093859314918518066e-01 1.616848632693290710e-02 -4.840002259080029567e-01
-5.008006840944290161e-02 -3.072244226932525635e-01 -9.503182768821716309e-01 -2.930772864141735212e+00
2.039506584405899048e-01 9.283161759376525879e-01 -3.108592033386230469e-01 -8.227079229987594999e-01
0.000000000000000000e+00 0.000000000000000000e+00 0.000000000000000000e+00 1.000000000000000000e+00
9.162414669990539551e-01 -3.893438279628753662e-01 -9.440646320581436157e-02 -7.985839031473522809e-01
-2.307006716728210449e-01 -3.201050460338592529e-01 -9.188633561134338379e-01 -2.744229184696915347e+00
3.275338113307952881e-01 8.636804223060607910e-01 -3.831153512001037598e-01 -1.137907011653928047e+00
0.000000000000000000e+00 0.000000000000000000e+00 0.000000000000000000e+00 1.000000000000000000e+00
8.716185092926025391e-01 -4.812584221363067627e-01 -9.311969578266143799e-02 -7.827920916367074877e-01
-2.837890684604644775e-01 -3.405346870422363281e-01 -8.963816165924072266e-01 -2.637674778485607163e+00
3.996806442737579346e-01 8.077291846275329590e-01 -4.333921074867248535e-01 -1.363654350549963645e+00
0.000000000000000000e+00 0.000000000000000000e+00 0.000000000000000000e+00 1.000000000000000000e+00
8.325982093811035156e-01 -5.497626066207885742e-01 -6.739113479852676392e-02 -6.859597509161282636e-01
-3.414384126663208008e-01 -4.136392176151275635e-01 -8.439918756484985352e-01 -2.452807424273878212e+00
4.361194372177124023e-01 7.257158160209655762e-01 -5.321051478385925293e-01 -1.699222515401622058e+00
0.000000000000000000e+00 0.000000000000000000e+00 0.000000000000000000e+00 1.000000000000000000e+00
8.012558817863464355e-01 -5.963460803031921387e-01 -4.857784509658813477e-02 -6.107589731447468084e-01
-4.255561232566833496e-01 -5.109400749206542969e-01 -7.468882203102111816e-01 -2.104785335678173386e+00
4.205836951732635498e-01 6.191210746765136719e-01 -6.631726026535034180e-01 -2.097158946919331246e+00
0.000000000000000000e+00 0.000000000000000000e+00 0.000000000000000000e+00 1.000000000000000000e+00
7.730249762535095215e-01 -6.340693831443786621e-01 -1.970409043133258820e-02 -5.139099726487029729e-01
-5.057936310768127441e-01 -5.972957611083984375e-01 -6.224231719970703125e-01 -1.671583988145814104e+00
3.828903138637542725e-01 4.911147356033325195e-01 -7.824325561523437500e-01 -2.439366877354733898e+00
0.000000000000000000e+00 0.000000000000000000e+00 0.000000000000000000e+00 1.000000000000000000e+00
7.524487972259521484e-01 -6.584408283233642578e-01 -1.662757806479930878e-02 -4.927862741590121054e-01
-5.656138062477111816e-01 -6.330214142799377441e-01 -5.285494923591613770e-01 -1.347293284053629359e+00
3.374930024147033691e-01 4.071111977100372314e-01 -8.487394452095031738e-01 -2.618894549330160082e+00
0.000000000000000000e+00 0.000000000000000000e+00 0.000000000000000000e+00 1.000000000000000000e+00
6.497322916984558105e-01 -7.600287795066833496e-01 -1.427917741239070892e-02 -4.192193961055629137e-01
-6.788117885589599609e-01 -5.716423392295837402e-01 -4.609115719795227051e-01 -1.064291229282822382e+00
3.421436250209808350e-01 3.091619908809661865e-01 -8.873311877250671387e-01 -2.753910612523714718e+00
0.000000000000000000e+00 0.000000000000000000e+00 0.000000000000000000e+00 1.000000000000000000e+00
5.815029144287109375e-01 -8.131464719772338867e-01 2.543869428336620331e-02 -2.538895779932179853e-01
-7.406662702560424805e-01 -5.420881509780883789e-01 -3.969303369522094727e-01 -8.215686484492417119e-01
3.365526497364044189e-01 2.119745612144470215e-01 -9.174962639808654785e-01 -2.856916176130449792e+00
0.000000000000000000e+00 0.000000000000000000e+00 0.000000000000000000e+00 1.000000000000000000e+00
5.390238761901855469e-01 -8.401150703430175781e-01 6.049549207091331482e-02 -1.098555231529770304e-01
-7.812454700469970703e-01 -5.255114436149597168e-01 -3.368876576423645020e-01 -6.017099365649128950e-01
3.148155510425567627e-01 1.343286633491516113e-01 -9.395995140075683594e-01 -2.915281267764555651e+00
0.000000000000000000e+00 0.000000000000000000e+00 0.000000000000000000e+00 1.000000000000000000e+00
5.038200616836547852e-01 -8.553436994552612305e-01 1.206327527761459351e-01 1.047171161348336016e-01
-8.176345825195312500e-01 -5.172629952430725098e-01 -2.528086304664611816e-01 -3.176326536770043840e-01
2.786372303962707520e-01 2.873652055859565735e-02 -9.599664211273193359e-01 -2.962366553163553018e+00
0.000000000000000000e+00 0.000000000000000000e+00 0.000000000000000000e+00 1.000000000000000000e+00
4.362414479255676270e-01 -8.839936852455139160e-01 1.680724769830703735e-01 3.066765117968761611e-01
-8.588132858276367188e-01 -4.647790193557739258e-01 -2.154536843299865723e-01 -1.698806146712488196e-01
2.685762345790863037e-01 -5.035312101244926453e-02 -9.619414806365966797e-01 -2.965851929956831778e+00
0.000000000000000000e+00 0.000000000000000000e+00 0.000000000000000000e+00 1.000000000000000000e+00
3.556662201881408691e-01 -8.934949040412902832e-01 2.741682231426239014e-01 6.949949755512937477e-01
-8.917041420936584473e-01 -4.122731089591979980e-01 -1.868011057376861572e-01 -5.522968693019510850e-02
2.799380421638488770e-01 -1.780381053686141968e-01 -9.433649182319641113e-01 -2.912818242409729752e+00
0.000000000000000000e+00 0.000000000000000000e+00 0.000000000000000000e+00 1.000000000000000000e+00
2.887723743915557861e-01 -8.824108839035034180e-01 3.714316487312316895e-01 1.036214494960370436e+00
-9.132460951805114746e-01 -3.703370392322540283e-01 -1.698002815246582031e-01 1.086533356578385165e-02
2.873884141445159912e-01 -2.901748716831207275e-01 -9.128013253211975098e-01 -2.824387464397499770e+00
0.000000000000000000e+00 0.000000000000000000e+00 0.000000000000000000e+00 1.000000000000000000e+00
2.684444487094879150e-01 -8.495627045631408691e-01 4.540713429450988770e-01 1.297739029343522699e+00
-9.334377646446228027e-01 -3.458605706691741943e-01 -9.525833278894424438e-02 2.543877388369679138e-01
2.379733324050903320e-01 -3.982758224010467529e-01 -8.858583569526672363e-01 -2.704752754478504162e+00
0.000000000000000000e+00 0.000000000000000000e+00 0.000000000000000000e+00 1.000000000000000000e+00
1.761989742517471313e-01 -7.705593109130859375e-01 6.125294566154479980e-01 1.836068182024625406e+00
-9.613485932350158691e-01 -2.684528529644012451e-01 -6.117289140820503235e-02 3.663591934882376999e-01
2.115726768970489502e-01 -5.780757069587707520e-01 -7.880771160125732422e-01 -2.391987441717304819e+00
0.000000000000000000e+00 0.000000000000000000e+00 0.000000000000000000e+00 1.000000000000000000e+00
1.352853327989578247e-01 -6.695494651794433594e-01 7.303433418273925781e-01 2.218630434663834805e+00
-9.733583331108093262e-01 -2.275365889072418213e-01 -2.829622104763984680e-02 4.683397152579977796e-01
1.851255148649215698e-01 -7.070576548576354980e-01 -6.824939846992492676e-01 -2.062209428392981270e+00
0.000000000000000000e+00 0.000000000000000000e+00 0.000000000000000000e+00 1.000000000000000000e+00
1.112547516822814941e-01 -5.741657018661499023e-01 8.111449480056762695e-01 2.471501543646208887e+00
-9.834753870964050293e-01 -1.809132546186447144e-01 6.832434330135583878e-03 5.782692954000390184e-01
1.428238898515701294e-01 -7.985013127326965332e-01 -5.848053097724914551e-01 -1.747071873980936774e+00
0.000000000000000000e+00 0.000000000000000000e+00 0.000000000000000000e+00 1.000000000000000000e+00
7.926318049430847168e-02 -5.053192973136901855e-01 8.592842817306518555e-01 2.638828603246144322e+00
-9.906403422355651855e-01 -1.360213011503219604e-01 1.138976495712995529e-02 5.999450774634099703e-01
1.111253947019577026e-01 -8.521445393562316895e-01 -5.113713741302490234e-01 -1.509089844328128427e+00
0.000000000000000000e+00 0.000000000000000000e+00 0.000000000000000000e+00 1.000000000000000000e+00
1.579544693231582642e-01 -5.153801441192626953e-01 8.422788381576538086e-01 2.522547095669950057e+00
-9.872119426727294922e-01 -1.010061874985694885e-01 1.233295649290084839e-01 9.318078737041630699e-01
2.151373215019702911e-02 -8.509881496429443359e-01 -5.247439146041870117e-01 -1.483570517545132583e+00
0.000000000000000000e+00 0.000000000000000000e+00 0.000000000000000000e+00 1.000000000000000000e+00
2.659417986869812012e-01 -5.725048780441284180e-01 7.755728960037231445e-01 2.252801531217748732e+00
-9.590431451797485352e-01 -7.573528587818145752e-02 2.729476988315582275e-01 1.364281158005656192e+00
-9.752562642097473145e-02 -8.163960576057434082e-01 -5.691979527473449707e-01 -1.522650694602635246e+00
0.000000000000000000e+00 0.000000000000000000e+00 0.000000000000000000e+00 1.000000000000000000e+00
3.195773959159851074e-01 -6.161934137344360352e-01 7.198444604873657227e-01 2.059419686544313510e+00
-9.292514920234680176e-01 -5.518833175301551819e-02 3.653027117252349854e-01 1.610461866724405944e+00
-1.853701025247573853e-01 -7.856590151786804199e-01 -5.902354121208190918e-01 -1.523688498586446505e+00
0.000000000000000000e+00 0.000000000000000000e+00 0.000000000000000000e+00 1.000000000000000000e+00
3.662662804126739502e-01 -6.372935175895690918e-01 6.780162453651428223e-01 1.906110844967666917e+00
-8.896124362945556641e-01 -2.617789804935455322e-02 4.559656083583831787e-01 1.843181614836859383e+00
-2.728347182273864746e-01 -7.701764702796936035e-01 -5.765321850776672363e-01 -1.418293999061113198e+00
0.000000000000000000e+00 0.000000000000000000e+00 0.000000000000000000e+00 1.000000000000000000e+00
4.262474477291107178e-01 -6.328699588775634766e-01 6.463657617568969727e-01 1.763662245425813513e+00
-8.372638225555419922e-01 -5.478270817548036575e-03 5.467717051506042480e-01 2.068063887131127210e+00
-3.424944579601287842e-01 -7.742387056350708008e-01 -5.322142243385314941e-01 -1.225320956993904309e+00
0.000000000000000000e+00 0.000000000000000000e+00 0.000000000000000000e+00 1.000000000000000000e+00
5.221746563911437988e-01 -6.393937468528747559e-01 5.643663406372070312e-01 1.468594512113092776e+00
-7.282340526580810547e-01 1.011736039072275162e-02 6.852539181709289551e-01 2.370988825851196857e+00
-4.438569247722625732e-01 -7.688130140304565430e-01 -4.603451788425445557e-01 -9.198694581231373624e-01
0.000000000000000000e+00 0.000000000000000000e+00 0.000000000000000000e+00 1.000000000000000000e+00
6.350136995315551758e-01 -6.691462993621826172e-01 3.860063850879669189e-01 8.732144239991342927e-01
-5.688178539276123047e-01 -6.692677736282348633e-02 8.197360038757324219e-01 2.674097953393173466e+00
-5.226891040802001953e-01 -7.401109337806701660e-01 -4.231217801570892334e-01 -7.425539145941936203e-01
0.000000000000000000e+00 0.000000000000000000e+00 0.000000000000000000e+00 1.000000000000000000e+00
6.436023116111755371e-01 -7.124511599540710449e-01 2.796235084533691406e-01 5.859769921085397071e-01
-4.917936623096466064e-01 -1.050258725881576538e-01 8.643544316291809082e-01 2.754564323964630024e+00
-5.864426493644714355e-01 -6.938175559043884277e-01 -4.179739058017730713e-01 -6.847799518046291389e-01
0.000000000000000000e+00 0.000000000000000000e+00 0.000000000000000000e+00 1.000000000000000000e+00
6.103613972663879395e-01 -7.645386457443237305e-01 2.072186022996902466e-01 4.320756764880904210e-01
-3.944453895092010498e-01 -6.649277359247207642e-02 9.165104627609252930e-01 2.846417288897154396e+00
-6.869292259216308594e-01 -6.411390304565429688e-01 -3.421534001827239990e-01 -4.471507092811221606e-01
0.000000000000000000e+00 0.000000000000000000e+00 0.000000000000000000e+00 1.000000000000000000e+00
4.490641057491302490e-01 -8.911796808242797852e-01 6.434474885463714600e-02 1.766882170724878021e-01
-2.115060240030288696e-01 -3.605732694268226624e-02 9.767113327980041504e-01 2.921465886690585378e+00
-8.681051731109619141e-01 -4.522153437137603760e-01 -2.046818882226943970e-01 -4.653513666190847026e-02
0.000000000000000000e+00 0.000000000000000000e+00 0.000000000000000000e+00 1.000000000000000000e+00
3.544730246067047119e-01 -9.235587716102600098e-01 -1.462469995021820068e-01 -3.506083356069542023e-01
-1.906659007072448730e-01 -2.245065420866012573e-01 9.556377530097961426e-01 2.932187745662926837e+00
-9.154209494590759277e-01 -3.108635544776916504e-01 -2.556726336479187012e-01 -2.758952884235339464e-01
0.000000000000000000e+00 0.000000000000000000e+00 0.000000000000000000e+00 1.000000000000000000e+00
