0.1894779205322266 0.973557710647583 -0.1276062875986099 0.04413671791553497 
-0.9741976261138916 0.2026305943727493 0.09939663112163544 -0.002530472353100777 
0.1226252913475037 0.1054802909493446 0.9868317842483521 -0.3031353056430817 
0 0 0 1 

0.1131031662225723 0.9852158427238464 -0.1286758929491043 0.04655416309833527 
-0.9719758629798889 0.1365734189748764 0.191339448094368 -0.03408347070217133 
0.206084355711937 0.1034287437796593 0.9730527997016907 -0.3000864386558533 
0 0 0 1 

0.191178023815155 0.974938690662384 -0.1137779429554939 0.04076841101050377 
-0.9547457098960876 0.2116094529628754 0.2090021967887878 -0.03909912332892418 
0.2278408110141754 0.06867240369319916 0.9712737202644348 -0.2975422441959381 
0 0 0 1 

0.2764214873313904 0.9540621042251587 -0.1155701652169228 0.03888555243611336 
-0.9389725923538208 0.2937356531620026 0.1790242195129395 -0.02737224660813808 
0.2047473192214966 0.05903109908103943 0.9770331978797913 -0.2967814207077026 
0 0 0 1 

0.3276521563529968 0.9374901056289673 -0.1172871440649033 0.03817884624004364 
-0.9346119165420532 0.339792400598526 0.1050790548324585 -0.001310104853473604 
0.138363853096962 0.07518859952688217 0.9875231981277466 -0.2963046729564667 
0 0 0 1 

0.3642680644989014 0.918208122253418 -0.155571773648262 0.04829201102256775 
-0.9288071393966675 0.3703905045986176 0.01131806429475546 0.03147586807608604 
0.06801463663578033 0.1403733640909195 0.9877597689628601 -0.292376309633255 
0 0 0 1 

0.4403447806835175 0.8835504651069641 -0.1594831794500351 0.02958042360842228 
-0.8581790328025818 0.4664097130298615 0.2144542634487152 -0.01456638984382153 
0.2638656795024872 0.04243132472038269 0.9636256694793701 -0.3201964199542999 
0 0 0 1 

0.3561645448207855 0.9001734256744385 -0.2506682574748993 0.06669747084379196 
-0.8948259353637695 0.4058349430561066 0.1859690248966217 -0.002092157024890184 
0.2691343128681183 0.1580689400434494 0.9500426054000854 -0.315628856420517 
0 0 0 1 

0.2887672781944275 0.8909769654273987 -0.35039022564888 0.104472815990448 
-0.9160969853401184 0.3634757995605469 0.1692677587270737 0.005052733700722456 
0.2781720459461212 0.2721124887466431 0.9211813807487488 -0.3068144917488098 
0 0 0 1 

0.9719769358634949 0.0042294105514884 -0.2350389063358307 0.02888313308358192 
-0.02715239115059376 0.9951661229133606 -0.09437797963619232 0.02959447354078293 
0.2335035651922226 0.09811503440141678 0.9673932194709778 -0.28480064868927 
0 0 0 1 

