0.7939597368240356 0.6078997850418091 -0.009257562458515167 -0.02495340816676617 
-0.6003777980804443 0.7815547585487366 -0.1694657653570175 0.08240243047475815 
-0.09578291326761246 0.1401070207357407 0.9854925870895386 -0.2896153330802917 
0 0 0 1 

0.72304767370224 0.6898825168609619 -0.03555077686905861 -0.01151367742568254 
-0.6852879524230957 0.7098429799079895 -0.162797674536705 0.08331286162137985 
-0.0870758518576622 0.1420729905366898 0.9860187768936157 -0.2905728816986084 
0 0 0 1 

0.6469365358352661 0.761883556842804 -0.03172342479228973 -0.007541697472333908 
-0.7577833533287048 0.6377000212669373 -0.1382126659154892 0.0784996896982193 
-0.08507197350263596 0.1134542971849442 0.9898943901062012 -0.2933736741542816 
0 0 0 1 

0.4003081023693085 0.8931955695152283 -0.2048289626836777 0.0603746585547924 
-0.9161089062690735 0.3955056369304657 -0.06572289019823074 0.05688580870628357 
0.02230758406221867 0.2139550596475601 0.9765887260437012 -0.2853873372077942 
0 0 0 1 

0.4590458571910858 0.857166051864624 -0.2335445582866669 0.06548740714788437 
-0.8875647783279419 0.4309974610805511 -0.1626950204372406 0.08622165769338608 
-0.03879958391189575 0.2819704413414001 0.9586382508277893 -0.2747853100299835 
0 0 0 1 

0.532544732093811 0.8197994232177734 -0.2105346471071243 0.05309005454182625 
-0.8419951200485229 0.4877725541591644 -0.2304817736148834 0.1048007532954216 
-0.08625587075948715 0.30001100897789 0.9500280618667603 -0.268438309431076 
0 0 0 1 

0.5938756465911865 0.7770308256149292 -0.208649531006813 0.04808323457837105 
-0.7956427335739136 0.5287058353424072 -0.2956731617450714 0.1206085681915283 
-0.1194330304861069 0.341603547334671 0.9322246313095093 -0.2596123814582825 
0 0 0 1 

0.6735966205596924 0.7168164253234863 -0.180115818977356 0.03355829045176506 
-0.7217113971710205 0.5853707790374756 -0.3694232404232025 0.1358619332313538 
-0.1593741774559021 0.3788338601589203 0.9116384983062744 -0.249410405755043 
0 0 0 1 

0.7396182417869568 0.6524083018302917 -0.1653121113777161 0.0255418848246336 
-0.6462695002555847 0.6198868751525879 -0.4450571238994598 0.1510609090328217 
-0.1878842413425446 0.4360085427761078 0.8801113367080688 -0.2351338118314743 
0 0 0 1 

0.7559642195701599 0.6337008476257324 -0.1641382873058319 0.0239805206656456 
-0.6228957176208496 0.6192538142204285 -0.478043407201767 0.1576376855373383 
-0.2012932896614075 0.4636247456073761 0.862863302230835 -0.2266807705163956 
0 0 0 1 

