1.000000000000000000e+00 0.000000000000000000e+00 0.000000000000000000e+00 -4.146692231928954531e-01
0.000000000000000000e+00 -1.000000000000000000e+00 0.000000000000000000e+00 -7.693198940031911737e-02
0.000000000000000000e+00 0.000000000000000000e+00 -1.000000000000000000e+00 -3.421550398492883005e+00
0.000000000000000000e+00 0.000000000000000000e+00 0.000000000000000000e+00 1.000000000000000000e+00
9.908781647682189941e-01 -1.339498758316040039e-01 -1.475852169096469879e-02 -5.043537054912712314e-01
-1.328717023134231567e-01 -9.893852472305297852e-01 5.883762985467910767e-02 2.647742984020857171e-01
-2.248319424688816071e-02 -5.633992701768875122e-02 -9.981583952903747559e-01 -3.430057590920180477e+00
0.000000000000000000e+00 0.000000000000000000e+00 0.000000000000000000e+00 1.000000000000000000e+00
9.714031815528869629e-01 -2.342259287834167480e-01 -3.890732675790786743e-02 -5.935862431919468607e-01
-2.294048964977264404e-01 -9.681187272071838379e-01 1.005939990282058716e-01 5.364227966136387860e-01
-6.122872233390808105e-02 -8.879178762435913086e-02 -9.941665530204772949e-01 -3.402048659482883153e+00
0.000000000000000000e+00 0.000000000000000000e+00 0.000000000000000000e+00 1.000000000000000000e+00
9.415470957756042480e-01 -3.344869315624237061e-01 -4.009234532713890076e-02 -5.859607499068685277e-01
-3.260234296321868896e-01 -9.346961975097656250e-01 1.416039913892745972e-01 7.837034064150424362e-01
-8.483891934156417847e-02 -1.202558204531669617e-01 -9.891113638877868652e-01 -3.369159812194967518e+00
0.000000000000000000e+00 0.000000000000000000e+00 0.000000000000000000e+00 1.000000000000000000e+00
8.965888023376464844e-01 -4.428516030311584473e-01 -3.278729040175676346e-03 -3.932551755609935418e-01
-4.364115297794342041e-01 -8.847610950469970703e-01 1.635319739580154419e-01 9.405070258633940750e-01
-7.532132416963577271e-02 -1.451900601387023926e-01 -9.865327477455139160e-01 -3.364306782933057960e+00
0.000000000000000000e+00 0.000000000000000000e+00 0.000000000000000000e+00 1.000000000000000000e+00
8.307397365570068359e-01 -5.566231608390808105e-01 6.485950201749801636e-03 -2.888036652892164713e-01
-5.475839972496032715e-01 -8.150428533554077148e-01 1.893579214811325073e-01 1.109335068886937892e+00
-1.001147478818893433e-01 -1.608587503433227539e-01 -9.818867444992065430e-01 -3.342643775830709707e+00
0.000000000000000000e+00 0.000000000000000000e+00 0.000000000000000000e+00 1.000000000000000000e+00
7.565724849700927734e-01 -6.527560353279113770e-01 3.882448747754096985e-02 -9.518145862516780298e-02
-6.487067937850952148e-01 -7.417540550231933594e-01 1.702350825071334839e-01 1.085113871808933705e+00
-8.232386410236358643e-02 -1.539809256792068481e-01 -9.846383929252624512e-01 -3.381429748242053446e+00
0.000000000000000000e+00 0.000000000000000000e+00 0.000000000000000000e+00 1.000000000000000000e+00
6.917713284492492676e-01 -7.190317511558532715e-01 6.667467206716537476e-02 5.266607762346584010e-02
-7.211989164352416992e-01 -6.832884550094604492e-01 1.139665991067886353e-01 8.774590956161638644e-01
-3.638762608170509338e-02 -1.269245445728302002e-01 -9.912447929382324219e-01 -3.461116426676632774e+00
0.000000000000000000e+00 0.000000000000000000e+00 0.000000000000000000e+00 1.000000000000000000e+00
5.888419747352600098e-01 -8.074719309806823730e-01 3.540930896997451782e-02 -2.098313975912076412e-02
-8.072222471237182617e-01 -5.853236317634582520e-01 7.608152180910110474e-02 7.363719798924691640e-01
-4.070781171321868896e-02 -7.338317483663558960e-02 -9.964727163314819336e-01 -3.545427598369097932e+00
0.000000000000000000e+00 0.000000000000000000e+00 0.000000000000000000e+00 1.000000000000000000e+00
5.033484101295471191e-01 -8.632619976997375488e-01 3.766948357224464417e-02 4.140638952789445215e-02
-8.634296059608459473e-01 -5.007937550544738770e-01 6.078535690903663635e-02 6.865091638079847680e-01
-3.360904380679130554e-02 -6.312116235494613647e-02 -9.974398016929626465e-01 -3.586123552678321058e+00
0.000000000000000000e+00 0.000000000000000000e+00 0.000000000000000000e+00 1.000000000000000000e+00
4.066592156887054443e-01 -9.119009375572204590e-01 5.535886436700820923e-02 1.632129100494983109e-01
-9.134492874145507812e-01 -4.068784117698669434e-01 7.763768546283245087e-03 4.662607353165771906e-01
1.544452738016843796e-02 -5.372472479939460754e-02 -9.984363913536071777e-01 -3.638857115332199132e+00
0.000000000000000000e+00 0.000000000000000000e+00 0.000000000000000000e+00 1.000000000000000000e+00
2.907714843750000000e-01 -9.551941156387329102e-01 5.527824535965919495e-02 2.205360435571787903e-01
-9.558838009834289551e-01 -2.925274074077606201e-01 -2.671471238136291504e-02 3.214846848295970227e-01
4.168812930583953857e-02 -4.507172107696533203e-02 -9.981134533882141113e-01 -3.669066265945487348e+00
0.000000000000000000e+00 0.000000000000000000e+00 0.000000000000000000e+00 1.000000000000000000e+00
1.807090491056442261e-01 -9.813746809959411621e-01 6.517375260591506958e-02 3.170443549960518803e-01
-9.814527630805969238e-01 -1.842409819364547729e-01 -5.296673998236656189e-02 2.090675271468436236e-01
6.398790329694747925e-02 -5.439340323209762573e-02 -9.964671730995178223e-01 -3.678422798816093575e+00
0.000000000000000000e+00 0.000000000000000000e+00 0.000000000000000000e+00 1.000000000000000000e+00
1.040991172194480896e-01 -9.921644330024719238e-01 6.908764690160751343e-02 3.676801389621687233e-01
-9.904619455337524414e-01 -1.097239032387733459e-01 -8.334219455718994141e-02 7.867490755373610090e-02
9.026972204446792603e-02 -5.975282937288284302e-02 -9.941232204437255859e-01 -3.673780381165735243e+00
0.000000000000000000e+00 0.000000000000000000e+00 0.000000000000000000e+00 1.000000000000000000e+00
2.104170620441436768e-02 -9.963082075119018555e-01 8.323036134243011475e-02 4.762944170357391593e-01
-9.972884058952331543e-01 -2.678851783275604248e-02 -6.854369491338729858e-02 1.543716743920535983e-01
7.052025943994522095e-02 -8.156239986419677734e-02 -9.941702485084533691e-01 -3.602340646767748567e+00
0.000000000000000000e+00 0.000000000000000000e+00 0.000000000000000000e+00 1.000000000000000000e+00
-9.061715751886367798e-02 -8.653455972671508789e-01 4.929150342941284180e-01 2.101725507228048073e+00
-9.912636280059814453e-01 3.074354492127895355e-02 -1.282609552145004272e-01 -6.512798387826254642e-02
9.583602845668792725e-02 -5.002315044403076172e-01 -8.605718612670898438e-01 -3.014071048018951426e+00
0.000000000000000000e+00 0.000000000000000000e+00 0.000000000000000000e+00 1.000000000000000000e+00
-1.634132415056228638e-01 -8.420782089233398438e-01 5.140042304992675781e-01 2.202601058114094013e+00
-9.786227941513061523e-01 7.241306453943252563e-02 -1.924935281276702881e-01 -3.261458698835715264e-01
1.248739659786224365e-01 -5.344722867012023926e-01 -8.359102010726928711e-01 -2.934209606757766320e+00
0.000000000000000000e+00 0.000000000000000000e+00 0.000000000000000000e+00 1.000000000000000000e+00
-1.270827651023864746e-01 -7.746886610984802246e-01 6.194413304328918457e-01 2.513300409032001248e+00
-9.917140603065490723e-01 1.110698580741882324e-01 -6.455048173666000366e-02 1.487945169092509123e-01
-1.879467815160751343e-02 -6.225118637084960938e-01 -7.823846340179443359e-01 -2.656403928925747948e+00
0.000000000000000000e+00 0.000000000000000000e+00 0.000000000000000000e+00 1.000000000000000000e+00
-8.748067170381546021e-02 -6.856487393379211426e-01 7.226569056510925293e-01 2.782876205470261599e+00
-9.949463009834289551e-01 2.424634620547294617e-02 -9.743785858154296875e-02 6.385892142902045709e-02
4.928636923432350159e-02 -7.275286912918090820e-01 -6.843046545982360840e-01 -2.413845017741407695e+00
0.000000000000000000e+00 0.000000000000000000e+00 0.000000000000000000e+00 1.000000000000000000e+00
-6.335828453302383423e-02 -5.206196308135986328e-01 8.514345288276672363e-01 3.208404385064360209e+00
-9.856804609298706055e-01 -1.009438559412956238e-01 -1.350713521242141724e-01 -7.006507412440077243e-02
1.562677770853042603e-01 -8.478003144264221191e-01 -5.067690610885620117e-01 -1.778392213407789857e+00
0.000000000000000000e+00 0.000000000000000000e+00 0.000000000000000000e+00 1.000000000000000000e+00
-1.229544579982757568e-01 -3.743483722209930420e-01 9.191004037857055664e-01 3.432703683167054542e+00
-9.854981899261474609e-01 -6.307508051395416260e-02 -1.575273424386978149e-01 -1.960609703143580962e-01
1.169424653053283691e-01 -9.251404404640197754e-01 -3.611642420291900635e-01 -1.196744815927916150e+00
0.000000000000000000e+00 0.000000000000000000e+00 0.000000000000000000e+00 1.000000000000000000e+00
-1.930070668458938599e-01 -2.751397192478179932e-01 9.418313503265380859e-01 3.532809691626279225e+00
-9.749764204025268555e-01 -5.413830280303955078e-02 -2.156150639057159424e-01 -4.146204341463175513e-01
1.103133335709571838e-01 -9.598786234855651855e-01 -2.578057944774627686e-01 -8.220441811381514752e-01
0.000000000000000000e+00 0.000000000000000000e+00 0.000000000000000000e+00 1.000000000000000000e+00
-2.745323181152343750e-01 -1.516183316707611084e-01 9.495491385459899902e-01 3.600604914454824446e+00
-9.594328999519348145e-01 -2.272771485149860382e-02 -2.810190320014953613e-01 -6.588587661128639805e-01
6.418857723474502563e-02 -9.881776571273803711e-01 -1.392283439636230469e-01 -3.613321857074376364e-01
0.000000000000000000e+00 0.000000000000000000e+00 0.000000000000000000e+00 1.000000000000000000e+00
-3.101105988025665283e-01 2.881847321987152100e-01 9.059695005416870117e-01 3.491080671850905315e+00
-9.482429027557373047e-01 -2.528675831854343414e-02 -3.165371716022491455e-01 -7.666564933168551477e-01
-6.831227242946624756e-02 -9.572407603263854980e-01 2.811107039451599121e-01 1.261036677145892071e+00
0.000000000000000000e+00 0.000000000000000000e+00 0.000000000000000000e+00 1.000000000000000000e+00
-2.536864876747131348e-01 3.694992959499359131e-01 8.939312696456909180e-01 3.398075480409602722e+00
-9.670919775962829590e-01 -7.836312800645828247e-02 -2.420580238103866577e-01 -4.976273046740402051e-01
-1.938915625214576721e-02 -9.259207844734191895e-01 3.772193491458892822e-01 1.591992487406844958e+00
0.000000000000000000e+00 0.000000000000000000e+00 0.000000000000000000e+00 1.000000000000000000e+00
-1.511307805776596069e-01 3.468491137027740479e-01 9.256645441055297852e-01 3.433352752994469181e+00
-9.884976744651794434e-01 -4.770661145448684692e-02 -1.435137093067169189e-01 -1.299283156766591063e-01
-5.617361515760421753e-03 -9.367067217826843262e-01 3.500694036483764648e-01 1.475451189849825928e+00
0.000000000000000000e+00 0.000000000000000000e+00 0.000000000000000000e+00 1.000000000000000000e+00
