1.000000000000000000e+00 0.000000000000000000e+00 0.000000000000000000e+00 -3.619798645377159119e-02
0.000000000000000000e+00 1.000000000000000000e+00 0.000000000000000000e+00 -1.327119767665863037e-03
0.000000000000000000e+00 0.000000000000000000e+00 1.000000000000000000e+00 -2.960163652896881104e-01
0.000000000000000000e+00 0.000000000000000000e+00 0.000000000000000000e+00 1.000000000000000000e+00
9.901914000511169434e-01 1.395733952522277832e-01 6.337702274322509766e-03 -4.105776920914649963e-02
-1.390607059001922607e-01 9.889163374900817871e-01 -5.202667415142059326e-02 2.704626694321632385e-02
-1.352899894118309021e-02 5.063504353165626526e-02 9.986256361007690430e-01 -2.974714338779449463e-01
0.000000000000000000e+00 0.000000000000000000e+00 0.000000000000000000e+00 1.000000000000000000e+00
9.717929959297180176e-01 2.347530573606491089e-01 2.256460674107074738e-02 -4.652951657772064209e-02
-2.315410822629928589e-01 9.678968787193298340e-01 -9.779589623212814331e-02 5.172391608357429504e-02
-4.479815065860748291e-02 8.981271088123321533e-02 9.949505925178527832e-01 -2.954527437686920166e-01
0.000000000000000000e+00 0.000000000000000000e+00 0.000000000000000000e+00 1.000000000000000000e+00
9.411730170249938965e-01 3.366864621639251709e-01 2.890637703239917755e-02 -4.744779691100120544e-02
-3.297587037086486816e-01 9.337538480758666992e-01 -1.391494423151016235e-01 7.355723530054092407e-02
-7.384125143289566040e-02 1.214315518736839294e-01 9.898494482040405273e-01 -2.921296954154968262e-01
0.000000000000000000e+00 0.000000000000000000e+00 0.000000000000000000e+00 1.000000000000000000e+00
8.959229588508605957e-01 4.441970288753509521e-01 3.292551264166831970e-03 -3.420552238821983337e-02
-4.379559457302093506e-01 8.845257759094238281e-01 -1.606507599353790283e-01 8.670023828744888306e-02
-7.427298277616500854e-02 1.424887180328369141e-01 9.870058298110961914e-01 -2.913872003555297852e-01
0.000000000000000000e+00 0.000000000000000000e+00 0.000000000000000000e+00 1.000000000000000000e+00
8.303722143173217773e-01 5.570632815361022949e-01 -1.273531373590230942e-02 -2.314894273877143860e-02
-5.491701364517211914e-01 8.143105506896972656e-01 -1.879098117351531982e-01 1.017585173249244690e-01
-9.430721402168273926e-02 1.630289405584335327e-01 9.821037650108337402e-01 -2.896200120449066162e-01
0.000000000000000000e+00 0.000000000000000000e+00 0.000000000000000000e+00 1.000000000000000000e+00
7.541226148605346680e-01 6.550778150558471680e-01 -4.660271853208541870e-02 -5.671660881489515305e-03
-6.522949934005737305e-01 7.389017343521118164e-01 -1.689233034849166870e-01 9.956874698400497437e-02
-7.622317969799041748e-02 1.577876061201095581e-01 9.845268130302429199e-01 -2.926973700523376465e-01
0.000000000000000000e+00 0.000000000000000000e+00 0.000000000000000000e+00 1.000000000000000000e+00
6.930022835731506348e-01 7.171244025230407715e-01 -7.402852177619934082e-02 6.597443018108606339e-03
-7.203218936920166016e-01 6.845176815986633301e-01 -1.121238768100738525e-01 8.139232546091079712e-02
-2.973297238349914551e-02 1.310264766216278076e-01 9.909328818321228027e-01 -2.995527088642120361e-01
0.000000000000000000e+00 0.000000000000000000e+00 0.000000000000000000e+00 1.000000000000000000e+00
5.871731638908386230e-01 8.083143830299377441e-01 -4.307185485959053040e-02 4.161654214840382338e-04
-8.087624311447143555e-01 5.836249589920043945e-01 -7.269722223281860352e-02 6.899444013833999634e-02
-3.362442553043365479e-02 7.752075791358947754e-02 9.964236021041870117e-01 -3.069912195205688477e-01
0.000000000000000000e+00 0.000000000000000000e+00 0.000000000000000000e+00 1.000000000000000000e+00
5.026000142097473145e-01 8.625186681747436523e-01 -5.877686291933059692e-02 1.006636209785938263e-02
-8.643300533294677734e-01 4.999057352542877197e-01 -5.502615869045257568e-02 6.393404304981231689e-02
-1.807819306850433350e-02 7.845874875783920288e-02 9.967533946037292480e-01 -3.105315566062927246e-01
0.000000000000000000e+00 0.000000000000000000e+00 0.000000000000000000e+00 1.000000000000000000e+00
4.006327092647552490e-01 9.144459962844848633e-01 -5.728751048445701599e-02 1.496371626853942871e-02
-9.159947633743286133e-01 4.011851549148559570e-01 -2.011652104556560516e-03 4.512244462966918945e-02
2.114334702491760254e-02 5.328099429607391357e-02 9.983556866645812988e-01 -3.153473436832427979e-01
0.000000000000000000e+00 0.000000000000000000e+00 0.000000000000000000e+00 1.000000000000000000e+00
2.887247204780578613e-01 9.551391005516052246e-01 -6.593555957078933716e-02 2.275363169610500336e-02
-9.561976790428161621e-01 2.911414802074432373e-01 3.037280961871147156e-02 3.242527693510055542e-02
4.820681735873222351e-02 5.427804589271545410e-02 9.973614811897277832e-01 -3.173870742321014404e-01
0.000000000000000000e+00 0.000000000000000000e+00 0.000000000000000000e+00 1.000000000000000000e+00
1.688510179519653320e-01 9.820024967193603516e-01 -8.461727946996688843e-02 3.391210362315177917e-02
-9.828721880912780762e-01 1.741860210895538330e-01 6.017819046974182129e-02 2.157539688050746918e-02
7.383428514003753662e-02 7.300683856010437012e-02 9.945947527885437012e-01 -3.180540800094604492e-01
0.000000000000000000e+00 0.000000000000000000e+00 0.000000000000000000e+00 1.000000000000000000e+00
9.834486246109008789e-02 9.905147552490234375e-01 -9.596029669046401978e-02 4.036524146795272827e-02
-9.907298684120178223e-01 1.065321490168571472e-01 8.429007977247238159e-02 1.186172664165496826e-02
9.371344000101089478e-02 8.678126335144042969e-02 9.918099641799926758e-01 -3.170598447322845459e-01
0.000000000000000000e+00 0.000000000000000000e+00 0.000000000000000000e+00 1.000000000000000000e+00
1.462797354906797409e-02 9.944126009941101074e-01 -1.045429557561874390e-01 4.805746302008628845e-02
-9.972859621047973633e-01 2.205506898462772369e-02 7.024452835321426392e-02 1.858265884220600128e-02
7.215775549411773682e-02 1.032317057251930237e-01 9.920365214347839355e-01 -3.109606504440307617e-01
0.000000000000000000e+00 0.000000000000000000e+00 0.000000000000000000e+00 1.000000000000000000e+00
-9.025170654058456421e-02 8.926208615303039551e-01 -4.416813850402832031e-01 1.655221730470657349e-01
-9.905422329902648926e-01 -3.443264216184616089e-02 1.328173130750656128e-01 -1.856261747889220715e-03
1.033472344279289246e-01 4.494911730289459229e-01 8.872862458229064941e-01 -2.708168923854827881e-01
0.000000000000000000e+00 0.000000000000000000e+00 0.000000000000000000e+00 1.000000000000000000e+00
-1.679465472698211670e-01 8.659440279006958008e-01 -4.710992574691772461e-01 1.767864525318145752e-01
-9.767245650291442871e-01 -8.148863166570663452e-02 1.984144896268844604e-01 -2.521536871790885925e-02
1.334266066551208496e-01 4.934574961662292480e-01 8.594751358032226562e-01 -2.629143595695495605e-01
0.000000000000000000e+00 0.000000000000000000e+00 0.000000000000000000e+00 1.000000000000000000e+00
-1.349282413721084595e-01 8.084140419960021973e-01 -5.729408264160156250e-01 2.027948349714279175e-01
-9.908145070075988770e-01 -1.153495609760284424e-01 7.058086991310119629e-02 1.636235602200031281e-02
-9.029913693666458130e-03 5.772012472152709961e-01 8.165518641471862793e-01 -2.421074509620666504e-01
0.000000000000000000e+00 0.000000000000000000e+00 0.000000000000000000e+00 1.000000000000000000e+00
-8.778727054595947266e-02 7.275761961936950684e-01 -6.803867816925048828e-01 2.267521172761917114e-01
-9.945910573005676270e-01 -2.595579996705055237e-02 1.005716398358345032e-01 9.796676225960254669e-03
5.551354587078094482e-02 6.855356693267822266e-01 7.259196043014526367e-01 -2.230351567268371582e-01
0.000000000000000000e+00 0.000000000000000000e+00 0.000000000000000000e+00 1.000000000000000000e+00
-5.974288284778594971e-02 5.539780259132385254e-01 -8.303849101066589355e-01 2.702988684177398682e-01
-9.851929545402526855e-01 1.012018844485282898e-01 1.383958607912063599e-01 -2.092377981171011925e-03
1.607048213481903076e-01 8.263575434684753418e-01 5.397291183471679688e-01 -1.649893969297409058e-01
0.000000000000000000e+00 0.000000000000000000e+00 0.000000000000000000e+00 1.000000000000000000e+00
-1.253119409084320068e-01 4.096527099609375000e-01 -9.035936594009399414e-01 2.917237877845764160e-01
-9.849036931991577148e-01 5.826434865593910217e-02 1.630029976367950439e-01 -1.366104744374752045e-02
1.194218397140502930e-01 9.103789329528808594e-01 3.961674571037292480e-01 -1.149804741144180298e-01
0.000000000000000000e+00 0.000000000000000000e+00 0.000000000000000000e+00 1.000000000000000000e+00
-1.934075951576232910e-01 3.113142848014831543e-01 -9.304174780845642090e-01 3.014458119869232178e-01
-9.744953513145446777e-01 4.904716089367866516e-02 2.189812213182449341e-01 -3.165650367736816406e-02
1.138062775135040283e-01 9.490401744842529297e-01 2.938883006572723389e-01 -8.292505145072937012e-02
0.000000000000000000e+00 0.000000000000000000e+00 0.000000000000000000e+00 1.000000000000000000e+00
-2.754755616188049316e-01 1.921621859073638916e-01 -9.419059157371520996e-01 3.085811138153076172e-01
-9.586962461471557617e-01 1.725891977548599243e-02 2.839072644710540771e-01 -5.325531959533691406e-02
7.081247866153717041e-02 9.812113642692565918e-01 1.794709265232086182e-01 -4.433941468596458435e-02
0.000000000000000000e+00 0.000000000000000000e+00 0.000000000000000000e+00 1.000000000000000000e+00
-1.747204214334487915e-01 -8.341639637947082520e-01 -5.231094956398010254e-01 1.695711761713027954e-01
-9.524095058441162109e-01 8.405387401580810547e-03 3.047048449516296387e-01 -5.729844421148300171e-02
-2.497767657041549683e-01 5.514528155326843262e-01 -7.959340810775756836e-01 2.796144187450408936e-01
0.000000000000000000e+00 0.000000000000000000e+00 0.000000000000000000e+00 1.000000000000000000e+00
-1.777651607990264893e-01 -8.533936738967895508e-01 -4.900199174880981445e-01 1.580307334661483765e-01
-9.700608253479003906e-01 6.823194772005081177e-02 2.330806553363800049e-01 -3.509486466646194458e-02
-1.654743850231170654e-01 5.167828202247619629e-01 -8.399725556373596191e-01 2.888853251934051514e-01
0.000000000000000000e+00 0.000000000000000000e+00 0.000000000000000000e+00 1.000000000000000000e+00
-9.230420738458633423e-02 -8.490481376647949219e-01 -5.201890468597412109e-01 1.603821218013763428e-01
-9.907662868499755859e-01 2.621251717209815979e-02 1.330222040414810181e-01 -8.929137839004397392e-04
-9.930689632892608643e-02 5.276642441749572754e-01 -8.436273932456970215e-01 2.858181893825531006e-01
0.000000000000000000e+00 0.000000000000000000e+00 0.000000000000000000e+00 1.000000000000000000e+00
2.261044457554817200e-02 -8.563452363014221191e-01 -5.159082412719726562e-01 1.492820680141448975e-01
-9.994725584983825684e-01 -3.139017522335052490e-02 8.301042951643466949e-03 4.140411689877510071e-02
-2.330308780074119568e-02 5.154485106468200684e-01 -8.566033244132995605e-01 2.845212221145629883e-01
0.000000000000000000e+00 0.000000000000000000e+00 0.000000000000000000e+00 1.000000000000000000e+00
5.053757876157760620e-02 -8.597447276115417480e-01 -5.082167983055114746e-01 1.439447402954101562e-01
-9.934591650962829590e-01 8.895686827600002289e-03 -1.138392984867095947e-01 8.073444664478302002e-02
1.023937165737152100e-01 5.106460452079772949e-01 -8.536721467971801758e-01 2.751103937625885010e-01
0.000000000000000000e+00 0.000000000000000000e+00 0.000000000000000000e+00 1.000000000000000000e+00
2.239202335476875305e-02 -8.669166564941406250e-01 -4.979498684406280518e-01 1.447826325893402100e-01
-9.797526001930236816e-01 8.009076118469238281e-02 -1.834937781095504761e-01 9.478611499071121216e-02
1.989551037549972534e-01 4.919766187667846680e-01 -8.475707769393920898e-01 2.696227431297302246e-01
0.000000000000000000e+00 0.000000000000000000e+00 0.000000000000000000e+00 1.000000000000000000e+00
-4.408015310764312744e-02 -8.676992058753967285e-01 -4.951302409172058105e-01 1.515371054410934448e-01
-9.937194585800170898e-01 8.910743147134780884e-02 -6.768910586833953857e-02 5.756448209285736084e-02
1.028535738587379456e-01 4.890371859073638916e-01 -8.661778569221496582e-01 2.908070087432861328e-01
0.000000000000000000e+00 0.000000000000000000e+00 0.000000000000000000e+00 1.000000000000000000e+00
-4.819850996136665344e-02 -8.598436117172241211e-01 -5.082778930664062500e-01 1.543228030204772949e-01
-9.935618042945861816e-01 -1.096265669912099838e-02 1.127624809741973877e-01 -4.284258102416060865e-05
-1.025302410125732422e-01 5.104399919509887695e-01 -8.537786602973937988e-01 3.051260411739349365e-01
0.000000000000000000e+00 0.000000000000000000e+00 0.000000000000000000e+00 1.000000000000000000e+00
1.210645809769630432e-01 -8.405881524085998535e-01 -5.279722809791564941e-01 1.474568992853164673e-01
-9.876054525375366211e-01 -1.555235534906387329e-01 2.115178108215332031e-02 2.912598103284835815e-02
-9.989216178655624390e-02 5.188676714897155762e-01 -8.489978313446044922e-01 3.058938682079315186e-01
0.000000000000000000e+00 0.000000000000000000e+00 0.000000000000000000e+00 1.000000000000000000e+00
2.136753052473068237e-01 -7.915793657302856445e-01 -5.724899768829345703e-01 1.477566659450531006e-01
-9.504612088203430176e-01 -3.038796782493591309e-01 6.542409211397171021e-02 1.413465011864900589e-02
-2.257562875747680664e-01 5.301499962806701660e-01 -8.172971010208129883e-01 3.012792766094207764e-01
0.000000000000000000e+00 0.000000000000000000e+00 0.000000000000000000e+00 1.000000000000000000e+00
3.307165205478668213e-01 -7.257694005966186523e-01 -6.032282710075378418e-01 1.418737769126892090e-01
-9.135581851005554199e-01 -4.065387248992919922e-01 -1.172889117151498795e-02 3.663175180554389954e-02
-2.367233186960220337e-01 5.549632310867309570e-01 -7.974818348884582520e-01 2.898802459239959717e-01
0.000000000000000000e+00 0.000000000000000000e+00 0.000000000000000000e+00 1.000000000000000000e+00
3.548363447189331055e-01 -7.183495163917541504e-01 -5.983853936195373535e-01 1.376838833093643188e-01
-9.225020408630371094e-01 -3.730186223983764648e-01 -9.923277795314788818e-02 6.569804996252059937e-02
-1.519250720739364624e-01 5.872232317924499512e-01 -7.950392961502075195e-01 2.809035480022430420e-01
0.000000000000000000e+00 0.000000000000000000e+00 0.000000000000000000e+00 1.000000000000000000e+00
3.675341010093688965e-01 -7.081072926521301270e-01 -6.029113531112670898e-01 1.386668533086776733e-01
-9.271164536476135254e-01 -3.300707340240478516e-01 -1.775073260068893433e-01 9.049777686595916748e-02
-7.330917567014694214e-02 6.242089867591857910e-01 -7.778100967407226562e-01 2.688857913017272949e-01
0.000000000000000000e+00 0.000000000000000000e+00 0.000000000000000000e+00 1.000000000000000000e+00
5.308920145034790039e-01 -6.065939664840698242e-01 -5.917752981185913086e-01 1.296465694904327393e-01
-8.443887829780578613e-01 -4.378411471843719482e-01 -3.087109923362731934e-01 1.262562870979309082e-01
-7.184118777513504028e-02 6.635804772377014160e-01 -7.446473836898803711e-01 2.571154236793518066e-01
0.000000000000000000e+00 0.000000000000000000e+00 0.000000000000000000e+00 1.000000000000000000e+00
6.766123771667480469e-01 -4.150590300559997559e-01 -6.082121133804321289e-01 1.305118501186370850e-01
-7.156566381454467773e-01 -5.650752782821655273e-01 -4.105184972286224365e-01 1.557159721851348877e-01
-1.732963621616363525e-01 7.130326628684997559e-01 -6.793768405914306641e-01 2.515370845794677734e-01
0.000000000000000000e+00 0.000000000000000000e+00 0.000000000000000000e+00 1.000000000000000000e+00
6.993612647056579590e-01 -3.394947946071624756e-01 -6.289967298507690430e-01 1.333237439393997192e-01
-6.570668816566467285e-01 -6.517478227615356445e-01 -3.787972331047058105e-01 1.446589082479476929e-01
-2.813477814197540283e-01 6.782094240188598633e-01 -6.788781881332397461e-01 2.619236707687377930e-01
0.000000000000000000e+00 0.000000000000000000e+00 0.000000000000000000e+00 1.000000000000000000e+00
7.454832196235656738e-01 -2.524051368236541748e-01 -6.168839335441589355e-01 1.343293488025665283e-01
-5.793082714080810547e-01 -7.030858993530273438e-01 -4.123986363410949707e-01 1.471962779760360718e-01
-3.296309113502502441e-01 6.648021340370178223e-01 -6.703589558601379395e-01 2.590006291866302490e-01
0.000000000000000000e+00 0.000000000000000000e+00 0.000000000000000000e+00 1.000000000000000000e+00
7.343380451202392578e-01 -2.460604459047317505e-01 -6.326150894165039062e-01 1.462449133396148682e-01
-5.530045032501220703e-01 -7.573145627975463867e-01 -3.473630547523498535e-01 1.196467205882072449e-01
-3.936160802841186523e-01 6.049208641052246094e-01 -6.921973228454589844e-01 2.699007987976074219e-01
0.000000000000000000e+00 0.000000000000000000e+00 0.000000000000000000e+00 1.000000000000000000e+00
7.217847108840942383e-01 -3.395802378654479980e-01 -6.030858755111694336e-01 1.454502642154693604e-01
-5.956754088401794434e-01 -7.484754323959350586e-01 -2.914708256721496582e-01 9.802215546369552612e-02
-3.524173498153686523e-01 5.696222782135009766e-01 -7.425178885459899902e-01 2.830416858196258545e-01
0.000000000000000000e+00 0.000000000000000000e+00 0.000000000000000000e+00 1.000000000000000000e+00
8.081012964248657227e-01 -1.766574233770370483e-01 -5.619289278984069824e-01 1.360231637954711914e-01
-5.324617028236389160e-01 -6.270405054092407227e-01 -5.685980319976806641e-01 1.853775680065155029e-01
-2.519054710865020752e-01 7.586904764175415039e-01 -6.007760167121887207e-01 2.432197630405426025e-01
0.000000000000000000e+00 0.000000000000000000e+00 0.000000000000000000e+00 1.000000000000000000e+00
8.483718633651733398e-01 -1.133194938302040100e-01 -5.171301364898681641e-01 1.200833246111869812e-01
-4.820534586906433105e-01 -5.691403150558471680e-01 -6.661108136177062988e-01 2.174650281667709351e-01
-2.188363373279571533e-01 8.143940567970275879e-01 -5.374688506126403809e-01 2.207138985395431519e-01
0.000000000000000000e+00 0.000000000000000000e+00 0.000000000000000000e+00 1.000000000000000000e+00
8.800364732742309570e-01 -5.363949388265609741e-02 -4.718671441078186035e-01 1.044244468212127686e-01
-4.325771331787109375e-01 -5.005933642387390137e-01 -7.498552203178405762e-01 2.453421652317047119e-01
-1.959918588399887085e-01 8.640189170837402344e-01 -4.637438356876373291e-01 1.951188594102859497e-01
0.000000000000000000e+00 0.000000000000000000e+00 0.000000000000000000e+00 1.000000000000000000e+00
9.183298349380493164e-01 -9.809878654778003693e-03 -3.956946432590484619e-01 7.713595777750015259e-02
-3.652251362800598145e-01 -4.063685834407806396e-01 -8.375412821769714355e-01 2.740004956722259521e-01
-1.525817960500717163e-01 9.136568307876586914e-01 -3.767631947994232178e-01 1.635804623365402222e-01
0.000000000000000000e+00 0.000000000000000000e+00 0.000000000000000000e+00 1.000000000000000000e+00
9.592221379280090332e-01 -2.078398913145065308e-01 -1.915611624717712402e-01 7.652283180505037308e-03
-2.477505207061767578e-01 -2.919968962669372559e-01 -9.237735271453857422e-01 2.965120375156402588e-01
1.360617876052856445e-01 9.335632324218750000e-01 -3.315821886062622070e-01 1.304799020290374756e-01
0.000000000000000000e+00 0.000000000000000000e+00 0.000000000000000000e+00 1.000000000000000000e+00
9.802250266075134277e-01 -1.027405709028244019e-01 -1.691242158412933350e-01 1.267155515961349010e-03
-1.878037005662918091e-01 -2.136804908514022827e-01 -9.586815834045410156e-01 3.051155805587768555e-01
6.235695630311965942e-02 9.714857339859008789e-01 -2.287500202655792236e-01 9.915781021118164062e-02
0.000000000000000000e+00 0.000000000000000000e+00 0.000000000000000000e+00 1.000000000000000000e+00
9.722909927368164062e-01 -1.992783993482589722e-01 -1.222229525446891785e-01 -1.492589712142944336e-02
-1.454055905342102051e-01 -1.061346232891082764e-01 -9.836628437042236328e-01 3.107197582721710205e-01
1.830506622791290283e-01 9.741787910461425781e-01 -1.321699321269989014e-01 5.875310301780700684e-02
0.000000000000000000e+00 0.000000000000000000e+00 0.000000000000000000e+00 1.000000000000000000e+00
9.645642638206481934e-01 -2.340179681777954102e-01 -1.218668147921562195e-01 -1.606938242912292480e-02
-1.358269602060317993e-01 -4.443190619349479675e-02 -9.897358417510986328e-01 3.109846711158752441e-01
2.262011915445327759e-01 9.712163209915161133e-01 -7.464332878589630127e-02 3.630090132355690002e-02
0.000000000000000000e+00 0.000000000000000000e+00 0.000000000000000000e+00 1.000000000000000000e+00
9.822296500205993652e-01 -1.622584611177444458e-01 -9.432572871446609497e-02 -2.474906481802463531e-02
-8.916947245597839355e-02 3.878908231854438782e-02 -9.952605962753295898e-01 3.090373277664184570e-01
1.651482582092285156e-01 9.859855771064758301e-01 2.363122254610061646e-02 4.374793265014886856e-03
0.000000000000000000e+00 0.000000000000000000e+00 0.000000000000000000e+00 1.000000000000000000e+00
8.897412419319152832e-01 -4.443577826023101807e-01 -1.044376790523529053e-01 -1.786907762289047241e-02
-5.258362740278244019e-02 1.274961382150650024e-01 -9.904441237449645996e-01 3.032529056072235107e-01
4.534270465373992920e-01 8.867303133010864258e-01 9.007264673709869385e-02 -3.670381754636764526e-02
0.000000000000000000e+00 0.000000000000000000e+00 0.000000000000000000e+00 1.000000000000000000e+00
9.799894094467163086e-01 -8.723722398281097412e-02 -1.789132803678512573e-01 -1.427181181497871876e-03
-1.621037423610687256e-01 1.718273013830184937e-01 -9.716982245445251465e-01 3.056472241878509521e-01
1.155104935169219971e-01 9.812567830085754395e-01 1.542474925518035889e-01 -2.862631529569625854e-02
0.000000000000000000e+00 0.000000000000000000e+00 0.000000000000000000e+00 1.000000000000000000e+00
9.671481847763061523e-01 7.588633149862289429e-02 -2.426221370697021484e-01 2.001962997019290924e-02
-2.526871562004089355e-01 1.825612485408782959e-01 -9.501684904098510742e-01 3.083550930023193359e-01
-2.781140618026256561e-02 9.802616238594055176e-01 1.957393139600753784e-01 -3.028492443263530731e-02
0.000000000000000000e+00 0.000000000000000000e+00 0.000000000000000000e+00 1.000000000000000000e+00
8.034319877624511719e-01 5.697889328002929688e-01 -1.727363467216491699e-01 2.233842387795448303e-02
-3.679705858230590820e-01 2.471057325601577759e-01 -8.964020013809204102e-01 3.073106706142425537e-01
-4.680758118629455566e-01 7.837598323822021484e-01 4.081981480121612549e-01 -6.905756890773773193e-02
0.000000000000000000e+00 0.000000000000000000e+00 0.000000000000000000e+00 1.000000000000000000e+00
9.206250309944152832e-01 2.336287498474121094e-01 -3.128373026847839355e-01 4.971360415220260620e-02
-3.797898292541503906e-01 3.499013483524322510e-01 -8.563460707664489746e-01 3.001732528209686279e-01
-9.060490131378173828e-02 9.071860313415527344e-01 4.108577966690063477e-01 -8.989258110523223877e-02
0.000000000000000000e+00 0.000000000000000000e+00 0.000000000000000000e+00 1.000000000000000000e+00
8.839950561523437500e-01 1.664512157440185547e-01 -4.368599653244018555e-01 8.988925069570541382e-02
-4.642616212368011475e-01 4.223019480705261230e-01 -7.785383462905883789e-01 2.864181399345397949e-01
5.489809811115264893e-02 8.910413980484008789e-01 4.505898356437683105e-01 -1.142005324363708496e-01
0.000000000000000000e+00 0.000000000000000000e+00 0.000000000000000000e+00 1.000000000000000000e+00
8.711049556732177734e-01 1.439085900783538818e-01 -4.695384204387664795e-01 1.007559522986412048e-01
-4.725719094276428223e-01 5.057583451271057129e-01 -7.217230796813964844e-01 2.693002521991729736e-01
1.336107999086380005e-01 8.505872488021850586e-01 5.085758566856384277e-01 -1.399688571691513062e-01
0.000000000000000000e+00 0.000000000000000000e+00 0.000000000000000000e+00 1.000000000000000000e+00
8.579751849174499512e-01 1.246212944388389587e-01 -4.983454346656799316e-01 1.100995764136314392e-01
-4.692741036415100098e-01 5.847591161727905273e-01 -6.616936326026916504e-01 2.526540160179138184e-01
2.089508622884750366e-01 8.015773296356201172e-01 5.601903796195983887e-01 -1.590858995914459229e-01
0.000000000000000000e+00 0.000000000000000000e+00 0.000000000000000000e+00 1.000000000000000000e+00
8.391767740249633789e-01 9.484790265560150146e-02 -5.355241298675537109e-01 1.196664273738861084e-01
-4.453759491443634033e-01 6.849641799926757812e-01 -5.765972137451171875e-01 2.272614985704421997e-01
3.121257722377777100e-01 7.223765850067138672e-01 6.170490384101867676e-01 -1.828384995460510254e-01
0.000000000000000000e+00 0.000000000000000000e+00 0.000000000000000000e+00 1.000000000000000000e+00
8.226030468940734863e-01 1.004449874162673950e-01 -5.596739053726196289e-01 1.289281845092773438e-01
-4.388386011123657227e-01 7.380525469779968262e-01 -5.125415325164794922e-01 2.081010490655899048e-01
3.615864813327789307e-01 6.672248244285583496e-01 6.512034535408020020e-01 -1.984313726425170898e-01
0.000000000000000000e+00 0.000000000000000000e+00 0.000000000000000000e+00 1.000000000000000000e+00
7.907250523567199707e-01 1.424126625061035156e-01 -5.953758955001831055e-01 1.439593434333801270e-01
-4.506075978279113770e-01 7.937249541282653809e-01 -4.085991978645324707e-01 1.776044964790344238e-01
4.143749177455902100e-01 5.913705825805664062e-01 6.917904615402221680e-01 -2.164622098207473755e-01
0.000000000000000000e+00 0.000000000000000000e+00 0.000000000000000000e+00 1.000000000000000000e+00
7.642026543617248535e-01 2.067632675170898438e-01 -6.109363436698913574e-01 1.529565304517745972e-01
-4.587306976318359375e-01 8.400948643684387207e-01 -2.894939482212066650e-01 1.420302242040634155e-01
4.533876776695251465e-01 5.014873147010803223e-01 7.368513345718383789e-01 -2.355848848819732666e-01
0.000000000000000000e+00 0.000000000000000000e+00 0.000000000000000000e+00 1.000000000000000000e+00
7.325719594955444336e-01 2.683563232421875000e-01 -6.255582571029663086e-01 1.617422997951507568e-01
-4.632939100265502930e-01 8.698656558990478516e-01 -1.693880259990692139e-01 1.052056178450584412e-01
4.986952543258666992e-01 4.139063060283660889e-01 7.615671157836914062e-01 -2.490795701742172241e-01
0.000000000000000000e+00 0.000000000000000000e+00 0.000000000000000000e+00 1.000000000000000000e+00
7.173968553543090820e-01 3.514938652515411377e-01 -6.014925837516784668e-01 1.572096645832061768e-01
-4.403116405010223389e-01 8.978448510169982910e-01 -4.839067696593701839e-04 5.214677751064300537e-02
5.398771166801452637e-01 2.651914656162261963e-01 7.988779544830322266e-01 -2.657757103443145752e-01
0.000000000000000000e+00 0.000000000000000000e+00 0.000000000000000000e+00 1.000000000000000000e+00
7.053501605987548828e-01 3.952792584896087646e-01 -5.884177088737487793e-01 1.523661315441131592e-01
-3.701238930225372314e-01 9.133207798004150391e-01 1.698623299598693848e-01 -6.877351552248001099e-03
6.045572161674499512e-01 9.797511994838714600e-02 7.905133366584777832e-01 -2.649668455123901367e-01
0.000000000000000000e+00 0.000000000000000000e+00 0.000000000000000000e+00 1.000000000000000000e+00
6.996771693229675293e-01 4.215430319309234619e-01 -5.768480300903320312e-01 1.474941968917846680e-01
-2.993095219135284424e-01 9.060690402984619141e-01 2.990859448909759521e-01 -5.292354151606559753e-02
6.487417221069335938e-01 -3.660745546221733093e-02 7.601276636123657227e-01 -2.580421566963195801e-01
0.000000000000000000e+00 0.000000000000000000e+00 0.000000000000000000e+00 1.000000000000000000e+00
6.890716552734375000e-01 4.549905657768249512e-01 -5.640600919723510742e-01 1.436054557561874390e-01
-2.444253861904144287e-01 8.786521553993225098e-01 4.101544916629791260e-01 -9.141645580530166626e-02
6.822288632392883301e-01 -1.447551697492599487e-01 7.166655063629150391e-01 -2.458895146846771240e-01
0.000000000000000000e+00 0.000000000000000000e+00 0.000000000000000000e+00 1.000000000000000000e+00
6.847968697547912598e-01 4.810637533664703369e-01 -5.473853945732116699e-01 1.381953209638595581e-01
-1.633953750133514404e-01 8.333806395530700684e-01 5.279946923255920410e-01 -1.349953413009643555e-01
7.101796865463256836e-01 -2.721288502216339111e-01 6.493002772331237793e-01 -2.267386615276336670e-01
0.000000000000000000e+00 0.000000000000000000e+00 0.000000000000000000e+00 1.000000000000000000e+00
6.688055992126464844e-01 5.122218132019042969e-01 -5.388205647468566895e-01 1.363901644945144653e-01
-9.505001455545425415e-02 7.777358889579772949e-01 6.213631033897399902e-01 -1.704195588827133179e-01
7.373359203338623047e-01 -3.643562793731689453e-01 5.688408613204956055e-01 -2.032075673341751099e-01
0.000000000000000000e+00 0.000000000000000000e+00 0.000000000000000000e+00 1.000000000000000000e+00
6.834153532981872559e-01 5.231106281280517578e-01 -5.092136859893798828e-01 1.259556710720062256e-01
-3.239906579256057739e-02 7.185710072517395020e-01 6.946983933448791504e-01 -1.995001733303070068e-01
7.293103933334350586e-01 -4.582695066928863525e-01 5.080307126045227051e-01 -1.846610009670257568e-01
0.000000000000000000e+00 0.000000000000000000e+00 0.000000000000000000e+00 1.000000000000000000e+00
6.967797279357910156e-01 5.282909274101257324e-01 -4.851872920989990234e-01 1.176786348223686218e-01
1.979527622461318970e-02 6.620013713836669922e-01 7.492411732673645020e-01 -2.216605991125106812e-01
7.170119881629943848e-01 -5.316603779792785645e-01 4.508115053176879883e-01 -1.680077016353607178e-01
0.000000000000000000e+00 0.000000000000000000e+00 0.000000000000000000e+00 1.000000000000000000e+00
7.419658899307250977e-01 5.085707902908325195e-01 -4.368552267551422119e-01 9.961689263582229614e-02
6.180940940976142883e-02 5.969333648681640625e-01 7.999064326286315918e-01 -2.424663454294204712e-01
6.675823330879211426e-01 -6.205049753189086914e-01 4.114697277545928955e-01 -1.557355374097824097e-01
0.000000000000000000e+00 0.000000000000000000e+00 0.000000000000000000e+00 1.000000000000000000e+00
7.950907349586486816e-01 4.774871170520782471e-01 -3.739476203918457031e-01 7.589455693960189819e-02
1.050414070487022400e-01 4.988426864147186279e-01 8.603032827377319336e-01 -2.689867317676544189e-01
5.973248481750488281e-01 -7.232993841171264648e-01 3.464693129062652588e-01 -1.347047686576843262e-01
0.000000000000000000e+00 0.000000000000000000e+00 0.000000000000000000e+00 1.000000000000000000e+00
8.337781429290771484e-01 4.568150043487548828e-01 -3.100551664829254150e-01 5.433448404073715210e-02
1.260289996862411499e-01 3.892848789691925049e-01 9.124547839164733887e-01 -2.907070517539978027e-01
5.375227332115173340e-01 -7.998607754707336426e-01 2.670053243637084961e-01 -1.074185296893119812e-01
0.000000000000000000e+00 0.000000000000000000e+00 0.000000000000000000e+00 1.000000000000000000e+00
8.563610315322875977e-01 4.313534796237945557e-01 -2.838658988475799561e-01 4.416953027248382568e-02
1.606727689504623413e-01 2.998509109020233154e-01 9.403582811355590820e-01 -3.035640716552734375e-01
4.907442331314086914e-01 -8.508956432342529297e-01 1.874738186597824097e-01 -8.184805512428283691e-02
0.000000000000000000e+00 0.000000000000000000e+00 0.000000000000000000e+00 1.000000000000000000e+00
9.002997875213623047e-01 3.500250279903411865e-01 -2.587333023548126221e-01 3.254264593124389648e-02
1.951539814472198486e-01 2.067288905382156372e-01 9.587376117706298828e-01 -3.137198090553283691e-01
3.890697956085205078e-01 -9.136439561843872070e-01 1.178092360496520996e-01 -5.499166622757911682e-02
0.000000000000000000e+00 0.000000000000000000e+00 0.000000000000000000e+00 1.000000000000000000e+00
9.634590744972229004e-01 1.506547331809997559e-01 -2.214725911617279053e-01 1.518150512129068375e-02
2.060782909393310547e-01 1.112803071737289429e-01 9.721874594688415527e-01 -3.209935128688812256e-01
1.711101830005645752e-01 -9.823032021522521973e-01 7.616733014583587646e-02 -2.942133694887161255e-02
0.000000000000000000e+00 0.000000000000000000e+00 0.000000000000000000e+00 1.000000000000000000e+00
9.822004437446594238e-01 -4.202657938003540039e-02 -1.830740720033645630e-01 -1.968393800780177116e-03
1.842381507158279419e-01 2.570157125592231750e-02 9.825454950332641602e-01 -3.269717395305633545e-01
-3.658771887421607971e-02 -9.987859129905700684e-01 3.298700600862503052e-02 -7.596640498377382755e-04
0.000000000000000000e+00 0.000000000000000000e+00 0.000000000000000000e+00 1.000000000000000000e+00
9.846972823143005371e-01 2.296090126037597656e-02 -1.727546453475952148e-01 -5.228584166616201401e-03
1.739238053560256958e-01 -6.668314337730407715e-02 9.824987649917602539e-01 -3.310495615005493164e-01
1.103923469781875610e-02 -9.975100159645080566e-01 -6.965615600347518921e-02 3.555241599678993225e-02
0.000000000000000000e+00 0.000000000000000000e+00 0.000000000000000000e+00 1.000000000000000000e+00
9.810385704040527344e-01 -4.629168659448623657e-02 -1.882029771804809570e-01 2.604995621368288994e-03
1.820902675390243530e-01 -1.124400645494461060e-01 9.768318533897399902e-01 -3.317379653453826904e-01
-6.638074666261672974e-02 -9.925796389579772949e-01 -1.018787175416946411e-01 5.568143725395202637e-02
0.000000000000000000e+00 0.000000000000000000e+00 0.000000000000000000e+00 1.000000000000000000e+00
9.774952530860900879e-01 -1.532687842845916748e-01 -1.449546664953231812e-01 -9.681503288447856903e-03
1.355849206447601318e-01 -6.996843218803405762e-02 9.882921576499938965e-01 -3.328016102313995361e-01
-1.616165637969970703e-01 -9.857043623924255371e-01 -4.761285707354545593e-02 4.090427607297897339e-02
0.000000000000000000e+00 0.000000000000000000e+00 0.000000000000000000e+00 1.000000000000000000e+00
9.637966752052307129e-01 2.576586604118347168e-01 -6.861530989408493042e-02 -3.303097188472747803e-02
5.426190793514251709e-02 6.241892650723457336e-02 9.965737462043762207e-01 -3.289058208465576172e-01
2.610587477684020996e-01 -9.642179012298583984e-01 4.617812484502792358e-02 -1.627689786255359650e-02
0.000000000000000000e+00 0.000000000000000000e+00 0.000000000000000000e+00 1.000000000000000000e+00
8.588214516639709473e-01 5.086084008216857910e-01 -6.118212267756462097e-02 -2.821434848010540009e-02
-4.431853815913200378e-02 1.927519142627716064e-01 9.802461862564086914e-01 -3.154929280281066895e-01
5.103543996810913086e-01 -8.391447663307189941e-01 1.880802661180496216e-01 -7.694543898105621338e-02
0.000000000000000000e+00 0.000000000000000000e+00 0.000000000000000000e+00 1.000000000000000000e+00
7.686858773231506348e-01 6.357046365737915039e-01 -7.071975618600845337e-02 -1.641440764069557190e-02
-1.673535108566284180e-01 3.066006302833557129e-01 9.370103478431701660e-01 -2.910858094692230225e-01
6.173448562622070312e-01 -7.084316611289978027e-01 3.420670628547668457e-01 -1.325097978115081787e-01
0.000000000000000000e+00 0.000000000000000000e+00 0.000000000000000000e+00 1.000000000000000000e+00
9.430857896804809570e-01 2.361368387937545776e-01 2.341548800468444824e-01 -1.182221621274948120e-01
-3.136225938796997070e-01 3.973983526229858398e-01 8.623895049095153809e-01 -2.551048696041107178e-01
1.105892062187194824e-01 -8.867434263229370117e-01 4.488385021686553955e-01 -1.426372677087783813e-01
0.000000000000000000e+00 0.000000000000000000e+00 0.000000000000000000e+00 1.000000000000000000e+00
8.831737041473388672e-01 3.890334963798522949e-01 2.620248794555664062e-01 -1.190977618098258972e-01
-4.417488276958465576e-01 5.020928978919982910e-01 7.434787750244140625e-01 -2.065890282392501831e-01
1.576773077249526978e-01 -7.723700404167175293e-01 6.152904033660888672e-01 -1.966217309236526489e-01
0.000000000000000000e+00 0.000000000000000000e+00 0.000000000000000000e+00 1.000000000000000000e+00
8.068851828575134277e-01 5.127441287040710449e-01 2.933082580566406250e-01 -1.185613349080085754e-01
-5.771045088768005371e-01 5.783108472824096680e-01 5.766339302062988281e-01 -1.451893150806427002e-01
1.260424256324768066e-01 -6.345468759536743164e-01 7.625375390052795410e-01 -2.378542721271514893e-01
0.000000000000000000e+00 0.000000000000000000e+00 0.000000000000000000e+00 1.000000000000000000e+00
7.337308526039123535e-01 5.969442725181579590e-01 3.244939446449279785e-01 -1.182221323251724243e-01
-6.769288778305053711e-01 6.012374758720397949e-01 4.245946109294891357e-01 -9.157925099134445190e-02
5.836154520511627197e-02 -5.311976671218872070e-01 8.452354073524475098e-01 -2.578614354133605957e-01
0.000000000000000000e+00 0.000000000000000000e+00 0.000000000000000000e+00 1.000000000000000000e+00
6.575919985771179199e-01 7.118067145347595215e-01 2.467863708734512329e-01 -8.262836188077926636e-02
-7.519999146461486816e-01 6.004008054733276367e-01 2.720564007759094238e-01 -4.063075035810470581e-02
4.548101127147674561e-02 -3.644855320453643799e-01 9.300977587699890137e-01 -2.789198756217956543e-01
0.000000000000000000e+00 0.000000000000000000e+00 0.000000000000000000e+00 1.000000000000000000e+00
6.842520833015441895e-01 6.983014345169067383e-01 2.101755738258361816e-01 -7.217620313167572021e-02
-7.292451262474060059e-01 6.549594402313232422e-01 1.980641484260559082e-01 -1.459938287734985352e-02
6.520707975141704082e-04 -2.887953221797943115e-01 9.573906064033508301e-01 -2.820557057857513428e-01
0.000000000000000000e+00 0.000000000000000000e+00 0.000000000000000000e+00 1.000000000000000000e+00
6.864506006240844727e-01 6.987522840499877930e-01 2.013226449489593506e-01 -6.977520883083343506e-02
-7.195432186126708984e-01 6.927033662796020508e-01 4.918906092643737793e-02 3.117552772164344788e-02
-1.050858944654464722e-01 -1.786262243986129761e-01 9.782891869544982910e-01 -2.782870531082153320e-01
0.000000000000000000e+00 0.000000000000000000e+00 0.000000000000000000e+00 1.000000000000000000e+00
6.697804927825927734e-01 7.172948718070983887e-01 1.920466572046279907e-01 -6.520061939954757690e-02
-7.264239192008972168e-01 6.865553855895996094e-01 -3.081605955958366394e-02 5.301608517765998840e-02
-1.539548784494400024e-01 -1.188673004508018494e-01 9.809018969535827637e-01 -2.737111747264862061e-01
0.000000000000000000e+00 0.000000000000000000e+00 0.000000000000000000e+00 1.000000000000000000e+00
6.571316719055175781e-01 7.337217330932617188e-01 1.727142482995986938e-01 -5.794106423854827881e-02
-7.325215339660644531e-01 6.756407618522644043e-01 -8.319637924432754517e-02 6.633217632770538330e-02
-1.777357906103134155e-01 -7.184597104787826538e-02 9.814520478248596191e-01 -2.699680924415588379e-01
0.000000000000000000e+00 0.000000000000000000e+00 0.000000000000000000e+00 1.000000000000000000e+00
5.750983357429504395e-01 7.977064251899719238e-01 1.814557909965515137e-01 -5.305879190564155579e-02
-7.629065513610839844e-01 6.030299663543701172e-01 -2.330847084522247314e-01 1.094349697232246399e-01
-2.953564822673797607e-01 -4.387215711176395416e-03 9.553771018981933594e-01 -2.555924654006958008e-01
0.000000000000000000e+00 0.000000000000000000e+00 0.000000000000000000e+00 1.000000000000000000e+00
5.778693556785583496e-01 7.946066856384277344e-01 1.861906498670578003e-01 -5.406263843178749084e-02
-6.781753897666931152e-01 5.944453477859497070e-01 -4.321026206016540527e-01 1.646079719066619873e-01
-4.540318548679351807e-01 1.234288439154624939e-01 8.823946714401245117e-01 -2.236309200525283813e-01
0.000000000000000000e+00 0.000000000000000000e+00 0.000000000000000000e+00 1.000000000000000000e+00
5.951789021492004395e-01 7.788224220275878906e-01 1.979838609695434570e-01 -5.935146287083625793e-02
-6.082156896591186523e-01 5.976083278656005859e-01 -5.224344134330749512e-01 1.884943693876266479e-01
-5.252004265785217285e-01 1.905249804258346558e-01 8.293760418891906738e-01 -2.023340910673141479e-01
0.000000000000000000e+00 0.000000000000000000e+00 0.000000000000000000e+00 1.000000000000000000e+00
6.530162692070007324e-01 7.325139641761779785e-01 1.923352330923080444e-01 -6.265238672494888306e-02
-5.004453659057617188e-01 6.079748868942260742e-01 -6.163772344589233398e-01 2.115271091461181641e-01
-5.684399604797363281e-01 3.062510490417480469e-01 7.636008858680725098e-01 -1.762151718139648438e-01
0.000000000000000000e+00 0.000000000000000000e+00 0.000000000000000000e+00 1.000000000000000000e+00
