1 0 0 -0.03619798645377159 
0 1 0 -0.001327119767665863 
0 0 1 -0.2960163652896881 
0 0 0 1 

0.9906138777732849 0.1362859308719635 0.01050252560526133 -0.0425817035138607 
-0.1355452984571457 0.9893369674682617 -0.05328916758298874 0.0271289236843586 
-0.0176530946046114 0.05136541649699211 0.9985238909721375 -0.2970052659511566 
0 0 0 1 

0.9723080396652222 0.2323620319366455 0.02499682828783989 -0.04731497913599014 
-0.2287532836198807 0.9681527614593506 -0.1017452999949455 0.05276192724704742 
-0.04784251376986504 0.09320969134569168 0.9944964051246643 -0.2950618863105774 
0 0 0 1 

0.9425805807113647 0.333279550075531 0.02159139886498451 -0.0452822744846344 
-0.3271428942680359 0.9343705773353577 -0.1411696970462799 0.07361378520727158 
-0.06722340732812881 0.1260004043579102 0.9897499084472656 -0.2924343943595886 
0 0 0 1 

0.8963017463684082 0.4434314966201782 -0.003410718636587262 -0.03217603638768196 
-0.438080757856369 0.8842412829399109 -0.1618718951940536 0.08689301460981369 
-0.06876323372125626 0.1465802639722824 0.9868059158325195 -0.2914275825023651 
0 0 0 1 

0.8808659315109253 0.4732983112335205 -0.00801123958081007 -0.02919520810246468 
-0.4679256975650787 0.8680591583251953 -0.1658873409032822 0.09058895707130432 
-0.07156004011631012 0.1498733013868332 0.9861123561859131 -0.2914560735225677 
0 0 0 1 

