-0.3940805494785309 -0.3000703155994415 0.8687107563018799 -0.2391920238733292 
-0.9166514873504639 0.05971482396125793 -0.3952015340328217 0.1668872684240341 
0.06671331822872162 -0.952046275138855 -0.2985923588275909 0.08473612368106842 
0 0 0 1 

-0.4228381812572479 -0.4006747603416443 0.8128144145011902 -0.2224290668964386 
-0.9055522084236145 0.15278260409832 -0.3957681655883789 0.168070450425148 
0.03439049422740936 -0.90339195728302 -0.4274341762065887 0.1229837387800217 
0 0 0 1 

-0.4711429476737976 -0.4697937667369843 0.7465372085571289 -0.2002479881048203 
-0.8820152282714844 0.2427197247743607 -0.4039011001586914 0.1669016182422638 
0.00855100154876709 -0.848752498626709 -0.5287209153175354 0.1553438901901245 
0 0 0 1 

-0.4921709597110748 -0.5440051555633545 0.6795780062675476 -0.1813138723373413 
-0.8704885840415955 0.3038079738616943 -0.3872344493865967 0.1617643684148788 
0.004196260590106249 -0.7821503877639771 -0.6230756044387817 0.186526283621788 
0 0 0 1 

-0.4636616706848145 -0.6028739213943481 0.6492772102355957 -0.1765351444482803 
-0.8843236565589905 0.3601126372814178 -0.2971372604370117 0.1351369470357895 
-0.05467662587761879 -0.7119423151016235 -0.700106143951416 0.214969664812088 
0 0 0 1 

-0.499956876039505 -0.6478058695793152 0.5747960805892944 -0.1540462225675583 
-0.8656986951828003 0.3927243947982788 -0.3103760182857513 0.1376586109399796 
-0.02467298321425915 -0.6527748703956604 -0.7571499347686768 0.231878474354744 
0 0 0 1 

-0.6048741340637207 -0.6656033396720886 0.4371488392353058 -0.107108511030674 
-0.7951534390449524 0.4751275777816772 -0.3768084645271301 0.1528467237949371 
0.04310356453061104 -0.5755221843719482 -0.8166490793228149 0.2472025752067566 
0 0 0 1 

-0.6716529726982117 -0.6745578646659851 0.3063552975654602 -0.06273885816335678 
-0.7358033657073975 0.559104323387146 -0.3820938169956207 0.1531788557767868 
0.08645988255739212 -0.4820517897605896 -0.87186598777771 0.2646877467632294 
0 0 0 1 

-0.7204331159591675 -0.648155689239502 0.2467194795608521 -0.04235474020242691 
-0.6897538304328918 0.6325963735580444 -0.352223664522171 0.1429875642061234 
0.07222193479537964 -0.4239292442798615 -0.9028112292289734 0.2767378985881805 
0 0 0 1 

-0.7582048177719116 -0.6329818367958069 0.1563961952924728 -0.01246258709579706 
-0.644986629486084 0.693004846572876 -0.322081595659256 0.1334397792816162 
0.09548846632242203 -0.3450772166252136 -0.9337044954299927 0.2863531112670898 
0 0 0 1 

