0.81350177526474 -0.1853140294551849 -0.551247239112854 0.1321553587913513 
-0.5282039046287537 -0.632054328918457 -0.5670162439346313 0.1845564842224121 
-0.2433422654867172 0.7524397373199463 -0.6120608448982239 0.2460372895002365 
0 0 0 1 

0.8493244647979736 -0.1092640981078148 -0.5164390802383423 0.1200730875134468 
-0.4785636961460114 -0.5722494125366211 -0.6659634113311768 0.2170818746089935 
-0.2227660715579987 0.8127679824829102 -0.5383152961730957 0.220905601978302 
0 0 0 1 

0.8765852451324463 -0.03998639062047005 -0.4795825183391571 0.1074521318078041 
-0.4332243800163269 -0.499511182308197 -0.7502033710479736 0.2454313337802887 
-0.2095589339733124 0.8653841018676758 -0.4551872909069061 0.1929609328508377 
0 0 0 1 

0.9079239368438721 0.03775988891720772 -0.4174306392669678 0.08565125614404678 
-0.3675250113010406 -0.4070574939250946 -0.8361992239952087 0.2737510800361633 
-0.2014931887388229 0.9126214385032654 -0.3556995391845703 0.1592232137918472 
0 0 0 1 

0.9467138648033142 -0.2773892283439636 -0.1636706441640854 -0.00215317658148706 
-0.2452959269285202 -0.2916710376739502 -0.924531102180481 0.2967105805873871 
0.2087169885635376 0.9154140949249268 -0.3441714346408844 0.1302715688943863 
0 0 0 1 

0.9786611795425415 -0.1207678914070129 -0.1662452071905136 -0.0003322265110909939 
-0.1895498633384705 -0.2182464897632599 -0.9573083519935608 0.3045942783355713 
0.07932967692613602 0.9683921933174133 -0.2364808619022369 0.1004279106855392 
0 0 0 1 

0.9700396656990051 -0.2100421935319901 -0.1220873072743416 -0.01508311461657286 
-0.1465660929679871 -0.1051720231771469 -0.9835940003395081 0.3107344806194305 
0.1937560588121414 0.9720190167427063 -0.1328060925006866 0.05858069285750389 
0 0 0 1 

0.7666290998458862 0.6413655877113342 0.03049630671739578 -0.02473106980323792 
0.02693163603544235 0.01533463504165411 -0.9995196461677551 0.2699165940284729 
-0.6415251493453979 0.767082154750824 -0.005517070181667805 0.07592781633138657 
0 0 0 1 

0.7941933274269104 0.5996101498603821 0.09861338883638382 -0.04903579503297806 
0.1881800144910812 -0.08837839215993881 -0.978149950504303 0.2531769871711731 
-0.5777934193611145 0.7953972220420837 -0.1830241978168488 0.1312499344348907 
0 0 0 1 

0.7740271091461182 0.6098650693893433 0.1701371371746063 -0.06863870471715927 
0.344609260559082 -0.1803627759218216 -0.9212566018104553 0.225081741809845 
-0.5311558246612549 0.7717084288597107 -0.3497708439826965 0.1778025180101395 
0 0 0 1 

