1.000000000000000000e+00 0.000000000000000000e+00 0.000000000000000000e+00 -4.097584310382009209e-01
0.000000000000000000e+00 -1.000000000000000000e+00 0.000000000000000000e+00 -1.932597221741734483e-02
0.000000000000000000e+00 0.000000000000000000e+00 -1.000000000000000000e+00 -2.664692399556274349e+00
0.000000000000000000e+00 0.000000000000000000e+00 0.000000000000000000e+00 1.000000000000000000e+00
9.967138171195983887e-01 -7.960779219865798950e-02 -1.496928464621305466e-02 -4.378545317343791599e-01
-7.933260500431060791e-02 -9.966828227043151855e-01 1.815748028457164764e-02 6.265014008659931799e-02
-1.636509969830513000e-02 -1.691026240587234497e-02 -9.997231364250183105e-01 -2.718653899776184435e+00
0.000000000000000000e+00 0.000000000000000000e+00 0.000000000000000000e+00 1.000000000000000000e+00
9.860238432884216309e-01 -1.630598455667495728e-01 -3.418271988630294800e-02 -4.761180312322520480e-01
-1.613059192895889282e-01 -9.856876730918884277e-01 4.898929223418235779e-02 1.959641124883563790e-01
-4.168172180652618408e-02 -4.279067739844322205e-02 -9.982143044471740723e-01 -2.711366869028786653e+00
0.000000000000000000e+00 0.000000000000000000e+00 0.000000000000000000e+00 1.000000000000000000e+00
9.667254686355590820e-01 -2.536196708679199219e-01 -3.344907239079475403e-02 -4.529296317811132289e-01
-2.504860758781433105e-01 -9.650089740753173828e-01 7.755216211080551147e-02 3.248479155349480729e-01
-5.194742232561111450e-02 -6.659312546253204346e-02 -9.964270591735839844e-01 -2.707745704817256183e+00
0.000000000000000000e+00 0.000000000000000000e+00 0.000000000000000000e+00 1.000000000000000000e+00
9.375071525573730469e-01 -3.443672657012939453e-01 -4.991585388779640198e-02 -4.715917484305097718e-01
-3.364680707454681396e-01 -9.337239265441894531e-01 1.222634017467498779e-01 4.937020121497392999e-01
-8.871122449636459351e-02 -9.782768785953521729e-02 -9.912415146827697754e-01 -2.681456323063011737e+00
0.000000000000000000e+00 0.000000000000000000e+00 0.000000000000000000e+00 1.000000000000000000e+00
8.941823244094848633e-01 -4.468021094799041748e-01 -2.839012630283832550e-02 -3.835169249214402942e-01
-4.391650557518005371e-01 -8.876894116401672363e-01 1.383522897958755493e-01 5.785142558329280371e-01
-8.701773732900619507e-02 -1.112441718578338623e-01 -9.899761080741882324e-01 -2.688512667741611128e+00
0.000000000000000000e+00 0.000000000000000000e+00 0.000000000000000000e+00 1.000000000000000000e+00
8.464157581329345703e-01 -5.323989391326904297e-01 -1.146661862730979919e-02 -3.078711411896983829e-01
-5.236566066741943359e-01 -8.360439538955688477e-01 1.637492775917053223e-01 6.882303161711348372e-01
-9.676658362150192261e-02 -1.325953751802444458e-01 -9.864352941513061523e-01 -2.678509280940086335e+00
0.000000000000000000e+00 0.000000000000000000e+00 0.000000000000000000e+00 1.000000000000000000e+00
7.936855554580688477e-01 -6.082382798194885254e-01 1.045656111091375351e-02 -2.161233801752485972e-01
-6.008054614067077637e-01 -7.810598611831665039e-01 1.702295392751693726e-01 7.397763042203000516e-01
-9.537295997142791748e-02 -1.413910686969757080e-01 -9.853488802909851074e-01 -2.685156958073362521e+00
0.000000000000000000e+00 0.000000000000000000e+00 0.000000000000000000e+00 1.000000000000000000e+00
7.230024933815002441e-01 -6.901370286941528320e-01 3.127299994230270386e-02 -1.070721893033453193e-01
-6.848721504211425781e-01 -7.100768089294433594e-01 1.635261923074722290e-01 7.476817171210194957e-01
-9.064927697181701660e-02 -1.396478414535522461e-01 -9.860432744026184082e-01 -2.692940957253662226e+00
0.000000000000000000e+00 0.000000000000000000e+00 0.000000000000000000e+00 1.000000000000000000e+00
6.475067734718322754e-01 -7.611659765243530273e-01 3.689173609018325806e-02 -4.519844234937523547e-02
-7.575976848602294922e-01 -6.377300024032592773e-01 1.390889883041381836e-01 7.014506836683144231e-01
-8.234290033578872681e-02 -1.180101409554481506e-01 -9.895923733711242676e-01 -2.719845409877943876e+00
0.000000000000000000e+00 0.000000000000000000e+00 0.000000000000000000e+00 1.000000000000000000e+00
5.497500896453857422e-01 -8.341370224952697754e-01 4.461026936769485474e-02 3.346005729042821064e-02
-8.335286378860473633e-01 -5.442779064178466797e-01 9.482367336750030518e-02 5.911892273791748975e-01
-5.481555685400962830e-02 -8.931326866149902344e-02 -9.944939613342285156e-01 -2.767058790704957527e+00
0.000000000000000000e+00 0.000000000000000000e+00 0.000000000000000000e+00 1.000000000000000000e+00
4.599682390689849854e-01 -8.830564618110656738e-01 9.295482188463211060e-02 2.297242369000564721e-01
-8.879069089889526367e-01 -4.565870165824890137e-01 5.612245574593544006e-02 4.836883120804856273e-01
-7.117342203855514526e-03 -1.083497554063796997e-01 -9.940872788429260254e-01 -2.801665012307981595e+00
0.000000000000000000e+00 0.000000000000000000e+00 0.000000000000000000e+00 1.000000000000000000e+00
3.522527813911437988e-01 -9.292761087417602539e-01 1.111939102411270142e-01 3.240782365531669207e-01
-9.356516599655151367e-01 -3.524271547794342041e-01 1.874005794525146484e-02 3.521676237785874575e-01
2.177307009696960449e-02 -1.106399819254875183e-01 -9.936220645904541016e-01 -2.813719739104059592e+00
0.000000000000000000e+00 0.000000000000000000e+00 0.000000000000000000e+00 1.000000000000000000e+00
2.712928056716918945e-01 -9.536034464836120605e-01 1.305393576622009277e-01 4.045796033107564860e-01
-9.589542150497436523e-01 -2.794223129749298096e-01 -4.826692864298820496e-02 1.218433816641872475e-01
8.250312507152557373e-02 -1.120868474245071411e-01 -9.902673959732055664e-01 -2.809998960453729655e+00
0.000000000000000000e+00 0.000000000000000000e+00 0.000000000000000000e+00 1.000000000000000000e+00
1.922715902328491211e-01 -9.674673080444335938e-01 1.644343286752700806e-01 5.175149208518760036e-01
-9.721513390541076660e-01 -2.106563150882720947e-01 -1.026917174458503723e-01 -6.547518937897570113e-02
1.339899748563766479e-01 -1.401103436946868896e-01 -9.810277223587036133e-01 -2.791893967216897199e+00
0.000000000000000000e+00 0.000000000000000000e+00 0.000000000000000000e+00 1.000000000000000000e+00
1.151035800576210022e-01 -9.804776310920715332e-01 1.594206094741821289e-01 5.200103867169203475e-01
-9.712954759597778320e-01 -1.447214335203170776e-01 -1.887872964143753052e-01 -3.352642024801897325e-01
2.081732898950576782e-01 -1.331143826246261597e-01 -9.689914584159851074e-01 -2.769378620585803308e+00
0.000000000000000000e+00 0.000000000000000000e+00 0.000000000000000000e+00 1.000000000000000000e+00
1.896113455295562744e-01 -9.714596271514892578e-01 1.425258517265319824e-01 4.625828007192889224e-01
-9.541842937469482422e-01 -2.165364325046539307e-01 -2.065046429634094238e-01 -3.845374084651719815e-01
2.314729094505310059e-01 -9.684030711650848389e-02 -9.680093526840209961e-01 -2.748907991382694149e+00
0.000000000000000000e+00 0.000000000000000000e+00 0.000000000000000000e+00 1.000000000000000000e+00
2.718366384506225586e-01 -9.508020281791687012e-01 1.485941559076309204e-01 4.564922469985768227e-01
-9.378173351287841797e-01 -2.963694930076599121e-01 -1.807313412427902222e-01 -2.891512887108876884e-01
2.158784717321395874e-01 -9.022482484579086304e-02 -9.722427725791931152e-01 -2.737150176321098360e+00
0.000000000000000000e+00 0.000000000000000000e+00 0.000000000000000000e+00 1.000000000000000000e+00
3.245787620544433594e-01 -9.333454370498657227e-01 1.533451676368713379e-01 4.561663960278923846e-01
-9.335809946060180664e-01 -3.421642482280731201e-01 -1.065370067954063416e-01 -4.735732611531616454e-02
1.519050747156143188e-01 -1.085804849863052368e-01 -9.824129343032836914e-01 -2.733441539042810398e+00
0.000000000000000000e+00 0.000000000000000000e+00 0.000000000000000000e+00 1.000000000000000000e+00
3.629958331584930420e-01 -9.126082658767700195e-01 1.880958974361419678e-01 5.398650827366369143e-01
-9.284791350364685059e-01 -3.712632358074188232e-01 -9.483261033892631531e-03 2.605408625741472695e-01
7.848759740591049194e-02 -1.712007820606231689e-01 -9.821048974990844727e-01 -2.694341630082872641e+00
0.000000000000000000e+00 0.000000000000000000e+00 0.000000000000000000e+00 1.000000000000000000e+00
4.003444015979766846e-01 -8.949230909347534180e-01 1.970707327127456665e-01 5.477889491431588986e-01
-9.161757826805114746e-01 -3.952622115612030029e-01 6.625316292047500610e-02 5.009419605879401605e-01
1.860311441123485565e-02 -2.070755511522293091e-01 -9.781481027603149414e-01 -2.650853167010294165e+00
0.000000000000000000e+00 0.000000000000000000e+00 0.000000000000000000e+00 1.000000000000000000e+00
4.590053260326385498e-01 -8.588473200798034668e-01 2.273655235767364502e-01 6.011309289561185265e-01
-8.874609470367431641e-01 -4.312638044357299805e-01 1.625557690858840942e-01 7.719837080391368511e-01
-4.155614227056503296e-02 -2.763920128345489502e-01 -9.601461291313171387e-01 -2.551567373076998546e+00
0.000000000000000000e+00 0.000000000000000000e+00 0.000000000000000000e+00 1.000000000000000000e+00
5.332636237144470215e-01 -8.195894360542297363e-01 2.095305025577545166e-01 4.988397660245479370e-01
-8.413147330284118652e-01 -4.879261255264282227e-01 2.326317876577377319e-01 9.487251089741871590e-01
-8.842720091342926025e-02 -3.003351390361785889e-01 -9.497259855270385742e-01 -2.487456789591059536e+00
0.000000000000000000e+00 0.000000000000000000e+00 0.000000000000000000e+00 1.000000000000000000e+00
5.944792628288269043e-01 -7.774044871330261230e-01 2.055156975984573364e-01 4.477833650059633297e-01
-7.948142290115356445e-01 -5.293385982513427734e-01 2.967675328254699707e-01 1.094574168449701457e+00
-1.219210699200630188e-01 -3.397689163684844971e-01 -9.325729608535766602e-01 -2.408046697630814137e+00
0.000000000000000000e+00 0.000000000000000000e+00 0.000000000000000000e+00 1.000000000000000000e+00
6.755031943321228027e-01 -7.159252166748046875e-01 1.764831840991973877e-01 3.127011500841840319e-01
-7.195346355438232422e-01 -5.877116322517395020e-01 3.699523210525512695e-01 1.233073420765554928e+00
-1.611371040344238281e-01 -3.768897056579589844e-01 -9.121342897415161133e-01 -2.312940157112571171e+00
0.000000000000000000e+00 0.000000000000000000e+00 0.000000000000000000e+00 1.000000000000000000e+00
7.379965186119079590e-01 -6.550205349922180176e-01 1.622009575366973877e-01 2.395397083752037193e-01
-6.471546292304992676e-01 -6.189064979553222656e-01 4.451354742050170898e-01 1.373507014399920401e+00
-1.911856830120086670e-01 -4.334775209426879883e-01 -8.806504607200622559e-01 -2.179878583829897742e+00
0.000000000000000000e+00 0.000000000000000000e+00 0.000000000000000000e+00 1.000000000000000000e+00
7.666701674461364746e-01 -6.248718500137329102e-01 1.474850475788116455e-01 1.784318207161380843e-01
-5.934523344039916992e-01 -6.020377278327941895e-01 5.341951847076416016e-01 1.560607213208998090e+00
-2.450121343135833740e-01 -4.970768690109252930e-01 -8.323962688446044922e-01 -1.983102677294292793e+00
0.000000000000000000e+00 0.000000000000000000e+00 0.000000000000000000e+00 1.000000000000000000e+00
7.932958006858825684e-01 -5.905104875564575195e-01 1.482530683279037476e-01 1.552389286124183643e-01
-5.354582071304321289e-01 -5.607938170433044434e-01 6.315017938613891602e-01 1.791761414681565689e+00
-2.897691726684570312e-01 -5.803509950637817383e-01 -7.610692381858825684e-01 -1.734071409250954376e+00
0.000000000000000000e+00 0.000000000000000000e+00 0.000000000000000000e+00 1.000000000000000000e+00
8.193141222000122070e-01 -5.558045506477355957e-01 1.407323479652404785e-01 1.162736440135033883e-01
-4.747666716575622559e-01 -5.200777053833007812e-01 7.100110054016113281e-01 1.979732756934657889e+00
-3.214356899261474609e-01 -6.485370397567749023e-01 -6.899845600128173828e-01 -1.505340929172273690e+00
0.000000000000000000e+00 0.000000000000000000e+00 0.000000000000000000e+00 1.000000000000000000e+00
8.478234410285949707e-01 -5.128302574157714844e-01 1.349092572927474976e-01 7.157948147290481289e-02
-4.083941876888275146e-01 -4.691867530345916748e-01 7.829928994178771973e-01 2.154653503943953385e+00
-3.382448554039001465e-01 -7.189359068870544434e-01 -6.072244644165039062e-01 -1.287627088580078683e+00
0.000000000000000000e+00 0.000000000000000000e+00 0.000000000000000000e+00 1.000000000000000000e+00
8.795080780982971191e-01 -4.651150703430175781e-01 1.006652638316154480e-01 -3.840611646232135884e-02
-3.235709667205810547e-01 -4.293663501739501953e-01 8.431762456893920898e-01 2.288408377164253604e+00
-3.489517867565155029e-01 -7.741526365280151367e-01 -5.281289219856262207e-01 -1.096966639374885588e+00
0.000000000000000000e+00 0.000000000000000000e+00 0.000000000000000000e+00 1.000000000000000000e+00
9.013094902038574219e-01 -4.278637468814849854e-01 6.763000041246414185e-02 -1.268696104700056948e-01
-2.262669503688812256e-01 -3.318867087364196777e-01 9.157808423042297363e-01 2.412660695179761561e+00
-3.693839013576507568e-01 -8.407043814659118652e-01 -3.959440588951110840e-01 -7.642404098164973236e-01
0.000000000000000000e+00 0.000000000000000000e+00 0.000000000000000000e+00 1.000000000000000000e+00
9.003573656082153320e-01 -4.346762299537658691e-01 2.032674103975296021e-02 -2.939718916341923505e-01
-1.004252433776855469e-01 -1.621089428663253784e-01 9.816493391990661621e-01 2.569524186619572159e+00
-4.234045147895812988e-01 -8.858764767646789551e-01 -1.896084249019622803e-01 -2.224409781795924912e-01
0.000000000000000000e+00 0.000000000000000000e+00 0.000000000000000000e+00 1.000000000000000000e+00
8.538973331451416016e-01 -5.173913240432739258e-01 5.626320093870162964e-02 -1.698003206412705135e-01
-1.788181960582733154e-01 -1.901455968618392944e-01 9.653333425521850586e-01 2.543862568987954376e+00
-4.887569546699523926e-01 -8.343564271926879883e-01 -2.548838257789611816e-01 -4.018749870589660156e-01
0.000000000000000000e+00 0.000000000000000000e+00 0.000000000000000000e+00 1.000000000000000000e+00
