0.1155665591359138 0.9810993075370789 -0.1552044600248337 0.05379185825586319 
-0.9706947207450867 0.1446943134069443 0.1918732672929764 -0.03449112176895142 
0.2107039391994476 0.1284820139408112 0.96906977891922 -0.2988922894001007 
0 0 0 1 

0.1852470934391022 0.972069263458252 -0.1441003382205963 0.04965596273541451 
-0.954680323600769 0.2127833068370819 0.2081074416637421 -0.03919777274131775 
0.2329569756984711 0.09901846945285797 0.9674328565597534 -0.2963351905345917 
0 0 0 1 

0.8980013132095337 0.439691424369812 -0.01627830043435097 -0.02446058206260204 
-0.4211398959159851 0.8696491718292236 0.257587730884552 -0.05456162616610527 
0.1274155825376511 -0.2244586795568466 0.9661177396774292 -0.2631051242351532 
0 0 0 1 

0.8999373912811279 0.435599684715271 -0.01911654882133007 -0.02334648743271828 
-0.3986807465553284 0.8398323655128479 0.3684222996234894 -0.09112883359193802 
0.1765394657850266 -0.3239355385303497 0.9294618964195251 -0.2537311315536499 
0 0 0 1 

0.9052577614784241 0.4246605932712555 -0.01310201920568943 -0.02629322186112404 
-0.372469574213028 0.8080814480781555 0.4563666582107544 -0.1203572750091553 
0.2043885588645935 -0.4082493185997009 0.8896952867507935 -0.2438500672578812 
0 0 0 1 

0.9154583215713501 0.402279406785965 -0.01035477966070175 -0.02988331951200962 
-0.3310978710651398 0.7675980925559998 0.5487869381904602 -0.1511178910732269 
0.2287141084671021 -0.4989630877971649 0.8358980417251587 -0.2306994497776031 
0 0 0 1 

0.9076165556907654 0.4195154905319214 0.01545487158000469 -0.03849740698933601 
-0.3347598910331726 0.701052725315094 0.6296511888504028 -0.1751700639724731 
0.2533138692378998 -0.5766555070877075 0.776724100112915 -0.2164401710033417 
0 0 0 1 

0.9159411787986755 0.4000314772129059 0.03204004839062691 -0.04544860869646072 
-0.2975884974002838 0.6234727501869202 0.7229957580566406 -0.2048721611499786 
0.2692449390888214 -0.671756386756897 0.6901090741157532 -0.1926583051681519 
0 0 0 1 

0.9255799651145935 0.3749555349349976 0.05205771699547768 -0.0531621091067791 
-0.2668599486351013 0.5487520694732666 0.7922479510307312 -0.2278206199407578 
0.2684910297393799 -0.7471809983253479 0.6079745292663574 -0.1677514612674713 
0 0 0 1 

0.9325891137123108 0.3562284409999847 0.05812777578830719 -0.05586303025484085 
-0.2344835698604584 0.4755131900310516 0.8478824496269226 -0.2455772906541824 
0.2743993401527405 -0.8043559193611145 0.5269880890846252 -0.1449872106313705 
0 0 0 1 

