0.983660101890564 -0.1331928819417953 -0.1211301311850548 -0.01549741253256798 
-0.1262248456478119 -0.03046499006450176 -0.991533637046814 0.3121914863586426 
0.1283749938011169 0.9906216859817505 -0.04677936807274818 0.03422787040472031 
0 0 0 1 

0.9783876538276672 -0.1884956061840057 -0.0850118026137352 -0.02745818719267845 
-0.07690601050853729 0.04992076382040977 -0.9957877397537231 0.3097009658813477 
0.1919454783201218 0.9808043241500854 0.03434537351131439 0.0002557759289629757 
0 0 0 1 

0.9430087804794312 -0.3206985592842102 -0.08880830556154251 -0.02453053556382656 
-0.04548283293843269 0.1401571482419968 -0.989084005355835 0.3034557402133942 
0.3296449482440948 0.9367541074752808 0.117583230137825 -0.03775053098797798 
0 0 0 1 

0.9606301784515381 -0.2074737846851349 -0.1847816705703735 -0.0003366802993696183 
-0.1479575037956238 0.1809014230966568 -0.9723081588745117 0.3062159717082977 
0.2351557165384293 0.9613684415817261 0.1430820524692535 -0.03157278895378113 
0 0 0 1 

0.9553913474082947 -0.1380347013473511 -0.2611011564731598 0.02271565794944763 
-0.2331030517816544 0.1904398053884506 -0.9536222219467163 0.3094223737716675 
0.1813570111989975 0.9719458818435669 0.1497682332992554 -0.02732077240943909 
0 0 0 1 

0.9317305684089661 0.2050600051879883 -0.299714058637619 0.04479135200381279 
-0.3474859595298767 0.2636455893516541 -0.8998579382896423 0.3086231350898743 
-0.1055066213011742 0.9425715804100037 0.3169021308422089 -0.05701088905334473 
0 0 0 1 

0.9277611970901489 0.1625708192586899 -0.3359016180038452 0.05512826889753342 
-0.3726701438426971 0.3568460643291473 -0.8566083312034607 0.3009246289730072 
-0.01939434185624123 0.9199084639549255 0.3916532099246979 -0.08757664263248444 
0 0 0 1 

0.8869415521621704 0.1493804305791855 -0.4370585381984711 0.08928414434194565 
-0.4562044739723206 0.4312322735786438 -0.7784060835838318 0.2870034575462341 
0.07219504565000534 0.889788806438446 0.4506258964538574 -0.1151185259222984 
0 0 0 1 

0.8738333582878113 0.1286459565162659 -0.4688981175422668 0.100041963160038 
-0.4637642502784729 0.510239839553833 -0.7242774367332458 0.2704286873340607 
0.1460750550031662 0.8503560423851013 0.5055260062217712 -0.1396302729845047 
0 0 0 1 

0.863886296749115 0.096483513712883 -0.4943598210811615 0.107173889875412 
-0.4624828398227692 0.5407384037971497 -0.7026465535163879 0.2635826468467712 
0.1995254158973694 0.835639476776123 0.5117583274841309 -0.1432754844427109 
0 0 0 1 

