0.983660101890564 -0.1331928223371506 -0.1211301311850548 -0.01549742184579372 
-0.1262247860431671 -0.03046457096934319 -0.991533637046814 0.3121913969516754 
0.1283749938011169 0.9906216859817505 -0.04677895456552505 0.03422782942652702 
0 0 0 1 

0.9783876538276672 -0.1884956061840057 -0.0850118026137352 -0.02745819091796875 
-0.0769060030579567 0.04992076382040977 -0.9957877397537231 0.3097009062767029 
0.1919454783201218 0.9808043241500854 0.03434537351131439 0.0002557745319791138 
0 0 0 1 

0.9430087208747864 -0.3206986486911774 -0.08880829066038132 -0.02453052811324596 
-0.04548289254307747 0.1401568651199341 -0.9890840649604797 0.3034558296203613 
0.3296450078487396 0.9367541670799255 0.1175829395651817 -0.0377504974603653 
0 0 0 1 

0.9606301784515381 -0.2074737995862961 -0.1847816556692123 -0.0003366741584613919 
-0.147957518696785 0.1809013336896896 -0.9723080396652222 0.3062159717082977 
0.2351557165384293 0.9613683223724365 0.1430819183588028 -0.03157278522849083 
0 0 0 1 

0.9553913474082947 -0.1380347013473511 -0.2611011564731598 0.02271564118564129 
-0.2331030517816544 0.1904398053884506 -0.9536222219467163 0.3094222843647003 
0.1813570111989975 0.9719458818435669 0.1497682332992554 -0.0273207314312458 
0 0 0 1 

0.9317305684089661 0.2050600498914719 -0.2997140884399414 0.04479137435555458 
-0.3474859893321991 0.2636456489562988 -0.8998579978942871 0.308623194694519 
-0.1055066362023354 0.9425716400146484 0.3169021606445312 -0.05701084062457085 
0 0 0 1 

0.9277611970901489 0.1625708043575287 -0.3359016478061676 0.05512827262282372 
-0.3726701438426971 0.3568460047245026 -0.8566083312034607 0.3009246289730072 
-0.01939436048269272 0.9199084639549255 0.3916531503200531 -0.08757663518190384 
0 0 0 1 

0.8869415521621704 0.1493804752826691 -0.4370584487915039 0.08928416669368744 
-0.4562044441699982 0.4312324225902557 -0.7784060835838318 0.2870034873485565 
0.07219508290290833 0.8897886872291565 0.450626015663147 -0.1151184812188148 
0 0 0 1 

0.8738332986831665 0.1286458969116211 -0.468898206949234 0.1000420153141022 
-0.4637643694877625 0.5102396011352539 -0.7242774963378906 0.2704287767410278 
0.146075040102005 0.8503561019897461 0.5055257678031921 -0.1396302282810211 
0 0 0 1 

0.8596948981285095 0.1060305684804916 -0.4996821284294128 0.1099390834569931 
-0.4706854224205017 0.5444622039794922 -0.694273829460144 0.2615952491760254 
0.1984437704086304 0.8320567607879639 0.5179783701896667 -0.1450787335634232 
0 0 0 1 

