0.1732136756181717 0.1053884401917458 -0.9792294502258301 0.3968298435211182 
-0.05072728544473648 0.9938933849334717 0.09799358993768692 -0.00925437081605196 
0.9835770130157471 0.0326998271048069 0.1775019764900208 -0.06657563149929047 
0 0 0 1 

0.4031926989555359 0.264870822429657 -0.8759446740150452 0.3978866636753082 
-0.1854084581136703 0.9609883427619934 0.2052440643310547 -0.01973358727991581 
0.8961358070373535 0.07965465635061264 0.4365728497505188 -0.04946282878518105 
0 0 0 1 

0.3714199960231781 0.2772570550441742 -0.8861013054847717 0.3763374388217926 
-0.08145163953304291 0.9604230523109436 0.2663705348968506 -0.04976856335997581 
0.9248852133750916 -0.02676093205809593 0.3793033957481384 -0.0375293605029583 
0 0 0 1 

0.3675587177276611 0.3155379891395569 -0.8748350739479065 0.3543799519538879 
-0.04709458351135254 0.9457908272743225 0.321343868970871 -0.0795779749751091 
0.9288071393966675 -0.07691273093223572 0.3624937534332275 -0.03501864895224571 
0 0 0 1 

0.3930591344833374 0.362368106842041 -0.8450998067855835 0.3346047103404999 
-0.003054857719689608 0.919582724571228 0.3928845524787903 -0.107087180018425 
0.9195080399513245 -0.1518451571464539 0.3625573813915253 -0.03706479445099831 
0 0 0 1 

0.4141844809055328 0.3843774795532227 -0.8250483870506287 0.3194833993911743 
0.04852783679962158 0.8958397507667542 0.4417195320129395 -0.1250691413879395 
0.9088981747627258 -0.2229911386966705 0.3523899614810944 -0.03642420098185539 
0 0 0 1 

0.449845165014267 0.4245956838130951 -0.7857211828231812 0.2970290780067444 
0.1155839413404465 0.8446856737136841 0.5226341485977173 -0.1548238396644592 
0.8855956196784973 -0.3259211778640747 0.3309012949466705 -0.03330491855740547 
0 0 0 1 

0.4665983915328979 0.4610565304756165 -0.7547930479049683 0.2817425131797791 
0.1389394551515579 0.8045820593833923 0.5773589611053467 -0.1749452203512192 
0.8734880685806274 -0.3742652237415314 0.3113577365875244 -0.02943667210638523 
0 0 0 1 

0.4926173388957977 0.4956106543540955 -0.7153308987617493 0.2633676826953888 
0.165631428360939 0.7535656094551086 0.6361643671989441 -0.1937565505504608 
0.8543385863304138 -0.431866854429245 0.2891308069229126 -0.02498611249029636 
0 0 0 1 

0.5483300685882568 0.4825169146060944 -0.6830167770385742 0.2479682266712189 
0.1735134720802307 0.733330249786377 0.6573585271835327 -0.20039963722229 
0.8180633187294006 -0.4789620339870453 0.3183838129043579 -0.03715091943740845 
0 0 0 1 

