1.000000000000000000e+00 0.000000000000000000e+00 0.000000000000000000e+00 -1.792658120393753052e-02
0.000000000000000000e+00 1.000000000000000000e+00 0.000000000000000000e+00 2.243540808558464050e-02
0.000000000000000000e+00 0.000000000000000000e+00 1.000000000000000000e+00 -3.816788792610168457e-01
0.000000000000000000e+00 0.000000000000000000e+00 0.000000000000000000e+00 1.000000000000000000e+00
9.954679608345031738e-01 5.870145186781883240e-02 -7.481453567743301392e-02 1.374696101993322372e-02
-6.000254303216934204e-02 9.980815649032592773e-01 -1.526142191141843796e-02 2.542803995311260223e-02
7.377512007951736450e-02 1.968139596283435822e-02 9.970807433128356934e-01 -3.786949217319488525e-01
0.000000000000000000e+00 0.000000000000000000e+00 0.000000000000000000e+00 1.000000000000000000e+00
9.731766581535339355e-01 7.200339436531066895e-02 -2.185013592243194580e-01 7.206664234399795532e-02
-7.707817107439041138e-02 9.969156384468078613e-01 -1.477943640202283859e-02 2.601580321788787842e-02
2.167631983757019043e-01 3.122474625706672668e-02 9.757245779037475586e-01 -3.693999648094177246e-01
0.000000000000000000e+00 0.000000000000000000e+00 0.000000000000000000e+00 1.000000000000000000e+00
9.387572407722473145e-01 6.651724874973297119e-02 -3.380983471870422363e-01 1.209670081734657288e-01
-6.446154415607452393e-02 9.977698922157287598e-01 1.731789112091064453e-02 1.448611542582511902e-02
3.384962975978851318e-01 5.537059623748064041e-03 9.409514069557189941e-01 -3.561442792415618896e-01
0.000000000000000000e+00 0.000000000000000000e+00 0.000000000000000000e+00 1.000000000000000000e+00
9.125944375991821289e-01 8.077927678823471069e-02 -4.008064866065979004e-01 1.476789563894271851e-01
-6.760293245315551758e-02 9.966077208518981934e-01 4.693332687020301819e-02 6.841180380433797836e-03
4.032381474971771240e-01 -1.573536172509193420e-02 9.149596691131591797e-01 -3.446546196937561035e-01
0.000000000000000000e+00 0.000000000000000000e+00 0.000000000000000000e+00 1.000000000000000000e+00
1.808830201625823975e-01 9.929436445236206055e-02 -9.784793257713317871e-01 3.963507115840911865e-01
-4.781534895300865173e-02 9.946018457412719727e-01 9.209123253822326660e-02 -7.165735587477684021e-03
9.823415279388427734e-01 3.012860566377639771e-02 1.846543848514556885e-01 -6.928856670856475830e-02
0.000000000000000000e+00 0.000000000000000000e+00 0.000000000000000000e+00 1.000000000000000000e+00
1.650481820106506348e-01 1.127702817320823669e-01 -9.798172712326049805e-01 3.946052789688110352e-01
-3.258068114519119263e-02 9.935230612754821777e-01 1.088595837354660034e-01 -9.114896878600120544e-03
9.857472181320190430e-01 1.395604107528924942e-02 1.676533669233322144e-01 -5.574965104460716248e-02
0.000000000000000000e+00 0.000000000000000000e+00 0.000000000000000000e+00 1.000000000000000000e+00
1.380612105131149292e-01 1.103944927453994751e-01 -9.842519760131835938e-01 3.932696282863616943e-01
-3.105276077985763550e-02 9.937626719474792480e-01 1.071054488420486450e-01 -4.470911808311939240e-03
9.899367094039916992e-01 1.577664725482463837e-02 1.406281739473342896e-01 -3.734606131911277771e-02
0.000000000000000000e+00 0.000000000000000000e+00 0.000000000000000000e+00 1.000000000000000000e+00
1.577088087797164917e-01 1.080624237656593323e-01 -9.815551042556762695e-01 3.885992467403411865e-01
-4.164450615644454956e-02 9.938378334045410156e-01 1.027235388755798340e-01 -7.714158273302018642e-04
9.866069555282592773e-01 2.467597834765911102e-02 1.612371802330017090e-01 -3.540910035371780396e-02
0.000000000000000000e+00 0.000000000000000000e+00 0.000000000000000000e+00 1.000000000000000000e+00
1.708526760339736938e-01 1.100524365901947021e-01 -9.791311621665954590e-01 3.855967819690704346e-01
-6.512434780597686768e-02 9.928308725357055664e-01 1.002284586429595947e-01 1.809458481147885323e-03
9.831419587135314941e-01 4.664099961519241333e-02 1.767949163913726807e-01 -3.164255619049072266e-02
0.000000000000000000e+00 0.000000000000000000e+00 0.000000000000000000e+00 1.000000000000000000e+00
1.926353424787521362e-01 1.035838574171066284e-01 -9.757877588272094727e-01 3.822127580642700195e-01
-8.122612535953521729e-02 9.926834106445312500e-01 8.934210240840911865e-02 8.372988551855087280e-03
9.779028296470642090e-01 6.204902008175849915e-02 1.996396034955978394e-01 -3.064296208322048187e-02
0.000000000000000000e+00 0.000000000000000000e+00 0.000000000000000000e+00 1.000000000000000000e+00
1.818044632673263550e-01 1.009348332881927490e-01 -9.781407117843627930e-01 3.817867934703826904e-01
-1.148191392421722412e-01 9.900926351547241211e-01 8.082704246044158936e-02 1.479409635066986084e-02
9.766082167625427246e-01 9.761459380388259888e-02 1.915925294160842896e-01 -1.862748526036739349e-02
0.000000000000000000e+00 0.000000000000000000e+00 0.000000000000000000e+00 1.000000000000000000e+00
1.921268105506896973e-01 1.112192720174789429e-01 -9.750473499298095703e-01 3.819519281387329102e-01
-1.145924106240272522e-01 9.893031716346740723e-01 9.026569128036499023e-02 1.512703765183687210e-02
9.746566414833068848e-01 9.439056366682052612e-02 2.028165161609649658e-01 -1.727243699133396149e-02
0.000000000000000000e+00 0.000000000000000000e+00 0.000000000000000000e+00 1.000000000000000000e+00
2.023293077945709229e-01 1.236182004213333130e-01 -9.714841842651367188e-01 3.830506503582000732e-01
-1.403001099824905396e-01 9.854270815849304199e-01 9.617236256599426270e-02 1.640928536653518677e-02
9.692155122756958008e-01 1.168408393859863281e-01 2.167244404554367065e-01 -1.639323495328426361e-02
0.000000000000000000e+00 0.000000000000000000e+00 0.000000000000000000e+00 1.000000000000000000e+00
2.161577790975570679e-01 1.276260167360305786e-01 -9.679811000823974609e-01 3.842214047908782959e-01
-1.583327949047088623e-01 9.828786849975585938e-01 9.423325955867767334e-02 1.957770623266696930e-02
9.634347558021545410e-01 1.328938752412796021e-01 2.326643466949462891e-01 -1.619657315313816071e-02
0.000000000000000000e+00 0.000000000000000000e+00 0.000000000000000000e+00 1.000000000000000000e+00
2.230149805545806885e-01 1.413166224956512451e-01 -9.645175337791442871e-01 3.861761391162872314e-01
-1.792768836021423340e-01 9.785056710243225098e-01 1.019138395786285400e-01 1.916988939046859741e-02
9.581879377365112305e-01 1.501873582601547241e-01 2.435561865568161011e-01 -1.238796021789312363e-02
0.000000000000000000e+00 0.000000000000000000e+00 0.000000000000000000e+00 1.000000000000000000e+00
2.509765625000000000e-01 1.500715464353561401e-01 -9.562892317771911621e-01 3.878159821033477783e-01
-1.946431994438171387e-01 9.755551815032958984e-01 1.020111665129661560e-01 2.174571156501770020e-02
9.482218027114868164e-01 1.605328321456909180e-01 2.740519046783447266e-01 -1.551406923681497574e-02
0.000000000000000000e+00 0.000000000000000000e+00 0.000000000000000000e+00 1.000000000000000000e+00
2.912834584712982178e-01 1.539471149444580078e-01 -9.441686272621154785e-01 3.880723118782043457e-01
-2.217648327350616455e-01 9.709472656250000000e-01 8.989720046520233154e-02 2.751536108553409576e-02
9.305774569511413574e-01 1.831978261470794678e-01 3.169609904289245605e-01 -2.318470738828182220e-02
0.000000000000000000e+00 0.000000000000000000e+00 0.000000000000000000e+00 1.000000000000000000e+00
3.575557768344879150e-01 1.807138472795486450e-01 -9.162401556968688965e-01 3.916679620742797852e-01
-2.426677346229553223e-01 9.653769731521606445e-01 9.570604562759399414e-02 2.446021512150764465e-02
9.018126130104064941e-01 1.881216913461685181e-01 3.890296220779418945e-01 -3.555283322930335999e-02
0.000000000000000000e+00 0.000000000000000000e+00 0.000000000000000000e+00 1.000000000000000000e+00
4.091061949729919434e-01 2.328422814607620239e-01 -8.822790980339050293e-01 4.065356254577636719e-01
-2.475856244564056396e-01 9.589483737945556641e-01 1.382725387811660767e-01 9.310058318078517914e-03
8.782559037208557129e-01 1.618715077638626099e-01 4.499601423740386963e-01 -4.362270608544349670e-02
0.000000000000000000e+00 0.000000000000000000e+00 0.000000000000000000e+00 1.000000000000000000e+00
4.209029376506805420e-01 2.547242939472198486e-01 -8.706066012382507324e-01 4.126549065113067627e-01
-2.818439602851867676e-01 9.489843249320983887e-01 1.413961648941040039e-01 9.355679154396057129e-03
8.622091412544250488e-01 1.858612447977066040e-01 4.712228178977966309e-01 -5.208453163504600525e-02
0.000000000000000000e+00 0.000000000000000000e+00 0.000000000000000000e+00 1.000000000000000000e+00
4.041884839534759521e-01 2.630430757999420166e-01 -8.760364651679992676e-01 4.037616550922393799e-01
-2.103787064552307129e-01 9.588136076927185059e-01 1.908329576253890991e-01 -1.168684009462594986e-02
8.901529908180236816e-01 1.071669608354568481e-01 4.428800940513610840e-01 -4.907495155930519104e-02
0.000000000000000000e+00 0.000000000000000000e+00 0.000000000000000000e+00 1.000000000000000000e+00
4.062110483646392822e-01 2.598441839218139648e-01 -8.760556578636169434e-01 3.978349864482879639e-01
-1.776844561100006104e-01 9.628785252571105957e-01 2.032073885202407837e-01 -1.821769215166568756e-02
8.963373899459838867e-01 7.311638444662094116e-02 4.373022317886352539e-01 -5.022845417261123657e-02
0.000000000000000000e+00 0.000000000000000000e+00 0.000000000000000000e+00 1.000000000000000000e+00
3.768363595008850098e-01 2.716648876667022705e-01 -8.855463862419128418e-01 3.764210045337677002e-01
-7.410470396280288696e-02 9.618023037910461426e-01 2.635238170623779297e-01 -4.822189733386039734e-02
9.233107566833496094e-01 -3.368217125535011292e-02 3.825737237930297852e-01 -3.902878612279891968e-02
0.000000000000000000e+00 0.000000000000000000e+00 0.000000000000000000e+00 1.000000000000000000e+00
3.687459230422973633e-01 3.082942366600036621e-01 -8.769156932830810547e-01 3.550808131694793701e-01
-3.731119632720947266e-02 9.475454092025756836e-01 3.174358308315277100e-01 -7.749634236097335815e-02
9.287810921669006348e-01 -8.433436602354049683e-02 3.609063625335693359e-01 -3.475370630621910095e-02
0.000000000000000000e+00 0.000000000000000000e+00 0.000000000000000000e+00 1.000000000000000000e+00
3.864731490612030029e-01 3.589883446693420410e-01 -8.495679497718811035e-01 3.356272578239440918e-01
1.770068774931132793e-03 9.208496212959289551e-01 3.899138271808624268e-01 -1.058726459741592407e-01
9.222989082336425781e-01 -1.521950066089630127e-01 3.552482724189758301e-01 -3.441260382533073425e-02
0.000000000000000000e+00 0.000000000000000000e+00 0.000000000000000000e+00 1.000000000000000000e+00
4.079405069351196289e-01 3.805093765258789062e-01 -8.299379348754882812e-01 3.207541108131408691e-01
5.423596501350402832e-02 8.973098397254943848e-01 4.380566179752349854e-01 -1.234849765896797180e-01
9.113960862159729004e-01 -2.237135320901870728e-01 3.454117774963378906e-01 -3.398769721388816833e-02
0.000000000000000000e+00 0.000000000000000000e+00 0.000000000000000000e+00 1.000000000000000000e+00
4.491836428642272949e-01 4.201142787933349609e-01 -7.885035872459411621e-01 2.978632748126983643e-01
1.187612786889076233e-01 8.466407060623168945e-01 5.187438130378723145e-01 -1.536601930856704712e-01
8.855109214782714844e-01 -3.266549110412597656e-01 3.304038643836975098e-01 -3.305531293153762817e-02
0.000000000000000000e+00 0.000000000000000000e+00 0.000000000000000000e+00 1.000000000000000000e+00
4.663723111152648926e-01 4.574279785156250000e-01 -7.571369409561157227e-01 2.826240658760070801e-01
1.432735174894332886e-01 8.055581450462341309e-01 5.749337673187255859e-01 -1.739290952682495117e-01
8.729085922241210938e-01 -3.766108751296997070e-01 3.101526796817779541e-01 -2.902609296143054962e-02
0.000000000000000000e+00 0.000000000000000000e+00 0.000000000000000000e+00 1.000000000000000000e+00
4.833859801292419434e-01 4.976457357406616211e-01 -7.201989889144897461e-01 2.645234763622283936e-01
1.680318117141723633e-01 7.546582221984863281e-01 6.342366933822631836e-01 -1.932206153869628906e-01
8.591293096542358398e-01 -4.275974631309509277e-01 2.811709344387054443e-01 -2.218287251889705658e-02
0.000000000000000000e+00 0.000000000000000000e+00 0.000000000000000000e+00 1.000000000000000000e+00
5.209801197052001953e-01 5.029392242431640625e-01 -6.896607279777526855e-01 2.492963969707489014e-01
1.725020110607147217e-01 7.292639613151550293e-01 6.621307134628295898e-01 -2.024782449007034302e-01
8.359561562538146973e-01 -4.639247357845306396e-01 2.931739985942840576e-01 -2.851764298975467682e-02
0.000000000000000000e+00 0.000000000000000000e+00 0.000000000000000000e+00 1.000000000000000000e+00
