0.5945885181427002 0.7775435447692871 -0.2046713680028915 0.04697399586439133 
-0.7945805788040161 0.5293312072753906 -0.2974055409431458 0.1215040013194084 
-0.122906856238842 0.3394618034362793 0.9325553774833679 -0.2596757411956787 
0 0 0 1 

0.6741102933883667 0.7164434194564819 -0.179677352309227 0.03347695618867874 
-0.7207944393157959 0.5849370360374451 -0.3718922436237335 0.1369726955890656 
-0.1613398939371109 0.3802068531513214 0.9107207059860229 -0.2490910142660141 
0 0 0 1 

0.7384552955627441 0.6546434164047241 -0.1616342812776566 0.02457989752292633 
-0.6462512016296387 0.6186826229095459 -0.44675612449646 0.1518932282924652 
-0.1924657076597214 0.4343657493591309 0.8799336552619934 -0.2349564433097839 
0 0 0 1 

0.7670335173606873 0.6241159439086914 -0.1487906128168106 0.01849962212145329 
-0.5938348770141602 0.6027613282203674 -0.5329526662826538 0.1714004278182983 
-0.242939218878746 0.4971495866775513 0.8329601883888245 -0.2141426652669907 
0 0 0 1 

0.7939972877502441 0.5896389484405518 -0.1479663401842117 0.0153427105396986 
-0.53425133228302 0.5606545209884644 -0.6326465606689453 0.1970149427652359 
-0.2900751829147339 0.5813708305358887 0.7601737380027771 -0.1867956817150116 
0 0 0 1 

0.8173273205757141 0.558539092540741 -0.1414570212364197 0.01158058363944292 
-0.4771132171154022 0.5184526443481445 -0.7096263766288757 0.2171234935522079 
-0.323015421628952 0.6474880576133728 0.69023197889328 -0.1621033549308777 
0 0 0 1 

0.847989022731781 0.51304692029953 -0.133031353354454 0.006114432588219643 
-0.408684641122818 0.4731206595897675 -0.7804701328277588 0.2352216392755508 
-0.3374779522418976 0.7161979675292969 0.6108756065368652 -0.1397264897823334 
0 0 0 1 

0.8793993592262268 0.4664523005485535 -0.09528373181819916 -0.006658314261585474 
-0.3228181600570679 0.4371256828308105 -0.8394696712493896 0.2493887096643448 
-0.3499216735363007 0.7689883708953857 0.5349873900413513 -0.1198911741375923 
0 0 0 1 

0.8983946442604065 0.4340757727622986 -0.06682276725769043 -0.0143175907433033 
-0.2352029532194138 0.3470314145088196 -0.9078813791275024 0.2627905011177063 
-0.3708997666835785 0.831352710723877 0.4138670861721039 -0.08705741167068481 
0 0 0 1 

0.9008732438087463 0.4326595962047577 -0.03511474281549454 -0.02248386479914188 
-0.1842680871486664 0.3079240322113037 -0.9333959221839905 0.2650090754032135 
-0.3930300772190094 0.8473419547080994 0.357125848531723 -0.07058104127645493 
0 0 0 1 

