0.9592130780220032 -0.2256336808204651 -0.1702931672334671 0.0007000852492637932 
-0.2317955046892166 -0.2829825878143311 -0.9306941628456116 0.2992471158504486 
0.1618059426546097 0.9322071075439453 -0.3237414658069611 0.1276879161596298 
0 0 0 1 

0.9831364154815674 -0.07729769498109818 -0.1657343506813049 0.001008850522339344 
-0.1781383752822876 -0.1998919546604156 -0.9634884595870972 0.3073718547821045 
0.0413464680314064 0.9767642021179199 -0.2102908045053482 0.09565215557813644 
0 0 0 1 

0.9882935285568237 -0.08523043990135193 -0.1265376955270767 -0.01212877500802279 
-0.1338995546102524 -0.08704005181789398 -0.9871651530265808 0.3125682175159454 
0.07312266528606415 0.9925521612167358 -0.09743340313434601 0.05494292825460434 
0 0 0 1 

0.9895675182342529 -0.07694419473409653 -0.1218023076653481 -0.01437073573470116 
-0.1242450401186943 -0.02778270654380322 -0.9918626546859741 0.312338262796402 
0.07293407618999481 0.9966483116149902 -0.03705278784036636 0.0343705452978611 
0 0 0 1 

0.9819893836975098 -0.1696958392858505 -0.0830671489238739 -0.02784946002066135 
-0.07469452917575836 0.05515210703015327 -0.9956802129745483 0.3097492456436157 
0.1735441088676453 0.9839520454406738 0.04148337990045547 -0.0006252954481169581 
0 0 0 1 

0.941398024559021 -0.3268082737922668 -0.0834629163146019 -0.02619611099362373 
-0.03946966305375099 0.1390118300914764 -0.9895039200782776 0.3034052848815918 
0.3349803984165192 0.9348112940788269 0.117966465651989 -0.03827622905373573 
0 0 0 1 

0.9649714827537537 -0.1949061751365662 -0.1756177693605423 -0.002933312905952334 
-0.140033170580864 0.1834204643964767 -0.973009467124939 0.3060847818851471 
0.2218574583530426 0.9635186791419983 0.1497022360563278 -0.03265734761953354 
0 0 0 1 

0.9644368290901184 -0.08839219063520432 -0.2490952610969543 0.01937350630760193 
-0.228506401181221 0.1948128938674927 -0.953851580619812 0.3094172477722168 
0.1328399777412415 0.9768494367599487 0.1676865369081497 -0.02998755313456059 
0 0 0 1 

0.9417920708656311 0.05563276261091232 -0.3315609395503998 0.05048835277557373 
-0.3340452015399933 0.2662215828895569 -0.9041790366172791 0.3093980252742767 
0.03796668350696564 0.9623050689697266 0.2693092525005341 -0.04949780181050301 
0 0 0 1 

0.9348223209381104 0.03161600232124329 -0.3537070453166962 0.05677323415875435 
-0.3447214961051941 0.320025771856308 -0.8824688196182251 0.3056716918945312 
0.08529516309499741 0.9468812942504883 0.3100656867027283 -0.06570041179656982 
0 0 0 1 

