1.000000000000000000e+00 0.000000000000000000e+00 0.000000000000000000e+00 -4.096739311332171507e-01
0.000000000000000000e+00 -1.000000000000000000e+00 0.000000000000000000e+00 -1.964994255000929863e-02
0.000000000000000000e+00 0.000000000000000000e+00 -1.000000000000000000e+00 -2.664639050480994698e+00
0.000000000000000000e+00 0.000000000000000000e+00 0.000000000000000000e+00 1.000000000000000000e+00
9.967367053031921387e-01 -7.908825576305389404e-02 -1.615825667977333069e-02 -4.413911427888229655e-01
-7.879418134689331055e-02 -9.967267513275146484e-01 1.809154264628887177e-02 5.935745594589370705e-02
-1.753618754446506500e-02 -1.675933785736560822e-02 -9.997057914733886719e-01 -2.717939570373841818e+00
0.000000000000000000e+00 0.000000000000000000e+00 0.000000000000000000e+00 1.000000000000000000e+00
9.863416552543640137e-01 -1.615027338266372681e-01 -3.235498815774917603e-02 -4.703894997839683789e-01
-1.597828418016433716e-01 -9.858788847923278809e-01 5.012098327279090881e-02 1.975326678657605972e-01
-3.999282792210578918e-02 -4.426660016179084778e-02 -9.982188940048217773e-01 -2.711094644656631747e+00
0.000000000000000000e+00 0.000000000000000000e+00 0.000000000000000000e+00 1.000000000000000000e+00
9.664057493209838867e-01 -2.543941438198089600e-01 -3.665305301547050476e-02 -4.619138476393909731e-01
-2.510336935520172119e-01 -9.648476839065551758e-01 7.778784632682800293e-02 3.208781099465617959e-01
-5.515341088175773621e-02 -6.597346067428588867e-02 -9.962959289550781250e-01 -2.705251650942936958e+00
0.000000000000000000e+00 0.000000000000000000e+00 0.000000000000000000e+00 1.000000000000000000e+00
9.369228482246398926e-01 -3.457042574882507324e-01 -5.161377415060997009e-02 -4.768071350281837262e-01
-3.379067182540893555e-01 -9.335941672325134277e-01 1.192505285143852234e-01 4.836209374183249587e-01
-8.941179513931274414e-02 -9.428786486387252808e-02 -9.915217161178588867e-01 -2.679652577988358431e+00
0.000000000000000000e+00 0.000000000000000000e+00 0.000000000000000000e+00 1.000000000000000000e+00
8.934369683265686035e-01 -4.484271705150604248e-01 -2.614122629165649414e-02 -3.762332087935150171e-01
-4.412048757076263428e-01 -8.869937062263488770e-01 1.363098621368408203e-01 5.701242863353878088e-01
-8.431216329336166382e-02 -1.102506220340728760e-01 -9.903212785720825195e-01 -2.690628300205875956e+00
0.000000000000000000e+00 0.000000000000000000e+00 0.000000000000000000e+00 1.000000000000000000e+00
8.455200195312500000e-01 -5.336892008781433105e-01 -1.647651381790637970e-02 -3.215452365858312289e-01
-5.241945385932922363e-01 -8.355567455291748047e-01 1.645136177539825439e-01 6.860799107675028541e-01
-1.015662699937820435e-01 -1.304626464843750000e-01 -9.862371683120727539e-01 -2.676352079862762245e+00
0.000000000000000000e+00 0.000000000000000000e+00 0.000000000000000000e+00 1.000000000000000000e+00
7.946630716323852539e-01 -6.069657802581787109e-01 1.015438325703144073e-02 -2.172462811356713486e-01
-5.996261835098266602e-01 -7.822260260581970215e-01 1.690292209386825562e-01 7.300473002175287274e-01
-9.465193748474121094e-02 -1.404101103544235229e-01 -9.855587482452392578e-01 -2.685557381883487693e+00
0.000000000000000000e+00 0.000000000000000000e+00 0.000000000000000000e+00 1.000000000000000000e+00
7.235019207000732422e-01 -6.894345283508300781e-01 3.499846532940864563e-02 -9.784629986466937546e-02
-6.850475072860717773e-01 -7.107949256896972656e-01 1.596253067255020142e-01 7.336163553033072660e-01
-8.517450839281082153e-02 -1.394648104906082153e-01 -9.865570664405822754e-01 -2.696000819101065815e+00
0.000000000000000000e+00 0.000000000000000000e+00 0.000000000000000000e+00 1.000000000000000000e+00
6.495413780212402344e-01 -7.596454024314880371e-01 3.216406702995300293e-02 -5.788151201228776410e-02
-7.557149529457092285e-01 -6.403723955154418945e-01 1.371779441833496094e-01 6.908165298273578614e-01
-8.360966295003890991e-02 -1.134096086025238037e-01 -9.900240898132324219e-01 -2.719839129699701097e+00
0.000000000000000000e+00 0.000000000000000000e+00 0.000000000000000000e+00 1.000000000000000000e+00
5.524585843086242676e-01 -8.325300812721252441e-01 4.102434590458869934e-02 2.392171607583415405e-02
-8.317578434944152832e-01 -5.473923683166503906e-01 9.241338819265365601e-02 5.795216414198550714e-01
-5.448052659630775452e-02 -8.517689257860183716e-02 -9.948752522468566895e-01 -2.767193730889232928e+00
0.000000000000000000e+00 0.000000000000000000e+00 0.000000000000000000e+00 1.000000000000000000e+00
4.573931694030761719e-01 -8.843659758567810059e-01 9.321112185716629028e-02 2.314061458329481347e-01
-8.892366290092468262e-01 -4.540273845195770264e-01 5.583377182483673096e-02 4.776433547939402668e-01
-7.057077717036008835e-03 -1.084247231483459473e-01 -9.940795898437500000e-01 -2.799244517469308136e+00
0.000000000000000000e+00 0.000000000000000000e+00 0.000000000000000000e+00 1.000000000000000000e+00
3.592749238014221191e-01 -9.263512492179870605e-01 1.131139621138572693e-01 3.202720268215734079e-01
-9.327668547630310059e-01 -3.602735400199890137e-01 1.219968497753143311e-02 3.315015279268201942e-01
2.945075556635856628e-02 -1.098920106887817383e-01 -9.935071468353271484e-01 -2.817198719546062602e+00
0.000000000000000000e+00 0.000000000000000000e+00 0.000000000000000000e+00 1.000000000000000000e+00
