1.000000000000000000e+00 0.000000000000000000e+00 0.000000000000000000e+00 -4.542167112231254578e-02
0.000000000000000000e+00 1.000000000000000000e+00 0.000000000000000000e+00 9.935460984706878662e-04
0.000000000000000000e+00 0.000000000000000000e+00 1.000000000000000000e+00 -2.875000238418579102e-01
0.000000000000000000e+00 0.000000000000000000e+00 0.000000000000000000e+00 1.000000000000000000e+00
9.965315461158752441e-01 8.210906386375427246e-02 1.352049224078655243e-02 -4.806470125913619995e-02
-8.187570422887802124e-02 9.964976906776428223e-01 -1.699386723339557648e-02 9.428521618247032166e-03
-1.486850064247846603e-02 1.582791842520236969e-02 9.997642040252685547e-01 -2.933100461959838867e-01
0.000000000000000000e+00 0.000000000000000000e+00 0.000000000000000000e+00 1.000000000000000000e+00
9.860910773277282715e-01 1.629753410816192627e-01 3.260556980967521667e-02 -5.211528018116950989e-02
-1.612184494733810425e-01 9.856131672859191895e-01 -5.074495449662208557e-02 2.485473453998565674e-02
-4.040672630071640015e-02 4.478247836232185364e-02 9.981792569160461426e-01 -2.924981117248535156e-01
0.000000000000000000e+00 0.000000000000000000e+00 0.000000000000000000e+00 1.000000000000000000e+00
9.663632512092590332e-01 2.547323703765869141e-01 3.540336340665817261e-02 -5.075057595968246460e-02
-2.514725923538208008e-01 9.647607803344726562e-01 -7.744626700878143311e-02 3.791929036378860474e-02
-5.388388037681579590e-02 6.593824177980422974e-02 9.963676333427429199e-01 -2.918646633625030518e-01
0.000000000000000000e+00 0.000000000000000000e+00 0.000000000000000000e+00 1.000000000000000000e+00
9.376736283302307129e-01 3.442147374153137207e-01 4.779172316193580627e-02 -5.145535618066787720e-02
-3.369106352329254150e-01 9.341353774070739746e-01 -1.178216114640235901e-01 5.504519119858741760e-02
-8.519994467496871948e-02 9.437664598226547241e-02 9.918841123580932617e-01 -2.894624769687652588e-01
0.000000000000000000e+00 0.000000000000000000e+00 0.000000000000000000e+00 1.000000000000000000e+00
8.931752443313598633e-01 4.486582875251770020e-01 3.072070889174938202e-02 -4.312474653124809265e-02
-4.408808648586273193e-01 8.870654106140136719e-01 -1.368903368711471558e-01 6.488486379384994507e-02
-8.866827189922332764e-02 1.087228953838348389e-01 9.901096820831298828e-01 -2.899336218833923340e-01
0.000000000000000000e+00 0.000000000000000000e+00 0.000000000000000000e+00 1.000000000000000000e+00
8.454316258430480957e-01 5.338112711906433105e-01 1.704961992800235748e-02 -3.598529845476150513e-02
-5.243006944656372070e-01 8.356050848960876465e-01 -1.639288067817687988e-01 7.729507237672805786e-02
-1.017538607120513916e-01 1.296514570713043213e-01 9.863248467445373535e-01 -2.887167930603027344e-01
0.000000000000000000e+00 0.000000000000000000e+00 0.000000000000000000e+00 1.000000000000000000e+00
7.931364178657531738e-01 6.090059876441955566e-01 -6.814566440880298615e-03 -2.553109824657440186e-02
-6.010922789573669434e-01 7.809301614761352539e-01 -1.698116064071655273e-01 8.242733776569366455e-02
-9.809458255767822266e-02 1.387799382209777832e-01 9.854530692100524902e-01 -2.895214259624481201e-01
0.000000000000000000e+00 0.000000000000000000e+00 0.000000000000000000e+00 1.000000000000000000e+00
7.230068445205688477e-01 6.901000142097473145e-01 -3.198260068893432617e-02 -1.249574497342109680e-02
-6.852185130119323730e-01 7.104597687721252441e-01 -1.603819429874420166e-01 8.257324993610382080e-02
-8.795727789402008057e-02 1.378723084926605225e-01 9.865367412567138672e-01 -2.906827330589294434e-01
0.000000000000000000e+00 0.000000000000000000e+00 0.000000000000000000e+00 1.000000000000000000e+00
6.485598683357238770e-01 7.603940963745117188e-01 -3.421306610107421875e-02 -6.927194073796272278e-03
-7.566885948181152344e-01 6.392286419868469238e-01 -1.371448934078216553e-01 7.780192047357559204e-02
-8.241426199674606323e-02 1.148352921009063721e-01 9.899599552154541016e-01 -2.934951484203338623e-01
0.000000000000000000e+00 0.000000000000000000e+00 0.000000000000000000e+00 1.000000000000000000e+00
5.492772459983825684e-01 8.344898819923400879e-01 -4.382916912436485291e-02 2.365084132179617882e-03
-8.339313864707946777e-01 5.440471172332763672e-01 -9.257970750331878662e-02 6.579988449811935425e-02
-5.341171845793724060e-02 8.740244805812835693e-02 9.947401881217956543e-01 -2.985029518604278564e-01
0.000000000000000000e+00 0.000000000000000000e+00 0.000000000000000000e+00 1.000000000000000000e+00
4.561693668365478516e-01 8.848942518234252930e-01 -9.418864548206329346e-02 2.432805672287940979e-02
-8.898737430572509766e-01 4.529031217098236084e-01 -5.480251461267471313e-02 5.429431796073913574e-02
-5.836103577166795731e-03 1.088152453303337097e-01 9.940448403358459473e-01 -3.020081520080566406e-01
0.000000000000000000e+00 0.000000000000000000e+00 0.000000000000000000e+00 1.000000000000000000e+00
3.533481061458587646e-01 9.294003844261169434e-01 -1.065833643078804016e-01 3.233959898352622986e-02
-9.352542757987976074e-01 3.535256981849670410e-01 -1.785824634134769440e-02 4.051502421498298645e-02
2.108248881995677948e-02 1.059927344322204590e-01 9.941433668136596680e-01 -3.036242425441741943e-01
0.000000000000000000e+00 0.000000000000000000e+00 0.000000000000000000e+00 1.000000000000000000e+00
2.732297182083129883e-01 9.534424543380737305e-01 -1.276429593563079834e-01 4.166242480278015137e-02
-9.586600065231323242e-01 2.808506488800048828e-01 4.575698450207710266e-02 1.688669435679912567e-02
7.947524636983871460e-02 1.098640561103820801e-01 9.907641410827636719e-01 -3.031999468803405762e-01
0.000000000000000000e+00 0.000000000000000000e+00 0.000000000000000000e+00 1.000000000000000000e+00
1.940589547157287598e-01 9.681567549705505371e-01 -1.581573337316513062e-01 5.272701010107994080e-02
-9.720800518989562988e-01 2.114605754613876343e-01 1.017098799347877502e-01 -3.770128125324845314e-03
1.319151371717453003e-01 1.340038627386093140e-01 9.821615815162658691e-01 -3.014827966690063477e-01
0.000000000000000000e+00 0.000000000000000000e+00 0.000000000000000000e+00 1.000000000000000000e+00
1.151600182056427002e-01 9.802616238594055176e-01 -1.607033014297485352e-01 5.532138794660568237e-02
-9.708853363990783691e-01 1.452822685241699219e-01 1.904596686363220215e-01 -3.384295105934143066e-02
2.100476324558258057e-01 1.340911090373992920e-01 9.684521555900573730e-01 -2.985330522060394287e-01
0.000000000000000000e+00 0.000000000000000000e+00 0.000000000000000000e+00 1.000000000000000000e+00
1.871099323034286499e-01 9.717355370521545410e-01 -1.439442336559295654e-01 4.921215400099754333e-02
-9.544207453727722168e-01 2.145159095525741577e-01 2.075184285640716553e-01 -3.887302801012992859e-02
2.325313538312911987e-01 9.855461120605468750e-02 9.675826430320739746e-01 -2.964052855968475342e-01
0.000000000000000000e+00 0.000000000000000000e+00 0.000000000000000000e+00 1.000000000000000000e+00
2.735386192798614502e-01 9.504804015159606934e-01 -1.475242376327514648e-01 4.786175861954689026e-02
-9.378864169120788574e-01 2.975948154926300049e-01 1.783428788185119629e-01 -2.750417403876781464e-02
2.134138792753219604e-01 8.957736194133758545e-02 9.728465676307678223e-01 -2.953582704067230225e-01
0.000000000000000000e+00 0.000000000000000000e+00 0.000000000000000000e+00 1.000000000000000000e+00
3.304231464862823486e-01 9.313928484916687012e-01 -1.527344584465026855e-01 4.761999472975730896e-02
-9.323741793632507324e-01 3.472487628459930420e-01 1.004813909530639648e-01 -1.688633055891841650e-04
1.466245055198669434e-01 1.092043071985244751e-01 9.831458330154418945e-01 -2.950409352779388428e-01
0.000000000000000000e+00 0.000000000000000000e+00 0.000000000000000000e+00 1.000000000000000000e+00
