1 0 0 -0.04542167112231255 
0 1 0 0.0009935460984706879 
0 0 1 -0.2875000238418579 
0 0 0 1 

0.9966903924942017 0.0796695277094841 0.01615502312779427 -0.04885239154100418 
-0.07938379794359207 0.9966884255409241 -0.01761857233941555 0.009580096229910851 
-0.01750518567860126 0.01627781800925732 0.9997142553329468 -0.2931943535804749 
0 0 0 1 

0.7946410775184631 0.6070557832717896 -0.005358084570616484 -0.02615049481391907 
-0.5991442203521729 0.7828013300895691 -0.1680718511343002 0.08173944056034088 
-0.09783469885587692 0.1367670744657516 0.9857601523399353 -0.2896071374416351 
0 0 0 1 

0.7226085662841797 0.6905021667480469 -0.0323021300137043 -0.01244061719626188 
-0.6855173110961914 0.7098159790039062 -0.1619477719068527 0.08295565098524094 
-0.08889675885438919 0.1391685158014297 0.986270546913147 -0.2906114459037781 
0 0 0 1 

0.6480605602264404 0.7608446478843689 -0.03365583717823029 -0.006872734054923058 
-0.7571061849594116 0.6388293504714966 -0.1367001086473465 0.07764285057783127 
-0.08250725269317627 0.1140709817409515 0.9900406002998352 -0.2935205101966858 
0 0 0 1 

0.5505494475364685 0.833803117275238 -0.04083560779690742 0.001370627782307565 
-0.8329319357872009 0.5453854203224182 -0.09369602799415588 0.0661473274230957 
-0.05585290864109993 0.08559757471084595 0.9947630763053894 -0.2984940111637115 
0 0 0 1 

0.4585760235786438 0.8839062452316284 -0.09174840152263641 0.02350945025682449 
-0.8886289000511169 0.4553179740905762 -0.05499262362718582 0.05451516434550285 
-0.006833623629063368 0.1067485809326172 0.9942625761032104 -0.3021418154239655 
0 0 0 1 

0.3533545434474945 0.9302076697349548 -0.09926856309175491 0.03012119792401791 
-0.935279369354248 0.3535293340682983 -0.01641528494656086 0.0400211438536644 
0.01982472091913223 0.09864425659179688 0.9949252605438232 -0.3038650751113892 
0 0 0 1 

0.2727075219154358 0.954567551612854 -0.1201309412717819 0.0392775870859623 
-0.9588481187820435 0.2799122631549835 0.04753187298774719 0.01634922623634338 
0.07899850606918335 0.102225050330162 0.9916195869445801 -0.3035449385643005 
0 0 0 1 

0.2540560066699982 0.9574277400970459 -0.1370663195848465 0.04439609497785568 
-0.9620904326438904 0.2646986842155457 0.06569822877645493 0.01004977431148291 
0.09918256849050522 0.1151792258024216 0.9883810877799988 -0.302799791097641 
0 0 0 1 

