0.8478984236717224 0.5299493074417114 0.01489267591387033 -0.03553099185228348 
-0.5208547115325928 0.8379294276237488 -0.1630474030971527 0.07681562751531601 
-0.0988859236240387 0.1304906904697418 0.9865058064460754 -0.2888670563697815 
0 0 0 1 

0.7945427298545837 0.6071496605873108 -0.00843429658561945 -0.0252056997269392 
-0.5995835661888123 0.7822957634925842 -0.1688573211431503 0.08222392201423645 
-0.09592355042695999 0.1392214149236679 0.9856044054031372 -0.2896285951137543 
0 0 0 1 

0.7239009141921997 0.6890615224838257 -0.03408043086528778 -0.01195389591157436 
-0.6842925548553467 0.7108489274978638 -0.1625955104827881 0.08323853462934494 
-0.08781232684850693 0.1410240232944489 0.9861040711402893 -0.2905722856521606 
0 0 0 1 

0.6475032567977905 0.7614182829856873 -0.03132614865899086 -0.007694073487073183 
-0.7572843432426453 0.6383035778999329 -0.1381612867116928 0.07844997197389603 
-0.08520300686359406 0.1131826713681221 0.9899141788482666 -0.2933900058269501 
0 0 0 1 

0.4588713347911835 0.8572508096694946 -0.2335762977600098 0.06550467014312744 
-0.8876490592956543 0.4307856559753418 -0.1627963781356812 0.08626116812229156 
-0.0389360748231411 0.2820363938808441 0.9586132764816284 -0.2747737765312195 
0 0 0 1 

0.5323365330696106 0.8199847340583801 -0.2103395611047745 0.05304615572094917 
-0.8420972228050232 0.4875379502773285 -0.2306055277585983 0.1048349663615227 
-0.08654453605413437 0.2998861074447632 0.9500412344932556 -0.2684353888034821 
0 0 0 1 

0.593894362449646 0.7769899368286133 -0.2087486088275909 0.04811648279428482 
-0.7956293821334839 0.5286855101585388 -0.2957455217838287 0.1206339448690414 
-0.1194289922714233 0.3417281210422516 0.9321794509887695 -0.2595938444137573 
0 0 0 1 

0.6736531853675842 0.7167045474052429 -0.1803490966558456 0.03362394869327545 
-0.7216804623603821 0.5853437781333923 -0.3695264756679535 0.1358982622623444 
-0.1592751890420914 0.3790871202945709 0.9115505218505859 -0.2493816316127777 
0 0 0 1 

0.7396082878112793 0.6524826288223267 -0.1650636345148087 0.02548454888164997 
-0.6462218761444092 0.6199141144752502 -0.4450884461402893 0.151072233915329 
-0.188087210059166 0.4358588457107544 0.8801422119140625 -0.2351346462965012 
0 0 0 1 

0.7661124467849731 0.6254841089248657 -0.1477855145931244 0.01878058537840843 
-0.5984885096549988 0.6104732155799866 -0.518780529499054 0.166964590549469 
-0.2342701107263565 0.4858924150466919 0.8420367836952209 -0.2167640924453735 
0 0 0 1 

