1 0 0 -0.01792658120393753 
0 1 0 0.02243540808558464 
0 0 1 -0.3816788792610168 
0 0 0 1 

0.9969338774681091 0.04814210534095764 -0.06168657541275024 0.008102547377347946 
-0.04939351230859756 0.9986001253128052 -0.01892418041825294 0.02637428790330887 
0.06068918108940125 0.02191304415464401 0.9979161620140076 -0.378814309835434 
0 0 0 1 

0.9823551177978516 0.06432487070560455 -0.1756148189306259 0.05454427003860474 
-0.06902013719081879 0.9973993301391602 -0.02075387164950371 0.02837381698191166 
0.1738231182098389 0.03250866755843163 0.9842401146888733 -0.3713442981243134 
0 0 0 1 

0.5326193571090698 0.8258545398712158 -0.1851501017808914 0.04756663739681244 
-0.8463340997695923 0.5181774497032166 -0.1233308166265488 0.06536515057086945 
-0.005912772379815578 0.2223872393369675 0.9749404788017273 -0.2225378602743149 
0 0 0 1 

0.5341607332229614 0.8224665522575378 -0.195501446723938 0.04703675955533981 
-0.8384155631065369 0.485769122838974 -0.247158482670784 0.09662402421236038 
-0.1083111241459846 0.2959338128566742 0.949047863483429 -0.2117929458618164 
0 0 0 1 

0.4892509579658508 0.843416690826416 -0.2219946533441544 0.05326662585139275 
-0.8411526679992676 0.3890735507011414 -0.3756110668182373 0.1298415958881378 
-0.2304244786500931 0.3704994916915894 0.8997970223426819 -0.1933321803808212 
0 0 0 1 

0.4643016457557678 0.8497124314308167 -0.249825119972229 0.06092771887779236 
-0.8223580718040466 0.3088647127151489 -0.4778384268283844 0.1560917347669601 
-0.3288631439208984 0.4273068606853485 0.8421744704246521 -0.174559473991394 
0 0 0 1 

0.5138241052627563 0.8099622130393982 -0.2827469706535339 0.06026066094636917 
-0.7656083703041077 0.2842241823673248 -0.5771136879920959 0.1748266369104385 
-0.3870768547058105 0.5130082964897156 0.7661552429199219 -0.1606675237417221 
0 0 0 1 

0.5292090773582458 0.8344159126281738 -0.1539081931114197 0.02394869737327099 
-0.7689851522445679 0.3950012028217316 -0.5026288032531738 0.1583431363105774 
-0.3586075901985168 0.3843488693237305 0.8506917953491211 -0.1918472051620483 
0 0 0 1 

0.5462390780448914 0.8336196541786194 -0.08186085522174835 0.002528566867113113 
-0.7717862725257874 0.4629113078117371 -0.4359576106071472 0.1410133689641953 
-0.3255285024642944 0.3013161420822144 0.8962364196777344 -0.2101630866527557 
0 0 0 1 

