1.000000000000000000e+00 0.000000000000000000e+00 0.000000000000000000e+00 -4.146692231928954531e-01
0.000000000000000000e+00 -1.000000000000000000e+00 0.000000000000000000e+00 -7.693198940031911737e-02
0.000000000000000000e+00 0.000000000000000000e+00 -1.000000000000000000e+00 -3.421550398492883005e+00
0.000000000000000000e+00 0.000000000000000000e+00 0.000000000000000000e+00 1.000000000000000000e+00
9.903832674026489258e-01 -1.373519897460937500e-01 -1.658681407570838928e-02 -5.099503816033768011e-01
-1.362035721540451050e-01 -9.890223741531372070e-01 5.729858577251434326e-02 2.669905676650856097e-01
-2.427486330270767212e-02 -5.448837205767631531e-02 -9.982194900512695312e-01 -3.429019354956200694e+00
0.000000000000000000e+00 0.000000000000000000e+00 0.000000000000000000e+00 1.000000000000000000e+00
9.708145856857299805e-01 -2.354864329099655151e-01 -4.544538632035255432e-02 -6.135569032675174395e-01
-2.297969460487365723e-01 -9.675810933113098145e-01 1.047853529453277588e-01 5.620791946264123151e-01
-6.864766776561737061e-02 -9.128389507532119751e-02 -9.934556484222412109e-01 -3.397323169167412171e+00
0.000000000000000000e+00 0.000000000000000000e+00 0.000000000000000000e+00 1.000000000000000000e+00
9.380009174346923828e-01 -3.423976898193359375e-01 -5.401500314474105835e-02 -6.316475703326147606e-01
-3.319228887557983398e-01 -9.321371316909790039e-01 1.447312980890274048e-01 8.107484708821280917e-01
-9.990515559911727905e-02 -1.178292334079742432e-01 -9.879955649375915527e-01 -3.358487559976913506e+00
0.000000000000000000e+00 0.000000000000000000e+00 0.000000000000000000e+00 1.000000000000000000e+00
8.923934698104858398e-01 -4.511775970458984375e-01 -8.521544747054576874e-03 -4.065524033516558222e-01
-4.436732530593872070e-01 -8.806856274604797363e-01 1.659714728593826294e-01 9.647056451008800826e-01
-8.238747715950012207e-02 -1.443310976028442383e-01 -9.860938787460327148e-01 -3.359205225075521106e+00
0.000000000000000000e+00 0.000000000000000000e+00 0.000000000000000000e+00 1.000000000000000000e+00
8.246009945869445801e-01 -5.656663775444030762e-01 -7.434546481817960739e-03 -3.318845548093561360e-01
-5.537029504776000977e-01 -8.097158074378967285e-01 1.943532675504684448e-01 1.139644268633209112e+00
-1.159590482711791992e-01 -1.561473160982131958e-01 -9.809035062789916992e-01 -3.330965344735213218e+00
0.000000000000000000e+00 0.000000000000000000e+00 0.000000000000000000e+00 1.000000000000000000e+00
7.500269412994384766e-01 -6.609844565391540527e-01 2.364894002676010132e-02 -1.410345751873259001e-01
-6.542129516601562500e-01 -7.361347079277038574e-01 1.735254526138305664e-01 1.110567715569272584e+00
-9.728879481554031372e-02 -1.456200629472732544e-01 -9.845451712608337402e-01 -3.374956284960665798e+00
0.000000000000000000e+00 0.000000000000000000e+00 0.000000000000000000e+00 1.000000000000000000e+00
6.842918992042541504e-01 -7.268950939178466797e-01 5.803672224283218384e-02 2.937892020632493217e-02
-7.278726696968078613e-01 -6.760564446449279785e-01 1.146687194705009460e-01 8.911734102316651862e-01
-4.411605373024940491e-02 -1.207102388143539429e-01 -9.917072057723999023e-01 -3.460166778575449520e+00
0.000000000000000000e+00 0.000000000000000000e+00 0.000000000000000000e+00 1.000000000000000000e+00
5.846623778343200684e-01 -8.110198378562927246e-01 2.041101083159446716e-02 -7.236889904933857531e-02
-8.100840449333190918e-01 -5.822541117668151855e-01 6.887940317392349243e-02 7.219763660130880112e-01
-4.397814720869064331e-02 -5.680580064654350281e-02 -9.974160790443420410e-01 -3.548349619041958558e+00
0.000000000000000000e+00 0.000000000000000000e+00 0.000000000000000000e+00 1.000000000000000000e+00
4.997160732746124268e-01 -8.658550381660461426e-01 2.405313402414321899e-02 -2.820386663554746553e-03
-8.655834794044494629e-01 -4.981359243392944336e-01 5.123965814709663391e-02 6.674003826329573119e-01
-3.238442912697792053e-02 -4.642526805400848389e-02 -9.983972907066345215e-01 -3.592660785432927995e+00
0.000000000000000000e+00 0.000000000000000000e+00 0.000000000000000000e+00 1.000000000000000000e+00
4.011372029781341553e-01 -9.149211645126342773e-01 4.481744021177291870e-02 1.283736432619357604e-01
-9.158617854118347168e-01 -4.014910757541656494e-01 1.199065125547349453e-03 4.584337218786297408e-01
1.689674891531467438e-02 -4.152758419513702393e-02 -9.989944100379943848e-01 -3.645799025716856878e+00
0.000000000000000000e+00 0.000000000000000000e+00 0.000000000000000000e+00 1.000000000000000000e+00
2.918781340122222900e-01 -9.560374021530151367e-01 2.826625853776931763e-02 1.251907494298819812e-01
-9.556304812431335449e-01 -2.927262187004089355e-01 -3.288523480296134949e-02 3.054510572381202160e-01
3.971381485462188721e-02 -1.741364970803260803e-02 -9.990595579147338867e-01 -3.675039569736923362e+00
0.000000000000000000e+00 0.000000000000000000e+00 0.000000000000000000e+00 1.000000000000000000e+00
1.677467674016952515e-01 -9.832162261009216309e-01 7.174364477396011353e-02 3.477795822196573794e-01
-9.838283658027648926e-01 -1.715976893901824951e-01 -5.134439840912818909e-02 2.173677488548113046e-01
6.279365718364715576e-02 -6.197056919336318970e-02 -9.961006045341491699e-01 -3.676117101484400518e+00
0.000000000000000000e+00 0.000000000000000000e+00 0.000000000000000000e+00 1.000000000000000000e+00
1.032322123646736145e-01 -9.915136694908142090e-01 7.901795208454132080e-02 4.076332650833518478e-01
-9.897590279579162598e-01 -1.102736145257949829e-01 -9.064666181802749634e-02 5.095382203930395176e-02
9.859100729227066040e-02 -6.885106116533279419e-02 -9.927432537078857422e-01 -3.672883472142403516e+00
0.000000000000000000e+00 0.000000000000000000e+00 0.000000000000000000e+00 1.000000000000000000e+00
1.594264432787895203e-02 -9.969335794448852539e-01 7.661394029855728149e-02 4.580550550705881907e-01
-9.975095987319946289e-01 -2.112361788749694824e-02 -6.729754805564880371e-02 1.659054392670542555e-01
6.870955973863601685e-02 -7.535019516944885254e-02 -9.947873353958129883e-01 -3.606019628322714166e+00
0.000000000000000000e+00 0.000000000000000000e+00 0.000000000000000000e+00 1.000000000000000000e+00
-9.046220779418945312e-02 -9.016684293746948242e-01 4.228594601154327393e-01 1.850400878724980824e+00
-9.907683730125427246e-01 3.843330591917037964e-02 -1.300034373998641968e-01 -7.480263162777277264e-02
1.009679958224296570e-01 -4.307163357734680176e-01 -8.968213200569152832e-01 -3.168906086594033500e+00
0.000000000000000000e+00 0.000000000000000000e+00 0.000000000000000000e+00 1.000000000000000000e+00
-1.644158661365509033e-01 -8.791241049766540527e-01 4.473340511322021484e-01 1.962843177953425666e+00
-9.769836664199829102e-01 8.265489339828491211e-02 -1.966487169265747070e-01 -3.468950345821993353e-01
1.359042972326278687e-01 -4.693700373172760010e-01 -8.724799156188964844e-01 -3.092166936621602691e+00
0.000000000000000000e+00 0.000000000000000000e+00 0.000000000000000000e+00 1.000000000000000000e+00
-1.381909549236297607e-01 -8.181943893432617188e-01 5.580871105194091797e-01 2.299350551732929571e+00
-9.903783202171325684e-01 1.183655187487602234e-01 -7.170081138610839844e-02 1.212541402939277813e-01
-7.393051404505968094e-03 -5.626255273818969727e-01 -8.266785740852355957e-01 -2.839507802628977284e+00
0.000000000000000000e+00 0.000000000000000000e+00 0.000000000000000000e+00 1.000000000000000000e+00
-8.555290848016738892e-02 -7.473174929618835449e-01 6.589364409446716309e-01 2.547964805274252953e+00
-9.940832853317260742e-01 1.960331201553344727e-02 -1.068340614438056946e-01 3.119819004217961114e-02
6.692162156105041504e-02 -6.641777753829956055e-01 -7.445731163024902344e-01 -2.651710495696813830e+00
0.000000000000000000e+00 0.000000000000000000e+00 0.000000000000000000e+00 1.000000000000000000e+00
-5.612701922655105591e-02 -5.780943036079406738e-01 8.140372633934020996e-01 3.071800177133012344e+00
-9.853055477142333984e-01 -9.966138005256652832e-02 -1.387109160423278809e-01 -8.693721777584161037e-02
1.613162010908126831e-01 -8.098611235618591309e-01 -5.640059113502502441e-01 -1.994026791249341901e+00
0.000000000000000000e+00 0.000000000000000000e+00 0.000000000000000000e+00 1.000000000000000000e+00
-1.234358474612236023e-01 -4.291300475597381592e-01 8.947689533233642578e-01 3.349102937876236918e+00
-9.858765602111816406e-01 -4.981291666626930237e-02 -1.598947048187255859e-01 -2.101523003965271308e-01
1.131864935159683228e-01 -9.018679261207580566e-01 -4.169203639030456543e-01 -1.398783311204313762e+00
0.000000000000000000e+00 0.000000000000000000e+00 0.000000000000000000e+00 1.000000000000000000e+00
-1.906951516866683960e-01 -3.213905990123748779e-01 9.275469183921813965e-01 3.484306974995604378e+00
-9.759908914566040039e-01 -3.922972828149795532e-02 -2.142477333545684814e-01 -4.160316138099249272e-01
1.052446216344833374e-01 -9.461334943771362305e-01 -3.061935901641845703e-01 -9.909527115778937745e-01
0.000000000000000000e+00 0.000000000000000000e+00 0.000000000000000000e+00 1.000000000000000000e+00
-2.753548920154571533e-01 -1.961574554443359375e-01 9.411174654960632324e-01 3.574191943347283296e+00
-9.593525528907775879e-01 -6.884411908686161041e-03 -2.821250855922698975e-01 -6.744469122289262764e-01
6.181992962956428528e-02 -9.805483222007751465e-01 -1.862886846065521240e-01 -5.305265585021368135e-01
0.000000000000000000e+00 0.000000000000000000e+00 0.000000000000000000e+00 1.000000000000000000e+00
-1.652098149061203003e-01 8.599359393119812012e-01 4.829248487949371338e-01 1.816940519077078875e+00
-9.481160640716552734e-01 -3.622111398726701736e-03 -3.179033994674682617e-01 -7.819629765637053920e-01
-2.716271877288818359e-01 -5.103901028633117676e-01 8.159169554710388184e-01 3.310896225131641835e+00
0.000000000000000000e+00 0.000000000000000000e+00 0.000000000000000000e+00 1.000000000000000000e+00
-1.539733856916427612e-01 9.007869958877563477e-01 4.060491323471069336e-01 1.517170911169088976e+00
-9.679051637649536133e-01 -5.489611998200416565e-02 -2.452457845211029053e-01 -5.233527719203072692e-01
-1.986236721277236938e-01 -4.307786226272583008e-01 8.803288340568542480e-01 3.495562623278669623e+00
0.000000000000000000e+00 0.000000000000000000e+00 0.000000000000000000e+00 1.000000000000000000e+00
-8.090478926897048950e-02 8.777556419372558594e-01 4.722271859645843506e-01 1.684824820310725224e+00
-9.894793033599853516e-01 -1.372104324400424957e-02 -1.440207213163375854e-01 -1.141292186351257482e-01
-1.199356541037559509e-01 -4.789111614227294922e-01 8.696312904357910156e-01 3.400562653775099253e+00
0.000000000000000000e+00 0.000000000000000000e+00 0.000000000000000000e+00 1.000000000000000000e+00
2.457010746002197266e-02 8.829422593116760254e-01 4.688373506069183350e-01 1.566668086882128552e+00
-9.989490509033203125e-01 3.983275219798088074e-02 -2.266465686261653900e-02 3.559202865429337836e-01
-3.868674859404563904e-02 -4.677880704402923584e-01 8.829935193061828613e-01 3.381564176553748524e+00
0.000000000000000000e+00 0.000000000000000000e+00 0.000000000000000000e+00 1.000000000000000000e+00
5.068479478359222412e-02 8.851045370101928711e-01 4.626238048076629639e-01 1.511037666644821975e+00
-9.947679638862609863e-01 3.603289136663079262e-03 1.020923033356666565e-01 8.286818255507907294e-01
8.869544416666030884e-02 -4.653778970241546631e-01 8.806563019752502441e-01 3.273847195290847001e+00
0.000000000000000000e+00 0.000000000000000000e+00 0.000000000000000000e+00 1.000000000000000000e+00
1.822533831000328064e-02 8.945407867431640625e-01 4.466148316860198975e-01 1.502706960543406689e+00
-9.830632209777832031e-01 -6.543714553117752075e-02 1.711831241846084595e-01 9.776320620222690438e-01
1.823557317256927490e-01 -4.421700835227966309e-01 8.781981468200683594e-01 3.225660223727570663e+00
0.000000000000000000e+00 0.000000000000000000e+00 0.000000000000000000e+00 1.000000000000000000e+00
-4.336097091436386108e-02 8.976097702980041504e-01 4.386515617370605469e-01 1.551118504062371173e+00
-9.954218268394470215e-01 -7.624799758195877075e-02 5.762722343206405640e-02 5.615185833993481257e-01
8.517314493656158447e-02 -4.341454207897186279e-01 8.968076705932617188e-01 3.472750042159099326e+00
0.000000000000000000e+00 0.000000000000000000e+00 0.000000000000000000e+00 1.000000000000000000e+00
-3.474145382642745972e-02 8.973525762557983398e-01 4.399449527263641357e-01 1.526310627830750111e+00
-9.922687411308288574e-01 2.150867506861686707e-02 -1.222281306982040405e-01 -9.848481911846895809e-02
-1.191444173455238342e-01 -4.407900869846343994e-01 8.896678686141967773e-01 3.653860516599482189e+00
0.000000000000000000e+00 0.000000000000000000e+00 0.000000000000000000e+00 1.000000000000000000e+00
1.356655508279800415e-01 8.830943107604980469e-01 4.491538405418395996e-01 1.401374682349168621e+00
-9.854907393455505371e-01 1.669509112834930420e-01 -3.058268688619136810e-02 2.298391188798029061e-01
-1.019941270351409912e-01 -4.384878873825073242e-01 8.929311633110046387e-01 3.679666126562092021e+00
0.000000000000000000e+00 0.000000000000000000e+00 0.000000000000000000e+00 1.000000000000000000e+00
2.429789155721664429e-01 8.298960924148559570e-01 5.022282600402832031e-01 1.433708218170294479e+00
-9.433270692825317383e-01 3.228016495704650879e-01 -7.702361792325973511e-02 4.083626729142308259e-02
-2.260419279336929321e-01 -4.550507068634033203e-01 8.612978458404541016e-01 3.612822275334006683e+00
0.000000000000000000e+00 0.000000000000000000e+00 0.000000000000000000e+00 1.000000000000000000e+00
3.513070344924926758e-01 7.685743570327758789e-01 5.346747636795043945e-01 1.377986538646313264e+00
-9.093870520591735840e-01 4.159503281116485596e-01 -4.020715714432299137e-04 3.072104483867417746e-01
-2.227071672677993774e-01 -4.860846698284149170e-01 8.450576066970825195e-01 3.480146611652817246e+00
0.000000000000000000e+00 0.000000000000000000e+00 0.000000000000000000e+00 1.000000000000000000e+00
3.716093599796295166e-01 7.673439383506774902e-01 5.225803852081298828e-01 1.311455330186929391e+00
-9.189801216125488281e-01 3.839707076549530029e-01 8.967803418636322021e-02 6.535278076964192717e-01
-1.318416297435760498e-01 -5.135658383369445801e-01 8.478603959083557129e-01 3.385947379912967126e+00
0.000000000000000000e+00 0.000000000000000000e+00 0.000000000000000000e+00 1.000000000000000000e+00
3.817432522773742676e-01 7.522830963134765625e-01 5.369750261306762695e-01 1.361799950494074096e+00
-9.225214719772338867e-01 3.458236157894134521e-01 1.713467985391616821e-01 9.507091074789018048e-01
-5.679743364453315735e-02 -5.607815980911254883e-01 8.260132074356079102e-01 3.239117306076099823e+00
0.000000000000000000e+00 0.000000000000000000e+00 0.000000000000000000e+00 1.000000000000000000e+00
5.431206226348876953e-01 6.467871665954589844e-01 5.354300737380981445e-01 1.297147787120561890e+00
-8.382585048675537109e-01 4.544279873371124268e-01 3.013592958450317383e-01 1.360376612633890314e+00
-4.839924722909927368e-02 -6.125036478042602539e-01 7.889843583106994629e-01 3.088815070597410450e+00
0.000000000000000000e+00 0.000000000000000000e+00 0.000000000000000000e+00 1.000000000000000000e+00
6.964727640151977539e-01 4.617198109626770020e-01 5.493090152740478516e-01 1.285303038344912663e+00
-7.049655318260192871e-01 5.831765532493591309e-01 4.036435484886169434e-01 1.698863683856995266e+00
-1.339740455150604248e-01 -6.683707237243652344e-01 7.316633462905883789e-01 3.044243311115880424e+00
0.000000000000000000e+00 0.000000000000000000e+00 0.000000000000000000e+00 1.000000000000000000e+00
7.304700613021850586e-01 3.870486915111541748e-01 5.626780986785888672e-01 1.278375519179211439e+00
-6.423553228378295898e-01 6.691820621490478516e-01 3.735973536968231201e-01 1.567330527845995469e+00
-2.319337725639343262e-01 -6.343410611152648926e-01 7.374396920204162598e-01 3.177494623555318753e+00
0.000000000000000000e+00 0.000000000000000000e+00 0.000000000000000000e+00 1.000000000000000000e+00
7.801184058189392090e-01 2.978957891464233398e-01 5.501578450202941895e-01 1.286875128209693964e+00
-5.607007145881652832e-01 7.230067253112792969e-01 4.035789370536804199e-01 1.583501949204604076e+00
-2.775434255599975586e-01 -6.233132481575012207e-01 7.310608625411987305e-01 3.153320133307699447e+00
0.000000000000000000e+00 0.000000000000000000e+00 0.000000000000000000e+00 1.000000000000000000e+00
7.743066549301147461e-01 2.911408543586730957e-01 5.618591904640197754e-01 1.407689238997291481e+00
-5.379947423934936523e-01 7.703444957733154297e-01 3.422458469867706299e-01 1.284789018702849228e+00
-3.331831097602844238e-01 -5.672802925109863281e-01 7.531146407127380371e-01 3.281858709326310741e+00
0.000000000000000000e+00 0.000000000000000000e+00 0.000000000000000000e+00 1.000000000000000000e+00
7.617270350456237793e-01 3.888770043849945068e-01 5.182148218154907227e-01 1.343332397224755059e+00
-5.818175673484802246e-01 7.624795436859130859e-01 2.830405533313751221e-01 1.023150453481249222e+00
-2.850603461265563965e-01 -5.171068310737609863e-01 8.070571422576904297e-01 3.449629299368945468e+00
0.000000000000000000e+00 0.000000000000000000e+00 0.000000000000000000e+00 1.000000000000000000e+00
8.281069993972778320e-01 2.381490319967269897e-01 5.074681043624877930e-01 1.348308915209803782e+00
-5.259803533554077148e-01 6.431732773780822754e-01 5.564823746681213379e-01 2.021243706419457720e+00
-1.938641816377639771e-01 -7.277453541755676270e-01 6.578778624534606934e-01 2.975534288971096508e+00
0.000000000000000000e+00 0.000000000000000000e+00 0.000000000000000000e+00 1.000000000000000000e+00
8.594824075698852539e-01 1.473701596260070801e-01 4.894604384899139404e-01 1.278776491285818162e+00
-4.755155146121978760e-01 5.818344950675964355e-01 6.598122715950012207e-01 2.416737325876947562e+00
-1.875487118959426880e-01 -7.998434305191040039e-01 5.701535344123840332e-01 2.647385024931499853e+00
0.000000000000000000e+00 0.000000000000000000e+00 0.000000000000000000e+00 1.000000000000000000e+00
8.802654743194580078e-01 5.182166397571563721e-02 4.716432690620422363e-01 1.219213735099945239e+00
-4.284408688545227051e-01 5.139515995979309082e-01 7.431632876396179199e-01 2.738004140256915964e+00
-2.038900256156921387e-01 -8.562520742416381836e-01 4.746167361736297607e-01 2.295680006884437407e+00
0.000000000000000000e+00 0.000000000000000000e+00 0.000000000000000000e+00 1.000000000000000000e+00
8.954293727874755859e-01 -8.465996384620666504e-02 4.370799064636230469e-01 1.099330400096456772e+00
-3.661953210830688477e-01 4.182809889316558838e-01 8.312292695045471191e-01 3.076272930296691133e+00
-2.531940937042236328e-01 -9.043634533882141113e-01 3.435390293598175049e-01 1.825567141564236717e+00
0.000000000000000000e+00 0.000000000000000000e+00 0.000000000000000000e+00 1.000000000000000000e+00
9.305170774459838867e-01 3.410291969776153564e-01 1.335542052984237671e-01 -1.325984340176892817e-01
-2.465428262948989868e-01 3.135918974876403809e-01 9.169931411743164062e-01 3.331650712047586005e+00
2.708400487899780273e-01 -8.862046599388122559e-01 3.758810460567474365e-01 1.578804787995184755e+00
0.000000000000000000e+00 0.000000000000000000e+00 0.000000000000000000e+00 1.000000000000000000e+00
9.660716652870178223e-01 2.174397259950637817e-01 1.393746137619018555e-01 -1.067961741067972314e-01
-1.897201240062713623e-01 2.312864214181900024e-01 9.542081356048583984e-01 3.442011541200170388e+00
1.752472966909408569e-01 -9.482758641242980957e-01 2.646919786930084229e-01 1.204596470773665384e+00
0.000000000000000000e+00 0.000000000000000000e+00 0.000000000000000000e+00 1.000000000000000000e+00
9.814308881759643555e-01 1.367440521717071533e-01 1.345161348581314087e-01 -1.173600505359897184e-01
-1.509199738502502441e-01 1.176441609859466553e-01 9.815207719802856445e-01 3.518760687468402981e+00
1.183920577168464661e-01 -9.835959672927856445e-01 1.360969543457031250e-01 7.335764416094394669e-01
0.000000000000000000e+00 0.000000000000000000e+00 0.000000000000000000e+00 1.000000000000000000e+00
9.614191651344299316e-01 2.473954856395721436e-01 1.202866286039352417e-01 -1.874095134709633792e-01
-1.387972384691238403e-01 5.873041227459907532e-02 9.885779023170471191e-01 3.525916656463163878e+00
2.375053018331527710e-01 -9.671333432197570801e-01 9.080239385366439819e-02 4.707736095392878184e-01
0.000000000000000000e+00 0.000000000000000000e+00 0.000000000000000000e+00 1.000000000000000000e+00
9.869893789291381836e-01 -1.266814470291137695e-01 9.901586920022964478e-02 -2.289472894579029083e-01
-1.036122515797615051e-01 -3.020696714520454407e-02 9.941588640213012695e-01 3.512339273865156208e+00
-1.229505985975265503e-01 -9.914831519126892090e-01 -4.293966665863990784e-02 1.539429422619288668e-01
0.000000000000000000e+00 0.000000000000000000e+00 0.000000000000000000e+00 1.000000000000000000e+00
9.969671368598937988e-01 -4.393520951271057129e-02 6.423969566822052002e-02 -3.771932394939052635e-01
-6.919860839843750000e-02 -1.226652711629867554e-01 9.900327920913696289e-01 3.448418477409497029e+00
-3.561731055378913879e-02 -9.914750456809997559e-01 -1.253333389759063721e-01 -2.451621729819928042e-01
0.000000000000000000e+00 0.000000000000000000e+00 0.000000000000000000e+00 1.000000000000000000e+00
9.850342273712158203e-01 -2.251792512834072113e-02 1.708814054727554321e-01 -2.816706983667039560e-02
-1.722693294286727905e-01 -1.605310142040252686e-01 9.718812704086303711e-01 3.473889039112814991e+00
5.547004286199808121e-03 -9.867739677429199219e-01 -1.620076745748519897e-01 -2.889827453039933713e-01
0.000000000000000000e+00 0.000000000000000000e+00 0.000000000000000000e+00 1.000000000000000000e+00
6.465101242065429688e-01 -7.611538171768188477e-01 5.166669189929962158e-02 -7.420997329178133373e-02
-2.736214101314544678e-01 -1.681250929832458496e-01 9.470298290252685547e-01 3.499451635677481409e+00
-7.121491432189941406e-01 -6.264014244079589844e-01 -3.169625103473663330e-01 -3.997809554853941072e-01
0.000000000000000000e+00 0.000000000000000000e+00 0.000000000000000000e+00 1.000000000000000000e+00
5.677421689033508301e-01 -8.230154514312744141e-01 1.775090768933296204e-02 -5.911062234231832108e-02
-3.727073967456817627e-01 -2.377595007419586182e-01 8.969722390174865723e-01 3.491239851026123553e+00
-7.340012788772583008e-01 -5.158649086952209473e-01 -4.417301714420318604e-01 -8.255471072420537126e-01
0.000000000000000000e+00 0.000000000000000000e+00 0.000000000000000000e+00 1.000000000000000000e+00
5.224466919898986816e-01 -8.479209542274475098e-01 -8.988459408283233643e-02 -4.149294284961189683e-01
-3.962655067443847656e-01 -3.347857296466827393e-01 8.549216985702514648e-01 3.406216874132590000e+00
-7.549981474876403809e-01 -4.110333323478698730e-01 -5.109095573425292969e-01 -1.103333568057142333e+00
0.000000000000000000e+00 0.000000000000000000e+00 0.000000000000000000e+00 1.000000000000000000e+00
8.850227594375610352e-01 -2.050720453262329102e-01 4.179479181766510010e-01 9.895974417301901527e-01
-4.654462337493896484e-01 -4.085293412208557129e-01 7.851517200469970703e-01 3.267603066045198901e+00
9.731192141771316528e-03 -8.894091248512268066e-01 -4.570076763629913330e-01 -1.309609286304064923e+00
0.000000000000000000e+00 0.000000000000000000e+00 0.000000000000000000e+00 1.000000000000000000e+00
8.739323019981384277e-01 -1.711354255676269531e-01 4.549239873886108398e-01 1.121510887856482563e+00
-4.751487970352172852e-01 -4.979089498519897461e-01 7.254788875579833984e-01 3.063305666442456499e+00
1.023554876446723938e-01 -8.501759767532348633e-01 -5.164534449577331543e-01 -1.623627665953104371e+00
0.000000000000000000e+00 0.000000000000000000e+00 0.000000000000000000e+00 1.000000000000000000e+00
8.589068651199340820e-01 -1.476997137069702148e-01 4.903706312179565430e-01 1.255385072934337876e+00
-4.768852591514587402e-01 -5.797393918037414551e-01 6.606684923171997070e-01 2.858669771581868968e+00
1.867065876722335815e-01 -8.013030290603637695e-01 -5.683776140213012695e-01 -1.848789747793461613e+00
0.000000000000000000e+00 0.000000000000000000e+00 0.000000000000000000e+00 1.000000000000000000e+00
8.449204564094543457e-01 -1.106190681457519531e-01 5.233284235000610352e-01 1.348045392170473589e+00
-4.486624300479888916e-01 -6.792500615119934082e-01 5.807935595512390137e-01 2.580561619626878578e+00
2.912240028381347656e-01 -7.255222797393798828e-01 -6.235427260398864746e-01 -2.121368397020635843e+00
0.000000000000000000e+00 0.000000000000000000e+00 0.000000000000000000e+00 1.000000000000000000e+00
8.326350450515747070e-01 -1.252198368310928345e-01 5.394800901412963867e-01 1.425701012883020757e+00
-4.463518559932708740e-01 -7.283824682235717773e-01 5.198338627815246582e-01 2.372142471505116479e+00
3.278545439243316650e-01 -6.736301779747009277e-01 -6.623696684837341309e-01 -2.305339018509863891e+00
0.000000000000000000e+00 0.000000000000000000e+00 0.000000000000000000e+00 1.000000000000000000e+00
8.032401204109191895e-01 -1.624652892351150513e-01 5.730699300765991211e-01 1.587298373218180902e+00
-4.520036578178405762e-01 -7.928382158279418945e-01 4.087782204151153564e-01 1.993507949617437047e+00
3.879396021366119385e-01 -5.873775482177734375e-01 -7.102751135826110840e-01 -2.546546533911739907e+00
0.000000000000000000e+00 0.000000000000000000e+00 0.000000000000000000e+00 1.000000000000000000e+00
7.771825790405273438e-01 -2.197777479887008667e-01 5.896484255790710449e-01 1.695479320486233954e+00
-4.604103267192840576e-01 -8.373478055000305176e-01 2.947392165660858154e-01 1.600285040456334018e+00
4.289632737636566162e-01 -5.005460381507873535e-01 -7.519595026969909668e-01 -2.761036191184115918e+00
0.000000000000000000e+00 0.000000000000000000e+00 0.000000000000000000e+00 1.000000000000000000e+00
7.483822107315063477e-01 -2.851444780826568604e-01 5.988458395004272461e-01 1.773869582765259301e+00
-4.664660394191741943e-01 -8.681314587593078613e-01 1.695794016122817993e-01 1.154408797532659792e+00
4.715224802494049072e-01 -4.062517285346984863e-01 -7.827045321464538574e-01 -2.936467735509436849e+00
0.000000000000000000e+00 0.000000000000000000e+00 0.000000000000000000e+00 1.000000000000000000e+00
7.320477366447448730e-01 -3.643276095390319824e-01 5.756483078002929688e-01 1.722809365558638506e+00
-4.459502995014190674e-01 -8.950573801994323730e-01 6.297481595538556576e-04 5.464951418211310141e-01
5.150086283683776855e-01 -2.571714520454406738e-01 -8.176968693733215332e-01 -3.125531814409603371e+00
0.000000000000000000e+00 0.000000000000000000e+00 0.000000000000000000e+00 1.000000000000000000e+00
7.223490476608276367e-01 -4.007437825202941895e-01 5.635747909545898438e-01 1.669735584147639340e+00
-3.762648999691009521e-01 -9.115377664566040039e-01 -1.659024059772491455e-01 -1.244147176156013279e-01
5.802043676376342773e-01 -9.221421182155609131e-02 -8.092342019081115723e-01 -3.112479754390979902e+00
0.000000000000000000e+00 0.000000000000000000e+00 0.000000000000000000e+00 1.000000000000000000e+00
7.163581848144531250e-01 -4.199623465538024902e-01 5.571924448013305664e-01 1.631459767522049020e+00
-3.014844954013824463e-01 -9.064844250679016113e-01 -2.956221103668212891e-01 -6.633469305780029801e-01
6.292363405227661133e-01 4.378634691238403320e-02 -7.759793400764465332e-01 -3.026354427360391952e+00
0.000000000000000000e+00 0.000000000000000000e+00 0.000000000000000000e+00 1.000000000000000000e+00
7.080356478691101074e-01 -4.512517452239990234e-01 5.431917905807495117e-01 1.580654111158522168e+00
-2.454667538404464722e-01 -8.785036802291870117e-01 -4.098497629165649414e-01 -1.121423566352969248e+00
6.621417403221130371e-01 1.568526923656463623e-01 -7.327793240547180176e-01 -2.885862522111731110e+00
0.000000000000000000e+00 0.000000000000000000e+00 0.000000000000000000e+00 1.000000000000000000e+00
7.010156512260437012e-01 -4.737119376659393311e-01 5.330793857574462891e-01 1.543083722786678491e+00
-1.640171259641647339e-01 -8.345620632171630859e-01 -5.259317755699157715e-01 -1.618528929412331729e+00
6.940282583236694336e-01 2.812520563602447510e-01 -6.627381443977355957e-01 -2.653636850837816752e+00
0.000000000000000000e+00 0.000000000000000000e+00 0.000000000000000000e+00 1.000000000000000000e+00
6.858396530151367188e-01 -5.024350881576538086e-01 5.264814496040344238e-01 1.527796456556757665e+00
-9.841416031122207642e-02 -7.808207273483276367e-01 -6.169549226760864258e-01 -2.020092368620724610e+00
7.210673689842224121e-01 3.713188767433166504e-01 -5.849648118019104004e-01 -2.389410796152865668e+00
0.000000000000000000e+00 0.000000000000000000e+00 0.000000000000000000e+00 1.000000000000000000e+00
7.050444483757019043e-01 -5.111180543899536133e-01 4.915997087955474854e-01 1.389674190462937275e+00
-3.972948342561721802e-02 -7.205906510353088379e-01 -6.922215223312377930e-01 -2.357395654365975535e+00
7.080490589141845703e-01 4.685158729553222656e-01 -5.283550024032592773e-01 -2.190045362078882452e+00
0.000000000000000000e+00 0.000000000000000000e+00 0.000000000000000000e+00 1.000000000000000000e+00
7.155466079711914062e-01 -5.119193792343139648e-01 4.753226637840270996e-01 1.319078798360358240e+00
1.911150664091110229e-02 -6.658272743225097656e-01 -7.458612918853759766e-01 -2.616562376925656519e+00
6.983036398887634277e-01 5.427824854850769043e-01 -4.666469097137451172e-01 -1.982721153047286577e+00
0.000000000000000000e+00 0.000000000000000000e+00 0.000000000000000000e+00 1.000000000000000000e+00
7.589204311370849609e-01 -4.925982952117919922e-01 4.258948862552642822e-01 1.110253938508979576e+00
5.999547615647315979e-02 -5.983573198318481445e-01 -7.989799976348876953e-01 -2.863919337744995630e+00
6.484137773513793945e-01 6.319140195846557617e-01 -4.245520532131195068e-01 -1.832693298653367497e+00
0.000000000000000000e+00 0.000000000000000000e+00 0.000000000000000000e+00 1.000000000000000000e+00
8.241870999336242676e-01 -4.403934180736541748e-01 3.560465872287750244e-01 8.019130240006174803e-01
1.032497882843017578e-01 -5.013155937194824219e-01 -8.590821027755737305e-01 -3.170223765508605851e+00
5.568258762359619141e-01 7.448062300682067871e-01 -3.677073717117309570e-01 -1.604772756221460428e+00
0.000000000000000000e+00 0.000000000000000000e+00 0.000000000000000000e+00 1.000000000000000000e+00
8.835220932960510254e-01 -3.717773854732513428e-01 2.849040925502777100e-01 5.091120838035479990e-01
1.278537809848785400e-01 -3.937384188175201416e-01 -9.102874994277954102e-01 -3.419569644492673977e+00
4.506019651889801025e-01 8.406851291656494141e-01 -3.003434538841247559e-01 -1.307679053289690474e+00
0.000000000000000000e+00 0.000000000000000000e+00 0.000000000000000000e+00 1.000000000000000000e+00
8.829177618026733398e-01 -3.812075555324554443e-01 2.741114497184753418e-01 4.653268001292275580e-01
1.597138345241546631e-01 -3.051509857177734375e-01 -9.388153553009033203e-01 -3.569312776806165655e+00
4.415289461612701416e-01 8.726762533187866211e-01 -2.085391134023666382e-01 -9.898422609942414407e-01
0.000000000000000000e+00 0.000000000000000000e+00 0.000000000000000000e+00 1.000000000000000000e+00
9.035543799400329590e-01 -3.426536619663238525e-01 2.572510242462158203e-01 3.815060501558037442e-01
1.933236420154571533e-01 -2.097822576761245728e-01 -9.584453105926513672e-01 -3.689757110824055442e+00
3.823814690113067627e-01 9.157401323318481445e-01 -1.233065500855445862e-01 -6.496827060735167469e-01
0.000000000000000000e+00 0.000000000000000000e+00 0.000000000000000000e+00 1.000000000000000000e+00
9.510004520416259766e-01 -2.053878009319305420e-01 2.311149239540100098e-01 2.338547073700887324e-01
2.115969955921173096e-01 -1.126957312226295471e-01 -9.708378911018371582e-01 -3.775733182817324618e+00
2.254439294338226318e-01 9.721704721450805664e-01 -6.371431052684783936e-02 -3.318304453720637981e-01
0.000000000000000000e+00 0.000000000000000000e+00 0.000000000000000000e+00 1.000000000000000000e+00
9.815778136253356934e-01 5.009239912033081055e-02 1.843790560960769653e-01 -5.936752077063595090e-03
1.857497096061706543e-01 -2.420454286038875580e-02 -9.822989702224731445e-01 -3.846794436774259029e+00
-4.474290460348129272e-02 9.984512925148010254e-01 -3.306329250335693359e-02 -3.581289738089285090e-03
0.000000000000000000e+00 0.000000000000000000e+00 0.000000000000000000e+00 1.000000000000000000e+00
9.802240133285522461e-01 -9.096971154212951660e-02 1.757424175739288330e-01 -3.080873103664661175e-02
1.820511072874069214e-01 6.639157980680465698e-02 -9.810450673103332520e-01 -3.892752579073560426e+00
7.757754623889923096e-02 9.936378598213195801e-01 8.163979649543762207e-02 4.059946827940112968e-01
0.000000000000000000e+00 0.000000000000000000e+00 0.000000000000000000e+00 1.000000000000000000e+00
9.754223227500915527e-01 -1.417572498321533203e-01 1.686898618936538696e-01 -4.653921395621408996e-02
1.851662099361419678e-01 1.123746335506439209e-01 -9.762606620788574219e-01 -3.901110861163394894e+00
1.194355711340904236e-01 9.835021495819091797e-01 1.358614414930343628e-01 6.377294152991013210e-01
0.000000000000000000e+00 0.000000000000000000e+00 0.000000000000000000e+00 1.000000000000000000e+00
9.285913705825805664e-01 -3.514507710933685303e-01 1.191658824682235718e-01 -1.966406402254858299e-01
1.513347923755645752e-01 6.542324274778366089e-02 -9.863149523735046387e-01 -3.917739871579833277e+00
3.388449847698211670e-01 9.339175820350646973e-01 1.139381825923919678e-01 3.702917489754065650e-01
0.000000000000000000e+00 0.000000000000000000e+00 0.000000000000000000e+00 1.000000000000000000e+00
9.685192108154296875e-01 -2.395964115858078003e-01 6.755828857421875000e-02 -3.780240523199949743e-01
5.456015095114707947e-02 -6.048185750842094421e-02 -9.966771006584167480e-01 -3.867855597929360290e+00
2.428862899541854858e-01 9.689869284629821777e-01 -4.550541937351226807e-02 -1.747564950622410851e-01
0.000000000000000000e+00 0.000000000000000000e+00 0.000000000000000000e+00 1.000000000000000000e+00
8.437439203262329102e-01 -5.320918560028076172e-01 7.052893191576004028e-02 -2.741845781849356345e-01
-3.876115009188652039e-02 -1.914607435464859009e-01 -9.807344675064086914e-01 -3.719141739383611700e+00
5.353444814682006836e-01 8.247549533843994141e-01 -1.821684241294860840e-01 -8.765465710991886539e-01
0.000000000000000000e+00 0.000000000000000000e+00 0.000000000000000000e+00 1.000000000000000000e+00
7.870954275131225586e-01 -6.132332682609558105e-01 6.652637571096420288e-02 -2.105780402785497052e-01
-1.645185202360153198e-01 -3.126510679721832275e-01 -9.355121850967407227e-01 -3.426682526005529805e+00
5.944867730140686035e-01 7.253924608230590820e-01 -3.469744324684143066e-01 -1.529551492061574480e+00
0.000000000000000000e+00 0.000000000000000000e+00 0.000000000000000000e+00 1.000000000000000000e+00
9.475938677787780762e-01 -2.026622742414474487e-01 -2.469693422317504883e-01 -1.408046077274315300e+00
-3.102357089519500732e-01 -3.991310894489288330e-01 -8.628140687942504883e-01 -3.018822626891414451e+00
7.628673315048217773e-02 8.942160606384277344e-01 -4.410872459411621094e-01 -1.596999602135894092e+00
0.000000000000000000e+00 0.000000000000000000e+00 0.000000000000000000e+00 1.000000000000000000e+00
8.819190263748168945e-01 -4.046639800071716309e-01 -2.417971044778823853e-01 -1.296246987975746112e+00
-4.356107711791992188e-01 -5.035400390625000000e-01 -7.461169958114624023e-01 -2.467138264328188502e+00
1.801721900701522827e-01 7.633441686630249023e-01 -6.203575730323791504e-01 -2.295061102926203578e+00
0.000000000000000000e+00 0.000000000000000000e+00 0.000000000000000000e+00 1.000000000000000000e+00
8.066926002502441406e-01 -5.267544984817504883e-01 -2.679115235805511475e-01 -1.279771196644961639e+00
-5.718435645103454590e-01 -5.813575387001037598e-01 -5.788078904151916504e-01 -1.752077545476913967e+00
1.491371840238571167e-01 6.201231479644775391e-01 -7.701978683471679688e-01 -2.778595891209699076e+00
0.000000000000000000e+00 0.000000000000000000e+00 0.000000000000000000e+00 1.000000000000000000e+00
7.365314960479736328e-01 -6.129887104034423828e-01 -2.859474420547485352e-01 -1.231112589504754551e+00
-6.712998151779174805e-01 -6.106124520301818848e-01 -4.201293885707855225e-01 -1.110760793380934697e+00
8.293171972036361694e-02 5.013949871063232422e-01 -8.612344861030578613e-01 -3.038974578460401421e+00
0.000000000000000000e+00 0.000000000000000000e+00 0.000000000000000000e+00 1.000000000000000000e+00
6.597743034362792969e-01 -7.194364666938781738e-01 -2.170463651418685913e-01 -8.506828707709905846e-01
-7.488580942153930664e-01 -6.054326891899108887e-01 -2.695588171482086182e-01 -5.279130217426731830e-01
6.252345442771911621e-02 3.403850197792053223e-01 -9.382051229476928711e-01 -3.250804014599970149e+00
0.000000000000000000e+00 0.000000000000000000e+00 0.000000000000000000e+00 1.000000000000000000e+00
6.856422424316406250e-01 -7.051796913146972656e-01 -1.805986613035202026e-01 -7.286409390990319368e-01
-7.277188301086425781e-01 -6.579139828681945801e-01 -1.938405930995941162e-01 -2.212893803693705974e-01
1.787410117685794830e-02 2.643306255340576172e-01 -9.642665982246398926e-01 -3.282201690314122455e+00
0.000000000000000000e+00 0.000000000000000000e+00 0.000000000000000000e+00 1.000000000000000000e+00
6.942493319511413574e-01 -6.996735334396362305e-01 -1.687443852424621582e-01 -6.962622475968698321e-01
-7.147288322448730469e-01 -6.978073120117187500e-01 -4.718916118144989014e-02 3.062528291014060544e-01
-8.473403751850128174e-02 1.533675789833068848e-01 -9.845296740531921387e-01 -3.238790190545326464e+00
0.000000000000000000e+00 0.000000000000000000e+00 0.000000000000000000e+00 1.000000000000000000e+00
6.767127513885498047e-01 -7.183324694633483887e-01 -1.614239513874053955e-01 -6.489645585726281363e-01
-7.245230674743652344e-01 -6.887046694755554199e-01 2.741276100277900696e-02 5.383641892858265221e-01
-1.308649778366088867e-01 9.840493649244308472e-02 -9.865043163299560547e-01 -3.182159106628261291e+00
0.000000000000000000e+00 0.000000000000000000e+00 0.000000000000000000e+00 1.000000000000000000e+00
6.649550795555114746e-01 -7.350466251373291016e-01 -1.324419081211090088e-01 -5.344237697129702314e-01
-7.312929630279541016e-01 -6.767989993095397949e-01 8.457767218351364136e-02 7.123487267063359774e-01
-1.518050134181976318e-01 4.061354324221611023e-02 -9.875756502151489258e-01 -3.142338000551634369e+00
0.000000000000000000e+00 0.000000000000000000e+00 0.000000000000000000e+00 1.000000000000000000e+00
5.843547582626342773e-01 -7.970460653305053711e-01 -1.524701118469238281e-01 -5.160215370662188938e-01
-7.629146575927734375e-01 -6.036202907562255859e-01 2.315239310264587402e-01 1.201084174055749410e+00
-2.765693366527557373e-01 -1.897039823234081268e-02 -9.608066678047180176e-01 -2.970404470357278726e+00
0.000000000000000000e+00 0.000000000000000000e+00 0.000000000000000000e+00 1.000000000000000000e+00
5.900492668151855469e-01 -7.918167710304260254e-01 -1.576972007751464844e-01 -5.292069959288199232e-01
-6.786767840385437012e-01 -5.922408103942871094e-01 4.343371689319610596e-01 1.847749719980435357e+00
-4.373101592063903809e-01 -1.492547392845153809e-01 -8.868387937545776367e-01 -2.593072396872619478e+00
0.000000000000000000e+00 0.000000000000000000e+00 0.000000000000000000e+00 1.000000000000000000e+00
6.015461087226867676e-01 -7.805040478706359863e-01 -1.701643466949462891e-01 -5.960349478760825770e-01
-6.136815547943115234e-01 -5.878818035125732422e-01 5.270577669143676758e-01 2.131849444819189365e+00
-5.114070773124694824e-01 -2.126227468252182007e-01 -8.326188325881958008e-01 -2.344922109336448290e+00
0.000000000000000000e+00 0.000000000000000000e+00 0.000000000000000000e+00 1.000000000000000000e+00
6.736609935760498047e-01 -7.201618552207946777e-01 -1.659743636846542358e-01 -6.485723763123300012e-01
-4.951543807983398438e-01 -6.065416932106018066e-01 6.220359802246093750e-01 2.399585922829894358e+00
-5.486370325088500977e-01 -3.368584215641021729e-01 -7.651948928833007812e-01 -2.034030243549389994e+00
0.000000000000000000e+00 0.000000000000000000e+00 0.000000000000000000e+00 1.000000000000000000e+00
7.468881607055664062e-01 -6.497066617012023926e-01 -1.415605843067169189e-01 -6.319115673342458050e-01
