-0.9999026656150818 -0.01395097933709621 0.0002208726800745353 0.0494336262345314 
-0.01395148783922195 0.9994773864746094 -0.02915952354669571 0.01849060133099556 
0.0001860466290963814 -0.02915976755321026 -0.9995748996734619 0.3132333159446716 
0 0 0 1 

-0.8734349012374878 -0.4272101521492004 -0.2336725145578384 0.1188389882445335 
-0.4436937570571899 0.8959448933601379 0.02045975811779499 0.0223927553743124 
0.2006170749664307 0.1215493083000183 -0.9720999002456665 0.3034670948982239 
0 0 0 1 

-0.8545138835906982 -0.3366955518722534 -0.3955272734165192 0.1727984845638275 
-0.3915222883224487 0.9179061651229858 0.0644870325922966 0.005672909785062075 
0.34134441614151 0.2099628299474716 -0.9161872863769531 0.2801835834980011 
0 0 0 1 

-0.7275036573410034 -0.3875443339347839 -0.5661691427230835 0.2294127196073532 
-0.6150264739990234 0.7341153025627136 0.2877795100212097 -0.06083327159285545 
0.3041060566902161 0.5575697422027588 -0.7724215984344482 0.2330448478460312 
0 0 0 1 

-0.7510044574737549 -0.4007599949836731 -0.5247698426246643 0.2162110805511475 
-0.6208669543266296 0.6991189122200012 0.3546221256256104 -0.08286904543638229 
0.2247581481933594 0.5921351313591003 -0.7738600969314575 0.2368604242801666 
0 0 0 1 

-0.8191375136375427 -0.399636298418045 -0.4114664793014526 0.1785182803869247 
-0.5688843727111816 0.6577869653701782 0.493646502494812 -0.1340967118740082 
0.07337822020053864 0.6384412050247192 -0.7661648392677307 0.2399968951940536 
0 0 0 1 

-0.8753615021705627 -0.3990585803985596 -0.2729370594024658 0.1328129768371582 
-0.4764886200428009 0.6165111064910889 0.6267955303192139 -0.1838536262512207 
-0.08185938000679016 0.6787240505218506 -0.7298170924186707 0.2335125058889389 
0 0 0 1 

-0.9126537442207336 -0.3667134642601013 -0.1805130243301392 0.1006560027599335 
-0.3831292390823364 0.6136748790740967 0.6903733015060425 -0.2078777998685837 
-0.1423928141593933 0.6992313861846924 -0.7005713582038879 0.2265049517154694 
0 0 0 1 

-0.9454679489135742 -0.3060745298862457 -0.1113926023244858 0.07826243340969086 
-0.2939187288284302 0.6543499231338501 0.6967337131500244 -0.2122818976640701 
-0.1403627544641495 0.6914799213409424 -0.7086278200149536 0.2318014800548553 
0 0 0 1 

-0.9612162113189697 -0.2717306613922119 -0.04718511924147606 0.05915332213044167 
-0.2080248594284058 0.6019953489303589 0.770926296710968 -0.2371185421943665 
-0.1810790598392487 0.7508423924446106 -0.6351742744445801 0.2153918147087097 
0 0 0 1 

