0.9967660903930664 0.07900210469961166 0.01469383481889963 -0.04837050288915634 
-0.07873798161745071 0.9967370629310608 -0.01776056177914143 0.009559686295688152 
-0.01604902558028698 0.01654615066945553 0.9997342824935913 -0.293324738740921 
0 0 0 1 

0.9861719012260437 0.1627045273780823 0.03149713203310966 -0.05173003301024437 
-0.1610688865184784 0.9857295751571655 -0.04892678558826447 0.02412811107933521 
-0.03900830820202827 0.04317697882652283 0.99830561876297 -0.2926101982593536 
0 0 0 1 

0.9661340117454529 0.255538135766983 0.03584983572363853 -0.05070844292640686 
-0.2522763907909393 0.9645931720733643 -0.07691842317581177 0.03760456293821335 
-0.05423613265156746 0.06526941061019897 0.9963926672935486 -0.2919465899467468 
0 0 0 1 

0.9369103908538818 0.3462291359901428 0.04820914939045906 -0.05160510912537575 
-0.3386702537536621 0.933194100856781 -0.1202122569084167 0.05563128367066383 
-0.08660954236984253 0.09630106389522552 0.9915769696235657 -0.2893593907356262 
0 0 0 1 

0.8935772180557251 0.4480274319648743 0.02812578901648521 -0.04241033643484116 
-0.4404762387275696 0.8871552348136902 -0.1376089453697205 0.06499883532524109 
-0.08660455048084259 0.1105754673480988 0.9900872111320496 -0.2900485396385193 
0 0 0 1 

0.8451526165008545 0.5342379808425903 0.01751033216714859 -0.03619017824530602 
-0.5245462656021118 0.8352302312850952 -0.1650496870279312 0.07734702527523041 
-0.102801039814949 0.1303071528673172 0.9861298203468323 -0.2886627614498138 
0 0 0 1 

0.7949784994125366 0.6065202951431274 -0.011924690566957 -0.02414732240140438 
-0.5994787216186523 0.7824344038963318 -0.1685867309570312 0.08175977319478989 
-0.09292101860046387 0.1411714255809784 0.9856146574020386 -0.2897888720035553 
0 0 0 1 

0.7243271470069885 0.6888673305511475 -0.02848905324935913 -0.01366075128316879 
-0.6833192110061646 0.7117657065391541 -0.1626778692007065 0.08303132653236389 
-0.09178599715232849 0.1372991055250168 0.9862678647041321 -0.2905886471271515 
0 0 0 1 

0.6490960717201233 0.7601932287216187 -0.0279327929019928 -0.008685844950377941 
-0.7557437419891357 0.6402393579483032 -0.1376396119594574 0.07783510535955429 
-0.08674906939268112 0.1104513555765152 0.9900884032249451 -0.2934032380580902 
0 0 0 1 

0.602318286895752 0.7973008751869202 -0.03903647139668465 -0.002769583603367209 
-0.7954704165458679 0.5954166650772095 -0.1127188429236412 0.07109998166561127 
-0.06662788987159729 0.09894496947526932 0.9928598403930664 -0.2966131865978241 
0 0 0 1 

