0.8779670000076294 0.4782707095146179 -0.02076241001486778 -0.03130732104182243 
-0.08225934952497482 0.1079949587583542 -0.9907422065734863 0.2830748558044434 
-0.4716008305549622 0.8715468645095825 0.1341582834720612 -0.008051778189837933 
0 0 0 1 

0.867585301399231 0.49617800116539 -0.03321368619799614 -0.02487660571932793 
-0.09020646661520004 0.09134416282176971 -0.9917253255844116 0.2830211818218231 
-0.4890384078025818 0.8634023666381836 0.1240072548389435 -0.01135457679629326 
0 0 0 1 

0.8387572765350342 0.5438040494918823 -0.02762879617512226 -0.02281532809138298 
-0.09920628368854523 0.1027289852499962 -0.9897498488426208 0.282979279756546 
-0.5353917479515076 0.8329008221626282 0.1401135623455048 -0.01449835952371359 
0 0 0 1 

0.8140539526939392 0.577970027923584 -0.05715510249137878 -0.01466688048094511 
-0.2333750128746033 0.2354035675525665 -0.9434623122215271 0.2753255367279053 
-0.5318384766578674 0.7813678383827209 0.3265149891376495 -0.05700288712978363 
0 0 0 1 

0.633705198764801 0.6706001758575439 -0.3856332004070282 0.09282854944467545 
-0.5707728862762451 0.06884940713644028 -0.8182162642478943 0.2916297614574432 
-0.5221455097198486 0.7386168837547302 0.4263907074928284 -0.08080913871526718 
0 0 0 1 

0.6401599645614624 0.7172589302062988 -0.275199681520462 0.06122410669922829 
-0.4884941577911377 0.1035631522536278 -0.8663994669914246 0.3010186851024628 
-0.5929322242736816 0.6890676617622375 0.4166738092899323 -0.07281658053398132 
0 0 0 1 

0.6136958599090576 0.7622689008712769 -0.2057269066572189 0.04478650167584419 
-0.3883675336837769 0.06458012014627457 -0.919238805770874 0.3110301792621613 
-0.6874213218688965 0.6440306901931763 0.3356730341911316 -0.04591244831681252 
0 0 0 1 

0.4476847648620605 0.8921192288398743 -0.06084062904119492 0.0171403493732214 
-0.1992596089839935 0.0332009345293045 -0.9793841242790222 0.3188049793243408 
-0.8717074990272522 0.4505783915519714 0.192626878619194 -0.001232336275279522 
0 0 0 1 

0.3487537801265717 0.9331611394882202 0.08706954121589661 -0.0257255993783474 
-0.224947452545166 0.1735316962003708 -0.9587936997413635 0.3213631212711334 
-0.9098183512687683 0.3147968649864197 0.2704320549964905 -0.03137137740850449 
0 0 0 1 

0.3062750101089478 0.9516834020614624 0.02223852090537548 -0.003561908379197121 
-0.2787095010280609 0.1119840815663338 -0.9538242816925049 0.3199848532676697 
-0.9102291464805603 0.2859344780445099 0.2995410561561584 -0.03767085447907448 
0 0 0 1 

