1 0 0 -0.01792658120393753 
0 1 0 0.02243540808558464 
0 0 1 -0.3816788792610168 
0 0 0 1 

0.9844216108322144 0.05302328243851662 -0.1676377505064011 0.05269435048103333 
-0.05730466917157173 0.9981399178504944 -0.02080246619880199 0.02717258222401142 
0.1662229746580124 0.03008487448096275 0.9856290221214294 -0.3774569630622864 
0 0 0 1 

0.9991580247879028 0.03965343534946442 0.01053017191588879 -0.0186229906976223 
-0.0397225096821785 0.9991900324821472 0.006433826871216297 0.01747722364962101 
-0.01026652660220861 -0.006846684962511063 0.9999238848686218 -0.3680838644504547 
0 0 0 1 

0.9970463514328003 0.04740191251039505 -0.06042884662747383 0.01142797153443098 
-0.04523093998432159 0.9982984066009521 0.0368022732436657 0.009103828109800816 
0.06207051873207092 -0.03396032378077507 0.9974938631057739 -0.3666534125804901 
0 0 0 1 

0.726655900478363 0.682919979095459 -0.07477547973394394 -0.01131466124206781 
-0.681384801864624 0.7025436162948608 -0.2052974551916122 0.07656427472829819 
-0.08766873925924301 0.2001314908266068 0.9758388996124268 -0.2705205082893372 
0 0 0 1 

0.7579494118690491 0.6508033871650696 -0.04435516893863678 -0.02398277632892132 
-0.6492894291877747 0.7461504936218262 -0.1472494006156921 0.05842394381761551 
-0.06273482739925385 0.1404069364070892 0.9881043434143066 -0.2781413495540619 
0 0 0 1 

0.9768491983413696 0.07916931807994843 -0.1987407952547073 0.03322039172053337 
-0.1091194823384285 0.9834581017494202 -0.1445779651403427 0.03411619737744331 
0.1840070337057114 0.1629173904657364 0.9693291783332825 -0.2090515941381454 
0 0 0 1 

0.9817607998847961 0.1219177842140198 -0.145881712436676 0.01859466731548309 
-0.1318729966878891 0.989412248134613 -0.06060240790247917 0.007455797865986824 
0.1369487047195435 0.07873500883579254 0.9874440431594849 -0.2228509038686752 
0 0 0 1 

0.9632000923156738 0.23996202647686 -0.1210935339331627 0.001846229424700141 
-0.2460855692625046 0.9684943556785583 -0.03821643441915512 -0.02683389000594616 
0.1081078797578812 0.06660949438810349 0.991905152797699 -0.3117633163928986 
0 0 0 1 

0.9951483011245728 -0.05411284416913986 0.08216837793588638 -0.003210456110537052 
0.04219543561339378 0.9891936779022217 0.1404115855693817 -0.02335043996572495 
-0.08887850493192673 -0.1362632066011429 0.9866777062416077 -0.2028436809778214 
0 0 0 1 

