-0.2245833724737167 0.8728649020195007 0.4332081377506256 -0.1126537695527077 
-0.8122079968452454 0.0779557004570961 -0.5781359672546387 0.2297580689191818 
-0.5384056568145752 -0.481694757938385 0.6914401650428772 -0.2073727250099182 
0 0 0 1 

-0.1976248621940613 0.8283444046974182 0.5242038369178772 -0.1472926139831543 
-0.8659685254096985 0.1030816212296486 -0.4893592596054077 0.2023474127054214 
-0.4593937993049622 -0.5506536960601807 0.6969488859176636 -0.2148775160312653 
0 0 0 1 

-0.196962833404541 0.7475691437721252 0.6343075037002563 -0.1899444311857224 
-0.8992978930473328 0.119916208088398 -0.4205750823020935 0.1792014390230179 
-0.3904727101325989 -0.6532690525054932 0.6486682891845703 -0.1995670944452286 
0 0 0 1 

-0.1716239154338837 0.7198036313056946 0.6726276874542236 -0.2050092369318008 
-0.932891309261322 0.1006998121738434 -0.3457937836647034 0.1556267291307449 
-0.3166370987892151 -0.686834990978241 0.6542160511016846 -0.2022186517715454 
0 0 0 1 

-0.1077470928430557 0.7082468271255493 0.6976941227912903 -0.216582179069519 
-0.9626754522323608 0.1009371727705002 -0.2511329054832458 0.1232981234788895 
-0.2482873499393463 -0.6987118124961853 0.670936107635498 -0.2056515514850616 
0 0 0 1 

-0.1525635272264481 0.6056867837905884 0.7809402346611023 -0.24510557949543 
-0.9652299880981445 0.0783960223197937 -0.2493690252304077 0.1255545169115067 
-0.2122620493173599 -0.7918316721916199 0.5726668834686279 -0.1681323349475861 
0 0 0 1 

-0.200732633471489 0.5818562507629395 0.7881304621696472 -0.2468231916427612 
-0.9738187789916992 -0.03089704550802708 -0.2252159714698792 0.1198868155479431 
-0.1066923663020134 -0.8127045035362244 0.5728246569633484 -0.1665469706058502 
0 0 0 1 

-0.2535143494606018 0.4394151568412781 0.8617682456970215 -0.2628457844257355 
-0.9643527865409851 -0.04494688659906387 -0.2607742547988892 0.1319305002689362 
-0.07585421949625015 -0.8971587419509888 0.4351460933685303 -0.118702694773674 
0 0 0 1 

-0.3386841416358948 0.330951452255249 0.8807744383811951 -0.2583720982074738 
-0.940842866897583 -0.1294181048870087 -0.3131535053253174 0.1473244428634644 
0.01034975331276655 -0.9347307682037354 0.3552055656909943 -0.09695238620042801 
0 0 0 1 

-0.3700142204761505 0.339754581451416 0.864670991897583 -0.2493815422058105 
-0.9279898405075073 -0.1791105419397354 -0.3267322778701782 0.150031253695488 
0.0438629724085331 -0.923301637172699 0.3815624415874481 -0.1066153347492218 
0 0 0 1 

