1 0 0 -0.01792658120393753 
0 1 0 0.02243540808558464 
0 0 1 -0.3816788792610168 
0 0 0 1 

0.9954015612602234 0.05808273702859879 -0.0761708989739418 0.0142855616286397 
-0.05932715535163879 0.998137891292572 -0.01417533028870821 0.02506666071712971 
0.07520571351051331 0.01862919703125954 0.9969939589500427 -0.3787581324577332 
0 0 0 1 

0.9716767072677612 0.0760151669383049 -0.2237543910741806 0.07415719330310822 
-0.08151192218065262 0.9965530633926392 -0.01541905850172043 0.02640441246330738 
0.2218110412359238 0.03322101756930351 0.9745235443115234 -0.3690396547317505 
0 0 0 1 

0.9355613589286804 0.07419192045927048 -0.3452831208705902 0.1238946244120598 
-0.07166143506765366 0.997226357460022 0.02010659873485565 0.01386634260416031 
0.3458171784877777 0.005932549480348825 0.9382830858230591 -0.3554371297359467 
0 0 0 1 

0.8998846411705017 0.09014937281608582 -0.4267088770866394 0.158070981502533 
-0.07642349600791931 0.995859682559967 0.04922273755073547 0.006120334845036268 
0.4293795824050903 -0.01168416440486908 0.9030484557151794 -0.340842992067337 
0 0 0 1 

0.8438820242881775 0.09221415221691132 -0.5285447835922241 0.201720803976059 
-0.06887385249137878 0.9955875277519226 0.06373319774866104 0.005068257916718721 
0.5320896506309509 -0.017380366101861 0.8465095162391663 -0.3157041668891907 
0 0 0 1 

0.7625134587287903 0.10345259308815 -0.6386474967002869 0.2494033575057983 
-0.05973502993583679 0.9941738247871399 0.08972254395484924 -0.0008264492498710752 
0.6442086100578308 -0.03026499599218369 0.764250636100769 -0.2797317206859589 
0 0 0 1 

0.7238273024559021 0.1058264970779419 -0.6818170547485352 0.2692993879318237 
-0.06095085665583611 0.9941117763519287 0.08959214389324188 0.002816851483657956 
0.6872835755348206 -0.02329187095165253 0.7260154485702515 -0.2570782005786896 
0 0 0 1 

0.7194634675979614 0.1068649366497993 -0.6862593293190002 0.2741172313690186 
-0.06782982498407364 0.9941795468330383 0.08370280265808105 0.006578559521585703 
0.6912098526954651 -0.01367221213877201 0.7225245237350464 -0.2459587454795837 
0 0 0 1 

0.6547642946243286 0.1348322778940201 -0.7437093257904053 0.3011127710342407 
-0.1070839315652847 0.9905832409858704 0.08531256765127182 0.006767001934349537 
0.7482086420059204 0.02377969957888126 0.6630367040634155 -0.2126320749521255 
0 0 0 1 

