1.000000000000000000e+00 0.000000000000000000e+00 0.000000000000000000e+00 -1.792658120393753052e-02
0.000000000000000000e+00 1.000000000000000000e+00 0.000000000000000000e+00 2.243540808558464050e-02
0.000000000000000000e+00 0.000000000000000000e+00 1.000000000000000000e+00 -3.816788792610168457e-01
0.000000000000000000e+00 0.000000000000000000e+00 0.000000000000000000e+00 1.000000000000000000e+00
9.953203797340393066e-01 5.734437331557273865e-02 -7.777396589517593384e-02 1.489294134080410004e-02
-5.862051248550415039e-02 9.981789588928222656e-01 -1.422362774610519409e-02 2.504676580429077148e-02
7.681667059659957886e-02 1.871627941727638245e-02 9.968695044517517090e-01 -3.787101507186889648e-01
0.000000000000000000e+00 0.000000000000000000e+00 0.000000000000000000e+00 1.000000000000000000e+00
9.707053303718566895e-01 7.776987552642822266e-02 -2.273385822772979736e-01 7.565320283174514771e-02
-8.339995890855789185e-02 9.963994622230529785e-01 -1.524996943771839142e-02 2.637750282883644104e-02
2.253340780735015869e-01 3.376330807805061340e-02 9.736962914466857910e-01 -3.689379990100860596e-01
0.000000000000000000e+00 0.000000000000000000e+00 0.000000000000000000e+00 1.000000000000000000e+00
9.345467090606689453e-01 7.451820373535156250e-02 -3.479503393173217773e-01 1.249486804008483887e-01
-7.220111042261123657e-02 9.971967339515686035e-01 1.964072510600090027e-02 1.391886733472347260e-02
3.484385013580322266e-01 6.767251528799533844e-03 9.373071789741516113e-01 -3.551129996776580811e-01
0.000000000000000000e+00 0.000000000000000000e+00 0.000000000000000000e+00 1.000000000000000000e+00
8.980789780616760254e-01 9.380815923213958740e-02 -4.297139644622802734e-01 1.594001650810241699e-01
-8.000125735998153687e-02 9.955334067344665527e-01 5.013031885027885437e-02 5.822264589369297028e-03
4.324972331523895264e-01 -1.064328663051128387e-02 9.015723466873168945e-01 -3.403089940547943115e-01
0.000000000000000000e+00 0.000000000000000000e+00 0.000000000000000000e+00 1.000000000000000000e+00
8.280135393142700195e-01 9.737569838762283325e-02 -5.521879196166992188e-01 2.115970999002456665e-01
-7.241761684417724609e-02 9.951285123825073242e-01 6.689491122961044312e-02 3.835107898339629173e-03
5.560118556022644043e-01 -1.540174242109060287e-02 8.310315608978271484e-01 -3.103693425655364990e-01
0.000000000000000000e+00 0.000000000000000000e+00 0.000000000000000000e+00 1.000000000000000000e+00
7.277463674545288086e-01 1.080096662044525146e-01 -6.772879362106323242e-01 2.651032805442810059e-01
-6.060158833861351013e-02 9.937857985496520996e-01 9.336629509925842285e-02 -2.374169882386922836e-03
6.831636428833007812e-01 -2.690222673118114471e-02 7.297695279121398926e-01 -2.673250436782836914e-01
0.000000000000000000e+00 0.000000000000000000e+00 0.000000000000000000e+00 1.000000000000000000e+00
6.866585612297058105e-01 1.132319644093513489e-01 -7.181074023246765137e-01 2.838354110717773438e-01
-6.489185243844985962e-02 9.933990836143493652e-01 9.459025412797927856e-02 9.325728751718997955e-04
7.240778207778930664e-01 -1.835184171795845032e-02 6.894738078117370605e-01 -2.435442060232162476e-01
0.000000000000000000e+00 0.000000000000000000e+00 0.000000000000000000e+00 1.000000000000000000e+00
6.770858764648437500e-01 1.143752261996269226e-01 -7.269612550735473633e-01 2.898526191711425781e-01
-7.357574254274368286e-02 9.934198260307312012e-01 8.777014166116714478e-02 4.937241785228252411e-03
7.322164177894592285e-01 -5.941168870776891708e-03 6.810458302497863770e-01 -2.304019629955291748e-01
0.000000000000000000e+00 0.000000000000000000e+00 0.000000000000000000e+00 1.000000000000000000e+00
6.800330877304077148e-01 1.316479146480560303e-01 -7.212652564048767090e-01 2.914498448371887207e-01
-9.506512433290481567e-02 9.912753701210021973e-01 9.130053222179412842e-02 4.914865363389253616e-03
7.269919514656066895e-01 6.479834672063589096e-03 6.866151094436645508e-01 -2.234004437923431396e-01
0.000000000000000000e+00 0.000000000000000000e+00 0.000000000000000000e+00 1.000000000000000000e+00
