0.9686924815177917 0.07077150046825409 -0.237962394952774 0.08032944798469543 
-0.07763522863388062 0.9967894554138184 -0.01958443596959114 0.02739658951759338 
0.2358123809099197 0.03744561970233917 0.9710767865180969 -0.3682672381401062 
0 0 0 1 

0.5322666764259338 0.7973331809043884 -0.2845204472541809 0.07679012417793274 
-0.8292933106422424 0.558635413646698 0.01410552486777306 0.02910440228879452 
0.1701899766921997 0.2284430414438248 0.9585661888122559 -0.2224017083644867 
0 0 0 1 

0.5259885191917419 0.8011136054992676 -0.2855746746063232 0.07409954816102982 
-0.8490989208221436 0.5138468742370605 -0.1224427223205566 0.06511355191469193 
0.04865106195211411 0.3068846464157104 0.9505023956298828 -0.218302920460701 
0 0 0 1 

0.5376371741294861 0.7849627733230591 -0.3078630864620209 0.07666114717721939 
-0.8418266773223877 0.4790671169757843 -0.2486412227153778 0.09695868939161301 
-0.04768703132867813 0.3928461372852325 0.9183669686317444 -0.2063498049974442 
0 0 0 1 

0.5053813457489014 0.7993956208229065 -0.3248942196369171 0.07968689501285553 
-0.8445904850959778 0.3811154067516327 -0.3760556578636169 0.1297875791788101 
-0.176795095205307 0.4644541144371033 0.8677706122398376 -0.1874135136604309 
0 0 0 1 

0.4932133555412292 0.7967835068702698 -0.3491080701351166 0.08566402643918991 
-0.8260067105293274 0.3030756711959839 -0.4752450287342072 0.1552375555038452 
-0.2728613317012787 0.5227628350257874 0.8076296448707581 -0.1682127565145493 
0 0 0 1 

0.5994953513145447 0.7187736034393311 -0.3520932197570801 0.07641728222370148 
-0.7703896760940552 0.3989118337631226 -0.4973618686199188 0.1567418873310089 
-0.2170365452766418 0.5694151520729065 0.7928817272186279 -0.1853708177804947 
0 0 0 1 

0.7628487348556519 0.5176688432693481 -0.3874021768569946 0.09685532748699188 
-0.5616375207901001 0.8273831605911255 -0.0003457822604104877 0.02486799471080303 
0.3203510344028473 0.2178435176610947 0.9219107031822205 -0.2346276938915253 
0 0 0 1 

0.7526075839996338 0.5301878452301025 -0.3904899656772614 0.09605208784341812 
-0.618893027305603 0.77205890417099 -0.1445551514625549 0.06803494691848755 
0.2248397618532181 0.350464940071106 0.9091871380805969 -0.2252225428819656 
0 0 0 1 

0.764665424823761 0.5316646695137024 -0.364169180393219 0.08622756600379944 
-0.6216649413108826 0.7574466466903687 -0.199517086148262 0.08325579017400742 
0.169762447476387 0.3789551258087158 0.9097107648849487 -0.2229045033454895 
0 0 0 1 

