-0.1099202260375023 0.7101593017578125 0.6954072117805481 -0.2160219252109528 
-0.9632460474967957 0.09641836583614349 -0.2507201433181763 0.12380500882864 
-0.245101273059845 -0.6974074840545654 0.6734598278999329 -0.2061964124441147 
0 0 0 1 

-0.146152451634407 0.6172512769699097 0.7730717658996582 -0.2428594380617142 
-0.9660760760307312 0.0791429877281189 -0.2458317279815674 0.1238008216023445 
-0.212923064827919 -0.7827751636505127 0.5847449898719788 -0.171830415725708 
0 0 0 1 

-0.2006783038377762 0.5835558176040649 0.7868865132331848 -0.2467507421970367 
-0.9735398888587952 -0.02917096763849258 -0.2266470342874527 0.1198650225996971 
-0.1093068718910217 -0.81154865026474 0.5739691257476807 -0.1667543351650238 
0 0 0 1 

-0.2513298988342285 0.4366551339626312 0.8638086318969727 -0.2638077735900879 
-0.9650079011917114 -0.04408864304423332 -0.2584876120090485 0.1312898099422455 
-0.0747857391834259 -0.8985479474067688 0.4324565827846527 -0.1176584810018539 
0 0 0 1 

-0.3370194733142853 0.3269021809101105 0.8829225897789001 -0.2592428922653198 
-0.941361129283905 -0.132954865694046 -0.3100996017456055 0.1463728249073029 
0.01601685769855976 -0.935658872127533 0.3525417745113373 -0.09687771648168564 
0 0 0 1 

-0.3667843341827393 0.3480426669120789 0.8627486824989319 -0.244869738817215 
-0.9259055852890015 -0.2266626060009003 -0.3021962940692902 0.1412801295518875 
0.09037574380636215 -0.9096648693084717 0.405391126871109 -0.1210906058549881 
0 0 0 1 

-0.3773349225521088 0.4543393552303314 0.8069657683372498 -0.2220458388328552 
-0.922508716583252 -0.260826051235199 -0.284511923789978 0.1332048624753952 
0.08121282607316971 -0.8517893552780151 0.517551064491272 -0.1624639481306076 
0 0 0 1 

-0.3813120424747467 0.1315138787031174 0.9150437116622925 -0.2523350119590759 
-0.9164519309997559 -0.1836702525615692 -0.3555010855197906 0.1535070538520813 
0.1213129833340645 -0.974150538444519 0.1905618757009506 -0.06447390466928482 
0 0 0 1 

-0.3978374898433685 -0.05274777114391327 0.9159383177757263 -0.2519278824329376 
-0.9142314195632935 -0.06083356961607933 -0.4005995094776154 0.1664926260709763 
0.07685055583715439 -0.9967531561851501 -0.02402177080512047 0.001300930045545101 
0 0 0 1 

-0.3889407217502594 -0.1112822815775871 0.9145171046257019 -0.2514138221740723 
-0.9201973080635071 -0.0008001083042472601 -0.3914539515972137 0.1645354032516479 
0.04429363459348679 -0.9937882423400879 -0.1020903810858727 0.02663577161729336 
0 0 0 1 

