1.000000000000000000e+00 0.000000000000000000e+00 0.000000000000000000e+00 -4.542167112231254578e-02
0.000000000000000000e+00 1.000000000000000000e+00 0.000000000000000000e+00 9.935460984706878662e-04
0.000000000000000000e+00 0.000000000000000000e+00 1.000000000000000000e+00 -2.875000238418579102e-01
0.000000000000000000e+00 0.000000000000000000e+00 0.000000000000000000e+00 1.000000000000000000e+00
9.967264533042907715e-01 7.925292849540710449e-02 1.598071679472923279e-02 -4.877280443906784058e-02
-7.898013293743133545e-02 9.967306256294250488e-01 -1.703487336635589600e-02 9.312805719673633575e-03
-1.727852970361709595e-02 1.571695320308208466e-02 9.997271299362182617e-01 -2.932327389717102051e-01
0.000000000000000000e+00 0.000000000000000000e+00 0.000000000000000000e+00 1.000000000000000000e+00
9.859920740127563477e-01 1.637475937604904175e-01 3.172030672430992126e-02 -5.177293717861175537e-02
-1.620844602584838867e-01 9.855411052703857422e-01 -4.936864599585533142e-02 2.415511943399906158e-02
-3.934570029377937317e-02 4.353569820523262024e-02 9.982767701148986816e-01 -2.925032675266265869e-01
0.000000000000000000e+00 0.000000000000000000e+00 0.000000000000000000e+00 1.000000000000000000e+00
9.656690359115600586e-01 2.571580111980438232e-01 3.678138554096221924e-02 -5.101424455642700195e-02
-2.539075016975402832e-01 9.642717838287353516e-01 -7.556979358196258545e-02 3.714561834931373596e-02
-5.490068718791007996e-02 6.363631039857864380e-02 9.964619278907775879e-01 -2.919126451015472412e-01
0.000000000000000000e+00 0.000000000000000000e+00 0.000000000000000000e+00 1.000000000000000000e+00
9.369161128997802734e-01 3.456200659275054932e-01 5.229631811380386353e-02 -5.289205908775329590e-02
-3.376038372516632080e-01 9.334858059883117676e-01 -1.209445893764495850e-01 5.568413808941841125e-02
-9.061880409717559814e-02 9.565947204828262329e-02 9.912807345390319824e-01 -2.890830039978027344e-01
0.000000000000000000e+00 0.000000000000000000e+00 0.000000000000000000e+00 1.000000000000000000e+00
