-0.1631426215171814 0.5248256921768188 -0.8354294896125793 0.313199907541275 
0.637173056602478 0.7025468349456787 0.3169202208518982 -0.123583547770977 
0.7532562017440796 -0.4806099534034729 -0.4490200281143188 0.1919788271188736 
0 0 0 1 

-0.2534032762050629 0.4875345528125763 -0.8355218172073364 0.3149325251579285 
0.6123635768890381 0.7494716048240662 0.2516011893749237 -0.09706193953752518 
0.7488641142845154 -0.4478865563869476 -0.4884669482707977 0.2057755440473557 
0 0 0 1 

-0.315942108631134 0.4268577396869659 -0.847332775592804 0.3195399343967438 
0.5588855743408203 0.8054183721542358 0.1973528116941452 -0.07396466284990311 
0.766698956489563 -0.4112100005149841 -0.4930302798748016 0.2069944739341736 
0 0 0 1 

-0.4531927406787872 0.3352299630641937 -0.8259764909744263 0.3109951317310333 
0.4634513854980469 0.8801248669624329 0.1029223054647446 -0.03476234897971153 
0.7614651322364807 -0.3361563086509705 -0.5542290806770325 0.2286253422498703 
0 0 0 1 

-0.5235133767127991 0.2586041390895844 -0.8118234276771545 0.3030548989772797 
0.4055673778057098 0.9135894179344177 0.02948668599128723 -0.007697039749473333 
0.7492986917495728 -0.3138124346733093 -0.5831577181816101 0.2363061755895615 
0 0 0 1 

-0.5707150101661682 0.1675226986408234 -0.8038783669471741 0.2953505218029022 
0.3720270395278931 0.9254827499389648 -0.07125715911388397 0.02596145123243332 
0.7320383191108704 -0.3397320210933685 -0.5905098915100098 0.2359728664159775 
0 0 0 1 

-0.6273267269134521 0.1045896634459496 -0.7717007398605347 0.2793353199958801 
0.3106630742549896 0.9422872066497803 -0.1248330548405647 0.04356830567121506 
0.7141075134277344 -0.3180500566959381 -0.6236140131950378 0.2471990287303925 
0 0 0 1 

-0.7265989184379578 0.02090747654438019 -0.6867433190345764 0.247863307595253 
0.2081202566623688 0.9592742919921875 -0.1909941881895065 0.06610799580812454 
0.6547819972038269 -0.2817014455795288 -0.7013588547706604 0.2736540734767914 
0 0 0 1 

-0.7755998969078064 -0.05449263378977776 -0.6288682818412781 0.2268402129411697 
0.1110407710075378 0.9689521193504333 -0.2209110707044601 0.07672093063592911 
0.6213812828063965 -0.2411686331033707 -0.7454681396484375 0.287699967622757 
0 0 0 1 

-0.7650220394134521 -0.13721963763237 -0.62921541929245 0.2222809493541718 
-0.0008317437022924423 0.9772461652755737 -0.2121068388223648 0.07464714348316193 
0.6440035104751587 -0.1617430597543716 -0.7477287650108337 0.2852780818939209 
0 0 0 1 

