0.9672809243202209 0.06868106126785278 -0.2442341595888138 0.08294244110584259 
-0.07578448951244354 0.9969276785850525 -0.01979583874344826 0.02739359997212887 
0.2421241849660873 0.03765735775232315 0.9695140719413757 -0.3678990006446838 
0 0 0 1 

0.9902751445770264 0.06085814535617828 -0.1251044720411301 0.03678058832883835 
-0.05647913366556168 0.9976708292961121 0.03825956210494041 0.008665734902024269 
0.1271414309740067 -0.03082160837948322 0.9914054274559021 -0.3662018775939941 
0 0 0 1 

0.5621252655982971 0.7795434594154358 -0.2762730419635773 0.07919304817914963 
-0.7520980834960938 0.6207746863365173 0.2213300764560699 -0.02631388045847416 
0.3440397381782532 0.08336932957172394 0.9352465867996216 -0.2210908085107803 
0 0 0 1 

0.5492815971374512 0.786371111869812 -0.2826835811138153 0.07937971502542496 
-0.7849858403205872 0.6015515327453613 0.14809650182724 -0.006110815331339836 
0.2865075767040253 0.1405560225248337 0.9477116465568542 -0.2220704257488251 
0 0 0 1 

0.5292341709136963 0.7970227599143982 -0.2909737527370453 0.07834899425506592 
-0.830194890499115 0.5572329759597778 0.01635841093957424 0.02854790166020393 
0.1751781553030014 0.2329075634479523 0.9565911889076233 -0.2221449166536331 
0 0 0 1 

0.5227701663970947 0.7991725206375122 -0.2967056035995483 0.07696903496980667 
-0.8507277965545654 0.5113426446914673 -0.1216159015893936 0.06482834368944168 
0.05452605709433556 0.3159929811954498 0.9471933841705322 -0.2174894511699677 
0 0 0 1 

0.5371920466423035 0.7822025418281555 -0.3155688345432281 0.07843627035617828 
-0.8424646854400635 0.479421079158783 -0.2457812130451202 0.09632613509893417 
-0.0409603975713253 0.3978873789310455 0.9165194630622864 -0.2061323523521423 
0 0 0 1 

0.7742210626602173 0.485012412071228 -0.4066258072853088 0.1027214080095291 
-0.393901914358139 0.8721219301223755 0.2902490496635437 -0.07007560878992081 
0.4954017102718353 -0.06454611569643021 0.8662625551223755 -0.229423850774765 
0 0 0 1 

0.7800068259239197 0.4813639223575592 -0.3998472690582275 0.1008742600679398 
-0.4617533981800079 0.8739916086196899 0.1514008343219757 -0.02370205521583557 
0.4223420917987823 0.06653729826211929 0.9039910435676575 -0.2358294874429703 
0 0 0 1 

0.7725170850753784 0.4977920651435852 -0.3942339420318604 0.09914655983448029 
-0.508463978767395 0.8568239212036133 0.08554065227508545 -0.002588908188045025 
0.3803705275058746 0.13437220454216 0.9150206446647644 -0.2362921684980392 
0 0 0 1 

