1 0 0 -0.03619798645377159 
0 1 0 -0.001327119767665863 
0 0 1 -0.2960163652896881 
0 0 0 1 

0.9904723763465881 0.1357239782810211 0.0233097355812788 -0.04653379321098328 
-0.1342133283615112 0.989293098449707 -0.05732276663184166 0.02848885394632816 
-0.03084026649594307 0.05364812538027763 0.9980835318565369 -0.2964330613613129 
0 0 0 1 

0.9706627130508423 0.2366156429052353 0.04274091869592667 -0.05246027559041977 
-0.2313867658376694 0.9675503969192505 -0.1015193983912468 0.05296293273568153 
-0.06537514179944992 0.08865136653184891 0.9939149618148804 -0.2942546010017395 
0 0 0 1 

0.809373140335083 0.4944058358669281 0.3169823586940765 -0.1262108385562897 
-0.578294575214386 0.5767903923988342 0.5769649744033813 -0.145338386297226 
0.1024225950241089 -0.6502889394760132 0.7527508139610291 -0.2335495054721832 
0 0 0 1 

0.7376114130020142 0.5801858305931091 0.3454183638095856 -0.1250829845666885 
-0.674237072467804 0.6051938533782959 0.4232543110847473 -0.09146608412265778 
0.03652127832174301 -0.5450912117958069 0.8375809788703918 -0.2545771896839142 
0 0 0 1 

0.6628653407096863 0.6982245445251465 0.2703550159931183 -0.09003432095050812 
-0.74830162525177 0.605450451374054 0.2710614204406738 -0.04080086573958397 
0.02557525597512722 -0.3819843530654907 0.9238148331642151 -0.2764234840869904 
0 0 0 1 

0.6833332777023315 0.6947807669639587 0.2243548184633255 -0.07632537931203842 
-0.729974091053009 0.6560041904449463 0.1918231099843979 -0.01324078068137169 
-0.01390260085463524 -0.2948523461818695 0.9554416537284851 -0.2808231115341187 
0 0 0 1 

0.6870556473731995 0.6890431642532349 0.230594590306282 -0.07856757193803787 
-0.7151132822036743 0.6974529027938843 0.04660743102431297 0.03179545700550079 
-0.1287142932415009 -0.1969231963157654 0.9719330668449402 -0.2756780982017517 
0 0 0 1 

0.6695643067359924 0.7124265432357788 0.2100759148597717 -0.07052361965179443 
-0.7237815856933594 0.6893382668495178 -0.03086744248867035 0.05316878482699394 
-0.1668041348457336 -0.1313813924789429 0.9771976470947266 -0.2721801102161407 
0 0 0 1 

0.9498881697654724 -0.09978175163269043 0.2962378561496735 -0.1623703390359879 
0.1000744476914406 0.9948784708976746 0.01421575620770454 -0.01398933492600918 
-0.2961389720439911 0.01614246889948845 0.9550084471702576 -0.2887671589851379 
0 0 0 1 

