1 0 0 -0.01792658120393753 
0 1 0 0.02243540808558464 
0 0 1 -0.3816788792610168 
0 0 0 1 

0.9898961186408997 0.04978282749652863 -0.1327675580978394 0.03825908899307251 
-0.05282209813594818 0.998414158821106 -0.01946632005274296 0.0271048080176115 
0.1315879225730896 0.02628272958099842 0.9909559488296509 -0.3784809112548828 
0 0 0 1 

0.9639700651168823 0.06328561156988144 -0.2583726942539215 0.08909326791763306 
-0.06940033286809921 0.9974819421768188 -0.01460515148937702 0.02568708173930645 
0.2567978203296661 0.03201011940836906 0.9659348130226135 -0.367077499628067 
0 0 0 1 

0.9991053342819214 0.04097995907068253 -0.01045353803783655 -0.01069206371903419 
-0.04090119153261185 0.9991340041160583 0.007640975061804056 0.01749972254037857 
0.01075760461390018 -0.007206587586551905 0.9999161958694458 -0.3684779405593872 
0 0 0 1 

0.9919460415840149 0.05107956007122993 -0.1159040778875351 0.03323867917060852 
-0.04750322923064232 0.9983120560646057 0.03341260179877281 0.01029949542135 
0.1174151599407196 -0.02763761207461357 0.9926981925964355 -0.3664211630821228 
0 0 0 1 

0.5623472332954407 0.7783856987953186 -0.2790720164775848 0.07831798493862152 
-0.7761711478233337 0.6132686138153076 0.1464920789003372 -0.005494991317391396 
0.2851734459400177 0.1342282742261887 0.9490304589271545 -0.2224180847406387 
0 0 0 1 

0.544135570526123 0.7888323068618774 -0.2857621312141418 0.07681536674499512 
-0.8202428817749023 0.5717775225639343 0.01649356260895729 0.02859927527606487 
0.1764030009508133 0.2254196554422379 0.9581586122512817 -0.2227191478013992 
0 0 0 1 

0.9744540452957153 0.0469336025416851 -0.2196281105279922 0.03807584196329117 
-0.1037788689136505 0.9613523483276367 -0.2550128102302551 0.06612811237573624 
0.19917131960392 0.2712910175323486 0.941664457321167 -0.1949325501918793 
0 0 0 1 

0.9648748636245728 0.07599033415317535 -0.2514793276786804 0.04603623226284981 
-0.1135929524898529 0.9838194847106934 -0.1385486572980881 0.03296947479248047 
0.2368818670511246 0.1622484475374222 0.9578946828842163 -0.2079875618219376 
0 0 0 1 

0.9771866798400879 0.1108552515506744 -0.1811554878950119 0.02805640920996666 
-0.1225594580173492 0.9909520149230957 -0.05471125990152359 0.004985634703189135 
0.1734513640403748 0.0756654217839241 0.9819314479827881 -0.2226093113422394 
0 0 0 1 

