1.000000000000000000e+00 0.000000000000000000e+00 0.000000000000000000e+00 -4.542167112231254578e-02
0.000000000000000000e+00 1.000000000000000000e+00 0.000000000000000000e+00 9.935460984706878662e-04
0.000000000000000000e+00 0.000000000000000000e+00 1.000000000000000000e+00 -2.875000238418579102e-01
0.000000000000000000e+00 0.000000000000000000e+00 0.000000000000000000e+00 1.000000000000000000e+00
9.964029192924499512e-01 8.130206167697906494e-02 2.390082739293575287e-02 -5.099123716354370117e-02
-8.091349899768829346e-02 9.965796470642089844e-01 -1.680022850632667542e-02 9.744473733007907867e-03
-2.518496289849281311e-02 1.480590552091598511e-02 9.995731711387634277e-01 -2.930671870708465576e-01
0.000000000000000000e+00 0.000000000000000000e+00 0.000000000000000000e+00 1.000000000000000000e+00
9.853598475456237793e-01 1.648598015308380127e-01 4.344071447849273682e-02 -5.519337207078933716e-02
-1.627112478017807007e-01 9.854520559310913086e-01 -4.908400401473045349e-02 2.471494674682617188e-02
-5.090074613690376282e-02 4.129708185791969299e-02 9.978494048118591309e-01 -2.921377420425415039e-01
0.000000000000000000e+00 0.000000000000000000e+00 0.000000000000000000e+00 1.000000000000000000e+00
9.658635854721069336e-01 2.545859813690185547e-01 4.788934439420700073e-02 -5.405933037400245667e-02
-2.507774233818054199e-01 9.652472734451293945e-01 -7.353737950325012207e-02 3.708771616220474243e-02
-6.494669616222381592e-02 5.901744961738586426e-02 9.961418509483337402e-01 -2.914849519729614258e-01
0.000000000000000000e+00 0.000000000000000000e+00 0.000000000000000000e+00 1.000000000000000000e+00
9.368022680282592773e-01 3.451647460460662842e-01 5.711593851447105408e-02 -5.420540645718574524e-02
-3.367805778980255127e-01 9.339045286178588867e-01 -1.200044751167297363e-01 5.590276792645454407e-02
-9.476217627525329590e-02 9.318487346172332764e-02 9.911288619041442871e-01 -2.890672981739044189e-01
0.000000000000000000e+00 0.000000000000000000e+00 0.000000000000000000e+00 1.000000000000000000e+00
8.904297947883605957e-01 4.532517492771148682e-01 4.119460284709930420e-02 -4.605484753847122192e-02
-4.443880617618560791e-01 8.854047656059265137e-01 -1.362996548414230347e-01 6.541751325130462646e-02
-9.825202822685241699e-02 1.030589193105697632e-01 9.898110032081604004e-01 -2.896968126296997070e-01
0.000000000000000000e+00 0.000000000000000000e+00 0.000000000000000000e+00 1.000000000000000000e+00
8.448338508605957031e-01 5.344998836517333984e-01 2.377164550125598907e-02 -3.774049878120422363e-02
-5.241842269897460938e-01 8.357932567596435547e-01 -1.633414030075073242e-01 7.737847417593002319e-02
-1.071741953492164612e-01 1.255355924367904663e-01 9.862833619117736816e-01 -2.887825071811676025e-01
0.000000000000000000e+00 0.000000000000000000e+00 0.000000000000000000e+00 1.000000000000000000e+00
7.900105714797973633e-01 6.130692362785339355e-01 5.431022029370069504e-03 -2.910399436950683594e-02
-6.037309765815734863e-01 7.794581651687622070e-01 -1.671951562166213989e-01 8.249031752347946167e-02
-1.067354232072830200e-01 1.288069933652877808e-01 9.859086275100708008e-01 -2.895585596561431885e-01
0.000000000000000000e+00 0.000000000000000000e+00 0.000000000000000000e+00 1.000000000000000000e+00
7.182661890983581543e-01 6.954209804534912109e-01 -2.199560962617397308e-02 -1.521139964461326599e-02
-6.891872882843017578e-01 7.067779302597045898e-01 -1.596412658691406250e-01 8.302664756774902344e-02
-9.547187387943267822e-02 1.298239827156066895e-01 9.869298934936523438e-01 -2.908546626567840576e-01
0.000000000000000000e+00 0.000000000000000000e+00 0.000000000000000000e+00 1.000000000000000000e+00
6.485757827758789062e-01 7.609161734580993652e-01 -1.885799877345561981e-02 -1.127921883016824722e-02
-7.554261088371276855e-01 6.404683589935302734e-01 -1.383160799741744995e-01 7.887674868106842041e-02
-9.316899627447128296e-02 1.039543002843856812e-01 9.902083277702331543e-01 -2.935115694999694824e-01
0.000000000000000000e+00 0.000000000000000000e+00 0.000000000000000000e+00 1.000000000000000000e+00
5.501432418823242188e-01 8.343169093132019043e-01 -3.546477854251861572e-02 -3.680965455714613199e-04
-8.329780697822570801e-01 5.452655553817749023e-01 -9.398253262042999268e-02 6.693972647190093994e-02
-5.907350033521652222e-02 8.124523609876632690e-02 9.949419498443603516e-01 -2.985847592353820801e-01
0.000000000000000000e+00 0.000000000000000000e+00 0.000000000000000000e+00 1.000000000000000000e+00
4.609735012054443359e-01 8.839343190193176270e-01 -7.850177586078643799e-02 1.953779347240924835e-02
-8.873493075370788574e-01 4.580644965171813965e-01 -5.280791595578193665e-02 5.464835464954376221e-02
-1.071986742317676544e-02 9.400154650211334229e-02 9.955143928527832031e-01 -3.028023242950439453e-01
0.000000000000000000e+00 0.000000000000000000e+00 0.000000000000000000e+00 1.000000000000000000e+00
3.526309430599212646e-01 9.312342405319213867e-01 -9.194424748420715332e-02 2.850689180195331573e-02
-9.355638623237609863e-01 3.528750538825988770e-01 -1.413171552121639252e-02 3.997424244880676270e-02
1.928488351404666901e-02 9.100297093391418457e-02 9.956636428833007812e-01 -3.044048547744750977e-01
0.000000000000000000e+00 0.000000000000000000e+00 0.000000000000000000e+00 1.000000000000000000e+00
2.742025852203369141e-01 9.554104208946228027e-01 -1.095583811402320862e-01 3.638828173279762268e-02
-9.585070013999938965e-01 2.807559967041015625e-01 4.939965531229972839e-02 1.596583612263202667e-02
7.795614749193191528e-02 9.146699309349060059e-02 9.927520751953125000e-01 -3.041218817234039307e-01
0.000000000000000000e+00 0.000000000000000000e+00 0.000000000000000000e+00 1.000000000000000000e+00
1.934602260589599609e-01 9.711344242095947266e-01 -1.395380496978759766e-01 4.763127863407135010e-02
-9.725050330162048340e-01 2.086081951856613159e-01 1.035241261124610901e-01 -3.998090047389268875e-03
1.296446323394775391e-01 1.156736686825752258e-01 9.847905635833740234e-01 -3.024837970733642578e-01
0.000000000000000000e+00 0.000000000000000000e+00 0.000000000000000000e+00 1.000000000000000000e+00
1.175490841269493103e-01 9.827732443809509277e-01 -1.426162421703338623e-01 5.027300119400024414e-02
-9.703438282012939453e-01 1.442146003246307373e-01 1.939975619316101074e-01 -3.502672910690307617e-02
2.112228870391845703e-01 1.155825629830360413e-01 9.705800414085388184e-01 -2.996338903903961182e-01
0.000000000000000000e+00 0.000000000000000000e+00 0.000000000000000000e+00 1.000000000000000000e+00
1.869754493236541748e-01 9.735623598098754883e-01 -1.312117874622344971e-01 4.596060514450073242e-02
-9.547396302223205566e-01 2.115417420864105225e-01 2.090980261564254761e-01 -3.925568982958793640e-02
2.313267141580581665e-01 8.617695420980453491e-02 9.690518975257873535e-01 -2.969373464584350586e-01
0.000000000000000000e+00 0.000000000000000000e+00 0.000000000000000000e+00 1.000000000000000000e+00
2.731741368770599365e-01 9.523319005966186523e-01 -1.357926726341247559e-01 4.463980719447135925e-02
-9.381433129310607910e-01 2.949613928794860840e-01 1.813398152589797974e-01 -2.846832945942878723e-02
2.127494513988494873e-01 7.785568386316299438e-02 9.740002155303955078e-01 -2.959786355495452881e-01
0.000000000000000000e+00 0.000000000000000000e+00 0.000000000000000000e+00 1.000000000000000000e+00
3.302480280399322510e-01 9.345394968986511230e-01 -1.325589120388031006e-01 4.202555492520332336e-02
-9.328503012657165527e-01 3.445698022842407227e-01 1.051771268248558044e-01 -1.945269410498440266e-03
1.439680308103561401e-01 8.892314136028289795e-02 9.855785965919494629e-01 -2.958428859710693359e-01
0.000000000000000000e+00 0.000000000000000000e+00 0.000000000000000000e+00 1.000000000000000000e+00
3.589347004890441895e-01 9.182708263397216797e-01 -1.671652644872665405e-01 5.169920250773429871e-02
-9.306464195251464844e-01 3.657568097114562988e-01 1.090283412486314774e-02 3.115358948707580566e-02
7.115356624126434326e-02 1.516584008932113647e-01 9.858685731887817383e-01 -2.919126451015472412e-01
0.000000000000000000e+00 0.000000000000000000e+00 0.000000000000000000e+00 1.000000000000000000e+00
4.004646539688110352e-01 8.978917598724365234e-01 -1.828068643808364868e-01 5.437936633825302124e-02
-9.161856174468994141e-01 3.956781923770904541e-01 -6.358508765697479248e-02 5.671650171279907227e-02
1.524011325091123581e-02 1.929486095905303955e-01 9.810907244682312012e-01 -2.869022488594055176e-01
0.000000000000000000e+00 0.000000000000000000e+00 0.000000000000000000e+00 1.000000000000000000e+00
4.554585516452789307e-01 8.657150268554687500e-01 -2.075907438993453979e-01 5.854332819581031799e-02
-8.889060020446777344e-01 4.293907880783081055e-01 -1.595921069383621216e-01 8.584803342819213867e-02
-4.902384802699089050e-02 2.572162747383117676e-01 9.651094079017639160e-01 -2.768204212188720703e-01
0.000000000000000000e+00 0.000000000000000000e+00 0.000000000000000000e+00 1.000000000000000000e+00
5.305217504501342773e-01 8.254877924919128418e-01 -1.926579326391220093e-01 4.836745932698249817e-02
-8.424271941184997559e-01 4.881986081600189209e-01 -2.279897630214691162e-01 1.046222597360610962e-01
-9.414724260568618774e-02 2.832535207271575928e-01 9.544125199317932129e-01 -2.697740197181701660e-01
0.000000000000000000e+00 0.000000000000000000e+00 0.000000000000000000e+00 1.000000000000000000e+00
5.934948325157165527e-01 7.832428216934204102e-01 -1.851903200149536133e-01 4.172813519835472107e-02
-7.942304611206054688e-01 5.327225923538208008e-01 -2.922410666942596436e-01 1.205454319715499878e-01
-1.302407234907150269e-01 3.205269873142242432e-01 9.382431507110595703e-01 -2.613004744052886963e-01
0.000000000000000000e+00 0.000000000000000000e+00 0.000000000000000000e+00 1.000000000000000000e+00
6.726008653640747070e-01 7.219800353050231934e-01 -1.623370647430419922e-01 2.925899252295494080e-02
-7.205802202224731445e-01 5.890561938285827637e-01 -3.657554984092712402e-01 1.356418728828430176e-01
-1.684426367282867432e-01 3.629838526248931885e-01 9.164434075355529785e-01 -2.504708766937255859e-01
0.000000000000000000e+00 0.000000000000000000e+00 0.000000000000000000e+00 1.000000000000000000e+00
7.358982563018798828e-01 6.620078086853027344e-01 -1.421248912811279297e-01 1.975263841450214386e-02
-6.456492543220520020e-01 6.228689551353454590e-01 -4.417809545993804932e-01 1.508883386850357056e-01
-2.039372771978378296e-01 4.168687462806701660e-01 8.857935667037963867e-01 -2.359957993030548096e-01
0.000000000000000000e+00 0.000000000000000000e+00 0.000000000000000000e+00 1.000000000000000000e+00
7.537541985511779785e-01 6.441763639450073242e-01 -1.299662888050079346e-01 1.396446209400892258e-02
-6.026009917259216309e-01 5.986309647560119629e-01 -5.277432799339294434e-01 1.706785410642623901e-01
-2.621580958366394043e-01 4.761063158512115479e-01 8.394020795822143555e-01 -2.151163518428802490e-01
0.000000000000000000e+00 0.000000000000000000e+00 0.000000000000000000e+00 1.000000000000000000e+00
7.852500081062316895e-01 6.037228703498840332e-01 -1.374812573194503784e-01 1.305609010159969330e-02
-5.379108786582946777e-01 5.551912188529968262e-01 -6.343610286712646484e-01 1.983293294906616211e-01
-3.066501021385192871e-01 5.720844864845275879e-01 7.607132792472839355e-01 -1.862268745899200439e-01
0.000000000000000000e+00 0.000000000000000000e+00 0.000000000000000000e+00 1.000000000000000000e+00
8.058571219444274902e-01 5.767168402671813965e-01 -1.341350078582763672e-01 1.074044872075319290e-02
-4.854820966720581055e-01 5.138716101646423340e-01 -7.072785496711730957e-01 2.174358814954757690e-01
-3.389712870121002197e-01 6.350855231285095215e-01 6.940926313400268555e-01 -1.624639481306076050e-01
0.000000000000000000e+00 0.000000000000000000e+00 0.000000000000000000e+00 1.000000000000000000e+00
8.387077450752258301e-01 5.289928913116455078e-01 -1.293667554855346680e-01 6.178956013172864914e-03
-4.149614572525024414e-01 4.669479429721832275e-01 -7.808755040168762207e-01 2.363499850034713745e-01
-3.526700735092163086e-01 7.086085081100463867e-01 6.111444830894470215e-01 -1.390994787216186523e-01
0.000000000000000000e+00 0.000000000000000000e+00 0.000000000000000000e+00 1.000000000000000000e+00
8.672813773155212402e-01 4.896774291992187500e-01 -8.966132998466491699e-02 -7.172747515141963959e-03
-3.312524557113647461e-01 4.332114756107330322e-01 -8.382120728492736816e-01 2.501478195190429688e-01
-3.716113567352294922e-01 7.566664814949035645e-01 5.379231572151184082e-01 -1.195132881402969360e-01
0.000000000000000000e+00 0.000000000000000000e+00 0.000000000000000000e+00 1.000000000000000000e+00
8.833734393119812012e-01 4.647676944732666016e-01 -6.035201251506805420e-02 -1.534289587289094925e-02
-2.419965565204620361e-01 3.420519232749938965e-01 -9.079854488372802734e-01 2.639895379543304443e-01
-4.013588428497314453e-01 8.166954517364501953e-01 4.146319925785064697e-01 -8.584287762641906738e-02
0.000000000000000000e+00 0.000000000000000000e+00 0.000000000000000000e+00 1.000000000000000000e+00
8.588838577270507812e-01 5.117849707603454590e-01 -1.986242644488811493e-02 -2.994020469486713409e-02
-9.670761972665786743e-02 1.239686235785484314e-01 -9.875621795654296875e-01 2.822487652301788330e-01
-5.029572844505310059e-01 8.501220941543579102e-01 1.559680700302124023e-01 -1.294582244008779526e-02
0.000000000000000000e+00 0.000000000000000000e+00 0.000000000000000000e+00 1.000000000000000000e+00
8.606786131858825684e-01 5.079481601715087891e-01 -3.493406251072883606e-02 -2.424409054219722748e-02
-1.024607792496681213e-01 1.055853739380836487e-01 -9.891173243522644043e-01 2.828015387058258057e-01
-4.987320601940155029e-01 8.548918962478637695e-01 1.429198533296585083e-01 -1.530512422323226929e-02
0.000000000000000000e+00 0.000000000000000000e+00 0.000000000000000000e+00 1.000000000000000000e+00
8.198248744010925293e-01 5.721391439437866211e-01 -2.332454174757003784e-02 -2.375275827944278717e-02
-1.096174195408821106e-01 1.168315261602401733e-01 -9.870838522911071777e-01 2.825596928596496582e-01
-5.620240569114685059e-01 8.117925524711608887e-01 1.584977358579635620e-01 -1.816720701754093170e-02
0.000000000000000000e+00 0.000000000000000000e+00 0.000000000000000000e+00 1.000000000000000000e+00
7.973538041114807129e-01 6.014636754989624023e-01 -4.968658462166786194e-02 -1.571616716682910919e-02
-2.424467802047729492e-01 2.438367903232574463e-01 -9.390226006507873535e-01 2.745631933212280273e-01
-5.526721477508544922e-01 7.607795596122741699e-01 3.402469456195831299e-01 -5.969725176692008972e-02
0.000000000000000000e+00 0.000000000000000000e+00 0.000000000000000000e+00 1.000000000000000000e+00
8.199028968811035156e-01 5.667633414268493652e-01 -8.086228370666503906e-02 -7.683758623898029327e-03
-3.067634403705596924e-01 3.156677186489105225e-01 -8.979142904281616211e-01 2.658245861530303955e-01
-4.833791553974151611e-01 7.610080838203430176e-01 4.326791465282440186e-01 -8.629897236824035645e-02
0.000000000000000000e+00 0.000000000000000000e+00 0.000000000000000000e+00 1.000000000000000000e+00
8.100060224533081055e-01 5.786358714103698730e-01 -9.524252265691757202e-02 -4.051301162689924240e-03
-3.662192821502685547e-01 3.722822964191436768e-01 -8.528125882148742676e-01 2.561280429363250732e-01
-4.580107629299163818e-01 7.256630063056945801e-01 5.134584307670593262e-01 -1.098633483052253723e-01
0.000000000000000000e+00 0.000000000000000000e+00 0.000000000000000000e+00 1.000000000000000000e+00
8.311265110969543457e-01 5.507544279098510742e-01 -7.680101692676544189e-02 -1.444539614021778107e-02
-4.544301629066467285e-01 5.930848717689514160e-01 -6.646377444267272949e-01 2.160117328166961670e-01
-3.205027282238006592e-01 5.872988700866699219e-01 7.432078719139099121e-01 -1.807820498943328857e-01
0.000000000000000000e+00 0.000000000000000000e+00 0.000000000000000000e+00 1.000000000000000000e+00
8.316861987113952637e-01 5.527930855751037598e-01 -5.213103070855140686e-02 -2.296120673418045044e-02
-4.672243893146514893e-01 6.460226178169250488e-01 -6.036189794540405273e-01 1.979559063911437988e-01
-2.999987602233886719e-01 5.263784527778625488e-01 7.955664992332458496e-01 -1.970428973436355591e-01
0.000000000000000000e+00 0.000000000000000000e+00 0.000000000000000000e+00 1.000000000000000000e+00
8.546259403228759766e-01 5.164288282394409180e-01 -5.399513244628906250e-02 -2.290119417011737823e-02
-4.627672731876373291e-01 7.103778719902038574e-01 -5.302919745445251465e-01 1.757202297449111938e-01
-2.355012595653533936e-01 4.781883060932159424e-01 8.460941314697265625e-01 -2.141978591680526733e-01
0.000000000000000000e+00 0.000000000000000000e+00 0.000000000000000000e+00 1.000000000000000000e+00
8.679498434066772461e-01 4.966083168983459473e-01 -6.583110895007848740e-03 -3.466785699129104614e-02
-4.597236514091491699e-01 7.983276247978210449e-01 -3.890072703361511230e-01 1.349373608827590942e-01
-1.879289001226425171e-01 3.406651318073272705e-01 9.212110638618469238e-01 -2.365880757570266724e-01
0.000000000000000000e+00 0.000000000000000000e+00 0.000000000000000000e+00 1.000000000000000000e+00
8.760841488838195801e-01 4.820908010005950928e-01 -8.080096915364265442e-03 -3.298880159854888916e-02
-4.679636955261230469e-01 8.461362719535827637e-01 -2.550751864910125732e-01 9.788111597299575806e-02
-1.161325797438621521e-01 2.272485792636871338e-01 9.668873548507690430e-01 -2.523054778575897217e-01
0.000000000000000000e+00 0.000000000000000000e+00 0.000000000000000000e+00 1.000000000000000000e+00
8.778905272483825684e-01 4.787034094333648682e-01 -1.229749061167240143e-02 -2.771735936403274536e-02
-4.787526428699493408e-01 8.768544793128967285e-01 -4.383340105414390564e-02 3.827054426074028015e-02
-1.020010653883218765e-02 4.436839371919631958e-02 9.989629983901977539e-01 -2.660524547100067139e-01
0.000000000000000000e+00 0.000000000000000000e+00 0.000000000000000000e+00 1.000000000000000000e+00
8.887481689453125000e-01 4.582944512367248535e-01 -9.621387347579002380e-03 -2.686068229377269745e-02
-4.573284387588500977e-01 8.879154324531555176e-01 4.956768080592155457e-02 1.052876282483339310e-02
3.125957027077674866e-02 -3.965306654572486877e-02 9.987243413925170898e-01 -2.684751152992248535e-01
0.000000000000000000e+00 0.000000000000000000e+00 0.000000000000000000e+00 1.000000000000000000e+00
8.939840793609619141e-01 4.480768740177154541e-01 -4.392182920128107071e-03 -2.779003418982028961e-02
-4.422735869884490967e-01 8.838960528373718262e-01 1.520584523677825928e-01 -2.133386768400669098e-02
7.201620191335678101e-02 -1.339953392744064331e-01 9.883618950843811035e-01 -2.674793303012847900e-01
0.000000000000000000e+00 0.000000000000000000e+00 0.000000000000000000e+00 1.000000000000000000e+00
8.988551497459411621e-01 4.381750822067260742e-01 -7.911957800388336182e-03 -2.672655880451202393e-02
-4.216852486133575439e-01 8.696627616882324219e-01 2.566488385200500488e-01 -5.411616712808609009e-02
1.193377822637557983e-01 -2.273535281419754028e-01 9.664723277091979980e-01 -2.630574405193328857e-01
0.000000000000000000e+00 0.000000000000000000e+00 0.000000000000000000e+00 1.000000000000000000e+00
9.026970863342285156e-01 4.301844537258148193e-01 -8.918458595871925354e-03 -2.609509602189064026e-02
-3.961462378501892090e-01 8.390038013458251953e-01 3.730154931545257568e-01 -9.243663400411605835e-02
1.679481863975524902e-01 -3.331868052482604980e-01 9.277822971343994141e-01 -2.529134750366210938e-01
0.000000000000000000e+00 0.000000000000000000e+00 0.000000000000000000e+00 1.000000000000000000e+00
9.056088924407958984e-01 4.239980876445770264e-01 -9.855788201093673706e-03 -2.725120633840560913e-02
-3.724986314773559570e-01 8.062933087348937988e-01 4.594946801662445068e-01 -1.213363558053970337e-01
2.027718275785446167e-01 -4.124515652656555176e-01 8.881258368492126465e-01 -2.433051466941833496e-01
0.000000000000000000e+00 0.000000000000000000e+00 0.000000000000000000e+00 1.000000000000000000e+00
9.161462783813476562e-01 4.008155465126037598e-01 -4.730609711259603500e-03 -3.141691908240318298e-02
-3.318057656288146973e-01 7.649259567260742188e-01 5.520805120468139648e-01 -1.519285142421722412e-01
2.249012589454650879e-01 -5.042169690132141113e-01 8.337774872779846191e-01 -2.298873066902160645e-01
0.000000000000000000e+00 0.000000000000000000e+00 0.000000000000000000e+00 1.000000000000000000e+00
9.092627763748168945e-01 4.159661829471588135e-01 1.459133904427289963e-02 -3.827714174985885620e-02
-3.321355283260345459e-01 7.039965987205505371e-01 6.277535557746887207e-01 -1.747362762689590454e-01
2.508521974086761475e-01 -5.756391882896423340e-01 7.782751917839050293e-01 -2.168214023113250732e-01
0.000000000000000000e+00 0.000000000000000000e+00 0.000000000000000000e+00 1.000000000000000000e+00
9.169365763664245605e-01 3.978919386863708496e-01 3.015440888702869415e-02 -4.492502287030220032e-02
-2.932502329349517822e-01 6.206830739974975586e-01 7.271567583084106445e-01 -2.062460631132125854e-01
2.706135511398315430e-01 -6.755994558334350586e-01 6.858089566230773926e-01 -1.912068724632263184e-01
0.000000000000000000e+00 0.000000000000000000e+00 0.000000000000000000e+00 1.000000000000000000e+00
9.264042973518371582e-01 3.728138208389282227e-01 5.276230350136756897e-02 -5.328843370079994202e-02
-2.651306688785552979e-01 5.463873744010925293e-01 7.944598793983459473e-01 -2.283321022987365723e-01
2.673571109771728516e-01 -7.499805092811584473e-01 6.050205230712890625e-01 -1.666468828916549683e-01
0.000000000000000000e+00 0.000000000000000000e+00 0.000000000000000000e+00 1.000000000000000000e+00
9.377579689025878906e-01 3.432796001434326172e-01 5.262028798460960388e-02 -5.540560930967330933e-02
-2.223410308361053467e-01 4.770443141460418701e-01 8.502900004386901855e-01 -2.480498254299163818e-01
2.667851150035858154e-01 -8.090660572052001953e-01 5.236774086952209473e-01 -1.431179791688919067e-01
0.000000000000000000e+00 0.000000000000000000e+00 0.000000000000000000e+00 1.000000000000000000e+00
9.482221007347106934e-01 3.133724629878997803e-01 5.169483646750450134e-02 -5.841551721096038818e-02
-1.835827678442001343e-01 4.079614877700805664e-01 8.943516016006469727e-01 -2.628535926342010498e-01
2.591755390167236328e-01 -8.575339913368225098e-01 4.443680047988891602e-01 -1.209983974695205688e-01
0.000000000000000000e+00 0.000000000000000000e+00 0.000000000000000000e+00 1.000000000000000000e+00
9.588785171508789062e-01 2.805626094341278076e-01 4.285329952836036682e-02 -5.841623619198799133e-02
-1.454924643039703369e-01 3.562721014022827148e-01 9.229857325553894043e-01 -2.738080322742462158e-01
2.436878234148025513e-01 -8.912661671638488770e-01 3.824416100978851318e-01 -1.020804643630981445e-01
0.000000000000000000e+00 0.000000000000000000e+00 0.000000000000000000e+00 1.000000000000000000e+00
9.642665982246398926e-01 2.579546868801116943e-01 6.041508540511131287e-02 -6.585945934057235718e-02
-1.333286911249160767e-01 2.754256129264831543e-01 9.520317912101745605e-01 -2.873260378837585449e-01
2.289410680532455444e-01 -9.260669350624084473e-01 2.999762892723083496e-01 -7.358794659376144409e-02
0.000000000000000000e+00 0.000000000000000000e+00 0.000000000000000000e+00 1.000000000000000000e+00
9.782163500785827637e-01 2.021978497505187988e-01 4.699904471635818481e-02 -6.514068692922592163e-02
-8.533369004726409912e-02 1.852841228246688843e-01 9.789725542068481445e-01 -2.997324466705322266e-01
1.892379671335220337e-01 -9.616577625274658203e-01 1.985023617744445801e-01 -3.668989241123199463e-02
0.000000000000000000e+00 0.000000000000000000e+00 0.000000000000000000e+00 1.000000000000000000e+00
9.947100877761840820e-01 1.027041226625442505e-01 -1.809892244637012482e-03 -5.335026234388351440e-02
-1.266515906900167465e-02 1.401117444038391113e-01 9.900546669960021973e-01 -3.061346113681793213e-01
1.019363477826118469e-01 -9.847942590713500977e-01 1.406713128089904785e-01 -1.848632097244262695e-02
0.000000000000000000e+00 0.000000000000000000e+00 0.000000000000000000e+00 1.000000000000000000e+00
9.968053698539733887e-01 7.850485295057296753e-02 -1.468634698539972305e-02 -5.033776164054870605e-02
-5.072252359241247177e-03 2.457409650087356567e-01 9.693219661712646484e-01 -3.012811541557312012e-01
7.970557361841201782e-02 -9.661511182785034180e-01 2.453541904687881470e-01 -5.199903622269630432e-02
0.000000000000000000e+00 0.000000000000000000e+00 0.000000000000000000e+00 1.000000000000000000e+00
9.982869029045104980e-01 2.277876995503902435e-02 -5.389301478862762451e-02 -3.633917495608329773e-02
4.495687782764434814e-02 2.908787727355957031e-01 9.557025432586669922e-01 -3.079312443733215332e-01
3.744607418775558472e-02 -9.564890265464782715e-01 2.893565595149993896e-01 -6.395687907934188843e-02
0.000000000000000000e+00 0.000000000000000000e+00 0.000000000000000000e+00 1.000000000000000000e+00
9.890260696411132812e-01 -3.794491663575172424e-02 -1.427847146987915039e-01 -3.293394343927502632e-03
1.476986855268478394e-01 2.769805192947387695e-01 9.494560360908508301e-01 -3.180720210075378418e-01
3.521510865539312363e-03 -9.601261019706726074e-01 2.795453965663909912e-01 -5.904986709356307983e-02
0.000000000000000000e+00 0.000000000000000000e+00 0.000000000000000000e+00 1.000000000000000000e+00
9.691098332405090332e-01 -6.433709710836410522e-02 -2.380896657705307007e-01 2.869848720729351044e-02
2.466278821229934692e-01 2.560272514820098877e-01 9.346789717674255371e-01 -3.225443363189697266e-01
8.228468941524624825e-04 -9.645262360572814941e-01 2.639858722686767578e-01 -5.244499817490577698e-02
0.000000000000000000e+00 0.000000000000000000e+00 0.000000000000000000e+00 1.000000000000000000e+00
9.759243130683898926e-01 1.244342699646949768e-02 -2.177539318799972534e-01 1.920779049396514893e-02
2.031133621931076050e-01 3.119474351406097412e-01 9.281348586082458496e-01 -3.192786574363708496e-01
7.947693020105361938e-02 -9.500176906585693359e-01 3.019096851348876953e-01 -7.059546560049057007e-02
0.000000000000000000e+00 0.000000000000000000e+00 0.000000000000000000e+00 1.000000000000000000e+00
9.850048422813415527e-01 1.274036765098571777e-01 -1.163354441523551941e-01 -1.881995983421802521e-02
6.082801520824432373e-02 3.745484650135040283e-01 9.252101778984069824e-01 -3.111055195331573486e-01
1.614483892917633057e-01 -9.184129238128662109e-01 3.611822426319122314e-01 -1.008952781558036804e-01
0.000000000000000000e+00 0.000000000000000000e+00 0.000000000000000000e+00 1.000000000000000000e+00
9.791823625564575195e-01 2.003411501646041870e-01 -3.263525664806365967e-02 -4.871927201747894287e-02
-3.231991454958915710e-02 3.126105964183807373e-01 9.493311047554016113e-01 -3.134585022926330566e-01
2.003922313451766968e-01 -9.285136461257934570e-01 3.125777244567871094e-01 -8.901513367891311646e-02
0.000000000000000000e+00 0.000000000000000000e+00 0.000000000000000000e+00 1.000000000000000000e+00
9.236128926277160645e-01 3.735436499118804932e-01 8.604486286640167236e-02 -8.572316169738769531e-02
-2.179020196199417114e-01 3.269563019275665283e-01 9.195750355720520020e-01 -2.938109636306762695e-01
3.153685033321380615e-01 -8.680810332298278809e-01 3.833768665790557861e-01 -1.220771595835685730e-01
0.000000000000000000e+00 0.000000000000000000e+00 0.000000000000000000e+00 1.000000000000000000e+00
8.742865324020385742e-01 4.764632880687713623e-01 9.276697784662246704e-02 -8.576256781816482544e-02
-2.835820019245147705e-01 3.462484180927276611e-01 8.942558169364929199e-01 -2.809842228889465332e-01
3.939597010612487793e-01 -8.081430792808532715e-01 4.378365874290466309e-01 -1.482757031917572021e-01
0.000000000000000000e+00 0.000000000000000000e+00 0.000000000000000000e+00 1.000000000000000000e+00
8.344375491142272949e-01 5.476287007331848145e-01 6.178533285856246948e-02 -7.393583655357360840e-02
-3.365591466426849365e-01 4.176018238067626953e-01 8.440006375312805176e-01 -2.620191276073455811e-01
4.363968074321746826e-01 -7.250596880912780762e-01 5.327717065811157227e-01 -1.834418624639511108e-01
0.000000000000000000e+00 0.000000000000000000e+00 0.000000000000000000e+00 1.000000000000000000e+00
8.021935820579528809e-01 5.954752564430236816e-01 4.351536184549331665e-02 -6.589059531688690186e-02
-4.207293987274169922e-01 5.120613574981689453e-01 7.488524317741394043e-01 -2.248644232749938965e-01
4.236407577991485596e-01 -6.190327405929565430e-01 6.613065600395202637e-01 -2.259005159139633179e-01
0.000000000000000000e+00 0.000000000000000000e+00 0.000000000000000000e+00 1.000000000000000000e+00
7.768371105194091797e-01 6.292656064033508301e-01 2.342684566974639893e-02 -5.814908072352409363e-02
-5.019804835319519043e-01 5.963830351829528809e-01 6.263725757598876953e-01 -1.787072420120239258e-01
3.801833093166351318e-01 -4.983490705490112305e-01 7.791714072227478027e-01 -2.619330286979675293e-01
0.000000000000000000e+00 0.000000000000000000e+00 0.000000000000000000e+00 1.000000000000000000e+00
7.522948980331420898e-01 6.586741805076599121e-01 1.417664065957069397e-02 -5.364659056067466736e-02
-5.647858977317810059e-01 6.336841583251953125e-01 5.286406278610229492e-01 -1.421764791011810303e-01
3.392183482646942139e-01 -4.057003259658813477e-01 8.487269282341003418e-01 -2.826396524906158447e-01
0.000000000000000000e+00 0.000000000000000000e+00 0.000000000000000000e+00 1.000000000000000000e+00
6.530920267105102539e-01 7.572667598724365234e-01 4.175539128482341766e-03 -4.370729252696037292e-02
-6.719747781753540039e-01 5.769735574722290039e-01 4.642750024795532227e-01 -1.131646633148193359e-01
3.491710722446441650e-01 -3.060201108455657959e-01 8.856812119483947754e-01 -2.971676886081695557e-01
0.000000000000000000e+00 0.000000000000000000e+00 0.000000000000000000e+00 1.000000000000000000e+00
5.915825963020324707e-01 8.058514595031738281e-01 -2.516394294798374176e-02 -2.911702170968055725e-02
-7.331036329269409180e-01 5.506431460380554199e-01 3.991878628730773926e-01 -8.669175952672958374e-02
3.355427384376525879e-01 -2.177048772573471069e-01 9.165241122245788574e-01 -3.078538775444030762e-01
0.000000000000000000e+00 0.000000000000000000e+00 0.000000000000000000e+00 1.000000000000000000e+00
5.363239645957946777e-01 8.416853547096252441e-01 -6.262752413749694824e-02 -1.218907255679368973e-02
-7.829222679138183594e-01 5.238497257232666016e-01 3.355804085731506348e-01 -6.135609373450279236e-02
3.152606487274169922e-01 -1.309474259614944458e-01 9.399277567863464355e-01 -3.146420121192932129e-01
0.000000000000000000e+00 0.000000000000000000e+00 0.000000000000000000e+00 1.000000000000000000e+00
5.067875385284423828e-01 8.529843091964721680e-01 -1.248346939682960510e-01 1.144214812666177750e-02
-8.152273893356323242e-01 5.212828516960144043e-01 2.523258924484252930e-01 -3.073533251881599426e-02
2.803043425083160400e-01 -2.610697224736213684e-02 9.595560431480407715e-01 -3.198053538799285889e-01
0.000000000000000000e+00 0.000000000000000000e+00 0.000000000000000000e+00 1.000000000000000000e+00
4.373540878295898438e-01 8.823761343955993652e-01 -1.735910773277282715e-01 3.394732251763343811e-02
-8.577328324317932129e-01 4.672996699810028076e-01 2.143029272556304932e-01 -1.468016114085912704e-02
2.702147662639617920e-01 5.516855791211128235e-02 9.612182378768920898e-01 -3.197042047977447510e-01
0.000000000000000000e+00 0.000000000000000000e+00 0.000000000000000000e+00 1.000000000000000000e+00
3.561144173145294189e-01 8.934321403503417969e-01 -2.737900912761688232e-01 7.364388555288314819e-02
-8.921696543693542480e-01 4.122122824192047119e-01 1.847009211778640747e-01 -2.170060761272907257e-03
2.778775095939636230e-01 1.784926652908325195e-01 9.438880085945129395e-01 -3.142090439796447754e-01
0.000000000000000000e+00 0.000000000000000000e+00 0.000000000000000000e+00 1.000000000000000000e+00
2.955150604248046875e-01 8.840739130973815918e-01 -3.620551824569702148e-01 1.074033901095390320e-01
-9.128838777542114258e-01 3.730393052101135254e-01 1.657853573560714722e-01 5.703412462025880814e-03
2.816272377967834473e-01 2.815221846103668213e-01 9.172955155372619629e-01 -3.060118257999420166e-01
0.000000000000000000e+00 0.000000000000000000e+00 0.000000000000000000e+00 1.000000000000000000e+00
2.691290080547332764e-01 8.526335358619689941e-01 -4.478679001331329346e-01 1.370749622583389282e-01
-9.325179457664489746e-01 3.469550609588623047e-01 1.001587510108947754e-01 2.908284962177276611e-02
2.407887578010559082e-01 3.906892240047454834e-01 8.884720206260681152e-01 -2.930825352668762207e-01
0.000000000000000000e+00 0.000000000000000000e+00 0.000000000000000000e+00 1.000000000000000000e+00
1.780557632446289062e-01 7.757199406623840332e-01 -6.054373979568481445e-01 1.949021667242050171e-01
-9.612514972686767578e-01 2.687058448791503906e-01 6.158209964632987976e-02 4.272718727588653564e-02
2.104551196098327637e-01 5.710125565528869629e-01 7.935069799423217773e-01 -2.597894966602325439e-01
0.000000000000000000e+00 0.000000000000000000e+00 0.000000000000000000e+00 1.000000000000000000e+00
1.329281032085418701e-01 6.747253537178039551e-01 -7.259996533393859863e-01 2.372028380632400513e-01
-9.742937088012695312e-01 2.233793735504150391e-01 2.921322733163833618e-02 5.397562310099601746e-02
1.818841844797134399e-01 7.034537196159362793e-01 6.870743632316589355e-01 -2.239898741245269775e-01
0.000000000000000000e+00 0.000000000000000000e+00 0.000000000000000000e+00 1.000000000000000000e+00
1.080551892518997192e-01 5.729770660400390625e-01 -8.124169111251831055e-01 2.665218412876129150e-01
-9.838079810142517090e-01 1.791708320379257202e-01 -4.486309364438056946e-03 6.531281769275665283e-02
1.429908424615859985e-01 7.997468709945678711e-01 5.830595493316650391e-01 -1.878547370433807373e-01
0.000000000000000000e+00 0.000000000000000000e+00 0.000000000000000000e+00 1.000000000000000000e+00
7.619660347700119019e-02 5.052280426025390625e-01 -8.596151471138000488e-01 2.839910984039306641e-01
-9.913046956062316895e-01 1.311425417661666870e-01 -1.079207658767700195e-02 6.800516694784164429e-02
1.072795987129211426e-01 8.529630303382873535e-01 5.108280777931213379e-01 -1.623261421918869019e-01
0.000000000000000000e+00 0.000000000000000000e+00 0.000000000000000000e+00 1.000000000000000000e+00
1.529045999050140381e-01 5.190589427947998047e-01 -8.409506678581237793e-01 2.711969614028930664e-01
-9.880280494689941406e-01 9.796151518821716309e-02 -1.191819384694099426e-01 1.030124351382255554e-01
2.051831409335136414e-02 8.491059541702270508e-01 5.278236269950866699e-01 -1.609973162412643433e-01
0.000000000000000000e+00 0.000000000000000000e+00 0.000000000000000000e+00 1.000000000000000000e+00
2.607405483722686768e-01 5.790915489196777344e-01 -7.724422216415405273e-01 2.414198964834213257e-01
-9.603773951530456543e-01 7.400555908679962158e-02 -2.686975300312042236e-01 1.492163985967636108e-01
-9.843541681766510010e-02 8.118968605995178223e-01 5.754429101943969727e-01 -1.660994887351989746e-01
0.000000000000000000e+00 0.000000000000000000e+00 0.000000000000000000e+00 1.000000000000000000e+00
3.209948837757110596e-01 6.175820827484130859e-01 -7.180212140083312988e-01 2.207244485616683960e-01
-9.283841252326965332e-01 5.528451874852180481e-02 -3.674877583980560303e-01 1.779773384332656860e-01
-1.872581839561462402e-01 7.845609188079833984e-01 5.910989046096801758e-01 -1.645290851593017578e-01
0.000000000000000000e+00 0.000000000000000000e+00 0.000000000000000000e+00 1.000000000000000000e+00
3.621200323104858398e-01 6.424336433410644531e-01 -6.753873229026794434e-01 2.040972858667373657e-01
-8.909701108932495117e-01 2.561989799141883850e-02 -4.533383846282958984e-01 2.017274498939514160e-01
-2.739364206790924072e-01 7.659128904342651367e-01 5.816667079925537109e-01 -1.543175429105758667e-01
0.000000000000000000e+00 0.000000000000000000e+00 0.000000000000000000e+00 1.000000000000000000e+00
4.209171831607818604e-01 6.419880986213684082e-01 -6.408435106277465820e-01 1.880981475114822388e-01
-8.387541174888610840e-01 6.424466613680124283e-03 -5.444726943969726562e-01 2.262139916419982910e-01
-3.454276621341705322e-01 7.666879296302795410e-01 5.411743521690368652e-01 -1.345303505659103394e-01
0.000000000000000000e+00 0.000000000000000000e+00 0.000000000000000000e+00 1.000000000000000000e+00
5.185363292694091797e-01 6.463281512260437012e-01 -5.598037242889404297e-01 1.564466208219528198e-01
-7.303328514099121094e-01 -5.693537183105945587e-03 -6.830676794052124023e-01 2.587115168571472168e-01
-4.446730911731719971e-01 7.630385756492614746e-01 4.690821766853332520e-01 -1.015845760703086853e-01
0.000000000000000000e+00 0.000000000000000000e+00 0.000000000000000000e+00 1.000000000000000000e+00
6.260883212089538574e-01 6.727396249771118164e-01 -3.942517340183258057e-01 9.618093818426132202e-02
-5.833771824836730957e-01 6.864419579505920410e-02 -8.092955946922302246e-01 2.897235453128814697e-01
-5.173820257186889648e-01 7.366881966590881348e-01 4.354383349418640137e-01 -8.370163291692733765e-02
0.000000000000000000e+00 0.000000000000000000e+00 0.000000000000000000e+00 1.000000000000000000e+00
6.322005987167358398e-01 7.226015925407409668e-01 -2.795880436897277832e-01 6.279898434877395630e-02
-4.978812634944915771e-01 1.023874059319496155e-01 -8.611802458763122559e-01 3.002950251102447510e-01
-5.936635732650756836e-01 6.836401224136352539e-01 4.244989454746246338e-01 -7.523099333047866821e-02
0.000000000000000000e+00 0.000000000000000000e+00 0.000000000000000000e+00 1.000000000000000000e+00
6.022480726242065430e-01 7.730435729026794434e-01 -1.992500573396682739e-01 4.393484443426132202e-02
-3.958454132080078125e-01 7.243115454912185669e-02 -9.154562354087829590e-01 3.104602694511413574e-01
-6.932556629180908203e-01 6.302040219306945801e-01 3.496273159980773926e-01 -4.978214204311370850e-02
0.000000000000000000e+00 0.000000000000000000e+00 0.000000000000000000e+00 1.000000000000000000e+00
4.390724003314971924e-01 8.964293599128723145e-01 -6.024295091629028320e-02 1.716939359903335571e-02
-2.188028693199157715e-01 4.165497794747352600e-02 -9.748795628547668457e-01 3.185947835445404053e-01
-8.714019060134887695e-01 4.412240087985992432e-01 2.144310176372528076e-01 -7.622245233505964279e-03
0.000000000000000000e+00 0.000000000000000000e+00 0.000000000000000000e+00 1.000000000000000000e+00
2.940340936183929443e-01 9.512146115303039551e-01 9.346166253089904785e-02 -2.509392611682415009e-02
-2.597253024578094482e-01 1.736218929290771484e-01 -9.499464631080627441e-01 3.202338814735412598e-01
-9.198299646377563477e-01 2.550421655178070068e-01 2.981052696704864502e-01 -3.926530107855796814e-02
0.000000000000000000e+00 0.000000000000000000e+00 0.000000000000000000e+00 1.000000000000000000e+00
3.137240707874298096e-01 9.487192034721374512e-01 -3.884483873844146729e-02 1.747206971049308777e-02
-3.714481294155120850e-01 8.497551083564758301e-02 -9.245569109916687012e-01 3.141449689865112305e-01
-8.738440871238708496e-01 3.044846653938293457e-01 3.790590465068817139e-01 -6.397868692874908447e-02
0.000000000000000000e+00 0.000000000000000000e+00 0.000000000000000000e+00 1.000000000000000000e+00
2.878190875053405762e-01 9.567444324493408203e-01 -4.243433848023414612e-02 2.465583942830562592e-02
-4.669826030731201172e-01 1.015228331089019775e-01 -8.784193396568298340e-01 3.036035895347595215e-01
-8.361145257949829102e-01 2.726419270038604736e-01 4.760030210018157959e-01 -9.767787903547286987e-02
0.000000000000000000e+00 0.000000000000000000e+00 0.000000000000000000e+00 1.000000000000000000e+00
1.786786317825317383e-01 9.822806715965270996e-01 -5.655615031719207764e-02 3.468890488147735596e-02
-4.810759425163269043e-01 3.707772865891456604e-02 -8.758944272994995117e-01 3.024783432483673096e-01
-8.582773208618164062e-01 1.837113648653030396e-01 4.791765213012695312e-01 -1.002213954925537109e-01
0.000000000000000000e+00 0.000000000000000000e+00 0.000000000000000000e+00 1.000000000000000000e+00
6.101524457335472107e-02 9.977574348449707031e-01 -2.750881202518939972e-02 3.076206333935260773e-02
-4.764986634254455566e-01 4.900000989437103271e-03 -8.791614770889282227e-01 3.043162822723388672e-01
-8.770553469657897949e-01 6.675016880035400391e-02 4.757291972637176514e-01 -1.021866425871849060e-01
