0.8468645215034485 0.5315336585044861 0.01709641329944134 -0.03611906617879868 
-0.5218495726585388 0.8367683887481689 -0.1658055037260056 0.07757771760225296 
-0.1024369969964027 0.131493017077446 0.9860102534294128 -0.2886305153369904 
0 0 0 1 

0.7927359938621521 0.6095398664474487 -0.00553490174934268 -0.02591916173696518 
-0.6014049053192139 0.7806107997894287 -0.1701730489730835 0.08247304707765579 
-0.09940668195486069 0.1382310092449188 0.9853986501693726 -0.2894992232322693 
0 0 0 1 

0.7238790392875671 0.6891478896141052 -0.03277331218123436 -0.01235748175531626 
-0.6841517090797424 0.7108761072158813 -0.1630686074495316 0.08328761160373688 
-0.08908067643642426 0.1404638439416885 0.9860702157020569 -0.2905575931072235 
0 0 0 1 

0.6485869884490967 0.7604149580001831 -0.03322288393974304 -0.007064877077937126 
-0.7566990852355957 0.6394795179367065 -0.1359122395515442 0.07761090248823166 
-0.0821043848991394 0.1132906302809715 0.9901636838912964 -0.2935801148414612 
0 0 0 1 

0.5516347289085388 0.8328518867492676 -0.0453503355383873 0.002561285626143217 
-0.8322982788085938 0.5460807681083679 -0.0952635183930397 0.06667548418045044 
-0.05457547307014465 0.09029566496610641 0.9944185018539429 -0.2983039617538452 
0 0 0 1 

0.4569966793060303 0.8583899140357971 -0.2330674678087234 0.06546928733587265 
-0.8885292410850525 0.4285264909267426 -0.1639526337385178 0.08645804971456528 
-0.04085979983210564 0.2820130884647369 0.9585400819778442 -0.274708479642868 
0 0 0 1 

0.5331189632415771 0.8184394240379333 -0.2143384665250778 0.05420858412981033 
-0.8420256972312927 0.4886290431022644 -0.2285480797290802 0.1041674241423607 
-0.08232080191373825 0.3023218214511871 0.9496445655822754 -0.2683417201042175 
0 0 0 1 

0.5945075154304504 0.7767456769943237 -0.207910418510437 0.04770782962441444 
-0.7950593233108521 0.5291976928710938 -0.2963617146015167 0.1209337785840034 
-0.1201720833778381 0.3414903581142426 0.932171106338501 -0.2594418823719025 
0 0 0 1 

0.675736665725708 0.7141903638839722 -0.1825152486562729 0.03420811146497726 
-0.7200795412063599 0.5865759253501892 -0.3706937730312347 0.1361304819583893 
-0.1576869934797287 0.3819168508052826 0.9106449484825134 -0.2491479218006134 
0 0 0 1 

0.7376209497451782 0.657168447971344 -0.1550639867782593 0.02258619852364063 
-0.6483767628669739 0.625268280506134 -0.4343351423740387 0.147792711853981 
-0.1884748339653015 0.4209145605564117 0.8873038291931152 -0.237160935997963 
0 0 0 1 

