0.9404500722885132 0.3369800448417664 0.04469804838299751 -0.05200357735157013 
-0.3281012773513794 0.9342266917228699 -0.1398919820785522 0.07378547638654709 
-0.08889899402856827 0.116895891726017 0.9891573786735535 -0.2914479970932007 
0 0 0 1 

0.8929172158241272 0.4495494067668915 0.02457724511623383 -0.04047667607665062 
-0.4398504197597504 0.8826981782913208 -0.1654551327228546 0.08828102052211761 
-0.09607458114624023 0.1369274258613586 0.9859110116958618 -0.2899585366249084 
0 0 0 1 

0.8305679559707642 0.5568846464157104 0.006012945901602507 -0.02893568575382233 
-0.5455262660980225 0.8157051801681519 -0.1924209743738174 0.1031306535005569 
-0.1120611429214478 0.1565384417772293 0.9812940359115601 -0.2885560393333435 
0 0 0 1 

0.7485520243644714 0.6620961427688599 -0.0360315665602684 -0.008846024982631207 
-0.6573920249938965 0.7339392900466919 -0.1707877516746521 0.100681871175766 
-0.08663299679756165 0.151530385017395 0.9846488237380981 -0.2923696935176849 
0 0 0 1 

0.669013500213623 0.7100759148597717 0.2195748537778854 -0.07339216768741608 
-0.7230400443077087 0.6901972889900208 -0.0290043018758297 0.05250481516122818 
-0.1721451133489609 -0.1393570899963379 0.9751644730567932 -0.2715901732444763 
0 0 0 1 

0.6536518931388855 0.7321634292602539 0.1915089040994644 -0.06347392499446869 
-0.7317459583282471 0.6760129332542419 -0.08691425621509552 0.06764456629753113 
-0.1930979490280151 -0.08332426100969315 0.9776350259780884 -0.2685052752494812 
0 0 0 1 

0.5726836919784546 0.7936445474624634 0.2053329795598984 -0.05996700748801231 
-0.759764552116394 0.6079115271568298 -0.2306540012359619 0.1088144853711128 
-0.3078815937042236 -0.02391297928988934 0.9511241316795349 -0.254114031791687 
0 0 0 1 

0.5620480179786682 0.7992205023765564 0.2129516750574112 -0.06067061051726341 
-0.6782277226448059 0.5927067399024963 -0.434402734041214 0.1653486341238022 
-0.4734014868736267 0.09972540289163589 0.8751832842826843 -0.2208894640207291 
0 0 0 1 

0.5717654228210449 0.789854109287262 0.2218437045812607 -0.06504750996828079 
-0.6123362183570862 0.5908133983612061 -0.5253415703773499 0.189400389790535 
-0.5460115075111389 0.1645291447639465 0.8214630484580994 -0.1997206509113312 
0 0 0 1 

0.9531998634338379 0.06581079214811325 0.2950916290283203 -0.1611189395189285 
-0.03049901500344276 0.991973876953125 -0.122710645198822 0.04898009076714516 
-0.300798773765564 0.1079675480723381 0.9475561380386353 -0.2815159857273102 
0 0 0 1 

