1 0 0 -0.04542167112231255 
0 1 0 0.0009935460984706879 
0 0 1 -0.2875000238418579 
0 0 0 1 

0.9966936111450195 0.08014930784702301 0.01333946362137794 -0.04797592386603355 
-0.07988536357879639 0.99661785364151 -0.01926613040268421 0.01038161665201187 
-0.01483851298689842 0.01813680119812489 0.9997254014015198 -0.2934853434562683 
0 0 0 1 

0.9857049584388733 0.1652795225381851 0.03268499672412872 -0.05209110677242279 
-0.1635546535253525 0.9852744340896606 -0.04984044656157494 0.02487088739871979 
-0.04044133424758911 0.04378216341137886 0.9982222318649292 -0.2925595343112946 
0 0 0 1 

0.9665676951408386 0.2541027367115021 0.03433069959282875 -0.05031858384609222 
-0.2510354816913605 0.9650552868843079 -0.07516294717788696 0.03768635541200638 
-0.05223014578223228 0.06403185427188873 0.9965801239013672 -0.2922306656837463 
0 0 0 1 

0.9378800988197327 0.3433237075805664 0.05009600520133972 -0.05225703120231628 
-0.3355875015258789 0.9342979192733765 -0.1202842071652412 0.05615093559026718 
-0.08810105174779892 0.0960005447268486 0.9914746880531311 -0.2893164157867432 
0 0 0 1 

0.8923044800758362 0.4505700469017029 0.02791263163089752 -0.04230349510908127 
-0.4431195855140686 0.8860068321228027 -0.1365163773298264 0.06546387821435928 
-0.08624102175235748 0.1094455271959305 0.9902445077896118 -0.290245920419693 
0 0 0 1 

0.8467418551445007 0.531842052936554 0.01311765983700752 -0.03495730832219124 
-0.5227676033973694 0.8363631367683411 -0.1649564355611801 0.07786015421152115 
-0.09870193898677826 0.1328180283308029 0.9862136244773865 -0.2889804244041443 
0 0 0 1 

0.7927843928337097 0.6094468832015991 -0.00820486806333065 -0.02515426278114319 
-0.601664125919342 0.7803665995597839 -0.17037633061409 0.08316926658153534 
-0.09743253886699677 0.1400082558393478 0.9853448867797852 -0.2897223830223083 
0 0 0 1 

0.8800419569015503 0.4741526246070862 -0.02655747905373573 -0.02832603082060814 
-0.4645332098007202 0.8478730916976929 -0.2555777132511139 0.09792838245630264 
-0.0986655205488205 0.2372559309005737 0.9664236307144165 -0.2528816163539886 
0 0 0 1 

0.8885705471038818 0.4580396115779877 -0.02533493936061859 -0.02453326247632504 
-0.4587317705154419 0.8868682980537415 -0.05504618212580681 0.04087232053279877 
-0.002744750818237662 0.06053422391414642 0.9981625080108643 -0.2660698890686035 
0 0 0 1 

