1.000000000000000000e+00 0.000000000000000000e+00 0.000000000000000000e+00 -3.619798645377159119e-02
0.000000000000000000e+00 1.000000000000000000e+00 0.000000000000000000e+00 -1.327119767665863037e-03
0.000000000000000000e+00 0.000000000000000000e+00 1.000000000000000000e+00 -2.960163652896881104e-01
0.000000000000000000e+00 0.000000000000000000e+00 0.000000000000000000e+00 1.000000000000000000e+00
9.902978539466857910e-01 1.375353783369064331e-01 1.984726265072822571e-02 -4.553575068712234497e-02
-1.362138986587524414e-01 9.890297651290893555e-01 -5.714618042111396790e-02 2.831430360674858093e-02
-2.748921141028404236e-02 5.388826504349708557e-02 9.981687068939208984e-01 -2.964944541454315186e-01
0.000000000000000000e+00 0.000000000000000000e+00 0.000000000000000000e+00 1.000000000000000000e+00
9.701572656631469727e-01 2.370069026947021484e-01 5.121341347694396973e-02 -5.512387678027153015e-02
-2.310808151960372925e-01 9.676928520202636719e-01 -1.008558869361877441e-01 5.314841121435165405e-02
-7.346244156360626221e-02 8.601159602403640747e-02 9.935817122459411621e-01 -2.937267422676086426e-01
0.000000000000000000e+00 0.000000000000000000e+00 0.000000000000000000e+00 1.000000000000000000e+00
9.384824037551879883e-01 3.404095470905303955e-01 5.806487053632736206e-02 -5.597770959138870239e-02
-3.298409283161163330e-01 9.334232211112976074e-01 -1.411579549312591553e-01 7.432746142148971558e-02
-1.022507250308990479e-01 1.133220493793487549e-01 9.882827997207641602e-01 -2.903680801391601562e-01
0.000000000000000000e+00 0.000000000000000000e+00 0.000000000000000000e+00 1.000000000000000000e+00
8.938846588134765625e-01 4.474994838237762451e-01 2.672826685011386871e-02 -4.106172919273376465e-02
-4.375350773334503174e-01 8.838595747947692871e-01 -1.653930395841598511e-01 8.819192647933959961e-02
-9.763740003108978271e-02 1.361477673053741455e-01 9.858656525611877441e-01 -2.900429964065551758e-01
0.000000000000000000e+00 0.000000000000000000e+00 0.000000000000000000e+00 1.000000000000000000e+00
8.254292607307434082e-01 5.643561482429504395e-01 1.300701219588518143e-02 -3.068488650023937225e-02
-5.521237254142761230e-01 8.119089007377624512e-01 -1.896390914916992188e-01 1.024524793028831482e-01
-1.175845712423324585e-01 1.493521481752395630e-01 9.817677736282348633e-01 -2.885428965091705322e-01
0.000000000000000000e+00 0.000000000000000000e+00 0.000000000000000000e+00 1.000000000000000000e+00
7.497615814208984375e-01 6.609907746315002441e-01 -3.080163523554801941e-02 -1.032522693276405334e-02
-6.552214622497558594e-01 7.351053357124328613e-01 -1.740826219320297241e-01 1.014921069145202637e-01
-9.242454916238784790e-02 1.507022380828857422e-01 9.842489361763000488e-01 -2.919687926769256592e-01
0.000000000000000000e+00 0.000000000000000000e+00 0.000000000000000000e+00 1.000000000000000000e+00
6.923767924308776855e-01 7.190582752227783203e-01 -5.974721536040306091e-02 2.258928259834647179e-03
-7.204653620719909668e-01 6.844646334648132324e-01 -1.115244701504707336e-01 8.161518722772598267e-02
-3.929776325821876526e-02 1.202627867460250854e-01 9.919642210006713867e-01 -2.997710108757019043e-01
0.000000000000000000e+00 0.000000000000000000e+00 0.000000000000000000e+00 1.000000000000000000e+00
5.801756381988525391e-01 8.141228556632995605e-01 -2.449504286050796509e-02 -5.079852882772684097e-03
-8.132010698318481445e-01 5.773022174835205078e-01 -7.366469502449035645e-02 6.940560787916183472e-02
-4.583105072379112244e-02 6.265783309936523438e-02 9.969821572303771973e-01 -3.068619668483734131e-01
0.000000000000000000e+00 0.000000000000000000e+00 0.000000000000000000e+00 1.000000000000000000e+00
5.031408667564392090e-01 8.634290695190429688e-01 -3.659619390964508057e-02 3.121504560112953186e-03
-8.638076186180114746e-01 5.011759996414184570e-01 -5.156148970127105713e-02 6.279851496219635010e-02
-2.617859840393066406e-02 5.755475163459777832e-02 9.979997277259826660e-01 -3.108369112014770508e-01
0.000000000000000000e+00 0.000000000000000000e+00 0.000000000000000000e+00 1.000000000000000000e+00
4.001532196998596191e-01 9.154026508331298828e-01 -4.376828670501708984e-02 1.062047947198152542e-02
-9.163768291473388672e-01 4.002604186534881592e-01 -6.668528076261281967e-03 4.617693647742271423e-02
1.141432393342256546e-02 4.277668893337249756e-02 9.990194439888000488e-01 -3.150598704814910889e-01
0.000000000000000000e+00 0.000000000000000000e+00 0.000000000000000000e+00 1.000000000000000000e+00
2.905847728252410889e-01 9.555885195732116699e-01 -4.909608140587806702e-02 1.717466302216053009e-02
-9.557946920394897461e-01 2.922903001308441162e-01 3.197486698627471924e-02 3.180940076708793640e-02
4.490514844655990601e-02 3.763439133763313293e-02 9.982823729515075684e-01 -3.177504837512969971e-01
0.000000000000000000e+00 0.000000000000000000e+00 0.000000000000000000e+00 1.000000000000000000e+00
1.773030161857604980e-01 9.820694327354431152e-01 -6.406047195196151733e-02 2.694329433143138885e-02
-9.819083213806152344e-01 1.809199750423431396e-01 5.589538440108299255e-02 2.283037453889846802e-02
6.648293882608413696e-02 5.299108475446701050e-02 9.963793158531188965e-01 -3.184258043766021729e-01
0.000000000000000000e+00 0.000000000000000000e+00 0.000000000000000000e+00 1.000000000000000000e+00
1.021372899413108826e-01 9.912928342819213867e-01 -8.310657739639282227e-02 3.616450726985931396e-02
-9.903538823127746582e-01 1.091919764876365662e-01 8.530110120773315430e-02 1.145122107118368149e-02
9.363295137882232666e-02 7.359248399734497070e-02 9.928830862045288086e-01 -3.175260722637176514e-01
0.000000000000000000e+00 0.000000000000000000e+00 0.000000000000000000e+00 1.000000000000000000e+00
1.327484939247369766e-02 9.962147474288940430e-01 -8.590961247682571411e-02 4.211608693003654480e-02
-9.974105954170227051e-01 1.926627568900585175e-02 6.929256767034530640e-02 1.876197755336761475e-02
7.068545371294021606e-02 8.476725965738296509e-02 9.938905835151672363e-01 -3.116593956947326660e-01
0.000000000000000000e+00 0.000000000000000000e+00 0.000000000000000000e+00 1.000000000000000000e+00
-8.605609089136123657e-02 9.093343019485473633e-01 -4.070686101913452148e-01 1.546774804592132568e-01
-9.909462332725524902e-01 -3.586159646511077881e-02 1.293810606002807617e-01 -9.310044115409255028e-04
1.030524000525474548e-01 4.145172834396362305e-01 9.041875600814819336e-01 -2.768741250038146973e-01
0.000000000000000000e+00 0.000000000000000000e+00 0.000000000000000000e+00 1.000000000000000000e+00
-1.604452282190322876e-01 8.820960521697998047e-01 -4.429033696651458740e-01 1.678632497787475586e-01
-9.775115847587585449e-01 -7.978767156600952148e-02 1.952042877674102783e-01 -2.420083060860633850e-02
1.368507295846939087e-01 4.642625749111175537e-01 8.750609159469604492e-01 -2.684983015060424805e-01
0.000000000000000000e+00 0.000000000000000000e+00 0.000000000000000000e+00 1.000000000000000000e+00
-1.352665424346923828e-01 8.230436444282531738e-01 -5.516359210014343262e-01 1.963115632534027100e-01
-9.907315373420715332e-01 -1.193403005599975586e-01 6.488070636987686157e-02 1.787093468010425568e-02
-1.243272796273231506e-02 5.552990436553955078e-01 8.315575718879699707e-01 -2.471753507852554321e-01
0.000000000000000000e+00 0.000000000000000000e+00 0.000000000000000000e+00 1.000000000000000000e+00
-8.622609823942184448e-02 7.490436434745788574e-01 -6.568856239318847656e-01 2.193921059370040894e-01
-9.947078824043273926e-01 -2.775647677481174469e-02 9.891982376575469971e-02 1.010484155267477036e-02
5.586243048310279846e-02 6.619388461112976074e-01 7.474731802940368652e-01 -2.300651967525482178e-01
0.000000000000000000e+00 0.000000000000000000e+00 0.000000000000000000e+00 1.000000000000000000e+00
-6.230128929018974304e-02 5.738549828529357910e-01 -8.165837526321411133e-01 2.662807106971740723e-01
-9.853950738906860352e-01 9.454807639122009277e-02 1.416244059801101685e-01 -3.236107295379042625e-03
1.584784090518951416e-01 8.134811520576477051e-01 5.595834851264953613e-01 -1.710070967674255371e-01
0.000000000000000000e+00 0.000000000000000000e+00 0.000000000000000000e+00 1.000000000000000000e+00
-1.222035586833953857e-01 4.198845922946929932e-01 -8.993129134178161621e-01 2.905576825141906738e-01
-9.852739572525024414e-01 5.785712972283363342e-02 1.608977019786834717e-01 -1.296969130635261536e-02
1.195899620652198792e-01 9.057312607765197754e-01 4.066308140754699707e-01 -1.182306632399559021e-01
0.000000000000000000e+00 0.000000000000000000e+00 0.000000000000000000e+00 1.000000000000000000e+00
-1.921099871397018433e-01 3.159606456756591797e-01 -9.291192293167114258e-01 3.013996481895446777e-01
-9.754010438919067383e-01 4.281315580010414124e-02 2.162387669086456299e-01 -3.112963028252124786e-02
1.081014499068260193e-01 9.478055238723754883e-01 2.999636828899383545e-01 -8.404163271188735962e-02
0.000000000000000000e+00 0.000000000000000000e+00 0.000000000000000000e+00 1.000000000000000000e+00
-2.747361361980438232e-01 2.020999193191528320e-01 -9.400403499603271484e-01 3.083736300468444824e-01
-9.592275023460388184e-01 9.852637536823749542e-03 2.824620008468627930e-01 -5.312108621001243591e-02
6.634737551212310791e-02 9.793154597282409668e-01 1.911531239748001099e-01 -4.767776280641555786e-02
0.000000000000000000e+00 0.000000000000000000e+00 0.000000000000000000e+00 1.000000000000000000e+00
-1.621863543987274170e-01 -8.598181009292602539e-01 -4.841579794883728027e-01 1.571385115385055542e-01
-9.474318623542785645e-01 -1.451080664992332458e-03 3.199540972709655762e-01 -6.298392266035079956e-02
-2.758046984672546387e-01 5.105993747711181641e-01 -8.143830895423889160e-01 2.858508229255676270e-01
0.000000000000000000e+00 0.000000000000000000e+00 0.000000000000000000e+00 1.000000000000000000e+00
-1.598374843597412109e-01 -8.939964771270751953e-01 -4.185968637466430664e-01 1.351642608642578125e-01
-9.675825238227844238e-01 5.788854137063026428e-02 2.458301335573196411e-01 -3.957593813538551331e-02
-1.955392658710479736e-01 4.443201124668121338e-01 -8.742679357528686523e-01 2.999628484249114990e-01
0.000000000000000000e+00 0.000000000000000000e+00 0.000000000000000000e+00 1.000000000000000000e+00
-8.353564143180847168e-02 -8.764360547065734863e-01 -4.742158949375152588e-01 1.459497511386871338e-01
-9.890946745872497559e-01 1.499943248927593231e-02 1.465139240026473999e-01 -5.668096244335174561e-03
-1.212972253561019897e-01 4.812836945056915283e-01 -8.681313991546630859e-01 2.933185994625091553e-01
0.000000000000000000e+00 0.000000000000000000e+00 0.000000000000000000e+00 1.000000000000000000e+00
2.329176850616931915e-02 -8.727509379386901855e-01 -4.876088798046112061e-01 1.411923915147781372e-01
-9.990376830101013184e-01 -3.844715654850006104e-02 2.109424211084842682e-02 3.711964562535285950e-02
-3.715728595852851868e-02 4.866486489772796631e-01 -8.728071451187133789e-01 2.891401052474975586e-01
0.000000000000000000e+00 0.000000000000000000e+00 0.000000000000000000e+00 1.000000000000000000e+00
5.108183249831199646e-02 -8.739740848541259766e-01 -4.832802414894104004e-01 1.369075626134872437e-01
-9.948378205299377441e-01 -2.046051202341914177e-03 -1.014524176716804504e-01 7.614193111658096313e-02
8.767801523208618164e-02 4.859679043292999268e-01 -8.695670366287231445e-01 2.797604799270629883e-01
0.000000000000000000e+00 0.000000000000000000e+00 0.000000000000000000e+00 1.000000000000000000e+00
2.425552345812320709e-02 -8.861189484596252441e-01 -4.628230631351470947e-01 1.345554590225219727e-01
-9.835624098777770996e-01 6.170884892344474792e-02 -1.696939468383789062e-01 8.971508592367172241e-02
1.789295226335525513e-01 4.593309462070465088e-01 -8.700570464134216309e-01 2.763753533363342285e-01
0.000000000000000000e+00 0.000000000000000000e+00 0.000000000000000000e+00 1.000000000000000000e+00
-4.221246391534805298e-02 -8.851625323295593262e-01 -4.633616805076599121e-01 1.418736875057220459e-01
-9.953891634941101074e-01 7.723803818225860596e-02 -5.686738342046737671e-02 5.359240993857383728e-02
8.612609654664993286e-02 4.588254988193511963e-01 -8.843427896499633789e-01 2.963800132274627686e-01
0.000000000000000000e+00 0.000000000000000000e+00 0.000000000000000000e+00 1.000000000000000000e+00
-4.489749670028686523e-02 -8.863774538040161133e-01 -4.607813656330108643e-01 1.390221565961837769e-01
-9.921050667762756348e-01 -1.450251135975122452e-02 1.245659589767456055e-01 -4.208136349916458130e-03
-1.170950010418891907e-01 4.627363085746765137e-01 -8.787286281585693359e-01 3.124552667140960693e-01
0.000000000000000000e+00 0.000000000000000000e+00 0.000000000000000000e+00 1.000000000000000000e+00
1.323017477989196777e-01 -8.734766840934753418e-01 -4.685450494289398193e-01 1.275539398193359375e-01
-9.855320453643798828e-01 -1.664402037858963013e-01 3.200138732790946960e-02 2.490755729377269745e-02
-1.059372872114181519e-01 4.575323164463043213e-01 -8.828601241111755371e-01 3.151559531688690186e-01
0.000000000000000000e+00 0.000000000000000000e+00 0.000000000000000000e+00 1.000000000000000000e+00
2.347866594791412354e-01 -8.219475746154785156e-01 -5.189189314842224121e-01 1.293112784624099731e-01
-9.443916082382202148e-01 -3.193165957927703857e-01 7.849232107400894165e-02 9.084961377084255219e-03
-2.302162200212478638e-01 4.716340303421020508e-01 -8.512120842933654785e-01 3.099135458469390869e-01
0.000000000000000000e+00 0.000000000000000000e+00 0.000000000000000000e+00 1.000000000000000000e+00
3.467626869678497314e-01 -7.606081366539001465e-01 -5.488454699516296387e-01 1.237735673785209656e-01
-9.095539450645446777e-01 -4.155833423137664795e-01 1.269918633624911308e-03 3.181018307805061340e-02
-2.290569394826889038e-01 4.987638294696807861e-01 -8.359226584434509277e-01 2.985822558403015137e-01
0.000000000000000000e+00 0.000000000000000000e+00 0.000000000000000000e+00 1.000000000000000000e+00
3.631035685539245605e-01 -7.554250359535217285e-01 -5.454258322715759277e-01 1.207910478115081787e-01
-9.211950302124023438e-01 -3.789117634296417236e-01 -8.846260607242584229e-02 6.196109950542449951e-02
-1.398413479328155518e-01 5.345643162727355957e-01 -8.334774374961853027e-01 2.894155681133270264e-01
0.000000000000000000e+00 0.000000000000000000e+00 0.000000000000000000e+00 1.000000000000000000e+00
3.745626807212829590e-01 -7.388110756874084473e-01 -5.602329373359680176e-01 1.252140700817108154e-01
-9.247618317604064941e-01 -3.414748013019561768e-01 -1.679582744836807251e-01 8.698395639657974243e-02
-6.721611320972442627e-02 5.809930562973022461e-01 -8.111280798912048340e-01 2.765129804611206055e-01
0.000000000000000000e+00 0.000000000000000000e+00 0.000000000000000000e+00 1.000000000000000000e+00
5.405105352401733398e-01 -6.337563395500183105e-01 -5.533537864685058594e-01 1.177290678024291992e-01
-8.390440344810485840e-01 -4.545686841011047363e-01 -2.989515066146850586e-01 1.220046579837799072e-01
-6.207505241036415100e-02 6.258749365806579590e-01 -7.774488925933837891e-01 2.645525038242340088e-01
0.000000000000000000e+00 0.000000000000000000e+00 0.000000000000000000e+00 1.000000000000000000e+00
6.909688115119934082e-01 -4.479723870754241943e-01 -5.673471689224243164e-01 1.168623343110084534e-01
-7.077493071556091309e-01 -5.789890885353088379e-01 -4.047987759113311768e-01 1.528972685337066650e-01
-1.471493095159530640e-01 6.812428832054138184e-01 -7.171158194541931152e-01 2.599993050098419189e-01
0.000000000000000000e+00 0.000000000000000000e+00 0.000000000000000000e+00 1.000000000000000000e+00
7.171713113784790039e-01 -3.693631589412689209e-01 -5.909619331359863281e-01 1.202866286039352417e-01
-6.476578712463378906e-01 -6.663407683372497559e-01 -3.694986402988433838e-01 1.402090638875961304e-01
-2.573029398918151855e-01 6.477350592613220215e-01 -7.171008586883544922e-01 2.704434096813201904e-01
0.000000000000000000e+00 0.000000000000000000e+00 0.000000000000000000e+00 1.000000000000000000e+00
7.705876827239990234e-01 -2.765911519527435303e-01 -5.741884112358093262e-01 1.196058541536331177e-01
-5.609983205795288086e-01 -7.219022512435913086e-01 -4.051395058631896973e-01 1.429649293422698975e-01
-3.024500012397766113e-01 6.343141794204711914e-01 -7.114558219909667969e-01 2.683643400669097900e-01
0.000000000000000000e+00 0.000000000000000000e+00 0.000000000000000000e+00 1.000000000000000000e+00
7.636776566505432129e-01 -2.741982042789459229e-01 -5.844752788543701172e-01 1.293989419937133789e-01
-5.380659699440002441e-01 -7.706196904182434082e-01 -3.415135443210601807e-01 1.158228069543838501e-01
-3.567654788494110107e-01 5.752922296524047852e-01 -7.360413074493408203e-01 2.799794077873229980e-01
0.000000000000000000e+00 0.000000000000000000e+00 0.000000000000000000e+00 1.000000000000000000e+00
7.468639612197875977e-01 -3.751662671566009521e-01 -5.490395426750183105e-01 1.267491132020950317e-01
-5.868198275566101074e-01 -7.602054476737976074e-01 -2.787987589836120605e-01 9.248026460409164429e-02
-3.127871453762054443e-01 5.304127931594848633e-01 -7.879254817962646484e-01 2.937791645526885986e-01
0.000000000000000000e+00 0.000000000000000000e+00 0.000000000000000000e+00 1.000000000000000000e+00
8.254085183143615723e-01 -2.172887772321701050e-01 -5.210434794425964355e-01 1.215478926897048950e-01
-5.222205519676208496e-01 -6.444794535636901855e-01 -5.585085153579711914e-01 1.806996911764144897e-01
-2.144442200660705566e-01 7.330974936485290527e-01 -6.454313397407531738e-01 2.543754875659942627e-01
0.000000000000000000e+00 0.000000000000000000e+00 0.000000000000000000e+00 1.000000000000000000e+00
8.576862812042236328e-01 -1.444173902273178101e-01 -4.934746623039245605e-01 1.117584258317947388e-01
-4.772699177265167236e-01 -5.806456208229064941e-01 -6.595929265022277832e-01 2.141510546207427979e-01
-1.912775784730911255e-01 8.012447953224182129e-01 -5.669381022453308105e-01 2.278726994991302490e-01
0.000000000000000000e+00 0.000000000000000000e+00 0.000000000000000000e+00 1.000000000000000000e+00
8.795475959777832031e-01 -5.183284729719161987e-02 -4.729794263839721680e-01 1.053464934229850769e-01
-4.294504821300506592e-01 -5.144686102867126465e-01 -7.422221899032592773e-01 2.416915148496627808e-01
-2.048617601394653320e-01 8.559408783912658691e-01 -4.747596681118011475e-01 1.985033899545669556e-01
0.000000000000000000e+00 0.000000000000000000e+00 0.000000000000000000e+00 1.000000000000000000e+00
8.868476152420043945e-01 1.095991581678390503e-01 -4.488756656646728516e-01 9.932166337966918945e-02
-3.685128688812255859e-01 -4.182828664779663086e-01 -8.302034139633178711e-01 2.710016071796417236e-01
-2.787466347217559814e-01 9.016800522804260254e-01 -3.305644690990447998e-01 1.550650000572204590e-01
0.000000000000000000e+00 0.000000000000000000e+00 0.000000000000000000e+00 1.000000000000000000e+00
9.313496351242065430e-01 -3.367426097393035889e-01 -1.385353654623031616e-01 -9.813982062041759491e-03
-2.493591159582138062e-01 -3.125908970832824707e-01 -9.165733456611633301e-01 2.933193743228912354e-01
2.653444707393646240e-01 8.881952762603759766e-01 -3.751013576984405518e-01 1.362816691398620605e-01
0.000000000000000000e+00 0.000000000000000000e+00 0.000000000000000000e+00 1.000000000000000000e+00
9.567929506301879883e-01 -2.606846988201141357e-01 -1.288038492202758789e-01 -1.357295457273721695e-02
-1.912556737661361694e-01 -2.305591404438018799e-01 -9.540776610374450684e-01 3.028754293918609619e-01
2.190164923667907715e-01 9.374895095825195312e-01 -2.704547941684722900e-01 1.036711633205413818e-01
0.000000000000000000e+00 0.000000000000000000e+00 0.000000000000000000e+00 1.000000000000000000e+00
9.835290908813476562e-01 -1.211460903286933899e-01 -1.341427862644195557e-01 -1.024662796407938004e-02
-1.482382267713546753e-01 -1.159873530268669128e-01 -9.821264147758483887e-01 3.095859885215759277e-01
1.034218817949295044e-01 9.858350157737731934e-01 -1.320353597402572632e-01 6.323564797639846802e-02
0.000000000000000000e+00 0.000000000000000000e+00 0.000000000000000000e+00 1.000000000000000000e+00
9.676399230957031250e-01 -2.164388000965118408e-01 -1.297202557325363159e-01 -1.330131012946367264e-02
-1.454939693212509155e-01 -5.854189023375511169e-02 -9.876257181167602539e-01 3.100229799747467041e-01
2.061665654182434082e-01 9.745398163795471191e-01 -8.813805133104324341e-02 4.156953096389770508e-02
0.000000000000000000e+00 0.000000000000000000e+00 0.000000000000000000e+00 1.000000000000000000e+00
9.857161641120910645e-01 1.327650696039199829e-01 -1.036213487386703491e-01 -1.847223192453384399e-02
-1.087327897548675537e-01 3.182682022452354431e-02 -9.935612678527832031e-01 3.090564608573913574e-01
-1.286123842000961304e-01 9.906361103057861328e-01 4.580808430910110474e-02 1.261106785386800766e-02
0.000000000000000000e+00 0.000000000000000000e+00 0.000000000000000000e+00 1.000000000000000000e+00
9.895012378692626953e-01 1.318969577550888062e-01 -5.908337607979774475e-02 -3.292202949523925781e-02
-7.598653435707092285e-02 1.270411014556884766e-01 -9.889827370643615723e-01 3.035312891006469727e-01
-1.229377985000610352e-01 9.830887913703918457e-01 1.357295662164688110e-01 -2.012151107192039490e-02
0.000000000000000000e+00 0.000000000000000000e+00 0.000000000000000000e+00 1.000000000000000000e+00
9.806546568870544434e-01 1.135566011071205139e-01 -1.594407260417938232e-01 -4.532404709607362747e-03
-1.764369904994964600e-01 1.600301563739776611e-01 -9.712159633636474609e-01 3.055978119373321533e-01
-8.477264642715454102e-02 9.805586934089660645e-01 1.769698858261108398e-01 -2.474797144532203674e-02
0.000000000000000000e+00 0.000000000000000000e+00 0.000000000000000000e+00 1.000000000000000000e+00
6.096295714378356934e-01 7.917397618293762207e-01 -3.872534632682800293e-02 -8.254403248429298401e-03
-2.762260437011718750e-01 1.663916558027267456e-01 -9.465796947479248047e-01 3.077750802040100098e-01
-7.430014610290527344e-01 5.877599716186523438e-01 3.201363980770111084e-01 -3.523127734661102295e-02
0.000000000000000000e+00 0.000000000000000000e+00 0.000000000000000000e+00 1.000000000000000000e+00
5.395345091819763184e-01 8.419621586799621582e-01 -1.686330884695053101e-03 -7.750006858259439468e-03
-3.713845014572143555e-01 2.361871451139450073e-01 -8.979358077049255371e-01 3.072335124015808105e-01
-7.556294798851013184e-01 4.850936830043792725e-01 4.401229918003082275e-01 -7.076080143451690674e-02
0.000000000000000000e+00 0.000000000000000000e+00 0.000000000000000000e+00 1.000000000000000000e+00
5.606355071067810059e-01 8.257970809936523438e-01 6.121192872524261475e-02 -2.996909804642200470e-02
-3.987447023391723633e-01 3.340162336826324463e-01 -8.540695309638977051e-01 2.996965348720550537e-01
-7.257338762283325195e-01 4.544142484664916992e-01 5.165435671806335449e-01 -9.813494235277175903e-02
0.000000000000000000e+00 0.000000000000000000e+00 0.000000000000000000e+00 1.000000000000000000e+00
8.823879361152648926e-01 1.976177990436553955e-01 -4.270118176937103271e-01 8.753538876771926880e-02
-4.700452387332916260e-01 4.111044406890869141e-01 -7.810571789741516113e-01 2.868307828903198242e-01
2.119554951786994934e-02 8.899099826812744141e-01 4.556427597999572754e-01 -1.135546565055847168e-01
0.000000000000000000e+00 0.000000000000000000e+00 0.000000000000000000e+00 1.000000000000000000e+00
8.705468177795410156e-01 1.721021533012390137e-01 -4.610096216201782227e-01 9.874967485666275024e-02
-4.806313812732696533e-01 4.983402192592620850e-01 -7.215606570243835449e-01 2.692574262619018555e-01
1.055574193596839905e-01 8.497279882431030273e-01 5.165461897850036621e-01 -1.406651735305786133e-01
0.000000000000000000e+00 0.000000000000000000e+00 0.000000000000000000e+00 1.000000000000000000e+00
8.618541359901428223e-01 1.607382297515869141e-01 -4.810094535350799561e-01 1.053853034973144531e-01
-4.775654375553131104e-01 5.764494538307189941e-01 -6.630516052246093750e-01 2.530397772789001465e-01
1.706998795270919800e-01 8.011671304702758789e-01 5.735780596733093262e-01 -1.604467928409576416e-01
0.000000000000000000e+00 0.000000000000000000e+00 0.000000000000000000e+00 1.000000000000000000e+00
8.456398844718933105e-01 1.139148995280265808e-01 -5.214560031890869141e-01 1.154987812042236328e-01
-4.499093294143676758e-01 6.777776479721069336e-01 -5.815486907958984375e-01 2.286277115345001221e-01
2.871841788291931152e-01 7.263888120651245117e-01 6.244069933891296387e-01 -1.834795475006103516e-01
0.000000000000000000e+00 0.000000000000000000e+00 0.000000000000000000e+00 1.000000000000000000e+00
8.288074731826782227e-01 1.264205873012542725e-01 -5.450650453567504883e-01 1.248886436223983765e-01
-4.482914805412292480e-01 7.329686880111694336e-01 -5.116540193557739258e-01 2.080906182527542114e-01
3.348322212696075439e-01 6.684110760688781738e-01 6.641640067100524902e-01 -2.004343867301940918e-01
0.000000000000000000e+00 0.000000000000000000e+00 0.000000000000000000e+00 1.000000000000000000e+00
8.027375340461730957e-01 1.721958965063095093e-01 -5.709288716316223145e-01 1.365679949522018433e-01
-4.585446119308471680e-01 7.903234362602233887e-01 -4.063557386398315430e-01 1.772930771112442017e-01
3.812458813190460205e-01 5.879941582679748535e-01 7.133825421333312988e-01 -2.207529991865158081e-01
0.000000000000000000e+00 0.000000000000000000e+00 0.000000000000000000e+00 1.000000000000000000e+00
7.742655277252197266e-01 2.203579843044281006e-01 -5.932583808898925781e-01 1.472163647413253784e-01
-4.629717469215393066e-01 8.363424539566040039e-01 -2.935792803764343262e-01 1.432285755872726440e-01
4.314742088317871094e-01 5.019698739051818848e-01 7.495700120925903320e-01 -2.382616400718688965e-01
0.000000000000000000e+00 0.000000000000000000e+00 0.000000000000000000e+00 1.000000000000000000e+00
7.442267537117004395e-01 2.849476933479309082e-01 -6.040951013565063477e-01 1.548212915658950806e-01
-4.695110023021697998e-01 8.664610981941223145e-01 -1.697191298007965088e-01 1.056476458907127380e-01
4.750640690326690674e-01 4.099391400814056396e-01 7.786298394203186035e-01 -2.529808282852172852e-01
0.000000000000000000e+00 0.000000000000000000e+00 0.000000000000000000e+00 1.000000000000000000e+00
7.315613031387329102e-01 3.528064787387847900e-01 -5.833910703659057617e-01 1.505734473466873169e-01
-4.351985156536102295e-01 9.003335237503051758e-01 -1.252416288480162621e-03 5.213386192917823792e-02
5.248044729232788086e-01 2.548070549964904785e-01 8.121901750564575195e-01 -2.693634629249572754e-01
0.000000000000000000e+00 0.000000000000000000e+00 0.000000000000000000e+00 1.000000000000000000e+00
7.169971466064453125e-01 3.966967761516571045e-01 -5.731902122497558594e-01 1.470600813627243042e-01
-3.719820678234100342e-01 9.131536483764648438e-01 1.666723191738128662e-01 -6.121668964624404907e-03
5.895294547080993652e-01 9.371314197778701782e-02 8.022926449775695801e-01 -2.678439617156982422e-01
0.000000000000000000e+00 0.000000000000000000e+00 0.000000000000000000e+00 1.000000000000000000e+00
7.173211574554443359e-01 4.153175652027130127e-01 -5.594305396080017090e-01 1.413401514291763306e-01
-2.939926087856292725e-01 9.083632826805114746e-01 2.973953783512115479e-01 -5.289602279663085938e-02
6.316795349121093750e-01 -4.885946586728096008e-02 7.736880779266357422e-01 -2.612136006355285645e-01
0.000000000000000000e+00 0.000000000000000000e+00 0.000000000000000000e+00 1.000000000000000000e+00
7.107438445091247559e-01 4.467248618602752686e-01 -5.433967113494873047e-01 1.360263824462890625e-01
-2.402150183916091919e-01 8.801679015159606934e-01 4.093905091285705566e-01 -9.150058031082153320e-02
6.611656546592712402e-01 -1.604397445917129517e-01 7.328841090202331543e-01 -2.497975826263427734e-01
0.000000000000000000e+00 0.000000000000000000e+00 0.000000000000000000e+00 1.000000000000000000e+00
7.033528685569763184e-01 4.742907881736755371e-01 -5.294737815856933594e-01 1.318258345127105713e-01
-1.650720089673995972e-01 8.334738016128540039e-01 5.273255705833435059e-01 -1.350194066762924194e-01
6.914084553718566895e-01 -2.834944427013397217e-01 6.645185947418212891e-01 -2.302681654691696167e-01
0.000000000000000000e+00 0.000000000000000000e+00 0.000000000000000000e+00 1.000000000000000000e+00
6.878434419631958008e-01 5.054060816764831543e-01 -5.209950208663940430e-01 1.299857646226882935e-01
-9.917411953210830688e-02 7.764694690704345703e-01 6.223016381263732910e-01 -1.708034873008728027e-01
7.190517187118530273e-01 -3.763768672943115234e-01 5.842129588127136230e-01 -2.066622376441955566e-01
0.000000000000000000e+00 0.000000000000000000e+00 0.000000000000000000e+00 1.000000000000000000e+00
7.035828232765197754e-01 5.113060474395751953e-01 -4.934946596622467041e-01 1.205370873212814331e-01
-3.907659277319908142e-02 7.212510108947753906e-01 6.915706396102905273e-01 -1.983123123645782471e-01
7.095377445220947266e-01 -4.672930836677551270e-01 5.274400115013122559e-01 -1.892685443162918091e-01
0.000000000000000000e+00 0.000000000000000000e+00 0.000000000000000000e+00 1.000000000000000000e+00
7.171106338500976562e-01 5.104428529739379883e-01 -4.745530486106872559e-01 1.138302609324455261e-01
1.842564344406127930e-02 6.667680144309997559e-01 7.450376749038696289e-01 -2.206453084945678711e-01
6.967159509658813477e-01 -5.430182218551635742e-01 4.687411785125732422e-01 -1.719088405370712280e-01
0.000000000000000000e+00 0.000000000000000000e+00 0.000000000000000000e+00 1.000000000000000000e+00
7.556516528129577637e-01 4.990352094173431396e-01 -4.242100715637207031e-01 9.538254886865615845e-02
5.547320097684860229e-02 5.965853333473205566e-01 8.006301522254943848e-01 -2.426338493824005127e-01
6.526204347610473633e-01 -6.285298466682434082e-01 4.231277406215667725e-01 -1.579651981592178345e-01
0.000000000000000000e+00 0.000000000000000000e+00 0.000000000000000000e+00 1.000000000000000000e+00
7.996227741241455078e-01 4.744709134101867676e-01 -3.680770099163055420e-01 7.454956322908401489e-02
9.956783056259155273e-02 4.997066557407379150e-01 8.604530096054077148e-01 -2.689428329467773438e-01
5.921905040740966797e-01 -7.246865034103393555e-01 3.523348271846771240e-01 -1.361428201198577881e-01
0.000000000000000000e+00 0.000000000000000000e+00 0.000000000000000000e+00 1.000000000000000000e+00
8.543177843093872070e-01 4.271187186241149902e-01 -2.961601018905639648e-01 4.930845275521278381e-02
1.219270601868629456e-01 3.892170488834381104e-01 9.130409359931945801e-01 -2.907787263393402100e-01
5.052474141120910645e-01 -8.161369562149047852e-01 2.804377079010009766e-01 -1.098485961556434631e-01
0.000000000000000000e+00 0.000000000000000000e+00 0.000000000000000000e+00 1.000000000000000000e+00
9.005251526832580566e-01 3.485104739665985107e-01 -2.599901854991912842e-01 3.444290161132812500e-02
1.562566757202148438e-01 2.986055314540863037e-01 9.414979815483093262e-01 -3.038044869899749756e-01
4.057564735412597656e-01 -8.884679675102233887e-01 2.144447267055511475e-01 -8.556822687387466431e-02
0.000000000000000000e+00 0.000000000000000000e+00 0.000000000000000000e+00 1.000000000000000000e+00
8.968786597251892090e-01 3.587781488895416260e-01 -2.586252987384796143e-01 3.344060108065605164e-02
1.933584362268447876e-01 2.078360915184020996e-01 9.588622450828552246e-01 -3.137986660003662109e-01
3.977704048156738281e-01 -9.099904298782348633e-01 1.170309111475944519e-01 -5.524348095059394836e-02
0.000000000000000000e+00 0.000000000000000000e+00 0.000000000000000000e+00 1.000000000000000000e+00
9.622977972030639648e-01 1.523494571447372437e-01 -2.253278642892837524e-01 1.732947491109371185e-02
2.095370590686798096e-01 1.129832789301872253e-01 9.712511301040649414e-01 -3.209941983222961426e-01
1.734278649091720581e-01 -9.818474054336547852e-01 7.680077105760574341e-02 -2.996366843581199646e-02
0.000000000000000000e+00 0.000000000000000000e+00 0.000000000000000000e+00 1.000000000000000000e+00
9.810056686401367188e-01 -7.718998193740844727e-02 -1.779590845108032227e-01 -2.888957504183053970e-03
1.803635507822036743e-01 2.532972022891044617e-02 9.832738041877746582e-01 -3.271135687828063965e-01
-7.139123231172561646e-02 -9.966945648193359375e-01 3.877085819840431213e-02 -7.077245973050594330e-04
0.000000000000000000e+00 0.000000000000000000e+00 0.000000000000000000e+00 1.000000000000000000e+00
9.802585244178771973e-01 1.085880324244499207e-01 -1.652324646711349487e-01 -6.725867744535207748e-03
1.733681410551071167e-01 -7.026488333940505981e-02 9.823473095893859863e-01 -3.310042023658752441e-01
9.506110101938247681e-02 -9.916001558303833008e-01 -8.770348876714706421e-02 3.550263494253158569e-02
0.000000000000000000e+00 0.000000000000000000e+00 0.000000000000000000e+00 1.000000000000000000e+00
9.671609401702880859e-01 1.971936523914337158e-01 -1.603573113679885864e-01 -6.716601084917783737e-03
1.849464774131774902e-01 -1.132486835122108459e-01 9.762012362480163574e-01 -3.318194746971130371e-01
1.743404865264892578e-01 -9.738013148307800293e-01 -1.460000425577163696e-01 5.473106727004051208e-02
0.000000000000000000e+00 0.000000000000000000e+00 0.000000000000000000e+00 1.000000000000000000e+00
9.167067408561706543e-01 3.820843994617462158e-01 -1.168773844838142395e-01 -1.713454350829124451e-02
1.523899734020233154e-01 -6.392959505319595337e-02 9.862504601478576660e-01 -3.332491815090179443e-01
3.693590462207794189e-01 -9.219135046005249023e-01 -1.168305128812789917e-01 3.099019266664981842e-02
0.000000000000000000e+00 0.000000000000000000e+00 0.000000000000000000e+00 1.000000000000000000e+00
9.564237594604492188e-01 2.836758196353912354e-01 -6.914909183979034424e-02 -3.243118152022361755e-02
5.445450916886329651e-02 5.937318503856658936e-02 9.967495799064636230e-01 -3.290140032768249512e-01
2.868593335151672363e-01 -9.570805430412292480e-01 4.133849591016769409e-02 -1.639630831778049469e-02
0.000000000000000000e+00 0.000000000000000000e+00 0.000000000000000000e+00 1.000000000000000000e+00
8.346648812294006348e-01 5.459295511245727539e-01 -7.276903092861175537e-02 -2.285071089863777161e-02
-3.834008052945137024e-02 1.893991678953170776e-01 9.811512231826782227e-01 -3.162574172019958496e-01
5.494219660758972168e-01 -8.161424994468688965e-01 1.790159195661544800e-01 -7.583288848400115967e-02
0.000000000000000000e+00 0.000000000000000000e+00 0.000000000000000000e+00 1.000000000000000000e+00
7.965618968009948730e-01 6.020320057868957520e-01 -5.519586056470870972e-02 -2.233304269611835480e-02
-1.685688793659210205e-01 3.088569045066833496e-01 9.360512495040893555e-01 -2.907716333866119385e-01
5.805804729461669922e-01 -7.363184690475463867e-01 3.475075066089630127e-01 -1.324571520090103149e-01
0.000000000000000000e+00 0.000000000000000000e+00 0.000000000000000000e+00 1.000000000000000000e+00
9.443973898887634277e-01 2.180651873350143433e-01 2.460919618606567383e-01 -1.214811876416206360e-01
-3.159383237361907959e-01 3.944818973541259766e-01 8.628829717636108398e-01 -2.553831040859222412e-01
9.108593314886093140e-02 -8.926542401313781738e-01 4.414428174495697021e-01 -1.396794766187667847e-01
0.000000000000000000e+00 0.000000000000000000e+00 0.000000000000000000e+00 1.000000000000000000e+00
8.793078064918518066e-01 4.110226333141326904e-01 2.405788302421569824e-01 -1.117902994155883789e-01
-4.387234449386596680e-01 5.025175809860229492e-01 7.449817657470703125e-01 -2.074016630649566650e-01
1.853093355894088745e-01 -7.606158256530761719e-01 6.221929192543029785e-01 -1.993776410818099976e-01
0.000000000000000000e+00 0.000000000000000000e+00 0.000000000000000000e+00 1.000000000000000000e+00
8.036751747131347656e-01 5.355057120323181152e-01 2.594986557960510254e-01 -1.080506816506385803e-01
-5.740200281143188477e-01 5.826955437660217285e-01 5.752974152565002441e-01 -1.450560539960861206e-01
1.568662524223327637e-01 -6.113093495368957520e-01 7.756888866424560547e-01 -2.424968630075454712e-01
0.000000000000000000e+00 0.000000000000000000e+00 0.000000000000000000e+00 1.000000000000000000e+00
7.305757403373718262e-01 6.229510903358459473e-01 2.796262502670288086e-01 -1.043283864855766296e-01
-6.768897175788879395e-01 6.068027615547180176e-01 4.166659712791442871e-01 -8.958053588867187500e-02
8.988475054502487183e-02 -4.936821460723876953e-01 8.649844527244567871e-01 -2.641438841819763184e-01
0.000000000000000000e+00 0.000000000000000000e+00 0.000000000000000000e+00 1.000000000000000000e+00
6.569564938545227051e-01 7.249828577041625977e-01 2.069011181592941284e-01 -7.060896605253219604e-02
-7.506399750709533691e-01 6.033749580383300781e-01 2.692160010337829590e-01 -4.018029198050498962e-02
7.033805549144744873e-02 -3.321715891361236572e-01 9.405926465988159180e-01 -2.821595668792724609e-01
0.000000000000000000e+00 0.000000000000000000e+00 0.000000000000000000e+00 1.000000000000000000e+00
6.826831698417663574e-01 7.118338346481323242e-01 1.650325208902359009e-01 -5.830017104744911194e-02
-7.300987839698791504e-01 6.552176475524902344e-01 1.940237581729888916e-01 -1.385745778679847717e-02
2.998047135770320892e-02 -2.529470622539520264e-01 9.670155644416809082e-01 -2.849120497703552246e-01
0.000000000000000000e+00 0.000000000000000000e+00 0.000000000000000000e+00 1.000000000000000000e+00
6.923517584800720215e-01 7.042340636253356934e-01 1.571728736162185669e-01 -5.666913837194442749e-02
-7.175918817520141602e-01 6.948230862617492676e-01 4.777000471949577332e-02 3.162700310349464417e-02
-7.556604593992233276e-02 -1.458596736192703247e-01 9.864151477813720703e-01 -2.809266746044158936e-01
0.000000000000000000e+00 0.000000000000000000e+00 0.000000000000000000e+00 1.000000000000000000e+00
6.793586611747741699e-01 7.190147638320922852e-01 1.465909630060195923e-01 -5.239297449588775635e-02
-7.234666347503662109e-01 6.897022128105163574e-01 -3.010367788374423981e-02 5.269206315279006958e-02
-1.227491870522499084e-01 -8.560259640216827393e-02 9.887390732765197754e-01 -2.761527597904205322e-01
0.000000000000000000e+00 0.000000000000000000e+00 0.000000000000000000e+00 1.000000000000000000e+00
6.635372638702392578e-01 7.384777665138244629e-01 1.198689043521881104e-01 -4.268239811062812805e-02
-7.340217828750610352e-01 6.735855340957641602e-01 -8.656885474920272827e-02 6.747945398092269897e-02
-1.446710675954818726e-01 -3.054478578269481659e-02 9.890081882476806641e-01 -2.722577452659606934e-01
0.000000000000000000e+00 0.000000000000000000e+00 0.000000000000000000e+00 1.000000000000000000e+00
5.855065584182739258e-01 7.978993058204650879e-01 1.433136314153671265e-01 -4.251770675182342529e-02
-7.628477215766906738e-01 6.021097302436828613e-01 -2.356413304805755615e-01 1.099446862936019897e-01
-2.743086516857147217e-01 2.864304557442665100e-02 9.612149596214294434e-01 -2.569998800754547119e-01
0.000000000000000000e+00 0.000000000000000000e+00 0.000000000000000000e+00 1.000000000000000000e+00
5.932954549789428711e-01 7.912181615829467773e-01 1.482386440038681030e-01 -4.366813972592353821e-02
-6.786220073699951172e-01 5.906586050987243652e-01 -4.365715682506561279e-01 1.656876206398010254e-01
-4.329817295074462891e-01 1.584177613258361816e-01 8.873729109764099121e-01 -2.245399951934814453e-01
0.000000000000000000e+00 0.000000000000000000e+00 0.000000000000000000e+00 1.000000000000000000e+00
6.106626987457275391e-01 7.757121324539184570e-01 1.592544764280319214e-01 -4.909882321953773499e-02
-6.122316718101501465e-01 5.900258421897888184e-01 -5.263476967811584473e-01 1.894206404685974121e-01
-5.022583603858947754e-01 2.239201664924621582e-01 8.352221250534057617e-01 -2.037351131439208984e-01
0.000000000000000000e+00 0.000000000000000000e+00 0.000000000000000000e+00 1.000000000000000000e+00
6.798205971717834473e-01 7.182187438011169434e-01 1.483427137136459351e-01 -5.160638317465782166e-02
-5.014384984970092773e-01 6.028150916099548340e-01 -6.206229329109191895e-01 2.124610990285873413e-01
-5.351662635803222656e-01 3.475274443626403809e-01 7.699487805366516113e-01 -1.777537912130355835e-01
0.000000000000000000e+00 0.000000000000000000e+00 0.000000000000000000e+00 1.000000000000000000e+00
7.542232275009155273e-01 6.437873244285583496e-01 1.291713118553161621e-01 -5.219224467873573303e-02
-3.950992226600646973e-01 6.020855307579040527e-01 -6.938222646713256836e-01 2.282879203557968140e-01
