1.000000000000000000e+00 0.000000000000000000e+00 0.000000000000000000e+00 -4.096739311332171507e-01
0.000000000000000000e+00 -1.000000000000000000e+00 0.000000000000000000e+00 -1.964994255000929863e-02
0.000000000000000000e+00 0.000000000000000000e+00 -1.000000000000000000e+00 -2.664639050480994698e+00
0.000000000000000000e+00 0.000000000000000000e+00 0.000000000000000000e+00 1.000000000000000000e+00
9.965204596519470215e-01 -8.098949491977691650e-02 -1.968692801892757416e-02 -4.495096272834280260e-01
-8.068648725748062134e-02 -9.966154694557189941e-01 1.572823151946067810e-02 5.801349840716637368e-02
-2.089411206543445587e-02 -1.408504787832498550e-02 -9.996824264526367188e-01 -2.717710817514873423e+00
0.000000000000000000e+00 0.000000000000000000e+00 0.000000000000000000e+00 1.000000000000000000e+00
9.855867624282836914e-01 -1.644725799560546875e-01 -3.959048539400100708e-02 -4.883655009872107655e-01
-1.623933762311935425e-01 -9.854065179824829102e-01 5.101168155670166016e-02 2.032466259272540654e-01
-4.740277677774429321e-02 -4.384716227650642395e-02 -9.979130029678344727e-01 -2.707954742627439959e+00
0.000000000000000000e+00 0.000000000000000000e+00 0.000000000000000000e+00 1.000000000000000000e+00
9.660154581069946289e-01 -2.551616430282592773e-01 -4.131009057164192200e-02 -4.739952546649733311e-01
-2.516352534294128418e-01 -9.648777246475219727e-01 7.543516159057617188e-02 3.219684456861344746e-01
-5.910738557577133179e-02 -6.247641518712043762e-02 -9.962946176528930664e-01 -2.705177423537553860e+00
0.000000000000000000e+00 0.000000000000000000e+00 0.000000000000000000e+00 1.000000000000000000e+00
9.369246959686279297e-01 -3.452801108360290527e-01 -5.434776097536087036e-02 -4.820104692470706942e-01
-3.371301293373107910e-01 -9.337424635887145996e-01 1.202834993600845337e-01 4.908195470643436642e-01
-9.227834641933441162e-02 -9.437428414821624756e-02 -9.912508130073547363e-01 -2.679692589043304984e+00
0.000000000000000000e+00 0.000000000000000000e+00 0.000000000000000000e+00 1.000000000000000000e+00
8.922352790832519531e-01 -4.500306546688079834e-01 -3.726000338792800903e-02 -4.050006399155010595e-01
-4.415631294250488281e-01 -8.867619633674621582e-01 1.366565823554992676e-01 5.788369005036551052e-01
-9.454046189785003662e-02 -1.054771766066551208e-01 -9.899175167083740234e-01 -2.686900097699820300e+00
0.000000000000000000e+00 0.000000000000000000e+00 0.000000000000000000e+00 1.000000000000000000e+00
8.451814055442810059e-01 -5.340666174888610840e-01 -2.099626697599887848e-02 -3.319201376256694092e-01
-5.238831043243408203e-01 -8.355695605278015137e-01 1.654377728700637817e-01 6.958390209763457568e-01
-1.058987155556678772e-01 -1.288253217935562134e-01 -9.859967827796936035e-01 -2.675633536503590371e+00
0.000000000000000000e+00 0.000000000000000000e+00 0.000000000000000000e+00 1.000000000000000000e+00
7.914653420448303223e-01 -6.111986637115478516e-01 -4.342448897659778595e-03 -2.567685286118964183e-01
-6.017805933952331543e-01 -7.804732322692871094e-01 1.694751232862472534e-01 7.391816860925910504e-01
-1.069721430540084839e-01 -1.315204501152038574e-01 -9.855246543884277344e-01 -2.682322833013974783e+00
0.000000000000000000e+00 0.000000000000000000e+00 0.000000000000000000e+00 1.000000000000000000e+00
7.202054858207702637e-01 -6.934983730316162109e-01 1.908896304666996002e-02 -1.390188740113423582e-01
-6.866801977157592773e-01 -7.086633443832397461e-01 1.620680838823318481e-01 7.484652856087716799e-01
-9.886629134416580200e-02 -1.298303008079528809e-01 -9.865947365760803223e-01 -2.693153411680446307e+00
0.000000000000000000e+00 0.000000000000000000e+00 0.000000000000000000e+00 1.000000000000000000e+00
6.462292671203613281e-01 -7.628114819526672363e-01 2.249895222485065460e-02 -8.493974243847134120e-02
-7.578311562538146973e-01 -6.379796266555786133e-01 1.366520524024963379e-01 6.981625595154801189e-01
-8.988589048385620117e-02 -1.053589433431625366e-01 -9.903632402420043945e-01 -2.721277320171284320e+00
0.000000000000000000e+00 0.000000000000000000e+00 0.000000000000000000e+00 1.000000000000000000e+00
5.498684048652648926e-01 -8.345136046409606934e-01 3.509371355175971985e-02 7.855913722174631686e-03
-8.330680727958679199e-01 -5.449113249778747559e-01 9.523007273674011230e-02 5.941567885196673560e-01
-6.034784764051437378e-02 -8.159945905208587646e-02 -9.948363900184631348e-01 -2.767492848017244267e+00
0.000000000000000000e+00 0.000000000000000000e+00 0.000000000000000000e+00 1.000000000000000000e+00
4.602002799510955811e-01 -8.844791650772094727e-01 7.688611000776290894e-02 1.874412743200007114e-01
-8.877284526824951172e-01 -4.572172760963439941e-01 5.376531556248664856e-02 4.800355674799692829e-01
-1.240065786987543106e-02 -9.299680590629577637e-02 -9.955892562866210938e-01 -2.805170844552615339e+00
0.000000000000000000e+00 0.000000000000000000e+00 0.000000000000000000e+00 1.000000000000000000e+00
3.542934060096740723e-01 -9.297070503234863281e-01 1.006007865071296692e-01 2.975436090902299213e-01
-9.349086880683898926e-01 -3.545154929161071777e-01 1.626478321850299835e-02 3.486273631970333575e-01
2.054305374622344971e-02 -9.981506317853927612e-02 -9.947937726974487305e-01 -2.818887737941412119e+00
0.000000000000000000e+00 0.000000000000000000e+00 0.000000000000000000e+00 1.000000000000000000e+00
2.702706754207611084e-01 -9.556645154953002930e-01 1.168695911765098572e-01 3.710892743860998988e-01
-9.598129987716674805e-01 -2.769738435745239258e-01 -4.521965608000755310e-02 1.316357538301984320e-01
7.558463513851165771e-02 -9.995140880346298218e-02 -9.921172857284545898e-01 -2.814083100088148548e+00
0.000000000000000000e+00 0.000000000000000000e+00 0.000000000000000000e+00 1.000000000000000000e+00
1.963437050580978394e-01 -9.694700837135314941e-01 1.468899399042129517e-01 4.714035081787945614e-01
-9.712616801261901855e-01 -2.128467559814453125e-01 -1.065250933170318604e-01 -7.627346247532376666e-02
1.345379501581192017e-01 -1.217530220746994019e-01 -9.834003448486328125e-01 -2.799459197474468031e+00
0.000000000000000000e+00 0.000000000000000000e+00 0.000000000000000000e+00 1.000000000000000000e+00
1.180778220295906067e-01 -9.817607402801513672e-01 1.490095406770706177e-01 4.935308287941488348e-01
-9.703199863433837891e-01 -1.459652632474899292e-01 -1.928040832281112671e-01 -3.496661596204176936e-01
2.110376358032226562e-01 -1.218210384249687195e-01 -9.698570966720581055e-01 -2.773584462148225960e+00
0.000000000000000000e+00 0.000000000000000000e+00 0.000000000000000000e+00 1.000000000000000000e+00
1.897618770599365234e-01 -9.721950888633728027e-01 1.372125148773193359e-01 4.507429031578171208e-01
-9.537107944488525391e-01 -2.157249152660369873e-01 -2.095194458961486816e-01 -3.931655576967280630e-01
2.332938611507415771e-01 -9.110224992036819458e-02 -9.681293368339538574e-01 -2.750740909157045611e+00
0.000000000000000000e+00 0.000000000000000000e+00 0.000000000000000000e+00 1.000000000000000000e+00
2.734533250331878662e-01 -9.514318108558654785e-01 1.414247006177902222e-01 4.412715966062768502e-01
-9.368459582328796387e-01 -2.967691719532012939e-01 -1.850592195987701416e-01 -3.022207057423271781e-01
2.180418074131011963e-01 -8.188813924789428711e-02 -9.724979400634765625e-01 -2.740470209321511419e+00
0.000000000000000000e+00 0.000000000000000000e+00 0.000000000000000000e+00 1.000000000000000000e+00
3.281137049198150635e-01 -9.340140819549560547e-01 1.412750780582427979e-01 4.248419191998388245e-01
-9.330407977104187012e-01 -3.438035845756530762e-01 -1.059908196330070496e-01 -4.697373557455803567e-02
1.475678682327270508e-01 -9.703844785690307617e-02 -9.842798113822937012e-01 -2.740511876006317404e+00
0.000000000000000000e+00 0.000000000000000000e+00 0.000000000000000000e+00 1.000000000000000000e+00
3.643216788768768311e-01 -9.156711697578430176e-01 1.697528064250946045e-01 4.948463301946601223e-01
-9.282490015029907227e-01 -3.717324435710906982e-01 -1.298068184405565262e-02 2.546319442412947054e-01
7.498863339424133301e-02 -1.528437286615371704e-01 -9.854012727737426758e-01 -2.705483163185004702e+00
0.000000000000000000e+00 0.000000000000000000e+00 0.000000000000000000e+00 1.000000000000000000e+00
3.999578654766082764e-01 -8.976423144340515137e-01 1.851271092891693115e-01 5.207650086967655634e-01
-9.164228439331054688e-01 -3.948041200637817383e-01 6.556441634893417358e-02 5.005335068672170928e-01
1.423550955951213837e-02 -1.958777606487274170e-01 -9.805250763893127441e-01 -2.656678506176560983e+00
0.000000000000000000e+00 0.000000000000000000e+00 0.000000000000000000e+00 1.000000000000000000e+00
4.607357978820800781e-01 -8.612812757492065430e-01 2.142808884382247925e-01 5.690196516688542649e-01
-8.864337801933288574e-01 -4.345150887966156006e-01 1.594737172126770020e-01 7.679876451011071747e-01
-4.424352943897247314e-02 -2.634211182594299316e-01 -9.636659026145935059e-01 -2.562535253271253755e+00
0.000000000000000000e+00 0.000000000000000000e+00 0.000000000000000000e+00 1.000000000000000000e+00
5.336472988128662109e-01 -8.217352628707885742e-01 1.999298036098480225e-01 4.752156304233711714e-01
-8.407853841781616211e-01 -4.900352954864501953e-01 2.300992161035537720e-01 9.453426478083772899e-01
-9.110787510871887207e-02 -2.908897697925567627e-01 -9.524086713790893555e-01 -2.494111934300293765e+00
0.000000000000000000e+00 0.000000000000000000e+00 0.000000000000000000e+00 1.000000000000000000e+00
5.941442847251892090e-01 -7.802551984786987305e-01 1.954355537891387939e-01 4.236807018068916020e-01
-7.949666380882263184e-01 -5.325883626937866211e-01 2.904787063598632812e-01 1.082807318580061740e+00
-1.225608959794044495e-01 -3.279507160186767578e-01 -9.367109537124633789e-01 -2.419778568606314462e+00
0.000000000000000000e+00 0.000000000000000000e+00 0.000000000000000000e+00 1.000000000000000000e+00
6.739267706871032715e-01 -7.198758721351623535e-01 1.661375910043716431e-01 2.881368721032235292e-01
-7.194240689277648926e-01 -5.882836580276489258e-01 3.692578375339508057e-01 1.235423899921561652e+00
-1.680838912725448608e-01 -3.683757483959197998e-01 -9.143555164337158203e-01 -2.317044666265748454e+00
0.000000000000000000e+00 0.000000000000000000e+00 0.000000000000000000e+00 1.000000000000000000e+00
7.329229116439819336e-01 -6.627512574195861816e-01 1.535733789205551147e-01 2.215407131440434163e-01
-6.513592004776000977e-01 -6.184642910957336426e-01 4.395821988582611084e-01 1.363869458047175298e+00
-1.963540613651275635e-01 -4.222113490104675293e-01 -8.849760293960571289e-01 -2.189573170374342403e+00
0.000000000000000000e+00 0.000000000000000000e+00 0.000000000000000000e+00 1.000000000000000000e+00
7.577323913574218750e-01 -6.386637091636657715e-01 1.339782029390335083e-01 1.483065735770616733e-01
-5.996419787406921387e-01 -6.004537940025329590e-01 5.290411710739135742e-01 1.554132923879596673e+00
-2.574318349361419678e-01 -4.812104701995849609e-01 -8.379529714584350586e-01 -1.992090744445541795e+00
0.000000000000000000e+00 0.000000000000000000e+00 0.000000000000000000e+00 1.000000000000000000e+00
7.873871326446533203e-01 -6.006864309310913086e-01 1.385537087917327881e-01 1.355834720116352865e-01
-5.366098284721374512e-01 -5.572322607040405273e-01 6.336732506752014160e-01 1.804824672089797799e+00
-3.034324645996093750e-01 -5.732953548431396484e-01 -7.610919475555419922e-01 -1.729802550789537374e+00
0.000000000000000000e+00 0.000000000000000000e+00 0.000000000000000000e+00 1.000000000000000000e+00
8.121494054794311523e-01 -5.674612522125244141e-01 1.356516331434249878e-01 1.102552756236572090e-01
-4.796926677227020264e-01 -5.170741677284240723e-01 7.088927030563354492e-01 1.985333718664645808e+00
-3.321271836757659912e-01 -6.407977342605590820e-01 -6.921483874320983887e-01 -1.504745471575900995e+00
0.000000000000000000e+00 0.000000000000000000e+00 0.000000000000000000e+00 1.000000000000000000e+00
8.400434851646423340e-01 -5.278677344322204590e-01 1.252306103706359863e-01 5.818474212444633281e-02
-4.095613658428192139e-01 -4.656617045402526855e-01 7.844861745834350586e-01 2.168011640355887781e+00
-3.557898104190826416e-01 -7.102921009063720703e-01 -6.073702573776245117e-01 -1.279791731259349863e+00
0.000000000000000000e+00 0.000000000000000000e+00 0.000000000000000000e+00 1.000000000000000000e+00
8.703889250755310059e-01 -4.832545816898345947e-01 9.427653253078460693e-02 -4.561793827522567929e-02
-3.296329975128173828e-01 -4.297010600566864014e-01 8.406538963317871094e-01 2.293637522861034395e+00
-3.657391965389251709e-01 -7.627726197242736816e-01 -5.333037376403808594e-01 -1.099600772571324159e+00
0.000000000000000000e+00 0.000000000000000000e+00 0.000000000000000000e+00 1.000000000000000000e+00
8.864873051643371582e-01 -4.577315449714660645e-01 6.798546016216278076e-02 -1.164230187687247259e-01
-2.425595819950103760e-01 -3.345097303390502930e-01 9.106413722038269043e-01 2.422942490853061681e+00
-3.940875530242919922e-01 -8.237625956535339355e-01 -4.075658917427062988e-01 -7.815300629088360873e-01
0.000000000000000000e+00 0.000000000000000000e+00 0.000000000000000000e+00 1.000000000000000000e+00
8.661388754844665527e-01 -4.992823600769042969e-01 2.281266264617443085e-02 -2.641191975128550085e-01
-8.998633921146392822e-02 -1.108828559517860413e-01 9.897511005401611328e-01 2.589024792736704939e+00
-4.916358292102813721e-01 -8.593146800994873047e-01 -1.409684717655181885e-01 -9.002141473388682036e-02
0.000000000000000000e+00 0.000000000000000000e+00 0.000000000000000000e+00 1.000000000000000000e+00
8.780396580696105957e-01 -4.770633578300476074e-01 3.816885501146316528e-02 -2.147060792847745037e-01
-9.673354774713516235e-02 -9.879954159259796143e-02 9.903941750526428223e-01 2.592311493946802603e+00
-4.687098562717437744e-01 -8.732979297637939453e-01 -1.328979730606079102e-01 -1.340279788008568174e-01
0.000000000000000000e+00 0.000000000000000000e+00 0.000000000000000000e+00 1.000000000000000000e+00
8.289469480514526367e-01 -5.588747262954711914e-01 2.249694801867008209e-02 -2.145212868478139356e-01
-1.031307056546211243e-01 -1.131887435913085938e-01 9.882067441940307617e-01 2.588332739455290632e+00
-5.497371554374694824e-01 -8.214910030364990234e-01 -1.514645516872406006e-01 -1.556654485545023725e-01
0.000000000000000000e+00 0.000000000000000000e+00 0.000000000000000000e+00 1.000000000000000000e+00
8.031469583511352539e-01 -5.934128761291503906e-01 5.306943878531455994e-02 -1.298214276093788422e-01
-2.392601370811462402e-01 -2.396771907806396484e-01 9.409089088439941406e-01 2.517788834572181944e+00
-5.456277132034301758e-01 -7.683855295181274414e-01 -3.344759047031402588e-01 -5.445621065451813347e-01
0.000000000000000000e+00 0.000000000000000000e+00 0.000000000000000000e+00 1.000000000000000000e+00
8.273429870605468750e-01 -5.542573928833007812e-01 9.111597388982772827e-02 -4.259157192597987779e-02
-3.093803524971008301e-01 -3.142700493335723877e-01 8.975066542625427246e-01 2.432584327280165493e+00
-4.688146710395812988e-01 -7.707353234291076660e-01 -4.314854443073272705e-01 -8.058787903963456900e-01
0.000000000000000000e+00 0.000000000000000000e+00 0.000000000000000000e+00 1.000000000000000000e+00
8.129266500473022461e-01 -5.739411115646362305e-01 9.870114922523498535e-02 -2.021907365490971040e-02
-3.633764684200286865e-01 -3.674574494361877441e-01 8.561146855354309082e-01 2.351075461773628472e+00
-4.550909996032714844e-01 -7.318242788314819336e-01 -5.072726607322692871e-01 -1.005742219017332628e+00
0.000000000000000000e+00 0.000000000000000000e+00 0.000000000000000000e+00 1.000000000000000000e+00
8.348335623741149902e-01 -5.450710058212280273e-01 7.713996618986129761e-02 -1.268713538913047167e-01
-4.488758742809295654e-01 -5.928810238838195801e-01 6.685823798179626465e-01 1.977566745084658795e+00
-3.186901509761810303e-01 -5.927813053131103516e-01 -7.396262288093566895e-01 -1.669717949576829952e+00
0.000000000000000000e+00 0.000000000000000000e+00 0.000000000000000000e+00 1.000000000000000000e+00
8.352565765380859375e-01 -5.466653108596801758e-01 5.918677896261215210e-02 -1.843705942240736750e-01
-4.668673872947692871e-01 -6.482030153274536133e-01 6.015541553497314453e-01 1.799605574894953763e+00
-2.904839515686035156e-01 -5.300844311714172363e-01 -7.966362237930297852e-01 -1.836098264835245075e+00
0.000000000000000000e+00 0.000000000000000000e+00 0.000000000000000000e+00 1.000000000000000000e+00
8.562150597572326660e-01 -5.137298107147216797e-01 5.456473678350448608e-02 -2.001883956742891990e-01
-4.601039588451385498e-01 -7.102513909339904785e-01 5.327729582786560059e-01 1.606555821977571963e+00
-2.349468171596527100e-01 -4.812736809253692627e-01 -8.444972634315490723e-01 -1.980764718543512659e+00
0.000000000000000000e+00 0.000000000000000000e+00 0.000000000000000000e+00 1.000000000000000000e+00
8.722355365753173828e-01 -4.886401295661926270e-01 2.087500318884849548e-02 -2.784472942582439381e-01
-4.574667215347290039e-01 -8.000051975250244141e-01 3.882209956645965576e-01 1.218352700436723390e+00
-1.730003952980041504e-01 -3.481697440147399902e-01 -9.213297963142395020e-01 -2.199216248523841344e+00
0.000000000000000000e+00 0.000000000000000000e+00 0.000000000000000000e+00 1.000000000000000000e+00
8.762658238410949707e-01 -4.816862344741821289e-01 1.168787851929664612e-02 -2.836352449163498934e-01
-4.687116444110870361e-01 -8.465397357940673828e-01 2.523486614227294922e-01 8.698209537824963533e-01
-1.116586029529571533e-01 -2.266027629375457764e-01 -9.675657153129577637e-01 -2.342310543711033421e+00
0.000000000000000000e+00 0.000000000000000000e+00 0.000000000000000000e+00 1.000000000000000000e+00
8.798427581787109375e-01 -4.751454889774322510e-01 1.064979005604982376e-02 -2.509650630611051647e-01
-4.750604927539825439e-01 -8.785866498947143555e-01 4.900772869586944580e-02 3.374305799009382212e-01
-1.392905507236719131e-02 -4.817839711904525757e-02 -9.987413883209228516e-01 -2.463614680405370461e+00
0.000000000000000000e+00 0.000000000000000000e+00 0.000000000000000000e+00 1.000000000000000000e+00
8.882684111595153809e-01 -4.591480493545532227e-01 1.272008847445249557e-02 -2.313903960128852466e-01
-4.580778479576110840e-01 -8.875572085380554199e-01 -4.905925691127777100e-02 6.951213234515628281e-02
3.381527587771415710e-02 3.775101900100708008e-02 -9.987148046493530273e-01 -2.489405254547070623e+00
0.000000000000000000e+00 0.000000000000000000e+00 0.000000000000000000e+00 1.000000000000000000e+00
8.950975537300109863e-01 -4.458399415016174316e-01 5.176108330488204956e-03 -2.461641676211706042e-01
-4.398620426654815674e-01 -8.848763108253479004e-01 -1.533463746309280396e-01 -2.295692185399272889e-01
7.294823229312896729e-02 1.349831968545913696e-01 -9.881590008735656738e-01 -2.479492998576192431e+00
0.000000000000000000e+00 0.000000000000000000e+00 0.000000000000000000e+00 1.000000000000000000e+00
8.976893424987792969e-01 -4.405549764633178711e-01 8.101536892354488373e-03 -2.345906595473837564e-01
-4.237680733203887939e-01 -8.682293891906738281e-01 -2.580669522285461426e-01 -5.354900539836707773e-01
1.207266226410865784e-01 2.282306253910064697e-01 -9.660931229591369629e-01 -2.436089558047175085e+00
0.000000000000000000e+00 0.000000000000000000e+00 0.000000000000000000e+00 1.000000000000000000e+00
9.011713862419128418e-01 -4.332099854946136475e-01 1.481210719794034958e-02 -2.162245850507046319e-01
-3.976067304611206055e-01 -8.397511243820190430e-01 -3.697653412818908691e-01 -8.796584226345711688e-01
1.726246625185012817e-01 3.273324966430664062e-01 -9.290070533752441406e-01 -2.350142776701329428e+00
0.000000000000000000e+00 0.000000000000000000e+00 0.000000000000000000e+00 1.000000000000000000e+00
9.053736925125122070e-01 -4.244867265224456787e-01 1.042399369180202484e-02 -2.400635510028263642e-01
-3.730851709842681885e-01 -8.069835901260375977e-01 -4.578040540218353271e-01 -1.147931097372709708e+00
2.027439773082733154e-01 4.105950295925140381e-01 -8.889919519424438477e-01 -2.258372869200107047e+00
0.000000000000000000e+00 0.000000000000000000e+00 0.000000000000000000e+00 1.000000000000000000e+00
9.167928099632263184e-01 -3.992210030555725098e-01 1.063984259963035583e-02 -2.642594776511879573e-01
-3.276344537734985352e-01 -7.670975327491760254e-01 -5.515584945678710938e-01 -1.437469233907288313e+00
2.283557504415512085e-01 5.021790266036987305e-01 -8.340684771537780762e-01 -2.133063901843965660e+00
0.000000000000000000e+00 0.000000000000000000e+00 0.000000000000000000e+00 1.000000000000000000e+00
9.117279648780822754e-01 -4.103911817073822021e-01 -1.819286309182643890e-02 -3.534684016975437326e-01
-3.291562795639038086e-01 -7.033246159553527832e-01 -6.300716996192932129e-01 -1.657926835401126509e+00
2.457805871963500977e-01 5.804421901702880859e-01 -7.763236165046691895e-01 -2.001694777324179331e+00
0.000000000000000000e+00 0.000000000000000000e+00 0.000000000000000000e+00 1.000000000000000000e+00
9.168947935104370117e-01 -3.975638747215270996e-01 -3.530910983681678772e-02 -4.193845106917934440e-01
-2.968772351741790771e-01 -6.201951503753662109e-01 -7.261005043983459473e-01 -1.937561752944478188e+00
2.667728960514068604e-01 6.762402057647705078e-01 -6.866814494132995605e-01 -1.773876935319255610e+00
0.000000000000000000e+00 0.000000000000000000e+00 0.000000000000000000e+00 1.000000000000000000e+00
9.285771846771240234e-01 -3.673931658267974854e-01 -5.259303003549575806e-02 -4.810497210363194887e-01
-2.613078653812408447e-01 -5.465564727783203125e-01 -7.956090569496154785e-01 -2.152701057421036346e+00
2.635563611984252930e-01 7.525277137756347656e-01 -6.035229563713073730e-01 -1.538748383729886093e+00
0.000000000000000000e+00 0.000000000000000000e+00 0.000000000000000000e+00 1.000000000000000000e+00
9.361154437065124512e-01 -3.481721878051757812e-01 -4.963632673025131226e-02 -4.941687250919807872e-01
-2.208952158689498901e-01 -4.722580611705780029e-01 -8.533332943916320801e-01 -2.335905055500243410e+00
2.736657559871673584e-01 8.097829818725585938e-01 -5.189977884292602539e-01 -1.317614871345767158e+00
0.000000000000000000e+00 0.000000000000000000e+00 0.000000000000000000e+00 1.000000000000000000e+00
9.457285404205322266e-01 -3.215388357639312744e-01 -4.701048508286476135e-02 -5.137262667188379206e-01
-1.829372793436050415e-01 -4.072399735450744629e-01 -8.948127031326293945e-01 -2.467174152382663799e+00
2.685722708702087402e-01 8.548496365547180176e-01 -4.439599514007568359e-01 -1.124609337542558540e+00
0.000000000000000000e+00 0.000000000000000000e+00 0.000000000000000000e+00 1.000000000000000000e+00
9.574550986289978027e-01 -2.846519947052001953e-01 -4.746668413281440735e-02 -5.399491672076894844e-01
-1.499096155166625977e-01 -3.500457406044006348e-01 -9.246597290039062500e-01 -2.569945168425921356e+00
2.465906739234924316e-01 8.924357891082763672e-01 -3.778252303600311279e-01 -9.370797995007800196e-01
0.000000000000000000e+00 0.000000000000000000e+00 0.000000000000000000e+00 1.000000000000000000e+00
9.647846221923828125e-01 -2.557199001312255859e-01 -6.163145601749420166e-02 -6.022353077342339489e-01
-1.337369531393051147e-01 -2.751058936119079590e-01 -9.520666599273681641e-01 -2.692936116009128078e+00
2.265071570873260498e-01 9.267815351486206055e-01 -2.996170520782470703e-01 -6.784753132983480928e-01
0.000000000000000000e+00 0.000000000000000000e+00 0.000000000000000000e+00 1.000000000000000000e+00
9.778783917427062988e-01 -2.011343687772750854e-01 -5.743475630879402161e-02 -6.195010437276038395e-01
-9.610322117805480957e-02 -1.881268173456192017e-01 -9.774312973022460938e-01 -2.803151671717168281e+00
1.857899874448776245e-01 9.613289833068847656e-01 -2.032949328422546387e-01 -3.526240056018177804e-01
0.000000000000000000e+00 0.000000000000000000e+00 0.000000000000000000e+00 1.000000000000000000e+00
9.923658967018127441e-01 -1.232179477810859680e-01 -5.202955566346645355e-03 -4.998681618999118448e-01
-2.165267616510391235e-02 -1.325420737266540527e-01 -9.909407496452331543e-01 -2.863792702531937628e+00
1.214121654629707336e-01 9.834884405136108398e-01 -1.341982483863830566e-01 -1.655658909164850201e-01
0.000000000000000000e+00 0.000000000000000000e+00 0.000000000000000000e+00 1.000000000000000000e+00
9.955266118049621582e-01 -9.377200901508331299e-02 1.154513563960790634e-02 -4.622906069093714598e-01
-1.205622870475053787e-02 -2.472808808088302612e-01 -9.688685536384582520e-01 -2.818416027148298308e+00
9.370770305395126343e-02 9.643954038619995117e-01 -2.473052889108657837e-01 -4.932897332306417915e-01
0.000000000000000000e+00 0.000000000000000000e+00 0.000000000000000000e+00 1.000000000000000000e+00
9.984147548675537109e-01 -3.081021085381507874e-02 4.710690304636955261e-02 -3.494081419277231815e-01
3.645271807909011841e-02 -2.837667465209960938e-01 -9.581998586654663086e-01 -2.884134874743205401e+00
4.288972169160842896e-02 9.583984613418579102e-01 -2.821938395500183105e-01 -5.762687290681419716e-01
0.000000000000000000e+00 0.000000000000000000e+00 0.000000000000000000e+00 1.000000000000000000e+00
9.888522028923034668e-01 4.526599124073982239e-02 1.418534368276596069e-01 -2.027725352295324870e-02
1.488284319639205933e-01 -2.707969546318054199e-01 -9.510618448257446289e-01 -2.979943139410894393e+00
-4.637315869331359863e-03 9.615716338157653809e-01 -2.745150625705718994e-01 -5.311239453417465617e-01
0.000000000000000000e+00 0.000000000000000000e+00 0.000000000000000000e+00 1.000000000000000000e+00
9.673404693603515625e-01 6.324729323387145996e-02 2.454631030559539795e-01 3.029884583149214938e-01
2.534729838371276855e-01 -2.488245069980621338e-01 -9.347928166389465332e-01 -3.021539735886202838e+00
1.954079838469624519e-03 9.664814472198486328e-01 -2.567295730113983154e-01 -4.656377827267247915e-01
0.000000000000000000e+00 0.000000000000000000e+00 0.000000000000000000e+00 1.000000000000000000e+00
9.756687283515930176e-01 -1.202353835105895996e-02 2.189195007085800171e-01 1.947338754528542271e-01
2.045515924692153931e-01 -3.095125854015350342e-01 -9.286339282989501953e-01 -2.991178519578097106e+00
7.892379164695739746e-02 9.508193135261535645e-01 -2.995223701000213623e-01 -6.483977615728951926e-01
0.000000000000000000e+00 0.000000000000000000e+00 0.000000000000000000e+00 1.000000000000000000e+00
9.850618243217468262e-01 -1.269587427377700806e-01 1.163386926054954529e-01 -1.652865627371314927e-01
6.204820424318313599e-02 -3.685283362865447998e-01 -9.275435805320739746e-01 -2.921082738510385912e+00
1.606338173151016235e-01 9.209064245223999023e-01 -3.551455438137054443e-01 -9.177850201295953969e-01
0.000000000000000000e+00 0.000000000000000000e+00 0.000000000000000000e+00 1.000000000000000000e+00
9.780627489089965820e-01 -2.069686353206634521e-01 2.360150963068008423e-02 -4.658420709278890959e-01
-4.243055358529090881e-02 -3.088630437850952148e-01 -9.501595497131347656e-01 -2.932719884856910486e+00
2.039428502321243286e-01 9.283143877983093262e-01 -3.108690977096557617e-01 -8.224548185839360981e-01
0.000000000000000000e+00 0.000000000000000000e+00 0.000000000000000000e+00 1.000000000000000000e+00
9.167483448982238770e-01 -3.884627223014831543e-01 -9.310685098171234131e-02 -8.011582696102528267e-01
-2.293057739734649658e-01 -3.208968341350555420e-01 -9.189363718032836914e-01 -2.742142263258583679e+00
3.270948529243469238e-01 8.637834787368774414e-01 -3.832582831382751465e-01 -1.137674602612352537e+00
0.000000000000000000e+00 0.000000000000000000e+00 0.000000000000000000e+00 1.000000000000000000e+00
8.743689060211181641e-01 -4.769481420516967773e-01 -8.943767845630645752e-02 -7.748133354038153620e-01
-2.790711224079132080e-01 -3.434504270553588867e-01 -8.967503309249877930e-01 -2.642122076227455096e+00
3.969860076904296875e-01 8.090503811836242676e-01 -4.334048032760620117e-01 -1.364390140053508782e+00
0.000000000000000000e+00 0.000000000000000000e+00 0.000000000000000000e+00 1.000000000000000000e+00
8.296414017677307129e-01 -5.550366044044494629e-01 -6.024885177612304688e-02 -6.647101555725118960e-01
-3.408364057540893555e-01 -4.180609583854675293e-01 -8.420546650886535645e-01 -2.447015755085838684e+00
4.421831667423248291e-01 7.191379070281982422e-01 -5.360170006752014160e-01 -1.713297162809300112e+00
0.000000000000000000e+00 0.000000000000000000e+00 0.000000000000000000e+00 1.000000000000000000e+00
8.029021024703979492e-01 -5.945297479629516602e-01 -4.337959364056587219e-02 -5.986553530852115612e-01
-4.206345975399017334e-01 -5.134873986244201660e-01 -7.479283809661865234e-01 -2.111444554912770499e+00
4.223911762237548828e-01 6.187602281570434570e-01 -6.623601913452148438e-01 -2.096563610015562684e+00
0.000000000000000000e+00 0.000000000000000000e+00 0.000000000000000000e+00 1.000000000000000000e+00
7.772436738014221191e-01 -6.289209723472595215e-01 -1.872211694717407227e-02 -5.126198575727093365e-01
-5.001831650733947754e-01 -5.995460152626037598e-01 -6.247888803482055664e-01 -1.680137661847536545e+00
3.817180097103118896e-01 4.949776530265808105e-01 -7.805688977241516113e-01 -2.432342315797731302e+00
0.000000000000000000e+00 0.000000000000000000e+00 0.000000000000000000e+00 1.000000000000000000e+00
7.509148716926574707e-01 -6.602272391319274902e-01 -1.506394054740667343e-02 -4.875488270665546131e-01
-5.659476518630981445e-01 -6.315952539443969727e-01 -5.298965573310852051e-01 -1.348220988651761099e+00
3.403379321098327637e-01 4.064325690269470215e-01 -8.479282855987548828e-01 -2.618117507049273929e+00
0.000000000000000000e+00 0.000000000000000000e+00 0.000000000000000000e+00 1.000000000000000000e+00
6.546112298965454102e-01 -7.558840513229370117e-01 -1.109870430082082748e-02 -4.140216151451641680e-01
-6.742656230926513672e-01 -5.771635174751281738e-01 -4.607039093971252441e-01 -1.064442995353307886e+00
3.418330550193786621e-01 3.090652823448181152e-01 -8.874844908714294434e-01 -2.754200071810877226e+00
0.000000000000000000e+00 0.000000000000000000e+00 0.000000000000000000e+00 1.000000000000000000e+00
5.842913389205932617e-01 -8.110437393188476562e-01 2.848576195538043976e-02 -2.467884263090531771e-01
-7.368999719619750977e-01 -5.449271798133850098e-01 -4.000408053398132324e-01 -8.331136314002350884e-01
3.399734497070312500e-01 2.127492427825927734e-01 -9.160547852516174316e-01 -2.855702323504875295e+00
0.000000000000000000e+00 0.000000000000000000e+00 0.000000000000000000e+00 1.000000000000000000e+00
5.371090173721313477e-01 -8.410621881484985352e-01 6.424870342016220093e-02 -9.988701888222489833e-02
-7.818098664283752441e-01 -5.249693989753723145e-01 -3.364231884479522705e-01 -6.000419584656988548e-01
3.166815340518951416e-01 1.304657310247421265e-01 -9.395169019699096680e-01 -2.917064381123606331e+00
0.000000000000000000e+00 0.000000000000000000e+00 0.000000000000000000e+00 1.000000000000000000e+00
5.003045797348022461e-01 -8.568023443222045898e-01 1.248381510376930237e-01 1.205571392420742294e-01
-8.189001083374023438e-01 -5.150647163391113281e-01 -2.532005012035369873e-01 -3.132533057439879087e-01
2.812426686286926270e-01 2.444740571081638336e-02 -9.593252539634704590e-01 -2.962767215589634962e+00
0.000000000000000000e+00 0.000000000000000000e+00 0.000000000000000000e+00 1.000000000000000000e+00
4.341950714588165283e-01 -8.841584324836730957e-01 1.724481880664825439e-01 3.188814357084605033e-01
-8.596328496932983398e-01 -4.639032185077667236e-01 -2.140682190656661987e-01 -1.621754167804070057e-01
2.692694067955017090e-01 -5.529481917619705200e-02 -9.614760875701904297e-01 -2.964901046540662222e+00
0.000000000000000000e+00 0.000000000000000000e+00 0.000000000000000000e+00 1.000000000000000000e+00
3.536210358142852783e-01 -8.940965533256530762e-01 2.748510241508483887e-01 6.976072145472380637e-01
-8.933821320533752441e-01 -4.098978638648986816e-01 -1.839892566204071045e-01 -4.652507066138088926e-02
2.771650850772857666e-01 -1.804845780134201050e-01 -9.437186121940612793e-01 -2.910370117723642291e+00
0.000000000000000000e+00 0.000000000000000000e+00 0.000000000000000000e+00 1.000000000000000000e+00
2.900521755218505859e-01 -8.821129202842712402e-01 3.711418807506561279e-01 1.035994986034786347e+00
-9.141138792037963867e-01 -3.701759576797485352e-01 -1.654254049062728882e-01 2.509247138201112920e-02
2.833116352558135986e-01 -2.912839651107788086e-01 -9.137220382690429688e-01 -2.824578413708001889e+00
0.000000000000000000e+00 0.000000000000000000e+00 0.000000000000000000e+00 1.000000000000000000e+00
2.709007561206817627e-01 -8.489522933959960938e-01 4.537540078163146973e-01 1.294683150529718052e+00
-9.324813485145568848e-01 -3.484436571598052979e-01 -9.521054476499557495e-02 2.561729562256320758e-01
2.389369457960128784e-01 -3.973245918750762939e-01 -8.860259652137756348e-01 -2.707482888117384690e+00
0.000000000000000000e+00 0.000000000000000000e+00 0.000000000000000000e+00 1.000000000000000000e+00
1.746138185262680054e-01 -7.702098488807678223e-01 6.134222745895385742e-01 1.839345087424719027e+00
-9.617118835449218750e-01 -2.670587003231048584e-01 -6.156123429536819458e-02 3.645698025326351566e-01
2.112348824739456177e-01 -5.791859626770019531e-01 -7.873520851135253906e-01 -2.390231922189251179e+00
0.000000000000000000e+00 0.000000000000000000e+00 0.000000000000000000e+00 1.000000000000000000e+00
1.357047706842422485e-01 -6.738142371177673340e-01 7.263321876525878906e-01 2.205892846337135005e+00
-9.734646081924438477e-01 -2.270261794328689575e-01 -2.873302809894084930e-02 4.717030928259795530e-01
1.842571049928665161e-01 -7.031595706939697266e-01 -6.867430210113525391e-01 -2.074153970016816562e+00
0.000000000000000000e+00 0.000000000000000000e+00 0.000000000000000000e+00 1.000000000000000000e+00
1.094601899385452271e-01 -5.766077041625976562e-01 8.096554875373840332e-01 2.468592601982465329e+00
-9.837216734886169434e-01 -1.796279102563858032e-01 5.068222526460886002e-03 5.750061179308665338e-01
1.425143331289291382e-01 -7.970304489135742188e-01 -5.868833661079406738e-01 -1.755631066448858801e+00
0.000000000000000000e+00 0.000000000000000000e+00 0.000000000000000000e+00 1.000000000000000000e+00
7.617214322090148926e-02 -5.042783021926879883e-01 8.601748943328857422e-01 2.643177666949640958e+00
-9.912043809890747070e-01 -1.319271028041839600e-01 1.043287198990583420e-02 6.010660768476785432e-01
1.082192361354827881e-01 -8.534040451049804688e-01 -5.098923444747924805e-01 -1.505527618715521765e+00
0.000000000000000000e+00 0.000000000000000000e+00 0.000000000000000000e+00 1.000000000000000000e+00
1.544177830219268799e-01 -5.167772769927978516e-01 8.420785069465637207e-01 2.522223695970660540e+00
-9.877212047576904297e-01 -1.011983752250671387e-01 1.190204769372940063e-01 9.247211570428387484e-01
2.370987273752689362e-02 -8.501175045967102051e-01 -5.260587334632873535e-01 -1.490052032508106805e+00
0.000000000000000000e+00 0.000000000000000000e+00 0.000000000000000000e+00 1.000000000000000000e+00
2.661531567573547363e-01 -5.662897825241088867e-01 7.800502181053161621e-01 2.264737932661439856e+00
-9.589570164680480957e-01 -7.345171272754669189e-02 2.738727629184722900e-01 1.365972383907485543e+00
-9.779530763626098633e-02 -8.209268450736999512e-01 -5.625970363616943359e-01 -1.503000299734471801e+00
0.000000000000000000e+00 0.000000000000000000e+00 0.000000000000000000e+00 1.000000000000000000e+00
3.231555521488189697e-01 -6.125417947769165039e-01 7.213619351387023926e-01 2.060065106251342204e+00
-9.283033013343811035e-01 -5.704313516616821289e-02 3.674231767654418945e-01 1.618511815041271173e+00
-1.839131861925125122e-01 -7.883772850036621094e-01 -5.870580077171325684e-01 -1.515412832732022652e+00
0.000000000000000000e+00 0.000000000000000000e+00 0.000000000000000000e+00 1.000000000000000000e+00
3.645128309726715088e-01 -6.365324854850769043e-01 6.796740293502807617e-01 1.910285377690105424e+00
-8.898184895515441895e-01 -2.293205261230468750e-02 4.557379484176635742e-01 1.844639810835915661e+00
-2.745056748390197754e-01 -7.709088325500488281e-01 -5.747575163841247559e-01 -1.412708041883158794e+00
0.000000000000000000e+00 0.000000000000000000e+00 0.000000000000000000e+00 1.000000000000000000e+00
4.192889630794525146e-01 -6.422184705734252930e-01 6.416793465614318848e-01 1.753332908699409609e+00
-8.374567031860351562e-01 -7.110475562512874603e-04 5.465033650398254395e-01 2.071439992353656390e+00
-3.505181074142456055e-01 -7.665215134620666504e-01 -5.381283164024353027e-01 -1.241494253218087929e+00
0.000000000000000000e+00 0.000000000000000000e+00 0.000000000000000000e+00 1.000000000000000000e+00
5.217862129211425781e-01 -6.391682624816894531e-01 5.649806857109069824e-01 1.470126107702602214e+00
-7.277538180351257324e-01 1.203737780451774597e-02 6.857328414916992188e-01 2.372973098238218448e+00
-4.450994729995727539e-01 -7.689728736877441406e-01 -4.588760733604431152e-01 -9.140521956568474771e-01
0.000000000000000000e+00 0.000000000000000000e+00 0.000000000000000000e+00 1.000000000000000000e+00
6.296873092651367188e-01 -6.690064072608947754e-01 3.948718607425689697e-01 8.979983062014724737e-01
-5.779157280921936035e-01 -6.373154371976852417e-02 8.136042952537536621e-01 2.662915277443175910e+00
-5.191407799720764160e-01 -7.405191659927368164e-01 -4.267602562904357910e-01 -7.540310857055108062e-01
0.000000000000000000e+00 0.000000000000000000e+00 0.000000000000000000e+00 1.000000000000000000e+00
6.393728852272033691e-01 -7.159264683723449707e-01 2.804488837718963623e-01 5.900890937883465082e-01
-4.934253692626953125e-01 -1.023080721497535706e-01 8.637503385543823242e-01 2.756534523497842670e+00
-5.896893739700317383e-01 -6.906391978263854980e-01 -4.186692237854003906e-01 -6.846126642042075217e-01
0.000000000000000000e+00 0.000000000000000000e+00 0.000000000000000000e+00 1.000000000000000000e+00
6.128244400024414062e-01 -7.621329426765441895e-01 2.088050991296768188e-01 4.366037206778939916e-01
-3.962870836257934570e-01 -6.779430061578750610e-02 9.156202077865600586e-01 2.847238757245946772e+00
-6.836686134338378906e-01 -6.438612341880798340e-01 -3.435695171356201172e-01 -4.513830510795001638e-01
0.000000000000000000e+00 0.000000000000000000e+00 0.000000000000000000e+00 1.000000000000000000e+00
4.440586268901824951e-01 -8.941757678985595703e-01 5.710696056485176086e-02 1.585086423810622425e-01
-2.049709707498550415e-01 -3.933219611644744873e-02 9.779773354530334473e-01 2.926254796060180574e+00
-8.722379803657531738e-01 -4.459846019744873047e-01 -2.007460147142410278e-01 -3.420941213206088460e-02
0.000000000000000000e+00 0.000000000000000000e+00 0.000000000000000000e+00 1.000000000000000000e+00
3.267264366149902344e-01 -9.404509067535400391e-01 -9.381886571645736694e-02 -2.386370189248393781e-01
-2.513365149497985840e-01 -1.821499168872833252e-01 9.506058096885681152e-01 2.937604138749402516e+00
-9.110872149467468262e-01 -2.870078682899475098e-01 -2.958828806877136230e-01 -3.584701381137886944e-01
0.000000000000000000e+00 0.000000000000000000e+00 0.000000000000000000e+00 1.000000000000000000e+00
3.086758852005004883e-01 -9.503448009490966797e-01 3.954739123582839966e-02 1.802192616560673866e-01
-3.675425052642822266e-01 -8.082463592290878296e-02 9.264881014823913574e-01 2.883851631904818635e+00
-8.772866725921630859e-01 -3.005198538303375244e-01 -3.742407262325286865e-01 -5.831751890284758710e-01
0.000000000000000000e+00 0.000000000000000000e+00 0.000000000000000000e+00 1.000000000000000000e+00
2.881705164909362793e-01 -9.568639397621154785e-01 3.700382634997367859e-02 2.214389781383849509e-01
-4.629631936550140381e-01 -1.053919121623039246e-01 8.800895810127258301e-01 2.784619524686974934e+00
-8.382260203361511230e-01 -2.707473039627075195e-01 -4.733635783195495605e-01 -8.991589082680547795e-01
0.000000000000000000e+00 0.000000000000000000e+00 0.000000000000000000e+00 1.000000000000000000e+00
1.769585758447647095e-01 -9.817219376564025879e-01 7.005406171083450317e-02 3.650063178195939728e-01
-4.744957983493804932e-01 -2.273657359182834625e-02 8.799639940261840820e-01 2.778141045045410262e+00
-8.622873425483703613e-01 -1.889574974775314331e-01 -4.698463380336761475e-01 -9.029990727433824249e-01
0.000000000000000000e+00 0.000000000000000000e+00 0.000000000000000000e+00 1.000000000000000000e+00
