0.7327659726142883 0.6632195115089417 -0.152294710278511 0.02240818366408348 
-0.6505653262138367 0.6171529293060303 -0.4425909519195557 0.1510885506868362 
-0.1995459645986557 0.4233932495117188 0.8836964964866638 -0.2357009202241898 
0 0 0 1 

0.7573637962341309 0.6382928490638733 -0.1377760171890259 0.01573750749230385 
-0.6005808711051941 0.5980706810951233 -0.530673086643219 0.1713725924491882 
-0.2563250958919525 0.4846582114696503 0.8363036513328552 -0.2144654840230942 
0 0 0 1 

0.7895654439926147 0.5952380299568176 -0.1492581069469452 0.01623084023594856 
-0.5390556454658508 0.5565062165260315 -0.6322339177131653 0.1974717527627945 
-0.2932667136192322 0.5796484351158142 0.7602645754814148 -0.1866878420114517 
0 0 0 1 

0.8142389059066772 0.5632805824279785 -0.1404633969068527 0.0118723651394248 
-0.4807310402393341 0.5185887217521667 -0.7070807218551636 0.2170429974794388 
-0.3254422247409821 0.643257737159729 0.6930416226387024 -0.1626081019639969 
0 0 0 1 

0.8412415981292725 0.5247095823287964 -0.1303547620773315 0.006243466399610043 
-0.4134166240692139 0.4689041078090668 -0.7805226445198059 0.236078292131424 
-0.3484238684177399 0.7104989886283875 0.6113853454589844 -0.1392942667007446 
0 0 0 1 

0.8734283447265625 0.4774018228054047 -0.09597079455852509 -0.00574454152956605 
-0.3266977369785309 0.4283449947834015 -0.8424897193908691 0.2510732710361481 
-0.3610976338386536 0.7672078609466553 0.5300948023796082 -0.1176917403936386 
0 0 0 1 

0.8337522745132446 0.5459268689155579 -0.08258891105651855 -0.01323363371193409 
-0.4524042904376984 0.5897140502929688 -0.6690047979354858 0.2168866097927094 
-0.3165239989757538 0.5951478481292725 0.738655149936676 -0.179948478937149 
0 0 0 1 

0.8333103656768799 0.550101101398468 -0.0546119287610054 -0.02220636792480946 
-0.4664112031459808 0.646609365940094 -0.6036195158958435 0.1977816224098206 
-0.2967393696308136 0.5284739136695862 0.7953997254371643 -0.1974075138568878 
0 0 0 1 

0.8581399321556091 0.5098382234573364 -0.06050467491149902 -0.02117152884602547 
-0.4596694111824036 0.7104597687721252 -0.5328702926635742 0.1763313412666321 
-0.2286916077136993 0.4850893914699554 0.8440309762954712 -0.2138538360595703 
0 0 0 1 

-0.2247355133295059 0.9546071290969849 0.1954969614744186 -0.03369283676147461 
-0.6023212671279907 0.02161721512675285 -0.7979609966278076 0.2905514240264893 
-0.7659654021263123 -0.2970821857452393 0.5701220631599426 -0.150273323059082 
0 0 0 1 

