1.000000000000000000e+00 0.000000000000000000e+00 0.000000000000000000e+00 -4.542167112231254578e-02
0.000000000000000000e+00 1.000000000000000000e+00 0.000000000000000000e+00 9.935460984706878662e-04
0.000000000000000000e+00 0.000000000000000000e+00 1.000000000000000000e+00 -2.875000238418579102e-01
0.000000000000000000e+00 0.000000000000000000e+00 0.000000000000000000e+00 1.000000000000000000e+00
9.965428113937377930e-01 8.060025423765182495e-02 2.015457861125469208e-02 -5.005609989166259766e-02
-8.020185679197311401e-02 9.965810775756835938e-01 -1.985235698521137238e-02 1.028224360197782516e-02
-2.168574370443820953e-02 1.816731877624988556e-02 9.995998144149780273e-01 -2.931821346282958984e-01
0.000000000000000000e+00 0.000000000000000000e+00 0.000000000000000000e+00 1.000000000000000000e+00
9.858503937721252441e-01 1.644136905670166016e-01 3.266983479261398315e-02 -5.189080908894538879e-02
-1.625948548316955566e-01 9.853122830390930176e-01 -5.217694118618965149e-02 2.565764822065830231e-02
-4.076863825321197510e-02 4.612667486071586609e-02 9.981032013893127441e-01 -2.925451695919036865e-01
0.000000000000000000e+00 0.000000000000000000e+00 0.000000000000000000e+00 1.000000000000000000e+00
9.665714502334594727e-01 2.538194656372070312e-01 3.626721724867820740e-02 -5.081949755549430847e-02
-2.505339384078979492e-01 9.650482535362243652e-01 -7.690505683422088623e-02 3.804370760917663574e-02
-5.451964959502220154e-02 6.524806469678878784e-02 9.963787794113159180e-01 -2.920315563678741455e-01
0.000000000000000000e+00 0.000000000000000000e+00 0.000000000000000000e+00 1.000000000000000000e+00
9.381963014602661133e-01 3.425450623035430908e-01 4.949896410107612610e-02 -5.204951018095016479e-02
-3.347190618515014648e-01 9.343889355659484863e-01 -1.219846457242965698e-01 5.654501914978027344e-02
-8.803659677505493164e-02 9.787728637456893921e-02 9.912969470024108887e-01 -2.893584966659545898e-01
0.000000000000000000e+00 0.000000000000000000e+00 0.000000000000000000e+00 1.000000000000000000e+00
8.918825387954711914e-01 4.510144889354705811e-01 3.363273292779922485e-02 -4.387424141168594360e-02
-4.427638351917266846e-01 8.858891725540161133e-01 -1.384214013814926147e-01 6.597053259611129761e-02
-9.222496300935745239e-02 1.085642948746681213e-01 9.898022413253784180e-01 -2.898313403129577637e-01
0.000000000000000000e+00 0.000000000000000000e+00 0.000000000000000000e+00 1.000000000000000000e+00
8.455064296722412109e-01 5.336435437202453613e-01 1.852463744580745697e-02 -3.638611361384391785e-02
-5.239970684051513672e-01 8.358954787254333496e-01 -1.634180247783660889e-01 7.747628539800643921e-02
-1.026917025446891785e-01 1.284641325473785400e-01 9.863830208778381348e-01 -2.888606488704681396e-01
0.000000000000000000e+00 0.000000000000000000e+00 0.000000000000000000e+00 1.000000000000000000e+00
7.918803095817565918e-01 6.106709241867065430e-01 -2.496669068932533264e-03 -2.687810547649860382e-02
-6.021367907524108887e-01 7.801192998886108398e-01 -1.698379069566726685e-01 8.305433392524719238e-02
-1.017674133181571960e-01 1.359946578741073608e-01 9.854689240455627441e-01 -2.895950376987457275e-01
0.000000000000000000e+00 0.000000000000000000e+00 0.000000000000000000e+00 1.000000000000000000e+00
7.239071726799011230e-01 6.892129182815551758e-01 -3.072266094386577606e-02 -1.294886693358421326e-02
-6.836791634559631348e-01 7.107054591178894043e-01 -1.657722592353820801e-01 8.466587215662002563e-02
-9.241763502359390259e-02 1.410081386566162109e-01 9.856852293014526367e-01 -2.905341088771820068e-01
0.000000000000000000e+00 0.000000000000000000e+00 0.000000000000000000e+00 1.000000000000000000e+00
6.457016468048095703e-01 7.630801200866699219e-01 -2.788454666733741760e-02 -8.636279962956905365e-03
-7.585911154747009277e-01 6.368756890296936035e-01 -1.375810801982879639e-01 7.879211753606796265e-02
-8.722646534442901611e-02 1.099893152713775635e-01 9.900978803634643555e-01 -2.935135662555694580e-01
0.000000000000000000e+00 0.000000000000000000e+00 0.000000000000000000e+00 1.000000000000000000e+00
5.502257347106933594e-01 8.338797688484191895e-01 -4.354295507073402405e-02 2.241497393697500229e-03
-8.332155942916870117e-01 5.448698401451110840e-01 -9.417251497507095337e-02 6.701911985874176025e-02
-5.480334535241127014e-02 8.809679746627807617e-02 9.946032762527465820e-01 -2.985280156135559082e-01
0.000000000000000000e+00 0.000000000000000000e+00 0.000000000000000000e+00 1.000000000000000000e+00
4.614592194557189941e-01 8.829313516616821289e-01 -8.652973175048828125e-02 2.177788503468036652e-02
-8.871224522590637207e-01 4.583252668380737305e-01 -5.432835593819618225e-02 5.498621240258216858e-02
-8.309442549943923950e-03 1.018327921628952026e-01 9.947667717933654785e-01 -3.024684190750122070e-01
0.000000000000000000e+00 0.000000000000000000e+00 0.000000000000000000e+00 1.000000000000000000e+00
3.515585958957672119e-01 9.307554960250854492e-01 -1.005036085844039917e-01 3.071505762636661530e-02
-9.359984397888183594e-01 3.514956235885620117e-01 -1.892316155135631561e-02 4.150705039501190186e-02
1.771373301744461060e-02 1.007237732410430908e-01 9.947566390037536621e-01 -3.039718866348266602e-01
0.000000000000000000e+00 0.000000000000000000e+00 0.000000000000000000e+00 1.000000000000000000e+00
2.708503901958465576e-01 9.548415541648864746e-01 -1.221375837922096252e-01 4.017356783151626587e-02
-9.595573544502258301e-01 2.779216468334197998e-01 4.482311010360717773e-02 1.745177060365676880e-02
7.674361020326614380e-02 1.050576567649841309e-01 9.915004372596740723e-01 -3.035027086734771729e-01
0.000000000000000000e+00 0.000000000000000000e+00 0.000000000000000000e+00 1.000000000000000000e+00
1.944604516029357910e-01 9.683764576911926270e-01 -1.563069224357604980e-01 5.234568566083908081e-02
-9.722027182579040527e-01 2.114565223455429077e-01 1.005363687872886658e-01 -3.315644105896353722e-03
1.304092407226562500e-01 1.324117332696914673e-01 9.825785160064697266e-01 -3.016384840011596680e-01
0.000000000000000000e+00 0.000000000000000000e+00 0.000000000000000000e+00 1.000000000000000000e+00
1.152691096067428589e-01 9.813218712806701660e-01 -1.540151834487915039e-01 5.363471806049346924e-02
-9.706906676292419434e-01 1.441962569952011108e-01 1.922683566808700562e-01 -3.442103415727615356e-02
2.108854949474334717e-01 1.273384690284729004e-01 9.691810607910156250e-01 -2.988567352294921875e-01
0.000000000000000000e+00 0.000000000000000000e+00 0.000000000000000000e+00 1.000000000000000000e+00
1.893368214368820190e-01 9.713048338890075684e-01 -1.439391374588012695e-01 4.940370470285415649e-02
-9.544501304626464844e-01 2.164799273014068604e-01 2.053326368331909180e-01 -3.812204301357269287e-02
2.306004911661148071e-01 9.850569814443588257e-02 9.680498242378234863e-01 -2.964882254600524902e-01
0.000000000000000000e+00 0.000000000000000000e+00 0.000000000000000000e+00 1.000000000000000000e+00
2.707639932632446289e-01 9.516414403915405273e-01 -1.451384872198104858e-01 4.742448404431343079e-02
-9.386191964149475098e-01 2.944628000259399414e-01 1.796818375587463379e-01 -2.803571335971355438e-02
2.137305289506912231e-01 8.757840842008590698e-02 9.729589223861694336e-01 -2.955299615859985352e-01
0.000000000000000000e+00 0.000000000000000000e+00 0.000000000000000000e+00 1.000000000000000000e+00
3.252074122428894043e-01 9.343994855880737305e-01 -1.453872025012969971e-01 4.569757357239723206e-02
-9.342991113662719727e-01 3.412285745143890381e-01 1.031922474503517151e-01 -1.150307944044470787e-03
1.460330635309219360e-01 1.022762656211853027e-01 9.839786887168884277e-01 -2.952838838100433350e-01
0.000000000000000000e+00 0.000000000000000000e+00 0.000000000000000000e+00 1.000000000000000000e+00
3.613934516906738281e-01 9.151268005371093750e-01 -1.787115782499313354e-01 5.469844490289688110e-02
-9.294250607490539551e-01 3.688890635967254639e-01 9.467338211834430695e-03 3.153550624847412109e-02
7.458858191967010498e-02 1.626777052879333496e-01 9.838560819625854492e-01 -2.913091480731964111e-01
0.000000000000000000e+00 0.000000000000000000e+00 0.000000000000000000e+00 1.000000000000000000e+00
4.035065770149230957e-01 8.940468430519104004e-01 -1.945826858282089233e-01 5.733355507254600525e-02
-9.148504734039306641e-01 3.977541029453277588e-01 -6.957137584686279297e-02 5.836677923798561096e-02
1.519597973674535751e-02 2.060865908861160278e-01 9.784159064292907715e-01 -2.859458327293395996e-01
0.000000000000000000e+00 0.000000000000000000e+00 0.000000000000000000e+00 1.000000000000000000e+00
4.605677425861358643e-01 8.582366704940795898e-01 -2.265108525753021240e-01 6.362765282392501831e-02
-8.866240382194519043e-01 4.327055215835571289e-01 -1.632893532514572144e-01 8.701422065496444702e-02
-4.212844744324684143e-02 2.760357856750488281e-01 9.602234959602355957e-01 -2.753168940544128418e-01
0.000000000000000000e+00 0.000000000000000000e+00 0.000000000000000000e+00 1.000000000000000000e+00
5.326653718948364258e-01 8.199667930603027344e-01 -2.095751613378524780e-01 5.276279523968696594e-02
-8.418537378311157227e-01 4.879255592823028564e-01 -2.306743711233139038e-01 1.053655967116355896e-01
-8.688828349113464355e-02 2.993039488792419434e-01 9.501934051513671875e-01 -2.685458660125732422e-01
0.000000000000000000e+00 0.000000000000000000e+00 0.000000000000000000e+00 1.000000000000000000e+00
5.944896340370178223e-01 7.784839272499084473e-01 -2.013573497533798218e-01 4.607038944959640503e-02
-7.948937416076660156e-01 5.311665534973144531e-01 -2.932671308517456055e-01 1.205676719546318054e-01
-1.213495060801506042e-01 3.344019055366516113e-01 9.345850348472595215e-01 -2.604447603225708008e-01
0.000000000000000000e+00 0.000000000000000000e+00 0.000000000000000000e+00 1.000000000000000000e+00
6.709365248680114746e-01 7.204785943031311035e-01 -1.753700673580169678e-01 3.236295282840728760e-02
-7.228307127952575684e-01 5.827206969261169434e-01 -3.714189231395721436e-01 1.371368914842605591e-01
-1.654077172279357910e-01 3.759615123271942139e-01 9.117528796195983887e-01 -2.493791282176971436e-01
0.000000000000000000e+00 0.000000000000000000e+00 0.000000000000000000e+00 1.000000000000000000e+00
7.365108728408813477e-01 6.586683392524719238e-01 -1.539731770753860474e-01 2.269979193806648254e-02
-6.470791101455688477e-01 6.197414994239807129e-01 -4.440823793411254883e-01 1.515214890241622925e-01
-1.970794498920440674e-01 4.267041087150573730e-01 8.826566934585571289e-01 -2.355981171131134033e-01
0.000000000000000000e+00 0.000000000000000000e+00 0.000000000000000000e+00 1.000000000000000000e+00
7.611566781997680664e-01 6.320599913597106934e-01 -1.453961580991744995e-01 1.753821037709712982e-02
-5.997621417045593262e-01 6.006453633308410645e-01 -5.286870598793029785e-01 1.707377135753631592e-01
-2.468307018280029297e-01 4.896168112754821777e-01 8.362712264060974121e-01 -2.147852033376693726e-01
0.000000000000000000e+00 0.000000000000000000e+00 0.000000000000000000e+00 1.000000000000000000e+00
7.924919724464416504e-01 5.910363197326660156e-01 -1.504406929016113281e-01 1.623041741549968719e-02
-5.362837314605712891e-01 5.578521490097045898e-01 -6.334038972854614258e-01 1.976235061883926392e-01
-2.904412150382995605e-01 5.826464295387268066e-01 7.590564489364624023e-01 -1.866437196731567383e-01
0.000000000000000000e+00 0.000000000000000000e+00 0.000000000000000000e+00 1.000000000000000000e+00
8.170792460441589355e-01 5.578604936599731445e-01 -1.455096304416656494e-01 1.275925617665052414e-02
-4.794441461563110352e-01 5.173252820968627930e-01 -7.088778018951416016e-01 2.173636555671691895e-01
-3.201790452003479004e-01 6.489730477333068848e-01 6.901587247848510742e-01 -1.624077111482620239e-01
0.000000000000000000e+00 0.000000000000000000e+00 0.000000000000000000e+00 1.000000000000000000e+00
8.436371088027954102e-01 5.184960365295410156e-01 -1.394214034080505371e-01 8.198551833629608154e-03
-4.147442877292633057e-01 4.644128680229187012e-01 -7.825008630752563477e-01 2.365986406803131104e-01
-3.409746885299682617e-01 7.179710865020751953e-01 6.068392992019653320e-01 -1.384526342153549194e-01
0.000000000000000000e+00 0.000000000000000000e+00 0.000000000000000000e+00 1.000000000000000000e+00
8.748010396957397461e-01 4.744414985179901123e-01 -9.812311828136444092e-02 -5.504502449184656143e-03
-3.276406824588775635e-01 4.301453232765197754e-01 -8.412053585052490234e-01 2.505598068237304688e-01
-3.568956553936004639e-01 7.680365443229675293e-01 5.317379236221313477e-01 -1.185774654150009155e-01
0.000000000000000000e+00 0.000000000000000000e+00 0.000000000000000000e+00 1.000000000000000000e+00
8.969697952270507812e-01 4.367389678955078125e-01 -6.858938932418823242e-02 -1.435296144336462021e-02
-2.262952774763107300e-01 3.202947378158569336e-01 -9.198923110961914062e-01 2.654651999473571777e-01
-3.797840774059295654e-01 8.406368494033813477e-01 3.861264288425445557e-01 -7.909784466028213501e-02
0.000000000000000000e+00 0.000000000000000000e+00 0.000000000000000000e+00 1.000000000000000000e+00
8.853114843368530273e-01 4.644237458705902100e-01 -2.311553061008453369e-02 -3.113414719700813293e-02
-8.218020945787429810e-02 1.073410883545875549e-01 -9.908200502395629883e-01 2.828331589698791504e-01
-4.576790332794189453e-01 8.790838122367858887e-01 1.331966966390609741e-01 -8.482699282467365265e-03
0.000000000000000000e+00 0.000000000000000000e+00 0.000000000000000000e+00 1.000000000000000000e+00
8.821535706520080566e-01 4.698606133460998535e-01 -3.218825906515121460e-02 -2.604105882346630096e-02
-7.927795499563217163e-02 8.077684789896011353e-02 -9.935746788978576660e-01 2.828786075115203857e-01
-4.642414152622222900e-01 8.790369629859924316e-01 1.085071340203285217e-01 -8.494875393807888031e-03
0.000000000000000000e+00 0.000000000000000000e+00 0.000000000000000000e+00 1.000000000000000000e+00
8.508905172348022461e-01 5.242521166801452637e-01 -3.383701294660568237e-02 -2.212164923548698425e-02
-1.017933562397956848e-01 1.013421639800071716e-01 -9.896303415298461914e-01 2.826909720897674561e-01
-5.153867006301879883e-01 8.455113768577575684e-01 1.395964622497558594e-01 -1.528371404856443405e-02
0.000000000000000000e+00 0.000000000000000000e+00 0.000000000000000000e+00 1.000000000000000000e+00
8.307307958602905273e-01 5.518873929977416992e-01 -7.284333556890487671e-02 -1.123912911862134933e-02
-2.322971671819686890e-01 2.247621119022369385e-01 -9.463191628456115723e-01 2.756655514240264893e-01
-5.058892965316772461e-01 8.030579686164855957e-01 3.149186968803405762e-01 -5.549257248640060425e-02
0.000000000000000000e+00 0.000000000000000000e+00 0.000000000000000000e+00 1.000000000000000000e+00
8.352093100547790527e-01 5.384847521781921387e-01 -1.116221845149993896e-01 -1.336246379651129246e-03
-3.137233853340148926e-01 2.998434305191040039e-01 -9.009279012680053711e-01 2.666123807430267334e-01
-4.516670107841491699e-01 7.874818444252014160e-01 4.193673133850097656e-01 -8.434356749057769775e-02
0.000000000000000000e+00 0.000000000000000000e+00 0.000000000000000000e+00 1.000000000000000000e+00
8.203700184822082520e-01 5.604914426803588867e-01 -1.133240982890129089e-01 -4.562037065625190735e-04
-3.690496385097503662e-01 3.675699234008789062e-01 -8.536363244056701660e-01 2.560337483882904053e-01
-4.368012547492980957e-01 7.421197891235351562e-01 5.083925724029541016e-01 -1.096011102199554443e-01
0.000000000000000000e+00 0.000000000000000000e+00 0.000000000000000000e+00 1.000000000000000000e+00
8.325072526931762695e-01 5.481376647949218750e-01 -8.047816157341003418e-02 -1.397992763668298721e-02
-4.522073268890380859e-01 5.883951783180236816e-01 -6.702980995178222656e-01 2.171958237886428833e-01
-3.200628459453582764e-01 5.944207310676574707e-01 7.377151846885681152e-01 -1.795954257249832153e-01
0.000000000000000000e+00 0.000000000000000000e+00 0.000000000000000000e+00 1.000000000000000000e+00
8.381912112236022949e-01 5.419934391975402832e-01 -6.064978614449501038e-02 -2.077534608542919159e-02
-4.629777371883392334e-01 6.483625769615173340e-01 -6.043812632560729980e-01 1.978634148836135864e-01
-2.882478535175323486e-01 5.346666574478149414e-01 7.943830490112304688e-01 -1.976196765899658203e-01
0.000000000000000000e+00 0.000000000000000000e+00 0.000000000000000000e+00 1.000000000000000000e+00
8.571141362190246582e-01 5.118358731269836426e-01 -5.813231691718101501e-02 -2.178171835839748383e-02
-4.592355787754058838e-01 7.081133127212524414e-01 -5.363562703132629395e-01 1.773307472467422485e-01
-2.333621531724929810e-01 4.864150583744049072e-01 8.419873118400573730e-01 -2.130673080682754517e-01
0.000000000000000000e+00 0.000000000000000000e+00 0.000000000000000000e+00 1.000000000000000000e+00
8.736452460289001465e-01 4.859912991523742676e-01 -2.358525805175304413e-02 -3.060093522071838379e-02
-4.548765122890472412e-01 7.985833883285522461e-01 -3.941465318202972412e-01 1.361322104930877686e-01
-1.727172434329986572e-01 3.550725579261779785e-01 9.187447428703308105e-01 -2.366924285888671875e-01
0.000000000000000000e+00 0.000000000000000000e+00 0.000000000000000000e+00 1.000000000000000000e+00
8.799616694450378418e-01 4.744387865066528320e-01 -2.399055473506450653e-02 -2.880377694964408875e-02
-4.643310010433197021e-01 8.483527302742004395e-01 -2.543503046035766602e-01 9.764547646045684814e-02
-1.003212705254554749e-01 2.349580377340316772e-01 9.668146967887878418e-01 -2.529463768005371094e-01
0.000000000000000000e+00 0.000000000000000000e+00 0.000000000000000000e+00 1.000000000000000000e+00
8.812224864959716797e-01 4.724368155002593994e-01 -1.581209152936935425e-02 -2.702419087290763855e-02
-4.726248383522033691e-01 8.799848556518554688e-01 -4.745779559016227722e-02 3.884152323007583618e-02
-8.506428450345993042e-03 4.929407313466072083e-02 9.987480044364929199e-01 -2.659190297126770020e-01
0.000000000000000000e+00 0.000000000000000000e+00 0.000000000000000000e+00 1.000000000000000000e+00
8.876567482948303223e-01 4.602807462215423584e-01 -1.439920999109745026e-02 -2.572591044008731842e-02
-4.591586291790008545e-01 8.870168924331665039e-01 4.872646182775497437e-02 1.079188007861375809e-02
3.520020097494125366e-02 -3.664086014032363892e-02 9.987083673477172852e-01 -2.685893476009368896e-01
0.000000000000000000e+00 0.000000000000000000e+00 0.000000000000000000e+00 1.000000000000000000e+00
8.939279317855834961e-01 4.481084048748016357e-01 -9.563865140080451965e-03 -2.659025229513645172e-02
-4.417580962181091309e-01 8.844661116600036621e-01 1.502311825752258301e-01 -2.065085805952548981e-02
7.577883452177047729e-02 -1.300709247589111328e-01 9.886047244071960449e-01 -2.676725685596466064e-01
0.000000000000000000e+00 0.000000000000000000e+00 0.000000000000000000e+00 1.000000000000000000e+00
8.976432085037231445e-01 4.405357837677001953e-01 -1.284121535718441010e-02 -2.545801177620887756e-02
-4.227934181690216064e-01 8.689858317375183105e-01 2.571170628070831299e-01 -5.438927933573722839e-02
1.244281530380249023e-01 -2.253701686859130859e-01 9.662948846817016602e-01 -2.630440294742584229e-01
0.000000000000000000e+00 0.000000000000000000e+00 0.000000000000000000e+00 1.000000000000000000e+00
9.015793800354003906e-01 4.323979616165161133e-01 -1.365327835083007812e-02 -2.468441985547542572e-02
-3.970772027969360352e-01 8.396352529525756836e-01 3.705969452857971191e-01 -9.189122170209884644e-02
1.717092841863632202e-01 -3.287011682987213135e-01 9.286933541297912598e-01 -2.532962560653686523e-01
0.000000000000000000e+00 0.000000000000000000e+00 0.000000000000000000e+00 1.000000000000000000e+00
9.060476422309875488e-01 4.231382012367248535e-01 -5.623240489512681961e-03 -2.836709469556808472e-02
-3.740024566650390625e-01 8.069111704826354980e-01 4.571829140186309814e-01 -1.206268817186355591e-01
1.979891955852508545e-01 -4.121263027191162109e-01 8.893547654151916504e-01 -2.435026317834854126e-01
0.000000000000000000e+00 0.000000000000000000e+00 0.000000000000000000e+00 1.000000000000000000e+00
9.155885577201843262e-01 4.020689725875854492e-01 -6.161598488688468933e-03 -3.094985522329807281e-02
-3.324924707412719727e-01 7.655895948410034180e-01 5.507459640502929688e-01 -1.516944766044616699e-01
2.261552363634109497e-01 -5.022079944610595703e-01 8.346500396728515625e-01 -2.302206158638000488e-01
0.000000000000000000e+00 0.000000000000000000e+00 0.000000000000000000e+00 1.000000000000000000e+00
9.083437323570251465e-01 4.179336726665496826e-01 1.558667887002229691e-02 -3.850360959768295288e-02
-3.338249921798706055e-01 7.020823359489440918e-01 6.289998888969421387e-01 -1.750648468732833862e-01
2.519372403621673584e-01 -5.765513777732849121e-01 7.772489786148071289e-01 -2.164666503667831421e-01
0.000000000000000000e+00 0.000000000000000000e+00 0.000000000000000000e+00 1.000000000000000000e+00
9.151057004928588867e-01 4.019781947135925293e-01 3.154478222131729126e-02 -4.535922408103942871e-02
-2.974261939525604248e-01 6.201255917549133301e-01 7.259351611137390137e-01 -2.058616727590560913e-01
2.722483873367309570e-01 -6.736895442008972168e-01 6.870393157005310059e-01 -1.917170435190200806e-01
0.000000000000000000e+00 0.000000000000000000e+00 0.000000000000000000e+00 1.000000000000000000e+00
9.242144227027893066e-01 3.782884180545806885e-01 5.220636352896690369e-02 -5.292096734046936035e-02
-2.678007185459136963e-01 5.445890426635742188e-01 7.947988510131835938e-01 -2.284165173768997192e-01
2.722322642803192139e-01 -7.485455274581909180e-01 6.046230196952819824e-01 -1.668466180562973022e-01
0.000000000000000000e+00 0.000000000000000000e+00 0.000000000000000000e+00 1.000000000000000000e+00
9.329184293746948242e-01 3.570416271686553955e-01 4.673830047249794006e-02 -5.348627269268035889e-02
-2.236316055059432983e-01 4.727540612220764160e-01 8.523452281951904297e-01 -2.485055476427078247e-01
2.822270393371582031e-01 -8.056207299232482910e-01 5.208867788314819336e-01 -1.432161033153533936e-01
0.000000000000000000e+00 0.000000000000000000e+00 0.000000000000000000e+00 1.000000000000000000e+00
9.424431324005126953e-01 3.304832577705383301e-01 5.081065744161605835e-02 -5.769187957048416138e-02
-1.913770735263824463e-01 4.085412323474884033e-01 8.924509882926940918e-01 -2.619789540767669678e-01
2.741819024085998535e-01 -8.508082628250122070e-01 4.482738077640533447e-01 -1.228828206658363342e-01
0.000000000000000000e+00 0.000000000000000000e+00 0.000000000000000000e+00 1.000000000000000000e+00
9.538812041282653809e-01 2.962127625942230225e-01 4.866837337613105774e-02 -6.011319905519485474e-02
-1.533216983079910278e-01 3.413715958595275879e-01 9.273390173912048340e-01 -2.753218412399291992e-01
2.580757141113281250e-01 -8.920331597328186035e-01 3.710438609123229980e-01 -9.928880631923675537e-02
0.000000000000000000e+00 0.000000000000000000e+00 0.000000000000000000e+00 1.000000000000000000e+00
9.596506357192993164e-01 2.710326611995697021e-01 7.491223514080047607e-02 -7.009584456682205200e-02
-1.464299559593200684e-01 2.542352974414825439e-01 9.559929370880126953e-01 -2.885053455829620361e-01
2.400600314140319824e-01 -9.283886551856994629e-01 2.836643755435943604e-01 -6.845735013484954834e-02
0.000000000000000000e+00 0.000000000000000000e+00 0.000000000000000000e+00 1.000000000000000000e+00
9.736979007720947266e-01 2.186134457588195801e-01 6.419145315885543823e-02 -7.008069008588790894e-02
-9.862372279167175293e-02 1.504263877868652344e-01 9.836896061897277832e-01 -3.010218441486358643e-01
2.053916603326797485e-01 -9.641474485397338867e-01 1.680303364992141724e-01 -2.802341058850288391e-02
0.000000000000000000e+00 0.000000000000000000e+00 0.000000000000000000e+00 1.000000000000000000e+00
9.913623929023742676e-01 1.283113062381744385e-01 2.714532986283302307e-02 -6.103173643350601196e-02
-4.434861615300178528e-02 1.331838816404342651e-01 9.900985360145568848e-01 -3.045399188995361328e-01
1.234255060553550720e-01 -9.827502369880676270e-01 1.377239227294921875e-01 -1.861374266445636749e-02
0.000000000000000000e+00 0.000000000000000000e+00 0.000000000000000000e+00 1.000000000000000000e+00
9.944520592689514160e-01 1.050934791564941406e-01 -4.526172298938035965e-03 -5.324234440922737122e-02
-2.172285877168178558e-02 2.472737729549407959e-01 9.687020182609558105e-01 -3.003127574920654297e-01
1.029234901070594788e-01 -9.632294178009033203e-01 2.481848150491714478e-01 -5.400016158819198608e-02
0.000000000000000000e+00 0.000000000000000000e+00 0.000000000000000000e+00 1.000000000000000000e+00
9.981564283370971680e-01 3.357568383216857910e-02 -5.056157335638999939e-02 -3.766099736094474792e-02
3.874295577406883240e-02 2.887855172157287598e-01 9.566093683242797852e-01 -3.076945841312408447e-01
4.672025889158248901e-02 -9.568046927452087402e-01 2.869522571563720703e-01 -6.365121155977249146e-02
0.000000000000000000e+00 0.000000000000000000e+00 0.000000000000000000e+00 1.000000000000000000e+00
