1.000000000000000000e+00 0.000000000000000000e+00 0.000000000000000000e+00 -4.255350477121360719e-01
0.000000000000000000e+00 -1.000000000000000000e+00 0.000000000000000000e+00 3.076616963927396031e-01
0.000000000000000000e+00 0.000000000000000000e+00 -1.000000000000000000e+00 -5.117628744684824760e+00
0.000000000000000000e+00 0.000000000000000000e+00 0.000000000000000000e+00 1.000000000000000000e+00
9.950220584869384766e-01 -5.465741455554962158e-02 8.332813531160354614e-02 4.371553891028575473e-02
-5.644411221146583557e-02 -9.982202053070068359e-01 1.923705823719501495e-02 3.629083289862488071e-01
8.212836831808090210e-02 -2.384472079575061798e-02 -9.963362216949462891e-01 -5.078829782030140017e+00
0.000000000000000000e+00 0.000000000000000000e+00 0.000000000000000000e+00 1.000000000000000000e+00
9.713308215141296387e-01 -7.202508300542831421e-02 2.265596687793731689e-01 8.183052316104693080e-01
-7.803282886743545532e-02 -9.967942833900451660e-01 1.766215264797210693e-02 3.644063945329318321e-01
2.245611697435379028e-01 -3.483483940362930298e-02 -9.738371372222900391e-01 -4.948150590165624862e+00
0.000000000000000000e+00 0.000000000000000000e+00 0.000000000000000000e+00 1.000000000000000000e+00
9.986644387245178223e-01 -5.165622755885124207e-02 -1.068443059921264648e-03 -3.887376517165951340e-01
-5.166240036487579346e-02 -9.986408352851867676e-01 -6.914033088833093643e-03 2.438614599683134876e-01
-7.098290952853858471e-04 6.960048340260982513e-03 -9.999755620956420898e-01 -4.937248389194264675e+00
0.000000000000000000e+00 0.000000000000000000e+00 0.000000000000000000e+00 1.000000000000000000e+00
9.916951060295104980e-01 -6.423047930002212524e-02 1.114238500595092773e-01 2.331306162811992988e-01
-6.047341600060462952e-02 -9.974921345710754395e-01 -3.677983582019805908e-02 1.336096094466496242e-01
1.135067790746688843e-01 2.973611652851104736e-02 -9.930920600891113281e-01 -4.913814252251564874e+00
0.000000000000000000e+00 0.000000000000000000e+00 0.000000000000000000e+00 1.000000000000000000e+00
-9.119802713394165039e-02 -9.727066755294799805e-02 9.910707473754882812e-01 5.267219087472834183e+00
-3.150034323334693909e-02 -9.944381713867187500e-01 -1.004998311400413513e-01 -1.463324952673297763e-01
9.953343868255615234e-01 -4.038445279002189636e-02 8.762671798467636108e-02 4.624949582139963322e-01
0.000000000000000000e+00 0.000000000000000000e+00 0.000000000000000000e+00 1.000000000000000000e+00
-6.096746772527694702e-02 -1.089326441287994385e-01 9.921780824661254883e-01 5.206846274624876258e+00
-1.515071466565132141e-02 -9.938113093376159668e-01 -1.100429520010948181e-01 -1.393358101781736469e-01
9.980246424674987793e-01 -2.174125239253044128e-02 5.893974378705024719e-02 3.956527581195064536e-01
0.000000000000000000e+00 0.000000000000000000e+00 0.000000000000000000e+00 1.000000000000000000e+00
-7.957743853330612183e-02 -1.029425188899040222e-01 9.914987683296203613e-01 5.136461325476837203e+00
-1.888774521648883820e-02 -9.943186640739440918e-01 -1.047512441873550415e-01 -5.424075541235856557e-02
9.966493844985961914e-01 -2.706303820013999939e-02 7.718103379011154175e-02 5.802293737004030616e-01
0.000000000000000000e+00 0.000000000000000000e+00 0.000000000000000000e+00 1.000000000000000000e+00
-7.466819882392883301e-02 -9.561811387538909912e-02 9.926134943962097168e-01 5.064895046624652508e+00
-3.631485626101493835e-02 -9.944713711738586426e-01 -9.852878749370574951e-02 -2.647595180910064256e-03
9.965465068817138672e-01 -4.340360686182975769e-02 7.078315317630767822e-02 6.711715727609577353e-01
0.000000000000000000e+00 0.000000000000000000e+00 0.000000000000000000e+00 1.000000000000000000e+00
-4.729605466127395630e-02 -1.007663607597351074e-01 9.937850236892700195e-01 5.021059659178217949e+00
-5.242444574832916260e-02 -9.932773709297180176e-01 -1.032099127769470215e-01 -3.652218355909659861e-04
9.975039958953857422e-01 -5.698006227612495422e-02 4.169544205069541931e-02 6.375587844099809276e-01
0.000000000000000000e+00 0.000000000000000000e+00 0.000000000000000000e+00 1.000000000000000000e+00
-4.708387702703475952e-02 -8.261885493993759155e-02 9.954683184623718262e-01 4.964378055234519138e+00
-7.671105116605758667e-02 -9.933311343193054199e-01 -8.606977015733718872e-02 1.195418481353261730e-01
9.959411621093750000e-01 -8.041601628065109253e-02 4.043201357126235962e-02 7.518134954369765088e-01
0.000000000000000000e+00 0.000000000000000000e+00 0.000000000000000000e+00 1.000000000000000000e+00
-5.223194509744644165e-02 -6.988786906003952026e-02 9.961866140365600586e-01 4.922768821513400894e+00
-1.047466993331909180e-01 -9.916622042655944824e-01 -7.506257295608520508e-02 2.206978046714285768e-01
9.931263923645019531e-01 -1.082679182291030884e-01 4.447591677308082581e-02 8.828457072672456496e-01
0.000000000000000000e+00 0.000000000000000000e+00 0.000000000000000000e+00 1.000000000000000000e+00
-2.919371053576469421e-02 -8.551944792270660400e-02 9.959086775779724121e-01 4.927665169252558819e+00
-1.002707704901695251e-01 -9.910571575164794922e-01 -8.804216235876083374e-02 2.088711273944970082e-01
9.945315718650817871e-01 -1.024308204650878906e-01 2.035755850374698639e-02 8.342412517264657934e-01
0.000000000000000000e+00 0.000000000000000000e+00 0.000000000000000000e+00 1.000000000000000000e+00
-3.069682605564594269e-02 -8.504366129636764526e-02 9.959042668342590332e-01 4.929689342185328726e+00
-1.354781836271286011e-01 -9.868248701095581055e-01 -8.844417333602905273e-02 2.494397904964502088e-01
9.903048276901245117e-01 -1.376382559537887573e-01 1.877082325518131256e-02 9.173286697448539417e-01
0.000000000000000000e+00 0.000000000000000000e+00 0.000000000000000000e+00 1.000000000000000000e+00
-8.836095221340656281e-03 -9.442085027694702148e-02 9.954931139945983887e-01 4.950375905439241997e+00
-1.493754535913467407e-01 -9.842371940612792969e-01 -9.467913210391998291e-02 2.517036916144794745e-01
9.887413382530212402e-01 -1.495388299226760864e-01 -5.407299380749464035e-03 8.825898583163727107e-01
0.000000000000000000e+00 0.000000000000000000e+00 0.000000000000000000e+00 1.000000000000000000e+00
-3.329134313389658928e-03 -9.758743643760681152e-02 9.952213764190673828e-01 4.963310215720289520e+00
-1.776497215032577515e-01 -9.793388843536376953e-01 -9.662431478500366211e-02 2.692873547043105886e-01
9.840882420539855957e-01 -1.771224141120910645e-01 -1.407595630735158920e-02 9.596308483755677798e-01
0.000000000000000000e+00 0.000000000000000000e+00 0.000000000000000000e+00 1.000000000000000000e+00
3.413225710391998291e-02 -1.045494005084037781e-01 9.939336776733398438e-01 4.996507683546710155e+00
-1.939249634742736816e-01 -9.763042926788330078e-01 -9.603550285100936890e-02 3.112924896277148301e-01
9.804223775863647461e-01 -1.894706338644027710e-01 -5.359819158911705017e-02 8.869959363714613465e-01
0.000000000000000000e+00 0.000000000000000000e+00 0.000000000000000000e+00 1.000000000000000000e+00
7.559603452682495117e-02 -1.056811437010765076e-01 9.915224909782409668e-01 5.021116404273176848e+00
-2.122620344161987305e-01 -9.732823371887207031e-01 -8.755369484424591064e-02 3.802030831551106438e-01
9.742844700813293457e-01 -2.038438171148300171e-01 -9.600829333066940308e-02 7.890035064787364050e-01
0.000000000000000000e+00 0.000000000000000000e+00 0.000000000000000000e+00 1.000000000000000000e+00
1.561243683099746704e-01 -1.325059086084365845e-01 9.788091778755187988e-01 5.109522484487437843e+00
-2.320265769958496094e-01 -9.681516885757446289e-01 -9.405384957790374756e-02 3.416649792892277326e-01
9.600986242294311523e-01 -2.124256491661071777e-01 -1.818971633911132812e-01 5.898417150132720943e-01
0.000000000000000000e+00 0.000000000000000000e+00 0.000000000000000000e+00 1.000000000000000000e+00
1.799495965242385864e-01 -1.827262789011001587e-01 9.665548205375671387e-01 5.319900757450189310e+00
-2.387854158878326416e-01 -9.613193273544311523e-01 -1.372803598642349243e-01 1.340086976002918262e-01
9.542530179023742676e-01 -2.060957551002502441e-01 -2.166215181350708008e-01 7.009814973049199871e-01
0.000000000000000000e+00 0.000000000000000000e+00 0.000000000000000000e+00 1.000000000000000000e+00
4.482884332537651062e-02 -1.591001898050308228e-01 9.862438440322875977e-01 5.318563477939616924e+00
-2.774827480316162109e-01 -9.503716826438903809e-01 -1.407006382942199707e-01 1.250168941582369408e-01
9.596837759017944336e-01 -2.673583328723907471e-01 -8.675174415111541748e-02 1.455225642946857523e+00
0.000000000000000000e+00 0.000000000000000000e+00 0.000000000000000000e+00 1.000000000000000000e+00
3.775922209024429321e-02 -2.001178711652755737e-01 9.790436625480651855e-01 5.215427878985604337e+00
-1.962872594594955444e-01 -9.621409773826599121e-01 -1.890926063060760498e-01 -1.426721886306931419e-01
9.798188209533691406e-01 -1.850339472293853760e-01 -7.561034709215164185e-02 1.340985267000668779e+00
0.000000000000000000e+00 0.000000000000000000e+00 0.000000000000000000e+00 1.000000000000000000e+00
6.318999826908111572e-02 -2.182078510522842407e-01 9.738546013832092285e-01 5.171344479760502821e+00
-1.646358072757720947e-01 -9.647144675254821777e-01 -2.054772377014160156e-01 -2.538354576377808147e-01
9.843282699584960938e-01 -1.473471671342849731e-01 -9.688503295183181763e-02 1.161070181606888019e+00
0.000000000000000000e+00 0.000000000000000000e+00 0.000000000000000000e+00 1.000000000000000000e+00
1.625334769487380981e-01 -2.730560898780822754e-01 9.481689929962158203e-01 4.918834759475471330e+00
-6.874183565378189087e-02 -9.617449045181274414e-01 -2.651821076869964600e-01 -6.557779540394865769e-01
9.843053817749023438e-01 -2.207798883318901062e-02 -1.750858277082443237e-01 5.411495129051997477e-01
0.000000000000000000e+00 0.000000000000000000e+00 0.000000000000000000e+00 1.000000000000000000e+00
1.765399575233459473e-01 -3.172102272510528564e-01 9.317785501480102539e-01 4.634216839095924634e+00
-3.273489326238632202e-02 -9.480154514312744141e-01 -3.165357410907745361e-01 -1.034475620889149683e+00
9.837489724159240723e-01 2.537955157458782196e-02 -1.777465045452117920e-01 4.282253354683975832e-01
0.000000000000000000e+00 0.000000000000000000e+00 0.000000000000000000e+00 1.000000000000000000e+00
2.484524548053741455e-01 -3.763531744480133057e-01 8.925408720970153809e-01 4.373830264720425909e+00
1.413144171237945557e-03 -9.212917089462280273e-01 -3.888697624206542969e-01 -1.414044453912558952e+00
9.686430096626281738e-01 9.787693619728088379e-02 -2.283653616905212402e-01 1.391977408629717639e-01
0.000000000000000000e+00 0.000000000000000000e+00 0.000000000000000000e+00 1.000000000000000000e+00
2.495550513267517090e-01 -4.130378961563110352e-01 8.758547306060791016e-01 4.179984258514200413e+00
5.427615717053413391e-02 -8.970838785171508789e-01 -4.385139644145965576e-01 -1.655112200391138488e+00
9.668380022048950195e-01 1.569713354110717773e-01 -2.014537900686264038e-01 2.110094273701483836e-01
0.000000000000000000e+00 0.000000000000000000e+00 0.000000000000000000e+00 1.000000000000000000e+00
3.566507101058959961e-01 -4.473750591278076172e-01 8.201559185981750488e-01 3.862050221473319223e+00
1.184209957718849182e-01 -8.491581082344055176e-01 -5.146912336349487305e-01 -2.040167351572798715e+00
9.267021417617797852e-01 2.806887328624725342e-01 -2.498743087053298950e-01 -8.844360276391759201e-02
0.000000000000000000e+00 0.000000000000000000e+00 0.000000000000000000e+00 1.000000000000000000e+00
3.912849426269531250e-01 -4.848597347736358643e-01 7.821811437606811523e-01 3.649213655760418451e+00
1.357970237731933594e-01 -8.102223873138427734e-01 -5.701742768287658691e-01 -2.315163208577752485e+00
9.101953506469726562e-01 3.293184041976928711e-01 -2.511853277683258057e-01 -1.372568098188015895e-01
0.000000000000000000e+00 0.000000000000000000e+00 0.000000000000000000e+00 1.000000000000000000e+00
3.521240055561065674e-01 -5.537882447242736816e-01 7.545377016067504883e-01 3.414641337765131013e+00
1.603200882673263550e-01 -7.585677504539489746e-01 -6.315633654594421387e-01 -2.580301688632514079e+00
9.221202731132507324e-01 3.433561027050018311e-01 -1.783265322446823120e-01 1.432393780098980274e-01
0.000000000000000000e+00 0.000000000000000000e+00 0.000000000000000000e+00 1.000000000000000000e+00
4.284028112888336182e-01 -5.442561507225036621e-01 7.212879657745361328e-01 3.225561919535465449e+00
1.637320965528488159e-01 -7.382772564888000488e-01 -6.543228030204772949e-01 -2.679535963103381047e+00
8.886297941207885742e-01 3.984117507934570312e-01 -2.271678596735000610e-01 -1.079081375808044613e-01
0.000000000000000000e+00 0.000000000000000000e+00 0.000000000000000000e+00 1.000000000000000000e+00
4.350735843181610107e-01 -5.615274310111999512e-01 7.038448452949523926e-01 3.068838713178982047e+00
1.759182065725326538e-01 -7.136294245719909668e-01 -6.780753135681152344e-01 -2.775383785543615645e+00
8.830422163009643555e-01 4.188317358493804932e-01 -2.116982936859130859e-01 -8.149709355773306074e-02
0.000000000000000000e+00 0.000000000000000000e+00 0.000000000000000000e+00 1.000000000000000000e+00
4.363296926021575928e-01 -5.971620082855224609e-01 6.730630993843078613e-01 2.857591605353202890e+00
1.762708872556686401e-01 -6.768014430999755859e-01 -7.147505879402160645e-01 -2.915147549655995540e+00
8.823519945144653320e-01 4.305083453655242920e-01 -1.900462806224822998e-01 -4.663975885030043067e-02
0.000000000000000000e+00 0.000000000000000000e+00 0.000000000000000000e+00 1.000000000000000000e+00
3.032718896865844727e-01 -7.040714025497436523e-01 6.421133279800415039e-01 2.564487317135936362e+00
1.412527114152908325e-01 -6.331885457038879395e-01 -7.609994411468505859e-01 -3.067964669703183489e+00
9.423766136169433594e-01 3.214899003505706787e-01 -9.257633984088897705e-02 2.229803110957859491e-01
0.000000000000000000e+00 0.000000000000000000e+00 0.000000000000000000e+00 1.000000000000000000e+00
1.963199228048324585e-01 -7.564030885696411133e-01 6.239495277404785156e-01 2.433580152844470934e+00
1.242236718535423279e-01 -6.120191216468811035e-01 -7.810258269309997559e-01 -3.125734549331673939e+00
9.726391434669494629e-01 2.308401465415954590e-01 -2.618842385709285736e-02 4.060631021314147215e-01
0.000000000000000000e+00 0.000000000000000000e+00 0.000000000000000000e+00 1.000000000000000000e+00
2.703639268875122070e-01 -7.840206623077392578e-01 5.587621927261352539e-01 2.139716154946791349e+00
1.206907331943511963e-01 -5.481975674629211426e-01 -8.275946378707885742e-01 -3.252908045102373080e+00
9.551633000373840332e-01 2.911891937255859375e-01 -5.358888953924179077e-02 1.599992699768862936e-01
0.000000000000000000e+00 0.000000000000000000e+00 0.000000000000000000e+00 1.000000000000000000e+00
3.774249553680419922e-01 -7.753592133522033691e-01 5.063288807868957520e-01 1.894232905965533620e+00
1.074546948075294495e-01 -5.064051151275634766e-01 -8.555743694305419922e-01 -3.300624320861389904e+00
9.197845458984375000e-01 3.773225843906402588e-01 -1.078138053417205811e-01 -1.560336823769781500e-01
0.000000000000000000e+00 0.000000000000000000e+00 0.000000000000000000e+00 1.000000000000000000e+00
5.174592733383178711e-01 -7.462028861045837402e-01 4.188278913497924805e-01 1.493161352526973129e+00
3.396283462643623352e-02 -4.711568653583526611e-01 -8.813952803611755371e-01 -3.296943429247124246e+00
8.550336956977844238e-01 4.703106284141540527e-01 -2.184613943099975586e-01 -6.332512877720022360e-01
0.000000000000000000e+00 0.000000000000000000e+00 0.000000000000000000e+00 1.000000000000000000e+00
6.169737577438354492e-01 -7.136744260787963867e-01 3.316805660724639893e-01 1.206775008960818685e+00
-3.097973950207233429e-02 -4.431560337543487549e-01 -8.959089517593383789e-01 -3.241781046254827992e+00
7.863736748695373535e-01 5.424768924713134766e-01 -2.955252230167388916e-01 -9.184206871425928398e-01
0.000000000000000000e+00 0.000000000000000000e+00 0.000000000000000000e+00 1.000000000000000000e+00
6.183670163154602051e-01 -7.549008727073669434e-01 2.185114622116088867e-01 8.694537919768166034e-01
-1.055212244391441345e-01 -3.552797734737396240e-01 -9.287853240966796875e-01 -3.393873376680039300e+00
7.787732481956481934e-01 5.512723326683044434e-01 -2.993514835834503174e-01 -8.765330850010989439e-01
0.000000000000000000e+00 0.000000000000000000e+00 0.000000000000000000e+00 1.000000000000000000e+00
6.031335592269897461e-01 -7.926660776138305664e-01 8.893801271915435791e-02 4.045918729826210036e-01
-1.843737363815307617e-01 -2.470262646675109863e-01 -9.513065218925476074e-01 -3.599549743138108493e+00
7.760386466979980469e-01 5.573675036430358887e-01 -2.951366305351257324e-01 -8.101322466679251599e-01
0.000000000000000000e+00 0.000000000000000000e+00 0.000000000000000000e+00 1.000000000000000000e+00
6.213219165802001953e-01 -7.830847501754760742e-01 -2.716385573148727417e-02 -9.026953215826655219e-02
-2.046602368354797363e-01 -1.287242025136947632e-01 -9.703315496444702148e-01 -3.789211691433507223e+00
7.563553452491760254e-01 6.084473729133605957e-01 -2.402454167604446411e-01 -5.958820634189774257e-01
0.000000000000000000e+00 0.000000000000000000e+00 0.000000000000000000e+00 1.000000000000000000e+00
6.397276520729064941e-01 -7.571259140968322754e-01 -1.323242336511611938e-01 -6.116799409742563753e-01
-2.302385121583938599e-01 -2.451577223837375641e-02 -9.728252887725830078e-01 -3.880835178850060352e+00
7.333070039749145508e-01 6.528092622756958008e-01 -1.900029331445693970e-01 -4.237187101733269623e-01
0.000000000000000000e+00 0.000000000000000000e+00 0.000000000000000000e+00 1.000000000000000000e+00
6.437621712684631348e-01 -7.263278961181640625e-01 -2.408699542284011841e-01 -1.163446080055815512e+00
-2.382047027349472046e-01 1.089226454496383667e-01 -9.650875329971313477e-01 -3.944128181584756643e+00
7.272062897682189941e-01 6.786633729934692383e-01 -1.028944253921508789e-01 -1.013580969038499757e-01
0.000000000000000000e+00 0.000000000000000000e+00 0.000000000000000000e+00 1.000000000000000000e+00
6.127163171768188477e-01 -7.824700474739074707e-01 -1.109923794865608215e-01 -4.949222950769521789e-01
-3.043110370635986328e-01 -1.039780974388122559e-01 -9.468806982040405273e-01 -3.633821399580292155e+00
7.293651700019836426e-01 6.139453053474426270e-01 -3.018233478069305420e-01 -1.042958512139040561e+00
0.000000000000000000e+00 0.000000000000000000e+00 0.000000000000000000e+00 1.000000000000000000e+00
6.004785895347595215e-01 -7.988550662994384766e-01 -3.544068336486816406e-02 -1.434123025343732039e-01
-3.845416009426116943e-01 -2.496225386857986450e-01 -8.887162804603576660e-01 -3.262967402845111664e+00
7.011085152626037598e-01 5.472834706306457520e-01 -4.570861160755157471e-01 -1.620836868951702314e+00
0.000000000000000000e+00 0.000000000000000000e+00 0.000000000000000000e+00 1.000000000000000000e+00
5.953205227851867676e-01 -8.003560900688171387e-01 7.087594270706176758e-02 2.970748979466752426e-01
-4.506312310695648193e-01 -4.056115746498107910e-01 -7.952426671981811523e-01 -2.724233836311308110e+00
6.652253270149230957e-01 4.414854049682617188e-01 -6.021344065666198730e-01 -2.115846355725337524e+00
0.000000000000000000e+00 0.000000000000000000e+00 0.000000000000000000e+00 1.000000000000000000e+00
6.038663387298583984e-01 -7.856859564781188965e-01 1.343238800764083862e-01 5.396561611057488772e-01
-5.162205100059509277e-01 -5.138949751853942871e-01 -6.851480603218078613e-01 -2.158362424136901936e+00
6.073395609855651855e-01 3.443971574306488037e-01 -7.159114480018615723e-01 -2.451059472590669142e+00
0.000000000000000000e+00 0.000000000000000000e+00 0.000000000000000000e+00 1.000000000000000000e+00
6.001262068748474121e-01 -7.801406383514404297e-01 1.767182201147079468e-01 6.849992973957356179e-01
-5.716940760612487793e-01 -5.728340744972229004e-01 -5.873904228210449219e-01 -1.725012633728372435e+00
5.594770908355712891e-01 2.514794468879699707e-01 -7.897742986679077148e-01 -2.652292261612715585e+00
0.000000000000000000e+00 0.000000000000000000e+00 0.000000000000000000e+00 1.000000000000000000e+00
5.958148837089538574e-01 -7.853431105613708496e-01 1.680474430322647095e-01 6.030704912025689479e-01
-6.576579213142395020e-01 -5.971981287002563477e-01 -4.591731727123260498e-01 -1.251746537999907316e+00
4.609664380550384521e-01 1.630644798278808594e-01 -8.723072409629821777e-01 -2.877626438466787118e+00
0.000000000000000000e+00 0.000000000000000000e+00 0.000000000000000000e+00 1.000000000000000000e+00
5.798771381378173828e-01 -7.903439402580261230e-01 1.977359503507614136e-01 6.477048733951569215e-01
-7.103884220123291016e-01 -6.093353033065795898e-01 -3.522196710109710693e-01 -8.451942218669377116e-01
3.988619446754455566e-01 6.377466022968292236e-02 -9.147904515266418457e-01 -2.968074945280727128e+00
0.000000000000000000e+00 0.000000000000000000e+00 0.000000000000000000e+00 1.000000000000000000e+00
5.714187026023864746e-01 -7.817692160606384277e-01 2.496337294578552246e-01 7.697250812239988527e-01
-7.515438795089721680e-01 -6.206818222999572754e-01 -2.234625667333602905e-01 -3.464198418896019538e-01
3.296393156051635742e-01 -5.992003530263900757e-02 -9.422035813331604004e-01 -2.998804795114121458e+00
0.000000000000000000e+00 0.000000000000000000e+00 0.000000000000000000e+00 1.000000000000000000e+00
5.584094524383544922e-01 -7.890595793724060059e-01 2.560541927814483643e-01 7.751556463344055903e-01
-7.835980057716369629e-01 -6.030323505401611328e-01 -1.494206041097640991e-01 -7.510744962111789991e-02
2.723107933998107910e-01 -1.172056496143341064e-01 -9.550443291664123535e-01 -3.011155583282321135e+00
0.000000000000000000e+00 0.000000000000000000e+00 0.000000000000000000e+00 1.000000000000000000e+00
5.366104245185852051e-01 -8.003675341606140137e-01 2.673214972019195557e-01 7.719452826666268752e-01
-8.274906277656555176e-01 -5.611560940742492676e-01 -1.904521882534027100e-02 3.795708763301102739e-01
1.652521938085556030e-01 -2.109862864017486572e-01 -9.634191989898681641e-01 -3.010905587409424822e+00
0.000000000000000000e+00 0.000000000000000000e+00 0.000000000000000000e+00 1.000000000000000000e+00
5.249066948890686035e-01 -8.052147626876831055e-01 2.758667767047882080e-01 7.608425889733915204e-01
-8.499270677566528320e-01 -5.132935047149658203e-01 1.189728975296020508e-01 8.660391350605841643e-01
4.580186679959297180e-02 -2.969161272048950195e-01 -9.538044929504394531e-01 -2.951460933841950851e+00
0.000000000000000000e+00 0.000000000000000000e+00 0.000000000000000000e+00 1.000000000000000000e+00
5.361891984939575195e-01 -7.954691052436828613e-01 2.823647558689117432e-01 7.430146094803953272e-01
-8.418795466423034668e-01 -4.797347187995910645e-01 2.471704334020614624e-01 1.299418488473130573e+00
-6.115632131695747375e-02 -3.702470362186431885e-01 -9.269179105758666992e-01 -2.804381020668313518e+00
0.000000000000000000e+00 0.000000000000000000e+00 0.000000000000000000e+00 1.000000000000000000e+00
5.010195970535278320e-01 -8.127627968788146973e-01 2.973148226737976074e-01 7.756632768429815306e-01
-8.446947336196899414e-01 -3.844873905181884766e-01 3.723714649677276611e-01 1.725440522869161386e+00
-1.883359700441360474e-01 -4.377054572105407715e-01 -8.791719079017639160e-01 -2.564856998704869717e+00
0.000000000000000000e+00 0.000000000000000000e+00 0.000000000000000000e+00 1.000000000000000000e+00
4.805715978145599365e-01 -8.201536536216735840e-01 3.104818165302276611e-01 8.249215906370394036e-01
-8.255928158760070801e-01 -3.037339746952056885e-01 4.755442738533020020e-01 2.074427618693396091e+00
-2.957154512405395508e-01 -4.848643839359283447e-01 -8.230789899826049805e-01 -2.314815690050556096e+00
0.000000000000000000e+00 0.000000000000000000e+00 0.000000000000000000e+00 1.000000000000000000e+00
4.544775784015655518e-01 -8.368486762046813965e-01 3.051774799823760986e-01 8.586080384862803117e-01
-8.051430583000183105e-01 -2.393772453069686890e-01 5.426253676414489746e-01 2.297821946619444944e+00
-3.810430467128753662e-01 -4.923228323459625244e-01 -7.825754284858703613e-01 -2.120962937923951852e+00
0.000000000000000000e+00 0.000000000000000000e+00 0.000000000000000000e+00 1.000000000000000000e+00
4.108949303627014160e-01 -8.627225160598754883e-01 2.947454452514648438e-01 9.039062986080044215e-01
-7.866445183753967285e-01 -1.720854341983795166e-01 5.929392576217651367e-01 2.443369345410342230e+00
-4.608208835124969482e-01 -4.754959046840667725e-01 -7.493653893470764160e-01 -1.926402459385742949e+00
0.000000000000000000e+00 0.000000000000000000e+00 0.000000000000000000e+00 1.000000000000000000e+00
3.646456003189086914e-01 -8.887560367584228516e-01 2.777517735958099365e-01 9.507148512570999799e-01
-7.780058979988098145e-01 -1.269127726554870605e-01 6.153044104576110840e-01 2.472945246039953915e+00
-5.116050839424133301e-01 -4.404607415199279785e-01 -7.377358675003051758e-01 -1.800018831527743224e+00
0.000000000000000000e+00 0.000000000000000000e+00 0.000000000000000000e+00 1.000000000000000000e+00
2.579526901245117188e-01 -9.392462372779846191e-01 2.264436185359954834e-01 9.175833545638046873e-01
-7.719879746437072754e-01 -5.944255739450454712e-02 6.328517794609069824e-01 2.455009232616170323e+00
-5.809429883956909180e-01 -3.380576968193054199e-01 -7.404203414916992188e-01 -1.734335392065541770e+00
0.000000000000000000e+00 0.000000000000000000e+00 0.000000000000000000e+00 1.000000000000000000e+00
8.007778972387313843e-02 -9.788698554039001465e-01 1.881545484066009521e-01 9.432102132440557396e-01
-7.843331098556518555e-01 5.461280420422554016e-02 6.179313063621520996e-01 2.238300508605295835e+00
-6.151495575904846191e-01 -1.970583349466323853e-01 -7.633865475654602051e-01 -1.781870718430843548e+00
0.000000000000000000e+00 0.000000000000000000e+00 0.000000000000000000e+00 1.000000000000000000e+00
-9.686586260795593262e-02 -9.808349609375000000e-01 1.690565645694732666e-01 9.062147922438380521e-01
-7.867169976234436035e-01 1.794979721307754517e-01 5.906413793563842773e-01 2.020172760401599099e+00
-6.096668839454650879e-01 -7.578661292791366577e-02 -7.890265583992004395e-01 -1.879102446596040643e+00
0.000000000000000000e+00 0.000000000000000000e+00 0.000000000000000000e+00 1.000000000000000000e+00
-2.121033072471618652e-01 -9.579328894615173340e-01 1.933290660381317139e-01 9.682265661299398474e-01
-7.495952248573303223e-01 2.864037156105041504e-01 5.967239737510681152e-01 2.071507627216080838e+00
-6.269921064376831055e-01 -1.835132203996181488e-02 -7.788096666336059570e-01 -1.817432829759788149e+00
0.000000000000000000e+00 0.000000000000000000e+00 0.000000000000000000e+00 1.000000000000000000e+00
-2.639392316341400146e-01 -9.520539641380310059e-01 1.546894013881683350e-01 9.398730659550224020e-01
-7.078225016593933105e-01 3.001297712326049805e-01 6.394602060317993164e-01 2.258798384497999301e+00
-6.552277207374572754e-01 5.928605422377586365e-02 -7.531014084815979004e-01 -1.698094224486606629e+00
0.000000000000000000e+00 0.000000000000000000e+00 0.000000000000000000e+00 1.000000000000000000e+00
-3.796238303184509277e-01 -9.195880293846130371e-01 1.012088581919670105e-01 9.378808369393450972e-01
-6.903149485588073730e-01 3.543971180915832520e-01 6.307675242424011230e-01 2.190577486925898931e+00
-6.159146428108215332e-01 1.695885509252548218e-01 -7.693431973457336426e-01 -1.667637584428592001e+00
0.000000000000000000e+00 0.000000000000000000e+00 0.000000000000000000e+00 1.000000000000000000e+00
2.143311351537704468e-01 -9.271911978721618652e-01 3.072116971015930176e-01 9.226724570573425765e-01
-7.357553243637084961e-01 5.361365154385566711e-02 6.751219034194946289e-01 2.444166752881112625e+00
-6.424379348754882812e-01 -3.707324862480163574e-01 -6.706949472427368164e-01 -1.401155773375857727e+00
0.000000000000000000e+00 0.000000000000000000e+00 0.000000000000000000e+00 1.000000000000000000e+00
5.304919481277465820e-01 -7.878938913345336914e-01 3.127322793006896973e-01 7.180595651061978391e-01
-7.664045691490173340e-01 -2.881493568420410156e-01 5.741029381752014160e-01 2.322568760304273727e+00
-3.622185289859771729e-01 -5.442362427711486816e-01 -7.567063570022583008e-01 -2.160701766015073577e+00
0.000000000000000000e+00 0.000000000000000000e+00 0.000000000000000000e+00 1.000000000000000000e+00
5.889812707901000977e-01 -7.422180175781250000e-01 3.197090625762939453e-01 7.100996766722321718e-01
-7.714045643806457520e-01 -3.984082937240600586e-01 4.961915314197540283e-01 2.093553295017090310e+00
-2.409073412418365479e-01 -5.388721823692321777e-01 -8.072052597999572754e-01 -2.536747542120160848e+00
0.000000000000000000e+00 0.000000000000000000e+00 0.000000000000000000e+00 1.000000000000000000e+00
6.012468934059143066e-01 -7.460771799087524414e-01 2.861303389072418213e-01 5.845139523085601807e-01
-7.698451280593872070e-01 -4.449051022529602051e-01 4.575998485088348389e-01 1.975860595111855300e+00
-2.141040563583374023e-01 -4.954064786434173584e-01 -8.418617248535156250e-01 -2.742781243948933856e+00
0.000000000000000000e+00 0.000000000000000000e+00 0.000000000000000000e+00 1.000000000000000000e+00
6.261376738548278809e-01 -7.476849555969238281e-01 2.211755067110061646e-01 3.302450348750869402e-01
-7.587410211563110352e-01 -5.189226269721984863e-01 3.937395811080932617e-01 1.738216105611862128e+00
-1.796202659606933594e-01 -4.143503606319427490e-01 -8.922169804573059082e-01 -3.008997682398494078e+00
0.000000000000000000e+00 0.000000000000000000e+00 0.000000000000000000e+00 1.000000000000000000e+00
6.363714933395385742e-01 -7.570909261703491211e-01 1.477992683649063110e-01 4.474153883745378424e-02
-7.468320727348327637e-01 -5.567476153373718262e-01 3.636947870254516602e-01 1.647407088876451597e+00
-1.930632442235946655e-01 -3.418260514736175537e-01 -9.197181463241577148e-01 -3.167392488143194296e+00
0.000000000000000000e+00 0.000000000000000000e+00 0.000000000000000000e+00 1.000000000000000000e+00
6.482371091842651367e-01 -7.579949498176574707e-01 7.233096659183502197e-02 -2.610994376753242863e-01
-7.325173616409301758e-01 -5.948640704154968262e-01 3.309909105300903320e-01 1.524754451012008571e+00
-2.078624516725540161e-01 -2.675441503524780273e-01 -9.408577084541320801e-01 -3.297189551713345601e+00
0.000000000000000000e+00 0.000000000000000000e+00 0.000000000000000000e+00 1.000000000000000000e+00
6.659067869186401367e-01 -7.457343935966491699e-01 2.116331085562705994e-02 -4.966101144354934660e-01
-7.211565375328063965e-01 -6.361770629882812500e-01 2.742464542388916016e-01 1.305639715133928291e+00
-1.910516023635864258e-01 -1.978846937417984009e-01 -9.614265561103820801e-01 -3.428957019262651063e+00
0.000000000000000000e+00 0.000000000000000000e+00 0.000000000000000000e+00 1.000000000000000000e+00
7.109591364860534668e-01 -7.013214826583862305e-01 -5.181444063782691956e-02 -8.601219208726570420e-01
-6.797221899032592773e-01 -7.042146921157836914e-01 2.050841003656387329e-01 1.025701082584850266e+00
-1.803185194730758667e-01 -1.105869710445404053e-01 -9.773719310760498047e-01 -3.548327667657636297e+00
0.000000000000000000e+00 0.000000000000000000e+00 0.000000000000000000e+00 1.000000000000000000e+00
7.462664842605590820e-01 -6.585049629211425781e-01 -9.724753350019454956e-02 -1.093752488541989809e+00
-6.438670754432678223e-01 -7.511698603630065918e-01 1.455310732126235962e-01 7.687245213589564141e-01
-1.688823401927947998e-01 -4.599042236804962158e-02 -9.845625758171081543e-01 -3.616055517813746345e+00
0.000000000000000000e+00 0.000000000000000000e+00 0.000000000000000000e+00 1.000000000000000000e+00
7.720035314559936523e-01 -6.153311133384704590e-01 -1.593051254749298096e-01 -1.408076763746727078e+00
-6.140343546867370605e-01 -7.867434620857238770e-01 6.321722269058227539e-02 4.084265507544728724e-01
-1.642318069934844971e-01 4.901502653956413269e-02 -9.852030873298645020e-01 -3.651988654763577369e+00
0.000000000000000000e+00 0.000000000000000000e+00 0.000000000000000000e+00 1.000000000000000000e+00
7.945436239242553711e-01 -5.724654197692871094e-01 -2.024439573287963867e-01 -1.641732727822195370e+00
-5.874838232994079590e-01 -8.090366721153259277e-01 -1.796016469597816467e-02 5.077939514347548644e-02
-1.535029113292694092e-01 1.332026571035385132e-01 -9.791290163993835449e-01 -3.676032702272374664e+00
0.000000000000000000e+00 0.000000000000000000e+00 0.000000000000000000e+00 1.000000000000000000e+00
8.264456987380981445e-01 -5.127008557319641113e-01 -2.326478958129882812e-01 -1.825546855990757944e+00
-5.456414818763732910e-01 -8.312260508537292480e-01 -1.064812988042831421e-01 -3.568175373007982376e-01
-1.387898772954940796e-01 2.149433791637420654e-01 -9.667145609855651855e-01 -3.660803588605675785e+00
0.000000000000000000e+00 0.000000000000000000e+00 0.000000000000000000e+00 1.000000000000000000e+00
8.437625169754028320e-01 -4.908634424209594727e-01 -2.170670330524444580e-01 -1.820083255711432590e+00
-5.312278866767883301e-01 -8.214783072471618652e-01 -2.072932124137878418e-01 -8.168637371850806517e-01
-7.656312733888626099e-02 2.902184128761291504e-01 -9.538928270339965820e-01 -3.662531337860582159e+00
0.000000000000000000e+00 0.000000000000000000e+00 0.000000000000000000e+00 1.000000000000000000e+00
8.572254776954650879e-01 -4.839514493942260742e-01 -1.759404689073562622e-01 -1.698247171827073076e+00
-5.149093866348266602e-01 -8.093695640563964844e-01 -2.824694514274597168e-01 -1.188794005834965306e+00
-5.699190311133861542e-03 3.327334821224212646e-01 -9.430036544799804688e-01 -3.678638611633185729e+00
0.000000000000000000e+00 0.000000000000000000e+00 0.000000000000000000e+00 1.000000000000000000e+00
8.637549281120300293e-01 -4.863033294677734375e-01 -1.320468634366989136e-01 -1.559933284572781353e+00
-4.982190728187561035e-01 -7.848763465881347656e-01 -3.684378862380981445e-01 -1.589907721275899188e+00
7.553215324878692627e-02 3.840284049510955811e-01 -9.202266335487365723e-01 -3.649732342805974916e+00
0.000000000000000000e+00 0.000000000000000000e+00 0.000000000000000000e+00 1.000000000000000000e+00
8.817022442817687988e-01 -4.646805226802825928e-01 -8.168788254261016846e-02 -1.395688079378746949e+00
-4.486309885978698730e-01 -7.721347808837890625e-01 -4.500416517257690430e-01 -2.009276591697405134e+00
1.460517495870590210e-01 4.334505200386047363e-01 -8.892632126808166504e-01 -3.601536709881150156e+00
0.000000000000000000e+00 0.000000000000000000e+00 0.000000000000000000e+00 1.000000000000000000e+00
8.976306319236755371e-01 -4.396208226680755615e-01 -3.150310367345809937e-02 -1.223202930850275871e+00
-3.838336169719696045e-01 -7.445872426033020020e-01 -5.461326837539672852e-01 -2.502924196192023665e+00
2.166347801685333252e-01 5.023177862167358398e-01 -8.371058702468872070e-01 -3.529377186854393056e+00
0.000000000000000000e+00 0.000000000000000000e+00 0.000000000000000000e+00 1.000000000000000000e+00
9.338956475257873535e-01 -3.572835326194763184e-01 -1.366408262401819229e-02 -1.163480404885983033e+00
-2.890000641345977783e-01 -7.318068146705627441e-01 -6.172009706497192383e-01 -2.868908828869565664e+00
2.105164676904678345e-01 5.803505182266235352e-01 -7.866864800453186035e-01 -3.436234280077013370e+00
0.000000000000000000e+00 0.000000000000000000e+00 0.000000000000000000e+00 1.000000000000000000e+00
9.535731077194213867e-01 -2.963407039642333984e-01 5.366513133049011230e-02 -8.830916805609799747e-01
-1.842355132102966309e-01 -7.149744629859924316e-01 -6.744397282600402832e-01 -3.180813005138069194e+00
2.382331937551498413e-01 6.332405209541320801e-01 -7.363770008087158203e-01 -3.356154451296165853e+00
0.000000000000000000e+00 0.000000000000000000e+00 0.000000000000000000e+00 1.000000000000000000e+00
9.337770342826843262e-01 -3.262904584407806396e-01 1.469521671533584595e-01 -4.440344446923398247e-01
-1.236255392432212830e-01 -6.794953346252441406e-01 -7.231891155242919922e-01 -3.411305231760147993e+00
3.358231484889984131e-01 6.571304202079772949e-01 -6.748350858688354492e-01 -3.248220320448501841e+00
0.000000000000000000e+00 0.000000000000000000e+00 0.000000000000000000e+00 1.000000000000000000e+00
8.925489783287048340e-01 -3.851012289524078369e-01 2.346346974372863770e-01 1.761937994185182668e-02
-8.131942898035049438e-02 -6.492312550544738770e-01 -7.562311887741088867e-01 -3.583796828594864703e+00
4.435579180717468262e-01 6.558930277824401855e-01 -6.107868552207946777e-01 -3.059477801418978071e+00
0.000000000000000000e+00 0.000000000000000000e+00 0.000000000000000000e+00 1.000000000000000000e+00
9.621502757072448730e-01 -2.108031213283538818e-01 1.727094799280166626e-01 -3.812068236597236370e-01
-2.706530131399631500e-02 -7.045356035232543945e-01 -7.091522216796875000e-01 -3.326772500300399393e+00
2.711715698242187500e-01 6.776368021965026855e-01 -6.835747361183166504e-01 -3.124579504453137702e+00
0.000000000000000000e+00 0.000000000000000000e+00 0.000000000000000000e+00 1.000000000000000000e+00
9.467549324035644531e-01 -2.237619757652282715e-01 2.314862161874771118e-01 -1.513056122063556330e-01
-6.167819257825613022e-03 -7.314746379852294922e-01 -6.818405985832214355e-01 -3.152972790140281312e+00
3.218962252140045166e-01 6.441081166267395020e-01 -6.939072608947753906e-01 -3.215036146053417809e+00
0.000000000000000000e+00 0.000000000000000000e+00 0.000000000000000000e+00 1.000000000000000000e+00
9.266493320465087891e-01 -2.942116856575012207e-01 2.340104877948760986e-01 -1.631414163167421716e-01
-4.512348026037216187e-02 -7.050385475158691406e-01 -7.077319622039794922e-01 -3.247624005350802534e+00
3.732092678546905518e-01 6.452594995498657227e-01 -6.665989160537719727e-01 -3.115020932093883754e+00
0.000000000000000000e+00 0.000000000000000000e+00 0.000000000000000000e+00 1.000000000000000000e+00
8.632135987281799316e-01 -3.716069161891937256e-01 3.417168557643890381e-01 3.866103741986299247e-01
2.847389504313468933e-02 -6.399679780006408691e-01 -7.678735852241516113e-01 -3.618358956432223383e+00
5.040349960327148438e-01 6.725692152976989746e-01 -5.418481230735778809e-01 -2.618939836026983325e+00
0.000000000000000000e+00 0.000000000000000000e+00 0.000000000000000000e+00 1.000000000000000000e+00
7.544584274291992188e-01 -4.851928949356079102e-01 4.420183002948760986e-01 9.930622672362426906e-01
8.209729939699172974e-02 -5.984019041061401367e-01 -7.969785332679748535e-01 -3.805388408504137843e+00
6.511930227279663086e-01 6.375759243965148926e-01 -4.116363823413848877e-01 -2.123092069441453233e+00
0.000000000000000000e+00 0.000000000000000000e+00 0.000000000000000000e+00 1.000000000000000000e+00
6.249646544456481934e-01 -5.833452939987182617e-01 5.187748670578002930e-01 1.512648332409829433e+00
1.359599232673645020e-01 -5.730488896369934082e-01 -8.081645369529724121e-01 -3.893824646950684087e+00
7.687221169471740723e-01 5.756067037582397461e-01 -2.788237333297729492e-01 -1.550657967989380825e+00
0.000000000000000000e+00 0.000000000000000000e+00 0.000000000000000000e+00 1.000000000000000000e+00
4.530435204505920410e-01 -6.548938155174255371e-01 6.048683524131774902e-01 2.103764367511204991e+00
2.597694694995880127e-01 -5.520725846290588379e-01 -7.922979593276977539e-01 -3.897993228926520892e+00
8.528018593788146973e-01 5.160714983940124512e-01 -7.999163120985031128e-02 -6.311775124834991813e-01
0.000000000000000000e+00 0.000000000000000000e+00 0.000000000000000000e+00 1.000000000000000000e+00
3.727450668811798096e-01 -6.757071018218994141e-01 6.359885334968566895e-01 2.333836362975510337e+00
3.326628506183624268e-01 -5.425179004669189453e-01 -7.713688015937805176e-01 -3.838828332645383590e+00
8.662543892860412598e-01 4.990937113761901855e-01 2.256182394921779633e-02 -1.221932068125960447e-01
0.000000000000000000e+00 0.000000000000000000e+00 0.000000000000000000e+00 1.000000000000000000e+00
3.119083046913146973e-01 -6.915261745452880859e-01 6.515399813652038574e-01 2.481372221003049106e+00
3.824295699596405029e-01 -5.363699197769165039e-01 -7.523661255836486816e-01 -3.770081054874240056e+00
8.697476387023925781e-01 4.838375449180603027e-01 9.716193377971649170e-02 2.814692512741662211e-01
0.000000000000000000e+00 0.000000000000000000e+00 0.000000000000000000e+00 1.000000000000000000e+00
5.006223917007446289e-01 -4.888227581977844238e-01 7.144433856010437012e-01 2.827054014250631298e+00
