0.7587294578552246 0.6373360157012939 -0.134656086564064 0.01497293263673782 
-0.5989077091217041 0.6012125015258789 -0.5290111899375916 0.170937180519104 
-0.2562010884284973 0.4820229411125183 0.8378632068634033 -0.2149054259061813 
0 0 0 1 

0.7900237441062927 0.5948822498321533 -0.1482481360435486 0.01599776558578014 
-0.537362813949585 0.555501401424408 -0.6345542669296265 0.1981242448091507 
-0.2951331436634064 0.5809760093688965 0.7585269808769226 -0.1861245483160019 
0 0 0 1 

0.8136668801307678 0.5637837648391724 -0.1417533904314041 0.01229930948466063 
-0.4819797277450562 0.5179113745689392 -0.7067270278930664 0.2169686108827591 
-0.3250257074832916 0.6433626413345337 0.6931397318840027 -0.1628649979829788 
0 0 0 1 

0.841044008731842 0.5254724621772766 -0.1285446137189865 0.005491758231073618 
-0.4117802679538727 0.4677580595016479 -0.7820737361907959 0.2365466803312302 
-0.350830465555191 0.7106904983520508 0.6097843050956726 -0.1388413906097412 
0 0 0 1 

0.8711646795272827 0.4822560250759125 -0.09220194071531296 -0.006801731884479523 
-0.3268445432186127 0.4294696748256683 -0.8418599367141724 0.2509084939956665 
-0.3663941919803619 0.7635343074798584 0.531761646270752 -0.1182140782475471 
0 0 0 1 

0.8334740400314331 0.5472234487533569 -0.07659882307052612 -0.01474333927035332 
-0.4498524069786072 0.5915034413337708 -0.669145941734314 0.2170022875070572 
-0.3208639919757843 0.5921739339828491 0.739172637462616 -0.1797876954078674 
0 0 0 1 

0.8354752659797668 0.5462936162948608 -0.05953339487314224 -0.02091341093182564 
-0.4659487009048462 0.6468027234077454 -0.6037696003913879 0.1980176866054535 
-0.2913292348384857 0.5321740508079529 0.7949326038360596 -0.1973843574523926 
0 0 0 1 

0.8552939891815186 0.5152006149291992 -0.05513977259397507 -0.0224435031414032 
-0.4622398316860199 0.710600733757019 -0.5304533839225769 0.1757285594940186 
-0.2341076284646988 0.4791813790798187 0.8459188342094421 -0.2140791118144989 
0 0 0 1 

0.4229293763637543 0.6352025866508484 -0.6462571620941162 0.1894195824861526 
-0.8377948403358459 0.002336938865482807 -0.5459801554679871 0.226308286190033 
-0.3452977240085602 0.7723420262336731 0.5331578850746155 -0.1324490010738373 
0 0 0 1 

0.1069275513291359 0.992290735244751 -0.06265432387590408 0.03895475342869759 
-0.5029480457305908 -0.0003770977782551199 -0.8643165230751038 0.2990898489952087 
-0.8576769232749939 0.1239310950040817 0.4990304410457611 -0.1108785197138786 
0 0 0 1 

