0.7587295770645142 0.6373357772827148 -0.1346560418605804 0.01497291494160891 
-0.5989075899124146 0.6012126803398132 -0.529011070728302 0.1709371209144592 
-0.2562009990215302 0.4820228219032288 0.8378632664680481 -0.2149054557085037 
0 0 0 1 

0.7900237441062927 0.594882071018219 -0.148248091340065 0.0159977450966835 
-0.537362813949585 0.5555015206336975 -0.6345541477203369 0.1981242597103119 
-0.2951330542564392 0.5809758305549622 0.7585271000862122 -0.1861245632171631 
0 0 0 1 

0.8136668801307678 0.5637837052345276 -0.1417533308267593 0.01229928992688656 
-0.4819796979427338 0.517911434173584 -0.7067269682884216 0.2169685363769531 
-0.3250256180763245 0.6433625817298889 0.6931397914886475 -0.1628650277853012 
0 0 0 1 

0.841044008731842 0.5254723429679871 -0.1285445541143417 0.0054917405359447 
-0.4117802381515503 0.4677581489086151 -0.7820736169815063 0.2365466952323914 
-0.3508303761482239 0.710690438747406 0.6097844243049622 -0.1388413906097412 
0 0 0 1 

0.8711646795272827 0.4822559356689453 -0.09220188111066818 -0.006801748648285866 
-0.3268445730209351 0.4294698536396027 -0.8418598771095276 0.2509084939956665 
-0.3663941025733948 0.7635342478752136 0.5317617654800415 -0.1182141005992889 
0 0 0 1 

0.8334741592407227 0.5472233295440674 -0.07659871876239777 -0.01474336348474026 
-0.4498523473739624 0.5915036201477051 -0.6691458225250244 0.217002272605896 
-0.3208638727664948 0.5921738147735596 0.7391727566719055 -0.1797877252101898 
0 0 0 1 

0.8354753255844116 0.5462934374809265 -0.05953336879611015 -0.02091342769563198 
-0.465948611497879 0.6468029022216797 -0.6037694811820984 0.1980176270008087 
-0.2913291752338409 0.5321739315986633 0.7949327230453491 -0.197384387254715 
0 0 0 1 

0.8552941083908081 0.5152004957199097 -0.05513974651694298 -0.02244351990520954 
-0.4622397720813751 0.7106007933616638 -0.5304533243179321 0.1757285445928574 
-0.234107568860054 0.479181319475174 0.8459189534187317 -0.2140791118144989 
0 0 0 1 

0.4229293167591095 0.6352026462554932 -0.6462573409080505 0.189419612288475 
-0.8377949595451355 0.00233678100630641 -0.5459802746772766 0.2263083606958389 
-0.3452978134155273 0.7723420858383179 0.5331577062606812 -0.1324490010738373 
0 0 0 1 

0.1060913577675819 0.9934020638465881 -0.04356103762984276 0.03353564813733101 
-0.4755615293979645 0.01221738290041685 -0.879598081111908 0.3043275475502014 
-0.8732620477676392 0.1140335127711296 0.4737198054790497 -0.1005335375666618 
0 0 0 1 

