0.8468644022941589 0.5315337777137756 0.01709639467298985 -0.03611905872821808 
-0.5218496918678284 0.8367682695388794 -0.1658055633306503 0.07757768779993057 
-0.1024370416998863 0.1314930468797684 0.9860102534294128 -0.288630485534668 
0 0 0 1 

0.7927359938621521 0.6095398664474487 -0.005534905474632978 -0.0259191207587719 
-0.6014049053192139 0.7806107997894287 -0.1701730638742447 0.08247298747301102 
-0.09940668940544128 0.13823102414608 0.9853986501693726 -0.2894992232322693 
0 0 0 1 

0.723878800868988 0.6891480684280396 -0.03277335688471794 -0.01235748361796141 
-0.6841518878936768 0.7108758687973022 -0.1630686521530151 0.08328758180141449 
-0.08908073604106903 0.1404638886451721 0.9860702157020569 -0.2905575931072235 
0 0 0 1 

0.6485869884490967 0.7604149580001831 -0.03322289511561394 -0.007064888719469309 
-0.7566990852355957 0.6394795179367065 -0.1359122395515442 0.07761089503765106 
-0.08210439234972 0.1132906377315521 0.9901636838912964 -0.2935801148414612 
0 0 0 1 

0.5516348481178284 0.8328518271446228 -0.0453503206372261 0.002561281202360988 
-0.832298219203949 0.5460808873176575 -0.09526349604129791 0.06667549908161163 
-0.05457545816898346 0.09029565751552582 0.9944185018539429 -0.2983039617538452 
0 0 0 1 

0.4569967985153198 0.8583899140357971 -0.2330674231052399 0.06546927243471146 
-0.8885292410850525 0.4285266399383545 -0.163952648639679 0.08645807206630707 
-0.04085975512862206 0.2820130884647369 0.9585400819778442 -0.274708479642868 
0 0 0 1 

0.5331191420555115 0.8184393048286438 -0.2143383771181107 0.05420856550335884 
-0.8420255780220032 0.4886292219161987 -0.2285480350255966 0.1041673719882965 
-0.08232072740793228 0.3023217618465424 0.9496445655822754 -0.2683417201042175 
0 0 0 1 

0.59450763463974 0.776745617389679 -0.2079103589057922 0.04770779609680176 
-0.7950592637062073 0.5291978716850281 -0.2963617146015167 0.1209336966276169 
-0.120172031223774 0.3414903581142426 0.932171106338501 -0.2594418823719025 
0 0 0 1 

0.6757367849349976 0.7141902446746826 -0.1825151741504669 0.03420809656381607 
-0.7200794219970703 0.5865761041641235 -0.37069371342659 0.1361304819583893 
-0.1576869189739227 0.3819167912006378 0.9106450080871582 -0.2491479218006134 
0 0 0 1 

0.7136691212654114 0.6834625601768494 -0.1534770131111145 0.02336577139794827 
-0.6744373440742493 0.6112465858459473 -0.4141397178173065 0.1437596827745438 
-0.1892367899417877 0.3990693390369415 0.8971806168556213 -0.2414932250976562 
0 0 0 1 

