-0.1882471144199371 0.7544311881065369 0.6288057565689087 -0.1883547902107239 
-0.90033358335495 0.1232333332300186 -0.4173883497714996 0.1778843253850937 
-0.3923806250095367 -0.6447070240974426 0.6560413837432861 -0.2017579525709152 
0 0 0 1 

-0.1611247807741165 0.7312535047531128 0.6628023982048035 -0.2022922784090042 
-0.9353759288787842 0.1010775789618492 -0.3389028012752533 0.1531079560518265 
-0.3148182928562164 -0.6745750904083252 0.6677109003067017 -0.2062079161405563 
0 0 0 1 

-0.1118095517158508 0.7064241766929626 0.6989014744758606 -0.2170094549655914 
-0.9616312384605408 0.1003942638635635 -0.2553157806396484 0.1254281848669052 
-0.2505269050598145 -0.7006323337554932 0.6680946946144104 -0.204459011554718 
0 0 0 1 

-0.1419164687395096 0.6147964000701904 0.7758123278617859 -0.243874803185463 
-0.9661569595336914 0.08452066779136658 -0.2437143921852112 0.1237372756004333 
-0.2154068797826767 -0.7841436862945557 0.5819951891899109 -0.1710028648376465 
0 0 0 1 

-0.2003835439682007 0.5852001905441284 0.7857398986816406 -0.2461257129907608 
-0.9736790657043457 -0.03004783391952515 -0.2259338200092316 0.120029404759407 
-0.1086066737771034 -0.8103318810462952 0.5758183002471924 -0.1674508601427078 
0 0 0 1 

-0.2516695261001587 0.4448511004447937 0.8595170378684998 -0.2623259425163269 
-0.9644637703895569 -0.0414571724832058 -0.2609418630599976 0.1313599795103073 
-0.08044706284999847 -0.8946443200111389 0.4394765496253967 -0.120008572936058 
0 0 0 1 

-0.3338378667831421 0.3405221998691559 0.8789747953414917 -0.2582572996616364 
-0.9425903558731079 -0.1291905343532562 -0.3079498708248138 0.1458717882633209 
0.008691553026437759 -0.9313185811042786 0.3641017079353333 -0.09975743293762207 
0 0 0 1 

-0.3609326481819153 0.3603277802467346 0.8601694107055664 -0.244479238986969 
-0.9285541176795959 -0.2245859801769257 -0.2955475449562073 0.1393974423408508 
0.08668807148933411 -0.9053866863250732 0.4156442582607269 -0.1238488033413887 
0 0 0 1 

-0.3764752447605133 0.4558330476284027 0.8065250515937805 -0.221821516752243 
-0.9227429628372192 -0.2620599269866943 -0.2826127111911774 0.1327613741159439 
0.08253365010023117 -0.8506119847297668 0.5192757844924927 -0.1632909178733826 
0 0 0 1 

-0.387571781873703 0.2406115829944611 0.8898842930793762 -0.2430157065391541 
-0.9167512059211731 -0.2018882185220718 -0.3446855843067169 0.1510365158319473 
0.09672193229198456 -0.9493930339813232 0.2988272309303284 -0.09443355351686478 
0 0 0 1 

