1.000000000000000000e+00 0.000000000000000000e+00 0.000000000000000000e+00 -4.542167112231254578e-02
0.000000000000000000e+00 1.000000000000000000e+00 0.000000000000000000e+00 9.935460984706878662e-04
0.000000000000000000e+00 0.000000000000000000e+00 1.000000000000000000e+00 -2.875000238418579102e-01
0.000000000000000000e+00 0.000000000000000000e+00 0.000000000000000000e+00 1.000000000000000000e+00
9.967637658119201660e-01 7.779825478792190552e-02 2.023957297205924988e-02 -4.978086426854133606e-02
-7.747440785169601440e-02 9.968606829643249512e-01 -1.632189750671386719e-02 9.216496720910072327e-03
-2.144584432244300842e-02 1.470103953033685684e-02 9.996618628501892090e-01 -2.929955124855041504e-01
0.000000000000000000e+00 0.000000000000000000e+00 0.000000000000000000e+00 1.000000000000000000e+00
9.854829311370849609e-01 1.646453142166137695e-01 4.141595587134361267e-02 -5.453307926654815674e-02
-1.624701470136642456e-01 9.853770136833190918e-01 -5.133559182286262512e-02 2.521221153438091278e-02
-4.926254227757453918e-02 4.386146366596221924e-02 9.978222250938415527e-01 -2.921859323978424072e-01
0.000000000000000000e+00 0.000000000000000000e+00 0.000000000000000000e+00 1.000000000000000000e+00
9.655416607856750488e-01 2.554694414138793945e-01 4.964448511600494385e-02 -5.464997887611389160e-02
-2.513494789600372314e-01 9.648591279983520508e-01 -7.661668956279754639e-02 3.811491653323173523e-02
-6.747318059206008911e-02 6.149849668145179749e-02 9.958239197731018066e-01 -2.911915481090545654e-01
0.000000000000000000e+00 0.000000000000000000e+00 0.000000000000000000e+00 1.000000000000000000e+00
9.381036758422851562e-01 3.419431149959564209e-01 5.510215088725090027e-02 -5.361130461096763611e-02
-3.336651623249053955e-01 9.348930120468139648e-01 -1.210057213902473450e-01 5.611606314778327942e-02
-9.289176017045974731e-02 9.513019770383834839e-02 9.911212921142578125e-01 -2.890755236148834229e-01
0.000000000000000000e+00 0.000000000000000000e+00 0.000000000000000000e+00 1.000000000000000000e+00
8.899238705635070801e-01 4.540886878967285156e-01 4.287863150238990784e-02 -4.642892256379127502e-02
-4.451566338539123535e-01 8.851860761642456055e-01 -1.352066695690155029e-01 6.491262465715408325e-02
-9.935145825147628784e-02 1.012359112501144409e-01 9.898890852928161621e-01 -2.896369695663452148e-01
0.000000000000000000e+00 0.000000000000000000e+00 0.000000000000000000e+00 1.000000000000000000e+00
8.441125750541687012e-01 5.357121229171752930e-01 2.205505967140197754e-02 -3.735022991895675659e-02
-5.253114104270935059e-01 8.345589041709899902e-01 -1.660100966691970825e-01 7.808904349803924561e-02
-1.073399335145950317e-01 1.285453885793685913e-01 9.858774542808532715e-01 -2.885959446430206299e-01
0.000000000000000000e+00 0.000000000000000000e+00 0.000000000000000000e+00 1.000000000000000000e+00
7.901911735534667969e-01 6.128329634666442871e-01 5.807461217045783997e-03 -2.913460321724414825e-02
-6.033250093460083008e-01 7.795263528823852539e-01 -1.683360189199447632e-01 8.253896236419677734e-02
-1.076889485120773315e-01 1.295137852430343628e-01 9.857127666473388672e-01 -2.894706130027770996e-01
0.000000000000000000e+00 0.000000000000000000e+00 0.000000000000000000e+00 1.000000000000000000e+00
7.164661884307861328e-01 6.973977088928222656e-01 -1.768037676811218262e-02 -1.640229858458042145e-02
-6.904000639915466309e-01 7.051841616630554199e-01 -1.614406853914260864e-01 8.369307219982147217e-02
-1.001204997301101685e-01 1.278733164072036743e-01 9.867238402366638184e-01 -2.905433177947998047e-01
0.000000000000000000e+00 0.000000000000000000e+00 0.000000000000000000e+00 1.000000000000000000e+00
6.466248631477355957e-01 7.625504732131958008e-01 -1.980379596352577209e-02 -1.085247285664081573e-02
-7.569531798362731934e-01 6.382354497909545898e-01 -1.402729004621505737e-01 7.953755557537078857e-02
-9.432572871446609497e-02 1.056945249438285828e-01 9.899149537086486816e-01 -2.932029366493225098e-01
0.000000000000000000e+00 0.000000000000000000e+00 0.000000000000000000e+00 1.000000000000000000e+00
5.495599508285522461e-01 8.349230289459228516e-01 -2.978735789656639099e-02 -1.838238560594618320e-03
-8.331418633460998535e-01 5.450393557548522949e-01 -9.384576976299285889e-02 6.655899435281753540e-02
-6.211875006556510925e-02 7.639091461896896362e-02 9.951407909393310547e-01 -2.986542284488677979e-01
0.000000000000000000e+00 0.000000000000000000e+00 0.000000000000000000e+00 1.000000000000000000e+00
4.532589614391326904e-01 8.882714509963989258e-01 -7.436531037092208862e-02 1.872952282428741455e-02
-8.912922143936157227e-01 4.504727423191070557e-01 -5.169196426868438721e-02 5.406789854168891907e-02
-1.241694949567317963e-02 8.971106261014938354e-02 9.958906173706054688e-01 -3.028191924095153809e-01
0.000000000000000000e+00 0.000000000000000000e+00 0.000000000000000000e+00 1.000000000000000000e+00
3.553926646709442139e-01 9.303100109100341797e-01 -9.066208451986312866e-02 2.780009061098098755e-02
-9.345369935035705566e-01 3.555508553981781006e-01 -1.494798343628644943e-02 4.024498909711837769e-02
1.832871325314044952e-02 9.003951400518417358e-02 9.957695603370666504e-01 -3.044461905956268311e-01
0.000000000000000000e+00 0.000000000000000000e+00 0.000000000000000000e+00 1.000000000000000000e+00
2.708561122417449951e-01 9.560675024986267090e-01 -1.121218502521514893e-01 3.749757632613182068e-02
-9.597775340080261230e-01 2.771626114845275879e-01 4.481317102909088135e-02 1.739204674959182739e-02
7.392040640115737915e-02 9.547409415245056152e-02 9.926833510398864746e-01 -3.037770092487335205e-01
0.000000000000000000e+00 0.000000000000000000e+00 0.000000000000000000e+00 1.000000000000000000e+00
1.915294528007507324e-01 9.704520106315612793e-01 -1.467638462781906128e-01 4.990488663315773010e-02
-9.726076126098632812e-01 2.077311128377914429e-01 1.043175235390663147e-01 -4.577645100653171539e-03
1.317225396633148193e-01 1.227636933326721191e-01 9.836555719375610352e-01 -3.021102547645568848e-01
0.000000000000000000e+00 0.000000000000000000e+00 0.000000000000000000e+00 1.000000000000000000e+00
1.158975586295127869e-01 9.815974235534667969e-01 -1.517696827650070190e-01 5.293386429548263550e-02
-9.703845977783203125e-01 1.445035189390182495e-01 1.935770213603973389e-01 -3.529520705342292786e-02
2.119459509849548340e-01 1.248398497700691223e-01 9.692747592926025391e-01 -2.990498542785644531e-01
0.000000000000000000e+00 0.000000000000000000e+00 0.000000000000000000e+00 1.000000000000000000e+00
1.880911141633987427e-01 9.732387065887451172e-01 -1.320149004459381104e-01 4.614510387182235718e-02
-9.546253085136413574e-01 2.127598971128463745e-01 2.083834707736968994e-01 -3.922169283032417297e-02
2.308943718671798706e-01 8.682972192764282227e-02 9.690964221954345703e-01 -2.970210313796997070e-01
0.000000000000000000e+00 0.000000000000000000e+00 0.000000000000000000e+00 1.000000000000000000e+00
2.763419151306152344e-01 9.516412615776062012e-01 -1.342158615589141846e-01 4.432948678731918335e-02
-9.370854496955871582e-01 2.978061437606811523e-01 1.821598410606384277e-01 -2.888352423906326294e-02
2.133211642503738403e-01 7.543332129716873169e-02 9.740656614303588867e-01 -2.959810495376586914e-01
0.000000000000000000e+00 0.000000000000000000e+00 0.000000000000000000e+00 1.000000000000000000e+00
3.308999538421630859e-01 9.334623217582702637e-01 -1.383946835994720459e-01 4.387012869119644165e-02
-9.323464632034301758e-01 3.460426926612854004e-01 1.048038750886917114e-01 -1.801045378670096397e-03
1.457209438085556030e-01 9.435225278139114380e-02 9.848161339759826660e-01 -2.956660985946655273e-01
0.000000000000000000e+00 0.000000000000000000e+00 0.000000000000000000e+00 1.000000000000000000e+00
3.636256754398345947e-01 9.147851467132568359e-01 -1.759095788002014160e-01 5.392274260520935059e-02
-9.283166527748107910e-01 3.715536594390869141e-01 1.325641199946403503e-02 3.063247352838516235e-02
7.748661190271377563e-02 1.584794521331787109e-01 9.843171834945678711e-01 -2.915751636028289795e-01
0.000000000000000000e+00 0.000000000000000000e+00 0.000000000000000000e+00 1.000000000000000000e+00
4.013907313346862793e-01 8.968411684036254883e-01 -1.859066337347030640e-01 5.503059923648834229e-02
-9.157779812812805176e-01 3.963839113712310791e-01 -6.503923237323760986e-02 5.689967423677444458e-02
1.536055188626050949e-02 1.963553428649902344e-01 9.804123640060424805e-01 -2.866044044494628906e-01
0.000000000000000000e+00 0.000000000000000000e+00 0.000000000000000000e+00 1.000000000000000000e+00
4.581796228885650635e-01 8.603635430335998535e-01 -2.232618033885955811e-01 6.287316977977752686e-02
-8.879174590110778809e-01 4.314595758914947510e-01 -1.595148146152496338e-01 8.571396768093109131e-02
-4.091232270002365112e-02 2.713244557380676270e-01 9.616177082061767578e-01 -2.758222818374633789e-01
0.000000000000000000e+00 0.000000000000000000e+00 0.000000000000000000e+00 1.000000000000000000e+00
5.334600210189819336e-01 8.223756551742553711e-01 -1.977844089269638062e-01 4.966670274734497070e-02
-8.407911658287048340e-01 4.901089966297149658e-01 -2.299210131168365479e-01 1.050170809030532837e-01
-9.214557707309722900e-02 2.889491021633148193e-01 9.528997540473937988e-01 -2.691926360130310059e-01
0.000000000000000000e+00 0.000000000000000000e+00 0.000000000000000000e+00 1.000000000000000000e+00
5.912188291549682617e-01 7.836845517158508301e-01 -1.905230134725570679e-01 4.349733144044876099e-02
-7.962443232536315918e-01 5.295998454093933105e-01 -2.924355566501617432e-01 1.203770786523818970e-01
-1.282764077186584473e-01 3.245963454246520996e-01 9.371137022972106934e-01 -2.609075605869293213e-01
0.000000000000000000e+00 0.000000000000000000e+00 0.000000000000000000e+00 1.000000000000000000e+00
6.686550974845886230e-01 7.256423830986022949e-01 -1.623062640428543091e-01 2.894070185720920563e-02
-7.229466438293457031e-01 5.833758115768432617e-01 -3.701618611812591553e-01 1.366242468357086182e-01
-1.739197373390197754e-01 3.648495376110076904e-01 9.146782755851745605e-01 -2.498681396245956421e-01
0.000000000000000000e+00 0.000000000000000000e+00 0.000000000000000000e+00 1.000000000000000000e+00
7.335115075111389160e-01 6.618480682373046875e-01 -1.546539068222045898e-01 2.311231382191181183e-02
-6.503159999847412109e-01 6.172596216201782227e-01 -4.428086578845977783e-01 1.511194556951522827e-01
-1.976105570793151855e-01 4.253790974617004395e-01 8.831776380538940430e-01 -2.356028258800506592e-01
0.000000000000000000e+00 0.000000000000000000e+00 0.000000000000000000e+00 1.000000000000000000e+00
7.603184580802917480e-01 6.362906694412231445e-01 -1.305755078792572021e-01 1.394378021359443665e-02
-5.960836410522460938e-01 6.036226749420166016e-01 -5.294561386108398438e-01 1.709568947553634644e-01
-2.580697238445281982e-01 4.803891181945800781e-01 8.382279276847839355e-01 -2.146355509757995605e-01
0.000000000000000000e+00 0.000000000000000000e+00 0.000000000000000000e+00 1.000000000000000000e+00
7.894656658172607422e-01 5.975610017776489258e-01 -1.402309536933898926e-01 1.397232059389352798e-02
-5.362886190414428711e-01 5.604037046432495117e-01 -6.311435699462890625e-01 1.969249844551086426e-01
-2.985609173774719238e-01 5.734703540802001953e-01 7.628846168518066406e-01 -1.870451420545578003e-01
0.000000000000000000e+00 0.000000000000000000e+00 0.000000000000000000e+00 1.000000000000000000e+00
8.118636608123779297e-01 5.671926140785217285e-01 -1.384558081626892090e-01 1.151551678776741028e-02
-4.811873137950897217e-01 5.157184004783630371e-01 -7.088675498962402344e-01 2.173532843589782715e-01
-3.306601643562316895e-01 6.421267390251159668e-01 6.916190385818481445e-01 -1.620431393384933472e-01
0.000000000000000000e+00 0.000000000000000000e+00 0.000000000000000000e+00 1.000000000000000000e+00
8.397364616394042969e-01 5.290097594261169434e-01 -1.224379986524581909e-01 4.404340870678424835e-03
-4.095461964607238770e-01 4.689940512180328369e-01 -7.825064659118652344e-01 2.364123165607452393e-01
-3.565309345722198486e-01 7.072432637214660645e-01 6.104853749275207520e-01 -1.387707740068435669e-01
0.000000000000000000e+00 0.000000000000000000e+00 0.000000000000000000e+00 1.000000000000000000e+00
8.686594367027282715e-01 4.882778525352478027e-01 -8.375874906778335571e-02 -9.055375121533870697e-03
-3.225012719631195068e-01 4.289985299110412598e-01 -8.437730073928833008e-01 2.511316537857055664e-01
-3.760633766651153564e-01 7.599637508392333984e-01 5.301238298416137695e-01 -1.170247495174407959e-01
0.000000000000000000e+00 0.000000000000000000e+00 0.000000000000000000e+00 1.000000000000000000e+00
8.852934837341308594e-01 4.613853693008422852e-01 -5.813045054674148560e-02 -1.622962020337581635e-02
-2.279740571975708008e-01 3.216436207294464111e-01 -9.190065860748291016e-01 2.653964757919311523e-01
-4.053189456462860107e-01 8.268426656723022461e-01 3.899328708648681641e-01 -7.924983650445938110e-02
0.000000000000000000e+00 0.000000000000000000e+00 0.000000000000000000e+00 1.000000000000000000e+00
8.715888857841491699e-01 4.894276857376098633e-01 -2.816445752978324890e-02 -2.924607694149017334e-02
-9.981256723403930664e-02 1.209156140685081482e-01 -9.876317977905273438e-01 2.827033996582031250e-01
-4.799689948558807373e-01 8.636202812194824219e-01 1.542397737503051758e-01 -1.244893111288547516e-02
0.000000000000000000e+00 0.000000000000000000e+00 0.000000000000000000e+00 1.000000000000000000e+00
8.656200766563415527e-01 4.994200468063354492e-01 -3.579251468181610107e-02 -2.473768778145313263e-02
-9.632837027311325073e-02 9.595862030982971191e-02 -9.907131195068359375e-01 2.828606367111206055e-01
-4.913475215435028076e-01 8.610290884971618652e-01 1.311720311641693115e-01 -1.270526647567749023e-02
0.000000000000000000e+00 0.000000000000000000e+00 0.000000000000000000e+00 1.000000000000000000e+00
8.357583284378051758e-01 5.485917329788208008e-01 -2.356133796274662018e-02 -2.383892983198165894e-02
-9.923605620861053467e-02 1.087013632059097290e-01 -9.891085624694824219e-01 2.824952304363250732e-01
-5.400557518005371094e-01 8.289937376976013184e-01 1.452881693840026855e-01 -1.529768109321594238e-02
0.000000000000000000e+00 0.000000000000000000e+00 0.000000000000000000e+00 1.000000000000000000e+00
8.103138208389282227e-01 5.837653875350952148e-01 -5.108040943741798401e-02 -1.578486338257789612e-02
-2.359102070331573486e-01 2.451815605163574219e-01 -9.403363466262817383e-01 2.744486033916473389e-01
-5.364118218421936035e-01 7.740178704261779785e-01 3.363902568817138672e-01 -5.899991467595100403e-02
0.000000000000000000e+00 0.000000000000000000e+00 0.000000000000000000e+00 1.000000000000000000e+00
8.252739906311035156e-01 5.586951375007629395e-01 -8.235567063093185425e-02 -7.985272444784641266e-03
-3.030259311199188232e-01 3.150348067283630371e-01 -8.994041085243225098e-01 2.659085690975189209e-01
-4.765480458736419678e-01 7.672109007835388184e-01 4.292893111705780029e-01 -8.571733534336090088e-02
0.000000000000000000e+00 0.000000000000000000e+00 0.000000000000000000e+00 1.000000000000000000e+00
8.144402503967285156e-01 5.718331933021545410e-01 -9.845820814371109009e-02 -3.409761469811201096e-03
-3.638767302036285400e-01 3.711619675159454346e-01 -8.543022274971008301e-01 2.561930418014526367e-01
-4.519745409488677979e-01 7.316047549247741699e-01 5.103660225868225098e-01 -1.093672141432762146e-01
0.000000000000000000e+00 0.000000000000000000e+00 0.000000000000000000e+00 1.000000000000000000e+00
8.347002267837524414e-01 5.450856685638427734e-01 -7.846461981534957886e-02 -1.426983345299959183e-02
-4.507077336311340332e-01 5.942944288253784180e-01 -6.660906076431274414e-01 2.157438695430755615e-01
-3.164453804492950439e-01 5.913505554199218750e-01 7.417323589324951172e-01 -1.808293461799621582e-01
0.000000000000000000e+00 0.000000000000000000e+00 0.000000000000000000e+00 1.000000000000000000e+00
8.321487307548522949e-01 5.518186688423156738e-01 -5.499516800045967102e-02 -2.218601852655410767e-02
-4.667948484420776367e-01 6.434702873229980469e-01 -6.066698431968688965e-01 1.985829770565032959e-01
-2.993841171264648438e-01 5.305109024047851562e-01 7.930490970611572266e-01 -1.964977085590362549e-01
0.000000000000000000e+00 0.000000000000000000e+00 0.000000000000000000e+00 1.000000000000000000e+00
8.557417988777160645e-01 5.143815279006958008e-01 -5.583454295992851257e-02 -2.230587974190711975e-02
-4.613782763481140137e-01 7.097852230072021484e-01 -5.322922468185424805e-01 1.760772317647933960e-01
-2.341707497835159302e-01 4.812653362751007080e-01 8.447174429893493652e-01 -2.136050611734390259e-01
0.000000000000000000e+00 0.000000000000000000e+00 0.000000000000000000e+00 1.000000000000000000e+00
8.720036149024963379e-01 4.893951117992401123e-01 -1.008906494826078415e-02 -3.400373086333274841e-02
-4.540678560733795166e-01 8.010150790214538574e-01 -3.901242613792419434e-01 1.347768157720565796e-01
-1.828435957431793213e-01 3.447708487510681152e-01 9.207069277763366699e-01 -2.364902943372726440e-01
0.000000000000000000e+00 0.000000000000000000e+00 0.000000000000000000e+00 1.000000000000000000e+00
8.771380782127380371e-01 4.800343215465545654e-01 -1.398805808275938034e-02 -3.118499368429183960e-02
-4.673390984535217285e-01 8.465107679367065430e-01 -2.549776732921600342e-01 9.755271673202514648e-02
-1.105570644140243530e-01 2.301878482103347778e-01 9.668456912040710449e-01 -2.524804174900054932e-01
0.000000000000000000e+00 0.000000000000000000e+00 0.000000000000000000e+00 1.000000000000000000e+00
8.800443410873413086e-01 4.748010039329528809e-01 -9.242614731192588806e-03 -2.853081561625003815e-02
-4.746887087821960449e-01 8.789345622062683105e-01 -4.630878195166587830e-02 3.862962871789932251e-02
-1.386381871998310089e-02 4.514116421341896057e-02 9.988843798637390137e-01 -2.657161951065063477e-01
0.000000000000000000e+00 0.000000000000000000e+00 0.000000000000000000e+00 1.000000000000000000e+00
8.862005472183227539e-01 4.631868302822113037e-01 -1.032348442822694778e-02 -2.657424844801425934e-02
-4.622373878955841064e-01 8.854545950889587402e-01 4.802959039807319641e-02 1.094223279505968094e-02
3.138765320181846619e-02 -3.779193758964538574e-02 9.987927675247192383e-01 -2.684169411659240723e-01
0.000000000000000000e+00 0.000000000000000000e+00 0.000000000000000000e+00 1.000000000000000000e+00
8.937492370605468750e-01 4.484537243843078613e-01 -1.006832905113697052e-02 -2.628619223833084106e-02
-4.420180618762969971e-01 8.843006491661071777e-01 1.504393368959426880e-01 -2.086430415511131287e-02
7.636857032775878906e-02 -1.300046443939208984e-01 9.885680675506591797e-01 -2.676593065261840820e-01
0.000000000000000000e+00 0.000000000000000000e+00 0.000000000000000000e+00 1.000000000000000000e+00
8.985318541526794434e-01 4.387552738189697266e-01 -1.158116385340690613e-02 -2.569598890841007233e-02
-4.213355481624603271e-01 8.696483969688415527e-01 2.572703957557678223e-01 -5.461293086409568787e-02
1.229503303766250610e-01 -2.262861281633377075e-01 9.662700295448303223e-01 -2.629574537277221680e-01
0.000000000000000000e+00 0.000000000000000000e+00 0.000000000000000000e+00 1.000000000000000000e+00
9.013875126838684082e-01 4.327340722084045410e-01 -1.552393380552530289e-02 -2.420056238770484924e-02
-3.967966437339782715e-01 8.398204445838928223e-01 3.704774081707000732e-01 -9.206602722406387329e-02
1.733556836843490601e-01 -3.277839422225952148e-01 9.287117719650268555e-01 -2.532528042793273926e-01
0.000000000000000000e+00 0.000000000000000000e+00 0.000000000000000000e+00 1.000000000000000000e+00
9.049342870712280273e-01 4.253501296043395996e-01 -1.305792201310396194e-02 -2.630993351340293884e-02
-3.726674020290374756e-01 8.069198727607727051e-01 4.582568109035491943e-01 -1.213166564702987671e-01
2.054564952850341797e-01 -4.098260700702667236e-01 8.887236714363098145e-01 -2.434872239828109741e-01
0.000000000000000000e+00 0.000000000000000000e+00 0.000000000000000000e+00 1.000000000000000000e+00
9.162062406539916992e-01 4.005011022090911865e-01 -1.285452395677566528e-02 -2.895034290850162506e-02
-3.281307518482208252e-01 7.682882547378540039e-01 5.496030449867248535e-01 -1.518307775259017944e-01
2.299926578998565674e-01 -4.993314743041992188e-01 8.353271484375000000e-01 -2.306045442819595337e-01
0.000000000000000000e+00 0.000000000000000000e+00 0.000000000000000000e+00 1.000000000000000000e+00
9.108772277832031250e-01 4.124552011489868164e-01 1.352359820157289505e-02 -3.784030303359031677e-02
-3.282939493656158447e-01 7.043782472610473633e-01 6.293444633483886719e-01 -1.760228276252746582e-01
2.500509023666381836e-01 -5.776952505111694336e-01 7.770088315010070801e-01 -2.162726819515228271e-01
0.000000000000000000e+00 0.000000000000000000e+00 0.000000000000000000e+00 1.000000000000000000e+00
9.179480671882629395e-01 3.956022560596466064e-01 2.950920909643173218e-02 -4.469002783298492432e-02
-2.920827865600585938e-01 6.236571073532104492e-01 7.250787615776062012e-01 -2.063564956188201904e-01
2.684395015239715576e-01 -6.742037534713745117e-01 6.880332827568054199e-01 -1.916441321372985840e-01
0.000000000000000000e+00 0.000000000000000000e+00 0.000000000000000000e+00 1.000000000000000000e+00
9.276368021965026855e-01 3.701762259006500244e-01 4.958628490567207336e-02 -5.250154063105583191e-02
-2.610511183738708496e-01 5.476961731910705566e-01 7.949095368385314941e-01 -2.292932569980621338e-01
2.670984566211700439e-01 -7.503320574760437012e-01 6.046981811523437500e-01 -1.664207875728607178e-01
0.000000000000000000e+00 0.000000000000000000e+00 0.000000000000000000e+00 1.000000000000000000e+00
9.367552995681762695e-01 3.472588062286376953e-01 4.359411820769309998e-02 -5.267616361379623413e-02
-2.164355665445327759e-01 4.769063591957092285e-01 8.518893122673034668e-01 -2.492011338472366333e-01
2.750358283519744873e-01 -8.074475526809692383e-01 5.219039320945739746e-01 -1.429235190153121948e-01
0.000000000000000000e+00 0.000000000000000000e+00 0.000000000000000000e+00 1.000000000000000000e+00
9.472296833992004395e-01 3.175755739212036133e-01 4.360911622643470764e-02 -5.585957691073417664e-02
-1.783965975046157837e-01 4.092256724834442139e-01 8.948232531547546387e-01 -2.639097869396209717e-01
2.663280665874481201e-01 -8.553828597068786621e-01 4.442852139472961426e-01 -1.210721507668495178e-01
0.000000000000000000e+00 0.000000000000000000e+00 0.000000000000000000e+00 1.000000000000000000e+00
9.582837820053100586e-01 2.831698358058929443e-01 3.882456943392753601e-02 -5.726972967386245728e-02
-1.390412449836730957e-01 3.431716859340667725e-01 9.289240837097167969e-01 -2.769377529621124268e-01
2.497197836637496948e-01 -8.955711126327514648e-01 3.682282567024230957e-01 -9.798298031091690063e-02
0.000000000000000000e+00 0.000000000000000000e+00 0.000000000000000000e+00 1.000000000000000000e+00
9.631287455558776855e-01 2.600416541099548340e-01 6.899860501289367676e-02 -6.869596987962722778e-02
-1.380274593830108643e-01 2.574559748172760010e-01 9.563808441162109375e-01 -2.893445193767547607e-01
2.309348136186599731e-01 -9.306421279907226562e-01 2.838563024997711182e-01 -6.783504039049148560e-02
0.000000000000000000e+00 0.000000000000000000e+00 0.000000000000000000e+00 1.000000000000000000e+00
9.756637215614318848e-01 2.132306098937988281e-01 5.111298710107803345e-02 -6.636364012956619263e-02
-8.497323095798492432e-02 1.527900844812393188e-01 9.845986962318420410e-01 -3.025853037834167480e-01
2.021370232105255127e-01 -9.649810791015625000e-01 1.671906411647796631e-01 -2.739712409675121307e-02
0.000000000000000000e+00 0.000000000000000000e+00 0.000000000000000000e+00 1.000000000000000000e+00
9.927877783775329590e-01 1.198637261986732483e-01 -2.229216042906045914e-03 -5.324542149901390076e-02
-1.382418721914291382e-02 1.329318284988403320e-01 9.910287857055664062e-01 -3.068774342536926270e-01
1.190847381949424744e-01 -9.838504791259765625e-01 1.336301714181900024e-01 -1.708184555172920227e-02
0.000000000000000000e+00 0.000000000000000000e+00 0.000000000000000000e+00 1.000000000000000000e+00
9.960237741470336914e-01 8.847783505916595459e-02 -1.041974872350692749e-02 -5.136561766266822815e-02
-1.159770414233207703e-02 2.447365820407867432e-01 9.695201516151428223e-01 -3.016862571239471436e-01
8.833113312721252441e-02 -9.655439853668212891e-01 2.447895258665084839e-01 -5.206486210227012634e-02
0.000000000000000000e+00 0.000000000000000000e+00 0.000000000000000000e+00 1.000000000000000000e+00
9.976661801338195801e-01 3.365537151694297791e-02 -5.941332504153251648e-02 -3.499380871653556824e-02
4.713744670152664185e-02 2.900708317756652832e-01 9.558433890342712402e-01 -3.086823821067810059e-01
4.940332844853401184e-02 -9.564130306243896484e-01 2.878072261810302734e-01 -6.404361873865127563e-02
0.000000000000000000e+00 0.000000000000000000e+00 0.000000000000000000e+00 1.000000000000000000e+00
9.898731708526611328e-01 -4.315504431724548340e-02 -1.352340579032897949e-01 -5.403869785368442535e-03
1.418977528810501099e-01 2.742551267147064209e-01 9.511306881904602051e-01 -3.186191022396087646e-01
-3.957479726523160934e-03 -9.606879353523254395e-01 2.776013016700744629e-01 -5.801091715693473816e-02
0.000000000000000000e+00 0.000000000000000000e+00 0.000000000000000000e+00 1.000000000000000000e+00
9.674439430236816406e-01 -6.170513853430747986e-02 -2.454472631216049194e-01 3.147420287132263184e-02
2.530587017536163330e-01 2.497968524694442749e-01 9.346459507942199707e-01 -3.235656619071960449e-01
3.639464499428868294e-03 -9.663303494453430176e-01 2.572794258594512939e-01 -5.018992349505424500e-02
0.000000000000000000e+00 0.000000000000000000e+00 0.000000000000000000e+00 1.000000000000000000e+00
9.721773266792297363e-01 -2.436007186770439148e-02 -2.329751253128051758e-01 2.588092908263206482e-02
2.300219684839248657e-01 2.872846126556396484e-01 9.298157095909118652e-01 -3.216952979564666748e-01
4.427977651357650757e-02 -9.575354456901550293e-01 2.848949432373046875e-01 -6.235807761549949646e-02
0.000000000000000000e+00 0.000000000000000000e+00 0.000000000000000000e+00 1.000000000000000000e+00
9.827590584754943848e-01 4.110793024301528931e-02 -1.802637428045272827e-01 5.229616072028875351e-03
1.568505167961120605e-01 3.308388292789459229e-01 9.305610060691833496e-01 -3.187496960163116455e-01
9.789165109395980835e-02 -9.427913427352905273e-01 3.186869621276855469e-01 -7.905334979295730591e-02
0.000000000000000000e+00 0.000000000000000000e+00 0.000000000000000000e+00 1.000000000000000000e+00
9.845681786537170410e-01 1.311367601156234741e-01 -1.158840507268905640e-01 -1.951232738792896271e-02
6.008394807577133179e-02 3.686305880546569824e-01 9.276320934295654297e-01 -3.124343454837799072e-01
1.643650382757186890e-01 -9.202794432640075684e-01 3.550626635551452637e-01 -9.891639649868011475e-02
0.000000000000000000e+00 0.000000000000000000e+00 0.000000000000000000e+00 1.000000000000000000e+00
9.783892035484313965e-01 2.052151560783386230e-01 -2.532358281314373016e-02 -5.073641985654830933e-02
-4.002617672085762024e-02 3.081223368644714355e-01 9.505042433738708496e-01 -3.141707777976989746e-01
2.028606832027435303e-01 -9.289495348930358887e-01 3.096775114536285400e-01 -8.813672512769699097e-02
0.000000000000000000e+00 0.000000000000000000e+00 0.000000000000000000e+00 1.000000000000000000e+00
9.215415120124816895e-01 3.778435289859771729e-01 8.941602706909179688e-02 -8.667211979627609253e-02
-2.212581187486648560e-01 3.217795789241790771e-01 9.205986857414245605e-01 -2.945831418037414551e-01
3.190702199935913086e-01 -8.681541681289672852e-01 3.801342546939849854e-01 -1.211201399564743042e-01
0.000000000000000000e+00 0.000000000000000000e+00 0.000000000000000000e+00 1.000000000000000000e+00
8.714926242828369141e-01 4.821805953979492188e-01 8.945795893669128418e-02 -8.452316373586654663e-02
-2.809119522571563721e-01 3.413020968437194824e-01 8.969956040382385254e-01 -2.824830412864685059e-01
4.019818902015686035e-01 -8.068549036979675293e-01 4.328925907611846924e-01 -1.470283865928649902e-01
0.000000000000000000e+00 0.000000000000000000e+00 0.000000000000000000e+00 1.000000000000000000e+00
8.328790068626403809e-01 5.509560108184814453e-01 5.253976956009864807e-02 -7.091713696718215942e-02
-3.313862681388854980e-01 4.204093515872955322e-01 8.446531891822814941e-01 -2.629412710666656494e-01
4.432784020900726318e-01 -7.209047675132751465e-01 5.327292084693908691e-01 -1.839017421007156372e-01
0.000000000000000000e+00 0.000000000000000000e+00 0.000000000000000000e+00 1.000000000000000000e+00
8.013207316398620605e-01 5.964457392692565918e-01 4.623404517769813538e-02 -6.652011722326278687e-02
-4.225371181964874268e-01 5.095747709274291992e-01 7.495303750038146973e-01 -2.254776656627655029e-01
4.234945178031921387e-01 -6.201496720314025879e-01 6.603534221649169922e-01 -2.253845483064651489e-01
0.000000000000000000e+00 0.000000000000000000e+00 0.000000000000000000e+00 1.000000000000000000e+00
7.718077898025512695e-01 6.356150507926940918e-01 1.750488206744194031e-02 -5.604664608836174011e-02
-5.049527883529663086e-01 5.959531068801879883e-01 6.243897676467895508e-01 -1.781809180974960327e-01
3.864392340183258057e-01 -4.907478392124176025e-01 7.809167504310607910e-01 -2.627350091934204102e-01
0.000000000000000000e+00 0.000000000000000000e+00 0.000000000000000000e+00 1.000000000000000000e+00
7.534174323081970215e-01 6.573581695556640625e-01 1.557224243879318237e-02 -5.417304486036300659e-02
-5.639918446540832520e-01 6.338695287704467773e-01 5.292661190032958984e-01 -1.429571509361267090e-01
3.380466699600219727e-01 -4.075407683849334717e-01 8.483131527900695801e-01 -2.824126482009887695e-01
0.000000000000000000e+00 0.000000000000000000e+00 0.000000000000000000e+00 1.000000000000000000e+00
6.528807282447814941e-01 7.574200034141540527e-01 7.866065949201583862e-03 -4.502714052796363831e-02
-6.737326979637145996e-01 5.759355425834655762e-01 4.630136489868164062e-01 -1.129049435257911682e-01
3.461655676364898682e-01 -3.075923025608062744e-01 8.863161802291870117e-01 -2.970245778560638428e-01
0.000000000000000000e+00 0.000000000000000000e+00 0.000000000000000000e+00 1.000000000000000000e+00
5.837580561637878418e-01 8.115111589431762695e-01 -2.600407600402832031e-02 -2.866331115365028381e-02
-7.382106781005859375e-01 5.438193678855895996e-01 3.991306722164154053e-01 -8.668399602174758911e-02
3.380407094955444336e-01 -2.137991636991500854e-01 9.165250658988952637e-01 -3.080643713474273682e-01
0.000000000000000000e+00 0.000000000000000000e+00 0.000000000000000000e+00 1.000000000000000000e+00
5.397954583168029785e-01 8.395741581916809082e-01 -6.111977249383926392e-02 -1.322604343295097351e-02
-7.802677154541015625e-01 5.262686610221862793e-01 3.379693925380706787e-01 -6.226027011871337891e-02
3.159159719944000244e-01 -1.347445696592330933e-01 9.391707181930541992e-01 -3.143625557422637939e-01
0.000000000000000000e+00 0.000000000000000000e+00 0.000000000000000000e+00 1.000000000000000000e+00
5.060538649559020996e-01 8.527799248695373535e-01 -1.291341930627822876e-01 1.286705583333969116e-02
-8.147593140602111816e-01 5.217754244804382324e-01 2.528187930583953857e-01 -3.128732368350028992e-02
2.829777598381042480e-01 -2.272661402821540833e-02 9.588570594787597656e-01 -3.195256590843200684e-01
0.000000000000000000e+00 0.000000000000000000e+00 0.000000000000000000e+00 1.000000000000000000e+00
4.336768686771392822e-01 8.836354017257690430e-01 -1.763874292373657227e-01 3.452394157648086548e-02
-8.600280284881591797e-01 4.643211066722869873e-01 2.115588933229446411e-01 -1.411664485931396484e-02
2.688414156436920166e-01 5.995002388954162598e-02 9.613169431686401367e-01 -3.197037279605865479e-01
0.000000000000000000e+00 0.000000000000000000e+00 0.000000000000000000e+00 1.000000000000000000e+00
3.563485741615295410e-01 8.937079906463623047e-01 -2.725833654403686523e-01 7.337608933448791504e-02
-8.921498060226440430e-01 4.121398925781250000e-01 1.849579960107803345e-01 -2.444081474095582962e-03
2.776408493518829346e-01 1.772756427526473999e-01 9.441868662834167480e-01 -3.142797350883483887e-01
0.000000000000000000e+00 0.000000000000000000e+00 0.000000000000000000e+00 1.000000000000000000e+00
2.918367981910705566e-01 8.822624087333679199e-01 -3.693830668926239014e-01 1.097684130072593689e-01
-9.129568338394165039e-01 3.721065223217010498e-01 1.674717217683792114e-01 4.841155372560024261e-03
2.852038741111755371e-01 2.883564233779907227e-01 9.140619635581970215e-01 -3.050433099269866943e-01
0.000000000000000000e+00 0.000000000000000000e+00 0.000000000000000000e+00 1.000000000000000000e+00
2.694125771522521973e-01 8.503707051277160645e-01 -4.519801437854766846e-01 1.382782012224197388e-01
-9.321252107620239258e-01 3.481987714767456055e-01 9.949966520071029663e-02 2.912974171340465546e-02
2.419904917478561401e-01 3.944956660270690918e-01 8.864614963531494141e-01 -2.923396825790405273e-01
0.000000000000000000e+00 0.000000000000000000e+00 0.000000000000000000e+00 1.000000000000000000e+00
1.789851635694503784e-01 7.699323296546936035e-01 -6.125102639198303223e-01 1.969853043556213379e-01
-9.610154628753662109e-01 2.701731622219085693e-01 5.878693237900733948e-02 4.338885843753814697e-02
2.107459157705307007e-01 5.781097412109375000e-01 7.882737517356872559e-01 -2.582062184810638428e-01
0.000000000000000000e+00 0.000000000000000000e+00 0.000000000000000000e+00 1.000000000000000000e+00
1.351673305034637451e-01 6.678543090820312500e-01 -7.319157123565673828e-01 2.389711141586303711e-01
-9.739339351654052734e-01 2.253624498844146729e-01 2.577515691518783569e-02 5.455142259597778320e-02
1.821603178977966309e-01 7.093534469604492188e-01 6.809074878692626953e-01 -2.215870320796966553e-01
0.000000000000000000e+00 0.000000000000000000e+00 0.000000000000000000e+00 1.000000000000000000e+00
1.096954345703125000e-01 5.729064345359802246e-01 -8.122467398643493652e-01 2.662019431591033936e-01
-9.838675260543823242e-01 1.787696480751037598e-01 -6.780569441616535187e-03 6.551702320575714111e-02
1.413204371929168701e-01 7.998871803283691406e-01 5.832743644714355469e-01 -1.877969950437545776e-01
0.000000000000000000e+00 0.000000000000000000e+00 0.000000000000000000e+00 1.000000000000000000e+00
7.868106663227081299e-02 5.102465152740478516e-01 -8.564215302467346191e-01 2.828848361968994141e-01
-9.907768368721008301e-01 1.350923776626586914e-01 -1.053789351135492325e-02 6.742881983518600464e-02
1.103190854191780090e-01 8.493517041206359863e-01 5.161697268486022949e-01 -1.643376201391220093e-01
0.000000000000000000e+00 0.000000000000000000e+00 0.000000000000000000e+00 1.000000000000000000e+00
1.525121182203292847e-01 5.188706517219543457e-01 -8.411380648612976074e-01 2.712227106094360352e-01
-9.881552457809448242e-01 9.470047056674957275e-02 -1.207510232925415039e-01 1.028528437018394470e-01
1.700199209153652191e-02 8.495909571647644043e-01 5.271677374839782715e-01 -1.606751382350921631e-01
0.000000000000000000e+00 0.000000000000000000e+00 0.000000000000000000e+00 1.000000000000000000e+00
2.650885879993438721e-01 5.748082995414733887e-01 -7.741595506668090820e-01 2.416845709085464478e-01
-9.593604803085327148e-01 7.669086754322052002e-02 -2.715627551078796387e-01 1.495426297187805176e-01
-9.672550112009048462e-02 8.146865367889404297e-01 5.717782378196716309e-01 -1.649021208286285400e-01
0.000000000000000000e+00 0.000000000000000000e+00 0.000000000000000000e+00 1.000000000000000000e+00
3.234415948390960693e-01 6.112560033798217773e-01 -7.223241329193115234e-01 2.217622995376586914e-01
-9.280211925506591797e-01 5.580585077404975891e-02 -3.683235049247741699e-01 1.779234260320663452e-01
-1.848300248384475708e-01 7.894633412361145020e-01 5.853083729743957520e-01 -1.628026962280273438e-01
0.000000000000000000e+00 0.000000000000000000e+00 0.000000000000000000e+00 1.000000000000000000e+00
3.667364716529846191e-01 6.351512074470520020e-01 -6.797701120376586914e-01 2.049835175275802612e-01
-8.884294033050537109e-01 2.230045199394226074e-02 -4.584715962409973145e-01 2.028152495622634888e-01
-2.760394811630249023e-01 7.720660567283630371e-01 5.724653601646423340e-01 -1.515188813209533691e-01
0.000000000000000000e+00 0.000000000000000000e+00 0.000000000000000000e+00 1.000000000000000000e+00
4.229207634925842285e-01 6.354815363883972168e-01 -6.459885239601135254e-01 1.890749782323837280e-01
-8.364841341972351074e-01 -3.610752173699438572e-04 -5.479909777641296387e-01 2.267026603221893311e-01
-3.484713733196258545e-01 7.721161246299743652e-01 5.314175486564636230e-01 -1.315394043922424316e-01
0.000000000000000000e+00 0.000000000000000000e+00 0.000000000000000000e+00 1.000000000000000000e+00
5.221879482269287109e-01 6.343891620635986328e-01 -5.699735283851623535e-01 1.590783596038818359e-01
-7.310449481010437012e-01 -1.121414359658956528e-02 -6.822372078895568848e-01 2.583429813385009766e-01
-4.391955733299255371e-01 7.729324698448181152e-01 4.579111337661743164e-01 -9.825789928436279297e-02
0.000000000000000000e+00 0.000000000000000000e+00 0.000000000000000000e+00 1.000000000000000000e+00
6.301819086074829102e-01 6.719086170196533203e-01 -3.891132771968841553e-01 9.429204463958740234e-02
-5.784267783164978027e-01 7.194131612777709961e-02 -8.125553727149963379e-01 2.902972102165222168e-01
-5.179702043533325195e-01 7.371312975883483887e-01 4.339863359928131104e-01 -8.343226462602615356e-02
0.000000000000000000e+00 0.000000000000000000e+00 0.000000000000000000e+00 1.000000000000000000e+00
6.431493163108825684e-01 7.151135802268981934e-01 -2.738099694252014160e-01 6.062577292323112488e-02
-4.902040660381317139e-01 1.098019480705261230e-01 -8.646638393402099609e-01 3.006322979927062988e-01
-5.882678031921386719e-01 6.903305649757385254e-01 4.211705029010772705e-01 -7.455547153949737549e-02
0.000000000000000000e+00 0.000000000000000000e+00 0.000000000000000000e+00 1.000000000000000000e+00
6.099421381950378418e-01 7.667107582092285156e-01 -2.003128081560134888e-01 4.351302981376647949e-02
-3.915893733501434326e-01 7.185751944780349731e-02 -9.173300266265869141e-01 3.107688426971435547e-01
-6.889328360557556152e-01 6.379585266113281250e-01 3.440646827220916748e-01 -4.812410101294517517e-02
0.000000000000000000e+00 0.000000000000000000e+00 0.000000000000000000e+00 1.000000000000000000e+00
4.441552460193634033e-01 8.941157460212707520e-01 -5.729908868670463562e-02 1.612004823982715607e-02
-2.044342458248138428e-01 3.887169808149337769e-02 -9.781081676483154297e-01 3.187527060508728027e-01
-8.723145723342895508e-01 4.461456239223480225e-01 2.000528872013092041e-01 -3.221272956579923630e-03
0.000000000000000000e+00 0.000000000000000000e+00 0.000000000000000000e+00 1.000000000000000000e+00
3.214998841285705566e-01 9.419532418251037598e-01 9.675657749176025391e-02 -2.767970226705074310e-02
-2.467106282711029053e-01 1.819783896207809448e-01 -9.518494606018066406e-01 3.201819062232971191e-01
-9.142054319381713867e-01 2.821485400199890137e-01 2.908960282802581787e-01 -3.708646073937416077e-02
0.000000000000000000e+00 0.000000000000000000e+00 0.000000000000000000e+00 1.000000000000000000e+00
3.190538585186004639e-01 9.470415711402893066e-01 -3.628651425242424011e-02 1.668857969343662262e-02
-3.691515624523162842e-01 8.891948312520980835e-02 -9.251058697700500488e-01 3.140511214733123779e-01
-8.728868961334228516e-01 3.085537254810333252e-01 3.779720664024353027e-01 -6.332531571388244629e-02
0.000000000000000000e+00 0.000000000000000000e+00 0.000000000000000000e+00 1.000000000000000000e+00
2.937047779560089111e-01 9.552409052848815918e-01 -3.538417816162109375e-02 2.225262671709060669e-02
-4.592745304107666016e-01 1.085538938641548157e-01 -8.816363811492919922e-01 3.040776550769805908e-01
-8.383341431617736816e-01 2.751918435096740723e-01 4.706006944179534912e-01 -9.599828720092773438e-02
0.000000000000000000e+00 0.000000000000000000e+00 0.000000000000000000e+00 1.000000000000000000e+00
1.763156205415725708e-01 9.821904897689819336e-01 -6.491846591234207153e-02 3.676638752222061157e-02
-4.757926464080810547e-01 2.730398811399936676e-02 -8.791335821151733398e-01 3.027764260768890381e-01
-8.617041110992431641e-01 1.858926117420196533e-01 4.721332192420959473e-01 -9.761881083250045776e-02
