1.000000000000000000e+00 0.000000000000000000e+00 0.000000000000000000e+00 -4.542167112231254578e-02
0.000000000000000000e+00 1.000000000000000000e+00 0.000000000000000000e+00 9.935460984706878662e-04
0.000000000000000000e+00 0.000000000000000000e+00 1.000000000000000000e+00 -2.875000238418579102e-01
0.000000000000000000e+00 0.000000000000000000e+00 0.000000000000000000e+00 1.000000000000000000e+00
9.966209530830383301e-01 7.926712185144424438e-02 2.153259143233299255e-02 -5.034005641937255859e-02
-7.892932742834091187e-02 9.967499971389770508e-01 -1.611003652215003967e-02 9.245862253010272980e-03
-2.273960039019584656e-02 1.435605995357036591e-02 9.996382594108581543e-01 -2.930650115013122559e-01
0.000000000000000000e+00 0.000000000000000000e+00 0.000000000000000000e+00 1.000000000000000000e+00
9.855790138244628906e-01 1.649757623672485352e-01 3.764273598790168762e-02 -5.328051745891571045e-02
-1.630409210920333862e-01 9.853654503822326660e-01 -4.972192645072937012e-02 2.476325631141662598e-02
-4.529481008648872375e-02 4.286755248904228210e-02 9.980533719062805176e-01 -2.923681139945983887e-01
0.000000000000000000e+00 0.000000000000000000e+00 0.000000000000000000e+00 1.000000000000000000e+00
9.657970070838928223e-01 2.564645707607269287e-01 3.823585063219070435e-02 -5.125476792454719543e-02
-2.531453967094421387e-01 9.645037651062011719e-01 -7.516407221555709839e-02 3.784102946519851685e-02
-5.615556985139846802e-02 6.291401386260986328e-02 9.964378476142883301e-01 -2.920644879341125488e-01
0.000000000000000000e+00 0.000000000000000000e+00 0.000000000000000000e+00 1.000000000000000000e+00
9.371283650398254395e-01 3.449710905551910400e-01 5.277588218450546265e-02 -5.281667038798332214e-02
-3.371345102787017822e-01 9.339689016342163086e-01 -1.184996217489242554e-01 5.551220104098320007e-02
-9.017004817724227905e-02 9.325674176216125488e-02 9.915506243705749512e-01 -2.893560230731964111e-01
0.000000000000000000e+00 0.000000000000000000e+00 0.000000000000000000e+00 1.000000000000000000e+00
8.909999728202819824e-01 4.527456462383270264e-01 3.376407921314239502e-02 -4.372031986713409424e-02
-4.446326792240142822e-01 8.852255940437316895e-01 -1.366641819477081299e-01 6.530817598104476929e-02
-9.176301211118698120e-02 1.067551448941230774e-01 9.900417327880859375e-01 -2.899112999439239502e-01
0.000000000000000000e+00 0.000000000000000000e+00 0.000000000000000000e+00 1.000000000000000000e+00
8.451691865921020508e-01 5.341072678565979004e-01 2.045289054512977600e-02 -3.686024993658065796e-02
-5.238757133483886719e-01 8.353561162948608398e-01 -1.665365844964981079e-01 7.819848507642745972e-02
-1.060339137911796570e-01 1.300367861986160278e-01 9.858232140541076660e-01 -2.886162996292114258e-01
0.000000000000000000e+00 0.000000000000000000e+00 0.000000000000000000e+00 1.000000000000000000e+00
7.865588665008544922e-01 6.174967288970947266e-01 4.796851426362991333e-03 -2.863220311701297760e-02
-6.077654361724853516e-01 7.754910588264465332e-01 -1.709801405668258667e-01 8.356264978647232056e-02
-1.092996150255203247e-01 1.315705180168151855e-01 9.852629899978637695e-01 -2.891487777233123779e-01
0.000000000000000000e+00 0.000000000000000000e+00 0.000000000000000000e+00 1.000000000000000000e+00
7.199099063873291016e-01 6.937459707260131836e-01 -2.112271636724472046e-02 -1.539955660700798035e-02
-6.872527599334716797e-01 7.082568407058715820e-01 -1.614187359809875488e-01 8.360217511653900146e-02
-9.702333807945251465e-02 1.307235807180404663e-01 9.866597056388854980e-01 -2.907359302043914795e-01
0.000000000000000000e+00 0.000000000000000000e+00 0.000000000000000000e+00 1.000000000000000000e+00
6.445049643516540527e-01 7.643010616302490234e-01 -2.136185765266418457e-02 -1.023583021014928818e-02
-7.593736052513122559e-01 6.365889906883239746e-01 -1.345561146736145020e-01 7.774901390075683594e-02
-8.924269676208496094e-02 1.029437482357025146e-01 9.906758666038513184e-01 -2.936965525150299072e-01
0.000000000000000000e+00 0.000000000000000000e+00 0.000000000000000000e+00 1.000000000000000000e+00
5.482226610183715820e-01 8.355772495269775391e-01 -3.553152829408645630e-02 1.302798918914049864e-04
-8.341135382652282715e-01 5.431815981864929199e-01 -9.596198797225952148e-02 6.723506003618240356e-02
-6.088361889123916626e-02 8.224580436944961548e-02 9.947503805160522461e-01 -2.983585894107818604e-01
0.000000000000000000e+00 0.000000000000000000e+00 0.000000000000000000e+00 1.000000000000000000e+00
4.554603099822998047e-01 8.869768977165222168e-01 -7.634174078702926636e-02 1.930850557982921600e-02
-8.901535868644714355e-01 4.524300694465637207e-01 -5.415904521942138672e-02 5.496051907539367676e-02
-1.349851582199335098e-02 9.262315928936004639e-02 9.956098794937133789e-01 -3.025699257850646973e-01
0.000000000000000000e+00 0.000000000000000000e+00 0.000000000000000000e+00 1.000000000000000000e+00
3.531105518341064453e-01 9.305698275566101074e-01 -9.671085327863693237e-02 2.989594824612140656e-02
-9.353305697441101074e-01 3.535175323486328125e-01 -1.346761081367731094e-02 3.967748209834098816e-02
2.165641821920871735e-02 9.521220624446868896e-02 9.952214360237121582e-01 -3.042635321617126465e-01
0.000000000000000000e+00 0.000000000000000000e+00 0.000000000000000000e+00 1.000000000000000000e+00
2.704325020313262939e-01 9.557297825813293457e-01 -1.159578561782836914e-01 3.857420012354850769e-02
-9.596763253211975098e-01 2.772095799446105957e-01 4.665281996130943298e-02 1.666310615837574005e-02
7.673212140798568726e-02 9.866555035114288330e-02 9.921577572822570801e-01 -3.037631213665008545e-01
0.000000000000000000e+00 0.000000000000000000e+00 0.000000000000000000e+00 1.000000000000000000e+00
1.918223798274993896e-01 9.697161316871643066e-01 -1.511787623167037964e-01 5.121115595102310181e-02
-9.724228382110595703e-01 2.086146026849746704e-01 1.042768806219100952e-01 -4.619374405592679977e-03
1.326570510864257812e-01 1.270069777965545654e-01 9.829910397529602051e-01 -3.020607531070709229e-01
0.000000000000000000e+00 0.000000000000000000e+00 0.000000000000000000e+00 1.000000000000000000e+00
1.159825325012207031e-01 9.819063544273376465e-01 -1.496921479701995850e-01 5.228908360004425049e-02
-9.705185890197753906e-01 1.440925151109695435e-01 1.932112723588943481e-01 -3.492624312639236450e-02
2.112848758697509766e-01 1.228698641061782837e-01 9.696707129478454590e-01 -2.992471754550933838e-01
0.000000000000000000e+00 0.000000000000000000e+00 0.000000000000000000e+00 1.000000000000000000e+00
1.921749264001846313e-01 9.723810553550720215e-01 -1.324525773525238037e-01 4.616983979940414429e-02
-9.530230760574340820e-01 2.171179801225662231e-01 2.112029194831848145e-01 -4.030167311429977417e-02
2.341275960206985474e-01 8.564250171184539795e-02 9.684261083602905273e-01 -2.967164218425750732e-01
0.000000000000000000e+00 0.000000000000000000e+00 0.000000000000000000e+00 1.000000000000000000e+00
2.731144428253173828e-01 9.512933492660522461e-01 -1.430009305477142334e-01 4.695237055420875549e-02
-9.378225207328796387e-01 2.964026033878326416e-01 1.806496977806091309e-01 -2.843767777085304260e-02
2.142367511987686157e-01 8.477143943309783936e-02 9.730963110923767090e-01 -2.956028580665588379e-01
0.000000000000000000e+00 0.000000000000000000e+00 0.000000000000000000e+00 1.000000000000000000e+00
3.291036188602447510e-01 9.339280724525451660e-01 -1.395308524370193481e-01 4.428878426551818848e-02
-9.327233433723449707e-01 3.445628881454467773e-01 1.063148453831672668e-01 -1.949001685716211796e-03
1.473675817251205444e-01 9.515514969825744629e-02 9.844937920570373535e-01 -2.955861687660217285e-01
0.000000000000000000e+00 0.000000000000000000e+00 0.000000000000000000e+00 1.000000000000000000e+00
3.613739609718322754e-01 9.153842926025390625e-01 -1.774263381958007812e-01 5.470748618245124817e-02
-9.292540550231933594e-01 3.692356646060943604e-01 1.231062039732933044e-02 3.085011430084705353e-02
7.678107172250747681e-02 1.604254394769668579e-01 9.840571880340576172e-01 -2.914727926254272461e-01
0.000000000000000000e+00 0.000000000000000000e+00 0.000000000000000000e+00 1.000000000000000000e+00
4.002823233604431152e-01 8.974029421806335449e-01 -1.855851411819458008e-01 5.510845407843589783e-02
-9.162688851356506348e-01 3.952510952949523926e-01 -6.501909345388412476e-02 5.681484565138816833e-02
1.500441506505012512e-02 1.960718780755996704e-01 9.804745912551879883e-01 -2.866987586021423340e-01
0.000000000000000000e+00 0.000000000000000000e+00 0.000000000000000000e+00 1.000000000000000000e+00
4.558697938919067383e-01 8.624774813652038574e-01 -2.198071032762527466e-01 6.227129697799682617e-02
-8.891299962997436523e-01 4.300906360149383545e-01 -1.564279645681381226e-01 8.483026176691055298e-02
-4.037864878773689270e-02 2.667478322982788086e-01 9.629198312759399414e-01 -2.762422561645507812e-01
0.000000000000000000e+00 0.000000000000000000e+00 0.000000000000000000e+00 1.000000000000000000e+00
5.288094282150268555e-01 8.234401345252990723e-01 -2.056863903999328613e-01 5.234728753566741943e-02
-8.443096280097961426e-01 4.856362342834472656e-01 -2.264929562807083130e-01 1.042076870799064636e-01
-8.661468327045440674e-02 2.934346497058868408e-01 9.520474672317504883e-01 -2.690672874450683594e-01
0.000000000000000000e+00 0.000000000000000000e+00 0.000000000000000000e+00 1.000000000000000000e+00
5.940879583358764648e-01 7.797259092330932617e-01 -1.977050155401229858e-01 4.515345022082328796e-02
-7.945479154586791992e-01 5.304631590843200684e-01 -2.954691350460052490e-01 1.211477518081665039e-01
-1.255098432302474976e-01 3.326208293437957764e-01 9.346712827682495117e-01 -2.603177428245544434e-01
0.000000000000000000e+00 0.000000000000000000e+00 0.000000000000000000e+00 1.000000000000000000e+00
6.734166741371154785e-01 7.192115783691406250e-01 -1.710100919008255005e-01 3.142033889889717102e-02
-7.206810712814331055e-01 5.871444344520568848e-01 -3.686179518699645996e-01 1.361741572618484497e-01
-1.647068411111831665e-01 3.714773952960968018e-01 9.137154221534729004e-01 -2.497701495885848999e-01
0.000000000000000000e+00 0.000000000000000000e+00 0.000000000000000000e+00 1.000000000000000000e+00
7.369095087051391602e-01 6.576701402664184570e-01 -1.563145965337753296e-01 2.338513731956481934e-02
-6.478993296623229980e-01 6.211753487586975098e-01 -4.408713281154632568e-01 1.503808796405792236e-01
-1.928492337465286255e-01 4.261583089828491211e-01 8.838542699813842773e-01 -2.357908487319946289e-01
0.000000000000000000e+00 0.000000000000000000e+00 0.000000000000000000e+00 1.000000000000000000e+00
7.592455744743347168e-01 6.370419859886169434e-01 -1.331299096345901489e-01 1.470012310892343521e-02
-5.973232388496398926e-01 6.009086370468139648e-01 -5.311436057090759277e-01 1.713176220655441284e-01
-2.583619356155395508e-01 4.827899634838104248e-01 8.367573022842407227e-01 -2.144639492034912109e-01
0.000000000000000000e+00 0.000000000000000000e+00 0.000000000000000000e+00 1.000000000000000000e+00
7.892388701438903809e-01 5.989304780960083008e-01 -1.355883926153182983e-01 1.267043128609657288e-02
-5.338125824928283691e-01 5.599918961524963379e-01 -6.336032748222351074e-01 1.976366490125656128e-01
-3.035559952259063721e-01 5.724430680274963379e-01 7.616840004920959473e-01 -1.866482496261596680e-01
0.000000000000000000e+00 0.000000000000000000e+00 0.000000000000000000e+00 1.000000000000000000e+00
8.113827705383300781e-01 5.686236023902893066e-01 -1.353709399700164795e-01 1.070554088801145554e-02
-4.804496169090270996e-01 5.168909430503845215e-01 -7.085138559341430664e-01 2.172044366598129272e-01
-3.329055905342102051e-01 6.399146318435668945e-01 6.925914883613586426e-01 -1.623606234788894653e-01
0.000000000000000000e+00 0.000000000000000000e+00 0.000000000000000000e+00 1.000000000000000000e+00
8.402604460716247559e-01 5.272858738899230957e-01 -1.262208968400955200e-01 5.297276191413402557e-03
-4.117680788040161133e-01 4.691650569438934326e-01 -7.812368869781494141e-01 2.361469119787216187e-01
-3.527168035507202148e-01 7.084162235260009766e-01 6.113403439521789551e-01 -1.389182657003402710e-01
0.000000000000000000e+00 0.000000000000000000e+00 0.000000000000000000e+00 1.000000000000000000e+00
8.710069060325622559e-01 4.831582307815551758e-01 -8.891049772500991821e-02 -7.492274511605501175e-03
-3.260004520416259766e-01 4.330521523952484131e-01 -8.403506278991699219e-01 2.503078281879425049e-01
-3.675195574760437012e-01 7.609361410140991211e-01 5.347012281417846680e-01 -1.185745298862457275e-01
0.000000000000000000e+00 0.000000000000000000e+00 0.000000000000000000e+00 1.000000000000000000e+00
8.891135454177856445e-01 4.541261196136474609e-01 -5.697998777031898499e-02 -1.681673899292945862e-02
-2.237266749143600464e-01 3.226275742053985596e-01 -9.197052121162414551e-01 2.654115259647369385e-01
-3.992789089679718018e-01 8.304702043533325195e-01 3.884526491165161133e-01 -7.894245535135269165e-02
0.000000000000000000e+00 0.000000000000000000e+00 0.000000000000000000e+00 1.000000000000000000e+00
8.726176023483276367e-01 4.877793192863464355e-01 -2.469284832477569580e-02 -3.036801517009735107e-02
-9.588726609945297241e-02 1.215257793664932251e-01 -9.879457950592041016e-01 2.826990485191345215e-01
-4.788988530635833740e-01 8.644667863845825195e-01 1.528173834085464478e-01 -1.209101360291242599e-02
0.000000000000000000e+00 0.000000000000000000e+00 0.000000000000000000e+00 1.000000000000000000e+00
8.728481531143188477e-01 4.867295324802398682e-01 -3.507229313254356384e-02 -2.506086044013500214e-02
-9.508295357227325439e-02 9.913751482963562012e-02 -9.905204176902770996e-01 2.828241586685180664e-01
-4.786387085914611816e-01 8.679087758064270020e-01 1.328116804361343384e-01 -1.334461849182844162e-02
0.000000000000000000e+00 0.000000000000000000e+00 0.000000000000000000e+00 1.000000000000000000e+00
8.374840617179870605e-01 5.459189414978027344e-01 -2.435024827718734741e-02 -2.378642745316028595e-02
-1.028538271784782410e-01 1.137094572186470032e-01 -9.881755113601684570e-01 2.825310528278350830e-01
-5.366950035095214844e-01 8.300856351852416992e-01 1.513797342777252197e-01 -1.721964031457901001e-02
0.000000000000000000e+00 0.000000000000000000e+00 0.000000000000000000e+00 1.000000000000000000e+00
8.044563531875610352e-01 5.919669270515441895e-01 -4.924358800053596497e-02 -1.608675532042980194e-02
-2.314452826976776123e-01 2.360135763883590698e-01 -9.437853097915649414e-01 2.752350568771362305e-01
-5.470675230026245117e-01 7.706311941146850586e-01 3.268705904483795166e-01 -5.670682713389396667e-02
0.000000000000000000e+00 0.000000000000000000e+00 0.000000000000000000e+00 1.000000000000000000e+00
8.261086940765380859e-01 5.561593770980834961e-01 -9.072537720203399658e-02 -5.438370164483785629e-03
-3.084857165813446045e-01 3.116087317466735840e-01 -8.987413048744201660e-01 2.658523917198181152e-01
-4.715728163719177246e-01 7.704457044601440430e-01 4.289900660514831543e-01 -8.595763891935348511e-02
0.000000000000000000e+00 0.000000000000000000e+00 0.000000000000000000e+00 1.000000000000000000e+00
8.132430911064147949e-01 5.735029578208923340e-01 -9.864152967929840088e-02 -3.234007861465215683e-03
-3.643200397491455078e-01 3.695928156375885010e-01 -8.547934889793395996e-01 2.563152313232421875e-01
-4.537694752216339111e-01 7.310919761657714844e-01 5.095074176788330078e-01 -1.089624091982841492e-01
0.000000000000000000e+00 0.000000000000000000e+00 0.000000000000000000e+00 1.000000000000000000e+00
8.318418860435485840e-01 5.492303371429443359e-01 -7.990381121635437012e-02 -1.389176305383443832e-02
-4.530190229415893555e-01 5.887296795845031738e-01 -6.694558262825012207e-01 2.169521301984786987e-01
-3.206437230110168457e-01 5.930793285369873047e-01 7.385421991348266602e-01 -1.795032024383544922e-01
0.000000000000000000e+00 0.000000000000000000e+00 0.000000000000000000e+00 1.000000000000000000e+00
8.328456878662109375e-01 5.504515171051025391e-01 -5.805953592061996460e-02 -2.129287645220756531e-02
-4.678246974945068359e-01 6.439813971519470215e-01 -6.053327918052673340e-01 1.980506032705307007e-01
-2.958172559738159180e-01 5.313104391098022461e-01 7.938519716262817383e-01 -1.968987733125686646e-01
0.000000000000000000e+00 0.000000000000000000e+00 0.000000000000000000e+00 1.000000000000000000e+00
8.566713333129882812e-01 5.128841400146484375e-01 -5.535280331969261169e-02 -2.260433509945869446e-02
-4.595709741115570068e-01 7.100434899330139160e-01 -5.335099101066589355e-01 1.763724684715270996e-01
-2.343258559703826904e-01 4.824809730052947998e-01 8.439806699752807617e-01 -2.133702337741851807e-01
0.000000000000000000e+00 0.000000000000000000e+00 0.000000000000000000e+00 1.000000000000000000e+00
8.699858188629150391e-01 4.928883016109466553e-01 -1.362038683146238327e-02 -3.307044878602027893e-02
-4.585115015506744385e-01 7.985304594039916992e-01 -3.900204300880432129e-01 1.350234299898147583e-01
-1.813603937625885010e-01 3.455573022365570068e-01 9.207054376602172852e-01 -2.366186827421188354e-01
0.000000000000000000e+00 0.000000000000000000e+00 0.000000000000000000e+00 1.000000000000000000e+00
8.770388364791870117e-01 4.801016151905059814e-01 -1.746528968214988708e-02 -3.043707832694053650e-02
-4.684396982192993164e-01 8.465362191200256348e-01 -2.528648078441619873e-01 9.690602868795394897e-02
-1.066158786416053772e-01 2.299537658691406250e-01 9.673438668251037598e-01 -2.527172267436981201e-01
0.000000000000000000e+00 0.000000000000000000e+00 0.000000000000000000e+00 1.000000000000000000e+00
8.790141940116882324e-01 4.766983091831207275e-01 -9.606989100575447083e-03 -2.851259149610996246e-02
-4.766080677509307861e-01 8.779262304306030273e-01 -4.571802541613578796e-02 3.841280564665794373e-02
-1.335949264466762543e-02 4.476558044552803040e-02 9.989081621170043945e-01 -2.658777534961700439e-01
0.000000000000000000e+00 0.000000000000000000e+00 0.000000000000000000e+00 1.000000000000000000e+00
8.880829811096191406e-01 4.594870805740356445e-01 -1.342713274061679840e-02 -2.585666067898273468e-02
-4.583934843540191650e-01 8.874000310897827148e-01 4.895539581775665283e-02 1.053419336676597595e-02
3.440960869193077087e-02 -3.732153028249740601e-02 9.987108707427978516e-01 -2.686005830764770508e-01
0.000000000000000000e+00 0.000000000000000000e+00 0.000000000000000000e+00 1.000000000000000000e+00
8.936027288436889648e-01 4.487625062465667725e-01 -9.285428561270236969e-03 -2.652778290212154388e-02
-4.423602819442749023e-01 8.839844465255737305e-01 1.512894183397293091e-01 -2.109987102448940277e-02
7.610125094652175903e-02 -1.310851126909255981e-01 9.884459376335144043e-01 -2.676091194152832031e-01
0.000000000000000000e+00 0.000000000000000000e+00 0.000000000000000000e+00 1.000000000000000000e+00
8.971201181411743164e-01 4.415195882320404053e-01 -1.535370573401451111e-02 -2.467401698231697083e-02
-4.231944084167480469e-01 8.688225746154785156e-01 2.570094168186187744e-01 -5.450358241796493530e-02
1.268143802881240845e-01 -2.240707576274871826e-01 9.662868976593017578e-01 -2.631526887416839600e-01
0.000000000000000000e+00 0.000000000000000000e+00 0.000000000000000000e+00 1.000000000000000000e+00
9.007606506347656250e-01 4.340047240257263184e-01 -1.641320437192916870e-02 -2.389837987720966339e-02
-3.974471390247344971e-01 8.389462232589721680e-01 3.717585802078247070e-01 -9.254177659749984741e-02
1.751149296760559082e-01 -3.283421993255615234e-01 9.281843900680541992e-01 -2.530938684940338135e-01
0.000000000000000000e+00 0.000000000000000000e+00 0.000000000000000000e+00 1.000000000000000000e+00
9.056093096733093262e-01 4.239270389080047607e-01 -1.252860669046640396e-02 -2.633175626397132874e-02
-3.715639710426330566e-01 8.072993755340576172e-01 4.584843516349792480e-01 -1.214387714862823486e-01
2.044784575700759888e-01 -4.105525314807891846e-01 8.886138796806335449e-01 -2.435017228126525879e-01
0.000000000000000000e+00 0.000000000000000000e+00 0.000000000000000000e+00 1.000000000000000000e+00
9.150669574737548828e-01 4.031157195568084717e-01 -1.226735487580299377e-02 -2.922278828918933868e-02
-3.306300938129425049e-01 7.672492861747741699e-01 5.495565533638000488e-01 -1.515162438154220581e-01
2.309470474720001221e-01 -4.988247752189636230e-01 8.353665471076965332e-01 -2.305100411176681519e-01
0.000000000000000000e+00 0.000000000000000000e+00 0.000000000000000000e+00 1.000000000000000000e+00
9.103181958198547363e-01 4.136121571063995361e-01 1.566143333911895752e-02 -3.875491023063659668e-02
-3.304768204689025879e-01 7.035226821899414062e-01 6.291589736938476562e-01 -1.757447272539138794e-01
2.492098361253738403e-01 -5.779106020927429199e-01 7.771189212799072266e-01 -2.162313014268875122e-01
0.000000000000000000e+00 0.000000000000000000e+00 0.000000000000000000e+00 1.000000000000000000e+00
9.174314141273498535e-01 3.965185582637786865e-01 3.306438028812408447e-02 -4.572759568691253662e-02
-2.946895360946655273e-01 6.212837100028991699e-01 7.260609269142150879e-01 -2.065921574831008911e-01
2.673545777797698975e-01 -6.758547425270080566e-01 6.868348717689514160e-01 -1.912491172552108765e-01
0.000000000000000000e+00 0.000000000000000000e+00 0.000000000000000000e+00 1.000000000000000000e+00
9.267107248306274414e-01 3.723198175430297852e-01 5.083742365241050720e-02 -5.281341820955276489e-02
-2.632743716239929199e-01 5.467690229415893555e-01 7.948145866394042969e-01 -2.293352782726287842e-01
2.681289613246917725e-01 -7.499475479125976562e-01 6.047191023826599121e-01 -1.663517057895660400e-01
0.000000000000000000e+00 0.000000000000000000e+00 0.000000000000000000e+00 1.000000000000000000e+00
9.345082044601440430e-01 3.535022735595703125e-01 4.159566015005111694e-02 -5.191564932465553284e-02
-2.186614573001861572e-01 4.779431819915771484e-01 8.507390022277832031e-01 -2.487580925226211548e-01
2.808578908443450928e-01 -8.041183948516845703e-01 5.239393711090087891e-01 -1.437062323093414307e-01
0.000000000000000000e+00 0.000000000000000000e+00 0.000000000000000000e+00 1.000000000000000000e+00
9.465708136558532715e-01 3.185034394264221191e-01 5.058876052498817444e-02 -5.787941068410873413e-02
-1.844061762094497681e-01 4.058659970760345459e-01 8.951351046562194824e-01 -2.635717689990997314e-01
2.645713686943054199e-01 -8.566376566886901855e-01 4.429150223731994629e-01 -1.206570938229560852e-01
0.000000000000000000e+00 0.000000000000000000e+00 0.000000000000000000e+00 1.000000000000000000e+00
9.583130478858947754e-01 2.830231785774230957e-01 3.917014598846435547e-02 -5.742938816547393799e-02
-1.390466839075088501e-01 3.421985208988189697e-01 9.292821884155273438e-01 -2.771490812301635742e-01
2.496044188737869263e-01 -8.959897756576538086e-01 3.672868311405181885e-01 -9.762673825025558472e-02
0.000000000000000000e+00 0.000000000000000000e+00 0.000000000000000000e+00 1.000000000000000000e+00
9.639494419097900391e-01 2.591461539268493652e-01 6.036764010787010193e-02 -6.636515259742736816e-02
-1.292712092399597168e-01 2.578014433383941650e-01 9.575107693672180176e-01 -2.900505661964416504e-01
2.325724214315414429e-01 -9.307962656021118164e-01 2.820078730583190918e-01 -6.740359216928482056e-02
0.000000000000000000e+00 0.000000000000000000e+00 0.000000000000000000e+00 1.000000000000000000e+00
9.760509729385375977e-01 2.142534852027893066e-01 3.767522796988487244e-02 -6.297385692596435547e-02
-7.229706645011901855e-02 1.561340540647506714e-01 9.850863218307495117e-01 -3.035750687122344971e-01
2.051758021116256714e-01 -9.642189741134643555e-01 1.678847074508666992e-01 -2.781495079398155212e-02
0.000000000000000000e+00 0.000000000000000000e+00 0.000000000000000000e+00 1.000000000000000000e+00
9.924019575119018555e-01 1.229926645755767822e-01 3.323161043226718903e-03 -5.472242832183837891e-02
-1.965699531137943268e-02 1.318300962448120117e-01 9.910774230957031250e-01 -3.065928816795349121e-01
1.214571595191955566e-01 -9.836125373840332031e-01 1.332461684942245483e-01 -1.720555685460567474e-02
0.000000000000000000e+00 0.000000000000000000e+00 0.000000000000000000e+00 1.000000000000000000e+00
9.947172999382019043e-01 1.019009277224540710e-01 -1.240917854011058807e-02 -5.104500427842140198e-02
-1.349191833287477493e-02 2.496136873960494995e-01 9.682514071464538574e-01 -3.011597096920013428e-01
1.017632186412811279e-01 -9.629687070846557617e-01 2.496698200702667236e-01 -5.411865934729576111e-02
0.000000000000000000e+00 0.000000000000000000e+00 0.000000000000000000e+00 1.000000000000000000e+00
9.979697465896606445e-01 2.903711050748825073e-02 -5.668885633349418640e-02 -3.569290414452552795e-02
4.594239592552185059e-02 2.882750630378723145e-01 9.564446806907653809e-01 -3.087147474288940430e-01
4.411436244845390320e-02 -9.571071267127990723e-01 2.863555550575256348e-01 -6.313543021678924561e-02
0.000000000000000000e+00 0.000000000000000000e+00 0.000000000000000000e+00 1.000000000000000000e+00
9.883102178573608398e-01 -4.497189447283744812e-02 -1.456706225872039795e-01 -2.458675066009163857e-03
1.524218022823333740e-01 2.716311216354370117e-01 9.502550363540649414e-01 -3.188276290893554688e-01
-3.166121197864413261e-03 -9.613499045372009277e-01 2.753103971481323242e-01 -5.742979422211647034e-02
0.000000000000000000e+00 0.000000000000000000e+00 0.000000000000000000e+00 1.000000000000000000e+00
9.688795804977416992e-01 -5.819286033511161804e-02 -2.405944913625717163e-01 2.985817380249500275e-02
2.474472820758819580e-01 2.531527876853942871e-01 9.352452754974365234e-01 -3.233231902122497559e-01
6.482535041868686676e-03 -9.656746387481689453e-01 2.596741616725921631e-01 -5.119262263178825378e-02
0.000000000000000000e+00 0.000000000000000000e+00 0.000000000000000000e+00 1.000000000000000000e+00
9.718296527862548828e-01 -1.950556598603725433e-02 -2.348750233650207520e-01 2.604343555867671967e-02
2.302626073360443115e-01 2.910919785499572754e-01 9.285711646080017090e-01 -3.215712904930114746e-01
5.025791004300117493e-02 -9.564961791038513184e-01 2.873831987380981445e-01 -6.366865336894989014e-02
0.000000000000000000e+00 0.000000000000000000e+00 0.000000000000000000e+00 1.000000000000000000e+00
9.811460375785827637e-01 4.982244223356246948e-02 -1.867364197969436646e-01 7.105877622961997986e-03
1.604564189910888672e-01 3.286007642745971680e-01 9.307392239570617676e-01 -3.189192116260528564e-01
1.077333986759185791e-01 -9.431537389755249023e-01 3.144108951091766357e-01 -7.840681821107864380e-02
0.000000000000000000e+00 0.000000000000000000e+00 0.000000000000000000e+00 1.000000000000000000e+00
9.848912954330444336e-01 1.267453432083129883e-01 -1.180055364966392517e-01 -1.843663491308689117e-02
6.374692171812057495e-02 3.682324290275573730e-01 9.275457262992858887e-01 -3.125832974910736084e-01
1.610155403614044189e-01 -9.210538268089294434e-01 3.545892238616943359e-01 -9.840671718120574951e-02
0.000000000000000000e+00 0.000000000000000000e+00 0.000000000000000000e+00 1.000000000000000000e+00
9.779515266418457031e-01 2.064833194017410278e-01 -3.123050928115844727e-02 -4.886645823717117310e-02
-3.473724052309989929e-02 3.083091378211975098e-01 9.506516456604003906e-01 -3.145768344402313232e-01
2.059224098920822144e-01 -9.286064505577087402e-01 3.086840212345123291e-01 -8.786559104919433594e-02
0.000000000000000000e+00 0.000000000000000000e+00 0.000000000000000000e+00 1.000000000000000000e+00
9.209817647933959961e-01 3.794484436511993408e-01 8.838107436895370483e-02 -8.630905300378799438e-02
-2.209477722644805908e-01 3.218371868133544922e-01 9.206530451774597168e-01 -2.947442829608917236e-01
3.208962976932525635e-01 -8.674325346946716309e-01 3.802445530891418457e-01 -1.211583912372589111e-01
0.000000000000000000e+00 0.000000000000000000e+00 0.000000000000000000e+00 1.000000000000000000e+00
8.701294064521789551e-01 4.854327142238616943e-01 8.503010123968124390e-02 -8.311212062835693359e-02
-2.794395387172698975e-01 3.438599109649658203e-01 8.964784741401672363e-01 -2.823147475719451904e-01
4.059417545795440674e-01 -8.038131594657897949e-01 4.348517656326293945e-01 -1.478796750307083130e-01
0.000000000000000000e+00 0.000000000000000000e+00 0.000000000000000000e+00 1.000000000000000000e+00
8.292228579521179199e-01 5.554789304733276367e-01 6.191138923168182373e-02 -7.366909086704254150e-02
-3.405431210994720459e-01 4.142932593822479248e-01 8.440328240394592285e-01 -2.622052133083343506e-01
4.431928098201751709e-01 -7.209746837615966797e-01 5.327057838439941406e-01 -1.837781369686126709e-01
0.000000000000000000e+00 0.000000000000000000e+00 0.000000000000000000e+00 1.000000000000000000e+00
7.998842597007751465e-01 5.986825227737426758e-01 4.200607165694236755e-02 -6.522377580404281616e-02
-4.225138723850250244e-01 5.120362043380737305e-01 7.478641271591186523e-01 -2.249291539192199707e-01
4.262245595455169678e-01 -6.159527301788330078e-01 6.625214815139770508e-01 -2.263158857822418213e-01
0.000000000000000000e+00 0.000000000000000000e+00 0.000000000000000000e+00 1.000000000000000000e+00
7.765944600105285645e-01 6.296839714050292969e-01 1.998338103294372559e-02 -5.724252015352249146e-02
-5.011929273605346680e-01 5.982849001884460449e-01 6.251885890960693359e-01 -1.786796152591705322e-01
3.817152678966522217e-01 -4.955333769321441650e-01 7.802178263664245605e-01 -2.622491419315338135e-01
0.000000000000000000e+00 0.000000000000000000e+00 0.000000000000000000e+00 1.000000000000000000e+00
7.557735443115234375e-01 6.546847820281982422e-01 1.393632590770721436e-02 -5.359883978962898254e-02
-5.603637099266052246e-01 6.355836391448974609e-01 5.310611724853515625e-01 -1.437063515186309814e-01
3.388200104236602783e-01 -4.091712236404418945e-01 8.472191095352172852e-01 -2.821118533611297607e-01
0.000000000000000000e+00 0.000000000000000000e+00 0.000000000000000000e+00 1.000000000000000000e+00
6.527523994445800781e-01 7.575568556785583496e-01 4.707663785666227341e-03 -4.375413432717323303e-02
-6.732467412948608398e-01 5.772346854209899902e-01 4.621018469333648682e-01 -1.125502884387969971e-01
3.473511040210723877e-01 -3.048074841499328613e-01 8.868142962455749512e-01 -2.972868680953979492e-01
0.000000000000000000e+00 0.000000000000000000e+00 0.000000000000000000e+00 1.000000000000000000e+00
5.857486128807067871e-01 8.099386096000671387e-01 -2.996722050011157990e-02 -2.735055238008499146e-02
-7.363290786743164062e-01 5.472373962402343750e-01 3.979327380657196045e-01 -8.630793541669845581e-02
3.387004733085632324e-01 -2.110227197408676147e-01 9.169248342514038086e-01 -3.081337809562683105e-01
0.000000000000000000e+00 0.000000000000000000e+00 0.000000000000000000e+00 1.000000000000000000e+00
5.376567244529724121e-01 8.408799171447753906e-01 -6.201387196779251099e-02 -1.241164933890104294e-02
-7.829677462577819824e-01 5.252110958099365234e-01 3.333384692668914795e-01 -6.070141494274139404e-02
3.128681480884552002e-01 -1.306668072938919067e-01 9.407657980918884277e-01 -3.146663904190063477e-01
0.000000000000000000e+00 0.000000000000000000e+00 0.000000000000000000e+00 1.000000000000000000e+00
5.031784176826477051e-01 8.554049730300903320e-01 -1.228557750582695007e-01 1.097819395363330841e-02
-8.175432085990905762e-01 5.172593593597412109e-01 2.531115710735321045e-01 -3.099703229963779449e-02
2.800611257553100586e-01 -2.692034468054771423e-02 9.596045017242431641e-01 -3.195919394493103027e-01
0.000000000000000000e+00 0.000000000000000000e+00 0.000000000000000000e+00 1.000000000000000000e+00
4.343557953834533691e-01 8.833024501800537109e-01 -1.763845235109329224e-01 3.454156965017318726e-02
-8.586078882217407227e-01 4.652123153209686279e-01 2.153356224298477173e-01 -1.544206030666828156e-02
2.722628116607666016e-01 5.791295319795608521e-02 9.604785442352294922e-01 -3.196608424186706543e-01
0.000000000000000000e+00 0.000000000000000000e+00 0.000000000000000000e+00 1.000000000000000000e+00
3.519974648952484131e-01 8.946142792701721191e-01 -2.752510011196136475e-01 7.432402670383453369e-02
-8.931647539138793945e-01 4.089808762073516846e-01 1.870601028203964233e-01 -3.206937573850154877e-03
2.799189388751983643e-01 1.799997538328170776e-01 9.429980516433715820e-01 -3.139708042144775391e-01
0.000000000000000000e+00 0.000000000000000000e+00 0.000000000000000000e+00 1.000000000000000000e+00
2.951664626598358154e-01 8.815478682518005371e-01 -3.684421479701995850e-01 1.097040623426437378e-01
-9.118942618370056152e-01 3.750224113464355469e-01 1.667551398277282715e-01 5.173983983695507050e-03
2.851767241954803467e-01 2.867597937583923340e-01 9.145725369453430176e-01 -3.051841557025909424e-01
0.000000000000000000e+00 0.000000000000000000e+00 0.000000000000000000e+00 1.000000000000000000e+00
2.681935429573059082e-01 8.489307165145874023e-01 -4.553991556167602539e-01 1.395050287246704102e-01
-9.320009350776672363e-01 3.482807874679565430e-01 1.003728359937667847e-01 2.894202619791030884e-02
2.438163161277770996e-01 3.975131511688232422e-01 8.846113085746765137e-01 -2.917876243591308594e-01
0.000000000000000000e+00 0.000000000000000000e+00 0.000000000000000000e+00 1.000000000000000000e+00
1.743191331624984741e-01 7.696204185485839844e-01 -6.142455339431762695e-01 1.976181268692016602e-01
-9.620630145072937012e-01 2.660700380802154541e-01 6.034556776285171509e-02 4.286618158221244812e-02
2.098756432533264160e-01 5.804234147071838379e-01 7.868043780326843262e-01 -2.576072216033935547e-01
0.000000000000000000e+00 0.000000000000000000e+00 0.000000000000000000e+00 1.000000000000000000e+00
1.341239959001541138e-01 6.721960306167602539e-01 -7.281232476234436035e-01 2.377942949533462524e-01
-9.735626578330993652e-01 2.264748513698577881e-01 2.974412962794303894e-02 5.362986028194427490e-02
1.848954409360885620e-01 7.048841118812561035e-01 6.848005652427673340e-01 -2.232715338468551636e-01
0.000000000000000000e+00 0.000000000000000000e+00 0.000000000000000000e+00 1.000000000000000000e+00
1.077751219272613525e-01 5.673514008522033691e-01 -8.163923621177673340e-01 2.677350342273712158e-01
-9.838038682937622070e-01 1.791677325963973999e-01 -5.363248288631439209e-03 6.506431847810745239e-02
1.432283371686935425e-01 8.037481904029846191e-01 5.774724483489990234e-01 -1.859564185142517090e-01
0.000000000000000000e+00 0.000000000000000000e+00 0.000000000000000000e+00 1.000000000000000000e+00
7.645639777183532715e-02 5.068561434745788574e-01 -8.586333990097045898e-01 2.838608324527740479e-01
-9.907031655311584473e-01 1.358019262552261353e-01 -8.051715791225433350e-03 6.629754602909088135e-02
1.125229895114898682e-01 8.512663841247558594e-01 5.125269889831542969e-01 -1.632525324821472168e-01
0.000000000000000000e+00 0.000000000000000000e+00 0.000000000000000000e+00 1.000000000000000000e+00
1.564581394195556641e-01 5.072205066680908203e-01 -8.474952578544616699e-01 2.729232609272003174e-01
-9.874451160430908203e-01 9.921935945749282837e-02 -1.229123696684837341e-01 1.038215681910514832e-01
2.174424752593040466e-02 8.560856580734252930e-01 5.163760781288146973e-01 -1.572856009006500244e-01
0.000000000000000000e+00 0.000000000000000000e+00 0.000000000000000000e+00 1.000000000000000000e+00
2.645909190177917480e-01 5.779519677162170410e-01 -7.719861865043640137e-01 2.409722059965133667e-01
-9.591913223266601562e-01 7.494539767503738403e-02 -2.726452946662902832e-01 1.500549018383026123e-01
-9.971901774406433105e-02 8.126222491264343262e-01 5.741963982582092285e-01 -1.654863357543945312e-01
0.000000000000000000e+00 0.000000000000000000e+00 0.000000000000000000e+00 1.000000000000000000e+00
3.211555778980255127e-01 6.141821146011352539e-01 -7.208605408668518066e-01 2.214604616165161133e-01
-9.283267855644226074e-01 5.365189909934997559e-02 -3.678731918334960938e-01 1.774652898311614990e-01
-1.872655749320983887e-01 7.873387932777404785e-01 5.873922705650329590e-01 -1.631200760602951050e-01
0.000000000000000000e+00 0.000000000000000000e+00 0.000000000000000000e+00 1.000000000000000000e+00
3.669367432594299316e-01 6.325122117996215820e-01 -6.821186542510986328e-01 2.056733667850494385e-01
-8.891947269439697266e-01 2.305965498089790344e-02 -4.569478929042816162e-01 2.025872915983200073e-01
-2.732955813407897949e-01 7.742072939872741699e-01 5.708879232406616211e-01 -1.511103063821792603e-01
0.000000000000000000e+00 0.000000000000000000e+00 0.000000000000000000e+00 1.000000000000000000e+00
4.234426915645599365e-01 6.337459683418273926e-01 -6.473501920700073242e-01 1.897540539503097534e-01
-8.372451663017272949e-01 8.467804291285574436e-04 -5.468270778656005859e-01 2.262386530637741089e-01
-3.460012376308441162e-01 7.735409140586853027e-01 5.309593081474304199e-01 -1.314461678266525269e-01
0.000000000000000000e+00 0.000000000000000000e+00 0.000000000000000000e+00 1.000000000000000000e+00
5.206377506256103516e-01 6.323550343513488770e-01 -5.736402273178100586e-01 1.602641195058822632e-01
-7.296179533004760742e-01 -1.939127407968044281e-02 -6.835800409317016602e-01 2.586793601512908936e-01
-4.433888196945190430e-01 7.744359970092773438e-01 4.512817859649658203e-01 -9.597030282020568848e-02
0.000000000000000000e+00 0.000000000000000000e+00 0.000000000000000000e+00 1.000000000000000000e+00
6.320327520370483398e-01 6.681742072105407715e-01 -3.925270736217498779e-01 9.499070048332214355e-02
-5.787665247917175293e-01 7.016645371913909912e-02 -8.124687075614929199e-01 2.903249859809875488e-01
-5.153289437294006348e-01 7.406883835792541504e-01 4.310646057128906250e-01 -8.273436874151229858e-02
0.000000000000000000e+00 0.000000000000000000e+00 0.000000000000000000e+00 1.000000000000000000e+00
6.410807371139526367e-01 7.168675065040588379e-01 -2.740744948387145996e-01 6.079757586121559143e-02
-4.856418371200561523e-01 1.023905426263809204e-01 -8.681406378746032715e-01 3.014263808727264404e-01
-5.942790508270263672e-01 6.896501779556274414e-01 4.137813448905944824e-01 -7.200783491134643555e-02
0.000000000000000000e+00 0.000000000000000000e+00 0.000000000000000000e+00 1.000000000000000000e+00
6.186635494232177734e-01 7.582678198814392090e-01 -2.056337743997573853e-01 4.471486434340476990e-02
-3.888020217418670654e-01 6.805032491683959961e-02 -9.188048243522644043e-01 3.108284771442413330e-01
-6.827067136764526367e-01 6.483818292617797852e-01 3.369162976741790771e-01 -4.623028635978698730e-02
0.000000000000000000e+00 0.000000000000000000e+00 0.000000000000000000e+00 1.000000000000000000e+00
4.423401653766632080e-01 8.951071500778198242e-01 -5.584233254194259644e-02 1.608765870332717896e-02
-2.085378766059875488e-01 4.209625348448753357e-02 -9.771078824996948242e-01 3.185949921607971191e-01
-8.722655177116394043e-01 4.438591897487640381e-01 2.052845656871795654e-01 -4.836438223719596863e-03
0.000000000000000000e+00 0.000000000000000000e+00 0.000000000000000000e+00 1.000000000000000000e+00
3.128425478935241699e-01 9.449899792671203613e-01 9.551671892404556274e-02 -2.674710005521774292e-02
-2.536880373954772949e-01 1.800460964441299438e-01 -9.503816962242126465e-01 3.201004266738891602e-01
-9.152987599372863770e-01 2.730883359909057617e-01 2.960588634014129639e-01 -3.833049163222312927e-02
0.000000000000000000e+00 0.000000000000000000e+00 0.000000000000000000e+00 1.000000000000000000e+00
3.226370215415954590e-01 9.461442232131958008e-01 -2.676400542259216309e-02 1.361514534801244736e-02
-3.632175624370574951e-01 9.764759242534637451e-02 -9.265735149383544922e-01 3.144076168537139893e-01
-8.740584254264831543e-01 3.086679577827453613e-01 3.751609921455383301e-01 -6.271128356456756592e-02
0.000000000000000000e+00 0.000000000000000000e+00 0.000000000000000000e+00 1.000000000000000000e+00
2.840853333473205566e-01 9.582448005676269531e-01 -3.259210288524627686e-02 2.187684550881385803e-02
-4.588188230991363525e-01 1.060183197259902954e-01 -8.821820616722106934e-01 3.044082820415496826e-01
-8.418910503387451172e-01 2.655687928199768066e-01 4.697790443897247314e-01 -9.565908461809158325e-02
0.000000000000000000e+00 0.000000000000000000e+00 0.000000000000000000e+00 1.000000000000000000e+00
1.851350963115692139e-01 9.809378385543823242e-01 -5.904039368033409119e-02 3.467833250761032104e-02
-4.748358428478240967e-01 3.669352456927299500e-02 -8.793090581893920898e-01 3.030630052089691162e-01
-8.603811860084533691e-01 1.908253729343414307e-01 4.725778102874755859e-01 -9.790698438882827759e-02
