0.5835494995117188 0.79323810338974 0.1739060133695602 -0.05048989504575729 
-0.6771422028541565 0.5935102105140686 -0.4349988102912903 0.1652258336544037 
-0.4482726156711578 0.1360841989517212 0.8834776282310486 -0.2234970182180405 
0 0 0 1 

0.6076913475990295 0.7744743824005127 0.1757855117321014 -0.05379792302846909 
-0.6076697111129761 0.59595787525177 -0.5249490737915039 0.1891229301691055 
-0.5113204717636108 0.2121874541044235 0.8327831625938416 -0.2028987407684326 
0 0 0 1 

0.6675260066986084 0.7234217524528503 0.1762663125991821 -0.05873659253120422 
-0.4957225024700165 0.6084240674972534 -0.6197412014007568 0.2121884673833847 
-0.5555790066719055 0.3263141214847565 0.7647554874420166 -0.1760363131761551 
0 0 0 1 

0.7894110083580017 0.4545269906520844 0.4125959277153015 -0.1866551637649536 
0.03445056453347206 0.6382659077644348 -0.7690446376800537 0.2564471364021301 
-0.612897515296936 0.6213064193725586 0.4881954193115234 -0.0812067985534668 
0 0 0 1 

0.7778180241584778 0.4553599059581757 0.4331817626953125 -0.192671611905098 
-0.0073192841373384 0.6957589983940125 -0.7182379961013794 0.2437030971050262 
-0.6284468770027161 0.5554878711700439 0.5445067882537842 -0.1016979590058327 
0 0 0 1 

0.8376994132995605 0.3983120024204254 0.3736404180526733 -0.17873515188694 
-0.06362933665513992 0.7506817579269409 -0.6575927138328552 0.2289686352014542 
-0.5424121022224426 0.5270904898643494 0.6541900038719177 -0.1480557769536972 
0 0 0 1 

0.8212313652038574 0.3960371315479279 0.4107717871665955 -0.1891524642705917 
-0.09784125536680222 0.8069769740104675 -0.5824217796325684 0.2076234966516495 
-0.5621440410614014 0.4381125867366791 0.7014635801315308 -0.1672755777835846 
0 0 0 1 

0.8407361507415771 0.3637208044528961 0.4010857343673706 -0.1882083714008331 
-0.1252408027648926 0.8513166904449463 -0.509484589099884 0.1852845400571823 
-0.5267611742019653 0.3781097233295441 0.7612854242324829 -0.1934001594781876 
0 0 0 1 

0.8417251706123352 0.2671897411346436 0.4691570103168488 -0.2012578696012497 
-0.02712491899728775 0.8887907266616821 -0.4575098156929016 0.1674903184175491 
-0.5392243266105652 0.3723716139793396 0.7553650140762329 -0.1888836175203323 
0 0 0 1 

0.8181650638580322 0.3558048009872437 0.4516731798648834 -0.191387876868248 
-0.05841276794672012 0.8329114317893982 -0.5503147840499878 0.1988362520933151 
-0.5720084309577942 0.4238647818565369 0.7022426128387451 -0.1662039756774902 
0 0 0 1 

