0.5413790345191956 0.788149893283844 -0.2927940487861633 0.07244569063186646 
-0.8393258452415466 0.4861515164375305 -0.2432873845100403 0.09573767334222794 
-0.04940467700362206 0.3774603009223938 0.9247069358825684 -0.2079315185546875 
0 0 0 1 

0.5030112266540527 0.8089223504066467 -0.3043424487113953 0.07455330342054367 
-0.8439049124717712 0.3836846649646759 -0.374980628490448 0.1295678615570068 
-0.186558723449707 0.4454555511474609 0.8756512999534607 -0.1891147792339325 
0 0 0 1 

0.4898126721382141 0.8077503442764282 -0.3280590772628784 0.08040162175893784 
-0.8247969150543213 0.3074119687080383 -0.4745604991912842 0.1549777835607529 
-0.2824772000312805 0.5030278563499451 0.8168044686317444 -0.1702776104211807 
0 0 0 1 

0.4748387932777405 0.8088633418083191 -0.3467967808246613 0.0884920209646225 
-0.8059002757072449 0.2412992119789124 -0.5406469702720642 0.1715971529483795 
-0.3536278307437897 0.5362038016319275 0.7664415836334229 -0.1536850929260254 
0 0 0 1 

0.6001379489898682 0.7228015661239624 -0.3426255881786346 0.07389768213033676 
-0.7685797214508057 0.4023839235305786 -0.4973653256893158 0.1566470116376877 
-0.221629410982132 0.5618228912353516 0.7970165610313416 -0.1861729025840759 
0 0 0 1 

0.6071401238441467 0.7337468862533569 -0.3049530386924744 0.06361590325832367 
-0.7683594226837158 0.4443317651748657 -0.4606440663337708 0.1483809798955917 
-0.2024958729743958 0.5139890313148499 0.8335530161857605 -0.201813668012619 
0 0 0 1 

0.7537009119987488 0.5280529260635376 -0.3912730813026428 0.09631647169589996 
-0.6169023513793945 0.7737327218055725 -0.1441140621900558 0.06767802685499191 
0.2266408354043961 0.3499963283538818 0.9089204668998718 -0.2252863943576813 
0 0 0 1 

0.7713056802749634 0.500063955783844 -0.3937301337718964 0.09156976640224457 
-0.6175745129585266 0.7376182079315186 -0.2729850113391876 0.1037065461277962 
0.1539124399423599 0.453712671995163 0.8777560591697693 -0.2131380438804626 
0 0 0 1 

0.8168244361877441 0.4179874658584595 -0.3975980281829834 0.08566799759864807 
-0.5634110569953918 0.726107120513916 -0.3941271603107452 0.1345910876989365 
0.1239584311842918 0.5459438562393188 0.8286008834838867 -0.1981821209192276 
0 0 0 1 

0.835172176361084 0.4117270708084106 -0.364647775888443 0.07418207079172134 
-0.543005645275116 0.7225953936576843 -0.4277855157852173 0.141717329621315 
0.08736179023981094 0.5552804470062256 0.8270618915557861 -0.1954133957624435 
0 0 0 1 

