1.000000000000000000e+00 0.000000000000000000e+00 0.000000000000000000e+00 -4.097584310382009209e-01
0.000000000000000000e+00 -1.000000000000000000e+00 0.000000000000000000e+00 -1.932597221741734483e-02
0.000000000000000000e+00 0.000000000000000000e+00 -1.000000000000000000e+00 -2.664692399556274349e+00
0.000000000000000000e+00 0.000000000000000000e+00 0.000000000000000000e+00 1.000000000000000000e+00
9.964995980262756348e-01 -8.243752270936965942e-02 -1.388702634721994400e-02 -4.337479540889074281e-01
-8.219724148511886597e-02 -9.964700341224670410e-01 1.706741750240325928e-02 6.234324276346347310e-02
-1.524496823549270630e-02 -1.586622931063175201e-02 -9.997579455375671387e-01 -2.720027806398848114e+00
0.000000000000000000e+00 0.000000000000000000e+00 0.000000000000000000e+00 1.000000000000000000e+00
9.856961965560913086e-01 -1.645458489656448364e-01 -3.643598034977912903e-02 -4.804904428388823701e-01
-1.625612080097198486e-01 -9.853262305259704590e-01 5.201897397637367249e-02 2.072069367679258145e-01
-4.446087405085563660e-02 -4.535179212689399719e-02 -9.979810714721679688e-01 -2.709851956926272010e+00
0.000000000000000000e+00 0.000000000000000000e+00 0.000000000000000000e+00 1.000000000000000000e+00
9.660357236862182617e-01 -2.556879520416259766e-01 -3.739821165800094604e-02 -4.632576623146250627e-01
-2.524223029613494873e-01 -9.646925330162048340e-01 7.517410069704055786e-02 3.194809806894331472e-01
-5.529891699552536011e-02 -6.318070739507675171e-02 -9.964689612388610840e-01 -2.707003149540777365e+00
0.000000000000000000e+00 0.000000000000000000e+00 0.000000000000000000e+00 1.000000000000000000e+00
9.381183981895446777e-01 -3.427034020423889160e-01 -4.987854883074760437e-02 -4.710445588677981132e-01
-3.348449170589447021e-01 -9.343518614768981934e-01 1.219235658645629883e-01 4.949008001762171260e-01
-8.838779479265213013e-02 -9.767714887857437134e-02 -9.912853240966796875e-01 -2.681365262772696489e+00
0.000000000000000000e+00 0.000000000000000000e+00 0.000000000000000000e+00 1.000000000000000000e+00
8.923028707504272461e-01 -4.501502513885498047e-01 -3.406260907649993896e-02 -3.962846813847127336e-01
-4.418908059597015381e-01 -8.863788247108459473e-01 1.380760669708251953e-01 5.788784280091200385e-01
-9.234736114740371704e-02 -1.081537082791328430e-01 -9.898357391357421875e-01 -2.686770380853582108e+00
0.000000000000000000e+00 0.000000000000000000e+00 0.000000000000000000e+00 1.000000000000000000e+00
8.468554615974426270e-01 -5.316026210784912109e-01 -1.530174724757671356e-02 -3.171334558937156101e-01
-5.223239064216613770e-01 -8.367992043495178223e-01 1.641480475664138794e-01 6.908459540253678588e-01
-1.000660955905914307e-01 -1.310172080993652344e-01 -9.863170385360717773e-01 -2.678359169431203224e+00
0.000000000000000000e+00 0.000000000000000000e+00 0.000000000000000000e+00 1.000000000000000000e+00
7.950533032417297363e-01 -6.065143942832946777e-01 5.510560702532529831e-03 -2.310419358554693381e-01
-5.985913872718811035e-01 -7.831364870071411133e-01 1.684800237417221069e-01 7.357918646384667971e-01
-9.787006676197052002e-02 -1.372491866350173950e-01 -9.856896996498107910e-01 -2.685431242705402788e+00
0.000000000000000000e+00 0.000000000000000000e+00 0.000000000000000000e+00 1.000000000000000000e+00
7.242202162742614746e-01 -6.886326074600219727e-01 3.591815382242202759e-02 -9.502080828308591409e-02
-6.838211417198181152e-01 -7.104979157447814941e-01 1.660760194063186646e-01 7.578052069266645319e-01
-8.884562551975250244e-02 -1.448371857404708862e-01 -9.854584932327270508e-01 -2.691998069338490396e+00
0.000000000000000000e+00 0.000000000000000000e+00 0.000000000000000000e+00 1.000000000000000000e+00
6.467207670211791992e-01 -7.620264887809753418e-01 3.267047181725502014e-02 -5.411834966628712579e-02
-7.578773498535156250e-01 -6.371970772743225098e-01 1.400053650140762329e-01 7.069363763091153219e-01
-8.587033301591873169e-02 -1.153046041727066040e-01 -9.896115660667419434e-01 -2.718399758784123321e+00
0.000000000000000000e+00 0.000000000000000000e+00 0.000000000000000000e+00 1.000000000000000000e+00
5.532760024070739746e-01 -8.316783308982849121e-01 4.686777666211128235e-02 3.815925116616657176e-02
-8.311783671379089355e-01 -5.474762320518493652e-01 9.701623767614364624e-02 5.987101175085183247e-01
-5.502734333276748657e-02 -9.263224154710769653e-02 -9.941786527633666992e-01 -2.764995861218909834e+00
0.000000000000000000e+00 0.000000000000000000e+00 0.000000000000000000e+00 1.000000000000000000e+00
4.602578282356262207e-01 -8.834570050239562988e-01 8.755782246589660645e-02 2.165312909675740638e-01
-8.877550959587097168e-01 -4.571851491928100586e-01 5.359604209661483765e-02 4.789849101155735922e-01
-7.319654803723096848e-03 -1.023979038000106812e-01 -9.947165250778198242e-01 -2.804195384617646614e+00
0.000000000000000000e+00 0.000000000000000000e+00 0.000000000000000000e+00 1.000000000000000000e+00
3.522321283817291260e-01 -9.295044541358947754e-01 1.093343347311019897e-01 3.198518663363829062e-01
-9.356631636619567871e-01 -3.524248301982879639e-01 1.820252835750579834e-02 3.534442269622436461e-01
2.161279879510402679e-02 -1.087116077542304993e-01 -9.938383102416992188e-01 -2.814768864024598916e+00
0.000000000000000000e+00 0.000000000000000000e+00 0.000000000000000000e+00 1.000000000000000000e+00
2.723309695720672607e-01 -9.541080594062805176e-01 1.245532557368278503e-01 3.886253920446053889e-01
-9.590871930122375488e-01 -2.795748412609100342e-01 -4.460281506180763245e-02 1.333554546658020368e-01
7.737784832715988159e-02 -1.073107272386550903e-01 -9.912099242210388184e-01 -2.811368727972287651e+00
0.000000000000000000e+00 0.000000000000000000e+00 0.000000000000000000e+00 1.000000000000000000e+00
1.906501352787017822e-01 -9.691579937934875488e-01 1.561573445796966553e-01 4.951597575496545778e-01
-9.729799628257751465e-01 -2.076634168624877930e-01 -1.009231433272361755e-01 -6.015585638645433442e-02
1.302386820316314697e-01 -1.326969861984252930e-01 -9.825626015663146973e-01 -2.795940907270719311e+00
0.000000000000000000e+00 0.000000000000000000e+00 0.000000000000000000e+00 1.000000000000000000e+00
1.154777407646179199e-01 -9.809169173240661621e-01 1.564196348190307617e-01 5.118631121663184125e-01
-9.709687829017639160e-01 -1.446827501058578491e-01 -1.904903948307037354e-01 -3.421642959788168126e-01
2.094864398241043091e-01 -1.298811584711074829e-01 -9.691471457481384277e-01 -2.769995623037756705e+00
0.000000000000000000e+00 0.000000000000000000e+00 0.000000000000000000e+00 1.000000000000000000e+00
1.908604800701141357e-01 -9.718893170356750488e-01 1.378530114889144897e-01 4.499566016164154303e-01
-9.541914463043212891e-01 -2.166535407304763794e-01 -2.063489407300949097e-01 -3.853513977800000490e-01
2.304146438837051392e-01 -9.215430915355682373e-02 -9.687191247940063477e-01 -2.749246294158228299e+00
0.000000000000000000e+00 0.000000000000000000e+00 0.000000000000000000e+00 1.000000000000000000e+00
2.737437188625335693e-01 -9.504958987236022949e-01 1.470436900854110718e-01 4.531442636579914307e-01
-9.371930956840515137e-01 -2.979665100574493408e-01 -1.813421547412872314e-01 -2.915679563815287700e-01
2.161790430545806885e-01 -8.816704899072647095e-02 -9.723646640777587891e-01 -2.737456745965158866e+00
0.000000000000000000e+00 0.000000000000000000e+00 0.000000000000000000e+00 1.000000000000000000e+00
3.238546252250671387e-01 -9.331561326980590820e-01 1.560041308403015137e-01 4.632159801697867674e-01
-9.337349534034729004e-01 -3.418236374855041504e-01 -1.062820777297019958e-01 -4.788018119514250021e-02
1.525036990642547607e-01 -1.112465932965278625e-01 -9.820217490196228027e-01 -2.732420284089912776e+00
0.000000000000000000e+00 0.000000000000000000e+00 0.000000000000000000e+00 1.000000000000000000e+00
3.611422777175903320e-01 -9.148128032684326172e-01 1.808146834373474121e-01 5.235930572602723876e-01
-9.292892813682556152e-01 -3.691673874855041504e-01 -1.168730948120355606e-02 2.564646211125134467e-01
7.744258642196655273e-02 -1.638084501028060913e-01 -9.834477305412292480e-01 -2.699099392281699927e+00
0.000000000000000000e+00 0.000000000000000000e+00 0.000000000000000000e+00 1.000000000000000000e+00
4.001523554325103760e-01 -8.947557806968688965e-01 1.982171237468719482e-01 5.526277687973804031e-01
-9.163092970848083496e-01 -3.943922817707061768e-01 6.951225548982620239e-02 5.110296816356090233e-01
1.597880199551582336e-02 -2.094437032938003540e-01 -9.776902794837951660e-01 -2.647477589642340590e+00
0.000000000000000000e+00 0.000000000000000000e+00 0.000000000000000000e+00 1.000000000000000000e+00
4.591383337974548340e-01 -8.596326708793640137e-01 2.241065204143524170e-01 5.931863325365361872e-01
-8.873474597930908203e-01 -4.317119419574737549e-01 1.619839519262313843e-01 7.733419550512687923e-01
-4.249727353453636169e-02 -2.732333838939666748e-01 -9.610083699226379395e-01 -2.554328983336009440e+00
0.000000000000000000e+00 0.000000000000000000e+00 0.000000000000000000e+00 1.000000000000000000e+00
5.366959571838378906e-01 -8.177018761634826660e-01 2.081363499164581299e-01 4.961646285488022778e-01
-8.391861319541931152e-01 -4.915899932384490967e-01 2.326061129570007324e-01 9.526005521479159466e-01
-8.788473904132843018e-02 -2.995039820671081543e-01 -9.500387310981750488e-01 -2.488559998805240703e+00
0.000000000000000000e+00 0.000000000000000000e+00 0.000000000000000000e+00 1.000000000000000000e+00
5.979244112968444824e-01 -7.753785252571105957e-01 2.031610906124114990e-01 4.417834921576900276e-01
-7.922912240028381348e-01 -5.332995057106018066e-01 2.964220941066741943e-01 1.096435178640482011e+00
-1.214936599135398865e-01 -3.382006585597991943e-01 -9.331983923912048340e-01 -2.408464195264895302e+00
0.000000000000000000e+00 0.000000000000000000e+00 0.000000000000000000e+00 1.000000000000000000e+00
6.744709610939025879e-01 -7.163933515548706055e-01 1.785197108983993530e-01 3.176795955168886798e-01
-7.204388380050659180e-01 -5.857571959495544434e-01 3.712897598743438721e-01 1.241057062733863292e+00
-1.614204198122024536e-01 -3.790367841720581055e-01 -9.111941456794738770e-01 -2.310488151840631943e+00
0.000000000000000000e+00 0.000000000000000000e+00 0.000000000000000000e+00 1.000000000000000000e+00
7.362045049667358398e-01 -6.577929258346557617e-01 1.590950936079025269e-01 2.318183821295644043e-01
-6.487641334533691406e-01 -6.190575361251831055e-01 4.425751268863677979e-01 1.369176131804479279e+00
-1.926338076591491699e-01 -4.290408492088317871e-01 -8.825053572654724121e-01 -2.184101573778329364e+00
0.000000000000000000e+00 0.000000000000000000e+00 0.000000000000000000e+00 1.000000000000000000e+00
7.626619338989257812e-01 -6.306518912315368652e-01 1.436115801334381104e-01 1.705303917031198435e-01
-5.971997380256652832e-01 -6.013338565826416016e-01 5.308009386062622070e-01 1.556781301314395183e+00
-2.483923882246017456e-01 -4.905865192413330078e-01 -8.352398872375488281e-01 -1.987851057523815079e+00
0.000000000000000000e+00 0.000000000000000000e+00 0.000000000000000000e+00 1.000000000000000000e+00
7.933555841445922852e-01 -5.905816555023193359e-01 1.476485431194305420e-01 1.535471819101409396e-01
-5.332988500595092773e-01 -5.573011636734008789e-01 6.364019513130187988e-01 1.807974147491622885e+00
-2.935627400875091553e-01 -5.836338996887207031e-01 -7.570945620536804199e-01 -1.723603752938959399e+00
0.000000000000000000e+00 0.000000000000000000e+00 0.000000000000000000e+00 1.000000000000000000e+00
8.180903792381286621e-01 -5.574733614921569824e-01 1.412492245435714722e-01 1.166661086908813566e-01
-4.754201471805572510e-01 -5.173936486244201660e-01 7.115331292152404785e-01 1.989016629472556641e+00
-3.235793113708496094e-01 -6.492511034011840820e-01 -6.883088350296020508e-01 -1.499289696940561356e+00
0.000000000000000000e+00 0.000000000000000000e+00 0.000000000000000000e+00 1.000000000000000000e+00
8.457308411598205566e-01 -5.157102346420288086e-01 1.370489895343780518e-01 7.952595773560165726e-02
-4.102611243724822998e-01 -4.641911089420318604e-01 7.849918603897094727e-01 2.165509408221019338e+00
-3.412114977836608887e-01 -7.201177477836608887e-01 -6.041566133499145508e-01 -1.279797559254621797e+00
0.000000000000000000e+00 0.000000000000000000e+00 0.000000000000000000e+00 1.000000000000000000e+00
8.792021274566650391e-01 -4.659332334995269775e-01 9.954740852117538452e-02 -4.263721215629218825e-02
-3.219375312328338623e-01 -4.269447326660156250e-01 8.450290560722351074e-01 2.297894100012350727e+00
-3.512260019779205322e-01 -7.749994993209838867e-01 -5.253720879554748535e-01 -1.086592595800737193e+00
0.000000000000000000e+00 0.000000000000000000e+00 0.000000000000000000e+00 1.000000000000000000e+00
8.966377973556518555e-01 -4.376422464847564697e-01 6.715937703847885132e-02 -1.248875142378798181e-01
-2.232873588800430298e-01 -3.159629404544830322e-01 9.221226572990417480e-01 2.432792745667062828e+00
-3.823399543762207031e-01 -8.418055176734924316e-01 -3.810240030288696289e-01 -7.247276252220627990e-01
0.000000000000000000e+00 0.000000000000000000e+00 0.000000000000000000e+00 1.000000000000000000e+00
8.959783315658569336e-01 -4.436876177787780762e-01 1.908377557992935181e-02 -2.916303314567941785e-01
-7.788397371768951416e-02 -1.146816909313201904e-01 9.903445243835449219e-01 2.585331701137727034e+00
-4.372149705886840820e-01 -8.888133168220520020e-01 -1.373084485530853271e-01 -1.014362012450494982e-01
0.000000000000000000e+00 0.000000000000000000e+00 0.000000000000000000e+00 1.000000000000000000e+00
8.844534158706665039e-01 -4.655953049659729004e-01 3.103530779480934143e-02 -2.309063974422901067e-01
-8.036925643682479858e-02 -8.647974580526351929e-02 9.930067062377929688e-01 2.588618977618102335e+00
-4.596552550792694092e-01 -8.807622194290161133e-01 -1.139068156480789185e-01 -9.530997362083042101e-02
0.000000000000000000e+00 0.000000000000000000e+00 0.000000000000000000e+00 1.000000000000000000e+00
8.527231216430664062e-01 -5.214870572090148926e-01 3.024078533053398132e-02 -2.028801268816205206e-01
-9.953349828720092773e-02 -1.053776964545249939e-01 9.894386529922485352e-01 2.586744791279253164e+00
-5.127928256988525391e-01 -8.467271327972412109e-01 -1.417634040117263794e-01 -1.496657838686987763e-01
0.000000000000000000e+00 0.000000000000000000e+00 0.000000000000000000e+00 1.000000000000000000e+00
8.353910446166992188e-01 -5.451840162277221680e-01 6.997159868478775024e-02 -1.027352446450167378e-01
-2.308637052774429321e-01 -2.324944734573364258e-01 9.448006153106689453e-01 2.519793126735482502e+00
-4.988222122192382812e-01 -8.054319024085998535e-01 -3.200869262218475342e-01 -5.291635448908670325e-01
0.000000000000000000e+00 0.000000000000000000e+00 0.000000000000000000e+00 1.000000000000000000e+00
8.361811041831970215e-01 -5.388907790184020996e-01 1.019703522324562073e-01 -2.217910805466801263e-02
-3.060968220233917236e-01 -3.042700886726379395e-01 9.020664691925048828e-01 2.438485669453399396e+00
-4.550889730453491211e-01 -7.855037450790405273e-01 -4.193776547908782959e-01 -7.850013971725886552e-01
0.000000000000000000e+00 0.000000000000000000e+00 0.000000000000000000e+00 1.000000000000000000e+00
8.218950033187866211e-01 -5.576490759849548340e-01 1.162584125995635986e-01 1.133556799809172511e-02
-3.682279288768768311e-01 -3.643921911716461182e-01 8.553518056869506836e-01 2.345259247989889495e+00
-4.346224367618560791e-01 -7.458190321922302246e-01 -5.048342347145080566e-01 -1.008949556368084144e+00
0.000000000000000000e+00 0.000000000000000000e+00 0.000000000000000000e+00 1.000000000000000000e+00
8.392216563224792480e-01 -5.380874872207641602e-01 7.854274660348892212e-02 -1.238207981248930917e-01
-4.441205859184265137e-01 -5.948715209960937500e-01 6.699885725975036621e-01 1.977297446049276264e+00
-3.137896955013275146e-01 -5.971512198448181152e-01 -7.382048368453979492e-01 -1.669775393901100857e+00
0.000000000000000000e+00 0.000000000000000000e+00 0.000000000000000000e+00 1.000000000000000000e+00
8.378632664680480957e-01 -5.429022908210754395e-01 5.693849548697471619e-02 -1.907820429700404219e-01
-4.605237841606140137e-01 -6.469922065734863281e-01 6.077156662940979004e-01 1.810510314547035371e+00
-2.930916249752044678e-01 -5.354041457176208496e-01 -7.921107411384582520e-01 -1.823589193436176092e+00
0.000000000000000000e+00 0.000000000000000000e+00 0.000000000000000000e+00 1.000000000000000000e+00
8.601998090744018555e-01 -5.065231323242187500e-01 5.908126011490821838e-02 -1.892962943052002578e-01
-4.558782875537872314e-01 -7.118796706199645996e-01 5.342304110527038574e-01 1.604871758301307461e+00
-2.285413444042205811e-01 -4.864787757396697998e-01 -8.432716727256774902e-01 -1.981400125805673929e+00
0.000000000000000000e+00 0.000000000000000000e+00 0.000000000000000000e+00 1.000000000000000000e+00
8.743093013763427734e-01 -4.846111238002777100e-01 2.711220830678939819e-02 -2.629198842337968078e-01
-4.555483460426330566e-01 -8.000335693359375000e-01 3.904120624065399170e-01 1.222961727406610022e+00
-1.675075590610504150e-01 -3.536917567253112793e-01 -9.202407002449035645e-01 -2.199538914419339353e+00
0.000000000000000000e+00 0.000000000000000000e+00 0.000000000000000000e+00 1.000000000000000000e+00
8.796675801277160645e-01 -4.749885201454162598e-01 2.389583736658096313e-02 -2.565844162739246981e-01
-4.648305475711822510e-01 -8.480551838874816895e-01 2.544303834438323975e-01 8.727885531790527951e-01
-1.005866080522537231e-01 -2.349216490983963013e-01 -9.667959809303283691e-01 -2.344372099777292995e+00
0.000000000000000000e+00 0.000000000000000000e+00 0.000000000000000000e+00 1.000000000000000000e+00
8.801022768020629883e-01 -4.745513796806335449e-01 1.485197618603706360e-02 -2.409079733857688588e-01
-4.746823310852050781e-01 -8.788371086120605469e-01 4.818617552518844604e-02 3.328084819978698317e-01
-9.814366698265075684e-03 -4.945874586701393127e-02 -9.987279176712036133e-01 -2.463579677709343940e+00
0.000000000000000000e+00 0.000000000000000000e+00 0.000000000000000000e+00 1.000000000000000000e+00
8.882406949996948242e-01 -4.591499567031860352e-01 1.448594871908426285e-02 -2.266928756944994183e-01
-4.580995440483093262e-01 -8.876786231994628906e-01 -4.659917950630187988e-02 7.538094642259901557e-02
3.425487875938415527e-02 3.475528210401535034e-02 -9.988086223602294922e-01 -2.488328208975347344e+00
0.000000000000000000e+00 0.000000000000000000e+00 0.000000000000000000e+00 1.000000000000000000e+00
8.946195244789123535e-01 -4.466820061206817627e-01 1.144373323768377304e-02 -2.301027386414579989e-01
-4.401042759418487549e-01 -8.852939009666442871e-01 -1.502091884613037109e-01 -2.219313239897627299e-01
7.722685486078262329e-02 1.293436139822006226e-01 -9.885880351066589355e-01 -2.481228817614053561e+00
0.000000000000000000e+00 0.000000000000000000e+00 0.000000000000000000e+00 1.000000000000000000e+00
8.962938189506530762e-01 -4.432429373264312744e-01 1.389096677303314209e-02 -2.222652760331327026e-01
-4.252381622791290283e-01 -8.679292201995849609e-01 -2.566538751125335693e-01 -5.288880432695237666e-01
1.258164644241333008e-01 2.241303026676177979e-01 -9.664035439491271973e-01 -2.438552722707195475e+00
0.000000000000000000e+00 0.000000000000000000e+00 0.000000000000000000e+00 1.000000000000000000e+00
9.002181291580200195e-01 -4.351715147495269775e-01 1.526206918060779572e-02 -2.141468199948634576e-01
-3.992103040218353271e-01 -8.388095498085021973e-01 -3.701747953891754150e-01 -8.760268747700694636e-01
1.738916337490081787e-01 3.271452486515045166e-01 -9.288366436958312988e-01 -2.349129586035846540e+00
0.000000000000000000e+00 0.000000000000000000e+00 0.000000000000000000e+00 1.000000000000000000e+00
9.040368199348449707e-01 -4.273237586021423340e-01 1.056522224098443985e-02 -2.390359600765750436e-01
-3.760079741477966309e-01 -8.067443966865539551e-01 -4.558301866054534912e-01 -1.140067500089937180e+00
2.033106684684753418e-01 4.081146419048309326e-01 -8.900039196014404297e-01 -2.261313939428832853e+00
0.000000000000000000e+00 0.000000000000000000e+00 0.000000000000000000e+00 1.000000000000000000e+00
9.148405194282531738e-01 -4.036708772182464600e-01 1.079516019672155380e-02 -2.657562053219070797e-01
-3.322154581546783447e-01 -7.675602436065673828e-01 -5.481640696525573730e-01 -1.424669194037613718e+00
2.295639365911483765e-01 4.978963732719421387e-01 -8.363010287284851074e-01 -2.140674921327055724e+00
0.000000000000000000e+00 0.000000000000000000e+00 0.000000000000000000e+00 1.000000000000000000e+00
9.089604616165161133e-01 -4.167028367519378662e-01 -1.222932245582342148e-02 -3.374565605280075431e-01
-3.314448297023773193e-01 -7.045710086822509766e-01 -6.274740099906921387e-01 -1.646353125317410404e+00
2.528539597988128662e-01 5.744023919105529785e-01 -7.785412669181823730e-01 -2.011585094373625981e+00
0.000000000000000000e+00 0.000000000000000000e+00 0.000000000000000000e+00 1.000000000000000000e+00
9.164069294929504395e-01 -3.991871178150177002e-01 -2.911933884024620056e-02 -4.033776916271777924e-01
-2.944752275943756104e-01 -6.231697797775268555e-01 -7.245299220085144043e-01 -1.932535198197532722e+00
2.710767686367034912e-01 6.725391745567321777e-01 -6.886278390884399414e-01 -1.782307010821823301e+00
0.000000000000000000e+00 0.000000000000000000e+00 0.000000000000000000e+00 1.000000000000000000e+00
9.241697788238525391e-01 -3.787095546722412109e-01 -4.989273846149444580e-02 -4.739204428926475088e-01
-2.670738101005554199e-01 -5.472416877746582031e-01 -7.932200431823730469e-01 -2.141949031297642581e+00
2.730966806411743164e-01 7.463949918746948242e-01 -6.068876385688781738e-01 -1.554753691950670591e+00
0.000000000000000000e+00 0.000000000000000000e+00 0.000000000000000000e+00 1.000000000000000000e+00
9.315198659896850586e-01 -3.604926168918609619e-01 -4.812313988804817200e-02 -4.868798398759922041e-01
-2.270020097494125366e-01 -4.729276001453399658e-01 -8.513574004173278809e-01 -2.325073482643507994e+00
2.841493189334869385e-01 8.039804100990295410e-01 -5.223740339279174805e-01 -1.332665784110203200e+00
0.000000000000000000e+00 0.000000000000000000e+00 0.000000000000000000e+00 1.000000000000000000e+00
9.413107633590698242e-01 -3.331705331802368164e-01 -5.414291843771934509e-02 -5.296828328162099808e-01
-1.954828351736068726e-01 -4.073237180709838867e-01 -8.921175599098205566e-01 -2.451513731089041581e+00
2.751736342906951904e-01 8.503438830375671387e-01 -4.485473334789276123e-01 -1.142520584381043092e+00
0.000000000000000000e+00 0.000000000000000000e+00 0.000000000000000000e+00 1.000000000000000000e+00
9.569072723388671875e-01 -2.859227359294891357e-01 -5.076085403561592102e-02 -5.457758765325574357e-01
-1.511086225509643555e-01 -3.409978151321411133e-01 -9.278396368026733398e-01 -2.582362677287195041e+00
2.479811757802963257e-01 8.955268859863281250e-01 -3.695086538791656494e-01 -9.158404095208892981e-01
0.000000000000000000e+00 0.000000000000000000e+00 0.000000000000000000e+00 1.000000000000000000e+00
