1 0 0 -0.01792658120393753 
0 1 0 0.02243540808558464 
0 0 1 -0.3816788792610168 
0 0 0 1 

0.9881457090377808 0.05002672225236893 -0.1451388895511627 0.04325350746512413 
-0.05302513763308525 0.9984508156776428 -0.01686197146773338 0.025619737803936 
0.144070491194725 0.02435812726616859 0.9892675280570984 -0.3783061802387238 
0 0 0 1 

0.9617750644683838 0.058539018034935 -0.2675101757049561 0.09265805035829544 
-0.06570054590702057 0.9976789355278015 -0.01789085753262043 0.02645062655210495 
0.2658419907093048 0.03478258848190308 0.9633888602256775 -0.3665309846401215 
0 0 0 1 

0.9993781447410583 0.03291213139891624 -0.01265973597764969 -0.00989032257348299 
-0.03281228989362717 0.9994294047355652 0.00801482517272234 0.01687395758926868 
0.01291629020124674 -0.007594456896185875 0.9998877644538879 -0.3687810301780701 
0 0 0 1 

0.9919873476028442 0.05075973644852638 -0.1156911179423332 0.03330646082758904 
-0.04683290794491768 0.9982388019561768 0.03641286864876747 0.009464065544307232 
0.1173356920480728 -0.03070288524031639 0.9926174879074097 -0.3664681017398834 
0 0 0 1 

0.6697433590888977 0.7274380326271057 -0.1492557376623154 0.01721972413361073 
-0.7266883850097656 0.6006499528884888 -0.3333814740180969 0.1145163550972939 
-0.1528640389442444 0.3317424654960632 0.9309024810791016 -0.2459319084882736 
0 0 0 1 

0.968852162361145 0.03840500488877296 -0.2446434497833252 0.04407214373350143 
-0.1022877618670464 0.9617519378662109 -0.2541069686412811 0.06573094427585602 
0.2255273312330246 0.2712161242961884 0.9357239007949829 -0.1943265497684479 
0 0 0 1 

0.9549362063407898 0.06804212927818298 -0.2889067232608795 0.05527537316083908 
-0.1120272576808929 0.9840000867843628 -0.138540655374527 0.03281442448496819 
0.2748576104640961 0.1646629571914673 0.9472798705101013 -0.2068342417478561 
0 0 0 1 

0.9647641181945801 0.1205768212676048 -0.2338620275259018 0.04067047312855721 
-0.1367699652910233 0.9891164302825928 -0.05424670875072479 0.005887308623641729 
0.2247758656740189 0.08432056754827499 0.9707552790641785 -0.2220025658607483 
0 0 0 1 

0.9741084575653076 0.1435108035802841 -0.1746938824653625 0.02524414658546448 
-0.154107466340065 0.9868574738502502 -0.04861445724964142 0.002423784695565701 
0.1654212027788162 0.07427734136581421 0.9834219217300415 -0.2295432835817337 
0 0 0 1 

