-0.1952235847711563 0.2915887534618378 -0.9364100694656372 0.3035211563110352 
-0.9745717644691467 0.04940078034996986 0.2185624092817307 -0.0315420925617218 
0.1099897846579552 0.9552673101425171 0.2745298445224762 -0.07620757073163986 
0 0 0 1 

-0.275220513343811 0.1681117862462997 -0.9465683698654175 0.3100068271160126 
-0.9593359231948853 0.01616170629858971 0.2818032801151276 -0.0520031675696373 
0.06267252564430237 0.9856352806091309 0.1568278670310974 -0.03647744655609131 
0 0 0 1 

-0.2141176611185074 -0.742022693157196 -0.6352604031562805 0.2077448815107346 
-0.949811577796936 0.006318526342511177 0.3127584755420685 -0.0596090704202652 
-0.2280600368976593 0.6703448891639709 -0.7061347365379333 0.2511321902275085 
0 0 0 1 

-0.2078698873519897 -0.743402898311615 -0.6357215642929077 0.2064312994480133 
-0.9687894582748413 0.06674211472272873 0.2387304306030273 -0.03660638257861137 
-0.1350436061620712 0.6655053496360779 -0.734074592590332 0.2552156448364258 
0 0 0 1 

-0.1093384325504303 -0.7442365288734436 -0.6589057445526123 0.205921396613121 
-0.9902244210243225 0.02379856631159782 0.1374370753765106 -0.002421501092612743 
-0.0866047739982605 0.6674918532371521 -0.7395631670951843 0.2539595365524292 
0 0 0 1 

0.01272471807897091 -0.7603129148483276 -0.649432361125946 0.1924950778484344 
-0.9994295239448547 -0.02999084070324898 0.01552875339984894 0.03883204981684685 
-0.0312836766242981 0.6488642692565918 -0.7602608799934387 0.2567635178565979 
0 0 0 1 

0.06677543371915817 -0.766490638256073 -0.638774573802948 0.1846034824848175 
-0.9942004084587097 0.002976145362481475 -0.1075012981891632 0.07775826752185822 
0.08429975062608719 0.6422484517097473 -0.7618464827537537 0.2495817244052887 
0 0 0 1 

0.05239957943558693 -0.7830880284309387 -0.6196995377540588 0.1820609271526337 
-0.9814615845680237 0.07417671382427216 -0.1767230033874512 0.09189140051603317 
0.1843569427728653 0.61747145652771 -0.7646839022636414 0.24613356590271 
0 0 0 1 

-0.0279986672103405 -0.7785266637802124 -0.6269867420196533 0.1942687332630157 
-0.9944762587547302 0.08516909927129745 -0.06134491413831711 0.05478617176413536 
0.1011585593223572 0.6218058466911316 -0.7766109108924866 0.2639177441596985 
0 0 0 1 

-0.07555864751338959 -0.8006399273872375 -0.5943624377250671 0.1867377460002899 
-0.99288010597229 0.005361499730497599 0.1189979463815689 0.001061897492036223 
-0.09208778291940689 0.5991219282150269 -0.7953446507453918 0.2851935923099518 
0 0 0 1 

