1.000000000000000000e+00 0.000000000000000000e+00 0.000000000000000000e+00 -3.619798645377159119e-02
0.000000000000000000e+00 1.000000000000000000e+00 0.000000000000000000e+00 -1.327119767665863037e-03
0.000000000000000000e+00 0.000000000000000000e+00 1.000000000000000000e+00 -2.960163652896881104e-01
0.000000000000000000e+00 0.000000000000000000e+00 0.000000000000000000e+00 1.000000000000000000e+00
9.907874464988708496e-01 1.351965218782424927e-01 7.869940251111984253e-03 -4.194779321551322937e-02
-1.345632374286651611e-01 9.893631935119628906e-01 -5.525658652186393738e-02 2.732090279459953308e-02
-1.525676436722278595e-02 5.368851870298385620e-02 9.984411001205444336e-01 -2.970451712608337402e-01
0.000000000000000000e+00 0.000000000000000000e+00 0.000000000000000000e+00 1.000000000000000000e+00
9.716036915779113770e-01 2.348635196685791016e-01 2.872369065880775452e-02 -4.860110580921173096e-02
-2.309986799955368042e-01 9.678214192390441895e-01 -9.980409592390060425e-02 5.147478356957435608e-02
-5.123983323574066162e-02 9.033489227294921875e-02 9.945924878120422363e-01 -2.949653267860412598e-01
0.000000000000000000e+00 0.000000000000000000e+00 0.000000000000000000e+00 1.000000000000000000e+00
9.426829218864440918e-01 3.325813710689544678e-01 2.717246674001216888e-02 -4.696942865848541260e-02
-3.256376981735229492e-01 9.346616864204406738e-01 -1.427147686481475830e-01 7.344508916139602661e-02
-7.286141812801361084e-02 1.256864368915557861e-01 9.893910288810729980e-01 -2.920446097850799561e-01
0.000000000000000000e+00 0.000000000000000000e+00 0.000000000000000000e+00 1.000000000000000000e+00
8.970993757247924805e-01 4.418283402919769287e-01 4.971545422449707985e-05 -3.338957205414772034e-02
-4.359561502933502197e-01 8.851947188377380371e-01 -1.623956710100173950e-01 8.637485653162002563e-02
-7.179505378007888794e-02 1.456633955240249634e-01 9.867258667945861816e-01 -2.912839949131011963e-01
0.000000000000000000e+00 0.000000000000000000e+00 0.000000000000000000e+00 1.000000000000000000e+00
8.335577845573425293e-01 5.521240830421447754e-01 -1.844854652881622314e-02 -2.177735045552253723e-02
-5.451300144195556641e-01 8.166692852973937988e-01 -1.894304007291793823e-01 1.011301577091217041e-01
-8.952279388904571533e-02 1.679580360651016235e-01 9.817208647727966309e-01 -2.893881201744079590e-01
0.000000000000000000e+00 0.000000000000000000e+00 0.000000000000000000e+00 1.000000000000000000e+00
7.557420730590820312e-01 6.530525088310241699e-01 -4.874469712376594543e-02 -5.384212825447320938e-03
-6.503713726997375488e-01 7.397605180740356445e-01 -1.725430637598037720e-01 9.977214783430099487e-02
-7.662039250135421753e-02 1.621002554893493652e-01 9.837951660156250000e-01 -2.923640906810760498e-01
0.000000000000000000e+00 0.000000000000000000e+00 0.000000000000000000e+00 1.000000000000000000e+00
6.931876540184020996e-01 7.164421081542968750e-01 -7.874888926744461060e-02 7.845547981560230255e-03
-7.201765775680541992e-01 6.840997338294982910e-01 -1.155534759163856506e-01 8.154467493295669556e-02
-2.891533076763153076e-02 1.368133574724197388e-01 9.901748895645141602e-01 -2.992723584175109863e-01
0.000000000000000000e+00 0.000000000000000000e+00 0.000000000000000000e+00 1.000000000000000000e+00
5.905903577804565430e-01 8.057728409767150879e-01 -4.396401718258857727e-02 2.740217896644026041e-04
-8.062696456909179688e-01 5.869290828704833984e-01 -7.377783954143524170e-02 6.843745708465576172e-02
-3.364444524049758911e-02 7.901933044195175171e-02 9.963052868843078613e-01 -3.068214952945709229e-01
0.000000000000000000e+00 0.000000000000000000e+00 0.000000000000000000e+00 1.000000000000000000e+00
5.053459405899047852e-01 8.616718053817749023e-01 -4.633590206503868103e-02 5.942902062088251114e-03
-8.624560236930847168e-01 5.025928616523742676e-01 -5.975039303302764893e-02 6.446730345487594604e-02
-2.819713391363620758e-02 7.015729695558547974e-02 9.971373677253723145e-01 -3.104645013809204102e-01
0.000000000000000000e+00 0.000000000000000000e+00 0.000000000000000000e+00 1.000000000000000000e+00
4.062733650207519531e-01 9.117056727409362793e-01 -6.110921502113342285e-02 1.556787919253110886e-02
-9.135976433753967285e-01 4.065226018428802490e-01 -8.860507979989051819e-03 4.599975422024726868e-02
1.676409319043159485e-02 5.942903086543083191e-02 9.980917572975158691e-01 -3.146711587905883789e-01
0.000000000000000000e+00 0.000000000000000000e+00 0.000000000000000000e+00 1.000000000000000000e+00
2.947595715522766113e-01 9.534279108047485352e-01 -6.396490335464477539e-02 2.160413376986980438e-02
-9.545329809188842773e-01 2.968985438346862793e-01 2.679137513041496277e-02 3.290473669767379761e-02
4.453472420573234558e-02 5.315960943698883057e-02 9.975923299789428711e-01 -3.171402812004089355e-01
0.000000000000000000e+00 0.000000000000000000e+00 0.000000000000000000e+00 1.000000000000000000e+00
1.775196790695190430e-01 9.811279177665710449e-01 -7.664462924003601074e-02 3.080645017325878143e-02
-9.818899035453796387e-01 1.818167269229888916e-01 5.324156582355499268e-02 2.325568161904811859e-02
6.617207080125808716e-02 6.580517441034317017e-02 9.956359267234802246e-01 -3.179202377796173096e-01
0.000000000000000000e+00 0.000000000000000000e+00 0.000000000000000000e+00 1.000000000000000000e+00
1.020364910364151001e-01 9.913901686668395996e-01 -8.206137269735336304e-02 3.559562563896179199e-02
-9.903952479362487793e-01 1.089778691530227661e-01 8.509626984596252441e-02 1.154230162501335144e-02
9.330645948648452759e-02 7.259024679660797119e-02 9.929876327514648438e-01 -3.174709081649780273e-01
0.000000000000000000e+00 0.000000000000000000e+00 0.000000000000000000e+00 1.000000000000000000e+00
2.008131332695484161e-02 9.961601495742797852e-01 -8.521515876054763794e-02 4.158583655953407288e-02
-9.974334836006164551e-01 2.581979893147945404e-02 6.678187847137451172e-02 1.943006366491317749e-02
6.872567534446716309e-02 8.365538716316223145e-02 9.941220283508300781e-01 -3.116349279880523682e-01
0.000000000000000000e+00 0.000000000000000000e+00 0.000000000000000000e+00 1.000000000000000000e+00
-9.146216511726379395e-02 8.657737970352172852e-01 -4.920060932636260986e-01 1.811075508594512939e-01
-9.910709857940673828e-01 -3.100420907139778137e-02 1.296791136264801025e-01 -8.213211549445986748e-04
9.701845794916152954e-02 4.994738996028900146e-01 8.608793616294860840e-01 -2.609464824199676514e-01
0.000000000000000000e+00 0.000000000000000000e+00 0.000000000000000000e+00 1.000000000000000000e+00
-1.673991531133651733e-01 8.428035378456115723e-01 -5.115268826484680176e-01 1.895661652088165283e-01
-9.781827330589294434e-01 -7.723863422870635986e-02 1.928539872169494629e-01 -2.337361127138137817e-02
1.230283752083778381e-01 5.326504111289978027e-01 8.373454809188842773e-01 -2.540735900402069092e-01
0.000000000000000000e+00 0.000000000000000000e+00 0.000000000000000000e+00 1.000000000000000000e+00
-1.288128346204757690e-01 7.720406055450439453e-01 -6.223832368850708008e-01 2.179779857397079468e-01
-9.914326667785644531e-01 -1.139591485261917114e-01 6.383240222930908203e-02 1.826149038970470428e-02
-2.164503373205661774e-02 6.252734661102294922e-01 7.801055312156677246e-01 -2.287892997264862061e-01
0.000000000000000000e+00 0.000000000000000000e+00 0.000000000000000000e+00 1.000000000000000000e+00
-8.837334811687469482e-02 6.852483153343200684e-01 -7.229279875755310059e-01 2.404374182224273682e-01
-9.948868155479431152e-01 -2.510009519755840302e-02 9.782662987709045410e-02 1.051967404782772064e-02
4.888994991779327393e-02 7.278767824172973633e-01 6.839628219604492188e-01 -2.088217437267303467e-01
0.000000000000000000e+00 0.000000000000000000e+00 0.000000000000000000e+00 1.000000000000000000e+00
-6.309230625629425049e-02 5.174983739852905273e-01 -8.533551096916198730e-01 2.776752412319183350e-01
-9.860960245132446289e-01 9.938903152942657471e-02 1.331787407398223877e-01 -3.491331590339541435e-04
1.537339091300964355e-01 8.498926162719726562e-01 5.040323138236999512e-01 -1.528457999229431152e-01
0.000000000000000000e+00 0.000000000000000000e+00 0.000000000000000000e+00 1.000000000000000000e+00
-1.254376173019409180e-01 3.880224823951721191e-01 -9.130738973617553711e-01 2.947353124618530273e-01
-9.856492280960083008e-01 5.605269223451614380e-02 1.592283099889755249e-01 -1.235910691320896149e-02
1.129643768072128296e-01 9.199438691139221191e-01 3.754229843616485596e-01 -1.078509092330932617e-01
0.000000000000000000e+00 0.000000000000000000e+00 0.000000000000000000e+00 1.000000000000000000e+00
-1.952235847711563110e-01 2.915887534618377686e-01 -9.364100694656372070e-01 3.035211563110351562e-01
-9.745717644691467285e-01 4.940078034996986389e-02 2.185624092817306519e-01 -3.154209256172180176e-02
1.099897846579551697e-01 9.552673101425170898e-01 2.745298445224761963e-01 -7.620757073163986206e-02
0.000000000000000000e+00 0.000000000000000000e+00 0.000000000000000000e+00 1.000000000000000000e+00
-2.752205133438110352e-01 1.681117862462997437e-01 -9.465683698654174805e-01 3.100068271160125732e-01
-9.593359231948852539e-01 1.616170629858970642e-02 2.818032801151275635e-01 -5.200316756963729858e-02
6.267252564430236816e-02 9.856352806091308594e-01 1.568278670310974121e-01 -3.647744655609130859e-02
0.000000000000000000e+00 0.000000000000000000e+00 0.000000000000000000e+00 1.000000000000000000e+00
-2.141176611185073853e-01 -7.420226931571960449e-01 -6.352604031562805176e-01 2.077448815107345581e-01
-9.498115777969360352e-01 6.318526342511177063e-03 3.127584755420684814e-01 -5.960907042026519775e-02
-2.280600368976593018e-01 6.703448891639709473e-01 -7.061347365379333496e-01 2.511321902275085449e-01
0.000000000000000000e+00 0.000000000000000000e+00 0.000000000000000000e+00 1.000000000000000000e+00
-2.078698873519897461e-01 -7.434028983116149902e-01 -6.357215642929077148e-01 2.064312994480133057e-01
-9.687894582748413086e-01 6.674211472272872925e-02 2.387304306030273438e-01 -3.660638257861137390e-02
-1.350436061620712280e-01 6.655053496360778809e-01 -7.340745925903320312e-01 2.552156448364257812e-01
0.000000000000000000e+00 0.000000000000000000e+00 0.000000000000000000e+00 1.000000000000000000e+00
-1.093384325504302979e-01 -7.442365288734436035e-01 -6.589057445526123047e-01 2.059213966131210327e-01
-9.902244210243225098e-01 2.379856631159782410e-02 1.374370753765106201e-01 -2.421501092612743378e-03
-8.660477399826049805e-02 6.674918532371520996e-01 -7.395631670951843262e-01 2.539595365524291992e-01
0.000000000000000000e+00 0.000000000000000000e+00 0.000000000000000000e+00 1.000000000000000000e+00
1.272471807897090912e-02 -7.603129148483276367e-01 -6.494323611259460449e-01 1.924950778484344482e-01
-9.994295239448547363e-01 -2.999084070324897766e-02 1.552875339984893799e-02 3.883204981684684753e-02
-3.128367662429809570e-02 6.488642692565917969e-01 -7.602608799934387207e-01 2.567635178565979004e-01
0.000000000000000000e+00 0.000000000000000000e+00 0.000000000000000000e+00 1.000000000000000000e+00
6.677543371915817261e-02 -7.664906382560729980e-01 -6.387745738029479980e-01 1.846034824848175049e-01
-9.942004084587097168e-01 2.976145362481474876e-03 -1.075012981891632080e-01 7.775826752185821533e-02
8.429975062608718872e-02 6.422484517097473145e-01 -7.618464827537536621e-01 2.495817244052886963e-01
0.000000000000000000e+00 0.000000000000000000e+00 0.000000000000000000e+00 1.000000000000000000e+00
5.239957943558692932e-02 -7.830880284309387207e-01 -6.196995377540588379e-01 1.820609271526336670e-01
-9.814615845680236816e-01 7.417671382427215576e-02 -1.767230033874511719e-01 9.189140051603317261e-02
1.843569427728652954e-01 6.174714565277099609e-01 -7.646839022636413574e-01 2.461335659027099609e-01
0.000000000000000000e+00 0.000000000000000000e+00 0.000000000000000000e+00 1.000000000000000000e+00
-2.799866721034049988e-02 -7.785266637802124023e-01 -6.269867420196533203e-01 1.942687332630157471e-01
-9.944762587547302246e-01 8.516909927129745483e-02 -6.134491413831710815e-02 5.478617176413536072e-02
1.011585593223571777e-01 6.218058466911315918e-01 -7.766109108924865723e-01 2.639177441596984863e-01
0.000000000000000000e+00 0.000000000000000000e+00 0.000000000000000000e+00 1.000000000000000000e+00
-7.555864751338958740e-02 -8.006399273872375488e-01 -5.943624377250671387e-01 1.867377460002899170e-01
-9.928801059722900391e-01 5.361499730497598648e-03 1.189979463815689087e-01 1.061897492036223412e-03
-9.208778291940689087e-02 5.991219282150268555e-01 -7.953446507453918457e-01 2.851935923099517822e-01
0.000000000000000000e+00 0.000000000000000000e+00 0.000000000000000000e+00 1.000000000000000000e+00
