1.000000000000000000e+00 0.000000000000000000e+00 0.000000000000000000e+00 -3.619798645377159119e-02
0.000000000000000000e+00 1.000000000000000000e+00 0.000000000000000000e+00 -1.327119767665863037e-03
0.000000000000000000e+00 0.000000000000000000e+00 1.000000000000000000e+00 -2.960163652896881104e-01
0.000000000000000000e+00 0.000000000000000000e+00 0.000000000000000000e+00 1.000000000000000000e+00
9.901305437088012695e-01 1.394723653793334961e-01 1.376031897962093353e-02 -4.347909986972808838e-02
-1.385503709316253662e-01 9.888932704925537109e-01 -5.379622057080268860e-02 2.754082717001438141e-02
-2.111060358583927155e-02 5.135877430438995361e-02 9.984569549560546875e-01 -2.970010638236999512e-01
0.000000000000000000e+00 0.000000000000000000e+00 0.000000000000000000e+00 1.000000000000000000e+00
9.714576005935668945e-01 2.346945405006408691e-01 3.446867316961288452e-02 -5.020310729742050171e-02
-2.303531914949417114e-01 9.680454730987548828e-01 -9.912062436342239380e-02 5.202981829643249512e-02
-5.663038790225982666e-02 8.835148066282272339e-02 9.944782853126525879e-01 -2.946835756301879883e-01
0.000000000000000000e+00 0.000000000000000000e+00 0.000000000000000000e+00 1.000000000000000000e+00
9.408739805221557617e-01 3.376425504684448242e-01 2.744973450899124146e-02 -4.684150964021682739e-02
-3.306775689125061035e-01 9.330058097839355469e-01 -1.419602632522583008e-01 7.434397935867309570e-02
-7.354269921779632568e-02 1.244896948337554932e-01 9.894915819168090820e-01 -2.921203076839447021e-01
0.000000000000000000e+00 0.000000000000000000e+00 0.000000000000000000e+00 1.000000000000000000e+00
8.971153497695922852e-01 4.417766928672790527e-01 4.126170650124549866e-03 -3.449834510684013367e-02
-4.350310564041137695e-01 8.849680423736572266e-01 -1.660695970058441162e-01 8.828263729810714722e-02
-7.701719552278518677e-02 1.471885740756988525e-01 9.861053824424743652e-01 -2.909149229526519775e-01
0.000000000000000000e+00 0.000000000000000000e+00 0.000000000000000000e+00 1.000000000000000000e+00
8.304119110107421875e-01 5.571407675743103027e-01 -3.123079426586627960e-03 -2.618829347193241119e-02
-5.476346611976623535e-01 8.151864409446716309e-01 -1.885918974876403809e-01 1.018000915646553040e-01
-1.025263890624046326e-01 1.583192050457000732e-01 9.820507168769836426e-01 -2.892804145812988281e-01
0.000000000000000000e+00 0.000000000000000000e+00 0.000000000000000000e+00 1.000000000000000000e+00
7.567145228385925293e-01 6.524423360824584961e-01 -4.125202447175979614e-02 -7.695552892982959747e-03
-6.487569212913513184e-01 7.416635751724243164e-01 -1.704397499561309814e-01 1.001141592860221863e-01
-8.060707896947860718e-02 1.557367742061614990e-01 9.845041036605834961e-01 -2.926857769489288330e-01
0.000000000000000000e+00 0.000000000000000000e+00 0.000000000000000000e+00 1.000000000000000000e+00
6.926096677780151367e-01 7.167539596557617188e-01 -8.096650242805480957e-02 8.874500170350074768e-03
-7.208539247512817383e-01 6.837944984436035156e-01 -1.131109520792961121e-01 8.148616552352905273e-02
-2.570833452045917511e-02 1.367067694664001465e-01 9.902780055999755859e-01 -2.995501756668090820e-01
0.000000000000000000e+00 0.000000000000000000e+00 0.000000000000000000e+00 1.000000000000000000e+00
5.896131396293640137e-01 8.067977428436279297e-01 -3.785313665866851807e-02 -1.202053506858646870e-03
-8.069444894790649414e-01 5.864182710647583008e-01 -7.038624584674835205e-02 6.788252294063568115e-02
-3.458970040082931519e-02 7.204601168632507324e-02 9.968013763427734375e-01 -3.071449100971221924e-01
0.000000000000000000e+00 0.000000000000000000e+00 0.000000000000000000e+00 1.000000000000000000e+00
5.009303092956542969e-01 8.639203310012817383e-01 -5.205778405070304871e-02 8.281178772449493408e-03
-8.652452826499938965e-01 4.984615147113800049e-01 -5.372518673539161682e-02 6.304188817739486694e-02
-2.046549879014492035e-02 7.195537537336349487e-02 9.971981644630432129e-01 -3.107799887657165527e-01
0.000000000000000000e+00 0.000000000000000000e+00 0.000000000000000000e+00 1.000000000000000000e+00
4.046941101551055908e-01 9.124594926834106445e-01 -6.033311039209365845e-02 1.556375529617071152e-02
-9.141235947608947754e-01 4.054358303546905518e-01 5.331307329470291734e-05 4.384322464466094971e-02
2.450982853770256042e-02 5.513035133481025696e-02 9.981781244277954102e-01 -3.152002096176147461e-01
0.000000000000000000e+00 0.000000000000000000e+00 0.000000000000000000e+00 1.000000000000000000e+00
2.918010950088500977e-01 9.539986848831176758e-01 -6.883466243743896484e-02 2.352599613368511200e-02
-9.551503062248229980e-01 2.944318950176239014e-01 3.158137574791908264e-02 3.208909556269645691e-02
5.039571970701217651e-02 5.653200298547744751e-02 9.971274137496948242e-01 -3.172831237316131592e-01
0.000000000000000000e+00 0.000000000000000000e+00 0.000000000000000000e+00 1.000000000000000000e+00
1.776026487350463867e-01 9.805048704147338867e-01 -8.406516164541244507e-02 3.335774317383766174e-02
-9.814134836196899414e-01 1.827804148197174072e-01 5.847233533859252930e-02 2.217731811106204987e-02
7.269784063100814819e-02 7.211787253618240356e-02 9.947431087493896484e-01 -3.180480003356933594e-01
0.000000000000000000e+00 0.000000000000000000e+00 0.000000000000000000e+00 1.000000000000000000e+00
9.665160626173019409e-02 9.910236001014709473e-01 -9.236420691013336182e-02 3.958062827587127686e-02
-9.907496571540832520e-01 1.046740114688873291e-01 8.636252582073211670e-02 1.140843518078327179e-02
9.525536745786666870e-02 8.316271752119064331e-02 9.919731616973876953e-01 -3.171172738075256348e-01
0.000000000000000000e+00 0.000000000000000000e+00 0.000000000000000000e+00 1.000000000000000000e+00
1.755576580762863159e-02 9.938571453094482422e-01 -1.092699915170669556e-01 4.968116432428359985e-02
-9.972936511039733887e-01 2.520979568362236023e-02 6.906402856111526489e-02 1.903630420565605164e-02
7.139443606138229370e-02 1.077618151903152466e-01 9.916100502014160156e-01 -3.105982244014739990e-01
0.000000000000000000e+00 0.000000000000000000e+00 0.000000000000000000e+00 1.000000000000000000e+00
-8.657456934452056885e-02 8.738199472427368164e-01 -4.784802496433258057e-01 1.768452823162078857e-01
-9.910037517547607422e-01 -2.633348293602466583e-02 1.312177181243896484e-01 -1.004441990517079830e-03
1.020606160163879395e-01 4.855359494686126709e-01 8.682386279106140137e-01 -2.639105916023254395e-01
0.000000000000000000e+00 0.000000000000000000e+00 0.000000000000000000e+00 1.000000000000000000e+00
-1.603502482175827026e-01 8.531098961830139160e-01 -4.964786469936370850e-01 1.845073252916336060e-01
-9.790837168693542480e-01 -7.365485280752182007e-02 1.896569281816482544e-01 -2.237146906554698944e-02
1.252300888299942017e-01 5.165058374404907227e-01 8.470769524574279785e-01 -2.578839063644409180e-01
0.000000000000000000e+00 0.000000000000000000e+00 0.000000000000000000e+00 1.000000000000000000e+00
-1.264934986829757690e-01 7.921168208122253418e-01 -5.971184968948364258e-01 2.099146991968154907e-01
-9.918319582939147949e-01 -1.109499484300613403e-01 6.292719393968582153e-02 1.868453808128833771e-02
-1.640457846224308014e-02 6.002009510993957520e-01 7.996808886528015137e-01 -2.361576259136199951e-01
0.000000000000000000e+00 0.000000000000000000e+00 0.000000000000000000e+00 1.000000000000000000e+00
-8.700346946716308594e-02 7.072780132293701172e-01 -7.015613913536071777e-01 2.333779335021972656e-01
-9.948705434799194336e-01 -2.520794607698917389e-02 9.796459972858428955e-02 1.066688168793916702e-02
5.160327255725860596e-02 7.064859271049499512e-01 7.058432698249816895e-01 -2.163937538862228394e-01
0.000000000000000000e+00 0.000000000000000000e+00 0.000000000000000000e+00 1.000000000000000000e+00
-5.628726631402969360e-02 5.317608118057250977e-01 -8.450219631195068359e-01 2.747029066085815430e-01
-9.856848120689392090e-01 1.051259785890579224e-01 1.318111419677734375e-01 2.886113943532109261e-04
1.589258015155792236e-01 8.403446674346923828e-01 5.182311534881591797e-01 -1.580658107995986938e-01
0.000000000000000000e+00 0.000000000000000000e+00 0.000000000000000000e+00 1.000000000000000000e+00
-1.204279735684394836e-01 3.932505249977111816e-01 -9.115103483200073242e-01 2.939611673355102539e-01
-9.857723712921142578e-01 6.108447909355163574e-02 1.565930694341659546e-01 -1.150055788457393646e-02
1.172593608498573303e-01 9.173998832702636719e-01 3.802993595600128174e-01 -1.100397333502769470e-01
0.000000000000000000e+00 0.000000000000000000e+00 0.000000000000000000e+00 1.000000000000000000e+00
-1.902410686016082764e-01 2.932732999324798584e-01 -9.369092583656311035e-01 3.032711148262023926e-01
-9.756363630294799805e-01 4.975102469325065613e-02 2.136779725551605225e-01 -3.007059730589389801e-02
1.092781946063041687e-01 9.547330737113952637e-01 2.766635417938232422e-01 -7.703941315412521362e-02
0.000000000000000000e+00 0.000000000000000000e+00 0.000000000000000000e+00 1.000000000000000000e+00
-2.696094810962677002e-01 1.638042926788330078e-01 -9.489355683326721191e-01 3.104090988636016846e-01
-9.610493183135986328e-01 1.643238589167594910e-02 2.758877575397491455e-01 -5.082108080387115479e-02
6.078483164310455322e-02 9.863560795783996582e-01 1.529938429594039917e-01 -3.552917391061782837e-02
0.000000000000000000e+00 0.000000000000000000e+00 0.000000000000000000e+00 1.000000000000000000e+00
-1.887138187885284424e-01 -8.041952252388000488e-01 -5.636110305786132812e-01 1.831024885177612305e-01
-9.520928263664245605e-01 9.194438345730304718e-03 3.056700527667999268e-01 -5.774008482694625854e-02
-2.406362891197204590e-01 5.942944884300231934e-01 -7.674036622047424316e-01 2.704308629035949707e-01
0.000000000000000000e+00 0.000000000000000000e+00 0.000000000000000000e+00 1.000000000000000000e+00
-1.850131601095199585e-01 -8.062686920166015625e-01 -5.618729591369628906e-01 1.815018951892852783e-01
-9.707996845245361328e-01 6.110573559999465942e-02 2.319793254137039185e-01 -3.485775366425514221e-02
-1.527038961648941040e-01 5.883852839469909668e-01 -7.940304875373840332e-01 2.742643356323242188e-01
0.000000000000000000e+00 0.000000000000000000e+00 0.000000000000000000e+00 1.000000000000000000e+00
-9.570801258087158203e-02 -8.026186227798461914e-01 -5.887635350227355957e-01 1.824305504560470581e-01
-9.912626147270202637e-01 2.291738986968994141e-02 1.298964917659759521e-01 -6.439198477892205119e-05
-9.076456725597381592e-02 5.960515141487121582e-01 -7.977988123893737793e-01 2.716329991817474365e-01
0.000000000000000000e+00 0.000000000000000000e+00 0.000000000000000000e+00 1.000000000000000000e+00
2.179353684186935425e-02 -8.264250159263610840e-01 -5.626246333122253418e-01 1.640516221523284912e-01
-9.994488358497619629e-01 -3.210128471255302429e-02 8.439094759523868561e-03 4.130797088146209717e-02
-2.503534592688083649e-02 5.621307492256164551e-01 -8.266689777374267578e-01 2.758672833442687988e-01
0.000000000000000000e+00 0.000000000000000000e+00 0.000000000000000000e+00 1.000000000000000000e+00
6.315191090106964111e-02 -8.333712816238403320e-01 -5.490936040878295898e-01 1.562135517597198486e-01
-9.933430552482604980e-01 6.234063766896724701e-04 -1.151917129755020142e-01 8.089824765920639038e-02
9.633979946374893188e-02 5.527129769325256348e-01 -8.277842998504638672e-01 2.679752111434936523e-01
0.000000000000000000e+00 0.000000000000000000e+00 0.000000000000000000e+00 1.000000000000000000e+00
4.228824749588966370e-02 -8.463277816772460938e-01 -5.309808850288391113e-01 1.543119996786117554e-01
-9.805445075035095215e-01 6.680792570114135742e-02 -1.845771521329879761e-01 9.466299414634704590e-02
1.916866153478622437e-01 5.284561514854431152e-01 -8.270372748374938965e-01 2.639142572879791260e-01
0.000000000000000000e+00 0.000000000000000000e+00 0.000000000000000000e+00 1.000000000000000000e+00
-3.470187634229660034e-02 -8.489974737167358398e-01 -5.272554159164428711e-01 1.615117490291595459e-01
-9.940086603164672852e-01 8.403539657592773438e-02 -6.989338248968124390e-02 5.805334448814392090e-02
1.036474108695983887e-01 5.216713547706604004e-01 -8.468273282051086426e-01 2.849871516227722168e-01
0.000000000000000000e+00 0.000000000000000000e+00 0.000000000000000000e+00 1.000000000000000000e+00
-4.885101690888404846e-02 -8.422243595123291016e-01 -5.369096398353576660e-01 1.639099419116973877e-01
-9.938399195671081543e-01 -1.255154423415660858e-02 1.101146340370178223e-01 1.030720886774361134e-03
-9.948036074638366699e-02 5.389810204505920410e-01 -8.364224433898925781e-01 2.999490201473236084e-01
0.000000000000000000e+00 0.000000000000000000e+00 0.000000000000000000e+00 1.000000000000000000e+00
1.266789734363555908e-01 -8.275329470634460449e-01 -5.469384193420410156e-01 1.536840349435806274e-01
-9.862939119338989258e-01 -1.638444215059280396e-01 1.946153491735458374e-02 2.914110012352466583e-02
-1.057179570198059082e-01 5.369766354560852051e-01 -8.369463682174682617e-01 3.027775883674621582e-01
0.000000000000000000e+00 0.000000000000000000e+00 0.000000000000000000e+00 1.000000000000000000e+00
2.167986780405044556e-01 -7.774730920791625977e-01 -5.903675556182861328e-01 1.537293046712875366e-01
-9.476442337036132812e-01 -3.128488659858703613e-01 6.399988383054733276e-02 1.396777015179395676e-02
-2.344538420438766479e-01 5.455833077430725098e-01 -8.045930266380310059e-01 2.981374561786651611e-01
0.000000000000000000e+00 0.000000000000000000e+00 0.000000000000000000e+00 1.000000000000000000e+00
3.284241855144500732e-01 -7.085948586463928223e-01 -6.245241165161132812e-01 1.491199731826782227e-01
-9.117886424064636230e-01 -4.104266762733459473e-01 -1.381380110979080200e-02 3.730843961238861084e-02
-2.465330809354782104e-01 5.739710927009582520e-01 -7.808830142021179199e-01 2.861075997352600098e-01
0.000000000000000000e+00 0.000000000000000000e+00 0.000000000000000000e+00 1.000000000000000000e+00
3.551137149333953857e-01 -7.063863873481750488e-01 -6.123009324073791504e-01 1.422692239284515381e-01
-9.212164282798767090e-01 -3.757775425910949707e-01 -1.007550358772277832e-01 6.570542603731155396e-02
-1.589169800281524658e-01 5.998412966728210449e-01 -7.841783165931701660e-01 2.784999310970306396e-01
0.000000000000000000e+00 0.000000000000000000e+00 0.000000000000000000e+00 1.000000000000000000e+00
3.736742436885833740e-01 -6.847465634346008301e-01 -6.256909370422363281e-01 1.457215994596481323e-01
-9.233188629150390625e-01 -3.390280902385711670e-01 -1.803956627845764160e-01 9.113006293773651123e-02
-8.860155194997787476e-02 6.451214551925659180e-01 -7.589253783226013184e-01 2.648014426231384277e-01
0.000000000000000000e+00 0.000000000000000000e+00 0.000000000000000000e+00 1.000000000000000000e+00
5.338803529739379883e-01 -5.808267593383789062e-01 -6.145017147064208984e-01 1.369792222976684570e-01
-8.404341936111450195e-01 -4.444062709808349609e-01 -3.101184368133544922e-01 1.262508034706115723e-01
-9.296319633722305298e-02 6.820142865180969238e-01 -7.254062891006469727e-01 2.530535459518432617e-01
0.000000000000000000e+00 0.000000000000000000e+00 0.000000000000000000e+00 1.000000000000000000e+00
6.776393055915832520e-01 -3.979731202125549316e-01 -6.184032559394836426e-01 1.341391652822494507e-01
-7.107750177383422852e-01 -5.702052712440490723e-01 -4.119035899639129639e-01 1.554812788963317871e-01
-1.886903643608093262e-01 7.186675667762756348e-01 -6.692630648612976074e-01 2.495988160371780396e-01
0.000000000000000000e+00 0.000000000000000000e+00 0.000000000000000000e+00 1.000000000000000000e+00
6.954492330551147461e-01 -3.113046884536743164e-01 -6.476417779922485352e-01 1.402413845062255859e-01
-6.501230001449584961e-01 -6.565019488334655762e-01 -3.825501799583435059e-01 1.447498649358749390e-01
-3.060885965824127197e-01 6.870912909507751465e-01 -6.589502096176147461e-01 2.579687833786010742e-01
0.000000000000000000e+00 0.000000000000000000e+00 0.000000000000000000e+00 1.000000000000000000e+00
7.415916919708251953e-01 -2.343764752149581909e-01 -6.285770535469055176e-01 1.385490149259567261e-01
-5.748534798622131348e-01 -7.050130963325500488e-01 -4.153319299221038818e-01 1.476695537567138672e-01
-3.458109796047210693e-01 6.693462729454040527e-01 -6.575636267662048340e-01 2.564051449298858643e-01
0.000000000000000000e+00 0.000000000000000000e+00 0.000000000000000000e+00 1.000000000000000000e+00
7.264686822891235352e-01 -2.151658833026885986e-01 -6.526463031768798828e-01 1.539761126041412354e-01
-5.416492819786071777e-01 -7.637622952461242676e-01 -3.511175811290740967e-01 1.199113056063652039e-01
-4.229178726673126221e-01 6.085810661315917969e-01 -6.713936924934387207e-01 2.653013765811920166e-01
0.000000000000000000e+00 0.000000000000000000e+00 0.000000000000000000e+00 1.000000000000000000e+00
7.181027531623840332e-01 -3.145698010921478271e-01 -6.207853555679321289e-01 1.520219147205352783e-01
-5.862470269203186035e-01 -7.541133165359497070e-01 -2.960192263126373291e-01 9.910184890031814575e-02
-3.750239014625549316e-01 5.765054821968078613e-01 -7.259466648101806641e-01 2.791348695755004883e-01
0.000000000000000000e+00 0.000000000000000000e+00 0.000000000000000000e+00 1.000000000000000000e+00
8.037439584732055664e-01 -1.502057462930679321e-01 -5.757026076316833496e-01 1.416938006877899170e-01
-5.269802808761596680e-01 -6.289073228836059570e-01 -5.716349482536315918e-01 1.859609782695770264e-01
-2.762010097503662109e-01 7.628320455551147461e-01 -5.846362113952636719e-01 2.393738031387329102e-01
0.000000000000000000e+00 0.000000000000000000e+00 0.000000000000000000e+00 1.000000000000000000e+00
8.439198732376098633e-01 -8.296234160661697388e-02 -5.300151109695434570e-01 1.254147291183471680e-01
-4.762768447399139404e-01 -5.705585479736328125e-01 -6.690462827682495117e-01 2.180530726909637451e-01
-2.468992024660110474e-01 8.170555233955383301e-01 -5.210191011428833008e-01 2.169409692287445068e-01
0.000000000000000000e+00 0.000000000000000000e+00 0.000000000000000000e+00 1.000000000000000000e+00
8.759261965751647949e-01 -2.648279629647731781e-02 -4.817174375057220459e-01 1.084854006767272949e-01
-4.283621013164520264e-01 -5.020373463630676270e-01 -7.513081431388854980e-01 2.455357462167739868e-01
-2.219435125589370728e-01 8.644400835037231445e-01 -4.510920941829681396e-01 1.924874633550643921e-01
0.000000000000000000e+00 0.000000000000000000e+00 0.000000000000000000e+00 1.000000000000000000e+00
9.050729870796203613e-01 6.229736655950546265e-02 -4.206688106060028076e-01 8.758401870727539062e-02
-3.612110018730163574e-01 -4.094444811344146729e-01 -8.377839922904968262e-01 2.739408612251281738e-01
-2.244322746992111206e-01 9.102059006690979004e-01 -3.480746448040008545e-01 1.584790199995040894e-01
0.000000000000000000e+00 0.000000000000000000e+00 0.000000000000000000e+00 1.000000000000000000e+00
9.584206938743591309e-01 -2.187053114175796509e-01 -1.832972913980484009e-01 5.025863181799650192e-03
-2.442466318607330322e-01 -2.965723276138305664e-01 -9.232487678527832031e-01 2.961921691894531250e-01
1.475585699081420898e-01 9.296304583549499512e-01 -3.376590013504028320e-01 1.319147795438766479e-01
0.000000000000000000e+00 0.000000000000000000e+00 0.000000000000000000e+00 1.000000000000000000e+00
9.826205968856811523e-01 -6.059608981013298035e-02 -1.754553318023681641e-01 3.970533143728971481e-03
-1.845405697822570801e-01 -2.168991416692733765e-01 -9.585924744606018066e-01 3.048702776432037354e-01
2.003084309399127960e-02 9.743114113807678223e-01 -2.243120223283767700e-01 1.001950129866600037e-01
0.000000000000000000e+00 0.000000000000000000e+00 0.000000000000000000e+00 1.000000000000000000e+00
9.834740161895751953e-01 -1.320002526044845581e-01 -1.239152178168296814e-01 -1.370133459568023682e-02
-1.383051276206970215e-01 -1.060676947236061096e-01 -9.846935272216796875e-01 3.107411563396453857e-01
1.168363690376281738e-01 9.855587482452392578e-01 -1.225711256265640259e-01 5.959419906139373779e-02
0.000000000000000000e+00 0.000000000000000000e+00 0.000000000000000000e+00 1.000000000000000000e+00
9.832881093025207520e-01 -1.301268190145492554e-01 -1.273248344659805298e-01 -1.371679175645112991e-02
-1.341161876916885376e-01 -4.479669407010078430e-02 -9.899525642395019531e-01 3.110663294792175293e-01
1.231156513094902039e-01 9.904847145080566406e-01 -6.150011345744132996e-02 3.834642469882965088e-02
0.000000000000000000e+00 0.000000000000000000e+00 0.000000000000000000e+00 1.000000000000000000e+00
9.731165170669555664e-01 -2.126694023609161377e-01 -8.840972930192947388e-02 -2.638529986143112183e-02
-8.253132551908493042e-02 3.637960553169250488e-02 -9.959240555763244629e-01 3.090041875839233398e-01
2.150188535451889038e-01 9.764466285705566406e-01 1.784965395927429199e-02 3.565795719623565674e-03
0.000000000000000000e+00 0.000000000000000000e+00 0.000000000000000000e+00 1.000000000000000000e+00
9.132433533668518066e-01 -3.970836400985717773e-01 -9.116715937852859497e-02 -2.257715351879596710e-02
-4.588927328586578369e-02 1.220909282565116882e-01 -9.914574027061462402e-01 3.032695055007934570e-01
4.048222899436950684e-01 9.096252918243408203e-01 9.327688068151473999e-02 -3.504592925310134888e-02
0.000000000000000000e+00 0.000000000000000000e+00 0.000000000000000000e+00 1.000000000000000000e+00
9.421910643577575684e-01 -2.748208343982696533e-01 -1.916999518871307373e-01 1.472344389185309410e-03
-1.504975557327270508e-01 1.640735417604446411e-01 -9.749000668525695801e-01 3.059980571269989014e-01
2.993758022785186768e-01 9.473928213119506836e-01 1.132287830114364624e-01 -2.695690095424652100e-02
0.000000000000000000e+00 0.000000000000000000e+00 0.000000000000000000e+00 1.000000000000000000e+00
9.695302248001098633e-01 1.641633547842502594e-02 -2.444209754467010498e-01 1.924038864672183990e-02
-2.432694137096405029e-01 1.819394528865814209e-01 -9.527422189712524414e-01 3.087523281574249268e-01
2.882926911115646362e-02 9.831727147102355957e-01 1.803894042968750000e-01 -2.849442139267921448e-02
0.000000000000000000e+00 0.000000000000000000e+00 0.000000000000000000e+00 1.000000000000000000e+00
9.043093323707580566e-01 3.414552509784698486e-01 -2.561894357204437256e-01 3.650248050689697266e-02
-3.513232469558715820e-01 2.544172704219818115e-01 -9.010236859321594238e-01 3.081261813640594482e-01
-2.424803674221038818e-01 9.048094749450683594e-01 3.500330746173858643e-01 -6.094015389680862427e-02
0.000000000000000000e+00 0.000000000000000000e+00 0.000000000000000000e+00 1.000000000000000000e+00
9.262668490409851074e-01 1.889936178922653198e-01 -3.260539174079895020e-01 5.283068120479583740e-02
-3.736467361450195312e-01 3.476565182209014893e-01 -8.599548339843750000e-01 3.009649515151977539e-01
-4.917124658823013306e-02 9.183768630027770996e-01 3.926396965980529785e-01 -8.652418851852416992e-02
0.000000000000000000e+00 0.000000000000000000e+00 0.000000000000000000e+00 1.000000000000000000e+00
8.867896199226379395e-01 1.362284719944000244e-01 -4.416402876377105713e-01 9.054766595363616943e-02
-4.552717208862304688e-01 4.220083653926849365e-01 -7.839875221252441406e-01 2.877177894115447998e-01
7.957442849874496460e-02 8.962982296943664551e-01 4.362534880638122559e-01 -1.111675351858139038e-01
0.000000000000000000e+00 0.000000000000000000e+00 0.000000000000000000e+00 1.000000000000000000e+00
8.712016940116882324e-01 1.240442246198654175e-01 -4.749958217144012451e-01 1.020010113716125488e-01
-4.670743346214294434e-01 5.073541998863220215e-01 -7.241775393486022949e-01 2.698657512664794922e-01
1.511610895395278931e-01 8.527630567550659180e-01 4.999454915523529053e-01 -1.382863819599151611e-01
0.000000000000000000e+00 0.000000000000000000e+00 0.000000000000000000e+00 1.000000000000000000e+00
8.574583530426025391e-01 1.061073020100593567e-01 -5.034940242767333984e-01 1.112561970949172974e-01
-4.636611938476562500e-01 5.836321115493774414e-01 -6.666268110275268555e-01 2.538458406925201416e-01
2.231211960315704346e-01 8.050556778907775879e-01 5.496382117271423340e-01 -1.562602072954177856e-01
0.000000000000000000e+00 0.000000000000000000e+00 0.000000000000000000e+00 1.000000000000000000e+00
8.358479738235473633e-01 7.072311639785766602e-02 -5.443862080574035645e-01 1.222918480634689331e-01
-4.381914436817169189e-01 6.833010315895080566e-01 -5.840269923210144043e-01 2.289822399616241455e-01
3.306753337383270264e-01 7.267033457756042480e-01 6.021261215209960938e-01 -1.793703138828277588e-01
0.000000000000000000e+00 0.000000000000000000e+00 0.000000000000000000e+00 1.000000000000000000e+00
8.162091970443725586e-01 8.346150070428848267e-02 -5.716964602470397949e-01 1.327030509710311890e-01
-4.357661604881286621e-01 7.386444807052612305e-01 -5.143077373504638672e-01 2.084799557924270630e-01
3.793554604053497314e-01 6.689085364341735840e-01 6.392580866813659668e-01 -1.956491768360137939e-01
0.000000000000000000e+00 0.000000000000000000e+00 0.000000000000000000e+00 1.000000000000000000e+00
7.860736250877380371e-01 1.206642687320709229e-01 -6.062411665916442871e-01 1.471712589263916016e-01
-4.395462274551391602e-01 7.986924648284912109e-01 -4.109619855880737305e-01 1.780192703008651733e-01
4.346117973327636719e-01 5.895177125930786133e-01 6.808688044548034668e-01 -2.141930460929870605e-01
0.000000000000000000e+00 0.000000000000000000e+00 0.000000000000000000e+00 1.000000000000000000e+00
7.542623281478881836e-01 1.880592107772827148e-01 -6.290641427040100098e-01 1.588067263364791870e-01
-4.529512822628021240e-01 8.426402807235717773e-01 -2.911908030509948730e-01 1.422381252050399780e-01
4.753138422966003418e-01 5.045697689056396484e-01 7.207537889480590820e-01 -2.319688647985458374e-01
0.000000000000000000e+00 0.000000000000000000e+00 0.000000000000000000e+00 1.000000000000000000e+00
7.287059426307678223e-01 2.524935305118560791e-01 -6.365800499916076660e-01 1.652300059795379639e-01
-4.508952498435974121e-01 8.765316009521484375e-01 -1.684806644916534424e-01 1.042919531464576721e-01
5.154420733451843262e-01 4.098038673400878906e-01 7.525819540023803711e-01 -2.469591647386550903e-01
0.000000000000000000e+00 0.000000000000000000e+00 0.000000000000000000e+00 1.000000000000000000e+00
7.010914683341979980e-01 3.388037085533142090e-01 -6.274411678314208984e-01 1.660570949316024780e-01
-4.361697137355804443e-01 8.998631834983825684e-01 -1.462748623453080654e-03 5.228045582771301270e-02
5.641157031059265137e-01 2.746964693069458008e-01 7.786623835563659668e-01 -2.606507241725921631e-01
0.000000000000000000e+00 0.000000000000000000e+00 0.000000000000000000e+00 1.000000000000000000e+00
6.896979808807373047e-01 3.871948421001434326e-01 -6.118797063827514648e-01 1.603541076183319092e-01
-3.676718473434448242e-01 9.152486324310302734e-01 1.647336035966873169e-01 -5.358004011213779449e-03
6.238061189651489258e-01 1.113546118140220642e-01 7.736058235168457031e-01 -2.604680657386779785e-01
0.000000000000000000e+00 0.000000000000000000e+00 0.000000000000000000e+00 1.000000000000000000e+00
6.835024952888488770e-01 4.149782359600067139e-01 -6.005142927169799805e-01 1.556755751371383667e-01
-2.946378290653228760e-01 9.095290899276733398e-01 2.931638956069946289e-01 -5.143491178750991821e-02
6.678418517112731934e-01 -2.344400249421596527e-02 7.439337372779846191e-01 -2.537236511707305908e-01
0.000000000000000000e+00 0.000000000000000000e+00 0.000000000000000000e+00 1.000000000000000000e+00
6.746850609779357910e-01 4.481961727142333984e-01 -5.864470005035400391e-01 1.509958952665328979e-01
-2.353180944919586182e-01 8.836827278137207031e-01 4.046359956264495850e-01 -9.017659723758697510e-02
6.995894312858581543e-01 -1.350001841783523560e-01 7.016761898994445801e-01 -2.420344054698944092e-01
0.000000000000000000e+00 0.000000000000000000e+00 0.000000000000000000e+00 1.000000000000000000e+00
6.667184829711914062e-01 4.802684783935546875e-01 -5.699372887611389160e-01 1.460187435150146484e-01
-1.564545184373855591e-01 8.378469347953796387e-01 5.230053663253784180e-01 -1.337362974882125854e-01
7.287030816078186035e-01 -2.595279216766357422e-01 6.337482333183288574e-01 -2.226450294256210327e-01
0.000000000000000000e+00 0.000000000000000000e+00 0.000000000000000000e+00 1.000000000000000000e+00
6.525853872299194336e-01 5.119870901107788086e-01 -5.585709810256958008e-01 1.431115269660949707e-01
-9.026232361793518066e-02 7.844568490982055664e-01 6.135796904563903809e-01 -1.682734638452529907e-01
7.523196339607238770e-01 -3.499951660633087158e-01 5.581382513046264648e-01 -2.002366930246353149e-01
0.000000000000000000e+00 0.000000000000000000e+00 0.000000000000000000e+00 1.000000000000000000e+00
6.642854809761047363e-01 5.279479622840881348e-01 -5.291460156440734863e-01 1.330657899379730225e-01
-2.439072541892528534e-02 7.228407859802246094e-01 6.905840039253234863e-01 -1.985996365547180176e-01
7.470808029174804688e-01 -4.458386301994323730e-01 4.930496811866760254e-01 -1.810864210128784180e-01
0.000000000000000000e+00 0.000000000000000000e+00 0.000000000000000000e+00 1.000000000000000000e+00
6.764729022979736328e-01 5.379996299743652344e-01 -5.029321312904357910e-01 1.242765262722969055e-01
2.287805452942848206e-02 6.672172546386718750e-01 7.445118427276611328e-01 -2.204320877790451050e-01
7.361121177673339844e-01 -5.151481032371520996e-01 4.390459358692169189e-01 -1.649967581033706665e-01
0.000000000000000000e+00 0.000000000000000000e+00 0.000000000000000000e+00 1.000000000000000000e+00
7.204760909080505371e-01 5.221235156059265137e-01 -4.564004540443420410e-01 1.067205443978309631e-01
6.851316988468170166e-02 6.013190746307373047e-01 7.960660457611083984e-01 -2.416497766971588135e-01
6.900870800018310547e-01 -6.048157811164855957e-01 3.974636495113372803e-01 -1.528301388025283813e-01
0.000000000000000000e+00 0.000000000000000000e+00 0.000000000000000000e+00 1.000000000000000000e+00
7.816170454025268555e-01 4.886534214019775391e-01 -3.876758515834808350e-01 8.101534098386764526e-02
1.079575195908546448e-01 5.061585903167724609e-01 8.556568026542663574e-01 -2.678142488002777100e-01
6.143451333045959473e-01 -7.106484770774841309e-01 3.428683280944824219e-01 -1.345589160919189453e-01
0.000000000000000000e+00 0.000000000000000000e+00 0.000000000000000000e+00 1.000000000000000000e+00
8.299161791801452637e-01 4.600728452205657959e-01 -3.155502378940582275e-01 5.626044422388076782e-02
1.294248998165130615e-01 3.914087414741516113e-01 9.110698699951171875e-01 -2.904447913169860840e-01
5.426676273345947266e-01 -7.969517111778259277e-01 2.652916014194488525e-01 -1.071030795574188232e-01
0.000000000000000000e+00 0.000000000000000000e+00 0.000000000000000000e+00 1.000000000000000000e+00
8.522538542747497559e-01 4.359323382377624512e-01 -2.891820669174194336e-01 4.616075009107589722e-02
1.645543128252029419e-01 3.013342022895812988e-01 9.392122030258178711e-01 -3.034243881702423096e-01
4.965734481811523438e-01 -8.480334877967834473e-01 1.850786805152893066e-01 -8.115973323583602905e-02
0.000000000000000000e+00 0.000000000000000000e+00 0.000000000000000000e+00 1.000000000000000000e+00
9.186059832572937012e-01 3.035471141338348389e-01 -2.530260980129241943e-01 2.938312664628028870e-02
1.962115168571472168e-01 2.054382264614105225e-01 9.587994217872619629e-01 -3.138317465782165527e-01
3.430220186710357666e-01 -9.304054379463195801e-01 1.291573643684387207e-01 -5.622621998190879822e-02
0.000000000000000000e+00 0.000000000000000000e+00 0.000000000000000000e+00 1.000000000000000000e+00
9.665545225143432617e-01 1.203330680727958679e-01 -2.264782339334487915e-01 1.633889041841030121e-02
2.132758349180221558e-01 1.132868304848670959e-01 9.704016447067260742e-01 -3.209007084369659424e-01
1.424284130334854126e-01 -9.862483739852905273e-01 8.383374661207199097e-02 -3.001793287694454193e-02
0.000000000000000000e+00 0.000000000000000000e+00 0.000000000000000000e+00 1.000000000000000000e+00
9.675793051719665527e-01 1.591445356607437134e-01 -1.961204707622528076e-01 3.613246604800224304e-03
1.941095143556594849e-01 2.823949605226516724e-02 9.805732965469360352e-01 -3.269520103931427002e-01
1.615912169218063354e-01 -9.868512749671936035e-01 -3.567492123693227768e-03 -1.320486539043486118e-03
0.000000000000000000e+00 0.000000000000000000e+00 0.000000000000000000e+00 1.000000000000000000e+00
9.839273095130920410e-01 2.366624586284160614e-02 -1.769942790269851685e-01 -3.471489530056715012e-03
1.782101839780807495e-01 -6.729435175657272339e-02 9.816886782646179199e-01 -3.310519754886627197e-01
1.132217235863208771e-02 -9.974524378776550293e-01 -7.043030858039855957e-02 3.571654111146926880e-02
0.000000000000000000e+00 0.000000000000000000e+00 0.000000000000000000e+00 1.000000000000000000e+00
9.763134717941284180e-01 -9.656691551208496094e-02 -1.936151087284088135e-01 5.008734762668609619e-03
1.824532896280288696e-01 -1.135049462318420410e-01 9.766408801078796387e-01 -3.317039012908935547e-01
-1.162874549627304077e-01 -9.888333678245544434e-01 -9.319741278886795044e-02 5.594288185238838196e-02
0.000000000000000000e+00 0.000000000000000000e+00 0.000000000000000000e+00 1.000000000000000000e+00
9.614254832267761230e-01 -2.287954986095428467e-01 -1.526879817247390747e-01 -5.647486075758934021e-03
1.394919902086257935e-01 -7.287734001874923706e-02 9.875378608703613281e-01 -3.327834904193878174e-01
-2.370716929435729980e-01 -9.707427620887756348e-01 -3.815098851919174194e-02 4.209063574671745300e-02
0.000000000000000000e+00 0.000000000000000000e+00 0.000000000000000000e+00 1.000000000000000000e+00
9.971151351928710938e-01 5.322507768869400024e-02 -5.411498993635177612e-02 -3.885768726468086243e-02
5.092446133494377136e-02 5.957654491066932678e-02 9.969238042831420898e-01 -3.288464248180389404e-01
5.628532916307449341e-02 -9.968037009239196777e-01 5.669423565268516541e-02 -7.589426822960376740e-03
0.000000000000000000e+00 0.000000000000000000e+00 0.000000000000000000e+00 1.000000000000000000e+00
9.982285499572753906e-01 -1.867996715009212494e-02 5.648687481880187988e-02 -7.201866060495376587e-02
-5.212361738085746765e-02 1.831766217947006226e-01 9.816971421241760254e-01 -3.155939280986785889e-01
-2.868514508008956909e-02 -9.829024076461791992e-01 1.818784624338150024e-01 -4.449107125401496887e-02
0.000000000000000000e+00 0.000000000000000000e+00 0.000000000000000000e+00 1.000000000000000000e+00
9.729027152061462402e-01 2.007720470428466797e-01 1.146775335073471069e-01 -8.633610606193542480e-02
-1.730702817440032959e-01 3.034723997116088867e-01 9.369903802871704102e-01 -2.908231616020202637e-01
1.533200591802597046e-01 -9.314476847648620605e-01 3.299968242645263672e-01 -1.047892272472381592e-01
0.000000000000000000e+00 0.000000000000000000e+00 0.000000000000000000e+00 1.000000000000000000e+00
9.324495792388916016e-01 3.155884742736816406e-01 1.759025454521179199e-01 -9.949445724487304688e-02
-2.992345988750457764e-01 4.017216265201568604e-01 8.654929995536804199e-01 -2.568629682064056396e-01
2.024758160114288330e-01 -8.596646785736083984e-01 4.690201580524444580e-01 -1.534908264875411987e-01
0.000000000000000000e+00 0.000000000000000000e+00 0.000000000000000000e+00 1.000000000000000000e+00
