1.000000000000000000e+00 0.000000000000000000e+00 0.000000000000000000e+00 -4.097584310382009209e-01
0.000000000000000000e+00 -1.000000000000000000e+00 0.000000000000000000e+00 -1.932597221741734483e-02
0.000000000000000000e+00 0.000000000000000000e+00 -1.000000000000000000e+00 -2.664692399556274349e+00
0.000000000000000000e+00 0.000000000000000000e+00 0.000000000000000000e+00 1.000000000000000000e+00
9.966877102851867676e-01 -7.830215245485305786e-02 -2.198012173175811768e-02 -4.553454888772003328e-01
-7.792434841394424438e-02 -9.968047142028808594e-01 1.754834316670894623e-02 6.314645316135085451e-02
-2.328395284712314606e-02 -1.577743329107761383e-02 -9.996043443679809570e-01 -2.716754050991883052e+00
0.000000000000000000e+00 0.000000000000000000e+00 0.000000000000000000e+00 1.000000000000000000e+00
9.850356578826904297e-01 -1.656414270401000977e-01 -4.762152209877967834e-02 -5.096221473821896941e-01
-1.632400304079055786e-01 -9.852898716926574707e-01 5.055666342377662659e-02 2.062898665146103427e-01
-5.529534071683883667e-02 -4.202634468674659729e-02 -9.975850582122802734e-01 -2.703880609403790380e+00
0.000000000000000000e+00 0.000000000000000000e+00 0.000000000000000000e+00 1.000000000000000000e+00
9.660318493843078613e-01 -2.536554932594299316e-01 -4.940995201468467712e-02 -4.936595544302254668e-01
-2.496202886104583740e-01 -9.653889536857604980e-01 7.559321075677871704e-02 3.197183928024024402e-01
-6.687444448471069336e-02 -6.069171056151390076e-02 -9.959135651588439941e-01 -2.699726880464053291e+00
0.000000000000000000e+00 0.000000000000000000e+00 0.000000000000000000e+00 1.000000000000000000e+00
9.351275563240051270e-01 -3.489828407764434814e-01 -6.121246889233589172e-02 -5.015713829423080750e-01
-3.399495184421539307e-01 -9.324214458465576172e-01 1.225721910595893860e-01 5.005499529366403966e-01
-9.985150396823883057e-02 -9.381143003702163696e-02 -9.905698299407958984e-01 -2.673700469790627920e+00
0.000000000000000000e+00 0.000000000000000000e+00 0.000000000000000000e+00 1.000000000000000000e+00
8.911928534507751465e-01 -4.511754214763641357e-01 -4.707068949937820435e-02 -4.295748058524098134e-01
-4.417084157466888428e-01 -8.867257833480834961e-01 1.364216059446334839e-01 5.761381341362511455e-01
-1.032889559864997864e-01 -1.007864028215408325e-01 -9.895319342613220215e-01 -2.681001849432257167e+00
0.000000000000000000e+00 0.000000000000000000e+00 0.000000000000000000e+00 1.000000000000000000e+00
8.440647125244140625e-01 -5.355066061019897461e-01 -2.804429270327091217e-02 -3.517830691047761915e-01
-5.244680643081665039e-01 -8.353031873703002930e-01 1.649281531572341919e-01 6.943354947263521426e-01
-1.117457225918769836e-01 -1.245017498731613159e-01 -9.859071969985961914e-01 -2.673026347702022409e+00
0.000000000000000000e+00 0.000000000000000000e+00 0.000000000000000000e+00 1.000000000000000000e+00
7.900509834289550781e-01 -6.129323244094848633e-01 -1.156076416373252869e-02 -2.727287331423757233e-01
-6.025342941284179688e-01 -7.798481583595275879e-01 1.696724593639373779e-01 7.411466926044739667e-01
-1.130133867263793945e-01 -1.270840167999267578e-01 -9.854324460029602051e-01 -2.679711000831972001e+00
0.000000000000000000e+00 0.000000000000000000e+00 0.000000000000000000e+00 1.000000000000000000e+00
7.171863913536071777e-01 -6.966685652732849121e-01 1.721747405827045441e-02 -1.418671971692357370e-01
-6.896364092826843262e-01 -7.059603929519653320e-01 1.613128036260604858e-01 7.478006473789765574e-01
-1.002267301082611084e-01 -1.275651305913925171e-01 -9.867527484893798828e-01 -2.692256073494383006e+00
0.000000000000000000e+00 0.000000000000000000e+00 0.000000000000000000e+00 1.000000000000000000e+00
6.457964181900024414e-01 -7.633591890335083008e-01 1.513816881924867630e-02 -1.035048851839839718e-01
-7.575925588607788086e-01 -6.382022500038146973e-01 1.369328349828720093e-01 6.975549588844700555e-01
-9.486778080463409424e-02 -9.989929944276809692e-02 -9.904648065567016602e-01 -2.719643973478155896e+00
0.000000000000000000e+00 0.000000000000000000e+00 0.000000000000000000e+00 1.000000000000000000e+00
5.500870943069458008e-01 -8.345678448677062988e-01 3.001365810632705688e-02 -8.219981615556332805e-03
-8.327537775039672852e-01 -5.454860329627990723e-01 9.469047933816909790e-02 5.929375849532249054e-01
-6.265360862016677856e-02 -7.708193361759185791e-02 -9.950539469718933105e-01 -2.766976560503400240e+00
0.000000000000000000e+00 0.000000000000000000e+00 0.000000000000000000e+00 1.000000000000000000e+00
4.550035297870635986e-01 -8.880493044853210449e-01 6.587810814380645752e-02 1.615704902927911635e-01
-8.903531432151794434e-01 -4.523928463459014893e-01 5.110315233469009399e-02 4.751126747475263867e-01
-1.557933073490858078e-02 -8.190691471099853516e-02 -9.965184926986694336e-01 -2.807507771662927087e+00
0.000000000000000000e+00 0.000000000000000000e+00 0.000000000000000000e+00 1.000000000000000000e+00
3.559748828411102295e-01 -9.303425550460815430e-01 8.800759166479110718e-02 2.599626516497672846e-01
-9.343972206115722656e-01 -3.557192683219909668e-01 1.910335011780261993e-02 3.572032578330127661e-01
1.353333517909049988e-02 -8.903437852859497070e-02 -9.959366321563720703e-01 -2.819504826941805486e+00
0.000000000000000000e+00 0.000000000000000000e+00 0.000000000000000000e+00 1.000000000000000000e+00
2.718273699283599854e-01 -9.563556909561157227e-01 1.072057932615280151e-01 3.425751339636963211e-01
-9.592643976211547852e-01 -2.781785726547241211e-01 -4.928172752261161804e-02 1.222718651704142873e-01
7.695322483777999878e-02 -8.944257348775863647e-02 -9.930147528648376465e-01 -2.819126788766860958e+00
0.000000000000000000e+00 0.000000000000000000e+00 0.000000000000000000e+00 1.000000000000000000e+00
1.908974796533584595e-01 -9.728136062622070312e-01 1.311191767454147339e-01 4.267856553875869485e-01
-9.731763601303100586e-01 -2.050333768129348755e-01 -1.043501868844032288e-01 -6.778372295486755073e-02
1.283969879150390625e-01 -1.076818183064460754e-01 -9.858591556549072266e-01 -2.804982918158735572e+00
0.000000000000000000e+00 0.000000000000000000e+00 0.000000000000000000e+00 1.000000000000000000e+00
1.126705855131149292e-01 -9.843305349349975586e-01 1.356396377086639404e-01 4.595367650231802492e-01
-9.716404080390930176e-01 -1.377066671848297119e-01 -1.922274231910705566e-01 -3.488720935992216665e-01
2.078938633203506470e-01 -1.101345643401145935e-01 -9.719312787055969238e-01 -2.779140559647856001e+00
0.000000000000000000e+00 0.000000000000000000e+00 0.000000000000000000e+00 1.000000000000000000e+00
1.901015043258666992e-01 -9.740940332412719727e-01 1.224850043654441833e-01 4.100099699266840925e-01
-9.543179869651794434e-01 -2.126368284225463867e-01 -2.099111825227737427e-01 -3.959149433370995896e-01
2.305179983377456665e-01 -7.698527723550796509e-02 -9.700175523757934570e-01 -2.755216813859888703e+00
0.000000000000000000e+00 0.000000000000000000e+00 0.000000000000000000e+00 1.000000000000000000e+00
2.744699716567993164e-01 -9.533392786979675293e-01 1.257401108741760254e-01 3.981990018698702838e-01
-9.380769133567810059e-01 -2.942011058330535889e-01 -1.829136013984680176e-01 -2.953114656119032455e-01
2.113716006278991699e-01 -6.774964183568954468e-02 -9.750549197196960449e-01 -2.745350845314657562e+00
0.000000000000000000e+00 0.000000000000000000e+00 0.000000000000000000e+00 1.000000000000000000e+00
3.268786668777465820e-01 -9.367493987083435059e-01 1.251026093959808350e-01 3.807149432338911565e-01
-9.340696930885314941e-01 -3.403668701648712158e-01 -1.079986914992332458e-01 -4.908140956841570285e-02
1.437485367059707642e-01 -8.155214041471481323e-02 -9.862481355667114258e-01 -2.744571314041505339e+00
0.000000000000000000e+00 0.000000000000000000e+00 0.000000000000000000e+00 1.000000000000000000e+00
3.625724315643310547e-01 -9.177472591400146484e-01 1.621137559413909912e-01 4.765385835383655899e-01
-9.292712211608886719e-01 -3.692096173763275146e-01 -1.180001813918352127e-02 2.586244228808906032e-01
7.068338990211486816e-02 -1.463693231344223022e-01 -9.867018461227416992e-01 -2.708064967713906146e+00
0.000000000000000000e+00 0.000000000000000000e+00 0.000000000000000000e+00 1.000000000000000000e+00
4.012125432491302490e-01 -8.990967869758605957e-01 1.750810146331787109e-01 4.927666310336120126e-01
-9.159264564514160156e-01 -3.959469199180603027e-01 6.560647487640380859e-02 5.025498645626859107e-01
1.033624261617660522e-02 -1.866834908723831177e-01 -9.823654294013977051e-01 -2.661617873026908221e+00
0.000000000000000000e+00 0.000000000000000000e+00 0.000000000000000000e+00 1.000000000000000000e+00
4.552377760410308838e-01 -8.673229217529296875e-01 2.012689858675003052e-01 5.379112531362962857e-01
-8.887276053428649902e-01 -4.289120435714721680e-01 1.618576943874359131e-01 7.756822734974353484e-01
-5.405625328421592712e-02 -2.525569498538970947e-01 -9.660706520080566406e-01 -2.567241332502691264e+00
0.000000000000000000e+00 0.000000000000000000e+00 0.000000000000000000e+00 1.000000000000000000e+00
5.294399261474609375e-01 -8.280911445617675781e-01 1.842779964208602905e-01 4.360757020891092295e-01
-8.424491882324218750e-01 -4.876351356506347656e-01 2.291098833084106445e-01 9.454688067895327119e-01
-9.986355155706405640e-02 -2.765448987483978271e-01 -9.557983279228210449e-01 -2.502186757340485457e+00
0.000000000000000000e+00 0.000000000000000000e+00 0.000000000000000000e+00 1.000000000000000000e+00
5.896270871162414551e-01 -7.872031331062316895e-01 1.806968897581100464e-01 3.884381320763778400e-01
-7.963093519210815430e-01 -5.291932225227355957e-01 2.929942607879638672e-01 1.090386360886164363e+00
-1.350226998329162598e-01 -3.166479766368865967e-01 -9.388835430145263672e-01 -2.420872953432107177e+00
0.000000000000000000e+00 0.000000000000000000e+00 0.000000000000000000e+00 1.000000000000000000e+00
6.655439138412475586e-01 -7.302868366241455078e-01 1.540523767471313477e-01 2.608174628788332283e-01
-7.244421243667602539e-01 -5.824382901191711426e-01 3.687121272087097168e-01 1.237243982061986713e+00
-1.795397847890853882e-01 -3.569963574409484863e-01 -9.166889786720275879e-01 -2.320909450186648293e+00
0.000000000000000000e+00 0.000000000000000000e+00 0.000000000000000000e+00 1.000000000000000000e+00
7.322453856468200684e-01 -6.670513749122619629e-01 1.373294144868850708e-01 1.820893745512605910e-01
-6.479256749153137207e-01 -6.202165484428405762e-01 4.421806931495666504e-01 1.373894158603896409e+00
-2.097833156585693359e-01 -4.127638041973114014e-01 -8.863503932952880859e-01 -2.187652097279797481e+00
0.000000000000000000e+00 0.000000000000000000e+00 0.000000000000000000e+00 1.000000000000000000e+00
7.500447034835815430e-01 -6.494194269180297852e-01 1.252481043338775635e-01 1.285916868157423731e-01
-6.044301986694335938e-01 -5.961691141128540039e-01 5.284367799758911133e-01 1.557916657570460384e+00
-2.685081660747528076e-01 -4.720548987388610840e-01 -8.396826386451721191e-01 -1.991626058437923508e+00
0.000000000000000000e+00 0.000000000000000000e+00 0.000000000000000000e+00 1.000000000000000000e+00
7.826136350631713867e-01 -6.063869595527648926e-01 1.407511681318283081e-01 1.425148569437232338e-01
-5.421996116638183594e-01 -5.529140233993530273e-01 6.326969861984252930e-01 1.805256411736127387e+00
-3.058359622955322266e-01 -5.714726448059082031e-01 -7.615010142326354980e-01 -1.728796397009109809e+00
0.000000000000000000e+00 0.000000000000000000e+00 0.000000000000000000e+00 1.000000000000000000e+00
8.031086325645446777e-01 -5.814853906631469727e-01 1.299677193164825439e-01 1.015326903919313017e-01
-4.845202565193176270e-01 -5.103948116302490234e-01 7.104488015174865723e-01 1.993211887423482986e+00
-3.467804491519927979e-01 -6.335394382476806641e-01 -6.916441321372985840e-01 -1.498224429514011469e+00
0.000000000000000000e+00 0.000000000000000000e+00 0.000000000000000000e+00 1.000000000000000000e+00
8.320534825325012207e-01 -5.405791401863098145e-01 1.243405863642692566e-01 6.019739789802820706e-02
-4.201748371124267578e-01 -4.678892791271209717e-01 7.775169610977172852e-01 2.156954293945915424e+00
-3.621318340301513672e-01 -6.991804838180541992e-01 -6.164470314979553223e-01 -1.299076264445561124e+00
0.000000000000000000e+00 0.000000000000000000e+00 0.000000000000000000e+00 1.000000000000000000e+00
8.654685616493225098e-01 -4.931797385215759277e-01 8.796429634094238281e-02 -5.628035033372021795e-02
-3.320891261100769043e-01 -4.333410561084747314e-01 8.378137350082397461e-01 2.289165281334963442e+00
-3.750743865966796875e-01 -7.543135285377502441e-01 -5.388227105140686035e-01 -1.107779979864735864e+00
0.000000000000000000e+00 0.000000000000000000e+00 0.000000000000000000e+00 1.000000000000000000e+00
8.791729211807250977e-01 -4.735603928565979004e-01 5.287273600697517395e-02 -1.470222443770969889e-01
-2.301635444164276123e-01 -3.248842060565948486e-01 9.173193573951721191e-01 2.430281413236281995e+00
-4.172286987304687500e-01 -8.186515569686889648e-01 -3.946256935596466064e-01 -7.409712633427721906e-01
0.000000000000000000e+00 0.000000000000000000e+00 0.000000000000000000e+00 1.000000000000000000e+00
8.590624332427978516e-01 -5.112938880920410156e-01 2.429599128663539886e-02 -2.629175904802718566e-01
-1.046786755323410034e-01 -1.290201991796493530e-01 9.861015677452087402e-01 2.591743725277278809e+00
-5.010529756546020508e-01 -8.496661782264709473e-01 -1.643579453229904175e-01 -1.303791540180246900e-01
0.000000000000000000e+00 0.000000000000000000e+00 0.000000000000000000e+00 1.000000000000000000e+00
8.560712933540344238e-01 -5.157664418220520020e-01 3.356434777379035950e-02 -2.163795734730953602e-01
-1.076878607273101807e-01 -1.144729405641555786e-01 9.875721931457519531e-01 2.590796698258001740e+00
-5.055144429206848145e-01 -8.490468263626098633e-01 -1.535387933254241943e-01 -1.616463517162244901e-01
0.000000000000000000e+00 0.000000000000000000e+00 0.000000000000000000e+00 1.000000000000000000e+00
8.235914111137390137e-01 -5.669037699699401855e-01 1.782778277993202209e-02 -2.206135148011385272e-01
-1.018354743719100952e-01 -1.168780028820037842e-01 9.879112839698791504e-01 2.589889406638134606e+00
-5.579667687416076660e-01 -8.154504895210266113e-01 -1.539906114339828491e-01 -1.612448931105512073e-01
0.000000000000000000e+00 0.000000000000000000e+00 0.000000000000000000e+00 1.000000000000000000e+00
7.992077469825744629e-01 -5.986632108688354492e-01 5.356303974986076355e-02 -1.242103223137296375e-01
-2.517737150192260742e-01 -2.525256276130676270e-01 9.342594146728515625e-01 2.506134359128490807e+00
-5.457807183265686035e-01 -7.601534128189086914e-01 -3.525481522083282471e-01 -5.820195248968039747e-01
0.000000000000000000e+00 0.000000000000000000e+00 0.000000000000000000e+00 1.000000000000000000e+00
8.153746128082275391e-01 -5.741178393363952637e-01 7.451792806386947632e-02 -7.258288014502695118e-02
-3.080417215824127197e-01 -3.212568163871765137e-01 8.954907655715942383e-01 2.427682607738743670e+00
-4.901779890060424805e-01 -7.531152963638305664e-01 -4.387971460819244385e-01 -8.161240797755809906e-01
0.000000000000000000e+00 0.000000000000000000e+00 0.000000000000000000e+00 1.000000000000000000e+00
8.018893599510192871e-01 -5.909641385078430176e-01 8.794654160737991333e-02 -4.239209096192692039e-02
-3.686079680919647217e-01 -3.734879493713378906e-01 8.512551784515380859e-01 2.342491291104583873e+00
-4.702141582965850830e-01 -7.150302529335021973e-01 -5.173301696777343750e-01 -1.024602337377771732e+00
0.000000000000000000e+00 0.000000000000000000e+00 0.000000000000000000e+00 1.000000000000000000e+00
8.225753307342529297e-01 -5.648535490036010742e-01 6.564971059560775757e-02 -1.459408516908038134e-01
-4.590458571910858154e-01 -5.914439558982849121e-01 6.629261374473571777e-01 1.968885958686623638e+00
-3.356280028820037842e-01 -5.754431486129760742e-01 -7.458012104034423828e-01 -1.679289814537660908e+00
0.000000000000000000e+00 0.000000000000000000e+00 0.000000000000000000e+00 1.000000000000000000e+00
8.240402936935424805e-01 -5.644460916519165039e-01 4.856136068701744080e-02 -2.093456834342666550e-01
-4.738647639751434326e-01 -6.397380232810974121e-01 6.051337718963623047e-01 1.815098373477548099e+00
-3.104989230632781982e-01 -5.216659307479858398e-01 -7.946413159370422363e-01 -1.820140629865833581e+00
0.000000000000000000e+00 0.000000000000000000e+00 0.000000000000000000e+00 1.000000000000000000e+00
8.492746949195861816e-01 -5.260543823242187500e-01 4.471433535218238831e-02 -2.192658397507420698e-01
-4.663921594619750977e-01 -7.078646421432495117e-01 5.304775238037109375e-01 1.604110301116081549e+00
-2.474082112312316895e-01 -4.713753163814544678e-01 -8.465189933776855469e-01 -1.979571193671708862e+00
0.000000000000000000e+00 0.000000000000000000e+00 0.000000000000000000e+00 1.000000000000000000e+00
8.690381646156311035e-01 -4.947306811809539795e-01 3.776877885684370995e-03 -3.198092832201455127e-01
-4.567706584930419922e-01 -7.993782162666320801e-01 3.903266787528991699e-01 1.223577902037742193e+00
-1.900875866413116455e-01 -3.409338593482971191e-01 -9.206686615943908691e-01 -2.191132945862160675e+00
0.000000000000000000e+00 0.000000000000000000e+00 0.000000000000000000e+00 1.000000000000000000e+00
8.772814869880676270e-01 -4.798570573329925537e-01 1.070145983248949051e-02 -2.858151316366825956e-01
-4.665045142173767090e-01 -8.472007513046264648e-01 2.542123496532440186e-01 8.732862114626385175e-01
-1.129193976521492004e-01 -2.280081361532211304e-01 -9.670892953872680664e-01 -2.339449877175351133e+00
0.000000000000000000e+00 0.000000000000000000e+00 0.000000000000000000e+00 1.000000000000000000e+00
8.768355846405029297e-01 -4.807690978050231934e-01 4.493387881666421890e-03 -2.635076197704726564e-01
-4.804587364196777344e-01 -8.758459091186523438e-01 4.531567171216011047e-02 3.305827822428838991e-01
-1.785087026655673981e-02 -4.189328476786613464e-02 -9.989627003669738770e-01 -2.462050692652871575e+00
0.000000000000000000e+00 0.000000000000000000e+00 0.000000000000000000e+00 1.000000000000000000e+00
8.870161175727844238e-01 -4.617084562778472900e-01 5.273753777146339417e-03 -2.491603811806436808e-01
-4.609327614307403564e-01 -8.860849142074584961e-01 -4.893184825778007507e-02 7.096508284599734040e-02
2.726525254547595978e-02 4.097247868776321411e-02 -9.987885355949401855e-01 -2.486146625171616442e+00
0.000000000000000000e+00 0.000000000000000000e+00 0.000000000000000000e+00 1.000000000000000000e+00
8.952261209487915039e-01 -4.456031918525695801e-01 -2.807754790410399437e-03 -2.664278956868507131e-01
-4.409080743789672852e-01 -8.848451972007751465e-01 -1.504934728145599365e-01 -2.199200125811607565e-01
6.457597017288208008e-02 1.359636038541793823e-01 -9.886069297790527344e-01 -2.477052461571874531e+00
0.000000000000000000e+00 0.000000000000000000e+00 0.000000000000000000e+00 1.000000000000000000e+00
8.971981406211853027e-01 -4.416263699531555176e-01 1.202980987727642059e-03 -2.532178242111329247e-01
-4.264496564865112305e-01 -8.670668601989746094e-01 -2.575584352016448975e-01 -5.316687278999527866e-01
1.147877275943756104e-01 2.305679321289062500e-01 -9.662621021270751953e-01 -2.435417765257892775e+00
0.000000000000000000e+00 0.000000000000000000e+00 0.000000000000000000e+00 1.000000000000000000e+00
9.019235968589782715e-01 -4.318747520446777344e-01 4.126321058720350266e-03 -2.427151062381131819e-01
-3.991406857967376709e-01 -8.371361494064331055e-01 -3.740181624889373779e-01 -8.873239385596844997e-01
1.649833619594573975e-01 3.356887698173522949e-01 -9.274121522903442383e-01 -2.342214798717646040e+00
0.000000000000000000e+00 0.000000000000000000e+00 0.000000000000000000e+00 1.000000000000000000e+00
9.071860909461975098e-01 -4.207135140895843506e-01 3.553632646799087524e-03 -2.572538473778775980e-01
-3.728314936161041260e-01 -8.077949881553649902e-01 -4.565789699554443359e-01 -1.144079947609549119e+00
1.949597597122192383e-01 4.128772020339965820e-01 -8.896754980087280273e-01 -2.256689732322467723e+00
0.000000000000000000e+00 0.000000000000000000e+00 0.000000000000000000e+00 1.000000000000000000e+00
9.179776906967163086e-01 -3.966282010078430176e-01 1.976118655875325203e-03 -2.843987991969406104e-01
-3.302446901798248291e-01 -7.670763731002807617e-01 -5.500293970108032227e-01 -1.432844890436404839e+00
2.196729779243469238e-01 5.042615532875061035e-01 -8.351430296897888184e-01 -2.132368843148949811e+00
0.000000000000000000e+00 0.000000000000000000e+00 0.000000000000000000e+00 1.000000000000000000e+00
9.130883812904357910e-01 -4.068641662597656250e-01 -2.702502533793449402e-02 -3.756865677751622945e-01
-3.314451277256011963e-01 -7.019597291946411133e-01 -6.303939819335937500e-01 -1.656889766697825950e+00
2.375145107507705688e-01 5.845628380775451660e-01 -7.758046388626098633e-01 -1.995716183144576883e+00
0.000000000000000000e+00 0.000000000000000000e+00 0.000000000000000000e+00 1.000000000000000000e+00
9.216374158859252930e-01 -3.857863247394561768e-01 -4.188151657581329346e-02 -4.360903075945924412e-01
-2.932159006595611572e-01 -6.216331124305725098e-01 -7.263583540916442871e-01 -1.937814901424030012e+00
2.541844844818115234e-01 6.817194223403930664e-01 -6.860387325286865234e-01 -1.766979632379875431e+00
0.000000000000000000e+00 0.000000000000000000e+00 0.000000000000000000e+00 1.000000000000000000e+00
9.304299950599670410e-01 -3.617978990077972412e-01 -5.832855775952339172e-02 -4.971605811451017543e-01
-2.629762291908264160e-01 -5.483082532882690430e-01 -7.938522100448608398e-01 -2.145722514540246095e+00
2.552319467067718506e-01 7.539629340171813965e-01 -6.053066849708557129e-01 -1.539763098612751735e+00
0.000000000000000000e+00 0.000000000000000000e+00 0.000000000000000000e+00 1.000000000000000000e+00
9.393209815025329590e-01 -3.391772508621215820e-01 -5.132706463336944580e-02 -4.978956515416567696e-01
-2.192418128252029419e-01 -4.784999787807464600e-01 -8.502764701843261719e-01 -2.327285281907207182e+00
2.638345658779144287e-01 8.099361658096313477e-01 -5.238272547721862793e-01 -1.324180344754203986e+00
0.000000000000000000e+00 0.000000000000000000e+00 0.000000000000000000e+00 1.000000000000000000e+00
9.510384798049926758e-01 -3.046830296516418457e-01 -5.190539360046386719e-02 -5.287690910924457421e-01
-1.806549131870269775e-01 -4.117288589477539062e-01 -8.932206630706787109e-01 -2.461172744429011239e+00
2.507781982421875000e-01 8.588641285896301270e-01 -4.466125369071960449e-01 -1.123904825697625176e+00
0.000000000000000000e+00 0.000000000000000000e+00 0.000000000000000000e+00 1.000000000000000000e+00
9.631755352020263672e-01 -2.651837468147277832e-01 -4.438927397131919861e-02 -5.343783359907877673e-01
-1.376657038927078247e-01 -3.445759713649749756e-01 -9.286093711853027344e-01 -2.587375408298904667e+00
2.309566438198089600e-01 9.005247354507446289e-01 -3.683938980102539062e-01 -9.008409171091441570e-01
0.000000000000000000e+00 0.000000000000000000e+00 0.000000000000000000e+00 1.000000000000000000e+00
9.690524935722351074e-01 -2.382775545120239258e-01 -6.450656056404113770e-02 -6.116098794903124247e-01
-1.275965571403503418e-01 -2.597903609275817871e-01 -9.571980237960815430e-01 -2.709894821395689046e+00
2.113206088542938232e-01 9.358059167861938477e-01 -2.821538746356964111e-01 -6.170026119286093902e-01
0.000000000000000000e+00 0.000000000000000000e+00 0.000000000000000000e+00 1.000000000000000000e+00
9.804236292839050293e-01 -1.918716430664062500e-01 -4.421260580420494080e-02 -5.859372242477475234e-01
-7.414033263921737671e-02 -1.517228633165359497e-01 -9.856384396553039551e-01 -2.832307445606558005e+00
1.824080348014831543e-01 9.696211218833923340e-01 -1.629780530929565430e-01 -2.375755261090379267e-01
0.000000000000000000e+00 0.000000000000000000e+00 0.000000000000000000e+00 1.000000000000000000e+00
9.955224990844726562e-01 -9.438227117061614990e-02 -5.195371806621551514e-03 -4.953429625623575472e-01
-1.760181225836277008e-02 -1.310975849628448486e-01 -9.912131428718566895e-01 -2.861689565948231984e+00
9.287185221910476685e-02 9.868664145469665527e-01 -1.321718096733093262e-01 -1.468049385887650049e-01
0.000000000000000000e+00 0.000000000000000000e+00 0.000000000000000000e+00 1.000000000000000000e+00
9.962630867958068848e-01 -8.581072837114334106e-02 9.819060564041137695e-03 -4.702893448312642777e-01
-1.176889985799789429e-02 -2.474959790706634521e-01 -9.688173532485961914e-01 -2.815747441962072273e+00
8.556511253118515015e-02 9.650813341140747070e-01 -2.475810050964355469e-01 -4.913488277556039563e-01
0.000000000000000000e+00 0.000000000000000000e+00 0.000000000000000000e+00 1.000000000000000000e+00
9.982009530067443848e-01 -2.168667688965797424e-02 5.589719861745834351e-02 -3.211228279079408887e-01
4.724143445491790771e-02 -2.895939648151397705e-01 -9.559830427169799805e-01 -2.880864655566403698e+00
3.691958636045455933e-02 9.569038152694702148e-01 -2.880484759807586670e-01 -5.905977491698289894e-01
0.000000000000000000e+00 0.000000000000000000e+00 0.000000000000000000e+00 1.000000000000000000e+00
9.888862967491149902e-01 5.187037214636802673e-02 1.393318325281143188e-01 -2.599925538449094145e-02
1.482389718294143677e-01 -2.723785936832427979e-01 -9.507024288177490234e-01 -2.975953121996720352e+00
-1.136228721588850021e-02 9.607909917831420898e-01 -2.770406901836395264e-01 -5.340610708383144445e-01
0.000000000000000000e+00 0.000000000000000000e+00 0.000000000000000000e+00 1.000000000000000000e+00
9.694870710372924805e-01 7.770264893770217896e-02 2.325019091367721558e-01 2.681177215131007596e-01
2.447888702154159546e-01 -2.559312582015991211e-01 -9.351884722709655762e-01 -3.017169492855800161e+00
-1.316214259713888168e-02 9.635669589042663574e-01 -2.671427726745605469e-01 -4.882966178958716430e-01
0.000000000000000000e+00 0.000000000000000000e+00 0.000000000000000000e+00 1.000000000000000000e+00
9.731886386871337891e-01 3.502080217003822327e-02 2.273265719413757324e-01 2.347296727407806871e-01
2.276493608951568604e-01 -2.878440022468566895e-01 -9.302265644073486328e-01 -3.003955540969983851e+00
3.285729140043258667e-02 9.570367336273193359e-01 -2.880989909172058105e-01 -5.848116265560566740e-01
0.000000000000000000e+00 0.000000000000000000e+00 0.000000000000000000e+00 1.000000000000000000e+00
9.838321208953857422e-01 -2.962124161422252655e-02 1.766266226768493652e-01 5.122882161534562939e-02
1.574891954660415649e-01 -3.264891207218170166e-01 -9.319881200790405273e-01 -2.980448464995276048e+00
8.527330309152603149e-02 9.447365999221801758e-01 -3.165454566478729248e-01 -7.203779097029427980e-01
0.000000000000000000e+00 0.000000000000000000e+00 0.000000000000000000e+00 1.000000000000000000e+00
9.869421124458312988e-01 -1.156589686870574951e-01 1.121086031198501587e-01 -1.779462327367710983e-01
6.181362643837928772e-02 -3.707565069198608398e-01 -9.266706109046936035e-01 -2.913615178828915298e+00
1.487427502870559692e-01 9.215000271797180176e-01 -3.587659001350402832e-01 -9.211686782355544834e-01
0.000000000000000000e+00 0.000000000000000000e+00 0.000000000000000000e+00 1.000000000000000000e+00
9.805084466934204102e-01 -1.948350816965103149e-01 2.534723840653896332e-02 -4.599438265829078332e-01
-3.708538785576820374e-02 -3.102160990238189697e-01 -9.499422907829284668e-01 -2.932397329497363536e+00
1.929452270269393921e-01 9.304863810539245605e-01 -3.113950490951538086e-01 -8.172955152224300468e-01
0.000000000000000000e+00 0.000000000000000000e+00 0.000000000000000000e+00 1.000000000000000000e+00
9.252846837043762207e-01 -3.689250051975250244e-01 -8.798890560865402222e-02 -7.896199158336163482e-01
-2.183951288461685181e-01 -3.285954594612121582e-01 -9.188730120658874512e-01 -2.748043012351697012e+00
3.100828528404235840e-01 8.694362044334411621e-01 -3.846161365509033203e-01 -1.132840875520547463e+00
0.000000000000000000e+00 0.000000000000000000e+00 0.000000000000000000e+00 1.000000000000000000e+00
8.800331950187683105e-01 -4.651254713535308838e-01 -9.591712802648544312e-02 -7.975795509981145059e-01
-2.778704762458801270e-01 -3.405061960220336914e-01 -8.982446789741516113e-01 -2.644097139076457381e+00
3.851362168788909912e-01 8.171378374099731445e-01 -4.289014339447021484e-01 -1.343294175631618126e+00
0.000000000000000000e+00 0.000000000000000000e+00 0.000000000000000000e+00 1.000000000000000000e+00
8.384239077568054199e-01 -5.406686663627624512e-01 -6.872095912694931030e-02 -6.923513832710739280e-01
-3.375544846057891846e-01 -4.161348044872283936e-01 -8.443274497985839844e-01 -2.453884058039971450e+00
4.279041588306427002e-01 7.311011552810668945e-01 -5.314024090766906738e-01 -1.691473405441548117e+00
0.000000000000000000e+00 0.000000000000000000e+00 0.000000000000000000e+00 1.000000000000000000e+00
8.017194867134094238e-01 -5.954549312591552734e-01 -5.176246538758277893e-02 -6.199614188285075267e-01
-4.253977537155151367e-01 -5.076240301132202148e-01 -7.492356896400451660e-01 -2.112095604968519780e+00
4.198603034019470215e-01 6.226963996887207031e-01 -6.602774858474731445e-01 -2.088059043851756336e+00
0.000000000000000000e+00 0.000000000000000000e+00 0.000000000000000000e+00 1.000000000000000000e+00
7.782256603240966797e-01 -6.273520588874816895e-01 -2.819021232426166534e-02 -5.417441131937876797e-01
-5.017052292823791504e-01 -5.941087007522583008e-01 -6.287500858306884766e-01 -1.690669547181171906e+00
3.776993155479431152e-01 5.034524798393249512e-01 -7.770962715148925781e-01 -2.420259814143985722e+00
0.000000000000000000e+00 0.000000000000000000e+00 0.000000000000000000e+00 1.000000000000000000e+00
7.529215812683105469e-01 -6.578994393348693848e-01 -1.666633412241935730e-02 -4.929784303571753123e-01
-5.653781294822692871e-01 -6.336605548858642578e-01 -5.280354022979736328e-01 -1.340086739617333711e+00
3.368335068225860596e-01 4.069918990135192871e-01 -8.490591645240783691e-01 -2.619127761864511683e+00
0.000000000000000000e+00 0.000000000000000000e+00 0.000000000000000000e+00 1.000000000000000000e+00
6.551055312156677246e-01 -7.552972435951232910e-01 -1.905305497348308563e-02 -4.390888815636277975e-01
-6.760259270668029785e-01 -5.747160911560058594e-01 -4.611830413341522217e-01 -1.066155656052945488e+00
3.373801708221435547e-01 3.150037825107574463e-01 -8.871005177497863770e-01 -2.750455740377776959e+00
0.000000000000000000e+00 0.000000000000000000e+00 0.000000000000000000e+00 1.000000000000000000e+00
5.890015363693237305e-01 -8.081119656562805176e-01 5.704849492758512497e-03 -3.155604238710563725e-01
-7.402274012565612793e-01 -5.423285961151123047e-01 -3.974202871322631836e-01 -8.236337500807001666e-01
3.242541849613189697e-01 2.298581600189208984e-01 -9.176187515258789062e-01 -2.848777950875374998e+00
0.000000000000000000e+00 0.000000000000000000e+00 0.000000000000000000e+00 1.000000000000000000e+00
5.393325090408325195e-01 -8.405113816261291504e-01 5.158515274524688721e-02 -1.364087708767280638e-01
-7.829477787017822266e-01 -5.230628848075866699e-01 -3.367456495761871338e-01 -5.984801457996242746e-01
3.100209236145019531e-01 1.412294059991836548e-01 -9.401817321777343750e-01 -2.914172208514483220e+00
0.000000000000000000e+00 0.000000000000000000e+00 0.000000000000000000e+00 1.000000000000000000e+00
5.060898065567016602e-01 -8.540981411933898926e-01 1.199551969766616821e-01 1.042006016817599301e-01
-8.156400322914123535e-01 -5.191634893417358398e-01 -2.553440034389495850e-01 -3.208325951516824426e-01
2.803650796413421631e-01 3.138665854930877686e-02 -9.593800902366638184e-01 -2.961276041052844921e+00
0.000000000000000000e+00 0.000000000000000000e+00 0.000000000000000000e+00 1.000000000000000000e+00
4.397039115428924561e-01 -8.836724758148193359e-01 1.605711877346038818e-01 2.837730204777856868e-01
-8.588117957115173340e-01 -4.660016000270843506e-01 -2.128012180328369141e-01 -1.595037864643464864e-01
2.628730833530426025e-01 -4.433095827698707581e-02 -9.638115763664245605e-01 -2.967284364571999955e+00
0.000000000000000000e+00 0.000000000000000000e+00 0.000000000000000000e+00 1.000000000000000000e+00
3.566556274890899658e-01 -8.971086740493774414e-01 2.607548832893371582e-01 6.559887521700167312e-01
-8.936160802841186523e-01 -4.089973568916320801e-01 -1.848549395799636841e-01 -4.723656775304602151e-02
2.724829316139221191e-01 -1.670852303504943848e-01 -9.475417733192443848e-01 -2.920820713468580632e+00
0.000000000000000000e+00 0.000000000000000000e+00 0.000000000000000000e+00 1.000000000000000000e+00
2.905741631984710693e-01 -8.862565159797668457e-01 3.607147336006164551e-01 1.005274364507275253e+00
-9.143187999725341797e-01 -3.683197796344757080e-01 -1.684108376502990723e-01 1.945113404954675398e-02
2.821135818958282471e-01 -2.808725237846374512e-01 -9.173453450202941895e-01 -2.835091589241014454e+00
0.000000000000000000e+00 0.000000000000000000e+00 0.000000000000000000e+00 1.000000000000000000e+00
2.720210254192352295e-01 -8.551444411277770996e-01 4.412848651409149170e-01 1.260358865349310298e+00
-9.326385855674743652e-01 -3.472469151020050049e-01 -9.800679236650466919e-02 2.498494359464631664e-01
2.370446920394897461e-01 -3.848994672298431396e-01 -8.919994235038757324e-01 -2.725174644383566935e+00
0.000000000000000000e+00 0.000000000000000000e+00 0.000000000000000000e+00 1.000000000000000000e+00
1.770002096891403198e-01 -7.782011032104492188e-01 6.025570034980773926e-01 1.808032013390614257e+00
-9.617843031883239746e-01 -2.667121887207031250e-01 -6.193588301539421082e-02 3.686930314112605855e-01
2.089079320430755615e-01 -5.685667395591735840e-01 -7.956696748733520508e-01 -2.413495414274941631e+00
0.000000000000000000e+00 0.000000000000000000e+00 0.000000000000000000e+00 1.000000000000000000e+00
1.368228048086166382e-01 -6.771941184997558594e-01 7.229718565940856934e-01 2.199377959914009306e+00
-9.736573696136474609e-01 -2.263230383396148682e-01 -2.772738039493560791e-02 4.744278944658499864e-01
1.824018955230712891e-01 -7.001330256462097168e-01 -6.903211474418640137e-01 -2.084201950706227713e+00
0.000000000000000000e+00 0.000000000000000000e+00 0.000000000000000000e+00 1.000000000000000000e+00
1.113129258155822754e-01 -5.786484479904174805e-01 8.079446554183959961e-01 2.465041527953538925e+00
-9.833935499191284180e-01 -1.814001053571701050e-01 5.566562525928020477e-03 5.811726644295817090e-01
1.433402299880981445e-01 -7.951474785804748535e-01 -5.892316102981567383e-01 -1.761356245542507137e+00
0.000000000000000000e+00 0.000000000000000000e+00 0.000000000000000000e+00 1.000000000000000000e+00
7.991484552621841431e-02 -5.046276450157165527e-01 8.596304655075073242e-01 2.642050039073513545e+00
-9.901682138442993164e-01 -1.395114064216613770e-01 1.015290245413780212e-02 6.010066994213063563e-01
1.148048266768455505e-01 -8.519902229309082031e-01 -5.108154416084289551e-01 -1.511435897937364770e+00
0.000000000000000000e+00 0.000000000000000000e+00 0.000000000000000000e+00 1.000000000000000000e+00
1.545919477939605713e-01 -5.139874219894409180e-01 8.437526822090148926e-01 2.530493733050120486e+00
-9.874715805053710938e-01 -1.077316254377365112e-01 1.152972653508186340e-01 9.122139336917984842e-01
3.163748607039451599e-02 -8.510057926177978516e-01 -5.242026448249816895e-01 -1.483188444001071860e+00
0.000000000000000000e+00 0.000000000000000000e+00 0.000000000000000000e+00 1.000000000000000000e+00
2.643626928329467773e-01 -5.773979425430297852e-01 7.724789381027221680e-01 2.247640465661562281e+00
-9.597912430763244629e-01 -7.910245656967163086e-02 2.693397700786590576e-01 1.355738668296980309e+00
-9.441114962100982666e-02 -8.126222491264343262e-01 -5.750932693481445312e-01 -1.539062072347462395e+00
0.000000000000000000e+00 0.000000000000000000e+00 0.000000000000000000e+00 1.000000000000000000e+00
3.262119293212890625e-01 -6.168223619461059570e-01 7.163215875625610352e-01 2.050426365971349973e+00
-9.277945160865783691e-01 -6.377482414245605469e-02 3.676002025604248047e-01 1.619718586756637935e+00
-1.810606867074966431e-01 -7.845147848129272461e-01 -5.930883884429931641e-01 -1.530554143859157890e+00
0.000000000000000000e+00 0.000000000000000000e+00 0.000000000000000000e+00 1.000000000000000000e+00
3.645732998847961426e-01 -6.391043663024902344e-01 6.772238612174987793e-01 1.906888858168471312e+00
-8.914735913276672363e-01 -2.945464476943016052e-02 4.521146118640899658e-01 1.838046394457775623e+00
-2.690009176731109619e-01 -7.685560584068298340e-01 -5.804830789566040039e-01 -1.431082504151537149e+00
0.000000000000000000e+00 0.000000000000000000e+00 0.000000000000000000e+00 1.000000000000000000e+00
4.204077422618865967e-01 -6.449604034423828125e-01 6.381877064704895020e-01 1.747366820161870393e+00
-8.389881849288940430e-01 -8.511640131473541260e-03 5.440835356712341309e-01 2.063638605803869375e+00
-3.454802036285400391e-01 -7.641686797142028809e-01 -5.446921586990356445e-01 -1.257549046868178477e+00
0.000000000000000000e+00 0.000000000000000000e+00 0.000000000000000000e+00 1.000000000000000000e+00
5.199572443962097168e-01 -6.457811594009399414e-01 5.591164231300354004e-01 1.460188464923618534e+00
-7.330771088600158691e-01 -1.376753905788064003e-03 6.801444888114929199e-01 2.363165564229670501e+00
-4.384544789791107178e-01 -7.635215520858764648e-01 -4.741230905055999756e-01 -9.567885664339499385e-01
0.000000000000000000e+00 0.000000000000000000e+00 0.000000000000000000e+00 1.000000000000000000e+00
6.229989528656005859e-01 -6.845257878303527832e-01 3.785446882247924805e-01 8.647053531836003115e-01
-5.759482979774475098e-01 -7.396268844604492188e-02 8.141331076622009277e-01 2.666713938233978176e+00
-5.292975306510925293e-01 -7.252261042594909668e-01 -4.403302967548370361e-01 -7.873666882135235134e-01
0.000000000000000000e+00 0.000000000000000000e+00 0.000000000000000000e+00 1.000000000000000000e+00
6.251315474510192871e-01 -7.344396114349365234e-01 2.642152607440948486e-01 5.613253372387729812e-01
-4.997684955596923828e-01 -1.166229322552680969e-01 8.582718372344970703e-01 2.747451026970360921e+00
-5.995351076126098633e-01 -6.685790419578552246e-01 -4.399544596672058105e-01 -7.402041493819359053e-01
0.000000000000000000e+00 0.000000000000000000e+00 0.000000000000000000e+00 1.000000000000000000e+00
6.017271280288696289e-01 -7.742674946784973145e-01 1.960469186305999756e-01 4.127627156044029189e-01
-3.939366638660430908e-01 -7.418108731508255005e-02 9.161391854286193848e-01 2.849856877578180736e+00
-6.947940587997436523e-01 -6.284958720207214355e-01 -3.496490418910980225e-01 -4.633238506649672850e-01
0.000000000000000000e+00 0.000000000000000000e+00 0.000000000000000000e+00 1.000000000000000000e+00
4.303442835807800293e-01 -9.013874530792236328e-01 4.800159856677055359e-02 1.423494911115856520e-01
-2.242429405450820923e-01 -5.524562299251556396e-02 9.729661345481872559e-01 2.923071834453987883e+00
-8.743677735328674316e-01 -4.294744729995727539e-01 -2.259044349193572998e-01 -1.005240979166602960e-01
0.000000000000000000e+00 0.000000000000000000e+00 0.000000000000000000e+00 1.000000000000000000e+00
2.854729890823364258e-01 -9.538425803184509277e-01 -9.321785718202590942e-02 -2.156690962534322797e-01
-2.627108693122863770e-01 -1.714219301939010620e-01 9.495248198509216309e-01 2.938023658183454678e+00
-9.216768145561218262e-01 -2.465744167566299438e-01 -2.995214164257049561e-01 -3.680134937620758162e-01
0.000000000000000000e+00 0.000000000000000000e+00 0.000000000000000000e+00 1.000000000000000000e+00
2.944916486740112305e-01 -9.551807045936584473e-01 3.006823733448982239e-02 1.610030881050322493e-01
-3.806490004062652588e-01 -8.838181942701339722e-02 9.204863905906677246e-01 2.874214677416650154e+00
-8.765733838081359863e-01 -2.825209200382232666e-01 -3.896164894104003906e-01 -6.254966744181613691e-01
0.000000000000000000e+00 0.000000000000000000e+00 0.000000000000000000e+00 1.000000000000000000e+00
2.812107205390930176e-01 -9.591705203056335449e-01 3.020116314291954041e-02 2.119520621258189907e-01
-4.627700746059417725e-01 -1.079709604382514954e-01 8.798783421516418457e-01 2.787352818365618656e+00
-8.406925201416015625e-01 -2.614072859287261963e-01 -4.742380678653717041e-01 -9.020542264925245357e-01
0.000000000000000000e+00 0.000000000000000000e+00 0.000000000000000000e+00 1.000000000000000000e+00
