0.5352840423583984 0.8172504305839539 -0.2134774476289749 0.05384436994791031 
-0.8405322432518005 0.4903768002986908 -0.230295330286026 0.1049079298973083 
-0.08352459967136383 0.3027081191539764 0.9494163393974304 -0.2684004604816437 
0 0 0 1 

0.59614098072052 0.7761128544807434 -0.2055838108062744 0.04713946580886841 
-0.7937641739845276 0.5312484502792358 -0.2961643636226654 0.121100902557373 
-0.1206409335136414 0.3397407829761505 0.9327496886253357 -0.2597452700138092 
0 0 0 1 

0.6742421984672546 0.716379702091217 -0.1794362366199493 0.03350017592310905 
-0.720884382724762 0.5856614112854004 -0.370575487613678 0.1363516449928284 
-0.1603839695453644 0.3792104125022888 0.911304771900177 -0.2493825852870941 
0 0 0 1 

0.7384154796600342 0.6545943021774292 -0.1620149463415146 0.02478531561791897 
-0.6462112665176392 0.6182082891464233 -0.4474698901176453 0.1519733369350433 
-0.1927523463964462 0.4351145625114441 0.8795008659362793 -0.2348317950963974 
0 0 0 1 

0.7676764130592346 0.6238995790481567 -0.1463626474142075 0.01781179755926132 
-0.5926430225372314 0.6042827367782593 -0.5325562357902527 0.1711893081665039 
-0.2438174039125443 0.49557164311409 0.8336435556411743 -0.2140859961509705 
0 0 0 1 

0.7944437265396118 0.5887136459350586 -0.1492491066455841 0.01571281626820564 
-0.5345947742462158 0.5612285137176514 -0.6318470239639282 0.1964591890573502 
-0.288214236497879 0.5817546844482422 0.7605878114700317 -0.1870326697826385 
0 0 0 1 

0.8177541494369507 0.5579549670219421 -0.1412954926490784 0.01154148392379284 
-0.4767696559429169 0.5191289782524109 -0.709362804889679 0.2166157066822052 
-0.322441965341568 0.647449791431427 0.6905359029769897 -0.1623377352952957 
0 0 0 1 

0.8499959111213684 0.5077714323997498 -0.1402679830789566 0.008017439395189285 
-0.410553514957428 0.4716882705688477 -0.7803561687469482 0.2349180430173874 
-0.3300798833370209 0.7208870649337769 0.6094005107879639 -0.1396419852972031 
0 0 0 1 

0.8800342082977295 0.4648719429969788 -0.09712782502174377 -0.006255119107663631 
-0.323579728603363 0.4372376799583435 -0.8391180634498596 0.24889175593853 
-0.3476146161556244 0.7698811888694763 0.5352073311805725 -0.1200883463025093 
0 0 0 1 

0.8849847912788391 0.4580525457859039 -0.0836033821105957 -0.009414025582373142 
-0.2904237508773804 0.4026813805103302 -0.8680443167686462 0.2548502683639526 
-0.3639445304870605 0.7924865484237671 0.4893964231014252 -0.1069514527916908 
0 0 0 1 

