-0.2005388140678406 0.7435939908027649 0.6378496289253235 -0.1910587549209595 
-0.8966462016105652 0.1230165585875511 -0.4253145456314087 0.1805527210235596 
-0.3947273790836334 -0.6572175621986389 0.6420711874961853 -0.1974130719900131 
0 0 0 1 

-0.1721815466880798 0.7180459499359131 0.674361526966095 -0.2057203352451324 
-0.9321310520172119 0.1026288121938705 -0.3472736477851868 0.1558461636304855 
-0.3185673356056213 -0.6883875131607056 0.6516421437263489 -0.2011541277170181 
0 0 0 1 

-0.1191758587956429 0.7005205154418945 0.7036106586456299 -0.2181807905435562 
-0.9605183601379395 0.09809115529060364 -0.2603506743907928 0.1267548799514771 
-0.2513989210128784 -0.7068585753440857 0.6611728072166443 -0.2024123817682266 
0 0 0 1 

-0.1518983840942383 0.6089500188827515 0.7785284519195557 -0.2444091141223907 
-0.964032769203186 0.0825294703245163 -0.2526450753211975 0.1263253688812256 
-0.2180996984243393 -0.7889034152030945 0.5745118260383606 -0.168632298707962 
0 0 0 1 

-0.2028297632932663 0.5802344083786011 0.7887888550758362 -0.2471233606338501 
-0.9729815721511841 -0.02868342772126198 -0.2290937155485153 0.120592288672924 
-0.1103027984499931 -0.8139441609382629 0.570375382900238 -0.1656892448663712 
0 0 0 1 

-0.2518342435359955 0.4392469525337219 0.8623465299606323 -0.2633322775363922 
-0.964306652545929 -0.03857051208615303 -0.2619637250900269 0.1321084648370743 
-0.08180562406778336 -0.8975379467010498 0.433282196521759 -0.1176777258515358 
0 0 0 1 

-0.339005172252655 0.3357979357242584 0.8788145780563354 -0.2577483355998993 
-0.9407438039779663 -0.1296749413013458 -0.3133453130722046 0.1481603384017944 
0.008739559911191463 -0.932965099811554 0.3598604798316956 -0.09873389452695847 
0 0 0 1 

-0.3651563227176666 0.3516342341899872 0.8619825839996338 -0.2447880208492279 
-0.9265894293785095 -0.2267540246248245 -0.3000240921974182 0.1410288512706757 
0.08995937556028366 -0.9082597494125366 0.4086214303970337 -0.1218670234084129 
0 0 0 1 

-0.3783416748046875 0.4476105272769928 0.8102483153343201 -0.2229062467813492 
-0.9211810827255249 -0.2681227624416351 -0.2820204794406891 0.1325370818376541 
0.09101074188947678 -0.8530855178833008 0.5137724280357361 -0.1618557721376419 
0 0 0 1 

-0.3911619484424591 0.2844057381153107 0.875274658203125 -0.238849401473999 
-0.9143925905227661 -0.22788405418396 -0.3345968723297119 0.1487442404031754 
0.1042998656630516 -0.9312261939048767 0.3491983711719513 -0.1114188581705093 
0 0 0 1 

