1.000000000000000000e+00 0.000000000000000000e+00 0.000000000000000000e+00 -4.542167112231254578e-02
0.000000000000000000e+00 1.000000000000000000e+00 0.000000000000000000e+00 9.935460984706878662e-04
0.000000000000000000e+00 0.000000000000000000e+00 1.000000000000000000e+00 -2.875000238418579102e-01
0.000000000000000000e+00 0.000000000000000000e+00 0.000000000000000000e+00 1.000000000000000000e+00
9.965553283691406250e-01 8.121493458747863770e-02 1.678600907325744629e-02 -4.906809329986572266e-02
-8.091851323843002319e-02 9.965645074844360352e-01 -1.764232851564884186e-02 9.867537766695022583e-03
-1.816116459667682648e-02 1.622325181961059570e-02 9.997032284736633301e-01 -2.932699918746948242e-01
0.000000000000000000e+00 0.000000000000000000e+00 0.000000000000000000e+00 1.000000000000000000e+00
9.855180978775024414e-01 1.660355329513549805e-01 3.444311395287513733e-02 -5.247732996940612793e-02
-1.642372906208038330e-01 9.851653575897216797e-01 -4.975150153040885925e-02 2.473500184714794159e-02
-4.219272732734680176e-02 4.337412491440773010e-02 9.981675744056701660e-01 -2.925631701946258545e-01
0.000000000000000000e+00 0.000000000000000000e+00 0.000000000000000000e+00 1.000000000000000000e+00
9.665785431861877441e-01 2.537733018398284912e-01 3.640380129218101501e-02 -5.081162229180335999e-02
-2.506211102008819580e-01 9.652299880981445312e-01 -7.429651170969009399e-02 3.711263462901115417e-02
-5.399250611662864685e-02 6.268985569477081299e-02 9.965715408325195312e-01 -2.922244369983673096e-01
0.000000000000000000e+00 0.000000000000000000e+00 0.000000000000000000e+00 1.000000000000000000e+00
9.372157454490661621e-01 3.447922170162200928e-01 5.239437893033027649e-02 -5.284835398197174072e-02
-3.365671038627624512e-01 9.335719943046569824e-01 -1.231500506401062012e-01 5.690038949251174927e-02
-9.137513488531112671e-02 9.778387099504470825e-02 9.910039305686950684e-01 -2.890825867652893066e-01
0.000000000000000000e+00 0.000000000000000000e+00 0.000000000000000000e+00 1.000000000000000000e+00
8.919008970260620117e-01 4.509192109107971191e-01 3.441534563899040222e-02 -4.410449787974357605e-02
-4.426223337650299072e-01 8.860235810279846191e-01 -1.380134820938110352e-01 6.569793075323104858e-02
-9.272578358650207520e-02 1.078613847494125366e-01 9.898322224617004395e-01 -2.898462712764739990e-01
0.000000000000000000e+00 0.000000000000000000e+00 0.000000000000000000e+00 1.000000000000000000e+00
8.441665768623352051e-01 5.357364416122436523e-01 1.922033540904521942e-02 -3.637042269110679626e-02
-5.258761048316955566e-01 8.345265388488769531e-01 -1.643754839897155762e-01 7.768340408802032471e-02
-1.041018739342689514e-01 1.286526918411254883e-01 9.862106442451477051e-01 -2.888143658638000488e-01
0.000000000000000000e+00 0.000000000000000000e+00 0.000000000000000000e+00 1.000000000000000000e+00
7.928968667984008789e-01 6.093384027481079102e-01 -4.621769767254590988e-03 -2.630510553717613220e-02
-6.010003089904785156e-01 7.807501554489135742e-01 -1.709609031677246094e-01 8.330642431974411011e-02
-1.005646064877510071e-01 1.383320242166519165e-01 9.852670431137084961e-01 -2.895933091640472412e-01
0.000000000000000000e+00 0.000000000000000000e+00 0.000000000000000000e+00 1.000000000000000000e+00
7.221291065216064453e-01 6.911897659301757812e-01 -2.803608588874340057e-02 -1.362925022840499878e-02
-6.854847669601440430e-01 7.095465660095214844e-01 -1.632606387138366699e-01 8.369705080986022949e-02
-9.295117110013961792e-02 1.371135413646697998e-01 9.861843585968017578e-01 -2.906720638275146484e-01
0.000000000000000000e+00 0.000000000000000000e+00 0.000000000000000000e+00 1.000000000000000000e+00
6.465491652488708496e-01 7.623608112335205078e-01 -2.792500331997871399e-02 -8.495523594319820404e-03
-7.577333450317382812e-01 6.375222206115722656e-01 -1.393015980720520020e-01 7.901034504175186157e-02
-8.839534223079681396e-02 1.112250462174415588e-01 9.898559451103210449e-01 -2.933470308780670166e-01
0.000000000000000000e+00 0.000000000000000000e+00 0.000000000000000000e+00 1.000000000000000000e+00
5.508205890655517578e-01 8.334432244300842285e-01 -4.436998441815376282e-02 2.400554250925779343e-03
-8.326845169067382812e-01 5.451424717903137207e-01 -9.724105894565582275e-02 6.737153232097625732e-02
-5.685696750879287720e-02 9.050857275724411011e-02 9.942711591720581055e-01 -2.982215881347656250e-01
0.000000000000000000e+00 0.000000000000000000e+00 0.000000000000000000e+00 1.000000000000000000e+00
4.586301445960998535e-01 8.845255374908447266e-01 -8.527784049510955811e-02 2.167158573865890503e-02
-8.885889053344726562e-01 4.556033611297607422e-01 -5.324833467602729797e-02 5.462826415896415710e-02
-8.246647194027900696e-03 1.001982539892196655e-01 9.949331283569335938e-01 -3.025825321674346924e-01
0.000000000000000000e+00 0.000000000000000000e+00 0.000000000000000000e+00 1.000000000000000000e+00
3.522405624389648438e-01 9.302195906639099121e-01 -1.030433103442192078e-01 3.140690922737121582e-02
-9.356909990310668945e-01 3.523967564105987549e-01 -1.729407906532287598e-02 4.070327430963516235e-02
2.022483572363853455e-02 1.025084108114242554e-01 9.945265650749206543e-01 -3.040340840816497803e-01
0.000000000000000000e+00 0.000000000000000000e+00 0.000000000000000000e+00 1.000000000000000000e+00
2.719844877719879150e-01 9.546164274215698242e-01 -1.213742643594741821e-01 3.988770768046379089e-02
-9.591802358627319336e-01 2.790876626968383789e-01 4.563979431986808777e-02 1.712987385690212250e-02
7.744258642196655273e-02 1.040064916014671326e-01 9.915570020675659180e-01 -3.035823404788970947e-01
0.000000000000000000e+00 0.000000000000000000e+00 0.000000000000000000e+00 1.000000000000000000e+00
1.910580694675445557e-01 9.693879485130310059e-01 -1.542205065488815308e-01 5.182143300771713257e-02
-9.726061224937438965e-01 2.081554532051086426e-01 1.034827977418899536e-01 -4.092649091035127640e-03
1.324168145656585693e-01 1.302245408296585083e-01 9.826021790504455566e-01 -3.018349409103393555e-01
0.000000000000000000e+00 0.000000000000000000e+00 0.000000000000000000e+00 1.000000000000000000e+00
1.150881648063659668e-01 9.819411039352416992e-01 -1.501545011997222900e-01 5.231012403964996338e-02
-9.710067510604858398e-01 1.430896818637847900e-01 1.914974302053451538e-01 -3.453251719474792480e-02
2.095248401165008545e-01 1.237619444727897644e-01 9.699394106864929199e-01 -2.991506159305572510e-01
0.000000000000000000e+00 0.000000000000000000e+00 0.000000000000000000e+00 1.000000000000000000e+00
1.873103678226470947e-01 9.727694392204284668e-01 -1.365072876214981079e-01 4.731259495019912720e-02
-9.543872475624084473e-01 2.131147831678390503e-01 2.091089636087417603e-01 -3.927367925643920898e-02
2.325065881013870239e-01 9.111258387565612793e-02 9.683178067207336426e-01 -2.967210412025451660e-01
0.000000000000000000e+00 0.000000000000000000e+00 0.000000000000000000e+00 1.000000000000000000e+00
2.748341858386993408e-01 9.509516358375549316e-01 -1.419740319252014160e-01 4.633758962154388428e-02
-9.375225901603698730e-01 2.978101074695587158e-01 1.798898130655288696e-01 -2.819056808948516846e-02
2.133478820323944092e-01 8.366405963897705078e-02 9.733875393867492676e-01 -2.954869568347930908e-01
0.000000000000000000e+00 0.000000000000000000e+00 0.000000000000000000e+00 1.000000000000000000e+00
3.278498351573944092e-01 9.333133697509765625e-01 -1.464251726865768433e-01 4.595496878027915955e-02
-9.327436685562133789e-01 3.443895280361175537e-01 1.066993400454521179e-01 -2.270676894113421440e-03
1.500112414360046387e-01 1.015958786010742188e-01 9.834506511688232422e-01 -2.952941358089447021e-01
0.000000000000000000e+00 0.000000000000000000e+00 0.000000000000000000e+00 1.000000000000000000e+00
3.615330457687377930e-01 9.154017567634582520e-01 -1.770137846469879150e-01 5.424487963318824768e-02
-9.293118715286254883e-01 3.691343069076538086e-01 1.089877542108297348e-02 3.111414983868598938e-02
7.531861960887908936e-02 1.605607718229293823e-01 9.841478466987609863e-01 -2.913863956928253174e-01
0.000000000000000000e+00 0.000000000000000000e+00 0.000000000000000000e+00 1.000000000000000000e+00
4.013646543025970459e-01 8.952772021293640137e-01 -1.933514177799224854e-01 5.711901187896728516e-02
-9.157807230949401855e-01 3.959203064441680908e-01 -6.777108460664749146e-02 5.777757987380027771e-02
1.587782427668571472e-02 2.042684555053710938e-01 9.787862300872802734e-01 -2.861369848251342773e-01
0.000000000000000000e+00 0.000000000000000000e+00 0.000000000000000000e+00 1.000000000000000000e+00
4.589342474937438965e-01 8.584742546081542969e-01 -2.289136052131652832e-01 6.409691274166107178e-02
-8.874610066413879395e-01 4.306583702564239502e-01 -1.641533970832824707e-01 8.713684976100921631e-02
-4.233794286847114563e-02 2.784873843193054199e-01 9.595060348510742188e-01 -2.750425040721893311e-01
0.000000000000000000e+00 0.000000000000000000e+00 0.000000000000000000e+00 1.000000000000000000e+00
5.346741080284118652e-01 8.178722858428955078e-01 -2.126239985227584839e-01 5.379538983106613159e-02
-8.408113718032836914e-01 4.896785020828247070e-01 -2.307624816894531250e-01 1.052471771836280823e-01
-8.461678028106689453e-02 3.021592795848846436e-01 9.494944810867309570e-01 -2.683681845664978027e-01
0.000000000000000000e+00 0.000000000000000000e+00 0.000000000000000000e+00 1.000000000000000000e+00
5.938268303871154785e-01 7.809526920318603516e-01 -1.936050951480865479e-01 4.398807138204574585e-02
-7.942315936088562012e-01 5.304639935493469238e-01 -2.963177561759948730e-01 1.211558952927589417e-01
-1.287097036838531494e-01 3.297285139560699463e-01 9.352610111236572266e-01 -2.602424323558807373e-01
0.000000000000000000e+00 0.000000000000000000e+00 0.000000000000000000e+00 1.000000000000000000e+00
6.750489473342895508e-01 7.180437445640563965e-01 -1.694758832454681396e-01 3.078555315732955933e-02
-7.189036607742309570e-01 5.885729789733886719e-01 -3.698095679283142090e-01 1.363418102264404297e-01
-1.657906621694564819e-01 3.714762926101684570e-01 9.135198593139648438e-01 -2.496903240680694580e-01
0.000000000000000000e+00 0.000000000000000000e+00 0.000000000000000000e+00 1.000000000000000000e+00
7.371757626533508301e-01 6.570907831192016602e-01 -1.574893891811370850e-01 2.357858978211879730e-02
-6.472638249397277832e-01 6.197986006736755371e-01 -4.437330961227416992e-01 1.513151079416275024e-01
-1.939613372087478638e-01 4.290466904640197754e-01 8.822119235992431641e-01 -2.355359941720962524e-01
0.000000000000000000e+00 0.000000000000000000e+00 0.000000000000000000e+00 1.000000000000000000e+00
7.609831690788269043e-01 6.338600516319274902e-01 -1.382951289415359497e-01 1.575279049575328827e-02
-5.974617600440979004e-01 6.016070246696472168e-01 -5.301959514617919922e-01 1.708779782056808472e-01
-2.528710961341857910e-01 4.860963821411132812e-01 8.365206122398376465e-01 -2.146802693605422974e-01
0.000000000000000000e+00 0.000000000000000000e+00 0.000000000000000000e+00 1.000000000000000000e+00
7.923640012741088867e-01 5.924694538116455078e-01 -1.453921049833297729e-01 1.458807382732629776e-02
-5.344438552856445312e-01 5.592433810234069824e-01 -6.337317228317260742e-01 1.974282711744308472e-01
-2.941574752330780029e-01 5.798503756523132324e-01 7.597661614418029785e-01 -1.864839047193527222e-01
0.000000000000000000e+00 0.000000000000000000e+00 0.000000000000000000e+00 1.000000000000000000e+00
8.141001462936401367e-01 5.624783039093017578e-01 -1.444271653890609741e-01 1.251042727380990982e-02
-4.835909903049468994e-01 5.189327001571655273e-01 -7.048746943473815918e-01 2.161438912153244019e-01
-3.215290009975433350e-01 6.436820030212402344e-01 6.944726705551147461e-01 -1.634914577007293701e-01
0.000000000000000000e+00 0.000000000000000000e+00 0.000000000000000000e+00 1.000000000000000000e+00
8.409625291824340820e-01 5.237642526626586914e-01 -1.358419954776763916e-01 7.214268203824758530e-03
-4.166621565818786621e-01 4.666632115840911865e-01 -7.801399827003479004e-01 2.357821762561798096e-01
-3.452169299125671387e-01 7.126685976982116699e-01 6.106790304183959961e-01 -1.393757313489913940e-01
0.000000000000000000e+00 0.000000000000000000e+00 0.000000000000000000e+00 1.000000000000000000e+00
8.744099736213684082e-01 4.755745828151702881e-01 -9.610325098037719727e-02 -6.171857472509145737e-03
-3.275110721588134766e-01 4.324097633361816406e-01 -8.400939106941223145e-01 2.499096095561981201e-01
-3.579716086387634277e-01 7.660612463951110840e-01 5.338596701622009277e-01 -1.189872547984123230e-01
0.000000000000000000e+00 0.000000000000000000e+00 0.000000000000000000e+00 1.000000000000000000e+00
8.972806334495544434e-01 4.350998401641845703e-01 -7.466872781515121460e-02 -1.275748386979103088e-02
-2.363498061895370483e-01 3.306087255477905273e-01 -9.136939048767089844e-01 2.647849321365356445e-01
-3.728618919849395752e-01 8.374878168106079102e-01 3.994846940040588379e-01 -8.312215656042098999e-02
0.000000000000000000e+00 0.000000000000000000e+00 0.000000000000000000e+00 1.000000000000000000e+00
8.872565031051635742e-01 4.608404934406280518e-01 -2.004202827811241150e-02 -3.154234215617179871e-02
-7.484648376703262329e-02 1.009565964341163635e-01 -9.920712709426879883e-01 2.820374965667724609e-01
-4.551632702350616455e-01 8.817215561866760254e-01 1.240667551755905151e-01 -7.636064197868108749e-03
0.000000000000000000e+00 0.000000000000000000e+00 0.000000000000000000e+00 1.000000000000000000e+00
8.837644457817077637e-01 4.668003022670745850e-01 -3.253583982586860657e-02 -2.602494321763515472e-02
-8.094815909862518311e-02 8.403033018112182617e-02 -9.931699633598327637e-01 2.825020551681518555e-01
-4.608778953552246094e-01 8.803616166114807129e-01 1.120495796203613281e-01 -9.320969693362712860e-03
0.000000000000000000e+00 0.000000000000000000e+00 0.000000000000000000e+00 1.000000000000000000e+00
8.533114790916442871e-01 5.204722881317138672e-01 -3.111770004034042358e-02 -2.315245196223258972e-02
-9.431089460849761963e-02 9.537496417760848999e-02 -9.909636974334716797e-01 2.824813127517700195e-01
-5.128011107444763184e-01 8.485352396965026855e-01 1.304706782102584839e-01 -1.330713741481304169e-02
0.000000000000000000e+00 0.000000000000000000e+00 0.000000000000000000e+00 1.000000000000000000e+00
8.333167433738708496e-01 5.485574603080749512e-01 -6.832335144281387329e-02 -1.243877504020929337e-02
-2.277887761592864990e-01 2.281343340873718262e-01 -9.466081261634826660e-01 2.753636837005615234e-01
-5.036821365356445312e-01 8.043875098228454590e-01 3.150633573532104492e-01 -5.569578707218170166e-02
0.000000000000000000e+00 0.000000000000000000e+00 0.000000000000000000e+00 1.000000000000000000e+00
8.404437303543090820e-01 5.317257642745971680e-01 -1.045074835419654846e-01 -3.190363058820366859e-03
-3.061445653438568115e-01 3.067642450332641602e-01 -9.012052416801452637e-01 2.659653425216674805e-01
-4.471351802349090576e-01 7.894066572189331055e-01 4.206030964851379395e-01 -8.509261161088943481e-02
0.000000000000000000e+00 0.000000000000000000e+00 0.000000000000000000e+00 1.000000000000000000e+00
8.181352615356445312e-01 5.644109249114990234e-01 -1.099769398570060730e-01 -1.487391418777406216e-03
-3.718316256999969482e-01 3.733791112899780273e-01 -8.498995304107666016e-01 2.548980712890625000e-01
-4.386294782161712646e-01 7.362257838249206543e-01 5.153406262397766113e-01 -1.113380268216133118e-01
0.000000000000000000e+00 0.000000000000000000e+00 0.000000000000000000e+00 1.000000000000000000e+00
8.338828682899475098e-01 5.463517904281616211e-01 -7.835179567337036133e-02 -1.457674056291580200e-02
-4.522533118724822998e-01 5.949774980545043945e-01 -6.644309163093566895e-01 2.152500599622726440e-01
-3.163956105709075928e-01 5.894924402236938477e-01 7.432309389114379883e-01 -1.812165975570678711e-01
0.000000000000000000e+00 0.000000000000000000e+00 0.000000000000000000e+00 1.000000000000000000e+00
8.390107750892639160e-01 5.403835773468017578e-01 -6.360946595668792725e-02 -2.020042017102241516e-02
-4.637807309627532959e-01 6.490982770919799805e-01 -6.029745340347290039e-01 1.971959918737411499e-01
-2.845490872859954834e-01 5.354030728340148926e-01 7.952203154563903809e-01 -1.980000883340835571e-01
0.000000000000000000e+00 0.000000000000000000e+00 0.000000000000000000e+00 1.000000000000000000e+00
8.588751554489135742e-01 5.085139870643615723e-01 -6.120591983199119568e-02 -2.097692340612411499e-02
-4.589551687240600586e-01 7.110548019409179688e-01 -5.326923727989196777e-01 1.761086881160736084e-01
-2.273609042167663574e-01 4.856072366237640381e-01 8.440924286842346191e-01 -2.139281481504440308e-01
0.000000000000000000e+00 0.000000000000000000e+00 0.000000000000000000e+00 1.000000000000000000e+00
8.725921511650085449e-01 4.880255460739135742e-01 -2.034321799874305725e-02 -3.134536743164062500e-02
-4.565808176994323730e-01 8.001556992530822754e-01 -3.889529407024383545e-01 1.346204429864883423e-01
-1.735413968563079834e-01 3.486855626106262207e-01 9.210329651832580566e-01 -2.371549308300018311e-01
0.000000000000000000e+00 0.000000000000000000e+00 0.000000000000000000e+00 1.000000000000000000e+00
8.777048587799072266e-01 4.787228703498840332e-01 -2.141139656305313110e-02 -2.953513152897357941e-02
-4.681762754917144775e-01 8.471256494522094727e-01 -2.513744235038757324e-01 9.661585092544555664e-02
-1.022005975246429443e-01 2.306568920612335205e-01 9.676529765129089355e-01 -2.530207633972167969e-01
0.000000000000000000e+00 0.000000000000000000e+00 0.000000000000000000e+00 1.000000000000000000e+00
8.789806365966796875e-01 4.765604138374328613e-01 -1.681542955338954926e-02 -2.666146308183670044e-02
-4.767997562885284424e-01 8.777819871902465820e-01 -4.647995904088020325e-02 3.861277550458908081e-02
-7.390246260911226273e-03 4.887259751558303833e-02 9.987775683403015137e-01 -2.659352421760559082e-01
0.000000000000000000e+00 0.000000000000000000e+00 0.000000000000000000e+00 1.000000000000000000e+00
8.871847391128540039e-01 4.612431228160858154e-01 -1.256523095071315765e-02 -2.608893439173698425e-02
-4.602759778499603271e-01 8.865793943405151367e-01 4.607186466455459595e-02 1.132710650563240051e-02
3.239041566848754883e-02 -3.509078174829483032e-02 9.988590478897094727e-01 -2.684247195720672607e-01
0.000000000000000000e+00 0.000000000000000000e+00 0.000000000000000000e+00 1.000000000000000000e+00
8.945510983467102051e-01 4.468649625778198242e-01 -9.486083872616291046e-03 -2.648853510618209839e-02
-4.404366910457611084e-01 8.848998546600341797e-01 1.515505313873291016e-01 -2.107506804168224335e-02
7.611692696809768677e-02 -1.313916295766830444e-01 9.884041547775268555e-01 -2.675972878932952881e-01
0.000000000000000000e+00 0.000000000000000000e+00 0.000000000000000000e+00 1.000000000000000000e+00
8.968030810356140137e-01 4.423186779022216797e-01 -9.923002682626247406e-03 -2.615395188331604004e-02
-4.250209927558898926e-01 8.675281405448913574e-01 2.583644688129425049e-01 -5.467738211154937744e-02
1.228879839181900024e-01 -2.274845838546752930e-01 9.659966826438903809e-01 -2.629052102565765381e-01
0.000000000000000000e+00 0.000000000000000000e+00 0.000000000000000000e+00 1.000000000000000000e+00
9.015777111053466797e-01 4.324943721294403076e-01 -1.030056551098823547e-02 -2.563195489346981049e-02
-3.980612754821777344e-01 8.386527895927429199e-01 3.717636168003082275e-01 -9.222882241010665894e-02
1.694244146347045898e-01 -3.310735225677490234e-01 9.282702803611755371e-01 -2.530335485935211182e-01
0.000000000000000000e+00 0.000000000000000000e+00 0.000000000000000000e+00 1.000000000000000000e+00
9.061602354049682617e-01 4.228629767894744873e-01 -7.764381822198629379e-03 -2.779846452176570892e-02
-3.730132579803466797e-01 8.077196478843688965e-01 4.565630555152893066e-01 -1.205292493104934692e-01
1.993352323770523071e-01 -4.108230471611022949e-01 8.896570801734924316e-01 -2.436766028404235840e-01
0.000000000000000000e+00 0.000000000000000000e+00 0.000000000000000000e+00 1.000000000000000000e+00
9.157716631889343262e-01 4.016665220260620117e-01 -5.106230732053518295e-03 -3.123817220330238342e-02
-3.330280184745788574e-01 7.662660479545593262e-01 5.494801998138427734e-01 -1.512209326028823853e-01
2.246206253767013550e-01 -5.014979243278503418e-01 8.354910612106323242e-01 -2.304418087005615234e-01
0.000000000000000000e+00 0.000000000000000000e+00 0.000000000000000000e+00 1.000000000000000000e+00
9.089111685752868652e-01 4.166436493396759033e-01 1.698479987680912018e-02 -3.897232934832572937e-02
-3.343925178050994873e-01 7.039350867271423340e-01 6.266232728958129883e-01 -1.744698882102966309e-01
2.491225749254226685e-01 -5.752244591712951660e-01 7.791370749473571777e-01 -2.168781310319900513e-01
0.000000000000000000e+00 0.000000000000000000e+00 0.000000000000000000e+00 1.000000000000000000e+00
9.162952303886413574e-01 3.989870250225067139e-01 3.481966257095336914e-02 -4.641728103160858154e-02
-2.975558936595916748e-01 6.199957132339477539e-01 7.259929180145263672e-01 -2.061983644962310791e-01
2.680737972259521484e-01 -6.755846142768859863e-01 6.868200302124023438e-01 -1.913908421993255615e-01
0.000000000000000000e+00 0.000000000000000000e+00 0.000000000000000000e+00 1.000000000000000000e+00
9.236228466033935547e-01 3.797168731689453125e-01 5.230617150664329529e-02 -5.302986875176429749e-02
-2.680136859416961670e-01 5.422192215919494629e-01 7.963459491729736328e-01 -2.292891889810562134e-01
2.740246653556823730e-01 -7.495421171188354492e-01 6.025754213333129883e-01 -1.661858707666397095e-01
0.000000000000000000e+00 0.000000000000000000e+00 0.000000000000000000e+00 1.000000000000000000e+00
9.356144666671752930e-01 3.495136499404907227e-01 4.965597018599510193e-02 -5.455186218023300171e-02
-2.220349311828613281e-01 4.732521176338195801e-01 8.524863123893737793e-01 -2.487101256847381592e-01
2.744558155536651611e-01 -8.086239695549011230e-01 5.203858017921447754e-01 -1.424525529146194458e-01
0.000000000000000000e+00 0.000000000000000000e+00 0.000000000000000000e+00 1.000000000000000000e+00
9.431423544883728027e-01 3.284249007701873779e-01 5.118189379572868347e-02 -5.749600008130073547e-02
-1.905255168676376343e-01 4.079869687557220459e-01 8.928865790367126465e-01 -2.623959779739379883e-01
2.723646759986877441e-01 -8.518705964088439941e-01 4.473631083965301514e-01 -1.224193871021270752e-01
0.000000000000000000e+00 0.000000000000000000e+00 0.000000000000000000e+00 1.000000000000000000e+00
9.540898799896240234e-01 2.955378592014312744e-01 4.868207499384880066e-02 -5.954239517450332642e-02
-1.561385244131088257e-01 3.520465791225433350e-01 9.228672981262207031e-01 -2.736723721027374268e-01
2.556038498878479004e-01 -8.880994319915771484e-01 3.820289075374603271e-01 -1.025926247239112854e-01
0.000000000000000000e+00 0.000000000000000000e+00 0.000000000000000000e+00 1.000000000000000000e+00
9.603402018547058105e-01 2.712221443653106689e-01 6.469400972127914429e-02 -6.691563129425048828e-02
-1.416450291872024536e-01 2.746846079826354980e-01 9.510442018508911133e-01 -2.869303226470947266e-01
2.401737868785858154e-01 -9.224895238876342773e-01 3.022079169750213623e-01 -7.455003261566162109e-02
0.000000000000000000e+00 0.000000000000000000e+00 0.000000000000000000e+00 1.000000000000000000e+00
9.742152094841003418e-01 2.175175100564956665e-01 5.992208793759346008e-02 -6.849595904350280762e-02
-1.014662832021713257e-01 1.851758956909179688e-01 9.774528741836547852e-01 -2.989754676818847656e-01
2.015170603990554810e-01 -9.583298563957214355e-01 2.024719268083572388e-01 -3.839916363358497620e-02
0.000000000000000000e+00 0.000000000000000000e+00 0.000000000000000000e+00 1.000000000000000000e+00
9.905164241790771484e-01 1.350241899490356445e-01 2.541264891624450684e-02 -6.056221574544906616e-02
-4.455063119530677795e-02 1.406685262918472290e-01 9.890539050102233887e-01 -3.044085204601287842e-01
1.299715042114257812e-01 -9.808061122894287109e-01 1.453498750925064087e-01 -2.100829780101776123e-02
0.000000000000000000e+00 0.000000000000000000e+00 0.000000000000000000e+00 1.000000000000000000e+00
9.951254725456237793e-01 9.851895272731781006e-02 -4.356537014245986938e-03 -5.312510207295417786e-02
-2.029625512659549713e-02 2.478408813476562500e-01 9.685878157615661621e-01 -3.005093932151794434e-01
9.650401026010513306e-02 -9.637782573699951172e-01 2.486324012279510498e-01 -5.370731279253959656e-02
0.000000000000000000e+00 0.000000000000000000e+00 0.000000000000000000e+00 1.000000000000000000e+00
9.977644085884094238e-01 3.964735567569732666e-02 -5.379906669259071350e-02 -3.659954667091369629e-02
4.006142914295196533e-02 2.895070314407348633e-01 9.563371539115905762e-01 -3.078180849552154541e-01
5.349145084619522095e-02 -9.563544392585754395e-01 2.872714996337890625e-01 -6.414248794317245483e-02
0.000000000000000000e+00 0.000000000000000000e+00 0.000000000000000000e+00 1.000000000000000000e+00
9.892795085906982422e-01 -4.593275114893913269e-02 -1.386227011680603027e-01 -4.546010401099920273e-03
1.459373533725738525e-01 2.763433456420898438e-01 9.499139189720153809e-01 -3.182689249515533447e-01
-5.324731580913066864e-03 -9.599604606628417969e-01 2.800841629505157471e-01 -5.868801847100257874e-02
0.000000000000000000e+00 0.000000000000000000e+00 0.000000000000000000e+00 1.000000000000000000e+00
9.687632918357849121e-01 -5.013508722186088562e-02 -2.428667992353439331e-01 2.987667731940746307e-02
2.475262731313705444e-01 2.551914155483245850e-01 9.346699714660644531e-01 -3.229325711727142334e-01
1.511771231889724731e-02 -9.655896425247192383e-01 2.596298158168792725e-01 -5.173812061548233032e-02
0.000000000000000000e+00 0.000000000000000000e+00 0.000000000000000000e+00 1.000000000000000000e+00
9.756535291671752930e-01 1.345828454941511154e-02 -2.189041525125503540e-01 1.943024806678295135e-02
2.039245367050170898e-01 3.116670250892639160e-01 9.280510544776916504e-01 -3.192778527736663818e-01
8.071515709161758423e-02 -9.500960707664489746e-01 3.013345003128051758e-01 -7.026969641447067261e-02
0.000000000000000000e+00 0.000000000000000000e+00 0.000000000000000000e+00 1.000000000000000000e+00
9.853395819664001465e-01 1.256745159626007080e-01 -1.153762638568878174e-01 -1.944712921977043152e-02
6.117612123489379883e-02 3.710288107395172119e-01 9.266040325164794922e-01 -3.119364082813262939e-01
1.592584401369094849e-01 -9.200779795646667480e-01 3.579011261463165283e-01 -9.959635883569717407e-02
0.000000000000000000e+00 0.000000000000000000e+00 0.000000000000000000e+00 1.000000000000000000e+00
9.747424721717834473e-01 2.229493707418441772e-01 -1.306728553026914597e-02 -5.428286641836166382e-02
-5.653285980224609375e-02 3.029225766658782959e-01 9.513369202613830566e-01 -3.129995763301849365e-01
2.160583138465881348e-01 -9.265696406364440918e-01 3.078753948211669922e-01 -8.845445513725280762e-02
0.000000000000000000e+00 0.000000000000000000e+00 0.000000000000000000e+00 1.000000000000000000e+00
9.129001498222351074e-01 3.951431214809417725e-01 1.023479551076889038e-01 -8.998437970876693726e-02
-2.395213693380355835e-01 3.155435919761657715e-01 9.181838035583496094e-01 -2.921965420246124268e-01
3.305189013481140137e-01 -8.627246618270874023e-01 3.827050030231475830e-01 -1.227966994047164917e-01
0.000000000000000000e+00 0.000000000000000000e+00 0.000000000000000000e+00 1.000000000000000000e+00
8.696844577789306641e-01 4.843922555446624756e-01 9.493702650070190430e-02 -8.602153509855270386e-02
-2.867575585842132568e-01 3.392548859119415283e-01 8.959220051765441895e-01 -2.814555764198303223e-01
4.017697870731353760e-01 -8.063933253288269043e-01 4.339478313922882080e-01 -1.475405097007751465e-01
0.000000000000000000e+00 0.000000000000000000e+00 0.000000000000000000e+00 1.000000000000000000e+00
8.235003948211669922e-01 5.625846385955810547e-01 7.311341911554336548e-02 -7.644448429346084595e-02
-3.519902825355529785e-01 4.056082963943481445e-01 8.435547351837158203e-01 -2.608538568019866943e-01
4.449156224727630615e-01 -7.204028964042663574e-01 5.320430397987365723e-01 -1.837582439184188843e-01
0.000000000000000000e+00 0.000000000000000000e+00 0.000000000000000000e+00 1.000000000000000000e+00
7.976301908493041992e-01 6.014588475227355957e-01 4.509093984961509705e-02 -6.611147522926330566e-02
-4.265769124031066895e-01 5.096951723098754883e-01 7.471565008163452148e-01 -2.243671566247940063e-01
4.264014065265655518e-01 -6.151892542839050293e-01 6.631168127059936523e-01 -2.266051024198532104e-01
0.000000000000000000e+00 0.000000000000000000e+00 0.000000000000000000e+00 1.000000000000000000e+00
