-0.3816859424114227 0.09816302359104156 0.919064462184906 -0.2535509467124939 
-0.9146697521209717 -0.1832178086042404 -0.3602918684482574 0.1551568657159805 
0.1330217719078064 -0.9781590104103088 0.1597186028957367 -0.05587796494364738 
0 0 0 1 

-0.396858423948288 -0.0563383623957634 0.9161491394042969 -0.251842200756073 
-0.9148864150047302 -0.05626300722360611 -0.3997713327407837 0.1664714217185974 
0.07406789809465408 -0.996825098991394 -0.02921461872756481 0.004124782979488373 
0 0 0 1 

-0.3927434086799622 -0.2879154980182648 0.8734169602394104 -0.2403567433357239 
-0.9174870252609253 0.0575987696647644 -0.3935731649398804 0.1663556098937988 
0.06300810724496841 -0.9559220671653748 -0.2867802381515503 0.08136574178934097 
0 0 0 1 

-0.4228226244449615 -0.3933245241641998 0.8164047002792358 -0.2235150188207626 
-0.9056374430656433 0.1513156145811081 -0.3961367309093475 0.1678968071937561 
0.03227555751800537 -0.9068622589111328 -0.4201889932155609 0.1208139881491661 
0 0 0 1 

-0.4681179225444794 -0.4597930610179901 0.7546226978302002 -0.2025924921035767 
-0.8836537599563599 0.2391211986541748 -0.4024635255336761 0.1667962670326233 
0.004603719338774681 -0.8552258014678955 -0.5182346701622009 0.1524037569761276 
0 0 0 1 

-0.4933249652385712 -0.5278888344764709 0.69134920835495 -0.1845478862524033 
-0.8698272705078125 0.3044539988040924 -0.3882114887237549 0.1621531993150711 
-0.005551446694880724 -0.7928688526153564 -0.609366774559021 0.1829153448343277 
0 0 0 1 

-0.4623742997646332 -0.591826856136322 0.6602656245231628 -0.1797165274620056 
-0.8845643997192383 0.3593440651893616 -0.2973507940769196 0.1349430084228516 
-0.0612822100520134 -0.7215349078178406 -0.689660370349884 0.2120586037635803 
0 0 0 1 

-0.4980341494083405 -0.6329002976417542 0.5927894711494446 -0.1595484167337418 
-0.8664148449897766 0.3914681971073151 -0.3099646866321564 0.1376810222864151 
-0.03588151931762695 -0.6679745316505432 -0.7433187365531921 0.2279731780290604 
0 0 0 1 

-0.602311372756958 -0.649650514125824 0.4638696610927582 -0.1152440011501312 
-0.7978056073188782 0.4702719449996948 -0.3772936463356018 0.1532549262046814 
0.02696417272090912 -0.5973260998725891 -0.8015449047088623 0.2431859523057938 
0 0 0 1 

-0.6467778086662292 -0.6397097706794739 0.4152708947658539 -0.09799021482467651 
-0.7620748281478882 0.5204070210456848 -0.3852513134479523 0.1540483236312866 
0.03033915720880032 -0.5656394958496094 -0.824094295501709 0.250958114862442 
0 0 0 1 

