1.000000000000000000e+00 0.000000000000000000e+00 0.000000000000000000e+00 -4.255350477121360719e-01
0.000000000000000000e+00 -1.000000000000000000e+00 0.000000000000000000e+00 3.076616963927396031e-01
0.000000000000000000e+00 0.000000000000000000e+00 -1.000000000000000000e+00 -5.117628744684824760e+00
0.000000000000000000e+00 0.000000000000000000e+00 0.000000000000000000e+00 1.000000000000000000e+00
9.958850741386413574e-01 -5.652875825762748718e-02 7.083354890346527100e-02 -2.632179692877265748e-02
-5.805582925677299500e-02 -9.981191754341125488e-01 1.968672685325145721e-02 3.718757404698717628e-01
6.958744674921035767e-02 -2.371805347502231598e-02 -9.972938299179077148e-01 -5.077282585350102906e+00
0.000000000000000000e+00 0.000000000000000000e+00 0.000000000000000000e+00 1.000000000000000000e+00
9.747813344001770020e-01 -7.099241018295288086e-02 2.115687429904937744e-01 7.329888821348440331e-01
-7.687337696552276611e-02 -9.968463182449340820e-01 1.969202980399131775e-02 3.825349643016725532e-01
2.095035612583160400e-01 -3.545941039919853210e-02 -9.771646857261657715e-01 -4.959289295169122980e+00
0.000000000000000000e+00 0.000000000000000000e+00 0.000000000000000000e+00 1.000000000000000000e+00
9.989709258079528809e-01 -4.517231136560440063e-02 -4.070986527949571609e-03 -4.099387774082982050e-01
-4.517665505409240723e-02 -9.989784955978393555e-01 -9.815120138227939606e-04 2.704682875896119443e-01
-4.022490233182907104e-03 1.164417248219251633e-03 -9.999912381172180176e-01 -4.934426213562455033e+00
0.000000000000000000e+00 0.000000000000000000e+00 0.000000000000000000e+00 1.000000000000000000e+00
9.950715899467468262e-01 -5.519548431038856506e-02 8.237736672163009644e-02 7.185299602480625658e-02
-5.220599099993705750e-02 -9.979125261306762695e-01 -3.801488503813743591e-02 1.324978346458295653e-01
8.430365473031997681e-02 3.352693840861320496e-02 -9.958758950233459473e-01 -4.915218197328243832e+00
0.000000000000000000e+00 0.000000000000000000e+00 0.000000000000000000e+00 1.000000000000000000e+00
9.079146385192871094e-02 -9.588436782360076904e-02 9.912431836128234863e-01 5.189252914274498529e+00
-4.273451119661331177e-02 -9.948123693466186523e-01 -9.231544286012649536e-02 -9.403399728772005028e-02
9.949525594711303711e-01 -3.397883847355842590e-02 -9.441807121038436890e-02 -4.948453385454692488e-01
0.000000000000000000e+00 0.000000000000000000e+00 0.000000000000000000e+00 1.000000000000000000e+00
6.118658557534217834e-02 -1.137167811393737793e-01 9.916274547576904297e-01 5.158319694782597331e+00
-2.995189651846885681e-02 -9.932504892349243164e-01 -1.120547950267791748e-01 -1.342923046501436624e-01
9.976767897605895996e-01 -2.284487709403038025e-02 -6.417971104383468628e-02 -2.457364301730548817e-01
0.000000000000000000e+00 0.000000000000000000e+00 0.000000000000000000e+00 1.000000000000000000e+00
6.669249385595321655e-02 -1.078974232077598572e-01 9.919224381446838379e-01 5.102356332949917750e+00
-3.219070658087730408e-02 -9.938508868217468262e-01 -1.059428378939628601e-01 -5.197416336653077479e-02
9.972538948059082031e-01 -2.486511133611202240e-02 -6.975573301315307617e-02 -1.704761894858676241e-01
0.000000000000000000e+00 0.000000000000000000e+00 0.000000000000000000e+00 1.000000000000000000e+00
8.273056894540786743e-02 -1.028301715850830078e-01 9.912525415420532227e-01 5.041324800817820417e+00
-3.610338270664215088e-02 -9.943186640739440918e-01 -1.001350209116935730e-01 1.495118853332929633e-04
9.959174394607543945e-01 -2.750335447490215302e-02 -8.597298711538314819e-02 -1.319447075344751252e-01
0.000000000000000000e+00 0.000000000000000000e+00 0.000000000000000000e+00 1.000000000000000000e+00
9.440794587135314941e-02 -1.042884737253189087e-01 9.900560379028320312e-01 4.996597364605876557e+00
-6.017373502254486084e-02 -9.932773113250732422e-01 -9.888991713523864746e-02 3.037477477969810491e-02
9.937132596969604492e-01 -5.023940280079841614e-02 -1.000486984848976135e-01 -7.495942246823958377e-02
0.000000000000000000e+00 0.000000000000000000e+00 0.000000000000000000e+00 1.000000000000000000e+00
1.173843964934349060e-01 -9.442703425884246826e-02 9.885870814323425293e-01 4.949350922360365779e+00
-8.415236324071884155e-02 -9.928343296051025391e-01 -8.484048396348953247e-02 1.288941738994405228e-01
9.895148277282714844e-01 -7.323306053876876831e-02 -1.244895756244659424e-01 -6.707967904055023300e-02
0.000000000000000000e+00 0.000000000000000000e+00 0.000000000000000000e+00 1.000000000000000000e+00
1.195700690150260925e-01 -8.788760751485824585e-02 9.889280796051025391e-01 4.927381443777763437e+00
-1.100889965891838074e-01 -9.911054968833923340e-01 -7.477040588855743408e-02 2.255952436624125701e-01
9.867033958435058594e-01 -9.992981702089309692e-02 -1.281819939613342285e-01 2.840681193919701239e-02
0.000000000000000000e+00 0.000000000000000000e+00 0.000000000000000000e+00 1.000000000000000000e+00
1.285026818513870239e-01 -1.006492227315902710e-01 9.865882992744445801e-01 4.929829816056765068e+00
-1.099416017532348633e-01 -9.901502132415771484e-01 -8.669277280569076538e-02 2.155990173179337110e-01
9.855960011482238770e-01 -9.732683002948760986e-02 -1.383024603128433228e-01 5.356993199540181771e-02
0.000000000000000000e+00 0.000000000000000000e+00 0.000000000000000000e+00 1.000000000000000000e+00
1.368757784366607666e-01 -1.079974025487899780e-01 9.846836924552917480e-01 4.940881617733018594e+00
-1.444947570562362671e-01 -9.855839014053344727e-01 -8.801071345806121826e-02 2.513380478491905046e-01
9.799930453300476074e-01 -1.302351206541061401e-01 -1.505075395107269287e-01 8.343862913061371456e-02
0.000000000000000000e+00 0.000000000000000000e+00 0.000000000000000000e+00 1.000000000000000000e+00
1.528885811567306519e-01 -1.149678379297256470e-01 9.815332889556884766e-01 4.956919448207594669e+00
-1.553822606801986694e-01 -9.836525917053222656e-01 -9.101292490959167480e-02 2.747975067944917194e-01
9.759513735771179199e-01 -1.385980248451232910e-01 -1.682532727718353271e-01 7.177932260251564112e-02
0.000000000000000000e+00 0.000000000000000000e+00 0.000000000000000000e+00 1.000000000000000000e+00
1.603631079196929932e-01 -1.255918890237808228e-01 9.790353178977966309e-01 4.981219840690823020e+00
-1.785160452127456665e-01 -9.792056679725646973e-01 -9.637329727411270142e-02 2.786163673612302438e-01
9.707808494567871094e-01 -1.593187749385833740e-01 -1.794486641883850098e-01 1.260899215415683394e-01
0.000000000000000000e+00 0.000000000000000000e+00 0.000000000000000000e+00 1.000000000000000000e+00
1.931888461112976074e-01 -1.314254701137542725e-01 9.723197817802429199e-01 5.003405188725577268e+00
-1.913175284862518311e-01 -9.770123958587646484e-01 -9.404715895652770996e-02 3.296592003063316678e-01
9.623284339904785156e-01 -1.678529977798461914e-01 -2.138919532299041748e-01 6.612387281180240328e-02
0.000000000000000000e+00 0.000000000000000000e+00 0.000000000000000000e+00 1.000000000000000000e+00
2.264144122600555420e-01 -1.374651491641998291e-01 9.642820358276367188e-01 5.015851411826208306e+00
-2.230712473392486572e-01 -9.709968566894531250e-01 -8.604510128498077393e-02 3.805071455957565463e-01
9.481433629989624023e-01 -1.956216543912887573e-01 -2.505121231079101562e-01 3.601709286087135132e-03
0.000000000000000000e+00 0.000000000000000000e+00 0.000000000000000000e+00 1.000000000000000000e+00
3.023653626441955566e-01 -1.644634157419204712e-01 9.388964176177978516e-01 5.070687411317778448e+00
-2.344784289598464966e-01 -9.675684571266174316e-01 -9.397355467081069946e-02 3.446091519149630522e-01
9.239020943641662598e-01 -1.917366683483123779e-01 -3.311224579811096191e-01 -2.002160259011785404e-01
0.000000000000000000e+00 0.000000000000000000e+00 0.000000000000000000e+00 1.000000000000000000e+00
3.435824513435363770e-01 -2.177080661058425903e-01 9.135393500328063965e-01 5.283890240825415141e+00
-2.443909794092178345e-01 -9.599701166152954102e-01 -1.368576437234878540e-01 1.347340576493595565e-01
9.067656993865966797e-01 -1.762389689683914185e-01 -3.830348253250122070e-01 -2.272249426186410959e-01
0.000000000000000000e+00 0.000000000000000000e+00 0.000000000000000000e+00 1.000000000000000000e+00
3.740218281745910645e-01 -2.377758920192718506e-01 8.964205980300903320e-01 5.358987413768128150e+00
-2.730793654918670654e-01 -9.519592523574829102e-01 -1.385681033134460449e-01 1.544050250702200255e-01
8.863040208816528320e-01 -1.929665505886077881e-01 -4.209853410720825195e-01 -4.322654936803305148e-01
0.000000000000000000e+00 0.000000000000000000e+00 0.000000000000000000e+00 1.000000000000000000e+00
3.661779761314392090e-01 -2.503814101219177246e-01 8.962267637252807617e-01 5.232765291180396794e+00
-2.057553976774215698e-01 -9.610674977302551270e-01 -1.844290643930435181e-01 -1.203545263120196634e-01
9.075120687484741211e-01 -1.168697029352188110e-01 -4.034390449523925781e-01 -4.606173321763308848e-01
0.000000000000000000e+00 0.000000000000000000e+00 0.000000000000000000e+00 1.000000000000000000e+00
3.672596216201782227e-01 -2.482941150665283203e-01 8.963651061058044434e-01 5.157147095093058908e+00
-1.733042746782302856e-01 -9.651015400886535645e-01 -1.963277757167816162e-01 -2.061432142201164996e-01
9.138305783271789551e-01 -8.324064314365386963e-02 -3.974733054637908936e-01 -4.764401860411590084e-01
0.000000000000000000e+00 0.000000000000000000e+00 0.000000000000000000e+00 1.000000000000000000e+00
3.069998621940612793e-01 -2.694279849529266357e-01 9.127758741378784180e-01 4.881650452704620946e+00
-7.278831303119659424e-02 -9.629287123680114746e-01 -2.597505748271942139e-01 -6.278581272607465236e-01
9.489218592643737793e-01 1.330389175564050674e-02 -3.152300417423248291e-01 -1.947446132508252326e-01
0.000000000000000000e+00 0.000000000000000000e+00 0.000000000000000000e+00 1.000000000000000000e+00
2.909151911735534668e-01 -3.110279738903045654e-01 9.047816991806030273e-01 4.599458682748707616e+00
-3.659159690141677856e-02 -9.486088752746582031e-01 -3.143286108970642090e-01 -1.022832261518419994e+00
9.560490846633911133e-01 5.833556130528450012e-02 -2.873457670211791992e-01 -1.231227177572736253e-01
0.000000000000000000e+00 0.000000000000000000e+00 0.000000000000000000e+00 1.000000000000000000e+00
2.969290018081665039e-01 -3.684204816818237305e-01 8.809649944305419922e-01 4.348051325217495489e+00
6.084700115025043488e-03 -9.218249320983886719e-01 -3.875588774681091309e-01 -1.402162507210751308e+00
9.548802375793457031e-01 1.204378753900527954e-01 -2.714749574661254883e-01 -8.225668543255132414e-02
0.000000000000000000e+00 0.000000000000000000e+00 0.000000000000000000e+00 1.000000000000000000e+00
3.390673100948333740e-01 -3.891443610191345215e-01 8.565045595169067383e-01 4.147245513273603024e+00
5.389792472124099731e-02 -9.009062051773071289e-01 -4.306545555591583252e-01 -1.626214165554979552e+00
9.392169117927551270e-01 1.921847015619277954e-01 -2.844936549663543701e-01 -1.898172764399229384e-01
0.000000000000000000e+00 0.000000000000000000e+00 0.000000000000000000e+00 1.000000000000000000e+00
3.981382846832275391e-01 -4.310017526149749756e-01 8.097673058509826660e-01 3.835850653993770010e+00
1.217210143804550171e-01 -8.501207232475280762e-01 -5.123265981674194336e-01 -2.029159993607283052e+00
9.092141389846801758e-01 3.025424778461456299e-01 -2.860037088394165039e-01 -2.655496447495698797e-01
0.000000000000000000e+00 0.000000000000000000e+00 0.000000000000000000e+00 1.000000000000000000e+00
4.101838767528533936e-01 -4.702673554420471191e-01 7.814073562622070312e-01 3.643466131596875268e+00
1.414686590433120728e-01 -8.136240839958190918e-01 -5.639170408248901367e-01 -2.288220002581047741e+00
9.009639620780944824e-01 3.418543636798858643e-01 -2.672074437141418457e-01 -2.199709453091178157e-01
0.000000000000000000e+00 0.000000000000000000e+00 0.000000000000000000e+00 1.000000000000000000e+00
4.200218617916107178e-01 -5.177444219589233398e-01 7.453334927558898926e-01 3.403421681717075931e+00
1.648880541324615479e-01 -7.640838027000427246e-01 -6.236893534660339355e-01 -2.548988515095694574e+00
8.924087882041931152e-01 3.848596811294555664e-01 -2.355620265007019043e-01 -1.237325787210160899e-01
0.000000000000000000e+00 0.000000000000000000e+00 0.000000000000000000e+00 1.000000000000000000e+00
4.380610883235931396e-01 -5.342211723327636719e-01 7.229868173599243164e-01 3.223598063067267816e+00
1.649177670478820801e-01 -7.428521513938903809e-01 -6.488238573074340820e-01 -2.664516568196722890e+00
8.836879730224609375e-01 4.034578800201416016e-01 -2.373120486736297607e-01 -1.621657612039338614e-01
0.000000000000000000e+00 0.000000000000000000e+00 0.000000000000000000e+00 1.000000000000000000e+00
4.469176530838012695e-01 -5.493599176406860352e-01 7.060230374336242676e-01 3.069713897143542258e+00
1.817077398300170898e-01 -7.170270085334777832e-01 -6.729443073272705078e-01 -2.757073968767025374e+00
8.759261965751647949e-01 4.290404319763183594e-01 -2.206292450428009033e-01 -1.298768969292490305e-01
0.000000000000000000e+00 0.000000000000000000e+00 0.000000000000000000e+00 1.000000000000000000e+00
4.385999441146850586e-01 -5.899025201797485352e-01 6.779712438583374023e-01 2.865835318466675385e+00
1.807894855737686157e-01 -6.810653209686279297e-01 -7.095529437065124512e-01 -2.903534447722263323e+00
8.803096413612365723e-01 4.337798655033111572e-01 -1.920671015977859497e-01 -6.016988952827098669e-02
0.000000000000000000e+00 0.000000000000000000e+00 0.000000000000000000e+00 1.000000000000000000e+00
3.629134297370910645e-01 -6.747261881828308105e-01 6.426806449890136719e-01 2.572762378938231898e+00
1.428239047527313232e-01 -6.412752270698547363e-01 -7.539010047912597656e-01 -3.054112715841067249e+00
9.208121299743652344e-01 3.653911054134368896e-01 -1.363604217767715454e-01 4.529937780718327339e-02
0.000000000000000000e+00 0.000000000000000000e+00 0.000000000000000000e+00 1.000000000000000000e+00
2.665342390537261963e-01 -7.310835719108581543e-01 6.280735135078430176e-01 2.451973698397539536e+00
1.322704553604125977e-01 -6.177360415458679199e-01 -7.751817703247070312e-01 -3.107422550051431198e+00
9.547064304351806641e-01 2.896880805492401123e-01 -6.794700026512145996e-02 2.416840697816114159e-01
0.000000000000000000e+00 0.000000000000000000e+00 0.000000000000000000e+00 1.000000000000000000e+00
3.185110092163085938e-01 -7.615000605583190918e-01 5.645070075988769531e-01 2.148055699811540542e+00
1.304290890693664551e-01 -5.546513199806213379e-01 -8.217967152595520020e-01 -3.238151542681102057e+00
9.389031529426574707e-01 3.353794515132904053e-01 -7.734087854623794556e-02 6.420867005428466945e-02
0.000000000000000000e+00 0.000000000000000000e+00 0.000000000000000000e+00 1.000000000000000000e+00
4.584795832633972168e-01 -7.297152280807495117e-01 5.072590112686157227e-01 1.876526849062930324e+00
1.173877418041229248e-01 -5.160578489303588867e-01 -8.484718203544616699e-01 -3.282311527943455598e+00
8.809179067611694336e-01 4.485529661178588867e-01 -1.509422361850738525e-01 -3.134371478405788558e-01
0.000000000000000000e+00 0.000000000000000000e+00 0.000000000000000000e+00 1.000000000000000000e+00
5.845826864242553711e-01 -6.980813741683959961e-01 4.134553968906402588e-01 1.448840953246177676e+00
4.250099137425422668e-02 -4.825515449047088623e-01 -8.748357892036437988e-01 -3.284213083852852044e+00
8.102200627326965332e-01 5.289859771728515625e-01 -2.524220049381256104e-01 -7.557218353885478690e-01
0.000000000000000000e+00 0.000000000000000000e+00 0.000000000000000000e+00 1.000000000000000000e+00
6.807474493980407715e-01 -6.589422225952148438e-01 3.199659287929534912e-01 1.133525126950329254e+00
-1.987610571086406708e-02 -4.532579183578491211e-01 -8.911580443382263184e-01 -3.232265528740350558e+00
7.322487235069274902e-01 6.002935171127319336e-01 -3.216513395309448242e-01 -1.014619495851997177e+00
0.000000000000000000e+00 0.000000000000000000e+00 0.000000000000000000e+00 1.000000000000000000e+00
6.807059645652770996e-01 -7.027155160903930664e-01 2.069545984268188477e-01 8.036935680679399008e-01
-9.550043195486068726e-02 -3.652250766754150391e-01 -9.260079264640808105e-01 -3.391338101073792188e+00
7.263051867485046387e-01 6.105749011039733887e-01 -3.157207071781158447e-01 -9.450967348513172883e-01
0.000000000000000000e+00 0.000000000000000000e+00 0.000000000000000000e+00 1.000000000000000000e+00
6.724241971969604492e-01 -7.357032299041748047e-01 8.115360885858535767e-02 3.545382846190890946e-01
-1.696453094482421875e-01 -2.599136531352996826e-01 -9.506129026412963867e-01 -3.603731023317013449e+00
7.204620838165283203e-01 6.254482865333557129e-01 -2.995809614658355713e-01 -8.333598394013503885e-01
0.000000000000000000e+00 0.000000000000000000e+00 0.000000000000000000e+00 1.000000000000000000e+00
6.851188540458679199e-01 -7.275102138519287109e-01 -3.662478551268577576e-02 -1.457156995281551903e-01
-2.053431123495101929e-01 -1.446492522954940796e-01 -9.679411053657531738e-01 -3.785291121236337375e+00
6.988894939422607422e-01 6.706754565238952637e-01 -2.484911084175109863e-01 -6.212816441052579908e-01
0.000000000000000000e+00 0.000000000000000000e+00 0.000000000000000000e+00 1.000000000000000000e+00
6.953452825546264648e-01 -7.045612931251525879e-01 -1.417334377765655518e-01 -6.685001338998748377e-01
-2.358122766017913818e-01 -3.737993165850639343e-02 -9.710796475410461426e-01 -3.881623657896799084e+00
6.788870096206665039e-01 7.086580395698547363e-01 -1.921361833810806274e-01 -4.128352836936112213e-01
0.000000000000000000e+00 0.000000000000000000e+00 0.000000000000000000e+00 1.000000000000000000e+00
7.065648436546325684e-01 -6.627189517021179199e-01 -2.481328099966049194e-01 -1.220566367233621330e+00
-2.525288760662078857e-01 9.142427146434783936e-02 -9.632607102394104004e-01 -3.941582191869671181e+00
6.610562801361083984e-01 7.432666420936584473e-01 -1.027584895491600037e-01 -7.039925469506502775e-02
0.000000000000000000e+00 0.000000000000000000e+00 0.000000000000000000e+00 1.000000000000000000e+00
6.725213527679443359e-01 -7.301378846168518066e-01 -1.208870410919189453e-01 -5.690087208168858046e-01
-3.030434846878051758e-01 -1.226603537797927856e-01 -9.450497031211853027e-01 -3.635941999492607657e+00
6.751886010169982910e-01 6.722000837326049805e-01 -3.037552237510681152e-01 -1.035438100576872911e+00
0.000000000000000000e+00 0.000000000000000000e+00 0.000000000000000000e+00 1.000000000000000000e+00
6.525231599807739258e-01 -7.556574344635009766e-01 -5.652242898941040039e-02 -2.547786342853918251e-01
-3.777651190757751465e-01 -2.597309648990631104e-01 -8.887256383895874023e-01 -3.275242795432596665e+00
6.568917036056518555e-01 6.012664437294006348e-01 -4.549417197704315186e-01 -1.609260075942366752e+00
0.000000000000000000e+00 0.000000000000000000e+00 0.000000000000000000e+00 1.000000000000000000e+00
6.416980028152465820e-01 -7.658072113990783691e-01 4.199278354644775391e-02 1.637235279740897886e-01
-4.433263838291168213e-01 -4.150446951389312744e-01 -7.944808006286621094e-01 -2.729305776389762350e+00
6.258477568626403809e-01 4.912000000476837158e-01 -6.058357357978820801e-01 -2.131234395339806742e+00
0.000000000000000000e+00 0.000000000000000000e+00 0.000000000000000000e+00 1.000000000000000000e+00
6.262788176536560059e-01 -7.701026201248168945e-01 1.213122904300689697e-01 4.804592217028075263e-01
-5.110784173011779785e-01 -5.230717658996582031e-01 -6.820517778396606445e-01 -2.153154573603738076e+00
5.887047648429870605e-01 3.651544153690338135e-01 -7.211713790893554688e-01 -2.469452224506046178e+00
0.000000000000000000e+00 0.000000000000000000e+00 0.000000000000000000e+00 1.000000000000000000e+00
6.264767646789550781e-01 -7.647156119346618652e-01 1.507856994867324829e-01 5.794775275168111417e-01
-5.693868994712829590e-01 -5.811116695404052734e-01 -5.814699530601501465e-01 -1.702326103491287546e+00
5.322827696800231934e-01 2.784221172332763672e-01 -7.994722127914428711e-01 -2.681795544393533515e+00
0.000000000000000000e+00 0.000000000000000000e+00 0.000000000000000000e+00 1.000000000000000000e+00
6.117547154426574707e-01 -7.794097661972045898e-01 1.351889669895172119e-01 4.794297744119160321e-01
-6.607494354248046875e-01 -5.974351763725280762e-01 -4.544017314910888672e-01 -1.234547317968188063e+00
4.349318444728851318e-01 1.886563003063201904e-01 -8.804786801338195801e-01 -2.902456980928093788e+00
0.000000000000000000e+00 0.000000000000000000e+00 0.000000000000000000e+00 1.000000000000000000e+00
5.941721200942993164e-01 -7.868601083755493164e-01 1.667636185884475708e-01 5.317078300206691255e-01
-7.118347287178039551e-01 -6.109466552734375000e-01 -3.464609086513519287e-01 -8.257550586550085336e-01
3.745000958442687988e-01 8.714926242828369141e-02 -9.231220483779907227e-01 -2.990891433689833789e+00
0.000000000000000000e+00 0.000000000000000000e+00 0.000000000000000000e+00 1.000000000000000000e+00
5.831580758094787598e-01 -7.831458449363708496e-01 2.158920019865036011e-01 6.464142200989732023e-01
-7.528235316276550293e-01 -6.208506822586059570e-01 -2.186347991228103638e-01 -3.267133467814474224e-01
3.052595555782318115e-01 -3.502995148301124573e-02 -9.516244530677795410e-01 -3.022578608988883087e+00
0.000000000000000000e+00 0.000000000000000000e+00 0.000000000000000000e+00 1.000000000000000000e+00
5.705191493034362793e-01 -7.899096012115478516e-01 2.248341888189315796e-01 6.571130514118270760e-01
-7.820714116096496582e-01 -6.061055064201354980e-01 -1.449148952960968018e-01 -5.790833499440459914e-02
2.507429420948028564e-01 -9.315969049930572510e-02 -9.635607004165649414e-01 -3.034100442588065771e+00
0.000000000000000000e+00 0.000000000000000000e+00 0.000000000000000000e+00 1.000000000000000000e+00
5.430954694747924805e-01 -8.079183101654052734e-01 2.287251204252243042e-01 6.315885719938097997e-01
-8.280045986175537109e-01 -5.605475902557373047e-01 -1.395153068006038666e-02 4.014832129989080456e-01
1.394829601049423218e-01 -1.818085014820098877e-01 -9.733911156654357910e-01 -3.035163718685567780e+00
0.000000000000000000e+00 0.000000000000000000e+00 0.000000000000000000e+00 1.000000000000000000e+00
5.313630104064941406e-01 -8.154685497283935547e-01 2.294868677854537964e-01 5.955289490368589345e-01
-8.469253182411193848e-01 -5.175205469131469727e-01 1.220251247286796570e-01 8.762049394587266837e-01
1.925647817552089691e-02 -2.591978907585144043e-01 -9.656322002410888672e-01 -2.978966630552672523e+00
0.000000000000000000e+00 0.000000000000000000e+00 0.000000000000000000e+00 1.000000000000000000e+00
5.342936515808105469e-01 -8.080146312713623047e-01 2.482788115739822388e-01 6.211408278056785859e-01
-8.413943648338317871e-01 -4.801704585552215576e-01 2.479748427867889404e-01 1.300731363624682890e+00
-8.115123957395553589e-02 -3.413917720317840576e-01 -9.364112615585327148e-01 -2.825968362702345971e+00
0.000000000000000000e+00 0.000000000000000000e+00 0.000000000000000000e+00 1.000000000000000000e+00
4.913470149040222168e-01 -8.300037384033203125e-01 2.639541029930114746e-01 6.616180365642482242e-01
-8.438867330551147461e-01 -3.787032365798950195e-01 3.800512850284576416e-01 1.750833952863330767e+00
-2.154837846755981445e-01 -4.094843864440917969e-01 -8.865039348602294922e-01 -2.573826493487433531e+00
0.000000000000000000e+00 0.000000000000000000e+00 0.000000000000000000e+00 1.000000000000000000e+00
4.715956449508666992e-01 -8.348277807235717773e-01 2.840070128440856934e-01 7.328457297361973266e-01
-8.245416283607482910e-01 -3.032905459403991699e-01 4.776461720466613770e-01 2.084453246834236051e+00
-3.126156926155090332e-01 -4.594314098358154297e-01 -8.313807845115661621e-01 -2.332747338467035192e+00
0.000000000000000000e+00 0.000000000000000000e+00 0.000000000000000000e+00 1.000000000000000000e+00
4.475103318691253662e-01 -8.451046943664550781e-01 2.924590706825256348e-01 8.103137960782572646e-01
-8.045111298561096191e-01 -2.376452237367630005e-01 5.443219542503356934e-01 2.306903542725966538e+00
-3.905077278614044189e-01 -4.788762927055358887e-01 -7.862449884414672852e-01 -2.131051660261284564e+00
0.000000000000000000e+00 0.000000000000000000e+00 0.000000000000000000e+00 1.000000000000000000e+00
4.065270423889160156e-01 -8.671986460685729980e-01 2.875797152519226074e-01 8.740089747132399056e-01
-7.848502397537231445e-01 -1.703400760889053345e-01 5.958142876625061035e-01 2.454309442581483314e+00
-4.677030742168426514e-01 -4.679216444492340088e-01 -7.498689889907836914e-01 -1.926016949876982798e+00
0.000000000000000000e+00 0.000000000000000000e+00 0.000000000000000000e+00 1.000000000000000000e+00
3.634336590766906738e-01 -8.901534676551818848e-01 2.748501300811767578e-01 9.365502041444402348e-01
-7.764602303504943848e-01 -1.263942122459411621e-01 6.173602938652038574e-01 2.480241554158917783e+00
-5.148059725761413574e-01 -4.377797842025756836e-01 -7.371048927307128906e-01 -1.798455960503294371e+00
0.000000000000000000e+00 0.000000000000000000e+00 0.000000000000000000e+00 1.000000000000000000e+00
2.673551440238952637e-01 -9.329417347908020020e-01 2.411241829395294189e-01 9.531056848034510365e-01
-7.697170376777648926e-01 -5.622633919119834900e-02 6.359043121337890625e-01 2.465158469827497978e+00
-5.797040462493896484e-01 -3.556097149848937988e-01 -7.331335544586181641e-01 -1.705561462323427868e+00
0.000000000000000000e+00 0.000000000000000000e+00 0.000000000000000000e+00 1.000000000000000000e+00
7.287023961544036865e-02 -9.809669852256774902e-01 1.799825727939605713e-01 9.137631795346392583e-01
-7.840696573257446289e-01 5.518279597163200378e-02 6.182149052619934082e-01 2.239074702173582843e+00
-6.163802742958068848e-01 -1.861683279275894165e-01 -7.651253342628479004e-01 -1.792276102207178479e+00
0.000000000000000000e+00 0.000000000000000000e+00 0.000000000000000000e+00 1.000000000000000000e+00
-9.681575745344161987e-02 -9.818056821823120117e-01 1.633534580469131470e-01 8.858837786758219091e-01
-7.870470285415649414e-01 1.759846210479736328e-01 5.912583470344543457e-01 2.024372492656836720e+00
-6.092484593391418457e-01 -7.132373005151748657e-02 -7.897653579711914062e-01 -1.882297631942964955e+00
0.000000000000000000e+00 0.000000000000000000e+00 0.000000000000000000e+00 1.000000000000000000e+00
-2.112290859222412109e-01 -9.585996270179748535e-01 1.909677982330322266e-01 9.535440704234230402e-01
-7.478998899459838867e-01 2.843001484870910645e-01 5.998492240905761719e-01 2.081638213941652715e+00
-6.293075084686279297e-01 -1.611912995576858521e-02 -7.769892215728759766e-01 -1.811552569692302050e+00
0.000000000000000000e+00 0.000000000000000000e+00 0.000000000000000000e+00 1.000000000000000000e+00
-2.648164629936218262e-01 -9.519179463386535645e-01 1.540268063545227051e-01 9.296835516308392666e-01
-7.039905786514282227e-01 3.000054657459259033e-01 6.437342762947082520e-01 2.272730297357557827e+00
-6.589912176132202148e-01 6.203800439834594727e-02 -7.495878338813781738e-01 -1.688129706448030287e+00
0.000000000000000000e+00 0.000000000000000000e+00 0.000000000000000000e+00 1.000000000000000000e+00
-3.517800569534301758e-01 -9.272662997245788574e-01 1.281709074974060059e-01 1.000094194799147518e+00
-6.913534402847290039e-01 3.496753573417663574e-01 6.322639584541320801e-01 2.198906119272386661e+00
-6.310952901840209961e-01 1.338065415620803833e-01 -7.640776038169860840e-01 -1.630923210375959886e+00
0.000000000000000000e+00 0.000000000000000000e+00 0.000000000000000000e+00 1.000000000000000000e+00
2.134059816598892212e-01 -9.264058470726013184e-01 3.102099299430847168e-01 9.259836127119716043e-01
-7.322139143943786621e-01 5.854377523064613342e-02 6.785538792610168457e-01 2.453884052778713354e+00
-6.467772126197814941e-01 -3.719474971294403076e-01 -6.658336520195007324e-01 -1.385064967585357687e+00
0.000000000000000000e+00 0.000000000000000000e+00 0.000000000000000000e+00 1.000000000000000000e+00
5.231146812438964844e-01 -7.938466668128967285e-01 3.100941777229309082e-01 7.049983719991838038e-01
-7.668861746788024902e-01 -2.797180116176605225e-01 5.776187181472778320e-01 2.337808588079810956e+00
-3.718018233776092529e-01 -5.399677157402038574e-01 -7.551146745681762695e-01 -2.150405507421352169e+00
0.000000000000000000e+00 0.000000000000000000e+00 0.000000000000000000e+00 1.000000000000000000e+00
5.854843854904174805e-01 -7.435376048088073730e-01 3.230476677417755127e-01 7.204947431585745354e-01
-7.730157971382141113e-01 -3.919830918312072754e-01 4.987943768501281738e-01 2.102478147679494036e+00
-2.442431449890136719e-01 -5.417571663856506348e-01 -8.042662739753723145e-01 -2.522303534540010439e+00
0.000000000000000000e+00 0.000000000000000000e+00 0.000000000000000000e+00 1.000000000000000000e+00
5.995437502861022949e-01 -7.453477382659912109e-01 2.915541529655456543e-01 6.010653655744009338e-01
-7.703293561935424805e-01 -4.385852217674255371e-01 4.628558754920959473e-01 1.995115435969879059e+00
-2.171173095703125000e-01 -5.020950436592102051e-01 -8.371143937110900879e-01 -2.726174970477651893e+00
0.000000000000000000e+00 0.000000000000000000e+00 0.000000000000000000e+00 1.000000000000000000e+00
6.217364668846130371e-01 -7.509858608245849609e-01 2.224051356315612793e-01 3.330287190788467355e-01
-7.614188790321350098e-01 -5.130038857460021973e-01 3.963182270526885986e-01 1.754462464389942467e+00
-1.835346966981887817e-01 -4.157489836215972900e-01 -8.907681107521057129e-01 -3.000136717570275113e+00
0.000000000000000000e+00 0.000000000000000000e+00 0.000000000000000000e+00 1.000000000000000000e+00
6.373238563537597656e-01 -7.549754381179809570e-01 1.543702781200408936e-01 6.570991787546663632e-02
-7.464256286621093750e-01 -5.550408959388732910e-01 3.671213686466217041e-01 1.663953145087873065e+00
-1.914859116077423096e-01 -3.492011129856109619e-01 -9.172740578651428223e-01 -3.159250757473109683e+00
0.000000000000000000e+00 0.000000000000000000e+00 0.000000000000000000e+00 1.000000000000000000e+00
6.500947475433349609e-01 -7.555095553398132324e-01 8.112954348325729370e-02 -2.338368545106410124e-01
-7.323918938636779785e-01 -5.945739150047302246e-01 3.317887187004089355e-01 1.535282154197582294e+00
-2.024321109056472778e-01 -2.751126885414123535e-01 -9.398586153984069824e-01 -3.297307803729413678e+00
0.000000000000000000e+00 0.000000000000000000e+00 0.000000000000000000e+00 1.000000000000000000e+00
6.655821204185485840e-01 -7.457023262977600098e-01 3.046812862157821655e-02 -4.605941663527658436e-01
-7.229267954826354980e-01 -6.340363025665283203e-01 2.745443284511566162e-01 1.314954343107685109e+00
-1.854104846715927124e-01 -2.047580182552337646e-01 -9.610916376113891602e-01 -3.431618880080729461e+00
0.000000000000000000e+00 0.000000000000000000e+00 0.000000000000000000e+00 1.000000000000000000e+00
7.080552577972412109e-01 -7.048639059066772461e-01 -4.271243512630462646e-02 -8.214445335918746371e-01
-6.837244033813476562e-01 -6.994317173957824707e-01 2.081246376037597656e-01 1.047499929063729907e+00
-1.765740513801574707e-01 -1.181601583957672119e-01 -9.771692752838134766e-01 -3.551432775126548869e+00
0.000000000000000000e+00 0.000000000000000000e+00 0.000000000000000000e+00 1.000000000000000000e+00
7.435880899429321289e-01 -6.636600494384765625e-01 -8.143579214811325073e-02 -1.030948961853671131e+00
-6.490107774734497070e-01 -7.456805706024169922e-01 1.508149057626724243e-01 8.043030014652930992e-01
-1.608149707317352295e-01 -5.929140374064445496e-02 -9.852020144462585449e-01 -3.625708929877162756e+00
0.000000000000000000e+00 0.000000000000000000e+00 0.000000000000000000e+00 1.000000000000000000e+00
7.673609852790832520e-01 -6.260845065116882324e-01 -1.384736001491546631e-01 -1.315363810188844962e+00
-6.240480542182922363e-01 -7.788304090499877930e-01 6.314217299222946167e-02 4.418666733051415663e-01
-1.473797857761383057e-01 3.796140104532241821e-02 -9.883512258529663086e-01 -3.676946179255561553e+00
0.000000000000000000e+00 0.000000000000000000e+00 0.000000000000000000e+00 1.000000000000000000e+00
