-0.8529447317123413 -0.3339062929153442 -0.4012374579906464 0.1744762063026428 
-0.3905953168869019 0.9181774258613586 0.06622277945280075 0.004875785671174526 
0.3462949693202972 0.213205873966217 -0.9135769009590149 0.2790350914001465 
0 0 0 1 

-0.7777830362319946 -0.326180636882782 -0.5372709035873413 0.2175302654504776 
-0.4067832827568054 0.9128664135932922 0.03467473387718201 0.0176957231014967 
0.4791463017463684 0.24552221596241 -0.8426969051361084 0.2508189082145691 
0 0 0 1 

-0.7005139589309692 -0.3193036317825317 -0.6382200121879578 0.2481271624565125 
-0.4574054479598999 0.8873580098152161 0.05810287594795227 0.01180494576692581 
0.5477771759033203 0.3326272666454315 -0.767657995223999 0.2249133735895157 
0 0 0 1 

-0.6399781107902527 -0.2955372929573059 -0.7092849612236023 0.2694871425628662 
-0.518744945526123 0.8471488356590271 0.1150757744908333 -0.005971204955130816 
0.5668607354164124 0.441584050655365 -0.6954652667045593 0.2012108564376831 
0 0 0 1 

-0.6316914558410645 -0.2870243191719055 -0.7201269865036011 0.2751339673995972 
-0.5671333074569702 0.8044111728668213 0.1768684387207031 -0.0263799112290144 
0.5285126566886902 0.5201342701911926 -0.6709206700325012 0.1909597665071487 
0 0 0 1 

-0.6778285503387451 -0.3482179045677185 -0.6475280523300171 0.2550717890262604 
-0.6038808822631836 0.7660609483718872 0.2201782613992691 -0.03719431534409523 
0.4193759858608246 0.5402729511260986 -0.7295401096343994 0.2141615450382233 
0 0 0 1 

-0.7252345681190491 -0.3819345235824585 -0.572853147983551 0.2315486669540405 
-0.6152911782264709 0.7328895330429077 0.2903268039226532 -0.06121132522821426 
0.3089522123336792 0.5630265474319458 -0.7665177583694458 0.2306932657957077 
0 0 0 1 

-0.7517318725585938 -0.3932183980941772 -0.5294129848480225 0.2176047414541245 
-0.6178601384162903 0.7005906105041504 0.3569616973400116 -0.08361098170280457 
0.2305378466844559 0.5954427719116211 -0.7696102857589722 0.2350180596113205 
0 0 0 1 

-0.7810716032981873 -0.402061402797699 -0.4777799844741821 0.2009102404117584 
-0.6065080165863037 0.6705206632614136 0.4272587597370148 -0.1087660416960716 
0.1485771387815475 0.6234970688819885 -0.7675781846046448 0.2381961792707443 
0 0 0 1 

-0.8125412464141846 -0.3899863362312317 -0.4332294464111328 0.1853734254837036 
-0.5754479765892029 0.6551634669303894 0.4895104765892029 -0.1309535354375839 
0.09293373674154282 0.6470483541488647 -0.7567642331123352 0.235957607626915 
0 0 0 1 

