1.000000000000000000e+00 0.000000000000000000e+00 0.000000000000000000e+00 -3.619798645377159119e-02
0.000000000000000000e+00 1.000000000000000000e+00 0.000000000000000000e+00 -1.327119767665863037e-03
0.000000000000000000e+00 0.000000000000000000e+00 1.000000000000000000e+00 -2.960163652896881104e-01
0.000000000000000000e+00 0.000000000000000000e+00 0.000000000000000000e+00 1.000000000000000000e+00
9.905592799186706543e-01 1.364324539899826050e-01 1.334720104932785034e-02 -4.352230206131935120e-02
-1.355025023221969604e-01 9.892272353172302246e-01 -5.539569258689880371e-02 2.770827524363994598e-02
-2.076122350990772247e-02 5.306414142251014709e-02 9.983751773834228516e-01 -2.968199551105499268e-01
0.000000000000000000e+00 0.000000000000000000e+00 0.000000000000000000e+00 1.000000000000000000e+00
9.716058969497680664e-01 2.344235926866531372e-01 3.205261379480361938e-02 -4.953568801283836365e-02
-2.303393632173538208e-01 9.681265950202941895e-01 -9.835778176784515381e-02 5.145851150155067444e-02
-5.408846214413642883e-02 8.818199485540390015e-02 9.946349263191223145e-01 -2.948281466960906982e-01
0.000000000000000000e+00 0.000000000000000000e+00 0.000000000000000000e+00 1.000000000000000000e+00
9.431270956993103027e-01 3.309407234191894531e-01 3.145665302872657776e-02 -4.827291890978813171e-02
-3.235751986503601074e-01 9.355770945549011230e-01 -1.414019167423248291e-01 7.337817549705505371e-02
-7.622587680816650391e-02 1.231813877820968628e-01 9.894525408744812012e-01 -2.918806672096252441e-01
0.000000000000000000e+00 0.000000000000000000e+00 0.000000000000000000e+00 1.000000000000000000e+00
8.955792784690856934e-01 4.448984861373901367e-01 1.698645297437906265e-03 -3.389821946620941162e-02
-4.385991096496582031e-01 8.835261464118957520e-01 -1.643527299165725708e-01 8.731366693973541260e-02
-7.462110370397567749e-02 1.464458853006362915e-01 9.864003062248229980e-01 -2.911469936370849609e-01
0.000000000000000000e+00 0.000000000000000000e+00 0.000000000000000000e+00 1.000000000000000000e+00
8.316656351089477539e-01 5.551586151123046875e-01 -1.143925357609987259e-02 -2.376814559102058411e-02
-5.471084117889404297e-01 8.157378435134887695e-01 -1.877329498529434204e-01 1.009778156876564026e-01
-9.489021450281143188e-02 1.623895466327667236e-01 9.821535944938659668e-01 -2.894446849822998047e-01
0.000000000000000000e+00 0.000000000000000000e+00 0.000000000000000000e+00 1.000000000000000000e+00
7.581328749656677246e-01 6.502286195755004883e-01 -4.936658963561058044e-02 -5.280063487589359283e-03
-6.479098796844482422e-01 7.425317168235778809e-01 -1.698809117078781128e-01 9.926421940326690674e-02
-7.380525767803192139e-02 1.607773900032043457e-01 9.842273592948913574e-01 -2.926615178585052490e-01
0.000000000000000000e+00 0.000000000000000000e+00 0.000000000000000000e+00 1.000000000000000000e+00
6.964756250381469727e-01 7.141477465629577637e-01 -7.010307163000106812e-02 5.089268088340759277e-03
-7.170110344886779785e-01 6.887048482894897461e-01 -1.076111868023872375e-01 7.948655635118484497e-02
-2.857002988457679749e-02 1.252132654190063477e-01 9.917185306549072266e-01 -2.998167574405670166e-01
0.000000000000000000e+00 0.000000000000000000e+00 0.000000000000000000e+00 1.000000000000000000e+00
5.874439477920532227e-01 8.083161115646362305e-01 -3.916676715016365051e-02 -9.265095577575266361e-04
-8.085049390792846680e-01 5.841084718704223633e-01 -7.167253643274307251e-02 6.821608543395996094e-02
-3.505644947290420532e-02 7.377011328935623169e-02 9.966591000556945801e-01 -3.069405257701873779e-01
0.000000000000000000e+00 0.000000000000000000e+00 0.000000000000000000e+00 1.000000000000000000e+00
5.009596943855285645e-01 8.644279837608337402e-01 -4.246636852622032166e-02 4.815703723579645157e-03
-8.650152087211608887e-01 4.985018074512481689e-01 -5.696180090308189392e-02 6.401360780000686646e-02
-2.806982211768627167e-02 6.526964902877807617e-02 9.974729418754577637e-01 -3.106393218040466309e-01
0.000000000000000000e+00 0.000000000000000000e+00 0.000000000000000000e+00 1.000000000000000000e+00
4.011102914810180664e-01 9.143043756484985352e-01 -5.619275569915771484e-02 1.416197512298822403e-02
-9.158387780189514160e-01 4.015238583087921143e-01 -4.223964177072048187e-03 4.529347643256187439e-02
1.870073191821575165e-02 5.315779149532318115e-02 9.984109401702880859e-01 -3.149743378162384033e-01
0.000000000000000000e+00 0.000000000000000000e+00 0.000000000000000000e+00 1.000000000000000000e+00
2.924028635025024414e-01 9.544767141342163086e-01 -5.894277617335319519e-02 1.991321146488189697e-02
-9.552159309387207031e-01 2.944448888301849365e-01 2.940339967608451843e-02 3.242099657654762268e-02
4.542025551199913025e-02 4.770545288920402527e-02 9.978278875350952148e-01 -3.174342513084411621e-01
0.000000000000000000e+00 0.000000000000000000e+00 0.000000000000000000e+00 1.000000000000000000e+00
1.787310093641281128e-01 9.819424152374267578e-01 -6.199963763356208801e-02 2.610282041132450104e-02
-9.816638231277465820e-01 1.822148710489273071e-01 5.598003789782524109e-02 2.278487384319305420e-02
6.626643240451812744e-02 5.085746943950653076e-02 9.965050220489501953e-01 -3.184290230274200439e-01
0.000000000000000000e+00 0.000000000000000000e+00 0.000000000000000000e+00 1.000000000000000000e+00
1.048864498734474182e-01 9.919173717498779297e-01 -7.140654325485229492e-02 3.221950680017471313e-02
-9.900149703025817871e-01 1.109452843666076660e-01 8.695804327726364136e-02 1.124861836433410645e-02
9.417735785245895386e-02 6.157279759645462036e-02 9.936495423316955566e-01 -3.178263306617736816e-01
0.000000000000000000e+00 0.000000000000000000e+00 0.000000000000000000e+00 1.000000000000000000e+00
2.053332701325416565e-02 9.967361688613891602e-01 -7.807257771492004395e-02 3.926764056086540222e-02
-9.972105026245117188e-01 2.602275274693965912e-02 6.995689123868942261e-02 1.866427436470985413e-02
7.176022976636886597e-02 7.641835510730743408e-02 9.944902062416076660e-01 -3.119098842144012451e-01
0.000000000000000000e+00 0.000000000000000000e+00 0.000000000000000000e+00 1.000000000000000000e+00
-9.291737526655197144e-02 8.723043799400329590e-01 -4.800534546375274658e-01 1.776358485221862793e-01
-9.906980395317077637e-01 -3.285755217075347900e-02 1.320505589246749878e-01 -1.262390869669616222e-03
9.941480308771133423e-02 4.878579974174499512e-01 8.672434091567993164e-01 -2.633241117000579834e-01
0.000000000000000000e+00 0.000000000000000000e+00 0.000000000000000000e+00 1.000000000000000000e+00
-1.653621196746826172e-01 8.469963669776916504e-01 -5.052255392074584961e-01 1.875070929527282715e-01
-9.779425859451293945e-01 -7.453902810811996460e-02 1.951215416193008423e-01 -2.371979132294654846e-02
1.276081502437591553e-01 5.263473391532897949e-01 8.406394720077514648e-01 -2.555060684680938721e-01
0.000000000000000000e+00 0.000000000000000000e+00 0.000000000000000000e+00 1.000000000000000000e+00
-1.302337050437927246e-01 7.764269113540649414e-01 -6.166043281555175781e-01 2.162544727325439453e-01
-9.912712574005126953e-01 -1.148267313838005066e-01 6.477810442447662354e-02 1.838933676481246948e-02
-2.050717175006866455e-02 6.196582317352294922e-01 7.846038341522216797e-01 -2.305029481649398804e-01
0.000000000000000000e+00 0.000000000000000000e+00 0.000000000000000000e+00 1.000000000000000000e+00
-8.920993655920028687e-02 6.884171366691589355e-01 -7.198081612586975098e-01 2.394684255123138428e-01
-9.945899844169616699e-01 -2.295722067356109619e-02 1.013090834021568298e-01 9.889044798910617828e-03
5.321807786822319031e-02 7.249515652656555176e-01 6.867407560348510742e-01 -2.097159177064895630e-01
0.000000000000000000e+00 0.000000000000000000e+00 0.000000000000000000e+00 1.000000000000000000e+00
-6.431636959314346313e-02 5.178085565567016602e-01 -8.530758023262023926e-01 2.778399288654327393e-01
-9.848770499229431152e-01 1.048721298575401306e-01 1.379097253084182739e-01 -1.039940281771123409e-03
1.608746349811553955e-01 8.490442633628845215e-01 5.032325983047485352e-01 -1.527811586856842041e-01
0.000000000000000000e+00 0.000000000000000000e+00 0.000000000000000000e+00 1.000000000000000000e+00
-1.251090019941329956e-01 3.864563405513763428e-01 -9.137828946113586426e-01 2.951231896877288818e-01
-9.849112033843994141e-01 6.262437254190444946e-02 1.613324880599975586e-01 -1.257980428636074066e-02
1.195730119943618774e-01 9.201791286468505859e-01 3.727903962135314941e-01 -1.073209568858146667e-01
0.000000000000000000e+00 0.000000000000000000e+00 0.000000000000000000e+00 1.000000000000000000e+00
-1.933491975069046021e-01 2.930933535099029541e-01 -9.363291859626770020e-01 3.036136925220489502e-01
-9.746903777122497559e-01 5.178300291299819946e-02 2.174799442291259766e-01 -3.072013519704341888e-02
1.122279092669487000e-01 9.546806216239929199e-01 2.756629586219787598e-01 -7.648843526840209961e-02
0.000000000000000000e+00 0.000000000000000000e+00 0.000000000000000000e+00 1.000000000000000000e+00
-2.751949429512023926e-01 1.720515340566635132e-01 -9.458677768707275391e-01 3.099448680877685547e-01
-9.589905142784118652e-01 2.031857706606388092e-02 2.827088236808776855e-01 -5.198976770043373108e-02
6.785916537046432495e-02 9.848784208297729492e-01 1.594043672084808350e-01 -3.720887750387191772e-02
0.000000000000000000e+00 0.000000000000000000e+00 0.000000000000000000e+00 1.000000000000000000e+00
-1.906920969486236572e-01 -8.114098906517028809e-01 -5.524948239326477051e-01 1.797535568475723267e-01
-9.523907303810119629e-01 1.653544418513774872e-02 3.044308125972747803e-01 -5.624499544501304626e-02
-2.378824055194854736e-01 5.842436552047729492e-01 -7.759325504302978516e-01 2.738316059112548828e-01
0.000000000000000000e+00 0.000000000000000000e+00 0.000000000000000000e+00 1.000000000000000000e+00
-1.884940713644027710e-01 -8.185083866119384766e-01 -5.426915884017944336e-01 1.754593998193740845e-01
-9.708975553512573242e-01 7.217878103256225586e-02 2.283605486154556274e-01 -3.253519162535667419e-02
-1.477441787719726562e-01 5.699424743652343750e-01 -8.082929253578186035e-01 2.792063355445861816e-01
0.000000000000000000e+00 0.000000000000000000e+00 0.000000000000000000e+00 1.000000000000000000e+00
-9.851054847240447998e-02 -8.217948675155639648e-01 -5.612025856971740723e-01 1.738770753145217896e-01
-9.912226796150207520e-01 3.107010573148727417e-02 1.284974813461303711e-01 1.435426645912230015e-03
-8.816209435462951660e-02 5.689353942871093750e-01 -8.176423907279968262e-01 2.783418297767639160e-01
0.000000000000000000e+00 0.000000000000000000e+00 0.000000000000000000e+00 1.000000000000000000e+00
1.761110126972198486e-02 -8.343189358711242676e-01 -5.510004758834838867e-01 1.606659293174743652e-01
-9.997040033340454102e-01 -2.393976971507072449e-02 4.297223873436450958e-03 4.317662119865417480e-02
-1.677615568041801453e-02 5.507617592811584473e-01 -8.344935178756713867e-01 2.785453498363494873e-01
0.000000000000000000e+00 0.000000000000000000e+00 0.000000000000000000e+00 1.000000000000000000e+00
5.409784615039825439e-02 -8.423920869827270508e-01 -5.361425280570983887e-01 1.527600288391113281e-01
-9.929066896438598633e-01 1.155031006783246994e-02 -1.183342337608337402e-01 8.252194523811340332e-02
1.058764308691024780e-01 5.387410521507263184e-01 -8.357918262481689453e-01 2.705197036266326904e-01
0.000000000000000000e+00 0.000000000000000000e+00 0.000000000000000000e+00 1.000000000000000000e+00
3.061660006642341614e-02 -8.540861606597900391e-01 -5.192296504974365234e-01 1.511470377445220947e-01
-9.794996380805969238e-01 7.784122973680496216e-02 -1.857986152172088623e-01 9.590220451354980469e-02
1.991055607795715332e-01 5.142737627029418945e-01 -8.341940045356750488e-01 2.665280401706695557e-01
0.000000000000000000e+00 0.000000000000000000e+00 0.000000000000000000e+00 1.000000000000000000e+00
-4.112770035862922668e-02 -8.528255224227905273e-01 -5.205736160278320312e-01 1.597132086753845215e-01
-9.930081367492675781e-01 9.258729219436645508e-02 -7.322778552770614624e-02 5.961733311414718628e-02
1.106489673256874084e-01 5.139222741127014160e-01 -8.506706357002258301e-01 2.867049574851989746e-01
0.000000000000000000e+00 0.000000000000000000e+00 0.000000000000000000e+00 1.000000000000000000e+00
-5.247244238853454590e-02 -8.389135003089904785e-01 -5.417292118072509766e-01 1.658528298139572144e-01
-9.943571686744689941e-01 -6.191005464643239975e-03 1.059022843837738037e-01 3.125132760033011436e-03
-9.219680726528167725e-02 5.442293882369995117e-01 -8.338546752929687500e-01 2.996582090854644775e-01
0.000000000000000000e+00 0.000000000000000000e+00 0.000000000000000000e+00 1.000000000000000000e+00
1.181872412562370300e-01 -8.232035636901855469e-01 -5.553084015846252441e-01 1.568910777568817139e-01
-9.883638024330139160e-01 -1.514475345611572266e-01 1.415517926216125488e-02 3.216647729277610779e-02
-9.575278311967849731e-02 5.471737980842590332e-01 -8.315235972404479980e-01 3.017100989818572998e-01
0.000000000000000000e+00 0.000000000000000000e+00 0.000000000000000000e+00 1.000000000000000000e+00
2.132866233587265015e-01 -7.727966308593750000e-01 -5.977410078048706055e-01 1.565572619438171387e-01
-9.491463303565979004e-01 -3.089243173599243164e-01 6.072092428803443909e-02 1.634357124567031860e-02
-2.315816134214401245e-01 5.543926954269409180e-01 -7.993865609169006348e-01 2.974204719066619873e-01
0.000000000000000000e+00 0.000000000000000000e+00 0.000000000000000000e+00 1.000000000000000000e+00
3.239463567733764648e-01 -7.088946700096130371e-01 -6.265198588371276855e-01 1.499852836132049561e-01
-9.144023060798645020e-01 -4.045253992080688477e-01 -1.508536841720342636e-02 3.860989212989807129e-02
-2.427492886781692505e-01 5.777780413627624512e-01 -7.792593240737915039e-01 2.862592339515686035e-01
0.000000000000000000e+00 0.000000000000000000e+00 0.000000000000000000e+00 1.000000000000000000e+00
3.505011498928070068e-01 -7.033191919326782227e-01 -6.184586882591247559e-01 1.446515470743179321e-01
-9.238040447235107422e-01 -3.682518899440765381e-01 -1.047696992754936218e-01 6.799925863742828369e-02
-1.540620476007461548e-01 6.080564856529235840e-01 -7.788016796112060547e-01 2.776032090187072754e-01
0.000000000000000000e+00 0.000000000000000000e+00 0.000000000000000000e+00 1.000000000000000000e+00
3.675112128257751465e-01 -6.906403303146362305e-01 -6.228573322296142578e-01 1.451391428709030151e-01
-9.267324805259704590e-01 -3.282061815261840820e-01 -1.828861236572265625e-01 9.273440390825271606e-02
-7.811719924211502075e-02 6.444348096847534180e-01 -7.606583237648010254e-01 2.655199468135833740e-01
0.000000000000000000e+00 0.000000000000000000e+00 0.000000000000000000e+00 1.000000000000000000e+00
5.309070348739624023e-01 -5.876159667968750000e-01 -6.106105446815490723e-01 1.360339075326919556e-01
-8.434624671936035156e-01 -4.360558092594146729e-01 -3.137298822402954102e-01 1.282914280891418457e-01
-8.190758526325225830e-02 6.815884709358215332e-01 -7.271370291709899902e-01 2.536765336990356445e-01
0.000000000000000000e+00 0.000000000000000000e+00 0.000000000000000000e+00 1.000000000000000000e+00
6.774815320968627930e-01 -4.086363315582275391e-01 -6.115839481353759766e-01 1.317649930715560913e-01
-7.146263718605041504e-01 -5.625427365303039551e-01 -4.157574474811553955e-01 1.576629579067230225e-01
-1.741486042737960815e-01 7.187221050262451172e-01 -6.731345057487487793e-01 2.506921589374542236e-01
0.000000000000000000e+00 0.000000000000000000e+00 0.000000000000000000e+00 1.000000000000000000e+00
6.982391476631164551e-01 -3.227061629295349121e-01 -6.390013694763183594e-01 1.371270418167114258e-01
-6.530240774154663086e-01 -6.528460383415222168e-01 -3.838635087013244629e-01 1.465972065925598145e-01
-2.932944893836975098e-01 6.853118538856506348e-01 -6.665774583816528320e-01 2.600071728229522705e-01
0.000000000000000000e+00 0.000000000000000000e+00 0.000000000000000000e+00 1.000000000000000000e+00
7.416157722473144531e-01 -2.412224113941192627e-01 -6.259534955024719238e-01 1.376892626285552979e-01
-5.797501802444458008e-01 -6.999098062515258789e-01 -4.171522557735443115e-01 1.493527591228485107e-01
-3.374845683574676514e-01 6.722633242607116699e-01 -6.589128971099853516e-01 2.570278346538543701e-01
0.000000000000000000e+00 0.000000000000000000e+00 0.000000000000000000e+00 1.000000000000000000e+00
7.280725240707397461e-01 -2.247951477766036987e-01 -6.475936770439147949e-01 1.522011309862136841e-01
-5.477765798568725586e-01 -7.587529420852661133e-01 -3.524695932865142822e-01 1.213936433196067810e-01
-4.121301174163818359e-01 6.113600730895996094e-01 -6.755645871162414551e-01 2.667479813098907471e-01
0.000000000000000000e+00 0.000000000000000000e+00 0.000000000000000000e+00 1.000000000000000000e+00
7.136013507843017578e-01 -3.200148940086364746e-01 -6.231882572174072266e-01 1.530215591192245483e-01
-5.940440893173217773e-01 -7.479325532913208008e-01 -2.961563169956207275e-01 9.981238096952438354e-02
-3.713283836841583252e-01 5.815388560295104980e-01 -7.238286137580871582e-01 2.792456448078155518e-01
0.000000000000000000e+00 0.000000000000000000e+00 0.000000000000000000e+00 1.000000000000000000e+00
8.063839673995971680e-01 -1.564231663942337036e-01 -5.703302621841430664e-01 1.398939639329910278e-01
-5.277052521705627441e-01 -6.256650686264038086e-01 -5.745170712471008301e-01 1.873023509979248047e-01
-2.669680118560791016e-01 7.642477154731750488e-01 -5.870717167854309082e-01 2.404937446117401123e-01
0.000000000000000000e+00 0.000000000000000000e+00 0.000000000000000000e+00 1.000000000000000000e+00
8.439387679100036621e-01 -8.728148043155670166e-02 -5.292912721633911133e-01 1.253875195980072021e-01
-4.800978899002075195e-01 -5.630703568458557129e-01 -6.726496219635009766e-01 2.197255343198776245e-01
-2.393184304237365723e-01 8.217867612838745117e-01 -5.171005725860595703e-01 2.161917686462402344e-01
0.000000000000000000e+00 0.000000000000000000e+00 0.000000000000000000e+00 1.000000000000000000e+00
8.805667161941528320e-01 -3.984910622239112854e-02 -4.722439050674438477e-01 1.050716489553451538e-01
-4.275818765163421631e-01 -4.965510368347167969e-01 -7.553877234458923340e-01 2.470686882734298706e-01
-2.043917179107666016e-01 8.670921921730041504e-01 -4.542850852012634277e-01 1.936412304639816284e-01
0.000000000000000000e+00 0.000000000000000000e+00 0.000000000000000000e+00 1.000000000000000000e+00
9.130886793136596680e-01 2.883031405508518219e-02 -4.067405462265014648e-01 8.244328945875167847e-02
-3.619934618473052979e-01 -4.018440246582031250e-01 -8.411194682121276855e-01 2.752609848976135254e-01
-1.876960247755050659e-01 9.152540564537048340e-01 -3.564828038215637207e-01 1.599294096231460571e-01
0.000000000000000000e+00 0.000000000000000000e+00 0.000000000000000000e+00 1.000000000000000000e+00
9.466876387596130371e-01 1.153833195567131042e-01 -3.007807731628417969e-01 5.084312334656715393e-02
-2.590451836585998535e-01 -2.823987603187561035e-01 -9.236593246459960938e-01 2.974804937839508057e-01
-1.915150135755538940e-01 9.523326754570007324e-01 -2.374539226293563843e-01 1.185296028852462769e-01
0.000000000000000000e+00 0.000000000000000000e+00 0.000000000000000000e+00 1.000000000000000000e+00
