-0.1099201291799545 0.7101593613624573 0.6954071521759033 -0.2160218805074692 
-0.9632459282875061 0.09641841053962708 -0.2507200837135315 0.1238049864768982 
-0.2451012581586838 -0.6974073648452759 0.6734599471092224 -0.2061964422464371 
0 0 0 1 

-0.1461521089076996 0.6172515153884888 0.7730717658996582 -0.2428594082593918 
-0.966076135635376 0.07914325594902039 -0.2458315044641495 0.1238008365035057 
-0.2129232585430145 -0.7827749848365784 0.5847451090812683 -0.171830415725708 
0 0 0 1 

-0.2006780356168747 0.5835561752319336 0.7868865132331848 -0.2467506974935532 
-0.9735400676727295 -0.02917071804404259 -0.2266468852758408 0.1198649778962135 
-0.1093071103096008 -0.81154865026474 0.573969304561615 -0.1667543798685074 
0 0 0 1 

-0.2513295710086823 0.4366553723812103 0.8638086318969727 -0.2638077437877655 
-0.9650079011917114 -0.04408837482333183 -0.2584874033927917 0.1312898248434067 
-0.07478589564561844 -0.8985477685928345 0.4324567914009094 -0.1176585629582405 
0 0 0 1 

-0.3370195925235748 0.3269022405147552 0.8829226493835449 -0.259242832660675 
-0.9413611888885498 -0.1329548805952072 -0.3100995719432831 0.1463727802038193 
0.01601674221456051 -0.9356589317321777 0.3525417447090149 -0.09687776118516922 
0 0 0 1 

-0.366784006357193 0.3480428755283356 0.862748920917511 -0.2448697239160538 
-0.9259059429168701 -0.2266624122858047 -0.3021959960460663 0.1412801146507263 
0.09037552773952484 -0.9096649885177612 0.4053910970687866 -0.1210906133055687 
0 0 0 1 

-0.377334862947464 0.4543395936489105 0.806965708732605 -0.2220458537340164 
-0.9225088953971863 -0.2608258724212646 -0.2845118641853333 0.1332048922777176 
0.08121258765459061 -0.8517894148826599 0.5175511837005615 -0.1624639630317688 
0 0 0 1 

-0.3813119530677795 0.1315139085054398 0.9150439500808716 -0.2523350119590759 
-0.9164521098136902 -0.1836701631546021 -0.3555009365081787 0.1535070240497589 
0.1213129758834839 -0.9741506576538086 0.1905618011951447 -0.064473956823349 
0 0 0 1 

-0.3978376984596252 -0.05274790525436401 0.915938138961792 -0.2519278824329376 
-0.9142313599586487 -0.06083367764949799 -0.4005997180938721 0.1664926558732986 
0.0768507719039917 -0.9967530965805054 -0.02402175962924957 0.001300959382206202 
0 0 0 1 

-0.3917528390884399 -0.2254436016082764 0.8920227289199829 -0.245350643992424 
-0.9199535846710205 0.08053536713123322 -0.3836655914783478 0.1640132665634155 
0.01465568784624338 -0.9709217548370361 -0.2389475554227829 0.06763113290071487 
0 0 0 1 

