1 0 0 -0.01792658120393753 
0 1 0 0.02243540808558464 
0 0 1 -0.3816788792610168 
0 0 0 1 

0.9974602460861206 0.0515461377799511 -0.04915191233158112 0.003111276775598526 
-0.05257244780659676 0.9984203577041626 -0.01982002705335617 0.02664078213274479 
0.0480526015162468 0.02235377952456474 0.9985945820808411 -0.3785633146762848 
0 0 0 1 

0.973385214805603 0.06473173946142197 -0.2198431193828583 0.07238847762346268 
-0.0709395632147789 0.9972708821296692 -0.02045290730893612 0.02760579623281956 
0.217919185757637 0.03550415858626366 0.9753207564353943 -0.369332879781723 
0 0 0 1 

0.9408936500549316 0.05909926444292068 -0.3335061967372894 0.1191182062029839 
-0.05849899351596832 0.9982171058654785 0.01185155287384987 0.0157918892800808 
0.3336119949817657 0.008358726277947426 0.94267338514328 -0.3567149043083191 
0 0 0 1 

0.9238039255142212 0.07152019441127777 -0.3761262893676758 0.1376101970672607 
-0.06048576161265373 0.9973233342170715 0.04108130559325218 0.008048547431826591 
0.3780576586723328 -0.01520074903964996 0.9256571531295776 -0.3481521010398865 
0 0 0 1 

0.6303116083145142 0.7724552154541016 -0.07758856564760208 0.02574843540787697 
-0.7462294101715088 0.6303945779800415 0.2138789147138596 -0.02439282834529877 
0.214123323559761 -0.07691146433353424 0.9737740159034729 -0.2283276617527008 
0 0 0 1 

0.6116399168968201 0.7868404388427734 -0.08233089745044708 0.02572387456893921 
-0.7740899324417114 0.616698145866394 0.1430655866861343 -0.005009650718420744 
0.163343146443367 -0.02377304807305336 0.9862828254699707 -0.2291475832462311 
0 0 0 1 

0.5703962445259094 0.8174592852592468 -0.08005298674106598 0.02255566790699959 
-0.8196664452552795 0.5727768540382385 0.008583318442106247 0.03019256144762039 
0.05286901444196701 0.06072085350751877 0.9967536330223083 -0.2288498729467392 
0 0 0 1 

0.5369168519973755 0.8407964706420898 -0.06914754956960678 0.01734134741127491 
-0.8406686782836914 0.5263614654541016 -0.1273555904626846 0.06574550271034241 
-0.0706835612654686 0.1265095323324203 0.989443838596344 -0.2239913046360016 
0 0 0 1 

0.5148049592971802 0.8535460829734802 -0.08021748811006546 0.01816923916339874 
-0.8397956490516663 0.4832616448402405 -0.2473888546228409 0.09541385620832443 
-0.1723917871713638 0.1947232931852341 0.9655899405479431 -0.2136452347040176 
0 0 0 1 

