-0.8725161552429199 -0.4297045767307281 -0.2325274795293808 0.1181622743606567 
-0.4464451372623444 0.8945375084877014 0.02212158404290676 0.02205204218626022 
0.1984988003969193 0.1231122240424156 -0.9723380208015442 0.303467333316803 
0 0 0 1 

-0.8524516224861145 -0.341099351644516 -0.3962042033672333 0.1727492809295654 
-0.3955746293067932 0.9163240194320679 0.06221705302596092 0.006741449702531099 
0.341829240322113 0.2097653448581696 -0.9160521626472473 0.2799267172813416 
0 0 0 1 

-0.7800816297531128 -0.3282459378242493 -0.5326600074768066 0.2161234766244888 
-0.406755268573761 0.9129370450973511 0.03310660645365715 0.01833113469183445 
0.4754179418087006 0.2424881756305695 -0.8456811904907227 0.2518250048160553 
0 0 0 1 

-0.7023930549621582 -0.3198283612728119 -0.6358879804611206 0.2474538087844849 
-0.4590946733951569 0.8862664699554443 0.06135017424821854 0.0109851835295558 
0.5439446568489075 0.3350247442722321 -0.7693389058113098 0.2253538072109222 
0 0 0 1 

-0.6411840915679932 -0.2971214950084686 -0.7075320482254028 0.2689195871353149 
-0.5194332599639893 0.8467164635658264 0.1151533797383308 -0.005961304530501366 
0.564864456653595 0.4413501918315887 -0.6972359418869019 0.2018490582704544 
0 0 0 1 

-0.6791378855705261 -0.3479344248771667 -0.6463074684143066 0.2550291121006012 
-0.6028074622154236 0.7667725086212158 0.2206423878669739 -0.0374327227473259 
0.4188016653060913 0.5394455790519714 -0.7304816246032715 0.2143705636262894 
0 0 0 1 

-0.7244687676429749 -0.3833975791931152 -0.5728448629379272 0.2315316200256348 
-0.6161435842514038 0.7327818870544434 0.288786768913269 -0.0606224536895752 
0.3090501427650452 0.5621716976165771 -0.7671055197715759 0.2307657897472382 
0 0 0 1 

-0.7509234547615051 -0.3945711553096771 -0.5295535922050476 0.2176488637924194 
-0.6190134882926941 0.6999273300170898 0.3562638163566589 -0.0834546759724617 
0.2300775796175003 0.5953278541564941 -0.7698367238044739 0.23507060110569 
0 0 0 1 

-0.816518247127533 -0.3995034992694855 -0.4167666435241699 0.1799513250589371 
-0.5722183585166931 0.6557878255844116 0.4924515187740326 -0.1332769989967346 
0.07657431811094284 0.6405773162841797 -0.7640658020973206 0.2389889657497406 
0 0 0 1 

-0.8709993362426758 -0.3841060996055603 -0.3063051998615265 0.143425777554512 
-0.4884440898895264 0.6100993156433105 0.6238599419593811 -0.1790771335363388 
-0.05275176838040352 0.6929944753646851 -0.719010591506958 0.2282880246639252 
0 0 0 1 

