-0.8799105882644653 -0.4739055037498474 -0.03422458097338676 0.05315405502915382 
-0.4701484441757202 0.8788186311721802 -0.08147598803043365 0.05515265837311745 
0.06868911534547806 -0.05560093745589256 -0.9960877299308777 0.3084860146045685 
0 0 0 1 

-0.9228246212005615 -0.3838258981704712 -0.03275074437260628 0.05394411832094193 
-0.3815905749797821 0.9224627614021301 -0.05874593555927277 0.04722897335886955 
0.0527595542371273 -0.04171481728553772 -0.9977357983589172 0.3088809549808502 
0 0 0 1 

-0.9575837254524231 -0.2875595688819885 -0.01851940900087357 0.0509759709239006 
-0.2856608033180237 0.9557697772979736 -0.07001432031393051 0.04942256957292557 
0.03783357888460159 -0.06175429746508598 -0.9973739981651306 0.3084632754325867 
0 0 0 1 

-0.9809755682945251 -0.1940971463918686 -0.003603508695960045 0.0478343553841114 
-0.1930998712778091 0.9775093793869019 -0.08478106558322906 0.05246651172637939 
0.0199782270938158 -0.08247233182191849 -0.9963929057121277 0.3083372414112091 
0 0 0 1 

-0.9946626424789429 -0.1022382006049156 -0.01389332767575979 0.0534936934709549 
-0.101237528026104 0.9930604696273804 -0.05984889715909958 0.03884836286306381 
0.01991575956344604 -0.05812295153737068 -0.9981105923652649 0.3096557259559631 
0 0 0 1 

-0.9005318880081177 -0.4097159206867218 -0.1455144137144089 0.09081698954105377 
-0.4107283353805542 0.9114306569099426 -0.02442042529582977 0.03266863897442818 
0.1426317244768143 0.03777551651000977 -0.9890543222427368 0.3099825084209442 
0 0 0 1 

-0.8749371767044067 -0.4324211180210114 -0.2179374396800995 0.1138101443648338 
-0.4485906660556793 0.8932822942733765 0.02851539850234985 0.02001245133578777 
0.1823489964008331 0.1227138862013817 -0.9755460619926453 0.3051281273365021 
0 0 0 1 

-0.8583984971046448 -0.3415690660476685 -0.3827305734157562 0.1688442230224609 
-0.3957493007183075 0.9156548380851746 0.07041822373867035 0.0037533447612077 
0.3263964056968689 0.2119122296571732 -0.9211724400520325 0.2822572290897369 
0 0 0 1 

-0.7933668494224548 -0.3327060639858246 -0.5097799897193909 0.2091717272996902 
-0.4087984561920166 0.9116944074630737 0.04119605198502541 0.01523983012884855 
0.4510574042797089 0.2410808652639389 -0.8593178391456604 0.257367730140686 
0 0 0 1 

-0.7585681080818176 -0.3325510025024414 -0.5603430271148682 0.2241949141025543 
-0.4333223402500153 0.8996990919113159 0.05266174674034119 0.01272615231573582 
0.4866273999214172 0.2827566564083099 -0.8265848755836487 0.2455927580595016 
0 0 0 1 

