-0.8799105882644653 -0.4739055037498474 -0.03422458097338676 0.05315403640270233 
-0.4701484441757202 0.8788185715675354 -0.08147598803043365 0.05515263974666595 
0.06868911534547806 -0.05560093745589256 -0.9960877299308777 0.3084859549999237 
0 0 0 1 

-0.9228246212005615 -0.3838258981704712 -0.03275056183338165 0.05394408851861954 
-0.3815905749797821 0.9224627614021301 -0.05874589830636978 0.04722896590828896 
0.05275936797261238 -0.04171485081315041 -0.9977357387542725 0.3088809251785278 
0 0 0 1 

-0.9575837254524231 -0.2875595688819885 -0.01851940900087357 0.05097587406635284 
-0.2856608033180237 0.9557697772979736 -0.07001432031393051 0.04942255467176437 
0.03783357888460159 -0.06175429746508598 -0.9973739981651306 0.3084633052349091 
0 0 0 1 

-0.9809755086898804 -0.1940971463918686 -0.003603135468438268 0.04783440008759499 
-0.1930998861789703 0.9775093793869019 -0.08478102833032608 0.05246652290225029 
0.01997785642743111 -0.08247236162424088 -0.9963929057121277 0.3083372414112091 
0 0 0 1 

-0.9946626424789429 -0.1022382006049156 -0.01389332767575979 0.05349376425147057 
-0.101237528026104 0.9930604696273804 -0.05984889715909958 0.03884836658835411 
0.0199157577008009 -0.05812295153737068 -0.9981105923652649 0.3096557557582855 
0 0 0 1 

-0.900532066822052 -0.4097158908843994 -0.1455143988132477 0.09081701934337616 
-0.4107283055782318 0.9114306569099426 -0.02442041970789433 0.03266863897442818 
0.1426317244768143 0.03777551278471947 -0.9890545010566711 0.3099825978279114 
0 0 0 1 

-0.8749371767044067 -0.4324211180210114 -0.2179374396800995 0.1138100922107697 
-0.4485906660556793 0.8932822942733765 0.02851539850234985 0.02001244388520718 
0.1823489964008331 0.1227138862013817 -0.9755460619926453 0.3051281869411469 
0 0 0 1 

-0.8583984971046448 -0.3415690660476685 -0.3827303946018219 0.1688441783189774 
-0.3957492709159851 0.9156548380851746 0.07041826099157333 0.003753325203433633 
0.326396256685257 0.2119121849536896 -0.9211724400520325 0.2822573184967041 
0 0 0 1 

-0.7933670878410339 -0.3327061533927917 -0.5097799301147461 0.2091718018054962 
-0.4087985455989838 0.911694347858429 0.0411960743367672 0.01523982640355825 
0.4510572850704193 0.2410808801651001 -0.8593180775642395 0.2573677599430084 
0 0 0 1 

-0.7568698525428772 -0.3411355018615723 -0.5574713945388794 0.2233208566904068 
-0.4396859705448151 0.8968607187271118 0.04813528805971146 0.01447908580303192 
0.4835535287857056 0.2815445363521576 -0.8287995457649231 0.2464769333600998 
0 0 0 1 

