1 0 0 -0.03619798645377159 
0 1 0 -0.001327119767665863 
0 0 1 -0.2960163652896881 
0 0 0 1 

0.9938584566116333 0.1079915091395378 -0.02415368892252445 -0.0325036533176899 
-0.1087002828717232 0.9936140775680542 -0.03025677427649498 0.02036994136869907 
0.02073201909661293 0.0326964296400547 0.9992502927780151 -0.2985743880271912 
0 0 0 1 

0.9800866842269897 0.1890671253204346 -0.06069284677505493 -0.02264232002198696 
-0.1917616724967957 0.9805377721786499 -0.04210721328854561 0.03678366541862488 
0.05155052244663239 0.0529073067009449 0.9972679615020752 -0.3002986907958984 
0 0 0 1 

0.9762397408485413 0.2089961916208267 -0.0572410449385643 -0.02378425560891628 
-0.2121057659387589 0.9756969213485718 -0.05501522868871689 0.04398379474878311 
0.04435193166136742 0.06584921479225159 0.9968433976173401 -0.2997562289237976 
0 0 0 1 

