0.9059313535690308 0.4233167469501495 -0.009545531123876572 -0.02736939676105976 
-0.3727664649486542 0.8080369234085083 0.4562030732631683 -0.120391920208931 
0.2008316963911057 -0.4097304046154022 0.889824390411377 -0.243762418627739 
0 0 0 1 

0.9152274131774902 0.4027337729930878 -0.01281432248651981 -0.02917126379907131 
-0.330290824174881 0.7680549025535583 0.5486341118812561 -0.1512180715799332 
0.230795681476593 -0.4978925287723541 0.8359642624855042 -0.2306889593601227 
0 0 0 1 

0.910852313041687 0.4125198423862457 0.0132404575124383 -0.0378500334918499 
-0.328167587518692 0.7043997645378113 0.6293858885765076 -0.1757269948720932 
0.2503077685832977 -0.5776227116584778 0.776979923248291 -0.2163874357938766 
0 0 0 1 

0.9165856838226318 0.3987318873405457 0.0297234021127224 -0.04488828033208847 
-0.2948424816131592 0.623812198638916 0.7238274216651917 -0.205415666103363 
0.2700713276863098 -0.672213613986969 0.6893404722213745 -0.1922777593135834 
0 0 0 1 

0.924700915813446 0.3770923316478729 0.05224533379077911 -0.05313335731625557 
-0.2677583992481232 0.5466724038124084 0.7933817505836487 -0.2283519357442856 
0.2706171274185181 -0.7476299405097961 0.6064780950546265 -0.1673139780759811 
0 0 0 1 

0.930780827999115 0.3626546859741211 0.04613659530878067 -0.05323375388979912 
-0.2270514965057373 0.4745528399944305 0.8504393696784973 -0.2478456199169159 
0.2865216135978699 -0.8020480275154114 0.524046003818512 -0.1442230343818665 
0 0 0 1 

0.9418014287948608 0.3321549594402313 0.05179907009005547 -0.05793481320142746 
-0.1931761801242828 0.4086274206638336 0.8920237421989441 -0.2617543935775757 
0.2751236855983734 -0.8501155972480774 0.4490102827548981 -0.1231129989027977 
0 0 0 1 

0.9530134201049805 0.2993393838405609 0.04649056494235992 -0.05893263965845108 
-0.1564233750104904 0.354852020740509 0.9217438101768494 -0.2730012238025665 
0.2594169974327087 -0.88570636510849 0.3850024044513702 -0.1037187650799751 
0 0 0 1 

0.9596487879753113 0.2728227376937866 0.06813153624534607 -0.06803743541240692 
-0.1456689536571503 0.275064617395401 0.950326144695282 -0.2862754464149475 
0.2405300736427307 -0.9219040274620056 0.3037072420120239 -0.07522541284561157 
0 0 0 1 

0.9797203540802002 0.04344075545668602 -0.1956041604280472 0.008852253668010235 
0.1694598197937012 0.3412723243236542 0.9245628714561462 -0.3148709833621979 
0.10691799223423 -0.9389601349830627 0.3269899487495422 -0.08148052543401718 
0 0 0 1 

