1.000000000000000000e+00 0.000000000000000000e+00 0.000000000000000000e+00 -4.097584310382009209e-01
0.000000000000000000e+00 -1.000000000000000000e+00 0.000000000000000000e+00 -1.932597221741734483e-02
0.000000000000000000e+00 0.000000000000000000e+00 -1.000000000000000000e+00 -2.664692399556274349e+00
0.000000000000000000e+00 0.000000000000000000e+00 0.000000000000000000e+00 1.000000000000000000e+00
9.963085055351257324e-01 -8.272106945514678955e-02 -2.295394614338874817e-02 -4.580034490709092854e-01
-8.225189149379730225e-02 -9.963970184326171875e-01 2.068311534821987152e-02 7.197530881108119005e-02
-2.458216063678264618e-02 -1.871876791119575500e-02 -9.995225071907043457e-01 -2.716196651639045001e+00
0.000000000000000000e+00 0.000000000000000000e+00 0.000000000000000000e+00 1.000000000000000000e+00
9.853897094726562500e-01 -1.652318388223648071e-01 -4.129768162965774536e-02 -4.936281317315598938e-01
-1.630011796951293945e-01 -9.852244853973388672e-01 5.256325379014015198e-02 2.079091702719126356e-01
-4.937266558408737183e-02 -4.506369680166244507e-02 -9.977630972862243652e-01 -2.706948513366588482e+00
0.000000000000000000e+00 0.000000000000000000e+00 0.000000000000000000e+00 1.000000000000000000e+00
9.660897850990295410e-01 -2.546650171279907227e-01 -4.261609539389610291e-02 -4.760374911648710960e-01
-2.509133219718933105e-01 -9.648776054382324219e-01 7.780484855175018311e-02 3.302682103308862693e-01
-6.093351915478706360e-02 -6.447353214025497437e-02 -9.960572719573974609e-01 -2.703843081526569492e+00
0.000000000000000000e+00 0.000000000000000000e+00 0.000000000000000000e+00 1.000000000000000000e+00
9.353337287902832031e-01 -3.486961126327514648e-01 -5.968036875128746033e-02 -4.974797405641493975e-01
-3.399048149585723877e-01 -9.325647354125976562e-01 1.216030716896057129e-01 4.981840065375555682e-01
-9.805841743946075439e-02 -9.345376491546630859e-02 -9.907829165458679199e-01 -2.677053695996413296e+00
0.000000000000000000e+00 0.000000000000000000e+00 0.000000000000000000e+00 1.000000000000000000e+00
8.911434412002563477e-01 -4.515932202339172363e-01 -4.389445483684539795e-02 -4.230298129934774720e-01
-4.421304762363433838e-01 -8.860319852828979492e-01 1.395257562398910522e-01 5.842905825669846287e-01
-1.019008606672286987e-01 -1.049303635954856873e-01 -9.892449378967285156e-01 -2.681488056194484937e+00
0.000000000000000000e+00 0.000000000000000000e+00 0.000000000000000000e+00 1.000000000000000000e+00
8.448680639266967773e-01 -5.346090793609619141e-01 -1.976353861391544342e-02 -3.282082842854139315e-01
-5.243386030197143555e-01 -8.348362445831298828e-01 1.676817089319229126e-01 6.996790091411383417e-01
-1.061435714364051819e-01 -1.313061565160751343e-01 -9.856431484222412109e-01 -2.672598640277815019e+00
0.000000000000000000e+00 0.000000000000000000e+00 0.000000000000000000e+00 1.000000000000000000e+00
7.886580228805541992e-01 -6.147003173828125000e-01 -1.273766625672578812e-02 -2.766418939022634027e-01
-6.040726304054260254e-01 -7.785485386848449707e-01 1.701696068048477173e-01 7.429512730092866502e-01
-1.145202219486236572e-01 -1.265110969543457031e-01 -9.853325486183166504e-01 -2.678637593167348729e+00
0.000000000000000000e+00 0.000000000000000000e+00 0.000000000000000000e+00 1.000000000000000000e+00
7.168390750885009766e-01 -6.970749497413635254e-01 1.510636322200298309e-02 -1.483677808903723916e-01
-6.897252202033996582e-01 -7.057756781578063965e-01 1.617400646209716797e-01 7.447377103411048083e-01
-1.020832881331443787e-01 -1.263608187437057495e-01 -9.867173433303833008e-01 -2.691030622738960432e+00
0.000000000000000000e+00 0.000000000000000000e+00 0.000000000000000000e+00 1.000000000000000000e+00
6.421510577201843262e-01 -7.663524150848388672e-01 1.858490146696567535e-02 -9.001247506948803490e-02
-7.607250213623046875e-01 -6.340709924697875977e-01 1.387467086315155029e-01 7.045033419309915113e-01
-9.454476088285446167e-02 -1.032343581318855286e-01 -9.901536703109741211e-01 -2.717970395718273924e+00
0.000000000000000000e+00 0.000000000000000000e+00 0.000000000000000000e+00 1.000000000000000000e+00
5.459232926368713379e-01 -8.371668457984924316e-01 3.345808014273643494e-02 7.168101261345364260e-03
-8.355439305305480957e-01 -5.410446524620056152e-01 9.558810293674468994e-02 5.961424242768376125e-01
-6.192089989781379700e-02 -8.013940602540969849e-02 -9.948583245277404785e-01 -2.766115626849511955e+00
0.000000000000000000e+00 0.000000000000000000e+00 0.000000000000000000e+00 1.000000000000000000e+00
4.543259739875793457e-01 -8.879779577255249023e-01 7.129499316215515137e-02 1.754189495916725905e-01
-8.906617760658264160e-01 -4.512008428573608398e-01 5.602652207016944885e-02 4.837828216242217594e-01
-1.758194714784622192e-02 -8.895404636859893799e-02 -9.958808422088623047e-01 -2.803749741075650004e+00
0.000000000000000000e+00 0.000000000000000000e+00 0.000000000000000000e+00 1.000000000000000000e+00
3.507309854030609131e-01 -9.315562844276428223e-01 9.586969763040542603e-02 2.854016199730576853e-01
-9.363243579864501953e-01 -3.506732583045959473e-01 1.800529100000858307e-02 3.525768776969922524e-01
1.684599369764328003e-02 -9.608019143342971802e-02 -9.952310919761657715e-01 -2.818802007064737047e+00
0.000000000000000000e+00 0.000000000000000000e+00 0.000000000000000000e+00 1.000000000000000000e+00
2.714725732803344727e-01 -9.560474753379821777e-01 1.107947677373886108e-01 3.542443377049059317e-01
-9.596451520919799805e-01 -2.776595354080200195e-01 -4.457183182239532471e-02 1.356331346698428086e-01
7.337599992752075195e-02 -9.422361850738525391e-02 -9.928432106971740723e-01 -2.818431143336908029e+00
0.000000000000000000e+00 0.000000000000000000e+00 0.000000000000000000e+00 1.000000000000000000e+00
1.910547912120819092e-01 -9.717225432395935059e-01 1.387579888105392456e-01 4.506443137634997265e-01
-9.731815457344055176e-01 -2.059697061777114868e-01 -1.024396643042564392e-01 -6.607698924647577299e-02
1.281228214502334595e-01 -1.154650822281837463e-01 -9.850139021873474121e-01 -2.803509121156999129e+00
0.000000000000000000e+00 0.000000000000000000e+00 0.000000000000000000e+00 1.000000000000000000e+00
1.155193895101547241e-01 -9.826616048812866211e-01 1.450210958719253540e-01 4.855555183540109510e-01
-9.711018800735473633e-01 -1.424234509468078613e-01 -1.915101557970046997e-01 -3.474522774135244685e-01
2.088440954685211182e-01 -1.187071278691291809e-01 -9.707174897193908691e-01 -2.774566297731027475e+00
0.000000000000000000e+00 0.000000000000000000e+00 0.000000000000000000e+00 1.000000000000000000e+00
1.861029714345932007e-01 -9.732837080955505371e-01 1.344781816005706787e-01 4.441371592145960112e-01
-9.548876881599426270e-01 -2.114023566246032715e-01 -2.085622400045394897e-01 -3.941828317466626319e-01
2.314192354679107666e-01 -8.959756046533584595e-02 -9.687191247940063477e-01 -2.750077426262558689e+00
0.000000000000000000e+00 0.000000000000000000e+00 0.000000000000000000e+00 1.000000000000000000e+00
2.741155624389648438e-01 -9.524884819984436035e-01 1.327637434005737305e-01 4.180999868704969868e-01
-9.380616545677185059e-01 -2.952365577220916748e-01 -1.813163012266159058e-01 -2.918860810245500481e-01
2.118984311819076538e-01 -7.483897358179092407e-02 -9.744219779968261719e-01 -2.743818824915174481e+00
0.000000000000000000e+00 0.000000000000000000e+00 0.000000000000000000e+00 1.000000000000000000e+00
3.308276534080505371e-01 -9.341848492622375488e-01 1.336083561182022095e-01 4.039355242194481721e-01
-9.328894019126892090e-01 -3.451066017150878906e-01 -1.030451878905296326e-01 -3.876122824222009294e-02
1.423724293708801270e-01 -9.055167436599731445e-02 -9.856622815132141113e-01 -2.742608274934530854e+00
0.000000000000000000e+00 0.000000000000000000e+00 0.000000000000000000e+00 1.000000000000000000e+00
3.592387735843658447e-01 -9.175770282745361328e-01 1.702924668788909912e-01 4.992122164089504155e-01
-9.303788542747497559e-01 -3.664138317108154297e-01 -1.165420003235340118e-02 2.596683049362301654e-01
7.309113442897796631e-02 -1.542499065399169922e-01 -9.853248596191406250e-01 -2.703830388273980034e+00
0.000000000000000000e+00 0.000000000000000000e+00 0.000000000000000000e+00 1.000000000000000000e+00
3.992589116096496582e-01 -8.993102908134460449e-01 1.784180253744125366e-01 5.017281018542473214e-01
-9.167481064796447754e-01 -3.943132460117340088e-01 6.394941359758377075e-02 4.959403706647803611e-01
1.284222863614559174e-02 -1.890967488288879395e-01 -9.818742871284484863e-01 -2.661764673252506874e+00
0.000000000000000000e+00 0.000000000000000000e+00 0.000000000000000000e+00 1.000000000000000000e+00
4.586491584777832031e-01 -8.642330169677734375e-01 2.067406028509140015e-01 5.508086325431309493e-01
-8.871181607246398926e-01 -4.318023622035980225e-01 1.629966199398040771e-01 7.749953891711721665e-01
-5.159603431820869446e-02 -2.581615746021270752e-01 -9.647226333618164062e-01 -2.562752060190156556e+00
0.000000000000000000e+00 0.000000000000000000e+00 0.000000000000000000e+00 1.000000000000000000e+00
5.359512567520141602e-01 -8.214876055717468262e-01 1.947160661220550537e-01 4.618598716947759364e-01
-8.388960957527160645e-01 -4.922645390033721924e-01 2.322268038988113403e-01 9.492227672577729924e-01
-9.491968899965286255e-02 -2.878088653087615967e-01 -9.529725313186645508e-01 -2.495143381854748821e+00
0.000000000000000000e+00 0.000000000000000000e+00 0.000000000000000000e+00 1.000000000000000000e+00
5.919893980026245117e-01 -7.829688191413879395e-01 1.910728216171264648e-01 4.151314214062245544e-01
-7.954883575439453125e-01 -5.295827984809875488e-01 2.945165038108825684e-01 1.090227833198934126e+00
-1.294085085391998291e-01 -3.263469040393829346e-01 -9.363497495651245117e-01 -2.414469483441039621e+00
0.000000000000000000e+00 0.000000000000000000e+00 0.000000000000000000e+00 1.000000000000000000e+00
6.687550544738769531e-01 -7.264583110809326172e-01 1.581927090883255005e-01 2.705198505805721521e-01
-7.220607399940490723e-01 -5.839061737060546875e-01 3.710539638996124268e-01 1.239445709505696547e+00
-1.771856844425201416e-01 -3.623691201210021973e-01 -9.150374531745910645e-01 -2.315314899107879576e+00
0.000000000000000000e+00 0.000000000000000000e+00 0.000000000000000000e+00 1.000000000000000000e+00
7.318978905677795410e-01 -6.647473573684692383e-01 1.497878283262252808e-01 2.111910188510036646e-01
-6.507674455642700195e-01 -6.167016625404357910e-01 4.429230391979217529e-01 1.373313304327795414e+00
-2.020576000213623047e-01 -4.216513335704803467e-01 -8.839586377143859863e-01 -2.183871301619941363e+00
0.000000000000000000e+00 0.000000000000000000e+00 0.000000000000000000e+00 1.000000000000000000e+00
7.535570263862609863e-01 -6.437645554542541504e-01 1.331116259098052979e-01 1.498757879456665554e-01
-6.031945347785949707e-01 -5.966148376464843750e-01 5.293455123901367188e-01 1.554078190393405112e+00
-2.613576054573059082e-01 -4.791841804981231689e-01 -8.378987312316894531e-01 -1.990501601822668665e+00
0.000000000000000000e+00 0.000000000000000000e+00 0.000000000000000000e+00 1.000000000000000000e+00
7.834517955780029297e-01 -6.072889566421508789e-01 1.319207698106765747e-01 1.239800263686961085e-01
-5.375114679336547852e-01 -5.556437969207763672e-01 6.343037486076354980e-01 1.805235026364917061e+00
-3.119048178195953369e-01 -5.678554177284240723e-01 -7.617450952529907227e-01 -1.727963333322863448e+00
0.000000000000000000e+00 0.000000000000000000e+00 0.000000000000000000e+00 1.000000000000000000e+00
8.065123558044433594e-01 -5.771063566207885742e-01 1.283980458974838257e-01 9.611831106561015414e-02
-4.822533726692199707e-01 -5.165350437164306641e-01 7.075472474098205566e-01 1.983847854236079788e+00
-3.420078158378601074e-01 -6.325660347938537598e-01 -6.949036121368408203e-01 -1.508033278422590273e+00
0.000000000000000000e+00 0.000000000000000000e+00 0.000000000000000000e+00 1.000000000000000000e+00
8.364493250846862793e-01 -5.344088077545166016e-01 1.214874759316444397e-01 5.071955228243136410e-02
-4.122903943061828613e-01 -4.675559103488922119e-01 7.819258570671081543e-01 2.160868092817685771e+00
-3.610659539699554443e-01 -7.041295766830444336e-01 -6.114186048507690430e-01 -1.286094516300048118e+00
0.000000000000000000e+00 0.000000000000000000e+00 0.000000000000000000e+00 1.000000000000000000e+00
8.638371825218200684e-01 -4.958945810794830322e-01 8.873420953750610352e-02 -5.584057914567286396e-02
-3.328529596328735352e-01 -4.296173751354217529e-01 8.394268155097961426e-01 2.289941501324831208e+00
-3.781456053256988525e-01 -7.546636462211608887e-01 -5.361794829368591309e-01 -1.101367748769978894e+00
0.000000000000000000e+00 0.000000000000000000e+00 0.000000000000000000e+00 1.000000000000000000e+00
8.843370676040649414e-01 -4.635195732116699219e-01 5.565590783953666687e-02 -1.436683800594287796e-01
-2.281545847654342651e-01 -3.250941038131713867e-01 9.177467226982116699e-01 2.425478396832570827e+00
-4.073003232479095459e-01 -8.242955207824707031e-01 -3.932468295097351074e-01 -7.417908749406766367e-01
0.000000000000000000e+00 0.000000000000000000e+00 0.000000000000000000e+00 1.000000000000000000e+00
8.704382181167602539e-01 -4.916441738605499268e-01 2.496526390314102173e-02 -2.674976126503137430e-01
-1.020066887140274048e-01 -1.305216401815414429e-01 9.861839413642883301e-01 2.588854630611826746e+00
-4.815930724143981934e-01 -8.609587550163269043e-01 -1.637620180845260620e-01 -1.381780367268357901e-01
0.000000000000000000e+00 0.000000000000000000e+00 0.000000000000000000e+00 1.000000000000000000e+00
8.578379750251770020e-01 -5.129564404487609863e-01 3.145524859428405762e-02 -2.230980292865711589e-01
-1.010287255048751831e-01 -1.083093285560607910e-01 9.889701604843139648e-01 2.588156225779137287e+00
-5.038918852806091309e-01 -8.515541553497314453e-01 -1.447351872920989990e-01 -1.445427543557182282e-01
0.000000000000000000e+00 0.000000000000000000e+00 0.000000000000000000e+00 1.000000000000000000e+00
8.218533992767333984e-01 -5.693767070770263672e-01 1.915684901177883148e-02 -2.177709850568704253e-01
-1.058389917016029358e-01 -1.195572391152381897e-01 9.871695637702941895e-01 2.586210019028857054e+00
-5.597811937332153320e-01 -8.133361339569091797e-01 -1.585208177566528320e-01 -1.708611357080999649e-01
0.000000000000000000e+00 0.000000000000000000e+00 0.000000000000000000e+00 1.000000000000000000e+00
8.078899979591369629e-01 -5.864775776863098145e-01 5.794442445039749146e-02 -1.156625980640800799e-01
-2.493608891963958740e-01 -2.510944306850433350e-01 9.352917075157165527e-01 2.506499152170298395e+00
-5.339781045913696289e-01 -7.700619101524353027e-01 -3.491013348102569580e-01 -5.806823183305402925e-01
0.000000000000000000e+00 0.000000000000000000e+00 0.000000000000000000e+00 1.000000000000000000e+00
8.190308213233947754e-01 -5.680194497108459473e-01 8.088508993387222290e-02 -6.281999253828322860e-02
-3.037586808204650879e-01 -3.096888363361358643e-01 9.010120034217834473e-01 2.436907567028211208e+00
-4.867434203624725342e-01 -7.625265121459960938e-01 -4.261857569217681885e-01 -7.874904474262699461e-01
0.000000000000000000e+00 0.000000000000000000e+00 0.000000000000000000e+00 1.000000000000000000e+00
8.046284317970275879e-01 -5.862767696380615234e-01 9.408831596374511719e-02 -2.729919276754037838e-02
-3.684469759464263916e-01 -3.687124550342559814e-01 8.534038066864013672e-01 2.343985507686572767e+00
-4.656393527984619141e-01 -7.213393449783325195e-01 -5.126885175704956055e-01 -1.015335504151772872e+00
0.000000000000000000e+00 0.000000000000000000e+00 0.000000000000000000e+00 1.000000000000000000e+00
8.322099447250366211e-01 -5.496729016304016113e-01 7.270396500825881958e-02 -1.368895795573520924e-01
-4.493837952613830566e-01 -5.918658971786499023e-01 6.691405773162841797e-01 1.979155075971704481e+00
-3.247774243354797363e-01 -5.895374417304992676e-01 -7.395710945129394531e-01 -1.667001780240184861e+00
0.000000000000000000e+00 0.000000000000000000e+00 0.000000000000000000e+00 1.000000000000000000e+00
8.286350965499877930e-01 -5.574604272842407227e-01 5.100567638874053955e-02 -2.015551134262002220e-01
-4.699749648571014404e-01 -6.432923674583435059e-01 6.043989062309265137e-01 1.807710900470530069e+00
-3.041170835494995117e-01 -5.247974991798400879e-01 -7.950472831726074219e-01 -1.823169074369495046e+00
0.000000000000000000e+00 0.000000000000000000e+00 0.000000000000000000e+00 1.000000000000000000e+00
8.534755706787109375e-01 -5.192188024520874023e-01 4.462049901485443115e-02 -2.231612023629772623e-01
-4.598028361797332764e-01 -7.099698185920715332e-01 5.334081649780273438e-01 1.604655973007288017e+00
-2.452763468027114868e-01 -4.757674038410186768e-01 -8.446804285049438477e-01 -1.976399812106280018e+00
0.000000000000000000e+00 0.000000000000000000e+00 0.000000000000000000e+00 1.000000000000000000e+00
8.703740239143371582e-01 -4.922072589397430420e-01 1.345718279480934143e-02 -2.944867616923489972e-01
-4.573604166507720947e-01 -7.980259060859680176e-01 3.923973739147186279e-01 1.228701974949882647e+00
-1.824018061161041260e-01 -3.476871848106384277e-01 -9.196972846984863281e-01 -2.191786234460102900e+00
0.000000000000000000e+00 0.000000000000000000e+00 0.000000000000000000e+00 1.000000000000000000e+00
8.758419752120971680e-01 -4.824586808681488037e-01 1.159269362688064575e-02 -2.845776084942866491e-01
-4.692175984382629395e-01 -8.456954956054687500e-01 2.542317807674407959e-01 8.735474579167470388e-01
-1.128525063395500183e-01 -2.281063795089721680e-01 -9.670737385749816895e-01 -2.340059981120462318e+00
0.000000000000000000e+00 0.000000000000000000e+00 0.000000000000000000e+00 1.000000000000000000e+00
8.807439208030700684e-01 -4.735499322414398193e-01 6.353128235787153244e-03 -2.622250148858638608e-01
-4.733160436153411865e-01 -8.796918988227844238e-01 4.597637057304382324e-02 3.273207542975505313e-01
-1.618332415819168091e-02 -4.350045323371887207e-02 -9.989222288131713867e-01 -2.463517867088039104e+00
0.000000000000000000e+00 0.000000000000000000e+00 0.000000000000000000e+00 1.000000000000000000e+00
8.885401487350463867e-01 -4.587717354297637939e-01 5.014285910874605179e-03 -2.496278757430625272e-01
-4.580546617507934570e-01 -8.876678943634033203e-01 -4.724109545350074768e-02 7.320582996903246542e-02
2.612389996647834778e-02 3.967877849936485291e-02 -9.988711476325988770e-01 -2.486513901675887706e+00
0.000000000000000000e+00 0.000000000000000000e+00 0.000000000000000000e+00 1.000000000000000000e+00
8.938800096511840820e-01 -4.482623636722564697e-01 6.268958095461130142e-03 -2.422398681017641220e-01
-4.424012601375579834e-01 -8.842819333076477051e-01 -1.494200378656387329e-01 -2.206631024919196438e-01
7.252294570207595825e-02 1.307901591062545776e-01 -9.887539744377136230e-01 -2.479705075422780958e+00
0.000000000000000000e+00 0.000000000000000000e+00 0.000000000000000000e+00 1.000000000000000000e+00
8.979625701904296875e-01 -4.400200545787811279e-01 6.736445240676403046e-03 -2.385054476541540458e-01
-4.235221743583679199e-01 -8.682504892349243164e-01 -2.583991885185241699e-01 -5.361282331554639846e-01
1.195498034358024597e-01 2.291798144578933716e-01 -9.660146236419677734e-01 -2.435863960680436868e+00
0.000000000000000000e+00 0.000000000000000000e+00 0.000000000000000000e+00 1.000000000000000000e+00
9.008421301841735840e-01 -4.339827001094818115e-01 1.190675608813762665e-02 -2.219541878670902857e-01
-3.989247381687164307e-01 -8.382688164710998535e-01 -3.717040121555328369e-01 -8.820618955107030201e-01
1.712943166494369507e-01 3.300967812538146973e-01 -9.282749295234680176e-01 -2.346876809641505801e+00
0.000000000000000000e+00 0.000000000000000000e+00 0.000000000000000000e+00 1.000000000000000000e+00
9.057064652442932129e-01 -4.238030612468719482e-01 9.282454848289489746e-03 -2.419623411715083050e-01
-3.732974827289581299e-01 -8.077648282051086426e-01 -4.562511146068572998e-01 -1.143499507243858737e+00
2.008588761091232300e-01 4.097644686698913574e-01 -8.898024559020996094e-01 -2.259050539333955498e+00
0.000000000000000000e+00 0.000000000000000000e+00 0.000000000000000000e+00 1.000000000000000000e+00
9.165051579475402832e-01 -3.999485075473785400e-01 7.756919600069522858e-03 -2.709677685470718300e-01
-3.302204608917236328e-01 -7.673789262771606445e-01 -5.496219992637634277e-01 -1.431211186046069672e+00
2.257730066776275635e-01 5.011694431304931641e-01 -8.353775739669799805e-01 -2.134840440180320709e+00
0.000000000000000000e+00 0.000000000000000000e+00 0.000000000000000000e+00 1.000000000000000000e+00
9.121350646018981934e-01 -4.093831777572631836e-01 -2.035998739302158356e-02 -3.574013855396155348e-01
-3.304785490036010742e-01 -7.051293253898620605e-01 -6.273570060729980469e-01 -1.648720003014918944e+00
2.424731999635696411e-01 5.789628624916076660e-01 -7.784656286239624023e-01 -2.007533049424740756e+00
0.000000000000000000e+00 0.000000000000000000e+00 0.000000000000000000e+00 1.000000000000000000e+00
9.190468788146972656e-01 -3.925681412220001221e-01 -3.526788949966430664e-02 -4.183762872330334948e-01
-2.935816347599029541e-01 -6.221017837524414062e-01 -7.258090972900390625e-01 -1.939505587480880422e+00
2.629896104335784912e-01 6.774066090583801270e-01 -6.869913339614868164e-01 -1.773359371507406301e+00
0.000000000000000000e+00 0.000000000000000000e+00 0.000000000000000000e+00 1.000000000000000000e+00
9.269693493843078613e-01 -3.709895610809326172e-01 -5.562403425574302673e-02 -4.910558854853634414e-01
-2.665673196315765381e-01 -5.470831394195556641e-01 -7.934998869895935059e-01 -2.144827226322284286e+00
2.639491856098175049e-01 7.503776550292968750e-01 -6.060230135917663574e-01 -1.546604485818152908e+00
0.000000000000000000e+00 0.000000000000000000e+00 0.000000000000000000e+00 1.000000000000000000e+00
9.367314577102661133e-01 -3.465116918087005615e-01 -4.963288828730583191e-02 -4.909057739764803863e-01
-2.219114005565643311e-01 -4.781809747219085693e-01 -8.497632145881652832e-01 -2.325191171170233329e+00
2.707194685935974121e-01 8.070146441459655762e-01 -5.248222947120666504e-01 -1.332175438243870191e+00
0.000000000000000000e+00 0.000000000000000000e+00 0.000000000000000000e+00 1.000000000000000000e+00
9.463862180709838867e-01 -3.189881742000579834e-01 -5.098704621195793152e-02 -5.265409423675309064e-01
-1.871575415134429932e-01 -4.127860665321350098e-01 -8.913918137550354004e-01 -2.456063434321512862e+00
2.632966935634613037e-01 8.531436324119567871e-01 -4.503562748432159424e-01 -1.139708890962359167e+00
0.000000000000000000e+00 0.000000000000000000e+00 0.000000000000000000e+00 1.000000000000000000e+00
9.600510597229003906e-01 -2.759444117546081543e-01 -4.644254222512245178e-02 -5.403664813774295972e-01
-1.438313126564025879e-01 -3.442591130733489990e-01 -9.277917146682739258e-01 -2.585827659303821413e+00
2.400306314229965210e-01 8.974074125289916992e-01 -3.701958358287811279e-01 -9.104390856187667413e-01
0.000000000000000000e+00 0.000000000000000000e+00 0.000000000000000000e+00 1.000000000000000000e+00
9.655125737190246582e-01 -2.506305575370788574e-01 -7.049471884965896606e-02 -6.264639513778270663e-01
-1.366168111562728882e-01 -2.572176754474639893e-01 -9.566475152969360352e-01 -2.706759036125565121e+00
2.216326594352722168e-01 9.332862496376037598e-01 -2.825873792171478271e-01 -6.237532147839691676e-01
0.000000000000000000e+00 0.000000000000000000e+00 0.000000000000000000e+00 1.000000000000000000e+00
9.762511849403381348e-01 -2.106737941503524780e-01 -5.049486458301544189e-02 -6.038318130258971683e-01
-8.422677218914031982e-02 -1.543542146682739258e-01 -9.844188094139099121e-01 -2.826922747105924838e+00
1.995971500873565674e-01 9.652938246726989746e-01 -1.684328913688659668e-01 -2.600499301020242626e-01
0.000000000000000000e+00 0.000000000000000000e+00 0.000000000000000000e+00 1.000000000000000000e+00
9.940123558044433594e-01 -1.092659384012222290e-01 -5.503605352714657784e-04 -4.869163674697208899e-01
-1.555975526571273804e-02 -1.365608870983123779e-01 -9.905095696449279785e-01 -2.865855436260011491e+00
1.081537827849388123e-01 9.845871925354003906e-01 -1.374434381723403931e-01 -1.689214652930527139e-01
0.000000000000000000e+00 0.000000000000000000e+00 0.000000000000000000e+00 1.000000000000000000e+00
9.964256882667541504e-01 -8.391740173101425171e-02 9.704880416393280029e-03 -4.667417876877383298e-01
-1.122859306633472443e-02 -2.454305440187454224e-01 -9.693490862846374512e-01 -2.819712703694884581e+00
8.372713625431060791e-02 9.657748341560363770e-01 -2.454954534769058228e-01 -4.843522586387907780e-01
0.000000000000000000e+00 0.000000000000000000e+00 0.000000000000000000e+00 1.000000000000000000e+00
9.981306791305541992e-01 -2.950376272201538086e-02 5.352691188454627991e-02 -3.263139887991202692e-01
4.259640350937843323e-02 -2.922498583793640137e-01 -9.553927779197692871e-01 -2.879178108613658527e+00
4.383090510964393616e-02 9.558866024017333984e-01 -2.904466688632965088e-01 -5.994422558069572027e-01
0.000000000000000000e+00 0.000000000000000000e+00 0.000000000000000000e+00 1.000000000000000000e+00
9.887867569923400879e-01 5.195701122283935547e-02 1.400022059679031372e-01 -2.603576573195250793e-02
1.489566266536712646e-01 -2.766896784305572510e-01 -9.493446946144104004e-01 -2.975454497922176866e+00
-1.058796141296625137e-02 9.595534801483154297e-01 -2.813264429569244385e-01 -5.476081171269995274e-01
0.000000000000000000e+00 0.000000000000000000e+00 0.000000000000000000e+00 1.000000000000000000e+00
9.690311551094055176e-01 6.562117487192153931e-02 2.380595654249191284e-01 2.839277884787871353e-01
2.469381839036941528e-01 -2.564464509487152100e-01 -9.344821572303771973e-01 -3.017519661063102987e+00
-2.723063807934522629e-04 9.643284082412719727e-01 -2.647089362144470215e-01 -4.886914884275107562e-01
0.000000000000000000e+00 0.000000000000000000e+00 0.000000000000000000e+00 1.000000000000000000e+00
9.713641405105590820e-01 3.301522508263587952e-02 2.352895587682723999e-01 2.631379826103631969e-01
2.346095740795135498e-01 -2.897639274597167969e-01 -9.278981089591979980e-01 -3.002813148236939789e+00
3.754365444183349609e-02 9.565284848213195801e-01 -2.892119586467742920e-01 -5.906118911088551471e-01
0.000000000000000000e+00 0.000000000000000000e+00 0.000000000000000000e+00 1.000000000000000000e+00
9.826003909111022949e-01 -3.545715287327766418e-02 1.823171526193618774e-01 6.698101442019399610e-02
1.605976521968841553e-01 -3.309059441089630127e-01 -9.298977255821228027e-01 -2.978462246905312139e+00
9.330131858587265015e-02 9.429972767829895020e-01 -3.194538652896881104e-01 -7.347495000219242955e-01
0.000000000000000000e+00 0.000000000000000000e+00 0.000000000000000000e+00 1.000000000000000000e+00
9.865726232528686523e-01 -1.183438673615455627e-01 1.125599667429924011e-01 -1.750889056953268130e-01
6.115362793207168579e-02 -3.713788688182830811e-01 -9.264652132987976074e-01 -2.917445781708170927e+00
1.514438092708587646e-01 9.209082126617431641e-01 -3.591549992561340332e-01 -9.242488615405313190e-01
0.000000000000000000e+00 0.000000000000000000e+00 0.000000000000000000e+00 1.000000000000000000e+00
9.800982475280761719e-01 -1.968856304883956909e-01 2.536921575665473938e-02 -4.616314083116793698e-01
-3.729587420821189880e-02 -3.081473708152770996e-01 -9.506071209907531738e-01 -2.937884953720080183e+00
1.949783861637115479e-01 9.307423233985900879e-01 -3.093577623367309570e-01 -8.128985449314420908e-01
0.000000000000000000e+00 0.000000000000000000e+00 0.000000000000000000e+00 1.000000000000000000e+00
9.222065210342407227e-01 -3.771900236606597900e-01 -8.521878719329833984e-02 -7.818938641107903154e-01
-2.180308252573013306e-01 -3.251764178276062012e-01 -9.201750755310058594e-01 -2.753459995864350862e+00
3.193700015544891357e-01 8.671721816062927246e-01 -3.821190297603607178e-01 -1.130240966261914393e+00
0.000000000000000000e+00 0.000000000000000000e+00 0.000000000000000000e+00 1.000000000000000000e+00
8.747938275337219238e-01 -4.756695032119750977e-01 -9.205714613199234009e-02 -7.821962256656774803e-01
-2.808131575584411621e-01 -3.429564535617828369e-01 -8.963953852653503418e-01 -2.641100151763995374e+00
3.948166072368621826e-01 8.100120425224304199e-01 -4.335905015468597412e-01 -1.361792245788310707e+00
0.000000000000000000e+00 0.000000000000000000e+00 0.000000000000000000e+00 1.000000000000000000e+00
8.379559516906738281e-01 -5.421336889266967773e-01 -6.261780858039855957e-02 -6.767413040187386652e-01
-3.356525301933288574e-01 -4.215045571327209473e-01 -8.424198627471923828e-01 -2.450054558921810788e+00
4.303104281425476074e-01 7.269285321235656738e-01 -5.351706743240356445e-01 -1.704075735710748107e+00
0.000000000000000000e+00 0.000000000000000000e+00 0.000000000000000000e+00 1.000000000000000000e+00
8.011688590049743652e-01 -5.964444279670715332e-01 -4.881225153803825378e-02 -6.111120142515213960e-01
-4.248384833335876465e-01 -5.094173550605773926e-01 -7.483353614807128906e-01 -2.109484934039213222e+00
4.214746057987213135e-01 6.202801465988159180e-01 -6.615219712257385254e-01 -2.094375178746203492e+00
0.000000000000000000e+00 0.000000000000000000e+00 0.000000000000000000e+00 1.000000000000000000e+00
7.754751443862915039e-01 -6.311653852462768555e-01 -1.639802940189838409e-02 -5.054856647095575806e-01
-5.003814101219177246e-01 -5.985354185104370117e-01 -6.255987882614135742e-01 -1.686130053738827073e+00
3.850412368774414062e-01 4.933413565158843994e-01 -7.799726128578186035e-01 -2.433684584398895012e+00
0.000000000000000000e+00 0.000000000000000000e+00 0.000000000000000000e+00 1.000000000000000000e+00
7.545247077941894531e-01 -6.560327410697937012e-01 -1.771242357790470123e-02 -4.983346035320166401e-01
-5.635407567024230957e-01 -6.338427066802978516e-01 -5.297782421112060547e-01 -1.350998797740093682e+00
3.363250494003295898e-01 4.097122550010681152e-01 -8.479514122009277344e-01 -2.615029772860058443e+00
0.000000000000000000e+00 0.000000000000000000e+00 0.000000000000000000e+00 1.000000000000000000e+00
6.576765775680541992e-01 -7.532382607460021973e-01 -9.690386243164539337e-03 -4.134886261503702420e-01
-6.711402535438537598e-01 -5.800552964210510254e-01 -4.616336524486541748e-01 -1.072360518032030363e+00
3.420992493629455566e-01 3.101092278957366943e-01 -8.870176672935485840e-01 -2.752482797628246214e+00
0.000000000000000000e+00 0.000000000000000000e+00 0.000000000000000000e+00 1.000000000000000000e+00
5.862675309181213379e-01 -8.097332715988159180e-01 2.494812756776809692e-02 -2.576230382177971401e-01
-7.369816303253173828e-01 -5.458742976188659668e-01 -3.985964655876159668e-01 -8.287781735880246359e-01
3.363755941390991211e-01 2.152977734804153442e-01 -9.167868494987487793e-01 -2.856479443913843230e+00
0.000000000000000000e+00 0.000000000000000000e+00 0.000000000000000000e+00 1.000000000000000000e+00
5.386847257614135742e-01 -8.403899669647216797e-01 5.969149246811866760e-02 -1.124759018134619259e-01
-7.819746136665344238e-01 -5.250953435897827148e-01 -3.358428776264190674e-01 -5.986704756033964792e-01
3.135828077793121338e-01 1.342362016439437866e-01 -9.400249123573303223e-01 -2.914677179215321434e+00
0.000000000000000000e+00 0.000000000000000000e+00 0.000000000000000000e+00 1.000000000000000000e+00
5.039703845977783203e-01 -8.555104136466979980e-01 1.188084036111831665e-01 1.001985277918117229e-01
-8.182613849639892578e-01 -5.169443488121032715e-01 -2.514295578002929688e-01 -3.121153142269887382e-01
2.765178680419921875e-01 2.949666976928710938e-02 -9.605559110641479492e-01 -2.964225290697959814e+00
0.000000000000000000e+00 0.000000000000000000e+00 0.000000000000000000e+00 1.000000000000000000e+00
4.346637427806854248e-01 -8.852772712707519531e-01 1.653820425271987915e-01 2.998183610193203563e-01
-8.599290251731872559e-01 -4.625371992588043213e-01 -2.158257961273193359e-01 -1.691127683834439954e-01
2.675610780715942383e-01 -4.840523377060890198e-02 -9.623243808746337891e-01 -2.965639208660306725e+00
0.000000000000000000e+00 0.000000000000000000e+00 0.000000000000000000e+00 1.000000000000000000e+00
3.563465476036071777e-01 -8.932007551193237305e-01 2.742438614368438721e-01 6.919552213521568129e-01
-8.924016952514648438e-01 -4.123187363147735596e-01 -1.833374351263046265e-01 -4.695297013676920372e-02
2.768328487873077393e-01 -1.794039756059646606e-01 -9.440219402313232422e-01 -2.910440668193479574e+00
0.000000000000000000e+00 0.000000000000000000e+00 0.000000000000000000e+00 1.000000000000000000e+00
2.924847304821014404e-01 -8.837149739265441895e-01 3.653764426708221436e-01 1.019595112830830708e+00
-9.138290286064147949e-01 -3.708626329898834229e-01 -1.654616892337799072e-01 2.231322968384563329e-02
2.817254364490509033e-01 -2.854966521263122559e-01 -9.160360693931579590e-01 -2.831051823634308295e+00
0.000000000000000000e+00 0.000000000000000000e+00 0.000000000000000000e+00 1.000000000000000000e+00
2.704562842845916748e-01 -8.551475405693054199e-01 4.422392845153808594e-01 1.263647521531053863e+00
-9.333572387695312500e-01 -3.455097973346710205e-01 -9.729935228824615479e-02 2.506570441424623708e-01
2.360033243894577026e-01 -3.864521682262420654e-01 -8.916039466857910156e-01 -2.723313703177854705e+00
0.000000000000000000e+00 0.000000000000000000e+00 0.000000000000000000e+00 1.000000000000000000e+00
1.753458976745605469e-01 -7.753231525421142578e-01 6.067356467247009277e-01 1.818146742092569879e+00
-9.626502990722656250e-01 -2.641614377498626709e-01 -5.935662612318992615e-02 3.696186385667931118e-01
2.062968462705612183e-01 -5.736660957336425781e-01 -7.926847934722900391e-01 -2.404077296793896590e+00
0.000000000000000000e+00 0.000000000000000000e+00 0.000000000000000000e+00 1.000000000000000000e+00
1.351626813411712646e-01 -6.705036163330078125e-01 7.294903993606567383e-01 2.215751565903623099e+00
-9.733980298042297363e-01 -2.273286581039428711e-01 -2.859199419617652893e-02 4.674384653036182669e-01
1.850050389766693115e-01 -7.062199711799621582e-01 -6.833932399749755859e-01 -2.064924625216656651e+00
0.000000000000000000e+00 0.000000000000000000e+00 0.000000000000000000e+00 1.000000000000000000e+00
1.044787093997001648e-01 -5.738350152969360352e-01 8.122788667678833008e-01 2.479986453176163508e+00
-9.846812486648559570e-01 -1.743284612894058228e-01 3.499326296150684357e-03 5.731304541381843087e-01
1.395953595638275146e-01 -8.002016544342041016e-01 -5.832584500312805176e-01 -1.742239517292219153e+00
0.000000000000000000e+00 0.000000000000000000e+00 0.000000000000000000e+00 1.000000000000000000e+00
7.626310735940933228e-02 -5.026460886001586914e-01 8.611219525337219238e-01 2.646178657448345461e+00
-9.909093379974365234e-01 -1.341997981071472168e-01 9.423461742699146271e-03 5.941207478617054338e-01
1.108256652951240540e-01 -8.540123701095581055e-01 -5.083112716674804688e-01 -1.499007961921131837e+00
0.000000000000000000e+00 0.000000000000000000e+00 0.000000000000000000e+00 1.000000000000000000e+00
1.541129648685455322e-01 -5.140880346298217773e-01 8.437789678573608398e-01 2.529444332189307421e+00
-9.878119826316833496e-01 -9.903058409690856934e-02 1.200837492942810059e-01 9.256866485692604174e-01
2.182627655565738678e-02 -8.520013093948364258e-01 -5.230842828750610352e-01 -1.479581490713635761e+00
0.000000000000000000e+00 0.000000000000000000e+00 0.000000000000000000e+00 1.000000000000000000e+00
2.616440355777740479e-01 -5.770850181579589844e-01 7.736374735832214355e-01 2.249855300268272185e+00
-9.599412083625793457e-01 -7.231452316045761108e-02 2.707097530364990234e-01 1.357400518595230920e+00
-1.002772375941276550e-01 -8.134763836860656738e-01 -5.728883147239685059e-01 -1.532468341537690737e+00
0.000000000000000000e+00 0.000000000000000000e+00 0.000000000000000000e+00 1.000000000000000000e+00
3.183168470859527588e-01 -6.168313026428222656e-01 7.198569774627685547e-01 2.060452103935042967e+00
-9.291408061981201172e-01 -5.235306546092033386e-02 3.660005927085876465e-01 1.614204196327374108e+00
-1.880738288164138794e-01 -7.853527665138244629e-01 -5.897878408432006836e-01 -1.520145538765730775e+00
0.000000000000000000e+00 0.000000000000000000e+00 0.000000000000000000e+00 1.000000000000000000e+00
3.622111380100250244e-01 -6.425665616989135742e-01 6.752121448516845703e-01 1.899530220920052859e+00
-8.898173570632934570e-01 -2.267684601247310638e-02 4.557535350322723389e-01 1.845491263041719732e+00
-2.775401771068572998e-01 -7.658944725990295410e-01 -5.799806714057922363e-01 -1.425572528766652303e+00
0.000000000000000000e+00 0.000000000000000000e+00 0.000000000000000000e+00 1.000000000000000000e+00
4.207255244255065918e-01 -6.387488842010498047e-01 6.441970467567443848e-01 1.760236950466678829e+00
-8.383694291114807129e-01 -2.463288605213165283e-03 5.450970530509948730e-01 2.064127571968834118e+00
-3.465932905673980713e-01 -7.694113850593566895e-01 -5.365437865257263184e-01 -1.235892978249330865e+00
0.000000000000000000e+00 0.000000000000000000e+00 0.000000000000000000e+00 1.000000000000000000e+00
5.167298913002014160e-01 -6.433376073837280273e-01 5.648953914642333984e-01 1.474744866240898622e+00
-7.301881313323974609e-01 1.333493646234273911e-02 6.831160783767700195e-01 2.366587775503876667e+00
-4.470069408416748047e-01 -7.654666304588317871e-01 -4.628669023513793945e-01 -9.219706986410116656e-01
0.000000000000000000e+00 0.000000000000000000e+00 0.000000000000000000e+00 1.000000000000000000e+00
6.273720860481262207e-01 -6.708949208259582520e-01 3.953525722026824951e-01 9.017966928914057378e-01
-5.809674859046936035e-01 -6.517922133207321167e-02 8.113123774528503418e-01 2.658348808837304400e+00
-5.185371637344360352e-01 -7.386817932128906250e-01 -4.306600987911224365e-01 -7.606278687385191750e-01
0.000000000000000000e+00 0.000000000000000000e+00 0.000000000000000000e+00 1.000000000000000000e+00
6.386634707450866699e-01 -7.159382104873657227e-01 2.820315659046173096e-01 5.927317899207132923e-01
-4.981313645839691162e-01 -1.053146719932556152e-01 8.606822490692138672e-01 2.748331000503133392e+00
-5.864931344985961914e-01 -6.901750564575195312e-01 -4.238919019699096680e-01 -7.017955397926404215e-01
0.000000000000000000e+00 0.000000000000000000e+00 0.000000000000000000e+00 1.000000000000000000e+00
6.052206754684448242e-01 -7.677615880966186523e-01 2.103568017482757568e-01 4.464119418457631050e-01
-4.018949568271636963e-01 -6.658892333507537842e-02 9.132613539695739746e-01 2.840803277198669541e+00
-6.871597766876220703e-01 -6.372660398483276367e-01 -3.488605022430419922e-01 -4.619642929365354034e-01
0.000000000000000000e+00 0.000000000000000000e+00 0.000000000000000000e+00 1.000000000000000000e+00
4.595192372798919678e-01 -8.859997391700744629e-01 6.202052533626556396e-02 1.668722342486486654e-01
-2.196339070796966553e-01 -4.569554701447486877e-02 9.745116233825683594e-01 2.920767181288194791e+00
-8.605830073356628418e-01 -4.614285230636596680e-01 -2.155935317277908325e-01 -7.477650333195681731e-02
0.000000000000000000e+00 0.000000000000000000e+00 0.000000000000000000e+00 1.000000000000000000e+00
3.187925815582275391e-01 -9.433084130287170410e-01 -9.241539984941482544e-02 -2.292451162708539214e-01
-2.572363018989562988e-01 -1.799500882625579834e-01 9.494457244873046875e-01 2.934304811115040490e+00
-9.122502207756042480e-01 -2.789035737514495850e-01 -3.000200986862182617e-01 -3.689291670677558033e-01
0.000000000000000000e+00 0.000000000000000000e+00 0.000000000000000000e+00 1.000000000000000000e+00
3.150520026683807373e-01 -9.484734535217285156e-01 3.376480564475059509e-02 1.641989248772161292e-01
-3.743657469749450684e-01 -9.150293469429016113e-02 9.227556586265563965e-01 2.875288636961820909e+00
-8.721194267272949219e-01 -3.033563494682312012e-01 -3.839042782783508301e-01 -6.087969760101237249e-01
0.000000000000000000e+00 0.000000000000000000e+00 0.000000000000000000e+00 1.000000000000000000e+00
2.812792360782623291e-01 -9.588959217071533203e-01 3.742007538676261902e-02 2.305352253644082638e-01
-4.650028944015502930e-01 -1.020843759179115295e-01 8.794037699699401855e-01 2.781839807637723538e+00
-8.394366502761840820e-01 -2.647583484649658203e-01 -4.746036827564239502e-01 -9.043219726467127684e-01
0.000000000000000000e+00 0.000000000000000000e+00 0.000000000000000000e+00 1.000000000000000000e+00
