0.1667890250682831 0.7596827745437622 -0.6285406947135925 0.1978753209114075 
0.1360008418560028 0.6136515140533447 0.7777760624885559 -0.2345936298370361 
0.9765680432319641 -0.2152065187692642 -0.0009672233718447387 0.04092284291982651 
0 0 0 1 

0.2420574426651001 0.7912526726722717 -0.5615401864051819 0.1753904968500137 
0.1216753497719765 0.5494275689125061 0.8266344666481018 -0.2449435591697693 
0.9626023173332214 -0.2684186398983002 0.03671707212924957 0.01965816505253315 
0 0 0 1 

0.3605943620204926 0.6810138821601868 -0.6373317241668701 0.1905459314584732 
0.3405863046646118 0.539980411529541 0.7696896195411682 -0.2889314591884613 
0.8683159351348877 -0.4946121871471405 -0.03723007440567017 -0.002145631704479456 
0 0 0 1 

0.2974338233470917 0.6949316263198853 -0.6546779870986938 0.2020276039838791 
0.386410266160965 0.5394191741943359 0.7481403946876526 -0.2830503284931183 
0.8730522990226746 -0.4754965901374817 -0.1080872043967247 0.02659888006746769 
0 0 0 1 

0.6132264137268066 0.4942049086093903 -0.6162100434303284 0.1939405798912048 
0.3531654179096222 0.5262564420700073 0.7735167741775513 -0.2522527873516083 
0.7065603137016296 -0.6919649839401245 0.148178294301033 -0.0005424577975645661 
0 0 0 1 

0.6277577877044678 0.5567448139190674 -0.5440178513526917 0.16370490193367 
0.3031761646270752 0.4688214063644409 0.8296329379081726 -0.2681280970573425 
0.7169409990310669 -0.6857417225837708 0.12551449239254 0.001670469879172742 
0 0 0 1 

0.7616171836853027 0.5077787041664124 -0.4026163816452026 0.1162661388516426 
0.240468293428421 0.3554827570915222 0.9032202363014221 -0.2900005578994751 
0.6017591953277588 -0.7847245335578918 0.1486371159553528 -0.007558047771453857 
0 0 0 1 

0.8213574886322021 0.5022741556167603 -0.2703563570976257 0.0767800435423851 
0.1750198006629944 0.2291917204856873 0.9575172066688538 -0.3065807223320007 
0.5428996086120605 -0.8337816596031189 0.1003404781222343 0.006018696818500757 
0 0 0 1 

0.8470399379730225 0.5072420835494995 -0.1588359922170639 0.04696995764970779 
0.1002761274576187 0.1409648358821869 0.984923243522644 -0.315367728471756 
0.5219848155975342 -0.8501967191696167 0.068538598716259 0.01749350316822529 
0 0 0 1 

0.8487952947616577 0.5046573281288147 -0.1576942801475525 0.04813045635819435 
0.1097408905625343 0.1236038357019424 0.9862449169158936 -0.3153972625732422 
0.5172073245048523 -0.8544255495071411 0.04953286424279213 0.02298606932163239 
0 0 0 1 

