0.815214216709137 0.5620185732841492 -0.1398598849773407 0.01152536273002625 
-0.4783668518066406 0.5172812938690186 -0.7096372842788696 0.2177858948707581 
-0.3264825046062469 0.6454107165336609 0.6905461549758911 -0.161856010556221 
0 0 0 1 

0.8400486707687378 0.5273375511169434 -0.127410039305687 0.005312800407409668 
-0.4108614325523376 0.4650372862815857 -0.7841768860816956 0.237124040722847 
-0.3542754650115967 0.7110946178436279 0.6073166728019714 -0.1380962580442429 
0 0 0 1 

0.8714902400970459 0.4816226959228516 -0.09243503212928772 -0.006655028555542231 
-0.3260789215564728 0.428290456533432 -0.8427571058273315 0.2512845098972321 
-0.3663020431995392 0.7645957469940186 0.5302979946136475 -0.1175606399774551 
0 0 0 1 

0.8848878145217896 0.462632954120636 -0.05426084250211716 -0.01766735687851906 
-0.2226649522781372 0.3177993893623352 -0.9216419458389282 0.2662218809127808 
-0.4091379046440125 0.8276316523551941 0.3842289447784424 -0.07755826413631439 
0 0 0 1 

0.8262107968330383 0.5551080703735352 -0.09607638418674469 -0.004622114822268486 
-0.3123437464237213 0.3094348311424255 -0.8981599807739258 0.2659739553928375 
-0.4688464999198914 0.772078275680542 0.4290429353713989 -0.08600708097219467 
0 0 0 1 

0.8134828805923462 0.5722877383232117 -0.1035964637994766 -0.00227577961049974 
-0.3653167486190796 0.3642050921916962 -0.8566786050796509 0.2572566568851471 
-0.452536404132843 0.7347389459609985 0.5053409337997437 -0.1077758073806763 
0 0 0 1 

0.8338409662246704 0.5464966297149658 -0.07778573781251907 -0.01435836777091026 
-0.4502007067203522 0.5917324423789978 -0.6687090396881104 0.2166705578565598 
-0.3194189965724945 0.592616081237793 0.7394440174102783 -0.1798807084560394 
0 0 0 1 

0.2969590127468109 0.9538793563842773 -0.04392561689019203 0.02468611113727093 
-0.4602353274822235 0.102670930325985 -0.8818401694297791 0.3042611479759216 
-0.83665931224823 0.2820864915847778 0.4694980680942535 -0.09522579610347748 
0 0 0 1 

0.07220330834388733 0.9963680505752563 -0.04513726383447647 0.03525647148489952 
-0.4671396613121033 -0.006202123127877712 -0.8841617107391357 0.305009514093399 
-0.8812304735183716 0.0849248394370079 0.4649953246116638 -0.09836896508932114 
0 0 0 1 

-0.163446456193924 0.9846120476722717 0.06183971464633942 0.006332217715680599 
-0.3678576648235321 -0.002662546234205365 -0.9298782348632812 0.3217191398143768 
-0.9154047966003418 -0.1747335195541382 0.3626324534416199 -0.07241284102201462 
0 0 0 1 

