0.9819778800010681 0.02982080169022083 -0.186628445982933 -0.0003776703961193562 
0.1859534978866577 0.0240216888487339 0.9822648763656616 -0.3270202577114105 
0.03377505391836166 -0.9992666244506836 0.01804344356060028 -0.0004714448587037623 
0 0 0 1 

0.9847106337547302 0.03013669140636921 -0.1715714037418365 -0.005476349033415318 
0.1733103394508362 -0.07018238306045532 0.9823635220527649 -0.3309321999549866 
0.01756392419338226 -0.9970789551734924 -0.07433226704597473 0.03630093112587929 
0 0 0 1 

0.9828484058380127 -0.02707820571959019 -0.1824164390563965 0.0005279752658680081 
0.1780577898025513 -0.1181443929672241 0.9769017696380615 -0.3315573632717133 
-0.04800425469875336 -0.9926270246505737 -0.1112965494394302 0.05763688310980797 
0 0 0 1 

0.9534229636192322 -0.2629043757915497 -0.147871270775795 -0.006530523765832186 
0.1325801610946655 -0.07508345693349838 0.9883242249488831 -0.3326234221458435 
-0.2709375023841858 -0.961895763874054 -0.03673044219613075 0.04354869574308395 
0 0 0 1 

-0.1626899838447571 0.974255383014679 0.1560712605714798 -0.02326800860464573 
0.9588513374328613 0.1188110187649727 0.2578525841236115 -0.1537728756666183 
0.2326713055372238 0.1915991902351379 -0.9534953832626343 0.2945675253868103 
0 0 0 1 

-0.2519564628601074 0.949860155582428 0.1851582825183868 -0.02723629772663116 
0.9021916389465332 0.1613339483737946 0.4000268578529358 -0.1933504641056061 
0.350097268819809 0.2678375840187073 -0.8976050019264221 0.2722221314907074 
0 0 0 1 

-0.364403635263443 0.8954123854637146 0.2558256089687347 -0.04383606091141701 
0.8250528573989868 0.1830334216356277 0.5345900654792786 -0.2295306921005249 
0.4318539202213287 0.4058761894702911 -0.8054605722427368 0.2418424338102341 
0 0 0 1 

-0.4678145051002502 0.8393662571907043 0.2767919301986694 -0.04605790972709656 
0.7387433052062988 0.1994297355413437 0.6438058614730835 -0.2577807903289795 
0.4851884245872498 0.5056599378585815 -0.7133723497390747 0.2128208130598068 
0 0 0 1 

-0.5433658957481384 0.8030047416687012 0.2448200881481171 -0.03235550224781036 
0.6565470695495605 0.224741518497467 0.7200258374214172 -0.276432067155838 
0.5231629610061646 0.5519734025001526 -0.6493273377418518 0.1923520267009735 
0 0 0 1 

-0.5675217509269714 0.7995731830596924 0.1964732259511948 -0.01586252823472023 
0.6001954078674316 0.2383980751037598 0.7634996771812439 -0.2869383692741394 
0.5636350512504578 0.551224946975708 -0.6151963472366333 0.1790419667959213 
0 0 0 1 

