0.4583064317703247 0.8871259093284607 -0.05443167313933372 0.01231228373944759 
-0.8884356617927551 0.4555221199989319 -0.05640601739287376 0.05610188469290733 
-0.02524441108107567 0.0742102786898613 0.99692302942276 -0.3029452264308929 
0 0 0 1 

0.3512460291385651 0.933074951171875 -0.07744217664003372 0.02422326989471912 
-0.9362013339996338 0.351105272769928 -0.01587546803057194 0.04096050560474396 
0.0123773505911231 0.07807766646146774 0.9968704581260681 -0.3046528100967407 
0 0 0 1 

0.3981437981128693 0.9021125435829163 -0.1663557291030884 0.05005901679396629 
-0.9173211455345154 0.3918972611427307 -0.07027264684438705 0.05906052142381668 
0.001800490426830947 0.180580273270607 0.9835585951805115 -0.2872296869754791 
0 0 0 1 

0.4555568099021912 0.8674607872962952 -0.1999489516019821 0.0568397156894207 
-0.8884955048561096 0.4291441440582275 -0.1625138074159622 0.08722179383039474 
-0.05516748130321503 0.2516880333423615 0.9662348031997681 -0.2769350111484528 
0 0 0 1 

0.5272094011306763 0.8312059044837952 -0.1764849722385406 0.04420601949095726 
-0.8433244824409485 0.486357569694519 -0.2286047041416168 0.1051555722951889 
-0.1041828095912933 0.2693566381931305 0.9573885798454285 -0.2702051103115082 
0 0 0 1 

0.5878037810325623 0.7908134460449219 -0.1705888956785202 0.03824985027313232 
-0.7962701320648193 0.5282793641090393 -0.2947447896003723 0.121585950255394 
-0.1429696530103683 0.3090869188308716 0.9402259588241577 -0.2612533867359161 
0 0 0 1 

0.8919165730476379 0.4345354437828064 -0.125154972076416 -0.0006975940195843577 
-0.4440912008285522 0.8938844203948975 -0.06126635521650314 0.05562161281704903 
0.08525166660547256 0.1102247014641762 0.9902437329292297 -0.2846121788024902 
0 0 0 1 

0.92006915807724 0.3681407868862152 -0.133959025144577 -0.0001506684347987175 
-0.3849737942218781 0.9129906892776489 -0.1350665837526321 0.07570060342550278 
0.0725797712802887 0.1758413463830948 0.9817392826080322 -0.2781880497932434 
0 0 0 1 

0.9479745030403137 0.2594487071037292 -0.1844738870859146 0.01074619591236115 
-0.2926202416419983 0.9383627772331238 -0.1839796751737595 0.08497796952724457 
0.125370055437088 0.2283888906240463 0.9654639959335327 -0.2731473743915558 
0 0 0 1 

0.9639800190925598 0.1746400594711304 -0.2006073743104935 0.0138084115460515 
-0.2197465896606445 0.947867751121521 -0.2307770252227783 0.09177877753973007 
0.1498462706804276 0.2665472626686096 0.9521021842956543 -0.2694688737392426 
0 0 0 1 

