1.000000000000000000e+00 0.000000000000000000e+00 0.000000000000000000e+00 -4.542167112231254578e-02
0.000000000000000000e+00 1.000000000000000000e+00 0.000000000000000000e+00 9.935460984706878662e-04
0.000000000000000000e+00 0.000000000000000000e+00 1.000000000000000000e+00 -2.875000238418579102e-01
0.000000000000000000e+00 0.000000000000000000e+00 0.000000000000000000e+00 1.000000000000000000e+00
9.958764314651489258e-01 8.669504523277282715e-02 2.672109007835388184e-02 -5.145782604813575745e-02
-8.621699362993240356e-02 9.961035251617431641e-01 -1.855324953794479370e-02 1.042521093040704727e-02
-2.822544611990451813e-02 1.617295667529106140e-02 9.994707703590393066e-01 -2.926409840583801270e-01
0.000000000000000000e+00 0.000000000000000000e+00 0.000000000000000000e+00 1.000000000000000000e+00
9.843028187751770020e-01 1.694774031639099121e-01 4.924599081277847290e-02 -5.651116371154785156e-02
-1.669187843799591064e-01 9.845914244651794434e-01 -5.213231593370437622e-02 2.603351697325706482e-02
-5.732246488332748413e-02 4.309385269880294800e-02 9.974252581596374512e-01 -2.915168106555938721e-01
0.000000000000000000e+00 0.000000000000000000e+00 0.000000000000000000e+00 1.000000000000000000e+00
9.650410413742065430e-01 2.565246224403381348e-01 5.376590043306350708e-02 -5.562735721468925476e-02
-2.519448399543762207e-01 9.644718170166015625e-01 -7.948549836874008179e-02 3.893694281578063965e-02
-7.224570214748382568e-02 6.316070258617401123e-02 9.953849911689758301e-01 -2.908061146736145020e-01
0.000000000000000000e+00 0.000000000000000000e+00 0.000000000000000000e+00 1.000000000000000000e+00
9.350108504295349121e-01 3.484185039997100830e-01 6.602518260478973389e-02 -5.644044280052185059e-02
-3.390096724033355713e-01 9.328558444976806641e-01 -1.218701303005218506e-01 5.697978660464286804e-02
-1.040538325905799866e-01 9.156669676303863525e-02 9.903477430343627930e-01 -2.882521748542785645e-01
0.000000000000000000e+00 0.000000000000000000e+00 0.000000000000000000e+00 1.000000000000000000e+00
8.914692401885986328e-01 4.508267343044281006e-01 4.514406621456146240e-02 -4.698863625526428223e-02
-4.414660036563873291e-01 8.867092132568359375e-01 -1.373122632503509521e-01 6.576585769653320312e-02
-1.019337326288223267e-01 1.024800762534141541e-01 9.894985556602478027e-01 -2.893218696117401123e-01
0.000000000000000000e+00 0.000000000000000000e+00 0.000000000000000000e+00 1.000000000000000000e+00
8.427770137786865234e-01 5.371150374412536621e-01 3.512557595968246460e-02 -4.078733548521995544e-02
-5.250288844108581543e-01 8.346854448318481445e-01 -1.662652790546417236e-01 7.865700125694274902e-02
-1.186224222183227539e-01 1.216826140880584717e-01 9.854554533958435059e-01 -2.877721488475799561e-01
0.000000000000000000e+00 0.000000000000000000e+00 0.000000000000000000e+00 1.000000000000000000e+00
7.911477088928222656e-01 6.114146709442138672e-01 1.603954285383224487e-02 -3.202595934271812439e-02
-6.002795696258544922e-01 7.812327742576599121e-01 -1.712883859872817993e-01 8.365786820650100708e-02
-1.172589063644409180e-01 1.258861869573593140e-01 9.850903749465942383e-01 -2.889253199100494385e-01
0.000000000000000000e+00 0.000000000000000000e+00 0.000000000000000000e+00 1.000000000000000000e+00
7.221325635910034180e-01 6.915861368179321289e-01 -1.526088360697031021e-02 -1.711158454418182373e-02
-6.841170787811279297e-01 7.107169628143310547e-01 -1.639050990343093872e-01 8.468066900968551636e-02
-1.025083735585212708e-01 1.288014352321624756e-01 9.863580465316772461e-01 -2.903257608413696289e-01
0.000000000000000000e+00 0.000000000000000000e+00 0.000000000000000000e+00 1.000000000000000000e+00
6.397820711135864258e-01 7.684409618377685547e-01 -1.330097671598196030e-02 -1.234205905348062515e-02
-7.622877955436706543e-01 6.322630643844604492e-01 -1.384208053350448608e-01 7.923875004053115845e-02
-9.795856475830078125e-02 9.869830310344696045e-02 9.902842044830322266e-01 -2.931507229804992676e-01
0.000000000000000000e+00 0.000000000000000000e+00 0.000000000000000000e+00 1.000000000000000000e+00
5.467525124549865723e-01 8.370104432106018066e-01 -2.180098928511142731e-02 -3.971146419644355774e-03
-8.343862295150756836e-01 5.425006151199340820e-01 -9.742958843708038330e-02 6.830368191003799438e-02
-6.972254067659378052e-02 7.146031409502029419e-02 9.950036406517028809e-01 -2.981594800949096680e-01
0.000000000000000000e+00 0.000000000000000000e+00 0.000000000000000000e+00 1.000000000000000000e+00
4.583064317703247070e-01 8.871259093284606934e-01 -5.443167313933372498e-02 1.231228373944759369e-02
-8.884356617927551270e-01 4.555221199989318848e-01 -5.640601739287376404e-02 5.610188469290733337e-02
-2.524441108107566833e-02 7.421027868986129761e-02 9.969230294227600098e-01 -3.029452264308929443e-01
0.000000000000000000e+00 0.000000000000000000e+00 0.000000000000000000e+00 1.000000000000000000e+00
3.512460291385650635e-01 9.330749511718750000e-01 -7.744217664003372192e-02 2.422326989471912384e-02
-9.362013339996337891e-01 3.511052727699279785e-01 -1.587546803057193756e-02 4.096050560474395752e-02
1.237735059112310410e-02 7.807766646146774292e-02 9.968704581260681152e-01 -3.046528100967407227e-01
0.000000000000000000e+00 0.000000000000000000e+00 0.000000000000000000e+00 1.000000000000000000e+00
2.698361873626708984e-01 9.581180810928344727e-01 -9.590729326009750366e-02 3.275055810809135437e-02
-9.604291915893554688e-01 2.749433219432830811e-01 4.451828449964523315e-02 1.793614588677883148e-02
6.902284175157546997e-02 8.009952306747436523e-02 9.943942427635192871e-01 -3.043617010116577148e-01
0.000000000000000000e+00 0.000000000000000000e+00 0.000000000000000000e+00 1.000000000000000000e+00
1.932077854871749878e-01 9.731817841529846191e-01 -1.248516738414764404e-01 4.351859167218208313e-02
-9.731438755989074707e-01 2.063024938106536865e-01 1.021281182765960693e-01 -3.467597533017396927e-03
1.251464486122131348e-01 1.017666980624198914e-01 9.869052171707153320e-01 -3.030784130096435547e-01
0.000000000000000000e+00 0.000000000000000000e+00 0.000000000000000000e+00 1.000000000000000000e+00
1.197523400187492371e-01 9.850573539733886719e-01 -1.237815096974372864e-01 4.491848126053810120e-02
-9.709281325340270996e-01 1.422283798456192017e-01 1.925334632396697998e-01 -3.450415283441543579e-02
2.072617709636688232e-01 9.712668508291244507e-02 9.734522104263305664e-01 -3.004113435745239258e-01
0.000000000000000000e+00 0.000000000000000000e+00 0.000000000000000000e+00 1.000000000000000000e+00
1.901245117187500000e-01 9.744616746902465820e-01 -1.194878444075584412e-01 4.237025603652000427e-02
-9.541027545928955078e-01 2.120798230171203613e-01 2.114456743001937866e-01 -3.987815231084823608e-02
2.313867211341857910e-01 7.380278408527374268e-02 9.700586199760437012e-01 -2.972644865512847900e-01
0.000000000000000000e+00 0.000000000000000000e+00 0.000000000000000000e+00 1.000000000000000000e+00
2.734167575836181641e-01 9.543511271476745605e-01 -1.202372238039970398e-01 4.040142893791198730e-02
-9.393112659454345703e-01 2.918308973312377930e-01 1.803576648235321045e-01 -2.798928879201412201e-02
2.072134763002395630e-01 6.362739950418472290e-02 9.762243628501892090e-01 -2.966517508029937744e-01
0.000000000000000000e+00 0.000000000000000000e+00 0.000000000000000000e+00 1.000000000000000000e+00
3.292571306228637695e-01 9.375855922698974609e-01 -1.119056046009063721e-01 3.631779178977012634e-02
-9.345820546150207520e-01 3.405000269412994385e-01 1.030338853597640991e-01 -7.923283264972269535e-04
1.347069442272186279e-01 7.066034525632858276e-02 9.883628487586975098e-01 -2.965935468673706055e-01
0.000000000000000000e+00 0.000000000000000000e+00 0.000000000000000000e+00 1.000000000000000000e+00
3.643102049827575684e-01 9.186912178993225098e-01 -1.525923311710357666e-01 4.758748784661293030e-02
-9.290470480918884277e-01 3.698594272136688232e-01 8.685227483510971069e-03 3.207819163799285889e-02
6.441675126552581787e-02 1.386013627052307129e-01 9.882510304450988770e-01 -2.925505042076110840e-01
0.000000000000000000e+00 0.000000000000000000e+00 0.000000000000000000e+00 1.000000000000000000e+00
3.981437981128692627e-01 9.021125435829162598e-01 -1.663557291030883789e-01 5.005901679396629333e-02
-9.173211455345153809e-01 3.918972611427307129e-01 -7.027264684438705444e-02 5.906052142381668091e-02
1.800490426830947399e-03 1.805802732706069946e-01 9.835585951805114746e-01 -2.872296869754791260e-01
0.000000000000000000e+00 0.000000000000000000e+00 0.000000000000000000e+00 1.000000000000000000e+00
4.555568099021911621e-01 8.674607872962951660e-01 -1.999489516019821167e-01 5.683971568942070007e-02
-8.884955048561096191e-01 4.291441440582275391e-01 -1.625138074159622192e-01 8.722179383039474487e-02
-5.516748130321502686e-02 2.516880333423614502e-01 9.662348031997680664e-01 -2.769350111484527588e-01
0.000000000000000000e+00 0.000000000000000000e+00 0.000000000000000000e+00 1.000000000000000000e+00
5.272094011306762695e-01 8.312059044837951660e-01 -1.764849722385406494e-01 4.420601949095726013e-02
-8.433244824409484863e-01 4.863575696945190430e-01 -2.286047041416168213e-01 1.051555722951889038e-01
-1.041828095912933350e-01 2.693566381931304932e-01 9.573885798454284668e-01 -2.702051103115081787e-01
0.000000000000000000e+00 0.000000000000000000e+00 0.000000000000000000e+00 1.000000000000000000e+00
5.878037810325622559e-01 7.908134460449218750e-01 -1.705888956785202026e-01 3.824985027313232422e-02
-7.962701320648193359e-01 5.282793641090393066e-01 -2.947447896003723145e-01 1.215859502553939819e-01
-1.429696530103683472e-01 3.090869188308715820e-01 9.402259588241577148e-01 -2.612533867359161377e-01
0.000000000000000000e+00 0.000000000000000000e+00 0.000000000000000000e+00 1.000000000000000000e+00
6.634564995765686035e-01 7.333404421806335449e-01 -1.484489589929580688e-01 2.575069107115268707e-02
-7.247365117073059082e-01 5.805506110191345215e-01 -3.711033761501312256e-01 1.375426501035690308e-01
-1.859630793333053589e-01 3.537973463535308838e-01 9.166488647460937500e-01 -2.498060762882232666e-01
0.000000000000000000e+00 0.000000000000000000e+00 0.000000000000000000e+00 1.000000000000000000e+00
7.300636172294616699e-01 6.694445610046386719e-01 -1.373000442981719971e-01 1.872297748923301697e-02
-6.496556997299194336e-01 6.175488233566284180e-01 -4.433732330799102783e-01 1.518565118312835693e-01
-2.120243310928344727e-01 4.128884971141815186e-01 8.857589364051818848e-01 -2.359338700771331787e-01
0.000000000000000000e+00 0.000000000000000000e+00 0.000000000000000000e+00 1.000000000000000000e+00
7.490662932395935059e-01 6.515975594520568848e-01 -1.196678504347801208e-01 1.166322454810142517e-02
-6.025635004043579102e-01 5.950202941894531250e-01 -5.318536758422851562e-01 1.724833101034164429e-01
-2.753498256206512451e-01 4.705007076263427734e-01 8.383385539054870605e-01 -2.141654938459396362e-01
0.000000000000000000e+00 0.000000000000000000e+00 0.000000000000000000e+00 1.000000000000000000e+00
7.798472046852111816e-01 6.121858954429626465e-01 -1.306391060352325439e-01 1.244449429214000702e-02
-5.401117205619812012e-01 5.525738000869750977e-01 -6.347765922546386719e-01 1.988200992345809937e-01
-3.164136111736297607e-01 5.655882358551025391e-01 7.615723609924316406e-01 -1.862883418798446655e-01
0.000000000000000000e+00 0.000000000000000000e+00 0.000000000000000000e+00 1.000000000000000000e+00
7.970420718193054199e-01 5.907118320465087891e-01 -1.256303489208221436e-01 9.163061156868934631e-03
-4.901584684848785400e-01 5.112228989601135254e-01 -7.059711813926696777e-01 2.175673991441726685e-01
-3.528005182743072510e-01 6.242675781250000000e-01 6.970090270042419434e-01 -1.626532673835754395e-01
0.000000000000000000e+00 0.000000000000000000e+00 0.000000000000000000e+00 1.000000000000000000e+00
8.275902867317199707e-01 5.487780570983886719e-01 -1.180543825030326843e-01 4.233242012560367584e-03
-4.183167219161987305e-01 4.627054035663604736e-01 -7.816100716590881348e-01 2.371109127998352051e-01
-3.743060827255249023e-01 6.962373256683349609e-01 6.124938130378723145e-01 -1.383971124887466431e-01
0.000000000000000000e+00 0.000000000000000000e+00 0.000000000000000000e+00 1.000000000000000000e+00
8.585416078567504883e-01 5.065428018569946289e-01 -7.950235158205032349e-02 -8.917262777686119080e-03
-3.290968537330627441e-01 4.254769384860992432e-01 -8.430091738700866699e-01 2.518153190612792969e-01
-3.931939005851745605e-01 7.499226927757263184e-01 5.319913029670715332e-01 -1.168461591005325317e-01
0.000000000000000000e+00 0.000000000000000000e+00 0.000000000000000000e+00 1.000000000000000000e+00
8.717001676559448242e-01 4.879929125308990479e-01 -4.475041851401329041e-02 -1.832986809313297272e-02
-2.341753095388412476e-01 3.346002399921417236e-01 -9.128003716468811035e-01 2.653977572917938232e-01
-4.304663538932800293e-01 8.061674833297729492e-01 4.059470891952514648e-01 -8.212546259164810181e-02
0.000000000000000000e+00 0.000000000000000000e+00 0.000000000000000000e+00 1.000000000000000000e+00
8.434792160987854004e-01 5.368974804878234863e-01 -1.683146506547927856e-02 -2.927561476826667786e-02
-1.020575091242790222e-01 1.294141858816146851e-01 -9.863244295120239258e-01 2.828597426414489746e-01
-5.273772478103637695e-01 8.336620330810546875e-01 1.639524698257446289e-01 -1.220957376062870026e-02
0.000000000000000000e+00 0.000000000000000000e+00 0.000000000000000000e+00 1.000000000000000000e+00
8.444393277168273926e-01 5.343444943428039551e-01 -3.738132119178771973e-02 -2.268717624247074127e-02
-1.105407327413558960e-01 1.055550724267959595e-01 -9.882499575614929199e-01 2.833971977233886719e-01
-5.241205692291259766e-01 8.386500477790832520e-01 1.482017338275909424e-01 -1.403893902897834778e-02
0.000000000000000000e+00 0.000000000000000000e+00 0.000000000000000000e+00 1.000000000000000000e+00
8.065941333770751953e-01 5.906504392623901367e-01 -2.320503816008567810e-02 -2.264074981212615967e-02
-1.093338280916213989e-01 1.104970872402191162e-01 -9.878446459770202637e-01 2.834380567073822021e-01
-5.809063315391540527e-01 7.993258833885192871e-01 1.537042707204818726e-01 -1.542176585644483566e-02
0.000000000000000000e+00 0.000000000000000000e+00 0.000000000000000000e+00 1.000000000000000000e+00
7.819953560829162598e-01 6.211271286010742188e-01 -5.181981250643730164e-02 -1.369099039584398270e-02
-2.479735761880874634e-01 2.337625175714492798e-01 -9.401403665542602539e-01 2.755236327648162842e-01
-5.718328356742858887e-01 7.480350732803344727e-01 3.368241488933563232e-01 -5.755332112312316895e-02
0.000000000000000000e+00 0.000000000000000000e+00 0.000000000000000000e+00 1.000000000000000000e+00
8.079732060432434082e-01 5.842562317848205566e-01 -7.631722092628479004e-02 -8.003651164472103119e-03
-3.066196441650390625e-01 3.063098490238189697e-01 -9.011985063552856445e-01 2.673017680644989014e-01
-5.031539797782897949e-01 7.515443563461303711e-01 4.266345500946044922e-01 -8.357944339513778687e-02
0.000000000000000000e+00 0.000000000000000000e+00 0.000000000000000000e+00 1.000000000000000000e+00
8.035908341407775879e-01 5.878749489784240723e-01 -9.297877550125122070e-02 -3.749011550098657608e-03
-3.681491613388061523e-01 3.682088255882263184e-01 -8.537493348121643066e-01 2.567804455757141113e-01
-4.676623046398162842e-01 7.202959060668945312e-01 5.123150944709777832e-01 -1.089061945676803589e-01
0.000000000000000000e+00 0.000000000000000000e+00 0.000000000000000000e+00 1.000000000000000000e+00
8.225216865539550781e-01 5.653108954429626465e-01 -6.230363994836807251e-02 -1.785825192928314209e-02
-4.550804793834686279e-01 5.884869098663330078e-01 -6.682701110839843750e-01 2.173507958650588989e-01
-3.411154150962829590e-01 5.780196189880371094e-01 7.413048148155212402e-01 -1.794039458036422729e-01
0.000000000000000000e+00 0.000000000000000000e+00 0.000000000000000000e+00 1.000000000000000000e+00
8.194293379783630371e-01 5.718470215797424316e-01 -3.907139226794242859e-02 -2.522680908441543579e-02
-4.764974713325500488e-01 6.417390108108520508e-01 -6.009331345558166504e-01 1.979993879795074463e-01
-3.185681998729705811e-01 5.110394954681396484e-01 7.983434200286865234e-01 -1.969036012887954712e-01
0.000000000000000000e+00 0.000000000000000000e+00 0.000000000000000000e+00 1.000000000000000000e+00
8.492899537086486816e-01 5.258475542068481445e-01 -4.679790511727333069e-02 -2.400728128850460052e-02
-4.664069116115570068e-01 7.058394551277160645e-01 -5.331560969352722168e-01 1.771398484706878662e-01
-2.473275512456893921e-01 4.746311902999877930e-01 8.447219729423522949e-01 -2.129625976085662842e-01
0.000000000000000000e+00 0.000000000000000000e+00 0.000000000000000000e+00 1.000000000000000000e+00
8.676040172576904297e-01 4.972554445266723633e-01 -9.251196170225739479e-04 -3.601064160466194153e-02
-4.579665958881378174e-01 7.983255386352539062e-01 -3.910787701606750488e-01 1.358967721462249756e-01
-1.937276273965835571e-01 3.397250175476074219e-01 9.203564524650573730e-01 -2.359086275100708008e-01
0.000000000000000000e+00 0.000000000000000000e+00 0.000000000000000000e+00 1.000000000000000000e+00
8.749545812606811523e-01 4.841922223567962646e-01 -3.526404034346342087e-03 -3.375234454870223999e-02
-4.685477912425994873e-01 8.448025584220886230e-01 -2.584022581577301025e-01 9.899246692657470703e-02
-1.221372634172439575e-01 2.277425974607467651e-01 9.660308957099914551e-01 -2.515967488288879395e-01
0.000000000000000000e+00 0.000000000000000000e+00 0.000000000000000000e+00 1.000000000000000000e+00
8.773933053016662598e-01 4.797624349594116211e-01 2.981417812407016754e-03 -3.165459260344505310e-02
-4.790062606334686279e-01 8.763276338577270508e-01 -5.101798474788665771e-02 4.073162376880645752e-02
-2.708922140300273895e-02 4.333471879363059998e-02 9.986932873725891113e-01 -2.651265561580657959e-01
0.000000000000000000e+00 0.000000000000000000e+00 0.000000000000000000e+00 1.000000000000000000e+00
8.865482807159423828e-01 4.626195728778839111e-01 -3.877124749124050140e-03 -2.807659655809402466e-02
-4.619713723659515381e-01 8.856928944587707520e-01 4.615693911910057068e-02 1.190184615552425385e-02
2.478706464171409607e-02 -3.912923112511634827e-02 9.989266395568847656e-01 -2.680509686470031738e-01
0.000000000000000000e+00 0.000000000000000000e+00 0.000000000000000000e+00 1.000000000000000000e+00
8.941727280616760254e-01 4.476656615734100342e-01 7.112566381692886353e-03 -3.061181120574474335e-02
-4.435149133205413818e-01 8.834856748580932617e-01 1.508226841688156128e-01 -2.045337483286857605e-02
6.123432517051696777e-02 -1.380160450935363770e-01 9.885352849960327148e-01 -2.671636641025543213e-01
0.000000000000000000e+00 0.000000000000000000e+00 0.000000000000000000e+00 1.000000000000000000e+00
8.995202779769897461e-01 4.368644356727600098e-01 3.537189913913607597e-03 -2.950071543455123901e-02
-4.233226776123046875e-01 8.695790171623229980e-01 2.542247474193572998e-01 -5.331589281558990479e-02
1.079859063029289246e-01 -2.301776707172393799e-01 9.671385884284973145e-01 -2.626624405384063721e-01
0.000000000000000000e+00 0.000000000000000000e+00 0.000000000000000000e+00 1.000000000000000000e+00
9.014193415641784668e-01 4.329229295253753662e-01 -4.574400372803211212e-03 -2.712470665574073792e-02
-4.008964598178863525e-01 8.386300802230834961e-01 3.687557280063629150e-01 -9.112468361854553223e-02
1.634790152311325073e-01 -3.305695652961730957e-01 9.295151233673095703e-01 -2.531388998031616211e-01
0.000000000000000000e+00 0.000000000000000000e+00 0.000000000000000000e+00 1.000000000000000000e+00
9.067516922950744629e-01 4.216375648975372314e-01 -4.762455821037292480e-03 -2.843558415770530701e-02
-3.731110095977783203e-01 8.075526952743530273e-01 4.567784965038299561e-01 -1.205199658870697021e-01
1.964410692453384399e-01 -4.124078750610351562e-01 8.895677924156188965e-01 -2.433675229549407959e-01
0.000000000000000000e+00 0.000000000000000000e+00 0.000000000000000000e+00 1.000000000000000000e+00
9.193875193595886230e-01 3.933520913124084473e-01 1.616252702660858631e-04 -3.264752775430679321e-02
-3.288326263427734375e-01 7.683594226837158203e-01 5.490833520889282227e-01 -1.510773748159408569e-01
2.158590257167816162e-01 -5.048736333847045898e-01 8.357678055763244629e-01 -2.299434542655944824e-01
0.000000000000000000e+00 0.000000000000000000e+00 0.000000000000000000e+00 1.000000000000000000e+00
9.126299023628234863e-01 4.080192744731903076e-01 2.502292208373546600e-02 -4.118267074227333069e-02
-3.319778144359588623e-01 7.040449976921081543e-01 6.277824044227600098e-01 -1.747284680604934692e-01
2.385302484035491943e-01 -5.812402367591857910e-01 7.779861092567443848e-01 -2.160893827676773071e-01
0.000000000000000000e+00 0.000000000000000000e+00 0.000000000000000000e+00 1.000000000000000000e+00
9.236885905265808105e-01 3.802936375141143799e-01 4.665193706750869751e-02 -4.935251548886299133e-02
-2.930209040641784668e-01 6.227120161056518555e-01 7.255126237869262695e-01 -2.058986425399780273e-01
2.468571364879608154e-01 -6.838179826736450195e-01 6.866261363029479980e-01 -1.903656423091888428e-01
0.000000000000000000e+00 0.000000000000000000e+00 0.000000000000000000e+00 1.000000000000000000e+00
9.285787940025329590e-01 3.661776781082153320e-01 6.045089662075042725e-02 -5.506381765007972717e-02
-2.670016884803771973e-01 5.459857583045959473e-01 7.941090464591979980e-01 -2.286368310451507568e-01
2.577798068523406982e-01 -7.535341382026672363e-01 6.047615408897399902e-01 -1.657442450523376465e-01
0.000000000000000000e+00 0.000000000000000000e+00 0.000000000000000000e+00 1.000000000000000000e+00
9.379655122756958008e-01 3.407355248928070068e-01 6.418748199939727783e-02 -5.798843875527381897e-02
-2.292267531156539917e-01 4.704876840114593506e-01 8.521127700805664062e-01 -2.484034597873687744e-01
2.601460516452789307e-01 -8.139661550521850586e-01 5.194070339202880859e-01 -1.414559483528137207e-01
0.000000000000000000e+00 0.000000000000000000e+00 0.000000000000000000e+00 1.000000000000000000e+00
9.502461552619934082e-01 3.066464960575103760e-01 5.477057769894599915e-02 -5.833314731717109680e-02
-1.830909401178359985e-01 4.075778126716613770e-01 8.946271538734436035e-01 -2.631527781486511230e-01
2.520110607147216797e-01 -8.601440787315368652e-01 4.434435367584228516e-01 -1.198007985949516296e-01
0.000000000000000000e+00 0.000000000000000000e+00 0.000000000000000000e+00 1.000000000000000000e+00
9.606509804725646973e-01 2.728138267993927002e-01 5.217281728982925415e-02 -6.013428792357444763e-02
-1.517585515975952148e-01 3.582077920436859131e-01 9.212256669998168945e-01 -2.730587422847747803e-01
2.326344996690750122e-01 -8.928937911987304688e-01 3.855143785476684570e-01 -1.023945063352584839e-01
0.000000000000000000e+00 0.000000000000000000e+00 0.000000000000000000e+00 1.000000000000000000e+00
9.690139293670654297e-01 2.389433085918426514e-01 6.259808689355850220e-02 -6.631965190172195435e-02
-1.299400776624679565e-01 2.775906920433044434e-01 9.518711566925048828e-01 -2.873584330081939697e-01
2.100665718317031860e-01 -9.305100440979003906e-01 3.000376224517822266e-01 -7.220988720655441284e-02
0.000000000000000000e+00 0.000000000000000000e+00 0.000000000000000000e+00 1.000000000000000000e+00
9.830628633499145508e-01 1.764958351850509644e-01 4.936505109071731567e-02 -6.522015482187271118e-02
-8.227192610502243042e-02 1.843069642782211304e-01 9.794192910194396973e-01 -2.999215722084045410e-01
1.637651473283767700e-01 -9.668918848037719727e-01 1.957060396671295166e-01 -3.434121981263160706e-02
0.000000000000000000e+00 0.000000000000000000e+00 0.000000000000000000e+00 1.000000000000000000e+00
9.962615370750427246e-01 8.638698607683181763e-02 1.325125631410628557e-04 -5.308187752962112427e-02
-1.117598731070756912e-02 1.273661851882934570e-01 9.917925000190734863e-01 -3.064709901809692383e-01
8.566113561391830444e-02 -9.880861639976501465e-01 1.278555840253829956e-01 -1.377410627901554108e-02
0.000000000000000000e+00 0.000000000000000000e+00 0.000000000000000000e+00 1.000000000000000000e+00
9.976362586021423340e-01 6.791067123413085938e-02 -1.050312537699937820e-02 -5.112550407648086548e-02
-5.976989865303039551e-03 2.380177080631256104e-01 9.712425470352172852e-01 -3.017997145652770996e-01
6.845764070749282837e-02 -9.688836336135864258e-01 2.378610521554946899e-01 -4.895671829581260681e-02
0.000000000000000000e+00 0.000000000000000000e+00 0.000000000000000000e+00 1.000000000000000000e+00
9.986332058906555176e-01 1.268189679831266403e-02 -5.069710686802864075e-02 -3.662932664155960083e-02
4.481291398406028748e-02 2.912755906581878662e-01 9.555891156196594238e-01 -3.078399002552032471e-01
2.688552252948284149e-02 -9.565550088882446289e-01 2.903091907501220703e-01 -6.340131163597106934e-02
0.000000000000000000e+00 0.000000000000000000e+00 0.000000000000000000e+00 1.000000000000000000e+00
9.883354306221008301e-01 -6.506089866161346436e-02 -1.376952975988388062e-01 -3.617367008700966835e-03
1.503818780183792114e-01 2.741730809211730957e-01 9.498497247695922852e-01 -3.182167112827301025e-01
-2.404576726257801056e-02 -9.594765901565551758e-01 2.807589173316955566e-01 -5.780218541622161865e-02
0.000000000000000000e+00 0.000000000000000000e+00 0.000000000000000000e+00 1.000000000000000000e+00
9.705497622489929199e-01 -7.479189336299896240e-02 -2.289963066577911377e-01 2.753705345094203949e-02
2.406041324138641357e-01 2.537966370582580566e-01 9.368546605110168457e-01 -3.230659663677215576e-01
-1.195065304636955261e-02 -9.643616676330566406e-01 2.643173635005950928e-01 -5.163141712546348572e-02
0.000000000000000000e+00 0.000000000000000000e+00 0.000000000000000000e+00 1.000000000000000000e+00
9.782408475875854492e-01 -6.755456794053316116e-03 -2.073639780282974243e-01 1.666699163615703583e-02
1.993547976016998291e-01 3.074713647365570068e-01 9.304402470588684082e-01 -3.197489678859710693e-01
5.747289583086967468e-02 -9.515333175659179688e-01 3.021277189254760742e-01 -6.934483349323272705e-02
0.000000000000000000e+00 0.000000000000000000e+00 0.000000000000000000e+00 1.000000000000000000e+00
9.889474511146545410e-01 1.048430129885673523e-01 -1.048385351896286011e-01 -2.192517183721065521e-02
5.885082483291625977e-02 3.714340627193450928e-01 9.265925288200378418e-01 -3.117345869541168213e-01
1.360873430967330933e-01 -9.225211739540100098e-01 3.611584901809692383e-01 -9.907643496990203857e-02
0.000000000000000000e+00 0.000000000000000000e+00 0.000000000000000000e+00 1.000000000000000000e+00
9.832810759544372559e-01 1.813021302223205566e-01 -1.696496270596981049e-02 -5.314922705292701721e-02
-4.079052433371543884e-02 3.101031184196472168e-01 9.498272538185119629e-01 -3.132028281688690186e-01
1.774665713310241699e-01 -9.332550168037414551e-01 3.123140037059783936e-01 -8.718924969434738159e-02
0.000000000000000000e+00 0.000000000000000000e+00 0.000000000000000000e+00 1.000000000000000000e+00
9.293146729469299316e-01 3.574383556842803955e-01 9.279640018939971924e-02 -8.778659254312515259e-02
-2.155249118804931641e-01 3.209174871444702148e-01 9.222584366798400879e-01 -2.948735058307647705e-01
2.998707294464111328e-01 -8.770687580108642578e-01 3.752702176570892334e-01 -1.182461380958557129e-01
0.000000000000000000e+00 0.000000000000000000e+00 0.000000000000000000e+00 1.000000000000000000e+00
8.800688385963439941e-01 4.656000435352325439e-01 9.324704110622406006e-02 -8.585782349109649658e-02
-2.782915532588958740e-01 3.466233611106872559e-01 8.957713246345520020e-01 -2.816859185695648193e-01
3.847496807575225830e-01 -8.142908215522766113e-01 4.346250295639038086e-01 -1.464637815952301025e-01
0.000000000000000000e+00 0.000000000000000000e+00 0.000000000000000000e+00 1.000000000000000000e+00
8.435662388801574707e-01 5.330444574356079102e-01 6.527576595544815063e-02 -7.530206441879272461e-02
-3.318952918052673340e-01 4.219211041927337646e-01 8.436993956565856934e-01 -2.620494663715362549e-01
4.221873283386230469e-01 -7.333803176879882812e-01 5.328329205513000488e-01 -1.825665980577468872e-01
0.000000000000000000e+00 0.000000000000000000e+00 0.000000000000000000e+00 1.000000000000000000e+00
8.064828515052795410e-01 5.886953473091125488e-01 5.497061088681221008e-02 -6.947502493858337402e-02
-4.245156943798065186e-01 5.118240714073181152e-01 7.468750476837158203e-01 -2.238895297050476074e-01
4.115470051765441895e-01 -6.256780028343200684e-01 6.626879572868347168e-01 -2.254021167755126953e-01
0.000000000000000000e+00 0.000000000000000000e+00 0.000000000000000000e+00 1.000000000000000000e+00
7.787659168243408203e-01 6.266109347343444824e-01 2.970513328909873962e-02 -5.981801077723503113e-02
-5.041230916976928711e-01 5.969491004943847656e-01 6.241085529327392578e-01 -1.778147965669631958e-01
3.733407258987426758e-01 -5.010093450546264648e-01 7.807722687721252441e-01 -2.618117928504943848e-01
0.000000000000000000e+00 0.000000000000000000e+00 0.000000000000000000e+00 1.000000000000000000e+00
7.577387094497680664e-01 6.520577073097229004e-01 2.554902248084545135e-02 -5.732342973351478577e-02
-5.642610788345336914e-01 6.350415945053100586e-01 5.275716185569763184e-01 -1.415854692459106445e-01
3.277821540832519531e-01 -4.141774475574493408e-01 8.491258025169372559e-01 -2.818509042263031006e-01
0.000000000000000000e+00 0.000000000000000000e+00 0.000000000000000000e+00 1.000000000000000000e+00
6.559071540832519531e-01 7.546694874763488770e-01 1.610497757792472839e-02 -4.707020521163940430e-02
-6.745049953460693359e-01 5.763884186744689941e-01 4.613239467144012451e-01 -1.116946190595626831e-01
3.388645052909851074e-01 -3.134484291076660156e-01 8.870858550071716309e-01 -2.967471182346343994e-01
0.000000000000000000e+00 0.000000000000000000e+00 0.000000000000000000e+00 1.000000000000000000e+00
5.903035998344421387e-01 8.071554303169250488e-01 -6.432229187339544296e-03 -3.484658151865005493e-02
-7.406474351882934570e-01 5.447978377342224121e-01 3.932383954524993896e-01 -8.431886881589889526e-02
3.209089040756225586e-01 -2.273660749197006226e-01 9.194139838218688965e-01 -3.078562915325164795e-01
0.000000000000000000e+00 0.000000000000000000e+00 0.000000000000000000e+00 1.000000000000000000e+00
5.415811538696289062e-01 8.397239446640014648e-01 -3.941236063838005066e-02 -1.969850994646549225e-02
-7.851425409317016602e-01 5.220192074775695801e-01 3.332375288009643555e-01 -6.033504381775856018e-02
3.004015982151031494e-01 -1.495308130979537964e-01 9.420187473297119141e-01 -3.143256604671478271e-01
0.000000000000000000e+00 0.000000000000000000e+00 0.000000000000000000e+00 1.000000000000000000e+00
5.069276690483093262e-01 8.554759025573730469e-01 -1.057597622275352478e-01 5.773314740508794785e-03
-8.191434741020202637e-01 5.162917375564575195e-01 2.498935610055923462e-01 -2.952045574784278870e-02
2.683808207511901855e-01 -4.004548117518424988e-02 9.624801874160766602e-01 -3.194591701030731201e-01
0.000000000000000000e+00 0.000000000000000000e+00 0.000000000000000000e+00 1.000000000000000000e+00
4.370696544647216797e-01 8.866513371467590332e-01 -1.510606557130813599e-01 2.676930092275142670e-02
-8.617507219314575195e-01 4.609138667583465576e-01 2.119998633861541748e-01 -1.356131676584482193e-02
2.575959563255310059e-01 3.751798346638679504e-02 9.655241370201110840e-01 -3.206324875354766846e-01
0.000000000000000000e+00 0.000000000000000000e+00 0.000000000000000000e+00 1.000000000000000000e+00
3.555019199848175049e-01 9.016517996788024902e-01 -2.462565600872039795e-01 6.540662795305252075e-02
-8.959900736808776855e-01 4.037616848945617676e-01 1.848734468221664429e-01 -1.729815034195780754e-03
2.661204636096954346e-01 1.549205929040908813e-01 9.514092206954956055e-01 -3.158975243568420410e-01
0.000000000000000000e+00 0.000000000000000000e+00 0.000000000000000000e+00 1.000000000000000000e+00
2.986985743045806885e-01 8.880384564399719238e-01 -3.495234847068786621e-01 1.036704555153846741e-01
-9.130600690841674805e-01 3.724794685840606689e-01 1.660727858543395996e-01 6.014131940901279449e-03
2.776693105697631836e-01 2.695302963256835938e-01 9.220916628837585449e-01 -3.072401881217956543e-01
0.000000000000000000e+00 0.000000000000000000e+00 0.000000000000000000e+00 1.000000000000000000e+00
2.731185853481292725e-01 8.607314229011535645e-01 -4.295897781848907471e-01 1.316341757774353027e-01
-9.338362216949462891e-01 3.444521129131317139e-01 9.644663333892822266e-02 3.087214194238185883e-02
2.309876829385757446e-01 3.748252391815185547e-01 8.978589177131652832e-01 -2.953596711158752441e-01
0.000000000000000000e+00 0.000000000000000000e+00 0.000000000000000000e+00 1.000000000000000000e+00
1.828429102897644043e-01 7.884656786918640137e-01 -5.872730612754821777e-01 1.895843297243118286e-01
-9.615348577499389648e-01 2.679615318775177002e-01 6.039532274007797241e-02 4.346313327550888062e-02
2.049862593412399292e-01 5.536406040191650391e-01 8.071325421333312988e-01 -2.638525366783142090e-01
0.000000000000000000e+00 0.000000000000000000e+00 0.000000000000000000e+00 1.000000000000000000e+00
1.373555958271026611e-01 6.895622014999389648e-01 -7.110816240310668945e-01 2.330928444862365723e-01
-9.738442301750183105e-01 2.251915335655212402e-01 3.026465326547622681e-02 5.354090780019760132e-02
1.809988766908645630e-01 6.883257031440734863e-01 7.024577856063842773e-01 -2.286595553159713745e-01
0.000000000000000000e+00 0.000000000000000000e+00 0.000000000000000000e+00 1.000000000000000000e+00
1.123986765742301941e-01 5.804311633110046387e-01 -8.065144419670104980e-01 2.653882205486297607e-01
-9.834520220756530762e-01 1.810466945171356201e-01 -6.761879660189151764e-03 6.629708409309387207e-02
1.420917958021163940e-01 7.939276099205017090e-01 5.911750197410583496e-01 -1.898636817932128906e-01
0.000000000000000000e+00 0.000000000000000000e+00 0.000000000000000000e+00 1.000000000000000000e+00
7.905791699886322021e-02 5.177564620971679688e-01 -8.518669009208679199e-01 2.822980582714080811e-01
-9.903765916824340820e-01 1.381741613149642944e-01 -7.931271567940711975e-03 6.687813252210617065e-02
1.135994717478752136e-01 8.442961573600769043e-01 5.236983299255371094e-01 -1.664571166038513184e-01
0.000000000000000000e+00 0.000000000000000000e+00 0.000000000000000000e+00 1.000000000000000000e+00
1.518017947673797607e-01 5.257104635238647461e-01 -8.370096683502197266e-01 2.707802653312683105e-01
-9.879858493804931641e-01 1.055430397391319275e-01 -1.128933951258659363e-01 1.012675538659095764e-01
2.899128571152687073e-02 8.440907597541809082e-01 5.354160666465759277e-01 -1.632283627986907959e-01
0.000000000000000000e+00 0.000000000000000000e+00 0.000000000000000000e+00 1.000000000000000000e+00
2.600077390670776367e-01 5.853736996650695801e-01 -7.679410576820373535e-01 2.409663647413253784e-01
-9.601409435272216797e-01 7.223142683506011963e-02 -2.700229287147521973e-01 1.501308977603912354e-01
-1.025948449969291687e-01 8.075401186943054199e-01 5.808222293853759766e-01 -1.671330034732818604e-01
0.000000000000000000e+00 0.000000000000000000e+00 0.000000000000000000e+00 1.000000000000000000e+00
3.185712099075317383e-01 6.251426935195922852e-01 -7.125369310379028320e-01 2.199481129646301270e-01
-9.296196699142456055e-01 5.913597717881202698e-02 -3.637450039386749268e-01 1.773253679275512695e-01
-1.852557659149169922e-01 7.782664895057678223e-01 5.999835729598999023e-01 -1.669214665889739990e-01
0.000000000000000000e+00 0.000000000000000000e+00 0.000000000000000000e+00 1.000000000000000000e+00
3.604997992515563965e-01 6.487907171249389648e-01 -6.701571941375732422e-01 2.034485042095184326e-01
-8.897649049758911133e-01 2.357680909335613251e-02 -4.558090567588806152e-01 2.028671205043792725e-01
-2.799245715141296387e-01 7.606016993522644043e-01 5.857706665992736816e-01 -1.549913734197616577e-01
0.000000000000000000e+00 0.000000000000000000e+00 0.000000000000000000e+00 1.000000000000000000e+00
4.139668345451354980e-01 6.559661030769348145e-01 -6.311418414115905762e-01 1.863204240798950195e-01
-8.388134241104125977e-01 5.568982567638158798e-03 -5.443914532661437988e-01 2.266336381435394287e-01
-3.535871803760528564e-01 7.547700405120849609e-01 5.525389313697814941e-01 -1.373963952064514160e-01
0.000000000000000000e+00 0.000000000000000000e+00 0.000000000000000000e+00 1.000000000000000000e+00
5.076228380203247070e-01 6.589212417602539062e-01 -5.551053285598754883e-01 1.567085087299346924e-01
-7.370119690895080566e-01 -1.607699203304946423e-03 -6.758778691291809082e-01 2.576138675212860107e-01
-4.462427794933319092e-01 7.522104978561401367e-01 4.848166406154632568e-01 -1.055394783616065979e-01
0.000000000000000000e+00 0.000000000000000000e+00 0.000000000000000000e+00 1.000000000000000000e+00
6.105719804763793945e-01 6.959826350212097168e-01 -3.779013156890869141e-01 9.305839240550994873e-02
-5.792583823204040527e-01 6.707034260034561157e-02 -8.123801350593566895e-01 2.909230291843414307e-01
-5.400562286376953125e-01 7.149192094802856445e-01 4.441049993038177490e-01 -8.499781787395477295e-02
0.000000000000000000e+00 0.000000000000000000e+00 0.000000000000000000e+00 1.000000000000000000e+00
6.214973926544189453e-01 7.389534711837768555e-01 -2.601718902587890625e-01 5.944298207759857178e-02
-4.920499026775360107e-01 1.097749769687652588e-01 -8.636184334754943848e-01 3.011614084243774414e-01
-6.096130609512329102e-01 6.647538542747497559e-01 4.318269193172454834e-01 -7.667509466409683228e-02
0.000000000000000000e+00 0.000000000000000000e+00 0.000000000000000000e+00 1.000000000000000000e+00
5.760909914970397949e-01 7.950757145881652832e-01 -1.896670162677764893e-01 4.370020329952239990e-02
-3.956147730350494385e-01 6.816600263118743896e-02 -9.158831238746643066e-01 3.112557828426361084e-01
-7.152677774429321289e-01 6.026670932769775391e-01 3.538134098052978516e-01 -5.005240812897682190e-02
0.000000000000000000e+00 0.000000000000000000e+00 0.000000000000000000e+00 1.000000000000000000e+00
4.273008108139038086e-01 9.015955328941345215e-01 -6.737096607685089111e-02 2.115687541663646698e-02
-2.357823252677917480e-01 3.918810933828353882e-02 -9.710155129432678223e-01 3.187148272991180420e-01
-8.728234767913818359e-01 4.308005571365356445e-01 2.293255478143692017e-01 -1.032624766230583191e-02
0.000000000000000000e+00 0.000000000000000000e+00 0.000000000000000000e+00 1.000000000000000000e+00
2.809853255748748779e-01 9.552399516105651855e-01 9.254565834999084473e-02 -2.366311289370059967e-02
-2.314223051071166992e-01 1.610253155231475830e-01 -9.594348073005676270e-01 3.222994506359100342e-01
-9.313924908638000488e-01 2.481696754693984985e-01 2.663095593452453613e-01 -2.947713993489742279e-02
0.000000000000000000e+00 0.000000000000000000e+00 0.000000000000000000e+00 1.000000000000000000e+00
2.861466109752655029e-01 9.577009081840515137e-01 -3.048300370573997498e-02 1.724387519061565399e-02
-3.676088154315948486e-01 8.034592121839523315e-02 -9.265031218528747559e-01 3.151571750640869141e-01
-8.848640322685241699e-01 2.763216197490692139e-01 3.750502467155456543e-01 -6.205844134092330933e-02
0.000000000000000000e+00 0.000000000000000000e+00 0.000000000000000000e+00 1.000000000000000000e+00
2.681957483291625977e-01 9.629589915275573730e-01 -2.796512097120285034e-02 2.227970957756042480e-02
-4.587657451629638672e-01 1.021385118365287781e-01 -8.826674222946166992e-01 3.051648736000061035e-01
-8.471159338951110840e-01 2.495569288730621338e-01 4.691655337810516357e-01 -9.535676240921020508e-02
0.000000000000000000e+00 0.000000000000000000e+00 0.000000000000000000e+00 1.000000000000000000e+00
1.507181823253631592e-01 9.876484870910644531e-01 -4.282465577125549316e-02 3.281084075570106506e-02
-4.678040742874145508e-01 3.309199213981628418e-02 -8.832124471664428711e-01 3.046190738677978516e-01
-8.708865046501159668e-01 1.531496942043304443e-01 4.670133590698242188e-01 -9.661502391099929810e-02
0.000000000000000000e+00 0.000000000000000000e+00 0.000000000000000000e+00 1.000000000000000000e+00
4.077749326825141907e-02 9.986269474029541016e-01 -3.287568315863609314e-02 3.343717753887176514e-02
-4.593083560466766357e-01 -1.048561371862888336e-02 -8.882152438163757324e-01 3.065048158168792725e-01
-8.873403072357177734e-01 5.131922662258148193e-02 4.582501649856567383e-01 -9.703364968299865723e-02
