1.000000000000000000e+00 0.000000000000000000e+00 0.000000000000000000e+00 -4.542167112231254578e-02
0.000000000000000000e+00 1.000000000000000000e+00 0.000000000000000000e+00 9.935460984706878662e-04
0.000000000000000000e+00 0.000000000000000000e+00 1.000000000000000000e+00 -2.875000238418579102e-01
0.000000000000000000e+00 0.000000000000000000e+00 0.000000000000000000e+00 1.000000000000000000e+00
9.961561560630798340e-01 8.304086327552795410e-02 2.787500806152820587e-02 -5.187464877963066101e-02
-8.258212357759475708e-02 9.964352846145629883e-01 -1.722494885325431824e-02 1.017072610557079315e-02
-2.920601516962051392e-02 1.485678646713495255e-02 9.994630217552185059e-01 -2.925849854946136475e-01
0.000000000000000000e+00 0.000000000000000000e+00 0.000000000000000000e+00 1.000000000000000000e+00
9.848229289054870605e-01 1.672476977109909058e-01 4.638809338212013245e-02 -5.562663823366165161e-02
-1.648378074169158936e-01 9.849659800529479980e-01 -5.167660117149353027e-02 2.553558535873889923e-02
-5.433351919054985046e-02 4.324574023485183716e-02 9.975860118865966797e-01 -2.915760576725006104e-01
0.000000000000000000e+00 0.000000000000000000e+00 0.000000000000000000e+00 1.000000000000000000e+00
9.650700092315673828e-01 2.574421763420104980e-01 4.861351847648620605e-02 -5.410538241267204285e-02
-2.533053755760192871e-01 9.642531275749206543e-01 -7.779644429683685303e-02 3.862782195210456848e-02
-6.690384447574615479e-02 6.276492029428482056e-02 9.957833290100097656e-01 -2.912885546684265137e-01
0.000000000000000000e+00 0.000000000000000000e+00 0.000000000000000000e+00 1.000000000000000000e+00
9.355373978614807129e-01 3.474873006343841553e-01 6.342335045337677002e-02 -5.571553856134414673e-02
-3.384090960025787354e-01 9.331846833229064941e-01 -1.210189908742904663e-01 5.659946054220199585e-02
-1.012383103370666504e-01 9.175473451614379883e-02 9.906221628189086914e-01 -2.885024845600128174e-01
0.000000000000000000e+00 0.000000000000000000e+00 0.000000000000000000e+00 1.000000000000000000e+00
8.904514908790588379e-01 4.530831277370452881e-01 4.256687685847282410e-02 -4.617091268301010132e-02
-4.442610144615173340e-01 8.857473134994506836e-01 -1.344766467809677124e-01 6.522092223167419434e-02
-9.863263368606567383e-02 1.008341237902641296e-01 9.900020956993103027e-01 -2.896628677845001221e-01
0.000000000000000000e+00 0.000000000000000000e+00 0.000000000000000000e+00 1.000000000000000000e+00
8.433070182800292969e-01 5.363971590995788574e-01 3.332922235131263733e-02 -4.040341824293136597e-02
-5.246464014053344727e-01 8.351066112518310547e-01 -1.653552800416946411e-01 7.811577618122100830e-02
-1.165295913815498352e-01 1.219592094421386719e-01 9.856709241867065430e-01 -2.880273163318634033e-01
0.000000000000000000e+00 0.000000000000000000e+00 0.000000000000000000e+00 1.000000000000000000e+00
7.891165614128112793e-01 6.141257882118225098e-01 1.201990433037281036e-02 -3.044672124087810516e-02
-6.034991741180419922e-01 7.788090705871582031e-01 -1.710118502378463745e-01 8.376566320657730103e-02
-1.143840551376342773e-01 1.276942640542984009e-01 9.851956367492675781e-01 -2.889277338981628418e-01
0.000000000000000000e+00 0.000000000000000000e+00 0.000000000000000000e+00 1.000000000000000000e+00
7.183484435081481934e-01 6.955381035804748535e-01 -1.421353872865438461e-02 -1.729835383594036102e-02
-6.881827712059020996e-01 7.074633240699768066e-01 -1.609336733818054199e-01 8.388858288526535034e-02
-1.018799990415573120e-01 1.253879666328430176e-01 9.868628382682800293e-01 -2.903573811054229736e-01
0.000000000000000000e+00 0.000000000000000000e+00 0.000000000000000000e+00 1.000000000000000000e+00
6.412165760993957520e-01 7.673221230506896973e-01 -7.589641492813825607e-03 -1.407460588961839676e-02
-7.604709863662719727e-01 6.341067552566528320e-01 -1.399717032909393311e-01 7.984048128128051758e-02
-1.025907993316650391e-01 9.552384912967681885e-02 9.901264309883117676e-01 -2.931115925312042236e-01
0.000000000000000000e+00 0.000000000000000000e+00 0.000000000000000000e+00 1.000000000000000000e+00
5.467060804367065430e-01 8.368907570838928223e-01 -2.694997005164623260e-02 -2.186105120927095413e-03
-8.345574736595153809e-01 5.420025587081909180e-01 -9.872665256261825562e-02 6.850475817918777466e-02
-6.801647692918777466e-02 7.646575570106506348e-02 9.947496056556701660e-01 -2.980693876743316650e-01
0.000000000000000000e+00 0.000000000000000000e+00 0.000000000000000000e+00 1.000000000000000000e+00
4.574866592884063721e-01 8.862832784652709961e-01 -7.216503471136093140e-02 1.801928505301475525e-02
-8.890422582626342773e-01 4.542818367481231689e-01 -5.684908851981163025e-02 5.608721077442169189e-02
-1.760113611817359924e-02 9.016545861959457397e-02 9.957712292671203613e-01 -3.023943006992340088e-01
0.000000000000000000e+00 0.000000000000000000e+00 0.000000000000000000e+00 1.000000000000000000e+00
3.545467853546142578e-01 9.319196939468383789e-01 -7.630340754985809326e-02 2.381229959428310394e-02
-9.349739551544189453e-01 3.542968630790710449e-01 -1.724339649081230164e-02 4.115863516926765442e-02
1.096459198743104935e-02 7.745528966188430786e-02 9.969355463981628418e-01 -3.045938014984130859e-01
0.000000000000000000e+00 0.000000000000000000e+00 0.000000000000000000e+00 1.000000000000000000e+00
2.714138627052307129e-01 9.575246572494506836e-01 -9.737059473991394043e-02 3.324710205197334290e-02
-9.598363637924194336e-01 2.767532467842102051e-01 4.606300964951515198e-02 1.729279197752475739e-02
7.105409353971481323e-02 8.095770329236984253e-02 9.941816926002502441e-01 -3.043825328350067139e-01
0.000000000000000000e+00 0.000000000000000000e+00 0.000000000000000000e+00 1.000000000000000000e+00
1.951257288455963135e-01 9.725211858749389648e-01 -1.269981265068054199e-01 4.422278329730033875e-02
-9.724041223526000977e-01 2.087157517671585083e-01 1.042490601539611816e-01 -4.233636893332004547e-03
1.278909444808959961e-01 1.031518280506134033e-01 9.864094853401184082e-01 -3.027892708778381348e-01
0.000000000000000000e+00 0.000000000000000000e+00 0.000000000000000000e+00 1.000000000000000000e+00
1.180035471916198730e-01 9.850641489028930664e-01 -1.253962814807891846e-01 4.546355083584785461e-02
-9.705765247344970703e-01 1.411058008670806885e-01 1.951148808002471924e-01 -3.511503338813781738e-02
2.098948508501052856e-01 9.868250787258148193e-02 9.727312922477722168e-01 -3.001090884208679199e-01
0.000000000000000000e+00 0.000000000000000000e+00 0.000000000000000000e+00 1.000000000000000000e+00
1.867567598819732666e-01 9.758493900299072266e-01 -1.133142784237861633e-01 4.073458164930343628e-02
-9.559470415115356445e-01 2.071031332015991211e-01 2.080209851264953613e-01 -3.906686231493949890e-02
2.264649569988250732e-01 6.947322934865951538e-02 9.715387225151062012e-01 -2.976137995719909668e-01
0.000000000000000000e+00 0.000000000000000000e+00 0.000000000000000000e+00 1.000000000000000000e+00
2.746440768241882324e-01 9.551053047180175781e-01 -1.111048758029937744e-01 3.777092695236206055e-02
-9.396030306816101074e-01 2.911230921745300293e-01 1.799813956022262573e-01 -2.806181274354457855e-02
2.042463719844818115e-01 5.496367812156677246e-02 9.773752093315124512e-01 -2.965904474258422852e-01
0.000000000000000000e+00 0.000000000000000000e+00 0.000000000000000000e+00 1.000000000000000000e+00
3.276593983173370361e-01 9.370886087417602539e-01 -1.204330399632453918e-01 3.885615989565849304e-02
-9.344887733459472656e-01 3.402184545993804932e-01 1.047948375344276428e-01 -1.727436319924890995e-03
1.391755938529968262e-01 7.820632308721542358e-02 9.871746897697448730e-01 -2.962241470813751221e-01
0.000000000000000000e+00 0.000000000000000000e+00 0.000000000000000000e+00 1.000000000000000000e+00
3.608885407447814941e-01 9.205172061920166016e-01 -1.496910601854324341e-01 4.660908877849578857e-02
-9.300915598869323730e-01 3.670331835746765137e-01 1.470363233238458633e-02 3.032352030277252197e-02
6.847653537988662720e-02 1.339200437068939209e-01 9.886234998703002930e-01 -2.926739454269409180e-01
0.000000000000000000e+00 0.000000000000000000e+00 0.000000000000000000e+00 1.000000000000000000e+00
4.017953276634216309e-01 9.000146985054016113e-01 -1.689195930957794189e-01 5.059614032506942749e-02
-9.157124757766723633e-01 3.960155248641967773e-01 -6.813398748636245728e-02 5.849215760827064514e-02
5.573160015046596527e-03 1.820577234029769897e-01 9.832720756530761719e-01 -2.872091829776763916e-01
0.000000000000000000e+00 0.000000000000000000e+00 0.000000000000000000e+00 1.000000000000000000e+00
4.530211985111236572e-01 8.703067302703857422e-01 -1.932298392057418823e-01 5.500974878668785095e-02
-8.896829485893249512e-01 4.275208413600921631e-01 -1.602805405855178833e-01 8.646149188280105591e-02
-5.688348412513732910e-02 2.445237934589385986e-01 9.679732918739318848e-01 -2.774870395660400391e-01
0.000000000000000000e+00 0.000000000000000000e+00 0.000000000000000000e+00 1.000000000000000000e+00
5.266727209091186523e-01 8.307682275772094727e-01 -1.801109611988067627e-01 4.530187323689460754e-02
-8.438313603401184082e-01 4.853201806545257568e-01 -2.289387285709381104e-01 1.051073819398880005e-01
-1.027835682034492493e-01 2.725590467453002930e-01 9.566332101821899414e-01 -2.699962556362152100e-01
0.000000000000000000e+00 0.000000000000000000e+00 0.000000000000000000e+00 1.000000000000000000e+00
5.867780447006225586e-01 7.912715077400207520e-01 -1.719904541969299316e-01 3.857484087347984314e-02
-7.968451380729675293e-01 5.264875292778015137e-01 -2.963924705982208252e-01 1.218292191624641418e-01
-1.439761966466903687e-01 3.109663128852844238e-01 9.394523501396179199e-01 -2.610602676868438721e-01
0.000000000000000000e+00 0.000000000000000000e+00 0.000000000000000000e+00 1.000000000000000000e+00
6.594548821449279785e-01 7.355185747146606445e-01 -1.553431600332260132e-01 2.763054892420768738e-02
-7.291038632392883301e-01 5.754570364952087402e-01 -3.704814016819000244e-01 1.376509219408035278e-01
-1.831027418375015259e-01 3.575770854949951172e-01 9.157575964927673340e-01 -2.498752921819686890e-01
0.000000000000000000e+00 0.000000000000000000e+00 0.000000000000000000e+00 1.000000000000000000e+00
7.291348576545715332e-01 6.700159907341003418e-01 -1.394312977790832520e-01 1.928000338375568390e-02
-6.514416337013244629e-01 6.170590519905090332e-01 -4.414304494857788086e-01 1.512128263711929321e-01
-2.097281366586685181e-01 4.126937687397003174e-01 8.863961100578308105e-01 -2.362132817506790161e-01
0.000000000000000000e+00 0.000000000000000000e+00 0.000000000000000000e+00 1.000000000000000000e+00
7.453766465187072754e-01 6.537639498710632324e-01 -1.304088830947875977e-01 1.452059950679540634e-02
-6.103621721267700195e-01 5.905939936637878418e-01 -5.278797149658203125e-01 1.715214252471923828e-01
-2.680900990962982178e-01 4.730654358863830566e-01 8.392477631568908691e-01 -2.146108597517013550e-01
0.000000000000000000e+00 0.000000000000000000e+00 0.000000000000000000e+00 1.000000000000000000e+00
7.770043611526489258e-01 6.162096858024597168e-01 -1.286454945802688599e-01 1.187695004045963287e-02
-5.409238934516906738e-01 5.490604043006896973e-01 -6.371293067932128906e-01 1.994161605834960938e-01
-3.219711780548095703e-01 5.646394491195678711e-01 7.599453330039978027e-01 -1.853237152099609375e-01
0.000000000000000000e+00 0.000000000000000000e+00 0.000000000000000000e+00 1.000000000000000000e+00
8.023582100868225098e-01 5.835933089256286621e-01 -1.250588446855545044e-01 8.804467506706714630e-03
-4.851602017879486084e-01 5.157012343406677246e-01 -7.061666250228881836e-01 2.173519432544708252e-01
-3.476212322711944580e-01 6.272722482681274414e-01 6.969137787818908691e-01 -1.630543321371078491e-01
0.000000000000000000e+00 0.000000000000000000e+00 0.000000000000000000e+00 1.000000000000000000e+00
8.324453234672546387e-01 5.392294526100158691e-01 -1.275394260883331299e-01 6.784390192478895187e-03
-4.179897010326385498e-01 4.599922299385070801e-01 -7.833845019340515137e-01 2.375884205102920532e-01
-3.637568652629852295e-01 7.054352164268493652e-01 6.083109974861145020e-01 -1.377957016229629517e-01
0.000000000000000000e+00 0.000000000000000000e+00 0.000000000000000000e+00 1.000000000000000000e+00
8.596386909484863281e-01 5.043007731437683105e-01 -8.186581730842590332e-02 -8.398432284593582153e-03
-3.307081758975982666e-01 4.271175563335418701e-01 -8.415477275848388672e-01 2.515236139297485352e-01
-3.894268870353698730e-01 7.505009174346923828e-01 5.339431762695312500e-01 -1.172276884317398071e-01
0.000000000000000000e+00 0.000000000000000000e+00 0.000000000000000000e+00 1.000000000000000000e+00
8.681012392044067383e-01 4.942210018634796143e-01 -4.633227363228797913e-02 -1.745781302452087402e-02
-2.374673187732696533e-01 3.315133452415466309e-01 -9.130762219429016113e-01 2.655592262744903564e-01
-4.359013736248016357e-01 8.036447763442993164e-01 4.051485955715179443e-01 -8.192444592714309692e-02
0.000000000000000000e+00 0.000000000000000000e+00 0.000000000000000000e+00 1.000000000000000000e+00
8.443634510040283203e-01 5.353922843933105469e-01 -2.012260816991329193e-02 -2.917648665606975555e-02
-1.076694726943969727e-01 1.327732801437377930e-01 -9.852807521820068359e-01 2.827147841453552246e-01
-5.248403549194335938e-01 8.341017365455627441e-01 1.697541773319244385e-01 -1.416041515767574310e-02
0.000000000000000000e+00 0.000000000000000000e+00 0.000000000000000000e+00 1.000000000000000000e+00
8.429064750671386719e-01 5.370113849639892578e-01 -3.356391564011573792e-02 -2.400681935250759125e-02
-1.054645106196403503e-01 1.037259027361869812e-01 -9.889981150627136230e-01 2.832094132900238037e-01
-5.276222229003906250e-01 8.371735215187072754e-01 1.440669298171997070e-01 -1.304265111684799194e-02
0.000000000000000000e+00 0.000000000000000000e+00 0.000000000000000000e+00 1.000000000000000000e+00
8.164662122726440430e-01 5.767354369163513184e-01 -2.756245434284210205e-02 -2.175808511674404144e-02
-1.057033687829971313e-01 1.023708656430244446e-01 -9.891145229339599609e-01 2.834685444831848145e-01
-5.676353573799133301e-01 8.104910850524902344e-01 1.445451229810714722e-01 -1.376936864107847214e-02
0.000000000000000000e+00 0.000000000000000000e+00 0.000000000000000000e+00 1.000000000000000000e+00
7.819520235061645508e-01 6.220480203628540039e-01 -4.010295867919921875e-02 -1.724489592015743256e-02
-2.391340732574462891e-01 2.399486899375915527e-01 -9.408715367317199707e-01 2.755179703235626221e-01
-5.756443142890930176e-01 7.453060746192932129e-01 3.363810777664184570e-01 -5.723628029227256775e-02
0.000000000000000000e+00 0.000000000000000000e+00 0.000000000000000000e+00 1.000000000000000000e+00
8.059335947036743164e-01 5.870920419692993164e-01 -7.612058520317077637e-02 -7.807305082678794861e-03
-3.047074079513549805e-01 3.011319637298583984e-01 -9.035889506340026855e-01 2.676946222782135010e-01
-5.075673460960388184e-01 7.514269351959228516e-01 4.215836226940155029e-01 -8.260519057512283325e-02
0.000000000000000000e+00 0.000000000000000000e+00 0.000000000000000000e+00 1.000000000000000000e+00
7.958140969276428223e-01 5.988779067993164062e-01 -8.958462625741958618e-02 -4.679067526012659073e-03
-3.711662888526916504e-01 3.655346930027008057e-01 -8.535920381546020508e-01 2.568921148777008057e-01
-4.784511923789978027e-01 7.125521302223205566e-01 5.131811499595642090e-01 -1.089250147342681885e-01
0.000000000000000000e+00 0.000000000000000000e+00 0.000000000000000000e+00 1.000000000000000000e+00
8.235647082328796387e-01 5.625827312469482422e-01 -7.240063697099685669e-02 -1.508027035742998123e-02
-4.578944146633148193e-01 5.840575098991394043e-01 -6.702309846878051758e-01 2.178668528795242310e-01
-3.347741961479187012e-01 5.851302742958068848e-01 7.386122941970825195e-01 -1.789199858903884888e-01
0.000000000000000000e+00 0.000000000000000000e+00 0.000000000000000000e+00 1.000000000000000000e+00
8.229107260704040527e-01 5.667017102241516113e-01 -4.083019495010375977e-02 -2.509670518338680267e-02
-4.710066616535186768e-01 6.402287483215332031e-01 -6.068437695503234863e-01 1.994083821773529053e-01
-3.177587091922760010e-01 5.186093449592590332e-01 7.937713265419006348e-01 -1.957659572362899780e-01
0.000000000000000000e+00 0.000000000000000000e+00 0.000000000000000000e+00 1.000000000000000000e+00
8.513866662979125977e-01 5.229625105857849121e-01 -4.062122851610183716e-02 -2.617644704878330231e-02
-4.612350165843963623e-01 7.095093727111816406e-01 -5.327840447425842285e-01 1.769711971282958984e-01
-2.498054802417755127e-01 4.723413884639739990e-01 8.452761173248291016e-01 -2.128995954990386963e-01
0.000000000000000000e+00 0.000000000000000000e+00 0.000000000000000000e+00 1.000000000000000000e+00
8.668099045753479004e-01 4.985941648483276367e-01 -6.708414293825626373e-03 -3.433131054043769836e-02
-4.616740643978118896e-01 7.973951697349548340e-01 -3.886099159717559814e-01 1.353745609521865845e-01
-1.884095072746276855e-01 3.399478793144226074e-01 9.213776588439941406e-01 -2.366045564413070679e-01
0.000000000000000000e+00 0.000000000000000000e+00 0.000000000000000000e+00 1.000000000000000000e+00
8.756760358810424805e-01 4.828569293022155762e-01 -6.378252990543842316e-03 -3.308976814150810242e-02
-4.684707522392272949e-01 8.462334871292114258e-01 -2.538192272186279297e-01 9.764219820499420166e-02
-1.171608939766883850e-01 2.252515107393264771e-01 9.672305583953857422e-01 -2.523972094058990479e-01
0.000000000000000000e+00 0.000000000000000000e+00 0.000000000000000000e+00 1.000000000000000000e+00
8.781025409698486328e-01 4.783994853496551514e-01 8.354120887815952301e-03 -3.289277106523513794e-02
-4.775752127170562744e-01 8.773912191390991211e-01 -4.589648544788360596e-02 3.897319361567497253e-02
-2.928669750690460205e-02 3.631209582090377808e-02 9.989112615585327148e-01 -2.650678753852844238e-01
0.000000000000000000e+00 0.000000000000000000e+00 0.000000000000000000e+00 1.000000000000000000e+00
8.866293430328369141e-01 4.624727666378021240e-01 2.662976039573550224e-03 -2.989917248487472534e-02
-4.620651006698608398e-01 8.855744004249572754e-01 4.747343808412551880e-02 1.155249867588281631e-02
1.959692873060703278e-02 -4.332181066274642944e-02 9.988689422607421875e-01 -2.678569555282592773e-01
0.000000000000000000e+00 0.000000000000000000e+00 0.000000000000000000e+00 1.000000000000000000e+00
8.958831429481506348e-01 4.442576169967651367e-01 5.348887294530868530e-03 -3.030881658196449280e-02
-4.400582313537597656e-01 8.856284618377685547e-01 1.483603119850158691e-01 -2.026334032416343689e-02
6.117311120033264160e-02 -1.352673172950744629e-01 9.889189004898071289e-01 -2.672803103923797607e-01
0.000000000000000000e+00 0.000000000000000000e+00 0.000000000000000000e+00 1.000000000000000000e+00
8.985189795494079590e-01 4.389343261718750000e-01 -5.580149809247814119e-05 -2.858744189143180847e-02
-4.243202209472656250e-01 8.686358928680419922e-01 2.557812035083770752e-01 -5.376936495304107666e-02
1.123196482658386230e-01 -2.298005819320678711e-01 9.667345881462097168e-01 -2.626334130764007568e-01
0.000000000000000000e+00 0.000000000000000000e+00 0.000000000000000000e+00 1.000000000000000000e+00
9.017195105552673340e-01 4.323170483112335205e-01 -1.984075410291552544e-03 -2.773037739098072052e-02
-4.013133049011230469e-01 8.387404680252075195e-01 3.680505156517028809e-01 -9.090902656316757202e-02
1.607786118984222412e-01 -3.310819566249847412e-01 9.298037290573120117e-01 -2.531590163707733154e-01
0.000000000000000000e+00 0.000000000000000000e+00 0.000000000000000000e+00 1.000000000000000000e+00
9.078230857849121094e-01 4.193260669708251953e-01 -4.744690377265214920e-03 -2.825884893536567688e-02
-3.716807067394256592e-01 8.098095655441284180e-01 4.539402127265930176e-01 -1.197248771786689758e-01
1.941914111375808716e-01 -4.103339910507202148e-01 8.910195827484130859e-01 -2.437449693679809570e-01
0.000000000000000000e+00 0.000000000000000000e+00 0.000000000000000000e+00 1.000000000000000000e+00
9.185166358947753906e-01 3.953720033168792725e-01 2.736606635153293610e-03 -3.320961445569992065e-02
-3.318462967872619629e-01 7.671355009078979492e-01 5.489815473556518555e-01 -1.511064767837524414e-01
2.149527072906494141e-01 -5.051569342613220215e-01 8.358302116394042969e-01 -2.300029844045639038e-01
0.000000000000000000e+00 0.000000000000000000e+00 0.000000000000000000e+00 1.000000000000000000e+00
9.123367667198181152e-01 4.086953401565551758e-01 2.467658556997776031e-02 -4.065911471843719482e-02
-3.315031230449676514e-01 7.019587159156799316e-01 6.303642392158508301e-01 -1.757813394069671631e-01
2.403051704168319702e-01 -5.832850337028503418e-01 7.759067416191101074e-01 -2.154599577188491821e-01
0.000000000000000000e+00 0.000000000000000000e+00 0.000000000000000000e+00 1.000000000000000000e+00
9.220131635665893555e-01 3.847429454326629639e-01 4.318527132272720337e-02 -4.829348623752593994e-02
-2.936877608299255371e-01 6.223669648170471191e-01 7.255390286445617676e-01 -2.061487138271331787e-01
2.522689402103424072e-01 -6.816397309303283691e-01 6.868249773979187012e-01 -1.905930489301681519e-01
0.000000000000000000e+00 0.000000000000000000e+00 0.000000000000000000e+00 1.000000000000000000e+00
9.309818744659423828e-01 3.598018586635589600e-01 6.175997853279113770e-02 -5.555453151464462280e-02
-2.648587822914123535e-01 5.492768287658691406e-01 7.925555706024169922e-01 -2.280993461608886719e-01
2.512397766113281250e-01 -7.542133927345275879e-01 6.066641807556152344e-01 -1.662915647029876709e-01
0.000000000000000000e+00 0.000000000000000000e+00 0.000000000000000000e+00 1.000000000000000000e+00
9.409867525100708008e-01 3.337266147136688232e-01 5.630646646022796631e-02 -5.571089684963226318e-02
-2.192654758691787720e-01 4.744037389755249023e-01 8.525628447532653809e-01 -2.490105032920837402e-01
2.578113377094268799e-01 -8.145967721939086914e-01 5.195825099945068359e-01 -1.413216739892959595e-01
0.000000000000000000e+00 0.000000000000000000e+00 0.000000000000000000e+00 1.000000000000000000e+00
9.507683515548706055e-01 3.053841888904571533e-01 5.272250995039939880e-02 -5.792726203799247742e-02
-1.808623522520065308e-01 4.086426794528961182e-01 8.945947289466857910e-01 -2.632716596126556396e-01
2.516504526138305664e-01 -8.600879311561584473e-01 4.437571167945861816e-01 -1.201749742031097412e-01
0.000000000000000000e+00 0.000000000000000000e+00 0.000000000000000000e+00 1.000000000000000000e+00
9.651569724082946777e-01 2.566683292388916016e-01 5.092211440205574036e-02 -5.994474887847900391e-02
-1.436545848846435547e-01 3.570754826068878174e-01 9.229629635810852051e-01 -2.740711271762847900e-01
2.187124192714691162e-01 -8.981191515922546387e-01 3.815053701400756836e-01 -1.004494950175285339e-01
0.000000000000000000e+00 0.000000000000000000e+00 0.000000000000000000e+00 1.000000000000000000e+00
9.682016372680664062e-01 2.415346354246139526e-01 6.516931205987930298e-02 -6.711323559284210205e-02
-1.334564238786697388e-01 2.783273458480834961e-01 9.511693120002746582e-01 -2.873184680938720703e-01
2.116018980741500854e-01 -9.296205639839172363e-01 3.017113804817199707e-01 -7.293122261762619019e-02
0.000000000000000000e+00 0.000000000000000000e+00 0.000000000000000000e+00 1.000000000000000000e+00
9.800475835800170898e-01 1.921672075986862183e-01 5.078200250864028931e-02 -6.592214107513427734e-02
-8.773070573806762695e-02 1.889634281396865845e-01 9.780572652816772461e-01 -2.993000447750091553e-01
1.783546358346939087e-01 -9.629975557327270508e-01 2.020521610975265503e-01 -3.702752664685249329e-02
0.000000000000000000e+00 0.000000000000000000e+00 0.000000000000000000e+00 1.000000000000000000e+00
9.968236684799194336e-01 7.888054847717285156e-02 1.096711587160825729e-02 -5.606481060385704041e-02
-2.057557180523872375e-02 1.220507845282554626e-01 9.923102855682373047e-01 -3.059885501861572266e-01
7.693547755479812622e-02 -9.893839359283447266e-01 1.232862025499343872e-01 -1.217981055378913879e-02
0.000000000000000000e+00 0.000000000000000000e+00 0.000000000000000000e+00 1.000000000000000000e+00
9.973028302192687988e-01 7.314963638782501221e-02 -6.034860387444496155e-03 -5.229816958308219910e-02
-1.176010537892580032e-02 2.404088973999023438e-01 9.706006050109863281e-01 -3.013879954814910889e-01
7.244989275932312012e-02 -9.679113626480102539e-01 2.406207770109176636e-01 -4.975855723023414612e-02
0.000000000000000000e+00 0.000000000000000000e+00 0.000000000000000000e+00 1.000000000000000000e+00
9.982035160064697266e-01 2.736786194145679474e-02 -5.329267680644989014e-02 -3.644510358572006226e-02
4.307321086525917053e-02 2.904205620288848877e-01 9.559293389320373535e-01 -3.077766299247741699e-01
4.163903370499610901e-02 -9.565075635910034180e-01 2.887200117111206055e-01 -6.362745165824890137e-02
0.000000000000000000e+00 0.000000000000000000e+00 0.000000000000000000e+00 1.000000000000000000e+00
9.896801114082336426e-01 -5.950155854225158691e-02 -1.303561180830001831e-01 -5.866526160389184952e-03
1.418062001466751099e-01 2.759421765804290771e-01 9.506560564041137695e-01 -3.181335628032684326e-01
-2.059480547904968262e-02 -9.593303203582763672e-01 2.815321385860443115e-01 -5.815798044204711914e-02
0.000000000000000000e+00 0.000000000000000000e+00 0.000000000000000000e+00 1.000000000000000000e+00
9.700506925582885742e-01 -7.617534697055816650e-02 -2.306490093469619751e-01 2.787557244300842285e-02
2.425623238086700439e-01 2.535414993762969971e-01 9.364187121391296387e-01 -3.232104480266571045e-01
-1.285293977707624435e-02 -9.643204808235168457e-01 2.644252181053161621e-01 -5.159645527601242065e-02
0.000000000000000000e+00 0.000000000000000000e+00 0.000000000000000000e+00 1.000000000000000000e+00
9.772508144378662109e-01 1.491492381319403648e-03 -2.120830565690994263e-01 1.828168146312236786e-02
2.015150785446166992e-01 3.052652478218078613e-01 9.307012557983398438e-01 -3.201875686645507812e-01
6.612968444824218750e-02 -9.522661566734313965e-01 2.980200946331024170e-01 -6.862198561429977417e-02
0.000000000000000000e+00 0.000000000000000000e+00 0.000000000000000000e+00 1.000000000000000000e+00
9.883965253829956055e-01 1.016930416226387024e-01 -1.128316372632980347e-01 -1.950762607157230377e-02
6.720820069313049316e-02 3.733663260936737061e-01 9.252464771270751953e-01 -3.117832541465759277e-01
1.362186521291732788e-01 -9.220936894416809082e-01 3.621991872787475586e-01 -9.939581900835037231e-02
0.000000000000000000e+00 0.000000000000000000e+00 0.000000000000000000e+00 1.000000000000000000e+00
9.819422364234924316e-01 1.882773190736770630e-01 -1.846766285598278046e-02 -5.278252437710762024e-02
-4.113640263676643372e-02 3.077818751335144043e-01 9.505670666694641113e-01 -3.137142956256866455e-01
1.846542060375213623e-01 -9.326421022415161133e-01 3.099691271781921387e-01 -8.706231415271759033e-02
0.000000000000000000e+00 0.000000000000000000e+00 0.000000000000000000e+00 1.000000000000000000e+00
9.285347461700439453e-01 3.586026430130004883e-01 9.605439007282257080e-02 -8.884145319461822510e-02
-2.189973741769790649e-01 3.201685845851898193e-01 9.217005968093872070e-01 -2.948065102100372314e-01
2.997708320617675781e-01 -8.768671751022338867e-01 3.758206963539123535e-01 -1.184933260083198547e-01
0.000000000000000000e+00 0.000000000000000000e+00 0.000000000000000000e+00 1.000000000000000000e+00
8.816885352134704590e-01 4.625175595283508301e-01 9.328676015138626099e-02 -8.622811734676361084e-02
-2.768582701683044434e-01 3.470419645309448242e-01 8.960533738136291504e-01 -2.821893692016601562e-01
3.820661008358001709e-01 -8.158676624298095703e-01 4.340347945690155029e-01 -1.461350768804550171e-01
0.000000000000000000e+00 0.000000000000000000e+00 0.000000000000000000e+00 1.000000000000000000e+00
8.471293449401855469e-01 5.280879735946655273e-01 5.912846326828002930e-02 -7.383877038955688477e-02
-3.254586756229400635e-01 4.276592433452606201e-01 8.433177471160888672e-01 -2.624672651290893555e-01
4.200583994388580322e-01 -7.336423993110656738e-01 5.341531038284301758e-01 -1.827913522720336914e-01
0.000000000000000000e+00 0.000000000000000000e+00 0.000000000000000000e+00 1.000000000000000000e+00
8.093025684356689453e-01 5.845988988876342773e-01 5.720267444849014282e-02 -7.006116211414337158e-02
-4.234443008899688721e-01 5.131530165672302246e-01 7.465713024139404297e-01 -2.244654744863510132e-01
4.070914387702941895e-01 -6.284244060516357422e-01 6.628412604331970215e-01 -2.250689864158630371e-01
0.000000000000000000e+00 0.000000000000000000e+00 0.000000000000000000e+00 1.000000000000000000e+00
7.801778912544250488e-01 6.248458027839660645e-01 2.983561903238296509e-02 -6.008449941873550415e-02
-5.022544860839843750e-01 5.972532033920288086e-01 6.253229975700378418e-01 -1.782445013523101807e-01
3.729109764099121094e-01 -5.028480887413024902e-01 7.797949910163879395e-01 -2.614426612854003906e-01
0.000000000000000000e+00 0.000000000000000000e+00 0.000000000000000000e+00 1.000000000000000000e+00
7.564805746078491211e-01 6.535317301750183105e-01 2.516666240990161896e-02 -5.714289471507072449e-02
-5.658592581748962402e-01 6.347333192825317383e-01 5.262292027473449707e-01 -1.412924826145172119e-01
3.279330730438232422e-01 -4.123226404190063477e-01 8.499698042869567871e-01 -2.823019921779632568e-01
0.000000000000000000e+00 0.000000000000000000e+00 0.000000000000000000e+00 1.000000000000000000e+00
6.564913988113403320e-01 7.540202140808105469e-01 2.172920107841491699e-02 -4.914111271500587463e-02
-6.762042045593261719e-01 5.754849910736083984e-01 4.599622189998626709e-01 -1.115121468901634216e-01
3.343161046504974365e-01 -3.166544735431671143e-01 8.876727819442749023e-01 -2.965893447399139404e-01
0.000000000000000000e+00 0.000000000000000000e+00 0.000000000000000000e+00 1.000000000000000000e+00
5.863807201385498047e-01 8.099810481071472168e-01 -9.379270486533641815e-03 -3.363399952650070190e-02
-7.416583299636840820e-01 5.415033102035522461e-01 3.958747088909149170e-01 -8.521451801061630249e-02
3.257300555706024170e-01 -2.251771390438079834e-01 9.182565808296203613e-01 -3.076223134994506836e-01
0.000000000000000000e+00 0.000000000000000000e+00 0.000000000000000000e+00 1.000000000000000000e+00
5.437413454055786133e-01 8.383356928825378418e-01 -3.922146558761596680e-02 -1.974758319556713104e-02
-7.832149863243103027e-01 5.236713290214538574e-01 3.351756036281585693e-01 -6.086496636271476746e-02
3.015289008617401123e-01 -1.515299826860427856e-01 9.413388967514038086e-01 -3.141120374202728271e-01
0.000000000000000000e+00 0.000000000000000000e+00 0.000000000000000000e+00 1.000000000000000000e+00
5.070615410804748535e-01 8.553190231323242188e-01 -1.063849925994873047e-01 5.879275966435670853e-03
-8.205405473709106445e-01 5.168132185935974121e-01 2.441663593053817749e-01 -2.783008106052875519e-02
2.638213336467742920e-01 -3.651411086320877075e-02 9.638802409172058105e-01 -3.199210166931152344e-01
0.000000000000000000e+00 0.000000000000000000e+00 0.000000000000000000e+00 1.000000000000000000e+00
4.364529848098754883e-01 8.867858052253723145e-01 -1.520509570837020874e-01 2.707598917186260223e-02
-8.615299463272094727e-01 4.606311321258544922e-01 2.135064750909805298e-01 -1.416208688169717789e-02
2.593739628791809082e-01 3.781097009778022766e-02 9.650365710258483887e-01 -3.204528391361236572e-01
0.000000000000000000e+00 0.000000000000000000e+00 0.000000000000000000e+00 1.000000000000000000e+00
3.552926182746887207e-01 8.996660113334655762e-01 -2.537086606025695801e-01 6.751880049705505371e-02
-8.952237963676452637e-01 4.055908024311065674e-01 1.845813691616058350e-01 -2.054066397249698639e-03
2.689635157585144043e-01 1.615456789731979370e-01 9.495059847831726074e-01 -3.154820799827575684e-01
0.000000000000000000e+00 0.000000000000000000e+00 0.000000000000000000e+00 1.000000000000000000e+00
2.946397662162780762e-01 8.883709907531738281e-01 -3.521139621734619141e-01 1.048804000020027161e-01
-9.152109622955322266e-01 3.683318793773651123e-01 1.634635329246520996e-01 6.866179872304201126e-03
2.749110162258148193e-01 2.740957736968994141e-01 9.215722084045410156e-01 -3.069336712360382080e-01
0.000000000000000000e+00 0.000000000000000000e+00 0.000000000000000000e+00 1.000000000000000000e+00
2.744009494781494141e-01 8.604888916015625000e-01 -4.292583763599395752e-01 1.313143968582153320e-01
-9.335330128669738770e-01 3.454642891883850098e-01 9.575956314802169800e-02 3.097519092261791229e-02
2.306933999061584473e-01 3.744504451751708984e-01 8.980909585952758789e-01 -2.955214381217956543e-01
0.000000000000000000e+00 0.000000000000000000e+00 0.000000000000000000e+00 1.000000000000000000e+00
1.806569248437881470e-01 7.842557430267333984e-01 -5.935530662536621094e-01 1.915317624807357788e-01
-9.623202085494995117e-01 2.656413018703460693e-01 5.809222534298896790e-02 4.406572878360748291e-02
2.032314240932464600e-01 5.606933236122131348e-01 8.026955723762512207e-01 -2.622161507606506348e-01
0.000000000000000000e+00 0.000000000000000000e+00 0.000000000000000000e+00 1.000000000000000000e+00
1.393132805824279785e-01 6.819275617599487305e-01 -7.180294394493103027e-01 2.351798117160797119e-01
-9.729833602905273438e-01 2.290742695331573486e-01 2.877679467201232910e-02 5.418448150157928467e-02
1.841057091951370239e-01 6.946216821670532227e-01 6.954175829887390137e-01 -2.262876927852630615e-01
0.000000000000000000e+00 0.000000000000000000e+00 0.000000000000000000e+00 1.000000000000000000e+00
1.078195869922637939e-01 5.807754993438720703e-01 -8.068916201591491699e-01 2.656647264957427979e-01
-9.836701154708862305e-01 1.799751520156860352e-01 -1.900812960229814053e-03 6.433811783790588379e-02
1.441163271665573120e-01 7.939194440841674805e-01 5.906957387924194336e-01 -1.898751407861709595e-01
0.000000000000000000e+00 0.000000000000000000e+00 0.000000000000000000e+00 1.000000000000000000e+00
7.801603525876998901e-02 5.121166706085205078e-01 -8.553649187088012695e-01 2.834192812442779541e-01
-9.905277490615844727e-01 1.370656490325927734e-01 -8.281016722321510315e-03 6.716757267713546753e-02
1.130002439022064209e-01 8.479087948799133301e-01 5.179597735404968262e-01 -1.646535992622375488e-01
0.000000000000000000e+00 0.000000000000000000e+00 0.000000000000000000e+00 1.000000000000000000e+00
1.551975607872009277e-01 5.153566002845764160e-01 -8.428058624267578125e-01 2.724795341491699219e-01
-9.874829649925231934e-01 1.052253544330596924e-01 -1.174959540367126465e-01 1.029065102338790894e-01
2.813221327960491180e-02 8.504911661148071289e-01 5.252364873886108398e-01 -1.599119156599044800e-01
0.000000000000000000e+00 0.000000000000000000e+00 0.000000000000000000e+00 1.000000000000000000e+00
2.638160586357116699e-01 5.857337713241577148e-01 -7.663660049438476562e-01 2.402932047843933105e-01
-9.596320986747741699e-01 7.906458526849746704e-02 -2.699174582958221436e-01 1.499860733747482300e-01
-9.750735759735107422e-02 8.066384196281433105e-01 5.829476714134216309e-01 -1.680910438299179077e-01
0.000000000000000000e+00 0.000000000000000000e+00 0.000000000000000000e+00 1.000000000000000000e+00
3.161557614803314209e-01 6.271100044250488281e-01 -7.118837833404541016e-01 2.198517024517059326e-01
-9.303812384605407715e-01 5.817143619060516357e-02 -3.619489967823028564e-01 1.766304522752761841e-01
-1.855703294277191162e-01 7.767549753189086914e-01 6.018422245979309082e-01 -1.671700775623321533e-01
0.000000000000000000e+00 0.000000000000000000e+00 0.000000000000000000e+00 1.000000000000000000e+00
3.599323332309722900e-01 6.455234885215759277e-01 -6.736084222793579102e-01 2.045771479606628418e-01
-8.923116922378540039e-01 2.734294161200523376e-02 -4.505902230739593506e-01 2.014695256948471069e-01
-2.724482119083404541e-01 7.632508873939514160e-01 5.858497619628906250e-01 -1.553355753421783447e-01
0.000000000000000000e+00 0.000000000000000000e+00 0.000000000000000000e+00 1.000000000000000000e+00
4.119723737239837646e-01 6.573689579963684082e-01 -6.309872269630432129e-01 1.863641738891601562e-01
-8.382924795150756836e-01 2.020352287217974663e-03 -5.452179908752441406e-01 2.265306264162063599e-01
-3.571342229843139648e-01 7.535663843154907227e-01 5.519002079963684082e-01 -1.372073739767074585e-01
0.000000000000000000e+00 0.000000000000000000e+00 0.000000000000000000e+00 1.000000000000000000e+00
5.060327649116516113e-01 6.638101339340209961e-01 -5.507150292396545410e-01 1.556040048599243164e-01
-7.321197986602783203e-01 -6.986266002058982849e-03 -6.811401844024658203e-01 2.589427232742309570e-01
-4.559952318668365479e-01 7.478687763214111328e-01 4.824531674385070801e-01 -1.045752391219139099e-01
0.000000000000000000e+00 0.000000000000000000e+00 0.000000000000000000e+00 1.000000000000000000e+00
6.089706420898437500e-01 6.989549994468688965e-01 -3.749880492687225342e-01 9.272737801074981689e-02
-5.777575373649597168e-01 6.695841252803802490e-02 -8.134574294090270996e-01 2.910835444927215576e-01
-5.434612631797790527e-01 7.120239734649658203e-01 4.446021616458892822e-01 -8.495072275400161743e-02
0.000000000000000000e+00 0.000000000000000000e+00 0.000000000000000000e+00 1.000000000000000000e+00
6.196317672729492188e-01 7.395004034042358398e-01 -2.630518078804016113e-01 5.977769941091537476e-02
-4.945394396781921387e-01 1.075831353664398193e-01 -8.624715209007263184e-01 3.009846508502960205e-01
-6.094976663589477539e-01 6.645039319992065430e-01 4.323741197586059570e-01 -7.673133164644241333e-02
0.000000000000000000e+00 0.000000000000000000e+00 0.000000000000000000e+00 1.000000000000000000e+00
5.813250541687011719e-01 7.908875942230224609e-01 -1.912009716033935547e-01 4.362456873059272766e-02
-3.910168707370758057e-01 6.546478718519210815e-02 -9.180521368980407715e-01 3.114812970161437988e-01
-7.135592699050903320e-01 6.084495186805725098e-01 3.473066091537475586e-01 -4.805551469326019287e-02
0.000000000000000000e+00 0.000000000000000000e+00 0.000000000000000000e+00 1.000000000000000000e+00
4.177720546722412109e-01 9.069998264312744141e-01 -5.307678133249282837e-02 1.728836074471473694e-02
-2.225510329008102417e-01 4.551979899406433105e-02 -9.738578200340270996e-01 3.192083537578582764e-01
-8.808732628822326660e-01 4.186628460884094238e-01 2.208707928657531738e-01 -7.293109782040119171e-03
0.000000000000000000e+00 0.000000000000000000e+00 0.000000000000000000e+00 1.000000000000000000e+00
2.821750640869140625e-01 9.552939534187316895e-01 8.826964348554611206e-02 -2.268730290234088898e-02
-2.403182685375213623e-01 1.594594717025756836e-01 -9.575073719024658203e-01 3.221084475517272949e-01
-9.287762641906738281e-01 2.489715963602066040e-01 2.745700478553771973e-01 -3.164010867476463318e-02
0.000000000000000000e+00 0.000000000000000000e+00 0.000000000000000000e+00 1.000000000000000000e+00
2.780216634273529053e-01 9.603525400161743164e-01 -2.066715247929096222e-02 1.442516874521970749e-02
-3.623428642749786377e-01 8.492352813482284546e-02 -9.281677603721618652e-01 3.152191638946533203e-01
-8.896134495735168457e-01 2.655394077301025391e-01 3.715876936912536621e-01 -6.170646473765373230e-02
0.000000000000000000e+00 0.000000000000000000e+00 0.000000000000000000e+00 1.000000000000000000e+00
2.641908228397369385e-01 9.639693498611450195e-01 -3.110170550644397736e-02 2.307532541453838348e-02
-4.598470926284790039e-01 9.755119681358337402e-02 -8.826236724853515625e-01 3.049643039703369141e-01
-8.477878570556640625e-01 2.474829554557800293e-01 4.690504670143127441e-01 -9.563617408275604248e-02
0.000000000000000000e+00 0.000000000000000000e+00 0.000000000000000000e+00 1.000000000000000000e+00
1.551722586154937744e-01 9.863395094871520996e-01 -5.527583509683609009e-02 3.543837368488311768e-02
-4.717493951320648193e-01 2.482225745916366577e-02 -8.813831806182861328e-01 3.042166829109191895e-01
-8.679711818695068359e-01 1.628425270318984985e-01 4.691565930843353271e-01 -9.668520092964172363e-02
0.000000000000000000e+00 0.000000000000000000e+00 0.000000000000000000e+00 1.000000000000000000e+00
3.453776240348815918e-02 9.988869428634643555e-01 -3.211650997400283813e-02 3.373181074857711792e-02
-4.632101356983184814e-01 -1.247601583600044250e-02 -8.861609101295471191e-01 3.059646189212799072e-01
-8.855751156806945801e-01 4.548266902565956116e-02 4.622637033462524414e-01 -9.829454869031906128e-02
