0.9792481660842896 0.06838623434305191 -0.1907786726951599 0.06077241152524948 
-0.07374748587608337 0.9970529675483704 -0.02113650925457478 0.0281832218170166 
0.188770979642868 0.03476731106638908 0.9814055562019348 -0.3706665337085724 
0 0 0 1 

0.9523940682411194 0.05899004638195038 -0.2991079986095428 0.1048835143446922 
-0.05728868022561073 0.9982529282569885 0.01446160860359669 0.01494709774851799 
0.2994385063648224 0.003362367395311594 0.9541096687316895 -0.3602781891822815 
0 0 0 1 

0.9468846917152405 0.06794289499521255 -0.3143135607242584 0.1121277585625648 
-0.05838179588317871 0.9975028038024902 0.03974501043558121 0.00877948384732008 
0.3162290453910828 -0.01928373798727989 0.9484868049621582 -0.3552229404449463 
0 0 0 1 

0.5346531867980957 0.8371819853782654 -0.1152041181921959 0.02935322374105453 
-0.8437610268592834 0.5212516188621521 -0.1279210299253464 0.06613942980766296 
-0.04704290628433228 0.1655981242656708 0.9850706458091736 -0.2237151861190796 
0 0 0 1 

0.5258496999740601 0.8421952128410339 -0.1191189363598824 0.02772887609899044 
-0.8366549015045166 0.4869101643562317 -0.2508525848388672 0.0973825603723526 
-0.1532666236162186 0.2315721958875656 0.9606683254241943 -0.2130056172609329 
0 0 0 1 

0.4715630114078522 0.8694139719009399 -0.1474696397781372 0.03468485176563263 
-0.8382086157798767 0.3899760544300079 -0.3812147080898285 0.1307504177093506 
-0.2739238739013672 0.303377091884613 0.9126489162445068 -0.1947233229875565 
0 0 0 1 

0.4339660406112671 0.8856257796287537 -0.1653489917516708 0.04019463062286377 
-0.8204947113990784 0.3127057552337646 -0.4785428643226624 0.1556796282529831 
-0.3721044063568115 0.3433392941951752 0.86235511302948 -0.177736297249794 
0 0 0 1 

0.3988449573516846 0.8984746336936951 -0.1834827214479446 0.0490281768143177 
-0.8016841411590576 0.2444863766431808 -0.5454620122909546 0.1724480986595154 
-0.4452248811721802 0.3646499514579773 0.8178051710128784 -0.1632778346538544 
0 0 0 1 

0.3760765492916107 0.8995020985603333 -0.2224015146493912 0.0645691454410553 
-0.7836188673973083 0.1806631088256836 -0.5943924188613892 0.1830494254827499 
-0.4944774806499481 0.3978150486946106 0.7728099226951599 -0.1471401453018188 
0 0 0 1 

0.3683029115200043 0.8942040801048279 -0.2544635236263275 0.07532154023647308 
-0.7816852331161499 0.1496663391590118 -0.6054487824440002 0.1842150092124939 
-0.5033102631568909 0.4218989908695221 0.7541087865829468 -0.1398874670267105 
0 0 0 1 

