-0.4266689121723175 -0.401599794626236 0.8103525638580322 -0.2210934013128281 
-0.9030414819717407 0.1399450302124023 -0.4061171412467957 0.1714050322771072 
0.04969177022576332 -0.9050595760345459 -0.4223714470863342 0.1224290281534195 
0 0 0 1 

-0.474362850189209 -0.4721048176288605 0.7430318593978882 -0.1987731009721756 
-0.8800464272499084 0.232923299074173 -0.4138413965702057 0.1704566776752472 
0.02230727486312389 -0.8502137064933777 -0.5259642601013184 0.1554605960845947 
0 0 0 1 

-0.4714628159999847 -0.5975351333618164 0.6485939621925354 -0.1755472272634506 
-0.8805646300315857 0.3592090010643005 -0.309151291847229 0.1394463777542114 
-0.04825193807482719 -0.7168824076652527 -0.6955220103263855 0.2149530649185181 
0 0 0 1 

-0.05222280696034431 -0.5573214888572693 0.8286527991294861 -0.2605783939361572 
-0.9273707866668701 0.3349044620990753 0.1668002605438232 0.003239760873839259 
-0.3704808950424194 -0.7597576379776001 -0.5343332886695862 0.1864506900310516 
0 0 0 1 

-0.08568663150072098 -0.5339664816856384 0.8411523103713989 -0.2622105777263641 
-0.9607332944869995 0.2679136991500854 0.07220422476530075 0.03477050736546516 
-0.2639108002185822 -0.8019362688064575 -0.535956084728241 0.1814599335193634 
0 0 0 1 

-0.08190640062093735 -0.5204935669898987 0.849928081035614 -0.2652902901172638 
-0.9795866012573242 0.1991266757249832 0.02754316851496696 0.04990533739328384 
-0.1835794299840927 -0.8303221464157104 -0.5261781811714172 0.1739180237054825 
0 0 0 1 

-0.06402946263551712 -0.5051732659339905 0.8606393933296204 -0.26972296833992 
-0.9941675066947937 0.1072854027152061 -0.01098981965333223 0.06205301731824875 
-0.08678226172924042 -0.8563234210014343 -0.5090962052345276 0.1626289039850235 
0 0 0 1 

-0.09539598226547241 -0.4852446019649506 0.8691588044166565 -0.2705583870410919 
-0.9954072833061218 0.05349857360124588 -0.07938496768474579 0.08301921188831329 
-0.007977551780641079 -0.8727401494979858 -0.4881195425987244 0.1506068855524063 
0 0 0 1 

-0.1159807741641998 -0.4770970046520233 0.8711640238761902 -0.2701016366481781 
-0.9897210597991943 -0.01837116107344627 -0.1418257504701614 0.1015931367874146 
0.08366896957159042 -0.8786584734916687 -0.4700622260570526 0.1392078548669815 
0 0 0 1 

-0.139972522854805 -0.4035416841506958 0.9041910171508789 -0.2794970273971558 
-0.9686992764472961 -0.1332622021436691 -0.2094338685274124 0.1191698312759399 
0.2050098329782486 -0.9052042365074158 -0.3722574412822723 0.09944479167461395 
0 0 0 1 

