1 0 0 -0.04542167112231255 
0 1 0 0.0009935460984706879 
0 0 1 -0.2875000238418579 
0 0 0 1 

0.8857086896896362 0.4642330706119537 -0.002766101853922009 -0.02854271419346333 
-0.4636048078536987 0.8847905397415161 0.04707668721675873 0.0113934800028801 
0.02430199272930622 -0.04041384905576706 0.9988874197006226 -0.2679858803749084 
0 0 0 1 

0.8942897319793701 0.4474708139896393 0.003937486559152603 -0.03005675040185452 
-0.4428232908248901 0.8836657404899597 0.1517958343029022 -0.02083482965826988 
0.06444487720727921 -0.1374930590391159 0.9884040951728821 -0.2670761942863464 
0 0 0 1 

0.50547194480896 0.8562536239624023 -0.1064316406846046 0.005904797464609146 
-0.8203814029693604 0.5151455998420715 0.2481918632984161 -0.02907019481062889 
0.2673429846763611 -0.03813945129513741 0.9628463387489319 -0.3198510408401489 
0 0 0 1 

0.431894987821579 0.8883772492408752 -0.1557322144508362 0.02854936569929123 
-0.8636057376861572 0.4571287930011749 0.2126460671424866 -0.01364497188478708 
0.2600996196269989 0.0426504909992218 0.96463942527771 -0.3200872242450714 
0 0 0 1 

0.3318489789962769 0.9408566951751709 0.06829943507909775 -0.02288108505308628 
-0.9433292150497437 0.3311659395694733 0.02142235077917576 0.04738964885473251 
-0.002463077427819371 -0.07153785228729248 0.9974348545074463 -0.2953986525535583 
0 0 0 1 

0.5818461775779724 0.8132609128952026 -0.007836821489036083 -0.01388014759868383 
-0.8131017088890076 0.5814661979675293 -0.02761244960129261 0.06216809153556824 
-0.017899289727211 0.02243833057582378 0.9995879530906677 -0.2897464334964752 
0 0 0 1 

0.6434077620506287 0.7653451561927795 -0.01651689223945141 -0.01520359143614769 
-0.7654160261154175 0.6428066492080688 -0.03061924129724503 0.06093804538249969 
-0.01281713135540485 0.03234295547008514 0.9993946552276611 -0.2892872393131256 
0 0 0 1 

0.7306391596794128 0.6808818578720093 -0.05065567791461945 -0.01151740737259388 
-0.6827516555786133 0.7290510535240173 -0.04831651970744133 0.06287901103496552 
0.004032708238810301 0.0698871985077858 0.9975467324256897 -0.2877325117588043 
0 0 0 1 

0.7630786895751953 0.6421819925308228 -0.07289132475852966 -0.007384894881397486 
-0.6459163427352905 0.7616667747497559 -0.05153379589319229 0.06177102401852608 
0.02242482081055641 0.08640602231025696 0.9960077404975891 -0.2871437668800354 
0 0 0 1 

