1.000000000000000000e+00 0.000000000000000000e+00 0.000000000000000000e+00 -4.146692231928954531e-01
0.000000000000000000e+00 -1.000000000000000000e+00 0.000000000000000000e+00 -7.693198940031911737e-02
0.000000000000000000e+00 0.000000000000000000e+00 -1.000000000000000000e+00 -3.421550398492883005e+00
0.000000000000000000e+00 0.000000000000000000e+00 0.000000000000000000e+00 1.000000000000000000e+00
9.902039170265197754e-01 -1.393385976552963257e-01 -8.981229737401008606e-03 -4.813496866895977111e-01
-1.386168003082275391e-01 -9.887251257896423340e-01 5.664125829935073853e-02 2.648400929869544340e-01
-1.677228510379791260e-02 -5.484145879745483398e-02 -9.983543753623962402e-01 -3.432928596014466205e+00
0.000000000000000000e+00 0.000000000000000000e+00 0.000000000000000000e+00 1.000000000000000000e+00
9.711868762969970703e-01 -2.349466383457183838e-01 -3.994997590780258179e-02 -5.921746541972613409e-01
-2.302619218826293945e-01 -9.682945013046264648e-01 9.687535464763641357e-02 5.337349564049310713e-01
-6.144393235445022583e-02 -8.488509058952331543e-02 -9.944942593574523926e-01 -3.405803475006001335e+00
0.000000000000000000e+00 0.000000000000000000e+00 0.000000000000000000e+00 1.000000000000000000e+00
9.405760765075683594e-01 -3.377374112606048584e-01 -3.535921126604080200e-02 -5.660261971411341131e-01
-3.298982381820678711e-01 -9.334738850593566895e-01 1.406893134117126465e-01 7.949738852318634086e-01
-8.052299916744232178e-02 -1.206640228629112244e-01 -9.894222021102905273e-01 -3.370827814794468580e+00
0.000000000000000000e+00 0.000000000000000000e+00 0.000000000000000000e+00 1.000000000000000000e+00
8.948895335197448730e-01 -4.460306763648986816e-01 -1.513742376118898392e-02 -4.323809789421212413e-01
-4.377117156982421875e-01 -8.838059306144714355e-01 1.652134209871292114e-01 9.583084466624639530e-01
-8.706883341073989868e-02 -1.412219554185867310e-01 -9.861417412757873535e-01 -3.357812982360210974e+00
0.000000000000000000e+00 0.000000000000000000e+00 0.000000000000000000e+00 1.000000000000000000e+00
8.296028971672058105e-01 -5.583533048629760742e-01 -4.854238941334187984e-04 -3.097430181329723919e-01
-5.482383370399475098e-01 -8.147380948066711426e-01 1.887748837471008301e-01 1.119267595215648781e+00
-1.057986319065093994e-01 -1.563420593738555908e-01 -9.820202589035034180e-01 -3.342896096124744698e+00
0.000000000000000000e+00 0.000000000000000000e+00 0.000000000000000000e+00 1.000000000000000000e+00
7.526492476463317871e-01 -6.575325131416320801e-01 3.419956192374229431e-02 -1.062384389691501119e-01
-6.526659131050109863e-01 -7.382103204727172852e-01 1.705064773559570312e-01 1.097734453783761888e+00
-8.686719089746475220e-02 -1.506524980068206787e-01 -9.847630262374877930e-01 -3.379350518715252161e+00
0.000000000000000000e+00 0.000000000000000000e+00 0.000000000000000000e+00 1.000000000000000000e+00
6.913802623748779297e-01 -7.198149561882019043e-01 6.212606653571128845e-02 4.043803338066152137e-02
-7.213991284370422363e-01 -6.830527782440185547e-01 1.141149997711181641e-01 8.877619157643651393e-01
-3.970632702112197876e-02 -1.237145811319351196e-01 -9.915230870246887207e-01 -3.462308398776049234e+00
0.000000000000000000e+00 0.000000000000000000e+00 0.000000000000000000e+00 1.000000000000000000e+00
5.802868604660034180e-01 -8.139826655387878418e-01 2.643385715782642365e-02 -4.824022695278982337e-02
-8.134750127792358398e-01 -5.777575969696044922e-01 6.673887372016906738e-02 7.186348456164014520e-01
-3.905194997787475586e-02 -6.023098528385162354e-02 -9.974203109741210938e-01 -3.552199916424977566e+00
0.000000000000000000e+00 0.000000000000000000e+00 0.000000000000000000e+00 1.000000000000000000e+00
5.015734434127807617e-01 -8.643271923065185547e-01 3.691380098462104797e-02 4.103854092300208978e-02
-8.646882176399230957e-01 -4.995290040969848633e-01 5.277280882000923157e-02 6.719062129656773186e-01
-2.717345207929611206e-02 -5.838837102055549622e-02 -9.979241490364074707e-01 -3.594859970509352465e+00
0.000000000000000000e+00 0.000000000000000000e+00 0.000000000000000000e+00 1.000000000000000000e+00
3.956951797008514404e-01 -9.171874523162841797e-01 4.682479798793792725e-02 1.385156501557976427e-01
-9.182522296905517578e-01 -3.959814906120300293e-01 3.388560609892010689e-03 4.646894210264703728e-01
1.543380320072174072e-02 -4.433780536055564880e-02 -9.988973140716552734e-01 -3.644669444291238847e+00
0.000000000000000000e+00 0.000000000000000000e+00 0.000000000000000000e+00 1.000000000000000000e+00
2.876504659652709961e-01 -9.560882449150085449e-01 5.614959076046943665e-02 2.285745949875382099e-01
-9.566733837127685547e-01 -2.895973622798919678e-01 -3.015376999974250793e-02 3.145868529389281298e-01
4.509041830897331238e-02 -4.504306986927986145e-02 -9.979667067527770996e-01 -3.670339587210739829e+00
0.000000000000000000e+00 0.000000000000000000e+00 0.000000000000000000e+00 1.000000000000000000e+00
1.793040633201599121e-01 -9.815413355827331543e-01 6.653089076280593872e-02 3.247493231415037873e-01
-9.814124703407287598e-01 -1.831628978252410889e-01 -5.727676302194595337e-02 1.964888262044269807e-01
6.840550154447555542e-02 -5.502429977059364319e-02 -9.961390495300292969e-01 -3.682473022115151817e+00
0.000000000000000000e+00 0.000000000000000000e+00 0.000000000000000000e+00 1.000000000000000000e+00
1.041149049997329712e-01 -9.911022782325744629e-01 8.292087167501449585e-02 4.231681981592616548e-01
-9.900950193405151367e-01 -1.111819520592689514e-01 -8.573317527770996094e-02 7.154386466725706772e-02
9.418968111276626587e-02 -7.317344099283218384e-02 -9.928615689277648926e-01 -3.668533704669143081e+00
0.000000000000000000e+00 0.000000000000000000e+00 0.000000000000000000e+00 1.000000000000000000e+00
1.279113069176673889e-02 -9.952516555786132812e-01 9.648918360471725464e-02 5.301135257087288277e-01
-9.975420832633972168e-01 -1.934973150491714478e-02 -6.734608113765716553e-02 1.637716825319021907e-01
6.889334321022033691e-02 -9.539061039686203003e-02 -9.930530786514282227e-01 -3.597332847270836798e+00
0.000000000000000000e+00 0.000000000000000000e+00 0.000000000000000000e+00 1.000000000000000000e+00
-9.005090594291687012e-02 -8.996650576591491699e-01 4.271925091743469238e-01 1.865884623872387627e+00
-9.903318881988525391e-01 3.544444218277931213e-02 -1.341134309768676758e-01 -8.912609417222049080e-02
1.055155321955680847e-01 -4.351394772529602051e-01 -8.941587209701538086e-01 -3.163930688883513920e+00
0.000000000000000000e+00 0.000000000000000000e+00 0.000000000000000000e+00 1.000000000000000000e+00
-1.618661135435104370e-01 -8.805230855941772461e-01 4.455086886882781982e-01 1.955425064718755435e+00
-9.773200750350952148e-01 8.057360351085662842e-02 -1.958391368389129639e-01 -3.477151401690356525e-01
1.365446448326110840e-01 -4.671045243740081787e-01 -8.735955953598022461e-01 -3.097416026017181689e+00
0.000000000000000000e+00 0.000000000000000000e+00 0.000000000000000000e+00 1.000000000000000000e+00
-1.354212760925292969e-01 -8.168957233428955078e-01 5.606623888015747070e-01 2.305406755839551014e+00
-9.907532334327697754e-01 1.164215430617332458e-01 -6.967614591121673584e-02 1.278512646483825899e-01
-8.355057798326015472e-03 -5.649135708808898926e-01 -8.251075744628906250e-01 -2.832989700716336046e+00
0.000000000000000000e+00 0.000000000000000000e+00 0.000000000000000000e+00 1.000000000000000000e+00
-8.544664829969406128e-02 -7.427574396133422852e-01 6.640856862068176270e-01 2.565611542013284563e+00
-9.945676326751708984e-01 2.381621673703193665e-02 -1.013315021991729736e-01 4.920499809561951904e-02
5.944871157407760620e-02 -6.691367030143737793e-01 -7.407578229904174805e-01 -2.638241348853351376e+00
0.000000000000000000e+00 0.000000000000000000e+00 0.000000000000000000e+00 1.000000000000000000e+00
-6.035085394978523254e-02 -5.689713358879089355e-01 8.201399445533752441e-01 3.094118113960314442e+00
-9.859814643859863281e-01 -9.406679123640060425e-02 -1.378131657838821411e-01 -8.314814366515772825e-02
1.555596739053726196e-01 -8.169598579406738281e-01 -5.553181171417236328e-01 -1.960696728146720247e+00
0.000000000000000000e+00 0.000000000000000000e+00 0.000000000000000000e+00 1.000000000000000000e+00
-1.226460263133049011e-01 -4.200124144554138184e-01 8.991926312446594238e-01 3.362771665935882837e+00
-9.854603409767150879e-01 -5.580557137727737427e-02 -1.604794561862945557e-01 -2.114642495893075957e-01
1.175832375884056091e-01 -9.058009386062622070e-01 -4.070614278316497803e-01 -1.368077361924662672e+00
0.000000000000000000e+00 0.000000000000000000e+00 0.000000000000000000e+00 1.000000000000000000e+00
-1.933086514472961426e-01 -3.199027776718139648e-01 9.275201559066772461e-01 3.481460443591040566e+00
-9.746109843254089355e-01 -4.625126719474792480e-02 -2.190752178430557251e-01 -4.302207309322770845e-01
1.129817143082618713e-01 -9.463204741477966309e-01 -3.028400242328643799e-01 -9.887890305865587592e-01
0.000000000000000000e+00 0.000000000000000000e+00 0.000000000000000000e+00 1.000000000000000000e+00
-2.746140062808990479e-01 -2.004312127828598022e-01 9.404330849647521973e-01 3.567156964001711117e+00
-9.588891863822937012e-01 -1.568336226046085358e-02 -2.833459675312042236e-01 -6.740737746356301185e-01
7.154049724340438843e-02 -9.795823097229003906e-01 -1.878846585750579834e-01 -5.409012485701554240e-01
0.000000000000000000e+00 0.000000000000000000e+00 0.000000000000000000e+00 1.000000000000000000e+00
-1.727121472358703613e-01 8.407166600227355957e-01 5.131922364234924316e-01 1.927969548899044039e+00
-9.513354897499084473e-01 -7.385539356619119644e-03 -3.080680966377258301e-01 -7.425964434211751453e-01
-2.552077174186706543e-01 -5.414252281188964844e-01 8.010789752006530762e-01 3.256251301780463070e+00
0.000000000000000000e+00 0.000000000000000000e+00 0.000000000000000000e+00 1.000000000000000000e+00
-1.777701526880264282e-01 8.526180982589721680e-01 4.913664460182189941e-01 1.835766129321027673e+00
-9.703316688537597656e-01 -6.872321665287017822e-02 -2.318050265312194824e-01 -4.662912440590122332e-01
-1.638727188110351562e-01 -5.179965496063232422e-01 8.395387530326843262e-01 3.340476987908829187e+00
0.000000000000000000e+00 0.000000000000000000e+00 0.000000000000000000e+00 1.000000000000000000e+00
-8.690829575061798096e-02 8.505439758300781250e-01 5.186725258827209473e-01 1.853638472115312963e+00
-9.910154938697814941e-01 -2.068404294550418854e-02 -1.321359425783157349e-01 -7.051130155184570647e-02
-1.016592979431152344e-01 -5.254963636398315430e-01 8.446998000144958496e-01 3.309269586514768768e+00
0.000000000000000000e+00 0.000000000000000000e+00 0.000000000000000000e+00 1.000000000000000000e+00
1.966268382966518402e-02 8.583339452743530273e-01 5.127140283584594727e-01 1.722417958873014632e+00
-9.995850324630737305e-01 2.767121233046054840e-02 -7.990581914782524109e-03 4.171655658097099817e-01
-2.104608900845050812e-02 -5.123443007469177246e-01 8.585220575332641602e-01 3.294529531305040226e+00
0.000000000000000000e+00 0.000000000000000000e+00 0.000000000000000000e+00 1.000000000000000000e+00
4.912688210606575012e-02 8.610833287239074707e-01 5.060846209526062012e-01 1.663700062032332561e+00
-9.933354258537292480e-01 -1.077122893184423447e-02 1.147523894906044006e-01 8.726764712996869511e-01
1.042625531554222107e-01 -5.083492994308471680e-01 8.548159003257751465e-01 3.183982908930481859e+00
0.000000000000000000e+00 0.000000000000000000e+00 0.000000000000000000e+00 1.000000000000000000e+00
2.502837404608726501e-02 8.740674257278442383e-01 4.851593673229217529e-01 1.631539737888464403e+00
-9.803665280342102051e-01 -7.349029183387756348e-02 1.829760074615478516e-01 1.026298338734255244e+00
1.955880075693130493e-01 -4.802136421203613281e-01 8.550674915313720703e-01 3.145121447250840863e+00
0.000000000000000000e+00 0.000000000000000000e+00 0.000000000000000000e+00 1.000000000000000000e+00
-4.512179642915725708e-02 8.693724274635314941e-01 4.920917749404907227e-01 1.747153620484963144e+00
-9.935309290885925293e-01 -9.044155478477478027e-02 6.868087500333786011e-02 6.013820875581691316e-01
1.042148098349571228e-01 -4.858097732067108154e-01 8.678296804428100586e-01 3.369373866173222432e+00
0.000000000000000000e+00 0.000000000000000000e+00 0.000000000000000000e+00 1.000000000000000000e+00
-5.000912025570869446e-02 8.575859069824218750e-01 5.119044184684753418e-01 1.803852437923582963e+00
-9.939432144165039062e-01 7.486429531127214432e-03 -1.096431091427803040e-01 -4.848730752609847761e-02
-9.786079078912734985e-02 -5.142863392829895020e-01 8.520165681838989258e-01 3.521575397854278311e+00
0.000000000000000000e+00 0.000000000000000000e+00 0.000000000000000000e+00 1.000000000000000000e+00
1.251468062400817871e-01 8.361621499061584473e-01 5.340137481689453125e-01 1.731253133212572237e+00
-9.869352579116821289e-01 1.599687486886978149e-01 -1.919113285839557648e-02 2.784945375463490636e-01
-1.014725118875503540e-01 -5.246354341506958008e-01 8.452576398849487305e-01 3.527936833682713491e+00
0.000000000000000000e+00 0.000000000000000000e+00 0.000000000000000000e+00 1.000000000000000000e+00
2.169022262096405029e-01 7.878931164741516113e-01 5.763483047485351562e-01 1.727244446246070764e+00
-9.493998885154724121e-01 3.076338768005371094e-01 -6.325250864028930664e-02 1.083722758288284821e-01
-2.271404117345809937e-01 -5.334656834602355957e-01 8.147522807121276855e-01 3.476868171329639434e+00
0.000000000000000000e+00 0.000000000000000000e+00 0.000000000000000000e+00 1.000000000000000000e+00
3.308236598968505859e-01 7.230312824249267578e-01 6.064490675926208496e-01 1.657955811294702819e+00
-9.128640294075012207e-01 4.081036448478698730e-01 1.141912676393985748e-02 3.586894759174779623e-01
-2.392378300428390503e-01 -5.573834180831909180e-01 7.950397729873657227e-01 3.346051473967753598e+00
0.000000000000000000e+00 0.000000000000000000e+00 0.000000000000000000e+00 1.000000000000000000e+00
3.546413183212280273e-01 7.200575470924377441e-01 5.964450240135192871e-01 1.591686919425155944e+00
-9.230803847312927246e-01 3.711752593517303467e-01 1.007549911737442017e-01 7.026665386474924002e-01
-1.488362103700637817e-01 -5.862987637519836426e-01 7.963048815727233887e-01 3.250186652527388809e+00
0.000000000000000000e+00 0.000000000000000000e+00 0.000000000000000000e+00 1.000000000000000000e+00
3.707066178321838379e-01 7.088001370429992676e-01 6.001483798027038574e-01 1.595828488185851990e+00
-9.258604049682617188e-01 3.329707086086273193e-01 1.786433309316635132e-01 9.872854676432001320e-01
-7.320947945117950439e-02 -6.218779087066650391e-01 7.796844840049743652e-01 3.114500380310542216e+00
0.000000000000000000e+00 0.000000000000000000e+00 0.000000000000000000e+00 1.000000000000000000e+00
5.322641730308532715e-01 6.075037121772766113e-01 5.896054506301879883e-01 1.495771599455998579e+00
-8.435310125350952148e-01 4.396162629127502441e-01 3.085332214832305908e-01 1.395885609696441154e+00
-7.176487892866134644e-02 -6.615713834762573242e-01 7.464400529861450195e-01 2.978207436348474957e+00
0.000000000000000000e+00 0.000000000000000000e+00 0.000000000000000000e+00 1.000000000000000000e+00
6.772829294204711914e-01 4.257121980190277100e-01 6.000477671623229980e-01 1.480281649711197467e+00
-7.178938388824462891e-01 5.608623027801513672e-01 4.123856127262115479e-01 1.748134736464998173e+00
-1.609867364168167114e-01 -7.100721597671508789e-01 6.854787468910217285e-01 2.922240589052455206e+00
0.000000000000000000e+00 0.000000000000000000e+00 0.000000000000000000e+00 1.000000000000000000e+00
6.971605420112609863e-01 3.368690907955169678e-01 6.328398585319519043e-01 1.561976721852326166e+00
-6.594559550285339355e-01 6.475933790206909180e-01 3.817594349384307861e-01 1.624572247556616666e+00
-2.812200486660003662e-01 -6.834778189659118652e-01 6.736269593238830566e-01 3.014470895219180324e+00
0.000000000000000000e+00 0.000000000000000000e+00 0.000000000000000000e+00 1.000000000000000000e+00
7.499404549598693848e-01 2.559755146503448486e-01 6.099715232849121094e-01 1.528037057055714465e+00
-5.783230662345886230e-01 7.013560533523559570e-01 4.167044162750244141e-01 1.660044964959403568e+00
-3.211410641670227051e-01 -6.652640104293823242e-01 6.740117073059082031e-01 3.002876915588217344e+00
0.000000000000000000e+00 0.000000000000000000e+00 0.000000000000000000e+00 1.000000000000000000e+00
7.356324195861816406e-01 2.410555630922317505e-01 6.330379843711853027e-01 1.700958497035184980e+00
-5.493705868721008301e-01 7.590335011482238770e-01 3.493717610836029053e-01 1.323748633666269825e+00
-3.962787091732025146e-01 -6.047816872596740723e-01 6.907984018325805664e-01 3.116952230380857003e+00
0.000000000000000000e+00 0.000000000000000000e+00 0.000000000000000000e+00 1.000000000000000000e+00
7.238929867744445801e-01 3.367760777473449707e-01 6.021304726600646973e-01 1.683230928180100117e+00
-5.918515324592590332e-01 7.516300678253173828e-01 2.911431491374969482e-01 1.065835153605273478e+00
-3.545293211936950684e-01 -5.671278238296508789e-01 7.434211969375610352e-01 3.277727481561271805e+00
0.000000000000000000e+00 0.000000000000000000e+00 0.000000000000000000e+00 1.000000000000000000e+00
8.118167519569396973e-01 1.842894703149795532e-01 5.540673136711120605e-01 1.544793778768518866e+00
-5.300179123878479004e-01 6.307384371757507324e-01 5.667883753776550293e-01 2.073776481407659578e+00
-2.450188398361206055e-01 -7.537939548492431641e-01 6.097211241722106934e-01 2.840110333344087135e+00
0.000000000000000000e+00 0.000000000000000000e+00 0.000000000000000000e+00 1.000000000000000000e+00
8.496269583702087402e-01 1.145916283130645752e-01 5.147841572761535645e-01 1.384069543166679184e+00
-4.810395240783691406e-01 5.685081481933593750e-01 6.673824191093444824e-01 2.457695941475862789e+00
-2.161825448274612427e-01 -8.146576285362243652e-01 5.381430983543395996e-01 2.552052764767479331e+00
0.000000000000000000e+00 0.000000000000000000e+00 0.000000000000000000e+00 1.000000000000000000e+00
8.798824548721313477e-01 5.003452301025390625e-02 4.725499153137207031e-01 1.214854316030738124e+00
-4.314330518245697021e-01 5.009405016899108887e-01 7.502828240394592285e-01 2.775791861887487944e+00
-1.991793066263198853e-01 -8.640343546867370605e-01 4.623551964759826660e-01 2.254613155530976965e+00
0.000000000000000000e+00 0.000000000000000000e+00 0.000000000000000000e+00 1.000000000000000000e+00
9.139658808708190918e-01 -2.396284416317939758e-02 4.050828814506530762e-01 9.446430654093448398e-01
-3.610282540321350098e-01 4.077499508857727051e-01 8.386884331703186035e-01 3.109985610238628073e+00
-1.852699518203735352e-01 -9.127790331840515137e-01 3.640182614326477051e-01 1.866621239023053214e+00
0.000000000000000000e+00 0.000000000000000000e+00 0.000000000000000000e+00 1.000000000000000000e+00
9.434589743614196777e-01 2.934117019176483154e-01 1.542552709579467773e-01 -5.837449964364978955e-02
-2.422407418489456177e-01 2.925964891910552979e-01 9.250440597534179688e-01 3.369815880019644716e+00
2.262841761112213135e-01 -9.101080894470214844e-01 3.471291065216064453e-01 1.508997035061826919e+00
0.000000000000000000e+00 0.000000000000000000e+00 0.000000000000000000e+00 1.000000000000000000e+00
9.784108400344848633e-01 1.187480315566062927e-01 1.691481322050094604e-01 1.244732525524203277e-02
-1.916628479957580566e-01 2.151754498481750488e-01 9.575827717781066895e-01 3.463565967848118099e+00
7.731455564498901367e-02 -9.693288207054138184e-01 2.332895845174789429e-01 1.151423846679176188e+00
0.000000000000000000e+00 0.000000000000000000e+00 0.000000000000000000e+00 1.000000000000000000e+00
9.727016091346740723e-01 1.971724033355712891e-01 1.223707720637321472e-01 -1.687691578554647298e-01
-1.449049562215805054e-01 1.041889563202857971e-01 9.839445948600769043e-01 3.532400460740209081e+00
1.812570542097091675e-01 -9.748166203498840332e-01 1.299160420894622803e-01 6.734290744690812902e-01
0.000000000000000000e+00 0.000000000000000000e+00 0.000000000000000000e+00 1.000000000000000000e+00
9.639893770217895508e-01 2.358802556991577148e-01 1.228212043642997742e-01 -1.850020004195287171e-01
-1.375649869441986084e-01 4.703619331121444702e-02 9.893753528594970703e-01 3.534817496125144398e+00
2.275970578193664551e-01 -9.706431627273559570e-01 7.779127359390258789e-02 4.363856194934559452e-01
0.000000000000000000e+00 0.000000000000000000e+00 0.000000000000000000e+00 1.000000000000000000e+00
9.949316978454589844e-01 -6.739050149917602539e-03 1.003270447254180908e-01 -2.496042900327362091e-01
-1.005212962627410889e-01 -4.155572876334190369e-02 9.940667152404785156e-01 3.516200256943687652e+00
-2.529895165935158730e-03 -9.991134405136108398e-01 -4.202252253890037537e-02 8.621384256030203974e-02
0.000000000000000000e+00 0.000000000000000000e+00 0.000000000000000000e+00 1.000000000000000000e+00
8.937305212020874023e-01 4.362220168113708496e-01 1.046710088849067688e-01 -2.035761952065624492e-01
-5.485178157687187195e-02 -1.253131926059722900e-01 9.905998110771179199e-01 3.447233744007040634e+00
4.452381134033203125e-01 -8.910706639289855957e-01 -8.806867152452468872e-02 -4.171527510023904650e-01
0.000000000000000000e+00 0.000000000000000000e+00 0.000000000000000000e+00 1.000000000000000000e+00
9.671049118041992188e-01 1.672684103250503540e-01 1.916490197181701660e-01 2.364479637342659438e-02
-1.634562909603118896e-01 -1.686455309391021729e-01 9.720291495323181152e-01 3.475941726750762850e+00
1.949105262756347656e-01 -9.713804125785827637e-01 -1.357568353414535522e-01 -3.210638531123793937e-01
0.000000000000000000e+00 0.000000000000000000e+00 0.000000000000000000e+00 1.000000000000000000e+00
9.584470987319946289e-01 -1.730902493000030518e-01 2.267574220895767212e-01 2.025691237401123224e-01
-2.571160197257995605e-01 -1.798212230205535889e-01 9.495027065277099609e-01 3.503382937526481999e+00
-1.235739141702651978e-01 -9.683511257171630859e-01 -2.168534249067306519e-01 -3.659180725815368573e-01
0.000000000000000000e+00 0.000000000000000000e+00 0.000000000000000000e+00 1.000000000000000000e+00
4.985482990741729736e-01 -8.666042089462280273e-01 -2.113692648708820343e-02 -1.389159637020633831e-01
-3.746239244937896729e-01 -2.373777776956558228e-01 8.962749242782592773e-01 3.493941263791631613e+00
-7.817330360412597656e-01 -4.389179944992065430e-01 -4.429948925971984863e-01 -8.273899588431250507e-01
0.000000000000000000e+00 0.000000000000000000e+00 0.000000000000000000e+00 1.000000000000000000e+00
9.168106317520141602e-01 -2.582540512084960938e-01 3.045702874660491943e-01 5.579292959646469097e-01
-3.818638026714324951e-01 -3.439478874206542969e-01 8.578341603279113770e-01 3.414713380864375480e+00
-1.167829558253288269e-01 -9.027759432792663574e-01 -4.139529764652252197e-01 -1.035937766185855313e+00
0.000000000000000000e+00 0.000000000000000000e+00 0.000000000000000000e+00 1.000000000000000000e+00
8.826502561569213867e-01 -1.724461913108825684e-01 4.372538328170776367e-01 1.042907687241883430e+00
-4.673956334590911865e-01 -4.203743636608123779e-01 7.777059078216552734e-01 3.250297754512781800e+00
4.969779402017593384e-02 -8.908127546310424805e-01 -4.516440927982330322e-01 -1.321230497223591538e+00
0.000000000000000000e+00 0.000000000000000000e+00 0.000000000000000000e+00 1.000000000000000000e+00
8.701038956642150879e-01 -1.550233513116836548e-01 4.678536653518676758e-01 1.163509635268581199e+00
-4.765993058681488037e-01 -5.065205097198486328e-01 7.185329198837280273e-01 3.045292686107233582e+00
1.255879849195480347e-01 -8.481771945953369141e-01 -5.146096348762512207e-01 -1.635647866955070029e+00
0.000000000000000000e+00 0.000000000000000000e+00 0.000000000000000000e+00 1.000000000000000000e+00
8.599256277084350586e-01 -1.440502256155014038e-01 4.896705746650695801e-01 1.250754030379202408e+00
-4.741716086864471436e-01 -5.805263519287109375e-01 6.619294881820678711e-01 2.864655139868238720e+00
1.889155060052871704e-01 -8.013979196548461914e-01 -5.675139427185058594e-01 -1.851178345440339879e+00
0.000000000000000000e+00 0.000000000000000000e+00 0.000000000000000000e+00 1.000000000000000000e+00
8.419630527496337891e-01 -1.013391986489295959e-01 5.299326777458190918e-01 1.368746859026632734e+00
-4.467493593692779541e-01 -6.816569566726684570e-01 5.794469118118286133e-01 2.578502899741463850e+00
3.025115430355072021e-01 -7.246199846267700195e-01 -6.192030906677246094e-01 -2.115214815204909726e+00
0.000000000000000000e+00 0.000000000000000000e+00 0.000000000000000000e+00 1.000000000000000000e+00
8.252398967742919922e-01 -1.124478876590728760e-01 5.534747838973999023e-01 1.474249402244515395e+00
-4.439698457717895508e-01 -7.348950505256652832e-01 5.126593708992004395e-01 2.349447605386110194e+00
3.490983545780181885e-01 -6.687932014465332031e-01 -6.563884019851684570e-01 -2.302150544848903468e+00
0.000000000000000000e+00 0.000000000000000000e+00 0.000000000000000000e+00 1.000000000000000000e+00
7.965297698974609375e-01 -1.545517444610595703e-01 5.845113992691040039e-01 1.630247630481101107e+00
-4.525722265243530273e-01 -7.934640645980834961e-01 4.069310426712036133e-01 1.991441129285424161e+00
4.008968174457550049e-01 -5.886665582656860352e-01 -7.019638419151306152e-01 -2.528860501389211368e+00
0.000000000000000000e+00 0.000000000000000000e+00 0.000000000000000000e+00 1.000000000000000000e+00
7.692661881446838379e-01 -2.165634185075759888e-01 6.011070013046264648e-01 1.737035645634133596e+00
-4.616933465003967285e-01 -8.387541770935058594e-01 2.886700928211212158e-01 1.581334993564644131e+00
4.416655302047729492e-01 -4.995912909507751465e-01 -7.452112436294555664e-01 -2.747496380870328991e+00
0.000000000000000000e+00 0.000000000000000000e+00 0.000000000000000000e+00 1.000000000000000000e+00
7.447724342346191406e-01 -2.755739390850067139e-01 6.077604293823242188e-01 1.805185564613719595e+00
-4.575174450874328613e-01 -8.738659620285034180e-01 1.644259244203567505e-01 1.136706994991754094e+00
4.857896864414215088e-01 -4.005210399627685547e-01 -7.769112586975097656e-01 -2.926996762286890874e+00
0.000000000000000000e+00 0.000000000000000000e+00 0.000000000000000000e+00 1.000000000000000000e+00
7.261435985565185547e-01 -3.563929200172424316e-01 5.879620313644409180e-01 1.768044327561648421e+00
-4.368384182453155518e-01 -8.995214700698852539e-01 -5.741630215197801590e-03 5.198347193050101289e-01
5.309309959411621094e-01 -2.526752352714538574e-01 -8.088681101799011230e-01 -3.108374034415228415e+00
0.000000000000000000e+00 0.000000000000000000e+00 0.000000000000000000e+00 1.000000000000000000e+00
7.159484028816223145e-01 -3.974201083183288574e-01 5.739989876747131348e-01 1.707893513422737986e+00
-3.705908358097076416e-01 -9.131104946136474609e-01 -1.699738502502441406e-01 -1.405043804772954374e-01
5.916757583618164062e-01 -9.102636575698852539e-02 -8.010204434394836426e-01 -3.094674628068466049e+00
0.000000000000000000e+00 0.000000000000000000e+00 0.000000000000000000e+00 1.000000000000000000e+00
7.084164619445800781e-01 -4.202608466148376465e-01 5.670335292816162109e-01 1.672416142571905073e+00
-2.979064881801605225e-01 -9.063693881034851074e-01 -2.995760440826416016e-01 -6.781174917249204182e-01
6.398419737815856934e-01 4.330157116055488586e-02 -7.672855854034423828e-01 -3.002861064026725035e+00
0.000000000000000000e+00 0.000000000000000000e+00 0.000000000000000000e+00 1.000000000000000000e+00
6.997339725494384766e-01 -4.506922066211700439e-01 5.543002486228942871e-01 1.622977048784473242e+00
-2.399711459875106812e-01 -8.790910840034484863e-01 -4.118408858776092529e-01 -1.130040976558979615e+00
6.728936433792114258e-01 1.551629900932312012e-01 -7.232829928398132324e-01 -2.863029431350774257e+00
0.000000000000000000e+00 0.000000000000000000e+00 0.000000000000000000e+00 1.000000000000000000e+00
6.933391690254211426e-01 -4.726301133632659912e-01 5.439683794975280762e-01 1.582648199821079515e+00
-1.568618118762969971e-01 -8.357569575309753418e-01 -5.262172818183898926e-01 -1.619967361908243975e+00
7.033315300941467285e-01 2.795190811157226562e-01 -6.536008119583129883e-01 -2.632730459917718147e+00
0.000000000000000000e+00 0.000000000000000000e+00 0.000000000000000000e+00 1.000000000000000000e+00
6.741532683372497559e-01 -5.071695446968078613e-01 5.369318723678588867e-01 1.569341923659217208e+00
-9.261114150285720825e-02 -7.792754769325256348e-01 -6.198006272315979004e-01 -2.029974913470425690e+00
7.327619194984436035e-01 3.681147098541259766e-01 -5.723206996917724609e-01 -2.357450225575108416e+00
0.000000000000000000e+00 0.000000000000000000e+00 0.000000000000000000e+00 1.000000000000000000e+00
6.917035579681396484e-01 -5.177740454673767090e-01 5.034441351890563965e-01 1.438186386339631584e+00
-3.498653322458267212e-02 -7.203229069709777832e-01 -6.927559375762939453e-01 -2.360335944131163544e+00
7.213333249092102051e-01 4.615679681301116943e-01 -5.163649916648864746e-01 -2.159512193601669683e+00
0.000000000000000000e+00 0.000000000000000000e+00 0.000000000000000000e+00 1.000000000000000000e+00
7.041410207748413086e-01 -5.205647945404052734e-01 4.829053878784179688e-01 1.354397521102817414e+00
2.123269997537136078e-02 -6.643503308296203613e-01 -7.471197247505187988e-01 -2.619567297913702575e+00
7.097426056861877441e-01 5.363309383392333984e-01 -4.567432999610900879e-01 -1.954836313557875016e+00
0.000000000000000000e+00 0.000000000000000000e+00 0.000000000000000000e+00 1.000000000000000000e+00
7.469542026519775391e-01 -5.019480586051940918e-01 4.360136687755584717e-01 1.149463977917231317e+00
6.676931679248809814e-02 -5.958369374275207520e-01 -8.003252148628234863e-01 -2.871971181663522721e+00
6.615143418312072754e-01 6.269184350967407227e-01 -4.115479886531829834e-01 -1.799495255595302323e+00
0.000000000000000000e+00 0.000000000000000000e+00 0.000000000000000000e+00 1.000000000000000000e+00
8.032149076461791992e-01 -4.644835889339447021e-01 3.729624152183532715e-01 8.719998114667912859e-01
1.093614920973777771e-01 -5.004789829254150391e-01 -8.588131666183471680e-01 -3.171136186025423243e+00
5.855646133422851562e-01 7.305996417999267578e-01 -3.511956930160522461e-01 -1.567689773444924661e+00
0.000000000000000000e+00 0.000000000000000000e+00 0.000000000000000000e+00 1.000000000000000000e+00
8.518538475036621094e-01 -4.292900562286376953e-01 3.000921607017517090e-01 5.866560217629978036e-01
1.277239918708801270e-01 -3.853888511657714844e-01 -9.138718247413635254e-01 -3.430424242934149159e+00
5.079681873321533203e-01 8.168142437934875488e-01 -2.734644412994384766e-01 -1.248735636568718332e+00
0.000000000000000000e+00 0.000000000000000000e+00 0.000000000000000000e+00 1.000000000000000000e+00
8.645831346511840820e-01 -4.156926274299621582e-01 2.823035418987274170e-01 5.030980623417118380e-01
1.608545929193496704e-01 -3.032871484756469727e-01 -9.392245411872863770e-01 -3.569340008094729289e+00
4.760478138923645020e-01 8.574473857879638672e-01 -1.953508108854293823e-01 -9.627784103850451913e-01
0.000000000000000000e+00 0.000000000000000000e+00 0.000000000000000000e+00 1.000000000000000000e+00
9.027248620986938477e-01 -3.419893682003021240e-01 2.610195875167846680e-01 3.865889511336756401e-01
1.973774433135986328e-01 -2.098733931779861450e-01 -9.575986266136169434e-01 -3.687526902760659642e+00
3.822695910930633545e-01 9.159673452377319336e-01 -1.219569668173789978e-01 -6.480862717814593887e-01
0.000000000000000000e+00 0.000000000000000000e+00 0.000000000000000000e+00 1.000000000000000000e+00
9.596238136291503906e-01 -1.641271263360977173e-01 2.284391671419143677e-01 2.084193050520052326e-01
2.120089083909988403e-01 -1.117072552442550659e-01 -9.708624482154846191e-01 -3.774162040877145685e+00
1.848631650209426880e-01 9.800935983657836914e-01 -7.240053266286849976e-02 -3.369058060406023847e-01
0.000000000000000000e+00 0.000000000000000000e+00 0.000000000000000000e+00 1.000000000000000000e+00
9.815086126327514648e-01 -2.652286551892757416e-02 1.895723044872283936e-01 7.894457530361925074e-03
1.888805329799652100e-01 -2.654821425676345825e-02 -9.816411733627319336e-01 -3.843538057241816741e+00
3.106877952814102173e-02 9.992956519126892090e-01 -2.104766108095645905e-02 -1.464989293031542482e-02
0.000000000000000000e+00 0.000000000000000000e+00 0.000000000000000000e+00 1.000000000000000000e+00
9.837393164634704590e-01 1.973692514002323151e-02 1.785141527652740479e-01 -3.238996352649442523e-02
1.768306046724319458e-01 6.749514490365982056e-02 -9.819242954254150391e-01 -3.890360017378346580e+00
-3.142898902297019958e-02 9.975244998931884766e-01 6.290753930807113647e-02 4.141027127889423398e-01
0.000000000000000000e+00 0.000000000000000000e+00 0.000000000000000000e+00 1.000000000000000000e+00
9.753397107124328613e-01 -1.383351981639862061e-01 1.719767600297927856e-01 -4.313987015881119019e-02
1.877675652503967285e-01 1.105475649237632751e-01 -9.759726524353027344e-01 -3.899964734144725220e+00
1.159997656941413879e-01 9.841964244842529297e-01 1.337962299585342407e-01 6.373154307729592682e-01
0.000000000000000000e+00 0.000000000000000000e+00 0.000000000000000000e+00 1.000000000000000000e+00
9.702429771423339844e-01 1.886098682880401611e-01 1.518390029668807983e-01 -7.515365377672086900e-02
1.406576335430145264e-01 7.139626890420913696e-02 -9.874807000160217285e-01 -3.911776564084199048e+00
-1.970893740653991699e-01 9.794533252716064453e-01 4.274229705333709717e-02 4.786578431532049205e-01
0.000000000000000000e+00 0.000000000000000000e+00 0.000000000000000000e+00 1.000000000000000000e+00
9.641222953796386719e-01 -2.552637457847595215e-01 7.286161929368972778e-02 -3.647002395529974073e-01
5.844106897711753845e-02 -6.363926082849502563e-02 -9.962602257728576660e-01 -3.866885612536717698e+00
2.589459717273712158e-01 9.647750854492187500e-01 -4.643815383315086365e-02 -1.861190518278927342e-01
0.000000000000000000e+00 0.000000000000000000e+00 0.000000000000000000e+00 1.000000000000000000e+00
8.656990528106689453e-01 -4.962775707244873047e-01 6.537232547998428345e-02 -3.097830894911439148e-01
-3.737459704279899597e-02 -1.943163126707077026e-01 -9.802266955375671387e-01 -3.716056330979367939e+00
4.991675913333892822e-01 8.461378216743469238e-01 -1.867676973342895508e-01 -8.794718664206742087e-01
0.000000000000000000e+00 0.000000000000000000e+00 0.000000000000000000e+00 1.000000000000000000e+00
7.802662253379821777e-01 -6.217779517173767090e-01 6.765056401491165161e-02 -2.036513397750045473e-01
-1.661314666271209717e-01 -3.103165626525878906e-01 -9.360039830207824707e-01 -3.425933837919950875e+00
6.029800176620483398e-01 7.190936207771301270e-01 -3.454264402389526367e-01 -1.537568865994577649e+00
0.000000000000000000e+00 0.000000000000000000e+00 0.000000000000000000e+00 1.000000000000000000e+00
9.478844404220581055e-01 -2.033274769783020020e-01 -2.453021705150604248e-01 -1.412543720985473206e+00
-3.087106347084045410e-01 -3.956337869167327881e-01 -8.649694323539733887e-01 -3.025159933729983042e+00
7.882224023342132568e-02 8.956181406974792480e-01 -4.377842843532562256e-01 -1.591307228726477785e+00
0.000000000000000000e+00 0.000000000000000000e+00 0.000000000000000000e+00 1.000000000000000000e+00
8.900704383850097656e-01 -3.585699796676635742e-01 -2.814288735389709473e-01 -1.447566001852426565e+00
-4.379332363605499268e-01 -5.014147162437438965e-01 -7.461889386177062988e-01 -2.463291069243866538e+00
1.264484375715255737e-01 7.874076366424560547e-01 -6.033240556716918945e-01 -2.210344047154194858e+00
0.000000000000000000e+00 0.000000000000000000e+00 0.000000000000000000e+00 1.000000000000000000e+00
8.110441565513610840e-01 -4.986228346824645996e-01 -3.059125244617462158e-01 -1.415138707670676066e+00
-5.743097662925720215e-01 -5.792473554611206055e-01 -5.784811377525329590e-01 -1.748275678423555801e+00
1.112449988722801208e-01 6.448623538017272949e-01 -7.561594247817993164e-01 -2.717351172080187727e+00
0.000000000000000000e+00 0.000000000000000000e+00 0.000000000000000000e+00 1.000000000000000000e+00
7.396445870399475098e-01 -5.821663737297058105e-01 -3.376506567001342773e-01 -1.413590057396051147e+00
-6.717197895050048828e-01 -6.077029109001159668e-01 -4.236619770526885986e-01 -1.121212610041563140e+00
4.145067185163497925e-02 5.401660799980163574e-01 -8.405368328094482422e-01 -2.957033907672414585e+00
0.000000000000000000e+00 0.000000000000000000e+00 0.000000000000000000e+00 1.000000000000000000e+00
6.611258983612060547e-01 -7.020576596260070801e-01 -2.646268010139465332e-01 -1.017770955100252062e+00
-7.495516538619995117e-01 -6.025593280792236328e-01 -2.740330100059509277e-01 -5.408838187704241296e-01
3.293382003903388977e-02 3.795218765735626221e-01 -9.245963692665100098e-01 -3.202679778410347566e+00
0.000000000000000000e+00 0.000000000000000000e+00 0.000000000000000000e+00 1.000000000000000000e+00
6.870585083961486816e-01 -6.909618973731994629e-01 -2.247707694768905640e-01 -8.842427625020927717e-01
-7.264772653579711914e-01 -6.589779257774353027e-01 -1.948814690113067627e-01 -2.195801645934272184e-01
-1.346318051218986511e-02 2.971858382225036621e-01 -9.547247290611267090e-01 -3.247415615022971380e+00
0.000000000000000000e+00 0.000000000000000000e+00 0.000000000000000000e+00 1.000000000000000000e+00
6.856113672256469727e-01 -6.933069825172424316e-01 -2.219515740871429443e-01 -8.735516379669647780e-01
-7.177459001541137695e-01 -6.947130560874938965e-01 -4.706143960356712341e-02 3.056482255553168992e-01
-1.215646117925643921e-01 1.915706694126129150e-01 -9.739212989807128906e-01 -3.197081163361556122e+00
0.000000000000000000e+00 0.000000000000000000e+00 0.000000000000000000e+00 1.000000000000000000e+00
6.687603592872619629e-01 -7.142078876495361328e-01 -2.065582275390625000e-01 -8.015111778962603628e-01
-7.255588173866271973e-01 -6.875773668289184570e-01 2.831234037876129150e-02 5.439501797024197671e-01
-1.622456461191177368e-01 1.309360116720199585e-01 -9.780246615409851074e-01 -3.152117480144619233e+00
0.000000000000000000e+00 0.000000000000000000e+00 0.000000000000000000e+00 1.000000000000000000e+00
6.534981727600097656e-01 -7.324423193931579590e-01 -1.909670531749725342e-01 -7.263546311341956274e-01
-7.323818802833557129e-01 -6.755802035331726074e-01 8.490110933780670166e-02 7.162060904363876102e-01
-1.911987215280532837e-01 8.437810093164443970e-02 -9.779179692268371582e-01 -3.104705393855919926e+00
0.000000000000000000e+00 0.000000000000000000e+00 0.000000000000000000e+00 1.000000000000000000e+00
5.724685788154602051e-01 -7.963734269142150879e-01 -1.951125413179397583e-01 -6.535952995153903045e-01
-7.618510127067565918e-01 -6.046046018600463867e-01 2.324571013450622559e-01 1.203177191576760618e+00
-3.030886352062225342e-01 1.557233929634094238e-02 -9.528352022171020508e-01 -2.944119727595886804e+00
0.000000000000000000e+00 0.000000000000000000e+00 0.000000000000000000e+00 1.000000000000000000e+00
5.717391967773437500e-01 -7.950091958045959473e-01 -2.026678472757339478e-01 -6.709244815127828332e-01
-6.761040687561035156e-01 -5.964901447296142578e-01 4.325303733348846436e-01 1.845604997481138598e+00
-4.647551178932189941e-01 -1.102699115872383118e-01 -8.785459399223327637e-01 -2.566664768612834546e+00
0.000000000000000000e+00 0.000000000000000000e+00 0.000000000000000000e+00 1.000000000000000000e+00
5.833213329315185547e-01 -7.854412198066711426e-01 -2.069253176450729370e-01 -7.055167062228437924e-01
-6.122258305549621582e-01 -5.925881862640380859e-01 5.234680771827697754e-01 2.124439432031117292e+00
-5.337749123573303223e-01 -1.786650270223617554e-01 -8.265367746353149414e-01 -2.326483941729788008e+00
0.000000000000000000e+00 0.000000000000000000e+00 0.000000000000000000e+00 1.000000000000000000e+00
6.437766551971435547e-01 -7.364773750305175781e-01 -2.077321261167526245e-01 -7.614303404787111651e-01
-4.955262243747711182e-01 -6.080947518348693848e-01 6.202211976051330566e-01 2.396824532289575149e+00
-5.830997824668884277e-01 -2.963472306728363037e-01 -7.564212083816528320e-01 -2.005420155564555440e+00
0.000000000000000000e+00 0.000000000000000000e+00 0.000000000000000000e+00 1.000000000000000000e+00
7.199900150299072266e-01 -6.715148687362670898e-01 -1.751631349325180054e-01 -7.206277015642915673e-01
