0.9093959331512451 0.4155915081501007 0.01681246608495712 -0.03880226612091064 
-0.3328894078731537 0.7030034065246582 0.6284669041633606 -0.1748324930667877 
0.24936643242836 -0.5771218538284302 0.7776545286178589 -0.2165620476007462 
0 0 0 1 

0.9161397814750671 0.3995307981967926 0.03260396793484688 -0.04557140916585922 
-0.2962200343608856 0.6199514269828796 0.7265768051147461 -0.2062334269285202 
0.2700769901275635 -0.6753038167953491 0.6863111853599548 -0.1913783401250839 
0 0 0 1 

0.9247480630874634 0.376891016960144 0.05285924673080444 -0.05330958589911461 
-0.2678548991680145 0.5458694696426392 0.793901801109314 -0.2283952534198761 
0.2703602612018585 -0.7483177781105042 0.6057438254356384 -0.167017325758934 
0 0 0 1 

0.9330442547798157 0.3562450706958771 0.05017856881022453 -0.0544763021171093 
-0.2264518290758133 0.4731839895248413 0.8513614535331726 -0.2480698674917221 
0.2795496582984924 -0.8057209253311157 0.5221740007400513 -0.1433699727058411 
0 0 0 1 

0.9430456161499023 0.3285587131977081 0.05209788307547569 -0.05791179090738297 
-0.1912304610013962 0.407270759344101 0.893062949180603 -0.2621057331562042 
0.2722057104110718 -0.852161705493927 0.4469053745269775 -0.1223283186554909 
0 0 0 1 

0.9557952880859375 0.2908506393432617 0.04314100369811058 -0.05848730728030205 
-0.1462313830852509 0.3429116308689117 0.9279158115386963 -0.2760709524154663 
0.2550913989543915 -0.8932061791419983 0.3702847957611084 -0.09887294471263885 
0 0 0 1 

0.983782947063446 0.137035146355629 -0.1157258749008179 -0.01935735158622265 
0.05746926367282867 0.3703647553920746 0.9271068572998047 -0.31175696849823 
0.1699070185422897 -0.9187226295471191 0.3564832508563995 -0.09986340254545212 
0 0 0 1 

0.9753299355506897 0.2200849503278732 -0.01715358905494213 -0.05304524675011635 
-0.05217843502759933 0.3053414523601532 0.9508121609687805 -0.3129447996616364 
0.2144971638917923 -0.9264604449272156 0.30929234623909 -0.08877190947532654 
0 0 0 1 

0.9117953181266785 0.3981826901435852 0.1003978028893471 -0.08928639441728592 
-0.2375942319631577 0.3121345639228821 0.9198482632637024 -0.2926996052265167 
0.3349300920963287 -0.8625673651695251 0.3792088031768799 -0.1219243183732033 
0 0 0 1 

0.8966220021247864 0.4298877120018005 0.106134295463562 -0.09073163568973541 
-0.2546952664852142 0.3046301305294037 0.9177855253219604 -0.2905279397964478 
0.3622132539749146 -0.8499391078948975 0.3826287984848022 -0.1265818327665329 
0 0 0 1 

