0.3608617186546326 0.1722067594528198 -0.9165824055671692 0.3918164670467377 
-0.2381230592727661 0.9672423601150513 0.08797482401132584 0.02709916047751904 
0.9017072319984436 0.1865127086639404 0.3900472223758698 -0.03571200743317604 
0 0 0 1 

0.4280001521110535 0.2455169707536697 -0.8697913885116577 0.4125317633152008 
-0.2726126313209534 0.9526398777961731 0.1347576081752777 0.01219685561954975 
0.8616832494735718 0.1794398874044418 0.4746610820293427 -0.05371882766485214 
0 0 0 1 

0.4445487558841705 0.8741537928581238 -0.1955284476280212 0.04759563133120537 
-0.8211353421211243 0.3104668855667114 -0.4789015650749207 0.1559902131557465 
-0.3579286336898804 0.3734503984451294 0.8558164834976196 -0.1766679435968399 
0 0 0 1 

0.4262857437133789 0.8700618743896484 -0.2475331723690033 0.06445057690143585 
-0.8035533428192139 0.2385503947734833 -0.5453399419784546 0.1727359741926193 
-0.4154303967952728 0.4313767850399017 0.8008318543434143 -0.1600360870361328 
0 0 0 1 

0.4052251577377319 0.866570770740509 -0.291286289691925 0.08095497637987137 
-0.7869046330451965 0.1684260219335556 -0.593644380569458 0.1832325011491776 
-0.4653747081756592 0.4697741270065308 0.7501590847969055 -0.1420923918485641 
0 0 0 1 

0.38432577252388 0.8694933652877808 -0.3102822303771973 0.09235233813524246 
-0.7789773941040039 0.1250449866056442 -0.6144576072692871 0.1849742978811264 
-0.495467483997345 0.4778547286987305 0.7253735661506653 -0.1295966058969498 
0 0 0 1 

0.3156693875789642 0.8989490270614624 -0.3037160634994507 0.09893879294395447 
-0.7738544940948486 0.05867605656385422 -0.6306395530700684 0.1833130270242691 
-0.5490919351577759 0.4341056346893311 0.7141780257225037 -0.1202632412314415 
0 0 0 1 

0.1991008967161179 0.9195365905761719 -0.3388383090496063 0.1155718639492989 
-0.7866970300674438 -0.05619955807924271 -0.6147759556770325 0.1667513102293015 
-0.5843515396118164 0.3889655470848083 0.7122071981430054 -0.1151359975337982 
0 0 0 1 

0.09303007274866104 0.9053751230239868 -0.41429603099823 0.1326086819171906 
-0.79296875 -0.1842602789402008 -0.5807311534881592 0.1489707976579666 
-0.6021178960800171 0.3825492262840271 0.7007924914360046 -0.111139327287674 
0 0 0 1 

0.078461654484272 0.8670877814292908 -0.4919375777244568 0.145263671875 
-0.7606292366981506 -0.2669132649898529 -0.5917773842811584 0.1556966453790665 
-0.6444275975227356 0.4206139445304871 0.6385898590087891 -0.09369618445634842 
0 0 0 1 

