-0.4762232005596161 0.7542737126350403 0.4519763290882111 -0.09937368333339691 
0.8141468167304993 0.1840167641639709 0.5507293343544006 -0.2340119481086731 
0.3322294056415558 0.6302452087402344 -0.7017225623130798 0.2183340042829514 
0 0 0 1 

0.1709655225276947 0.9327580332756042 0.3173849284648895 -0.1070211678743362 
0.8213822841644287 -0.3128350675106049 0.4769331812858582 -0.2346372604370117 
0.5441523790359497 0.1791552752256393 -0.8196349740028381 0.2451904565095901 
0 0 0 1 

0.5924914479255676 0.7393690347671509 0.319823831319809 -0.1409013122320175 
0.4651811718940735 0.0101150069385767 -0.8851576447486877 0.2441914826631546 
-0.6576932072639465 0.6732243895530701 -0.3379475474357605 0.1875957846641541 
0 0 0 1 

0.1853014528751373 0.9141448736190796 0.3605583608150482 -0.1084727421402931 
0.5642281770706177 0.2014298886060715 -0.8006699085235596 0.2259582579135895 
-0.8045555949211121 0.3518024384975433 -0.4784610569477081 0.2351021766662598 
0 0 0 1 

0.8042502999305725 0.1659898608922958 0.5706389546394348 -0.2159549742937088 
-0.06956729292869568 -0.9273049235343933 0.3677854835987091 -0.1249441206455231 
0.5902048945426941 -0.335489422082901 -0.7342377901077271 0.2059925198554993 
0 0 0 1 

0.814127504825592 0.09417774528264999 0.5729982256889343 -0.2147980928421021 
-0.07395411282777786 -0.961909294128418 0.2631745040416718 -0.08729816973209381 
0.5759575963020325 -0.2566331923007965 -0.7761520147323608 0.2198031544685364 
0 0 0 1 

0.7945626378059387 0.01291566621512175 0.6070447564125061 -0.2213658094406128 
-0.1084656193852425 -0.9806729555130005 0.162836030125618 -0.04805277287960052 
0.5974156260490417 -0.1952269226312637 -0.7778050899505615 0.221009835600853 
0 0 0 1 

0.8276752829551697 -0.08290765434503555 0.5550494790077209 -0.202025443315506 
-0.1362369954586029 -0.9891257882118225 0.05540752783417702 -0.00570225715637207 
0.5444199442863464 -0.1214777156710625 -0.8299700021743774 0.2413983792066574 
0 0 0 1 

0.8214321732521057 -0.046811293810606 0.5683817863464355 -0.202484518289566 
-0.06600084900856018 -0.9977322220802307 0.01321310549974442 0.02397242188453674 
0.5664741992950439 -0.04836735501885414 -0.822658896446228 0.2424311935901642 
0 0 0 1 

0.8059409260749817 -0.06175768002867699 0.5887658596038818 -0.2044350057840347 
-0.07524220645427704 -0.9971639513969421 -0.00159955455455929 0.04593530669808388 
0.5871949195861816 -0.0430108979344368 -0.8083019852638245 0.2413398921489716 
0 0 0 1 

