0.01633743941783905 -0.8404443860054016 -0.5416514873504639 0.1576371341943741 
-0.9994768500328064 -0.02884994633495808 0.0146180521696806 0.03987648710608482 
-0.02791227400302887 0.5411292910575867 -0.8404761552810669 0.2810162007808685 
0 0 0 1 

0.05224742740392685 -0.846260130405426 -0.5302019715309143 0.150831013917923 
-0.9941496849060059 0.006182912271469831 -0.1078348681330681 0.07864317297935486 
0.09453458338975906 0.5327342748641968 -0.8409860730171204 0.2728998363018036 
0 0 0 1 

0.03203872591257095 -0.8584843873977661 -0.5118378400802612 0.1487267464399338 
-0.9817339181900024 0.06905969232320786 -0.1772828847169876 0.09263293445110321 
0.1875419467687607 0.5081685185432434 -0.8405906558036804 0.2691667377948761 
0 0 0 1 

-0.0402078852057457 -0.8530625700950623 -0.5202572345733643 0.1595201641321182 
-0.9944210648536682 0.08498138189315796 -0.06249008327722549 0.05591419711709023 
0.09752015024423599 0.51484215259552 -0.8517202734947205 0.2877198159694672 
0 0 0 1 

-0.05463295057415962 -0.8325119614601135 -0.5513065457344055 0.1691062301397324 
-0.993039071559906 -0.01239821501076221 0.1171297580003738 -0.0009369094623252749 
-0.1043471246957779 0.5538681745529175 -0.8260396122932434 0.297998309135437 
0 0 0 1 

0.1154219657182693 -0.8138724565505981 -0.5694639682769775 0.1618859022855759 
-0.987250804901123 -0.1572523564100266 0.02464278042316437 0.02842763625085354 
-0.1096057072281837 0.5593595504760742 -0.821646511554718 0.2994030117988586 
0 0 0 1 

0.2035572081804276 -0.7658482193946838 -0.6099517941474915 0.1610883623361588 
-0.9487576484680176 -0.3081033825874329 0.070224829018116 0.01316609513014555 
-0.2417097091674805 0.5644016265869141 -0.7893211841583252 0.2952085137367249 
0 0 0 1 

0.3177994787693024 -0.7024186849594116 -0.6368762850761414 0.1537001132965088 
-0.9132800698280334 -0.4072798490524292 -0.006530190352350473 0.03568138554692268 
-0.2547999322414398 0.5837217569351196 -0.7709383368492126 0.2847540974617004 
0 0 0 1 

0.3483684659004211 -0.6960540413856506 -0.6278121471405029 0.1476418972015381 
-0.9221931099891663 -0.374490886926651 -0.09652090072631836 0.06475664675235748 
-0.1679262071847916 0.6125888228416443 -0.7723570466041565 0.2768912017345428 
0 0 0 1 

0.7073919773101807 -0.2485884428024292 -0.6616648435592651 0.1598657071590424 
-0.5587626099586487 -0.7699737548828125 -0.3080980181694031 0.1060986891388893 
-0.4328750967979431 0.5876598358154297 -0.6835752725601196 0.2699082493782043 
0 0 0 1 

