0.9162659049034119 0.4004577100276947 -0.009505642578005791 -0.02999872155487537 
-0.3299025595188141 0.7678672075271606 0.5491302013397217 -0.1512584686279297 
0.2272026389837265 -0.5000133514404297 0.8356826305389404 -0.2305448353290558 
0 0 0 1 

0.9099228978157043 0.4145303964614868 0.01430914085358381 -0.03829832002520561 
-0.3303613066673279 0.7034429907798767 0.6293084025382996 -0.1756184250116348 
0.2508019208908081 -0.5773492455482483 0.7770237922668457 -0.2163955569267273 
0 0 0 1 

0.9149699211120605 0.402051568031311 0.03441775962710381 -0.04622888565063477 
-0.2993302345275879 0.6190458536148071 0.7260739207267761 -0.2060652077198029 
0.2706131041049957 -0.6746380925178528 0.686754584312439 -0.1914145350456238 
0 0 0 1 

0.9245792627334595 0.377411425113678 0.05209365487098694 -0.05311549827456474 
-0.2673463225364685 0.5452821254730225 0.7944766879081726 -0.2285264581441879 
0.271438866853714 -0.7484837174415588 0.6050561666488647 -0.1668862700462341 
0 0 0 1 

0.9326031804084778 0.3577410876750946 0.04767123237252235 -0.05378750711679459 
-0.225438728928566 0.4742989242076874 0.8510098457336426 -0.2481455057859421 
0.2818308472633362 -0.8044013977050781 0.5229814052581787 -0.1438176482915878 
0 0 0 1 

0.9419071674346924 0.3320789337158203 0.05034368112683296 -0.05749240145087242 
-0.1912914514541626 0.4071844816207886 0.8930891752243042 -0.2622727751731873 
0.2760769426822662 -0.8508373498916626 0.447053849697113 -0.122575469315052 
0 0 0 1 

0.9536823630332947 0.2963764071464539 0.05148794874548912 -0.06050693243741989 
-0.1594862937927246 0.353036493062973 0.921916127204895 -0.2729128003120422 
0.2550570666790009 -0.8874267339706421 0.3839526772499084 -0.1031969785690308 
0 0 0 1 

0.9593575000762939 0.274575412273407 0.06512714922428131 -0.06697535514831543 
-0.1423097252845764 0.2714484930038452 0.9518737196922302 -0.2872289717197418 
0.2436824589967728 -0.922455370426178 0.29949089884758 -0.07414886355400085 
0 0 0 1 

0.9981116652488708 0.03701931610703468 -0.04901671782135963 -0.03797749429941177 
0.03616729751229286 0.2908128201961517 0.9560960531234741 -0.3075760900974274 
0.0496487133204937 -0.9560633897781372 0.2889247834682465 -0.06436427682638168 
0 0 0 1 

0.9965840578079224 -0.004081959836184978 -0.08248396217823029 -0.02568046189844608 
0.08004598319530487 0.2934949100017548 0.9526033401489258 -0.3120865225791931 
0.02032012864947319 -0.9559518098831177 0.292819082736969 -0.06473515927791595 
0 0 0 1 

