-0.9999024271965027 -0.01395096257328987 0.0002217620494775474 0.04943356290459633 
-0.01395149528980255 0.9994773268699646 -0.02915951050817966 0.01849059946835041 
0.0001851573470048606 -0.02915976755321026 -0.9995744228363037 0.3132331669330597 
0 0 0 1 

-0.8734346032142639 -0.4272101819515228 -0.2336728572845459 0.118838869035244 
-0.4436938166618347 0.8959448337554932 0.02045968733727932 0.02239272370934486 
0.2006174176931381 0.1215494051575661 -0.9720999002456665 0.3034672439098358 
0 0 0 1 

-0.8545140027999878 -0.3366954922676086 -0.3955272734165192 0.1727986037731171 
-0.391522228717804 0.9179061651229858 0.06448701769113541 0.005672902800142765 
0.3413444459438324 0.2099628001451492 -0.9161874651908875 0.2801837027072906 
0 0 0 1 

-0.7275036573410034 -0.3875443339347839 -0.5661693811416626 0.2294127643108368 
-0.6150266528129578 0.7341151833534241 0.2877795100212097 -0.06083325669169426 
0.3041062355041504 0.5575699210166931 -0.772421658039093 0.2330449372529984 
0 0 0 1 

-0.7510043382644653 -0.4007597267627716 -0.5247705578804016 0.2162110656499863 
-0.6208670735359192 0.699118971824646 0.3546219170093536 -0.08286909759044647 
0.2247588634490967 0.5921353697776794 -0.7738600373268127 0.2368605583906174 
0 0 0 1 

-0.8191372156143188 -0.3996360898017883 -0.4114668667316437 0.1785183101892471 
-0.5688844323158264 0.6577868461608887 0.4936464130878448 -0.1340966671705246 
0.07337856292724609 0.6384413242340088 -0.7661646008491516 0.2399968653917313 
0 0 0 1 

-0.875361442565918 -0.3990585505962372 -0.2729369699954987 0.1328129917383194 
-0.4764885902404785 0.6165112257003784 0.6267954707145691 -0.1838535964488983 
-0.08185939490795135 0.6787239909172058 -0.7298171520233154 0.2335124462842941 
0 0 0 1 

-0.9126533269882202 -0.366713285446167 -0.1805132478475571 0.1006559580564499 
-0.3831292688846588 0.6136749386787415 0.6903730630874634 -0.2078777700662613 
-0.1423925310373306 0.6992312669754028 -0.7005710601806641 0.2265048027038574 
0 0 0 1 

-0.9454684257507324 -0.306074857711792 -0.1113921701908112 0.07826244086027145 
-0.293918639421463 0.6543497443199158 0.6967340111732483 -0.2122819572687149 
-0.1403632760047913 0.6914799809455872 -0.7086281776428223 0.2318016290664673 
0 0 0 1 

-0.94825279712677 -0.3039447665214539 -0.09184078872203827 0.0719873234629631 
-0.2760843336582184 0.6464071869850159 0.711291491985321 -0.2171429693698883 
-0.1568267345428467 0.6998394727706909 -0.6968715786933899 0.2305279970169067 
0 0 0 1 

