0.1348203867673874 -0.8686580657958984 -0.4767140746116638 0.1297426819801331 
-0.9851435422897339 -0.1691573411226273 0.02962532825767994 0.02589477226138115 
-0.1063740774989128 0.4656377732753754 -0.8785585761070251 0.3140548765659332 
0 0 0 1 

-0.3584310710430145 0.898199200630188 0.254490077495575 -0.04361816495656967 
0.8199557065963745 0.1725650727748871 0.5457965135574341 -0.2332151830196381 
0.4463179707527161 0.4043010175228119 -0.7983362078666687 0.2380635142326355 
0 0 0 1 

-0.4930561780929565 0.8160111904144287 0.3016974627971649 -0.05197504162788391 
0.7288297414779663 0.1980536133050919 0.655424952507019 -0.2610820233821869 
0.4750818312168121 0.5430474281311035 -0.6923847794532776 0.2067433446645737 
0 0 0 1 

0.003064947901293635 0.9575896263122559 0.288119375705719 -0.08592760562896729 
0.7599207162857056 -0.1895121186971664 0.6217762231826782 -0.2738703787326813 
0.6500085592269897 0.2170421928167343 -0.7282730340957642 0.207253485918045 
0 0 0 1 

0.1137137413024902 0.9585236310958862 0.2613453269004822 -0.08446867018938065 
0.7997329235076904 -0.2443885505199432 0.5483622550964355 -0.2547116875648499 
0.5894880890846252 0.1466502845287323 -0.794353187084198 0.2327000945806503 
0 0 0 1 

0.2068045139312744 0.9425458908081055 0.2623717784881592 -0.09145554900169373 
0.8189766407012939 -0.3134827315807343 0.4806305170059204 -0.2359551042318344 
0.5352653861045837 0.1154798716306686 -0.8367526531219482 0.250720739364624 
0 0 0 1 

0.286936491727829 0.9172886610031128 0.2761321365833282 -0.1016928777098656 
0.8325839042663574 -0.3813647329807281 0.4017024636268616 -0.2129201143980026 
0.4737842381000519 0.1146400719881058 -0.8731471300125122 0.2678801715373993 
0 0 0 1 

0.3795904517173767 0.8934798240661621 0.2400099039077759 -0.09629123657941818 
0.8461849093437195 -0.4401794075965881 0.3003543615341187 -0.1829094886779785 
0.3740080595016479 0.08908119797706604 -0.9231368899345398 0.2925736010074615 
0 0 0 1 

0.463554322719574 0.8479478359222412 0.2571026682853699 -0.107815757393837 
0.8405494093894958 -0.5126271843910217 0.1751858294010162 -0.14362932741642 
0.2803462743759155 0.1348993331193924 -0.9503727555274963 0.3096698820590973 
0 0 0 1 

0.5491602420806885 0.7873978018760681 0.2800490856170654 -0.1217747777700424 
0.8102899789810181 -0.5836972594261169 0.05221738293766975 -0.1060112789273262 
0.2045798897743225 0.1982453316450119 -0.9585639238357544 0.3191775381565094 
0 0 0 1 

