-0.4183744192123413 -0.3854466378688812 0.8224315047264099 -0.2250173091888428 
-0.9074999690055847 0.1400066018104553 -0.3960326313972473 0.168391153216362 
0.0375036746263504 -0.9120465517044067 -0.4083679020404816 0.1180450543761253 
0 0 0 1 

-0.4663323163986206 -0.4573306143283844 0.7572205662727356 -0.203180268406868 
-0.8844606876373291 0.2253368943929672 -0.4085984230041504 0.1688223630189896 
0.01623476855456829 -0.8602744340896606 -0.5095728039741516 0.1500942558050156 
0 0 0 1 

-0.4901593029499054 -0.5329540371894836 0.6897127032279968 -0.1839599609375 
-0.8716029524803162 0.2931524813175201 -0.3928993046283722 0.1636895537376404 
0.007206322625279427 -0.7937389612197876 -0.6082156300544739 0.1828709840774536 
0 0 0 1 

-0.4644498527050018 -0.5916595458984375 0.6589576005935669 -0.1789518594741821 
-0.884130597114563 0.3526154458522797 -0.3065540194511414 0.1384287178516388 
-0.05098295584321022 -0.7249835729598999 -0.6868764162063599 0.2116686850786209 
0 0 0 1 

-0.497132807970047 -0.6406430602073669 0.5851800441741943 -0.1567818969488144 
-0.8674474358558655 0.3823914229869843 -0.3182953298091888 0.1407971978187561 
-0.01985420845448971 -0.6658478975296021 -0.7458235621452332 0.2290949076414108 
0 0 0 1 

-0.388120025396347 -0.7742944955825806 0.4998302757740021 -0.1466979533433914 
-0.5795352458953857 0.6267467737197876 0.5208908319473267 -0.1248885095119476 
-0.7165899276733398 -0.08750097453594208 -0.6919839382171631 0.2546414732933044 
0 0 0 1 

-0.3225819170475006 -0.7777775526046753 0.5394467711448669 -0.1612796038389206 
-0.6349896788597107 0.6004636287689209 0.4860365092754364 -0.1119086518883705 
-0.7019464373588562 -0.1857565343379974 -0.6875793933868408 0.2517671287059784 
0 0 0 1 

-0.2532780468463898 -0.7727273106575012 0.5820157527923584 -0.1767680644989014 
-0.6880279779434204 0.5668184757232666 0.4531380832195282 -0.09974560141563416 
-0.6800494790077209 -0.2856731712818146 -0.6752207279205322 0.2462481409311295 
0 0 0 1 

-0.1892540156841278 -0.7478399276733398 0.6363320350646973 -0.1957267671823502 
-0.7334246635437012 0.5385497212409973 0.4147920906543732 -0.08572289347648621 
-0.6528945565223694 -0.3882005512714386 -0.6504069566726685 0.2367664724588394 
0 0 0 1 

-0.1236343011260033 -0.7113025188446045 0.691927433013916 -0.2157604694366455 
-0.7799819111824036 0.5007215142250061 0.3753748834133148 -0.07081054896116257 
-0.6134681105613708 -0.4932816326618195 -0.6167093515396118 0.2242894917726517 
0 0 0 1 

