-0.192070409655571 0.2908044457435608 -0.9373053908348083 0.3034560084342957 
-0.9749260544776917 0.05282259359955788 0.2161681950092316 -0.03037514537572861 
0.112373523414135 0.9553231000900269 0.273367315530777 -0.07636876404285431 
0 0 0 1 

-0.2756256759166718 0.1658665835857391 -0.9468466639518738 0.3099042177200317 
-0.9591144919395447 0.01839682087302208 0.2824195921421051 -0.05225032195448875 
0.06426283717155457 0.9859764575958252 0.1540145576000214 -0.03565714135766029 
0 0 0 1 

0.6765983700752258 0.4202876091003418 -0.6046261191368103 0.1573014110326767 
-0.2985835075378418 0.9071692228317261 0.2964655756950378 -0.05166693404316902 
0.6730989813804626 -0.02005664631724358 0.7392802238464355 -0.2526403963565826 
0 0 0 1 

0.6695598959922791 0.4528259336948395 -0.5887597799301147 0.1521011590957642 
-0.2353151738643646 0.8811584115028381 0.4101056456565857 -0.09115665405988693 
0.7044970989227295 -0.1360461264848709 0.6965451836585999 -0.2408149540424347 
0 0 0 1 

0.6651057600975037 0.4850203990936279 -0.5677934885025024 0.145502120256424 
-0.1549795418977737 0.8334536552429199 0.530411422252655 -0.1353247612714767 
0.73048996925354 -0.2647832930088043 0.629503071308136 -0.2216580659151077 
0 0 0 1 

0.6439138054847717 0.5216381549835205 -0.5597039461135864 0.1439867615699768 
-0.09289117157459259 0.7794350385665894 0.6195579767227173 -0.1690544784069061 
0.7594380378723145 -0.3469503223896027 0.5503445863723755 -0.1983871906995773 
0 0 0 1 

0.6583822965621948 0.5335737466812134 -0.5308782458305359 0.1340513080358505 
-0.03118485957384109 0.7240455150604248 0.6890468001365662 -0.1967883110046387 
0.7520373463630676 -0.4371007978916168 0.4933381974697113 -0.1811671257019043 
0 0 0 1 

0.6749287843704224 0.5378504991531372 -0.5051612257957458 0.1250849664211273 
0.02466845884919167 0.6677793860435486 0.7439503073692322 -0.2192217707633972 
0.7374703884124756 -0.5145749449729919 0.4374356269836426 -0.1648111194372177 
0 0 0 1 

0.7154138088226318 0.5262737274169922 -0.4595856368541718 0.1084120124578476 
0.06657730042934418 0.6034319996833801 0.794630229473114 -0.2400087267160416 
0.6955217123031616 -0.5990874171257019 0.3966656625270844 -0.1526340395212173 
0 0 0 1 

0.7188662886619568 0.5303171277046204 -0.4494385123252869 0.1043227687478065 
0.08947625011205673 0.5705690383911133 0.8163607716560364 -0.2506057024002075 
0.6893658041954041 -0.6270683407783508 0.3627120554447174 -0.1440788209438324 
0 0 0 1 

