1.000000000000000000e+00 0.000000000000000000e+00 0.000000000000000000e+00 -4.255350477121360719e-01
0.000000000000000000e+00 -1.000000000000000000e+00 0.000000000000000000e+00 3.076616963927396031e-01
0.000000000000000000e+00 0.000000000000000000e+00 -1.000000000000000000e+00 -5.117628744684824760e+00
0.000000000000000000e+00 0.000000000000000000e+00 0.000000000000000000e+00 1.000000000000000000e+00
9.972233176231384277e-01 -5.371036008000373840e-02 5.158272013068199158e-02 -1.309052948469381361e-01
-5.473296716809272766e-02 -9.983273744583129883e-01 1.861979998648166656e-02 3.578873801294886192e-01
5.049635842442512512e-02 -2.139138989150524139e-02 -9.984951019287109375e-01 -5.077396869177712269e+00
0.000000000000000000e+00 0.000000000000000000e+00 0.000000000000000000e+00 1.000000000000000000e+00
9.760226011276245117e-01 -6.315162032842636108e-02 2.083071768283843994e-01 7.140002075176857810e-01
-6.863088160753250122e-02 -9.974578619003295898e-01 1.917467080056667328e-02 3.716351938457425619e-01
2.065667212009429932e-01 -3.301119431853294373e-02 -9.778755307197570801e-01 -4.961458703799480396e+00
0.000000000000000000e+00 0.000000000000000000e+00 0.000000000000000000e+00 1.000000000000000000e+00
9.433538913726806641e-01 -6.318941712379455566e-02 3.257152438163757324e-01 1.359075272461264250e+00
-6.183954700827598572e-02 -9.979806542396545410e-01 -1.450726762413978577e-02 2.093013286257729977e-01
3.259742259979248047e-01 -6.456616334617137909e-03 -9.453565478324890137e-01 -4.796737216785693647e+00
0.000000000000000000e+00 0.000000000000000000e+00 0.000000000000000000e+00 1.000000000000000000e+00
9.295826554298400879e-01 -7.058663666248321533e-02 3.617921173572540283e-01 1.569576360856812514e+00
-6.046725437045097351e-02 -9.973989129066467285e-01 -3.923169150948524475e-02 1.261953717269295172e-01
3.636202812194824219e-01 1.459249854087829590e-02 -9.314329028129577637e-01 -4.694108752316699551e+00
0.000000000000000000e+00 0.000000000000000000e+00 0.000000000000000000e+00 1.000000000000000000e+00
1.808424443006515503e-01 -9.270668029785156250e-02 9.791328310966491699e-01 5.101021831171266285e+00
-4.406799748539924622e-02 -9.953115582466125488e-01 -8.609929680824279785e-02 -5.917641301843514640e-02
9.825240969657897949e-01 -2.757803536951541901e-02 -1.840799450874328613e-01 -9.474686202977782301e-01
0.000000000000000000e+00 0.000000000000000000e+00 0.000000000000000000e+00 1.000000000000000000e+00
1.583780199289321899e-01 -1.051695272326469421e-01 9.817617535591125488e-01 5.086077633435899692e+00
-3.332087025046348572e-02 -9.943142533302307129e-01 -1.011388748884201050e-01 -7.874761770132675254e-02
9.868161678314208984e-01 -1.669497601687908173e-02 -1.609819382429122925e-01 -7.327126914297725779e-01
0.000000000000000000e+00 0.000000000000000000e+00 0.000000000000000000e+00 1.000000000000000000e+00
1.595588624477386475e-01 -1.033651307225227356e-01 9.817619323730468750e-01 5.041738286055213791e+00
-3.005037643015384674e-02 -9.945508241653442383e-01 -9.982774406671524048e-02 -1.952647234878751928e-02
9.867308139801025391e-01 -1.357393339276313782e-02 -1.617956012487411499e-01 -6.306346643023525989e-01
0.000000000000000000e+00 0.000000000000000000e+00 0.000000000000000000e+00 1.000000000000000000e+00
1.707296520471572876e-01 -9.751278162002563477e-02 9.804808497428894043e-01 4.988486784215192316e+00
-4.194941371679306030e-02 -9.949078559875488281e-01 -9.164302051067352295e-02 4.596693738845179789e-02
9.844241738319396973e-01 -2.548442967236042023e-02 -1.739508509635925293e-01 -5.602704489390109011e-01
0.000000000000000000e+00 0.000000000000000000e+00 0.000000000000000000e+00 1.000000000000000000e+00
1.840168535709381104e-01 -1.031091585755348206e-01 9.775000214576721191e-01 4.948197369975429361e+00
-6.246783211827278137e-02 -9.936992526054382324e-01 -9.305822849273681641e-02 6.337186148954478127e-02
9.809361696243286133e-01 -4.393804818391799927e-02 -1.892984658479690552e-01 -5.095726251792133121e-01
0.000000000000000000e+00 0.000000000000000000e+00 0.000000000000000000e+00 1.000000000000000000e+00
2.016144245862960815e-01 -9.498367458581924438e-02 9.748484492301940918e-01 4.907245268263068283e+00
-8.187923580408096313e-02 -9.934372305870056152e-01 -7.986088097095489502e-02 1.603322089662299055e-01
9.760367274284362793e-01 -6.371879577636718750e-02 -2.080685198307037354e-01 -4.761593375029963826e-01
0.000000000000000000e+00 0.000000000000000000e+00 0.000000000000000000e+00 1.000000000000000000e+00
1.980209350585937500e-01 -9.207087755203247070e-02 9.758638739585876465e-01 4.896335130914789779e+00
-1.106576323509216309e-01 -9.913139939308166504e-01 -7.107408344745635986e-02 2.488631383098712790e-01
9.739314913749694824e-01 -9.391266107559204102e-02 -2.064892649650573730e-01 -3.501371620112260774e-01
0.000000000000000000e+00 0.000000000000000000e+00 0.000000000000000000e+00 1.000000000000000000e+00
2.122668325901031494e-01 -1.015582680702209473e-01 9.719199538230895996e-01 4.895204990841759418e+00
-1.120590493083000183e-01 -9.905539155006408691e-01 -7.903177291154861450e-02 2.593734310685824052e-01
9.707652926445007324e-01 -9.213658422231674194e-02 -2.216422110795974731e-01 -3.489112645904523524e-01
0.000000000000000000e+00 0.000000000000000000e+00 0.000000000000000000e+00 1.000000000000000000e+00
2.178963869810104370e-01 -1.161182597279548645e-01 9.690397381782531738e-01 4.911680909322173605e+00
-1.380828320980072021e-01 -9.865770339965820312e-01 -8.717072755098342896e-02 2.650342999166595548e-01
9.661542773246765137e-01 -1.148135662078857422e-01 -2.310054451227188110e-01 -3.182109281587193750e-01
0.000000000000000000e+00 0.000000000000000000e+00 0.000000000000000000e+00 1.000000000000000000e+00
2.324240654706954956e-01 -1.209394335746765137e-01 9.650661349296569824e-01 4.928944513211635403e+00
-1.575023382902145386e-01 -9.838224053382873535e-01 -8.535743504762649536e-02 3.074296565726186148e-01
9.597770571708679199e-01 -1.321610510349273682e-01 -2.477123290300369263e-01 -3.185139985522505990e-01
0.000000000000000000e+00 0.000000000000000000e+00 0.000000000000000000e+00 1.000000000000000000e+00
2.391504049301147461e-01 -1.336561292409896851e-01 9.617394804954528809e-01 4.956785323437691737e+00
-1.810252964496612549e-01 -9.792523980140686035e-01 -9.107534587383270264e-02 3.054689498540099635e-01
9.539585709571838379e-01 -1.523184776306152344e-01 -2.583836913108825684e-01 -2.631302154451384823e-01
0.000000000000000000e+00 0.000000000000000000e+00 0.000000000000000000e+00 1.000000000000000000e+00
2.665005326271057129e-01 -1.406489908695220947e-01 9.535173773765563965e-01 4.975690963711352666e+00
-1.952376067638397217e-01 -9.766643047332763672e-01 -8.949591964483261108e-02 3.520581608860522405e-01
9.438535571098327637e-01 -1.623117774724960327e-01 -2.877415418624877930e-01 -3.010548621764882471e-01
0.000000000000000000e+00 0.000000000000000000e+00 0.000000000000000000e+00 1.000000000000000000e+00
3.064799904823303223e-01 -1.453485935926437378e-01 9.407147169113159180e-01 4.977012767286936423e+00
-2.191654145717620850e-01 -9.724956154823303223e-01 -7.885616272687911987e-02 4.251885260204019690e-01
9.263026714324951172e-01 -1.820042133331298828e-01 -3.299058079719543457e-01 -4.027700232705403449e-01
0.000000000000000000e+00 0.000000000000000000e+00 0.000000000000000000e+00 1.000000000000000000e+00
3.734503984451293945e-01 -1.737951785326004028e-01 9.112241864204406738e-01 5.023038991581405099e+00
-2.361556142568588257e-01 -9.677414298057556152e-01 -8.778999745845794678e-02 3.790286233772324764e-01
8.970868587493896484e-01 -1.824055761098861694e-01 -4.024462103843688965e-01 -5.730364584270553063e-01
0.000000000000000000e+00 0.000000000000000000e+00 0.000000000000000000e+00 1.000000000000000000e+00
4.167971014976501465e-01 -2.252114266157150269e-01 8.806588649749755859e-01 5.230651040369615146e+00
-2.443627268075942993e-01 -9.609186053276062012e-01 -1.300846934318542480e-01 1.701457126327757530e-01
8.755381703376770020e-01 -1.609813123941421509e-01 -4.555414319038391113e-01 -6.385074013972945606e-01
0.000000000000000000e+00 0.000000000000000000e+00 0.000000000000000000e+00 1.000000000000000000e+00
4.421352744102478027e-01 -2.480891793966293335e-01 8.619557619094848633e-01 5.294932915668212559e+00
-2.736660838127136230e-01 -9.524774551391601562e-01 -1.337678134441375732e-01 1.801286703470959261e-01
8.541798591613769531e-01 -1.767447292804718018e-01 -4.890174269676208496e-01 -8.312073947766541737e-01
0.000000000000000000e+00 0.000000000000000000e+00 0.000000000000000000e+00 1.000000000000000000e+00
4.300346672534942627e-01 -2.509695589542388916e-01 8.672280907630920410e-01 5.175280129073816404e+00
-2.032598555088043213e-01 -9.628371596336364746e-01 -1.778471916913986206e-01 -7.671639503374853841e-02
8.796338438987731934e-01 -9.979223459959030151e-02 -4.650654494762420654e-01 -8.123039866090017158e-01
0.000000000000000000e+00 0.000000000000000000e+00 0.000000000000000000e+00 1.000000000000000000e+00
4.323929548263549805e-01 -2.502060234546661377e-01 8.662756085395812988e-01 5.094766775703858386e+00
-1.770545691251754761e-01 -9.655856490135192871e-01 -1.905146837234497070e-01 -1.791760006832368302e-01
8.841313123703002930e-01 -7.100085914134979248e-02 -4.618126451969146729e-01 -8.330696656203099293e-01
0.000000000000000000e+00 0.000000000000000000e+00 0.000000000000000000e+00 1.000000000000000000e+00
3.846153914928436279e-01 -2.617549300193786621e-01 8.851866126060485840e-01 4.835550816923667838e+00
-7.352224737405776978e-02 -9.645926356315612793e-01 -2.532902061939239502e-01 -5.872316650137749949e-01
9.201441407203674316e-01 3.233834728598594666e-02 -3.902418315410614014e-01 -5.861401607529328484e-01
0.000000000000000000e+00 0.000000000000000000e+00 0.000000000000000000e+00 1.000000000000000000e+00
3.778374791145324707e-01 -2.964117228984832764e-01 8.771426081657409668e-01 4.555946702661655578e+00
-3.706423938274383545e-02 -9.514521360397338867e-01 -3.055573403835296631e-01 -9.815759981607010687e-01
9.251298308372497559e-01 8.294034749269485474e-02 -3.704804778099060059e-01 -5.368008463119622320e-01
0.000000000000000000e+00 0.000000000000000000e+00 0.000000000000000000e+00 1.000000000000000000e+00
3.910458385944366455e-01 -3.488775193691253662e-01 8.516849875450134277e-01 4.303026274871151635e+00
5.519551690667867661e-03 -9.244658350944519043e-01 -3.812251389026641846e-01 -1.372462303077671475e+00
9.203545451164245605e-01 1.537774056196212769e-01 -3.595829308032989502e-01 -5.083597483768195202e-01
0.000000000000000000e+00 0.000000000000000000e+00 0.000000000000000000e+00 1.000000000000000000e+00
4.246073663234710693e-01 -3.640638887882232666e-01 8.289546966552734375e-01 4.101083973752693623e+00
5.590021237730979919e-02 -9.033013582229614258e-01 -4.253490865230560303e-01 -1.592316907693871686e+00
9.036501646041870117e-01 2.269451022148132324e-01 -3.631971180438995361e-01 -5.628995225999495755e-01
0.000000000000000000e+00 0.000000000000000000e+00 0.000000000000000000e+00 1.000000000000000000e+00
4.805992841720581055e-01 -3.938470780849456787e-01 7.835231423377990723e-01 3.788247471605825201e+00
1.205318197607994080e-01 -8.553272485733032227e-01 -5.038723945617675781e-01 -1.987768613432546294e+00
8.686176538467407227e-01 3.366000652313232422e-01 -3.635986447334289551e-01 -6.214477127922535260e-01
0.000000000000000000e+00 0.000000000000000000e+00 0.000000000000000000e+00 1.000000000000000000e+00
5.021389722824096680e-01 -4.266505241394042969e-01 7.522137761116027832e-01 3.584896860403384622e+00
1.412645429372787476e-01 -8.176740407943725586e-01 -5.580798983573913574e-01 -2.258295298185918565e+00
8.531710505485534668e-01 3.864948451519012451e-01 -3.503154218196868896e-01 -5.985229920429364636e-01
0.000000000000000000e+00 0.000000000000000000e+00 0.000000000000000000e+00 1.000000000000000000e+00
5.077633261680603027e-01 -4.727469086647033691e-01 7.201988697052001953e-01 3.357952591082205895e+00
1.618514209985733032e-01 -7.687520384788513184e-01 -6.187280416488647461e-01 -2.524493284559146122e+00
8.461562395095825195e-01 4.307326972484588623e-01 -3.138294517993927002e-01 -4.686669016694625101e-01
0.000000000000000000e+00 0.000000000000000000e+00 0.000000000000000000e+00 1.000000000000000000e+00
5.362902283668518066e-01 -4.818439483642578125e-01 6.929784417152404785e-01 3.165320056906643753e+00
1.631780564785003662e-01 -7.463518381118774414e-01 -6.452378630638122559e-01 -2.642975653967657212e+00
8.281096816062927246e-01 4.591135084629058838e-01 -3.216347396373748779e-01 -5.277568983934426416e-01
0.000000000000000000e+00 0.000000000000000000e+00 0.000000000000000000e+00 1.000000000000000000e+00
5.469310879707336426e-01 -4.884913861751556396e-01 6.798841357231140137e-01 3.022078175610236173e+00
1.804345995187759399e-01 -7.242460250854492188e-01 -6.655151844024658203e-01 -2.724252486797063888e+00
8.175019621849060059e-01 4.866655766963958740e-01 -3.079721331596374512e-01 -5.005514943443309939e-01
0.000000000000000000e+00 0.000000000000000000e+00 0.000000000000000000e+00 1.000000000000000000e+00
5.154697895050048828e-01 -5.448862314224243164e-01 6.613543629646301270e-01 2.839544681061999309e+00
1.745643168687820435e-01 -6.888354420661926270e-01 -7.035858631134033203e-01 -2.874584528822007101e+00
8.389386534690856934e-01 4.781260490417480469e-01 -2.599562704563140869e-01 -3.412922931474425270e-01
0.000000000000000000e+00 0.000000000000000000e+00 0.000000000000000000e+00 1.000000000000000000e+00
4.633215665817260742e-01 -6.248860955238342285e-01 6.283712983131408691e-01 2.551050435786597514e+00
1.433027982711791992e-01 -6.469078063964843750e-01 -7.489820718765258789e-01 -3.024931649963093161e+00
8.745269179344177246e-01 4.370670020580291748e-01 -2.101784497499465942e-01 -2.407801007852263808e-01
0.000000000000000000e+00 0.000000000000000000e+00 0.000000000000000000e+00 1.000000000000000000e+00
3.736675977706909180e-01 -6.892543435096740723e-01 6.207260489463806152e-01 2.452235995654658218e+00
1.316828578710556030e-01 -6.230041980743408203e-01 -7.710547447204589844e-01 -3.084300312721583559e+00
9.181679487228393555e-01 3.698571622371673584e-01 -1.420334726572036743e-01 -3.747508189807287338e-02
0.000000000000000000e+00 0.000000000000000000e+00 0.000000000000000000e+00 1.000000000000000000e+00
4.267663061618804932e-01 -7.138888835906982422e-01 5.551875233650207520e-01 2.125544960323174859e+00
1.268510818481445312e-01 -5.605776309967041016e-01 -8.183285593986511230e-01 -3.218736585418770613e+00
8.954212069511413574e-01 4.196610748767852783e-01 -1.486781239509582520e-01 -1.959969115254380778e-01
0.000000000000000000e+00 0.000000000000000000e+00 0.000000000000000000e+00 1.000000000000000000e+00
5.677576661109924316e-01 -6.620340347290039062e-01 4.892462193965911865e-01 1.804541529509508857e+00
1.187024936079978943e-01 -5.222733616828918457e-01 -8.444764614105224609e-01 -3.261160091411608342e+00
8.145923614501953125e-01 5.375326275825500488e-01 -2.179395407438278198e-01 -5.505703114564938216e-01
0.000000000000000000e+00 0.000000000000000000e+00 0.000000000000000000e+00 1.000000000000000000e+00
6.954368948936462402e-01 -6.095381379127502441e-01 3.805661499500274658e-01 1.310857120066936332e+00
4.897030070424079895e-02 -4.881715476512908936e-01 -8.713726997375488281e-01 -3.264546146623394929e+00
7.169165015220642090e-01 6.246210336685180664e-01 -3.096432089805603027e-01 -9.415861777266398835e-01
0.000000000000000000e+00 0.000000000000000000e+00 0.000000000000000000e+00 1.000000000000000000e+00
7.761932015419006348e-01 -5.642461776733398438e-01 2.813370823860168457e-01 9.733065417900227390e-01
-9.231731295585632324e-03 -4.563390910625457764e-01 -8.897581696510314941e-01 -3.224914658030080261e+00
6.304277777671813965e-01 6.880267262458801270e-01 -3.594161868095397949e-01 -1.134742909597592941e+00
0.000000000000000000e+00 0.000000000000000000e+00 0.000000000000000000e+00 1.000000000000000000e+00
7.770491242408752441e-01 -6.055245399475097656e-01 1.718567311763763428e-01 6.623336993527700889e-01
-8.432545512914657593e-02 -3.707152009010314941e-01 -9.249104261398315430e-01 -3.382993794382892716e+00
6.237659454345703125e-01 7.042089700698852539e-01 -3.391250669956207275e-01 -1.024149497254348562e+00
0.000000000000000000e+00 0.000000000000000000e+00 0.000000000000000000e+00 1.000000000000000000e+00
7.682515382766723633e-01 -6.383759379386901855e-01 4.759776219725608826e-02 2.249729384537466348e-01
-1.615118235349655151e-01 -2.652451992034912109e-01 -9.505571126937866211e-01 -3.598845389686693874e+00
6.194378733634948730e-01 7.225795388221740723e-01 -3.068803250789642334e-01 -8.583249034514061071e-01
0.000000000000000000e+00 0.000000000000000000e+00 0.000000000000000000e+00 1.000000000000000000e+00
7.811520695686340332e-01 -6.220713257789611816e-01 -5.318695306777954102e-02 -2.032877649619809768e-01
-1.938400417566299438e-01 -1.606646925210952759e-01 -9.677874445915222168e-01 -3.772781010301521576e+00
5.934875011444091797e-01 7.662989497184753418e-01 -2.460858523845672607e-01 -6.027237659476445408e-01
0.000000000000000000e+00 0.000000000000000000e+00 0.000000000000000000e+00 1.000000000000000000e+00
7.918545603752136230e-01 -5.906734466552734375e-01 -1.551493406295776367e-01 -7.199178366484316749e-01
-2.275613546371459961e-01 -4.962637275457382202e-02 -9.724984169006347656e-01 -3.874610281614938589e+00
5.667294263839721680e-01 8.053832650184631348e-01 -1.737113445997238159e-01 -3.141831424696316932e-01
0.000000000000000000e+00 0.000000000000000000e+00 0.000000000000000000e+00 1.000000000000000000e+00
8.027407526969909668e-01 -5.505286455154418945e-01 -2.291840314865112305e-01 -1.152006487162438697e+00
-2.311198562383651733e-01 6.706158071756362915e-02 -9.706113338470458984e-01 -3.961548528918335421e+00
5.497187972068786621e-01 8.321183919906616211e-01 -7.340504974126815796e-02 9.423141970581563887e-02
0.000000000000000000e+00 0.000000000000000000e+00 0.000000000000000000e+00 1.000000000000000000e+00
7.639738321304321289e-01 -6.275444030761718750e-01 -1.501068621873855591e-01 -7.124043694160668849e-01
-2.959577739238739014e-01 -1.340802460908889771e-01 -9.457438588142395020e-01 -3.624571155464277439e+00
5.733699798583984375e-01 7.669486999511718750e-01 -2.881604731082916260e-01 -9.462691361314325977e-01
0.000000000000000000e+00 0.000000000000000000e+00 0.000000000000000000e+00 1.000000000000000000e+00
7.462992072105407715e-01 -6.562074422836303711e-01 -1.114854589104652405e-01 -4.929601250888493436e-01
-3.692933917045593262e-01 -2.688621878623962402e-01 -8.895703554153442383e-01 -3.271867057510802645e+00
5.537685751914978027e-01 7.050565481185913086e-01 -4.429847598075866699e-01 -1.545585135068523464e+00
0.000000000000000000e+00 0.000000000000000000e+00 0.000000000000000000e+00 1.000000000000000000e+00
7.317643165588378906e-01 -6.805365085601806641e-01 -3.729737550020217896e-02 -1.622776780957670972e-01
-4.333454966545104980e-01 -4.223324954509735107e-01 -7.961450815200805664e-01 -2.732929526090223327e+00
5.260539054870605469e-01 5.987530946731567383e-01 -6.039552092552185059e-01 -2.114943394441566316e+00
0.000000000000000000e+00 0.000000000000000000e+00 0.000000000000000000e+00 1.000000000000000000e+00
7.093068361282348633e-01 -7.046267390251159668e-01 1.961789280176162720e-02 8.143321981233780926e-02
-5.066822767257690430e-01 -5.290010571479797363e-01 -6.807575225830078125e-01 -2.145192601870831606e+00
4.900578260421752930e-01 4.729259908199310303e-01 -7.322458624839782715e-01 -2.504343910394897676e+00
0.000000000000000000e+00 0.000000000000000000e+00 0.000000000000000000e+00 1.000000000000000000e+00
7.016418576240539551e-01 -7.113158702850341797e-01 4.157230257987976074e-02 1.632896065661337826e-01
-5.625450611114501953e-01 -5.888143777847290039e-01 -5.803796052932739258e-01 -1.697263687065134086e+00
4.373116493225097656e-01 3.838323354721069336e-01 -8.132841587066650391e-01 -2.728494773450592881e+00
0.000000000000000000e+00 0.000000000000000000e+00 0.000000000000000000e+00 1.000000000000000000e+00
6.712974309921264648e-01 -7.408962845802307129e-01 2.078963816165924072e-02 5.439477729262494343e-02
-6.538944244384765625e-01 -6.052086353302001953e-01 -4.540311694145202637e-01 -1.232537529718580993e+00
3.489721715450286865e-01 2.911956906318664551e-01 -8.907431364059448242e-01 -2.929992637461678484e+00
0.000000000000000000e+00 0.000000000000000000e+00 0.000000000000000000e+00 1.000000000000000000e+00
6.460938453674316406e-01 -7.619487047195434570e-01 4.468311741948127747e-02 9.048741061731639668e-02
-7.058094739913940430e-01 -6.187218427658081055e-01 -3.449867963790893555e-01 -8.196211321403017447e-01
2.905087769031524658e-01 1.913560628890991211e-01 -9.375432729721069336e-01 -3.026155534065531949e+00
0.000000000000000000e+00 0.000000000000000000e+00 0.000000000000000000e+00 1.000000000000000000e+00
6.281403303146362305e-01 -7.733241915702819824e-01 8.607656508684158325e-02 1.861696603941128403e-01
-7.461510896682739258e-01 -6.300258040428161621e-01 -2.152345180511474609e-01 -3.192983154240355836e-01
2.206765562295913696e-01 7.097133249044418335e-02 -9.727615118026733398e-01 -3.073077180085699300e+00
0.000000000000000000e+00 0.000000000000000000e+00 0.000000000000000000e+00 1.000000000000000000e+00
6.085386276245117188e-01 -7.883742451667785645e-01 9.025761485099792480e-02 1.848760805589408363e-01
-7.757155299186706543e-01 -6.149829030036926270e-01 -1.416367888450622559e-01 -5.342189492273331786e-02
1.671697199344635010e-01 1.617717184126377106e-02 -9.857953786849975586e-01 -3.085825580737458385e+00
0.000000000000000000e+00 0.000000000000000000e+00 0.000000000000000000e+00 1.000000000000000000e+00
5.699362754821777344e-01 -8.162089586257934570e-01 9.473931044340133667e-02 1.624195812465695221e-01
-8.194309473037719727e-01 -5.731212496757507324e-01 -8.056936785578727722e-03 4.124524267528648647e-01
6.087325513362884521e-02 -7.304038107395172119e-02 -9.954695105552673340e-01 -3.082095483586305029e+00
0.000000000000000000e+00 0.000000000000000000e+00 0.000000000000000000e+00 1.000000000000000000e+00
5.350068211555480957e-01 -8.406437039375305176e-01 8.417622745037078857e-02 9.534114993289923012e-02
-8.425188660621643066e-01 -5.234847068786621094e-01 1.269861906766891479e-01 8.838599718143546058e-01
-6.268520653247833252e-02 -1.388585418462753296e-01 -9.883263111114501953e-01 -3.020342336382997317e+00
0.000000000000000000e+00 0.000000000000000000e+00 0.000000000000000000e+00 1.000000000000000000e+00
5.251658558845520020e-01 -8.472372889518737793e-01 7.993509620428085327e-02 4.999390748488827946e-02
-8.335388302803039551e-01 -4.931860864162445068e-01 2.489583641290664673e-01 1.293575132558310248e+00
-1.715039908885955811e-01 -1.973734349012374878e-01 -9.652099013328552246e-01 -2.878406782727185309e+00
0.000000000000000000e+00 0.000000000000000000e+00 0.000000000000000000e+00 1.000000000000000000e+00
4.739905595779418945e-01 -8.705732226371765137e-01 1.320414543151855469e-01 2.263143597610235147e-01
-8.363899588584899902e-01 -3.982563614845275879e-01 3.766211271286010742e-01 1.712782398504837156e+00
-2.752900123596191406e-01 -2.889530062675476074e-01 -9.169086813926696777e-01 -2.641642635836749076e+00
0.000000000000000000e+00 0.000000000000000000e+00 0.000000000000000000e+00 1.000000000000000000e+00
