0.9383124709129333 0.3422977030277252 0.04900583624839783 -0.05415211990475655 
-0.2190840393304825 0.4788474440574646 0.8501216769218445 -0.2482197880744934 
0.2675284743309021 -0.8084163665771484 0.5243006944656372 -0.1432773917913437 
0 0 0 1 

0.9503834247589111 0.3067273497581482 0.05186369642615318 -0.05781430378556252 
-0.1819206923246384 0.4127669334411621 0.8924844264984131 -0.2626440525054932 
0.2523415982723236 -0.8576368689537048 0.4480868279933929 -0.1216583549976349 
0 0 0 1 

0.9683557748794556 0.2433557659387589 0.0553625114262104 -0.06423886120319366 
-0.1243778616189957 0.2782493829727173 0.9524216651916504 -0.2879159450531006 
0.2163728028535843 -0.9291689395904541 0.2997125089168549 -0.07245386391878128 
0 0 0 1 

0.9981544017791748 0.02597068063914776 -0.05489365383982658 -0.03620189428329468 
0.04502899944782257 0.2899793386459351 0.9559729099273682 -0.3079452216625214 
0.04074529185891151 -0.9566804170608521 0.288274735212326 -0.06364409625530243 
0 0 0 1 

0.9900627136230469 -0.04877884685993195 -0.1318955421447754 -0.006121930200606585 
0.1402548998594284 0.274375319480896 0.9513393640518188 -0.3180797398090363 
-0.01021637767553329 -0.9603846073150635 0.278490275144577 -0.05796977877616882 
0 0 0 1 

0.9676008224487305 -0.07610122114419937 -0.2407431900501251 0.03080958314239979 
0.2522833049297333 0.2533050179481506 0.9339109063148499 -0.3227617144584656 
-0.01009032502770424 -0.9643884301185608 0.264297217130661 -0.05178112909197807 
0 0 0 1 

0.9773423671722412 0.007562084123492241 -0.2115294933319092 0.01740596070885658 
0.1986896544694901 0.3117374181747437 0.9291620254516602 -0.319267064332962 
0.07296803593635559 -0.9501380920410156 0.3031716644763947 -0.07055497169494629 
0 0 0 1 

0.9869405627250671 0.1143299639225006 -0.1134765520691872 -0.01963941752910614 
0.06310910731554031 0.3737074136734009 0.9253970980644226 -0.3114054203033447 
0.1482076644897461 -0.9204733967781067 0.3616117537021637 -0.1000115573406219 
0 0 0 1 

0.9812973141670227 0.1912079155445099 -0.02225080691277981 -0.05180338025093079 
-0.03848665580153465 0.3081341683864594 0.9505640268325806 -0.3136726021766663 
0.188611626625061 -0.9319295883178711 0.30973020195961 -0.08737920224666595 
0 0 0 1 

-0.9745981693267822 -0.1537836045026779 0.1628161817789078 -0.01187604386359453 
0.157598540186882 0.04561344161629677 0.9864494204521179 -0.3310359418392181 
-0.1591262221336365 0.9870511889457703 -0.02021841518580914 -0.0004552031168714166 
0 0 0 1 

