0.9965061545372009 0.08124317228794098 0.01937728002667427 -0.04965980723500252 
-0.08092328161001205 0.9965794682502747 -0.01675773039460182 0.009810037910938263 
-0.02067244984209538 0.01513110566884279 0.9996716380119324 -0.2932836413383484 
0 0 0 1 

0.9850569367408752 0.1673141270875931 0.04085022211074829 -0.05424728617072105 
-0.1653408110141754 0.9850826859474182 -0.04768956825137138 0.02448052912950516 
-0.04822003096342087 0.04022268205881119 0.9980264902114868 -0.2922426164150238 
0 0 0 1 

0.9656159281730652 0.2566120028495789 0.04166511073708534 -0.05223071947693825 
-0.2528255581855774 0.9642520546913147 -0.07935385406017303 0.03903072327375412 
-0.06053886935114861 0.06609130650758743 0.9959753155708313 -0.2917626798152924 
0 0 0 1 

0.9378806948661804 0.3424703776836395 0.05562052875757217 -0.0537443570792675 
-0.334167093038559 0.93474942445755 -0.1207298412919044 0.05628332495689392 
-0.09333769977092743 0.09464358538389206 0.9911259412765503 -0.2891870439052582 
0 0 0 1 

0.8917311429977417 0.4508745968341827 0.03908302634954453 -0.04539605230093002 
-0.4420963227748871 0.886316180229187 -0.1378199309110641 0.0661013051867485 
-0.09677945077419281 0.105619840323925 0.9896858930587769 -0.289750874042511 
0 0 0 1 

0.8438866138458252 0.53602534532547 0.02306437492370605 -0.03746443241834641 
-0.5255841612815857 0.8345553278923035 -0.1651618480682373 0.07842564582824707 
-0.1077795103192329 0.1272555738687515 0.9859967231750488 -0.2885588705539703 
0 0 0 1 

0.8711380958557129 0.4908114969730377 -0.01491290610283613 -0.03272464871406555 
-0.4570192098617554 0.7993049621582031 -0.3901852369308472 0.1355204582214355 
-0.1795876175165176 0.3467206656932831 0.920615553855896 -0.236809566617012 
0 0 0 1 

-0.2165116518735886 0.8801347613334656 0.4224755167961121 -0.1095346584916115 
-0.8132723569869995 0.07680379599332809 -0.5767923593521118 0.2295385599136353 
-0.5401027202606201 -0.4684698581695557 0.6991602182388306 -0.2094555199146271 
0 0 0 1 

-0.1814720779657364 0.8445263504981995 0.5038282871246338 -0.1409386545419693 
-0.8680163025856018 0.1032313257455826 -0.4856858551502228 0.2012380808591843 
-0.4621854424476624 -0.5254696607589722 0.7143291831016541 -0.2200646251440048 
0 0 0 1 

-0.1851974427700043 0.83748859167099 0.5141162276268005 -0.1450055837631226 
-0.8743315935134888 0.09840067476034164 -0.4752494990825653 0.1978982836008072 
-0.4486052393913269 -0.5375228524208069 0.7140188813209534 -0.22089584171772 
0 0 0 1 

