1.000000000000000000e+00 0.000000000000000000e+00 0.000000000000000000e+00 -4.096739311332171507e-01
0.000000000000000000e+00 -1.000000000000000000e+00 0.000000000000000000e+00 -1.964994255000929863e-02
0.000000000000000000e+00 0.000000000000000000e+00 -1.000000000000000000e+00 -2.664639050480994698e+00
0.000000000000000000e+00 0.000000000000000000e+00 0.000000000000000000e+00 1.000000000000000000e+00
9.959559440612792969e-01 -8.357564359903335571e-02 -3.296710550785064697e-02 -4.837858908257308133e-01
-8.302748203277587891e-02 -9.963906407356262207e-01 1.766223646700382233e-02 6.479169879179562386e-02
-3.432424739003181458e-02 -1.485365815460681915e-02 -9.993004202842712402e-01 -2.709439290735099259e+00
0.000000000000000000e+00 0.000000000000000000e+00 0.000000000000000000e+00 1.000000000000000000e+00
9.846592545509338379e-01 -1.659948378801345825e-01 -5.377476289868354797e-02 -5.244594736541771107e-01
-1.633467972278594971e-01 -9.852802753448486328e-01 5.040383711457252502e-02 2.060667327013305516e-01
-6.135002523660659790e-02 -4.084661602973937988e-02 -9.972802400588989258e-01 -2.700990059683701539e+00
0.000000000000000000e+00 0.000000000000000000e+00 0.000000000000000000e+00 1.000000000000000000e+00
9.647974967956542969e-01 -2.575956583023071289e-01 -5.301103368401527405e-02 -5.030257584732306109e-01
-2.528570890426635742e-01 -9.639938473701477051e-01 8.233579248189926147e-02 3.429556581892546085e-01
-7.231167703866958618e-02 -6.603312492370605469e-02 -9.951937794685363770e-01 -2.695705565109393742e+00
0.000000000000000000e+00 0.000000000000000000e+00 0.000000000000000000e+00 1.000000000000000000e+00
9.347913265228271484e-01 -3.490060269832611084e-01 -6.603041291236877441e-02 -5.115140003032006000e-01
-3.395291566848754883e-01 -9.325844645500183105e-01 1.224992349743843079e-01 5.007080033559868637e-01
-1.043319553136825562e-01 -9.209194779396057129e-02 -9.902697801589965820e-01 -2.671912232455283753e+00
0.000000000000000000e+00 0.000000000000000000e+00 0.000000000000000000e+00 1.000000000000000000e+00
8.890601992607116699e-01 -4.549521207809448242e-01 -5.089871957898139954e-02 -4.402801461682910311e-01
-4.446732103824615479e-01 -8.846560120582580566e-01 1.401772797107696533e-01 5.893799514511336435e-01
-1.088018417358398438e-01 -1.019927263259887695e-01 -9.888173341751098633e-01 -2.676081936257297844e+00
0.000000000000000000e+00 0.000000000000000000e+00 0.000000000000000000e+00 1.000000000000000000e+00
8.419750332832336426e-01 -5.382709503173828125e-01 -3.663254901766777039e-02 -3.718889740104426855e-01
-5.263156294822692871e-01 -8.344060778617858887e-01 1.635776162147521973e-01 6.920176892906737542e-01
-1.186155304312705994e-01 -1.184479892253875732e-01 -9.858502745628356934e-01 -2.668581381115590290e+00
0.000000000000000000e+00 0.000000000000000000e+00 0.000000000000000000e+00 1.000000000000000000e+00
7.893908619880676270e-01 -6.137380003929138184e-01 -1.369519159197807312e-02 -2.773156712490414399e-01
-6.028044223785400391e-01 -7.791627049446105957e-01 1.718495339155197144e-01 7.494189284080411406e-01
-1.161414310336112976e-01 -1.274009048938751221e-01 -9.850280284881591797e-01 -2.675765159077447830e+00
0.000000000000000000e+00 0.000000000000000000e+00 0.000000000000000000e+00 1.000000000000000000e+00
7.148247957229614258e-01 -6.991674304008483887e-01 1.378661580383777618e-02 -1.521319626394835867e-01
-6.913132071495056152e-01 -7.035484313964843750e-01 1.646369099617004395e-01 7.565894613310200079e-01
-1.054092720150947571e-01 -1.272174268960952759e-01 -9.862579107284545898e-01 -2.690709150130698113e+00
0.000000000000000000e+00 0.000000000000000000e+00 0.000000000000000000e+00 1.000000000000000000e+00
6.421070098876953125e-01 -7.665408849716186523e-01 1.063926331698894501e-02 -1.119963301694033575e-01
-7.601199150085449219e-01 -6.348029375076293945e-01 1.387172043323516846e-01 7.059233934680704259e-01
-9.957864135503768921e-02 -9.715838730335235596e-02 -9.902749061584472656e-01 -2.717227373595799467e+00
0.000000000000000000e+00 0.000000000000000000e+00 0.000000000000000000e+00 1.000000000000000000e+00
5.463141202926635742e-01 -8.372685313224792480e-01 2.285436168313026428e-02 -2.373543530232341894e-02
-8.348025679588317871e-01 -5.420790910720825195e-01 9.620188921689987183e-02 5.972228770509411255e-01
-6.815794855356216431e-02 -7.163532823324203491e-02 -9.950994849205017090e-01 -2.764374745114540399e+00
0.000000000000000000e+00 0.000000000000000000e+00 0.000000000000000000e+00 1.000000000000000000e+00
4.537204802036285400e-01 -8.889094591140747070e-01 6.306824088096618652e-02 1.530049665579131524e-01
-8.909146785736083984e-01 -4.508608281612396240e-01 5.473062768578529358e-02 4.815977922218858676e-01
-2.021558023989200592e-02 -8.102083206176757812e-02 -9.965074062347412109e-01 -2.806528185099376405e+00
0.000000000000000000e+00 0.000000000000000000e+00 0.000000000000000000e+00 1.000000000000000000e+00
3.508341014385223389e-01 -9.333270788192749023e-01 7.626304775476455688e-02 2.319511584874351107e-01
-9.363379478454589844e-01 -3.508201539516448975e-01 1.402119081467390060e-02 3.431012156477658004e-01
1.366825960576534271e-02 -7.632709294557571411e-02 -9.969891309738159180e-01 -2.824902917160530880e+00
0.000000000000000000e+00 0.000000000000000000e+00 0.000000000000000000e+00 1.000000000000000000e+00
2.717629969120025635e-01 -9.573421478271484375e-01 9.818653017282485962e-02 3.199953641735359677e-01
-9.597461223602294922e-01 -2.771298885345458984e-01 -4.567444324493408203e-02 1.320040624894359416e-01
7.093648612499237061e-02 -8.182153850793838501e-02 -9.941193461418151855e-01 -2.820762462819374150e+00
0.000000000000000000e+00 0.000000000000000000e+00 0.000000000000000000e+00 1.000000000000000000e+00
1.940848380327224731e-01 -9.724972844123840332e-01 1.287633180618286133e-01 4.235108272848139843e-01
-9.728415608406066895e-01 -2.076859474182128906e-01 -1.022048369050025940e-01 -6.091377682540196487e-02
1.261362582445144653e-01 -1.054299101233482361e-01 -9.863945245742797852e-01 -2.806806882792449720e+00
0.000000000000000000e+00 0.000000000000000000e+00 0.000000000000000000e+00 1.000000000000000000e+00
1.128324717283248901e-01 -9.853554964065551758e-01 1.278432011604309082e-01 4.391636003795208465e-01
-9.707603454589843750e-01 -1.367576569318771362e-01 -1.972847580909729004e-01 -3.637275964815057105e-01
2.118791639804840088e-01 -1.018450483679771423e-01 -9.719748497009277344e-01 -2.780209740970696508e+00
0.000000000000000000e+00 0.000000000000000000e+00 0.000000000000000000e+00 1.000000000000000000e+00
1.902009695768356323e-01 -9.751609563827514648e-01 1.135118231177330017e-01 3.885247469323924174e-01
-9.551166296005249023e-01 -2.105473726987838745e-01 -2.083775699138641357e-01 -3.912296779908182587e-01
2.271013408899307251e-01 -6.878352165222167969e-02 -9.714392423629760742e-01 -2.759695107315695228e+00
0.000000000000000000e+00 0.000000000000000000e+00 0.000000000000000000e+00 1.000000000000000000e+00
2.721176743507385254e-01 -9.550867080688476562e-01 1.173078939318656921e-01 3.756321157677758871e-01
-9.398760199546813965e-01 -2.899478971958160400e-01 -1.804524064064025879e-01 -2.878805194497325304e-01
2.063608765602111816e-01 -6.115061789751052856e-02 -9.765632152557373047e-01 -2.748638811111665525e+00
0.000000000000000000e+00 0.000000000000000000e+00 0.000000000000000000e+00 1.000000000000000000e+00
3.284462988376617432e-01 -9.378895163536071777e-01 1.117416173219680786e-01 3.444529838166188740e-01
-9.347792267799377441e-01 -3.397243618965148926e-01 -1.038027182221412659e-01 -4.206673215348233352e-02
1.353168338537216187e-01 -7.036013901233673096e-02 -9.883009791374206543e-01 -2.748764087104393461e+00
0.000000000000000000e+00 0.000000000000000000e+00 0.000000000000000000e+00 1.000000000000000000e+00
3.618289530277252197e-01 -9.195116162300109863e-01 1.535513103008270264e-01 4.546173184758703356e-01
-9.298929572105407715e-01 -3.676781952381134033e-01 -1.056414842605590820e-02 2.644927032250742327e-01
6.617131084203720093e-02 -1.389638930559158325e-01 -9.880841970443725586e-01 -2.709027866714928123e+00
0.000000000000000000e+00 0.000000000000000000e+00 0.000000000000000000e+00 1.000000000000000000e+00
3.973341882228851318e-01 -9.023146629333496094e-01 1.671930253505706787e-01 4.739137534769148341e-01
-9.176559448242187500e-01 -3.918128609657287598e-01 6.625642627477645874e-02 5.056049080816479302e-01
5.724211223423480988e-03 -1.797516494989395142e-01 -9.836953878402709961e-01 -2.665052682007645668e+00
0.000000000000000000e+00 0.000000000000000000e+00 0.000000000000000000e+00 1.000000000000000000e+00
4.545807540416717529e-01 -8.692653179168701172e-01 1.942522376775741577e-01 5.225432586431029147e-01
-8.888679742813110352e-01 -4.287225008010864258e-01 1.615873873233795166e-01 7.757159873176980858e-01
-5.718205496668815613e-02 -2.461191415786743164e-01 -9.675513505935668945e-01 -2.569349825774366547e+00
0.000000000000000000e+00 0.000000000000000000e+00 0.000000000000000000e+00 1.000000000000000000e+00
5.268189907073974609e-01 -8.308068513870239258e-01 1.795036196708679199e-01 4.286771512778757010e-01
-8.437582254409790039e-01 -4.856688082218170166e-01 2.284680306911468506e-01 9.446380393338592585e-01
-1.026335284113883972e-01 -2.718189656734466553e-01 -9.568598866462707520e-01 -2.503830481577570488e+00
0.000000000000000000e+00 0.000000000000000000e+00 0.000000000000000000e+00 1.000000000000000000e+00
5.889250636100769043e-01 -7.892128229141235352e-01 1.740982383489608765e-01 3.721935795026150018e-01
-7.960121631622314453e-01 -5.291830897331237793e-01 2.938192784786224365e-01 1.094858165437814446e+00
-1.397561579942703247e-01 -3.116218745708465576e-01 -9.398723244667053223e-01 -2.421716207418950439e+00
0.000000000000000000e+00 0.000000000000000000e+00 0.000000000000000000e+00 1.000000000000000000e+00
6.642313003540039062e-01 -7.329371571540832520e-01 1.469685286283493042e-01 2.446840213705768485e-01
-7.243421673774719238e-01 -5.824822783470153809e-01 3.688395917415618896e-01 1.238210049037367089e+00
-1.847297400236129761e-01 -3.514502942562103271e-01 -9.178003668785095215e-01 -2.319323502798666947e+00
0.000000000000000000e+00 0.000000000000000000e+00 0.000000000000000000e+00 1.000000000000000000e+00
7.290815114974975586e-01 -6.692302823066711426e-01 1.434263736009597778e-01 2.005855957156021108e-01
-6.517720222473144531e-01 -6.149238348007202148e-01 4.439153969287872314e-01 1.381025922469795608e+00
-2.088853418827056885e-01 -4.171319007873535156e-01 -8.845157027244567871e-01 -2.183221898293675967e+00
0.000000000000000000e+00 0.000000000000000000e+00 0.000000000000000000e+00 1.000000000000000000e+00
7.462652921676635742e-01 -6.544709801673889160e-01 1.214736402034759521e-01 1.229149458700783820e-01
-6.079694628715515137e-01 -5.958486199378967285e-01 5.247263908386230469e-01 1.550397409008326566e+00
-2.710383832454681396e-01 -4.654369354248046875e-01 -8.425595164299011230e-01 -1.997752584658738950e+00
0.000000000000000000e+00 0.000000000000000000e+00 0.000000000000000000e+00 1.000000000000000000e+00
7.826352119445800781e-01 -6.084290742874145508e-01 1.315143257379531860e-01 1.221535717113553937e-01
-5.363948345184326172e-01 -5.519748330116271973e-01 6.384388208389282227e-01 1.819078403460648863e+00
-3.158522248268127441e-01 -5.702081322669982910e-01 -7.583535909652709961e-01 -1.716959829966737239e+00
0.000000000000000000e+00 0.000000000000000000e+00 0.000000000000000000e+00 1.000000000000000000e+00
7.949254512786865234e-01 -5.949251055717468262e-01 1.189837083220481873e-01 8.103430970847658177e-02
-4.887547492980957031e-01 -5.117523074150085449e-01 7.065606117248535156e-01 1.986541776585711183e+00
-3.594605624675750732e-01 -6.198169589042663574e-01 -6.975778341293334961e-01 -1.508464568117727778e+00
0.000000000000000000e+00 0.000000000000000000e+00 0.000000000000000000e+00 1.000000000000000000e+00
8.294076919555664062e-01 -5.451940894126892090e-01 1.218451038002967834e-01 5.465130463833495211e-02
-4.192874133586883545e-01 -4.633908867835998535e-01 7.806832790374755859e-01 2.164204795431489359e+00
-3.691620230674743652e-01 -6.985931396484375000e-01 -6.129332184791564941e-01 -1.286147970229596149e+00
0.000000000000000000e+00 0.000000000000000000e+00 0.000000000000000000e+00 1.000000000000000000e+00
8.537929058074951172e-01 -5.148680806159973145e-01 7.712633907794952393e-02 -7.529479308230785373e-02
-3.333791792392730713e-01 -4.269148707389831543e-01 8.405961394309997559e-01 2.297861034633493116e+00
-3.998698294162750244e-01 -7.434076070785522461e-01 -5.361431837081909180e-01 -1.093606633648341209e+00
0.000000000000000000e+00 0.000000000000000000e+00 0.000000000000000000e+00 1.000000000000000000e+00
8.682603240013122559e-01 -4.936835467815399170e-01 4.900430887937545776e-02 -1.425326207121154487e-01
-2.374574840068817139e-01 -3.268235921859741211e-01 9.147678017616271973e-01 2.436704086248074219e+00
-4.355897903442382812e-01 -8.058928251266479492e-01 -4.009969234466552734e-01 -7.504808634093880215e-01
0.000000000000000000e+00 0.000000000000000000e+00 0.000000000000000000e+00 1.000000000000000000e+00
8.385750651359558105e-01 -5.441815257072448730e-01 2.564487978816032410e-02 -2.441142046702309554e-01
-1.082218140363693237e-01 -1.202634498476982117e-01 9.868254065513610840e-01 2.593465743897422904e+00
-5.339283943176269531e-01 -8.303025960922241211e-01 -1.597421169281005859e-01 -1.048115788023990524e-01
0.000000000000000000e+00 0.000000000000000000e+00 0.000000000000000000e+00 1.000000000000000000e+00
8.502236604690551758e-01 -5.250565409660339355e-01 3.787384554743766785e-02 -2.013286590018227573e-01
-1.084569767117500305e-01 -1.043126508593559265e-01 9.886126518249511719e-01 2.596831639402483294e+00
-5.151273012161254883e-01 -8.446503877639770508e-01 -1.456351876258850098e-01 -1.307448647887886894e-01
0.000000000000000000e+00 0.000000000000000000e+00 0.000000000000000000e+00 1.000000000000000000e+00
8.042660951614379883e-01 -5.938572883605957031e-01 2.213703840970993042e-02 -1.996324834565582629e-01
-1.012912541627883911e-01 -1.002836972475051880e-01 9.897897243499755859e-01 2.596244442678859343e+00
-5.855734348297119141e-01 -7.982957363128662109e-01 -1.408072263002395630e-01 -1.139634608909281255e-01
0.000000000000000000e+00 0.000000000000000000e+00 0.000000000000000000e+00 1.000000000000000000e+00
7.756156921386718750e-01 -6.294448971748352051e-01 4.712039604783058167e-02 -1.261785072872492752e-01
-2.431204169988632202e-01 -2.290169745683670044e-01 9.425727725028991699e-01 2.527921565252729152e+00
-5.825059413909912109e-01 -7.425299286842346191e-01 -3.306599259376525879e-01 -5.170537129470281767e-01
0.000000000000000000e+00 0.000000000000000000e+00 0.000000000000000000e+00 1.000000000000000000e+00
8.072069883346557617e-01 -5.857367515563964844e-01 7.300472259521484375e-02 -7.065866730571637722e-02
-3.053140640258789062e-01 -3.084683716297149658e-01 9.009054899215698242e-01 2.443401660907758011e+00
-5.051736235618591309e-01 -7.495062947273254395e-01 -4.278314411640167236e-01 -7.816173283993653742e-01
0.000000000000000000e+00 0.000000000000000000e+00 0.000000000000000000e+00 1.000000000000000000e+00
7.960307002067565918e-01 -5.987398624420166016e-01 8.857737481594085693e-02 -3.393535696134949986e-02
-3.691916763782501221e-01 -3.643633723258972168e-01 8.549481034278869629e-01 2.353081257348828004e+00
-4.796172380447387695e-01 -7.132676839828491211e-01 -5.110943913459777832e-01 -1.003921302109815672e+00
0.000000000000000000e+00 0.000000000000000000e+00 0.000000000000000000e+00 1.000000000000000000e+00
8.234716653823852539e-01 -5.638766288757324219e-01 6.274990737438201904e-02 -1.549815430742941536e-01
-4.533554017543792725e-01 -5.874729156494140625e-01 6.703315973281860352e-01 1.989386700561540877e+00
-3.411203920841217041e-01 -5.804468989372253418e-01 -7.394034862518310547e-01 -1.656593357770391517e+00
0.000000000000000000e+00 0.000000000000000000e+00 0.000000000000000000e+00 1.000000000000000000e+00
8.227707147598266602e-01 -5.666505694389343262e-01 4.422118142247200012e-02 -2.150279785695033141e-01
-4.723690450191497803e-01 -6.384534835815429688e-01 6.076545715332031250e-01 1.821487068968410172e+00
-3.160946667194366455e-01 -5.208489298820495605e-01 -7.929689884185791016e-01 -1.811956560064793331e+00
0.000000000000000000e+00 0.000000000000000000e+00 0.000000000000000000e+00 1.000000000000000000e+00
8.499974608421325684e-01 -5.251878499984741211e-01 4.100175201892852783e-02 -2.280327614109798340e-01
-4.626578986644744873e-01 -7.070402503013610840e-01 5.348288416862487793e-01 1.614182618896092380e+00
-2.518962323665618896e-01 -4.735731482505798340e-01 -8.439654111862182617e-01 -1.970413720659776047e+00
0.000000000000000000e+00 0.000000000000000000e+00 0.000000000000000000e+00 1.000000000000000000e+00
8.666240572929382324e-01 -4.989469051361083984e-01 3.908871207386255264e-03 -3.176272919993796129e-01
-4.599680900573730469e-01 -7.958361506462097168e-01 3.937941491603851318e-01 1.239777240668863190e+00
-1.933716833591461182e-01 -3.430692851543426514e-01 -9.191900491714477539e-01 -2.184724658329793012e+00
0.000000000000000000e+00 0.000000000000000000e+00 0.000000000000000000e+00 1.000000000000000000e+00
8.750860691070556641e-01 -4.839673638343811035e-01 1.040861843648599461e-05 -3.103929483422193658e-01
-4.676997363567352295e-01 -8.456662297248840332e-01 2.571102976799011230e-01 8.863510382414760969e-01
-1.244242116808891296e-01 -2.249985784292221069e-01 -9.663819670677185059e-01 -2.332763078185940309e+00
0.000000000000000000e+00 0.000000000000000000e+00 0.000000000000000000e+00 1.000000000000000000e+00
8.795182108879089355e-01 -4.758651554584503174e-01 7.866594387451186776e-05 -2.768574067007524842e-01
-4.753315448760986328e-01 -8.785242438316345215e-01 4.748622328042984009e-02 3.344376150218075217e-01
-2.252793870866298676e-02 -4.180238768458366394e-02 -9.988718628883361816e-01 -2.459026654125436195e+00
0.000000000000000000e+00 0.000000000000000000e+00 0.000000000000000000e+00 1.000000000000000000e+00
8.877584338188171387e-01 -4.602964818477630615e-01 -3.447911469265818596e-03 -2.680037535637997403e-01
-4.599221348762512207e-01 -8.866794705390930176e-01 -4.765532165765762329e-02 7.557964498937584652e-02
1.887840218842029572e-02 4.389217868447303772e-02 -9.988578557968139648e-01 -2.483394490340911531e+00
0.000000000000000000e+00 0.000000000000000000e+00 0.000000000000000000e+00 1.000000000000000000e+00
8.935215473175048828e-01 -4.489704668521881104e-01 -6.685519125312566757e-03 -2.747345615436910249e-01
-4.449324011802673340e-01 -8.832843303680419922e-01 -1.477964967489242554e-01 -2.108201071767158152e-01
6.045109406113624573e-02 1.350339502096176147e-01 -9.889952540397644043e-01 -2.476089299522665765e+00
0.000000000000000000e+00 0.000000000000000000e+00 0.000000000000000000e+00 1.000000000000000000e+00
8.972157835960388184e-01 -4.415919482707977295e-01 4.004100337624549866e-04 -2.542431584451606552e-01
-4.267604947090148926e-01 -8.673140406608581543e-01 -2.562066018581390381e-01 -5.288761921087753448e-01
1.134860813617706299e-01 2.297017127275466919e-01 -9.666218757629394531e-01 -2.435453520242685688e+00
0.000000000000000000e+00 0.000000000000000000e+00 0.000000000000000000e+00 1.000000000000000000e+00
9.019619822502136230e-01 -4.318149387836456299e-01 6.422963342629373074e-04 -2.493213502870244569e-01
-4.011406004428863525e-01 -8.384380340576171875e-01 -3.689269125461578369e-01 -8.733396422899039058e-01
1.598466634750366211e-01 3.325002789497375488e-01 -9.294582009315490723e-01 -2.345221692881256814e+00
0.000000000000000000e+00 0.000000000000000000e+00 0.000000000000000000e+00 1.000000000000000000e+00
9.070523977279663086e-01 -4.210141897201538086e-01 -1.569611486047506332e-03 -2.682187267534137387e-01
-3.750755190849304199e-01 -8.063755631446838379e-01 -4.572488963603973389e-01 -1.141247181659369669e+00
1.912427544593811035e-01 4.153375625610351562e-01 -8.893374800682067871e-01 -2.253248280876428922e+00
0.000000000000000000e+00 0.000000000000000000e+00 0.000000000000000000e+00 1.000000000000000000e+00
9.172701835632324219e-01 -3.982624113559722900e-01 -1.350219128653407097e-03 -2.933509293336606927e-01
-3.340317904949188232e-01 -7.674802541732788086e-01 -5.471713542938232422e-01 -1.422710259490875151e+00
2.168816328048706055e-01 5.023550391197204590e-01 -8.370197415351867676e-01 -2.135784239672842144e+00
0.000000000000000000e+00 0.000000000000000000e+00 0.000000000000000000e+00 1.000000000000000000e+00
9.141380190849304199e-01 -4.042295515537261963e-01 -3.081184253096580505e-02 -3.820064246070753455e-01
-3.317714333534240723e-01 -7.022671699523925781e-01 -6.298792958259582520e-01 -1.655236850786346858e+00
2.329778522253036499e-01 5.860192775726318359e-01 -7.760812044143676758e-01 -1.995455674166517257e+00
0.000000000000000000e+00 0.000000000000000000e+00 0.000000000000000000e+00 1.000000000000000000e+00
9.219403266906738281e-01 -3.849104940891265869e-01 -4.324587434530258179e-02 -4.359679892137531265e-01
-2.940905988216400146e-01 -6.229674816131591797e-01 -7.248602509498596191e-01 -1.934435647830785143e+00
2.520655393600463867e-01 6.809963583946228027e-01 -6.875375509262084961e-01 -1.768862998257876740e+00
0.000000000000000000e+00 0.000000000000000000e+00 0.000000000000000000e+00 1.000000000000000000e+00
9.314678311347961426e-01 -3.587854504585266113e-01 -6.032997369766235352e-02 -5.011269924700122447e-01
-2.637244462966918945e-01 -5.516151189804077148e-01 -7.913088798522949219e-01 -2.138931183876724429e+00
2.506313025951385498e-01 7.529900670051574707e-01 -6.084328889846801758e-01 -1.545113452726051273e+00
0.000000000000000000e+00 0.000000000000000000e+00 0.000000000000000000e+00 1.000000000000000000e+00
9.375916719436645508e-01 -3.429869711399078369e-01 -5.728722363710403442e-02 -5.108680632118407505e-01
-2.245360612869262695e-01 -4.713400304317474365e-01 -8.528903126716613770e-01 -2.332024259108771869e+00
2.655288577079772949e-01 8.125261664390563965e-01 -5.189375281333923340e-01 -1.310575685058335660e+00
0.000000000000000000e+00 0.000000000000000000e+00 0.000000000000000000e+00 1.000000000000000000e+00
9.519959688186645508e-01 -3.016636073589324951e-01 -5.198447778820991516e-02 -5.269349852175294613e-01
-1.786103397607803345e-01 -4.094891548156738281e-01 -8.946601152420043945e-01 -2.464562948155381683e+00
2.485993355512619019e-01 8.609978556632995605e-01 -4.437123537063598633e-01 -1.114123612778977312e+00
0.000000000000000000e+00 0.000000000000000000e+00 0.000000000000000000e+00 1.000000000000000000e+00
9.616143107414245605e-01 -2.694393396377563477e-01 -5.196296423673629761e-02 -5.473781163579587439e-01
-1.501881480216979980e-01 -3.583072721958160400e-01 -9.214442968368530273e-01 -2.557304158507712089e+00
2.296547442674636841e-01 8.938780426979064941e-01 -3.850198686122894287e-01 -9.464078250848664275e-01
0.000000000000000000e+00 0.000000000000000000e+00 0.000000000000000000e+00 1.000000000000000000e+00
9.684017300605773926e-01 -2.419514656066894531e-01 -6.048157438635826111e-02 -5.965805039479411542e-01
-1.294621378183364868e-01 -2.804150879383087158e-01 -9.511081576347351074e-01 -2.688651621870164821e+00
2.131620198488235474e-01 9.288844466209411621e-01 -3.028780519962310791e-01 -6.806886834672253306e-01
0.000000000000000000e+00 0.000000000000000000e+00 0.000000000000000000e+00 1.000000000000000000e+00
9.799496531486511230e-01 -1.933010220527648926e-01 -4.830867052078247070e-02 -5.935162780002597449e-01
-8.475618064403533936e-02 -1.849903464317321777e-01 -9.790785908699035645e-01 -2.804516462598298787e+00
1.803202927112579346e-01 9.635419249534606934e-01 -1.976647228002548218e-01 -3.325447336153776745e-01
0.000000000000000000e+00 0.000000000000000000e+00 0.000000000000000000e+00 1.000000000000000000e+00
9.978552460670471191e-01 -6.505802273750305176e-02 -7.221195846796035767e-03 -4.975632147044120601e-01
-1.496903598308563232e-02 -1.194044277071952820e-01 -9.927325844764709473e-01 -2.867970960421561077e+00
6.372300535440444946e-02 9.907114505767822266e-01 -1.201222762465476990e-01 -9.673934846700334156e-02
0.000000000000000000e+00 0.000000000000000000e+00 0.000000000000000000e+00 1.000000000000000000e+00
9.970055818557739258e-01 -7.731584459543228149e-02 1.526477513834834099e-03 -4.870985302369661429e-01
-1.709617115557193756e-02 -2.396242320537567139e-01 -9.707152843475341797e-01 -2.816908576160911615e+00
7.541743665933609009e-02 9.677821397781372070e-01 -2.402285784482955933e-01 -4.629082699490416064e-01
0.000000000000000000e+00 0.000000000000000000e+00 0.000000000000000000e+00 1.000000000000000000e+00
9.988107085227966309e-01 -2.143161930143833160e-02 4.378525540232658386e-02 -3.517767273959607199e-01
3.576311469078063965e-02 -2.882298529148101807e-01 -9.568932652473449707e-01 -2.879264839510478069e+00
3.312800079584121704e-02 9.573212862014770508e-01 -2.871206402778625488e-01 -5.790566717829620513e-01
0.000000000000000000e+00 0.000000000000000000e+00 0.000000000000000000e+00 1.000000000000000000e+00
9.900849461555480957e-01 5.388178676366806030e-02 1.297244429588317871e-01 -4.902275401660052823e-02
1.395592093467712402e-01 -2.723553478717803955e-01 -9.520220160484313965e-01 -2.977318966083043694e+00
-1.596553251147270203e-02 9.606864452362060547e-01 -2.771745920181274414e-01 -5.321942065692686352e-01
0.000000000000000000e+00 0.000000000000000000e+00 0.000000000000000000e+00 1.000000000000000000e+00
9.715104103088378906e-01 7.839749008417129517e-02 2.236543744802474976e-01 2.485560049822733986e-01
2.364071905612945557e-01 -2.540466189384460449e-01 -9.378548264503479004e-01 -3.021487307607308104e+00
-1.670684106647968292e-02 9.640094041824340820e-01 -2.653425335884094238e-01 -4.802183630257397251e-01
0.000000000000000000e+00 0.000000000000000000e+00 0.000000000000000000e+00 1.000000000000000000e+00
9.745875000953674316e-01 -2.899867715314030647e-03 2.239897102117538452e-01 2.164280074138384413e-01
2.122548371553421021e-01 -3.076851367950439453e-01 -9.275115728378295898e-01 -2.985845183922923862e+00
7.160793244838714600e-02 9.514837265014648438e-01 -2.992505133152008057e-01 -6.437385432089878234e-01
0.000000000000000000e+00 0.000000000000000000e+00 0.000000000000000000e+00 1.000000000000000000e+00
9.884648919105529785e-01 -1.057332530617713928e-01 1.084336042404174805e-01 -1.855619233850967498e-01
6.194663792848587036e-02 -3.710781931877136230e-01 -9.265332818031311035e-01 -2.914716841699290573e+00
1.382027119398117065e-01 9.225627779960632324e-01 -3.602477908134460449e-01 -9.179585853265689321e-01
0.000000000000000000e+00 0.000000000000000000e+00 0.000000000000000000e+00 1.000000000000000000e+00
9.817157983779907227e-01 -1.890080571174621582e-01 2.258161455392837524e-02 -4.678663888621455436e-01
-3.763556107878684998e-02 -3.090185821056365967e-01 -9.503108263015747070e-01 -2.933132688568631075e+00
1.865945309400558472e-01 9.320852160453796387e-01 -3.104819357395172119e-01 -8.082710375746634535e-01
0.000000000000000000e+00 0.000000000000000000e+00 0.000000000000000000e+00 1.000000000000000000e+00
9.249845743179321289e-01 -3.656509220600128174e-01 -1.034504398703575134e-01 -8.308757218411898515e-01
-2.279622405767440796e-01 -3.161261081695556641e-01 -9.209218621253967285e-01 -2.752239397897144446e+00
3.040327429771423340e-01 8.754218816757202148e-01 -3.757664263248443604e-01 -1.099517508186289572e+00
0.000000000000000000e+00 0.000000000000000000e+00 0.000000000000000000e+00 1.000000000000000000e+00
8.761693835258483887e-01 -4.712630808353424072e-01 -1.011823862791061401e-01 -8.062078027136181380e-01
-2.858686149120330811e-01 -3.390491604804992676e-01 -8.962839841842651367e-01 -2.634918430707279047e+00
3.880798518657684326e-01 8.142220377922058105e-01 -4.317838847637176514e-01 -1.351779483349396571e+00
0.000000000000000000e+00 0.000000000000000000e+00 0.000000000000000000e+00 1.000000000000000000e+00
8.452869057655334473e-01 -5.290690064430236816e-01 -7.468082755804061890e-02 -7.153244160177638644e-01
-3.355872333049774170e-01 -4.169270992279052734e-01 -8.447209596633911133e-01 -2.456202017363176004e+00
4.157785177230834961e-01 7.390928268432617188e-01 -5.299714803695678711e-01 -1.679440497959601375e+00
0.000000000000000000e+00 0.000000000000000000e+00 0.000000000000000000e+00 1.000000000000000000e+00
8.051005005836486816e-01 -5.905809402465820312e-01 -5.500853434205055237e-02 -6.303616996698622188e-01
-4.237273931503295898e-01 -5.077751874923706055e-01 -7.500795125961303711e-01 -2.117428829041172023e+00
4.150511324405670166e-01 6.271981596946716309e-01 -6.590555310249328613e-01 -2.078739512851961013e+00
0.000000000000000000e+00 0.000000000000000000e+00 0.000000000000000000e+00 1.000000000000000000e+00
7.804996371269226074e-01 -6.245638728141784668e-01 -2.720835432410240173e-02 -5.392261743432693599e-01
-5.004397034645080566e-01 -5.981166362762451172e-01 -6.259524822235107422e-01 -1.682041636186355715e+00
3.746734559535980225e-01 5.021716356277465820e-01 -7.793859243392944336e-01 -2.425723659494699813e+00
0.000000000000000000e+00 0.000000000000000000e+00 0.000000000000000000e+00 1.000000000000000000e+00
7.566447854042053223e-01 -6.531012058258056641e-01 -3.078153729438781738e-02 -5.334961428752199586e-01
-5.670983195304870605e-01 -6.321201324462890625e-01 -5.280376672744750977e-01 -1.341714087364269226e+00
3.254041373729705811e-01 4.169928133487701416e-01 -8.486624360084533691e-01 -2.608975946778152366e+00
0.000000000000000000e+00 0.000000000000000000e+00 0.000000000000000000e+00 1.000000000000000000e+00
6.564584970474243164e-01 -7.538478374481201172e-01 -2.784365229308605194e-02 -4.629015688199421552e-01
-6.777960658073425293e-01 -5.732249021530151367e-01 -4.604411423206329346e-01 -1.060664089182794534e+00
3.311420083045959473e-01 3.211326897144317627e-01 -8.872537016868591309e-01 -2.745921922511663560e+00
0.000000000000000000e+00 0.000000000000000000e+00 0.000000000000000000e+00 1.000000000000000000e+00
5.921332240104675293e-01 -8.057976961135864258e-01 8.242445997893810272e-03 -3.077116212919153160e-01
-7.371474504470825195e-01 -5.457621812820434570e-01 -3.984432518482208252e-01 -8.230538864026756274e-01
3.255631625652313232e-01 2.298556268215179443e-01 -9.171558618545532227e-01 -2.848691558863371220e+00
0.000000000000000000e+00 0.000000000000000000e+00 0.000000000000000000e+00 1.000000000000000000e+00
5.412747263908386230e-01 -8.399145603179931641e-01 3.955968841910362244e-02 -1.717050775347099267e-01
-7.836537361145019531e-01 -5.209549069404602051e-01 -3.383680582046508789e-01 -6.021027347491606507e-01
3.048091232776641846e-01 1.521489471197128296e-01 -9.401819109916687012e-01 -2.910956210694026325e+00
0.000000000000000000e+00 0.000000000000000000e+00 0.000000000000000000e+00 1.000000000000000000e+00
5.051775574684143066e-01 -8.564959764480590820e-01 1.058779880404472351e-01 6.367686734240134150e-02
-8.196848630905151367e-01 -5.145745277404785156e-01 -2.516541182994842529e-01 -3.091045732535320223e-01
2.700228691101074219e-01 4.034337401390075684e-02 -9.620083570480346680e-01 -2.961761696388090392e+00
0.000000000000000000e+00 0.000000000000000000e+00 0.000000000000000000e+00 1.000000000000000000e+00
4.416663646697998047e-01 -8.839325308799743652e-01 1.536029428243637085e-01 2.641746996956985116e-01
-8.588204979896545410e-01 -4.660669267177581787e-01 -2.126236110925674438e-01 -1.573402704977469313e-01
2.595342397689819336e-01 -3.800871223211288452e-02 -9.649857282638549805e-01 -2.969209271374282810e+00
0.000000000000000000e+00 0.000000000000000000e+00 0.000000000000000000e+00 1.000000000000000000e+00
3.604177236557006836e-01 -8.999489545822143555e-01 2.453379034996032715e-01 6.103312383622486736e-01
-8.933660984039306641e-01 -4.086883366107940674e-01 -1.867367923259735107e-01 -5.330950552720110924e-02
2.683203220367431641e-01 -1.518733650445938110e-01 -9.512826204299926758e-01 -2.929327079618841534e+00
0.000000000000000000e+00 0.000000000000000000e+00 0.000000000000000000e+00 1.000000000000000000e+00
2.990362942218780518e-01 -8.901515007019042969e-01 3.438130915164947510e-01 9.545611757485619187e-01
-9.142731428146362305e-01 -3.704521656036376953e-01 -1.639195531606674194e-01 3.058605821070177824e-02
2.732795178890228271e-01 -2.653212547302246094e-01 -9.246203899383544922e-01 -2.851908723619355435e+00
0.000000000000000000e+00 0.000000000000000000e+00 0.000000000000000000e+00 1.000000000000000000e+00
2.731753289699554443e-01 -8.636948466300964355e-01 4.235635995864868164e-01 1.210391309197940135e+00
-9.338020682334899902e-01 -3.438493609428405762e-01 -9.889657795429229736e-02 2.488960490841583273e-01
2.310584783554077148e-01 -3.685086071491241455e-01 -9.004517197608947754e-01 -2.746272088227020181e+00
0.000000000000000000e+00 0.000000000000000000e+00 0.000000000000000000e+00 1.000000000000000000e+00
1.760480850934982300e-01 -7.835229039192199707e-01 5.959012508392333984e-01 1.794135906595233587e+00
-9.628663659095764160e-01 -2.629365622997283936e-01 -6.126172095537185669e-02 3.674814345949010685e-01
2.046842128038406372e-01 -5.629881620407104492e-01 -8.007177114486694336e-01 -2.423998493180743896e+00
0.000000000000000000e+00 0.000000000000000000e+00 0.000000000000000000e+00 1.000000000000000000e+00
1.353992074728012085e-01 -6.860904097557067871e-01 7.148053646087646484e-01 2.180044325150340079e+00
-9.733065962791442871e-01 -2.270418405532836914e-01 -3.355641663074493408e-02 4.554170068175941166e-01
1.853134185075759888e-01 -6.911812424659729004e-01 -6.985179185867309570e-01 -2.107084585898243212e+00
0.000000000000000000e+00 0.000000000000000000e+00 0.000000000000000000e+00 1.000000000000000000e+00
1.103335618972778320e-01 -5.877345800399780273e-01 8.014948368072509766e-01 2.453576039153691823e+00
-9.841768741607666016e-01 -1.771043539047241211e-01 5.611232947558164597e-03 5.848397314834024030e-01
1.386501342058181763e-01 -7.894310951232910156e-01 -5.979747176170349121e-01 -1.780323682055173107e+00
0.000000000000000000e+00 0.000000000000000000e+00 0.000000000000000000e+00 1.000000000000000000e+00
8.043398708105087280e-02 -5.179027915000915527e-01 8.516491055488586426e-01 2.621781962270893551e+00
-9.912219047546386719e-01 -1.315058618783950806e-01 1.364472880959510803e-02 6.116123700702992272e-01
1.049301475286483765e-01 -8.452708125114440918e-01 -5.239347815513610840e-01 -1.539749487918470994e+00
0.000000000000000000e+00 0.000000000000000000e+00 0.000000000000000000e+00 1.000000000000000000e+00
1.547587811946868896e-01 -5.182361006736755371e-01 8.411192297935485840e-01 2.529517849256508022e+00
-9.876669645309448242e-01 -1.016223356127738953e-01 1.191099807620048523e-01 9.289001737628141964e-01
2.374938875436782837e-02 -8.491786122322082520e-01 -5.275715589523315430e-01 -1.487797340577311056e+00
0.000000000000000000e+00 0.000000000000000000e+00 0.000000000000000000e+00 1.000000000000000000e+00
2.610940933227539062e-01 -5.896002054214477539e-01 7.643306255340576172e-01 2.229267442605859184e+00
-9.601331353187561035e-01 -7.669654488563537598e-02 2.688166201114654541e-01 1.353901048630217208e+00
-9.987282752990722656e-02 -8.040460348129272461e-01 -5.861199498176574707e-01 -1.567916580754820322e+00
0.000000000000000000e+00 0.000000000000000000e+00 0.000000000000000000e+00 1.000000000000000000e+00
3.126558661460876465e-01 -6.320901513099670410e-01 7.090191841125488281e-01 2.039042746105989234e+00
-9.300726056098937988e-01 -5.213173478841781616e-02 3.636584281921386719e-01 1.610595144928123279e+00
-1.929023116827011108e-01 -7.731387615203857422e-01 -6.041886210441589355e-01 -1.557397674409464416e+00
0.000000000000000000e+00 0.000000000000000000e+00 0.000000000000000000e+00 1.000000000000000000e+00
3.593050539493560791e-01 -6.495139598846435547e-01 6.700981855392456055e-01 1.894834901868897914e+00
-8.911177515983581543e-01 -2.554841339588165283e-02 4.530516862869262695e-01 1.841698860328215170e+00
-2.771435081958770752e-01 -7.599204182624816895e-01 -5.879731178283691406e-01 -1.445021521734329406e+00
0.000000000000000000e+00 0.000000000000000000e+00 0.000000000000000000e+00 1.000000000000000000e+00
4.133791625499725342e-01 -6.523745656013488770e-01 6.352363228797912598e-01 1.746865052682779140e+00
-8.406388163566589355e-01 -5.330410785973072052e-03 5.415708422660827637e-01 2.059323955070172296e+00
-3.499206304550170898e-01 -7.578782439231872559e-01 -5.506152510643005371e-01 -1.271898101995084795e+00
0.000000000000000000e+00 0.000000000000000000e+00 0.000000000000000000e+00 1.000000000000000000e+00
5.101696848869323730e-01 -6.557012200355529785e-01 5.565813779830932617e-01 1.462892936783259268e+00
-7.365269660949707031e-01 1.101159374229609966e-03 6.764073371887207031e-01 2.359604990873227948e+00
-4.441340565681457520e-01 -7.550199031829833984e-01 -4.823797643184661865e-01 -9.732498621567217123e-01
0.000000000000000000e+00 0.000000000000000000e+00 0.000000000000000000e+00 1.000000000000000000e+00
6.099064350128173828e-01 -7.000160813331604004e-01 3.714714348316192627e-01 8.587989927786385813e-01
-5.766094326972961426e-01 -7.043931633234024048e-02 8.139778971672058105e-01 2.666558215011449740e+00
-5.436311364173889160e-01 -7.106444835662841797e-01 -4.465972483158111572e-01 -7.940362769626231332e-01
0.000000000000000000e+00 0.000000000000000000e+00 0.000000000000000000e+00 1.000000000000000000e+00
6.214819550514221191e-01 -7.381522059440612793e-01 2.624731659889221191e-01 5.641767618673705353e-01
-4.918941259384155273e-01 -1.069005206227302551e-01 8.640676140785217285e-01 2.761079779339731033e+00
-6.097545027732849121e-01 -6.661111712455749512e-01 -4.295295476913452148e-01 -7.047609207681411192e-01
0.000000000000000000e+00 0.000000000000000000e+00 0.000000000000000000e+00 1.000000000000000000e+00
5.770319104194641113e-01 -7.941123843193054199e-01 1.908391714096069336e-01 4.168340859675332410e-01
-3.933734297752380371e-01 -6.545759737491607666e-02 9.170453548431396484e-01 2.853869002957996948e+00
-7.157453894615173340e-01 -6.042354702949523926e-01 -3.501537144184112549e-01 -4.562037623393196961e-01
0.000000000000000000e+00 0.000000000000000000e+00 0.000000000000000000e+00 1.000000000000000000e+00
4.116704761981964111e-01 -9.096190929412841797e-01 5.585645511746406555e-02 1.783507626362242637e-01
-2.294023185968399048e-01 -4.411434754729270935e-02 9.723315834999084473e-01 2.925662632446976996e+00
-8.819876313209533691e-01 -4.130937457084655762e-01 -2.268294245004653931e-01 -9.356154803555115362e-02
0.000000000000000000e+00 0.000000000000000000e+00 0.000000000000000000e+00 1.000000000000000000e+00
2.580292522907257080e-01 -9.606587290763854980e-01 -1.027444526553153992e-01 -2.281494315776656234e-01
-2.434897124767303467e-01 -1.675736606121063232e-01 9.553179144859313965e-01 2.948262531910450068e+00
-9.349516630172729492e-01 -2.214824855327606201e-01 -2.771494090557098389e-01 -3.083174189842565749e-01
0.000000000000000000e+00 0.000000000000000000e+00 0.000000000000000000e+00 1.000000000000000000e+00
2.828708589076995850e-01 -9.586395621299743652e-01 3.153391182422637939e-02 1.737103943081169388e-01
-3.737699985504150391e-01 -7.989333570003509521e-02 9.240740537643432617e-01 2.881819898128481494e+00
-8.833348751068115234e-01 -2.731801271438598633e-01 -3.809103965759277344e-01 -5.971106255587721456e-01
0.000000000000000000e+00 0.000000000000000000e+00 0.000000000000000000e+00 1.000000000000000000e+00
2.636871933937072754e-01 -9.642375111579895020e-01 2.675884217023849487e-02 2.109926953069853894e-01
-4.514940381050109863e-01 -9.885950386524200439e-02 8.867807388305664062e-01 2.803756122421967145e+00
-8.524215817451477051e-01 -2.459140121936798096e-01 -4.614152908325195312e-01 -8.634471101604020982e-01
0.000000000000000000e+00 0.000000000000000000e+00 0.000000000000000000e+00 1.000000000000000000e+00
1.485188007354736328e-01 -9.877029657363891602e-01 4.883035272359848022e-02 3.262748233090319583e-01
-4.676630198955535889e-01 -2.664244920015335083e-02 8.835052251815795898e-01 2.790383600044017420e+00
-8.713400363922119141e-01 -1.540532559156417847e-01 -4.658688902854919434e-01 -8.929275313830716820e-01
0.000000000000000000e+00 0.000000000000000000e+00 0.000000000000000000e+00 1.000000000000000000e+00
