-0.204348161816597 0.8227594494819641 0.5303853750228882 -0.1489153653383255 
-0.8633511662483215 0.1038898453116417 -0.4937930405139923 0.20354363322258 
-0.4613745212554932 -0.5588145852088928 0.6891006827354431 -0.2124862968921661 
0 0 0 1 

-0.2005389928817749 0.7435940504074097 0.6378496289253235 -0.1910587549209595 
-0.89664626121521 0.123016357421875 -0.4253146052360535 0.1805527210235596 
-0.394727349281311 -0.6572176218032837 0.6420711278915405 -0.1974130421876907 
0 0 0 1 

-0.1721817255020142 0.7180458307266235 0.6743615865707397 -0.2057203352451324 
-0.9321310520172119 0.1026287004351616 -0.3472737371921539 0.1558461934328079 
-0.318567305803299 -0.6883875727653503 0.6516420841217041 -0.2011541128158569 
0 0 0 1 

-0.1191758438944817 0.7005205154418945 0.7036106586456299 -0.2181808054447174 
-0.9605183601379395 0.09809111058712006 -0.2603506147861481 0.1267548799514771 
-0.251398891210556 -0.7068585157394409 0.6611728668212891 -0.2024123817682266 
0 0 0 1 

-0.1518983840942383 0.6089500188827515 0.7785283923149109 -0.2444091141223907 
-0.964032769203186 0.08252952247858047 -0.2526451051235199 0.1263253837823868 
-0.2180997431278229 -0.7889034152030945 0.5745118856430054 -0.1686322838068008 
0 0 0 1 

-0.2028302848339081 0.580234169960022 0.7887889742851257 -0.2471233755350113 
-0.9729815721511841 -0.0286838598549366 -0.2290939688682556 0.1205923035740852 
-0.1103025749325752 -0.8139443397521973 0.5703752040863037 -0.1656892001628876 
0 0 0 1 

-0.2518341839313507 0.4392471313476562 0.8623465895652771 -0.2633322477340698 
-0.9643067121505737 -0.0385703481733799 -0.2619636058807373 0.1321084350347519 
-0.08180569857358932 -0.8975379467010498 0.4332822561264038 -0.1176777333021164 
0 0 0 1 

-0.3651565313339233 0.3516338169574738 0.8619824647903442 -0.2447880208492279 
-0.9265890717506409 -0.22675421833992 -0.3000243306159973 0.1410288214683533 
0.08995967358350754 -0.9082596302032471 0.4086213111877441 -0.1218670159578323 
0 0 0 1 

-0.3783416748046875 0.4476104974746704 0.8102483153343201 -0.2229062616825104 
-0.9211810827255249 -0.2681227624416351 -0.2820205092430115 0.1325370967388153 
0.09101071953773499 -0.8530855774879456 0.5137723684310913 -0.1618557572364807 
0 0 0 1 

-0.3953208327293396 0.4048188626766205 0.8245260119438171 -0.2236137688159943 
-0.9133830070495605 -0.268260657787323 -0.3062151670455933 0.1391043215990067 
0.09722614288330078 -0.8741613030433655 0.4758036434650421 -0.1502493023872375 
0 0 0 1 

