0.7214230298995972 0.6915624737739563 -0.03591645509004593 -0.01134645193815231 
-0.6869950890541077 0.7082072496414185 -0.1627267748117447 0.08352677524089813 
-0.08709946274757385 0.1420692652463913 0.9860172271728516 -0.2906869947910309 
0 0 0 1 

0.4577928483486176 0.8584085702896118 -0.2314309775829315 0.06478127092123032 
-0.8880996704101562 0.4294451177120209 -0.1638773381710052 0.0866885706782341 
-0.04128684848546982 0.2805556654930115 0.9589493870735168 -0.274858832359314 
0 0 0 1 

0.5359851717948914 0.8168550133705139 -0.2132311463356018 0.05366276577115059 
-0.8400101065635681 0.490802526473999 -0.2312911599874496 0.1049060523509979 
-0.08427703380584717 0.3030849993228912 0.9492295980453491 -0.2682559490203857 
0 0 0 1 

0.5956446528434753 0.7758535742759705 -0.2079865485429764 0.0478033758699894 
-0.7941797375679016 0.5300375819206238 -0.297217845916748 0.1212444975972176 
-0.1203569322824478 0.3422149419784546 0.9318814873695374 -0.259526401758194 
0 0 0 1 

0.6755208373069763 0.715380847454071 -0.1786099672317505 0.03304017707705498 
-0.7197617888450623 0.5871979594230652 -0.370325893163681 0.1361610293388367 
-0.1600447595119476 0.3787194788455963 0.9115685224533081 -0.2494701445102692 
0 0 0 1 

0.7379623651504517 0.6546696424484253 -0.1637651175260544 0.02513974159955978 
-0.6474930047988892 0.6185063123703003 -0.4451994597911835 0.1511984914541245 
-0.1901689022779465 0.4345771968364716 0.8803285360336304 -0.2352020144462585 
0 0 0 1 

0.7682476043701172 0.6224609613418579 -0.1494580805301666 0.01872867345809937 
-0.5931705236434937 0.6043984293937683 -0.5318374037742615 0.1708673685789108 
-0.2407159507274628 0.4972369074821472 0.8335533142089844 -0.2142919301986694 
0 0 0 1 

0.7969010472297668 0.5847955346107483 -0.1515348702669144 0.01617944426834583 
-0.5328170657157898 0.5621711015701294 -0.6325103044509888 0.1965130865573883 
-0.2847007811069489 0.58478844165802 0.7595839500427246 -0.1868431270122528 
0 0 0 1 

0.8185850381851196 0.5566422939300537 -0.141661062836647 0.01155191753059626 
-0.4763161838054657 0.5200207829475403 -0.7090141773223877 0.2165394574403763 
-0.3210006356239319 0.6478638648986816 0.6908190250396729 -0.1624656617641449 
0 0 0 1 

0.8481099605560303 0.5118206143379211 -0.1369295120239258 0.007165941409766674 
-0.4197931587696075 0.4914783239364624 -0.7630351781845093 0.2308918982744217 
-0.3232392072677612 0.7046195268630981 0.631686270236969 -0.146117702126503 
0 0 0 1 

