1.000000000000000000e+00 0.000000000000000000e+00 0.000000000000000000e+00 -3.619798645377159119e-02
0.000000000000000000e+00 1.000000000000000000e+00 0.000000000000000000e+00 -1.327119767665863037e-03
0.000000000000000000e+00 0.000000000000000000e+00 1.000000000000000000e+00 -2.960163652896881104e-01
0.000000000000000000e+00 0.000000000000000000e+00 0.000000000000000000e+00 1.000000000000000000e+00
9.906074404716491699e-01 1.366195976734161377e-01 5.643393844366073608e-03 -4.099778458476066589e-02
-1.361212283372879028e-01 9.892221093177795410e-01 -5.395323410630226135e-02 2.760749123990535736e-02
-1.295364648103713989e-02 5.267829075455665588e-02 9.985278248786926270e-01 -2.972033619880676270e-01
0.000000000000000000e+00 0.000000000000000000e+00 0.000000000000000000e+00 1.000000000000000000e+00
9.705177545547485352e-01 2.389544695615768433e-01 3.155835345387458801e-02 -4.911071434617042542e-02
-2.346709966659545898e-01 9.666563868522644043e-01 -1.024909690022468567e-01 5.336864665150642395e-02
-5.499681085348129272e-02 9.206345677375793457e-02 9.942329525947570801e-01 -2.947924137115478516e-01
0.000000000000000000e+00 0.000000000000000000e+00 0.000000000000000000e+00 1.000000000000000000e+00
9.396243095397949219e-01 3.399289548397064209e-01 3.942419216036796570e-02 -5.037698894739151001e-02
-3.314895927906036377e-01 9.327418208122253418e-01 -1.417995244264602661e-01 7.447069883346557617e-02
-8.497440814971923828e-02 1.201695352792739868e-01 9.891101717948913574e-01 -2.914039194583892822e-01
0.000000000000000000e+00 0.000000000000000000e+00 0.000000000000000000e+00 1.000000000000000000e+00
8.965163230895996094e-01 4.429459571838378906e-01 7.562844082713127136e-03 -3.545659035444259644e-02
-4.358282387256622314e-01 8.849145770072937012e-01 -1.642552018165588379e-01 8.794110268354415894e-02
-7.944869995117187500e-02 1.439613997936248779e-01 9.863888621330261230e-01 -2.908062338829040527e-01
0.000000000000000000e+00 0.000000000000000000e+00 0.000000000000000000e+00 1.000000000000000000e+00
8.308576941490173340e-01 5.563917160034179688e-01 -1.018829178065061569e-02 -2.389188855886459351e-02
-5.479458570480346680e-01 8.147758245468139648e-01 -1.894589960575103760e-01 1.023755967617034912e-01
-9.711230546236038208e-02 1.629960387945175171e-01 9.818357229232788086e-01 -2.891244590282440186e-01
0.000000000000000000e+00 0.000000000000000000e+00 0.000000000000000000e+00 1.000000000000000000e+00
7.517087459564208984e-01 6.585138440132141113e-01 -3.595951572060585022e-02 -8.995622396469116211e-03
-6.538169980049133301e-01 7.369890213012695312e-01 -1.713781058788299561e-01 1.007749065756797791e-01
-8.635318279266357422e-02 1.523373574018478394e-01 9.845488071441650391e-01 -2.922540009021759033e-01
0.000000000000000000e+00 0.000000000000000000e+00 0.000000000000000000e+00 1.000000000000000000e+00
6.935128569602966309e-01 7.166306972503662109e-01 -7.402976602315902710e-02 6.510459352284669876e-03
-7.198706269264221191e-01 6.851927042007446289e-01 -1.108924224972724915e-01 8.128629624843597412e-02
-2.874428406357765198e-02 1.301972121000289917e-01 9.910715222358703613e-01 -2.994646131992340088e-01
0.000000000000000000e+00 0.000000000000000000e+00 0.000000000000000000e+00 1.000000000000000000e+00
5.866860151290893555e-01 8.090308308601379395e-01 -3.560620918869972229e-02 -1.941949944011867046e-03
-8.089880943298339844e-01 5.835354924201965332e-01 -7.088159024715423584e-02 6.849242001771926880e-02
-3.656793758273124695e-02 7.039026170969009399e-02 9.968490600585937500e-01 -3.069845736026763916e-01
0.000000000000000000e+00 0.000000000000000000e+00 0.000000000000000000e+00 1.000000000000000000e+00
5.004059672355651855e-01 8.647183179855346680e-01 -4.308275133371353149e-02 5.179717205464839935e-03
-8.654965758323669434e-01 4.983184933662414551e-01 -5.093392729759216309e-02 6.283037364482879639e-02
-2.257457189261913300e-02 6.277560442686080933e-02 9.977725148200988770e-01 -3.107992708683013916e-01
0.000000000000000000e+00 0.000000000000000000e+00 0.000000000000000000e+00 1.000000000000000000e+00
4.028252363204956055e-01 9.139538407325744629e-01 -4.919552430510520935e-02 1.214647293090820312e-02
-9.150670170783996582e-01 4.033018946647644043e-01 -2.591237425804138184e-04 4.446861892938613892e-02
1.960381492972373962e-02 4.512156546115875244e-02 9.987890720367431641e-01 -3.153232038021087646e-01
0.000000000000000000e+00 0.000000000000000000e+00 0.000000000000000000e+00 1.000000000000000000e+00
2.928178310394287109e-01 9.549678564071655273e-01 -4.790118709206581116e-02 1.665237545967102051e-02
-9.551178812980651855e-01 2.944763600826263428e-01 3.214562684297561646e-02 3.191065415740013123e-02
4.480378702282905579e-02 3.633846342563629150e-02 9.983344078063964844e-01 -3.176827132701873779e-01
0.000000000000000000e+00 0.000000000000000000e+00 0.000000000000000000e+00 1.000000000000000000e+00
1.750465184450149536e-01 9.820148944854736328e-01 -7.074830681085586548e-02 2.915266156196594238e-02
-9.822985529899597168e-01 1.790605634450912476e-01 5.501458793878555298e-02 2.301144599914550781e-02
6.669338792562484741e-02 5.986585840582847595e-02 9.959760308265686035e-01 -3.182719647884368896e-01
0.000000000000000000e+00 0.000000000000000000e+00 0.000000000000000000e+00 1.000000000000000000e+00
1.005693227052688599e-01 9.920654296875000000e-01 -7.544033229351043701e-02 3.363088518381118774e-02
-9.900605678558349609e-01 1.072817146778106689e-01 9.094323217868804932e-02 9.912125766277313232e-03
9.831504523754119873e-02 6.554435193538665771e-02 9.929944872856140137e-01 -3.178676962852478027e-01
0.000000000000000000e+00 0.000000000000000000e+00 0.000000000000000000e+00 1.000000000000000000e+00
1.803343929350376129e-02 9.962406754493713379e-01 -8.472945541143417358e-02 4.163550585508346558e-02
-9.974451661109924316e-01 2.378431521356105804e-02 6.736198812723159790e-02 1.966897770762443542e-02
6.912399828433990479e-02 8.329826593399047852e-02 9.941245913505554199e-01 -3.116508424282073975e-01
0.000000000000000000e+00 0.000000000000000000e+00 0.000000000000000000e+00 1.000000000000000000e+00
-9.286326915025711060e-02 8.922967314720153809e-01 -4.417946934700012207e-01 1.655014455318450928e-01
-9.902752637863159180e-01 -3.660497069358825684e-02 1.342202872037887573e-01 -2.387621207162737846e-03
1.035923808813095093e-01 4.499625861644744873e-01 8.870186805725097656e-01 -2.708295285701751709e-01
0.000000000000000000e+00 0.000000000000000000e+00 0.000000000000000000e+00 1.000000000000000000e+00
-1.641597747802734375e-01 8.718747496604919434e-01 -4.613953232765197754e-01 1.737550646066665649e-01
-9.774158000946044922e-01 -8.066714555025100708e-02 1.953219324350357056e-01 -2.416804805397987366e-02
1.330768018960952759e-01 4.830393195152282715e-01 8.654268383979797363e-01 -2.648281455039978027e-01
0.000000000000000000e+00 0.000000000000000000e+00 0.000000000000000000e+00 1.000000000000000000e+00
-1.355108469724655151e-01 8.143091797828674316e-01 -5.643910169601440430e-01 2.000827789306640625e-01
-9.906770586967468262e-01 -1.194188222289085388e-01 6.556382775306701660e-02 1.756572537124156952e-02
-1.400970574468374252e-02 5.680138468742370605e-01 8.228996396064758301e-01 -2.441956549882888794e-01
0.000000000000000000e+00 0.000000000000000000e+00 0.000000000000000000e+00 1.000000000000000000e+00
-9.025822579860687256e-02 7.308461666107177734e-01 -6.765478849411010742e-01 2.254888713359832764e-01
-9.945221543312072754e-01 -3.018357045948505402e-02 1.000731289386749268e-01 9.901048615574836731e-03
5.271742120385169983e-02 6.818743348121643066e-01 7.295672297477722168e-01 -2.241495549678802490e-01
0.000000000000000000e+00 0.000000000000000000e+00 0.000000000000000000e+00 1.000000000000000000e+00
-6.447426974773406982e-02 5.629711747169494629e-01 -8.239580392837524414e-01 2.684890031814575195e-01
-9.851813316345214844e-01 9.559553116559982300e-02 1.424056738615036011e-01 -3.155929734930396080e-03
1.589369922876358032e-01 8.209296464920043945e-01 5.484650731086730957e-01 -1.675263196229934692e-01
0.000000000000000000e+00 0.000000000000000000e+00 0.000000000000000000e+00 1.000000000000000000e+00
-1.255402565002441406e-01 4.252418279647827148e-01 -8.963308334350585938e-01 2.894136309623718262e-01
-9.851749539375305176e-01 5.304004251956939697e-02 1.631473898887634277e-01 -1.365314796566963196e-02
1.169183924794197083e-01 9.035241603851318359e-01 4.122789800167083740e-01 -1.197204664349555969e-01
0.000000000000000000e+00 0.000000000000000000e+00 0.000000000000000000e+00 1.000000000000000000e+00
-1.949416548013687134e-01 3.125845193862915039e-01 -9.296711683273315430e-01 3.011343777179718018e-01
-9.747941493988037109e-01 4.311382398009300232e-02 2.188996821641921997e-01 -3.185286000370979309e-02
1.085063070058822632e-01 9.489106535911560059e-01 2.963008582592010498e-01 -8.328089118003845215e-02
0.000000000000000000e+00 0.000000000000000000e+00 0.000000000000000000e+00 1.000000000000000000e+00
-2.759597599506378174e-01 1.916342079639434814e-01 -9.418715834617614746e-01 3.085323572158813477e-01
-9.587035775184631348e-01 1.526116300374269485e-02 2.839964926242828369e-01 -5.351486057043075562e-02
6.879748404026031494e-02 9.813477993011474609e-01 1.795091480016708374e-01 -4.433681815862655640e-02
0.000000000000000000e+00 0.000000000000000000e+00 0.000000000000000000e+00 1.000000000000000000e+00
-1.342307925224304199e-01 -9.060776829719543457e-01 -4.012551009654998779e-01 1.284228414297103882e-01
-9.494549036026000977e-01 1.647316035814583302e-03 3.138990998268127441e-01 -6.101495027542114258e-02
-2.837558388710021973e-01 4.231086373329162598e-01 -8.605007529258728027e-01 3.006473779678344727e-01
0.000000000000000000e+00 0.000000000000000000e+00 0.000000000000000000e+00 1.000000000000000000e+00
-1.503204256296157837e-01 -9.119819402694702148e-01 -3.816986978054046631e-01 1.221297010779380798e-01
-9.690135121345520020e-01 5.936923623085021973e-02 2.397668957710266113e-01 -3.754273429512977600e-02
-1.960017830133438110e-01 4.059129655361175537e-01 -8.926465511322021484e-01 3.059256374835968018e-01
0.000000000000000000e+00 0.000000000000000000e+00 0.000000000000000000e+00 1.000000000000000000e+00
-7.198383659124374390e-02 -9.143006801605224609e-01 -3.985874950885772705e-01 1.206752657890319824e-01
-9.902033209800720215e-01 1.757266558706760406e-02 1.385203748941421509e-01 -2.873680321499705315e-03
-1.196450591087341309e-01 4.046539664268493652e-01 -9.066085219383239746e-01 3.050646185874938965e-01
0.000000000000000000e+00 0.000000000000000000e+00 0.000000000000000000e+00 1.000000000000000000e+00
2.867317013442516327e-02 -9.073667526245117188e-01 -4.193598628044128418e-01 1.184811070561408997e-01
-9.991896748542785645e-01 -3.787012025713920593e-02 1.362179219722747803e-02 3.945942595601081848e-02
-2.824122644960880280e-02 4.186296164989471436e-01 -9.077177643775939941e-01 2.990887165069580078e-01
0.000000000000000000e+00 0.000000000000000000e+00 0.000000000000000000e+00 1.000000000000000000e+00
4.222334548830986023e-02 -9.069752097129821777e-01 -4.190615117549896240e-01 1.162454634904861450e-01
-9.941433668136596680e-01 3.621684387326240540e-03 -1.080052480101585388e-01 7.875758409500122070e-02
9.947583079338073730e-02 4.211678206920623779e-01 -9.015109539031982422e-01 2.886009216308593750e-01
0.000000000000000000e+00 0.000000000000000000e+00 0.000000000000000000e+00 1.000000000000000000e+00
1.130609307438135147e-02 -9.116731286048889160e-01 -4.107605814933776855e-01 1.177383437752723694e-01
-9.817372560501098633e-01 6.789483129978179932e-02 -1.777132302522659302e-01 9.239200502634048462e-02
1.899049878120422363e-01 4.052680730819702148e-01 -8.942559957504272461e-01 2.833376228809356689e-01
0.000000000000000000e+00 0.000000000000000000e+00 0.000000000000000000e+00 1.000000000000000000e+00
-4.856653138995170593e-02 -9.119326472282409668e-01 -4.074546694755554199e-01 1.228610649704933167e-01
-9.946690201759338379e-01 8.131046593189239502e-02 -6.342253834009170532e-02 5.602847784757614136e-02
9.096741676330566406e-02 4.022027254104614258e-01 -9.110202193260192871e-01 3.045221567153930664e-01
0.000000000000000000e+00 0.000000000000000000e+00 0.000000000000000000e+00 1.000000000000000000e+00
-3.564558923244476318e-02 -9.040868878364562988e-01 -4.258602261543273926e-01 1.257772445678710938e-01
-9.928329586982727051e-01 -1.660443283617496490e-02 1.183540523052215576e-01 -1.852744142524898052e-03
-1.140735521912574768e-01 4.270262718200683594e-01 -8.970146775245666504e-01 3.182336986064910889e-01
0.000000000000000000e+00 0.000000000000000000e+00 0.000000000000000000e+00 1.000000000000000000e+00
1.356945931911468506e-01 -8.748853802680969238e-01 -4.649327695369720459e-01 1.255678236484527588e-01
-9.858120679855346680e-01 -1.660262495279312134e-01 2.470176294445991516e-02 2.710639499127864838e-02
-9.880224615335464478e-02 4.549843966960906982e-01 -8.850012421607971191e-01 3.157398700714111328e-01
0.000000000000000000e+00 0.000000000000000000e+00 0.000000000000000000e+00 1.000000000000000000e+00
2.445271611213684082e-01 -8.303571939468383789e-01 -5.007128119468688965e-01 1.217556744813919067e-01
-9.444602727890014648e-01 -3.208847641944885254e-01 7.090456038713455200e-02 1.126596704125404358e-02
-2.195472717285156250e-01 4.555655121803283691e-01 -8.627046346664428711e-01 3.130047023296356201e-01
0.000000000000000000e+00 0.000000000000000000e+00 0.000000000000000000e+00 1.000000000000000000e+00
3.517260253429412842e-01 -7.699288725852966309e-01 -5.324455499649047852e-01 1.171704381704330444e-01
-9.106514453887939453e-01 -4.131554961204528809e-01 -4.131113179028034210e-03 3.386120498180389404e-02
-2.168021053075790405e-01 4.863253235816955566e-01 -8.464544415473937988e-01 3.012066185474395752e-01
0.000000000000000000e+00 0.000000000000000000e+00 0.000000000000000000e+00 1.000000000000000000e+00
3.670817613601684570e-01 -7.618565559387207031e-01 -5.336903929710388184e-01 1.158238649368286133e-01
-9.211537837982177734e-01 -3.775040805339813232e-01 -9.468921273946762085e-02 6.399109959602355957e-02
-1.293307989835739136e-01 5.263696908950805664e-01 -8.403619527816772461e-01 2.910125553607940674e-01
0.000000000000000000e+00 0.000000000000000000e+00 0.000000000000000000e+00 1.000000000000000000e+00
3.777119815349578857e-01 -7.584154009819030762e-01 -5.311682224273681641e-01 1.149233952164649963e-01
-9.246410727500915527e-01 -3.391298949718475342e-01 -1.732908487319946289e-01 8.868791162967681885e-02
-4.870864748954772949e-02 5.565941333770751953e-01 -8.293555378913879395e-01 2.804940640926361084e-01
0.000000000000000000e+00 0.000000000000000000e+00 0.000000000000000000e+00 1.000000000000000000e+00
5.416896939277648926e-01 -6.462712883949279785e-01 -5.374993681907653809e-01 1.115802079439163208e-01
-8.393436074256896973e-01 -4.505081772804260254e-01 -3.042110204696655273e-01 1.241851896047592163e-01
-4.554501175880432129e-02 6.159346103668212891e-01 -7.864793539047241211e-01 2.663897871971130371e-01
0.000000000000000000e+00 0.000000000000000000e+00 0.000000000000000000e+00 1.000000000000000000e+00
6.904680728912353516e-01 -4.540919661521911621e-01 -5.630755424499511719e-01 1.143722832202911377e-01
-7.101244926452636719e-01 -5.737513899803161621e-01 -4.080840051174163818e-01 1.543916016817092896e-01
-1.377577483654022217e-01 6.816226840019226074e-01 -7.186187505722045898e-01 2.600723803043365479e-01
0.000000000000000000e+00 0.000000000000000000e+00 0.000000000000000000e+00 1.000000000000000000e+00
7.202012538909912109e-01 -3.744186460971832275e-01 -5.840554237365722656e-01 1.168604195117950439e-01
-6.491556763648986816e-01 -6.607012748718261719e-01 -3.769224286079406738e-01 1.430797278881072998e-01
-2.447595447301864624e-01 6.506029367446899414e-01 -7.188937067985534668e-01 2.705051302909851074e-01
0.000000000000000000e+00 0.000000000000000000e+00 0.000000000000000000e+00 1.000000000000000000e+00
7.684864997863769531e-01 -2.945345938205718994e-01 -5.680472254753112793e-01 1.164418756961822510e-01
-5.750149488449096680e-01 -7.073194384574890137e-01 -4.111647605895996094e-01 1.467787474393844604e-01
-2.806887030601501465e-01 6.426103711128234863e-01 -7.129271626472473145e-01 2.679537832736968994e-01
0.000000000000000000e+00 0.000000000000000000e+00 0.000000000000000000e+00 1.000000000000000000e+00
7.752940654754638672e-01 -2.932890951633453369e-01 -5.593751072883605957e-01 1.194348856806755066e-01
-5.393064618110656738e-01 -7.683703899383544922e-01 -3.446105122566223145e-01 1.171882301568984985e-01
-3.287363052368164062e-01 5.688490867614746094e-01 -7.538854479789733887e-01 2.839192152023315430e-01
0.000000000000000000e+00 0.000000000000000000e+00 0.000000000000000000e+00 1.000000000000000000e+00
7.558245062828063965e-01 -3.785033822059631348e-01 -5.342888236045837402e-01 1.206461563706398010e-01
-5.833386778831481934e-01 -7.598705887794494629e-01 -2.869015336036682129e-01 9.553221613168716431e-02
-2.973971068859100342e-01 5.285186767578125000e-01 -7.951245307922363281e-01 2.954490780830383301e-01
0.000000000000000000e+00 0.000000000000000000e+00 0.000000000000000000e+00 1.000000000000000000e+00
8.273348808288574219e-01 -2.241667360067367554e-01 -5.150398612022399902e-01 1.183347851037979126e-01
-5.241901874542236328e-01 -6.376053094863891602e-01 -5.645211338996887207e-01 1.833068132400512695e-01
-2.018452733755111694e-01 7.370268702507019043e-01 -6.450188755989074707e-01 2.540480792522430420e-01
0.000000000000000000e+00 0.000000000000000000e+00 0.000000000000000000e+00 1.000000000000000000e+00
8.594914078712463379e-01 -1.442596465349197388e-01 -4.903708398342132568e-01 1.098554357886314392e-01
-4.763357639312744141e-01 -5.740429759025573730e-01 -6.660170555114746094e-01 2.169154435396194458e-01
-1.854146271944046021e-01 8.060169816017150879e-01 -5.621010065078735352e-01 2.263715863227844238e-01
0.000000000000000000e+00 0.000000000000000000e+00 0.000000000000000000e+00 1.000000000000000000e+00
8.832673430442810059e-01 -6.376315653324127197e-02 -4.645139873027801514e-01 1.013311967253684998e-01
-4.293453097343444824e-01 -5.081160664558410645e-01 -7.466462254524230957e-01 2.436784058809280396e-01
-1.884184777736663818e-01 8.589249849319458008e-01 -4.761788249015808105e-01 1.984634250402450562e-01
0.000000000000000000e+00 0.000000000000000000e+00 0.000000000000000000e+00 1.000000000000000000e+00
8.900927901268005371e-01 1.057293489575386047e-01 -4.433463513851165771e-01 9.657867997884750366e-02
-3.657600283622741699e-01 -4.146859645843505859e-01 -8.332194685935974121e-01 2.723542153835296631e-01
-2.719452977180480957e-01 9.038010239601135254e-01 -3.304373919963836670e-01 1.548336595296859741e-01
0.000000000000000000e+00 0.000000000000000000e+00 0.000000000000000000e+00 1.000000000000000000e+00
9.491471052169799805e-01 -2.669844925403594971e-01 -1.668493300676345825e-01 -1.158787054009735584e-03
-2.464434504508972168e-01 -3.002572953701019287e-01 -9.214723110198974609e-01 2.953722178936004639e-01
1.959210634231567383e-01 9.157319068908691406e-01 -3.507850170135498047e-01 1.330469250679016113e-01
0.000000000000000000e+00 0.000000000000000000e+00 0.000000000000000000e+00 1.000000000000000000e+00
9.775435328483581543e-01 2.061175182461738586e-02 -2.097233086824417114e-01 1.611530035734176636e-02
-2.002262175083160400e-01 -2.194876670837402344e-01 -9.548477530479431152e-01 3.041160404682159424e-01
-6.571277230978012085e-02 9.753974080085754395e-01 -2.104317992925643921e-01 9.969191253185272217e-02
0.000000000000000000e+00 0.000000000000000000e+00 0.000000000000000000e+00 1.000000000000000000e+00
9.878798723220825195e-01 9.678289294242858887e-03 -1.549198776483535767e-01 -2.176103647798299789e-03
-1.529547721147537231e-01 -1.092607527971267700e-01 -9.821744561195373535e-01 3.104203045368194580e-01
-2.643245831131935120e-02 9.939659237861633301e-01 -1.064561232924461365e-01 6.212642416357994080e-02
0.000000000000000000e+00 0.000000000000000000e+00 0.000000000000000000e+00 1.000000000000000000e+00
9.843946695327758789e-01 -1.071586683392524719e-01 -1.395865380764007568e-01 -1.015855930745601654e-02
-1.458019614219665527e-01 -5.250528454780578613e-02 -9.879196882247924805e-01 3.106215000152587891e-01
9.853508323431015015e-02 9.928545355796813965e-01 -6.730988621711730957e-02 4.100358858704566956e-02
0.000000000000000000e+00 0.000000000000000000e+00 0.000000000000000000e+00 1.000000000000000000e+00
9.927871823310852051e-01 -5.807009711861610413e-02 -1.048891171813011169e-01 -2.108775824308395386e-02
-1.032203435897827148e-01 3.103535063564777374e-02 -9.941742420196533203e-01 3.092519640922546387e-01
6.098706647753715515e-02 9.978300333023071289e-01 2.481747418642044067e-02 8.965711109340190887e-03
0.000000000000000000e+00 0.000000000000000000e+00 0.000000000000000000e+00 1.000000000000000000e+00
9.615253806114196777e-01 -2.575501203536987305e-01 -9.558794647455215454e-02 -2.364370040595531464e-02
-6.478580087423324585e-02 1.255521029233932495e-01 -9.899696111679077148e-01 3.035943508148193359e-01
2.669679820537567139e-01 9.580733180046081543e-01 1.040358990430831909e-01 -3.103137575089931488e-02
0.000000000000000000e+00 0.000000000000000000e+00 0.000000000000000000e+00 1.000000000000000000e+00
9.846348166465759277e-01 4.453191533684730530e-02 -1.688521951436996460e-01 -3.176447469741106033e-03
-1.739407628774642944e-01 1.645488888025283813e-01 -9.709111452102661133e-01 3.058297336101531982e-01
-1.545212976634502411e-02 9.853630065917968750e-01 1.697664707899093628e-01 -2.637795545160770416e-02
0.000000000000000000e+00 0.000000000000000000e+00 0.000000000000000000e+00 1.000000000000000000e+00
8.888337016105651855e-01 4.256028532981872559e-01 -1.698147952556610107e-01 8.285438641905784607e-03
-2.636379301548004150e-01 1.718597859144210815e-01 -9.491887092590332031e-01 3.083598911762237549e-01
-3.747932016849517822e-01 8.884403705596923828e-01 2.649598419666290283e-01 -3.364831954240798950e-02
0.000000000000000000e+00 0.000000000000000000e+00 0.000000000000000000e+00 1.000000000000000000e+00
5.352646112442016602e-01 8.446830511093139648e-01 -1.513007096946239471e-03 -8.243992924690246582e-03
-3.734142780303955078e-01 2.350202649831771851e-01 -8.974002599716186523e-01 3.076148927211761475e-01
-7.576631307601928711e-01 4.809115231037139893e-01 4.412148296833038330e-01 -7.144097983837127686e-02
0.000000000000000000e+00 0.000000000000000000e+00 0.000000000000000000e+00 1.000000000000000000e+00
9.142253994941711426e-01 2.716826796531677246e-01 -3.006325364112854004e-01 4.709828644990921021e-02
-3.830728232860565186e-01 3.376429080963134766e-01 -8.597974181175231934e-01 3.010229468345642090e-01
-1.320857554674148560e-01 9.012132287025451660e-01 4.127561151981353760e-01 -8.844387531280517578e-02
0.000000000000000000e+00 0.000000000000000000e+00 0.000000000000000000e+00 1.000000000000000000e+00
8.827175498008728027e-01 1.782769113779067993e-01 -4.347724318504333496e-01 8.911282569169998169e-02
-4.679720401763916016e-01 4.173287451267242432e-01 -7.789985537528991699e-01 2.867455184459686279e-01
4.256545007228851318e-02 8.910968899726867676e-01 4.518119692802429199e-01 -1.134765222668647766e-01
0.000000000000000000e+00 0.000000000000000000e+00 0.000000000000000000e+00 1.000000000000000000e+00
8.693162202835083008e-01 1.511709541082382202e-01 -4.705709517002105713e-01 1.008830219507217407e-01
-4.774511456489562988e-01 5.030019283294677734e-01 -7.204368114471435547e-01 2.692477703094482422e-01
1.277888864278793335e-01 8.509620428085327148e-01 5.094445943832397461e-01 -1.398115009069442749e-01
0.000000000000000000e+00 0.000000000000000000e+00 0.000000000000000000e+00 1.000000000000000000e+00
8.575018048286437988e-01 1.384131014347076416e-01 -4.955120682716369629e-01 1.094676405191421509e-01
-4.750618934631347656e-01 5.827527642250061035e-01 -6.593296527862548828e-01 2.522783577442169189e-01
1.975010931491851807e-01 8.007751703262329102e-01 5.654662251472473145e-01 -1.595836281776428223e-01
0.000000000000000000e+00 0.000000000000000000e+00 0.000000000000000000e+00 1.000000000000000000e+00
8.440073728561401367e-01 9.987462311983108521e-02 -5.269502401351928711e-01 1.168395206332206726e-01
-4.455430209636688232e-01 6.775125265121459961e-01 -5.852074027061462402e-01 2.297278940677642822e-01
2.985680699348449707e-01 7.286984324455261230e-01 6.163241863250732422e-01 -1.819176822900772095e-01
0.000000000000000000e+00 0.000000000000000000e+00 0.000000000000000000e+00 1.000000000000000000e+00
8.229087591171264648e-01 1.103364229202270508e-01 -5.573571920394897461e-01 1.282093822956085205e-01
-4.453277289867401123e-01 7.344584465026855469e-01 -5.121064782142639160e-01 2.083073109388351440e-01
3.528517782688140869e-01 6.696236133575439453e-01 6.535286903381347656e-01 -1.982087194919586182e-01
0.000000000000000000e+00 0.000000000000000000e+00 0.000000000000000000e+00 1.000000000000000000e+00
7.948541641235351562e-01 1.565482616424560547e-01 -5.862585306167602539e-01 1.411742419004440308e-01
-4.553853571414947510e-01 7.924259305000305176e-01 -4.058139026165008545e-01 1.771481037139892578e-01
4.010368287563323975e-01 5.895367860794067383e-01 7.011529803276062012e-01 -2.183561027050018311e-01
0.000000000000000000e+00 0.000000000000000000e+00 0.000000000000000000e+00 1.000000000000000000e+00
7.635869979858398438e-01 2.103860974311828613e-01 -6.104688048362731934e-01 1.529898792505264282e-01
-4.599697589874267578e-01 8.407530784606933594e-01 -2.855907678604125977e-01 1.408057510852813721e-01
4.531689882278442383e-01 4.988705813884735107e-01 7.387592196464538574e-01 -2.361597120761871338e-01
0.000000000000000000e+00 0.000000000000000000e+00 0.000000000000000000e+00 1.000000000000000000e+00
7.350919246673583984e-01 2.747560739517211914e-01 -6.197974085807800293e-01 1.599283069372177124e-01
-4.644647836685180664e-01 8.700525164604187012e-01 -1.651699095964431763e-01 1.041031032800674438e-01
4.938749670982360840e-01 4.092892706394195557e-01 7.671830654144287109e-01 -2.503811717033386230e-01
0.000000000000000000e+00 0.000000000000000000e+00 0.000000000000000000e+00 1.000000000000000000e+00
7.161691188812255859e-01 3.571794033050537109e-01 -5.996035933494567871e-01 1.566332429647445679e-01
-4.437512159347534180e-01 8.961417078971862793e-01 3.806898137554526329e-03 5.115180090069770813e-02
5.386896729469299316e-01 2.633484601974487305e-01 8.002879619598388672e-01 -2.664114534854888916e-01
0.000000000000000000e+00 0.000000000000000000e+00 0.000000000000000000e+00 1.000000000000000000e+00
7.041637897491455078e-01 4.024488329887390137e-01 -5.849684476852416992e-01 1.513748168945312500e-01
-3.786108195781707764e-01 9.097802042961120605e-01 1.701563894748687744e-01 -6.600528024137020111e-03
6.006721854209899902e-01 1.016575843095779419e-01 7.930060625076293945e-01 -2.653010189533233643e-01
0.000000000000000000e+00 0.000000000000000000e+00 0.000000000000000000e+00 1.000000000000000000e+00
7.036000490188598633e-01 4.225869476795196533e-01 -5.712858438491821289e-01 1.457095891237258911e-01
-3.024270534515380859e-01 9.055877327919006348e-01 2.974023520946502686e-01 -5.248698964715003967e-02
6.430277824401855469e-01 -3.647993505001068115e-02 7.649734616279602051e-01 -2.591083943843841553e-01
0.000000000000000000e+00 0.000000000000000000e+00 0.000000000000000000e+00 1.000000000000000000e+00
6.978764533996582031e-01 4.535822868347167969e-01 -5.542843341827392578e-01 1.401228159666061401e-01
-2.441362589597702026e-01 8.782086968421936035e-01 4.112744331359863281e-01 -9.181740134954452515e-02
6.733242273330688477e-01 -1.516979783773422241e-01 7.236174345016479492e-01 -2.476493418216705322e-01
0.000000000000000000e+00 0.000000000000000000e+00 0.000000000000000000e+00 1.000000000000000000e+00
6.936740875244140625e-01 4.787597358226776123e-01 -5.381501317024230957e-01 1.348446458578109741e-01
-1.653985083103179932e-01 8.330405950546264648e-01 5.279078483581542969e-01 -1.348756998777389526e-01
7.010418176651000977e-01 -2.771866023540496826e-01 6.570448279380798340e-01 -2.283901721239089966e-01
0.000000000000000000e+00 0.000000000000000000e+00 0.000000000000000000e+00 1.000000000000000000e+00
6.714053153991699219e-01 5.106174349784851074e-01 -5.371074676513671875e-01 1.356692314147949219e-01
-9.233522415161132812e-02 7.767434120178222656e-01 6.230117678642272949e-01 -1.710787862539291382e-01
7.353152632713317871e-01 -3.686994612216949463e-01 5.686573386192321777e-01 -2.029143571853637695e-01
0.000000000000000000e+00 0.000000000000000000e+00 0.000000000000000000e+00 1.000000000000000000e+00
6.856567263603210449e-01 5.197857022285461426e-01 -5.096050500869750977e-01 1.260280609130859375e-01
-3.040366061031818390e-02 7.199180722236633301e-01 6.933928132057189941e-01 -1.992426514625549316e-01
7.272896170616149902e-01 -4.599356055259704590e-01 5.094200968742370605e-01 -1.849422752857208252e-01
0.000000000000000000e+00 0.000000000000000000e+00 0.000000000000000000e+00 1.000000000000000000e+00
6.959637999534606934e-01 5.278383493423461914e-01 -4.868478178977966309e-01 1.182751953601837158e-01
1.771752536296844482e-02 6.651597619056701660e-01 7.464908957481384277e-01 -2.208856791257858276e-01
7.178581357002258301e-01 -5.281563997268676758e-01 4.535752236843109131e-01 -1.686478704214096069e-01
0.000000000000000000e+00 0.000000000000000000e+00 0.000000000000000000e+00 1.000000000000000000e+00
7.346979975700378418e-01 5.130252242088317871e-01 -4.438743889331817627e-01 1.020785346627235413e-01
6.361517310142517090e-02 5.993175506591796875e-01 7.979797720909118652e-01 -2.421948462724685669e-01
6.754049658775329590e-01 -6.145112514495849609e-01 4.076809585094451904e-01 -1.548264324665069580e-01
0.000000000000000000e+00 0.000000000000000000e+00 0.000000000000000000e+00 1.000000000000000000e+00
7.914085388183593750e-01 4.828082919120788574e-01 -3.749249279499053955e-01 7.644580304622650146e-02
1.027391031384468079e-01 4.995557665824890137e-01 8.601673841476440430e-01 -2.688999176025390625e-01
6.025921106338500977e-01 -7.192638516426086426e-01 3.457495272159576416e-01 -1.348316520452499390e-01
0.000000000000000000e+00 0.000000000000000000e+00 0.000000000000000000e+00 1.000000000000000000e+00
8.388520479202270508e-01 4.492172002792358398e-01 -3.074599206447601318e-01 5.318620055913925171e-02
1.272305101156234741e-01 3.873728215694427490e-01 9.131014943122863770e-01 -2.910117805004119873e-01
5.292823314666748047e-01 -8.050753474235534668e-01 2.677944898605346680e-01 -1.072526723146438599e-01
0.000000000000000000e+00 0.000000000000000000e+00 0.000000000000000000e+00 1.000000000000000000e+00
8.898714780807495117e-01 3.673568367958068848e-01 -2.705129384994506836e-01 3.750478103756904602e-02
1.621324419975280762e-01 2.995907366275787354e-01 9.401906132698059082e-01 -3.036432266235351562e-01
4.264286160469055176e-01 -8.805077075958251953e-01 2.070367038249969482e-01 -8.420225977897644043e-02
0.000000000000000000e+00 0.000000000000000000e+00 0.000000000000000000e+00 1.000000000000000000e+00
9.145054817199707031e-01 3.151499927043914795e-01 -2.536937594413757324e-01 2.980876713991165161e-02
1.944458037614822388e-01 2.075126618146896362e-01 9.587123394012451172e-01 -3.137235343456268311e-01
3.547827899456024170e-01 -9.260771274566650391e-01 1.284919232130050659e-01 -5.656445026397705078e-02
0.000000000000000000e+00 0.000000000000000000e+00 0.000000000000000000e+00 1.000000000000000000e+00
9.583883285522460938e-01 1.729809939861297607e-01 -2.270902991294860840e-01 1.756676286458969116e-02
2.102171182632446289e-01 1.105464398860931396e-01 9.713849425315856934e-01 -3.210355639457702637e-01
1.931351423263549805e-01 -9.787017107009887695e-01 6.958282738924026489e-02 -2.851320244371891022e-02
0.000000000000000000e+00 0.000000000000000000e+00 0.000000000000000000e+00 1.000000000000000000e+00
9.816086292266845703e-01 2.581494860351085663e-02 -1.891508847475051880e-01 1.534897601231932640e-04
1.885276436805725098e-01 2.477517724037170410e-02 9.817554354667663574e-01 -3.270530700683593750e-01
3.003023006021976471e-02 -9.993597865104675293e-01 1.945274882018566132e-02 -6.025858456268906593e-04
0.000000000000000000e+00 0.000000000000000000e+00 0.000000000000000000e+00 1.000000000000000000e+00
9.826410412788391113e-01 7.075730711221694946e-02 -1.714935898780822754e-01 -5.410646554082632065e-03
1.764435768127441406e-01 -7.089137285947799683e-02 9.817545413970947266e-01 -3.309592902660369873e-01
5.730889365077018738e-02 -9.949712157249450684e-01 -8.214536309242248535e-02 3.634903207421302795e-02
0.000000000000000000e+00 0.000000000000000000e+00 0.000000000000000000e+00 1.000000000000000000e+00
9.828299283981323242e-01 -6.930654402822256088e-03 -1.843834519386291504e-01 9.942830074578523636e-04
1.823015660047531128e-01 -1.177990734577178955e-01 9.761605262756347656e-01 -3.315906524658203125e-01
-2.848564647138118744e-02 -9.930131435394287109e-01 -1.145129501819610596e-01 5.729954689741134644e-02
0.000000000000000000e+00 0.000000000000000000e+00 0.000000000000000000e+00 1.000000000000000000e+00
9.503815174102783203e-01 -2.736216485500335693e-01 -1.480077356100082397e-01 -6.612332072108983994e-03
1.331260353326797485e-01 -7.228665798902511597e-02 9.884595274925231934e-01 -3.327638804912567139e-01
-2.811628580093383789e-01 -9.591173529624938965e-01 -3.227373212575912476e-02 4.248875752091407776e-02
0.000000000000000000e+00 0.000000000000000000e+00 0.000000000000000000e+00 1.000000000000000000e+00
9.618192315101623535e-01 2.642868757247924805e-01 -7.110708206892013550e-02 -3.220077976584434509e-02
5.612621828913688660e-02 6.381912529468536377e-02 9.963818192481994629e-01 -3.290880620479583740e-01
2.678686976432800293e-01 -9.623302221298217773e-01 4.654904827475547791e-02 -1.685892231762409210e-02
0.000000000000000000e+00 0.000000000000000000e+00 0.000000000000000000e+00 1.000000000000000000e+00
8.120718598365783691e-01 5.770115256309509277e-01 -8.716002851724624634e-02 -1.785472780466079712e-02
-3.411908820271492004e-02 1.960514336824417114e-01 9.799998998641967773e-01 -3.160522282123565674e-01
5.825590491294860840e-01 -7.928562164306640625e-01 1.788950562477111816e-01 -7.754548639059066772e-02
0.000000000000000000e+00 0.000000000000000000e+00 0.000000000000000000e+00 1.000000000000000000e+00
7.762798666954040527e-01 6.260977983474731445e-01 -7.342272251844406128e-02 -1.589965447783470154e-02
-1.642349064350128174e-01 3.133173882961273193e-01 9.353387355804443359e-01 -2.908868491649627686e-01
6.086186766624450684e-01 -7.140262722969055176e-01 3.460491895675659180e-01 -1.333378702402114868e-01
0.000000000000000000e+00 0.000000000000000000e+00 0.000000000000000000e+00 1.000000000000000000e+00
9.486066102981567383e-01 2.103774696588516235e-01 2.364030182361602783e-01 -1.199854239821434021e-01
-3.043963611125946045e-01 4.023207724094390869e-01 8.634124398231506348e-01 -2.559362053871154785e-01
8.653274178504943848e-02 -8.909990787506103516e-01 4.456822276115417480e-01 -1.405028551816940308e-01
0.000000000000000000e+00 0.000000000000000000e+00 0.000000000000000000e+00 1.000000000000000000e+00
8.864877223968505859e-01 3.762681782245635986e-01 2.693738043308258057e-01 -1.212041750550270081e-01
-4.397478103637695312e-01 5.037216544151306152e-01 7.435635328292846680e-01 -2.068943977355957031e-01
1.440898478031158447e-01 -7.776161432266235352e-01 6.120058894157409668e-01 -1.947774887084960938e-01
0.000000000000000000e+00 0.000000000000000000e+00 0.000000000000000000e+00 1.000000000000000000e+00
8.091343641281127930e-01 5.057302117347717285e-01 2.992296814918518066e-01 -1.206938028335571289e-01
-5.758987665176391602e-01 5.812606811523437500e-01 5.748708844184875488e-01 -1.447626948356628418e-01
1.167991980910301208e-01 -6.374737024307250977e-01 7.615676522254943848e-01 -2.370435148477554321e-01
0.000000000000000000e+00 0.000000000000000000e+00 0.000000000000000000e+00 1.000000000000000000e+00
7.351752519607543945e-01 5.930808186531066895e-01 3.282866775989532471e-01 -1.195218861103057861e-01
-6.761364340782165527e-01 6.068788170814514160e-01 4.177768230438232422e-01 -8.963946998119354248e-02
4.854539036750793457e-02 -5.291059017181396484e-01 8.471658229827880859e-01 -2.578412294387817383e-01
0.000000000000000000e+00 0.000000000000000000e+00 0.000000000000000000e+00 1.000000000000000000e+00
6.579975485801696777e-01 7.078493237495422363e-01 2.568822205066680908e-01 -8.576396107673645020e-02
-7.521201968193054199e-01 6.011164784431457520e-01 2.701362967491149902e-01 -4.014682024717330933e-02
3.679985553026199341e-02 -3.709553480148315430e-01 9.279212951660156250e-01 -2.779423892498016357e-01
0.000000000000000000e+00 0.000000000000000000e+00 0.000000000000000000e+00 1.000000000000000000e+00
6.886262893676757812e-01 6.905052661895751953e-01 2.213511317968368530e-01 -7.608456909656524658e-02
-7.250508069992065430e-01 6.598067283630371094e-01 1.973728239536285400e-01 -1.453459262847900391e-02
-9.761865250766277313e-03 -2.964069843292236328e-01 9.550118446350097656e-01 -2.809934616088867188e-01
0.000000000000000000e+00 0.000000000000000000e+00 0.000000000000000000e+00 1.000000000000000000e+00
6.891522407531738281e-01 6.921175718307495117e-01 2.145751714706420898e-01 -7.396907359361648560e-02
-7.151471972465515137e-01 6.973584890365600586e-01 4.749522730708122253e-02 3.188247606158256531e-02
-1.167635396122932434e-01 -1.861842721700668335e-01 9.755519032478332520e-01 -2.769510746002197266e-01
0.000000000000000000e+00 0.000000000000000000e+00 0.000000000000000000e+00 1.000000000000000000e+00
6.716561913490295410e-01 7.127176523208618164e-01 2.022655904293060303e-01 -6.826623529195785522e-02
-7.232321500778198242e-01 6.899695992469787598e-01 -2.961473539471626282e-02 5.272154137492179871e-02
-1.606640368700027466e-01 -1.263940483331680298e-01 9.788829088211059570e-01 -2.728887498378753662e-01
0.000000000000000000e+00 0.000000000000000000e+00 0.000000000000000000e+00 1.000000000000000000e+00
6.605577468872070312e-01 7.297941446304321289e-01 1.762494742870330811e-01 -5.921867862343788147e-02
-7.287046313285827637e-01 6.797248721122741699e-01 -8.344832807779312134e-02 6.675013899803161621e-02
-1.807012259960174561e-01 -7.331136614084243774e-02 9.808021187782287598e-01 -2.695080041885375977e-01
0.000000000000000000e+00 0.000000000000000000e+00 0.000000000000000000e+00 1.000000000000000000e+00
5.737255215644836426e-01 7.965440750122070312e-01 1.906733810901641846e-01 -5.567696318030357361e-02
-7.617409229278564453e-01 6.044715642929077148e-01 -2.331630140542984009e-01 1.094156205654144287e-01
-3.009812533855438232e-01 -1.147220935672521591e-02 9.535610675811767578e-01 -2.548433244228363037e-01
0.000000000000000000e+00 0.000000000000000000e+00 0.000000000000000000e+00 1.000000000000000000e+00
5.682414174079895020e-01 7.985320091247558594e-01 1.986144632101058960e-01 -5.690044164657592773e-02
-6.795939207077026367e-01 5.915215611457824707e-01 -4.338827729225158691e-01 1.652924567461013794e-01
-4.639541506767272949e-01 1.115729734301567078e-01 8.788046836853027344e-01 -2.221275717020034790e-01
0.000000000000000000e+00 0.000000000000000000e+00 0.000000000000000000e+00 1.000000000000000000e+00
5.840169787406921387e-01 7.853372097015380859e-01 2.053513675928115845e-01 -6.104576960206031799e-02
-6.103954911231994629e-01 5.916366577148437500e-01 -5.266720652580261230e-01 1.896256804466247559e-01
-5.351086854934692383e-01 1.822398453950881958e-01 8.248923420906066895e-01 -2.008493691682815552e-01
0.000000000000000000e+00 0.000000000000000000e+00 0.000000000000000000e+00 1.000000000000000000e+00
6.491748094558715820e-01 7.341283559799194336e-01 1.990673989057540894e-01 -6.414282321929931641e-02
-4.957001805305480957e-01 6.068186163902282715e-01 -6.213310360908508301e-01 2.128300964832305908e-01
-5.769347548484802246e-01 3.046746850013732910e-01 7.578387260437011719e-01 -1.740171015262603760e-01
0.000000000000000000e+00 0.000000000000000000e+00 0.000000000000000000e+00 1.000000000000000000e+00
7.272156476974487305e-01 6.652703881263732910e-01 1.690343767404556274e-01 -6.147117167711257935e-02
-3.930933475494384766e-01 6.055149435997009277e-01 -6.919746994972229004e-01 2.281843572854995728e-01
