0.8961015939712524 0.443838357925415 0.003059612354263663 -0.03391878306865692 
-0.4373511672019958 0.8841373324394226 -0.1643930226564407 0.08764916658401489 
-0.07566908746957779 0.1459747105836868 0.9863901734352112 -0.2912172377109528 
0 0 0 1 

0.8325701355934143 0.5536718368530273 -0.01655792817473412 -0.02216666005551815 
-0.5463220477104187 0.8158501386642456 -0.1895270198583603 0.1020495593547821 
-0.09142708033323288 0.1668404787778854 0.98173588514328 -0.2895457446575165 
0 0 0 1 

0.7549884915351868 0.6539927124977112 -0.04780834913253784 -0.005304562859237194 
-0.6512070894241333 0.739220917224884 -0.17170150578022 0.1003086119890213 
-0.07695066928863525 0.1607657968997955 0.9839882850646973 -0.2924750149250031 
0 0 0 1 

0.696208655834198 0.7140257358551025 -0.0738949328660965 0.006703057792037725 
-0.717296838760376 0.687985897064209 -0.1102740317583084 0.08083846420049667 
-0.02789987437427044 0.1297783553600311 0.991150438785553 -0.2998385429382324 
0 0 0 1 

0.5877975821495056 0.8080398440361023 -0.03956645727157593 -0.0007493493612855673 
-0.8084675669670105 0.5849147439002991 -0.06522762030363083 0.06650536507368088 
-0.02956353686749935 0.07032883912324905 0.9970856904983521 -0.3074125945568085 
0 0 0 1 

0.5030285716056824 0.862872838973999 -0.0491178072988987 0.007269331254065037 
-0.8640100955963135 0.500671923160553 -0.05304694920778275 0.06314520537853241 
-0.02118087746202946 0.06912241876125336 0.9973832964897156 -0.3108738362789154 
0 0 0 1 

0.4014373123645782 0.914146900177002 -0.05642151087522507 0.01455420535057783 
-0.9156578183174133 0.4019511044025421 -0.002425431506708264 0.04504542052745819 
0.02046148665249348 0.05263646319508553 0.9984040856361389 -0.3153335452079773 
0 0 0 1 

0.2891575396060944 0.9548177719116211 -0.06863455474376678 0.02343845553696156 
-0.9559690952301025 0.2917709946632385 0.03150725364685059 0.0320519283413887 
0.05010925978422165 0.05650195479393005 0.9971442222595215 -0.3173975050449371 
0 0 0 1 

0.1776026040315628 0.98088538646698 -0.07950348407030106 0.03225887939333916 
-0.9816418886184692 0.1822885274887085 0.05612285062670708 0.02270686253905296 
0.06954266130924225 0.06807640939950943 0.9952534437179565 -0.3179761469364166 
0 0 0 1 

0.6531888246536255 0.7449887990951538 0.135409489274025 -0.04593892395496368 
-0.7376471757888794 0.6664403676986694 -0.1083215400576591 0.07390033453702927 
-0.1709409803152084 -0.02913003787398338 0.9848508238792419 -0.2694863080978394 
0 0 0 1 

