0.8961015939712524 0.4438382685184479 0.003059608628973365 -0.03391880542039871 
-0.4373510777950287 0.8841373324394226 -0.1643929779529572 0.08764921873807907 
-0.0756690725684166 0.1459746658802032 0.9863901734352112 -0.2912172377109528 
0 0 0 1 

0.8325701355934143 0.5536718964576721 -0.01655791513621807 -0.02216666378080845 
-0.5463220477104187 0.8158501386642456 -0.1895270198583603 0.1020496189594269 
-0.09142707288265228 0.1668404787778854 0.98173588514328 -0.2895457446575165 
0 0 0 1 

0.7549886107444763 0.6539925336837769 -0.04780832678079605 -0.005304545629769564 
-0.6512069702148438 0.7392210364341736 -0.1717014759778976 0.1003086715936661 
-0.07695063948631287 0.160765752196312 0.9839882850646973 -0.2924749851226807 
0 0 0 1 

0.6962085962295532 0.7140259146690369 -0.07389496266841888 0.006703072693198919 
-0.7172970175743103 0.6879857778549194 -0.1102740690112114 0.08083850890398026 
-0.02789989300072193 0.1297784000635147 0.991150438785553 -0.2998385727405548 
0 0 0 1 

0.5877972841262817 0.8080399632453918 -0.03956647217273712 -0.0007493372540920973 
-0.8084676861763 0.5849145650863647 -0.06522762775421143 0.06650536507368088 
-0.02956355176866055 0.07032884657382965 0.9970856904983521 -0.3074125945568085 
0 0 0 1 

0.5030285120010376 0.8628728985786438 -0.04911781474947929 0.007269332651048899 
-0.8640101552009583 0.5006718635559082 -0.05304695293307304 0.06314519792795181 
-0.02118087932467461 0.06912241876125336 0.9973832964897156 -0.3108738362789154 
0 0 0 1 

0.4014370739459991 0.9141469597816467 -0.05642152205109596 0.01455422677099705 
-0.9156579375267029 0.401950865983963 -0.002425422426313162 0.04504543915390968 
0.02046148292720318 0.05263647809624672 0.9984040856361389 -0.3153335452079773 
0 0 0 1 

0.2891573011875153 0.9548179507255554 -0.06863456219434738 0.02343847043812275 
-0.9559691548347473 0.2917707860469818 0.03150727227330208 0.0320519357919693 
0.05010926350951195 0.05650197342038155 0.9971442222595215 -0.3173975348472595 
0 0 0 1 

0.1776023954153061 0.9808855056762695 -0.07950350642204285 0.03225888684391975 
-0.9816420078277588 0.1822882890701294 0.05612287670373917 0.02270685322582722 
0.06954266875982285 0.06807643920183182 0.9952534437179565 -0.317976176738739 
0 0 0 1 

0.712296724319458 0.7017266750335693 -0.01458655577152967 -0.007102101109921932 
-0.6965793371200562 0.7042176127433777 -0.1373116075992584 0.0810706615447998 
-0.08608315885066986 0.1079672873020172 0.9904204607009888 -0.2712248563766479 
0 0 0 1 

