0.327763557434082 0.9237610101699829 0.1980826258659363 -0.07856082171201706 
0.8364725708961487 -0.3812114894390106 0.3936896026134491 -0.2105605602264404 
0.4391864538192749 0.03665358200669289 -0.8976479172706604 0.2778847813606262 
0 0 0 1 

0.4239794611930847 0.8979713320732117 0.1178505122661591 -0.05810583755373955 
0.8478388786315918 -0.4392851591110229 0.2969806790351868 -0.1817946135997772 
0.3184501528739929 -0.02599544636905193 -0.9475829601287842 0.3034887909889221 
0 0 0 1 

-0.0810525193810463 0.9581269025802612 0.2746329307556152 -0.06142321601510048 
0.7239958047866821 0.2459712028503418 -0.64445960521698 0.1675378978252411 
-0.6850259304046631 0.1465979665517807 -0.7136163711547852 0.2758442461490631 
0 0 0 1 

-0.2183483988046646 0.9496946930885315 0.2245082259178162 -0.03972602263092995 
0.8038802146911621 0.3054719865322113 -0.5103561878204346 0.1236368045210838 
-0.5532635450363159 0.06904226541519165 -0.8301400542259216 0.3005541563034058 
0 0 0 1 

-0.295947790145874 0.9332942366600037 0.2034123688936234 -0.02927619405090809 
0.8509603142738342 0.3543391227722168 -0.3876985907554626 0.08471067994832993 
-0.4339138269424438 0.05835727229714394 -0.8990622758865356 0.3152424395084381 
0 0 0 1 

-0.3735067248344421 0.906236469745636 0.1980617344379425 -0.02542699314653873 
0.870531439781189 0.4161854684352875 -0.2626115083694458 0.04797512292861938 
-0.320418506860733 0.07433182746171951 -0.9443554282188416 0.3255722522735596 
0 0 0 1 

-0.4431339502334595 0.8727851510047913 0.2046413719654083 -0.02671630121767521 
0.873870849609375 0.47148197889328 -0.1185510829091072 0.00431164912879467 
-0.1999543458223343 0.1262961328029633 -0.9716311693191528 0.3321291506290436 
0 0 0 1 

-0.5058101415634155 0.8396745920181274 0.1977434754371643 -0.02472787164151669 
0.8593780994415283 0.5104073882102966 0.03087905235588551 -0.04241182282567024 
-0.07500136643648148 0.1855553537607193 -0.9797672629356384 0.333589106798172 
0 0 0 1 

-0.5754953622817993 0.7839395403862 0.2329018712043762 -0.03584345802664757 
0.8177562952041626 0.5485353469848633 0.1743083596229553 -0.08570223301649094 
0.008892331272363663 0.2907707095146179 -0.9567511081695557 0.3274214565753937 
0 0 0 1 

-0.5917842984199524 0.7832047939300537 0.1907393634319305 -0.02179594710469246 
0.7989914417266846 0.5385642051696777 0.2675093114376068 -0.1134347692131996 
0.106789194047451 0.3107069432735443 -0.9444876909255981 0.3208885788917542 
0 0 0 1 

