0.3277636766433716 0.9237608909606934 0.1980824917554855 -0.07856086641550064 
0.8364723920822144 -0.3812113404273987 0.3936897218227386 -0.2105604559183121 
0.4391865432262421 0.03665338456630707 -0.8976476788520813 0.2778848111629486 
0 0 0 1 

0.4239793717861176 0.8979713916778564 0.1178504228591919 -0.05810584872961044 
0.8478389382362366 -0.4392850995063782 0.2969807684421539 -0.1817946285009384 
0.3184502422809601 -0.02599554508924484 -0.9475829601287842 0.3034888207912445 
0 0 0 1 

-0.08105257898569107 0.9581268429756165 0.2746328115463257 -0.06142319738864899 
0.7239958643913269 0.2459711879491806 -0.6444594860076904 0.1675378978252411 
-0.6850257515907288 0.1465978771448135 -0.7136164307594299 0.2758443057537079 
0 0 0 1 

-0.2183482050895691 0.9496946930885315 0.2245082557201385 -0.03972604870796204 
0.8038801550865173 0.3054720163345337 -0.5103562474250793 0.1236368045210838 
-0.5532636642456055 0.06904233992099762 -0.8301399946212769 0.3005541861057281 
0 0 0 1 

-0.2959475219249725 0.9332941174507141 0.2034125775098801 -0.02927618473768234 
0.8509601354598999 0.3543391823768616 -0.3876987099647522 0.08471070230007172 
-0.4339140355587006 0.05835745483636856 -0.8990619778633118 0.3152424693107605 
0 0 0 1 

-0.3735062777996063 0.9062362909317017 0.1980618983507156 -0.02542702481150627 
0.8705312013626099 0.4161855578422546 -0.262611597776413 0.04797517508268356 
-0.3204187154769897 0.07433195412158966 -0.9443549513816833 0.3255722224712372 
0 0 0 1 

-0.4431340992450714 0.872785210609436 0.2046414911746979 -0.02671626023948193 
0.8738709092140198 0.47148197889328 -0.118551142513752 0.004311646800488234 
-0.1999544650316238 0.126296192407608 -0.9716312885284424 0.3321291506290436 
0 0 0 1 

-0.5058103799819946 0.8396746516227722 0.1977434456348419 -0.02472789771854877 
0.8593781590461731 0.5104073882102966 0.03087907657027245 -0.04241182282567024 
-0.07500133663415909 0.1855553388595581 -0.979767382144928 0.3335891366004944 
0 0 0 1 

-0.5754955410957336 0.7839395403862 0.232901930809021 -0.0358433723449707 
0.8177563548088074 0.5485353469848633 0.1743083447217941 -0.08570227771997452 
0.008892287500202656 0.2907707691192627 -0.9567512273788452 0.3274215161800385 
0 0 0 1 

-0.6011180877685547 0.7748144268989563 0.1957554668188095 -0.02345234341919422 
0.7919676899909973 0.5447694659233093 0.2757063806056976 -0.1169543042778969 
0.1069797277450562 0.3207640051841736 -0.9410982728004456 0.3198401033878326 
0 0 0 1 

