1.000000000000000000e+00 0.000000000000000000e+00 0.000000000000000000e+00 -3.619798645377159119e-02
0.000000000000000000e+00 1.000000000000000000e+00 0.000000000000000000e+00 -1.327119767665863037e-03
0.000000000000000000e+00 0.000000000000000000e+00 1.000000000000000000e+00 -2.960163652896881104e-01
0.000000000000000000e+00 0.000000000000000000e+00 0.000000000000000000e+00 1.000000000000000000e+00
9.898009896278381348e-01 1.407683193683624268e-01 2.186526544392108917e-02 -4.589153453707695007e-02
-1.393598169088363647e-01 9.886406660079956055e-01 -5.628751218318939209e-02 2.838445641100406647e-02
-2.954043075442314148e-02 5.266628041863441467e-02 9.981752038002014160e-01 -2.964296638965606689e-01
0.000000000000000000e+00 0.000000000000000000e+00 0.000000000000000000e+00 1.000000000000000000e+00
9.699444174766540527e-01 2.372004985809326172e-01 5.425250902771949768e-02 -5.589241534471511841e-02
-2.307987213134765625e-01 9.674677252769470215e-01 -1.036242991685867310e-01 5.360785871744155884e-02
-7.706733793020248413e-02 8.798839151859283447e-02 9.931355118751525879e-01 -2.934887111186981201e-01
0.000000000000000000e+00 0.000000000000000000e+00 0.000000000000000000e+00 1.000000000000000000e+00
9.367225766181945801e-01 3.426874876022338867e-01 7.152251899242401123e-02 -6.022049859166145325e-02
-3.305751085281372070e-01 9.331262707710266113e-01 -1.414038240909576416e-01 7.415403425693511963e-02
-1.151969805359840393e-01 1.088125705718994141e-01 9.873649477958679199e-01 -2.895757257938385010e-01
0.000000000000000000e+00 0.000000000000000000e+00 0.000000000000000000e+00 1.000000000000000000e+00
8.936301469802856445e-01 4.480040669441223145e-01 2.678470127284526825e-02 -4.098652675747871399e-02
-4.379432201385498047e-01 8.835005164146423340e-01 -1.662297695875167847e-01 8.831597119569778442e-02
-9.813595563173294067e-02 1.368177682161331177e-01 9.857233166694641113e-01 -2.899239659309387207e-01
0.000000000000000000e+00 0.000000000000000000e+00 0.000000000000000000e+00 1.000000000000000000e+00
8.241309523582458496e-01 5.660403966903686523e-01 2.016430906951427460e-02 -3.271936625242233276e-02
-5.521135330200195312e-01 8.107805252075195312e-01 -1.944364160299301147e-01 1.037032678723335266e-01
-1.264077723026275635e-01 1.491080075502395630e-01 9.807078242301940918e-01 -2.877893149852752686e-01
0.000000000000000000e+00 0.000000000000000000e+00 0.000000000000000000e+00 1.000000000000000000e+00
7.480893731117248535e-01 6.632129549980163574e-01 -2.260089479386806488e-02 -1.302847266197204590e-02
-6.564112305641174316e-01 7.345594763755798340e-01 -1.718907356262207031e-01 1.006458997726440430e-01
-9.739844501018524170e-02 1.434250324964523315e-01 9.848567247390747070e-01 -2.920425236225128174e-01
0.000000000000000000e+00 0.000000000000000000e+00 0.000000000000000000e+00 1.000000000000000000e+00
6.904173493385314941e-01 7.212925553321838379e-01 -5.532678589224815369e-02 8.446249412372708321e-04
-7.219548821449279785e-01 6.821580529212951660e-01 -1.159372702240943909e-01 8.246279507875442505e-02
-4.588311538100242615e-02 1.199885681271553040e-01 9.917145371437072754e-01 -2.993292808532714844e-01
0.000000000000000000e+00 0.000000000000000000e+00 0.000000000000000000e+00 1.000000000000000000e+00
5.879657864570617676e-01 8.086000084877014160e-01 -2.149736322462558746e-02 -6.315764039754867554e-03
-8.074427247047424316e-01 5.851227641105651855e-01 -7.528541982173919678e-02 6.974705308675765991e-02
-4.829717800021171570e-02 6.162312999367713928e-02 9.969301819801330566e-01 -3.066996037960052490e-01
0.000000000000000000e+00 0.000000000000000000e+00 0.000000000000000000e+00 1.000000000000000000e+00
4.963222146034240723e-01 8.677532076835632324e-01 -2.584755048155784607e-02 4.016140155727043748e-05
-8.673884868621826172e-01 4.944366812705993652e-01 -5.629623681306838989e-02 6.445766240358352661e-02
-3.607129678130149841e-02 5.036092549562454224e-02 9.980800151824951172e-01 -3.106607794761657715e-01
0.000000000000000000e+00 0.000000000000000000e+00 0.000000000000000000e+00 1.000000000000000000e+00
4.053657650947570801e-01 9.135986566543579102e-01 -3.188453614711761475e-02 6.192808970808982849e-03
-9.141375422477722168e-01 4.053229987621307373e-01 -8.083154447376728058e-03 4.639939591288566589e-02
5.538775585591793060e-03 3.242349997162818909e-02 9.994588494300842285e-01 -3.151372373104095459e-01
0.000000000000000000e+00 0.000000000000000000e+00 0.000000000000000000e+00 1.000000000000000000e+00
2.868689894676208496e-01 9.569224119186401367e-01 -4.478009045124053955e-02 1.589827239513397217e-02
-9.570959210395812988e-01 2.882901430130004883e-01 2.925667352974414825e-02 3.252545371651649475e-02
4.090603068470954895e-02 3.446602448821067810e-02 9.985684752464294434e-01 -3.176791369915008545e-01
0.000000000000000000e+00 0.000000000000000000e+00 0.000000000000000000e+00 1.000000000000000000e+00
1.805758327245712280e-01 9.813562631607055664e-01 -6.582316756248474121e-02 2.722558937966823578e-02
-9.814138412475585938e-01 1.841973811388015747e-01 5.383584275841712952e-02 2.348901703953742981e-02
6.495655328035354614e-02 5.487830191850662231e-02 9.963779449462890625e-01 -3.180277347564697266e-01
0.000000000000000000e+00 0.000000000000000000e+00 0.000000000000000000e+00 1.000000000000000000e+00
1.022335588932037354e-01 9.919840097427368164e-01 -7.427104562520980835e-02 3.318305313587188721e-02
-9.902945756912231445e-01 1.085572838783264160e-01 8.678576350212097168e-02 1.065381243824958801e-02
9.415274858474731445e-02 6.467778235673904419e-02 9.934545159339904785e-01 -3.177066147327423096e-01
0.000000000000000000e+00 0.000000000000000000e+00 0.000000000000000000e+00 1.000000000000000000e+00
1.485759578645229340e-02 9.974104166030883789e-01 -7.036890089511871338e-02 3.698351234197616577e-02
-9.974631667137145996e-01 1.968488842248916626e-02 6.841139495372772217e-02 1.914504170417785645e-02
6.961946189403533936e-02 6.917392462491989136e-02 9.951724410057067871e-01 -3.123213350772857666e-01
0.000000000000000000e+00 0.000000000000000000e+00 0.000000000000000000e+00 1.000000000000000000e+00
-8.890873193740844727e-02 9.118677973747253418e-01 -4.007391929626464844e-01 1.525168567895889282e-01
-9.906165599822998047e-01 -3.902540355920791626e-02 1.309795528650283813e-01 -1.826458028517663479e-03
1.037969142198562622e-01 4.086242616176605225e-01 9.067810773849487305e-01 -2.780046463012695312e-01
0.000000000000000000e+00 0.000000000000000000e+00 0.000000000000000000e+00 1.000000000000000000e+00
-1.619266420602798462e-01 8.866061568260192871e-01 -4.332537651062011719e-01 1.648254245519638062e-01
-9.770417213439941406e-01 -8.244636654853820801e-02 1.964474022388458252e-01 -2.478386647999286652e-02
1.384513527154922485e-01 4.551169276237487793e-01 8.796018362045288086e-01 -2.701708376407623291e-01
0.000000000000000000e+00 0.000000000000000000e+00 0.000000000000000000e+00 1.000000000000000000e+00
-1.344423294067382812e-01 8.292059302330017090e-01 -5.425336360931396484e-01 1.934335231781005859e-01
-9.908823370933532715e-01 -1.173725351691246033e-01 6.615351885557174683e-02 1.746211200952529907e-02
-8.823650889098644257e-03 5.464806556701660156e-01 8.374249935150146484e-01 -2.490319311618804932e-01
0.000000000000000000e+00 0.000000000000000000e+00 0.000000000000000000e+00 1.000000000000000000e+00
-8.226984739303588867e-02 7.516940832138061523e-01 -6.543603539466857910e-01 2.183276116847991943e-01
-9.946246147155761719e-01 -2.050714939832687378e-02 1.014922782778739929e-01 9.532939642667770386e-03
6.287209689617156982e-02 6.591929793357849121e-01 7.493407130241394043e-01 -2.308120876550674438e-01
0.000000000000000000e+00 0.000000000000000000e+00 0.000000000000000000e+00 1.000000000000000000e+00
-5.396697670221328735e-02 5.824273228645324707e-01 -8.110894560813903809e-01 2.641573846340179443e-01
-9.853038787841796875e-01 1.007706522941589355e-01 1.379198879003524780e-01 -1.857189810834825039e-03
1.620624363422393799e-01 8.066126704216003418e-01 5.684295892715454102e-01 -1.739308238029479980e-01
0.000000000000000000e+00 0.000000000000000000e+00 0.000000000000000000e+00 1.000000000000000000e+00
-1.226896792650222778e-01 4.382661283016204834e-01 -8.904326558113098145e-01 2.877823412418365479e-01
-9.851368665695190430e-01 5.490240827202796936e-02 1.627614200115203857e-01 -1.375435851514339447e-02
1.202195584774017334e-01 8.971668481826782227e-01 4.250160455703735352e-01 -1.237887516617774963e-01
0.000000000000000000e+00 0.000000000000000000e+00 0.000000000000000000e+00 1.000000000000000000e+00
-1.917758136987686157e-01 3.382928967475891113e-01 -9.212924242019653320e-01 2.988907098770141602e-01
-9.745640158653259277e-01 4.526920989155769348e-02 2.194874137639999390e-01 -3.160595521330833435e-02
1.159572154283523560e-01 9.399510025978088379e-01 3.210067749023437500e-01 -9.121386706829071045e-02
0.000000000000000000e+00 0.000000000000000000e+00 0.000000000000000000e+00 1.000000000000000000e+00
-2.728240787982940674e-01 2.193697541952133179e-01 -9.367198348045349121e-01 3.072220683097839355e-01
-9.592391848564147949e-01 1.252586022019386292e-02 2.823163866996765137e-01 -5.280961096286773682e-02
7.366484403610229492e-02 9.755615592002868652e-01 2.070109099149703979e-01 -5.278114974498748779e-02
0.000000000000000000e+00 0.000000000000000000e+00 0.000000000000000000e+00 1.000000000000000000e+00
-1.891044676303863525e-01 -8.147163391113281250e-01 -5.481580495834350586e-01 1.788862943649291992e-01
-9.478721618652343750e-01 5.650639999657869339e-03 3.186004161834716797e-01 -6.252553313970565796e-02
-2.564713954925537109e-01 5.798330307006835938e-01 -7.733151316642761230e-01 2.722833156585693359e-01
0.000000000000000000e+00 0.000000000000000000e+00 0.000000000000000000e+00 1.000000000000000000e+00
-1.638664901256561279e-01 -8.816769719123840332e-01 -4.424866735935211182e-01 1.425284296274185181e-01
-9.685037136077880859e-01 5.854175984859466553e-02 2.420191317796707153e-01 -3.860806301236152649e-02
-1.874787360429763794e-01 4.682089984416961670e-01 -8.635000586509704590e-01 2.965744435787200928e-01
0.000000000000000000e+00 0.000000000000000000e+00 0.000000000000000000e+00 1.000000000000000000e+00
-8.819889277219772339e-02 -8.547695279121398926e-01 -5.114579796791076660e-01 1.579237729310989380e-01
-9.896314144134521484e-01 1.676134020090103149e-02 1.426469683647155762e-01 -4.389213398098945618e-03
-1.133576706051826477e-01 5.187362432479858398e-01 -8.473851680755615234e-01 2.870209217071533203e-01
0.000000000000000000e+00 0.000000000000000000e+00 0.000000000000000000e+00 1.000000000000000000e+00
2.410180866718292236e-02 -8.587776422500610352e-01 -5.117803215980529785e-01 1.484452933073043823e-01
-9.991186857223510742e-01 -3.828694298863410950e-02 1.719429530203342438e-02 3.839704021811485291e-02
-3.436068445444107056e-02 5.109151601791381836e-01 -8.589441180229187012e-01 2.851219475269317627e-01
0.000000000000000000e+00 0.000000000000000000e+00 0.000000000000000000e+00 1.000000000000000000e+00
5.339310690760612488e-02 -8.591913580894470215e-01 -5.088604092597961426e-01 1.446282267570495605e-01
-9.945936799049377441e-01 -3.075163695029914379e-04 -1.038403287529945374e-01 7.712925970554351807e-02
8.906227350234985352e-02 5.116537809371948242e-01 -8.545627593994140625e-01 2.754621803760528564e-01
0.000000000000000000e+00 0.000000000000000000e+00 0.000000000000000000e+00 1.000000000000000000e+00
2.546091936528682709e-02 -8.676022887229919434e-01 -4.966068565845489502e-01 1.447453051805496216e-01
-9.828008413314819336e-01 6.916532665491104126e-02 -1.712241023778915405e-01 9.008853137493133545e-02
1.829026043415069580e-01 4.924247860908508301e-01 -8.509197235107421875e-01 2.707867026329040527e-01
0.000000000000000000e+00 0.000000000000000000e+00 0.000000000000000000e+00 1.000000000000000000e+00
-3.867372125387191772e-02 -8.726004362106323242e-01 -4.868997633457183838e-01 1.490092277526855469e-01
-9.951145052909851074e-01 7.792640477418899536e-02 -6.061536073684692383e-02 5.450640246272087097e-02
9.083537757396697998e-02 4.821775257587432861e-01 -8.713520169258117676e-01 2.924243807792663574e-01
0.000000000000000000e+00 0.000000000000000000e+00 0.000000000000000000e+00 1.000000000000000000e+00
-4.443141072988510132e-02 -8.780689835548400879e-01 -4.764668047428131104e-01 1.441201716661453247e-01
-9.925640821456909180e-01 -1.530083082616329193e-02 1.207558140158653259e-01 -2.825244097039103508e-03
-1.133223250508308411e-01 4.782893061637878418e-01 -8.708603382110595703e-01 3.101077377796173096e-01
0.000000000000000000e+00 0.000000000000000000e+00 0.000000000000000000e+00 1.000000000000000000e+00
1.328432261943817139e-01 -8.599349856376647949e-01 -4.928127527236938477e-01 1.357800662517547607e-01
-9.852574467658996582e-01 -1.686527431011199951e-01 2.870394103229045868e-02 2.622712776064872742e-02
-1.077978387475013733e-01 4.817342460155487061e-01 -8.696621060371398926e-01 3.114844560623168945e-01
0.000000000000000000e+00 0.000000000000000000e+00 0.000000000000000000e+00 1.000000000000000000e+00
2.344539612531661987e-01 -8.055191636085510254e-01 -5.442149639129638672e-01 1.376949548721313477e-01
-9.435582160949707031e-01 -3.232829272747039795e-01 7.201156765222549438e-02 1.083945948630571365e-02
-2.339422702789306641e-01 4.966153204441070557e-01 -8.358492255210876465e-01 3.061568439006805420e-01
0.000000000000000000e+00 0.000000000000000000e+00 0.000000000000000000e+00 1.000000000000000000e+00
3.399495482444763184e-01 -7.443554401397705078e-01 -5.747777223587036133e-01 1.324280798435211182e-01
-9.097737073898315430e-01 -4.151035249233245850e-01 -5.085422308184206486e-04 3.252972289919853210e-02
-2.382138222455978394e-01 5.230903625488281250e-01 -8.183093070983886719e-01 2.947303354740142822e-01
0.000000000000000000e+00 0.000000000000000000e+00 0.000000000000000000e+00 1.000000000000000000e+00
3.635060191154479980e-01 -7.326318025588989258e-01 -5.754252672195434570e-01 1.303550750017166138e-01
-9.191278219223022461e-01 -3.827487826347351074e-01 -9.331274777650833130e-02 6.313325464725494385e-02
-1.518794596195220947e-01 5.628089308738708496e-01 -8.125136494636535645e-01 2.848478257656097412e-01
0.000000000000000000e+00 0.000000000000000000e+00 0.000000000000000000e+00 1.000000000000000000e+00
3.710909187793731689e-01 -7.182663083076477051e-01 -5.885447859764099121e-01 1.343944072723388672e-01
-9.251801371574401855e-01 -3.402976989746093750e-01 -1.680440753698348999e-01 8.697964996099472046e-02
-7.958013564348220825e-02 6.068696975708007812e-01 -7.908072471618652344e-01 2.720035016536712646e-01
0.000000000000000000e+00 0.000000000000000000e+00 0.000000000000000000e+00 1.000000000000000000e+00
5.376144647598266602e-01 -6.105362772941589355e-01 -5.815625190734863281e-01 1.266647428274154663e-01
-8.396074175834655762e-01 -4.511396288871765137e-01 -3.025427460670471191e-01 1.233688965439796448e-01
-7.765277475118637085e-02 6.509358882904052734e-01 -7.551503181457519531e-01 2.597618997097015381e-01
0.000000000000000000e+00 0.000000000000000000e+00 0.000000000000000000e+00 1.000000000000000000e+00
6.805257201194763184e-01 -4.177437722682952881e-01 -6.019759178161621094e-01 1.286963373422622681e-01
-7.106233239173889160e-01 -5.765384435653686523e-01 -4.032587409019470215e-01 1.518578678369522095e-01
-1.786035299301147461e-01 7.022059559822082520e-01 -6.892076134681701660e-01 2.541579306125640869e-01
0.000000000000000000e+00 0.000000000000000000e+00 0.000000000000000000e+00 1.000000000000000000e+00
7.078183293342590332e-01 -3.410630524158477783e-01 -6.186024546623229980e-01 1.301688253879547119e-01
-6.479574441909790039e-01 -6.622392535209655762e-01 -3.762847483158111572e-01 1.424048990011215210e-01
-2.813260853290557861e-01 6.671695113182067871e-01 -6.897391676902770996e-01 2.645153701305389404e-01
0.000000000000000000e+00 0.000000000000000000e+00 0.000000000000000000e+00 1.000000000000000000e+00
7.516867518424987793e-01 -2.558346986770629883e-01 -6.078779697418212891e-01 1.316165030002593994e-01
-5.715128779411315918e-01 -7.126735448837280273e-01 -4.067789316177368164e-01 1.443011313676834106e-01
-3.291504979133605957e-01 6.531806588172912598e-01 -6.819199323654174805e-01 2.617079317569732666e-01
0.000000000000000000e+00 0.000000000000000000e+00 0.000000000000000000e+00 1.000000000000000000e+00
7.480539083480834961e-01 -2.538060545921325684e-01 -6.131862401962280273e-01 1.399529725313186646e-01
-5.410987138748168945e-01 -7.682165503501892090e-01 -3.421355187892913818e-01 1.162395924329757690e-01
-3.842234611511230469e-01 5.877299308776855469e-01 -7.120010852813720703e-01 2.744799852371215820e-01
0.000000000000000000e+00 0.000000000000000000e+00 0.000000000000000000e+00 1.000000000000000000e+00
7.387115359306335449e-01 -3.502624630928039551e-01 -5.758654475212097168e-01 1.362012624740600586e-01
-5.821715593338012695e-01 -7.621338367462158203e-01 -2.832441926002502441e-01 9.337276220321655273e-02
-3.396767973899841309e-01 5.444890856742858887e-01 -7.669101357460021973e-01 2.889669239521026611e-01
0.000000000000000000e+00 0.000000000000000000e+00 0.000000000000000000e+00 1.000000000000000000e+00
8.127780556678771973e-01 -1.893336623907089233e-01 -5.509489774703979492e-01 1.324755549430847168e-01
-5.292757153511047363e-01 -6.351561546325683594e-01 -5.625335574150085449e-01 1.827190518379211426e-01
-2.434321492910385132e-01 7.488186359405517578e-01 -6.164506077766418457e-01 2.469958513975143433e-01
0.000000000000000000e+00 0.000000000000000000e+00 0.000000000000000000e+00 1.000000000000000000e+00
8.510606884956359863e-01 -1.116286739706993103e-01 -5.130637288093566895e-01 1.194291114807128906e-01
-4.747840166091918945e-01 -5.808793902397155762e-01 -6.611793041229248047e-01 2.145512253046035767e-01
-2.242219448089599609e-01 8.062983751296997070e-01 -5.473634600639343262e-01 2.233012020587921143e-01
0.000000000000000000e+00 0.000000000000000000e+00 0.000000000000000000e+00 1.000000000000000000e+00
8.805647492408752441e-01 -4.542969912290573120e-02 -4.717434346675872803e-01 1.048891022801399231e-01
-4.258414804935455322e-01 -5.127142667770385742e-01 -7.455081343650817871e-01 2.425272464752197266e-01
-2.080015540122985840e-01 8.573561310768127441e-01 -4.708244204521179199e-01 1.977105289697647095e-01
0.000000000000000000e+00 0.000000000000000000e+00 0.000000000000000000e+00 1.000000000000000000e+00
8.938969373703002930e-01 9.473911672830581665e-02 -4.381468296051025391e-01 9.498731046915054321e-02
-3.624154031276702881e-01 -4.225063920021057129e-01 -8.307484984397888184e-01 2.707509994506835938e-01
-2.638242244720458984e-01 9.013946056365966797e-01 -3.433423340320587158e-01 1.582062393426895142e-01
0.000000000000000000e+00 0.000000000000000000e+00 0.000000000000000000e+00 1.000000000000000000e+00
9.551379680633544922e-01 -2.356337904930114746e-01 -1.794103682041168213e-01 3.721225541085004807e-03
-2.485621273517608643e-01 -3.084317743778228760e-01 -9.181974530220031738e-01 2.938303351402282715e-01
1.610225290060043335e-01 9.215997457504272461e-01 -3.531646430492401123e-01 1.356710493564605713e-01
0.000000000000000000e+00 0.000000000000000000e+00 0.000000000000000000e+00 1.000000000000000000e+00
9.798581600189208984e-01 -1.068700551986694336e-01 -1.686914712190628052e-01 1.009628293104469776e-03
-1.892993450164794922e-01 -2.280882596969604492e-01 -9.550611376762390137e-01 3.031168282032012939e-01
6.359090656042098999e-02 9.677576422691345215e-01 -2.437245249748229980e-01 1.034889072179794312e-01
0.000000000000000000e+00 0.000000000000000000e+00 0.000000000000000000e+00 1.000000000000000000e+00
9.755086898803710938e-01 -1.825014501810073853e-01 -1.227842718362808228e-01 -1.453389599919319153e-02
-1.449841111898422241e-01 -1.137042567133903503e-01 -9.828789830207824707e-01 3.096436560153961182e-01
1.654157340526580811e-01 9.766088128089904785e-01 -1.373792290687561035e-01 6.151132658123970032e-02
0.000000000000000000e+00 0.000000000000000000e+00 0.000000000000000000e+00 1.000000000000000000e+00
9.574943184852600098e-01 -2.644264698028564453e-01 -1.152531653642654419e-01 -1.834651641547679901e-02
-1.355438232421875000e-01 -5.975499749183654785e-02 -9.889677762985229492e-01 3.099197745323181152e-01
2.546223104000091553e-01 9.625531435012817383e-01 -9.305648505687713623e-02 4.041211679577827454e-02
0.000000000000000000e+00 0.000000000000000000e+00 0.000000000000000000e+00 1.000000000000000000e+00
9.945604801177978516e-01 3.609095141291618347e-02 -9.771016240119934082e-02 -2.191748656332492828e-02
-9.869731962680816650e-02 2.666180022060871124e-02 -9.947601556777954102e-01 3.087030351161956787e-01
-3.329675272107124329e-02 9.989926218986511230e-01 3.007881715893745422e-02 1.261889096349477768e-02
0.000000000000000000e+00 0.000000000000000000e+00 0.000000000000000000e+00 1.000000000000000000e+00
9.973946809768676758e-01 2.782745286822319031e-02 -6.655561923980712891e-02 -3.232515230774879456e-02
-6.952104717493057251e-02 1.244944185018539429e-01 -9.897817969322204590e-01 3.033418655395507812e-01
-1.925730518996715546e-02 9.918300509452819824e-01 1.261045485734939575e-01 -2.287088334560394287e-02
0.000000000000000000e+00 0.000000000000000000e+00 0.000000000000000000e+00 1.000000000000000000e+00
9.814800620079040527e-01 1.166022196412086487e-01 -1.519894003868103027e-01 -6.833768449723720551e-03
-1.698430031538009644e-01 1.627068519592285156e-01 -9.719464778900146484e-01 3.055584132671356201e-01
-8.860140293836593628e-02 9.797604084014892578e-01 1.794975847005844116e-01 -2.535237558186054230e-02
0.000000000000000000e+00 0.000000000000000000e+00 0.000000000000000000e+00 1.000000000000000000e+00
7.952135205268859863e-01 5.948532819747924805e-01 -1.174093633890151978e-01 1.641824608668684959e-03
-2.696443200111389160e-01 1.735130101442337036e-01 -9.471986293792724609e-01 3.077127337455749512e-01
-5.430723428726196289e-01 7.848837375640869141e-01 2.983786761760711670e-01 -3.612535074353218079e-02
0.000000000000000000e+00 0.000000000000000000e+00 0.000000000000000000e+00 1.000000000000000000e+00
5.430080890655517578e-01 8.397195339202880859e-01 3.753927769139409065e-03 -1.016449369490146637e-02
-3.653068542480468750e-01 2.402477860450744629e-01 -8.993506431579589844e-01 3.073631227016448975e-01
-7.561038732528686523e-01 4.869834184646606445e-01 4.372118413448333740e-01 -6.983289122581481934e-02
0.000000000000000000e+00 0.000000000000000000e+00 0.000000000000000000e+00 1.000000000000000000e+00
5.530484318733215332e-01 8.303321599960327148e-01 6.845281273126602173e-02 -3.196322917938232422e-02
-3.958760797977447510e-01 3.341899514198303223e-01 -8.553349971771240234e-01 2.998834848403930664e-01
-7.330886721611022949e-01 4.459434151649475098e-01 5.135319232940673828e-01 -9.702012687921524048e-02
0.000000000000000000e+00 0.000000000000000000e+00 0.000000000000000000e+00 1.000000000000000000e+00
8.848134875297546387e-01 1.966506540775299072e-01 -4.224142432212829590e-01 8.573050051927566528e-02
-4.654184281826019287e-01 4.161188006401062012e-01 -7.811725735664367676e-01 2.868024110794067383e-01
2.215629629790782928e-02 8.877912163734436035e-01 4.597122967243194580e-01 -1.147233173251152039e-01
0.000000000000000000e+00 0.000000000000000000e+00 0.000000000000000000e+00 1.000000000000000000e+00
8.737586736679077148e-01 1.749846041202545166e-01 -4.537916481494903564e-01 9.629720449447631836e-02
-4.761089980602264404e-01 4.982941150665283203e-01 -7.245843410491943359e-01 2.699005603790283203e-01
9.933047741651535034e-02 8.491661548614501953e-01 5.187005996704101562e-01 -1.408759951591491699e-01
0.000000000000000000e+00 0.000000000000000000e+00 0.000000000000000000e+00 1.000000000000000000e+00
8.618967533111572266e-01 1.598765850067138672e-01 -4.812201559543609619e-01 1.055286079645156860e-01
-4.760521054267883301e-01 5.819990634918212891e-01 -6.592812538146972656e-01 2.520177364349365234e-01
1.746660619974136353e-01 7.973181605339050293e-01 5.777324438095092773e-01 -1.623944342136383057e-01
0.000000000000000000e+00 0.000000000000000000e+00 0.000000000000000000e+00 1.000000000000000000e+00
8.488184213638305664e-01 1.177913621068000793e-01 -5.153954029083251953e-01 1.135735958814620972e-01
-4.470891356468200684e-01 6.802308559417724609e-01 -5.808587074279785156e-01 2.283241003751754761e-01
2.821676731109619141e-01 7.234714627265930176e-01 6.300556063652038574e-01 -1.849294900894165039e-01
0.000000000000000000e+00 0.000000000000000000e+00 0.000000000000000000e+00 1.000000000000000000e+00
8.373296260833740234e-01 1.311125606298446655e-01 -5.307434797286987305e-01 1.198111549019813538e-01
-4.429884850978851318e-01 7.316336035728454590e-01 -5.181426405906677246e-01 2.097711265087127686e-01
3.203748166561126709e-01 6.689698100090026855e-01 6.707005500793457031e-01 -2.018514871597290039e-01
0.000000000000000000e+00 0.000000000000000000e+00 0.000000000000000000e+00 1.000000000000000000e+00
8.082153201103210449e-01 1.658894717693328857e-01 -5.650376677513122559e-01 1.340350955724716187e-01
-4.511044621467590332e-01 7.911785840988159180e-01 -4.129655659198760986e-01 1.787534654140472412e-01
3.785391747951507568e-01 5.886569023132324219e-01 7.142766714096069336e-01 -2.211855351924896240e-01
0.000000000000000000e+00 0.000000000000000000e+00 0.000000000000000000e+00 1.000000000000000000e+00
7.798204421997070312e-01 2.261430472135543823e-01 -5.837288498878479004e-01 1.441521793603897095e-01
-4.608603119850158691e-01 8.384600877761840820e-01 -2.908480465412139893e-01 1.423412710428237915e-01
4.236597418785095215e-01 4.958264529705047607e-01 7.580683231353759766e-01 -2.406384646892547607e-01
0.000000000000000000e+00 0.000000000000000000e+00 0.000000000000000000e+00 1.000000000000000000e+00
7.550935149192810059e-01 2.891927957534790039e-01 -5.883883833885192871e-01 1.494325995445251465e-01
-4.642496407032012939e-01 8.695477843284606934e-01 -1.684005260467529297e-01 1.049150228500366211e-01
4.629317522048950195e-01 4.003175199031829834e-01 7.908478379249572754e-01 -2.562921643257141113e-01
0.000000000000000000e+00 0.000000000000000000e+00 0.000000000000000000e+00 1.000000000000000000e+00
7.335235476493835449e-01 3.624364733695983887e-01 -5.749631524085998535e-01 1.481742858886718750e-01
-4.415936172008514404e-01 8.972122669219970703e-01 2.197258640080690384e-03 5.150944739580154419e-02
5.166601538658142090e-01 2.522881925106048584e-01 8.181760907173156738e-01 -2.709413468837738037e-01
0.000000000000000000e+00 0.000000000000000000e+00 0.000000000000000000e+00 1.000000000000000000e+00
7.261110544204711914e-01 4.007241129875183105e-01 -5.587335824966430664e-01 1.422529369592666626e-01
-3.761182725429534912e-01 9.117417931556701660e-01 1.651112884283065796e-01 -5.413783714175224304e-03
5.755850672721862793e-01 9.026099741458892822e-02 8.127453923225402832e-01 -2.702799439430236816e-01
0.000000000000000000e+00 0.000000000000000000e+00 0.000000000000000000e+00 1.000000000000000000e+00
7.216860651969909668e-01 4.200538396835327148e-01 -5.502042770385742188e-01 1.383719742298126221e-01
-3.006196916103363037e-01 9.061592817306518555e-01 2.974942028522491455e-01 -5.275632068514823914e-02
6.235359907150268555e-01 -4.929513111710548401e-02 7.802386283874511719e-01 -2.629365026950836182e-01
0.000000000000000000e+00 0.000000000000000000e+00 0.000000000000000000e+00 1.000000000000000000e+00
7.139140367507934570e-01 4.471773207187652588e-01 -5.388497710227966309e-01 1.344110220670700073e-01
-2.418390065431594849e-01 8.796359896659851074e-01 4.095777869224548340e-01 -9.159605950117111206e-02
6.571459770202636719e-01 -1.620884537696838379e-01 7.361295819282531738e-01 -2.506409585475921631e-01
0.000000000000000000e+00 0.000000000000000000e+00 0.000000000000000000e+00 1.000000000000000000e+00
7.068184018135070801e-01 4.702032208442687988e-01 -5.285040140151977539e-01 1.312398314476013184e-01
-1.613466292619705200e-01 8.345791697502136230e-01 5.267301797866821289e-01 -1.348522603511810303e-01
6.887488961219787598e-01 -2.870299816131591797e-01 6.657617688179016113e-01 -2.304581999778747559e-01
0.000000000000000000e+00 0.000000000000000000e+00 0.000000000000000000e+00 1.000000000000000000e+00
6.953082680702209473e-01 4.955874979496002197e-01 -5.205182433128356934e-01 1.292372196912765503e-01
-9.443949908018112183e-02 7.809585928916931152e-01 6.174014210700988770e-01 -1.694723218679428101e-01
7.124796509742736816e-01 -3.801268041133880615e-01 5.898102521896362305e-01 -2.080836147069931030e-01
0.000000000000000000e+00 0.000000000000000000e+00 0.000000000000000000e+00 1.000000000000000000e+00
7.022634744644165039e-01 5.099315047264099121e-01 -4.967853426933288574e-01 1.212760731577873230e-01
-3.550842404365539551e-02 7.220341563224792480e-01 6.909456253051757812e-01 -1.983323395252227783e-01
7.110309004783630371e-01 -4.675857126712799072e-01 5.251650810241699219e-01 -1.887718737125396729e-01
0.000000000000000000e+00 0.000000000000000000e+00 0.000000000000000000e+00 1.000000000000000000e+00
7.239903211593627930e-01 5.053970217704772949e-01 -4.694802165031433105e-01 1.115238443017005920e-01
1.784956455230712891e-02 6.666402220726013184e-01 7.451658844947814941e-01 -2.206193506717681885e-01
6.895790696144104004e-01 -5.478728413581848145e-01 4.736199975013732910e-01 -1.732810288667678833e-01
0.000000000000000000e+00 0.000000000000000000e+00 0.000000000000000000e+00 1.000000000000000000e+00
7.643561363220214844e-01 4.855015873908996582e-01 -4.243202805519104004e-01 9.480908513069152832e-02
6.336841732263565063e-02 5.983244776725769043e-01 7.987442612648010254e-01 -2.424076497554779053e-01
6.416730880737304688e-01 -6.374135017395019531e-01 4.265675246715545654e-01 -1.590643972158432007e-01
0.000000000000000000e+00 0.000000000000000000e+00 0.000000000000000000e+00 1.000000000000000000e+00
8.067717552185058594e-01 4.623251557350158691e-01 -3.679335117340087891e-01 7.371805608272552490e-02
1.051683574914932251e-01 5.004022121429443359e-01 8.593819737434387207e-01 -2.687734961509704590e-01
5.814284086227416992e-01 -7.320197820663452148e-01 3.550883531570434570e-01 -1.363586187362670898e-01
0.000000000000000000e+00 0.000000000000000000e+00 0.000000000000000000e+00 1.000000000000000000e+00
8.708259463310241699e-01 3.976632952690124512e-01 -2.890087962150573730e-01 4.601006209850311279e-02
1.267264634370803833e-01 3.864386379718780518e-01 9.135674834251403809e-01 -2.911312580108642578e-01
4.749764204025268555e-01 -8.321831822395324707e-01 2.861262857913970947e-01 -1.105100512504577637e-01
0.000000000000000000e+00 0.000000000000000000e+00 0.000000000000000000e+00 1.000000000000000000e+00
8.985548019409179688e-01 3.528136014938354492e-01 -2.610019147396087646e-01 3.470202535390853882e-02
1.562547981739044189e-01 2.985535860061645508e-01 9.415145516395568848e-01 -3.037649393081665039e-01
4.101021289825439453e-01 -8.867850899696350098e-01 2.131378352642059326e-01 -8.577740937471389771e-02
0.000000000000000000e+00 0.000000000000000000e+00 0.000000000000000000e+00 1.000000000000000000e+00
9.041290879249572754e-01 3.435060679912567139e-01 -2.540756165981292725e-01 3.155101835727691650e-02
1.918368041515350342e-01 2.049807757139205933e-01 9.597818851470947266e-01 -3.139654994010925293e-01
3.817714452743530273e-01 -9.165077209472656250e-01 1.194320321083068848e-01 -5.536838620901107788e-02
0.000000000000000000e+00 0.000000000000000000e+00 0.000000000000000000e+00 1.000000000000000000e+00
9.478499293327331543e-01 2.221538573503494263e-01 -2.285357564687728882e-01 1.910206861793994904e-02
2.079475969076156616e-01 1.123436987400054932e-01 9.716671109199523926e-01 -3.209995925426483154e-01
2.415343225002288818e-01 -9.685181975364685059e-01 6.028859689831733704e-02 -2.838291786611080170e-02
0.000000000000000000e+00 0.000000000000000000e+00 0.000000000000000000e+00 1.000000000000000000e+00
9.823635220527648926e-01 -4.564670100808143616e-02 -1.813251674175262451e-01 -1.979859312996268272e-03
1.825930923223495483e-01 2.530276030302047729e-02 9.828628301620483398e-01 -3.270234465599060059e-01
-4.027638211846351624e-02 -9.986370205879211426e-01 3.319131955504417419e-02 -1.016084337607026100e-03
0.000000000000000000e+00 0.000000000000000000e+00 0.000000000000000000e+00 1.000000000000000000e+00
9.700179100036621094e-01 1.812536567449569702e-01 -1.619015187025070190e-01 -7.483442779630422592e-03
1.770995557308197021e-01 -7.096256315708160400e-02 9.816313982009887695e-01 -3.309679031372070312e-01
1.664354503154754639e-01 -9.808726310729980469e-01 -1.009349822998046875e-01 3.519077599048614502e-02
0.000000000000000000e+00 0.000000000000000000e+00 0.000000000000000000e+00 1.000000000000000000e+00
9.834142923355102539e-01 2.590948157012462616e-02 -1.795109957456588745e-01 -1.050159553415142000e-04
1.812906563282012939e-01 -1.109167039394378662e-01 9.771543741226196289e-01 -3.318701684474945068e-01
5.406851880252361298e-03 -9.934915900230407715e-01 -1.137742474675178528e-01 5.454248934984207153e-02
0.000000000000000000e+00 0.000000000000000000e+00 0.000000000000000000e+00 1.000000000000000000e+00
9.828752279281616211e-01 1.286031603813171387e-01 -1.319751143455505371e-01 -1.495099253952503204e-02
1.418443173170089722e-01 -7.083386927843093872e-02 9.873512983322143555e-01 -3.329531848430633545e-01
1.176282614469528198e-01 -9.891633987426757812e-01 -8.786249160766601562e-02 3.683288395404815674e-02
0.000000000000000000e+00 0.000000000000000000e+00 0.000000000000000000e+00 1.000000000000000000e+00
9.752740263938903809e-01 2.114009559154510498e-01 -6.442217528820037842e-02 -3.448354452848434448e-02
5.360205098986625671e-02 5.652642995119094849e-02 9.969605803489685059e-01 -3.289803564548492432e-01
2.144002765417098999e-01 -9.757635593414306641e-01 4.379728063941001892e-02 -1.296003349125385284e-02
0.000000000000000000e+00 0.000000000000000000e+00 0.000000000000000000e+00 1.000000000000000000e+00
8.607485294342041016e-01 5.051264166831970215e-01 -6.291749328374862671e-02 -2.732123248279094696e-02
-4.127613827586174011e-02 1.924567371606826782e-01 9.804367423057556152e-01 -3.158424496650695801e-01
5.073537826538085938e-01 -8.413127660751342773e-01 1.865067332983016968e-01 -7.614109665155410767e-02
0.000000000000000000e+00 0.000000000000000000e+00 0.000000000000000000e+00 1.000000000000000000e+00
7.979621291160583496e-01 6.003592014312744141e-01 -5.316010862588882446e-02 -2.324864454567432404e-02
-1.698767095804214478e-01 3.086595833301544189e-01 9.358798265457153320e-01 -2.907674312591552734e-01
5.782723426818847656e-01 -7.377656102180480957e-01 3.482854664325714111e-01 -1.330675780773162842e-01
0.000000000000000000e+00 0.000000000000000000e+00 0.000000000000000000e+00 1.000000000000000000e+00
9.450770020484924316e-01 2.030369937419891357e-01 2.561346590518951416e-01 -1.247633993625640869e-01
-3.182295262813568115e-01 3.928396701812744141e-01 8.627904057502746582e-01 -2.551954984664916992e-01
7.455863058567047119e-02 -8.969130516052246094e-01 4.358760714530944824e-01 -1.370487213134765625e-01
0.000000000000000000e+00 0.000000000000000000e+00 0.000000000000000000e+00 1.000000000000000000e+00
8.871021866798400879e-01 3.767820000648498535e-01 2.666175663471221924e-01 -1.206801831722259521e-01
-4.370983839035034180e-01 5.001497268676757812e-01 7.475258111953735352e-01 -2.082982510328292847e-01
1.483056843280792236e-01 -7.796698808670043945e-01 6.083747744560241699e-01 -1.936006397008895874e-01
0.000000000000000000e+00 0.000000000000000000e+00 0.000000000000000000e+00 1.000000000000000000e+00
8.068856000900268555e-01 5.202668905258178711e-01 2.797459661960601807e-01 -1.145979613065719604e-01
-5.745822191238403320e-01 5.813677906990051270e-01 5.760787725448608398e-01 -1.454147100448608398e-01
1.370793282985687256e-01 -6.255665421485900879e-01 7.680335640907287598e-01 -2.394674718379974365e-01
0.000000000000000000e+00 0.000000000000000000e+00 0.000000000000000000e+00 1.000000000000000000e+00
7.351754307746887207e-01 6.067698001861572266e-01 3.022370934486389160e-01 -1.116247102618217468e-01
-6.741595268249511719e-01 6.078221201896667480e-01 4.195960164070129395e-01 -9.051515161991119385e-02
7.089208811521530151e-02 -5.122326612472534180e-01 8.559154868125915527e-01 -2.609131038188934326e-01
0.000000000000000000e+00 0.000000000000000000e+00 0.000000000000000000e+00 1.000000000000000000e+00
6.606227159500122070e-01 7.152686119079589844e-01 2.279659807682037354e-01 -7.727846503257751465e-02
-7.486433386802673340e-01 6.051277518272399902e-01 2.708375453948974609e-01 -4.072504118084907532e-02
5.577303469181060791e-02 -3.495866656303405762e-01 9.352423548698425293e-01 -2.804026603698730469e-01
0.000000000000000000e+00 0.000000000000000000e+00 0.000000000000000000e+00 1.000000000000000000e+00
6.849337816238403320e-01 7.050821781158447266e-01 1.836418956518173218e-01 -6.431391090154647827e-02
-7.284513711929321289e-01 6.575053334236145020e-01 1.924711763858795166e-01 -1.372512429952621460e-02
1.496251672506332397e-02 -2.656044363975524902e-01 9.639661908149719238e-01 -2.837709188461303711e-01
0.000000000000000000e+00 0.000000000000000000e+00 0.000000000000000000e+00 1.000000000000000000e+00
6.912135481834411621e-01 6.973639726638793945e-01 1.894919425249099731e-01 -6.665240228176116943e-02
-7.159670591354370117e-01 6.964376568794250488e-01 4.863411188125610352e-02 3.103354759514331818e-02
-9.805360436439514160e-02 -1.692865788936614990e-01 9.806771278381347656e-01 -2.789944112300872803e-01
0.000000000000000000e+00 0.000000000000000000e+00 0.000000000000000000e+00 1.000000000000000000e+00
6.708583831787109375e-01 7.207946181297302246e-01 1.743662059307098389e-01 -6.016856804490089417e-02
-7.278188467025756836e-01 6.850405335426330566e-01 -3.160071745514869690e-02 5.296789109706878662e-02
-1.422255784273147583e-01 -1.057075187563896179e-01 9.841735959053039551e-01 -2.746044099330902100e-01
0.000000000000000000e+00 0.000000000000000000e+00 0.000000000000000000e+00 1.000000000000000000e+00
6.637007594108581543e-01 7.340263128280639648e-01 1.438967138528823853e-01 -5.000822991132736206e-02
-7.304622530937194824e-01 6.774461269378662109e-01 -8.655367046594619751e-02 6.711595505475997925e-02
-1.610149145126342773e-01 -4.766542837023735046e-02 9.858002066612243652e-01 -2.709658741950988770e-01
0.000000000000000000e+00 0.000000000000000000e+00 0.000000000000000000e+00 1.000000000000000000e+00
5.850108265876770020e-01 7.939565777778625488e-01 1.655153185129165649e-01 -4.891248047351837158e-02
-7.598206996917724609e-01 6.079065799713134766e-01 -2.304816097021102905e-01 1.088076010346412659e-01
-2.836101949214935303e-01 9.072228334844112396e-03 9.588966369628906250e-01 -2.564738988876342773e-01
0.000000000000000000e+00 0.000000000000000000e+00 0.000000000000000000e+00 1.000000000000000000e+00
5.840972661972045898e-01 7.935612797737121582e-01 1.705611497163772583e-01 -4.971452057361602783e-02
-6.777435541152954102e-01 5.924530625343322754e-01 -4.355030953884124756e-01 1.654950678348541260e-01
-4.466479122638702393e-01 1.387793272733688354e-01 8.838812112808227539e-01 -2.233507633209228516e-01
0.000000000000000000e+00 0.000000000000000000e+00 0.000000000000000000e+00 1.000000000000000000e+00
5.976747870445251465e-01 7.800711989402770996e-01 1.851320117712020874e-01 -5.585931241512298584e-02
-6.112371087074279785e-01 5.927746295928955078e-01 -5.244115591049194336e-01 1.887913346290588379e-01
-5.188198685646057129e-01 2.002679258584976196e-01 8.310948610305786133e-01 -2.023386061191558838e-01
0.000000000000000000e+00 0.000000000000000000e+00 0.000000000000000000e+00 1.000000000000000000e+00
6.640620827674865723e-01 7.239048480987548828e-01 1.870375573635101318e-01 -6.137141957879066467e-02
-4.922292828559875488e-01 6.115795373916625977e-01 -6.194190979003906250e-01 2.119947373867034912e-01
-5.627890825271606445e-01 3.192673027515411377e-01 7.624541521072387695e-01 -1.752011626958847046e-01
0.000000000000000000e+00 0.000000000000000000e+00 0.000000000000000000e+00 1.000000000000000000e+00
7.385100722312927246e-01 6.575077772140502930e-01 1.492863893508911133e-01 -5.642107501626014709e-02
-3.958241343498229980e-01 6.020357608795166016e-01 -6.934522986412048340e-01 2.281628996133804321e-01
