1.000000000000000000e+00 0.000000000000000000e+00 0.000000000000000000e+00 -4.097584310382009209e-01
0.000000000000000000e+00 -1.000000000000000000e+00 0.000000000000000000e+00 -1.932597221741734483e-02
0.000000000000000000e+00 0.000000000000000000e+00 -1.000000000000000000e+00 -2.664692399556274349e+00
0.000000000000000000e+00 0.000000000000000000e+00 0.000000000000000000e+00 1.000000000000000000e+00
9.967433810234069824e-01 -7.783538848161697388e-02 -2.109068445861339569e-02 -4.522533021703182832e-01
-7.755732536315917969e-02 -9.968938231468200684e-01 1.369558647274971008e-02 4.963327854126033112e-02
-2.209115773439407349e-02 -1.201525237411260605e-02 -9.996836781501770020e-01 -2.715579097306544565e+00
0.000000000000000000e+00 0.000000000000000000e+00 0.000000000000000000e+00 1.000000000000000000e+00
9.853140115737915039e-01 -1.651111841201782227e-01 -4.352963343262672424e-02 -4.985142751427178998e-01
-1.630291044712066650e-01 -9.854667782783508301e-01 4.770888388156890869e-02 1.971765768046485900e-01
-5.077433586120605469e-02 -3.991159796714782715e-02 -9.979120492935180664e-01 -2.706710100970127097e+00
0.000000000000000000e+00 0.000000000000000000e+00 0.000000000000000000e+00 1.000000000000000000e+00
9.651163220405578613e-01 -2.576568126678466797e-01 -4.651472344994544983e-02 -4.872118305177660647e-01
-2.537941038608551025e-01 -9.642981290817260742e-01 7.561518251895904541e-02 3.237708861542324956e-01
-6.433684378862380981e-02 -6.117227301001548767e-02 -9.960513710975646973e-01 -2.702200685017613679e+00
0.000000000000000000e+00 0.000000000000000000e+00 0.000000000000000000e+00 1.000000000000000000e+00
9.368045926094055176e-01 -3.441357612609863281e-01 -6.298834830522537231e-02 -5.067137024050457628e-01
-3.348397016525268555e-01 -9.341284036636352539e-01 1.236364766955375671e-01 5.019284815588879178e-01
-1.013870164752006531e-01 -9.473216533660888672e-02 -9.903263449668884277e-01 -2.673464540856629323e+00
0.000000000000000000e+00 0.000000000000000000e+00 0.000000000000000000e+00 1.000000000000000000e+00
8.908007144927978516e-01 -4.524450302124023438e-01 -4.203918948769569397e-02 -4.160438330846668031e-01
-4.437801837921142578e-01 -8.861414790153503418e-01 1.334619373083114624e-01 5.678597189705818504e-01
-9.763696044683456421e-02 -1.002318039536476135e-01 -9.901618361473083496e-01 -2.686104536973187074e+00
0.000000000000000000e+00 0.000000000000000000e+00 0.000000000000000000e+00 1.000000000000000000e+00
8.433080911636352539e-01 -5.368984937667846680e-01 -2.389040775597095490e-02 -3.405067353282214548e-01
-5.261137485504150391e-01 -8.338098526000976562e-01 1.672275811433792114e-01 7.002077107055132421e-01
-1.097043827176094055e-01 -1.284553259611129761e-01 -9.856290221214294434e-01 -2.672388649729542820e+00
0.000000000000000000e+00 0.000000000000000000e+00 0.000000000000000000e+00 1.000000000000000000e+00
7.903751730918884277e-01 -6.124951243400573730e-01 -1.253436412662267685e-02 -2.773437134958396943e-01
-6.019744873046875000e-01 -7.802718281745910645e-01 1.697105318307876587e-01 7.400088528859456449e-01
-1.137271150946617126e-01 -1.265895366668701172e-01 -9.854142665863037109e-01 -2.678095646469836666e+00
0.000000000000000000e+00 0.000000000000000000e+00 0.000000000000000000e+00 1.000000000000000000e+00
7.143586277961730957e-01 -6.996458172798156738e-01 1.369323208928108215e-02 -1.514340119652611838e-01
-6.923083662986755371e-01 -7.037442922592163086e-01 1.595409214496612549e-01 7.400157513927877462e-01
-1.019856482744216919e-01 -1.234493553638458252e-01 -9.870958924293518066e-01 -2.693024291216314037e+00
0.000000000000000000e+00 0.000000000000000000e+00 0.000000000000000000e+00 1.000000000000000000e+00
6.434528231620788574e-01 -7.653654813766479492e-01 1.355047430843114853e-02 -1.054444693676957062e-01
-7.595624327659606934e-01 -6.361762285232543945e-01 1.354388892650604248e-01 6.973204096518402784e-01
-9.503979980945587158e-02 -9.744098782539367676e-02 -9.906930923461914062e-01 -2.720562854589517521e+00
0.000000000000000000e+00 0.000000000000000000e+00 0.000000000000000000e+00 1.000000000000000000e+00
5.465250611305236816e-01 -8.369113206863403320e-01 2.982996962964534760e-02 -4.877705711491080003e-03
-8.353864550590515137e-01 -5.423424243927001953e-01 8.940963447093963623e-02 5.771344164943805755e-01
-5.864990875124931335e-02 -7.378411293029785156e-02 -9.955479502677917480e-01 -2.769904838687715198e+00
0.000000000000000000e+00 0.000000000000000000e+00 0.000000000000000000e+00 1.000000000000000000e+00
4.572024047374725342e-01 -8.862963318824768066e-01 7.378871738910675049e-02 1.804302146706783239e-01
-8.892722725868225098e-01 -4.543979763984680176e-01 5.212411656975746155e-02 4.731626738184831482e-01
-1.266796048730611801e-02 -8.944953978061676025e-02 -9.959110617637634277e-01 -2.806032594959822379e+00
0.000000000000000000e+00 0.000000000000000000e+00 0.000000000000000000e+00 1.000000000000000000e+00
3.540154993534088135e-01 -9.306378960609436035e-01 9.266335517168045044e-02 2.750166422655646592e-01
-9.350463747978210449e-01 -3.542125523090362549e-01 1.486442796885967255e-02 3.443605146003671513e-01
1.898912526667118073e-02 -9.190683066844940186e-02 -9.955866932868957520e-01 -2.821831279389219294e+00
0.000000000000000000e+00 0.000000000000000000e+00 0.000000000000000000e+00 1.000000000000000000e+00
2.715382575988769531e-01 -9.559047818183898926e-01 1.118601337075233459e-01 3.580481053925457791e-01
-9.594348669052124023e-01 -2.780183851718902588e-01 -4.680678993463516235e-02 1.282365211412589412e-01
7.584200054407119751e-02 -9.461265802383422852e-02 -9.926208257675170898e-01 -2.816199062463093483e+00
0.000000000000000000e+00 0.000000000000000000e+00 0.000000000000000000e+00 1.000000000000000000e+00
1.901864558458328247e-01 -9.721828103065490723e-01 1.367112994194030762e-01 4.455356935066854818e-01
-9.732310175895690918e-01 -2.050023078918457031e-01 -1.039000898599624634e-01 -6.833220167604533990e-02
1.290359646081924438e-01 -1.132912263274192810e-01 -9.851471185684204102e-01 -2.804028164811795509e+00
0.000000000000000000e+00 0.000000000000000000e+00 0.000000000000000000e+00 1.000000000000000000e+00
1.177285239100456238e-01 -9.824206829071044922e-01 1.448763310909271240e-01 4.824606412294605295e-01
-9.707671403884887695e-01 -1.445851176977157593e-01 -1.915874779224395752e-01 -3.475702763730577627e-01
2.091665267944335938e-01 -1.180858835577964783e-01 -9.707239270210266113e-01 -2.774545326270227541e+00
0.000000000000000000e+00 0.000000000000000000e+00 0.000000000000000000e+00 1.000000000000000000e+00
1.876502782106399536e-01 -9.732640385627746582e-01 1.324557811021804810e-01 4.415029298844236894e-01
-9.542709589004516602e-01 -2.125913351774215698e-01 -2.101703137159347534e-01 -3.949005868910440697e-01
2.327101230621337891e-01 -8.696025609970092773e-02 -9.686502218246459961e-01 -2.750459879481882197e+00
0.000000000000000000e+00 0.000000000000000000e+00 0.000000000000000000e+00 1.000000000000000000e+00
2.751791179180145264e-01 -9.528860449790954590e-01 1.276117116212844849e-01 4.039385940549928833e-01
-9.378582239151000977e-01 -2.952573597431182861e-01 -1.823317408561706543e-01 -2.947467538418127586e-01
2.114196866750717163e-01 -6.950784474611282349e-02 -9.749207496643066406e-01 -2.745617955499581875e+00
0.000000000000000000e+00 0.000000000000000000e+00 0.000000000000000000e+00 1.000000000000000000e+00
3.275577425956726074e-01 -9.361569881439208984e-01 1.277320384979248047e-01 3.896959713214236398e-01
-9.337705969810485840e-01 -3.413764536380767822e-01 -1.073977500200271606e-01 -5.079962066756595063e-02
1.441459059715270996e-01 -8.409351110458374023e-02 -9.859766960144042969e-01 -2.743949896545173406e+00
0.000000000000000000e+00 0.000000000000000000e+00 0.000000000000000000e+00 1.000000000000000000e+00
3.598984181880950928e-01 -9.190759658813476562e-01 1.605375707149505615e-01 4.734920304542437619e-01
-9.302849769592285156e-01 -3.665986955165863037e-01 -1.322950888425111771e-02 2.524055914254505484e-01
7.101176679134368896e-02 -1.445844322443008423e-01 -9.869413375854492188e-01 -2.708452939738703158e+00
0.000000000000000000e+00 0.000000000000000000e+00 0.000000000000000000e+00 1.000000000000000000e+00
4.004164934158325195e-01 -8.996033072471618652e-01 1.742997169494628906e-01 4.900436179203824794e-01
-9.162976741790771484e-01 -3.947650194168090820e-01 6.751944869756698608e-02 5.049375067657890792e-01
8.066719397902488708e-03 -1.867463141679763794e-01 -9.823749065399169922e-01 -2.661069855643375170e+00
0.000000000000000000e+00 0.000000000000000000e+00 0.000000000000000000e+00 1.000000000000000000e+00
4.567180871963500977e-01 -8.653072714805603027e-01 2.065224498510360718e-01 5.517411382055055213e-01
-8.882879614830017090e-01 -4.309213459491729736e-01 1.589060574769973755e-01 7.647824257317857866e-01
-4.850770160555839539e-02 -2.560265958309173584e-01 -9.654515981674194336e-01 -2.565346450643315901e+00
0.000000000000000000e+00 0.000000000000000000e+00 0.000000000000000000e+00 1.000000000000000000e+00
5.325356125831604004e-01 -8.242387175559997559e-01 1.924487203359603882e-01 4.568504174738162171e-01
-8.412311673164367676e-01 -4.903074502944946289e-01 2.278795540332794189e-01 9.396779242060394610e-01
-9.346818178892135620e-02 -2.832478582859039307e-01 -9.544813036918640137e-01 -2.498437832782240076e+00
0.000000000000000000e+00 0.000000000000000000e+00 0.000000000000000000e+00 1.000000000000000000e+00
5.906934142112731934e-01 -7.849400639533996582e-01 1.869516074657440186e-01 4.044534641131495856e-01
-7.961019277572631836e-01 -5.291629433631896973e-01 2.936119437217712402e-01 1.087751614167979053e+00
-1.315401196479797363e-01 -3.222671747207641602e-01 -9.374650120735168457e-01 -2.417454053441185469e+00
0.000000000000000000e+00 0.000000000000000000e+00 0.000000000000000000e+00 1.000000000000000000e+00
6.703513264656066895e-01 -7.236210703849792480e-01 1.643215119838714600e-01 2.860319020506818521e-01
-7.222053408622741699e-01 -5.853691697120666504e-01 3.684584200382232666e-01 1.232284645493234576e+00
-1.704356819391250610e-01 -3.656706213951110840e-01 -9.150061607360839844e-01 -2.317212264429718171e+00
0.000000000000000000e+00 0.000000000000000000e+00 0.000000000000000000e+00 1.000000000000000000e+00
7.338647246360778809e-01 -6.624290347099304199e-01 1.504346579313278198e-01 2.159824975020216142e-01
-6.491441726684570312e-01 -6.186318397521972656e-01 4.426133036613464355e-01 1.371668010445965757e+00
-2.001362442970275879e-01 -4.224718213081359863e-01 -8.840038776397705078e-01 -2.184455329209189500e+00
0.000000000000000000e+00 0.000000000000000000e+00 0.000000000000000000e+00 1.000000000000000000e+00
7.553003430366516113e-01 -6.425697803497314453e-01 1.289380788803100586e-01 1.370732026459753061e-01
-6.001720428466796875e-01 -5.991256237030029297e-01 5.299444198608398438e-01 1.556047576126674548e+00
-2.632762789726257324e-01 -4.776522219181060791e-01 -8.381726145744323730e-01 -1.990668269747972730e+00
0.000000000000000000e+00 0.000000000000000000e+00 0.000000000000000000e+00 1.000000000000000000e+00
7.892847061157226562e-01 -5.983983278274536133e-01 1.376542448997497559e-01 1.342348896140144188e-01
-5.337905883789062500e-01 -5.578827857971191406e-01 6.354796290397644043e-01 1.804740679364615463e+00
-3.034750521183013916e-01 -5.750529766082763672e-01 -7.597479224205017090e-01 -1.727249613804984429e+00
0.000000000000000000e+00 0.000000000000000000e+00 0.000000000000000000e+00 1.000000000000000000e+00
8.062245845794677734e-01 -5.768830776214599609e-01 1.311792582273483276e-01 1.043433059189213530e-01
-4.848813414573669434e-01 -5.172908306121826172e-01 7.051951289176940918e-01 1.978316493479984395e+00
-3.389571011066436768e-01 -6.321519017219543457e-01 -6.967727541923522949e-01 -1.512374784718568232e+00
0.000000000000000000e+00 0.000000000000000000e+00 0.000000000000000000e+00 1.000000000000000000e+00
8.328074812889099121e-01 -5.396268367767333984e-01 1.234262213110923767e-01 5.969516504209283758e-02
-4.177758991718292236e-01 -4.664205014705657959e-01 7.796890735626220703e-01 2.156772587275695763e+00
-3.631726801395416260e-01 -7.008953690528869629e-01 -6.138818264007568359e-01 -1.294585612431657928e+00
0.000000000000000000e+00 0.000000000000000000e+00 0.000000000000000000e+00 1.000000000000000000e+00
8.672208189964294434e-01 -4.904159903526306152e-01 8.613907545804977417e-02 -6.249457272427646343e-02
-3.279410898685455322e-01 -4.323789179325103760e-01 8.399419784545898438e-01 2.289701709227001558e+00
-3.746765255928039551e-01 -7.566639184951782227e-01 -5.357956290245056152e-01 -1.100594219197779333e+00
0.000000000000000000e+00 0.000000000000000000e+00 0.000000000000000000e+00 1.000000000000000000e+00
8.803741931915283203e-01 -4.711793661117553711e-01 5.413918197154998779e-02 -1.457614905129104299e-01
-2.309775799512863159e-01 -3.262473046779632568e-01 9.166306853294372559e-01 2.424186720411464435e+00
-4.142349064350128174e-01 -8.194829225540161133e-01 -3.960515856742858887e-01 -7.484093713900110689e-01
0.000000000000000000e+00 0.000000000000000000e+00 0.000000000000000000e+00 1.000000000000000000e+00
8.662442564964294434e-01 -4.993992745876312256e-01 1.487258262932300568e-02 -2.884390132065918211e-01
-9.314818680286407471e-02 -1.321833729743957520e-01 9.868387579917907715e-01 2.584321759736050161e+00
-4.908607006072998047e-01 -8.562289476394653320e-01 -1.610212326049804688e-01 -1.297791132697693472e-01
0.000000000000000000e+00 0.000000000000000000e+00 0.000000000000000000e+00 1.000000000000000000e+00
8.645464777946472168e-01 -5.016668438911437988e-01 2.982005476951599121e-02 -2.303313551582036323e-01
-9.657613188028335571e-02 -1.076170802116394043e-01 9.894903898239135742e-01 2.587083369995061055e+00
-4.931855201721191406e-01 -8.583406209945678711e-01 -1.414890438318252563e-01 -1.426130264136570569e-01
0.000000000000000000e+00 0.000000000000000000e+00 0.000000000000000000e+00 1.000000000000000000e+00
8.259342908859252930e-01 -5.633304715156555176e-01 2.217079326510429382e-02 -2.117975507360692622e-01
-1.129548251628875732e-01 -1.268253475427627563e-01 9.854726195335388184e-01 2.583179091062732358e+00
-5.523349046707153320e-01 -8.164396882057189941e-01 -1.683802902698516846e-01 -1.953299152753910362e-01
0.000000000000000000e+00 0.000000000000000000e+00 0.000000000000000000e+00 1.000000000000000000e+00
8.005152344703674316e-01 -5.968849658966064453e-01 5.388472601771354675e-02 -1.194350206612563303e-01
-2.444656193256378174e-01 -2.431252747774124146e-01 9.386833310127258301e-01 2.512898207116986971e+00
-5.471852421760559082e-01 -7.646034359931945801e-01 -3.405433595180511475e-01 -5.567045917265337485e-01
0.000000000000000000e+00 0.000000000000000000e+00 0.000000000000000000e+00 1.000000000000000000e+00
8.169822096824645996e-01 -5.702361464500427246e-01 8.585405349731445312e-02 -4.666506059242900989e-02
-3.135992884635925293e-01 -3.143961727619171143e-01 8.959965705871582031e-01 2.428673785201809654e+00
-4.839376807212829590e-01 -7.589372396469116211e-01 -4.356819093227386475e-01 -8.095412486066199120e-01
0.000000000000000000e+00 0.000000000000000000e+00 0.000000000000000000e+00 1.000000000000000000e+00
8.071552515029907227e-01 -5.823523998260498047e-01 9.677724540233612061e-02 -2.500700649708079842e-02
-3.696785867214202881e-01 -3.708016276359558105e-01 8.519650101661682129e-01 2.340536530205819865e+00
-4.602586627006530762e-01 -7.234443426132202148e-01 -5.145777463912963867e-01 -1.021290364242901871e+00
0.000000000000000000e+00 0.000000000000000000e+00 0.000000000000000000e+00 1.000000000000000000e+00
8.278023600578308105e-01 -5.561474561691284180e-01 7.377490401268005371e-02 -1.288691771707090872e-01
-4.571332633495330811e-01 -5.924257636070251465e-01 6.633709669113159180e-01 1.966064055477813266e+00
-3.252259492874145508e-01 -5.828652381896972656e-01 -7.446453571319580078e-01 -1.678329404415110249e+00
0.000000000000000000e+00 0.000000000000000000e+00 0.000000000000000000e+00 1.000000000000000000e+00
8.300057649612426758e-01 -5.558441281318664551e-01 4.612668976187705994e-02 -2.140024342466592677e-01
-4.663900732994079590e-01 -6.463110446929931641e-01 6.039553284645080566e-01 1.804315179462597785e+00
-3.058928847312927246e-01 -5.227991938591003418e-01 -7.956822514533996582e-01 -1.826396747750755001e+00
0.000000000000000000e+00 0.000000000000000000e+00 0.000000000000000000e+00 1.000000000000000000e+00
8.553631901741027832e-01 -5.159390568733215332e-01 4.648126289248466492e-02 -2.178468858784001205e-01
-4.587754011154174805e-01 -7.127990722656250000e-01 5.305117964744567871e-01 1.597325205726511488e+00
-2.405799329280853271e-01 -4.751046299934387207e-01 -8.464023470878601074e-01 -1.982606536682212317e+00
0.000000000000000000e+00 0.000000000000000000e+00 0.000000000000000000e+00 1.000000000000000000e+00
8.706702589988708496e-01 -4.917845726013183594e-01 9.018548764288425446e-03 -3.054630104212743835e-01
-4.562650918960571289e-01 -8.006654381752014160e-01 3.882740139961242676e-01 1.215611230396265174e+00
-1.837264597415924072e-01 -3.421734273433685303e-01 -9.214997291564941406e-01 -2.195469899143622783e+00
0.000000000000000000e+00 0.000000000000000000e+00 0.000000000000000000e+00 1.000000000000000000e+00
8.775963783264160156e-01 -4.791201651096343994e-01 1.638598553836345673e-02 -2.722751390712436215e-01
-4.673308730125427246e-01 -8.473804593086242676e-01 2.520867288112640381e-01 8.661344604344133336e-01
-1.068947836756706238e-01 -2.288881391286849976e-01 -9.675659537315368652e-01 -2.343415414848436740e+00
0.000000000000000000e+00 0.000000000000000000e+00 0.000000000000000000e+00 1.000000000000000000e+00
8.806161284446716309e-01 -4.737737178802490234e-01 7.312348112463951111e-03 -2.585925543693793349e-01
-4.735899567604064941e-01 -8.795732259750366211e-01 4.542401432991027832e-02 3.251835968778823971e-01
-1.508897170424461365e-02 -4.346418008208274841e-02 -9.989409446716308594e-01 -2.463939779766499250e+00
0.000000000000000000e+00 0.000000000000000000e+00 0.000000000000000000e+00 1.000000000000000000e+00
8.861466646194458008e-01 -4.632477164268493652e-01 1.207296364009380341e-02 -2.318442839400014777e-01
-4.622012376785278320e-01 -8.854214549064636230e-01 -4.897924140095710754e-02 7.109014415191021452e-02
3.337918221950531006e-02 3.782263398170471191e-02 -9.987270236015319824e-01 -2.489094495115363070e+00
0.000000000000000000e+00 0.000000000000000000e+00 0.000000000000000000e+00 1.000000000000000000e+00
8.947013020515441895e-01 -4.466162025928497314e-01 6.584521383047103882e-03 -2.414833950877316449e-01
-4.405110180377960205e-01 -8.847176432609558105e-01 -1.523954272270202637e-01 -2.248547559730210421e-01
7.388774305582046509e-02 1.334478110074996948e-01 -9.882976412773132324e-01 -2.479676377634318030e+00
0.000000000000000000e+00 0.000000000000000000e+00 0.000000000000000000e+00 1.000000000000000000e+00
8.965132236480712891e-01 -4.429517686367034912e-01 7.583717349916696548e-03 -2.360593233592974127e-01
-4.259782135486602783e-01 -8.666085004806518555e-01 -2.598700523376464844e-01 -5.375966493218634623e-01
1.216820627450942993e-01 2.297464460134506226e-01 -9.656139016151428223e-01 -2.435617821956312046e+00
0.000000000000000000e+00 0.000000000000000000e+00 0.000000000000000000e+00 1.000000000000000000e+00
9.010138511657714844e-01 -4.335503578186035156e-01 1.440557744354009628e-02 -2.166474080012380787e-01
-3.975686132907867432e-01 -8.386094570159912109e-01 -3.723880946636199951e-01 -8.860355734218626766e-01
1.735297590494155884e-01 3.297995924949645996e-01 -9.279652833938598633e-01 -2.346172058182521614e+00
0.000000000000000000e+00 0.000000000000000000e+00 0.000000000000000000e+00 1.000000000000000000e+00
9.062981605529785156e-01 -4.225797951221466064e-01 7.024357561022043228e-03 -2.471777675605046354e-01
-3.727516531944274902e-01 -8.070457577705383301e-01 -4.579669237136840820e-01 -1.149691331045012310e+00
1.991967409849166870e-01 4.124361872673034668e-01 -8.889412283897399902e-01 -2.256717878230383167e+00
0.000000000000000000e+00 0.000000000000000000e+00 0.000000000000000000e+00 1.000000000000000000e+00
9.164596796035766602e-01 -4.000971317291259766e-01 4.951488226652145386e-03 -2.778691555157318249e-01
-3.320046961307525635e-01 -7.672778367996215820e-01 -5.486874580383300781e-01 -1.428834926379255910e+00
2.233274579048156738e-01 5.012055635452270508e-01 -8.360130190849304199e-01 -2.137834806060182391e+00
0.000000000000000000e+00 0.000000000000000000e+00 0.000000000000000000e+00 1.000000000000000000e+00
9.122963547706604004e-01 -4.090662300586700439e-01 -1.948469132184982300e-02 -3.564374916711096075e-01
-3.292760848999023438e-01 -7.043974399566650391e-01 -6.288096904754638672e-01 -1.653150775989433052e+00
2.435000687837600708e-01 5.800766944885253906e-01 -7.773150205612182617e-01 -2.003604211808054369e+00
0.000000000000000000e+00 0.000000000000000000e+00 0.000000000000000000e+00 1.000000000000000000e+00
9.189974069595336914e-01 -3.924989700317382812e-01 -3.726919367909431458e-02 -4.241234677756823834e-01
-2.952733933925628662e-01 -6.225351691246032715e-01 -7.247503399848937988e-01 -1.935493553871678873e+00
2.612627148628234863e-01 6.770483851432800293e-01 -6.880026459693908691e-01 -1.775588830948621188e+00
0.000000000000000000e+00 0.000000000000000000e+00 0.000000000000000000e+00 1.000000000000000000e+00
9.283729791641235352e-01 -3.679475486278533936e-01 -5.232269689440727234e-02 -4.820638197868836738e-01
-2.623227536678314209e-01 -5.490221977233886719e-01 -7.935749888420104980e-01 -2.143162340681023181e+00
2.632676661014556885e-01 7.504590153694152832e-01 -6.062184572219848633e-01 -1.546734729627331051e+00
0.000000000000000000e+00 0.000000000000000000e+00 0.000000000000000000e+00 1.000000000000000000e+00
9.378315806388854980e-01 -3.436903059482574463e-01 -4.846134781837463379e-02 -4.892583070649954013e-01
-2.194227427244186401e-01 -4.788875281810760498e-01 -8.500116467475891113e-01 -2.326955257339883509e+00
2.689332664012908936e-01 8.078017830848693848e-01 -5.245296359062194824e-01 -1.330233370597695197e+00
0.000000000000000000e+00 0.000000000000000000e+00 0.000000000000000000e+00 1.000000000000000000e+00
9.500598907470703125e-01 -3.086721301078796387e-01 -4.591031745076179504e-02 -5.115508319250909874e-01
-1.770785301923751831e-01 -4.120942354202270508e-01 -8.937680125236511230e-01 -2.465417533659063576e+00
2.569618821144104004e-01 8.572629690170288086e-01 -4.461735486984252930e-01 -1.124814807735160516e+00
0.000000000000000000e+00 0.000000000000000000e+00 0.000000000000000000e+00 1.000000000000000000e+00
9.613689780235290527e-01 -2.720414698123931885e-01 -4.199068620800971985e-02 -5.284525875985323085e-01
-1.390902698040008545e-01 -3.484537601470947266e-01 -9.269483685493469238e-01 -2.585674788392201773e+00
2.375365346670150757e-01 8.969801068305969238e-01 -3.728310167789459229e-01 -9.161649842678079025e-01
0.000000000000000000e+00 0.000000000000000000e+00 0.000000000000000000e+00 1.000000000000000000e+00
9.651647806167602539e-01 -2.533724904060363770e-01 -6.526315957307815552e-02 -6.147275216874416026e-01
-1.331330388784408569e-01 -2.608558535575866699e-01 -9.561534523963928223e-01 -2.707535807995980370e+00
2.252387255430221558e-01 9.315344095230102539e-01 -2.855012714862823486e-01 -6.330570240066413223e-01
0.000000000000000000e+00 0.000000000000000000e+00 0.000000000000000000e+00 1.000000000000000000e+00
9.798786044120788574e-01 -1.956518441438674927e-01 -3.946808725595474243e-02 -5.720274889618416347e-01
-7.104375213384628296e-02 -1.571016907691955566e-01 -9.850235581398010254e-01 -2.835270768205630620e+00
1.865212321281433105e-01 9.680084586143493652e-01 -1.678405255079269409e-01 -2.518320320876268337e-01
0.000000000000000000e+00 0.000000000000000000e+00 0.000000000000000000e+00 1.000000000000000000e+00
9.941340684890747070e-01 -1.079779192805290222e-01 6.180183961987495422e-03 -4.656974572294541037e-01
-8.433281444013118744e-03 -1.343584060668945312e-01 -9.908970594406127930e-01 -2.867343030275431914e+00
1.078253462910652161e-01 9.850322008132934570e-01 -1.344809532165527344e-01 -1.597078540473403918e-01
0.000000000000000000e+00 0.000000000000000000e+00 0.000000000000000000e+00 1.000000000000000000e+00
9.958490133285522461e-01 -9.007918834686279297e-02 1.307573355734348297e-02 -4.565604883947569914e-01
-9.726610034704208374e-03 -2.481415271759033203e-01 -9.686748385429382324e-01 -2.818108111003422955e+00
9.050208330154418945e-02 9.645262360572814941e-01 -2.479875534772872925e-01 -4.931866244708612013e-01
0.000000000000000000e+00 0.000000000000000000e+00 0.000000000000000000e+00 1.000000000000000000e+00
9.980181455612182617e-01 -3.160082176327705383e-02 5.441949889063835144e-02 -3.253005981440226235e-01
4.286636412143707275e-02 -2.917234599590301514e-01 -9.555415511131286621e-01 -2.878633678453683675e+00
4.607133567333221436e-02 9.559803605079650879e-01 -2.897905111312866211e-01 -5.995891250176245135e-01
0.000000000000000000e+00 0.000000000000000000e+00 0.000000000000000000e+00 1.000000000000000000e+00
9.890932440757751465e-01 4.635478928685188293e-02 1.398036777973175049e-01 -2.432140917350026146e-02
1.471728682518005371e-01 -2.734533250331878662e-01 -9.505598545074462891e-01 -2.977251145044121472e+00
-5.833228118717670441e-03 9.607674479484558105e-01 -2.772930264472961426e-01 -5.394226938335610066e-01
0.000000000000000000e+00 0.000000000000000000e+00 0.000000000000000000e+00 1.000000000000000000e+00
9.695839285850524902e-01 6.625486165285110474e-02 2.356213480234146118e-01 2.759881762303981745e-01
2.447532117366790771e-01 -2.556066811084747314e-01 -9.352867007255554199e-01 -3.018760288533577807e+00
-1.740920939482748508e-03 9.645079374313354492e-01 -2.640480995178222656e-01 -4.866972335770757829e-01
0.000000000000000000e+00 0.000000000000000000e+00 0.000000000000000000e+00 1.000000000000000000e+00
9.731043577194213867e-01 3.054290078580379486e-02 2.283301800489425659e-01 2.348524489163021089e-01
2.271405458450317383e-01 -2.924431264400482178e-01 -9.289154410362243652e-01 -3.002425728092689816e+00
3.840182349085807800e-02 9.557950496673583984e-01 -2.915152013301849365e-01 -5.991843206361328056e-01
0.000000000000000000e+00 0.000000000000000000e+00 0.000000000000000000e+00 1.000000000000000000e+00
9.819408059120178223e-01 -4.486703872680664062e-02 1.837920844554901123e-01 6.692868924579702117e-02
1.589746177196502686e-01 -3.309841752052307129e-01 -9.301486611366271973e-01 -2.976008034111183420e+00
1.025652587413787842e-01 9.425689578056335449e-01 -3.178740143775939941e-01 -7.364003127092276779e-01
0.000000000000000000e+00 0.000000000000000000e+00 0.000000000000000000e+00 1.000000000000000000e+00
9.862689375877380371e-01 -1.228075176477432251e-01 1.104198470711708069e-01 -1.819054927686308276e-01
5.760742723941802979e-02 -3.707845807075500488e-01 -9.269304275512695312e-01 -2.914933345516295127e+00
1.547759473323822021e-01 9.205631613731384277e-01 -3.586185574531555176e-01 -9.252501108235869909e-01
0.000000000000000000e+00 0.000000000000000000e+00 0.000000000000000000e+00 1.000000000000000000e+00
9.785127043724060059e-01 -2.051056772470474243e-01 2.108416333794593811e-02 -4.708854448074861199e-01
-4.453232139348983765e-02 -3.100762665271759033e-01 -9.496679306030273438e-01 -2.929569217632395528e+00
2.013200223445892334e-01 9.283233880996704102e-01 -3.125474750995635986e-01 -8.272078417336398148e-01
0.000000000000000000e+00 0.000000000000000000e+00 0.000000000000000000e+00 1.000000000000000000e+00
9.206911325454711914e-01 -3.800181448459625244e-01 -8.895794302225112915e-02 -7.904959572174887761e-01
-2.227530926465988159e-01 -3.244813382625579834e-01 -9.192890524864196777e-01 -2.750038888351239663e+00
3.204815983772277832e-01 8.661972880363464355e-01 -3.833975493907928467e-01 -1.133972437597849492e+00
0.000000000000000000e+00 0.000000000000000000e+00 0.000000000000000000e+00 1.000000000000000000e+00
8.740176558494567871e-01 -4.769501090049743652e-01 -9.280054271221160889e-02 -7.822556907946559557e-01
-2.834278047084808350e-01 -3.453089594841003418e-01 -8.946678042411804199e-01 -2.631853393192907120e+00
3.946672379970550537e-01 8.082577586174011230e-01 -4.369871020317077637e-01 -1.372840618406269808e+00
0.000000000000000000e+00 0.000000000000000000e+00 0.000000000000000000e+00 1.000000000000000000e+00
8.331300020217895508e-01 -5.495464801788330078e-01 -6.239475682377815247e-02 -6.747174200814169964e-01
-3.380781710147857666e-01 -4.167313277721405029e-01 -8.438234925270080566e-01 -2.453296305257028465e+00
4.377182722091674805e-01 7.241089344024658203e-01 -5.329809784889221191e-01 -1.702022050223868987e+00
0.000000000000000000e+00 0.000000000000000000e+00 0.000000000000000000e+00 1.000000000000000000e+00
8.025988340377807617e-01 -5.948478579521179199e-01 -4.462233558297157288e-02 -6.018622203374225377e-01
-4.214402139186859131e-01 -5.125058889389038086e-01 -7.481479644775390625e-01 -2.111776204101732723e+00
4.221651256084442139e-01 6.192681789398193359e-01 -6.620295643806457520e-01 -2.095641054751720578e+00
0.000000000000000000e+00 0.000000000000000000e+00 0.000000000000000000e+00 1.000000000000000000e+00
7.764399647712707520e-01 -6.298161745071411133e-01 -2.174974605441093445e-02 -5.216699411788912055e-01
-5.005649328231811523e-01 -5.953962802886962891e-01 -6.284410953521728516e-01 -1.692864238147902878e+00
3.828523159027099609e-01 4.988336563110351562e-01 -7.775531411170959473e-01 -2.423356415895246307e+00
0.000000000000000000e+00 0.000000000000000000e+00 0.000000000000000000e+00 1.000000000000000000e+00
7.545163631439208984e-01 -6.560704112052917480e-01 -1.663486286997795105e-02 -4.933661954267671290e-01
-5.636790990829467773e-01 -6.348632574081420898e-01 -5.284072756767272949e-01 -1.346620591387716059e+00
3.361116945743560791e-01 4.080685377120971680e-01 -8.488282561302185059e-01 -2.617540001529744753e+00
0.000000000000000000e+00 0.000000000000000000e+00 0.000000000000000000e+00 1.000000000000000000e+00
6.498685479164123535e-01 -7.600359320640563965e-01 -4.051086958497762680e-03 -3.927224304216132000e-01
-6.746881008148193359e-01 -5.744214057922363281e-01 -4.635031819343566895e-01 -1.073342175555654698e+00
3.499520421028137207e-01 3.039492964744567871e-01 -8.860860466957092285e-01 -2.755839611057589345e+00
0.000000000000000000e+00 0.000000000000000000e+00 0.000000000000000000e+00 1.000000000000000000e+00
5.845792293548583984e-01 -8.109692335128784180e-01 2.442024089395999908e-02 -2.567713485630772619e-01
-7.397563457489013672e-01 -5.451242923736572266e-01 -3.944612741470336914e-01 -8.151254766670535945e-01
3.332082629203796387e-01 2.125287353992462158e-01 -9.185878038406372070e-01 -2.856952957423481987e+00
0.000000000000000000e+00 0.000000000000000000e+00 0.000000000000000000e+00 1.000000000000000000e+00
5.392796993255615234e-01 -8.397861123085021973e-01 6.274211406707763672e-02 -1.045869073590264958e-01
-7.809636592864990234e-01 -5.265977382659912109e-01 -3.358425498008728027e-01 -5.968571340948943815e-01
3.150758743286132812e-01 1.321138143539428711e-01 -9.398263692855834961e-01 -2.915098540013234096e+00
0.000000000000000000e+00 0.000000000000000000e+00 0.000000000000000000e+00 1.000000000000000000e+00
5.061584711074829102e-01 -8.539370894432067871e-01 1.208091974258422852e-01 1.039915855475792572e-01
-8.163784146308898926e-01 -5.195673108100891113e-01 -2.521425783634185791e-01 -3.127272462764131289e-01
2.780822217464447021e-01 2.899800986051559448e-02 -9.601192474365234375e-01 -2.962318819347089960e+00
0.000000000000000000e+00 0.000000000000000000e+00 0.000000000000000000e+00 1.000000000000000000e+00
4.374004304409027100e-01 -8.835468888282775879e-01 1.674081981182098389e-01 3.059710013016109231e-01
-8.588353395462036133e-01 -4.656250178813934326e-01 -2.135290950536727905e-01 -1.639279713648263970e-01
2.666124403476715088e-01 -5.037844553589820862e-02 -9.624863862991333008e-01 -2.965764209604285107e+00
0.000000000000000000e+00 0.000000000000000000e+00 0.000000000000000000e+00 1.000000000000000000e+00
3.614237308502197266e-01 -8.948293924331665039e-01 2.620182037353515625e-01 6.569061156098729981e-01
-8.915067911148071289e-01 -4.139581024646759033e-01 -1.839952170848846436e-01 -4.846275147482035500e-02
2.731087505817413330e-01 -1.670907437801361084e-01 -9.473604559898376465e-01 -2.921000902467294935e+00
0.000000000000000000e+00 0.000000000000000000e+00 0.000000000000000000e+00 1.000000000000000000e+00
2.919087111949920654e-01 -8.859263658523559570e-01 3.604485392570495605e-01 1.004049534617468709e+00
-9.135780334472656250e-01 -3.698287606239318848e-01 -1.691212952136993408e-01 1.202444303113152889e-02
2.831332385540008545e-01 -2.799299955368041992e-01 -9.173192977905273438e-01 -2.834365590380957034e+00
0.000000000000000000e+00 0.000000000000000000e+00 0.000000000000000000e+00 1.000000000000000000e+00
2.704881727695465088e-01 -8.540377020835876465e-01 4.443593323230743408e-01 1.269821133274144476e+00
-9.331566691398620605e-01 -3.460935056209564209e-01 -9.714893996715545654e-02 2.497108794365405227e-01
2.367587387561798096e-01 -3.883793950080871582e-01 -8.905656933784484863e-01 -2.719479789015315063e+00
0.000000000000000000e+00 0.000000000000000000e+00 0.000000000000000000e+00 1.000000000000000000e+00
1.755260080099105835e-01 -7.765825390815734863e-01 6.050709486007690430e-01 1.816471232750771936e+00
-9.620852470397949219e-01 -2.656439542770385742e-01 -6.184991449117660522e-02 3.645272300845497915e-01
2.087650746107101440e-01 -5.712732672691345215e-01 -7.937660217285156250e-01 -2.407631959399469945e+00
0.000000000000000000e+00 0.000000000000000000e+00 0.000000000000000000e+00 1.000000000000000000e+00
1.328265517950057983e-01 -6.786182522773742676e-01 7.223812937736511230e-01 2.198342769977290612e+00
-9.741074442863464355e-01 -2.239156961441040039e-01 -3.123822249472141266e-02 4.619270067397623358e-01
1.829512715339660645e-01 -6.995278596878051758e-01 -6.907891631126403809e-01 -2.085820754321783710e+00
0.000000000000000000e+00 0.000000000000000000e+00 0.000000000000000000e+00 1.000000000000000000e+00
1.116018220782279968e-01 -5.781504511833190918e-01 8.082612752914428711e-01 2.464526071522300743e+00
-9.831402301788330078e-01 -1.827843934297561646e-01 5.002498626708984375e-03 5.743379687758173313e-01
1.448454260826110840e-01 -7.951927781105041504e-01 -5.888022780418395996e-01 -1.760580163522776020e+00
0.000000000000000000e+00 0.000000000000000000e+00 0.000000000000000000e+00 1.000000000000000000e+00
7.639431208372116089e-02 -5.115191936492919922e-01 8.558691740036010742e-01 2.630783949579619474e+00
-9.906320571899414062e-01 -1.363819986581802368e-01 6.912927608937025070e-03 5.872461098533255930e-01
1.131890341639518738e-01 -8.483796119689941406e-01 -5.171462297439575195e-01 -1.529113873600673967e+00
0.000000000000000000e+00 0.000000000000000000e+00 0.000000000000000000e+00 1.000000000000000000e+00
1.554865390062332153e-01 -5.211535096168518066e-01 8.391802310943603516e-01 2.517127186192957833e+00
-9.875647425651550293e-01 -1.019835993647575378e-01 1.196451634168624878e-01 9.224793257831844784e-01
2.322909608483314514e-02 -8.473477363586425781e-01 -5.305299758911132812e-01 -1.501602214404154534e+00
0.000000000000000000e+00 0.000000000000000000e+00 0.000000000000000000e+00 1.000000000000000000e+00
2.622060179710388184e-01 -5.836740136146545410e-01 7.684870958328247070e-01 2.235436041267012008e+00
-9.600543379783630371e-01 -7.715813815593719482e-02 2.689658403396606445e-01 1.351170890976582939e+00
-9.769324213266372681e-02 -8.083140850067138672e-01 -5.805900096893310547e-01 -1.555441197142549692e+00
0.000000000000000000e+00 0.000000000000000000e+00 0.000000000000000000e+00 1.000000000000000000e+00
3.180254399776458740e-01 -6.249141097068786621e-01 7.129815220832824707e-01 2.042686379264702978e+00
-9.297315478324890137e-01 -5.831998214125633240e-02 3.635904788970947266e-01 1.608105916278999015e+00
-1.856316626071929932e-01 -7.785124182701110840e-01 -5.995495319366455078e-01 -1.550730620730522036e+00
0.000000000000000000e+00 0.000000000000000000e+00 0.000000000000000000e+00 1.000000000000000000e+00
3.658071458339691162e-01 -6.344852447509765625e-01 6.808918118476867676e-01 1.915460252919722661e+00
-8.898044228553771973e-01 -2.396509610116481781e-02 4.557129144668579102e-01 1.843841002234963833e+00
-2.728254199028015137e-01 -7.725636363029479980e-01 -5.733344554901123047e-01 -1.406645509454520937e+00
0.000000000000000000e+00 0.000000000000000000e+00 0.000000000000000000e+00 1.000000000000000000e+00
4.162372648715972900e-01 -6.461926102638244629e-01 6.396731734275817871e-01 1.752419010632716656e+00
-8.417178392410278320e-01 -7.767021190375089645e-03 5.398620963096618652e-01 2.050249155903991038e+00
-3.438864946365356445e-01 -7.631350159645080566e-01 -5.471445322036743164e-01 -1.268861770268325140e+00
0.000000000000000000e+00 0.000000000000000000e+00 0.000000000000000000e+00 1.000000000000000000e+00
5.165228843688964844e-01 -6.446020603179931641e-01 5.636419653892517090e-01 1.472117776865307981e+00
-7.332573533058166504e-01 6.957192905247211456e-03 6.799157261848449707e-01 2.360376359943291646e+00
-4.421962499618530273e-01 -7.644867897033691406e-01 -4.690655469894409180e-01 -9.427250634305345267e-01
0.000000000000000000e+00 0.000000000000000000e+00 0.000000000000000000e+00 1.000000000000000000e+00
6.283245086669921875e-01 -6.765234470367431641e-01 3.840882480144500732e-01 8.747582022791826617e-01
-5.812644362449645996e-01 -8.012011647224426270e-02 8.097603917121887207e-01 2.654774002591752335e+00
-5.170492529869079590e-01 -7.320489883422851562e-01 -4.435806870460510254e-01 -7.985856609056865008e-01
0.000000000000000000e+00 0.000000000000000000e+00 0.000000000000000000e+00 1.000000000000000000e+00
6.302149295806884766e-01 -7.292206287384033203e-01 2.665833830833435059e-01 5.651992627409965220e-01
-4.944534897804260254e-01 -1.122240126132965088e-01 8.619290590286254883e-01 2.749080178346180237e+00
-5.986192226409912109e-01 -6.750136017799377441e-01 -4.312909841537475586e-01 -7.193098138885877235e-01
0.000000000000000000e+00 0.000000000000000000e+00 0.000000000000000000e+00 1.000000000000000000e+00
6.000952124595642090e-01 -7.747883796691894531e-01 1.989689618349075317e-01 4.197019581293586210e-01
-3.987491428852081299e-01 -7.410756498575210571e-02 9.140608310699462891e-01 2.844491218956431311e+00
-6.934588551521301270e-01 -6.278622746467590332e-01 -3.534177541732788086e-01 -4.721644941382639460e-01
0.000000000000000000e+00 0.000000000000000000e+00 0.000000000000000000e+00 1.000000000000000000e+00
4.257187843322753906e-01 -9.029214978218078613e-01 5.912808328866958618e-02 1.818336641488927652e-01
-2.222881615161895752e-01 -4.101629555225372314e-02 9.741177558898925781e-01 2.920003102670369000e+00
-8.771268725395202637e-01 -4.278436899185180664e-01 -2.181701809167861938e-01 -8.031330959689052251e-02
0.000000000000000000e+00 0.000000000000000000e+00 0.000000000000000000e+00 1.000000000000000000e+00
3.095788061618804932e-01 -9.463155269622802734e-01 -9.299379587173461914e-02 -2.260962583302644213e-01
-2.697367370128631592e-01 -1.811788082122802734e-01 9.457357525825500488e-01 2.928319390638601138e+00
-9.118130207061767578e-01 -2.676959037780761719e-01 -3.113454282283782959e-01 -4.009315127707125948e-01
0.000000000000000000e+00 0.000000000000000000e+00 0.000000000000000000e+00 1.000000000000000000e+00
3.156649172306060791e-01 -9.483777880668640137e-01 3.057652711868286133e-02 1.570481396399488194e-01
-3.603543043136596680e-01 -9.000857919454574585e-02 9.284630417823791504e-01 2.886319625342538053e+00
-8.777813911437988281e-01 -3.041015565395355225e-01 -3.701647222042083740e-01 -5.720879515515049363e-01
0.000000000000000000e+00 0.000000000000000000e+00 0.000000000000000000e+00 1.000000000000000000e+00
2.845304906368255615e-01 -9.581525921821594238e-01 3.139396384358406067e-02 2.126758879562214710e-01
-4.695853292942047119e-01 -1.107474491000175476e-01 8.759135007858276367e-01 2.775848868355810684e+00
-8.357820510864257812e-01 -2.639661431312561035e-01 -4.814455509185791016e-01 -9.227353291393848300e-01
0.000000000000000000e+00 0.000000000000000000e+00 0.000000000000000000e+00 1.000000000000000000e+00
