0.8427730202674866 -0.08131690323352814 -0.5320913195610046 0.1263916343450546 
-0.4809142053127289 -0.5577682256698608 -0.6764732599258423 0.2220025360584259 
-0.2417749315500259 0.8260036706924438 -0.5091785192489624 0.2138981968164444 
0 0 0 1 

0.874066174030304 -0.01690928265452385 -0.4855124950408936 0.1102612540125847 
-0.4313479065895081 -0.4867705702781677 -0.759600818157196 0.2496469169855118 
-0.2234888821840286 0.8733661770820618 -0.432763397693634 0.1879620999097824 
0 0 0 1 

0.8991658687591553 0.08817128092050552 -0.4286333322525024 0.09143476933240891 
-0.3642345368862152 -0.3921200633049011 -0.8447335362434387 0.2776073813438416 
-0.2425570338964462 0.9156786799430847 -0.3204659819602966 0.1514433920383453 
0 0 0 1 

0.9623541235923767 -0.1998109966516495 -0.1842554062604904 0.005864301696419716 
-0.2361857295036316 -0.2793005108833313 -0.9307027459144592 0.2994600236415863 
0.1345020234584808 0.9391841292381287 -0.3159784972667694 0.1268530935049057 
0 0 0 1 

0.9817591905593872 0.009692075662314892 -0.1898814588785172 0.01023317035287619 
-0.1844409555196762 -0.1939004957675934 -0.9635267853736877 0.3077153861522675 
-0.04615668952465057 0.9809731841087341 -0.1885759383440018 0.0934680849313736 
0 0 0 1 

0.9900021553039551 -0.001207340275868773 -0.1410470753908157 -0.00628164317458868 
-0.1406403928995132 -0.08480722457170486 -0.9864217638969421 0.312591016292572 
-0.01077086478471756 0.9963966012001038 -0.08412913233041763 0.05557993426918983 
0 0 0 1 

0.9888190031051636 -0.07796546071767807 -0.1271157264709473 -0.01266587525606155 
-0.1293077766895294 -0.0237226840108633 -0.991320788860321 0.3123830556869507 
0.07427327334880829 0.9966738820075989 -0.03353896737098694 0.03349435329437256 
0 0 0 1 

0.9915387034416199 -0.09714161604642868 -0.08610763400793076 -0.0264152642339468 
-0.08059749007225037 0.05929460749030113 -0.9949814677238464 0.3098207712173462 
0.1017598286271095 0.993502676486969 0.05096353963017464 0.0005783181404694915 
0 0 0 1 

0.9772778749465942 -0.1979123651981354 -0.07588565349578857 -0.02947588078677654 
-0.0464504212141037 0.1493430137634277 -0.9876937866210938 0.3031958043575287 
0.2068098038434982 0.9687762260437012 0.13675656914711 -0.03673854842782021 
0 0 0 1 

0.9684028029441833 -0.1745681166648865 -0.1781065911054611 -0.002570644719526172 
-0.1483872681856155 0.1706692278385162 -0.9740908741950989 0.3065478503704071 
0.2004425078630447 0.9697410464286804 0.1393728107213974 -0.02602737210690975 
0 0 0 1 

