0.8427730202674866 -0.0813170000910759 -0.5320912599563599 0.1263916492462158 
-0.4809141755104065 -0.5577682256698608 -0.6764730215072632 0.2220024913549423 
-0.2417749613523483 0.8260034322738647 -0.5091785788536072 0.2138982862234116 
0 0 0 1 

0.874066174030304 -0.01690928265452385 -0.4855124950408936 0.1102612540125847 
-0.4313479065895081 -0.4867705702781677 -0.759600818157196 0.2496469169855118 
-0.2234888821840286 0.8733661770820618 -0.432763397693634 0.1879620999097824 
0 0 0 1 

0.8991658687591553 0.08817128092050552 -0.4286333322525024 0.09143476933240891 
-0.3642345368862152 -0.3921200633049011 -0.8447335362434387 0.2776074111461639 
-0.2425570338964462 0.9156786799430847 -0.3204659819602966 0.1514434367418289 
0 0 0 1 

0.9623541235923767 -0.1998109966516495 -0.184255376458168 0.005864296108484268 
-0.2361857146024704 -0.2793004512786865 -0.9307025671005249 0.2994600236415863 
0.1345019936561584 0.9391839504241943 -0.3159784078598022 0.1268531382083893 
0 0 0 1 

0.9817591905593872 0.009692075662314892 -0.1898814588785172 0.01023317314684391 
-0.1844409555196762 -0.1939004957675934 -0.9635267853736877 0.3077153861522675 
-0.04615668952465057 0.9809731841087341 -0.1885759383440018 0.09346809983253479 
0 0 0 1 

0.9900021553039551 -0.001207340275868773 -0.1410470753908157 -0.006281637586653233 
-0.1406403928995132 -0.08480722457170486 -0.9864217638969421 0.3125910460948944 
-0.01077086478471756 0.9963966012001038 -0.08412913233041763 0.05557995662093163 
0 0 0 1 

0.9888190031051636 -0.07796546071767807 -0.1271157264709473 -0.0126658771187067 
-0.1293077766895294 -0.0237226840108633 -0.991320788860321 0.3123830556869507 
0.07427327334880829 0.9966738820075989 -0.03353896737098694 0.03349433094263077 
0 0 0 1 

0.9915387034416199 -0.09714161604642868 -0.08610763400793076 -0.0264152605086565 
-0.08059749007225037 0.05929460749030113 -0.9949814677238464 0.3098207712173462 
0.1017598286271095 0.993502676486969 0.05096353963017464 0.0005783451488241553 
0 0 0 1 

0.9772778749465942 -0.1979123651981354 -0.07588565349578857 -0.02947587519884109 
-0.0464504212141037 0.1493430137634277 -0.9876937866210938 0.3031958341598511 
0.2068098038434982 0.9687762260437012 0.13675656914711 -0.03673851117491722 
0 0 0 1 

0.970011830329895 -0.1716172993183136 -0.172117292881012 -0.004716751165688038 
-0.1443587392568588 0.1629229784011841 -0.9760206937789917 0.3067819178104401 
0.1955439746379852 0.9715983867645264 0.1332627981901169 -0.02365695498883724 
0 0 0 1 

