1.000000000000000000e+00 0.000000000000000000e+00 0.000000000000000000e+00 -4.146692231928954531e-01
0.000000000000000000e+00 -1.000000000000000000e+00 0.000000000000000000e+00 -7.693198940031911737e-02
0.000000000000000000e+00 0.000000000000000000e+00 -1.000000000000000000e+00 -3.421550398492883005e+00
0.000000000000000000e+00 0.000000000000000000e+00 0.000000000000000000e+00 1.000000000000000000e+00
9.899681806564331055e-01 -1.410815119743347168e-01 -7.679010275751352310e-03 -4.772334102807796463e-01
-1.404046118259429932e-01 -9.883843064308166504e-01 5.816859379410743713e-02 2.709906371352062138e-01
-1.579633541405200958e-02 -5.650689080357551575e-02 -9.982777237892150879e-01 -3.433393596119183488e+00
0.000000000000000000e+00 0.000000000000000000e+00 0.000000000000000000e+00 1.000000000000000000e+00
9.718083739280700684e-01 -2.342619150876998901e-01 -2.664298005402088165e-02 -5.482374871492262658e-01
-2.305731475353240967e-01 -9.678914546966552734e-01 1.001082584261894226e-01 5.469573843270064684e-01
-4.923911392688751221e-02 -9.114286303520202637e-02 -9.946194291114807129e-01 -3.409833016313744469e+00
0.000000000000000000e+00 0.000000000000000000e+00 0.000000000000000000e+00 1.000000000000000000e+00
9.406736493110656738e-01 -3.383052647113800049e-01 -2.612680755555629730e-02 -5.332461026575463503e-01
-3.315114378929138184e-01 -9.327337741851806641e-01 1.418007016181945801e-01 7.994346460585108893e-01
-7.234133034944534302e-02 -1.247267946600914001e-01 -9.895504713058471680e-01 -3.377064469275307346e+00
0.000000000000000000e+00 0.000000000000000000e+00 0.000000000000000000e+00 1.000000000000000000e+00
8.943849205970764160e-01 -4.472507238388061523e-01 -6.510489154607057571e-03 -4.003034258509923782e-01
-4.401406645774841309e-01 -8.825736045837402344e-01 1.653480827808380127e-01 9.607561603345158296e-01
-7.969808578491210938e-02 -1.450193226337432861e-01 -9.862137436866760254e-01 -3.359247278457860197e+00
0.000000000000000000e+00 0.000000000000000000e+00 0.000000000000000000e+00 1.000000000000000000e+00
8.334255218505859375e-01 -5.523140430450439453e-01 1.873912103474140167e-02 -2.454814643266686192e-01
-5.451410412788391113e-01 -8.160911202430725098e-01 1.918734014034271240e-01 1.128742101611710957e+00
-9.068161249160766602e-02 -1.701276451349258423e-01 -9.812406897544860840e-01 -3.342615855142435421e+00
0.000000000000000000e+00 0.000000000000000000e+00 0.000000000000000000e+00 1.000000000000000000e+00
7.516595721244812012e-01 -6.581096649169921875e-01 4.358138516545295715e-02 -7.384328266296517895e-02
-6.546423435211181641e-01 -7.363882660865783691e-01 1.708090007305145264e-01 1.099358334801792791e+00
-8.031830936670303345e-02 -1.569204181432723999e-01 -9.843398332595825195e-01 -3.380250530037280932e+00
0.000000000000000000e+00 0.000000000000000000e+00 0.000000000000000000e+00 1.000000000000000000e+00
6.902924180030822754e-01 -7.204924821853637695e-01 6.623329222202301025e-02 5.360595025219203058e-02
-7.225651741027832031e-01 -6.817492842674255371e-01 1.145318076014518738e-01 8.875713829193818682e-01
-3.736484795808792114e-02 -1.269183605909347534e-01 -9.912093281745910645e-01 -3.462000237105465228e+00
0.000000000000000000e+00 0.000000000000000000e+00 0.000000000000000000e+00 1.000000000000000000e+00
5.817562937736511230e-01 -8.128038048744201660e-01 3.014575317502021790e-02 -3.410259667834638492e-02
-8.122869133949279785e-01 -5.786820054054260254e-01 7.291761040687561035e-02 7.392967581641718411e-01
-4.182294011116027832e-02 -6.690728664398193359e-02 -9.968823194503784180e-01 -3.547682969521926299e+00
0.000000000000000000e+00 0.000000000000000000e+00 0.000000000000000000e+00 1.000000000000000000e+00
4.971619248390197754e-01 -8.664823174476623535e-01 4.514906927943229675e-02 7.520942661235342774e-02
-8.672913312911987305e-01 -4.947661161422729492e-01 5.488413944840431213e-02 6.751994753826303652e-01
-2.521791122853755951e-02 -6.644368171691894531e-02 -9.974716305732727051e-01 -3.592504981098359806e+00
0.000000000000000000e+00 0.000000000000000000e+00 0.000000000000000000e+00 1.000000000000000000e+00
3.998853564262390137e-01 -9.155461788177490234e-01 4.320571199059486389e-02 1.218427551390392077e-01
-9.164361357688903809e-01 -4.001761674880981445e-01 2.071540802717208862e-03 4.575238435232445999e-01
1.539329718798398972e-02 -4.042363166809082031e-02 -9.990640282630920410e-01 -3.646269196319402717e+00
0.000000000000000000e+00 0.000000000000000000e+00 0.000000000000000000e+00 1.000000000000000000e+00
2.908321022987365723e-01 -9.554125070571899414e-01 5.102919042110443115e-02 2.095160107289299189e-01
-9.557051658630371094e-01 -2.926141023635864258e-01 -3.169473260641098022e-02 3.106702439212572497e-01
4.521337896585464478e-02 -3.955101594328880310e-02 -9.981937408447265625e-01 -3.672151329649875784e+00
0.000000000000000000e+00 0.000000000000000000e+00 0.000000000000000000e+00 1.000000000000000000e+00
1.749877184629440308e-01 -9.818286299705505371e-01 7.343041896820068359e-02 3.519126842901592611e-01
-9.823967814445495605e-01 -1.790683418512344360e-01 -5.320688709616661072e-02 2.119095774532888943e-01
6.538911163806915283e-02 -6.282727420330047607e-02 -9.958801269531250000e-01 -3.677043309995427389e+00
0.000000000000000000e+00 0.000000000000000000e+00 0.000000000000000000e+00 1.000000000000000000e+00
9.950976818799972534e-02 -9.912680983543395996e-01 8.651514351367950439e-02 4.352580285319856412e-01
-9.903665184974670410e-01 -1.070816889405250549e-01 -8.779418468475341797e-02 6.523972441788490617e-02
9.629179537296295166e-02 -7.694526761770248413e-02 -9.923743605613708496e-01 -3.667672989130611239e+00
0.000000000000000000e+00 0.000000000000000000e+00 0.000000000000000000e+00 1.000000000000000000e+00
1.161888521164655685e-02 -9.968656897544860840e-01 7.825209945440292358e-02 4.636331604779928006e-01
-9.974334239959716797e-01 -1.708367094397544861e-02 -6.953254342079162598e-02 1.540219333014317682e-01
7.065144926309585571e-02 -7.724345475435256958e-02 -9.945061802864074707e-01 -3.606287460110234822e+00
0.000000000000000000e+00 0.000000000000000000e+00 0.000000000000000000e+00 1.000000000000000000e+00
-9.366089105606079102e-02 -8.918159604072570801e-01 4.425964653491973877e-01 1.922257699947806708e+00
-9.901266694068908691e-01 3.686752170324325562e-02 -1.352410912513732910e-01 -9.477713052868433352e-02
1.042926609516143799e-01 -4.508934319019317627e-01 -8.864637613296508789e-01 -3.128319402138921124e+00
0.000000000000000000e+00 0.000000000000000000e+00 0.000000000000000000e+00 1.000000000000000000e+00
-1.647594273090362549e-01 -8.692490458488464355e-01 4.661116302013397217e-01 2.030823676954161883e+00
-9.778185486793518066e-01 8.198640495538711548e-02 -1.927395910024642944e-01 -3.361548549489225546e-01
1.293238550424575806e-01 -4.875284135341644287e-01 -8.634762167930603027e-01 -3.049639936681350250e+00
0.000000000000000000e+00 0.000000000000000000e+00 0.000000000000000000e+00 1.000000000000000000e+00
-1.384444087743759155e-01 -8.106706142425537109e-01 5.688990354537963867e-01 2.335769470238347800e+00
-9.902761578559875488e-01 1.212363764643669128e-01 -6.822901964187622070e-02 1.330152131797175952e-01
-1.366000343114137650e-02 -5.728130936622619629e-01 -8.195721507072448730e-01 -2.808690601471047987e+00
0.000000000000000000e+00 0.000000000000000000e+00 0.000000000000000000e+00 1.000000000000000000e+00
-9.287175536155700684e-02 -7.294808626174926758e-01 6.776670217514038086e-01 2.619266487380216724e+00
-9.944338798522949219e-01 3.394368663430213928e-02 -9.974449872970581055e-02 5.560158253741858542e-02
4.975917935371398926e-02 -6.831583380699157715e-01 -7.285729050636291504e-01 -2.582840671069561278e+00
0.000000000000000000e+00 0.000000000000000000e+00 0.000000000000000000e+00 1.000000000000000000e+00
-6.487562507390975952e-02 -5.626283288002014160e-01 8.241605162620544434e-01 3.111200749386247466e+00
-9.852579832077026367e-01 -9.489881247282028198e-02 -1.423410624265670776e-01 -1.020022764756435968e-01
1.582970172166824341e-01 -8.212454915046691895e-01 -5.481772422790527344e-01 -1.931864308755256721e+00
0.000000000000000000e+00 0.000000000000000000e+00 0.000000000000000000e+00 1.000000000000000000e+00
-1.286576092243194580e-01 -4.134609103202819824e-01 9.013862013816833496e-01 3.371579436636948923e+00
-9.844611287117004395e-01 -5.629164353013038635e-02 -1.663359254598617554e-01 -2.304566945631918995e-01
1.195138022303581238e-01 -9.087799787521362305e-01 -3.997939527034759521e-01 -1.336561281810236146e+00
0.000000000000000000e+00 0.000000000000000000e+00 0.000000000000000000e+00 1.000000000000000000e+00
-1.977054029703140259e-01 -3.183749616146087646e-01 9.271191954612731934e-01 3.480282948885544236e+00
-9.740688204765319824e-01 -4.233453795313835144e-02 -2.222550958395004272e-01 -4.415109007283285480e-01
1.100095957517623901e-01 -9.470185637474060059e-01 -3.017493188381195068e-01 -9.811895190530690591e-01
0.000000000000000000e+00 0.000000000000000000e+00 0.000000000000000000e+00 1.000000000000000000e+00
-2.758358418941497803e-01 -2.014885395765304565e-01 9.398494362831115723e-01 3.565128750053485174e+00
-9.584864974021911621e-01 -1.582374423742294312e-02 -2.846980988979339600e-01 -6.808998227814455628e-01
7.223529368638992310e-02 -9.793630838394165039e-01 -1.887594908475875854e-01 -5.424687711618546571e-01
0.000000000000000000e+00 0.000000000000000000e+00 0.000000000000000000e+00 1.000000000000000000e+00
-1.865624040365219116e-01 8.214950561523437500e-01 5.388324856758117676e-01 2.030315244667684205e+00
-9.474847912788391113e-01 -5.442700814455747604e-03 -3.197543025016784668e-01 -7.914983224842171428e-01
-2.597437798976898193e-01 -5.701900124549865723e-01 7.793693542480468750e-01 3.178462540748829834e+00
0.000000000000000000e+00 0.000000000000000000e+00 0.000000000000000000e+00 1.000000000000000000e+00
-1.652006208896636963e-01 8.743878602981567383e-01 4.562409520149230957e-01 1.702674068214709457e+00
-9.682472944259643555e-01 -5.577893555164337158e-02 -2.436924874782562256e-01 -5.134122313199621646e-01
-1.876329630613327026e-01 -4.820121526718139648e-01 8.558376431465148926e-01 3.405541498484171203e+00
0.000000000000000000e+00 0.000000000000000000e+00 0.000000000000000000e+00 1.000000000000000000e+00
-8.822637051343917847e-02 8.537243604660034180e-01 5.131960511207580566e-01 1.831818626578830989e+00
-9.895758032798767090e-01 -1.625043898820877075e-02 -1.430911868810653687e-01 -1.143716395801930297e-01
-1.138208806514739990e-01 -5.204709172248840332e-01 8.462585806846618652e-01 3.318983573135258158e+00
0.000000000000000000e+00 0.000000000000000000e+00 0.000000000000000000e+00 1.000000000000000000e+00
1.694879867136478424e-02 8.579198718070983887e-01 5.135030746459960938e-01 1.723275572112849208e+00
-9.992315173149108887e-01 3.268489614129066467e-02 -2.162699773907661438e-02 3.619661496538977286e-01
-3.533811867237091064e-02 -5.127419829368591309e-01 8.578148484230041504e-01 3.298629046683397181e+00
0.000000000000000000e+00 0.000000000000000000e+00 0.000000000000000000e+00 1.000000000000000000e+00
5.365902930498123169e-02 8.598449826240539551e-01 5.077269673347473145e-01 1.664696934013683682e+00
-9.948477149009704590e-01 2.237047068774700165e-03 1.013518273830413818e-01 8.257456721838651870e-01
8.601108938455581665e-02 -5.105497837066650391e-01 8.555353283882141113e-01 3.195570339264194981e+00
0.000000000000000000e+00 0.000000000000000000e+00 0.000000000000000000e+00 1.000000000000000000e+00
2.577736787497997284e-02 8.662994503974914551e-01 4.988593161106109619e-01 1.679733258748990377e+00
-9.830176830291748047e-01 -6.873168796300888062e-02 1.701519787311553955e-01 9.800724508223971343e-01
1.816901713609695435e-01 -4.947735369205474854e-01 8.498163223266601562e-01 3.132648827688873983e+00
0.000000000000000000e+00 0.000000000000000000e+00 0.000000000000000000e+00 1.000000000000000000e+00
-4.341658204793930054e-02 8.706563115119934082e-01 4.899707436561584473e-01 1.736597015068342076e+00
-9.950522780418395996e-01 -8.155412971973419189e-02 5.674548074603080750e-02 5.589266990128424206e-01
8.936496078968048096e-02 -4.850832521915435791e-01 8.698897957801818848e-01 3.380886841338203830e+00
0.000000000000000000e+00 0.000000000000000000e+00 0.000000000000000000e+00 1.000000000000000000e+00
-4.452327266335487366e-02 8.720892071723937988e-01 4.873173236846923828e-01 1.703735743768845401e+00
-9.921573400497436523e-01 1.842995174229145050e-02 -1.236290484666824341e-01 -1.069217277838770130e-01
-1.167967990040779114e-01 -4.889998137950897217e-01 8.644291162490844727e-01 3.571966035592097466e+00
0.000000000000000000e+00 0.000000000000000000e+00 0.000000000000000000e+00 1.000000000000000000e+00
1.294550448656082153e-01 8.637287616729736328e-01 4.870461225509643555e-01 1.544853239493547692e+00
-9.854944348335266113e-01 1.664277911186218262e-01 -3.320280089974403381e-02 2.188529958998131630e-01
-1.097362563014030457e-01 -4.756829738616943359e-01 8.727448582649230957e-01 3.619620101179174210e+00
0.000000000000000000e+00 0.000000000000000000e+00 0.000000000000000000e+00 1.000000000000000000e+00
2.271982580423355103e-01 8.097975254058837891e-01 5.409333109855651855e-01 1.579862507940965832e+00
-9.456853270530700684e-01 3.160785734653472900e-01 -7.598299533128738403e-02 5.534412406116650390e-02
-2.325083464384078979e-01 -4.942895174026489258e-01 8.376260399818420410e-01 3.550876953748721920e+00
0.000000000000000000e+00 0.000000000000000000e+00 0.000000000000000000e+00 1.000000000000000000e+00
3.390230834484100342e-01 7.370266318321228027e-01 5.846835374832153320e-01 1.570277094366480553e+00
-9.086481332778930664e-01 4.175617694854736328e-01 5.100566777400672436e-04 3.138800458857606279e-01
-2.437657415866851807e-01 -5.314446687698364258e-01 8.112609386444091797e-01 3.393603163697824776e+00
0.000000000000000000e+00 0.000000000000000000e+00 0.000000000000000000e+00 1.000000000000000000e+00
3.581273555755615234e-01 7.305149435997009277e-01 5.814575552940368652e-01 1.532893360966248730e+00
-9.203087687492370605e-01 3.811820745468139648e-01 8.793162554502487183e-02 6.491290497562328676e-01
-1.574058979749679565e-01 -5.666110515594482422e-01 8.088107705116271973e-01 3.289815071384937006e+00
0.000000000000000000e+00 0.000000000000000000e+00 0.000000000000000000e+00 1.000000000000000000e+00
3.734839260578155518e-01 7.146259546279907227e-01 5.914551615715026855e-01 1.562399840924632022e+00
-9.238218069076538086e-01 3.443022966384887695e-01 1.673587262630462646e-01 9.405153848348836165e-01
-8.404062688350677490e-02 -6.089050769805908203e-01 7.887787222862243652e-01 3.146423723303933606e+00
0.000000000000000000e+00 0.000000000000000000e+00 0.000000000000000000e+00 1.000000000000000000e+00
5.324078202247619629e-01 6.110420823097229004e-01 5.858065485954284668e-01 1.480439694594824385e+00
-8.426288962364196777e-01 4.485755860805511475e-01 2.979200184345245361e-01 1.355948425943562796e+00
-8.073697239160537720e-02 -6.522324681282043457e-01 7.537067532539367676e-01 3.005495945088322962e+00
0.000000000000000000e+00 0.000000000000000000e+00 0.000000000000000000e+00 1.000000000000000000e+00
6.810927391052246094e-01 4.141035377979278564e-01 6.038461923599243164e-01 1.496600257907993115e+00
-7.089681029319763184e-01 5.790640711784362793e-01 4.025531411170959473e-01 1.702307752460615387e+00
-1.829670369625091553e-01 -7.022837996482849121e-01 6.879824995994567871e-01 2.940686512405858100e+00
0.000000000000000000e+00 0.000000000000000000e+00 0.000000000000000000e+00 1.000000000000000000e+00
7.065687775611877441e-01 3.424728810787200928e-01 6.192519664764404297e-01 1.506180156284794514e+00
-6.472181677818298340e-01 6.665851473808288574e-01 3.698277473449707031e-01 1.563199472430883974e+00
-2.861283123493194580e-01 -6.620997786521911621e-01 6.926426887512207031e-01 3.075583077254352204e+00
0.000000000000000000e+00 0.000000000000000000e+00 0.000000000000000000e+00 1.000000000000000000e+00
7.537800669670104980e-01 2.591970562934875488e-01 6.038478016853332520e-01 1.504036467885063288e+00
-5.692033171653747559e-01 7.167220711708068848e-01 4.028856158256530762e-01 1.592231128338675639e+00
-3.283644616603851318e-01 -6.473994255065917969e-01 6.877866983413696289e-01 3.049606151463688075e+00
0.000000000000000000e+00 0.000000000000000000e+00 0.000000000000000000e+00 1.000000000000000000e+00
7.469633817672729492e-01 2.557574808597564697e-01 6.137049198150634766e-01 1.618354623725718699e+00
-5.415552854537963867e-01 7.695245742797851562e-01 3.384530842304229736e-01 1.275750299098773022e+00
-3.856986463069915771e-01 -5.851671695709228516e-01 7.133133411407470703e-01 3.182776114737290385e+00
0.000000000000000000e+00 0.000000000000000000e+00 0.000000000000000000e+00 1.000000000000000000e+00
7.330967783927917480e-01 3.508870601654052734e-01 5.826212167739868164e-01 1.600683930346748163e+00
-5.875698924064636230e-01 7.581818103790283203e-01 2.827045619487762451e-01 1.029978612913677871e+00
-3.425354063510894775e-01 -5.495806932449340820e-01 7.619911432266235352e-01 3.331953594588334955e+00
0.000000000000000000e+00 0.000000000000000000e+00 0.000000000000000000e+00 1.000000000000000000e+00
8.087449073791503906e-01 1.836703270673751831e-01 5.587456226348876953e-01 1.564391689038130417e+00
-5.304197669029235840e-01 6.382439732551574707e-01 5.579420924186706543e-01 2.037095763362187562e+00
-2.541387081146240234e-01 -7.476024627685546875e-01 6.135987043380737305e-01 2.855409836418868696e+00
0.000000000000000000e+00 0.000000000000000000e+00 0.000000000000000000e+00 1.000000000000000000e+00
8.470855355262756348e-01 1.051355451345443726e-01 5.209533572196960449e-01 1.412518139269334005e+00
-4.778234660625457764e-01 5.797898769378662109e-01 6.599454283714294434e-01 2.421088299799701193e+00
-2.326598763465881348e-01 -8.079540133476257324e-01 5.413677096366882324e-01 2.570797025845591666e+00
0.000000000000000000e+00 0.000000000000000000e+00 0.000000000000000000e+00 1.000000000000000000e+00
8.728709816932678223e-01 2.448972500860691071e-02 4.873357415199279785e-01 1.281248850997519506e+00
-4.296369552612304688e-01 5.120357275009155273e-01 7.437952756881713867e-01 2.744038972972512092e+00
-2.313179373741149902e-01 -8.586148023605346680e-01 4.574630558490753174e-01 2.253257451000322042e+00
0.000000000000000000e+00 0.000000000000000000e+00 0.000000000000000000e+00 1.000000000000000000e+00
8.717836737632751465e-01 -1.556788086891174316e-01 4.644965231418609619e-01 1.226243113072869706e+00
-3.670096099376678467e-01 4.204988181591033936e-01 8.297495841979980469e-01 3.074031002438216920e+00
-3.244946599006652832e-01 -8.938368558883666992e-01 3.094483017921447754e-01 1.745274825484002701e+00
0.000000000000000000e+00 0.000000000000000000e+00 0.000000000000000000e+00 1.000000000000000000e+00
9.478070139884948730e-01 2.725762724876403809e-01 1.654186248779296875e-01 -1.459898336288363747e-02
-2.473332881927490234e-01 3.011359870433807373e-01 9.209470748901367188e-01 3.352653963627006739e+00
2.012147456407546997e-01 -9.137939214706420898e-01 3.528361320495605469e-01 1.544997143243129756e+00
0.000000000000000000e+00 0.000000000000000000e+00 0.000000000000000000e+00 1.000000000000000000e+00
9.744914174079895020e-01 1.527787894010543823e-01 1.643936038017272949e-01 -1.451263739563008609e-02
-1.960826218128204346e-01 2.232853174209594727e-01 9.548271894454956055e-01 3.453352166437532400e+00
1.091707050800323486e-01 -9.627055525779724121e-01 2.475469559431076050e-01 1.185859706917404388e+00
0.000000000000000000e+00 0.000000000000000000e+00 0.000000000000000000e+00 1.000000000000000000e+00
9.849777817726135254e-01 8.808295428752899170e-02 1.485289484262466431e-01 -6.621187023506011626e-02
-1.582635790109634399e-01 1.163827851414680481e-01 9.805138111114501953e-01 3.523139409729503679e+00
6.908035278320312500e-02 -9.892906546592712402e-01 1.285747438669204712e-01 7.342139639917039107e-01
0.000000000000000000e+00 0.000000000000000000e+00 0.000000000000000000e+00 1.000000000000000000e+00
9.808844327926635742e-01 1.342658549547195435e-01 1.408490091562271118e-01 -1.118493985815071784e-01
-1.489518433809280396e-01 5.229670926928520203e-02 9.874608516693115234e-01 3.531224000134278285e+00
1.252162903547286987e-01 -9.895644783973693848e-01 7.129620015621185303e-02 4.726526977126411788e-01
0.000000000000000000e+00 0.000000000000000000e+00 0.000000000000000000e+00 1.000000000000000000e+00
9.933466315269470215e-01 4.467769339680671692e-02 1.061447784304618835e-01 -2.378943835317084421e-01
-1.047946736216545105e-01 -3.155429288744926453e-02 9.939933419227600098e-01 3.515427784568097458e+00
4.775862768292427063e-02 -9.985031485557556152e-01 -2.666235901415348053e-02 1.115361456243204874e-01
0.000000000000000000e+00 0.000000000000000000e+00 0.000000000000000000e+00 1.000000000000000000e+00
9.907897710800170898e-01 1.045802980661392212e-01 8.601686358451843262e-02 -3.075738434876945093e-01
-7.238725572824478149e-02 -1.277835816144943237e-01 9.891571998596191406e-01 3.451741728713856094e+00
1.144377887248992920e-01 -9.862728118896484375e-01 -1.190363317728042603e-01 -3.176833170008279694e-01
0.000000000000000000e+00 0.000000000000000000e+00 0.000000000000000000e+00 1.000000000000000000e+00
9.829670786857604980e-01 -7.782469689846038818e-02 1.664886921644210815e-01 -3.300912525553218596e-02
-1.772115230560302734e-01 -1.613394320011138916e-01 9.708581566810607910e-01 3.477686942117837798e+00
-4.869560152292251587e-02 -9.838254451751708984e-01 -1.723828017711639404e-01 -2.884428806994662753e-01
0.000000000000000000e+00 0.000000000000000000e+00 0.000000000000000000e+00 1.000000000000000000e+00
7.589347958564758301e-01 -6.422873139381408691e-01 1.071693375706672668e-01 1.306105392210834930e-02
-2.733027637004852295e-01 -1.648080646991729736e-01 9.477044939994812012e-01 3.503228856691189996e+00
-5.910362601280212402e-01 -7.485352158546447754e-01 -3.006174564361572266e-01 -3.981672862005747326e-01
0.000000000000000000e+00 0.000000000000000000e+00 0.000000000000000000e+00 1.000000000000000000e+00
5.122743248939514160e-01 -8.587723374366760254e-01 -9.240902028977870941e-03 -1.123773387254170947e-01
-3.767943084239959717e-01 -2.344081401824951172e-01 8.961466550827026367e-01 3.492269469493722411e+00
-7.717518806457519531e-01 -4.555909931659698486e-01 -4.436617791652679443e-01 -8.297458100037558015e-01
0.000000000000000000e+00 0.000000000000000000e+00 0.000000000000000000e+00 1.000000000000000000e+00
9.116541147232055664e-01 -2.869796156883239746e-01 2.941581606864929199e-01 5.325714511139921781e-01
-3.834608197212219238e-01 -3.366017937660217285e-01 8.600326180458068848e-01 3.419782536935519701e+00
-1.477977931499481201e-01 -8.968509435653686523e-01 -4.169099926948547363e-01 -1.025187870325409145e+00
0.000000000000000000e+00 0.000000000000000000e+00 0.000000000000000000e+00 1.000000000000000000e+00
8.800379037857055664e-01 -1.690189242362976074e-01 4.438088536262512207e-01 1.069414416710049442e+00
-4.721954166889190674e-01 -4.110827147960662842e-01 7.797706723213195801e-01 3.256750535802855229e+00
5.064605921506881714e-02 -8.957918286323547363e-01 -4.415782094001770020e-01 -1.282629887159402404e+00
0.000000000000000000e+00 0.000000000000000000e+00 0.000000000000000000e+00 1.000000000000000000e+00
8.697969913482666016e-01 -1.427700072526931763e-01 4.723031520843505859e-01 1.177119936702764269e+00
-4.749190807342529297e-01 -5.018420815467834473e-01 7.229149341583251953e-01 3.058399898102695413e+00
1.338109672069549561e-01 -8.530951142311096191e-01 -5.043051242828369141e-01 -1.598708106968385945e+00
0.000000000000000000e+00 0.000000000000000000e+00 0.000000000000000000e+00 1.000000000000000000e+00
8.565784096717834473e-01 -1.339146792888641357e-01 4.983371198177337646e-01 1.278529169139684063e+00
-4.746771156787872314e-01 -5.832337141036987305e-01 6.591812968254089355e-01 2.855737065213495907e+00
2.023729830980300903e-01 -8.011897206306457520e-01 -5.631515383720397949e-01 -1.839718281703137670e+00
0.000000000000000000e+00 0.000000000000000000e+00 0.000000000000000000e+00 1.000000000000000000e+00
8.375678658485412598e-01 -9.118141233921051025e-02 5.386703610420227051e-01 1.399287352375769178e+00
-4.481351673603057861e-01 -6.786305308341979980e-01 5.819234848022460938e-01 2.586041313225612814e+00
3.124976754188537598e-01 -7.287977337837219238e-01 -6.092608571052551270e-01 -2.085221274351074072e+00
0.000000000000000000e+00 0.000000000000000000e+00 0.000000000000000000e+00 1.000000000000000000e+00
8.193674683570861816e-01 -1.086980104446411133e-01 5.628693103790283203e-01 1.508914315536549866e+00
-4.488889575004577637e-01 -7.323482632637023926e-01 5.120192170143127441e-01 2.348194966112171933e+00
3.565609753131866455e-01 -6.721978187561035156e-01 -6.488561034202575684e-01 -2.276540035004358753e+00
0.000000000000000000e+00 0.000000000000000000e+00 0.000000000000000000e+00 1.000000000000000000e+00
7.932026386260986328e-01 -1.498448401689529419e-01 5.902335643768310547e-01 1.650794844152040808e+00
-4.540469050407409668e-01 -7.914193272590637207e-01 4.092633128166198730e-01 1.997265005689614181e+00
4.057960510253906250e-01 -5.926229953765869141e-01 -6.957926750183105469e-01 -2.506345223894784535e+00
0.000000000000000000e+00 0.000000000000000000e+00 0.000000000000000000e+00 1.000000000000000000e+00
7.658140063285827637e-01 -2.159959673881530762e-01 6.057012677192687988e-01 1.756928963679684985e+00
-4.633557200431823730e-01 -8.384655117988586426e-01 2.868398427963256836e-01 1.573515304998620579e+00
4.459031522274017334e-01 -5.003210902214050293e-01 -7.421914935111999512e-01 -2.737242249576680386e+00
0.000000000000000000e+00 0.000000000000000000e+00 0.000000000000000000e+00 1.000000000000000000e+00
7.380355000495910645e-01 -2.808065712451934814e-01 6.135561466217041016e-01 1.835223744098809062e+00
-4.676941037178039551e-01 -8.683196306228637695e-01 1.651759594678878784e-01 1.142046309574441754e+00
4.863804578781127930e-01 -4.088625311851501465e-01 -7.721824645996093750e-01 -2.906255137897596263e+00
0.000000000000000000e+00 0.000000000000000000e+00 0.000000000000000000e+00 1.000000000000000000e+00
7.198243141174316406e-01 -3.557966351509094238e-01 5.960383415222167969e-01 1.802038454935387835e+00
-4.409973025321960449e-01 -8.975026011466979980e-01 -3.167522605508565903e-03 5.325038177844630960e-01
5.360727310180664062e-01 -2.605711519718170166e-01 -8.029495477676391602e-01 -3.086926809422259943e+00
0.000000000000000000e+00 0.000000000000000000e+00 0.000000000000000000e+00 1.000000000000000000e+00
7.044140100479125977e-01 -4.031707048416137695e-01 5.841698050498962402e-01 1.753796676095128459e+00
-3.770813941955566406e-01 -9.098349809646606445e-01 -1.732330620288848877e-01 -1.468426460123362365e-01
6.013406515121459961e-01 -9.825193136930465698e-02 -7.929286360740661621e-01 -3.068453310080437646e+00
0.000000000000000000e+00 0.000000000000000000e+00 0.000000000000000000e+00 1.000000000000000000e+00
7.047093510627746582e-01 -4.211448729038238525e-01 5.709835290908813477e-01 1.688620999816471846e+00
-3.008571267127990723e-01 -9.062145352363586426e-01 -2.970851659774780273e-01 -6.677590887250617335e-01
6.425496339797973633e-01 3.757409751415252686e-02 -7.653223872184753418e-01 -2.993807867028728698e+00
0.000000000000000000e+00 0.000000000000000000e+00 0.000000000000000000e+00 1.000000000000000000e+00
6.924238801002502441e-01 -4.537184238433837891e-01 5.609709024429321289e-01 1.652512828230551900e+00
-2.427013218402862549e-01 -8.786821365356445312e-01 -4.111124277114868164e-01 -1.125005687248612718e+00
6.794445514678955078e-01 1.485157459974288940e-01 -7.185389399528503418e-01 -2.846303732624941407e+00
0.000000000000000000e+00 0.000000000000000000e+00 0.000000000000000000e+00 1.000000000000000000e+00
6.864042282104492188e-01 -4.806841909885406494e-01 5.457031726837158203e-01 1.596054611290888881e+00
-1.656560450792312622e-01 -8.340188860893249512e-01 -5.262801051139831543e-01 -1.618594939434610191e+00
7.081010937690734863e-01 2.708416879177093506e-01 -6.521022319793701172e-01 -2.624964199829256550e+00
0.000000000000000000e+00 0.000000000000000000e+00 0.000000000000000000e+00 1.000000000000000000e+00
6.666637659072875977e-01 -5.132299661636352539e-01 5.405122041702270508e-01 1.586267031251305859e+00
-9.773583710193634033e-02 -7.791025638580322266e-01 -6.192306876182556152e-01 -2.027453261679425189e+00
7.389222383499145508e-01 3.599912226200103760e-01 -5.695602297782897949e-01 -2.349256192966295398e+00
0.000000000000000000e+00 0.000000000000000000e+00 0.000000000000000000e+00 1.000000000000000000e+00
6.814169883728027344e-01 -5.272651910781860352e-01 5.076041221618652344e-01 1.458691374278304531e+00
-3.808851167559623718e-02 -7.181549668312072754e-01 -6.948401927947998047e-01 -2.369417751217144819e+00
7.309034466743469238e-01 4.541421234607696533e-01 -5.094457864761352539e-01 -2.138261275176259524e+00
0.000000000000000000e+00 0.000000000000000000e+00 0.000000000000000000e+00 1.000000000000000000e+00
6.951374411582946777e-01 -5.302786827087402344e-01 4.853741228580474854e-01 1.370046636005775031e+00
1.609620451927185059e-02 -6.635338664054870605e-01 -7.479732036590576172e-01 -2.622594624392338591e+00
7.186964154243469238e-01 5.277569293975830078e-01 -4.527119994163513184e-01 -1.946543869140391125e+00
0.000000000000000000e+00 0.000000000000000000e+00 0.000000000000000000e+00 1.000000000000000000e+00
7.471914887428283691e-01 -5.004816055297851562e-01 4.372911155223846436e-01 1.153085222246444497e+00
6.325322389602661133e-02 -6.014297008514404297e-01 -7.964178919792175293e-01 -2.858859660919870649e+00
6.615917682647705078e-01 6.227367520332336426e-01 -4.177259206771850586e-01 -1.818067166745795049e+00
0.000000000000000000e+00 0.000000000000000000e+00 0.000000000000000000e+00 1.000000000000000000e+00
7.941010594367980957e-01 -4.797008931636810303e-01 3.732162415981292725e-01 8.801291266777833133e-01
1.019565910100936890e-01 -5.002191066741943359e-01 -8.598749637603759766e-01 -3.172938621568468065e+00
5.991730093955993652e-01 7.208799719810485840e-01 -3.483159840106964111e-01 -1.561482590801708925e+00
0.000000000000000000e+00 0.000000000000000000e+00 0.000000000000000000e+00 1.000000000000000000e+00
8.281106948852539062e-01 -4.646133184432983398e-01 3.136361539363861084e-01 6.447211432528211494e-01
1.264177113771438599e-01 -3.902989029884338379e-01 -9.119675755500793457e-01 -3.425536398986860576e+00
5.461239814758300781e-01 7.948592901229858398e-01 -2.644754946231842041e-01 -1.234498153747928040e+00
0.000000000000000000e+00 0.000000000000000000e+00 0.000000000000000000e+00 1.000000000000000000e+00
8.752369284629821777e-01 -3.987537920475006104e-01 2.737803459167480469e-01 4.671303559468016342e-01
1.576906293630599976e-01 -2.998644113540649414e-01 -9.408587813377380371e-01 -3.576424624219455950e+00
4.572679400444030762e-01 8.666465282440185547e-01 -1.995725184679031372e-01 -9.680864434558701381e-01
0.000000000000000000e+00 0.000000000000000000e+00 0.000000000000000000e+00 1.000000000000000000e+00
8.935117721557617188e-01 -3.649816215038299561e-01 2.615828216075897217e-01 3.998818701761474581e-01
1.941580921411514282e-01 -2.112488299608230591e-01 -9.579543471336364746e-01 -3.689215932051330249e+00
4.048947393894195557e-01 9.067314863204956055e-01 -1.178891807794570923e-01 -6.480805842338479561e-01
0.000000000000000000e+00 0.000000000000000000e+00 0.000000000000000000e+00 1.000000000000000000e+00
9.461017847061157227e-01 -2.288367003202438354e-01 2.291852384805679321e-01 2.293453654075934822e-01
2.082156687974929810e-01 -1.122537106275558472e-01 -9.716201424598693848e-01 -3.776985822091263323e+00
2.480692565441131592e-01 9.669711589813232422e-01 -5.855600908398628235e-02 -3.239571559785505150e-01
0.000000000000000000e+00 0.000000000000000000e+00 0.000000000000000000e+00 1.000000000000000000e+00
9.822908043861389160e-01 -3.163015097379684448e-02 1.846735328435897827e-01 -1.004838648294829884e-02
1.838881522417068481e-01 -2.618588507175445557e-02 -9.825983047485351562e-01 -3.846826838560651662e+00
3.591559082269668579e-02 9.991565346717834473e-01 -1.990579068660736084e-02 -1.358309535176796014e-02
0.000000000000000000e+00 0.000000000000000000e+00 0.000000000000000000e+00 1.000000000000000000e+00
9.812806248664855957e-01 -9.058752655982971191e-02 1.699485629796981812e-01 -6.036129036395958269e-02
1.762396246194839478e-01 6.662949174642562866e-02 -9.820895195007324219e-01 -3.893059706644578455e+00
7.764148712158203125e-02 9.936571121215820312e-01 8.134737610816955566e-02 4.046536280072041136e-01
0.000000000000000000e+00 0.000000000000000000e+00 0.000000000000000000e+00 1.000000000000000000e+00
9.838248491287231445e-01 -3.050198405981063843e-02 1.765167862176895142e-01 -1.847954700897347022e-02
1.788728684186935425e-01 1.142123863101005554e-01 -9.772205352783203125e-01 -3.900853370371531348e+00
9.646740742027759552e-03 9.929879903793334961e-01 1.178209558129310608e-01 6.497398785301564672e-01
0.000000000000000000e+00 0.000000000000000000e+00 0.000000000000000000e+00 1.000000000000000000e+00
9.867826104164123535e-01 7.982023060321807861e-02 1.410274505615234375e-01 -1.285603829322695124e-01
1.356820613145828247e-01 6.886281073093414307e-02 -9.883562326431274414e-01 -3.915250793925152628e+00
-8.860233426094055176e-02 9.944277405738830566e-01 5.712245404720306396e-02 4.575618673127248015e-01
0.000000000000000000e+00 0.000000000000000000e+00 0.000000000000000000e+00 1.000000000000000000e+00
9.349200725555419922e-01 -3.472162485122680664e-01 7.324861735105514526e-02 -3.463580923997622851e-01
5.402302742004394531e-02 -6.474507600069046021e-02 -9.964382052421569824e-01 -3.867960386685352692e+00
3.507222235202789307e-01 9.355474114418029785e-01 -4.177380353212356567e-02 -2.320328140208319234e-01
0.000000000000000000e+00 0.000000000000000000e+00 0.000000000000000000e+00 1.000000000000000000e+00
8.456495404243469238e-01 -5.295800566673278809e-01 6.649635732173919678e-02 -2.927266943416911849e-01
-4.174402356147766113e-02 -1.898278295993804932e-01 -9.809294342994689941e-01 -3.717335512142159626e+00
5.321037173271179199e-01 8.267465233802795410e-01 -1.826347559690475464e-01 -8.768938562033419259e-01
0.000000000000000000e+00 0.000000000000000000e+00 0.000000000000000000e+00 1.000000000000000000e+00
7.640201449394226074e-01 -6.412287950515747070e-01 7.140626013278961182e-02 -1.772985618796844298e-01
-1.730319112539291382e-01 -3.102611303329467773e-01 -9.347712397575378418e-01 -3.420782298583404657e+00
6.215574145317077637e-01 7.018288373947143555e-01 -3.479989171028137207e-01 -1.552926795694822282e+00
0.000000000000000000e+00 0.000000000000000000e+00 0.000000000000000000e+00 1.000000000000000000e+00
9.476704597473144531e-01 -1.924447566270828247e-01 -2.547256648540496826e-01 -1.442664369910928723e+00
-3.127276599407196045e-01 -3.991380631923675537e-01 -8.619107604026794434e-01 -3.014735520707846117e+00
6.419957429170608521e-02 8.964672684669494629e-01 -4.384341835975646973e-01 -1.582517210067956315e+00
0.000000000000000000e+00 0.000000000000000000e+00 0.000000000000000000e+00 1.000000000000000000e+00
8.899726271629333496e-01 -3.473553061485290527e-01 -2.954548299312591553e-01 -1.497440623906952872e+00
-4.429663717746734619e-01 -5.046316981315612793e-01 -7.410315871238708496e-01 -2.445803239138100160e+00
1.083053573966026306e-01 7.903741598129272461e-01 -6.029749512672424316e-01 -2.200241066747067986e+00
0.000000000000000000e+00 0.000000000000000000e+00 0.000000000000000000e+00 1.000000000000000000e+00
8.094050884246826172e-01 -4.934025108814239502e-01 -3.184606134891510010e-01 -1.461693525419395678e+00
-5.791665315628051758e-01 -5.810219645500183105e-01 -5.718215107917785645e-01 -1.723962446484202715e+00
9.710565209388732910e-02 6.472768187522888184e-01 -7.560444474220275879e-01 -2.710254146760672889e+00
0.000000000000000000e+00 0.000000000000000000e+00 0.000000000000000000e+00 1.000000000000000000e+00
7.399339675903320312e-01 -5.749088525772094727e-01 -3.492525219917297363e-01 -1.456805853822034758e+00
-6.719932556152343750e-01 -6.083005070686340332e-01 -4.223683178424835205e-01 -1.115185791597601117e+00
3.037302568554878235e-02 5.472202897071838379e-01 -8.364373445510864258e-01 -2.937964422280884502e+00
0.000000000000000000e+00 0.000000000000000000e+00 0.000000000000000000e+00 1.000000000000000000e+00
6.603032350540161133e-01 -6.980725526809692383e-01 -2.769380211830139160e-01 -1.062580557481896948e+00
-7.507296800613403320e-01 -6.036713123321533203e-01 -2.683005928993225098e-01 -5.234976320344715273e-01
2.011384814977645874e-02 3.850653171539306641e-01 -9.226700663566589355e-01 -3.190886906962911773e+00
0.000000000000000000e+00 0.000000000000000000e+00 0.000000000000000000e+00 1.000000000000000000e+00
6.810510158538818359e-01 -6.931565999984741211e-01 -2.360155284404754639e-01 -9.200542336876159633e-01
-7.319087386131286621e-01 -6.540486216545104980e-01 -1.911265701055526733e-01 -2.065409231006703761e-01
-2.188491448760032654e-02 3.029088377952575684e-01 -9.527683258056640625e-01 -3.235882647266385970e+00
0.000000000000000000e+00 0.000000000000000000e+00 0.000000000000000000e+00 1.000000000000000000e+00
6.829640865325927734e-01 -6.913547515869140625e-01 -2.357730865478515625e-01 -9.200634544087435973e-01
-7.184361219406127930e-01 -6.940804123878479004e-01 -4.585060477256774902e-02 3.103881070897441252e-01
-1.319463700056076050e-01 2.007021754980087280e-01 -9.707257747650146484e-01 -3.182649614522266024e+00
0.000000000000000000e+00 0.000000000000000000e+00 0.000000000000000000e+00 1.000000000000000000e+00
6.645107269287109375e-01 -7.153925895690917969e-01 -2.159605771303176880e-01 -8.303728967754191448e-01
-7.276456356048583984e-01 -6.852521300315856934e-01 3.100447542965412140e-02 5.526933191806285839e-01
-1.701677441596984863e-01 1.365399658679962158e-01 -9.759097695350646973e-01 -3.141295283489536683e+00
0.000000000000000000e+00 0.000000000000000000e+00 0.000000000000000000e+00 1.000000000000000000e+00
6.489845514297485352e-01 -7.342808246612548828e-01 -1.991247236728668213e-01 -7.534640682992471694e-01
-7.339184880256652832e-01 -6.731898188591003418e-01 9.043891727924346924e-02 7.306423788986871060e-01
-2.004562169313430786e-01 8.744780719280242920e-02 -9.757922291755676270e-01 -3.094437474568061841e+00
0.000000000000000000e+00 0.000000000000000000e+00 0.000000000000000000e+00 1.000000000000000000e+00
5.648052692413330078e-01 -7.969899177551269531e-01 -2.140137851238250732e-01 -7.145415947452284922e-01
-7.636677026748657227e-01 -6.030755043029785156e-01 2.304593622684478760e-01 1.195806560747149527e+00
-3.127402961254119873e-01 3.327077627182006836e-02 -9.492560029029846191e-01 -2.932510236471438159e+00
0.000000000000000000e+00 0.000000000000000000e+00 0.000000000000000000e+00 1.000000000000000000e+00
5.630612969398498535e-01 -7.974371314048767090e-01 -2.169226258993148804e-01 -7.129069418567215433e-01
-6.770157814025878906e-01 -5.956277251243591309e-01 4.322929084300994873e-01 1.843747582311183297e+00
-4.739315807819366455e-01 -9.654731303453445435e-02 -8.752526044845581055e-01 -2.554852249273650511e+00
0.000000000000000000e+00 0.000000000000000000e+00 0.000000000000000000e+00 1.000000000000000000e+00
5.732247829437255859e-01 -7.897740006446838379e-01 -2.183343470096588135e-01 -7.384534237031558090e-01
-6.122500896453857422e-01 -5.899148583412170410e-01 5.264508724212646484e-01 2.133140001077204140e+00
-5.445760488510131836e-01 -1.680994629859924316e-01 -8.216931819915771484e-01 -2.306690241942400910e+00
0.000000000000000000e+00 0.000000000000000000e+00 0.000000000000000000e+00 1.000000000000000000e+00
6.372047066688537598e-01 -7.428803443908691406e-01 -2.051808238029479980e-01 -7.510611656083763243e-01
-4.995072484016418457e-01 -6.008257269859313965e-01 6.241000890731811523e-01 2.408257364738213724e+00
-5.869097113609313965e-01 -2.951901257038116455e-01 -7.539229989051818848e-01 -1.994080047376976417e+00
0.000000000000000000e+00 0.000000000000000000e+00 0.000000000000000000e+00 1.000000000000000000e+00
7.109809517860412598e-01 -6.796989440917968750e-01 -1.803207993507385254e-01 -7.333335105783276298e-01
