1 0 0 -0.01792658120393753 
0 1 0 0.02243540808558464 
0 0 1 -0.3816788792610168 
0 0 0 1 

0.999328076839447 0.03383150324225426 0.01409729942679405 -0.02000424824655056 
-0.03385690972208977 0.9994254112243652 0.001567526487633586 0.01893711648881435 
-0.01403616555035114 -0.002043781103566289 0.9998993873596191 -0.3678390085697174 
0 0 0 1 

0.7627121210098267 0.6458325386047363 -0.03421040996909142 -0.02725499123334885 
-0.6429136991500854 0.7513965964317322 -0.1485427916049957 0.0583653450012207 
-0.070228211581707 0.13528972864151 0.9883140325546265 -0.2775093615055084 
0 0 0 1 

0.787080705165863 0.6161811947822571 0.02871374785900116 -0.05061003193259239 
-0.6137052178382874 0.7869136929512024 -0.06428446620702744 0.03046873956918716 
-0.06220613420009613 0.03297526761889458 0.9975184202194214 -0.2836247384548187 
0 0 0 1 

0.8118143081665039 0.5791295170783997 0.07460738718509674 -0.06849716603755951 
-0.5814877152442932 0.8134520053863525 0.01294721383601427 0.004106662236154079 
-0.0531914047896862 -0.0538940392434597 0.9971289038658142 -0.287420392036438 
0 0 0 1 

0.8406045436859131 0.533306896686554 0.0946967825293541 -0.07908131927251816 
-0.541176974773407 0.834234893321991 0.1057327687740326 -0.02741228230297565 
-0.02261127158999443 -0.1401271820068359 0.989875316619873 -0.2893346846103668 
0 0 0 1 

0.8499311804771423 0.5199646353721619 0.08516840636730194 -0.07974734157323837 
-0.525795042514801 0.8265728354454041 0.2007902711629868 -0.06049685552716255 
0.03400600329041481 -0.215439036488533 0.9759249687194824 -0.2891718149185181 
0 0 0 1 

0.9826270937919617 0.1847942173480988 0.01717640459537506 -0.02573212794959545 
-0.1836672127246857 0.9815593361854553 -0.05298583209514618 0.002021644031628966 
-0.02665115706622601 0.04891055822372437 0.9984475374221802 -0.2326283752918243 
0 0 0 1 

0.9893431067466736 0.1325206011533737 -0.06031971797347069 -0.01617581397294998 
-0.1350214928388596 0.9900569319725037 -0.0394502691924572 -0.04840489849448204 
0.05449195578694344 0.04717434570193291 0.9973992109298706 -0.3376709818840027 
0 0 0 1 

0.9499176740646362 -0.08611837029457092 0.3003996312618256 -0.04794067144393921 
0.04442746937274933 0.9887306690216064 0.1429609060287476 -0.01855451613664627 
-0.3093259036540985 -0.1224550828337669 0.9430387616157532 -0.1989276558160782 
0 0 0 1 

