0.6232762932777405 0.7804524898529053 -0.04919959977269173 0.02902144193649292 
-0.4483223259449005 0.4081659913063049 0.795240581035614 -0.2051922529935837 
0.6407290697097778 -0.4735972285270691 0.60429447889328 -0.1567967534065247 
0 0 0 1 

0.6275052428245544 0.7696292996406555 -0.1179311126470566 0.04932864755392075 
-0.5117483735084534 0.5218267440795898 0.6825029253959656 -0.1620997786521912 
0.5868139863014221 -0.3679230809211731 0.7213056683540344 -0.182850256562233 
0 0 0 1 

0.6259002685546875 0.7652234435081482 -0.1506049185991287 0.05759062618017197 
-0.5682258009910583 0.5797081589698792 0.5840015411376953 -0.129010945558548 
0.5341986417770386 -0.2799490988254547 0.7976592779159546 -0.1984578371047974 
0 0 0 1 

0.6040996909141541 0.7841804027557373 -0.1418608874082565 0.05182972177863121 
-0.6640305519104004 0.5937522053718567 0.4544462859630585 -0.09340497851371765 
0.4405981302261353 -0.1803307980298996 0.8794054388999939 -0.2150322049856186 
0 0 0 1 

0.9346556663513184 0.355286031961441 0.01380160078406334 -0.07359889149665833 
-0.2881311476230621 0.7341048121452332 0.6148742437362671 -0.2149669677019119 
0.2083245068788528 -0.5786722302436829 0.7885043025016785 -0.2560461461544037 
0 0 0 1 

0.9525933265686035 0.2999468147754669 -0.05096917226910591 -0.05341862887144089 
-0.189149022102356 0.7150706648826599 0.6729755997657776 -0.2383994162082672 
0.2383035719394684 -0.6314312815666199 0.737906277179718 -0.2499832957983017 
0 0 0 1 

0.934755265712738 0.3238147497177124 -0.146207258105278 -0.01967265829443932 
-0.1222855597734451 0.6795936226844788 0.7233246564865112 -0.2570534944534302 
0.3335847556591034 -0.658252477645874 0.6748515963554382 -0.2408423721790314 
0 0 0 1 

0.8912345767021179 0.384577751159668 -0.2404179275035858 0.01729114726185799 
-0.07742376625537872 0.6513155698776245 0.7548466324806213 -0.269666314125061 
0.4468852281570435 -0.654131293296814 0.6102504730224609 -0.2271444052457809 
0 0 0 1 

0.9530412554740906 0.2353786379098892 -0.1905498057603836 -0.00789994653314352 
-0.03138016164302826 0.7025766372680664 0.7109156847000122 -0.2507310807704926 
0.3012102246284485 -0.6715524196624756 0.6769707798957825 -0.2325448095798492 
0 0 0 1 

0.9502691626548767 0.2336836010217667 -0.2058650255203247 -0.003219499019905925 
-0.02347409725189209 0.7128977179527283 0.7008746266365051 -0.2463325411081314 
0.3105437457561493 -0.6611869335174561 0.6829303503036499 -0.2354744523763657 
0 0 0 1 

