0.7576553821563721 0.6388106346130371 -0.1337127685546875 0.01488479319959879 
-0.599435567855835 0.600081205368042 -0.5296972990036011 0.1711456030607224 
-0.2581379115581512 0.4814801514148712 0.8375807404518127 -0.2148896753787994 
0 0 0 1 

0.7880073189735413 0.5987612009048462 -0.1432807892560959 0.01451924256980419 
-0.5375393629074097 0.5556584000587463 -0.634267270565033 0.1982406377792358 
-0.3001595437526703 0.576826274394989 0.7597206830978394 -0.1861581057310104 
0 0 0 1 

0.8152141571044922 0.5620186924934387 -0.1398599892854691 0.01152537018060684 
-0.4783669114112854 0.5172810554504395 -0.7096373438835144 0.2177859842777252 
-0.3264826238155365 0.6454108357429504 0.6905460953712463 -0.1618559658527374 
0 0 0 1 

0.8400487303733826 0.5273374915122986 -0.127410039305687 0.005312835332006216 
-0.4108613729476929 0.4650372862815857 -0.784176766872406 0.2371239066123962 
-0.3542754352092743 0.7110945582389832 0.6073165535926819 -0.1380962133407593 
0 0 0 1 

0.8714902400970459 0.4816227555274963 -0.09243505448102951 -0.006655001547187567 
-0.3260789513587952 0.4282902777194977 -0.8427572250366211 0.2512845098972321 
-0.366302102804184 0.7645958662033081 0.5302978157997131 -0.1175605580210686 
0 0 0 1 

0.813482940196991 0.5722877383232117 -0.103596419095993 -0.002275763778015971 
-0.3653167486190796 0.3642050623893738 -0.8566786050796509 0.2572566568851471 
-0.4525363743305206 0.7347389459609985 0.5053409337997437 -0.1077758148312569 
0 0 0 1 

0.8338409066200256 0.5464966893196106 -0.07778576016426086 -0.01435836311429739 
-0.4502007365226746 0.591732382774353 -0.6687090992927551 0.2166706472635269 
-0.3194190561771393 0.5926161408424377 0.7394439578056335 -0.1798806935548782 
0 0 0 1 

0.8371819257736206 0.5441939234733582 -0.05458201095461845 -0.02210920676589012 
-0.4626369774341583 0.6513989567756653 -0.6013702750205994 0.19733065366745 
-0.2917075455188751 0.5287079215049744 0.7971038222312927 -0.1979756951332092 
0 0 0 1 

0.8554671406745911 0.5153345465660095 -0.05105038359761238 -0.02357861399650574 
-0.4586963653564453 0.7082912921905518 -0.5365827083587646 0.1774043142795563 
-0.2403611391782761 0.4824454784393311 0.8423020839691162 -0.2128903418779373 
0 0 0 1 

-0.1476269215345383 0.983191192150116 0.1074295118451118 -0.007771569769829512 
-0.4846745133399963 0.02276792377233505 -0.8743980526924133 0.3085601329803467 
-0.8621464967727661 -0.1811531484127045 0.4731667339801788 -0.1138618439435959 
0 0 0 1 

