-0.435608983039856 0.2154685407876968 -0.8739668726921082 0.3250618875026703 
0.4053666591644287 0.9138582944869995 0.02325755171477795 -0.00539879035204649 
0.8036931157112122 -0.3441458344459534 -0.4854286909103394 0.2021967321634293 
0 0 0 1 

-0.4930965900421143 0.1289519369602203 -0.8603643774986267 0.315208911895752 
0.3680467307567596 0.9270157814025879 -0.07199522107839584 0.0262327566742897 
0.7882874011993408 -0.352154940366745 -0.5045686960220337 0.2064455598592758 
0 0 0 1 

-0.5517444610595703 0.06997298449277878 -0.8310724496841431 0.3001514673233032 
0.3085250854492188 0.9429089426994324 -0.1254390031099319 0.04390934109687805 
0.7748482823371887 -0.3256170451641083 -0.5418331623077393 0.2198495715856552 
0 0 0 1 

-0.7181524038314819 -0.07675796002149582 -0.6916390061378479 0.2362976521253586 
-0.1240862011909485 0.9920944571495056 0.0187405738979578 -0.02407976984977722 
0.6847327351570129 0.09928147494792938 -0.7219996452331543 0.2697574496269226 
0 0 0 1 

-0.679008960723877 -0.01958674378693104 -0.733868420124054 0.2478949129581451 
-0.07141119986772537 0.9966656565666199 0.03947222605347633 -0.02855858020484447 
0.7306482791900635 0.07920842617750168 -0.6781435608863831 0.2547225654125214 
0 0 0 1 

-0.6682976484298706 0.09441215544939041 -0.7378782629966736 0.249543234705925 
0.02394991368055344 0.9941299557685852 0.1055082902312279 -0.05033927038311958 
0.7435081601142883 0.05283882841467857 -0.6666358113288879 0.2524014711380005 
0 0 0 1 

-0.6582111120223999 0.2233103960752487 -0.7189510464668274 0.2445332854986191 
0.1513074189424515 0.9747471809387207 0.1642378121614456 -0.07022176682949066 
0.7374715209007263 -0.0006794813089072704 -0.6753778457641602 0.2589163184165955 
0 0 0 1 

-0.6275901198387146 0.3217001855373383 -0.7089706063270569 0.2426888644695282 
0.2493966817855835 0.9457210302352905 0.2083579748868942 -0.08277741074562073 
0.737517237663269 -0.0460515171289444 -0.6737560629844666 0.26081782579422 
0 0 0 1 

-0.5470073223114014 0.3840923607349396 -0.7438114881515503 0.2546465396881104 
0.2989352941513062 0.9195691347122192 0.2550102770328522 -0.09389975666999817 
0.781933605670929 -0.08285897970199585 -0.6178297996520996 0.2450385093688965 
0 0 0 1 

-0.4151223599910736 0.4823914468288422 -0.7713440656661987 0.2628009915351868 
0.3490546345710754 0.8674138784408569 0.3546181321144104 -0.1208751425147057 
0.8401393890380859 -0.1220313012599945 -0.5284638404846191 0.217072069644928 
0 0 0 1 

