0.7602077722549438 0.634936511516571 -0.137620598077774 0.01597648672759533 
-0.5977182984352112 0.60052490234375 -0.5311333537101746 0.1715700626373291 
-0.2545914351940155 0.4860299825668335 0.8360369801521301 -0.2144875824451447 
0 0 0 1 

0.7913179397583008 0.5945191979408264 -0.1426980644464493 0.0143755255267024 
-0.5345132946968079 0.5593823194503784 -0.6335508227348328 0.197869747877121 
-0.2968354821205139 0.5776141285896301 0.7604277729988098 -0.1865776777267456 
0 0 0 1 

0.8155484795570374 0.56099933385849 -0.1419871300458908 0.01215450651943684 
-0.4793871343135834 0.5175162553787231 -0.7087769508361816 0.2176335155963898 
-0.3241428136825562 0.6461087465286255 0.6909955143928528 -0.1623130440711975 
0 0 0 1 

0.8409661650657654 0.5238262414932251 -0.1355798989534378 0.00763399712741375 
-0.4172964990139008 0.4683729708194733 -0.7787748575210571 0.2358709573745728 
-0.3444407880306244 0.7115002870559692 0.6124767065048218 -0.1397899091243744 
0 0 0 1 

0.8331906795501709 0.5472664833068848 -0.07932562381029129 -0.01414655242115259 
-0.4515503346920013 0.5905140042304993 -0.6688761115074158 0.2170640379190445 
-0.3192106783390045 0.5931208729743958 0.7391292452812195 -0.1800491362810135 
0 0 0 1 

0.8344448804855347 0.5484033823013306 -0.05436258018016815 -0.02215694822371006 
-0.4652376174926758 0.6481373906135559 -0.6028860211372375 0.1977440118789673 
-0.2953904271125793 0.5283666253089905 0.795973002910614 -0.1976444572210312 
0 0 0 1 

0.857308030128479 0.5118621587753296 -0.05494848638772964 -0.02276431769132614 
-0.4584053456783295 0.7104525566101074 -0.5339681506156921 0.1768474131822586 
-0.2342799752950668 0.482964038848877 0.8437168598175049 -0.2134872227907181 
0 0 0 1 

0.3657186925411224 0.6364763975143433 -0.6790785789489746 0.2049285620450974 
-0.8894134163856506 0.02403074502944946 -0.456471711397171 0.2025305032730103 
-0.2742145359516144 0.7709218263626099 0.574878990650177 -0.1523845195770264 
0 0 0 1 

0.427226334810257 0.6341934204101562 -0.6444193720817566 0.188504621386528 
-0.8367642164230347 0.007346299011260271 -0.5475141406059265 0.2269419282674789 
-0.3424957692623138 0.7731395363807678 0.5338088274002075 -0.1326177716255188 
0 0 0 1 

0.21719790995121 0.9721041917800903 -0.08853396028280258 0.04155933484435081 
-0.5005621910095215 0.03305515274405479 -0.8650696277618408 0.2983804941177368 
-0.8380112051963806 0.2322080135345459 0.4937780201435089 -0.1051143631339073 
0 0 0 1 

