1.000000000000000000e+00 0.000000000000000000e+00 0.000000000000000000e+00 -4.542167112231254578e-02
0.000000000000000000e+00 1.000000000000000000e+00 0.000000000000000000e+00 9.935460984706878662e-04
0.000000000000000000e+00 0.000000000000000000e+00 1.000000000000000000e+00 -2.875000238418579102e-01
0.000000000000000000e+00 0.000000000000000000e+00 0.000000000000000000e+00 1.000000000000000000e+00
9.963837265968322754e-01 8.178677409887313843e-02 2.303856611251831055e-02 -5.064883455634117126e-02
-8.139914274215698242e-02 9.965316057205200195e-01 -1.728936284780502319e-02 9.679968468844890594e-03
-2.437270432710647583e-02 1.535151619464159012e-02 9.995848536491394043e-01 -2.929579615592956543e-01
0.000000000000000000e+00 0.000000000000000000e+00 0.000000000000000000e+00 1.000000000000000000e+00
9.850474596023559570e-01 1.675669103860855103e-01 4.003562033176422119e-02 -5.403187498450279236e-02
-1.654954552650451660e-01 9.849199056625366211e-01 -5.043355375528335571e-02 2.513681352138519287e-02
-4.788294062018394470e-02 4.305370151996612549e-02 9.979245662689208984e-01 -2.922246754169464111e-01
0.000000000000000000e+00 0.000000000000000000e+00 0.000000000000000000e+00 1.000000000000000000e+00
9.660332798957824707e-01 2.551783621311187744e-01 4.078640043735504150e-02 -5.189917981624603271e-02
-2.514353990554809570e-01 9.645921587944030762e-01 -7.963704317808151245e-02 3.879943117499351501e-02
-5.966390669345855713e-02 6.667691469192504883e-02 9.959892034530639648e-01 -2.917968928813934326e-01
0.000000000000000000e+00 0.000000000000000000e+00 0.000000000000000000e+00 1.000000000000000000e+00
9.370493292808532715e-01 3.454257845878601074e-01 5.118716880679130554e-02 -5.246136337518692017e-02
-3.372497856616973877e-01 9.332282543182373047e-01 -1.238860338926315308e-01 5.731567367911338806e-02
-9.056276828050613403e-02 9.882435202598571777e-02 9.909755587577819824e-01 -2.891784310340881348e-01
0.000000000000000000e+00 0.000000000000000000e+00 0.000000000000000000e+00 1.000000000000000000e+00
8.923550844192504883e-01 4.499525129795074463e-01 3.528187796473503113e-02 -4.419377818703651428e-02
-4.415752887725830078e-01 8.865573406219482422e-01 -1.379394829273223877e-01 6.597456336021423340e-02
-9.334568679332733154e-02 1.075114607810974121e-01 9.898120760917663574e-01 -2.897786498069763184e-01
0.000000000000000000e+00 0.000000000000000000e+00 0.000000000000000000e+00 1.000000000000000000e+00
8.463358283042907715e-01 5.321648716926574707e-01 2.272379770874977112e-02 -3.754969686269760132e-02
-5.215699076652526855e-01 8.366321921348571777e-01 -1.673646420240402222e-01 7.872281223535537720e-02
-1.080771386623382568e-01 1.297946125268936157e-01 9.856332540512084961e-01 -2.884637713432312012e-01
0.000000000000000000e+00 0.000000000000000000e+00 0.000000000000000000e+00 1.000000000000000000e+00
7.913476228713989258e-01 6.113591790199279785e-01 2.974512521177530289e-03 -2.826068364083766937e-02
-6.021084189414978027e-01 7.801981568336486816e-01 -1.695769429206848145e-01 8.300385624170303345e-02
-1.059931591153144836e-01 1.324033141136169434e-01 9.855123758316040039e-01 -2.894225418567657471e-01
0.000000000000000000e+00 0.000000000000000000e+00 0.000000000000000000e+00 1.000000000000000000e+00
7.219582796096801758e-01 6.914094686508178711e-01 -2.700652927160263062e-02 -1.400991249829530716e-02
-6.857925653457641602e-01 7.098124027252197266e-01 -1.607937365770339966e-01 8.336780220270156860e-02
-9.200472384691238403e-02 1.346072107553482056e-01 9.866182804107666016e-01 -2.909377813339233398e-01
0.000000000000000000e+00 0.000000000000000000e+00 0.000000000000000000e+00 1.000000000000000000e+00
6.456676721572875977e-01 7.632299065589904785e-01 -2.435344643890857697e-02 -9.481067769229412079e-03
-7.582846283912658691e-01 6.370686888694763184e-01 -1.383747607469558716e-01 7.908026874065399170e-02
-9.009697288274765015e-02 1.078109443187713623e-01 9.900801777839660645e-01 -2.933824956417083740e-01
0.000000000000000000e+00 0.000000000000000000e+00 0.000000000000000000e+00 1.000000000000000000e+00
5.503570437431335449e-01 8.340933322906494141e-01 -3.735060989856719971e-02 5.052375490777194500e-04
-8.328199386596679688e-01 5.452393889427185059e-01 -9.552290290594100952e-02 6.763471662998199463e-02
-5.931000784039497375e-02 8.367802947759628296e-02 9.947261810302734375e-01 -2.985351085662841797e-01
0.000000000000000000e+00 0.000000000000000000e+00 0.000000000000000000e+00 1.000000000000000000e+00
4.571836590766906738e-01 8.852823376655578613e-01 -8.519244939088821411e-02 2.193332463502883911e-02
-8.893017172813415527e-01 4.538390338420867920e-01 -5.632651969790458679e-02 5.580613389611244202e-02
-1.120122428983449936e-02 1.015133708715438843e-01 9.947709441184997559e-01 -3.024529814720153809e-01
0.000000000000000000e+00 0.000000000000000000e+00 0.000000000000000000e+00 1.000000000000000000e+00
3.492202758789062500e-01 9.323329925537109375e-01 -9.380965679883956909e-02 2.909260243177413940e-02
-9.368453621864318848e-01 3.494375050067901611e-01 -1.463768165558576584e-02 4.031703621149063110e-02
1.913341507315635681e-02 9.299690276384353638e-02 9.954823851585388184e-01 -3.044437170028686523e-01
0.000000000000000000e+00 0.000000000000000000e+00 0.000000000000000000e+00 1.000000000000000000e+00
2.733383178710937500e-01 9.554321169853210449e-01 -1.115131750702857971e-01 3.722811117768287659e-02
-9.589862227439880371e-01 2.797120511531829834e-01 4.589775949716567993e-02 1.719876006245613098e-02
7.504375278949737549e-02 9.439399093389511108e-02 9.927024245262145996e-01 -3.039811253547668457e-01
0.000000000000000000e+00 0.000000000000000000e+00 0.000000000000000000e+00 1.000000000000000000e+00
1.943428665399551392e-01 9.699475169181823730e-01 -1.463987529277801514e-01 4.973310977220535278e-02
-9.727560281753540039e-01 2.097953706979751587e-01 9.865065664052963257e-02 -2.707334468141198158e-03
1.263997256755828857e-01 1.232382059097290039e-01 9.842945933341979980e-01 -3.021427989006042480e-01
0.000000000000000000e+00 0.000000000000000000e+00 0.000000000000000000e+00 1.000000000000000000e+00
1.150398850440979004e-01 9.826818704605102539e-01 -1.452666521072387695e-01 5.108087882399559021e-02
-9.705040454864501953e-01 1.423746645450592041e-01 1.945545673370361328e-01 -3.533143550157546997e-02
2.118675261735916138e-01 1.186003088951110840e-01 9.700753092765808105e-01 -2.993117868900299072e-01
0.000000000000000000e+00 0.000000000000000000e+00 0.000000000000000000e+00 1.000000000000000000e+00
1.911424994468688965e-01 9.721219539642333984e-01 -1.358070969581604004e-01 4.708466678857803345e-02
-9.528316259384155273e-01 2.169933021068572998e-01 2.121926397085189819e-01 -4.024072363972663879e-02
2.357462942600250244e-01 8.884228020906448364e-02 9.677451848983764648e-01 -2.966505289077758789e-01
0.000000000000000000e+00 0.000000000000000000e+00 0.000000000000000000e+00 1.000000000000000000e+00
2.752050161361694336e-01 9.512803554534912109e-01 -1.390251815319061279e-01 4.569042474031448364e-02
-9.382039308547973633e-01 2.973105609416961670e-01 1.771425753831863403e-01 -2.711965702474117279e-02
2.098459303379058838e-01 8.168346434831619263e-02 9.743164777755737305e-01 -2.958175539970397949e-01
0.000000000000000000e+00 0.000000000000000000e+00 0.000000000000000000e+00 1.000000000000000000e+00
3.254882991313934326e-01 9.351145029067993164e-01 -1.400635391473770142e-01 4.418853670358657837e-02
-9.339799880981445312e-01 3.410581648349761963e-01 1.065864190459251404e-01 -2.266490599140524864e-03
1.474403887987136841e-01 9.612394869327545166e-02 9.843888282775878906e-01 -2.956445813179016113e-01
0.000000000000000000e+00 0.000000000000000000e+00 0.000000000000000000e+00 1.000000000000000000e+00
3.618341386318206787e-01 9.157777428627014160e-01 -1.744333356618881226e-01 5.366684868931770325e-02
-9.290886521339416504e-01 3.696188330650329590e-01 1.325842831283807755e-02 3.061179630458354950e-02
7.661560922861099243e-02 1.572667211294174194e-01 9.845797419548034668e-01 -2.916123270988464355e-01
0.000000000000000000e+00 0.000000000000000000e+00 0.000000000000000000e+00 1.000000000000000000e+00
4.015566408634185791e-01 8.976369500160217285e-01 -1.816594153642654419e-01 5.392801016569137573e-02
-9.157863259315490723e-01 3.955827951431274414e-01 -6.963770836591720581e-02 5.844083800911903381e-02
9.351921267807483673e-03 1.943247020244598389e-01 9.808925986289978027e-01 -2.866851985454559326e-01
0.000000000000000000e+00 0.000000000000000000e+00 0.000000000000000000e+00 1.000000000000000000e+00
4.571984708309173584e-01 8.611523509025573730e-01 -2.222292423248291016e-01 6.270900368690490723e-02
-8.882604837417602539e-01 4.296988248825073242e-01 -1.623336523771286011e-01 8.682060986757278442e-02
-4.430245235562324524e-02 2.716161608695983887e-01 9.613853693008422852e-01 -2.756871879100799561e-01
0.000000000000000000e+00 0.000000000000000000e+00 0.000000000000000000e+00 1.000000000000000000e+00
5.333843827247619629e-01 8.220577239990234375e-01 -1.993051916360855103e-01 5.018023774027824402e-02
-8.407578468322753906e-01 4.893586635589599609e-01 -2.316348850727081299e-01 1.056663319468498230e-01
-9.288542717695236206e-02 2.911176979541778564e-01 9.521672129631042480e-01 -2.689683735370635986e-01
0.000000000000000000e+00 0.000000000000000000e+00 0.000000000000000000e+00 1.000000000000000000e+00
5.936622619628906250e-01 7.808848023414611816e-01 -1.943826377391815186e-01 4.445433989167213440e-02
-7.945257425308227539e-01 5.304709076881408691e-01 -2.955160737037658691e-01 1.213319674134254456e-01
-1.276497095823287964e-01 3.298784792423248291e-01 9.353533387184143066e-01 -2.604435384273529053e-01
0.000000000000000000e+00 0.000000000000000000e+00 0.000000000000000000e+00 1.000000000000000000e+00
6.747378706932067871e-01 7.181552052497863770e-01 -1.702417135238647461e-01 3.101436421275138855e-02
-7.187219262123107910e-01 5.868901610374450684e-01 -3.728254437446594238e-01 1.374484598636627197e-01
-1.678334623575210571e-01 3.739156126976013184e-01 9.121503233909606934e-01 -2.492868155241012573e-01
0.000000000000000000e+00 0.000000000000000000e+00 0.000000000000000000e+00 1.000000000000000000e+00
7.343847751617431641e-01 6.611865162849426270e-01 -1.533338725566864014e-01 2.273567020893096924e-02
-6.486884951591491699e-01 6.172608137130737305e-01 -4.451879262924194336e-01 1.520275324583053589e-01
-1.997053325176239014e-01 4.264051616191864014e-01 8.822111487388610840e-01 -2.353105098009109497e-01
0.000000000000000000e+00 0.000000000000000000e+00 0.000000000000000000e+00 1.000000000000000000e+00
7.586430311203002930e-01 6.362766027450561523e-01 -1.400446295738220215e-01 1.666428893804550171e-02
-6.000515818595886230e-01 5.986660122871398926e-01 -5.306004285812377930e-01 1.716337352991104126e-01
-2.537688314914703369e-01 4.865703284740447998e-01 8.359727859497070312e-01 -2.144632786512374878e-01
0.000000000000000000e+00 0.000000000000000000e+00 0.000000000000000000e+00 1.000000000000000000e+00
7.888165712356567383e-01 5.987907648086547852e-01 -1.386290043592453003e-01 1.329653430730104446e-02
-5.345309376716613770e-01 5.570073127746582031e-01 -6.356250643730163574e-01 1.982575505971908569e-01
-3.033891618251800537e-01 5.754930377006530762e-01 7.594488263130187988e-01 -1.860097944736480713e-01
0.000000000000000000e+00 0.000000000000000000e+00 0.000000000000000000e+00 1.000000000000000000e+00
8.124145865440368652e-01 5.656262636184692383e-01 -1.415958702564239502e-01 1.230427157133817673e-02
-4.839264452457427979e-01 5.186123251914978027e-01 -7.048803567886352539e-01 2.166300117969512939e-01
-3.252655565738677979e-01 6.411770582199096680e-01 6.950497627258300781e-01 -1.633176505565643311e-01
0.000000000000000000e+00 0.000000000000000000e+00 0.000000000000000000e+00 1.000000000000000000e+00
8.439447283744812012e-01 5.198298692703247070e-01 -1.324169188737869263e-01 6.612061988562345505e-03
-4.125689268112182617e-01 4.712248742580413818e-01 -7.795729041099548340e-01 2.359510511159896851e-01
-3.428471982479095459e-01 7.125475406646728516e-01 6.121534109115600586e-01 -1.395539045333862305e-01
0.000000000000000000e+00 0.000000000000000000e+00 0.000000000000000000e+00 1.000000000000000000e+00
8.710799813270568848e-01 4.818305671215057373e-01 -9.517791867256164551e-02 -5.853457842022180557e-03
-3.288330137729644775e-01 4.282132089138031006e-01 -8.417256474494934082e-01 2.509148716926574707e-01
-3.648128509521484375e-01 7.645079493522644043e-01 5.314498543739318848e-01 -1.179924532771110535e-01
0.000000000000000000e+00 0.000000000000000000e+00 0.000000000000000000e+00 1.000000000000000000e+00
8.907732963562011719e-01 4.493605196475982666e-01 -6.780984252691268921e-02 -1.397166494280099869e-02
-2.376583069562911987e-01 3.334407508373260498e-01 -9.123243689537048340e-01 2.650515437126159668e-01
-3.873520195484161377e-01 8.287895917892456055e-01 4.038143754005432129e-01 -8.320979028940200806e-02
0.000000000000000000e+00 0.000000000000000000e+00 0.000000000000000000e+00 1.000000000000000000e+00
8.679233789443969727e-01 4.961603283882141113e-01 -2.310888841748237610e-02 -2.954036742448806763e-02
-8.486906439065933228e-02 1.022977083921432495e-01 -9.911268353462219238e-01 2.829602360725402832e-01
-4.893938302993774414e-01 8.621831536293029785e-01 1.308951526880264282e-01 -7.362602278590202332e-03
0.000000000000000000e+00 0.000000000000000000e+00 0.000000000000000000e+00 1.000000000000000000e+00
8.652724027633666992e-01 5.003473162651062012e-01 -3.092303685843944550e-02 -2.556457743048667908e-02
-8.281328529119491577e-02 8.182971924543380737e-02 -9.931997060775756836e-01 2.833124697208404541e-01
-4.944144189357757568e-01 8.619492053985595703e-01 1.122404113411903381e-01 -8.403962478041648865e-03
0.000000000000000000e+00 0.000000000000000000e+00 0.000000000000000000e+00 1.000000000000000000e+00
8.256924152374267578e-01 5.635676980018615723e-01 -2.497030235826969147e-02 -2.322986721992492676e-02
-1.018717885017395020e-01 1.054253354668617249e-01 -9.891954660415649414e-01 2.829066216945648193e-01
-5.548460483551025391e-01 8.193148374557495117e-01 1.444605141878128052e-01 -1.481975149363279343e-02
0.000000000000000000e+00 0.000000000000000000e+00 0.000000000000000000e+00 1.000000000000000000e+00
8.143189549446105957e-01 5.776323676109313965e-01 -5.679373443126678467e-02 -1.431708689779043198e-02
-2.318512946367263794e-01 2.340195327997207642e-01 -9.441820979118347168e-01 2.754145562648773193e-01
-5.320992469787597656e-01 7.820332050323486328e-01 3.244912922382354736e-01 -5.671783164143562317e-02
0.000000000000000000e+00 0.000000000000000000e+00 0.000000000000000000e+00 1.000000000000000000e+00
8.288303613662719727e-01 5.515782833099365234e-01 -9.381683170795440674e-02 -5.276758223772048950e-03
-3.076900839805603027e-01 3.093044757843017578e-01 -8.998096585273742676e-01 2.662682235240936279e-01
-4.672974944114685059e-01 7.746560573577880859e-01 4.260760843753814697e-01 -8.540169149637222290e-02
0.000000000000000000e+00 0.000000000000000000e+00 0.000000000000000000e+00 1.000000000000000000e+00
8.174972534179687500e-01 5.661551952362060547e-01 -1.056722775101661682e-01 -2.101486083120107651e-03
-3.657971918582916260e-01 3.686898350715637207e-01 -8.545526266098022461e-01 2.566205561161041260e-01
-4.448491036891937256e-01 7.372490167617797852e-01 5.085008740425109863e-01 -1.088444069027900696e-01
0.000000000000000000e+00 0.000000000000000000e+00 0.000000000000000000e+00 1.000000000000000000e+00
8.321923613548278809e-01 5.491106510162353516e-01 -7.702764868736267090e-02 -1.461440697312355042e-02
-4.513531029224395752e-01 5.901458859443664551e-01 -6.693339347839355469e-01 2.170920670032501221e-01
-3.220809996128082275e-01 5.917812585830688477e-01 7.389578223228454590e-01 -1.795988827943801880e-01
0.000000000000000000e+00 0.000000000000000000e+00 0.000000000000000000e+00 1.000000000000000000e+00
8.360797166824340820e-01 5.453814268112182617e-01 -5.941006541252136230e-02 -2.112029306590557098e-02
-4.641534388065338135e-01 6.454814672470092773e-01 -6.065599918365478516e-01 1.986936777830123901e-01
-2.924586534500122070e-01 5.347079038619995117e-01 7.928147912025451660e-01 -1.967329829931259155e-01
0.000000000000000000e+00 0.000000000000000000e+00 0.000000000000000000e+00 1.000000000000000000e+00
8.584467172622680664e-01 5.099272727966308594e-01 -5.516666918992996216e-02 -2.268666960299015045e-02
-4.566398561000823975e-01 7.108677029609680176e-01 -5.349270701408386230e-01 1.768828034400939941e-01
-2.335577607154846191e-01 4.843976497650146484e-01 8.430952429771423340e-01 -2.133602052927017212e-01
0.000000000000000000e+00 0.000000000000000000e+00 0.000000000000000000e+00 1.000000000000000000e+00
8.710814118385314941e-01 4.908532798290252686e-01 -1.673720404505729675e-02 -3.208487480878829956e-02
-4.572502970695495605e-01 7.980675697326660156e-01 -3.924407958984375000e-01 1.361862570047378540e-01
-1.792736053466796875e-01 3.495008647441864014e-01 9.196250438690185547e-01 -2.365043610334396362e-01
0.000000000000000000e+00 0.000000000000000000e+00 0.000000000000000000e+00 1.000000000000000000e+00
8.779332041740417480e-01 4.784364998340606689e-01 -1.821555942296981812e-02 -3.025368228554725647e-02
-4.669118523597717285e-01 8.471261858940124512e-01 -2.537139356136322021e-01 9.749956429004669189e-02
-1.059551537036895752e-01 2.312489897012710571e-01 9.671077728271484375e-01 -2.527488470077514648e-01
0.000000000000000000e+00 0.000000000000000000e+00 0.000000000000000000e+00 1.000000000000000000e+00
8.788508772850036621e-01 4.770205318927764893e-01 -8.500678464770317078e-03 -2.871556393802165985e-02
-4.768432080745697021e-01 8.776647448539733887e-01 -4.820735380053520203e-02 3.941278904676437378e-02
-1.553517580032348633e-02 4.642058536410331726e-02 9.988011121749877930e-01 -2.656665146350860596e-01
0.000000000000000000e+00 0.000000000000000000e+00 0.000000000000000000e+00 1.000000000000000000e+00
8.862485885620117188e-01 4.630963504314422607e-01 -1.022816076874732971e-02 -2.659294195473194122e-02
-4.621511995792388916e-01 8.855003118515014648e-01 4.801300540566444397e-02 1.089016813784837723e-02
3.129170089960098267e-02 -3.782451525330543518e-02 9.987942576408386230e-01 -2.683832943439483643e-01
0.000000000000000000e+00 0.000000000000000000e+00 0.000000000000000000e+00 1.000000000000000000e+00
8.939929008483886719e-01 4.480232596397399902e-01 -7.191512268036603928e-03 -2.689339593052864075e-02
-4.420756697654724121e-01 8.845165967941284180e-01 1.489936560392379761e-01 -2.019121311604976654e-02
7.311370968818664551e-02 -1.300200521945953369e-01 9.888120889663696289e-01 -2.676098346710205078e-01
0.000000000000000000e+00 0.000000000000000000e+00 0.000000000000000000e+00 1.000000000000000000e+00
8.967063426971435547e-01 4.424855411052703857e-01 -1.114872004836797714e-02 -2.565893344581127167e-02
-4.251846373081207275e-01 8.680998086929321289e-01 2.561654150485992432e-01 -5.408551543951034546e-02
1.230276972055435181e-01 -2.249648422002792358e-01 9.665685892105102539e-01 -2.629817128181457520e-01
0.000000000000000000e+00 0.000000000000000000e+00 0.000000000000000000e+00 1.000000000000000000e+00
8.998614549636840820e-01 4.361012578010559082e-01 -8.073630742728710175e-03 -2.622881717979907990e-02
-4.027638733386993408e-01 8.378921747207641602e-01 3.683985173702239990e-01 -9.110917150974273682e-02
1.674240678548812866e-01 -3.282558321952819824e-01 9.296329021453857422e-01 -2.533383369445800781e-01
0.000000000000000000e+00 0.000000000000000000e+00 0.000000000000000000e+00 1.000000000000000000e+00
9.062473177909851074e-01 4.227454066276550293e-01 -1.271673943847417831e-03 -2.938011474907398224e-02
-3.753819167613983154e-01 8.060898184776306152e-01 4.575012326240539551e-01 -1.207922548055648804e-01
1.944318115711212158e-01 -4.141320884227752686e-01 8.892079591751098633e-01 -2.432769089937210083e-01
0.000000000000000000e+00 0.000000000000000000e+00 0.000000000000000000e+00 1.000000000000000000e+00
9.159253239631652832e-01 4.013309776782989502e-01 -3.748130286112427711e-03 -3.156619518995285034e-02
-3.331791460514068604e-01 7.655285000801086426e-01 5.504158735275268555e-01 -1.514541506767272949e-01
2.237684130668640137e-01 -5.028911232948303223e-01 8.348823189735412598e-01 -2.301598191261291504e-01
0.000000000000000000e+00 0.000000000000000000e+00 0.000000000000000000e+00 1.000000000000000000e+00
9.111597537994384766e-01 4.115270972251892090e-01 2.081304416060447693e-02 -3.982868790626525879e-02
-3.323231041431427002e-01 7.040540575981140137e-01 6.275896430015563965e-01 -1.750538945198059082e-01
2.436168640851974487e-01 -5.787510275840759277e-01 7.782658338546752930e-01 -2.163618057966232300e-01
0.000000000000000000e+00 0.000000000000000000e+00 0.000000000000000000e+00 1.000000000000000000e+00
9.165793061256408691e-01 3.982130885124206543e-01 3.617452457547187805e-02 -4.662786796689033508e-02
-2.979691028594970703e-01 6.199021935462951660e-01 7.259034514427185059e-01 -2.059458345174789429e-01
2.666396498680114746e-01 -6.761268377304077148e-01 6.868447661399841309e-01 -1.913433223962783813e-01
0.000000000000000000e+00 0.000000000000000000e+00 0.000000000000000000e+00 1.000000000000000000e+00
9.254407286643981934e-01 3.747754693031311035e-01 5.569853633642196655e-02 -5.397571623325347900e-02
-2.692071199417114258e-01 5.469487905502319336e-01 7.927005887031555176e-01 -2.280737310647964478e-01
2.666205167770385742e-01 -7.485920786857604980e-01 6.070612072944641113e-01 -1.672331839799880981e-01
0.000000000000000000e+00 0.000000000000000000e+00 0.000000000000000000e+00 1.000000000000000000e+00
9.342914819717407227e-01 3.524544835090637207e-01 5.361729860305786133e-02 -5.524486675858497620e-02
-2.278265953063964844e-01 4.745871424674987793e-01 8.502130508422851562e-01 -2.478704452514648438e-01
2.742152810096740723e-01 -8.065624833106994629e-01 5.237013697624206543e-01 -1.433418095111846924e-01
0.000000000000000000e+00 0.000000000000000000e+00 0.000000000000000000e+00 1.000000000000000000e+00
9.452525377273559570e-01 3.217908143997192383e-01 5.429790914058685303e-02 -5.868599563837051392e-02
-1.904313713312149048e-01 4.087828397750854492e-01 8.925427794456481934e-01 -2.622632384300231934e-01
2.650158703327178955e-01 -8.540180921554565430e-01 4.476820528507232666e-01 -1.222032681107521057e-01
0.000000000000000000e+00 0.000000000000000000e+00 0.000000000000000000e+00 1.000000000000000000e+00
9.555960297584533691e-01 2.900610268115997314e-01 5.197168141603469849e-02 -6.054583564400672913e-02
-1.578369140625000000e-01 3.548800051212310791e-01 9.214923381805419922e-01 -2.732739746570587158e-01
2.488452345132827759e-01 -8.887773156166076660e-01 3.849042952060699463e-01 -1.029965057969093323e-01
0.000000000000000000e+00 0.000000000000000000e+00 0.000000000000000000e+00 1.000000000000000000e+00
9.634014964103698730e-01 2.588130831718444824e-01 6.981295347213745117e-02 -6.828527152538299561e-02
-1.422547101974487305e-01 2.728731036186218262e-01 9.514745473861694336e-01 -2.872062623500823975e-01
2.272039055824279785e-01 -9.265830516815185547e-01 2.997035980224609375e-01 -7.322628051042556763e-02
0.000000000000000000e+00 0.000000000000000000e+00 0.000000000000000000e+00 1.000000000000000000e+00
9.757387638092041016e-01 2.092537283897399902e-01 6.439456343650817871e-02 -6.977884471416473389e-02
-1.044283881783485413e-01 1.863107234239578247e-01 9.769250154495239258e-01 -2.988891899585723877e-01
1.924277991056442261e-01 -9.599485397338867188e-01 2.036426961421966553e-01 -3.824479132890701294e-02
0.000000000000000000e+00 0.000000000000000000e+00 0.000000000000000000e+00 1.000000000000000000e+00
9.934774637222290039e-01 1.120654344558715820e-01 2.107570320367813110e-02 -5.874131992459297180e-02
-3.672715276479721069e-02 1.394927203655242920e-01 9.895415902137756348e-01 -3.050452172756195068e-01
1.079535707831382751e-01 -9.838611483573913574e-01 1.426986604928970337e-01 -1.903580129146575928e-02
0.000000000000000000e+00 0.000000000000000000e+00 0.000000000000000000e+00 1.000000000000000000e+00
9.955371618270874023e-01 9.414076060056686401e-02 -6.562691181898117065e-03 -5.237998068332672119e-02
-1.683660782873630524e-02 2.456128299236297607e-01 9.692214131355285645e-01 -3.009563088417053223e-01
9.285518527030944824e-02 -9.647856354713439941e-01 2.461017817258834839e-01 -5.268557369709014893e-02
0.000000000000000000e+00 0.000000000000000000e+00 0.000000000000000000e+00 1.000000000000000000e+00
9.983068108558654785e-01 2.481961436569690704e-02 -5.261023715138435364e-02 -3.665247932076454163e-02
4.302781447768211365e-02 2.935671210289001465e-01 9.549694061279296875e-01 -3.078938722610473633e-01
3.914660960435867310e-02 -9.556162953376770020e-01 2.920021414756774902e-01 -6.466054916381835938e-02
0.000000000000000000e+00 0.000000000000000000e+00 0.000000000000000000e+00 1.000000000000000000e+00
9.886469841003417969e-01 -5.176384747028350830e-02 -1.410592794418334961e-01 -3.626633435487747192e-03
1.498771607875823975e-01 2.730067074298858643e-01 9.502651095390319824e-01 -3.186668753623962402e-01
-1.067929528653621674e-02 -9.606182575225830078e-01 2.776655256748199463e-01 -5.771520733833312988e-02
0.000000000000000000e+00 0.000000000000000000e+00 0.000000000000000000e+00 1.000000000000000000e+00
9.687023758888244629e-01 -5.636241659522056580e-02 -2.417419403791427612e-01 2.997845225036144257e-02
2.480690926313400269e-01 2.543791234493255615e-01 9.347475171089172363e-01 -3.232060670852661133e-01
8.809433318674564362e-03 -9.654607176780700684e-01 2.603994607925415039e-01 -5.149158835411071777e-02
0.000000000000000000e+00 0.000000000000000000e+00 0.000000000000000000e+00 1.000000000000000000e+00
9.769862890243530273e-01 2.349876333028078079e-03 -2.132885754108428955e-01 1.781423389911651611e-02
2.020255178213119507e-01 3.106195628643035889e-01 9.288172721862792969e-01 -3.196911513805389404e-01
6.843417882919311523e-02 -9.505313634872436523e-01 3.029963374137878418e-01 -7.025998085737228394e-02
0.000000000000000000e+00 0.000000000000000000e+00 0.000000000000000000e+00 1.000000000000000000e+00
9.849389195442199707e-01 1.263141632080078125e-01 -1.180673688650131226e-01 -1.838295534253120422e-02
6.348834186792373657e-02 3.709425628185272217e-01 9.264830946922302246e-01 -3.119187355041503906e-01
1.608241349458694458e-01 -9.200253486633300781e-01 3.573361933231353760e-01 -9.936442971229553223e-02
0.000000000000000000e+00 0.000000000000000000e+00 0.000000000000000000e+00 1.000000000000000000e+00
9.757212996482849121e-01 2.187621295452117920e-01 -1.052743382751941681e-02 -5.505416169762611389e-02
-5.819334462285041809e-02 3.052932620048522949e-01 9.504784941673278809e-01 -3.127903938293457031e-01
2.111426740884780884e-01 -9.267898201942443848e-01 3.106116056442260742e-01 -8.883223682641983032e-02
0.000000000000000000e+00 0.000000000000000000e+00 0.000000000000000000e+00 1.000000000000000000e+00
9.199233055114746094e-01 3.806378543376922607e-01 9.410366415977478027e-02 -8.757907152175903320e-02
-2.281367033720016479e-01 3.244072496891021729e-01 9.179943203926086426e-01 -2.929996550083160400e-01
3.188954889774322510e-01 -8.659529685974121094e-01 3.852671980857849121e-01 -1.229724586009979248e-01
0.000000000000000000e+00 0.000000000000000000e+00 0.000000000000000000e+00 1.000000000000000000e+00
8.722695112228393555e-01 4.800190031528472900e-01 9.342024475336074829e-02 -8.589936047792434692e-02
-2.833997309207916260e-01 3.405039012432098389e-01 8.965163826942443848e-01 -2.819061577320098877e-01
3.985349535942077637e-01 -8.084793686866760254e-01 4.330483973026275635e-01 -1.469625830650329590e-01
0.000000000000000000e+00 0.000000000000000000e+00 0.000000000000000000e+00 1.000000000000000000e+00
8.284558653831481934e-01 5.561376214027404785e-01 6.612121313810348511e-02 -7.481252402067184448e-02
-3.445753157138824463e-01 4.130733609199523926e-01 8.429936170578002930e-01 -2.612967789173126221e-01
4.415073394775390625e-01 -7.211664319038391113e-01 5.338441133499145508e-01 -1.842215955257415771e-01
0.000000000000000000e+00 0.000000000000000000e+00 0.000000000000000000e+00 1.000000000000000000e+00
7.972015738487243652e-01 6.016507744789123535e-01 4.985349997878074646e-02 -6.754739582538604736e-02
-4.288762509822845459e-01 5.062775611877441406e-01 7.481630444526672363e-01 -2.245737761259078979e-01
4.248934090137481689e-01 -6.178175806999206543e-01 6.616390943527221680e-01 -2.260872721672058105e-01
0.000000000000000000e+00 0.000000000000000000e+00 0.000000000000000000e+00 1.000000000000000000e+00
7.722392082214355469e-01 6.350852847099304199e-01 1.769700087606906891e-02 -5.582502856850624084e-02
-5.046631097793579102e-01 5.962535142898559570e-01 6.243370175361633301e-01 -1.781313419342041016e-01
3.859554231166839600e-01 -4.910684823989868164e-01 7.809542417526245117e-01 -2.627565562725067139e-01
0.000000000000000000e+00 0.000000000000000000e+00 0.000000000000000000e+00 1.000000000000000000e+00
7.511652708053588867e-01 6.599001884460449219e-01 1.680745370686054230e-02 -5.444761365652084351e-02
-5.671877861022949219e-01 6.321864128112792969e-01 5.278618335723876953e-01 -1.418721526861190796e-01
3.377107381820678711e-01 -4.060444533824920654e-01 8.491637706756591797e-01 -2.826432883739471436e-01
0.000000000000000000e+00 0.000000000000000000e+00 0.000000000000000000e+00 1.000000000000000000e+00
6.519481539726257324e-01 7.581034302711486816e-01 1.557463221251964569e-02 -4.702597111463546753e-02
-6.768571734428405762e-01 5.725744962692260742e-01 4.626259505748748779e-01 -1.124409958720207214e-01
3.418007791042327881e-01 -3.121498525142669678e-01 8.864166736602783203e-01 -2.968232035636901855e-01
0.000000000000000000e+00 0.000000000000000000e+00 0.000000000000000000e+00 1.000000000000000000e+00
5.866601467132568359e-01 8.094251155853271484e-01 -2.570317499339580536e-02 -2.861600369215011597e-02
-7.377817034721374512e-01 5.472826957702636719e-01 3.951703011989593506e-01 -8.528900891542434692e-02
3.339278399944305420e-01 -2.128673642873764038e-01 9.182482957839965820e-01 -3.083747625350952148e-01
0.000000000000000000e+00 0.000000000000000000e+00 0.000000000000000000e+00 1.000000000000000000e+00
5.374308824539184570e-01 8.409799337387084961e-01 -6.261377036571502686e-02 -1.239068340510129929e-02
-7.835058569908142090e-01 5.254030823707580566e-01 3.317683041095733643e-01 -6.004604324698448181e-02
3.119080364704132080e-01 -1.292442828416824341e-01 9.412807226181030273e-01 -3.148365020751953125e-01
0.000000000000000000e+00 0.000000000000000000e+00 0.000000000000000000e+00 1.000000000000000000e+00
5.052390098571777344e-01 8.543702960014343262e-01 -1.215926706790924072e-01 1.046501845121383667e-02
-8.174523711204528809e-01 5.189701318740844727e-01 2.498824298381805420e-01 -3.009568154811859131e-02
2.765952050685882568e-01 -2.685411274433135986e-02 9.606112837791442871e-01 -3.196075558662414551e-01
0.000000000000000000e+00 0.000000000000000000e+00 0.000000000000000000e+00 1.000000000000000000e+00
4.337346255779266357e-01 8.848642110824584961e-01 -1.699688285589218140e-01 3.285105153918266296e-02
-8.605562448501586914e-01 4.627181589603424072e-01 2.129199951887130737e-01 -1.427173893898725510e-02
2.670529186725616455e-01 5.391703546047210693e-02 9.621723890304565430e-01 -3.199636638164520264e-01
0.000000000000000000e+00 0.000000000000000000e+00 0.000000000000000000e+00 1.000000000000000000e+00
3.559623658657073975e-01 8.950880169868469238e-01 -2.685292363166809082e-01 7.207450270652770996e-02
-8.934046030044555664e-01 4.102329313755035400e-01 1.831317543983459473e-01 -1.698025502264499664e-03
2.740785777568817139e-01 1.747172474861145020e-01 9.457033872604370117e-01 -3.146065473556518555e-01
0.000000000000000000e+00 0.000000000000000000e+00 0.000000000000000000e+00 1.000000000000000000e+00
2.880314290523529053e-01 8.828899860382080078e-01 -3.708679378032684326e-01 1.107441261410713196e-01
-9.152381420135498047e-01 3.677417933940887451e-01 1.646359860897064209e-01 6.105878856033086777e-03
2.817389965057373047e-01 2.920121550559997559e-01 9.139758348464965820e-01 -3.047361969947814941e-01
0.000000000000000000e+00 0.000000000000000000e+00 0.000000000000000000e+00 1.000000000000000000e+00
2.719040215015411377e-01 8.513494133949279785e-01 -4.486339390277862549e-01 1.370963603258132935e-01
-9.328008294105529785e-01 3.477593958377838135e-01 9.458156675100326538e-02 3.111991845071315765e-02
2.365386635065078735e-01 3.927690684795379639e-01 8.886967897415161133e-01 -2.927377820014953613e-01
0.000000000000000000e+00 0.000000000000000000e+00 0.000000000000000000e+00 1.000000000000000000e+00
1.750071197748184204e-01 7.740975022315979004e-01 -6.083960533142089844e-01 1.959213465452194214e-01
-9.619655609130859375e-01 2.660799622535705566e-01 6.183638423681259155e-02 4.220186918973922729e-02
2.097494751214981079e-01 5.744342207908630371e-01 7.912210226058959961e-01 -2.589064538478851318e-01
0.000000000000000000e+00 0.000000000000000000e+00 0.000000000000000000e+00 1.000000000000000000e+00
1.364878565073013306e-01 6.756728887557983398e-01 -7.244563698768615723e-01 2.365354746580123901e-01
-9.735260605812072754e-01 2.268360257148742676e-01 2.814872749149799347e-02 5.411199107766151428e-02
1.833520978689193726e-01 7.014351487159729004e-01 6.887456774711608887e-01 -2.244571596384048462e-01
0.000000000000000000e+00 0.000000000000000000e+00 0.000000000000000000e+00 1.000000000000000000e+00
1.072150617837905884e-01 5.749210119247436523e-01 -8.111540079116821289e-01 2.661370933055877686e-01
-9.841948747634887695e-01 1.770291924476623535e-01 -4.614027682691812515e-03 6.502424925565719604e-02
1.409451961517333984e-01 7.988283038139343262e-01 5.848145484924316406e-01 -1.882825344800949097e-01
0.000000000000000000e+00 0.000000000000000000e+00 0.000000000000000000e+00 1.000000000000000000e+00
7.997515797615051270e-02 5.056174397468566895e-01 -8.590428829193115234e-01 2.836431562900543213e-01
-9.907154440879821777e-01 1.353700459003448486e-01 -1.255710329860448837e-02 6.830658018589019775e-02
1.099394857883453369e-01 8.520713448524475098e-01 5.117495059967041016e-01 -1.628914624452590942e-01
0.000000000000000000e+00 0.000000000000000000e+00 0.000000000000000000e+00 1.000000000000000000e+00
1.546212136745452881e-01 5.118188261985778809e-01 -8.450643420219421387e-01 2.723059356212615967e-01
-9.878415465354919434e-01 9.408647567033767700e-02 -1.237609237432479858e-01 1.040045246481895447e-01
1.616592705249786377e-02 8.539256453514099121e-01 5.201438069343566895e-01 -1.581609845161437988e-01
0.000000000000000000e+00 0.000000000000000000e+00 0.000000000000000000e+00 1.000000000000000000e+00
2.640332579612731934e-01 5.719070434570312500e-01 -7.766652107238769531e-01 2.425469160079956055e-01
-9.591818451881408691e-01 7.114148885011672974e-02 -2.736952602863311768e-01 1.504416763782501221e-01
-1.012750938534736633e-01 8.172278404235839844e-01 5.673465132713317871e-01 -1.632196456193923950e-01
0.000000000000000000e+00 0.000000000000000000e+00 0.000000000000000000e+00 1.000000000000000000e+00
3.206413388252258301e-01 6.191644668579101562e-01 -7.168154716491699219e-01 2.203077375888824463e-01
-9.287663102149963379e-01 5.694016069173812866e-02 -3.662666082382202148e-01 1.775299012660980225e-01
-1.859636753797531128e-01 7.831943035125732422e-01 5.933163166046142578e-01 -1.650756299495697021e-01
0.000000000000000000e+00 0.000000000000000000e+00 0.000000000000000000e+00 1.000000000000000000e+00
3.674155175685882568e-01 6.297186017036437988e-01 -6.844416260719299316e-01 2.066227793693542480e-01
-8.903641700744628906e-01 2.545517869293689728e-02 -4.545369744300842285e-01 2.019155472517013550e-01
-2.688077092170715332e-01 7.764062285423278809e-01 5.700314640998840332e-01 -1.508216857910156250e-01
0.000000000000000000e+00 0.000000000000000000e+00 0.000000000000000000e+00 1.000000000000000000e+00
4.239691197872161865e-01 6.361919045448303223e-01 -6.446007490158081055e-01 1.887447088956832886e-01
-8.373505473136901855e-01 4.148693755269050598e-03 -5.466506481170654297e-01 2.264527231454849243e-01
-3.451003730297088623e-01 7.715198397636413574e-01 5.344744920730590820e-01 -1.327657252550125122e-01
0.000000000000000000e+00 0.000000000000000000e+00 0.000000000000000000e+00 1.000000000000000000e+00
5.238842964172363281e-01 6.352581977844238281e-01 -5.674436688423156738e-01 1.582394689321517944e-01
-7.277784943580627441e-01 -1.231822744011878967e-02 -6.857016086578369141e-01 2.595605254173278809e-01
-4.425874054431915283e-01 7.722016572952270508e-01 4.558739066123962402e-01 -9.747959673404693604e-02
0.000000000000000000e+00 0.000000000000000000e+00 0.000000000000000000e+00 1.000000000000000000e+00
6.336888670921325684e-01 6.685629487037658691e-01 -3.891812562942504883e-01 9.424580633640289307e-02
-5.725626945495605469e-01 6.704019010066986084e-02 -8.171153664588928223e-01 2.916055917739868164e-01
-5.202022790908813477e-01 7.406275868415832520e-01 4.252767860889434814e-01 -8.045584708452224731e-02
0.000000000000000000e+00 0.000000000000000000e+00 0.000000000000000000e+00 1.000000000000000000e+00
6.397609710693359375e-01 7.157927155494689941e-01 -2.799047529697418213e-01 6.271581351757049561e-02
-4.928131401538848877e-01 1.025800704956054688e-01 -8.640674352645874023e-01 3.006601035594940186e-01
-5.897804498672485352e-01 6.907374858856201172e-01 4.183788001537322998e-01 -7.377446442842483521e-02
0.000000000000000000e+00 0.000000000000000000e+00 0.000000000000000000e+00 1.000000000000000000e+00
6.033717989921569824e-01 7.736383676528930664e-01 -1.934583038091659546e-01 4.255991056561470032e-02
-3.761324584484100342e-01 6.217357516288757324e-02 -9.244775176048278809e-01 3.120978176593780518e-01
-7.031833529472351074e-01 6.305696368217468262e-01 3.285043537616729736e-01 -4.322031512856483459e-02
0.000000000000000000e+00 0.000000000000000000e+00 0.000000000000000000e+00 1.000000000000000000e+00
4.532099962234497070e-01 8.893713951110839844e-01 -6.015788763761520386e-02 1.624729484319686890e-02
-2.031498253345489502e-01 3.733986616134643555e-02 -9.784353375434875488e-01 3.189622163772583008e-01
-8.679463863372802734e-01 4.556577503681182861e-01 1.975985318422317505e-01 -2.439253265038132668e-03
0.000000000000000000e+00 0.000000000000000000e+00 0.000000000000000000e+00 1.000000000000000000e+00
3.160752356052398682e-01 9.443126320838928223e-01 9.148745983839035034e-02 -2.556505240499973297e-02
-2.462958544492721558e-01 1.747971624135971069e-01 -9.533017873764038086e-01 3.206475675106048584e-01
-9.162066578865051270e-01 2.787820696830749512e-01 2.878293991088867188e-01 -3.615228459239006042e-02
0.000000000000000000e+00 0.000000000000000000e+00 0.000000000000000000e+00 1.000000000000000000e+00
3.219632804393768311e-01 9.462209939956665039e-01 -3.170976415276527405e-02 1.523665525019168854e-02
-3.730530738830566406e-01 9.600997716188430786e-02 -9.228291511535644531e-01 3.139998316764831543e-01
-8.701558113098144531e-01 3.089465498924255371e-01 3.839023113250732422e-01 -6.478537619113922119e-02
0.000000000000000000e+00 0.000000000000000000e+00 0.000000000000000000e+00 1.000000000000000000e+00
3.001309335231781006e-01 9.529486894607543945e-01 -4.254623875021934509e-02 2.432201988995075226e-02
-4.598839282989501953e-01 1.054753810167312622e-01 -8.816924691200256348e-01 3.042303621768951416e-01
-8.357201814651489258e-01 2.841894924640655518e-01 4.699022471904754639e-01 -9.548881649971008301e-02
0.000000000000000000e+00 0.000000000000000000e+00 0.000000000000000000e+00 1.000000000000000000e+00
1.847100704908370972e-01 9.809936881065368652e-01 -5.944316089153289795e-02 3.485513105988502502e-02
-4.733320772647857666e-01 3.579014167189598083e-02 -8.801568150520324707e-01 3.034900128841400146e-01
-8.613007068634033203e-01 1.907102912664413452e-01 4.709465205669403076e-01 -9.719257056713104248e-02
0.000000000000000000e+00 0.000000000000000000e+00 0.000000000000000000e+00 1.000000000000000000e+00
