0.9963378310203552 0.08254999667406082 0.02228064462542534 -0.05051647499203682 
-0.0821734294295311 0.9964675307273865 -0.0173194520175457 0.009951203130185604 
-0.02363166399300098 0.01542514469474554 0.9996017217636108 -0.2930348813533783 
0 0 0 1 

0.9853647947311401 0.1653985381126404 0.04122372716665268 -0.05434773862361908 
-0.1632480919361115 0.9852656722068787 -0.05100422352552414 0.0254172720015049 
-0.04905239120125771 0.04352802783250809 0.9978472590446472 -0.292203962802887 
0 0 0 1 

0.9661951661109924 0.2544879913330078 0.0412624403834343 -0.05213069170713425 
-0.2508203387260437 0.9648964405059814 -0.07787057012319565 0.03865600749850273 
-0.05963115766644478 0.06488866358995438 0.9961091876029968 -0.2919338345527649 
0 0 0 1 

0.9369555115699768 0.3453103601932526 0.05361822247505188 -0.05294245108962059 
-0.3369593322277069 0.9334248304367065 -0.1231924518942833 0.05711301416158676 
-0.09258826076984406 0.09735865145921707 0.9909332394599915 -0.2891698181629181 
0 0 0 1 

0.8904563784599304 0.4535383284091949 0.03728558123111725 -0.04482519999146461 
-0.4449992477893829 0.884966254234314 -0.1371501237154007 0.06588838249444962 
-0.09519937634468079 0.1055341139435768 0.989848256111145 -0.2898159623146057 
0 0 0 1 

-0.2252879738807678 0.8707900047302246 0.4370012581348419 -0.1139284446835518 
-0.8107414245605469 0.08119037747383118 -0.5797468423843384 0.2305575460195541 
-0.5403180718421936 -0.4849050343036652 0.6876943111419678 -0.2063263058662415 
0 0 0 1 

-0.1887022852897644 0.8341677188873291 0.5182234048843384 -0.1454947143793106 
-0.8669296503067017 0.1063972488045692 -0.4869420826435089 0.201635330915451 
-0.4613288938999176 -0.5411503911018372 0.7030874490737915 -0.2168729603290558 
0 0 0 1 

-0.1763783842325211 0.7649401426315308 0.6194814443588257 -0.1855664253234863 
-0.9010074138641357 0.1279351115226746 -0.4145095646381378 0.1776473075151443 
-0.3963284492492676 -0.6312679052352905 0.6666517853736877 -0.204906702041626 
0 0 0 1 

-0.1498765498399734 0.7474632263183594 0.6471751928329468 -0.1971646994352341 
-0.9345096349716187 0.1066421046853065 -0.3395868539810181 0.1534491777420044 
-0.3228448629379272 -0.6556875109672546 0.6825284361839294 -0.2111747413873672 
0 0 0 1 

-0.1178949102759361 0.7218624949455261 0.6819201111793518 -0.2103334069252014 
-0.9511088728904724 0.1153270229697227 -0.2865161001682281 0.1362198144197464 
-0.2854690253734589 -0.6823591589927673 0.6729738116264343 -0.2073304653167725 
0 0 0 1 

