1.000000000000000000e+00 0.000000000000000000e+00 0.000000000000000000e+00 -3.619798645377159119e-02
0.000000000000000000e+00 1.000000000000000000e+00 0.000000000000000000e+00 -1.327119767665863037e-03
0.000000000000000000e+00 0.000000000000000000e+00 1.000000000000000000e+00 -2.960163652896881104e-01
0.000000000000000000e+00 0.000000000000000000e+00 0.000000000000000000e+00 1.000000000000000000e+00
9.899247884750366211e-01 1.414697617292404175e-01 5.923354532569646835e-03 -4.100670665502548218e-02
-1.409068256616592407e-01 9.883757233619689941e-01 -5.708741769194602966e-02 2.855026349425315857e-02
-1.393064577132463455e-02 5.567761883139610291e-02 9.983516931533813477e-01 -2.973054349422454834e-01
0.000000000000000000e+00 0.000000000000000000e+00 0.000000000000000000e+00 1.000000000000000000e+00
9.722304344177246094e-01 2.333963066339492798e-01 1.714595407247543335e-02 -4.472494125366210938e-02
-2.306330949068069458e-01 9.679922461509704590e-01 -9.899026155471801758e-02 5.220557376742362976e-02
-3.970116004347801208e-02 9.228689223527908325e-02 9.949406385421752930e-01 -2.957815527915954590e-01
0.000000000000000000e+00 0.000000000000000000e+00 0.000000000000000000e+00 1.000000000000000000e+00
9.422119855880737305e-01 3.338039517402648926e-01 2.848646976053714752e-02 -4.716524481773376465e-02
-3.267544806003570557e-01 9.344134926795959473e-01 -1.417838931083679199e-01 7.415173947811126709e-02
-7.394623756408691406e-02 1.242823824286460876e-01 9.894877076148986816e-01 -2.921496033668518066e-01
0.000000000000000000e+00 0.000000000000000000e+00 0.000000000000000000e+00 1.000000000000000000e+00
8.958588838577270508e-01 4.443384408950805664e-01 -2.755718742264434695e-05 -3.309799730777740479e-02
-4.382575154304504395e-01 8.835884928703308105e-01 -1.649291813373565674e-01 8.806633204221725464e-02
-7.326007634401321411e-02 1.477653682231903076e-01 9.863054156303405762e-01 -2.911354601383209229e-01
0.000000000000000000e+00 0.000000000000000000e+00 0.000000000000000000e+00 1.000000000000000000e+00
8.293641805648803711e-01 5.586708188056945801e-01 -6.459792144596576691e-03 -2.516165375709533691e-02
-5.497028827667236328e-01 8.138743638992309570e-01 -1.882414072751998901e-01 1.017798334360122681e-01
-9.990756958723068237e-02 1.596716344356536865e-01 9.821016192436218262e-01 -2.893841266632080078e-01
0.000000000000000000e+00 0.000000000000000000e+00 0.000000000000000000e+00 1.000000000000000000e+00
7.519711852073669434e-01 6.580402851104736328e-01 -3.901246190071105957e-02 -7.950486615300178528e-03
-6.538115739822387695e-01 7.369735240936279297e-01 -1.714645773172378540e-01 1.004322320222854614e-01
-8.407954871654510498e-02 1.544432342052459717e-01 9.844175577163696289e-01 -2.924834489822387695e-01
0.000000000000000000e+00 0.000000000000000000e+00 0.000000000000000000e+00 1.000000000000000000e+00
6.914914846420288086e-01 7.193227410316467285e-01 -6.643941253423690796e-02 4.267736803740262985e-03
-7.214459776878356934e-01 6.829794049263000488e-01 -1.142566353082656860e-01 8.204593509435653687e-02
-3.681068122386932373e-02 1.269399523735046387e-01 9.912270903587341309e-01 -2.995032370090484619e-01
0.000000000000000000e+00 0.000000000000000000e+00 0.000000000000000000e+00 1.000000000000000000e+00
5.828940868377685547e-01 8.114092350006103516e-01 -4.300208762288093567e-02 6.859738496132194996e-04
-8.119180202484130859e-01 5.795426368713378906e-01 -7.013704627752304077e-02 6.846587359905242920e-02
-3.198833018541336060e-02 7.579664140939712524e-02 9.966101050376892090e-01 -3.070591390132904053e-01
0.000000000000000000e+00 0.000000000000000000e+00 0.000000000000000000e+00 1.000000000000000000e+00
5.011591911315917969e-01 8.641872406005859375e-01 -4.494254291057586670e-02 5.899358540773391724e-03
-8.649721145629882812e-01 4.987163543701171875e-01 -5.572419241070747375e-02 6.392041593790054321e-02
-2.574254758656024933e-02 6.680073589086532593e-02 9.974341988563537598e-01 -3.107259273529052734e-01
0.000000000000000000e+00 0.000000000000000000e+00 0.000000000000000000e+00 1.000000000000000000e+00
4.030756950378417969e-01 9.135029315948486328e-01 -5.515617132186889648e-02 1.413475815206766129e-02
-9.149662256240844727e-01 4.035160839557647705e-01 -3.399003762751817703e-03 4.510973393917083740e-02
1.915139891207218170e-02 5.183609575033187866e-02 9.984719157218933105e-01 -3.151194751262664795e-01
0.000000000000000000e+00 0.000000000000000000e+00 0.000000000000000000e+00 1.000000000000000000e+00
2.940988540649414062e-01 9.539301395416259766e-01 -5.935787409543991089e-02 2.032657340168952942e-02
-9.546843767166137695e-01 2.961621582508087158e-01 2.942081913352012634e-02 3.278933465480804443e-02
4.564494267106056213e-02 4.801540076732635498e-02 9.978030323982238770e-01 -3.173701167106628418e-01
0.000000000000000000e+00 0.000000000000000000e+00 0.000000000000000000e+00 1.000000000000000000e+00
1.782081574201583862e-01 9.815192222595214844e-01 -6.972460448741912842e-02 2.861533872783184052e-02
-9.817324280738830566e-01 1.821519285440444946e-01 5.497149005532264709e-02 2.335620112717151642e-02
6.665604561567306519e-02 5.865456163883209229e-02 9.960505962371826172e-01 -3.184628188610076904e-01
0.000000000000000000e+00 0.000000000000000000e+00 0.000000000000000000e+00 1.000000000000000000e+00
9.859914332628250122e-02 9.912582039833068848e-01 -8.766365051269531250e-02 3.757543116807937622e-02
-9.903826713562011719e-01 1.063394024968147278e-01 8.850823342800140381e-02 1.070680469274520874e-02
9.705663472414016724e-02 7.809374481439590454e-02 9.922104477882385254e-01 -3.174608051776885986e-01
0.000000000000000000e+00 0.000000000000000000e+00 0.000000000000000000e+00 1.000000000000000000e+00
1.441821549087762833e-02 9.957017898559570312e-01 -9.148585051298141479e-02 4.393635690212249756e-02
-9.973251819610595703e-01 2.087769098579883575e-02 7.004699856042861938e-02 1.881683990359306335e-02
7.165594398975372314e-02 9.023120999336242676e-02 9.933397173881530762e-01 -3.114412128925323486e-01
0.000000000000000000e+00 0.000000000000000000e+00 0.000000000000000000e+00 1.000000000000000000e+00
-9.013780951499938965e-02 8.926429152488708496e-01 -4.416600763797760010e-01 1.654254794120788574e-01
-9.905208945274353027e-01 -3.419756889343261719e-02 1.330372989177703857e-01 -1.954382983967661858e-03
1.036510914564132690e-01 4.494653046131134033e-01 8.872638940811157227e-01 -2.708550393581390381e-01
0.000000000000000000e+00 0.000000000000000000e+00 0.000000000000000000e+00 1.000000000000000000e+00
-1.669106483459472656e-01 8.700939416885375977e-01 -4.637638628482818604e-01 1.745565384626388550e-01
-9.766681194305419922e-01 -8.144053816795349121e-02 1.987118422985076904e-01 -2.502537518739700317e-02
1.351287961006164551e-01 4.861107468605041504e-01 8.633869290351867676e-01 -2.642146050930023193e-01
0.000000000000000000e+00 0.000000000000000000e+00 0.000000000000000000e+00 1.000000000000000000e+00
-1.326417326927185059e-01 8.084878921508789062e-01 -5.733703970909118652e-01 2.028693109750747681e-01
-9.911105036735534668e-01 -1.142172440886497498e-01 6.822703778743743896e-02 1.693459600210189819e-02
-1.032806001603603363e-02 5.773230195045471191e-01 8.164503574371337891e-01 -2.421785891056060791e-01
0.000000000000000000e+00 0.000000000000000000e+00 0.000000000000000000e+00 1.000000000000000000e+00
-8.878896385431289673e-02 7.269391417503356934e-01 -6.809374690055847168e-01 2.269100397825241089e-01
-9.942435622215270996e-01 -2.352455258369445801e-02 1.045278608798980713e-01 8.896464481949806213e-03
5.996663868427276611e-02 6.862987875938415527e-01 7.248435020446777344e-01 -2.227865755558013916e-01
0.000000000000000000e+00 0.000000000000000000e+00 0.000000000000000000e+00 1.000000000000000000e+00
-5.955958366394042969e-02 5.560890436172485352e-01 -8.289859294891357422e-01 2.699176371097564697e-01
-9.843066334724426270e-01 1.054787039756774902e-01 1.414745151996612549e-01 -2.721034688875079155e-03
1.661128252744674683e-01 8.244025111198425293e-01 5.410798192024230957e-01 -1.656748652458190918e-01
0.000000000000000000e+00 0.000000000000000000e+00 0.000000000000000000e+00 1.000000000000000000e+00
-1.235667169094085693e-01 4.119230806827545166e-01 -9.028015136718750000e-01 2.913961410522460938e-01
-9.852597713470458984e-01 5.752814561128616333e-02 1.611014455556869507e-01 -1.285353675484657288e-02
1.182978227734565735e-01 9.094007611274719238e-01 3.987428843975067139e-01 -1.156603544950485229e-01
0.000000000000000000e+00 0.000000000000000000e+00 0.000000000000000000e+00 1.000000000000000000e+00
-1.904147416353225708e-01 3.142362236976623535e-01 -9.300524592399597168e-01 3.013018667697906494e-01
-9.754774570465087891e-01 4.596538469195365906e-02 2.152452319860458374e-01 -3.081895224750041962e-02
1.103880181908607483e-01 9.482311010360717773e-01 2.977779209613800049e-01 -8.392565697431564331e-02
0.000000000000000000e+00 0.000000000000000000e+00 0.000000000000000000e+00 1.000000000000000000e+00
-2.745593488216400146e-01 1.957804113626480103e-01 -9.414281845092773438e-01 3.084423840045928955e-01
-9.588564634323120117e-01 1.775659061968326569e-02 2.833348810672760010e-01 -5.296137183904647827e-02
7.218793779611587524e-02 9.804869890213012695e-01 1.828502565622329712e-01 -4.548200964927673340e-02
0.000000000000000000e+00 0.000000000000000000e+00 0.000000000000000000e+00 1.000000000000000000e+00
-1.723924428224563599e-01 -8.354104161262512207e-01 -5.218912363052368164e-01 1.690474897623062134e-01
-9.517386555671691895e-01 4.690179601311683655e-03 3.068731427192687988e-01 -5.831424146890640259e-02
-2.539171576499938965e-01 5.496069192886352539e-01 -7.959007620811462402e-01 2.798114717006683350e-01
0.000000000000000000e+00 0.000000000000000000e+00 0.000000000000000000e+00 1.000000000000000000e+00
-1.727151870727539062e-01 -8.552611470222473145e-01 -4.885678589344024658e-01 1.572181135416030884e-01
-9.708704352378845215e-01 6.419017165899276733e-02 2.308472841978073120e-01 -3.446706384420394897e-02
-1.660733073949813843e-01 5.142070055007934570e-01 -8.414338827133178711e-01 2.894237041473388672e-01
0.000000000000000000e+00 0.000000000000000000e+00 0.000000000000000000e+00 1.000000000000000000e+00
-9.230943769216537476e-02 -8.475978970527648926e-01 -5.225477814674377441e-01 1.610146164894104004e-01
-9.907094240188598633e-01 2.554695867002010345e-02 1.335739493370056152e-01 -1.009827363304793835e-03
-9.986760467290878296e-02 5.300230979919433594e-01 -8.420810699462890625e-01 2.853080928325653076e-01
0.000000000000000000e+00 0.000000000000000000e+00 0.000000000000000000e+00 1.000000000000000000e+00
2.041759528219699860e-02 -8.556415438652038574e-01 -5.171656608581542969e-01 1.497837454080581665e-01
-9.995647668838500977e-01 -2.848220616579055786e-02 7.661218289285898209e-03 4.152042418718338013e-02
-2.128535509109497070e-02 5.167841911315917969e-01 -8.558507561683654785e-01 2.840652167797088623e-01
0.000000000000000000e+00 0.000000000000000000e+00 0.000000000000000000e+00 1.000000000000000000e+00
5.408238247036933899e-02 -8.598204255104064941e-01 -5.077235102653503418e-01 1.436225920915603638e-01
-9.934229850769042969e-01 5.060637835413217545e-03 -1.143888756632804871e-01 8.073098212480545044e-02
1.009233444929122925e-01 5.105708837509155273e-01 -8.538921475410461426e-01 2.751755118370056152e-01
0.000000000000000000e+00 0.000000000000000000e+00 0.000000000000000000e+00 1.000000000000000000e+00
2.952594868838787079e-02 -8.679206371307373047e-01 -4.958246052265167236e-01 1.438163816928863525e-01
-9.804469347000122070e-01 7.140216231346130371e-02 -1.833714693784713745e-01 9.427314251661300659e-02
1.945549398660659790e-01 4.915440678596496582e-01 -8.488422036170959473e-01 2.700984179973602295e-01
0.000000000000000000e+00 0.000000000000000000e+00 0.000000000000000000e+00 1.000000000000000000e+00
-3.927291557192802429e-02 -8.663381338119506836e-01 -4.979104697704315186e-01 1.521207690238952637e-01
-9.939774870872497559e-01 8.488960564136505127e-02 -6.930259615182876587e-02 5.798900499939918518e-02
1.023069024085998535e-01 4.921904206275939941e-01 -8.644548654556274414e-01 2.903475761413574219e-01
0.000000000000000000e+00 0.000000000000000000e+00 0.000000000000000000e+00 1.000000000000000000e+00
-5.124758556485176086e-02 -8.581916093826293945e-01 -5.107654929161071777e-01 1.549972593784332275e-01
-9.937191605567932129e-01 -7.126057986170053482e-03 1.116785332560539246e-01 4.169942112639546394e-04
-9.948139637708663940e-02 5.132801532745361328e-01 -8.524355292320251465e-01 3.048156499862670898e-01
0.000000000000000000e+00 0.000000000000000000e+00 0.000000000000000000e+00 1.000000000000000000e+00
1.251221448183059692e-01 -8.398942351341247559e-01 -5.281306505203247070e-01 1.471661776304244995e-01
-9.870580434799194336e-01 -1.591938585042953491e-01 1.932005025446414948e-02 2.962486818432807922e-02
-1.003020480275154114e-01 5.188783407211303711e-01 -8.489429950714111328e-01 3.059368133544921875e-01
0.000000000000000000e+00 0.000000000000000000e+00 0.000000000000000000e+00 1.000000000000000000e+00
2.181261330842971802e-01 -7.896535992622375488e-01 -5.734701752662658691e-01 1.478558480739593506e-01
-9.490383863449096680e-01 -3.086019158363342285e-01 6.395864486694335938e-02 1.428525522351264954e-02
-2.274790257215499878e-01 5.302941799163818359e-01 -8.167257308959960938e-01 3.012429177761077881e-01
0.000000000000000000e+00 0.000000000000000000e+00 0.000000000000000000e+00 1.000000000000000000e+00
3.325904905796051025e-01 -7.255712747573852539e-01 -6.024357676506042480e-01 1.414460092782974243e-01
-9.127048254013061523e-01 -4.084444940090179443e-01 -1.195337064564228058e-02 3.694937005639076233e-02
-2.373886853456497192e-01 5.538218021392822266e-01 -7.980773448944091797e-01 2.899835407733917236e-01
0.000000000000000000e+00 0.000000000000000000e+00 0.000000000000000000e+00 1.000000000000000000e+00
3.561670780181884766e-01 -7.204401493072509766e-01 -5.950721502304077148e-01 1.366311162710189819e-01
-9.223068952560424805e-01 -3.732623159885406494e-01 -1.001259237527847290e-01 6.580560654401779175e-02
-1.499832570552825928e-01 5.845007896423339844e-01 -7.974105477333068848e-01 2.812860012054443359e-01
0.000000000000000000e+00 0.000000000000000000e+00 0.000000000000000000e+00 1.000000000000000000e+00
3.702621459960937500e-01 -7.077537775039672852e-01 -6.016559600830078125e-01 1.379827260971069336e-01
-9.258672595024108887e-01 -3.337062597274780273e-01 -1.772299855947494507e-01 9.033017605543136597e-02
-7.534119486808776855e-02 6.226750612258911133e-01 -7.788447141647338867e-01 2.691999375820159912e-01
0.000000000000000000e+00 0.000000000000000000e+00 0.000000000000000000e+00 1.000000000000000000e+00
5.316619277000427246e-01 -6.064339876174926758e-01 -5.912477374076843262e-01 1.294496208429336548e-01
-8.440604805946350098e-01 -4.370571374893188477e-01 -3.107133209705352783e-01 1.269473731517791748e-01
-6.998175382614135742e-02 6.642431616783142090e-01 -7.442334890365600586e-01 2.568079829216003418e-01
0.000000000000000000e+00 0.000000000000000000e+00 0.000000000000000000e+00 1.000000000000000000e+00
6.793670058250427246e-01 -4.180936217308044434e-01 -6.030409336090087891e-01 1.286042779684066772e-01
-7.139850854873657227e-01 -5.663110017776489258e-01 -4.117243587970733643e-01 1.557514667510986328e-01
-1.693695783615112305e-01 7.102740406990051270e-01 -6.832458376884460449e-01 2.524201571941375732e-01
0.000000000000000000e+00 0.000000000000000000e+00 0.000000000000000000e+00 1.000000000000000000e+00
7.037204504013061523e-01 -3.371224999427795410e-01 -6.254004836082458496e-01 1.319846957921981812e-01
-6.527314782142639160e-01 -6.543909907341003418e-01 -3.817243874073028564e-01 1.448495686054229736e-01
-2.805687487125396729e-01 6.768462061882019043e-01 -6.805589795112609863e-01 2.622770667076110840e-01
0.000000000000000000e+00 0.000000000000000000e+00 0.000000000000000000e+00 1.000000000000000000e+00
7.502195835113525391e-01 -2.571901977062225342e-01 -6.091167330741882324e-01 1.313944607973098755e-01
-5.768551230430603027e-01 -7.048138976097106934e-01 -4.128876030445098877e-01 1.471811234951019287e-01
-3.231232762336730957e-01 6.611283421516418457e-01 -6.771264672279357910e-01 2.604916095733642578e-01
0.000000000000000000e+00 0.000000000000000000e+00 0.000000000000000000e+00 1.000000000000000000e+00
7.370376586914062500e-01 -2.386832833290100098e-01 -6.323019862174987793e-01 1.464344710111618042e-01
-5.462427139282226562e-01 -7.612994909286499023e-01 -3.493457436561584473e-01 1.199444532394409180e-01
-3.979879021644592285e-01 6.028712987899780273e-01 -6.914852261543273926e-01 2.696875035762786865e-01
0.000000000000000000e+00 0.000000000000000000e+00 0.000000000000000000e+00 1.000000000000000000e+00
7.221764922142028809e-01 -3.329395055770874023e-01 -6.063108444213867188e-01 1.466888338327407837e-01
-5.918940901756286621e-01 -7.510321736335754395e-01 -2.925954163074493408e-01 9.813822060823440552e-02
-3.579424321651458740e-01 5.701770186424255371e-01 -7.394428849220275879e-01 2.823162972927093506e-01
0.000000000000000000e+00 0.000000000000000000e+00 0.000000000000000000e+00 1.000000000000000000e+00
8.105114698410034180e-01 -1.813578903675079346e-01 -5.569381117820739746e-01 1.342516392469406128e-01
-5.315546393394470215e-01 -6.271185874938964844e-01 -5.693600177764892578e-01 1.855501234531402588e-01
-2.460086643695831299e-01 7.575159668922424316e-01 -6.046890020370483398e-01 2.441156953573226929e-01
0.000000000000000000e+00 0.000000000000000000e+00 0.000000000000000000e+00 1.000000000000000000e+00
8.530620932579040527e-01 -1.174220442771911621e-01 -5.084258317947387695e-01 1.169573664665222168e-01
-4.771870970726013184e-01 -5.697879195213317871e-01 -6.690545678138732910e-01 2.181676775217056274e-01
-2.111332118511199951e-01 8.133593797683715820e-01 -5.420969724655151367e-01 2.217361778020858765e-01
0.000000000000000000e+00 0.000000000000000000e+00 0.000000000000000000e+00 1.000000000000000000e+00
8.839465975761413574e-01 -6.356889009475708008e-02 -4.632466137409210205e-01 1.010121703147888184e-01
-4.295116961002349854e-01 -5.019778609275817871e-01 -7.506912946701049805e-01 2.453445345163345337e-01
-1.848190873861312866e-01 8.625409007072448730e-01 -4.710254669189453125e-01 1.968438774347305298e-01
0.000000000000000000e+00 0.000000000000000000e+00 0.000000000000000000e+00 1.000000000000000000e+00
9.150905609130859375e-01 1.797392591834068298e-02 -4.028476476669311523e-01 8.036988228559494019e-02
-3.613170981407165527e-01 -4.070340692996978760e-01 -8.389120697975158691e-01 2.742849290370941162e-01
-1.790513545274734497e-01 9.132363796234130859e-01 -3.659787774085998535e-01 1.614569276571273804e-01
0.000000000000000000e+00 0.000000000000000000e+00 0.000000000000000000e+00 1.000000000000000000e+00
9.535923600196838379e-01 -2.486070543527603149e-01 -1.698716431856155396e-01 1.936195476446300745e-04
-2.407226413488388062e-01 -2.905647456645965576e-01 -9.260803461074829102e-01 2.969538569450378418e-01
1.808714568614959717e-01 9.239948987960815430e-01 -3.369255065917968750e-01 1.296840906143188477e-01
0.000000000000000000e+00 0.000000000000000000e+00 0.000000000000000000e+00 1.000000000000000000e+00
9.810540676116943359e-01 -9.141917526721954346e-02 -1.708071380853652954e-01 1.824003760702908039e-03
-1.870388239622116089e-01 -2.171796262264251709e-01 -9.580446481704711914e-01 3.046841919422149658e-01
5.048783123493194580e-02 9.718410968780517578e-01 -2.301639020442962646e-01 1.001825928688049316e-01
0.000000000000000000e+00 0.000000000000000000e+00 0.000000000000000000e+00 1.000000000000000000e+00
9.760565161705017090e-01 -1.818305104970932007e-01 -1.193794384598731995e-01 -1.556447334587574005e-02
-1.400106400251388550e-01 -1.051717028021812439e-01 -9.845485091209411621e-01 3.106425404548645020e-01
1.664656251668930054e-01 9.776897430419921875e-01 -1.281117349863052368e-01 5.833813920617103577e-02
0.000000000000000000e+00 0.000000000000000000e+00 0.000000000000000000e+00 1.000000000000000000e+00
9.655364751815795898e-01 -2.322499454021453857e-01 -1.174708679318428040e-01 -1.747378520667552948e-02
-1.311642080545425415e-01 -4.436815530061721802e-02 -9.903674125671386719e-01 3.109603226184844971e-01
2.248008102178573608e-01 9.716435670852661133e-01 -7.330190390348434448e-02 3.625581413507461548e-02
0.000000000000000000e+00 0.000000000000000000e+00 0.000000000000000000e+00 1.000000000000000000e+00
9.845373630523681641e-01 -1.482747793197631836e-01 -9.327916800975799561e-02 -2.508970350027084351e-02
-8.833748102188110352e-02 3.958601132035255432e-02 -9.953033924102783203e-01 3.090417385101318359e-01
1.512709259986877441e-01 9.881535172462463379e-01 2.587562054395675659e-02 4.382031504064798355e-03
0.000000000000000000e+00 0.000000000000000000e+00 0.000000000000000000e+00 1.000000000000000000e+00
8.873261213302612305e-01 -4.498119056224822998e-01 -1.015974655747413635e-01 -1.862064749002456665e-02
-4.847477003931999207e-02 1.281133741140365601e-01 -9.905741214752197266e-01 3.031113445758819580e-01
4.585881233215332031e-01 8.838868737220764160e-01 9.187383949756622314e-02 -3.754536062479019165e-02
0.000000000000000000e+00 0.000000000000000000e+00 0.000000000000000000e+00 1.000000000000000000e+00
9.742526412010192871e-01 -1.319238692522048950e-01 -1.828319877386093140e-01 -8.630845113657414913e-04
-1.590691208839416504e-01 1.724817901849746704e-01 -9.720836877822875977e-01 3.056464791297912598e-01
1.597762852907180786e-01 9.761382341384887695e-01 1.470558643341064453e-01 -2.924410067498683929e-02
0.000000000000000000e+00 0.000000000000000000e+00 0.000000000000000000e+00 1.000000000000000000e+00
9.653366804122924805e-01 1.201402172446250916e-01 -2.317139655351638794e-01 1.760025881230831146e-02
-2.507837712764739990e-01 1.808947473764419556e-01 -9.509910941123962402e-01 3.084789514541625977e-01
-7.233645021915435791e-02 9.761371016502380371e-01 2.047535777091979980e-01 -3.053758293390274048e-02
0.000000000000000000e+00 0.000000000000000000e+00 0.000000000000000000e+00 1.000000000000000000e+00
7.296268343925476074e-01 6.738116741180419922e-01 -1.167161464691162109e-01 1.179787237197160721e-02
-3.731519877910614014e-01 2.492644935846328735e-01 -8.936582207679748535e-01 3.068177103996276855e-01
-5.730642080307006836e-01 6.955897212028503418e-01 4.333041608333587646e-01 -7.371123880147933960e-02
0.000000000000000000e+00 0.000000000000000000e+00 0.000000000000000000e+00 1.000000000000000000e+00
9.220335483551025391e-01 2.131222486495971680e-01 -3.231610357761383057e-01 5.224817618727684021e-02
-3.808297216892242432e-01 3.496250510215759277e-01 -8.559971451759338379e-01 3.001006543636322021e-01
-6.944680213928222656e-02 9.123273491859436035e-01 4.035293161869049072e-01 -8.894554525613784790e-02
0.000000000000000000e+00 0.000000000000000000e+00 0.000000000000000000e+00 1.000000000000000000e+00
8.852900266647338867e-01 1.576429605484008789e-01 -4.375045001506805420e-01 8.925439417362213135e-02
-4.612632095813751221e-01 4.173122942447662354e-01 -7.829985022544860840e-01 2.874878048896789551e-01
5.914175882935523987e-02 8.949854969978332520e-01 4.421573281288146973e-01 -1.119367107748985291e-01
0.000000000000000000e+00 0.000000000000000000e+00 0.000000000000000000e+00 1.000000000000000000e+00
8.737967014312744141e-01 1.405455321073532104e-01 -4.655387103557586670e-01 9.908438473939895630e-02
-4.671038687229156494e-01 5.088374614715576172e-01 -7.231170535087585449e-01 2.695463299751281738e-01
1.352525949478149414e-01 8.493122458457946777e-01 5.102698206901550293e-01 -1.406615078449249268e-01
0.000000000000000000e+00 0.000000000000000000e+00 0.000000000000000000e+00 1.000000000000000000e+00
8.581830263137817383e-01 1.258873045444488525e-01 -4.976687431335449219e-01 1.099797487258911133e-01
-4.702614545822143555e-01 5.815521478652954102e-01 -6.638156175613403320e-01 2.533065080642700195e-01
2.058543413877487183e-01 8.037097454071044922e-01 5.582781434059143066e-01 -1.582715511322021484e-01
0.000000000000000000e+00 0.000000000000000000e+00 0.000000000000000000e+00 1.000000000000000000e+00
8.382658958435058594e-01 8.713853359222412109e-02 -5.382537245750427246e-01 1.204148083925247192e-01
-4.432540535926818848e-01 6.837924122810363770e-01 -5.796150565147399902e-01 2.280859053134918213e-01
3.175469934940338135e-01 7.244547009468078613e-01 6.118243336677551270e-01 -1.819701343774795532e-01
0.000000000000000000e+00 0.000000000000000000e+00 0.000000000000000000e+00 1.000000000000000000e+00
8.227980136871337891e-01 1.056232005357742310e-01 -5.584326386451721191e-01 1.285833567380905151e-01
-4.413917958736419678e-01 7.377279400825500488e-01 -5.108134746551513672e-01 2.076979130506515503e-01
3.580175340175628662e-01 6.667839288711547852e-01 6.536223292350769043e-01 -1.990009546279907227e-01
0.000000000000000000e+00 0.000000000000000000e+00 0.000000000000000000e+00 1.000000000000000000e+00
7.924500703811645508e-01 1.441552639007568359e-01 -5.926566123962402344e-01 1.429837048053741455e-01
-4.509299099445343018e-01 7.927581071853637695e-01 -4.101177453994750977e-01 1.781805902719497681e-01
4.107125997543334961e-01 5.922446250915527344e-01 6.932252049446105957e-01 -2.167297452688217163e-01
0.000000000000000000e+00 0.000000000000000000e+00 0.000000000000000000e+00 1.000000000000000000e+00
7.631826996803283691e-01 2.066166847944259644e-01 -6.122593879699707031e-01 1.535137444734573364e-01
-4.602396488189697266e-01 8.388892412185668945e-01 -2.905930876731872559e-01 1.422446221113204956e-01
4.535763561725616455e-01 5.035616755485534668e-01 7.353189587593078613e-01 -2.354247421026229858e-01
0.000000000000000000e+00 0.000000000000000000e+00 0.000000000000000000e+00 1.000000000000000000e+00
7.346214056015014648e-01 2.722666263580322266e-01 -6.214517354965209961e-01 1.604840755462646484e-01
-4.640090167522430420e-01 8.698682188987731934e-01 -1.674060672521591187e-01 1.046644896268844604e-01
4.950019419193267822e-01 4.113393425941467285e-01 7.653579711914062500e-01 -2.498625814914703369e-01
0.000000000000000000e+00 0.000000000000000000e+00 0.000000000000000000e+00 1.000000000000000000e+00
7.138598561286926270e-01 3.544146716594696045e-01 -6.039816141128540039e-01 1.581001430749893188e-01
-4.379867315292358398e-01 8.989277482032775879e-01 9.821834042668342590e-03 4.895252361893653870e-02
5.464170575141906738e-01 2.575246393680572510e-01 7.969374656677246094e-01 -2.659176290035247803e-01
0.000000000000000000e+00 0.000000000000000000e+00 0.000000000000000000e+00 1.000000000000000000e+00
7.032016515731811523e-01 3.947888612747192383e-01 -5.913113355636596680e-01 1.532520055770874023e-01
-3.697271645069122314e-01 9.134259223937988281e-01 1.701605319976806641e-01 -6.911957636475563049e-03
6.072966456413269043e-01 9.896678477525711060e-02 7.882868051528930664e-01 -2.644622623920440674e-01
0.000000000000000000e+00 0.000000000000000000e+00 0.000000000000000000e+00 1.000000000000000000e+00
7.013657093048095703e-01 4.204193651676177979e-01 -5.756161808967590332e-01 1.473386734724044800e-01
-2.983405590057373047e-01 9.065459370613098145e-01 2.986082434654235840e-01 -5.277242884039878845e-02
6.473631858825683594e-01 -3.770389780402183533e-02 7.612484097480773926e-01 -2.581509649753570557e-01
0.000000000000000000e+00 0.000000000000000000e+00 0.000000000000000000e+00 1.000000000000000000e+00
6.917411088943481445e-01 4.524874687194824219e-01 -5.628048181533813477e-01 1.430905312299728394e-01
-2.406125664710998535e-01 8.792355656623840332e-01 4.111574888229370117e-01 -9.174226224422454834e-02
6.808814406394958496e-01 -1.489965617656707764e-01 7.170774936676025391e-01 -2.460885494947433472e-01
0.000000000000000000e+00 0.000000000000000000e+00 0.000000000000000000e+00 1.000000000000000000e+00
6.837514638900756836e-01 4.779679775238037109e-01 -5.513895153999328613e-01 1.394218057394027710e-01
-1.581363081932067871e-01 8.347225189208984375e-01 5.274760127067565918e-01 -1.350606530904769897e-01
7.123740911483764648e-01 -2.734677493572235107e-01 6.463270783424377441e-01 -2.257657796144485474e-01
0.000000000000000000e+00 0.000000000000000000e+00 0.000000000000000000e+00 1.000000000000000000e+00
6.661201715469360352e-01 5.141606330871582031e-01 -5.402984023094177246e-01 1.368419677019119263e-01
-9.691442549228668213e-02 7.779386043548583984e-01 6.208211779594421387e-01 -1.701578199863433838e-01
7.395209074020385742e-01 -3.611788451671600342e-01 5.680302381515502930e-01 -2.029782533645629883e-01
0.000000000000000000e+00 0.000000000000000000e+00 0.000000000000000000e+00 1.000000000000000000e+00
6.782785058021545410e-01 5.254759788513183594e-01 -5.136272907257080078e-01 1.275239288806915283e-01
-3.405047953128814697e-02 7.207247018814086914e-01 6.923846006393432617e-01 -1.986330300569534302e-01
7.340154051780700684e-01 -4.521403312683105469e-01 5.067447423934936523e-01 -1.844810545444488525e-01
0.000000000000000000e+00 0.000000000000000000e+00 0.000000000000000000e+00 1.000000000000000000e+00
6.954949498176574707e-01 5.281833410263061523e-01 -4.871437847614288330e-01 1.183974444866180420e-01
1.992695778608322144e-02 6.635326147079467773e-01 7.478818893432617188e-01 -2.212635725736618042e-01
7.182545661926269531e-01 -5.298553109169006348e-01 4.509585499763488770e-01 -1.680043041706085205e-01
0.000000000000000000e+00 0.000000000000000000e+00 0.000000000000000000e+00 1.000000000000000000e+00
7.329837083816528320e-01 5.136937499046325684e-01 -4.459302723407745361e-01 1.029212847352027893e-01
6.619050353765487671e-02 5.985722541809082031e-01 7.983296513557434082e-01 -2.420825958251953125e-01
6.770182251930236816e-01 -6.146788597106933594e-01 4.047420322895050049e-01 -1.543632894754409790e-01
0.000000000000000000e+00 0.000000000000000000e+00 0.000000000000000000e+00 1.000000000000000000e+00
7.994909286499023438e-01 4.717740714550018311e-01 -3.718112707138061523e-01 7.506865262985229492e-02
1.050715446472167969e-01 4.996052384376525879e-01 8.598569631576538086e-01 -2.688374221324920654e-01
5.914171338081359863e-01 -7.265148758888244629e-01 3.498598635196685791e-01 -1.355751156806945801e-01
0.000000000000000000e+00 0.000000000000000000e+00 0.000000000000000000e+00 1.000000000000000000e+00
8.499317169189453125e-01 4.321376979351043701e-01 -3.014519214630126953e-01 5.033465847373008728e-02
1.270465999841690063e-01 3.871669173240661621e-01 9.132145047187805176e-01 -2.909259498119354248e-01
5.113465785980224609e-01 -8.144683837890625000e-01 2.741638720035552979e-01 -1.085383370518684387e-01
0.000000000000000000e+00 0.000000000000000000e+00 0.000000000000000000e+00 1.000000000000000000e+00
8.617911934852600098e-01 4.204911589622497559e-01 -2.837306261062622070e-01 4.368941113352775574e-02
1.634798645973205566e-01 2.992655634880065918e-01 9.400608539581298828e-01 -3.035971522331237793e-01
4.801980853080749512e-01 -8.565203547477722168e-01 1.891625225543975830e-01 -8.190806210041046143e-02
0.000000000000000000e+00 0.000000000000000000e+00 0.000000000000000000e+00 1.000000000000000000e+00
9.063128232955932617e-01 3.346725404262542725e-01 -2.580533027648925781e-01 3.213292360305786133e-02
1.961671859025955200e-01 2.076937556266784668e-01 9.583222270011901855e-01 -3.135640919208526611e-01
3.743201792240142822e-01 -9.191611409187316895e-01 1.225837767124176025e-01 -5.615706741809844971e-02
0.000000000000000000e+00 0.000000000000000000e+00 0.000000000000000000e+00 1.000000000000000000e+00
9.633115530014038086e-01 1.446905285120010376e-01 -2.260438948869705200e-01 1.678472571074962616e-02
2.108640223741531372e-01 1.130134910345077515e-01 9.709605574607849121e-01 -3.208375573158264160e-01
1.660348027944564819e-01 -9.830017089843750000e-01 7.835715264081954956e-02 -2.994138188660144806e-02
0.000000000000000000e+00 0.000000000000000000e+00 0.000000000000000000e+00 1.000000000000000000e+00
9.820787310600280762e-01 -2.772576175630092621e-02 -1.864209175109863281e-01 -9.579363977536559105e-04
1.870995610952377319e-01 2.429424226284027100e-02 9.820404052734375000e-01 -3.269771337509155273e-01
-2.269884943962097168e-02 -9.993203878402709961e-01 2.904635109007358551e-02 -5.380991497077047825e-04
0.000000000000000000e+00 0.000000000000000000e+00 0.000000000000000000e+00 1.000000000000000000e+00
9.824167490005493164e-01 5.905401334166526794e-02 -1.771158576011657715e-01 -3.654756350442767143e-03
1.807806938886642456e-01 -6.387722492218017578e-02 9.814468622207641602e-01 -3.310359716415405273e-01
4.664471000432968140e-02 -9.962090253829956055e-01 -7.342988252639770508e-02 3.422541543841362000e-02
0.000000000000000000e+00 0.000000000000000000e+00 0.000000000000000000e+00 1.000000000000000000e+00
9.820392727851867676e-01 -1.985315419733524323e-02 -1.876291781663894653e-01 1.951015903614461422e-03
1.843114644289016724e-01 -1.117282807826995850e-01 9.764968752861022949e-01 -3.317636549472808838e-01
-4.035002738237380981e-02 -9.935404658317565918e-01 -1.060623377561569214e-01 5.529983341693878174e-02
0.000000000000000000e+00 0.000000000000000000e+00 0.000000000000000000e+00 1.000000000000000000e+00
9.770852923393249512e-01 -1.506763547658920288e-01 -1.503361910581588745e-01 -7.884532213211059570e-03
1.410132497549057007e-01 -7.081905752420425415e-02 9.874715805053710938e-01 -3.328121900558471680e-01
-1.594352871179580688e-01 -9.860432744026184082e-01 -4.794888943433761597e-02 4.081564769148826599e-02
0.000000000000000000e+00 0.000000000000000000e+00 0.000000000000000000e+00 1.000000000000000000e+00
9.656456112861633301e-01 2.505883574485778809e-01 -6.880502402782440186e-02 -3.340439498424530029e-02
5.511469766497612000e-02 6.125493347644805908e-02 9.965991973876953125e-01 -3.288672566413879395e-01
2.539508044719696045e-01 -9.661540389060974121e-01 4.533947259187698364e-02 -1.591284014284610748e-02
0.000000000000000000e+00 0.000000000000000000e+00 0.000000000000000000e+00 1.000000000000000000e+00
8.528226017951965332e-01 5.174455046653747559e-01 -7.031216472387313843e-02 -2.496952749788761139e-02
-3.696684166789054871e-02 1.941299736499786377e-01 9.802790880203247070e-01 -3.158988058567047119e-01
5.208907127380371094e-01 -8.334046602249145508e-01 1.846867501735687256e-01 -7.624029368162155151e-02
0.000000000000000000e+00 0.000000000000000000e+00 0.000000000000000000e+00 1.000000000000000000e+00
7.685716152191162109e-01 6.353119015693664551e-01 -7.534065842628479004e-02 -1.502624526619911194e-02
-1.658792495727539062e-01 3.116261959075927734e-01 9.356135725975036621e-01 -2.907117307186126709e-01
6.178848147392272949e-01 -7.065887451171875000e-01 3.448921740055084229e-01 -1.337020248174667358e-01
0.000000000000000000e+00 0.000000000000000000e+00 0.000000000000000000e+00 1.000000000000000000e+00
9.446890354156494141e-01 2.252507656812667847e-01 2.383793443441390991e-01 -1.198827698826789856e-01
-3.122220039367675781e-01 3.951671123504638672e-01 8.639217019081115723e-01 -2.555487453937530518e-01
1.003993749618530273e-01 -8.905644416809082031e-01 4.436381459236145020e-01 -1.405953764915466309e-01
0.000000000000000000e+00 0.000000000000000000e+00 0.000000000000000000e+00 1.000000000000000000e+00
8.860365748405456543e-01 3.757904171943664551e-01 2.715155482292175293e-01 -1.221822276711463928e-01
-4.410848319530487061e-01 5.029378533363342285e-01 7.433018684387207031e-01 -2.066097706556320190e-01
1.427702605724334717e-01 -7.783539891242980957e-01 6.113768219947814941e-01 -1.947206258773803711e-01
0.000000000000000000e+00 0.000000000000000000e+00 0.000000000000000000e+00 1.000000000000000000e+00
8.108668923377990723e-01 4.990908503532409668e-01 3.056193590164184570e-01 -1.230364367365837097e-01
-5.748069882392883301e-01 5.810757875442504883e-01 5.761489272117614746e-01 -1.450962126255035400e-01
1.099627539515495300e-01 -6.428521871566772461e-01 7.580561041831970215e-01 -2.358199805021286011e-01
0.000000000000000000e+00 0.000000000000000000e+00 0.000000000000000000e+00 1.000000000000000000e+00
7.391414046287536621e-01 5.846234560012817383e-01 3.344922959804534912e-01 -1.216978058218955994e-01
-6.721839308738708496e-01 6.086395382881164551e-01 4.215763211250305176e-01 -9.064074605703353882e-02
4.287832975387573242e-02 -5.364450216293334961e-01 8.428452610969543457e-01 -2.567070126533508301e-01
0.000000000000000000e+00 0.000000000000000000e+00 0.000000000000000000e+00 1.000000000000000000e+00
6.621307134628295898e-01 7.026216387748718262e-01 2.605865895748138428e-01 -8.730570971965789795e-02
-7.486347556114196777e-01 6.045969128608703613e-01 2.720447480678558350e-01 -4.079588502645492554e-02
3.359488770365715027e-02 -3.752134144306182861e-01 9.263294339179992676e-01 -2.775650620460510254e-01
0.000000000000000000e+00 0.000000000000000000e+00 0.000000000000000000e+00 1.000000000000000000e+00
6.854997873306274414e-01 6.930952668190002441e-01 2.229543775320053101e-01 -7.617877423763275146e-02
-7.279791831970214844e-01 6.573923826217651367e-01 1.946312338113784790e-01 -1.346566900610923767e-02
-1.167045533657073975e-02 -2.957257926464080811e-01 9.552015066146850586e-01 -2.810992300510406494e-01
0.000000000000000000e+00 0.000000000000000000e+00 0.000000000000000000e+00 1.000000000000000000e+00
6.881055235862731934e-01 6.921854615211486816e-01 2.176925837993621826e-01 -7.481916993856430054e-02
-7.159374356269836426e-01 6.964815258979797363e-01 4.844531416893005371e-02 3.131387755274772644e-02
-1.180857121944427490e-01 -1.891897916793823242e-01 9.748143553733825684e-01 -2.769497632980346680e-01
0.000000000000000000e+00 0.000000000000000000e+00 0.000000000000000000e+00 1.000000000000000000e+00
6.684701442718505859e-01 7.148738503456115723e-01 2.051897943019866943e-01 -6.913483887910842896e-02
-7.262521982192993164e-01 6.868929862976074219e-01 -2.711611799895763397e-02 5.203286185860633850e-02
-1.603280603885650635e-01 -1.308932453393936157e-01 9.783465266227722168e-01 -2.729181051254272461e-01
0.000000000000000000e+00 0.000000000000000000e+00 0.000000000000000000e+00 1.000000000000000000e+00
6.560804247856140137e-01 7.315032482147216797e-01 1.856376975774765015e-01 -6.199189275503158569e-02
-7.311081290245056152e-01 6.770617365837097168e-01 -8.407278358936309814e-02 6.668132543563842773e-02
-1.871876865625381470e-01 -8.056275546550750732e-02 9.790149927139282227e-01 -2.691551744937896729e-01
0.000000000000000000e+00 0.000000000000000000e+00 0.000000000000000000e+00 1.000000000000000000e+00
5.743843317031860352e-01 7.954890131950378418e-01 1.930796951055526733e-01 -5.647162720561027527e-02
-7.616946101188659668e-01 6.057817935943603516e-01 -2.298911213874816895e-01 1.085957065224647522e-01
-2.998400628566741943e-01 -1.502192951738834381e-02 9.538713097572326660e-01 -2.552138864994049072e-01
0.000000000000000000e+00 0.000000000000000000e+00 0.000000000000000000e+00 1.000000000000000000e+00
5.727662444114685059e-01 7.952408194541931152e-01 1.988232284784317017e-01 -5.736313387751579285e-02
-6.766468882560729980e-01 5.955880880355834961e-01 -4.329245686531066895e-01 1.649094372987747192e-01
-4.626960754394531250e-01 1.134313866496086121e-01 8.792300820350646973e-01 -2.224667668342590332e-01
0.000000000000000000e+00 0.000000000000000000e+00 0.000000000000000000e+00 1.000000000000000000e+00
5.861562490463256836e-01 7.825459837913513184e-01 2.098633944988250732e-01 -6.254770606756210327e-02
-6.098166108131408691e-01 5.966693162918090820e-01 -5.216410756111145020e-01 1.884213238954544067e-01
-5.334271788597106934e-01 1.777849346399307251e-01 8.269509673118591309e-01 -2.016448229551315308e-01
0.000000000000000000e+00 0.000000000000000000e+00 0.000000000000000000e+00 1.000000000000000000e+00
6.525334119796752930e-01 7.307111024856567383e-01 2.006521075963973999e-01 -6.485971063375473022e-02
-4.953981339931488037e-01 6.117471456527709961e-01 -6.167219877243041992e-01 2.116454839706420898e-01
-5.733940601348876953e-01 3.030290305614471436e-01 7.611784338951110840e-01 -1.752789467573165894e-01
0.000000000000000000e+00 0.000000000000000000e+00 0.000000000000000000e+00 1.000000000000000000e+00
7.261004447937011719e-01 6.653755903244018555e-01 1.733586490154266357e-01 -6.284392625093460083e-02
-3.932377398014068604e-01 6.086708903312683105e-01 -6.891179680824279785e-01 2.274495363235473633e-01
