1.000000000000000000e+00 0.000000000000000000e+00 0.000000000000000000e+00 -4.146692231928954531e-01
0.000000000000000000e+00 -1.000000000000000000e+00 0.000000000000000000e+00 -7.693198940031911737e-02
0.000000000000000000e+00 0.000000000000000000e+00 -1.000000000000000000e+00 -3.421550398492883005e+00
0.000000000000000000e+00 0.000000000000000000e+00 0.000000000000000000e+00 1.000000000000000000e+00
9.895921945571899414e-01 -1.416469663381576538e-01 -2.536048367619514465e-02 -5.398592124677878967e-01
-1.399357020854949951e-01 -9.883506894111633301e-01 5.983970314264297485e-02 2.779091079297075773e-01
-3.354121744632720947e-02 -5.566805601119995117e-02 -9.978859424591064453e-01 -3.423830588035288613e+00
0.000000000000000000e+00 0.000000000000000000e+00 0.000000000000000000e+00 1.000000000000000000e+00
9.699084162712097168e-01 -2.380192577838897705e-01 -5.122917890548706055e-02 -6.345807937507706997e-01
-2.320228666067123413e-01 -9.673737287521362305e-01 1.017512753605842590e-01 5.540741437132339353e-01
-7.377657294273376465e-02 -8.680304139852523804e-02 -9.934896230697631836e-01 -3.393701407788416002e+00
0.000000000000000000e+00 0.000000000000000000e+00 0.000000000000000000e+00 1.000000000000000000e+00
9.365383982658386230e-01 -3.430115878582000732e-01 -7.237660884857177734e-02 -6.928851369401298754e-01
-3.306867778301239014e-01 -9.329348206520080566e-01 1.424026489257812500e-01 8.017076830789204855e-01
-1.163685098290443420e-01 -1.094315275549888611e-01 -9.871591329574584961e-01 -3.346204525335328306e+00
0.000000000000000000e+00 0.000000000000000000e+00 0.000000000000000000e+00 1.000000000000000000e+00
8.938515186309814453e-01 -4.478430747985839844e-01 -2.158686332404613495e-02 -4.527605823084510095e-01
-4.383212327957153320e-01 -8.829517960548400879e-01 1.681378632783889771e-01 9.676487786398741964e-01
-9.435960650444030762e-02 -1.408283263444900513e-01 -9.855272769927978516e-01 -3.350496038533053333e+00
0.000000000000000000e+00 0.000000000000000000e+00 0.000000000000000000e+00 1.000000000000000000e+00
8.266003727912902832e-01 -5.627413988113403320e-01 -7.362721487879753113e-03 -3.329675371232940773e-01
-5.510561466217041016e-01 -8.119552135467529297e-01 1.925250738859176636e-01 1.130406053987913273e+00
-1.143200993537902832e-01 -1.550839692354202271e-01 -9.812644720077514648e-01 -3.333407543209581547e+00
0.000000000000000000e+00 0.000000000000000000e+00 0.000000000000000000e+00 1.000000000000000000e+00
7.490260004997253418e-01 -6.614797711372375488e-01 3.747906163334846497e-02 -9.092184093592273197e-02
-6.565306186676025391e-01 -7.334406375885009766e-01 1.761597394943237305e-01 1.118551308916462261e+00
-8.903741091489791870e-02 -1.565542370080947876e-01 -9.836477041244506836e-01 -3.370115664893544860e+00
0.000000000000000000e+00 0.000000000000000000e+00 0.000000000000000000e+00 1.000000000000000000e+00
6.893091797828674316e-01 -7.221379876136779785e-01 5.805012583732604980e-02 2.471057197076262715e-02
-7.229793667793273926e-01 -6.805481910705566406e-01 1.189739480614662170e-01 9.030310852518858011e-01
-4.640972614288330078e-02 -1.239788979291915894e-01 -9.911991357803344727e-01 -3.454261035955640047e+00
0.000000000000000000e+00 0.000000000000000000e+00 0.000000000000000000e+00 1.000000000000000000e+00
5.853674411773681641e-01 -8.106544613838195801e-01 1.357323769479990005e-02 -9.696355687675327351e-02
-8.091731071472167969e-01 -5.830843448638916016e-01 7.247033715248107910e-02 7.335388056072963403e-01
-5.083404108881950378e-02 -5.340485647320747375e-02 -9.972781538963317871e-01 -3.545016371441797709e+00
0.000000000000000000e+00 0.000000000000000000e+00 0.000000000000000000e+00 1.000000000000000000e+00
4.939172863960266113e-01 -8.693668246269226074e-01 1.570210792124271393e-02 -3.231350748282185714e-02
-8.685604333877563477e-01 -4.924550354480743408e-01 5.559193715453147888e-02 6.771666774564791824e-01
-4.059723764657974243e-02 -4.109604284167289734e-02 -9.983306527137756348e-01 -3.590654287575581805e+00
0.000000000000000000e+00 0.000000000000000000e+00 0.000000000000000000e+00 1.000000000000000000e+00
4.027540087699890137e-01 -9.145760536193847656e-01 3.660961985588073730e-02 9.697081859369618972e-02
-9.152474403381347656e-01 -4.028650820255279541e-01 4.616178572177886963e-03 4.679780299953777423e-01
1.052688807249069214e-02 -3.536605462431907654e-02 -9.993189573287963867e-01 -3.642151411848717935e+00
0.000000000000000000e+00 0.000000000000000000e+00 0.000000000000000000e+00 1.000000000000000000e+00
2.903295159339904785e-01 -9.561836123466491699e-01 3.769703954458236694e-02 1.592967211347759982e-01
-9.560950398445129395e-01 -2.914940416812896729e-01 -3.021957725286483765e-02 3.096199865498259762e-01
3.988394141197204590e-02 -2.726833708584308624e-02 -9.988323450088500977e-01 -3.670928334563487994e+00
0.000000000000000000e+00 0.000000000000000000e+00 0.000000000000000000e+00 1.000000000000000000e+00
1.721196025609970093e-01 -9.840182065963745117e-01 4.564365744590759277e-02 2.480489519027875567e-01
-9.832084774971008301e-01 -1.744606047868728638e-01 -5.352310463786125183e-02 2.093022462045203980e-01
6.063069775700569153e-02 -3.566484153270721436e-02 -9.975228309631347656e-01 -3.684279594056459217e+00
0.000000000000000000e+00 0.000000000000000000e+00 0.000000000000000000e+00 1.000000000000000000e+00
9.714014083147048950e-02 -9.925396442413330078e-01 7.368242740631103516e-02 3.878623585738922297e-01
-9.912638664245605469e-01 -1.031200140714645386e-01 -8.223272860050201416e-02 8.062565020949723216e-02
8.921736478805541992e-02 -6.505060940980911255e-02 -9.938855171203613281e-01 -3.673168538922686022e+00
0.000000000000000000e+00 0.000000000000000000e+00 0.000000000000000000e+00 1.000000000000000000e+00
2.728890627622604370e-02 -9.962283372879028320e-01 8.236855268478393555e-02 4.720523251797588693e-01
-9.971209168434143066e-01 -3.295981511473655701e-02 -6.829301267862319946e-02 1.610975010549582642e-01
7.075030356645584106e-02 -8.026772737503051758e-02 -9.942594766616821289e-01 -3.602394419945166071e+00
0.000000000000000000e+00 0.000000000000000000e+00 0.000000000000000000e+00 1.000000000000000000e+00
-8.858986198902130127e-02 -9.103100299835205078e-01 4.043352901935577393e-01 1.779634515494203484e+00
-9.905634522438049316e-01 3.789769113063812256e-02 -1.317109912633895874e-01 -8.202851544785964844e-02
1.045743599534034729e-01 -4.121881425380706787e-01 -9.050771594047546387e-01 -3.207360802444492620e+00
0.000000000000000000e+00 0.000000000000000000e+00 0.000000000000000000e+00 1.000000000000000000e+00
-1.583979427814483643e-01 -8.881324529647827148e-01 4.314280748367309570e-01 1.902953818654713913e+00
-9.780486822128295898e-01 8.121715486049652100e-02 -1.918958127498626709e-01 -3.326158430789250553e-01
1.353895962238311768e-01 -4.523534178733825684e-01 -8.815018534660339355e-01 -3.128365591919522792e+00
0.000000000000000000e+00 0.000000000000000000e+00 0.000000000000000000e+00 1.000000000000000000e+00
-1.345262825489044189e-01 -8.251405358314514160e-01 5.486764311790466309e-01 2.262596584968219471e+00
-9.908802509307861328e-01 1.163322776556015015e-01 -6.799807399511337280e-02 1.328296569388942583e-01
-7.720808964222669601e-03 -5.528199076652526855e-01 -8.332647681236267090e-01 -2.862327105395724658e+00
0.000000000000000000e+00 0.000000000000000000e+00 0.000000000000000000e+00 1.000000000000000000e+00
-8.634966611862182617e-02 -7.539835572242736816e-01 6.511930227279663086e-01 2.518416444283458233e+00
-9.943472146987915039e-01 2.469181269407272339e-02 -1.032633259892463684e-01 3.805442096906936494e-02
6.177971884608268738e-02 -6.564288735389709473e-01 -7.518537044525146484e-01 -2.676959932442996237e+00
0.000000000000000000e+00 0.000000000000000000e+00 0.000000000000000000e+00 1.000000000000000000e+00
-5.659405142068862915e-02 -5.820905566215515137e-01 8.111520409584045410e-01 3.061785612238754783e+00
-9.848738908767700195e-01 -1.007207632064819336e-01 -1.409926861524581909e-01 -9.350510188788872801e-02
1.637704819440841675e-01 -8.068619966506958008e-01 -5.675856471061706543e-01 -2.009305957032664569e+00
0.000000000000000000e+00 0.000000000000000000e+00 0.000000000000000000e+00 1.000000000000000000e+00
-1.223466768860816956e-01 -4.418226182460784912e-01 8.887206912040710449e-01 3.327681565372411221e+00
-9.854385852813720703e-01 -5.245436355471611023e-02 -1.617389768362045288e-01 -2.134033370812134511e-01
1.180770471692085266e-01 -8.955673575401306152e-01 -4.289712607860565186e-01 -1.444675184956445202e+00
0.000000000000000000e+00 0.000000000000000000e+00 0.000000000000000000e+00 1.000000000000000000e+00
-1.939266473054885864e-01 -3.340352177619934082e-01 9.223951697349548340e-01 3.464834190773444345e+00
-9.746689200401306152e-01 -4.117533192038536072e-02 -2.198280394077301025e-01 -4.325014806119475974e-01
1.114102378487586975e-01 -9.416604638099670410e-01 -3.175889551639556885e-01 -1.038226831749533563e+00
0.000000000000000000e+00 0.000000000000000000e+00 0.000000000000000000e+00 1.000000000000000000e+00
-2.728098928928375244e-01 -2.126556783914566040e-01 9.382709860801696777e-01 3.561438048703441606e+00
-9.599168300628662109e-01 -5.009765271097421646e-03 -2.802390158176422119e-01 -6.643788757696246217e-01
6.429489701986312866e-02 -9.771144986152648926e-01 -2.027652561664581299e-01 -5.898875790977310407e-01
0.000000000000000000e+00 0.000000000000000000e+00 0.000000000000000000e+00 1.000000000000000000e+00
-1.793849319219589233e-01 8.197596073150634766e-01 5.438894033432006836e-01 2.045958585848066669e+00
-9.485538005828857422e-01 2.490897895768284798e-03 -3.166054487228393555e-01 -7.781393072445033088e-01
-2.608950138092041016e-01 -5.727031826972961426e-01 7.771388888359069824e-01 3.170800897066433421e+00
0.000000000000000000e+00 0.000000000000000000e+00 0.000000000000000000e+00 1.000000000000000000e+00
-1.704498529434204102e-01 8.713260293006896973e-01 4.601505696773529053e-01 1.725298787913174259e+00
-9.683046936988830566e-01 -6.158854067325592041e-02 -2.420589923858642578e-01 -5.096158794642877687e-01
-1.825722903013229370e-01 -4.868251383304595947e-01 8.542066216468811035e-01 3.394992993514148072e+00
0.000000000000000000e+00 0.000000000000000000e+00 0.000000000000000000e+00 1.000000000000000000e+00
-8.318678289651870728e-02 8.553336262702941895e-01 5.113545656204223633e-01 1.827033847888258844e+00
-9.898567199707031250e-01 -1.162171456962823868e-02 -1.415909230709075928e-01 -1.081732252395449373e-01
-1.151647865772247314e-01 -5.179463624954223633e-01 8.476246595382690430e-01 3.323986202134341372e+00
0.000000000000000000e+00 0.000000000000000000e+00 0.000000000000000000e+00 1.000000000000000000e+00
2.724102884531021118e-02 8.602629303932189941e-01 5.091215968132019043e-01 1.709680782172152025e+00
-9.989007115364074707e-01 4.286001995205879211e-02 -1.897405646741390228e-02 3.719493468613287446e-01
-3.814373537898063660e-02 -5.080453157424926758e-01 8.604852557182312012e-01 3.306976643077719213e+00
0.000000000000000000e+00 0.000000000000000000e+00 0.000000000000000000e+00 1.000000000000000000e+00
5.564593523740768433e-02 8.622462153434753418e-01 5.034230947494506836e-01 1.656741261354768291e+00
-9.946482777595520020e-01 3.913248423486948013e-03 1.032411158084869385e-01 8.279870829925565223e-01
8.704928308725357056e-02 -5.064738988876342773e-01 8.578494787216186523e-01 3.200261014894286937e+00
0.000000000000000000e+00 0.000000000000000000e+00 0.000000000000000000e+00 1.000000000000000000e+00
2.718622796237468719e-02 8.700998425483703613e-01 4.921254217624664307e-01 1.662487924991384647e+00
-9.826984405517578125e-01 -6.696327775716781616e-02 1.726808995008468628e-01 9.866366563406766543e-01
1.832041740417480469e-01 -4.883050322532653809e-01 8.532258272171020508e-01 3.141264255870716671e+00
0.000000000000000000e+00 0.000000000000000000e+00 0.000000000000000000e+00 1.000000000000000000e+00
-3.988344222307205200e-02 8.713066577911376953e-01 4.891141355037689209e-01 1.737395512283003152e+00
-9.950267672538757324e-01 -7.934626191854476929e-02 6.021010130643844604e-02 5.724994712502863292e-01
9.127089381217956543e-02 -4.842810630798339844e-01 8.701391220092773438e-01 3.380038879694315934e+00
0.000000000000000000e+00 0.000000000000000000e+00 0.000000000000000000e+00 1.000000000000000000e+00
-4.417093470692634583e-02 8.690281510353088379e-01 4.927869141101837158e-01 1.734256675401196990e+00
-9.923102259635925293e-01 1.892433501780033112e-02 -1.223185434937477112e-01 -1.020613601852056462e-01
-1.156239882111549377e-01 -4.944005906581878662e-01 8.615100383758544922e-01 3.557010542972844469e+00
0.000000000000000000e+00 0.000000000000000000e+00 0.000000000000000000e+00 1.000000000000000000e+00
1.307663619518280029e-01 8.534259200096130371e-01 5.045437812805175781e-01 1.622121159043914851e+00
-9.853572845458984375e-01 1.680425703525543213e-01 -2.885847166180610657e-02 2.333891180576861957e-01
-1.094134673476219177e-01 -4.933820068836212158e-01 8.629039525985717773e-01 3.583594829908439472e+00
0.000000000000000000e+00 0.000000000000000000e+00 0.000000000000000000e+00 1.000000000000000000e+00
2.278240174055099487e-01 8.013662695884704590e-01 5.530894398689270020e-01 1.634051048683808016e+00
-9.446788430213928223e-01 3.195647299289703369e-01 -7.389049232006072998e-02 6.170900688815406099e-02
-2.359614223241806030e-01 -5.056580901145935059e-01 8.298385143280029297e-01 3.525215428325601863e+00
0.000000000000000000e+00 0.000000000000000000e+00 0.000000000000000000e+00 1.000000000000000000e+00
3.401700854301452637e-01 7.301135659217834473e-01 5.926370620727539062e-01 1.606697046971464315e+00
-9.077191352844238281e-01 4.195574223995208740e-01 4.140871111303567886e-03 3.196020203952456007e-01
-2.456220537424087524e-01 -5.393562316894531250e-01 8.054587841033935547e-01 3.376190305810572667e+00
0.000000000000000000e+00 0.000000000000000000e+00 0.000000000000000000e+00 1.000000000000000000e+00
3.555676937103271484e-01 7.251791954040527344e-01 5.896502137184143066e-01 1.569651119429366748e+00
-9.214149713516235352e-01 3.777667880058288574e-01 9.103152155876159668e-02 6.602796591983944863e-01
-1.567360758781433105e-01 -5.756800174713134766e-01 8.025121092796325684e-01 3.270621838745375598e+00
0.000000000000000000e+00 0.000000000000000000e+00 0.000000000000000000e+00 1.000000000000000000e+00
3.744520843029022217e-01 7.134874463081359863e-01 5.922170281410217285e-01 1.569248165298592346e+00
-9.236336350440979004e-01 3.433293402194976807e-01 1.703686416149139404e-01 9.486197954813345712e-01
-8.176971226930618286e-02 -6.107867360115051270e-01 7.875615358352661133e-01 3.141278733264636802e+00
0.000000000000000000e+00 0.000000000000000000e+00 0.000000000000000000e+00 1.000000000000000000e+00
5.331886410713195801e-01 6.099781394004821777e-01 5.862044692039489746e-01 1.489805189661667306e+00
-8.422181606292724609e-01 4.481348395347595215e-01 2.997388541698455811e-01 1.356122757895349862e+00
-7.986462861299514771e-02 -6.535296440124511719e-01 7.526752948760986328e-01 2.999005246814173464e+00
0.000000000000000000e+00 0.000000000000000000e+00 0.000000000000000000e+00 1.000000000000000000e+00
6.844807863235473633e-01 4.251345992088317871e-01 5.922387242317199707e-01 1.453350767071159622e+00
-7.085604071617126465e-01 5.791024565696716309e-01 4.032147526741027832e-01 1.699073089019053073e+00
-1.715464442968368530e-01 -6.956295371055603027e-01 6.976180076599121094e-01 2.964138856456751459e+00
0.000000000000000000e+00 0.000000000000000000e+00 0.000000000000000000e+00 1.000000000000000000e+00
7.081769108772277832e-01 3.441867828369140625e-01 6.164582371711730957e-01 1.499208257012730972e+00
-6.482073068618774414e-01 6.630278229713439941e-01 3.744613528251647949e-01 1.576375452047465986e+00
-2.798444628715515137e-01 -6.647777557373046875e-01 6.926448941230773926e-01 3.070283316980053190e+00
0.000000000000000000e+00 0.000000000000000000e+00 0.000000000000000000e+00 1.000000000000000000e+00
7.568472027778625488e-01 2.549876868724822998e-01 6.018004417419433594e-01 1.501315924277589753e+00
-5.636325478553771973e-01 7.208039164543151855e-01 4.034351706504821777e-01 1.590875596157948380e+00
-3.309092223644256592e-01 -6.445331573486328125e-01 6.892574429512023926e-01 3.052070755428646809e+00
0.000000000000000000e+00 0.000000000000000000e+00 0.000000000000000000e+00 1.000000000000000000e+00
7.525877952575683594e-01 2.581470012664794922e-01 6.057814955711364746e-01 1.588139096165108732e+00
-5.385955572128295898e-01 7.705919742584228516e-01 3.407405018806457520e-01 1.277353411950525652e+00
-3.788488805294036865e-01 -5.827081799507141113e-01 7.189744114875793457e-01 3.196836421832487840e+00
0.000000000000000000e+00 0.000000000000000000e+00 0.000000000000000000e+00 1.000000000000000000e+00
7.357810139656066895e-01 3.484015464782714844e-01 5.807257890701293945e-01 1.598274995408410559e+00
-5.843492746353149414e-01 7.600352764129638672e-01 2.843959927558898926e-01 1.030568480540955623e+00
-3.422881960868835449e-01 -5.486006736755371094e-01 7.628080248832702637e-01 3.332841196715575549e+00
0.000000000000000000e+00 0.000000000000000000e+00 0.000000000000000000e+00 1.000000000000000000e+00
8.174661993980407715e-01 1.938021928071975708e-01 5.423927307128906250e-01 1.500348524133861661e+00
-5.241536498069763184e-01 6.406890153884887695e-01 5.610529780387878418e-01 2.038024384772201270e+00
-2.387718111276626587e-01 -7.429388761520385742e-01 6.253235936164855957e-01 2.888253355675820533e+00
0.000000000000000000e+00 0.000000000000000000e+00 0.000000000000000000e+00 1.000000000000000000e+00
8.527036309242248535e-01 1.138955801725387573e-01 5.098272562026977539e-01 1.372017543603067713e+00
-4.729467332363128662e-01 5.827757716178894043e-01 6.608271598815917969e-01 2.418181101220616025e+00
-2.218500673770904541e-01 -8.046110272407531738e-01 5.508018136024475098e-01 2.595974592671956405e+00
0.000000000000000000e+00 0.000000000000000000e+00 0.000000000000000000e+00 1.000000000000000000e+00
8.787847161293029785e-01 3.111302852630615234e-02 4.762033522129058838e-01 1.243263961049750899e+00
-4.220443069934844971e-01 5.164365768432617188e-01 7.450981736183166504e-01 2.739757973120371837e+00
-2.227467596530914307e-01 -8.557596802711486816e-01 4.669680595397949219e-01 2.280449788480558571e+00
0.000000000000000000e+00 0.000000000000000000e+00 0.000000000000000000e+00 1.000000000000000000e+00
8.869614601135253906e-01 -1.183229386806488037e-01 4.464289247989654541e-01 1.146142363937184827e+00
-3.630302548408508301e-01 4.189169704914093018e-01 8.322965502738952637e-01 3.078814057629513101e+00
-2.854964733123779297e-01 -9.002820253372192383e-01 3.286084532737731934e-01 1.790917050365977481e+00
0.000000000000000000e+00 0.000000000000000000e+00 0.000000000000000000e+00 1.000000000000000000e+00
9.489275217056274414e-01 2.657180726528167725e-01 1.700890511274337769e-01 1.111710966310151989e-02
-2.512031793594360352e-01 3.101818859577178955e-01 9.168881177902221680e-01 3.333442117195263066e+00
1.908752918243408203e-01 -9.127873182296752930e-01 3.610894680023193359e-01 1.578282740064425482e+00
0.000000000000000000e+00 0.000000000000000000e+00 0.000000000000000000e+00 1.000000000000000000e+00
9.710007309913635254e-01 1.879913955926895142e-01 1.477046608924865723e-01 -7.196690900097184318e-02
-1.891599446535110474e-01 2.262876778841018677e-01 9.555169343948364258e-01 3.446418528849400698e+00
1.462052315473556519e-01 -9.557476043701171875e-01 2.552859485149383545e-01 1.191631878343308637e+00
0.000000000000000000e+00 0.000000000000000000e+00 0.000000000000000000e+00 1.000000000000000000e+00
9.808499813079833984e-01 1.454758942127227783e-01 1.294989138841629028e-01 -1.367213135831092385e-01
-1.473587304353713989e-01 1.195427551865577698e-01 9.818324446678161621e-01 3.517690049718030565e+00
1.273523122072219849e-01 -9.821133017539978027e-01 1.386906057596206665e-01 7.387878725458336682e-01
0.000000000000000000e+00 0.000000000000000000e+00 0.000000000000000000e+00 1.000000000000000000e+00
9.542173147201538086e-01 2.750132083892822266e-01 1.176315173506736755e-01 -1.949732839382130323e-01
-1.388537734746932983e-01 5.894716829061508179e-02 9.885570406913757324e-01 3.525112127001035933e+00
2.649322450160980225e-01 -9.596320986747741699e-01 9.443508833646774292e-02 4.639140824200323476e-01
0.000000000000000000e+00 0.000000000000000000e+00 0.000000000000000000e+00 1.000000000000000000e+00
9.904295206069946289e-01 -9.848576039075851440e-02 9.669738262891769409e-02 -2.461078485948606787e-01
-1.001924052834510803e-01 -3.117114864289760590e-02 9.944795966148376465e-01 3.511203487842143645e+00
-9.492798149585723877e-02 -9.946498870849609375e-01 -4.074031114578247070e-02 1.469185947525167846e-01
0.000000000000000000e+00 0.000000000000000000e+00 0.000000000000000000e+00 1.000000000000000000e+00
9.972324371337890625e-01 -3.423256799578666687e-02 6.599892675876617432e-02 -3.645967003339800061e-01
-6.972008198499679565e-02 -1.222541853785514832e-01 9.900470972061157227e-01 3.449395012099389035e+00
-2.582320570945739746e-02 -9.919083118438720703e-01 -1.243024095892906189e-01 -2.484918012336736204e-01
0.000000000000000000e+00 0.000000000000000000e+00 0.000000000000000000e+00 1.000000000000000000e+00
9.783505797386169434e-01 -1.459015905857086182e-01 1.467751711606979370e-01 -8.655919030557263083e-02
-1.702454984188079834e-01 -1.641370505094528198e-01 9.716355204582214355e-01 3.472546088476804016e+00
-1.176719218492507935e-01 -9.755878448486328125e-01 -1.854226440191268921e-01 -2.921449571447328197e-01
0.000000000000000000e+00 0.000000000000000000e+00 0.000000000000000000e+00 1.000000000000000000e+00
7.075867652893066406e-01 -7.025288939476013184e-01 7.598719000816345215e-02 -4.409147874042122078e-02
-2.698483765125274658e-01 -1.692629307508468628e-01 9.479092955589294434e-01 3.499950071668157303e+00
-6.530721187591552734e-01 -6.912329196929931641e-01 -3.093444406986236572e-01 -3.997245108840987160e-01
0.000000000000000000e+00 0.000000000000000000e+00 0.000000000000000000e+00 1.000000000000000000e+00
5.513423085212707520e-01 -8.342285752296447754e-01 9.233098477125167847e-03 -7.742466568548091177e-02
-3.710394501686096191e-01 -2.352779209613800049e-01 8.983170986175537109e-01 3.493368027932369113e+00
-7.472291588783264160e-01 -4.987061023712158203e-01 -4.392504394054412842e-01 -8.129380727123760586e-01
0.000000000000000000e+00 0.000000000000000000e+00 0.000000000000000000e+00 1.000000000000000000e+00
5.548766851425170898e-01 -8.292056918144226074e-01 -6.730142980813980103e-02 -3.613825896212861100e-01
-3.963228762149810791e-01 -3.345983624458312988e-01 8.549684286117553711e-01 3.405875621275903598e+00
-7.314638495445251465e-01 -4.477295279502868652e-01 -5.142940282821655273e-01 -1.119607882322539716e+00
0.000000000000000000e+00 0.000000000000000000e+00 0.000000000000000000e+00 1.000000000000000000e+00
8.856773972511291504e-01 -2.098233252763748169e-01 4.141858220100402832e-01 9.723594328445084312e-01
-4.642420709133148193e-01 -4.144389927387237549e-01 7.827638983726501465e-01 3.261191993437609238e+00
7.412478327751159668e-03 -8.855586051940917969e-01 -4.644680321216583252e-01 -1.332956152199255451e+00
0.000000000000000000e+00 0.000000000000000000e+00 0.000000000000000000e+00 1.000000000000000000e+00
8.745602965354919434e-01 -1.783242374658584595e-01 4.509384632110595703e-01 1.106766610073526946e+00
-4.756007194519042969e-01 -4.968441724777221680e-01 7.259125113487243652e-01 3.065836108079765587e+00
9.459823369979858398e-02 -8.493210077285766602e-01 -5.193312764167785645e-01 -1.624284491527262286e+00
0.000000000000000000e+00 0.000000000000000000e+00 0.000000000000000000e+00 1.000000000000000000e+00
8.664932250976562500e-01 -1.609153896570205688e-01 4.725411832332611084e-01 1.190067294140358944e+00
-4.704118669033050537e-01 -5.799746513366699219e-01 6.650881767272949219e-01 2.869168984472592943e+00
1.670389622449874878e-01 -7.985832691192626953e-01 -5.782403349876403809e-01 -1.872072154815722422e+00
0.000000000000000000e+00 0.000000000000000000e+00 0.000000000000000000e+00 1.000000000000000000e+00
8.502787351608276367e-01 -1.177148148417472839e-01 5.130000114440917969e-01 1.305268140135317667e+00
-4.457570016384124756e-01 -6.793186068534851074e-01 5.829465985298156738e-01 2.586572151002680897e+00
2.798689603805541992e-01 -7.243405580520629883e-01 -6.300821304321289062e-01 -2.134258103407442153e+00
0.000000000000000000e+00 0.000000000000000000e+00 0.000000000000000000e+00 1.000000000000000000e+00
8.353909850120544434e-01 -1.314975619316101074e-01 5.336949229240417480e-01 1.403408325320114836e+00
-4.443017542362213135e-01 -7.331857085227966309e-01 5.148134827613830566e-01 2.353825810597427903e+00
3.236009180545806885e-01 -6.671925187110900879e-01 -6.709221005439758301e-01 -2.332607017608325339e+00
0.000000000000000000e+00 0.000000000000000000e+00 0.000000000000000000e+00 1.000000000000000000e+00
8.067263364791870117e-01 -1.668908447027206421e-01 5.668676495552062988e-01 1.563087861835689152e+00
-4.504567086696624756e-01 -7.945641875267028809e-01 4.071312546730041504e-01 1.987573596909643081e+00
3.824663758277893066e-01 -5.837936401367187500e-01 -7.161735892295837402e-01 -2.562717265870638084e+00
0.000000000000000000e+00 0.000000000000000000e+00 0.000000000000000000e+00 1.000000000000000000e+00
7.794849872589111328e-01 -2.305431216955184937e-01 5.824545621871948242e-01 1.667248919391945305e+00
-4.640017449855804443e-01 -8.371568918228149414e-01 2.896048724651336670e-01 1.581475631105581758e+00
4.208390116691589355e-01 -4.960021972656250000e-01 -7.595230340957641602e-01 -2.782349844983179388e+00
0.000000000000000000e+00 0.000000000000000000e+00 0.000000000000000000e+00 1.000000000000000000e+00
7.570844888687133789e-01 -2.924533784389495850e-01 5.842035412788391113e-01 1.718712607779123491e+00
-4.650460183620452881e-01 -8.692976236343383789e-01 1.674930602312088013e-01 1.149848159922956858e+00
4.588629603385925293e-01 -3.984881639480590820e-01 -7.941361069679260254e-01 -2.967713743287283545e+00
0.000000000000000000e+00 0.000000000000000000e+00 0.000000000000000000e+00 1.000000000000000000e+00
7.331655621528625488e-01 -3.640849590301513672e-01 5.743777751922607422e-01 1.716878459849396910e+00
-4.440340697765350342e-01 -8.960090279579162598e-01 -1.171940821222960949e-03 5.360705564490664266e-01
5.150741934776306152e-01 -2.541840374469757080e-01 -8.185892105102539062e-01 -3.128773371848270646e+00
0.000000000000000000e+00 0.000000000000000000e+00 0.000000000000000000e+00 1.000000000000000000e+00
7.250341773033142090e-01 -4.037981331348419189e-01 5.579183101654052734e-01 1.646508501452144335e+00
-3.792007565498352051e-01 -9.102936983108520508e-01 -1.660481691360473633e-01 -1.202717161961317782e-01
5.749197602272033691e-01 -9.117269515991210938e-02 -8.131145238876342773e-01 -3.124312611021623276e+00
0.000000000000000000e+00 0.000000000000000000e+00 0.000000000000000000e+00 1.000000000000000000e+00
7.192917466163635254e-01 -4.207780063152313232e-01 5.527802705764770508e-01 1.616098218473324355e+00
-3.010815680027008057e-01 -9.059046506881713867e-01 -2.978022694587707520e-01 -6.729473385961910470e-01
6.260745525360107422e-01 4.777470231056213379e-02 -7.782979011535644531e-01 -3.030206792942542915e+00
0.000000000000000000e+00 0.000000000000000000e+00 0.000000000000000000e+00 1.000000000000000000e+00
7.208423018455505371e-01 -4.415205121040344238e-01 5.342713594436645508e-01 1.537244507238930247e+00
-2.374426424503326416e-01 -8.815100193023681641e-01 -4.081183969974517822e-01 -1.115784362896223625e+00
6.511585712432861328e-01 1.673301756381988525e-01 -7.402656674385070801e-01 -2.908133407408793669e+00
0.000000000000000000e+00 0.000000000000000000e+00 0.000000000000000000e+00 1.000000000000000000e+00
7.080575823783874512e-01 -4.732827842235565186e-01 5.240777134895324707e-01 1.506965210205101213e+00
-1.658095717430114746e-01 -8.328375220298767090e-01 -5.280990004539489746e-01 -1.626318284391094382e+00
6.864120960235595703e-01 2.870271801948547363e-01 -6.681720018386840820e-01 -2.669326037098946447e+00
0.000000000000000000e+00 0.000000000000000000e+00 0.000000000000000000e+00 1.000000000000000000e+00
6.997702717781066895e-01 -4.949229657649993896e-01 5.151433944702148438e-01 1.481169596538292943e+00
-9.985814243555068970e-02 -7.818068861961364746e-01 -6.154721379280090332e-01 -2.014825871882456099e+00
7.073538899421691895e-01 3.792477846145629883e-01 -5.965076088905334473e-01 -2.423534703022102388e+00
0.000000000000000000e+00 0.000000000000000000e+00 0.000000000000000000e+00 1.000000000000000000e+00
7.080135345458984375e-01 -5.069484710693359375e-01 4.916500449180603027e-01 1.386516481264056688e+00
-3.701826184988021851e-02 -7.218772172927856445e-01 -6.910303831100463867e-01 -2.357065087204801124e+00
7.052276730537414551e-01 4.710587561130523682e-01 -5.298653244972229004e-01 -2.191623742716021450e+00
0.000000000000000000e+00 0.000000000000000000e+00 0.000000000000000000e+00 1.000000000000000000e+00
7.177684903144836426e-01 -5.100678801536560059e-01 4.739612042903900146e-01 1.314659229166411869e+00
1.741960644721984863e-02 -6.673356294631958008e-01 -7.445534467697143555e-01 -2.611250724506351872e+00
6.960639357566833496e-01 5.426730513572692871e-01 -4.701073169708251953e-01 -1.992408597778922541e+00
0.000000000000000000e+00 0.000000000000000000e+00 0.000000000000000000e+00 1.000000000000000000e+00
7.598072886466979980e-01 -4.911946058273315430e-01 4.259347319602966309e-01 1.109967923804095147e+00
6.004199385643005371e-02 -5.993217825889587402e-01 -7.982533574104309082e-01 -2.862370084245624113e+00
6.473699808120727539e-01 6.320927143096923828e-01 -4.258768260478973389e-01 -1.837354157745981098e+00
0.000000000000000000e+00 0.000000000000000000e+00 0.000000000000000000e+00 1.000000000000000000e+00
8.099006414413452148e-01 -4.611061215400695801e-01 3.625496923923492432e-01 8.378089466506741800e-01
1.001350507140159607e-01 -5.003256201744079590e-01 -8.600274920463562012e-01 -3.172049295941951286e+00
5.779567360877990723e-01 7.328404784202575684e-01 -3.590411543846130371e-01 -1.584910116463025265e+00
0.000000000000000000e+00 0.000000000000000000e+00 0.000000000000000000e+00 1.000000000000000000e+00
8.680667281150817871e-01 -4.015949368476867676e-01 2.918589115142822266e-01 5.484152783476781146e-01
1.263353824615478516e-01 -3.898423612117767334e-01 -9.121744036674499512e-01 -3.424964541927018935e+00
4.801036417484283447e-01 8.287003636360168457e-01 -2.876735329627990723e-01 -1.281925148305366191e+00
0.000000000000000000e+00 0.000000000000000000e+00 0.000000000000000000e+00 1.000000000000000000e+00
8.790338039398193359e-01 -3.915166258811950684e-01 2.720555663108825684e-01 4.598247441273850544e-01
1.593880951404571533e-01 -2.964702546596527100e-01 -9.416478872299194336e-01 -3.579065714510297092e+00
4.493272006511688232e-01 8.711028099060058594e-01 -1.982043087482452393e-01 -9.606841002395770657e-01
0.000000000000000000e+00 0.000000000000000000e+00 0.000000000000000000e+00 1.000000000000000000e+00
8.893968462944030762e-01 -3.725400567054748535e-01 2.649286389350891113e-01 4.190861332110760729e-01
1.971016079187393188e-01 -2.103903293609619141e-01 -9.575420618057250977e-01 -3.688796432327504426e+00
4.124611914157867432e-01 9.038527011871337891e-01 -1.136923059821128845e-01 -6.287528755632618704e-01
0.000000000000000000e+00 0.000000000000000000e+00 0.000000000000000000e+00 1.000000000000000000e+00
9.576017260551452637e-01 -1.793282032012939453e-01 2.254779636859893799e-01 2.097038506062942065e-01
2.074259221553802490e-01 -1.139819696545600891e-01 -9.715876579284667969e-01 -3.774904869065185409e+00
1.999334990978240967e-01 9.771640300750732422e-01 -7.195203006267547607e-02 -3.468765294220219619e-01
0.000000000000000000e+00 0.000000000000000000e+00 0.000000000000000000e+00 1.000000000000000000e+00
9.807162880897521973e-01 7.193607836961746216e-02 1.817163079977035522e-01 -1.579817665497048468e-02
1.836754083633422852e-01 -2.157063595950603485e-02 -9.827502965927124023e-01 -3.845473202229128251e+00
-6.677545607089996338e-02 9.971760511398315430e-01 -3.436762094497680664e-02 7.025020118497588353e-03
0.000000000000000000e+00 0.000000000000000000e+00 0.000000000000000000e+00 1.000000000000000000e+00
9.755995869636535645e-01 -1.397264152765274048e-01 1.693575233221054077e-01 -5.831339620837344695e-02
1.800241172313690186e-01 6.751573830842971802e-02 -9.813423156738281250e-01 -3.891511659594700134e+00
1.256851404905319214e-01 9.878855943679809570e-01 9.102249145507812500e-02 4.057947137904908130e-01
0.000000000000000000e+00 0.000000000000000000e+00 0.000000000000000000e+00 1.000000000000000000e+00
9.822227358818054199e-01 -6.785381585359573364e-02 1.750266999006271362e-01 -1.874668401084843283e-02
1.818657666444778442e-01 1.129485145211219788e-01 -9.768148064613342285e-01 -3.899182265473332798e+00
4.651158303022384644e-02 9.912810921669006348e-01 1.232809275388717651e-01 6.408549381489987429e-01
0.000000000000000000e+00 0.000000000000000000e+00 0.000000000000000000e+00 1.000000000000000000e+00
9.684624671936035156e-01 -2.124760001897811890e-01 1.301322281360626221e-01 -1.712781957861377602e-01
1.474547684192657471e-01 6.775851547718048096e-02 -9.867449402809143066e-01 -3.914430408269683692e+00
2.008420675992965698e-01 9.748141169548034668e-01 9.695218503475189209e-02 4.046377718138631230e-01
0.000000000000000000e+00 0.000000000000000000e+00 0.000000000000000000e+00 1.000000000000000000e+00
9.714839458465576172e-01 -2.277012467384338379e-01 6.611430644989013672e-02 -3.851690340068701923e-01
5.393704399466514587e-02 -5.929946526885032654e-02 -9.967820644378662109e-01 -3.866725327104031606e+00
2.308890521526336670e-01 9.719238281250000000e-01 -4.532689228653907776e-02 -1.669662460182289587e-01
0.000000000000000000e+00 0.000000000000000000e+00 0.000000000000000000e+00 1.000000000000000000e+00
8.322533965110778809e-01 -5.490708351135253906e-01 7.665205746889114380e-02 -2.472833397324484261e-01
-3.900375589728355408e-02 -1.959095448255538940e-01 -9.798460006713867188e-01 -3.714519314324857380e+00
5.530216693878173828e-01 8.124904632568359375e-01 -1.844622194766998291e-01 -9.039727012562409625e-01
0.000000000000000000e+00 0.000000000000000000e+00 0.000000000000000000e+00 1.000000000000000000e+00
7.808343768119812012e-01 -6.209403872489929199e-01 6.878028064966201782e-02 -1.970215120217839455e-01
-1.654440760612487793e-01 -3.116886615753173828e-01 -9.356701374053955078e-01 -3.425560527976727165e+00
6.024333834648132324e-01 7.192240953445434570e-01 -3.461080789566040039e-01 -1.541340744160530241e+00
0.000000000000000000e+00 0.000000000000000000e+00 0.000000000000000000e+00 1.000000000000000000e+00
9.492281675338745117e-01 -1.474308520555496216e-01 -2.779020667076110840e-01 -1.529276757836968814e+00
-3.141421377658843994e-01 -3.972265124320983887e-01 -8.622795343399047852e-01 -3.013852399678723870e+00
1.673666946589946747e-02 9.058008790016174316e-01 -4.233728349208831787e-01 -1.505316679339288477e+00
0.000000000000000000e+00 0.000000000000000000e+00 0.000000000000000000e+00 1.000000000000000000e+00
8.855655193328857422e-01 -3.877939879894256592e-01 -2.557138204574584961e-01 -1.350856665766726472e+00
-4.363861083984375000e-01 -5.058811902999877930e-01 -7.440772652626037598e-01 -2.460144993665100532e+00
1.591879278421401978e-01 7.705190777778625488e-01 -6.172189712524414062e-01 -2.274282423302471212e+00
0.000000000000000000e+00 0.000000000000000000e+00 0.000000000000000000e+00 1.000000000000000000e+00
8.063877820968627930e-01 -5.283087491989135742e-01 -2.657603919506072998e-01 -1.270349774026606315e+00
-5.725141167640686035e-01 -5.847648978233337402e-01 -5.746980309486389160e-01 -1.737669091527925147e+00
1.482105404138565063e-01 6.155807375907897949e-01 -7.740113735198974609e-01 -2.792834580479982787e+00
0.000000000000000000e+00 0.000000000000000000e+00 0.000000000000000000e+00 1.000000000000000000e+00
7.396503686904907227e-01 -6.053413748741149902e-01 -2.940728962421417236e-01 -1.258970973280276517e+00
-6.689374446868896484e-01 -6.134051680564880371e-01 -4.198291003704071045e-01 -1.110871442034466305e+00
7.375433295965194702e-02 5.072430968284606934e-01 -8.586407899856567383e-01 -3.024705038553073599e+00
0.000000000000000000e+00 0.000000000000000000e+00 0.000000000000000000e+00 1.000000000000000000e+00
6.574682593345642090e-01 -7.216241359710693359e-01 -2.167813330888748169e-01 -8.468721276963599998e-01
-7.507388591766357422e-01 -6.028488874435424805e-01 -2.701177299022674561e-01 -5.307866551733547711e-01
6.423705816268920898e-02 3.403400778770446777e-01 -9.381056427955627441e-01 -3.250586853691169953e+00
0.000000000000000000e+00 0.000000000000000000e+00 0.000000000000000000e+00 1.000000000000000000e+00
6.834617257118225098e-01 -7.074455022811889648e-01 -1.800008863210678101e-01 -7.251306881232058021e-01
-7.297390103340148926e-01 -6.557208299636840820e-01 -1.936773061752319336e-01 -2.223024747876588825e-01
1.898585632443428040e-02 2.637249827384948730e-01 -9.644112586975097656e-01 -3.281821141673938236e+00
0.000000000000000000e+00 0.000000000000000000e+00 0.000000000000000000e+00 1.000000000000000000e+00
6.928619742393493652e-01 -6.983485817909240723e-01 -1.795871257781982422e-01 -7.317053208121062635e-01
-7.154800891876220703e-01 -6.967783570289611816e-01 -5.086690559983253479e-02 2.956832112652497124e-01
-8.960954844951629639e-02 1.637347936630249023e-01 -9.824261665344238281e-01 -3.230198546653495040e+00
0.000000000000000000e+00 0.000000000000000000e+00 0.000000000000000000e+00 1.000000000000000000e+00
6.778970360755920410e-01 -7.185499072074890137e-01 -1.553735882043838501e-01 -6.290555135961815036e-01
-7.239354848861694336e-01 -6.892558932304382324e-01 2.903411909937858582e-02 5.476143391636100199e-01
-1.279546916484832764e-01 9.279844909906387329e-02 -9.874290227890014648e-01 -3.185882209764697048e+00
0.000000000000000000e+00 0.000000000000000000e+00 0.000000000000000000e+00 1.000000000000000000e+00
6.628342270851135254e-01 -7.360912561416625977e-01 -1.371863782405853271e-01 -5.480351483342009722e-01
-7.321747541427612305e-01 -6.755312085151672363e-01 8.704920113086700439e-02 7.161035422294540487e-01
-1.567497849464416504e-01 4.274527356028556824e-02 -9.867128133773803711e-01 -3.134137935695354926e+00
0.000000000000000000e+00 0.000000000000000000e+00 0.000000000000000000e+00 1.000000000000000000e+00
5.808951854705810547e-01 -7.978868484497070312e-01 -1.610510200262069702e-01 -5.434683061271036175e-01
-7.613858580589294434e-01 -6.025870442390441895e-01 2.391235828399658203e-01 1.223539129075509324e+00
-2.878408432006835938e-01 -1.628373190760612488e-02 -9.575398564338684082e-01 -2.954882635875867969e+00
0.000000000000000000e+00 0.000000000000000000e+00 0.000000000000000000e+00 1.000000000000000000e+00
5.915938019752502441e-01 -7.907027602195739746e-01 -1.574994474649429321e-01 -5.309282546559557225e-01
-6.768149137496948242e-01 -5.932131409645080566e-01 4.359125196933746338e-01 1.852936246352288485e+00
-4.381079971790313721e-01 -1.512850373983383179e-01 -8.861007094383239746e-01 -2.588011685947928964e+00
0.000000000000000000e+00 0.000000000000000000e+00 0.000000000000000000e+00 1.000000000000000000e+00
6.000733375549316406e-01 -7.799523472785949707e-01 -1.777261197566986084e-01 -6.194380429351590278e-01
-6.119005680084228516e-01 -5.906459689140319824e-01 5.260370969772338867e-01 2.129781935087466049e+00
-5.152570009231567383e-01 -2.069100439548492432e-01 -8.316841125488281250e-01 -2.342120388913065732e+00
0.000000000000000000e+00 0.000000000000000000e+00 0.000000000000000000e+00 1.000000000000000000e+00
6.735663414001464844e-01 -7.206656336784362793e-01 -1.641622781753540039e-01 -6.385742277486780027e-01
-4.973061978816986084e-01 -6.061870455741882324e-01 6.206634044647216797e-01 2.394294607702048605e+00
-5.468040108680725098e-01 -3.364189863204956055e-01 -7.666987776756286621e-01 -2.038359673731191535e+00
0.000000000000000000e+00 0.000000000000000000e+00 0.000000000000000000e+00 1.000000000000000000e+00
7.453796267509460449e-01 -6.509138941764831543e-01 -1.439457237720489502e-01 -6.386649699855696527e-01
