0.2142210602760315 0.9432855844497681 0.2536167800426483 -0.08865991234779358 
0.8218960165977478 -0.3143730461597443 0.4750329554080963 -0.2341400533914566 
0.5278220772743225 0.1066846176981926 -0.842628002166748 0.2531267404556274 
0 0 0 1 

0.3189127445220947 0.9254803657531738 0.2044031471014023 -0.07980753481388092 
0.8381320238113403 -0.3760749399662018 0.3950975239276886 -0.2110242992639542 
0.4425259828567505 0.0453152135014534 -0.8956097960472107 0.2768198549747467 
0 0 0 1 

0.4118525385856628 0.9004446864128113 0.1399176418781281 -0.06457965075969696 
0.8497667908668518 -0.434954434633255 0.297844260931015 -0.1821739226579666 
0.3290500342845917 -0.003770543960854411 -0.9443050622940063 0.3016743361949921 
0 0 0 1 

0.5982564687728882 0.7318782806396484 0.3262564241886139 -0.1431474387645721 
0.4678108096122742 0.01155848056077957 -0.8837529420852661 0.2435456365346909 
-0.6505706310272217 0.6813371181488037 -0.3354656100273132 0.1862290948629379 
0 0 0 1 

0.3661934733390808 0.8376297354698181 0.4053129255771637 -0.1350422203540802 
0.480666846036911 0.2026892751455307 -0.8531566262245178 0.2483458667993546 
-0.7967820167541504 0.5072408318519592 -0.3283973932266235 0.1888580322265625 
0 0 0 1 

0.3441271781921387 0.8194712996482849 0.4583046734333038 -0.1543552428483963 
0.5684805512428284 0.2066328227519989 -0.7963244915008545 0.2243192195892334 
-0.7472658753395081 0.5345741510391235 -0.3947455286979675 0.2076570838689804 
0 0 0 1 

0.1005112752318382 0.9225599765777588 0.3725323975086212 -0.111285611987114 
0.6420730352401733 0.2258785516023636 -0.7326124310493469 0.2001719176769257 
-0.7600260376930237 0.3128287494182587 -0.569647490978241 0.2588618397712708 
0 0 0 1 

0.01520060934126377 0.9259679913520813 0.3772954046726227 -0.09954971820116043 
0.7239353656768799 0.2500891983509064 -0.6429405808448792 0.1670225560665131 
-0.6896999478340149 0.2829104959964752 -0.6665394306182861 0.2639776170253754 
0 0 0 1 

-0.1272470653057098 0.9231880903244019 0.3626734614372253 -0.08810938149690628 
0.8007335662841797 0.3113973438739777 -0.5117201805114746 0.1245158985257149 
-0.5853495001792908 0.2252899259328842 -0.7788519263267517 0.2888974249362946 
0 0 0 1 

-0.1805664896965027 0.8961198329925537 0.4054191410541534 -0.09963006526231766 
0.844029426574707 0.352805495262146 -0.403908908367157 0.09274265915155411 
-0.5049849152565002 0.2692532539367676 -0.8200563788414001 0.2979755699634552 
0 0 0 1 

