1.000000000000000000e+00 0.000000000000000000e+00 0.000000000000000000e+00 -3.619798645377159119e-02
0.000000000000000000e+00 1.000000000000000000e+00 0.000000000000000000e+00 -1.327119767665863037e-03
0.000000000000000000e+00 0.000000000000000000e+00 1.000000000000000000e+00 -2.960163652896881104e-01
0.000000000000000000e+00 0.000000000000000000e+00 0.000000000000000000e+00 1.000000000000000000e+00
9.905523061752319336e-01 1.351995915174484253e-01 2.295741811394691467e-02 -4.619674384593963623e-02
-1.336764842271804810e-01 9.893046021461486816e-01 -5.836773291230201721e-02 2.861092239618301392e-02
-3.060321882367134094e-02 5.474740639328956604e-02 9.980311989784240723e-01 -2.964916229248046875e-01
0.000000000000000000e+00 0.000000000000000000e+00 0.000000000000000000e+00 1.000000000000000000e+00
9.717526435852050781e-01 2.324909418821334839e-01 4.054932296276092529e-02 -5.184858292341232300e-02
-2.274524122476577759e-01 9.684514403343200684e-01 -1.018190383911132812e-01 5.306027457118034363e-02
-6.294210255146026611e-02 8.971987664699554443e-02 9.939759969711303711e-01 -2.943261563777923584e-01
0.000000000000000000e+00 0.000000000000000000e+00 0.000000000000000000e+00 1.000000000000000000e+00
9.380083084106445312e-01 3.408616781234741211e-01 6.287413090467453003e-02 -5.751317739486694336e-02
-3.299979269504547119e-01 9.337186217308044434e-01 -1.388188004493713379e-01 7.355633378028869629e-02
-1.060248613357543945e-01 1.094648241996765137e-01 9.883199334144592285e-01 -2.903444766998291016e-01
0.000000000000000000e+00 0.000000000000000000e+00 0.000000000000000000e+00 1.000000000000000000e+00
8.946728706359863281e-01 4.462675154209136963e-01 2.014202252030372620e-02 -3.899838030338287354e-02
-4.370888173580169678e-01 8.838032484054565430e-01 -1.668676435947418213e-01 8.878359198570251465e-02
-9.226921945810317993e-02 1.404881030321121216e-01 9.857736229896545410e-01 -2.900153398513793945e-01
0.000000000000000000e+00 0.000000000000000000e+00 0.000000000000000000e+00 1.000000000000000000e+00
8.262801170349121094e-01 5.630171298980712891e-01 1.652026735246181488e-02 -3.170971572399139404e-02
-5.507376790046691895e-01 8.137134909629821777e-01 -1.858982145786285400e-01 1.012513861060142517e-01
-1.181067302823066711e-01 1.445056498050689697e-01 9.824301600456237793e-01 -2.887477278709411621e-01
0.000000000000000000e+00 0.000000000000000000e+00 0.000000000000000000e+00 1.000000000000000000e+00
7.514186501502990723e-01 6.593826413154602051e-01 -2.417652681469917297e-02 -1.242619380354881287e-02
-6.527106165885925293e-01 7.374501824378967285e-01 -1.735963821411132812e-01 1.013741120696067810e-01
-9.663746505975723267e-02 1.462237685918807983e-01 9.845200777053833008e-01 -2.920710146427154541e-01
0.000000000000000000e+00 0.000000000000000000e+00 0.000000000000000000e+00 1.000000000000000000e+00
6.882130503654479980e-01 7.227260470390319824e-01 -6.348195672035217285e-02 3.466820111498236656e-03
-7.245561480522155762e-01 6.801905035972595215e-01 -1.111714020371437073e-01 8.136533200740814209e-02
-3.716667369008064270e-02 1.225058659911155701e-01 9.917716979980468750e-01 -2.995853424072265625e-01
0.000000000000000000e+00 0.000000000000000000e+00 0.000000000000000000e+00 1.000000000000000000e+00
5.908476710319519043e-01 8.063011169433593750e-01 -2.788385748863220215e-02 -4.730621818453073502e-03
-8.056183457374572754e-01 5.877854824066162109e-01 -7.407828420400619507e-02 6.937468051910400391e-02
-4.333966225385665894e-02 6.623271107673645020e-02 9.968623518943786621e-01 -3.067750334739685059e-01
0.000000000000000000e+00 0.000000000000000000e+00 0.000000000000000000e+00 1.000000000000000000e+00
5.012667775154113770e-01 8.650631904602050781e-01 -1.991917565464973450e-02 -1.955744577571749687e-03
-8.645364046096801758e-01 4.997338950634002686e-01 -5.331581458449363708e-02 6.353002786636352539e-02
-3.616729751229286194e-02 4.394628852605819702e-02 9.983795285224914551e-01 -3.107999265193939209e-01
0.000000000000000000e+00 0.000000000000000000e+00 0.000000000000000000e+00 1.000000000000000000e+00
4.042318165302276611e-01 9.137476682662963867e-01 -4.077048972249031067e-02 9.405666962265968323e-03
-9.145192503929138184e-01 4.045413136482238770e-01 -7.176866056397557259e-04 4.414299502968788147e-02
1.583756133913993835e-02 3.757552057504653931e-02 9.991681575775146484e-01 -3.153119683265686035e-01
0.000000000000000000e+00 0.000000000000000000e+00 0.000000000000000000e+00 1.000000000000000000e+00
2.863207161426544189e-01 9.574149847030639648e-01 -3.710301965475082397e-02 1.327351108193397522e-02
-9.572363495826721191e-01 2.875136435031890869e-01 3.216034546494483948e-02 3.210874646902084351e-02
4.145842045545578003e-02 2.630819566547870636e-02 9.987939000129699707e-01 -3.179085850715637207e-01
0.000000000000000000e+00 0.000000000000000000e+00 0.000000000000000000e+00 1.000000000000000000e+00
1.783919334411621094e-01 9.820088744163513184e-01 -6.192804872989654541e-02 2.646636590361595154e-02
-9.820277690887451172e-01 1.816306412220001221e-01 5.130291357636451721e-02 2.426400780677795410e-02
6.162790581583976746e-02 5.166302621364593506e-02 9.967612624168395996e-01 -3.182601332664489746e-01
0.000000000000000000e+00 0.000000000000000000e+00 0.000000000000000000e+00 1.000000000000000000e+00
1.071709468960762024e-01 9.906333684921264648e-01 -8.461704850196838379e-02 3.629675880074501038e-02
-9.899517297744750977e-01 1.142180263996124268e-01 8.336425572633743286e-02 1.203979086130857468e-02
9.224817901849746704e-02 7.483255118131637573e-02 9.929200410842895508e-01 -3.174797296524047852e-01
0.000000000000000000e+00 0.000000000000000000e+00 0.000000000000000000e+00 1.000000000000000000e+00
1.535439211875200272e-02 9.971525073051452637e-01 -7.383351027965545654e-02 3.833482787013053894e-02
-9.973680973052978516e-01 2.050715126097202301e-02 6.954568624496459961e-02 1.903211511671543121e-02
7.086177915334701538e-02 7.257132977247238159e-02 9.948427677154541016e-01 -3.121365606784820557e-01
0.000000000000000000e+00 0.000000000000000000e+00 0.000000000000000000e+00 1.000000000000000000e+00
-8.213726431131362915e-02 9.110553860664367676e-01 -4.040185511112213135e-01 1.532761156558990479e-01
-9.915984869003295898e-01 -3.405954688787460327e-02 1.247893869876861572e-01 6.123856874182820320e-04
9.992925077676773071e-02 4.108741581439971924e-01 9.061987996101379395e-01 -2.776539325714111328e-01
0.000000000000000000e+00 0.000000000000000000e+00 0.000000000000000000e+00 1.000000000000000000e+00
-1.574169695377349854e-01 8.840673565864562988e-01 -4.400501251220703125e-01 1.668328940868377686e-01
-9.785946011543273926e-01 -7.983382791280746460e-02 1.896803379058837891e-01 -2.231255546212196350e-02
1.325594037771224976e-01 4.604895114898681641e-01 8.777112960815429688e-01 -2.693261802196502686e-01
0.000000000000000000e+00 0.000000000000000000e+00 0.000000000000000000e+00 1.000000000000000000e+00
-1.343626528978347778e-01 8.265398740768432617e-01 -5.466063618659973145e-01 1.946756392717361450e-01
-9.908773899078369141e-01 -1.178857013583183289e-01 6.531145423650741577e-02 1.822388917207717896e-02
-1.045454479753971100e-02 5.503950715065002441e-01 8.348386883735656738e-01 -2.481813877820968628e-01
0.000000000000000000e+00 0.000000000000000000e+00 0.000000000000000000e+00 1.000000000000000000e+00
-8.369764685630798340e-02 7.493335604667663574e-01 -6.568817496299743652e-01 2.192910760641098022e-01
-9.943537712097167969e-01 -1.965390332043170929e-02 1.042771413922309875e-01 8.577463217079639435e-03
6.522808969020843506e-02 6.619008779525756836e-01 7.467477321624755859e-01 -2.300916910171508789e-01
0.000000000000000000e+00 0.000000000000000000e+00 0.000000000000000000e+00 1.000000000000000000e+00
-5.449511855840682983e-02 5.875709056854248047e-01 -8.073356747627258301e-01 2.630973458290100098e-01
-9.855127930641174316e-01 9.840139746665954590e-02 1.381375193595886230e-01 -2.007857663556933403e-03
1.606086790561676025e-01 8.031674623489379883e-01 5.736961960792541504e-01 -1.753039360046386719e-01
0.000000000000000000e+00 0.000000000000000000e+00 0.000000000000000000e+00 1.000000000000000000e+00
-1.215758174657821655e-01 4.251531660556793213e-01 -8.969193100929260254e-01 2.897492647171020508e-01
-9.856697320938110352e-01 5.474618449807167053e-02 1.595563888549804688e-01 -1.249077916145324707e-02
1.169386655092239380e-01 9.034641385078430176e-01 4.124046862125396729e-01 -1.198328211903572083e-01
0.000000000000000000e+00 0.000000000000000000e+00 0.000000000000000000e+00 1.000000000000000000e+00
-1.867244392633438110e-01 3.319582641124725342e-01 -9.246283173561096191e-01 2.997308671474456787e-01
-9.766930341720581055e-01 3.867844119668006897e-02 2.111249715089797974e-01 -2.948362194001674652e-02
1.058478578925132751e-01 9.425002336502075195e-01 3.169993460178375244e-01 -8.955048024654388428e-02
0.000000000000000000e+00 0.000000000000000000e+00 0.000000000000000000e+00 1.000000000000000000e+00
-2.699728310108184814e-01 2.042983919382095337e-01 -9.409446716308593750e-01 3.084014654159545898e-01
-9.607881307601928711e-01 7.033088244497776031e-03 2.771933078765869141e-01 -5.117610841989517212e-02
6.324784457683563232e-02 9.788835644721984863e-01 1.943889111280441284e-01 -4.886381328105926514e-02
0.000000000000000000e+00 0.000000000000000000e+00 0.000000000000000000e+00 1.000000000000000000e+00
-1.834125071763992310e-01 -8.220328688621520996e-01 -5.390939712524414062e-01 1.756758242845535278e-01
-9.485439658164978027e-01 3.998747095465660095e-03 3.166199922561645508e-01 -6.145358830690383911e-02
-2.581161856651306152e-01 5.694268941879272461e-01 -7.804674506187438965e-01 2.746935486793518066e-01
0.000000000000000000e+00 0.000000000000000000e+00 0.000000000000000000e+00 1.000000000000000000e+00
-1.677437275648117065e-01 -8.747902512550354004e-01 -4.545381367206573486e-01 1.469464898109436035e-01
-9.683413505554199219e-01 5.974532291293144226e-02 2.423744052648544312e-01 -3.871598839759826660e-02
-1.848702430725097656e-01 4.808050692081451416e-01 -8.571171760559082031e-01 2.945146262645721436e-01
0.000000000000000000e+00 0.000000000000000000e+00 0.000000000000000000e+00 1.000000000000000000e+00
-8.717242628335952759e-02 -8.545105457305908203e-01 -5.120663642883300781e-01 1.580359041690826416e-01
-9.900741577148437500e-01 1.743171550333499908e-02 1.394588202238082886e-01 -3.335974877700209618e-03
-1.102429479360580444e-01 5.191406607627868652e-01 -8.475483655929565430e-01 2.868237793445587158e-01
0.000000000000000000e+00 0.000000000000000000e+00 0.000000000000000000e+00 1.000000000000000000e+00
2.564327977597713470e-02 -8.542755842208862305e-01 -5.191864967346191406e-01 1.509636044502258301e-01
-9.990134835243225098e-01 -4.073317721486091614e-02 1.768087595701217651e-02 3.820411115884780884e-02
-3.625255823135375977e-02 5.182212591171264648e-01 -8.544778823852539062e-01 2.838072776794433594e-01
0.000000000000000000e+00 0.000000000000000000e+00 0.000000000000000000e+00 1.000000000000000000e+00
5.609814450144767761e-02 -8.568459153175354004e-01 -5.125110149383544922e-01 1.458637714385986328e-01
-9.945669174194335938e-01 -2.874521305784583092e-03 -1.040569543838500977e-01 7.725816965103149414e-02
8.768760412931442261e-02 5.155640244483947754e-01 -8.523519635200500488e-01 2.749334275722503662e-01
0.000000000000000000e+00 0.000000000000000000e+00 0.000000000000000000e+00 1.000000000000000000e+00
3.690368309617042542e-02 -8.636447787284851074e-01 -5.027484893798828125e-01 1.462724655866622925e-01
-9.824724793434143066e-01 6.062940880656242371e-02 -1.762694269418716431e-01 9.194006025791168213e-02
1.827156990766525269e-01 5.004412531852722168e-01 -8.462702631950378418e-01 2.693761289119720459e-01
0.000000000000000000e+00 0.000000000000000000e+00 0.000000000000000000e+00 1.000000000000000000e+00
-3.793143853545188904e-02 -8.687657713890075684e-01 -4.937668442726135254e-01 1.514167487621307373e-01
-9.950973987579345703e-01 7.800199836492538452e-02 -6.079747155308723450e-02 5.511776357889175415e-02
9.133361279964447021e-02 4.890406727790832520e-01 -8.674663305282592773e-01 2.910934090614318848e-01
0.000000000000000000e+00 0.000000000000000000e+00 0.000000000000000000e+00 1.000000000000000000e+00
-4.085537046194076538e-02 -8.843252062797546387e-01 -4.650804102420806885e-01 1.400961130857467651e-01
-9.924649000167846680e-01 -1.789671927690505981e-02 1.212133839726448059e-01 -2.857242478057742119e-03
-1.155155152082443237e-01 4.665282964706420898e-01 -8.769310116767883301e-01 3.119756579399108887e-01
0.000000000000000000e+00 0.000000000000000000e+00 0.000000000000000000e+00 1.000000000000000000e+00
1.317758858203887939e-01 -8.642259836196899414e-01 -4.855393469333648682e-01 1.333892196416854858e-01
-9.856864809989929199e-01 -1.661958992481231689e-01 2.830086089670658112e-02 2.605989016592502594e-02
-1.051530987024307251e-01 4.748602211475372314e-01 -8.737568855285644531e-01 3.126235306262969971e-01
0.000000000000000000e+00 0.000000000000000000e+00 0.000000000000000000e+00 1.000000000000000000e+00
2.326877266168594360e-01 -8.015568852424621582e-01 -5.507837533950805664e-01 1.402149796485900879e-01
-9.438259005546569824e-01 -3.227369487285614014e-01 7.094518840312957764e-02 1.138837821781635284e-02
-2.346250265836715698e-01 5.033360719680786133e-01 -8.316271305084228516e-01 3.049574792385101318e-01
0.000000000000000000e+00 0.000000000000000000e+00 0.000000000000000000e+00 1.000000000000000000e+00
3.390925824642181396e-01 -7.389307618141174316e-01 -5.822350978851318359e-01 1.351094990968704224e-01
-9.096330404281616211e-01 -4.154040217399597168e-01 -2.567201387137174606e-03 3.282310813665390015e-02
-2.399659305810928345e-01 5.304906368255615234e-01 -8.130163550376892090e-01 2.934094965457916260e-01
0.000000000000000000e+00 0.000000000000000000e+00 0.000000000000000000e+00 1.000000000000000000e+00
3.634661734104156494e-01 -7.318374514579772949e-01 -5.764603018760681152e-01 1.308047324419021606e-01
-9.188221693038940430e-01 -3.837704658508300781e-01 -9.211929887533187866e-02 6.282519549131393433e-02
-1.538121104240417480e-01 5.631465911865234375e-01 -8.119159340858459473e-01 2.848427593708038330e-01
0.000000000000000000e+00 0.000000000000000000e+00 0.000000000000000000e+00 1.000000000000000000e+00
3.780480027198791504e-01 -7.173178791999816895e-01 -5.852645635604858398e-01 1.330798864364624023e-01
-9.224904179573059082e-01 -3.451704084873199463e-01 -1.728253960609436035e-01 8.824554085731506348e-02
-7.804535329341888428e-02 6.052374243736267090e-01 -7.922101020812988281e-01 2.722868025302886963e-01
0.000000000000000000e+00 0.000000000000000000e+00 0.000000000000000000e+00 1.000000000000000000e+00
5.377839207649230957e-01 -6.075296998023986816e-01 -5.845467448234558105e-01 1.278703808784484863e-01
-8.388766646385192871e-01 -4.547671079635620117e-01 -2.991197407245635986e-01 1.220920234918594360e-01
-8.410874754190444946e-02 6.512247323989868164e-01 -7.542092204093933105e-01 2.596006989479064941e-01
0.000000000000000000e+00 0.000000000000000000e+00 0.000000000000000000e+00 1.000000000000000000e+00
6.837245225906372070e-01 -4.183268547058105469e-01 -5.979326963424682617e-01 1.274412721395492554e-01
-7.079414129257202148e-01 -5.790154337882995605e-01 -4.044254422187805176e-01 1.524129509925842285e-01
-1.770303249359130859e-01 6.998167634010314941e-01 -6.920378208160400391e-01 2.547320127487182617e-01
0.000000000000000000e+00 0.000000000000000000e+00 0.000000000000000000e+00 1.000000000000000000e+00
7.097058296203613281e-01 -3.499094843864440918e-01 -6.114578843116760254e-01 1.276131719350814819e-01
-6.488794684410095215e-01 -6.626749038696289062e-01 -3.739213645458221436e-01 1.416613310575485229e-01
-2.743592858314514160e-01 6.621368527412414551e-01 -6.973531842231750488e-01 2.659865617752075195e-01
0.000000000000000000e+00 0.000000000000000000e+00 0.000000000000000000e+00 1.000000000000000000e+00
7.550674676895141602e-01 -2.507020533084869385e-01 -6.058230996131896973e-01 1.309616267681121826e-01
-5.655409097671508789e-01 -7.165307998657226562e-01 -4.083464443683624268e-01 1.443689912557601929e-01
-3.317177295684814453e-01 6.509469747543334961e-01 -6.828112602233886719e-01 2.620981633663177490e-01
0.000000000000000000e+00 0.000000000000000000e+00 0.000000000000000000e+00 1.000000000000000000e+00
7.455080747604370117e-01 -2.462603151798248291e-01 -6.193330883979797363e-01 1.422131657600402832e-01
-5.380163192749023438e-01 -7.708252668380737305e-01 -3.411276340484619141e-01 1.159824877977371216e-01
-3.933910131454467773e-01 5.875244140625000000e-01 -7.071478962898254395e-01 2.735089659690856934e-01
0.000000000000000000e+00 0.000000000000000000e+00 0.000000000000000000e+00 1.000000000000000000e+00
7.406349182128906250e-01 -3.508442938327789307e-01 -5.730338096618652344e-01 1.353082656860351562e-01
-5.820555090904235840e-01 -7.610706686973571777e-01 -2.863248884677886963e-01 9.496760368347167969e-02
-3.356638252735137939e-01 5.456003546714782715e-01 -7.678865194320678711e-01 2.890655100345611572e-01
0.000000000000000000e+00 0.000000000000000000e+00 0.000000000000000000e+00 1.000000000000000000e+00
8.145071864128112793e-01 -1.807604432106018066e-01 -5.512748956680297852e-01 1.330511718988418579e-01
-5.229421257972717285e-01 -6.402154564857482910e-01 -5.627219080924987793e-01 1.821280419826507568e-01
-2.512168884277343750e-01 7.466255426406860352e-01 -6.159871220588684082e-01 2.470140904188156128e-01
0.000000000000000000e+00 0.000000000000000000e+00 0.000000000000000000e+00 1.000000000000000000e+00
8.475248813629150391e-01 -1.024995222687721252e-01 -5.207641720771789551e-01 1.224298328161239624e-01
-4.759321808815002441e-01 -5.810589194297790527e-01 -6.601952314376831055e-01 2.145213335752487183e-01
-2.349253296852111816e-01 8.073804974555969238e-01 -5.412450432777404785e-01 2.219864428043365479e-01
0.000000000000000000e+00 0.000000000000000000e+00 0.000000000000000000e+00 1.000000000000000000e+00
8.777633309364318848e-01 -3.272240236401557922e-02 -4.779758453369140625e-01 1.076713353395462036e-01
-4.253252148628234863e-01 -5.124373435974121094e-01 -7.459931373596191406e-01 2.428717613220214844e-01
-2.205221205949783325e-01 8.581004738807678223e-01 -4.637167155742645264e-01 1.957267522811889648e-01
0.000000000000000000e+00 0.000000000000000000e+00 0.000000000000000000e+00 1.000000000000000000e+00
8.787487745285034180e-01 1.402123719453811646e-01 -4.562248885631561279e-01 1.026751622557640076e-01
-3.651707172393798828e-01 -4.179873764514923096e-01 -8.318272233009338379e-01 2.713817954063415527e-01
-3.073287308216094971e-01 8.975669741630554199e-01 -3.161044418811798096e-01 1.519089788198471069e-01
0.000000000000000000e+00 0.000000000000000000e+00 0.000000000000000000e+00 1.000000000000000000e+00
9.463106989860534668e-01 -2.850292325019836426e-01 -1.524931937456130981e-01 -5.362425930798053741e-03
-2.414105981588363647e-01 -3.094060420989990234e-01 -9.197763800621032715e-01 2.940839827060699463e-01
2.149808704853057861e-01 9.072077274322509766e-01 -3.616034388542175293e-01 1.350690126419067383e-01
0.000000000000000000e+00 0.000000000000000000e+00 0.000000000000000000e+00 1.000000000000000000e+00
9.778079390525817871e-01 -1.354323178529739380e-01 -1.598427444696426392e-01 -1.877420698292553425e-03
-1.875813156366348267e-01 -2.261815518140792847e-01 -9.558531045913696289e-01 3.035064935684204102e-01
9.329993277788162231e-02 9.646243453025817871e-01 -2.465666681528091431e-01 1.030126959085464478e-01
0.000000000000000000e+00 0.000000000000000000e+00 0.000000000000000000e+00 1.000000000000000000e+00
9.755463004112243652e-01 -1.852591931819915771e-01 -1.182724386453628540e-01 -1.635512709617614746e-02
-1.417106389999389648e-01 -1.188224256038665771e-01 -9.827510118484497070e-01 3.094882369041442871e-01
1.680102348327636719e-01 9.754796624183654785e-01 -1.421699225902557373e-01 6.277072429656982422e-02
0.000000000000000000e+00 0.000000000000000000e+00 0.000000000000000000e+00 1.000000000000000000e+00
9.534626603126525879e-01 -2.781519293785095215e-01 -1.163636967539787292e-01 -1.751009188592433929e-02
-1.376428455114364624e-01 -5.817016214132308960e-02 -9.887723326683044434e-01 3.100985586643218994e-01
2.682600021362304688e-01 9.587743282318115234e-01 -9.374874085187911987e-02 3.957396373152732849e-02
0.000000000000000000e+00 0.000000000000000000e+00 0.000000000000000000e+00 1.000000000000000000e+00
9.925912022590637207e-01 -7.668854296207427979e-02 -9.424322843551635742e-02 -2.431037835776805878e-02
-9.225300699472427368e-02 2.910126000642776489e-02 -9.953101277351379395e-01 3.087573647499084473e-01
7.907149195671081543e-02 9.966300725936889648e-01 2.181086875498294830e-02 9.130556136369705200e-03
0.000000000000000000e+00 0.000000000000000000e+00 0.000000000000000000e+00 1.000000000000000000e+00
9.967591762542724609e-01 -3.644610196352005005e-02 -7.171489298343658447e-02 -3.085013665258884430e-02
-6.671849638223648071e-02 1.235331967473030090e-01 -9.900950789451599121e-01 3.033908605575561523e-01
4.494427517056465149e-02 9.916709661483764648e-01 1.207010969519615173e-01 -2.463542670011520386e-02
0.000000000000000000e+00 0.000000000000000000e+00 0.000000000000000000e+00 1.000000000000000000e+00
9.852795004844665527e-01 5.646332725882530212e-02 -1.613573282957077026e-01 -4.877504426985979080e-03
-1.686765104532241821e-01 1.676348298788070679e-01 -9.713119268417358398e-01 3.054478764533996582e-01
-2.779440395534038544e-02 9.842309355735778809e-01 1.746911853551864624e-01 -2.720391005277633667e-02
0.000000000000000000e+00 0.000000000000000000e+00 0.000000000000000000e+00 1.000000000000000000e+00
7.460300326347351074e-01 6.593854427337646484e-01 -9.300584346055984497e-02 -1.786120468750596046e-03
-2.706991732120513916e-01 1.726890951395034790e-01 -9.470483660697937012e-01 3.077971339225769043e-01
-6.084089279174804688e-01 7.317029237747192383e-01 3.073263168334960938e-01 -3.620558604598045349e-02
0.000000000000000000e+00 0.000000000000000000e+00 0.000000000000000000e+00 1.000000000000000000e+00
5.165981054306030273e-01 8.561264276504516602e-01 1.322421245276927948e-02 -1.073403842747211456e-02
-3.734026551246643066e-01 2.391611635684967041e-01 -8.963103294372558594e-01 3.070681393146514893e-01
-7.705172896385192871e-01 4.580943286418914795e-01 4.432300627231597900e-01 -7.181618362665176392e-02
0.000000000000000000e+00 0.000000000000000000e+00 0.000000000000000000e+00 1.000000000000000000e+00
6.415180563926696777e-01 7.670650482177734375e-01 8.092964068055152893e-03 -2.028108760714530945e-02
-3.913419246673583984e-01 3.363275229930877686e-01 -8.565827608108520508e-01 3.001887202262878418e-01
-6.597769856452941895e-01 5.463469028472900391e-01 5.159450173377990723e-01 -9.920234233140945435e-02
0.000000000000000000e+00 0.000000000000000000e+00 0.000000000000000000e+00 1.000000000000000000e+00
8.865446448326110840e-01 2.034463882446289062e-01 -4.155096709728240967e-01 8.434743434190750122e-02
-4.624719023704528809e-01 4.141437709331512451e-01 -7.839671373367309570e-01 2.875595390796661377e-01
1.258534844964742661e-02 8.871831893920898438e-01 4.612451493740081787e-01 -1.149636730551719666e-01
0.000000000000000000e+00 0.000000000000000000e+00 0.000000000000000000e+00 1.000000000000000000e+00
8.751893639564514160e-01 1.792394369840621948e-01 -4.493521749973297119e-01 9.489564597606658936e-02
-4.739867150783538818e-01 5.036446452140808105e-01 -7.222728729248046875e-01 2.692782580852508545e-01
9.685392677783966064e-02 8.451125621795654297e-01 5.257416367530822754e-01 -1.428516805171966553e-01
0.000000000000000000e+00 0.000000000000000000e+00 0.000000000000000000e+00 1.000000000000000000e+00
8.632372617721557617e-01 1.548596024513244629e-01 -4.804575741291046143e-01 1.051862835884094238e-01
-4.729023277759552002e-01 5.810465216636657715e-01 -6.623808741569519043e-01 2.528475821018218994e-01
1.765921711921691895e-01 7.990013360977172852e-01 5.748142600059509277e-01 -1.615831106901168823e-01
0.000000000000000000e+00 0.000000000000000000e+00 0.000000000000000000e+00 1.000000000000000000e+00
8.503974080085754395e-01 1.214784979820251465e-01 -5.119251608848571777e-01 1.125576943159103394e-01
-4.473551511764526367e-01 6.790889501571655273e-01 -5.819887518882751465e-01 2.286640256643295288e-01
2.769435644149780273e-01 7.239342331886291504e-01 6.318393945693969727e-01 -1.852307319641113281e-01
0.000000000000000000e+00 0.000000000000000000e+00 0.000000000000000000e+00 1.000000000000000000e+00
8.359654545783996582e-01 1.295896172523498535e-01 -5.332618951797485352e-01 1.209092661738395691e-01
-4.428446888923645020e-01 7.332012653350830078e-01 -5.160452723503112793e-01 2.091673463582992554e-01
3.241143226623535156e-01 6.675487160682678223e-01 6.703197360038757324e-01 -2.016711980104446411e-01
0.000000000000000000e+00 0.000000000000000000e+00 0.000000000000000000e+00 1.000000000000000000e+00
8.053993582725524902e-01 1.665346920490264893e-01 -5.688560605049133301e-01 1.356507837772369385e-01
-4.545826017856597900e-01 7.894289493560791016e-01 -4.124997556209564209e-01 1.790091395378112793e-01
3.803759813308715820e-01 5.908197760581970215e-01 7.115097045898437500e-01 -2.202205210924148560e-01
0.000000000000000000e+00 0.000000000000000000e+00 0.000000000000000000e+00 1.000000000000000000e+00
7.789422273635864258e-01 2.211638689041137695e-01 -5.868009328842163086e-01 1.451187133789062500e-01
-4.595955908298492432e-01 8.379643559455871582e-01 -2.942582368850708008e-01 1.434445083141326904e-01
4.266386628150939941e-01 4.989011287689208984e-01 7.543714642524719238e-01 -2.395814657211303711e-01
0.000000000000000000e+00 0.000000000000000000e+00 0.000000000000000000e+00 1.000000000000000000e+00
7.540498375892639160e-01 2.869712710380554199e-01 -5.908095836639404297e-01 1.502389609813690186e-01
-4.634365439414978027e-01 8.698720335960388184e-01 -1.689645200967788696e-01 1.049397587776184082e-01
4.654410183429718018e-01 4.012107551097869873e-01 7.889200448989868164e-01 -2.557679712772369385e-01
0.000000000000000000e+00 0.000000000000000000e+00 0.000000000000000000e+00 1.000000000000000000e+00
7.367817759513854980e-01 3.587649762630462646e-01 -5.730966329574584961e-01 1.472078561782836914e-01
-4.391058385372161865e-01 8.984327316284179688e-01 -2.091775182634592056e-03 5.262263864278793335e-02
5.141381025314331055e-01 2.531911432743072510e-01 8.194848895072937012e-01 -2.710697054862976074e-01
0.000000000000000000e+00 0.000000000000000000e+00 0.000000000000000000e+00 1.000000000000000000e+00
7.228262424468994141e-01 3.980068266391754150e-01 -5.649008154869079590e-01 1.442629694938659668e-01
-3.734405934810638428e-01 9.128096699714660645e-01 1.652887612581253052e-01 -5.427351221442222595e-03
5.814332962036132812e-01 9.148206561803817749e-02 8.084347248077392578e-01 -2.693868577480316162e-01
0.000000000000000000e+00 0.000000000000000000e+00 0.000000000000000000e+00 1.000000000000000000e+00
7.245985269546508789e-01 4.183727502822875977e-01 -5.476512312889099121e-01 1.375106126070022583e-01
-2.984551787376403809e-01 9.067651033401489258e-01 2.978274524211883545e-01 -5.275442451238632202e-02
6.211936473846435547e-01 -5.235595256090164185e-02 7.819058895111083984e-01 -2.634136974811553955e-01
0.000000000000000000e+00 0.000000000000000000e+00 0.000000000000000000e+00 1.000000000000000000e+00
7.150043249130249023e-01 4.456900954246520996e-01 -5.386362075805664062e-01 1.344139724969863892e-01
-2.403295785188674927e-01 8.801873922348022461e-01 4.092817306518554688e-01 -9.140664339065551758e-02
6.565139889717102051e-01 -1.631879657506942749e-01 7.364503741264343262e-01 -2.507033646106719971e-01
0.000000000000000000e+00 0.000000000000000000e+00 0.000000000000000000e+00 1.000000000000000000e+00
7.108267545700073242e-01 4.656394720077514648e-01 -5.271669626235961914e-01 1.306719034910202026e-01
-1.583445817232131958e-01 8.361895084381103516e-01 5.250846147537231445e-01 -1.345160603523254395e-01
6.853117346763610840e-01 -2.897699177265167236e-01 6.681174635887145996e-01 -2.310046702623367310e-01
0.000000000000000000e+00 0.000000000000000000e+00 0.000000000000000000e+00 1.000000000000000000e+00
6.961428523063659668e-01 4.958685934543609619e-01 -5.191330909729003906e-01 1.289480924606323242e-01
-9.615378081798553467e-02 7.810108065605163574e-01 6.170707345008850098e-01 -1.691970676183700562e-01
7.114346623420715332e-01 -3.796527981758117676e-01 5.913749337196350098e-01 -2.085718214511871338e-01
0.000000000000000000e+00 0.000000000000000000e+00 0.000000000000000000e+00 1.000000000000000000e+00
7.068383097648620605e-01 5.062382221221923828e-01 -4.940671026706695557e-01 1.202781200408935547e-01
-3.219123184680938721e-02 7.207483053207397461e-01 6.924490332603454590e-01 -1.987647712230682373e-01
7.066421508789062500e-01 -4.735447764396667480e-01 5.257489085197448730e-01 -1.888321191072463989e-01
0.000000000000000000e+00 0.000000000000000000e+00 0.000000000000000000e+00 1.000000000000000000e+00
7.153221964836120605e-01 5.131970047950744629e-01 -4.742813110351562500e-01 1.137191206216812134e-01
1.623947173357009888e-02 6.663219928741455078e-01 7.454872727394104004e-01 -2.204992175102233887e-01
6.986059546470642090e-01 -5.409655570983886719e-01 4.683008790016174316e-01 -1.720097810029983521e-01
0.000000000000000000e+00 0.000000000000000000e+00 0.000000000000000000e+00 1.000000000000000000e+00
7.586311697959899902e-01 4.900656342506408691e-01 -4.293181598186492920e-01 9.660743921995162964e-02
6.221732124686241150e-02 6.014442443847656250e-01 7.964885234832763672e-01 -2.415702342987060547e-01
6.485428810119628906e-01 -6.309520006179809570e-01 4.257837533950805664e-01 -1.589696854352951050e-01
0.000000000000000000e+00 0.000000000000000000e+00 0.000000000000000000e+00 1.000000000000000000e+00
8.080896139144897461e-01 4.612895846366882324e-01 -3.663377165794372559e-01 7.328784465789794922e-02
1.027482748031616211e-01 5.019890666007995605e-01 8.587490320205688477e-01 -2.684472501277923584e-01
5.800291895866394043e-01 -7.315864562988281250e-01 3.582553565502166748e-01 -1.373747140169143677e-01
0.000000000000000000e+00 0.000000000000000000e+00 0.000000000000000000e+00 1.000000000000000000e+00
8.362690806388854980e-01 4.517539441585540771e-01 -3.107610344886779785e-01 5.507754534482955933e-02
1.282051354646682739e-01 3.899458348751068115e-01 9.118692874908447266e-01 -2.906583845615386963e-01
5.331205725669860840e-01 -8.024091124534606934e-01 2.681824266910552979e-01 -1.078768447041511536e-01
0.000000000000000000e+00 0.000000000000000000e+00 0.000000000000000000e+00 1.000000000000000000e+00
8.691306710243225098e-01 4.068388044834136963e-01 -2.812369167804718018e-01 4.271285235881805420e-02
1.599755734205245972e-01 3.068162798881530762e-01 9.382276535034179688e-01 -3.029180169105529785e-01
4.679954051971435547e-01 -8.604333400726318359e-01 2.015790492296218872e-01 -8.503774553537368774e-02
0.000000000000000000e+00 0.000000000000000000e+00 0.000000000000000000e+00 1.000000000000000000e+00
8.920165300369262695e-01 3.670699894428253174e-01 -2.637546658515930176e-01 3.548678755760192871e-02
1.965613216161727905e-01 2.104414552450180054e-01 9.576418399810791016e-01 -3.134530782699584961e-01
4.070264101028442383e-01 -9.060760736465454102e-01 1.155655458569526672e-01 -5.529468506574630737e-02
0.000000000000000000e+00 0.000000000000000000e+00 0.000000000000000000e+00 1.000000000000000000e+00
9.548876285552978516e-01 1.891615092754364014e-01 -2.289277315139770508e-01 1.886318810284137726e-02
2.102235108613967896e-01 1.139120087027549744e-01 9.709945321083068848e-01 -3.208985328674316406e-01
2.097525745630264282e-01 -9.753168225288391113e-01 6.900695711374282837e-02 -2.974512800574302673e-02
0.000000000000000000e+00 0.000000000000000000e+00 0.000000000000000000e+00 1.000000000000000000e+00
9.749003648757934570e-01 -1.385131627321243286e-01 -1.743096113204956055e-01 -3.790908493101596832e-03
1.792138814926147461e-01 2.366341091692447662e-02 9.835254549980163574e-01 -3.270211219787597656e-01
-1.321064680814743042e-01 -9.900776743888854980e-01 4.789299145340919495e-02 -2.421878307359293103e-04
0.000000000000000000e+00 0.000000000000000000e+00 0.000000000000000000e+00 1.000000000000000000e+00
9.639133214950561523e-01 2.088601142168045044e-01 -1.650708168745040894e-01 -5.804618820548057556e-03
1.823553293943405151e-01 -6.626841425895690918e-02 9.809970259666442871e-01 -3.310871720314025879e-01
1.939522624015808105e-01 -9.756975173950195312e-01 -1.019638404250144958e-01 3.380288556218147278e-02
0.000000000000000000e+00 0.000000000000000000e+00 0.000000000000000000e+00 1.000000000000000000e+00
9.830031394958496094e-01 5.500371381640434265e-02 -1.751527190208435059e-01 -1.627674442715942860e-03
1.804171800613403320e-01 -1.129256710410118103e-01 9.770858883857727051e-01 -3.317113220691680908e-01
3.396417573094367981e-02 -9.920795559883117676e-01 -1.209299415349960327e-01 5.515493452548980713e-02
0.000000000000000000e+00 0.000000000000000000e+00 0.000000000000000000e+00 1.000000000000000000e+00
9.805905818939208984e-01 1.447475552558898926e-01 -1.322499662637710571e-01 -1.493598427623510361e-02
1.438213735818862915e-01 -7.259133458137512207e-02 9.869377017021179199e-01 -3.328718543052673340e-01
1.332566589117050171e-01 -9.868024587631225586e-01 -9.200017899274826050e-02 3.727315738797187805e-02
0.000000000000000000e+00 0.000000000000000000e+00 0.000000000000000000e+00 1.000000000000000000e+00
9.556759595870971680e-01 2.850956916809082031e-01 -7.351084053516387939e-02 -3.075755201280117035e-02
5.724285915493965149e-02 6.499232351779937744e-02 9.962419867515563965e-01 -3.289854228496551514e-01
2.888022363185882568e-01 -9.562931060791015625e-01 4.579194635152816772e-02 -1.849624142050743103e-02
0.000000000000000000e+00 0.000000000000000000e+00 0.000000000000000000e+00 1.000000000000000000e+00
8.463261723518371582e-01 5.276068449020385742e-01 -7.322838902473449707e-02 -2.300769276916980743e-02
-3.702116385102272034e-02 1.954058855772018433e-01 9.800232648849487305e-01 -3.158073425292968750e-01
5.313766598701477051e-01 -8.267085552215576172e-01 1.849099248647689819e-01 -7.658966630697250366e-02
0.000000000000000000e+00 0.000000000000000000e+00 0.000000000000000000e+00 1.000000000000000000e+00
7.817782759666442871e-01 6.196547150611877441e-01 -6.965196132659912109e-02 -1.715424098074436188e-02
-1.644840240478515625e-01 3.126743733882904053e-01 9.355102777481079102e-01 -2.907586693763732910e-01
6.014716625213623047e-01 -7.199046611785888672e-01 3.463651537895202637e-01 -1.328966766595840454e-01
0.000000000000000000e+00 0.000000000000000000e+00 0.000000000000000000e+00 1.000000000000000000e+00
9.447421431541442871e-01 2.304831296205520630e-01 2.331081479787826538e-01 -1.175172179937362671e-01
-3.100154399871826172e-01 3.970519006252288818e-01 8.638520240783691406e-01 -2.558481693267822266e-01
1.065473854541778564e-01 -8.883846998214721680e-01 4.465649724006652832e-01 -1.416790485382080078e-01
0.000000000000000000e+00 0.000000000000000000e+00 0.000000000000000000e+00 1.000000000000000000e+00
8.862434625625610352e-01 3.906249701976776123e-01 2.489670664072036743e-01 -1.147308796644210815e-01
-4.327787458896636963e-01 5.066164135932922363e-01 7.456821799278259277e-01 -2.077881544828414917e-01
1.651514321565628052e-01 -7.686036825180053711e-01 6.180397272109985352e-01 -1.972446888685226440e-01
0.000000000000000000e+00 0.000000000000000000e+00 0.000000000000000000e+00 1.000000000000000000e+00
8.093035817146301270e-01 5.233846902847290039e-01 2.666386067867279053e-01 -1.106489449739456177e-01
-5.690571665763854980e-01 5.860832333564758301e-01 5.767845511436462402e-01 -1.455243080854415894e-01
1.456077098846435547e-01 -6.185261607170104980e-01 7.721551656723022461e-01 -2.410117238759994507e-01
0.000000000000000000e+00 0.000000000000000000e+00 0.000000000000000000e+00 1.000000000000000000e+00
7.389486432075500488e-01 6.106640696525573730e-01 2.846826016902923584e-01 -1.063561663031578064e-01
-6.687976121902465820e-01 6.136170029640197754e-01 4.197420477867126465e-01 -9.066596627235412598e-02
8.163554966449737549e-02 -5.005627870559692383e-01 8.618420958518981934e-01 -2.629470825195312500e-01
0.000000000000000000e+00 0.000000000000000000e+00 0.000000000000000000e+00 1.000000000000000000e+00
6.605672240257263184e-01 7.220567464828491211e-01 2.056334167718887329e-01 -7.012396305799484253e-02
-7.473023533821105957e-01 6.060919165611267090e-01 2.723806798458099365e-01 -4.096086695790290833e-02
7.204156368970870972e-02 -3.335961699485778809e-01 9.399592876434326172e-01 -2.819351255893707275e-01
0.000000000000000000e+00 0.000000000000000000e+00 0.000000000000000000e+00 1.000000000000000000e+00
6.850320696830749512e-01 7.085397839546203613e-01 1.694166809320449829e-01 -5.999198183417320251e-02
-7.280822992324829102e-01 6.578661203384399414e-01 1.926347762346267700e-01 -1.338458806276321411e-02
2.503595314919948578e-02 -2.553104758262634277e-01 9.665350317955017090e-01 -2.847491204738616943e-01
0.000000000000000000e+00 0.000000000000000000e+00 0.000000000000000000e+00 1.000000000000000000e+00
6.972671151161193848e-01 6.979719400405883789e-01 1.632591187953948975e-01 -5.908143520355224609e-02
-7.123327255249023438e-01 7.001190185546875000e-01 4.914144426584243774e-02 3.084306605160236359e-02
-8.000144362449645996e-02 -1.505595594644546509e-01 9.853585362434387207e-01 -2.805016040802001953e-01
0.000000000000000000e+00 0.000000000000000000e+00 0.000000000000000000e+00 1.000000000000000000e+00
6.807765364646911621e-01 7.166970372200012207e-01 1.512887477874755859e-01 -5.381318181753158569e-02
-7.217429876327514648e-01 6.915756464004516602e-01 -2.845192886888980865e-02 5.233880504965782166e-02
-1.250190585851669312e-01 -8.982230722904205322e-02 9.880800247192382812e-01 -2.758661508560180664e-01
0.000000000000000000e+00 0.000000000000000000e+00 0.000000000000000000e+00 1.000000000000000000e+00
6.682463884353637695e-01 7.327482700347900391e-01 1.285545974969863892e-01 -4.560546949505805969e-02
-7.284559011459350586e-01 6.795669198036193848e-01 -8.683734387159347534e-02 6.751549988985061646e-02
-1.509913206100463867e-01 -3.561765328049659729e-02 9.878931045532226562e-01 -2.718562781810760498e-01
0.000000000000000000e+00 0.000000000000000000e+00 0.000000000000000000e+00 1.000000000000000000e+00
5.947049856185913086e-01 7.906142473220825195e-01 1.457909792661666870e-01 -4.363208636641502380e-02
-7.564796805381774902e-01 6.117035746574401855e-01 -2.314237356185913086e-01 1.089976653456687927e-01
-2.721477150917053223e-01 2.734089456498622894e-02 9.618669152259826660e-01 -2.573026418685913086e-01
0.000000000000000000e+00 0.000000000000000000e+00 0.000000000000000000e+00 1.000000000000000000e+00
5.944991111755371094e-01 7.889080047607421875e-01 1.555480062961578369e-01 -4.591462016105651855e-02
-6.757002472877502441e-01 5.949981808662414551e-01 -4.352081716060638428e-01 1.654028892517089844e-01
-4.358900189399719238e-01 1.536269336938858032e-01 8.867912292480468750e-01 -2.241167426109313965e-01
0.000000000000000000e+00 0.000000000000000000e+00 0.000000000000000000e+00 1.000000000000000000e+00
6.128386259078979492e-01 7.717388868331909180e-01 1.698468774557113647e-01 -5.215248093008995056e-02
-6.086428165435791016e-01 5.980756878852844238e-01 -5.214013457298278809e-01 1.881265342235565186e-01
-5.039669871330261230e-01 2.161587178707122803e-01 8.362371921539306641e-01 -2.040915191173553467e-01
0.000000000000000000e+00 0.000000000000000000e+00 0.000000000000000000e+00 1.000000000000000000e+00
6.735669970512390137e-01 7.201812863349914551e-01 1.662711352109909058e-01 -5.613106116652488708e-02
-4.967919290065765381e-01 6.076878309249877930e-01 -6.196069121360778809e-01 2.120973467826843262e-01
-5.472704768180847168e-01 3.347445428371429443e-01 7.670989632606506348e-01 -1.768537759780883789e-01
0.000000000000000000e+00 0.000000000000000000e+00 0.000000000000000000e+00 1.000000000000000000e+00
7.529470920562744141e-01 6.427844166755676270e-01 1.410634517669677734e-01 -5.520118772983551025e-02
-3.895668983459472656e-01 6.081260442733764648e-01 -6.916792392730712891e-01 2.278759777545928955e-01
