1.000000000000000000e+00 0.000000000000000000e+00 0.000000000000000000e+00 -4.097584310382009209e-01
0.000000000000000000e+00 -1.000000000000000000e+00 0.000000000000000000e+00 -1.932597221741734483e-02
0.000000000000000000e+00 0.000000000000000000e+00 -1.000000000000000000e+00 -2.664692399556274349e+00
0.000000000000000000e+00 0.000000000000000000e+00 0.000000000000000000e+00 1.000000000000000000e+00
9.962460994720458984e-01 -8.369625359773635864e-02 -2.211217395961284637e-02 -4.552183149035670673e-01
-8.334922790527343750e-02 -9.963891506195068359e-01 1.617612875998020172e-02 6.193953351993294887e-02
-2.338620275259017944e-02 -1.427238155156373978e-02 -9.996245503425598145e-01 -2.716207965190266194e+00
0.000000000000000000e+00 0.000000000000000000e+00 0.000000000000000000e+00 1.000000000000000000e+00
9.854048490524291992e-01 -1.656338572502136230e-01 -3.927692770957946777e-02 -4.878155878365825759e-01
-1.636231243610382080e-01 -9.852625727653503418e-01 4.984581470489501953e-02 2.002978579641369605e-01
-4.695429652929306030e-02 -4.269167035818099976e-02 -9.979841709136962891e-01 -2.708082627891422067e+00
0.000000000000000000e+00 0.000000000000000000e+00 0.000000000000000000e+00 1.000000000000000000e+00
9.648836255073547363e-01 -2.593593299388885498e-01 -4.162094742059707642e-02 -4.733876712092357497e-01
-2.557308375835418701e-01 -9.636982083320617676e-01 7.673001289367675781e-02 3.277052770689266037e-01
-6.001069396734237671e-02 -6.339177489280700684e-02 -9.961827993392944336e-01 -2.704820186035678198e+00
0.000000000000000000e+00 0.000000000000000000e+00 0.000000000000000000e+00 1.000000000000000000e+00
9.369290471076965332e-01 -3.448116779327392578e-01 -5.717357620596885681e-02 -4.906633604460506337e-01
-3.362141251564025879e-01 -9.338263869285583496e-01 1.221802905201911926e-01 4.955458450584833141e-01
-9.551946818828582764e-02 -9.525164961814880371e-02 -9.908597469329833984e-01 -2.677610819408977161e+00
0.000000000000000000e+00 0.000000000000000000e+00 0.000000000000000000e+00 1.000000000000000000e+00
8.914850950241088867e-01 -4.506637752056121826e-01 -4.643578082323074341e-02 -4.295420724374443000e-01
-4.411559104919433594e-01 -8.868405222892761230e-01 1.374587863683700562e-01 5.787478392745999400e-01
-1.031289100646972656e-01 -1.020570099353790283e-01 -9.894182682037353516e-01 -2.681683145967978188e+00
0.000000000000000000e+00 0.000000000000000000e+00 0.000000000000000000e+00 1.000000000000000000e+00
8.450405597686767578e-01 -5.341128110885620117e-01 -2.509395778179168701e-02 -3.441133436903154319e-01
-5.236096978187561035e-01 -8.361083865165710449e-01 1.635710299015045166e-01 6.889576257474925303e-01
-1.083467230200767517e-01 -1.250847131013870239e-01 -9.862124919891357422e-01 -2.673869345238121031e+00
0.000000000000000000e+00 0.000000000000000000e+00 0.000000000000000000e+00 1.000000000000000000e+00
7.897054553031921387e-01 -6.134142279624938965e-01 -9.405251592397689819e-03 -2.684891695312562887e-01
-6.032696962356567383e-01 -7.792487144470214844e-01 1.698131412267684937e-01 7.382582188046377114e-01
-1.114948391914367676e-01 -1.284283995628356934e-01 -9.854314923286437988e-01 -2.679918507917780968e+00
0.000000000000000000e+00 0.000000000000000000e+00 0.000000000000000000e+00 1.000000000000000000e+00
7.187852263450622559e-01 -6.950768232345581055e-01 1.469721179455518723e-02 -1.501056354877554067e-01
-6.877446770668029785e-01 -7.077906727790832520e-01 1.613685339689254761e-01 7.460380788808319563e-01
-1.017610207200050354e-01 -1.260972321033477783e-01 -9.867844581604003906e-01 -2.692885769198925860e+00
0.000000000000000000e+00 0.000000000000000000e+00 0.000000000000000000e+00 1.000000000000000000e+00
6.443340778350830078e-01 -7.644985914230346680e-01 1.935738325119018555e-02 -9.048918776167458322e-02
-7.592648863792419434e-01 -6.364885568618774414e-01 1.356406062841415405e-01 6.951237871031935578e-01
-9.137633442878723145e-02 -1.020952686667442322e-01 -9.905691742897033691e-01 -2.721468214627468463e+00
0.000000000000000000e+00 0.000000000000000000e+00 0.000000000000000000e+00 1.000000000000000000e+00
5.481867194175720215e-01 -8.354473710060119629e-01 3.897356986999511719e-02 1.960031893286003080e-02
-8.343544602394104004e-01 -5.430588722229003906e-01 9.455037117004394531e-02 5.923118903826506410e-01
-5.782693624496459961e-02 -8.434897661209106445e-02 -9.947566390037536621e-01 -2.765984003338965547e+00
0.000000000000000000e+00 0.000000000000000000e+00 0.000000000000000000e+00 1.000000000000000000e+00
4.582974910736083984e-01 -8.853745460510253906e-01 7.794341444969177246e-02 1.916476179525347934e-01
-8.887201547622680664e-01 -4.553259313106536865e-01 5.342609435319900513e-02 4.783515237098704409e-01
-1.181244198232889175e-02 -9.375493973493576050e-02 -9.955255389213562012e-01 -2.804980710636546082e+00
0.000000000000000000e+00 0.000000000000000000e+00 0.000000000000000000e+00 1.000000000000000000e+00
3.497699201107025146e-01 -9.325451850891113281e-01 8.955789357423782349e-02 2.684894303080176958e-01
-9.366681575775146484e-01 -3.499110639095306396e-01 1.463383436203002930e-02 3.425439652861834716e-01
1.769057661294937134e-02 -8.900454640388488770e-02 -9.958741068840026855e-01 -2.822060585756649420e+00
0.000000000000000000e+00 0.000000000000000000e+00 0.000000000000000000e+00 1.000000000000000000e+00
2.751927673816680908e-01 -9.551739692687988281e-01 1.091383546590805054e-01 3.487343623200210296e-01
-9.584042429924011230e-01 -2.815036773681640625e-01 -4.708779230713844299e-02 1.258763005028529780e-01
7.569987326860427856e-02 -9.164042770862579346e-02 -9.929105043411254883e-01 -2.818177278285120657e+00
0.000000000000000000e+00 0.000000000000000000e+00 0.000000000000000000e+00 1.000000000000000000e+00
1.892164349555969238e-01 -9.709349274635314941e-01 1.465704888105392456e-01 4.727550629683071604e-01
-9.725925922393798828e-01 -2.058582603931427002e-01 -1.081009060144424438e-01 -8.153956117626086353e-02
1.351316422224044800e-01 -1.220988631248474121e-01 -9.832757711410522461e-01 -2.799506055606692634e+00
0.000000000000000000e+00 0.000000000000000000e+00 0.000000000000000000e+00 1.000000000000000000e+00
1.108149439096450806e-01 -9.830003380775451660e-01 1.463896781206130981e-01 4.895473048456309706e-01
-9.705670475959777832e-01 -1.387296617031097412e-01 -1.968583464622497559e-01 -3.625047848503507586e-01
2.138204574584960938e-01 -1.202661618590354919e-01 -9.694413542747497559e-01 -2.772395199657696541e+00
0.000000000000000000e+00 0.000000000000000000e+00 0.000000000000000000e+00 1.000000000000000000e+00
1.886351853609085083e-01 -9.733474254608154297e-01 1.304277628660202026e-01 4.342194518680494997e-01
-9.542862772941589355e-01 -2.130342274904251099e-01 -2.096516638994216919e-01 -3.969464080801234362e-01
2.318495064973831177e-01 -8.491778373718261719e-02 -9.690377116203308105e-01 -2.752498250283572201e+00
0.000000000000000000e+00 0.000000000000000000e+00 0.000000000000000000e+00 1.000000000000000000e+00
2.763135433197021484e-01 -9.519767761230468750e-01 1.318739801645278931e-01 4.135668055619126648e-01
-9.374428987503051758e-01 -2.972089350223541260e-01 -1.812937706708908081e-01 -2.915879620513707193e-01
2.117816358804702759e-01 -7.353042066097259521e-02 -9.745469689369201660e-01 -2.743295918096546604e+00
0.000000000000000000e+00 0.000000000000000000e+00 0.000000000000000000e+00 1.000000000000000000e+00
3.267697989940643311e-01 -9.346789121627807617e-01 1.399868130683898926e-01 4.228709597099268858e-01
-9.337189793586730957e-01 -3.421935141086578369e-01 -1.052229702472686768e-01 -4.446931149734165839e-02
1.462523192167282104e-01 -9.632471948862075806e-02 -9.845463633537292480e-01 -2.739597766548658608e+00
0.000000000000000000e+00 0.000000000000000000e+00 0.000000000000000000e+00 1.000000000000000000e+00
3.598144054412841797e-01 -9.169961214065551758e-01 1.721956133842468262e-01 5.024924909048810173e-01
-9.300909638404846191e-01 -3.671436011791229248e-01 -1.166728511452674866e-02 2.574319642344403691e-01
7.391937077045440674e-02 -1.559595614671707153e-01 -9.849938750267028809e-01 -2.703593907459434842e+00
0.000000000000000000e+00 0.000000000000000000e+00 0.000000000000000000e+00 1.000000000000000000e+00
3.977567255496978760e-01 -8.992113471031188965e-01 1.822314411401748657e-01 5.133544658679677353e-01
-9.173978567123413086e-01 -3.926189243793487549e-01 6.504691392183303833e-02 4.991525224056456711e-01
1.305659767240285873e-02 -1.930515617132186890e-01 -9.811015725135803223e-01 -2.658745886658424595e+00
0.000000000000000000e+00 0.000000000000000000e+00 0.000000000000000000e+00 1.000000000000000000e+00
4.583013057708740234e-01 -8.610957860946655273e-01 2.201670706272125244e-01 5.833538907345574565e-01
-8.877008557319641113e-01 -4.311723113059997559e-01 1.614849269390106201e-01 7.708302776951455604e-01
-4.412408918142318726e-02 -2.694512307643890381e-01 -9.620023369789123535e-01 -2.556403502313551623e+00
0.000000000000000000e+00 0.000000000000000000e+00 0.000000000000000000e+00 1.000000000000000000e+00
5.357014536857604980e-01 -8.212363123893737793e-01 1.964555382728576660e-01 4.679423541624828098e-01
-8.393973112106323242e-01 -4.926036596298217773e-01 2.296826243400573730e-01 9.419454634050223873e-01
-9.184905141592025757e-02 -2.879456281661987305e-01 -9.532320499420166016e-01 -2.495436430425399532e+00
0.000000000000000000e+00 0.000000000000000000e+00 0.000000000000000000e+00 1.000000000000000000e+00
5.925233960151672363e-01 -7.830511927604675293e-01 1.890691667795181274e-01 4.088619204180296007e-01
-7.950726747512817383e-01 -5.307419300079345703e-01 2.935505807399749756e-01 1.087220153200867179e+00
-1.295183300971984863e-01 -3.242593705654144287e-01 -9.370595216751098633e-01 -2.417689154554362840e+00
0.000000000000000000e+00 0.000000000000000000e+00 0.000000000000000000e+00 1.000000000000000000e+00
6.669135093688964844e-01 -7.277097702026367188e-01 1.602021008729934692e-01 2.745551321578312831e-01
-7.244362235069274902e-01 -5.829015970230102539e-01 3.679905533790588379e-01 1.230018761935893767e+00
-1.744084060192108154e-01 -3.614742159843444824e-01 -9.159244894981384277e-01 -2.318275324334078569e+00
0.000000000000000000e+00 0.000000000000000000e+00 0.000000000000000000e+00 1.000000000000000000e+00
7.323621511459350586e-01 -6.643780469894409180e-01 1.491556465625762939e-01 2.108782405507849678e-01
-6.500455737113952637e-01 -6.169714331626892090e-01 4.436069130897521973e-01 1.374797311119658083e+00
-2.026979774236679077e-01 -4.218387305736541748e-01 -8.837226033210754395e-01 -2.182582522571709038e+00
0.000000000000000000e+00 0.000000000000000000e+00 0.000000000000000000e+00 1.000000000000000000e+00
7.561026811599731445e-01 -6.403965353965759277e-01 1.349104493856430054e-01 1.527422900012108120e-01
-6.011866331100463867e-01 -5.981848835945129395e-01 5.298575758934020996e-01 1.556305994192977771e+00
-2.586176991462707520e-01 -4.817330539226531982e-01 -8.372871875762939453e-01 -1.989967381452820039e+00
0.000000000000000000e+00 0.000000000000000000e+00 0.000000000000000000e+00 1.000000000000000000e+00
7.857206463813781738e-01 -6.037578582763671875e-01 1.346079558134078979e-01 1.279748223339259583e-01
-5.371902585029602051e-01 -5.580911636352539062e-01 6.324245333671569824e-01 1.798445377960831371e+00
-3.067078292369842529e-01 -5.692191123962402344e-01 -7.628366947174072266e-01 -1.732380171313556483e+00
0.000000000000000000e+00 0.000000000000000000e+00 0.000000000000000000e+00 1.000000000000000000e+00
8.084040880203247070e-01 -5.725042819976806641e-01 1.368266046047210693e-01 1.147034317555158389e-01
-4.848872125148773193e-01 -5.159035325050354004e-01 7.062066197395324707e-01 1.978130785675796366e+00
-3.337168991565704346e-01 -6.372458934783935547e-01 -6.946588158607482910e-01 -1.510555372524045037e+00
0.000000000000000000e+00 0.000000000000000000e+00 0.000000000000000000e+00 1.000000000000000000e+00
8.381218314170837402e-01 -5.308759212493896484e-01 1.253879666328430176e-01 5.765882929992130479e-02
-4.139079749584197998e-01 -4.692115783691406250e-01 7.800772786140441895e-01 2.156770931634053312e+00
-3.552908301353454590e-01 -7.056990265846252441e-01 -6.129903197288513184e-01 -1.292762475043440107e+00
0.000000000000000000e+00 0.000000000000000000e+00 0.000000000000000000e+00 1.000000000000000000e+00
8.673918247222900391e-01 -4.891405999660491943e-01 9.150325506925582886e-02 -4.756004700071636559e-02
-3.289114534854888916e-01 -4.255500435829162598e-01 8.430444598197937012e-01 2.297192107956103069e+00
-3.734282255172729492e-01 -7.613463997840881348e-01 -5.300025939941406250e-01 -1.087707808416823685e+00
0.000000000000000000e+00 0.000000000000000000e+00 0.000000000000000000e+00 1.000000000000000000e+00
8.884592652320861816e-01 -4.554720222949981689e-01 5.643916502594947815e-02 -1.455655901648632011e-01
-2.247968018054962158e-01 -3.246529698371887207e-01 9.187310338020324707e-01 2.427282218401630942e+00
-4.001332521438598633e-01 -8.289423584938049316e-01 -3.908295631408691406e-01 -7.400741815130316148e-01
0.000000000000000000e+00 0.000000000000000000e+00 0.000000000000000000e+00 1.000000000000000000e+00
8.660475611686706543e-01 -4.995190203189849854e-01 2.103150263428688049e-02 -2.764953178781368592e-01
-1.007160767912864685e-01 -1.331050097942352295e-01 9.859712719917297363e-01 2.586072324832289659e+00
-4.897120594978332520e-01 -8.560161590576171875e-01 -1.655848622322082520e-01 -1.421761784678840512e-01
0.000000000000000000e+00 0.000000000000000000e+00 0.000000000000000000e+00 1.000000000000000000e+00
8.617501258850097656e-01 -5.058885812759399414e-01 3.824976459145545959e-02 -2.029740845448092801e-01
-1.007812619209289551e-01 -9.680754691362380981e-02 9.901874065399169922e-01 2.592063815994749998e+00
-4.972218275070190430e-01 -8.571491241455078125e-01 -1.344080120325088501e-01 -1.201475818564318732e-01
0.000000000000000000e+00 0.000000000000000000e+00 0.000000000000000000e+00 1.000000000000000000e+00
8.257960677146911621e-01 -5.634553432464599609e-01 2.405943721532821655e-02 -2.055439508061452369e-01
-1.070220023393630981e-01 -1.146795004606246948e-01 9.876206517219543457e-01 2.586971338243946317e+00
-5.537211894989013672e-01 -8.181480169296264648e-01 -1.550040245056152344e-01 -1.656425532522234068e-01
0.000000000000000000e+00 0.000000000000000000e+00 0.000000000000000000e+00 1.000000000000000000e+00
8.017847537994384766e-01 -5.951492786407470703e-01 5.420697107911109924e-02 -1.244771910509144819e-01
-2.444849461317062378e-01 -2.438920587301254272e-01 9.384794831275939941e-01 2.511453383843987641e+00
-5.453146696090698242e-01 -7.657112479209899902e-01 -3.410539925098419189e-01 -5.601067283458291968e-01
0.000000000000000000e+00 0.000000000000000000e+00 0.000000000000000000e+00 1.000000000000000000e+00
8.211400508880615234e-01 -5.639141201972961426e-01 8.791992813348770142e-02 -4.707141713796016841e-02
-3.096900284290313721e-01 -3.108541965484619141e-01 8.985882997512817383e-01 2.433305166755290738e+00
-4.793966114521026611e-01 -7.650950551033020020e-01 -4.298936128616333008e-01 -7.983566304785303380e-01
0.000000000000000000e+00 0.000000000000000000e+00 0.000000000000000000e+00 1.000000000000000000e+00
8.099645376205444336e-01 -5.781592726707458496e-01 9.843447059392929077e-02 -1.927480002584593122e-02
-3.673337697982788086e-01 -3.692747950553894043e-01 8.536404371261596680e-01 2.343048138576874440e+00
-4.571908414363861084e-01 -7.275766730308532715e-01 -5.114769935607910156e-01 -1.015945332156610537e+00
0.000000000000000000e+00 0.000000000000000000e+00 0.000000000000000000e+00 1.000000000000000000e+00
8.272616267204284668e-01 -5.570366382598876953e-01 7.313006371259689331e-02 -1.312004240803784083e-01
-4.563002288341522217e-01 -5.902360677719116211e-01 6.658915281295776367e-01 1.972631020081037745e+00
-3.277619481086730957e-01 -5.842357873916625977e-01 -7.424558997154235840e-01 -1.670882604249250392e+00
0.000000000000000000e+00 0.000000000000000000e+00 0.000000000000000000e+00 1.000000000000000000e+00
8.294185996055603027e-01 -5.567193031311035156e-01 4.613303765654563904e-02 -2.147401088295471661e-01
-4.665465056896209717e-01 -6.449155807495117188e-01 6.053245663642883301e-01 1.805464332732346966e+00
-3.072441220283508301e-01 -5.235906243324279785e-01 -7.946406006813049316e-01 -1.822321247878606609e+00
0.000000000000000000e+00 0.000000000000000000e+00 0.000000000000000000e+00 1.000000000000000000e+00
8.538612723350524902e-01 -5.185050368309020996e-01 4.553328454494476318e-02 -2.221894614429385240e-01
-4.606087207794189453e-01 -7.119737267494201660e-01 5.300312638282775879e-01 1.595682533277281712e+00
-2.424053400754928589e-01 -4.735459983348846436e-01 -8.467548489570617676e-01 -1.982543070419265474e+00
0.000000000000000000e+00 0.000000000000000000e+00 0.000000000000000000e+00 1.000000000000000000e+00
8.718179464340209961e-01 -4.896949529647827148e-01 1.149827800691127777e-02 -3.010127146723973190e-01
-4.552003443241119385e-01 -8.012904524803161621e-01 3.882342576980590820e-01 1.214757333219355750e+00
-1.809030622243881226e-01 -3.437035679817199707e-01 -9.214889407157897949e-01 -2.195895399045640684e+00
0.000000000000000000e+00 0.000000000000000000e+00 0.000000000000000000e+00 1.000000000000000000e+00
8.754612803459167480e-01 -4.831245541572570801e-01 1.257141772657632828e-02 -2.810843770921418461e-01
-4.705075025558471680e-01 -8.460784554481506348e-01 2.505468726158142090e-01 8.639653629280664715e-01
-1.104090139269828796e-01 -2.252590656280517578e-01 -9.680227041244506836e-01 -2.342613532413116761e+00
0.000000000000000000e+00 0.000000000000000000e+00 0.000000000000000000e+00 1.000000000000000000e+00
8.796066045761108398e-01 -4.756275713443756104e-01 8.383085951209068298e-03 -2.575538634404384575e-01
-4.754828214645385742e-01 -8.785313963890075684e-01 4.581076279282569885e-02 3.281892418164308323e-01
-1.442406978458166122e-02 -4.428147152066230774e-02 -9.989148974418640137e-01 -2.463886523293678632e+00
0.000000000000000000e+00 0.000000000000000000e+00 0.000000000000000000e+00 1.000000000000000000e+00
8.874351978302001953e-01 -4.608145654201507568e-01 1.043875981122255325e-02 -2.366320891361260170e-01
-4.598346054553985596e-01 -8.866562843322753906e-01 -4.891639575362205505e-02 6.900630356699759271e-02
3.179697692394256592e-02 3.861001133918762207e-02 -9.987485408782958984e-01 -2.488298683366063635e+00
0.000000000000000000e+00 0.000000000000000000e+00 0.000000000000000000e+00 1.000000000000000000e+00
8.925778269767761230e-01 -4.508697390556335449e-01 4.616464488208293915e-03 -2.463875953405487429e-01
-4.450885653495788574e-01 -8.826780319213867188e-01 -1.509156376123428345e-01 -2.212418872159679362e-01
7.211818546056747437e-02 1.326491534709930420e-01 -9.885358810424804688e-01 -2.479953421669094826e+00
0.000000000000000000e+00 0.000000000000000000e+00 0.000000000000000000e+00 1.000000000000000000e+00
8.965807557106018066e-01 -4.427021443843841553e-01 1.254901662468910217e-02 -2.254373991880470052e-01
-4.248229861259460449e-01 -8.676884174346923828e-01 -2.581515610218048096e-01 -5.353727086861223006e-01
1.251729428768157959e-01 2.261226624250411987e-01 -9.660228490829467773e-01 -2.437652329594170553e+00
0.000000000000000000e+00 0.000000000000000000e+00 0.000000000000000000e+00 1.000000000000000000e+00
9.001935124397277832e-01 -4.352153837680816650e-01 1.544317323714494705e-02 -2.128666813264507018e-01
-3.988738656044006348e-01 -8.382209539413452148e-01 -3.718666136264801025e-01 -8.858663530490270555e-01
1.747869849205017090e-01 3.285920619964599609e-01 -9.281577467918395996e-01 -2.346504842152582260e+00
0.000000000000000000e+00 0.000000000000000000e+00 0.000000000000000000e+00 1.000000000000000000e+00
9.053844213485717773e-01 -4.243160188198089600e-01 1.530967373400926590e-02 -2.267644649492528142e-01
-3.707405030727386475e-01 -8.076145052909851074e-01 -4.585960507392883301e-01 -1.152287446124882209e+00
2.069541662931442261e-01 4.095298051834106445e-01 -8.885127305984497070e-01 -2.258384143573012981e+00
0.000000000000000000e+00 0.000000000000000000e+00 0.000000000000000000e+00 1.000000000000000000e+00
9.178187251091003418e-01 -3.969904184341430664e-01 2.832773374393582344e-03 -2.845407359752158971e-01
-3.303983211517333984e-01 -7.677786946296691895e-01 -5.489563941955566406e-01 -1.430601220071095359e+00
2.201053649187088013e-01 5.029060244560241699e-01 -8.358463048934936523e-01 -2.135379489504958705e+00
0.000000000000000000e+00 0.000000000000000000e+00 0.000000000000000000e+00 1.000000000000000000e+00
9.103612303733825684e-01 -4.136288166046142578e-01 -1.237339153885841370e-02 -3.384570854678448093e-01
-3.287606537342071533e-01 -7.047677636146545410e-01 -6.286645531654357910e-01 -1.653167194435717136e+00
2.513136267662048340e-01 5.763797760009765625e-01 -7.775782942771911621e-01 -2.006739583167767904e+00
0.000000000000000000e+00 0.000000000000000000e+00 0.000000000000000000e+00 1.000000000000000000e+00
9.180336594581604004e-01 -3.952002525329589844e-01 -3.211809322237968445e-02 -4.100040178817779823e-01
-2.937370836734771729e-01 -6.234509348869323730e-01 -7.245875597000122070e-01 -1.937793378082682816e+00
2.663334608078002930e-01 6.746301054954528809e-01 -6.884337663650512695e-01 -1.776897615666695573e+00
0.000000000000000000e+00 0.000000000000000000e+00 0.000000000000000000e+00 1.000000000000000000e+00
9.270399212837219238e-01 -3.715735077857971191e-01 -5.029403418302536011e-02 -4.771997515976202364e-01
-2.631902992725372314e-01 -5.492841601371765137e-01 -7.931064963340759277e-01 -2.146437061878945673e+00
2.670716047286987305e-01 7.484782934188842773e-01 -6.070029139518737793e-01 -1.550094578399684675e+00
0.000000000000000000e+00 0.000000000000000000e+00 0.000000000000000000e+00 1.000000000000000000e+00
9.363139867782592773e-01 -3.479404151439666748e-01 -4.746814444661140442e-02 -4.871486401950928524e-01
-2.195763438940048218e-01 -4.745981395244598389e-01 -8.523744344711303711e-01 -2.335988714079415551e+00
2.740472853183746338e-01 8.085135221481323242e-01 -5.207725763320922852e-01 -1.321903009675505336e+00
0.000000000000000000e+00 0.000000000000000000e+00 0.000000000000000000e+00 1.000000000000000000e+00
9.455333948135375977e-01 -3.218151628971099854e-01 -4.900505393743515015e-02 -5.217637608719430942e-01
-1.852028369903564453e-01 -4.080145657062530518e-01 -8.939931392669677734e-01 -2.464180769352420253e+00
2.677057683467864990e-01 8.543763160705566406e-01 -4.453926682472229004e-01 -1.127300408735420811e+00
0.000000000000000000e+00 0.000000000000000000e+00 0.000000000000000000e+00 1.000000000000000000e+00
9.598373174667358398e-01 -2.772125601768493652e-01 -4.319614544510841370e-02 -5.336128431790593263e-01
-1.405410766601562500e-01 -3.418277502059936523e-01 -9.291939139366149902e-01 -2.592039350804680176e+00
2.428185343742370605e-01 8.979458808898925781e-01 -3.670588731765747070e-01 -9.025467108959787099e-01
0.000000000000000000e+00 0.000000000000000000e+00 0.000000000000000000e+00 1.000000000000000000e+00
9.653398990631103516e-01 -2.537553906440734863e-01 -6.104743108153343201e-02 -6.031898379791756915e-01
-1.301086246967315674e-01 -2.651152908802032471e-01 -9.553979039192199707e-01 -2.707799330957346928e+00
2.262527793645858765e-01 9.302268028259277344e-01 -2.889423072338104248e-01 -6.418064002344177066e-01
0.000000000000000000e+00 0.000000000000000000e+00 0.000000000000000000e+00 1.000000000000000000e+00
9.778639078140258789e-01 -2.042823433876037598e-01 -4.528182744979858398e-02 -5.892828620960065544e-01
-7.803827524185180664e-02 -1.552651226520538330e-01 -9.847855567932128906e-01 -2.833364848735308250e+00
1.941435933113098145e-01 9.665206670761108398e-01 -1.677700281143188477e-01 -2.547155217162695995e-01
0.000000000000000000e+00 0.000000000000000000e+00 0.000000000000000000e+00 1.000000000000000000e+00
9.940418004989624023e-01 -1.089618206024169922e-01 -2.844956004992127419e-03 -4.959090885263506832e-01
-1.828377507627010345e-02 -1.409555077552795410e-01 -9.898471832275390625e-01 -2.863565959809270645e+00
1.074545308947563171e-01 9.840013980865478516e-01 -1.421079784631729126e-01 -1.769642792037988410e-01
0.000000000000000000e+00 0.000000000000000000e+00 0.000000000000000000e+00 1.000000000000000000e+00
9.963520169258117676e-01 -8.424897491931915283e-02 1.360908336937427521e-02 -4.559605597472378147e-01
-7.557736709713935852e-03 -2.459476441144943237e-01 -9.692535996437072754e-01 -2.821618347224933210e+00
8.500574529170989990e-02 9.656144380569458008e-01 -2.456870526075363159e-01 -4.856362087322337318e-01
0.000000000000000000e+00 0.000000000000000000e+00 0.000000000000000000e+00 1.000000000000000000e+00
9.980379343032836914e-01 -3.696713596582412720e-02 5.053879693150520325e-02 -3.384085199796767474e-01
3.763748332858085632e-02 -2.908691763877868652e-01 -9.560221433639526367e-01 -2.879314699049130954e+00
5.004157125949859619e-02 9.560481905937194824e-01 -2.889069616794586182e-01 -5.976371235215970357e-01
0.000000000000000000e+00 0.000000000000000000e+00 0.000000000000000000e+00 1.000000000000000000e+00
9.890885353088378906e-01 4.741273820400238037e-02 1.394822746515274048e-01 -2.632448117799277010e-02
1.471762657165527344e-01 -2.761353254318237305e-01 -9.497836828231811523e-01 -2.975952570116173312e+00
-6.515883374959230423e-03 9.599483609199523926e-01 -2.801002562046051025e-01 -5.444964076457544655e-01
0.000000000000000000e+00 0.000000000000000000e+00 0.000000000000000000e+00 1.000000000000000000e+00
9.682348370552062988e-01 6.352587044239044189e-02 2.418379038572311401e-01 2.926984638464383282e-01
2.500280141830444336e-01 -2.563233971595764160e-01 -9.336939454078674316e-01 -3.018497869333305772e+00
2.674962161108851433e-03 9.645015001296997070e-01 -2.640644311904907227e-01 -4.887485390790945461e-01
0.000000000000000000e+00 0.000000000000000000e+00 0.000000000000000000e+00 1.000000000000000000e+00
9.730147719383239746e-01 2.512214146554470062e-02 2.293700575828552246e-01 2.396049510036624419e-01
2.265873104333877563e-01 -2.918116450309753418e-01 -9.292491078376770020e-01 -3.003318670818325486e+00
4.358811676502227783e-02 9.561458230018615723e-01 -2.896294295787811279e-01 -5.954002136929928968e-01
0.000000000000000000e+00 0.000000000000000000e+00 0.000000000000000000e+00 1.000000000000000000e+00
9.820992350578308105e-01 -3.970568999648094177e-02 1.841326355934143066e-01 7.065774179277062306e-02
1.610129922628402710e-01 -3.303515613079071045e-01 -9.300230145454406738e-01 -2.979053586911812879e+00
9.775567054748535156e-02 9.430223107337951660e-01 -3.180448114871978760e-01 -7.324363616927153098e-01
0.000000000000000000e+00 0.000000000000000000e+00 0.000000000000000000e+00 1.000000000000000000e+00
9.855868220329284668e-01 -1.234564408659934998e-01 1.156620532274246216e-01 -1.665297385474529823e-01
6.251218914985656738e-02 -3.695289194583892822e-01 -9.271140098571777344e-01 -2.921113303885680246e+00
1.571986228227615356e-01 9.209812283515930176e-01 -3.564852476119995117e-01 -9.193566474433523261e-01
0.000000000000000000e+00 0.000000000000000000e+00 0.000000000000000000e+00 1.000000000000000000e+00
9.785583019256591797e-01 -2.043581902980804443e-01 2.571664005517959595e-02 -4.602046246340716906e-01
-3.999697044491767883e-02 -3.110172748565673828e-01 -9.495621323585510254e-01 -2.933077522271990034e+00
2.020491510629653931e-01 9.281733632087707520e-01 -3.125222623348236084e-01 -8.264159621332404226e-01
0.000000000000000000e+00 0.000000000000000000e+00 0.000000000000000000e+00 1.000000000000000000e+00
9.191082715988159180e-01 -3.830440640449523926e-01 -9.228590875864028931e-02 -8.005650178041499032e-01
-2.263148427009582520e-01 -3.215154707431793213e-01 -9.194610714912414551e-01 -2.747465193418606511e+00
3.225230574607849121e-01 8.659703135490417480e-01 -3.821962475776672363e-01 -1.133097568960140356e+00
0.000000000000000000e+00 0.000000000000000000e+00 0.000000000000000000e+00 1.000000000000000000e+00
8.732689023017883301e-01 -4.785734415054321289e-01 -9.148250520229339600e-02 -7.791137658534427191e-01
-2.826227843761444092e-01 -3.445875048637390137e-01 -8.952003121376037598e-01 -2.637334394849055297e+00
3.968956172466278076e-01 8.076058030128479004e-01 -4.361733496189117432e-01 -1.371548666044889897e+00
0.000000000000000000e+00 0.000000000000000000e+00 0.000000000000000000e+00 1.000000000000000000e+00
8.333939909934997559e-01 -5.494326353073120117e-01 -5.982089787721633911e-02 -6.684994509393321627e-01
-3.357999324798583984e-01 -4.174150228500366211e-01 -8.443951010704040527e-01 -2.460451712493879839e+00
4.389679431915283203e-01 7.238015532493591309e-01 -5.323704481124877930e-01 -1.701546467162177834e+00
0.000000000000000000e+00 0.000000000000000000e+00 0.000000000000000000e+00 1.000000000000000000e+00
8.018206954002380371e-01 -5.959458351135253906e-01 -4.395828396081924438e-02 -6.011162158075229467e-01
-4.203724265098571777e-01 -5.102505683898925781e-01 -7.502872347831726074e-01 -2.121424041860618281e+00
4.247007966041564941e-01 6.200745701789855957e-01 -6.596488356590270996e-01 -2.088788078054824471e+00
0.000000000000000000e+00 0.000000000000000000e+00 0.000000000000000000e+00 1.000000000000000000e+00
7.728914618492126465e-01 -6.342104673385620117e-01 -2.040132693946361542e-02 -5.161312335130091578e-01
-5.029892921447753906e-01 -5.927425026893615723e-01 -6.290135979652404785e-01 -1.692609821215567800e+00
3.868339955806732178e-01 4.964206814765930176e-01 -7.771265506744384766e-01 -2.424707419475194303e+00
0.000000000000000000e+00 0.000000000000000000e+00 0.000000000000000000e+00 1.000000000000000000e+00
7.527434825897216797e-01 -6.580986380577087402e-01 -1.683942042291164398e-02 -4.950304257098783189e-01
-5.657813549041748047e-01 -6.336486339569091797e-01 -5.276179313659667969e-01 -1.342332755474969330e+00
3.365544080734252930e-01 4.066881835460662842e-01 -8.493150472640991211e-01 -2.617326975638461839e+00
0.000000000000000000e+00 0.000000000000000000e+00 0.000000000000000000e+00 1.000000000000000000e+00
6.519697904586791992e-01 -7.581154704093933105e-01 -1.402259618043899536e-02 -4.218092946704471435e-01
-6.768057942390441895e-01 -5.735075473785400391e-01 -4.615432620048522949e-01 -1.068834553214920158e+00
3.418611288070678711e-01 3.104028105735778809e-01 -8.870068192481994629e-01 -2.753351457609797492e+00
0.000000000000000000e+00 0.000000000000000000e+00 0.000000000000000000e+00 1.000000000000000000e+00
5.859513282775878906e-01 -8.099728822708129883e-01 2.459556423127651215e-02 -2.599566651123270122e-01
-7.366554737091064453e-01 -5.450674295425415039e-01 -4.002998769283294678e-01 -8.341679079986525913e-01
3.376384973526000977e-01 2.164376974105834961e-01 -9.160538911819458008e-01 -2.853333724793866821e+00
0.000000000000000000e+00 0.000000000000000000e+00 0.000000000000000000e+00 1.000000000000000000e+00
5.391781926155090332e-01 -8.398942351341247559e-01 6.216224282979965210e-02 -1.056404990627462098e-01
-7.814835906028747559e-01 -5.264633297920227051e-01 -3.348423838615417480e-01 -5.971953678853602066e-01
3.139584660530090332e-01 1.319609582424163818e-01 -9.402216672897338867e-01 -2.915388829181147834e+00
0.000000000000000000e+00 0.000000000000000000e+00 0.000000000000000000e+00 1.000000000000000000e+00
5.027813911437988281e-01 -8.560400605201721191e-01 1.200244650244712830e-01 1.029188591105064110e-01
-8.183168172836303711e-01 -5.160960555076599121e-01 -2.529865205287933350e-01 -3.152688631522308493e-01
2.785107195377349854e-01 2.897884882986545563e-02 -9.599958062171936035e-01 -2.961889732221513860e+00
0.000000000000000000e+00 0.000000000000000000e+00 0.000000000000000000e+00 1.000000000000000000e+00
4.328548312187194824e-01 -8.839334249496459961e-01 1.769123673439025879e-01 3.344218232196075613e-01
-8.592928051948547363e-01 -4.639042615890502930e-01 -2.154254317283630371e-01 -1.692939059268492308e-01
2.724922299385070801e-01 -5.877165123820304871e-02 -9.603614211082458496e-01 -2.961346129882360234e+00
0.000000000000000000e+00 0.000000000000000000e+00 0.000000000000000000e+00 1.000000000000000000e+00
3.550987243652343750e-01 -8.941886425018310547e-01 2.726385295391082764e-01 6.913054509927037961e-01
-8.915784358978271484e-01 -4.116300344467163086e-01 -1.888089030981063843e-01 -6.261728027601658197e-02
2.810568213462829590e-01 -1.760327666997909546e-01 -9.434083104133605957e-01 -2.912058781958351883e+00
0.000000000000000000e+00 0.000000000000000000e+00 0.000000000000000000e+00 1.000000000000000000e+00
2.897411882877349854e-01 -8.819326162338256836e-01 3.718122541904449463e-01 1.037072479915173151e+00
-9.135224819183349609e-01 -3.707197010517120361e-01 -1.674627214670181274e-01 1.682463104703755055e-02
2.855289578437805176e-01 -2.911380529403686523e-01 -9.130780696868896484e-01 -2.823931736752487875e+00
0.000000000000000000e+00 0.000000000000000000e+00 0.000000000000000000e+00 1.000000000000000000e+00
2.669018805027008057e-01 -8.499331474304199219e-01 4.542867839336395264e-01 1.299555629345310326e+00
-9.330127239227294922e-01 -3.459392189979553223e-01 -9.906179457902908325e-02 2.420047126596865938e-01
2.413515448570251465e-01 -3.974157273769378662e-01 -8.853307366371154785e-01 -2.705694916703250463e+00
0.000000000000000000e+00 0.000000000000000000e+00 0.000000000000000000e+00 1.000000000000000000e+00
1.759803444147109985e-01 -7.742949128150939941e-01 6.078640222549438477e-01 1.820973060345759231e+00
-9.621363282203674316e-01 -2.658590972423553467e-01 -6.010607257485389709e-02 3.683792183350155791e-01
2.081461101770401001e-01 -5.742703676223754883e-01 -7.917632460594177246e-01 -2.401467453685410813e+00
0.000000000000000000e+00 0.000000000000000000e+00 0.000000000000000000e+00 1.000000000000000000e+00
1.336008459329605103e-01 -6.735891699790954590e-01 7.269310355186462402e-01 2.210999874390816800e+00
-9.732009768486022949e-01 -2.276998013257980347e-01 -3.212908282876014709e-02 4.602745729033511091e-01
1.871637850999832153e-01 -7.031574845314025879e-01 -6.859585642814636230e-01 -2.074418902213237992e+00
0.000000000000000000e+00 0.000000000000000000e+00 0.000000000000000000e+00 1.000000000000000000e+00
1.059537604451179504e-01 -5.712749361991882324e-01 8.138908147811889648e-01 2.483115339939445221e+00
-9.839279651641845703e-01 -1.785438954830169678e-01 2.768434584140777588e-03 5.681095828884009658e-01
1.437337547540664673e-01 -8.011035323143005371e-01 -5.810109376907348633e-01 -1.736268859620421878e+00
0.000000000000000000e+00 0.000000000000000000e+00 0.000000000000000000e+00 1.000000000000000000e+00
7.482532411813735962e-02 -5.064610242843627930e-01 8.590102195739746094e-01 2.639537051001090262e+00
-9.911900758743286133e-01 -1.321793794631958008e-01 8.407735265791416168e-03 5.908711372286877817e-01
1.092851981520652771e-01 -8.520713448524475098e-01 -5.118895173072814941e-01 -1.510067096209764426e+00
0.000000000000000000e+00 0.000000000000000000e+00 0.000000000000000000e+00 1.000000000000000000e+00
1.547430455684661865e-01 -5.112516880035400391e-01 8.453853726387023926e-01 2.533287076440605023e+00
-9.877157211303710938e-01 -9.887441992759704590e-02 1.210008561611175537e-01 9.291757753598341996e-01
2.172506414353847504e-02 -8.537243604660034180e-01 -5.202715396881103516e-01 -1.469353626499470433e+00
0.000000000000000000e+00 0.000000000000000000e+00 0.000000000000000000e+00 1.000000000000000000e+00
2.593338787555694580e-01 -5.791345834732055664e-01 7.728834152221679688e-01 2.247658953659898984e+00
-9.605421423912048340e-01 -7.137011736631393433e-02 2.688221037387847900e-01 1.349615139713563172e+00
-1.005233302712440491e-01 -8.121020793914794922e-01 -5.747917890548706055e-01 -1.537164844995760893e+00
0.000000000000000000e+00 0.000000000000000000e+00 0.000000000000000000e+00 1.000000000000000000e+00
3.188035190105438232e-01 -6.129834651947021484e-01 7.229219079017639160e-01 2.068147112377080266e+00
-9.300298690795898438e-01 -5.522393807768821716e-02 3.633108139038085938e-01 1.606484767171116435e+00
-1.827808618545532227e-01 -7.881638407707214355e-01 -5.876983404159545898e-01 -1.516227876730128710e+00
0.000000000000000000e+00 0.000000000000000000e+00 0.000000000000000000e+00 1.000000000000000000e+00
3.611046373844146729e-01 -6.402247548103332520e-01 6.780234575271606445e-01 1.907605750999497474e+00
-8.909323811531066895e-01 -2.213391475379467010e-02 4.535965621471405029e-01 1.837454088660317009e+00
-2.753963470458984375e-01 -7.678689360618591309e-01 -5.783896446228027344e-01 -1.424114736300789552e+00
0.000000000000000000e+00 0.000000000000000000e+00 0.000000000000000000e+00 1.000000000000000000e+00
4.207537174224853516e-01 -6.412066221237182617e-01 6.417322754859924316e-01 1.753016835235648996e+00
-8.366292715072631836e-01 -7.699950365349650383e-04 5.477690696716308594e-01 2.072097416923458280e+00
-3.507390022277832031e-01 -7.673679590225219727e-01 -5.367761254310607910e-01 -1.234125718766533542e+00
0.000000000000000000e+00 0.000000000000000000e+00 0.000000000000000000e+00 1.000000000000000000e+00
5.189313888549804688e-01 -6.411757469177246094e-01 5.653349757194519043e-01 1.472265680852001601e+00
-7.298714518547058105e-01 1.191870216280221939e-02 6.834804415702819824e-01 2.367194844105977136e+00
-4.449690580368041992e-01 -7.673016190528869629e-01 -4.617909193038940430e-01 -9.205234608906172067e-01
0.000000000000000000e+00 0.000000000000000000e+00 0.000000000000000000e+00 1.000000000000000000e+00
6.284399628639221191e-01 -6.736713647842407227e-01 3.888826370239257812e-01 8.831000837077989107e-01
-5.782617926597595215e-01 -7.022745907306671143e-02 8.128226995468139648e-01 2.661423611306944270e+00
-5.202656984329223633e-01 -7.356862425804138184e-01 -4.336924552917480469e-01 -7.711645101189347207e-01
0.000000000000000000e+00 0.000000000000000000e+00 0.000000000000000000e+00 1.000000000000000000e+00
6.375737190246582031e-01 -7.177574634552001953e-01 2.798649668693542480e-01 5.898807060279610548e-01
-4.956314265727996826e-01 -1.040464937686920166e-01 8.622782826423645020e-01 2.750662695815747405e+00
-5.897875428199768066e-01 -6.884757876396179199e-01 -4.220803976058959961e-01 -6.959397422597634053e-01
0.000000000000000000e+00 0.000000000000000000e+00 0.000000000000000000e+00 1.000000000000000000e+00
6.024330854415893555e-01 -7.738704681396484375e-01 1.954450756311416626e-01 4.058776608506914907e-01
-3.882242143154144287e-01 -7.014917582273483276e-02 9.188911914825439453e-01 2.849232700679111385e+00
-6.973926424980163574e-01 -6.294469833374023438e-01 -3.426954448223114014e-01 -4.444770954799431295e-01
0.000000000000000000e+00 0.000000000000000000e+00 0.000000000000000000e+00 1.000000000000000000e+00
4.251036942005157471e-01 -9.032762050628662109e-01 5.812804773449897766e-02 1.725492052379125618e-01
-2.160536795854568481e-01 -3.889737650752067566e-02 9.756063818931579590e-01 2.920869003249183748e+00
-8.789810538291931152e-01 -4.272925555706024170e-01 -2.116915285587310791e-01 -6.395669549194209214e-02
0.000000000000000000e+00 0.000000000000000000e+00 0.000000000000000000e+00 1.000000000000000000e+00
3.210188448429107666e-01 -9.425620436668395996e-01 -9.232414513826370239e-02 -2.338840344430598295e-01
-2.577544748783111572e-01 -1.807559430599212646e-01 9.491521120071411133e-01 2.932566387390842966e+00
-9.113228917121887207e-01 -2.808986604213714600e-01 -3.009757995605468750e-01 -3.761418664039305471e-01
0.000000000000000000e+00 0.000000000000000000e+00 0.000000000000000000e+00 1.000000000000000000e+00
3.108511269092559814e-01 -9.501780867576599121e-01 2.308407612144947052e-02 1.324220827397925293e-01
-3.759810030460357666e-01 -1.006236299872398376e-01 9.211480021476745605e-01 2.873151203601878922e+00
-8.729315996170043945e-01 -2.950190007686614990e-01 -3.885280489921569824e-01 -6.202013115811326749e-01
0.000000000000000000e+00 0.000000000000000000e+00 0.000000000000000000e+00 1.000000000000000000e+00
2.891775667667388916e-01 -9.568739533424377441e-01 2.771779894828796387e-02 2.023982682614579309e-01
-4.663220047950744629e-01 -1.155222579836845398e-01 8.770395517349243164e-01 2.778359648906044477e+00
-8.360142111778259277e-01 -2.665454745292663574e-01 -4.796178340911865234e-01 -9.173480092061516711e-01
0.000000000000000000e+00 0.000000000000000000e+00 0.000000000000000000e+00 1.000000000000000000e+00
