-0.9998961687088013 -0.00926587637513876 -0.01101116463541985 0.05302316322922707 
-0.008947338908910751 0.999549925327301 -0.02863403223454952 0.0181737020611763 
0.01127152796834707 -0.02853254601359367 -0.9995291233062744 0.3127036988735199 
0 0 0 1 

-0.7238876223564148 -0.3771439492702484 -0.5777105093002319 0.2332582324743271 
-0.6143293976783752 0.73344486951828 0.2909606993198395 -0.06113249436020851 
0.313984751701355 0.5655272603034973 -0.7626222372055054 0.229045957326889 
0 0 0 1 

-0.7516171336174011 -0.3900318741798401 -0.5319271087646484 0.2186848819255829 
-0.6167798638343811 0.7014177441596985 0.3572053015232086 -0.08372144401073456 
0.2337816208600998 0.5965636372566223 -0.7677614688873291 0.2342862635850906 
0 0 0 1 

-0.7811275720596313 -0.3988697528839111 -0.4803571701049805 0.2018731236457825 
-0.6054709553718567 0.6717683076858521 0.4267696738243103 -0.1087929233908653 
0.1524632424116135 0.6242038011550903 -0.7662408947944641 0.2374763637781143 
0 0 0 1 

-0.8443186283111572 -0.4017991423606873 -0.3545184433460236 0.1593816131353378 
-0.535837709903717 0.6355345249176025 0.5558542013168335 -0.1575557589530945 
0.001966951182112098 0.6592825055122375 -0.7518927454948425 0.2375774085521698 
0 0 0 1 

-0.8768337965011597 -0.3902226388454437 -0.2808721661567688 0.1355139464139938 
-0.4753699898719788 0.6161267161369324 0.6280216574668884 -0.1841259151697159 
-0.07201538234949112 0.6841887235641479 -0.7257409691810608 0.2316835820674896 
0 0 0 1 

-0.9099423289299011 -0.3673824667930603 -0.1924452036619186 0.1043149828910828 
-0.3918268978595734 0.6094449758529663 0.689237654209137 -0.2069029808044434 
-0.1359291076660156 0.7025716304779053 -0.6985100507736206 0.2255036681890488 
0 0 0 1 

-0.9543280005455017 -0.2866759300231934 -0.08411581814289093 0.06939070671796799 
-0.2584109604358673 0.650742769241333 0.7139732241630554 -0.2184765487909317 
-0.1499411463737488 0.703100860118866 -0.695102334022522 0.2295337617397308 
0 0 0 1 

-0.9726570844650269 -0.2315407991409302 -0.01808442361652851 0.04996488243341446 
-0.1597265303134918 0.610383152961731 0.7758349180221558 -0.2424741089344025 
-0.1685990244150162 0.7575099468231201 -0.6306767463684082 0.2133405804634094 
0 0 0 1 

-0.9770486950874329 -0.2128850966691971 0.007465449161827564 0.04323380067944527 
-0.1186580136418343 0.5730245113372803 0.8109025359153748 -0.2557916939258575 
-0.1769069731235504 0.7914057970046997 -0.5851336121559143 0.2001622021198273 
0 0 0 1 

