0.9062471985816956 0.4226191341876984 -0.01044288836419582 -0.02693769335746765 
-0.371229350566864 0.8073813319206238 0.4586106836795807 -0.1211454942822456 
0.2022491991519928 -0.4117379188537598 0.8885758519172668 -0.2433511465787888 
0 0 0 1 

0.9164395928382874 0.4001039862632751 -0.007427131291478872 -0.03067774139344692 
-0.3301408588886261 0.7664172649383545 0.5510093569755554 -0.1517466455698013 
0.2261534333229065 -0.5025148391723633 0.8344658613204956 -0.2301739454269409 
0 0 0 1 

0.9097980260848999 0.4147220551967621 0.01652388274669647 -0.03874077275395393 
-0.3321615159511566 0.7036541104316711 0.6281237602233887 -0.1748169660568237 
0.248869776725769 -0.5769542455673218 0.7779378890991211 -0.2165575474500656 
0 0 0 1 

0.9152169227600098 0.4017625451087952 0.03106181882321835 -0.04522411152720451 
-0.2977126240730286 0.6222131848335266 0.724029004573822 -0.2053617388010025 
0.2715606689453125 -0.6718910336494446 0.6890698075294495 -0.1921772211790085 
0 0 0 1 

0.9260324239730835 0.3739858865737915 0.05097545683383942 -0.05281513556838036 
-0.264952689409256 0.5479001402854919 0.7934768795967102 -0.2284461259841919 
0.2688197195529938 -0.7482913136482239 0.6064618825912476 -0.1671874076128006 
0 0 0 1 

0.9313132762908936 0.360899955034256 0.04905897378921509 -0.05410893633961678 
-0.2278834730386734 0.4723168313503265 0.8514609336853027 -0.2481724470853806 
0.2841209173202515 -0.8041566610336304 0.522118091583252 -0.1436343789100647 
0 0 0 1 

0.9431362748146057 0.3285619914531708 0.05040721967816353 -0.057682815939188 
-0.18936388194561 0.4064377248287201 0.8938397765159607 -0.2625451982021332 
0.2731943726539612 -0.8525580763816833 0.4455439448356628 -0.1221599280834198 
0 0 0 1 

0.8692764639854431 0.4861383140087128 0.08959905058145523 -0.08460652083158493 
-0.2830780446529388 0.3409572243690491 0.8964457511901855 -0.28182652592659 
0.4052472114562988 -0.8046227097511292 0.4340011775493622 -0.1477594971656799 
0 0 0 1 

0.8234000205993652 0.5624275207519531 0.07541638612747192 -0.07709670066833496 
-0.3537595868110657 0.4048450589179993 0.8431811928749084 -0.2605285346508026 
0.4436964392662048 -0.7209546566009521 0.5323135852813721 -0.1838339418172836 
0 0 0 1 

0.7997857928276062 0.596232533454895 0.06963600963354111 -0.07404202967882156 
-0.4340833425521851 0.4943170249462128 0.7531423568725586 -0.2266497164964676 
0.4146254658699036 -0.6325802206993103 0.6541620492935181 -0.2227807641029358 
0 0 0 1 

