0.171723797917366 0.7582051753997803 -0.6289957761764526 0.1980165839195251 
0.1394838243722916 0.6133353114128113 0.7774084806442261 -0.2339878380298615 
0.9752205014228821 -0.2212342619895935 -0.0004330990195740014 0.04107953980565071 
0 0 0 1 

0.2423762083053589 0.7930704951286316 -0.558831512928009 0.1745891571044922 
0.1260471493005753 0.5453836917877197 0.8286547064781189 -0.2454345673322678 
0.9619592428207397 -0.2712852358818054 0.03222384676337242 0.02067206986248493 
0 0 0 1 

0.3762104511260986 0.7759199738502502 -0.506373405456543 0.1564060896635056 
0.1089262291789055 0.5056954026222229 0.8558079600334167 -0.2488440722227097 
0.9201091527938843 -0.377121239900589 0.1057298704981804 -0.008236965164542198 
0 0 0 1 

0.4407747387886047 0.6584137082099915 -0.6100893616676331 0.1746000796556473 
0.2681279182434082 0.5520673990249634 0.7895118594169617 -0.2929667830467224 
0.8566359281539917 -0.5115789175033569 0.06679827719926834 -0.04098144546151161 
0 0 0 1 

0.3539833128452301 0.6818243265151978 -0.6401650905609131 0.1917136758565903 
0.3368799686431885 0.5455825924873352 0.7673665285110474 -0.2882413566112518 
0.8724721670150757 -0.4872937202453613 -0.03656589984893799 -0.002591318218037486 
0 0 0 1 

0.3003211319446564 0.6938057541847229 -0.6545537710189819 0.2019116878509521 
0.3893609941005707 0.5372827053070068 0.7481478452682495 -0.2829911410808563 
0.8707497119903564 -0.4795422554016113 -0.1087835505604744 0.0271549504250288 
0 0 0 1 

0.6485959887504578 0.5341396331787109 -0.5422343015670776 0.1633744984865189 
0.3089334666728973 0.4663379490375519 0.8289082050323486 -0.2681801319122314 
0.6956171989440918 -0.7051408886909485 0.1374513357877731 -0.001095630577765405 
0 0 0 1 

0.7578766942024231 0.5105935335159302 -0.4060999155044556 0.1167302802205086 
0.2482743561267853 0.349911093711853 0.9032840132713318 -0.2901336848735809 
0.6033098101615906 -0.7854020595550537 0.1384221911430359 -0.004672861192375422 
0 0 0 1 

0.8038463592529297 0.5296701788902283 -0.2707035839557648 0.07708866149187088 
0.1750767379999161 0.2242563962936401 0.9586746692657471 -0.306720495223999 
0.5684884190559387 -0.8180210590362549 0.08753471821546555 0.009233430959284306 
0 0 0 1 

0.8139912486076355 0.5263652801513672 -0.2456780523061752 0.07051937282085419 
0.1648128181695938 0.1962811797857285 0.9665971994400024 -0.3091326951980591 
0.5570052862167358 -0.8272925019264221 0.07301932573318481 0.01337208226323128 
0 0 0 1 

