1.000000000000000000e+00 0.000000000000000000e+00 0.000000000000000000e+00 -4.097584310382009209e-01
0.000000000000000000e+00 -1.000000000000000000e+00 0.000000000000000000e+00 -1.932597221741734483e-02
0.000000000000000000e+00 0.000000000000000000e+00 -1.000000000000000000e+00 -2.664692399556274349e+00
0.000000000000000000e+00 0.000000000000000000e+00 0.000000000000000000e+00 1.000000000000000000e+00
9.964777827262878418e-01 -8.112914860248565674e-02 -2.121610939502716064e-02 -4.527973184198826329e-01
-8.076649904251098633e-02 -9.965807199478149414e-01 1.742631569504737854e-02 6.479003966273717829e-02
-2.255734615027904510e-02 -1.565138623118400574e-02 -9.996230006217956543e-01 -2.716651953090620797e+00
0.000000000000000000e+00 0.000000000000000000e+00 0.000000000000000000e+00 1.000000000000000000e+00
9.849429726600646973e-01 -1.679771095514297485e-01 -4.087600111961364746e-02 -4.909087058418882266e-01
-1.658252924680709839e-01 -9.848179817199707031e-01 5.133609473705291748e-02 2.101091385963776981e-01
-4.887875542044639587e-02 -4.378480464220046997e-02 -9.978445172309875488e-01 -2.707538197731447216e+00
0.000000000000000000e+00 0.000000000000000000e+00 0.000000000000000000e+00 1.000000000000000000e+00
9.658498764038085938e-01 -2.550671696662902832e-01 -4.554761946201324463e-02 -4.838280439266704480e-01
-2.513456344604492188e-01 -9.650365710258483887e-01 7.436170428991317749e-02 3.179835907942970552e-01
-6.292238086462020874e-02 -6.037401780486106873e-02 -9.961906075477600098e-01 -2.703455109501772480e+00
0.000000000000000000e+00 0.000000000000000000e+00 0.000000000000000000e+00 1.000000000000000000e+00
9.365891218185424805e-01 -3.455878496170043945e-01 -5.804913118481636047e-02 -4.927011103821247739e-01
-3.368922472000122070e-01 -9.335662126541137695e-01 1.223013922572135925e-01 4.980286521634725294e-01
-9.645862132310867310e-02 -9.498982876539230347e-02 -9.907939434051513672e-01 -2.677672354090008255e+00
0.000000000000000000e+00 0.000000000000000000e+00 0.000000000000000000e+00 1.000000000000000000e+00
8.897405862808227539e-01 -4.547945857048034668e-01 -3.902950510382652283e-02 -4.085944114862070098e-01
-4.460892677307128906e-01 -8.844575285911560059e-01 1.368903070688247681e-01 5.803752660237088135e-01
-9.677698463201522827e-02 -1.043861806392669678e-01 -9.898170232772827148e-01 -2.685278371793782703e+00
0.000000000000000000e+00 0.000000000000000000e+00 0.000000000000000000e+00 1.000000000000000000e+00
8.431935310363769531e-01 -5.370414257049560547e-01 -2.471741288900375366e-02 -3.403080238386361200e-01
-5.264542102813720703e-01 -8.341411352157592773e-01 1.644819229841232300e-01 6.940672117952646492e-01
-1.089514866471290588e-01 -1.256774812936782837e-01 -9.860703349113464355e-01 -2.674764495485946192e+00
0.000000000000000000e+00 0.000000000000000000e+00 0.000000000000000000e+00 1.000000000000000000e+00
7.897027730941772461e-01 -6.134583353996276855e-01 -6.212043110281229019e-03 -2.583226675354511337e-01
-6.038330197334289551e-01 -7.790216803550720215e-01 1.688498854637145996e-01 7.404008950297795710e-01
-1.084216833114624023e-01 -1.295901089906692505e-01 -9.856224060058593750e-01 -2.682161902342816706e+00
0.000000000000000000e+00 0.000000000000000000e+00 0.000000000000000000e+00 1.000000000000000000e+00
7.180693745613098145e-01 -6.957435607910156250e-01 1.780558004975318909e-02 -1.401384830934184478e-01
-6.888136863708496094e-01 -7.067918181419372559e-01 1.611862033605575562e-01 7.470925156516398102e-01
-9.955949336290359497e-02 -1.280075907707214355e-01 -9.867632985115051270e-01 -2.694090248493548057e+00
0.000000000000000000e+00 0.000000000000000000e+00 0.000000000000000000e+00 1.000000000000000000e+00
6.425120830535888672e-01 -7.660245299339294434e-01 1.959054358303546906e-02 -9.033598054784612585e-02
-7.606669664382934570e-01 -6.345138549804687500e-01 1.370301842689514160e-01 7.003401620368806535e-01
-9.253807365894317627e-02 -1.029454618692398071e-01 -9.903732538223266602e-01 -2.720014285325437431e+00
0.000000000000000000e+00 0.000000000000000000e+00 0.000000000000000000e+00 1.000000000000000000e+00
5.454146265983581543e-01 -8.374271988868713379e-01 3.519314527511596680e-02 1.100172343313027615e-02
-8.359301686286926270e-01 -5.404145717620849609e-01 9.577590972185134888e-02 5.970893823110463572e-01
-6.118648871779441833e-02 -8.165654540061950684e-02 -9.947803616523742676e-01 -2.766358730230626062e+00
0.000000000000000000e+00 0.000000000000000000e+00 0.000000000000000000e+00 1.000000000000000000e+00
4.563476443290710449e-01 -8.868295550346374512e-01 7.266589254140853882e-02 1.785939011343921357e-01
-8.896325230598449707e-01 -4.531458020210266113e-01 5.667869001626968384e-02 4.893858233738717090e-01
-1.733609102666378021e-02 -9.051110595464706421e-02 -9.957445859909057617e-01 -2.805789491578708716e+00
0.000000000000000000e+00 0.000000000000000000e+00 0.000000000000000000e+00 1.000000000000000000e+00
3.509103953838348389e-01 -9.310532808303833008e-01 1.000102534890174866e-01 2.963233532516637014e-01
-9.361936450004577637e-01 -3.511121273040771484e-01 1.615996286273002625e-02 3.498130599157919796e-01
2.006901241838932037e-02 -9.929969161748886108e-02 -9.948552250862121582e-01 -2.818794004796800312e+00
0.000000000000000000e+00 0.000000000000000000e+00 0.000000000000000000e+00 1.000000000000000000e+00
2.694268226623535156e-01 -9.569091200828552246e-01 1.083215624094009399e-01 3.474249912288651099e-01
-9.601095318794250488e-01 -2.756474912166595459e-01 -4.699271172285079956e-02 1.269778195828578649e-01
7.482632249593734741e-02 -9.133944660425186157e-02 -9.930045008659362793e-01 -2.817652715824850773e+00
0.000000000000000000e+00 0.000000000000000000e+00 0.000000000000000000e+00 1.000000000000000000e+00
1.917351782321929932e-01 -9.706217050552368164e-01 1.453657895326614380e-01 4.679128975382672584e-01
-9.727197885513305664e-01 -2.076421827077865601e-01 -1.034450381994247437e-01 -6.667515015161668002e-02
1.305900514125823975e-01 -1.215660944581031799e-01 -9.839552044868469238e-01 -2.800441217194201471e+00
0.000000000000000000e+00 0.000000000000000000e+00 0.000000000000000000e+00 1.000000000000000000e+00
1.124565526843070984e-01 -9.829493165016174316e-01 1.454786956310272217e-01 4.853090002120101776e-01
-9.709737300872802734e-01 -1.398092061281204224e-01 -1.940698921680450439e-01 -3.547461031901616990e-01
2.111001312732696533e-01 -1.194315478205680847e-01 -9.701405167579650879e-01 -2.773713090404802184e+00
0.000000000000000000e+00 0.000000000000000000e+00 0.000000000000000000e+00 1.000000000000000000e+00
1.923702657222747803e-01 -9.723158478736877441e-01 1.326475441455841064e-01 4.375697807009611418e-01
-9.538541436195373535e-01 -2.170272767543792725e-01 -2.075118571519851685e-01 -3.878877028055494058e-01
2.305552363395690918e-01 -8.660735189914703369e-02 -9.691972136497497559e-01 -2.752626838451108338e+00
0.000000000000000000e+00 0.000000000000000000e+00 0.000000000000000000e+00 1.000000000000000000e+00
2.748444676399230957e-01 -9.510367512702941895e-01 1.413846462965011597e-01 4.407394031471452145e-01
-9.379024505615234375e-01 -2.975583970546722412e-01 -1.783202141523361206e-01 -2.824205190626988271e-01
2.116592526435852051e-01 -8.359466493129730225e-02 -9.737619161605834961e-01 -2.740877025657449284e+00
0.000000000000000000e+00 0.000000000000000000e+00 0.000000000000000000e+00 1.000000000000000000e+00
3.295001685619354248e-01 -9.342561364173889160e-01 1.363624185323715210e-01 4.108194062269964753e-01
-9.330190420150756836e-01 -3.443170189857482910e-01 -1.045031696557998657e-01 -4.126931406321867474e-02
1.445846408605575562e-01 -9.279499948024749756e-02 -9.851315021514892578e-01 -2.741365164001592802e+00
0.000000000000000000e+00 0.000000000000000000e+00 0.000000000000000000e+00 1.000000000000000000e+00
3.605382144451141357e-01 -9.169104695320129395e-01 1.711350232362747192e-01 4.973277168023724770e-01
-9.298019409179687500e-01 -3.678612709045410156e-01 -1.207619253545999527e-02 2.566957900767906642e-01
7.402673363685607910e-02 -1.547678112983703613e-01 -9.851736426353454590e-01 -2.704278239338166134e+00
0.000000000000000000e+00 0.000000000000000000e+00 0.000000000000000000e+00 1.000000000000000000e+00
4.015883207321166992e-01 -8.962156176567077637e-01 1.884779781103134155e-01 5.275316562641401141e-01
-9.156616926193237305e-01 -3.967512249946594238e-01 6.443300098180770874e-02 4.983982396675355475e-01
1.703300327062606812e-02 -1.984576135873794556e-01 -9.799614548683166504e-01 -2.655298564819313256e+00
0.000000000000000000e+00 0.000000000000000000e+00 0.000000000000000000e+00 1.000000000000000000e+00
4.558284580707550049e-01 -8.635957837104797363e-01 2.154588848352432251e-01 5.737010515582114945e-01
-8.888920545578002930e-01 -4.292509555816650391e-01 1.600445061922073364e-01 7.685522527657626668e-01
-4.572783783078193665e-02 -2.644724845886230469e-01 -9.633081555366516113e-01 -2.561322689572483213e+00
0.000000000000000000e+00 0.000000000000000000e+00 0.000000000000000000e+00 1.000000000000000000e+00
5.319111347198486328e-01 -8.228691220283508301e-01 1.998922228813171387e-01 4.744370569065366472e-01
-8.417810201644897461e-01 -4.881520271301269531e-01 2.304615825414657593e-01 9.457006656044941728e-01
-9.206199645996093750e-02 -2.908506393432617188e-01 -9.523289799690246582e-01 -2.494413243890586163e+00
0.000000000000000000e+00 0.000000000000000000e+00 0.000000000000000000e+00 1.000000000000000000e+00
5.931989550590515137e-01 -7.801730632781982422e-01 1.986078172922134399e-01 4.336526360533721758e-01
-7.955678105354309082e-01 -5.303260684013366699e-01 2.929600179195404053e-01 1.089751698256695489e+00
-1.232327520847320557e-01 -3.317895829677581787e-01 -9.352693557739257812e-01 -2.414151600245757923e+00
0.000000000000000000e+00 0.000000000000000000e+00 0.000000000000000000e+00 1.000000000000000000e+00
6.704058647155761719e-01 -7.229768633842468262e-01 1.669143736362457275e-01 2.911963657203825440e-01
-7.225531935691833496e-01 -5.849507451057434082e-01 3.684407770633697510e-01 1.234765348553636954e+00
-1.687376052141189575e-01 -3.676095306873321533e-01 -9.145439267158508301e-01 -2.316994271613509238e+00
0.000000000000000000e+00 0.000000000000000000e+00 0.000000000000000000e+00 1.000000000000000000e+00
7.353465557098388672e-01 -6.601933836936950684e-01 1.530033499002456665e-01 2.197018619584489019e-01
-6.476013660430908203e-01 -6.180256605148315430e-01 4.457089304924011230e-01 1.380757759001328910e+00
-1.996942013502120972e-01 -4.268356859683990479e-01 -8.820053935050964355e-01 -2.181813752969230524e+00
0.000000000000000000e+00 0.000000000000000000e+00 0.000000000000000000e+00 1.000000000000000000e+00
7.567839622497558594e-01 -6.392617225646972656e-01 1.364637762308120728e-01 1.540120636630933626e-01
-6.012910604476928711e-01 -5.989284515380859375e-01 5.288983583450317383e-01 1.554259207212940641e+00
-2.563725113868713379e-01 -4.823162555694580078e-01 -8.376418948173522949e-01 -1.991940906290194713e+00
0.000000000000000000e+00 0.000000000000000000e+00 0.000000000000000000e+00 1.000000000000000000e+00
7.891314625740051270e-01 -5.987054705619812012e-01 1.371976584196090698e-01 1.290528002593323287e-01
-5.344761610031127930e-01 -5.592579245567321777e-01 6.336920857429504395e-01 1.804261922989776945e+00
-3.026661276817321777e-01 -5.733951926231384277e-01 -7.613218426704406738e-01 -1.731071248625345227e+00
0.000000000000000000e+00 0.000000000000000000e+00 0.000000000000000000e+00 1.000000000000000000e+00
8.083640933036804199e-01 -5.732249617576599121e-01 1.340167373418807983e-01 1.078730131759935013e-01
-4.840289652347564697e-01 -5.176304578781127930e-01 7.055314183235168457e-01 1.979593683036722229e+00
-3.350570797920227051e-01 -6.351942420005798340e-01 -6.958914995193481445e-01 -1.513582575296474886e+00
0.000000000000000000e+00 0.000000000000000000e+00 0.000000000000000000e+00 1.000000000000000000e+00
8.392348885536193848e-01 -5.272487998008728027e-01 1.330159306526184082e-01 7.661587005151597463e-02
-4.182062745094299316e-01 -4.694907367229461670e-01 7.776129245758056641e-01 2.151870232373458869e+00
-3.475457429885864258e-01 -7.082280516624450684e-01 -6.145118474960327148e-01 -1.301334559645375588e+00
0.000000000000000000e+00 0.000000000000000000e+00 0.000000000000000000e+00 1.000000000000000000e+00
8.707739114761352539e-01 -4.835389554500579834e-01 8.912286907434463501e-02 -5.882023827126066362e-02
-3.255343437194824219e-01 -4.311302602291107178e-01 8.415187597274780273e-01 2.294441535308039626e+00
-3.684836626052856445e-01 -7.617852091789245605e-01 -5.328256487846374512e-01 -1.097235957081999391e+00
0.000000000000000000e+00 0.000000000000000000e+00 0.000000000000000000e+00 1.000000000000000000e+00
8.899484872817993164e-01 -4.522112011909484863e-01 5.913262069225311279e-02 -1.413067969659215217e-01
-2.239564955234527588e-01 -3.203860223293304443e-01 9.204325675964355469e-01 2.433112836384534461e+00
-3.972846865653991699e-01 -8.323807120323181152e-01 -3.864026963710784912e-01 -7.281354186169687326e-01
0.000000000000000000e+00 0.000000000000000000e+00 0.000000000000000000e+00 1.000000000000000000e+00
8.744445443153381348e-01 -4.849096834659576416e-01 1.446502562612295151e-02 -2.927809334129802266e-01
-8.066152036190032959e-02 -1.159267649054527283e-01 9.899770021438598633e-01 2.592446821094620990e+00
-4.783726930618286133e-01 -8.668468594551086426e-01 -1.404851078987121582e-01 -9.087591523243282454e-02
0.000000000000000000e+00 0.000000000000000000e+00 0.000000000000000000e+00 1.000000000000000000e+00
8.722807168960571289e-01 -4.880388081073760986e-01 3.072580322623252869e-02 -2.287968512962572643e-01
-8.614215999841690063e-02 -9.150493144989013672e-02 9.920716881752014160e-01 2.593800308137031774e+00
-4.813579916954040527e-01 -8.680118918418884277e-01 -1.218586936593055725e-01 -1.074144300281058700e-01
0.000000000000000000e+00 0.000000000000000000e+00 0.000000000000000000e+00 1.000000000000000000e+00
8.366639614105224609e-01 -5.473260283470153809e-01 2.068265900015830994e-02 -2.195453844942491795e-01
-9.727942198514938354e-02 -1.113319173455238342e-01 9.890103936195373535e-01 2.589147127301929974e+00
-5.390085577964782715e-01 -8.294811844825744629e-01 -1.463909745216369629e-01 -1.506110690149982390e-01
0.000000000000000000e+00 0.000000000000000000e+00 0.000000000000000000e+00 1.000000000000000000e+00
8.116865158081054688e-01 -5.816652774810791016e-01 5.320268124341964722e-02 -1.312333558274156597e-01
-2.386724352836608887e-01 -2.471583038568496704e-01 9.391210079193115234e-01 2.512473810976064037e+00
-5.331045985221862793e-01 -7.749697566032409668e-01 -3.394425213336944580e-01 -5.601354261342921248e-01
0.000000000000000000e+00 0.000000000000000000e+00 0.000000000000000000e+00 1.000000000000000000e+00
8.237572312355041504e-01 -5.598399043083190918e-01 8.946065604686737061e-02 -4.574629589337046026e-02
-3.080539107322692871e-01 -3.095203936100006104e-01 8.996107578277587891e-01 2.437024841644526152e+00
-4.759482145309448242e-01 -7.686195373535156250e-01 -4.274305999279022217e-01 -7.954088985049209137e-01
0.000000000000000000e+00 0.000000000000000000e+00 0.000000000000000000e+00 1.000000000000000000e+00
8.129321336746215820e-01 -5.727221965789794922e-01 1.055011302232742310e-01 -4.695340449446315338e-03
-3.686083853244781494e-01 -3.657847046852111816e-01 8.545930981636047363e-01 2.348805080506704890e+00
-4.508538842201232910e-01 -7.336149215698242188e-01 -5.084684491157531738e-01 -1.009724258686446774e+00
0.000000000000000000e+00 0.000000000000000000e+00 0.000000000000000000e+00 1.000000000000000000e+00
8.313688039779663086e-01 -5.499696731567382812e-01 7.974341511726379395e-02 -1.180055810585144416e-01
-4.535600244998931885e-01 -5.885977745056152344e-01 6.692053079605102539e-01 1.981464282152013423e+00
-3.211059272289276123e-01 -5.925248265266418457e-01 -7.387863397598266602e-01 -1.667211908758593708e+00
0.000000000000000000e+00 0.000000000000000000e+00 0.000000000000000000e+00 1.000000000000000000e+00
8.329408168792724609e-01 -5.499064326286315918e-01 6.174444779753684998e-02 -1.791916719157683191e-01
-4.687578976154327393e-01 -6.418896317481994629e-01 6.068305373191833496e-01 1.813162238547257443e+00
-2.940671145915985107e-01 -5.343971252441406250e-01 -7.924292087554931641e-01 -1.822913967586475836e+00
0.000000000000000000e+00 0.000000000000000000e+00 0.000000000000000000e+00 1.000000000000000000e+00
8.557804226875305176e-01 -5.142862200736999512e-01 5.612009018659591675e-02 -1.966589326875870236e-01
-4.616343379020690918e-01 -7.101609110832214355e-01 5.315684676170349121e-01 1.603598845818811736e+00
-2.335241436958312988e-01 -4.808128178119659424e-01 -8.451540470123291016e-01 -1.982651928857233070e+00
0.000000000000000000e+00 0.000000000000000000e+00 0.000000000000000000e+00 1.000000000000000000e+00
8.690966963768005371e-01 -4.943912923336029053e-01 1.574713364243507385e-02 -2.889033861946646575e-01
-4.605846703052520752e-01 -7.972384691238403320e-01 3.902207612991333008e-01 1.225012515520615519e+00
-1.803676933050155640e-01 -3.463923931121826172e-01 -9.205865859985351562e-01 -2.194354548557399642e+00
0.000000000000000000e+00 0.000000000000000000e+00 0.000000000000000000e+00 1.000000000000000000e+00
8.764900565147399902e-01 -4.811807274818420410e-01 1.517217233777046204e-02 -2.741994085697659900e-01
-4.685483574867248535e-01 -8.453931808471679688e-01 2.564619481563568115e-01 8.817637175357695423e-01
-1.105781272053718567e-01 -2.318952530622482300e-01 -9.664352536201477051e-01 -2.339869582331621345e+00
0.000000000000000000e+00 0.000000000000000000e+00 0.000000000000000000e+00 1.000000000000000000e+00
8.771420717239379883e-01 -4.801476299762725830e-01 8.913629688322544098e-03 -2.546430729709682761e-01
-4.799934327602386475e-01 -8.759747743606567383e-01 4.768854379653930664e-02 3.373205883680516770e-01
-1.508944667875766754e-02 -4.610813409090042114e-02 -9.988224506378173828e-01 -2.463381552592840418e+00
0.000000000000000000e+00 0.000000000000000000e+00 0.000000000000000000e+00 1.000000000000000000e+00
8.876942992210388184e-01 -4.603185057640075684e-01 1.028585713356733322e-02 -2.373630204285757661e-01
-4.594081342220306396e-01 -8.869866728782653809e-01 -4.689194262027740479e-02 7.369552047721562860e-02
3.070865198969841003e-02 3.690028563141822815e-02 -9.988471865653991699e-01 -2.488181132809474949e+00
0.000000000000000000e+00 0.000000000000000000e+00 0.000000000000000000e+00 1.000000000000000000e+00
8.939519524574279785e-01 -4.481388032436370850e-01 4.610480275005102158e-03 -2.464432835370312103e-01
-4.425440430641174316e-01 -8.843219280242919922e-01 -1.487587243318557739e-01 -2.156377472126889960e-01
7.074175775051116943e-02 1.309428066015243530e-01 -9.888628125190734863e-01 -2.479582557941265808e+00
0.000000000000000000e+00 0.000000000000000000e+00 0.000000000000000000e+00 1.000000000000000000e+00
8.980290293693542480e-01 -4.398984313011169434e-01 5.728310905396938324e-03 -2.409698357458749940e-01
-4.236391782760620117e-01 -8.682010769844055176e-01 -2.583734393119812012e-01 -5.351912434636421079e-01
1.186314597725868225e-01 2.296002060174942017e-01 -9.660282731056213379e-01 -2.435153414475704992e+00
0.000000000000000000e+00 0.000000000000000000e+00 0.000000000000000000e+00 1.000000000000000000e+00
9.010358452796936035e-01 -4.336417913436889648e-01 9.410426951944828033e-03 -2.295625855557252015e-01
-3.995403349399566650e-01 -8.382326364517211914e-01 -3.711239993572235107e-01 -8.812582194636038313e-01
1.688231527805328369e-01 3.306362032890319824e-01 -9.285355806350708008e-01 -2.346124872395721983e+00
0.000000000000000000e+00 0.000000000000000000e+00 0.000000000000000000e+00 1.000000000000000000e+00
9.059365391731262207e-01 -4.234075248241424561e-01 2.132040215656161308e-03 -2.592355124533258226e-01
-3.753608763217926025e-01 -8.054440617561340332e-01 -4.586545825004577637e-01 -1.148885240520518325e+00
1.959152221679687500e-01 4.147116541862487793e-01 -8.886118531227111816e-01 -2.254422193123484686e+00
0.000000000000000000e+00 0.000000000000000000e+00 0.000000000000000000e+00 1.000000000000000000e+00
9.152556657791137695e-01 -4.028585553169250488e-01 3.484035609290003777e-03 -2.830093709338826202e-01
-3.345244228839874268e-01 -7.647693157196044922e-01 -5.506556630134582520e-01 -1.432427806712734286e+00
2.245008498430252075e-01 5.028247833251953125e-01 -8.347253203392028809e-01 -2.133300693453174190e+00
0.000000000000000000e+00 0.000000000000000000e+00 0.000000000000000000e+00 1.000000000000000000e+00
9.104799032211303711e-01 -4.129549562931060791e-01 -2.222917973995208740e-02 -3.620173489303045167e-01
-3.341874182224273682e-01 -7.030218839645385742e-01 -6.277570724487304688e-01 -1.649371911911492905e+00
2.436080276966094971e-01 5.789889097213745117e-01 -7.780919075012207031e-01 -2.005668658965607420e+00
0.000000000000000000e+00 0.000000000000000000e+00 0.000000000000000000e+00 1.000000000000000000e+00
9.174219965934753418e-01 -3.957889974117279053e-01 -4.109210148453712463e-02 -4.330348209441101659e-01
-2.998128235340118408e-01 -6.196431517601013184e-01 -7.253651022911071777e-01 -1.933476016560651933e+00
2.616293728351593018e-01 6.777857542037963867e-01 -6.871366500854492188e-01 -1.772552522147159859e+00
0.000000000000000000e+00 0.000000000000000000e+00 0.000000000000000000e+00 1.000000000000000000e+00
9.257965087890625000e-01 -3.739495277404785156e-01 -5.533434078097343445e-02 -4.878296952830745714e-01
-2.678611576557159424e-01 -5.456535220146179199e-01 -7.940483093261718750e-01 -2.145643319681699079e+00
2.667406499385833740e-01 7.499492168426513672e-01 -6.053308248519897461e-01 -1.545293631548025903e+00
0.000000000000000000e+00 0.000000000000000000e+00 0.000000000000000000e+00 1.000000000000000000e+00
9.359323382377624512e-01 -3.478437662124633789e-01 -5.509071424603462219e-02 -5.071054686086059471e-01
-2.258765250444412231e-01 -4.728708267211914062e-01 -8.516879081726074219e-01 -2.329985081544913239e+00
2.702036798000335693e-01 8.095664381980895996e-01 -5.211450457572937012e-01 -1.323060579123601865e+00
0.000000000000000000e+00 0.000000000000000000e+00 0.000000000000000000e+00 1.000000000000000000e+00
9.447311162948608398e-01 -3.232928216457366943e-01 -5.445237085223197937e-02 -5.321592243098360875e-01
-1.905135810375213623e-01 -4.061940908432006836e-01 -8.937062025070190430e-01 -2.460625830806573155e+00
2.668105959892272949e-01 8.546858429908752441e-01 -4.453359246253967285e-01 -1.128301658018476372e+00
0.000000000000000000e+00 0.000000000000000000e+00 0.000000000000000000e+00 1.000000000000000000e+00
9.576841592788696289e-01 -2.841293215751647949e-01 -4.595440998673439026e-02 -5.377164544665890000e-01
-1.460479944944381714e-01 -3.421384692192077637e-01 -9.282298684120178223e-01 -2.585697415494643714e+00
2.480145692825317383e-01 8.956626653671264648e-01 -3.691572546958923340e-01 -9.108518922681951846e-01
0.000000000000000000e+00 0.000000000000000000e+00 0.000000000000000000e+00 1.000000000000000000e+00
9.644005298614501953e-01 -2.531155645847320557e-01 -7.657487690448760986e-02 -6.438872341685276668e-01
-1.431321948766708374e-01 -2.561374306678771973e-01 -9.559845328330993652e-01 -2.704121047109163900e+00
2.223609238862991333e-01 9.329127669334411621e-01 -2.832481265068054199e-01 -6.269188016036506550e-01
0.000000000000000000e+00 0.000000000000000000e+00 0.000000000000000000e+00 1.000000000000000000e+00
9.733439683914184570e-01 -2.192926555871963501e-01 -6.716932356357574463e-02 -6.454189786277372276e-01
-1.017739102244377136e-01 -1.505288779735565186e-01 -9.833529591560363770e-01 -2.817499110819406294e+00
2.055311799049377441e-01 9.639773964881896973e-01 -1.688346266746520996e-01 -2.641882753715036891e-01
0.000000000000000000e+00 0.000000000000000000e+00 0.000000000000000000e+00 1.000000000000000000e+00
9.954690337181091309e-01 -9.331385046243667603e-02 -1.827825233340263367e-02 -5.305039965781537248e-01
-3.019915148615837097e-02 -1.279851794242858887e-01 -9.913161993026733398e-01 -2.859905612078877279e+00
9.016416221857070923e-02 9.873763918876647949e-01 -1.302232891321182251e-01 -1.384198638841839801e-01
0.000000000000000000e+00 0.000000000000000000e+00 0.000000000000000000e+00 1.000000000000000000e+00
9.957162737846374512e-01 -9.234504401683807373e-02 4.670078400522470474e-03 -4.802577217105656882e-01
-1.797143369913101196e-02 -2.428282052278518677e-01 -9.699026942253112793e-01 -2.817505181505427281e+00
9.069973230361938477e-02 9.656636118888854980e-01 -2.434474974870681763e-01 -4.821518419113809961e-01
0.000000000000000000e+00 0.000000000000000000e+00 0.000000000000000000e+00 1.000000000000000000e+00
9.979692697525024414e-01 -3.068776428699493408e-02 5.581907182931900024e-02 -3.236993167358451773e-01
4.471111670136451721e-02 -2.866802811622619629e-01 -9.569821953773498535e-01 -2.884433115185661034e+00
4.536985605955123901e-02 9.575344920158386230e-01 -2.847258746623992920e-01 -5.851330279898279141e-01
0.000000000000000000e+00 0.000000000000000000e+00 0.000000000000000000e+00 1.000000000000000000e+00
9.893160462379455566e-01 4.884453490376472473e-02 1.373592913150787354e-01 -3.265228317213664938e-02
1.455213576555252075e-01 -2.741845548152923584e-01 -9.506033658981323242e-01 -2.977505286036182586e+00
-8.769989944994449615e-03 9.604355692863464355e-01 -2.783630788326263428e-01 -5.401086123688664253e-01
0.000000000000000000e+00 0.000000000000000000e+00 0.000000000000000000e+00 1.000000000000000000e+00
9.686328768730163574e-01 5.980207026004791260e-02 2.411918640136718750e-01 2.858977605851381609e-01
2.484466582536697388e-01 -2.522534728050231934e-01 -9.352232813835144043e-01 -3.020891927147772105e+00
4.913188982754945755e-03 9.658115506172180176e-01 -2.591986656188964844e-01 -4.752995550651693546e-01
0.000000000000000000e+00 0.000000000000000000e+00 0.000000000000000000e+00 1.000000000000000000e+00
9.734904170036315918e-01 2.424708381295204163e-02 2.274382412433624268e-01 2.312007760582624749e-01
2.244177609682083130e-01 -2.933646440505981445e-01 -9.292867779731750488e-01 -3.002739472183866720e+00
4.418983682990074158e-02 9.556930661201477051e-01 -2.910291552543640137e-01 -5.997389605862338824e-01
0.000000000000000000e+00 0.000000000000000000e+00 0.000000000000000000e+00 1.000000000000000000e+00
9.826627969741821289e-01 -3.786318376660346985e-02 1.814957112073898315e-01 6.104034800689259882e-02
1.595971584320068359e-01 -3.254498541355133057e-01 -9.319931864738464355e-01 -2.981456198874763430e+00
9.435593336820602417e-02 9.448007345199584961e-01 -3.137644231319427490e-01 -7.182906284877427217e-01
0.000000000000000000e+00 0.000000000000000000e+00 0.000000000000000000e+00 1.000000000000000000e+00
9.852015376091003418e-01 -1.300175637006759644e-01 1.116857528686523438e-01 -1.799899498812636556e-01
5.595672875642776489e-02 -3.719235956668853760e-01 -9.265752434730529785e-01 -2.914236044444700191e+00
1.620095968246459961e-01 9.191125035285949707e-01 -3.591442406177520752e-01 -9.307100030487985842e-01
0.000000000000000000e+00 0.000000000000000000e+00 0.000000000000000000e+00 1.000000000000000000e+00
9.774367213249206543e-01 -2.106126546859741211e-01 1.611324585974216461e-02 -4.847833146616237765e-01
-5.035804584622383118e-02 -3.064318597316741943e-01 -9.505596160888671875e-01 -2.930174906533127732e+00
2.051375508308410645e-01 9.283004999160766602e-01 -3.101237118244171143e-01 -8.207477350013988593e-01
0.000000000000000000e+00 0.000000000000000000e+00 0.000000000000000000e+00 1.000000000000000000e+00
9.158915877342224121e-01 -3.891620635986328125e-01 -9.846428036689758301e-02 -8.115488203980673054e-01
-2.335541546344757080e-01 -3.171007633209228516e-01 -9.191837906837463379e-01 -2.742144237121193928e+00
3.264885544776916504e-01 8.648697137832641602e-01 -3.813204765319824219e-01 -1.132696558757411820e+00
0.000000000000000000e+00 0.000000000000000000e+00 0.000000000000000000e+00 1.000000000000000000e+00
8.736249208450317383e-01 -4.769620597362518311e-01 -9.636830538511276245e-02 -7.924059468068480605e-01
-2.838073968887329102e-01 -3.385750949382781982e-01 -8.971177339553833008e-01 -2.640814829521008100e+00
3.952633440494537354e-01 8.110943436622619629e-01 -4.311530292034149170e-01 -1.356208318410079050e+00
0.000000000000000000e+00 0.000000000000000000e+00 0.000000000000000000e+00 1.000000000000000000e+00
8.290761113166809082e-01 -5.544018149375915527e-01 -7.260684669017791748e-02 -6.990056139858501494e-01
-3.490735888481140137e-01 -4.117774367332458496e-01 -8.417759537696838379e-01 -2.440227222014895059e+00
4.367842078208923340e-01 7.232414484024047852e-01 -5.349218249320983887e-01 -1.708585013693124877e+00
0.000000000000000000e+00 0.000000000000000000e+00 0.000000000000000000e+00 1.000000000000000000e+00
7.998247742652893066e-01 -5.982382297515869141e-01 -4.890127852559089661e-02 -6.124553604888745006e-01
-4.265226423740386963e-01 -5.091387629508972168e-01 -7.475668191909790039e-01 -2.107294520146724359e+00
4.223255813121795654e-01 6.187797784805297852e-01 -6.623840332031250000e-01 -2.094854211061315752e+00
0.000000000000000000e+00 0.000000000000000000e+00 0.000000000000000000e+00 1.000000000000000000e+00
7.717334628105163574e-01 -6.355725526809692383e-01 -2.179877646267414093e-02 -5.195141577907494979e-01
-5.072957873344421387e-01 -5.945807099342346191e-01 -6.237987279891967773e-01 -1.672937763164494829e+00
3.835080564022064209e-01 4.924645423889160156e-01 -7.812811136245727539e-01 -2.435709158186901035e+00
0.000000000000000000e+00 0.000000000000000000e+00 0.000000000000000000e+00 1.000000000000000000e+00
7.499764561653137207e-01 -6.612362861633300781e-01 -1.737594790756702423e-02 -4.936048147784337647e-01
-5.684542059898376465e-01 -6.308655738830566406e-01 -5.280796885490417480e-01 -1.342004248579150794e+00
3.382236659526824951e-01 4.059246480464935303e-01 -8.490169644355773926e-01 -2.619780084671496034e+00
0.000000000000000000e+00 0.000000000000000000e+00 0.000000000000000000e+00 1.000000000000000000e+00
6.530817747116088867e-01 -7.571796178817749023e-01 -1.278355438262224197e-02 -4.184417885554987948e-01
-6.752107143402099609e-01 -5.745727419853210449e-01 -4.625535905361175537e-01 -1.069991846722742945e+00
3.428912162780761719e-01 3.107169270515441895e-01 -8.864991664886474609e-01 -2.751053427010572427e+00
0.000000000000000000e+00 0.000000000000000000e+00 0.000000000000000000e+00 1.000000000000000000e+00
5.853371620178222656e-01 -8.105267882347106934e-01 2.065650932490825653e-02 -2.674694494961310509e-01
-7.378968000411987305e-01 -5.430977940559387207e-01 -4.006904661655426025e-01 -8.338206371642236103e-01
3.359890580177307129e-01 2.192965447902679443e-01 -9.159803986549377441e-01 -2.851251755428935386e+00
0.000000000000000000e+00 0.000000000000000000e+00 0.000000000000000000e+00 1.000000000000000000e+00
5.356626510620117188e-01 -8.424360156059265137e-01 5.802392959594726562e-02 -1.148542224091947117e-01
-7.842495441436767578e-01 -5.217863321304321289e-01 -3.356956243515014648e-01 -5.950631084055499898e-01
3.130782842636108398e-01 1.343143731355667114e-01 -9.401819109916687012e-01 -2.915316256889169289e+00
0.000000000000000000e+00 0.000000000000000000e+00 0.000000000000000000e+00 1.000000000000000000e+00
4.998729825019836426e-01 -8.567966222763061523e-01 1.265949308872222900e-01 1.246091874389584908e-01
-8.187865018844604492e-01 -5.151400566101074219e-01 -2.534148097038269043e-01 -3.146072273610094894e-01
2.823390662670135498e-01 2.302098087966442108e-02 -9.590384364128112793e-01 -2.961428360083917521e+00
0.000000000000000000e+00 0.000000000000000000e+00 0.000000000000000000e+00 1.000000000000000000e+00
4.340156912803649902e-01 -8.834576010704040527e-01 1.764449626207351685e-01 3.317979761422325535e-01
-8.594781756401062012e-01 -4.647468328475952148e-01 -2.128542959690093994e-01 -1.598589043503083063e-01
2.700500488281250000e-01 -5.926857888698577881e-02 -9.610203504562377930e-01 -2.962964795527779582e+00
0.000000000000000000e+00 0.000000000000000000e+00 0.000000000000000000e+00 1.000000000000000000e+00
3.551571965217590332e-01 -8.937299847602844238e-01 2.740619182586669922e-01 6.940652676399357013e-01
-8.923957943916320801e-01 -4.114507436752319336e-01 -1.853054016828536987e-01 -4.956750422990744559e-02
2.783759236335754395e-01 -1.787590980529785156e-01 -9.436905980110168457e-01 -2.911267385253431428e+00
0.000000000000000000e+00 0.000000000000000000e+00 0.000000000000000000e+00 1.000000000000000000e+00
2.929134964942932129e-01 -8.810604810714721680e-01 3.713941872119903564e-01 1.034210910292020946e+00
-9.137022495269775391e-01 -3.723706901073455811e-01 -1.627528369426727295e-01 3.315574654607103544e-02
2.816914618015289307e-01 -2.916712164878845215e-01 -9.140993952751159668e-01 -2.824471475927810005e+00
0.000000000000000000e+00 0.000000000000000000e+00 0.000000000000000000e+00 1.000000000000000000e+00
2.675499320030212402e-01 -8.506596088409423828e-01 4.525425732135772705e-01 1.294237156510360753e+00
-9.338726401329040527e-01 -3.445869684219360352e-01 -9.561259299516677856e-02 2.550582397688911374e-01
2.372740060091018677e-01 -3.970359563827514648e-01 -8.866022229194641113e-01 -2.707220314536165073e+00
0.000000000000000000e+00 0.000000000000000000e+00 0.000000000000000000e+00 1.000000000000000000e+00
1.752330511808395386e-01 -7.701839208602905273e-01 6.132784485816955566e-01 1.839371654033789216e+00
-9.615874886512756348e-01 -2.675727307796478271e-01 -6.127451360225677490e-02 3.652537808251548612e-01
2.112893164157867432e-01 -5.789834260940551758e-01 -7.874866127967834473e-01 -2.390827748612775139e+00
0.000000000000000000e+00 0.000000000000000000e+00 0.000000000000000000e+00 1.000000000000000000e+00
1.339603364467620850e-01 -6.717964410781860352e-01 7.285220026969909668e-01 2.213283970006220791e+00
-9.737154245376586914e-01 -2.258823215961456299e-01 -2.924784086644649506e-02 4.665143068345226074e-01
1.842087954282760620e-01 -7.054549455642700195e-01 -6.843977570533752441e-01 -2.067009353984325060e+00
0.000000000000000000e+00 0.000000000000000000e+00 0.000000000000000000e+00 1.000000000000000000e+00
1.105004400014877319e-01 -5.757654309272766113e-01 8.101133108139038086e-01 2.468430074514355699e+00
-9.838616251945495605e-01 -1.787887811660766602e-01 7.130778860300779343e-03 5.815058623100529678e-01
1.407335102558135986e-01 -7.978274822235107422e-01 -5.862298607826232910e-01 -1.751992764235651201e+00
0.000000000000000000e+00 0.000000000000000000e+00 0.000000000000000000e+00 1.000000000000000000e+00
8.141694962978363037e-02 -5.048673152923583984e-01 8.593487143516540527e-01 2.635752530147539741e+00
-9.908224940299987793e-01 -1.343400180339813232e-01 1.494826562702655792e-02 6.107816766612907955e-01
1.078980192542076111e-01 -8.526790142059326172e-01 -5.111714601516723633e-01 -1.508869101511573385e+00
0.000000000000000000e+00 0.000000000000000000e+00 0.000000000000000000e+00 1.000000000000000000e+00
1.535261720418930054e-01 -5.171816349029541016e-01 8.419933915138244629e-01 2.523490644844341713e+00
-9.880042672157287598e-01 -9.469842910766601562e-02 1.219821497797966003e-01 9.314604228557854526e-01
1.664849556982517242e-02 -8.506205081939697266e-01 -5.255163311958312988e-01 -1.484740194130123259e+00
0.000000000000000000e+00 0.000000000000000000e+00 0.000000000000000000e+00 1.000000000000000000e+00
2.641782462596893311e-01 -5.736249089241027832e-01 7.753476500511169434e-01 2.251925266231298739e+00
-9.595124125480651855e-01 -7.487530261278152466e-02 2.715323567390441895e-01 1.360203657865430849e+00
-9.770327061414718628e-02 -8.156888484954833984e-01 -5.701807141304016113e-01 -1.526200082280727344e+00
0.000000000000000000e+00 0.000000000000000000e+00 0.000000000000000000e+00 1.000000000000000000e+00
3.167078197002410889e-01 -6.177006959915161133e-01 7.198210954666137695e-01 2.060193409928466224e+00
-9.301016926765441895e-01 -5.340518429875373840e-02 3.633986711502075195e-01 1.606121077890403370e+00
-1.860294193029403687e-01 -7.845980525016784668e-01 -5.914382338523864746e-01 -1.529375464980124555e+00
0.000000000000000000e+00 0.000000000000000000e+00 0.000000000000000000e+00 1.000000000000000000e+00
3.692020177841186523e-01 -6.329475641250610352e-01 6.804904341697692871e-01 1.910066310419920921e+00
-8.882827758789062500e-01 -2.508034743368625641e-02 4.586121737957000732e-01 1.852524290767193271e+00
-2.732104063034057617e-01 -7.737884521484375000e-01 -5.714960694313049316e-01 -1.401859325407504242e+00
0.000000000000000000e+00 0.000000000000000000e+00 0.000000000000000000e+00 1.000000000000000000e+00
4.241489768028259277e-01 -6.342521905899047852e-01 6.463912725448608398e-01 1.762907500435374697e+00
-8.376168608665466309e-01 -3.444681642577052116e-03 5.462472438812255859e-01 2.070007859201000500e+00
-3.442318737506866455e-01 -7.731186151504516602e-01 -5.327214598655700684e-01 -1.229070079042266173e+00
0.000000000000000000e+00 0.000000000000000000e+00 0.000000000000000000e+00 1.000000000000000000e+00
5.201780796051025391e-01 -6.410111784934997559e-01 5.643751025199890137e-01 1.469545185693769351e+00
-7.288026213645935059e-01 1.135815214365720749e-02 6.846296787261962891e-01 2.373072923815954027e+00
-4.452654719352722168e-01 -7.674474120140075684e-01 -4.612623751163482666e-01 -9.202193747090194886e-01
0.000000000000000000e+00 0.000000000000000000e+00 0.000000000000000000e+00 1.000000000000000000e+00
6.326265335083007812e-01 -6.658061146736145020e-01 3.955823779106140137e-01 8.995349484381701677e-01
-5.773939490318298340e-01 -6.506816297769546509e-02 8.138684034347534180e-01 2.664793669869424342e+00
-5.161392092704772949e-01 -7.432818412780761719e-01 -4.255966246128082275e-01 -7.522390774633770372e-01
0.000000000000000000e+00 0.000000000000000000e+00 0.000000000000000000e+00 1.000000000000000000e+00
6.434267759323120117e-01 -7.147358655929565430e-01 2.741437554359436035e-01 5.732215708401545706e-01
-4.905660152435302734e-01 -1.100637838244438171e-01 8.644253015518188477e-01 2.758485602574635820e+00
-5.876623988151550293e-01 -6.906798481941223145e-01 -4.214430153369903564e-01 -6.914430885449076580e-01
0.000000000000000000e+00 0.000000000000000000e+00 0.000000000000000000e+00 1.000000000000000000e+00
6.139514446258544922e-01 -7.643094062805175781e-01 1.972175091505050659e-01 4.059817938114723135e-01
-3.851104974746704102e-01 -7.194314897060394287e-02 9.200620651245117188e-01 2.855971162162429078e+00
-6.890236139297485352e-01 -6.408239603042602539e-01 -3.385131359100341797e-01 -4.338627079274176568e-01
0.000000000000000000e+00 0.000000000000000000e+00 0.000000000000000000e+00 1.000000000000000000e+00
4.460084438323974609e-01 -8.931621909141540527e-01 5.777420476078987122e-02 1.589073562189506350e-01
-2.019712775945663452e-01 -3.755076974630355835e-02 9.786713123321533203e-01 2.924361303352904784e+00
-8.719426989555358887e-01 -4.481643140316009521e-01 -1.971410512924194336e-01 -2.750586489815426069e-02
0.000000000000000000e+00 0.000000000000000000e+00 0.000000000000000000e+00 1.000000000000000000e+00
3.273708820343017578e-01 -9.403820633888244629e-01 -9.224831312894821167e-02 -2.347711134378794862e-01
-2.565307319164276123e-01 -1.824148744344711304e-01 9.491662979125976562e-01 2.935383737585137709e+00
-9.094064235687255859e-01 -2.870648205280303955e-01 -3.009542822837829590e-01 -3.726122108856597115e-01
0.000000000000000000e+00 0.000000000000000000e+00 0.000000000000000000e+00 1.000000000000000000e+00
3.155291974544525146e-01 -9.483823776245117188e-01 3.181053698062896729e-02 1.532494596011050314e-01
-3.764804899692535400e-01 -9.434360265731811523e-02 9.216083288192749023e-01 2.876102660769183306e+00
-8.710359930992126465e-01 -3.027703166007995605e-01 -3.868157267570495605e-01 -6.136982961363341982e-01
0.000000000000000000e+00 0.000000000000000000e+00 0.000000000000000000e+00 1.000000000000000000e+00
3.040516078472137451e-01 -9.517642855644226074e-01 4.119766876101493835e-02 2.315153824627943224e-01
-4.600862264633178711e-01 -1.088372841477394104e-01 8.811782002449035645e-01 2.789592349626822898e+00
-8.341901302337646484e-01 -2.868780791759490967e-01 -4.709858000278472900e-01 -8.897361147052170738e-01
0.000000000000000000e+00 0.000000000000000000e+00 0.000000000000000000e+00 1.000000000000000000e+00
