0.5510537624359131 0.8334447145462036 -0.04134562239050865 0.001349850790575147 
-0.8325601816177368 0.5457677245140076 -0.09476783126592636 0.06648857146501541 
-0.05641866102814674 0.08664489537477493 0.9946404099464417 -0.2983392179012299 
0 0 0 1 

0.4595689177513123 0.8834922313690186 -0.09076327830553055 0.02310966514050961 
-0.8881136178970337 0.4563286602497101 -0.05494056642055511 0.05458652600646019 
-0.00712166540324688 0.1058570742607117 0.9943558573722839 -0.3021613359451294 
0 0 0 1 

0.3528931140899658 0.9295945763587952 -0.1063971817493439 0.03225400298833847 
-0.9354482293128967 0.3529630303382874 -0.01880467869341373 0.04080456867814064 
0.0200735330581665 0.1061651036143303 0.9941458702087402 -0.3035055100917816 
0 0 0 1 

0.2703052461147308 0.9543331861495972 -0.1272119432687759 0.04146641492843628 
-0.9593150615692139 0.2781635820865631 0.04836707189679146 0.01611101254820824 
0.08154402673244476 0.1089624837040901 0.990695595741272 -0.3032812476158142 
0 0 0 1 

0.1925780326128006 0.9684476256370544 -0.1581861823797226 0.05274643376469612 
-0.9721782803535461 0.2102031707763672 0.1033628359436989 -0.004300786647945642 
0.1333527266979218 0.133879765868187 0.9819843173027039 -0.3014667332172394 
0 0 0 1 

0.1162911802530289 0.9804871678352356 -0.1584970504045486 0.05450988188385963 
-0.9711976647377014 0.1456705927848816 0.1885609924793243 -0.03335631638765335 
0.20796999335289 0.132003977894783 0.9691870212554932 -0.2987480163574219 
0 0 0 1 

0.1869643479585648 0.9714628458023071 -0.1459596008062363 0.04983996599912643 
-0.9542323350906372 0.2148979753255844 0.2079889327287674 -0.03900930657982826 
0.2334199547767639 0.1003928706049919 0.9671795964241028 -0.2962324321269989 
0 0 0 1 

0.2728318274021149 0.950952410697937 -0.145781397819519 0.0473255068063736 
-0.9380228519439697 0.2966048121452332 0.1792723387479782 -0.0278879776597023 
0.2137189358472824 0.08783509582281113 0.9729384183883667 -0.2954066097736359 
0 0 0 1 

0.326872855424881 0.9332550168037415 -0.1489600837230682 0.04659351333975792 
-0.9332101941108704 0.3436272144317627 0.1050668135285378 -0.001989453099668026 
0.1492408663034439 0.1046675965189934 0.9832455515861511 -0.2951183021068573 
0 0 0 1 

0.3626210689544678 0.9125935435295105 -0.1888878494501114 0.05711917206645012 
-0.9285770058631897 0.3710089921951294 0.009840866550803185 0.03110413812100887 
0.07905977219343185 0.1718284338712692 0.9819493293762207 -0.290724903345108 
0 0 0 1 

