0.4528544247150421 0.8897168636322021 -0.0576772466301918 0.01362610142678022 
-0.8913370370864868 0.4502566754817963 -0.052792988717556 0.0551195852458477 
-0.02100125513970852 0.07531740516424179 0.9969384074211121 -0.3028578758239746 
0 0 0 1 

0.3534319400787354 0.9320781230926514 -0.07947453856468201 0.02485577203333378 
-0.9353680610656738 0.3533118963241577 -0.01603855192661285 0.04103733971714973 
0.01313011534512043 0.08000648766756058 0.9967078566551208 -0.3045802712440491 
0 0 0 1 

0.2735255062580109 0.9565296769142151 -0.1011664643883705 0.03391384333372116 
-0.9594544768333435 0.2787678837776184 0.04165897145867348 0.01886764541268349 
0.06805000454187393 0.08566983044147491 0.9939969182014465 -0.304154098033905 
0 0 0 1 

0.3614925742149353 0.9197388291358948 -0.1529819369316101 0.04772986844182014 
-0.9301630854606628 0.3670425415039062 0.008734389208257198 0.032208401709795 
0.06418421864509583 0.1391407400369644 0.9881904125213623 -0.2924605906009674 
0 0 0 1 

0.3983446061611176 0.901941180229187 -0.166803702712059 0.04998672753572464 
-0.9171990156173706 0.3933124542236328 -0.0636475533246994 0.05728388577699661 
0.008199595846235752 0.1783458739519119 0.983933687210083 -0.2876488864421844 
0 0 0 1 

0.4517932832241058 0.8714348673820496 -0.1910078078508377 0.05413937941193581 
-0.8904761672019958 0.4275004863739014 -0.1558696031570435 0.08526916056871414 
-0.05417429655790329 0.2405087649822235 0.9691339731216431 -0.2779618203639984 
0 0 0 1 

0.523064136505127 0.832791268825531 -0.1812802255153656 0.0456513911485672 
-0.8456899523735046 0.4807103872299194 -0.2317885309457779 0.1060384064912796 
-0.1058882102370262 0.2745471298694611 0.9557256698608398 -0.2696235179901123 
0 0 0 1 

0.5915903449058533 0.7864931225776672 -0.1773395538330078 0.04008378833532333 
-0.7939886450767517 0.5301356315612793 -0.2975535690784454 0.1224200800061226 
-0.1400098502635956 0.3168354332447052 0.9380898475646973 -0.260705292224884 
0 0 0 1 

0.3584299683570862 0.8986981511116028 -0.2527239322662354 0.06713421642780304 
-0.8947144150733948 0.407964825630188 0.1817981898784637 -0.0007830612594261765 
0.2664841711521149 0.1609538942575455 0.9503052234649658 -0.315569132566452 
0 0 0 1 

0.9623757600784302 0.2092081308364868 -0.1733922511339188 0.00734638050198555 
-0.2414223551750183 0.9511731266975403 -0.1923146843910217 0.08494983613491058 
0.1246922537684441 0.2269397675991058 0.9658934473991394 -0.2731402814388275 
0 0 0 1 

