0.7596976757049561 0.6494752168655396 -0.03226767107844353 -0.02778184413909912 
-0.6463576555252075 0.7487501502037048 -0.1469519138336182 0.05785509198904037 
-0.07128123939037323 0.1324954926967621 0.9886171221733093 -0.2775712013244629 
0 0 0 1 

0.7877784371376038 0.615152895450592 0.03149410709738731 -0.05157501995563507 
-0.6127659678459167 0.7878692746162415 -0.06147853657603264 0.0295666866004467 
-0.06263194978237152 0.02913293428719044 0.997611403465271 -0.2833760380744934 
0 0 0 1 

0.8091926574707031 0.5825712084770203 0.07627452909946442 -0.06901614367961884 
-0.5852269530296326 0.8106977939605713 0.01667937636375427 0.003368102246895432 
-0.05211865156888962 -0.0581347718834877 0.9969472885131836 -0.2873806655406952 
0 0 0 1 

0.8395593166351318 0.5337322950363159 0.1013401448726654 -0.08101356029510498 
-0.5425023436546326 0.8335601687431335 0.104251503944397 -0.02710963971912861 
-0.02883066423237324 -0.1425026059150696 0.9893744587898254 -0.2887330651283264 
0 0 0 1 

0.8519788980484009 0.5159235596656799 0.08918946981430054 -0.08101647347211838 
-0.522646963596344 0.8278936743736267 0.2035483568906784 -0.06149120256304741 
0.03117606602609158 -0.2200335115194321 0.9749940037727356 -0.2884537875652313 
0 0 0 1 

0.8510602116584778 0.5224960446357727 0.05190586671233177 -0.07228950411081314 
-0.5145503878593445 0.8102403879165649 0.280621349811554 -0.08973081409931183 
0.1045673936605453 -0.265533834695816 0.9584140181541443 -0.2884965240955353 
0 0 0 1 

0.9359514713287354 -0.1113732606172562 0.3340518176555634 -0.04127053916454315 
0.03090483695268631 0.9709843993186951 0.2371373474597931 -0.06589682400226593 
-0.3507698774337769 -0.2116252034902573 0.9122362732887268 -0.2095049172639847 
0 0 0 1 

0.9342392683029175 -0.09353817254304886 0.3441621065139771 -0.04471719264984131 
0.02701094001531601 0.980779767036438 0.1932393014431 -0.04999576508998871 
-0.3556224703788757 -0.171235591173172 0.9188095331192017 -0.2068217694759369 
0 0 0 1 

0.9252748489379883 -0.1013615280389786 0.3655025660991669 -0.05100643634796143 
0.03658551350235939 0.9829884767532349 0.1799864917993546 -0.04511413723230362 
-0.377528578042984 -0.1531648486852646 0.9132428765296936 -0.203818142414093 
0 0 0 1 

0.9094827175140381 -0.09200931340456009 0.4054317474365234 -0.06223047524690628 
0.02245859988033772 0.9846518039703369 0.1730782389640808 -0.04321753233671188 
-0.4151341319084167 -0.1483062654733658 0.8975905179977417 -0.1990164816379547 
0 0 0 1 

