1.000000000000000000e+00 0.000000000000000000e+00 0.000000000000000000e+00 -4.255350477121360719e-01
0.000000000000000000e+00 -1.000000000000000000e+00 0.000000000000000000e+00 3.076616963927396031e-01
0.000000000000000000e+00 0.000000000000000000e+00 -1.000000000000000000e+00 -5.117628744684824760e+00
0.000000000000000000e+00 0.000000000000000000e+00 0.000000000000000000e+00 1.000000000000000000e+00
9.950446486473083496e-01 -5.505966767668724060e-02 8.279240131378173828e-02 4.012415474694071976e-02
-5.691468343138694763e-02 -9.981742501258850098e-01 2.021307684481143951e-02 3.666175931479943584e-01
8.152829855680465698e-02 -2.482505887746810913e-02 -9.963615536689758301e-01 -5.080876573637123528e+00
0.000000000000000000e+00 0.000000000000000000e+00 0.000000000000000000e+00 1.000000000000000000e+00
9.704676270484924316e-01 -6.792500615119934082e-02 2.314721196889877319e-01 8.442037127907165983e-01
-7.417628169059753418e-02 -9.970753788948059082e-01 1.840112730860710144e-02 3.680332691818041790e-01
2.295451760292053223e-01 -3.502739220857620239e-02 -9.726673960685729980e-01 -4.947285921900480332e+00
0.000000000000000000e+00 0.000000000000000000e+00 0.000000000000000000e+00 1.000000000000000000e+00
9.987483620643615723e-01 -4.971366003155708313e-02 -5.509182345122098923e-03 -4.148353979604125774e-01
-4.974078387022018433e-02 -9.987502694129943848e-01 -4.898326471447944641e-03 2.483644362253274174e-01
-5.258773453533649445e-03 5.166277289390563965e-03 -9.999728798866271973e-01 -4.935266279059156602e+00
0.000000000000000000e+00 0.000000000000000000e+00 0.000000000000000000e+00 1.000000000000000000e+00
9.949233531951904297e-01 -5.695341899991035461e-02 8.296865969896316528e-02 7.719318564306677788e-02
-5.382440239191055298e-02 -9.977699518203735352e-01 -3.947507962584495544e-02 1.195842829506561233e-01
8.503187447786331177e-02 3.480885550379753113e-02 -9.957699179649353027e-01 -4.916812615450939283e+00
0.000000000000000000e+00 0.000000000000000000e+00 0.000000000000000000e+00 1.000000000000000000e+00
-7.423563860356807709e-03 -9.257271885871887207e-02 9.956782460212707520e-01 5.258016461618322701e+00
-3.905465826392173767e-02 -9.949190616607666016e-01 -9.279333055019378662e-02 -1.082714544583020105e-01
9.992094635963439941e-01 -3.957473114132881165e-02 3.770412644371390343e-03 2.384212415135624971e-02
0.000000000000000000e+00 0.000000000000000000e+00 0.000000000000000000e+00 1.000000000000000000e+00
-1.361051015555858612e-02 -1.057862043380737305e-01 9.942961335182189941e-01 5.198603156739672215e+00
-2.065771818161010742e-02 -9.941458106040954590e-01 -1.060529872775077820e-01 -1.183868504624304291e-01
9.996939301490783691e-01 -2.198332734405994415e-02 1.134549733251333237e-02 1.482316815062221793e-01
0.000000000000000000e+00 0.000000000000000000e+00 0.000000000000000000e+00 1.000000000000000000e+00
-3.341125324368476868e-02 -1.046178266406059265e-01 9.939509630203247070e-01 5.139225565557150155e+00
-2.062604576349258423e-02 -9.942219853401184082e-01 -1.053397133946418762e-01 -6.239723658297915976e-02
9.992284178733825684e-01 -2.402083016932010651e-02 3.106035664677619934e-02 3.467727118902716454e-01
0.000000000000000000e+00 0.000000000000000000e+00 0.000000000000000000e+00 1.000000000000000000e+00
-1.910225488245487213e-02 -9.647812694311141968e-02 9.951516985893249512e-01 5.071983818487227680e+00
-3.961415216326713562e-02 -9.944788217544555664e-01 -9.717326611280441284e-02 3.413765024950750696e-03
9.990320205688476562e-01 -4.127833992242813110e-02 1.517499238252639771e-02 3.898690738386333399e-01
0.000000000000000000e+00 0.000000000000000000e+00 0.000000000000000000e+00 1.000000000000000000e+00
-2.253098040819168091e-02 -1.007830351591110229e-01 9.946530461311340332e-01 5.021419177052574234e+00
-5.614436790347099304e-02 -9.932083487510681152e-01 -1.019084900617599487e-01 2.784673847919888912e-03
9.981681704521179199e-01 -5.814028158783912659e-02 1.671953685581684113e-02 5.149415626275315461e-01
0.000000000000000000e+00 0.000000000000000000e+00 0.000000000000000000e+00 1.000000000000000000e+00
-1.816196017898619175e-03 -8.168087154626846313e-02 9.966567754745483398e-01 4.974139798842856841e+00
-7.878487557172775269e-02 -9.935486316680908203e-01 -8.156970143318176270e-02 1.367087026299293462e-01
9.968901276588439941e-01 -7.866970449686050415e-02 -4.630830138921737671e-03 5.312012644393040439e-01
0.000000000000000000e+00 0.000000000000000000e+00 0.000000000000000000e+00 1.000000000000000000e+00
-1.075521297752857208e-02 -7.520902901887893677e-02 9.971098899841308594e-01 4.938280470198357364e+00
-1.076127961277961731e-01 -9.912891983985900879e-01 -7.593078166246414185e-02 2.113345787896418193e-01
9.941346645355224609e-01 -1.081184372305870056e-01 2.568062627688050270e-03 6.783763645335934012e-01
0.000000000000000000e+00 0.000000000000000000e+00 0.000000000000000000e+00 1.000000000000000000e+00
1.094685052521526814e-03 -9.072079509496688843e-02 9.958757162094116211e-01 4.936072966958796826e+00
-1.000125706195831299e-01 -9.908931851387023926e-01 -9.015697985887527466e-02 1.982931770225654922e-01
9.949854016304016113e-01 -9.950140863656997681e-02 -1.015791576355695724e-02 6.847983319280441794e-01
0.000000000000000000e+00 0.000000000000000000e+00 0.000000000000000000e+00 1.000000000000000000e+00
2.247229451313614845e-03 -9.218636900186538696e-02 9.957392811775207520e-01 4.941710572302035587e+00
-1.345737725496292114e-01 -9.867118597030639648e-01 -9.104688465595245361e-02 2.324411871924948192e-01
9.909011125564575195e-01 -1.337957829236984253e-01 -1.462323497980833054e-02 7.501109441787824350e-01
0.000000000000000000e+00 0.000000000000000000e+00 0.000000000000000000e+00 1.000000000000000000e+00
2.071864344179630280e-02 -9.839617460966110229e-02 9.949315786361694336e-01 4.962701098791883147e+00
-1.536499559879302979e-01 -9.836364984512329102e-01 -9.407948702573776245e-02 2.515254207479735160e-01
9.879082441329956055e-01 -1.509220004081726074e-01 -3.549813106656074524e-02 7.360614241337799513e-01
0.000000000000000000e+00 0.000000000000000000e+00 0.000000000000000000e+00 1.000000000000000000e+00
2.882859297096729279e-02 -1.054010838270187378e-01 9.940118193626403809e-01 4.975021133499528680e+00
-1.754623651504516602e-01 -9.795184135437011719e-01 -9.877546131610870361e-02 2.603396849582695349e-01
9.840639829635620117e-01 -1.715640872716903687e-01 -4.673198610544204712e-02 7.949082205075990171e-01
0.000000000000000000e+00 0.000000000000000000e+00 0.000000000000000000e+00 1.000000000000000000e+00
5.124661326408386230e-02 -1.048463061451911926e-01 9.931671023368835449e-01 4.999128275204818728e+00
-1.915083825588226318e-01 -9.770497679710388184e-01 -9.326314926147460938e-02 3.256653426285656683e-01
9.801522493362426758e-01 -1.854203939437866211e-01 -7.014942914247512817e-02 7.998242603819830654e-01
0.000000000000000000e+00 0.000000000000000000e+00 0.000000000000000000e+00 1.000000000000000000e+00
1.067279055714607239e-01 -1.108751967549324036e-01 9.880869984626770020e-01 5.028693660135014731e+00
-2.161760777235031128e-01 -9.725779891014099121e-01 -8.578476309776306152e-02 3.803991860685027038e-01
9.705035686492919922e-01 -2.044450789690017700e-01 -1.277697235345840454e-01 6.298574234540978978e-01
0.000000000000000000e+00 0.000000000000000000e+00 0.000000000000000000e+00 1.000000000000000000e+00
1.757953464984893799e-01 -1.374790072441101074e-01 9.747796654701232910e-01 5.109312170499127781e+00
-2.339746206998825073e-01 -9.676606655120849609e-01 -9.427908807992935181e-02 3.338497561257586232e-01
9.562178254127502441e-01 -2.114999592304229736e-01 -2.022770643234252930e-01 4.819509862268749334e-01
0.000000000000000000e+00 0.000000000000000000e+00 0.000000000000000000e+00 1.000000000000000000e+00
2.191716283559799194e-01 -1.914539635181427002e-01 9.567175507545471191e-01 5.325465348125788090e+00
-2.394830435514450073e-01 -9.611183404922485352e-01 -1.374722123146057129e-01 1.277871733253597986e-01
9.458388090133666992e-01 -1.989876925945281982e-01 -2.564999461174011230e-01 4.843736644856068696e-01
0.000000000000000000e+00 0.000000000000000000e+00 0.000000000000000000e+00 1.000000000000000000e+00
2.181992530822753906e-01 -2.016406804323196411e-01 9.548451304435729980e-01 5.425752581404164054e+00
-2.719823718070983887e-01 -9.522199630737304688e-01 -1.389334797859191895e-01 1.446852822565992680e-01
9.372374415397644043e-01 -2.293860018253326416e-01 -2.626164853572845459e-01 4.850285643883552877e-01
0.000000000000000000e+00 0.000000000000000000e+00 0.000000000000000000e+00 1.000000000000000000e+00
1.651960164308547974e-01 -2.225813865661621094e-01 9.608159065246582031e-01 5.295888058630215944e+00
-1.987299025058746338e-01 -9.617312550544738770e-01 -1.886251270771026611e-01 -1.413269975443805226e-01
9.660312533378601074e-01 -1.597828716039657593e-01 -2.031078189611434937e-01 6.578581020726834705e-01
0.000000000000000000e+00 0.000000000000000000e+00 0.000000000000000000e+00 1.000000000000000000e+00
1.571497172117233276e-01 -2.310363799333572388e-01 9.601700305938720703e-01 5.220857154434762393e+00
-1.664613038301467896e-01 -9.645361900329589844e-01 -2.048424929380416870e-01 -2.491046081585275573e-01
9.734445810317993164e-01 -1.276401430368423462e-01 -1.900351196527481079e-01 6.665026022204818545e-01
0.000000000000000000e+00 0.000000000000000000e+00 0.000000000000000000e+00 1.000000000000000000e+00
1.396825313568115234e-01 -2.714804410934448242e-01 9.522542953491210938e-01 4.911012666385733638e+00
-6.669801473617553711e-02 -9.620772600173950195e-01 -2.644972801208496094e-01 -6.486887357557097333e-01
9.879472851753234863e-01 -2.656791917979717255e-02 -1.524923145771026611e-01 6.517485303146418607e-01
0.000000000000000000e+00 0.000000000000000000e+00 0.000000000000000000e+00 1.000000000000000000e+00
1.379013806581497192e-01 -3.213816285133361816e-01 9.368548393249511719e-01 4.622720600312300476e+00
-2.914622426033020020e-02 -9.467989802360534668e-01 -3.205026984214782715e-01 -1.051514625311849915e+00
9.900169968605041504e-01 1.689199358224868774e-02 -1.399319916963577271e-01 6.114066367825129467e-01
0.000000000000000000e+00 0.000000000000000000e+00 0.000000000000000000e+00 1.000000000000000000e+00
1.827914416790008545e-01 -3.853074014186859131e-01 9.045028686523437500e-01 4.371263243606509086e+00
2.291485725436359644e-04 -9.199867248535156250e-01 -3.919496238231658936e-01 -1.430561740757654965e+00
9.831517338752746582e-01 7.185229659080505371e-02 -1.680774092674255371e-01 4.281944332007756593e-01
0.000000000000000000e+00 0.000000000000000000e+00 0.000000000000000000e+00 1.000000000000000000e+00
2.485311925411224365e-01 -4.128597080707550049e-01 8.762298226356506348e-01 4.178374761275362559e+00
5.533188581466674805e-02 -8.970847725868225098e-01 -4.383802115917205811e-01 -1.660202394136502724e+00
9.670420289039611816e-01 1.574345678091049194e-01 -2.001093178987503052e-01 2.169145878202126121e-01
0.000000000000000000e+00 0.000000000000000000e+00 0.000000000000000000e+00 1.000000000000000000e+00
3.169856369495391846e-01 -4.610214829444885254e-01 8.288422226905822754e-01 3.873257576137152380e+00
1.143287494778633118e-01 -8.489627242088317871e-01 -5.159372687339782715e-01 -2.050143575767328308e+00
9.415142536163330078e-01 2.583052217960357666e-01 -2.164010405540466309e-01 6.559448546994295359e-02
0.000000000000000000e+00 0.000000000000000000e+00 0.000000000000000000e+00 1.000000000000000000e+00
3.384768068790435791e-01 -5.047323107719421387e-01 7.941529154777526855e-01 3.660371804887363911e+00
1.354367882013320923e-01 -8.090485930442810059e-01 -5.719240307807922363e-01 -2.323443032206198744e+00
9.311769008636474609e-01 3.011405169963836670e-01 -2.054848819971084595e-01 7.018793022352017019e-02
0.000000000000000000e+00 0.000000000000000000e+00 0.000000000000000000e+00 1.000000000000000000e+00
3.733334839344024658e-01 -5.440315604209899902e-01 7.514330148696899414e-01 3.409858877034737112e+00
1.607186198234558105e-01 -7.598208189010620117e-01 -6.299538016319274902e-01 -2.577152335862287647e+00
9.136692285537719727e-01 3.559520542621612549e-01 -1.962305456399917603e-01 6.216623105401622440e-02
0.000000000000000000e+00 0.000000000000000000e+00 0.000000000000000000e+00 1.000000000000000000e+00
4.201031029224395752e-01 -5.507232546806335449e-01 7.212610244750976562e-01 3.220421131387253055e+00
1.603161841630935669e-01 -7.372580170631408691e-01 -6.563149690628051758e-01 -2.699255677239338791e+00
8.932033181190490723e-01 3.913497030735015869e-01 -2.214345037937164307e-01 -8.228965239823064770e-02
0.000000000000000000e+00 0.000000000000000000e+00 0.000000000000000000e+00 1.000000000000000000e+00
4.014012813568115234e-01 -5.778554677963256836e-01 7.106052637100219727e-01 3.076363787362588198e+00
1.722594797611236572e-01 -7.143771052360534668e-01 -6.782272458076477051e-01 -2.781258093328413672e+00
8.995574712753295898e-01 3.946497440338134766e-01 -1.872107386589050293e-01 2.105933278999964214e-02
0.000000000000000000e+00 0.000000000000000000e+00 0.000000000000000000e+00 1.000000000000000000e+00
3.716354072093963623e-01 -6.260142326354980469e-01 6.855607032775878906e-01 2.877059141112611851e+00
1.759466081857681274e-01 -6.775731444358825684e-01 -7.140991687774658203e-01 -2.917732030799129905e+00
9.115535616874694824e-01 3.860065937042236328e-01 -1.416650563478469849e-01 1.533242561646614432e-01
0.000000000000000000e+00 0.000000000000000000e+00 0.000000000000000000e+00 1.000000000000000000e+00
2.763031125068664551e-01 -7.130395174026489258e-01 6.443841457366943359e-01 2.565285319834975652e+00
1.400764584541320801e-01 -6.334478855133056641e-01 -7.610008716583251953e-01 -3.074526664547869714e+00
9.508075714111328125e-01 3.005299270153045654e-01 -7.514363527297973633e-02 2.929159373044129544e-01
0.000000000000000000e+00 0.000000000000000000e+00 0.000000000000000000e+00 1.000000000000000000e+00
1.897930353879928589e-01 -7.586673498153686523e-01 6.232196092605590820e-01 2.428093735481508197e+00
1.333739161491394043e-01 -6.089509129524230957e-01 -7.819145321846008301e-01 -3.128729341161435418e+00
9.727230072021484375e-01 2.315231263637542725e-01 -1.438823156058788300e-02 4.515594740619382486e-01
0.000000000000000000e+00 0.000000000000000000e+00 0.000000000000000000e+00 1.000000000000000000e+00
2.482973933219909668e-01 -7.917073965072631836e-01 5.581649541854858398e-01 2.131295460628062077e+00
1.192957088351249695e-01 -5.468314886093139648e-01 -8.287000060081481934e-01 -3.260163084061366678e+00
9.613099098205566406e-01 2.723506987094879150e-01 -4.132959991693496704e-02 2.049157531671192412e-01
0.000000000000000000e+00 0.000000000000000000e+00 0.000000000000000000e+00 1.000000000000000000e+00
3.877343237400054932e-01 -7.718984484672546387e-01 5.038203597068786621e-01 1.881454743900334625e+00
1.053731516003608704e-01 -5.058779120445251465e-01 -8.561449646949768066e-01 -3.307313297736754087e+00
9.157283902168273926e-01 3.850459754467010498e-01 -1.148087382316589355e-01 -1.815327653888599013e-01
0.000000000000000000e+00 0.000000000000000000e+00 0.000000000000000000e+00 1.000000000000000000e+00
5.367888808250427246e-01 -7.336680293083190918e-01 4.166397750377655029e-01 1.481846459955910245e+00
3.266183659434318542e-02 -4.753751456737518311e-01 -8.791767954826354980e-01 -3.293571659513788941e+00
8.430842161178588867e-01 4.855403006076812744e-01 -2.312131375074386597e-01 -6.822243384182371528e-01
0.000000000000000000e+00 0.000000000000000000e+00 0.000000000000000000e+00 1.000000000000000000e+00
6.303752064704895020e-01 -7.047627568244934082e-01 3.254785835742950439e-01 1.178152763222537702e+00
-3.415696322917938232e-02 -4.440490305423736572e-01 -8.953510522842407227e-01 -3.242429249839552607e+00
7.755386829376220703e-01 5.532898306846618652e-01 -3.039902150630950928e-01 -9.483842797846172568e-01
0.000000000000000000e+00 0.000000000000000000e+00 0.000000000000000000e+00 1.000000000000000000e+00
6.282783746719360352e-01 -7.482573986053466797e-01 2.130197584629058838e-01 8.453352417297075316e-01
-1.104211062192916870e-01 -3.568010628223419189e-01 -9.276317954063415527e-01 -3.394096785690262408e+00
7.701127529144287109e-01 5.592889189720153809e-01 -3.067939877510070801e-01 -9.080433782996030212e-01
0.000000000000000000e+00 0.000000000000000000e+00 0.000000000000000000e+00 1.000000000000000000e+00
6.161185503005981445e-01 -7.829829454421997070e-01 8.564502745866775513e-02 3.892455985516796169e-01
-1.838772743940353394e-01 -2.487098574638366699e-01 -9.509638547897338867e-01 -3.602144144752389643e+00
7.658895254135131836e-01 5.701589584350585938e-01 -2.972075939178466797e-01 -8.181907445850887806e-01
0.000000000000000000e+00 0.000000000000000000e+00 0.000000000000000000e+00 1.000000000000000000e+00
6.248904466629028320e-01 -7.802311182022094727e-01 -2.742285281419754028e-02 -8.844654018005725093e-02
-2.016742974519729614e-01 -1.273893564939498901e-01 -9.711325168609619141e-01 -3.792317989358957142e+00
7.542145848274230957e-01 6.123817563056945801e-01 -2.369568943977355957e-01 -5.820747020746656064e-01
0.000000000000000000e+00 0.000000000000000000e+00 0.000000000000000000e+00 1.000000000000000000e+00
6.459937095642089844e-01 -7.495230436325073242e-01 -1.445966511964797974e-01 -6.489008542836381954e-01
-2.391274124383926392e-01 -1.881122961640357971e-02 -9.708060026168823242e-01 -3.872217860793204292e+00
7.249211072921752930e-01 6.617113947868347168e-01 -1.913834065198898315e-01 -4.275513353937815397e-01
0.000000000000000000e+00 0.000000000000000000e+00 0.000000000000000000e+00 1.000000000000000000e+00
6.488710045814514160e-01 -7.187902331352233887e-01 -2.496138364076614380e-01 -1.197882416319034471e+00
-2.488422393798828125e-01 1.095508784055709839e-01 -9.623283147811889648e-01 -3.935126742885100448e+00
7.190576791763305664e-01 6.865416169166564941e-01 -1.077809706330299377e-01 -1.106973276460506833e-01
0.000000000000000000e+00 0.000000000000000000e+00 0.000000000000000000e+00 1.000000000000000000e+00
6.224207282066345215e-01 -7.743191719055175781e-01 -1.141136959195137024e-01 -5.091838155903593011e-01
-3.074745535850524902e-01 -1.078267693519592285e-01 -9.454271197319030762e-01 -3.629193698199786766e+00
7.197581529617309570e-01 6.235404610633850098e-01 -3.051970899105072021e-01 -1.053727679592324273e+00
0.000000000000000000e+00 0.000000000000000000e+00 0.000000000000000000e+00 1.000000000000000000e+00
6.087259054183959961e-01 -7.923007607460021973e-01 -4.138149321079254150e-02 -1.745040511551986251e-01
-3.842383623123168945e-01 -2.487743496894836426e-01 -8.890852332115173340e-01 -3.270073039508635926e+00
6.941279768943786621e-01 5.571094155311584473e-01 -4.558678269386291504e-01 -1.616427021117577967e+00
0.000000000000000000e+00 0.000000000000000000e+00 0.000000000000000000e+00 1.000000000000000000e+00
6.039257645606994629e-01 -7.944976091384887695e-01 6.361652910709381104e-02 2.643194863145507667e-01
-4.503363668918609619e-01 -4.059908092021942139e-01 -7.952162027359008789e-01 -2.725241359360965454e+00
6.576249599456787109e-01 4.516026675701141357e-01 -6.029794812202453613e-01 -2.120273068360411184e+00
0.000000000000000000e+00 0.000000000000000000e+00 0.000000000000000000e+00 1.000000000000000000e+00
6.116360425949096680e-01 -7.808851599693298340e-01 1.269634068012237549e-01 5.099734666042428088e-01
-5.166037082672119141e-01 -5.157577991485595703e-01 -6.834575533866882324e-01 -2.156827925659932532e+00
5.991841554641723633e-01 3.524373471736907959e-01 -7.188645005226135254e-01 -2.461147996518579184e+00
0.000000000000000000e+00 0.000000000000000000e+00 0.000000000000000000e+00 1.000000000000000000e+00
6.082513332366943359e-01 -7.757968306541442871e-01 1.678386777639389038e-01 6.513336825359028470e-01
-5.713354945182800293e-01 -5.747044682502746582e-01 -5.859103202819824219e-01 -1.719152809831448581e+00
5.510048866271972656e-01 2.604883909225463867e-01 -7.928048968315124512e-01 -2.661502030206452041e+00
0.000000000000000000e+00 0.000000000000000000e+00 0.000000000000000000e+00 1.000000000000000000e+00
5.976241827011108398e-01 -7.869969010353088379e-01 1.532332152128219604e-01 5.495751937841175661e-01
-6.634870171546936035e-01 -5.927310585975646973e-01 -4.565685093402862549e-01 -1.245296942093312875e+00
4.501443207263946533e-01 1.711881011724472046e-01 -8.763930201530456543e-01 -2.889502829704752696e+00
0.000000000000000000e+00 0.000000000000000000e+00 0.000000000000000000e+00 1.000000000000000000e+00
5.817005038261413574e-01 -7.923169732093811035e-01 1.840074807405471802e-01 6.001527814336173883e-01
-7.147318124771118164e-01 -6.058797836303710938e-01 -3.493827283382415771e-01 -8.357461635562578595e-01
3.883080482482910156e-01 7.171995937824249268e-02 -9.187343120574951172e-01 -2.979109485337184449e+00
0.000000000000000000e+00 0.000000000000000000e+00 0.000000000000000000e+00 1.000000000000000000e+00
5.745468735694885254e-01 -7.838066816329956055e-01 2.356740236282348633e-01 7.217947216976361435e-01
-7.534708976745605469e-01 -6.189727187156677246e-01 -2.217071950435638428e-01 -3.393010109994522572e-01
3.196514546871185303e-01 -5.019235983490943909e-02 -9.462049007415771484e-01 -3.008873478099737930e+00
0.000000000000000000e+00 0.000000000000000000e+00 0.000000000000000000e+00 1.000000000000000000e+00
5.630326867103576660e-01 -7.887759208679199219e-01 2.466299831867218018e-01 7.365910052082053072e-01
-7.821668386459350586e-01 -6.049526929855346680e-01 -1.491561979055404663e-01 -7.875335917400290431e-02
2.668503820896148682e-01 -1.089259758591651917e-01 -9.575624465942382812e-01 -3.020687171960056094e+00
0.000000000000000000e+00 0.000000000000000000e+00 0.000000000000000000e+00 1.000000000000000000e+00
5.388846397399902344e-01 -8.048931360244750977e-01 2.484957575798034668e-01 7.042712014641318019e-01
-8.283216357231140137e-01 -5.599786043167114258e-01 -1.751867681741714478e-02 3.815991414572278972e-01
1.532528847455978394e-01 -1.963940113782882690e-01 -9.684745073318481445e-01 -3.025658320051659800e+00
0.000000000000000000e+00 0.000000000000000000e+00 0.000000000000000000e+00 1.000000000000000000e+00
5.299448370933532715e-01 -8.065949082374572754e-01 2.618455588817596436e-01 7.081979223534126122e-01
-8.471351265907287598e-01 -5.177170634269714355e-01 1.197145804762840271e-01 8.651292294470102062e-01
3.900074213743209839e-02 -2.852605879306793213e-01 -9.576561450958251953e-01 -2.961911356557291430e+00
0.000000000000000000e+00 0.000000000000000000e+00 0.000000000000000000e+00 1.000000000000000000e+00
5.355277657508850098e-01 -7.976623773574829102e-01 2.773889601230621338e-01 7.233307082452773429e-01
-8.422824740409851074e-01 -4.805960357189178467e-01 2.441052645444869995e-01 1.282382162577639928e+00
-6.140160188078880310e-02 -3.643648326396942139e-01 -9.292297363281250000e-01 -2.813553885109384645e+00
0.000000000000000000e+00 0.000000000000000000e+00 0.000000000000000000e+00 1.000000000000000000e+00
4.979467391967773438e-01 -8.185873627662658691e-01 2.862931787967681885e-01 7.389797554556156722e-01
-8.451235890388488770e-01 -3.840312659740447998e-01 3.718685209751129150e-01 1.724188559410449573e+00
-1.944614201784133911e-01 -4.271237254142761230e-01 -8.830345273017883301e-01 -2.574620329588591439e+00
0.000000000000000000e+00 0.000000000000000000e+00 0.000000000000000000e+00 1.000000000000000000e+00
4.751188755035400391e-01 -8.304064869880676270e-01 2.910106480121612549e-01 7.584231844701379011e-01
-8.251903057098388672e-01 -3.056738078594207764e-01 4.749995172023773193e-01 2.075072647727353559e+00
-3.054883182048797607e-01 -4.658202528953552246e-01 -8.304748535156250000e-01 -2.335796692888103099e+00
0.000000000000000000e+00 0.000000000000000000e+00 0.000000000000000000e+00 1.000000000000000000e+00
4.500241875648498535e-01 -8.394752740859985352e-01 3.045627474784851074e-01 8.549326031311449414e-01
-8.063362836837768555e-01 -2.354064583778381348e-01 5.425910949707031250e-01 2.296019000193246562e+00
-3.837959766387939453e-01 -4.897593259811401367e-01 -7.828387022018432617e-01 -2.122951595570016448e+00
0.000000000000000000e+00 0.000000000000000000e+00 0.000000000000000000e+00 1.000000000000000000e+00
4.048775434494018555e-01 -8.675593733787536621e-01 2.888157665729522705e-01 8.859571901623073398e-01
-7.867891788482666016e-01 -1.696172952651977539e-01 5.934582352638244629e-01 2.440067018975033530e+00
-4.658723175525665283e-01 -4.675153195858001709e-01 -7.512609958648681641e-01 -1.931566858255284291e+00
0.000000000000000000e+00 0.000000000000000000e+00 0.000000000000000000e+00 1.000000000000000000e+00
3.622740805149078369e-01 -8.923132419586181641e-01 2.693217694759368896e-01 9.230471532525529321e-01
-7.758933901786804199e-01 -1.285961866378784180e-01 6.176179647445678711e-01 2.475335285948613517e+00
-5.164749622344970703e-01 -4.327121973037719727e-01 -7.389273643493652344e-01 -1.804198326021841492e+00
0.000000000000000000e+00 0.000000000000000000e+00 0.000000000000000000e+00 1.000000000000000000e+00
2.631824314594268799e-01 -9.353253245353698730e-01 2.364345192909240723e-01 9.436279642840426085e-01
-7.710142135620117188e-01 -5.660896375775337219e-02 6.342969536781311035e-01 2.455441368339319919e+00
-5.798894762992858887e-01 -3.492302894592285156e-01 -7.360476851463317871e-01 -1.717834473997837730e+00
0.000000000000000000e+00 0.000000000000000000e+00 0.000000000000000000e+00 1.000000000000000000e+00
7.214976102113723755e-02 -9.807786941528320312e-01 1.812960803508758545e-01 9.229262227092748239e-01
-7.835295796394348145e-01 5.673757568001747131e-02 6.187588572502136230e-01 2.236803509509261101e+00
-6.171513795852661133e-01 -1.866940706968307495e-01 -7.643753290176391602e-01 -1.789614042979676967e+00
0.000000000000000000e+00 0.000000000000000000e+00 0.000000000000000000e+00 1.000000000000000000e+00
-9.869874268770217896e-02 -9.812574982643127441e-01 1.655066907405853271e-01 8.954248910058576483e-01
-7.868052124977111816e-01 1.787792593240737915e-01 5.907417535781860352e-01 2.019489239939592284e+00
-6.092588305473327637e-01 -7.191602140665054321e-02 -7.897037267684936523e-01 -1.882123428469629101e+00
0.000000000000000000e+00 0.000000000000000000e+00 0.000000000000000000e+00 1.000000000000000000e+00
-2.200865894556045532e-01 -9.583628177642822266e-01 1.819397658109664917e-01 9.327556239308332220e-01
-7.474211454391479492e-01 2.855247855186462402e-01 5.998640060424804688e-01 2.076061123472409342e+00
-6.268361210823059082e-01 -3.963512368500232697e-03 -7.791412472724914551e-01 -1.823925381306447546e+00
0.000000000000000000e+00 0.000000000000000000e+00 0.000000000000000000e+00 1.000000000000000000e+00
-2.666861414909362793e-01 -9.521096944808959961e-01 1.495493799448013306e-01 9.216997548614100921e-01
-7.066383361816406250e-01 2.986822128295898438e-01 6.414447426795959473e-01 2.262968752158642349e+00
-6.553936600685119629e-01 6.538712978363037109e-02 -7.524517774581909180e-01 -1.698653342240433739e+00
0.000000000000000000e+00 0.000000000000000000e+00 0.000000000000000000e+00 1.000000000000000000e+00
-3.745064139366149902e-01 -9.214313030242919922e-01 1.034839451313018799e-01 9.398000512873827539e-01
-6.897243857383728027e-01 3.514302372932434082e-01 6.330693364143371582e-01 2.195748433306397018e+00
-6.196975111961364746e-01 1.657133102416992188e-01 -7.671468257904052734e-01 -1.659575614346527006e+00
0.000000000000000000e+00 0.000000000000000000e+00 0.000000000000000000e+00 1.000000000000000000e+00
2.216349840164184570e-01 -9.215900301933288574e-01 3.186692297458648682e-01 9.510019496920850690e-01
-7.347264885902404785e-01 5.703944712877273560e-02 6.759612560272216797e-01 2.442547335171127987e+00
-6.411358714103698730e-01 -3.839515149593353271e-01 -6.644746065139770508e-01 -1.382172158198984313e+00
0.000000000000000000e+00 0.000000000000000000e+00 0.000000000000000000e+00 1.000000000000000000e+00
5.311374664306640625e-01 -7.841379046440124512e-01 3.209679722785949707e-01 7.432425819073461559e-01
-7.668145298957824707e-01 -2.837331295013427734e-01 5.757527351379394531e-01 2.326550837422553197e+00
-3.604003489017486572e-01 -5.519266724586486816e-01 -7.519896626472473145e-01 -2.147897810724893386e+00
0.000000000000000000e+00 0.000000000000000000e+00 0.000000000000000000e+00 1.000000000000000000e+00
5.921604037284851074e-01 -7.393716573715209961e-01 3.204309046268463135e-01 7.096798423333045003e-01
-7.690107822418212891e-01 -3.997004926204681396e-01 4.988608658313751221e-01 2.094484232029495185e+00
-2.407669872045516968e-01 -5.418201088905334473e-01 -8.052713274955749512e-01 -2.532756734987272385e+00
0.000000000000000000e+00 0.000000000000000000e+00 0.000000000000000000e+00 1.000000000000000000e+00
5.993172526359558105e-01 -7.459419369697570801e-01 2.904979586601257324e-01 6.014992869823568844e-01
-7.714314460754394531e-01 -4.412531852722167969e-01 4.584636986255645752e-01 1.975630638590675003e+00
-2.138042300939559937e-01 -4.988644719123840332e-01 -8.398936986923217773e-01 -2.738688652782080180e+00
0.000000000000000000e+00 0.000000000000000000e+00 0.000000000000000000e+00 1.000000000000000000e+00
6.219773888587951660e-01 -7.477508783340454102e-01 2.324063926935195923e-01 3.716082905141227521e-01
-7.632205486297607422e-01 -5.125739574432373047e-01 3.933977186679840088e-01 1.743357092169497413e+00
-1.750380843877792358e-01 -4.220620095729827881e-01 -8.895089030265808105e-01 -3.003410473048681251e+00
0.000000000000000000e+00 0.000000000000000000e+00 0.000000000000000000e+00 1.000000000000000000e+00
6.397902965545654297e-01 -7.538997530937194824e-01 1.493435502052307129e-01 5.040481339978397646e-02
-7.440710663795471191e-01 -5.589538216590881348e-01 3.659626543521881104e-01 1.650458129777614635e+00
-1.924230903387069702e-01 -3.452614247798919678e-01 -9.185684323310852051e-01 -3.165096295891582479e+00
0.000000000000000000e+00 0.000000000000000000e+00 0.000000000000000000e+00 1.000000000000000000e+00
6.504741311073303223e-01 -7.558316588401794434e-01 7.484135031700134277e-02 -2.555220247907686870e-01
-7.311459779739379883e-01 -5.964346528053283691e-01 3.311964571475982666e-01 1.522077709487209995e+00
-2.056909352540969849e-01 -2.701546251773834229e-01 -9.405889511108398438e-01 -3.298751430690679332e+00
0.000000000000000000e+00 0.000000000000000000e+00 0.000000000000000000e+00 1.000000000000000000e+00
6.658584475517272949e-01 -7.456820011138916016e-01 2.430569007992744446e-02 -4.819938378738808371e-01
-7.222587466239929199e-01 -6.360922455787658691e-01 2.715290784835815430e-01 1.295412403814676372e+00
-1.870138645172119141e-01 -1.983549743890762329e-01 -9.621233344078063965e-01 -3.434079950562799244e+00
0.000000000000000000e+00 0.000000000000000000e+00 0.000000000000000000e+00 1.000000000000000000e+00
7.093166112899780273e-01 -7.030432820320129395e-01 -5.098706483840942383e-02 -8.552880721017233068e-01
-6.815821528434753418e-01 -7.025128602981567383e-01 2.047473937273025513e-01 1.024415191114816936e+00
-1.797654777765274048e-01 -1.104788109660148621e-01 -9.774859547615051270e-01 -3.549537171499840049e+00
0.000000000000000000e+00 0.000000000000000000e+00 0.000000000000000000e+00 1.000000000000000000e+00
7.452439069747924805e-01 -6.601996421813964844e-01 -9.352802485227584839e-02 -1.078349270606666410e+00
-6.453129649162292480e-01 -7.494223117828369141e-01 1.481122970581054688e-01 7.812603263140419640e-01
-1.678757071495056152e-01 -5.002489686012268066e-02 -9.845380187034606934e-01 -3.616757887170932051e+00
0.000000000000000000e+00 0.000000000000000000e+00 0.000000000000000000e+00 1.000000000000000000e+00
7.687051296234130859e-01 -6.197343468666076660e-01 -1.581828594207763672e-01 -1.402591636045013468e+00
-6.182326674461364746e-01 -7.833347320556640625e-01 6.461263447999954224e-02 4.180956371623008594e-01
-1.639528125524520874e-01 4.812586680054664612e-02 -9.852932691574096680e-01 -3.653764022279987866e+00
0.000000000000000000e+00 0.000000000000000000e+00 0.000000000000000000e+00 1.000000000000000000e+00
7.940195202827453613e-01 -5.731825828552246094e-01 -2.024709433317184448e-01 -1.640106564191830874e+00
-5.877405405044555664e-01 -8.089116811752319336e-01 -1.493262406438589096e-02 6.098029010815216033e-02
-1.552219092845916748e-01 1.308571696281433105e-01 -9.791743159294128418e-01 -3.674642249036455421e+00
0.000000000000000000e+00 0.000000000000000000e+00 0.000000000000000000e+00 1.000000000000000000e+00
8.279750943183898926e-01 -5.137187838554382324e-01 -2.248331606388092041e-01 -1.796621738268368462e+00
-5.447376966476440430e-01 -8.320036530494689941e-01 -1.050259172916412354e-01 -3.533911553738004474e-01
-1.331081688404083252e-01 2.094340026378631592e-01 -9.687206149101257324e-01 -3.675035496512709887e+00
0.000000000000000000e+00 0.000000000000000000e+00 0.000000000000000000e+00 1.000000000000000000e+00
8.456343412399291992e-01 -4.895643889904022217e-01 -2.126722186803817749e-01 -1.803074012702172269e+00
-5.284769535064697266e-01 -8.238650560379028320e-01 -2.048375308513641357e-01 -8.085212161789873120e-01
-7.493197917938232422e-02 2.856101095676422119e-01 -9.554121494293212891e-01 -3.673651392378324498e+00
0.000000000000000000e+00 0.000000000000000000e+00 0.000000000000000000e+00 1.000000000000000000e+00
8.525763154029846191e-01 -4.923052787780761719e-01 -1.753528863191604614e-01 -1.696284505815413013e+00
-5.226023793220520020e-01 -8.031835556030273438e-01 -2.859765589237213135e-01 -1.198054864855107260e+00
-5.263222919893451035e-05 3.354568183422088623e-01 -9.420556426048278809e-01 -3.677515614299381230e+00
0.000000000000000000e+00 0.000000000000000000e+00 0.000000000000000000e+00 1.000000000000000000e+00
8.633329868316650391e-01 -4.877695143222808838e-01 -1.293708831071853638e-01 -1.549665795345385400e+00
-4.987396299839019775e-01 -7.856620550155639648e-01 -3.660513758659362793e-01 -1.585398569525596546e+00
7.690697908401489258e-02 3.805467784404754639e-01 -9.215582013130187988e-01 -3.658444897385839667e+00
0.000000000000000000e+00 0.000000000000000000e+00 0.000000000000000000e+00 1.000000000000000000e+00
8.768742084503173828e-01 -4.736323058605194092e-01 -8.224227279424667358e-02 -1.401773197175411934e+00
-4.568816721439361572e-01 -7.678997516632080078e-01 -4.489860534667968750e-01 -2.004350680954230413e+00
1.495006978511810303e-01 4.312793910503387451e-01 -8.897457122802734375e-01 -3.608770320622467054e+00
0.000000000000000000e+00 0.000000000000000000e+00 0.000000000000000000e+00 1.000000000000000000e+00
8.976514935493469238e-01 -4.393787980079650879e-01 -3.417019546031951904e-02 -1.235149658228671177e+00
-3.854841887950897217e-01 -7.452316880226135254e-01 -5.440873503684997559e-01 -2.492658889468279959e+00
2.135959416627883911e-01 5.015731453895568848e-01 -8.383322954177856445e-01 -3.534349326993111440e+00
0.000000000000000000e+00 0.000000000000000000e+00 0.000000000000000000e+00 1.000000000000000000e+00
9.305649995803833008e-01 -3.659947514533996582e-01 -9.804680012166500092e-03 -1.146308565354628772e+00
-2.944522500038146973e-01 -7.322117090225219727e-01 -6.141362190246582031e-01 -2.846927247312164067e+00
2.175917029380798340e-01 5.743808746337890625e-01 -7.891386747360229492e-01 -3.459179139382758006e+00
0.000000000000000000e+00 0.000000000000000000e+00 0.000000000000000000e+00 1.000000000000000000e+00
9.501392841339111328e-01 -3.068373799324035645e-01 5.555102601647377014e-02 -8.718113112295073908e-01
-1.907716244459152222e-01 -7.129060029983520508e-01 -6.748120784759521484e-01 -3.176222406319652247e+00
2.466602772474288940e-01 6.305677890777587891e-01 -7.358958721160888672e-01 -3.365571954555713674e+00
0.000000000000000000e+00 0.000000000000000000e+00 0.000000000000000000e+00 1.000000000000000000e+00
9.338107705116271973e-01 -3.256628811359405518e-01 1.481254547834396362e-01 -4.344049905667428102e-01
-1.244369149208068848e-01 -6.838246583938598633e-01 -7.189568281173706055e-01 -3.394920978433129122e+00
3.354294300079345703e-01 6.529373526573181152e-01 -6.790873408317565918e-01 -3.267572580333186316e+00
0.000000000000000000e+00 0.000000000000000000e+00 0.000000000000000000e+00 1.000000000000000000e+00
8.849475979804992676e-01 -3.934977650642395020e-01 2.490523606538772583e-01 8.958680544544246616e-02
-7.722696661949157715e-02 -6.514011025428771973e-01 -7.547928690910339355e-01 -3.587187645632801569e+00
4.592424631118774414e-01 6.487187147140502930e-01 -6.068444848060607910e-01 -3.060782144965343843e+00
0.000000000000000000e+00 0.000000000000000000e+00 0.000000000000000000e+00 1.000000000000000000e+00
9.669442176818847656e-01 -1.986664831638336182e-01 1.598443984985351562e-01 -4.474730784012037610e-01
-2.804092690348625183e-02 -7.059175372123718262e-01 -7.077385783195495605e-01 -3.323494379814688759e+00
2.534409761428833008e-01 6.798617243766784668e-01 -6.881537437438964844e-01 -3.124829897144879798e+00
0.000000000000000000e+00 0.000000000000000000e+00 0.000000000000000000e+00 1.000000000000000000e+00
9.496392011642456055e-01 -2.193809747695922852e-01 2.237350791692733765e-01 -1.952847968820608515e-01
-8.765524253249168396e-03 -7.323400378227233887e-01 -6.808824539184570312e-01 -3.149224042503371734e+00
3.132228553295135498e-01 6.446315646171569824e-01 -6.973817944526672363e-01 -3.219419605434291842e+00
0.000000000000000000e+00 0.000000000000000000e+00 0.000000000000000000e+00 1.000000000000000000e+00
9.307715296745300293e-01 -2.876221239566802979e-01 2.256946116685867310e-01 -2.087992811169447627e-01
-4.586985334753990173e-02 -7.043167948722839355e-01 -7.084022164344787598e-01 -3.254465360662979645e+00
3.627125322818756104e-01 6.490077376365661621e-01 -6.687510609626770020e-01 -3.111526942156021214e+00
0.000000000000000000e+00 0.000000000000000000e+00 0.000000000000000000e+00 1.000000000000000000e+00
8.617860078811645508e-01 -3.757392168045043945e-01 3.408004045486450195e-01 3.790516696178362621e-01
2.583505772054195404e-02 -6.384482979774475098e-01 -7.692307233810424805e-01 -3.625483441990926536e+00
5.066136717796325684e-01 6.717169880867004395e-01 -5.404986739158630371e-01 -2.616535907458718668e+00
0.000000000000000000e+00 0.000000000000000000e+00 0.000000000000000000e+00 1.000000000000000000e+00
7.564352750778198242e-01 -4.840343296527862549e-01 4.399049580097198486e-01 9.797918513927451611e-01
8.055738359689712524e-02 -5.985009670257568359e-01 -7.970612645149230957e-01 -3.806909415140347530e+00
6.490887403488159180e-01 6.383630633354187012e-01 -4.137347638607025146e-01 -2.125854722246382167e+00
0.000000000000000000e+00 0.000000000000000000e+00 0.000000000000000000e+00 1.000000000000000000e+00
6.350498199462890625e-01 -5.739897489547729492e-01 5.169597864151000977e-01 1.493695669102933721e+00
1.372325718402862549e-01 -5.747523307800292969e-01 -8.067385554313659668e-01 -3.897638472878315774e+00
7.601832747459411621e-01 5.832626819610595703e-01 -2.862262427806854248e-01 -1.575504085590387682e+00
0.000000000000000000e+00 0.000000000000000000e+00 0.000000000000000000e+00 1.000000000000000000e+00
4.643111824989318848e-01 -6.464323997497558594e-01 6.054258346557617188e-01 2.096052788470040618e+00
2.583682835102081299e-01 -5.549835562705993652e-01 -7.907207608222961426e-01 -3.895742075613915389e+00
8.471484780311584473e-01 5.235630869865417480e-01 -9.066754579544067383e-02 -6.724341726600638891e-01
0.000000000000000000e+00 0.000000000000000000e+00 0.000000000000000000e+00 1.000000000000000000e+00
3.779325485229492188e-01 -6.722391843795776367e-01 6.366018056869506836e-01 2.331057639007323878e+00
3.335241079330444336e-01 -5.425771474838256836e-01 -7.709551453590393066e-01 -3.843992533105502041e+00
8.636716604232788086e-01 5.036910772323608398e-01 1.915039680898189545e-02 -1.369236803976959238e-01
0.000000000000000000e+00 0.000000000000000000e+00 0.000000000000000000e+00 1.000000000000000000e+00
3.141847252845764160e-01 -6.918373107910156250e-01 6.501145362854003906e-01 2.471597580782220138e+00
3.817818760871887207e-01 -5.349034070968627930e-01 -7.537379860877990723e-01 -3.778747975286830041e+00
8.692126274108886719e-01 4.850149452686309814e-01 9.607253968715667725e-02 2.721083443025100190e-01
0.000000000000000000e+00 0.000000000000000000e+00 0.000000000000000000e+00 1.000000000000000000e+00
4.662257730960845947e-01 -5.243643522262573242e-01 7.125133872032165527e-01 2.823676490644031034e+00
