0.9060453176498413 0.4230337142944336 -0.01114434469491243 -0.02684623561799526 
-0.3714422583580017 0.8076140284538269 0.4580283164978027 -0.1207187846302986 
0.2027618885040283 -0.4108548760414124 0.8888676762580872 -0.2436291426420212 
0 0 0 1 

0.9162006974220276 0.4006406962871552 -0.007954365573823452 -0.0305034015327692 
-0.33055779337883 0.7668552398681641 0.5501493811607361 -0.1514401584863663 
0.2265121936798096 -0.5014178156852722 0.8350282311439514 -0.2302843630313873 
0 0 0 1 

0.9082923531532288 0.4181585609912872 0.01217769458889961 -0.03752546012401581 
-0.3320194780826569 0.7028675675392151 0.6290786266326904 -0.1752111315727234 
0.2544954419136047 -0.5754305124282837 0.7772461175918579 -0.2165135741233826 
0 0 0 1 

0.9165031909942627 0.3988165259361267 0.03110111318528652 -0.04523280635476112 
-0.2952719330787659 0.6219972372055054 0.7252128720283508 -0.2056949287652969 
0.2698821425437927 -0.6738432049751282 0.6878218054771423 -0.1918430775403976 
0 0 0 1 

0.9253393411636353 0.3749590218067169 0.05615030229091644 -0.05433528870344162 
-0.2689731419086456 0.5448472499847412 0.7942259311676025 -0.2283609956502914 
0.2672089040279388 -0.7500313520431519 0.6050224900245667 -0.1667068600654602 
0 0 0 1 

0.9330785870552063 0.3562269508838654 0.04966546967625618 -0.0542018860578537 
-0.2257722467184067 0.4726063311100006 0.8518626093864441 -0.2481411844491959 
0.2799842357635498 -0.8060678839683533 0.521405041217804 -0.1432301551103592 
0 0 0 1 

0.9426717758178711 0.3297107219696045 0.0515822172164917 -0.0578475221991539 
-0.1914578229188919 0.4077172875404358 0.8928104639053345 -0.2620783150196075 
0.2733382284641266 -0.8515030145645142 0.4474692642688751 -0.1225266754627228 
0 0 0 1 

0.9552249908447266 0.2919832766056061 0.04786404967308044 -0.05979308858513832 
-0.150147870182991 0.3389636874198914 0.9287405610084534 -0.2758899331092834 
0.2549525797367096 -0.894342839717865 0.3676272332668304 -0.09815416485071182 
0 0 0 1 

0.9722701907157898 -0.0132654532790184 -0.2334838062524796 0.02545797824859619 
0.2269864231348038 0.2938134670257568 0.928520679473877 -0.3208959996700287 
0.05628342926502228 -0.9557706117630005 0.2886771559715271 -0.06443358957767487 
0 0 0 1 

0.9797630906105042 0.02229298837482929 -0.1989151984453201 0.01226219069212675 
0.1810389012098312 0.3251895308494568 0.9281575083732605 -0.3171782493591309 
0.08537651598453522 -0.9453858733177185 0.3145727813243866 -0.07552184164524078 
0 0 0 1 

