0.9060453176498413 0.423033744096756 -0.01114431396126747 -0.02684621512889862 
-0.3714422881603241 0.8076139688491821 0.4580283463001251 -0.1207187548279762 
0.2027619332075119 -0.4108548760414124 0.8888675570487976 -0.2436291575431824 
0 0 0 1 

0.9162006378173828 0.4006407260894775 -0.007954363711178303 -0.03050338104367256 
-0.33055779337883 0.7668551802635193 0.5501494407653809 -0.1514401286840439 
0.2265122383832932 -0.501417875289917 0.8350282311439514 -0.2302843928337097 
0 0 0 1 

0.9082924723625183 0.4181585013866425 0.01217764429748058 -0.03752544522285461 
-0.3320194780826569 0.7028676867485046 0.6290785074234009 -0.1752110719680786 
0.25449538230896 -0.5754304528236389 0.7772462368011475 -0.2165135592222214 
0 0 0 1 

0.9165031909942627 0.3988163769245148 0.03110108897089958 -0.04523282498121262 
-0.2952718436717987 0.6219972968101501 0.7252127528190613 -0.205694854259491 
0.2698820531368256 -0.6738430261611938 0.6878219246864319 -0.19184310734272 
0 0 0 1 

0.9253393411636353 0.3749590218067169 0.05615029484033585 -0.05433528870344162 
-0.2689731419086456 0.5448472499847412 0.7942259311676025 -0.2283609807491302 
0.2672088742256165 -0.7500313520431519 0.6050224900245667 -0.1667068898677826 
0 0 0 1 

0.9330785870552063 0.3562269806861877 0.04966544359922409 -0.0542018823325634 
-0.2257722765207291 0.4726063907146454 0.8518626689910889 -0.2481412142515182 
0.2799842655658722 -0.8060678839683533 0.5214051604270935 -0.1432301700115204 
0 0 0 1 

0.9426718354225159 0.3297106921672821 0.0515822172164917 -0.0578475333750248 
-0.1914578080177307 0.4077173471450806 0.8928104043006897 -0.2620782256126404 
0.2733382284641266 -0.8515030145645142 0.4474693536758423 -0.1225267127156258 
0 0 0 1 

0.9552249908447266 0.2919832170009613 0.04786399751901627 -0.05979308485984802 
-0.1501478850841522 0.3389639556407928 0.9287404417991638 -0.2758899033069611 
0.2549524903297424 -0.894342839717865 0.3676275312900543 -0.0981542095541954 
0 0 0 1 

0.9722701907157898 -0.01326545607298613 -0.2334838211536407 0.02545797079801559 
0.226986438035965 0.293813556432724 0.928520679473877 -0.3208959400653839 
0.05628345534205437 -0.9557706713676453 0.2886772453784943 -0.06443361937999725 
0 0 0 1 

0.9787265658378601 0.01629133336246014 -0.2045241296291351 0.01484272815287113 
0.1886958926916122 0.3199158310890198 0.9284653663635254 -0.3181893229484558 
0.08055660873651505 -0.9473061561584473 0.3100361227989197 -0.07346950471401215 
0 0 0 1 

