0.5460456013679504 0.8372918963432312 -0.02786251530051231 -0.001953881932422519 
-0.8353322148323059 0.5416373610496521 -0.09406860917806625 0.06732648611068726 
-0.06367151439189911 0.074640192091465 0.9951757788658142 -0.298400491476059 
0 0 0 1 

0.4571403861045837 0.8865367770195007 -0.07123828679323196 0.01773669570684433 
-0.8892346620559692 0.4540712833404541 -0.05550608411431313 0.05600739642977715 
-0.01686093397438526 0.0887216329574585 0.9959137439727783 -0.3026718497276306 
0 0 0 1 

0.3498401343822479 0.9327657222747803 -0.08694780617952347 0.02736303582787514 
-0.9367020130157471 0.3496953547000885 -0.01739106699824333 0.04152654483914375 
0.01418344210833311 0.0875282809138298 0.9960610270500183 -0.3042990565299988 
0 0 0 1 

0.4318949580192566 0.8883771300315857 -0.1557321846485138 0.02854939363896847 
-0.8636055588722229 0.4571287930011749 0.2126460522413254 -0.0136449821293354 
0.2600995898246765 0.0426505021750927 0.9646393656730652 -0.3200872540473938 
0 0 0 1 

0.3318487107753754 0.9408568143844604 0.06829945743083954 -0.02288107760250568 
-0.9433293342590332 0.3311657011508942 0.02142234519124031 0.04738966003060341 
-0.0024630690459162 -0.07153785973787308 0.9974348545074463 -0.2953986525535583 
0 0 0 1 

0.3995008766651154 0.916095495223999 0.03417634591460228 -0.01660308241844177 
-0.916170060634613 0.4002841413021088 -0.02012375555932522 0.06117459014058113 
-0.03211553022265434 -0.02327189221978188 0.9992132186889648 -0.2910251915454865 
0 0 0 1 

0.581846296787262 0.8132609128952026 -0.007836819626390934 -0.01388013549149036 
-0.8131016492843628 0.5814662575721741 -0.02761244960129261 0.06216810643672943 
-0.01789928786456585 0.02243833057582378 0.9995880126953125 -0.2897464334964752 
0 0 0 1 

0.6434077024459839 0.7653452754020691 -0.01651689969003201 -0.01520358305424452 
-0.7654162049293518 0.6428065299987793 -0.03061924502253532 0.06093807145953178 
-0.01281713787466288 0.03234295919537544 0.9993946552276611 -0.289287269115448 
0 0 0 1 

0.7306393384933472 0.6808817982673645 -0.05065565928816795 -0.01151740085333586 
-0.6827515959739685 0.7290511727333069 -0.04831650853157043 0.06287901103496552 
0.004032718017697334 0.0698871836066246 0.9975467324256897 -0.2877324819564819 
0 0 0 1 

0.8069463968276978 0.5851508975028992 -0.08022473007440567 -0.008098958060145378 
-0.5900723338127136 0.8045929670333862 -0.066668801009655 0.06334728747606277 
0.02553695812821388 0.1011365279555321 0.9945448040962219 -0.2859196662902832 
0 0 0 1 

