1 0 0 -0.04542167112231255 
0 1 0 0.0009935460984706879 
0 0 1 -0.2875000238418579 
0 0 0 1 

0.9966451525688171 0.08072152733802795 0.0134972995147109 -0.04810792952775955 
-0.08045325428247452 0.9965702891349792 -0.01936066150665283 0.01035560108721256 
-0.01501382514834404 0.01820980943739414 0.9997214674949646 -0.2933962941169739 
0 0 0 1 

0.9860292077064514 0.1629781275987625 0.0344197116792202 -0.05266308784484863 
-0.161142885684967 0.9856287837028503 -0.05067890882492065 0.02505612373352051 
-0.04218466952443123 0.04442433640360832 0.9981219172477722 -0.2924470901489258 
0 0 0 1 

0.9660896062850952 0.2560208439826965 0.03352714329957962 -0.0499892458319664 
-0.2529788315296173 0.9645125269889832 -0.07561299949884415 0.0379505529999733 
-0.05169586092233658 0.06456726044416428 0.9965735673904419 -0.2922040224075317 
0 0 0 1 

0.9378651976585388 0.3439527153968811 0.04588266834616661 -0.0508396290242672 
-0.3365010619163513 0.9337835311889648 -0.1217178776860237 0.05646029859781265 
-0.08470971882343292 0.09871537238359451 0.9915036559104919 -0.2895452380180359 
0 0 0 1 

0.891895055770874 0.4513896703720093 0.027756592258811 -0.04227340966463089 
-0.4438537955284119 0.8854677677154541 -0.1376242339611053 0.06565674394369125 
-0.08669976890087128 0.1104264855384827 0.9900954961776733 -0.2901028990745544 
0 0 0 1 

0.8442853689193726 0.535740077495575 0.01282923854887486 -0.03470808267593384 
-0.526811420917511 0.8341275453567505 -0.1634034663438797 0.07767686247825623 
-0.09824305772781372 0.1312005370855331 0.9864758849143982 -0.2890691459178925 
0 0 0 1 

0.7949538826942444 0.6066241264343262 -0.007445415947586298 -0.02552877552807331 
-0.5989705324172974 0.7828569412231445 -0.1684316545724869 0.08254490047693253 
-0.09634603559970856 0.1383549720048904 0.9856852293014526 -0.2898443043231964 
0 0 0 1 

0.5498989820480347 0.8341193795204163 -0.04307945072650909 0.001850857515819371 
-0.8333995938301086 0.5445490479469299 -0.09439951926469803 0.06674183905124664 
-0.05528160184621811 0.08781259506940842 0.994601845741272 -0.2984229624271393 
0 0 0 1 

0.8793255686759949 0.4751563668251038 -0.03182962909340858 -0.02631676569581032 
-0.4668651521205902 0.8469382524490356 -0.2544265389442444 0.09788024425506592 
-0.09393473714590073 0.2385837435722351 0.9665681719779968 -0.2531174421310425 
0 0 0 1 

