0.9237743020057678 0.2086292803287506 -0.3211150765419006 0.05153984948992729 
-0.3769261538982391 0.3473863899707794 -0.8586319088935852 0.3006719648838043 
-0.0675848126411438 0.9142189621925354 0.3995445668697357 -0.08780720829963684 
0 0 0 1 

0.8838364481925964 0.1571481823921204 -0.440610408782959 0.09068109095096588 
-0.4635381996631622 0.4210000038146973 -0.7796738147735596 0.2867975234985352 
0.06297262012958527 0.8933438062667847 0.4449392259120941 -0.1128640547394753 
0 0 0 1 

0.8696246147155762 0.1330996751785278 -0.4754340350627899 0.1022565960884094 
-0.4721072316169739 0.505940854549408 -0.721899151802063 0.26946160197258 
0.1444568932056427 0.8522372245788574 0.5028159022331238 -0.1390282064676285 
0 0 0 1 

0.8569902777671814 0.1217936873435974 -0.5007333159446716 0.1106030568480492 
-0.4698539078235626 0.583777904510498 -0.6621484160423279 0.2527559697628021 
0.2116715312004089 0.8027263283729553 0.5575172901153564 -0.1584945470094681 
0 0 0 1 

0.8365114331245422 0.08351874351501465 -0.5415471196174622 0.1214216947555542 
-0.4429157972335815 0.6849325895309448 -0.5785264372825623 0.2276341915130615 
0.3226054310798645 0.7238037586212158 0.6099457144737244 -0.181359589099884 
0 0 0 1 

0.81667160987854 0.09492281079292297 -0.5692424178123474 0.1319272965192795 
-0.4421099424362183 0.736890971660614 -0.5114001631736755 0.2078428715467453 
0.3709260225296021 0.6693138480186462 0.643764317035675 -0.1965878009796143 
0 0 0 1 

0.7916236519813538 0.1411034613847733 -0.5944927334785461 0.14356929063797 
-0.4481715261936188 0.7954156994819641 -0.4079899489879608 0.1772307902574539 
0.4152999520301819 0.589409351348877 0.6929084658622742 -0.2167686223983765 
0 0 0 1 

0.7599793672561646 0.1991676241159439 -0.6186787486076355 0.1554072946310043 
-0.4548708200454712 0.8429052829742432 -0.2874074578285217 0.1410003006458282 
0.4642453193664551 0.4998427927494049 0.7311862111091614 -0.2347076684236526 
0 0 0 1 

0.5931903719902039 0.7884758710861206 0.1625757962465286 -0.04809103533625603 
-0.6772240996360779 0.5979080200195312 -0.4288045465946198 0.1636494398117065 
-0.4353074729442596 0.1442623883485794 0.8886482119560242 -0.2254772186279297 
0 0 0 1 

0.6032916903495789 0.7780159115791321 0.1753014475107193 -0.05375703051686287 
-0.6385214328765869 0.6029013395309448 -0.4783309996128082 0.1782001107931137 
-0.4778385162353516 0.1766392886638641 0.8605051636695862 -0.2141388356685638 
0 0 0 1 

