1.000000000000000000e+00 0.000000000000000000e+00 0.000000000000000000e+00 -3.619798645377159119e-02
0.000000000000000000e+00 1.000000000000000000e+00 0.000000000000000000e+00 -1.327119767665863037e-03
0.000000000000000000e+00 0.000000000000000000e+00 1.000000000000000000e+00 -2.960163652896881104e-01
0.000000000000000000e+00 0.000000000000000000e+00 0.000000000000000000e+00 1.000000000000000000e+00
9.906515479087829590e-01 1.363654136657714844e-01 -3.721972694620490074e-03 -3.833932429552078247e-02
-1.363579481840133667e-01 9.890621900558471680e-01 -5.623735859990119934e-02 2.821430005133152008e-02
-3.987574484199285507e-03 5.621915310621261597e-02 9.984105825424194336e-01 -2.974899709224700928e-01
0.000000000000000000e+00 0.000000000000000000e+00 0.000000000000000000e+00 1.000000000000000000e+00
9.720013737678527832e-01 2.340925186872482300e-01 2.034152857959270477e-02 -4.584136977791786194e-02
-2.309972047805786133e-01 9.678217172622680664e-01 -9.980552643537521362e-02 5.214782059192657471e-02
-4.305075109004974365e-02 9.231225401163101196e-02 9.947989583015441895e-01 -2.954691350460052490e-01
0.000000000000000000e+00 0.000000000000000000e+00 0.000000000000000000e+00 1.000000000000000000e+00
9.433556199073791504e-01 3.312166631221771240e-01 1.938059553503990173e-02 -4.457170888781547546e-02
-3.253317177295684814e-01 9.348959922790527344e-01 -1.418748199939727783e-01 7.399406284093856812e-02
-6.511021405458450317e-02 1.275332570075988770e-01 9.896948933601379395e-01 -2.925839722156524658e-01
0.000000000000000000e+00 0.000000000000000000e+00 0.000000000000000000e+00 1.000000000000000000e+00
8.977688550949096680e-01 4.404299855232238770e-01 -5.685083568096160889e-03 -3.157002106308937073e-02
-4.351690709590911865e-01 8.849015235900878906e-01 -1.660637259483337402e-01 8.808851242065429688e-02
-6.810875236988067627e-02 1.515608131885528564e-01 9.860986471176147461e-01 -2.913033068180084229e-01
0.000000000000000000e+00 0.000000000000000000e+00 0.000000000000000000e+00 1.000000000000000000e+00
8.331098556518554688e-01 5.526071786880493164e-01 -2.351591363549232483e-02 -2.014596574008464813e-02
-5.465436577796936035e-01 8.159485459327697754e-01 -1.884613931179046631e-01 1.017307117581367493e-01
-8.495739847421646118e-02 1.698614954948425293e-01 9.817990064620971680e-01 -2.895669937133789062e-01
0.000000000000000000e+00 0.000000000000000000e+00 0.000000000000000000e+00 1.000000000000000000e+00
7.568806409835815430e-01 6.512324213981628418e-01 -5.502527579665184021e-02 -3.285410115495324135e-03
-6.499345302581787109e-01 7.411702871322631836e-01 -1.680812984704971313e-01 9.920842945575714111e-02
-6.867699325084686279e-02 1.629803031682968140e-01 9.842361807823181152e-01 -2.928410768508911133e-01
0.000000000000000000e+00 0.000000000000000000e+00 0.000000000000000000e+00 1.000000000000000000e+00
6.911246776580810547e-01 7.178922295570373535e-01 -8.352957665920257568e-02 9.635323658585548401e-03
-7.223536372184753418e-01 6.823743581771850586e-01 -1.121171638369560242e-01 8.138473331928253174e-02
-2.348964102566242218e-02 1.378248333930969238e-01 9.901779890060424805e-01 -2.995450198650360107e-01
0.000000000000000000e+00 0.000000000000000000e+00 0.000000000000000000e+00 1.000000000000000000e+00
5.886389017105102539e-01 8.073730468750000000e-01 -4.065269604325294495e-02 -9.634847810957580805e-05
-8.076756000518798828e-01 5.852481126785278320e-01 -7.172451168298721313e-02 6.844593584537506104e-02
-3.411655128002166748e-02 7.505403459072113037e-02 9.965957403182983398e-01 -3.070752322673797607e-01
0.000000000000000000e+00 0.000000000000000000e+00 0.000000000000000000e+00 1.000000000000000000e+00
5.038868188858032227e-01 8.619341850280761719e-01 -5.628043785691261292e-02 9.262580424547195435e-03
-8.636069893836975098e-01 5.014568567276000977e-01 -5.219168961048126221e-02 6.297303736209869385e-02
-1.676358655095100403e-02 7.490287721157073975e-02 9.970498681068420410e-01 -3.108911514282226562e-01
0.000000000000000000e+00 0.000000000000000000e+00 0.000000000000000000e+00 1.000000000000000000e+00
4.043578207492828369e-01 9.122930169105529785e-01 -6.493201106786727905e-02 1.700511947274208069e-02
-9.142794013023376465e-01 4.050778448581695557e-01 -2.252748701721429825e-03 4.505812749266624451e-02
2.424734830856323242e-02 6.027691811323165894e-02 9.978871345520019531e-01 -3.149867951869964600e-01
0.000000000000000000e+00 0.000000000000000000e+00 0.000000000000000000e+00 1.000000000000000000e+00
2.929170131683349609e-01 9.538546204566955566e-01 -6.603869795799255371e-02 2.253143489360809326e-02
-9.548068642616271973e-01 2.954537272453308105e-01 3.241540491580963135e-02 3.197955340147018433e-02
5.043094977736473083e-02 5.355918407440185547e-02 9.972903728485107422e-01 -3.174400329589843750e-01
0.000000000000000000e+00 0.000000000000000000e+00 0.000000000000000000e+00 1.000000000000000000e+00
1.715630739927291870e-01 9.813591837882995605e-01 -8.660252392292022705e-02 3.450686857104301453e-02
-9.826469421386718750e-01 1.767518073320388794e-01 5.624621734023094177e-02 2.275089919567108154e-02
7.050488889217376709e-02 7.544994354248046875e-02 9.946539402008056641e-01 -3.178533315658569336e-01
0.000000000000000000e+00 0.000000000000000000e+00 0.000000000000000000e+00 1.000000000000000000e+00
9.808396548032760620e-02 9.899643659591674805e-01 -1.017338037490844727e-01 4.238614812493324280e-02
-9.906696677207946777e-01 1.068475767970085144e-01 8.459821343421936035e-02 1.190217025578022003e-02
9.461923688650131226e-02 9.248689562082290649e-02 9.912081360816955566e-01 -3.167734742164611816e-01
0.000000000000000000e+00 0.000000000000000000e+00 0.000000000000000000e+00 1.000000000000000000e+00
1.744334958493709564e-02 9.948660731315612793e-01 -9.968461096286773682e-02 4.632193222641944885e-02
-9.972334504127502441e-01 2.451618760824203491e-02 7.017366588115692139e-02 1.865510456264019012e-02
7.225728780031204224e-02 9.818478673696517944e-02 9.925414919853210449e-01 -3.111577332019805908e-01
0.000000000000000000e+00 0.000000000000000000e+00 0.000000000000000000e+00 1.000000000000000000e+00
-9.174717962741851807e-02 8.878642320632934570e-01 -4.508651494979858398e-01 1.684126108884811401e-01
-9.903969764709472656e-01 -3.433634713292121887e-02 1.339207738637924194e-01 -2.133798552677035332e-03
1.034223884344100952e-01 4.588224291801452637e-01 8.824882507324218750e-01 -2.690911293029785156e-01
0.000000000000000000e+00 0.000000000000000000e+00 0.000000000000000000e+00 1.000000000000000000e+00
-1.633983105421066284e-01 8.664293289184570312e-01 -4.718059599399566650e-01 1.768322885036468506e-01
-9.776313900947570801e-01 -7.800827920436859131e-02 1.953232139348983765e-01 -2.424571849405765533e-02
1.324289739131927490e-01 4.931680262088775635e-01 8.597954511642456055e-01 -2.627954781055450439e-01
0.000000000000000000e+00 0.000000000000000000e+00 0.000000000000000000e+00 1.000000000000000000e+00
-1.310987770557403564e-01 8.007040023803710938e-01 -5.845393538475036621e-01 2.060685902833938599e-01
-9.912865161895751953e-01 -1.135090962052345276e-01 6.683772057294845581e-02 1.755162701010704041e-02
-1.283331122249364853e-02 5.882081389427185059e-01 8.086075782775878906e-01 -2.393171489238739014e-01
0.000000000000000000e+00 0.000000000000000000e+00 0.000000000000000000e+00 1.000000000000000000e+00
-8.481121063232421875e-02 7.237828373908996582e-01 -6.847958564758300781e-01 2.279632538557052612e-01
-9.947034120559692383e-01 -2.144862525165081024e-02 1.005231663584709167e-01 1.013755984604358673e-02
5.806901678442955017e-02 6.896943449974060059e-01 7.217685580253601074e-01 -2.219492346048355103e-01
0.000000000000000000e+00 0.000000000000000000e+00 0.000000000000000000e+00 1.000000000000000000e+00
-5.994577333331108093e-02 5.399694442749023438e-01 -8.395472168922424316e-01 2.731756567955017090e-01
-9.855681657791137695e-01 1.013715863227844238e-01 1.355708688497543335e-01 -1.075617852620780468e-03
1.583103984594345093e-01 8.355579972267150879e-01 5.260998606681823730e-01 -1.603663861751556396e-01
0.000000000000000000e+00 0.000000000000000000e+00 0.000000000000000000e+00 1.000000000000000000e+00
-1.221859455108642578e-01 4.035770297050476074e-01 -9.067502617835998535e-01 2.924843728542327881e-01
-9.857167005538940430e-01 5.734254047274589539e-02 1.583489924669265747e-01 -1.211750134825706482e-02
1.159013062715530396e-01 9.131469130516052246e-01 3.908063769340515137e-01 -1.133260801434516907e-01
0.000000000000000000e+00 0.000000000000000000e+00 0.000000000000000000e+00 1.000000000000000000e+00
-1.923971325159072876e-01 3.057923018932342529e-01 -9.324559569358825684e-01 3.019969463348388672e-01
-9.749361872673034668e-01 4.861878231167793274e-02 2.171065211296081543e-01 -3.127381205558776855e-02
1.117243394255638123e-01 9.508558511734008789e-01 2.887739837169647217e-01 -8.094502240419387817e-02
0.000000000000000000e+00 0.000000000000000000e+00 0.000000000000000000e+00 1.000000000000000000e+00
-2.743670344352722168e-01 1.835139393806457520e-01 -9.439519047737121582e-01 3.089836239814758301e-01
-9.589750170707702637e-01 2.060853131115436554e-02 2.827401459217071533e-01 -5.281218141317367554e-02
7.134018093347549438e-02 9.828010201454162598e-01 1.703311502933502197e-01 -4.119177162647247314e-02
0.000000000000000000e+00 0.000000000000000000e+00 0.000000000000000000e+00 1.000000000000000000e+00
-1.781068891286849976e-01 -8.334919810295104980e-01 -5.230386257171630859e-01 1.694284230470657349e-01
-9.512538909912109375e-01 9.835287928581237793e-03 3.082512617111206055e-01 -5.855401605367660522e-02
-2.517806291580200195e-01 5.524443984031677246e-01 -7.946140170097351074e-01 2.795050442218780518e-01
0.000000000000000000e+00 0.000000000000000000e+00 0.000000000000000000e+00 1.000000000000000000e+00
-1.778399795293807983e-01 -8.514992594718933105e-01 -4.932774901390075684e-01 1.588969528675079346e-01
-9.700802564620971680e-01 6.750550866127014160e-02 2.332115471363067627e-01 -3.521333262324333191e-02
-1.652803272008895874e-01 5.199931263923645020e-01 -8.380272984504699707e-01 2.884404957294464111e-01
0.000000000000000000e+00 0.000000000000000000e+00 0.000000000000000000e+00 1.000000000000000000e+00
-9.143096208572387695e-02 -8.538320064544677734e-01 -5.124554634094238281e-01 1.576329469680786133e-01
-9.907327890396118164e-01 2.608942054212093353e-02 1.332957595586776733e-01 -1.023754826746881008e-03
-1.004426330327987671e-01 5.198937654495239258e-01 -8.483043313026428223e-01 2.873665988445281982e-01
0.000000000000000000e+00 0.000000000000000000e+00 0.000000000000000000e+00 1.000000000000000000e+00
2.016086876392364502e-02 -8.564304113388061523e-01 -5.158684253692626953e-01 1.492509543895721436e-01
-9.995585680007934570e-01 -2.852324023842811584e-02 8.289844729006290436e-03 4.142121970653533936e-02
-2.181399427354335785e-02 5.154736638069152832e-01 -8.566274046897888184e-01 2.844437658786773682e-01
0.000000000000000000e+00 0.000000000000000000e+00 0.000000000000000000e+00 1.000000000000000000e+00
5.274467542767524719e-02 -8.570976257324218750e-01 -5.124462842941284180e-01 1.451766788959503174e-01
-9.934799075126647949e-01 6.900034844875335693e-03 -1.137968674302101135e-01 8.070874959230422974e-02
1.010709479451179504e-01 5.151074528694152832e-01 -8.511456251144409180e-01 2.744967341423034668e-01
0.000000000000000000e+00 0.000000000000000000e+00 0.000000000000000000e+00 1.000000000000000000e+00
2.790540270507335663e-02 -8.668804168701171875e-01 -4.977345168590545654e-01 1.443745940923690796e-01
-9.804188013076782227e-01 7.336619496345520020e-02 -1.827455163002014160e-01 9.421781450510025024e-02
1.949355006217956543e-01 4.930880069732666016e-01 -8.478589057922363281e-01 2.699652314186096191e-01
0.000000000000000000e+00 0.000000000000000000e+00 0.000000000000000000e+00 1.000000000000000000e+00
-4.166552051901817322e-02 -8.681375384330749512e-01 -4.945706427097320557e-01 1.509566158056259155e-01
-9.937607645988464355e-01 8.726542443037033081e-02 -6.945945322513580322e-02 5.796459317207336426e-02
1.034592837095260620e-01 4.885912239551544189e-01 -8.663573861122131348e-01 2.910265624523162842e-01
0.000000000000000000e+00 0.000000000000000000e+00 0.000000000000000000e+00 1.000000000000000000e+00
-4.864799603819847107e-02 -8.538200855255126953e-01 -5.182905793190002441e-01 1.576472222805023193e-01
-9.936878085136413574e-01 -1.114400941878557205e-02 1.116288900375366211e-01 3.482095198705792427e-04
-1.010868921875953674e-01 5.204490423202514648e-01 -8.478876948356628418e-01 3.034467995166778564e-01
0.000000000000000000e+00 0.000000000000000000e+00 0.000000000000000000e+00 1.000000000000000000e+00
1.211094930768013000e-01 -8.362992405891418457e-01 -5.347298383712768555e-01 1.496116369962692261e-01
-9.876694679260253906e-01 -1.553598195314407349e-01 1.928351260721683502e-02 2.957066334784030914e-02
-9.920240938663482666e-02 5.258009433746337891e-01 -8.448027372360229492e-01 3.048111796379089355e-01
0.000000000000000000e+00 0.000000000000000000e+00 0.000000000000000000e+00 1.000000000000000000e+00
2.205937057733535767e-01 -7.841882109642028809e-01 -5.799888372421264648e-01 1.499197036027908325e-01
-9.476537108421325684e-01 -3.130545914173126221e-01 6.284108012914657593e-02 1.450030226260423660e-02
-2.308472692966461182e-01 5.357662439346313477e-01 -8.121967315673828125e-01 3.002806901931762695e-01
0.000000000000000000e+00 0.000000000000000000e+00 0.000000000000000000e+00 1.000000000000000000e+00
3.290347456932067871e-01 -7.203503251075744629e-01 -6.105985641479492188e-01 1.442843675613403320e-01
-9.134809970855712891e-01 -4.066902995109558105e-01 -1.245870999991893768e-02 3.713493421673774719e-02
-2.393500357866287231e-01 5.618697404861450195e-01 -7.918418049812316895e-01 2.886460423469543457e-01
0.000000000000000000e+00 0.000000000000000000e+00 0.000000000000000000e+00 1.000000000000000000e+00
3.558208644390106201e-01 -7.176572680473327637e-01 -5.986313819885253906e-01 1.374908387660980225e-01
-9.221652746200561523e-01 -3.735715150833129883e-01 -1.002775728702545166e-01 6.603099405765533447e-02
-1.516667157411575317e-01 5.877180695533752441e-01 -7.947229146957397461e-01 2.810423374176025391e-01
0.000000000000000000e+00 0.000000000000000000e+00 0.000000000000000000e+00 1.000000000000000000e+00
3.705452084541320801e-01 -7.067232728004455566e-01 -6.026921868324279785e-01 1.383048295974731445e-01
-9.257230162620544434e-01 -3.339042067527770996e-01 -1.776099354028701782e-01 9.056019037961959839e-02
-7.572042942047119141e-02 6.237385272979736328e-01 -7.779564857482910156e-01 2.691449224948883057e-01
0.000000000000000000e+00 0.000000000000000000e+00 0.000000000000000000e+00 1.000000000000000000e+00
5.326147675514221191e-01 -6.027332544326782227e-01 -5.941672325134277344e-01 1.302313953638076782e-01
-8.429939746856689453e-01 -4.403214752674102783e-01 -3.089950680732727051e-01 1.265220344066619873e-01
-7.538282126188278198e-02 6.654545664787292480e-01 -7.426220774650573730e-01 2.568127512931823730e-01
0.000000000000000000e+00 0.000000000000000000e+00 0.000000000000000000e+00 1.000000000000000000e+00
6.811484694480895996e-01 -4.143847823143005371e-01 -6.035911440849304199e-01 1.288602203130722046e-01
-7.118995189666748047e-01 -5.673942565917968750e-01 -4.138388633728027344e-01 1.565738767385482788e-01
-1.709858030080795288e-01 7.115817666053771973e-01 -6.814802885055541992e-01 2.521366477012634277e-01
0.000000000000000000e+00 0.000000000000000000e+00 0.000000000000000000e+00 1.000000000000000000e+00
7.016374468803405762e-01 -3.317104578018188477e-01 -6.306130886077880859e-01 1.338248550891876221e-01
-6.520158648490905762e-01 -6.558296680450439453e-01 -3.804761767387390137e-01 1.443795412778854370e-01
-2.873671054840087891e-01 6.781264543533325195e-01 -6.764353513717651367e-01 2.616808116436004639e-01
0.000000000000000000e+00 0.000000000000000000e+00 0.000000000000000000e+00 1.000000000000000000e+00
7.464663386344909668e-01 -2.451415657997131348e-01 -6.186218857765197754e-01 1.348577886819839478e-01
-5.742688775062561035e-01 -7.069778442382812500e-01 -4.127930104732513428e-01 1.470284759998321533e-01
-3.361592292785644531e-01 6.633912920951843262e-01 -6.685121655464172363e-01 2.588682770729064941e-01
0.000000000000000000e+00 0.000000000000000000e+00 0.000000000000000000e+00 1.000000000000000000e+00
7.352529764175415039e-01 -2.375813573598861694e-01 -6.347898840904235840e-01 1.472037732601165771e-01
-5.465604662895202637e-01 -7.616958618164062500e-01 -3.479820787906646729e-01 1.194196864962577820e-01
-4.008425176143646240e-01 6.028057932853698730e-01 -6.898915767669677734e-01 2.696002125740051270e-01
0.000000000000000000e+00 0.000000000000000000e+00 0.000000000000000000e+00 1.000000000000000000e+00
7.241017818450927734e-01 -3.296118974685668945e-01 -6.058325767517089844e-01 1.464246362447738647e-01
-5.884895920753479004e-01 -7.533500790596008301e-01 -2.935023307800292969e-01 9.835393726825714111e-02
-3.596622347831726074e-01 5.690513253211975098e-01 -7.394754290580749512e-01 2.826398015022277832e-01
0.000000000000000000e+00 0.000000000000000000e+00 0.000000000000000000e+00 1.000000000000000000e+00
8.092869520187377930e-01 -1.750401258468627930e-01 -5.607274174690246582e-01 1.356947571039199829e-01
-5.291727185249328613e-01 -6.316474080085754395e-01 -5.665658116340637207e-01 1.843231171369552612e-01
-2.550106346607208252e-01 7.552359700202941895e-01 -6.038109064102172852e-01 2.442070245742797852e-01
0.000000000000000000e+00 0.000000000000000000e+00 0.000000000000000000e+00 1.000000000000000000e+00
8.486170172691345215e-01 -1.112040430307388306e-01 -5.171869397163391113e-01 1.202783882617950439e-01
-4.809578955173492432e-01 -5.693058371543884277e-01 -6.667609214782714844e-01 2.176239043474197388e-01
-2.202911525964736938e-01 8.145698904991149902e-01 -5.366073250770568848e-01 2.204968184232711792e-01
0.000000000000000000e+00 0.000000000000000000e+00 0.000000000000000000e+00 1.000000000000000000e+00
8.823014497756958008e-01 -6.012478098273277283e-02 -4.668287634849548340e-01 1.023114696145057678e-01
-4.316163063049316406e-01 -4.989761710166931152e-01 -7.514849901199340820e-01 2.457176893949508667e-01
-1.877536922693252563e-01 8.645272850990295410e-01 -4.661984145641326904e-01 1.956156492233276367e-01
0.000000000000000000e+00 0.000000000000000000e+00 0.000000000000000000e+00 1.000000000000000000e+00
9.176756143569946289e-01 5.208338145166635513e-03 -3.972965478897094727e-01 7.809115201234817505e-02
-3.608511090278625488e-01 -4.076015949249267578e-01 -8.388370871543884277e-01 2.742668688297271729e-01
-1.663077473640441895e-01 9.131452441215515137e-01 -3.721666038036346436e-01 1.629602164030075073e-01
0.000000000000000000e+00 0.000000000000000000e+00 0.000000000000000000e+00 1.000000000000000000e+00
9.577963352203369141e-01 -2.243860065937042236e-01 -1.796585619449615479e-01 3.723116591572761536e-03
-2.423710376024246216e-01 -2.943980693817138672e-01 -9.244382381439208984e-01 2.964773774147033691e-01
1.545399278402328491e-01 9.289674758911132812e-01 -3.363579511642456055e-01 1.312032043933868408e-01
0.000000000000000000e+00 0.000000000000000000e+00 0.000000000000000000e+00 1.000000000000000000e+00
9.815017580986022949e-01 -9.139001369476318359e-02 -1.682317256927490234e-01 7.383550400845706463e-04
-1.845122277736663818e-01 -2.170890569686889648e-01 -9.585549235343933105e-01 3.048586547374725342e-01
5.108109116554260254e-02 9.718640446662902832e-01 -2.299358695745468140e-01 1.003728955984115601e-01
0.000000000000000000e+00 0.000000000000000000e+00 0.000000000000000000e+00 1.000000000000000000e+00
9.707981348037719727e-01 -2.106949537992477417e-01 -1.147116422653198242e-01 -1.752261258661746979e-02
-1.393086761236190796e-01 -1.058310940861701965e-01 -9.845774769783020020e-01 3.106794059276580811e-01
1.953054219484329224e-01 9.718066453933715820e-01 -1.320922672748565674e-01 5.834016948938369751e-02
0.000000000000000000e+00 0.000000000000000000e+00 0.000000000000000000e+00 1.000000000000000000e+00
9.652714133262634277e-01 -2.314556092023849487e-01 -1.211589053273200989e-01 -1.627181842923164368e-02
-1.349192857742309570e-01 -4.451752826571464539e-02 -9.898561239242553711e-01 3.110218942165374756e-01
2.237140685319900513e-01 9.718261957168579102e-01 -7.419927418231964111e-02 3.675895184278488159e-02
0.000000000000000000e+00 0.000000000000000000e+00 0.000000000000000000e+00 1.000000000000000000e+00
9.828296899795532227e-01 -1.596850901842117310e-01 -9.244855493307113647e-02 -2.517439238727092743e-02
-8.777607232332229614e-02 3.608599305152893066e-02 -9.954861402511596680e-01 3.091223835945129395e-01
1.623003780841827393e-01 9.865082502365112305e-01 2.144979685544967651e-02 5.260627716779708862e-03
0.000000000000000000e+00 0.000000000000000000e+00 0.000000000000000000e+00 1.000000000000000000e+00
9.055500030517578125e-01 -4.128998816013336182e-01 -9.743436425924301147e-02 -2.057886682450771332e-02
-4.953136295080184937e-02 1.251976490020751953e-01 -9.908945560455322266e-01 3.033964037895202637e-01
4.213388860225677490e-01 9.021303057670593262e-01 9.292126446962356567e-02 -3.584604337811470032e-02
0.000000000000000000e+00 0.000000000000000000e+00 0.000000000000000000e+00 1.000000000000000000e+00
9.678052663803100586e-01 -1.709032505750656128e-01 -1.847827881574630737e-01 -4.162683617323637009e-04
-1.561191231012344360e-01 1.682609766721725464e-01 -9.733009934425354004e-01 3.059093356132507324e-01
1.974320858716964722e-01 9.708141684532165527e-01 1.361626237630844116e-01 -2.765188552439212799e-02
0.000000000000000000e+00 0.000000000000000000e+00 0.000000000000000000e+00 1.000000000000000000e+00
9.674041867256164551e-01 9.892432391643524170e-02 -2.331160306930541992e-01 1.752712577581405640e-02
-2.479382604360580444e-01 1.826662570238113403e-01 -9.513986110687255859e-01 3.085414171218872070e-01
-5.153403058648109436e-02 9.781856536865234375e-01 2.012392580509185791e-01 -3.053769655525684357e-02
0.000000000000000000e+00 0.000000000000000000e+00 0.000000000000000000e+00 1.000000000000000000e+00
8.310858607292175293e-01 5.220386385917663574e-01 -1.917610019445419312e-01 2.525782398879528046e-02
-3.647505044937133789e-01 2.513575255870819092e-01 -8.965358734130859375e-01 3.074402809143066406e-01
-4.198258221149444580e-01 8.150430917739868164e-01 3.993135094642639160e-01 -6.859906017780303955e-02
0.000000000000000000e+00 0.000000000000000000e+00 0.000000000000000000e+00 1.000000000000000000e+00
9.237742424011230469e-01 2.086292505264282227e-01 -3.211151659488677979e-01 5.153986066579818726e-02
-3.769262433052062988e-01 3.473863005638122559e-01 -8.586322069168090820e-01 3.006719946861267090e-01
-6.758484989404678345e-02 9.142190217971801758e-01 3.995443880558013916e-01 -8.780717849731445312e-02
0.000000000000000000e+00 0.000000000000000000e+00 0.000000000000000000e+00 1.000000000000000000e+00
8.838363885879516602e-01 1.571482568979263306e-01 -4.406104981899261475e-01 9.068110585212707520e-02
-4.635381996631622314e-01 4.209998250007629395e-01 -7.796738147735595703e-01 2.867975234985351562e-01
6.297252327203750610e-02 8.933439254760742188e-01 4.449392259120941162e-01 -1.128640100359916687e-01
0.000000000000000000e+00 0.000000000000000000e+00 0.000000000000000000e+00 1.000000000000000000e+00
8.696245551109313965e-01 1.330996602773666382e-01 -4.754340350627899170e-01 1.022566482424736023e-01
-4.721072614192962646e-01 5.059408545494079590e-01 -7.218992114067077637e-01 2.694616913795471191e-01
1.444569081068038940e-01 8.522371649742126465e-01 5.028159022331237793e-01 -1.390281617641448975e-01
0.000000000000000000e+00 0.000000000000000000e+00 0.000000000000000000e+00 1.000000000000000000e+00
8.569902777671813965e-01 1.217936426401138306e-01 -5.007334351539611816e-01 1.106030493974685669e-01
-4.698540270328521729e-01 5.837777853012084961e-01 -6.621485352516174316e-01 2.527559697628021240e-01
2.116715162992477417e-01 8.027264475822448730e-01 5.575171113014221191e-01 -1.584945470094680786e-01
0.000000000000000000e+00 0.000000000000000000e+00 0.000000000000000000e+00 1.000000000000000000e+00
8.365113735198974609e-01 8.351872116327285767e-02 -5.415471792221069336e-01 1.214217990636825562e-01
-4.429158866405487061e-01 6.849324703216552734e-01 -5.785264968872070312e-01 2.276343554258346558e-01
3.226054310798645020e-01 7.238038778305053711e-01 6.099455952644348145e-01 -1.813596040010452271e-01
0.000000000000000000e+00 0.000000000000000000e+00 0.000000000000000000e+00 1.000000000000000000e+00
8.166715502738952637e-01 9.492276608943939209e-02 -5.692425370216369629e-01 1.319273263216018677e-01
-4.421100020408630371e-01 7.368909120559692383e-01 -5.114002823829650879e-01 2.078428864479064941e-01
3.709260225296020508e-01 6.693139672279357910e-01 6.437641978263854980e-01 -1.965877264738082886e-01
0.000000000000000000e+00 0.000000000000000000e+00 0.000000000000000000e+00 1.000000000000000000e+00
7.916235923767089844e-01 1.411034613847732544e-01 -5.944927930831909180e-01 1.435693502426147461e-01
-4.481716156005859375e-01 7.954156994819641113e-01 -4.079900681972503662e-01 1.772308349609375000e-01
4.153000116348266602e-01 5.894094705581665039e-01 6.929084062576293945e-01 -2.167685776948928833e-01
0.000000000000000000e+00 0.000000000000000000e+00 0.000000000000000000e+00 1.000000000000000000e+00
7.599793076515197754e-01 1.991676092147827148e-01 -6.186789274215698242e-01 1.554073542356491089e-01
-4.548709392547607422e-01 8.429052829742431641e-01 -2.874075174331665039e-01 1.410003155469894409e-01
4.642454087734222412e-01 4.998428821563720703e-01 7.311860918998718262e-01 -2.347076684236526489e-01
0.000000000000000000e+00 0.000000000000000000e+00 0.000000000000000000e+00 1.000000000000000000e+00
7.329069972038269043e-01 2.657577693462371826e-01 -6.262748241424560547e-01 1.618790179491043091e-01
-4.606415331363677979e-01 8.712812066078186035e-01 -1.693466305732727051e-01 1.051013469696044922e-01
5.006562471389770508e-01 4.126035273075103760e-01 7.609871625900268555e-01 -2.488000839948654175e-01
0.000000000000000000e+00 0.000000000000000000e+00 0.000000000000000000e+00 1.000000000000000000e+00
7.132276296615600586e-01 3.470194339752197266e-01 -6.090019345283508301e-01 1.595797389745712280e-01
-4.356280863285064697e-01 9.001225829124450684e-01 2.722803270444273949e-03 5.119805410504341125e-02
5.491214990615844727e-01 2.633565068244934082e-01 7.931638360023498535e-01 -2.646727561950683594e-01
0.000000000000000000e+00 0.000000000000000000e+00 0.000000000000000000e+00 1.000000000000000000e+00
6.990438699722290039e-01 3.913076221942901611e-01 -5.985114574432373047e-01 1.555617749691009521e-01
-3.643333613872528076e-01 9.151028394699096680e-01 1.727650463581085205e-01 -7.681751623749732971e-03
6.153038144111633301e-01 9.728742390871047974e-02 7.822635173797607422e-01 -2.633198499679565430e-01
0.000000000000000000e+00 0.000000000000000000e+00 0.000000000000000000e+00 1.000000000000000000e+00
6.957131028175354004e-01 4.164082705974578857e-01 -5.853099226951599121e-01 1.503395736217498779e-01
-2.953115701675415039e-01 9.085909724235534668e-01 2.953866422176361084e-01 -5.199347808957099915e-02
6.548087000846862793e-01 -3.265554830431938171e-02 7.550888657569885254e-01 -2.566449940204620361e-01
0.000000000000000000e+00 0.000000000000000000e+00 0.000000000000000000e+00 1.000000000000000000e+00
6.853864192962646484e-01 4.511269032955169678e-01 -5.716028809547424316e-01 1.456783115863800049e-01
-2.398805320262908936e-01 8.810383081436157227e-01 4.077116847038269043e-01 -9.080693870782852173e-02
6.875336170196533203e-01 -1.423235684633255005e-01 7.120682597160339355e-01 -2.448294013738632202e-01
0.000000000000000000e+00 0.000000000000000000e+00 0.000000000000000000e+00 1.000000000000000000e+00
6.794627308845520020e-01 4.818480610847473145e-01 -5.533107519149780273e-01 1.401279866695404053e-01
-1.594047397375106812e-01 8.330598473548889160e-01 5.297181010246276855e-01 -1.355969011783599854e-01
7.161846756935119629e-01 -2.717233002185821533e-01 6.428421735763549805e-01 -2.251955419778823853e-01
0.000000000000000000e+00 0.000000000000000000e+00 0.000000000000000000e+00 1.000000000000000000e+00
6.644831895828247070e-01 5.111198425292968750e-01 -5.451774001121520996e-01 1.382797509431838989e-01
-9.309331327676773071e-02 7.804588675498962402e-01 6.182371973991394043e-01 -1.694768667221069336e-01
7.414819598197937012e-01 -3.600559234619140625e-01 5.661837458610534668e-01 -2.025237530469894409e-01
0.000000000000000000e+00 0.000000000000000000e+00 0.000000000000000000e+00 1.000000000000000000e+00
6.734545230865478516e-01 5.265091061592102051e-01 -5.188903212547302246e-01 1.294038891792297363e-01
-3.390688449144363403e-02 7.231972217559814453e-01 6.898086667060852051e-01 -1.979685574769973755e-01
7.384505867958068848e-01 -4.469607174396514893e-01 5.048926472663879395e-01 -1.841470897197723389e-01
0.000000000000000000e+00 0.000000000000000000e+00 0.000000000000000000e+00 1.000000000000000000e+00
6.909403204917907715e-01 5.287002325057983398e-01 -4.930289089679718018e-01 1.203315258026123047e-01
2.156494744122028351e-02 6.666267514228820801e-01 7.450796365737915039e-01 -2.205695360898971558e-01
7.225900888442993164e-01 -5.254376530647277832e-01 4.491979777812957764e-01 -1.676912605762481689e-01
0.000000000000000000e+00 0.000000000000000000e+00 0.000000000000000000e+00 1.000000000000000000e+00
7.406415343284606934e-01 5.088687539100646973e-01 -4.387513697147369385e-01 1.002310886979103088e-01
6.135625764727592468e-02 5.990496277809143066e-01 7.983577251434326172e-01 -2.419882565736770630e-01
6.690930128097534180e-01 -6.182169914245605469e-01 4.124587476253509521e-01 -1.559142470359802246e-01
0.000000000000000000e+00 0.000000000000000000e+00 0.000000000000000000e+00 1.000000000000000000e+00
7.976245284080505371e-01 4.728313386440277100e-01 -3.744671642780303955e-01 7.598374783992767334e-02
1.047216057777404785e-01 5.028550028800964355e-01 8.580033183097839355e-01 -2.683025002479553223e-01
5.939936637878417969e-01 -7.235795259475708008e-01 3.515738546848297119e-01 -1.360160112380981445e-01
0.000000000000000000e+00 0.000000000000000000e+00 0.000000000000000000e+00 1.000000000000000000e+00
8.570135235786437988e-01 4.207879602909088135e-01 -2.974313497543334961e-01 4.863302037119865417e-02
1.257720440626144409e-01 3.889353275299072266e-01 9.126393198966979980e-01 -2.908101081848144531e-01
4.997090995311737061e-01 -8.195527195930480957e-01 2.803995013236999512e-01 -1.098104789853096008e-01
0.000000000000000000e+00 0.000000000000000000e+00 0.000000000000000000e+00 1.000000000000000000e+00
8.540291786193847656e-01 4.358020722866058350e-01 -2.840959429740905762e-01 4.437586665153503418e-02
1.586223095655441284e-01 3.019528388977050781e-01 9.400337934494018555e-01 -3.033433854579925537e-01
4.954522550106048584e-01 -8.478801846504211426e-01 1.887485682964324951e-01 -8.214736729860305786e-02
0.000000000000000000e+00 0.000000000000000000e+00 0.000000000000000000e+00 1.000000000000000000e+00
8.965515494346618652e-01 3.580855429172515869e-01 -2.607109844684600830e-01 3.347557410597801208e-02
1.956884264945983887e-01 2.078234404325485229e-01 9.583919644355773926e-01 -3.136240541934967041e-01
3.973681330680847168e-01 -9.102657437324523926e-01 1.162512749433517456e-01 -5.498237162828445435e-02
0.000000000000000000e+00 0.000000000000000000e+00 0.000000000000000000e+00 1.000000000000000000e+00
9.637454748153686523e-01 1.440221369266510010e-01 -2.246164381504058838e-01 1.602165587246417999e-02
2.095921933650970459e-01 1.123408377170562744e-01 9.713138937950134277e-01 -3.209787905216217041e-01
1.651242971420288086e-01 -9.831768870353698730e-01 7.808203995227813721e-02 -2.948718518018722534e-02
0.000000000000000000e+00 0.000000000000000000e+00 0.000000000000000000e+00 1.000000000000000000e+00
9.817103743553161621e-01 2.327356673777103424e-02 -1.889525949954986572e-01 -6.433533417293801904e-05
1.883186846971511841e-01 2.696328796446323395e-02 9.817377328872680664e-01 -3.269866108894348145e-01
2.794333547353744507e-02 -9.993655085563659668e-01 2.208730950951576233e-02 -1.104589784517884254e-03
0.000000000000000000e+00 0.000000000000000000e+00 0.000000000000000000e+00 1.000000000000000000e+00
9.834491610527038574e-01 4.588639736175537109e-02 -1.752777397632598877e-01 -4.344554618000984192e-03
1.779998987913131714e-01 -6.410724669694900513e-02 9.819400310516357422e-01 -3.311253786087036133e-01
3.382112085819244385e-02 -9.968875646591186523e-01 -7.121399790048599243e-02 3.451836854219436646e-02
0.000000000000000000e+00 0.000000000000000000e+00 0.000000000000000000e+00 1.000000000000000000e+00
9.822113513946533203e-01 -2.918195538222789764e-02 -1.854970604181289673e-01 1.310087856836616993e-03
1.811680495738983154e-01 -1.125321537256240845e-01 9.769926667213439941e-01 -3.317528069019317627e-01
-4.938494041562080383e-02 -9.932194948196411133e-01 -1.052434667944908142e-01 5.539707094430923462e-02
0.000000000000000000e+00 0.000000000000000000e+00 0.000000000000000000e+00 1.000000000000000000e+00
9.728207588195800781e-01 -1.793268173933029175e-01 -1.464983373880386353e-01 -9.037285111844539642e-03
1.361235827207565308e-01 -6.892042607069015503e-02 9.882916808128356934e-01 -3.328703641891479492e-01
-1.873239129781723022e-01 -9.813724756240844727e-01 -4.263660311698913574e-02 4.082022979855537415e-02
0.000000000000000000e+00 0.000000000000000000e+00 0.000000000000000000e+00 1.000000000000000000e+00
9.672181010246276855e-01 2.445149570703506470e-01 -6.856840848922729492e-02 -3.361492604017257690e-02
5.434681847691535950e-02 6.445033103227615356e-02 9.964398145675659180e-01 -3.288596868515014648e-01
2.480636984109878540e-01 -9.675013422966003418e-01 4.904893785715103149e-02 -1.630224660038948059e-02
0.000000000000000000e+00 0.000000000000000000e+00 0.000000000000000000e+00 1.000000000000000000e+00
8.506411910057067871e-01 5.208287835121154785e-01 -7.174148410558700562e-02 -2.450280077755451202e-02
-3.643381595611572266e-02 1.945256739854812622e-01 9.802206158638000488e-01 -3.158424198627471924e-01
5.244826674461364746e-01 -8.312020897865295410e-01 1.844473332166671753e-01 -7.629799097776412964e-02
0.000000000000000000e+00 0.000000000000000000e+00 0.000000000000000000e+00 1.000000000000000000e+00
7.777873277664184570e-01 6.243895292282104492e-01 -7.200224697589874268e-02 -1.657559536397457123e-02
-1.647636294364929199e-01 3.130996227264404297e-01 9.353187084197998047e-01 -2.906757295131683350e-01
6.065474152565002441e-01 -7.156158685684204102e-01 3.464016616344451904e-01 -1.336989849805831909e-01
0.000000000000000000e+00 0.000000000000000000e+00 0.000000000000000000e+00 1.000000000000000000e+00
9.436144232749938965e-01 2.431235760450363159e-01 2.246836274862289429e-01 -1.152392029762268066e-01
-3.086229860782623291e-01 4.005181789398193359e-01 8.627498149871826172e-01 -2.553596794605255127e-01
1.197649836540222168e-01 -8.834456205368041992e-01 4.529682099819183350e-01 -1.445032507181167603e-01
0.000000000000000000e+00 0.000000000000000000e+00 0.000000000000000000e+00 1.000000000000000000e+00
8.796271681785583496e-01 4.112403392791748047e-01 2.390341758728027344e-01 -1.113887801766395569e-01
-4.380011856555938721e-01 5.042979717254638672e-01 7.442032098770141602e-01 -2.070149034261703491e-01
1.855019479990005493e-01 -7.593185901641845703e-01 6.237180233001708984e-01 -2.000361382961273193e-01
0.000000000000000000e+00 0.000000000000000000e+00 0.000000000000000000e+00 1.000000000000000000e+00
8.040139675140380859e-01 5.337021350860595703e-01 2.621515989303588867e-01 -1.088578701019287109e-01
-5.731137394905090332e-01 5.780920386314392090e-01 5.808182358741760254e-01 -1.464152932167053223e-01
1.584363281726837158e-01 -6.172287464141845703e-01 7.706663608551025391e-01 -2.414375245571136475e-01
0.000000000000000000e+00 0.000000000000000000e+00 0.000000000000000000e+00 1.000000000000000000e+00
7.314001917839050293e-01 6.161671876907348633e-01 2.922183275222778320e-01 -1.082366853952407837e-01
-6.768882274627685547e-01 6.038412451744079590e-01 4.209489226341247559e-01 -9.059410542249679565e-02
8.292159438133239746e-02 -5.056813359260559082e-01 8.587259650230407715e-01 -2.625770568847656250e-01
0.000000000000000000e+00 0.000000000000000000e+00 0.000000000000000000e+00 1.000000000000000000e+00
6.588113903999328613e-01 7.201465368270874023e-01 2.176146656274795532e-01 -7.392016798257827759e-02
-7.494066953659057617e-01 6.028353571891784668e-01 2.738227248191833496e-01 -4.117518663406372070e-02
6.600683182477951050e-02 -3.434794843196868896e-01 9.368377923965454102e-01 -2.811607420444488525e-01
0.000000000000000000e+00 0.000000000000000000e+00 0.000000000000000000e+00 1.000000000000000000e+00
6.880440711975097656e-01 7.040125131607055664e-01 1.759583503007888794e-01 -6.204885244369506836e-02
-7.253751754760742188e-01 6.603448987007141113e-01 1.943580955266952515e-01 -1.361856795847415924e-02
2.063740044832229614e-02 -2.613627910614013672e-01 9.650199413299560547e-01 -2.843933105468750000e-01
0.000000000000000000e+00 0.000000000000000000e+00 0.000000000000000000e+00 1.000000000000000000e+00
6.937757730484008789e-01 6.994927525520324707e-01 1.714208573102951050e-01 -6.133158877491950989e-02
-7.151241302490234375e-01 6.972804665565490723e-01 4.896242916584014893e-02 3.130433335900306702e-02
-8.527953922748565674e-02 -1.565561592578887939e-01 9.839805364608764648e-01 -2.802267968654632568e-01
0.000000000000000000e+00 0.000000000000000000e+00 0.000000000000000000e+00 1.000000000000000000e+00
6.799167394638061523e-01 7.160499691963195801e-01 1.580675542354583740e-01 -5.607206001877784729e-02
-7.220284342765808105e-01 6.913684010505676270e-01 -2.616047300398349762e-02 5.163832753896713257e-02
-1.280151307582855225e-01 -9.634233266115188599e-02 9.870817065238952637e-01 -2.758973836898803711e-01
0.000000000000000000e+00 0.000000000000000000e+00 0.000000000000000000e+00 1.000000000000000000e+00
6.669093966484069824e-01 7.329114675521850586e-01 1.344338059425354004e-01 -4.741620272397994995e-02
-7.293866872787475586e-01 6.789991259574890137e-01 -8.339716494083404541e-02 6.655383110046386719e-02
-1.524031907320022583e-01 -4.243590682744979858e-02 9.874069094657897949e-01 -2.719621658325195312e-01
0.000000000000000000e+00 0.000000000000000000e+00 0.000000000000000000e+00 1.000000000000000000e+00
5.863676071166992188e-01 7.943559288978576660e-01 1.586553901433944702e-01 -4.692403972148895264e-02
-7.611649632453918457e-01 6.073201894760131836e-01 -2.275741845369338989e-01 1.079379543662071228e-01
-2.771295607089996338e-01 1.267917640507221222e-02 9.607489109039306641e-01 -2.572004795074462891e-01
0.000000000000000000e+00 0.000000000000000000e+00 0.000000000000000000e+00 1.000000000000000000e+00
5.931903719902038574e-01 7.884758114814758301e-01 1.625758409500122070e-01 -4.809103161096572876e-02
-6.772240996360778809e-01 5.979080796241760254e-01 -4.288044869899749756e-01 1.636494398117065430e-01
-4.353074431419372559e-01 1.442624032497406006e-01 8.886482715606689453e-01 -2.254772037267684937e-01
0.000000000000000000e+00 0.000000000000000000e+00 0.000000000000000000e+00 1.000000000000000000e+00
6.317047476768493652e-01 7.606605291366577148e-01 1.494807600975036621e-01 -4.714643582701683044e-02
-6.196666955947875977e-01 6.113410592079162598e-01 -4.922144114971160889e-01 1.812590956687927246e-01
-4.657919108867645264e-01 2.183058410882949829e-01 8.575432300567626953e-01 -2.117277234792709351e-01
0.000000000000000000e+00 0.000000000000000000e+00 0.000000000000000000e+00 1.000000000000000000e+00
