-0.4396422207355499 0.8140729069709778 0.3794733583927155 -0.07815835624933243 
0.8154558539390564 0.1846792697906494 0.5485665798187256 -0.2332282215356827 
0.3764923214912415 0.5506167411804199 -0.7450333833694458 0.2280445098876953 
0 0 0 1 

0.05974321812391281 0.9736504554748535 0.2200806885957718 -0.06699296832084656 
0.7620924711227417 -0.1868844777345657 0.6199105978012085 -0.2731280028820038 
0.6447059512138367 0.1306864321231842 -0.753176748752594 0.2150554060935974 
0 0 0 1 

0.1338185966014862 0.9638200998306274 0.2305277138948441 -0.07491516321897507 
0.8042580485343933 -0.2415352314710617 0.5429816246032715 -0.2529536783695221 
0.5790173411369324 0.1127429008483887 -0.8074818849563599 0.2376327514648438 
0 0 0 1 

0.2420594990253448 0.9485171437263489 0.2042609751224518 -0.07429745048284531 
0.8227874040603638 -0.3122415840625763 0.4748962819576263 -0.2339556515216827 
0.514225959777832 0.05311015993356705 -0.8560090065002441 0.2579782903194427 
0 0 0 1 

0.3801182806491852 0.9204257130622864 0.09124868363142014 -0.04674933850765228 
0.8371878862380981 -0.3843187093734741 0.3891207575798035 -0.2090325802564621 
0.3932254016399384 -0.07151954621076584 -0.9166558980941772 0.2865802049636841 
0 0 0 1 

0.4606351852416992 0.887530505657196 0.01023388374596834 -0.02528960630297661 
0.8474088907241821 -0.4431831836700439 0.2923812866210938 -0.1803786903619766 
0.2640328109264374 -0.1260088384151459 -0.9562472105026245 0.3091379404067993 
0 0 0 1 

-0.6456311345100403 0.7186650037765503 0.2582262456417084 -0.0353221632540226 
0.7210822105407715 0.4624107182025909 0.5159618258476257 -0.1982507705688477 
0.2513971626758575 0.5193235278129578 -0.8167634010314941 0.2757503986358643 
0 0 0 1 

-0.6831110119819641 0.6831464171409607 0.2582066357135773 -0.03398334980010986 
0.6652284860610962 0.4361408650875092 0.6060134768486023 -0.2253974825143814 
0.3013814091682434 0.5857408046722412 -0.7523810267448425 0.254055917263031 
0 0 0 1 

-0.6983397006988525 0.6825493574142456 0.2155186086893082 -0.01907487772405148 
0.5987886190414429 0.3921357393264771 0.6983421444892883 -0.253850132226944 
0.3921403884887695 0.6167300939559937 -0.6825469136238098 0.227871909737587 
0 0 0 1 

-0.7176801562309265 0.6764024496078491 0.1655753999948502 -0.002520923502743244 
0.535115122795105 0.3835168182849884 0.7527065277099609 -0.2701282501220703 
0.4456315934658051 0.6288042664527893 -0.6371957063674927 0.2104170918464661 
0 0 0 1 

