0.7877784371376038 0.615152895450592 0.03149410337209702 -0.05157511681318283 
-0.6127659678459167 0.7878692746162415 -0.06147853657603264 0.02956674806773663 
-0.06263194978237152 0.02913293614983559 0.997611403465271 -0.283376008272171 
0 0 0 1 

0.8091930150985718 0.5825707316398621 0.07627445459365845 -0.06901615113019943 
-0.5852265954017639 0.8106980919837952 0.01667938567698002 0.003368136938661337 
-0.05211862176656723 -0.05813470482826233 0.9969473481178284 -0.28738072514534 
0 0 0 1 

0.8395593762397766 0.533731997013092 0.1013400852680206 -0.08101364225149155 
-0.5425019860267639 0.8335602879524231 0.104251466691494 -0.02710970304906368 
-0.02883064746856689 -0.1425025463104248 0.9893744587898254 -0.2887331247329712 
0 0 0 1 

0.8519788980484009 0.5159235000610352 0.08918946236371994 -0.08101650327444077 
-0.5226470232009888 0.8278936743736267 0.2035483568906784 -0.06149127706885338 
0.03117606230080128 -0.2200335115194321 0.9749940037727356 -0.2884537875652313 
0 0 0 1 

0.8510604500770569 0.5224956870079041 0.05190578475594521 -0.07228954136371613 
-0.5145499110221863 0.810240626335144 0.2806211709976196 -0.0897308737039566 
0.1045672744512558 -0.2655336856842041 0.9584140777587891 -0.2884965240955353 
0 0 0 1 

0.8475252389907837 0.5306687355041504 0.009568115696310997 -0.06174048036336899 
-0.4973733723163605 0.7877991199493408 0.3633072078227997 -0.1191658973693848 
0.1852581053972244 -0.3126709163188934 0.9316202402114868 -0.2855955362319946 
0 0 0 1 

0.9359515905380249 -0.1113731637597084 0.3340515792369843 -0.04127074405550957 
0.03090483881533146 0.9709844589233398 0.2371371537446976 -0.06589693576097488 
-0.3507696390151978 -0.2116250544786453 0.9122363924980164 -0.2095050066709518 
0 0 0 1 

0.9342393279075623 -0.0935380682349205 0.3441617488861084 -0.0447172038257122 
0.02701092697679996 0.9807798266410828 0.1932391077280045 -0.0499957948923111 
-0.3556221127510071 -0.1712354272603989 0.9188096523284912 -0.206821620464325 
0 0 0 1 

0.9252749085426331 -0.1013615056872368 0.3655025362968445 -0.05100671201944351 
0.036585483700037 0.9829884767532349 0.1799864321947098 -0.04511420428752899 
-0.3775284886360168 -0.1531648188829422 0.9132429361343384 -0.2038184255361557 
0 0 0 1 

0.8685285449028015 -0.08202385902404785 0.4888047277927399 -0.08450403809547424 
-0.00573399756103754 0.98448246717453 0.175389289855957 -0.04387379810214043 
-0.4956057667732239 -0.1551333963871002 0.8545807600021362 -0.1886383146047592 
0 0 0 1 

