1.000000000000000000e+00 0.000000000000000000e+00 0.000000000000000000e+00 -1.792658120393753052e-02
0.000000000000000000e+00 1.000000000000000000e+00 0.000000000000000000e+00 2.243540808558464050e-02
0.000000000000000000e+00 0.000000000000000000e+00 1.000000000000000000e+00 -3.816788792610168457e-01
0.000000000000000000e+00 0.000000000000000000e+00 0.000000000000000000e+00 1.000000000000000000e+00
9.849628806114196777e-01 5.442666634917259216e-02 -1.639683246612548828e-01 5.098389089107513428e-02
-5.773494392633438110e-02 9.982119202613830566e-01 -1.547498628497123718e-02 2.544045262038707733e-02
1.628329604864120483e-01 2.470904216170310974e-02 9.863440990447998047e-01 -3.779036998748779297e-01
0.000000000000000000e+00 0.000000000000000000e+00 0.000000000000000000e+00 1.000000000000000000e+00
9.643075466156005859e-01 6.943200528621673584e-02 -2.555191218852996826e-01 8.839114010334014893e-02
-7.546129077672958374e-02 9.970523715019226074e-01 -1.385624799877405167e-02 2.563934959471225739e-02
2.538038492202758789e-01 3.264354169368743896e-02 9.667046070098876953e-01 -3.673936426639556885e-01
0.000000000000000000e+00 0.000000000000000000e+00 0.000000000000000000e+00 1.000000000000000000e+00
9.991039037704467773e-01 4.118143394589424133e-02 9.773943573236465454e-03 -1.821266487240791321e-02
-4.118659347295761108e-02 9.991514086723327637e-01 3.274696937296539545e-04 1.970561966300010681e-02
-9.752184152603149414e-03 -7.296784897334873676e-04 9.999520182609558105e-01 -3.680914938449859619e-01
0.000000000000000000e+00 0.000000000000000000e+00 0.000000000000000000e+00 1.000000000000000000e+00
9.953877329826354980e-01 4.296315088868141174e-02 -8.577445149421691895e-02 2.138639427721500397e-02
-3.988434746861457825e-02 9.985081553459167480e-01 3.729125857353210449e-02 8.900326676666736603e-03
8.724866062402725220e-02 -3.369815647602081299e-02 9.956162571907043457e-01 -3.668806552886962891e-01
0.000000000000000000e+00 0.000000000000000000e+00 0.000000000000000000e+00 1.000000000000000000e+00
-2.262844294309616089e-01 8.047570288181304932e-02 -9.707313179969787598e-01 4.058619141578674316e-01
-4.115740582346916199e-02 9.949011206626892090e-01 9.207355976104736328e-02 -8.622791618108749390e-03
9.731913805007934570e-01 6.078758463263511658e-02 -2.218186110258102417e-01 8.994401991367340088e-02
0.000000000000000000e+00 0.000000000000000000e+00 0.000000000000000000e+00 1.000000000000000000e+00
-2.789661884307861328e-01 9.829058498144149780e-02 -9.552580118179321289e-01 3.958887159824371338e-01
-1.842970401048660278e-02 9.940168857574462891e-01 1.076607257127761841e-01 -9.976927191019058228e-03
9.601235389709472656e-01 4.763882979750633240e-02 -2.754857540130615234e-01 1.161556616425514221e-01
0.000000000000000000e+00 0.000000000000000000e+00 0.000000000000000000e+00 1.000000000000000000e+00
-2.697080075740814209e-01 9.394756704568862915e-02 -9.583479166030883789e-01 3.900551497936248779e-01
-2.520383708178997040e-02 9.941989183425903320e-01 1.045552268624305725e-01 -4.840072710067033768e-03
9.626115560531616211e-01 5.235346406698226929e-02 -2.657758593559265137e-01 1.185847297310829163e-01
0.000000000000000000e+00 0.000000000000000000e+00 0.000000000000000000e+00 1.000000000000000000e+00
-2.524399757385253906e-01 8.737528324127197266e-02 -9.636593461036682129e-01 3.848411142826080322e-01
-3.336136043071746826e-02 9.945366978645324707e-01 9.891424328088760376e-02 -5.778499180451035500e-04
9.670366644859313965e-01 5.711890384554862976e-02 -2.481458485126495361e-01 1.191074326634407043e-01
0.000000000000000000e+00 0.000000000000000000e+00 0.000000000000000000e+00 1.000000000000000000e+00
-2.375637888908386230e-01 8.084678649902343750e-02 -9.680011272430419922e-01 3.808226883411407471e-01
-5.751375108957290649e-02 9.936117529869079590e-01 9.710064530372619629e-02 1.748406793922185898e-03
9.696674942970275879e-01 7.874099910259246826e-02 -2.313962876796722412e-01 1.207529455423355103e-01
0.000000000000000000e+00 0.000000000000000000e+00 0.000000000000000000e+00 1.000000000000000000e+00
-1.996546536684036255e-01 6.735260039567947388e-02 -9.775484800338745117e-01 3.784921765327453613e-01
-7.396370172500610352e-02 9.937523603439331055e-01 8.357537537813186646e-02 9.391533210873603821e-03
9.770708084106445312e-01 8.898942917585372925e-02 -1.934257596731185913e-01 1.146742627024650574e-01
0.000000000000000000e+00 0.000000000000000000e+00 0.000000000000000000e+00 1.000000000000000000e+00
-2.010342478752136230e-01 4.851432517170906067e-02 -9.783819913864135742e-01 3.742100894451141357e-01
-1.072590947151184082e-01 9.916775226593017578e-01 7.121285051107406616e-02 1.693499088287353516e-02
9.736947417259216309e-01 1.192566081881523132e-01 -1.941576898097991943e-01 1.226678192615509033e-01
0.000000000000000000e+00 0.000000000000000000e+00 0.000000000000000000e+00 1.000000000000000000e+00
-1.763169616460800171e-01 6.587784737348556519e-02 -9.821263551712036133e-01 3.753564655780792236e-01
-1.076252460479736328e-01 9.904857873916625977e-01 8.576008677482604980e-02 1.567552424967288971e-02
9.784315228462219238e-01 1.208225637674331665e-01 -1.675494313240051270e-01 1.186070218682289124e-01
0.000000000000000000e+00 0.000000000000000000e+00 0.000000000000000000e+00 1.000000000000000000e+00
-1.823830008506774902e-01 5.916533619165420532e-02 -9.814459085464477539e-01 3.739793598651885986e-01
-1.372663676738739014e-01 9.868801236152648926e-01 8.500122278928756714e-02 1.916930824518203735e-02
9.735989570617675781e-01 1.502223312854766846e-01 -1.718685477972030640e-01 1.264729797840118408e-01
0.000000000000000000e+00 0.000000000000000000e+00 0.000000000000000000e+00 1.000000000000000000e+00
-1.643467098474502563e-01 6.195419281721115112e-02 -9.844551086425781250e-01 3.755482435226440430e-01
-1.510016918182373047e-01 9.846818447113037109e-01 8.717695623636245728e-02 2.081198431551456451e-02
9.747760295867919922e-01 1.629816144704818726e-01 -1.524739265441894531e-01 1.257300525903701782e-01
0.000000000000000000e+00 0.000000000000000000e+00 0.000000000000000000e+00 1.000000000000000000e+00
-1.481612771749496460e-01 6.947435438632965088e-02 -9.865199327468872070e-01 3.766751587390899658e-01
-1.766903847455978394e-01 9.796205163002014160e-01 9.552479535341262817e-02 1.966839842498302460e-02
9.730514287948608398e-01 1.884615421295166016e-01 -1.328664124011993408e-01 1.276523619890213013e-01
0.000000000000000000e+00 0.000000000000000000e+00 0.000000000000000000e+00 1.000000000000000000e+00
-1.316700428724288940e-01 6.705712527036666870e-02 -9.890230894088745117e-01 3.777689337730407715e-01
-1.918951570987701416e-01 9.771125316619873047e-01 9.179683029651641846e-02 2.456635981798171997e-02
9.725430607795715332e-01 2.018756717443466187e-01 -1.157884746789932251e-01 1.304292231798171997e-01
0.000000000000000000e+00 0.000000000000000000e+00 0.000000000000000000e+00 1.000000000000000000e+00
-1.050471514463424683e-01 5.748054757714271545e-02 -9.928044080734252930e-01 3.791235387325286865e-01
-2.170941829681396484e-01 9.729242324829101562e-01 7.929990440607070923e-02 3.002873994410037994e-02
9.704822301864624023e-01 2.238623499870300293e-01 -8.972433209419250488e-02 1.297530531883239746e-01
0.000000000000000000e+00 0.000000000000000000e+00 0.000000000000000000e+00 1.000000000000000000e+00
-2.628747560083866119e-02 8.253332227468490601e-02 -9.962415099143981934e-01 3.880086839199066162e-01
-2.333746552467346191e-01 9.685416221618652344e-01 8.639644831418991089e-02 2.742738835513591766e-02
9.720318913459777832e-01 2.347686737775802612e-01 -6.199146620929241180e-03 1.176078319549560547e-01
0.000000000000000000e+00 0.000000000000000000e+00 0.000000000000000000e+00 1.000000000000000000e+00
2.919788844883441925e-02 1.398623883724212646e-01 -9.897398352622985840e-01 4.047800302505493164e-01
-2.460921853780746460e-01 9.606904983520507812e-01 1.284975707530975342e-01 1.176136080175638199e-02
9.688065052032470703e-01 2.398155778646469116e-01 6.246915087103843689e-02 1.167837530374526978e-01
0.000000000000000000e+00 0.000000000000000000e+00 0.000000000000000000e+00 1.000000000000000000e+00
4.982987418770790100e-02 1.531579941511154175e-01 -9.869441986083984375e-01 4.142698943614959717e-01
-2.689019441604614258e-01 9.537399411201477051e-01 1.344287246465682983e-01 1.218131184577941895e-02
9.618774652481079102e-01 2.586928009986877441e-01 8.870933204889297485e-02 1.097150444984436035e-01
0.000000000000000000e+00 0.000000000000000000e+00 0.000000000000000000e+00 1.000000000000000000e+00
-4.153718799352645874e-02 1.736651360988616943e-01 -9.839285016059875488e-01 3.987961709499359131e-01
-2.016528099775314331e-01 9.630556106567382812e-01 1.784939914941787720e-01 -7.660294882953166962e-03
9.785755872726440430e-01 2.058261632919311523e-01 -4.982473328709602356e-03 1.342616528272628784e-01
0.000000000000000000e+00 0.000000000000000000e+00 0.000000000000000000e+00 1.000000000000000000e+00
-1.637664437294006348e-02 1.975932121276855469e-01 -9.801473617553710938e-01 3.969605863094329834e-01
-1.686841994524002075e-01 9.656814932823181152e-01 1.974955052137374878e-01 -1.680536940693855286e-02
9.855338931083679199e-01 1.685696542263031006e-01 1.751607283949851990e-02 1.201247125864028931e-01
0.000000000000000000e+00 0.000000000000000000e+00 0.000000000000000000e+00 1.000000000000000000e+00
5.897321272641420364e-03 2.591910362243652344e-01 -9.658088684082031250e-01 3.776448369026184082e-01
-6.945373117923736572e-02 9.635981917381286621e-01 2.581737041473388672e-01 -4.716137051582336426e-02
9.975674748420715332e-01 6.555665284395217896e-02 2.368402853608131409e-02 9.985477477312088013e-02
0.000000000000000000e+00 0.000000000000000000e+00 0.000000000000000000e+00 1.000000000000000000e+00
1.765427878126502037e-03 3.123033940792083740e-01 -9.499809741973876953e-01 3.568414747714996338e-01
-2.926111780107021332e-02 9.495913386344909668e-01 3.121210336685180664e-01 -7.603051513433456421e-02
9.995706677436828613e-01 2.724647894501686096e-02 1.081476081162691116e-02 9.457480162382125854e-02
0.000000000000000000e+00 0.000000000000000000e+00 0.000000000000000000e+00 1.000000000000000000e+00
1.285269483923912048e-02 3.855346143245697021e-01 -9.226037263870239258e-01 3.382062017917633057e-01
6.416646298021078110e-03 9.226290583610534668e-01 3.856343328952789307e-01 -1.053245365619659424e-01
9.998966455459594727e-01 -1.087641064077615738e-02 9.384475648403167725e-03 8.975815773010253906e-02
0.000000000000000000e+00 0.000000000000000000e+00 0.000000000000000000e+00 1.000000000000000000e+00
9.912118315696716309e-02 4.297060966491699219e-01 -8.975117802619934082e-01 3.266887664794921875e-01
5.760317295789718628e-02 8.979631662368774414e-01 4.362837672233581543e-01 -1.235217154026031494e-01
9.934068322181701660e-01 -9.494447708129882812e-02 6.425473839044570923e-02 6.566771119832992554e-02
0.000000000000000000e+00 0.000000000000000000e+00 0.000000000000000000e+00 1.000000000000000000e+00
3.749607801437377930e-01 4.342769980430603027e-01 -8.190284967422485352e-01 3.051138520240783691e-01
1.197037249803543091e-01 8.534098863601684570e-01 5.073088407516479492e-01 -1.510210335254669189e-01
9.192799925804138184e-01 -2.882617115974426270e-01 2.680107057094573975e-01 -1.088068727403879166e-02
0.000000000000000000e+00 0.000000000000000000e+00 0.000000000000000000e+00 1.000000000000000000e+00
4.845428168773651123e-01 4.363304972648620605e-01 -7.581782937049865723e-01 2.851268649101257324e-01
1.433809548616409302e-01 8.153830170631408691e-01 5.608848333358764648e-01 -1.704621016979217529e-01
8.629370331764221191e-01 -3.804810643196105957e-01 3.325266242027282715e-01 -3.641264513134956360e-02
0.000000000000000000e+00 0.000000000000000000e+00 0.000000000000000000e+00 1.000000000000000000e+00
5.326053500175476074e-01 4.612803757190704346e-01 -7.096136808395385742e-01 2.647054791450500488e-01
1.606495678424835205e-01 7.680866122245788574e-01 6.198670864105224609e-01 -1.909296363592147827e-01
8.309773802757263184e-01 -4.441436827182769775e-01 3.349824547767639160e-01 -4.020803421735763550e-02
0.000000000000000000e+00 0.000000000000000000e+00 0.000000000000000000e+00 1.000000000000000000e+00
5.501382946968078613e-01 4.755562543869018555e-01 -6.864359378814697266e-01 2.507783174514770508e-01
1.622729003429412842e-01 7.454577088356018066e-01 6.464981436729431152e-01 -2.000327706336975098e-01
8.191552162170410156e-01 -4.670532643795013428e-01 3.329349756240844727e-01 -4.116360098123550415e-02
0.000000000000000000e+00 0.000000000000000000e+00 0.000000000000000000e+00 1.000000000000000000e+00
5.806428790092468262e-01 4.695063233375549316e-01 -6.651450991630554199e-01 2.382202297449111938e-01
1.813032180070877075e-01 7.218924760818481445e-01 6.678321957588195801e-01 -2.059374302625656128e-01
7.937148213386535645e-01 -5.083651542663574219e-01 3.340386748313903809e-01 -4.354316368699073792e-02
0.000000000000000000e+00 0.000000000000000000e+00 0.000000000000000000e+00 1.000000000000000000e+00
5.904079675674438477e-01 4.978117644786834717e-01 -6.352965831756591797e-01 2.225738167762756348e-01
1.771988570690155029e-01 6.879755854606628418e-01 7.037683129310607910e-01 -2.164030969142913818e-01
7.874127030372619629e-01 -5.280844569206237793e-01 3.179744780063629150e-01 -4.175407439470291138e-02
0.000000000000000000e+00 0.000000000000000000e+00 0.000000000000000000e+00 1.000000000000000000e+00
6.130464673042297363e-01 5.295337438583374023e-01 -5.863169431686401367e-01 1.969454735517501831e-01
1.525556743144989014e-01 6.488193273544311523e-01 7.454929351806640625e-01 -2.268890291452407837e-01
7.751775979995727539e-01 -5.464680194854736328e-01 3.169731795787811279e-01 -4.757286608219146729e-02
0.000000000000000000e+00 0.000000000000000000e+00 0.000000000000000000e+00 1.000000000000000000e+00
6.160360574722290039e-01 5.480436682701110840e-01 -5.658150315284729004e-01 1.860559731721878052e-01
1.394935697317123413e-01 6.310459971427917480e-01 7.631003856658935547e-01 -2.303952127695083618e-01
7.752678990364074707e-01 -5.490250587463378906e-01 3.122986257076263428e-01 -4.982943087816238403e-02
0.000000000000000000e+00 0.000000000000000000e+00 0.000000000000000000e+00 1.000000000000000000e+00
7.136006951332092285e-01 5.134561657905578613e-01 -4.765887558460235596e-01 1.527078896760940552e-01
1.311233937740325928e-01 5.703871846199035645e-01 8.108423352241516113e-01 -2.407431006431579590e-01
6.881720423698425293e-01 -6.411096453666687012e-01 3.397025465965270996e-01 -6.524218618869781494e-02
0.000000000000000000e+00 0.000000000000000000e+00 0.000000000000000000e+00 1.000000000000000000e+00
4.138659834861755371e-01 7.574093937873840332e-01 -5.050212144851684570e-01 1.560988575220108032e-01
1.007699146866798401e-01 5.132361054420471191e-01 8.523110151290893555e-01 -2.474856227636337280e-01
9.047436118125915527e-01 -4.036336243152618408e-01 1.360869556665420532e-01 -1.741433143615722656e-02
0.000000000000000000e+00 0.000000000000000000e+00 0.000000000000000000e+00 1.000000000000000000e+00
5.076494812965393066e-01 7.500957846641540527e-01 -4.238491654396057129e-01 1.281775534152984619e-01
1.927585341036319733e-02 4.819419085979461670e-01 8.759909868240356445e-01 -2.465552389621734619e-01
8.613479137420654297e-01 -4.528664648532867432e-01 2.301989197731018066e-01 -4.886528477072715759e-02
0.000000000000000000e+00 0.000000000000000000e+00 0.000000000000000000e+00 1.000000000000000000e+00
6.029936075210571289e-01 7.217152118682861328e-01 -3.398908376693725586e-01 1.076505407691001892e-01
-3.984532505273818970e-02 4.527795612812042236e-01 8.907319903373718262e-01 -2.425785660743713379e-01
7.967505455017089844e-01 -5.235624909400939941e-01 3.017801344394683838e-01 -6.842891126871109009e-02
0.000000000000000000e+00 0.000000000000000000e+00 0.000000000000000000e+00 1.000000000000000000e+00
6.048884391784667969e-01 7.641422748565673828e-01 -2.240452170372009277e-01 8.186982572078704834e-02
-1.191184893250465393e-01 3.650175034999847412e-01 9.233487844467163086e-01 -2.539658248424530029e-01
7.873503565788269043e-01 -5.318349003791809082e-01 3.118182420730590820e-01 -6.726931035518646240e-02
0.000000000000000000e+00 0.000000000000000000e+00 0.000000000000000000e+00 1.000000000000000000e+00
5.881893038749694824e-01 8.025211691856384277e-01 -9.996596723794937134e-02 4.824110120534896851e-02
-1.903157830238342285e-01 2.574944198131561279e-01 9.473517537117004395e-01 -2.699788808822631836e-01
7.860113382339477539e-01 -5.381975769996643066e-01 3.041878938674926758e-01 -6.112394854426383972e-02
0.000000000000000000e+00 0.000000000000000000e+00 0.000000000000000000e+00 1.000000000000000000e+00
5.832160711288452148e-01 8.122733235359191895e-01 8.465844206511974335e-03 1.375651825219392776e-02
-2.092860192060470581e-01 1.401821523904800415e-01 9.677538275718688965e-01 -2.844811081886291504e-01
7.848941683769226074e-01 -5.661812424659729004e-01 2.517540156841278076e-01 -4.548425227403640747e-02
0.000000000000000000e+00 0.000000000000000000e+00 0.000000000000000000e+00 1.000000000000000000e+00
5.901364684104919434e-01 7.962591648101806641e-01 1.330845952033996582e-01 -2.993452921509742737e-02
-2.556332051753997803e-01 2.794258855283260345e-02 9.663697481155395508e-01 -2.905563414096832275e-01
7.657617926597595215e-01 -6.043109297752380371e-01 2.200402617454528809e-01 -3.745060414075851440e-02
0.000000000000000000e+00 0.000000000000000000e+00 0.000000000000000000e+00 1.000000000000000000e+00
6.120144724845886230e-01 7.561979889869689941e-01 2.315244674682617188e-01 -6.989685446023941040e-02
-2.464945316314697266e-01 -9.577398002147674561e-02 9.643998146057128906e-01 -2.968910038471221924e-01
7.514513134956359863e-01 -6.472961902618408203e-01 1.277837008237838745e-01 -1.274673547595739365e-02
0.000000000000000000e+00 0.000000000000000000e+00 0.000000000000000000e+00 1.000000000000000000e+00
5.879003405570983887e-01 8.045637011528015137e-01 8.396841585636138916e-02 -1.428368408232927322e-02
-3.065550625324249268e-01 1.255292594432830811e-01 9.435392618179321289e-01 -2.730043530464172363e-01
7.485968470573425293e-01 -5.804478526115417480e-01 3.204416632652282715e-01 -8.114665746688842773e-02
0.000000000000000000e+00 0.000000000000000000e+00 0.000000000000000000e+00 1.000000000000000000e+00
5.677183270454406738e-01 8.231667280197143555e-01 9.653767570853233337e-03 1.195264421403408051e-02
-3.824889063835144043e-01 2.533729970455169678e-01 8.885405063629150391e-01 -2.461153715848922729e-01
7.289707660675048828e-01 -5.081333518028259277e-01 4.586966335773468018e-01 -1.200685799121856689e-01
0.000000000000000000e+00 0.000000000000000000e+00 0.000000000000000000e+00 1.000000000000000000e+00
5.521653890609741211e-01 8.257237672805786133e-01 -1.152985617518424988e-01 5.030349642038345337e-02
-4.510937333106994629e-01 4.121813476085662842e-01 7.915935516357421875e-01 -2.043344229459762573e-01
7.011616230010986328e-01 -3.850801289081573486e-01 6.000712513923645020e-01 -1.558758765459060669e-01
0.000000000000000000e+00 0.000000000000000000e+00 0.000000000000000000e+00 1.000000000000000000e+00
5.637679696083068848e-01 8.047469854354858398e-01 -1.858695447444915771e-01 7.051212340593338013e-02
-5.153110027313232422e-01 5.185889005661010742e-01 6.822904944419860840e-01 -1.621944904327392578e-01
6.454611420631408691e-01 -2.888729870319366455e-01 7.070587277412414551e-01 -1.791799068450927734e-01
0.000000000000000000e+00 0.000000000000000000e+00 0.000000000000000000e+00 1.000000000000000000e+00
5.819299221038818359e-01 7.849341630935668945e-01 -2.126869559288024902e-01 7.630596309900283813e-02
-5.691394209861755371e-01 5.798954963684082031e-01 5.829250812530517578e-01 -1.287673860788345337e-01
5.808941125869750977e-01 -2.181729972362518311e-01 7.841953635215759277e-01 -1.949948370456695557e-01
0.000000000000000000e+00 0.000000000000000000e+00 0.000000000000000000e+00 1.000000000000000000e+00
5.966489911079406738e-01 7.851919531822204590e-01 -1.657822430133819580e-01 5.956858396530151367e-02
-6.628852486610412598e-01 5.986516475677490234e-01 4.496659338474273682e-01 -9.223233163356781006e-02
4.523198008537292480e-01 -1.583980172872543335e-01 8.776771426200866699e-01 -2.145865410566329956e-01
0.000000000000000000e+00 0.000000000000000000e+00 0.000000000000000000e+00 1.000000000000000000e+00
5.917446613311767578e-01 7.861049771308898926e-01 -1.785415261983871460e-01 5.833102762699127197e-02
-7.100312709808349609e-01 6.131323575973510742e-01 3.463017046451568604e-01 -6.233173608779907227e-02
3.816990852355957031e-01 -7.815201580524444580e-02 9.209771156311035156e-01 -2.216914296150207520e-01
0.000000000000000000e+00 0.000000000000000000e+00 0.000000000000000000e+00 1.000000000000000000e+00
5.875560045242309570e-01 7.805196642875671387e-01 -2.134636640548706055e-01 6.307185441255569458e-02
-7.503864765167236328e-01 6.242835521697998047e-01 2.172338813543319702e-01 -2.454929053783416748e-02
3.028171658515930176e-01 3.254329040646553040e-02 9.524928927421569824e-01 -2.247214019298553467e-01
0.000000000000000000e+00 0.000000000000000000e+00 0.000000000000000000e+00 1.000000000000000000e+00
5.767640471458435059e-01 7.857116460800170898e-01 -2.236072719097137451e-01 6.384788453578948975e-02
-7.776666283607482910e-01 6.119070649147033691e-01 1.442366093397140503e-01 -4.895463120192289352e-03
2.501552999019622803e-01 9.070144593715667725e-02 9.639478325843811035e-01 -2.255354672670364380e-01
0.000000000000000000e+00 0.000000000000000000e+00 0.000000000000000000e+00 1.000000000000000000e+00
5.547063946723937988e-01 8.074348568916320801e-01 -2.008721381425857544e-01 5.486431717872619629e-02
-8.230130672454833984e-01 5.679315328598022461e-01 1.014138758182525635e-02 3.012004494667053223e-02
1.222701594233512878e-01 1.596950292587280273e-01 9.795649647712707520e-01 -2.266401201486587524e-01
0.000000000000000000e+00 0.000000000000000000e+00 0.000000000000000000e+00 1.000000000000000000e+00
5.378161668777465820e-01 8.206314444541931152e-01 -1.931779086589813232e-01 5.025884881615638733e-02
-8.430560827255249023e-01 5.226424336433410645e-01 -1.268900185823440552e-01 6.607767194509506226e-02
-3.167001064866781235e-03 2.311032861471176147e-01 9.729239344596862793e-01 -2.223776578903198242e-01
0.000000000000000000e+00 0.000000000000000000e+00 0.000000000000000000e+00 1.000000000000000000e+00
5.403682589530944824e-01 8.062078952789306641e-01 -2.408952265977859497e-01 5.962576344609260559e-02
-8.370361924171447754e-01 4.858329892158508301e-01 -2.516675293445587158e-01 9.776248782873153687e-02
-8.586152642965316772e-02 3.376313745975494385e-01 9.373543262481689453e-01 -2.097437381744384766e-01
0.000000000000000000e+00 0.000000000000000000e+00 0.000000000000000000e+00 1.000000000000000000e+00
5.007386207580566406e-01 8.202418088912963867e-01 -2.765215933322906494e-01 6.760591268539428711e-02
-8.409847021102905273e-01 3.853679895401000977e-01 -3.797841668128967285e-01 1.306537687778472900e-01
-2.049523144960403442e-01 4.227229952812194824e-01 8.827795386314392090e-01 -1.903359740972518921e-01
0.000000000000000000e+00 0.000000000000000000e+00 0.000000000000000000e+00 1.000000000000000000e+00
4.851845204830169678e-01 8.228954076766967773e-01 -2.957009375095367432e-01 7.294912636280059814e-02
-8.202417492866516113e-01 3.111369609832763672e-01 -4.799968302249908447e-01 1.563160270452499390e-01
-3.029839396476745605e-01 4.754333198070526123e-01 8.259323239326477051e-01 -1.716363281011581421e-01
0.000000000000000000e+00 0.000000000000000000e+00 0.000000000000000000e+00 1.000000000000000000e+00
4.617802202701568604e-01 8.322731256484985352e-01 -3.067255318164825439e-01 7.923144102096557617e-02
-8.016710281372070312e-01 2.436281144618988037e-01 -5.458648204803466797e-01 1.727061420679092407e-01
-3.795816898345947266e-01 4.979624450206756592e-01 7.797120213508605957e-01 -1.562571674585342407e-01
0.000000000000000000e+00 0.000000000000000000e+00 0.000000000000000000e+00 1.000000000000000000e+00
4.352818131446838379e-01 8.397262096405029297e-01 -3.246380090713500977e-01 8.917789161205291748e-02
-7.829717397689819336e-01 1.750991344451904297e-01 -5.969048738479614258e-01 1.839104294776916504e-01
-4.443928003311157227e-01 5.140043497085571289e-01 7.336992621421813965e-01 -1.386724263429641724e-01
0.000000000000000000e+00 0.000000000000000000e+00 0.000000000000000000e+00 1.000000000000000000e+00
4.051206111907958984e-01 8.525629043579101562e-01 -3.301719427108764648e-01 9.739422798156738281e-02
-7.741696834564208984e-01 1.277834475040435791e-01 -6.199459433555603027e-01 1.861584484577178955e-01
-4.863522648811340332e-01 5.067619681358337402e-01 7.117961049079895020e-01 -1.264845132827758789e-01
0.000000000000000000e+00 0.000000000000000000e+00 0.000000000000000000e+00 1.000000000000000000e+00
3.159217536449432373e-01 9.019206166267395020e-01 -2.945043742656707764e-01 9.749004244804382324e-02
-7.689789533615112305e-01 6.158402934670448303e-02 -6.363008022308349609e-01 1.845418661832809448e-01
-5.557560324668884277e-01 4.274888336658477783e-01 7.130138874053955078e-01 -1.203333735466003418e-01
0.000000000000000000e+00 0.000000000000000000e+00 0.000000000000000000e+00 1.000000000000000000e+00
1.267168372869491577e-01 9.614155888557434082e-01 -2.441779375076293945e-01 9.719086438417434692e-02
-7.834231257438659668e-01 -5.399048328399658203e-02 -6.191393733024597168e-01 1.678227633237838745e-01
-6.084336042404174805e-01 2.697500586509704590e-01 7.463536262512207031e-01 -1.258040368556976318e-01
0.000000000000000000e+00 0.000000000000000000e+00 0.000000000000000000e+00 1.000000000000000000e+00
-6.712871044874191284e-02 9.798026680946350098e-01 -1.883626878261566162e-01 8.694782108068466187e-02
-7.896800637245178223e-01 -1.675649583339691162e-01 -5.901927351951599121e-01 1.511944532394409180e-01
-6.098355054855346680e-01 1.091274470090866089e-01 7.849789261817932129e-01 -1.368263810873031616e-01
0.000000000000000000e+00 0.000000000000000000e+00 0.000000000000000000e+00 1.000000000000000000e+00
-1.766521185636520386e-01 9.579561352729797363e-01 -2.260842770338058472e-01 9.388066083192825317e-02
-7.501032948493957520e-01 -2.797473669052124023e-01 -5.992380380630493164e-01 1.557538509368896484e-01
-6.372902989387512207e-01 6.372979283332824707e-02 7.679842710494995117e-01 -1.304307281970977783e-01
0.000000000000000000e+00 0.000000000000000000e+00 0.000000000000000000e+00 1.000000000000000000e+00
-2.012732028961181641e-01 9.544948935508728027e-01 -2.200638353824615479e-01 9.839291125535964966e-02
-7.063722610473632812e-01 -2.970792651176452637e-01 -6.424811482429504395e-01 1.699863523244857788e-01
-6.786214113235473633e-01 2.613263018429279327e-02 7.340230345726013184e-01 -1.179001554846763611e-01
0.000000000000000000e+00 0.000000000000000000e+00 0.000000000000000000e+00 1.000000000000000000e+00
-2.545216083526611328e-01 9.356282949447631836e-01 -2.445777505636215210e-01 1.124578863382339478e-01
-6.920258402824401855e-01 -3.528725802898406982e-01 -6.297470331192016602e-01 1.639757901430130005e-01
-6.755140423774719238e-01 8.969848975539207458e-03 7.372927069664001465e-01 -1.079001799225807190e-01
0.000000000000000000e+00 0.000000000000000000e+00 0.000000000000000000e+00 1.000000000000000000e+00
2.817894220352172852e-01 8.875062465667724609e-01 -3.645917475223541260e-01 9.481144696474075317e-02
-7.321497201919555664e-01 -4.669593274593353271e-02 -6.795412302017211914e-01 1.840193122625350952e-01
-6.201220750808715820e-01 4.584233760833740234e-01 6.366295814514160156e-01 -9.530295431613922119e-02
0.000000000000000000e+00 0.000000000000000000e+00 0.000000000000000000e+00 1.000000000000000000e+00
5.395503640174865723e-01 7.754026055335998535e-01 -3.280799984931945801e-01 7.261160016059875488e-02
-7.628577351570129395e-01 2.853327393531799316e-01 -5.802010893821716309e-01 1.751885265111923218e-01
-3.562773764133453369e-01 5.633261799812316895e-01 7.454732656478881836e-01 -1.574790030717849731e-01
0.000000000000000000e+00 0.000000000000000000e+00 0.000000000000000000e+00 1.000000000000000000e+00
6.120060086250305176e-01 6.871927976608276367e-01 -3.914265930652618408e-01 8.773880451917648315e-02
-7.678909301757812500e-01 3.979479670524597168e-01 -5.019764304161071777e-01 1.576056480407714844e-01
-1.891871839761734009e-01 6.077854633331298828e-01 7.712357640266418457e-01 -1.816013008356094360e-01
0.000000000000000000e+00 0.000000000000000000e+00 0.000000000000000000e+00 1.000000000000000000e+00
6.194775104522705078e-01 6.838180422782897949e-01 -3.855389356613159180e-01 8.671679347753524780e-02
-7.718000411987304688e-01 4.408036470413208008e-01 -4.582761824131011963e-01 1.480110436677932739e-01
-1.434307247400283813e-01 5.814504623413085938e-01 8.008386492729187012e-01 -1.967870593070983887e-01
0.000000000000000000e+00 0.000000000000000000e+00 0.000000000000000000e+00 1.000000000000000000e+00
6.456182003021240234e-01 6.881375908851623535e-01 -3.311248719692230225e-01 7.098487764596939087e-02
-7.571380734443664551e-01 5.202518105506896973e-01 -3.950693011283874512e-01 1.305296421051025391e-01
-9.959375858306884766e-02 5.057712793350219727e-01 8.568994402885437012e-01 -2.185793071985244751e-01
0.000000000000000000e+00 0.000000000000000000e+00 0.000000000000000000e+00 1.000000000000000000e+00
6.548982858657836914e-01 7.097148299217224121e-01 -2.596408724784851074e-01 5.063366889953613281e-02
-7.465929388999938965e-01 5.543803572654724121e-01 -3.677789270877838135e-01 1.241875439882278442e-01
-1.170783713459968567e-01 4.347037076950073242e-01 8.929306864738464355e-01 -2.328844666481018066e-01
0.000000000000000000e+00 0.000000000000000000e+00 0.000000000000000000e+00 1.000000000000000000e+00
6.724466085433959961e-01 7.165977358818054199e-01 -1.852113753557205200e-01 2.811703458428382874e-02
-7.296081781387329102e-01 5.997086167335510254e-01 -3.286659121513366699e-01 1.131381914019584656e-01
-1.244484707713127136e-01 3.561419546604156494e-01 9.261076450347900391e-01 -2.464167028665542603e-01
0.000000000000000000e+00 0.000000000000000000e+00 0.000000000000000000e+00 1.000000000000000000e+00
6.839473247528076172e-01 7.149761915206909180e-01 -1.449976265430450439e-01 1.466635800898075104e-02
-7.220125198364257812e-01 6.349335312843322754e-01 -2.748758792877197266e-01 9.763231873512268066e-02
-1.044659689068794250e-01 2.926907539367675781e-01 9.504835605621337891e-01 -2.578268051147460938e-01
0.000000000000000000e+00 0.000000000000000000e+00 0.000000000000000000e+00 1.000000000000000000e+00
7.286071777343750000e-01 6.814623475074768066e-01 -6.885111331939697266e-02 -1.319902110844850540e-02
-6.789335608482360840e-01 7.052940130233764648e-01 -2.039832472801208496e-01 7.611387968063354492e-02
-9.044668078422546387e-02 1.953690201044082642e-01 9.765502810478210449e-01 -2.702701091766357422e-01
0.000000000000000000e+00 0.000000000000000000e+00 0.000000000000000000e+00 1.000000000000000000e+00
7.596978545188903809e-01 6.494751572608947754e-01 -3.226764500141143799e-02 -2.778187207877635956e-02
-6.463575959205627441e-01 7.487502694129943848e-01 -1.469518989324569702e-01 5.785512924194335938e-02
-7.128120958805084229e-02 1.324954777956008911e-01 9.886171817779541016e-01 -2.775712311267852783e-01
0.000000000000000000e+00 0.000000000000000000e+00 0.000000000000000000e+00 1.000000000000000000e+00
7.877784371376037598e-01 6.151528954505920410e-01 3.149410337209701538e-02 -5.157511681318283081e-02
-6.127659678459167480e-01 7.878692746162414551e-01 -6.147853657603263855e-02 2.956674806773662567e-02
-6.263194978237152100e-02 2.913293614983558655e-02 9.976114034652709961e-01 -2.833760082721710205e-01
0.000000000000000000e+00 0.000000000000000000e+00 0.000000000000000000e+00 1.000000000000000000e+00
8.091930150985717773e-01 5.825707316398620605e-01 7.627445459365844727e-02 -6.901615113019943237e-02
-5.852265954017639160e-01 8.106980919837951660e-01 1.667938567698001862e-02 3.368136938661336899e-03
-5.211862176656723022e-02 -5.813470482826232910e-02 9.969473481178283691e-01 -2.873807251453399658e-01
0.000000000000000000e+00 0.000000000000000000e+00 0.000000000000000000e+00 1.000000000000000000e+00
8.395593762397766113e-01 5.337319970130920410e-01 1.013400852680206299e-01 -8.101364225149154663e-02
-5.425019860267639160e-01 8.335602879524230957e-01 1.042514666914939880e-01 -2.710970304906368256e-02
-2.883064746856689453e-02 -1.425025463104248047e-01 9.893744587898254395e-01 -2.887331247329711914e-01
0.000000000000000000e+00 0.000000000000000000e+00 0.000000000000000000e+00 1.000000000000000000e+00
8.519788980484008789e-01 5.159235000610351562e-01 8.918946236371994019e-02 -8.101650327444076538e-02
-5.226470232009887695e-01 8.278936743736267090e-01 2.035483568906784058e-01 -6.149127706885337830e-02
3.117606230080127716e-02 -2.200335115194320679e-01 9.749940037727355957e-01 -2.884537875652313232e-01
0.000000000000000000e+00 0.000000000000000000e+00 0.000000000000000000e+00 1.000000000000000000e+00
8.510604500770568848e-01 5.224956870079040527e-01 5.190578475594520569e-02 -7.228954136371612549e-02
-5.145499110221862793e-01 8.102406263351440430e-01 2.806211709976196289e-01 -8.973087370395660400e-02
1.045672744512557983e-01 -2.655336856842041016e-01 9.584140777587890625e-01 -2.884965240955352783e-01
0.000000000000000000e+00 0.000000000000000000e+00 0.000000000000000000e+00 1.000000000000000000e+00
8.475252389907836914e-01 5.306687355041503906e-01 9.568115696310997009e-03 -6.174048036336898804e-02
-4.973733723163604736e-01 7.877991199493408203e-01 3.633072078227996826e-01 -1.191658973693847656e-01
1.852581053972244263e-01 -3.126709163188934326e-01 9.316202402114868164e-01 -2.855955362319946289e-01
0.000000000000000000e+00 0.000000000000000000e+00 0.000000000000000000e+00 1.000000000000000000e+00
8.552445769309997559e-01 5.171252489089965820e-01 -3.373475000262260437e-02 -5.103895813226699829e-02
-4.496343731880187988e-01 7.728390693664550781e-01 4.478261470794677734e-01 -1.515932232141494751e-01
2.576538622379302979e-01 -3.678326010704040527e-01 8.934839963912963867e-01 -2.800345122814178467e-01
0.000000000000000000e+00 0.000000000000000000e+00 0.000000000000000000e+00 1.000000000000000000e+00
8.647773861885070801e-01 4.957370460033416748e-01 -8.002971857786178589e-02 -3.756125271320343018e-02
-3.789858222007751465e-01 7.488778233528137207e-01 5.436461567878723145e-01 -1.886991262435913086e-01
3.294380903244018555e-01 -4.398031830787658691e-01 8.354902863502502441e-01 -2.729049026966094971e-01
0.000000000000000000e+00 0.000000000000000000e+00 0.000000000000000000e+00 1.000000000000000000e+00
8.974933028221130371e-01 4.304913878440856934e-01 -9.582246840000152588e-02 -3.231114894151687622e-02
-2.878690063953399658e-01 7.364254593849182129e-01 6.122159361839294434e-01 -2.143058329820632935e-01
3.341200351715087891e-01 -5.218760371208190918e-01 7.848624587059020996e-01 -2.667975127696990967e-01
0.000000000000000000e+00 0.000000000000000000e+00 0.000000000000000000e+00 1.000000000000000000e+00
9.110966324806213379e-01 3.827424943447113037e-01 -1.530051529407501221e-01 -1.309112552553415298e-02
-1.879578381776809692e-01 7.161333560943603516e-01 6.721793413162231445e-01 -2.387536019086837769e-01
3.668437600135803223e-01 -5.836617946624755859e-01 7.244063019752502441e-01 -2.576386630535125732e-01
0.000000000000000000e+00 0.000000000000000000e+00 0.000000000000000000e+00 1.000000000000000000e+00
8.833161592483520508e-01 4.021091461181640625e-01 -2.409578710794448853e-01 1.970797963440418243e-02
-1.169026792049407959e-01 6.867251396179199219e-01 7.174550890922546387e-01 -2.561892271041870117e-01
4.539673328399658203e-01 -6.055712103843688965e-01 6.536031961441040039e-01 -2.451627701520919800e-01
0.000000000000000000e+00 0.000000000000000000e+00 0.000000000000000000e+00 1.000000000000000000e+00
8.232933282852172852e-01 4.647613465785980225e-01 -3.258599340915679932e-01 5.467514693737030029e-02
-7.292334735393524170e-02 6.559324860572814941e-01 7.512885928153991699e-01 -2.697188258171081543e-01
5.629120469093322754e-01 -5.947680473327636719e-01 5.739172101020812988e-01 -2.258715033531188965e-01
0.000000000000000000e+00 0.000000000000000000e+00 0.000000000000000000e+00 1.000000000000000000e+00
9.465047717094421387e-01 2.405393123626708984e-01 -2.151019573211669922e-01 2.509856363758444786e-03
-2.113542892038822174e-02 7.113730311393737793e-01 7.024960517883300781e-01 -2.496626675128936768e-01
3.219959437847137451e-01 -6.603703498840332031e-01 6.784026622772216797e-01 -2.352696806192398071e-01
0.000000000000000000e+00 0.000000000000000000e+00 0.000000000000000000e+00 1.000000000000000000e+00
9.235340356826782227e-01 2.624218165874481201e-01 -2.796784043312072754e-01 2.185974083840847015e-02
-5.201519001275300980e-03 7.377500534057617188e-01 6.750532388687133789e-01 -2.357381433248519897e-01
3.834814727306365967e-01 -6.219802498817443848e-01 6.827023625373840332e-01 -2.414965480566024780e-01
0.000000000000000000e+00 0.000000000000000000e+00 0.000000000000000000e+00 1.000000000000000000e+00
9.001221060752868652e-01 3.355379700660705566e-01 -2.778394222259521484e-01 2.009148150682449341e-02
-4.460371658205986023e-02 7.054088711738586426e-01 7.073957920074462891e-01 -2.449595928192138672e-01
4.333482980728149414e-01 -6.243494749069213867e-01 6.499201059341430664e-01 -2.321518659591674805e-01
0.000000000000000000e+00 0.000000000000000000e+00 0.000000000000000000e+00 1.000000000000000000e+00
8.136520385742187500e-01 4.255214035511016846e-01 -3.961080312728881836e-01 6.648780405521392822e-02
3.552417457103729248e-02 6.436916589736938477e-01 7.644600272178649902e-01 -2.720921337604522705e-01
5.802656412124633789e-01 -6.360761523246765137e-01 5.086244344711303711e-01 -1.909590363502502441e-01
0.000000000000000000e+00 0.000000000000000000e+00 0.000000000000000000e+00 1.000000000000000000e+00
7.047831416130065918e-01 5.294613838195800781e-01 -4.721774160861968994e-01 1.033392399549484253e-01
7.947351038455963135e-02 6.024647355079650879e-01 7.941789627075195312e-01 -2.851119637489318848e-01
7.049576640129089355e-01 -5.972493886947631836e-01 3.825286924839019775e-01 -1.526558101177215576e-01
0.000000000000000000e+00 0.000000000000000000e+00 0.000000000000000000e+00 1.000000000000000000e+00
6.030112504959106445e-01 5.974545478820800781e-01 -5.286070108413696289e-01 1.330809444189071655e-01
1.278483271598815918e-01 5.816929936408996582e-01 8.032984137535095215e-01 -2.911624908447265625e-01
7.874208688735961914e-01 -5.519793033599853516e-01 2.743840515613555908e-01 -1.148978695273399353e-01
0.000000000000000000e+00 0.000000000000000000e+00 0.000000000000000000e+00 1.000000000000000000e+00
4.732323288917541504e-01 6.347277164459228516e-01 -6.108775734901428223e-01 1.732704341411590576e-01
2.614053785800933838e-01 5.610291957855224609e-01 7.854377031326293945e-01 -2.915475964546203613e-01
8.412600159645080566e-01 -5.313814878463745117e-01 9.957603365182876587e-02 -5.091477930545806885e-02
0.000000000000000000e+00 0.000000000000000000e+00 0.000000000000000000e+00 1.000000000000000000e+00
4.698815941810607910e-01 6.051331162452697754e-01 -6.426705121994018555e-01 1.873460859060287476e-01
3.382408916950225830e-01 5.490539669990539551e-01 7.642858028411865234e-01 -2.875185906887054443e-01
8.153553009033203125e-01 -5.765011310577392578e-01 5.330962315201759338e-02 -2.739169262349605560e-02
0.000000000000000000e+00 0.000000000000000000e+00 0.000000000000000000e+00 1.000000000000000000e+00
6.974463462829589844e-01 3.339312076568603516e-01 -6.340807080268859863e-01 1.815306544303894043e-01
4.019530415534973145e-01 5.502365827560424805e-01 7.318972349166870117e-01 -2.787604331970214844e-01
5.932973623275756836e-01 -7.653296589851379395e-01 2.495359033346176147e-01 -6.911750882863998413e-02
0.000000000000000000e+00 0.000000000000000000e+00 0.000000000000000000e+00 1.000000000000000000e+00
6.363851428031921387e-01 3.282234072685241699e-01 -6.980568766593933105e-01 2.194851189851760864e-01
4.575395584106445312e-01 5.679551362991333008e-01 6.841671466827392578e-01 -2.625127732753753662e-01
6.210246682167053223e-01 -7.547822594642639160e-01 2.112629115581512451e-01 -4.967401176691055298e-02
