-0.7680144309997559 -0.622108519077301 0.1521047502756119 -0.009178359992802143 
-0.6336642503738403 0.7037134766578674 -0.3213365375995636 0.1323198229074478 
0.09286796301603317 -0.3431742489337921 -0.9346699714660645 0.287020355463028 
0 0 0 1 

-0.8034676909446716 -0.5908398032188416 0.0731278583407402 0.01750882528722286 
-0.5909185409545898 0.7764948606491089 -0.2187942713499069 0.09874316304922104 
0.07248897105455399 -0.2190067768096924 -0.9730268120765686 0.3004130721092224 
0 0 0 1 

-0.8393992185592651 -0.542625904083252 0.03108386881649494 0.03177022561430931 
-0.5397680401802063 0.8255430459976196 -0.1647094041109085 0.08164526522159576 
0.06371451169252396 -0.1550350040197372 -0.9858521819114685 0.3049895763397217 
0 0 0 1 

-0.8800643682479858 -0.4741227924823761 -0.02634259127080441 0.05063699558377266 
-0.470791220664978 0.8784323930740356 -0.08192742615938187 0.0556146427989006 
0.06198384612798691 -0.05969956144690514 -0.996289849281311 0.3085955679416656 
0 0 0 1 

-0.9231188297271729 -0.3836415708065033 -0.02589374966919422 0.0519593209028244 
-0.3818056583404541 0.9225144386291504 -0.0564936175942421 0.04649258777499199 
0.04556065797805786 -0.0422639511525631 -0.9980669021606445 0.3091886043548584 
0 0 0 1 

-0.9577242732048035 -0.287418007850647 -0.01245169248431921 0.0491570457816124 
-0.2859115302562714 0.9557216763496399 -0.069646917283535 0.04929450899362564 
0.03191813081502914 -0.06314246356487274 -0.9974940419197083 0.3086818158626556 
0 0 0 1 

-0.9808961153030396 -0.1945084631443024 0.003019473981112242 0.04570609331130981 
-0.1940675526857376 0.9773651361465454 -0.08423291891813278 0.05213042721152306 
0.01343288831412792 -0.08320973068475723 -0.9964414238929749 0.3085208535194397 
0 0 0 1 

-0.9945636987686157 -0.1040156111121178 -0.00485983258113265 0.05074052512645721 
-0.1035558879375458 0.9929015636444092 -0.05850386247038841 0.03851717710494995 
0.0109106507152319 -0.05768255889415741 -0.9982751607894897 0.3098821938037872 
0 0 0 1 

-0.999790370464325 -0.007197271566838026 0.01917708106338978 0.04364066570997238 
-0.007596859242767096 0.9997538328170776 -0.02084601297974586 0.0155795319005847 
-0.01902232691645622 -0.02098732441663742 -0.9995988607406616 0.3136683702468872 
0 0 0 1 

-0.9051871299743652 -0.4034536480903625 -0.1336455941200256 0.0870441198348999 
-0.4043428599834442 0.9143514037132263 -0.02164216712117195 0.03209835290908813 
0.130930632352829 0.03444842994213104 -0.9907928705215454 0.3107220828533173 
0 0 0 1 

