1.000000000000000000e+00 0.000000000000000000e+00 0.000000000000000000e+00 -4.097584310382009209e-01
0.000000000000000000e+00 -1.000000000000000000e+00 0.000000000000000000e+00 -1.932597221741734483e-02
0.000000000000000000e+00 0.000000000000000000e+00 -1.000000000000000000e+00 -2.664692399556274349e+00
0.000000000000000000e+00 0.000000000000000000e+00 0.000000000000000000e+00 1.000000000000000000e+00
9.966467618942260742e-01 -7.745637744665145874e-02 -2.638409659266471863e-02 -4.684034655233179634e-01
-7.699593901634216309e-02 -9.968681931495666504e-01 1.804244332015514374e-02 6.120892990655817795e-02
-2.769895642995834351e-02 -1.595048047602176666e-02 -9.994889497756958008e-01 -2.713393926279255908e+00
0.000000000000000000e+00 0.000000000000000000e+00 0.000000000000000000e+00 1.000000000000000000e+00
9.845615625381469727e-01 -1.692409217357635498e-01 -4.467712342739105225e-02 -5.009293734030524359e-01
-1.669640988111495972e-01 -9.846651554107666016e-01 5.056713894009590149e-02 2.040745662586888332e-01
-5.255009233951568604e-02 -4.232696071267127991e-02 -9.977206587791442871e-01 -2.705870138777038747e+00
0.000000000000000000e+00 0.000000000000000000e+00 0.000000000000000000e+00 1.000000000000000000e+00
9.660033583641052246e-01 -2.538285851478576660e-01 -4.907764494419097900e-02 -4.929916754903120868e-01
-2.497300058603286743e-01 -9.652619361877441406e-01 7.683853805065155029e-02 3.226462570763067306e-01
-6.687662750482559204e-02 -6.197012960910797119e-02 -9.958348274230957031e-01 -2.700383618315416623e+00
0.000000000000000000e+00 0.000000000000000000e+00 0.000000000000000000e+00 1.000000000000000000e+00
9.364740848541259766e-01 -3.456539213657379150e-01 -5.949384346604347229e-02 -4.955919296742872793e-01
-3.368221223354339600e-01 -9.335935711860656738e-01 1.222838386893272400e-01 4.967330780860007011e-01
-9.781105071306228638e-02 -9.447675198316574097e-02 -9.907103180885314941e-01 -2.675957937169621381e+00
0.000000000000000000e+00 0.000000000000000000e+00 0.000000000000000000e+00 1.000000000000000000e+00
8.901498913764953613e-01 -4.536419510841369629e-01 -4.291808977723121643e-02 -4.188736695763455309e-01
-4.446810483932495117e-01 -8.853836059570312500e-01 1.354770809412002563e-01 5.728049136003078301e-01
-9.945715218782424927e-02 -1.015100181102752686e-01 -9.898502826690673828e-01 -2.683798228165751976e+00
0.000000000000000000e+00 0.000000000000000000e+00 0.000000000000000000e+00 1.000000000000000000e+00
8.444860577583312988e-01 -5.350612401962280273e-01 -2.350082620978355408e-02 -3.386343081086171103e-01
-5.246151685714721680e-01 -8.352373242378234863e-01 1.647947281599044800e-01 6.882134148293718168e-01
-1.078041270375251770e-01 -1.268379837274551392e-01 -9.860479831695556641e-01 -2.674133971960582556e+00
0.000000000000000000e+00 0.000000000000000000e+00 0.000000000000000000e+00 1.000000000000000000e+00
7.898308038711547852e-01 -6.132097840309143066e-01 -1.188546232879161835e-02 -2.752510169527686013e-01
-6.030519604682922363e-01 -7.799871563911437988e-01 1.671751737594604492e-01 7.310409319614130652e-01
-1.117839664220809937e-01 -1.248724833130836487e-01 -9.858555793762207031e-01 -2.681980333642734138e+00
0.000000000000000000e+00 0.000000000000000000e+00 0.000000000000000000e+00 1.000000000000000000e+00
7.218378186225891113e-01 -6.918144226074218750e-01 1.851861737668514252e-02 -1.417116358399474196e-01
-6.849013566970825195e-01 -7.102735042572021484e-01 1.625476479530334473e-01 7.464072179819501995e-01
-9.929957240819931030e-02 -1.300164461135864258e-01 -9.865264296531677246e-01 -2.692624729700022534e+00
0.000000000000000000e+00 0.000000000000000000e+00 0.000000000000000000e+00 1.000000000000000000e+00
6.440585851669311523e-01 -7.647702693939208984e-01 1.773587986826896667e-02 -9.510308160031094582e-02
-7.593618631362915039e-01 -6.363565325736999512e-01 1.357166171073913574e-01 6.933301063391912322e-01
-9.250572323799133301e-02 -1.008774191141128540e-01 -9.905891418457031250e-01 -2.719655011089103347e+00
0.000000000000000000e+00 0.000000000000000000e+00 0.000000000000000000e+00 1.000000000000000000e+00
5.471048355102539062e-01 -8.364942073822021484e-01 3.088175505399703979e-02 -5.550474296757120299e-04
-8.348082900047302246e-01 -5.425522327423095703e-01 9.344612061977386475e-02 5.896400296976549438e-01
-6.141220405697822571e-02 -7.690511643886566162e-02 -9.951450228691101074e-01 -2.767554379436490741e+00
0.000000000000000000e+00 0.000000000000000000e+00 0.000000000000000000e+00 1.000000000000000000e+00
4.541824460029602051e-01 -8.886245489120483398e-01 6.375358998775482178e-02 1.522296447115107088e-01
-8.907188177108764648e-01 -4.514448046684265137e-01 5.307773500680923462e-02 4.760742921087744439e-01
-1.838494651019573212e-02 -8.089351654052734375e-02 -9.965534806251525879e-01 -2.806178291424326510e+00
0.000000000000000000e+00 0.000000000000000000e+00 0.000000000000000000e+00 1.000000000000000000e+00
3.486683368682861328e-01 -9.327943921089172363e-01 9.124395996332168579e-02 2.724728351138245852e-01
-9.370809793472290039e-01 -3.487769663333892822e-01 1.527054887264966965e-02 3.448087105898953730e-01
1.757950894534587860e-02 -9.082736819982528687e-02 -9.957115650177001953e-01 -2.820655773823333767e+00
0.000000000000000000e+00 0.000000000000000000e+00 0.000000000000000000e+00 1.000000000000000000e+00
2.712917625904083252e-01 -9.555439949035644531e-01 1.154825165867805481e-01 3.654523762637243434e-01
-9.596499800682067871e-01 -2.777573168277740479e-01 -4.385253041982650757e-02 1.341298982901580339e-01
7.397912442684173584e-02 -9.892594069242477417e-02 -9.923409223556518555e-01 -2.814435252233717044e+00
0.000000000000000000e+00 0.000000000000000000e+00 0.000000000000000000e+00 1.000000000000000000e+00
1.952345818281173706e-01 -9.700848460197448730e-01 1.442884653806686401e-01 4.649347086569501908e-01
-9.716296195983886719e-01 -2.113372087478637695e-01 -1.061709076166152954e-01 -7.578456807461332601e-02
1.334882527589797974e-01 -1.194666624069213867e-01 -9.838234782218933105e-01 -2.800640722012073702e+00
0.000000000000000000e+00 0.000000000000000000e+00 0.000000000000000000e+00 1.000000000000000000e+00
1.173696815967559814e-01 -9.820258021354675293e-01 1.478153765201568604e-01 4.913931728138933863e-01
-9.703449606895446777e-01 -1.450763046741485596e-01 -1.933469027280807495e-01 -3.523891938350399711e-01
2.113161832094192505e-01 -1.207388564944267273e-01 -9.699316024780273438e-01 -2.773293661188805270e+00
0.000000000000000000e+00 0.000000000000000000e+00 0.000000000000000000e+00 1.000000000000000000e+00
1.867195963859558105e-01 -9.733870029449462891e-01 1.328662931919097900e-01 4.390320571962711971e-01
-9.549185037612915039e-01 -2.115988731384277344e-01 -2.082215696573257446e-01 -3.932094869237831025e-01
2.307945042848587036e-01 -8.799748867750167847e-02 -9.690147638320922852e-01 -2.751629314361747181e+00
0.000000000000000000e+00 0.000000000000000000e+00 0.000000000000000000e+00 1.000000000000000000e+00
2.753140330314636230e-01 -9.516977071762084961e-01 1.359176039695739746e-01 4.257001753359898610e-01
-9.370543360710144043e-01 -2.972461581230163574e-01 -1.832313388586044312e-01 -2.987238120213249748e-01
2.147818654775619507e-01 -7.691604644060134888e-02 -9.736286401748657227e-01 -2.741677528391400998e+00
0.000000000000000000e+00 0.000000000000000000e+00 0.000000000000000000e+00 1.000000000000000000e+00
3.293752372264862061e-01 -9.337534904479980469e-01 1.400562226772308350e-01 4.204204721094926822e-01
-9.327148199081420898e-01 -3.448343575000762939e-01 -1.055082157254219055e-01 -4.650315084234972474e-02
1.468149125576019287e-01 -9.588076174259185791e-02 -9.845059514045715332e-01 -2.739506982198617102e+00
0.000000000000000000e+00 0.000000000000000000e+00 0.000000000000000000e+00 1.000000000000000000e+00
3.626502156257629395e-01 -9.157165884971618652e-01 1.730538010597229004e-01 5.039573198477226290e-01
-9.289247989654541016e-01 -3.700844943523406982e-01 -1.165869925171136856e-02 2.580149915401965255e-01
7.472057640552520752e-02 -1.565259695053100586e-01 -9.848435521125793457e-01 -2.702991529841986651e+00
0.000000000000000000e+00 0.000000000000000000e+00 0.000000000000000000e+00 1.000000000000000000e+00
4.036712050437927246e-01 -8.983461856842041016e-01 1.732726246118545532e-01 4.874317052598442501e-01
-9.148572087287902832e-01 -3.982590734958648682e-01 6.652453541755676270e-02 5.003046765258711837e-01
9.245335124433040619e-03 -1.853737533092498779e-01 -9.826244115829467773e-01 -2.663249783805464066e+00
0.000000000000000000e+00 0.000000000000000000e+00 0.000000000000000000e+00 1.000000000000000000e+00
4.581510722637176514e-01 -8.634001016616821289e-01 2.112753689289093018e-01 5.623018208822656572e-01
-8.876470327377319336e-01 -4.319205880165100098e-01 1.597724407911300659e-01 7.654134321526283591e-01
-4.669342190027236938e-02 -2.607378363609313965e-01 -9.642794728279113770e-01 -2.563268896322763002e+00
0.000000000000000000e+00 0.000000000000000000e+00 0.000000000000000000e+00 1.000000000000000000e+00
5.327767729759216309e-01 -8.228939175605773926e-01 1.974705308675765991e-01 4.721151229811040850e-01
-8.413504362106323242e-01 -4.899773299694061279e-01 2.281488925218582153e-01 9.397134515162760549e-01
-9.098631143569946289e-02 -2.876944243907928467e-01 -9.533907175064086914e-01 -2.496674298493137378e+00
0.000000000000000000e+00 0.000000000000000000e+00 0.000000000000000000e+00 1.000000000000000000e+00
5.920873284339904785e-01 -7.833191752433776855e-01 1.893253922462463379e-01 4.107500417406996229e-01
-7.954386472702026367e-01 -5.303797125816345215e-01 2.932138741016387939e-01 1.087004160951642540e+00
-1.292658597230911255e-01 -3.242050111293792725e-01 -9.371131658554077148e-01 -2.418302293842484296e+00
0.000000000000000000e+00 0.000000000000000000e+00 0.000000000000000000e+00 1.000000000000000000e+00
6.699324250221252441e-01 -7.242223024368286133e-01 1.633785963058471680e-01 2.844600082816515774e-01
-7.226924896240234375e-01 -5.857477188110351562e-01 3.668984174728393555e-01 1.227138497359199665e+00
-1.700175255537033081e-01 -3.638697862625122070e-01 -9.158015251159667969e-01 -2.320708289727134055e+00
0.000000000000000000e+00 0.000000000000000000e+00 0.000000000000000000e+00 1.000000000000000000e+00
7.312657833099365234e-01 -6.657478809356689453e-01 1.484254896640777588e-01 2.086982434036276646e-01
-6.514942049980163574e-01 -6.172803640365600586e-01 4.410445690155029297e-01 1.366690047908740047e+00
-2.020044475793838501e-01 -4.192189574241638184e-01 -8.851268887519836426e-01 -2.187506952695840390e+00
0.000000000000000000e+00 0.000000000000000000e+00 0.000000000000000000e+00 1.000000000000000000e+00
7.573645710945129395e-01 -6.389213800430297852e-01 1.348260343074798584e-01 1.508471322015619009e-01
-6.004530191421508789e-01 -6.002783775329589844e-01 5.283195376396179199e-01 1.550250070976612715e+00
-2.566215395927429199e-01 -4.810871183872222900e-01 -8.382720351219177246e-01 -1.994283915154029696e+00
0.000000000000000000e+00 0.000000000000000000e+00 0.000000000000000000e+00 1.000000000000000000e+00
7.846775650978088379e-01 -6.058812141418457031e-01 1.311061829328536987e-01 1.176918562963598230e-01
-5.375512242317199707e-01 -5.597096681594848633e-01 6.306850910186767578e-01 1.793931684934075843e+00
-3.087388873100280762e-01 -5.653607845306396484e-01 -7.648838758468627930e-01 -1.735131157872030538e+00
0.000000000000000000e+00 0.000000000000000000e+00 0.000000000000000000e+00 1.000000000000000000e+00
8.067121505737304688e-01 -5.774303078651428223e-01 1.256575733423233032e-01 8.725290195275048344e-02
-4.810082018375396729e-01 -5.180940628051757812e-01 7.072548866271972656e-01 1.980547056682294027e+00
-3.432878553867340088e-01 -6.309934258460998535e-01 -6.957017779350280762e-01 -1.510036190899112007e+00
0.000000000000000000e+00 0.000000000000000000e+00 0.000000000000000000e+00 1.000000000000000000e+00
8.349530100822448730e-01 -5.356093049049377441e-01 1.263942718505859375e-01 6.474370361587955536e-02
-4.181389212608337402e-01 -4.681250154972076416e-01 7.784720659255981445e-01 2.153347202688342232e+00
-3.577886223793029785e-01 -7.028380036354064941e-01 -6.148216724395751953e-01 -1.296705247643947345e+00
0.000000000000000000e+00 0.000000000000000000e+00 0.000000000000000000e+00 1.000000000000000000e+00
8.655903339385986328e-01 -4.931907057762145996e-01 8.669543266296386719e-02 -6.157106961333077416e-02
-3.307271301746368408e-01 -4.330581426620483398e-01 8.384984731674194336e-01 2.285844754051609584e+00
-3.759956657886505127e-01 -7.544689178466796875e-01 -5.379625558853149414e-01 -1.108142082488875246e+00
0.000000000000000000e+00 0.000000000000000000e+00 0.000000000000000000e+00 1.000000000000000000e+00
8.855001330375671387e-01 -4.606706500053405762e-01 6.059766933321952820e-02 -1.343976664233313412e-01
-2.314248383045196533e-01 -3.241872489452362061e-01 9.172485470771789551e-01 2.425269510045393151e+00
-4.029046893119812012e-01 -8.262474536895751953e-01 -3.936784267425537109e-01 -7.451433423107093335e-01
0.000000000000000000e+00 0.000000000000000000e+00 0.000000000000000000e+00 1.000000000000000000e+00
8.698366284370422363e-01 -4.928354620933532715e-01 2.230383828282356262e-02 -2.745443166656015288e-01
-9.922759234905242920e-02 -1.304892152547836304e-01 9.864717721939086914e-01 2.587742867249161360e+00
-4.832578003406524658e-01 -8.602823615074157715e-01 -1.624071747064590454e-01 -1.334571815396133898e-01
0.000000000000000000e+00 0.000000000000000000e+00 0.000000000000000000e+00 1.000000000000000000e+00
8.539091348648071289e-01 -5.191937685012817383e-01 3.573189675807952881e-02 -2.110302125737605616e-01
-1.042671650648117065e-01 -1.034106910228729248e-01 9.891583323478698730e-01 2.590203426669584807e+00
-5.098699331283569336e-01 -8.483771681785583496e-01 -1.424382030963897705e-01 -1.368375619929557419e-01
0.000000000000000000e+00 0.000000000000000000e+00 0.000000000000000000e+00 1.000000000000000000e+00
8.199774026870727539e-01 -5.719211697578430176e-01 2.330834232270717621e-02 -2.061740086822970719e-01
-1.105322763323783875e-01 -1.182558909058570862e-01 9.868119359016418457e-01 2.583883566581443247e+00
-5.616223812103271484e-01 -8.117396831512451172e-01 -1.601829230785369873e-01 -1.734101167399715870e-01
0.000000000000000000e+00 0.000000000000000000e+00 0.000000000000000000e+00 1.000000000000000000e+00
8.014400601387023926e-01 -5.958243012428283691e-01 5.183604732155799866e-02 -1.304291537691697478e-01
-2.453198879957199097e-01 -2.484550476074218750e-01 9.370635151863098145e-01 2.507796071456604547e+00
-5.454463362693786621e-01 -7.637166976928710938e-01 -3.452894389629364014e-01 -5.682854945801650848e-01
0.000000000000000000e+00 0.000000000000000000e+00 0.000000000000000000e+00 1.000000000000000000e+00
8.182854056358337402e-01 -5.685515403747558594e-01 8.460681885480880737e-02 -5.230566351593496366e-02
-3.115639388561248779e-01 -3.150091171264648438e-01 8.964911103248596191e-01 2.428339345590107001e+00
-4.830497503280639648e-01 -7.599462866783142090e-01 -4.349077045917510986e-01 -8.105655389025280266e-01
0.000000000000000000e+00 0.000000000000000000e+00 0.000000000000000000e+00 1.000000000000000000e+00
8.064860105514526367e-01 -5.820418596267700195e-01 1.039596498012542725e-01 -5.243735095071962692e-03
-3.747081458568572998e-01 -3.671393096446990967e-01 8.513534069061279297e-01 2.338971121033221134e+00
-4.573556482791900635e-01 -7.255588769912719727e-01 -5.141885876655578613e-01 -1.021918473290870821e+00
0.000000000000000000e+00 0.000000000000000000e+00 0.000000000000000000e+00 1.000000000000000000e+00
8.286603093147277832e-01 -5.546552538871765137e-01 7.536000013351440430e-02 -1.271738173754731471e-01
-4.555953145027160645e-01 -5.901098847389221191e-01 6.664858460426330566e-01 1.973651585183251012e+00
-3.251991868019104004e-01 -5.866241455078125000e-01 -7.416993379592895508e-01 -1.672291003406124021e+00
0.000000000000000000e+00 0.000000000000000000e+00 0.000000000000000000e+00 1.000000000000000000e+00
8.303762078285217285e-01 -5.550595521926879883e-01 4.882825538516044617e-02 -2.108970713917089346e-01
-4.677940011024475098e-01 -6.468421816825866699e-01 6.022986769676208496e-01 1.799707666742790257e+00
-3.027275502681732178e-01 -5.229759216308593750e-01 -7.967759370803833008e-01 -1.829039427751808722e+00
0.000000000000000000e+00 0.000000000000000000e+00 0.000000000000000000e+00 1.000000000000000000e+00
8.514744043350219727e-01 -5.219057798385620117e-01 5.104392766952514648e-02 -2.068674293437931799e-01
-4.650306105613708496e-01 -7.065094113349914551e-01 5.334709286689758301e-01 1.606207171255792154e+00
-2.423585206270217896e-01 -4.779737293720245361e-01 -8.442769646644592285e-01 -1.976186372304586936e+00
0.000000000000000000e+00 0.000000000000000000e+00 0.000000000000000000e+00 1.000000000000000000e+00
8.700777888298034668e-01 -4.927997589111328125e-01 1.063705887645483017e-02 -3.003670489245153230e-01
-4.572641849517822266e-01 -7.989034056663513184e-01 3.907203376293182373e-01 1.222199580370699978e+00
-1.840490549802780151e-01 -3.448209762573242188e-01 -9.204479455947875977e-01 -2.192151027501910932e+00
0.000000000000000000e+00 0.000000000000000000e+00 0.000000000000000000e+00 1.000000000000000000e+00
8.757579326629638672e-01 -4.827297329902648926e-01 4.464956466108560562e-03 -3.004266175310964515e-01
-4.677011370658874512e-01 -8.461291790008544922e-01 2.555792331695556641e-01 8.744812398028873890e-01
-1.195978522300720215e-01 -2.259138524532318115e-01 -9.667778015136718750e-01 -2.335487650785549096e+00
0.000000000000000000e+00 0.000000000000000000e+00 0.000000000000000000e+00 1.000000000000000000e+00
8.789872527122497559e-01 -4.767789840698242188e-01 7.929768413305282593e-03 -2.573521338541097103e-01
-4.765927493572235107e-01 -8.778597712516784668e-01 4.713047295808792114e-02 3.307772511507613977e-01
-1.550960727035999298e-02 -4.520636424422264099e-02 -9.988572001457214355e-01 -2.462523930222236146e+00
0.000000000000000000e+00 0.000000000000000000e+00 0.000000000000000000e+00 1.000000000000000000e+00
8.855786919593811035e-01 -4.644120037555694580e-01 8.490047417581081390e-03 -2.413878852605034209e-01
-4.635299444198608398e-01 -8.847758769989013672e-01 -4.807971045374870300e-02 6.961587287782854128e-02
2.984058484435081482e-02 3.864296153187751770e-02 -9.988076686859130859e-01 -2.486306118649804997e+00
0.000000000000000000e+00 0.000000000000000000e+00 0.000000000000000000e+00 1.000000000000000000e+00
8.944662809371948242e-01 -4.471047818660736084e-01 5.228364374488592148e-03 -2.448825653490850351e-01
-4.410654902458190918e-01 -8.841835856437683105e-01 -1.538838297128677368e-01 -2.320710597790207330e-01
7.342507690191268921e-02 1.353378295898437500e-01 -9.880751371383666992e-01 -2.479452866012635148e+00
0.000000000000000000e+00 0.000000000000000000e+00 0.000000000000000000e+00 1.000000000000000000e+00
8.974028825759887695e-01 -4.410997927188873291e-01 9.940624237060546875e-03 -2.303570348499231757e-01
-4.239386022090911865e-01 -8.682933449745178223e-01 -2.575710713863372803e-01 -5.340298453442482440e-01
1.222459822893142700e-01 2.269308567047119141e-01 -9.662082195281982422e-01 -2.437235107900363129e+00
0.000000000000000000e+00 0.000000000000000000e+00 0.000000000000000000e+00 1.000000000000000000e+00
9.020268917083740234e-01 -4.315313398838043213e-01 1.129525061696767807e-02 -2.233406842647404078e-01
-3.966612517833709717e-01 -8.388941884040832520e-01 -3.727141022682189941e-01 -8.876518245898873394e-01
1.703134775161743164e-01 3.317177593708038330e-01 -9.278774857521057129e-01 -2.345408531445242861e+00
0.000000000000000000e+00 0.000000000000000000e+00 0.000000000000000000e+00 1.000000000000000000e+00
9.063598513603210449e-01 -4.223861396312713623e-01 1.005431264638900757e-02 -2.397442987591170971e-01
-3.711423575878143311e-01 -8.073216676712036133e-01 -4.587868452072143555e-01 -1.151685137492502564e+00
2.019024640321731567e-01 4.120944142341613770e-01 -8.884892463684082031e-01 -2.256712635365183406e+00
0.000000000000000000e+00 0.000000000000000000e+00 0.000000000000000000e+00 1.000000000000000000e+00
9.156907796859741211e-01 -4.017931222915649414e-01 8.562413975596427917e-03 -2.704476211311810374e-01
-3.314439058303833008e-01 -7.670701742172241211e-01 -5.493166446685791016e-01 -1.434032951284743174e+00
2.272796183824539185e-01 5.001657605171203613e-01 -8.355705142021179199e-01 -2.136429028335908420e+00
0.000000000000000000e+00 0.000000000000000000e+00 0.000000000000000000e+00 1.000000000000000000e+00
9.113754630088806152e-01 -4.110951423645019531e-01 -1.987359300255775452e-02 -3.580216992748530003e-01
-3.306972682476043701e-01 -7.026825547218322754e-01 -6.299815773963928223e-01 -1.655742545009992517e+00
2.450177520513534546e-01 5.807219147682189941e-01 -7.763558030128479004e-01 -2.001926908854477549e+00
0.000000000000000000e+00 0.000000000000000000e+00 0.000000000000000000e+00 1.000000000000000000e+00
9.192869663238525391e-01 -3.922851085662841797e-01 -3.200909867882728577e-02 -4.090858956061690921e-01
-2.913001179695129395e-01 -6.234313845634460449e-01 -7.255874872207641602e-01 -1.939415079071112658e+00
2.646819949150085449e-01 6.763474345207214355e-01 -6.873849034309387207e-01 -1.773571155667457377e+00
0.000000000000000000e+00 0.000000000000000000e+00 0.000000000000000000e+00 1.000000000000000000e+00
9.278575778007507324e-01 -3.687406480312347412e-01 -5.576686933636665344e-02 -4.908055731645995512e-01
-2.659219205379486084e-01 -5.493329167366027832e-01 -7.921609878540039062e-01 -2.140289664461855423e+00
2.614673972129821777e-01 7.498422265052795410e-01 -6.077589988708496094e-01 -1.550943784591941377e+00
0.000000000000000000e+00 0.000000000000000000e+00 0.000000000000000000e+00 1.000000000000000000e+00
9.362834095954895020e-01 -3.475675284862518311e-01 -5.069372430443763733e-02 -4.976835569487978450e-01
-2.236806154251098633e-01 -4.787271916866302490e-01 -8.489915132522583008e-01 -2.324265667492303677e+00
2.708134651184082031e-01 8.062363862991333008e-01 -5.259686708450317383e-01 -1.335720580910001454e+00
0.000000000000000000e+00 0.000000000000000000e+00 0.000000000000000000e+00 1.000000000000000000e+00
9.472679495811462402e-01 -3.171347677707672119e-01 -4.592362791299819946e-02 -5.113888549844395337e-01
-1.806814819574356079e-01 -4.102443158626556396e-01 -8.938978910446166992e-01 -2.465205335588601887e+00
2.646461725234985352e-01 8.550584912300109863e-01 -4.459118843078613281e-01 -1.128479363554727666e+00
0.000000000000000000e+00 0.000000000000000000e+00 0.000000000000000000e+00 1.000000000000000000e+00
9.621478915214538574e-01 -2.698786854743957520e-01 -3.790864348411560059e-02 -5.201340231230422440e-01
-1.335618793964385986e-01 -3.456999957561492920e-01 -9.287905693054199219e-01 -2.593175948791976992e+00
2.375557720661163330e-01 8.986972570419311523e-01 -3.686601221561431885e-01 -9.059915492726264841e-01
0.000000000000000000e+00 0.000000000000000000e+00 0.000000000000000000e+00 1.000000000000000000e+00
9.671731591224670410e-01 -2.474571019411087036e-01 -5.779986456036567688e-02 -5.963627306829375474e-01
-1.246565282344818115e-01 -2.638014853000640869e-01 -9.564878940582275391e-01 -2.713075308990149370e+00
2.214420735836029053e-01 9.322947859764099121e-01 -2.859889864921569824e-01 -6.332570117199924908e-01
0.000000000000000000e+00 0.000000000000000000e+00 0.000000000000000000e+00 1.000000000000000000e+00
9.787842035293579102e-01 -2.013894170522689819e-01 -3.772501647472381592e-02 -5.708107993101086963e-01
-7.153363525867462158e-02 -1.633433103561401367e-01 -9.839723110198974609e-01 -2.834020206885303317e+00
1.919995248317718506e-01 9.657961130142211914e-01 -1.742840409278869629e-01 -2.718796965899826779e-01
0.000000000000000000e+00 0.000000000000000000e+00 0.000000000000000000e+00 1.000000000000000000e+00
9.935775399208068848e-01 -1.131438836455345154e-01 -1.426689559593796730e-03 -4.877994453305721234e-01
-1.741694286465644836e-02 -1.404650360345840454e-01 -9.899324774742126465e-01 -2.863013803321632800e+00
1.118043810129165649e-01 9.835993647575378418e-01 -1.415335983037948608e-01 -1.809538754194964794e-01
0.000000000000000000e+00 0.000000000000000000e+00 0.000000000000000000e+00 1.000000000000000000e+00
9.965627789497375488e-01 -8.130267262458801270e-02 1.590421050786972046e-02 -4.511363994200556227e-01
-4.728532861918210983e-03 -2.474894970655441284e-01 -9.688789844512939453e-01 -2.820382410739111112e+00
8.270857483148574829e-02 9.654729366302490234e-01 -2.470231354236602783e-01 -4.876167010615188868e-01
0.000000000000000000e+00 0.000000000000000000e+00 0.000000000000000000e+00 1.000000000000000000e+00
9.980835318565368652e-01 -2.951117232441902161e-02 5.439311265945434570e-02 -3.276279129047919847e-01
4.347115010023117065e-02 -2.912131249904632568e-01 -9.556698799133300781e-01 -2.881632873288334729e+00
4.404291883111000061e-02 9.562026262283325195e-01 -2.893720269203186035e-01 -5.976201531947655798e-01
0.000000000000000000e+00 0.000000000000000000e+00 0.000000000000000000e+00 1.000000000000000000e+00
9.892687797546386719e-01 4.553868994116783142e-02 1.388267576694488525e-01 -2.729105252946675483e-02
1.460041999816894531e-01 -2.728327214717864990e-01 -9.509183764457702637e-01 -2.978589455371479566e+00
-5.427103489637374878e-03 9.609828591346740723e-01 -2.765537500381469727e-01 -5.360146244983813313e-01
0.000000000000000000e+00 0.000000000000000000e+00 0.000000000000000000e+00 1.000000000000000000e+00
9.683105349540710449e-01 6.794533878564834595e-02 2.403289824724197388e-01 2.900719608439291108e-01
2.497287541627883911e-01 -2.511192858219146729e-01 -9.351869821548461914e-01 -3.019964215947652963e+00
-3.190378658473491669e-03 9.655686020851135254e-01 -2.601293027400970459e-01 -4.728043651403986414e-01
0.000000000000000000e+00 0.000000000000000000e+00 0.000000000000000000e+00 1.000000000000000000e+00
9.733721017837524414e-01 3.518980741500854492e-02 2.265124022960662842e-01 2.342845638330642855e-01
2.267370671033859253e-01 -2.931240499019622803e-01 -9.287993311882019043e-01 -3.001771197763515975e+00
3.371195867657661438e-02 9.554265141487121582e-01 -2.932975888252258301e-01 -6.028172812943634051e-01
0.000000000000000000e+00 0.000000000000000000e+00 0.000000000000000000e+00 1.000000000000000000e+00
9.827305078506469727e-01 -4.288907721638679504e-02 1.800043284893035889e-01 5.780653064297644472e-02
1.560998558998107910e-01 -3.302232027053833008e-01 -9.309057593345642090e-01 -2.979323456499474165e+00
9.936726093292236328e-02 9.429278373718261719e-01 -3.178253173828125000e-01 -7.330217689833320449e-01
0.000000000000000000e+00 0.000000000000000000e+00 0.000000000000000000e+00 1.000000000000000000e+00
9.866815805435180664e-01 -1.188541352748870850e-01 1.110573559999465942e-01 -1.785071158355642507e-01
5.979511141777038574e-02 -3.699209988117218018e-01 -9.271368980407714844e-01 -2.918487732181594740e+00
1.512764394283294678e-01 9.214290976524353027e-01 -3.578872680664062500e-01 -9.198241592520383092e-01
0.000000000000000000e+00 0.000000000000000000e+00 0.000000000000000000e+00 1.000000000000000000e+00
9.791224002838134766e-01 -2.014984935522079468e-01 2.679180167615413666e-02 -4.587947078056928141e-01
-3.712672367691993713e-02 -3.068580925464630127e-01 -9.510306715965270996e-01 -2.936653984159184549e+00
1.998525857925415039e-01 9.301809072494506836e-01 -3.079326748847961426e-01 -8.131945598600346381e-01
0.000000000000000000e+00 0.000000000000000000e+00 0.000000000000000000e+00 1.000000000000000000e+00
9.241031408309936523e-01 -3.713854849338531494e-01 -9.003122150897979736e-02 -7.935121913640397207e-01
-2.198473811149597168e-01 -3.239702284336090088e-01 -9.201683402061462402e-01 -2.751924112301036285e+00
3.125700354576110840e-01 8.701239824295043945e-01 -3.810302317142486572e-01 -1.123632334677364231e+00
0.000000000000000000e+00 0.000000000000000000e+00 0.000000000000000000e+00 1.000000000000000000e+00
8.732659220695495605e-01 -4.790576398372650146e-01 -8.894186466932296753e-02 -7.731219297656404255e-01
-2.813746631145477295e-01 -3.467952311038970947e-01 -8.947409391403198242e-01 -2.636191450235464195e+00
3.977880775928497314e-01 8.063728213310241699e-01 -4.376392066478729248e-01 -1.375502752196618106e+00
0.000000000000000000e+00 0.000000000000000000e+00 0.000000000000000000e+00 1.000000000000000000e+00
8.361836075782775879e-01 -5.455540418624877930e-01 -5.628276243805885315e-02 -6.581710754804782626e-01
-3.300938308238983154e-01 -4.186618030071258545e-01 -8.460261821746826172e-01 -2.467650718293973089e+00
4.379895031452178955e-01 7.260118126869201660e-01 -5.301620364189147949e-01 -1.693798892098004494e+00
0.000000000000000000e+00 0.000000000000000000e+00 0.000000000000000000e+00 1.000000000000000000e+00
8.029035329818725586e-01 -5.943743586540222168e-01 -4.544459283351898193e-02 -6.039158368392334442e-01
-4.214445650577545166e-01 -5.120790004730224609e-01 -7.484377622604370117e-01 -2.114084030580673179e+00
4.215809404850006104e-01 6.200754642486572266e-01 -6.616459488868713379e-01 -2.092852264375752114e+00
0.000000000000000000e+00 0.000000000000000000e+00 0.000000000000000000e+00 1.000000000000000000e+00
7.746559977531433105e-01 -6.321536302566528320e-01 -1.703603751957416534e-02 -5.075171025118713208e-01
-5.020836591720581055e-01 -5.984401106834411621e-01 -6.243249177932739258e-01 -1.680043363181946470e+00
3.844739496707916260e-01 4.921903014183044434e-01 -7.809790968894958496e-01 -2.436210265723907753e+00
0.000000000000000000e+00 0.000000000000000000e+00 0.000000000000000000e+00 1.000000000000000000e+00
7.559784054756164551e-01 -6.543978452682495117e-01 -1.613086648285388947e-02 -4.949722023121314041e-01
-5.618449449539184570e-01 -6.360193490982055664e-01 -5.289701223373413086e-01 -1.351580065926605068e+00
3.358975052833557129e-01 4.089528918266296387e-01 -8.484873175621032715e-01 -2.614730929543660487e+00
0.000000000000000000e+00 0.000000000000000000e+00 0.000000000000000000e+00 1.000000000000000000e+00
6.558646559715270996e-01 -7.547442317008972168e-01 -1.424244325608015060e-02 -4.251143003134065235e-01
-6.732910275459289551e-01 -5.763428807258605957e-01 -4.631491005420684814e-01 -1.073242906042197520e+00
3.413506746292114258e-01 3.133524060249328613e-01 -8.861658573150634766e-01 -2.749839565746644787e+00
0.000000000000000000e+00 0.000000000000000000e+00 0.000000000000000000e+00 1.000000000000000000e+00
5.865405797958374023e-01 -8.096034526824951172e-01 2.263627946376800537e-02 -2.643695019690517345e-01
-7.370569109916687012e-01 -5.451505184173583984e-01 -3.994467854499816895e-01 -8.321847942367675000e-01
3.357339203357696533e-01 2.176074385643005371e-01 -9.164766669273376465e-01 -2.853066338668668767e+00
0.000000000000000000e+00 0.000000000000000000e+00 0.000000000000000000e+00 1.000000000000000000e+00
5.423471927642822266e-01 -8.378400802612304688e-01 6.231450662016868591e-02 -1.070982656592082832e-01
-7.789344787597656250e-01 -5.292370319366455078e-01 -3.364061415195465088e-01 -6.013177776040344868e-01
3.148338198661804199e-01 1.339100301265716553e-01 -9.396532177925109863e-01 -2.916029838436911437e+00
0.000000000000000000e+00 0.000000000000000000e+00 0.000000000000000000e+00 1.000000000000000000e+00
5.049486160278320312e-01 -8.545458912849426270e-01 1.215646639466285706e-01 1.091135371688657651e-01
-8.164243102073669434e-01 -5.185632705688476562e-01 -2.540539801120758057e-01 -3.191635014212476085e-01
2.801396548748016357e-01 2.903580665588378906e-02 -9.595199227333068848e-01 -2.962580134786266584e+00
0.000000000000000000e+00 0.000000000000000000e+00 0.000000000000000000e+00 1.000000000000000000e+00
4.361020326614379883e-01 -8.821930885314941406e-01 1.776232421398162842e-01 3.354941616156705830e-01
-8.578975796699523926e-01 -4.671657085418701172e-01 -2.139329463243484497e-01 -1.660344649215816093e-01
2.717097103595733643e-01 -5.908602103590965271e-02 -9.605638384819030762e-01 -2.961172287509940659e+00
0.000000000000000000e+00 0.000000000000000000e+00 0.000000000000000000e+00 1.000000000000000000e+00
3.548056185245513916e-01 -8.954347968101501465e-01 2.689044475555419922e-01 6.783616446348221807e-01
-8.930816054344177246e-01 -4.096964001655578613e-01 -1.858877390623092651e-01 -5.399890238160406919e-02
2.766193747520446777e-01 -1.741995662450790405e-01 -9.450585842132568359e-01 -2.915197326631212338e+00
0.000000000000000000e+00 0.000000000000000000e+00 0.000000000000000000e+00 1.000000000000000000e+00
2.906835079193115234e-01 -8.832267522811889648e-01 3.679849803447723389e-01 1.026746105023303324e+00
-9.130731225013732910e-01 -3.710187375545501709e-01 -1.692414283752441406e-01 1.042615385029683345e-02
2.860078811645507812e-01 -2.868015766143798828e-01 -9.142997264862060547e-01 -2.828554012276937257e+00
0.000000000000000000e+00 0.000000000000000000e+00 0.000000000000000000e+00 1.000000000000000000e+00
2.683944702148437500e-01 -8.530343770980834961e-01 4.475446045398712158e-01 1.278813750853171616e+00
-9.328047037124633789e-01 -3.461333513259887695e-01 -1.003342792391777039e-01 2.390792456169099078e-01
2.404987365007400513e-01 -3.905427157878875732e-01 -8.886153697967529297e-01 -2.715952720437110113e+00
0.000000000000000000e+00 0.000000000000000000e+00 0.000000000000000000e+00 1.000000000000000000e+00
1.757690608501434326e-01 -7.744407653808593750e-01 6.077394485473632812e-01 1.821821300747058059e+00
-9.621864557266235352e-01 -2.656485438346862793e-01 -6.023393571376800537e-02 3.685172229643908226e-01
2.080928236246109009e-01 -5.741711854934692383e-01 -7.918492555618286133e-01 -2.402469944699698434e+00
0.000000000000000000e+00 0.000000000000000000e+00 0.000000000000000000e+00 1.000000000000000000e+00
1.337566822767257690e-01 -6.734891533851623535e-01 7.269949913024902344e-01 2.210431575397168391e+00
-9.740244150161743164e-01 -2.245955318212509155e-01 -2.885902486741542816e-02 4.697079360845169971e-01
1.827160120010375977e-01 -7.042508125305175781e-01 -6.860360503196716309e-01 -2.071810162865847182e+00
0.000000000000000000e+00 0.000000000000000000e+00 0.000000000000000000e+00 1.000000000000000000e+00
1.077705845236778259e-01 -5.763108730316162109e-01 8.100929856300354004e-01 2.470727553233032836e+00
-9.836426973342895508e-01 -1.801093369722366333e-01 2.726537873968482018e-03 5.680630869522855786e-01
1.443340480327606201e-01 -7.971361279487609863e-01 -5.862947106361389160e-01 -1.753236289078999643e+00
0.000000000000000000e+00 0.000000000000000000e+00 0.000000000000000000e+00 1.000000000000000000e+00
7.611189037561416626e-02 -5.013812780380249023e-01 8.618723154067993164e-01 2.646729986115162525e+00
-9.909951090812683105e-01 -1.335356682538986206e-01 9.832253679633140564e-03 5.926864103191057387e-01
1.101609393954277039e-01 -8.548594713211059570e-01 -5.070300698280334473e-01 -1.496695996338086143e+00
0.000000000000000000e+00 0.000000000000000000e+00 0.000000000000000000e+00 1.000000000000000000e+00
1.545359194278717041e-01 -5.128856897354125977e-01 8.444330692291259766e-01 2.531465594694028987e+00
-9.877218604087829590e-01 -1.000028327107429504e-01 1.200194880366325378e-01 9.244835489760062641e-01
2.288937754929065704e-02 -8.526120781898498535e-01 -5.220425724983215332e-01 -1.475432038848140559e+00
0.000000000000000000e+00 0.000000000000000000e+00 0.000000000000000000e+00 1.000000000000000000e+00
2.602546811103820801e-01 -5.766883492469787598e-01 7.744014859199523926e-01 2.251853797700414717e+00
-9.606425762176513672e-01 -7.397389411926269531e-02 2.677574753761291504e-01 1.348445566863561318e+00
-9.712703526020050049e-02 -8.136084675788879395e-01 -5.732433795928955078e-01 -1.533785680404249341e+00
0.000000000000000000e+00 0.000000000000000000e+00 0.000000000000000000e+00 1.000000000000000000e+00
3.180635869503021240e-01 -6.164030432701110840e-01 7.203356027603149414e-01 2.062236471714808506e+00
-9.305838942527770996e-01 -5.772979930043220520e-02 3.614981174468994141e-01 1.597631223490024954e+00
-1.812436282634735107e-01 -7.853121161460876465e-01 -5.919763445854187012e-01 -1.530579944274747195e+00
0.000000000000000000e+00 0.000000000000000000e+00 0.000000000000000000e+00 1.000000000000000000e+00
3.650312125682830811e-01 -6.343489289283752441e-01 6.814351677894592285e-01 1.916449774741146639e+00
-8.905340433120727539e-01 -2.447425946593284607e-02 4.542581140995025635e-01 1.840156233790349427e+00
-2.714804112911224365e-01 -7.726595997810363770e-01 -5.738432407379150391e-01 -1.410284057903293586e+00
0.000000000000000000e+00 0.000000000000000000e+00 0.000000000000000000e+00 1.000000000000000000e+00
4.212822318077087402e-01 -6.343733072280883789e-01 6.481448411941528320e-01 1.771516974944393974e+00
-8.405342698097229004e-01 -4.693196155130863190e-03 5.417382121086120605e-01 2.054254428976487468e+00
-3.406223952770233154e-01 -7.730126976966857910e-01 -5.351895093917846680e-01 -1.234000441882281862e+00
0.000000000000000000e+00 0.000000000000000000e+00 0.000000000000000000e+00 1.000000000000000000e+00
5.175147056579589844e-01 -6.435123682022094727e-01 5.639771819114685059e-01 1.471454416447375957e+00
-7.309703826904296875e-01 1.015133783221244812e-02 6.823337078094482422e-01 2.363719100418677055e+00
-4.448151290416717529e-01 -7.653685808181762695e-01 -4.651349782943725586e-01 -9.315569327337974714e-01
0.000000000000000000e+00 0.000000000000000000e+00 0.000000000000000000e+00 1.000000000000000000e+00
6.303275823593139648e-01 -6.700518131256103516e-01 3.920677900314331055e-01 8.891852565931742669e-01
-5.812454223632812500e-01 -7.254499942064285278e-02 8.104877471923828125e-01 2.654876652373562074e+00
-5.146268010139465332e-01 -7.387603521347045898e-01 -4.351919293403625488e-01 -7.751746121462204098e-01
0.000000000000000000e+00 0.000000000000000000e+00 0.000000000000000000e+00 1.000000000000000000e+00
6.329742074012756348e-01 -7.244088649749755859e-01 2.730855941772460938e-01 5.794729977404234900e-01
-4.943242371082305908e-01 -1.067115962505340576e-01 8.627027869224548340e-01 2.750800390012314800e+00
-5.958080291748046875e-01 -6.810614466667175293e-01 -4.256385564804077148e-01 -7.041054358236336075e-01
0.000000000000000000e+00 0.000000000000000000e+00 0.000000000000000000e+00 1.000000000000000000e+00
5.988270044326782227e-01 -7.759904861450195312e-01 1.981034129858016968e-01 4.179571877788664791e-01
-3.902637064456939697e-01 -6.673508137464523315e-02 9.182813763618469238e-01 2.849263881930037545e+00
-6.993573307991027832e-01 -6.272042393684387207e-01 -3.428036570549011230e-01 -4.465060843123279111e-01
0.000000000000000000e+00 0.000000000000000000e+00 0.000000000000000000e+00 1.000000000000000000e+00
4.309005141258239746e-01 -9.003141522407531738e-01 6.131208315491676331e-02 1.755344305962085460e-01
-2.122225165367126465e-01 -3.506539762020111084e-02 9.765920042991638184e-01 2.920571263693880315e+00
-8.770896792411804199e-01 -4.338257014751434326e-01 -2.061766088008880615e-01 -4.559374121488473514e-02
0.000000000000000000e+00 0.000000000000000000e+00 0.000000000000000000e+00 1.000000000000000000e+00
3.196479678153991699e-01 -9.430008530616760254e-01 -9.259948134422302246e-02 -2.320317336171671685e-01
-2.630364000797271729e-01 -1.821952164173126221e-01 9.474262595176696777e-01 2.931242701897989633e+00
-9.102948904037475586e-01 -2.784858047962188721e-01 -3.062820732593536377e-01 -3.834147552123021718e-01
0.000000000000000000e+00 0.000000000000000000e+00 0.000000000000000000e+00 1.000000000000000000e+00
3.151240348815917969e-01 -9.487602710723876953e-01 2.346427738666534424e-02 1.330384557029964387e-01
-3.812887966632843018e-01 -1.039241999387741089e-01 9.185962080955505371e-01 2.867100109340303682e+00
-8.690888881683349609e-01 -2.984183728694915771e-01 -3.945008218288421631e-01 -6.378061630719161768e-01
0.000000000000000000e+00 0.000000000000000000e+00 0.000000000000000000e+00 1.000000000000000000e+00
2.808739542961120605e-01 -9.591023325920104980e-01 3.510257601737976074e-02 2.226114969280230949e-01
-4.692509472370147705e-01 -1.053316220641136169e-01 8.767603039741516113e-01 2.777109915406537954e+00
-8.372054100036621094e-01 -2.627309262752532959e-01 -4.796446859836578369e-01 -9.185481424414636553e-01
0.000000000000000000e+00 0.000000000000000000e+00 0.000000000000000000e+00 1.000000000000000000e+00
