0.8889081478118896 0.4530538022518158 -0.06770932674407959 -0.01373554766178131 
-0.2399760633707047 0.3346511125564575 -0.9112738370895386 0.2648231089115143 
-0.3901971280574799 0.8262872695922852 0.4061961770057678 -0.08369588851928711 
0 0 0 1 

0.8112408518791199 0.5817834734916687 -0.05844929069280624 -0.01414914894849062 
-0.2392319887876511 0.2390397638082504 -0.9410781860351562 0.2748820185661316 
-0.5335320234298706 0.7774239778518677 0.3331000506877899 -0.05845287442207336 
0 0 0 1 

0.8275248408317566 0.5533206462860107 -0.09507270902395248 -0.004773461725562811 
-0.3100780844688416 0.3092726469039917 -0.8990004658699036 0.2660511434078217 
-0.4680322110652924 0.7734251618385315 0.4275034368038177 -0.08544796705245972 
0 0 0 1 

0.5237076878547668 0.6381531357765198 -0.5643499493598938 0.1573732942342758 
-0.727414071559906 -0.009816357865929604 -0.6861286759376526 0.2594574391841888 
-0.4433949589729309 0.7698469758033752 0.4590605795383453 -0.09870371967554092 
0 0 0 1 

0.6334380507469177 0.6671303510665894 -0.39203742146492 0.09493755549192429 
-0.5750641822814941 0.06687109172344208 -0.8153706789016724 0.2910334765911102 
-0.5177425742149353 0.7419334650039673 0.4260014891624451 -0.08067342638969421 
0 0 0 1 

0.6455780863761902 0.7126204371452332 -0.2745923697948456 0.0604838952422142 
-0.4877152740955353 0.1080248653888702 -0.8662934899330139 0.3010182082653046 
-0.5876756906509399 0.6931830048561096 0.4172943830490112 -0.07332086563110352 
0 0 0 1 

0.6184114813804626 0.7584754228591919 -0.2056265771389008 0.04453321918845177 
-0.3865600824356079 0.06578218936920166 -0.9199151992797852 0.3112176954746246 
-0.6842065453529358 0.6483731269836426 0.3338768482208252 -0.04533356055617332 
0 0 0 1 

0.4559082984924316 0.8874039053916931 -0.06827820837497711 0.01898537203669548 
-0.2004857808351517 0.02765130251646042 -0.9793062806129456 0.3188227415084839 
-0.867152214050293 0.4601626992225647 0.1905183792114258 -0.0005424575647339225 
0 0 0 1 

0.3529787957668304 0.931380569934845 0.08908529579639435 -0.02653215453028679 
-0.2234457284212112 0.1763738393783569 -0.9586262702941895 0.3213018178939819 
-0.908558189868927 0.3184690177440643 0.2703692018985748 -0.03149589896202087 
0 0 0 1 

0.3354896306991577 0.9403205513954163 0.05695526674389839 -0.01657682098448277 
-0.2407563477754593 0.1440351158380508 -0.9598385691642761 0.3207605481147766 
-0.9107595682144165 0.3083035051822662 0.2747105360031128 -0.02936631254851818 
0 0 0 1 

