1.000000000000000000e+00 0.000000000000000000e+00 0.000000000000000000e+00 -4.146692231928954531e-01
0.000000000000000000e+00 -1.000000000000000000e+00 0.000000000000000000e+00 -7.693198940031911737e-02
0.000000000000000000e+00 0.000000000000000000e+00 -1.000000000000000000e+00 -3.421550398492883005e+00
0.000000000000000000e+00 0.000000000000000000e+00 0.000000000000000000e+00 1.000000000000000000e+00
9.904723763465881348e-01 -1.357237994670867920e-01 -2.330969832837581635e-02 -5.342177253745011845e-01
-1.342131495475769043e-01 -9.892930984497070312e-01 5.732269585132598877e-02 2.679265570345051306e-01
-3.084022924304008484e-02 -5.364805459976196289e-02 -9.980835318565368652e-01 -3.426371025968399930e+00
0.000000000000000000e+00 0.000000000000000000e+00 0.000000000000000000e+00 1.000000000000000000e+00
9.706627726554870605e-01 -2.366154789924621582e-01 -4.274090379476547241e-02 -6.027603867516501124e-01
-2.313866317272186279e-01 -9.675504565238952637e-01 1.015193164348602295e-01 5.509983869049366323e-01
-6.537508219480514526e-02 -8.865131437778472900e-02 -9.939149618148803711e-01 -3.401172432450865646e+00
0.000000000000000000e+00 0.000000000000000000e+00 0.000000000000000000e+00 1.000000000000000000e+00
9.415448307991027832e-01 -3.334884941577911377e-01 -4.773544520139694214e-02 -6.097387491459992370e-01
-3.238562047481536865e-01 -9.350204467773437500e-01 1.444083601236343384e-01 8.057055119999819714e-01
-9.279219061136245728e-02 -1.205074936151504517e-01 -9.883660674095153809e-01 -3.362874899734395129e+00
0.000000000000000000e+00 0.000000000000000000e+00 0.000000000000000000e+00 1.000000000000000000e+00
8.934561014175415039e-01 -4.484232366085052490e-01 -2.554733492434024811e-02 -4.672206981482437960e-01
-4.383954107761383057e-01 -8.830230236053466797e-01 1.675698161125183105e-01 9.695563476387666357e-01
-9.770113974809646606e-02 -1.385164260864257812e-01 -9.855290651321411133e-01 -3.350470530743765885e+00
0.000000000000000000e+00 0.000000000000000000e+00 0.000000000000000000e+00 1.000000000000000000e+00
8.250131607055664062e-01 -5.650051236152648926e-01 -1.105482038110494614e-02 -3.441106708873452047e-01
-5.529949069023132324e-01 -8.111963868141174316e-01 1.901497244834899902e-01 1.123689404958654325e+00
-1.164032593369483948e-01 -1.507627367973327637e-01 -9.816928505897521973e-01 -3.335895931464551545e+00
0.000000000000000000e+00 0.000000000000000000e+00 0.000000000000000000e+00 1.000000000000000000e+00
7.472088336944580078e-01 -6.642248630523681641e-01 2.199994958937168121e-02 -1.467517238988375328e-01
-6.574748754501342773e-01 -7.339743375778198242e-01 1.703178733587265015e-01 1.099264490266203875e+00
-9.698206931352615356e-02 -1.417274028062820435e-01 -9.851436018943786621e-01 -3.379327423824951104e+00
0.000000000000000000e+00 0.000000000000000000e+00 0.000000000000000000e+00 1.000000000000000000e+00
6.911420226097106934e-01 -7.217184901237487793e-01 3.801527991890907288e-02 -4.588994484919529937e-02
-7.206122875213623047e-01 -6.841596364974975586e-01 1.124428585171699524e-01 8.822943728355284732e-01
-5.514360219240188599e-02 -1.051083058118820190e-01 -9.929308891296386719e-01 -3.462654132730853540e+00
0.000000000000000000e+00 0.000000000000000000e+00 0.000000000000000000e+00 1.000000000000000000e+00
5.874974131584167480e-01 -8.090996742248535156e-01 1.426477450877428055e-02 -9.333364119180694030e-02
-8.076047301292419434e-01 -5.851144790649414062e-01 7.358722388744354248e-02 7.378663399398939227e-01
-5.119293928146362305e-02 -5.475264787673950195e-02 -9.971868395805358887e-01 -3.545717146247498341e+00
0.000000000000000000e+00 0.000000000000000000e+00 0.000000000000000000e+00 1.000000000000000000e+00
4.978026747703552246e-01 -8.669140338897705078e-01 2.554621919989585876e-02 4.052782267086643925e-04
-8.665780425071716309e-01 -4.959843456745147705e-01 5.515366792678833008e-02 6.770452569324713066e-01
-3.514297679066658020e-02 -4.959340766072273254e-02 -9.981513619422912598e-01 -3.593742453578667728e+00
0.000000000000000000e+00 0.000000000000000000e+00 0.000000000000000000e+00 1.000000000000000000e+00
4.023752510547637939e-01 -9.150015115737915039e-01 2.943564392626285553e-02 7.206634561357976032e-02
-9.154345989227294922e-01 -4.024518132209777832e-01 3.537189448252320290e-03 4.615146060972737385e-01
8.609881624579429626e-03 -2.836965955793857574e-02 -9.995602965354919434e-01 -3.646738677522238348e+00
0.000000000000000000e+00 0.000000000000000000e+00 0.000000000000000000e+00 1.000000000000000000e+00
2.907128930091857910e-01 -9.561266899108886719e-01 3.616747260093688965e-02 1.557687612038870795e-01
-9.560968875885009766e-01 -2.917477190494537354e-01 -2.759878896176815033e-02 3.215825795884849070e-01
3.693969547748565674e-02 -2.655627578496932983e-02 -9.989640116691589355e-01 -3.673610444137102693e+00
0.000000000000000000e+00 0.000000000000000000e+00 0.000000000000000000e+00 1.000000000000000000e+00
1.740201562643051147e-01 -9.830430150032043457e-01 5.782315135002136230e-02 2.945025356127718985e-01
-9.828171730041503906e-01 -1.770501136779785156e-01 -5.219118669629096985e-02 2.136309869866113709e-01
6.154379248619079590e-02 -4.774728417396545410e-02 -9.969619512557983398e-01 -3.680928077363970541e+00
0.000000000000000000e+00 0.000000000000000000e+00 0.000000000000000000e+00 1.000000000000000000e+00
9.355444461107254028e-02 -9.931793212890625000e-01 6.958606839179992676e-02 3.778672692214554707e-01
-9.912582039833068848e-01 -9.944833070039749146e-02 -8.670423179864883423e-02 6.697251981830072698e-02
9.303307533264160156e-02 -6.086612492799758911e-02 -9.938005208969116211e-01 -3.674320525838894902e+00
0.000000000000000000e+00 0.000000000000000000e+00 0.000000000000000000e+00 1.000000000000000000e+00
1.220400445163249969e-02 -9.972926974296569824e-01 7.251045107841491699e-02 4.435003191205322270e-01
-9.975191950798034668e-01 -1.717050373554229736e-02 -6.827010959386825562e-02 1.607216920377839697e-01
6.933032721281051636e-02 -7.149748504161834717e-02 -9.950287938117980957e-01 -3.608248802286544432e+00
0.000000000000000000e+00 0.000000000000000000e+00 0.000000000000000000e+00 1.000000000000000000e+00
-9.095444530248641968e-02 -9.033103585243225098e-01 4.192338585853576660e-01 1.837231276055720786e+00
-9.900655150413513184e-01 3.669402003288269043e-02 -1.357354521751403809e-01 -9.672672059430451053e-02
1.072278097271919250e-01 -4.274148344993591309e-01 -8.976739645004272461e-01 -3.176550150583812737e+00
0.000000000000000000e+00 0.000000000000000000e+00 0.000000000000000000e+00 1.000000000000000000e+00
-1.604784429073333740e-01 -8.827183842658996582e-01 4.416495263576507568e-01 1.944385879504799908e+00
-9.773591756820678711e-01 7.959835231304168701e-02 -1.960425227880477905e-01 -3.438776397681421182e-01
1.378958076238632202e-01 -4.631108939647674561e-01 -8.755071759223937988e-01 -3.105377558573636065e+00
0.000000000000000000e+00 0.000000000000000000e+00 0.000000000000000000e+00 1.000000000000000000e+00
-1.359162330627441406e-01 -8.253612518310546875e-01 5.480012893676757812e-01 2.263179817123283755e+00
-9.906894564628601074e-01 1.176094189286231995e-01 -6.857740134000778198e-02 1.297040694577739628e-01
-7.848987355828285217e-03 -5.522198081016540527e-01 -8.336614966392517090e-01 -2.866113460955597159e+00
0.000000000000000000e+00 0.000000000000000000e+00 0.000000000000000000e+00 1.000000000000000000e+00
-9.166480600833892822e-02 -7.430810332298278809e-01 6.628935337066650391e-01 2.566846773944533311e+00
-9.943054318428039551e-01 3.196628391742706299e-02 -1.016592830419540405e-01 4.634686538655323484e-02
5.435086041688919067e-02 -6.684374213218688965e-01 -7.417799234390258789e-01 -2.635446522427073557e+00
0.000000000000000000e+00 0.000000000000000000e+00 0.000000000000000000e+00 1.000000000000000000e+00
-6.094396859407424927e-02 -5.709463953971862793e-01 8.187222480773925781e-01 3.093797543094942260e+00
-9.855062365531921387e-01 -9.567874670028686523e-02 -1.400817036628723145e-01 -9.282395343019557432e-02
1.583135575056076050e-01 -8.153933882713317871e-01 -5.568400621414184570e-01 -1.964304012131796062e+00
0.000000000000000000e+00 0.000000000000000000e+00 0.000000000000000000e+00 1.000000000000000000e+00
-1.240205466747283936e-01 -4.306118786334991455e-01 8.939754366874694824e-01 3.345353292850947291e+00
-9.846346974372863770e-01 -5.821440368890762329e-02 -1.646385788917541504e-01 -2.278096581998480530e-01
1.229374706745147705e-01 -9.006576538085937500e-01 -4.167756736278533936e-01 -1.403277077042100363e+00
0.000000000000000000e+00 0.000000000000000000e+00 0.000000000000000000e+00 1.000000000000000000e+00
-1.932559758424758911e-01 -3.300286829471588135e-01 9.239767789840698242e-01 3.471475178184478150e+00
-9.748986363410949707e-01 -4.152959957718849182e-02 -2.187403440475463867e-01 -4.259687289554586753e-01
1.105629652738571167e-01 -9.430564641952514648e-01 -3.137186765670776367e-01 -1.025430452848533402e+00
0.000000000000000000e+00 0.000000000000000000e+00 0.000000000000000000e+00 1.000000000000000000e+00
-2.765040993690490723e-01 -2.011667042970657349e-01 9.397219419479370117e-01 3.568391678883177320e+00
-9.583771824836730957e-01 -1.464767940342426300e-02 -2.851289808750152588e-01 -6.842419894903606359e-01
7.112315297126770020e-02 -9.794474840164184570e-01 -1.887435913085937500e-01 -5.436546679263224435e-01
0.000000000000000000e+00 0.000000000000000000e+00 0.000000000000000000e+00 1.000000000000000000e+00
-1.903873234987258911e-01 8.136122226715087891e-01 5.493521690368652344e-01 2.074134352015299942e+00
-9.478046894073486328e-01 -6.545629352331161499e-03 -3.187837600708007812e-01 -7.866047048143534060e-01
-2.557703852653503418e-01 -5.813714265823364258e-01 7.723916769027709961e-01 3.150140277143119949e+00
0.000000000000000000e+00 0.000000000000000000e+00 0.000000000000000000e+00 1.000000000000000000e+00
-1.821258962154388428e-01 8.430954813957214355e-01 5.059854984283447266e-01 1.898347249789300362e+00
-9.674729704856872559e-01 -6.176561489701271057e-02 -2.453182488679885864e-01 -5.199855282969235715e-01
-1.755741089582443237e-01 -5.342062115669250488e-01 8.269206881523132324e-01 3.297899317089856286e+00
0.000000000000000000e+00 0.000000000000000000e+00 0.000000000000000000e+00 1.000000000000000000e+00
-9.729278832674026489e-02 8.227226138114929199e-01 5.600542426109313965e-01 2.014399762951590844e+00
-9.894041419029235840e-01 -1.902386918663978577e-02 -1.439343839883804321e-01 -1.182828518907553111e-01
-1.077638193964958191e-01 -5.681238770484924316e-01 8.158560991287231445e-01 3.210314530872186989e+00
0.000000000000000000e+00 0.000000000000000000e+00 0.000000000000000000e+00 1.000000000000000000e+00
1.601793244481086731e-02 8.319328427314758301e-01 5.546441078186035156e-01 1.881292362701714405e+00
-9.992326498031616211e-01 3.314432874321937561e-02 -2.085752971470355988e-02 3.669592563194798984e-01
-3.573548793792724609e-02 -5.538846254348754883e-01 8.318260312080383301e-01 3.209959145321435336e+00
0.000000000000000000e+00 0.000000000000000000e+00 0.000000000000000000e+00 1.000000000000000000e+00
5.309419333934783936e-02 8.358548283576965332e-01 5.463760495185852051e-01 1.812827732754295207e+00
-9.946310520172119141e-01 -4.401634912937879562e-03 1.033871397376060486e-01 8.295594313822290955e-01
8.882164210081100464e-02 -5.489321947097778320e-01 8.311339616775512695e-01 3.112268793447725113e+00
0.000000000000000000e+00 0.000000000000000000e+00 0.000000000000000000e+00 1.000000000000000000e+00
3.323819860816001892e-02 8.477396965026855469e-01 5.293701291084289551e-01 1.792501644040491282e+00
-9.830010533332824707e-01 -6.796193122863769531e-02 1.705559939146041870e-01 9.800771904454066430e-01
1.805642545223236084e-01 -5.260403156280517578e-01 8.310704231262207031e-01 3.069764888397773728e+00
0.000000000000000000e+00 0.000000000000000000e+00 0.000000000000000000e+00 1.000000000000000000e+00
-4.098841175436973572e-02 8.497769832611083984e-01 5.255450606346130371e-01 1.874592948665217307e+00
-9.949039220809936523e-01 -8.320646733045578003e-02 5.694504082202911377e-02 5.581438856415947836e-01
9.211935102939605713e-02 -5.205333232879638672e-01 8.488577008247375488e-01 3.306194863806037443e+00
0.000000000000000000e+00 0.000000000000000000e+00 0.000000000000000000e+00 1.000000000000000000e+00
-5.421871319413185120e-02 8.584200143814086914e-01 5.100742578506469727e-01 1.804465831315980706e+00
-9.924285411834716797e-01 1.005346979945898056e-02 -1.224100813269615173e-01 -9.998552379760419773e-02
-1.102072820067405701e-01 -5.128492712974548340e-01 8.513755202293395996e-01 3.521543685467596330e+00
0.000000000000000000e+00 0.000000000000000000e+00 0.000000000000000000e+00 1.000000000000000000e+00
1.255540400743484497e-01 8.476802706718444824e-01 5.154358744621276855e-01 1.666519706848187399e+00
-9.859425425529479980e-01 1.643470078706741333e-01 -3.011954575777053833e-02 2.367448788671423221e-01
-1.102421656250953674e-01 -5.044085979461669922e-01 8.563988804817199707e-01 3.562608123922069936e+00
0.000000000000000000e+00 0.000000000000000000e+00 0.000000000000000000e+00 1.000000000000000000e+00
2.167508751153945923e-01 7.928895354270935059e-01 5.695130228996276855e-01 1.707189119268557098e+00
-9.461100101470947266e-01 3.144010305404663086e-01 -7.763697206974029541e-02 4.825644872522473483e-02
-2.406131178140640259e-01 -5.219941735267639160e-01 8.183075189590454102e-01 3.490712351615602227e+00
0.000000000000000000e+00 0.000000000000000000e+00 0.000000000000000000e+00 1.000000000000000000e+00
3.300534784793853760e-01 7.192875742912292480e-01 6.113019585609436035e-01 1.681969843759708372e+00
-9.083746671676635742e-01 4.181535840034484863e-01 -1.571569475345313549e-03 3.053005526638264966e-01
-2.567487061023712158e-01 -5.547725558280944824e-01 7.913955450057983398e-01 3.340328766971076391e+00
0.000000000000000000e+00 0.000000000000000000e+00 0.000000000000000000e+00 1.000000000000000000e+00
3.515173792839050293e-01 7.115570306777954102e-01 6.083768010139465332e-01 1.644355506156321756e+00
-9.212168455123901367e-01 3.786320090293884277e-01 8.942712098360061646e-02 6.585564615345730344e-01
-1.667184829711914062e-01 -5.918821096420288086e-01 7.885937690734863281e-01 3.234029191512917567e+00
0.000000000000000000e+00 0.000000000000000000e+00 0.000000000000000000e+00 1.000000000000000000e+00
3.655416071414947510e-01 6.971185207366943359e-01 6.167697310447692871e-01 1.665633483520367886e+00
-9.262962341308593750e-01 3.375175297260284424e-01 1.675016731023788452e-01 9.460791851982958134e-01
-9.140221774578094482e-02 -6.325404047966003418e-01 7.691153883934020996e-01 3.092840475506891007e+00
0.000000000000000000e+00 0.000000000000000000e+00 0.000000000000000000e+00 1.000000000000000000e+00
5.312246680259704590e-01 5.915836691856384277e-01 6.064886450767517090e-01 1.565241374181294498e+00
-8.415232896804809570e-01 4.513849318027496338e-01 2.967996895313262939e-01 1.348724292552428317e+00
-9.817816317081451416e-02 -6.680417656898498535e-01 7.376182675361633301e-01 2.964005802312629445e+00
0.000000000000000000e+00 0.000000000000000000e+00 0.000000000000000000e+00 1.000000000000000000e+00
6.778617501258850098e-01 4.125243723392486572e-01 6.085448265075683594e-01 1.521306964732101363e+00
-7.119990587234497070e-01 5.746163725852966309e-01 4.035751819610595703e-01 1.702937691446064772e+00
-1.831953525543212891e-01 -7.068517804145812988e-01 6.832275390625000000e-01 2.926701005179247250e+00
0.000000000000000000e+00 0.000000000000000000e+00 0.000000000000000000e+00 1.000000000000000000e+00
6.965284943580627441e-01 3.295187056064605713e-01 6.373894810676574707e-01 1.590274339418386473e+00
-6.514626741409301758e-01 6.627422571182250977e-01 3.692814707756042480e-01 1.564981915382324784e+00
-3.007400035858154297e-01 -6.724506020545959473e-01 6.762880682945251465e-01 3.031172637305073803e+00
0.000000000000000000e+00 0.000000000000000000e+00 0.000000000000000000e+00 1.000000000000000000e+00
7.411149144172668457e-01 2.409439682960510254e-01 6.266533136367797852e-01 1.606134841507569577e+00
-5.741888880729675293e-01 7.111793756484985352e-01 4.056239128112792969e-01 1.610859742615355250e+00
-3.479303717613220215e-01 -6.604315042495727539e-01 6.654129624366760254e-01 2.986895251499917858e+00
0.000000000000000000e+00 0.000000000000000000e+00 0.000000000000000000e+00 1.000000000000000000e+00
7.318001985549926758e-01 2.367770522832870483e-01 6.390658020973205566e-01 1.731113357421272925e+00
-5.452085137367248535e-01 7.660323381423950195e-01 3.405045270919799805e-01 1.285562180478150296e+00
-4.089208543300628662e-01 -5.976052284240722656e-01 6.896750330924987793e-01 3.118500277430735323e+00
0.000000000000000000e+00 0.000000000000000000e+00 0.000000000000000000e+00 1.000000000000000000e+00
7.205563187599182129e-01 3.386464715003967285e-01 6.050760149955749512e-01 1.700548476557378397e+00
-5.903297066688537598e-01 7.573667168617248535e-01 2.791163623332977295e-01 1.015883663483028831e+00
-3.637426793575286865e-01 -5.583138465881347656e-01 7.456386685371398926e-01 3.284698346733769370e+00
0.000000000000000000e+00 0.000000000000000000e+00 0.000000000000000000e+00 1.000000000000000000e+00
8.043879866600036621e-01 1.742967367172241211e-01 5.679619908332824707e-01 1.609751260038809306e+00
-5.315324068069458008e-01 6.381884813308715820e-01 5.569458007812500000e-01 2.029645593040980245e+00
-2.653931081295013428e-01 -7.498904466629028320e-01 6.059953570365905762e-01 2.833075353998514956e+00
0.000000000000000000e+00 0.000000000000000000e+00 0.000000000000000000e+00 1.000000000000000000e+00
8.432778716087341309e-01 9.490926563739776611e-02 5.290315151214599609e-01 1.452727032683104769e+00
-4.781571626663208008e-01 5.819754600524902344e-01 6.577761769294738770e-01 2.410977563645832156e+00
-2.454545795917510986e-01 -8.076483607292175293e-01 5.361487865447998047e-01 2.558808537230307767e+00
0.000000000000000000e+00 0.000000000000000000e+00 0.000000000000000000e+00 1.000000000000000000e+00
8.719103932380676270e-01 1.892975345253944397e-02 4.892994761466979980e-01 1.297994025265173379e+00
-4.287227392196655273e-01 5.122920274734497070e-01 7.441458702087402344e-01 2.742197758695752885e+00
-2.365778386592864990e-01 -8.586024641990661621e-01 4.547884762287139893e-01 2.244255097230973828e+00
0.000000000000000000e+00 0.000000000000000000e+00 0.000000000000000000e+00 1.000000000000000000e+00
8.602179884910583496e-01 -1.857034564018249512e-01 4.749097526073455811e-01 1.284559003707379521e+00
-3.664371073246002197e-01 4.225413799285888672e-01 8.289643526077270508e-01 3.067058069066587844e+00
-3.546107411384582520e-01 -8.871147036552429199e-01 2.954290807247161865e-01 1.710229708251639780e+00
0.000000000000000000e+00 0.000000000000000000e+00 0.000000000000000000e+00 1.000000000000000000e+00
9.449030756950378418e-01 2.842343747615814209e-01 1.623857766389846802e-01 -2.339918413197259947e-02
-2.496862709522247314e-01 3.049959838390350342e-01 9.190395474433898926e-01 3.342989613785671832e+00
2.116956859827041626e-01 -9.089488387107849121e-01 3.591610491275787354e-01 1.559259444453497290e+00
0.000000000000000000e+00 0.000000000000000000e+00 0.000000000000000000e+00 1.000000000000000000e+00
9.786210656166076660e-01 1.126381978392601013e-01 1.720848083496093750e-01 2.908705098983657353e-02
-1.936860084533691406e-01 2.232761532068252563e-01 9.553186297416687012e-01 3.450871361579377350e+00
6.918293982744216919e-02 -9.682255387306213379e-01 2.403191775083541870e-01 1.182976982028040913e+00
0.000000000000000000e+00 0.000000000000000000e+00 0.000000000000000000e+00 1.000000000000000000e+00
9.792722463607788086e-01 1.547862738370895386e-01 1.306402534246444702e-01 -1.323801205187477847e-01
-1.490197628736495972e-01 1.137501224875450134e-01 9.822698831558227539e-01 3.521585158082230826e+00
1.371815353631973267e-01 -9.813774824142456055e-01 1.344585716724395752e-01 7.184516582737819901e-01
0.000000000000000000e+00 0.000000000000000000e+00 0.000000000000000000e+00 1.000000000000000000e+00
9.639249444007873535e-01 2.355577498674392700e-01 1.239403113722801208e-01 -1.726839679707660724e-01
-1.407041549682617188e-01 5.567677319049835205e-02 9.884853363037109375e-01 3.527198250524942402e+00
2.259446978569030762e-01 -9.702641367912292480e-01 8.681219816207885742e-02 4.640485584510574690e-01
0.000000000000000000e+00 0.000000000000000000e+00 0.000000000000000000e+00 1.000000000000000000e+00
9.944720864295959473e-01 -3.459081426262855530e-02 9.914246946573257446e-02 -2.469640830352742844e-01
-1.002489402890205383e-01 -3.186743333935737610e-02 9.944520592689514160e-01 3.511999055108035339e+00
-3.123951517045497894e-02 -9.988934397697448730e-01 -3.515895456075668335e-02 1.310844837460004852e-01
0.000000000000000000e+00 0.000000000000000000e+00 0.000000000000000000e+00 1.000000000000000000e+00
9.975164532661437988e-01 -6.648141890764236450e-03 7.012251764535903931e-02 -3.593652768059819036e-01
-7.040718197822570801e-02 -1.230615675449371338e-01 9.898985028266906738e-01 3.449564259728311377e+00
2.048284979537129402e-03 -9.923765063285827637e-01 -1.232239603996276855e-01 -2.649767701981039503e-01
0.000000000000000000e+00 0.000000000000000000e+00 0.000000000000000000e+00 1.000000000000000000e+00
9.845038652420043945e-01 1.979079470038414001e-02 1.742420643568038940e-01 -2.150327298990303490e-02
-1.687285006046295166e-01 -1.638048291206359863e-01 9.719563126564025879e-01 3.473233764688005820e+00
4.777744412422180176e-02 -9.862939715385437012e-01 -1.579271554946899414e-01 -2.995604851304887184e-01
0.000000000000000000e+00 0.000000000000000000e+00 0.000000000000000000e+00 1.000000000000000000e+00
8.009805679321289062e-01 -5.861813426017761230e-01 1.217451691627502441e-01 3.130164791994503870e-02
-2.679440379142761230e-01 -1.691390126943588257e-01 9.484713673591613770e-01 3.501670468645655010e+00
-5.353842973709106445e-01 -7.923276424407958984e-01 -2.925406992435455322e-01 -3.984540333926516742e-01
0.000000000000000000e+00 0.000000000000000000e+00 0.000000000000000000e+00 1.000000000000000000e+00
4.880838692188262939e-01 -8.724495768547058105e-01 -2.462540566921234131e-02 -1.396395210138214049e-01
-3.712173700332641602e-01 -2.330440729856491089e-01 8.988258838653564453e-01 3.494830934118003274e+00
-7.899188399314880371e-01 -4.295611381530761719e-01 -4.376134872436523438e-01 -8.029893454904689643e-01
0.000000000000000000e+00 0.000000000000000000e+00 0.000000000000000000e+00 1.000000000000000000e+00
9.137323498725891113e-01 -2.695854604244232178e-01 3.040010333061218262e-01 5.627969749704040403e-01
-3.854426741600036621e-01 -3.383800983428955078e-01 8.584472537040710449e-01 3.413960211680678203e+00
-1.285571008920669556e-01 -9.015665650367736816e-01 -4.130986928939819336e-01 -1.024932706257568382e+00
0.000000000000000000e+00 0.000000000000000000e+00 0.000000000000000000e+00 1.000000000000000000e+00
8.832979202270507812e-01 -1.953303664922714233e-01 4.261822700500488281e-01 1.014133608300918921e+00
-4.682099819183349609e-01 -4.136232435703277588e-01 7.808294296264648438e-01 3.256691592127609169e+00
2.375907637178897858e-02 -8.892476558685302734e-01 -4.568080604076385498e-01 -1.318697901212187107e+00
0.000000000000000000e+00 0.000000000000000000e+00 0.000000000000000000e+00 1.000000000000000000e+00
8.721421957015991211e-01 -1.733802407979965210e-01 4.575017690658569336e-01 1.133474988957007934e+00
-4.781538546085357666e-01 -5.001062750816345215e-01 7.219849824905395508e-01 3.054654389475668808e+00
1.036214828491210938e-01 -8.484298586845397949e-01 -5.190663337707519531e-01 -1.633942119721420116e+00
0.000000000000000000e+00 0.000000000000000000e+00 0.000000000000000000e+00 1.000000000000000000e+00
8.619657158851623535e-01 -1.511735171079635620e-01 4.839020967483520508e-01 1.231561745664243146e+00
-4.739712476730346680e-01 -5.790269970893859863e-01 6.633846759796142578e-01 2.865938457429293429e+00
1.799061596393585205e-01 -8.011704683303833008e-01 -5.707531571388244629e-01 -1.853101942982501082e+00
0.000000000000000000e+00 0.000000000000000000e+00 0.000000000000000000e+00 1.000000000000000000e+00
8.455597162246704102e-01 -1.127764061093330383e-01 5.218332409858703613e-01 1.339412125771122231e+00
-4.478763341903686523e-01 -6.818339228630065918e-01 5.783672332763671875e-01 2.572759510753472423e+00
2.905774414539337158e-01 -7.227612137794494629e-01 -6.270413994789123535e-01 -2.134022673406313686e+00
0.000000000000000000e+00 0.000000000000000000e+00 0.000000000000000000e+00 1.000000000000000000e+00
8.309712409973144531e-01 -1.306197643280029297e-01 5.407634973526000977e-01 1.433338269050659308e+00
-4.496460855007171631e-01 -7.300649881362915039e-01 5.146088600158691406e-01 2.354977969863564446e+00
3.275745213031768799e-01 -6.707777976989746094e-01 -6.653963327407836914e-01 -2.314899958394627255e+00
0.000000000000000000e+00 0.000000000000000000e+00 0.000000000000000000e+00 1.000000000000000000e+00
8.011898994445800781e-01 -1.662609279155731201e-01 5.748490095138549805e-01 1.598673468441066836e+00
-4.569391012191772461e-01 -7.902555465698242188e-01 4.082918763160705566e-01 1.994382280800250706e+00
3.863945305347442627e-01 -5.897909402847290039e-01 -7.091162204742431641e-01 -2.542577315078663247e+00
0.000000000000000000e+00 0.000000000000000000e+00 0.000000000000000000e+00 1.000000000000000000e+00
7.745135426521301270e-01 -2.285963892936706543e-01 5.898066163063049316e-01 1.698869271212581689e+00
-4.658006429672241211e-01 -8.369565010070800781e-01 2.872870564460754395e-01 1.574510453480695515e+00
4.279694259166717529e-01 -4.972399771213531494e-01 -7.547143697738647461e-01 -2.771947665101705205e+00
0.000000000000000000e+00 0.000000000000000000e+00 0.000000000000000000e+00 1.000000000000000000e+00
7.490206360816955566e-01 -2.923105061054229736e-01 5.945777297019958496e-01 1.760874915272533148e+00
-4.677737057209014893e-01 -8.688510656356811523e-01 1.621279567480087280e-01 1.134358899577866175e+00
4.692078232765197754e-01 -3.995651900768280029e-01 -7.875226736068725586e-01 -2.954247354042662810e+00
0.000000000000000000e+00 0.000000000000000000e+00 0.000000000000000000e+00 1.000000000000000000e+00
7.277076840400695801e-01 -3.615340292453765869e-01 5.828675031661987305e-01 1.752598154698462585e+00
-4.384865164756774902e-01 -8.986821174621582031e-01 -9.975353255867958069e-03 5.067194499504320548e-01
5.274188518524169922e-01 -2.483202964067459106e-01 -8.125057220458984375e-01 -3.121391969148183509e+00
0.000000000000000000e+00 0.000000000000000000e+00 0.000000000000000000e+00 1.000000000000000000e+00
7.197182774543762207e-01 -4.005561470985412598e-01 5.670632123947143555e-01 1.685351004639747519e+00
-3.735558986663818359e-01 -9.118939638137817383e-01 -1.700158715248107910e-01 -1.404768260326172691e-01
5.852024555206298828e-01 -8.946644514799118042e-02 -8.059366345405578613e-01 -3.105567143494017746e+00
0.000000000000000000e+00 0.000000000000000000e+00 0.000000000000000000e+00 1.000000000000000000e+00
7.177540659904479980e-01 -4.186389744281768799e-01 5.563909411430358887e-01 1.630152320971127500e+00
-2.985063791275024414e-01 -9.069196581840515137e-01 -2.973049283027648926e-01 -6.706257850711566659e-01
6.290653944015502930e-01 4.730544611811637878e-02 -7.759116291999816895e-01 -3.024052177027250821e+00
0.000000000000000000e+00 0.000000000000000000e+00 0.000000000000000000e+00 1.000000000000000000e+00
7.062603831291198730e-01 -4.508252143859863281e-01 5.458502769470214844e-01 1.591875125546116321e+00
-2.427081465721130371e-01 -8.784884214401245117e-01 -4.115223586559295654e-01 -1.124928302131111613e+00
6.650480628013610840e-01 1.581596434116363525e-01 -7.298609018325805664e-01 -2.878665361484268992e+00
0.000000000000000000e+00 0.000000000000000000e+00 0.000000000000000000e+00 1.000000000000000000e+00
7.044812440872192383e-01 -4.717273414134979248e-01 5.302640795707702637e-01 1.532266696629424274e+00
-1.599516123533248901e-01 -8.334494829177856445e-01 -5.289402008056640625e-01 -1.630312321613748283e+00
6.914636492729187012e-01 2.878116965293884277e-01 -6.626027226448059082e-01 -2.655413433891718800e+00
0.000000000000000000e+00 0.000000000000000000e+00 0.000000000000000000e+00 1.000000000000000000e+00
6.851159930229187012e-01 -5.039967894554138184e-01 5.259301662445068359e-01 1.526817853667734370e+00
-9.937707334756851196e-02 -7.799205780029296875e-01 -6.179383397102355957e-01 -2.020971525601511498e+00
7.216228842735290527e-01 3.710939288139343262e-01 -5.844215750694274902e-01 -2.390006782202573898e+00
0.000000000000000000e+00 0.000000000000000000e+00 0.000000000000000000e+00 1.000000000000000000e+00
7.016862034797668457e-01 -5.116257667541503906e-01 4.958579242229461670e-01 1.408760393797446442e+00
-3.450985252857208252e-02 -7.195436954498291016e-01 -6.935894489288330078e-01 -2.366560534117069015e+00
7.116497159004211426e-01 4.695701599121093750e-01 -5.225499868392944336e-01 -2.172322791371698258e+00
0.000000000000000000e+00 0.000000000000000000e+00 0.000000000000000000e+00 1.000000000000000000e+00
7.093671560287475586e-01 -5.147519707679748535e-01 4.814853668212890625e-01 1.343790330982439940e+00
2.207997627556324005e-02 -6.665502190589904785e-01 -7.451332211494445801e-01 -2.616195960979537549e+00
7.044928669929504395e-01 5.392041802406311035e-01 -4.614633619785308838e-01 -1.968557091295662032e+00
0.000000000000000000e+00 0.000000000000000000e+00 0.000000000000000000e+00 1.000000000000000000e+00
7.548942565917968750e-01 -4.939604103565216064e-01 4.314373135566711426e-01 1.130986342177146442e+00
6.348579376935958862e-02 -5.997073054313659668e-01 -7.976974248886108398e-01 -2.863542925503074876e+00
6.527664065361022949e-01 6.295671463012695312e-01 -4.213558137416839600e-01 -1.824502540693178965e+00
0.000000000000000000e+00 0.000000000000000000e+00 0.000000000000000000e+00 1.000000000000000000e+00
8.151774406433105469e-01 -4.527862966060638428e-01 3.612063825130462646e-01 8.244275259203698303e-01
1.032520160079002380e-01 -5.000312328338623047e-01 -8.598295450210571289e-01 -3.173873447575876305e+00
5.699339509010314941e-01 7.382094264030456543e-01 -3.608631789684295654e-01 -1.589545295416423754e+00
0.000000000000000000e+00 0.000000000000000000e+00 0.000000000000000000e+00 1.000000000000000000e+00
8.550323843955993652e-01 -4.234699010848999023e-01 2.993214428424835205e-01 5.830469711911638875e-01
1.267767548561096191e-01 -3.889901936054229736e-01 -9.124769568443298340e-01 -3.426897274015344053e+00
5.028394460678100586e-01 8.181441426277160645e-01 -2.789131402969360352e-01 -1.261823200672431478e+00
0.000000000000000000e+00 0.000000000000000000e+00 0.000000000000000000e+00 1.000000000000000000e+00
8.753103613853454590e-01 -3.961937427520751953e-01 2.772407829761505127e-01 4.782268905991726160e-01
1.610457748174667358e-01 -3.017563521862030029e-01 -9.396848082542419434e-01 -3.573041395140285736e+00
4.559562802314758301e-01 8.671639561653137207e-01 -2.003250271081924438e-01 -9.685361044170293088e-01
0.000000000000000000e+00 0.000000000000000000e+00 0.000000000000000000e+00 1.000000000000000000e+00
9.226657748222351074e-01 -2.968443036079406738e-01 2.461136281490325928e-01 3.196891938978185799e-01
1.893636584281921387e-01 -2.071816325187683105e-01 -9.598005414009094238e-01 -3.693641878192598593e+00
3.359014093875885010e-01 9.321797490119934082e-01 -1.349478811025619507e-01 -6.636454631096816437e-01
0.000000000000000000e+00 0.000000000000000000e+00 0.000000000000000000e+00 1.000000000000000000e+00
9.554769396781921387e-01 -1.867764443159103394e-01 2.284264564514160156e-01 2.189324998306071135e-01
2.099744081497192383e-01 -1.134969517588615417e-01 -9.710970520973205566e-01 -3.775129958070656766e+00
2.073038369417190552e-01 9.758244752883911133e-01 -6.922543048858642578e-02 -3.360950935248213090e-01
0.000000000000000000e+00 0.000000000000000000e+00 0.000000000000000000e+00 1.000000000000000000e+00
9.830433130264282227e-01 1.018893625587224960e-02 1.830910444259643555e-01 -1.232190150511024845e-02
1.832875311374664307e-01 -2.387638762593269348e-02 -9.827693104743957520e-01 -3.846396653141313404e+00
-5.641809664666652679e-03 9.996628165245056152e-01 -2.533907257020473480e-02 -9.228880442484547336e-03
0.000000000000000000e+00 0.000000000000000000e+00 0.000000000000000000e+00 1.000000000000000000e+00
9.607702493667602539e-01 -2.250557839870452881e-01 1.620822101831436157e-01 -8.087197662211441374e-02
1.807679980993270874e-01 6.492711603641510010e-02 -9.813803434371948242e-01 -3.892991456073240819e+00
2.103418111801147461e-01 9.721802473068237305e-01 1.030629724264144897e-01 3.878651077327539554e-01
0.000000000000000000e+00 0.000000000000000000e+00 0.000000000000000000e+00 1.000000000000000000e+00
9.836776256561279297e-01 6.124258507043123245e-03 1.798344850540161133e-01 2.816714006256678879e-03
1.779068708419799805e-01 1.166679039597511292e-01 -9.771066308021545410e-01 -3.898173328997048159e+00
-2.696496993303298950e-02 9.931520223617553711e-01 1.136740669608116150e-01 6.554351818883423775e-01
0.000000000000000000e+00 0.000000000000000000e+00 0.000000000000000000e+00 1.000000000000000000e+00
9.892646074295043945e-01 -4.451885819435119629e-02 1.391882002353668213e-01 -1.423335981355348945e-01
1.420579105615615845e-01 6.956371665000915527e-02 -9.874110817909240723e-01 -3.914444885663603824e+00
3.427599743008613586e-02 9.965836405754089355e-01 7.514116168022155762e-02 4.372945068367573018e-01
0.000000000000000000e+00 0.000000000000000000e+00 0.000000000000000000e+00 1.000000000000000000e+00
9.633066654205322266e-01 -2.601017057895660400e-01 6.623756885528564453e-02 -3.877469580492386436e-01
5.237070843577384949e-02 -5.989408493041992188e-02 -9.968298077583312988e-01 -3.867026594777510429e+00
2.632445991039276123e-01 9.637218117713928223e-01 -4.407466575503349304e-02 -1.830888600317098214e-01
0.000000000000000000e+00 0.000000000000000000e+00 0.000000000000000000e+00 1.000000000000000000e+00
8.655777573585510254e-01 -4.973132312297821045e-01 5.877606943249702454e-02 -3.344311111648978208e-01
-4.429338872432708740e-02 -1.929412931203842163e-01 -9.802100062370300293e-01 -3.713625162900367371e+00
4.988118112087249756e-01 8.458444476127624512e-01 -1.890335083007812500e-01 -8.804108288263451376e-01
0.000000000000000000e+00 0.000000000000000000e+00 0.000000000000000000e+00 1.000000000000000000e+00
7.871168255805969238e-01 -6.137210130691528320e-01 6.159617379307746887e-02 -2.250648919008645110e-01
-1.660862565040588379e-01 -3.070614337921142578e-01 -9.370847940444946289e-01 -3.431666541212430310e+00
5.940230488777160645e-01 7.273651361465454102e-01 -3.436239063739776611e-01 -1.523452028123120972e+00
0.000000000000000000e+00 0.000000000000000000e+00 0.000000000000000000e+00 1.000000000000000000e+00
9.479502439498901367e-01 -1.502818912267684937e-01 -2.807230651378631592e-01 -1.536374127856339200e+00
-3.179066777229309082e-01 -3.967329561710357666e-01 -8.611263036727905273e-01 -3.007844625901764157e+00
1.803968474268913269e-02 9.055486321449279785e-01 -4.238587021827697754e-01 -1.504222429648832238e+00
0.000000000000000000e+00 0.000000000000000000e+00 0.000000000000000000e+00 1.000000000000000000e+00
8.888763785362243652e-01 -3.542507886886596680e-01 -2.905271053314208984e-01 -1.481640444292436687e+00
-4.425048232078552246e-01 -4.995409250259399414e-01 -7.447474002838134766e-01 -2.459322195110645204e+00
1.186971515417098999e-01 7.905476093292236328e-01 -6.007876396179199219e-01 -2.196870763912469382e+00
0.000000000000000000e+00 0.000000000000000000e+00 0.000000000000000000e+00 1.000000000000000000e+00
8.093731999397277832e-01 -4.944058358669281006e-01 -3.169823288917541504e-01 -1.455776924754146551e+00
-5.782945156097412109e-01 -5.767901539802551270e-01 -5.769648551940917969e-01 -1.742597437708204300e+00
1.024225726723670959e-01 6.502890586853027344e-01 -7.527507543563842773e-01 -2.699045713917795020e+00
0.000000000000000000e+00 0.000000000000000000e+00 0.000000000000000000e+00 1.000000000000000000e+00
7.376111149787902832e-01 -5.801860094070434570e-01 -3.454185128211975098e-01 -1.442731931082555485e+00
-6.742372512817382812e-01 -6.051937341690063477e-01 -4.232545197010040283e-01 -1.119498503836423575e+00
3.652133047580718994e-02 5.450912714004516602e-01 -8.375808000564575195e-01 -2.942256280178464856e+00
0.000000000000000000e+00 0.000000000000000000e+00 0.000000000000000000e+00 1.000000000000000000e+00
6.628651618957519531e-01 -6.982246637344360352e-01 -2.703551054000854492e-01 -1.037351630377101763e+00
-7.483017444610595703e-01 -6.054502129554748535e-01 -2.710614502429962158e-01 -5.334934969615825473e-01
2.557530067861080170e-02 3.819844424724578857e-01 -9.238147735595703125e-01 -3.194935062062838504e+00
0.000000000000000000e+00 0.000000000000000000e+00 0.000000000000000000e+00 1.000000000000000000e+00
6.833330988883972168e-01 -6.947808861732482910e-01 -2.243548929691314697e-01 -8.787912481165246481e-01
-7.299742102622985840e-01 -6.560040116310119629e-01 -1.918231099843978882e-01 -2.147280832561196673e-01
-1.390257105231285095e-02 2.948524057865142822e-01 -9.554416537284851074e-01 -3.245822412292056924e+00
0.000000000000000000e+00 0.000000000000000000e+00 0.000000000000000000e+00 1.000000000000000000e+00
6.870555877685546875e-01 -6.890431046485900879e-01 -2.305945903062820435e-01 -9.047248279003923255e-01
-7.151132225990295410e-01 -6.974529027938842773e-01 -4.660742729902267456e-02 3.061706181859315534e-01
-1.287142932415008545e-01 1.969232112169265747e-01 -9.719330668449401855e-01 -3.186313773983456610e+00
0.000000000000000000e+00 0.000000000000000000e+00 0.000000000000000000e+00 1.000000000000000000e+00
6.695641875267028809e-01 -7.124266624450683594e-01 -2.100759446620941162e-01 -8.116866314479508349e-01
-7.237817049026489258e-01 -6.893381476402282715e-01 3.086746111512184143e-02 5.533790564551446245e-01
-1.668041497468948364e-01 1.313814222812652588e-01 -9.771976470947265625e-01 -3.145854973174637692e+00
0.000000000000000000e+00 0.000000000000000000e+00 0.000000000000000000e+00 1.000000000000000000e+00
6.573945879936218262e-01 -7.308009862899780273e-01 -1.837447583675384521e-01 -7.052412910385078559e-01
-7.299655675888061523e-01 -6.781234145164489746e-01 8.543270826339721680e-02 7.130827650480673352e-01
-1.870359331369400024e-01 7.796438783407211304e-02 -9.792543649673461914e-01 -3.106984893998615327e+00
0.000000000000000000e+00 0.000000000000000000e+00 0.000000000000000000e+00 1.000000000000000000e+00
5.733217597007751465e-01 -7.954505085945129395e-01 -1.963683664798736572e-01 -6.588086263009882426e-01
-7.600106000900268555e-01 -6.058478355407714844e-01 2.352280169725418091e-01 1.210322905750828237e+00
-3.060815930366516113e-01 1.438071113079786301e-02 -9.518966674804687500e-01 -2.937512176070810721e+00
0.000000000000000000e+00 0.000000000000000000e+00 0.000000000000000000e+00 1.000000000000000000e+00
5.676450133323669434e-01 -7.967290282249450684e-01 -2.073685824871063232e-01 -6.872343429507516976e-01
-6.760237216949462891e-01 -5.948440432548522949e-01 4.349164664745330811e-01 1.849128691751318998e+00
-4.698626101016998291e-01 -1.066920384764671326e-01 -8.762681484222412109e-01 -2.557696367779227042e+00
0.000000000000000000e+00 0.000000000000000000e+00 0.000000000000000000e+00 1.000000000000000000e+00
5.770320296287536621e-01 -7.877807021141052246e-01 -2.154888808727264404e-01 -7.304870653487279819e-01
-6.121473312377929688e-01 -5.918322801589965820e-01 5.244140625000000000e-01 2.123848616479237617e+00
-5.406565666198730469e-01 -1.706927567720413208e-01 -8.237441182136535645e-01 -2.312589435264960525e+00
0.000000000000000000e+00 0.000000000000000000e+00 0.000000000000000000e+00 1.000000000000000000e+00
6.346322298049926758e-01 -7.436164021492004395e-01 -2.104194611310958862e-01 -7.659649532493435498e-01
-5.026268362998962402e-01 -6.039838790893554688e-01 6.185221076011657715e-01 2.391442733449729019e+00
-5.870332717895507812e-01 -2.867715954780578613e-01 -7.570692896842956543e-01 -2.003682178894440558e+00
0.000000000000000000e+00 0.000000000000000000e+00 0.000000000000000000e+00 1.000000000000000000e+00
7.155954837799072266e-01 -6.758155226707458496e-01 -1.766250729560852051e-01 -7.218318243336051543e-01
