1.000000000000000000e+00 0.000000000000000000e+00 0.000000000000000000e+00 -4.255350477121360719e-01
0.000000000000000000e+00 -1.000000000000000000e+00 0.000000000000000000e+00 3.076616963927396031e-01
0.000000000000000000e+00 0.000000000000000000e+00 -1.000000000000000000e+00 -5.117628744684824760e+00
0.000000000000000000e+00 0.000000000000000000e+00 0.000000000000000000e+00 1.000000000000000000e+00
9.854888319969177246e-01 -5.290897935628890991e-02 1.612830013036727905e-01 4.782144174917356549e-01
-5.597779527306556702e-02 -9.983261227607727051e-01 1.454006042331457138e-02 3.432610342896621480e-01
1.602437347173690796e-01 -2.335738204419612885e-02 -9.868010282516479492e-01 -5.069466841361898624e+00
0.000000000000000000e+00 0.000000000000000000e+00 0.000000000000000000e+00 1.000000000000000000e+00
9.531668424606323242e-01 -7.073813676834106445e-02 2.940560877323150635e-01 1.196411191958588471e+00
-7.899527251720428467e-02 -9.967419505119323730e-01 1.628258265554904938e-02 3.621353506756769813e-01
2.919462323188781738e-01 -3.874909877777099609e-02 -9.556493163108825684e-01 -4.885030203628881296e+00
0.000000000000000000e+00 0.000000000000000000e+00 0.000000000000000000e+00 1.000000000000000000e+00
9.964752793312072754e-01 -4.637785628437995911e-02 6.990107893943786621e-02 -1.015843529242347297e-02
-4.607975855469703674e-02 -9.989205002784729004e-01 -5.871868226677179337e-03 2.413003911370853183e-01
7.009794563055038452e-02 2.630092436447739601e-03 -9.975365400314331055e-01 -4.960243247674588574e+00
0.000000000000000000e+00 0.000000000000000000e+00 0.000000000000000000e+00 1.000000000000000000e+00
9.862231612205505371e-01 -6.317925453186035156e-02 1.528792679309844971e-01 4.558152337014143018e-01
-5.825767666101455688e-02 -9.976353645324707031e-01 -3.646511957049369812e-02 1.369579048651340669e-01
1.548216342926025391e-01 2.705630846321582794e-02 -9.875717759132385254e-01 -4.905696132302809431e+00
0.000000000000000000e+00 0.000000000000000000e+00 0.000000000000000000e+00 1.000000000000000000e+00
-2.570191919803619385e-01 -7.931724190711975098e-02 9.631459712982177734e-01 5.181085985607701616e+00
-3.903871029615402222e-02 -9.949603676795959473e-01 -9.235490113496780396e-02 -1.065112156603899574e-01
9.656174778938293457e-01 -6.133694946765899658e-02 2.526276409626007080e-01 1.324938012078502592e+00
0.000000000000000000e+00 0.000000000000000000e+00 0.000000000000000000e+00 1.000000000000000000e+00
-3.139554858207702637e-01 -9.849686920642852783e-02 9.443153142929077148e-01 5.033790004572489707e+00
-2.137398160994052887e-02 -9.936189651489257812e-01 -1.107457131147384644e-01 -1.383798487773012231e-01
9.491966366767883301e-01 -5.495300143957138062e-02 3.098470270633697510e-01 1.691211429671124700e+00
0.000000000000000000e+00 0.000000000000000000e+00 0.000000000000000000e+00 1.000000000000000000e+00
-3.168416619300842285e-01 -9.204113483428955078e-02 9.440017342567443848e-01 4.938382055822899908e+00
-2.477291412651538849e-02 -9.941372275352478027e-01 -1.052441373467445374e-01 -5.946498712350327398e-02
9.481542706489562988e-01 -5.673143267631530762e-02 3.127042055130004883e-01 1.784563856799122217e+00
0.000000000000000000e+00 0.000000000000000000e+00 0.000000000000000000e+00 1.000000000000000000e+00
-2.889696359634399414e-01 -8.398807793855667114e-02 9.536468982696533203e-01 4.883980176148708274e+00
-3.199148178100585938e-02 -9.947407841682434082e-01 -9.730111062526702881e-02 9.130693133071235076e-03
9.568030834197998047e-01 -5.862565711140632629e-02 2.847630381584167480e-01 1.735929143821344889e+00
0.000000000000000000e+00 0.000000000000000000e+00 0.000000000000000000e+00 1.000000000000000000e+00
-2.584919631481170654e-01 -8.029944449663162231e-02 9.626697301864624023e-01 4.848921231116323227e+00
-5.746540427207946777e-02 -9.934965372085571289e-01 -9.830122441053390503e-02 2.852204308907938315e-02
9.643024802207946777e-01 -8.073030412197113037e-02 2.521963119506835938e-01 1.678579693760050784e+00
0.000000000000000000e+00 0.000000000000000000e+00 0.000000000000000000e+00 1.000000000000000000e+00
-2.382253408432006836e-01 -6.622422486543655396e-02 9.689491987228393555e-01 4.802187875638519898e+00
-7.307858020067214966e-02 -9.936214685440063477e-01 -8.587753772735595703e-02 1.288102095117727719e-01
9.684567451477050781e-01 -9.126776456832885742e-02 2.318663746118545532e-01 1.677756294654875857e+00
0.000000000000000000e+00 0.000000000000000000e+00 0.000000000000000000e+00 1.000000000000000000e+00
-2.208247184753417969e-01 -4.941090941429138184e-02 9.740608930587768555e-01 4.766242437304467394e+00
-1.036512628197669983e-01 -9.918711185455322266e-01 -7.381270080804824829e-02 2.242040463911572079e-01
9.697903990745544434e-01 -1.172623187303543091e-01 2.139082998037338257e-01 1.691278095237230383e+00
0.000000000000000000e+00 0.000000000000000000e+00 0.000000000000000000e+00 1.000000000000000000e+00
-2.293889820575714111e-01 -5.833287164568901062e-02 9.715852141380310059e-01 4.736343327724896746e+00
-1.064382940530776978e-01 -9.907127618789672852e-01 -8.461112529039382935e-02 2.234869451343190760e-01
9.674971103668212891e-01 -1.228227242827415466e-01 2.210499048233032227e-01 1.800440578822276816e+00
0.000000000000000000e+00 0.000000000000000000e+00 0.000000000000000000e+00 1.000000000000000000e+00
-2.238129228353500366e-01 -5.577513948082923889e-02 9.730349779129028320e-01 4.728427585387533938e+00
-1.321200728416442871e-01 -9.874091744422912598e-01 -8.698866516351699829e-02 2.626216909361414609e-01
9.656359553337097168e-01 -1.480267047882080078e-01 2.136257439851760864e-01 1.846109070927195228e+00
0.000000000000000000e+00 0.000000000000000000e+00 0.000000000000000000e+00 1.000000000000000000e+00
-1.946233063936233521e-01 -5.938526988029479980e-02 9.790787696838378906e-01 4.769224530931160722e+00
-1.451524794101715088e-01 -9.854320883750915527e-01 -8.862432837486267090e-02 2.854693048234708819e-01
9.700785279273986816e-01 -1.593640446662902832e-01 1.831680238246917725e-01 1.783095230250566932e+00
0.000000000000000000e+00 0.000000000000000000e+00 0.000000000000000000e+00 1.000000000000000000e+00
-1.953869760036468506e-01 -6.094065681099891663e-02 9.788310527801513672e-01 4.753505345989816000e+00
-1.750319004058837891e-01 -9.798771142959594727e-01 -9.594429284334182739e-02 2.742432748727042791e-01
9.649808406829833984e-01 -1.900728195905685425e-01 1.807886958122253418e-01 1.892944012029540879e+00
0.000000000000000000e+00 0.000000000000000000e+00 0.000000000000000000e+00 1.000000000000000000e+00
-1.730454117059707642e-01 -5.738497152924537659e-02 9.832409024238586426e-01 4.776472823969775128e+00
-1.912520676851272583e-01 -9.773412346839904785e-01 -9.070000797510147095e-02 3.393482020599866700e-01
9.661670327186584473e-01 -2.037421017885208130e-01 1.581493765115737915e-01 1.902346237763523185e+00
0.000000000000000000e+00 0.000000000000000000e+00 0.000000000000000000e+00 1.000000000000000000e+00
-1.351790279150009155e-01 -5.468405783176422119e-02 9.893107414245605469e-01 4.813275391010900961e+00
-2.146137207746505737e-01 -9.731560349464416504e-01 -8.311579376459121704e-02 3.953899108135469631e-01
9.672993421554565430e-01 -2.235552519559860229e-01 1.198144182562828064e-01 1.838031029681872708e+00
0.000000000000000000e+00 0.000000000000000000e+00 0.000000000000000000e+00 1.000000000000000000e+00
-6.389533728361129761e-02 -7.865765690803527832e-02 9.948519468307495117e-01 4.930974638427092493e+00
-2.304827719926834106e-01 -9.687749147415161133e-01 -9.139882028102874756e-02 3.539073367077943399e-01
9.709768891334533691e-01 -2.351361960172653198e-01 4.377075284719467163e-02 1.708692688697544204e+00
0.000000000000000000e+00 0.000000000000000000e+00 0.000000000000000000e+00 1.000000000000000000e+00
-3.007565811276435852e-02 -1.292637288570404053e-01 9.911532998085021973e-01 5.122729012496750833e+00
-2.378480285406112671e-01 -9.621937274932861328e-01 -1.327042132616043091e-01 1.585263980039877674e-01
9.708364605903625488e-01 -2.397352606058120728e-01 -1.806489541195333004e-03 1.820835480224477720e+00
0.000000000000000000e+00 0.000000000000000000e+00 0.000000000000000000e+00 1.000000000000000000e+00
1.562963053584098816e-02 -1.514412909746170044e-01 9.883424043655395508e-01 5.286579085325012528e+00
-2.705413401126861572e-01 -9.522328972816467285e-01 -1.416300982236862183e-01 1.320315228995796453e-01
9.625811576843261719e-01 -2.651739716529846191e-01 -5.585426464676856995e-02 1.599868294769176913e+00
0.000000000000000000e+00 0.000000000000000000e+00 0.000000000000000000e+00 1.000000000000000000e+00
-3.770710527896881104e-02 -1.814162880182266235e-01 9.826833009719848633e-01 5.127541631459430427e+00
-2.042761296033859253e-01 -9.612171053886413574e-01 -1.852917671203613281e-01 -1.279261771076597720e-01
9.781864881515502930e-01 -2.077256441116333008e-01 -8.143927552737295628e-04 1.725973554206800653e+00
0.000000000000000000e+00 0.000000000000000000e+00 0.000000000000000000e+00 1.000000000000000000e+00
-3.403184562921524048e-02 -1.947084367275238037e-01 9.802705645561218262e-01 5.072138181018269520e+00
-1.678841561079025269e-01 -9.657872319221496582e-01 -1.976601332426071167e-01 -2.133259081432729576e-01
9.852190017700195312e-01 -1.712986230850219727e-01 1.792269904399290681e-04 1.654533265338178127e+00
0.000000000000000000e+00 0.000000000000000000e+00 0.000000000000000000e+00 1.000000000000000000e+00
-3.205278143286705017e-02 -2.614686489105224609e-01 9.646804332733154297e-01 4.796615745404849918e+00
-6.828589737415313721e-02 -9.623470306396484375e-01 -2.631051242351531982e-01 -6.439082095171895226e-01
9.971504807472229004e-01 -7.430748641490936279e-02 1.299173757433891296e-02 1.474182671261057731e+00
0.000000000000000000e+00 0.000000000000000000e+00 0.000000000000000000e+00 1.000000000000000000e+00
-1.761697977781295776e-02 -3.171313107013702393e-01 9.482181668281555176e-01 4.536012111120660606e+00
-2.836667373776435852e-02 -9.478246569633483887e-01 -3.175267875194549561e-01 -1.031249483672247669e+00
9.994426965713500977e-01 -3.249166533350944519e-02 7.701866794377565384e-03 1.309413962804612641e+00
0.000000000000000000e+00 0.000000000000000000e+00 0.000000000000000000e+00 1.000000000000000000e+00
-7.285380270332098007e-03 -3.930158019065856934e-01 9.195026159286499023e-01 4.283337314195748924e+00
6.798104848712682724e-03 -9.195253849029541016e-01 -3.929713964462280273e-01 -1.426851087729948953e+00
9.999501109123229980e-01 3.387872129678726196e-03 9.370811283588409424e-03 1.245939415447932186e+00
0.000000000000000000e+00 0.000000000000000000e+00 0.000000000000000000e+00 1.000000000000000000e+00
6.532584130764007568e-02 -4.354978203773498535e-01 8.978161811828613281e-01 4.136703226995443572e+00
5.831528827548027039e-02 -8.965342044830322266e-01 -4.391189515590667725e-01 -1.648232254446201139e+00
9.961585998535156250e-01 8.104219287633895874e-02 -3.317066654562950134e-02 9.742539204599158786e-01
0.000000000000000000e+00 0.000000000000000000e+00 0.000000000000000000e+00 1.000000000000000000e+00
3.681986331939697266e-01 -4.400271177291870117e-01 8.190273046493530273e-01 3.865457704902782510e+00
1.237810179591178894e-01 -8.498721718788146973e-01 -5.122449994087219238e-01 -2.024733876200477845e+00
9.214706420898437500e-01 2.899880707263946533e-01 -2.584548592567443848e-01 -1.369351013401035322e-01
0.000000000000000000e+00 0.000000000000000000e+00 0.000000000000000000e+00 1.000000000000000000e+00
4.741887748241424561e-01 -4.423639476299285889e-01 7.612222433090209961e-01 3.611267853624348323e+00
1.419672518968582153e-01 -8.148766160011291504e-01 -5.619795322418212891e-01 -2.274133330371601147e+00
8.689017891883850098e-01 3.745529651641845703e-01 -3.236042857170104980e-01 -4.790652915136390799e-01
0.000000000000000000e+00 0.000000000000000000e+00 0.000000000000000000e+00 1.000000000000000000e+00
5.075557827949523926e-01 -4.731196463108062744e-01 7.201002240180969238e-01 3.363566387294691928e+00
1.624769866466522217e-01 -7.682038545608520508e-01 -6.192450523376464844e-01 -2.532833623061586881e+00
8.461608886718750000e-01 4.313011169433593750e-01 -3.130351901054382324e-01 -4.719000824208786082e-01
0.000000000000000000e+00 0.000000000000000000e+00 0.000000000000000000e+00 1.000000000000000000e+00
5.207028388977050781e-01 -4.921181797981262207e-01 6.976304054260253906e-01 3.178383730131444374e+00
1.614464223384857178e-01 -7.456446290016174316e-01 -6.464896202087402344e-01 -2.657575611354233480e+00
8.383337259292602539e-01 4.492589235305786133e-01 -3.088085353374481201e-01 -4.773805971035089968e-01
0.000000000000000000e+00 0.000000000000000000e+00 0.000000000000000000e+00 1.000000000000000000e+00
5.324280261993408203e-01 -5.018474459648132324e-01 6.816667318344116211e-01 3.024770591479446491e+00
1.766918152570724487e-01 -7.216705679893493652e-01 -6.693063378334045410e-01 -2.743063882594830805e+00
8.278288841247558594e-01 4.768026471138000488e-01 -2.955653369426727295e-01 -4.501125700802839913e-01
0.000000000000000000e+00 0.000000000000000000e+00 0.000000000000000000e+00 1.000000000000000000e+00
5.339693427085876465e-01 -5.352948904037475586e-01 6.544738411903381348e-01 2.825519118954816111e+00
1.762378662824630737e-01 -6.865959167480468750e-01 -7.053552865982055664e-01 -2.884868089212660802e+00
8.269321918487548828e-01 4.919813573360443115e-01 -2.722817957401275635e-01 -3.968166741318810975e-01
0.000000000000000000e+00 0.000000000000000000e+00 0.000000000000000000e+00 1.000000000000000000e+00
5.365267395973205566e-01 -5.823134779930114746e-01 6.107777953147888184e-01 2.507588653283547409e+00
1.500598341226577759e-01 -6.464022397994995117e-01 -7.480947375297546387e-01 -3.022479309495632815e+00
8.304340839385986328e-01 4.930262565612792969e-01 -2.594303488731384277e-01 -4.378722959606581866e-01
0.000000000000000000e+00 0.000000000000000000e+00 0.000000000000000000e+00 1.000000000000000000e+00
5.661626458168029785e-01 -5.842387676239013672e-01 5.814844369888305664e-01 2.336285727301626647e+00
1.346747726202011108e-01 -6.303929090499877930e-01 -7.645046710968017578e-01 -3.067584715658265182e+00
8.132169246673583984e-01 5.111454129219055176e-01 -2.782227396965026855e-01 -5.687604377486996654e-01
0.000000000000000000e+00 0.000000000000000000e+00 0.000000000000000000e+00 1.000000000000000000e+00
5.933699607849121094e-01 -6.135625839233398438e-01 5.210117101669311523e-01 2.001043642660547128e+00
1.319551765918731689e-01 -5.643722414970397949e-01 -8.149062395095825195e-01 -3.207893708864866689e+00
7.940402626991271973e-01 5.522910356521606445e-01 -2.539187371730804443e-01 -5.848865108141262370e-01
0.000000000000000000e+00 0.000000000000000000e+00 0.000000000000000000e+00 1.000000000000000000e+00
3.963958024978637695e-01 -7.641643881797790527e-01 5.088456869125366211e-01 1.905619424338275802e+00
9.541267901659011841e-02 -5.169588923454284668e-01 -8.506761789321899414e-01 -3.279870298403679385e+00
9.131087660789489746e-01 3.857547938823699951e-01 -1.320093870162963867e-01 -2.573124295446986287e-01
0.000000000000000000e+00 0.000000000000000000e+00 0.000000000000000000e+00 1.000000000000000000e+00
4.968913495540618896e-01 -7.567096948623657227e-01 4.248403608798980713e-01 1.522666817811443751e+00
2.181931026279926300e-02 -4.785043299198150635e-01 -8.778138160705566406e-01 -3.284314669477394144e+00
8.675382733345031738e-01 4.454478621482849121e-01 -2.212538421154022217e-01 -6.520499853667014456e-01
0.000000000000000000e+00 0.000000000000000000e+00 0.000000000000000000e+00 1.000000000000000000e+00
5.800706148147583008e-01 -7.365927100181579590e-01 3.477774858474731445e-01 1.276933969776135491e+00
-3.780959174036979675e-02 -4.508354663848876953e-01 -8.918060064315795898e-01 -3.226609471320779576e+00
8.136884570121765137e-01 5.041610598564147949e-01 -2.893666625022888184e-01 -8.999319050665161024e-01
0.000000000000000000e+00 0.000000000000000000e+00 0.000000000000000000e+00 1.000000000000000000e+00
5.803949236869812012e-01 -7.799831032752990723e-01 2.340252995491027832e-01 9.377877829199892101e-01
-1.142790839076042175e-01 -3.625515997409820557e-01 -9.249305129051208496e-01 -3.378786720979006564e+00
8.062766790390014648e-01 5.100806951522827148e-01 -2.995588779449462891e-01 -8.839770097307255714e-01
0.000000000000000000e+00 0.000000000000000000e+00 0.000000000000000000e+00 1.000000000000000000e+00
5.652906298637390137e-01 -8.178472518920898438e-01 1.075745224952697754e-01 4.797560091055747544e-01
-1.933396160602569580e-01 -2.581402063369750977e-01 -9.465636014938354492e-01 -3.583738893043368012e+00
8.019143342971801758e-01 5.142855644226074219e-01 -3.040465116500854492e-01 -8.440309925997050433e-01
0.000000000000000000e+00 0.000000000000000000e+00 0.000000000000000000e+00 1.000000000000000000e+00
5.717806220054626465e-01 -8.203821182250976562e-01 -6.373175885528326035e-03 -8.499704113664149126e-04
-2.138977795839309692e-01 -1.415714919567108154e-01 -9.665426015853881836e-01 -3.777604740191885746e+00
7.920323610305786133e-01 5.540131926536560059e-01 -2.564257681369781494e-01 -6.611173951994829823e-01
0.000000000000000000e+00 0.000000000000000000e+00 0.000000000000000000e+00 1.000000000000000000e+00
5.700792670249938965e-01 -8.113711476325988770e-01 -1.291811168193817139e-01 -5.725753782058977670e-01
-2.606473863124847412e-01 -2.949580363929271698e-02 -9.649831056594848633e-01 -3.856380027016944378e+00
7.791489958763122559e-01 5.837876200675964355e-01 -2.282967716455459595e-01 -5.691440623679419053e-01
0.000000000000000000e+00 0.000000000000000000e+00 0.000000000000000000e+00 1.000000000000000000e+00
5.745011568069458008e-01 -7.843130230903625488e-01 -2.340990304946899414e-01 -1.120785970826129407e+00
-2.470574229955673218e-01 1.065047681331634521e-01 -9.631296396255493164e-01 -3.939399688217400719e+00
7.803276777267456055e-01 6.111549139022827148e-01 -1.325833052396774292e-01 -2.383873823493574406e-01
0.000000000000000000e+00 0.000000000000000000e+00 0.000000000000000000e+00 1.000000000000000000e+00
5.629822015762329102e-01 -8.217476606369018555e-01 -8.821571618318557739e-02 -3.914974523860693112e-01
-3.116112351417541504e-01 -1.121931374073028564e-01 -9.435629248619079590e-01 -3.623905690259757950e+00
7.654734253883361816e-01 5.586978793144226074e-01 -3.192285299301147461e-01 -1.115608701668712843e+00
0.000000000000000000e+00 0.000000000000000000e+00 0.000000000000000000e+00 1.000000000000000000e+00
5.498433709144592285e-01 -8.352649807929992676e-01 2.254735445603728294e-03 2.219580488711801400e-02
-3.816389739513397217e-01 -2.536270022392272949e-01 -8.888333439826965332e-01 -3.270080579066707571e+00
7.429831624031066895e-01 4.878588914871215820e-01 -4.582248926162719727e-01 -1.631725379672880782e+00
0.000000000000000000e+00 0.000000000000000000e+00 0.000000000000000000e+00 1.000000000000000000e+00
5.270920395851135254e-01 -8.392490744590759277e-01 1.335479617118835449e-01 5.589998893852470285e-01
-4.490551054477691650e-01 -4.084831774234771729e-01 -7.946637868881225586e-01 -2.721840621851881803e+00
7.214730381965637207e-01 3.588905930519104004e-01 -5.921773910522460938e-01 -2.081178277256132247e+00
0.000000000000000000e+00 0.000000000000000000e+00 0.000000000000000000e+00 1.000000000000000000e+00
5.401446223258972168e-01 -8.149918317794799805e-01 2.098377943038940430e-01 8.382020261563951635e-01
-5.147594213485717773e-01 -5.172095894813537598e-01 -6.837522387504577637e-01 -2.158142189677445533e+00
6.657825708389282227e-01 2.613091468811035156e-01 -6.988924741744995117e-01 -2.392824719684244705e+00
0.000000000000000000e+00 0.000000000000000000e+00 0.000000000000000000e+00 1.000000000000000000e+00
5.617990493774414062e-01 -7.925760746002197266e-01 2.370755374431610107e-01 9.186115121934470551e-01
-5.719299316406250000e-01 -5.791635513305664062e-01 -5.809182524681091309e-01 -1.700358874062899872e+00
5.977275967597961426e-01 1.907686591148376465e-01 -7.786713838577270508e-01 -2.613179415250949322e+00
0.000000000000000000e+00 0.000000000000000000e+00 0.000000000000000000e+00 1.000000000000000000e+00
5.768163204193115234e-01 -7.898077964782714844e-01 2.085346579551696777e-01 7.601541082758115353e-01
-6.581588983535766602e-01 -6.005539298057556152e-01 -4.540506303310394287e-01 -1.233621142781933466e+00
4.838489592075347900e-01 1.246547922492027283e-01 -8.662284016609191895e-01 -2.858848573861495712e+00
0.000000000000000000e+00 0.000000000000000000e+00 0.000000000000000000e+00 1.000000000000000000e+00
5.679945945739746094e-01 -7.904014587402343750e-01 2.294504344463348389e-01 7.687559503976791886e-01
-7.103585600852966309e-01 -6.115964651107788086e-01 -3.483402132987976074e-01 -8.303625222743749035e-01
4.156596362590789795e-01 3.486325591802597046e-02 -9.088520407676696777e-01 -2.952992852996421558e+00
0.000000000000000000e+00 0.000000000000000000e+00 0.000000000000000000e+00 1.000000000000000000e+00
5.680482387542724609e-01 -7.786858677864074707e-01 2.664002776145935059e-01 8.393092499410766960e-01
-7.509461641311645508e-01 -6.228619217872619629e-01 -2.193697690963745117e-01 -3.270519076605059028e-01
3.367507457733154297e-01 -7.543972879648208618e-02 -9.385669827461242676e-01 -2.988703374573720595e+00
0.000000000000000000e+00 0.000000000000000000e+00 0.000000000000000000e+00 1.000000000000000000e+00
5.620756149291992188e-01 -7.824227809906005859e-01 2.681146860122680664e-01 8.196688003695811187e-01
-7.788659334182739258e-01 -6.097916364669799805e-01 -1.467032879590988159e-01 -6.587813149892798870e-02
2.782781124114990234e-01 -1.263670623302459717e-01 -9.521515965461730957e-01 -3.006394749179027048e+00
0.000000000000000000e+00 0.000000000000000000e+00 0.000000000000000000e+00 1.000000000000000000e+00
5.439114570617675781e-01 -7.944813966751098633e-01 2.701101303100585938e-01 7.829296251390823747e-01
-8.227431178092956543e-01 -5.682255029678344727e-01 -1.460568886250257492e-02 3.967895404852769814e-01
1.650874167680740356e-01 -2.142871320247650146e-01 -9.627186655998229980e-01 -3.013429950497410026e+00
0.000000000000000000e+00 0.000000000000000000e+00 0.000000000000000000e+00 1.000000000000000000e+00
5.276651382446289062e-01 -8.043133020401000977e-01 2.732204496860504150e-01 7.572242955320610536e-01
-8.483547568321228027e-01 -5.153257250785827637e-01 1.213811933994293213e-01 8.742738205453128852e-01
4.316899552941322327e-02 -2.958365082740783691e-01 -9.542626142501831055e-01 -2.954303942463167409e+00
0.000000000000000000e+00 0.000000000000000000e+00 0.000000000000000000e+00 1.000000000000000000e+00
5.432237982749938965e-01 -7.804481983184814453e-01 3.095288872718811035e-01 8.352650706734190411e-01
-8.385235667228698730e-01 -4.857636094093322754e-01 2.468031346797943115e-01 1.297466635775020416e+00
-4.225921630859375000e-02 -3.936167359352111816e-01 -9.183028936386108398e-01 -2.788183470608275094e+00
0.000000000000000000e+00 0.000000000000000000e+00 0.000000000000000000e+00 1.000000000000000000e+00
5.120206475257873535e-01 -7.928146719932556152e-01 3.305748105049133301e-01 8.909011561629692766e-01
-8.418778181076049805e-01 -3.867813050746917725e-01 3.763532042503356934e-01 1.740568050911318387e+00
-1.705182045698165894e-01 -4.710041880607604980e-01 -8.654931187629699707e-01 -2.530045668632306288e+00
0.000000000000000000e+00 0.000000000000000000e+00 0.000000000000000000e+00 1.000000000000000000e+00
4.992831349372863770e-01 -7.937643527984619141e-01 3.473535776138305664e-01 9.479661863164879909e-01
-8.231337070465087891e-01 -3.093866407871246338e-01 4.761624932289123535e-01 2.078752547294504982e+00
-2.704944014549255371e-01 -5.236583352088928223e-01 -8.078458309173583984e-01 -2.282207895029094491e+00
0.000000000000000000e+00 0.000000000000000000e+00 0.000000000000000000e+00 1.000000000000000000e+00
4.835691154003143311e-01 -8.001787662506103516e-01 3.547885417938232422e-01 1.016566343500526104e+00
-8.034054040908813477e-01 -2.448709905147552490e-01 5.427500009536743164e-01 2.301164153348763008e+00
-3.474195897579193115e-01 -5.474960803985595703e-01 -7.612801194190979004e-01 -2.071809384305202784e+00
0.000000000000000000e+00 0.000000000000000000e+00 0.000000000000000000e+00 1.000000000000000000e+00
4.445554018020629883e-01 -8.236466050148010254e-01 3.521033823490142822e-01 1.083977929036479937e+00
-7.873646616935729980e-01 -1.718782633543014526e-01 5.920426845550537109e-01 2.442997129332918682e+00
-4.271150529384613037e-01 -5.404295921325683594e-01 -7.249196767807006836e-01 -1.860052364262484437e+00
0.000000000000000000e+00 0.000000000000000000e+00 0.000000000000000000e+00 1.000000000000000000e+00
4.215293824672698975e-01 -8.310450315475463867e-01 3.628730177879333496e-01 1.203433496664480851e+00
-7.790682315826416016e-01 -1.270988881587982178e-01 6.139206886291503906e-01 2.472973221768587582e+00
-4.640749692916870117e-01 -5.414884090423583984e-01 -7.010169029235839844e-01 -1.687474955352349149e+00
0.000000000000000000e+00 0.000000000000000000e+00 0.000000000000000000e+00 1.000000000000000000e+00
3.004709482192993164e-01 -9.120047092437744141e-01 2.792214751243591309e-01 1.068826691068282431e+00
-7.704208493232727051e-01 -5.948676168918609619e-02 6.347542405128479004e-01 2.463531115740595911e+00
-5.622888803482055664e-01 -4.058431982994079590e-01 -7.205016613006591797e-01 -1.662870302019052504e+00
0.000000000000000000e+00 0.000000000000000000e+00 0.000000000000000000e+00 1.000000000000000000e+00
1.358320564031600952e-01 -9.576317071914672852e-01 2.539514005184173584e-01 1.130623488344635330e+00
-7.835043668746948242e-01 5.304840207099914551e-02 6.191179156303405762e-01 2.241409981081512459e+00
-6.063585877418518066e-01 -2.830680906772613525e-01 -7.431029081344604492e-01 -1.696775397052366241e+00
0.000000000000000000e+00 0.000000000000000000e+00 0.000000000000000000e+00 1.000000000000000000e+00
-4.436761513352394104e-02 -9.740146398544311523e-01 2.220967561006546021e-01 1.058836479009436227e+00
-7.896444797515869141e-01 1.703737229108810425e-01 5.894357562065124512e-01 2.019208292196718268e+00
-6.119585633277893066e-01 -1.492256522178649902e-01 -7.766842246055603027e-01 -1.821326217866016117e+00
0.000000000000000000e+00 0.000000000000000000e+00 0.000000000000000000e+00 1.000000000000000000e+00
-1.561623513698577881e-01 -9.536041021347045898e-01 2.573956251144409180e-01 1.151639014421772966e+00
-7.509333491325378418e-01 2.839078307151794434e-01 5.962343215942382812e-01 2.072862565165295212e+00
-6.416481733322143555e-01 -1.001775190234184265e-01 -7.604290246963500977e-01 -1.737866087746646970e+00
0.000000000000000000e+00 0.000000000000000000e+00 0.000000000000000000e+00 1.000000000000000000e+00
-1.660277545452117920e-01 -9.507635831832885742e-01 2.616929709911346436e-01 1.231137900412270669e+00
-7.099201679229736328e-01 2.994281649589538574e-01 6.374606490135192871e-01 2.259536864370158327e+00
-6.844325065612792969e-01 -7.994480431079864502e-02 -7.246797084808349609e-01 -1.559766448572709630e+00
0.000000000000000000e+00 0.000000000000000000e+00 0.000000000000000000e+00 1.000000000000000000e+00
-2.415141761302947998e-01 -9.351294040679931641e-01 2.592367827892303467e-01 1.344651800256387419e+00
-6.935721039772033691e-01 3.531852066516876221e-01 6.278675794601440430e-01 2.188547361710440953e+00
-6.786962151527404785e-01 -2.816041372716426849e-02 -7.338789701461791992e-01 -1.450873206574584184e+00
0.000000000000000000e+00 0.000000000000000000e+00 0.000000000000000000e+00 1.000000000000000000e+00
2.543996870517730713e-01 -9.028291106224060059e-01 3.466700613498687744e-01 1.032215787529710216e+00
-7.344923019409179688e-01 5.282039940357208252e-02 6.765583157539367676e-01 2.450802952849976180e+00
-6.291278004646301270e-01 -4.267427623271942139e-01 -6.496838927268981934e-01 -1.342892052693684946e+00
0.000000000000000000e+00 0.000000000000000000e+00 0.000000000000000000e+00 1.000000000000000000e+00
5.526456236839294434e-01 -7.544592618942260742e-01 3.540821671485900879e-01 8.593101102293312366e-01
-7.635881900787353516e-01 -2.881366610527038574e-01 5.778496861457824707e-01 2.336597100143377848e+00
-3.339398801326751709e-01 -5.897191166877746582e-01 -7.353336811065673828e-01 -2.114660661013885612e+00
0.000000000000000000e+00 0.000000000000000000e+00 0.000000000000000000e+00 1.000000000000000000e+00
6.045897006988525391e-01 -7.052728533744812012e-01 3.702183067798614502e-01 9.007771835989171194e-01
-7.700912356376647949e-01 -3.987749218940734863e-01 4.979333877563476562e-01 2.099819659821605455e+00
-2.035451531410217285e-01 -5.861470699310302734e-01 -7.842196822166442871e-01 -2.485974967610272923e+00
0.000000000000000000e+00 0.000000000000000000e+00 0.000000000000000000e+00 1.000000000000000000e+00
6.164555549621582031e-01 -6.890576481819152832e-01 3.810272812843322754e-01 9.487847243908009709e-01
-7.736996412277221680e-01 -4.402467310428619385e-01 4.556002020835876465e-01 1.974441570919033495e+00
-1.461889296770095825e-01 -5.756578445434570312e-01 -8.045163750648498535e-01 -2.665469821846280229e+00
0.000000000000000000e+00 0.000000000000000000e+00 0.000000000000000000e+00 1.000000000000000000e+00
6.407654881477355957e-01 -6.967192292213439941e-01 3.224930763244628906e-01 7.240035145984455855e-01
-7.601266503334045410e-01 -5.167326331138610840e-01 3.939474821090698242e-01 1.747468730640952428e+00
-1.078281328082084656e-01 -4.975636899471282959e-01 -8.606994748115539551e-01 -2.954202158429202640e+00
0.000000000000000000e+00 0.000000000000000000e+00 0.000000000000000000e+00 1.000000000000000000e+00
6.534509062767028809e-01 -7.163277864456176758e-01 2.446967065334320068e-01 4.291622014857501277e-01
-7.462890744209289551e-01 -5.555342435836791992e-01 3.666526377201080322e-01 1.658251949524584878e+00
-1.267061233520507812e-01 -4.222039282321929932e-01 -8.976019620895385742e-01 -3.144556754020062961e+00
0.000000000000000000e+00 0.000000000000000000e+00 0.000000000000000000e+00 1.000000000000000000e+00
6.691070199012756348e-01 -7.229267954826354980e-01 1.722569465637207031e-01 1.345561771474761970e-01
-7.306182980537414551e-01 -5.974817872047424316e-01 3.304725885391235352e-01 1.524980340140018598e+00
-1.359872370958328247e-01 -3.469755947589874268e-01 -9.279629588127136230e-01 -3.314540257339474660e+00
0.000000000000000000e+00 0.000000000000000000e+00 0.000000000000000000e+00 1.000000000000000000e+00
6.879184842109680176e-01 -7.152732014656066895e-01 1.230932101607322693e-01 -8.436120335772984147e-02
-7.163462042808532715e-01 -6.418667435646057129e-01 2.735960781574249268e-01 1.305493884208071886e+00
-1.166865974664688110e-01 -2.763891518115997314e-01 -9.539357423782348633e-01 -3.470247210631691726e+00
0.000000000000000000e+00 0.000000000000000000e+00 0.000000000000000000e+00 1.000000000000000000e+00
7.267549633979797363e-01 -6.851686239242553711e-01 4.869308695197105408e-02 -4.489206735509280177e-01
-6.785529255867004395e-01 -7.051054239273071289e-01 2.058935612440109253e-01 1.030166683466819055e+00
-1.067381128668785095e-01 -1.826749891042709351e-01 -9.773621559143066406e-01 -3.623995466100707219e+00
0.000000000000000000e+00 0.000000000000000000e+00 0.000000000000000000e+00 1.000000000000000000e+00
7.620577812194824219e-01 -6.474493145942687988e-01 8.781548589468002319e-03 -6.579115686238163896e-01
-6.414438486099243164e-01 -7.529985308647155762e-01 1.467753499746322632e-01 7.742346486479596557e-01
-8.841713517904281616e-02 -1.174841374158859253e-01 -9.891308546066284180e-01 -3.716104262965756355e+00
0.000000000000000000e+00 0.000000000000000000e+00 0.000000000000000000e+00 1.000000000000000000e+00
7.875758409500122070e-01 -6.136428117752075195e-01 -5.627208948135375977e-02 -9.804119489311613478e-01
-6.107184886932373047e-01 -7.894588112831115723e-01 6.146094575524330139e-02 4.026702965763203634e-01
-8.213957399129867554e-02 -1.403872855007648468e-02 -9.965219497680664062e-01 -3.789072899619237322e+00
0.000000000000000000e+00 0.000000000000000000e+00 0.000000000000000000e+00 1.000000000000000000e+00
8.074688911437988281e-01 -5.807929635047912598e-01 -1.033115312457084656e-01 -1.224521163056247364e+00
-5.853118300437927246e-01 -8.106166720390319824e-01 -1.762253418564796448e-02 5.194875517915481522e-02
-7.351098954677581787e-02 7.469914108514785767e-02 -9.944929480552673340e-01 -3.828611929421465110e+00
0.000000000000000000e+00 0.000000000000000000e+00 0.000000000000000000e+00 1.000000000000000000e+00
8.374010920524597168e-01 -5.319821834564208984e-01 -1.255155950784683228e-01 -1.373914133282445382e+00
-5.444545745849609375e-01 -8.321136832237243652e-01 -1.056216284632682800e-01 -3.590979064009309774e-01
-4.825436696410179138e-02 1.567852348089218140e-01 -9.864531755447387695e-01 -3.844079531214530387e+00
0.000000000000000000e+00 0.000000000000000000e+00 0.000000000000000000e+00 1.000000000000000000e+00
8.497091531753540039e-01 -5.140452980995178223e-01 -1.172678619623184204e-01 -1.389796013950596265e+00
-5.272012352943420410e-01 -8.252694010734558105e-01 -2.024579346179962158e-01 -8.038707969195558745e-01
7.295002695173025131e-03 2.338541150093078613e-01 -9.722443222999572754e-01 -3.839337546006414748e+00
0.000000000000000000e+00 0.000000000000000000e+00 0.000000000000000000e+00 1.000000000000000000e+00
8.513219952583312988e-01 -5.192069411277770996e-01 -7.533156871795654297e-02 -1.257310105880847573e+00
-5.176370739936828613e-01 -8.078616857528686523e-01 -2.817998528480529785e-01 -1.188347783042787542e+00
8.545506000518798828e-02 2.788968086242675781e-01 -9.565113186836242676e-01 -3.845639822916480988e+00
0.000000000000000000e+00 0.000000000000000000e+00 0.000000000000000000e+00 1.000000000000000000e+00
8.517964482307434082e-01 -5.226564407348632812e-01 -3.567879274487495422e-02 -1.126673175223418033e+00
-4.981431066989898682e-01 -7.869987487792968750e-01 -3.639867305755615234e-01 -1.582999005964636385e+00
1.621609032154083252e-01 3.278157114982604980e-01 -9.307205080986022949e-01 -3.808262265367693189e+00
0.000000000000000000e+00 0.000000000000000000e+00 0.000000000000000000e+00 1.000000000000000000e+00
8.571557402610778809e-01 -5.147785544395446777e-01 1.694157533347606659e-02 -9.488036909800837693e-01
-4.539181590080261230e-01 -7.705434560775756836e-01 -4.474605619907379150e-01 -2.004173104520704740e+00
2.433974295854568481e-01 3.758532106876373291e-01 -8.941431045532226562e-01 -3.749011259397002416e+00
0.000000000000000000e+00 0.000000000000000000e+00 0.000000000000000000e+00 1.000000000000000000e+00
8.718069195747375488e-01 -4.861064851284027100e-01 6.044086813926696777e-02 -7.798755273812565392e-01
-3.797951638698577881e-01 -7.486989498138427734e-01 -5.433275699615478516e-01 -2.496993540131112521e+00
3.093672096729278564e-01 4.507220089435577393e-01 -8.373421430587768555e-01 -3.653832671940322907e+00
0.000000000000000000e+00 0.000000000000000000e+00 0.000000000000000000e+00 1.000000000000000000e+00
9.070414304733276367e-01 -4.137938618659973145e-01 7.778079807758331299e-02 -7.089693070768157135e-01
-2.829918861389160156e-01 -7.359371185302734375e-01 -6.150702834129333496e-01 -2.869007636762186397e+00
3.117542862892150879e-01 5.358833670616149902e-01 -7.846260070800781250e-01 -3.557845764494611984e+00
0.000000000000000000e+00 0.000000000000000000e+00 0.000000000000000000e+00 1.000000000000000000e+00
9.170210957527160645e-01 -3.742550909519195557e-01 1.378585994243621826e-01 -4.416388493198383225e-01
-1.892782151699066162e-01 -7.126176357269287109e-01 -6.755370497703552246e-01 -3.182971302840742034e+00
3.510635495185852051e-01 5.933878421783447266e-01 -7.243235707283020020e-01 -3.443682569813944383e+00
0.000000000000000000e+00 0.000000000000000000e+00 0.000000000000000000e+00 1.000000000000000000e+00
8.910087347030639648e-01 -3.889537155628204346e-01 2.341330498456954956e-01 2.927510269974815255e-02
-1.101470589637756348e-01 -6.855292320251464844e-01 -7.196643948554992676e-01 -3.421308241226773461e+00
4.404214322566986084e-01 6.154382228851318359e-01 -6.536547541618347168e-01 -3.281809250066370698e+00
0.000000000000000000e+00 0.000000000000000000e+00 0.000000000000000000e+00 1.000000000000000000e+00
8.293010592460632324e-01 -4.616828262805938721e-01 3.148150146007537842e-01 4.786720488257322215e-01
-7.506670802831649780e-02 -6.503108143806457520e-01 -7.559502124786376953e-01 -3.598644202531839031e+00
5.537368059158325195e-01 6.032781004905700684e-01 -5.739607214927673340e-01 -3.030615777893081564e+00
0.000000000000000000e+00 0.000000000000000000e+00 0.000000000000000000e+00 1.000000000000000000e+00
9.348650574684143066e-01 -2.623884081840515137e-01 2.391213029623031616e-01 -3.324860469928931500e-02
-1.868114434182643890e-02 -7.090042829513549805e-01 -7.049562931060791016e-01 -3.327430425946847681e+00
3.545106351375579834e-01 6.545725464820861816e-01 -6.677256226539611816e-01 -3.161725518205361851e+00
0.000000000000000000e+00 0.000000000000000000e+00 0.000000000000000000e+00 1.000000000000000000e+00
9.119796156883239746e-01 -2.784367203712463379e-01 3.012747466564178467e-01 2.196610965817877570e-01
-1.082630187738686800e-04 -7.345572113990783691e-01 -6.785461306571960449e-01 -3.151155558235631204e+00
4.102357029914855957e-01 6.187878847122192383e-01 -6.699314117431640625e-01 -3.225579424378691495e+00
0.000000000000000000e+00 0.000000000000000000e+00 0.000000000000000000e+00 1.000000000000000000e+00
8.842856287956237793e-01 -3.581723272800445557e-01 2.995863854885101318e-01 1.900124788986705948e-01
-4.805818572640419006e-02 -7.079886794090270996e-01 -7.045867443084716797e-01 -3.237638059094549270e+00
4.644670188426971436e-01 6.086577773094177246e-01 -6.432771086692810059e-01 -3.140766538813760445e+00
0.000000000000000000e+00 0.000000000000000000e+00 0.000000000000000000e+00 1.000000000000000000e+00
8.083301186561584473e-01 -4.327250421047210693e-01 3.991882503032684326e-01 7.175421133311866706e-01
3.335082903504371643e-02 -6.433047056198120117e-01 -7.648832798004150391e-01 -3.616425258196311443e+00
5.877839922904968262e-01 6.315916776657104492e-01 -5.055707097053527832e-01 -2.572823137035657570e+00
0.000000000000000000e+00 0.000000000000000000e+00 0.000000000000000000e+00 1.000000000000000000e+00
6.756946444511413574e-01 -5.566695928573608398e-01 4.832760095596313477e-01 1.262693728673337956e+00
7.346182316541671753e-02 -6.014629006385803223e-01 -7.955160737037658691e-01 -3.787067282390439882e+00
7.335125207901000977e-01 5.730281472206115723e-01 -3.655112683773040771e-01 -2.032062619837163631e+00
0.000000000000000000e+00 0.000000000000000000e+00 0.000000000000000000e+00 1.000000000000000000e+00
5.516730546951293945e-01 -6.309347748756408691e-01 5.455071926116943359e-01 1.702449365710704710e+00
1.290620416402816772e-01 -5.815845727920532227e-01 -8.031827211380004883e-01 -3.873060704021826339e+00
8.240142464637756348e-01 5.134984254837036133e-01 -2.394149601459503174e-01 -1.455153393850821431e+00
0.000000000000000000e+00 0.000000000000000000e+00 0.000000000000000000e+00 1.000000000000000000e+00
4.495772719383239746e-01 -6.503738164901733398e-01 6.122856736183166504e-01 2.142126234207166746e+00
2.596460580825805664e-01 -5.607163310050964355e-01 -7.862443327903747559e-01 -3.874945196720850582e+00
8.546720147132873535e-01 5.124555230140686035e-01 -8.321839570999145508e-02 -6.601474211331158637e-01
0.000000000000000000e+00 0.000000000000000000e+00 0.000000000000000000e+00 1.000000000000000000e+00
4.582581520080566406e-01 -6.141708493232727051e-01 6.424902677536010742e-01 2.309322283543782994e+00
3.398691713809967041e-01 -5.468406081199645996e-01 -7.651497721672058105e-01 -3.822577807269421868e+00
8.212723135948181152e-01 5.689987540245056152e-01 -4.185653850436210632e-02 -3.588148709361879685e-01
0.000000000000000000e+00 0.000000000000000000e+00 0.000000000000000000e+00 1.000000000000000000e+00
5.178751349449157715e-01 -5.343934297561645508e-01 6.680034399032592773e-01 2.448105111469178308e+00
3.900695741176605225e-01 -5.474569797515869141e-01 -7.403625249862670898e-01 -3.732239616094632950e+00
7.613477706909179688e-01 6.439831256866455078e-01 -7.506380975246429443e-02 -3.564579902023364277e-01
0.000000000000000000e+00 0.000000000000000000e+00 0.000000000000000000e+00 1.000000000000000000e+00
6.233708858489990234e-01 -3.514964282512664795e-01 6.984691023826599121e-01 2.732073439398039927e+00
