0.6940189599990845 0.7154216766357422 -0.08067930489778519 0.008313810452818871 
-0.7194982767105103 0.6852110028266907 -0.1131714209914207 0.08085443824529648 
-0.02568299323320389 0.1365917474031448 0.9902944564819336 -0.2994372844696045 
0 0 0 1 

0.40546715259552 0.9119607210159302 -0.06264057010412216 0.01601532474160194 
-0.9139662981033325 0.4056635200977325 -0.01012340094894171 0.04602107405662537 
0.01617883890867233 0.0613560825586319 0.9979848265647888 -0.3146286308765411 
0 0 0 1 

0.2925998866558075 0.9539890885353088 -0.06549863517284393 0.02195080928504467 
-0.9552274346351624 0.2947485446929932 0.02576252073049545 0.03331886231899261 
0.04388278350234032 0.05502799153327942 0.9975200295448303 -0.3171579837799072 
0 0 0 1 

0.1766138672828674 0.9803533554077148 -0.08783332258462906 0.0342346578836441 
-0.9818289279937744 0.181765004992485 0.05452745407819748 0.02320747077465057 
0.0694211944937706 0.07660701125860214 0.9946416616439819 -0.3175936341285706 
0 0 0 1 

0.09940975904464722 0.9914780259132385 -0.08419585973024368 0.03631823882460594 
-0.9908273816108704 0.1064170077443123 0.08328472077846527 0.01219196710735559 
0.09153483808040619 0.07514426857233047 0.9929625988006592 -0.3173728883266449 
0 0 0 1 

0.01613197848200798 0.9953009486198425 -0.09547793865203857 0.04472526162862778 
-0.9973556399345398 0.02278567478060722 0.0690133348107338 0.01875680685043335 
0.07086456567049026 0.09411211311817169 0.9930363297462463 -0.3111109435558319 
0 0 0 1 

-0.08978408575057983 0.890116810798645 -0.4468008279800415 0.1660548597574234 
-0.9905705451965332 -0.03319554775953293 0.1329218149185181 -0.001607984304428101 
0.1034841760993004 0.4545219540596008 0.8847038149833679 -0.2700777053833008 
0 0 0 1 

-0.1613357812166214 0.8664871454238892 -0.4724095463752747 0.1760534197092056 
-0.9774643182754517 -0.07426398992538452 0.1976064443588257 -0.02439208142459393 
0.136140450835228 0.4936444759368896 0.8589417338371277 -0.2629735469818115 
0 0 0 1 

-0.1300402730703354 0.8117353320121765 -0.5693638324737549 0.2005809545516968 
-0.9914916157722473 -0.1098258197307587 0.06987513601779938 0.01657133176922798 
-0.00581075344234705 0.5736060738563538 0.8191106915473938 -0.2433937937021255 
0 0 0 1 

-0.1268641501665115 0.8162457942962646 -0.5636032819747925 0.1911904513835907 
-0.9918016791343689 -0.0956028550863266 0.08479125052690506 0.01640893332660198 
0.01532836630940437 0.5697395801544189 0.8216825723648071 -0.2499347925186157 
0 0 0 1 

