0.5945883393287659 0.7775436639785767 -0.2046714723110199 0.0469740629196167 
-0.7945806980133057 0.5293309688568115 -0.2974055707454681 0.1215041503310204 
-0.1229069456458092 0.3394618928432465 0.9325553774833679 -0.2596757411956787 
0 0 0 1 

0.6741096377372742 0.7164439558982849 -0.1796777099370956 0.03347703441977501 
-0.7207949757575989 0.5849362015724182 -0.3718925416469574 0.136972963809967 
-0.1613402515649796 0.3802071511745453 0.9107204675674438 -0.2490909248590469 
0 0 0 1 

0.7384552955627441 0.6546434164047241 -0.1616342812776566 0.02458009123802185 
-0.6462512016296387 0.6186826229095459 -0.44675612449646 0.1518931090831757 
-0.1924657076597214 0.4343657493591309 0.8799336552619934 -0.2349562644958496 
0 0 0 1 

0.7670335173606873 0.6241159439086914 -0.1487906128168106 0.01849976181983948 
-0.5938348770141602 0.6027613282203674 -0.5329526662826538 0.1714007556438446 
-0.242939218878746 0.4971495866775513 0.8329601883888245 -0.2141425609588623 
0 0 0 1 

0.7939972877502441 0.5896389484405518 -0.1479663401842117 0.01534297410398722 
-0.53425133228302 0.5606545209884644 -0.6326465606689453 0.1970149427652359 
-0.2900751829147339 0.5813708305358887 0.7601737380027771 -0.1867954581975937 
0 0 0 1 

0.8173273205757141 0.558539092540741 -0.1414570212364197 0.0115806870162487 
-0.4771132171154022 0.5184526443481445 -0.7096263766288757 0.2171239256858826 
-0.323015421628952 0.6474880576133728 0.69023197889328 -0.162103146314621 
0 0 0 1 

0.8479887247085571 0.513047456741333 -0.1330318003892899 0.006114428397268057 
-0.4086849093437195 0.4731195569038391 -0.7804706692695618 0.2352219671010971 
-0.3374785482883453 0.7161983847618103 0.6108748316764832 -0.1397263705730438 
0 0 0 1 

0.879399299621582 0.4664523601531982 -0.09528370946645737 -0.006658301688730717 
-0.3228181600570679 0.4371256828308105 -0.8394696712493896 0.2493890225887299 
-0.3499217331409454 0.7689883708953857 0.5349873900413513 -0.1198909655213356 
0 0 0 1 

0.8983946442604065 0.4340757727622986 -0.06682276725769043 -0.01431753300130367 
-0.2352029532194138 0.3470314145088196 -0.9078813791275024 0.2627905607223511 
-0.3708997666835785 0.831352710723877 0.4138670861721039 -0.08705709129571915 
0 0 0 1 

0.9044452905654907 0.4260311126708984 -0.02182034216821194 -0.03056609816849232 
-0.1569089293479919 0.2846744060516357 -0.9456954598426819 0.2728769481182098 
-0.3966840505599976 0.8587536215782166 0.3243205547332764 -0.05676866695284843 
0 0 0 1 

