0.5945883393287659 0.7775436639785767 -0.2046714723110199 0.0469740591943264 
-0.7945806980133057 0.5293309688568115 -0.2974055707454681 0.1215041354298592 
-0.1229069456458092 0.3394618928432465 0.9325553774833679 -0.2596757411956787 
0 0 0 1 

0.6741096377372742 0.7164439558982849 -0.1796777099370956 0.03347702696919441 
-0.7207949757575989 0.5849362015724182 -0.3718925416469574 0.1369729191064835 
-0.1613402515649796 0.3802071511745453 0.9107204675674438 -0.2490909248590469 
0 0 0 1 

0.7384552955627441 0.6546434164047241 -0.1616342812776566 0.02458006329834461 
-0.6462512016296387 0.6186826229095459 -0.44675612449646 0.1518931239843369 
-0.1924657076597214 0.4343657493591309 0.8799336552619934 -0.2349562793970108 
0 0 0 1 

0.7670335173606873 0.6241159439086914 -0.1487906128168106 0.01849974133074284 
-0.5938348770141602 0.6027613282203674 -0.5329526662826538 0.171400710940361 
-0.242939218878746 0.4971495866775513 0.8329601883888245 -0.2141425758600235 
0 0 0 1 

0.7939972877502441 0.5896389484405518 -0.1479663401842117 0.01534293312579393 
-0.53425133228302 0.5606545209884644 -0.6326465606689453 0.1970149427652359 
-0.2900751829147339 0.5813708305358887 0.7601737380027771 -0.1867954879999161 
0 0 0 1 

0.8173273205757141 0.558539092540741 -0.1414570212364197 0.01158067397773266 
-0.4771132171154022 0.5184526443481445 -0.7096263766288757 0.217123880982399 
-0.323015421628952 0.6474880576133728 0.69023197889328 -0.1621031910181046 
0 0 0 1 

0.8479887247085571 0.5130473375320435 -0.1330317705869675 0.006114430725574493 
-0.4086848497390747 0.4731196463108063 -0.7804705500602722 0.2352219671010971 
-0.3374784886837006 0.7161982655525208 0.6108748912811279 -0.139726385474205 
0 0 0 1 

0.879399299621582 0.4664523601531982 -0.09528370946645737 -0.006658302154392004 
-0.3228181600570679 0.4371256828308105 -0.8394696712493896 0.2493889778852463 
-0.3499217331409454 0.7689883708953857 0.5349873900413513 -0.1198909878730774 
0 0 0 1 

0.8983946442604065 0.4340757727622986 -0.06682276725769043 -0.01431754790246487 
-0.2352029532194138 0.3470314145088196 -0.9078813791275024 0.2627905309200287 
-0.3708997666835785 0.831352710723877 0.4138670861721039 -0.08705714344978333 
0 0 0 1 

0.9049534201622009 0.4244103133678436 -0.03058641962707043 -0.02768996544182301 
-0.1642081886529922 0.2820121943950653 -0.9452537298202515 0.2729512453079224 
-0.3925496637821198 0.8604329228401184 0.324899435043335 -0.05706140771508217 
0 0 0 1 

