-0.5674816966056824 0.7183933258056641 0.4023378789424896 -0.07977071404457092 
0.7257042527198792 0.2055322676897049 0.6565896272659302 -0.2610294818878174 
0.3889961242675781 0.6645808815956116 -0.6379768252372742 0.1966034770011902 
0 0 0 1 

-0.6695054769515991 0.627771258354187 0.3970710635185242 -0.07407693564891815 
0.6434123516082764 0.2229845225811005 0.7323245406150818 -0.2796880006790161 
0.3711915612220764 0.7457754611968994 -0.553205132484436 0.1733293086290359 
0 0 0 1 

-0.7767311930656433 0.4874512255191803 0.3988475501537323 -0.070953369140625 
0.5667327642440796 0.2646455764770508 0.7802413105964661 -0.2907133996486664 
0.2747763097286224 0.8320778608322144 -0.4818130433559418 0.1582636684179306 
0 0 0 1 

-0.3880645930767059 0.8691021203994751 0.3067035973072052 -0.066507488489151 
0.5927053689956665 -0.01949669979512691 0.8051830530166626 -0.3181620836257935 
0.7057663798332214 0.4942479431629181 -0.5075552463531494 0.1340526193380356 
0 0 0 1 

-0.2956292331218719 0.8592790961265564 0.4174233973026276 -0.1086402237415314 
0.6909294128417969 -0.1094269901514053 0.7145916223526001 -0.2968491017818451 
0.6597116589546204 0.4996645152568817 -0.5613514184951782 0.1539677083492279 
0 0 0 1 

0.05807643756270409 0.972673237323761 0.2247968465089798 -0.06831278651952744 
0.761059045791626 -0.1888648867607117 0.6205795407295227 -0.2733010053634644 
0.6460774540901184 0.1350426375865936 -0.7512305378913879 0.214206337928772 
0 0 0 1 

-0.735912561416626 0.6152963042259216 0.2825655937194824 -0.04047330096364021 
0.5957791209220886 0.3901873230934143 0.7019979357719421 -0.2551354169845581 
0.3216832280158997 0.6849557757377625 -0.6537244915962219 0.2233454585075378 
0 0 0 1 

-0.7630016803741455 0.6050878167152405 0.2273697108030319 -0.02039442770183086 
0.496257871389389 0.3229526877403259 0.8058719635009766 -0.2884780764579773 
0.4141936898231506 0.7277157306671143 -0.5466930866241455 0.1840192079544067 
0 0 0 1 

-0.6883905529975891 0.7082998156547546 0.1562987864017487 0.002555991755798459 
0.4503585994243622 0.2484596967697144 0.8575807213783264 -0.3086793720722198 
0.5685904026031494 0.6607412099838257 -0.49002605676651 0.1529545187950134 
0 0 0 1 

-0.6159015893936157 0.7794612646102905 0.1144786924123764 0.01380028296262026 
0.3342511355876923 0.1269529461860657 0.9338947534561157 -0.3352635502815247 
0.7134010195732117 0.6134520769119263 -0.338726133108139 0.08874064683914185 
0 0 0 1 

