0.1771274656057358 0.7708790898323059 -0.6118588447570801 0.1969820111989975 
-0.9614366292953491 0.2684310972690582 0.05986849963665009 0.04262188076972961 
0.2103933095932007 0.5776591300964355 0.7886979579925537 -0.2580201327800751 
0 0 0 1 

0.135589987039566 0.6740131974220276 -0.7261690497398376 0.237122967839241 
-0.9737859964370728 0.2257696092128754 0.02772925980389118 0.05360855162143707 
0.1826367974281311 0.7033734321594238 0.6869567632675171 -0.2235894203186035 
0 0 0 1 

0.1106979325413704 0.5734559893608093 -0.811722993850708 0.2659944593906403 
-0.9835434556007385 0.1805514693260193 -0.006576014682650566 0.0649145245552063 
0.1427867412567139 0.7990928888320923 0.58400559425354 -0.1878673136234283 
0 0 0 1 

0.1582532823085785 0.5113722681999207 -0.8446623086929321 0.2720098495483398 
-0.9869863986968994 0.1066410467028618 -0.120356522500515 0.1025499328970909 
0.02852879650890827 0.8527170419692993 0.5215936899185181 -0.1591189950704575 
0 0 0 1 

0.2679693996906281 0.56975257396698 -0.7769004106521606 0.2424033582210541 
-0.9584559798240662 0.07583996653556824 -0.2749731838703156 0.15059494972229 
-0.09774664044380188 0.8183092474937439 0.566405713558197 -0.1630739718675613 
0 0 0 1 

0.3211755454540253 0.6144678592681885 -0.7206078171730042 0.2214687466621399 
-0.9283299446105957 0.05385366827249527 -0.3678360879421234 0.1774801760911942 
-0.1872159838676453 0.7871017456054688 0.5877253413200378 -0.1632233858108521 
0 0 0 1 

0.3664156496524811 0.6312143206596375 -0.6835993528366089 0.2063406854867935 
-0.8901712894439697 0.02398354932665825 -0.4549944996833801 0.2013910710811615 
-0.270803838968277 0.7752376198768616 0.5706768035888672 -0.1511572003364563 
0 0 0 1 

0.4231471419334412 0.6383314728736877 -0.6430235505104065 0.1884149461984634 
-0.8380207419395447 0.005903351120650768 -0.5456063747406006 0.2257066667079926 
-0.3444817960262299 0.7697389721870422 0.5374330282211304 -0.133723258972168 
0 0 0 1 

0.5205647349357605 0.6393421292304993 -0.5659098625183105 0.1580593585968018 
-0.729512095451355 -0.01134381350129843 -0.6838737726211548 0.2582935094833374 
-0.443649023771286 0.7688385844230652 0.4605027139186859 -0.09903622418642044 
0 0 0 1 

0.5685295462608337 0.6509742140769958 -0.5029980540275574 0.1346272230148315 
-0.6690176129341125 0.01004448067396879 -0.7431790828704834 0.2722086608409882 
-0.4787378907203674 0.7590333819389343 0.441223531961441 -0.08912112563848495 
0 0 0 1 

