0.06007613241672516 0.09834347665309906 -0.9933374524116516 0.3862332403659821 
-0.1365584582090378 0.9865882992744446 0.08941635489463806 0.01750758104026318 
0.9888086318969727 0.1302768439054489 0.07270003855228424 0.03777217119932175 
0 0 0 1 

0.08513703942298889 0.1101975739002228 -0.9902565479278564 0.3888544142246246 
-0.1829160749912262 0.9787023067474365 0.09318562597036362 0.0206151008605957 
0.9794352054595947 0.1732002943754196 0.1034807488322258 0.04161112383008003 
0 0 0 1 

0.1170651689171791 0.1183642223477364 -0.9860454797744751 0.3909073770046234 
-0.1916702687740326 0.9768982529640198 0.09451073408126831 0.02343164198100567 
0.9744528532028198 0.1779316663742065 0.1370476335287094 0.03757208958268166 
0 0 0 1 

0.09356895089149475 0.6314337849617004 -0.7697636485099792 0.2808115482330322 
0.6114084124565125 0.5737521052360535 0.5449661612510681 -0.2094549089670181 
0.7857635617256165 -0.5216318964958191 -0.332378625869751 0.1495035588741302 
0 0 0 1 

-0.05295539647340775 0.6232677102088928 -0.7802133560180664 0.2892044484615326 
0.6562836766242981 0.6106036901473999 0.4432322382926941 -0.1719909906387329 
0.7526534795761108 -0.4885697364807129 -0.4413751661777496 0.1890448182821274 
0 0 0 1 

-0.1255478858947754 0.5924190282821655 -0.7957872748374939 0.2968372702598572 
0.6579102873802185 0.6500983238220215 0.3801660537719727 -0.1489527523517609 
0.7425575852394104 -0.4758275747299194 -0.4713769555091858 0.1998407542705536 
0 0 0 1 

-0.2175674438476562 0.5636088848114014 -0.7968747019767761 0.2992353737354279 
0.634321928024292 0.7021589279174805 0.323432445526123 -0.12606281042099 
0.7418220639228821 -0.4351067543029785 -0.5102763772010803 0.2131795436143875 
0 0 0 1 

-0.3148485124111176 0.5223430395126343 -0.7924818992614746 0.2991614937782288 
0.605072021484375 0.7537480592727661 0.256420761346817 -0.09921771287918091 
0.7312713265419006 -0.3987749516963959 -0.5533716082572937 0.2285769134759903 
0 0 0 1 

-0.3792497515678406 0.4606426358222961 -0.8024821877479553 0.3033590912818909 
0.5563133358955383 0.8065316081047058 0.2000555843114853 -0.07521643489599228 
0.7393813729286194 -0.3705605566501617 -0.5621384382247925 0.2314736843109131 
0 0 0 1 

-0.4963572919368744 0.3553978204727173 -0.7920364737510681 0.2983938753604889 
0.4662099480628967 0.8787575960159302 0.1021440476179123 -0.03621406108140945 
0.732309877872467 -0.3185553550720215 -0.6018677353858948 0.2455096989870071 
0 0 0 1 

