1.000000000000000000e+00 0.000000000000000000e+00 0.000000000000000000e+00 -1.792658120393753052e-02
0.000000000000000000e+00 1.000000000000000000e+00 0.000000000000000000e+00 2.243540808558464050e-02
0.000000000000000000e+00 0.000000000000000000e+00 1.000000000000000000e+00 -3.816788792610168457e-01
0.000000000000000000e+00 0.000000000000000000e+00 0.000000000000000000e+00 1.000000000000000000e+00
9.947848916053771973e-01 5.529082193970680237e-02 -8.570788055658340454e-02 1.815147139132022858e-02
-5.710960924625396729e-02 9.981886148452758789e-01 -1.891415007412433624e-02 2.650177292525768280e-02
8.450683206319808960e-02 2.371029369533061981e-02 9.961405396461486816e-01 -3.788533806800842285e-01
0.000000000000000000e+00 0.000000000000000000e+00 0.000000000000000000e+00 1.000000000000000000e+00
9.709432721138000488e-01 6.676883995532989502e-02 -2.298079729080200195e-01 7.674697786569595337e-02
-7.272468507289886475e-02 9.971978664398193359e-01 -1.753555424511432648e-02 2.642205916345119476e-02
2.279931157827377319e-01 3.373869135975837708e-02 9.730778336524963379e-01 -3.686690628528594971e-01
0.000000000000000000e+00 0.000000000000000000e+00 0.000000000000000000e+00 1.000000000000000000e+00
9.988169670104980469e-01 4.663947224617004395e-02 -1.376599725335836411e-02 -9.597376920282840729e-03
-4.657952114939689636e-02 9.989038705825805664e-01 4.645159933716058731e-03 1.809639297425746918e-02
1.396756432950496674e-02 -3.998502157628536224e-03 9.998945593833923340e-01 -3.685038983821868896e-01
0.000000000000000000e+00 0.000000000000000000e+00 0.000000000000000000e+00 1.000000000000000000e+00
9.935420155525207520e-01 5.798444151878356934e-02 -9.752972424030303955e-02 2.549363486468791962e-02
-5.479683354496955872e-02 9.978821873664855957e-01 3.505216166377067566e-02 9.686132892966270447e-03
9.935566037893295288e-02 -2.948139235377311707e-02 9.946150183677673340e-01 -3.663743436336517334e-01
0.000000000000000000e+00 0.000000000000000000e+00 0.000000000000000000e+00 1.000000000000000000e+00
3.373164683580398560e-02 9.273095428943634033e-02 -9.951196908950805664e-01 4.074123203754425049e-01
-3.888108208775520325e-02 9.950541853904724121e-01 9.140691906213760376e-02 -8.163683116436004639e-03
9.986742734909057617e-01 3.560802713036537170e-02 3.717033937573432922e-02 -1.151843927800655365e-02
0.000000000000000000e+00 0.000000000000000000e+00 0.000000000000000000e+00 1.000000000000000000e+00
1.635081134736537933e-02 1.059021353721618652e-01 -9.942424893379211426e-01 4.038435816764831543e-01
-2.521381527185440063e-02 9.941024780273437500e-01 1.054725646972656250e-01 -9.116847068071365356e-03
9.995483756065368652e-01 2.334408648312091827e-02 1.892462559044361115e-02 2.116495044901967049e-03
0.000000000000000000e+00 0.000000000000000000e+00 0.000000000000000000e+00 1.000000000000000000e+00
-1.522573409602046013e-03 1.029330939054489136e-01 -9.946869015693664551e-01 3.995617330074310303e-01
-3.090054541826248169e-02 9.942080974578857422e-01 1.029308661818504333e-01 -4.166324157267808914e-03
9.995208978652954102e-01 3.089311160147190094e-02 1.666944706812500954e-03 1.655904203653335571e-02
0.000000000000000000e+00 0.000000000000000000e+00 0.000000000000000000e+00 1.000000000000000000e+00
1.758277975022792816e-02 9.601069986820220947e-02 -9.952248930931091309e-01 3.946943879127502441e-01
-3.526900708675384521e-02 9.948189854621887207e-01 9.534841030836105347e-02 3.048766229767352343e-04
9.992227554321289062e-01 3.342412039637565613e-02 2.087779343128204346e-02 1.827332191169261932e-02
0.000000000000000000e+00 0.000000000000000000e+00 0.000000000000000000e+00 1.000000000000000000e+00
6.231016013771295547e-03 9.941248595714569092e-02 -9.950265288352966309e-01 3.912834227085113525e-01
-6.022163480520248413e-02 9.932774901390075684e-01 9.886067360639572144e-02 7.718848064541816711e-04
9.981653094291687012e-01 5.930614471435546875e-02 1.217592600733041763e-02 3.059246949851512909e-02
0.000000000000000000e+00 0.000000000000000000e+00 0.000000000000000000e+00 1.000000000000000000e+00
3.000503033399581909e-02 8.571849018335342407e-02 -9.958673715591430664e-01 3.877087235450744629e-01
-7.895869016647338867e-02 9.934056997299194336e-01 8.312760293483734131e-02 9.204334579408168793e-03
9.964264035224914551e-01 7.613821327686309814e-02 3.657547757029533386e-02 3.075027093291282654e-02
0.000000000000000000e+00 0.000000000000000000e+00 0.000000000000000000e+00 1.000000000000000000e+00
2.234010025858879089e-02 7.731377333402633667e-02 -9.967565536499023438e-01 3.853449225425720215e-01
-1.079439595341682434e-01 9.913635253906250000e-01 7.447616755962371826e-02 1.592423208057880402e-02
9.939059019088745117e-01 1.059300526976585388e-01 3.049272485077381134e-02 4.150781035423278809e-02
0.000000000000000000e+00 0.000000000000000000e+00 0.000000000000000000e+00 1.000000000000000000e+00
2.848566882312297821e-02 8.653496205806732178e-02 -9.958413243293762207e-01 3.850903213024139404e-01
-1.081250980496406555e-01 9.906671643257141113e-01 8.299247920513153076e-02 1.662383973598480225e-02
9.937289953231811523e-01 1.053113788366317749e-01 3.757639601826667786e-02 4.457413032650947571e-02
0.000000000000000000e+00 0.000000000000000000e+00 0.000000000000000000e+00 1.000000000000000000e+00
2.844177372753620148e-02 9.609610587358474731e-02 -9.949656128883361816e-01 3.857370018959045410e-01
-1.392870098352432251e-01 9.860386252403259277e-01 9.125229716300964355e-02 1.667403802275657654e-02
9.898434281349182129e-01 1.359903961420059204e-01 4.142961651086807251e-02 4.967902973294258118e-02
0.000000000000000000e+00 0.000000000000000000e+00 0.000000000000000000e+00 1.000000000000000000e+00
6.282096356153488159e-02 1.024520397186279297e-01 -9.927522540092468262e-01 3.874409496784210205e-01
-1.500584185123443604e-01 9.843786954879760742e-01 9.209226071834564209e-02 1.925397105515003204e-02
9.866793155670166016e-01 1.431855261325836182e-01 7.721335440874099731e-02 4.222277551889419556e-02
0.000000000000000000e+00 0.000000000000000000e+00 0.000000000000000000e+00 1.000000000000000000e+00
7.240098714828491211e-02 1.102703958749771118e-01 -9.912610054016113281e-01 3.886505663394927979e-01
-1.786804944276809692e-01 9.792242646217346191e-01 9.588069468736648560e-02 1.969631388783454895e-02
9.812396764755249023e-01 1.701771467924118042e-01 9.059999883174896240e-02 4.620609432458877563e-02
0.000000000000000000e+00 0.000000000000000000e+00 0.000000000000000000e+00 1.000000000000000000e+00
1.047804877161979675e-01 1.160672307014465332e-01 -9.876990914344787598e-01 3.907787501811981201e-01
-1.917899250984191895e-01 9.768806695938110352e-01 9.444980323314666748e-02 2.333815582096576691e-02
9.758267402648925781e-01 1.795342117547988892e-01 1.246185302734375000e-01 4.221891239285469055e-02
0.000000000000000000e+00 0.000000000000000000e+00 0.000000000000000000e+00 1.000000000000000000e+00
1.417511850595474243e-01 1.184842213988304138e-01 -9.827859401702880859e-01 3.920716345310211182e-01
-2.180689722299575806e-01 9.721583127975463867e-01 8.575006574392318726e-02 2.771594002842903137e-02
9.655840992927551270e-01 2.021598666906356812e-01 1.636422872543334961e-01 3.671623766422271729e-02
0.000000000000000000e+00 0.000000000000000000e+00 0.000000000000000000e+00 1.000000000000000000e+00
2.040715515613555908e-01 1.404212117195129395e-01 -9.688325524330139160e-01 3.976451754570007324e-01
-2.360990643501281738e-01 9.675056338310241699e-01 9.049776941537857056e-02 2.571476064622402191e-02
9.500592350959777832e-01 2.102725356817245483e-01 2.305939048528671265e-01 2.839387394487857819e-02
0.000000000000000000e+00 0.000000000000000000e+00 0.000000000000000000e+00 1.000000000000000000e+00
2.479163855314254761e-01 1.947448700666427612e-01 -9.490053653717041016e-01 4.139466583728790283e-01
-2.431697547435760498e-01 9.607348442077636719e-01 1.336267143487930298e-01 1.019670441746711731e-02
9.377661943435668945e-01 1.976412534713745117e-01 2.855380773544311523e-01 2.750520966947078705e-02
0.000000000000000000e+00 0.000000000000000000e+00 0.000000000000000000e+00 1.000000000000000000e+00
2.674792408943176270e-01 2.111275941133499146e-01 -9.401484727859497070e-01 4.214553833007812500e-01
-2.718216180801391602e-01 9.526048898696899414e-01 1.365896761417388916e-01 1.113779097795486450e-02
9.244281053543090820e-01 2.190179079771041870e-01 3.121911883354187012e-01 1.799788884818553925e-02
0.000000000000000000e+00 0.000000000000000000e+00 0.000000000000000000e+00 1.000000000000000000e+00
2.465866506099700928e-01 2.313150167465209961e-01 -9.411098957061767578e-01 4.122164845466613770e-01
-1.999918669462203979e-01 9.623402357101440430e-01 1.841319054365158081e-01 -9.358641691505908966e-03
9.482604265213012695e-01 1.428099870681762695e-01 2.835614085197448730e-01 1.927728950977325439e-02
0.000000000000000000e+00 0.000000000000000000e+00 0.000000000000000000e+00 1.000000000000000000e+00
2.496214210987091064e-01 2.388193011283874512e-01 -9.384320974349975586e-01 4.065718650817871094e-01
-1.693136245012283325e-01 9.649459123611450195e-01 2.005296051502227783e-01 -1.778245903551578522e-02
9.534263014793395996e-01 1.088327839970588684e-01 2.813064754009246826e-01 1.573977991938591003e-02
0.000000000000000000e+00 0.000000000000000000e+00 0.000000000000000000e+00 1.000000000000000000e+00
1.743602603673934937e-01 2.707920372486114502e-01 -9.467160105705261230e-01 3.835303187370300293e-01
-7.080142199993133545e-02 9.624021649360656738e-01 2.622391283512115479e-01 -4.888900741934776306e-02
9.821330904960632324e-01 2.130485512316226959e-02 1.869768947362899780e-01 3.857244923710823059e-02
0.000000000000000000e+00 0.000000000000000000e+00 0.000000000000000000e+00 1.000000000000000000e+00
1.607744097709655762e-01 3.194544017314910889e-01 -9.338632225990295410e-01 3.615488409996032715e-01
-3.495312854647636414e-02 9.474210143089294434e-01 3.180747032165527344e-01 -7.888697832822799683e-02
9.863719940185546875e-01 -1.849684305489063263e-02 1.634870320558547974e-01 3.999565541744232178e-02
0.000000000000000000e+00 0.000000000000000000e+00 0.000000000000000000e+00 1.000000000000000000e+00
1.801216453313827515e-01 3.819110393524169922e-01 -9.064767360687255859e-01 3.426722288131713867e-01
3.897644113749265671e-03 9.212650060653686523e-01 3.889160156250000000e-01 -1.067715138196945190e-01
9.836366772651672363e-01 -7.358530908823013306e-02 1.644512116909027100e-01 3.604717925190925598e-02
0.000000000000000000e+00 0.000000000000000000e+00 0.000000000000000000e+00 1.000000000000000000e+00
2.393130213022232056e-01 4.138940870761871338e-01 -8.783055543899536133e-01 3.279503285884857178e-01
5.401782691478729248e-02 8.975143432617187500e-01 4.376643002033233643e-01 -1.249990612268447876e-01
9.694385528564453125e-01 -1.521828770637512207e-01 1.924292743206024170e-01 2.163260057568550110e-02
0.000000000000000000e+00 0.000000000000000000e+00 0.000000000000000000e+00 1.000000000000000000e+00
2.908987104892730713e-01 4.673009812831878662e-01 -8.348699212074279785e-01 3.054017424583435059e-01
1.219139844179153442e-01 8.473887443542480469e-01 5.167873501777648926e-01 -1.547508239746093750e-01
9.489547014236450195e-01 -2.521151006221771240e-01 1.895338296890258789e-01 1.662170514464378357e-02
0.000000000000000000e+00 0.000000000000000000e+00 0.000000000000000000e+00 1.000000000000000000e+00
3.103199899196624756e-01 5.105289816856384277e-01 -8.019113540649414062e-01 2.901563644409179688e-01
1.365921646356582642e-01 8.108566999435424805e-01 5.690817236900329590e-01 -1.743827015161514282e-01
9.407678246498107910e-01 -2.861321866512298584e-01 1.818907707929611206e-01 1.595421507954597473e-02
0.000000000000000000e+00 0.000000000000000000e+00 0.000000000000000000e+00 1.000000000000000000e+00
3.468402922153472900e-01 5.555608868598937988e-01 -7.556809782981872559e-01 2.704356312751770020e-01
1.604719310998916626e-01 7.586652636528015137e-01 6.314077377319335938e-01 -1.945932507514953613e-01
9.240943193435668945e-01 -3.402631580829620361e-01 1.739837378263473511e-01 1.488453522324562073e-02
0.000000000000000000e+00 0.000000000000000000e+00 0.000000000000000000e+00 1.000000000000000000e+00
3.821926712989807129e-01 5.670038461685180664e-01 -7.296817302703857422e-01 2.566635906696319580e-01
1.562890112400054932e-01 7.385907173156738281e-01 6.557876467704772949e-01 -2.033178657293319702e-01
9.107702374458312988e-01 -3.646784126758575439e-01 1.936674863100051880e-01 5.526837892830371857e-03
0.000000000000000000e+00 0.000000000000000000e+00 0.000000000000000000e+00 1.000000000000000000e+00
3.501256108283996582e-01 6.012238264083862305e-01 -7.182908654212951660e-01 2.455830574035644531e-01
1.728457063436508179e-01 7.121927738189697266e-01 6.803718805313110352e-01 -2.103897333145141602e-01
9.206173419952392578e-01 -3.623690605163574219e-01 1.454379409551620483e-01 1.775250956416130066e-02
0.000000000000000000e+00 0.000000000000000000e+00 0.000000000000000000e+00 1.000000000000000000e+00
3.118675351142883301e-01 6.520099639892578125e-01 -6.911017894744873047e-01 2.299584448337554932e-01
1.734787970781326294e-01 6.760764122009277344e-01 7.161186933517456055e-01 -2.207951247692108154e-01
9.341540336608886719e-01 -3.432256579399108887e-01 9.773635864257812500e-02 2.758090198040008545e-02
0.000000000000000000e+00 0.000000000000000000e+00 0.000000000000000000e+00 1.000000000000000000e+00
2.571918070316314697e-01 7.180445194244384766e-01 -6.467335224151611328e-01 2.068475335836410522e-01
1.370684951543807983e-01 6.353743076324462891e-01 7.599418163299560547e-01 -2.310875356197357178e-01
9.565899968147277832e-01 -2.840975821018218994e-01 6.499180942773818970e-02 2.760758064687252045e-02
0.000000000000000000e+00 0.000000000000000000e+00 0.000000000000000000e+00 1.000000000000000000e+00
1.820769459009170532e-01 7.581641077995300293e-01 -6.261273622512817383e-01 1.970985680818557739e-01
1.267758458852767944e-01 6.133559346199035645e-01 7.795655131340026855e-01 -2.351629287004470825e-01
9.750773310661315918e-01 -2.213186770677566528e-01 1.556111313402652740e-02 3.645732253789901733e-02
0.000000000000000000e+00 0.000000000000000000e+00 0.000000000000000000e+00 1.000000000000000000e+00
2.429680228233337402e-01 7.917509675025939941e-01 -5.604437589645385742e-01 1.747863590717315674e-01
1.215226575732231140e-01 5.483609437942504883e-01 8.273647427558898926e-01 -2.451152056455612183e-01
9.623921513557434082e-01 -2.691297531127929688e-01 3.701856359839439392e-02 1.939493976533412933e-02
0.000000000000000000e+00 0.000000000000000000e+00 0.000000000000000000e+00 1.000000000000000000e+00
3.917625248432159424e-01 7.679046392440795898e-01 -5.067984461784362793e-01 1.560546010732650757e-01
1.070033833384513855e-01 5.090634822845458984e-01 8.540520071983337402e-01 -2.483620345592498779e-01
9.138229489326477051e-01 -3.888147771358489990e-01 1.172634810209274292e-01 -1.146335992962121964e-02
0.000000000000000000e+00 0.000000000000000000e+00 0.000000000000000000e+00 1.000000000000000000e+00
5.361531376838684082e-01 7.347146868705749512e-01 -4.156128168106079102e-01 1.248270496726036072e-01
3.006052039563655853e-02 4.754310250282287598e-01 8.792393803596496582e-01 -2.480075657367706299e-01
8.435853123664855957e-01 -4.839001893997192383e-01 2.328179180622100830e-01 -4.869024455547332764e-02
0.000000000000000000e+00 0.000000000000000000e+00 0.000000000000000000e+00 1.000000000000000000e+00
6.351301670074462891e-01 6.984915137290954590e-01 -3.297258317470550537e-01 1.034743264317512512e-01
-3.031829185783863068e-02 4.490973651409149170e-01 8.929681777954101562e-01 -2.434522062540054321e-01
7.718097567558288574e-01 -5.571543574333190918e-01 3.064124584197998047e-01 -6.907999515533447266e-02
0.000000000000000000e+00 0.000000000000000000e+00 0.000000000000000000e+00 1.000000000000000000e+00
6.327825784683227539e-01 7.448551058769226074e-01 -2.116066813468933105e-01 7.688005268573760986e-02
-1.127807796001434326e-01 3.590193688869476318e-01 9.264912605285644531e-01 -2.552939355373382568e-01
7.660723924636840820e-01 -5.624021887779235840e-01 3.111867606639862061e-01 -6.646736711263656616e-02
0.000000000000000000e+00 0.000000000000000000e+00 0.000000000000000000e+00 1.000000000000000000e+00
6.178972125053405762e-01 7.814568281173706055e-01 -8.676213026046752930e-02 4.357225447893142700e-02
-1.834044307470321655e-01 2.505559325218200684e-01 9.505704641342163086e-01 -2.710301876068115234e-01
7.645688056945800781e-01 -5.714429616928100586e-01 2.981405258178710938e-01 -5.862565338611602783e-02
0.000000000000000000e+00 0.000000000000000000e+00 0.000000000000000000e+00 1.000000000000000000e+00
6.337419152259826660e-01 7.730040550231933594e-01 2.892359532415866852e-02 7.240949198603630066e-03
-2.047325819730758667e-01 1.315563619136810303e-01 9.699361920356750488e-01 -2.853219509124755859e-01
7.459597587585449219e-01 -6.206107735633850098e-01 2.416318356990814209e-01 -4.240229353308677673e-02
0.000000000000000000e+00 0.000000000000000000e+00 0.000000000000000000e+00 1.000000000000000000e+00
6.561210155487060547e-01 7.412634491920471191e-01 1.415425539016723633e-01 -3.428950905799865723e-02
-2.343365401029586792e-01 2.183624356985092163e-02 9.719103574752807617e-01 -2.920444905757904053e-01
7.173506021499633789e-01 -6.708592176437377930e-01 1.880322992801666260e-01 -2.828495018184185028e-02
0.000000000000000000e+00 0.000000000000000000e+00 0.000000000000000000e+00 1.000000000000000000e+00
6.578424572944641113e-01 7.094135880470275879e-01 2.529342472553253174e-01 -7.663316279649734497e-02
-2.491278052330017090e-01 -1.119658574461936951e-01 9.619764685630798340e-01 -2.961522936820983887e-01
7.107591032981872559e-01 -6.958420276641845703e-01 1.030787378549575806e-01 -4.239763133227825165e-03
0.000000000000000000e+00 0.000000000000000000e+00 0.000000000000000000e+00 1.000000000000000000e+00
6.332068443298339844e-01 7.654780149459838867e-01 1.144212782382965088e-01 -2.477937564253807068e-02
-3.047553300857543945e-01 1.106933876872062683e-01 9.459761977195739746e-01 -2.734849154949188232e-01
7.114585041999816895e-01 -6.338689923286437988e-01 3.033753335475921631e-01 -7.561697810888290405e-02
0.000000000000000000e+00 0.000000000000000000e+00 0.000000000000000000e+00 1.000000000000000000e+00
6.120544075965881348e-01 7.898423671722412109e-01 3.922367468476295471e-02 1.481458311900496483e-03
-3.852058649063110352e-01 2.544471919536590576e-01 8.870587944984436035e-01 -2.456469684839248657e-01
6.906560659408569336e-01 -5.580373406410217285e-01 4.599875807762145996e-01 -1.195530444383621216e-01
0.000000000000000000e+00 0.000000000000000000e+00 0.000000000000000000e+00 1.000000000000000000e+00
6.063581705093383789e-01 7.926021814346313477e-01 -6.412103772163391113e-02 3.382074460387229919e-02
-4.511267244815826416e-01 4.092815816402435303e-01 7.930784821510314941e-01 -2.047102898359298706e-01
6.548391580581665039e-01 -4.519628584384918213e-01 6.057351827621459961e-01 -1.571695357561111450e-01
0.000000000000000000e+00 0.000000000000000000e+00 0.000000000000000000e+00 1.000000000000000000e+00
6.135609149932861328e-01 7.799738049507141113e-01 -1.232229098677635193e-01 5.095756798982620239e-02
-5.186153054237365723e-01 5.157054662704467773e-01 6.819720864295959473e-01 -1.621655076742172241e-01
5.954669713973999023e-01 -3.545259535312652588e-01 7.209232449531555176e-01 -1.826820671558380127e-01
0.000000000000000000e+00 0.000000000000000000e+00 0.000000000000000000e+00 1.000000000000000000e+00
6.091974973678588867e-01 7.764902114868164062e-01 -1.610636860132217407e-01 6.081946566700935364e-02
-5.766302347183227539e-01 5.731639266014099121e-01 5.822206139564514160e-01 -1.287715435028076172e-01
5.444044470787048340e-01 -2.618130445480346680e-01 7.969177365303039551e-01 -1.981608718633651733e-01
0.000000000000000000e+00 0.000000000000000000e+00 0.000000000000000000e+00 1.000000000000000000e+00
6.006292104721069336e-01 7.860332727432250977e-01 -1.462725400924682617e-01 5.324986949563026428e-02
-6.651382446289062500e-01 5.927579998970031738e-01 4.541245400905609131e-01 -9.366308897733688354e-02
4.436613619327545166e-01 -1.754689514636993408e-01 8.788487911224365234e-01 -2.147702574729919434e-01
0.000000000000000000e+00 0.000000000000000000e+00 0.000000000000000000e+00 1.000000000000000000e+00
5.869523286819458008e-01 7.902769446372985840e-01 -1.759250909090042114e-01 5.665580555796623230e-02
-7.141337394714355469e-01 6.077312827110290527e-01 3.473841547966003418e-01 -6.301070004701614380e-02
3.814447224140167236e-01 -7.826373726129531860e-02 9.210724234580993652e-01 -2.214626669883728027e-01
0.000000000000000000e+00 0.000000000000000000e+00 0.000000000000000000e+00 1.000000000000000000e+00
5.772733688354492188e-01 7.833829522132873535e-01 -2.303605228662490845e-01 6.658753752708435059e-02
-7.535745501518249512e-01 6.197534203529357910e-01 2.191594094038009644e-01 -2.556515485048294067e-02
3.144525289535522461e-01 4.707897827029228210e-02 9.481050968170166016e-01 -2.235942035913467407e-01
0.000000000000000000e+00 0.000000000000000000e+00 0.000000000000000000e+00 1.000000000000000000e+00
5.670633912086486816e-01 7.891397476196289062e-01 -2.360029220581054688e-01 6.664643436670303345e-02
-7.825410366058349609e-01 6.055709719657897949e-01 1.446147263050079346e-01 -5.511272698640823364e-03
2.570378184318542480e-01 1.026762649416923523e-01 9.609313011169433594e-01 -2.245567142963409424e-01
0.000000000000000000e+00 0.000000000000000000e+00 0.000000000000000000e+00 1.000000000000000000e+00
5.411629676818847656e-01 8.031972050666809082e-01 -2.490314990282058716e-01 6.679587811231613159e-02
-8.274537920951843262e-01 5.613934993743896484e-01 1.253852713853120804e-02 2.939267642796039581e-02
1.498755067586898804e-01 1.992768049240112305e-01 9.684141874313354492e-01 -2.243128120899200439e-01
0.000000000000000000e+00 0.000000000000000000e+00 0.000000000000000000e+00 1.000000000000000000e+00
5.295085310935974121e-01 8.089095950126647949e-01 -2.555111944675445557e-01 6.544998288154602051e-02
-8.476639389991760254e-01 5.162423849105834961e-01 -1.223107576370239258e-01 6.481785327196121216e-02
3.296735882759094238e-02 2.813521325588226318e-01 9.590380787849426270e-01 -2.199054658412933350e-01
0.000000000000000000e+00 0.000000000000000000e+00 0.000000000000000000e+00 1.000000000000000000e+00
5.350542664527893066e-01 8.016812205314636230e-01 -2.665032446384429932e-01 6.545206159353256226e-02
-8.416453003883361816e-01 4.785158336162567139e-01 -2.503108382225036621e-01 9.730614721775054932e-02
-7.314352691173553467e-02 3.582308888435363770e-01 9.307632446289062500e-01 -2.084120213985443115e-01
0.000000000000000000e+00 0.000000000000000000e+00 0.000000000000000000e+00 1.000000000000000000e+00
4.983402490615844727e-01 8.199028372764587402e-01 -2.818087041378021240e-01 6.824520975351333618e-02
-8.431215882301330566e-01 3.825774490833282471e-01 -3.778630793094635010e-01 1.301842629909515381e-01
-2.019974589347839355e-01 4.259032905101776123e-01 8.819314837455749512e-01 -1.899222135543823242e-01
0.000000000000000000e+00 0.000000000000000000e+00 0.000000000000000000e+00 1.000000000000000000e+00
4.741662740707397461e-01 8.309270143508911133e-01 -2.910785973072052002e-01 7.117594778537750244e-02
-8.248116374015808105e-01 3.035826385021209717e-01 -4.769940674304962158e-01 1.555484086275100708e-01
-3.079808354377746582e-01 4.662593603134155273e-01 8.293070197105407715e-01 -1.720404326915740967e-01
0.000000000000000000e+00 0.000000000000000000e+00 0.000000000000000000e+00 1.000000000000000000e+00
4.465894401073455811e-01 8.436052203178405762e-01 -2.981395721435546875e-01 7.663971930742263794e-02
-8.063002824783325195e-01 2.350023388862609863e-01 -5.428198575973510742e-01 1.719088405370712280e-01
-3.878623247146606445e-01 4.828077554702758789e-01 7.851492762565612793e-01 -1.570415645837783813e-01
0.000000000000000000e+00 0.000000000000000000e+00 0.000000000000000000e+00 1.000000000000000000e+00
4.049564599990844727e-01 8.674665093421936035e-01 -2.889840900897979736e-01 8.039303869009017944e-02
-7.858041524887084961e-01 1.686014533042907715e-01 -5.950508117675781250e-01 1.831512302160263062e-01
-4.674636721611022949e-01 4.680548012256622314e-01 7.499353885650634766e-01 -1.418781429529190063e-01
0.000000000000000000e+00 0.000000000000000000e+00 0.000000000000000000e+00 1.000000000000000000e+00
3.606330454349517822e-01 8.917145729064941406e-01 -2.734750211238861084e-01 8.432416617870330811e-02
-7.758577466011047363e-01 1.240659132599830627e-01 -6.185887455940246582e-01 1.855765879154205322e-01
-5.176756381988525391e-01 4.352614283561706543e-01 7.365862131118774414e-01 -1.320391297340393066e-01
0.000000000000000000e+00 0.000000000000000000e+00 0.000000000000000000e+00 1.000000000000000000e+00
2.586143612861633301e-01 9.394505023956298828e-01 -2.248359471559524536e-01 8.218628913164138794e-02
-7.686789631843566895e-01 5.917866155505180359e-02 -6.368914246559143066e-01 1.843404769897460938e-01
-5.850222706794738770e-01 3.375360071659088135e-01 7.374404072761535645e-01 -1.265458166599273682e-01
0.000000000000000000e+00 0.000000000000000000e+00 0.000000000000000000e+00 1.000000000000000000e+00
7.200131565332412720e-02 9.811869859695434570e-01 -1.791328638792037964e-01 8.278912305831909180e-02
-7.809421420097351074e-01 -5.626170709729194641e-02 -6.220644712448120117e-01 1.680090278387069702e-01
-6.204394698143005371e-01 1.846817582845687866e-01 7.621990442276000977e-01 -1.309696733951568604e-01
0.000000000000000000e+00 0.000000000000000000e+00 0.000000000000000000e+00 1.000000000000000000e+00
-9.117811173200607300e-02 9.798892140388488770e-01 -1.774930059909820557e-01 8.391521126031875610e-02
-7.855259180068969727e-01 -1.803205758333206177e-01 -5.919745564460754395e-01 1.513423323631286621e-01
-6.120749711990356445e-01 8.545019477605819702e-02 7.861696481704711914e-01 -1.374432593584060669e-01
0.000000000000000000e+00 0.000000000000000000e+00 0.000000000000000000e+00 1.000000000000000000e+00
-2.171766310930252075e-01 9.584032297134399414e-01 -1.851947307586669922e-01 8.474989980459213257e-02
-7.477402687072753906e-01 -2.852970659732818604e-01 -5.995746254920959473e-01 1.554701477289199829e-01
-6.274701952934265137e-01 8.263842202723026276e-03 7.785968780517578125e-01 -1.338001936674118042e-01
0.000000000000000000e+00 0.000000000000000000e+00 0.000000000000000000e+00 1.000000000000000000e+00
-2.650066614151000977e-01 9.525763988494873047e-01 -1.495631337165832520e-01 8.303849399089813232e-02
-7.016556859016418457e-01 -2.968972325325012207e-01 -6.477125883102416992e-01 1.704651564359664917e-01
-6.614007353782653809e-01 -6.670635193586349487e-02 7.470605373382568359e-01 -1.233215704560279846e-01
0.000000000000000000e+00 0.000000000000000000e+00 0.000000000000000000e+00 1.000000000000000000e+00
-3.688001036643981934e-01 9.229680299758911133e-01 -1.100741699337959290e-01 8.581610023975372314e-02
-6.901225447654724121e-01 -3.512222170829772949e-01 -6.327508687973022461e-01 1.642565429210662842e-01
-6.226693987846374512e-01 -1.573940515518188477e-01 7.664920091629028320e-01 -1.213328763842582703e-01
0.000000000000000000e+00 0.000000000000000000e+00 0.000000000000000000e+00 1.000000000000000000e+00
2.063243985176086426e-01 9.305078387260437012e-01 -3.026314377784729004e-01 8.221516758203506470e-02
-7.337384223937988281e-01 -5.748698487877845764e-02 -6.769958138465881348e-01 1.830445528030395508e-01
-6.473472714424133301e-01 3.617331087589263916e-01 6.708882451057434082e-01 -1.023370847105979919e-01
0.000000000000000000e+00 0.000000000000000000e+00 0.000000000000000000e+00 1.000000000000000000e+00
5.292034745216369629e-01 7.890478372573852539e-01 -3.120046257972717285e-01 6.772849708795547485e-02
-7.644850611686706543e-01 2.838712632656097412e-01 -5.787744522094726562e-01 1.747579872608184814e-01
-3.681116700172424316e-01 5.448122620582580566e-01 7.534409761428833008e-01 -1.586039513349533081e-01
0.000000000000000000e+00 0.000000000000000000e+00 0.000000000000000000e+00 1.000000000000000000e+00
5.935614109039306641e-01 7.345814704895019531e-01 -3.287478983402252197e-01 6.965206563472747803e-02
-7.691395878791809082e-01 3.975504636764526367e-01 -5.003780722618103027e-01 1.571406126022338867e-01
-2.368744313716888428e-01 5.498577952384948730e-01 8.009660840034484863e-01 -1.864264309406280518e-01
0.000000000000000000e+00 0.000000000000000000e+00 0.000000000000000000e+00 1.000000000000000000e+00
6.026365756988525391e-01 7.418938279151916504e-01 -2.939770519733428955e-01 6.011972203850746155e-02
-7.690423130989074707e-01 4.415506422519683838e-01 -4.621760845184326172e-01 1.485094279050827026e-01
-2.130798995494842529e-01 5.046049356460571289e-01 8.366423249244689941e-01 -2.019991427659988403e-01
0.000000000000000000e+00 0.000000000000000000e+00 0.000000000000000000e+00 1.000000000000000000e+00
6.268779039382934570e-01 7.438744306564331055e-01 -2.316783666610717773e-01 4.171096161007881165e-02
-7.592254281044006348e-01 5.164757370948791504e-01 -3.960165977478027344e-01 1.306445896625518799e-01
-1.749304234981536865e-01 4.241503477096557617e-01 8.885361552238464355e-01 -2.225578874349594116e-01
0.000000000000000000e+00 0.000000000000000000e+00 0.000000000000000000e+00 1.000000000000000000e+00
6.412743330001831055e-01 7.508174777030944824e-01 -1.582411080598831177e-01 2.008510008454322815e-02
-7.442721724510192871e-01 5.584917068481445312e-01 -3.662589490413665771e-01 1.234245747327804565e-01
-1.866173595190048218e-01 3.526468276977539062e-01 9.169592261314392090e-01 -2.349047809839248657e-01
0.000000000000000000e+00 0.000000000000000000e+00 0.000000000000000000e+00 1.000000000000000000e+00
6.523752212524414062e-01 7.529177069664001465e-01 -8.672270923852920532e-02 -1.736455829814076424e-03
-7.315590381622314453e-01 5.956665873527526855e-01 -3.316661715507507324e-01 1.140445321798324585e-01
-1.980596929788589478e-01 2.798135578632354736e-01 9.394023418426513672e-01 -2.450966835021972656e-01
0.000000000000000000e+00 0.000000000000000000e+00 0.000000000000000000e+00 1.000000000000000000e+00
6.670163273811340332e-01 7.444038987159729004e-01 -3.085237927734851837e-02 -2.029463648796081543e-02
-7.218964695930480957e-01 6.354981064796447754e-01 -2.738737165927886963e-01 9.724855422973632812e-02
-1.842662096023559570e-01 2.049504965543746948e-01 9.612707495689392090e-01 -2.551443576812744141e-01
0.000000000000000000e+00 0.000000000000000000e+00 0.000000000000000000e+00 1.000000000000000000e+00
7.102702856063842773e-01 7.027891874313354492e-01 4.004004225134849548e-02 -4.689759761095046997e-02
-6.821064949035644531e-01 7.011901736259460449e-01 -2.075160890817642212e-01 7.714781910181045532e-02
-1.739158630371093750e-01 1.200808957219123840e-01 9.774117469787597656e-01 -2.643491029739379883e-01
0.000000000000000000e+00 0.000000000000000000e+00 0.000000000000000000e+00 1.000000000000000000e+00
7.475604414939880371e-01 6.594656109809875488e-01 7.910814136266708374e-02 -6.284826248884201050e-02
-6.450368762016296387e-01 7.492304444313049316e-01 -1.502694785594940186e-01 5.856373906135559082e-02
-1.583678424358367920e-01 6.130779907107353210e-02 9.854750037193298340e-01 -2.699209749698638916e-01
0.000000000000000000e+00 0.000000000000000000e+00 0.000000000000000000e+00 1.000000000000000000e+00
7.717756628990173340e-01 6.185077428817749023e-01 1.476836949586868286e-01 -8.808393776416778564e-02
-6.165961027145385742e-01 7.846733927726745605e-01 -6.400487571954727173e-02 3.057032823562622070e-02
-1.554709970951080322e-01 -4.166390374302864075e-02 9.869611859321594238e-01 -2.728294730186462402e-01
0.000000000000000000e+00 0.000000000000000000e+00 0.000000000000000000e+00 1.000000000000000000e+00
7.977225184440612793e-01 5.730170011520385742e-01 1.878566145896911621e-01 -1.050152182579040527e-01
-5.857096910476684570e-01 8.103764057159423828e-01 1.530066039413213730e-02 3.771985648199915886e-03
-1.434669792652130127e-01 -1.222351267933845520e-01 9.820771813392639160e-01 -2.751370072364807129e-01
0.000000000000000000e+00 0.000000000000000000e+00 0.000000000000000000e+00 1.000000000000000000e+00
8.288698792457580566e-01 5.165936946868896484e-01 2.147216647863388062e-01 -1.176083460450172424e-01
-5.449972152709960938e-01 8.322781324386596680e-01 1.014438718557357788e-01 -2.635879628360271454e-02
-1.263028234243392944e-01 -2.011065483093261719e-01 9.713926911354064941e-01 -2.747499048709869385e-01
0.000000000000000000e+00 0.000000000000000000e+00 0.000000000000000000e+00 1.000000000000000000e+00
8.461794853210449219e-01 4.936819374561309814e-01 2.006454765796661377e-01 -1.177453771233558655e-01
-5.287519097328186035e-01 8.246862888336181641e-01 2.007833421230316162e-01 -6.041209399700164795e-02
-6.634639203548431396e-02 -2.759905159473419189e-01 9.588679075241088867e-01 -2.750500142574310303e-01
0.000000000000000000e+00 0.000000000000000000e+00 0.000000000000000000e+00 1.000000000000000000e+00
8.542110919952392578e-01 4.935259222984313965e-01 1.635700762271881104e-01 -1.095341220498085022e-01
-5.198686718940734863e-01 8.060742020606994629e-01 2.828084230422973633e-01 -8.977250009775161743e-02
7.723815273493528366e-03 -3.266131579875946045e-01 9.451265931129455566e-01 -2.753055393695831299e-01
0.000000000000000000e+00 0.000000000000000000e+00 0.000000000000000000e+00 1.000000000000000000e+00
8.627458810806274414e-01 4.916547238826751709e-01 1.180889382958412170e-01 -9.867990761995315552e-02
-4.980084300041198730e-01 7.858138680458068848e-01 3.667203485965728760e-01 -1.199368089437484741e-01
8.750392496585845947e-02 -3.751958906650543213e-01 9.228060841560363770e-01 -2.733615040779113770e-01
0.000000000000000000e+00 0.000000000000000000e+00 0.000000000000000000e+00 1.000000000000000000e+00
8.791771531105041504e-01 4.714233279228210449e-01 6.933465600013732910e-02 -8.695362508296966553e-02
-4.500274360179901123e-01 7.736843228340148926e-01 4.459677040576934814e-01 -1.508698314428329468e-01
1.565966457128524780e-01 -4.232871830463409424e-01 8.923593759536743164e-01 -2.699120938777923584e-01
0.000000000000000000e+00 0.000000000000000000e+00 0.000000000000000000e+00 1.000000000000000000e+00
8.947246670722961426e-01 4.461507201194763184e-01 2.041890285909175873e-02 -7.388117164373397827e-02
-3.840778470039367676e-01 7.452995181083679199e-01 5.449882149696350098e-01 -1.885222941637039185e-01
2.279289066791534424e-01 -4.954570531845092773e-01 8.381948471069335938e-01 -2.637933790683746338e-01
0.000000000000000000e+00 0.000000000000000000e+00 0.000000000000000000e+00 1.000000000000000000e+00
9.286699295043945312e-01 3.709034919738769531e-01 -1.533942762762308121e-03 -6.787188351154327393e-02
-2.917217016220092773e-01 7.329560518264770508e-01 6.145513653755187988e-01 -2.149755209684371948e-01
2.290637046098709106e-01 -5.702680349349975586e-01 7.888749241828918457e-01 -2.578312158584594727e-01
0.000000000000000000e+00 0.000000000000000000e+00 0.000000000000000000e+00 1.000000000000000000e+00
9.477030634880065918e-01 3.128150403499603271e-01 -6.328938156366348267e-02 -4.862518608570098877e-02
-1.908464729785919189e-01 7.143941521644592285e-01 6.732150912284851074e-01 -2.387102544307708740e-01
2.558054327964782715e-01 -6.259292960166931152e-01 7.367331385612487793e-01 -2.511060833930969238e-01
0.000000000000000000e+00 0.000000000000000000e+00 0.000000000000000000e+00 1.000000000000000000e+00
9.273736476898193359e-01 3.366608023643493652e-01 -1.632106006145477295e-01 -1.287350151687860489e-02
-1.212335303425788879e-01 6.830974817276000977e-01 7.201943993568420410e-01 -2.564425766468048096e-01
3.539499938488006592e-01 -6.481027007102966309e-01 6.743011474609375000e-01 -2.426113188266754150e-01
0.000000000000000000e+00 0.000000000000000000e+00 0.000000000000000000e+00 1.000000000000000000e+00
8.787082433700561523e-01 4.025484025478363037e-01 -2.565667033195495605e-01 2.407052926719188690e-02
-7.888947427272796631e-02 6.525400280952453613e-01 7.536363005638122559e-01 -2.694328129291534424e-01
4.707952737808227539e-01 -6.419861316680908203e-01 6.051490902900695801e-01 -2.276894003152847290e-01
0.000000000000000000e+00 0.000000000000000000e+00 0.000000000000000000e+00 1.000000000000000000e+00
9.668149948120117188e-01 1.977808922529220581e-01 -1.617137938737869263e-01 -1.854623854160308838e-02
-2.697229012846946716e-02 7.084702849388122559e-01 7.052248716354370117e-01 -2.497904449701309204e-01
2.540494799613952637e-01 -6.774602532386779785e-01 6.902943849563598633e-01 -2.325240224599838257e-01
0.000000000000000000e+00 0.000000000000000000e+00 0.000000000000000000e+00 1.000000000000000000e+00
9.482941627502441406e-01 2.238646894693374634e-01 -2.249948680400848389e-01 -2.536682877689599991e-04
-1.275416929274797440e-02 7.351899147033691406e-01 6.777409911155700684e-01 -2.360055595636367798e-01
3.171362876892089844e-01 -6.398282647132873535e-01 7.000315189361572266e-01 -2.403016835451126099e-01
0.000000000000000000e+00 0.000000000000000000e+00 0.000000000000000000e+00 1.000000000000000000e+00
9.307386875152587891e-01 2.884072959423065186e-01 -2.248262017965316772e-01 -1.843377249315381050e-03
-4.777614772319793701e-02 7.054415345191955566e-01 7.071560025215148926e-01 -2.443659305572509766e-01
3.625506162643432617e-01 -6.474359035491943359e-01 6.703606247901916504e-01 -2.314461618661880493e-01
0.000000000000000000e+00 0.000000000000000000e+00 0.000000000000000000e+00 1.000000000000000000e+00
8.611764311790466309e-01 3.725363314151763916e-01 -3.458202779293060303e-01 4.442708939313888550e-02
3.073838911950588226e-02 6.409265398979187012e-01 7.669863700866699219e-01 -2.726345658302307129e-01
5.073757767677307129e-01 -6.711406111717224121e-01 5.404998064041137695e-01 -1.936530023813247681e-01
0.000000000000000000e+00 0.000000000000000000e+00 0.000000000000000000e+00 1.000000000000000000e+00
7.634735107421875000e-01 4.762461483478546143e-01 -4.362313747406005859e-01 8.579014986753463745e-02
7.804380357265472412e-02 6.024670004844665527e-01 7.943186759948730469e-01 -2.854049205780029297e-01
6.411063671112060547e-01 -6.404865980148315430e-01 4.227996170520782471e-01 -1.592653989791870117e-01
0.000000000000000000e+00 0.000000000000000000e+00 0.000000000000000000e+00 1.000000000000000000e+00
6.452502012252807617e-01 5.648518204689025879e-01 -5.143875479698181152e-01 1.248243525624275208e-01
1.352428197860717773e-01 5.782189369201660156e-01 8.045945167541503906e-01 -2.923444509506225586e-01
7.519050836563110352e-01 -5.887318849563598633e-01 2.967036664485931396e-01 -1.180572360754013062e-01
0.000000000000000000e+00 0.000000000000000000e+00 0.000000000000000000e+00 1.000000000000000000e+00
4.651869237422943115e-01 6.447683572769165039e-01 -6.065269708633422852e-01 1.716161072254180908e-01
2.604553997516632080e-01 5.551531910896301270e-01 7.899165749549865723e-01 -2.928504645824432373e-01
8.460282087326049805e-01 -5.254318118095397949e-01 9.031667560338973999e-02 -4.742458462715148926e-02
0.000000000000000000e+00 0.000000000000000000e+00 0.000000000000000000e+00 1.000000000000000000e+00
3.765640854835510254e-01 6.708592176437377930e-01 -6.388643980026245117e-01 1.899850964546203613e-01
3.313696086406707764e-01 5.464565753936767578e-01 7.691420912742614746e-01 -2.888950407505035400e-01
8.650975227355957031e-01 -5.013315081596374512e-01 -1.652641221880912781e-02 -8.326263166964054108e-03
0.000000000000000000e+00 0.000000000000000000e+00 0.000000000000000000e+00 1.000000000000000000e+00
3.034952282905578613e-01 6.947352886199951172e-01 -6.520993709564208984e-01 2.006758749485015869e-01
3.843282461166381836e-01 5.369811654090881348e-01 7.509613633155822754e-01 -2.835716307163238525e-01
8.718844652175903320e-01 -4.785333573818206787e-01 -1.040351912379264832e-01 2.565394900739192963e-02
0.000000000000000000e+00 0.000000000000000000e+00 0.000000000000000000e+00 1.000000000000000000e+00
3.519882559776306152e-01 6.141740083694458008e-01 -7.063245177268981934e-01 2.266058474779129028e-01
4.431840181350708008e-01 5.553106069564819336e-01 7.037172913551330566e-01 -2.684034705162048340e-01
8.244344592094421387e-01 -5.607318878173828125e-01 -7.672923803329467773e-02 3.452612459659576416e-02
