1.000000000000000000e+00 0.000000000000000000e+00 0.000000000000000000e+00 -1.792658120393753052e-02
0.000000000000000000e+00 1.000000000000000000e+00 0.000000000000000000e+00 2.243540808558464050e-02
0.000000000000000000e+00 0.000000000000000000e+00 1.000000000000000000e+00 -3.816788792610168457e-01
0.000000000000000000e+00 0.000000000000000000e+00 0.000000000000000000e+00 1.000000000000000000e+00
9.945990443229675293e-01 5.611637234687805176e-02 -8.731324225664138794e-02 1.882999017834663391e-02
-5.800975859165191650e-02 9.981293678283691406e-01 -1.929878816008567810e-02 2.649431303143501282e-02
8.606690913438796997e-02 2.425961568951606750e-02 9.959937334060668945e-01 -3.787691891193389893e-01
0.000000000000000000e+00 0.000000000000000000e+00 0.000000000000000000e+00 1.000000000000000000e+00
9.717406034469604492e-01 6.654354184865951538e-02 -2.264791876077651978e-01 7.532265782356262207e-02
-7.228224724531173706e-02 9.972370862960815430e-01 -1.713145524263381958e-02 2.635988406836986542e-02
2.247133702039718628e-01 3.301770612597465515e-02 9.738651514053344727e-01 -3.690484762191772461e-01
0.000000000000000000e+00 0.000000000000000000e+00 0.000000000000000000e+00 1.000000000000000000e+00
9.986450076103210449e-01 5.117984116077423096e-02 -9.428312070667743683e-03 -1.138707343488931656e-02
-5.117091909050941467e-02 9.986892938613891602e-01 1.187247224152088165e-03 1.982823759317398071e-02
9.476725943386554718e-03 -7.032345165498554707e-04 9.999549388885498047e-01 -3.683463037014007568e-01
0.000000000000000000e+00 0.000000000000000000e+00 0.000000000000000000e+00 1.000000000000000000e+00
9.938746094703674316e-01 5.429570376873016357e-02 -9.625589102506637573e-02 2.487077564001083374e-02
-5.111261084675788879e-02 9.980712532997131348e-01 3.523315861821174622e-02 9.557101875543594360e-03
9.798325598239898682e-02 -3.009737096726894379e-02 9.947326779365539551e-01 -3.665521740913391113e-01
0.000000000000000000e+00 0.000000000000000000e+00 0.000000000000000000e+00 1.000000000000000000e+00
3.409618511795997620e-02 9.143309295177459717e-02 -9.952273368835449219e-01 4.073148965835571289e-01
-3.962590172886848450e-02 9.951468706130981445e-01 9.006815403699874878e-02 -7.595713716000318527e-03
9.986326098442077637e-01 3.636580333113670349e-02 3.755387663841247559e-02 -1.190493162721395493e-02
0.000000000000000000e+00 0.000000000000000000e+00 0.000000000000000000e+00 1.000000000000000000e+00
1.427615061402320862e-02 1.059152409434318542e-01 -9.942730665206909180e-01 4.038471877574920654e-01
-2.137846872210502625e-02 9.941790103912353516e-01 1.055982634425163269e-01 -9.036311879754066467e-03
9.996695518493652344e-01 1.974850147962570190e-02 1.645740121603012085e-02 2.952619921416044235e-03
0.000000000000000000e+00 0.000000000000000000e+00 0.000000000000000000e+00 1.000000000000000000e+00
-7.433613296598196030e-03 1.016160845756530762e-01 -9.947957396507263184e-01 3.996429145336151123e-01
-2.929603494703769684e-02 9.943739175796508789e-01 1.017919331789016724e-01 -3.701949492096900940e-03
9.995427727699279785e-01 2.990027517080307007e-02 -4.414835479110479355e-03 1.882212236523628235e-02
0.000000000000000000e+00 0.000000000000000000e+00 0.000000000000000000e+00 1.000000000000000000e+00
1.456894632428884506e-02 9.863375872373580933e-02 -9.950170516967773438e-01 3.948272466659545898e-01
-3.321166336536407471e-02 9.946214556694030762e-01 9.810823202133178711e-02 -4.448968102224171162e-04
9.993417263031005859e-01 3.161685168743133545e-02 1.776628568768501282e-02 1.905650645494461060e-02
0.000000000000000000e+00 0.000000000000000000e+00 0.000000000000000000e+00 1.000000000000000000e+00
2.113774791359901428e-02 9.923508018255233765e-02 -9.948392510414123535e-01 3.912632465362548828e-01
-6.160680204629898071e-02 9.933002591133117676e-01 9.777263551950454712e-02 1.488099806010723114e-03
9.978764057159423828e-01 5.922219529747962952e-02 2.710970118641853333e-02 2.486794441938400269e-02
0.000000000000000000e+00 0.000000000000000000e+00 0.000000000000000000e+00 1.000000000000000000e+00
4.248441755771636963e-02 8.635812252759933472e-02 -9.953578114509582520e-01 3.877776861190795898e-01
-8.209264278411865234e-02 9.931901693344116211e-01 8.266612142324447632e-02 9.617724455893039703e-03
9.957189559936523438e-01 7.819960266351699829e-02 4.928456246852874756e-02 2.605120837688446045e-02
0.000000000000000000e+00 0.000000000000000000e+00 0.000000000000000000e+00 1.000000000000000000e+00
3.954716026782989502e-02 7.874882966279983521e-02 -9.961098432540893555e-01 3.853643536567687988e-01
-1.091861724853515625e-01 9.912608861923217773e-01 7.403065264225006104e-02 1.601843163371086121e-02
9.932342767715454102e-01 1.058337315917015076e-01 4.779984429478645325e-02 3.489346429705619812e-02
0.000000000000000000e+00 0.000000000000000000e+00 0.000000000000000000e+00 1.000000000000000000e+00
5.330776795744895935e-02 9.269557148218154907e-02 -9.942663311958312988e-01 3.855230510234832764e-01
-1.077770739793777466e-01 9.904000163078308105e-01 8.655663579702377319e-02 1.519237365573644638e-02
9.927448034286499023e-01 1.025450155138969421e-01 6.278644502162933350e-02 3.498756140470504761e-02
0.000000000000000000e+00 0.000000000000000000e+00 0.000000000000000000e+00 1.000000000000000000e+00
6.007613241672515869e-02 9.834347665309906006e-02 -9.933374524116516113e-01 3.862332403659820557e-01
-1.365584582090377808e-01 9.865882992744445801e-01 8.941635489463806152e-02 1.750758104026317596e-02
9.888086318969726562e-01 1.302768439054489136e-01 7.270003855228424072e-02 3.777217119932174683e-02
0.000000000000000000e+00 0.000000000000000000e+00 0.000000000000000000e+00 1.000000000000000000e+00
7.926033437252044678e-02 1.016443073749542236e-01 -9.916583299636840820e-01 3.875195980072021484e-01
-1.497786641120910645e-01 9.847092628479003906e-01 8.896067738533020020e-02 2.079543285071849823e-02
9.855375289916992188e-01 1.414782255887985229e-01 9.327247738838195801e-02 3.633617237210273743e-02
0.000000000000000000e+00 0.000000000000000000e+00 0.000000000000000000e+00 1.000000000000000000e+00
8.513703942298889160e-02 1.101975739002227783e-01 -9.902565479278564453e-01 3.888544142246246338e-01
-1.829160749912261963e-01 9.787023067474365234e-01 9.318562597036361694e-02 2.061510086059570312e-02
9.794352054595947266e-01 1.732002943754196167e-01 1.034807488322257996e-01 4.161112383008003235e-02
0.000000000000000000e+00 0.000000000000000000e+00 0.000000000000000000e+00 1.000000000000000000e+00
1.170651689171791077e-01 1.183642223477363586e-01 -9.860454797744750977e-01 3.909073770046234131e-01
-1.916702687740325928e-01 9.768982529640197754e-01 9.451073408126831055e-02 2.343164198100566864e-02
9.744528532028198242e-01 1.779316663742065430e-01 1.370476335287094116e-01 3.757208958268165588e-02
0.000000000000000000e+00 0.000000000000000000e+00 0.000000000000000000e+00 1.000000000000000000e+00
1.503327488899230957e-01 1.199920922517776489e-01 -9.813266992568969727e-01 3.920781016349792480e-01
-2.206427156925201416e-01 9.716426730155944824e-01 8.500704914331436157e-02 2.809780836105346680e-02
9.636996388435363770e-01 2.037431746721267700e-01 1.725450754165649414e-01 3.334188833832740784e-02
0.000000000000000000e+00 0.000000000000000000e+00 0.000000000000000000e+00 1.000000000000000000e+00
2.274813652038574219e-01 1.425203084945678711e-01 -9.632964134216308594e-01 3.975331187248229980e-01
-2.375023216009140015e-01 9.674782752990722656e-01 8.705308288335800171e-02 2.692856267094612122e-02
9.443756341934204102e-01 2.089822739362716675e-01 2.539323866367340088e-01 1.905882731080055237e-02
0.000000000000000000e+00 0.000000000000000000e+00 0.000000000000000000e+00 1.000000000000000000e+00
2.745337784290313721e-01 2.013081759214401245e-01 -9.402688741683959961e-01 4.137995839118957520e-01
-2.440819442272186279e-01 9.604021310806274414e-01 1.343531906604766846e-01 9.713585488498210907e-03
9.300832152366638184e-01 1.926182657480239868e-01 3.127986192703247070e-01 1.585207134485244751e-02
0.000000000000000000e+00 0.000000000000000000e+00 0.000000000000000000e+00 1.000000000000000000e+00
2.921872437000274658e-01 2.164330184459686279e-01 -9.315484762191772461e-01 4.209320247173309326e-01
-2.711783945560455322e-01 9.528268575668334961e-01 1.363196372985839844e-01 1.164812501519918442e-02
9.171086549758911133e-01 2.127850800752639771e-01 3.370959162712097168e-01 7.184535264968872070e-03
0.000000000000000000e+00 0.000000000000000000e+00 0.000000000000000000e+00 1.000000000000000000e+00
2.690180242061614990e-01 2.369262278079986572e-01 -9.335387945175170898e-01 4.117532372474670410e-01
-2.010535597801208496e-01 9.617317914962768555e-01 1.861437261104583740e-01 -1.007414981722831726e-02
9.419162869453430176e-01 1.376154124736785889e-01 3.063580691814422607e-01 9.783562272787094116e-03
0.000000000000000000e+00 0.000000000000000000e+00 0.000000000000000000e+00 1.000000000000000000e+00
2.687119841575622559e-01 2.374130189418792725e-01 -9.335037469863891602e-01 4.062539339065551758e-01
-1.684973388910293579e-01 9.657905697822570801e-01 1.971218883991241455e-01 -1.638418063521385193e-02
9.483681917190551758e-01 1.043238192796707153e-01 2.995229065418243408e-01 7.888295687735080719e-03
0.000000000000000000e+00 0.000000000000000000e+00 0.000000000000000000e+00 1.000000000000000000e+00
1.872586309909820557e-01 2.706825733184814453e-01 -9.442807435989379883e-01 3.836414217948913574e-01
-6.992703676223754883e-02 9.625192880630493164e-01 2.620437443256378174e-01 -4.888720810413360596e-02
9.798184633255004883e-01 1.696090027689933777e-02 1.991678327322006226e-01 3.388918563723564148e-02
0.000000000000000000e+00 0.000000000000000000e+00 0.000000000000000000e+00 1.000000000000000000e+00
1.509498953819274902e-01 3.208584785461425781e-01 -9.350208640098571777e-01 3.612673282623291016e-01
-3.427473083138465881e-02 9.469889998435974121e-01 3.194321393966674805e-01 -7.960315048694610596e-02
9.879469871520996094e-01 -1.617066748440265656e-02 1.539452672004699707e-01 4.368488863110542297e-02
0.000000000000000000e+00 0.000000000000000000e+00 0.000000000000000000e+00 1.000000000000000000e+00
1.756568998098373413e-01 3.843286931514739990e-01 -9.063310623168945312e-01 3.423525393009185791e-01
2.013195538893342018e-03 9.205036759376525879e-01 3.907287716865539551e-01 -1.074873059988021851e-01
9.844494462013244629e-01 -7.045881450176239014e-02 1.609190851449966431e-01 3.741001710295677185e-02
0.000000000000000000e+00 0.000000000000000000e+00 0.000000000000000000e+00 1.000000000000000000e+00
2.426057457923889160e-01 4.116113781929016113e-01 -8.784749507904052734e-01 3.278493881225585938e-01
5.799079686403274536e-02 8.977553844451904297e-01 4.366603493690490723e-01 -1.245190203189849854e-01
9.683900475502014160e-01 -1.568797230720520020e-01 1.939310133457183838e-01 2.104956284165382385e-02
0.000000000000000000e+00 0.000000000000000000e+00 0.000000000000000000e+00 1.000000000000000000e+00
2.961647510528564453e-01 4.688496589660644531e-01 -8.321456909179687500e-01 3.048906028270721436e-01
1.183763965964317322e-01 8.464969396591186523e-01 5.190662145614624023e-01 -1.553695648908615112e-01
9.477729201316833496e-01 -2.522355318069458008e-01 1.952019035816192627e-01 1.486353948712348938e-02
0.000000000000000000e+00 0.000000000000000000e+00 0.000000000000000000e+00 1.000000000000000000e+00
3.125141859054565430e-01 5.118332505226135254e-01 -8.002260327339172363e-01 2.896699011325836182e-01
1.392875611782073975e-01 8.086233735084533691e-01 5.716005563735961914e-01 -1.751123368740081787e-01
9.396455883979797363e-01 -2.900947630405426025e-01 1.814142465591430664e-01 1.619420573115348816e-02
0.000000000000000000e+00 0.000000000000000000e+00 0.000000000000000000e+00 1.000000000000000000e+00
3.429313600063323975e-01 5.565690994262695312e-01 -7.567223906517028809e-01 2.703649103641510010e-01
1.615012884140014648e-01 7.586436271667480469e-01 6.311712265014648438e-01 -1.943765878677368164e-01
9.253730177879333496e-01 -3.386600017547607422e-01 1.702760457992553711e-01 1.598510704934597015e-02
0.000000000000000000e+00 0.000000000000000000e+00 0.000000000000000000e+00 1.000000000000000000e+00
3.757568299770355225e-01 5.673545598983764648e-01 -7.327452301979064941e-01 2.574652433395385742e-01
1.598342955112457275e-01 7.391623854637145996e-01 6.542873382568359375e-01 -2.026859968900680542e-01
9.128305912017822266e-01 -3.629707098007202148e-01 1.870625913143157959e-01 7.459762040525674820e-03
0.000000000000000000e+00 0.000000000000000000e+00 0.000000000000000000e+00 1.000000000000000000e+00
3.462867438793182373e-01 6.012030243873596191e-01 -7.201667428016662598e-01 2.459479421377182007e-01
1.725651323795318604e-01 7.137429118156433105e-01 6.788169145584106445e-01 -2.096182256937026978e-01
9.221206903457641602e-01 -3.593409359455108643e-01 1.434130072593688965e-01 1.800150610506534576e-02
0.000000000000000000e+00 0.000000000000000000e+00 0.000000000000000000e+00 1.000000000000000000e+00
3.184054791927337646e-01 6.503149271011352539e-01 -6.897162199020385742e-01 2.298043221235275269e-01
1.739513874053955078e-01 6.751461625099182129e-01 7.168812751770019531e-01 -2.207492887973785400e-01
9.318577647209167480e-01 -3.482359945774078369e-01 1.018470153212547302e-01 2.617220766842365265e-02
0.000000000000000000e+00 0.000000000000000000e+00 0.000000000000000000e+00 1.000000000000000000e+00
2.541083395481109619e-01 7.175979018211364746e-01 -6.484458446502685547e-01 2.073487639427185059e-01
1.379754990339279175e-01 6.366994380950927734e-01 7.586675286293029785e-01 -2.309052199125289917e-01
9.572834372520446777e-01 -2.822533845901489258e-01 6.277972459793090820e-02 2.818049490451812744e-02
0.000000000000000000e+00 0.000000000000000000e+00 0.000000000000000000e+00 1.000000000000000000e+00
1.829793602228164673e-01 7.575343847274780273e-01 -6.266262531280517578e-01 1.971335560083389282e-01
1.302028149366378784e-01 6.130997538566589355e-01 7.792021036148071289e-01 -2.347518652677536011e-01
9.744566082954406738e-01 -2.241663485765457153e-01 1.355152949690818787e-02 3.694560006260871887e-02
0.000000000000000000e+00 0.000000000000000000e+00 0.000000000000000000e+00 1.000000000000000000e+00
2.440705895423889160e-01 7.919219136238098145e-01 -5.597226619720458984e-01 1.745352149009704590e-01
1.208763793110847473e-01 5.478331446647644043e-01 8.278089165687561035e-01 -2.453369945287704468e-01
9.621945619583129883e-01 -2.697010338306427002e-01 3.798537701368331909e-02 1.900243572890758514e-02
0.000000000000000000e+00 0.000000000000000000e+00 0.000000000000000000e+00 1.000000000000000000e+00
3.921887576580047607e-01 7.684201598167419434e-01 -5.056861639022827148e-01 1.556914001703262329e-01
1.075967103242874146e-01 5.076341032981872559e-01 8.548278808593750000e-01 -2.486440688371658325e-01
9.135704636573791504e-01 -3.896641135215759277e-01 1.164087876677513123e-01 -1.130407117307186127e-02
0.000000000000000000e+00 0.000000000000000000e+00 0.000000000000000000e+00 1.000000000000000000e+00
5.368502736091613770e-01 7.338300943374633789e-01 -4.162751436233520508e-01 1.249534040689468384e-01
3.226428851485252380e-02 4.751873314380645752e-01 8.792929649353027344e-01 -2.481201440095901489e-01
8.430603146553039551e-01 -4.854792058467864990e-01 2.314279377460479736e-01 -4.844210296869277954e-02
0.000000000000000000e+00 0.000000000000000000e+00 0.000000000000000000e+00 1.000000000000000000e+00
6.347597837448120117e-01 7.000421285629272461e-01 -3.271404206752777100e-01 1.028430461883544922e-01
-2.797992713749408722e-02 4.439134895801544189e-01 8.956326246261596680e-01 -2.443140745162963867e-01
7.722026705741882324e-01 -5.593582391738891602e-01 3.013656437397003174e-01 -6.798081845045089722e-02
0.000000000000000000e+00 0.000000000000000000e+00 0.000000000000000000e+00 1.000000000000000000e+00
6.306910514831542969e-01 7.452585697174072266e-01 -2.163765877485275269e-01 7.834295928478240967e-02
-1.082238107919692993e-01 3.605654239654541016e-01 9.264343380928039551e-01 -2.551909387111663818e-01
7.684507966041564941e-01 -5.608766078948974609e-01 3.080603182315826416e-01 -6.559301912784576416e-02
0.000000000000000000e+00 0.000000000000000000e+00 0.000000000000000000e+00 1.000000000000000000e+00
6.237260103225708008e-01 7.769714593887329102e-01 -8.532640337944030762e-02 4.298361763358116150e-02
-1.821903735399246216e-01 2.506694793701171875e-01 9.507739543914794922e-01 -2.711576819419860840e-01
7.601132392883300781e-01 -5.774774551391601562e-01 2.979058623313903809e-01 -5.895217135548591614e-02
0.000000000000000000e+00 0.000000000000000000e+00 0.000000000000000000e+00 1.000000000000000000e+00
6.332451701164245605e-01 7.733515501022338867e-01 3.047208301723003387e-02 6.306380033493041992e-03
-2.085585296154022217e-01 1.325941383838653564e-01 9.689792990684509277e-01 -2.848345637321472168e-01
7.453214526176452637e-01 -6.199566721916198730e-01 2.452535927295684814e-01 -4.333392530679702759e-02
0.000000000000000000e+00 0.000000000000000000e+00 0.000000000000000000e+00 1.000000000000000000e+00
6.547015905380249023e-01 7.420897483825683594e-01 1.437679678201675415e-01 -3.456253930926322937e-02
-2.383499592542648315e-01 2.218058332800865173e-02 9.709261059761047363e-01 -2.918137311935424805e-01
7.173251509666442871e-01 -6.699337363243103027e-01 1.913986951112747192e-01 -2.900492586195468903e-02
0.000000000000000000e+00 0.000000000000000000e+00 0.000000000000000000e+00 1.000000000000000000e+00
6.596221327781677246e-01 7.117477655410766602e-01 2.414823472499847412e-01 -7.368048280477523804e-02
-2.474579811096191406e-01 -9.771760553121566772e-02 9.639582633972167969e-01 -2.964484095573425293e-01
7.096921801567077637e-01 -6.956050992012023926e-01 1.116709560155868530e-01 -6.642236374318599701e-03
0.000000000000000000e+00 0.000000000000000000e+00 0.000000000000000000e+00 1.000000000000000000e+00
6.285543441772460938e-01 7.697483301162719727e-01 1.113852933049201965e-01 -2.404927462339401245e-02
-3.043014407157897949e-01 1.115918383002281189e-01 9.460167884826660156e-01 -2.733910679817199707e-01
7.157653570175170898e-01 -6.285175085067749023e-01 3.043770790100097656e-01 -7.600321620702743530e-02
0.000000000000000000e+00 0.000000000000000000e+00 0.000000000000000000e+00 1.000000000000000000e+00
6.132705211639404297e-01 7.888568043708801270e-01 4.005367308855056763e-02 1.204930944368243217e-03
-3.841083943843841553e-01 2.535350024700164795e-01 8.877955675125122070e-01 -2.459717988967895508e-01
6.901883482933044434e-01 -5.598437190055847168e-01 4.584921896457672119e-01 -1.193431764841079712e-01
0.000000000000000000e+00 0.000000000000000000e+00 0.000000000000000000e+00 1.000000000000000000e+00
6.060296297073364258e-01 7.929593920707702637e-01 -6.279657781124114990e-02 3.347152844071388245e-02
-4.481958448886871338e-01 4.056254029273986816e-01 7.966107726097106934e-01 -2.057173401117324829e-01
6.571517586708068848e-01 -4.546245336532592773e-01 6.012220382690429688e-01 -1.559489369392395020e-01
0.000000000000000000e+00 0.000000000000000000e+00 0.000000000000000000e+00 1.000000000000000000e+00
6.184524893760681152e-01 7.768092751502990723e-01 -1.186753883957862854e-01 4.972661286592483521e-02
-5.172212719917297363e-01 5.160873532295227051e-01 6.827414035797119141e-01 -1.623132973909378052e-01
5.916066169738769531e-01 -3.608615398406982422e-01 7.209579944610595703e-01 -1.827594041824340820e-01
0.000000000000000000e+00 0.000000000000000000e+00 0.000000000000000000e+00 1.000000000000000000e+00
6.142874360084533691e-01 7.724959850311279297e-01 -1.609379351139068604e-01 6.082366779446601868e-02
-5.708277225494384766e-01 5.758544206619262695e-01 5.852755904197692871e-01 -1.294688135385513306e-01
5.447998046875000000e-01 -2.676595151424407959e-01 7.947022318840026855e-01 -1.976347267627716064e-01
0.000000000000000000e+00 0.000000000000000000e+00 0.000000000000000000e+00 1.000000000000000000e+00
6.033035516738891602e-01 7.846390604972839355e-01 -1.427087634801864624e-01 5.234086513519287109e-02
-6.648916602134704590e-01 5.936740040779113770e-01 4.532882273197174072e-01 -9.324292838573455811e-02
4.403902888298034668e-01 -1.785844713449478149e-01 8.798658847808837891e-01 -2.151197791099548340e-01
0.000000000000000000e+00 0.000000000000000000e+00 0.000000000000000000e+00 1.000000000000000000e+00
5.857400894165039062e-01 7.905290126800537109e-01 -1.788094192743301392e-01 5.739632993936538696e-02
-7.139008641242980957e-01 6.076698303222656250e-01 3.479698002338409424e-01 -6.315682083368301392e-02
3.837371766567230225e-01 -7.616751641035079956e-02 9.202955961227416992e-01 -2.214079499244689941e-01
0.000000000000000000e+00 0.000000000000000000e+00 0.000000000000000000e+00 1.000000000000000000e+00
5.782595872879028320e-01 7.818794250488281250e-01 -2.329803705215454102e-01 6.712576746940612793e-02
-7.520463466644287109e-01 6.215488910675048828e-01 2.193240523338317871e-01 -2.569762431085109711e-02
3.162937164306640625e-01 4.838584735989570618e-02 9.474266171455383301e-01 -2.235184609889984131e-01
0.000000000000000000e+00 0.000000000000000000e+00 0.000000000000000000e+00 1.000000000000000000e+00
5.667511224746704102e-01 7.890872359275817871e-01 -2.369267642498016357e-01 6.663627177476882935e-02
-7.825506925582885742e-01 6.055226922035217285e-01 1.447643041610717773e-01 -5.220120772719383240e-03
2.576962709426879883e-01 1.033618897199630737e-01 9.606813788414001465e-01 -2.245396673679351807e-01
0.000000000000000000e+00 0.000000000000000000e+00 0.000000000000000000e+00 1.000000000000000000e+00
5.451399087905883789e-01 8.033624887466430664e-01 -2.396477907896041870e-01 6.433791667222976685e-02
-8.252226114273071289e-01 5.645948052406311035e-01 1.549196615815162659e-02 2.859226427972316742e-02
1.477494835853576660e-01 1.893176138401031494e-01 9.707362651824951172e-01 -2.248853892087936401e-01
0.000000000000000000e+00 0.000000000000000000e+00 0.000000000000000000e+00 1.000000000000000000e+00
5.279940366744995117e-01 8.111467957496643066e-01 -2.515217065811157227e-01 6.459039449691772461e-02
-8.486640453338623047e-01 5.149425864219665527e-01 -1.208462193608283997e-01 6.452134251594543457e-02
3.149520233273506165e-02 2.772634327411651611e-01 9.602774977684020996e-01 -2.202186435461044312e-01
0.000000000000000000e+00 0.000000000000000000e+00 0.000000000000000000e+00 1.000000000000000000e+00
5.328673124313354492e-01 8.022117614746093750e-01 -2.692741453647613525e-01 6.623454391956329346e-02
-8.433269858360290527e-01 4.772591292858123779e-01 -2.470284402370452881e-01 9.664724767208099365e-02
-6.965562701225280762e-02 3.587193191051483154e-01 9.308426976203918457e-01 -2.086192816495895386e-01
0.000000000000000000e+00 0.000000000000000000e+00 0.000000000000000000e+00 1.000000000000000000e+00
4.943022727966308594e-01 8.215640187263488770e-01 -2.840732634067535400e-01 6.899569183588027954e-02
-8.454110622406005859e-01 3.782630562782287598e-01 -3.770904242992401123e-01 1.300895661115646362e-01
-2.023496031761169434e-01 4.265552461147308350e-01 8.815355896949768066e-01 -1.898630410432815552e-01
0.000000000000000000e+00 0.000000000000000000e+00 0.000000000000000000e+00 1.000000000000000000e+00
4.760535955429077148e-01 8.285580873489379883e-01 -2.947280108928680420e-01 7.195296138525009155e-02
-8.244306445121765137e-01 3.038317263126373291e-01 -4.774939119815826416e-01 1.555703580379486084e-01
-3.060837090015411377e-01 4.702953398227691650e-01 8.277289271354675293e-01 -1.718418598175048828e-01
0.000000000000000000e+00 0.000000000000000000e+00 0.000000000000000000e+00 1.000000000000000000e+00
4.478967189788818359e-01 8.421074151992797852e-01 -3.004043102264404297e-01 7.726239413022994995e-02
-8.059264421463012695e-01 2.347813099622726440e-01 -5.434702634811401367e-01 1.720045059919357300e-01
-3.871311843395233154e-01 4.855224788188934326e-01 7.838349938392639160e-01 -1.568273007869720459e-01
0.000000000000000000e+00 0.000000000000000000e+00 0.000000000000000000e+00 1.000000000000000000e+00
4.087170958518981934e-01 8.645582795143127441e-01 -2.923851311206817627e-01 8.108396083116531372e-02
-7.864868640899658203e-01 1.711172610521316528e-01 -5.934284925460815430e-01 1.828173100948333740e-01
-4.630215167999267578e-01 4.725016355514526367e-01 7.499026060104370117e-01 -1.421171575784683228e-01
0.000000000000000000e+00 0.000000000000000000e+00 0.000000000000000000e+00 1.000000000000000000e+00
3.622169792652130127e-01 8.904990553855895996e-01 -2.753360271453857422e-01 8.465269207954406738e-02
-7.767866849899291992e-01 1.251274347305297852e-01 -6.172075867652893066e-01 1.852847933769226074e-01
-5.151706337928771973e-01 4.374406039714813232e-01 7.370513677597045898e-01 -1.322518885135650635e-01
0.000000000000000000e+00 0.000000000000000000e+00 0.000000000000000000e+00 1.000000000000000000e+00
2.538475394248962402e-01 9.421694874763488770e-01 -2.188102155923843384e-01 8.088885992765426636e-02
-7.702311277389526367e-01 6.006580963730812073e-02 -6.349301338195800781e-01 1.841856986284255981e-01
-5.850685238838195801e-01 3.297099769115447998e-01 7.409359216690063477e-01 -1.276543885469436646e-01
0.000000000000000000e+00 0.000000000000000000e+00 0.000000000000000000e+00 1.000000000000000000e+00
6.723895668983459473e-02 9.824549555778503418e-01 -1.739593446254730225e-01 8.166340738534927368e-02
-7.813934683799743652e-01 -5.656277388334274292e-02 -6.214700937271118164e-01 1.678418815135955811e-01
-6.204056143760681152e-01 1.777176111936569214e-01 7.638804316520690918e-01 -1.317237019538879395e-01
0.000000000000000000e+00 0.000000000000000000e+00 0.000000000000000000e+00 1.000000000000000000e+00
-9.383864700794219971e-02 9.808642864227294922e-01 -1.705862283706665039e-01 8.237329870462417603e-02
-7.860690355300903320e-01 -1.781447529792785645e-01 -5.919123888015747070e-01 1.512160301208496094e-01
-6.109746098518371582e-01 7.854826003313064575e-02 7.877439260482788086e-01 -1.379848718643188477e-01
0.000000000000000000e+00 0.000000000000000000e+00 0.000000000000000000e+00 1.000000000000000000e+00
-2.244646996259689331e-01 9.578288793563842773e-01 -1.793849468231201172e-01 8.367108553647994995e-02
-7.469422817230224609e-01 -2.873376607894897461e-01 -5.995947718620300293e-01 1.552540361881256104e-01
-6.258536577224731445e-01 -5.977670080028474331e-04 7.799404263496398926e-01 -1.344411969184875488e-01
0.000000000000000000e+00 0.000000000000000000e+00 0.000000000000000000e+00 1.000000000000000000e+00
-2.725045680999755859e-01 9.508810043334960938e-01 -1.468537896871566772e-01 8.266153186559677124e-02
-7.039153575897216797e-01 -3.010820746421813965e-01 -6.433140635490417480e-01 1.697243154048919678e-01
-6.559302806854248047e-01 -7.193340361118316650e-02 7.513861656188964844e-01 -1.247706040740013123e-01
0.000000000000000000e+00 0.000000000000000000e+00 0.000000000000000000e+00 1.000000000000000000e+00
-3.785250484943389893e-01 9.203426241874694824e-01 -9.842769056558609009e-02 8.372946828603744507e-02
-6.885096430778503418e-01 -3.510441184043884277e-01 -6.346040368080139160e-01 1.644894927740097046e-01
-6.186057329177856445e-01 -1.724452525377273560e-01 7.665439844131469727e-01 -1.219470947980880737e-01
0.000000000000000000e+00 0.000000000000000000e+00 0.000000000000000000e+00 1.000000000000000000e+00
2.045409679412841797e-01 9.314821958541870117e-01 -3.008393049240112305e-01 8.181683719158172607e-02
-7.338559031486511230e-01 -5.746290087699890137e-02 -6.768704652786254883e-01 1.830618530511856079e-01
-6.477798819541931152e-01 3.592204749584197998e-01 6.718201041221618652e-01 -1.026102378964424133e-01
0.000000000000000000e+00 0.000000000000000000e+00 0.000000000000000000e+00 1.000000000000000000e+00
5.302936434745788574e-01 7.862179279327392578e-01 -3.172533214092254639e-01 6.889522820711135864e-02
-7.662352919578552246e-01 2.842885255813598633e-01 -5.762497186660766602e-01 1.741635650396347046e-01
-3.628664612770080566e-01 5.486721396446228027e-01 7.531843781471252441e-01 -1.587632298469543457e-01
0.000000000000000000e+00 0.000000000000000000e+00 0.000000000000000000e+00 1.000000000000000000e+00
5.916833877563476562e-01 7.366455197334289551e-01 -3.275124132633209229e-01 6.941027939319610596e-02
-7.704232931137084961e-01 3.970476090908050537e-01 -4.988000094890594482e-01 1.568562686443328857e-01
-2.374005913734436035e-01 5.474545359611511230e-01 8.024551272392272949e-01 -1.866479367017745972e-01
0.000000000000000000e+00 0.000000000000000000e+00 0.000000000000000000e+00 1.000000000000000000e+00
5.942129492759704590e-01 7.476740479469299316e-01 -2.964697480201721191e-01 6.101740151643753052e-02
-7.753434777259826660e-01 4.344534277915954590e-01 -4.583584964275360107e-01 1.476614773273468018e-01
-2.139005213975906372e-01 5.022283792495727539e-01 8.378620743751525879e-01 -2.025187313556671143e-01
0.000000000000000000e+00 0.000000000000000000e+00 0.000000000000000000e+00 1.000000000000000000e+00
6.228081583976745605e-01 7.480517029762268066e-01 -2.291910797357559204e-01 4.100901260972023010e-02
-7.615456581115722656e-01 5.124871730804443359e-01 -3.967426419258117676e-01 1.310156285762786865e-01
-1.793265938758850098e-01 4.216341972351074219e-01 8.888572454452514648e-01 -2.223886549472808838e-01
0.000000000000000000e+00 0.000000000000000000e+00 0.000000000000000000e+00 1.000000000000000000e+00
6.411364078521728516e-01 7.513901591300964355e-01 -1.560671627521514893e-01 1.963051967322826385e-02
-7.443085908889770508e-01 5.592886209487915039e-01 -3.649665713310241699e-01 1.229777112603187561e-01
-1.869457662105560303e-01 3.501553833484649658e-01 9.178466796875000000e-01 -2.349990904331207275e-01
0.000000000000000000e+00 0.000000000000000000e+00 0.000000000000000000e+00 1.000000000000000000e+00
6.505687236785888672e-01 7.547093033790588379e-01 -8.469655364751815796e-02 -2.156705828383564949e-03
-7.319208383560180664e-01 5.933240056037902832e-01 -3.350496292114257812e-01 1.149275824427604675e-01
-2.026127576828002930e-01 2.799639701843261719e-01 9.383860230445861816e-01 -2.446493208408355713e-01
0.000000000000000000e+00 0.000000000000000000e+00 0.000000000000000000e+00 1.000000000000000000e+00
6.648894548416137695e-01 7.462417483329772949e-01 -3.232589736580848694e-02 -1.989782601594924927e-02
-7.235329747200012207e-01 6.326995491981506348e-01 -2.760261893272399902e-01 9.791827946901321411e-02
-1.855298578739166260e-01 2.069157809019088745e-01 9.606063961982727051e-01 -2.549852132797241211e-01
0.000000000000000000e+00 0.000000000000000000e+00 0.000000000000000000e+00 1.000000000000000000e+00
7.073094248771667480e-01 7.054533958435058594e-01 4.526228830218315125e-02 -4.847342520952224731e-02
-6.842889785766601562e-01 6.993424892425537109e-01 -2.065636664628982544e-01 7.702705264091491699e-02
-1.773749887943267822e-01 1.151318997144699097e-01 9.773856401443481445e-01 -2.641050517559051514e-01
0.000000000000000000e+00 0.000000000000000000e+00 0.000000000000000000e+00 1.000000000000000000e+00
7.456915378570556641e-01 6.608781218528747559e-01 8.475755900144577026e-02 -6.450670957565307617e-02
-6.465776562690734863e-01 7.484647631645202637e-01 -1.474364548921585083e-01 5.796340107917785645e-02
-1.608756333589553833e-01 5.513972043991088867e-02 9.854332208633422852e-01 -2.695615887641906738e-01
0.000000000000000000e+00 0.000000000000000000e+00 0.000000000000000000e+00 1.000000000000000000e+00
7.721638679504394531e-01 6.177814006805419922e-01 1.486909091472625732e-01 -8.849953860044479370e-02
-6.156995296478271484e-01 7.852725982666015625e-01 -6.527398526668548584e-02 3.084039315581321716e-02
-1.570879817008972168e-01 -4.114683344960212708e-02 9.867268204689025879e-01 -2.727459669113159180e-01
0.000000000000000000e+00 0.000000000000000000e+00 0.000000000000000000e+00 1.000000000000000000e+00
7.936048507690429688e-01 5.771450400352478027e-01 1.926000416278839111e-01 -1.062834709882736206e-01
-5.903709530830383301e-01 8.070045113563537598e-01 1.434351038187742233e-02 4.457830917090177536e-03
-1.471507698297500610e-01 -1.250885576009750366e-01 9.811723828315734863e-01 -2.746084928512573242e-01
0.000000000000000000e+00 0.000000000000000000e+00 0.000000000000000000e+00 1.000000000000000000e+00
8.272454738616943359e-01 5.181494355201721191e-01 2.172230184078216553e-01 -1.183173283934593201e-01
-5.474687218666076660e-01 8.302884101867675781e-01 1.043978855013847351e-01 -2.696062624454498291e-02
-1.262639909982681274e-01 -2.052855640649795532e-01 9.705231785774230957e-01 -2.745506167411804199e-01
0.000000000000000000e+00 0.000000000000000000e+00 0.000000000000000000e+00 1.000000000000000000e+00
8.452147841453552246e-01 4.935328066349029541e-01 2.050303518772125244e-01 -1.189781501889228821e-01
-5.297879576683044434e-01 8.242027759552001953e-01 2.000362277030944824e-01 -6.001724302768707275e-02
-7.026206701993942261e-02 -2.776962816715240479e-01 9.580961465835571289e-01 -2.744865417480468750e-01
0.000000000000000000e+00 0.000000000000000000e+00 0.000000000000000000e+00 1.000000000000000000e+00
8.542900681495666504e-01 4.923934042453765869e-01 1.665435880422592163e-01 -1.105029359459877014e-01
-5.197840929031372070e-01 8.070443868637084961e-01 2.801848053932189941e-01 -8.899651467800140381e-02
3.553241258487105370e-03 -3.259259164333343506e-01 9.453886747360229492e-01 -2.751659452915191650e-01
0.000000000000000000e+00 0.000000000000000000e+00 0.000000000000000000e+00 1.000000000000000000e+00
8.619303107261657715e-01 4.925274848937988281e-01 1.203851923346519470e-01 -9.927274286746978760e-02
-4.998224973678588867e-01 7.855033874511718750e-01 3.649131059646606445e-01 -1.191700994968414307e-01
8.516681194305419922e-02 -3.747010231018066406e-01 9.232257008552551270e-01 -2.733062803745269775e-01
0.000000000000000000e+00 0.000000000000000000e+00 0.000000000000000000e+00 1.000000000000000000e+00
8.751385807991027832e-01 4.785102307796478271e-01 7.183429598808288574e-02 -8.774436265230178833e-02
-4.572166502475738525e-01 7.691723108291625977e-01 4.464595913887023926e-01 -1.502542942762374878e-01
1.583827286958694458e-01 -4.235579073429107666e-01 8.919155597686767578e-01 -2.698742449283599854e-01
0.000000000000000000e+00 0.000000000000000000e+00 0.000000000000000000e+00 1.000000000000000000e+00
8.955072760581970215e-01 4.446079134941101074e-01 1.975395530462265015e-02 -7.367847114801406860e-02
-3.831526637077331543e-01 7.476263642311096191e-01 5.424465537071228027e-01 -1.876973658800125122e-01
2.264076471328735352e-01 -4.933337569236755371e-01 8.398578166961669922e-01 -2.643498182296752930e-01
0.000000000000000000e+00 0.000000000000000000e+00 0.000000000000000000e+00 1.000000000000000000e+00
9.265931248664855957e-01 3.760643899440765381e-01 -5.764538072980940342e-04 -6.827411055564880371e-02
-2.962490022182464600e-01 7.308769822120666504e-01 6.148616671562194824e-01 -2.146787345409393311e-01
2.316490411758422852e-01 -5.695559382438659668e-01 7.886344194412231445e-01 -2.580936551094055176e-01
0.000000000000000000e+00 0.000000000000000000e+00 0.000000000000000000e+00 1.000000000000000000e+00
9.445444345474243164e-01 3.207315802574157715e-01 -7.047685235738754272e-02 -4.602897912263870239e-02
-1.916270256042480469e-01 7.126286625862121582e-01 6.748625636100769043e-01 -2.390585392713546753e-01
2.666736245155334473e-01 -6.239322423934936523e-01 7.345702052116394043e-01 -2.513586580753326416e-01
0.000000000000000000e+00 0.000000000000000000e+00 0.000000000000000000e+00 1.000000000000000000e+00
9.261458516120910645e-01 3.408215045928955078e-01 -1.615381538867950439e-01 -1.354941260069608688e-02
-1.251404434442520142e-01 6.817102432250976562e-01 7.208402752876281738e-01 -2.563110888004302979e-01
3.558001220226287842e-01 -6.473882794380187988e-01 6.740136742591857910e-01 -2.426764816045761108e-01
0.000000000000000000e+00 0.000000000000000000e+00 0.000000000000000000e+00 1.000000000000000000e+00
8.796463608741760254e-01 4.015179276466369629e-01 -2.549618482589721680e-01 2.348882891237735748e-02
-7.999782264232635498e-02 6.533144712448120117e-01 7.528481483459472656e-01 -2.689151167869567871e-01
4.688524007797241211e-01 -6.418437957763671875e-01 6.068062186241149902e-01 -2.279883325099945068e-01
0.000000000000000000e+00 0.000000000000000000e+00 0.000000000000000000e+00 1.000000000000000000e+00
9.675559401512145996e-01 1.963602006435394287e-01 -1.589908748865127563e-01 -1.980130746960639954e-02
-2.760644443333148956e-02 7.076720595359802246e-01 7.060013413429260254e-01 -2.497764676809310913e-01
2.511440217494964600e-01 -6.787066459655761719e-01 6.901332139968872070e-01 -2.321572750806808472e-01
0.000000000000000000e+00 0.000000000000000000e+00 0.000000000000000000e+00 1.000000000000000000e+00
9.506819844245910645e-01 2.128538191318511963e-01 -2.256035804748535156e-01 5.784420864074490964e-05
-4.449870903044939041e-03 7.366462945938110352e-01 6.762633919715881348e-01 -2.359215021133422852e-01
3.101353347301483154e-01 -6.419075727462768555e-01 7.012634873390197754e-01 -2.400382608175277710e-01
0.000000000000000000e+00 0.000000000000000000e+00 0.000000000000000000e+00 1.000000000000000000e+00
9.335947632789611816e-01 2.813968360424041748e-01 -2.218484282493591309e-01 -3.016560571268200874e-03
-4.486895725131034851e-02 7.060466408729553223e-01 7.067424058914184570e-01 -2.445238083600997925e-01
3.555103540420532227e-01 -6.498566865921020508e-01 6.717873215675354004e-01 -2.310909032821655273e-01
0.000000000000000000e+00 0.000000000000000000e+00 0.000000000000000000e+00 1.000000000000000000e+00
8.651881814002990723e-01 3.681935071945190430e-01 -3.404155075550079346e-01 4.226125404238700867e-02
2.981457486748695374e-02 6.398938298225402832e-01 7.678846120834350586e-01 -2.727120220661163330e-01
5.005599856376647949e-01 -6.745141148567199707e-01 5.426512360572814941e-01 -1.936988085508346558e-01
0.000000000000000000e+00 0.000000000000000000e+00 0.000000000000000000e+00 1.000000000000000000e+00
7.631902694702148438e-01 4.763778448104858398e-01 -4.365830421447753906e-01 8.597858995199203491e-02
8.040767163038253784e-02 6.003783941268920898e-01 7.956632375717163086e-01 -2.859887480735778809e-01
6.411514878273010254e-01 -6.423472166061401367e-01 4.198985993862152100e-01 -1.581856012344360352e-01
0.000000000000000000e+00 0.000000000000000000e+00 0.000000000000000000e+00 1.000000000000000000e+00
6.407397985458374023e-01 5.709080696105957031e-01 -5.133385658264160156e-01 1.246031373739242554e-01
1.305534094572067261e-01 5.778636336326599121e-01 8.056236505508422852e-01 -2.925387322902679443e-01
7.565765380859375000e-01 -5.832131505012512207e-01 2.957261800765991211e-01 -1.182280704379081726e-01
0.000000000000000000e+00 0.000000000000000000e+00 0.000000000000000000e+00 1.000000000000000000e+00
4.690961539745330811e-01 6.418582201004028320e-01 -6.066027283668518066e-01 1.714434027671813965e-01
2.603869736194610596e-01 5.558111071586608887e-01 7.894763350486755371e-01 -2.926453948020935059e-01
8.438880443572998047e-01 -5.282915234565734863e-01 9.359738230705261230e-02 -4.862193018198013306e-02
0.000000000000000000e+00 0.000000000000000000e+00 0.000000000000000000e+00 1.000000000000000000e+00
3.820899724960327148e-01 6.665209531784057617e-01 -6.401228904724121094e-01 1.900411248207092285e-01
3.346542119979858398e-01 5.458694100379943848e-01 7.681362628936767578e-01 -2.887344360351562500e-01
8.614022731781005859e-01 -5.077169537544250488e-01 -1.448279339820146561e-02 -8.882426656782627106e-03
0.000000000000000000e+00 0.000000000000000000e+00 0.000000000000000000e+00 1.000000000000000000e+00
3.031191229820251465e-01 6.947689652442932129e-01 -6.522383689880371094e-01 2.007131427526473999e-01
3.831289708614349365e-01 5.378369688987731934e-01 7.509617209434509277e-01 -2.837694883346557617e-01
8.725428581237792969e-01 -4.775222837924957275e-01 -1.031574681401252747e-01 2.515278942883014679e-02
0.000000000000000000e+00 0.000000000000000000e+00 0.000000000000000000e+00 1.000000000000000000e+00
3.374495804309844971e-01 6.241549253463745117e-01 -7.046688795089721680e-01 2.261094599962234497e-01
4.460473358631134033e-01 5.531858801841735840e-01 7.035816311836242676e-01 -2.682723402976989746e-01
8.289569020271301270e-01 -5.517389178276062012e-01 -9.173025190830230713e-02 3.917481750249862671e-02
