0.8798824548721313 -0.05003452301025391 -0.4725499153137207 0.1046885997056961 
-0.4314330518245697 -0.5009405016899109 -0.7502828240394592 0.2453158497810364 
-0.1991793066263199 0.8640343546867371 -0.4623551964759827 0.1947377026081085 
0 0 0 1 

0.9139658808708191 0.0239628441631794 -0.4050828814506531 0.08132646977901459 
-0.361028254032135 -0.4077499508857727 -0.8386884331703186 0.2742098271846771 
-0.1852699518203735 0.9127790331840515 -0.3640182614326477 0.1611924022436142 
0 0 0 1 

0.9434589743614197 -0.2934117019176483 -0.1542552709579468 -0.005393186118453741 
-0.2422407418489456 -0.2925964891910553 -0.925044059753418 0.2966744303703308 
0.2262841761112213 0.9101080894470215 -0.3471291065216064 0.1302726566791534 
0 0 0 1 

0.9784108400344849 -0.1187480315566063 -0.1691481322050095 0.0007299811113625765 
-0.1916628479957581 -0.215175449848175 -0.9575827717781067 0.3047799468040466 
0.07731455564498901 0.9693288207054138 -0.2332895845174789 0.09935732185840607 
0 0 0 1 

0.9727016091346741 -0.1971724033355713 -0.1223707720637321 -0.01493777148425579 
-0.1449049562215805 -0.1041889563202858 -0.9839445948600769 0.3107312917709351 
0.1812570542097092 0.974816620349884 -0.1299160420894623 0.05803048610687256 
0 0 0 1 

0.9639893770217896 -0.2358802556991577 -0.1228212043642998 -0.01634124293923378 
-0.1375649869441986 -0.04703619331121445 -0.9893753528594971 0.3109402656555176 
0.2275970578193665 0.970643162727356 -0.07779127359390259 0.03753600269556046 
0 0 0 1 

0.994931697845459 0.006739050149917603 -0.1003270447254181 -0.02192667685449123 
-0.1005212962627411 0.0415557287633419 -0.9940667152404785 0.3093306422233582 
-0.002529895165935159 0.9991134405136108 0.04202252253890038 0.007260584738105536 
0 0 0 1 

0.7726704478263855 0.6339050531387329 0.03383445367217064 -0.02788153104484081 
-0.02655711397528648 0.08553078770637512 -0.9959815144538879 0.2743896842002869 
-0.634251594543457 0.7686669230461121 0.08292178809642792 0.04852406680583954 
0 0 0 1 

0.7644469738006592 0.6440977454185486 0.02754834480583668 -0.02347730845212936 
0.0249690804630518 0.01311883144080639 -0.9996021389961243 0.2699486911296844 
-0.6442028880119324 0.7648307681083679 -0.00605391850695014 0.07628637552261353 
0 0 0 1 

0.7322955727577209 0.6766988635063171 0.07630026340484619 -0.03177700564265251 
0.1842739135026932 -0.08904656767845154 -0.9788327813148499 0.2534502744674683 
-0.6555808186531067 0.7308550477027893 -0.1899063140153885 0.1298835426568985 
0 0 0 1 

