1 0 0 -0.04542167112231255 
0 1 0 0.0009935460984706879 
0 0 1 -0.2875000238418579 
0 0 0 1 

0.9966666698455811 0.07991323620080948 0.01641544885933399 -0.04883895441889763 
-0.07960230112075806 0.996649444103241 -0.01879494450986385 0.01015077345073223 
-0.01786241121590137 0.01742558740079403 0.9996885657310486 -0.2932369709014893 
0 0 0 1 

0.9859410524368286 0.1644433736801147 0.02963816002011299 -0.05107635259628296 
-0.1628260016441345 0.9853580594062805 -0.05056757479906082 0.02506372891366482 
-0.03751975670456886 0.04503074288368225 0.9982807636260986 -0.2927388846874237 
0 0 0 1 

0.9658156037330627 0.2568972110748291 0.03469882160425186 -0.05027854815125465 
-0.253756195306778 0.9642757773399353 -0.07602696865797043 0.03795293718576431 
-0.05299035459756851 0.06462299078702927 0.9965018033981323 -0.2921369969844818 
0 0 0 1 

0.5508435368537903 0.8334828019142151 -0.04333169013261795 0.001967326970770955 
-0.8327503800392151 0.5454134345054626 -0.09513608366250992 0.06714596599340439 
-0.05566062033176422 0.08848956972360611 0.9945207238197327 -0.2983280718326569 
0 0 0 1 

0.4592701196670532 0.8831506371498108 -0.09547731280326843 0.02452124655246735 
-0.8882817625999451 0.4559784233570099 -0.05512916296720505 0.05511761084198952 
-0.005151763092726469 0.1101299300789833 0.9939038753509521 -0.3021270036697388 
0 0 0 1 

0.3526058495044708 0.9289034605026245 -0.1131700053811073 0.03436668217182159 
-0.9354262351989746 0.3531754910945892 -0.01564735919237137 0.04055146872997284 
0.02543398179113865 0.1113795414566994 0.9934524297714233 -0.3036847114562988 
0 0 0 1 

0.2713603079319 0.9540657997131348 -0.1269721537828445 0.04154665768146515 
-0.9592304229736328 0.2789087891578674 0.04568170011043549 0.01734615303575993 
0.07899698615074158 0.1093993633985519 0.9908537864685059 -0.3033677339553833 
0 0 0 1 

0.8811736106872559 0.4724850952625275 -0.01705287769436836 -0.02663196809589863 
-0.472729355096817 0.8798917531967163 -0.04813764989376068 0.03914052993059158 
-0.007739651948213577 0.05047902464866638 0.9986951351165771 -0.26596599817276 
0 0 0 1 

0.8912636041641235 0.452154129743576 -0.03473164886236191 -0.02041840553283691 
-0.4504559338092804 0.8915466070175171 0.04726098850369453 0.01189604215323925 
0.05233405530452728 -0.02647684514522552 0.9982786774635315 -0.2693357765674591 
0 0 0 1 

