1.000000000000000000e+00 0.000000000000000000e+00 0.000000000000000000e+00 -4.542167112231254578e-02
0.000000000000000000e+00 1.000000000000000000e+00 0.000000000000000000e+00 9.935460984706878662e-04
0.000000000000000000e+00 0.000000000000000000e+00 1.000000000000000000e+00 -2.875000238418579102e-01
0.000000000000000000e+00 0.000000000000000000e+00 0.000000000000000000e+00 1.000000000000000000e+00
9.966692328453063965e-01 7.976257055997848511e-02 1.698194630444049835e-02 -4.901979118585586548e-02
-7.946287095546722412e-02 9.966816306114196777e-01 -1.764754019677639008e-02 9.712964296340942383e-03
-1.833319850265979767e-02 1.623933576047420502e-02 9.997000694274902344e-01 -2.933240830898284912e-01
0.000000000000000000e+00 0.000000000000000000e+00 0.000000000000000000e+00 1.000000000000000000e+00
9.864531755447387695e-01 1.607937216758728027e-01 3.248659521341323853e-02 -5.207975581288337708e-02
-1.590328812599182129e-01 9.859549999237060547e-01 -5.100193619728088379e-02 2.501973696053028107e-02
-4.023114964365959167e-02 4.514455422759056091e-02 9.981700181961059570e-01 -2.925685048103332520e-01
0.000000000000000000e+00 0.000000000000000000e+00 0.000000000000000000e+00 1.000000000000000000e+00
9.657909870147705078e-01 2.575759291648864746e-01 3.003826923668384552e-02 -4.910527169704437256e-02
-2.546894252300262451e-01 9.639504551887512207e-01 -7.702308893203735352e-02 3.819527477025985718e-02
-4.879473149776458740e-02 6.673775613307952881e-02 9.965767264366149902e-01 -2.922934293746948242e-01
0.000000000000000000e+00 0.000000000000000000e+00 0.000000000000000000e+00 1.000000000000000000e+00
9.384227395057678223e-01 3.420978486537933350e-01 4.828821867704391479e-02 -5.167007073760032654e-02
-3.343759775161743164e-01 9.344865083694458008e-01 -1.221779584884643555e-01 5.656123161315917969e-02
-8.692154288291931152e-02 9.850812703371047974e-02 9.913328289985656738e-01 -2.893523871898651123e-01
0.000000000000000000e+00 0.000000000000000000e+00 0.000000000000000000e+00 1.000000000000000000e+00
8.944337964057922363e-01 4.464780092239379883e-01 2.540424466133117676e-02 -4.170002043247222900e-02
-4.392111003398895264e-01 8.877262473106384277e-01 -1.379694491624832153e-01 6.565529853105545044e-02
-8.415238559246063232e-02 1.122466921806335449e-01 9.901105761528015137e-01 -2.902034521102905273e-01
0.000000000000000000e+00 0.000000000000000000e+00 0.000000000000000000e+00 1.000000000000000000e+00
8.455269336700439453e-01 5.337806344032287598e-01 1.273194234818220139e-02 -3.464202582836151123e-02
-5.247799158096313477e-01 8.351930975914001465e-01 -1.644940227270126343e-01 7.811011373996734619e-02
-9.843743592500686646e-02 1.324026435613632202e-01 9.862959384918212891e-01 -2.890049219131469727e-01
0.000000000000000000e+00 0.000000000000000000e+00 0.000000000000000000e+00 1.000000000000000000e+00
7.953185439109802246e-01 6.061609387397766113e-01 -6.100237835198640823e-03 -2.592401392757892609e-02
-5.982618927955627441e-01 7.832525968551635742e-01 -1.691096723079681396e-01 8.275675773620605469e-02
-9.772966057062149048e-02 1.381455808877944946e-01 9.855783581733703613e-01 -2.897802293300628662e-01
0.000000000000000000e+00 0.000000000000000000e+00 0.000000000000000000e+00 1.000000000000000000e+00
7.229899168014526367e-01 6.898863315582275391e-01 -3.663504123687744141e-02 -1.136889774352312088e-02
-6.854240894317626953e-01 7.096555829048156738e-01 -1.630413681268692017e-01 8.395341038703918457e-02
-8.648180961608886719e-02 1.429878026247024536e-01 9.859387874603271484e-01 -2.907145023345947266e-01
0.000000000000000000e+00 0.000000000000000000e+00 0.000000000000000000e+00 1.000000000000000000e+00
6.474539041519165039e-01 7.614522576332092285e-01 -3.152114525437355042e-02 -7.756998762488365173e-03
-7.572885751724243164e-01 6.381696462631225586e-01 -1.387561559677124023e-01 7.890963554382324219e-02
-8.554039895534515381e-02 1.137088015675544739e-01 9.898247718811035156e-01 -2.934521734714508057e-01
0.000000000000000000e+00 0.000000000000000000e+00 0.000000000000000000e+00 1.000000000000000000e+00
5.504043102264404297e-01 8.336410522460937500e-01 -4.579880461096763611e-02 2.744981786236166954e-03
-8.331153988838195801e-01 5.448190569877624512e-01 -9.534644335508346558e-02 6.729997694492340088e-02
-5.453265458345413208e-02 9.063477814197540283e-02 9.943900704383850098e-01 -2.984133362770080566e-01
0.000000000000000000e+00 0.000000000000000000e+00 0.000000000000000000e+00 1.000000000000000000e+00
4.571018815040588379e-01 8.839738965034484863e-01 -9.822452813386917114e-02 2.544165216386318207e-02
-8.893979191780090332e-01 4.536255002021789551e-01 -5.652673169970512390e-02 5.573454126715660095e-02
-5.411001387983560562e-03 1.131991595029830933e-01 9.935575723648071289e-01 -3.021122515201568604e-01
0.000000000000000000e+00 0.000000000000000000e+00 0.000000000000000000e+00 1.000000000000000000e+00
3.521044254302978516e-01 9.295893907546997070e-01 -1.090228259563446045e-01 3.323597460985183716e-02
-9.356793165206909180e-01 3.524584472179412842e-01 -1.664979755878448486e-02 4.078738763928413391e-02
2.294854074716567993e-02 1.078728735446929932e-01 9.938997626304626465e-01 -3.037660717964172363e-01
0.000000000000000000e+00 0.000000000000000000e+00 0.000000000000000000e+00 1.000000000000000000e+00
2.699685394763946533e-01 9.548041820526123047e-01 -1.243616566061973572e-01 4.082852974534034729e-02
-9.597617387771606445e-01 2.772114276885986328e-01 4.484656080603599548e-02 1.763187721371650696e-02
7.729414850473403931e-02 1.072504073381423950e-01 9.912229776382446289e-01 -3.034133613109588623e-01
0.000000000000000000e+00 0.000000000000000000e+00 0.000000000000000000e+00 1.000000000000000000e+00
1.905874162912368774e-01 9.677971601486206055e-01 -1.644534021615982056e-01 5.482660979032516479e-02
-9.730463624000549316e-01 2.083999216556549072e-01 9.874207526445388794e-02 -2.678467659279704094e-03
1.298343986272811890e-01 1.412017792463302612e-01 9.814299941062927246e-01 -3.012542724609375000e-01
0.000000000000000000e+00 0.000000000000000000e+00 0.000000000000000000e+00 1.000000000000000000e+00
1.113900616765022278e-01 9.814276099205017090e-01 -1.561803370714187622e-01 5.412498861551284790e-02
-9.714647531509399414e-01 1.406510472297668457e-01 1.909801959991455078e-01 -3.397558629512786865e-02
2.094001322984695435e-01 1.304503530263900757e-01 9.690895080566406250e-01 -2.988682091236114502e-01
0.000000000000000000e+00 0.000000000000000000e+00 0.000000000000000000e+00 1.000000000000000000e+00
1.870319247245788574e-01 9.722332358360290527e-01 -1.406466215848922729e-01 4.816485941410064697e-02
-9.551740884780883789e-01 2.134293019771575928e-01 2.051599472761154175e-01 -3.801879286766052246e-02
2.294813543558120728e-01 9.597052633762359619e-02 9.685700535774230957e-01 -2.966728806495666504e-01
0.000000000000000000e+00 0.000000000000000000e+00 0.000000000000000000e+00 1.000000000000000000e+00
2.709351181983947754e-01 9.512979388236999512e-01 -1.470590978860855103e-01 4.780660942196846008e-02
-9.383925199508666992e-01 2.950662076473236084e-01 1.798758953809738159e-01 -2.782043814659118652e-02
2.145077139139175415e-01 8.926452696323394775e-02 9.726348519325256348e-01 -2.955923080444335938e-01
0.000000000000000000e+00 0.000000000000000000e+00 0.000000000000000000e+00 1.000000000000000000e+00
3.242125809192657471e-01 9.337660074234008789e-01 -1.515485048294067383e-01 4.752132669091224670e-02
-9.341560006141662598e-01 3.412782549858093262e-01 1.043160185217857361e-01 -1.088249729946255684e-03
1.491269767284393311e-01 1.077493801712989807e-01 9.829300045967102051e-01 -2.950956225395202637e-01
0.000000000000000000e+00 0.000000000000000000e+00 0.000000000000000000e+00 1.000000000000000000e+00
3.625452816486358643e-01 9.127979278564453125e-01 -1.880447864532470703e-01 5.722681432962417603e-02
-9.286837577819824219e-01 3.707570731639862061e-01 9.232973679900169373e-03 3.162888064980506897e-02
7.814680039882659912e-02 1.712868809700012207e-01 9.821169972419738770e-01 -2.907932400703430176e-01
0.000000000000000000e+00 0.000000000000000000e+00 0.000000000000000000e+00 1.000000000000000000e+00
4.044442474842071533e-01 8.921890854835510254e-01 -2.010554075241088867e-01 5.911672115325927734e-02
-9.143593907356262207e-01 3.990967571735382080e-01 -6.832723319530487061e-02 5.803550034761428833e-02
1.927975192666053772e-02 2.114714831113815308e-01 9.771941304206848145e-01 -2.856340110301971436e-01
0.000000000000000000e+00 0.000000000000000000e+00 0.000000000000000000e+00 1.000000000000000000e+00
4.564014077186584473e-01 8.596077561378479004e-01 -2.297219485044479370e-01 6.461460888385772705e-02
-8.887684345245361328e-01 4.281596243381500244e-01 -1.636145114898681641e-01 8.715439587831497192e-02
-4.228668287396430969e-02 2.788435220718383789e-01 9.594049453735351562e-01 -2.750574946403503418e-01
0.000000000000000000e+00 0.000000000000000000e+00 0.000000000000000000e+00 1.000000000000000000e+00
5.329335331916809082e-01 8.186276555061340332e-01 -2.140803188085556030e-01 5.412837117910385132e-02
-8.417567014694213867e-01 4.871450662612915039e-01 -2.326697111129760742e-01 1.058520749211311340e-01
-8.618170768022537231e-02 3.042010962963104248e-01 9.487014412879943848e-01 -2.680308520793914795e-01
0.000000000000000000e+00 0.000000000000000000e+00 0.000000000000000000e+00 1.000000000000000000e+00
5.946792960166931152e-01 7.771495580673217773e-01 -2.059001326560974121e-01 4.729551821947097778e-02
-7.943943738937377930e-01 5.286092162132263184e-01 -2.991817295551300049e-01 1.223499104380607605e-01
-1.236682832241058350e-01 3.414830863475799561e-01 9.317163228988647461e-01 -2.594306468963623047e-01
0.000000000000000000e+00 0.000000000000000000e+00 0.000000000000000000e+00 1.000000000000000000e+00
6.757958531379699707e-01 7.150805592536926270e-01 -1.787723749876022339e-01 3.312353789806365967e-02
-7.191994786262512207e-01 5.865954756736755371e-01 -3.723675012588500977e-01 1.372911334037780762e-01
-1.614058315753936768e-01 3.802174627780914307e-01 9.107046127319335938e-01 -2.491781860589981079e-01
0.000000000000000000e+00 0.000000000000000000e+00 0.000000000000000000e+00 1.000000000000000000e+00
7.365769147872924805e-01 6.553936600685119629e-01 -1.670731753110885620e-01 2.625137381255626678e-02
-6.490340232849121094e-01 6.154231429100036621e-01 -4.472236335277557373e-01 1.524561792612075806e-01
-1.902869045734405518e-01 4.378507137298583984e-01 8.786793947219848633e-01 -2.347287982702255249e-01
0.000000000000000000e+00 0.000000000000000000e+00 0.000000000000000000e+00 1.000000000000000000e+00
7.647271156311035156e-01 6.278908252716064453e-01 -1.447246223688125610e-01 1.738746650516986847e-02
-5.952927470207214355e-01 6.024864912033081055e-01 -5.316354036331176758e-01 1.714966893196105957e-01
-2.466146200895309448e-01 4.927095770835876465e-01 8.345168828964233398e-01 -2.144375145435333252e-01
0.000000000000000000e+00 0.000000000000000000e+00 0.000000000000000000e+00 1.000000000000000000e+00
7.936524748802185059e-01 5.891410708427429199e-01 -1.517514139413833618e-01 1.633948832750320435e-02
-5.355530381202697754e-01 5.582377910614013672e-01 -6.336822509765625000e-01 1.977317035198211670e-01
-2.886150479316711426e-01 5.841943621635437012e-01 7.585632205009460449e-01 -1.864634007215499878e-01
0.000000000000000000e+00 0.000000000000000000e+00 0.000000000000000000e+00 1.000000000000000000e+00
8.180019259452819824e-01 5.565787553787231445e-01 -1.452335715293884277e-01 1.252766139805316925e-02
-4.783023297786712646e-01 5.178914666175842285e-01 -7.092357277870178223e-01 2.174897789955139160e-01
-3.195303082466125488e-01 6.496216654777526855e-01 6.898490786552429199e-01 -1.623433679342269897e-01
0.000000000000000000e+00 0.000000000000000000e+00 0.000000000000000000e+00 1.000000000000000000e+00
8.480433821678161621e-01 5.107490420341491699e-01 -1.412726044654846191e-01 8.208408951759338379e-03
-4.110009074211120605e-01 4.656389951705932617e-01 -7.837464809417724609e-01 2.366945594549179077e-01
-3.345158100128173828e-01 7.227141261100769043e-01 6.048003435134887695e-01 -1.382542550563812256e-01
0.000000000000000000e+00 0.000000000000000000e+00 0.000000000000000000e+00 1.000000000000000000e+00
8.784551620483398438e-01 4.687077701091766357e-01 -9.289455413818359375e-02 -7.396652828902006149e-03
-3.175716400146484375e-01 4.274384081363677979e-01 -8.464304208755493164e-01 2.515811324119567871e-01
-3.570218980312347412e-01 7.730518579483032227e-01 5.243337750434875488e-01 -1.167596653103828430e-01
0.000000000000000000e+00 0.000000000000000000e+00 0.000000000000000000e+00 1.000000000000000000e+00
9.006757736206054688e-01 4.291827976703643799e-01 -6.771513074636459351e-02 -1.473409216850996017e-02
-2.186862677335739136e-01 3.131148517131805420e-01 -9.241943955421447754e-01 2.662696838378906250e-01
-3.754458129405975342e-01 8.472077846527099609e-01 3.758711814880371094e-01 -7.671866565942764282e-02
0.000000000000000000e+00 0.000000000000000000e+00 0.000000000000000000e+00 1.000000000000000000e+00
8.983428478240966797e-01 4.389299154281616211e-01 -1.790893264114856720e-02 -3.288003429770469666e-02
-7.067651301622390747e-02 1.041744351387023926e-01 -9.920445084571838379e-01 2.825320959091186523e-01
-4.335723519325256348e-01 8.924617767333984375e-01 1.246063932776451111e-01 -7.799532730132341385e-03
0.000000000000000000e+00 0.000000000000000000e+00 0.000000000000000000e+00 1.000000000000000000e+00
8.889992833137512207e-01 4.569009542465209961e-01 -3.035974130034446716e-02 -2.662016078829765320e-02
-7.570956647396087646e-02 8.127328008413314819e-02 -9.938123226165771484e-01 2.827233970165252686e-01
-4.516063332557678223e-01 8.857969045639038086e-01 1.068436205387115479e-01 -8.564905263483524323e-03
0.000000000000000000e+00 0.000000000000000000e+00 0.000000000000000000e+00 1.000000000000000000e+00
8.592224717140197754e-01 5.109294652938842773e-01 -2.622920833528041840e-02 -2.444517612457275391e-02
-9.401559084653854370e-02 1.072934120893478394e-01 -9.897723197937011719e-01 2.823942601680755615e-01
-5.028896927833557129e-01 8.529005050659179688e-01 1.402242332696914673e-01 -1.564946025609970093e-02
0.000000000000000000e+00 0.000000000000000000e+00 0.000000000000000000e+00 1.000000000000000000e+00
8.392548561096191406e-01 5.396775007247924805e-01 -6.632766872644424438e-02 -1.327459327876567841e-02
-2.196065187454223633e-01 2.248365730047225952e-01 -9.493268132209777832e-01 2.760471999645233154e-01
-4.974175095558166504e-01 8.112931847572326660e-01 3.072118759155273438e-01 -5.410769581794738770e-02
0.000000000000000000e+00 0.000000000000000000e+00 0.000000000000000000e+00 1.000000000000000000e+00
8.363804817199707031e-01 5.389987826347351074e-01 -9.973981976509094238e-02 -4.273506347090005875e-03
-2.993729710578918457e-01 2.967424392700195312e-01 -9.068182706832885742e-01 2.674089670181274414e-01
-4.591770470142364502e-01 7.883044481277465820e-01 4.095512628555297852e-01 -8.221797645092010498e-02
0.000000000000000000e+00 0.000000000000000000e+00 0.000000000000000000e+00 1.000000000000000000e+00
8.243505954742431641e-01 5.550488829612731934e-01 -1.112058982253074646e-01 -1.310198684222996235e-03
-3.625978529453277588e-01 3.668844103813171387e-01 -8.566905260086059570e-01 2.565082609653472900e-01
-4.347053766250610352e-01 7.465363144874572754e-01 5.037010312080383301e-01 -1.084675639867782593e-01
0.000000000000000000e+00 0.000000000000000000e+00 0.000000000000000000e+00 1.000000000000000000e+00
8.378747701644897461e-01 5.400388836860656738e-01 -7.952275127172470093e-02 -1.438601501286029816e-02
-4.457262456417083740e-01 5.927728414535522461e-01 -6.707818508148193359e-01 2.170828282833099365e-01
-3.151094317436218262e-01 5.974764227867126465e-01 7.373789548873901367e-01 -1.797159910202026367e-01
0.000000000000000000e+00 0.000000000000000000e+00 0.000000000000000000e+00 1.000000000000000000e+00
8.388527035713195801e-01 5.413536429405212402e-01 -5.711483210325241089e-02 -2.195903845131397247e-02
-4.594853520393371582e-01 6.478965282440185547e-01 -6.075383424758911133e-01 1.984612047672271729e-01
-2.918887734413146973e-01 5.358786582946777344e-01 7.922341227531433105e-01 -1.970298737287521362e-01
0.000000000000000000e+00 0.000000000000000000e+00 0.000000000000000000e+00 1.000000000000000000e+00
8.617506027221679688e-01 5.037850141525268555e-01 -5.988766998052597046e-02 -2.164591103792190552e-02
-4.536576569080352783e-01 7.123481035232543945e-01 -5.354948639869689941e-01 1.766995638608932495e-01
-2.271134257316589355e-01 4.886314868927001953e-01 8.424124121665954590e-01 -2.135253250598907471e-01
0.000000000000000000e+00 0.000000000000000000e+00 0.000000000000000000e+00 1.000000000000000000e+00
8.746885657310485840e-01 4.839170873165130615e-01 -2.727493457496166229e-02 -2.973344735801219940e-02
-4.547949135303497314e-01 7.999905943870544434e-01 -3.913774490356445312e-01 1.355182677507400513e-01
-1.675747185945510864e-01 3.547378480434417725e-01 9.198257923126220703e-01 -2.371535599231719971e-01
0.000000000000000000e+00 0.000000000000000000e+00 0.000000000000000000e+00 1.000000000000000000e+00
8.798106908798217773e-01 4.745129048824310303e-01 -2.775927446782588959e-02 -2.778576500713825226e-02
-4.652877449989318848e-01 8.478258848190307617e-01 -2.543587982654571533e-01 9.752529114484786987e-02
-9.716156870126724243e-02 2.367036342620849609e-01 9.667114615440368652e-01 -2.529545426368713379e-01
0.000000000000000000e+00 0.000000000000000000e+00 0.000000000000000000e+00 1.000000000000000000e+00
8.809800744056701660e-01 4.728139638900756836e-01 -1.791724376380443573e-02 -2.636764571070671082e-02
-4.731054604053497314e-01 8.797207474708557129e-01 -4.756601154804229736e-02 3.919707983732223511e-02
-6.727720610797405243e-03 5.038145184516906738e-02 9.987073540687561035e-01 -2.659107446670532227e-01
0.000000000000000000e+00 0.000000000000000000e+00 0.000000000000000000e+00 1.000000000000000000e+00
8.883205056190490723e-01 4.588776826858520508e-01 -1.782852783799171448e-02 -2.493761293590068817e-02
-4.576592445373535156e-01 8.878284692764282227e-01 4.804735630750656128e-02 1.078374683856964111e-02
3.787654265761375427e-02 -3.452205285429954529e-02 9.986859560012817383e-01 -2.685473859310150146e-01
0.000000000000000000e+00 0.000000000000000000e+00 0.000000000000000000e+00 1.000000000000000000e+00
