1.000000000000000000e+00 0.000000000000000000e+00 0.000000000000000000e+00 -4.255350477121360719e-01
0.000000000000000000e+00 -1.000000000000000000e+00 0.000000000000000000e+00 3.076616963927396031e-01
0.000000000000000000e+00 0.000000000000000000e+00 -1.000000000000000000e+00 -5.117628744684824760e+00
0.000000000000000000e+00 0.000000000000000000e+00 0.000000000000000000e+00 1.000000000000000000e+00
9.955154061317443848e-01 -5.202626809477806091e-02 7.900727540254592896e-02 1.697178398598516574e-02
-5.408963188529014587e-02 -9.982426762580871582e-01 2.420308440923690796e-02 3.907272397722492685e-01
7.760922610759735107e-02 -2.836805954575538635e-02 -9.965801239013671875e-01 -5.077890908640817713e+00
0.000000000000000000e+00 0.000000000000000000e+00 0.000000000000000000e+00 1.000000000000000000e+00
9.729707241058349609e-01 -6.398861110210418701e-02 2.218864560127258301e-01 7.878539486068738551e-01
-7.090711593627929688e-02 -9.972094297409057617e-01 2.334756404161453247e-02 3.970371306439203773e-01
2.197733074426651001e-01 -3.844979777932167053e-02 -9.747928380966186523e-01 -4.949980321863919563e+00
0.000000000000000000e+00 0.000000000000000000e+00 0.000000000000000000e+00 1.000000000000000000e+00
9.990707039833068848e-01 -3.665649890899658203e-02 -2.267067506909370422e-02 -5.112108158574056871e-01
-3.678515553474426270e-02 -9.993091821670532227e-01 -5.283825565129518509e-03 2.473087740894308051e-01
-2.246130816638469696e-02 6.112912669777870178e-03 -9.997289776802062988e-01 -4.925209302229493602e+00
0.000000000000000000e+00 0.000000000000000000e+00 0.000000000000000000e+00 1.000000000000000000e+00
9.964475631713867188e-01 -4.899055510759353638e-02 6.850103288888931274e-02 -4.684331714271629601e-03
-4.668134450912475586e-02 -9.982994198799133301e-01 -3.491505607962608337e-02 1.425051099150480560e-01
7.009507715702056885e-02 3.159327059984207153e-02 -9.970400333404541016e-01 -4.914980106020723660e+00
0.000000000000000000e+00 0.000000000000000000e+00 0.000000000000000000e+00 1.000000000000000000e+00
7.139502465724945068e-02 -8.419515192508697510e-02 9.938882589340209961e-01 5.207645070961606670e+00
-3.646848723292350769e-02 -9.959850907325744629e-01 -8.175312727689743042e-02 -4.685232331820878698e-02
9.967811703681945801e-01 -3.040883503854274750e-02 -7.417889684438705444e-02 -3.894893893417616937e-01
0.000000000000000000e+00 0.000000000000000000e+00 0.000000000000000000e+00 1.000000000000000000e+00
4.450481012463569641e-02 -1.013641655445098877e-01 9.938535690307617188e-01 5.172432557035871348e+00
-2.393567748367786407e-02 -9.946617484092712402e-01 -1.003747582435607910e-01 -7.896361115936795239e-02
9.987223744392395020e-01 -1.932140439748764038e-02 -4.669351503252983093e-02 -1.589264297604068288e-01
0.000000000000000000e+00 0.000000000000000000e+00 0.000000000000000000e+00 1.000000000000000000e+00
3.616672754287719727e-02 -9.575102478265762329e-02 9.947479367256164551e-01 5.116758872960675220e+00
-2.310556918382644653e-02 -9.952130317687988281e-01 -9.495574980974197388e-02 -3.082889954090434811e-03
9.990783333778381348e-01 -1.955000124871730804e-02 -3.820602223277091980e-02 -1.188032214227580617e-02
0.000000000000000000e+00 0.000000000000000000e+00 0.000000000000000000e+00 1.000000000000000000e+00
6.089608371257781982e-02 -9.321226924657821655e-02 9.937821626663208008e-01 5.052302000551049943e+00
-2.869281731545925140e-02 -9.953820705413818359e-01 -9.160410612821578979e-02 4.030811463754867957e-02
9.977313280105590820e-01 -2.293608896434307098e-02 -6.328930705785751343e-02 -1.714329639339555802e-02
0.000000000000000000e+00 0.000000000000000000e+00 0.000000000000000000e+00 1.000000000000000000e+00
6.742464005947113037e-02 -9.435532242059707642e-02 9.932525157928466797e-01 5.008384471603521959e+00
-5.268196389079093933e-02 -9.944661855697631836e-01 -9.089448302984237671e-02 6.665904060547117593e-02
9.963323473930358887e-01 -4.619799181818962097e-02 -7.202234119176864624e-02 6.420591712354145608e-02
0.000000000000000000e+00 0.000000000000000000e+00 0.000000000000000000e+00 1.000000000000000000e+00
8.466071635484695435e-02 -8.629459887742996216e-02 9.926658272743225098e-01 4.962080870935792198e+00
-7.665996253490447998e-02 -9.938536882400512695e-01 -7.985979318618774414e-02 1.544932800616587165e-01
9.934567213058471680e-01 -6.933681666851043701e-02 -9.075578302145004272e-02 9.682676376485563341e-02
0.000000000000000000e+00 0.000000000000000000e+00 0.000000000000000000e+00 1.000000000000000000e+00
8.314030617475509644e-02 -7.880415767431259155e-02 9.934170842170715332e-01 4.937187234277993220e+00
-1.068883538246154785e-01 -9.918229579925537109e-01 -6.973208487033843994e-02 2.465637467063147570e-01
9.907888770103454590e-01 -1.003871858119964600e-01 -9.088369458913803101e-02 2.110225471932398733e-01
0.000000000000000000e+00 0.000000000000000000e+00 0.000000000000000000e+00 1.000000000000000000e+00
9.816268831491470337e-02 -9.065914899110794067e-02 9.910320043563842773e-01 4.936726924416786844e+00
-1.032951325178146362e-01 -9.913911223411560059e-01 -8.046051859855651855e-02 2.463941562520621797e-01
9.897949099540710449e-01 -9.447055310010910034e-02 -1.066822558641433716e-01 2.063489388325029650e-01
0.000000000000000000e+00 0.000000000000000000e+00 0.000000000000000000e+00 1.000000000000000000e+00
1.025470495223999023e-01 -9.771944582462310791e-02 9.899168610572814941e-01 4.948077927502823492e+00
-1.340404301881790161e-01 -9.874442219734191895e-01 -8.358993381261825562e-02 2.759020024496078860e-01
9.856557846069335938e-01 -1.241170093417167664e-01 -1.143577769398689270e-01 2.549004686597152736e-01
0.000000000000000000e+00 0.000000000000000000e+00 0.000000000000000000e+00 1.000000000000000000e+00
1.182903125882148743e-01 -1.018569245934486389e-01 9.877413511276245117e-01 4.964409403923342623e+00
-1.467900872230529785e-01 -9.855895042419433594e-01 -8.405566215515136719e-02 3.148409181509947419e-01
9.820690751075744629e-01 -1.350476741790771484e-01 -1.315373033285140991e-01 2.520581544714785571e-01
0.000000000000000000e+00 0.000000000000000000e+00 0.000000000000000000e+00 1.000000000000000000e+00
1.224326491355895996e-01 -1.148439794778823853e-01 9.858097434043884277e-01 4.985197949620643776e+00
-1.724551469087600708e-01 -9.806338548660278320e-01 -9.282287955284118652e-02 3.006902837038296639e-01
9.773787260055541992e-01 -1.586434096097946167e-01 -1.398670673370361328e-01 3.222499272451130325e-01
0.000000000000000000e+00 0.000000000000000000e+00 0.000000000000000000e+00 1.000000000000000000e+00
1.542325913906097412e-01 -1.196016296744346619e-01 9.807692766189575195e-01 5.009919366899336701e+00
-1.877636462450027466e-01 -9.781054258346557617e-01 -8.974971622228622437e-02 3.493805017176726535e-01
9.700295329093933105e-01 -1.703104823827743530e-01 -1.733126640319824219e-01 2.715628919976874056e-01
0.000000000000000000e+00 0.000000000000000000e+00 0.000000000000000000e+00 1.000000000000000000e+00
1.952513605356216431e-01 -1.199687868356704712e-01 9.733881950378417969e-01 5.022533047552923513e+00
-2.140002995729446411e-01 -9.737865328788757324e-01 -7.709176093339920044e-02 4.305305013234689282e-01
9.571211934089660645e-01 -1.932529956102371216e-01 -2.158064395189285278e-01 1.781197173598756400e-01
0.000000000000000000e+00 0.000000000000000000e+00 0.000000000000000000e+00 1.000000000000000000e+00
2.650297284126281738e-01 -1.500588804483413696e-01 9.524921178817749023e-01 5.088045061273710701e+00
-2.260694801807403564e-01 -9.699531793594360352e-01 -8.990618586540222168e-02 3.753068594218421095e-01
9.373643994331359863e-01 -1.915016919374465942e-01 -2.909903824329376221e-01 9.322348972823033333e-03
0.000000000000000000e+00 0.000000000000000000e+00 0.000000000000000000e+00 1.000000000000000000e+00
3.126311004161834717e-01 -2.007010132074356079e-01 9.284291267395019531e-01 5.302244302903320161e+00
-2.400631010532379150e-01 -9.623867273330688477e-01 -1.272049993276596069e-01 1.864724892300887171e-01
9.190382361412048340e-01 -1.831134110689163208e-01 -3.490529060363769531e-01 -3.377632723544837789e-02
0.000000000000000000e+00 0.000000000000000000e+00 0.000000000000000000e+00 1.000000000000000000e+00
3.440770208835601807e-01 -2.202097624540328979e-01 9.127531051635742188e-01 5.386058395433202861e+00
-2.697696983814239502e-01 -9.543067216873168945e-01 -1.285409331321716309e-01 2.068366123705570048e-01
8.993523716926574707e-01 -2.020051926374435425e-01 -3.877610564231872559e-01 -2.356280032999069907e-01
0.000000000000000000e+00 0.000000000000000000e+00 0.000000000000000000e+00 1.000000000000000000e+00
3.347217440605163574e-01 -2.353112846612930298e-01 9.124633669853210449e-01 5.259513262304934322e+00
-1.988539397716522217e-01 -9.641516804695129395e-01 -1.756947040557861328e-01 -6.805536490090201285e-02
9.210962057113647461e-01 -1.226381883025169373e-01 -3.695150613784790039e-01 -2.685066891866179639e-01
0.000000000000000000e+00 0.000000000000000000e+00 0.000000000000000000e+00 1.000000000000000000e+00
3.327513933181762695e-01 -2.375211715698242188e-01 9.126116633415222168e-01 5.186844223880084037e+00
-1.666319519281387329e-01 -9.673412442207336426e-01 -1.910089552402496338e-01 -1.707906852447345358e-01
9.281758666038513184e-01 -8.851176500320434570e-02 -3.614628612995147705e-01 -2.745062925219986516e-01
0.000000000000000000e+00 0.000000000000000000e+00 0.000000000000000000e+00 1.000000000000000000e+00
2.796575129032135010e-01 -2.588627338409423828e-01 9.245443940162658691e-01 4.903861990783203062e+00
-6.034717708826065063e-02 -9.658020734786987305e-01 -2.521606385707855225e-01 -5.732139896811533353e-01
9.582012891769409180e-01 1.472488790750503540e-02 -2.857152223587036133e-01 -4.529369662261524543e-02
0.000000000000000000e+00 0.000000000000000000e+00 0.000000000000000000e+00 1.000000000000000000e+00
2.588033676147460938e-01 -3.090327382087707520e-01 9.151608347892761230e-01 4.619587318705331569e+00
-2.695202082395553589e-02 -9.493818283081054688e-01 -3.129664957523345947e-01 -1.010394867637109506e+00
9.655541181564331055e-01 5.633134767413139343e-02 -2.540323138236999512e-01 4.185711072576184938e-02
0.000000000000000000e+00 0.000000000000000000e+00 0.000000000000000000e+00 1.000000000000000000e+00
2.665359377861022949e-01 -3.656724095344543457e-01 8.917633891105651855e-01 4.371171181634267988e+00
1.576318778097629547e-02 -9.234563708305358887e-01 -3.833795487880706787e-01 -1.374372192182831354e+00
9.636961221694946289e-01 1.162414848804473877e-01 -2.403703182935714722e-01 6.933092552233592609e-02
0.000000000000000000e+00 0.000000000000000000e+00 0.000000000000000000e+00 1.000000000000000000e+00
2.924160063266754150e-01 -3.933626711368560791e-01 8.716413378715515137e-01 4.179650930683671994e+00
6.920456141233444214e-02 -9.003867506980895996e-01 -4.295516908168792725e-01 -1.605146457799610626e+00
9.537838101387023926e-01 1.859293580055236816e-01 -2.360648959875106812e-01 3.596582033441957094e-02
0.000000000000000000e+00 0.000000000000000000e+00 0.000000000000000000e+00 1.000000000000000000e+00
3.462752103805541992e-01 -4.439494311809539795e-01 8.264393806457519531e-01 3.874259940541813219e+00
1.281699389219284058e-01 -8.502923846244812012e-01 -5.104655623435974121e-01 -2.009928168242319568e+00
9.293364882469177246e-01 2.826862037181854248e-01 -2.375342249870300293e-01 -4.158535320459803147e-02
0.000000000000000000e+00 0.000000000000000000e+00 0.000000000000000000e+00 1.000000000000000000e+00
3.534660041332244873e-01 -4.888854324817657471e-01 7.975291013717651367e-01 3.678225478400630077e+00
1.484820842742919922e-01 -8.124341964721679688e-01 -5.638297200202941895e-01 -2.279315784498629149e+00
9.235882163047790527e-01 3.177134394645690918e-01 -2.145771831274032593e-01 1.992593136207981494e-02
0.000000000000000000e+00 0.000000000000000000e+00 0.000000000000000000e+00 1.000000000000000000e+00
3.715259134769439697e-01 -5.354018211364746094e-01 7.584939002990722656e-01 3.432882703290809356e+00
1.702731996774673462e-01 -7.638199329376220703e-01 -6.225645542144775391e-01 -2.541446972929984671e+00
9.126747846603393555e-01 3.604499697685241699e-01 -1.926143616437911987e-01 7.186147650419913435e-02
0.000000000000000000e+00 0.000000000000000000e+00 0.000000000000000000e+00 1.000000000000000000e+00
3.973852694034576416e-01 -5.503033399581909180e-01 7.343370318412780762e-01 3.253244399042021229e+00
1.743812710046768188e-01 -7.403679490089416504e-01 -6.491885185241699219e-01 -2.656751617020789880e+00
9.009304046630859375e-01 3.860326111316680908e-01 -1.982488036155700684e-01 8.153574864970808758e-03
0.000000000000000000e+00 0.000000000000000000e+00 0.000000000000000000e+00 1.000000000000000000e+00
4.052221775054931641e-01 -5.667318105697631836e-01 7.173634171485900879e-01 3.097777917970399475e+00
1.850248128175735474e-01 -7.175962328910827637e-01 -6.714320182800292969e-01 -2.750210590008902667e+00
8.952992558479309082e-01 4.048090279102325439e-01 -1.859266608953475952e-01 1.757574694625227418e-02
0.000000000000000000e+00 0.000000000000000000e+00 0.000000000000000000e+00 1.000000000000000000e+00
3.958528041839599609e-01 -6.060829758644104004e-01 6.899012923240661621e-01 2.899441708113762228e+00
1.848163753747940063e-01 -6.833170652389526367e-01 -7.063431143760681152e-01 -2.884490119261971852e+00
8.995239734649658203e-01 4.071129262447357178e-01 -1.584789901971817017e-01 7.656678077024968443e-02
0.000000000000000000e+00 0.000000000000000000e+00 0.000000000000000000e+00 1.000000000000000000e+00
3.309103548526763916e-01 -6.831551194190979004e-01 6.509972214698791504e-01 2.599147856047069993e+00
1.557961702346801758e-01 -6.408452391624450684e-01 -7.516942620277404785e-01 -3.035279296597354293e+00
9.307124018669128418e-01 3.501664102077484131e-01 -1.056294217705726624e-01 1.702261844772923749e-01
0.000000000000000000e+00 0.000000000000000000e+00 0.000000000000000000e+00 1.000000000000000000e+00
2.285806089639663696e-01 -7.399107217788696289e-01 6.326793432235717773e-01 2.466129813905013179e+00
1.415600478649139404e-01 -6.177160143852233887e-01 -7.735552191734313965e-01 -3.094004120778425015e+00
9.631782174110412598e-01 2.663818895816802979e-01 -3.645604103803634644e-02 3.661138856484494886e-01
0.000000000000000000e+00 0.000000000000000000e+00 0.000000000000000000e+00 1.000000000000000000e+00
2.749229073524475098e-01 -7.757647633552551270e-01 5.679842233657836914e-01 2.163704250998321310e+00
1.347710043191909790e-01 -5.538222193717956543e-01 -8.216553330421447754e-01 -3.233525825394825581e+00
9.519738554954528809e-01 3.024397492408752441e-01 -4.770791530609130859e-02 1.752762375162791875e-01
0.000000000000000000e+00 0.000000000000000000e+00 0.000000000000000000e+00 1.000000000000000000e+00
4.250167012214660645e-01 -7.452419400215148926e-01 5.137847065925598145e-01 1.906244414020516809e+00
1.235752105712890625e-01 -5.145171880722045898e-01 -8.485288619995117188e-01 -3.279121699650950461e+00
8.967104554176330566e-01 4.241299629211425781e-01 -1.265848577022552490e-01 -2.243948058087369135e-01
0.000000000000000000e+00 0.000000000000000000e+00 0.000000000000000000e+00 1.000000000000000000e+00
5.648149251937866211e-01 -7.084098458290100098e-01 4.232485890388488770e-01 1.490541157687710783e+00
5.110853537917137146e-02 -4.818792641162872314e-01 -8.747458457946777344e-01 -3.279866727034066454e+00
8.236333131790161133e-01 5.157008767127990723e-01 -2.359666377305984497e-01 -6.979272537869019022e-01
0.000000000000000000e+00 0.000000000000000000e+00 0.000000000000000000e+00 1.000000000000000000e+00
6.623076796531677246e-01 -6.730201840400695801e-01 3.292299211025238037e-01 1.174961546064071882e+00
-1.482994388788938522e-02 -4.511130154132843018e-01 -8.923438787460327148e-01 -3.235527379653380997e+00
7.490853071212768555e-01 5.861234068870544434e-01 -3.087565302848815918e-01 -9.685706528833147866e-01
0.000000000000000000e+00 0.000000000000000000e+00 0.000000000000000000e+00 1.000000000000000000e+00
6.584166288375854492e-01 -7.205731868743896484e-01 2.173976749181747437e-01 8.462159811581102531e-01
-9.035483747720718384e-02 -3.624255955219268799e-01 -9.276228547096252441e-01 -3.396130085456487091e+00
7.472105622291564941e-01 5.911194086074829102e-01 -3.037345111370086670e-01 -8.981632834704850188e-01
0.000000000000000000e+00 0.000000000000000000e+00 0.000000000000000000e+00 1.000000000000000000e+00
6.488469243049621582e-01 -7.553625702857971191e-01 9.178590029478073120e-02 3.997244434168557570e-01
-1.634871065616607666e-01 -2.561980485916137695e-01 -9.526984095573425293e-01 -3.609349184536803978e+00
7.431481480598449707e-01 6.031500697135925293e-01 -2.897253930568695068e-01 -7.935854960235233513e-01
0.000000000000000000e+00 0.000000000000000000e+00 0.000000000000000000e+00 1.000000000000000000e+00
6.588432788848876953e-01 -7.519569993019104004e-01 -2.205626294016838074e-02 -8.131894207353168591e-02
-2.012047469615936279e-01 -1.478872746229171753e-01 -9.683207273483276367e-01 -3.786177217719159493e+00
7.248740196228027344e-01 6.424095034599304199e-01 -2.487318068742752075e-01 -6.176762968787740116e-01
0.000000000000000000e+00 0.000000000000000000e+00 0.000000000000000000e+00 1.000000000000000000e+00
6.733573675155639648e-01 -7.272768616676330566e-01 -1.328848749399185181e-01 -6.146016685340223162e-01
-2.292240858078002930e-01 -3.449063375592231750e-02 -9.727626442909240723e-01 -3.887119202093216597e+00
7.028843164443969727e-01 6.854771971702575684e-01 -1.899338811635971069e-01 -4.064003204819582327e-01
0.000000000000000000e+00 0.000000000000000000e+00 0.000000000000000000e+00 1.000000000000000000e+00
6.848368048667907715e-01 -6.875513195991516113e-01 -2.413951754570007324e-01 -1.173588472142051975e+00
-2.409123182296752930e-01 9.901424497365951538e-02 -9.654831290245056152e-01 -3.952051066661345313e+00
6.877206563949584961e-01 7.193533778190612793e-01 -9.783095866441726685e-02 -6.057315668038373152e-02
0.000000000000000000e+00 0.000000000000000000e+00 0.000000000000000000e+00 1.000000000000000000e+00
6.551157236099243164e-01 -7.475570440292358398e-01 -1.094611063599586487e-01 -5.120292547270072214e-01
-2.959902286529541016e-01 -1.206448897719383240e-01 -9.475413560867309570e-01 -3.642947042578704941e+00
6.951353549957275391e-01 6.531485319137573242e-01 -3.003059029579162598e-01 -1.025709888161010719e+00
0.000000000000000000e+00 0.000000000000000000e+00 0.000000000000000000e+00 1.000000000000000000e+00
6.355475783348083496e-01 -7.709040641784667969e-01 -4.225840419530868530e-02 -1.927893767686458537e-01
-3.716917932033538818e-01 -2.575376033782958984e-01 -8.919190168380737305e-01 -3.284582720607777340e+00
6.767008900642395020e-01 5.825642943382263184e-01 -4.502163529396057129e-01 -1.591257396952477476e+00
0.000000000000000000e+00 0.000000000000000000e+00 0.000000000000000000e+00 1.000000000000000000e+00
6.305617094039916992e-01 -7.744588851928710938e-01 5.104560777544975281e-02 2.043201544040876838e-01
-4.412052631378173828e-01 -4.117826223373413086e-01 -7.973538637161254883e-01 -2.736724701532099235e+00
6.385372877120971680e-01 4.802589714527130127e-01 -6.013496518135070801e-01 -2.114228326881313347e+00
0.000000000000000000e+00 0.000000000000000000e+00 0.000000000000000000e+00 1.000000000000000000e+00
6.215848326683044434e-01 -7.733146548271179199e-01 1.249664276838302612e-01 4.937782478549238574e-01
-5.120865702629089355e-01 -5.218581557273864746e-01 -6.822252869606018066e-01 -2.148885596459896519e+00
5.927896499633789062e-01 3.600671887397766113e-01 -7.203832268714904785e-01 -2.465816371830785947e+00
0.000000000000000000e+00 0.000000000000000000e+00 0.000000000000000000e+00 1.000000000000000000e+00
6.242091059684753418e-01 -7.662662863731384277e-01 1.523116976022720337e-01 5.827511341881500551e-01
-5.694994330406188965e-01 -5.797485113143920898e-01 -5.827193260192871094e-01 -1.707160944309335848e+00
5.348207354545593262e-01 2.769972383975982666e-01 -7.982726693153381348e-01 -2.680654293392819021e+00
0.000000000000000000e+00 0.000000000000000000e+00 0.000000000000000000e+00 1.000000000000000000e+00
6.125641465187072754e-01 -7.792133092880249023e-01 1.326332241296768188e-01 4.668847434186640388e-01
-6.608662605285644531e-01 -5.969525575637817383e-01 -4.548660516738891602e-01 -1.231059677131859376e+00
4.336134791374206543e-01 1.909817308187484741e-01 -8.806277513504028320e-01 -2.902602415035103967e+00
0.000000000000000000e+00 0.000000000000000000e+00 0.000000000000000000e+00 1.000000000000000000e+00
5.969426631927490234e-01 -7.844683527946472168e-01 1.681334972381591797e-01 5.331874682921972086e-01
-7.085633873939514160e-01 -6.137959957122802734e-01 -3.481269180774688721e-01 -8.280151403916462538e-01
3.762941956520080566e-01 8.867854624986648560e-02 -9.222465753555297852e-01 -2.990080931197149461e+00
0.000000000000000000e+00 0.000000000000000000e+00 0.000000000000000000e+00 1.000000000000000000e+00
5.876495838165283203e-01 -7.806071043014526367e-01 2.128862589597702026e-01 6.356115710555693132e-01
-7.505385279655456543e-01 -6.241883039474487305e-01 -2.169812321662902832e-01 -3.237593280880990410e-01
3.022581934928894043e-01 -3.227039426565170288e-02 -9.526794552803039551e-01 -3.025308524239027630e+00
0.000000000000000000e+00 0.000000000000000000e+00 0.000000000000000000e+00 1.000000000000000000e+00
5.749717354774475098e-01 -7.882665991783142090e-01 2.191871255636215210e-01 6.338445863372774713e-01
-7.796621322631835938e-01 -6.091043353080749512e-01 -1.453229337930679321e-01 -6.295544289351971690e-02
2.480610907077789307e-01 -8.733535557985305786e-02 -9.647995233535766602e-01 -3.039209088409762671e+00
0.000000000000000000e+00 0.000000000000000000e+00 0.000000000000000000e+00 1.000000000000000000e+00
5.453795194625854492e-01 -8.056573271751403809e-01 2.312525212764739990e-01 6.383209013280846111e-01
-8.263006806373596191e-01 -5.630795955657958984e-01 -1.298000197857618332e-02 3.987785453478315811e-01
1.406709253787994385e-01 -1.840051561594009399e-01 -9.728071689605712891e-01 -3.034444682936856097e+00
0.000000000000000000e+00 0.000000000000000000e+00 0.000000000000000000e+00 1.000000000000000000e+00
5.334529876708984375e-01 -8.096103072166442871e-01 2.448653131723403931e-01 6.439567209865163511e-01
-8.453532457351684570e-01 -5.200374722480773926e-01 1.222249045968055725e-01 8.715784285347586424e-01
2.838455699384212494e-02 -2.721989452838897705e-01 -9.618222713470458984e-01 -2.969713608704736441e+00
0.000000000000000000e+00 0.000000000000000000e+00 0.000000000000000000e+00 1.000000000000000000e+00
5.356577038764953613e-01 -8.045399188995361328e-01 2.564881443977355957e-01 6.479619128025675412e-01
-8.409086465835571289e-01 -4.804889857769012451e-01 2.490037977695465088e-01 1.302279353942411566e+00
-7.709382474422454834e-02 -3.490637838840484619e-01 -9.339222908020019531e-01 -2.819636919607108716e+00
0.000000000000000000e+00 0.000000000000000000e+00 0.000000000000000000e+00 1.000000000000000000e+00
4.975352585315704346e-01 -8.196843266487121582e-01 2.838594019412994385e-01 7.266687483767139133e-01
-8.436052799224853516e-01 -3.810334503650665283e-01 3.783431351184844971e-01 1.743058287578559185e+00
-2.019620835781097412e-01 -4.277043342590332031e-01 -8.810677528381347656e-01 -2.561895539658161525e+00
0.000000000000000000e+00 0.000000000000000000e+00 0.000000000000000000e+00 1.000000000000000000e+00
4.769689142704010010e-01 -8.266414403915405273e-01 2.986045777797698975e-01 7.800488195227965882e-01
-8.242964744567871094e-01 -3.028158843517303467e-01 4.783702492713928223e-01 2.084712369540587584e+00
-3.050184249877929688e-01 -4.743062257766723633e-01 -8.258312940597534180e-01 -2.318318211593604961e+00
0.000000000000000000e+00 0.000000000000000000e+00 0.000000000000000000e+00 1.000000000000000000e+00
4.532185196876525879e-01 -8.373213410377502441e-01 3.057537376880645752e-01 8.521463396048870598e-01
-8.045648336410522461e-01 -2.365859448909759521e-01 5.447038412094116211e-01 2.304310926796491632e+00
-3.837552666664123535e-01 -4.928686916828155518e-01 -7.809048295021057129e-01 -2.116708047849138463e+00
0.000000000000000000e+00 0.000000000000000000e+00 0.000000000000000000e+00 1.000000000000000000e+00
4.073827266693115234e-01 -8.667523264884948730e-01 2.877140641212463379e-01 8.769864057184945105e-01
-7.843135595321655273e-01 -1.706532537937164307e-01 5.964310169219970703e-01 2.452351538395973751e+00
-4.678587615489959717e-01 -4.686338305473327637e-01 -7.493270039558410645e-01 -1.923752304723617579e+00
0.000000000000000000e+00 0.000000000000000000e+00 0.000000000000000000e+00 1.000000000000000000e+00
3.677076995372772217e-01 -8.874342441558837891e-01 2.779409289360046387e-01 9.437454226624193421e-01
-7.753731608390808105e-01 -1.275685131549835205e-01 6.184840202331542969e-01 2.480872297714423969e+00
-5.134074091911315918e-01 -4.429293870925903320e-01 -7.350008487701416016e-01 -1.792231460087018391e+00
0.000000000000000000e+00 0.000000000000000000e+00 0.000000000000000000e+00 1.000000000000000000e+00
2.670211493968963623e-01 -9.349022507667541504e-01 2.337895035743713379e-01 9.306608172434992499e-01
-7.702968120574951172e-01 -6.128070503473281860e-02 6.347340345382690430e-01 2.461768644836675790e+00
-5.790873765945434570e-01 -3.495747745037078857e-01 -7.365154623985290527e-01 -1.718565811130771337e+00
0.000000000000000000e+00 0.000000000000000000e+00 0.000000000000000000e+00 1.000000000000000000e+00
8.251865208148956299e-02 -9.784982204437255859e-01 1.890293061733245850e-01 9.367321455852704037e-01
-7.821600437164306641e-01 5.395481362938880920e-02 6.207373738288879395e-01 2.244298822279427341e+00
-6.175892353057861328e-01 -1.990735232830047607e-01 -7.608898878097534180e-01 -1.774588298971484956e+00
0.000000000000000000e+00 0.000000000000000000e+00 0.000000000000000000e+00 1.000000000000000000e+00
-8.558798581361770630e-02 -9.810591936111450195e-01 1.737747788429260254e-01 9.132336247848291677e-01
-7.879019379615783691e-01 1.733999997377395630e-01 5.908833742141723633e-01 2.023355644364301487e+00
-6.098240017890930176e-01 -8.634499460458755493e-02 -7.878194451332092285e-01 -1.872418628365673188e+00
0.000000000000000000e+00 0.000000000000000000e+00 0.000000000000000000e+00 1.000000000000000000e+00
-2.081313878297805786e-01 -9.585949182510375977e-01 1.943617314100265503e-01 9.638585826840544435e-01
-7.478037476539611816e-01 2.840371429920196533e-01 6.000936627388000488e-01 2.082179078028569830e+00
-6.304529309272766113e-01 -2.044602856040000916e-02 -7.759581804275512695e-01 -1.808136356248229548e+00
0.000000000000000000e+00 0.000000000000000000e+00 0.000000000000000000e+00 1.000000000000000000e+00
-2.603379487991333008e-01 -9.532433152198791504e-01 1.534638106822967529e-01 9.276182087428109790e-01
-7.054826021194458008e-01 2.963200211524963379e-01 6.438078880310058594e-01 2.272648354265886184e+00
-6.591801047325134277e-01 5.934156849980354309e-02 -7.496401667594909668e-01 -1.687735863743506926e+00
0.000000000000000000e+00 0.000000000000000000e+00 0.000000000000000000e+00 1.000000000000000000e+00
-3.545280396938323975e-01 -9.265506863594055176e-01 1.257518529891967773e-01 9.941986572060954597e-01
-6.902358531951904297e-01 3.500547111034393311e-01 6.332741975784301758e-01 2.198861477152226573e+00
-6.307806968688964844e-01 1.377150863409042358e-01 -7.636427879333496094e-01 -1.632048886236974194e+00
0.000000000000000000e+00 0.000000000000000000e+00 0.000000000000000000e+00 1.000000000000000000e+00
2.165445238351821899e-01 -9.269486069679260254e-01 3.063901066780090332e-01 9.134043560932636474e-01
-7.331122159957885742e-01 5.285781249403953552e-02 6.780503392219543457e-01 2.450910689166629020e+00
-6.447131037712097168e-01 -3.714464306831359863e-01 -6.681113243103027344e-01 -1.391728448849874455e+00
0.000000000000000000e+00 0.000000000000000000e+00 0.000000000000000000e+00 1.000000000000000000e+00
5.310608148574829102e-01 -7.810953855514526367e-01 3.284266293048858643e-01 7.658278241340236159e-01
-7.673641443252563477e-01 -2.789688408374786377e-01 5.773460268974304199e-01 2.334486619111632244e+00
-3.593417108058929443e-01 -5.586286783218383789e-01 -7.475342154502868652e-01 -2.134493270111492702e+00
0.000000000000000000e+00 0.000000000000000000e+00 0.000000000000000000e+00 1.000000000000000000e+00
5.882264375686645508e-01 -7.405433654785156250e-01 3.249389827251434326e-01 7.253971423851318656e-01
-7.715486884117126465e-01 -3.935288488864898682e-01 4.998478591442108154e-01 2.103547971287952567e+00
-2.422860562801361084e-01 -5.447296500205993652e-01 -8.028490543365478516e-01 -2.520867050317970204e+00
0.000000000000000000e+00 0.000000000000000000e+00 0.000000000000000000e+00 1.000000000000000000e+00
5.968483090400695801e-01 -7.478978037834167480e-01 2.905527055263519287e-01 5.985238896736874148e-01
-7.720282673835754395e-01 -4.366945624351501465e-01 4.618120193481445312e-01 1.990910148250799372e+00
-2.185054272413253784e-01 -4.999464750289916992e-01 -8.380385637283325195e-01 -2.727980099407502745e+00
0.000000000000000000e+00 0.000000000000000000e+00 0.000000000000000000e+00 1.000000000000000000e+00
6.242101192474365234e-01 -7.500059604644775391e-01 2.187528461217880249e-01 3.184883837238620119e-01
-7.587762475013732910e-01 -5.153132081031799316e-01 3.983848392963409424e-01 1.759126673104267846e+00
-1.860648095607757568e-01 -4.146603643894195557e-01 -8.907505869865417480e-01 -2.999288517287233446e+00
0.000000000000000000e+00 0.000000000000000000e+00 0.000000000000000000e+00 1.000000000000000000e+00
6.393474936485290527e-01 -7.543673515319824219e-01 1.488777548074722290e-01 4.358999534792445951e-02
-7.440354228019714355e-01 -5.580934882164001465e-01 3.673456311225891113e-01 1.659555598637970641e+00
-1.940259039402008057e-01 -3.456317186355590820e-01 -9.180918931961059570e-01 -3.160819382370823494e+00
0.000000000000000000e+00 0.000000000000000000e+00 0.000000000000000000e+00 1.000000000000000000e+00
6.490103602409362793e-01 -7.573579549789428711e-01 7.207039743661880493e-02 -2.677869264800161186e-01
-7.309012413024902344e-01 -5.944297313690185547e-01 3.353154957294464111e-01 1.544357698816704039e+00
-2.111131846904754639e-01 -2.702995538711547852e-01 -9.393451809883117676e-01 -3.288727389825222946e+00
0.000000000000000000e+00 0.000000000000000000e+00 0.000000000000000000e+00 1.000000000000000000e+00
6.656085252761840820e-01 -7.460913062095642090e-01 1.768531836569309235e-02 -5.122235967567707604e-01
-7.203117012977600098e-01 -6.360498666763305664e-01 2.767512798309326172e-01 1.317997150017796493e+00
-1.952330768108367920e-01 -1.969469040632247925e-01 -9.607787728309631348e-01 -3.421260717747053093e+00
0.000000000000000000e+00 0.000000000000000000e+00 0.000000000000000000e+00 1.000000000000000000e+00
7.075809240341186523e-01 -7.046318650245666504e-01 -5.313021317124366760e-02 -8.673278534994746103e-01
-6.822661161422729492e-01 -7.008224725723266602e-01 2.082318067550659180e-01 1.039778330346707635e+00
-1.839617043733596802e-01 -1.110918745398521423e-01 -9.766353368759155273e-01 -3.543046008819141335e+00
0.000000000000000000e+00 0.000000000000000000e+00 0.000000000000000000e+00 1.000000000000000000e+00
7.426031827926635742e-01 -6.628616452217102051e-01 -9.567949175834655762e-02 -1.089502261088615587e+00
-6.478205919265747070e-01 -7.471838593482971191e-01 1.484741270542144775e-01 7.897540353004106617e-01
-1.699080467224121094e-01 -4.827415198087692261e-02 -9.842768311500549316e-01 -3.612268675567634091e+00
0.000000000000000000e+00 0.000000000000000000e+00 0.000000000000000000e+00 1.000000000000000000e+00
7.699139714241027832e-01 -6.165216565132141113e-01 -1.647219359874725342e-01 -1.430396335756096260e+00
-6.151032447814941406e-01 -7.857024073600769043e-01 6.572207808494567871e-02 4.241296149302047902e-01
-1.699415147304534912e-01 5.072073638439178467e-02 -9.841479659080505371e-01 -3.642299132185187194e+00
0.000000000000000000e+00 0.000000000000000000e+00 0.000000000000000000e+00 1.000000000000000000e+00
7.920430302619934082e-01 -5.734139084815979004e-01 -2.094381153583526611e-01 -1.672070223021738355e+00
-5.887305736541748047e-01 -8.082140088081359863e-01 -1.364979892969131470e-02 7.418366216758154330e-02
-1.614438295364379883e-01 1.341138631105422974e-01 -9.777265787124633789e-01 -3.661133741885437054e+00
0.000000000000000000e+00 0.000000000000000000e+00 0.000000000000000000e+00 1.000000000000000000e+00
8.268710970878601074e-01 -5.113282799720764160e-01 -2.341521382331848145e-01 -1.833754458589256231e+00
-5.437889695167541504e-01 -8.331255316734313965e-01 -1.009715199470520020e-01 -3.338624103074166460e-01
-1.434484869241714478e-01 2.108198404312133789e-01 -9.669423103332519531e-01 -3.657315550950501315e+00
0.000000000000000000e+00 0.000000000000000000e+00 0.000000000000000000e+00 1.000000000000000000e+00
8.430605530738830566e-01 -4.900003373622894287e-01 -2.216945290565490723e-01 -1.840843230451831403e+00
-5.311233401298522949e-01 -8.233808875083923340e-01 -1.998794078826904297e-01 -7.806198910789358125e-01
-8.459796756505966187e-02 2.862576246261596680e-01 -9.544106125831604004e-01 -3.658573863510746538e+00
0.000000000000000000e+00 0.000000000000000000e+00 0.000000000000000000e+00 1.000000000000000000e+00
8.528548479080200195e-01 -4.883453249931335449e-01 -1.848166286945343018e-01 -1.736112419737432244e+00
-5.220072865486145020e-01 -8.056399822235107422e-01 -2.800934314727783203e-01 -1.169995010626131648e+00
-1.211320236325263977e-02 3.353547453880310059e-01 -9.420139789581298828e-01 -3.666243578163671746e+00
0.000000000000000000e+00 0.000000000000000000e+00 0.000000000000000000e+00 1.000000000000000000e+00
8.625856637954711914e-01 -4.874012470245361328e-01 -1.355947852134704590e-01 -1.577764240207121471e+00
-5.007072091102600098e-01 -7.841353416442871094e-01 -3.666386008262634277e-01 -1.573830407326158642e+00
7.237552106380462646e-02 3.841505050659179688e-01 -9.204292893409729004e-01 -3.647036355567152111e+00
0.000000000000000000e+00 0.000000000000000000e+00 0.000000000000000000e+00 1.000000000000000000e+00
8.776435256004333496e-01 -4.705933332443237305e-01 -9.101420640945434570e-02 -1.439328331157725627e+00
-4.580582380294799805e-01 -7.675453424453735352e-01 -4.483932554721832275e-01 -1.990146550366406641e+00
1.411534845829010010e-01 4.352192580699920654e-01 -8.891904950141906738e-01 -3.594552698193883788e+00
0.000000000000000000e+00 0.000000000000000000e+00 0.000000000000000000e+00 1.000000000000000000e+00
8.974995613098144531e-01 -4.393685162067413330e-01 -3.807509690523147583e-02 -1.256062507429440478e+00
-3.872525393962860107e-01 -7.438355088233947754e-01 -5.447419285774230957e-01 -2.486595497503425900e+00
2.110210508108139038e-01 5.036502480506896973e-01 -8.377388119697570801e-01 -3.524814166945763549e+00
0.000000000000000000e+00 0.000000000000000000e+00 0.000000000000000000e+00 1.000000000000000000e+00
9.313911199569702148e-01 -3.635876476764678955e-01 -1.773589849472045898e-02 -1.185427363999082884e+00
-2.967131435871124268e-01 -7.300508022308349609e-01 -6.156190633773803711e-01 -2.840863260119041112e+00
2.108834832906723022e-01 5.786446332931518555e-01 -7.878441214561462402e-01 -3.443148848466252687e+00
0.000000000000000000e+00 0.000000000000000000e+00 0.000000000000000000e+00 1.000000000000000000e+00
9.500961303710937500e-01 -3.078194260597229004e-01 5.064039304852485657e-02 -8.991013864998559368e-01
-1.953390240669250488e-01 -7.136006355285644531e-01 -6.727677583694458008e-01 -3.149758160669909213e+00
2.432281076908111572e-01 6.293020248413085938e-01 -7.381184101104736328e-01 -3.373597615713381792e+00
0.000000000000000000e+00 0.000000000000000000e+00 0.000000000000000000e+00 1.000000000000000000e+00
9.440677762031555176e-01 -3.126419782638549805e-01 1.048378124833106995e-01 -6.622936887410858509e-01
-1.429864317178726196e-01 -6.746109127998352051e-01 -7.241925597190856934e-01 -3.383181886515833625e+00
2.971377670764923096e-01 6.686964631080627441e-01 -6.815820336341857910e-01 -3.235319144541084047e+00
0.000000000000000000e+00 0.000000000000000000e+00 0.000000000000000000e+00 1.000000000000000000e+00
