1 0 0 -0.01792658120393753 
0 1 0 0.02243540808558464 
0 0 1 -0.3816788792610168 
0 0 0 1 

0.999328076839447 0.03383150324225426 0.01409729942679405 -0.02000464871525764 
-0.03385690972208977 0.9994254112243652 0.001567526487633586 0.01893361657857895 
-0.01403616555035114 -0.002043781103566289 0.9998993873596191 -0.3678403198719025 
0 0 0 1 

0.7245851755142212 0.6850106716156006 -0.07573892176151276 -0.01108748000115156 
-0.6838093996047974 0.7008796334266663 -0.2029090821743011 0.07613105326890945 
-0.0859111100435257 0.1988158822059631 0.9762640595436096 -0.2706556022167206 
0 0 0 1 

0.7627121806144714 0.6458324790000916 -0.03421040251851082 -0.02725503407418728 
-0.6429136395454407 0.751396656036377 -0.1485427767038345 0.05836547166109085 
-0.0702282041311264 0.1352897137403488 0.9883140921592712 -0.2775093615055084 
0 0 0 1 

0.787080705165863 0.6161811947822571 0.02871374785900116 -0.05061011388897896 
-0.6137052178382874 0.7869136929512024 -0.06428446620702744 0.03046881966292858 
-0.06220613420009613 0.03297526761889458 0.9975184202194214 -0.2836248874664307 
0 0 0 1 

0.8118143081665039 0.5791295170783997 0.07460738718509674 -0.06849727779626846 
-0.5814877152442932 0.8134520053863525 0.01294721383601427 0.004106690175831318 
-0.0531914047896862 -0.0538940392434597 0.9971289038658142 -0.287420392036438 
0 0 0 1 

0.8406049013137817 0.5333064198493958 0.09469664096832275 -0.07908135652542114 
-0.5411763787269592 0.8342352509498596 0.1057326942682266 -0.02741228044033051 
-0.02261130139231682 -0.140127032995224 0.989875316619873 -0.2893346548080444 
0 0 0 1 

0.9826272130012512 0.1847936809062958 0.01717637106776237 -0.02573221363127232 
-0.1836666762828827 0.9815594553947449 -0.05298566818237305 0.002021659864112735 
-0.02665106393396854 0.04891042411327362 0.9984475374221802 -0.2326283603906631 
0 0 0 1 

0.9633941054344177 0.2403023540973663 -0.1188548058271408 0.001076926942914724 
-0.2459658682346344 0.9686350226402283 -0.03531013429164886 -0.02735569514334202 
0.1066417992115021 0.06325186043977737 0.9922835826873779 -0.3116947710514069 
0 0 0 1 

0.9715090990066528 -0.09191075712442398 0.2184543609619141 -0.02818099409341812 
0.05990507453680038 0.9870405793190002 0.1488697677850723 -0.01930764503777027 
-0.22930608689785 -0.1315417736768723 0.9644248485565186 -0.2003910094499588 
0 0 0 1 

