0.8427730202674866 -0.08131690323352814 -0.5320913195610046 0.126391738653183 
-0.4809142053127289 -0.5577682256698608 -0.6764732599258423 0.2220024615526199 
-0.2417749315500259 0.8260036706924438 -0.5091785192489624 0.2138985991477966 
0 0 0 1 

0.874066174030304 -0.01690928265452385 -0.4855124950408936 0.1102612540125847 
-0.4313479065895081 -0.4867705702781677 -0.759600818157196 0.2496469169855118 
-0.2234888821840286 0.8733661770820618 -0.432763397693634 0.1879620999097824 
0 0 0 1 

0.8991658687591553 0.08817128092050552 -0.4286333322525024 0.09143476188182831 
-0.3642345368862152 -0.3921200633049011 -0.8447335362434387 0.2776074707508087 
-0.2425570338964462 0.9156786799430847 -0.3204659819602966 0.1514435261487961 
0 0 0 1 

0.9623541831970215 -0.1998109370470047 -0.1842553913593292 0.005864293780177832 
-0.2361856698989868 -0.2793003618717194 -0.9307027459144592 0.2994600832462311 
0.1345019936561584 0.9391841292381287 -0.3159783482551575 0.1268532574176788 
0 0 0 1 

0.9817591905593872 0.009692075662314892 -0.1898814588785172 0.01023317687213421 
-0.1844409555196762 -0.1939004957675934 -0.9635267853736877 0.3077154457569122 
-0.04615668952465057 0.9809731841087341 -0.1885759383440018 0.09346816688776016 
0 0 0 1 

0.9900021553039551 -0.001207340275868773 -0.1410470753908157 -0.006281629204750061 
-0.1406403928995132 -0.08480722457170486 -0.9864217638969421 0.312591165304184 
-0.01077086478471756 0.9963966012001038 -0.08412913233041763 0.0555800199508667 
0 0 0 1 

0.9888190031051636 -0.07796546071767807 -0.1271157264709473 -0.0126658920198679 
-0.1293077766895294 -0.0237226840108633 -0.991320788860321 0.3123829364776611 
0.07427327334880829 0.9966738820075989 -0.03353896737098694 0.03349428996443748 
0 0 0 1 

0.9915387034416199 -0.09714161604642868 -0.08610763400793076 -0.0264152530580759 
-0.08059749007225037 0.05929460749030113 -0.9949814677238464 0.309820830821991 
0.1017598286271095 0.993502676486969 0.05096353963017464 0.0005784480599686503 
0 0 0 1 

0.9772778749465942 -0.1979123651981354 -0.07588565349578857 -0.0294758602976799 
-0.0464504212141037 0.1493430137634277 -0.9876937866210938 0.3031959533691406 
0.2068098038434982 0.9687762260437012 0.13675656914711 -0.03673836588859558 
0 0 0 1 

0.9753885269165039 -0.2035834342241287 -0.08467874675989151 -0.02625447697937489 
-0.05315179750323296 0.1556228995323181 -0.9863852262496948 0.2993428707122803 
0.2139896005392075 0.9666098952293396 0.1409720182418823 -0.0326063483953476 
0 0 0 1 

