0.983660101890564 -0.1331928074359894 -0.1211301386356354 -0.01549742929637432 
-0.1262247711420059 -0.03046440146863461 -0.9915336966514587 0.312191367149353 
0.1283750087022781 0.9906217455863953 -0.04677878692746162 0.03422782942652702 
0 0 0 1 

0.9783876538276672 -0.1884956061840057 -0.0850118026137352 -0.02745820209383965 
-0.0769060030579567 0.04992076382040977 -0.9957877397537231 0.3097008466720581 
0.1919454783201218 0.9808043241500854 0.03434537351131439 0.0002557494444772601 
0 0 0 1 

0.9430087208747864 -0.3206986486911774 -0.08880826085805893 -0.02453052438795567 
-0.04548294097185135 0.1401566863059998 -0.9890839457511902 0.3034558296203613 
0.3296450078487396 0.936754047870636 0.1175826638936996 -0.03775041550397873 
0 0 0 1 

0.9606301784515381 -0.2074738144874573 -0.1847816705703735 -0.0003366827440913767 
-0.147957518696785 0.1809014081954956 -0.9723080396652222 0.3062159717082977 
0.2351557463407516 0.9613683223724365 0.1430819928646088 -0.03157276287674904 
0 0 0 1 

0.9553913474082947 -0.1380347013473511 -0.2611011564731598 0.02271560952067375 
-0.2331030517816544 0.1904398053884506 -0.9536222219467163 0.3094221353530884 
0.1813570111989975 0.9719458818435669 0.1497682332992554 -0.02732067927718163 
0 0 0 1 

0.9317305684089661 0.2050600498914719 -0.2997140884399414 0.04479143023490906 
-0.3474859893321991 0.2636456489562988 -0.8998579978942871 0.308623343706131 
-0.1055066362023354 0.9425716400146484 0.3169021606445312 -0.05701069533824921 
0 0 0 1 

0.9277611970901489 0.1625708043575287 -0.3359016478061676 0.05512827634811401 
-0.3726701438426971 0.3568460047245026 -0.8566083312034607 0.3009246587753296 
-0.01939436048269272 0.9199084639549255 0.3916531503200531 -0.08757660537958145 
0 0 0 1 

0.8869415521621704 0.1493804454803467 -0.4370584487915039 0.08928421884775162 
-0.4562044143676758 0.4312324523925781 -0.778406023979187 0.2870035469532013 
0.07219507545232773 0.8897886276245117 0.4506260454654694 -0.1151183918118477 
0 0 0 1 

0.873833179473877 0.1286458373069763 -0.4688984751701355 0.1000420674681664 
-0.4637646079063416 0.5102392435073853 -0.7242777347564697 0.2704288363456726 
0.1460749953985214 0.8503564596176147 0.5055253505706787 -0.1396301239728928 
0 0 0 1 

0.8659904599189758 0.109387218952179 -0.4879497289657593 0.1054229810833931 
-0.4601238965988159 0.5564188361167908 -0.6918699741363525 0.2611372172832489 
0.1958226412534714 0.8236701488494873 0.5321850180625916 -0.147113248705864 
0 0 0 1 

