1 0 0 -0.01792658120393753 
0 1 0 0.02243540808558464 
0 0 1 -0.3816788792610168 
0 0 0 1 

0.9972233176231384 0.05371036008000374 -0.05158272013068199 0.004201113246381283 
-0.05473296716809273 0.998327374458313 -0.01861979812383652 0.02620689943432808 
0.05049635842442513 0.02139138802886009 0.9984951019287109 -0.3786567449569702 
0 0 0 1 

0.9760225415229797 0.06315165758132935 -0.2083073407411575 0.0676560252904892 
-0.06863093376159668 0.9974578619003296 -0.01917467080056667 0.02723991684615612 
0.2065668702125549 0.03301122784614563 0.9778754711151123 -0.3699497282505035 
0 0 0 1 

0.9433537721633911 0.06318944692611694 -0.3257154226303101 0.1161031797528267 
-0.06183957681059837 0.9979806542396545 0.0145072927698493 0.01504826825112104 
0.3259744048118591 0.006456636358052492 0.9453564286231995 -0.3575791120529175 
0 0 0 1 

0.9295826554298401 0.07058663666248322 -0.3617920875549316 0.1319121271371841 
-0.06046725437045097 0.9973989129066467 0.03923169150948524 0.008806675672531128 
0.3636202812194824 -0.01459249760955572 0.9314329028129578 -0.3498708307743073 
0 0 0 1 

0.608538806438446 0.7883740663528442 -0.09025761485099792 0.02791714854538441 
-0.7757154703140259 0.6149831414222717 0.1416367590427399 -0.004683078266680241 
0.1671696901321411 -0.01617718301713467 0.9857953786849976 -0.2290841788053513 
0 0 0 1 

0.5699362754821777 0.8162089586257935 -0.09473930299282074 0.02623061276972294 
-0.819430947303772 0.5731212496757507 0.008056933060288429 0.03030550293624401 
0.06087325140833855 0.07304037362337112 0.9954695105552673 -0.2288040220737457 
0 0 0 1 

0.5350068211555481 0.8406437039375305 -0.08417622745037079 0.02119281701743603 
-0.8425188660621643 0.5234847068786621 -0.1269861906766891 0.0657096728682518 
-0.06268520653247833 0.1388585418462753 0.9883263111114502 -0.2241661995649338 
0 0 0 1 

0.5251660346984863 0.8472371697425842 -0.07993504405021667 0.01778709888458252 
-0.8335387110710144 0.4931862354278564 -0.2489583343267441 0.09648054093122482 
-0.1715039312839508 0.1973734050989151 0.9652099013328552 -0.2135063856840134 
0 0 0 1 

0.4739967882633209 0.8703234195709229 -0.1336562186479568 0.03131462261080742 
-0.8372045755386353 0.3984280824661255 -0.3746247887611389 0.1276397705078125 
-0.2727923989295959 0.2894684672355652 0.9174924492835999 -0.1959505528211594 
0 0 0 1 

