0.162769541144371 0.09362070262432098 -0.982212245464325 0.3984257280826569 
-0.04479231685400009 0.9951630830764771 0.08743223547935486 -0.006019850727170706 
0.9856467247009277 0.02976427786052227 0.1661756783723831 -0.0619288943707943 
0 0 0 1 

0.4352359473705292 0.2456424832344055 -0.8661578297615051 0.4118404388427734 
-0.2733218669891357 0.9527052044868469 0.1328457444906235 0.01291517168283463 
0.8578255772590637 0.1789206564426422 0.4817910194396973 -0.05691811814904213 
0 0 0 1 

0.4740182459354401 0.8649353384971619 -0.1649041920900345 0.0391831248998642 
-0.8401160836219788 0.3881902992725372 -0.378831148147583 0.1302266865968704 
-0.2636502683162689 0.3181115388870239 0.9106555581092834 -0.1945993453264236 
0 0 0 1 

0.4416028261184692 0.876631498336792 -0.1910601854324341 0.04670010507106781 
-0.8216320276260376 0.3095819354057312 -0.478622704744339 0.1558454930782318 
-0.3604270219802856 0.3683423101902008 0.8569809198379517 -0.1769164353609085 
0 0 0 1 

0.4205164611339569 0.8768202066421509 -0.2331354916095734 0.06094745919108391 
-0.8038656711578369 0.2409300208091736 -0.543831467628479 0.1722989082336426 
-0.4206731021404266 0.4160996973514557 0.8061607480049133 -0.161220520734787 
0 0 0 1 

0.4031117558479309 0.8705671429634094 -0.2821590602397919 0.07882683724164963 
-0.7857676148414612 0.1712100803852081 -0.5943537354469299 0.1830558180809021 
-0.4691163599491119 0.4613024592399597 0.7530802488327026 -0.1426860839128494 
0 0 0 1 

0.3821837306022644 0.8735412359237671 -0.3014324605464935 0.09023958444595337 
-0.7771154642105103 0.127314031124115 -0.6163463592529297 0.1851985454559326 
-0.5000272989273071 0.4698053598403931 0.7274996042251587 -0.13009013235569 
0 0 0 1 

0.3328065574169159 0.8862972855567932 -0.3220510184764862 0.1024843901395798 
-0.7735438942909241 0.06126490980386734 -0.6307745575904846 0.1832512021064758 
-0.5393233299255371 0.4590465426445007 0.7059792280197144 -0.1181913763284683 
0 0 0 1 

0.2387084364891052 0.8909977078437805 -0.386188268661499 0.1251177787780762 
-0.7876265645027161 -0.05498169362545013 -0.6136948466300964 0.1663233041763306 
-0.5680339932441711 0.4506662786006927 0.6886489391326904 -0.1084973439574242 
0 0 0 1 

0.1942016035318375 0.8797512054443359 -0.4339632391929626 0.1355500519275665 
-0.8028458952903748 -0.1116580218076706 -0.5856378078460693 0.1532601416110992 
-0.563670814037323 0.4621372818946838 0.684620201587677 -0.1063725650310516 
0 0 0 1 

