1.000000000000000000e+00 0.000000000000000000e+00 0.000000000000000000e+00 -4.542167112231254578e-02
0.000000000000000000e+00 1.000000000000000000e+00 0.000000000000000000e+00 9.935460984706878662e-04
0.000000000000000000e+00 0.000000000000000000e+00 1.000000000000000000e+00 -2.875000238418579102e-01
0.000000000000000000e+00 0.000000000000000000e+00 0.000000000000000000e+00 1.000000000000000000e+00
9.961808919906616211e-01 8.172995597124099731e-02 3.072070144116878510e-02 -5.268592014908790588e-02
-8.115409314632415771e-02 9.965098500251770020e-01 -1.954890042543411255e-02 1.059417054057121277e-02
-3.221120685338973999e-02 1.698113419115543365e-02 9.993368387222290039e-01 -2.924294769763946533e-01
0.000000000000000000e+00 0.000000000000000000e+00 0.000000000000000000e+00 1.000000000000000000e+00
9.842994213104248047e-01 1.668563634157180786e-01 5.756542086601257324e-02 -5.893733352422714233e-02
-1.640270203351974487e-01 9.851452112197875977e-01 -5.082944408059120178e-02 2.545354329049587250e-02
-6.519156694412231445e-02 4.058909416198730469e-02 9.970471262931823730e-01 -2.910644412040710449e-01
0.000000000000000000e+00 0.000000000000000000e+00 0.000000000000000000e+00 1.000000000000000000e+00
9.651210904121398926e-01 2.566682100296020508e-01 5.160359665751457214e-02 -5.510042980313301086e-02
-2.522291839122772217e-01 9.644011855125427246e-01 -7.944080233573913574e-02 3.906318545341491699e-02
-7.015653699636459351e-02 6.365399807691574097e-02 9.955027699470520020e-01 -2.910161912441253662e-01
0.000000000000000000e+00 0.000000000000000000e+00 0.000000000000000000e+00 1.000000000000000000e+00
9.340957403182983398e-01 3.511753082275390625e-01 6.434743106365203857e-02 -5.579769983887672424e-02
-3.420445621013641357e-01 9.319097995758056641e-01 -1.206205561757087708e-01 5.646881833672523499e-02
-1.023249849677085876e-01 9.066140651702880859e-02 9.906108379364013672e-01 -2.884220778942108154e-01
0.000000000000000000e+00 0.000000000000000000e+00 0.000000000000000000e+00 1.000000000000000000e+00
8.897241950035095215e-01 4.540300071239471436e-01 4.739871248602867126e-02 -4.753683507442474365e-02
-4.443567395210266113e-01 8.851678371429443359e-01 -1.379291564226150513e-01 6.600245088338851929e-02
-1.045798584818840027e-01 1.016569957137107849e-01 9.893075227737426758e-01 -2.892290055751800537e-01
0.000000000000000000e+00 0.000000000000000000e+00 0.000000000000000000e+00 1.000000000000000000e+00
8.414098620414733887e-01 5.396270155906677246e-01 2.883627451956272125e-02 -3.904287517070770264e-02
-5.284063816070556641e-01 8.327463865280151367e-01 -1.652869135141372681e-01 7.843216508626937866e-02
-1.132066175341606140e-01 1.238367855548858643e-01 9.858242273330688477e-01 -2.880569100379943848e-01
0.000000000000000000e+00 0.000000000000000000e+00 0.000000000000000000e+00 1.000000000000000000e+00
7.902609705924987793e-01 6.125574707984924316e-01 1.615606993436813354e-02 -3.203834220767021179e-02
-6.016348004341125488e-01 7.806333899497985840e-01 -1.692548543214797974e-01 8.304184675216674805e-02
-1.162903383374214172e-01 1.240354478359222412e-01 9.854400157928466797e-01 -2.888657450675964355e-01
0.000000000000000000e+00 0.000000000000000000e+00 0.000000000000000000e+00 1.000000000000000000e+00
7.172768115997314453e-01 6.966938376426696777e-01 -1.150757912546396255e-02 -1.803544349968433380e-02
-6.890425086021423340e-01 7.067499160766601562e-01 -1.603886187076568604e-01 8.336771279573440552e-02
-1.036088168621063232e-01 1.229722723364830017e-01 9.869869947433471680e-01 -2.903981804847717285e-01
0.000000000000000000e+00 0.000000000000000000e+00 0.000000000000000000e+00 1.000000000000000000e+00
6.408588886260986328e-01 7.675348520278930664e-01 -1.380119752138853073e-02 -1.223991345614194870e-02
-7.607923150062561035e-01 6.326244473457336426e-01 -1.448473483324050903e-01 8.114471286535263062e-02
-1.024443879723548889e-01 1.033265069127082825e-01 9.893575310707092285e-01 -2.926827967166900635e-01
0.000000000000000000e+00 0.000000000000000000e+00 0.000000000000000000e+00 1.000000000000000000e+00
5.441777110099792480e-01 8.383318185806274414e-01 -3.272397071123123169e-02 -4.520390648394823074e-04
-8.366608619689941406e-01 5.393753647804260254e-01 -9.525030106306076050e-02 6.754175573587417603e-02
-6.220085918903350830e-02 7.921197265386581421e-02 9.949155449867248535e-01 -2.983357310295104980e-01
0.000000000000000000e+00 0.000000000000000000e+00 0.000000000000000000e+00 1.000000000000000000e+00
4.538199901580810547e-01 8.891771435737609863e-01 -5.840041860938072205e-02 1.394939236342906952e-02
-8.908099532127380371e-01 4.510470330715179443e-01 -5.490341410040855408e-02 5.528091639280319214e-02
-2.247755043208599091e-02 7.694000750780105591e-02 9.967825412750244141e-01 -3.029567301273345947e-01
0.000000000000000000e+00 0.000000000000000000e+00 0.000000000000000000e+00 1.000000000000000000e+00
3.465784788131713867e-01 9.350125789642333984e-01 -7.505860924720764160e-02 2.352994121611118317e-02
-9.379476308822631836e-01 3.464429676532745361e-01 -1.523897610604763031e-02 4.086412861943244934e-02
1.175487786531448364e-02 7.568255066871643066e-02 9.970622062683105469e-01 -3.047888875007629395e-01
0.000000000000000000e+00 0.000000000000000000e+00 0.000000000000000000e+00 1.000000000000000000e+00
2.670229375362396240e-01 9.584612846374511719e-01 -1.002513915300369263e-01 3.413408249616622925e-02
-9.612284898757934570e-01 2.723267674446105957e-01 4.333662614226341248e-02 1.799907907843589783e-02
6.883759796619415283e-02 8.479258418083190918e-02 9.940176606178283691e-01 -3.041526079177856445e-01
0.000000000000000000e+00 0.000000000000000000e+00 0.000000000000000000e+00 1.000000000000000000e+00
1.948843300342559814e-01 9.719598293304443359e-01 -1.315807551145553589e-01 4.513554647564888000e-02
-9.725961089134216309e-01 2.088450491428375244e-01 1.021828055381774902e-01 -3.678179578855633736e-03
1.267976015806198120e-01 1.080611497163772583e-01 9.860253334045410156e-01 -3.027903139591217041e-01
0.000000000000000000e+00 0.000000000000000000e+00 0.000000000000000000e+00 1.000000000000000000e+00
1.106967478990554810e-01 9.854657649993896484e-01 -1.288568377494812012e-01 4.624363780021667480e-02
-9.725227952003479004e-01 1.341246068477630615e-01 1.902889907360076904e-01 -3.391058370471000671e-02
2.048061043024063110e-01 1.042518615722656250e-01 9.732348322868347168e-01 -3.002628684043884277e-01
0.000000000000000000e+00 0.000000000000000000e+00 0.000000000000000000e+00 1.000000000000000000e+00
1.896520853042602539e-01 9.745566248893737793e-01 -1.194636970758438110e-01 4.270265996456146240e-02
-9.554635286331176758e-01 2.112024128437042236e-01 2.061120569705963135e-01 -3.856880217790603638e-02
2.260989099740982056e-01 7.505372166633605957e-02 9.712086319923400879e-01 -2.973749339580535889e-01
0.000000000000000000e+00 0.000000000000000000e+00 0.000000000000000000e+00 1.000000000000000000e+00
2.731878757476806641e-01 9.548081159591674805e-01 -1.170883327722549438e-01 3.947870433330535889e-02
-9.395688176155090332e-01 2.909541726112365723e-01 1.804316490888595581e-01 -2.819650992751121521e-02
2.063450813293457031e-01 6.072084605693817139e-02 9.765933752059936523e-01 -2.966868281364440918e-01
0.000000000000000000e+00 0.000000000000000000e+00 0.000000000000000000e+00 1.000000000000000000e+00
3.268636465072631836e-01 9.378194212913513184e-01 -1.168516203761100769e-01 3.793226182460784912e-02
-9.353940486907958984e-01 3.386832177639007568e-01 1.016444712877273560e-01 -6.583585636690258980e-04
1.348999291658401489e-01 7.607852667570114136e-02 9.879337549209594727e-01 -2.963188290596008301e-01
0.000000000000000000e+00 0.000000000000000000e+00 0.000000000000000000e+00 1.000000000000000000e+00
3.610231578350067139e-01 9.199926853179931641e-01 -1.525630652904510498e-01 4.755414649844169617e-02
-9.301049113273620605e-01 3.670775890350341797e-01 1.258063875138759613e-02 3.092510998249053955e-02
6.757654994726181030e-02 1.373578011989593506e-01 9.882136583328247070e-01 -2.925908565521240234e-01
0.000000000000000000e+00 0.000000000000000000e+00 0.000000000000000000e+00 1.000000000000000000e+00
3.947051465511322021e-01 9.028614163398742676e-01 -1.704370081424713135e-01 5.131115764379501343e-02
-9.187698364257812500e-01 3.895296156406402588e-01 -6.425745040178298950e-02 5.695961415767669678e-02
8.374597877264022827e-03 1.819551140069961548e-01 9.832714796066284180e-01 -2.873652577400207520e-01
0.000000000000000000e+00 0.000000000000000000e+00 0.000000000000000000e+00 1.000000000000000000e+00
4.526095390319824219e-01 8.693047165870666504e-01 -1.986264437437057495e-01 5.632260814309120178e-02
-8.900940418243408203e-01 4.270420074462890625e-01 -1.592712253332138062e-01 8.606120198965072632e-02
-5.363352969288825989e-02 2.488839626312255859e-01 9.670468568801879883e-01 -2.772134244441986084e-01
0.000000000000000000e+00 0.000000000000000000e+00 0.000000000000000000e+00 1.000000000000000000e+00
5.295220613479614258e-01 8.279103040695190430e-01 -1.848546862602233887e-01 4.693112149834632874e-02
-8.427326083183288574e-01 4.884902834892272949e-01 -2.262288182973861694e-01 1.043346077203750610e-01
-9.699723869562149048e-02 2.755759656429290771e-01 9.563725590705871582e-01 -2.700348496437072754e-01
0.000000000000000000e+00 0.000000000000000000e+00 0.000000000000000000e+00 1.000000000000000000e+00
5.868248939514160156e-01 7.909436225891113281e-01 -1.733361631631851196e-01 3.920239210128784180e-02
-7.974580526351928711e-01 5.274389386177062988e-01 -2.930334210395812988e-01 1.209904104471206665e-01
-1.403487771749496460e-01 3.101872503757476807e-01 9.402585625648498535e-01 -2.612576186656951904e-01
0.000000000000000000e+00 0.000000000000000000e+00 0.000000000000000000e+00 1.000000000000000000e+00
6.600852608680725098e-01 7.363840937614440918e-01 -1.484117954969406128e-01 2.587982639670372009e-02
-7.276185154914855957e-01 5.776641368865966797e-01 -3.699670732021331787e-01 1.372266411781311035e-01
-1.867059171199798584e-01 3.521965742111206055e-01 9.171134829521179199e-01 -2.499464005231857300e-01
0.000000000000000000e+00 0.000000000000000000e+00 0.000000000000000000e+00 1.000000000000000000e+00
7.247708439826965332e-01 6.754502654075622559e-01 -1.359206438064575195e-01 1.841557957231998444e-02
-6.549541950225830078e-01 6.141902208328247070e-01 -4.402319788932800293e-01 1.512188017368316650e-01
-2.138737142086029053e-01 4.080891609191894531e-01 8.875365853309631348e-01 -2.362347990274429321e-01
0.000000000000000000e+00 0.000000000000000000e+00 0.000000000000000000e+00 1.000000000000000000e+00
7.476906776428222656e-01 6.527487039566040039e-01 -1.219740658998489380e-01 1.225899066776037216e-02
-6.054833531379699707e-01 5.947263836860656738e-01 -5.288580656051635742e-01 1.714646965265274048e-01
-2.726703286170959473e-01 4.692750573158264160e-01 8.398998379707336426e-01 -2.148056328296661377e-01
0.000000000000000000e+00 0.000000000000000000e+00 0.000000000000000000e+00 1.000000000000000000e+00
7.774301767349243164e-01 6.165180206298828125e-01 -1.245289817452430725e-01 1.047906000167131424e-02
-5.416040420532226562e-01 5.555259585380554199e-01 -6.309165358543395996e-01 1.976038217544555664e-01
-3.197924494743347168e-01 5.579388737678527832e-01 7.657918334007263184e-01 -1.871528029441833496e-01
0.000000000000000000e+00 0.000000000000000000e+00 0.000000000000000000e+00 1.000000000000000000e+00
8.002846240997314453e-01 5.853136181831359863e-01 -1.302011907100677490e-01 1.022005546838045120e-02
-4.879162907600402832e-01 5.094440579414367676e-01 -7.088046669960021973e-01 2.181967943906784058e-01
-3.485428988933563232e-01 6.307727694511413574e-01 6.932844519615173340e-01 -1.615969687700271606e-01
0.000000000000000000e+00 0.000000000000000000e+00 0.000000000000000000e+00 1.000000000000000000e+00
8.251852393150329590e-01 5.514385700225830078e-01 -1.224125400185585022e-01 5.131292156875133514e-03
-4.238661229610443115e-01 4.612484872341156006e-01 -7.794784903526306152e-01 2.366061061620712280e-01
-3.733719885349273682e-01 6.951009631156921387e-01 6.143517494201660156e-01 -1.388149559497833252e-01
0.000000000000000000e+00 0.000000000000000000e+00 0.000000000000000000e+00 1.000000000000000000e+00
8.558025956153869629e-01 5.101607441902160645e-01 -8.566272258758544922e-02 -7.317455019801855087e-03
-3.368549346923828125e-01 4.239098727703094482e-01 -8.407312035560607910e-01 2.514588534832000732e-01
-3.925947844982147217e-01 7.483559250831604004e-01 5.346332788467407227e-01 -1.176260411739349365e-01
0.000000000000000000e+00 0.000000000000000000e+00 0.000000000000000000e+00 1.000000000000000000e+00
8.656338453292846680e-01 4.983046352863311768e-01 -4.869476333260536194e-02 -1.705165952444076538e-02
-2.409993410110473633e-01 3.294448256492614746e-01 -9.128991961479187012e-01 2.655826508998870850e-01
-4.388595223426818848e-01 8.019717931747436523e-01 4.052697122097015381e-01 -8.175163716077804565e-02
0.000000000000000000e+00 0.000000000000000000e+00 0.000000000000000000e+00 1.000000000000000000e+00
8.461242914199829102e-01 5.321829915046691895e-01 -2.922584302723407745e-02 -2.657128311693668365e-02
-1.129339560866355896e-01 1.254261285066604614e-01 -9.856539964675903320e-01 2.829281389713287354e-01
-5.208830237388610840e-01 8.372865915298461914e-01 1.662275493144989014e-01 -1.373581495136022568e-02
0.000000000000000000e+00 0.000000000000000000e+00 0.000000000000000000e+00 1.000000000000000000e+00
8.421571254730224609e-01 5.371527671813964844e-01 -4.730258136987686157e-02 -2.012310735881328583e-02
-1.224767342209815979e-01 1.051138341426849365e-01 -9.868888854980468750e-01 2.833876609802246094e-01
-5.251382589340209961e-01 8.369096517562866211e-01 1.543111205101013184e-01 -1.563599519431591034e-02
0.000000000000000000e+00 0.000000000000000000e+00 0.000000000000000000e+00 1.000000000000000000e+00
7.954268455505371094e-01 6.056392788887023926e-01 -2.230353839695453644e-02 -2.297192625701427460e-02
-1.124236509203910828e-01 1.112909391522407532e-01 -9.874085187911987305e-01 2.833136618137359619e-01
-5.955309271812438965e-01 7.879178524017333984e-01 1.566119045019149780e-01 -1.564987190067768097e-02
0.000000000000000000e+00 0.000000000000000000e+00 0.000000000000000000e+00 1.000000000000000000e+00
7.753881812095642090e-01 6.292257905006408691e-01 -5.337501317262649536e-02 -1.329426001757383347e-02
-2.549106478691101074e-01 2.345490008592605591e-01 -9.380870461463928223e-01 2.752569019794464111e-01
-5.777491927146911621e-01 7.409873604774475098e-01 3.422627449035644531e-01 -5.846015363931655884e-02
0.000000000000000000e+00 0.000000000000000000e+00 0.000000000000000000e+00 1.000000000000000000e+00
8.027468323707580566e-01 5.911716818809509277e-01 -7.818961143493652344e-02 -7.557210978120565414e-03
-3.110374808311462402e-01 3.032227456569671631e-01 -9.007285237312316895e-01 2.671796679496765137e-01
-5.087761878967285156e-01 7.473766803741455078e-01 4.272875785827636719e-01 -8.369849622249603271e-02
0.000000000000000000e+00 0.000000000000000000e+00 0.000000000000000000e+00 1.000000000000000000e+00
7.981395125389099121e-01 5.952076911926269531e-01 -9.328108280897140503e-02 -3.777990816161036491e-03
-3.709980845451354980e-01 3.635692000389099121e-01 -8.545041084289550781e-01 2.572960853576660156e-01
-4.746934175491333008e-01 7.166211605072021484e-01 5.109999179840087891e-01 -1.081341430544853210e-01
0.000000000000000000e+00 0.000000000000000000e+00 0.000000000000000000e+00 1.000000000000000000e+00
8.192275762557983398e-01 5.688373446464538574e-01 -7.273424416780471802e-02 -1.452984940260648727e-02
-4.626013040542602539e-01 5.805540084838867188e-01 -6.700425744056701660e-01 2.181551605463027954e-01
-3.389191329479217529e-01 5.825641751289367676e-01 7.387505173683166504e-01 -1.787241548299789429e-01
0.000000000000000000e+00 0.000000000000000000e+00 0.000000000000000000e+00 1.000000000000000000e+00
8.195186257362365723e-01 5.712947845458984375e-01 -4.484942555427551270e-02 -2.398592978715896606e-02
-4.766601324081420898e-01 6.361338496208190918e-01 -6.067358255386352539e-01 1.997523009777069092e-01
-3.180948793888092041e-01 5.186091065406799316e-01 7.936367988586425781e-01 -1.955922245979309082e-01
0.000000000000000000e+00 0.000000000000000000e+00 0.000000000000000000e+00 1.000000000000000000e+00
8.491061925888061523e-01 5.264185667037963867e-01 -4.360710829496383667e-02 -2.524143829941749573e-02
-4.655100405216217041e-01 7.067286968231201172e-01 -5.327617526054382324e-01 1.771372854709625244e-01
-2.496376633644104004e-01 4.726709127426147461e-01 8.451412320137023926e-01 -2.130699157714843750e-01
0.000000000000000000e+00 0.000000000000000000e+00 0.000000000000000000e+00 1.000000000000000000e+00
8.689091801643371582e-01 4.949397146701812744e-01 -5.652641877532005310e-03 -3.446798026561737061e-02
-4.573963582515716553e-01 7.985289692878723145e-01 -3.913307189941406250e-01 1.359750479459762573e-01
-1.891715079545974731e-01 3.426162302494049072e-01 9.202324748039245605e-01 -2.361223101615905762e-01
0.000000000000000000e+00 0.000000000000000000e+00 0.000000000000000000e+00 1.000000000000000000e+00
8.736499547958374023e-01 4.864860475063323975e-01 -8.203581906855106354e-03 -3.244919702410697937e-02
-4.722356796264648438e-01 8.437570333480834961e-01 -2.550833821296691895e-01 9.812632948160171509e-02
-1.171727180480957031e-01 2.267276644706726074e-01 9.668840765953063965e-01 -2.520039677619934082e-01
0.000000000000000000e+00 0.000000000000000000e+00 0.000000000000000000e+00 1.000000000000000000e+00
8.787410855293273926e-01 4.772884249687194824e-01 -3.115616505965590477e-03 -2.999800071120262146e-02
-4.768446683883666992e-01 8.776016235351562500e-01 -4.934230446815490723e-02 3.973082453012466431e-02
-2.081625722348690033e-02 4.484474658966064453e-02 9.987767934799194336e-01 -2.653274238109588623e-01
0.000000000000000000e+00 0.000000000000000000e+00 0.000000000000000000e+00 1.000000000000000000e+00
8.864670991897583008e-01 4.627908468246459961e-01 2.446603321004658937e-04 -2.918930724263191223e-02
-4.622848927974700928e-01 8.854732513427734375e-01 4.721802100539207458e-02 1.151839364320039749e-02
2.163542807102203369e-02 -4.197035729885101318e-02 9.988846778869628906e-01 -2.680031657218933105e-01
0.000000000000000000e+00 0.000000000000000000e+00 0.000000000000000000e+00 1.000000000000000000e+00
8.937353491783142090e-01 4.485260844230651855e-01 7.836312055587768555e-03 -3.086632117629051208e-02
-4.445418417453765869e-01 8.831831812858581543e-01 1.495649516582489014e-01 -2.045289054512977600e-02
6.016294658184051514e-02 -1.371550261974334717e-01 9.887210726737976074e-01 -2.670047879219055176e-01
0.000000000000000000e+00 0.000000000000000000e+00 0.000000000000000000e+00 1.000000000000000000e+00
8.962944746017456055e-01 4.434565007686614990e-01 1.675837789662182331e-03 -2.914098836481571198e-02
-4.291782081127166748e-01 8.664716482162475586e-01 2.550157010555267334e-01 -5.330565199255943298e-02
1.116362735629081726e-01 -2.292882055044174194e-01 9.669355750083923340e-01 -2.627182006835937500e-01
0.000000000000000000e+00 0.000000000000000000e+00 0.000000000000000000e+00 1.000000000000000000e+00
9.017727375030517578e-01 4.322105348110198975e-01 1.253613008884713054e-04 -2.824705839157104492e-02
-4.016605913639068604e-01 8.379243016242980957e-01 3.695276081562042236e-01 -9.160631150007247925e-02
1.596087217330932617e-01 -3.332802653312683105e-01 9.292197227478027344e-01 -2.528742551803588867e-01
0.000000000000000000e+00 0.000000000000000000e+00 0.000000000000000000e+00 1.000000000000000000e+00
9.061516523361206055e-01 4.229514896869659424e-01 -8.324226946569979191e-04 -2.951003983616828918e-02
-3.760931789875030518e-01 8.066574931144714355e-01 4.559136331081390381e-01 -1.200452744960784912e-01
1.935010403394699097e-01 -4.128139913082122803e-01 8.900237083435058594e-01 -2.434476017951965332e-01
0.000000000000000000e+00 0.000000000000000000e+00 0.000000000000000000e+00 1.000000000000000000e+00
9.166529178619384766e-01 3.996767103672027588e-01 2.356662182137370110e-03 -3.326885029673576355e-02
-3.350633680820465088e-01 7.652218341827392578e-01 5.496979355812072754e-01 -1.510987132787704468e-01
2.178982198238372803e-01 -5.046717524528503418e-01 8.353602886199951172e-01 -2.300764769315719604e-01
0.000000000000000000e+00 0.000000000000000000e+00 0.000000000000000000e+00 1.000000000000000000e+00
9.130353927612304688e-01 4.067159891128540039e-01 3.078879788517951965e-02 -4.255585744976997375e-02
-3.344488441944122314e-01 7.033168673515319824e-01 6.272869110107421875e-01 -1.748605966567993164e-01
2.334734946489334106e-01 -5.830324888229370117e-01 7.781789302825927734e-01 -2.158253937959671021e-01
0.000000000000000000e+00 0.000000000000000000e+00 0.000000000000000000e+00 1.000000000000000000e+00
9.204216003417968750e-01 3.881579339504241943e-01 4.645295813679695129e-02 -4.924595728516578674e-02
-2.975215911865234375e-01 6.184573173522949219e-01 7.273179888725280762e-01 -2.062859535217285156e-01
2.535851001739501953e-01 -6.832602024078369141e-01 6.847268939018249512e-01 -1.900212168693542480e-01
0.000000000000000000e+00 0.000000000000000000e+00 0.000000000000000000e+00 1.000000000000000000e+00
9.300416707992553711e-01 3.619649410247802734e-01 6.326723843812942505e-02 -5.627579614520072937e-02
-2.674070894718170166e-01 5.486242771148681641e-01 7.921519875526428223e-01 -2.279249429702758789e-01
2.520214021205902100e-01 -7.536531686782836914e-01 6.070360541343688965e-01 -1.664916872978210449e-01
0.000000000000000000e+00 0.000000000000000000e+00 0.000000000000000000e+00 1.000000000000000000e+00
9.387510418891906738e-01 3.390688896179199219e-01 6.146987155079841614e-02 -5.732791870832443237e-02
-2.268086224794387817e-01 4.736683070659637451e-01 8.509970307350158691e-01 -2.480061650276184082e-01
2.594305872917175293e-01 -8.128164410591125488e-01 5.215604901313781738e-01 -1.420739740133285522e-01
0.000000000000000000e+00 0.000000000000000000e+00 0.000000000000000000e+00 1.000000000000000000e+00
9.517948031425476074e-01 3.006932735443115234e-01 6.057739257812500000e-02 -6.036706268787384033e-02
-1.865191459655761719e-01 4.105853736400604248e-01 8.925412893295288086e-01 -2.624461054801940918e-01
2.435089796781539917e-01 -8.608152270317077637e-01 4.468781948089599609e-01 -1.207538470625877380e-01
0.000000000000000000e+00 0.000000000000000000e+00 0.000000000000000000e+00 1.000000000000000000e+00
9.607500433921813965e-01 2.722221910953521729e-01 5.342420563101768494e-02 -6.099532544612884521e-02
-1.528689116239547729e-01 3.588074445724487305e-01 9.208086133003234863e-01 -2.728695273399353027e-01
2.314955890178680420e-01 -8.928337097167968750e-01 3.863385617733001709e-01 -1.024819836020469666e-01
0.000000000000000000e+00 0.000000000000000000e+00 0.000000000000000000e+00 1.000000000000000000e+00
9.691324234008789062e-01 2.366738170385360718e-01 6.905237585306167603e-02 -6.795761734247207642e-02
-1.355547010898590088e-01 2.775773406028747559e-01 9.510917663574218750e-01 -2.870089411735534668e-01
2.059310972690582275e-01 -9.310939908027648926e-01 3.010915219783782959e-01 -7.217928767204284668e-02
0.000000000000000000e+00 0.000000000000000000e+00 0.000000000000000000e+00 1.000000000000000000e+00
9.805948138236999512e-01 1.898962855339050293e-01 4.871809110045433044e-02 -6.522937119007110596e-02
-8.468140661716461182e-02 1.861528456211090088e-01 9.788645505905151367e-01 -2.996702790260314941e-01
1.768137961626052856e-01 -9.639948010444641113e-01 1.986212283372879028e-01 -3.601603209972381592e-02
0.000000000000000000e+00 0.000000000000000000e+00 0.000000000000000000e+00 1.000000000000000000e+00
9.953430294990539551e-01 9.620206803083419800e-02 6.115830969065427780e-03 -5.462646856904029846e-02
-1.857950165867805481e-02 1.292017251253128052e-01 9.914441108703613281e-01 -3.060040175914764404e-01
9.458882361650466919e-02 -9.869403839111328125e-01 1.303874850273132324e-01 -1.483150199055671692e-02
0.000000000000000000e+00 0.000000000000000000e+00 0.000000000000000000e+00 1.000000000000000000e+00
9.968358278274536133e-01 7.895389199256896973e-02 -9.198553860187530518e-03 -5.153099447488784790e-02
-1.021570432931184769e-02 2.420145571231842041e-01 9.702188372611999512e-01 -3.012690544128417969e-01
7.882871478796005249e-02 -9.670547246932983398e-01 2.420554161071777344e-01 -5.049487203359603882e-02
0.000000000000000000e+00 0.000000000000000000e+00 0.000000000000000000e+00 1.000000000000000000e+00
9.985569715499877930e-01 1.757080480456352234e-02 -5.074473842978477478e-02 -3.687697649002075195e-02
4.344253987073898315e-02 2.911704182624816895e-01 9.556844234466552734e-01 -3.076828122138977051e-01
3.156752139329910278e-02 -9.565097689628601074e-01 2.899869978427886963e-01 -6.350841373205184937e-02
0.000000000000000000e+00 0.000000000000000000e+00 0.000000000000000000e+00 1.000000000000000000e+00
9.892232418060302734e-01 -6.363444775342941284e-02 -1.318633556365966797e-01 -5.594292655587196350e-03
1.443523019552230835e-01 2.732456028461456299e-01 9.510515928268432617e-01 -3.180837035179138184e-01
-2.448859065771102905e-02 -9.598369598388671875e-01 2.794866859912872314e-01 -5.735052376985549927e-02
0.000000000000000000e+00 0.000000000000000000e+00 0.000000000000000000e+00 1.000000000000000000e+00
9.699267148971557617e-01 -8.232167363166809082e-02 -2.290525287389755249e-01 2.727717719972133636e-02
2.426497489213943481e-01 2.533738315105438232e-01 9.364414811134338379e-01 -3.231813609600067139e-01
-1.905351318418979645e-02 -9.638594985008239746e-01 2.657293677330017090e-01 -5.156350508332252502e-02
0.000000000000000000e+00 0.000000000000000000e+00 0.000000000000000000e+00 1.000000000000000000e+00
9.770035743713378906e-01 1.222472055815160275e-03 -2.132206261157989502e-01 1.874344423413276672e-02
2.023903280496597290e-01 3.093809485435485840e-01 9.291510581970214844e-01 -3.194997608661651611e-01
6.710220873355865479e-02 -9.509372711181640625e-01 3.020188212394714355e-01 -6.978500634431838989e-02
0.000000000000000000e+00 0.000000000000000000e+00 0.000000000000000000e+00 1.000000000000000000e+00
9.892404079437255859e-01 9.735726565122604370e-02 -1.092031300067901611e-01 -2.025143615901470184e-02
6.497559696435928345e-02 3.764083385467529297e-01 9.241727590560913086e-01 -3.112505674362182617e-01
1.310798823833465576e-01 -9.213244318962097168e-01 3.660323321819305420e-01 -1.003643199801445007e-01
0.000000000000000000e+00 0.000000000000000000e+00 0.000000000000000000e+00 1.000000000000000000e+00
9.807294607162475586e-01 1.951025575399398804e-01 -1.023086812347173691e-02 -5.570790916681289673e-02
-5.151183530688285828e-02 3.087400197982788086e-01 9.497504234313964844e-01 -3.126262128353118896e-01
1.884573996067047119e-01 -9.309209585189819336e-01 3.128405511379241943e-01 -8.812046051025390625e-02
0.000000000000000000e+00 0.000000000000000000e+00 0.000000000000000000e+00 1.000000000000000000e+00
9.309259653091430664e-01 3.554483950138092041e-01 8.385872095823287964e-02 -8.508630096912384033e-02
-2.082770466804504395e-01 3.281024694442749023e-01 9.213951826095581055e-01 -2.951765954494476318e-01
2.999943196773529053e-01 -8.752169609069824219e-01 3.794709444046020508e-01 -1.198417320847511292e-01
0.000000000000000000e+00 0.000000000000000000e+00 0.000000000000000000e+00 1.000000000000000000e+00
8.865768313407897949e-01 4.533789157867431641e-01 9.180778264999389648e-02 -8.616513758897781372e-02
-2.705903351306915283e-01 3.473232090473175049e-01 8.978572487831115723e-01 -2.827474474906921387e-01
3.751826584339141846e-01 -8.208621740341186523e-01 4.306087195873260498e-01 -1.446660459041595459e-01
0.000000000000000000e+00 0.000000000000000000e+00 0.000000000000000000e+00 1.000000000000000000e+00
8.421717286109924316e-01 5.353669524192810059e-01 6.426624208688735962e-02 -7.516699284315109253e-02
-3.307706713676452637e-01 4.188092350959777832e-01 8.456891179084777832e-01 -2.629617154598236084e-01
4.258380532264709473e-01 -7.334721088409423828e-01 5.297926068305969238e-01 -1.816570758819580078e-01
0.000000000000000000e+00 0.000000000000000000e+00 0.000000000000000000e+00 1.000000000000000000e+00
8.090480566024780273e-01 5.850418210029602051e-01 5.626709759235382080e-02 -6.998316198587417603e-02
-4.234825074672698975e-01 5.138770937919616699e-01 7.460514307022094727e-01 -2.239186018705368042e-01
4.075572490692138672e-01 -6.274197697639465332e-01 6.635065078735351562e-01 -2.252394556999206543e-01
0.000000000000000000e+00 0.000000000000000000e+00 0.000000000000000000e+00 1.000000000000000000e+00
7.779837250709533691e-01 6.273477673530578613e-01 3.429330512881278992e-02 -6.144823506474494934e-02
-5.049777030944824219e-01 5.918900370597839355e-01 6.282225847244262695e-01 -1.791097521781921387e-01
3.738161027431488037e-01 -5.060641765594482422e-01 7.772769927978515625e-01 -2.607477903366088867e-01
0.000000000000000000e+00 0.000000000000000000e+00 0.000000000000000000e+00 1.000000000000000000e+00
7.600367069244384766e-01 6.494679450988769531e-01 2.314482815563678741e-02 -5.659747868776321411e-02
-5.604397654533386230e-01 6.369899511337280273e-01 5.292932391166687012e-01 -1.426761001348495483e-01
3.290156722068786621e-01 -4.152531623840332031e-01 8.481228351593017578e-01 -2.816659510135650635e-01
0.000000000000000000e+00 0.000000000000000000e+00 0.000000000000000000e+00 1.000000000000000000e+00
6.573081016540527344e-01 7.532483339309692383e-01 2.372098341584205627e-02 -4.987693578004837036e-02
-6.758211255073547363e-01 5.752298831939697266e-01 4.608435928821563721e-01 -1.118400096893310547e-01
3.334847390651702881e-01 -3.189471960067749023e-01 8.871645927429199219e-01 -2.964300811290740967e-01
0.000000000000000000e+00 0.000000000000000000e+00 0.000000000000000000e+00 1.000000000000000000e+00
5.862570405006408691e-01 8.101003766059875488e-01 -6.314672064036130905e-03 -3.488151729106903076e-02
-7.426382303237915039e-01 5.405175685882568359e-01 3.953840732574462891e-01 -8.489897847175598145e-02
3.237143158912658691e-01 -2.271072864532470703e-01 9.184945225715637207e-01 -3.076704442501068115e-01
0.000000000000000000e+00 0.000000000000000000e+00 0.000000000000000000e+00 1.000000000000000000e+00
5.404530763626098633e-01 8.401776552200317383e-01 -4.485647752881050110e-02 -1.821455918252468109e-02
-7.847000956535339355e-01 5.225681066513061523e-01 3.334197998046875000e-01 -6.018469855189323425e-02
3.035725653171539307e-01 -1.449989080429077148e-01 9.417111277580261230e-01 -3.143952786922454834e-01
0.000000000000000000e+00 0.000000000000000000e+00 0.000000000000000000e+00 1.000000000000000000e+00
5.082880854606628418e-01 8.544651865959167480e-01 -1.073879748582839966e-01 6.135064177215099335e-03
-8.177432417869567871e-01 5.179856419563293457e-01 2.509714066982269287e-01 -3.019256889820098877e-02
2.700718045234680176e-01 -3.975003957748413086e-02 9.620193243026733398e-01 -3.197743892669677734e-01
0.000000000000000000e+00 0.000000000000000000e+00 0.000000000000000000e+00 1.000000000000000000e+00
4.368238151073455811e-01 8.862140178680419922e-01 -1.543040275573730469e-01 2.764382027089595795e-02
-8.608819842338562012e-01 4.616023898124694824e-01 2.140231728553771973e-01 -1.435457635670900345e-02
2.608973979949951172e-01 3.934719040989875793e-02 9.645645618438720703e-01 -3.202299177646636963e-01
0.000000000000000000e+00 0.000000000000000000e+00 0.000000000000000000e+00 1.000000000000000000e+00
3.566854000091552734e-01 8.995901346206665039e-01 -2.520174086093902588e-01 6.714528053998947144e-02
-8.943176865577697754e-01 4.067921936511993408e-01 1.863211542367935181e-01 -2.547258511185646057e-03
2.701315879821777344e-01 1.589258015155792236e-01 9.496162533760070801e-01 -3.156659603118896484e-01
0.000000000000000000e+00 0.000000000000000000e+00 0.000000000000000000e+00 1.000000000000000000e+00
2.898917496204376221e-01 8.919834494590759277e-01 -3.468819260597229004e-01 1.036603376269340515e-01
-9.165150523185729980e-01 3.631123304367065430e-01 1.677808761596679688e-01 5.319893360137939453e-03
2.756148874759674072e-01 2.692841291427612305e-01 9.227796792984008789e-01 -3.072004616260528564e-01
0.000000000000000000e+00 0.000000000000000000e+00 0.000000000000000000e+00 1.000000000000000000e+00
2.672953009605407715e-01 8.621437549591064453e-01 -4.304199814796447754e-01 1.321119964122772217e-01
-9.351302385330200195e-01 3.398796021938323975e-01 1.000627204775810242e-01 2.949063107371330261e-02
2.325593233108520508e-01 3.757525086402893066e-01 8.970652818679809570e-01 -2.953777015209197998e-01
0.000000000000000000e+00 0.000000000000000000e+00 0.000000000000000000e+00 1.000000000000000000e+00
1.760959029197692871e-01 7.858501076698303223e-01 -5.928146243095397949e-01 1.917224079370498657e-01
-9.624450206756591797e-01 2.638546228408813477e-01 6.387744843959808350e-02 4.193058237433433533e-02
2.066150754690170288e-01 5.593028664588928223e-01 8.028017878532409668e-01 -2.624028623104095459e-01
0.000000000000000000e+00 0.000000000000000000e+00 0.000000000000000000e+00 1.000000000000000000e+00
1.384575664997100830e-01 6.835786700248718262e-01 -7.166238427162170410e-01 2.345522791147232056e-01
-9.736109375953674316e-01 2.264970541000366211e-01 2.794325537979602814e-02 5.454674363136291504e-02
1.814144849777221680e-01 6.938436031341552734e-01 6.969000697135925293e-01 -2.268041521310806274e-01
0.000000000000000000e+00 0.000000000000000000e+00 0.000000000000000000e+00 1.000000000000000000e+00
1.068844050168991089e-01 5.870463848114013672e-01 -8.024660944938659668e-01 2.641505300998687744e-01
-9.838282465934753418e-01 1.791183501482009888e-01 -6.358121481753187254e-06 6.378471106290817261e-02
1.437325179576873779e-01 7.894889116287231445e-01 5.966972708702087402e-01 -1.919794082641601562e-01
0.000000000000000000e+00 0.000000000000000000e+00 0.000000000000000000e+00 1.000000000000000000e+00
7.596460729837417603e-02 5.115713477134704590e-01 -8.558759093284606934e-01 2.835228443145751953e-01
-9.901196360588073730e-01 1.401669234037399292e-01 -4.099324811249971390e-03 6.608564406633377075e-02
1.178683117032051086e-01 8.477309942245483398e-01 5.171651840209960938e-01 -1.645571738481521606e-01
0.000000000000000000e+00 0.000000000000000000e+00 0.000000000000000000e+00 1.000000000000000000e+00
1.536822915077209473e-01 5.213066935539245605e-01 -8.394172191619873047e-01 2.713930904865264893e-01
-9.877505302429199219e-01 1.042907685041427612e-01 -1.160712242126464844e-01 1.021968945860862732e-01
2.703472599387168884e-02 8.469726443290710449e-01 5.309486389160156250e-01 -1.617566198110580444e-01
0.000000000000000000e+00 0.000000000000000000e+00 0.000000000000000000e+00 1.000000000000000000e+00
2.632899582386016846e-01 5.865497589111328125e-01 -7.659226059913635254e-01 2.400316298007965088e-01
-9.599292874336242676e-01 8.028882741928100586e-02 -2.684948742389678955e-01 1.494479179382324219e-01
-9.599062055349349976e-02 8.059240579605102539e-01 5.841858386993408203e-01 -1.684796810150146484e-01
0.000000000000000000e+00 0.000000000000000000e+00 0.000000000000000000e+00 1.000000000000000000e+00
3.154365718364715576e-01 6.298412680625915527e-01 -7.097884416580200195e-01 2.191806733608245850e-01
-9.305453896522521973e-01 5.871874094009399414e-02 -3.614383637905120850e-01 1.764749884605407715e-01
-1.859706789255142212e-01 7.745007276535034180e-01 6.046175956726074219e-01 -1.681159436702728271e-01
0.000000000000000000e+00 0.000000000000000000e+00 0.000000000000000000e+00 1.000000000000000000e+00
3.595637381076812744e-01 6.493346095085144043e-01 -6.701331734657287598e-01 2.033413648605346680e-01
-8.925435543060302734e-01 2.985451370477676392e-02 -4.499714076519012451e-01 2.010535448789596558e-01
-2.721755802631378174e-01 7.599166631698608398e-01 5.902941823005676270e-01 -1.568488031625747681e-01
0.000000000000000000e+00 0.000000000000000000e+00 0.000000000000000000e+00 1.000000000000000000e+00
4.139268398284912109e-01 6.556353569030761719e-01 -6.315113902091979980e-01 1.862671524286270142e-01
-8.419535160064697266e-01 1.198669709265232086e-02 -5.394179224967956543e-01 2.249034196138381958e-01
-3.460913896560668945e-01 7.549827694892883301e-01 5.569764971733093262e-01 -1.392713040113449097e-01
0.000000000000000000e+00 0.000000000000000000e+00 0.000000000000000000e+00 1.000000000000000000e+00
5.048179030418395996e-01 6.601272821426391602e-01 -5.562293529510498047e-01 1.570527553558349609e-01
-7.364025712013244629e-01 -6.884858943521976471e-03 -6.765087246894836426e-01 2.572867572307586670e-01
-4.504113495349884033e-01 7.511226534843444824e-01 4.826436340808868408e-01 -1.048484891653060913e-01
0.000000000000000000e+00 0.000000000000000000e+00 0.000000000000000000e+00 1.000000000000000000e+00
6.053448319435119629e-01 7.009243965148925781e-01 -3.771764039993286133e-01 9.324797242879867554e-02
-5.796312093734741211e-01 6.342530995607376099e-02 -8.124069571495056152e-01 2.906981408596038818e-01
-5.455131530761718750e-01 7.104095816612243652e-01 4.446718394756317139e-01 -8.524645864963531494e-02
0.000000000000000000e+00 0.000000000000000000e+00 0.000000000000000000e+00 1.000000000000000000e+00
6.187300682067871094e-01 7.387698292732238770e-01 -2.671942412853240967e-01 6.126020848751068115e-02
-5.011672973632812500e-01 1.092643961310386658e-01 -8.584246039390563965e-01 2.999272048473358154e-01
-6.049829721450805664e-01 6.650419831275939941e-01 4.378524720668792725e-01 -7.876455783843994141e-02
0.000000000000000000e+00 0.000000000000000000e+00 0.000000000000000000e+00 1.000000000000000000e+00
5.756925940513610840e-01 7.943871617317199707e-01 -1.937186866998672485e-01 4.476399719715118408e-02
-4.033837616443634033e-01 6.984440982341766357e-02 -9.123611450195312500e-01 3.104451000690460205e-01
-7.112379670143127441e-01 6.033826470375061035e-01 3.606517016887664795e-01 -5.213547125458717346e-02
0.000000000000000000e+00 0.000000000000000000e+00 0.000000000000000000e+00 1.000000000000000000e+00
4.091262817382812500e-01 9.105803966522216797e-01 -5.880930647253990173e-02 1.929531618952751160e-02
-2.316746264696121216e-01 4.132156819105148315e-02 -9.719153642654418945e-01 3.187158405780792236e-01
-8.825771212577819824e-01 4.112606644630432129e-01 2.278642058372497559e-01 -1.008609961718320847e-02
0.000000000000000000e+00 0.000000000000000000e+00 0.000000000000000000e+00 1.000000000000000000e+00
2.631439268589019775e-01 9.604349732398986816e-01 9.121752530336380005e-02 -2.257292903959751129e-02
-2.629182636737823486e-01 1.623624712228775024e-01 -9.510588645935058594e-01 3.210859000682830811e-01
-9.282402992248535156e-01 2.262823432683944702e-01 2.952405810356140137e-01 -3.765633329749107361e-02
0.000000000000000000e+00 0.000000000000000000e+00 0.000000000000000000e+00 1.000000000000000000e+00
2.798311412334442139e-01 9.594186544418334961e-01 -3.479606658220291138e-02 1.822267659008502960e-02
-3.732586205005645752e-01 7.533175498247146606e-02 -9.246637225151062012e-01 3.144259154796600342e-01
-8.845183849334716797e-01 2.717376947402954102e-01 3.791916072368621826e-01 -6.361317634582519531e-02
0.000000000000000000e+00 0.000000000000000000e+00 0.000000000000000000e+00 1.000000000000000000e+00
2.633572816848754883e-01 9.640717506408691406e-01 -3.477936610579490662e-02 2.384305559098720551e-02
-4.648742079734802246e-01 9.523551911115646362e-02 -8.802399635314941406e-01 3.041428327560424805e-01
-8.453016877174377441e-01 2.479854375123977661e-01 4.732528030872344971e-01 -9.677653014659881592e-02
0.000000000000000000e+00 0.000000000000000000e+00 0.000000000000000000e+00 1.000000000000000000e+00
1.462270021438598633e-01 9.878349304199218750e-01 -5.291055515408515930e-02 3.520370647311210632e-02
-4.730502068996429443e-01 2.285025827586650848e-02 -8.807390928268432617e-01 3.038794696331024170e-01
-8.688160777091979980e-01 1.538171619176864624e-01 4.706366360187530518e-01 -9.750434756278991699e-02
0.000000000000000000e+00 0.000000000000000000e+00 0.000000000000000000e+00 1.000000000000000000e+00
5.129215121269226074e-02 9.981760382652282715e-01 -3.183134272694587708e-02 3.353563696146011353e-02
-4.654202163219451904e-01 -4.308698698878288269e-03 -8.850794434547424316e-01 3.059274852275848389e-01
-8.836021423339843750e-01 6.021253764629364014e-02 4.643503427505493164e-01 -9.846308827400207520e-02
