1.000000000000000000e+00 0.000000000000000000e+00 0.000000000000000000e+00 -4.542167112231254578e-02
0.000000000000000000e+00 1.000000000000000000e+00 0.000000000000000000e+00 9.935460984706878662e-04
0.000000000000000000e+00 0.000000000000000000e+00 1.000000000000000000e+00 -2.875000238418579102e-01
0.000000000000000000e+00 0.000000000000000000e+00 0.000000000000000000e+00 1.000000000000000000e+00
9.966296553611755371e-01 8.033872395753860474e-02 1.659208536148071289e-02 -4.899053648114204407e-02
-8.003056794404983521e-02 9.966213703155517578e-01 -1.847076788544654846e-02 1.010730024427175522e-02
-1.801991090178489685e-02 1.708067022264003754e-02 9.996917247772216797e-01 -2.932853698730468750e-01
0.000000000000000000e+00 0.000000000000000000e+00 0.000000000000000000e+00 1.000000000000000000e+00
9.858630895614624023e-01 1.630604267120361328e-01 3.853880614042282104e-02 -5.385730043053627014e-02
-1.609604060649871826e-01 9.855655431747436523e-01 -5.246114358305931091e-02 2.554335258901119232e-02
-4.653689637780189514e-02 4.551625251770019531e-02 9.978789687156677246e-01 -2.922527790069580078e-01
0.000000000000000000e+00 0.000000000000000000e+00 0.000000000000000000e+00 1.000000000000000000e+00
9.657070636749267578e-01 2.565367519855499268e-01 3.998309746384620667e-02 -5.197704583406448364e-02
-2.528678476810455322e-01 9.642487168312072754e-01 -7.925932109355926514e-02 3.881031274795532227e-02
-5.888660997152328491e-02 6.643083691596984863e-02 9.960519671440124512e-01 -2.917470633983612061e-01
0.000000000000000000e+00 0.000000000000000000e+00 0.000000000000000000e+00 1.000000000000000000e+00
9.370510578155517578e-01 3.455558717250823975e-01 5.026042088866233826e-02 -5.229113623499870300e-02
-3.375377655029296875e-01 9.332208037376403809e-01 -1.231545358896255493e-01 5.697008594870567322e-02
-8.946090191602706909e-02 9.843727946281433105e-02 9.911138415336608887e-01 -2.892269492149353027e-01
0.000000000000000000e+00 0.000000000000000000e+00 0.000000000000000000e+00 1.000000000000000000e+00
8.920130729675292969e-01 4.510060250759124756e-01 3.010203689336776733e-02 -4.286407306790351868e-02
-4.431398212909698486e-01 8.856960535049438477e-01 -1.384542733430862427e-01 6.568999588489532471e-02
-8.910498023033142090e-02 1.101635992527008057e-01 9.899113178253173828e-01 -2.900093495845794678e-01
0.000000000000000000e+00 0.000000000000000000e+00 0.000000000000000000e+00 1.000000000000000000e+00
8.465554714202880859e-01 5.319852828979492188e-01 1.830854825675487518e-02 -3.643169254064559937e-02
-5.223278999328613281e-01 8.368308544158935547e-01 -1.639737337827682495e-01 7.773572951555252075e-02
-1.025528460741043091e-01 1.292498111724853516e-01 9.862948060035705566e-01 -2.888535559177398682e-01
0.000000000000000000e+00 0.000000000000000000e+00 0.000000000000000000e+00 1.000000000000000000e+00
7.930632233619689941e-01 6.091297864913940430e-01 -3.377805929630994797e-03 -2.653798088431358337e-02
-6.010888814926147461e-01 7.816714644432067871e-01 -1.663783788681030273e-01 8.203503489494323730e-02
-9.870571643114089966e-02 1.339789479970932007e-01 9.860562682151794434e-01 -2.899442911148071289e-01
0.000000000000000000e+00 0.000000000000000000e+00 0.000000000000000000e+00 1.000000000000000000e+00
7.225713729858398438e-01 6.906308531761169434e-01 -3.032346628606319427e-02 -1.308815553784370422e-02
-6.852298378944396973e-01 7.097427845001220703e-01 -1.634783297777175903e-01 8.401484787464141846e-02
-9.138134866952896118e-02 1.389032751321792603e-01 9.860806465148925781e-01 -2.906142473220825195e-01
0.000000000000000000e+00 0.000000000000000000e+00 0.000000000000000000e+00 1.000000000000000000e+00
6.471944451332092285e-01 7.615188956260681152e-01 -3.503935411572456360e-02 -6.582812871783971786e-03
-7.576687932014465332e-01 6.374897956848144531e-01 -1.398015320301055908e-01 7.931374758481979370e-02
-8.412434905767440796e-02 1.170270219445228577e-01 9.895593523979187012e-01 -2.934775948524475098e-01
0.000000000000000000e+00 0.000000000000000000e+00 0.000000000000000000e+00 1.000000000000000000e+00
5.537322163581848145e-01 8.316810131072998047e-01 -4.107425734400749207e-02 1.099900924600660801e-03
-8.307100534439086914e-01 5.483363866806030273e-01 -9.616508334875106812e-02 6.745433062314987183e-02
-5.745619907975196838e-02 8.737050741910934448e-02 9.945175647735595703e-01 -2.983333468437194824e-01
0.000000000000000000e+00 0.000000000000000000e+00 0.000000000000000000e+00 1.000000000000000000e+00
4.613151252269744873e-01 8.825459480285644531e-01 -9.110950678586959839e-02 2.332509122788906097e-02
-8.871927261352539062e-01 4.578348696231842041e-01 -5.723910406231880188e-02 5.574195832014083862e-02
-8.803019300103187561e-03 1.072369515895843506e-01 9.941944479942321777e-01 -3.022071719169616699e-01
0.000000000000000000e+00 0.000000000000000000e+00 0.000000000000000000e+00 1.000000000000000000e+00
3.522905707359313965e-01 9.303972721099853516e-01 -1.012541130185127258e-01 3.085804171860218048e-02
-9.357092976570129395e-01 3.522852361202239990e-01 -1.853096485137939453e-02 4.130331799387931824e-02
1.842916384339332581e-02 1.012726649641990662e-01 9.946879744529724121e-01 -3.039793372154235840e-01
0.000000000000000000e+00 0.000000000000000000e+00 0.000000000000000000e+00 1.000000000000000000e+00
2.720058262348175049e-01 9.544267654418945312e-01 -1.228092238306999207e-01 4.038943350315093994e-02
-9.591225981712341309e-01 2.792471945285797119e-01 4.587627202272415161e-02 1.691970415413379669e-02
7.807965576648712158e-02 1.053105071187019348e-01 9.913693666458129883e-01 -3.035983145236968994e-01
0.000000000000000000e+00 0.000000000000000000e+00 0.000000000000000000e+00 1.000000000000000000e+00
1.958161294460296631e-01 9.692682623863220215e-01 -1.489120125770568848e-01 5.005504563450813293e-02
-9.721131920814514160e-01 2.118442505598068237e-01 1.005860194563865662e-01 -3.335198154672980309e-03
1.290410459041595459e-01 1.250630170106887817e-01 9.837213158607482910e-01 -3.020090758800506592e-01
0.000000000000000000e+00 0.000000000000000000e+00 0.000000000000000000e+00 1.000000000000000000e+00
1.154173240065574646e-01 9.810631871223449707e-01 -1.555444300174713135e-01 5.383045598864555359e-02
-9.701421856880187988e-01 1.449617445468902588e-01 1.944484412670135498e-01 -3.518819436430931091e-02
2.133141607046127319e-01 1.284574717283248901e-01 9.685016870498657227e-01 -2.988638579845428467e-01
0.000000000000000000e+00 0.000000000000000000e+00 0.000000000000000000e+00 1.000000000000000000e+00
1.896756589412689209e-01 9.723820686340332031e-01 -1.360009163618087769e-01 4.714830219745635986e-02
-9.546796083450317383e-01 2.150080949068069458e-01 2.058112174272537231e-01 -3.842902556061744690e-02
2.293684035539627075e-01 9.079992771148681641e-02 9.690952897071838379e-01 -2.968673110008239746e-01
0.000000000000000000e+00 0.000000000000000000e+00 0.000000000000000000e+00 1.000000000000000000e+00
2.744987905025482178e-01 9.512690901756286621e-01 -1.404896527528762817e-01 4.568274319171905518e-02
-9.375492334365844727e-01 2.972283959388732910e-01 1.807113289833068848e-01 -2.833171188831329346e-02
2.136625945568084717e-01 8.211091905832290649e-02 9.734504818916320801e-01 -2.957449555397033691e-01
0.000000000000000000e+00 0.000000000000000000e+00 0.000000000000000000e+00 1.000000000000000000e+00
3.264026343822479248e-01 9.338290691375732422e-01 -1.463699936866760254e-01 4.592991247773170471e-02
-9.337851405143737793e-01 3.425859510898590088e-01 1.033464148640632629e-01 -1.392527250573039055e-03
1.466522216796875000e-01 1.029456108808517456e-01 9.838167428970336914e-01 -2.953677177429199219e-01
0.000000000000000000e+00 0.000000000000000000e+00 0.000000000000000000e+00 1.000000000000000000e+00
3.635325431823730469e-01 9.138669371604919434e-01 -1.808078438043594360e-01 5.517253279685974121e-02
-9.285013675689697266e-01 3.712100088596343994e-01 9.379667229950428009e-03 3.155560046434402466e-02
7.568945735692977905e-02 1.644706130027770996e-01 9.834737777709960938e-01 -2.911477088928222656e-01
0.000000000000000000e+00 0.000000000000000000e+00 0.000000000000000000e+00 1.000000000000000000e+00
4.026412069797515869e-01 8.946944475173950195e-01 -1.933952867984771729e-01 5.703995004296302795e-02
-9.152561426162719727e-01 3.966579735279083252e-01 -7.048836350440979004e-02 5.853818356990814209e-02
1.364622544497251511e-02 2.053877413272857666e-01 9.785856604576110840e-01 -2.860728502273559570e-01
0.000000000000000000e+00 0.000000000000000000e+00 0.000000000000000000e+00 1.000000000000000000e+00
4.605852365493774414e-01 8.591823577880859375e-01 -2.228608578443527222e-01 6.234405189752578735e-02
-8.866081833839416504e-01 4.333687126636505127e-01 -1.616075038909912109e-01 8.653504401445388794e-02
-4.226943477988243103e-02 2.720243036746978760e-01 9.613614082336425781e-01 -2.758313417434692383e-01
0.000000000000000000e+00 0.000000000000000000e+00 0.000000000000000000e+00 1.000000000000000000e+00
5.350306034088134766e-01 8.184988498687744141e-01 -2.092882096767425537e-01 5.283366143703460693e-02
-8.404091000556945801e-01 4.903227090835571289e-01 -2.308590412139892578e-01 1.052305102348327637e-01
-8.633913099765777588e-02 2.994044423103332520e-01 9.502118229866027832e-01 -2.684708535671234131e-01
0.000000000000000000e+00 0.000000000000000000e+00 0.000000000000000000e+00 1.000000000000000000e+00
5.943394899368286133e-01 7.788373827934265137e-01 -2.004315257072448730e-01 4.589554667472839355e-02
-7.946797013282775879e-01 5.304985046386718750e-01 -2.950511276721954346e-01 1.211396157741546631e-01
-1.234682872891426086e-01 3.346393406391143799e-01 9.342225193977355957e-01 -2.601739168167114258e-01
0.000000000000000000e+00 0.000000000000000000e+00 0.000000000000000000e+00 1.000000000000000000e+00
6.725749969482421875e-01 7.194880247116088867e-01 -1.731461584568023682e-01 3.162927553057670593e-02
-7.211325168609619141e-01 5.846738815307617188e-01 -3.716503977775573730e-01 1.371196806430816650e-01
-1.661640852689743042e-01 3.748241961002349854e-01 9.120835661888122559e-01 -2.493127733469009399e-01
0.000000000000000000e+00 0.000000000000000000e+00 0.000000000000000000e+00 1.000000000000000000e+00
7.384235858917236328e-01 6.563037037849426270e-01 -1.549060046672821045e-01 2.277073636651039124e-02
-6.455324888229370117e-01 6.215563416481018066e-01 -4.437967240810394287e-01 1.513905227184295654e-01
-1.949826776981353760e-01 4.277066588401794434e-01 8.826371431350708008e-01 -2.356480658054351807e-01
0.000000000000000000e+00 0.000000000000000000e+00 0.000000000000000000e+00 1.000000000000000000e+00
7.646662592887878418e-01 6.280970573425292969e-01 -1.441488564014434814e-01 1.717512868344783783e-02
-5.949259996414184570e-01 6.020694971084594727e-01 -5.325175523757934570e-01 1.716097444295883179e-01
-2.476853579282760620e-01 4.929561913013458252e-01 8.340538144111633301e-01 -2.141658514738082886e-01
0.000000000000000000e+00 0.000000000000000000e+00 0.000000000000000000e+00 1.000000000000000000e+00
7.945557832717895508e-01 5.894482731819152832e-01 -1.457109600305557251e-01 1.488008163869380951e-02
-5.314181447029113770e-01 5.589934587478637695e-01 -6.364910006523132324e-01 1.982820630073547363e-01
-2.937271893024444580e-01 5.831611156463623047e-01 7.573949694633483887e-01 -1.859913319349288940e-01
0.000000000000000000e+00 0.000000000000000000e+00 0.000000000000000000e+00 1.000000000000000000e+00
8.180625438690185547e-01 5.584715604782104492e-01 -1.374154388904571533e-01 1.033562514930963516e-02
-4.745023250579833984e-01 5.203687548637390137e-01 -7.099745273590087891e-01 2.174217253923416138e-01
-3.249939084053039551e-01 6.460074782371520996e-01 6.906902194023132324e-01 -1.622290760278701782e-01
0.000000000000000000e+00 0.000000000000000000e+00 0.000000000000000000e+00 1.000000000000000000e+00
8.466845750808715820e-01 5.142365694046020508e-01 -1.366973072290420532e-01 7.380065042525529861e-03
-4.108158946037292480e-01 4.684898853302001953e-01 -7.821428179740905762e-01 2.361653149127960205e-01
-3.381652235984802246e-01 7.183856964111328125e-01 6.079197525978088379e-01 -1.390987634658813477e-01
0.000000000000000000e+00 0.000000000000000000e+00 0.000000000000000000e+00 1.000000000000000000e+00
8.776347637176513672e-01 4.693308472633361816e-01 -9.739434719085693359e-02 -6.129256915301084518e-03
-3.226535618305206299e-01 4.281809628009796143e-01 -8.441299796104431152e-01 2.510830760002136230e-01
-3.544739484786987305e-01 7.722625732421875000e-01 5.272178053855895996e-01 -1.174283400177955627e-01
0.000000000000000000e+00 0.000000000000000000e+00 0.000000000000000000e+00 1.000000000000000000e+00
8.968305587768554688e-01 4.374363124370574951e-01 -6.591489911079406738e-02 -1.506435312330722809e-02
-2.227635234594345093e-01 3.178375065326690674e-01 -9.216049909591674805e-01 2.656953930854797363e-01
-3.821932971477508545e-01 8.412066698074340820e-01 3.824909925460815430e-01 -7.834812998771667480e-02
0.000000000000000000e+00 0.000000000000000000e+00 0.000000000000000000e+00 1.000000000000000000e+00
8.885661959648132324e-01 4.582928717136383057e-01 -2.044159173965454102e-02 -3.206904605031013489e-02
-7.996194064617156982e-02 1.108499169349670410e-01 -9.906152486801147461e-01 2.824101448059082031e-01
-4.517258703708648682e-01 8.818615078926086426e-01 1.351434439420700073e-01 -9.622165933251380920e-03
0.000000000000000000e+00 0.000000000000000000e+00 0.000000000000000000e+00 1.000000000000000000e+00
8.849908709526062012e-01 4.645071327686309814e-01 -3.200464695692062378e-02 -2.600884065032005310e-02
-8.051031827926635742e-02 8.496362715959548950e-02 -9.931262135505676270e-01 2.826580703258514404e-01
-4.585948884487152100e-01 8.814840912818908691e-01 1.125896126031875610e-01 -9.838084690272808075e-03
0.000000000000000000e+00 0.000000000000000000e+00 0.000000000000000000e+00 1.000000000000000000e+00
8.544549345970153809e-01 5.189628005027770996e-01 -2.417277172207832336e-02 -2.473325468599796295e-02
-9.117471426725387573e-02 1.039846614003181458e-01 -9.903911352157592773e-01 2.823921144008636475e-01
-5.114626288414001465e-01 8.484485149383544922e-01 1.361664682626724243e-01 -1.460803020745515823e-02
0.000000000000000000e+00 0.000000000000000000e+00 0.000000000000000000e+00 1.000000000000000000e+00
8.331146240234375000e-01 5.495800375938415527e-01 -6.230194866657257080e-02 -1.403677556663751602e-02
-2.213802933692932129e-01 2.281098216772079468e-01 -9.481332302093505859e-01 2.757044732570648193e-01
-5.068634748458862305e-01 8.036961555480957031e-01 3.117077648639678955e-01 -5.492667853832244873e-02
0.000000000000000000e+00 0.000000000000000000e+00 0.000000000000000000e+00 1.000000000000000000e+00
8.369129300117492676e-01 5.378214716911315918e-01 -1.016111820936203003e-01 -3.826159285381436348e-03
-3.059957921504974365e-01 3.058299422264099121e-01 -9.015731215476989746e-01 2.663021683692932129e-01
-4.538098275661468506e-01 7.856308221817016602e-01 4.205241501331329346e-01 -8.485330641269683838e-02
0.000000000000000000e+00 0.000000000000000000e+00 0.000000000000000000e+00 1.000000000000000000e+00
8.177790045738220215e-01 5.640601515769958496e-01 -1.143396422266960144e-01 -7.032144640106707811e-05
-3.709092438220977783e-01 3.646147847175598145e-01 -8.540975451469421387e-01 2.561668157577514648e-01
-4.400724470615386963e-01 7.408726811408996582e-01 5.073895454406738281e-01 -1.092659235000610352e-01
0.000000000000000000e+00 0.000000000000000000e+00 0.000000000000000000e+00 1.000000000000000000e+00
8.377736210823059082e-01 5.398890376091003418e-01 -8.157915621995925903e-02 -1.370919588953256607e-02
-4.476051330566406250e-01 5.935012102127075195e-01 -6.688840389251708984e-01 2.164614051580429077e-01
-3.127059638500213623e-01 5.968885421752929688e-01 7.388768792152404785e-01 -1.802746653556823730e-01
0.000000000000000000e+00 0.000000000000000000e+00 0.000000000000000000e+00 1.000000000000000000e+00
8.376409411430358887e-01 5.435832142829895020e-01 -5.361562967300415039e-02 -2.287489920854568481e-02
-4.607638716697692871e-01 6.504629254341125488e-01 -6.038161516189575195e-01 1.972750574350357056e-01
-2.933495342731475830e-01 5.304853320121765137e-01 7.953182458877563477e-01 -1.976641118526458740e-01
0.000000000000000000e+00 0.000000000000000000e+00 0.000000000000000000e+00 1.000000000000000000e+00
8.601831793785095215e-01 5.062015652656555176e-01 -6.200629845261573792e-02 -2.081437408924102783e-02
-4.568935334682464600e-01 7.109018564224243164e-01 -5.346649885177612305e-01 1.766360253095626831e-01
-2.265679091215133667e-01 4.882401525974273682e-01 8.427861332893371582e-01 -2.136943787336349487e-01
0.000000000000000000e+00 0.000000000000000000e+00 0.000000000000000000e+00 1.000000000000000000e+00
8.745233416557312012e-01 4.840924143791198730e-01 -2.938079275190830231e-02 -2.902742102742195129e-02
-4.556354582309722900e-01 7.993400692939758301e-01 -3.917286694049835205e-01 1.354151964187622070e-01
-1.661478579044342041e-01 3.559627234935760498e-01 9.196113348007202148e-01 -2.372108250856399536e-01
0.000000000000000000e+00 0.000000000000000000e+00 0.000000000000000000e+00 1.000000000000000000e+00
8.803322315216064453e-01 4.737512469291687012e-01 -2.398034371435642242e-02 -2.890461683273315430e-02
-4.636544287204742432e-01 8.486897945404052734e-01 -2.544602751731872559e-01 9.735988080501556396e-02
-1.001990735530853271e-01 2.351281344890594482e-01 9.667860269546508789e-01 -2.529045045375823975e-01
0.000000000000000000e+00 0.000000000000000000e+00 0.000000000000000000e+00 1.000000000000000000e+00
8.780618309974670410e-01 4.783252477645874023e-01 -1.455753576010465622e-02 -2.723592147231101990e-02
-4.784654676914215088e-01 8.769458532333374023e-01 -4.512945562601089478e-02 3.842036798596382141e-02
-8.820405229926109314e-03 4.659174010157585144e-02 9.988749623298645020e-01 -2.658957839012145996e-01
0.000000000000000000e+00 0.000000000000000000e+00 0.000000000000000000e+00 1.000000000000000000e+00
8.880987167358398438e-01 4.594214260578155518e-01 -1.458450127393007278e-02 -2.571301907300949097e-02
-4.584491252899169922e-01 8.876216411590576172e-01 4.418387636542320251e-02 1.171763055026531219e-02
3.324453905224800110e-02 -3.255339711904525757e-02 9.989169239997863770e-01 -2.685302495956420898e-01
0.000000000000000000e+00 0.000000000000000000e+00 0.000000000000000000e+00 1.000000000000000000e+00
8.939601778984069824e-01 4.480808377265930176e-01 -7.659186609089374542e-03 -2.702822536230087280e-02
-4.421407878398895264e-01 8.846401572227478027e-01 1.480648666620254517e-01 -2.014987170696258545e-02
7.312070578336715698e-02 -1.289776414632797241e-01 9.889480471611022949e-01 -2.676042616367340088e-01
0.000000000000000000e+00 0.000000000000000000e+00 0.000000000000000000e+00 1.000000000000000000e+00
8.976354598999023438e-01 4.406239688396453857e-01 -1.004735566675662994e-02 -2.624236419796943665e-02
-4.235678315162658691e-01 8.687415719032287598e-01 2.566673457622528076e-01 -5.422662943601608276e-02
1.218224093317985535e-01 -2.261379659175872803e-01 9.664475917816162109e-01 -2.630631625652313232e-01
0.000000000000000000e+00 0.000000000000000000e+00 0.000000000000000000e+00 1.000000000000000000e+00
9.004213213920593262e-01 4.347852766513824463e-01 -1.424652244895696640e-02 -2.463169023394584656e-02
-3.992666900157928467e-01 8.389788866043090820e-01 3.697298765182495117e-01 -9.153269231319427490e-02
1.727057993412017822e-01 -3.272245228290557861e-01 9.290300011634826660e-01 -2.535013556480407715e-01
0.000000000000000000e+00 0.000000000000000000e+00 0.000000000000000000e+00 1.000000000000000000e+00
9.052963256835937500e-01 4.246836900711059570e-01 -9.064638055860996246e-03 -2.731785364449024200e-02
-3.738140463829040527e-01 8.066299557685852051e-01 4.578327536582946777e-01 -1.208076551556587219e-01
2.017461061477661133e-01 -4.110857844352722168e-01 8.889920115470886230e-01 -2.435456067323684692e-01
0.000000000000000000e+00 0.000000000000000000e+00 0.000000000000000000e+00 1.000000000000000000e+00
9.149675965309143066e-01 4.034960865974426270e-01 -5.010218825191259384e-03 -3.138668835163116455e-02
-3.347179293632507324e-01 7.658241987228393555e-01 5.490692257881164551e-01 -1.508997231721878052e-01
2.253843247890472412e-01 -5.007035136222839355e-01 8.357617855072021484e-01 -2.305175960063934326e-01
0.000000000000000000e+00 0.000000000000000000e+00 0.000000000000000000e+00 1.000000000000000000e+00
9.100213646888732910e-01 4.141908586025238037e-01 1.751825958490371704e-02 -3.911070525646209717e-02
-3.324615657329559326e-01 7.039055824279785156e-01 6.276828646659851074e-01 -1.747550666332244873e-01
2.476495057344436646e-01 -5.770289301872253418e-01 7.782717943191528320e-01 -2.167080044746398926e-01
0.000000000000000000e+00 0.000000000000000000e+00 0.000000000000000000e+00 1.000000000000000000e+00
9.154270887374877930e-01 4.010544717311859131e-01 3.388975188136100769e-02 -4.607167094945907593e-02
-2.987591922283172607e-01 6.206763982772827148e-01 7.249162793159484863e-01 -2.055089920759201050e-01
2.696964442729949951e-01 -6.737328171730041504e-01 6.880027055740356445e-01 -1.919901520013809204e-01
0.000000000000000000e+00 0.000000000000000000e+00 0.000000000000000000e+00 1.000000000000000000e+00
9.253230690956115723e-01 3.749891519546508789e-01 5.621695145964622498e-02 -5.421889945864677429e-02
-2.694619297981262207e-01 5.460004210472106934e-01 7.932676672935485840e-01 -2.281240522861480713e-01
2.667723298072814941e-01 -7.491771578788757324e-01 6.062721610069274902e-01 -1.671288013458251953e-01
0.000000000000000000e+00 0.000000000000000000e+00 0.000000000000000000e+00 1.000000000000000000e+00
9.314467310905456543e-01 3.603568077087402344e-01 5.049675330519676208e-02 -5.443887412548065186e-02
-2.293027788400650024e-01 4.735326766967773438e-01 8.504039645195007324e-01 -2.478297054767608643e-01
2.825370430946350098e-01 -8.036850094795227051e-01 5.237013101577758789e-01 -1.440697014331817627e-01
0.000000000000000000e+00 0.000000000000000000e+00 0.000000000000000000e+00 1.000000000000000000e+00
9.426933526992797852e-01 3.290443122386932373e-01 5.530937016010284424e-02 -5.874958261847496033e-02
-1.949021667242050171e-01 4.084955453872680664e-01 8.917087912559509277e-01 -2.616699635982513428e-01
2.708180546760559082e-01 -8.513877987861633301e-01 4.492174983024597168e-01 -1.230157092213630676e-01
0.000000000000000000e+00 0.000000000000000000e+00 0.000000000000000000e+00 1.000000000000000000e+00
9.556816816329956055e-01 2.900324165821075439e-01 5.053378269076347351e-02 -6.013531237840652466e-02
-1.529953926801681519e-01 3.426296412944793701e-01 9.269288182258605957e-01 -2.753166556358337402e-01
2.515251040458679199e-01 -8.935803771018981934e-01 3.718185424804687500e-01 -9.923053532838821411e-02
0.000000000000000000e+00 0.000000000000000000e+00 0.000000000000000000e+00 1.000000000000000000e+00
9.611573815345764160e-01 2.639824450016021729e-01 8.055867254734039307e-02 -7.138156890869140625e-02
-1.507339626550674438e-01 2.575597167015075684e-01 9.544329047203063965e-01 -2.876141965389251709e-01
2.312048822641372681e-01 -9.295031428337097168e-01 2.873465716838836670e-01 -6.901856511831283569e-02
0.000000000000000000e+00 0.000000000000000000e+00 0.000000000000000000e+00 1.000000000000000000e+00
9.691098928451538086e-01 2.372902780771255493e-01 6.722612679004669189e-02 -7.013124227523803711e-02
-1.109262630343437195e-01 1.759174764156341553e-01 9.781351089477539062e-01 -2.989235818386077881e-01
2.202757149934768677e-01 -9.553775787353515625e-01 1.968050748109817505e-01 -3.807435557246208191e-02
0.000000000000000000e+00 0.000000000000000000e+00 0.000000000000000000e+00 1.000000000000000000e+00
