1.000000000000000000e+00 0.000000000000000000e+00 0.000000000000000000e+00 -3.619798645377159119e-02
0.000000000000000000e+00 1.000000000000000000e+00 0.000000000000000000e+00 -1.327119767665863037e-03
0.000000000000000000e+00 0.000000000000000000e+00 1.000000000000000000e+00 -2.960163652896881104e-01
0.000000000000000000e+00 0.000000000000000000e+00 0.000000000000000000e+00 1.000000000000000000e+00
9.910126924514770508e-01 1.334821432828903198e-01 8.731020614504814148e-03 -4.211673885583877563e-02
-1.327869147062301636e-01 9.895393848419189453e-01 -5.638552829623222351e-02 2.764820307493209839e-02
-1.616618782281875610e-02 5.471940338611602783e-02 9.983708262443542480e-01 -2.969831526279449463e-01
0.000000000000000000e+00 0.000000000000000000e+00 0.000000000000000000e+00 1.000000000000000000e+00
9.715782999992370605e-01 2.340804636478424072e-01 3.523721173405647278e-02 -5.052680522203445435e-02
-2.295500636100769043e-01 9.680159687995910645e-01 -1.012493148446083069e-01 5.186289176344871521e-02
-5.781075730919837952e-02 9.028292447328567505e-02 9.942368865013122559e-01 -2.945323586463928223e-01
0.000000000000000000e+00 0.000000000000000000e+00 0.000000000000000000e+00 1.000000000000000000e+00
9.424797296524047852e-01 3.324779272079467773e-01 3.449943289160728455e-02 -4.927206411957740784e-02
-3.242304921150207520e-01 9.344067573547363281e-01 -1.475076377391815186e-01 7.480164617300033569e-02
-8.127961307764053345e-02 1.278372257947921753e-01 9.884592294692993164e-01 -2.913830578327178955e-01
0.000000000000000000e+00 0.000000000000000000e+00 0.000000000000000000e+00 1.000000000000000000e+00
8.972450494766235352e-01 4.415191709995269775e-01 -3.454046323895454407e-03 -3.241593763232231140e-02
-4.359095990657806396e-01 8.845467567443847656e-01 -1.660115271806716919e-01 8.737254887819290161e-02
-7.024203985929489136e-02 1.504586637020111084e-01 9.861178994178771973e-01 -2.911135852336883545e-01
0.000000000000000000e+00 0.000000000000000000e+00 0.000000000000000000e+00 1.000000000000000000e+00
8.302077651023864746e-01 5.573249459266662598e-01 -1.199480518698692322e-02 -2.358270250260829926e-02
-5.492827892303466797e-01 8.141787052154541016e-01 -1.881514340639114380e-01 1.008969619870185852e-01
-9.509564936161041260e-02 1.627933233976364136e-01 9.820668101310729980e-01 -2.893369495868682861e-01
0.000000000000000000e+00 0.000000000000000000e+00 0.000000000000000000e+00 1.000000000000000000e+00
7.541976571083068848e-01 6.550549864768981934e-01 -4.570132866501808167e-02 -6.364290602505207062e-03
-6.520895957946777344e-01 7.389610409736633301e-01 -1.694557368755340576e-01 9.903037548065185547e-02
-7.723142951726913452e-02 1.576045155525207520e-01 9.844776391983032227e-01 -2.925741970539093018e-01
0.000000000000000000e+00 0.000000000000000000e+00 0.000000000000000000e+00 1.000000000000000000e+00
6.945215463638305664e-01 7.154469490051269531e-01 -7.599512487649917603e-02 6.867750082165002823e-03
-7.189298272132873535e-01 6.860181093215942383e-01 -1.118856966495513916e-01 8.050763607025146484e-02
-2.791429869830608368e-02 1.323422044515609741e-01 9.908110499382019043e-01 -2.994924783706665039e-01
0.000000000000000000e+00 0.000000000000000000e+00 0.000000000000000000e+00 1.000000000000000000e+00
5.886151194572448730e-01 8.073616623878479004e-01 -4.121847823262214661e-02 -3.982763446401804686e-04
-8.075777292251586914e-01 5.849245786666870117e-01 -7.537395507097244263e-02 6.905550509691238403e-02
-3.674436733126640320e-02 7.765337079763412476e-02 9.963031411170959473e-01 -3.066253066062927246e-01
0.000000000000000000e+00 0.000000000000000000e+00 0.000000000000000000e+00 1.000000000000000000e+00
5.071988701820373535e-01 8.607389926910400391e-01 -4.333011060953140259e-02 4.836992826312780380e-03
-8.613566756248474121e-01 5.046156644821166992e-01 -5.854541063308715820e-02 6.402285397052764893e-02
-2.852726727724075317e-02 6.701685488224029541e-02 9.973439574241638184e-01 -3.104415833950042725e-01
0.000000000000000000e+00 0.000000000000000000e+00 0.000000000000000000e+00 1.000000000000000000e+00
4.060833752155303955e-01 9.119549393653869629e-01 -5.860177800059318542e-02 1.464326214045286179e-02
-9.136815071105957031e-01 4.063579738140106201e-01 -7.691965904086828232e-03 4.570352658629417419e-02
1.679856330156326294e-02 5.666694417595863342e-02 9.982518553733825684e-01 -3.148176968097686768e-01
0.000000000000000000e+00 0.000000000000000000e+00 0.000000000000000000e+00 1.000000000000000000e+00
2.939580380916595459e-01 9.539263248443603516e-01 -6.010644882917404175e-02 2.032855711877346039e-02
-9.548223614692687988e-01 2.959404289722442627e-01 2.708053402602672577e-02 3.281963616609573364e-02
4.362075403332710266e-02 4.943045973777770996e-02 9.978244900703430176e-01 -3.173363208770751953e-01
0.000000000000000000e+00 0.000000000000000000e+00 0.000000000000000000e+00 1.000000000000000000e+00
1.803073883056640625e-01 9.810361862182617188e-01 -7.111202180385589600e-02 2.885677292943000793e-02
-9.813776612281799316e-01 1.842956393957138062e-01 5.415454134345054626e-02 2.320821024477481842e-02
6.623321026563644409e-02 6.002329662442207336e-02 9.959971308708190918e-01 -3.181763291358947754e-01
0.000000000000000000e+00 0.000000000000000000e+00 0.000000000000000000e+00 1.000000000000000000e+00
1.013455167412757874e-01 9.917989373207092285e-01 -7.787115871906280518e-02 3.431147709488868713e-02
-9.907506108283996582e-01 1.077177897095680237e-01 8.252391219139099121e-02 1.225867867469787598e-02
9.023522585630416870e-02 6.878746300935745239e-02 9.935420751571655273e-01 -3.175570964813232422e-01
0.000000000000000000e+00 0.000000000000000000e+00 0.000000000000000000e+00 1.000000000000000000e+00
1.993319764733314514e-02 9.961283206939697266e-01 -8.562177419662475586e-02 4.165275394916534424e-02
-9.973877072334289551e-01 2.575911022722721100e-02 6.748516112565994263e-02 1.922197081148624420e-02
6.942941248416900635e-02 8.405291289091110229e-02 9.940395951271057129e-01 -3.115612864494323730e-01
0.000000000000000000e+00 0.000000000000000000e+00 0.000000000000000000e+00 1.000000000000000000e+00
-9.106183797121047974e-02 8.630644679069519043e-01 -4.968169927597045898e-01 1.825910061597824097e-01
-9.912188053131103516e-01 -3.052131831645965576e-02 1.286598294973373413e-01 -4.619344836100935936e-04
9.587815403938293457e-02 5.041704773902893066e-01 8.582653999328613281e-01 -2.599071562290191650e-01
0.000000000000000000e+00 0.000000000000000000e+00 0.000000000000000000e+00 1.000000000000000000e+00
-1.666411757469177246e-01 8.392810225486755371e-01 -5.175307989120483398e-01 1.912629902362823486e-01
-9.782460331916809082e-01 -7.495531439781188965e-02 1.934330016374588013e-01 -2.333588898181915283e-02
1.235529482364654541e-01 5.385063886642456055e-01 8.335139751434326172e-01 -2.528766095638275146e-01
0.000000000000000000e+00 0.000000000000000000e+00 0.000000000000000000e+00 1.000000000000000000e+00
-1.273094862699508667e-01 7.719039320945739746e-01 -6.228616833686828613e-01 2.179903537034988403e-01
-9.916315078735351562e-01 -1.126206442713737488e-01 6.311484426259994507e-02 1.850006915628910065e-02
-2.142843231558799744e-02 6.256844401359558105e-01 7.797819375991821289e-01 -2.287660241127014160e-01
0.000000000000000000e+00 0.000000000000000000e+00 0.000000000000000000e+00 1.000000000000000000e+00
-8.882711082696914673e-02 6.851289868354797363e-01 -7.229855656623840332e-01 2.404409348964691162e-01
-9.949550628662109375e-01 -2.705176174640655518e-02 9.660647809505462646e-02 1.095349062234163284e-02
4.662987962365150452e-02 7.279193401336669922e-01 6.840753555297851562e-01 -2.086057960987091064e-01
0.000000000000000000e+00 0.000000000000000000e+00 0.000000000000000000e+00 1.000000000000000000e+00
-6.436241418123245239e-02 5.159606337547302246e-01 -8.541908264160156250e-01 2.780012488365173340e-01
-9.857270121574401855e-01 1.005621179938316345e-01 1.350165605545043945e-01 -7.301544537767767906e-04
1.555623561143875122e-01 8.506889939308166504e-01 5.021240115165710449e-01 -1.522178351879119873e-01
0.000000000000000000e+00 0.000000000000000000e+00 0.000000000000000000e+00 1.000000000000000000e+00
-1.237819343805313110e-01 3.728432357311248779e-01 -9.196010231971740723e-01 2.966158688068389893e-01
-9.857349395751953125e-01 6.030075997114181519e-02 1.571321636438369751e-01 -1.151693239808082581e-02
1.140383332967758179e-01 9.259329438209533691e-01 3.600604236125946045e-01 -1.031739041209220886e-01
0.000000000000000000e+00 0.000000000000000000e+00 0.000000000000000000e+00 1.000000000000000000e+00
-1.932691782712936401e-01 2.757881879806518555e-01 -9.415878653526306152e-01 3.050191402435302734e-01
-9.750989675521850586e-01 5.239028856158256531e-02 2.154926657676696777e-01 -3.051712550222873688e-02
1.087603047490119934e-01 9.597895145416259766e-01 2.587954699993133545e-01 -7.143804430961608887e-02
0.000000000000000000e+00 0.000000000000000000e+00 0.000000000000000000e+00 1.000000000000000000e+00
-2.744590640068054199e-01 1.485038101673126221e-01 -9.500623345375061035e-01 3.110085427761077881e-01
-9.595454931259155273e-01 2.223321609199047089e-02 2.806739807128906250e-01 -5.164098739624023438e-02
6.280396133661270142e-02 9.886617660522460938e-01 1.363942772150039673e-01 -3.027641586959362030e-02
0.000000000000000000e+00 0.000000000000000000e+00 0.000000000000000000e+00 1.000000000000000000e+00
-2.997218668460845947e-01 -3.758190572261810303e-01 -8.768846392631530762e-01 2.910677194595336914e-01
-9.489495158195495605e-01 2.274287864565849304e-02 3.146067559719085693e-01 -6.029684096574783325e-02
-9.829244762659072876e-02 9.264137744903564453e-01 -3.634497523307800293e-01 1.366857290267944336e-01
0.000000000000000000e+00 0.000000000000000000e+00 0.000000000000000000e+00 1.000000000000000000e+00
-2.402175664901733398e-01 -5.552548766136169434e-01 -7.962332367897033691e-01 2.603052854537963867e-01
-9.682089090347290039e-01 7.810225337743759155e-02 2.376368492841720581e-01 -3.630732744932174683e-02
-6.976150721311569214e-02 8.280047178268432617e-01 -5.563641786575317383e-01 1.962274163961410522e-01
0.000000000000000000e+00 0.000000000000000000e+00 0.000000000000000000e+00 1.000000000000000000e+00
-1.309569627046585083e-01 -5.726870894432067871e-01 -8.092462420463562012e-01 2.557410597801208496e-01
-9.899659156799316406e-01 3.183657303452491760e-02 1.376721560955047607e-01 -2.633686875924468040e-03
-5.307949334383010864e-02 8.191554546356201172e-01 -5.711098909378051758e-01 2.002924978733062744e-01
0.000000000000000000e+00 0.000000000000000000e+00 0.000000000000000000e+00 1.000000000000000000e+00
