1.000000000000000000e+00 0.000000000000000000e+00 0.000000000000000000e+00 -4.146692231928954531e-01
0.000000000000000000e+00 -1.000000000000000000e+00 0.000000000000000000e+00 -7.693198940031911737e-02
0.000000000000000000e+00 0.000000000000000000e+00 -1.000000000000000000e+00 -3.421550398492883005e+00
0.000000000000000000e+00 0.000000000000000000e+00 0.000000000000000000e+00 1.000000000000000000e+00
9.902463555335998535e-01 -1.382205784320831299e-01 -1.752674952149391174e-02 -5.123742678979353871e-01
-1.370328962802886963e-01 -9.889378547668457031e-01 5.678459629416465759e-02 2.671370866473031236e-01
-2.518166415393352509e-02 -5.382899194955825806e-02 -9.982330799102783203e-01 -3.428814947942044000e+00
0.000000000000000000e+00 0.000000000000000000e+00 0.000000000000000000e+00 1.000000000000000000e+00
9.703466296195983887e-01 -2.395669668912887573e-01 -3.217225149273872375e-02 -5.643212254821584617e-01
-2.353487759828567505e-01 -9.667255878448486328e-01 1.002603545784950256e-01 5.514186622034368268e-01
-5.512085929512977600e-02 -8.971557766199111938e-02 -9.944406151771545410e-01 -3.408163290214967223e+00
0.000000000000000000e+00 0.000000000000000000e+00 0.000000000000000000e+00 1.000000000000000000e+00
9.425969123840332031e-01 -3.327765166759490967e-01 -2.776225842535495758e-02 -5.404638160138770520e-01
-3.258555829524993896e-01 -9.347879886627197266e-01 1.413829624652862549e-01 7.979689822740347882e-01
-7.300081849098205566e-02 -1.242206245660781860e-01 -9.895657896995544434e-01 -3.376278553605362553e+00
0.000000000000000000e+00 0.000000000000000000e+00 0.000000000000000000e+00 1.000000000000000000e+00
8.947964310646057129e-01 -4.464090466499328613e-01 -7.635931484401226044e-03 -4.040241160884417981e-01
-4.389593303203582764e-01 -8.827311992645263672e-01 1.676312088966369629e-01 9.695378200215475362e-01
-8.157262206077575684e-02 -1.466439515352249146e-01 -9.858201146125793457e-01 -3.357297311376773674e+00
0.000000000000000000e+00 0.000000000000000000e+00 0.000000000000000000e+00 1.000000000000000000e+00
8.291394710540771484e-01 -5.590316057205200195e-01 3.361297771334648132e-03 -2.966593534463716209e-01
-5.494408011436462402e-01 -8.137750625610351562e-01 1.894302368164062500e-01 1.122462531998895008e+00
-1.031622365117073059e-01 -1.589109152555465698e-01 -9.818882942199707031e-01 -3.340737240931383134e+00
0.000000000000000000e+00 0.000000000000000000e+00 0.000000000000000000e+00 1.000000000000000000e+00
7.524953484535217285e-01 -6.574380993843078613e-01 3.905935958027839661e-02 -8.990234802657157132e-02
-6.528914570808410645e-01 -7.368733286857604980e-01 1.753578484058380127e-01 1.112686671754390177e+00
-8.650521188974380493e-02 -1.574574708938598633e-01 -9.837295413017272949e-01 -3.374606069907743144e+00
0.000000000000000000e+00 0.000000000000000000e+00 0.000000000000000000e+00 1.000000000000000000e+00
6.949530839920043945e-01 -7.150806784629821777e-01 7.549661397933959961e-02 8.360872259902614456e-02
-7.183564305305480957e-01 -6.858126521110534668e-01 1.167263016104698181e-01 8.947254560649390287e-01
-3.169222921133041382e-02 -1.353528201580047607e-01 -9.902905821800231934e-01 -3.458354002036747588e+00
0.000000000000000000e+00 0.000000000000000000e+00 0.000000000000000000e+00 1.000000000000000000e+00
5.865544080734252930e-01 -8.090464472770690918e-01 3.737482801079750061e-02 -9.362864645841798700e-03
-8.091228604316711426e-01 -5.833271145820617676e-01 7.105909287929534912e-02 7.308132638519218016e-01
-3.568840026855468750e-02 -7.192085683345794678e-02 -9.967716932296752930e-01 -3.549412328695660257e+00
0.000000000000000000e+00 0.000000000000000000e+00 0.000000000000000000e+00 1.000000000000000000e+00
5.002261400222778320e-01 -8.643844127655029297e-01 5.112115666270256042e-02 9.588644670846677154e-02
-8.656162023544311523e-01 -4.976951181888580322e-01 5.484633520245552063e-02 6.764966671128584963e-01
-2.196557633578777313e-02 -7.168685644865036011e-02 -9.971855282783508301e-01 -3.591673909747378879e+00
0.000000000000000000e+00 0.000000000000000000e+00 0.000000000000000000e+00 1.000000000000000000e+00
4.020561873912811279e-01 -9.139695763587951660e-01 5.486620217561721802e-02 1.664711638874037114e-01
-9.154471158981323242e-01 -4.024081826210021973e-01 4.961381666362285614e-03 4.698515598835653617e-01
1.754404790699481964e-02 -5.222183465957641602e-02 -9.984812736511230469e-01 -3.642297564587339220e+00
0.000000000000000000e+00 0.000000000000000000e+00 0.000000000000000000e+00 1.000000000000000000e+00
2.917892038822174072e-01 -9.549411535263061523e-01 5.428578332066535950e-02 2.191395782686419158e-01
-9.553988575935363770e-01 -2.936898171901702881e-01 -3.097183816134929657e-02 3.156470635186793827e-01
4.551943391561508179e-02 -4.282732307910919189e-02 -9.980446696281433105e-01 -3.672396755946806035e+00
0.000000000000000000e+00 0.000000000000000000e+00 0.000000000000000000e+00 1.000000000000000000e+00
1.781233102083206177e-01 -9.813892245292663574e-01 7.174480706453323364e-02 3.462471759257106374e-01
-9.816790819168090820e-01 -1.822422444820404053e-01 -5.562230572104454041e-02 2.053670449384075725e-01
6.766207516193389893e-02 -6.052276492118835449e-02 -9.958710670471191406e-01 -3.678050522972435843e+00
0.000000000000000000e+00 0.000000000000000000e+00 0.000000000000000000e+00 1.000000000000000000e+00
9.600791335105895996e-02 -9.915692806243896484e-01 8.701911568641662598e-02 4.385213882364967786e-01
-9.908978939056396484e-01 -1.034972593188285828e-01 -8.608067035675048828e-02 7.192816191836662321e-02
9.436122328042984009e-02 -7.796257734298706055e-02 -9.924804568290710449e-01 -3.667888426540135693e+00
0.000000000000000000e+00 0.000000000000000000e+00 0.000000000000000000e+00 1.000000000000000000e+00
1.190500799566507339e-02 -9.956007003784179688e-01 9.293615818023681641e-02 5.193331239110938746e-01
-9.972619414329528809e-01 -1.860592886805534363e-02 -7.157248258590698242e-02 1.496018470577024639e-01
7.298678904771804810e-02 -9.182970225811004639e-02 -9.930965900421142578e-01 -3.597593785061252714e+00
0.000000000000000000e+00 0.000000000000000000e+00 0.000000000000000000e+00 1.000000000000000000e+00
-9.363745152950286865e-02 -8.922569155693054199e-01 4.417120218276977539e-01 1.918622667624384270e+00
-9.902798533439636230e-01 3.763669729232788086e-02 -1.339012682437896729e-01 -9.217002548919582539e-02
1.028496623039245605e-01 -4.499566853046417236e-01 -8.871080279350280762e-01 -3.128847482317147044e+00
0.000000000000000000e+00 0.000000000000000000e+00 0.000000000000000000e+00 1.000000000000000000e+00
-1.665963530540466309e-01 -8.698833584785461426e-01 4.642716646194458008e-01 2.025261944789880975e+00
-9.773842692375183105e-01 8.348756283521652222e-02 -1.942917555570602417e-01 -3.405458571423660707e-01
1.302502155303955078e-01 -4.861403107643127441e-01 -8.641194105148315430e-01 -3.054172395077887181e+00
0.000000000000000000e+00 0.000000000000000000e+00 0.000000000000000000e+00 1.000000000000000000e+00
-1.356343924999237061e-01 -8.058437705039978027e-01 5.763843655586242676e-01 2.362256724164693011e+00
-9.906694889068603516e-01 1.181339398026466370e-01 -6.796047836542129517e-02 1.362686412196496277e-01
-1.332503743469715118e-02 -5.802242159843444824e-01 -8.143476843833923340e-01 -2.787229760833797254e+00
0.000000000000000000e+00 0.000000000000000000e+00 0.000000000000000000e+00 1.000000000000000000e+00
-8.771909773349761963e-02 -7.268612980842590332e-01 6.811593174934387207e-01 2.629256923284607694e+00
-9.946708679199218750e-01 2.672172710299491882e-02 -9.957823157310485840e-02 5.715393833548727820e-02
5.417780578136444092e-02 -6.862641572952270508e-01 -7.253318428993225098e-01 -2.574151821818552843e+00
0.000000000000000000e+00 0.000000000000000000e+00 0.000000000000000000e+00 1.000000000000000000e+00
-5.796032398939132690e-02 -5.548207759857177734e-01 8.299484848976135254e-01 3.129520857292487968e+00
-9.858307242393493652e-01 -9.927538782358169556e-02 -1.352120339870452881e-01 -7.584110457290302310e-02
1.574119478464126587e-01 -8.260259032249450684e-01 -5.412051677703857422e-01 -1.908303728949818145e+00
0.000000000000000000e+00 0.000000000000000000e+00 0.000000000000000000e+00 1.000000000000000000e+00
-1.287178695201873779e-01 -4.131784141063690186e-01 9.015070796012878418e-01 3.370732509092627005e+00
-9.849513173103332520e-01 -5.246309936046600342e-02 -1.646770685911178589e-01 -2.256613163520711784e-01
1.153367534279823303e-01 -9.091374874114990234e-01 -4.002078175544738770e-01 -1.337549536295206121e+00
0.000000000000000000e+00 0.000000000000000000e+00 0.000000000000000000e+00 1.000000000000000000e+00
-1.936046481132507324e-01 -3.100173473358154297e-01 9.308095574378967285e-01 3.492662499486596683e+00
-9.757205247879028320e-01 -3.818486630916595459e-02 -2.156639248132705688e-01 -4.180332858692976106e-01
1.024023741483688354e-01 -9.499633312225341797e-01 -2.950975000858306885e-01 -9.553594354007368672e-01
0.000000000000000000e+00 0.000000000000000000e+00 0.000000000000000000e+00 1.000000000000000000e+00
-2.775638997554779053e-01 -1.810707896947860718e-01 9.434890151023864746e-01 3.578882618977375252e+00
-9.589512944221496582e-01 -7.127846125513315201e-03 -2.834808230400085449e-01 -6.805653777468999577e-01
5.805509909987449646e-02 -9.834442138671875000e-01 -1.716598421335220337e-01 -4.753034442312768504e-01
0.000000000000000000e+00 0.000000000000000000e+00 0.000000000000000000e+00 1.000000000000000000e+00
-1.774815917015075684e-01 8.264512419700622559e-01 5.343020558357238770e-01 2.005310717168649504e+00
-9.482793807983398438e-01 1.576288370415568352e-03 -3.174327313899993896e-01 -7.819210093563300212e-01
-2.631848156452178955e-01 -5.630063414573669434e-01 7.834268808364868164e-01 3.194172926051056294e+00
0.000000000000000000e+00 0.000000000000000000e+00 0.000000000000000000e+00 1.000000000000000000e+00
-1.678505539894104004e-01 8.727426528930664062e-01 4.584186375141143799e-01 1.710489792732397873e+00
-9.683403968811035156e-01 -5.880271270871162415e-02 -2.426094561815261841e-01 -5.091965520903894982e-01
-1.847792118787765503e-01 -4.846273362636566162e-01 8.549813032150268555e-01 3.400181760435060152e+00
0.000000000000000000e+00 0.000000000000000000e+00 0.000000000000000000e+00 1.000000000000000000e+00
-8.463448286056518555e-02 8.600924015045166016e-01 5.030679702758789062e-01 1.794161718543322070e+00
-9.896011352539062500e-01 -1.362753286957740784e-02 -1.431893706321716309e-01 -1.148773788990514466e-01
-1.163006275892257690e-01 -5.099555253982543945e-01 8.523017168045043945e-01 3.340199849225216955e+00
0.000000000000000000e+00 0.000000000000000000e+00 0.000000000000000000e+00 1.000000000000000000e+00
2.263168245553970337e-02 8.617424964904785156e-01 5.068399906158447266e-01 1.700979868426209851e+00
-9.990301728248596191e-01 3.864380344748497009e-02 -2.109454013407230377e-02 3.661086663391958096e-01
-3.776437416672706604e-02 -5.058711767196655273e-01 8.617817163467407227e-01 3.310164427338969428e+00
0.000000000000000000e+00 0.000000000000000000e+00 0.000000000000000000e+00 1.000000000000000000e+00
5.607589706778526306e-02 8.642158508300781250e-01 4.999859035015106201e-01 1.638332220885875934e+00
-9.947037696838378906e-01 5.154864862561225891e-03 1.026508808135986328e-01 8.257117192481241430e-01
8.613518625497817993e-02 -5.030943751335144043e-01 8.599281907081604004e-01 3.209784727194684439e+00
0.000000000000000000e+00 0.000000000000000000e+00 0.000000000000000000e+00 1.000000000000000000e+00
2.760731056332588196e-02 8.757301568984985352e-01 4.820107817649841309e-01 1.620956590582989909e+00
-9.832109212875366211e-01 -6.321822851896286011e-02 1.711704283952713013e-01 9.832048245819174914e-01
1.803711056709289551e-01 -4.786437451839447021e-01 8.592824339866638184e-01 3.164868267857915640e+00
0.000000000000000000e+00 0.000000000000000000e+00 0.000000000000000000e+00 1.000000000000000000e+00
-4.244592040777206421e-02 8.763340115547180176e-01 4.798290431499481201e-01 1.698464938282386427e+00
-9.951961636543273926e-01 -7.949282974004745483e-02 5.714537575840950012e-02 5.633048180491964096e-01
8.822142332792282104e-02 -4.750989079475402832e-01 8.754988312721252441e-01 3.399446170943980494e+00
0.000000000000000000e+00 0.000000000000000000e+00 0.000000000000000000e+00 1.000000000000000000e+00
-4.207986965775489807e-02 8.820998072624206543e-01 4.691799581050872803e-01 1.636201114030860992e+00
-9.919722676277160645e-01 1.916340179741382599e-02 -1.249976977705955505e-01 -1.126635979381315489e-01
-1.192515864968299866e-01 -4.706728160381317139e-01 8.742114901542663574e-01 3.603488837353701069e+00
0.000000000000000000e+00 0.000000000000000000e+00 0.000000000000000000e+00 1.000000000000000000e+00
1.348203867673873901e-01 8.686580657958984375e-01 4.767140746116638184e-01 1.504635039183685796e+00
-9.851435422897338867e-01 1.691573411226272583e-01 -2.962532825767993927e-02 2.379220719602652967e-01
-1.063740774989128113e-01 -4.656377732753753662e-01 8.785585761070251465e-01 3.634660389962816485e+00
0.000000000000000000e+00 0.000000000000000000e+00 0.000000000000000000e+00 1.000000000000000000e+00
2.321224212646484375e-01 8.134703636169433594e-01 5.332776904106140137e-01 1.551189512232550305e+00
-9.448015689849853516e-01 3.188960254192352295e-01 -7.520082592964172363e-02 5.893458238455846071e-02
-2.312338501214981079e-01 -4.863860011100769043e-01 8.425912857055664062e-01 3.560525792096571163e+00
0.000000000000000000e+00 0.000000000000000000e+00 0.000000000000000000e+00 1.000000000000000000e+00
3.418401777744293213e-01 7.446881532669067383e-01 5.732230544090270996e-01 1.525557630996980718e+00
-9.089246988296508789e-01 4.169609844684600830e-01 3.508704248815774918e-04 3.148833809893974434e-01
-2.387503236532211304e-01 -5.211365818977355957e-01 8.193995952606201172e-01 3.414802204795021279e+00
0.000000000000000000e+00 0.000000000000000000e+00 0.000000000000000000e+00 1.000000000000000000e+00
3.621655106544494629e-01 7.367671728134155273e-01 5.709732174873352051e-01 1.490426855850590648e+00
-9.193162322044372559e-01 3.834912478923797607e-01 8.827180415391921997e-02 6.540869539490987705e-01
-1.539275497198104858e-01 -5.568738579750061035e-01 8.162091970443725586e-01 3.309106198783385633e+00
0.000000000000000000e+00 0.000000000000000000e+00 0.000000000000000000e+00 1.000000000000000000e+00
3.737421035766601562e-01 7.271783351898193359e-01 5.757849812507629395e-01 1.503706762473527192e+00
-9.246075749397277832e-01 3.413473069667816162e-01 1.690637171268463135e-01 9.506759301178350219e-01
-7.360332459211349487e-02 -5.955616235733032227e-01 7.999307513236999512e-01 3.173499896932954645e+00
0.000000000000000000e+00 0.000000000000000000e+00 0.000000000000000000e+00 1.000000000000000000e+00
5.365415811538696289e-01 6.215389966964721680e-01 5.707997083663940430e-01 1.423570164552897310e+00
-8.408281207084655762e-01 4.511692225933074951e-01 2.990889251232147217e-01 1.354964135506927958e+00
-7.163190096616744995e-02 -6.404179930686950684e-01 7.646784186363220215e-01 3.033220843844903758e+00
0.000000000000000000e+00 0.000000000000000000e+00 0.000000000000000000e+00 1.000000000000000000e+00
6.863850355148315430e-01 4.315837323665618896e-01 5.853293538093566895e-01 1.420515089735914449e+00
-7.082649469375610352e-01 5.793627500534057617e-01 4.033603072166442871e-01 1.700230763482873053e+00
-1.650343537330627441e-01 -6.914287805557250977e-01 7.033416032791137695e-01 2.979586235769430935e+00
0.000000000000000000e+00 0.000000000000000000e+00 0.000000000000000000e+00 1.000000000000000000e+00
7.163514494895935059e-01 3.591989278793334961e-01 5.981779694557189941e-01 1.417168054141543898e+00
-6.451698541641235352e-01 6.674593091011047363e-01 3.718247711658477783e-01 1.571720108152536044e+00
-2.657005786895751953e-01 -6.522835493087768555e-01 7.098794579505920410e-01 3.114062266794533240e+00
0.000000000000000000e+00 0.000000000000000000e+00 0.000000000000000000e+00 1.000000000000000000e+00
7.579613327980041504e-01 2.656332850456237793e-01 5.957627892494201660e-01 1.469650589125844675e+00
-5.682412981986999512e-01 7.173685431480407715e-01 4.030928909778594971e-01 1.593105287171561635e+00
-3.203068077564239502e-01 -6.440659761428833008e-01 6.946814060211181641e-01 3.065467860002364375e+00
0.000000000000000000e+00 0.000000000000000000e+00 0.000000000000000000e+00 1.000000000000000000e+00
7.552866339683532715e-01 2.660486996173858643e-01 5.989657640457153320e-01 1.555048082412095356e+00
-5.396360158920288086e-01 7.710821628570556641e-01 3.379733860492706299e-01 1.269507870895359103e+00
-3.719339668750762939e-01 -5.784903168678283691e-01 7.259573340415954590e-01 3.215782159975987486e+00
0.000000000000000000e+00 0.000000000000000000e+00 0.000000000000000000e+00 1.000000000000000000e+00
7.414023876190185547e-01 3.568331003189086914e-01 5.683244466781616211e-01 1.542930676050952243e+00
-5.835205912590026855e-01 7.610483169555664062e-01 2.833884656429290771e-01 1.028089140657185485e+00
-3.313999474048614502e-01 -5.417341589927673340e-01 7.724624276161193848e-01 3.358136306192576637e+00
0.000000000000000000e+00 0.000000000000000000e+00 0.000000000000000000e+00 1.000000000000000000e+00
8.182062506675720215e-01 2.026629745960235596e-01 5.380204319953918457e-01 1.474616162890489690e+00
-5.264852046966552734e-01 6.400884389877319336e-01 5.595533251762390137e-01 2.039899034934918642e+00
-2.309799939393997192e-01 -7.410898208618164062e-01 6.304231882095336914e-01 2.902669565371552185e+00
0.000000000000000000e+00 0.000000000000000000e+00 0.000000000000000000e+00 1.000000000000000000e+00
8.544394969940185547e-01 1.298447549343109131e-01 5.030639767646789551e-01 1.333906148808426284e+00
-4.766806960105895996e-01 5.810642242431640625e-01 6.596510410308837891e-01 2.420380975696751147e+00
-2.066603451967239380e-01 -8.034327626228332520e-01 5.583785772323608398e-01 2.614978585090991015e+00
0.000000000000000000e+00 0.000000000000000000e+00 0.000000000000000000e+00 1.000000000000000000e+00
8.824949264526367188e-01 6.019853055477142334e-02 4.664532542228698730e-01 1.189075247956981274e+00
-4.276981949806213379e-01 5.152763724327087402e-01 7.426738142967224121e-01 2.737952090578774644e+00
-1.956444531679153442e-01 -8.549071550369262695e-01 4.804757833480834961e-01 2.313628700696658047e+00
0.000000000000000000e+00 0.000000000000000000e+00 0.000000000000000000e+00 1.000000000000000000e+00
8.826889991760253906e-01 -1.215193644165992737e-01 4.539745450019836426e-01 1.170496356634419977e+00
-3.685387670993804932e-01 4.204234480857849121e-01 8.291097283363342285e-01 3.072307847861877494e+00
-2.916144430637359619e-01 -8.991532921791076660e-01 3.263185322284698486e-01 1.788568093202451470e+00
0.000000000000000000e+00 0.000000000000000000e+00 0.000000000000000000e+00 1.000000000000000000e+00
9.361049532890319824e-01 3.166012465953826904e-01 1.532006859779357910e-01 -6.096772512802969141e-02
-2.527673542499542236e-01 3.026881217956542969e-01 9.189606308937072754e-01 3.347970871393730175e+00
2.445719838142395020e-01 -8.989679813385009766e-01 3.633744120597839355e-01 1.551357372622071518e+00
0.000000000000000000e+00 0.000000000000000000e+00 0.000000000000000000e+00 1.000000000000000000e+00
9.796842336654663086e-01 9.984672814607620239e-02 1.739237308502197266e-01 3.235501836194389774e-02
-1.926256269216537476e-01 2.271690815687179565e-01 9.546147584915161133e-01 3.449347788219221389e+00
5.580507591366767883e-02 -9.687231183052062988e-01 2.417870759963989258e-01 1.199894075348495237e+00
0.000000000000000000e+00 0.000000000000000000e+00 0.000000000000000000e+00 1.000000000000000000e+00
9.869859814643859863e-01 6.499838829040527344e-02 1.470870524644851685e-01 -6.536865360011703818e-02
-1.537337899208068848e-01 1.130665689706802368e-01 9.816219210624694824e-01 3.525561270912412670e+00
4.717320576310157776e-02 -9.914589524269104004e-01 1.215875297784805298e-01 7.254777185105999449e-01
0.000000000000000000e+00 0.000000000000000000e+00 0.000000000000000000e+00 1.000000000000000000e+00
9.831111431121826172e-01 1.178924068808555603e-01 1.399788558483123779e-01 -1.116115987688741928e-01
-1.474338173866271973e-01 5.704415962100028992e-02 9.874259233474731445e-01 3.529694566876583117e+00
1.084249839186668396e-01 -9.913866519927978516e-01 7.346208393573760986e-02 4.901529370131959551e-01
0.000000000000000000e+00 0.000000000000000000e+00 0.000000000000000000e+00 1.000000000000000000e+00
9.916773438453674316e-01 7.468651980161666870e-02 1.048731431365013123e-01 -2.435099104171474238e-01
-1.029238626360893250e-01 -2.949756756424903870e-02 9.942519068717956543e-01 3.515152369383761410e+00
7.735069096088409424e-02 -9.967708587646484375e-01 -2.156503684818744659e-02 1.096278010507537454e-01
0.000000000000000000e+00 0.000000000000000000e+00 0.000000000000000000e+00 1.000000000000000000e+00
9.851683974266052246e-01 1.486710906028747559e-01 8.567476272583007812e-02 -3.090977615477060181e-01
-6.742266565561294556e-02 -1.237439066171646118e-01 9.900212287902832031e-01 3.451450112636323730e+00
1.577891707420349121e-01 -9.811136722564697266e-01 -1.118847504258155823e-01 -3.191866392444889233e-01
0.000000000000000000e+00 0.000000000000000000e+00 0.000000000000000000e+00 1.000000000000000000e+00
9.831415414810180664e-01 -8.593998104333877563e-02 1.613894999027252197e-01 -5.285511170221104255e-02
-1.736125946044921875e-01 -1.618309915065765381e-01 9.714264869689941406e-01 3.476464981131015541e+00
-5.736659839749336243e-02 -9.830690026283264160e-01 -1.740230470895767212e-01 -2.911449182334616692e-01
0.000000000000000000e+00 0.000000000000000000e+00 0.000000000000000000e+00 1.000000000000000000e+00
7.814314961433410645e-01 -6.130059361457824707e-01 1.165713816881179810e-01 2.660344005942266027e-02
-2.736988365650177002e-01 -1.688363403081893921e-01 9.468808770179748535e-01 3.502571858767104640e+00
-5.607621073722839355e-01 -7.718275189399719238e-01 -2.997130453586578369e-01 -4.102804699884911588e-01
0.000000000000000000e+00 0.000000000000000000e+00 0.000000000000000000e+00 1.000000000000000000e+00
5.172188282012939453e-01 -8.558247685432434082e-01 -6.993168964982032776e-03 -1.068934871846793921e-01
-3.742711842060089111e-01 -2.335244268178939819e-01 8.974338173866271973e-01 3.495462424252801181e+00
-7.696790099143981934e-01 -4.615522921085357666e-01 -4.410937726497650146e-01 -8.190073754134962192e-01
0.000000000000000000e+00 0.000000000000000000e+00 0.000000000000000000e+00 1.000000000000000000e+00
9.123123288154602051e-01 -2.728275954723358154e-01 3.053701221942901611e-01 5.676653433758716005e-01
-3.882086277008056641e-01 -3.389361500740051270e-01 8.569805026054382324e-01 3.412742387092118967e+00
-1.303070783615112305e-01 -9.003816843032836914e-01 -4.151298105716705322e-01 -1.030215662413924704e+00
0.000000000000000000e+00 0.000000000000000000e+00 0.000000000000000000e+00 1.000000000000000000e+00
8.848273754119873047e-01 -1.655725538730621338e-01 4.355070590972900391e-01 1.035729054231640411e+00
-4.631601870059967041e-01 -4.141471087932586670e-01 7.835590243339538574e-01 3.266510367504091406e+00
5.062803626060485840e-02 -8.950237035751342773e-01 -4.431352317333221436e-01 -1.287517558756763325e+00
0.000000000000000000e+00 0.000000000000000000e+00 0.000000000000000000e+00 1.000000000000000000e+00
8.704910278320312500e-01 -1.397445499897003174e-01 4.719291031360626221e-01 1.175897717191050740e+00
-4.736263751983642578e-01 -4.986529052257537842e-01 7.259634733200073242e-01 3.067638888322665736e+00
1.338793188333511353e-01 -8.554628491401672363e-01 -5.002597570419311523e-01 -1.586914546121239944e+00
0.000000000000000000e+00 0.000000000000000000e+00 0.000000000000000000e+00 1.000000000000000000e+00
8.582561016082763672e-01 -1.322718560695648193e-01 4.958832561969757080e-01 1.272206684394890930e+00
-4.731138944625854492e-01 -5.783622860908508301e-01 6.645752191543579102e-01 2.871693221512507943e+00
1.988955885171890259e-01 -8.049850463867187500e-01 -5.589624643325805664e-01 -1.822705103298035478e+00
0.000000000000000000e+00 0.000000000000000000e+00 0.000000000000000000e+00 1.000000000000000000e+00
8.395767807960510254e-01 -9.105201065540313721e-02 5.355559587478637695e-01 1.387345829115761653e+00
-4.458437561988830566e-01 -6.787519454956054688e-01 5.835397243499755859e-01 2.590562224176999440e+00
3.103772997856140137e-01 -7.287008166313171387e-01 -6.104595065116882324e-01 -2.086797414439153897e+00
0.000000000000000000e+00 0.000000000000000000e+00 0.000000000000000000e+00 1.000000000000000000e+00
8.232929706573486328e-01 -1.103731989860534668e-01 5.567823052406311035e-01 1.488403640050265597e+00
-4.460036456584930420e-01 -7.325299382209777832e-01 5.142757892608642578e-01 2.355689775064632840e+00
3.510975539684295654e-01 -6.717267036437988281e-01 -6.523140668869018555e-01 -2.284009680867387093e+00
0.000000000000000000e+00 0.000000000000000000e+00 0.000000000000000000e+00 1.000000000000000000e+00
7.924420833587646484e-01 -1.436371356248855591e-01 5.927929878234863281e-01 1.658742588714285704e+00
-4.512781500816345215e-01 -7.919039726257324219e-01 4.113827645778656006e-01 2.003703309585767478e+00
4.103450775146484375e-01 -5.935120582580566406e-01 -6.923584938049316406e-01 -2.497630177454778000e+00
0.000000000000000000e+00 0.000000000000000000e+00 0.000000000000000000e+00 1.000000000000000000e+00
7.625215649604797363e-01 -2.098593562841415405e-01 6.119797229766845703e-01 1.778889963806887353e+00
-4.602389037609100342e-01 -8.407580256462097168e-01 2.851422131061553955e-01 1.566049106134144608e+00
4.546869099140167236e-01 -4.990839362144470215e-01 -7.376815676689147949e-01 -2.727976717467856638e+00
0.000000000000000000e+00 0.000000000000000000e+00 0.000000000000000000e+00 1.000000000000000000e+00
7.403904199600219727e-01 -2.767550349235534668e-01 6.125590205192565918e-01 1.827428184522652099e+00
-4.632726311683654785e-01 -8.703954219818115234e-01 1.667040139436721802e-01 1.146721990760830812e+00
4.870325028896331787e-01 -4.072080552577972412e-01 -7.726455330848693848e-01 -2.908977577354273869e+00
0.000000000000000000e+00 0.000000000000000000e+00 0.000000000000000000e+00 1.000000000000000000e+00
7.197343111038208008e-01 -3.527888953685760498e-01 5.979318618774414062e-01 1.806983519058646070e+00
-4.411061406135559082e-01 -8.974534869194030762e-01 1.450725132599473000e-03 5.499173650714253014e-01
5.361040830612182617e-01 -2.647955119609832764e-01 -8.015455603599548340e-01 -3.082138583733135206e+00
0.000000000000000000e+00 0.000000000000000000e+00 0.000000000000000000e+00 1.000000000000000000e+00
7.030298709869384766e-01 -3.968047797679901123e-01 5.901651978492736816e-01 1.774831812411158838e+00
-3.753338456153869629e-01 -9.119009971618652344e-01 -1.660143733024597168e-01 -1.229692295445271866e-01
6.040476560592651367e-01 -1.047960743308067322e-01 -7.900278568267822266e-01 -3.059468363653778944e+00
0.000000000000000000e+00 0.000000000000000000e+00 0.000000000000000000e+00 1.000000000000000000e+00
7.012072801589965820e-01 -4.211941957473754883e-01 5.752426981925964355e-01 1.704392741692930979e+00
-3.027672469615936279e-01 -9.063910841941833496e-01 -2.945956587791442871e-01 -6.598036745910378364e-01
6.454769968986511230e-01 3.240785375237464905e-02 -7.630919218063354492e-01 -2.987064503760688883e+00
0.000000000000000000e+00 0.000000000000000000e+00 0.000000000000000000e+00 1.000000000000000000e+00
6.939195394515991211e-01 -4.527765214443206787e-01 5.598827600479125977e-01 1.646287031795153233e+00
-2.437059581279754639e-01 -8.793518543243408203e-01 -4.090812802314758301e-01 -1.117158508869133815e+00
6.775565147399902344e-01 1.474227905273437500e-01 -7.205441594123840332e-01 -2.851025775941860019e+00
0.000000000000000000e+00 0.000000000000000000e+00 0.000000000000000000e+00 1.000000000000000000e+00
6.850228309631347656e-01 -4.818796515464782715e-01 5.463843941688537598e-01 1.598972840265341810e+00
-1.666277199983596802e-01 -8.337447643280029297e-01 -5.264075994491577148e-01 -1.619191787233956292e+00
7.092100381851196289e-01 2.695582509040832520e-01 -6.514285802841186523e-01 -2.625008321410727152e+00
0.000000000000000000e+00 0.000000000000000000e+00 0.000000000000000000e+00 1.000000000000000000e+00
6.644668579101562500e-01 -5.149517655372619629e-01 5.415788292884826660e-01 1.594302674276636855e+00
-1.024295911192893982e-01 -7.806138992309570312e-01 -6.165628433227539062e-01 -2.016413214715831348e+00
7.402641177177429199e-01 3.542118966579437256e-01 -5.714382529258728027e-01 -2.353935321151236604e+00
0.000000000000000000e+00 0.000000000000000000e+00 0.000000000000000000e+00 1.000000000000000000e+00
6.835106611251831055e-01 -5.233105421066284180e-01 5.088800191879272461e-01 1.463587835721974040e+00
-3.925447911024093628e-02 -7.224968075752258301e-01 -6.902590394020080566e-01 -2.351484568898409844e+00
7.288839817047119141e-01 4.518237113952636719e-01 -5.143765807151794434e-01 -2.153498904627026089e+00
0.000000000000000000e+00 0.000000000000000000e+00 0.000000000000000000e+00 1.000000000000000000e+00
6.949868202209472656e-01 -5.271692872047424316e-01 4.889636933803558350e-01 1.383767758443417373e+00
1.349255722016096115e-02 -6.703584790229797363e-01 -7.419148087501525879e-01 -2.599399426433453453e+00
7.188956737518310547e-01 5.222184658050537109e-01 -4.587776064872741699e-01 -1.963231478532220020e+00
0.000000000000000000e+00 0.000000000000000000e+00 0.000000000000000000e+00 1.000000000000000000e+00
7.327790260314941406e-01 -5.165644288063049316e-01 4.429405927658081055e-01 1.186067741720021385e+00
6.352741271257400513e-02 -5.961605906486511230e-01 -8.003481030464172363e-01 -2.872736242992225630e+00
6.774945259094238281e-01 6.146172285079956055e-01 -4.040378332138061523e-01 -1.781428846782517450e+00
0.000000000000000000e+00 0.000000000000000000e+00 0.000000000000000000e+00 1.000000000000000000e+00
7.844623327255249023e-01 -4.886960685253143311e-01 3.818310499191284180e-01 9.175743028272115298e-01
1.026879027485847473e-01 -5.048299431800842285e-01 -8.570886850357055664e-01 -3.162725164857737248e+00
6.116159558296203613e-01 7.115637660026550293e-01 -3.458370268344879150e-01 -1.562658362007928847e+00
0.000000000000000000e+00 0.000000000000000000e+00 0.000000000000000000e+00 1.000000000000000000e+00
8.444442749023437500e-01 -4.413726329803466797e-01 3.034873902797698975e-01 6.034645346290518075e-01
1.222870871424674988e-01 -3.927647471427917480e-01 -9.114721417427062988e-01 -3.420950512112761022e+00
5.214977860450744629e-01 8.067999482154846191e-01 -2.776938974857330322e-01 -1.268664975749142165e+00
0.000000000000000000e+00 0.000000000000000000e+00 0.000000000000000000e+00 1.000000000000000000e+00
8.891997933387756348e-01 -3.729280829429626465e-01 2.650436758995056152e-01 4.237932251717737575e-01
1.540571153163909912e-01 -3.014221191406250000e-01 -9.409629106521606445e-01 -3.572607762722395108e+00
4.308015108108520508e-01 8.775357007980346680e-01 -2.105721533298492432e-01 -9.912926718101231494e-01
0.000000000000000000e+00 0.000000000000000000e+00 0.000000000000000000e+00 1.000000000000000000e+00
9.212560653686523438e-01 -2.986069917678833008e-01 2.492419481277465820e-01 3.304941340163983221e-01
1.909085363149642944e-01 -2.111616283655166626e-01 -9.586264491081237793e-01 -3.688413815488189140e+00
3.388827741146087646e-01 9.307225346565246582e-01 -1.375273317098617554e-01 -6.758915286917926979e-01
0.000000000000000000e+00 0.000000000000000000e+00 0.000000000000000000e+00 1.000000000000000000e+00
9.510682821273803711e-01 -2.071605324745178223e-01 2.292473912239074707e-01 2.258930240074475959e-01
2.089641988277435303e-01 -1.152909994125366211e-01 -9.711036682128906250e-01 -3.774325083908673495e+00
2.276045233011245728e-01 9.714899659156799316e-01 -6.636042892932891846e-02 -3.413691305724232405e-01
0.000000000000000000e+00 0.000000000000000000e+00 0.000000000000000000e+00 1.000000000000000000e+00
9.831582903861999512e-01 1.702976226806640625e-02 1.819610595703125000e-01 -2.197099568488326826e-02
1.823896914720535278e-01 -2.840247750282287598e-02 -9.828159809112548828e-01 -3.844558713513179349e+00
-1.156896166503429413e-02 9.994515180587768555e-01 -3.103023394942283630e-02 -2.007990127647775458e-02
0.000000000000000000e+00 0.000000000000000000e+00 0.000000000000000000e+00 1.000000000000000000e+00
9.816815257072448730e-01 -8.890059590339660645e-02 1.685178875923156738e-01 -6.477292607530028834e-02
1.744694411754608154e-01 6.401820480823516846e-02 -9.825792312622070312e-01 -3.893035922354566747e+00
7.656367123126983643e-02 9.939810633659362793e-01 7.835596054792404175e-02 3.924448330969407817e-01
0.000000000000000000e+00 0.000000000000000000e+00 0.000000000000000000e+00 1.000000000000000000e+00
9.834108948707580566e-01 -1.766825094819068909e-02 1.805289387702941895e-01 2.772756359189900831e-03
1.813654899597167969e-01 1.126306504011154175e-01 -9.769445657730102539e-01 -3.899929919459346195e+00
-3.072212915867567062e-03 9.934797883033752441e-01 1.139666214585304260e-01 6.444034938962381887e-01
0.000000000000000000e+00 0.000000000000000000e+00 0.000000000000000000e+00 1.000000000000000000e+00
9.853498339653015137e-01 9.079923480749130249e-02 1.443651169538497925e-01 -1.154613791021106145e-01
1.384042948484420776e-01 6.886577606201171875e-02 -9.879784584045410156e-01 -3.913534878045772825e+00
-9.964947402477264404e-02 9.934852123260498047e-01 5.528986454010009766e-02 4.567269180883722357e-01
0.000000000000000000e+00 0.000000000000000000e+00 0.000000000000000000e+00 1.000000000000000000e+00
9.425774812698364258e-01 -3.261224031448364258e-01 7.205572724342346191e-02 -3.529831158987505324e-01
5.305864661931991577e-02 -6.678855419158935547e-02 -9.963551759719848633e-01 -3.865218299336926844e+00
3.297464251518249512e-01 9.429652094841003418e-01 -4.564976319670677185e-02 -2.349713802867441359e-01
0.000000000000000000e+00 0.000000000000000000e+00 0.000000000000000000e+00 1.000000000000000000e+00
8.358668088912963867e-01 -5.433558225631713867e-01 7.804607599973678589e-02 -2.488072793362008650e-01
-3.659243136644363403e-02 -1.970154047012329102e-01 -9.797171950340270996e-01 -3.715578576980006709e+00
5.477113723754882812e-01 8.160569071769714355e-01 -1.845614463090896606e-01 -8.929535948088530573e-01
0.000000000000000000e+00 0.000000000000000000e+00 0.000000000000000000e+00 1.000000000000000000e+00
7.728544473648071289e-01 -6.303722262382507324e-01 7.298435270786285400e-02 -1.782722097082888035e-01
-1.671597957611083984e-01 -3.131812512874603271e-01 -9.348660707473754883e-01 -3.422925986983135882e+00
6.121714711189270020e-01 7.103155851364135742e-01 -3.474165201187133789e-01 -1.548577889971199939e+00
0.000000000000000000e+00 0.000000000000000000e+00 0.000000000000000000e+00 1.000000000000000000e+00
9.448733329772949219e-01 -2.131215035915374756e-01 -2.485822588205337524e-01 -1.417069026860014347e+00
-3.163497745990753174e-01 -3.983088731765747070e-01 -8.609719872474670410e-01 -3.008386494074199558e+00
8.447919785976409912e-02 8.921485543251037598e-01 -4.437724053859710693e-01 -1.616190249526540779e+00
0.000000000000000000e+00 0.000000000000000000e+00 0.000000000000000000e+00 1.000000000000000000e+00
8.892139792442321777e-01 -3.596209883689880371e-01 -2.827929854393005371e-01 -1.452706510793605243e+00
-4.405659437179565430e-01 -5.065390467643737793e-01 -7.411612868309020996e-01 -2.447806117646966317e+00
1.232914328575134277e-01 7.836396098136901855e-01 -6.088581681251525879e-01 -2.229141219660086382e+00
0.000000000000000000e+00 0.000000000000000000e+00 0.000000000000000000e+00 1.000000000000000000e+00
8.093566298484802246e-01 -5.033175349235534668e-01 -3.026765286922454834e-01 -1.407444489851959357e+00
-5.753610134124755859e-01 -5.760223269462585449e-01 -5.806532502174377441e-01 -1.756500906369268034e+00
1.179046183824539185e-01 6.441037058830261230e-01 -7.557969689369201660e-01 -2.719320270003240392e+00
0.000000000000000000e+00 0.000000000000000000e+00 0.000000000000000000e+00 1.000000000000000000e+00
7.364770770072937012e-01 -5.888257026672363281e-01 -3.329947292804718018e-01 -1.396771462059231306e+00
-6.750634908676147461e-01 -6.080989837646484375e-01 -4.177374541759490967e-01 -1.099694118353523820e+00
4.348104819655418396e-02 5.324468612670898438e-01 -8.453459143638610840e-01 -2.973882147196784675e+00
0.000000000000000000e+00 0.000000000000000000e+00 0.000000000000000000e+00 1.000000000000000000e+00
6.576435565948486328e-01 -7.065002918243408203e-01 -2.614623904228210449e-01 -1.003327514115956332e+00
-7.525781989097595215e-01 -6.006530523300170898e-01 -2.698912918567657471e-01 -5.226697060696693375e-01
3.363023325800895691e-02 3.742631673812866211e-01 -9.267125725746154785e-01 -3.207906117615480834e+00
0.000000000000000000e+00 0.000000000000000000e+00 0.000000000000000000e+00 1.000000000000000000e+00
6.866664886474609375e-01 -6.933567523956298828e-01 -2.185074090957641602e-01 -8.596832425161715641e-01
-7.269207835197448730e-01 -6.584545373916625977e-01 -1.949953436851501465e-01 -2.176450842373384986e-01
-8.675778284668922424e-03 2.927343845367431641e-01 -9.561545252799987793e-01 -3.251212828628283535e+00
0.000000000000000000e+00 0.000000000000000000e+00 0.000000000000000000e+00 1.000000000000000000e+00
6.882628798484802246e-01 -6.918940544128417969e-01 -2.181216329336166382e-01 -8.610379991222244511e-01
-7.154672741889953613e-01 -6.971090435981750488e-01 -4.632284492254257202e-02 3.082018482578909868e-01
-1.200040429830551147e-01 1.879411786794662476e-01 -9.748214483261108398e-01 -3.199250704250430122e+00
0.000000000000000000e+00 0.000000000000000000e+00 0.000000000000000000e+00 1.000000000000000000e+00
6.700741052627563477e-01 -7.150719761848449707e-01 -1.991802752017974854e-01 -7.772802430473455537e-01
-7.244058847427368164e-01 -6.884977221488952637e-01 3.474069759249687195e-02 5.661761247558551036e-01
-1.619772166013717651e-01 1.210084930062294006e-01 -9.793469309806823730e-01 -3.155229430437716864e+00
0.000000000000000000e+00 0.000000000000000000e+00 0.000000000000000000e+00 1.000000000000000000e+00
6.577816009521484375e-01 -7.312902808189392090e-01 -1.803824007511138916e-01 -6.954578473971878561e-01
-7.298411130905151367e-01 -6.780169606208801270e-01 8.732106536626815796e-02 7.225047047162055369e-01
-1.861593276262283325e-01 7.421226054430007935e-02 -9.797129631042480469e-01 -3.111268134399814755e+00
0.000000000000000000e+00 0.000000000000000000e+00 0.000000000000000000e+00 1.000000000000000000e+00
5.726643204689025879e-01 -7.971234917640686035e-01 -1.914406120777130127e-01 -6.411834763903911938e-01
-7.619946002960205078e-01 -6.037030220031738281e-01 2.343219369649887085e-01 1.209667976025874170e+00
-3.023568689823150635e-01 1.168891880661249161e-02 -9.531233310699462891e-01 -2.943414471692067824e+00
0.000000000000000000e+00 0.000000000000000000e+00 0.000000000000000000e+00 1.000000000000000000e+00
5.687281489372253418e-01 -7.985782027244567871e-01 -1.970291584730148315e-01 -6.490738284267388858e-01
-6.767804026603698730e-01 -5.904665589332580566e-01 4.396786987781524658e-01 1.866516214199210655e+00
-4.674570262432098389e-01 -1.167121529579162598e-01 -8.762772083282470703e-01 -2.555347410615701254e+00
0.000000000000000000e+00 0.000000000000000000e+00 0.000000000000000000e+00 1.000000000000000000e+00
5.832041501998901367e-01 -7.856305837631225586e-01 -2.065356522798538208e-01 -7.058234029190426639e-01
-6.115109920501708984e-01 -5.919675827026367188e-01 5.250036716461181641e-01 2.129008945662092867e+00
-5.347214937210083008e-01 -1.798854768276214600e-01 -8.256598711013793945e-01 -2.322487146908292388e+00
0.000000000000000000e+00 0.000000000000000000e+00 0.000000000000000000e+00 1.000000000000000000e+00
6.503604054450988770e-01 -7.331122756004333496e-01 -1.989423185586929321e-01 -7.395592208387623545e-01
-4.946524500846862793e-01 -6.074776053428649902e-01 6.215221881866455078e-01 2.399403576606473187e+00
-5.764986872673034668e-01 -3.058060407638549805e-01 -7.577150464057922363e-01 -2.009619461551004349e+00
0.000000000000000000e+00 0.000000000000000000e+00 0.000000000000000000e+00 1.000000000000000000e+00
7.291351556777954102e-01 -6.643802523612976074e-01 -1.641979068517684937e-01 -6.920872429502155088e-01
