1.000000000000000000e+00 0.000000000000000000e+00 0.000000000000000000e+00 -1.792658120393753052e-02
0.000000000000000000e+00 1.000000000000000000e+00 0.000000000000000000e+00 2.243540808558464050e-02
0.000000000000000000e+00 0.000000000000000000e+00 1.000000000000000000e+00 -3.816788792610168457e-01
0.000000000000000000e+00 0.000000000000000000e+00 0.000000000000000000e+00 1.000000000000000000e+00
9.955128431320190430e-01 5.404336750507354736e-02 -7.767523825168609619e-02 1.465286314487457275e-02
-5.558504164218902588e-02 9.982948303222656250e-01 -1.782286725938320160e-02 2.629322186112403870e-02
7.657957077026367188e-02 2.206051163375377655e-02 9.968193769454956055e-01 -3.786973953247070312e-01
0.000000000000000000e+00 0.000000000000000000e+00 0.000000000000000000e+00 1.000000000000000000e+00
9.719384312629699707e-01 6.557297706604003906e-02 -2.259110957384109497e-01 7.481392472982406616e-02
-7.196859270334243774e-02 9.972025752067565918e-01 -2.018276415765285492e-02 2.791054360568523407e-02
2.239557057619094849e-01 3.587488830089569092e-02 9.739387631416320801e-01 -3.688673973083496094e-01
0.000000000000000000e+00 0.000000000000000000e+00 0.000000000000000000e+00 1.000000000000000000e+00
9.988057017326354980e-01 4.866108298301696777e-02 4.373959731310606003e-03 -1.680041477084159851e-02
-4.867585748434066772e-02 9.988089799880981445e-01 3.337737172842025757e-03 1.919133402407169342e-02
-4.206326790153980255e-03 -3.546664491295814514e-03 9.999848604202270508e-01 -3.679243922233581543e-01
0.000000000000000000e+00 0.000000000000000000e+00 0.000000000000000000e+00 1.000000000000000000e+00
9.948241710662841797e-01 5.291077122092247009e-02 -8.674883097410202026e-02 2.103183418512344360e-02
-4.990924149751663208e-02 9.980897903442382812e-01 3.641271963715553284e-02 9.811284020543098450e-03
8.850976079702377319e-02 -3.189464285969734192e-02 9.955645203590393066e-01 -3.665458559989929199e-01
0.000000000000000000e+00 0.000000000000000000e+00 0.000000000000000000e+00 1.000000000000000000e+00
8.813370019197463989e-02 9.730944782495498657e-02 -9.913441538810729980e-01 4.038687348365783691e-01
-4.292280226945877075e-02 9.946635365486145020e-01 9.381932765245437622e-02 -8.604871109127998352e-03
9.951833486557006836e-01 3.428262099623680115e-02 9.184020012617111206e-02 -3.340163081884384155e-02
0.000000000000000000e+00 0.000000000000000000e+00 0.000000000000000000e+00 1.000000000000000000e+00
5.356252565979957581e-02 1.125896722078323364e-01 -9.921969771385192871e-01 4.017558991909027100e-01
-2.531231939792633057e-02 9.934569597244262695e-01 1.113662049174308777e-01 -1.115451194345951080e-02
9.982436299324035645e-01 1.914975792169570923e-02 5.606203898787498474e-02 -1.294545549899339676e-02
0.000000000000000000e+00 0.000000000000000000e+00 0.000000000000000000e+00 1.000000000000000000e+00
5.134844407439231873e-02 1.057399064302444458e-01 -9.930670857429504395e-01 3.975614011287689209e-01
-3.287014365196228027e-02 9.940189719200134277e-01 1.041416600346565247e-01 -4.051601979881525040e-03
9.981394410133361816e-01 2.729476615786552429e-02 5.451705679297447205e-02 -4.231303464621305466e-03
0.000000000000000000e+00 0.000000000000000000e+00 0.000000000000000000e+00 1.000000000000000000e+00
6.554716080427169800e-02 1.036911681294441223e-01 -9.924473762512207031e-01 3.930892050266265869e-01
-3.864765539765357971e-02 9.941037893295288086e-01 1.013116985559463501e-01 -1.035499386489391327e-03
9.971004724502563477e-01 3.171508014202117920e-02 6.916801631450653076e-02 -5.843498511239886284e-04
0.000000000000000000e+00 0.000000000000000000e+00 0.000000000000000000e+00 1.000000000000000000e+00
7.582864165306091309e-02 1.039345636963844299e-01 -9.916891455650329590e-01 3.896979689598083496e-01
-6.104881688952445984e-02 9.931708574295043945e-01 9.942186623811721802e-02 1.435174839571118355e-03
9.952500462532043457e-01 5.300245061516761780e-02 8.165587484836578369e-02 4.100138321518898010e-03
0.000000000000000000e+00 0.000000000000000000e+00 0.000000000000000000e+00 1.000000000000000000e+00
1.001225113868713379e-01 9.320857375860214233e-02 -9.905995726585388184e-01 3.862374126911163330e-01
-8.047070354223251343e-02 9.930992722511291504e-01 8.531036972999572754e-02 9.102627635002136230e-03
9.917158484458923340e-01 7.117284089326858521e-02 1.069322153925895691e-01 3.898106748238205910e-03
0.000000000000000000e+00 0.000000000000000000e+00 0.000000000000000000e+00 1.000000000000000000e+00
1.006859242916107178e-01 8.644730597734451294e-02 -9.911555051803588867e-01 3.845098316669464111e-01
-1.071777939796447754e-01 9.913633465766906738e-01 7.557785511016845703e-02 1.632793620228767395e-02
9.891286492347717285e-01 9.862025827169418335e-02 1.090815439820289612e-01 1.186244934797286987e-02
0.000000000000000000e+00 0.000000000000000000e+00 0.000000000000000000e+00 1.000000000000000000e+00
1.085330992937088013e-01 9.897094964981079102e-02 -9.891536831855773926e-01 3.845269381999969482e-01
-1.107322946190834045e-01 9.900431036949157715e-01 8.691005408763885498e-02 1.556425075978040695e-02
9.879060983657836914e-01 1.000986173748970032e-01 1.184116974472999573e-01 1.414736080914735794e-02
0.000000000000000000e+00 0.000000000000000000e+00 0.000000000000000000e+00 1.000000000000000000e+00
1.189445033669471741e-01 1.058376878499984741e-01 -9.872441291809082031e-01 3.855167329311370850e-01
-1.378235816955566406e-01 9.864369034767150879e-01 8.914602547883987427e-02 1.821154356002807617e-02
9.832887649536132812e-01 1.254621148109436035e-01 1.319181025028228760e-01 1.540620997548103333e-02
0.000000000000000000e+00 0.000000000000000000e+00 0.000000000000000000e+00 1.000000000000000000e+00
1.343125253915786743e-01 1.139294132590293884e-01 -9.843680262565612793e-01 3.866637647151947021e-01
-1.548074185848236084e-01 9.835841655731201172e-01 9.271591156721115112e-02 1.946081593632698059e-02
9.787719249725341797e-01 1.399345695972442627e-01 1.497448384761810303e-01 1.492596324533224106e-02
0.000000000000000000e+00 0.000000000000000000e+00 0.000000000000000000e+00 1.000000000000000000e+00
1.438917070627212524e-01 1.238178312778472900e-01 -9.818167686462402344e-01 3.881839811801910400e-01
-1.830879300832748413e-01 9.783440232276916504e-01 9.654708951711654663e-02 2.004807069897651672e-02
9.725089073181152344e-01 1.658664494752883911e-01 1.634451597929000854e-01 1.859885454177856445e-02
0.000000000000000000e+00 0.000000000000000000e+00 0.000000000000000000e+00 1.000000000000000000e+00
1.757357418537139893e-01 1.301347613334655762e-01 -9.757983088493347168e-01 3.899982571601867676e-01
-1.910593509674072266e-01 9.768856167793273926e-01 9.587108343839645386e-02 2.372387424111366272e-02
9.657192230224609375e-01 1.695874184370040894e-01 1.965372413396835327e-01 1.437992881983518600e-02
0.000000000000000000e+00 0.000000000000000000e+00 0.000000000000000000e+00 1.000000000000000000e+00
2.156426161527633667e-01 1.323059499263763428e-01 -9.674675464630126953e-01 3.909304440021514893e-01
-2.168622165918350220e-01 9.725239276885986328e-01 8.466023206710815430e-02 2.907869778573513031e-02
9.520868062973022461e-01 1.915507018566131592e-01 2.384096980094909668e-01 7.385561242699623108e-03
0.000000000000000000e+00 0.000000000000000000e+00 0.000000000000000000e+00 1.000000000000000000e+00
2.825165390968322754e-01 1.604473888874053955e-01 -9.457486867904663086e-01 3.956754803657531738e-01
-2.382114082574844360e-01 9.667643904685974121e-01 9.285356104373931885e-02 2.544878609478473663e-02
9.292145967483520508e-01 1.990555375814437866e-01 3.113475143909454346e-01 -3.933841362595558167e-03
0.000000000000000000e+00 0.000000000000000000e+00 0.000000000000000000e+00 1.000000000000000000e+00
3.325477540493011475e-01 2.133110612630844116e-01 -9.186458587646484375e-01 4.115128517150878906e-01
-2.452228218317031860e-01 9.601365923881530762e-01 1.341752260923385620e-01 1.055983453989028931e-02
9.106467962265014648e-01 1.806533336639404297e-01 3.716000914573669434e-01 -9.486129507422447205e-03
0.000000000000000000e+00 0.000000000000000000e+00 0.000000000000000000e+00 1.000000000000000000e+00
3.687849044799804688e-01 2.341588884592056274e-01 -8.995370864868164062e-01 4.168777465820312500e-01
-2.698487937450408936e-01 9.530410766601562500e-01 1.374561041593551636e-01 1.186836604028940201e-02
8.894823193550109863e-01 1.920473426580429077e-01 4.146547913551330566e-01 -2.730423770844936371e-02
0.000000000000000000e+00 0.000000000000000000e+00 0.000000000000000000e+00 1.000000000000000000e+00
3.422665894031524658e-01 2.464623004198074341e-01 -9.067025184631347656e-01 4.083803594112396240e-01
-2.068559080362319946e-01 9.610745906829833984e-01 1.831567734479904175e-01 -9.399260394275188446e-03
9.165499806404113770e-01 1.248684003949165344e-01 3.799258172512054443e-01 -2.164163999259471893e-02
0.000000000000000000e+00 0.000000000000000000e+00 0.000000000000000000e+00 1.000000000000000000e+00
3.415761291980743408e-01 2.495095729827880859e-01 -9.061294794082641602e-01 4.026913642883300781e-01
-1.743877232074737549e-01 9.642010331153869629e-01 1.997625231742858887e-01 -1.758301071822643280e-02
9.235339164733886719e-01 8.978375792503356934e-02 3.728595674037933350e-01 -2.253796160221099854e-02
0.000000000000000000e+00 0.000000000000000000e+00 0.000000000000000000e+00 1.000000000000000000e+00
3.034042119979858398e-01 2.723192274570465088e-01 -9.131201505661010742e-01 3.807266950607299805e-01
-7.007992267608642578e-02 9.620741009712219238e-01 2.636332809925079346e-01 -4.872391372919082642e-02
9.502812623977661133e-01 -1.599597372114658356e-02 3.109813034534454346e-01 -1.046576257795095444e-02
0.000000000000000000e+00 0.000000000000000000e+00 0.000000000000000000e+00 1.000000000000000000e+00
2.963375449180603027e-01 3.105349242687225342e-01 -9.031899571418762207e-01 3.593169152736663818e-01
-3.389471024274826050e-02 9.484900832176208496e-01 3.149890005588531494e-01 -7.734225690364837646e-02
9.544818401336669922e-01 -6.272970885038375854e-02 2.915987074375152588e-01 -8.189261890947818756e-03
0.000000000000000000e+00 0.000000000000000000e+00 0.000000000000000000e+00 1.000000000000000000e+00
2.960050404071807861e-01 3.661924004554748535e-01 -8.822039961814880371e-01 3.409404158592224121e-01
1.009216811507940292e-02 9.223432540893554688e-01 3.862398266792297363e-01 -1.053257882595062256e-01
9.551330804824829102e-01 -1.232322752475738525e-01 2.693226933479309082e-01 -2.811154117807745934e-03
0.000000000000000000e+00 0.000000000000000000e+00 0.000000000000000000e+00 1.000000000000000000e+00
3.377326130867004395e-01 3.897255957126617432e-01 -8.567675948143005371e-01 3.255532383918762207e-01
5.626963824033737183e-02 9.002642035484313965e-01 4.316924512386322021e-01 -1.226021125912666321e-01
9.395586252212524414e-01 -1.940066218376159668e-01 2.821187376976013184e-01 -1.068294420838356018e-02
0.000000000000000000e+00 0.000000000000000000e+00 0.000000000000000000e+00 1.000000000000000000e+00
3.799946308135986328e-01 4.388656616210937500e-01 -8.142485618591308594e-01 3.025451898574829102e-01
1.245449408888816833e-01 8.479884862899780273e-01 5.151736736297607422e-01 -1.532424688339233398e-01
9.165658950805664062e-01 -2.971737086772918701e-01 2.675726115703582764e-01 -1.070564426481723785e-02
0.000000000000000000e+00 0.000000000000000000e+00 0.000000000000000000e+00 1.000000000000000000e+00
3.856712877750396729e-01 4.819899797439575195e-01 -7.867292761802673340e-01 2.880061864852905273e-01
1.383175700902938843e-01 8.128563761711120605e-01 5.658028721809387207e-01 -1.731388866901397705e-01
9.122095108032226562e-01 -3.270324170589447021e-01 2.468277215957641602e-01 -6.739770062267780304e-03
0.000000000000000000e+00 0.000000000000000000e+00 0.000000000000000000e+00 1.000000000000000000e+00
4.105429649353027344e-01 5.234242677688598633e-01 -7.466466426849365234e-01 2.697088718414306641e-01
1.665755957365036011e-01 7.620041370391845703e-01 6.257815957069396973e-01 -1.924728453159332275e-01
8.964969515800476074e-01 -3.812832832336425781e-01 2.256457656621932983e-01 -3.113198792561888695e-03
0.000000000000000000e+00 0.000000000000000000e+00 0.000000000000000000e+00 1.000000000000000000e+00
4.306876361370086670e-01 5.409749150276184082e-01 -7.223945856094360352e-01 2.557661533355712891e-01
1.683905124664306641e-01 7.382119297981262207e-01 6.532129645347595215e-01 -2.018107026815414429e-01
8.866524100303649902e-01 -4.029752016067504883e-01 2.268436998128890991e-01 -6.152274087071418762e-03
0.000000000000000000e+00 0.000000000000000000e+00 0.000000000000000000e+00 1.000000000000000000e+00
4.358146786689758301e-01 5.540773868560791016e-01 -7.092701196670532227e-01 2.452338039875030518e-01
1.824717372655868530e-01 7.172867655754089355e-01 6.724604964256286621e-01 -2.077598422765731812e-01
8.813452720642089844e-01 -4.224897921085357666e-01 2.115008085966110229e-01 -4.078302066773176193e-03
0.000000000000000000e+00 0.000000000000000000e+00 0.000000000000000000e+00 1.000000000000000000e+00
4.193775355815887451e-01 5.983550548553466797e-01 -6.827104687690734863e-01 2.301582247018814087e-01
1.818474382162094116e-01 6.814263463020324707e-01 7.089356184005737305e-01 -2.179936915636062622e-01
8.894120454788208008e-01 -4.214607477188110352e-01 1.769656538963317871e-01 2.680395031347870827e-03
0.000000000000000000e+00 0.000000000000000000e+00 0.000000000000000000e+00 1.000000000000000000e+00
3.573605716228485107e-01 6.761527657508850098e-01 -6.442910432815551758e-01 2.076086252927780151e-01
1.488285958766937256e-01 6.398026347160339355e-01 7.539907693862915039e-01 -2.294700294733047485e-01
9.220322370529174805e-01 -3.653356134891510010e-01 1.280094236135482788e-01 8.560469374060630798e-03
0.000000000000000000e+00 0.000000000000000000e+00 0.000000000000000000e+00 1.000000000000000000e+00
2.523928284645080566e-01 7.361708283424377441e-01 -6.279733777046203613e-01 1.979817450046539307e-01
1.356557756662368774e-01 6.156547069549560547e-01 7.762517333030700684e-01 -2.340360581874847412e-01
9.580687880516052246e-01 -2.811086177825927734e-01 5.552095919847488403e-02 2.447648905217647552e-02
0.000000000000000000e+00 0.000000000000000000e+00 0.000000000000000000e+00 1.000000000000000000e+00
3.017925322055816650e-01 7.687013149261474609e-01 -5.639318823814392090e-01 1.751409620046615601e-01
1.295909583568572998e-01 5.529458522796630859e-01 8.230776190757751465e-01 -2.436988800764083862e-01
9.445250630378723145e-01 -3.214792013168334961e-01 6.725829094648361206e-02 1.032035797834396362e-02
0.000000000000000000e+00 0.000000000000000000e+00 0.000000000000000000e+00 1.000000000000000000e+00
4.422593414783477783e-01 7.379291653633117676e-01 -5.097712874412536621e-01 1.556670963764190674e-01
1.184716746211051941e-01 5.153330564498901367e-01 8.487616181373596191e-01 -2.469327747821807861e-01
8.890281319618225098e-01 -4.357662200927734375e-01 1.404870450496673584e-01 -1.823965273797512054e-02
0.000000000000000000e+00 0.000000000000000000e+00 0.000000000000000000e+00 1.000000000000000000e+00
5.773300528526306152e-01 7.034482359886169434e-01 -4.145484864711761475e-01 1.232045292854309082e-01
4.492889344692230225e-02 4.795691668987274170e-01 8.763531446456909180e-01 -2.473134845495223999e-01
8.152736425399780273e-01 -5.245700478553771973e-01 2.452644109725952148e-01 -5.222330987453460693e-02
0.000000000000000000e+00 0.000000000000000000e+00 0.000000000000000000e+00 1.000000000000000000e+00
6.706025004386901855e-01 6.680505871772766113e-01 -3.224915862083435059e-01 1.000028923153877258e-01
-1.888279616832733154e-02 4.499637782573699951e-01 8.928473591804504395e-01 -2.436375468969345093e-01
7.415767312049865723e-01 -5.926558375358581543e-01 3.143615126609802246e-01 -7.161688804626464844e-02
0.000000000000000000e+00 0.000000000000000000e+00 0.000000000000000000e+00 1.000000000000000000e+00
6.723041534423828125e-01 7.104535698890686035e-01 -2.079970389604568481e-01 7.463303953409194946e-02
-9.815417975187301636e-02 3.640428185462951660e-01 9.261959791183471680e-01 -2.552508711814880371e-01
7.337390780448913574e-01 -6.022697091102600098e-01 3.144816756248474121e-01 -6.776676326990127563e-02
0.000000000000000000e+00 0.000000000000000000e+00 0.000000000000000000e+00 1.000000000000000000e+00
6.621478796005249023e-01 7.448801994323730469e-01 -8.193373680114746094e-02 4.112271592020988464e-02
-1.709761321544647217e-01 2.566218078136444092e-01 9.512686133384704590e-01 -2.713573276996612549e-01
7.296072840690612793e-01 -6.158722639083862305e-01 2.972784340381622314e-01 -5.926930531859397888e-02
0.000000000000000000e+00 0.000000000000000000e+00 0.000000000000000000e+00 1.000000000000000000e+00
6.749716997146606445e-01 7.370136380195617676e-01 3.499289229512214661e-02 3.845704486593604088e-03
-2.049131542444229126e-01 1.416812241077423096e-01 9.684710502624511719e-01 -2.847725450992584229e-01
7.088187336921691895e-01 -6.608611345291137695e-01 2.466545403003692627e-01 -4.355822503566741943e-02
0.000000000000000000e+00 0.000000000000000000e+00 0.000000000000000000e+00 1.000000000000000000e+00
6.877124309539794922e-01 7.114015221595764160e-01 1.447741389274597168e-01 -3.655203804373741150e-02
-2.404833734035491943e-01 3.507104143500328064e-02 9.700196385383605957e-01 -2.916676700115203857e-01
6.849960088729858398e-01 -7.019101977348327637e-01 1.951990574598312378e-01 -2.924659661948680878e-02
0.000000000000000000e+00 0.000000000000000000e+00 0.000000000000000000e+00 1.000000000000000000e+00
6.964330077171325684e-01 6.765056848526000977e-01 2.394187152385711670e-01 -7.543926686048507690e-02
-2.492173016071319580e-01 -8.486184477806091309e-02 9.647225141525268555e-01 -2.970459461212158203e-01
6.729575395584106445e-01 -7.315317392349243164e-01 1.094963029026985168e-01 -4.541947972029447556e-03
0.000000000000000000e+00 0.000000000000000000e+00 0.000000000000000000e+00 1.000000000000000000e+00
6.623826026916503906e-01 7.397667169570922852e-01 1.182979568839073181e-01 -2.802408859133720398e-02
-3.012426197528839111e-01 1.184272319078445435e-01 9.461647868156433105e-01 -2.735496163368225098e-01
6.859316229820251465e-01 -6.623594164848327637e-01 3.012934029102325439e-01 -7.475274801254272461e-02
0.000000000000000000e+00 0.000000000000000000e+00 0.000000000000000000e+00 1.000000000000000000e+00
6.450492739677429199e-01 7.622377276420593262e-01 5.389294773340225220e-02 -4.116046708077192307e-03
-3.778055608272552490e-01 2.568263113498687744e-01 8.895522356033325195e-01 -2.465981841087341309e-01
6.642093062400817871e-01 -5.941663384437561035e-01 4.536435306072235107e-01 -1.179254949092864990e-01
0.000000000000000000e+00 0.000000000000000000e+00 0.000000000000000000e+00 1.000000000000000000e+00
6.302598714828491211e-01 7.748809456825256348e-01 -4.829374700784683228e-02 2.845258079469203949e-02
-4.470514059066772461e-01 4.130649268627166748e-01 7.934245467185974121e-01 -2.048403918743133545e-01
6.347578167915344238e-01 -4.784737229347229004e-01 6.067497730255126953e-01 -1.575205922126770020e-01
0.000000000000000000e+00 0.000000000000000000e+00 0.000000000000000000e+00 1.000000000000000000e+00
6.139276027679443359e-01 7.782019376754760742e-01 -1.322671622037887573e-01 5.340183526277542114e-02
-5.130648016929626465e-01 5.207349061965942383e-01 6.823484897613525391e-01 -1.622982919216156006e-01
5.998809337615966797e-01 -3.510508537292480469e-01 7.189613580703735352e-01 -1.821687072515487671e-01
0.000000000000000000e+00 0.000000000000000000e+00 0.000000000000000000e+00 1.000000000000000000e+00
6.146929860115051270e-01 7.715804576873779297e-01 -1.637543886899948120e-01 6.116840988397598267e-02
-5.699471235275268555e-01 5.780048370361328125e-01 5.840121507644653320e-01 -1.287993639707565308e-01
5.452634692192077637e-01 -2.656569182872772217e-01 7.950558066368103027e-01 -1.978299319744110107e-01
0.000000000000000000e+00 0.000000000000000000e+00 0.000000000000000000e+00 1.000000000000000000e+00
6.023642420768737793e-01 7.848100662231445312e-01 -1.457042694091796875e-01 5.289028212428092957e-02
-6.654193997383117676e-01 5.945309400558471680e-01 4.513860940933227539e-01 -9.287449717521667480e-02
4.408781528472900391e-01 -1.749443560838699341e-01 8.803524971008300781e-01 -2.150601893663406372e-01
0.000000000000000000e+00 0.000000000000000000e+00 0.000000000000000000e+00 1.000000000000000000e+00
5.884758234024047852e-01 7.881788015365600586e-01 -1.801936924457550049e-01 5.762879922986030579e-02
-7.120628952980041504e-01 6.108040809631347656e-01 3.462434113025665283e-01 -6.239982321858406067e-02
3.829648792743682861e-01 -7.544662058353424072e-02 9.206765890121459961e-01 -2.214347720146179199e-01
0.000000000000000000e+00 0.000000000000000000e+00 0.000000000000000000e+00 1.000000000000000000e+00
5.808966159820556641e-01 7.828444838523864746e-01 -2.229657769203186035e-01 6.442999094724655151e-02
-7.534407973289489746e-01 6.207897067070007324e-01 2.166727930307388306e-01 -2.458393201231956482e-02
3.080358803272247314e-01 4.212703183293342590e-02 9.504413008689880371e-01 -2.240116298198699951e-01
0.000000000000000000e+00 0.000000000000000000e+00 0.000000000000000000e+00 1.000000000000000000e+00
5.671446323394775391e-01 7.911588549613952637e-01 -2.289417088031768799e-01 6.458526849746704102e-02
-7.835277318954467773e-01 6.039434671401977539e-01 1.460705548524856567e-01 -5.156946834176778793e-03
2.538328766822814941e-01 9.653906524181365967e-02 9.624183773994445801e-01 -2.249024212360382080e-01
0.000000000000000000e+00 0.000000000000000000e+00 0.000000000000000000e+00 1.000000000000000000e+00
5.462733507156372070e-01 8.045411109924316406e-01 -2.330214530229568481e-01 6.251727789640426636e-02
-8.247761726379394531e-01 5.651779770851135254e-01 1.783349178731441498e-02 2.844382077455520630e-02
1.460463106632232666e-01 1.824486404657363892e-01 9.723080992698669434e-01 -2.251105159521102905e-01
0.000000000000000000e+00 0.000000000000000000e+00 0.000000000000000000e+00 1.000000000000000000e+00
5.286433100700378418e-01 8.120185732841491699e-01 -2.473094165325164795e-01 6.325912475585937500e-02
-8.484047651290893555e-01 5.148196220397949219e-01 -1.231676414608955383e-01 6.548850983381271362e-02
2.730528637766838074e-02 2.749302387237548828e-01 9.610763788223266602e-01 -2.201872467994689941e-01
0.000000000000000000e+00 0.000000000000000000e+00 0.000000000000000000e+00 1.000000000000000000e+00
5.354520678520202637e-01 8.032635450363159180e-01 -2.608803212642669678e-01 6.372623890638351440e-02
-8.412177562713623047e-01 4.797721505165100098e-01 -2.493415027856826782e-01 9.754854440689086914e-02
-7.512391358613967896e-02 3.529675304889678955e-01 9.326148033142089844e-01 -2.087679803371429443e-01
0.000000000000000000e+00 0.000000000000000000e+00 0.000000000000000000e+00 1.000000000000000000e+00
4.979411661624908447e-01 8.211392164230346680e-01 -2.788994610309600830e-01 6.719095259904861450e-02
-8.429851531982421875e-01 3.828317523002624512e-01 -3.779098093509674072e-01 1.305865198373794556e-01
-2.035450935363769531e-01 4.232849180698394775e-01 8.828359246253967285e-01 -1.901487410068511963e-01
0.000000000000000000e+00 0.000000000000000000e+00 0.000000000000000000e+00 1.000000000000000000e+00
4.710626900196075439e-01 8.321636319160461426e-01 -2.925808727741241455e-01 7.123307138681411743e-02
-8.254688382148742676e-01 2.989352047443389893e-01 -4.787890911102294922e-01 1.563936918973922729e-01
-3.109681606292724609e-01 4.670559763908386230e-01 8.277423381805419922e-01 -1.716553419828414917e-01
0.000000000000000000e+00 0.000000000000000000e+00 0.000000000000000000e+00 1.000000000000000000e+00
4.513288140296936035e-01 8.394895792007446289e-01 -3.025875687599182129e-01 7.738153636455535889e-02
-8.041967153549194336e-01 2.356835007667541504e-01 -5.456379055976867676e-01 1.727172881364822388e-01
-3.867426216602325439e-01 4.896020591259002686e-01 7.814857363700866699e-01 -1.562869548797607422e-01
0.000000000000000000e+00 0.000000000000000000e+00 0.000000000000000000e+00 1.000000000000000000e+00
4.096055030822753906e-01 8.618482947349548340e-01 -2.990661561489105225e-01 8.244385570287704468e-02
-7.867527604103088379e-01 1.677843034267425537e-01 -5.940276384353637695e-01 1.831942796707153320e-01
-4.617832303047180176e-01 4.786081612110137939e-01 7.467870116233825684e-01 -1.413489431142807007e-01
0.000000000000000000e+00 0.000000000000000000e+00 0.000000000000000000e+00 1.000000000000000000e+00
3.724536597728729248e-01 8.822754621505737305e-01 -2.878680825233459473e-01 8.706629276275634766e-02
-7.758839726448059082e-01 1.258351057767868042e-01 -6.181983351707458496e-01 1.857990324497222900e-01
-5.091973543167114258e-01 4.536025226116180420e-01 7.314113974571228027e-01 -1.309905499219894409e-01
0.000000000000000000e+00 0.000000000000000000e+00 0.000000000000000000e+00 1.000000000000000000e+00
2.678553760051727295e-01 9.327143430709838867e-01 -2.414485216140747070e-01 8.570156246423721313e-02
-7.700191140174865723e-01 5.662231147289276123e-02 -6.355032920837402344e-01 1.844158768653869629e-01
-5.790715813636779785e-01 3.561429977416992188e-01 7.333744168281555176e-01 -1.255076229572296143e-01
0.000000000000000000e+00 0.000000000000000000e+00 0.000000000000000000e+00 1.000000000000000000e+00
8.282144367694854736e-02 9.779630899429321289e-01 -1.916478276252746582e-01 8.501708507537841797e-02
-7.825659513473510742e-01 -5.524723604321479797e-02 -6.201117038726806641e-01 1.679138392210006714e-01
-6.170341968536376953e-01 2.013355791568756104e-01 7.607449293136596680e-01 -1.305892765522003174e-01
0.000000000000000000e+00 0.000000000000000000e+00 0.000000000000000000e+00 1.000000000000000000e+00
-9.019660949707031250e-02 9.808356165885925293e-01 -1.727024167776107788e-01 8.236058056354522705e-02
-7.864283919334411621e-01 -1.765417307615280151e-01 -5.919151902198791504e-01 1.515126526355743408e-01
-6.110605597496032715e-01 8.242934197187423706e-02 7.872804403305053711e-01 -1.379418522119522095e-01
0.000000000000000000e+00 0.000000000000000000e+00 0.000000000000000000e+00 1.000000000000000000e+00
-2.001401782035827637e-01 9.577333331108093262e-01 -2.066165208816528320e-01 8.888842165470123291e-02
-7.482396960258483887e-01 -2.855503559112548828e-01 -5.988307595252990723e-01 1.555235236883163452e-01
-6.325196623802185059e-01 3.474852442741394043e-02 7.737644314765930176e-01 -1.321760118007659912e-01
0.000000000000000000e+00 0.000000000000000000e+00 0.000000000000000000e+00 1.000000000000000000e+00
-2.482586503028869629e-01 9.537533521652221680e-01 -1.694755107164382935e-01 8.696025609970092773e-02
-7.074683308601379395e-01 -2.980236113071441650e-01 -6.408356428146362305e-01 1.696496903896331787e-01
-6.617069840431213379e-01 -3.919442370533943176e-02 7.487374544143676758e-01 -1.232179328799247742e-01
0.000000000000000000e+00 0.000000000000000000e+00 0.000000000000000000e+00 1.000000000000000000e+00
-3.540271222591400146e-01 9.265501499176025391e-01 -1.271593123674392700e-01 8.881101757287979126e-02
-6.923024654388427734e-01 -3.510474562644958496e-01 -6.304625868797302246e-01 1.642307937145233154e-01
-6.287941336631774902e-01 -1.351682394742965698e-01 7.657333016395568848e-01 -1.203151792287826538e-01
0.000000000000000000e+00 0.000000000000000000e+00 0.000000000000000000e+00 1.000000000000000000e+00
2.149844020605087280e-01 9.265433549880981445e-01 -3.087058067321777344e-01 8.323920518159866333e-02
-7.322410345077514648e-01 -5.623517557978630066e-02 -6.787198185920715332e-01 1.837351620197296143e-01
-6.462235450744628906e-01 3.719612658023834229e-01 6.663632988929748535e-01 -1.013556495308876038e-01
0.000000000000000000e+00 0.000000000000000000e+00 0.000000000000000000e+00 1.000000000000000000e+00
5.303471088409423828e-01 7.831103801727294922e-01 -3.247613310813903809e-01 7.065320760011672974e-02
-7.668408751487731934e-01 2.797723412513732910e-01 -5.776525139808654785e-01 1.748165190219879150e-01
-3.615065217018127441e-01 5.553965568542480469e-01 7.488975524902343750e-01 -1.578395813703536987e-01
0.000000000000000000e+00 0.000000000000000000e+00 0.000000000000000000e+00 1.000000000000000000e+00
5.878779292106628418e-01 7.388330698013305664e-01 -3.294316828250885010e-01 6.958521902561187744e-02
-7.725923657417297363e-01 3.920770883560180664e-01 -4.993761777877807617e-01 1.574816405773162842e-01
-2.397929877042770386e-01 5.480884909629821777e-01 8.013101816177368164e-01 -1.864123493432998657e-01
0.000000000000000000e+00 0.000000000000000000e+00 0.000000000000000000e+00 1.000000000000000000e+00
5.961253046989440918e-01 7.486444115638732910e-01 -2.901138067245483398e-01 5.905803665518760681e-02
-7.727930545806884766e-01 4.370030164718627930e-01 -4.602383673191070557e-01 1.486160159111022949e-01
-2.177743017673492432e-01 4.985575973987579346e-01 8.390557765960693359e-01 -2.023787945508956909e-01
0.000000000000000000e+00 0.000000000000000000e+00 0.000000000000000000e+00 1.000000000000000000e+00
6.233991384506225586e-01 7.491315007209777832e-01 -2.239989340305328369e-01 3.930319473147392273e-02
-7.603913545608520508e-01 5.141005516052246094e-01 -3.968695104122161865e-01 1.313537359237670898e-01
-1.821494996547698975e-01 4.177349805831909180e-01 8.901230096817016602e-01 -2.225604802370071411e-01
0.000000000000000000e+00 0.000000000000000000e+00 0.000000000000000000e+00 1.000000000000000000e+00
6.369232535362243652e-01 7.558059692382812500e-01 -1.519403904676437378e-01 1.822537556290626526e-02
-7.464427351951599121e-01 5.553227663040161133e-01 -3.666600584983825684e-01 1.241968572139739990e-01
-1.927479952573776245e-01 3.469490706920623779e-01 9.178641438484191895e-01 -2.346802204847335815e-01
0.000000000000000000e+00 0.000000000000000000e+00 0.000000000000000000e+00 1.000000000000000000e+00
6.469877958297729492e-01 7.587146162986755371e-01 -7.588586956262588501e-02 -4.886650945991277695e-03
-7.335595488548278809e-01 5.921825170516967773e-01 -3.334814906120300293e-01 1.152787804603576660e-01
-2.080790996551513672e-01 2.714252471923828125e-01 9.396975040435791016e-01 -2.444866895675659180e-01
0.000000000000000000e+00 0.000000000000000000e+00 0.000000000000000000e+00 1.000000000000000000e+00
6.655093431472778320e-01 7.460107207298278809e-01 -2.377137728035449982e-02 -2.256557717919349670e-02
-7.217091917991638184e-01 6.350548863410949707e-01 -2.753922343254089355e-01 9.824492782354354858e-02
-1.903495192527770996e-01 2.004320919513702393e-01 9.610379934310913086e-01 -2.546086907386779785e-01
0.000000000000000000e+00 0.000000000000000000e+00 0.000000000000000000e+00 1.000000000000000000e+00
7.065371870994567871e-01 7.054636478424072266e-01 5.591036379337310791e-02 -5.173631012439727783e-02
-6.830904483795166016e-01 7.005034089088439941e-01 -2.065963745117187500e-01 7.766819745302200317e-02
-1.849116981029510498e-01 1.077761277556419373e-01 9.768275022506713867e-01 -2.631969749927520752e-01
0.000000000000000000e+00 0.000000000000000000e+00 0.000000000000000000e+00 1.000000000000000000e+00
7.465305924415588379e-01 6.586244106292724609e-01 9.436928480863571167e-02 -6.752552092075347900e-02
-6.435782909393310547e-01 7.507881522178649902e-01 -1.487406045198440552e-01 5.865614488720893860e-02
-1.688155829906463623e-01 5.030531063675880432e-02 9.843630790710449219e-01 -2.687691748142242432e-01
0.000000000000000000e+00 0.000000000000000000e+00 0.000000000000000000e+00 1.000000000000000000e+00
7.713778018951416016e-01 6.158528327941894531e-01 1.603162437677383423e-01 -9.184254705905914307e-02
-6.145125627517700195e-01 7.863191366195678711e-01 -6.384582817554473877e-02 3.101004101336002350e-02
-1.653793752193450928e-01 -4.926716908812522888e-02 9.849987030029296875e-01 -2.713627219200134277e-01
0.000000000000000000e+00 0.000000000000000000e+00 0.000000000000000000e+00 1.000000000000000000e+00
7.932102680206298828e-01 5.730065703392028809e-01 2.061085402965545654e-01 -1.103386729955673218e-01
-5.880036950111389160e-01 8.087267279624938965e-01 1.457914430648088455e-02 5.025263410061597824e-03
-1.583315283060073853e-01 -1.327569633722305298e-01 9.784204959869384766e-01 -2.727904319763183594e-01
0.000000000000000000e+00 0.000000000000000000e+00 0.000000000000000000e+00 1.000000000000000000e+00
8.277064561843872070e-01 5.111733078956604004e-01 2.315244823694229126e-01 -1.227951496839523315e-01
-5.436231493949890137e-01 8.327522277832031250e-01 1.048684269189834595e-01 -2.617416903376579285e-02
-1.391965299844741821e-01 -2.126624137163162231e-01 9.671602845191955566e-01 -2.722315490245819092e-01
0.000000000000000000e+00 0.000000000000000000e+00 0.000000000000000000e+00 1.000000000000000000e+00
8.412567377090454102e-01 4.942341446876525879e-01 2.191337049007415771e-01 -1.228234022855758667e-01
-5.354539752006530762e-01 8.176661729812622070e-01 2.114495635032653809e-01 -6.094069778919219971e-02
-7.467256486415863037e-02 -2.952194213867187500e-01 9.525069594383239746e-01 -2.719213366508483887e-01
0.000000000000000000e+00 0.000000000000000000e+00 0.000000000000000000e+00 1.000000000000000000e+00
