0.2907044589519501 0.8822738528251648 -0.3702481389045715 0.1105343028903008 
-0.914153516292572 0.370362251996994 0.1647880226373672 0.00574444979429245 
0.2825140953063965 0.2905590236186981 0.9141997694969177 -0.3047545254230499 
0 0 0 1 

0.2728393375873566 0.8536456227302551 -0.4436751306056976 0.135369598865509 
-0.9325661063194275 0.3479859530925751 0.09605216979980469 0.03020165488123894 
0.23638716340065 0.3875496685504913 0.8910254240036011 -0.293554961681366 
0 0 0 1 

0.1752868145704269 0.7749841809272766 -0.6071853637695312 0.1956477761268616 
-0.9623684287071228 0.2649600505828857 0.06035935878753662 0.04253469035029411 
0.2076574265956879 0.5737558007240295 0.7922642827033997 -0.2590447962284088 
0 0 0 1 

0.1338956356048584 0.6733218431472778 -0.7271242737770081 0.2375666499137878 
-0.9737285375595093 0.2257602512836456 0.02974913269281387 0.05298219248652458 
0.1841864585876465 0.7040384411811829 0.6858609914779663 -0.22331602871418 
0 0 0 1 

0.1083820834755898 0.5741117596626282 -0.8115718960762024 0.2662433981895447 
-0.9836491942405701 0.1800509691238403 -0.003992948215454817 0.06433343887329102 
0.1438319236040115 0.7987347841262817 0.5842388868331909 -0.1881351619958878 
0 0 0 1 

0.07656814903020859 0.5036947727203369 -0.8604817986488342 0.2843770980834961 
-0.9909523725509644 0.1338543295860291 -0.00982442032545805 0.06689377129077911 
0.1102307513356209 0.8534486889839172 0.509386420249939 -0.161949560046196 
0 0 0 1 

0.1513998508453369 0.5153073072433472 -0.843526303768158 0.2721274495124817 
-0.9883724451065063 0.09106985479593277 -0.1217632293701172 0.1030107960104942 
0.01407435815781355 0.8521530032157898 0.5231034159660339 -0.1588256806135178 
0 0 0 1 

0.2639670073986053 0.5746745467185974 -0.774642288684845 0.2419320791959763 
-0.9594377875328064 0.07401099056005478 -0.272032231092453 0.1494044363498688 
-0.09899791330099106 0.8150285482406616 0.5709009170532227 -0.1645106673240662 
0 0 0 1 

0.32304647564888 0.6124013662338257 -0.7215300798416138 0.2215246111154556 
-0.9286729097366333 0.05832576751708984 -0.3662851452827454 0.1769634038209915 
-0.1822297126054764 0.7883924841880798 0.5875624418258667 -0.1635816097259521 
0 0 0 1 

0.3559472262859344 0.639402449131012 -0.6815173625946045 0.2063809186220169 
-0.8934969305992126 0.01918801665306091 -0.4486589729785919 0.1981768012046814 
-0.2737967669963837 0.7686326503753662 0.5781341791152954 -0.1531529575586319 
0 0 0 1 

