0.2907043993473053 0.88227379322052 -0.3702481091022491 0.1105342507362366 
-0.914153516292572 0.3703622221946716 0.1647880226373672 0.00574444979429245 
0.2825140953063965 0.2905590236186981 0.9141998291015625 -0.3047545552253723 
0 0 0 1 

0.2728395462036133 0.8536456823348999 -0.4436751008033752 0.1353695243597031 
-0.9325661659240723 0.3479860723018646 0.09605203568935394 0.03020165301859379 
0.23638716340065 0.3875495791435242 0.8910254240036011 -0.2935549914836884 
0 0 0 1 

0.1752868890762329 0.7749842405319214 -0.6071853637695312 0.1956477612257004 
-0.962368369102478 0.2649600803852081 0.06035938486456871 0.04253467544913292 
0.2076574563980103 0.5737558007240295 0.7922642827033997 -0.2590447962284088 
0 0 0 1 

0.1338955461978912 0.6733218431472778 -0.7271243333816528 0.2375666201114655 
-0.9737285971641541 0.2257601022720337 0.02974913083016872 0.05298217013478279 
0.1841864287853241 0.7040384411811829 0.6858609914779663 -0.2233160734176636 
0 0 0 1 

0.108381949365139 0.5741116404533386 -0.8115719556808472 0.2662434577941895 
-0.9836491346359253 0.180050864815712 -0.003992815967649221 0.06433344632387161 
0.143831804394722 0.7987348437309265 0.5842387676239014 -0.1881351172924042 
0 0 0 1 

0.07656794786453247 0.5036945939064026 -0.860481858253479 0.2843770980834961 
-0.9909523129463196 0.1338541060686111 -0.009824258275330067 0.06689376384019852 
0.1102305799722672 0.8534486889839172 0.5093863606452942 -0.1619495749473572 
0 0 0 1 

0.1513995826244354 0.5153071284294128 -0.8435263633728027 0.2721275091171265 
-0.9883725047111511 0.09106959402561188 -0.1217630803585052 0.1030107885599136 
0.01407421380281448 0.8521530628204346 0.5231032371520996 -0.1588256508111954 
0 0 0 1 

0.2639668583869934 0.5746744871139526 -0.7746423482894897 0.241932138800621 
-0.9594377875328064 0.07401083409786224 -0.2720321714878082 0.14940445125103 
-0.09899801760911942 0.8150286078453064 0.5709007978439331 -0.1645106673240662 
0 0 0 1 

0.3230463266372681 0.6124013066291809 -0.7215301394462585 0.2215246707201004 
-0.9286729097366333 0.05832549557089806 -0.366285115480423 0.1769634187221527 
-0.1822298169136047 0.7883925437927246 0.5875622630119324 -0.1635815501213074 
0 0 0 1 

0.3601009547710419 0.6336970925331116 -0.6846573948860168 0.2071880996227264 
-0.895940899848938 0.03035075962543488 -0.4431354999542236 0.1977004557847977 
-0.2600336670875549 0.7729859948158264 0.5786840915679932 -0.154095321893692 
0 0 0 1 

