1 0 0 -0.01792658120393753 
0 1 0 0.02243540808558464 
0 0 1 -0.3816788792610168 
0 0 0 1 

0.9953806400299072 0.05850369855761528 -0.07612212002277374 0.01424003578722477 
-0.05983875319361687 0.998089611530304 -0.01537506468594074 0.02553924918174744 
0.07507717609405518 0.01985916681587696 0.9969798922538757 -0.3787031471729279 
0 0 0 1 

0.9722186326980591 0.07505719363689423 -0.2217143923044205 0.07316740602254868 
-0.08049888908863068 0.9966326355934143 -0.01559690851718187 0.02632950805127621 
0.2197971343994141 0.03301140293478966 0.9749868512153625 -0.3691996335983276 
0 0 0 1 

0.9408978223800659 0.07187908142805099 -0.3309751749038696 0.1176483407616615 
-0.06969641894102097 0.9973971247673035 0.01847503520548344 0.01424977462738752 
0.3314416408538818 0.005684680305421352 0.9434585571289062 -0.3569743633270264 
0 0 0 1 

0.9133809208869934 0.08703169971704483 -0.3976942598819733 0.1459024250507355 
-0.07484183460474014 0.996129035949707 0.04610500484704971 0.00730101577937603 
0.4001674056053162 -0.01234724652022123 0.9163588285446167 -0.3451521098613739 
0 0 0 1 

0.8543118834495544 0.1053752228617668 -0.5089675188064575 0.1936660706996918 
-0.08640801906585693 0.9944007992744446 0.06084040552377701 0.006575302220880985 
0.5125284194946289 -0.007997779175639153 0.858633279800415 -0.3198429942131042 
0 0 0 1 

