1.000000000000000000e+00 0.000000000000000000e+00 0.000000000000000000e+00 -4.255350477121360719e-01
0.000000000000000000e+00 -1.000000000000000000e+00 0.000000000000000000e+00 3.076616963927396031e-01
0.000000000000000000e+00 0.000000000000000000e+00 -1.000000000000000000e+00 -5.117628744684824760e+00
0.000000000000000000e+00 0.000000000000000000e+00 0.000000000000000000e+00 1.000000000000000000e+00
9.955866932868957520e-01 -5.356645211577415466e-02 7.705654203891754150e-02 7.868065228806751799e-03
-5.519602820277214050e-02 -9.982913732528686523e-01 1.917403750121593475e-02 3.690462484905921436e-01
7.589778304100036621e-02 -2.334267087280750275e-02 -9.968423247337341309e-01 -5.078856765711658561e+00
0.000000000000000000e+00 0.000000000000000000e+00 0.000000000000000000e+00 1.000000000000000000e+00
9.710536003112792969e-01 -6.837600469589233398e-02 2.288660407066345215e-01 8.243347947687129640e-01
-7.500398159027099609e-02 -9.969748854637145996e-01 2.037757635116577148e-02 3.825911141683627781e-01
2.267803847789764404e-01 -3.695356473326683044e-02 -9.732445478439331055e-01 -4.944905802462967515e+00
0.000000000000000000e+00 0.000000000000000000e+00 0.000000000000000000e+00 1.000000000000000000e+00
9.990703463554382324e-01 -4.260726645588874817e-02 -6.560902111232280731e-03 -4.244381412174471069e-01
-4.262243583798408508e-02 -9.990888833999633789e-01 -2.189311431720852852e-03 2.642672986899535781e-01
-6.461645476520061493e-03 2.466912148520350456e-03 -9.999760985374450684e-01 -4.931783796867824421e+00
0.000000000000000000e+00 0.000000000000000000e+00 0.000000000000000000e+00 1.000000000000000000e+00
9.952724575996398926e-01 -5.125831067562103271e-02 8.249405026435852051e-02 6.980632842371153890e-02
-4.887660592794418335e-02 -9.983348250389099121e-01 -3.063729032874107361e-02 1.604122299666168594e-01
8.392710983753204346e-02 2.646038308739662170e-02 -9.961204528808593750e-01 -4.916095563796456958e+00
0.000000000000000000e+00 0.000000000000000000e+00 0.000000000000000000e+00 1.000000000000000000e+00
9.279593080282211304e-02 -9.317069500684738159e-02 9.913163185119628906e-01 5.187714050790225073e+00
-3.681691735982894897e-02 -9.952524900436401367e-01 -9.009428322315216064e-02 -8.563426616458273688e-02
9.950041770935058594e-01 -2.813682518899440765e-02 -9.578566998243331909e-02 -5.019363425140525026e-01
0.000000000000000000e+00 0.000000000000000000e+00 0.000000000000000000e+00 1.000000000000000000e+00
5.968835949897766113e-02 -1.127972230315208435e-01 9.918237328529357910e-01 5.160110935052842684e+00
-3.075028769671916962e-02 -9.933313131332397461e-01 -1.111181229352951050e-01 -1.382349602962038848e-01
9.977433085441589355e-01 -2.386641129851341248e-02 -6.275893747806549072e-02 -2.412951220448065481e-01
0.000000000000000000e+00 0.000000000000000000e+00 0.000000000000000000e+00 1.000000000000000000e+00
6.039127334952354431e-02 -1.072107926011085510e-01 9.924004077911376953e-01 5.103794801266187342e+00
-2.979872003197669983e-02 -9.939655065536499023e-01 -1.055665239691734314e-01 -5.543490112516843288e-02
9.977295994758605957e-01 -2.319698408246040344e-02 -6.322163343429565430e-02 -1.381959436204914793e-01
0.000000000000000000e+00 0.000000000000000000e+00 0.000000000000000000e+00 1.000000000000000000e+00
7.808984071016311646e-02 -1.018675714731216431e-01 9.917283058166503906e-01 5.043120009276524485e+00
-3.393189981579780579e-02 -9.944612383842468262e-01 -9.947644174098968506e-02 3.981665883408370445e-03
9.963684082031250000e-01 -2.588313631713390350e-02 -8.111379295587539673e-02 -1.048194732928176970e-01
0.000000000000000000e+00 0.000000000000000000e+00 0.000000000000000000e+00 1.000000000000000000e+00
9.029225260019302368e-02 -1.050683408975601196e-01 9.903573989868164062e-01 4.997552904386725281e+00
-5.927645787596702576e-02 -9.932233691215515137e-01 -9.996813535690307617e-02 2.420660558872546331e-02
9.941495060920715332e-01 -4.967855662107467651e-02 -9.590844810009002686e-02 -5.411328068556366805e-02
0.000000000000000000e+00 0.000000000000000000e+00 0.000000000000000000e+00 1.000000000000000000e+00
1.094712838530540466e-01 -9.244811534881591797e-02 9.896813631057739258e-01 4.952917133328176291e+00
-8.263269066810607910e-02 -9.930651783943176270e-01 -8.362396061420440674e-02 1.357805433494455039e-01
9.905494451522827148e-01 -7.262569665908813477e-02 -1.163514181971549988e-01 -2.919511566285391824e-02
0.000000000000000000e+00 0.000000000000000000e+00 0.000000000000000000e+00 1.000000000000000000e+00
1.101761460304260254e-01 -8.876527845859527588e-02 9.899404048919677734e-01 4.931018288500138347e+00
-1.099153086543083191e-01 -9.909830689430236816e-01 -7.662567496299743652e-02 2.148766086090320993e-01
9.878157973289489746e-01 -1.003673002123832703e-01 -1.189393401145935059e-01 7.327230390773600832e-02
0.000000000000000000e+00 0.000000000000000000e+00 0.000000000000000000e+00 1.000000000000000000e+00
1.187976375222206116e-01 -1.003623828291893005e-01 9.878330826759338379e-01 4.932125016261262651e+00
-1.089068576693534851e-01 -9.901931881904602051e-01 -8.750494569540023804e-02 2.122124164802341173e-01
9.869275689125061035e-01 -9.718640148639678955e-02 -1.285627335309982300e-01 9.873358992454889238e-02
0.000000000000000000e+00 0.000000000000000000e+00 0.000000000000000000e+00 1.000000000000000000e+00
1.202374920248985291e-01 -1.079290360212326050e-01 9.868609905242919922e-01 4.945204959058743910e+00
-1.341394633054733276e-01 -9.867226481437683105e-01 -9.157062321901321411e-02 2.441540394636071143e-01
9.836409687995910645e-01 -1.213668063282966614e-01 -1.331185251474380493e-01 1.593765124006531475e-01
0.000000000000000000e+00 0.000000000000000000e+00 0.000000000000000000e+00 1.000000000000000000e+00
1.400310397148132324e-01 -1.151815652847290039e-01 9.834249615669250488e-01 4.962462610665516749e+00
-1.521133482456207275e-01 -9.839226007461547852e-01 -9.358023107051849365e-02 2.656842147826567468e-01
9.783928394317626953e-01 -1.364879310131072998e-01 -1.553004086017608643e-01 1.333317786745258637e-01
0.000000000000000000e+00 0.000000000000000000e+00 0.000000000000000000e+00 1.000000000000000000e+00
1.418640017509460449e-01 -1.242587342858314514e-01 9.820561408996582031e-01 4.982691244971299227e+00
-1.776571720838546753e-01 -9.791772961616516113e-01 -9.823077172040939331e-02 2.705158066464045663e-01
9.738132357597351074e-01 -1.605338901281356812e-01 -1.609854847192764282e-01 2.206876158102534513e-01
0.000000000000000000e+00 0.000000000000000000e+00 0.000000000000000000e+00 1.000000000000000000e+00
1.780499517917633057e-01 -1.303815692663192749e-01 9.753457307815551758e-01 5.006557914455994407e+00
-1.904414147138595581e-01 -9.770094156265258789e-01 -9.583879262208938599e-02 3.221471715422831172e-01
9.654173254966735840e-01 -1.686821430921554565e-01 -1.987866014242172241e-01 1.465572671843178854e-01
0.000000000000000000e+00 0.000000000000000000e+00 0.000000000000000000e+00 1.000000000000000000e+00
2.183697074651718140e-01 -1.331062763929367065e-01 9.667457938194274902e-01 5.017289086504786333e+00
-2.176043689250946045e-01 -9.723524451255798340e-01 -8.472555130720138550e-02 3.898712767205353980e-01
9.512955546379089355e-01 -1.918665170669555664e-01 -2.412967532873153687e-01 4.553125021935363476e-02
0.000000000000000000e+00 0.000000000000000000e+00 0.000000000000000000e+00 1.000000000000000000e+00
2.863438725471496582e-01 -1.598446816205978394e-01 9.446991086006164551e-01 5.079155525488588729e+00
-2.365174293518066406e-01 -9.672643542289733887e-01 -9.197290241718292236e-02 3.502782051517361883e-01
9.284754991531372070e-01 -1.971019953489303589e-01 -3.147764503955841064e-01 -1.095060278684010235e-01
0.000000000000000000e+00 0.000000000000000000e+00 0.000000000000000000e+00 1.000000000000000000e+00
3.369965851306915283e-01 -2.136104702949523926e-01 9.169535040855407715e-01 5.290231405982376067e+00
-2.437032610177993774e-01 -9.605207443237304688e-01 -1.341945677995681763e-01 1.484719012921110748e-01
9.094184041023254395e-01 -1.782415211200714111e-01 -3.757498264312744141e-01 -1.875824795041202697e-01
0.000000000000000000e+00 0.000000000000000000e+00 0.000000000000000000e+00 1.000000000000000000e+00
3.713842332363128662e-01 -2.368494719266891479e-01 8.977615237236022949e-01 5.361181028348083188e+00
-2.744505703449249268e-01 -9.517127275466918945e-01 -1.375488042831420898e-01 1.576641478536847107e-01
8.869893550872802734e-01 -1.953077763319015503e-01 -4.184546768665313721e-01 -4.173919296995286521e-01
0.000000000000000000e+00 0.000000000000000000e+00 0.000000000000000000e+00 1.000000000000000000e+00
3.514022529125213623e-01 -2.471368908882141113e-01 9.030168056488037109e-01 5.241888950084580223e+00
-2.060606181621551514e-01 -9.612944126129150391e-01 -1.828992217779159546e-01 -1.140539978849932218e-01
9.132661819458007812e-01 -1.218050718307495117e-01 -3.887261450290679932e-01 -3.759113396880053859e-01
0.000000000000000000e+00 0.000000000000000000e+00 0.000000000000000000e+00 1.000000000000000000e+00
3.539057672023773193e-01 -2.485328316688537598e-01 9.016551971435546875e-01 5.166087026871606369e+00
-1.691291928291320801e-01 -9.651600122451782227e-01 -1.996529847383499146e-01 -2.186657009426876130e-01
9.198620915412902832e-01 -8.183787763118743896e-02 -3.836099207401275635e-01 -4.018995267285965789e-01
0.000000000000000000e+00 0.000000000000000000e+00 0.000000000000000000e+00 1.000000000000000000e+00
3.007922768592834473e-01 -2.688748240470886230e-01 9.150030612945556641e-01 4.885722210882065930e+00
-7.313937693834304810e-02 -9.631127119064331055e-01 -2.589686810970306396e-01 -6.212898825192378904e-01
9.508808851242065430e-01 1.097294036298990250e-02 -3.093620538711547852e-01 -1.635924861624833138e-01
0.000000000000000000e+00 0.000000000000000000e+00 0.000000000000000000e+00 1.000000000000000000e+00
2.870180606842041016e-01 -3.103980720043182373e-01 9.062414765357971191e-01 4.601732851554373838e+00
-3.456345945596694946e-02 -9.487860798835754395e-01 -3.140232861042022705e-01 -1.021716605333263805e+00
9.573016166687011719e-01 5.880751833319664001e-02 -2.830471992492675781e-01 -1.016998695354422028e-01
0.000000000000000000e+00 0.000000000000000000e+00 0.000000000000000000e+00 1.000000000000000000e+00
3.027905523777008057e-01 -3.670809268951416016e-01 8.795278668403625488e-01 4.346977930239424026e+00
8.544855751097202301e-03 -9.217665791511535645e-01 -3.876512944698333740e-01 -1.402889479336380418e+00
9.530188441276550293e-01 1.248925849795341492e-01 -2.759656906127929688e-01 -1.051103911091942344e-01
0.000000000000000000e+00 0.000000000000000000e+00 0.000000000000000000e+00 1.000000000000000000e+00
3.333919942378997803e-01 -3.912853002548217773e-01 8.577561974525451660e-01 4.150661726717674860e+00
5.585741251707077026e-02 -9.000118374824523926e-01 -4.322718083858489990e-01 -1.630725896627780447e+00
9.411321282386779785e-01 1.920279860496520996e-01 -2.782004177570343018e-01 -1.582878862344614945e-01
0.000000000000000000e+00 0.000000000000000000e+00 0.000000000000000000e+00 1.000000000000000000e+00
3.826030194759368896e-01 -4.364647865295410156e-01 8.143175244331359863e-01 3.844974709716799222e+00
1.201183125376701355e-01 -8.503999114036560059e-01 -5.122414827346801758e-01 -2.028569328755209344e+00
9.160714745521545410e-01 2.937995493412017822e-01 -2.729382216930389404e-01 -2.027007939086998001e-01
0.000000000000000000e+00 0.000000000000000000e+00 0.000000000000000000e+00 1.000000000000000000e+00
4.087751507759094238e-01 -4.716985523700714111e-01 7.812829017639160156e-01 3.640012617181290988e+00
1.409201771020889282e-01 -8.131836056709289551e-01 -5.646893382072448730e-01 -2.289831682323538509e+00
9.016898870468139648e-01 3.409295082092285156e-01 -2.659374475479125977e-01 -2.163791147245711921e-01
0.000000000000000000e+00 0.000000000000000000e+00 0.000000000000000000e+00 1.000000000000000000e+00
4.121278226375579834e-01 -5.192045569419860840e-01 7.487168312072753906e-01 3.411962016917834184e+00
1.659060865640640259e-01 -7.652476429939270020e-01 -6.219900250434875488e-01 -2.538224010263849806e+00
8.958937525749206543e-01 3.805560171604156494e-01 -2.292406708002090454e-01 -9.418859720731859175e-02
0.000000000000000000e+00 0.000000000000000000e+00 0.000000000000000000e+00 1.000000000000000000e+00
4.290197491645812988e-01 -5.390180349349975586e-01 7.248457074165344238e-01 3.228960276131473961e+00
1.662622690200805664e-01 -7.416152358055114746e-01 -6.498947739601135254e-01 -2.666369712206923648e+00
8.878618478775024414e-01 3.993322253227233887e-01 -2.285492122173309326e-01 -1.235619218161152361e-01
0.000000000000000000e+00 0.000000000000000000e+00 0.000000000000000000e+00 1.000000000000000000e+00
4.344849288463592529e-01 -5.551901459693908691e-01 7.092157602310180664e-01 3.077272899338470591e+00
1.802128702402114868e-01 -7.179127931594848633e-01 -6.724016070365905762e-01 -2.754594843027468709e+00
8.824658393859863281e-01 4.199580550193786621e-01 -2.118700444698333740e-01 -9.514073922679955331e-02
0.000000000000000000e+00 0.000000000000000000e+00 0.000000000000000000e+00 1.000000000000000000e+00
4.295381903648376465e-01 -5.940723419189453125e-01 6.801285743713378906e-01 2.872051485687188155e+00
1.812367737293243408e-01 -6.811128258705139160e-01 -7.093931436538696289e-01 -2.900261684290971864e+00
8.846750855445861816e-01 4.279756844043731689e-01 -1.848962903022766113e-01 -3.169681977471090067e-02
0.000000000000000000e+00 0.000000000000000000e+00 0.000000000000000000e+00 1.000000000000000000e+00
3.614573180675506592e-01 -6.743842363357543945e-01 6.438591480255126953e-01 2.575736536188008241e+00
1.467490196228027344e-01 -6.407936215400695801e-01 -7.535566687583923340e-01 -3.045798368973030357e+00
9.207677841186523438e-01 3.668643832206726074e-01 -1.326543688774108887e-01 6.290817689078233299e-02
0.000000000000000000e+00 0.000000000000000000e+00 0.000000000000000000e+00 1.000000000000000000e+00
2.586871981620788574e-01 -7.337000370025634766e-01 6.283035278320312500e-01 2.452078855391694567e+00
1.356923282146453857e-01 -6.163931488990783691e-01 -7.756591439247131348e-01 -3.106532882198996592e+00
9.563832879066467285e-01 2.859090864658355713e-01 -5.989550054073333740e-02 2.731726372483042620e-01
0.000000000000000000e+00 0.000000000000000000e+00 0.000000000000000000e+00 1.000000000000000000e+00
3.156438767910003662e-01 -7.627654671669006348e-01 5.644089579582214355e-01 2.147123969161444101e+00
1.322344541549682617e-01 -5.536531805992126465e-01 -8.221812248229980469e-01 -3.236913269472572630e+00
9.396185874938964844e-01 3.341507911682128906e-01 -7.389345765113830566e-02 7.651250339248838461e-02
0.000000000000000000e+00 0.000000000000000000e+00 0.000000000000000000e+00 1.000000000000000000e+00
4.514202773571014404e-01 -7.336080670356750488e-01 5.079749226570129395e-01 1.879188114652740049e+00
1.173970624804496765e-01 -5.155035853385925293e-01 -8.488073945045471191e-01 -3.281070675412427917e+00
8.845549821853637695e-01 4.428036212921142578e-01 -1.465852260589599609e-01 -3.014062948668595476e-01
0.000000000000000000e+00 0.000000000000000000e+00 0.000000000000000000e+00 1.000000000000000000e+00
5.839207172393798828e-01 -6.970430612564086914e-01 4.161339998245239258e-01 1.458971936790595336e+00
4.609762132167816162e-02 -4.833030998706817627e-01 -8.742386102676391602e-01 -3.278551272560016105e+00
8.105006814002990723e-01 5.296686291694641113e-01 -2.500785291194915771e-01 -7.493422284058933736e-01
0.000000000000000000e+00 0.000000000000000000e+00 0.000000000000000000e+00 1.000000000000000000e+00
6.766194105148315430e-01 -6.625066995620727539e-01 3.213583528995513916e-01 1.139030690822605107e+00
-1.675011217594146729e-02 -4.501663744449615479e-01 -8.927878141403198242e-01 -3.237610678594184499e+00
7.361425757408142090e-01 5.986944437026977539e-01 -3.156883716583251953e-01 -9.936414691557942103e-01
0.000000000000000000e+00 0.000000000000000000e+00 0.000000000000000000e+00 1.000000000000000000e+00
6.730380058288574219e-01 -7.091583013534545898e-01 2.100338339805603027e-01 8.160704470752555562e-01
-9.712121635675430298e-02 -3.662621080875396729e-01 -9.254295825958251953e-01 -3.388617511066525534e+00
7.332035303115844727e-01 6.024506092071533203e-01 -3.153828084468841553e-01 -9.397500969268114401e-01
0.000000000000000000e+00 0.000000000000000000e+00 0.000000000000000000e+00 1.000000000000000000e+00
6.643467545509338379e-01 -7.431707978248596191e-01 7.962442189455032349e-02 3.515279176496275415e-01
-1.726736575365066528e-01 -2.562571763992309570e-01 -9.510602951049804688e-01 -3.605832575924726946e+00
7.272046208381652832e-01 6.180852651596069336e-01 -2.985697388648986816e-01 -8.306139025903037654e-01
0.000000000000000000e+00 0.000000000000000000e+00 0.000000000000000000e+00 1.000000000000000000e+00
6.817743182182312012e-01 -7.305633425712585449e-01 -3.822814300656318665e-02 -1.466932751555384551e-01
-2.064583301544189453e-01 -1.420130878686904907e-01 -9.680941700935363770e-01 -3.785616115871103027e+00
7.018254399299621582e-01 6.679143309593200684e-01 -2.476517111063003540e-01 -6.191107970065846677e-01
0.000000000000000000e+00 0.000000000000000000e+00 0.000000000000000000e+00 1.000000000000000000e+00
6.903457045555114746e-01 -7.092505693435668945e-01 -1.427811980247497559e-01 -6.702077942007095279e-01
-2.365603595972061157e-01 -3.478129580616950989e-02 -9.709942340850830078e-01 -3.879161793777037737e+00
6.837120056152343750e-01 7.040979266166687012e-01 -1.917917132377624512e-01 -4.120913475623212974e-01
0.000000000000000000e+00 0.000000000000000000e+00 0.000000000000000000e+00 1.000000000000000000e+00
7.092533707618713379e-01 -6.626201272010803223e-01 -2.406125366687774658e-01 -1.196898107171860293e+00
-2.459405511617660522e-01 8.729039877653121948e-02 -9.653465747833251953e-01 -3.949466585518210948e+00
6.606609821319580078e-01 7.438514828681945801e-01 -1.010541319847106934e-01 -6.272544164749745133e-02
0.000000000000000000e+00 0.000000000000000000e+00 0.000000000000000000e+00 1.000000000000000000e+00
6.678302288055419922e-01 -7.343168258666992188e-01 -1.215790882706642151e-01 -5.726634719896802617e-01
-3.013037145137786865e-01 -1.173498034477233887e-01 -9.462795853614807129e-01 -3.638019346150723532e+00
6.806018352508544922e-01 6.685862541198730469e-01 -2.996221184730529785e-01 -1.023413894318822015e+00
0.000000000000000000e+00 0.000000000000000000e+00 0.000000000000000000e+00 1.000000000000000000e+00
6.472918391227722168e-01 -7.601600885391235352e-01 -5.629661679267883301e-02 -2.525427584983519491e-01
-3.779227733612060547e-01 -2.559140324592590332e-01 -8.897653222084045410e-01 -3.276859832229506164e+00
6.619571447372436523e-01 5.972138643264770508e-01 -4.529331326484680176e-01 -1.602373483281761102e+00
0.000000000000000000e+00 0.000000000000000000e+00 0.000000000000000000e+00 1.000000000000000000e+00
6.366484165191650391e-01 -7.700151205062866211e-01 4.190208390355110168e-02 1.642405333278992852e-01
-4.465924501419067383e-01 -4.124501645565032959e-01 -7.940026521682739258e-01 -2.723814001972380439e+00
6.286763548851013184e-01 4.867871999740600586e-01 -6.064686179161071777e-01 -2.134689298621351039e+00
0.000000000000000000e+00 0.000000000000000000e+00 0.000000000000000000e+00 1.000000000000000000e+00
6.194229722023010254e-01 -7.745181918144226074e-01 1.282057911157608032e-01 5.065231763417815669e-01
-5.134741663932800293e-01 -5.232333540916442871e-01 -6.801256537437438965e-01 -2.147484627524561596e+00
5.938511490821838379e-01 3.554550111293792725e-01 -7.217976450920104980e-01 -2.469870471569590276e+00
0.000000000000000000e+00 0.000000000000000000e+00 0.000000000000000000e+00 1.000000000000000000e+00
6.222152709960937500e-01 -7.675796747207641602e-01 1.538471132516860962e-01 5.928295888378459777e-01
-5.713977217674255371e-01 -5.796319842338562012e-01 -5.809741020202636719e-01 -1.699127545184173194e+00
5.351189374923706055e-01 2.735831737518310547e-01 -7.992494106292724609e-01 -2.680874924671121207e+00
0.000000000000000000e+00 0.000000000000000000e+00 0.000000000000000000e+00 1.000000000000000000e+00
6.068115234375000000e-01 -7.819207906723022461e-01 1.427548080682754517e-01 5.066348312445374535e-01
-6.616831421852111816e-01 -5.964491963386535645e-01 -4.543381929397583008e-01 -1.235474584406268672e+00
4.404025673866271973e-01 1.812391728162765503e-01 -8.793165087699890137e-01 -2.897862810740063910e+00
0.000000000000000000e+00 0.000000000000000000e+00 0.000000000000000000e+00 1.000000000000000000e+00
5.923760533332824707e-01 -7.864232063293457031e-01 1.750100255012512207e-01 5.593852996892957341e-01
-7.110481262207031250e-01 -6.124638319015502930e-01 -3.453959524631500244e-01 -8.209767149201404601e-01
3.788148462772369385e-01 8.016373217105865479e-02 -9.219939112663269043e-01 -2.987742874557298922e+00
0.000000000000000000e+00 0.000000000000000000e+00 0.000000000000000000e+00 1.000000000000000000e+00
5.812089443206787109e-01 -7.827473878860473633e-01 2.224922478199005127e-01 6.699215701187349881e-01
-7.531299591064453125e-01 -6.209675669670104980e-01 -2.172430604696273804e-01 -3.252316004098007030e-01
3.082068264484405518e-01 -4.130198061466217041e-02 -9.504221081733703613e-01 -3.018524112431232975e+00
0.000000000000000000e+00 0.000000000000000000e+00 0.000000000000000000e+00 1.000000000000000000e+00
5.672269463539123535e-01 -7.896442413330078125e-01 2.339130342006683350e-01 6.877195897888681575e-01
-7.826043367385864258e-01 -6.052742600440979004e-01 -1.455113440752029419e-01 -6.191084828324612543e-02
2.564837336540222168e-01 -1.005234122276306152e-01 -9.613069891929626465e-01 -3.027926933393483733e+00
0.000000000000000000e+00 0.000000000000000000e+00 0.000000000000000000e+00 1.000000000000000000e+00
5.442552566528320312e-01 -8.060477972030639648e-01 2.325362563133239746e-01 6.437889658194259068e-01
-8.267502784729003906e-01 -5.623849630355834961e-01 -1.438874285668134689e-02 3.975986293108227376e-01
1.423728466033935547e-01 -1.844183206558227539e-01 -9.724813103675842285e-01 -3.034161751099752280e+00
0.000000000000000000e+00 0.000000000000000000e+00 0.000000000000000000e+00 1.000000000000000000e+00
5.294421315193176270e-01 -8.122557997703552246e-01 2.448088675737380981e-01 6.467660000058346181e-01
-8.479251861572265625e-01 -5.157554745674133301e-01 1.225529760122299194e-01 8.768570120271982349e-01
2.671710960566997528e-02 -2.724643349647521973e-01 -9.617948532104492188e-01 -2.969312424851564547e+00
0.000000000000000000e+00 0.000000000000000000e+00 0.000000000000000000e+00 1.000000000000000000e+00
5.370332598686218262e-01 -8.015684485435485840e-01 2.628366351127624512e-01 6.655364242577658240e-01
-8.406527638435363770e-01 -4.826905131340026855e-01 2.455860823392868042e-01 1.293557672529092040e+00
-6.998538970947265625e-02 -3.528422117233276367e-01 -9.330618381500244141e-01 -2.821818828031110726e+00
0.000000000000000000e+00 0.000000000000000000e+00 0.000000000000000000e+00 1.000000000000000000e+00
4.969042837619781494e-01 -8.230332732200622559e-01 2.751404941082000732e-01 6.939581772741725274e-01
-8.430722951889038086e-01 -3.826814293861389160e-01 3.778675794601440430e-01 1.742447384965346346e+00
-2.057065218687057495e-01 -4.197272956371307373e-01 -8.840326666831970215e-01 -2.570855312379001223e+00
0.000000000000000000e+00 0.000000000000000000e+00 0.000000000000000000e+00 1.000000000000000000e+00
4.739960134029388428e-01 -8.319866061210632324e-01 2.883157730102539062e-01 7.447458309002032983e-01
-8.239467740058898926e-01 -3.036066591739654541e-01 4.784711897373199463e-01 2.086771264122370351e+00
-3.105470538139343262e-01 -4.643502235412597656e-01 -8.294210433959960938e-01 -2.327974401388942294e+00
0.000000000000000000e+00 0.000000000000000000e+00 0.000000000000000000e+00 1.000000000000000000e+00
4.518870413303375244e-01 -8.404868245124816895e-01 2.989644110202789307e-01 8.303410448197618976e-01
-8.039881587028503418e-01 -2.385050505399703979e-01 5.447184443473815918e-01 2.304841473593416623e+00
-3.865243494510650635e-01 -4.865150749683380127e-01 -7.835189700126647949e-01 -2.123871223245314077e+00
0.000000000000000000e+00 0.000000000000000000e+00 0.000000000000000000e+00 1.000000000000000000e+00
4.076759219169616699e-01 -8.637337088584899902e-01 2.962501347064971924e-01 9.053878217690504160e-01
-7.863795757293701172e-01 -1.671946197748184204e-01 5.946877002716064453e-01 2.449300993518368053e+00
-4.641205072402954102e-01 -4.754049479961395264e-01 -7.473838925361633301e-01 -1.917906171076876110e+00
0.000000000000000000e+00 0.000000000000000000e+00 0.000000000000000000e+00 1.000000000000000000e+00
3.710068464279174805e-01 -8.849610686302185059e-01 2.814206480979919434e-01 9.514131532211151931e-01
-7.768648266792297363e-01 -1.297500282526016235e-01 6.161538958549499512e-01 2.479271133671349325e+00
-5.087578892707824707e-01 -4.472231864929199219e-01 -7.356335520744323730e-01 -1.794747688388663498e+00
0.000000000000000000e+00 0.000000000000000000e+00 0.000000000000000000e+00 1.000000000000000000e+00
2.661486864089965820e-01 -9.339138865470886230e-01 2.386832386255264282e-01 9.448713961375680981e-01
-7.704749107360839844e-01 -5.731104314327239990e-02 6.348888278007507324e-01 2.462158916171586220e+00
-5.792521834373474121e-01 -3.528743088245391846e-01 -7.348104119300842285e-01 -1.712555592891263689e+00
0.000000000000000000e+00 0.000000000000000000e+00 0.000000000000000000e+00 1.000000000000000000e+00
7.901088893413543701e-02 -9.797558188438415527e-01 1.839452534914016724e-01 9.235813706238018561e-01
-7.834907174110412598e-01 5.305656790733337402e-02 6.191344261169433594e-01 2.242228221541691102e+00
-6.163599491119384766e-01 -1.930377334356307983e-01 -7.634375691413879395e-01 -1.783863741084212418e+00
0.000000000000000000e+00 0.000000000000000000e+00 0.000000000000000000e+00 1.000000000000000000e+00
-9.445177763700485229e-02 -9.814786911010742188e-01 1.666688174009323120e-01 8.926364449759474073e-01
-7.858250737190246582e-01 1.762875765562057495e-01 5.927915573120117188e-01 2.028436512866787389e+00
-6.111938357353210449e-01 -7.498231530189514160e-02 -7.879212498664855957e-01 -1.875556870208215487e+00
0.000000000000000000e+00 0.000000000000000000e+00 0.000000000000000000e+00 1.000000000000000000e+00
-2.073493748903274536e-01 -9.588158130645751953e-01 1.941084265708923340e-01 9.596290890153766906e-01
-7.479476332664489746e-01 2.832714021205902100e-01 6.002762913703918457e-01 2.082659030422646662e+00
-6.305398344993591309e-01 -2.071596868336200714e-02 -7.758803963661193848e-01 -1.808411748527261498e+00
0.000000000000000000e+00 0.000000000000000000e+00 0.000000000000000000e+00 1.000000000000000000e+00
-2.561991214752197266e-01 -9.533171653747558594e-01 1.598381698131561279e-01 9.429608125994280998e-01
-7.056015729904174805e-01 2.974608540534973145e-01 6.431511044502258301e-01 2.273352509307877689e+00
-6.606726646423339844e-01 5.199266597628593445e-02 -7.488714456558227539e-01 -1.682355595421813899e+00
0.000000000000000000e+00 0.000000000000000000e+00 0.000000000000000000e+00 1.000000000000000000e+00
-3.496044874191284180e-01 -9.279506802558898926e-01 1.291669011116027832e-01 9.999202889399461114e-01
-6.919645071029663086e-01 3.486883044242858887e-01 6.321405172348022461e-01 2.199422975819128823e+00
-6.316342353820800781e-01 1.316203474998474121e-01 -7.640119791030883789e-01 -1.629876501465273186e+00
0.000000000000000000e+00 0.000000000000000000e+00 0.000000000000000000e+00 1.000000000000000000e+00
2.139292508363723755e-01 -9.282681941986083984e-01 3.042246401309967041e-01 9.066138927980692541e-01
-7.336376905441284180e-01 5.295643210411071777e-02 6.774742603302001953e-01 2.453111446485809477e+00
-6.449884772300720215e-01 -3.681222200393676758e-01 -6.696835160255432129e-01 -1.394837028483688179e+00
0.000000000000000000e+00 0.000000000000000000e+00 0.000000000000000000e+00 1.000000000000000000e+00
5.298753976821899414e-01 -7.845163941383361816e-01 3.221273720264434814e-01 7.437213438448851965e-01
-7.674333453178405762e-01 -2.818980216979980469e-01 5.758293867111206055e-01 2.329309720448446086e+00
-3.609405755996704102e-01 -5.523290634155273438e-01 -7.514349222183227539e-01 -2.146424620759610491e+00
0.000000000000000000e+00 0.000000000000000000e+00 0.000000000000000000e+00 1.000000000000000000e+00
5.898329615592956543e-01 -7.355772256851196289e-01 3.332014083862304688e-01 7.547571735625919764e-01
-7.719948291778564453e-01 -3.925925195217132568e-01 4.998950064182281494e-01 2.104619977400063124e+00
-2.368989884853363037e-01 -5.520842075347900391e-01 -7.994257807731628418e-01 -2.512989005770964734e+00
0.000000000000000000e+00 0.000000000000000000e+00 0.000000000000000000e+00 1.000000000000000000e+00
5.977495312690734863e-01 -7.463601231575012207e-01 2.926465272903442383e-01 6.069974105012726495e-01
-7.723710536956787109e-01 -4.383454620838165283e-01 4.596697390079498291e-01 1.986582441917769337e+00
-2.147988975048065186e-01 -5.007990002632141113e-01 -8.384877443313598633e-01 -2.731348694590070902e+00
0.000000000000000000e+00 0.000000000000000000e+00 0.000000000000000000e+00 1.000000000000000000e+00
6.239640116691589355e-01 -7.471249699592590332e-01 2.290703058242797852e-01 3.539434035667781697e-01
-7.607957720756530762e-01 -5.138305425643920898e-01 3.964439630508422852e-01 1.755943789141565459e+00
-1.784898936748504639e-01 -4.216425120830535889e-01 -8.890213370323181152e-01 -2.998786144628365680e+00
0.000000000000000000e+00 0.000000000000000000e+00 0.000000000000000000e+00 1.000000000000000000e+00
6.406647562980651855e-01 -7.516822218894958496e-01 1.565960198640823364e-01 7.300153857181371220e-02
-7.445700764656066895e-01 -5.583975315093994141e-01 3.657968640327453613e-01 1.656902765448635684e+00
-1.875202655792236328e-01 -3.509498238563537598e-01 -9.174259305000305176e-01 -3.164206231220302090e+00
0.000000000000000000e+00 0.000000000000000000e+00 0.000000000000000000e+00 1.000000000000000000e+00
6.489427089691162109e-01 -7.562111616134643555e-01 8.377204090356826782e-02 -2.232808190795019521e-01
-7.336342334747314453e-01 -5.927572250366210938e-01 3.322941064834594727e-01 1.538128833393123562e+00
-2.016281336545944214e-01 -2.770978808403015137e-01 -9.394481778144836426e-01 -3.296907413513933793e+00
0.000000000000000000e+00 0.000000000000000000e+00 0.000000000000000000e+00 1.000000000000000000e+00
6.686665415763854980e-01 -7.429480552673339844e-01 3.021356277167797089e-02 -4.625994159868231925e-01
-7.202056646347045898e-01 -6.370235085487365723e-01 2.747807502746582031e-01 1.309683695992162944e+00
-1.849011927843093872e-01 -2.054966539144515991e-01 -9.610320925712585449e-01 -3.432187918305703356e+00
0.000000000000000000e+00 0.000000000000000000e+00 0.000000000000000000e+00 1.000000000000000000e+00
7.103691101074218750e-01 -7.024910449981689453e-01 -4.337875172495841980e-02 -8.268344743729357793e-01
-6.817064285278320312e-01 -7.020638585090637207e-01 2.058697640895843506e-01 1.035959941002348561e+00
-1.750763952732086182e-01 -1.166718974709510803e-01 -9.776174426078796387e-01 -3.554674785097285294e+00
0.000000000000000000e+00 0.000000000000000000e+00 0.000000000000000000e+00 1.000000000000000000e+00
7.452639937400817871e-01 -6.617298722267150879e-01 -8.182103931903839111e-02 -1.034708721213553284e+00
-6.473270058631896973e-01 -7.474818229675292969e-01 1.491249799728393555e-01 7.974615965507604320e-01
-1.598402559757232666e-01 -5.817242711782455444e-02 -9.854273200035095215e-01 -3.627062875779262452e+00
0.000000000000000000e+00 0.000000000000000000e+00 0.000000000000000000e+00 1.000000000000000000e+00
7.715550065040588379e-01 -6.194179654121398926e-01 -1.449962854385375977e-01 -1.346025109566615807e+00
-6.170994639396667480e-01 -7.841133475303649902e-01 6.598568707704544067e-02 4.334459293840566829e-01
-1.545662581920623779e-01 3.856563195586204529e-02 -9.872294068336486816e-01 -3.670691917425845219e+00
0.000000000000000000e+00 0.000000000000000000e+00 0.000000000000000000e+00 1.000000000000000000e+00
7.929962873458862305e-01 -5.784979462623596191e-01 -1.910413801670074463e-01 -1.593696814482832069e+00
-5.911658406257629395e-01 -8.064634799957275391e-01 -1.180292479693889618e-02 8.967825384246036480e-02
-1.472399085760116577e-01 1.222968846559524536e-01 -9.815109968185424805e-01 -3.693107817210048882e+00
0.000000000000000000e+00 0.000000000000000000e+00 0.000000000000000000e+00 1.000000000000000000e+00
8.215569257736206055e-01 -5.272687673568725586e-01 -2.168677896261215210e-01 -1.754851792914674302e+00
-5.572712421417236328e-01 -8.229880332946777344e-01 -1.101784259080886841e-01 -3.334075071029853898e-01
-1.203859075903892517e-01 2.113720923662185669e-01 -9.699634313583374023e-01 -3.689173358353273535e+00
0.000000000000000000e+00 0.000000000000000000e+00 0.000000000000000000e+00 1.000000000000000000e+00
