1.000000000000000000e+00 0.000000000000000000e+00 0.000000000000000000e+00 -4.542167112231254578e-02
0.000000000000000000e+00 1.000000000000000000e+00 0.000000000000000000e+00 9.935460984706878662e-04
0.000000000000000000e+00 0.000000000000000000e+00 1.000000000000000000e+00 -2.875000238418579102e-01
0.000000000000000000e+00 0.000000000000000000e+00 0.000000000000000000e+00 1.000000000000000000e+00
9.967805743217468262e-01 7.786036282777786255e-02 1.914767548441886902e-02 -4.966254904866218567e-02
-7.752952724695205688e-02 9.968373179435729980e-01 -1.745245605707168579e-02 9.709187783300876617e-03
-2.044597454369068146e-02 1.591175422072410583e-02 9.996640682220458984e-01 -2.933250069618225098e-01
0.000000000000000000e+00 0.000000000000000000e+00 0.000000000000000000e+00 1.000000000000000000e+00
9.855441451072692871e-01 1.647645235061645508e-01 3.943841904401779175e-02 -5.402711778879165649e-02
-1.626946181058883667e-01 9.853596687316894531e-01 -5.095577612519264221e-02 2.513555064797401428e-02
-4.725678637623786926e-02 4.380271211266517639e-02 9.979217648506164551e-01 -2.922425866127014160e-01
0.000000000000000000e+00 0.000000000000000000e+00 0.000000000000000000e+00 1.000000000000000000e+00
9.660605192184448242e-01 2.550763189792633057e-01 4.078132286667823792e-02 -5.211149156093597412e-02
-2.513422966003417969e-01 9.646281003952026367e-01 -7.949572056531906128e-02 3.889949992299079895e-02
-5.961629375815391541e-02 6.654762476682662964e-02 9.960007071495056152e-01 -2.916625738143920898e-01
0.000000000000000000e+00 0.000000000000000000e+00 0.000000000000000000e+00 1.000000000000000000e+00
9.372067451477050781e-01 3.445966839790344238e-01 5.382672697305679321e-02 -5.319045856595039368e-02
-3.362454473972320557e-01 9.337072372436523438e-01 -1.230041682720184326e-01 5.689628422260284424e-02
-9.264524281024932861e-02 9.718122333288192749e-02 9.909454584121704102e-01 -2.890496850013732910e-01
0.000000000000000000e+00 0.000000000000000000e+00 0.000000000000000000e+00 1.000000000000000000e+00
8.925361633300781250e-01 4.490812122821807861e-01 4.129110276699066162e-02 -4.590523615479469299e-02
-4.400163888931274414e-01 8.872509598731994629e-01 -1.384607404470443726e-01 6.580093502998352051e-02
-9.881573915481567383e-02 1.054125279188156128e-01 9.895067811012268066e-01 -2.895451784133911133e-01
0.000000000000000000e+00 0.000000000000000000e+00 0.000000000000000000e+00 1.000000000000000000e+00
8.438862562179565430e-01 5.361398458480834961e-01 2.025390975177288055e-02 -3.675135970115661621e-02
-5.260713696479797363e-01 8.342727422714233398e-01 -1.650376319885253906e-01 7.824841141700744629e-02
-1.053806170821189880e-01 1.286179572343826294e-01 9.860793352127075195e-01 -2.886819541454315186e-01
0.000000000000000000e+00 0.000000000000000000e+00 0.000000000000000000e+00 1.000000000000000000e+00
7.922822237014770508e-01 6.101531982421875000e-01 1.365736126899719238e-03 -2.790942415595054626e-02
-6.012866497039794922e-01 7.811450958251953125e-01 -1.681275516748428345e-01 8.257115632295608521e-02
-1.036504209041595459e-01 1.323832273483276367e-01 9.857642054557800293e-01 -2.896623909473419189e-01
0.000000000000000000e+00 0.000000000000000000e+00 0.000000000000000000e+00 1.000000000000000000e+00
7.226845622062683105e-01 6.904892921447753906e-01 -3.084840252995491028e-02 -1.282109040766954422e-02
-6.852274537086486816e-01 7.099046707153320312e-01 -1.627832949161529541e-01 8.410742878913879395e-02
-9.050068259239196777e-02 1.387791186571121216e-01 9.861792922019958496e-01 -2.907982766628265381e-01
0.000000000000000000e+00 0.000000000000000000e+00 0.000000000000000000e+00 1.000000000000000000e+00
6.466230750083923340e-01 7.623497843742370605e-01 -2.647930756211280823e-02 -8.841955102980136871e-03
-7.575253248214721680e-01 6.376777887344360352e-01 -1.397205293178558350e-01 7.932809740304946899e-02
-8.963068574666976929e-02 1.104052513837814331e-01 9.898365736007690430e-01 -2.932688295841217041e-01
0.000000000000000000e+00 0.000000000000000000e+00 0.000000000000000000e+00 1.000000000000000000e+00
5.508745908737182617e-01 8.338335752487182617e-01 -3.547239303588867188e-02 -2.191350940847769380e-04
-8.323112130165100098e-01 5.457382798194885254e-01 -9.709507972002029419e-02 6.779251247644424438e-02
-6.160251796245574951e-02 8.301126956939697266e-02 9.946426749229431152e-01 -2.984287142753601074e-01
0.000000000000000000e+00 0.000000000000000000e+00 0.000000000000000000e+00 1.000000000000000000e+00
4.587364494800567627e-01 8.849515914916992188e-01 -8.013113588094711304e-02 2.029727585613727570e-02
-8.884754776954650879e-01 4.554861187934875488e-01 -5.606991797685623169e-02 5.547856539487838745e-02
-1.312055159360170364e-02 9.691587090492248535e-02 9.952058792114257812e-01 -3.025978803634643555e-01
0.000000000000000000e+00 0.000000000000000000e+00 0.000000000000000000e+00 1.000000000000000000e+00
3.489724993705749512e-01 9.319674372673034668e-01 -9.825950860977172852e-02 3.043165802955627441e-02
-9.369651079177856445e-01 3.489710092544555664e-01 -1.776276901364326477e-02 4.094579815864562988e-02
1.773539371788501740e-02 9.826444089412689209e-02 9.950020909309387207e-01 -3.040397465229034424e-01
0.000000000000000000e+00 0.000000000000000000e+00 0.000000000000000000e+00 1.000000000000000000e+00
2.702971100807189941e-01 9.563933014869689941e-01 -1.106834411621093750e-01 3.691424429416656494e-02
-9.598488807678222656e-01 2.766475677490234375e-01 4.643418267369270325e-02 1.680755242705345154e-02
7.502963393926620483e-02 9.368836134672164917e-02 9.927703142166137695e-01 -3.039276599884033203e-01
0.000000000000000000e+00 0.000000000000000000e+00 0.000000000000000000e+00 1.000000000000000000e+00
1.935289204120635986e-01 9.701352119445800781e-01 -1.462329179048538208e-01 4.970023036003112793e-02
-9.725280404090881348e-01 2.093500941991806030e-01 1.017941012978553772e-01 -3.468489507213234901e-03
1.293679177761077881e-01 1.225154921412467957e-01 9.839990735054016113e-01 -3.022504746913909912e-01
0.000000000000000000e+00 0.000000000000000000e+00 0.000000000000000000e+00 1.000000000000000000e+00
1.200593635439872742e-01 9.819158315658569336e-01 -1.463802158832550049e-01 5.126927420496940613e-02
-9.704683423042297363e-01 1.471550017595291138e-01 1.911458969116210938e-01 -3.421230986714363098e-02
2.092297673225402832e-01 1.191084906458854675e-01 9.705854654312133789e-01 -2.993300855159759521e-01
0.000000000000000000e+00 0.000000000000000000e+00 0.000000000000000000e+00 1.000000000000000000e+00
1.847255378961563110e-01 9.738135933876037598e-01 -1.325283795595169067e-01 4.622637480497360229e-02
-9.553175568580627441e-01 2.095828056335449219e-01 2.084306329488754272e-01 -3.900879994034767151e-02
2.307481914758682251e-01 8.810422569513320923e-02 9.690164923667907715e-01 -2.968714237213134766e-01
0.000000000000000000e+00 0.000000000000000000e+00 0.000000000000000000e+00 1.000000000000000000e+00
2.742030322551727295e-01 9.516557455062866211e-01 -1.384344696998596191e-01 4.566824808716773987e-02
-9.372368454933166504e-01 2.966963946819305420e-01 1.831890344619750977e-01 -2.908689901232719421e-02
2.154059112071990967e-01 7.951490581035614014e-02 9.732819199562072754e-01 -2.956722974777221680e-01
0.000000000000000000e+00 0.000000000000000000e+00 0.000000000000000000e+00 1.000000000000000000e+00
3.265710175037384033e-01 9.347239732742309570e-01 -1.401505470275878906e-01 4.437997564673423767e-02
-9.339988231658935547e-01 3.418758511543273926e-01 1.037641614675521851e-01 -1.234361552633345127e-03
1.449049860239028931e-01 9.701411426067352295e-02 9.846779704093933105e-01 -2.955282032489776611e-01
0.000000000000000000e+00 0.000000000000000000e+00 0.000000000000000000e+00 1.000000000000000000e+00
3.625500202178955078e-01 9.161171913146972656e-01 -1.711331903934478760e-01 5.253952741622924805e-02
-9.292274117469787598e-01 3.694005608558654785e-01 8.898239582777023315e-03 3.180513158440589905e-02
7.136852294206619263e-02 1.557956337928771973e-01 9.852077364921569824e-01 -2.916480302810668945e-01
0.000000000000000000e+00 0.000000000000000000e+00 0.000000000000000000e+00 1.000000000000000000e+00
4.007794857025146484e-01 8.974368572235107422e-01 -1.843442767858505249e-01 5.479121208190917969e-02
-9.160965085029602051e-01 3.951734602451324463e-01 -6.785909831523895264e-02 5.786465480923652649e-02
1.194867677986621857e-02 1.960736960172653198e-01 9.805162549018859863e-01 -2.866902351379394531e-01
0.000000000000000000e+00 0.000000000000000000e+00 0.000000000000000000e+00 1.000000000000000000e+00
4.596413969993591309e-01 8.605174422264099121e-01 -2.196345925331115723e-01 6.169423088431358337e-02
-8.868911862373352051e-01 4.318319559097290039e-01 -1.641501784324645996e-01 8.730141818523406982e-02
-4.640893265604972839e-02 2.702421844005584717e-01 9.616732001304626465e-01 -2.756249010562896729e-01
0.000000000000000000e+00 0.000000000000000000e+00 0.000000000000000000e+00 1.000000000000000000e+00
5.339412093162536621e-01 8.215650916099548340e-01 -1.998448222875595093e-01 5.007135123014450073e-02
-8.405900597572326660e-01 4.902955889701843262e-01 -2.302583605051040649e-01 1.052745655179023743e-01
-9.118911623954772949e-02 2.909318804740905762e-01 9.523880481719970703e-01 -2.691278457641601562e-01
0.000000000000000000e+00 0.000000000000000000e+00 0.000000000000000000e+00 1.000000000000000000e+00
5.911380052566528320e-01 7.827472686767578125e-01 -1.945842504501342773e-01 4.432429000735282898e-02
-7.960932254791259766e-01 5.274664759635925293e-01 -2.966730594635009766e-01 1.216737255454063416e-01
-1.295834034681320190e-01 3.302816748619079590e-01 9.349450469017028809e-01 -2.602713704109191895e-01
0.000000000000000000e+00 0.000000000000000000e+00 0.000000000000000000e+00 1.000000000000000000e+00
6.724908351898193359e-01 7.196668982505798340e-01 -1.727312803268432617e-01 3.176074847579002380e-02
-7.215728759765625000e-01 5.856427550315856934e-01 -3.692630529403686523e-01 1.366128623485565186e-01
-1.645877063274383545e-01 3.729639351367950439e-01 9.131308197975158691e-01 -2.495834082365036011e-01
0.000000000000000000e+00 0.000000000000000000e+00 0.000000000000000000e+00 1.000000000000000000e+00
7.361479401588439941e-01 6.597825884819030762e-01 -1.509075611829757690e-01 2.205136232078075409e-02
-6.471319794654846191e-01 6.208260059356689453e-01 -4.424875676631927490e-01 1.512200087308883667e-01
-1.982583105564117432e-01 4.233934283256530762e-01 8.839862346649169922e-01 -2.359173297882080078e-01
0.000000000000000000e+00 0.000000000000000000e+00 0.000000000000000000e+00 1.000000000000000000e+00
7.590827345848083496e-01 6.367997527122497559e-01 -1.352005153894424438e-01 1.539009343832731247e-02
-5.986861586570739746e-01 6.013031005859375000e-01 -5.291591286659240723e-01 1.709461510181427002e-01
-2.556720077991485596e-01 4.826181828975677490e-01 8.376821279525756836e-01 -2.149742692708969116e-01
0.000000000000000000e+00 0.000000000000000000e+00 0.000000000000000000e+00 1.000000000000000000e+00
7.911855578422546387e-01 5.945516824722290039e-01 -1.432954221963882446e-01 1.460481714457273483e-02
-5.362736582756042480e-01 5.618195533752441406e-01 -6.298961639404296875e-01 1.967864930629730225e-01
-2.939997911453247070e-01 5.752103924751281738e-01 7.633460760116577148e-01 -1.873841881752014160e-01
0.000000000000000000e+00 0.000000000000000000e+00 0.000000000000000000e+00 1.000000000000000000e+00
8.123049736022949219e-01 5.672025680541992188e-01 -1.358007192611694336e-01 1.058675814419984818e-02
-4.794180691242218018e-01 5.167634487152099609e-01 -7.093051075935363770e-01 2.176989316940307617e-01
-3.321428596973419189e-01 6.412773728370666504e-01 6.916967630386352539e-01 -1.621674448251724243e-01
0.000000000000000000e+00 0.000000000000000000e+00 0.000000000000000000e+00 1.000000000000000000e+00
8.434907197952270508e-01 5.212454199790954590e-01 -1.297174990177154541e-01 5.925243254750967026e-03
-4.090285301208496094e-01 4.667651653289794922e-01 -7.841083407402038574e-01 2.369043529033660889e-01
-3.481653332710266113e-01 7.144462466239929199e-01 6.069163084030151367e-01 -1.380664557218551636e-01
0.000000000000000000e+00 0.000000000000000000e+00 0.000000000000000000e+00 1.000000000000000000e+00
8.723500370979309082e-01 4.800898134708404541e-01 -9.229908883571624756e-02 -6.881187669932842255e-03
-3.274434506893157959e-01 4.335831105709075928e-01 -8.395154476165771484e-01 2.502194046974182129e-01
-3.630236089229583740e-01 7.625740766525268555e-01 5.354385375976562500e-01 -1.189883202314376831e-01
0.000000000000000000e+00 0.000000000000000000e+00 0.000000000000000000e+00 1.000000000000000000e+00
8.889081478118896484e-01 4.530538022518157959e-01 -6.770932674407958984e-02 -1.373554766178131104e-02
-2.399760633707046509e-01 3.346511125564575195e-01 -9.112738370895385742e-01 2.648231089115142822e-01
-3.901971280574798584e-01 8.262872695922851562e-01 4.061961770057678223e-01 -8.369588851928710938e-02
0.000000000000000000e+00 0.000000000000000000e+00 0.000000000000000000e+00 1.000000000000000000e+00
8.753293752670288086e-01 4.832662045955657959e-01 -1.588215678930282593e-02 -3.197750821709632874e-02
-7.548262178897857666e-02 1.041288599371910095e-01 -9.916952252388000488e-01 2.824380099773406982e-01
-4.775990545749664307e-01 8.692587018013000488e-01 1.276251971721649170e-01 -7.392702624201774597e-03
0.000000000000000000e+00 0.000000000000000000e+00 0.000000000000000000e+00 1.000000000000000000e+00
8.670446276664733887e-01 4.973137974739074707e-01 -3.020931594073772430e-02 -2.577539905905723572e-02
-8.440244197845458984e-02 8.685403317213058472e-02 -9.926391243934631348e-01 2.829203605651855469e-01
-4.910293817520141602e-01 8.632121682167053223e-01 1.172808036208152771e-01 -9.445627219974994659e-03
0.000000000000000000e+00 0.000000000000000000e+00 0.000000000000000000e+00 1.000000000000000000e+00
8.326302170753479004e-01 5.534260272979736328e-01 -2.113095112144947052e-02 -2.447427995502948761e-02
-9.699694067239761353e-02 1.081551536917686462e-01 -9.893907308578491211e-01 2.827051281929016113e-01
-5.452691912651062012e-01 8.258461952209472656e-01 1.437338441610336304e-01 -1.504655461758375168e-02
0.000000000000000000e+00 0.000000000000000000e+00 0.000000000000000000e+00 1.000000000000000000e+00
8.112407326698303223e-01 5.817835927009582520e-01 -5.844938755035400391e-02 -1.414914056658744812e-02
-2.392319440841674805e-01 2.390394657850265503e-01 -9.410782456398010254e-01 2.748821079730987549e-01
-5.335321426391601562e-01 7.774240374565124512e-01 3.330997526645660400e-01 -5.845284461975097656e-02
0.000000000000000000e+00 0.000000000000000000e+00 0.000000000000000000e+00 1.000000000000000000e+00
8.275248408317565918e-01 5.533206462860107422e-01 -9.507270902395248413e-02 -4.773447290062904358e-03
-3.100780844688415527e-01 3.092726469039916992e-01 -8.990004658699035645e-01 2.660512030124664307e-01
-4.680322110652923584e-01 7.734251618385314941e-01 4.275034368038177490e-01 -8.544790744781494141e-02
0.000000000000000000e+00 0.000000000000000000e+00 0.000000000000000000e+00 1.000000000000000000e+00
8.145101666450500488e-01 5.700243115425109863e-01 -1.079139932990074158e-01 -1.400300767272710800e-03
-3.699756264686584473e-01 3.670907020568847656e-01 -8.534415364265441895e-01 2.562747001647949219e-01
-4.468682110309600830e-01 7.350624203681945801e-01 5.098942518234252930e-01 -1.092166081070899963e-01
0.000000000000000000e+00 0.000000000000000000e+00 0.000000000000000000e+00 1.000000000000000000e+00
8.355641365051269531e-01 5.436528921127319336e-01 -7.920905202627182007e-02 -1.406460348516702652e-02
-4.487492442131042480e-01 5.921900272369384766e-01 -6.692793965339660645e-01 2.168074101209640503e-01
-3.169489502906799316e-01 5.947708487510681152e-01 7.387766242027282715e-01 -1.799164414405822754e-01
0.000000000000000000e+00 0.000000000000000000e+00 0.000000000000000000e+00 1.000000000000000000e+00
8.338301777839660645e-01 5.492411255836486816e-01 -5.532893165946006775e-02 -2.199080027639865875e-02
-4.646334052085876465e-01 6.441774368286132812e-01 -6.075779199600219727e-01 1.987731456756591797e-01
-2.980652749538421631e-01 5.323244333267211914e-01 7.923305034637451172e-01 -1.963989734649658203e-01
0.000000000000000000e+00 0.000000000000000000e+00 0.000000000000000000e+00 1.000000000000000000e+00
8.570711612701416016e-01 5.125162601470947266e-01 -5.249186232686042786e-02 -2.329001575708389282e-02
-4.580416381359100342e-01 7.113798260688781738e-01 -5.330449938774108887e-01 1.765210628509521484e-01
-2.358527034521102905e-01 4.809010922908782959e-01 8.444567322731018066e-01 -2.135665863752365112e-01
0.000000000000000000e+00 0.000000000000000000e+00 0.000000000000000000e+00 1.000000000000000000e+00
8.707882165908813477e-01 4.913042187690734863e-01 -1.865307986736297607e-02 -3.150071576237678528e-02
-4.588463008403778076e-01 7.984622120857238770e-01 -3.897660076618194580e-01 1.351643353700637817e-01
-1.766000688076019287e-01 3.479624688625335693e-01 9.207250475883483887e-01 -2.370281666517257690e-01
0.000000000000000000e+00 0.000000000000000000e+00 0.000000000000000000e+00 1.000000000000000000e+00
8.798834085464477539e-01 4.747942984104156494e-01 -1.937925070524215698e-02 -2.994314767420291901e-02
-4.636007249355316162e-01 8.487593531608581543e-01 -2.543265223503112793e-01 9.746436774730682373e-02
-1.043044999241828918e-01 2.327619791030883789e-01 9.669242501258850098e-01 -2.528572976589202881e-01
0.000000000000000000e+00 0.000000000000000000e+00 0.000000000000000000e+00 1.000000000000000000e+00
8.803754448890686035e-01 4.741277098655700684e-01 -1.190517749637365341e-02 -2.778214775025844574e-02
-4.741256237030029297e-01 8.791821599006652832e-01 -4.735553264617919922e-02 3.899527341127395630e-02
-1.198577135801315308e-02 4.733521491289138794e-02 9.988071322441101074e-01 -2.658536136150360107e-01
0.000000000000000000e+00 0.000000000000000000e+00 0.000000000000000000e+00 1.000000000000000000e+00
8.877826333045959473e-01 4.601136445999145508e-01 -1.169947814196348190e-02 -2.621931396424770355e-02
-4.592072963714599609e-01 8.871815800666809082e-01 4.513770714402198792e-02 1.146567985415458679e-02
3.114804998040199280e-02 -3.469999879598617554e-02 9.989122152328491211e-01 -2.684258222579956055e-01
0.000000000000000000e+00 0.000000000000000000e+00 0.000000000000000000e+00 1.000000000000000000e+00
8.942061662673950195e-01 4.475635886192321777e-01 -9.054740890860557556e-03 -2.664469555020332336e-02
-4.412671327590942383e-01 8.846704363822937012e-01 1.504691690206527710e-01 -2.082252688705921173e-02
7.535506784915924072e-02 -1.305548995733261108e-01 9.885732531547546387e-01 -2.676106691360473633e-01
0.000000000000000000e+00 0.000000000000000000e+00 0.000000000000000000e+00 1.000000000000000000e+00
8.981878757476806641e-01 4.395724236965179443e-01 -5.894187372177839279e-03 -2.730275131762027740e-02
-4.235906600952148438e-01 8.689629435539245605e-01 2.558794319629669189e-01 -5.398641154170036316e-02
1.175993755459785461e-01 -2.273310273885726929e-01 9.666906595230102539e-01 -2.628806829452514648e-01
0.000000000000000000e+00 0.000000000000000000e+00 0.000000000000000000e+00 1.000000000000000000e+00
9.007424116134643555e-01 4.342595338821411133e-01 -9.051919914782047272e-03 -2.614841610193252563e-02
-4.005844295024871826e-01 8.385886549949645996e-01 3.691893517971038818e-01 -9.151392430067062378e-02
1.679149866104125977e-01 -3.289183974266052246e-01 9.293100833892822266e-01 -2.534116804599761963e-01
0.000000000000000000e+00 0.000000000000000000e+00 0.000000000000000000e+00 1.000000000000000000e+00
9.076081514358520508e-01 4.197408258914947510e-01 -8.034867234528064728e-03 -2.740845829248428345e-02
-3.700057566165924072e-01 8.088154196739196777e-01 4.570702016353607178e-01 -1.208495944738388062e-01
1.983499079942703247e-01 -4.118677973747253418e-01 8.893941640853881836e-01 -2.435464560985565186e-01
0.000000000000000000e+00 0.000000000000000000e+00 0.000000000000000000e+00 1.000000000000000000e+00
9.155257940292358398e-01 4.022366404533386230e-01 -4.250629339367151260e-03 -3.138546273112297058e-02
-3.342381715774536133e-01 7.665500640869140625e-01 5.483481287956237793e-01 -1.508134603500366211e-01
2.238242030143737793e-01 -5.006062388420104980e-01 8.362394571304321289e-01 -2.304555624723434448e-01
0.000000000000000000e+00 0.000000000000000000e+00 0.000000000000000000e+00 1.000000000000000000e+00
9.111335277557373047e-01 4.116706848144531250e-01 1.904664188623428345e-02 -3.950477764010429382e-02
-3.316838443279266357e-01 7.051043510437011719e-01 6.267482042312622070e-01 -1.748266220092773438e-01
2.445842027664184570e-01 -5.773686766624450684e-01 7.789888381958007812e-01 -2.166996002197265625e-01
0.000000000000000000e+00 0.000000000000000000e+00 0.000000000000000000e+00 1.000000000000000000e+00
9.175592064857482910e-01 3.957648277282714844e-01 3.814746811985969543e-02 -4.719576984643936157e-02
-2.976273000240325928e-01 6.200633049011230469e-01 7.259060740470886230e-01 -2.060697078704833984e-01
2.636343240737915039e-01 -6.774154305458068848e-01 6.867352128028869629e-01 -1.911231130361557007e-01
0.000000000000000000e+00 0.000000000000000000e+00 0.000000000000000000e+00 1.000000000000000000e+00
9.235023260116577148e-01 3.795553147792816162e-01 5.550445243716239929e-02 -5.397882685065269470e-02
-2.716388404369354248e-01 5.449256300926208496e-01 7.932642698287963867e-01 -2.281216979026794434e-01
2.708418667316436768e-01 -7.476586699485778809e-01 6.063423156738281250e-01 -1.673315018415451050e-01
0.000000000000000000e+00 0.000000000000000000e+00 0.000000000000000000e+00 1.000000000000000000e+00
9.358091354370117188e-01 3.489601612091064453e-01 4.987635463476181030e-02 -5.423136055469512939e-02
-2.223870009183883667e-01 4.746572971343994141e-01 8.516129851341247559e-01 -2.487319111824035645e-01
2.735047936439514160e-01 -8.080391883850097656e-01 5.217929482460021973e-01 -1.427963227033615112e-01
0.000000000000000000e+00 0.000000000000000000e+00 0.000000000000000000e+00 1.000000000000000000e+00
9.462100863456726074e-01 3.188105821609497070e-01 5.519286543130874634e-02 -5.900447070598602295e-02
-1.900640130043029785e-01 4.096343219280242920e-01 8.922305703163146973e-01 -2.623373866081237793e-01
2.618435025215148926e-01 -8.547275066375732422e-01 4.481945335865020752e-01 -1.222466006875038147e-01
0.000000000000000000e+00 0.000000000000000000e+00 0.000000000000000000e+00 1.000000000000000000e+00
9.548819661140441895e-01 2.927370071411132812e-01 5.005505308508872986e-02 -5.996022373437881470e-02
-1.572865694761276245e-01 3.555148541927337646e-01 9.213416576385498047e-01 -2.729839682579040527e-01
2.519154250621795654e-01 -8.876454830169677734e-01 3.855184018611907959e-01 -1.034031659364700317e-01
0.000000000000000000e+00 0.000000000000000000e+00 0.000000000000000000e+00 1.000000000000000000e+00
9.637480974197387695e-01 2.568517327308654785e-01 7.223062962293624878e-02 -6.899829953908920288e-02
-1.446858793497085571e-01 2.756427228450775146e-01 9.503089189529418945e-01 -2.868172526359558105e-01
2.241785526275634766e-01 -9.263089895248413086e-01 3.028128445148468018e-01 -7.402385026216506958e-02
0.000000000000000000e+00 0.000000000000000000e+00 0.000000000000000000e+00 1.000000000000000000e+00
9.760480523109436035e-01 2.083367109298706055e-01 6.265842169523239136e-02 -6.938361376523971558e-02
-1.023170873522758484e-01 1.854172050952911377e-01 9.773184061050415039e-01 -2.987679243087768555e-01
1.919933557510375977e-01 -9.603209495544433594e-01 2.022925764322280884e-01 -3.779667243361473083e-02
0.000000000000000000e+00 0.000000000000000000e+00 0.000000000000000000e+00 1.000000000000000000e+00
9.938016533851623535e-01 1.085353866219520569e-01 2.405500411987304688e-02 -5.995137244462966919e-02
-3.867019340395927429e-02 1.346350908279418945e-01 9.901402592658996582e-01 -3.050620555877685547e-01
1.042266711592674255e-01 -9.849330782890319824e-01 1.379976272583007812e-01 -1.746997237205505371e-02
0.000000000000000000e+00 0.000000000000000000e+00 0.000000000000000000e+00 1.000000000000000000e+00
9.957165122032165527e-01 9.245730936527252197e-02 -9.099666203837841749e-05 -5.458096787333488464e-02
-2.279233187437057495e-02 2.464150637388229370e-01 9.688959717750549316e-01 -3.007032275199890137e-01
8.960399776697158813e-02 -9.647439122200012207e-01 2.474669665098190308e-01 -5.301905795931816101e-02
0.000000000000000000e+00 0.000000000000000000e+00 0.000000000000000000e+00 1.000000000000000000e+00
9.976366162300109863e-01 4.094241186976432800e-02 -5.518345907330513000e-02 -3.639511764049530029e-02
4.088317975401878357e-02 2.918009459972381592e-01 9.556047320365905762e-01 -3.079506456851959229e-01
5.522735789418220520e-02 -9.556025266647338867e-01 2.894375026226043701e-01 -6.476196646690368652e-02
0.000000000000000000e+00 0.000000000000000000e+00 0.000000000000000000e+00 1.000000000000000000e+00
9.886872172355651855e-01 -4.456252977252006531e-02 -1.432195305824279785e-01 -3.161546308547258377e-03
1.499724835157394409e-01 2.782319784164428711e-01 9.487332701683044434e-01 -3.178419470787048340e-01
-2.429739804938435555e-03 -9.594794511795043945e-01 2.817676365375518799e-01 -5.954967439174652100e-02
0.000000000000000000e+00 0.000000000000000000e+00 0.000000000000000000e+00 1.000000000000000000e+00
9.675980806350708008e-01 -6.299624592065811157e-02 -2.445106804370880127e-01 3.083887882530689240e-02
2.524616122245788574e-01 2.572515606880187988e-01 9.327833056449890137e-01 -3.229225873947143555e-01
4.138866905122995377e-03 -9.642888307571411133e-01 2.648202776908874512e-01 -5.284454673528671265e-02
0.000000000000000000e+00 0.000000000000000000e+00 0.000000000000000000e+00 1.000000000000000000e+00
9.757696986198425293e-01 8.483233861625194550e-03 -2.186353355646133423e-01 1.963352970778942108e-02
2.049131244421005249e-01 3.148868680000305176e-01 9.267455339431762695e-01 -3.192757070064544678e-01
7.670716196298599243e-02 -9.490912556648254395e-01 3.055187165737152100e-01 -7.148789614439010620e-02
0.000000000000000000e+00 0.000000000000000000e+00 0.000000000000000000e+00 1.000000000000000000e+00
9.853028655052185059e-01 1.247396096587181091e-01 -1.166970506310462952e-01 -1.910229027271270752e-02
6.287086755037307739e-02 3.703866302967071533e-01 9.267475605010986328e-01 -3.118387460708618164e-01
1.588251441717147827e-01 -9.204640388488769531e-01 3.571004271507263184e-01 -9.930812567472457886e-02
0.000000000000000000e+00 0.000000000000000000e+00 0.000000000000000000e+00 1.000000000000000000e+00
9.758831858634948730e-01 2.179757654666900635e-01 -1.176112238317728043e-02 -5.484781414270401001e-02
-5.718655139207839966e-02 3.072786331176757812e-01 9.498996138572692871e-01 -3.127037286758422852e-01
2.106690704822540283e-01 -9.263188838958740234e-01 3.123333752155303955e-01 -8.938820660114288330e-02
0.000000000000000000e+00 0.000000000000000000e+00 0.000000000000000000e+00 1.000000000000000000e+00
9.153221249580383301e-01 3.913879990577697754e-01 9.487053006887435913e-02 -8.778944611549377441e-02
-2.321485430002212524e-01 3.202920854091644287e-01 9.184334278106689453e-01 -2.927116751670837402e-01
3.290775716304779053e-01 -8.626865744590759277e-01 3.840305507183074951e-01 -1.231841221451759338e-01
0.000000000000000000e+00 0.000000000000000000e+00 0.000000000000000000e+00 1.000000000000000000e+00
8.694156408309936523e-01 4.854094684123992920e-01 9.216206520795822144e-02 -8.513645082712173462e-02
-2.847599685192108154e-01 3.398512899875640869e-01 8.963330388069152832e-01 -2.818159461021423340e-01
4.037671089172363281e-01 -8.055301308631896973e-01 4.336971342563629150e-01 -1.476590037345886230e-01
0.000000000000000000e+00 0.000000000000000000e+00 0.000000000000000000e+00 1.000000000000000000e+00
8.288436532020568848e-01 5.556063652038574219e-01 6.572679430246353149e-02 -7.444348186254501343e-02
-3.453020751476287842e-01 4.155720174312591553e-01 8.414667248725891113e-01 -2.607842981815338135e-01
4.402098953723907471e-01 -7.201397418975830078e-01 5.362960696220397949e-01 -1.848849356174468994e-01
0.000000000000000000e+00 0.000000000000000000e+00 0.000000000000000000e+00 1.000000000000000000e+00
8.025678992271423340e-01 5.947266221046447754e-01 4.673746228218078613e-02 -6.668454408645629883e-02
-4.244993627071380615e-01 5.142888426780700684e-01 7.451892495155334473e-01 -2.238728404045104980e-01
4.191475510597229004e-01 -6.179049015045166016e-01 6.652129292488098145e-01 -2.267595082521438599e-01
0.000000000000000000e+00 0.000000000000000000e+00 0.000000000000000000e+00 1.000000000000000000e+00
7.741307020187377930e-01 6.326695084571838379e-01 2.123250812292098999e-02 -5.738915875554084778e-02
-5.033917427062988281e-01 5.949174165725708008e-01 6.266338229179382324e-01 -1.788401901721954346e-01
3.838205635547637939e-01 -4.957846403121948242e-01 7.790242433547973633e-01 -2.619426548480987549e-01
0.000000000000000000e+00 0.000000000000000000e+00 0.000000000000000000e+00 1.000000000000000000e+00
7.527329921722412109e-01 6.581172347068786621e-01 1.657575182616710663e-02 -5.446999147534370422e-02
-5.657539963722229004e-01 6.338063478469848633e-01 5.274577140808105469e-01 -1.418615877628326416e-01
3.366232514381408691e-01 -4.064126014709472656e-01 8.494194149971008301e-01 -2.826163172721862793e-01
0.000000000000000000e+00 0.000000000000000000e+00 0.000000000000000000e+00 1.000000000000000000e+00
6.523445844650268555e-01 7.578333616256713867e-01 1.161171402782201767e-02 -4.584103822708129883e-02
-6.759071946144104004e-01 5.747542381286621094e-01 4.613100290298461914e-01 -1.120409220457077026e-01
3.429223895072937012e-01 -3.087815046310424805e-01 8.871629834175109863e-01 -2.971186339855194092e-01
0.000000000000000000e+00 0.000000000000000000e+00 0.000000000000000000e+00 1.000000000000000000e+00
5.866536498069763184e-01 8.094450235366821289e-01 -2.522280439734458923e-02 -2.898974344134330750e-02
-7.370100617408752441e-01 5.465459227561950684e-01 3.976223170757293701e-01 -8.602204918861389160e-02
3.356389701366424561e-01 -2.146771252155303955e-01 9.172025322914123535e-01 -3.081221580505371094e-01
0.000000000000000000e+00 0.000000000000000000e+00 0.000000000000000000e+00 1.000000000000000000e+00
5.412933230400085449e-01 8.387086391448974609e-01 -5.974200367927551270e-02 -1.339380163699388504e-02
-7.806801795959472656e-01 5.276895165443420410e-01 3.347870111465454102e-01 -6.116755679249763489e-02
3.123140633106231689e-01 -1.345785856246948242e-01 9.403982162475585938e-01 -3.145332038402557373e-01
0.000000000000000000e+00 0.000000000000000000e+00 0.000000000000000000e+00 1.000000000000000000e+00
5.019448995590209961e-01 8.554730415344238281e-01 -1.273455917835235596e-01 1.253342628479003906e-02
-8.186056613922119141e-01 5.174252986907958984e-01 2.493096888065338135e-01 -2.968112751841545105e-02
2.791696786880493164e-01 -2.089388482272624969e-02 9.600144624710083008e-01 -3.196759521961212158e-01
0.000000000000000000e+00 0.000000000000000000e+00 0.000000000000000000e+00 1.000000000000000000e+00
4.351908862590789795e-01 8.837451338768005371e-01 -1.720557361841201782e-01 3.314358741044998169e-02
-8.599277138710021973e-01 4.646075963973999023e-01 2.113388627767562866e-01 -1.380152907222509384e-02
2.667080760002136230e-01 5.598282441496849060e-02 9.621500372886657715e-01 -3.199504017829895020e-01
0.000000000000000000e+00 0.000000000000000000e+00 0.000000000000000000e+00 1.000000000000000000e+00
3.583329617977142334e-01 8.942563533782958984e-01 -2.681470215320587158e-01 7.164027541875839233e-02
-8.920984268188476562e-01 4.126568138599395752e-01 1.840511560440063477e-01 -2.061353530734777451e-03
2.752416133880615234e-01 1.732619404792785645e-01 9.456334114074707031e-01 -3.145919740200042725e-01
0.000000000000000000e+00 0.000000000000000000e+00 0.000000000000000000e+00 1.000000000000000000e+00
2.893845736980438232e-01 8.829106092453002930e-01 -3.697637915611267090e-01 1.101387888193130493e-01
-9.145659804344177246e-01 3.690486848354339600e-01 1.654454171657562256e-01 5.916417576372623444e-03
2.825342714786529541e-01 2.902960479259490967e-01 9.142770171165466309e-01 -3.048110902309417725e-01
0.000000000000000000e+00 0.000000000000000000e+00 0.000000000000000000e+00 1.000000000000000000e+00
2.684305310249328613e-01 8.528245687484741211e-01 -4.479233622550964355e-01 1.370565891265869141e-01
-9.335981011390686035e-01 3.448931574821472168e-01 9.717544168233871460e-02 3.004625625908374786e-02
2.373593300580978394e-01 3.920955657958984375e-01 8.887753486633300781e-01 -2.929419279098510742e-01
0.000000000000000000e+00 0.000000000000000000e+00 0.000000000000000000e+00 1.000000000000000000e+00
1.789418160915374756e-01 7.721398472785949707e-01 -6.097376346588134766e-01 1.960384845733642578e-01
-9.613834023475646973e-01 2.689388394355773926e-01 5.842955783009529114e-02 4.360179603099822998e-02
2.090979814529418945e-01 5.757361650466918945e-01 7.904466986656188965e-01 -2.587056159973144531e-01
0.000000000000000000e+00 0.000000000000000000e+00 0.000000000000000000e+00 1.000000000000000000e+00
1.367980241775512695e-01 6.747359037399291992e-01 -7.252708077430725098e-01 2.367182374000549316e-01
-9.729542732238769531e-01 2.290917932987213135e-01 2.961418218910694122e-02 5.346401780843734741e-02
1.861352920532226562e-01 7.016040682792663574e-01 6.878265142440795898e-01 -2.241459041833877563e-01
0.000000000000000000e+00 0.000000000000000000e+00 0.000000000000000000e+00 1.000000000000000000e+00
1.103806793689727783e-01 5.732927322387695312e-01 -8.118815422058105469e-01 2.660791277885437012e-01
-9.839501976966857910e-01 1.782688796520233154e-01 -7.893784902989864349e-03 6.603563576936721802e-02
1.402077227830886841e-01 7.997223734855651855e-01 5.837689638137817383e-01 -1.879724264144897461e-01
0.000000000000000000e+00 0.000000000000000000e+00 0.000000000000000000e+00 1.000000000000000000e+00
7.918709516525268555e-02 5.032495856285095215e-01 -8.605051040649414062e-01 2.841773629188537598e-01
-9.907991290092468262e-01 1.347746998071670532e-01 -1.235684100538492203e-02 6.815128028392791748e-02
1.097556278109550476e-01 8.535662293434143066e-01 5.092918872833251953e-01 -1.619929373264312744e-01
0.000000000000000000e+00 0.000000000000000000e+00 0.000000000000000000e+00 1.000000000000000000e+00
1.541991978883743286e-01 5.142413377761840820e-01 -8.436696529388427734e-01 2.718856334686279297e-01
-9.878608584403991699e-01 9.648834913969039917e-02 -1.217407509684562683e-01 1.035038605332374573e-01
1.880013383924961090e-02 8.522005081176757812e-01 5.228773951530456543e-01 -1.592347323894500732e-01
0.000000000000000000e+00 0.000000000000000000e+00 0.000000000000000000e+00 1.000000000000000000e+00
2.665154933929443359e-01 5.722445249557495117e-01 -7.755681276321411133e-01 2.419996857643127441e-01
-9.585765004158020020e-01 7.346674054861068726e-02 -2.751976847648620605e-01 1.509380042552947998e-01
-1.005018725991249084e-01 8.167858123779296875e-01 5.681200623512268066e-01 -1.636269241571426392e-01
0.000000000000000000e+00 0.000000000000000000e+00 0.000000000000000000e+00 1.000000000000000000e+00
3.197040855884552002e-01 6.164850592613220215e-01 -7.195383906364440918e-01 2.210838347673416138e-01
-9.293066859245300293e-01 5.584320798516273499e-02 -3.650628030300140381e-01 1.768453568220138550e-01
-1.848744302988052368e-01 7.853838801383972168e-01 5.907568335533142090e-01 -1.643916666507720947e-01
0.000000000000000000e+00 0.000000000000000000e+00 0.000000000000000000e+00 1.000000000000000000e+00
3.656576573848724365e-01 6.312181949615478516e-01 -6.840015649795532227e-01 2.066220790147781372e-01
-8.901401758193969727e-01 2.245606295764446259e-02 -4.551333785057067871e-01 2.021776437759399414e-01
-2.719283103942871094e-01 7.752802371978759766e-01 5.700837373733520508e-01 -1.507740169763565063e-01
0.000000000000000000e+00 0.000000000000000000e+00 0.000000000000000000e+00 1.000000000000000000e+00
4.249282479286193848e-01 6.365909576416015625e-01 -6.435742974281311035e-01 1.883991509675979614e-01
-8.364214301109313965e-01 4.233493935316801071e-03 -5.480704903602600098e-01 2.269556969404220581e-01
-3.461722135543823242e-01 7.711899876594543457e-01 5.342572927474975586e-01 -1.325763314962387085e-01
0.000000000000000000e+00 0.000000000000000000e+00 0.000000000000000000e+00 1.000000000000000000e+00
5.237076878547668457e-01 6.381531357765197754e-01 -5.643499493598937988e-01 1.573732942342758179e-01
-7.274140715599060059e-01 -9.816357865929603577e-03 -6.861286759376525879e-01 2.594574391841888428e-01
-4.433949589729309082e-01 7.698469758033752441e-01 4.590605795383453369e-01 -9.870371967554092407e-02
0.000000000000000000e+00 0.000000000000000000e+00 0.000000000000000000e+00 1.000000000000000000e+00
6.334379911422729492e-01 6.671304106712341309e-01 -3.920374512672424316e-01 9.493765234947204590e-02
-5.750642418861389160e-01 6.687103211879730225e-02 -8.153706789016723633e-01 2.910335958003997803e-01
-5.177426338195800781e-01 7.419334650039672852e-01 4.260014891624450684e-01 -8.067329227924346924e-02
0.000000000000000000e+00 0.000000000000000000e+00 0.000000000000000000e+00 1.000000000000000000e+00
6.455782055854797363e-01 7.126204371452331543e-01 -2.745922505855560303e-01 6.048389524221420288e-02
-4.877153337001800537e-01 1.080251261591911316e-01 -8.662934303283691406e-01 3.010181784629821777e-01
-5.876755118370056152e-01 6.931830644607543945e-01 4.172945618629455566e-01 -7.332084327936172485e-02
0.000000000000000000e+00 0.000000000000000000e+00 0.000000000000000000e+00 1.000000000000000000e+00
6.184114813804626465e-01 7.584754228591918945e-01 -2.056265771389007568e-01 4.453321918845176697e-02
-3.865600824356079102e-01 6.578218936920166016e-02 -9.199151992797851562e-01 3.112176656723022461e-01
-6.842065453529357910e-01 6.483731269836425781e-01 3.338768482208251953e-01 -4.533353820443153381e-02
0.000000000000000000e+00 0.000000000000000000e+00 0.000000000000000000e+00 1.000000000000000000e+00
4.559084773063659668e-01 8.874037861824035645e-01 -6.827809661626815796e-02 1.898538693785667419e-02
-2.004859000444412231e-01 2.765159681439399719e-02 -9.793062210083007812e-01 3.188226819038391113e-01
-8.671521544456481934e-01 4.601627588272094727e-01 1.905185878276824951e-01 -5.424984265118837357e-04
0.000000000000000000e+00 0.000000000000000000e+00 0.000000000000000000e+00 1.000000000000000000e+00
3.529789149761199951e-01 9.313805103302001953e-01 8.908532559871673584e-02 -2.653216570615768433e-02
-2.234457433223724365e-01 1.763738393783569336e-01 -9.586262106895446777e-01 3.213017880916595459e-01
-9.085581302642822266e-01 3.184690773487091064e-01 2.703692913055419922e-01 -3.149595856666564941e-02
0.000000000000000000e+00 0.000000000000000000e+00 0.000000000000000000e+00 1.000000000000000000e+00
2.803815007209777832e-01 9.593904018402099609e-01 -3.092531487345695496e-02 1.577682979404926300e-02
-3.331037759780883789e-01 6.703287363052368164e-02 -9.405044317245483398e-01 3.168595135211944580e-01
-9.002378582954406738e-01 2.740013897418975830e-01 3.383712768554687500e-01 -5.408693850040435791e-02
0.000000000000000000e+00 0.000000000000000000e+00 0.000000000000000000e+00 1.000000000000000000e+00
