0.5579767823219299 0.7949119806289673 0.2382788211107254 -0.06916189193725586 
-0.6134788990020752 0.5884809494018555 -0.5266249179840088 0.1897832006216049 
-0.5588430166244507 0.1476653963327408 0.8160204291343689 -0.1979425251483917 
0 0 0 1 

0.6180136799812317 0.7510385513305664 0.2323790937662125 -0.07208035886287689 
-0.4973409473896027 0.6024155020713806 -0.6242974996566772 0.2136617749929428 
-0.6088603138923645 0.2702527046203613 0.7458233237266541 -0.1698047667741776 
0 0 0 1 

0.7014656662940979 0.685319185256958 0.1956614702939987 -0.06750321388244629 
-0.3957363069057465 0.6028547286987305 -0.692790687084198 0.2284168154001236 
-0.5927382111549377 0.4085385203361511 0.6940876245498657 -0.1509023904800415 
0 0 0 1 

0.7604594230651855 0.6268573999404907 0.1695616245269775 -0.06474725902080536 
-0.3676827549934387 0.6308611631393433 -0.6832447648048401 0.2245021760463715 
-0.5352669954299927 0.4572350084781647 0.7102290391921997 -0.1587560623884201 
0 0 0 1 

0.8477078676223755 0.514146089553833 0.1305572241544724 -0.06204983219504356 
-0.3037327229976654 0.6722306609153748 -0.6751683354377747 0.2173995077610016 
-0.4348997473716736 0.5326909422874451 0.7260182499885559 -0.1674033552408218 
0 0 0 1 

0.71587073802948 0.525536835193634 0.4597174525260925 -0.1944156289100647 
0.02979736216366291 0.6348075866699219 -0.7720954418182373 0.257879376411438 
-0.6975967288017273 0.5664188861846924 0.4387805461883545 -0.05949228256940842 
0 0 0 1 

0.728278636932373 0.4980179965496063 0.4707316160202026 -0.200182318687439 
-0.00600166991353035 0.6915265321731567 -0.7223260998725891 0.2448378652334213 
-0.6852548122406006 0.5232295393943787 0.5066129565238953 -0.08575122058391571 
0 0 0 1 

0.7635213136672974 0.4650813937187195 0.4480339288711548 -0.1958839148283005 
-0.0649743527173996 0.7455887198448181 -0.6632311940193176 0.2310120314359665 
-0.6425055861473083 0.4772804081439972 0.5994912981987 -0.1234721019864082 
0 0 0 1 

0.765739381313324 0.4393720924854279 0.4696756899356842 -0.2031888067722321 
-0.09793700277805328 0.8014153242111206 -0.5900353193283081 0.2100024968385696 
-0.6356503963470459 0.4058146178722382 0.6567060947418213 -0.1470528244972229 
0 0 0 1 

0.7693280577659607 0.4083101153373718 0.4913421273231506 -0.2112590670585632 
-0.1211106777191162 0.8483667969703674 -0.5153696537017822 0.1872713714838028 
-0.6272690296173096 0.336981475353241 0.7021231055259705 -0.1661590784788132 
0 0 0 1 

