1 0 0 -0.04542167112231255 
0 1 0 0.0009935460984706879 
0 0 1 -0.2875000238418579 
0 0 0 1 

0.9964417219161987 0.0830550491809845 0.01434525195509195 -0.04788125306367874 
-0.0827803760766983 0.9963907599449158 -0.01878387853503227 0.009679358452558517 
-0.01585357636213303 0.01752953231334686 0.9997206330299377 -0.2932829260826111 
0 0 0 1 

0.9844387769699097 0.1734244823455811 0.02835658192634583 -0.05039354786276817 
-0.171905130147934 0.9838781356811523 -0.04931777715682983 0.02410098910331726 
-0.03645236790180206 0.04367566853761673 0.9983804821968079 -0.2927644550800323 
0 0 0 1 

0.9626078009605408 0.267285168170929 0.04410316795110703 -0.05258872732520103 
-0.2638530731201172 0.9619513154029846 -0.07093176245689392 0.03595097362995148 
-0.06138410791754723 0.05664267018437386 0.9965054988861084 -0.2915334701538086 
0 0 0 1 

