0.8922742605209351 0.4284679889678955 0.1423438489437103 -0.07402896136045456 
0.2018838673830032 -0.09663045406341553 -0.9746309518814087 0.2506073415279388 
-0.4038434028625488 0.8983750343322754 -0.1727216690778732 0.1225075945258141 
0 0 0 1 

0.1443075090646744 0.9593917727470398 -0.2423683404922485 0.105125293135643 
0.5157940983772278 -0.2819547355175018 -0.8089854717254639 0.1774764060974121 
-0.8444710969924927 -0.008269700221717358 -0.5355366468429565 0.2295229583978653 
0 0 0 1 

-0.01938136108219624 0.96253502368927 -0.2704639434814453 0.1098586767911911 
0.5320048928260803 -0.2191106230020523 -0.817900538444519 0.2120433002710342 
-0.8465194702148438 -0.159740149974823 -0.5078266263008118 0.2455113381147385 
0 0 0 1 

0.6228561997413635 0.7062616944313049 0.336518406867981 -0.1493023931980133 
0.4614175260066986 0.0157303474843502 -0.8870436549186707 0.2453204393386841 
-0.6317784786224365 0.7077761292457581 -0.3160838484764099 0.1788367927074432 
0 0 0 1 

0.6427566409111023 0.6506606936454773 0.4043570160865784 -0.1770095974206924 
0.3496584296226501 0.2204669415950775 -0.9105675220489502 0.2653286159038544 
-0.6816178560256958 0.7266601324081421 -0.08580239117145538 0.1020775511860847 
0 0 0 1 

0.5979342460632324 0.6691003441810608 0.4413381516933441 -0.1871388703584671 
0.2575642466545105 0.3610191941261292 -0.8962844610214233 0.2698476016521454 
-0.7590357661247253 0.6495920419692993 0.04352946579456329 0.06210681796073914 
0 0 0 1 

0.4415968954563141 0.7827561497688293 0.4385028481483459 -0.1529579013586044 
0.4808606505393982 0.2061368376016617 -0.8522208333015442 0.2482361048460007 
-0.7574727535247803 0.5871967673301697 -0.2853672802448273 0.1740831881761551 
0 0 0 1 

0.3875435888767242 0.787973940372467 0.4784422516822815 -0.1648484021425247 
0.5628151297569275 0.2088025361299515 -0.799775242805481 0.2260802984237671 
-0.730102002620697 0.5792223215103149 -0.3625636696815491 0.1969704478979111 
0 0 0 1 

0.2063605487346649 0.8674556016921997 0.4526984989643097 -0.1463578194379807 
0.6372544169425964 0.2319364249706268 -0.7349231839179993 0.2014873623847961 
-0.7425105571746826 0.4401432871818542 -0.504927396774292 0.2387557327747345 
0 0 0 1 

0.2174251973628998 0.8560630679130554 0.4689158797264099 -0.1532589197158813 
0.6170905232429504 0.2516592442989349 -0.7455646991729736 0.2078061252832413 
-0.7562574744224548 0.4514681100845337 -0.4735513925552368 0.225458100438118 
0 0 0 1 

