0.3513943254947662 0.9328409433364868 -0.07956012338399887 0.02496873214840889 
-0.9361714720726013 0.3510322272777557 -0.01895561255514622 0.04148383811116219 
0.01024559326469898 0.08114280551671982 0.9966498017311096 -0.3043335676193237 
0 0 0 1 

0.2767723202705383 0.9556767344474792 -0.1003937870264053 0.03399094194173813 
-0.9583180546760559 0.2822137176990509 0.04451619833707809 0.01784534007310867 
0.07087559252977371 0.08388834446668625 0.9939513802528381 -0.3043857514858246 
0 0 0 1 

0.1971120238304138 0.9722729921340942 -0.1258252263069153 0.04344340041279793 
-0.9726220369338989 0.2100497335195541 0.09942501038312912 -0.00281674019061029 
0.1230978071689606 0.1027825400233269 0.9870575666427612 -0.3030276298522949 
0 0 0 1 

0.2743358016014099 0.9544495344161987 -0.1173271536827087 0.03945334255695343 
-0.9388444423675537 0.2922379076480865 0.182120680809021 -0.02840228006243706 
0.2081124633550644 0.06018976122140884 0.9762511849403381 -0.2965874969959259 
0 0 0 1 

0.3251640200614929 0.9371501803398132 -0.1265610456466675 0.04065712168812752 
-0.9349303841590881 0.338684618473053 0.1058194190263748 -0.001739832223393023 
0.1420329809188843 0.08391712605953217 0.9862983822822571 -0.2958125174045563 
0 0 0 1 

0.359918087720871 0.9206646084785461 -0.1511142253875732 0.04712418466806412 
-0.9307326674461365 0.3655535280704498 0.01035420782864094 0.03178923949599266 
0.0647730752825737 0.1369202882051468 0.9884620904922485 -0.2925511598587036 
0 0 0 1 

0.4395432770252228 0.8836019039154053 -0.1613978296518326 0.03000992722809315 
-0.8586493730545044 0.4660865664482117 0.2132706046104431 -0.01418521068990231 
0.2636716961860657 0.04484253749251366 0.9635695815086365 -0.3201126754283905 
0 0 0 1 

0.9670731425285339 0.07057817280292511 -0.2445162236690521 0.02366048656404018 
-0.1024647280573845 0.9874436855316162 -0.1202327013015747 0.05362968519330025 
0.2329601943492889 0.1413281410932541 0.9621620178222656 -0.2808534801006317 
0 0 0 1 

0.9781374335289001 0.05369582772254944 -0.2009076178073883 0.02158562280237675 
-0.06699124723672867 0.9959497451782227 -0.05996938422322273 0.03179813921451569 
0.1968737691640854 0.07211735099554062 0.9777728915214539 -0.286042720079422 
0 0 0 1 

0.9805267453193665 0.05638039112091064 -0.1881190687417984 0.01825377158820629 
-0.06942693889141083 0.9955645203590393 -0.06349499523639679 0.03311456739902496 
0.1837047189474106 0.07531913369894028 0.9800919890403748 -0.2869481146335602 
0 0 0 1 

