0.5300691723823547 -0.5902538299560547 -0.6087914109230042 0.1353076696395874 
-0.8432565331459045 -0.4424018561840057 -0.3052849769592285 0.1252398788928986 
-0.08913484215736389 0.6751895546913147 -0.7322390675544739 0.2555719912052155 
0 0 0 1 

0.6768442988395691 -0.411226898431778 -0.6105523705482483 0.131364569067955 
-0.7135704159736633 -0.5702683925628662 -0.4069533348083496 0.1542199105024338 
-0.1808285713195801 0.7111161947250366 -0.6794222593307495 0.2528685033321381 
0 0 0 1 

0.6967087388038635 -0.3258690536022186 -0.6390666365623474 0.1371158212423325 
-0.6530535221099854 -0.6567689776420593 -0.3770613968372345 0.1439291536808014 
-0.2968465685844421 0.6800467967987061 -0.6703866124153137 0.2614123225212097 
0 0 0 1 

0.741628885269165 -0.2433538287878036 -0.6251123547554016 0.1373875737190247 
-0.5763450264930725 -0.7079778909683228 -0.4081584215164185 0.1452105492353439 
-0.3432389497756958 0.6629824638366699 -0.665312647819519 0.259233832359314 
0 0 0 1 

0.7250953912734985 -0.2279788255691528 -0.6498171091079712 0.1528815180063248 
-0.5485267043113708 -0.7617131471633911 -0.3448349237442017 0.118786446750164 
-0.4163592755794525 0.6064803004264832 -0.6773670315742493 0.2675192058086395 
0 0 0 1 

0.7122422456741333 -0.3210617005825043 -0.6242038011550903 0.1533199697732925 
-0.590825617313385 -0.7543479800224304 -0.2861544787883759 0.09578404575586319 
-0.3789936006069183 0.5726068615913391 -0.7269698977470398 0.2804893851280212 
0 0 0 1 

0.8053052425384521 -0.1664270907640457 -0.5690215229988098 0.13904769718647 
-0.5312184691429138 -0.6287074685096741 -0.5679205656051636 0.1844436228275299 
-0.2632307410240173 0.7596241235733032 -0.5947104692459106 0.2427903264760971 
0 0 0 1 

0.8476825952529907 -0.100668378174305 -0.5208647847175598 0.1219850182533264 
-0.4773849248886108 -0.5729812979698181 -0.6661801338195801 0.2164162844419479 
-0.2313825339078903 0.8133622407913208 -0.5337637066841125 0.2210197448730469 
0 0 0 1 

0.8808287978172302 -0.0508248433470726 -0.4706988930702209 0.104291670024395 
-0.4287799298763275 -0.5071554780006409 -0.7476235628128052 0.2434705495834351 
-0.2007196694612503 0.8603546619415283 -0.4685098528862 0.1978126466274261 
0 0 0 1 

0.8950513005256653 0.03123302012681961 -0.4448681771755219 0.09426077455282211 
-0.3800422251224518 -0.4685400128364563 -0.7975197434425354 0.256487101316452 
-0.2333475798368454 0.8828898072242737 -0.4074975252151489 0.1786775141954422 
0 0 0 1 

