0.9467329382896423 0.2109449654817581 0.2433084100484848 -0.1210321262478828 
-0.3106088936328888 0.3988438844680786 0.8628125786781311 -0.2556057274341583 
0.08496393263339996 -0.8924267888069153 0.4431200325489044 -0.1396677196025848 
0 0 0 1 

-0.5579056143760681 0.7281653881072998 0.3981419801712036 -0.07888201624155045 
0.7281907796859741 0.1993880867958069 0.6557307243347168 -0.2609755396842957 
0.3980955481529236 0.6557589173316956 -0.6414830684661865 0.1969998329877853 
0 0 0 1 

-0.299437403678894 0.8547849059104919 0.4238868653774261 -0.1109619215130806 
0.6882277131080627 -0.1141959801316261 0.7164509296417236 -0.29732745885849 
0.6608176827430725 0.5062628388404846 -0.5540920495986938 0.1513813138008118 
0 0 0 1 

0.1047440618276596 0.956119179725647 0.2736143469810486 -0.08727885782718658 
0.8008031845092773 -0.244227722287178 0.5468701720237732 -0.2540575563907623 
0.5896973013877869 0.1618298441171646 -0.7912446856498718 0.2315647602081299 
0 0 0 1 

0.2234450429677963 0.9438276886940002 0.2434367686510086 -0.08594044297933578 
0.8193647265434265 -0.3171517252922058 0.4775520861148834 -0.2347567975521088 
0.5279333591461182 0.09275689721107483 -0.8442050814628601 0.2533102631568909 
0 0 0 1 

-0.04572331160306931 0.8684377074241638 0.4936851859092712 -0.1439692229032516 
0.1374979466199875 -0.4840268790721893 0.8641827702522278 -0.3124725222587585 
0.9894459843635559 0.1073941290378571 -0.09727688878774643 -0.02244500257074833 
0 0 0 1 

0.02972092106938362 0.7971857786178589 0.6030020117759705 -0.1841337233781815 
0.08060237765312195 -0.6032153367996216 0.7934950590133667 -0.2845623195171356 
0.9963031411170959 0.02502006664872169 -0.08218306303024292 -0.0250910297036171 
0 0 0 1 

0.1877846568822861 0.7396646738052368 0.6462453603744507 -0.2072602957487106 
0.07422789186239243 -0.6667554378509521 0.7415708303451538 -0.2664926052093506 
0.9794014692306519 -0.09128618240356445 -0.1801102161407471 0.008062634617090225 
0 0 0 1 

0.2147173583507538 0.6274096369743347 0.7485008239746094 -0.2416304498910904 
0.02784459106624126 -0.7699963450431824 0.6374401450157166 -0.2273321449756622 
0.9762791395187378 -0.116027720272541 -0.1828014850616455 0.01089407689869404 
0 0 0 1 

0.2186361104249954 0.5830891728401184 0.782435417175293 -0.252919614315033 
0.0005973780062049627 -0.8019143342971802 0.5974385142326355 -0.2114475667476654 
0.9758062362670898 -0.1301542073488235 -0.175675630569458 0.008567576296627522 
0 0 0 1 

