0.9676793217658997 0.06929654628038406 -0.2424759119749069 0.08207476139068604 
-0.07572872936725616 0.9969784021377563 -0.01729633659124374 0.02663169428706169 
0.2405446767807007 0.03509974852204323 0.9700031876564026 -0.3680602312088013 
0 0 0 1 

0.5674216747283936 0.8050253391265869 -0.173109233379364 0.06633800268173218 
-0.517328143119812 0.512082040309906 0.6856701374053955 -0.1635129749774933 
0.6406279802322388 -0.2995097935199738 0.7070286870002747 -0.1789525747299194 
0 0 0 1 

0.5821728110313416 0.7869554162025452 -0.2043917626142502 0.07341062277555466 
-0.5727378129959106 0.5753527879714966 0.5839011669158936 -0.1299440264701843 
0.5771015286445618 -0.2228684574365616 0.7856738567352295 -0.1952871829271317 
0 0 0 1 

0.5792275071144104 0.7941913604736328 -0.1837263405323029 0.06386201828718185 
-0.6654878854751587 0.5908669233322144 0.456072211265564 -0.09435613453388214 
0.4707665145397186 -0.1419018357992172 0.8707712888717651 -0.213183581829071 
0 0 0 1 

0.5739324688911438 0.7917418479919434 -0.2091556936502457 0.06602434813976288 
-0.7128881216049194 0.6087465286254883 0.3481637537479401 -0.06366803497076035 
0.4029786586761475 -0.0507178045809269 0.9138029217720032 -0.220000684261322 
0 0 0 1 

0.5661506652832031 0.7824615240097046 -0.2592822015285492 0.07472996413707733 
-0.7534139752388 0.6188122034072876 0.22234807908535 -0.02642804570496082 
0.3344258368015289 0.06946439296007156 0.9398585557937622 -0.2220306545495987 
0 0 0 1 

0.556671679019928 0.7876185178756714 -0.2641468048095703 0.07430056482553482 
-0.7825230360031128 0.6038959622383118 0.1515491306781769 -0.007088019046932459 
0.2788800895214081 0.1223379522562027 0.9525015950202942 -0.223172664642334 
0 0 0 1 

0.6995276808738708 0.6014297604560852 -0.3859316408634186 0.1006528735160828 
-0.2225814014673233 0.6965743899345398 0.6820862889289856 -0.2027303725481033 
0.6790571212768555 -0.3912369906902313 0.6211401224136353 -0.1668078899383545 
0 0 0 1 

0.7039669752120972 0.556685745716095 -0.4410571157932281 0.1153629124164581 
-0.2666119635105133 0.7827176451683044 0.5623798966407776 -0.1635009348392487 
0.6582920551300049 -0.27830570936203 0.6994264721870422 -0.1876125484704971 
0 0 0 1 

0.7153599858283997 0.5319182276725769 -0.4531258940696716 0.1184239983558655 
-0.291244238615036 0.8164353966712952 0.4986080825328827 -0.1426869630813599 
0.6351668834686279 -0.2247138768434525 0.7389634251594543 -0.1983306854963303 
0 0 0 1 

