1.000000000000000000e+00 0.000000000000000000e+00 0.000000000000000000e+00 -4.542167112231254578e-02
0.000000000000000000e+00 1.000000000000000000e+00 0.000000000000000000e+00 9.935460984706878662e-04
0.000000000000000000e+00 0.000000000000000000e+00 1.000000000000000000e+00 -2.875000238418579102e-01
0.000000000000000000e+00 0.000000000000000000e+00 0.000000000000000000e+00 1.000000000000000000e+00
9.967086315155029297e-01 8.012037724256515503e-02 1.235395483672618866e-02 -4.781587794423103333e-02
-7.986503839492797852e-02 9.966062307357788086e-01 -1.993585005402565002e-02 1.037421543151140213e-02
-1.390929054468870163e-02 1.888358779251575470e-02 9.997248649597167969e-01 -2.933824360370635986e-01
0.000000000000000000e+00 0.000000000000000000e+00 0.000000000000000000e+00 1.000000000000000000e+00
9.861901402473449707e-01 1.628751605749130249e-01 3.001233935356140137e-02 -5.140064656734466553e-02
-1.612446457147598267e-01 9.856219291687011719e-01 -5.049384012818336487e-02 2.469353750348091125e-02
-3.780505806207656860e-02 4.495713859796524048e-02 9.982733130455017090e-01 -2.926559746265411377e-01
0.000000000000000000e+00 0.000000000000000000e+00 0.000000000000000000e+00 1.000000000000000000e+00
9.660831093788146973e-01 2.559800446033477783e-01 3.402228280901908875e-02 -5.040137842297554016e-02
-2.527619004249572754e-01 9.643509984016418457e-01 -7.834924012422561646e-02 3.839646279811859131e-02
-5.286527425050735474e-02 6.709234416484832764e-02 9.963452219963073730e-01 -2.919441461563110352e-01
0.000000000000000000e+00 0.000000000000000000e+00 0.000000000000000000e+00 1.000000000000000000e+00
9.378229975700378418e-01 3.437252342700958252e-01 4.838209971785545349e-02 -5.181122943758964539e-02
-3.361085355281829834e-01 9.340443015098571777e-01 -1.207969486713409424e-01 5.591345205903053284e-02
-8.671206235885620117e-02 9.702449291944503784e-02 9.914975166320800781e-01 -2.893415093421936035e-01
0.000000000000000000e+00 0.000000000000000000e+00 0.000000000000000000e+00 1.000000000000000000e+00
8.937880992889404297e-01 4.477027654647827148e-01 2.655158378183841705e-02 -4.189598560333251953e-02
-4.402170479297637939e-01 8.870817422866821289e-01 -1.389056891202926636e-01 6.559745967388153076e-02
-8.574192970991134644e-02 1.124637722969055176e-01 9.899495840072631836e-01 -2.900620102882385254e-01
0.000000000000000000e+00 0.000000000000000000e+00 0.000000000000000000e+00 1.000000000000000000e+00
8.469800949096679688e-01 5.314384102821350098e-01 1.406548731029033661e-02 -3.524979203939437866e-02
-5.223261117935180664e-01 8.368013501167297363e-01 -1.641295999288558960e-01 7.721491158008575439e-02
-9.899486601352691650e-02 1.316677182912826538e-01 9.863386154174804688e-01 -2.889051735401153564e-01
0.000000000000000000e+00 0.000000000000000000e+00 0.000000000000000000e+00 1.000000000000000000e+00
7.939387559890747070e-01 6.079829335212707520e-01 -4.229083191603422165e-03 -2.643805369734764099e-02
-5.998349189758300781e-01 7.821248769760131836e-01 -1.687562912702560425e-01 8.212708681821823120e-02
-9.929328411817550659e-02 1.365189105272293091e-01 9.856486320495605469e-01 -2.895503044128417969e-01
0.000000000000000000e+00 0.000000000000000000e+00 0.000000000000000000e+00 1.000000000000000000e+00
7.239268422126770020e-01 6.891278028488159180e-01 -3.213553130626678467e-02 -1.253574714064598083e-02
-6.840384602546691895e-01 7.109739780426025391e-01 -1.631173789501190186e-01 8.339567482471466064e-02
-8.956124633550643921e-02 1.400669813156127930e-01 9.860831499099731445e-01 -2.904835045337677002e-01
0.000000000000000000e+00 0.000000000000000000e+00 0.000000000000000000e+00 1.000000000000000000e+00
6.476287841796875000e-01 7.610104084014892578e-01 -3.794448822736740112e-02 -5.615812260657548904e-03
-7.577006816864013672e-01 6.379575133323669434e-01 -1.374757736921310425e-01 7.807653397321701050e-02
-8.041357249021530151e-02 1.177838146686553955e-01 9.897780418395996094e-01 -2.935270965099334717e-01
0.000000000000000000e+00 0.000000000000000000e+00 0.000000000000000000e+00 1.000000000000000000e+00
5.518996119499206543e-01 8.325557708740234375e-01 -4.751350358128547668e-02 3.203323110938072205e-03
-8.323002457618713379e-01 5.464000701904296875e-01 -9.339735656976699829e-02 6.599127501249313354e-02
-5.179715156555175781e-02 9.109146893024444580e-02 9.944945573806762695e-01 -2.984450459480285645e-01
0.000000000000000000e+00 0.000000000000000000e+00 0.000000000000000000e+00 1.000000000000000000e+00
4.608148336410522461e-01 8.821939229965209961e-01 -9.686811268329620361e-02 2.486987039446830750e-02
-8.874871134757995605e-01 4.575606584548950195e-01 -5.481586232781410217e-02 5.443612113595008850e-02
-4.035192076116800308e-03 1.112291738390922546e-01 9.937866330146789551e-01 -3.021137416362762451e-01
0.000000000000000000e+00 0.000000000000000000e+00 0.000000000000000000e+00 1.000000000000000000e+00
3.512889444828033447e-01 9.298726320266723633e-01 -1.092380434274673462e-01 3.323671221733093262e-02
-9.360013008117675781e-01 3.515706062316894531e-01 -1.731086522340774536e-02 4.065320268273353577e-02
2.230799198150634766e-02 1.083280742168426514e-01 9.938648939132690430e-01 -3.035708069801330566e-01
0.000000000000000000e+00 0.000000000000000000e+00 0.000000000000000000e+00 1.000000000000000000e+00
2.740409076213836670e-01 9.527810215950012207e-01 -1.308043152093887329e-01 4.243190959095954895e-02
-9.583046436309814453e-01 2.819797098636627197e-01 4.625375196337699890e-02 1.661798730492591858e-02
8.095385879278182983e-02 1.126749888062477112e-01 9.903286099433898926e-01 -3.031255602836608887e-01
0.000000000000000000e+00 0.000000000000000000e+00 0.000000000000000000e+00 1.000000000000000000e+00
1.908107101917266846e-01 9.678013324737548828e-01 -1.641703099012374878e-01 5.454310402274131775e-02
-9.722956418991088867e-01 2.093400955200195312e-01 1.040091663599014282e-01 -4.495206288993358612e-03
1.350276172161102295e-01 1.397760212421417236e-01 9.809333086013793945e-01 -3.011128306388854980e-01
0.000000000000000000e+00 0.000000000000000000e+00 0.000000000000000000e+00 1.000000000000000000e+00
1.139695346355438232e-01 9.804291725158691406e-01 -1.605293005704879761e-01 5.533001944422721863e-02
-9.710648059844970703e-01 1.440668702125549316e-01 1.904674470424652100e-01 -3.390258923172950745e-02
2.098667770624160767e-01 1.341768652200698853e-01 9.684794545173645020e-01 -2.986390590667724609e-01
0.000000000000000000e+00 0.000000000000000000e+00 0.000000000000000000e+00 1.000000000000000000e+00
1.866198778152465820e-01 9.713037014007568359e-01 -1.474522948265075684e-01 5.026334896683692932e-02
-9.543625116348266602e-01 2.148553729057312012e-01 2.074351310729980469e-01 -3.890737518668174744e-02
2.331634014844894409e-01 1.020114347338676453e-01 9.670721888542175293e-01 -2.962002456188201904e-01
0.000000000000000000e+00 0.000000000000000000e+00 0.000000000000000000e+00 1.000000000000000000e+00
2.718591988086700439e-01 9.501402974128723145e-01 -1.527278423309326172e-01 4.932126402854919434e-02
-9.379568696022033691e-01 2.971106767654418945e-01 1.787796914577484131e-01 -2.763293497264385223e-02
2.152428627014160156e-01 9.464924037456512451e-02 9.719629287719726562e-01 -2.951982617378234863e-01
0.000000000000000000e+00 0.000000000000000000e+00 0.000000000000000000e+00 1.000000000000000000e+00
3.234919905662536621e-01 9.339505434036254883e-01 -1.519506126642227173e-01 4.754547774791717529e-02
-9.345771074295043945e-01 3.404867053031921387e-01 1.031227558851242065e-01 -1.444224035367369652e-03
1.480487287044525146e-01 1.086502149701118469e-01 9.829937815666198730e-01 -2.950043082237243652e-01
0.000000000000000000e+00 0.000000000000000000e+00 0.000000000000000000e+00 1.000000000000000000e+00
3.639609515666961670e-01 9.120759963989257812e-01 -1.888111233711242676e-01 5.728296190500259399e-02
-9.280470013618469238e-01 3.723371922969818115e-01 9.676076471805572510e-03 3.117277100682258606e-02
7.912672311067581177e-02 1.717039197683334351e-01 9.819657206535339355e-01 -2.906419634819030762e-01
0.000000000000000000e+00 0.000000000000000000e+00 0.000000000000000000e+00 1.000000000000000000e+00
4.019553661346435547e-01 8.932933211326599121e-01 -2.011434286832809448e-01 5.909889563918113708e-02
-9.154345989227294922e-01 3.969057500362396240e-01 -6.667196005582809448e-02 5.704800039529800415e-02
2.027732133865356445e-02 2.109328359365463257e-01 9.772901535034179688e-01 -2.856628298759460449e-01
0.000000000000000000e+00 0.000000000000000000e+00 0.000000000000000000e+00 1.000000000000000000e+00
4.571140706539154053e-01 8.584067821502685547e-01 -2.327750176191329956e-01 6.524845212697982788e-02
-8.885177969932556152e-01 4.290332496166229248e-01 -1.626847684383392334e-01 8.611749857664108276e-02
-3.978154435753822327e-02 2.811903059482574463e-01 9.588270783424377441e-01 -2.748515605926513672e-01
0.000000000000000000e+00 0.000000000000000000e+00 0.000000000000000000e+00 1.000000000000000000e+00
5.325912833213806152e-01 8.191443681716918945e-01 -2.129530161619186401e-01 5.374320596456527710e-02
-8.420272469520568848e-01 4.873482286930084229e-01 -2.312613129615783691e-01 1.049594432115554810e-01
-8.565419912338256836e-02 3.024799823760986328e-01 9.492993354797363281e-01 -2.680646777153015137e-01
0.000000000000000000e+00 0.000000000000000000e+00 0.000000000000000000e+00 1.000000000000000000e+00
5.963625907897949219e-01 7.746144533157348633e-01 -2.105323225259780884e-01 4.834371060132980347e-02
-7.939807176589965820e-01 5.306389331817626953e-01 -2.966760396957397461e-01 1.208923012018203735e-01
-1.180929690599441528e-01 3.440850973129272461e-01 9.314823746681213379e-01 -2.594441175460815430e-01
0.000000000000000000e+00 0.000000000000000000e+00 0.000000000000000000e+00 1.000000000000000000e+00
