0.9950481653213501 0.09936550259590149 -0.002370179863646626 -0.05300312116742134 
-0.0109696164727211 0.1334882825613022 0.9909896850585938 -0.3065062165260315 
0.09878657758235931 -0.9860564470291138 0.1339171975851059 -0.01616863161325455 
0 0 0 1 

0.9962992072105408 0.08584406226873398 -0.004329354967921972 -0.05303188785910606 
-0.01689347624778748 0.2449533492326736 0.9693875908851624 -0.3007101118564606 
0.08427666872739792 -0.965726912021637 0.2454969882965088 -0.05211245268583298 
0 0 0 1 

0.998230516910553 0.02312199212610722 -0.05478367581963539 -0.03621950745582581 
0.04563789442181587 0.2926936447620392 0.9551165103912354 -0.3079797029495239 
0.03811902925372124 -0.9559266567230225 0.2911205291748047 -0.06435166299343109 
0 0 0 1 

0.9904541969299316 -0.04984496533870697 -0.1285143792629242 -0.006865859962999821 
0.1373424679040909 0.2775433957576752 0.9508452415466309 -0.3178165256977081 
-0.01172653492540121 -0.9594191312789917 0.2817398607730865 -0.05898907780647278 
0 0 0 1 

0.969773530960083 -0.07711568474769592 -0.231500580906868 0.02778951078653336 
0.2436445355415344 0.2543480396270752 0.9359190464019775 -0.3228966295719147 
-0.01329232007265091 -0.9640333652496338 0.2654488086700439 -0.05190364643931389 
0 0 0 1 

0.9729375243186951 -0.04026731848716736 -0.2275326699018478 0.02462308295071125 
0.2293020784854889 0.2897726595401764 0.9292212724685669 -0.3211371898651123 
0.02851547673344612 -0.9562479257583618 0.2911641001701355 -0.06368070095777512 
0 0 0 1 

0.9835374355316162 0.02851470746099949 -0.1784406304359436 0.005158002488315105 
0.1592875868082047 0.3294987678527832 0.9306222796440125 -0.3185992240905762 
0.08533237129449844 -0.9437251687049866 0.3195323050022125 -0.07846513390541077 
0 0 0 1 

0.9871132969856262 0.1168110817670822 -0.1093732118606567 -0.02057056128978729 
0.0588226243853569 0.3707639873027802 0.926862359046936 -0.3113231360912323 
0.1488194465637207 -0.9213517904281616 0.359114944934845 -0.09937475621700287 
0 0 0 1 

-0.9757758378982544 -0.1783084571361542 0.1267587691545486 -0.0003314259520266205 
0.1081747934222221 0.1103785932064056 0.9879851341247559 -0.3296359777450562 
-0.190157562494278 0.9777640700340271 -0.08841617405414581 0.02471636980772018 
0 0 0 1 

-0.9708962440490723 -0.2028838545084 0.127275139093399 -0.003073597559705377 
0.09205098450183868 0.1744925081729889 0.9803462624549866 -0.3251903057098389 
-0.2211050093173981 0.9635301232337952 -0.150738537311554 0.04576801508665085 
0 0 0 1 

