0.9950481653213501 0.09936550259590149 -0.002370179165154696 -0.05300312861800194 
-0.01096961926668882 0.133488267660141 0.9909896850585938 -0.3065061569213867 
0.09878657758235931 -0.9860564470291138 0.1339171677827835 -0.01616863906383514 
0 0 0 1 

0.9962992072105408 0.08584407716989517 -0.004329349379986525 -0.05303188413381577 
-0.01689347252249718 0.2449531406164169 0.9693877100944519 -0.300710141658783 
0.08427667617797852 -0.9657270312309265 0.2454967945814133 -0.0521124079823494 
0 0 0 1 

0.998230516910553 0.02312200143933296 -0.05478368327021599 -0.0362195111811161 
0.04563790559768677 0.2926933467388153 0.9551165699958801 -0.3079797327518463 
0.03811902925372124 -0.9559267163276672 0.2911202311515808 -0.0643516406416893 
0 0 0 1 

0.9904541969299316 -0.04984496533870697 -0.1285143792629242 -0.006865855772048235 
0.1373424679040909 0.2775433957576752 0.9508452415466309 -0.3178165853023529 
-0.01172653492540121 -0.9594191312789917 0.2817398607730865 -0.05898907408118248 
0 0 0 1 

0.969773530960083 -0.07711568474769592 -0.231500580906868 0.02778951823711395 
0.2436445355415344 0.2543480396270752 0.9359190464019775 -0.3228966891765594 
-0.01329232007265091 -0.9640333652496338 0.2654488086700439 -0.05190360173583031 
0 0 0 1 

0.9729375243186951 -0.04026731848716736 -0.2275326699018478 0.0246230848133564 
0.2293020784854889 0.2897726595401764 0.9292212724685669 -0.3211371600627899 
0.02851547673344612 -0.9562479257583618 0.2911641001701355 -0.06368066370487213 
0 0 0 1 

0.9835374355316162 0.02851470559835434 -0.1784406453371048 0.005158006213605404 
0.1592875868082047 0.3294987380504608 0.9306223392486572 -0.3185992240905762 
0.08533237129449844 -0.9437252283096313 0.3195322751998901 -0.07846511900424957 
0 0 0 1 

0.9871132969856262 0.1168110817670822 -0.1093732118606567 -0.02057055756449699 
0.0588226243853569 0.3707639873027802 0.926862359046936 -0.3113231360912323 
0.1488194465637207 -0.9213517904281616 0.359114944934845 -0.09937473386526108 
0 0 0 1 

-0.9757755398750305 -0.1783081740140915 0.1267584562301636 -0.0003314792702440172 
0.1081745177507401 0.1103787869215012 0.9879850149154663 -0.3296359777450562 
-0.1901572495698929 0.9777639508247375 -0.08841624110937119 0.02471630088984966 
0 0 0 1 

-0.9747840762138367 -0.1904240548610687 0.1163376718759537 0.001105734962038696 
0.0802713930606842 0.1872197091579437 0.9790327548980713 -0.3246468305587769 
-0.2082120925188065 0.9636842608451843 -0.1672130078077316 0.05193815380334854 
0 0 0 1 

