1 0 0 -0.04542167112231255 
0 1 0 0.0009935460984706879 
0 0 1 -0.2875000238418579 
0 0 0 1 

0.996554434299469 0.08114007115364075 0.01719214022159576 -0.04922811686992645 
-0.08081603050231934 0.9965522289276123 -0.01877269707620144 0.0102265877649188 
-0.01865608803927898 0.0173186082392931 0.9996759295463562 -0.2932729423046112 
0 0 0 1 

0.9856997132301331 0.1652263700962067 0.03310774639248848 -0.05215191096067429 
-0.1634619832038879 0.9852636456489563 -0.05035371333360672 0.02495489083230495 
-0.04093967750668526 0.04422173649072647 0.9981825351715088 -0.2925388216972351 
0 0 0 1 

0.1123861968517303 0.9814996719360352 -0.1550085097551346 0.05380286648869514 
-0.9716745615005493 0.1411904543638229 0.1895094066858292 -0.03352131322026253 
0.2078891545534134 0.1293195784091949 0.9695661664009094 -0.2989191114902496 
0 0 0 1 

0.1850527226924896 0.9715991020202637 -0.1474808603525162 0.05037758499383926 
-0.9548946022987366 0.213239312171936 0.206652358174324 -0.03853945434093475 
0.2322319597005844 0.1025871261954308 0.9672353267669678 -0.2962910830974579 
0 0 0 1 

0.2704331278800964 0.9515366554260254 -0.1464365869760513 0.04766376689076424 
-0.9387471079826355 0.2943706214427948 0.1791635453701019 -0.02770141884684563 
0.213587298989296 0.08901520818471909 0.9728600382804871 -0.2954714894294739 
0 0 0 1 

0.8872689604759216 0.4609214067459106 -0.01746917515993118 -0.02497926168143749 
-0.4596521854400635 0.8867084980010986 0.04967651516199112 0.0104815848171711 
0.03838704526424408 -0.03604667633771896 0.9986125826835632 -0.2685702741146088 
0 0 0 1 

0.8946290016174316 0.4466396272182465 -0.01232241000980139 -0.0258394367992878 
-0.4399517476558685 0.8853761553764343 0.1501710563898087 -0.02064034901559353 
0.07798235863447189 -0.1289261132478714 0.9885832071304321 -0.2676844596862793 
0 0 0 1 

0.8966478705406189 0.4425505399703979 -0.01309477258473635 -0.02532528154551983 
-0.4249135851860046 0.868469774723053 0.2553595900535583 -0.0536259263753891 
0.124381996691227 -0.2234034836292267 0.9667574763298035 -0.2631771862506866 
0 0 0 1 

0.8991973996162415 0.4370087683200836 -0.02160388417541981 -0.02332990057766438 
-0.4071328043937683 0.8537677526473999 0.3245353698730469 -0.07505292445421219 
0.1602695733308792 -0.2830256819725037 0.9456266760826111 -0.2581803202629089 
0 0 0 1 

