1 0 0 -0.04542167112231255 
0 1 0 0.0009935460984706879 
0 0 1 -0.2875000238418579 
0 0 0 1 

0.996554434299469 0.08114007115364075 0.01719214022159576 -0.04922858253121376 
-0.08081603050231934 0.9965522289276123 -0.01877269707620144 0.01022642105817795 
-0.01865608803927898 0.0173186082392931 0.9996759295463562 -0.2932730615139008 
0 0 0 1 

0.9856997728347778 0.1652262061834335 0.03310772404074669 -0.05215203762054443 
-0.1634618192911148 0.9852637052536011 -0.05035365372896194 0.02495493739843369 
-0.04093962162733078 0.04422169923782349 0.9981825351715088 -0.2925388813018799 
0 0 0 1 

0.1123861372470856 0.9814997315406799 -0.1550085246562958 0.05380288511514664 
-0.9716746211051941 0.1411904394626617 0.1895094364881516 -0.03352131694555283 
0.2078891843557358 0.1293196082115173 0.9695661664009094 -0.2989190816879272 
0 0 0 1 

0.1850525140762329 0.9715991020202637 -0.1474808603525162 0.05037758871912956 
-0.9548946619033813 0.2132391333580017 0.2066523730754852 -0.03853946551680565 
0.2322319746017456 0.1025871485471725 0.9672353267669678 -0.2962911128997803 
0 0 0 1 

0.2704330086708069 0.9515366554260254 -0.1464365869760513 0.04766377061605453 
-0.9387471675872803 0.2943705022335052 0.1791635751724243 -0.02770142629742622 
0.2135873287916183 0.08901522308588028 0.9728600978851318 -0.2954715192317963 
0 0 0 1 

0.8872690796852112 0.4609212279319763 -0.01746917702257633 -0.02497925609350204 
-0.4596520066261292 0.8867086172103882 0.04967648908495903 0.01048159319907427 
0.03838702291250229 -0.03604666516184807 0.9986125826835632 -0.2685702443122864 
0 0 0 1 

0.8946290612220764 0.4466394484043121 -0.01232241187244654 -0.02583944052457809 
-0.4399515688419342 0.8853762149810791 0.1501710116863251 -0.02064036205410957 
0.07798232138156891 -0.1289260685443878 0.9885832071304321 -0.2676844596862793 
0 0 0 1 

0.8966479301452637 0.4425505101680756 -0.01309477631002665 -0.02532519772648811 
-0.4249135553836823 0.8684698343276978 0.2553595900535583 -0.05362598598003387 
0.1243819892406464 -0.2234034836292267 0.9667574763298035 -0.263177216053009 
0 0 0 1 

0.8963794112205505 0.4428202211856842 -0.02035097405314445 -0.02326695993542671 
-0.4132009446620941 0.8512847423553467 0.3233870267868042 -0.07521093636751175 
0.160526841878891 -0.281468391418457 0.9460479021072388 -0.2581469118595123 
0 0 0 1 

