-0.9999566674232483 -0.008611114695668221 -0.00355974119156599 0.05064024403691292 
-0.008495221845805645 0.9994713664054871 -0.03138140588998795 0.01919282786548138 
0.003828088287264109 -0.03134980052709579 -0.9995012283325195 0.3131368160247803 
0 0 0 1 

-0.817575216293335 -0.3929122090339661 -0.4209399819374084 0.1814428120851517 
-0.5694473385810852 0.6601679921150208 0.4898038506507874 -0.1328708529472351 
0.08544111251831055 0.6401547193527222 -0.7634797692298889 0.2388463467359543 
0 0 0 1 

-0.879480242729187 -0.391810268163681 -0.2701836824417114 0.1325168013572693 
-0.4692567884922028 0.6190964579582214 0.6296964883804321 -0.184913843870163 
-0.07945180684328079 0.6805911660194397 -0.7283427119255066 0.2331653833389282 
0 0 0 1 

-0.910687267780304 -0.3694691956043243 -0.1847723722457886 0.1020682081580162 
-0.3882104456424713 0.6125426888465881 0.68853759765625 -0.207218661904335 
-0.1412124931812286 0.6987730860710144 -0.7012665867805481 0.2270054221153259 
0 0 0 1 

-0.9438529014587402 -0.3075584173202515 -0.1206220760941505 0.08093340694904327 
-0.3016555905342102 0.653452455997467 0.6942649483680725 -0.2112892717123032 
-0.1347062289714813 0.6916702389717102 -0.7095397710800171 0.232011467218399 
0 0 0 1 

-0.9733111262321472 -0.229063481092453 -0.01397641468793154 0.04903196170926094 
-0.155107393860817 0.6117349863052368 0.7757074236869812 -0.2428340464830399 
-0.1691363751888275 0.7571725249290466 -0.6309378743171692 0.2137492001056671 
0 0 0 1 

-0.9760881662368774 -0.2144327610731125 0.03563817217946053 0.03539259359240532 
-0.08596961945295334 0.5313931107521057 0.8427517414093018 -0.2698783874511719 
-0.1996514648199081 0.8195363283157349 -0.5371211171150208 0.1865353584289551 
0 0 0 1 

-0.9835174679756165 -0.1672185510396957 0.0687834843993187 0.02490449883043766 
-0.005226138513535261 0.406544029712677 0.9136161804199219 -0.2990264892578125 
-0.1807371079921722 0.8981980681419373 -0.4007170796394348 0.1408277302980423 
0 0 0 1 

-0.9003555774688721 -0.4145849645137787 0.1322088241577148 -0.004674755968153477 
-0.05279652774333954 0.40565025806427 0.9125022292137146 -0.2877385914325714 
-0.4319402873516083 0.8145962953567505 -0.3871180415153503 0.1448797136545181 
0 0 0 1 

-0.8862239122390747 -0.4503843784332275 0.1084467619657516 0.00228267814964056 
-0.1292493492364883 0.465188056230545 0.8757252097129822 -0.2683652639389038 
-0.444861114025116 0.7620720863342285 -0.4704726040363312 0.1739080995321274 
0 0 0 1 

