1.000000000000000000e+00 0.000000000000000000e+00 0.000000000000000000e+00 -4.542167112231254578e-02
0.000000000000000000e+00 1.000000000000000000e+00 0.000000000000000000e+00 9.935460984706878662e-04
0.000000000000000000e+00 0.000000000000000000e+00 1.000000000000000000e+00 -2.875000238418579102e-01
0.000000000000000000e+00 0.000000000000000000e+00 0.000000000000000000e+00 1.000000000000000000e+00
9.964527487754821777e-01 8.032515645027160645e-02 2.511100284755229950e-02 -5.122088268399238586e-02
-7.996554672718048096e-02 9.966844916343688965e-01 -1.501142047345638275e-02 9.300407022237777710e-03
-2.623352967202663422e-02 1.295015774667263031e-02 9.995719194412231445e-01 -2.929736077785491943e-01
0.000000000000000000e+00 0.000000000000000000e+00 0.000000000000000000e+00 1.000000000000000000e+00
9.853549003601074219e-01 1.630012392997741699e-01 5.006361007690429688e-02 -5.693840608000755310e-02
-1.604293137788772583e-01 9.856913089752197266e-01 -5.171607807278633118e-02 2.551782689988613129e-02
-5.777710676193237305e-02 4.292699322104454041e-02 9.974060058593750000e-01 -2.915602326393127441e-01
0.000000000000000000e+00 0.000000000000000000e+00 0.000000000000000000e+00 1.000000000000000000e+00
9.652385711669921875e-01 2.546499371528625488e-01 5.888934433460235596e-02 -5.722682550549507141e-02
-2.501535415649414062e-01 9.653578400611877441e-01 -7.421492785215377808e-02 3.736735880374908447e-02
-7.574811577796936035e-02 5.690371990203857422e-02 9.955016970634460449e-01 -2.908877432346343994e-01
0.000000000000000000e+00 0.000000000000000000e+00 0.000000000000000000e+00 1.000000000000000000e+00
9.357230067253112793e-01 3.470171689987182617e-01 6.325382739305496216e-02 -5.588266626000404358e-02
-3.380652368068695068e-01 9.334476590156555176e-01 -1.199447661638259888e-01 5.638271570205688477e-02
-1.006671190261840820e-01 9.085109829902648926e-02 9.907631278038024902e-01 -2.887553572654724121e-01
0.000000000000000000e+00 0.000000000000000000e+00 0.000000000000000000e+00 1.000000000000000000e+00
8.892779946327209473e-01 4.551158547401428223e-01 4.532046616077423096e-02 -4.711684584617614746e-02
-4.459291100502014160e-01 8.847936987876892090e-01 -1.352297067642211914e-01 6.540254503488540649e-02
-1.016445383429527283e-01 1.000470519065856934e-01 9.897772073745727539e-01 -2.894673943519592285e-01
0.000000000000000000e+00 0.000000000000000000e+00 0.000000000000000000e+00 1.000000000000000000e+00
8.418414592742919922e-01 5.390104055404663086e-01 2.774403430521488190e-02 -3.877605125308036804e-02
-5.280564427375793457e-01 8.331847190856933594e-01 -1.641918122768402100e-01 7.835448533296585083e-02
-1.116171255707740784e-01 1.235731169581413269e-01 9.860386252403259277e-01 -2.883849442005157471e-01
0.000000000000000000e+00 0.000000000000000000e+00 0.000000000000000000e+00 1.000000000000000000e+00
7.906964421272277832e-01 6.118731498718261719e-01 2.026294916868209839e-02 -3.332649171352386475e-02
-6.009260416030883789e-01 7.820239067077636719e-01 -1.653055101633071899e-01 8.208774030208587646e-02
-1.169921308755874634e-01 1.185298115015029907e-01 9.860340356826782227e-01 -2.891578674316406250e-01
0.000000000000000000e+00 0.000000000000000000e+00 0.000000000000000000e+00 1.000000000000000000e+00
7.172277569770812988e-01 6.966602206230163574e-01 -1.576854474842548370e-02 -1.686947792768478394e-02
-6.893582344055175781e-01 7.060399651527404785e-01 -1.621513813734054565e-01 8.412699401378631592e-02
-1.018312200903892517e-01 1.271696388721466064e-01 9.866395592689514160e-01 -2.905375957489013672e-01
0.000000000000000000e+00 0.000000000000000000e+00 0.000000000000000000e+00 1.000000000000000000e+00
6.448500752449035645e-01 7.642133235931396484e-01 -1.208237558603286743e-02 -1.295847725123167038e-02
-7.581208348274230957e-01 6.375417709350585938e-01 -1.370860338211059570e-01 7.871278375387191772e-02
-9.705999493598937988e-02 9.755983203649520874e-02 9.904856681823730469e-01 -2.933886945247650146e-01
0.000000000000000000e+00 0.000000000000000000e+00 0.000000000000000000e+00 1.000000000000000000e+00
5.484547615051269531e-01 8.355480432510375977e-01 -3.251132369041442871e-02 -8.171872468665242195e-04
-8.340823650360107422e-01 5.439125299453735352e-01 -9.201091527938842773e-02 6.657258421182632446e-02
-5.919621884822845459e-02 7.758086919784545898e-02 9.952267408370971680e-01 -2.987988293170928955e-01
0.000000000000000000e+00 0.000000000000000000e+00 0.000000000000000000e+00 1.000000000000000000e+00
4.580974578857421875e-01 8.860278129577636719e-01 -7.142247259616851807e-02 1.785413362085819244e-02
-8.887624144554138184e-01 4.551218450069427490e-01 -5.445167049765586853e-02 5.542272329330444336e-02
-1.573976315557956696e-02 8.842179179191589355e-02 9.959590435028076172e-01 -3.027441799640655518e-01
0.000000000000000000e+00 0.000000000000000000e+00 0.000000000000000000e+00 1.000000000000000000e+00
3.528816103935241699e-01 9.321517944335937500e-01 -8.104538172483444214e-02 2.503538131713867188e-02
-9.355461001396179199e-01 3.529057502746582031e-01 -1.450254954397678375e-02 4.044215008616447449e-02
1.508279237896203995e-02 8.093937486410140991e-02 9.966049194335937500e-01 -3.047439455986022949e-01
0.000000000000000000e+00 0.000000000000000000e+00 0.000000000000000000e+00 1.000000000000000000e+00
2.656882405281066895e-01 9.587036967277526855e-01 -1.014719307422637939e-01 3.431741520762443542e-02
-9.612512588500976562e-01 2.714703977108001709e-01 4.795843735337257385e-02 1.661695726215839386e-02
7.352455705404281616e-02 8.479803055524826050e-02 9.936819076538085938e-01 -3.042353093624114990e-01
0.000000000000000000e+00 0.000000000000000000e+00 0.000000000000000000e+00 1.000000000000000000e+00
1.954505592584609985e-01 9.723778367042541504e-01 -1.275966912508010864e-01 4.426111653447151184e-02
-9.725649356842041016e-01 2.089160233736038208e-01 1.023296564817428589e-01 -3.804019419476389885e-03
1.261599808931350708e-01 1.040956005454063416e-01 9.865328669548034668e-01 -3.030140995979309082e-01
0.000000000000000000e+00 0.000000000000000000e+00 0.000000000000000000e+00 1.000000000000000000e+00
1.140890717506408691e-01 9.847700595855712891e-01 -1.311903744935989380e-01 4.720914736390113831e-02
-9.714558720588684082e-01 1.382290422916412354e-01 1.927839666604995728e-01 -3.464152663946151733e-02
2.079822719097137451e-01 1.054511070251464844e-01 9.724316596984863281e-01 -3.000856339931488037e-01
0.000000000000000000e+00 0.000000000000000000e+00 0.000000000000000000e+00 1.000000000000000000e+00
1.911568045616149902e-01 9.748437404632568359e-01 -1.146264299750328064e-01 4.088421911001205444e-02
-9.549636840820312500e-01 2.117051333189010620e-01 2.079067528247833252e-01 -3.856401145458221436e-02
2.269435077905654907e-01 6.972134113311767578e-02 9.714086651802062988e-01 -2.977504730224609375e-01
0.000000000000000000e+00 0.000000000000000000e+00 0.000000000000000000e+00 1.000000000000000000e+00
2.710038423538208008e-01 9.543978571891784668e-01 -1.252269148826599121e-01 4.184482991695404053e-02
-9.400554895401000977e-01 2.903912663459777832e-01 1.787970513105392456e-01 -2.743036672472953796e-02
2.070083469152450562e-01 6.926560401916503906e-02 9.758841991424560547e-01 -2.964241504669189453e-01
0.000000000000000000e+00 0.000000000000000000e+00 0.000000000000000000e+00 1.000000000000000000e+00
3.316160142421722412e-01 9.362688064575195312e-01 -1.158932000398635864e-01 3.719870746135711670e-02
-9.331800937652587891e-01 3.435795009136199951e-01 1.054870411753654480e-01 -1.545569626614451408e-03
1.385827958583831787e-01 7.316809147596359253e-02 9.876442551612854004e-01 -2.966689169406890869e-01
0.000000000000000000e+00 0.000000000000000000e+00 0.000000000000000000e+00 1.000000000000000000e+00
3.619561195373535156e-01 9.192959666252136230e-01 -1.545393615961074829e-01 4.783617705106735229e-02
-9.294643998146057129e-01 3.685820400714874268e-01 1.559880468994379044e-02 3.010730445384979248e-02
7.130034267902374268e-02 1.379927694797515869e-01 9.878637790679931641e-01 -2.927304208278656006e-01
0.000000000000000000e+00 0.000000000000000000e+00 0.000000000000000000e+00 1.000000000000000000e+00
3.973448872566223145e-01 9.015383124351501465e-01 -1.713050901889801025e-01 5.122407153248786926e-02
-9.176183342933654785e-01 3.923028707504272461e-01 -6.383206695318222046e-02 5.720381066203117371e-02
9.656440466642379761e-03 1.825560629367828369e-01 9.831477999687194824e-01 -2.875642478466033936e-01
0.000000000000000000e+00 0.000000000000000000e+00 0.000000000000000000e+00 1.000000000000000000e+00
4.556557834148406982e-01 8.669288158416748047e-01 -2.020201385021209717e-01 5.729302018880844116e-02
-8.888002038002014160e-01 4.305678308010101318e-01 -1.569899320602416992e-01 8.539246767759323120e-02
-4.911576583981513977e-02 2.510887980461120605e-01 9.667169451713562012e-01 -2.772408127784729004e-01
0.000000000000000000e+00 0.000000000000000000e+00 0.000000000000000000e+00 1.000000000000000000e+00
5.316861867904663086e-01 8.269085884094238281e-01 -1.831177175045013428e-01 4.581466689705848694e-02
-8.411424160003662109e-01 4.902977347373962402e-01 -2.282271087169647217e-01 1.051318719983100891e-01
-9.894084930419921875e-02 2.753733992576599121e-01 9.562324285507202148e-01 -2.701085507869720459e-01
0.000000000000000000e+00 0.000000000000000000e+00 0.000000000000000000e+00 1.000000000000000000e+00
5.876837372779846191e-01 7.895420789718627930e-01 -1.767807751893997192e-01 3.966389596462249756e-02
-7.973782420158386230e-01 5.281402468681335449e-01 -2.919854819774627686e-01 1.209085732698440552e-01
-1.371700465679168701e-01 3.125562667846679688e-01 9.399427175521850586e-01 -2.615512907505035400e-01
0.000000000000000000e+00 0.000000000000000000e+00 0.000000000000000000e+00 1.000000000000000000e+00
6.655829548835754395e-01 7.295846343040466309e-01 -1.571789532899856567e-01 2.782315574586391449e-02
-7.242445349693298340e-01 5.805580019950866699e-01 -3.720504641532897949e-01 1.378776431083679199e-01
-1.801909804344177246e-01 3.614666461944580078e-01 9.148075580596923828e-01 -2.497134059667587280e-01
0.000000000000000000e+00 0.000000000000000000e+00 0.000000000000000000e+00 1.000000000000000000e+00
7.303057909011840820e-01 6.686741113662719727e-01 -1.397448629140853882e-01 1.942556723952293396e-02
-6.508380770683288574e-01 6.189358830451965332e-01 -4.396910369396209717e-01 1.507353931665420532e-01
-2.075169831514358521e-01 4.120599627494812012e-01 8.872109651565551758e-01 -2.364742010831832886e-01
0.000000000000000000e+00 0.000000000000000000e+00 0.000000000000000000e+00 1.000000000000000000e+00
7.511509656906127930e-01 6.485466957092285156e-01 -1.231221631169319153e-01 1.254543941468000412e-02
-6.025527715682983398e-01 5.974218249320983887e-01 -5.291655659675598145e-01 1.713302582502365112e-01
-2.696328759193420410e-01 4.716708362102508545e-01 8.395380973815917969e-01 -2.148693650960922241e-01
0.000000000000000000e+00 0.000000000000000000e+00 0.000000000000000000e+00 1.000000000000000000e+00
7.811666727066040039e-01 6.110166907310485840e-01 -1.282081007957458496e-01 1.131936069577932358e-02
-5.405111312866210938e-01 5.591125488281250000e-01 -6.286817193031311035e-01 1.968187540769577026e-01
-3.124523460865020752e-01 5.604032874107360840e-01 7.670216560363769531e-01 -1.876817941665649414e-01
0.000000000000000000e+00 0.000000000000000000e+00 0.000000000000000000e+00 1.000000000000000000e+00
8.034836053848266602e-01 5.811954736709594727e-01 -1.289426684379577637e-01 9.624665603041648865e-03
-4.868471324443817139e-01 5.168218016624450684e-01 -7.041841745376586914e-01 2.168637514114379883e-01
-3.426279127597808838e-01 6.285757422447204590e-01 6.982114315032958984e-01 -1.633943170309066772e-01
0.000000000000000000e+00 0.000000000000000000e+00 0.000000000000000000e+00 1.000000000000000000e+00
8.309215903282165527e-01 5.426447987556457520e-01 -1.229032054543495178e-01 5.158128682523965836e-03
-4.177560806274414062e-01 4.625750482082366943e-01 -7.819872498512268066e-01 2.370833009481430054e-01
-3.674893975257873535e-01 7.011137604713439941e-01 6.110572218894958496e-01 -1.385091692209243774e-01
0.000000000000000000e+00 0.000000000000000000e+00 0.000000000000000000e+00 1.000000000000000000e+00
8.607030510902404785e-01 5.023593902587890625e-01 -8.261463791131973267e-02 -8.338983170688152313e-03
-3.332740664482116699e-01 4.332981407642364502e-01 -8.373653292655944824e-01 2.501970529556274414e-01
-3.848616480827331543e-01 7.482562065124511719e-01 5.403643250465393066e-01 -1.196022629737854004e-01
0.000000000000000000e+00 0.000000000000000000e+00 0.000000000000000000e+00 1.000000000000000000e+00
8.767815828323364258e-01 4.778650701045989990e-01 -5.384279415011405945e-02 -1.657786965370178223e-02
-2.346154898405075073e-01 3.273376822471618652e-01 -9.153170585632324219e-01 2.651042342185974121e-01
-4.197733998298645020e-01 8.151654601097106934e-01 3.991181552410125732e-01 -8.109915256500244141e-02
0.000000000000000000e+00 0.000000000000000000e+00 0.000000000000000000e+00 1.000000000000000000e+00
8.633957505226135254e-01 5.040174126625061035e-01 -2.267769351601600647e-02 -3.001255355775356293e-02
-1.083074659109115601e-01 1.412584036588668823e-01 -9.840303659439086914e-01 2.828058004379272461e-01
-4.927650094032287598e-01 8.520637750625610352e-01 1.765507012605667114e-01 -1.712045446038246155e-02
0.000000000000000000e+00 0.000000000000000000e+00 0.000000000000000000e+00 1.000000000000000000e+00
8.553592562675476074e-01 5.171291232109069824e-01 -3.062235191464424133e-02 -2.533881552517414093e-02
-1.030084416270256042e-01 1.118540912866592407e-01 -9.883710741996765137e-01 2.827922105789184570e-01
-5.076903700828552246e-01 8.485668301582336426e-01 1.489440798759460449e-01 -1.613774336874485016e-02
0.000000000000000000e+00 0.000000000000000000e+00 0.000000000000000000e+00 1.000000000000000000e+00
8.189818263053894043e-01 5.734098553657531738e-01 -2.168948762118816376e-02 -2.384819090366363525e-02
-1.115003675222396851e-01 1.219467446208000183e-01 -9.862536787986755371e-01 2.826493084430694580e-01
-5.628823637962341309e-01 8.101419806480407715e-01 1.638075411319732666e-01 -1.946630701422691345e-02
0.000000000000000000e+00 0.000000000000000000e+00 0.000000000000000000e+00 1.000000000000000000e+00
7.824854254722595215e-01 6.213445663452148438e-01 -4.058476909995079041e-02 -1.684540137648582458e-02
-2.490472942590713501e-01 2.525652050971984863e-01 -9.349792599678039551e-01 2.739682495594024658e-01
-5.706939697265625000e-01 7.417153716087341309e-01 3.523728251457214355e-01 -6.207819283008575439e-02
0.000000000000000000e+00 0.000000000000000000e+00 0.000000000000000000e+00 1.000000000000000000e+00
8.157139420509338379e-01 5.738829374313354492e-01 -7.258877903223037720e-02 -9.631022810935974121e-03
-3.033344745635986328e-01 3.175185620784759521e-01 -8.984261751174926758e-01 2.660782337188720703e-01
-4.925433099269866943e-01 7.548776268959045410e-01 4.330829977989196777e-01 -8.631111681461334229e-02
0.000000000000000000e+00 0.000000000000000000e+00 0.000000000000000000e+00 1.000000000000000000e+00
8.026289343833923340e-01 5.888153910636901855e-01 -9.530489891767501831e-02 -3.408747259527444839e-03
-3.710115849971771240e-01 3.677147030830383301e-01 -8.527231216430664062e-01 2.565563321113586426e-01
-4.670512974262237549e-01 7.197794318199157715e-01 5.135959386825561523e-01 -1.094255074858665466e-01
0.000000000000000000e+00 0.000000000000000000e+00 0.000000000000000000e+00 1.000000000000000000e+00
8.275407552719116211e-01 5.573880076408386230e-01 -6.703916192054748535e-02 -1.693766750395298004e-02
-4.529072344303131104e-01 5.922706127166748047e-01 -6.664012670516967773e-01 2.165886908769607544e-01
-3.317387700080871582e-01 5.818370580673217773e-01 7.425735592842102051e-01 -1.800235062837600708e-01
0.000000000000000000e+00 0.000000000000000000e+00 0.000000000000000000e+00 1.000000000000000000e+00
8.260793089866638184e-01 5.621110200881958008e-01 -4.030188173055648804e-02 -2.588984556496143341e-02
-4.696478545665740967e-01 6.471387743949890137e-01 -6.005345582962036133e-01 1.974697113037109375e-01
-3.114862143993377686e-01 5.150166153907775879e-01 7.985824942588806152e-01 -1.974119544029235840e-01
0.000000000000000000e+00 0.000000000000000000e+00 0.000000000000000000e+00 1.000000000000000000e+00
8.516908288002014160e-01 5.223700404167175293e-01 -4.186242818832397461e-02 -2.574454061686992645e-02
-4.621323347091674805e-01 7.110028862953186035e-01 -5.300083756446838379e-01 1.758926063776016235e-01
-2.470960468053817749e-01 4.707489907741546631e-01 8.469585180282592773e-01 -2.137193530797958374e-01
0.000000000000000000e+00 0.000000000000000000e+00 0.000000000000000000e+00 1.000000000000000000e+00
8.692060112953186035e-01 4.943943023681640625e-01 -7.428839337080717087e-03 -3.438290581107139587e-02
-4.576653838157653809e-01 7.987638115882873535e-01 -3.905362486839294434e-01 1.355038136243820190e-01
-1.871451884508132935e-01 3.428563475608825684e-01 9.205576777458190918e-01 -2.364264875650405884e-01
0.000000000000000000e+00 0.000000000000000000e+00 0.000000000000000000e+00 1.000000000000000000e+00
8.752181529998779297e-01 4.836459755897521973e-01 -8.937150239944458008e-03 -3.236725926399230957e-02
-4.699644446372985840e-01 8.457933068275451660e-01 -2.525203526020050049e-01 9.739266335964202881e-02
-1.145715713500976562e-01 2.252106219530105591e-01 9.675503373146057129e-01 -2.525624930858612061e-01
0.000000000000000000e+00 0.000000000000000000e+00 0.000000000000000000e+00 1.000000000000000000e+00
8.791970610618591309e-01 4.763165116310119629e-01 -1.161016430705785751e-02 -2.791114337742328644e-02
-4.762778878211975098e-01 8.779333233833312988e-01 -4.891454800963401794e-02 3.966762498021125793e-02
-1.310587022453546524e-02 4.853520169854164124e-02 9.987355470657348633e-01 -2.657311558723449707e-01
0.000000000000000000e+00 0.000000000000000000e+00 0.000000000000000000e+00 1.000000000000000000e+00
8.874672651290893555e-01 4.608623683452606201e-01 -2.804639516398310661e-03 -2.869598567485809326e-02
-4.601715803146362305e-01 8.864395022392272949e-01 4.966731742024421692e-02 1.060071215033531189e-02
2.537595108151435852e-02 -4.278749227523803711e-02 9.987623095512390137e-01 -2.681533098220825195e-01
0.000000000000000000e+00 0.000000000000000000e+00 0.000000000000000000e+00 1.000000000000000000e+00
8.956086039543151855e-01 4.448294937610626221e-01 3.441343549638986588e-03 -2.987982705235481262e-02
-4.401805102825164795e-01 8.850781917572021484e-01 1.512511819601058960e-01 -2.093019522726535797e-02
6.423515081405639648e-02 -1.369766294956207275e-01 9.884892702102661133e-01 -2.672535479068756104e-01
0.000000000000000000e+00 0.000000000000000000e+00 0.000000000000000000e+00 1.000000000000000000e+00
8.967037200927734375e-01 4.426053464412689209e-01 -4.785232711583375931e-03 -2.744328975677490234e-02
-4.264688193798065186e-01 8.668051958084106445e-01 2.584059834480285645e-01 -5.450926721096038818e-02
1.185197755694389343e-01 -2.296728044748306274e-01 9.660246372222900391e-01 -2.627338171005249023e-01
0.000000000000000000e+00 0.000000000000000000e+00 0.000000000000000000e+00 1.000000000000000000e+00
9.016330838203430176e-01 4.324555993080139160e-01 -6.237549707293510437e-03 -2.674310840666294098e-02
-3.993102014064788818e-01 8.378956913948059082e-01 3.721316158771514893e-01 -9.215831011533737183e-02
1.661569178104400635e-01 -3.330354094505310059e-01 9.281589388847351074e-01 -2.530142366886138916e-01
0.000000000000000000e+00 0.000000000000000000e+00 0.000000000000000000e+00 1.000000000000000000e+00
9.060883522033691406e-01 4.230825006961822510e-01 -2.029335359111428261e-03 -2.928703278303146362e-02
-3.756249547004699707e-01 8.066408634185791016e-01 4.563297927379608154e-01 -1.201679781079292297e-01
1.947023123502731323e-01 -4.127128720283508301e-01 8.898081779479980469e-01 -2.434566169977188110e-01
0.000000000000000000e+00 0.000000000000000000e+00 0.000000000000000000e+00 1.000000000000000000e+00
9.167498350143432617e-01 3.994514644145965576e-01 -3.023168770596385002e-03 -3.168672695755958557e-02
-3.321844339370727539e-01 7.665300369262695312e-01 5.496228337287902832e-01 -1.513000428676605225e-01
2.218649685382843018e-01 -5.028617978096008301e-01 8.354075551033020020e-01 -2.301957309246063232e-01
0.000000000000000000e+00 0.000000000000000000e+00 0.000000000000000000e+00 1.000000000000000000e+00
9.136285781860351562e-01 4.055214524269104004e-01 2.888666465878486633e-02 -4.226639121770858765e-02
-3.319753110408782959e-01 7.031397223472595215e-01 6.287979483604431152e-01 -1.753851324319839478e-01
2.346799373626708984e-01 -5.840774774551391602e-01 7.770317792892456055e-01 -2.156473696231842041e-01
0.000000000000000000e+00 0.000000000000000000e+00 0.000000000000000000e+00 1.000000000000000000e+00
9.194972515106201172e-01 3.909579217433929443e-01 4.095669835805892944e-02 -4.779780656099319458e-02
-2.968140542507171631e-01 6.221889257431030273e-01 7.244185209274291992e-01 -2.055708914995193481e-01
2.577346265316009521e-01 -6.782573461532592773e-01 6.881424784660339355e-01 -1.913208812475204468e-01
0.000000000000000000e+00 0.000000000000000000e+00 0.000000000000000000e+00 1.000000000000000000e+00
9.307037591934204102e-01 3.609135448932647705e-01 5.943012610077857971e-02 -5.511024221777915955e-02
-2.632410228252410889e-01 5.481022000312805176e-01 7.939066886901855469e-01 -2.285495996475219727e-01
2.539578080177307129e-01 -7.545363903045654297e-01 6.051279306411743164e-01 -1.659417748451232910e-01
0.000000000000000000e+00 0.000000000000000000e+00 0.000000000000000000e+00 1.000000000000000000e+00
9.401032924652099609e-01 3.366639912128448486e-01 5.350857228040695190e-02 -5.515083298087120056e-02
-2.202290147542953491e-01 4.800035953521728516e-01 8.491734266281127930e-01 -2.478892952203750610e-01
2.602019011974334717e-01 -8.100948929786682129e-01 5.253962278366088867e-01 -1.431600898504257202e-01
0.000000000000000000e+00 0.000000000000000000e+00 0.000000000000000000e+00 1.000000000000000000e+00
9.506019949913024902e-01 3.052838146686553955e-01 5.619367584586143494e-02 -5.870261043310165405e-02
-1.843642294406890869e-01 4.096250534057617188e-01 8.934299349784851074e-01 -2.626180350780487061e-01
2.497313767671585083e-01 -8.596562743186950684e-01 4.456738233566284180e-01 -1.207034662365913391e-01
0.000000000000000000e+00 0.000000000000000000e+00 0.000000000000000000e+00 1.000000000000000000e+00
9.616826176643371582e-01 2.690855562686920166e-01 5.253126844763755798e-02 -6.081486493349075317e-02
-1.461986899375915527e-01 3.412270843982696533e-01 9.285417795181274414e-01 -2.759819328784942627e-01
2.319321334362030029e-01 -9.006424546241760254e-01 3.674921393394470215e-01 -9.669747948646545410e-02
0.000000000000000000e+00 0.000000000000000000e+00 0.000000000000000000e+00 1.000000000000000000e+00
9.669768810272216797e-01 2.450515478849411011e-01 7.004017382860183716e-02 -6.852256506681442261e-02
-1.354569792747497559e-01 2.613618969917297363e-01 9.556889533996582031e-01 -2.886649072170257568e-01
2.158871889114379883e-01 -9.336164593696594238e-01 2.859248220920562744e-01 -6.774377077817916870e-02
0.000000000000000000e+00 0.000000000000000000e+00 0.000000000000000000e+00 1.000000000000000000e+00
9.797389507293701172e-01 1.931846439838409424e-01 5.283167958259582520e-02 -6.667710840702056885e-02
-8.325906842947006226e-02 1.529508531093597412e-01 9.847201704978942871e-01 -3.021707534790039062e-01
1.821521967649459839e-01 -9.691674113273620605e-01 1.659362465143203735e-01 -2.622240409255027771e-02
0.000000000000000000e+00 0.000000000000000000e+00 0.000000000000000000e+00 1.000000000000000000e+00
9.956868290901184082e-01 9.242310374975204468e-02 8.107166737318038940e-03 -5.565859377384185791e-02
-1.999887637794017792e-02 1.284774243831634521e-01 9.915108084678649902e-01 -3.059879541397094727e-01
9.059691429138183594e-02 -9.873963594436645508e-01 1.297715455293655396e-01 -1.447170972824096680e-02
0.000000000000000000e+00 0.000000000000000000e+00 0.000000000000000000e+00 1.000000000000000000e+00
9.974873065948486328e-01 7.068661600351333618e-02 -4.742254503071308136e-03 -5.288473144173622131e-02
-1.285122148692607880e-02 2.463637292385101318e-01 9.690921902656555176e-01 -3.008821606636047363e-01
6.967017054557800293e-02 -9.665962457656860352e-01 2.466530799865722656e-01 -5.151903256773948669e-02
0.000000000000000000e+00 0.000000000000000000e+00 0.000000000000000000e+00 1.000000000000000000e+00
9.984395503997802734e-01 2.148383855819702148e-02 -5.154550075531005859e-02 -3.684113174676895142e-02
4.300478473305702209e-02 2.930260896682739258e-01 9.551367759704589844e-01 -3.077595233917236328e-01
3.562417998909950256e-02 -9.558628797531127930e-01 2.916449308395385742e-01 -6.438501924276351929e-02
0.000000000000000000e+00 0.000000000000000000e+00 0.000000000000000000e+00 1.000000000000000000e+00
9.893239736557006836e-01 -5.654821917414665222e-02 -1.343145668506622314e-01 -4.972295835614204407e-03
1.448448896408081055e-01 2.799490690231323242e-01 9.490250349044799805e-01 -3.177306354045867920e-01
-1.606443710625171661e-02 -9.583479166030883789e-01 2.851510345935821533e-01 -5.979931354522705078e-02
0.000000000000000000e+00 0.000000000000000000e+00 0.000000000000000000e+00 1.000000000000000000e+00
9.693753719329833984e-01 -8.176041394472122192e-02 -2.315741032361984253e-01 2.806602790951728821e-02
2.449530363082885742e-01 2.543673515319824219e-01 9.355722069740295410e-01 -3.228617608547210693e-01
-1.758788712322711945e-02 -9.636454582214355469e-01 2.666049003601074219e-01 -5.214610323309898376e-02
0.000000000000000000e+00 0.000000000000000000e+00 0.000000000000000000e+00 1.000000000000000000e+00
9.753457903861999512e-01 -3.344845026731491089e-02 -2.181323021650314331e-01 2.170936018228530884e-02
2.182517498731613159e-01 2.924896776676177979e-01 9.310293793678283691e-01 -3.211335539817810059e-01
3.265993297100067139e-02 -9.556834101676940918e-01 2.925788164138793945e-01 -6.416145712137222290e-02
0.000000000000000000e+00 0.000000000000000000e+00 0.000000000000000000e+00 1.000000000000000000e+00
9.834108352661132812e-01 2.443011663854122162e-02 -1.797395199537277222e-01 5.440306849777698517e-03
1.616198420524597168e-01 3.318635523319244385e-01 9.293791055679321289e-01 -3.181467950344085693e-01
8.235381543636322021e-02 -9.430109262466430664e-01 3.224098086357116699e-01 -7.954876869916915894e-02
0.000000000000000000e+00 0.000000000000000000e+00 0.000000000000000000e+00 1.000000000000000000e+00
9.878455996513366699e-01 1.091649085283279419e-01 -1.106528416275978088e-01 -2.052708528935909271e-02
6.322406977415084839e-02 3.681401908397674561e-01 9.276181459426879883e-01 -3.122386336326599121e-01
1.419991105794906616e-01 -9.233394265174865723e-01 3.567637801170349121e-01 -9.807060658931732178e-02
0.000000000000000000e+00 0.000000000000000000e+00 0.000000000000000000e+00 1.000000000000000000e+00
9.803592562675476074e-01 1.963407397270202637e-01 -1.860088855028152466e-02 -5.333187431097030640e-02
-4.367404803633689880e-02 3.081052601337432861e-01 9.503491520881652832e-01 -3.133105635643005371e-01
1.923233121633529663e-01 -9.308712482452392578e-01 3.106288611888885498e-01 -8.769515156745910645e-02
0.000000000000000000e+00 0.000000000000000000e+00 0.000000000000000000e+00 1.000000000000000000e+00
9.259130954742431641e-01 3.659000694751739502e-01 9.381643682718276978e-02 -8.812151849269866943e-02
-2.219997942447662354e-01 3.261744678020477295e-01 9.188719391822814941e-01 -2.933835983276367188e-01
3.056151270866394043e-01 -8.716234564781188965e-01 3.832393586635589600e-01 -1.212374418973922729e-01
0.000000000000000000e+00 0.000000000000000000e+00 0.000000000000000000e+00 1.000000000000000000e+00
8.804369568824768066e-01 4.652517735958099365e-01 9.149735420942306519e-02 -8.552143722772598267e-02
-2.743920087814331055e-01 3.425478339195251465e-01 8.985376954078674316e-01 -2.828286588191986084e-01
3.867041170597076416e-01 -8.162121176719665527e-01 4.292531609535217285e-01 -1.452171951532363892e-01
0.000000000000000000e+00 0.000000000000000000e+00 0.000000000000000000e+00 1.000000000000000000e+00
8.393304944038391113e-01 5.392910242080688477e-01 6.847936660051345825e-02 -7.624818384647369385e-02
-3.387694060802459717e-01 4.203625917434692383e-01 8.417426347732543945e-01 -2.607789337635040283e-01
4.251579940319061279e-01 -7.296986579895019531e-01 5.355183482170104980e-01 -1.834574937820434570e-01
0.000000000000000000e+00 0.000000000000000000e+00 0.000000000000000000e+00 1.000000000000000000e+00
8.026950359344482422e-01 5.938153266906738281e-01 5.535386130213737488e-02 -6.928209960460662842e-02
-4.263564944267272949e-01 5.064668655395507812e-01 7.494738698005676270e-01 -2.250071913003921509e-01
4.170142412185668945e-01 -6.251992583274841309e-01 6.597157120704650879e-01 -2.247880399227142334e-01
0.000000000000000000e+00 0.000000000000000000e+00 0.000000000000000000e+00 1.000000000000000000e+00
7.803873419761657715e-01 6.248086094856262207e-01 2.470311895012855530e-02 -5.873678624629974365e-02
-4.991230070590972900e-01 5.986355543136596680e-01 6.265074610710144043e-01 -1.787657439708709717e-01
3.766588568687438965e-01 -5.012483000755310059e-01 7.790237665176391602e-01 -2.615549564361572266e-01
0.000000000000000000e+00 0.000000000000000000e+00 0.000000000000000000e+00 1.000000000000000000e+00
7.548882961273193359e-01 6.553829312324523926e-01 2.484509721398353577e-02 -5.692956224083900452e-02
-5.655348896980285645e-01 6.312797665596008301e-01 5.307124257087707520e-01 -1.427721083164215088e-01
3.321357667446136475e-01 -4.146791696548461914e-01 8.471879959106445312e-01 -2.815851867198944092e-01
0.000000000000000000e+00 0.000000000000000000e+00 0.000000000000000000e+00 1.000000000000000000e+00
6.549696922302246094e-01 7.555128335952758789e-01 1.467368006706237793e-02 -4.697640240192413330e-02
-6.744594573974609375e-01 5.757257342338562012e-01 4.622161090373992920e-01 -1.119873374700546265e-01
3.407621681690216064e-01 -3.126341998577117920e-01 8.866459727287292480e-01 -2.967611253261566162e-01
0.000000000000000000e+00 0.000000000000000000e+00 0.000000000000000000e+00 1.000000000000000000e+00
5.871331095695495605e-01 8.094266057014465332e-01 -1.017367094755172729e-02 -3.335456922650337219e-02
-7.391630411148071289e-01 5.412050485610961914e-01 4.009176790714263916e-01 -8.682070672512054443e-02
3.300196528434753418e-01 -2.278718948364257812e-01 9.160573482513427734e-01 -3.073282539844512939e-01
0.000000000000000000e+00 0.000000000000000000e+00 0.000000000000000000e+00 1.000000000000000000e+00
5.399175286293029785e-01 8.403467535972595215e-01 -4.802573844790458679e-02 -1.689163409173488617e-02
-7.831677198410034180e-01 5.224505066871643066e-01 3.371846675872802734e-01 -6.162809580564498901e-02
3.084431588649749756e-01 -1.444396972656250000e-01 9.402129650115966797e-01 -3.143216669559478760e-01
0.000000000000000000e+00 0.000000000000000000e+00 0.000000000000000000e+00 1.000000000000000000e+00
5.052953362464904785e-01 8.556042909622192383e-01 -1.123289987444877625e-01 7.564602885395288467e-03
-8.182730078697204590e-01 5.163990855216979980e-01 2.525099217891693115e-01 -3.064784593880176544e-02
2.740550339221954346e-01 -3.567621484398841858e-02 9.610518813133239746e-01 -3.195921778678894043e-01
0.000000000000000000e+00 0.000000000000000000e+00 0.000000000000000000e+00 1.000000000000000000e+00
4.376143217086791992e-01 8.858429193496704102e-01 -1.541936695575714111e-01 2.767455205321311951e-02
-8.602009415626525879e-01 4.623833298683166504e-01 2.150712162256240845e-01 -1.477070525288581848e-02
2.618159651756286621e-01 3.851932659745216370e-02 9.643489122390747070e-01 -3.203311562538146973e-01
0.000000000000000000e+00 0.000000000000000000e+00 0.000000000000000000e+00 1.000000000000000000e+00
3.560059666633605957e-01 8.986404538154602051e-01 -2.563304305076599121e-01 6.827452778816223145e-02
-8.946798443794250488e-01 4.069723486900329590e-01 1.841780692338943481e-01 -1.773337018676102161e-03
2.698291540145874023e-01 1.637652069330215454e-01 9.488798975944519043e-01 -3.153780400753021240e-01
0.000000000000000000e+00 0.000000000000000000e+00 0.000000000000000000e+00 1.000000000000000000e+00
2.941268682479858398e-01 8.859453797340393066e-01 -3.585934340953826904e-01 1.067034378647804260e-01
-9.136762022972106934e-01 3.707489967346191406e-01 1.665578782558441162e-01 5.495015997439622879e-03
2.805093228816986084e-01 2.786492407321929932e-01 9.185145497322082520e-01 -3.061410486698150635e-01
0.000000000000000000e+00 0.000000000000000000e+00 0.000000000000000000e+00 1.000000000000000000e+00
2.740420699119567871e-01 8.564698696136474609e-01 -4.374473989009857178e-01 1.336424350738525391e-01
-9.322320222854614258e-01 3.483384549617767334e-01 9.800162166357040405e-02 3.018169105052947998e-02
2.363151162862777710e-01 3.809460103511810303e-01 8.938882350921630859e-01 -2.946286797523498535e-01
0.000000000000000000e+00 0.000000000000000000e+00 0.000000000000000000e+00 1.000000000000000000e+00
1.811603307723999023e-01 7.816657423973083496e-01 -5.968085527420043945e-01 1.923266053199768066e-01
-9.616379141807556152e-01 2.679063081741333008e-01 5.898502469062805176e-02 4.362961277365684509e-02
2.059954404830932617e-01 5.632275342941284180e-01 8.002135157585144043e-01 -2.618262171745300293e-01
0.000000000000000000e+00 0.000000000000000000e+00 0.000000000000000000e+00 1.000000000000000000e+00
1.371351927518844604e-01 6.771628260612487793e-01 -7.229419946670532227e-01 2.365172803401947021e-01
-9.727512001991271973e-01 2.298048585653305054e-01 3.073123842477798462e-02 5.353856086730957031e-02
1.869455277919769287e-01 6.990281939506530762e-01 6.902252435684204102e-01 -2.250896543264389038e-01
0.000000000000000000e+00 0.000000000000000000e+00 0.000000000000000000e+00 1.000000000000000000e+00
1.117972582578659058e-01 5.776174664497375488e-01 -8.086153268814086914e-01 2.656300663948059082e-01
-9.831645488739013672e-01 1.826400160789489746e-01 -5.464898888021707535e-03 6.584960967302322388e-02
1.445289254188537598e-01 7.956131100654602051e-01 5.883119702339172363e-01 -1.894956976175308228e-01
0.000000000000000000e+00 0.000000000000000000e+00 0.000000000000000000e+00 1.000000000000000000e+00
7.580563426017761230e-02 5.121143460273742676e-01 -8.555654883384704590e-01 2.832844257354736328e-01
-9.909540414810180664e-01 1.339851766824722290e-01 -7.602078374475240707e-03 6.723605096340179443e-02
1.107399612665176392e-01 8.484024405479431152e-01 5.176387429237365723e-01 -1.646888107061386108e-01
0.000000000000000000e+00 0.000000000000000000e+00 0.000000000000000000e+00 1.000000000000000000e+00
1.552741825580596924e-01 5.124951601028442383e-01 -8.445346951484680176e-01 2.726130187511444092e-01
-9.872971773147583008e-01 1.096497401595115662e-01 -1.149825155735015869e-01 1.018484085798263550e-01
3.367500752210617065e-02 8.516606092453002930e-01 5.230110883712768555e-01 -1.596708446741104126e-01
0.000000000000000000e+00 0.000000000000000000e+00 0.000000000000000000e+00 1.000000000000000000e+00
2.631223797798156738e-01 5.796093940734863281e-01 -7.712453007698059082e-01 2.413931638002395630e-01
-9.599525928497314453e-01 7.756200432777404785e-02 -2.692129611968994141e-01 1.496165096759796143e-01
-9.621893614530563354e-02 8.111951947212219238e-01 5.768058300018310547e-01 -1.664549112319946289e-01
0.000000000000000000e+00 0.000000000000000000e+00 0.000000000000000000e+00 1.000000000000000000e+00
3.238710165023803711e-01 6.155466437339782715e-01 -7.184780240058898926e-01 2.210839986801147461e-01
-9.295434951782226562e-01 6.557374447584152222e-02 -3.628344237804412842e-01 1.770056337118148804e-01
-1.762281507253646851e-01 7.853680253028869629e-01 5.934146642684936523e-01 -1.655894964933395386e-01
0.000000000000000000e+00 0.000000000000000000e+00 0.000000000000000000e+00 1.000000000000000000e+00
3.618532717227935791e-01 6.432184576988220215e-01 -6.747832894325256348e-01 2.044058889150619507e-01
-8.911877870559692383e-01 2.625360153615474701e-02 -4.528748095035552979e-01 2.017219364643096924e-01
-2.735818326473236084e-01 7.652327418327331543e-01 5.827283859252929688e-01 -1.546184122562408447e-01
0.000000000000000000e+00 0.000000000000000000e+00 0.000000000000000000e+00 1.000000000000000000e+00
4.196906983852386475e-01 6.479243636131286621e-01 -6.356522440910339355e-01 1.869352012872695923e-01
-8.388832807540893555e-01 9.462135843932628632e-03 -5.442295074462890625e-01 2.262518107891082764e-01
-3.466048538684844971e-01 7.616459727287292480e-01 5.475037693977355957e-01 -1.365826725959777832e-01
0.000000000000000000e+00 0.000000000000000000e+00 0.000000000000000000e+00 1.000000000000000000e+00
5.141916275024414062e-01 6.529043316841125488e-01 -5.561680197715759277e-01 1.562106609344482422e-01
-7.310336828231811523e-01 -5.502393469214439392e-03 -6.823194026947021484e-01 2.590479850769042969e-01
-4.485493004322052002e-01 7.574205994606018066e-01 4.744656980037689209e-01 -1.028350368142127991e-01
0.000000000000000000e+00 0.000000000000000000e+00 0.000000000000000000e+00 1.000000000000000000e+00
6.191284060478210449e-01 6.862131953239440918e-01 -3.818255364894866943e-01 9.299184381961822510e-02
-5.800489187240600586e-01 7.185694575309753418e-02 -8.114058375358581543e-01 2.906317412853240967e-01
-5.293613076210021973e-01 7.238417863845825195e-01 4.425260722637176514e-01 -8.547405153512954712e-02
0.000000000000000000e+00 0.000000000000000000e+00 0.000000000000000000e+00 1.000000000000000000e+00
6.262139678001403809e-01 7.334135174751281738e-01 -2.645022869110107422e-01 5.964135751128196716e-02
-4.986807107925415039e-01 1.160004884004592896e-01 -8.589886426925659180e-01 3.000361919403076172e-01
-5.993112325668334961e-01 6.698126196861267090e-01 4.383802413940429688e-01 -7.920192182064056396e-02
0.000000000000000000e+00 0.000000000000000000e+00 0.000000000000000000e+00 1.000000000000000000e+00
5.885540843009948730e-01 7.851343750953674316e-01 -1.927907317876815796e-01 4.354298114776611328e-02
-4.011555612087249756e-01 7.657484710216522217e-02 -9.128036499023437500e-01 3.103339076042175293e-01
-7.019107341766357422e-01 6.145732998847961426e-01 3.600293397903442383e-01 -5.285636708140373230e-02
0.000000000000000000e+00 0.000000000000000000e+00 0.000000000000000000e+00 1.000000000000000000e+00
4.328429400920867920e-01 8.996059298515319824e-01 -5.793012678623199463e-02 1.743803545832633972e-02
-2.313064038753509521e-01 4.872235655784606934e-02 -9.716602563858032227e-01 3.185384273529052734e-01
-8.712890148162841797e-01 4.339759051799774170e-01 2.291737645864486694e-01 -1.157054677605628967e-02
0.000000000000000000e+00 0.000000000000000000e+00 0.000000000000000000e+00 1.000000000000000000e+00
3.133839070796966553e-01 9.450435042381286621e-01 9.318492561578750610e-02 -2.565764635801315308e-02
-2.598713934421539307e-01 1.797278076410293579e-01 -9.487700462341308594e-01 3.201473057270050049e-01
-9.133768677711486816e-01 2.731132507324218750e-01 3.019138574600219727e-01 -4.036547243595123291e-02
0.000000000000000000e+00 0.000000000000000000e+00 0.000000000000000000e+00 1.000000000000000000e+00
2.956031858921051025e-01 9.551278948783874512e-01 -1.868721283972263336e-02 1.318645570427179337e-02
-3.783536553382873535e-01 9.909036010503768921e-02 -9.203422665596008301e-01 3.136063218116760254e-01
-8.771928548812866211e-01 2.791264057159423828e-01 3.906677067279815674e-01 -6.766543537378311157e-02
0.000000000000000000e+00 0.000000000000000000e+00 0.000000000000000000e+00 1.000000000000000000e+00
2.811226248741149902e-01 9.592538475990295410e-01 -2.831686101853847504e-02 2.121304161846637726e-02
-4.687440097332000732e-01 1.115047782659530640e-01 -8.762679696083068848e-01 3.033607304096221924e-01
-8.374059796333312988e-01 2.596120238304138184e-01 4.809910655021667480e-01 -9.928307682275772095e-02
0.000000000000000000e+00 0.000000000000000000e+00 0.000000000000000000e+00 1.000000000000000000e+00
1.594327986240386963e-01 9.855086803436279297e-01 -5.791162699460983276e-02 3.587440028786659241e-02
-4.821415543556213379e-01 2.654114551842212677e-02 -8.756913542747497559e-01 3.026587367057800293e-01
-8.614643216133117676e-01 1.675353795289993286e-01 4.793863594532012939e-01 -1.003342792391777039e-01
