0.8431640863418579 0.09606049209833145 -0.5290053486824036 0.11750578135252 
-0.4437811076641083 0.6798073649406433 -0.5838837027549744 0.2293219417333603 
0.3035335540771484 0.7270724177360535 0.615818977355957 -0.1821830421686172 
0 0 0 1 

0.5658013224601746 0.7980567812919617 0.2073018103837967 -0.05944206938147545 
-0.6768844723701477 0.593127429485321 -0.435920923948288 0.1657145917415619 
-0.4708460867404938 0.1063251718878746 0.875784695148468 -0.2212715446949005 
0 0 0 1 

0.5792744159698486 0.7862293124198914 0.2151383608579636 -0.06350716948509216 
-0.6107185482978821 0.5934233069419861 -0.524281919002533 0.1890072226524353 
-0.5398739576339722 0.1723140627145767 0.8239198327064514 -0.2006037086248398 
0 0 0 1 

0.638854444026947 0.7394623160362244 0.2122744172811508 -0.06726714968681335 
-0.4980000555515289 0.6078017950057983 -0.6185247898101807 0.2121375501155853 
-0.5863965749740601 0.2894346117973328 0.7565491795539856 -0.173746332526207 
0 0 0 1 

0.7159873843193054 0.6736452579498291 0.1832049936056137 -0.06455817818641663 
-0.3939671814441681 0.6065402626991272 -0.6905784606933594 0.2277241200208664 
-0.5763261914253235 0.4222686290740967 0.699669361114502 -0.1533480286598206 
0 0 0 1 

0.7801688313484192 0.6077191233634949 0.1483712196350098 -0.06023743003606796 
-0.3670119047164917 0.6367233991622925 -0.6781485080718994 0.2231915295124054 
-0.5065953135490417 0.4746162891387939 0.7197919487953186 -0.1624105423688889 
0 0 0 1 

0.8634750247001648 0.4925549924373627 0.1086292564868927 -0.05687113478779793 
-0.3012854158878326 0.6763956546783447 -0.6720980405807495 0.2164731621742249 
-0.4045217633247375 0.5476113557815552 0.7324504852294922 -0.1703676283359528 
0 0 0 1 

0.8815759420394897 0.4666297733783722 0.07127758115530014 -0.04669948294758797 
-0.2607553899288177 0.6072667241096497 -0.7504889369010925 0.2313240766525269 
-0.39348503947258 0.6430268883705139 0.6570280194282532 -0.1459590643644333 
0 0 0 1 

0.8583407998085022 0.5045156478881836 0.09335365891456604 -0.05137932300567627 
-0.2663319408893585 0.5936294794082642 -0.7593885660171509 0.233244463801384 
-0.438541054725647 0.6269510984420776 0.6439051032066345 -0.1384761035442352 
0 0 0 1 

0.7643771767616272 0.6286746859550476 0.1431625187397003 -0.05903355032205582 
-0.3841532766819 0.6223728656768799 -0.6819663047790527 0.2174243479967117 
-0.5178355574607849 0.4662830829620361 0.7172351479530334 -0.160209447145462 
0 0 0 1 

