1 0 0 -0.03619798645377159 
0 1 0 -0.001327119767665863 
0 0 1 -0.2960163652896881 
0 0 0 1 

0.9902489185333252 0.1391260772943497 0.007136243395507336 -0.04153754562139511 
-0.1385059803724289 0.9887405633926392 -0.05664058774709702 0.02775406837463379 
-0.01493610627949238 0.05509985983371735 0.9983690977096558 -0.2970776259899139 
0 0 0 1 

0.9716840386390686 0.2349257618188858 0.02529491670429707 -0.0472632423043251 
-0.2311924546957016 0.9673868417739868 -0.1035015061497688 0.05269720405340195 
-0.04878520965576172 0.09472274035215378 0.9943075776100159 -0.2950343787670135 
0 0 0 1 

0.9421341419219971 0.3345513939857483 0.02141342684626579 -0.04512927308678627 
-0.3282902836799622 0.9336652159690857 -0.1431595385074615 0.0736905112862587 
-0.06788723170757294 0.1278456449508667 0.9894679188728333 -0.2922986745834351 
0 0 0 1 

0.8957338929176331 0.4445903599262238 -2.307105569343548e-05 -0.03315628319978714 
-0.4384876191616058 0.8834298253059387 -0.1651669293642044 0.08727802336215973 
-0.07341130822896957 0.1479557305574417 0.9862655997276306 -0.291038453578949 
0 0 0 1 

0.8300832509994507 0.5576379299163818 -0.001210553687997162 -0.02697518467903137 
-0.5479528903961182 0.8152596950531006 -0.1873473972082138 0.1005026549100876 
-0.1034851744771004 0.1561772376298904 0.9822929501533508 -0.2892408668994904 
0 0 0 1 

0.7571535110473633 0.653209388256073 -0.005996878258883953 -0.01781465671956539 
-0.646466076374054 0.7479557394981384 -0.1504784226417542 0.09427641332149506 
-0.09380854666233063 0.1178120374679565 0.9885951280593872 -0.2944070100784302 
0 0 0 1 

