1 0 0 -0.04542167112231255 
0 1 0 0.0009935460984706879 
0 0 1 -0.2875000238418579 
0 0 0 1 

0.9966936111450195 0.08014931529760361 0.01333946269005537 -0.04797496274113655 
-0.07988537102937698 0.99661785364151 -0.01926612854003906 0.01038189791142941 
-0.01483851298689842 0.01813679933547974 0.9997254014015198 -0.2934851348400116 
0 0 0 1 

0.9857048988342285 0.1652798652648926 0.0326850563287735 -0.05209099501371384 
-0.1635549962520599 0.9852743744850159 -0.04984056204557419 0.02487076632678509 
-0.04044142365455627 0.04378224909305573 0.9982222318649292 -0.2925596237182617 
0 0 0 1 

0.9665676355361938 0.2541030645370483 0.03433074429631233 -0.05031860992312431 
-0.2510358095169067 0.9650552272796631 -0.07516306638717651 0.03768632933497429 
-0.05223022773861885 0.0640319436788559 0.9965801239013672 -0.2922306954860687 
0 0 0 1 

0.9378800988197327 0.3433237075805664 0.05009600520133972 -0.05225686356425285 
-0.3355875015258789 0.9342979192733765 -0.1202842146158218 0.05615086853504181 
-0.08810105174779892 0.0960005521774292 0.9914746880531311 -0.2893163859844208 
0 0 0 1 

0.8923043608665466 0.4505703747272491 0.02791262976825237 -0.04230348765850067 
-0.4431199133396149 0.8860066533088684 -0.1365164965391159 0.0654638335108757 
-0.08624111115932465 0.1094455942511559 0.990244448184967 -0.290245920419693 
0 0 0 1 

0.8467416763305664 0.5318422913551331 0.01311762817203999 -0.03495728224515915 
-0.5227678418159485 0.8363628387451172 -0.1649565249681473 0.07786008715629578 
-0.09870202839374542 0.1328180581331253 0.9862135648727417 -0.2889804244041443 
0 0 0 1 

0.6478281617164612 0.7610192894935608 -0.03417546302080154 -0.006859459448605776 
-0.7571255564689636 0.6382613778114319 -0.1392227858304977 0.07919757813215256 
-0.0841384083032608 0.1160675436258316 0.9896711707115173 -0.2933937311172485 
0 0 0 1 

0.5502011775970459 0.8339563012123108 -0.04237241297960281 0.001770484959706664 
-0.8330549597740173 0.5447016358375549 -0.09653733670711517 0.06772484630346298 
-0.05742761492729187 0.08841350674629211 0.9944270253181458 -0.2985106706619263 
0 0 0 1 

0.8936932682991028 0.4486464858055115 -0.005353784654289484 -0.03178232535719872 
-0.445659726858139 0.8862353563308716 -0.1263916492462158 0.06116298586130142 
-0.05196058750152588 0.1153412386775017 0.9919661283493042 -0.2620812952518463 
0 0 0 1 

