0.2752860486507416 0.9540724754333496 -0.1181656643748283 0.03882268816232681 
-0.9579934477806091 0.2825222313404083 0.04929066821932793 0.01596582494676113 
0.08041129261255264 0.09963291883468628 0.9917697906494141 -0.3037807643413544 
0 0 0 1 

0.1923734843730927 0.9701648950576782 -0.1475544571876526 0.04992697760462761 
-0.9729675054550171 0.2081456631422043 0.1000472903251648 -0.003341101342812181 
0.1277752071619034 0.1243192479014397 0.9839808344841003 -0.3020167648792267 
0 0 0 1 

0.1129637658596039 0.982532799243927 -0.1478803008794785 0.05172803997993469 
-0.9710698127746582 0.1406869739294052 0.1929525434970856 -0.03485174477100372 
0.2103870213031769 0.1218054369091988 0.9700003862380981 -0.299284815788269 
0 0 0 1 

0.1902688443660736 0.9723213315010071 -0.1356066316366196 0.0468495711684227 
-0.9542226195335388 0.2156344950199127 0.2072699964046478 -0.03882758319377899 
0.2307744920253754 0.08996190875768661 0.9688394665718079 -0.2969543933868408 
0 0 0 1 

0.274806946516037 0.9511269927024841 -0.1408486217260361 0.04613280668854713 
-0.9376696944236755 0.2975163459777832 0.1796089559793472 -0.02797694690525532 
0.2127356976270676 0.08271173387765884 0.9736027121543884 -0.2956938147544861 
0 0 0 1 

0.3224703967571259 0.9354267716407776 -0.144877552986145 0.04573794826865196 
-0.9354793429374695 0.3383046090602875 0.102119080722332 -0.00101366254966706 
0.1445376574993134 0.1025995910167694 0.9841657280921936 -0.2953269779682159 
0 0 0 1 

0.3618381023406982 0.9155128598213196 -0.1758115291595459 0.05394942685961723 
-0.9291985630989075 0.3694091737270355 0.01125723123550415 0.03076289594173431 
0.07525254040956497 0.1592906415462494 0.9843596220016479 -0.2913986146450043 
0 0 0 1 

0.5379029512405396 0.8410468101501465 -0.05745022743940353 -0.01385340001434088 
-0.783713698387146 0.5240134596824646 0.3334707021713257 -0.06080301851034164 
0.3105691969394684 -0.1343503296375275 0.9410083889961243 -0.3146650791168213 
0 0 0 1 

0.5048178434371948 0.8540189266204834 -0.1257396340370178 0.01166367344558239 
-0.8164174556732178 0.519666314125061 0.2518119513988495 -0.03082281909883022 
0.2803948521614075 -0.02446309104561806 0.959572970867157 -0.3194765448570251 
0 0 0 1 

0.4534450769424438 0.8734747171401978 -0.1772823929786682 0.03304008394479752 
-0.8500616550445557 0.4836233258247375 0.2085739821195602 -0.01411725021898746 
0.2679220139980316 0.05612418428063393 0.9618039727210999 -0.3196296989917755 
0 0 0 1 

