1.000000000000000000e+00 0.000000000000000000e+00 0.000000000000000000e+00 -4.542167112231254578e-02
0.000000000000000000e+00 1.000000000000000000e+00 0.000000000000000000e+00 9.935460984706878662e-04
0.000000000000000000e+00 0.000000000000000000e+00 1.000000000000000000e+00 -2.875000238418579102e-01
0.000000000000000000e+00 0.000000000000000000e+00 0.000000000000000000e+00 1.000000000000000000e+00
9.966699481010437012e-01 7.908503711223602295e-02 1.987170055508613586e-02 -4.991729184985160828e-02
-7.871446013450622559e-02 9.967201948165893555e-01 -1.878729276359081268e-02 9.949943050742149353e-03
-2.129228785634040833e-02 1.716057211160659790e-02 9.996261596679687500e-01 -2.930181324481964111e-01
0.000000000000000000e+00 0.000000000000000000e+00 0.000000000000000000e+00 1.000000000000000000e+00
9.855903983116149902e-01 1.648066639900207520e-01 3.808778151869773865e-02 -5.359407514333724976e-02
-1.627921760082244873e-01 9.853391647338867188e-01 -5.104107037186622620e-02 2.509945072233676910e-02
-4.594133421778678894e-02 4.410514980554580688e-02 9.979699254035949707e-01 -2.923516631126403809e-01
0.000000000000000000e+00 0.000000000000000000e+00 0.000000000000000000e+00 1.000000000000000000e+00
9.661630392074584961e-01 2.545713186264038086e-01 4.150012880563735962e-02 -5.237579345703125000e-02
-2.509039044380187988e-01 9.648957848548889160e-01 -7.760690152645111084e-02 3.795116767287254333e-02
-5.979984998703002930e-02 6.456839293241500854e-02 9.961200952529907227e-01 -2.916166782379150391e-01
0.000000000000000000e+00 0.000000000000000000e+00 0.000000000000000000e+00 1.000000000000000000e+00
9.372513890266418457e-01 3.445584177970886230e-01 5.327893048524856567e-02 -5.306560546159744263e-02
-3.363258838653564453e-01 9.337700009346008301e-01 -1.223056614398956299e-01 5.671227723360061646e-02
-9.189178049564361572e-02 9.671205282211303711e-02 9.910615086555480957e-01 -2.892057001590728760e-01
0.000000000000000000e+00 0.000000000000000000e+00 0.000000000000000000e+00 1.000000000000000000e+00
8.917557001113891602e-01 4.511287808418273926e-01 3.541492670774459839e-02 -4.442098364233970642e-02
-4.426731765270233154e-01 8.859168887138366699e-01 -1.385347247123718262e-01 6.575672328472137451e-02
-9.387169033288955688e-02 1.078618988394737244e-01 9.897242188453674316e-01 -2.897112071514129639e-01
0.000000000000000000e+00 0.000000000000000000e+00 0.000000000000000000e+00 1.000000000000000000e+00
8.442513346672058105e-01 5.356560945510864258e-01 1.766816154122352600e-02 -3.599561750888824463e-02
-5.256554484367370605e-01 8.340184688568115234e-01 -1.676274687051773071e-01 7.869627326726913452e-02
-1.045263186097145081e-01 1.322323530912399292e-01 9.856921434402465820e-01 -2.885532379150390625e-01
0.000000000000000000e+00 0.000000000000000000e+00 0.000000000000000000e+00 1.000000000000000000e+00
7.905275821685791016e-01 6.124120950698852539e-01 -4.173509776592254639e-03 -2.619978226721286774e-02
-6.038137078285217285e-01 7.782531976699829102e-01 -1.724252998828887939e-01 8.371039479970932007e-02
-1.023473292589187622e-01 1.388269811868667603e-01 9.850138425827026367e-01 -2.894487082958221436e-01
0.000000000000000000e+00 0.000000000000000000e+00 0.000000000000000000e+00 1.000000000000000000e+00
7.194184064865112305e-01 6.942585110664367676e-01 -2.103198878467082977e-02 -1.563824340701103210e-02
-6.877107024192810059e-01 7.077326774597167969e-01 -1.617657840251922607e-01 8.358134329319000244e-02
-9.742228686809539795e-02 1.308411508798599243e-01 9.866048097610473633e-01 -2.906232774257659912e-01
0.000000000000000000e+00 0.000000000000000000e+00 0.000000000000000000e+00 1.000000000000000000e+00
6.471394300460815430e-01 7.619750499725341797e-01 -2.457639575004577637e-02 -9.648367762565612793e-03
-7.570205926895141602e-01 6.384507417678833008e-01 -1.389245986938476562e-01 7.881732285022735596e-02
-9.016632288694381714e-02 1.085084304213523865e-01 9.899979233741760254e-01 -2.933481037616729736e-01
0.000000000000000000e+00 0.000000000000000000e+00 0.000000000000000000e+00 1.000000000000000000e+00
5.500053167343139648e-01 8.344017267227172852e-01 -3.560812026262283325e-02 -1.540232042316347361e-04
-8.330498933792114258e-01 5.450862050056457520e-01 -9.438655525445938110e-02 6.684136390686035156e-02
-5.934683978557586670e-02 8.157642185688018799e-02 9.948985576629638672e-01 -2.985183298587799072e-01
0.000000000000000000e+00 0.000000000000000000e+00 0.000000000000000000e+00 1.000000000000000000e+00
4.601937830448150635e-01 8.835334181785583496e-01 -8.712308108806610107e-02 2.213224396109580994e-02
-8.877763748168945312e-01 4.569959044456481934e-01 -5.484201014041900635e-02 5.516888201236724854e-02
-8.639854378998279572e-03 1.025837659835815430e-01 9.946869015693664551e-01 -3.025500178337097168e-01
0.000000000000000000e+00 0.000000000000000000e+00 0.000000000000000000e+00 1.000000000000000000e+00
3.546350896358489990e-01 9.296762943267822266e-01 -9.967846423387527466e-02 3.051676414906978607e-02
-9.348159432411193848e-01 3.546847701072692871e-01 -1.782290637493133545e-02 4.077510535717010498e-02
1.878489367663860321e-02 9.950165450572967529e-02 9.948600530624389648e-01 -3.040067851543426514e-01
0.000000000000000000e+00 0.000000000000000000e+00 0.000000000000000000e+00 1.000000000000000000e+00
2.752859890460968018e-01 9.540724754333496094e-01 -1.181656569242477417e-01 3.882268443703651428e-02
-9.579933881759643555e-01 2.825221717357635498e-01 4.929066449403762817e-02 1.596582122147083282e-02
8.041128516197204590e-02 9.963291138410568237e-02 9.917697906494140625e-01 -3.037808239459991455e-01
0.000000000000000000e+00 0.000000000000000000e+00 0.000000000000000000e+00 1.000000000000000000e+00
1.923733502626419067e-01 9.701649546623229980e-01 -1.475544720888137817e-01 4.992698878049850464e-02
-9.729675650596618652e-01 2.081454545259475708e-01 1.000473275780677795e-01 -3.341100411489605904e-03
1.277752071619033813e-01 1.243192851543426514e-01 9.839807748794555664e-01 -3.020167350769042969e-01
0.000000000000000000e+00 0.000000000000000000e+00 0.000000000000000000e+00 1.000000000000000000e+00
1.129638701677322388e-01 9.825327992439270020e-01 -1.478803008794784546e-01 5.172805860638618469e-02
-9.710698723793029785e-01 1.406870037317276001e-01 1.929525285959243774e-01 -3.485175222158432007e-02
2.103870362043380737e-01 1.218054220080375671e-01 9.700003862380981445e-01 -2.992848157882690430e-01
0.000000000000000000e+00 0.000000000000000000e+00 0.000000000000000000e+00 1.000000000000000000e+00
1.902686953544616699e-01 9.723212718963623047e-01 -1.356066316366195679e-01 4.684957489371299744e-02
-9.542226791381835938e-01 2.156343758106231689e-01 2.072700262069702148e-01 -3.882759064435958862e-02
2.307745069265365601e-01 8.996193856000900269e-02 9.688395261764526367e-01 -2.969543933868408203e-01
0.000000000000000000e+00 0.000000000000000000e+00 0.000000000000000000e+00 1.000000000000000000e+00
2.748069763183593750e-01 9.511270523071289062e-01 -1.408486217260360718e-01 4.613281041383743286e-02
-9.376697540283203125e-01 2.975164055824279785e-01 1.796089410781860352e-01 -2.797695063054561615e-02
2.127356976270675659e-01 8.271171897649765015e-02 9.736027121543884277e-01 -2.956938147544860840e-01
0.000000000000000000e+00 0.000000000000000000e+00 0.000000000000000000e+00 1.000000000000000000e+00
3.224704265594482422e-01 9.354267716407775879e-01 -1.448775678873062134e-01 4.573794454336166382e-02
-9.354793429374694824e-01 3.383046090602874756e-01 1.021190807223320007e-01 -1.013661501929163933e-03
1.445376724004745483e-01 1.025995910167694092e-01 9.841657280921936035e-01 -2.953269779682159424e-01
0.000000000000000000e+00 0.000000000000000000e+00 0.000000000000000000e+00 1.000000000000000000e+00
3.618380427360534668e-01 9.155125617980957031e-01 -1.758115589618682861e-01 5.394944548606872559e-02
-9.291986227035522461e-01 3.694089353084564209e-01 1.125721260905265808e-02 3.076289035379886627e-02
7.525245845317840576e-02 1.592905968427658081e-01 9.843594431877136230e-01 -2.913986146450042725e-01
0.000000000000000000e+00 0.000000000000000000e+00 0.000000000000000000e+00 1.000000000000000000e+00
4.015303552150726318e-01 8.953083157539367676e-01 -1.928636133670806885e-01 5.715705454349517822e-02
-9.157099723815917969e-01 3.960899412631988525e-01 -6.773047149181365967e-02 5.748157575726509094e-02
1.575169526040554047e-02 2.038030028343200684e-01 9.788853526115417480e-01 -2.861254811286926270e-01
0.000000000000000000e+00 0.000000000000000000e+00 0.000000000000000000e+00 1.000000000000000000e+00
4.571187198162078857e-01 8.607006072998046875e-01 -2.241360098123550415e-01 6.302086263895034790e-02
-8.884232640266418457e-01 4.300361573696136475e-01 -1.605393439531326294e-01 8.592998981475830078e-02
-4.178977757692337036e-02 2.725132107734680176e-01 9.612438678741455078e-01 -2.757139801979064941e-01
0.000000000000000000e+00 0.000000000000000000e+00 0.000000000000000000e+00 1.000000000000000000e+00
5.302214622497558594e-01 8.216559290885925293e-01 -2.091566175222396851e-01 5.288513749837875366e-02
-8.432400226593017578e-01 4.853205680847167969e-01 -2.311066538095474243e-01 1.054483130574226379e-01
-8.838222175836563110e-02 2.989069819450378418e-01 9.501805305480957031e-01 -2.685193419456481934e-01
0.000000000000000000e+00 0.000000000000000000e+00 0.000000000000000000e+00 1.000000000000000000e+00
5.929787755012512207e-01 7.791809439659118652e-01 -2.031088918447494507e-01 4.679158329963684082e-02
-7.959195375442504883e-01 5.289561152458190918e-01 -2.944779396057128906e-01 1.207378655672073364e-01
-1.220159754157066345e-01 3.362775146961212158e-01 9.338248968124389648e-01 -2.601062059402465820e-01
0.000000000000000000e+00 0.000000000000000000e+00 0.000000000000000000e+00 1.000000000000000000e+00
6.734332442283630371e-01 7.191737294197082520e-01 -1.711042076349258423e-01 3.144469112157821655e-02
-7.206125855445861816e-01 5.869890451431274414e-01 -3.689999580383300781e-01 1.361309736967086792e-01
-1.649389117956161499e-01 3.717967569828033447e-01 9.135438799858093262e-01 -2.497748881578445435e-01
0.000000000000000000e+00 0.000000000000000000e+00 0.000000000000000000e+00 1.000000000000000000e+00
7.352459430694580078e-01 6.594375967979431152e-01 -1.567013114690780640e-01 2.336890436708927155e-02
-6.498385071754455566e-01 6.200977563858032227e-01 -4.395327270030975342e-01 1.500491052865982056e-01
-1.926742643117904663e-01 4.249949157238006592e-01 8.844520449638366699e-01 -2.361683100461959839e-01
0.000000000000000000e+00 0.000000000000000000e+00 0.000000000000000000e+00 1.000000000000000000e+00
7.589463591575622559e-01 6.357872486114501953e-01 -1.406222134828567505e-01 1.636595837771892548e-02
-6.004607081413269043e-01 5.998076200485229492e-01 -5.288454294204711914e-01 1.704899668693542480e-01
-2.518870532512664795e-01 4.858033061027526855e-01 8.369871377944946289e-01 -2.148446887731552124e-01
0.000000000000000000e+00 0.000000000000000000e+00 0.000000000000000000e+00 1.000000000000000000e+00
7.885028123855590820e-01 5.979300141334533691e-01 -1.440232843160629272e-01 1.448427699506282806e-02
-5.375753641128540039e-01 5.562737584114074707e-01 -6.336970925331115723e-01 1.975038200616836548e-01
-2.987901568412780762e-01 5.770952701568603516e-01 7.600558400154113770e-01 -1.864256858825683594e-01
0.000000000000000000e+00 0.000000000000000000e+00 0.000000000000000000e+00 1.000000000000000000e+00
8.117074370384216309e-01 5.667998194694519043e-01 -1.409571468830108643e-01 1.196410041302442551e-02
-4.833795428276062012e-01 5.164603590965270996e-01 -7.068331241607666016e-01 2.166997194290161133e-01
-3.278340101242065430e-01 6.418774724006652832e-01 6.931940317153930664e-01 -1.626370847225189209e-01
0.000000000000000000e+00 0.000000000000000000e+00 0.000000000000000000e+00 1.000000000000000000e+00
8.408890366554260254e-01 5.248188972473144531e-01 -1.321772187948226929e-01 6.392251234501600266e-03
-4.167984426021575928e-01 4.721909165382385254e-01 -7.767332196235656738e-01 2.346325069665908813e-01
-3.452315926551818848e-01 7.082377076148986816e-01 6.158039569854736328e-01 -1.408103704452514648e-01
0.000000000000000000e+00 0.000000000000000000e+00 0.000000000000000000e+00 1.000000000000000000e+00
8.707504272460937500e-01 4.819366931915283203e-01 -9.762354940176010132e-02 -5.719060543924570084e-03
-3.320803642272949219e-01 4.299255907535552979e-01 -8.395752310752868652e-01 2.500459253787994385e-01
-3.626514077186584473e-01 7.634794712066650391e-01 5.343996286392211914e-01 -1.190639436244964600e-01
0.000000000000000000e+00 0.000000000000000000e+00 0.000000000000000000e+00 1.000000000000000000e+00
8.949507474899291992e-01 4.411498904228210449e-01 -6.671042740345001221e-02 -1.502335909754037857e-02
-2.250644117593765259e-01 3.172736167907714844e-01 -9.212400913238525391e-01 2.654860615730285645e-01
-3.852396607398986816e-01 8.394784927368164062e-01 3.832311630249023438e-01 -7.820345461368560791e-02
0.000000000000000000e+00 0.000000000000000000e+00 0.000000000000000000e+00 1.000000000000000000e+00
8.871867656707763672e-01 4.609320163726806641e-01 -2.100909873843193054e-02 -3.178638592362403870e-02
-7.794319093227386475e-02 1.048335209488868713e-01 -9.914307594299316406e-01 2.825511395931243896e-01
-4.547796249389648438e-01 8.812215328216552734e-01 1.289333701133728027e-01 -7.903944700956344604e-03
0.000000000000000000e+00 0.000000000000000000e+00 0.000000000000000000e+00 1.000000000000000000e+00
8.832357525825500488e-01 4.672729074954986572e-01 -3.938099741935729980e-02 -2.388243936002254486e-02
-8.419576287269592285e-02 7.540783286094665527e-02 -9.935920834541320801e-01 2.830668091773986816e-01
-4.613088667392730713e-01 8.808913230895996094e-01 1.059452518820762634e-01 -8.114905096590518951e-03
0.000000000000000000e+00 0.000000000000000000e+00 0.000000000000000000e+00 1.000000000000000000e+00
8.470945954322814941e-01 5.302248597145080566e-01 -3.594464808702468872e-02 -2.147453278303146362e-02
-1.054417490959167480e-01 1.013930216431617737e-01 -9.892429709434509277e-01 2.823725938796997070e-01
-5.208768844604492188e-01 8.417724967002868652e-01 1.417973339557647705e-01 -1.566155627369880676e-02
0.000000000000000000e+00 0.000000000000000000e+00 0.000000000000000000e+00 1.000000000000000000e+00
8.330464363098144531e-01 5.486069917678833008e-01 -7.115869969129562378e-02 -1.175994705408811569e-02
-2.318290024995803833e-01 2.294114828109741211e-01 -9.453178048133850098e-01 2.752091288566589355e-01
-5.022833347320556641e-01 8.039904236793518066e-01 3.182934224605560303e-01 -5.648153275251388550e-02
0.000000000000000000e+00 0.000000000000000000e+00 0.000000000000000000e+00 1.000000000000000000e+00
8.348928093910217285e-01 5.391616821289062500e-01 -1.107179224491119385e-01 -1.450355979613959789e-03
-3.176740109920501709e-01 3.077447414398193359e-01 -8.968698382377624512e-01 2.652129828929901123e-01
-4.494853615760803223e-01 7.839626073837280273e-01 4.282115995883941650e-01 -8.668164908885955811e-02
0.000000000000000000e+00 0.000000000000000000e+00 0.000000000000000000e+00 1.000000000000000000e+00
8.169221282005310059e-01 5.653409957885742188e-01 -1.141407489776611328e-01 -3.975916479248553514e-05
-3.724197149276733398e-01 3.659585118293762207e-01 -8.528648018836975098e-01 2.558910548686981201e-01
-4.403884708881378174e-01 7.392320632934570312e-01 5.095037221908569336e-01 -1.095540374517440796e-01
0.000000000000000000e+00 0.000000000000000000e+00 0.000000000000000000e+00 1.000000000000000000e+00
8.348800539970397949e-01 5.450547337532043457e-01 -7.675102353096008301e-02 -1.503371726721525192e-02
-4.489959776401519775e-01 5.937135219573974609e-01 -6.677623987197875977e-01 2.160694152116775513e-01
-3.183990120887756348e-01 5.919621586799621582e-01 7.404070496559143066e-01 -1.803429424762725830e-01
0.000000000000000000e+00 0.000000000000000000e+00 0.000000000000000000e+00 1.000000000000000000e+00
8.357477784156799316e-01 5.456538200378417969e-01 -6.154133751988410950e-02 -2.058566175401210785e-02
-4.656223356723785400e-01 6.448029875755310059e-01 -6.061551570892333984e-01 1.981903314590454102e-01
-2.910690009593963623e-01 5.352478027343750000e-01 7.929614782333374023e-01 -1.970730423927307129e-01
0.000000000000000000e+00 0.000000000000000000e+00 0.000000000000000000e+00 1.000000000000000000e+00
8.569164872169494629e-01 5.124300122261047363e-01 -5.576542392373085022e-02 -2.242870628833770752e-02
-4.593818783760070801e-01 7.101435661315917969e-01 -5.335391163825988770e-01 1.762124001979827881e-01
-2.338000386953353882e-01 4.828160703182220459e-01 8.439349532127380371e-01 -2.134578227996826172e-01
0.000000000000000000e+00 0.000000000000000000e+00 0.000000000000000000e+00 1.000000000000000000e+00
8.731092810630798340e-01 4.870220422744750977e-01 -2.212487719953060150e-02 -3.092591464519500732e-02
-4.558622241020202637e-01 7.994763255119323730e-01 -3.911864161491394043e-01 1.350582093000411987e-01
-1.728283613920211792e-01 3.516343533992767334e-01 9.200454354286193848e-01 -2.369340360164642334e-01
0.000000000000000000e+00 0.000000000000000000e+00 0.000000000000000000e+00 1.000000000000000000e+00
8.785725831985473633e-01 4.772227108478546143e-01 -1.920429058372974396e-02 -2.987831085920333862e-02
-4.661296308040618896e-01 8.479998707771301270e-01 -2.522284686565399170e-01 9.665749222040176392e-02
-1.040839925408363342e-01 2.305526733398437500e-01 9.674773216247558594e-01 -2.527826130390167236e-01
0.000000000000000000e+00 0.000000000000000000e+00 0.000000000000000000e+00 1.000000000000000000e+00
8.767067193984985352e-01 4.809514284133911133e-01 -8.392012678086757660e-03 -2.875684201717376709e-02
-4.807879030704498291e-01 8.755943775177001953e-01 -4.665728658437728882e-02 3.877859190106391907e-02
-1.509191188961267471e-02 4.493955522775650024e-02 9.988754987716674805e-01 -2.656660377979278564e-01
0.000000000000000000e+00 0.000000000000000000e+00 0.000000000000000000e+00 1.000000000000000000e+00
8.870394229888916016e-01 4.615052044391632080e-01 -1.318024378269910812e-02 -2.590947225689888000e-02
-4.604710936546325684e-01 8.864064216613769531e-01 4.743179306387901306e-02 1.090755499899387360e-02
3.357309103012084961e-02 -3.600475192070007324e-02 9.987875819206237793e-01 -2.685407698154449463e-01
0.000000000000000000e+00 0.000000000000000000e+00 0.000000000000000000e+00 1.000000000000000000e+00
8.940635323524475098e-01 4.478287696838378906e-01 -9.980844333767890930e-03 -2.638638578355312347e-02
-4.414290189743041992e-01 8.846346139907836914e-01 1.502059400081634521e-01 -2.062113210558891296e-02
7.609599083662033081e-02 -1.298877894878387451e-01 9.886044263839721680e-01 -2.677007317543029785e-01
0.000000000000000000e+00 0.000000000000000000e+00 0.000000000000000000e+00 1.000000000000000000e+00
8.971089124679565430e-01 4.416692554950714111e-01 -1.112353615462779999e-02 -2.592536248266696930e-02
-4.242227077484130859e-01 8.681585192680358887e-01 2.575574219226837158e-01 -5.453720688819885254e-02
1.234122291207313538e-01 -2.263382077217102051e-01 9.661989212036132812e-01 -2.629398107528686523e-01
0.000000000000000000e+00 0.000000000000000000e+00 0.000000000000000000e+00 1.000000000000000000e+00
8.992104530334472656e-01 4.372659325599670410e-01 -1.479375548660755157e-02 -2.459849976003170013e-02
-4.012362957000732422e-01 8.376560211181640625e-01 3.705962002277374268e-01 -9.195400029420852661e-02
1.744413077831268311e-01 -3.273081779479980469e-01 9.286762475967407227e-01 -2.533836662769317627e-01
0.000000000000000000e+00 0.000000000000000000e+00 0.000000000000000000e+00 1.000000000000000000e+00
9.058619141578674316e-01 4.235129654407501221e-01 -7.125254254788160324e-03 -2.781806327402591705e-02
-3.739423155784606934e-01 8.075089454650878906e-01 4.561756551265716553e-01 -1.202862113714218140e-01
1.989501714706420898e-01 -4.105676710605621338e-01 8.898611068725585938e-01 -2.437361478805541992e-01
0.000000000000000000e+00 0.000000000000000000e+00 0.000000000000000000e+00 1.000000000000000000e+00
9.151475429534912109e-01 4.031015634536743164e-01 -3.742279484868049622e-03 -3.167974948883056641e-02
-3.350303769111633301e-01 7.657050490379333496e-01 5.490448474884033203e-01 -1.511976867914199829e-01
2.241864502429962158e-01 -5.012031793594360352e-01 8.357844352722167969e-01 -2.304213047027587891e-01
0.000000000000000000e+00 0.000000000000000000e+00 0.000000000000000000e+00 1.000000000000000000e+00
9.094427824020385742e-01 4.154433906078338623e-01 1.789652742445468903e-02 -3.919586166739463806e-02
-3.330125212669372559e-01 7.018695473670959473e-01 6.296678781509399414e-01 -1.755957007408142090e-01
2.490305155515670776e-01 -5.786066651344299316e-01 7.766581773757934570e-01 -2.161693125963211060e-01
0.000000000000000000e+00 0.000000000000000000e+00 0.000000000000000000e+00 1.000000000000000000e+00
9.171210527420043945e-01 3.972069621086120605e-01 3.340268507599830627e-02 -4.579254984855651855e-02
-2.955966889858245850e-01 6.214997768402099609e-01 7.255070209503173828e-01 -2.060044556856155396e-01
2.674168348312377930e-01 -6.752514243125915527e-01 6.874036192893981934e-01 -1.916466802358627319e-01
0.000000000000000000e+00 0.000000000000000000e+00 0.000000000000000000e+00 1.000000000000000000e+00
9.258257150650024414e-01 3.740469515323638916e-01 5.418046936392784119e-02 -5.372311919927597046e-02
-2.666528522968292236e-01 5.448523759841918945e-01 7.950044274330139160e-01 -2.290972769260406494e-01
2.678486406803131104e-01 -7.504829168319702148e-01 6.041791439056396484e-01 -1.664099842309951782e-01
0.000000000000000000e+00 0.000000000000000000e+00 0.000000000000000000e+00 1.000000000000000000e+00
9.323679208755493164e-01 3.579626381397247314e-01 5.052413791418075562e-02 -5.438818410038948059e-02
-2.273654639720916748e-01 4.719840884208679199e-01 8.517838716506958008e-01 -2.485346943140029907e-01
2.810602486133575439e-01 -8.056634664535522461e-01 5.214512348175048828e-01 -1.432336419820785522e-01
0.000000000000000000e+00 0.000000000000000000e+00 0.000000000000000000e+00 1.000000000000000000e+00
9.441638588905334473e-01 3.251239955425262451e-01 5.337671563029289246e-02 -5.851942300796508789e-02
-1.906825602054595947e-01 4.070948064327239990e-01 8.932602405548095703e-01 -2.626926898956298828e-01
2.686910331249237061e-01 -8.535619378089904785e-01 4.463596642017364502e-01 -1.219959259033203125e-01
0.000000000000000000e+00 0.000000000000000000e+00 0.000000000000000000e+00 1.000000000000000000e+00
9.555481076240539551e-01 2.908772528171539307e-01 4.815100505948066711e-02 -5.996412038803100586e-02
-1.503843367099761963e-01 3.403715789318084717e-01 9.281872510910034180e-01 -2.761051654815673828e-01
2.535992860794067383e-01 -8.941684961318969727e-01 3.689847588539123535e-01 -9.839037060737609863e-02
0.000000000000000000e+00 0.000000000000000000e+00 0.000000000000000000e+00 1.000000000000000000e+00
9.609572887420654297e-01 2.660146951675415039e-01 7.614070922136306763e-02 -7.050183415412902832e-02
-1.461800038814544678e-01 2.544368207454681396e-01 9.559775590896606445e-01 -2.887705564498901367e-01
2.349311411380767822e-01 -9.297837018966674805e-01 2.833888828754425049e-01 -6.809206306934356689e-02
0.000000000000000000e+00 0.000000000000000000e+00 0.000000000000000000e+00 1.000000000000000000e+00
9.741196036338806152e-01 2.175201922655105591e-01 6.144621595740318298e-02 -6.936349719762802124e-02
-9.596578031778335571e-02 1.518740057945251465e-01 9.837299585342407227e-01 -3.015996217727661133e-01
2.046490311622619629e-01 -9.641678333282470703e-01 1.688179224729537964e-01 -2.786542475223541260e-02
0.000000000000000000e+00 0.000000000000000000e+00 0.000000000000000000e+00 1.000000000000000000e+00
9.923534989356994629e-01 1.214516907930374146e-01 2.200542949140071869e-02 -5.956992134451866150e-02
-3.882489725947380066e-02 1.379117667675018311e-01 9.896832704544067383e-01 -3.048604726791381836e-01
1.171638518571853638e-01 -9.829698204994201660e-01 1.415725946426391602e-01 -1.947226189076900482e-02
0.000000000000000000e+00 0.000000000000000000e+00 0.000000000000000000e+00 1.000000000000000000e+00
9.950895905494689941e-01 9.892881661653518677e-02 -3.154246369376778603e-03 -5.369469523429870605e-02
-2.099776640534400940e-02 2.421370297670364380e-01 9.700146913528442383e-01 -3.009780943393707275e-01
9.672617912292480469e-02 -9.651851058006286621e-01 2.430252581834793091e-01 -5.187116190791130066e-02
0.000000000000000000e+00 0.000000000000000000e+00 0.000000000000000000e+00 1.000000000000000000e+00
9.981374144554138184e-01 3.446402028203010559e-02 -5.033770948648452759e-02 -3.773882612586021423e-02
3.805910050868988037e-02 2.930844426155090332e-01 9.553285837173461914e-01 -3.077820241451263428e-01
4.767765477299690247e-02 -9.554651379585266113e-01 2.912268340587615967e-01 -6.504606455564498901e-02
0.000000000000000000e+00 0.000000000000000000e+00 0.000000000000000000e+00 1.000000000000000000e+00
9.883873462677001953e-01 -4.519342631101608276e-02 -1.450792551040649414e-01 -2.441286575049161911e-03
1.519202589988708496e-01 2.733690142631530762e-01 9.498365521430969238e-01 -3.185236155986785889e-01
-3.266212530434131622e-03 -9.608468413352966309e-01 2.770602405071258545e-01 -5.788439512252807617e-02
0.000000000000000000e+00 0.000000000000000000e+00 0.000000000000000000e+00 1.000000000000000000e+00
9.690971374511718750e-01 -5.844327807426452637e-02 -2.396558225154876709e-01 2.907472103834152222e-02
2.466066628694534302e-01 2.530603706836700439e-01 9.354921579360961914e-01 -3.233444094657897949e-01
5.974143277853727341e-03 -9.656834602355957031e-01 2.596525847911834717e-01 -5.114230141043663025e-02
0.000000000000000000e+00 0.000000000000000000e+00 0.000000000000000000e+00 1.000000000000000000e+00
9.736664891242980957e-01 -1.895383559167385101e-02 -2.271877527236938477e-01 2.382024005055427551e-02
2.226500958204269409e-01 2.932248413562774658e-01 9.297559857368469238e-01 -3.212222158908843994e-01
4.899463802576065063e-02 -9.558556675910949707e-01 2.897232770919799805e-01 -6.428343057632446289e-02
0.000000000000000000e+00 0.000000000000000000e+00 0.000000000000000000e+00 1.000000000000000000e+00
9.817706942558288574e-01 5.339092388749122620e-02 -1.824170202016830444e-01 5.474330857396125793e-03
1.550048589706420898e-01 3.305306434631347656e-01 9.309796094894409180e-01 -3.186470866203308105e-01
1.100002601742744446e-01 -9.422836899757385254e-01 3.162293136119842529e-01 -7.898847013711929321e-02
0.000000000000000000e+00 0.000000000000000000e+00 0.000000000000000000e+00 1.000000000000000000e+00
9.847437739372253418e-01 1.315848529338836670e-01 -1.138645485043525696e-01 -1.989227533340454102e-02
5.773765593767166138e-02 3.702039420604705811e-01 9.271543622016906738e-01 -3.118719160556793213e-01
1.641526073217391968e-01 -9.195837378501892090e-01 3.569587171077728271e-01 -9.953394532203674316e-02
0.000000000000000000e+00 0.000000000000000000e+00 0.000000000000000000e+00 1.000000000000000000e+00
9.758645892143249512e-01 2.177643924951553345e-01 -1.633164286613464355e-02 -5.328001454472541809e-02
-5.242058262228965759e-02 3.061979413032531738e-01 9.505234360694885254e-01 -3.132595419883728027e-01
2.119909077882766724e-01 -9.267261624336242676e-01 3.102231025695800781e-01 -8.889311552047729492e-02
0.000000000000000000e+00 0.000000000000000000e+00 0.000000000000000000e+00 1.000000000000000000e+00
9.118008613586425781e-01 3.976679742336273193e-01 1.023683622479438782e-01 -8.978798985481262207e-02
-2.408087253570556641e-01 3.159010410308837891e-01 9.177239537239074707e-01 -2.922574877738952637e-01
3.326113820075988770e-01 -8.614327311515808105e-01 3.838008344173431396e-01 -1.231276988983154297e-01
0.000000000000000000e+00 0.000000000000000000e+00 0.000000000000000000e+00 1.000000000000000000e+00
8.707216978073120117e-01 4.829111099243164062e-01 9.295431524515151978e-02 -8.577680587768554688e-02
-2.840095460414886475e-01 3.394831717014312744e-01 8.967105150222778320e-01 -2.820205688476562500e-01
4.014750719070434570e-01 -8.071851730346679688e-01 4.327467381954193115e-01 -1.471756845712661743e-01
0.000000000000000000e+00 0.000000000000000000e+00 0.000000000000000000e+00 1.000000000000000000e+00
8.233954310417175293e-01 5.617135167121887207e-01 8.060848712921142578e-02 -7.868719100952148438e-02
-3.575904667377471924e-01 4.033046662807464600e-01 8.423029780387878418e-01 -2.603852450847625732e-01
4.406233429908752441e-01 -7.223732471466064453e-01 5.329426527023315430e-01 -1.838584989309310913e-01
0.000000000000000000e+00 0.000000000000000000e+00 0.000000000000000000e+00 1.000000000000000000e+00
7.975674867630004883e-01 6.018097996711730957e-01 4.136420786380767822e-02 -6.476265192031860352e-02
-4.247273206710815430e-01 5.115433931350708008e-01 7.469469904899597168e-01 -2.246313840150833130e-01
4.283604919910430908e-01 -6.133090853691101074e-01 6.635954976081848145e-01 -2.268485575914382935e-01
0.000000000000000000e+00 0.000000000000000000e+00 0.000000000000000000e+00 1.000000000000000000e+00
7.728095650672912598e-01 6.343428492546081543e-01 1.934902369976043701e-02 -5.677316337823867798e-02
-5.041059255599975586e-01 5.950517058372497559e-01 6.259317994117736816e-01 -1.785929203033447266e-01
3.855418264865875244e-01 -4.934800267219543457e-01 7.796376347541809082e-01 -2.623164653778076172e-01
0.000000000000000000e+00 0.000000000000000000e+00 0.000000000000000000e+00 1.000000000000000000e+00
7.497532367706298828e-01 6.615840196609497070e-01 1.328709535300731659e-02 -5.310311913490295410e-02
-5.674386024475097656e-01 6.324719786643981934e-01 5.272499322891235352e-01 -1.417914330959320068e-01
3.404164612293243408e-01 -4.028469026088714600e-01 8.496062755584716797e-01 -2.829677164554595947e-01
0.000000000000000000e+00 0.000000000000000000e+00 0.000000000000000000e+00 1.000000000000000000e+00
6.489248871803283691e-01 7.607947587966918945e-01 9.359981864690780640e-03 -4.507851228117942810e-02
-6.785330176353454590e-01 5.731061100959777832e-01 4.595019519329071045e-01 -1.112104728817939758e-01
3.442225158214569092e-01 -3.045332729816436768e-01 8.881273269653320312e-01 -2.975991964340209961e-01
0.000000000000000000e+00 0.000000000000000000e+00 0.000000000000000000e+00 1.000000000000000000e+00
5.795561671257019043e-01 8.145527243614196777e-01 -2.486635372042655945e-02 -2.889388985931873322e-02
-7.411856651306152344e-01 5.395485162734985352e-01 3.994133174419403076e-01 -8.650022745132446289e-02
3.387598991394042969e-01 -2.130518257617950439e-01 9.164336323738098145e-01 -3.080433011054992676e-01
0.000000000000000000e+00 0.000000000000000000e+00 0.000000000000000000e+00 1.000000000000000000e+00
5.379028916358947754e-01 8.410468697547912598e-01 -5.745021253824234009e-02 -1.385340001434087753e-02
-7.837136387825012207e-01 5.240134000778198242e-01 3.334707319736480713e-01 -6.080302223563194275e-02
3.105692267417907715e-01 -1.343503296375274658e-01 9.410083293914794922e-01 -3.146650791168212891e-01
0.000000000000000000e+00 0.000000000000000000e+00 0.000000000000000000e+00 1.000000000000000000e+00
5.048179030418395996e-01 8.540189266204833984e-01 -1.257396489381790161e-01 1.166369207203388214e-02
-8.164174556732177734e-01 5.196663737297058105e-01 2.518119513988494873e-01 -3.082282282412052155e-02
2.803948521614074707e-01 -2.446310967206954956e-02 9.595729708671569824e-01 -3.194765150547027588e-01
0.000000000000000000e+00 0.000000000000000000e+00 0.000000000000000000e+00 1.000000000000000000e+00
4.471775293350219727e-01 8.783257603645324707e-01 -1.690441370010375977e-01 3.139057010412216187e-02
-8.538553118705749512e-01 4.754786491394042969e-01 2.117805033922195435e-01 -1.429533027112483978e-02
2.663891613483428955e-01 4.963581264019012451e-02 9.625866413116455078e-01 -3.199482262134552002e-01
0.000000000000000000e+00 0.000000000000000000e+00 0.000000000000000000e+00 1.000000000000000000e+00
