-0.1664678454399109 0.8479635715484619 -0.5032355785369873 0.186861976981163 
-0.9774338006973267 -0.07459752261638641 0.1976316273212433 -0.0242902860045433 
0.1300442218780518 0.5247787833213806 0.841246485710144 -0.2560064196586609 
0 0 0 1 

-0.2756258845329285 0.165866419672966 -0.946846604347229 0.3099042475223541 
-0.9591143727302551 0.01839658990502357 0.2824197709560394 -0.05225032567977905 
0.06426259875297546 0.98597651720047 0.1540144830942154 -0.03565710037946701 
0 0 0 1 

0.6765983700752258 0.4202876389026642 -0.6046261191368103 0.1573014855384827 
-0.2985835373401642 0.9071692228317261 0.2964656054973602 -0.05166690424084663 
0.6730990409851074 -0.02005664817988873 0.7392802238464355 -0.2526404857635498 
0 0 0 1 

0.6695598959922791 0.4528259336948395 -0.5887597799301147 0.1521011739969254 
-0.2353151738643646 0.8811584115028381 0.4101056456565857 -0.09115664660930634 
0.7044970989227295 -0.1360461264848709 0.6965451836585999 -0.2408149838447571 
0 0 0 1 

0.6651058197021484 0.4850203990936279 -0.5677934885025024 0.1455020159482956 
-0.1549795866012573 0.8334536552429199 0.5304114818572998 -0.135324701666832 
0.73048996925354 -0.2647833228111267 0.6295031309127808 -0.221658006310463 
0 0 0 1 

0.6439139246940613 0.5216380953788757 -0.5597038865089417 0.1439867317676544 
-0.09289122372865677 0.7794350981712341 0.6195579767227173 -0.1690544337034225 
0.7594379186630249 -0.346950352191925 0.5503447651863098 -0.1983871906995773 
0 0 0 1 

0.6583822965621948 0.5335736870765686 -0.5308782458305359 0.1340512633323669 
-0.03118488565087318 0.7240455150604248 0.6890468001365662 -0.1967882812023163 
0.7520372867584229 -0.4371008276939392 0.4933381974697113 -0.1811671257019043 
0 0 0 1 

0.6749287247657776 0.537850558757782 -0.5051612854003906 0.1250849515199661 
0.02466848306357861 0.6677793264389038 0.743950366973877 -0.219221755862236 
0.7374703884124756 -0.5145750045776367 0.4374355375766754 -0.1648111194372177 
0 0 0 1 

0.7154138088226318 0.5262737274169922 -0.4595856368541718 0.1084120199084282 
0.06657730042934418 0.6034319996833801 0.794630229473114 -0.240008682012558 
0.6955217123031616 -0.5990874171257019 0.3966656625270844 -0.1526340991258621 
0 0 0 1 

0.7174012660980225 0.5280113220214844 -0.4544661343097687 0.1064113304018974 
0.08151101320981979 0.5842512845993042 0.8074691295623779 -0.2461930513381958 
0.6918752193450928 -0.6163233518600464 0.3761038780212402 -0.1473976671695709 
0 0 0 1 

