1.000000000000000000e+00 0.000000000000000000e+00 0.000000000000000000e+00 -1.792658120393753052e-02
0.000000000000000000e+00 1.000000000000000000e+00 0.000000000000000000e+00 2.243540808558464050e-02
0.000000000000000000e+00 0.000000000000000000e+00 1.000000000000000000e+00 -3.816788792610168457e-01
0.000000000000000000e+00 0.000000000000000000e+00 0.000000000000000000e+00 1.000000000000000000e+00
9.956247210502624512e-01 5.988714471459388733e-02 -7.172610610723495483e-02 1.246937550604343414e-02
-6.098234653472900391e-02 9.980519413948059082e-01 -1.317577622830867767e-02 2.473247982561588287e-02
7.079729437828063965e-02 1.749222539365291595e-02 9.973372220993041992e-01 -3.787996768951416016e-01
0.000000000000000000e+00 0.000000000000000000e+00 0.000000000000000000e+00 1.000000000000000000e+00
9.730049371719360352e-01 7.557251304388046265e-02 -2.180599123239517212e-01 7.170666754245758057e-02
-8.089873939752578735e-02 9.966005086898803711e-01 -1.558860670775175095e-02 2.627372369170188904e-02
2.161405235528945923e-01 3.280862048268318176e-02 9.758107662200927734e-01 -3.694655299186706543e-01
0.000000000000000000e+00 0.000000000000000000e+00 0.000000000000000000e+00 1.000000000000000000e+00
9.369490742683410645e-01 7.469781488180160522e-02 -3.413892984390258789e-01 1.222683191299438477e-01
-7.212290167808532715e-02 9.971901774406433105e-01 2.024793252348899841e-02 1.364948693662881851e-02
3.419425189495086670e-01 5.650720093399286270e-03 9.397038817405700684e-01 -3.559513688087463379e-01
0.000000000000000000e+00 0.000000000000000000e+00 0.000000000000000000e+00 1.000000000000000000e+00
9.083874821662902832e-01 8.975955098867416382e-02 -4.083812236785888672e-01 1.506123095750808716e-01
-7.590713351964950562e-02 9.958584308624267578e-01 5.003831163048744202e-02 5.751174874603748322e-03
4.111813306808471680e-01 -1.445508375763893127e-02 9.114387631416320801e-01 -3.436118066310882568e-01
0.000000000000000000e+00 0.000000000000000000e+00 0.000000000000000000e+00 1.000000000000000000e+00
3.431104123592376709e-01 1.396623402833938599e-01 -9.288538694381713867e-01 3.728106617927551270e-01
-8.911522477865219116e-02 9.892636537551879883e-01 1.158271729946136475e-01 -1.523421425372362137e-02
9.350580573081970215e-01 4.303354397416114807e-02 3.518727123737335205e-01 -1.332904696464538574e-01
0.000000000000000000e+00 0.000000000000000000e+00 0.000000000000000000e+00 1.000000000000000000e+00
2.973932921886444092e-01 1.529875844717025757e-01 -9.424180984497070312e-01 3.779660761356353760e-01
-7.627938687801361084e-02 9.877303838729858398e-01 1.362723112106323242e-01 -1.884032227098941803e-02
9.517029523849487305e-01 3.136061504483222961e-02 3.054141402244567871e-01 -1.080969870090484619e-01
0.000000000000000000e+00 0.000000000000000000e+00 0.000000000000000000e+00 1.000000000000000000e+00
2.901279032230377197e-01 1.495250165462493896e-01 -9.452342987060546875e-01 3.770006597042083740e-01
-7.585387676954269409e-02 9.882037043571472168e-01 1.330398619174957275e-01 -1.373460609465837479e-02
9.539768099784851074e-01 3.310112282633781433e-02 2.980474829673767090e-01 -9.658392518758773804e-02
0.000000000000000000e+00 0.000000000000000000e+00 0.000000000000000000e+00 1.000000000000000000e+00
3.140268623828887939e-01 1.442911028861999512e-01 -9.383853673934936523e-01 3.722719252109527588e-01
-8.356335759162902832e-02 9.887484908103942871e-01 1.240710616111755371e-01 -8.632317185401916504e-03
9.457294344902038574e-01 3.945300355553627014e-02 3.225510418415069580e-01 -9.559239447116851807e-02
0.000000000000000000e+00 0.000000000000000000e+00 0.000000000000000000e+00 1.000000000000000000e+00
3.286074399948120117e-01 1.529787629842758179e-01 -9.319949150085449219e-01 3.695714473724365234e-01
-1.065437197685241699e-01 9.865004420280456543e-01 1.243596524000167847e-01 -7.429727353155612946e-03
9.384377598762512207e-01 5.843272432684898376e-02 3.404702842235565186e-01 -9.249299764633178711e-02
0.000000000000000000e+00 0.000000000000000000e+00 0.000000000000000000e+00 1.000000000000000000e+00
3.514331281185150146e-01 1.462627649307250977e-01 -9.247172474861145020e-01 3.663042783737182617e-01
-1.271624267101287842e-01 9.860248565673828125e-01 1.076325029134750366e-01 1.090148463845252991e-03
9.275367856025695801e-01 7.976365089416503906e-02 3.651208877563476562e-01 -9.152909368276596069e-02
0.000000000000000000e+00 0.000000000000000000e+00 0.000000000000000000e+00 1.000000000000000000e+00
3.433320224285125732e-01 1.482628434896469116e-01 -9.274380207061767578e-01 3.676871061325073242e-01
-1.579536050558090210e-01 9.825120568275451660e-01 9.859364479780197144e-02 7.245120592415332794e-03
9.258368015289306641e-01 1.126418188214302063e-01 3.607464730739593506e-01 -8.091335743665695190e-02
0.000000000000000000e+00 0.000000000000000000e+00 0.000000000000000000e+00 1.000000000000000000e+00
3.489358723163604736e-01 1.577393710613250732e-01 -9.237759709358215332e-01 3.684993088245391846e-01
-1.576538980007171631e-01 9.815645813941955566e-01 1.080567911267280579e-01 7.454436738044023514e-03
9.237905740737915039e-01 1.079320013523101807e-01 3.673713207244873047e-01 -7.800327986478805542e-02
0.000000000000000000e+00 0.000000000000000000e+00 0.000000000000000000e+00 1.000000000000000000e+00
3.518671095371246338e-01 1.731405854225158691e-01 -9.198977351188659668e-01 3.703731894493103027e-01
-1.847878396511077881e-01 9.762529134750366211e-01 1.130650043487548828e-01 8.434324525296688080e-03
9.176289439201354980e-01 1.302020549774169922e-01 3.755056262016296387e-01 -7.529009133577346802e-02
0.000000000000000000e+00 0.000000000000000000e+00 0.000000000000000000e+00 1.000000000000000000e+00
3.534190654754638672e-01 1.819143146276473999e-01 -9.176067113876342773e-01 3.729073703289031982e-01
-2.006050795316696167e-01 9.728281497955322266e-01 1.155982241034507751e-01 1.007259357720613480e-02
9.137026071548461914e-01 1.432219743728637695e-01 3.803089559078216553e-01 -7.152151316404342651e-02
0.000000000000000000e+00 0.000000000000000000e+00 0.000000000000000000e+00 1.000000000000000000e+00
3.527283966541290283e-01 1.961435228586196899e-01 -9.149373173713684082e-01 3.760199844837188721e-01
-2.264537066221237183e-01 9.666117429733276367e-01 1.199185848236083984e-01 9.956578724086284637e-03
9.079103469848632812e-01 1.648922860622406006e-01 3.853688538074493408e-01 -6.546875089406967163e-02
0.000000000000000000e+00 0.000000000000000000e+00 0.000000000000000000e+00 1.000000000000000000e+00
3.698643445968627930e-01 2.046502083539962769e-01 -9.062662720680236816e-01 3.781946301460266113e-01
-2.420304566621780396e-01 9.629829525947570801e-01 1.186805963516235352e-01 1.270662434399127960e-02
8.970069885253906250e-01 1.754483431577682495e-01 4.057046473026275635e-01 -6.522839516401290894e-02
0.000000000000000000e+00 0.000000000000000000e+00 0.000000000000000000e+00 1.000000000000000000e+00
4.022010564804077148e-01 2.108957916498184204e-01 -8.909304738044738770e-01 3.779269158840179443e-01
-2.677172124385833740e-01 9.576671719551086426e-01 1.058352291584014893e-01 1.822991296648979187e-02
8.755350708961486816e-01 1.959504187107086182e-01 4.416351914405822754e-01 -7.105091959238052368e-02
0.000000000000000000e+00 0.000000000000000000e+00 0.000000000000000000e+00 1.000000000000000000e+00
4.688796699047088623e-01 2.385013550519943237e-01 -8.504521250724792480e-01 3.791780173778533936e-01
-2.887603342533111572e-01 9.513367414474487305e-01 1.075913086533546448e-01 1.606280542910099030e-02
8.347270488739013672e-01 1.951294988393783569e-01 5.149322152137756348e-01 -8.602748066186904907e-02
0.000000000000000000e+00 0.000000000000000000e+00 0.000000000000000000e+00 1.000000000000000000e+00
4.941749572753906250e-01 2.862757444381713867e-01 -8.208757638931274414e-01 3.954148590564727783e-01
-2.988107800483703613e-01 9.426322579383850098e-01 1.488507091999053955e-01 -1.039429567754268646e-03
8.163962960243225098e-01 1.717283427715301514e-01 5.513675808906555176e-01 -8.710454404354095459e-02
0.000000000000000000e+00 0.000000000000000000e+00 0.000000000000000000e+00 1.000000000000000000e+00
3.340248763561248779e-01 2.667858302593231201e-01 -9.040201902389526367e-01 4.178598225116729736e-01
-3.146577179431915283e-01 9.356474876403808594e-01 1.598570644855499268e-01 -2.876075217500329018e-03
8.884918093681335449e-01 2.310607433319091797e-01 3.964757919311523438e-01 -1.601614430546760559e-02
0.000000000000000000e+00 0.000000000000000000e+00 0.000000000000000000e+00 1.000000000000000000e+00
