0.3362774252891541 0.4534009993076324 -0.8254361748695374 0.3044611513614655 
0.118289902806282 0.8492034673690796 0.5146465301513672 -0.1535142660140991 
0.9343044757843018 -0.2707047462463379 0.2319352030754089 0.002073011826723814 
0 0 0 1 

0.3419045805931091 0.5017063617706299 -0.7946016192436218 0.2891855239868164 
0.1362565606832504 0.8101574182510376 0.5701570510864258 -0.1747947633266449 
0.9298037886619568 -0.3032089471817017 0.2086357921361923 0.006725410930812359 
0 0 0 1 

0.3614399135112762 0.5482231974601746 -0.7541965246200562 0.2703280746936798 
0.1625099331140518 0.7594596147537231 0.629929780960083 -0.1938855797052383 
0.9181239604949951 -0.3502461612224579 0.1854072958230972 0.01083935890346766 
0 0 0 1 

0.3794943988323212 0.5665135979652405 -0.7314686179161072 0.256980299949646 
0.1610057502985001 0.7381093502044678 0.6551883816719055 -0.2028190344572067 
0.9110768437385559 -0.3664109408855438 0.1888963729143143 0.006851553451269865 
0 0 0 1 

0.375646710395813 0.5884084701538086 -0.7160062193870544 0.2454811334609985 
0.1720013022422791 0.7149016261100769 0.677739679813385 -0.2090926766395569 
0.9106617569923401 -0.3777446150779724 0.1673434227705002 0.01018466893583536 
0 0 0 1 

0.3584926128387451 0.6333192586898804 -0.6858496069908142 0.2296420335769653 
0.1729434132575989 0.6769092679023743 0.7154609560966492 -0.220412477850914 
0.9173731803894043 -0.3751005828380585 0.1331386119127274 0.0166727788746357 
0 0 0 1 

0.2875258922576904 0.7066847085952759 -0.6464718580245972 0.2072237432003021 
0.1307709366083145 0.6396868228912354 0.7574297785758972 -0.230671688914299 
0.9488034844398499 -0.3023204505443573 0.09151269495487213 0.01969093084335327 
0 0 0 1 

0.2222471237182617 0.7476083636283875 -0.6258498430252075 0.1973003000020981 
0.1262975484132767 0.6144200563430786 0.7788048982620239 -0.234614223241806 
0.9667757749557495 -0.2521304786205292 0.04213195666670799 0.02846475318074226 
0 0 0 1 

0.335417240858078 0.6778759360313416 -0.6542013883590698 0.1997246444225311 
0.3799477815628052 0.5381064414978027 0.7523836493492126 -0.2842088639736176 
0.8620527386665344 -0.500924825668335 -0.07706732302904129 0.01763255521655083 
0 0 0 1 

0.2688103914260864 0.7034167051315308 -0.6579867601394653 0.2072201818227768 
0.3966186940670013 0.5416911840438843 0.7411238551139832 -0.2801812291145325 
0.8777443170547485 -0.4601914882659912 -0.1333758383989334 0.04072139412164688 
0 0 0 1 

