-0.9945489764213562 -0.1016109883785248 -0.02340506762266159 0.05632347241044044 
-0.0998607873916626 0.9927674531936646 -0.06663749366998672 0.04084425047039986 
0.0300068911164999 -0.0639369934797287 -0.9975027441978455 0.3092074394226074 
0 0 0 1 

-0.9999675154685974 -0.008048134855926037 -0.0006730697932653129 0.04964342713356018 
-0.008025027811527252 0.9995406270027161 -0.02922613732516766 0.01846213079988956 
0.0009079764713533223 -0.02921978384256363 -0.9995726943016052 0.3131063580513 
0 0 0 1 

-0.8990890383720398 -0.4066982865333557 -0.1619735956192017 0.09595425426959991 
-0.4073278605937958 0.9127613306045532 -0.03083502687513828 0.03456338867545128 
0.1603837907314301 0.03825292736291885 -0.9863131642341614 0.3086128532886505 
0 0 0 1 

-0.8743148446083069 -0.4245550930500031 -0.2352151274681091 0.1193041950464249 
-0.4414481818675995 0.8970217108726501 0.02180834673345089 0.02188626304268837 
0.2017342299222946 0.1229026615619659 -0.971698522567749 0.3032926023006439 
0 0 0 1 

-0.8530844449996948 -0.3396587073802948 -0.3960795998573303 0.1727721393108368 
-0.3945723474025726 0.9166498184204102 0.06376344710588455 0.005972504150122404 
0.3414084911346436 0.2106776386499405 -0.9159995913505554 0.2800100445747375 
0 0 0 1 

-0.7303473353385925 -0.3896716237068176 -0.5610246062278748 0.2280262559652328 
-0.6138808727264404 0.7346336245536804 0.288900762796402 -0.06084996834397316 
0.2995711266994476 0.5554002523422241 -0.775749683380127 0.2341889888048172 
0 0 0 1 

-0.7538778781890869 -0.3996177613735199 -0.5215110182762146 0.2152253538370132 
-0.6180741190910339 0.7005621194839478 0.3566470742225647 -0.08359705656766891 
0.2228283435106277 0.5912008285522461 -0.7751315832138062 0.2372688055038452 
0 0 0 1 

-0.8191704750061035 -0.40137979388237 -0.4097000360488892 0.177851602435112 
-0.5691765546798706 0.6569448113441467 0.4944305717945099 -0.1340992152690887 
0.07069586217403412 0.6382145285606384 -0.7666057944297791 0.2402663379907608 
0 0 0 1 

-0.8791578412055969 -0.3943046033382416 -0.2675912380218506 0.1314396411180496 
-0.4692447185516357 0.6185185313224792 0.6302731037139893 -0.1848341673612595 
-0.0830094963312149 0.6796754002571106 -0.728800892829895 0.2330338954925537 
0 0 0 1 

-0.8937861919403076 -0.395581841468811 -0.2113319784402847 0.1124438941478729 
-0.4265889525413513 0.6043789982795715 0.6728654503822327 -0.1989471167325974 
-0.1384487301111221 0.6915497183799744 -0.708936333656311 0.2284342497587204 
0 0 0 1 

