0.7258490920066833 0.6869396567344666 -0.03545128181576729 -0.0115871038287878 
-0.6821983456611633 0.7123289704322815 -0.1649017482995987 0.08425310999155045 
-0.08802460879087448 0.1438785791397095 0.9856727719306946 -0.2907297313213348 
0 0 0 1 

0.5307212471961975 0.8200739622116089 -0.2140406519174576 0.05427869036793709 
-0.8432419300079346 0.485491007566452 -0.2307406216859818 0.1054051145911217 
-0.08530963957309723 0.3029470145702362 0.9491813778877258 -0.2682466804981232 
0 0 0 1 

0.5933423638343811 0.7776598334312439 -0.2078214287757874 0.04789832979440689 
-0.7957432866096497 0.527733325958252 -0.297135978937149 0.1216788664460182 
-0.121396504342556 0.3416759073734283 0.9319444298744202 -0.2595177888870239 
0 0 0 1 

0.6746433973312378 0.7158272862434387 -0.1801318675279617 0.033561110496521 
-0.7202745079994202 0.585037887096405 -0.3727400302886963 0.1373708546161652 
-0.1614335626363754 0.38121098279953 0.9102842211723328 -0.2490752935409546 
0 0 0 1 

0.7385344505310059 0.6537026166915894 -0.1650444269180298 0.02528669871389866 
-0.6471582651138306 0.6186747550964355 -0.4454521536827087 0.1518180221319199 
-0.1890845000743866 0.4357916116714478 0.8799617290496826 -0.2351094931364059 
0 0 0 1 

0.7648173570632935 0.6282757520675659 -0.1425613313913345 0.01687036454677582 
-0.5944870710372925 0.6029734015464783 -0.5319847464561462 0.1712854355573654 
-0.248272642493248 0.4916220307350159 0.8346666097640991 -0.2144351899623871 
0 0 0 1 

0.7931293845176697 0.5901380181312561 -0.1506084352731705 0.01608752459287643 
-0.5350170731544495 0.5569149851799011 -0.6352969408035278 0.1979110240936279 
-0.29103684425354 0.5844507217407227 0.7574396133422852 -0.1861708164215088 
0 0 0 1 

0.8192236423492432 0.5550191402435303 -0.1443132907152176 0.01213368121534586 
-0.4752338826656342 0.5161894559860229 -0.7125315070152283 0.2181323021650314 
-0.3209756314754486 0.6523051857948303 0.6866385936737061 -0.1612872630357742 
0 0 0 1 

0.8385891914367676 0.5386165380477905 -0.08161059021949768 -0.01384453382343054 
-0.4461871087551117 0.5931428670883179 -0.6701479554176331 0.2167710363864899 
-0.3125461637973785 0.5983924269676208 0.7377271056175232 -0.1799441277980804 
0 0 0 1 

0.8440608978271484 0.5319041609764099 -0.06811705231666565 -0.01765020936727524 
-0.4642512798309326 0.6612423658370972 -0.5892621278762817 0.193118616938591 
-0.2683888971805573 0.5289961695671082 0.8050656318664551 -0.2014425545930862 
0 0 0 1 

