-0.2263148725032806 0.7122846841812134 0.6644033193588257 -0.1989665925502777 
-0.8940398693084717 0.1188377216458321 -0.4319376349449158 0.1833349615335464 
-0.3866187036037445 -0.6917570829391479 0.6099163889884949 -0.1870175898075104 
0 0 0 1 

-0.1981810480356216 0.6833071708679199 0.7027201056480408 -0.2142495959997177 
-0.9289398193359375 0.09780159592628479 -0.3570792675018311 0.1592424809932709 
-0.3127219080924988 -0.7235510945320129 0.6153688430786133 -0.1899358034133911 
0 0 0 1 

-0.1418547034263611 0.6520198583602905 0.7448137402534485 -0.2308980971574783 
-0.9581137895584106 0.09866809099912643 -0.2688543498516083 0.129386380314827 
-0.2487877309322357 -0.7517544627189636 0.6107125878334045 -0.1866263449192047 
0 0 0 1 

-0.17617067694664 0.5535053014755249 0.8139998316764832 -0.2547507584095001 
-0.9617924690246582 0.07926306873559952 -0.2620543241500854 0.1292557269334793 
-0.2095686048269272 -0.8290652632713318 0.5183934569358826 -0.1506258249282837 
0 0 0 1 

-0.2257215827703476 0.5158424377441406 0.8264117836952209 -0.2577314078807831 
-0.9691380262374878 -0.03260532021522522 -0.2443529218435287 0.1260742396116257 
-0.09910217672586441 -0.8560628294944763 0.5072822570800781 -0.1457162499427795 
0 0 0 1 

-0.3812032043933868 0.3825653195381165 0.8416220545768738 -0.2328125238418579 
-0.919373095035553 -0.2525324523448944 -0.3016292154788971 0.1388788670301437 
0.09714407473802567 -0.8887467980384827 0.4479866325855255 -0.1426637321710587 
0 0 0 1 

-0.2078054398298264 0.2446245849132538 0.9470880031585693 -0.27965247631073 
-0.9270970225334167 -0.3580258190631866 -0.1109441369771957 0.09131826460361481 
0.3119423389434814 -0.901097297668457 0.3011903762817383 -0.1145235598087311 
0 0 0 1 

-0.197870284318924 0.4935026168823242 0.8469371795654297 -0.250658243894577 
-0.9576468467712402 -0.281713455915451 -0.05958348512649536 0.07781702280044556 
0.2091889530420303 -0.8228564858436584 0.5283438563346863 -0.1773502230644226 
0 0 0 1 

-0.1782181113958359 0.488714724779129 0.8540468215942383 -0.2560047209262848 
-0.9792143106460571 -0.1735016703605652 -0.1050539389252663 0.09297826141119003 
0.09683723747730255 -0.8550174832344055 0.5094777941703796 -0.1611107289791107 
0 0 0 1 

-0.1282167285680771 0.5677047371864319 0.8131857514381409 -0.2491749227046967 
-0.9914254546165466 -0.09421955049037933 -0.09054321795701981 0.08538512140512466 
0.02521631866693497 -0.8178223371505737 0.5749178528785706 -0.1759404093027115 
0 0 0 1 

