1.000000000000000000e+00 0.000000000000000000e+00 0.000000000000000000e+00 -4.542167112231254578e-02
0.000000000000000000e+00 1.000000000000000000e+00 0.000000000000000000e+00 9.935460984706878662e-04
0.000000000000000000e+00 0.000000000000000000e+00 1.000000000000000000e+00 -2.875000238418579102e-01
0.000000000000000000e+00 0.000000000000000000e+00 0.000000000000000000e+00 1.000000000000000000e+00
9.957559108734130859e-01 8.629151433706283569e-02 3.199822083115577698e-02 -5.316230282187461853e-02
-8.570785075426101685e-02 9.961355924606323242e-01 -1.918712444603443146e-02 1.095046103000640869e-02
-3.353024274110794067e-02 1.636319793760776520e-02 9.993036985397338867e-01 -2.924197912216186523e-01
0.000000000000000000e+00 0.000000000000000000e+00 0.000000000000000000e+00 1.000000000000000000e+00
9.847482442855834961e-01 1.662214696407318115e-01 5.139632523059844971e-02 -5.729759112000465393e-02
-1.635548323392868042e-01 9.851430654525756836e-01 -5.236899107694625854e-02 2.567589282989501953e-02
-5.933763831853866577e-02 4.316413775086402893e-02 9.973045587539672852e-01 -2.914197742938995361e-01
0.000000000000000000e+00 0.000000000000000000e+00 0.000000000000000000e+00 1.000000000000000000e+00
9.646736383438110352e-01 2.571796476840972900e-01 5.712783336639404297e-02 -5.676727369427680969e-02
-2.525597810745239258e-01 9.644957184791564941e-01 -7.721163332462310791e-02 3.861838579177856445e-02
-7.495685666799545288e-02 6.005577743053436279e-02 9.953764081001281738e-01 -2.907451987266540527e-01
0.000000000000000000e+00 0.000000000000000000e+00 0.000000000000000000e+00 1.000000000000000000e+00
9.349601268768310547e-01 3.485505282878875732e-01 6.604139506816864014e-02 -5.651266872882843018e-02
-3.388936221599578857e-01 9.325895309448242188e-01 -1.242074593901634216e-01 5.763013288378715515e-02
-1.048821210861206055e-01 9.374797344207763672e-02 9.900559782981872559e-01 -2.881174385547637939e-01
0.000000000000000000e+00 0.000000000000000000e+00 0.000000000000000000e+00 1.000000000000000000e+00
8.890542387962341309e-01 4.550420045852661133e-01 5.018358305096626282e-02 -4.855174943804740906e-02
-4.452576339244842529e-01 8.849687576293945312e-01 -1.362914592027664185e-01 6.568915396928787231e-02
-1.064293086528778076e-01 9.882590919733047485e-02 9.893971681594848633e-01 -2.890703678131103516e-01
0.000000000000000000e+00 0.000000000000000000e+00 0.000000000000000000e+00 1.000000000000000000e+00
8.405423164367675781e-01 5.406433939933776855e-01 3.453443199396133423e-02 -4.060327261686325073e-02
-5.283706784248352051e-01 8.322007060050964355e-01 -1.681249141693115234e-01 7.971673458814620972e-02
-1.196352392435073853e-01 1.230691522359848022e-01 9.851609468460083008e-01 -2.877430617809295654e-01
0.000000000000000000e+00 0.000000000000000000e+00 0.000000000000000000e+00 1.000000000000000000e+00
7.892798781394958496e-01 6.138539910316467285e-01 1.485336665064096451e-02 -3.173964098095893860e-02
-6.029786467552185059e-01 7.794121503829956055e-01 -1.700987815856933594e-01 8.351186662912368774e-02
-1.159927621483802795e-01 1.252992749214172363e-01 9.853152036666870117e-01 -2.889547944068908691e-01
0.000000000000000000e+00 0.000000000000000000e+00 0.000000000000000000e+00 1.000000000000000000e+00
7.172918319702148438e-01 6.966947913169860840e-01 -1.046928763389587402e-02 -1.855836808681488037e-02
-6.886734962463378906e-01 7.065886259078979492e-01 -1.626682430505752563e-01 8.441938459873199463e-02
-1.059326678514480591e-01 1.238905414938926697e-01 9.866254329681396484e-01 -2.901898026466369629e-01
0.000000000000000000e+00 0.000000000000000000e+00 0.000000000000000000e+00 1.000000000000000000e+00
6.395644545555114746e-01 7.686062455177307129e-01 -1.421549543738365173e-02 -1.194123178720474243e-02
-7.620722651481628418e-01 6.314806938171386719e-01 -1.430989503860473633e-01 8.065995573997497559e-02
-1.010099202394485474e-01 1.023541986942291260e-01 9.896060228347778320e-01 -2.926969826221466064e-01
0.000000000000000000e+00 0.000000000000000000e+00 0.000000000000000000e+00 1.000000000000000000e+00
5.462258458137512207e-01 8.373757600784301758e-01 -2.097069099545478821e-02 -4.214686807245016098e-03
-8.349138498306274414e-01 5.422615408897399902e-01 -9.418640285730361938e-02 6.729850918054580688e-02
-6.749781966209411621e-02 6.895578652620315552e-02 9.953339099884033203e-01 -2.984755635261535645e-01
0.000000000000000000e+00 0.000000000000000000e+00 0.000000000000000000e+00 1.000000000000000000e+00
4.525270760059356689e-01 8.893707394599914551e-01 -6.510066986083984375e-02 1.628708094358444214e-02
-8.914380669593811035e-01 4.492281079292297363e-01 -5.943479388952255249e-02 5.676547437906265259e-02
-2.361453883349895477e-02 8.492913097143173218e-02 9.961073994636535645e-01 -3.026914298534393311e-01
0.000000000000000000e+00 0.000000000000000000e+00 0.000000000000000000e+00 1.000000000000000000e+00
3.488729596138000488e-01 9.338411688804626465e-01 -7.891322672367095947e-02 2.451745048165321350e-02
-9.370750784873962402e-01 3.487992882728576660e-01 -1.516751106828451157e-02 4.057468846440315247e-02
1.336081512272357941e-02 7.923915982246398926e-02 9.967656135559082031e-01 -3.046638965606689453e-01
0.000000000000000000e+00 0.000000000000000000e+00 0.000000000000000000e+00 1.000000000000000000e+00
2.691844105720520020e-01 9.580131173133850098e-01 -9.874291718006134033e-02 3.363544493913650513e-02
-9.604761004447937012e-01 2.745864391326904297e-01 4.569612443447113037e-02 1.735032908618450165e-02
7.089093327522277832e-02 8.253949135541915894e-02 9.940629005432128906e-01 -3.042691051959991455e-01
0.000000000000000000e+00 0.000000000000000000e+00 0.000000000000000000e+00 1.000000000000000000e+00
1.951592862606048584e-01 9.731588959693908691e-01 -1.219588071107864380e-01 4.241408407688140869e-02
-9.726207852363586426e-01 2.080338597297668457e-01 1.035928353667259216e-01 -3.978525288403034210e-03
1.261838674545288086e-01 9.840261936187744141e-02 9.871146678924560547e-01 -3.029321134090423584e-01
0.000000000000000000e+00 0.000000000000000000e+00 0.000000000000000000e+00 1.000000000000000000e+00
1.129726171493530273e-01 9.849395155906677246e-01 -1.308891177177429199e-01 4.698817059397697449e-02
-9.718572497367858887e-01 1.369440853595733643e-01 1.916760206222534180e-01 -3.429339826107025146e-02
2.067137062549591064e-01 1.055514141917228699e-01 9.726912975311279297e-01 -2.999867498874664307e-01
0.000000000000000000e+00 0.000000000000000000e+00 0.000000000000000000e+00 1.000000000000000000e+00
1.876949369907379150e-01 9.757887721061706543e-01 -1.122808903455734253e-01 4.026259854435920715e-02
-9.560710191726684570e-01 2.077037841081619263e-01 2.068489491939544678e-01 -3.870161250233650208e-02
2.251620441675186157e-01 6.852410733699798584e-02 9.719086885452270508e-01 -2.976872622966766357e-01
0.000000000000000000e+00 0.000000000000000000e+00 0.000000000000000000e+00 1.000000000000000000e+00
2.758270502090454102e-01 9.550011157989501953e-01 -1.090506166219711304e-01 3.704749792814254761e-02
-9.392233490943908691e-01 2.919037342071533203e-01 1.806963980197906494e-01 -2.810959517955780029e-02
2.043976932764053345e-01 5.258197337388992310e-02 9.774746298789978027e-01 -2.968601584434509277e-01
0.000000000000000000e+00 0.000000000000000000e+00 0.000000000000000000e+00 1.000000000000000000e+00
3.309373259544372559e-01 9.369165301322937012e-01 -1.125493943691253662e-01 3.661308810114860535e-02
-9.335047602653503418e-01 3.424862325191497803e-01 1.061700135469436646e-01 -1.674015657044947147e-03
1.380191445350646973e-01 6.992986798286437988e-02 9.879572987556457520e-01 -2.966699898242950439e-01
0.000000000000000000e+00 0.000000000000000000e+00 0.000000000000000000e+00 1.000000000000000000e+00
3.603011667728424072e-01 9.207673072814941406e-01 -1.495673507452011108e-01 4.673594981431961060e-02
-9.305639266967773438e-01 3.659567832946777344e-01 1.121792290359735489e-02 3.090261667966842651e-02
6.506425887346267700e-02 1.351401954889297485e-01 9.886878728866577148e-01 -2.924896180629730225e-01
0.000000000000000000e+00 0.000000000000000000e+00 0.000000000000000000e+00 1.000000000000000000e+00
4.003471434116363525e-01 9.021006822586059570e-01 -1.610471159219741821e-01 4.831080138683319092e-02
-9.163618683815002441e-01 3.944667875766754150e-01 -6.839025020599365234e-02 5.845234170556068420e-02
1.832755631767213345e-03 1.749572753906250000e-01 9.845746755599975586e-01 -2.878737151622772217e-01
0.000000000000000000e+00 0.000000000000000000e+00 0.000000000000000000e+00 1.000000000000000000e+00
4.567600488662719727e-01 8.677032589912414551e-01 -1.961115896701812744e-01 5.548222362995147705e-02
-8.878807425498962402e-01 4.310096204280853271e-01 -1.609288603067398071e-01 8.661833405494689941e-02
-5.511265620589256287e-02 2.476296573877334595e-01 9.672856330871582031e-01 -2.772264778614044189e-01
0.000000000000000000e+00 0.000000000000000000e+00 0.000000000000000000e+00 1.000000000000000000e+00
5.300406813621520996e-01 8.315683603286743164e-01 -1.659855544567108154e-01 4.100131243467330933e-02
-8.406651616096496582e-01 4.896659553050994873e-01 -2.313219010829925537e-01 1.058927997946739197e-01
-1.110823005437850952e-01 2.621480524539947510e-01 9.586126804351806641e-01 -2.703519761562347412e-01
0.000000000000000000e+00 0.000000000000000000e+00 0.000000000000000000e+00 1.000000000000000000e+00
5.833633542060852051e-01 7.928462624549865723e-01 -1.763030290603637695e-01 3.986001387238502502e-02
-7.998972535133361816e-01 5.231645703315734863e-01 -2.940459251403808594e-01 1.214371174573898315e-01
-1.408978253602981567e-01 3.125595748424530029e-01 9.393904209136962891e-01 -2.610848546028137207e-01
0.000000000000000000e+00 0.000000000000000000e+00 0.000000000000000000e+00 1.000000000000000000e+00
6.690164804458618164e-01 7.286562919616699219e-01 -1.465508937835693359e-01 2.497433125972747803e-02
-7.193561196327209473e-01 5.852073431015014648e-01 -3.742449879646301270e-01 1.383002251386642456e-01
-1.869335025548934937e-01 3.557979166507720947e-01 9.156759381294250488e-01 -2.496732920408248901e-01
0.000000000000000000e+00 0.000000000000000000e+00 0.000000000000000000e+00 1.000000000000000000e+00
7.291147708892822266e-01 6.710871458053588867e-01 -1.342903673648834229e-01 1.806430704891681671e-02
-6.496900916099548340e-01 6.170025467872619629e-01 -4.440827667713165283e-01 1.520992964506149292e-01
-2.151607871055603027e-01 4.110344946384429932e-01 8.858647942543029785e-01 -2.356293648481369019e-01
0.000000000000000000e+00 0.000000000000000000e+00 0.000000000000000000e+00 1.000000000000000000e+00
7.450926303863525391e-01 6.564601063728332520e-01 -1.178854554891586304e-01 1.077491790056228638e-02
-6.074284315109252930e-01 5.949072837829589844e-01 -5.264184474945068359e-01 1.709500998258590698e-01
-2.754418849945068359e-01 4.638370275497436523e-01 8.420135974884033203e-01 -2.152444273233413696e-01
0.000000000000000000e+00 0.000000000000000000e+00 0.000000000000000000e+00 1.000000000000000000e+00
7.766494750976562500e-01 6.174154877662658691e-01 -1.249533370137214661e-01 1.081882975995540619e-02
-5.414322018623352051e-01 5.528854727745056152e-01 -6.333786845207214355e-01 1.986008882522583008e-01
-3.219730257987976074e-01 5.595668554306030273e-01 7.636873722076416016e-01 -1.861068010330200195e-01
0.000000000000000000e+00 0.000000000000000000e+00 0.000000000000000000e+00 1.000000000000000000e+00
7.959803938865661621e-01 5.934941768646240234e-01 -1.190783753991127014e-01 7.246935274451971054e-03
-4.867379665374755859e-01 5.105898976325988770e-01 -7.087903022766113281e-01 2.183110415935516357e-01
-3.598628640174865723e-01 6.221432089805603027e-01 6.952958703041076660e-01 -1.617984324693679810e-01
0.000000000000000000e+00 0.000000000000000000e+00 0.000000000000000000e+00 1.000000000000000000e+00
8.250586390495300293e-01 5.522561073303222656e-01 -1.195466518402099609e-01 4.521044902503490448e-03
-4.211860895156860352e-01 4.600413739681243896e-01 -7.816416621208190918e-01 2.372376769781112671e-01
-3.766700327396392822e-01 6.952518224716186523e-01 6.121638417243957520e-01 -1.381403952836990356e-01
0.000000000000000000e+00 0.000000000000000000e+00 0.000000000000000000e+00 1.000000000000000000e+00
8.578686714172363281e-01 5.077288746833801270e-01 -7.920214533805847168e-02 -8.826941251754760742e-03
-3.298403620719909668e-01 4.258784949779510498e-01 -8.425157070159912109e-01 2.517879307270050049e-01
-3.940390646457672119e-01 7.488918900489807129e-01 5.328171849250793457e-01 -1.169928684830665588e-01
0.000000000000000000e+00 0.000000000000000000e+00 0.000000000000000000e+00 1.000000000000000000e+00
8.607923984527587891e-01 5.062581896781921387e-01 -5.234255641698837280e-02 -1.595801115036010742e-02
-2.473011463880538940e-01 3.261536061763763428e-01 -9.123954772949218750e-01 2.659666836261749268e-01
-4.448358118534088135e-01 7.983273863792419434e-01 4.059488177299499512e-01 -8.143989741802215576e-02
0.000000000000000000e+00 0.000000000000000000e+00 0.000000000000000000e+00 1.000000000000000000e+00
8.394160270690917969e-01 5.429366230964660645e-01 -2.448936738073825836e-02 -2.774845249950885773e-02
-1.093123629689216614e-01 1.245223879814147949e-01 -9.861766695976257324e-01 2.831923365592956543e-01
-5.323824286460876465e-01 8.304897546768188477e-01 1.638756990432739258e-01 -1.231820136308670044e-02
0.000000000000000000e+00 0.000000000000000000e+00 0.000000000000000000e+00 1.000000000000000000e+00
8.401096463203430176e-01 5.411456227302551270e-01 -3.709975630044937134e-02 -2.294111624360084534e-02
-1.088086143136024475e-01 1.011242344975471497e-01 -9.889053106307983398e-01 2.835437059402465820e-01
-5.313904285430908203e-01 8.348263502120971680e-01 1.438367962837219238e-01 -1.276381593197584152e-02
0.000000000000000000e+00 0.000000000000000000e+00 0.000000000000000000e+00 1.000000000000000000e+00
8.037229180335998535e-01 5.945016741752624512e-01 -2.444315515458583832e-02 -2.242809534072875977e-02
-1.140904650092124939e-01 1.136634200811386108e-01 -9.869470000267028809e-01 2.832526564598083496e-01
-5.839630961418151855e-01 7.960197925567626953e-01 1.591807901859283447e-01 -1.655188202857971191e-02
0.000000000000000000e+00 0.000000000000000000e+00 0.000000000000000000e+00 1.000000000000000000e+00
7.770479321479797363e-01 6.275599598884582520e-01 -4.864080250263214111e-02 -1.443098392337560654e-02
-2.512036859989166260e-01 2.383288890123367310e-01 -9.381343126296997070e-01 2.751703262329101562e-01
-5.771427154541015625e-01 7.411938905715942383e-01 3.428381979465484619e-01 -5.863786116242408752e-02
0.000000000000000000e+00 0.000000000000000000e+00 0.000000000000000000e+00 1.000000000000000000e+00
8.009359240531921387e-01 5.938645601272583008e-01 -7.633230090141296387e-02 -7.648658938705921173e-03
-3.106887340545654297e-01 3.032308816909790039e-01 -9.008461236953735352e-01 2.673218548297882080e-01
-5.118341445922851562e-01 7.452354431152343750e-01 4.273754656314849854e-01 -8.356638997793197632e-02
0.000000000000000000e+00 0.000000000000000000e+00 0.000000000000000000e+00 1.000000000000000000e+00
7.992619276046752930e-01 5.943167209625244141e-01 -8.926504850387573242e-02 -4.718244075775146484e-03
-3.687134087085723877e-01 3.676290214061737061e-01 -8.537556529045104980e-01 2.568807303905487061e-01
-4.745849668979644775e-01 7.152881622314453125e-01 5.129644870758056641e-01 -1.086970493197441101e-01
0.000000000000000000e+00 0.000000000000000000e+00 0.000000000000000000e+00 1.000000000000000000e+00
8.203388452529907227e-01 5.681072473526000977e-01 -6.556142121553421021e-02 -1.685043051838874817e-02
-4.585075080394744873e-01 5.848609805107116699e-01 -6.691102385520935059e-01 2.176546454429626465e-01
-3.417820930480957031e-01 5.789573192596435547e-01 7.402654290199279785e-01 -1.792994737625122070e-01
0.000000000000000000e+00 0.000000000000000000e+00 0.000000000000000000e+00 1.000000000000000000e+00
8.211913704872131348e-01 5.693512558937072754e-01 -3.851963579654693604e-02 -2.566447295248508453e-02
-4.730348289012908936e-01 6.414062976837158203e-01 -6.040162444114685059e-01 1.987830996513366699e-01
-3.191908001899719238e-01 5.142338871955871582e-01 7.960400581359863281e-01 -1.961475014686584473e-01
0.000000000000000000e+00 0.000000000000000000e+00 0.000000000000000000e+00 1.000000000000000000e+00
8.449180126190185547e-01 5.336363911628723145e-01 -3.667500615119934082e-02 -2.679751440882682800e-02
-4.681653380393981934e-01 7.046079635620117188e-01 -5.332438945770263672e-01 1.772427260875701904e-01
-2.587172389030456543e-01 4.677174389362335205e-01 8.451664447784423828e-01 -2.126305699348449707e-01
0.000000000000000000e+00 0.000000000000000000e+00 0.000000000000000000e+00 1.000000000000000000e+00
8.646560907363891602e-01 5.023607015609741211e-01 -2.018348546698689461e-03 -3.566274791955947876e-02
-4.622396230697631836e-01 7.940136790275573730e-01 -3.948118686676025391e-01 1.372391432523727417e-01
-1.967355757951736450e-01 3.423093259334564209e-01 9.187594652175903320e-01 -2.353939116001129150e-01
0.000000000000000000e+00 0.000000000000000000e+00 0.000000000000000000e+00 1.000000000000000000e+00
8.734975457191467285e-01 4.868262708187103271e-01 1.535046263597905636e-03 -3.490825742483139038e-02
-4.702178537845611572e-01 8.445057272911071777e-01 -2.563303112983703613e-01 9.855490922927856445e-02
-1.260847449302673340e-01 2.231821715831756592e-01 9.665878415107727051e-01 -2.516554296016693115e-01
0.000000000000000000e+00 0.000000000000000000e+00 0.000000000000000000e+00 1.000000000000000000e+00
8.771258592605590820e-01 4.802566468715667725e-01 1.870697597041726112e-03 -3.133407607674598694e-02
-4.796133339405059814e-01 8.761394023895263672e-01 -4.848715662956237793e-02 3.952173516154289246e-02
-2.492528967559337616e-02 4.163210093975067139e-02 9.988217949867248535e-01 -2.652176022529602051e-01
0.000000000000000000e+00 0.000000000000000000e+00 0.000000000000000000e+00 1.000000000000000000e+00
8.869826197624206543e-01 4.617560505867004395e-01 6.511114072054624557e-03 -3.120283409953117371e-02
-4.615083932876586914e-01 8.858282566070556641e-01 4.814608767628669739e-02 1.115998998284339905e-02
1.646401919424533844e-02 -4.570970684289932251e-02 9.988191723823547363e-01 -2.679258882999420166e-01
0.000000000000000000e+00 0.000000000000000000e+00 0.000000000000000000e+00 1.000000000000000000e+00
8.949957489967346191e-01 4.460342526435852051e-01 5.993140395730733871e-03 -3.056518174707889557e-02
-4.419953227043151855e-01 8.849184513092041016e-01 1.468299478292465210e-01 -1.954431459307670593e-02
6.018781289458274841e-02 -1.340610980987548828e-01 9.891437888145446777e-01 -2.671424746513366699e-01
0.000000000000000000e+00 0.000000000000000000e+00 0.000000000000000000e+00 1.000000000000000000e+00
8.986237049102783203e-01 4.386616945266723633e-01 7.179188076406717300e-03 -3.061489202082157135e-02
-4.255304336547851562e-01 8.675072789192199707e-01 2.575949430465698242e-01 -5.430838465690612793e-02
1.067690029740333557e-01 -2.345356941223144531e-01 9.662264585494995117e-01 -2.623320221900939941e-01
0.000000000000000000e+00 0.000000000000000000e+00 0.000000000000000000e+00 1.000000000000000000e+00
9.023287892341613770e-01 4.310354292392730713e-01 3.361272625625133514e-03 -2.919376268982887268e-02
-4.015783965587615967e-01 8.377773165702819824e-01 3.699499964714050293e-01 -9.144668281078338623e-02
1.566455811262130737e-01 -3.351663053035736084e-01 9.290455579757690430e-01 -2.529143393039703369e-01
0.000000000000000000e+00 0.000000000000000000e+00 0.000000000000000000e+00 1.000000000000000000e+00
9.057177901268005371e-01 4.238692224025726318e-01 3.102196613326668739e-03 -3.056732192635536194e-02
-3.781331479549407959e-01 8.046393394470214844e-01 4.577887356281280518e-01 -1.205569431185722351e-01
1.915466189384460449e-01 -4.158006310462951660e-01 8.890557289123535156e-01 -2.430375367403030396e-01
0.000000000000000000e+00 0.000000000000000000e+00 0.000000000000000000e+00 1.000000000000000000e+00
9.184694290161132812e-01 3.954825401306152344e-01 2.643402200192213058e-03 -3.325343504548072815e-02
-3.326176702976226807e-01 7.688214778900146484e-01 5.461489558219909668e-01 -1.501634269952774048e-01
2.139602303504943848e-01 -5.025003552436828613e-01 8.376840353012084961e-01 -2.304652184247970581e-01
0.000000000000000000e+00 0.000000000000000000e+00 0.000000000000000000e+00 1.000000000000000000e+00
9.146566987037658691e-01 4.034542441368103027e-01 2.504488267004489899e-02 -4.089543223381042480e-02
-3.285197317600250244e-01 7.058154940605163574e-01 6.276135444641113281e-01 -1.752801537513732910e-01
2.355364412069320679e-01 -5.822787284851074219e-01 7.781215906143188477e-01 -2.158576250076293945e-01
0.000000000000000000e+00 0.000000000000000000e+00 0.000000000000000000e+00 1.000000000000000000e+00
9.220547080039978027e-01 3.843719661235809326e-01 4.553717002272605896e-02 -4.901220276951789856e-02
-2.953707575798034668e-01 6.227134466171264648e-01 7.245578765869140625e-01 -2.056147605180740356e-01
2.501431405544281006e-01 -6.815325617790222168e-01 6.877081990242004395e-01 -1.907733827829360962e-01
0.000000000000000000e+00 0.000000000000000000e+00 0.000000000000000000e+00 1.000000000000000000e+00
9.294858574867248535e-01 3.632163703441619873e-01 6.425581872463226318e-02 -5.622832477092742920e-02
-2.684164345264434814e-01 5.465598106384277344e-01 7.932369709014892578e-01 -2.281768769025802612e-01
2.529970705509185791e-01 -7.545505166053771973e-01 6.055134534835815430e-01 -1.659535765647888184e-01
0.000000000000000000e+00 0.000000000000000000e+00 0.000000000000000000e+00 1.000000000000000000e+00
9.392672777175903320e-01 3.382675945758819580e-01 5.789572000503540039e-02 -5.647067353129386902e-02
-2.245215475559234619e-01 4.780981540679931641e-01 8.491242527961730957e-01 -2.476935088634490967e-01
2.595516741275787354e-01 -8.105536699295043945e-01 5.250104069709777832e-01 -1.430040001869201660e-01
0.000000000000000000e+00 0.000000000000000000e+00 0.000000000000000000e+00 1.000000000000000000e+00
9.509796500205993652e-01 3.038932681083679199e-01 5.732417851686477661e-02 -5.969400703907012939e-02
-1.856006979942321777e-01 4.125796556472778320e-01 8.918128013610839844e-01 -2.621261179447174072e-01
2.473651319742202759e-01 -8.587354421615600586e-01 4.487577974796295166e-01 -1.214893758296966553e-01
0.000000000000000000e+00 0.000000000000000000e+00 0.000000000000000000e+00 1.000000000000000000e+00
9.631879329681396484e-01 2.631121575832366943e-01 5.514155328273773193e-02 -6.112678349018096924e-02
-1.507909446954727173e-01 3.589717447757720947e-01 9.210872054100036621e-01 -2.726859152317047119e-01
2.225550562143325806e-01 -8.954948186874389648e-01 3.854321539402008057e-01 -1.016964316368103027e-01
0.000000000000000000e+00 0.000000000000000000e+00 0.000000000000000000e+00 1.000000000000000000e+00
9.692790508270263672e-01 2.361052036285400391e-01 6.894019991159439087e-02 -6.814765930175781250e-02
-1.347284168004989624e-01 2.751496434211730957e-01 9.519142508506774902e-01 -2.871197760105133057e-01
2.057829946279525757e-01 -9.319584965705871582e-01 2.985069453716278076e-01 -7.150741666555404663e-02
0.000000000000000000e+00 0.000000000000000000e+00 0.000000000000000000e+00 1.000000000000000000e+00
9.794074296951293945e-01 1.926356106996536255e-01 6.043789908289909363e-02 -6.889230757951736450e-02
-9.724118560552597046e-02 1.877496093511581421e-01 9.773913621902465820e-01 -2.987721562385559082e-01
1.769332587718963623e-01 -9.631413221359252930e-01 2.026155292987823486e-01 -3.698106855154037476e-02
0.000000000000000000e+00 0.000000000000000000e+00 0.000000000000000000e+00 1.000000000000000000e+00
9.963005781173706055e-01 8.593241870403289795e-02 -8.750123088248074055e-04 -5.247414857149124146e-02
-1.059945300221443176e-02 1.329816430807113647e-01 9.910616874694824219e-01 -3.065963983535766602e-01
8.528070896863937378e-02 -9.873858094215393066e-01 1.334006041288375854e-01 -1.522156503051519394e-02
0.000000000000000000e+00 0.000000000000000000e+00 0.000000000000000000e+00 1.000000000000000000e+00
9.977899193763732910e-01 6.606213003396987915e-02 7.142832037061452866e-03 -5.624118819832801819e-02
-2.296168357133865356e-02 2.419272810220718384e-01 9.700226783752441406e-01 -3.006671369075775146e-01
6.235369294881820679e-02 -9.680427312850952148e-01 2.429095655679702759e-01 -5.008674785494804382e-02
0.000000000000000000e+00 0.000000000000000000e+00 0.000000000000000000e+00 1.000000000000000000e+00
9.983931779861450195e-01 2.302623726427555084e-02 -5.177447199821472168e-02 -3.727934509515762329e-02
4.275745898485183716e-02 2.934431135654449463e-01 9.550199508666992188e-01 -3.075469136238098145e-01
3.718338906764984131e-02 -9.556991457939147949e-01 2.919871211051940918e-01 -6.433267146348953247e-02
0.000000000000000000e+00 0.000000000000000000e+00 0.000000000000000000e+00 1.000000000000000000e+00
9.896482229232788086e-01 -6.500764936208724976e-02 -1.279461681842803955e-01 -6.614280864596366882e-03
1.410317569971084595e-01 2.754397690296173096e-01 9.509168267250061035e-01 -3.179605603218078613e-01
-2.657543122768402100e-02 -9.591175913810729980e-01 2.817566692829132080e-01 -5.806987732648849487e-02
0.000000000000000000e+00 0.000000000000000000e+00 0.000000000000000000e+00 1.000000000000000000e+00
9.692683219909667969e-01 -8.463051170110702515e-02 -2.309900373220443726e-01 2.805108949542045593e-02
2.451375424861907959e-01 2.534617483615875244e-01 9.357694387435913086e-01 -3.228949010372161865e-01
-2.064751647412776947e-02 -9.636363983154296875e-01 2.664185464382171631e-01 -5.198714137077331543e-02
0.000000000000000000e+00 0.000000000000000000e+00 0.000000000000000000e+00 1.000000000000000000e+00
9.790374636650085449e-01 -9.223726578056812286e-03 -2.034726291894912720e-01 1.590436697006225586e-02
1.963201761245727539e-01 3.088764846324920654e-01 9.306200742721557617e-01 -3.197165727615356445e-01
5.426407232880592346e-02 -9.510572552680969238e-01 3.042123913764953613e-01 -6.980697810649871826e-02
0.000000000000000000e+00 0.000000000000000000e+00 0.000000000000000000e+00 1.000000000000000000e+00
9.888201951980590820e-01 1.094272211194038391e-01 -1.012955158948898315e-01 -2.310434915125370026e-02
5.337528139352798462e-02 3.745610117912292480e-01 9.256648421287536621e-01 -3.108817934989929199e-01
1.392342597246170044e-01 -9.207226037979125977e-01 3.645325899124145508e-01 -1.002914085984230042e-01
0.000000000000000000e+00 0.000000000000000000e+00 0.000000000000000000e+00 1.000000000000000000e+00
9.836332798004150391e-01 1.795262843370437622e-01 -1.535872276872396469e-02 -5.388528481125831604e-02
-4.194168001413345337e-02 3.110294640064239502e-01 9.494741559028625488e-01 -3.130721449851989746e-01
1.752325594425201416e-01 -9.332899451255798340e-01 3.134685754776000977e-01 -8.751563727855682373e-02
0.000000000000000000e+00 0.000000000000000000e+00 0.000000000000000000e+00 1.000000000000000000e+00
9.254021644592285156e-01 3.656225502490997314e-01 9.974929690361022949e-02 -8.975909650325775146e-02
-2.268579304218292236e-01 3.235700428485870361e-01 9.186063408851623535e-01 -2.931560575962066650e-01
3.035874366760253906e-01 -8.727096319198608398e-01 3.823769092559814453e-01 -1.207141280174255371e-01
0.000000000000000000e+00 0.000000000000000000e+00 0.000000000000000000e+00 1.000000000000000000e+00
8.830677866935729980e-01 4.584864974021911621e-01 9.990459680557250977e-02 -8.868102729320526123e-02
-2.802456915378570557e-01 3.445354700088500977e-01 8.959675431251525879e-01 -2.815947234630584717e-01
3.763684630393981934e-01 -8.191984295845031738e-01 4.327371418476104736e-01 -1.452006697654724121e-01
0.000000000000000000e+00 0.000000000000000000e+00 0.000000000000000000e+00 1.000000000000000000e+00
8.438565135002136230e-01 5.317840576171875000e-01 7.150540500879287720e-02 -7.740727812051773071e-02
-3.366777896881103516e-01 4.210009276866912842e-01 8.422628641128540039e-01 -2.614728212356567383e-01
4.177975058555603027e-01 -7.348225712776184082e-01 5.343038439750671387e-01 -1.825535297393798828e-01
0.000000000000000000e+00 0.000000000000000000e+00 0.000000000000000000e+00 1.000000000000000000e+00
8.086683750152587891e-01 5.858390927314758301e-01 5.335364118218421936e-02 -6.930954009294509888e-02
-4.232330620288848877e-01 5.164161324501037598e-01 7.444380521774291992e-01 -2.232751846313476562e-01
4.085685908794403076e-01 -6.245847344398498535e-01 6.655561327934265137e-01 -2.262177467346191406e-01
0.000000000000000000e+00 0.000000000000000000e+00 0.000000000000000000e+00 1.000000000000000000e+00
7.802841663360595703e-01 6.246033906936645508e-01 3.204842656850814819e-02 -6.077237427234649658e-02
-5.039090514183044434e-01 5.975027680397033691e-01 6.237516403198242188e-01 -1.777899414300918579e-01
3.704483211040496826e-01 -5.028528571128845215e-01 7.809647917747497559e-01 -2.617677748203277588e-01
0.000000000000000000e+00 0.000000000000000000e+00 0.000000000000000000e+00 1.000000000000000000e+00
7.586426734924316406e-01 6.509883403778076172e-01 2.598952502012252808e-02 -5.752269178628921509e-02
-5.637952685356140137e-01 6.359943151473999023e-01 5.269216299057006836e-01 -1.415528953075408936e-01
3.264904022216796875e-01 -4.143976569175720215e-01 8.495160341262817383e-01 -2.820605933666229248e-01
0.000000000000000000e+00 0.000000000000000000e+00 0.000000000000000000e+00 1.000000000000000000e+00
6.572839617729187012e-01 7.531622648239135742e-01 2.690899185836315155e-02 -5.078616738319396973e-02
-6.758766174316406250e-01 5.732883810997009277e-01 4.631755948066711426e-01 -1.124220490455627441e-01
3.334198594093322754e-01 -3.226248621940612793e-01 8.858581781387329102e-01 -2.959561645984649658e-01
0.000000000000000000e+00 0.000000000000000000e+00 0.000000000000000000e+00 1.000000000000000000e+00
5.906754732131958008e-01 8.068888187408447266e-01 -5.728858057409524918e-03 -3.507884591817855835e-02
-7.391052842140197754e-01 5.438764691352844238e-01 3.973929584026336670e-01 -8.550470322370529175e-02
3.237680494785308838e-01 -2.304961383342742920e-01 9.176310896873474121e-01 -3.074502646923065186e-01
0.000000000000000000e+00 0.000000000000000000e+00 0.000000000000000000e+00 1.000000000000000000e+00
5.415357947349548340e-01 8.397232890129089355e-01 -4.004981741309165955e-02 -1.951490342617034912e-02
-7.858232855796813965e-01 5.225529074668884277e-01 3.307878971099853516e-01 -5.951871350407600403e-02
2.986986041069030762e-01 -1.476614326238632202e-01 9.428552985191345215e-01 -3.143818080425262451e-01
0.000000000000000000e+00 0.000000000000000000e+00 0.000000000000000000e+00 1.000000000000000000e+00
5.054793357849121094e-01 8.565245270729064941e-01 -1.041925624012947083e-01 5.215340759605169296e-03
-8.201444149017333984e-01 5.144667029380798340e-01 2.503733932971954346e-01 -2.959062904119491577e-02
2.680546343326568604e-01 -4.110569134354591370e-02 9.625263810157775879e-01 -3.197131156921386719e-01
0.000000000000000000e+00 0.000000000000000000e+00 0.000000000000000000e+00 1.000000000000000000e+00
4.396149516105651855e-01 8.860200047492980957e-01 -1.473338752985000610e-01 2.549916505813598633e-02
-8.609926700592041016e-01 4.624179303646087646e-01 2.118059396743774414e-01 -1.365338172763586044e-02
2.557941079139709473e-01 3.374037891626358032e-02 9.661425352096557617e-01 -3.203674256801605225e-01
0.000000000000000000e+00 0.000000000000000000e+00 0.000000000000000000e+00 1.000000000000000000e+00
3.572209477424621582e-01 8.999429345130920410e-01 -2.499915212392807007e-01 6.641788035631179810e-02
-8.951720595359802246e-01 4.062605202198028564e-01 1.833544373512268066e-01 -1.157557591795921326e-03
2.665704190731048584e-01 1.582875847816467285e-01 9.507285356521606445e-01 -3.158235847949981689e-01
0.000000000000000000e+00 0.000000000000000000e+00 0.000000000000000000e+00 1.000000000000000000e+00
2.981718182563781738e-01 8.891783356666564941e-01 -3.470650017261505127e-01 1.029580086469650269e-01
-9.137265086174011230e-01 3.710470199584960938e-01 1.656163334846496582e-01 5.780153442174196243e-03
2.760399281978607178e-01 2.677403092384338379e-01 9.231017827987670898e-01 -3.074361681938171387e-01
0.000000000000000000e+00 0.000000000000000000e+00 0.000000000000000000e+00 1.000000000000000000e+00
2.730266451835632324e-01 8.590956926345825195e-01 -4.329100251197814941e-01 1.325554549694061279e-01
-9.333943724632263184e-01 3.455021977424621582e-01 9.696640819311141968e-02 3.057333827018737793e-02
2.328746765851974487e-01 3.776014149188995361e-01 8.962067365646362305e-01 -2.949229180812835693e-01
0.000000000000000000e+00 0.000000000000000000e+00 0.000000000000000000e+00 1.000000000000000000e+00
1.782792359590530396e-01 7.829282879829406738e-01 -5.960195064544677734e-01 1.923284977674484253e-01
-9.617674946784973145e-01 2.666266560554504395e-01 6.255888193845748901e-02 4.239687323570251465e-02
2.078938931226730347e-01 5.620791316032409668e-01 8.005294203758239746e-01 -2.618001401424407959e-01
0.000000000000000000e+00 0.000000000000000000e+00 0.000000000000000000e+00 1.000000000000000000e+00
1.359346807003021240e-01 6.875982284545898438e-01 -7.132533788681030273e-01 2.338335663080215454e-01
-9.744994640350341797e-01 2.225333452224731445e-01 2.880506590008735657e-02 5.433882772922515869e-02
1.785288453102111816e-01 6.911491751670837402e-01 7.003142237663269043e-01 -2.276939749717712402e-01
0.000000000000000000e+00 0.000000000000000000e+00 0.000000000000000000e+00 1.000000000000000000e+00
1.104758828878402710e-01 5.840417146682739258e-01 -8.041703104972839355e-01 2.644743323326110840e-01
-9.842047095298767090e-01 1.769101321697235107e-01 -6.724915932863950729e-03 6.599543988704681396e-02
1.383380889892578125e-01 7.922105789184570312e-01 5.943604111671447754e-01 -1.910415440797805786e-01
0.000000000000000000e+00 0.000000000000000000e+00 0.000000000000000000e+00 1.000000000000000000e+00
7.970155775547027588e-02 5.153479576110839844e-01 -8.532664775848388672e-01 2.824581265449523926e-01
-9.902388453483581543e-01 1.391251534223556519e-01 -8.468120358884334564e-03 6.752955913543701172e-02
1.143467128276824951e-01 8.456125259399414062e-01 5.214066505432128906e-01 -1.659137755632400513e-01
0.000000000000000000e+00 0.000000000000000000e+00 0.000000000000000000e+00 1.000000000000000000e+00
1.570710539817810059e-01 5.247826576232910156e-01 -8.366194963455200195e-01 2.700817286968231201e-01
-9.872712492942810059e-01 1.048712059855461121e-01 -1.195729374885559082e-01 1.033587232232093811e-01
2.498745918273925781e-02 8.447515368461608887e-01 5.345750451087951660e-01 -1.629640907049179077e-01
0.000000000000000000e+00 0.000000000000000000e+00 0.000000000000000000e+00 1.000000000000000000e+00
2.591904997825622559e-01 5.928702950477600098e-01 -7.624465823173522949e-01 2.391093224287033081e-01
-9.608632922172546387e-01 7.836007326841354370e-02 -2.657094299793243408e-01 1.485128700733184814e-01
-9.778589755296707153e-02 8.014768362045288086e-01 5.899777412414550781e-01 -1.703828573226928711e-01
0.000000000000000000e+00 0.000000000000000000e+00 0.000000000000000000e+00 1.000000000000000000e+00
3.132230341434478760e-01 6.365309953689575195e-01 -7.047833204269409180e-01 2.177410870790481567e-01
-9.307922720909118652e-01 5.849319696426391602e-02 -3.608386516571044922e-01 1.763040572404861450e-01
-1.884597390890121460e-01 7.690293192863464355e-01 6.107992529869079590e-01 -1.703321784734725952e-01
0.000000000000000000e+00 0.000000000000000000e+00 0.000000000000000000e+00 1.000000000000000000e+00
3.567405939102172852e-01 6.573620438575744629e-01 -6.637856364250183105e-01 2.016022354364395142e-01
-8.915187120437622070e-01 2.723155356943607330e-02 -4.521640241146087646e-01 2.017813175916671753e-01
-2.791596055030822754e-01 7.530827522277832031e-01 5.957652926445007324e-01 -1.584946662187576294e-01
0.000000000000000000e+00 0.000000000000000000e+00 0.000000000000000000e+00 1.000000000000000000e+00
4.145138263702392578e-01 6.579068303108215332e-01 -6.287581324577331543e-01 1.855125129222869873e-01
-8.399606347084045410e-01 1.071219239383935928e-02 -5.425425171852111816e-01 2.259236425161361694e-01
-3.502067327499389648e-01 7.530234456062316895e-01 5.570566058158874512e-01 -1.392550468444824219e-01
0.000000000000000000e+00 0.000000000000000000e+00 0.000000000000000000e+00 1.000000000000000000e+00
5.131022334098815918e-01 6.534903049468994141e-01 -5.564861297607421875e-01 1.565624177455902100e-01
-7.341123223304748535e-01 -1.826740452088415623e-03 -6.790256500244140625e-01 2.584500014781951904e-01
-4.447531700134277344e-01 7.569330930709838867e-01 4.787978231906890869e-01 -1.038447245955467224e-01
0.000000000000000000e+00 0.000000000000000000e+00 0.000000000000000000e+00 1.000000000000000000e+00
6.085764169692993164e-01 7.022125124931335449e-01 -3.695020973682403564e-01 9.121545404195785522e-02
-5.788424015045166016e-01 7.436360418796539307e-02 -8.120416998863220215e-01 2.909264564514160156e-01
-5.427480340003967285e-01 7.080728411674499512e-01 4.517262876033782959e-01 -8.729556947946548462e-02
0.000000000000000000e+00 0.000000000000000000e+00 0.000000000000000000e+00 1.000000000000000000e+00
6.151506900787353516e-01 7.441370487213134766e-01 -2.604808509349822998e-01 5.971411243081092834e-02
-4.973894059658050537e-01 1.099494397640228271e-01 -8.605318665504455566e-01 3.005887269973754883e-01
-6.117135286331176758e-01 6.589170694351196289e-01 4.377613961696624756e-01 -7.816941291093826294e-02
0.000000000000000000e+00 0.000000000000000000e+00 0.000000000000000000e+00 1.000000000000000000e+00
5.893877744674682617e-01 7.828701734542846680e-01 -1.993391811847686768e-01 4.548183828592300415e-02
-4.029904901981353760e-01 7.106201350688934326e-02 -9.124408960342407227e-01 3.105149865150451660e-01
-7.001575231552124023e-01 6.181133985519409180e-01 3.573722541332244873e-01 -5.150635540485382080e-02
0.000000000000000000e+00 0.000000000000000000e+00 0.000000000000000000e+00 1.000000000000000000e+00
4.199564158916473389e-01 9.060201048851013184e-01 -5.257120355963706970e-02 1.661195978522300720e-02
-2.272335439920425415e-01 4.889171570539474487e-02 -9.726123213768005371e-01 3.191529214382171631e-01
-8.786361217498779297e-01 4.204005897045135498e-01 2.264106273651123047e-01 -9.391657076776027679e-03
0.000000000000000000e+00 0.000000000000000000e+00 0.000000000000000000e+00 1.000000000000000000e+00
2.625332772731781006e-01 9.604546427726745605e-01 9.275669604539871216e-02 -2.340522781014442444e-02
-2.434122860431671143e-01 1.589398980140686035e-01 -9.568119049072265625e-01 3.219893872737884521e-01
-9.337170720100402832e-01 2.286165803670883179e-01 2.755134999752044678e-01 -3.156909346580505371e-02
0.000000000000000000e+00 0.000000000000000000e+00 0.000000000000000000e+00 1.000000000000000000e+00
2.689730823040008545e-01 9.626903533935546875e-01 -2.968364022672176361e-02 1.748446375131607056e-02
-3.710497319698333740e-01 7.513122260570526123e-02 -9.255686402320861816e-01 3.147306442260742188e-01
-8.888058662414550781e-01 2.599672079086303711e-01 3.774144351482391357e-01 -6.348290294408798218e-02
0.000000000000000000e+00 0.000000000000000000e+00 0.000000000000000000e+00 1.000000000000000000e+00
2.583104968070983887e-01 9.657003879547119141e-01 -2.644684724509716034e-02 2.187328599393367767e-02
-4.568001031875610352e-01 9.797359257936477661e-02 -8.841578364372253418e-01 3.053042888641357422e-01
-8.512399196624755859e-01 2.404679805040359497e-01 4.664393663406372070e-01 -9.479683637619018555e-02
0.000000000000000000e+00 0.000000000000000000e+00 0.000000000000000000e+00 1.000000000000000000e+00
1.464643776416778564e-01 9.879785180091857910e-01 -4.946018755435943604e-02 3.410148620605468750e-02
-4.745852053165435791e-01 2.631019987165927887e-02 -8.798162341117858887e-01 3.036863803863525391e-01
-8.679385185241699219e-01 1.523347795009613037e-01 4.727333188056945801e-01 -9.826583415269851685e-02
0.000000000000000000e+00 0.000000000000000000e+00 0.000000000000000000e+00 1.000000000000000000e+00
4.707075282931327820e-02 9.984723329544067383e-01 -2.892782539129257202e-02 3.257698193192481995e-02
-4.650033414363861084e-01 -3.727452596649527550e-03 -8.853011727333068848e-01 3.062116801738739014e-01
-8.840564489364624023e-01 5.512328818440437317e-02 4.641175568103790283e-01 -9.855305403470993042e-02
