1.000000000000000000e+00 0.000000000000000000e+00 0.000000000000000000e+00 -4.097584310382009209e-01
0.000000000000000000e+00 -1.000000000000000000e+00 0.000000000000000000e+00 -1.932597221741734483e-02
0.000000000000000000e+00 0.000000000000000000e+00 -1.000000000000000000e+00 -2.664692399556274349e+00
0.000000000000000000e+00 0.000000000000000000e+00 0.000000000000000000e+00 1.000000000000000000e+00
9.965741038322448730e-01 -8.129902184009552002e-02 -1.518675405532121658e-02 -4.399109076389268735e-01
-8.101275563240051270e-02 -9.965395331382751465e-01 1.859993487596511841e-02 6.610172175368521363e-02
-1.664634421467781067e-02 -1.730590313673019409e-02 -9.997116923332214355e-01 -2.719258208975548374e+00
0.000000000000000000e+00 0.000000000000000000e+00 0.000000000000000000e+00 1.000000000000000000e+00
9.858268499374389648e-01 -1.645534485578536987e-01 -3.266935050487518311e-02 -4.704804334707891611e-01
-1.629132479429244995e-01 -9.854834079742431641e-01 4.776428639888763428e-02 1.981758772595213491e-01
-4.005494713783264160e-02 -4.176499694585800171e-02 -9.983242154121398926e-01 -2.711911299188761504e+00
0.000000000000000000e+00 0.000000000000000000e+00 0.000000000000000000e+00 1.000000000000000000e+00
9.671815037727355957e-01 -2.519592642784118652e-01 -3.280897065997123718e-02 -4.509473113475149786e-01
-2.489469498395919800e-01 -9.655245542526245117e-01 7.607658207416534424e-02 3.225394336978575360e-01
-5.084608867764472961e-02 -6.541214883327484131e-02 -9.965620636940002441e-01 -2.708486052571545066e+00
0.000000000000000000e+00 0.000000000000000000e+00 0.000000000000000000e+00 1.000000000000000000e+00
9.369338154792785645e-01 -3.455423414707183838e-01 -5.249005183577537537e-02 -4.772768424115801933e-01
-3.375427424907684326e-01 -9.335573315620422363e-01 1.205633059144020081e-01 4.904385700105032830e-01
-9.066224843263626099e-02 -9.524217247962951660e-02 -9.913169145584106445e-01 -2.680180651177779261e+00
0.000000000000000000e+00 0.000000000000000000e+00 0.000000000000000000e+00 1.000000000000000000e+00
8.943375349044799805e-01 -4.464374184608459473e-01 -2.922433987259864807e-02 -3.861083490166576371e-01
-4.387102127075195312e-01 -8.879144191741943359e-01 1.383518278598785400e-01 5.806874924433801377e-01
-8.771415054798126221e-02 -1.109121963381767273e-01 -9.899519085884094238e-01 -2.688677404084999445e+00
0.000000000000000000e+00 0.000000000000000000e+00 0.000000000000000000e+00 1.000000000000000000e+00
8.465156555175781250e-01 -5.321777462959289551e-01 -1.406226400285959244e-02 -3.147022496199049502e-01
-5.228442549705505371e-01 -8.360618948936462402e-01 1.662352234125137329e-01 6.963720029311947224e-01
-1.002236828207969666e-01 -1.333683431148529053e-01 -9.859858751296997070e-01 -2.677552871951504265e+00
0.000000000000000000e+00 0.000000000000000000e+00 0.000000000000000000e+00 1.000000000000000000e+00
7.939720153808593750e-01 -6.079141497611999512e-01 6.975414697080850601e-03 -2.270448892523822815e-01
-6.000362634658813477e-01 -7.817340493202209473e-01 1.698477715253829956e-01 7.399818797241932700e-01
-9.779997169971466064e-02 -1.390398740768432617e-01 -9.854456186294555664e-01 -2.685735604827274248e+00
0.000000000000000000e+00 0.000000000000000000e+00 0.000000000000000000e+00 1.000000000000000000e+00
7.229655981063842773e-01 -6.901049613952636719e-01 3.279657289385795593e-02 -1.031746536614548820e-01
-6.849020719528198242e-01 -7.096649408340454102e-01 1.651804298162460327e-01 7.526861009394503199e-01
-9.071732312440872192e-02 -1.418822109699249268e-01 -9.857178330421447754e-01 -2.693250286300459706e+00
0.000000000000000000e+00 0.000000000000000000e+00 0.000000000000000000e+00 1.000000000000000000e+00
6.469055414199829102e-01 -7.619184255599975586e-01 3.151582553982734680e-02 -5.999706748814688517e-02
-7.575829625129699707e-01 -6.374071240425109863e-01 1.406410932540893555e-01 7.076596847515046473e-01
-8.706867694854736328e-02 -1.148573458194732666e-01 -9.895589351654052734e-01 -2.718350917355681684e+00
0.000000000000000000e+00 0.000000000000000000e+00 0.000000000000000000e+00 1.000000000000000000e+00
5.535842180252075195e-01 -8.317777514457702637e-01 4.110996425151824951e-02 2.197299460979095995e-02
-8.307163119316101074e-01 -5.480465292930603027e-01 9.775061160326004028e-02 6.000256627632979400e-01
-5.877663940191268921e-02 -8.826390653848648071e-02 -9.943615198135375977e-01 -2.764876379080405400e+00
0.000000000000000000e+00 0.000000000000000000e+00 0.000000000000000000e+00 1.000000000000000000e+00
4.596739411354064941e-01 -8.834838271141052246e-01 9.031169116497039795e-02 2.235390529117384784e-01
-8.880348801612854004e-01 -4.561535418033599854e-01 5.760223791003227234e-02 4.908277837665319665e-01
-9.694642387330532074e-03 -1.066781729459762573e-01 -9.942463040351867676e-01 -2.801352647918173400e+00
0.000000000000000000e+00 0.000000000000000000e+00 0.000000000000000000e+00 1.000000000000000000e+00
3.503905236721038818e-01 -9.302660822868347168e-01 1.087725237011909485e-01 3.164837048632845318e-01
-9.363809227943420410e-01 -3.504696786403656006e-01 1.902065612375736237e-02 3.551822712685647754e-01
2.042719721794128418e-02 -1.085171774029731750e-01 -9.938846826553344727e-01 -2.814272723412518218e+00
0.000000000000000000e+00 0.000000000000000000e+00 0.000000000000000000e+00 1.000000000000000000e+00
2.694310843944549561e-01 -9.544937610626220703e-01 1.278610825538635254e-01 3.990213383779772638e-01
-9.597076177597045898e-01 -2.771292924880981445e-01 -4.648077115416526794e-02 1.269183717001464706e-01
7.979965209960937500e-02 -1.101859062910079956e-01 -9.907023310661315918e-01 -2.811156253961552220e+00
0.000000000000000000e+00 0.000000000000000000e+00 0.000000000000000000e+00 1.000000000000000000e+00
1.922893822193145752e-01 -9.687445163726806641e-01 1.567118018865585327e-01 4.958470902788625345e-01
-9.729269146919250488e-01 -2.090581059455871582e-01 -9.852723777294158936e-02 -5.159347280976540884e-02
1.282096356153488159e-01 -1.335233896970748901e-01 -9.827173948287963867e-01 -2.796078325527012964e+00
0.000000000000000000e+00 0.000000000000000000e+00 0.000000000000000000e+00 1.000000000000000000e+00
1.122917383909225464e-01 -9.813646674156188965e-01 1.559292823076248169e-01 5.113527606301433437e-01
-9.712949395179748535e-01 -1.415197253227233887e-01 -1.912025213241577148e-01 -3.441562398294597536e-01
2.097064703702926636e-01 -1.299828439950942993e-01 -9.690859913825988770e-01 -2.769998934321040718e+00
0.000000000000000000e+00 0.000000000000000000e+00 0.000000000000000000e+00 1.000000000000000000e+00
1.902315765619277954e-01 -9.715758562088012695e-01 1.408978849649429321e-01 4.565895159450497620e-01
-9.536441564559936523e-01 -2.169633507728576660e-01 -2.085416615009307861e-01 -3.895156124501372163e-01
2.331837415695190430e-01 -9.469524025917053223e-02 -9.678109884262084961e-01 -2.748414610173350425e+00
0.000000000000000000e+00 0.000000000000000000e+00 0.000000000000000000e+00 1.000000000000000000e+00
2.720539867877960205e-01 -9.505698680877685547e-01 1.496775895357131958e-01 4.587925885975936979e-01
-9.381222724914550781e-01 -2.966309189796447754e-01 -1.787075996398925781e-01 -2.845385848646815874e-01
2.142730653285980225e-01 -9.179781377315521240e-02 -9.724506139755249023e-01 -2.737733514059662365e+00
0.000000000000000000e+00 0.000000000000000000e+00 0.000000000000000000e+00 1.000000000000000000e+00
3.252502381801605225e-01 -9.338906407356262207e-01 1.485264152288436890e-01 4.429046029971263065e-01
-9.336602687835693359e-01 -3.420576751232147217e-01 -1.061849519610404968e-01 -4.686837288505175253e-02
1.499697566032409668e-01 -1.041365489363670349e-01 -9.831910729408264160e-01 -2.736911212044089492e+00
0.000000000000000000e+00 0.000000000000000000e+00 0.000000000000000000e+00 1.000000000000000000e+00
3.632696866989135742e-01 -9.117487668991088867e-01 1.917011290788650513e-01 5.494850505278804365e-01
-9.281944632530212402e-01 -3.719565868377685547e-01 -1.015076134353876114e-02 2.621332794010326483e-01
8.055946230888366699e-02 -1.742485761642456055e-01 -9.814008474349975586e-01 -2.692752765987010743e+00
0.000000000000000000e+00 0.000000000000000000e+00 0.000000000000000000e+00 1.000000000000000000e+00
4.003405272960662842e-01 -8.948656916618347168e-01 1.973391175270080566e-01 5.489009194610294795e-01
-9.162017107009887695e-01 -3.949602544307708740e-01 6.768168509006500244e-02 5.055666160972500656e-01
1.737509295344352722e-02 -2.078981846570968628e-01 -9.779962897300720215e-01 -2.650088536511920889e+00
0.000000000000000000e+00 0.000000000000000000e+00 0.000000000000000000e+00 1.000000000000000000e+00
4.602161049842834473e-01 -8.582307696342468262e-01 2.272467464208602905e-01 5.983600057128709571e-01
-8.867864012718200684e-01 -4.321051537990570068e-01 1.639956384897232056e-01 7.784976231247457967e-01
-4.255164042115211487e-02 -2.769927680492401123e-01 -9.599291682243347168e-01 -2.551873942721059496e+00
0.000000000000000000e+00 0.000000000000000000e+00 0.000000000000000000e+00 1.000000000000000000e+00
5.331063866615295410e-01 -8.196303248405456543e-01 2.097698450088500977e-01 4.990418232899516693e-01
-8.415740728378295898e-01 -4.882646501064300537e-01 2.309772819280624390e-01 9.477878778346258137e-01
-8.689280599355697632e-02 -2.996723949909210205e-01 -9.500768184661865234e-01 -2.489619057575632510e+00
0.000000000000000000e+00 0.000000000000000000e+00 0.000000000000000000e+00 1.000000000000000000e+00
5.931363105773925781e-01 -7.792471051216125488e-01 2.023934572935104370e-01 4.384377163392941257e-01
-7.955809831619262695e-01 -5.287528038024902344e-01 2.957553863525390625e-01 1.095116115147213076e+00
-1.234504431486129761e-01 -3.364435732364654541e-01 -9.335766434669494629e-01 -2.410650470053278926e+00
0.000000000000000000e+00 0.000000000000000000e+00 0.000000000000000000e+00 1.000000000000000000e+00
6.736657619476318359e-01 -7.169880867004394531e-01 1.791712343692779541e-01 3.195329828576090048e-01
-7.209684848785400391e-01 -5.843102335929870605e-01 3.725394308567047119e-01 1.242904344896028412e+00
-1.624148637056350708e-01 -3.801439404487609863e-01 -9.105558991432189941e-01 -2.308797879694191924e+00
0.000000000000000000e+00 0.000000000000000000e+00 0.000000000000000000e+00 1.000000000000000000e+00
7.372429370880126953e-01 -6.560888290405273438e-01 1.613079756498336792e-01 2.370733024702314784e-01
-6.479796171188354492e-01 -6.190243959426879883e-01 4.437690377235412598e-01 1.373808617119054887e+00
-1.912983655929565430e-01 -4.316897988319396973e-01 -8.815036416053771973e-01 -2.182792927030391628e+00
0.000000000000000000e+00 0.000000000000000000e+00 0.000000000000000000e+00 1.000000000000000000e+00
7.633010745048522949e-01 -6.292755007743835449e-01 1.462303251028060913e-01 1.747272363106198712e-01
-5.971960425376892090e-01 -6.009368300437927246e-01 5.312545895576477051e-01 1.557632715028841597e+00
-2.464305758476257324e-01 -4.928354322910308838e-01 -8.344968557357788086e-01 -1.987554559699743484e+00
0.000000000000000000e+00 0.000000000000000000e+00 0.000000000000000000e+00 1.000000000000000000e+00
7.945035099983215332e-01 -5.895580649375915527e-01 1.455519646406173706e-01 1.445369645155330229e-01
-5.314406156539916992e-01 -5.590639710426330566e-01 6.364103555679321289e-01 1.806726069633758591e+00
-2.938281297683715820e-01 -5.829824805259704590e-01 -7.574934363365173340e-01 -1.724830583395750017e+00
0.000000000000000000e+00 0.000000000000000000e+00 0.000000000000000000e+00 1.000000000000000000e+00
8.164774179458618164e-01 -5.597680807113647461e-01 1.415067613124847412e-01 1.176624772803462338e-01
-4.785070121288299561e-01 -5.188754200935363770e-01 7.083778381347656250e-01 1.982264508945691617e+00
-3.231029212474822998e-01 -6.460864543914794922e-01 -6.915029883384704590e-01 -1.508544595749723216e+00
0.000000000000000000e+00 0.000000000000000000e+00 0.000000000000000000e+00 1.000000000000000000e+00
8.475019335746765137e-01 -5.126191377639770508e-01 1.377030462026596069e-01 7.845573200725905472e-02
-4.092089831829071045e-01 -4.657703936100006104e-01 7.846055626869201660e-01 2.165674006594270562e+00
-3.380658924579620361e-01 -7.213040590286254883e-01 -6.045096516609191895e-01 -1.279383924784372351e+00
0.000000000000000000e+00 0.000000000000000000e+00 0.000000000000000000e+00 1.000000000000000000e+00
8.787243962287902832e-01 -4.662619233131408691e-01 1.021910831332206726e-01 -3.436047850166558393e-02
-3.246855735778808594e-01 -4.269306957721710205e-01 8.439841270446777344e-01 2.297353808956481114e+00
-3.498892486095428467e-01 -7.748094797134399414e-01 -5.265429615974426270e-01 -1.090826899300389785e+00
0.000000000000000000e+00 0.000000000000000000e+00 0.000000000000000000e+00 1.000000000000000000e+00
8.977540731430053711e-01 -4.358519017696380615e-01 6.380388140678405762e-02 -1.353957596395067575e-01
-2.195338308811187744e-01 -3.171270787715911865e-01 9.226241111755371094e-01 2.433551305479415117e+00
-3.818936049938201904e-01 -8.422964811325073242e-01 -3.803861439228057861e-01 -7.216635844230963048e-01
0.000000000000000000e+00 0.000000000000000000e+00 0.000000000000000000e+00 1.000000000000000000e+00
8.979246020317077637e-01 -4.396789073944091797e-01 2.034309878945350647e-02 -2.898855955988361988e-01
-6.943399459123611450e-02 -9.585721045732498169e-02 9.929703474044799805e-01 2.589457560109821976e+00
-4.346380829811096191e-01 -8.930249810218811035e-01 -1.166012212634086609e-01 -5.882435299472475732e-02
0.000000000000000000e+00 0.000000000000000000e+00 0.000000000000000000e+00 1.000000000000000000e+00
8.871152997016906738e-01 -4.607606232166290283e-01 2.694534696638584137e-02 -2.425652189307024587e-01
-7.220302522182464600e-02 -8.087901771068572998e-02 9.941053986549377441e-01 2.589037027132730540e+00
-4.558652937412261963e-01 -8.838315606117248535e-01 -1.050172895193099976e-01 -7.764362194155005614e-02
0.000000000000000000e+00 0.000000000000000000e+00 0.000000000000000000e+00 1.000000000000000000e+00
8.537533283233642578e-01 -5.196635127067565918e-01 3.248402103781700134e-02 -1.977985660178942506e-01
-9.906438738107681274e-02 -1.008707061409950256e-01 9.899552464485168457e-01 2.587368416297774587e+00
-5.111670494079589844e-01 -8.483955264091491699e-01 -1.375988274812698364e-01 -1.416264623270414580e-01
0.000000000000000000e+00 0.000000000000000000e+00 0.000000000000000000e+00 1.000000000000000000e+00
8.367231488227844238e-01 -5.434160828590393066e-01 6.777363270521163940e-02 -1.080364970822617482e-01
-2.245711535215377808e-01 -2.276124209165573120e-01 9.475021362304687500e-01 2.524051161098671781e+00
-4.994618296623229980e-01 -8.080170154571533203e-01 -3.124841153621673584e-01 -5.151214617511963301e-01
0.000000000000000000e+00 0.000000000000000000e+00 0.000000000000000000e+00 1.000000000000000000e+00
8.345780968666076660e-01 -5.426631569862365723e-01 9.484801441431045532e-02 -4.066313112680340625e-02
-2.984943091869354248e-01 -3.007475733757019043e-01 9.057878255844116211e-01 2.444479092197775039e+00
-4.630125463008880615e-01 -7.842622399330139160e-01 -4.129792153835296631e-01 -7.697485226045348572e-01
0.000000000000000000e+00 0.000000000000000000e+00 0.000000000000000000e+00 1.000000000000000000e+00
8.227412700653076172e-01 -5.575149655342102051e-01 1.107873246073722839e-01 -1.052201259948619709e-03
-3.626093566417694092e-01 -3.646899163722991943e-01 8.576221466064453125e-01 2.350061436572779883e+00
-4.377341568470001221e-01 -7.457736134529113770e-01 -5.022057294845581055e-01 -1.002602102252573957e+00
0.000000000000000000e+00 0.000000000000000000e+00 0.000000000000000000e+00 1.000000000000000000e+00
8.379659056663513184e-01 -5.399636030197143555e-01 7.907260209321975708e-02 -1.240651518603721748e-01
-4.453241527080535889e-01 -5.928349494934082031e-01 6.709940433502197266e-01 1.981349490998161711e+00
-3.154354393482208252e-01 -5.974829792976379395e-01 -7.372342944145202637e-01 -1.667280755856877406e+00
0.000000000000000000e+00 0.000000000000000000e+00 0.000000000000000000e+00 1.000000000000000000e+00
8.395078182220458984e-01 -5.395276546478271484e-01 6.431465595960617065e-02 -1.764999262848004069e-01
-4.627427458763122559e-01 -6.479046344757080078e-01 6.050521731376647949e-01 1.803336419311847072e+00
-2.847727835178375244e-01 -5.377072095870971680e-01 -7.935838103294372559e-01 -1.831922865641650411e+00
0.000000000000000000e+00 0.000000000000000000e+00 0.000000000000000000e+00 1.000000000000000000e+00
8.599079251289367676e-01 -5.070972442626953125e-01 5.840110406279563904e-02 -1.921620375249918911e-01
-4.556711912155151367e-01 -7.110254764556884766e-01 5.355431437492370605e-01 1.609011414287086827e+00
-2.300477623939514160e-01 -4.871294498443603516e-01 -8.424860835075378418e-01 -1.978011717214994247e+00
0.000000000000000000e+00 0.000000000000000000e+00 0.000000000000000000e+00 1.000000000000000000e+00
8.742448687553405762e-01 -4.847499728202819824e-01 2.670432627201080322e-02 -2.652809499392909109e-01
-4.551039338111877441e-01 -7.991422414779663086e-01 3.927490413188934326e-01 1.227894159798678109e+00
-1.690447032451629639e-01 -3.555120229721069336e-01 -9.192577600479125977e-01 -2.196646646440740369e+00
0.000000000000000000e+00 0.000000000000000000e+00 0.000000000000000000e+00 1.000000000000000000e+00
8.800435662269592285e-01 -4.742740690708160400e-01 2.423711679875850677e-02 -2.567017598753080221e-01
-4.643329977989196777e-01 -8.486500382423400879e-01 2.533531188964843750e-01 8.709363040919614329e-01
-9.959006309509277344e-02 -2.342158854007720947e-01 -9.670702219009399414e-01 -2.345355274972422244e+00
0.000000000000000000e+00 0.000000000000000000e+00 0.000000000000000000e+00 1.000000000000000000e+00
8.796864748001098633e-01 -4.752809405326843262e-01 1.610995456576347351e-02 -2.382233159705811620e-01
-4.754894375801086426e-01 -8.785047531127929688e-01 4.624961316585540771e-02 3.313973579307935569e-01
-7.828904315829277039e-03 -4.834527522325515747e-02 -9.987999796867370605e-01 -2.464585204066641833e+00
0.000000000000000000e+00 0.000000000000000000e+00 0.000000000000000000e+00 1.000000000000000000e+00
8.883470892906188965e-01 -4.588956236839294434e-01 1.594069413840770721e-02 -2.242623765176400552e-01
-4.577330946922302246e-01 -8.877753019332885742e-01 -4.832476004958152771e-02 7.045050597438147488e-02
3.632778674364089966e-02 3.563256934285163879e-02 -9.987044930458068848e-01 -2.489636717753148432e+00
0.000000000000000000e+00 0.000000000000000000e+00 0.000000000000000000e+00 1.000000000000000000e+00
8.946000933647155762e-01 -4.466998279094696045e-01 1.223975326865911484e-02 -2.298069306680707302e-01
-4.401250779628753662e-01 -8.855116963386535645e-01 -1.488584578037261963e-01 -2.162202743766991064e-01
7.733351737260818481e-02 1.277817487716674805e-01 -9.887827634811401367e-01 -2.482041737660320990e+00
0.000000000000000000e+00 0.000000000000000000e+00 0.000000000000000000e+00 1.000000000000000000e+00
8.967288136482238770e-01 -4.422920644283294678e-01 1.597197912633419037e-02 -2.166671549770734506e-01
-4.239132106304168701e-01 -8.687174916267395020e-01 -2.561784684658050537e-01 -5.282691437281888946e-01
1.271808743476867676e-01 2.229518741369247437e-01 -9.664975404739379883e-01 -2.439466360953356894e+00
0.000000000000000000e+00 0.000000000000000000e+00 0.000000000000000000e+00 1.000000000000000000e+00
8.994563221931457520e-01 -4.365402758121490479e-01 2.026683092117309570e-02 -2.030027650870051270e-01
-3.990794122219085693e-01 -8.394012451171875000e-01 -3.689727187156677246e-01 -8.724666243739541693e-01
1.780835837125778198e-01 3.237867355346679688e-01 -9.292191863059997559e-01 -2.351785511170036980e+00
0.000000000000000000e+00 0.000000000000000000e+00 0.000000000000000000e+00 1.000000000000000000e+00
9.085347652435302734e-01 -4.177974164485931396e-01 3.138171741738915443e-03 -2.622866013056963097e-01
-3.711064755916595459e-01 -8.104066252708435059e-01 -4.533441364765167236e-01 -1.111976849214164176e+00
1.919493079185485840e-01 4.107142984867095947e-01 -8.913300037384033203e-01 -2.265518303408790679e+00
0.000000000000000000e+00 0.000000000000000000e+00 0.000000000000000000e+00 1.000000000000000000e+00
