0.9830817580223083 -0.001257516909390688 -0.1831630170345306 0.0003364552976563573 
0.1817580610513687 -0.1171082630753517 0.9763451218605042 -0.331497460603714 
-0.02267767302691936 -0.9931184053421021 -0.1148984357714653 0.0573091059923172 
0 0 0 1 

0.9516022205352783 -0.2699023485183716 -0.1469897329807281 -0.006938968319445848 
0.1306347101926804 -0.07769364863634109 0.9883817434310913 -0.3324909210205078 
-0.2781866490840912 -0.9597481489181519 -0.03867484256625175 0.04437101632356644 
0 0 0 1 

-0.2336197793483734 0.9608024954795837 0.1492652595043182 -0.01734542101621628 
0.9020456075668335 0.1568603068590164 0.4021297991275787 -0.1939892023801804 
0.3629536032676697 0.2285895943641663 -0.9033334255218506 0.2724364399909973 
0 0 0 1 

-0.3655787110328674 0.8945902585983276 0.2570216357707977 -0.0443628802895546 
0.8223869800567627 0.1811202168464661 0.5393282175064087 -0.2307822704315186 
0.435926079750061 0.4085382521152496 -0.8019130825996399 0.2403371632099152 
0 0 0 1 

-0.4622460901737213 0.8492353558540344 0.2552011907100677 -0.0390322171151638 
0.7340359091758728 0.2049832046031952 0.6474357843399048 -0.2584280073642731 
0.497513473033905 0.4866015315055847 -0.7181219458580017 0.2129432559013367 
0 0 0 1 

-0.5477656722068787 0.7978582978248596 0.2517424821853638 -0.03425272554159164 
0.6539583206176758 0.2206476777791977 0.723638653755188 -0.2773928642272949 
0.5218148231506348 0.5610137581825256 -0.6426292657852173 0.1901911199092865 
0 0 0 1 

-0.64642333984375 0.7259267568588257 0.2348767817020416 -0.02479842491447926 
0.5759976506233215 0.2624240517616272 0.7741835713386536 -0.2891986966133118 
0.500363290309906 0.6357387900352478 -0.587769091129303 0.1756515055894852 
0 0 0 1 

-0.7044034004211426 0.6935349702835083 0.1510792523622513 0.005533729214221239 
0.4792682826519012 0.3077252209186554 0.8219531774520874 -0.2994164526462555 
0.5235623717308044 0.6513941884040833 -0.5491518974304199 0.1623332649469376 
0 0 0 1 

-0.7278147339820862 0.6853352785110474 0.02452185750007629 0.04652955010533333 
0.3426302969455719 0.332427442073822 0.8786901831626892 -0.3110871911048889 
0.5940456390380859 0.6479254961013794 -0.4767622053623199 0.134637638926506 
0 0 0 1 

-0.7506521940231323 0.6601994037628174 -0.02566102147102356 0.06377924978733063 
0.2698004543781281 0.3417558968067169 0.9002285599708557 -0.3150156140327454 
0.6030997633934021 0.6688348650932312 -0.4346618056297302 0.1207655295729637 
0 0 0 1 

