1.000000000000000000e+00 0.000000000000000000e+00 0.000000000000000000e+00 -4.146692231928954531e-01
0.000000000000000000e+00 -1.000000000000000000e+00 0.000000000000000000e+00 -7.693198940031911737e-02
0.000000000000000000e+00 0.000000000000000000e+00 -1.000000000000000000e+00 -3.421550398492883005e+00
0.000000000000000000e+00 0.000000000000000000e+00 0.000000000000000000e+00 1.000000000000000000e+00
9.898857474327087402e-01 -1.394434869289398193e-01 -2.610823325812816620e-02 -5.416185605289275395e-01
-1.378057897090911865e-01 -9.888445734977722168e-01 5.653238669037818909e-02 2.690203758501421571e-01
-3.370010852813720703e-02 -5.236271023750305176e-02 -9.980593919754028320e-01 -3.424219754171853314e+00
0.000000000000000000e+00 0.000000000000000000e+00 0.000000000000000000e+00 1.000000000000000000e+00
9.704152941703796387e-01 -2.369730770587921143e-01 -4.623756930232048035e-02 -6.150921964227518135e-01
-2.313655465841293335e-01 -9.674518704414367676e-01 1.025013253092765808e-01 5.584844921860527833e-01
-6.902273744344711304e-02 -8.877103030681610107e-02 -9.936575889587402344e-01 -3.397066712475114159e+00
0.000000000000000000e+00 0.000000000000000000e+00 0.000000000000000000e+00 1.000000000000000000e+00
9.371510148048400879e-01 -3.422638773918151855e-01 -6.784700602293014526e-02 -6.769603483279447165e-01
-3.308646380901336670e-01 -9.334312081336975098e-01 1.386890709400177002e-01 7.876076493254066113e-01
-1.107988134026527405e-01 -1.075243726372718811e-01 -9.880090951919555664e-01 -3.353328092543696570e+00
0.000000000000000000e+00 0.000000000000000000e+00 0.000000000000000000e+00 1.000000000000000000e+00
8.922128081321716309e-01 -4.512059986591339111e-01 -1.921450905501842499e-02 -4.432974510076117536e-01
-4.419731199741363525e-01 -8.811183571815490723e-01 1.681958436965942383e-01 9.708325988527889416e-01
-9.282130002975463867e-02 -1.415741890668869019e-01 -9.855662584304809570e-01 -3.353067844152991306e+00
0.000000000000000000e+00 0.000000000000000000e+00 0.000000000000000000e+00 1.000000000000000000e+00
8.288555741310119629e-01 -5.594567656517028809e-01 2.498844172805547714e-03 -2.983905007506045814e-01
-5.496292710304260254e-01 -8.134457468986511230e-01 1.902983933687210083e-01 1.127057725769085694e+00
-1.044311076402664185e-01 -1.591032892465591431e-01 -9.817231893539428711e-01 -3.338470839383186561e+00
0.000000000000000000e+00 0.000000000000000000e+00 0.000000000000000000e+00 1.000000000000000000e+00
7.505125999450683594e-01 -6.600179672241210938e-01 3.327025100588798523e-02 -1.085009411002339358e-01
-6.548680663108825684e-01 -7.360071539878845215e-01 1.715840548276901245e-01 1.104330716388578715e+00
-8.876152336597442627e-02 -1.505635529756546021e-01 -9.846075773239135742e-01 -3.378254028475736970e+00
0.000000000000000000e+00 0.000000000000000000e+00 0.000000000000000000e+00 1.000000000000000000e+00
6.889939904212951660e-01 -7.225198745727539062e-01 5.702947825193405151e-02 2.361579445865318733e-02
-7.232635617256164551e-01 -6.803666949272155762e-01 1.182825192809104919e-01 9.053324738353887291e-01
-4.666054621338844299e-02 -1.227433308959007263e-01 -9.913411736488342285e-01 -3.458102371142423248e+00
0.000000000000000000e+00 0.000000000000000000e+00 0.000000000000000000e+00 1.000000000000000000e+00
5.830041766166687012e-01 -8.121476769447326660e-01 2.282680943608283997e-02 -6.104573501401846375e-02
-8.112830519676208496e-01 -5.804063677787780762e-01 7.033993303775787354e-02 7.280261931723871482e-01
-4.387766867876052856e-02 -5.952752381563186646e-02 -9.972619414329528809e-01 -3.548531620565524847e+00
0.000000000000000000e+00 0.000000000000000000e+00 0.000000000000000000e+00 1.000000000000000000e+00
4.988904297351837158e-01 -8.665473461151123047e-01 1.427912246435880661e-02 -3.740223065668617231e-02
-8.657914996147155762e-01 -4.975803494453430176e-01 5.309281498193740845e-02 6.698119889951729133e-01
-3.890244290232658386e-02 -3.885022178292274475e-02 -9.984879493713378906e-01 -3.592915863325804704e+00
0.000000000000000000e+00 0.000000000000000000e+00 0.000000000000000000e+00 1.000000000000000000e+00
4.025224149227142334e-01 -9.146702289581298828e-01 3.679935634136199951e-02 9.781820932844881300e-02
-9.153255224227905273e-01 -4.027076363563537598e-01 2.562112407758831978e-03 4.597833510743360441e-01
1.247588079422712326e-02 -3.471466898918151855e-02 -9.993192553520202637e-01 -3.644790089240572240e+00
0.000000000000000000e+00 0.000000000000000000e+00 0.000000000000000000e+00 1.000000000000000000e+00
2.868114709854125977e-01 -9.569406509399414062e-01 4.476763680577278137e-02 1.889892205244131373e-01
-9.570522308349609375e-01 -2.882821261882781982e-01 -3.072427399456501007e-02 3.115556485869204195e-01
4.230700060725212097e-02 -3.403289243578910828e-02 -9.985243082046508789e-01 -3.672832111863972848e+00
0.000000000000000000e+00 0.000000000000000000e+00 0.000000000000000000e+00 1.000000000000000000e+00
1.773966252803802490e-01 -9.823525547981262207e-01 5.927953869104385376e-02 2.989189378767983518e-01
-9.818140864372253418e-01 -1.807945221662521362e-01 -5.791949853301048279e-02 1.944191836423493636e-01
6.761479377746582031e-02 -4.792678728699684143e-02 -9.965600371360778809e-01 -3.680530983130735123e+00
0.000000000000000000e+00 0.000000000000000000e+00 0.000000000000000000e+00 1.000000000000000000e+00
9.841069579124450684e-02 -9.927752614021301270e-01 6.864590942859649658e-02 3.723743477657767698e-01
-9.910336136817932129e-01 -1.040353104472160339e-01 -8.384153246879577637e-02 7.416759070289039024e-02
9.037740528583526611e-02 -5.977942049503326416e-02 -9.941114187240600586e-01 -3.674293639250186150e+00
0.000000000000000000e+00 0.000000000000000000e+00 0.000000000000000000e+00 1.000000000000000000e+00
1.606172136962413788e-02 -9.969174861907958984e-01 7.679225504398345947e-02 4.539848391799264360e-01
-9.975349307060241699e-01 -2.122388221323490143e-02 -6.688617169857025146e-02 1.633998591068041017e-01
6.830982863903045654e-02 -7.552872598171234131e-02 -9.948014616966247559e-01 -3.606360191779690361e+00
0.000000000000000000e+00 0.000000000000000000e+00 0.000000000000000000e+00 1.000000000000000000e+00
-9.024620056152343750e-02 -9.093764424324035645e-01 4.060658216476440430e-01 1.787730136294345851e+00
-9.907000660896301270e-01 4.028348252177238464e-02 -1.299646347761154175e-01 -7.974076405237956466e-02
1.018289551138877869e-01 -4.140183031558990479e-01 -9.045547842979431152e-01 -3.203962406571691623e+00
0.000000000000000000e+00 0.000000000000000000e+00 0.000000000000000000e+00 1.000000000000000000e+00
-1.639817953109741211e-01 -8.819676637649536133e-01 4.418625831604003906e-01 1.941656718400945447e+00
-9.768778085708618164e-01 8.289588242769241333e-02 -1.970717757940292358e-01 -3.512872432251361587e-01
1.371823549270629883e-01 -4.639620482921600342e-01 -8.751685023307800293e-01 -3.104967710445757145e+00
0.000000000000000000e+00 0.000000000000000000e+00 0.000000000000000000e+00 1.000000000000000000e+00
-1.381589919328689575e-01 -8.272299170494079590e-01 5.446122288703918457e-01 2.250489519602733690e+00
-9.903278946876525879e-01 1.224780976772308350e-01 -6.519345939159393311e-02 1.427853858766109096e-01
-1.277308166027069092e-02 -5.483516454696655273e-01 -8.361501097679138184e-01 -2.872225506438767173e+00
0.000000000000000000e+00 0.000000000000000000e+00 0.000000000000000000e+00 1.000000000000000000e+00
-8.868721127510070801e-02 -7.552778124809265137e-01 6.493763327598571777e-01 2.515868422953531525e+00
-9.943225383758544922e-01 2.864834107458591461e-02 -1.024771481752395630e-01 4.659894869943768253e-02
5.879518762230873108e-02 -6.547781825065612793e-01 -7.535307407379150391e-01 -2.680084464280809708e+00
0.000000000000000000e+00 0.000000000000000000e+00 0.000000000000000000e+00 1.000000000000000000e+00
-5.976681783795356750e-02 -5.744708180427551270e-01 8.163400888442993164e-01 3.082477255149039586e+00
-9.843007326126098633e-01 -1.021412014961242676e-01 -1.439419239759445190e-01 -1.039802181043571749e-01
1.660725176334381104e-01 -8.121274113655090332e-01 -5.593473911285400391e-01 -1.976508455206386961e+00
0.000000000000000000e+00 0.000000000000000000e+00 0.000000000000000000e+00 1.000000000000000000e+00
-1.217737793922424316e-01 -4.363210201263427734e-01 8.915128707885742188e-01 3.336560688943511543e+00
-9.852471947669982910e-01 -5.567913874983787537e-02 -1.618275791406631470e-01 -2.170573709841560617e-01
1.202472969889640808e-01 -8.980664610862731934e-01 -4.231037497520446777e-01 -1.424058428089711059e+00
0.000000000000000000e+00 0.000000000000000000e+00 0.000000000000000000e+00 1.000000000000000000e+00
-1.975906938314437866e-01 -3.288582861423492432e-01 9.234771132469177246e-01 3.471674759400661614e+00
-9.735257029533386230e-01 -4.460122808814048767e-02 -2.241822183132171631e-01 -4.474449087362673549e-01
1.149123832583427429e-01 -9.433249831199645996e-01 -3.113392591476440430e-01 -1.015835301503137833e+00
0.000000000000000000e+00 0.000000000000000000e+00 0.000000000000000000e+00 1.000000000000000000e+00
-2.780622839927673340e-01 -2.010630518198013306e-01 9.392842650413513184e-01 3.568093513508395542e+00
-9.575828313827514648e-01 -1.894306018948554993e-02 -2.875343859195709229e-01 -6.887120572130995821e-01
7.560541480779647827e-02 -9.793952107429504395e-01 -1.872673630714416504e-01 -5.390275894195221129e-01
0.000000000000000000e+00 0.000000000000000000e+00 0.000000000000000000e+00 1.000000000000000000e+00
-1.832923144102096558e-01 8.223192691802978516e-01 5.386975407600402832e-01 2.031699214586468738e+00
-9.479802250862121582e-01 -2.774058608338236809e-03 -3.183168470859527588e-01 -7.820766413409704354e-01
-2.602635324001312256e-01 -5.690200328826904297e-01 7.800507545471191406e-01 3.181228067687412064e+00
0.000000000000000000e+00 0.000000000000000000e+00 0.000000000000000000e+00 1.000000000000000000e+00
-1.666707098484039307e-01 8.599422574043273926e-01 4.824118316173553467e-01 1.804636285394396245e+00
-9.688891768455505371e-01 -5.205158516764640808e-02 -2.419592142105102539e-01 -5.056701002213672691e-01
-1.829605847597122192e-01 -5.077312588691711426e-01 8.418638110160827637e-01 3.353926142160687629e+00
0.000000000000000000e+00 0.000000000000000000e+00 0.000000000000000000e+00 1.000000000000000000e+00
-9.655091166496276855e-02 8.312836885452270508e-01 5.473980903625488281e-01 1.968054178015000932e+00
-9.895222783088684082e-01 -2.085447683930397034e-02 -1.428646594285964966e-01 -1.099002576892559868e-01
-1.073454990983009338e-01 -5.554562807083129883e-01 8.245872259140014648e-01 3.239440289840458842e+00
0.000000000000000000e+00 0.000000000000000000e+00 0.000000000000000000e+00 1.000000000000000000e+00
2.076485566794872284e-02 8.470341563224792480e-01 5.311316251754760742e-01 1.793022313171829696e+00
-9.991057515144348145e-01 3.714910522103309631e-02 -2.018439024686813354e-02 3.701623366368060886e-01
-3.682804480195045471e-02 -5.302377939224243164e-01 8.470486998558044434e-01 3.263772997321632729e+00
0.000000000000000000e+00 0.000000000000000000e+00 0.000000000000000000e+00 1.000000000000000000e+00
5.474494397640228271e-02 8.434807658195495605e-01 5.343615412712097168e-01 1.768121885029077189e+00
-9.946634173393249512e-01 -8.007507422007620335e-04 1.031664833426475525e-01 8.281617596441989138e-01
8.744689077138900757e-02 -5.371579527854919434e-01 8.389360308647155762e-01 3.139760330402308952e+00
0.000000000000000000e+00 0.000000000000000000e+00 0.000000000000000000e+00 1.000000000000000000e+00
3.128197044134140015e-02 8.553227782249450684e-01 5.171503424644470215e-01 1.749561004273952003e+00
-9.825983047485351562e-01 -6.846015900373458862e-02 1.726639270782470703e-01 9.875657086255094086e-01
1.830877214670181274e-01 -5.135521888732910156e-01 8.382975459098815918e-01 3.093732214032394179e+00
0.000000000000000000e+00 0.000000000000000000e+00 0.000000000000000000e+00 1.000000000000000000e+00
-4.408719763159751892e-02 8.607262969017028809e-01 5.071538686752319336e-01 1.806688800682416884e+00
-9.946945905685424805e-01 -8.504953235387802124e-02 5.787364766001701355e-02 5.662858254847848993e-01
9.294658899307250977e-02 -5.019122958183288574e-01 8.599100708961486816e-01 3.344968082322737679e+00
0.000000000000000000e+00 0.000000000000000000e+00 0.000000000000000000e+00 1.000000000000000000e+00
-4.207533970475196838e-02 8.642979860305786133e-01 5.012173056602478027e-01 1.763072893899464422e+00
-9.922883510589599609e-01 2.239080145955085754e-02 -1.219094544649124146e-01 -1.010545134517935734e-01
-1.165887713432312012e-01 -5.024816393852233887e-01 8.566910028457641602e-01 3.543622400595362709e+00
0.000000000000000000e+00 0.000000000000000000e+00 0.000000000000000000e+00 1.000000000000000000e+00
1.336296945810317993e-01 8.602828383445739746e-01 4.919922649860382080e-01 1.567067766364278247e+00
-9.849780797958374023e-01 1.700774580240249634e-01 -2.986314333975315094e-02 2.347739712698496961e-01
-1.093676015734672546e-01 -4.806109964847564697e-01 8.700875043869018555e-01 3.611198049616120453e+00
0.000000000000000000e+00 0.000000000000000000e+00 0.000000000000000000e+00 1.000000000000000000e+00
2.266163378953933716e-01 7.999528646469116211e-01 5.556258559226989746e-01 1.645071964805435938e+00
-9.444282054901123047e-01 3.199433684349060059e-01 -7.544083893299102783e-02 5.362000001648404429e-02
-2.381180524826049805e-01 -5.076527595520019531e-01 8.280025720596313477e-01 3.523142403396194666e+00
0.000000000000000000e+00 0.000000000000000000e+00 0.000000000000000000e+00 1.000000000000000000e+00
3.339882493019104004e-01 7.316052317619323730e-01 5.943109393119812012e-01 1.616100114322528203e+00
-9.095926880836486816e-01 4.155002236366271973e-01 -3.182424115948379040e-04 3.126273204368583691e-01
-2.471693307161331177e-01 -5.404747128486633301e-01 8.042349219322204590e-01 3.374848733973982551e+00
0.000000000000000000e+00 0.000000000000000000e+00 0.000000000000000000e+00 1.000000000000000000e+00
3.560405373573303223e-01 7.256887555122375488e-01 5.887371301651000977e-01 1.566845607307576715e+00
-9.208624362945556641e-01 3.795931935310363770e-01 8.900029957294464111e-02 6.578745590459464943e-01
-1.588941216468811035e-01 -5.738334655761718750e-01 8.034099340438842773e-01 3.275278389089799180e+00
0.000000000000000000e+00 0.000000000000000000e+00 0.000000000000000000e+00 1.000000000000000000e+00
3.670060932636260986e-01 7.058027386665344238e-01 6.059282422065734863e-01 1.624660218177605087e+00
-9.261121749877929688e-01 3.383725881576538086e-01 1.667926311492919922e-01 9.432832384974887407e-01
-8.730690926313400269e-02 -6.223714947700500488e-01 7.778376340866088867e-01 3.116617182121564689e+00
0.000000000000000000e+00 0.000000000000000000e+00 0.000000000000000000e+00 1.000000000000000000e+00
5.336371064186096191e-01 6.045529842376708984e-01 5.913934111595153809e-01 1.505829768881943975e+00
-8.415091037750244141e-01 4.492125213146209717e-01 3.001172244548797607e-01 1.360336196575863577e+00
-8.422481268644332886e-02 -6.578168869018554688e-01 7.484533786773681641e-01 2.991711053177461554e+00
0.000000000000000000e+00 0.000000000000000000e+00 0.000000000000000000e+00 1.000000000000000000e+00
6.777505278587341309e-01 4.140322208404541016e-01 6.076440811157226562e-01 1.518904406741085733e+00
-7.127063870429992676e-01 5.731577873229980469e-01 4.044000804424285889e-01 1.706324539873715240e+00
-1.808413565158843994e-01 -7.071544528007507324e-01 6.835413575172424316e-01 2.926764085252755887e+00
0.000000000000000000e+00 0.000000000000000000e+00 0.000000000000000000e+00 1.000000000000000000e+00
7.020320296287536621e-01 3.326376974582672119e-01 6.296849250793457031e-01 1.554532583778585497e+00
-6.476903557777404785e-01 6.658196449279785156e-01 3.703795969486236572e-01 1.561949935455642757e+00
-2.960545420646667480e-01 -6.678592562675476074e-01 6.828730702400207520e-01 3.052190366278414668e+00
0.000000000000000000e+00 0.000000000000000000e+00 0.000000000000000000e+00 1.000000000000000000e+00
7.530703544616699219e-01 2.567715942859649658e-01 6.057667136192321777e-01 1.517257258482826332e+00
-5.691056251525878906e-01 7.162283658981323242e-01 4.039003551006317139e-01 1.599454141455280531e+00
-3.301572203636169434e-01 -6.489106416702270508e-01 6.855003833770751953e-01 3.041956916976080283e+00
0.000000000000000000e+00 0.000000000000000000e+00 0.000000000000000000e+00 1.000000000000000000e+00
7.368463873863220215e-01 2.382391691207885742e-01 6.326922774314880371e-01 1.704322250572534614e+00
-5.404056310653686523e-01 7.698860168457031250e-01 3.394680917263031006e-01 1.271876389775669747e+00
-4.062257707118988037e-01 -5.920460820198059082e-01 6.960329413414001465e-01 3.137508750947888281e+00
0.000000000000000000e+00 0.000000000000000000e+00 0.000000000000000000e+00 1.000000000000000000e+00
7.318995594978332520e-01 3.384150266647338867e-01 5.914373397827148438e-01 1.645111260588933089e+00
-5.810294747352600098e-01 7.633850574493408203e-01 2.822185754776000977e-01 1.018229518347857576e+00
-3.559874296188354492e-01 -5.501987338066101074e-01 7.553505897521972656e-01 3.315016077801457683e+00
0.000000000000000000e+00 0.000000000000000000e+00 0.000000000000000000e+00 1.000000000000000000e+00
8.099068403244018555e-01 1.745296269655227661e-01 5.599915385246276855e-01 1.576292451540255879e+00
-5.252422094345092773e-01 6.407667398452758789e-01 5.599450469017028809e-01 2.036826035725463058e+00
-2.610970735549926758e-01 -7.476343512535095215e-01 6.106316447257995605e-01 2.850098356349491713e+00
0.000000000000000000e+00 0.000000000000000000e+00 0.000000000000000000e+00 1.000000000000000000e+00
8.436184525489807129e-01 9.216155856847763062e-02 5.289743542671203613e-01 1.454670622816869541e+00
-4.771421551704406738e-01 5.804961919784545898e-01 6.598170995712280273e-01 2.419094038787216405e+00
-2.462581396102905273e-01 -8.090299963951110840e-01 5.336916446685791016e-01 2.549476650399350675e+00
0.000000000000000000e+00 0.000000000000000000e+00 0.000000000000000000e+00 1.000000000000000000e+00
8.682994842529296875e-01 1.214414276182651520e-02 4.958915710449218750e-01 1.327870281993264401e+00
-4.320137500762939453e-01 5.097824931144714355e-01 7.439659237861633301e-01 2.746609916842811749e+00
-2.437621653079986572e-01 -8.602173924446105957e-01 4.478905498981475830e-01 2.225590461819421773e+00
0.000000000000000000e+00 0.000000000000000000e+00 0.000000000000000000e+00 1.000000000000000000e+00
8.704860210418701172e-01 -1.564215123653411865e-01 4.666760265827178955e-01 1.239489928509703409e+00
-3.690617382526397705e-01 4.198903739452362061e-01 8.291469216346740723e-01 3.071781835882782641e+00
-3.256493508815765381e-01 -8.939931392669677734e-01 3.077794909477233887e-01 1.738417538913806348e+00
0.000000000000000000e+00 0.000000000000000000e+00 0.000000000000000000e+00 1.000000000000000000e+00
9.539036750793457031e-01 2.396285682916641235e-01 1.806823909282684326e-01 5.132973552999197525e-02
-2.508335411548614502e-01 3.060401976108551025e-01 9.183797240257263184e-01 3.342335028760572868e+00
1.647739857435226440e-01 -9.213670492172241211e-01 3.520397543907165527e-01 1.564487162458051417e+00
0.000000000000000000e+00 0.000000000000000000e+00 0.000000000000000000e+00 1.000000000000000000e+00
9.780690073966979980e-01 1.215330734848976135e-01 1.691466867923736572e-01 1.498508166584655750e-02
-1.930850595235824585e-01 2.245650589466094971e-01 9.551381468772888184e-01 3.450189889965570078e+00
7.809644937515258789e-02 -9.668508172035217285e-01 2.431062757968902588e-01 1.188568186029944629e+00
0.000000000000000000e+00 0.000000000000000000e+00 0.000000000000000000e+00 1.000000000000000000e+00
9.731000065803527832e-01 1.943415552377700806e-01 1.237240210175514221e-01 -1.611045195930757845e-01
-1.480542421340942383e-01 1.160673424601554871e-01 9.821447134017944336e-01 3.521650995754581626e+00
1.765111982822418213e-01 -9.740426540374755859e-01 1.417182236909866333e-01 7.219210623167622298e-01
0.000000000000000000e+00 0.000000000000000000e+00 0.000000000000000000e+00 1.000000000000000000e+00
9.549970626831054688e-01 2.714688479900360107e-01 1.195212751626968384e-01 -1.936909143017602475e-01
-1.400810480117797852e-01 5.759239569306373596e-02 9.884640574455261230e-01 3.527260296498885506e+00
2.614535689353942871e-01 -9.607225060462951660e-01 9.302823245525360107e-02 4.656292658122195283e-01
0.000000000000000000e+00 0.000000000000000000e+00 0.000000000000000000e+00 1.000000000000000000e+00
9.940086007118225098e-01 -4.456971958279609680e-02 9.980517625808715820e-02 -2.409235412283256550e-01
-1.012526676058769226e-01 -3.148928284645080566e-02 9.943624734878540039e-01 3.513610182231422296e+00
-4.117568954825401306e-02 -9.985100030899047852e-01 -3.581340238451957703e-02 1.357119931276198344e-01
0.000000000000000000e+00 0.000000000000000000e+00 0.000000000000000000e+00 1.000000000000000000e+00
9.975294470787048340e-01 -2.318845316767692566e-02 6.631471961736679077e-02 -3.690593139223493635e-01
-6.870477646589279175e-02 -1.249861791729927063e-01 9.897769689559936523e-01 3.449518414647564590e+00
-1.466309186071157455e-02 -9.918871521949768066e-01 -1.262705177068710327e-01 -2.612493152259954821e-01
0.000000000000000000e+00 0.000000000000000000e+00 0.000000000000000000e+00 1.000000000000000000e+00
9.839752316474914551e-01 -7.685600966215133667e-02 1.608902812004089355e-01 -5.047072047075357171e-02
-1.715165823698043823e-01 -1.613796204328536987e-01 9.718740582466125488e-01 3.474575681224450818e+00
-4.872996360063552856e-02 -9.838949441909790039e-01 -1.719755530357360840e-01 -2.888248512265529366e-01
0.000000000000000000e+00 0.000000000000000000e+00 0.000000000000000000e+00 1.000000000000000000e+00
7.884883284568786621e-01 -6.043800711631774902e-01 1.140666604042053223e-01 1.484949411243668971e-02
-2.660622000694274902e-01 -1.679634451866149902e-01 9.492097496986389160e-01 3.502935861814237217e+00
-5.545243024826049805e-01 -7.787892818450927734e-01 -2.932398021221160889e-01 -3.916358271685429493e-01
0.000000000000000000e+00 0.000000000000000000e+00 0.000000000000000000e+00 1.000000000000000000e+00
5.495063662528991699e-01 -8.354412317276000977e-01 9.015821851789951324e-03 -7.224749468313636236e-02
-3.719228208065032959e-01 -2.349386662244796753e-01 8.980407118797302246e-01 3.494645140896029289e+00
-7.481417655944824219e-01 -4.968323409557342529e-01 -4.398199617862701416e-01 -8.173993505888064171e-01
0.000000000000000000e+00 0.000000000000000000e+00 0.000000000000000000e+00 1.000000000000000000e+00
8.992552757263183594e-01 -3.380849957466125488e-01 2.775570750236511230e-01 4.959453249080936765e-01
-3.913173377513885498e-01 -3.382201790809631348e-01 8.558484911918640137e-01 3.410293984020356550e+00
-1.954743117094039917e-01 -8.782399296760559082e-01 -4.364450573921203613e-01 -1.067200578081645146e+00
0.000000000000000000e+00 0.000000000000000000e+00 0.000000000000000000e+00 1.000000000000000000e+00
8.833999633789062500e-01 -1.879594773054122925e-01 4.292739629745483398e-01 1.023601996274550618e+00
-4.676606655120849609e-01 -4.121834337711334229e-01 7.819192409515380859e-01 3.259709784060081716e+00
2.997037209570407867e-02 -8.915018439292907715e-01 -4.520239531993865967e-01 -1.306019926711461610e+00
0.000000000000000000e+00 0.000000000000000000e+00 0.000000000000000000e+00 1.000000000000000000e+00
8.725312948226928711e-01 -1.639210134744644165e-01 4.602389931678771973e-01 1.139955777110319701e+00
-4.756390452384948730e-01 -5.002197623252868652e-01 7.235656380653381348e-01 3.058792855937667809e+00
1.116129234433174133e-01 -8.502413630485534668e-01 -5.144247412681579590e-01 -1.619881467926367336e+00
0.000000000000000000e+00 0.000000000000000000e+00 0.000000000000000000e+00 1.000000000000000000e+00
8.609289526939392090e-01 -1.529273688793182373e-01 4.851947426795959473e-01 1.238258229751970640e+00
-4.757205843925476074e-01 -5.799475312232971191e-01 6.613252758979797363e-01 2.862705172787151753e+00
1.802527010440826416e-01 -8.001711368560791016e-01 -5.720440745353698730e-01 -1.855411604362529721e+00
0.000000000000000000e+00 0.000000000000000000e+00 0.000000000000000000e+00 1.000000000000000000e+00
8.456484079360961914e-01 -1.144435852766036987e-01 5.213261842727661133e-01 1.340567387335955596e+00
-4.492744207382202148e-01 -6.799424886703491211e-01 5.795084834098815918e-01 2.576288892571264366e+00
2.881508171558380127e-01 -7.242794632911682129e-01 -6.264090538024902344e-01 -2.126352756927391674e+00
0.000000000000000000e+00 0.000000000000000000e+00 0.000000000000000000e+00 1.000000000000000000e+00
8.285613656044006348e-01 -1.243860647082328796e-01 5.459067225456237793e-01 1.449094930308451712e+00
-4.472700953483581543e-01 -7.335528731346130371e-01 5.117111802101135254e-01 2.345500792043624383e+00
3.368018865585327148e-01 -6.681523323059082031e-01 -6.634284257888793945e-01 -2.318816955199635377e+00
0.000000000000000000e+00 0.000000000000000000e+00 0.000000000000000000e+00 1.000000000000000000e+00
8.038250207901000977e-01 -1.661291867494583130e-01 5.711967945098876953e-01 1.582142869833299326e+00
-4.535015821456909180e-01 -7.925432324409484863e-01 4.076898694038391113e-01 1.992877493582205117e+00
3.849688768386840820e-01 -5.867505073547363281e-01 -7.124062180519104004e-01 -2.551487633986663006e+00
0.000000000000000000e+00 0.000000000000000000e+00 0.000000000000000000e+00 1.000000000000000000e+00
7.719967365264892578e-01 -2.230547666549682617e-01 5.952033996582031250e-01 1.717269349485237795e+00
-4.635316729545593262e-01 -8.382925987243652344e-01 2.870613336563110352e-01 1.574845846439842934e+00
4.349238872528076172e-01 -4.975059330463409424e-01 -7.505519390106201172e-01 -2.760690284879383505e+00
0.000000000000000000e+00 0.000000000000000000e+00 0.000000000000000000e+00 1.000000000000000000e+00
7.528688907623291016e-01 -2.863816320896148682e-01 5.925991535186767578e-01 1.749949653360733937e+00
-4.618589878082275391e-01 -8.713412880897521973e-01 1.656819134950637817e-01 1.145103711115447620e+00
4.689079523086547852e-01 -3.984342515468597412e-01 -7.882738113403320312e-01 -2.955870545660983062e+00
0.000000000000000000e+00 0.000000000000000000e+00 0.000000000000000000e+00 1.000000000000000000e+00
7.320457696914672852e-01 -3.587472140789031982e-01 5.791451930999755859e-01 1.733638800910681121e+00
-4.379996657371520996e-01 -8.989690542221069336e-01 -3.223756793886423111e-03 5.250547677377852551e-01
5.217899084091186523e-01 -2.513053417205810547e-01 -8.152177333831787109e-01 -3.123474990373392490e+00
0.000000000000000000e+00 0.000000000000000000e+00 0.000000000000000000e+00 1.000000000000000000e+00
7.236335277557373047e-01 -3.953081965446472168e-01 5.657617449760437012e-01 1.674783541177686352e+00
-3.689405024051666260e-01 -9.143324494361877441e-01 -1.669703125953674316e-01 -1.369980289185817879e-01
5.832991600036621094e-01 -8.790729194879531860e-02 -8.074864745140075684e-01 -3.110912748849063547e+00
0.000000000000000000e+00 0.000000000000000000e+00 0.000000000000000000e+00 1.000000000000000000e+00
7.158436775207519531e-01 -4.234245121479034424e-01 5.552294850349426270e-01 1.627151708731272350e+00
-3.019119799137115479e-01 -9.046796560287475586e-01 -3.006716072559356689e-01 -6.815537614943157907e-01
6.296166181564331055e-01 4.760337620973587036e-02 -7.754461169242858887e-01 -3.024568537410399216e+00
0.000000000000000000e+00 0.000000000000000000e+00 0.000000000000000000e+00 1.000000000000000000e+00
7.106044888496398926e-01 -4.484300613403320312e-01 5.421730279922485352e-01 1.575713011083599069e+00
-2.433378398418426514e-01 -8.796620965003967285e-01 -4.086331427097320557e-01 -1.116013588299957560e+00
6.601725220680236816e-01 1.584452539682388306e-01 -7.342118620872497559e-01 -2.891765679482626528e+00
0.000000000000000000e+00 0.000000000000000000e+00 0.000000000000000000e+00 1.000000000000000000e+00
7.101123332977294922e-01 -4.678384661674499512e-01 5.261819362640380859e-01 1.511729134554431253e+00
-1.579080224037170410e-01 -8.341081738471984863e-01 -5.285155177116394043e-01 -1.631896906848281814e+00
6.861525177955627441e-01 2.922168672084808350e-01 -6.661859154701232910e-01 -2.666789735564097708e+00
0.000000000000000000e+00 0.000000000000000000e+00 0.000000000000000000e+00 1.000000000000000000e+00
6.930702328681945801e-01 -4.978585839271545410e-01 5.213351845741271973e-01 1.507123599788583457e+00
-9.562361240386962891e-02 -7.803061008453369141e-01 -6.180440783500671387e-01 -2.023379426440283346e+00
7.144996523857116699e-01 3.784959614276885986e-01 -5.884139537811279297e-01 -2.400277114389418820e+00
0.000000000000000000e+00 0.000000000000000000e+00 0.000000000000000000e+00 1.000000000000000000e+00
7.024997472763061523e-01 -5.075339674949645996e-01 4.989020824432373047e-01 1.415023934866993738e+00
-3.139935806393623352e-02 -7.224370837211608887e-01 -6.907232999801635742e-01 -2.356325361315458444e+00
7.109909653663635254e-01 4.695676863193511963e-01 -5.234481096267700195e-01 -2.175522467777954105e+00
0.000000000000000000e+00 0.000000000000000000e+00 0.000000000000000000e+00 1.000000000000000000e+00
7.152921557426452637e-01 -5.126699209213256836e-01 4.748962521553039551e-01 1.319433839211254345e+00
1.976282708346843719e-02 -6.644518375396728516e-01 -7.470695972442626953e-01 -2.619737924342045776e+00
6.985458731651306152e-01 5.437582731246948242e-01 -4.651454389095306396e-01 -1.976348859173411299e+00
0.000000000000000000e+00 0.000000000000000000e+00 0.000000000000000000e+00 1.000000000000000000e+00
7.494813203811645508e-01 -5.019215941429138184e-01 4.316855370998382568e-01 1.136242756444649338e+00
6.042806431651115417e-02 -5.974794626235961914e-01 -7.996040582656860352e-01 -2.865616122782409736e+00
6.592618227005004883e-01 6.253741979598999023e-01 -4.174696207046508789e-01 -1.812740864582642608e+00
0.000000000000000000e+00 0.000000000000000000e+00 0.000000000000000000e+00 1.000000000000000000e+00
8.137326240539550781e-01 -4.565822780132293701e-01 3.596828579902648926e-01 8.228606927283810268e-01
1.013839021325111389e-01 -4.978381097316741943e-01 -8.613236546516418457e-01 -3.176042299065039654e+00
5.723289847373962402e-01 7.373531460762023926e-01 -3.588170111179351807e-01 -1.585681210039194822e+00
0.000000000000000000e+00 0.000000000000000000e+00 0.000000000000000000e+00 1.000000000000000000e+00
8.829832077026367188e-01 -3.782110810279846191e-01 2.780234515666961670e-01 4.831370969495697998e-01
1.217915341258049011e-01 -3.874157071113586426e-01 -9.138247966766357422e-01 -3.427692841281235303e+00
4.533293247222900391e-01 8.407528400421142578e-01 -2.960186302661895752e-01 -1.293233544106263455e+00
0.000000000000000000e+00 0.000000000000000000e+00 0.000000000000000000e+00 1.000000000000000000e+00
8.742162585258483887e-01 -3.995349109172821045e-01 2.758953273296356201e-01 4.765377751335378442e-01
1.604548841714859009e-01 -2.985737323760986328e-01 -9.408016800880432129e-01 -3.575633882751537929e+00
4.582581520080566406e-01 8.667324781417846680e-01 -1.969105452299118042e-01 -9.570645794096402925e-01
0.000000000000000000e+00 0.000000000000000000e+00 0.000000000000000000e+00 1.000000000000000000e+00
9.138110280036926270e-01 -3.196070492267608643e-01 2.506020069122314453e-01 3.461773526612837992e-01
1.915359795093536377e-01 -2.049739807844161987e-01 -9.598435163497924805e-01 -3.693108627516544118e+00
3.581395149230957031e-01 9.251145124435424805e-01 -1.260912716388702393e-01 -6.458112527368822242e-01
0.000000000000000000e+00 0.000000000000000000e+00 0.000000000000000000e+00 1.000000000000000000e+00
9.642477035522460938e-01 -1.474851518869400024e-01 2.201700508594512939e-01 1.796519154426066411e-01
2.049510926008224487e-01 -1.116464138031005859e-01 -9.723837971687316895e-01 -3.776709372807361742e+00
1.679934859275817871e-01 9.827429652214050293e-01 -7.742752879858016968e-02 -3.450863953550611929e-01
0.000000000000000000e+00 0.000000000000000000e+00 0.000000000000000000e+00 1.000000000000000000e+00
9.825171232223510742e-01 -3.246776387095451355e-02 1.833198517560958862e-01 -1.250809328629167230e-02
1.826079338788986206e-01 -2.370644733309745789e-02 -9.828999638557434082e-01 -3.845103339284456911e+00
3.625845909118652344e-02 9.991914629936218262e-01 -1.736316457390785217e-02 -4.894231962679278063e-03
0.000000000000000000e+00 0.000000000000000000e+00 0.000000000000000000e+00 1.000000000000000000e+00
9.542946815490722656e-01 -2.548095881938934326e-01 1.561857908964157104e-01 -9.562653076950416997e-02
1.790443360805511475e-01 6.898199021816253662e-02 -9.814197421073913574e-01 -3.890784342900145631e+00
2.393011599779129028e-01 9.645277261734008789e-01 1.114514172077178955e-01 4.007474030726723147e-01
0.000000000000000000e+00 0.000000000000000000e+00 0.000000000000000000e+00 1.000000000000000000e+00
9.805142879486083984e-01 -9.761185944080352783e-02 1.704796254634857178e-01 -4.104945404452017832e-02
1.811867803335189819e-01 1.140097826719284058e-01 -9.768175482749938965e-01 -3.898125760417025187e+00
7.591265439987182617e-02 9.886725544929504395e-01 1.294742077589035034e-01 6.461720626785055765e-01
0.000000000000000000e+00 0.000000000000000000e+00 0.000000000000000000e+00 1.000000000000000000e+00
9.890551567077636719e-01 -4.416334256529808044e-02 1.407806277275085449e-01 -1.375310566305474880e-01
1.435969620943069458e-01 6.886801868677139282e-02 -9.872372150421142578e-01 -3.913176734896179898e+00
3.390444442629814148e-02 9.966477751731872559e-01 7.445597648620605469e-02 4.368055500921008139e-01
0.000000000000000000e+00 0.000000000000000000e+00 0.000000000000000000e+00 1.000000000000000000e+00
9.583036303520202637e-01 -2.776667177677154541e-01 6.749431043863296509e-02 -3.798452309176681418e-01
5.255446955561637878e-02 -6.090909987688064575e-02 -9.967585206031799316e-01 -3.865229674432149487e+00
2.808779180049896240e-01 9.587446451187133789e-01 -4.377680271863937378e-02 -1.916280449143219211e-01
0.000000000000000000e+00 0.000000000000000000e+00 0.000000000000000000e+00 1.000000000000000000e+00
8.620625734329223633e-01 -5.029830932617187500e-01 6.209496408700942993e-02 -3.178998447011606721e-01
-4.434527456760406494e-02 -1.969156861305236816e-01 -9.794170856475830078e-01 -3.709871381476815166e+00
5.048577189445495605e-01 8.415650725364685059e-01 -1.920587122440338135e-01 -8.941259190165208315e-01
0.000000000000000000e+00 0.000000000000000000e+00 0.000000000000000000e+00 1.000000000000000000e+00
7.895324230194091797e-01 -6.110422611236572266e-01 5.714802071452140808e-02 -2.438032715376967641e-01
-1.700448095798492432e-01 -3.072842657566070557e-01 -9.363018870353698730e-01 -3.425516751095111889e+00
5.896807312965393066e-01 7.295228838920593262e-01 -3.465154170989990234e-01 -1.534462775599019446e+00
0.000000000000000000e+00 0.000000000000000000e+00 0.000000000000000000e+00 1.000000000000000000e+00
9.456879496574401855e-01 -2.037571966648101807e-01 -2.532920837402343750e-01 -1.436308535455141033e+00
-3.160798847675323486e-01 -3.943252265453338623e-01 -8.629028797149658203e-01 -3.013758641318098785e+00
7.594327628612518311e-02 8.960974216461181641e-01 -4.373121857643127441e-01 -1.584504921783191911e+00
0.000000000000000000e+00 0.000000000000000000e+00 0.000000000000000000e+00 1.000000000000000000e+00
8.818232417106628418e-01 -3.966678380966186523e-01 -2.550340890884399414e-01 -1.344461966402260789e+00
-4.407224655151367188e-01 -5.007923841476440430e-01 -7.449634671211242676e-01 -2.459093314406766151e+00
1.677839756011962891e-01 7.693253159523010254e-01 -6.164308190345764160e-01 -2.276232562733485398e+00
0.000000000000000000e+00 0.000000000000000000e+00 0.000000000000000000e+00 1.000000000000000000e+00
8.084000945091247559e-01 -5.184055566787719727e-01 -2.788278460502624512e-01 -1.318875413197655000e+00
-5.723787546157836914e-01 -5.817440152168273926e-01 -5.778894424438476562e-01 -1.749408706847726203e+00
1.373747289180755615e-01 6.267609596252441406e-01 -7.670063376426696777e-01 -2.764032149975925279e+00
0.000000000000000000e+00 0.000000000000000000e+00 0.000000000000000000e+00 1.000000000000000000e+00
7.399670481681823730e-01 -6.014258265495300293e-01 -3.012231588363647461e-01 -1.286689667439463003e+00
-6.692084670066833496e-01 -6.130475401878356934e-01 -4.199195802211761475e-01 -1.108070928060577387e+00
6.788655370473861694e-02 5.123077630996704102e-01 -8.561144471168518066e-01 -3.016977212498471062e+00
0.000000000000000000e+00 0.000000000000000000e+00 0.000000000000000000e+00 1.000000000000000000e+00
6.586397886276245117e-01 -7.172165513038635254e-01 -2.275828868150711060e-01 -8.856854175712316479e-01
-7.501871585845947266e-01 -6.024153232574462891e-01 -2.726075053215026855e-01 -5.331007545640196188e-01
5.841922760009765625e-02 3.502799272537231445e-01 -9.348213672637939453e-01 -3.240532648313559694e+00
0.000000000000000000e+00 0.000000000000000000e+00 0.000000000000000000e+00 1.000000000000000000e+00
6.877675652503967285e-01 -6.994997859001159668e-01 -1.941018551588058472e-01 -7.784109447474931720e-01
-7.258853316307067871e-01 -6.596910953521728516e-01 -1.946739256381988525e-01 -2.204303236988922332e-01
8.127176202833652496e-03 2.747861444950103760e-01 -9.614709019660949707e-01 -3.271898266941174249e+00
0.000000000000000000e+00 0.000000000000000000e+00 0.000000000000000000e+00 1.000000000000000000e+00
6.891741156578063965e-01 -6.987509727478027344e-01 -1.917968094348907471e-01 -7.713860478726868308e-01
-7.174194455146789551e-01 -6.951713562011718750e-01 -4.523117467761039734e-02 3.100360823625813445e-01
-1.017262563109397888e-01 1.687709540128707886e-01 -9.803918004035949707e-01 -3.220969552729326946e+00
0.000000000000000000e+00 0.000000000000000000e+00 0.000000000000000000e+00 1.000000000000000000e+00
6.695008873939514160e-01 -7.213327288627624512e-01 -1.773338317871093750e-01 -7.000429586966128159e-01
-7.290723919868469238e-01 -6.838205456733703613e-01 2.902747876942157745e-02 5.417530197376446699e-01
-1.422029733657836914e-01 1.098553463816642761e-01 -9.837225079536437988e-01 -3.172081461660494650e+00
0.000000000000000000e+00 0.000000000000000000e+00 0.000000000000000000e+00 1.000000000000000000e+00
6.624786257743835449e-01 -7.325705289840698242e-01 -1.564043611288070679e-01 -6.139476205534307729e-01
-7.297958731651306152e-01 -6.782702207565307617e-01 8.571708202362060547e-02 7.134509044934626010e-01
-1.688782125711441040e-01 5.735753849148750305e-02 -9.839665889739990234e-01 -3.127328045355253661e+00
0.000000000000000000e+00 0.000000000000000000e+00 0.000000000000000000e+00 1.000000000000000000e+00
5.812155604362487793e-01 -7.960091829299926758e-01 -1.689906418323516846e-01 -5.692603004454318549e-01
-7.617100477218627930e-01 -6.052579283714294434e-01 2.312151193618774414e-01 1.198639562682394688e+00
-2.863323092460632324e-01 -5.663936957716941833e-03 -9.581137299537658691e-01 -2.960258574818175337e+00
0.000000000000000000e+00 0.000000000000000000e+00 0.000000000000000000e+00 1.000000000000000000e+00
5.818066596984863281e-01 -7.942720055580139160e-01 -1.750225275754928589e-01 -5.832448597474406693e-01
-6.772831082344055176e-01 -5.922855138778686523e-01 4.364463388919830322e-01 1.855451004146184468e+00
-4.503204226493835449e-01 -1.353875100612640381e-01 -8.825427889823913574e-01 -2.578032969838615962e+00
0.000000000000000000e+00 0.000000000000000000e+00 0.000000000000000000e+00 1.000000000000000000e+00
5.941103696823120117e-01 -7.818949222564697266e-01 -1.888733804225921631e-01 -6.511718440956508758e-01
-6.109343171119689941e-01 -5.913560390472412109e-01 5.263622999191284180e-01 2.131748103061749333e+00
-5.232513546943664551e-01 -1.973279863595962524e-01 -8.290172815322875977e-01 -2.332295925988972396e+00
0.000000000000000000e+00 0.000000000000000000e+00 0.000000000000000000e+00 1.000000000000000000e+00
6.587070822715759277e-01 -7.302378416061401367e-01 -1.812660843133926392e-01 -6.865270619352832338e-01
-4.989114701747894287e-01 -6.042549014091491699e-01 6.212593913078308105e-01 2.398989075030548257e+00
-5.631981492042541504e-01 -3.187922239303588867e-01 -7.623511552810668945e-01 -2.023846431026209647e+00
0.000000000000000000e+00 0.000000000000000000e+00 0.000000000000000000e+00 1.000000000000000000e+00
7.400763034820556641e-01 -6.559985876083374023e-01 -1.481648087501525879e-01 -6.477217432445639966e-01
