1 0 0 -0.04542167112231255 
0 1 0 0.0009935460984706879 
0 0 1 -0.2875000238418579 
0 0 0 1 

0.996833324432373 0.0778450220823288 0.01623144559562206 -0.04890690371394157 
-0.07756288349628448 0.9968366026878357 -0.01734302937984467 0.009392766281962395 
-0.01753016002476215 0.01602916046977043 0.9997178316116333 -0.2931920289993286 
0 0 0 1 

0.9859012961387634 0.1640604436397552 0.03290367871522903 -0.05213861912488937 
-0.1623350083827972 0.985486626625061 -0.04963154345750809 0.02432914078235626 
-0.0405687615275383 0.04359033703804016 0.9982254505157471 -0.2924618124961853 
0 0 0 1 

0.9654616713523865 0.2577134966850281 0.03830687701702118 -0.05147965997457504 
-0.2543947696685791 0.9641841053962708 -0.07504767924547195 0.03706624358892441 
-0.05627572163939476 0.06271056085824966 0.9964438676834106 -0.2918074429035187 
0 0 0 1 

0.9366301298141479 0.3463796675205231 0.05239243805408478 -0.052898108959198 
-0.3385336101055145 0.9334056973457336 -0.1189476549625397 0.05513442307710648 
-0.09010450541973114 0.09367331862449646 0.9915172457695007 -0.2891550064086914 
0 0 0 1 

0.8884349465370178 0.4570249319076538 0.04256157949566841 -0.04652762785553932 
-0.4485582709312439 0.8841468691825867 -0.130689337849617 0.06268759071826935 
-0.09735898673534393 0.09701762348413467 0.9905093908309937 -0.2897176444530487 
0 0 0 1 

