1.000000000000000000e+00 0.000000000000000000e+00 0.000000000000000000e+00 -4.542167112231254578e-02
0.000000000000000000e+00 1.000000000000000000e+00 0.000000000000000000e+00 9.935460984706878662e-04
0.000000000000000000e+00 0.000000000000000000e+00 1.000000000000000000e+00 -2.875000238418579102e-01
0.000000000000000000e+00 0.000000000000000000e+00 0.000000000000000000e+00 1.000000000000000000e+00
9.967339634895324707e-01 7.902038842439651489e-02 1.664905250072479248e-02 -4.897070303559303284e-02
-7.874057441949844360e-02 9.967528581619262695e-01 -1.684137806296348572e-02 9.302711114287376404e-03
-1.792579516768455505e-02 1.547542586922645569e-02 9.997195601463317871e-01 -2.932105064392089844e-01
0.000000000000000000e+00 0.000000000000000000e+00 0.000000000000000000e+00 1.000000000000000000e+00
9.859336614608764648e-01 1.638317406177520752e-01 3.307317569851875305e-02 -5.216882750391960144e-02
-1.621108800172805786e-01 9.855381846427917480e-01 -4.934018105268478394e-02 2.414106391370296478e-02
-4.067841544747352600e-02 4.328457638621330261e-02 9.982342720031738281e-01 -2.924432158470153809e-01
0.000000000000000000e+00 0.000000000000000000e+00 0.000000000000000000e+00 1.000000000000000000e+00
9.654357433319091797e-01 2.577100694179534912e-01 3.897695615887641907e-02 -5.165715515613555908e-02
-2.542988657951354980e-01 9.641404151916503906e-01 -7.592851668596267700e-02 3.744750842452049255e-02
-5.714684724807739258e-02 6.339228898286819458e-02 9.963511824607849121e-01 -2.917684614658355713e-01
0.000000000000000000e+00 0.000000000000000000e+00 0.000000000000000000e+00 1.000000000000000000e+00
9.364279508590698242e-01 3.469858765602111816e-01 5.199377983808517456e-02 -5.273790284991264343e-02
-3.390719592571258545e-01 9.330645203590393066e-01 -1.200857982039451599e-01 5.557915568351745605e-02
-9.018168598413467407e-02 9.482202678918838501e-02 9.914010763168334961e-01 -2.891131639480590820e-01
0.000000000000000000e+00 0.000000000000000000e+00 0.000000000000000000e+00 1.000000000000000000e+00
8.921655416488647461e-01 4.507027864456176758e-01 3.012689389288425446e-02 -4.292222112417221069e-02
-4.432022571563720703e-01 8.862980604171752930e-01 -1.343406885862350464e-01 6.395456194877624512e-02
-8.724913746118545532e-02 1.065018177032470703e-01 9.904771447181701660e-01 -2.901560664176940918e-01
0.000000000000000000e+00 0.000000000000000000e+00 0.000000000000000000e+00 1.000000000000000000e+00
