0.847944438457489 0.5298659801483154 0.01523277442902327 -0.03565363958477974 
-0.5207166075706482 0.8379932641983032 -0.1631602197885513 0.07680315524339676 
-0.09921807795763016 0.1304188221693039 0.9864819645881653 -0.2888582944869995 
0 0 0 1 

0.7939596772193909 0.6078999042510986 -0.009257570840418339 -0.02495337463915348 
-0.6003779172897339 0.781554639339447 -0.1694657951593399 0.08240236341953278 
-0.09578295797109604 0.140107050538063 0.9854926466941833 -0.289615273475647 
0 0 0 1 

0.7230474352836609 0.689882755279541 -0.03555082157254219 -0.01151370070874691 
-0.6852881908416748 0.7098428010940552 -0.1627977192401886 0.08331283181905746 
-0.08707591146230698 0.1420730352401733 0.9860187768936157 -0.2905729115009308 
0 0 0 1 

0.6469367146492004 0.7618832588195801 -0.03172340616583824 -0.007541734259575605 
-0.7577831149101257 0.6377002000808716 -0.1382126361131668 0.07849967479705811 
-0.08507193624973297 0.113454282283783 0.9898943901062012 -0.2933736443519592 
0 0 0 1 

0.4590460062026978 0.8571659922599792 -0.2335445135831833 0.06548736989498138 
-0.8875647187232971 0.4309976398944855 -0.1626950353384018 0.08622164279222488 
-0.03879957273602486 0.2819704115390778 0.9586382508277893 -0.2747852504253387 
0 0 0 1 

0.5325449109077454 0.8197993636131287 -0.2105345875024796 0.05309000611305237 
-0.8419950604438782 0.4877727627754211 -0.230481743812561 0.1048006936907768 
-0.08625580370426178 0.3000109791755676 0.9500280618667603 -0.2684383392333984 
0 0 0 1 

0.5938757658004761 0.7770307064056396 -0.2086494714021683 0.04808318242430687 
-0.795642614364624 0.5287059545516968 -0.295673131942749 0.1206084564328194 
-0.1194329783320427 0.3416035175323486 0.9322246313095093 -0.2596123814582825 
0 0 0 1 

0.6735967993736267 0.7168161869049072 -0.180115669965744 0.03355825319886208 
-0.7217111587524414 0.5853710770606995 -0.369423121213913 0.1358618587255478 
-0.1593740284442902 0.3788337409496307 0.9116385579109192 -0.2494104206562042 
0 0 0 1 

0.7396182417869568 0.6524084210395813 -0.1653121411800385 0.02554187178611755 
-0.6462695598602295 0.6198867559432983 -0.4450571537017822 0.151060938835144 
-0.1878842711448669 0.4360085427761078 0.8801113367080688 -0.2351338565349579 
0 0 0 1 

0.7519696354866028 0.6374940872192383 -0.1677608042955399 0.02536843344569206 
-0.6304975748062134 0.6212732195854187 -0.4652873575687408 0.1550672799348831 
-0.1923925578594208 0.455654501914978 0.8691167235374451 -0.2302483469247818 
0 0 0 1 

