0.4727439880371094 0.6814225912094116 -0.5587273836135864 0.1745638251304626 
0.1472071409225464 0.5640740394592285 0.8124964833259583 -0.2403816729784012 
0.8688170313835144 -0.4663514792919159 0.1663523763418198 -0.01694836653769016 
0 0 0 1 

0.6087526679039001 0.6242600679397583 -0.4896115660667419 0.1492929309606552 
0.1404557824134827 0.522586464881897 0.8409372568130493 -0.2446629405021667 
0.7808279395103455 -0.5806915760040283 0.2304449677467346 -0.04196549206972122 
0 0 0 1 

0.730606734752655 0.5691308379173279 -0.3772318363189697 0.110947459936142 
0.07101470232009888 0.4861456155776978 0.8709875345230103 -0.2459155321121216 
0.6790955066680908 -0.6631383895874023 0.3147645890712738 -0.06895694881677628 
0 0 0 1 

0.8065997958183289 0.5223987698554993 -0.2765796780586243 0.08492151647806168 
0.01297695748507977 0.4521456658840179 0.8918496370315552 -0.2435734570026398 
0.5909554958343506 -0.7229548692703247 0.3579214215278625 -0.08191586285829544 
0 0 0 1 

0.8093181252479553 0.5639362931251526 -0.1642556190490723 0.06062932312488556 
-0.06669893860816956 0.3660725951194763 0.9281927943229675 -0.2557854056358337 
0.583571195602417 -0.7402475476264954 0.3338831663131714 -0.07304908335208893 
0 0 0 1 

0.8108377456665039 0.5840139389038086 -0.03833765536546707 0.02751152589917183 
-0.1406777501106262 0.258061021566391 0.9558315873146057 -0.2724562287330627 
0.5681124925613403 -0.7696310877799988 0.2914034426212311 -0.05809904262423515 
0 0 0 1 

0.8178685307502747 0.5725536346435547 0.05721282213926315 -0.003159055719152093 
-0.1756914705038071 0.1538044363260269 0.9723562002182007 -0.2852802872657776 
0.5479265451431274 -0.8053113222122192 0.2263846546411514 -0.03680293262004852 
0 0 0 1 

0.8285360932350159 0.539134681224823 0.1512010097503662 -0.04015481844544411 
-0.2110527157783508 0.05057650804519653 0.9761654734611511 -0.292718768119812 
0.5186373591423035 -0.8406997323036194 0.1556902527809143 -0.0148753747344017 
0 0 0 1 

0.8345445990562439 0.5051357746124268 0.2199389636516571 -0.07077497243881226 
-0.2164998203516006 -0.06641093641519547 0.974021315574646 -0.2993565797805786 
0.5066193342208862 -0.8604810237884521 0.05393891036510468 0.01653479412198067 
0 0 0 1 

0.8375722169876099 0.5292758941650391 0.1354247480630875 -0.03870075568556786 
-0.2419174760580063 0.1370523571968079 0.9605689644813538 -0.2781058251857758 
0.4898456633090973 -0.8373075127601624 0.2428323328495026 -0.05407608300447464 
0 0 0 1 

