0.6751415133476257 0.7055980563163757 0.215210035443306 -0.07962580770254135 
0.5279656648635864 -0.2584312856197357 -0.8089902997016907 0.1782580763101578 
-0.5152049660682678 0.6598064303398132 -0.5470091700553894 0.2398867905139923 
0 0 0 1 

0.6439669728279114 0.7287330627441406 0.2329262793064117 -0.08388810604810715 
0.5972926020622253 -0.2886403799057007 -0.7482835054397583 0.1546052843332291 
-0.478067010641098 0.620995044708252 -0.6211416125297546 0.2582189738750458 
0 0 0 1 

0.6190111637115479 0.7507827877998352 0.2305433005094528 -0.08398484438657761 
0.6636282801628113 -0.3430179059505463 -0.6647824048995972 0.1240155473351479 
-0.4200267493724823 0.5645027160644531 -0.7105726599693298 0.2785575091838837 
0 0 0 1 

0.5783654451370239 0.7829801440238953 0.2289877384901047 -0.08407376706600189 
0.729043185710907 -0.3701407015323639 -0.5757530927658081 0.09475035965442657 
-0.3660455644130707 0.4999376535415649 -0.7849029302597046 0.2910270392894745 
0 0 0 1 

0.4870919585227966 0.837917149066925 0.2462442368268967 -0.08305427432060242 
0.8027666211128235 -0.3185163140296936 -0.5040961503982544 0.07448983192443848 
-0.3439579904079437 0.4432178437709808 -0.8277987837791443 0.2993773519992828 
0 0 0 1 

0.3691667914390564 0.8930820226669312 0.2571386694908142 -0.07939049601554871 
0.8604575395584106 -0.2239013761281967 -0.4576907157897949 0.06245554611086845 
-0.3511816561222076 0.390221118927002 -0.8511162400245667 0.3042343854904175 
0 0 0 1 

0.2717293500900269 0.923281192779541 0.2715049088001251 -0.07782973349094391 
0.9158831834793091 -0.1614716500043869 -0.3675389289855957 0.03284325078129768 
-0.2955014407634735 0.3485379219055176 -0.8894943594932556 0.3114831745624542 
0 0 0 1 

0.1642282605171204 0.9469509124755859 0.2762479186058044 -0.07678351551294327 
0.9548130631446838 -0.08227795362472534 -0.2855908870697021 0.006102471146732569 
-0.2477114051580429 0.3106672167778015 -0.9176734089851379 0.3176197409629822 
0 0 0 1 

0.04596784710884094 0.9575172066688538 0.2846891582012177 -0.07126393169164658 
0.9777060151100159 0.01532713789492846 -0.2094185948371887 -0.01656366139650345 
-0.2048853933811188 0.2879688143730164 -0.9354657530784607 0.3191075325012207 
0 0 0 1 

-0.01381824631243944 0.9542200565338135 0.2987854778766632 -0.07509858161211014 
0.9926291704177856 0.04907196760177612 -0.1108107417821884 -0.04126289114356041 
-0.1203997731208801 0.2950519919395447 -0.9478646516799927 0.316341757774353 
0 0 0 1 

