1.000000000000000000e+00 0.000000000000000000e+00 0.000000000000000000e+00 -3.619798645377159119e-02
0.000000000000000000e+00 1.000000000000000000e+00 0.000000000000000000e+00 -1.327119767665863037e-03
0.000000000000000000e+00 0.000000000000000000e+00 1.000000000000000000e+00 -2.960163652896881104e-01
0.000000000000000000e+00 0.000000000000000000e+00 0.000000000000000000e+00 1.000000000000000000e+00
9.910452365875244141e-01 1.335007548332214355e-01 2.613415010273456573e-03 -4.017575457692146301e-02
-1.331312954425811768e-01 9.894282817840576172e-01 -5.751509219408035278e-02 2.849285304546356201e-02
-1.026410236954689026e-02 5.665213614702224731e-02 9.983414411544799805e-01 -2.973009049892425537e-01
0.000000000000000000e+00 0.000000000000000000e+00 0.000000000000000000e+00 1.000000000000000000e+00
9.724698066711425781e-01 2.313481718301773071e-01 2.793340198695659637e-02 -4.800644516944885254e-02
-2.275278419256210327e-01 9.685595631599426270e-01 -1.006140261888504028e-01 5.260792374610900879e-02
-5.033208057284355164e-02 9.148846566677093506e-02 9.945331215858459473e-01 -2.950001657009124756e-01
0.000000000000000000e+00 0.000000000000000000e+00 0.000000000000000000e+00 1.000000000000000000e+00
9.434351325035095215e-01 3.298513889312744141e-01 3.359043598175048828e-02 -4.891296476125717163e-02
-3.218475878238677979e-01 9.354325532913208008e-01 -1.462184339761734009e-01 7.527843862771987915e-02
-7.965200394392013550e-02 1.271365880966186523e-01 9.886819720268249512e-01 -2.916670441627502441e-01
0.000000000000000000e+00 0.000000000000000000e+00 0.000000000000000000e+00 1.000000000000000000e+00
8.976795673370361328e-01 4.406035542488098145e-01 6.280264817178249359e-03 -3.531168773770332336e-02
-4.335206151008605957e-01 8.856226801872253418e-01 -1.665294915437698364e-01 8.859468251466751099e-02
-7.893548160791397095e-02 1.467675268650054932e-01 9.860163927078247070e-01 -2.907222211360931396e-01
0.000000000000000000e+00 0.000000000000000000e+00 0.000000000000000000e+00 1.000000000000000000e+00
8.306282758712768555e-01 5.568221807479858398e-01 2.354071941226720810e-03 -2.784447185695171356e-02
-5.464390516281127930e-01 8.159372806549072266e-01 -1.888120323419570923e-01 1.018844842910766602e-01
-1.070555672049522400e-01 1.555462032556533813e-01 9.820103645324707031e-01 -2.890577018260955811e-01
0.000000000000000000e+00 0.000000000000000000e+00 0.000000000000000000e+00 1.000000000000000000e+00
7.543832659721374512e-01 6.548429131507873535e-01 -4.567543789744377136e-02 -6.274489685893058777e-03
-6.517254710197448730e-01 7.388381958007812500e-01 -1.713820993900299072e-01 1.004250571131706238e-01
-7.848169654607772827e-02 1.590556502342224121e-01 9.841452836990356445e-01 -2.924388945102691650e-01
0.000000000000000000e+00 0.000000000000000000e+00 0.000000000000000000e+00 1.000000000000000000e+00
6.945878267288208008e-01 7.152780294418334961e-01 -7.697378098964691162e-02 7.361814379692077637e-03
-7.188317775726318359e-01 6.857661008834838867e-01 -1.140423491597175598e-01 8.202447742223739624e-02
-2.878600358963012695e-02 1.345436424016952515e-01 9.904894232749938965e-01 -2.994123399257659912e-01
0.000000000000000000e+00 0.000000000000000000e+00 0.000000000000000000e+00 1.000000000000000000e+00
5.891045928001403809e-01 8.073654770851135254e-01 -3.340765833854675293e-02 -2.788113895803689957e-03
-8.070759773254394531e-01 5.858506560325622559e-01 -7.353222370147705078e-02 6.934212893247604370e-02
-3.979550302028656006e-02 7.028070837259292603e-02 9.967332482337951660e-01 -3.069892227649688721e-01
0.000000000000000000e+00 0.000000000000000000e+00 0.000000000000000000e+00 1.000000000000000000e+00
5.046476721763610840e-01 8.618078827857971191e-01 -5.116547644138336182e-02 7.650565821677446365e-03
-8.630420565605163574e-01 5.020767450332641602e-01 -5.547286570072174072e-02 6.367707252502441406e-02
-2.211795747280120850e-02 7.215220481157302856e-02 9.971485733985900879e-01 -3.106279075145721436e-01
0.000000000000000000e+00 0.000000000000000000e+00 0.000000000000000000e+00 1.000000000000000000e+00
4.073329865932464600e-01 9.115966558456420898e-01 -5.541941896080970764e-02 1.390510424971580505e-02
-9.130828976631164551e-01 4.077544510364532471e-01 -3.990215715020895004e-03 4.524250328540802002e-02
1.896004192531108856e-02 5.222785472869873047e-02 9.984551072120666504e-01 -3.150910735130310059e-01
0.000000000000000000e+00 0.000000000000000000e+00 0.000000000000000000e+00 1.000000000000000000e+00
2.926785647869110107e-01 9.543498158454895020e-01 -5.963388457894325256e-02 2.039542049169540405e-02
-9.551181793212890625e-01 2.947556078433990479e-01 2.946732938289642334e-02 3.282487764954566956e-02
4.569952934980392456e-02 4.833295196294784546e-02 9.977850914001464844e-01 -3.174573481082916260e-01
0.000000000000000000e+00 0.000000000000000000e+00 0.000000000000000000e+00 1.000000000000000000e+00
1.758493334054946899e-01 9.812707304954528809e-01 -7.864139974117279053e-02 3.157943859696388245e-02
-9.821124672889709473e-01 1.803400814533233643e-01 5.415256321430206299e-02 2.340154908597469330e-02
6.732054054737091064e-02 6.771200150251388550e-02 9.954311251640319824e-01 -3.178866505622863770e-01
0.000000000000000000e+00 0.000000000000000000e+00 0.000000000000000000e+00 1.000000000000000000e+00
9.892542660236358643e-02 9.905888438224792480e-01 -9.458649903535842896e-02 3.999100252985954285e-02
-9.905266165733337402e-01 1.071228533983230591e-01 8.591582626104354858e-02 1.148106157779693604e-02
9.523969143629074097e-02 8.519116789102554321e-02 9.918024539947509766e-01 -3.171507120132446289e-01
0.000000000000000000e+00 0.000000000000000000e+00 0.000000000000000000e+00 1.000000000000000000e+00
2.034071832895278931e-02 9.954513907432556152e-01 -9.307205677032470703e-02 4.403741285204887390e-02
-9.972837567329406738e-01 2.679302915930747986e-02 6.861031800508499146e-02 1.908798329532146454e-02
7.079192996025085449e-02 9.142370522022247314e-02 9.932927489280700684e-01 -3.113610744476318359e-01
0.000000000000000000e+00 0.000000000000000000e+00 0.000000000000000000e+00 1.000000000000000000e+00
-9.013458341360092163e-02 8.992674350738525391e-01 -4.280111193656921387e-01 1.611854135990142822e-01
-9.905095696449279785e-01 -3.616806492209434509e-02 1.326005309820175171e-01 -1.988653792068362236e-03
1.037629544734954834e-01 4.359010159969329834e-01 8.939929008483886719e-01 -2.735058963298797607e-01
0.000000000000000000e+00 0.000000000000000000e+00 0.000000000000000000e+00 1.000000000000000000e+00
-1.597666740417480469e-01 8.714942336082458496e-01 -4.636509716510772705e-01 1.741817593574523926e-01
-9.782940745353698730e-01 -7.699303328990936279e-02 1.923855543136596680e-01 -2.336102537810802460e-02
1.319649666547775269e-01 4.843239784240722656e-01 8.648788928985595703e-01 -2.645356357097625732e-01
0.000000000000000000e+00 0.000000000000000000e+00 0.000000000000000000e+00 1.000000000000000000e+00
-1.291292607784271240e-01 8.117529153823852539e-01 -5.695459842681884766e-01 2.015750408172607422e-01
-9.915748238563537598e-01 -1.116522178053855896e-01 6.567918509244918823e-02 1.795566640794277191e-02
-1.027583424001932144e-02 5.732285380363464355e-01 8.193308711051940918e-01 -2.429725527763366699e-01
0.000000000000000000e+00 0.000000000000000000e+00 0.000000000000000000e+00 1.000000000000000000e+00
-8.750133216381072998e-02 7.289118766784667969e-01 -6.789923310279846191e-01 2.262159883975982666e-01
-9.947637319564819336e-01 -2.780309319496154785e-02 9.834742546081542969e-02 1.053038332611322403e-02
5.280850455164909363e-02 6.840426325798034668e-01 7.275281548500061035e-01 -2.235834747552871704e-01
0.000000000000000000e+00 0.000000000000000000e+00 0.000000000000000000e+00 1.000000000000000000e+00
-5.732043460011482239e-02 5.553887486457824707e-01 -8.296130895614624023e-01 2.699381709098815918e-01
-9.861932992935180664e-01 9.781643003225326538e-02 1.336226463317871094e-01 -6.958133308216929436e-04
1.553623229265213013e-01 8.258182406425476074e-01 5.421136617660522461e-01 -1.654254347085952759e-01
0.000000000000000000e+00 0.000000000000000000e+00 0.000000000000000000e+00 1.000000000000000000e+00
-1.230011656880378723e-01 4.161890745162963867e-01 -9.009202718734741211e-01 2.907135784626007080e-01
-9.856533408164978027e-01 5.449311435222625732e-02 1.597433835268020630e-01 -1.264402642846107483e-02
1.155772805213928223e-01 9.076435565948486328e-01 4.035155177116394043e-01 -1.170656755566596985e-01
0.000000000000000000e+00 0.000000000000000000e+00 0.000000000000000000e+00 1.000000000000000000e+00
-1.925307214260101318e-01 3.188801109790802002e-01 -9.280340671539306641e-01 3.006585538387298584e-01
-9.752786755561828613e-01 4.234535247087478638e-02 2.168823778629302979e-01 -3.118986450135707855e-02
1.084573790431022644e-01 9.468483924865722656e-01 3.028442561626434326e-01 -8.535718172788619995e-02
0.000000000000000000e+00 0.000000000000000000e+00 0.000000000000000000e+00 1.000000000000000000e+00
-2.696389853954315186e-01 1.965674757957458496e-01 -9.426853060722351074e-01 3.086515665054321289e-01
-9.609055519104003906e-01 9.006731212139129639e-03 2.767287492752075195e-01 -5.121468380093574524e-02
6.288636475801467896e-02 9.804489612579345703e-01 1.864544302225112915e-01 -4.638018459081649780e-02
0.000000000000000000e+00 0.000000000000000000e+00 0.000000000000000000e+00 1.000000000000000000e+00
-1.634116619825363159e-01 -8.595669865608215332e-01 -4.841912686824798584e-01 1.563725620508193970e-01
-9.519353508949279785e-01 8.501214906573295593e-03 3.061808049678802490e-01 -5.820432305335998535e-02
-2.590665519237518311e-01 5.109524130821228027e-01 -8.196412920951843262e-01 2.874024212360382080e-01
0.000000000000000000e+00 0.000000000000000000e+00 0.000000000000000000e+00 1.000000000000000000e+00
-1.652229726314544678e-01 -8.734339475631713867e-01 -4.580562114715576172e-01 1.473419219255447388e-01
-9.703332781791687012e-01 6.084030494093894958e-02 2.339913398027420044e-01 -3.565487638115882874e-02
-1.765075773000717163e-01 4.831278920173645020e-01 -8.575735688209533691e-01 2.946792542934417725e-01
0.000000000000000000e+00 0.000000000000000000e+00 0.000000000000000000e+00 1.000000000000000000e+00
-8.718476444482803345e-02 -8.742876648902893066e-01 -4.775137007236480713e-01 1.464811861515045166e-01
-9.906255006790161133e-01 2.548737823963165283e-02 1.342049092054367065e-01 -1.541658653877675533e-03
-1.051632016897201538e-01 4.847379624843597412e-01 -8.683136701583862305e-01 2.934069037437438965e-01
0.000000000000000000e+00 0.000000000000000000e+00 0.000000000000000000e+00 1.000000000000000000e+00
2.516363933682441711e-02 -8.697174787521362305e-01 -4.929072260856628418e-01 1.418848782777786255e-01
-9.994041919708251953e-01 -3.353531658649444580e-02 8.151388727128505707e-03 4.117340222001075745e-02
-2.361928299069404602e-02 4.924086034297943115e-01 -8.700434565544128418e-01 2.883329093456268311e-01
0.000000000000000000e+00 0.000000000000000000e+00 0.000000000000000000e+00 1.000000000000000000e+00
5.116515606641769409e-02 -8.696588277816772461e-01 -4.909939169883728027e-01 1.384913474321365356e-01
-9.936113357543945312e-01 5.189987365156412125e-03 -1.127342060208320618e-01 7.983820140361785889e-02
1.005885973572731018e-01 4.936253726482391357e-01 -8.638378381729125977e-01 2.781333923339843750e-01
0.000000000000000000e+00 0.000000000000000000e+00 0.000000000000000000e+00 1.000000000000000000e+00
2.568857744336128235e-02 -8.757359981536865234e-01 -4.821065068244934082e-01 1.396339684724807739e-01
-9.810675382614135742e-01 7.051824033260345459e-02 -1.803702414035797119e-01 9.329307079315185547e-02
1.919541209936141968e-01 4.776124060153961182e-01 -8.573447465896606445e-01 2.727306187152862549e-01
0.000000000000000000e+00 0.000000000000000000e+00 0.000000000000000000e+00 1.000000000000000000e+00
-4.125023633241653442e-02 -8.757672309875488281e-01 -4.809667170047760010e-01 1.467133313417434692e-01
-9.939169883728027344e-01 8.516575396060943604e-02 -6.982988864183425903e-02 5.795279890298843384e-02
1.021166220307350159e-01 4.751608669757843018e-01 -8.739534020423889160e-01 2.932254672050476074e-01
0.000000000000000000e+00 0.000000000000000000e+00 0.000000000000000000e+00 1.000000000000000000e+00
-4.652539268136024475e-02 -8.658277988433837891e-01 -4.981748461723327637e-01 1.507058590650558472e-01
-9.934147596359252930e-01 -1.217000465840101242e-02 1.139287799596786499e-01 -3.798360703513026237e-04
-1.047055497765541077e-01 5.001942515373229980e-01 -8.595591187477111816e-01 3.069930672645568848e-01
0.000000000000000000e+00 0.000000000000000000e+00 0.000000000000000000e+00 1.000000000000000000e+00
1.258136779069900513e-01 -8.436844944953918457e-01 -5.218882560729980469e-01 1.451849490404129028e-01
-9.867210388183593750e-01 -1.608954519033432007e-01 2.223105542361736298e-02 2.823337726294994354e-02
-1.027254611253738403e-01 5.121611356735229492e-01 -8.527241349220275879e-01 3.070660829544067383e-01
0.000000000000000000e+00 0.000000000000000000e+00 0.000000000000000000e+00 1.000000000000000000e+00
2.268792688846588135e-01 -7.936106324195861816e-01 -5.645420551300048828e-01 1.442053020000457764e-01
-9.461531639099121094e-01 -3.170363903045654297e-01 6.543530523777008057e-02 1.337423641234636307e-02
-2.309105694293975830e-01 5.192975401878356934e-01 -8.228063583374023438e-01 3.030443191528320312e-01
0.000000000000000000e+00 0.000000000000000000e+00 0.000000000000000000e+00 1.000000000000000000e+00
3.337221443653106689e-01 -7.333092689514160156e-01 -5.923573374748229980e-01 1.380874365568161011e-01
-9.127717018127441406e-01 -4.083783030509948730e-01 -8.685147389769554138e-03 3.566784411668777466e-02
-2.355369031429290771e-01 5.435853600502014160e-01 -8.056287765502929688e-01 2.918126881122589111e-01
0.000000000000000000e+00 0.000000000000000000e+00 0.000000000000000000e+00 1.000000000000000000e+00
3.547503054141998291e-01 -7.248213291168212891e-01 -5.905811786651611328e-01 1.350052356719970703e-01
-9.229828715324401855e-01 -3.722805976867675781e-01 -9.751655161380767822e-02 6.501499563455581665e-02
-1.491799354553222656e-01 5.796903967857360840e-01 -8.010643720626831055e-01 2.823604345321655273e-01
0.000000000000000000e+00 0.000000000000000000e+00 0.000000000000000000e+00 1.000000000000000000e+00
3.729279637336730957e-01 -7.170057296752929688e-01 -5.889204144477844238e-01 1.336738467216491699e-01
-9.252430200576782227e-01 -3.350073993206024170e-01 -1.780320107936859131e-01 9.010861814022064209e-02
-6.964276731014251709e-02 6.112876534461975098e-01 -7.883383035659790039e-01 2.714585661888122559e-01
0.000000000000000000e+00 0.000000000000000000e+00 0.000000000000000000e+00 1.000000000000000000e+00
5.343261361122131348e-01 -6.043887138366699219e-01 -5.909397006034851074e-01 1.293250322341918945e-01
-8.419377803802490234e-01 -4.426350891590118408e-01 -3.085688054561614990e-01 1.256451010704040527e-01
-7.507519423961639404e-02 6.624107956886291504e-01 -7.453691959381103516e-01 2.574449777603149414e-01
0.000000000000000000e+00 0.000000000000000000e+00 0.000000000000000000e+00 1.000000000000000000e+00
6.786093115806579590e-01 -4.101532697677612305e-01 -6.093141436576843262e-01 1.307348161935806274e-01
-7.125713229179382324e-01 -5.688189268112182617e-01 -4.107148349285125732e-01 1.550547033548355103e-01
-1.781334877014160156e-01 7.128947377204895020e-01 -6.782693266868591309e-01 2.515643835067749023e-01
0.000000000000000000e+00 0.000000000000000000e+00 0.000000000000000000e+00 1.000000000000000000e+00
7.005475759506225586e-01 -3.270651102066040039e-01 -6.342408657073974609e-01 1.352587640285491943e-01
-6.513137221336364746e-01 -6.562200188636779785e-01 -3.810057342052459717e-01 1.447098404169082642e-01
-2.915880084037780762e-01 6.800024509429931641e-01 -6.727352738380432129e-01 2.607865333557128906e-01
0.000000000000000000e+00 0.000000000000000000e+00 0.000000000000000000e+00 1.000000000000000000e+00
7.453550696372985840e-01 -2.479945123195648193e-01 -6.188249588012695312e-01 1.349006891250610352e-01
-5.766693949699401855e-01 -7.055933475494384766e-01 -4.118128120899200439e-01 1.465877741575241089e-01
-3.345115482807159424e-01 6.638042330741882324e-01 -6.689283251762390137e-01 2.588752806186676025e-01
0.000000000000000000e+00 0.000000000000000000e+00 0.000000000000000000e+00 1.000000000000000000e+00
7.418585419654846191e-01 -2.484697252511978149e-01 -6.228231787681579590e-01 1.427166163921356201e-01
-5.480405092239379883e-01 -7.598715424537658691e-01 -3.496393859386444092e-01 1.198606342077255249e-01
-3.863903284072875977e-01 6.007152199745178223e-01 -6.998884081840515137e-01 2.716979086399078369e-01
0.000000000000000000e+00 0.000000000000000000e+00 0.000000000000000000e+00 1.000000000000000000e+00
7.264413833618164062e-01 -3.436881303787231445e-01 -5.951145887374877930e-01 1.424695253372192383e-01
-5.926769375801086426e-01 -7.516651153564453125e-01 -2.893674373626708984e-01 9.681159257888793945e-02
-3.478747010231018066e-01 5.629191994667053223e-01 -7.497367262840270996e-01 2.849007844924926758e-01
0.000000000000000000e+00 0.000000000000000000e+00 0.000000000000000000e+00 1.000000000000000000e+00
8.086938261985778809e-01 -1.742371767759323120e-01 -5.618324279785156250e-01 1.361073851585388184e-01
-5.294278264045715332e-01 -6.318531036376953125e-01 -5.660988092422485352e-01 1.841581463813781738e-01
-2.563600838184356689e-01 7.552502155303955078e-01 -6.032214760780334473e-01 2.440527677536010742e-01
0.000000000000000000e+00 0.000000000000000000e+00 0.000000000000000000e+00 1.000000000000000000e+00
8.445377349853515625e-01 -9.540831297636032104e-02 -5.269280076026916504e-01 1.239325404167175293e-01
-4.798893332481384277e-01 -5.714786052703857422e-01 -6.656712889671325684e-01 2.169893980026245117e-01
-2.376175969839096069e-01 8.150516152381896973e-01 -5.284206271171569824e-01 2.188197523355484009e-01
0.000000000000000000e+00 0.000000000000000000e+00 0.000000000000000000e+00 1.000000000000000000e+00
8.746392130851745605e-01 -2.787946537137031555e-02 -4.839722812175750732e-01 1.091533973813056946e-01
-4.305978417396545410e-01 -5.032920837402343750e-01 -7.491880059242248535e-01 2.448473721742630005e-01
-2.226924598217010498e-01 8.636665344238281250e-01 -4.522038400173187256e-01 1.927521228790283203e-01
0.000000000000000000e+00 0.000000000000000000e+00 0.000000000000000000e+00 1.000000000000000000e+00
8.969670534133911133e-01 8.542949706315994263e-02 -4.337645471096038818e-01 9.270758181810379028e-02
-3.651587963104248047e-01 -4.099267721176147461e-01 -8.358341455459594727e-01 2.732863426208496094e-01
-2.492166459560394287e-01 9.081087112426757812e-01 -3.364954590797424316e-01 1.559460759162902832e-01
0.000000000000000000e+00 0.000000000000000000e+00 0.000000000000000000e+00 1.000000000000000000e+00
9.570671319961547852e-01 -2.291066050529479980e-01 -1.775739341974258423e-01 2.561938716098666191e-03
-2.422459423542022705e-01 -2.957616746425628662e-01 -9.240357279777526855e-01 2.961601614952087402e-01
1.591831296682357788e-01 9.273808002471923828e-01 -3.385639488697052002e-01 1.312564909458160400e-01
0.000000000000000000e+00 0.000000000000000000e+00 0.000000000000000000e+00 1.000000000000000000e+00
9.806075096130371094e-01 -9.763111919164657593e-02 -1.699321419000625610e-01 1.197976875118911266e-03
-1.877390742301940918e-01 -2.191411405801773071e-01 -9.574607014656066895e-01 3.044611513614654541e-01
5.623885616660118103e-02 9.707960486412048340e-01 -2.332206815481185913e-01 1.005905047059059143e-01
0.000000000000000000e+00 0.000000000000000000e+00 0.000000000000000000e+00 1.000000000000000000e+00
9.863485693931579590e-01 -8.692335337400436401e-02 -1.398603916168212891e-01 -8.552759885787963867e-03
-1.490344107151031494e-01 -1.099750697612762451e-01 -9.826973080635070801e-01 3.104169368743896484e-01
7.003816962242126465e-02 9.901260733604431152e-01 -1.214283034205436707e-01 6.168926507234573364e-02
0.000000000000000000e+00 0.000000000000000000e+00 0.000000000000000000e+00 1.000000000000000000e+00
9.838365316390991211e-01 -1.206430792808532715e-01 -1.323288232088088989e-01 -1.240839250385761261e-02
-1.392943710088729858e-01 -5.122173577547073364e-02 -9.889254570007324219e-01 3.107313215732574463e-01
1.125288829207420349e-01 9.913736581802368164e-01 -6.719874590635299683e-02 3.991517424583435059e-02
0.000000000000000000e+00 0.000000000000000000e+00 0.000000000000000000e+00 1.000000000000000000e+00
9.938093423843383789e-01 4.951842129230499268e-02 -9.945446997880935669e-02 -2.177529223263263702e-02
-1.011724695563316345e-01 3.348307311534881592e-02 -9.943051934242248535e-01 3.093131780624389648e-01
-4.590639099478721619e-02 9.982117414474487305e-01 3.828568756580352783e-02 1.069483719766139984e-02
0.000000000000000000e+00 0.000000000000000000e+00 0.000000000000000000e+00 1.000000000000000000e+00
9.186885356903076172e-01 -3.812753558158874512e-01 -1.031532138586044312e-01 -1.963063143193721771e-02
-5.897143855690956116e-02 1.258302778005599976e-01 -9.902975559234619141e-01 3.034542798995971680e-01
3.905558288097381592e-01 9.158579111099243164e-01 9.311445057392120361e-02 -3.443914651870727539e-02
0.000000000000000000e+00 0.000000000000000000e+00 0.000000000000000000e+00 1.000000000000000000e+00
9.813410639762878418e-01 -6.601051986217498779e-02 -1.805882453918457031e-01 -1.268840627744793892e-03
-1.677084416151046753e-01 1.654993593692779541e-01 -9.718455672264099121e-01 3.058714866638183594e-01
9.403926134109497070e-02 9.839980602264404297e-01 1.513407677412033081e-01 -2.669231779873371124e-02
0.000000000000000000e+00 0.000000000000000000e+00 0.000000000000000000e+00 1.000000000000000000e+00
9.555080533027648926e-01 1.966189444065093994e-01 -2.198762893676757812e-01 1.578616909682750702e-02
-2.550682425498962402e-01 1.764039993286132812e-01 -9.506953358650207520e-01 3.084329366683959961e-01
-1.481377482414245605e-01 9.644804000854492188e-01 2.187067121267318726e-01 -3.106214478611946106e-02
0.000000000000000000e+00 0.000000000000000000e+00 0.000000000000000000e+00 1.000000000000000000e+00
5.672426223754882812e-01 8.233925104141235352e-01 -1.613173820078372955e-02 -6.418268661946058273e-03
-3.733604252338409424e-01 2.396532446146011353e-01 -8.961965441703796387e-01 3.073246479034423828e-01
-7.340556383132934570e-01 5.143839716911315918e-01 4.433637261390686035e-01 -7.238968461751937866e-02
0.000000000000000000e+00 0.000000000000000000e+00 0.000000000000000000e+00 1.000000000000000000e+00
9.167752265930175781e-01 2.586857378482818604e-01 -3.043099939823150635e-01 4.810009524226188660e-02
-3.817128837108612061e-01 3.432352840900421143e-01 -8.581866025924682617e-01 3.007258176803588867e-01
-1.175508350133895874e-01 9.029234647750854492e-01 4.134133756160736084e-01 -8.923302590847015381e-02
0.000000000000000000e+00 0.000000000000000000e+00 0.000000000000000000e+00 1.000000000000000000e+00
8.825832605361938477e-01 1.794832646846771240e-01 -4.345486462116241455e-01 8.944145590066909790e-02
-4.683398604393005371e-01 4.167894423007965088e-01 -7.790662050247192383e-01 2.868068218231201172e-01
4.128583148121833801e-02 8.911071419715881348e-01 4.519104957580566406e-01 -1.137722209095954895e-01
0.000000000000000000e+00 0.000000000000000000e+00 0.000000000000000000e+00 1.000000000000000000e+00
8.748162388801574707e-01 1.554591357707977295e-01 -4.588346481323242188e-01 9.724139422178268433e-02
-4.694788157939910889e-01 5.057200193405151367e-01 -7.237655520439147949e-01 2.697879672050476074e-01
1.195257976651191711e-01 8.485751152038574219e-01 5.153969526290893555e-01 -1.413144618272781372e-01
0.000000000000000000e+00 0.000000000000000000e+00 0.000000000000000000e+00 1.000000000000000000e+00
8.616219758987426758e-01 1.361385583877563477e-01 -4.889516532421112061e-01 1.071222573518753052e-01
-4.685578048229217529e-01 5.836501717567443848e-01 -6.631788015365600586e-01 2.531177997589111328e-01
1.950924545526504517e-01 8.005114793777465820e-01 5.666745305061340332e-01 -1.602256894111633301e-01
0.000000000000000000e+00 0.000000000000000000e+00 0.000000000000000000e+00 1.000000000000000000e+00
8.431740999221801758e-01 9.996446222066879272e-02 -5.282656550407409668e-01 1.171604394912719727e-01
-4.449731111526489258e-01 6.812232732772827148e-01 -5.813205242156982422e-01 2.287662923336029053e-01
3.017554581165313721e-01 7.252184152603149414e-01 6.188713312149047852e-01 -1.829376816749572754e-01
0.000000000000000000e+00 0.000000000000000000e+00 0.000000000000000000e+00 1.000000000000000000e+00
8.264114856719970703e-01 1.106661781668663025e-01 -5.520842075347900391e-01 1.264899820089340210e-01
-4.427851140499114990e-01 7.334200739860534668e-01 -5.157865285873413086e-01 2.093432247638702393e-01
3.478294610977172852e-01 6.707066297531127930e-01 6.551083922386169434e-01 -1.984510719776153564e-01
0.000000000000000000e+00 0.000000000000000000e+00 0.000000000000000000e+00 1.000000000000000000e+00
7.945749759674072266e-01 1.486676782369613647e-01 -5.886833071708679199e-01 1.417441219091415405e-01
-4.514421820640563965e-01 7.930105924606323242e-01 -4.090644419193267822e-01 1.779496669769287109e-01
4.060173928737640381e-01 5.907891988754272461e-01 6.972214579582214355e-01 -2.174918800592422485e-01
0.000000000000000000e+00 0.000000000000000000e+00 0.000000000000000000e+00 1.000000000000000000e+00
7.651198506355285645e-01 2.074355781078338623e-01 -6.095588803291320801e-01 1.524197012186050415e-01
-4.610947370529174805e-01 8.372890353202819824e-01 -2.938341200351715088e-01 1.433937698602676392e-01
4.494251012802124023e-01 5.058826804161071777e-01 7.362738251686096191e-01 -2.351938337087631226e-01
0.000000000000000000e+00 0.000000000000000000e+00 0.000000000000000000e+00 1.000000000000000000e+00
7.403754591941833496e-01 2.735652923583984375e-01 -6.140081882476806641e-01 1.579300910234451294e-01
-4.607919156551361084e-01 8.715980648994445801e-01 -1.672940254211425781e-01 1.046920195221900940e-01
4.894026219844818115e-01 4.067905247211456299e-01 7.713665962219238281e-01 -2.515934705734252930e-01
0.000000000000000000e+00 0.000000000000000000e+00 0.000000000000000000e+00 1.000000000000000000e+00
7.203727960586547852e-01 3.514514565467834473e-01 -5.979503989219665527e-01 1.556433141231536865e-01
-4.361959397792816162e-01 8.998451232910156250e-01 3.392295446246862411e-03 5.088505521416664124e-02
5.392552018165588379e-01 2.583798468112945557e-01 8.015258908271789551e-01 -2.672936916351318359e-01
0.000000000000000000e+00 0.000000000000000000e+00 0.000000000000000000e+00 1.000000000000000000e+00
7.085077762603759766e-01 3.981413543224334717e-01 -5.826663374900817871e-01 1.504036337137222290e-01
-3.743228316307067871e-01 9.119562506675720215e-01 1.679813563823699951e-01 -6.191960535943508148e-03
5.982466936111450195e-01 9.908935427665710449e-02 7.951616644859313965e-01 -2.659947276115417480e-01
0.000000000000000000e+00 0.000000000000000000e+00 0.000000000000000000e+00 1.000000000000000000e+00
7.098265290260314941e-01 4.167882800102233887e-01 -5.678327083587646484e-01 1.441921144723892212e-01
-2.977246642112731934e-01 9.081270098686218262e-01 2.943890392780303955e-01 -5.164542794227600098e-02
6.383621692657470703e-01 -3.990723937749862671e-02 7.687009572982788086e-01 -2.600456774234771729e-01
0.000000000000000000e+00 0.000000000000000000e+00 0.000000000000000000e+00 1.000000000000000000e+00
6.970181465148925781e-01 4.498190283775329590e-01 -5.584157109260559082e-01 1.412729918956756592e-01
-2.413449883460998535e-01 8.804972767829895020e-01 4.080160856246948242e-01 -9.104409068822860718e-02
6.752169132232666016e-01 -1.496238261461257935e-01 7.222842574119567871e-01 -2.472418546676635742e-01
0.000000000000000000e+00 0.000000000000000000e+00 0.000000000000000000e+00 1.000000000000000000e+00
6.952491402626037598e-01 4.730848073959350586e-01 -5.411279797554016113e-01 1.357151120901107788e-01
-1.598224490880966187e-01 8.357576727867126465e-01 5.253247022628784180e-01 -1.343970894813537598e-01
7.007749080657958984e-01 -2.787470221519470215e-01 6.566694378852844238e-01 -2.283698171377182007e-01
0.000000000000000000e+00 0.000000000000000000e+00 0.000000000000000000e+00 1.000000000000000000e+00
6.766310334205627441e-01 5.070482492446899414e-01 -5.339215397834777832e-01 1.342786103487014771e-01
-9.883402287960052490e-02 7.810997962951660156e-01 6.165344119071960449e-01 -1.689465790987014771e-01
7.296586632728576660e-01 -3.643966317176818848e-01 5.786297917366027832e-01 -2.055567651987075806e-01
0.000000000000000000e+00 0.000000000000000000e+00 0.000000000000000000e+00 1.000000000000000000e+00
6.845439672470092773e-01 5.211750864982604980e-01 -5.096817612648010254e-01 1.259852945804595947e-01
-3.218114376068115234e-02 7.201037406921386719e-01 6.931196451187133789e-01 -1.989458501338958740e-01
7.282605171203613281e-01 -4.580688476562500000e-01 5.097147822380065918e-01 -1.852226853370666504e-01
0.000000000000000000e+00 0.000000000000000000e+00 0.000000000000000000e+00 1.000000000000000000e+00
7.005732059478759766e-01 5.226194858551025391e-01 -4.858662784099578857e-01 1.176176294684410095e-01
1.988050527870655060e-02 6.663258671760559082e-01 7.453954815864562988e-01 -2.206096053123474121e-01
7.133035063743591309e-01 -5.318633317947387695e-01 4.564201235771179199e-01 -1.691916733980178833e-01
0.000000000000000000e+00 0.000000000000000000e+00 0.000000000000000000e+00 1.000000000000000000e+00
7.412407994270324707e-01 5.082780718803405762e-01 -4.384243786334991455e-01 1.001880168914794922e-01
6.188623607158660889e-02 5.986258983612060547e-01 7.986346483230590820e-01 -2.421623170375823975e-01
6.683801412582397461e-01 -6.191128492355346680e-01 4.122703075408935547e-01 -1.560559421777725220e-01
0.000000000000000000e+00 0.000000000000000000e+00 0.000000000000000000e+00 1.000000000000000000e+00
7.947500348091125488e-01 4.798732101917266846e-01 -3.716104328632354736e-01 7.515759766101837158e-02
1.009722426533699036e-01 4.992018640041351318e-01 8.605819940567016602e-01 -2.689942419528961182e-01
5.984791517257690430e-01 -7.214703559875488281e-01 3.482869267463684082e-01 -1.355595141649246216e-01
0.000000000000000000e+00 0.000000000000000000e+00 0.000000000000000000e+00 1.000000000000000000e+00
8.493471741676330566e-01 4.340685009956359863e-01 -3.003239631652832031e-01 5.019717290997505188e-02
1.215551868081092834e-01 3.928303420543670654e-01 9.115417599678039551e-01 -2.903262972831726074e-01
5.136476755142211914e-01 -8.107213377952575684e-01 2.808861434459686279e-01 -1.104872599244117737e-01
0.000000000000000000e+00 0.000000000000000000e+00 0.000000000000000000e+00 1.000000000000000000e+00
8.813400268554687500e-01 3.842407166957855225e-01 -2.749517560005187988e-01 3.976703807711601257e-02
1.605418771505355835e-01 3.037710487842559814e-01 9.391215443611145020e-01 -3.032687008380889893e-01
4.443712234497070312e-01 -8.718266487121582031e-01 2.060388028621673584e-01 -8.487787097692489624e-02
0.000000000000000000e+00 0.000000000000000000e+00 0.000000000000000000e+00 1.000000000000000000e+00
9.060966968536376953e-01 3.349250555038452148e-01 -2.584843933582305908e-01 3.197286650538444519e-02
1.964864879846572876e-01 2.079414725303649902e-01 9.582031369209289551e-01 -3.137057423591613770e-01
3.746758699417114258e-01 -9.190132021903991699e-01 1.226068809628486633e-01 -5.598095059394836426e-02
0.000000000000000000e+00 0.000000000000000000e+00 0.000000000000000000e+00 1.000000000000000000e+00
9.781809449195861816e-01 -3.604807704687118530e-02 -2.046041637659072876e-01 8.145315572619438171e-03
2.074146717786788940e-01 1.130649819970130920e-01 9.716972708702087402e-01 -3.209661543369293213e-01
-1.189428102225065231e-02 -9.929333329200744629e-01 1.180749014019966125e-01 -3.203022852540016174e-02
0.000000000000000000e+00 0.000000000000000000e+00 0.000000000000000000e+00 1.000000000000000000e+00
9.784117937088012695e-01 7.893835753202438354e-02 -1.909961700439453125e-01 1.204316620714962482e-03
1.893592327833175659e-01 2.779663912951946259e-02 9.815143942832946777e-01 -3.270498514175415039e-01
8.278822898864746094e-02 -9.964920282363891602e-01 1.224886626005172729e-02 -1.514900126494467258e-03
0.000000000000000000e+00 0.000000000000000000e+00 0.000000000000000000e+00 1.000000000000000000e+00
9.826385378837585449e-01 6.157586351037025452e-02 -1.750126481056213379e-01 -4.280100576579570770e-03
1.788564771413803101e-01 -6.369183212518692017e-02 9.818114042282104492e-01 -3.312206566333770752e-01
4.930900782346725464e-02 -9.960683584213256836e-01 -7.359929382801055908e-02 3.418377041816711426e-02
0.000000000000000000e+00 0.000000000000000000e+00 0.000000000000000000e+00 1.000000000000000000e+00
9.819304347038269043e-01 2.272749505937099457e-02 -1.878730356693267822e-01 1.890806364826858044e-03
1.892411112785339355e-01 -1.138934940099716187e-01 9.753031134605407715e-01 -3.317508399486541748e-01
7.686588796786963940e-04 -9.932329654693603516e-01 -1.161363869905471802e-01 5.617069453001022339e-02
0.000000000000000000e+00 0.000000000000000000e+00 0.000000000000000000e+00 1.000000000000000000e+00
9.775167703628540039e-01 -1.478508710861206055e-01 -1.503377109766006470e-01 -7.970608770847320557e-03
1.411143392324447632e-01 -7.106990367174148560e-02 9.874390363693237305e-01 -3.329803645610809326e-01
-1.566782146692276001e-01 -9.864527583122253418e-01 -4.860813170671463013e-02 4.088323935866355896e-02
0.000000000000000000e+00 0.000000000000000000e+00 0.000000000000000000e+00 1.000000000000000000e+00
9.608044028282165527e-01 2.681119143962860107e-01 -7.050674408674240112e-02 -3.231676667928695679e-02
5.617734789848327637e-02 6.075625121593475342e-02 9.965702891349792480e-01 -3.289805650711059570e-01
2.714760601520538330e-01 -9.614703059196472168e-01 4.331307485699653625e-02 -1.578570529818534851e-02
0.000000000000000000e+00 0.000000000000000000e+00 0.000000000000000000e+00 1.000000000000000000e+00
8.730719089508056641e-01 4.841062128543853760e-01 -5.819294229149818420e-02 -2.973191253840923309e-02
-4.049097374081611633e-02 1.909197270870208740e-01 9.807702302932739258e-01 -3.159466385841369629e-01
4.859071671962738037e-01 -8.539264798164367676e-01 1.862886995077133179e-01 -7.499286532402038574e-02
0.000000000000000000e+00 0.000000000000000000e+00 0.000000000000000000e+00 1.000000000000000000e+00
7.661312222480773926e-01 6.379579901695251465e-01 -7.779579609632492065e-02 -1.405977923423051834e-02
-1.653150618076324463e-01 3.125949203968048096e-01 9.353902339935302734e-01 -2.907598316669464111e-01
6.210587024688720703e-01 -7.037711143493652344e-01 3.449529111385345459e-01 -1.339681297540664673e-01
0.000000000000000000e+00 0.000000000000000000e+00 0.000000000000000000e+00 1.000000000000000000e+00
9.453881382942199707e-01 2.261293083429336548e-01 2.347481250762939453e-01 -1.184073984622955322e-01
-3.095623254776000977e-01 3.974395692348480225e-01 8.638364672660827637e-01 -2.557713687419891357e-01
1.020405814051628113e-01 -8.893297314643859863e-01 4.457356929779052734e-01 -1.413389146327972412e-01
0.000000000000000000e+00 0.000000000000000000e+00 0.000000000000000000e+00 1.000000000000000000e+00
8.874110579490661621e-01 3.813239336013793945e-01 2.590247988700866699e-01 -1.183101758360862732e-01
-4.347249269485473633e-01 5.053401589393615723e-01 7.454167008399963379e-01 -2.075868397951126099e-01
1.533496230840682983e-01 -7.740952372550964355e-01 6.142151951789855957e-01 -1.957280337810516357e-01
0.000000000000000000e+00 0.000000000000000000e+00 0.000000000000000000e+00 1.000000000000000000e+00
8.104583621025085449e-01 5.099592208862304688e-01 2.882686257362365723e-01 -1.172881126403808594e-01
-5.717630386352539062e-01 5.815684199333190918e-01 5.786751508712768555e-01 -1.459294110536575317e-01
1.274529099464416504e-01 -6.338135600090026855e-01 7.629129886627197266e-01 -2.377450019121170044e-01
0.000000000000000000e+00 0.000000000000000000e+00 0.000000000000000000e+00 1.000000000000000000e+00
7.386418581008911133e-01 5.940682291984558105e-01 3.185762763023376465e-01 -1.166641786694526672e-01
-6.719515919685363770e-01 6.111941337585449219e-01 4.182374775409698486e-01 -8.983937650918960571e-02
5.374985188245773315e-02 -5.229956507682800293e-01 8.506387472152709961e-01 -2.589849531650543213e-01
0.000000000000000000e+00 0.000000000000000000e+00 0.000000000000000000e+00 1.000000000000000000e+00
6.656277179718017578e-01 7.062494754791259766e-01 2.411461472511291504e-01 -8.142797648906707764e-02
-7.448238134384155273e-01 6.084836125373840332e-01 2.738334238529205322e-01 -4.143488407135009766e-02
4.666142165660858154e-02 -3.618824779987335205e-01 9.310552477836608887e-01 -2.789469063282012939e-01
0.000000000000000000e+00 0.000000000000000000e+00 0.000000000000000000e+00 1.000000000000000000e+00
6.893179416656494141e-01 6.952276825904846191e-01 2.037133574485778809e-01 -7.064304500818252563e-02
-7.244563102722167969e-01 6.607379317283630371e-01 1.964384168386459351e-01 -1.402941159904003143e-02
1.968403114005923271e-03 -2.829899489879608154e-01 9.591208100318908691e-01 -2.822845578193664551e-01
0.000000000000000000e+00 0.000000000000000000e+00 0.000000000000000000e+00 1.000000000000000000e+00
6.908645629882812500e-01 6.934592723846435547e-01 2.045001685619354248e-01 -7.102423906326293945e-02
-7.143858671188354492e-01 6.982643604278564453e-01 4.560449346899986267e-02 3.208209574222564697e-02
-1.111703142523765564e-01 -1.775985509157180786e-01 9.778034687042236328e-01 -2.776463925838470459e-01
0.000000000000000000e+00 0.000000000000000000e+00 0.000000000000000000e+00 1.000000000000000000e+00
6.723989844322204590e-01 7.138722538948059082e-01 1.956164538860321045e-01 -6.653899699449539185e-02
-7.235319614410400391e-01 6.896494030952453613e-01 -2.974901348352432251e-02 5.286894738674163818e-02
-1.561437547206878662e-01 -1.215315535664558411e-01 9.802291393280029297e-01 -2.733624577522277832e-01
0.000000000000000000e+00 0.000000000000000000e+00 0.000000000000000000e+00 1.000000000000000000e+00
6.595261096954345703e-01 7.318277955055236816e-01 1.716200411319732666e-01 -5.785246938467025757e-02
-7.300757765769958496e-01 6.779967546463012695e-01 -8.549688011407852173e-02 6.728636473417282104e-02
-1.789268255233764648e-01 -6.890821456909179688e-02 9.814465045928955078e-01 -2.696506977081298828e-01
0.000000000000000000e+00 0.000000000000000000e+00 0.000000000000000000e+00 1.000000000000000000e+00
5.752804875373840332e-01 7.958990931510925293e-01 1.886711120605468750e-01 -5.509471520781517029e-02
-7.614203691482543945e-01 6.053428649902343750e-01 -2.319462001323699951e-01 1.092066168785095215e-01
-2.988165020942687988e-01 -1.022394467145204544e-02 9.542558789253234863e-01 -2.551561295986175537e-01
0.000000000000000000e+00 0.000000000000000000e+00 0.000000000000000000e+00 1.000000000000000000e+00
5.799098610877990723e-01 7.935798168182373047e-01 1.842140406370162964e-01 -5.355455353856086731e-02
-6.747047901153564453e-01 5.945622920989990234e-01 -4.373429417610168457e-01 1.660018414258956909e-01
-4.565934836864471436e-01 1.293293535709381104e-01 8.802250027656555176e-01 -2.225442230701446533e-01
0.000000000000000000e+00 0.000000000000000000e+00 0.000000000000000000e+00 1.000000000000000000e+00
5.972917675971984863e-01 7.795837521553039551e-01 1.883917450904846191e-01 -5.692724883556365967e-02
-6.112706065177917480e-01 5.945635437965393066e-01 -5.223432779312133789e-01 1.887267231941223145e-01
-5.192213058471679688e-01 1.968329399824142456e-01 8.316646218299865723e-01 -2.028235346078872681e-01
0.000000000000000000e+00 0.000000000000000000e+00 0.000000000000000000e+00 1.000000000000000000e+00
6.607478260993957520e-01 7.265683412551879883e-01 1.884437650442123413e-01 -6.173031404614448547e-02
-4.950709939002990723e-01 6.105509400367736816e-01 -6.181683540344238281e-01 2.120765298604965210e-01
-5.641961097717285156e-01 3.151602745056152344e-01 7.631229758262634277e-01 -1.757307499647140503e-01
0.000000000000000000e+00 0.000000000000000000e+00 0.000000000000000000e+00 1.000000000000000000e+00
7.385849356651306152e-01 6.554020643234252930e-01 1.579247862100601196e-01 -5.913932994008064270e-02
-3.909583985805511475e-01 6.072424650192260742e-01 -6.916704177856445312e-01 2.280337363481521606e-01
