1.000000000000000000e+00 0.000000000000000000e+00 0.000000000000000000e+00 -4.542167112231254578e-02
0.000000000000000000e+00 1.000000000000000000e+00 0.000000000000000000e+00 9.935460984706878662e-04
0.000000000000000000e+00 0.000000000000000000e+00 1.000000000000000000e+00 -2.875000238418579102e-01
0.000000000000000000e+00 0.000000000000000000e+00 0.000000000000000000e+00 1.000000000000000000e+00
9.965323805809020996e-01 8.232958614826202393e-02 1.204411312937736511e-02 -4.751464724540710449e-02
-8.206641674041748047e-02 9.964072704315185547e-01 -2.091971412301063538e-02 1.082057412713766098e-02
-1.372315920889377594e-02 1.985875144600868225e-02 9.997085928916931152e-01 -2.934566438198089600e-01
0.000000000000000000e+00 0.000000000000000000e+00 0.000000000000000000e+00 1.000000000000000000e+00
9.857378005981445312e-01 1.652540266513824463e-01 3.181209787726402283e-02 -5.176481232047080994e-02
-1.635223627090454102e-01 9.852216243743896484e-01 -5.097673088312149048e-02 2.512785792350769043e-02
-3.976611420512199402e-02 4.504767060279846191e-02 9.981930255889892578e-01 -2.925931215286254883e-01
0.000000000000000000e+00 0.000000000000000000e+00 0.000000000000000000e+00 1.000000000000000000e+00
9.667615890502929688e-01 2.534191310405731201e-01 3.392368927597999573e-02 -5.029192939400672913e-02
-2.502404153347015381e-01 9.650516510009765625e-01 -7.781407982110977173e-02 3.835881873965263367e-02
-5.245768651366233826e-02 6.673859804868698120e-02 9.963906407356262207e-01 -2.921488583087921143e-01
0.000000000000000000e+00 0.000000000000000000e+00 0.000000000000000000e+00 1.000000000000000000e+00
9.374451041221618652e-01 3.444298207759857178e-01 5.064136534929275513e-02 -5.228205025196075439e-02
-3.364769220352172852e-01 9.337468147277832031e-01 -1.220655813813209534e-01 5.650559812784194946e-02
-8.932928740978240967e-02 9.739010035991668701e-02 9.912292957305908203e-01 -2.892789244651794434e-01
0.000000000000000000e+00 0.000000000000000000e+00 0.000000000000000000e+00 1.000000000000000000e+00
8.925240039825439453e-01 4.500815272331237793e-01 2.876726537942886353e-02 -4.248870536684989929e-02
-4.424667954444885254e-01 8.862031102180480957e-01 -1.373573243618011475e-01 6.552915275096893311e-02
-8.731564134359359741e-02 1.098661422729492188e-01 9.901036620140075684e-01 -2.901727259159088135e-01
0.000000000000000000e+00 0.000000000000000000e+00 0.000000000000000000e+00 1.000000000000000000e+00
8.466948866844177246e-01 5.319083333015441895e-01 1.345901004970073700e-02 -3.485918045043945312e-02
-5.228703022003173828e-01 8.364612460136413574e-01 -1.641310006380081177e-01 7.778271287679672241e-02
-9.856064617633819580e-02 1.319315135478973389e-01 9.863467812538146973e-01 -2.889867424964904785e-01
0.000000000000000000e+00 0.000000000000000000e+00 0.000000000000000000e+00 1.000000000000000000e+00
7.932320237159729004e-01 6.088993549346923828e-01 -4.947968758642673492e-03 -2.614125795662403107e-02
-6.009388566017150879e-01 7.814985513687133789e-01 -1.677270382642745972e-01 8.241596817970275879e-02
-9.826207160949707031e-02 1.360198706388473511e-01 9.858210086822509766e-01 -2.898488044738769531e-01
0.000000000000000000e+00 0.000000000000000000e+00 0.000000000000000000e+00 1.000000000000000000e+00
7.239068150520324707e-01 6.889259815216064453e-01 -3.660199418663978577e-02 -1.113537978380918503e-02
-6.845992207527160645e-01 7.107730507850646973e-01 -1.616329997777938843e-01 8.332461863756179810e-02
-8.533749729394912720e-02 1.420649439096450806e-01 9.861718416213989258e-01 -2.908234000205993652e-01
0.000000000000000000e+00 0.000000000000000000e+00 0.000000000000000000e+00 1.000000000000000000e+00
6.457890272140502930e-01 7.629444003105163574e-01 -2.952988073229789734e-02 -8.113907650113105774e-03
-7.586484551429748535e-01 6.368321776390075684e-01 -1.374658644199371338e-01 7.844248414039611816e-02
-8.607327938079833984e-02 1.111767366528511047e-01 9.900661706924438477e-01 -2.934637367725372314e-01
0.000000000000000000e+00 0.000000000000000000e+00 0.000000000000000000e+00 1.000000000000000000e+00
5.505074262619018555e-01 8.337339758872985840e-01 -4.276461899280548096e-02 1.848331536166369915e-03
-8.328898549079895020e-01 5.450165867805480957e-01 -9.618262946605682373e-02 6.749267876148223877e-02
-5.688333138823509216e-02 8.856746554374694824e-02 9.944446086883544922e-01 -2.983922362327575684e-01
0.000000000000000000e+00 0.000000000000000000e+00 0.000000000000000000e+00 1.000000000000000000e+00
4.574236571788787842e-01 8.848130106925964355e-01 -8.870976418256759644e-02 2.252756245434284210e-02
-8.891952037811279297e-01 4.540189504623413086e-01 -5.655632540583610535e-02 5.558529496192932129e-02
-9.765866212546825409e-03 1.047504991292953491e-01 9.944505095481872559e-01 -3.023265004158020020e-01
0.000000000000000000e+00 0.000000000000000000e+00 0.000000000000000000e+00 1.000000000000000000e+00
3.491747379302978516e-01 9.312009811401367188e-01 -1.046023592352867126e-01 3.205318748950958252e-02
-9.368312954902648926e-01 3.493616878986358643e-01 -1.713036373257637024e-02 4.093815013766288757e-02
2.059223689138889313e-02 1.039762571454048157e-01 9.943665862083435059e-01 -3.039024472236633301e-01
0.000000000000000000e+00 0.000000000000000000e+00 0.000000000000000000e+00 1.000000000000000000e+00
2.729975283145904541e-01 9.538615942001342773e-01 -1.249820441007614136e-01 4.088145866990089417e-02
-9.587414860725402832e-01 2.804707586765289307e-01 4.637631401419639587e-02 1.681238412857055664e-02
7.929039746522903442e-02 1.071648672223091125e-01 9.910745024681091309e-01 -3.034076988697052002e-01
0.000000000000000000e+00 0.000000000000000000e+00 0.000000000000000000e+00 1.000000000000000000e+00
1.922075152397155762e-01 9.682092070579528809e-01 -1.600852310657501221e-01 5.345648899674415588e-02
-9.725621342658996582e-01 2.097211033105850220e-01 1.006975471973419189e-01 -3.460447071120142937e-03
1.310695409774780273e-01 1.363380104303359985e-01 9.819535017013549805e-01 -3.014386892318725586e-01
0.000000000000000000e+00 0.000000000000000000e+00 0.000000000000000000e+00 1.000000000000000000e+00
1.136498376727104187e-01 9.807370901107788086e-01 -1.588665693998336792e-01 5.495527386665344238e-02
-9.706032276153564453e-01 1.437463313341140747e-01 1.930451691150665283e-01 -3.476986289024353027e-02
2.121630460023880005e-01 1.322568207979202271e-01 9.682432413101196289e-01 -2.986717224121093750e-01
0.000000000000000000e+00 0.000000000000000000e+00 0.000000000000000000e+00 1.000000000000000000e+00
1.870423108339309692e-01 9.720264673233032227e-01 -1.420548409223556519e-01 4.874846711754798889e-02
-9.544867277145385742e-01 2.140243351459503174e-01 2.077220082283020020e-01 -3.899416700005531311e-02
2.323144823312759399e-01 9.673668444156646729e-02 9.678181409835815430e-01 -2.964951992034912109e-01
0.000000000000000000e+00 0.000000000000000000e+00 0.000000000000000000e+00 1.000000000000000000e+00
2.706324458122253418e-01 9.509861469268798828e-01 -1.496100574731826782e-01 4.843650013208389282e-02
-9.387145042419433594e-01 2.951508164405822754e-01 1.780476123094558716e-01 -2.749922499060630798e-02
2.134783565998077393e-01 9.225569665431976318e-02 9.725820422172546387e-01 -2.953138351440429688e-01
0.000000000000000000e+00 0.000000000000000000e+00 0.000000000000000000e+00 1.000000000000000000e+00
3.204040229320526123e-01 9.349490404129028320e-01 -1.523525416851043701e-01 4.780111461877822876e-02
-9.354227781295776367e-01 3.376425802707672119e-01 1.047926768660545349e-01 -1.698704552836716175e-03
1.494165211915969849e-01 1.089380756020545959e-01 9.827548861503601074e-01 -2.950125336647033691e-01
0.000000000000000000e+00 0.000000000000000000e+00 0.000000000000000000e+00 1.000000000000000000e+00
3.622222244739532471e-01 9.140856862068176270e-01 -1.823261827230453491e-01 5.535769835114479065e-02
-9.288672804832458496e-01 3.702519834041595459e-01 1.089088339358568192e-02 3.112016618251800537e-02
7.746183127164840698e-02 1.654119193553924561e-01 9.831776618957519531e-01 -2.911216318607330322e-01
0.000000000000000000e+00 0.000000000000000000e+00 0.000000000000000000e+00 1.000000000000000000e+00
4.000411331653594971e-01 8.951905369758605957e-01 -1.964701712131500244e-01 5.794885754585266113e-02
-9.162971377372741699e-01 3.951340615749359131e-01 -6.533405929803848267e-02 5.705051869153976440e-02
1.914559490978717804e-02 2.061614096164703369e-01 9.783307909965515137e-01 -2.861378788948059082e-01
0.000000000000000000e+00 0.000000000000000000e+00 0.000000000000000000e+00 1.000000000000000000e+00
4.572142362594604492e-01 8.592012524604797363e-01 -2.296262234449386597e-01 6.443366408348083496e-02
-8.883552551269531250e-01 4.289660453796386719e-01 -1.637462377548217773e-01 8.702076226472854614e-02
-4.218918830156326294e-02 2.788568139076232910e-01 9.594055414199829102e-01 -2.749612927436828613e-01
0.000000000000000000e+00 0.000000000000000000e+00 0.000000000000000000e+00 1.000000000000000000e+00
5.306167602539062500e-01 8.198906779289245605e-01 -2.150008380413055420e-01 5.439181998372077942e-02
-8.433351516723632812e-01 4.852242767810821533e-01 -2.309614419937133789e-01 1.054081767797470093e-01
-8.503951877355575562e-02 3.038697242736816406e-01 9.489106535911560059e-01 -2.681978940963745117e-01
0.000000000000000000e+00 0.000000000000000000e+00 0.000000000000000000e+00 1.000000000000000000e+00
5.938905477523803711e-01 7.782089710235595703e-01 -2.041682153940200806e-01 4.685908183455467224e-02
-7.949867248535156250e-01 5.286222696304321289e-01 -2.975807487964630127e-01 1.217260658740997314e-01
-1.236522570252418518e-01 3.390414416790008545e-01 9.326099157333374023e-01 -2.596256136894226074e-01
0.000000000000000000e+00 0.000000000000000000e+00 0.000000000000000000e+00 1.000000000000000000e+00
6.731988191604614258e-01 7.171728610992431641e-01 -1.801835894584655762e-01 3.343006595969200134e-02
-7.221029400825500488e-01 5.850943922996520996e-01 -3.690956234931945801e-01 1.363739818334579468e-01
-1.592810899019241333e-01 3.785858750343322754e-01 9.117578268051147461e-01 -2.494894415140151978e-01
0.000000000000000000e+00 0.000000000000000000e+00 0.000000000000000000e+00 1.000000000000000000e+00
7.360119223594665527e-01 6.571038961410522461e-01 -1.627899706363677979e-01 2.483232133090496063e-02
-6.493694782257080078e-01 6.173277497291564941e-01 -4.441007673740386963e-01 1.515789330005645752e-01
-1.913256943225860596e-01 4.325743913650512695e-01 8.810639977455139160e-01 -2.353395223617553711e-01
0.000000000000000000e+00 0.000000000000000000e+00 0.000000000000000000e+00 1.000000000000000000e+00
7.623063921928405762e-01 6.310452222824096680e-01 -1.437724679708480835e-01 1.725695468485355377e-02
-5.978767275810241699e-01 6.015293598175048828e-01 -5.298160314559936523e-01 1.707832664251327515e-01
-2.478547990322113037e-01 4.898404777050018311e-01 8.358374238014221191e-01 -2.147718816995620728e-01
0.000000000000000000e+00 0.000000000000000000e+00 0.000000000000000000e+00 1.000000000000000000e+00
7.950020432472229004e-01 5.884151458740234375e-01 -1.474422216415405273e-01 1.505872141569852829e-02
-5.329843759536743164e-01 5.615062117576599121e-01 -6.329598426818847656e-01 1.973798573017120361e-01
-2.896536290645599365e-01 5.817888975143432617e-01 7.600147724151611328e-01 -1.867395341396331787e-01
0.000000000000000000e+00 0.000000000000000000e+00 0.000000000000000000e+00 1.000000000000000000e+00
8.161098957061767578e-01 5.595582723617553711e-01 -1.444261670112609863e-01 1.244090683758258820e-02
-4.789174199104309082e-01 5.150017142295837402e-01 -7.109227180480957031e-01 2.178645730018615723e-01
-3.234231173992156982e-01 6.493591666221618652e-01 6.882803440093994141e-01 -1.618025451898574829e-01
0.000000000000000000e+00 0.000000000000000000e+00 0.000000000000000000e+00 1.000000000000000000e+00
8.481721282005310059e-01 5.116167068481445312e-01 -1.373041272163391113e-01 7.289034780114889145e-03
-4.090527892112731934e-01 4.678885340690612793e-01 -7.834258675575256348e-01 2.364322692155838013e-01
-3.365707695484161377e-01 7.206445336341857910e-01 6.061282157897949219e-01 -1.385906338691711426e-01
0.000000000000000000e+00 0.000000000000000000e+00 0.000000000000000000e+00 1.000000000000000000e+00
8.773527145385742188e-01 4.690917134284973145e-01 -1.010211482644081116e-01 -5.156076513230800629e-03
-3.248663842678070068e-01 4.257334768772125244e-01 -8.445190787315368652e-01 2.513129115104675293e-01
-3.531489968299865723e-01 7.737593054771423340e-01 5.259107351303100586e-01 -1.172445490956306458e-01
0.000000000000000000e+00 0.000000000000000000e+00 0.000000000000000000e+00 1.000000000000000000e+00
8.941283226013183594e-01 4.434038996696472168e-01 -6.266788393259048462e-02 -1.523153390735387802e-02
-2.241410762071609497e-01 3.219797909259796143e-01 -9.198312759399414062e-01 2.660564482212066650e-01
-3.876789510250091553e-01 8.364936709403991699e-01 3.872763514518737793e-01 -7.957588136196136475e-02
0.000000000000000000e+00 0.000000000000000000e+00 0.000000000000000000e+00 1.000000000000000000e+00
8.896921277046203613e-01 4.563916027545928955e-01 -1.244278438389301300e-02 -3.339755535125732422e-02
-6.156161800026893616e-02 9.291497617959976196e-02 -9.937690496444702148e-01 2.822372615337371826e-01
-4.523916244506835938e-01 8.849141001701354980e-01 1.107619553804397583e-01 -4.870155360549688339e-03
0.000000000000000000e+00 0.000000000000000000e+00 0.000000000000000000e+00 1.000000000000000000e+00
8.885318636894226074e-01 4.580962359905242920e-01 -2.567661367356777191e-02 -2.787978947162628174e-02
-6.954682618379592896e-02 7.915541529655456543e-02 -9.944335818290710449e-01 2.826646864414215088e-01
-4.535136222839355469e-01 8.853713274002075195e-01 1.021911874413490295e-01 -7.612392771989107132e-03
0.000000000000000000e+00 0.000000000000000000e+00 0.000000000000000000e+00 1.000000000000000000e+00
8.528775572776794434e-01 5.212385654449462891e-01 -3.016999550163745880e-02 -2.310005947947502136e-02
-9.857988357543945312e-02 1.040175780653953552e-01 -9.896777868270874023e-01 2.825181484222412109e-01
-5.127199888229370117e-01 8.470481038093566895e-01 1.400978416204452515e-01 -1.562259998172521591e-02
0.000000000000000000e+00 0.000000000000000000e+00 0.000000000000000000e+00 1.000000000000000000e+00
8.412290215492248535e-01 5.363423228263854980e-01 -6.834255903959274292e-02 -1.263873279094696045e-02
-2.203605622053146362e-01 2.246768474578857422e-01 -9.491899013519287109e-01 2.758693695068359375e-01
-4.937357306480407715e-01 8.135458230972290039e-01 3.071933984756469727e-01 -5.436588451266288757e-02
0.000000000000000000e+00 0.000000000000000000e+00 0.000000000000000000e+00 1.000000000000000000e+00
8.384522795677185059e-01 5.375424027442932129e-01 -8.969946950674057007e-02 -6.687341257929801941e-03
-2.928701341152191162e-01 3.056333959102630615e-01 -9.059885144233703613e-01 2.668204605579376221e-01
-4.595920741558074951e-01 7.858985066413879395e-01 4.136891067028045654e-01 -8.315008878707885742e-02
0.000000000000000000e+00 0.000000000000000000e+00 0.000000000000000000e+00 1.000000000000000000e+00
8.220716714859008789e-01 5.584942102432250977e-01 -1.108267307281494141e-01 -1.318617723882198334e-03
-3.643801808357238770e-01 3.664605915546417236e-01 -8.561153411865234375e-01 2.565384507179260254e-01
-4.375218749046325684e-01 7.441713809967041016e-01 5.047612190246582031e-01 -1.086244136095046997e-01
0.000000000000000000e+00 0.000000000000000000e+00 0.000000000000000000e+00 1.000000000000000000e+00
8.378475904464721680e-01 5.406615138053894043e-01 -7.547564804553985596e-02 -1.538268756121397018e-02
-4.437827169895172119e-01 5.940555334091186523e-01 -6.709355115890502930e-01 2.168659865856170654e-01
-3.179125189781188965e-01 5.956364870071411133e-01 7.376643419265747070e-01 -1.796717494726181030e-01
0.000000000000000000e+00 0.000000000000000000e+00 0.000000000000000000e+00 1.000000000000000000e+00
8.398109674453735352e-01 5.395787358283996582e-01 -5.976687744259834290e-02 -2.118355780839920044e-02
-4.596487283706665039e-01 6.481562256813049316e-01 -6.071377992630004883e-01 1.983366906642913818e-01
-2.888605594635009766e-01 5.373527407646179199e-01 7.923455834388732910e-01 -1.970358341932296753e-01
0.000000000000000000e+00 0.000000000000000000e+00 0.000000000000000000e+00 1.000000000000000000e+00
8.587338924407958984e-01 5.084764361381530762e-01 -6.346298754215240479e-02 -2.038443274796009064e-02
-4.594928622245788574e-01 7.092874646186828613e-01 -5.345816016197204590e-01 1.766634285449981689e-01
-2.268087565898895264e-01 4.882241785526275635e-01 8.427305221557617188e-01 -2.137530297040939331e-01
0.000000000000000000e+00 0.000000000000000000e+00 0.000000000000000000e+00 1.000000000000000000e+00
8.739812970161437988e-01 4.852250218391418457e-01 -2.670574560761451721e-02 -2.967198565602302551e-02
-4.561489224433898926e-01 8.001773357391357422e-01 -3.894151151180267334e-01 1.347648650407791138e-01
-1.675847917795181274e-01 3.525232076644897461e-01 9.206750392913818359e-01 -2.373957931995391846e-01
0.000000000000000000e+00 0.000000000000000000e+00 0.000000000000000000e+00 1.000000000000000000e+00
8.800668716430664062e-01 4.742293059825897217e-01 -2.426455542445182800e-02 -2.868515439331531525e-02
-4.638695418834686279e-01 8.476684093475341797e-01 -2.574551701545715332e-01 9.823452681303024292e-02
-1.015245318412780762e-01 2.378333359956741333e-01 9.659853577613830566e-01 -2.525245845317840576e-01
0.000000000000000000e+00 0.000000000000000000e+00 0.000000000000000000e+00 1.000000000000000000e+00
8.804081082344055176e-01 4.740057885646820068e-01 -1.414032280445098877e-02 -2.726059034466743469e-02
-4.741053283214569092e-01 8.791639208793640137e-01 -4.790369048714637756e-02 3.940061479806900024e-02
-1.027498394250869751e-02 4.887880384922027588e-02 9.987518787384033203e-01 -2.658180892467498779e-01
0.000000000000000000e+00 0.000000000000000000e+00 0.000000000000000000e+00 1.000000000000000000e+00
8.881742358207702637e-01 4.591787159442901611e-01 -1.735944859683513641e-02 -2.496529370546340942e-02
-4.580006897449493408e-01 8.876874446868896484e-01 4.739497229456901550e-02 1.108898222446441650e-02
3.717253357172012329e-02 -3.414434567093849182e-02 9.987253546714782715e-01 -2.686087489128112793e-01
0.000000000000000000e+00 0.000000000000000000e+00 0.000000000000000000e+00 1.000000000000000000e+00
8.944501876831054688e-01 4.470157921314239502e-01 -1.164550706744194031e-02 -2.595097571611404419e-02
-4.404614269733428955e-01 8.852309584617614746e-01 1.495318114757537842e-01 -2.049901895225048065e-02
7.715208828449249268e-02 -1.286193430423736572e-01 9.886883497238159180e-01 -2.677642107009887695e-01
0.000000000000000000e+00 0.000000000000000000e+00 0.000000000000000000e+00 1.000000000000000000e+00
8.966662287712097168e-01 4.424346387386322021e-01 -1.553111150860786438e-02 -2.458240091800689697e-02
-4.242840707302093506e-01 8.688380122184753418e-01 2.551539242267608643e-01 -5.365246534347534180e-02
1.263829916715621948e-01 -2.221982926130294800e-01 9.667757153511047363e-01 -2.632446289062500000e-01
0.000000000000000000e+00 0.000000000000000000e+00 0.000000000000000000e+00 1.000000000000000000e+00
9.005442857742309570e-01 4.344120025634765625e-01 -1.749387569725513458e-02 -2.387900836765766144e-02
-3.980709910392761230e-01 8.400516510009765625e-01 3.685816228389739990e-01 -9.121549129486083984e-02
1.748121529817581177e-01 -3.249602615833282471e-01 9.294307231903076172e-01 -2.536269426345825195e-01
0.000000000000000000e+00 0.000000000000000000e+00 0.000000000000000000e+00 1.000000000000000000e+00
9.042103290557861328e-01 4.268255829811096191e-01 -1.494764350354671478e-02 -2.586184628307819366e-02
-3.741887211799621582e-01 8.086020946502685547e-01 4.540321230888366699e-01 -1.193917021155357361e-01
2.058793455362319946e-01 -4.049472808837890625e-01 8.908598423004150391e-01 -2.442690730094909668e-01
0.000000000000000000e+00 0.000000000000000000e+00 0.000000000000000000e+00 1.000000000000000000e+00
9.117175936698913574e-01 4.108081459999084473e-01 -2.748247003182768822e-03 -3.204721957445144653e-02
-3.437262177467346191e-01 7.664706707000732422e-01 5.425630807876586914e-01 -1.464809179306030273e-01
2.249959260225296021e-01 -4.937196671962738037e-01 8.400104641914367676e-01 -2.322844117879867554e-01
0.000000000000000000e+00 0.000000000000000000e+00 0.000000000000000000e+00 1.000000000000000000e+00
