-0.8742297887802124 -0.4288571774959564 -0.2276045680046082 0.1166959404945374 
-0.4446310102939606 0.8954780697822571 0.02055095322430134 0.02236836031079292 
0.1950014680624008 0.1191662922501564 -0.9735366702079773 0.3041355311870575 
0 0 0 1 

-0.8544250726699829 -0.3380459547042847 -0.3945660293102264 0.1725195646286011 
-0.3925179839134216 0.9175218939781189 0.06389982998371124 0.005962544586509466 
0.3404218852519989 0.2094718962907791 -0.9166427850723267 0.2803428471088409 
0 0 0 1 

-0.7831326723098755 -0.3307359218597412 -0.526608943939209 0.2140786051750183 
-0.4076166152954102 0.9125549793243408 0.03304769471287727 0.01818514801561832 
0.4696295261383057 0.2405352741479874 -0.8494651317596436 0.2535097599029541 
0 0 0 1 

-0.7036845684051514 -0.3227609097957611 -0.6329715847969055 0.2466155737638474 
-0.4607137441635132 0.8854728937149048 0.06066817045211792 0.0111057860776782 
0.5408978462219238 0.334309995174408 -0.7717939615249634 0.226533979177475 
0 0 0 1 

-0.6410601139068604 -0.2940075993537903 -0.7089436054229736 0.2695135772228241 
-0.5157723426818848 0.8490714430809021 0.1142653673887253 -0.005652786698192358 
0.5683488845825195 0.4389045536518097 -0.6959467530250549 0.2011005729436874 
0 0 0 1 

-0.6355827450752258 -0.2884340882301331 -0.7161286473274231 0.2742003500461578 
-0.5661417841911316 0.8047886490821838 0.1783220022916794 -0.02665001153945923 
0.5248980522155762 0.5187687277793884 -0.6748043298721313 0.1924167424440384 
0 0 0 1 

-0.6805192232131958 -0.3488554358482361 -0.6443550586700439 0.2544524967670441 
-0.6024239659309387 0.7669726610183716 0.2209939062595367 -0.03749695047736168 
0.4171077609062195 0.5385655164718628 -0.7320985198020935 0.2149180620908737 
0 0 0 1 

-0.7250083684921265 -0.3901301324367523 -0.5675925016403198 0.2298506200313568 
-0.6178860068321228 0.732495129108429 0.2857756614685059 -0.05925008282065392 
0.3042690455913544 0.5578972101211548 -0.7721211314201355 0.2327412664890289 
0 0 0 1 

-0.7561179995536804 -0.4002433717250824 -0.5177745223045349 0.2143471539020538 
-0.6165177226066589 0.7010325789451599 0.3584119975566864 -0.08407995849847794 
0.2195247560739517 0.5902190208435059 -0.7768204212188721 0.2380583882331848 
0 0 0 1 

-0.8107367753982544 -0.396700382232666 -0.430504709482193 0.1844776719808578 
-0.5785792469978333 0.654996931552887 0.4860296845436096 -0.1281667053699493 
0.08917111903429031 0.6431233286857605 -0.7605524063110352 0.2371396720409393 
0 0 0 1 

