1.000000000000000000e+00 0.000000000000000000e+00 0.000000000000000000e+00 -4.255350477121360719e-01
0.000000000000000000e+00 -1.000000000000000000e+00 0.000000000000000000e+00 3.076616963927396031e-01
0.000000000000000000e+00 0.000000000000000000e+00 -1.000000000000000000e+00 -5.117628744684824760e+00
0.000000000000000000e+00 0.000000000000000000e+00 0.000000000000000000e+00 1.000000000000000000e+00
9.937972426414489746e-01 -5.109329894185066223e-02 9.877424687147140503e-02 1.335893032283423931e-01
-5.371468886733055115e-02 -9.982661008834838867e-01 2.406278997659683228e-02 3.814059898840019280e-01
9.737353026866912842e-02 -2.921921014785766602e-02 -9.948185682296752930e-01 -5.079106761584554874e+00
0.000000000000000000e+00 0.000000000000000000e+00 0.000000000000000000e+00 1.000000000000000000e+00
9.686924815177917480e-01 -7.077150046825408936e-02 2.379623949527740479e-01 8.827497034311611035e-01
-7.763522863388061523e-02 -9.967894554138183594e-01 1.958443410694599152e-02 3.737207744949101462e-01
2.358123809099197388e-01 -3.744561597704887390e-02 -9.710767865180969238e-01 -4.939053518124115527e+00
0.000000000000000000e+00 0.000000000000000000e+00 0.000000000000000000e+00 1.000000000000000000e+00
9.985323548316955566e-01 -4.938639700412750244e-02 2.223879098892211914e-02 -2.628439029241131375e-01
-4.921817779541015625e-02 -9.987554550170898438e-01 -8.048797957599163055e-03 2.329809848287638097e-01
2.260863222181797028e-02 6.942482665181159973e-03 -9.997205734252929688e-01 -4.950002940538134055e+00
0.000000000000000000e+00 0.000000000000000000e+00 0.000000000000000000e+00 1.000000000000000000e+00
9.882903099060058594e-01 -6.293570995330810547e-02 1.390012055635452271e-01 3.814100632235376542e-01
-5.826226621866226196e-02 -9.975990056991577148e-01 -3.744253516197204590e-02 1.335075153979612961e-01
1.410239189863204956e-01 2.890555188059806824e-02 -9.895840287208557129e-01 -4.908545688434983845e+00
0.000000000000000000e+00 0.000000000000000000e+00 0.000000000000000000e+00 1.000000000000000000e+00
-3.412224650382995605e-01 -8.654533326625823975e-02 9.359899163246154785e-01 5.076525806997025825e+00
-3.576377034187316895e-02 -9.938358068466186523e-01 -1.049320027232170105e-01 -1.765787965358568412e-01
9.393019676208496094e-01 -6.927969306707382202e-02 3.360239863395690918e-01 1.777302071919748760e+00
0.000000000000000000e+00 0.000000000000000000e+00 0.000000000000000000e+00 1.000000000000000000e+00
-3.859741985797882080e-01 -1.007101982831954956e-01 9.169961810111999512e-01 4.914520148164355007e+00
-2.043959870934486389e-02 -9.928454160690307617e-01 -1.176437065005302429e-01 -1.753041523999860629e-01
9.222828149795532227e-01 -6.415047496557235718e-02 3.811544477939605713e-01 2.076878078694266883e+00
0.000000000000000000e+00 0.000000000000000000e+00 0.000000000000000000e+00 1.000000000000000000e+00
-3.677628934383392334e-01 -9.777241200208663940e-02 9.247651100158691406e-01 4.853039813917581213e+00
-2.295694686472415924e-02 -9.931992292404174805e-01 -1.141373589634895325e-01 -1.065286508884302624e-01
9.296358823776245117e-01 -6.320530921220779419e-02 3.630174994468688965e-01 2.054344522122263594e+00
0.000000000000000000e+00 0.000000000000000000e+00 0.000000000000000000e+00 1.000000000000000000e+00
-3.593591153621673584e-01 -8.977914601564407349e-02 9.288703203201293945e-01 4.769953883969865416e+00
-2.981452643871307373e-02 -9.937490224838256836e-01 -1.075844541192054749e-01 -4.578475041664167855e-02
9.327223896980285645e-01 -6.635531038045883179e-02 3.544360697269439697e-01 2.095567849515775460e+00
0.000000000000000000e+00 0.000000000000000000e+00 0.000000000000000000e+00 1.000000000000000000e+00
-3.274067640304565430e-01 -8.415963500738143921e-02 9.411277770996093750e-01 4.742957504247814704e+00
-5.341628938913345337e-02 -9.927842020988464355e-01 -1.073619052767753601e-01 -1.723068621646338047e-02
9.433721899986267090e-01 -8.542256802320480347e-02 3.205486536026000977e-01 2.021780575583270068e+00
0.000000000000000000e+00 0.000000000000000000e+00 0.000000000000000000e+00 1.000000000000000000e+00
-3.027537763118743896e-01 -7.120905816555023193e-02 9.504048228263854980e-01 4.703921243923300466e+00
-6.835976988077163696e-02 -9.930137991905212402e-01 -9.617773443460464478e-02 7.001767191483158903e-02
9.506142139434814453e-01 -9.408773481845855713e-02 2.957708537578582764e-01 1.996352820758932944e+00
0.000000000000000000e+00 0.000000000000000000e+00 0.000000000000000000e+00 1.000000000000000000e+00
-3.036859333515167236e-01 -5.060783773660659790e-02 9.514273405075073242e-01 4.639095329987019234e+00
-1.016934961080551147e-01 -9.911622405052185059e-01 -8.518097549676895142e-02 1.715619466930875803e-01
9.473298192024230957e-01 -1.226222366094589233e-01 2.958555817604064941e-01 2.091596684915757454e+00
0.000000000000000000e+00 0.000000000000000000e+00 0.000000000000000000e+00 1.000000000000000000e+00
-2.837116122245788574e-01 -6.238315254449844360e-02 9.568783044815063477e-01 4.650604663792557325e+00
-1.044091433286666870e-01 -9.899390935897827148e-01 -9.549557417631149292e-02 1.682408457661339896e-01
9.532082676887512207e-01 -1.270000189542770386e-01 2.743439972400665283e-01 2.062931681946833962e+00
0.000000000000000000e+00 0.000000000000000000e+00 0.000000000000000000e+00 1.000000000000000000e+00
-2.844601571559906006e-01 -5.668257549405097961e-02 9.570108056068420410e-01 4.632815274932321259e+00
-1.337226927280426025e-01 -9.861457347869873047e-01 -9.815563261508941650e-02 1.969565919449726143e-01
9.493163228034973145e-01 -1.558954715728759766e-01 2.729393541812896729e-01 2.139054830015537867e+00
0.000000000000000000e+00 0.000000000000000000e+00 0.000000000000000000e+00 1.000000000000000000e+00
-2.562676072120666504e-01 -6.349521875381469727e-02 9.645181298255920410e-01 4.674191575990914949e+00
-1.442357301712036133e-01 -9.841564893722534180e-01 -1.031107529997825623e-01 2.116458087706911961e-01
9.557840824127197266e-01 -1.655419468879699707e-01 2.430491596460342407e-01 2.078847292216883691e+00
0.000000000000000000e+00 0.000000000000000000e+00 0.000000000000000000e+00 1.000000000000000000e+00
-2.633855342864990234e-01 -5.585905909538269043e-02 9.630720019340515137e-01 4.639924284556036227e+00
-1.721768975257873535e-01 -9.795712232589721680e-01 -1.039037480950355530e-01 2.354750656785740137e-01
9.492014646530151367e-01 -1.931854337453842163e-01 2.483872175216674805e-01 2.216821403334401364e+00
0.000000000000000000e+00 0.000000000000000000e+00 0.000000000000000000e+00 1.000000000000000000e+00
-2.551375925540924072e-01 -5.680037289857864380e-02 9.652350544929504395e-01 4.639778652039602491e+00
-1.856711059808731079e-01 -9.768168330192565918e-01 -1.065597683191299438e-01 2.644973792170230986e-01
9.489105939865112305e-01 -2.064036428928375244e-01 2.386764734983444214e-01 2.293162603358909646e+00
0.000000000000000000e+00 0.000000000000000000e+00 0.000000000000000000e+00 1.000000000000000000e+00
-2.128548324108123779e-01 -5.021928995847702026e-02 9.757924079895019531e-01 4.691442878496154378e+00
-2.142395377159118652e-01 -9.719770550727844238e-01 -9.675612300634384155e-02 3.239704053319766297e-01
9.533071517944335938e-01 -2.296483367681503296e-01 1.961310803890228271e-01 2.207967382835985148e+00
0.000000000000000000e+00 0.000000000000000000e+00 0.000000000000000000e+00 1.000000000000000000e+00
-1.355633288621902466e-01 -7.186563313007354736e-02 9.881588220596313477e-01 4.822105007150296885e+00
-2.269688099622726440e-01 -9.685902595520019531e-01 -1.015797853469848633e-01 3.049602280936079546e-01
9.644212126731872559e-01 -2.380517274141311646e-01 1.149938255548477173e-01 2.065242754905165956e+00
0.000000000000000000e+00 0.000000000000000000e+00 0.000000000000000000e+00 1.000000000000000000e+00
-9.574001282453536987e-02 -1.226688250899314880e-01 9.878184199333190918e-01 5.016158549612909745e+00
-2.426476627588272095e-01 -9.595644474029541016e-01 -1.426778137683868408e-01 9.728881148587888161e-02
9.653783440589904785e-01 -2.533519268035888672e-01 6.210343539714813232e-02 2.158560063565304166e+00
0.000000000000000000e+00 0.000000000000000000e+00 0.000000000000000000e+00 1.000000000000000000e+00
-4.888593032956123352e-02 -1.381438225507736206e-01 9.892046451568603516e-01 5.194561953613359151e+00
-2.747420668601989746e-01 -9.503237605094909668e-01 -1.462917029857635498e-01 1.014436226077054248e-01
9.602739810943603516e-01 -2.789278924465179443e-01 8.503466844558715820e-03 1.947195298951725384e+00
0.000000000000000000e+00 0.000000000000000000e+00 0.000000000000000000e+00 1.000000000000000000e+00
-8.147658407688140869e-02 -1.768267750740051270e-01 9.808635711669921875e-01 5.060737178757653609e+00
-2.038040459156036377e-01 -9.603850245475769043e-01 -1.900641769170761108e-01 -1.587677562473436554e-01
9.756150245666503906e-01 -2.153898477554321289e-01 4.221084341406822205e-02 1.954279507397573168e+00
0.000000000000000000e+00 0.000000000000000000e+00 0.000000000000000000e+00 1.000000000000000000e+00
-9.054759889841079712e-02 -1.974062472581863403e-01 9.761312007904052734e-01 4.990803809456211937e+00
-1.696786880493164062e-01 -9.627679586410522461e-01 -2.104435265064239502e-01 -2.883661375816046202e-01
9.813307523727416992e-01 -1.846837997436523438e-01 5.368088930845260620e-02 1.936225837185989951e+00
0.000000000000000000e+00 0.000000000000000000e+00 0.000000000000000000e+00 1.000000000000000000e+00
-1.119821518659591675e-01 -2.633639574050903320e-01 9.581756591796875000e-01 4.684803702385947233e+00
-6.567595899105072021e-02 -9.601698517799377441e-01 -2.715876996517181396e-01 -6.831928784392161669e-01
9.915372729301452637e-01 -9.334225952625274658e-02 9.022574126720428467e-02 1.853356967146963408e+00
0.000000000000000000e+00 0.000000000000000000e+00 0.000000000000000000e+00 1.000000000000000000e+00
-1.157157048583030701e-01 -3.217078447341918945e-01 9.397414922714233398e-01 4.412583990026681668e+00
-2.796055376529693604e-02 -9.446668028831481934e-01 -3.268370330333709717e-01 -1.078563285916843917e+00
9.928889870643615723e-01 -6.409584730863571167e-02 1.003176644444465637e-01 1.746717854602787723e+00
0.000000000000000000e+00 0.000000000000000000e+00 0.000000000000000000e+00 1.000000000000000000e+00
-9.414118528366088867e-02 -3.995631337165832520e-01 9.118586778640747070e-01 4.178848959796174434e+00
3.597466740757226944e-03 -9.160572886466979980e-01 -4.010314047336578369e-01 -1.468506451641899080e+00
9.955521821975708008e-01 -3.447326272726058960e-02 8.767610043287277222e-02 1.608382737540242191e+00
0.000000000000000000e+00 0.000000000000000000e+00 0.000000000000000000e+00 1.000000000000000000e+00
-4.157777875661849976e-03 -4.451842904090881348e-01 8.954291939735412598e-01 4.074057038979510992e+00
4.873311892151832581e-02 -8.944634199142456055e-01 -4.444777369499206543e-01 -1.688524347213173460e+00
9.988031983375549316e-01 4.178898036479949951e-02 2.541419304907321930e-02 1.249376362676701158e+00
0.000000000000000000e+00 0.000000000000000000e+00 0.000000000000000000e+00 1.000000000000000000e+00
2.314344644546508789e-01 -4.874379932880401611e-01 8.419276475906372070e-01 3.875124608806958193e+00
1.146672219038009644e-01 -8.457231521606445312e-01 -5.211558341979980469e-01 -2.071429930706770062e+00
9.660691618919372559e-01 2.171549946069717407e-01 -1.398363709449768066e-01 4.141132668528151872e-01
0.000000000000000000e+00 0.000000000000000000e+00 0.000000000000000000e+00 1.000000000000000000e+00
3.425767719745635986e-01 -5.049853920936584473e-01 7.922316789627075195e-01 3.661663450230662420e+00
1.328392773866653442e-01 -8.087490797042846680e-01 -5.729562640190124512e-01 -2.334558126488367691e+00
9.300509095191955566e-01 3.015209436416625977e-01 -2.099767029285430908e-01 4.806314046482164370e-02
0.000000000000000000e+00 0.000000000000000000e+00 0.000000000000000000e+00 1.000000000000000000e+00
3.731882274150848389e-01 -5.423023700714111328e-01 7.527540922164916992e-01 3.421057898502806616e+00
1.585936397314071655e-01 -7.621387839317321777e-01 -6.276882290840148926e-01 -2.569212982803595668e+00
9.140998721122741699e-01 3.536278605461120605e-01 -1.984155178070068359e-01 5.439956239651567993e-02
0.000000000000000000e+00 0.000000000000000000e+00 0.000000000000000000e+00 1.000000000000000000e+00
3.981662988662719727e-01 -5.623368024826049805e-01 7.247350215911865234e-01 3.226849993509151027e+00
1.578098982572555542e-01 -7.362921833992004395e-01 -6.580044031143188477e-01 -2.708131324364854819e+00
9.036368131637573242e-01 3.763654828071594238e-01 -2.044243663549423218e-01 -6.785191412442647188e-03
0.000000000000000000e+00 0.000000000000000000e+00 0.000000000000000000e+00 1.000000000000000000e+00
4.018047451972961426e-01 -5.764555335044860840e-01 7.115138173103332520e-01 3.084434884278108413e+00
1.706418395042419434e-01 -7.162508964538574219e-01 -6.766577959060668945e-01 -2.778129771957018157e+00
8.996856808662414551e-01 3.932984769344329834e-01 -1.894256025552749634e-01 1.140959750120215492e-02
0.000000000000000000e+00 0.000000000000000000e+00 0.000000000000000000e+00 1.000000000000000000e+00
4.094527363777160645e-01 -6.103324294090270996e-01 6.781170368194580078e-01 2.869124946698915934e+00
1.746625006198883057e-01 -6.770908832550048828e-01 -7.148713469505310059e-01 -2.922494650587230236e+00
8.954560160636901855e-01 4.111476242542266846e-01 -1.706344187259674072e-01 3.362045974768710505e-02
0.000000000000000000e+00 0.000000000000000000e+00 0.000000000000000000e+00 1.000000000000000000e+00
3.979853689670562744e-01 -6.629609465599060059e-01 6.341058611869812012e-01 2.560780433887265950e+00
1.410055756568908691e-01 -6.387856602668762207e-01 -7.563531994819641113e-01 -3.058991206732160961e+00
9.064903855323791504e-01 3.904300630092620850e-01 -1.607462316751480103e-01 -4.478490355882687457e-02
0.000000000000000000e+00 0.000000000000000000e+00 0.000000000000000000e+00 1.000000000000000000e+00
2.087346315383911133e-01 -7.519517540931701660e-01 6.252982616424560547e-01 2.444870244237667301e+00
1.288805902004241943e-01 -6.126559972763061523e-01 -7.797707319259643555e-01 -3.123731606207158507e+00
9.694428443908691406e-01 2.433539479970932007e-01 -3.097055666148662567e-02 3.832270703941491052e-01
0.000000000000000000e+00 0.000000000000000000e+00 0.000000000000000000e+00 1.000000000000000000e+00
2.908646464347839355e-01 -7.776733040809631348e-01 5.573346614837646484e-01 2.134537073779952721e+00
1.204863339662551880e-01 -5.481106638908386230e-01 -8.276823759078979492e-01 -3.258923818805722572e+00
9.491471648216247559e-01 3.078946769237518311e-01 -6.572699546813964844e-02 1.142670388448503715e-01
0.000000000000000000e+00 0.000000000000000000e+00 0.000000000000000000e+00 1.000000000000000000e+00
3.774621486663818359e-01 -7.778632640838623047e-01 5.024454593658447266e-01 1.881846205691782847e+00
9.823694825172424316e-02 -5.058849453926086426e-01 -8.569889068603515625e-01 -3.310233884442337793e+00
9.207998514175415039e-01 3.728395402431488037e-01 -1.145375445485115051e-01 -1.840927553688508911e-01
0.000000000000000000e+00 0.000000000000000000e+00 0.000000000000000000e+00 1.000000000000000000e+00
5.025345087051391602e-01 -7.556598186492919922e-01 4.200443327426910400e-01 1.505765906347105387e+00
2.478172071278095245e-02 -4.730591475963592529e-01 -8.806819319725036621e-01 -3.298825937851919132e+00
8.642018437385559082e-01 4.529825448989868164e-01 -2.190020084381103516e-01 -6.403037507101805303e-01
0.000000000000000000e+00 0.000000000000000000e+00 0.000000000000000000e+00 1.000000000000000000e+00
6.025246381759643555e-01 -7.249472737312316895e-01 3.337891399860382080e-01 1.220514563884843140e+00
-3.481955826282501221e-02 -4.417090117931365967e-01 -8.964823484420776367e-01 -3.246786320767176548e+00
7.973402738571166992e-01 5.285305380821228027e-01 -2.913829386234283447e-01 -9.061546197979857276e-01
0.000000000000000000e+00 0.000000000000000000e+00 0.000000000000000000e+00 1.000000000000000000e+00
5.984528064727783203e-01 -7.698194980621337891e-01 2.218830734491348267e-01 8.891095190738779186e-01
-1.158320978283882141e-01 -3.571833372116088867e-01 -9.268240928649902344e-01 -3.389596463159280315e+00
7.927402853965759277e-01 5.289592146873474121e-01 -3.029271960258483887e-01 -8.890572830049429109e-01
0.000000000000000000e+00 0.000000000000000000e+00 0.000000000000000000e+00 1.000000000000000000e+00
5.816345810890197754e-01 -8.076335191726684570e-01 9.710375219583511353e-02 4.438024855875377095e-01
-1.903863549232482910e-01 -2.512141168117523193e-01 -9.490228295326232910e-01 -3.594486334664840577e+00
7.908568382263183594e-01 5.334975123405456543e-01 -2.998772263526916504e-01 -8.241122738125451486e-01
0.000000000000000000e+00 0.000000000000000000e+00 0.000000000000000000e+00 1.000000000000000000e+00
5.921063423156738281e-01 -8.056668043136596680e-01 -1.765358820557594299e-02 -4.924883658822019894e-02
-2.154078185558319092e-01 -1.371237039566040039e-01 -9.668483734130859375e-01 -3.777653548909927661e+00
7.765371799468994141e-01 5.762795209884643555e-01 -2.547386884689331055e-01 -6.479177123152612960e-01
0.000000000000000000e+00 0.000000000000000000e+00 0.000000000000000000e+00 1.000000000000000000e+00
6.080628037452697754e-01 -7.828699946403503418e-01 -1.318137198686599731e-01 -5.958901718807023684e-01
-2.459613233804702759e-01 -2.790822461247444153e-02 -9.688774347305297852e-01 -3.866453273419288461e+00
7.548263669013977051e-01 6.215594410896301270e-01 -2.095257043838500977e-01 -4.909142526488838865e-01
0.000000000000000000e+00 0.000000000000000000e+00 0.000000000000000000e+00 1.000000000000000000e+00
6.286651492118835449e-01 -7.404671907424926758e-01 -2.376741170883178711e-01 -1.146509256485926276e+00
-2.386255860328674316e-01 1.072050780057907104e-01 -9.651758074760437012e-01 -3.943461129104853580e+00
7.401610016822814941e-01 6.634875535964965820e-01 -1.092983484268188477e-01 -1.323526621092046829e-01
0.000000000000000000e+00 0.000000000000000000e+00 0.000000000000000000e+00 1.000000000000000000e+00
5.908724069595336914e-01 -8.005931973457336426e-01 -9.960115700960159302e-02 -4.422171135829786048e-01
-3.090560138225555420e-01 -1.105805635452270508e-01 -9.445930123329162598e-01 -3.625061623557769508e+00
7.452209591865539551e-01 5.889160633087158203e-01 -3.127670586109161377e-01 -1.080857588856009688e+00
0.000000000000000000e+00 0.000000000000000000e+00 0.000000000000000000e+00 1.000000000000000000e+00
5.676947832107543945e-01 -8.230652809143066406e-01 -1.692677848041057587e-02 -5.991271064087095449e-02
-3.862235844135284424e-01 -2.481202334165573120e-01 -8.884073495864868164e-01 -3.266425679086845779e+00
7.270172834396362305e-01 5.108817219734191895e-01 -4.587437212467193604e-01 -1.625757918664015422e+00
0.000000000000000000e+00 0.000000000000000000e+00 0.000000000000000000e+00 1.000000000000000000e+00
5.612131953239440918e-01 -8.218017220497131348e-01 9.839539229869842529e-02 4.152830159303362301e-01
-4.527284801006317139e-01 -4.043223261833190918e-01 -7.947075366973876953e-01 -2.724240185412841964e+00
6.928755640983581543e-01 4.014539718627929688e-01 -5.989640951156616211e-01 -2.103729889085622418e+00
0.000000000000000000e+00 0.000000000000000000e+00 0.000000000000000000e+00 1.000000000000000000e+00
5.584139227867126465e-01 -8.090186715126037598e-01 1.834740042686462402e-01 7.396377803067752943e-01
-5.166123509407043457e-01 -5.121890306472778320e-01 -6.861297488212585449e-01 -2.169772354821549953e+00
6.490651965141296387e-01 2.883594036102294922e-01 -7.039624452590942383e-01 -2.407859788935314604e+00
0.000000000000000000e+00 0.000000000000000000e+00 0.000000000000000000e+00 1.000000000000000000e+00
5.771958231925964355e-01 -7.885162830352783203e-01 2.123372554779052734e-01 8.276242245915308438e-01
-5.707662105560302734e-01 -5.755154490470886230e-01 -5.856688022613525391e-01 -1.718327625041467410e+00
5.840127468109130859e-01 2.168506234884262085e-01 -7.822436094284057617e-01 -2.621773916224168666e+00
0.000000000000000000e+00 0.000000000000000000e+00 0.000000000000000000e+00 1.000000000000000000e+00
5.754985809326171875e-01 -7.953621149063110352e-01 1.902642697095870972e-01 6.927271460095802968e-01
-6.677577495574951172e-01 -5.913278460502624512e-01 -4.521401822566986084e-01 -1.233481065729342241e+00
4.721237719058990479e-01 1.331554949283599854e-01 -8.714175820350646973e-01 -2.872255892206817762e+00
0.000000000000000000e+00 0.000000000000000000e+00 0.000000000000000000e+00 1.000000000000000000e+00
5.690686702728271484e-01 -7.934752702713012695e-01 2.157722264528274536e-01 7.207496992670443525e-01
-7.142308950424194336e-01 -6.069958806037902832e-01 -3.484681844711303711e-01 -8.349830809156548739e-01
4.074738025665283203e-01 4.419107362627983093e-02 -9.121470451354980469e-01 -2.958998111000355813e+00
0.000000000000000000e+00 0.000000000000000000e+00 0.000000000000000000e+00 1.000000000000000000e+00
5.623962879180908203e-01 -7.825521230697631836e-01 2.670624852180480957e-01 8.379596690462816078e-01
-7.550005912780761719e-01 -6.176956892013549805e-01 -2.200589478015899658e-01 -3.319059693914009901e-01
3.371709585189819336e-01 -7.787210494279861450e-02 -9.382172822952270508e-01 -2.987639304838527465e+00
0.000000000000000000e+00 0.000000000000000000e+00 0.000000000000000000e+00 1.000000000000000000e+00
5.532099604606628418e-01 -7.873669862747192383e-01 2.720510661602020264e-01 8.353104072265593594e-01
-7.845077514648437500e-01 -6.022565960884094238e-01 -1.477642357349395752e-01 -7.211094030978935920e-02
2.801892459392547607e-01 -1.316815912723541260e-01 -9.508700966835021973e-01 -3.000511116151351132e+00
0.000000000000000000e+00 0.000000000000000000e+00 0.000000000000000000e+00 1.000000000000000000e+00
5.322666764259338379e-01 -7.973331809043884277e-01 2.845204472541809082e-01 8.356212155875850645e-01
-8.292933106422424316e-01 -5.586354136466979980e-01 -1.410551927983760834e-02 3.964598088255390507e-01
1.701899617910385132e-01 -2.284430414438247681e-01 -9.585661888122558594e-01 -2.996848279794571912e+00
0.000000000000000000e+00 0.000000000000000000e+00 0.000000000000000000e+00 1.000000000000000000e+00
5.259884595870971680e-01 -8.011136054992675781e-01 2.855746746063232422e-01 7.997958149544074358e-01
-8.490989208221435547e-01 -5.138468742370605469e-01 1.224426999688148499e-01 8.759225036451805391e-01
4.865106940269470215e-02 -3.068846464157104492e-01 -9.505024552345275879e-01 -2.942272593465891095e+00
0.000000000000000000e+00 0.000000000000000000e+00 0.000000000000000000e+00 1.000000000000000000e+00
5.376369953155517578e-01 -7.849628329277038574e-01 3.078631758689880371e-01 8.339040812368053723e-01
-8.418267369270324707e-01 -4.790668785572052002e-01 2.486411929130554199e-01 1.299942090940252593e+00
-4.768710583448410034e-02 -3.928461670875549316e-01 -9.183669090270996094e-01 -2.783116689174817360e+00
0.000000000000000000e+00 0.000000000000000000e+00 0.000000000000000000e+00 1.000000000000000000e+00
5.053813457489013672e-01 -7.993956208229064941e-01 3.248942196369171143e-01 8.741914121776274138e-01
-8.445904850959777832e-01 -3.811154067516326904e-01 3.760556578636169434e-01 1.737059180266735892e+00
-1.767950952053070068e-01 -4.644541144371032715e-01 -8.677706122398376465e-01 -2.530979383376632086e+00
0.000000000000000000e+00 0.000000000000000000e+00 0.000000000000000000e+00 1.000000000000000000e+00
4.932133555412292480e-01 -7.967835068702697754e-01 3.491080701351165771e-01 9.537771022906587071e-01
-8.260067105293273926e-01 -3.030756711959838867e-01 4.752450287342071533e-01 2.075926403474237514e+00
-2.728613317012786865e-01 -5.227628350257873535e-01 -8.076296448707580566e-01 -2.275320707140219945e+00
0.000000000000000000e+00 0.000000000000000000e+00 0.000000000000000000e+00 1.000000000000000000e+00
4.737364351749420166e-01 -8.068617582321166992e-01 3.529121577739715576e-01 1.015387295504742715e+00
-8.057073354721069336e-01 -2.353091686964035034e-01 5.435662865638732910e-01 2.300594916714366445e+00
-3.555396199226379395e-01 -5.418513417243957520e-01 -7.615699768066406250e-01 -2.062780366695759149e+00
0.000000000000000000e+00 0.000000000000000000e+00 0.000000000000000000e+00 1.000000000000000000e+00
4.377857744693756104e-01 -8.327457308769226074e-01 3.389366269111633301e-01 1.040426366269552538e+00
-7.874245047569274902e-01 -1.731785535812377930e-01 5.915843844413757324e-01 2.441025138078380508e+00
-4.339430332183837891e-01 -5.258745551109313965e-01 -7.315399646759033203e-01 -1.876683438911632917e+00
0.000000000000000000e+00 0.000000000000000000e+00 0.000000000000000000e+00 1.000000000000000000e+00
3.963192999362945557e-01 -8.588192462921142578e-01 3.245924115180969238e-01 1.091782066073442747e+00
-7.774067521095275879e-01 -1.258241087198257446e-01 6.162841320037841797e-01 2.476101741549406210e+00
-4.884350597858428955e-01 -4.965858459472656250e-01 -7.175188064575195312e-01 -1.735079427401543084e+00
0.000000000000000000e+00 0.000000000000000000e+00 0.000000000000000000e+00 1.000000000000000000e+00
2.862979173660278320e-01 -9.214829206466674805e-01 2.624934017658233643e-01 1.021439675746623754e+00
-7.717613577842712402e-01 -5.942765623331069946e-02 6.331291794776916504e-01 2.456358813510965522e+00
-5.678181052207946777e-01 -3.838460445404052734e-01 -7.281792163848876953e-01 -1.686098986004303857e+00
0.000000000000000000e+00 0.000000000000000000e+00 0.000000000000000000e+00 1.000000000000000000e+00
1.047530099749565125e-01 -9.700358510017395020e-01 2.192217558622360229e-01 1.029855509034490968e+00
-7.839186191558837891e-01 5.510287359356880188e-02 6.184135675430297852e-01 2.241000265623154686e+00
-6.119626164436340332e-01 -2.366326749324798584e-01 -7.546567320823669434e-01 -1.742804498283466730e+00
0.000000000000000000e+00 0.000000000000000000e+00 0.000000000000000000e+00 1.000000000000000000e+00
-6.284486502408981323e-02 -9.757939577102661133e-01 2.094685733318328857e-01 1.023867909469197812e+00
-7.883491516113281250e-01 1.772413402795791626e-01 5.891446471214294434e-01 2.017768633423911329e+00
-6.120101809501647949e-01 -1.281095445156097412e-01 -7.804047465324401855e-01 -1.836732709556817777e+00
0.000000000000000000e+00 0.000000000000000000e+00 0.000000000000000000e+00 1.000000000000000000e+00
-1.783817708492279053e-01 -9.560872316360473633e-01 2.325436025857925415e-01 1.079947936042562118e+00
-7.503492236137390137e-01 2.850598096847534180e-01 5.964199304580688477e-01 2.071079459681389956e+00
-6.365186572074890137e-01 -6.809832155704498291e-02 -7.682490944862365723e-01 -1.769016565556660758e+00
0.000000000000000000e+00 0.000000000000000000e+00 0.000000000000000000e+00 1.000000000000000000e+00
-2.253470122814178467e-01 -9.532232880592346191e-01 2.014542669057846069e-01 1.068435130072122652e+00
-7.051211595535278320e-01 3.022562265396118164e-01 6.414402127265930176e-01 2.265592518367517627e+00
-6.723267436027526855e-01 2.497036242857575417e-03 -7.402505278587341309e-01 -1.633900046152945595e+00
0.000000000000000000e+00 0.000000000000000000e+00 0.000000000000000000e+00 1.000000000000000000e+00
-3.285977840423583984e-01 -9.310424923896789551e-01 1.586903184652328491e-01 1.091358957979036592e+00
-6.924111247062683105e-01 3.517479300498962402e-01 6.299525499343872070e-01 2.191406243085492811e+00
-6.423317790031433105e-01 9.712229669094085693e-02 -7.602480053901672363e-01 -1.597297674219559704e+00
0.000000000000000000e+00 0.000000000000000000e+00 0.000000000000000000e+00 1.000000000000000000e+00
2.440290004014968872e-01 -9.086860418319702148e-01 3.387320041656494141e-01 1.008311420254658142e+00
-7.323923707008361816e-01 5.626046285033226013e-02 6.785544753074645996e-01 2.455311806986144596e+00
-6.356502175331115723e-01 -4.136717915534973145e-01 -6.517858505249023438e-01 -1.343226174161905373e+00
0.000000000000000000e+00 0.000000000000000000e+00 0.000000000000000000e+00 1.000000000000000000e+00
5.484288334846496582e-01 -7.561963796615600586e-01 3.569217324256896973e-01 8.693104411687470057e-01
-7.664011120796203613e-01 -2.838429808616638184e-01 5.762488245964050293e-01 2.329776379411186316e+00
-3.344475328922271729e-01 -5.895764827728271484e-01 -7.352172136306762695e-01 -2.109598839816001270e+00
0.000000000000000000e+00 0.000000000000000000e+00 0.000000000000000000e+00 1.000000000000000000e+00
5.994953513145446777e-01 -7.187736034393310547e-01 3.520932197570800781e-01 8.306564165975151015e-01
-7.703896760940551758e-01 -3.989118337631225586e-01 4.973618686199188232e-01 2.095956628357086071e+00
-2.170365452766418457e-01 -5.694151520729064941e-01 -7.928817272186279297e-01 -2.503780824452611853e+00
0.000000000000000000e+00 0.000000000000000000e+00 0.000000000000000000e+00 1.000000000000000000e+00
6.042495369911193848e-01 -7.346360087394714355e-01 3.085322380065917969e-01 6.750500568827253467e-01
-7.709787487983703613e-01 -4.412930905818939209e-01 4.591861069202423096e-01 1.980089890371109940e+00
-2.011816352605819702e-01 -5.153348445892333984e-01 -8.330401182174682617e-01 -2.722818676679305661e+00
0.000000000000000000e+00 0.000000000000000000e+00 0.000000000000000000e+00 1.000000000000000000e+00
6.300720572471618652e-01 -7.386279702186584473e-01 2.396619766950607300e-01 4.082580326972342077e-01
-7.583314776420593262e-01 -5.188264846801757812e-01 3.946546316146850586e-01 1.744461637426969247e+00
-1.671600490808486938e-01 -4.304040670394897461e-01 -8.870230317115783691e-01 -2.998967689250350066e+00
0.000000000000000000e+00 0.000000000000000000e+00 0.000000000000000000e+00 1.000000000000000000e+00
6.473439931869506836e-01 -7.442067861557006836e-01 1.646265834569931030e-01 1.063524512856958287e-01
-7.408847808837890625e-01 -5.636688470840454102e-01 3.651945888996124268e-01 1.649148726790963693e+00
-1.789855062961578369e-01 -3.583756983280181885e-01 -9.162592887878417969e-01 -3.166726030891560129e+00
0.000000000000000000e+00 0.000000000000000000e+00 0.000000000000000000e+00 1.000000000000000000e+00
6.542748808860778809e-01 -7.505986690521240234e-01 9.233312308788299561e-02 -1.861664330777919596e-01
-7.310190796852111816e-01 -5.964312553405761719e-01 3.314826488494873047e-01 1.526550453108404426e+00
-1.937402337789535522e-01 -2.843778729438781738e-01 -9.389322400093078613e-01 -3.303527740728962492e+00
0.000000000000000000e+00 0.000000000000000000e+00 0.000000000000000000e+00 1.000000000000000000e+00
6.692936420440673828e-01 -7.424401640892028809e-01 2.877228893339633942e-02 -4.624119686845065691e-01
-7.191251516342163086e-01 -6.375661492347717285e-01 2.763474285602569580e-01 1.310829510409605048e+00
-1.868274658918380737e-01 -2.056485414505004883e-01 -9.606271386146545410e-01 -3.430570087871102292e+00
0.000000000000000000e+00 0.000000000000000000e+00 0.000000000000000000e+00 1.000000000000000000e+00
7.137519121170043945e-01 -6.992999911308288574e-01 -3.921058773994445801e-02 -8.056774327748909004e-01
-6.788721680641174316e-01 -7.045028805732727051e-01 2.069009691476821899e-01 1.031721022886081585e+00
-1.723099797964096069e-01 -1.210569515824317932e-01 -9.775757789611816406e-01 -3.557531483968684682e+00
0.000000000000000000e+00 0.000000000000000000e+00 0.000000000000000000e+00 1.000000000000000000e+00
7.528293728828430176e-01 -6.533554792404174805e-01 -7.983490079641342163e-02 -1.024407105565412701e+00
-6.392986178398132324e-01 -7.546650171279907227e-01 1.475749760866165161e-01 7.721603773358992617e-01
-1.566675901412963867e-01 -6.006042286753654480e-02 -9.858235120773315430e-01 -3.634101648467258361e+00
0.000000000000000000e+00 0.000000000000000000e+00 0.000000000000000000e+00 1.000000000000000000e+00
7.756834626197814941e-01 -6.142532825469970703e-01 -1.449400931596755981e-01 -1.348115352837222281e+00
-6.124043464660644531e-01 -7.880766391754150391e-01 6.241691112518310547e-02 4.049963494460835922e-01
-1.525637656450271606e-01 4.034630581736564636e-02 -9.874694347381591797e-01 -3.673058941841444547e+00
0.000000000000000000e+00 0.000000000000000000e+00 0.000000000000000000e+00 1.000000000000000000e+00
7.977968454360961914e-01 -5.718398690223693848e-01 -1.911003440618515015e-01 -1.593930143964202184e+00
-5.848460793495178223e-01 -8.110101819038391113e-01 -1.475904975086450577e-02 5.938390339196377571e-02
-1.465444713830947876e-01 1.235389858484268188e-01 -9.814593791961669922e-01 -3.693445510047881797e+00
0.000000000000000000e+00 0.000000000000000000e+00 0.000000000000000000e+00 1.000000000000000000e+00
8.308227658271789551e-01 -5.130073428153991699e-01 -2.157702296972274780e-01 -1.754438307677280484e+00
-5.420193672180175781e-01 -8.338381648063659668e-01 -1.045401617884635925e-01 -3.560246188432215630e-01
-1.262875795364379883e-01 2.038059979677200317e-01 -9.708321690559387207e-01 -3.691798711837532387e+00
0.000000000000000000e+00 0.000000000000000000e+00 0.000000000000000000e+00 1.000000000000000000e+00
8.471593856811523438e-01 -4.921294152736663818e-01 -2.003237605094909668e-01 -1.748615586342445072e+00
-5.274690389633178711e-01 -8.243508934974670410e-01 -2.054813206195831299e-01 -8.161844329233113315e-01
-6.401355564594268799e-02 2.797399759292602539e-01 -9.579390287399291992e-01 -3.695636346895915914e+00
0.000000000000000000e+00 0.000000000000000000e+00 0.000000000000000000e+00 1.000000000000000000e+00
8.565234541893005371e-01 -4.887310862541198730e-01 -1.658584475517272949e-01 -1.650602422665023550e+00
-5.160797238349914551e-01 -8.076917529106140137e-01 -2.851243615150451660e-01 -1.202318484944529642e+00
5.386823322623968124e-03 3.298118710517883301e-01 -9.440313577651977539e-01 -3.693767726950726527e+00
0.000000000000000000e+00 0.000000000000000000e+00 0.000000000000000000e+00 1.000000000000000000e+00
8.648495078086853027e-01 -4.879957139492034912e-01 -1.178763136267662048e-01 -1.495803986120419760e+00
-4.946350157260894775e-01 -7.881332635879516602e-01 -3.663081526756286621e-01 -1.588402091369966795e+00
8.585464954376220703e-02 3.751073777675628662e-01 -9.229971170425415039e-01 -3.677446567820200407e+00
0.000000000000000000e+00 0.000000000000000000e+00 0.000000000000000000e+00 1.000000000000000000e+00
8.754291534423828125e-01 -4.781167209148406982e-01 -7.090938836336135864e-02 -1.346618651355321994e+00
-4.559094905853271484e-01 -7.680773138999938965e-01 -4.496698975563049316e-01 -2.007275831076541728e+00
1.605310738086700439e-01 4.259825944900512695e-01 -8.903753757476806641e-01 -3.625116876159128587e+00
0.000000000000000000e+00 0.000000000000000000e+00 0.000000000000000000e+00 1.000000000000000000e+00
8.959227204322814941e-01 -4.436734616756439209e-01 -2.181895636022090912e-02 -1.173438772232448413e+00
-3.828268945217132568e-01 -7.462746500968933105e-01 -5.445337295532226562e-01 -2.503929735147451652e+00
2.253124266862869263e-01 4.962134361267089844e-01 -8.384549617767333984e-01 -3.546205083651091883e+00
0.000000000000000000e+00 0.000000000000000000e+00 0.000000000000000000e+00 1.000000000000000000e+00
9.288918972015380859e-01 -3.703441917896270752e-01 -2.100045792758464813e-03 -1.104908355960571464e+00
-2.927034795284271240e-01 -7.306571602821350098e-01 -6.168176531791687012e-01 -2.866857275436430985e+00
2.269006371498107910e-01 5.735718011856079102e-01 -7.871028780937194824e-01 -3.460333088586540651e+00
0.000000000000000000e+00 0.000000000000000000e+00 0.000000000000000000e+00 1.000000000000000000e+00
9.479002356529235840e-01 -3.123036623001098633e-01 6.285735964775085449e-02 -8.303260337953672909e-01
-1.908083856105804443e-01 -7.145965099334716797e-01 -6.730113625526428223e-01 -3.173406381379954233e+00
2.551015615463256836e-01 6.259538531303405762e-01 -7.369564175605773926e-01 -3.379667753598615487e+00
0.000000000000000000e+00 0.000000000000000000e+00 0.000000000000000000e+00 1.000000000000000000e+00
9.287151694297790527e-01 -3.347758352756500244e-01 1.594147831201553345e-01 -3.713296553695939473e-01
-1.219740286469459534e-01 -6.818297505378723145e-01 -7.212700247764587402e-01 -3.410512387706105208e+00
3.501575887203216553e-01 6.504098773002624512e-01 -6.740596890449523926e-01 -3.260019133602100272e+00
0.000000000000000000e+00 0.000000000000000000e+00 0.000000000000000000e+00 1.000000000000000000e+00
8.819975852966308594e-01 -3.998613357543945312e-01 2.493813037872314453e-01 1.050505134535827667e-01
-8.237124979496002197e-02 -6.518508791923522949e-01 -7.538601756095886230e-01 -3.582501215063107480e+00
4.639989733695983887e-01 6.443609595298767090e-01 -6.078681349754333496e-01 -3.069910764105100665e+00
0.000000000000000000e+00 0.000000000000000000e+00 0.000000000000000000e+00 1.000000000000000000e+00
9.463932514190673828e-01 -2.422350347042083740e-01 2.136859446763992310e-01 -1.656582026448893408e-01
-2.078721299767494202e-02 -7.058346271514892578e-01 -7.080712318420410156e-01 -3.337816365599735047e+00
3.223467469215393066e-01 6.656723022460937500e-01 -6.730327606201171875e-01 -3.140862172155614473e+00
0.000000000000000000e+00 0.000000000000000000e+00 0.000000000000000000e+00 1.000000000000000000e+00
9.278811216354370117e-01 -2.550787925720214844e-01 2.719772160053253174e-01 6.221071969025217946e-02
-1.560272299684584141e-03 -7.320529222488403320e-01 -6.812456250190734863e-01 -3.162664495222323513e+00
3.728729486465454102e-01 6.316906213760375977e-01 -6.796560287475585938e-01 -3.217375988378074592e+00
0.000000000000000000e+00 0.000000000000000000e+00 0.000000000000000000e+00 1.000000000000000000e+00
9.065213203430175781e-01 -3.299504816532135010e-01 2.633483707904815674e-01 -1.559966130745726182e-03
-5.020334199070930481e-02 -7.036409974098205566e-01 -7.087799906730651855e-01 -3.254514566199866898e+00
4.191647469997406006e-01 6.293026804924011230e-01 -6.544298529624938965e-01 -3.123050363030587473e+00
0.000000000000000000e+00 0.000000000000000000e+00 0.000000000000000000e+00 1.000000000000000000e+00
8.190233111381530762e-01 -4.273101687431335449e-01 3.828925788402557373e-01 6.206079993003901230e-01
2.872649021446704865e-02 -6.359627842903137207e-01 -7.711847424507141113e-01 -3.638972901837342899e+00
5.730406045913696289e-01 6.426174640655517578e-01 -5.085931420326232910e-01 -2.565467901318082777e+00
0.000000000000000000e+00 0.000000000000000000e+00 0.000000000000000000e+00 1.000000000000000000e+00
7.121140360832214355e-01 -5.292780399322509766e-01 4.612573981285095215e-01 1.127388720317835880e+00
7.345718145370483398e-02 -5.972247123718261719e-01 -7.987033128738403320e-01 -3.804025732587429154e+00
6.982103586196899414e-01 6.026504039764404297e-01 -3.864127695560455322e-01 -2.072397668244201352e+00
0.000000000000000000e+00 0.000000000000000000e+00 0.000000000000000000e+00 1.000000000000000000e+00
6.040498018264770508e-01 -5.991069674491882324e-01 5.255424380302429199e-01 1.568018251658514162e+00
1.314340531826019287e-01 -5.755244493484497070e-01 -8.071534633636474609e-01 -3.891965947476641041e+00
7.860336303710937500e-01 5.566348433494567871e-01 -2.689023017883300781e-01 -1.531265133377706533e+00
0.000000000000000000e+00 0.000000000000000000e+00 0.000000000000000000e+00 1.000000000000000000e+00
4.384424686431884766e-01 -6.641470193862915039e-01 6.055384278297424316e-01 2.122754133380189145e+00
2.546081244945526123e-01 -5.543659925460815430e-01 -7.923716306686401367e-01 -3.896102387125962796e+00
8.619413375854492188e-01 5.015844702720642090e-01 -7.396043092012405396e-02 -6.191369870504118689e-01
0.000000000000000000e+00 0.000000000000000000e+00 0.000000000000000000e+00 1.000000000000000000e+00
3.603561818599700928e-01 -6.832630038261413574e-01 6.350551843643188477e-01 2.337567253764355701e+00
3.298825025558471680e-01 -5.434576272964477539e-01 -7.719008922576904297e-01 -3.845331399891458446e+00
8.725368380546569824e-01 4.876528084278106689e-01 2.955812402069568634e-02 -1.060213755740053859e-01
0.000000000000000000e+00 0.000000000000000000e+00 0.000000000000000000e+00 1.000000000000000000e+00
3.067405223846435547e-01 -6.937661767005920410e-01 6.516122221946716309e-01 2.486548921256812150e+00
3.815642297267913818e-01 -5.375614762306213379e-01 -7.519549131393432617e-01 -3.771558014618558552e+00
8.719624876976013184e-01 4.792869985103607178e-01 9.982448071241378784e-02 2.817797124187017554e-01
0.000000000000000000e+00 0.000000000000000000e+00 0.000000000000000000e+00 1.000000000000000000e+00
5.239295363426208496e-01 -4.702942073345184326e-01 7.101557850837707520e-01 2.800660600764875774e+00
