0.2225224822759628 0.1436120420694351 -0.9642922282218933 0.3903406858444214 
-0.09032049775123596 0.9878740906715393 0.1262815147638321 -0.01916414499282837 
0.9707348346710205 0.05899485945701599 0.2327953279018402 -0.08716524392366409 
0 0 0 1 

0.1982853412628174 0.1582858115434647 -0.9672788977622986 0.3900659084320068 
-0.0768587663769722 0.9863461256027222 0.1456504762172699 -0.02241775207221508 
0.9771261811256409 0.04546352475881577 0.2077436298131943 -0.07043588161468506 
0 0 0 1 

0.1911206692457199 0.1545739620923996 -0.969319224357605 0.3880601823329926 
-0.07718079537153244 0.9868317246437073 0.14214888215065 -0.0172270517796278 
0.9785274267196655 0.04764524102210999 0.2005340754985809 -0.05914544686675072 
0 0 0 1 

0.2105290591716766 0.149274617433548 -0.9661234617233276 0.3836712241172791 
-0.08451217412948608 0.9873523116111755 0.1341385096311569 -0.01244839187711477 
0.9739276766777039 0.0534091517329216 0.2204818576574326 -0.0568157434463501 
0 0 0 1 

0.4273986220359802 0.2777043879032135 -0.8603548407554626 0.4034635722637177 
-0.2967277467250824 0.9420245289802551 0.1566601246595383 -0.003548480570316315 
0.8539806008338928 0.1883349120616913 0.485022634267807 -0.05717895925045013 
0 0 0 1 

0.4468035697937012 0.3040015399456024 -0.8413973450660706 0.4082675576210022 
-0.328631192445755 0.9305150508880615 0.1616886854171753 -0.004429591353982687 
0.8320865035057068 0.2042663991451263 0.5156618356704712 -0.07043781876564026 
0 0 0 1 

0.4306567907333374 0.3072808682918549 -0.8485947847366333 0.3990002572536469 
-0.2617354691028595 0.9423696994781494 0.2084080576896667 -0.02374652959406376 
0.8637298345565796 0.1323550492525101 0.4862642288208008 -0.06602199375629425 
0 0 0 1 

0.4367322623729706 0.3030455112457275 -0.8470113277435303 0.3924589157104492 
-0.2278078198432922 0.9481175541877747 0.2217582315206528 -0.03011537902057171 
0.8702691197395325 0.0961068719625473 0.4831096827983856 -0.06817250698804855 
0 0 0 1 

0.4177537560462952 0.3096011877059937 -0.8541831374168396 0.3698125779628754 
-0.1242723762989044 0.9507853388786316 0.2838372886180878 -0.05924337357282639 
0.9000211954116821 -0.01242269389331341 0.4356690049171448 -0.05895424261689186 
0 0 0 1 

0.4706116914749146 0.3395070731639862 -0.8144074678421021 0.3445916175842285 
-0.1030862480401993 0.9378434419631958 0.3313953578472137 -0.08418913930654526 
0.8762977719306946 -0.07200430333614349 0.476358562707901 -0.07841493189334869 
0 0 0 1 

