0.9003459811210632 0.4350152015686035 -0.01177982240915298 -0.02528693154454231 
-0.4002114236354828 0.8383367657661438 0.3701648414134979 -0.09151633828878403 
0.1709029227495193 -0.3285619616508484 0.9288913011550903 -0.2533921003341675 
0 0 0 1 

0.9060049653053284 0.4232278764247894 -0.005736863240599632 -0.02828558348119259 
-0.3743292391300201 0.8075069189071655 0.4558615982532501 -0.1199688017368317 
0.1975660771131516 -0.4108654260635376 0.8900320529937744 -0.2437914609909058 
0 0 0 1 

0.9141571521759033 0.4052104353904724 -0.01100274082273245 -0.02978276275098324 
-0.3335052728652954 0.7672643065452576 0.5477949976921082 -0.1506216377019882 
0.2304143905639648 -0.4971012473106384 0.8365401029586792 -0.2310227006673813 
0 0 0 1 

0.9104597568511963 0.413417249917984 0.0122132133692503 -0.03770086541771889 
-0.3283419907093048 0.7045136094093323 0.6291674971580505 -0.1753100752830505 
0.251504510641098 -0.5768417716026306 0.7771735787391663 -0.2164045423269272 
0 0 0 1 

0.9146501421928406 0.4029497802257538 0.03235046193003654 -0.04555146396160126 
-0.2993183732032776 0.6212795376777649 0.7241685390472412 -0.2053181380033493 
0.2717049121856689 -0.6720439195632935 0.6888636946678162 -0.1921570599079132 
0 0 0 1 

0.924099326133728 0.3782559037208557 0.0544317439198494 -0.05358945578336716 
-0.2698515057563782 0.545032262802124 0.7938008904457092 -0.2282073497772217 
0.2705928981304169 -0.7482393980026245 0.6057369112968445 -0.1670649945735931 
0 0 0 1 

0.9318442344665527 0.359483003616333 0.04937896877527237 -0.05408373102545738 
-0.2281579673290253 0.47465780377388 0.8500845432281494 -0.2477895468473434 
0.2821528613567352 -0.8034126758575439 0.5243260860443115 -0.144231453537941 
0 0 0 1 

0.9411991834640503 0.3330825865268707 0.05656920373439789 -0.05913852155208588 
-0.1981114596128464 0.4084837734699249 0.8910065889358521 -0.2613186538219452 
0.2736712098121643 -0.8498216867446899 0.4504520893096924 -0.1235451325774193 
0 0 0 1 

0.9539604187011719 0.2952229678630829 0.05294283851981163 -0.0611540824174881 
-0.1577666848897934 0.3437877297401428 0.9256993532180786 -0.274782657623291 
0.2550866901874542 -0.8914331793785095 0.3745362162590027 -0.1001945361495018 
0 0 0 1 

0.9544925689697266 0.2938322722911835 0.05105821788311005 -0.06111587211489677 
-0.1539458632469177 0.3387955129146576 0.9281800389289856 -0.2760741114616394 
0.255431056022644 -0.8938007354736328 0.368611603975296 -0.09832760691642761 
0 0 0 1 

