0.6811046004295349 0.4145168960094452 -0.603549599647522 0.1565533578395844 
-0.2913884818553925 0.9096787571907043 0.2959344983100891 -0.05196930095553398 
0.6717061400413513 -0.02569485455751419 0.7403718829154968 -0.2530602216720581 
0 0 0 1 

0.6671134233474731 0.4520890414714813 -0.5920937657356262 0.1530659049749374 
-0.2326660454273224 0.8814877867698669 0.4109083712100983 -0.09182833880186081 
0.7076905965805054 -0.1363623291254044 0.6932381391525269 -0.2401007115840912 
0 0 0 1 

0.6659055948257446 0.4822109043598175 -0.5692470669746399 0.1458625048398972 
-0.1544439345598221 0.835604190826416 0.527174174785614 -0.1345300674438477 
0.7298744320869446 -0.2631314098834991 0.6309080719947815 -0.2220128625631332 
0 0 0 1 

0.6453867554664612 0.5194193720817566 -0.560070812702179 0.1440263241529465 
-0.09076283872127533 0.7801672220230103 0.618951678276062 -0.169284924864769 
0.7584444284439087 -0.3486295640468597 0.5506535768508911 -0.1984153687953949 
0 0 0 1 

0.6550416946411133 0.5374109745025635 -0.5311399698257446 0.1343543976545334 
-0.03259094059467316 0.7223861813545227 0.6907212734222412 -0.1975102573633194 
0.7548894286155701 -0.4351408183574677 0.4907078146934509 -0.1805528551340103 
0 0 0 1 

0.6728125810623169 0.5407243371009827 -0.5049161314964294 0.1251579225063324 
0.02522498928010464 0.6653279066085815 0.7461249232292175 -0.2203403264284134 
0.7393827438354492 -0.5147386193275452 0.4340012073516846 -0.1638118177652359 
0 0 0 1 

0.7153277993202209 0.5255755186080933 -0.460517555475235 0.1084184870123863 
0.07264275103807449 0.5995222926139832 0.7970545887947083 -0.2414192706346512 
0.6950029134750366 -0.6036085486412048 0.3906757533550262 -0.1510534435510635 
0 0 0 1 

0.7691964507102966 0.5012593269348145 -0.3963278830051422 0.08429984003305435 
0.1161210760474205 0.5002472400665283 0.858060896396637 -0.2681128978729248 
0.6283729672431946 -0.7060393691062927 0.3265816569328308 -0.130402147769928 
0 0 0 1 

0.8069294691085815 0.4892726242542267 -0.3308732509613037 0.0626833587884903 
0.1370070725679398 0.3898578286170959 0.9106261134147644 -0.2899079322814941 
0.574537992477417 -0.7801429629325867 0.2475539594888687 -0.1037444248795509 
0 0 0 1 

0.8264060020446777 0.4699274003505707 -0.310195654630661 0.05535257607698441 
0.1530940234661102 0.3426218032836914 0.9269155263900757 -0.297344833612442 
0.5418628454208374 -0.8134976625442505 0.2112016826868057 -0.09230256825685501 
0 0 0 1 

