0.4887094795703888 0.8105431795120239 -0.3227733373641968 0.07931414246559143 
-0.8248745203018188 0.3087792992591858 -0.4735368192195892 0.1548167616128922 
-0.2841564416885376 0.4976694285869598 0.8194999694824219 -0.1707285046577454 
0 0 0 1 

0.4702885448932648 0.8143441677093506 -0.3401059508323669 0.08710820227861404 
-0.8066133260726929 0.2402808219194412 -0.5400368571281433 0.1713836044073105 
-0.358055055141449 0.5283071398735046 0.7698624134063721 -0.1544564366340637 
0 0 0 1 

0.09852474182844162 0.9734027981758118 -0.2068323045969009 0.08885970711708069 
-0.7855731844902039 -0.05150869861245155 -0.6166208982467651 0.1671760231256485 
-0.6108742952346802 0.2232343405485153 0.7596045136451721 -0.1297919005155563 
0 0 0 1 

-0.07267113029956818 0.9786283373832703 -0.1923682689666748 0.08738311380147934 
-0.7892109751701355 -0.1743554919958115 -0.5888515710830688 0.1508269309997559 
-0.6098073124885559 0.1090266481041908 0.785014808177948 -0.1367204934358597 
0 0 0 1 

-0.185129389166832 0.958457887172699 -0.2169922888278961 0.09161610156297684 
-0.7508458495140076 -0.2804130911827087 -0.5979958176612854 0.1552036106586456 
-0.6340013146400452 0.05222116410732269 0.7715668082237244 -0.1313672363758087 
0 0 0 1 

0.541811466217041 0.7711668610572815 -0.3342779874801636 0.07363425195217133 
-0.7657477855682373 0.2889401614665985 -0.5745812654495239 0.1737032532691956 
-0.3465118110179901 0.5672874450683594 0.7470706105232239 -0.1581482142210007 
0 0 0 1 

0.5968575477600098 0.729291558265686 -0.3345068395137787 0.07175301015377045 
-0.7685375213623047 0.3999024927616119 -0.4994275867938995 0.1569509357213974 
-0.2304582297801971 0.5551682114601135 0.7991728186607361 -0.1862632036209106 
0 0 0 1 

0.81924968957901 0.4150033891201019 -0.3957296907901764 0.08515466004610062 
-0.5594679117202759 0.7298510670661926 -0.3928267359733582 0.1341412216424942 
0.1257992088794708 0.5432212948799133 0.8301114439964294 -0.1984810084104538 
0 0 0 1 

0.8657616972923279 0.292131781578064 -0.4063441157341003 0.08556857705116272 
-0.4737171530723572 0.740220844745636 -0.4771423935890198 0.1497234255075455 
0.1613958030939102 0.6055838465690613 0.7792428135871887 -0.1824441850185394 
0 0 0 1 

0.8911612629890442 0.1946536749601364 -0.4098062217235565 0.0933825820684433 
-0.3995745480060577 0.7645609378814697 -0.5057528614997864 0.1525657474994659 
0.2148752957582474 0.6144557595252991 0.7591260075569153 -0.1697002351284027 
0 0 0 1 

