0.2648626863956451 0.9591302871704102 -0.09958311170339584 0.03376204892992973 
-0.9615401029586792 0.2704845070838928 0.04773695021867752 0.01664293184876442 
0.07272163778543472 0.08310941606760025 0.993883490562439 -0.3043232262134552 
0 0 0 1 

0.1898645907640457 0.9734257459640503 -0.1280373334884644 0.04476407542824745 
-0.9736852645874023 0.2034278959035873 0.1027325466275215 -0.003858126699924469 
0.1260488778352737 0.1051628068089485 0.9864342212677002 -0.3029264211654663 
0 0 0 1 

0.1173025891184807 0.9840967059135437 -0.1333932876586914 0.0479656420648098 
-0.9713518023490906 0.1416485607624054 0.1908175945281982 -0.03366125002503395 
0.2066779434680939 0.1071884110569954 0.9725198745727539 -0.2999444901943207 
0 0 0 1 

0.1895530074834824 0.9760062694549561 -0.1071503534913063 0.03901788219809532 
-0.9554609060287476 0.2084930539131165 0.2088659405708313 -0.03924743831157684 
0.2261945903301239 0.06278683990240097 0.97205650806427 -0.2978219389915466 
0 0 0 1 

0.2724771797657013 0.9550864100456238 -0.1164727061986923 0.03933577984571457 
-0.9403931498527527 0.2899582982063293 0.1777205020189285 -0.02724652923643589 
0.2035106867551804 0.0611054003238678 0.9771640300750732 -0.2967120110988617 
0 0 0 1 

0.3274376392364502 0.9377172589302063 -0.1160635873675346 0.03754818439483643 
-0.9349302649497986 0.3393112421035767 0.103793703019619 -0.0009701097151264548 
0.1367108374834061 0.07452541589736938 0.9878036975860596 -0.2963733375072479 
0 0 0 1 

0.5022077560424805 0.8579026460647583 -0.1085825935006142 0.006660885643213987 
-0.8213522434234619 0.5125079751014709 0.2504312694072723 -0.02950333245098591 
0.2704951465129852 -0.03658391907811165 0.9620260000228882 -0.3196717798709869 
0 0 0 1 

0.4376719892024994 0.8861901164054871 -0.1520199626684189 0.02719789929687977 
-0.8607640862464905 0.4618268311023712 0.2140117138624191 -0.01424827240407467 
0.2598619759082794 0.03718642890453339 0.964929461479187 -0.3203659355640411 
0 0 0 1 

0.3546157777309418 0.900090754032135 -0.2531485259532928 0.06759636104106903 
-0.8957129120826721 0.4046916961669922 0.1841816008090973 -0.001896310830488801 
0.2682272791862488 0.1614347547292709 0.9497330784797668 -0.3154533803462982 
0 0 0 1 

0.9821991920471191 0.06216730177402496 -0.1772565841674805 0.01627940870821476 
-0.07529143989086151 0.9948199987411499 -0.06829581409692764 0.03515998274087906 
0.172092616558075 0.08042602986097336 0.9817920923233032 -0.2877518832683563 
0 0 0 1 

