1 0 0 -0.03619798645377159 
0 1 0 -0.001327119767665863 
0 0 1 -0.2960163652896881 
0 0 0 1 

0.9900684952735901 0.1399479806423187 0.01337352208793163 -0.04340839758515358 
-0.1389518976211548 0.9885858297348022 -0.05822646245360374 0.02803641371428967 
-0.02136958576738834 0.05578990280628204 0.9982137680053711 -0.2967813611030579 
0 0 0 1 

0.9715008735656738 0.2350790947675705 0.0303923711180687 -0.04884755238890648 
-0.2309589833021164 0.967628538608551 -0.1017482429742813 0.05174170807003975 
-0.05332748591899872 0.0918290913105011 0.9943457841873169 -0.294784277677536 
0 0 0 1 

0.9409332275390625 0.337380975484848 0.02861222438514233 -0.04732782021164894 
-0.3301419317722321 0.9329301118850708 -0.1436927914619446 0.07353443652391434 
-0.07517246156930923 0.1257591992616653 0.9892086386680603 -0.2919382452964783 
0 0 0 1 

0.894458532333374 0.447147935628891 -0.001551833702251315 -0.03267105296254158 
-0.4413129985332489 0.8822171092033386 -0.1641205847263336 0.08673861622810364 
-0.07201720774173737 0.1474838852882385 0.986439049243927 -0.291183203458786 
0 0 0 1 

0.8290711045265198 0.5590355396270752 -0.01096177659928799 -0.02380829304456711 
-0.55082768201828 0.8132160902023315 -0.1877986043691635 0.1004479676485062 
-0.09607186168432236 0.1617364138364792 0.9821463823318481 -0.2893725633621216 
0 0 0 1 

0.7551085352897644 0.6543951034545898 -0.03972167149186134 -0.008340166881680489 
-0.6503360271453857 0.7400078773498535 -0.1716131865978241 0.09929405152797699 
-0.08290856331586838 0.1554189920425415 0.9843632578849792 -0.2923597991466522 
0 0 0 1 

0.5853413343429565 0.8099093437194824 -0.03771059215068817 -0.001471481285989285 
-0.8098461627960205 0.5817897319793701 -0.07529750466346741 0.06879119575023651 
-0.03904454410076141 0.074614517390728 0.9964478015899658 -0.3066913783550262 
0 0 0 1 

0.5014930963516235 0.8642429709434509 -0.0398588739335537 0.003885840997099876 
-0.8645811676979065 0.4989370405673981 -0.05967530235648155 0.06420660763978958 
-0.03168689832091331 0.0643879771232605 0.9974218010902405 -0.3103504478931427 
0 0 0 1 

0.4683392941951752 0.8827252984046936 -0.03813615813851357 0.005206181667745113 
-0.8833377957344055 0.4668478667736053 -0.04204206168651581 0.05802809819579124 
-0.01930782198905945 0.05337691307067871 0.9983876347541809 -0.3123287558555603 
0 0 0 1 

