-0.1988769322633743 0.8285334706306458 0.5234308838844299 -0.1469331532716751 
-0.8630567193031311 0.1049731448292732 -0.4940783381462097 0.2033950686454773 
-0.4643065929412842 -0.5500115156173706 0.6941949725151062 -0.2138289362192154 
0 0 0 1 

-0.1882470995187759 0.7544310688972473 0.6288056969642639 -0.1883547753095627 
-0.9003334641456604 0.123233288526535 -0.417388379573822 0.1778843402862549 
-0.3923805356025696 -0.6447070240974426 0.6560413837432861 -0.2017579525709152 
0 0 0 1 

-0.1611247807741165 0.7312535047531128 0.6628023982048035 -0.202292338013649 
-0.9353759288787842 0.1010775789618492 -0.3389028012752533 0.1531079411506653 
-0.3148182928562164 -0.6745750904083252 0.6677109003067017 -0.2062079459428787 
0 0 0 1 

-0.1118096336722374 0.7064242362976074 0.6989015340805054 -0.2170094847679138 
-0.9616312980651855 0.1003941223025322 -0.2553157210350037 0.1254281997680664 
-0.2505268454551697 -0.7006323933601379 0.6680946946144104 -0.2044590264558792 
0 0 0 1 

-0.1419171839952469 0.6147960424423218 0.7758123874664307 -0.2438748478889465 
-0.9661568403244019 0.08452005684375763 -0.2437148243188858 0.1237372756004333 
-0.2154065668582916 -0.7841439843177795 0.581994891166687 -0.1710028499364853 
0 0 0 1 

-0.2003841251134872 0.5851998329162598 0.7857399582862854 -0.2461257725954056 
-0.9736789464950562 -0.03004845790565014 -0.2259341478347778 0.1200294345617294 
-0.1086063235998154 -0.8103321194648743 0.5758181214332581 -0.1674508601427078 
0 0 0 1 

-0.2516702115535736 0.4448507726192474 0.8595170378684998 -0.2623260319232941 
-0.9644635915756226 -0.04145766422152519 -0.2609422504901886 0.1313600391149521 
-0.0804467648267746 -0.8946444988250732 0.43947634100914 -0.1200085282325745 
0 0 0 1 

-0.3609326481819153 0.3603277802467346 0.8601694107055664 -0.2444792538881302 
-0.9285541176795959 -0.2245859801769257 -0.2955475449562073 0.1393973976373672 
0.08668807148933411 -0.9053866863250732 0.4156442582607269 -0.1238487958908081 
0 0 0 1 

-0.3764752447605133 0.4558330476284027 0.8065250515937805 -0.2218215316534042 
-0.9227429628372192 -0.2620599269866943 -0.2826127111911774 0.1327613741159439 
0.08253365010023117 -0.8506119847297668 0.5192757844924927 -0.1632909029722214 
0 0 0 1 

-0.3969848155975342 0.3604030013084412 0.8441044688224792 -0.2290161550045013 
-0.9127935767173767 -0.2511954009532928 -0.3220379650592804 0.1442467868328094 
0.09597180038690567 -0.8983374834060669 0.4286945462226868 -0.135527640581131 
0 0 0 1 

