0.2738501727581024 0.9569726586341858 -0.09596420079469681 0.03271779790520668 
-0.9592111706733704 0.2790347337722778 0.04531392082571983 0.01768392510712147 
0.07014152407646179 0.07964072376489639 0.9943528175354004 -0.3043235838413239 
0 0 0 1 

0.1894785165786743 0.9735576510429382 -0.1276062875986099 0.04413652792572975 
-0.9741975665092468 0.2026311904191971 0.09939656406641006 -0.002530448604375124 
0.1226252913475037 0.1054802238941193 0.9868317842483521 -0.3031350374221802 
0 0 0 1 

0.1131048053503036 0.9852156639099121 -0.1286759674549103 0.04655394703149796 
-0.9719756841659546 0.1365749686956406 0.1913391649723053 -0.03408338874578476 
0.2060842663049698 0.1034284979104996 0.9730528593063354 -0.3000862896442413 
0 0 0 1 

0.1911819279193878 0.974937915802002 -0.1137781068682671 0.0407683365046978 
-0.9547450542449951 0.2116132229566574 0.209001436829567 -0.0390990674495697 
0.227840393781662 0.068671815097332 0.9712738990783691 -0.2975421249866486 
0 0 0 1 

0.2764214873313904 0.9540621042251587 -0.1155701652169228 0.03888549655675888 
-0.9389725923538208 0.2937356531620026 0.1790242195129395 -0.02737213671207428 
0.2047473192214966 0.05903110280632973 0.9770331978797913 -0.2967813909053802 
0 0 0 1 

0.3276525139808655 0.937489926815033 -0.1172871217131615 0.03817877545952797 
-0.9346117377281189 0.3397927582263947 0.1050789952278137 -0.001310051186010242 
0.1383638083934784 0.07518855482339859 0.9875232577323914 -0.2963049113750458 
0 0 0 1 

0.3642681837081909 0.9182080030441284 -0.1555717438459396 0.04829178377985954 
-0.9288070201873779 0.3703906238079071 0.01131805591285229 0.03147579729557037 
0.06801462918519974 0.1403733491897583 0.9877597689628601 -0.2923764586448669 
0 0 0 1 

0.4403447210788727 0.8835505247116089 -0.1594831347465515 0.02958031184971333 
-0.8581790924072266 0.4664096236228943 0.2144542336463928 -0.01456635072827339 
0.2638656198978424 0.04243133217096329 0.9636257290840149 -0.3201964199542999 
0 0 0 1 

0.3561677038669586 0.9001722931861877 -0.250668078660965 0.06669700890779495 
-0.8948248028755188 0.4058378934860229 0.185968205332756 -0.002092170994728804 
0.269133985042572 0.1580681651830673 0.9500427842140198 -0.3156290650367737 
0 0 0 1 

0.9720032811164856 0.05552734807133675 -0.2283125519752502 0.01930498518049717 
-0.08349522948265076 0.9898828864097595 -0.1147200390696526 0.05023165047168732 
0.219632551074028 0.1305712312459946 0.9668054580688477 -0.2803031504154205 
0 0 0 1 

