1.000000000000000000e+00 0.000000000000000000e+00 0.000000000000000000e+00 -4.146692231928954531e-01
0.000000000000000000e+00 -1.000000000000000000e+00 0.000000000000000000e+00 -7.693198940031911737e-02
0.000000000000000000e+00 0.000000000000000000e+00 -1.000000000000000000e+00 -3.421550398492883005e+00
0.000000000000000000e+00 0.000000000000000000e+00 0.000000000000000000e+00 1.000000000000000000e+00
9.899796247482299805e-01 -1.372633278369903564e-01 -3.315090388059616089e-02 -5.675692460431114306e-01
-1.352775841951370239e-01 -9.892160296440124512e-01 5.613785237073898315e-02 2.628029814737150027e-01
-4.049911350011825562e-02 -5.109074339270591736e-02 -9.978725314140319824e-01 -3.421011632619144205e+00
0.000000000000000000e+00 0.000000000000000000e+00 0.000000000000000000e+00 1.000000000000000000e+00
9.694789052009582520e-01 -2.394720762968063354e-01 -5.257052555680274963e-02 -6.379642382673507139e-01
-2.334768325090408325e-01 -9.671917557716369629e-01 1.001429259777069092e-01 5.508319830498200620e-01
-7.482724636793136597e-02 -8.481243997812271118e-02 -9.935832619667053223e-01 -3.396066048795355563e+00
0.000000000000000000e+00 0.000000000000000000e+00 0.000000000000000000e+00 1.000000000000000000e+00
9.376696944236755371e-01 -3.421703577041625977e-01 -6.078488379716873169e-02 -6.518455168752335105e-01
-3.306442499160766602e-01 -9.322183728218078613e-01 1.471159458160400391e-01 8.180232751519826984e-01
-1.070035696029663086e-01 -1.178479418158531189e-01 -9.872497916221618652e-01 -3.351595631071265569e+00
0.000000000000000000e+00 0.000000000000000000e+00 0.000000000000000000e+00 1.000000000000000000e+00
8.956559300422668457e-01 -4.434925913810729980e-01 -3.338657319545745850e-02 -4.980409154299066388e-01
-4.324394762516021729e-01 -8.859503269195556641e-01 1.675945371389389038e-01 9.688721184261173125e-01
-1.039058119058609009e-01 -1.356693506240844727e-01 -9.852905273437500000e-01 -3.344483438958119947e+00
0.000000000000000000e+00 0.000000000000000000e+00 0.000000000000000000e+00 1.000000000000000000e+00
8.262503743171691895e-01 -5.629447102546691895e-01 -2.008499950170516968e-02 -3.796726655526391214e-01
-5.495243668556213379e-01 -8.133654594421386719e-01 1.909433901309967041e-01 1.127851569535700982e+00
-1.238270848989486694e-01 -1.467298269271850586e-01 -9.813955426216125488e-01 -3.330260778231104890e+00
0.000000000000000000e+00 0.000000000000000000e+00 0.000000000000000000e+00 1.000000000000000000e+00
7.482995390892028809e-01 -6.629369854927062988e-01 2.370912395417690277e-02 -1.418518908597089234e-01
-6.558613777160644531e-01 -7.340081334114074707e-01 1.762886345386505127e-01 1.122811712952252128e+00
-9.946563094854354858e-02 -1.474665850400924683e-01 -9.840529561042785645e-01 -3.368590712733967596e+00
0.000000000000000000e+00 0.000000000000000000e+00 0.000000000000000000e+00 1.000000000000000000e+00
6.878212690353393555e-01 -7.240580320358276367e-01 5.140025541186332703e-02 3.310376585594596542e-03
-7.241422533988952637e-01 -6.795545816421508789e-01 1.175732687115669250e-01 9.027061194633592134e-01
-5.020062252879142761e-02 -1.180905178189277649e-01 -9.917331933975219727e-01 -3.457356095955830710e+00
0.000000000000000000e+00 0.000000000000000000e+00 0.000000000000000000e+00 1.000000000000000000e+00
5.860276222229003906e-01 -8.102118968963623047e-01 1.132889930158853531e-02 -1.066426210931587515e-01
-8.086349368095397949e-01 -5.838791131973266602e-01 7.207502424716949463e-02 7.365532920163249120e-01
-5.178132653236389160e-02 -5.139889195561408997e-02 -9.973348379135131836e-01 -3.546195244946714897e+00
0.000000000000000000e+00 0.000000000000000000e+00 0.000000000000000000e+00 1.000000000000000000e+00
5.008135437965393066e-01 -8.652799129486083984e-01 2.181999944150447845e-02 -1.225216441564721571e-02
-8.645905256271362305e-01 -4.989066421985626221e-01 5.979276448488235474e-02 6.932846703375257214e-01
-4.085136204957962036e-02 -4.881037771701812744e-02 -9.979728460311889648e-01 -3.586952555830170475e+00
0.000000000000000000e+00 0.000000000000000000e+00 0.000000000000000000e+00 1.000000000000000000e+00
4.084110856056213379e-01 -9.122985601425170898e-01 3.019626438617706299e-02 7.251798321297137084e-02
-9.127819538116455078e-01 -4.083767235279083252e-01 7.578983437269926071e-03 4.747077776191357401e-01
5.417155101895332336e-03 -3.065795078873634338e-02 -9.995152354240417480e-01 -3.642466122816551355e+00
0.000000000000000000e+00 0.000000000000000000e+00 0.000000000000000000e+00 1.000000000000000000e+00
2.921531498432159424e-01 -9.558030366897583008e-01 3.296731412410736084e-02 1.405832245187438323e-01
-9.555852413177490234e-01 -2.931369543075561523e-01 -3.045366331934928894e-02 3.150708115356836148e-01
3.877164795994758606e-02 -2.260595373809337616e-02 -9.989923834800720215e-01 -3.675145737292337067e+00
0.000000000000000000e+00 0.000000000000000000e+00 0.000000000000000000e+00 1.000000000000000000e+00
1.804802417755126953e-01 -9.820970296859741211e-01 5.396621301770210266e-02 2.779869745361890909e-01
-9.815849065780639648e-01 -1.833347231149673462e-01 -5.365928635001182556e-02 2.096709026996984859e-01
6.259249895811080933e-02 -4.328798130154609680e-02 -9.970999956130981445e-01 -3.682776357987762150e+00
0.000000000000000000e+00 0.000000000000000000e+00 0.000000000000000000e+00 1.000000000000000000e+00
9.642402827739715576e-02 -9.926145672798156738e-01 7.361281663179397583e-02 3.885597725560044902e-01
-9.909312129020690918e-01 -1.026875674724578857e-01 -8.666347712278366089e-02 7.107775505988064846e-02
9.358252584934234619e-02 -6.458879262208938599e-02 -9.935141801834106445e-01 -3.675326015316626727e+00
0.000000000000000000e+00 0.000000000000000000e+00 0.000000000000000000e+00 1.000000000000000000e+00
1.956337317824363708e-02 -9.972081184387207031e-01 7.206483930349349976e-02 4.365450085290022431e-01
-9.972640275955200195e-01 -2.460208907723426819e-02 -6.970921158790588379e-02 1.571013740894319499e-01
7.128754258155822754e-02 -7.050389796495437622e-02 -9.949608445167541504e-01 -3.610008839747394838e+00
0.000000000000000000e+00 0.000000000000000000e+00 0.000000000000000000e+00 1.000000000000000000e+00
-8.524016290903091431e-02 -9.077680110931396484e-01 4.107199013233184814e-01 1.801478662370479711e+00
-9.902756810188293457e-01 3.169886395335197449e-02 -1.354601681232452393e-01 -8.906336957043747837e-02
1.099469587206840515e-01 -4.182726442813873291e-01 -9.016425013542175293e-01 -3.196720262613121033e+00
0.000000000000000000e+00 0.000000000000000000e+00 0.000000000000000000e+00 1.000000000000000000e+00
-1.634518355131149292e-01 -8.863220214843750000e-01 4.332621991634368896e-01 1.911010143671359129e+00
-9.765235185623168945e-01 8.289719372987747192e-02 -1.988193541765213013e-01 -3.549191732498615526e-01
1.403018236160278320e-01 -4.555881917476654053e-01 -8.790645599365234375e-01 -3.122346098347484666e+00
0.000000000000000000e+00 0.000000000000000000e+00 0.000000000000000000e+00 1.000000000000000000e+00
-1.347537338733673096e-01 -8.253844380378723145e-01 5.482534766197204590e-01 2.259926712239466173e+00
-9.908232092857360840e-01 1.181314066052436829e-01 -6.568735092878341675e-02 1.450591122967309632e-01
-1.054863631725311279e-02 -5.520737171173095703e-01 -8.337283134460449219e-01 -2.865198799889720593e+00
0.000000000000000000e+00 0.000000000000000000e+00 0.000000000000000000e+00 1.000000000000000000e+00
-8.721473067998886108e-02 -7.550864219665527344e-01 6.497982740402221680e-01 2.514602857435021654e+00
-9.943908452987670898e-01 2.680975198745727539e-02 -1.023115217685699463e-01 4.467517880734899610e-02
5.983312800526618958e-02 -6.550768613815307617e-01 -7.531893849372863770e-01 -2.681395530180211040e+00
0.000000000000000000e+00 0.000000000000000000e+00 0.000000000000000000e+00 1.000000000000000000e+00
-4.985726252198219299e-02 -5.838082432746887207e-01 8.103593587875366211e-01 3.055811619047608119e+00
-9.850161671638488770e-01 -1.053802743554115295e-01 -1.365221440792083740e-01 -7.459044193719699400e-02
1.650987565517425537e-01 -8.050238490104675293e-01 -5.698064565658569336e-01 -2.017582717606734910e+00
0.000000000000000000e+00 0.000000000000000000e+00 0.000000000000000000e+00 1.000000000000000000e+00
-1.200171932578086853e-01 -4.422808289527893066e-01 8.888103365898132324e-01 3.324825727071756276e+00
-9.859477877616882324e-01 -5.169174820184707642e-02 -1.588562279939651489e-01 -2.036159940227810494e-01
1.162030622363090515e-01 -8.953856229782104492e-01 -4.298617839813232422e-01 -1.445479025018862496e+00
0.000000000000000000e+00 0.000000000000000000e+00 0.000000000000000000e+00 1.000000000000000000e+00
-1.924906373023986816e-01 -3.363678455352783203e-01 9.218481183052062988e-01 3.463325784206918723e+00
-9.744552373886108398e-01 -4.522870853543281555e-02 -2.199788093566894531e-01 -4.300295086875832173e-01
1.156877800822257996e-01 -9.406434297561645508e-01 -3.190694153308868408e-01 -1.047154040950440068e+00
0.000000000000000000e+00 0.000000000000000000e+00 0.000000000000000000e+00 1.000000000000000000e+00
-2.779136598110198975e-01 -2.080496102571487427e-01 9.378055334091186523e-01 3.562016799760387542e+00
-9.581878185272216797e-01 -9.186331182718276978e-03 -2.859919071197509766e-01 -6.841292295502156007e-01
6.811545044183731079e-02 -9.780752658843994141e-01 -1.967977881431579590e-01 -5.729065439541298765e-01
0.000000000000000000e+00 0.000000000000000000e+00 0.000000000000000000e+00 1.000000000000000000e+00
-1.832134574651718140e-01 8.190106749534606934e-01 5.437412858009338379e-01 2.051042736362914010e+00
-9.472528100013732910e-01 8.690018439665436745e-04 -3.204858303070068359e-01 -7.930969542378517589e-01
-2.629536688327789307e-01 -5.737782120704650879e-01 7.756507992744445801e-01 3.164979261211302575e+00
0.000000000000000000e+00 0.000000000000000000e+00 0.000000000000000000e+00 1.000000000000000000e+00
-1.733853965997695923e-01 8.628196120262145996e-01 4.748480021953582764e-01 1.783097370239934198e+00
-9.676011800765991211e-01 -5.938725918531417847e-02 -2.453991919755935669e-01 -5.172352543269356229e-01
-1.835352927446365356e-01 -5.020123720169067383e-01 8.451618552207946777e-01 3.363853497991569963e+00
0.000000000000000000e+00 0.000000000000000000e+00 0.000000000000000000e+00 1.000000000000000000e+00
-9.242895990610122681e-02 8.398832082748413086e-01 5.348386168479919434e-01 1.919975442206269589e+00
-9.892433285713195801e-01 -1.629653573036193848e-02 -1.453673988580703735e-01 -1.150447845381223494e-01
-1.133757531642913818e-01 -5.425217151641845703e-01 8.323550224304199219e-01 3.268489180741012134e+00
0.000000000000000000e+00 0.000000000000000000e+00 0.000000000000000000e+00 1.000000000000000000e+00
2.208825387060642242e-02 8.507335782051086426e-01 5.251318216323852539e-01 1.772903389071024405e+00
-9.990727901458740234e-01 3.819808363914489746e-02 -1.985960826277732849e-02 3.703851420057361898e-01
-3.695436567068099976e-02 -5.242064595222473145e-01 8.507889509201049805e-01 3.274658274050223916e+00
0.000000000000000000e+00 0.000000000000000000e+00 0.000000000000000000e+00 1.000000000000000000e+00
5.398101732134819031e-02 8.500145673751831055e-01 5.239852070808410645e-01 1.731655397943636210e+00
-9.945670962333679199e-01 -1.004198216833174229e-03 1.040894314646720886e-01 8.347818927139909473e-01
8.900377899408340454e-02 -5.267574191093444824e-01 8.453426361083984375e-01 3.159370994566564228e+00
0.000000000000000000e+00 0.000000000000000000e+00 0.000000000000000000e+00 1.000000000000000000e+00
2.976005524396896362e-02 8.610404133796691895e-01 5.076651573181152344e-01 1.716943435772109394e+00
-9.825987219810485840e-01 -6.795594841241836548e-02 1.728601455688476562e-01 9.947910484661373065e-01
1.833385974168777466e-01 -5.039752721786499023e-01 8.440352082252502441e-01 3.111409801408469455e+00
0.000000000000000000e+00 0.000000000000000000e+00 0.000000000000000000e+00 1.000000000000000000e+00
-4.046056047081947327e-02 8.656349182128906250e-01 4.990367293357849121e-01 1.776511707155665976e+00
-9.951420426368713379e-01 -7.977361977100372314e-02 5.769235640764236450e-02 5.643817465719267457e-01
8.975052088499069214e-02 -4.942786991596221924e-01 8.646582961082458496e-01 3.361915940105272060e+00
0.000000000000000000e+00 0.000000000000000000e+00 0.000000000000000000e+00 1.000000000000000000e+00
-4.425422847270965576e-02 8.729234933853149414e-01 4.858458638191223145e-01 1.708127909324300475e+00
-9.922695755958557129e-01 1.803260482847690582e-02 -1.227820366621017456e-01 -9.941159853863131002e-02
-1.159404218196868896e-01 -4.875237941741943359e-01 8.653777837753295898e-01 3.571880894727853306e+00
0.000000000000000000e+00 0.000000000000000000e+00 0.000000000000000000e+00 1.000000000000000000e+00
1.384031027555465698e-01 8.596569299697875977e-01 4.917665123939514160e-01 1.565028694370612206e+00
-9.836645722389221191e-01 1.770300567150115967e-01 -3.262307122349739075e-02 2.214943231718046190e-01
-1.151021793484687805e-01 -4.792182147502899170e-01 8.701159954071044922e-01 3.612069106150309405e+00
0.000000000000000000e+00 0.000000000000000000e+00 0.000000000000000000e+00 1.000000000000000000e+00
2.306095361709594727e-01 8.042975068092346191e-01 5.476536750793457031e-01 1.613232728576722730e+00
-9.438508749008178711e-01 3.217316865921020508e-01 -7.506040483713150024e-02 5.458543967978553291e-02
-2.365685105323791504e-01 -4.995938241481781006e-01 8.333312869071960449e-01 3.537062762350165368e+00
0.000000000000000000e+00 0.000000000000000000e+00 0.000000000000000000e+00 1.000000000000000000e+00
3.364083170890808105e-01 7.338128685951232910e-01 5.902101397514343262e-01 1.599721356000993300e+00
-9.086572527885437012e-01 4.175403118133544922e-01 -1.214500982314348221e-03 3.066353597657575092e-01
-2.473279088735580444e-01 -5.358902215957641602e-01 8.072484135627746582e-01 3.383065344423314080e+00
0.000000000000000000e+00 0.000000000000000000e+00 0.000000000000000000e+00 1.000000000000000000e+00
3.622109591960906982e-01 7.222576141357421875e-01 5.891921520233154297e-01 1.567220813100004273e+00
-9.176295995712280273e-01 3.872472941875457764e-01 8.941577374935150146e-02 6.523733217062601675e-01
-1.635818928480148315e-01 -5.730473995208740234e-01 8.030300736427307129e-01 3.274467310330421821e+00
0.000000000000000000e+00 0.000000000000000000e+00 0.000000000000000000e+00 1.000000000000000000e+00
3.709496557712554932e-01 7.122128605842590332e-01 5.959438681602478027e-01 1.586873702996526525e+00
-9.246035814285278320e-01 3.431146144866943359e-01 1.654695868492126465e-01 9.347412313848117993e-01
-8.662757277488708496e-02 -6.123929619789123535e-01 7.857931256294250488e-01 3.138405659971220008e+00
0.000000000000000000e+00 0.000000000000000000e+00 0.000000000000000000e+00 1.000000000000000000e+00
5.378655195236206055e-01 6.112392544746398926e-01 5.805912613868713379e-01 1.465981086816898316e+00
-8.391624689102172852e-01 4.540877044200897217e-01 2.993499934673309326e-01 1.359431790330680290e+00
-8.066517859697341919e-02 -6.482207775115966797e-01 7.571673989295959473e-01 3.015141681137475160e+00
0.000000000000000000e+00 0.000000000000000000e+00 0.000000000000000000e+00 1.000000000000000000e+00
6.855413317680358887e-01 4.160365760326385498e-01 5.974500775337219238e-01 1.476376717401122640e+00
-7.051777243614196777e-01 5.834662318229675293e-01 4.028540253639221191e-01 1.694600091347544524e+00
-1.809899657964706421e-01 -6.974816322326660156e-01 6.933698654174804688e-01 2.957676423570731572e+00
0.000000000000000000e+00 0.000000000000000000e+00 0.000000000000000000e+00 1.000000000000000000e+00
7.053430676460266113e-01 3.419289290904998779e-01 6.209473013877868652e-01 1.517831356091726702e+00
-6.487769484519958496e-01 6.643420457839965820e-01 3.711303770542144775e-01 1.568841174961580265e+00
-2.856213152408599854e-01 -6.646306514739990234e-01 6.904247403144836426e-01 3.067607756703687905e+00
0.000000000000000000e+00 0.000000000000000000e+00 0.000000000000000000e+00 1.000000000000000000e+00
7.550848722457885742e-01 2.573555111885070801e-01 6.030049920082092285e-01 1.505774444555178171e+00
-5.675871372222900391e-01 7.169551849365234375e-01 4.047463536262512207e-01 1.599541867568438969e+00
-3.281639516353607178e-01 -6.478757858276367188e-01 6.874336004257202148e-01 3.047368704703332210e+00
0.000000000000000000e+00 0.000000000000000000e+00 0.000000000000000000e+00 1.000000000000000000e+00
7.464748620986938477e-01 2.536813914775848389e-01 6.151592731475830078e-01 1.629126838901791663e+00
-5.411152243614196777e-01 7.694552540779113770e-01 3.393143117427825928e-01 1.276536042418790151e+00
-3.872593343257904053e-01 -5.861613750457763672e-01 7.116493582725524902e-01 3.178723478539245750e+00
0.000000000000000000e+00 0.000000000000000000e+00 0.000000000000000000e+00 1.000000000000000000e+00
7.341706752777099609e-01 3.434411883354187012e-01 5.856974124908447266e-01 1.621692007724142348e+00
-5.820289254188537598e-01 7.625440359115600586e-01 2.824324071407318115e-01 1.022098515698023569e+00
-3.496212065219879150e-01 -5.482470989227294922e-01 7.597304582595825195e-01 3.324353652180026319e+00
0.000000000000000000e+00 0.000000000000000000e+00 0.000000000000000000e+00 1.000000000000000000e+00
8.112574219703674316e-01 1.824529170989990234e-01 5.554930567741394043e-01 1.556621981951116451e+00
-5.271143317222595215e-01 6.393364667892456055e-01 5.598208904266357422e-01 2.039518313944807204e+00
-2.530060708522796631e-01 -7.469668984413146973e-01 6.148398518562316895e-01 2.859178267586268696e+00
0.000000000000000000e+00 0.000000000000000000e+00 0.000000000000000000e+00 1.000000000000000000e+00
8.474699258804321289e-01 1.020710393786430359e-01 5.209375619888305664e-01 1.419944439125566227e+00
-4.755023419857025146e-01 5.822280645370483398e-01 6.594747304916381836e-01 2.416865726573024009e+00
-2.359915077686309814e-01 -8.065921068191528320e-01 5.419560074806213379e-01 2.573480858918482106e+00
0.000000000000000000e+00 0.000000000000000000e+00 0.000000000000000000e+00 1.000000000000000000e+00
8.799569606781005859e-01 4.746223986148834229e-02 4.726764261722564697e-01 1.221374658492438314e+00
-4.268665611743927002e-01 5.156413912773132324e-01 7.428985238075256348e-01 2.737658406302111214e+00
-2.084720879793167114e-01 -8.554886579513549805e-01 4.740025997161865234e-01 2.297730281623398874e+00
0.000000000000000000e+00 0.000000000000000000e+00 0.000000000000000000e+00 1.000000000000000000e+00
8.738794922828674316e-01 -1.503114104270935059e-01 4.623212814331054688e-01 1.221400941856400246e+00
-3.676334321498870850e-01 4.179189503192901611e-01 8.307759165763854980e-01 3.078424546793093075e+00
-3.180880546569824219e-01 -8.959628939628601074e-01 3.099512755870819092e-01 1.743940664694300313e+00
0.000000000000000000e+00 0.000000000000000000e+00 0.000000000000000000e+00 1.000000000000000000e+00
9.497600197792053223e-01 2.633237540721893311e-01 1.691648066043853760e-01 1.069786846416712414e-02
-2.489640563726425171e-01 3.080950379371643066e-01 9.182013273239135742e-01 3.342073746270302070e+00
1.896654218435287476e-01 -9.141870141029357910e-01 3.581745326519012451e-01 1.566487972767786063e+00
0.000000000000000000e+00 0.000000000000000000e+00 0.000000000000000000e+00 1.000000000000000000e+00
9.699543118476867676e-01 1.972056478261947632e-01 1.424728482961654663e-01 -9.384726551985395071e-02
-1.864374727010726929e-01 2.262829393148422241e-01 9.560529589653015137e-01 3.450513563129639305e+00
1.562998592853546143e-01 -9.538900852203369141e-01 2.562505602836608887e-01 1.187643959543085215e+00
0.000000000000000000e+00 0.000000000000000000e+00 0.000000000000000000e+00 1.000000000000000000e+00
9.812660813331604004e-01 1.392569988965988159e-01 1.331327557563781738e-01 -1.231490799391891516e-01
-1.494943946599960327e-01 1.144819632172584534e-01 9.821126461029052734e-01 3.523578212645222862e+00
1.215247213840484619e-01 -9.836161136627197266e-01 1.331553906202316284e-01 7.236776958665420700e-01
0.000000000000000000e+00 0.000000000000000000e+00 0.000000000000000000e+00 1.000000000000000000e+00
9.611641764640808105e-01 2.471643388271331787e-01 1.227737367153167725e-01 -1.757906077317187010e-01
-1.403594166040420532e-01 5.476595833897590637e-02 9.885851740837097168e-01 3.528570155948793641e+00
2.376190572977066040e-01 -9.674245715141296387e-01 8.733093738555908203e-02 4.606897168866451175e-01
0.000000000000000000e+00 0.000000000000000000e+00 0.000000000000000000e+00 1.000000000000000000e+00
9.939955472946166992e-01 -5.085673928260803223e-02 9.688691794872283936e-02 -2.501265103134232559e-01
-9.854967147111892700e-02 -3.126815333962440491e-02 9.946409463882446289e-01 3.513031431174475916e+00
-4.755473881959915161e-02 -9.982165098190307617e-01 -3.609230369329452515e-02 1.377593056022002604e-01
0.000000000000000000e+00 0.000000000000000000e+00 0.000000000000000000e+00 1.000000000000000000e+00
9.963150024414062500e-01 -5.743161961436271667e-02 6.370427459478378296e-02 -3.732801636497505848e-01
-7.051534950733184814e-02 -1.256428509950637817e-01 9.895664453506469727e-01 3.451354975476277787e+00
-4.882854595780372620e-02 -9.904114603996276855e-01 -1.292296648025512695e-01 -2.577223893946722355e-01
0.000000000000000000e+00 0.000000000000000000e+00 0.000000000000000000e+00 1.000000000000000000e+00
9.852547645568847656e-01 -4.655859991908073425e-02 1.646364331245422363e-01 -4.190114275559281287e-02
-1.700694411993026733e-01 -1.613995879888534546e-01 9.721249938011169434e-01 3.475337123204673695e+00
-1.868852600455284119e-02 -9.857900142669677734e-01 -1.669378429651260376e-01 -2.879855717102689505e-01
0.000000000000000000e+00 0.000000000000000000e+00 0.000000000000000000e+00 1.000000000000000000e+00
7.911149859428405762e-01 -6.003081798553466797e-01 1.173349320888519287e-01 2.587669965993891555e-02
-2.707108557224273682e-01 -1.716100275516510010e-01 9.472410678863525391e-01 3.502575650465512336e+00
-5.485005974769592285e-01 -7.811400294303894043e-01 -2.982730865478515625e-01 -4.110876277870151307e-01
0.000000000000000000e+00 0.000000000000000000e+00 0.000000000000000000e+00 1.000000000000000000e+00
5.395302176475524902e-01 -8.419663906097412109e-01 -5.397886852733790874e-04 -9.505650492764368409e-02
-3.738063871860504150e-01 -2.401087135076522827e-01 8.958886265754699707e-01 3.491370836971114500e+00
-7.544374465942382812e-01 -4.831572771072387695e-01 -4.442783296108245850e-01 -8.325601981468181423e-01
0.000000000000000000e+00 0.000000000000000000e+00 0.000000000000000000e+00 1.000000000000000000e+00
9.066447019577026367e-01 -3.200987577438354492e-01 2.748301923274993896e-01 4.822360515279751625e-01
-3.804133534431457520e-01 -3.385762572288513184e-01 8.606106042861938477e-01 3.420169290173098009e+00
-1.824296116828918457e-01 -8.848180174827575684e-01 -4.287385046482086182e-01 -1.052913889356519306e+00
0.000000000000000000e+00 0.000000000000000000e+00 0.000000000000000000e+00 1.000000000000000000e+00
8.840762376785278320e-01 -2.070640921592712402e-01 4.189677238464355469e-01 9.923603834198581053e-01
-4.671723544597625732e-01 -4.157773554325103760e-01 7.803067564964294434e-01 3.257222429904677252e+00
1.262366864830255508e-02 -8.855806589126586914e-01 -4.643134176731109619e-01 -1.340149521128309873e+00
0.000000000000000000e+00 0.000000000000000000e+00 0.000000000000000000e+00 1.000000000000000000e+00
8.729024529457092285e-01 -1.861533522605895996e-01 4.509867429733276367e-01 1.112388750887438382e+00
-4.792117178440093994e-01 -5.007432103157043457e-01 7.208410501480102539e-01 3.052923651502513991e+00
9.164147824048995972e-02 -8.453420996665954590e-01 -5.263069272041320801e-01 -1.653673773534864333e+00
0.000000000000000000e+00 0.000000000000000000e+00 0.000000000000000000e+00 1.000000000000000000e+00
8.647331595420837402e-01 -1.669476330280303955e-01 4.736714661121368408e-01 1.197500229468804633e+00
-4.749585092067718506e-01 -5.784056782722473145e-01 6.632205247879028320e-01 2.868236916064026865e+00
1.632510870695114136e-01 -7.984828948974609375e-01 -5.794594287872314453e-01 -1.873286704755656951e+00
0.000000000000000000e+00 0.000000000000000000e+00 0.000000000000000000e+00 1.000000000000000000e+00
8.506673574447631836e-01 -1.281164586544036865e-01 5.098537802696228027e-01 1.299236668243309856e+00
-4.507144391536712646e-01 -6.769473552703857422e-01 5.818919539451599121e-01 2.587192266042255717e+00
2.705941796302795410e-01 -7.247954010963439941e-01 -6.336011290550231934e-01 -2.141676906041822814e+00
0.000000000000000000e+00 0.000000000000000000e+00 0.000000000000000000e+00 1.000000000000000000e+00
8.347002267837524414e-01 -1.357103288173675537e-01 5.337211489677429199e-01 1.404489304066144140e+00
-4.482947885990142822e-01 -7.303422689437866211e-01 5.153934955596923828e-01 2.359066454846553640e+00
3.198550343513488770e-01 -6.694639921188354492e-01 -6.704558730125427246e-01 -2.330951251853685235e+00
0.000000000000000000e+00 0.000000000000000000e+00 0.000000000000000000e+00 1.000000000000000000e+00
8.077164292335510254e-01 -1.714195013046264648e-01 5.641000270843505859e-01 1.553215140931862193e+00
-4.529037177562713623e-01 -7.929674983024597168e-01 4.075295925140380859e-01 1.991366329416837333e+00
3.774544000625610352e-01 -5.846518874168395996e-01 -7.181296944618225098e-01 -2.570867693947763488e+00
0.000000000000000000e+00 0.000000000000000000e+00 0.000000000000000000e+00 1.000000000000000000e+00
7.792137265205383301e-01 -2.307803779840469360e-01 5.827229022979736328e-01 1.668539820349815406e+00
-4.643682539463043213e-01 -8.370015621185302734e-01 2.894662916660308838e-01 1.582747401221485939e+00
4.209365546703338623e-01 -4.961539804935455322e-01 -7.593700885772705078e-01 -2.787159269713400889e+00
0.000000000000000000e+00 0.000000000000000000e+00 0.000000000000000000e+00 1.000000000000000000e+00
7.565631866455078125e-01 -2.874594032764434814e-01 5.873491168022155762e-01 1.726370976812895197e+00
-4.621490836143493652e-01 -8.705004453659057617e-01 1.692542135715484619e-01 1.155691167169112576e+00
4.626341164112091064e-01 -3.994946479797363281e-01 -7.914379239082336426e-01 -2.964675558763207430e+00
0.000000000000000000e+00 0.000000000000000000e+00 0.000000000000000000e+00 1.000000000000000000e+00
7.430105805397033691e-01 -3.643604815006256104e-01 5.614055991172790527e-01 1.663418614600529866e+00
-4.412326216697692871e-01 -8.973911404609680176e-01 1.543447491712868214e-03 5.480602084263616058e-01
5.032377839088439941e-01 -2.488571405410766602e-01 -8.275390267372131348e-01 -3.154918511168291140e+00
0.000000000000000000e+00 0.000000000000000000e+00 0.000000000000000000e+00 1.000000000000000000e+00
7.284420132637023926e-01 -4.004532396793365479e-01 5.558866262435913086e-01 1.635173736112321308e+00
-3.750324845314025879e-01 -9.120977520942687988e-01 -1.656149029731750488e-01 -1.214179832491175393e-01
5.733440518379211426e-01 -8.783484995365142822e-02 -8.145930767059326172e-01 -3.130218698341287631e+00
0.000000000000000000e+00 0.000000000000000000e+00 0.000000000000000000e+00 1.000000000000000000e+00
7.215626835823059082e-01 -4.176418185234069824e-01 5.521985292434692383e-01 1.609190950424118194e+00
-2.996041476726531982e-01 -9.073815345764160156e-01 -2.947804331779479980e-01 -6.614762444636210770e-01
6.241673231124877930e-01 4.726151004433631897e-02 -7.798597216606140137e-01 -3.037575786447841431e+00
0.000000000000000000e+00 0.000000000000000000e+00 0.000000000000000000e+00 1.000000000000000000e+00
7.183703184127807617e-01 -4.455057680606842041e-01 5.342925786972045898e-01 1.537373942034572449e+00
-2.406656891107559204e-01 -8.797665238380432129e-01 -4.099886417388916016e-01 -1.120811293235101092e+00
6.527051925659179688e-01 1.659377217292785645e-01 -7.392161488533020020e-01 -2.906369233549680686e+00
0.000000000000000000e+00 0.000000000000000000e+00 0.000000000000000000e+00 1.000000000000000000e+00
7.140541672706604004e-01 -4.702317118644714355e-01 5.186601877212524414e-01 1.483511659704714214e+00
-1.645059138536453247e-01 -8.328025341033935547e-01 -5.285617113113403320e-01 -1.626410146902515619e+00
6.804881095886230469e-01 2.920988202095031738e-01 -6.720221042633056641e-01 -2.685511763501547300e+00
0.000000000000000000e+00 0.000000000000000000e+00 0.000000000000000000e+00 1.000000000000000000e+00
6.955227851867675781e-01 -4.972473084926605225e-01 5.186453461647033691e-01 1.492574508298657010e+00
-9.544242918491363525e-02 -7.793831229209899902e-01 -6.192355751991271973e-01 -2.026794884955918530e+00
7.121366858482360840e-01 3.811915814876556396e-01 -5.895372033119201660e-01 -2.404879719206497235e+00
0.000000000000000000e+00 0.000000000000000000e+00 0.000000000000000000e+00 1.000000000000000000e+00
7.107747793197631836e-01 -5.027123093605041504e-01 4.920155405998229980e-01 1.384077471263349679e+00
-3.299363330006599426e-02 -7.225187420845031738e-01 -6.905635595321655273e-01 -2.353331470722780150e+00
7.026453614234924316e-01 4.746017754077911377e-01 -5.301344990730285645e-01 -2.194915798683481523e+00
0.000000000000000000e+00 0.000000000000000000e+00 0.000000000000000000e+00 1.000000000000000000e+00
7.141433954238891602e-01 -5.147678256034851074e-01 4.743554592132568359e-01 1.316802141991468833e+00
1.687378436326980591e-02 -6.647951006889343262e-01 -7.468349933624267578e-01 -2.617048576071471455e+00
6.997959017753601074e-01 5.413514375686645508e-01 -4.660730957984924316e-01 -1.981077624137507209e+00
0.000000000000000000e+00 0.000000000000000000e+00 0.000000000000000000e+00 1.000000000000000000e+00
7.433657050132751465e-01 -5.073017477989196777e-01 4.359495937824249268e-01 1.155549309161620242e+00
6.027708202600479126e-02 -5.982975959777832031e-01 -7.990034222602844238e-01 -2.862444884114211163e+00
6.661636233329772949e-01 6.202296018600463867e-01 -4.141753613948822021e-01 -1.810955319332504754e+00
0.000000000000000000e+00 0.000000000000000000e+00 0.000000000000000000e+00 1.000000000000000000e+00
8.221364021301269531e-01 -4.447588920593261719e-01 3.553606569766998291e-01 7.978626283516320195e-01
9.946140646934509277e-02 -5.023999810218811035e-01 -8.588955402374267578e-01 -3.165413479028746035e+00
5.605345368385314941e-01 7.414739727973937988e-01 -3.688049614429473877e-01 -1.611143154246131859e+00
0.000000000000000000e+00 0.000000000000000000e+00 0.000000000000000000e+00 1.000000000000000000e+00
8.736872673034667969e-01 -3.945827484130859375e-01 2.845608592033386230e-01 5.162091091230631701e-01
1.217197030782699585e-01 -3.890239596366882324e-01 -9.131509661674499512e-01 -3.423416150177285289e+00
4.710145890712738037e-01 8.324449062347412109e-01 -2.918567657470703125e-01 -1.296528185322637583e+00
0.000000000000000000e+00 0.000000000000000000e+00 0.000000000000000000e+00 1.000000000000000000e+00
8.896002769470214844e-01 -3.715342581272125244e-01 2.656577527523040771e-01 4.266092075516665916e-01
1.563151627779006958e-01 -2.988546788692474365e-01 -9.414091706275939941e-01 -3.574402959568479421e+00
4.291586875915527344e-01 8.790037631988525391e-01 -2.077845931053161621e-01 -9.851920875971401648e-01
0.000000000000000000e+00 0.000000000000000000e+00 0.000000000000000000e+00 1.000000000000000000e+00
8.931168913841247559e-01 -3.659744262695312500e-01 2.615443468093872070e-01 4.006509386406674755e-01
1.936068832874298096e-01 -2.120785564184188843e-01 -9.578825831413269043e-01 -3.684821698296743886e+00
4.060284197330474854e-01 9.061376452445983887e-01 -1.185558214783668518e-01 -6.478133987585558140e-01
0.000000000000000000e+00 0.000000000000000000e+00 0.000000000000000000e+00 1.000000000000000000e+00
9.617132544517517090e-01 -1.551791131496429443e-01 2.258924096822738647e-01 2.066453934219816824e-01
2.098124325275421143e-01 -1.133847907185554504e-01 -9.711450934410095215e-01 -3.772770142861690434e+00
1.763143390417098999e-01 9.813582301139831543e-01 -7.648511976003646851e-02 -3.489828825186825356e-01
0.000000000000000000e+00 0.000000000000000000e+00 0.000000000000000000e+00 1.000000000000000000e+00
9.806980490684509277e-01 -5.893912911415100098e-02 1.864338070154190063e-01 1.679839603549988878e-03
1.851123720407485962e-01 -2.718570828437805176e-02 -9.823411703109741211e-01 -3.843124417415529681e+00
6.296671181917190552e-02 9.978912472724914551e-01 -1.575065776705741882e-02 -2.045034186270345417e-02
0.000000000000000000e+00 0.000000000000000000e+00 0.000000000000000000e+00 1.000000000000000000e+00
9.551100730895996094e-01 -2.506738901138305664e-01 1.578848361968994141e-01 -8.878017764784111587e-02
1.798175573348999023e-01 6.699901819229125977e-02 -9.814158082008361816e-01 -3.888949160870853738e+00
2.354371994733810425e-01 9.657503962516784668e-01 1.090670600533485413e-01 3.916381492607177717e-01
0.000000000000000000e+00 0.000000000000000000e+00 0.000000000000000000e+00 1.000000000000000000e+00
9.833821058273315430e-01 -1.430096477270126343e-02 1.809820085763931274e-01 6.394119768064790779e-03
1.814295202493667603e-01 1.131510213017463684e-01 -9.768723845481872559e-01 -3.897060637864337096e+00
-6.508051883429288864e-03 9.934747219085693359e-01 1.138653457164764404e-01 6.432033351752599604e-01
0.000000000000000000e+00 0.000000000000000000e+00 0.000000000000000000e+00 1.000000000000000000e+00
9.900000095367431641e-01 -1.820650883018970490e-02 1.398871541023254395e-01 -1.352207058508083093e-01
1.408357620239257812e-01 7.080918550491333008e-02 -9.874975681304931641e-01 -3.910754873713270907e+00
8.073628880083560944e-03 9.973237514495849609e-01 7.266519963741302490e-02 4.469288677906864682e-01
0.000000000000000000e+00 0.000000000000000000e+00 0.000000000000000000e+00 1.000000000000000000e+00
9.565091729164123535e-01 -2.827046513557434082e-01 7.189152389764785767e-02 -3.574254783706246608e-01
5.723422020673751831e-02 -5.977921932935714722e-02 -9.965691566467285156e-01 -3.866937662214858573e+00
2.860325574874877930e-01 9.573424458503723145e-01 -4.099901020526885986e-02 -1.885633831326151144e-01
0.000000000000000000e+00 0.000000000000000000e+00 0.000000000000000000e+00 1.000000000000000000e+00
8.833929896354675293e-01 -4.655203521251678467e-01 5.391789227724075317e-02 -3.536298159146607500e-01
-4.124070331454277039e-02 -1.918316185474395752e-01 -9.805609583854675293e-01 -3.712832008533462513e+00
4.668143093585968018e-01 8.639970421791076660e-01 -1.886612623929977417e-01 -8.674646778382437695e-01
0.000000000000000000e+00 0.000000000000000000e+00 0.000000000000000000e+00 1.000000000000000000e+00
7.931854724884033203e-01 -6.060576438903808594e-01 5.959237739443778992e-02 -2.386687948439847051e-01
-1.685628443956375122e-01 -3.125288486480712891e-01 -9.348327517509460449e-01 -3.419051905310104722e+00
5.851867794990539551e-01 7.314504981040954590e-01 -3.500520288944244385e-01 -1.544496126635387601e+00
0.000000000000000000e+00 0.000000000000000000e+00 0.000000000000000000e+00 1.000000000000000000e+00
9.461944103240966797e-01 -2.052032947540283203e-01 -2.502147555351257324e-01 -1.421200254625053283e+00
-3.139239251613616943e-01 -3.944179117679595947e-01 -8.636472821235656738e-01 -3.017815069214551116e+00
7.853413373231887817e-02 8.957265019416809082e-01 -4.376142024993896484e-01 -1.590613864967664437e+00
0.000000000000000000e+00 0.000000000000000000e+00 0.000000000000000000e+00 1.000000000000000000e+00
8.848147392272949219e-01 -3.854860961437225342e-01 -2.617313563823699951e-01 -1.372666428832442609e+00
-4.396629333496093750e-01 -5.047587752342224121e-01 -7.429096698760986328e-01 -2.452393900370269275e+00
1.542702615261077881e-01 7.724111080169677734e-01 -6.161019802093505859e-01 -2.265422775273191469e+00
0.000000000000000000e+00 0.000000000000000000e+00 0.000000000000000000e+00 1.000000000000000000e+00
8.049809336662292480e-01 -5.275020003318786621e-01 -2.715647220611572266e-01 -1.289712512819981116e+00
-5.749548673629760742e-01 -5.806319117546081543e-01 -5.764487981796264648e-01 -1.741453551238593800e+00
1.463988274335861206e-01 6.201674938201904297e-01 -7.706874608993530273e-01 -2.783550089879121447e+00
0.000000000000000000e+00 0.000000000000000000e+00 0.000000000000000000e+00 1.000000000000000000e+00
7.399635910987854004e-01 -6.008058190345764160e-01 -3.024661540985107422e-01 -1.290765398527808472e+00
-6.692262291908264160e-01 -6.122831106185913086e-01 -4.210049808025360107e-01 -1.112022050151254104e+00
6.774755567312240601e-02 5.139467120170593262e-01 -8.551424741744995117e-01 -3.011935287715890919e+00
0.000000000000000000e+00 0.000000000000000000e+00 0.000000000000000000e+00 1.000000000000000000e+00
6.566752195358276367e-01 -7.193611264228820801e-01 -2.264889627695083618e-01 -8.811806213380773967e-01
-7.520830631256103516e-01 -6.022823452949523926e-01 -2.676320970058441162e-01 -5.190216182392296540e-01
5.611388012766838074e-02 3.460858464241027832e-01 -9.365230202674865723e-01 -3.243254398370526648e+00
0.000000000000000000e+00 0.000000000000000000e+00 0.000000000000000000e+00 1.000000000000000000e+00
6.869448423385620117e-01 -7.028282880783081055e-01 -1.847674697637557983e-01 -7.433666892647682323e-01
-7.265391349792480469e-01 -6.587100625038146973e-01 -1.955549567937850952e-01 -2.215748780244722604e-01
1.573343575000762939e-02 2.685763537883758545e-01 -9.631298780441284180e-01 -3.280194503057065614e+00
0.000000000000000000e+00 0.000000000000000000e+00 0.000000000000000000e+00 1.000000000000000000e+00
6.936228871345520020e-01 -6.949269771575927734e-01 -1.896404325962066650e-01 -7.657720075053735531e-01
-7.132388949394226074e-01 -6.994293928146362305e-01 -4.569948837161064148e-02 3.072196691078694641e-01
-1.008822619915008545e-01 1.669571846723556519e-01 -9.807894825935363770e-01 -3.220690001146728321e+00
0.000000000000000000e+00 0.000000000000000000e+00 0.000000000000000000e+00 1.000000000000000000e+00
6.759454607963562012e-01 -7.178472876548767090e-01 -1.667116880416870117e-01 -6.679170614507865533e-01
-7.237847447395324707e-01 -6.892299652099609375e-01 3.312801197171211243e-02 5.583892257635610923e-01
-1.386835128068923950e-01 9.827069193124771118e-02 -9.854489564895629883e-01 -3.176369872559522634e+00
0.000000000000000000e+00 0.000000000000000000e+00 0.000000000000000000e+00 1.000000000000000000e+00
6.593194603919982910e-01 -7.347970604896545410e-01 -1.592822074890136719e-01 -6.229333856422459847e-01
-7.320375442504882812e-01 -6.756922006607055664e-01 8.695296943187713623e-02 7.230882815711250355e-01
-1.715185493230819702e-01 5.927081033587455750e-02 -9.833963513374328613e-01 -3.125230202036269223e+00
0.000000000000000000e+00 0.000000000000000000e+00 0.000000000000000000e+00 1.000000000000000000e+00
5.810117721557617188e-01 -7.976495623588562012e-01 -1.618035882711410522e-01 -5.472127375670826632e-01
-7.618523240089416504e-01 -6.029525399208068848e-01 2.367049157619476318e-01 1.216866256927865653e+00
-2.863674759864807129e-01 -1.425787247717380524e-02 -9.580137729644775391e-01 -2.957657469710541775e+00
0.000000000000000000e+00 0.000000000000000000e+00 0.000000000000000000e+00 1.000000000000000000e+00
5.798407196998596191e-01 -7.958757281303405762e-01 -1.742595136165618896e-01 -5.775328384462756759e-01
-6.802366375923156738e-01 -5.906350016593933105e-01 4.340832233428955078e-01 1.850258100827009367e+00
-4.484001398086547852e-01 -1.331613659858703613e-01 -8.838582038879394531e-01 -2.582877381604144151e+00
0.000000000000000000e+00 0.000000000000000000e+00 0.000000000000000000e+00 1.000000000000000000e+00
5.973442792892456055e-01 -7.808146476745605469e-01 -1.830527335405349731e-01 -6.357147700995431361e-01
-6.101009845733642578e-01 -5.905746817588806152e-01 5.282028913497924805e-01 2.135911732613180902e+00
-5.205348730087280273e-01 -2.038382887840270996e-01 -8.291522264480590820e-01 -2.334352922375110939e+00
0.000000000000000000e+00 0.000000000000000000e+00 0.000000000000000000e+00 1.000000000000000000e+00
6.640770435333251953e-01 -7.268792390823364258e-01 -1.750659644603729248e-01 -6.683308736270009431e-01
-4.988448321819305420e-01 -6.051707267761230469e-01 6.204208731651306152e-01 2.397623029504236225e+00
-5.569159388542175293e-01 -3.246764540672302246e-01 -7.644800543785095215e-01 -2.031581323427844588e+00
0.000000000000000000e+00 0.000000000000000000e+00 0.000000000000000000e+00 1.000000000000000000e+00
7.345692515373229980e-01 -6.606115698814392090e-01 -1.549192965030670166e-01 -6.635809957967717665e-01
