0.8121465444564819 0.5660808086395264 -0.1413166671991348 0.01212588883936405 
-0.4835623502731323 0.5175315737724304 -0.7059237360954285 0.2166455686092377 
-0.326474130153656 0.6416489481925964 0.6940469741821289 -0.1630363464355469 
0 0 0 1 

0.8384842872619629 0.5285887122154236 -0.132431373000145 0.006905692163854837 
-0.4153152704238892 0.4625564813613892 -0.7832973599433899 0.2367379516363144 
-0.3527851104736328 0.7117833495140076 0.607377290725708 -0.1380581259727478 
0 0 0 1 

0.8735677003860474 0.4771841168403625 -0.09578502178192139 -0.00602601608261466 
-0.3282945156097412 0.4324314594268799 -0.8397770524024963 0.2502249479293823 
-0.3593079149723053 0.7650477290153503 0.5344151258468628 -0.1188170686364174 
0 0 0 1 

0.8889042139053345 0.4531422555446625 -0.06716690957546234 -0.01426577847450972 
-0.2299235165119171 0.3145154118537903 -0.9209859371185303 0.2659465968608856 
-0.3962126970291138 0.8341115713119507 0.3837621808052063 -0.07774236053228378 
0 0 0 1 

0.8195453286170959 0.5694254040718079 -0.06403256952762604 -0.012636992149055 
-0.2378042489290237 0.2363162785768509 -0.9421272873878479 0.2749798893928528 
-0.5213392376899719 0.7873433232307434 0.329083651304245 -0.05811180174350739 
0 0 0 1 

0.8304852247238159 0.5475687980651855 -0.1022872403264046 -0.00294047687202692 
-0.3161489069461823 0.3121415972709656 -0.8958891630172729 0.2653670608997345 
-0.4586328864097595 0.7763607501983643 0.4323422908782959 -0.08711016178131104 
0 0 0 1 

0.8136215806007385 0.5714184045791626 -0.1072423830628395 -0.00139462819788605 
-0.3702195882797241 0.3669812381267548 -0.8533828258514404 0.2559215128421783 
-0.4482827484607697 0.7340339422225952 0.5101341605186462 -0.109509214758873 
0 0 0 1 

0.833834171295166 0.5458034873008728 -0.08257722854614258 -0.01327576860785484 
-0.4526505768299103 0.5904262065887451 -0.6682096719741821 0.2165796011686325 
-0.3159555494785309 0.5945546627044678 0.7393758893013 -0.1800339967012405 
0 0 0 1 

0.6417521238327026 0.7130435109138489 -0.2823528349399567 0.0632479265332222 
-0.4938974976539612 0.1026076078414917 -0.8634447455406189 0.300180584192276 
-0.5867021679878235 0.6935709118843079 0.4180191159248352 -0.07363415509462357 
0 0 0 1 

0.5438958406448364 0.8352735042572021 -0.08059566468000412 0.01769721508026123 
-0.2802058458328247 0.09024406969547272 -0.9556885957717896 0.3160609602928162 
-0.7909879684448242 0.542378306388855 0.2831319272518158 -0.02730255201458931 
0 0 0 1 

