1.000000000000000000e+00 0.000000000000000000e+00 0.000000000000000000e+00 -4.255350477121360719e-01
0.000000000000000000e+00 -1.000000000000000000e+00 0.000000000000000000e+00 3.076616963927396031e-01
0.000000000000000000e+00 0.000000000000000000e+00 -1.000000000000000000e+00 -5.117628744684824760e+00
0.000000000000000000e+00 0.000000000000000000e+00 0.000000000000000000e+00 1.000000000000000000e+00
9.945441484451293945e-01 -5.322637781500816345e-02 8.971557766199111938e-02 7.687129115553471836e-02
-5.525671318173408508e-02 -9.982656836509704590e-01 2.029924839735031128e-02 3.668476240727081006e-01
8.847951143980026245e-02 -2.514592744410037994e-02 -9.957603216171264648e-01 -5.080321424071755132e+00
0.000000000000000000e+00 0.000000000000000000e+00 0.000000000000000000e+00 1.000000000000000000e+00
9.686882495880126953e-01 -7.075107097625732422e-02 2.379870563745498657e-01 8.796912221766381990e-01
-7.722552865743637085e-02 -9.968515038490295410e-01 1.798070594668388367e-02 3.654756229131215783e-01
2.359655350446701050e-01 -3.579632937908172607e-02 -9.711018204689025879e-01 -4.938836855034271167e+00
0.000000000000000000e+00 0.000000000000000000e+00 0.000000000000000000e+00 1.000000000000000000e+00
9.986559152603149414e-01 -5.080626159906387329e-02 -1.025925390422344208e-02 -4.367547037601908766e-01
-5.088874697685241699e-02 -9.986728429794311523e-01 -7.944372482597827911e-03 2.380671359821356081e-01
-9.842003695666790009e-03 8.455825969576835632e-03 -9.999158382415771484e-01 -4.934138916718047163e+00
0.000000000000000000e+00 0.000000000000000000e+00 0.000000000000000000e+00 1.000000000000000000e+00
9.945415258407592773e-01 -5.635917559266090393e-02 8.781091868877410889e-02 1.029697442329213231e-01
-5.332949012517929077e-02 -9.979106783866882324e-01 -3.647573292255401611e-02 1.268542522187255384e-01
8.968318998813629150e-02 3.159363567829132080e-02 -9.954690337181091309e-01 -4.916072151484550901e+00
0.000000000000000000e+00 0.000000000000000000e+00 0.000000000000000000e+00 1.000000000000000000e+00
-1.413815654814243317e-02 -9.059976786375045776e-02 9.957870244979858398e-01 5.258266060672373676e+00
-3.952172026038169861e-02 -9.950575828552246094e-01 -9.109454602003097534e-02 -1.005217436061678349e-01
9.991186857223510742e-01 -4.064312204718589783e-02 1.048758532851934433e-02 5.937493908894580369e-02
0.000000000000000000e+00 0.000000000000000000e+00 0.000000000000000000e+00 1.000000000000000000e+00
-2.286081388592720032e-02 -1.064512580633163452e-01 9.940554499626159668e-01 5.203276889106298597e+00
-2.283633686602115631e-02 -9.939998388290405273e-01 -1.069704815745353699e-01 -1.212665896280680083e-01
9.994777441024780273e-01 -2.514602057635784149e-02 2.029266022145748138e-02 1.962645319001189992e-01
0.000000000000000000e+00 0.000000000000000000e+00 0.000000000000000000e+00 1.000000000000000000e+00
-6.492486596107482910e-02 -1.048383265733718872e-01 9.923675656318664551e-01 5.135989904687947138e+00
-2.611228264868259430e-02 -9.939464926719665527e-01 -1.067135334014892578e-01 -7.018429800898060011e-02
9.975480437278747559e-01 -3.284136578440666199e-02 6.179429963231086731e-02 5.088820396464249773e-01
0.000000000000000000e+00 0.000000000000000000e+00 0.000000000000000000e+00 1.000000000000000000e+00
-2.943840250372886658e-02 -9.822071343660354614e-02 9.947290420532226562e-01 5.072499682986855163e+00
-3.202714771032333374e-02 -9.945568442344665527e-01 -9.915149211883544922e-02 -3.405869493154164811e-03
9.990529417991638184e-01 -3.477721288800239563e-02 2.613254263997077942e-02 4.414695612680679115e-01
0.000000000000000000e+00 0.000000000000000000e+00 0.000000000000000000e+00 1.000000000000000000e+00
-4.451832920312881470e-02 -9.621988236904144287e-02 9.943637847900390625e-01 5.017791459163654544e+00
-5.742351710796356201e-02 -9.934589266777038574e-01 -9.870326519012451172e-02 2.264757409662520107e-02
9.973566532135009766e-01 -6.149398535490036011e-02 3.870182111859321594e-02 6.261083782030542055e-01
0.000000000000000000e+00 0.000000000000000000e+00 0.000000000000000000e+00 1.000000000000000000e+00
-2.671684324741363525e-02 -8.255229890346527100e-02 9.962284564971923828e-01 4.970479541808575874e+00
-7.769319415092468262e-02 -9.933981299400329590e-01 -8.440132439136505127e-02 1.259122166792252806e-01
9.966194629669189453e-01 -7.965518534183502197e-02 2.012661844491958618e-02 6.504540080347108733e-01
0.000000000000000000e+00 0.000000000000000000e+00 0.000000000000000000e+00 1.000000000000000000e+00
-2.792838774621486664e-02 -7.130910456180572510e-02 9.970632791519165039e-01 4.930913528324829542e+00
-1.074209511280059814e-01 -9.914621114730834961e-01 -7.391748577356338501e-02 2.229369294127689916e-01
9.938212633132934570e-01 -1.091698855161666870e-01 2.002983726561069489e-02 7.622690767973137049e-01
0.000000000000000000e+00 0.000000000000000000e+00 0.000000000000000000e+00 1.000000000000000000e+00
-2.115638367831707001e-02 -8.686228841543197632e-02 9.959956407546997070e-01 4.928192144679870879e+00
-1.064056381583213806e-01 -9.903647899627685547e-01 -8.863143622875213623e-02 2.015750176849560871e-01
9.940975308418273926e-01 -1.078546866774559021e-01 1.170992013067007065e-02 7.962677218735407791e-01
0.000000000000000000e+00 0.000000000000000000e+00 0.000000000000000000e+00 1.000000000000000000e+00
-2.119577676057815552e-02 -8.853854984045028687e-02 9.958472251892089844e-01 4.934044825837569093e+00
-1.321243196725845337e-01 -9.870865941047668457e-01 -9.057180583477020264e-02 2.384853086421462320e-01
9.910066127777099609e-01 -1.334953755140304565e-01 9.223968721926212311e-03 8.670038060978159100e-01
0.000000000000000000e+00 0.000000000000000000e+00 0.000000000000000000e+00 1.000000000000000000e+00
2.570942277088761330e-03 -9.510248899459838867e-02 9.954641461372375488e-01 4.957213887791228402e+00
-1.531507819890975952e-01 -9.837611317634582520e-01 -9.358890354633331299e-02 2.503536146961271025e-01
9.881996512413024902e-01 -1.522154957056045532e-01 -1.709416508674621582e-02 8.247953759194381895e-01
0.000000000000000000e+00 0.000000000000000000e+00 0.000000000000000000e+00 1.000000000000000000e+00
1.992208883166313171e-02 -1.006279811263084412e-01 9.947246313095092773e-01 4.969880742170161625e+00
-1.781009882688522339e-01 -9.793663024902343750e-01 -9.550735354423522949e-02 2.712890329687550617e-01
9.838106036186218262e-01 -1.752587258815765381e-01 -3.743289411067962646e-02 8.429957698992809334e-01
0.000000000000000000e+00 0.000000000000000000e+00 0.000000000000000000e+00 1.000000000000000000e+00
3.333294391632080078e-02 -1.093485578894615173e-01 9.934443235397338867e-01 4.996557285902444079e+00
-1.884125024080276489e-01 -9.768616557121276855e-01 -1.012015044689178467e-01 2.886748322615655948e-01
9.815241694450378418e-01 -1.838039755821228027e-01 -5.316429957747459412e-02 8.821032592066277989e-01
0.000000000000000000e+00 0.000000000000000000e+00 0.000000000000000000e+00 1.000000000000000000e+00
9.812007844448089600e-02 -1.091430261731147766e-01 9.891715049743652344e-01 5.027600821033495926e+00
-2.166409641504287720e-01 -9.724722504615783691e-01 -8.581098914146423340e-02 3.785751338399396260e-01
9.713080525398254395e-01 -2.058752477169036865e-01 -1.190638467669487000e-01 6.738281261269727374e-01
0.000000000000000000e+00 0.000000000000000000e+00 0.000000000000000000e+00 1.000000000000000000e+00
1.606000363826751709e-01 -1.329358816146850586e-01 9.780263900756835938e-01 5.106809037219396608e+00
-2.339799702167510986e-01 -9.677715897560119629e-01 -9.312053769826889038e-02 3.410495876628210077e-01
9.588856101036071777e-01 -2.138834893703460693e-01 -1.865286976099014282e-01 5.658938960745973912e-01
0.000000000000000000e+00 0.000000000000000000e+00 0.000000000000000000e+00 1.000000000000000000e+00
2.051378339529037476e-01 -1.857718080282211304e-01 9.609404206275939941e-01 5.322727694908149232e+00
-2.376849204301834106e-01 -9.618846774101257324e-01 -1.352143585681915283e-01 1.444030696536539593e-01
9.494333863258361816e-01 -2.006635516881942749e-01 -2.414741963148117065e-01 5.627086311988197531e-01
0.000000000000000000e+00 0.000000000000000000e+00 0.000000000000000000e+00 1.000000000000000000e+00
1.946628093719482422e-01 -1.990351080894470215e-01 9.604637026786804199e-01 5.421847090323137053e+00
-2.746695280075073242e-01 -9.510816335678100586e-01 -1.414220184087753296e-01 1.216616420093608875e-01
9.416275024414062500e-01 -2.362806349992752075e-01 -2.398092001676559448e-01 6.149486914030810603e-01
0.000000000000000000e+00 0.000000000000000000e+00 0.000000000000000000e+00 1.000000000000000000e+00
1.455134004354476929e-01 -2.212602794170379639e-01 9.642972350120544434e-01 5.290000457414080870e+00
-2.001672238111495972e-01 -9.610988497734069824e-01 -1.903209090232849121e-01 -1.479330640821359122e-01
9.688955545425415039e-01 -1.653265953063964844e-01 -1.841418892145156860e-01 7.650029602359170733e-01
0.000000000000000000e+00 0.000000000000000000e+00 0.000000000000000000e+00 1.000000000000000000e+00
1.464356034994125366e-01 -2.271768897771835327e-01 9.627811908721923828e-01 5.218924249836542018e+00
-1.685527414083480835e-01 -9.647703766822814941e-01 -2.020099908113479614e-01 -2.392659560976248545e-01
9.747545123100280762e-01 -1.326978802680969238e-01 -1.795679181814193726e-01 7.272438613668276153e-01
0.000000000000000000e+00 0.000000000000000000e+00 0.000000000000000000e+00 1.000000000000000000e+00
1.410745978355407715e-01 -2.704129815101623535e-01 9.523528218269348145e-01 4.913212233248375860e+00
-7.212702929973602295e-02 -9.622239470481872559e-01 -2.625314891338348389e-01 -6.475879602772736110e-01
9.873678684234619141e-01 -3.165394812822341919e-02 -1.552491635084152222e-01 6.432537300764469279e-01
0.000000000000000000e+00 0.000000000000000000e+00 0.000000000000000000e+00 1.000000000000000000e+00
1.477681845426559448e-01 -3.212172091007232666e-01 9.354057908058166504e-01 4.624335653014981062e+00
-3.142939880490303040e-02 -9.468359947204589844e-01 -3.201773762702941895e-01 -1.048649990063533322e+00
9.885224699974060059e-01 1.791280135512351990e-02 -1.500079631805419922e-01 5.634416548118483803e-01
0.000000000000000000e+00 0.000000000000000000e+00 0.000000000000000000e+00 1.000000000000000000e+00
1.826027333736419678e-01 -3.831611275672912598e-01 9.054521918296813965e-01 4.375965150111191804e+00
2.496439963579177856e-03 -9.207525253295898438e-01 -3.901392221450805664e-01 -1.421050489045770915e+00
9.831836223602294922e-01 7.350089401006698608e-02 -1.671753972768783569e-01 4.316480964234268303e-01
0.000000000000000000e+00 0.000000000000000000e+00 0.000000000000000000e+00 1.000000000000000000e+00
2.466160655021667480e-01 -4.112541079521179199e-01 8.775250315666198730e-01 4.182753657239508982e+00
5.621240660548210144e-02 -8.978980183601379395e-01 -4.365996122360229492e-01 -1.647034754374084642e+00
9.674814343452453613e-01 1.570002287626266479e-01 -1.983185708522796631e-01 2.250710503899498172e-01
0.000000000000000000e+00 0.000000000000000000e+00 0.000000000000000000e+00 1.000000000000000000e+00
3.320128917694091797e-01 -4.561188817024230957e-01 8.256652355194091797e-01 3.867783856977257351e+00
1.230330020189285278e-01 -8.469001054763793945e-01 -5.173230171203613281e-01 -2.048419794700880203e+00
9.352167248725891113e-01 2.733420133590698242e-01 -2.250641435384750366e-01 2.578812377148997567e-02
0.000000000000000000e+00 0.000000000000000000e+00 0.000000000000000000e+00 1.000000000000000000e+00
3.594820797443389893e-01 -4.954601228237152100e-01 7.907540798187255859e-01 3.661729322159076094e+00
1.363878101110458374e-01 -8.104040622711181641e-01 -5.697749257087707520e-01 -2.317337974262528633e+00
9.231311082839965820e-01 3.126730322837829590e-01 -2.237510234117507935e-01 -1.105565197673528434e-02
0.000000000000000000e+00 0.000000000000000000e+00 0.000000000000000000e+00 1.000000000000000000e+00
3.739263117313385010e-01 -5.440723299980163574e-01 7.511086463928222656e-01 3.411483056570872030e+00
1.623011827468872070e-01 -7.589740753173828125e-01 -6.305685043334960938e-01 -2.575710891404674463e+00
9.131469130516052246e-01 3.576919138431549072e-01 -1.954967826604843140e-01 6.777106164070351157e-02
0.000000000000000000e+00 0.000000000000000000e+00 0.000000000000000000e+00 1.000000000000000000e+00
4.195515811443328857e-01 -5.485036969184875488e-01 7.232705950736999512e-01 3.225911120119828723e+00
1.606733649969100952e-01 -7.393337488174438477e-01 -6.538880467414855957e-01 -2.684980516078105062e+00
8.933983445167541504e-01 3.905500471591949463e-01 -2.220586985349655151e-01 -8.465469271960035513e-02
0.000000000000000000e+00 0.000000000000000000e+00 0.000000000000000000e+00 1.000000000000000000e+00
4.038652181625366211e-01 -5.749206542968750000e-01 7.115890383720397949e-01 3.080296658943979971e+00
1.756888777017593384e-01 -7.146245241165161133e-01 -6.770859956741333008e-01 -2.776697851151705532e+00
8.977896571159362793e-01 3.984697163105010986e-01 -1.876047551631927490e-01 1.853192535743104080e-02
0.000000000000000000e+00 0.000000000000000000e+00 0.000000000000000000e+00 1.000000000000000000e+00
3.779665827751159668e-01 -6.235906481742858887e-01 6.843070387840270996e-01 2.875791701718911408e+00
1.743734031915664673e-01 -6.779593229293823242e-01 -7.141185402870178223e-01 -2.922753376474735987e+00
9.092497825622558594e-01 3.892378509044647217e-01 -1.475082933902740479e-01 1.291872414406305958e-01
0.000000000000000000e+00 0.000000000000000000e+00 0.000000000000000000e+00 1.000000000000000000e+00
2.724240720272064209e-01 -7.143036723136901855e-01 6.446356773376464844e-01 2.566016458558486146e+00
1.409566849470138550e-01 -6.331195831298828125e-01 -7.611114978790283203e-01 -3.076668097449593020e+00
9.517962932586669922e-01 2.982107698917388916e-01 -7.179121673107147217e-02 3.072447930157282125e-01
0.000000000000000000e+00 0.000000000000000000e+00 0.000000000000000000e+00 1.000000000000000000e+00
1.936996430158615112e-01 -7.572967410087585449e-01 6.236844658851623535e-01 2.433041074442360063e+00
1.330933570861816406e-01 -6.095631718635559082e-01 -7.814851999282836914e-01 -3.127032146957660519e+00
9.719910621643066406e-01 2.343816161155700684e-01 -1.728103123605251312e-02 4.430591679622569723e-01
0.000000000000000000e+00 0.000000000000000000e+00 0.000000000000000000e+00 1.000000000000000000e+00
2.601662576198577881e-01 -7.866893410682678223e-01 5.598515272140502930e-01 2.138118363863906080e+00
1.191204190254211426e-01 -5.492384433746337891e-01 -8.271319866180419922e-01 -3.252532059245913487e+00
9.581876993179321289e-01 2.818815410137176514e-01 -4.918261617422103882e-02 1.758805678173573639e-01
0.000000000000000000e+00 0.000000000000000000e+00 0.000000000000000000e+00 1.000000000000000000e+00
3.877231180667877197e-01 -7.713331580162048340e-01 5.046939849853515625e-01 1.886044747490482898e+00
1.049059927463531494e-01 -5.070416331291198730e-01 -8.555136322975158691e-01 -3.306361726144364077e+00
9.157867431640625000e-01 3.846479058265686035e-01 -1.156741827726364136e-01 -1.855597202384890732e-01
0.000000000000000000e+00 0.000000000000000000e+00 0.000000000000000000e+00 1.000000000000000000e+00
5.332483649253845215e-01 -7.353491783142089844e-01 4.182195067405700684e-01 1.485979923463887964e+00
3.264486789703369141e-02 -4.761182665824890137e-01 -8.787752389907836914e-01 -3.289781841126332207e+00
8.453286886215209961e-01 4.822579324245452881e-01 -2.298839092254638672e-01 -6.754806501444994282e-01
0.000000000000000000e+00 0.000000000000000000e+00 0.000000000000000000e+00 1.000000000000000000e+00
6.266576647758483887e-01 -7.070417404174804688e-01 3.277071416378021240e-01 1.185176555999102099e+00
-3.232467174530029297e-02 -4.437390267848968506e-01 -8.955727815628051758e-01 -3.245900819512623325e+00
7.786238789558410645e-01 5.506245493888854980e-01 -3.009274899959564209e-01 -9.368744499555218264e-01
0.000000000000000000e+00 0.000000000000000000e+00 0.000000000000000000e+00 1.000000000000000000e+00
6.296068429946899414e-01 -7.464701533317565918e-01 2.153551429510116577e-01 8.546647504101844151e-01
-1.077520176768302917e-01 -3.584139347076416016e-01 -9.273238778114318848e-01 -3.392189277498177891e+00
7.694055438041687012e-01 5.606442689895629883e-01 -3.060936927795410156e-01 -9.017933822724800708e-01
0.000000000000000000e+00 0.000000000000000000e+00 0.000000000000000000e+00 1.000000000000000000e+00
6.204438209533691406e-01 -7.797139883041381836e-01 8.423178642988204956e-02 3.840081850144987374e-01
-1.788819283246994019e-01 -2.452731430530548096e-01 -9.528074264526367188e-01 -3.610489245080981124e+00
7.635774016380310059e-01 5.760965943336486816e-01 -2.916550338268280029e-01 -7.959078287166065913e-01
0.000000000000000000e+00 0.000000000000000000e+00 0.000000000000000000e+00 1.000000000000000000e+00
6.273543238639831543e-01 -7.782805562019348145e-01 -2.658091485500335693e-02 -8.523772038560072095e-02
-2.039252966642379761e-01 -1.312457472085952759e-01 -9.701484441757202148e-01 -3.790573573712524347e+00
7.515591979026794434e-01 6.140471696853637695e-01 -2.410486191511154175e-01 -5.998113140284007105e-01
0.000000000000000000e+00 0.000000000000000000e+00 0.000000000000000000e+00 1.000000000000000000e+00
6.507134437561035156e-01 -7.450222969055175781e-01 -1.466788500547409058e-01 -6.602822636137397616e-01
-2.408071756362915039e-01 -1.927720755338668823e-02 -9.703815579414367676e-01 -3.872687297487865443e+00
7.201280593872070312e-01 6.667613983154296875e-01 -1.919506192207336426e-01 -4.261120734398204934e-01
0.000000000000000000e+00 0.000000000000000000e+00 0.000000000000000000e+00 1.000000000000000000e+00
6.552644371986389160e-01 -7.140276432037353516e-01 -2.465626001358032227e-01 -1.185530735308431227e+00
-2.470831423997879028e-01 1.058547049760818481e-01 -9.631948471069335938e-01 -3.938771920803238569e+00
7.138476371765136719e-01 6.920689940452575684e-01 -1.070613563060760498e-01 -1.091206175643523041e-01
0.000000000000000000e+00 0.000000000000000000e+00 0.000000000000000000e+00 1.000000000000000000e+00
6.231600642204284668e-01 -7.734510302543640137e-01 -1.159515306353569031e-01 -5.193115749816542559e-01
-3.077803552150726318e-01 -1.062294170260429382e-01 -9.455084800720214844e-01 -3.630866686453963599e+00
7.189872860908508301e-01 6.248906850814819336e-01 -3.042509853839874268e-01 -1.050020201115385188e+00
0.000000000000000000e+00 0.000000000000000000e+00 0.000000000000000000e+00 1.000000000000000000e+00
6.067928671836853027e-01 -7.940420508384704590e-01 -3.605239093303680420e-02 -1.538054221282530443e-01
-3.838296830654144287e-01 -2.529941499233245850e-01 -8.880704641342163086e-01 -3.266423694992616422e+00
6.960439682006835938e-01 5.527126193046569824e-01 -4.582920372486114502e-01 -1.621794690440914843e+00
0.000000000000000000e+00 0.000000000000000000e+00 0.000000000000000000e+00 1.000000000000000000e+00
6.020735502243041992e-01 -7.959597110748291016e-01 6.289177387952804565e-02 2.638551090601744531e-01
-4.514861106872558594e-01 -4.043569564819335938e-01 -7.953966856002807617e-01 -2.727234580423757215e+00
6.585343480110168457e-01 4.504925310611724854e-01 -6.028174161911010742e-01 -2.116691778276458269e+00
0.000000000000000000e+00 0.000000000000000000e+00 0.000000000000000000e+00 1.000000000000000000e+00
6.149904131889343262e-01 -7.792182564735412598e-01 1.208537220954895020e-01 4.871431887402422611e-01
-5.168138146400451660e-01 -5.140649676322937012e-01 -6.845731139183044434e-01 -2.155694809445558136e+00
5.955585241317749023e-01 3.585469126701354980e-01 -7.188561558723449707e-01 -2.461373786441877431e+00
0.000000000000000000e+00 0.000000000000000000e+00 0.000000000000000000e+00 1.000000000000000000e+00
6.103867292404174805e-01 -7.753781080245971680e-01 1.619168370962142944e-01 6.312418515272332220e-01
-5.724549889564514160e-01 -5.730956196784973145e-01 -5.863932967185974121e-01 -1.717303038781437863e+00
5.474702119827270508e-01 2.652364373207092285e-01 -7.936789393424987793e-01 -2.664689477585882038e+00
0.000000000000000000e+00 0.000000000000000000e+00 0.000000000000000000e+00 1.000000000000000000e+00
5.950942039489746094e-01 -7.890067100524902344e-01 1.527431011199951172e-01 5.448362839220576292e-01
-6.667225956916809082e-01 -5.908172130584716797e-01 -4.543301761150360107e-01 -1.239132658936897169e+00
4.487130641937255859e-01 1.685319691896438599e-01 -8.776409626007080078e-01 -2.893815456921639218e+00
0.000000000000000000e+00 0.000000000000000000e+00 0.000000000000000000e+00 1.000000000000000000e+00
5.818351507186889648e-01 -7.921871542930603027e-01 1.841406375169754028e-01 6.000647372521905609e-01
-7.136990427970886230e-01 -6.058870553970336914e-01 -3.514749109745025635e-01 -8.411514314652406288e-01
3.900021314620971680e-01 7.307933270931243896e-02 -9.179092645645141602e-01 -2.978195611535152221e+00
0.000000000000000000e+00 0.000000000000000000e+00 0.000000000000000000e+00 1.000000000000000000e+00
5.749195218086242676e-01 -7.838596701622009277e-01 2.345865070819854736e-01 7.176247508558385446e-01
-7.543644309043884277e-01 -6.188364624977111816e-01 -2.190328091382980347e-01 -3.353064340875280824e-01
3.168617486953735352e-01 -5.103750154376029968e-02 -9.470975995063781738e-01 -3.011988704449219956e+00
0.000000000000000000e+00 0.000000000000000000e+00 0.000000000000000000e+00 1.000000000000000000e+00
5.610573291778564453e-01 -7.905204296112060547e-01 2.455437034368515015e-01 7.354428098776880640e-01
-7.840472459793090820e-01 -6.026372909545898438e-01 -1.486555337905883789e-01 -7.421819098811799353e-02
2.654891312122344971e-01 -1.091135889291763306e-01 -9.579194188117980957e-01 -3.020419716057941351e+00
0.000000000000000000e+00 0.000000000000000000e+00 0.000000000000000000e+00 1.000000000000000000e+00
5.400289297103881836e-01 -8.050493597984313965e-01 2.454872876405715942e-01 6.944437843368027607e-01
-8.284341096878051758e-01 -5.599167943000793457e-01 -1.377859432250261307e-02 3.922349033747667413e-01
1.485448181629180908e-01 -1.959293484687805176e-01 -9.693018794059753418e-01 -3.025454156755461366e+00
0.000000000000000000e+00 0.000000000000000000e+00 0.000000000000000000e+00 1.000000000000000000e+00
5.290154814720153809e-01 -8.093577623367309570e-01 2.551131546497344971e-01 6.874803080248100828e-01
-8.479516506195068359e-01 -5.160137414932250977e-01 1.212779954075813293e-01 8.703176358567263904e-01
3.348460048437118530e-02 -2.804814279079437256e-01 -9.592751860618591309e-01 -2.965391854654394699e+00
0.000000000000000000e+00 0.000000000000000000e+00 0.000000000000000000e+00 1.000000000000000000e+00
5.372511744499206543e-01 -7.971169948577880859e-01 2.756184637546539307e-01 7.149518783147872369e-01
-8.410557508468627930e-01 -4.818679690361022949e-01 2.458213567733764648e-01 1.289672816028050173e+00
-6.313672661781311035e-02 -3.638781607151031494e-01 -9.293041825294494629e-01 -2.812754493544384449e+00
0.000000000000000000e+00 0.000000000000000000e+00 0.000000000000000000e+00 1.000000000000000000e+00
4.995917677879333496e-01 -8.170270323753356934e-01 2.878800332546234131e-01 7.416652269950232412e-01
-8.436068296432495117e-01 -3.833709061145782471e-01 3.759712874889373779e-01 1.735926659280630169e+00
-1.968139708042144775e-01 -4.306895732879638672e-01 -8.807784318923950195e-01 -2.566199040041593271e+00
0.000000000000000000e+00 0.000000000000000000e+00 0.000000000000000000e+00 1.000000000000000000e+00
4.789372682571411133e-01 -8.244293332099914551e-01 3.015550076961517334e-01 7.927317450649874475e-01
-8.248160481452941895e-01 -3.050307333469390869e-01 4.760617911815643311e-01 2.077799190017308728e+00
-3.004957139492034912e-01 -4.767309725284576416e-01 -8.260931968688964844e-01 -2.322486595160019096e+00
0.000000000000000000e+00 0.000000000000000000e+00 0.000000000000000000e+00 1.000000000000000000e+00
4.512429833412170410e-01 -8.383795619010925293e-01 3.057752251625061035e-01 8.584011966628719570e-01
-8.063003420829772949e-01 -2.361865043640136719e-01 5.423054099082946777e-01 2.296656291259709715e+00
-3.824379742145538330e-01 -4.912583827972412109e-01 -7.825639843940734863e-01 -2.121082380396557721e+00
0.000000000000000000e+00 0.000000000000000000e+00 0.000000000000000000e+00 1.000000000000000000e+00
4.080338776111602783e-01 -8.642346858978271484e-01 2.942895889282226562e-01 8.994867287121562915e-01
-7.870808243751525879e-01 -1.696578860282897949e-01 5.930597782135009766e-01 2.441587430382974322e+00
-4.626144766807556152e-01 -4.736184775829315186e-01 -7.494491934776306152e-01 -1.925683820455877049e+00
0.000000000000000000e+00 0.000000000000000000e+00 0.000000000000000000e+00 1.000000000000000000e+00
3.628051877021789551e-01 -8.889636397361755371e-01 2.794919013977050781e-01 9.576099755228919541e-01
-7.769673466682434082e-01 -1.229817718267440796e-01 6.174113154411315918e-01 2.474234113651331501e+00
-5.144838094711303711e-01 -4.411563277244567871e-01 -7.353144884109497070e-01 -1.790589820521664821e+00
0.000000000000000000e+00 0.000000000000000000e+00 0.000000000000000000e+00 1.000000000000000000e+00
2.578603923320770264e-01 -9.391175508499145508e-01 2.270815819501876831e-01 9.170418952486185660e-01
-7.701315283775329590e-01 -5.785379931330680847e-02 6.352562308311462402e-01 2.459684155439334496e+00
-5.834425091743469238e-01 -3.386902213096618652e-01 -7.381623387336730957e-01 -1.724170083690956590e+00
0.000000000000000000e+00 0.000000000000000000e+00 0.000000000000000000e+00 1.000000000000000000e+00
6.908782571554183960e-02 -9.805780053138732910e-01 1.835601776838302612e-01 9.307636925292903651e-01
-7.824026942253112793e-01 6.089664623141288757e-02 6.197885274887084961e-01 2.237711629438028371e+00
-6.189287900924682617e-01 -1.864377558231353760e-01 -7.629994750022888184e-01 -1.784212743259152800e+00
0.000000000000000000e+00 0.000000000000000000e+00 0.000000000000000000e+00 1.000000000000000000e+00
-9.161333739757537842e-02 -9.801491498947143555e-01 1.758261024951934814e-01 9.255603062081425580e-01
-7.861170172691345215e-01 1.795701831579208374e-01 5.914176702499389648e-01 2.018870797768308023e+00
-6.112505793571472168e-01 -8.403810113668441772e-02 -7.869628667831420898e-01 -1.869358559835766709e+00
0.000000000000000000e+00 0.000000000000000000e+00 0.000000000000000000e+00 1.000000000000000000e+00
-2.155802547931671143e-01 -9.572671651840209961e-01 1.927803754806518555e-01 9.630522467892518312e-01
-7.463535666465759277e-01 2.888344526290893555e-01 5.996087193489074707e-01 2.074482776512971860e+00
-6.296678185462951660e-01 -1.461841817945241928e-02 -7.767271995544433594e-01 -1.811941452161252020e+00
0.000000000000000000e+00 0.000000000000000000e+00 0.000000000000000000e+00 1.000000000000000000e+00
-2.681020498275756836e-01 -9.516807794570922852e-01 1.497475951910018921e-01 9.217010445226592186e-01
-7.049735188484191895e-01 2.997429072856903076e-01 6.427804231643676758e-01 2.265297285146192330e+00
-6.566077470779418945e-01 6.676270067691802979e-02 -7.512716054916381836e-01 -1.695597241898985974e+00
0.000000000000000000e+00 0.000000000000000000e+00 0.000000000000000000e+00 1.000000000000000000e+00
-3.739406168460845947e-01 -9.223636984825134277e-01 9.702233225107192993e-02 9.220047101444592830e-01
-6.925652027130126953e-01 3.472830951213836670e-01 6.322559118270874023e-01 2.198790644988239062e+00
-6.168643832206726074e-01 1.692320704460144043e-01 -7.686605453491210938e-01 -1.666393160527951833e+00
0.000000000000000000e+00 0.000000000000000000e+00 0.000000000000000000e+00 1.000000000000000000e+00
2.221757769584655762e-01 -9.224125742912292480e-01 3.159008920192718506e-01 9.426357187599512244e-01
-7.353109717369079590e-01 5.424932017922401428e-02 6.755552291870117188e-01 2.442708046803704125e+00
-6.402780413627624512e-01 -3.823775351047515869e-01 -6.662071347236633301e-01 -1.387736748874582871e+00
0.000000000000000000e+00 0.000000000000000000e+00 0.000000000000000000e+00 1.000000000000000000e+00
5.266252160072326660e-01 -7.873204946517944336e-01 3.206119835376739502e-01 7.440296720881242054e-01
-7.690333127975463867e-01 -2.804957032203674316e-01 5.743780732154846191e-01 2.323726280877668859e+00
-3.622893691062927246e-01 -5.490431785583496094e-01 -7.531918287277221680e-01 -2.151688025931195902e+00
0.000000000000000000e+00 0.000000000000000000e+00 0.000000000000000000e+00 1.000000000000000000e+00
5.894713997840881348e-01 -7.426464557647705078e-01 3.178051412105560303e-01 7.043025501529552868e-01
-7.703616023063659668e-01 -3.984557390213012695e-01 4.977713525295257568e-01 2.092712634292120288e+00
-2.430366426706314087e-01 -5.382464528083801270e-01 -8.069843053817749023e-01 -2.532633721145053585e+00
0.000000000000000000e+00 0.000000000000000000e+00 0.000000000000000000e+00 1.000000000000000000e+00
5.983753204345703125e-01 -7.462412714958190918e-01 2.916685044765472412e-01 6.069886804866635455e-01
-7.734878063201904297e-01 -4.430910348892211914e-01 4.531961381435394287e-01 1.958371399708518368e+00
-2.089580446481704712e-01 -4.967834055423736572e-01 -8.423432707786560059e-01 -2.749004950727518271e+00
0.000000000000000000e+00 0.000000000000000000e+00 0.000000000000000000e+00 1.000000000000000000e+00
6.230933666229248047e-01 -7.487941384315490723e-01 2.259689569473266602e-01 3.491150606573308335e-01
-7.612880468368530273e-01 -5.143361687660217285e-01 3.948394954204559326e-01 1.747627854998145214e+00
-1.794295310974121094e-01 -4.180495142936706543e-01 -8.905281424522399902e-01 -3.002556518892374626e+00
0.000000000000000000e+00 0.000000000000000000e+00 0.000000000000000000e+00 1.000000000000000000e+00
6.398867964744567871e-01 -7.528957128524780273e-01 1.539246588945388794e-01 6.533951228402729017e-02
-7.447552084922790527e-01 -5.581979155540466309e-01 3.657247424125671387e-01 1.650788779080933688e+00
-1.894322335720062256e-01 -3.486584722995758057e-01 -9.179067015647888184e-01 -3.164823879753894342e+00
0.000000000000000000e+00 0.000000000000000000e+00 0.000000000000000000e+00 1.000000000000000000e+00
6.518097519874572754e-01 -7.544417381286621094e-01 7.720786333084106445e-02 -2.479052358514111376e-01
-7.306257486343383789e-01 -5.974001288414001465e-01 3.306038975715637207e-01 1.520663447120538692e+00
-2.032975256443023682e-01 -2.719008028507232666e-01 -9.406061172485351562e-01 -3.300322833320314508e+00
0.000000000000000000e+00 0.000000000000000000e+00 0.000000000000000000e+00 1.000000000000000000e+00
6.670305728912353516e-01 -7.445307374000549316e-01 2.727604471147060394e-02 -4.714089431721466550e-01
-7.215998768806457520e-01 -6.365111470222473145e-01 2.722982466220855713e-01 1.297240449032875942e+00
-1.853730827569961548e-01 -2.013137042522430420e-01 -9.618262648582458496e-01 -3.433959317633655584e+00
0.000000000000000000e+00 0.000000000000000000e+00 0.000000000000000000e+00 1.000000000000000000e+00
7.081986665725708008e-01 -7.041070461273193359e-01 -5.184179916977882385e-02 -8.572212743140777969e-01
-6.820022463798522949e-01 -7.012537121772766113e-01 2.076446264982223511e-01 1.034982774594400023e+00
-1.825584173202514648e-01 -1.116973757743835449e-01 -9.768295884132385254e-01 -3.543660284392544213e+00
0.000000000000000000e+00 0.000000000000000000e+00 0.000000000000000000e+00 1.000000000000000000e+00
7.451633214950561523e-01 -6.605497002601623535e-01 -9.168005734682083130e-02 -1.072701447178147305e+00
-6.457737684249877930e-01 -7.490409612655639648e-01 1.480331271886825562e-01 7.803302325416845431e-01
-1.664553880691528320e-01 -5.110424011945724487e-02 -9.847237467765808105e-01 -3.619297527784483215e+00
0.000000000000000000e+00 0.000000000000000000e+00 0.000000000000000000e+00 1.000000000000000000e+00
7.728098630905151367e-01 -6.148163676261901855e-01 -1.573712378740310669e-01 -1.401351973970523801e+00
-6.131703257560729980e-01 -7.872978448867797852e-01 6.468362361192703247e-02 4.122256199812737720e-01
-1.636666059494018555e-01 4.650735110044479370e-02 -9.854185581207275391e-01 -3.655469152860680193e+00
0.000000000000000000e+00 0.000000000000000000e+00 0.000000000000000000e+00 1.000000000000000000e+00
7.959966659545898438e-01 -5.708939433097839355e-01 -2.011695802211761475e-01 -1.637618510028242325e+00
-5.850023031234741211e-01 -8.109197020530700684e-01 -1.347508560866117477e-02 6.542583303752123880e-02
-1.554394513368606567e-01 1.284107863903045654e-01 -9.794636368751525879e-01 -3.676084685541183283e+00
0.000000000000000000e+00 0.000000000000000000e+00 0.000000000000000000e+00 1.000000000000000000e+00
8.270149827003479004e-01 -5.134548544883728027e-01 -2.289325147867202759e-01 -1.811279234387595416e+00
-5.452463626861572266e-01 -8.317791819572448730e-01 -1.041609197854995728e-01 -3.505819507580157923e-01
-1.369393169879913330e-01 2.109673172235488892e-01 -9.678535461425781250e-01 -3.667920931425153075e+00
0.000000000000000000e+00 0.000000000000000000e+00 0.000000000000000000e+00 1.000000000000000000e+00
8.453048467636108398e-01 -4.892554581165313721e-01 -2.146833837032318115e-01 -1.809712593584110962e+00
-5.286082625389099121e-01 -8.242548108100891113e-01 -2.029218375682830811e-01 -8.005448597629182261e-01
-7.767312973737716675e-02 2.850143313407897949e-01 -9.553711414337158203e-01 -3.669714552608474012e+00
0.000000000000000000e+00 0.000000000000000000e+00 0.000000000000000000e+00 1.000000000000000000e+00
8.546451330184936523e-01 -4.892076253890991211e-01 -1.739457696676254272e-01 -1.690925665711396686e+00
-5.192051529884338379e-01 -8.069956302642822266e-01 -2.813958823680877686e-01 -1.183830694915567472e+00
-2.712311455979943275e-03 3.308073282241821289e-01 -9.436944723129272461e-01 -3.684057966611196999e+00
0.000000000000000000e+00 0.000000000000000000e+00 0.000000000000000000e+00 1.000000000000000000e+00
8.634973168373107910e-01 -4.875022470951080322e-01 -1.292815357446670532e-01 -1.548455001841932521e+00
-4.986089169979095459e-01 -7.865639328956604004e-01 -3.642884194850921631e-01 -1.578761873533175653e+00
7.590331137180328369e-02 3.790231645107269287e-01 -9.222690463066101074e-01 -3.661219454756144742e+00
0.000000000000000000e+00 0.000000000000000000e+00 0.000000000000000000e+00 1.000000000000000000e+00
8.780368566513061523e-01 -4.714418947696685791e-01 -8.242267370223999023e-02 -1.399753786068792749e+00
-4.547950029373168945e-01 -7.682799696922302246e-01 -4.504516720771789551e-01 -2.006775640921325987e+00
1.490383148193359375e-01 4.329987466335296631e-01 -8.889878988265991211e-01 -3.603656119336927866e+00
0.000000000000000000e+00 0.000000000000000000e+00 0.000000000000000000e+00 1.000000000000000000e+00
8.956729769706726074e-01 -4.435240030288696289e-01 -3.249576315283775330e-02 -1.225433747197030909e+00
-3.877526819705963135e-01 -7.430854439735412598e-01 -5.454093217849731445e-01 -2.494999525430628751e+00
2.177551984786987305e-01 5.011089444160461426e-01 -8.375394940376281738e-01 -3.534358850645411998e+00
0.000000000000000000e+00 0.000000000000000000e+00 0.000000000000000000e+00 1.000000000000000000e+00
9.318004846572875977e-01 -3.628876209259033203e-01 -7.745861075818538666e-03 -1.137582618138716084e+00
-2.906308770179748535e-01 -7.331403493881225586e-01 -6.148481965065002441e-01 -2.849762319556463641e+00
2.174421697854995728e-01 5.751672387123107910e-01 -7.886069416999816895e-01 -3.456208156683748811e+00
0.000000000000000000e+00 0.000000000000000000e+00 0.000000000000000000e+00 1.000000000000000000e+00
9.499395489692687988e-01 -3.069635927677154541e-01 5.820583552122116089e-02 -8.601952331544310271e-01
-1.895863860845565796e-01 -7.144171595573425293e-01 -6.735467910766601562e-01 -3.167249538576898615e+00
2.483376413583755493e-01 6.287935972213745117e-01 -7.368491888046264648e-01 -3.371369477893836564e+00
0.000000000000000000e+00 0.000000000000000000e+00 0.000000000000000000e+00 1.000000000000000000e+00
9.312697649002075195e-01 -3.299847841262817383e-01 1.544236242771148682e-01 -4.054731517251515260e-01
-1.231071949005126953e-01 -6.839368343353271484e-01 -7.190790176391601562e-01 -3.396198338297976349e+00
3.429012000560760498e-01 6.506459116935729980e-01 -6.775532364845275879e-01 -3.270401898704220933e+00
0.000000000000000000e+00 0.000000000000000000e+00 0.000000000000000000e+00 1.000000000000000000e+00
8.860573768615722656e-01 -3.924574851989746094e-01 2.467373162508010864e-01 7.750984708206896945e-02
-7.897624373435974121e-02 -6.522616744041442871e-01 -7.538681030273437500e-01 -3.579049287922906775e+00
4.567986726760864258e-01 6.484841108322143555e-01 -6.089361310005187988e-01 -3.067414971974017579e+00
0.000000000000000000e+00 0.000000000000000000e+00 0.000000000000000000e+00 1.000000000000000000e+00
9.662961363792419434e-01 -1.979424953460693359e-01 1.645911782979965210e-01 -4.238473275583062860e-01
-2.443809621036052704e-02 -7.070021033287048340e-01 -7.067889571189880371e-01 -3.320951167831524664e+00
2.562699615955352783e-01 6.789453029632568359e-01 -6.880108118057250977e-01 -3.126513004279626529e+00
0.000000000000000000e+00 0.000000000000000000e+00 0.000000000000000000e+00 1.000000000000000000e+00
9.483019113540649414e-01 -2.203674316406250000e-01 2.283892184495925903e-01 -1.704145353344006519e-01
-6.304091308265924454e-03 -7.325692176818847656e-01 -6.806631088256835938e-01 -3.147815534009965610e+00
3.173069357872009277e-01 6.440344452857971191e-01 -6.960859894752502441e-01 -3.220150942567225449e+00
0.000000000000000000e+00 0.000000000000000000e+00 0.000000000000000000e+00 1.000000000000000000e+00
9.316415786743164062e-01 -2.849372625350952148e-01 2.255104631185531616e-01 -2.064317358766105115e-01
-4.508751258254051208e-02 -7.064409852027893066e-01 -7.063342928886413574e-01 -3.244193506428278972e+00
3.605706989765167236e-01 6.478824019432067871e-01 -6.709967255592346191e-01 -3.116411782148648779e+00
0.000000000000000000e+00 0.000000000000000000e+00 0.000000000000000000e+00 1.000000000000000000e+00
8.581219315528869629e-01 -3.794814050197601318e-01 3.458620905876159668e-01 4.099766551186859176e-01
2.737386338412761688e-02 -6.388385295867919922e-01 -7.688534259796142578e-01 -3.622812057520547135e+00
5.127156972885131836e-01 6.692377328872680664e-01 -5.378136038780212402e-01 -2.611077465824389598e+00
0.000000000000000000e+00 0.000000000000000000e+00 0.000000000000000000e+00 1.000000000000000000e+00
7.612590789794921875e-01 -4.817951917648315430e-01 4.340021908283233643e-01 9.464462709321043166e-01
7.557082921266555786e-02 -5.988162159919738770e-01 -7.973127961158752441e-01 -3.800547615403401469e+00
6.440292000770568848e-01 6.397597193717956543e-01 -4.194447100162506104e-01 -2.145312734353490125e+00
0.000000000000000000e+00 0.000000000000000000e+00 0.000000000000000000e+00 1.000000000000000000e+00
6.335057616233825684e-01 -5.745372772216796875e-01 5.182445049285888672e-01 1.498988835687958820e+00
1.379715204238891602e-01 -5.751761794090270996e-01 -8.063102960586547852e-01 -3.894405192922187897e+00
7.613369822502136230e-01 5.823049545288085938e-01 -2.851076126098632812e-01 -1.571814563166224143e+00
0.000000000000000000e+00 0.000000000000000000e+00 0.000000000000000000e+00 1.000000000000000000e+00
4.641862213611602783e-01 -6.424564719200134277e-01 6.097384691238403320e-01 2.112806480142562560e+00
2.621748447418212891e-01 -5.578895211219787598e-01 -7.874159812927246094e-01 -3.883491881023142689e+00
8.460466861724853516e-01 5.253654718399047852e-01 -9.052880108356475830e-02 -6.728460210197185765e-01
0.000000000000000000e+00 0.000000000000000000e+00 0.000000000000000000e+00 1.000000000000000000e+00
3.789582252502441406e-01 -6.710298061370849609e-01 6.372675895690917969e-01 2.334651825703767614e+00
3.344605565071105957e-01 -5.427681803703308105e-01 -7.704148292541503906e-01 -3.841807648540155995e+00
8.628597259521484375e-01 5.050958991050720215e-01 1.874652877449989319e-02 -1.339364901289508136e-01
0.000000000000000000e+00 0.000000000000000000e+00 0.000000000000000000e+00 1.000000000000000000e+00
3.106066882610321045e-01 -6.921086907386779785e-01 6.515434384346008301e-01 2.480509338422710375e+00
3.829727768898010254e-01 -5.362308621406555176e-01 -7.521889805793762207e-01 -3.773700836386242319e+00
8.699743747711181641e-01 4.831583797931671143e-01 9.850198775529861450e-02 2.822077807486811918e-01
0.000000000000000000e+00 0.000000000000000000e+00 0.000000000000000000e+00 1.000000000000000000e+00
4.591336250305175781e-01 -5.270586609840393066e-01 7.151260375976562500e-01 2.837693521146027908e+00
