0.19161456823349 0.970074474811554 -0.1491280347108841 0.05035165697336197 
-0.9721828103065491 0.2084508985280991 0.1068112328648567 -0.005303124897181988 
0.1347007155418396 0.1245131641626358 0.9830321669578552 -0.3018812239170074 
0 0 0 1 

0.1119531691074371 0.9814122319221497 -0.1558731496334076 0.05417279526591301 
-0.9710416197776794 0.1413601934909821 0.1926017105579376 -0.03445680066943169 
0.2110559344291687 0.1297969371080399 0.9688178896903992 -0.2988416254520416 
0 0 0 1 

0.2691538035869598 0.9522119760513306 -0.1443894803524017 0.04737366735935211 
-0.9390411972999573 0.2927636802196503 0.1802525371313095 -0.028183463960886 
0.2139106243848801 0.08707202970981598 0.9729649424552917 -0.295445054769516 
0 0 0 1 

0.3620158135890961 0.9143860340118408 -0.181224912405014 0.0554904118180275 
-0.9288300275802612 0.3702826797962189 0.01285785157233477 0.03047601133584976 
0.07886146008968353 0.1636724174022675 0.9833576083183289 -0.291185051202774 
0 0 0 1 

0.3993033766746521 0.895906925201416 -0.1946981102228165 0.0575578510761261 
-0.9167014360427856 0.3935431241989136 -0.06915288418531418 0.05832221359014511 
0.01466751843690872 0.206093043088913 0.9784224629402161 -0.2859991490840912 
0 0 0 1 

0.4555975794792175 0.8613162040710449 -0.2248666435480118 0.0632907897233963 
-0.8892281055450439 0.428633987903595 -0.1598312258720398 0.08580422401428223 
-0.04127978533506393 0.2727764844894409 0.9611914157867432 -0.2757055461406708 
0 0 0 1 

0.352784663438797 0.8945412635803223 -0.2744793295860291 0.07390760630369186 
-0.8934564590454102 0.4091860055923462 0.1852090060710907 -0.002232841681689024 
0.2779901921749115 0.1798964291810989 0.9435881972312927 -0.3140640258789062 
0 0 0 1 

0.2862007915973663 0.8809134960174561 -0.376935601234436 0.1123321130871773 
-0.9135856628417969 0.3694845736026764 0.1698301732540131 0.00410360237583518 
0.2888775765895844 0.2957574725151062 0.9105368256568909 -0.3039583563804626 
0 0 0 1 

0.2683651745319366 0.8494718074798584 -0.4542880654335022 0.1385103911161423 
-0.9332003593444824 0.3462483882904053 0.09617193788290024 0.03018209151923656 
0.238991841673851 0.3981326222419739 0.8856485486030579 -0.2917959988117218 
0 0 0 1 

0.2065246254205704 0.8157740831375122 -0.5402405261993408 0.1715310662984848 
-0.9578894376754761 0.2811463177204132 0.05835209041833878 0.04317536205053329 
0.1994887739419937 0.5054393410682678 0.8394849300384521 -0.2751164734363556 
0 0 0 1 

