0.1916144788265228 0.9700745344161987 -0.1491280496120453 0.05035165697336197 
-0.9721828699111938 0.2084508091211319 0.1068112254142761 -0.005303123965859413 
0.1347007155418396 0.1245131567120552 0.9830321669578552 -0.3018811941146851 
0 0 0 1 

0.1119528710842133 0.9814123511314392 -0.1558731496334076 0.0541728101670742 
-0.971041738986969 0.1413598954677582 0.1926017850637436 -0.03445680812001228 
0.2110559791326523 0.1297969967126846 0.9688178896903992 -0.298841655254364 
0 0 0 1 

0.2691539227962494 0.9522119760513306 -0.1443894654512405 0.04737367108464241 
-0.9390411376953125 0.2927637994289398 0.1802525073289871 -0.02818346582353115 
0.2139106094837189 0.08707199990749359 0.972964882850647 -0.2954450249671936 
0 0 0 1 

0.3620156645774841 0.9143860340118408 -0.1812248975038528 0.05549042299389839 
-0.9288300275802612 0.3702825307846069 0.01285787206143141 0.03047600388526917 
0.07886144518852234 0.1636724174022675 0.9833576083183289 -0.291185051202774 
0 0 0 1 

0.3993033766746521 0.895906925201416 -0.1946981251239777 0.0575578510761261 
-0.9167014360427856 0.3935430645942688 -0.06915288418531418 0.05832220613956451 
0.01466751098632812 0.206093043088913 0.9784224629402161 -0.2859991788864136 
0 0 0 1 

0.4555975198745728 0.8613162636756897 -0.2248666882514954 0.0632907971739769 
-0.8892281651496887 0.4286339581012726 -0.159831240773201 0.08580421656370163 
-0.04127979651093483 0.2727765142917633 0.9611914157867432 -0.2757055461406708 
0 0 0 1 

0.3527845144271851 0.8945412635803223 -0.2744793295860291 0.07390765845775604 
-0.8934564590454102 0.4091858565807343 0.1852090507745743 -0.002232835628092289 
0.2779901921749115 0.1798964738845825 0.9435881972312927 -0.3140640258789062 
0 0 0 1 

0.2862003147602081 0.8809136152267456 -0.3769356906414032 0.1123321577906609 
-0.9135857820510864 0.3694841861724854 0.1698303073644638 0.004103611223399639 
0.2888776063919067 0.2957576215267181 0.9105367064476013 -0.3039583563804626 
0 0 0 1 

0.2683650851249695 0.8494718074798584 -0.454288125038147 0.1385104209184647 
-0.9332003593444824 0.3462483286857605 0.09617198258638382 0.03018209151923656 
0.2389918565750122 0.3981326818466187 0.8856484889984131 -0.2917959988117218 
0 0 0 1 

0.2038679867982864 0.810728132724762 -0.5487782955169678 0.1746602207422256 
-0.9572675824165344 0.2825298011302948 0.06177115440368652 0.04188426584005356 
0.2051258236169815 0.5127345323562622 0.8336825966835022 -0.2733932137489319 
0 0 0 1 

