0.191572293639183 0.9701180458068848 -0.1488989740610123 0.05052449926733971 
-0.9731546640396118 0.2074651420116425 0.09963960200548172 -0.003008898813277483 
0.1275535225868225 0.1258135586977005 0.9838196039199829 -0.3020402193069458 
0 0 0 1 

0.3606119155883789 0.9153822064399719 -0.178981602191925 0.05477582290768623 
-0.9296072125434875 0.3683846890926361 0.01109242253005505 0.03094295039772987 
0.07608789205551147 0.1623825430870056 0.98378986120224 -0.2912018001079559 
0 0 0 1 

0.4049099385738373 0.8942968249320984 -0.1904755234718323 0.05627259984612465 
-0.9142499566078186 0.3991602063179016 -0.06941156834363937 0.0579732358455658 
0.01395567879080772 0.202247679233551 0.9792349338531494 -0.2861394286155701 
0 0 0 1 

0.4588906168937683 0.8604850172996521 -0.2213249206542969 0.06236596405506134 
-0.8875568509101868 0.4325271844863892 -0.1586281061172485 0.08535164594650269 
-0.04076811671257019 0.2692314088344574 0.9622122645378113 -0.27588751912117 
0 0 0 1 

0.3550842106342316 0.893017590045929 -0.2764681577682495 0.07441112399101257 
-0.8927319645881653 0.411677747964859 0.1831692606210709 -0.001800072728656232 
0.2773891687393188 0.1817714869976044 0.9434057474136353 -0.3139903247356415 
0 0 0 1 

0.2914078533649445 0.8824299573898315 -0.3693220317363739 0.1098748072981834 
-0.9127891063690186 0.3720025420188904 0.1686123013496399 0.004735426977276802 
0.2861772477626801 0.2879782021045685 0.9138769507408142 -0.3050099015235901 
0 0 0 1 

0.2637659013271332 0.8481738567352295 -0.4593783020973206 0.1406558007001877 
-0.9336478710174561 0.344144195318222 0.09932921081781387 0.02933711744844913 
0.2423408031463623 0.4026979506015778 0.8826693892478943 -0.2911312878131866 
0 0 0 1 

0.1702496409416199 0.7668737173080444 -0.6188051700592041 0.1990469992160797 
-0.9621485471725464 0.2649824321269989 0.06367527693510056 0.04126108810305595 
0.2128033936023712 0.5845417976379395 0.782959520816803 -0.2564114630222321 
0 0 0 1 

0.1319753974676132 0.6723673343658447 -0.7283574342727661 0.237619087100029 
-0.9735631942749023 0.2261179387569427 0.03233024105429649 0.05228537321090698 
0.1864325106143951 0.7048352360725403 0.684434175491333 -0.2229999005794525 
0 0 0 1 

0.1256434470415115 0.6334798336029053 -0.7634900212287903 0.2492000162601471 
-0.9767357110977173 0.2137986421585083 0.01665601134300232 0.0569879375398159 
0.1737843602895737 0.7436352968215942 0.6456047892570496 -0.2103818506002426 
0 0 0 1 

