1.000000000000000000e+00 0.000000000000000000e+00 0.000000000000000000e+00 -4.542167112231254578e-02
0.000000000000000000e+00 1.000000000000000000e+00 0.000000000000000000e+00 9.935460984706878662e-04
0.000000000000000000e+00 0.000000000000000000e+00 1.000000000000000000e+00 -2.875000238418579102e-01
0.000000000000000000e+00 0.000000000000000000e+00 0.000000000000000000e+00 1.000000000000000000e+00
9.966439008712768555e-01 8.072938770055770874e-02 1.356190163642168045e-02 -4.808935523033142090e-02
-8.047252893447875977e-02 9.965847730636596680e-01 -1.852511055767536163e-02 1.009762659668922424e-02
-1.501107309013605118e-02 1.737160794436931610e-02 9.997364282608032227e-01 -2.934507131576538086e-01
0.000000000000000000e+00 0.000000000000000000e+00 0.000000000000000000e+00 1.000000000000000000e+00
9.856477975845336914e-01 1.650967150926589966e-01 3.523731231689453125e-02 -5.270756781101226807e-02
-1.631929874420166016e-01 9.852539896965026855e-01 -5.140473693609237671e-02 2.520490996539592743e-02
-4.320449754595756531e-02 4.491644725203514099e-02 9.980559349060058594e-01 -2.924835979938507080e-01
0.000000000000000000e+00 0.000000000000000000e+00 0.000000000000000000e+00 1.000000000000000000e+00
9.663745760917663574e-01 2.546549737453460693e-01 3.565130382776260376e-02 -5.050728470087051392e-02
-2.514328360557556152e-01 9.648503065109252930e-01 -7.645429670810699463e-02 3.794213011860847473e-02
-5.386767163872718811e-02 6.491957604885101318e-02 9.964356422424316406e-01 -2.921735048294067383e-01
0.000000000000000000e+00 0.000000000000000000e+00 0.000000000000000000e+00 1.000000000000000000e+00
9.383543133735656738e-01 3.424428701400756836e-01 4.715451598167419434e-02 -5.135610699653625488e-02
-3.348359167575836182e-01 9.343277215957641602e-01 -1.221326515078544617e-01 5.654831230640411377e-02
-8.588130027055740356e-02 9.881466627120971680e-02 9.913929700851440430e-01 -2.894982397556304932e-01
0.000000000000000000e+00 0.000000000000000000e+00 0.000000000000000000e+00 1.000000000000000000e+00
8.923699259757995605e-01 4.500823318958282471e-01 3.318871185183525085e-02 -4.374137893319129944e-02
-4.420763850212097168e-01 8.865518569946289062e-01 -1.363602876663208008e-01 6.534335017204284668e-02
-9.079690277576446533e-02 1.070118919014930725e-01 9.901033043861389160e-01 -2.900144159793853760e-01
0.000000000000000000e+00 0.000000000000000000e+00 0.000000000000000000e+00 1.000000000000000000e+00
8.479163050651550293e-01 5.298360586166381836e-01 1.764683797955513000e-02 -3.622784093022346497e-02
-5.199723243713378906e-01 8.376940488815307617e-01 -1.670242547988891602e-01 7.855749875307083130e-02
-1.032781973481178284e-01 1.324467211961746216e-01 9.857949018478393555e-01 -2.887425720691680908e-01
0.000000000000000000e+00 0.000000000000000000e+00 0.000000000000000000e+00 1.000000000000000000e+00
7.927762269973754883e-01 6.094464063644409180e-01 -8.975073695182800293e-03 -2.481882646679878235e-02
-6.020183563232421875e-01 7.806417346000671387e-01 -1.678455919027328491e-01 8.237054198980331421e-02
-9.528661519289016724e-02 1.384671777486801147e-01 9.857724905014038086e-01 -2.898792326450347900e-01
0.000000000000000000e+00 0.000000000000000000e+00 0.000000000000000000e+00 1.000000000000000000e+00
7.234176993370056152e-01 6.895990967750549316e-01 -3.346359729766845703e-02 -1.215432025492191315e-02
-6.843436360359191895e-01 7.098066806793212891e-01 -1.668778508901596069e-01 8.515329658985137939e-02
-9.132614731788635254e-02 1.436229646205902100e-01 9.854093790054321289e-01 -2.904727458953857422e-01
0.000000000000000000e+00 0.000000000000000000e+00 0.000000000000000000e+00 1.000000000000000000e+00
6.474819779396057129e-01 7.614222764968872070e-01 -3.166569396853446960e-02 -7.475165650248527527e-03
-7.572672367095947266e-01 6.381742954254150391e-01 -1.388510316610336304e-01 7.912465184926986694e-02
-8.551610261201858521e-02 1.138829514384269714e-01 9.898068308830261230e-01 -2.934160232543945312e-01
0.000000000000000000e+00 0.000000000000000000e+00 0.000000000000000000e+00 1.000000000000000000e+00
5.507370829582214355e-01 8.335671424865722656e-01 -4.306164756417274475e-02 1.951115089468657970e-03
-8.326727151870727539e-01 5.451070666313171387e-01 -9.754092246294021606e-02 6.806639581918716431e-02
-5.783373489975929260e-02 8.957565575838088989e-02 9.942995309829711914e-01 -2.984746992588043213e-01
0.000000000000000000e+00 0.000000000000000000e+00 0.000000000000000000e+00 1.000000000000000000e+00
4.599028825759887695e-01 8.834801316261291504e-01 -8.917437493801116943e-02 2.262627892196178436e-02
-8.879504203796386719e-01 4.569148719310760498e-01 -5.265720933675765991e-02 5.460194125771522522e-02
-5.776494741439819336e-03 1.033996269106864929e-01 9.946230649948120117e-01 -3.025555014610290527e-01
0.000000000000000000e+00 0.000000000000000000e+00 0.000000000000000000e+00 1.000000000000000000e+00
3.536509871482849121e-01 9.299614429473876953e-01 -1.005131304264068604e-01 3.082523681223392487e-02
-9.351899623870849609e-01 3.536852896213531494e-01 -1.807893998920917511e-02 4.128426313400268555e-02
1.873729005455970764e-02 1.003924533724784851e-01 9.947714209556579590e-01 -3.040182888507843018e-01
0.000000000000000000e+00 0.000000000000000000e+00 0.000000000000000000e+00 1.000000000000000000e+00
2.737493515014648438e-01 9.536916017532348633e-01 -1.246335059404373169e-01 4.104090109467506409e-02
-9.588392376899719238e-01 2.807670235633850098e-01 4.239212349057197571e-02 1.823099888861179352e-02
7.542195916175842285e-02 1.078986749053001404e-01 9.912967681884765625e-01 -3.034139871597290039e-01
0.000000000000000000e+00 0.000000000000000000e+00 0.000000000000000000e+00 1.000000000000000000e+00
1.942379921674728394e-01 9.684024453163146973e-01 -1.564226001501083374e-01 5.233469605445861816e-02
-9.724147915840148926e-01 2.110779732465744019e-01 9.927286952733993530e-02 -2.985848346725106239e-03
1.291535198688507080e-01 1.328251510858535767e-01 9.826886057853698730e-01 -3.016528785228729248e-01
0.000000000000000000e+00 0.000000000000000000e+00 0.000000000000000000e+00 1.000000000000000000e+00
1.149544715881347656e-01 9.811021685600280762e-01 -1.556412428617477417e-01 5.407302826642990112e-02
-9.705443382263183594e-01 1.443209350109100342e-01 1.929124444723129272e-01 -3.479228168725967407e-02
2.117290496826171875e-01 1.288805603981018066e-01 9.687932133674621582e-01 -2.989162206649780273e-01
0.000000000000000000e+00 0.000000000000000000e+00 0.000000000000000000e+00 1.000000000000000000e+00
1.868715584278106689e-01 9.725081324577331543e-01 -1.389493942260742188e-01 4.783190414309501648e-02
-9.544768929481506348e-01 2.132113277912139893e-01 2.086020410060882568e-01 -3.904950991272926331e-02
2.324927300214767456e-01 9.364220499992370605e-02 9.680798649787902832e-01 -2.966654002666473389e-01
0.000000000000000000e+00 0.000000000000000000e+00 0.000000000000000000e+00 1.000000000000000000e+00
2.724677324295043945e-01 9.510574340820312500e-01 -1.457768827676773071e-01 4.752672463655471802e-02
-9.381325244903564453e-01 2.962464094161987305e-01 1.792911887168884277e-01 -2.784821577370166779e-02
2.137020528316497803e-01 8.790697157382965088e-02 9.729355573654174805e-01 -2.954759299755096436e-01
0.000000000000000000e+00 0.000000000000000000e+00 0.000000000000000000e+00 1.000000000000000000e+00
3.249777257442474365e-01 9.340106248855590820e-01 -1.483687609434127808e-01 4.668715968728065491e-02
-9.344001412391662598e-01 3.413140773773193359e-01 1.019875332713127136e-01 -9.340725373476743698e-04
1.458978056907653809e-01 1.054921373724937439e-01 9.836592078208923340e-01 -2.951309680938720703e-01
0.000000000000000000e+00 0.000000000000000000e+00 0.000000000000000000e+00 1.000000000000000000e+00
3.641956150531768799e-01 9.136164188385009766e-01 -1.807396113872528076e-01 5.498321354389190674e-02
-9.281575083732604980e-01 3.720429241657257080e-01 1.036531943827867508e-02 3.125555440783500671e-02
7.671283185482025146e-02 1.639799326658248901e-01 9.834764599800109863e-01 -2.912154793739318848e-01
0.000000000000000000e+00 0.000000000000000000e+00 0.000000000000000000e+00 1.000000000000000000e+00
4.040504693984985352e-01 8.937000632286071777e-01 -1.950465589761734009e-01 5.755537748336791992e-02
-9.145865440368652344e-01 3.985564112663269043e-01 -6.844130158424377441e-02 5.784174054861068726e-02
1.657104678452014923e-02 2.060407102108001709e-01 9.784032702445983887e-01 -2.860381007194519043e-01
0.000000000000000000e+00 0.000000000000000000e+00 0.000000000000000000e+00 1.000000000000000000e+00
4.603919684886932373e-01 8.591966629028320312e-01 -2.232047021389007568e-01 6.268512457609176636e-02
-8.866987824440002441e-01 4.330602884292602539e-01 -1.619372516870498657e-01 8.671154081821441650e-02
-4.247488826513290405e-02 2.724699378013610840e-01 9.612261652946472168e-01 -2.756523787975311279e-01
0.000000000000000000e+00 0.000000000000000000e+00 0.000000000000000000e+00 1.000000000000000000e+00
5.304061770439147949e-01 8.205472230911254883e-01 -2.130052596330642700e-01 5.391354858875274658e-02
-8.432958722114562988e-01 4.849929809570312500e-01 -2.315893173217773438e-01 1.056690439581871033e-01
-8.672394603490829468e-02 3.024629354476928711e-01 9.492076039314270020e-01 -2.683165669441223145e-01
0.000000000000000000e+00 0.000000000000000000e+00 0.000000000000000000e+00 1.000000000000000000e+00
5.932225584983825684e-01 7.800582051277160645e-01 -1.989876031875610352e-01 4.543682187795639038e-02
-7.950692176818847656e-01 5.289179086685180664e-01 -2.968339323997497559e-01 1.215278655290603638e-01
-1.262996941804885864e-01 3.342974483966827393e-01 9.339663386344909668e-01 -2.600255012512207031e-01
0.000000000000000000e+00 0.000000000000000000e+00 0.000000000000000000e+00 1.000000000000000000e+00
6.730040311813354492e-01 7.184733152389526367e-01 -1.756743341684341431e-01 3.245504200458526611e-02
-7.215124964714050293e-01 5.854643583297729492e-01 -3.696632087230682373e-01 1.367203146219253540e-01
-1.627421826124191284e-01 3.755361735820770264e-01 9.124076366424560547e-01 -2.495905160903930664e-01
0.000000000000000000e+00 0.000000000000000000e+00 0.000000000000000000e+00 1.000000000000000000e+00
7.330050468444824219e-01 6.613751053810119629e-01 -1.590173542499542236e-01 2.397913113236427307e-02
-6.513031125068664551e-01 6.149542927742004395e-01 -4.445621371269226074e-01 1.518468260765075684e-01
-1.962339431047439575e-01 4.294345676898956299e-01 8.815200924873352051e-01 -2.353518903255462646e-01
0.000000000000000000e+00 0.000000000000000000e+00 0.000000000000000000e+00 1.000000000000000000e+00
7.616080045700073242e-01 6.311369538307189941e-01 -1.470330953598022461e-01 1.817268691956996918e-02
-5.996900796890258789e-01 6.004143357276916504e-01 -5.290310978889465332e-01 1.708765625953674316e-01
-2.456106096506118774e-01 4.910886585712432861e-01 8.357672691345214844e-01 -2.147572934627532959e-01
0.000000000000000000e+00 0.000000000000000000e+00 0.000000000000000000e+00 1.000000000000000000e+00
7.935143709182739258e-01 5.905857682228088379e-01 -1.467761099338531494e-01 1.513297855854034424e-02
-5.338860750198364258e-01 5.598495006561279297e-01 -6.336670517921447754e-01 1.974606364965438843e-01
-2.920624017715454102e-01 5.811856985092163086e-01 7.595540881156921387e-01 -1.868393123149871826e-01
0.000000000000000000e+00 0.000000000000000000e+00 0.000000000000000000e+00 1.000000000000000000e+00
8.162955045700073242e-01 5.589517951011657715e-01 -1.457204073667526245e-01 1.275603286921977997e-02
-4.820374846458435059e-01 5.201662778854370117e-01 -7.050296068191528320e-01 2.163990586996078491e-01
-3.182786703109741211e-01 6.457551717758178711e-01 6.940451264381408691e-01 -1.633901149034500122e-01
0.000000000000000000e+00 0.000000000000000000e+00 0.000000000000000000e+00 1.000000000000000000e+00
8.435662984848022461e-01 5.181308984756469727e-01 -1.411961019039154053e-01 8.560135960578918457e-03
-4.158763587474822998e-01 4.639325439929962158e-01 -7.821848988533020020e-01 2.364700436592102051e-01
-3.397688567638397217e-01 7.185450196266174316e-01 6.068363189697265625e-01 -1.386012583971023560e-01
0.000000000000000000e+00 0.000000000000000000e+00 0.000000000000000000e+00 1.000000000000000000e+00
8.758317828178405762e-01 4.723267555236816406e-01 -9.912585467100143433e-02 -5.507154390215873718e-03
-3.274259567260742188e-01 4.306374490261077881e-01 -8.410371541976928711e-01 2.503770291805267334e-01
-3.545571565628051758e-01 7.690635323524475098e-01 5.318180322647094727e-01 -1.186011210083961487e-01
0.000000000000000000e+00 0.000000000000000000e+00 0.000000000000000000e+00 1.000000000000000000e+00
8.961083889007568359e-01 4.385662078857421875e-01 -6.818871945142745972e-02 -1.444003731012344360e-02
-2.241943329572677612e-01 3.146828114986419678e-01 -9.223403334617614746e-01 2.659306526184082031e-01
-3.830495476722717285e-01 8.418042063713073730e-01 3.803137242794036865e-01 -7.765211164951324463e-02
0.000000000000000000e+00 0.000000000000000000e+00 0.000000000000000000e+00 1.000000000000000000e+00
8.941729068756103516e-01 4.471149146556854248e-01 -2.330635115504264832e-02 -3.175332397222518921e-02
-7.908222079277038574e-02 1.064888685941696167e-01 -9.911640882492065430e-01 2.827240526676177979e-01
-4.406822919845581055e-01 8.881149888038635254e-01 1.305782645940780640e-01 -8.748311549425125122e-03
0.000000000000000000e+00 0.000000000000000000e+00 0.000000000000000000e+00 1.000000000000000000e+00
8.870639204978942871e-01 4.602997004985809326e-01 -3.523842990398406982e-02 -2.556137368083000183e-02
-8.407821506261825562e-02 8.603127300739288330e-02 -9.927386641502380371e-01 2.827751636505126953e-01
-4.539255797863006592e-01 8.835851550102233887e-01 1.150163784623146057e-01 -1.058635301887989044e-02
0.000000000000000000e+00 0.000000000000000000e+00 0.000000000000000000e+00 1.000000000000000000e+00
8.537659049034118652e-01 5.195276141166687012e-01 -3.427370265126228333e-02 -2.246288768947124481e-02
-1.019658967852592468e-01 1.022864356637001038e-01 -9.895154237747192383e-01 2.826395928859710693e-01
-5.105748772621154785e-01 8.483092188835144043e-01 1.403027623891830444e-01 -1.563106104731559753e-02
0.000000000000000000e+00 0.000000000000000000e+00 0.000000000000000000e+00 1.000000000000000000e+00
8.343762159347534180e-01 5.469323992729187012e-01 -6.841648370027542114e-02 -1.262260973453521729e-02
-2.281187772750854492e-01 2.296514809131622314e-01 -9.461616873741149902e-01 2.755386233329772949e-01
-5.017746686935424805e-01 8.050621151924133301e-01 3.163813054561614990e-01 -5.582958459854125977e-02
0.000000000000000000e+00 0.000000000000000000e+00 0.000000000000000000e+00 1.000000000000000000e+00
8.373901247978210449e-01 5.353910923004150391e-01 -1.101545393466949463e-01 -2.016143873333930969e-03
-3.116181790828704834e-01 3.020309209823608398e-01 -9.009277820587158203e-01 2.664917409420013428e-01
-4.490789175033569336e-01 7.887542247772216797e-01 4.197553694248199463e-01 -8.459474146366119385e-02
0.000000000000000000e+00 0.000000000000000000e+00 0.000000000000000000e+00 1.000000000000000000e+00
8.213807940483093262e-01 5.599014163017272949e-01 -1.088303402066230774e-01 -1.676745479926466942e-03
-3.640900254249572754e-01 3.678051233291625977e-01 -8.556623458862304688e-01 2.564226686954498291e-01
-4.390581250190734863e-01 7.424485683441162109e-01 5.059626102447509766e-01 -1.087730973958969116e-01
0.000000000000000000e+00 0.000000000000000000e+00 0.000000000000000000e+00 1.000000000000000000e+00
8.336213827133178711e-01 5.464742779731750488e-01 -8.025693148374557495e-02 -1.403269637376070023e-02
-4.517051279544830322e-01 5.908858180046081543e-01 -6.684432029724121094e-01 2.165042757987976074e-01
-3.178645074367523193e-01 5.934809446334838867e-01 7.394203543663024902e-01 -1.801959723234176636e-01
0.000000000000000000e+00 0.000000000000000000e+00 0.000000000000000000e+00 1.000000000000000000e+00
8.397530317306518555e-01 5.392463803291320801e-01 -6.346572190523147583e-02 -2.007886953651905060e-02
-4.619921445846557617e-01 6.482072472572326660e-01 -6.053013801574707031e-01 1.978798955678939819e-01
-2.852678596973419189e-01 5.376244187355041504e-01 7.934619784355163574e-01 -1.974804103374481201e-01
0.000000000000000000e+00 0.000000000000000000e+00 0.000000000000000000e+00 1.000000000000000000e+00
8.582414388656616211e-01 5.099610686302185059e-01 -5.797634646296501160e-02 -2.186514437198638916e-02
-4.586852490901947021e-01 7.114143371582031250e-01 -5.324445962905883789e-01 1.761602163314819336e-01
-2.302808612585067749e-01 4.835590124130249023e-01 8.444770574569702148e-01 -2.138054370880126953e-01
0.000000000000000000e+00 0.000000000000000000e+00 0.000000000000000000e+00 1.000000000000000000e+00
8.761746883392333984e-01 4.812028110027313232e-01 -2.759633399546146393e-02 -2.954263426363468170e-02
-4.525372385978698730e-01 8.015705943107604980e-01 -3.907610177993774414e-01 1.352325379848480225e-01
-1.659151315689086914e-01 3.548631966114044189e-01 9.200782179832458496e-01 -2.372592389583587646e-01
0.000000000000000000e+00 0.000000000000000000e+00 0.000000000000000000e+00 1.000000000000000000e+00
8.790267109870910645e-01 4.761147201061248779e-01 -2.504060044884681702e-02 -2.851254679262638092e-02
-4.661232233047485352e-01 8.471672534942626953e-01 -2.550227344036102295e-01 9.757490456104278564e-02
-1.002065688371658325e-01 2.358437478542327881e-01 9.666109085083007812e-01 -2.528648972511291504e-01
0.000000000000000000e+00 0.000000000000000000e+00 0.000000000000000000e+00 1.000000000000000000e+00
8.795953392982482910e-01 4.754015207290649414e-01 -1.746653392910957336e-02 -2.653993293642997742e-02
-4.756542742252349854e-01 8.782557249069213867e-01 -4.919007793068885803e-02 3.964821249246597290e-02
-8.044974878430366516e-03 5.157540738582611084e-02 9.986366629600524902e-01 -2.659136354923248291e-01
0.000000000000000000e+00 0.000000000000000000e+00 0.000000000000000000e+00 1.000000000000000000e+00
8.865267634391784668e-01 4.625143110752105713e-01 -1.228704117238521576e-02 -2.623067051172256470e-02
-4.615470468997955322e-01 8.859039545059204102e-01 4.635081812739372253e-02 1.144237071275711060e-02
3.232305869460105896e-02 -3.542020544409751892e-02 9.988496303558349609e-01 -2.684473991394042969e-01
0.000000000000000000e+00 0.000000000000000000e+00 0.000000000000000000e+00 1.000000000000000000e+00
8.946759700775146484e-01 4.465647041797637939e-01 -1.160452794283628464e-02 -2.614584565162658691e-02
-4.399815201759338379e-01 8.853855133056640625e-01 1.500291228294372559e-01 -2.054855227470397949e-02
7.727225124835968018e-02 -1.291216611862182617e-01 9.886135458946228027e-01 -2.677896320819854736e-01
0.000000000000000000e+00 0.000000000000000000e+00 0.000000000000000000e+00 1.000000000000000000e+00
8.976674675941467285e-01 4.404229223728179932e-01 -1.485655736178159714e-02 -2.474617213010787964e-02
-4.223684370517730713e-01 8.695062994956970215e-01 2.560536861419677734e-01 -5.405742675065994263e-02
1.256898343563079834e-01 -2.235760837793350220e-01 9.665483236312866211e-01 -2.631307244300842285e-01
0.000000000000000000e+00 0.000000000000000000e+00 0.000000000000000000e+00 1.000000000000000000e+00
9.000684022903442383e-01 4.354205727577209473e-01 -1.689997315406799316e-02 -2.402349188923835754e-02
-3.992896378040313721e-01 8.396698236465454102e-01 3.681332468986511230e-01 -9.099105745553970337e-02
1.744833290576934814e-01 -3.245971202850341797e-01 9.296193718910217285e-01 -2.537231445312500000e-01
0.000000000000000000e+00 0.000000000000000000e+00 0.000000000000000000e+00 1.000000000000000000e+00
9.053182601928710938e-01 4.245482385158538818e-01 -1.254789438098669052e-02 -2.637778595089912415e-02
-3.719866871833801270e-01 8.068013787269592285e-01 4.590176045894622803e-01 -1.210229769349098206e-01
2.049989551305770874e-01 -4.108893275260925293e-01 8.883383870124816895e-01 -2.434420138597488403e-01
0.000000000000000000e+00 0.000000000000000000e+00 0.000000000000000000e+00 1.000000000000000000e+00
9.153828620910644531e-01 4.024965763092041016e-01 -8.403061889111995697e-03 -3.041451610624790192e-02
-3.321991562843322754e-01 7.669697999954223633e-01 5.489999651908874512e-01 -1.510729938745498657e-01
2.274155914783477783e-01 -4.997536242008209229e-01 8.357800245285034180e-01 -2.306394875049591064e-01
0.000000000000000000e+00 0.000000000000000000e+00 0.000000000000000000e+00 1.000000000000000000e+00
9.092060327529907227e-01 4.161616265773773193e-01 1.240268256515264511e-02 -3.765639290213584900e-02
-3.308859765529632568e-01 7.041785717010498047e-01 6.282091140747070312e-01 -1.751113384962081909e-01
2.527029514312744141e-01 -5.752753615379333496e-01 7.779454588890075684e-01 -2.167168855667114258e-01
0.000000000000000000e+00 0.000000000000000000e+00 0.000000000000000000e+00 1.000000000000000000e+00
9.155632853507995605e-01 4.011182188987731934e-01 2.912198752164840698e-02 -4.484183713793754578e-02
-2.960070371627807617e-01 6.230816245079040527e-01 7.239812612533569336e-01 -2.052265256643295288e-01
2.722567915916442871e-01 -6.714709401130676270e-01 6.892044544219970703e-01 -1.922286301851272583e-01
0.000000000000000000e+00 0.000000000000000000e+00 0.000000000000000000e+00 1.000000000000000000e+00
9.254384636878967285e-01 3.752235472202301025e-01 5.263986438512802124e-02 -5.324909463524818420e-02
-2.672382891178131104e-01 5.478985309600830078e-01 7.927110195159912109e-01 -2.279625535011291504e-01
2.686025798320770264e-01 -7.476726174354553223e-01 6.073204278945922852e-01 -1.674564778804779053e-01
0.000000000000000000e+00 0.000000000000000000e+00 0.000000000000000000e+00 1.000000000000000000e+00
9.328464865684509277e-01 3.570902645587921143e-01 4.779044911265373230e-02 -5.370922386646270752e-02
-2.251164913177490234e-01 4.741699993610382080e-01 8.511670231819152832e-01 -2.482315450906753540e-01
2.812826931476593018e-01 -8.047665357589721680e-01 5.227147340774536133e-01 -1.435662358999252319e-01
0.000000000000000000e+00 0.000000000000000000e+00 0.000000000000000000e+00 1.000000000000000000e+00
9.428505301475524902e-01 3.288937211036682129e-01 5.349541828036308289e-02 -5.836282670497894287e-02
-1.927281916141510010e-01 4.072956144809722900e-01 8.927295207977294922e-01 -2.619766891002655029e-01
2.718247175216674805e-01 -8.520206212997436523e-01 4.474059939384460449e-01 -1.224864497780799866e-01
0.000000000000000000e+00 0.000000000000000000e+00 0.000000000000000000e+00 1.000000000000000000e+00
9.547112584114074707e-01 2.929260134696960449e-01 5.216081812977790833e-02 -6.088726222515106201e-02
-1.548113971948623657e-01 3.393471837043762207e-01 9.278344511985778809e-01 -2.754071652889251709e-01
2.540862858295440674e-01 -8.938890695571899414e-01 3.693268895149230957e-01 -9.857005625963211060e-02
0.000000000000000000e+00 0.000000000000000000e+00 0.000000000000000000e+00 1.000000000000000000e+00
9.600075483322143555e-01 2.685551941394805908e-01 7.914350181818008423e-02 -7.125235348939895630e-02
-1.500809490680694580e-01 2.549903094768524170e-01 9.552254080772399902e-01 -2.878273427486419678e-01
2.363499253988265991e-01 -9.289013743400573730e-01 2.850976288318634033e-01 -6.871516257524490356e-02
0.000000000000000000e+00 0.000000000000000000e+00 0.000000000000000000e+00 1.000000000000000000e+00
9.737724661827087402e-01 2.187430858612060547e-01 6.259834021329879761e-02 -6.958338618278503418e-02
-9.738320112228393555e-02 1.520487219095230103e-01 9.835637807846069336e-01 -3.011619150638580322e-01
2.056297659873962402e-01 -9.638634920120239258e-01 1.693627834320068359e-01 -2.841093204915523529e-02
0.000000000000000000e+00 0.000000000000000000e+00 0.000000000000000000e+00 1.000000000000000000e+00
9.915612339973449707e-01 1.262163519859313965e-01 2.959404513239860535e-02 -6.160973012447357178e-02
-4.652543365955352783e-02 1.333865076303482056e-01 9.899713397026062012e-01 -3.040764927864074707e-01
1.210031211376190186e-01 -9.829940199851989746e-01 1.381331533193588257e-01 -1.875507459044456482e-02
0.000000000000000000e+00 0.000000000000000000e+00 0.000000000000000000e+00 1.000000000000000000e+00
9.949916005134582520e-01 9.995811432600021362e-02 -7.976732740644365549e-05 -5.452940985560417175e-02
-2.444930374622344971e-02 2.441440820693969727e-01 9.694306254386901855e-01 -3.002831041812896729e-01
9.692193567752838135e-02 -9.645733833312988281e-01 2.453652322292327881e-01 -5.263237282633781433e-02
0.000000000000000000e+00 0.000000000000000000e+00 0.000000000000000000e+00 1.000000000000000000e+00
