1.000000000000000000e+00 0.000000000000000000e+00 0.000000000000000000e+00 -4.542167112231254578e-02
0.000000000000000000e+00 1.000000000000000000e+00 0.000000000000000000e+00 9.935460984706878662e-04
0.000000000000000000e+00 0.000000000000000000e+00 1.000000000000000000e+00 -2.875000238418579102e-01
0.000000000000000000e+00 0.000000000000000000e+00 0.000000000000000000e+00 1.000000000000000000e+00
9.966230392456054688e-01 8.094663172960281372e-02 1.378616597503423691e-02 -4.816525802016258240e-02
-8.069992810487747192e-02 9.965830445289611816e-01 -1.760049536824226379e-02 9.714564308524131775e-03
-1.516377087682485580e-02 1.642850972712039948e-02 9.997500181198120117e-01 -2.932393550872802734e-01
0.000000000000000000e+00 0.000000000000000000e+00 0.000000000000000000e+00 1.000000000000000000e+00
9.861695766448974609e-01 1.631985604763031006e-01 2.890353277325630188e-02 -5.087049677968025208e-02
-1.615911573171615601e-01 9.855276346206665039e-01 -5.121865496039390564e-02 2.501600608229637146e-02
-3.684411570429801941e-02 4.583966732025146484e-02 9.982690811157226562e-01 -2.927517592906951904e-01
0.000000000000000000e+00 0.000000000000000000e+00 0.000000000000000000e+00 1.000000000000000000e+00
9.666140675544738770e-01 2.540151476860046387e-01 3.366616740822792053e-02 -5.017549917101860046e-02
-2.508295178413391113e-01 9.648631811141967773e-01 -7.825318723917007446e-02 3.820187225937843323e-02
-5.236077308654785156e-02 6.719616055488586426e-02 9.963648915290832520e-01 -2.920397520065307617e-01
0.000000000000000000e+00 0.000000000000000000e+00 0.000000000000000000e+00 1.000000000000000000e+00
9.378880858421325684e-01 3.429618477821350098e-01 5.237054452300071716e-02 -5.291200801730155945e-02
-3.349888920783996582e-01 9.344848990440368652e-01 -1.204987466335296631e-01 5.591047182679176331e-02
-9.026602655649185181e-02 9.547075629234313965e-02 9.913312196731567383e-01 -2.891599237918853760e-01
0.000000000000000000e+00 0.000000000000000000e+00 0.000000000000000000e+00 1.000000000000000000e+00
8.935289382934570312e-01 4.480262100696563721e-01 2.964220941066741943e-02 -4.276836290955543518e-02
-4.403049647808074951e-01 8.872361183166503906e-01 -1.376357227563858032e-01 6.525470316410064697e-02
-8.796407282352447510e-02 1.099299117922782898e-01 9.900393486022949219e-01 -2.899714112281799316e-01
0.000000000000000000e+00 0.000000000000000000e+00 0.000000000000000000e+00 1.000000000000000000e+00
8.469043374061584473e-01 5.316004157066345215e-01 1.239911094307899475e-02 -3.473007678985595703e-02
-5.229095220565795898e-01 8.368387818336486816e-01 -1.620685905218124390e-01 7.666151970624923706e-02
-9.653186053037643433e-02 1.307729631662368774e-01 9.867016077041625977e-01 -2.890661954879760742e-01
0.000000000000000000e+00 0.000000000000000000e+00 0.000000000000000000e+00 1.000000000000000000e+00
7.943115830421447754e-01 6.074631810188293457e-01 -7.584195584058761597e-03 -2.536648698151111603e-02
-5.996940732002258301e-01 7.820344567298889160e-01 -1.696737408638000488e-01 8.247191458940505981e-02
-9.713946282863616943e-02 1.393220275640487671e-01 9.854710698127746582e-01 -2.895757257938385010e-01
0.000000000000000000e+00 0.000000000000000000e+00 0.000000000000000000e+00 1.000000000000000000e+00
7.233996987342834473e-01 6.895273923873901367e-01 -3.527897596359252930e-02 -1.153531018644571304e-02
-6.848933100700378418e-01 7.102041840553283691e-01 -1.628836244344711304e-01 8.340493589639663696e-02
-8.725750446319580078e-02 1.419922858476638794e-01 9.860143661499023438e-01 -2.904997169971466064e-01
0.000000000000000000e+00 0.000000000000000000e+00 0.000000000000000000e+00 1.000000000000000000e+00
6.478924751281738281e-01 7.608578801155090332e-01 -3.647309541702270508e-02 -6.141562014818191528e-03
-7.572888731956481934e-01 6.382111310958862305e-01 -1.385630518198013306e-01 7.853360474109649658e-02
-8.214931935071945190e-02 1.173946037888526917e-01 9.896817803382873535e-01 -2.933692634105682373e-01
0.000000000000000000e+00 0.000000000000000000e+00 0.000000000000000000e+00 1.000000000000000000e+00
5.503541827201843262e-01 8.337896466255187988e-01 -4.364687949419021606e-02 2.108517801389098167e-03
-8.330508470535278320e-01 5.448572635650634766e-01 -9.569045901298522949e-02 6.693139672279357910e-02
-5.600440874695777893e-02 8.902370929718017578e-02 9.944537281990051270e-01 -2.983042001724243164e-01
0.000000000000000000e+00 0.000000000000000000e+00 0.000000000000000000e+00 1.000000000000000000e+00
4.588102698326110840e-01 8.832615613937377930e-01 -9.665483236312866211e-02 2.496082149446010590e-02
-8.885228037834167480e-01 4.555286169052124023e-01 -5.496361851692199707e-02 5.475823953747749329e-02
-4.518206231296062469e-03 1.110979020595550537e-01 9.937992095947265625e-01 -3.021769523620605469e-01
0.000000000000000000e+00 0.000000000000000000e+00 0.000000000000000000e+00 1.000000000000000000e+00
3.519283533096313477e-01 9.297399520874023438e-01 -1.083049699664115906e-01 3.296967968344688416e-02
-9.357777833938598633e-01 3.521413505077362061e-01 -1.779034174978733063e-02 4.076110944151878357e-02
2.159826271235942841e-02 1.076103001832962036e-01 9.939585328102111816e-01 -3.036502301692962646e-01
0.000000000000000000e+00 0.000000000000000000e+00 0.000000000000000000e+00 1.000000000000000000e+00
2.717590630054473877e-01 9.540316462516784668e-01 -1.263738274574279785e-01 4.130870476365089417e-02
-9.591026306152343750e-01 2.792961597442626953e-01 4.599498212337493896e-02 1.680512726306915283e-02
7.917638123035430908e-02 1.087059676647186279e-01 9.909158349037170410e-01 -3.032896220684051514e-01
0.000000000000000000e+00 0.000000000000000000e+00 0.000000000000000000e+00 1.000000000000000000e+00
1.926483064889907837e-01 9.679278731346130371e-01 -1.612523198127746582e-01 5.370729416608810425e-02
-9.723582863807678223e-01 2.103982120752334595e-01 1.012519598007202148e-01 -3.510038135573267937e-03
1.319317817687988281e-01 1.372890174388885498e-01 9.817054867744445801e-01 -3.013422489166259766e-01
0.000000000000000000e+00 0.000000000000000000e+00 0.000000000000000000e+00 1.000000000000000000e+00
1.154543384909629822e-01 9.810413718223571777e-01 -1.556548923254013062e-01 5.370085686445236206e-02
-9.714506268501281738e-01 1.442142277956008911e-01 1.883777976036071777e-01 -3.329960629343986511e-02
2.072540521621704102e-01 1.294619888067245483e-01 9.696832299232482910e-01 -2.990093529224395752e-01
0.000000000000000000e+00 0.000000000000000000e+00 0.000000000000000000e+00 1.000000000000000000e+00
1.848771423101425171e-01 9.722778201103210449e-01 -1.431649923324584961e-01 4.912828281521797180e-02
-9.551298022270202637e-01 2.120635509490966797e-01 2.067755162715911865e-01 -3.875717148184776306e-02
2.314033210277557373e-01 9.851308166980743408e-02 9.678572416305541992e-01 -2.964144647121429443e-01
0.000000000000000000e+00 0.000000000000000000e+00 0.000000000000000000e+00 1.000000000000000000e+00
2.723830938339233398e-01 9.510466456413269043e-01 -1.460054367780685425e-01 4.750828444957733154e-02
-9.380241632461547852e-01 2.962614893913269043e-01 1.798328906297683716e-01 -2.804458327591419220e-02
2.142852842807769775e-01 8.797322213649749756e-02 9.728015065193176270e-01 -2.953193783760070801e-01
0.000000000000000000e+00 0.000000000000000000e+00 0.000000000000000000e+00 1.000000000000000000e+00
3.252694606781005859e-01 9.333881735801696777e-01 -1.516126543283462524e-01 4.754467681050300598e-02
-9.337190389633178711e-01 3.423786759376525879e-01 1.046212241053581238e-01 -1.828760025091469288e-03
1.495611518621444702e-01 1.075335219502449036e-01 9.828876256942749023e-01 -2.949786484241485596e-01
0.000000000000000000e+00 0.000000000000000000e+00 0.000000000000000000e+00 1.000000000000000000e+00
3.622047305107116699e-01 9.127628207206726074e-01 -1.888701617717742920e-01 5.740987136960029602e-02
-9.287080764770507812e-01 3.706677556037902832e-01 1.032075285911560059e-02 3.090308047831058502e-02
7.942845672369003296e-02 1.716670393943786621e-01 9.819478392601013184e-01 -2.906468808650970459e-01
0.000000000000000000e+00 0.000000000000000000e+00 0.000000000000000000e+00 1.000000000000000000e+00
4.023088216781616211e-01 8.928991556167602539e-01 -2.021843940019607544e-01 5.928357318043708801e-02
-9.152697324752807617e-01 3.972695171833038330e-01 -6.676817685365676880e-02 5.711726099252700806e-02
2.070441655814647675e-02 2.119147032499313354e-01 9.770688414573669434e-01 -2.856246531009674072e-01
0.000000000000000000e+00 0.000000000000000000e+00 0.000000000000000000e+00 1.000000000000000000e+00
4.580943882465362549e-01 8.575756549835205078e-01 -2.339087724685668945e-01 6.563081592321395874e-02
-8.880245685577392578e-01 4.298146069049835205e-01 -1.633138060569763184e-01 8.643782883882522583e-02
-3.951659426093101501e-02 2.825299203395843506e-01 9.584442377090454102e-01 -2.746689319610595703e-01
0.000000000000000000e+00 0.000000000000000000e+00 0.000000000000000000e+00 1.000000000000000000e+00
5.337233543395996094e-01 8.190881013870239258e-01 -2.103186100721359253e-01 5.293606594204902649e-02
-8.412473797798156738e-01 4.888859987258911133e-01 -2.308528572320938110e-01 1.048597693443298340e-01
-8.626707643270492554e-02 3.001415431499481201e-01 9.499858021736145020e-01 -2.683263421058654785e-01
0.000000000000000000e+00 0.000000000000000000e+00 0.000000000000000000e+00 1.000000000000000000e+00
5.940164327621459961e-01 7.771381139755249023e-01 -2.078475505113601685e-01 4.784923046827316284e-02
-7.955974936485290527e-01 5.292993783950805664e-01 -2.947314977645874023e-01 1.204493716359138489e-01
-1.190336048603057861e-01 3.404383063316345215e-01 9.327018260955810547e-01 -2.597254812717437744e-01
0.000000000000000000e+00 0.000000000000000000e+00 0.000000000000000000e+00 1.000000000000000000e+00
6.752506494522094727e-01 7.151804566383361816e-01 -1.804256141185760498e-01 3.361229598522186279e-02
-7.199535369873046875e-01 5.859128832817077637e-01 -3.719850480556488037e-01 1.365365982055664062e-01
-1.603228151798248291e-01 3.810811638832092285e-01 9.105348587036132812e-01 -2.490912228822708130e-01
0.000000000000000000e+00 0.000000000000000000e+00 0.000000000000000000e+00 1.000000000000000000e+00
7.382482290267944336e-01 6.537880897521972656e-01 -1.659836769104003906e-01 2.590017579495906830e-02
-6.477878689765930176e-01 6.185809373855590820e-01 -4.446665644645690918e-01 1.510363221168518066e-01
-1.880434304475784302e-01 4.357964992523193359e-01 8.801823258399963379e-01 -2.351533770561218262e-01
0.000000000000000000e+00 0.000000000000000000e+00 0.000000000000000000e+00 1.000000000000000000e+00
7.663809061050415039e-01 6.255814433097839355e-01 -1.459724009037017822e-01 1.761353015899658203e-02
-5.943818688392639160e-01 6.043691039085388184e-01 -5.305166244506835938e-01 1.703649163246154785e-01
-2.436602711677551270e-01 4.933411478996276855e-01 8.350114822387695312e-01 -2.146091163158416748e-01
0.000000000000000000e+00 0.000000000000000000e+00 0.000000000000000000e+00 1.000000000000000000e+00
