1.000000000000000000e+00 0.000000000000000000e+00 0.000000000000000000e+00 -4.542167112231254578e-02
0.000000000000000000e+00 1.000000000000000000e+00 0.000000000000000000e+00 9.935460984706878662e-04
0.000000000000000000e+00 0.000000000000000000e+00 1.000000000000000000e+00 -2.875000238418579102e-01
0.000000000000000000e+00 0.000000000000000000e+00 0.000000000000000000e+00 1.000000000000000000e+00
9.964595437049865723e-01 8.278046548366546631e-02 1.468732021749019623e-02 -4.833420366048812866e-02
-8.250043541193008423e-02 9.964147210121154785e-01 -1.874521933495998383e-02 1.014827657490968704e-02
-1.618640311062335968e-02 1.746713742613792419e-02 9.997163414955139160e-01 -2.934086620807647705e-01
0.000000000000000000e+00 0.000000000000000000e+00 0.000000000000000000e+00 1.000000000000000000e+00
9.857710003852844238e-01 1.647409200668334961e-01 3.340604528784751892e-02 -5.223247036337852478e-02
-1.629379242658615112e-01 9.853186607360839844e-01 -5.097278952598571777e-02 2.529596537351608276e-02
-4.131295159459114075e-02 4.480435699224472046e-02 9.981412887573242188e-01 -2.925185859203338623e-01
0.000000000000000000e+00 0.000000000000000000e+00 0.000000000000000000e+00 1.000000000000000000e+00
9.657317399978637695e-01 2.571013569831848145e-01 3.551323339343070984e-02 -5.067049711942672729e-02
-2.537597119808197021e-01 9.640566706657409668e-01 -7.874432951211929321e-02 3.878154233098030090e-02
-5.448204651474952698e-02 6.703408062458038330e-02 9.962621927261352539e-01 -2.920860648155212402e-01
0.000000000000000000e+00 0.000000000000000000e+00 0.000000000000000000e+00 1.000000000000000000e+00
9.377701878547668457e-01 3.433217108249664307e-01 5.212513357400894165e-02 -5.266075953841209412e-02
-3.351725637912750244e-01 9.341362118721008301e-01 -1.226738542318344116e-01 5.682945623993873596e-02
-9.080861508846282959e-02 9.756892919540405273e-02 9.910772442817687988e-01 -2.891466617584228516e-01
0.000000000000000000e+00 0.000000000000000000e+00 0.000000000000000000e+00 1.000000000000000000e+00
8.927263617515563965e-01 4.493008255958557129e-01 3.417951986193656921e-02 -4.417553544044494629e-02
-4.409432709217071533e-01 8.866984844207763672e-01 -1.390493363142013550e-01 6.614063680171966553e-02
-9.278193861246109009e-02 1.090617999434471130e-01 9.896953701972961426e-01 -2.897951006889343262e-01
0.000000000000000000e+00 0.000000000000000000e+00 0.000000000000000000e+00 1.000000000000000000e+00
8.468166589736938477e-01 5.316732525825500488e-01 1.500112377107143402e-02 -3.545887395739555359e-02
-5.222746133804321289e-01 8.365224599838256836e-01 -1.657082289457321167e-01 7.801959663629531860e-02
-1.006514504551887512e-01 1.324897110462188721e-01 9.860607385635375977e-01 -2.888172268867492676e-01
0.000000000000000000e+00 0.000000000000000000e+00 0.000000000000000000e+00 1.000000000000000000e+00
7.911742329597473145e-01 6.115760803222656250e-01 -4.236514214426279068e-03 -2.627323195338249207e-02
-6.032260060310363770e-01 7.791927456855773926e-01 -1.702258586883544922e-01 8.319045603275299072e-02
-1.008050367236137390e-01 1.372338831424713135e-01 9.853960275650024414e-01 -2.895813882350921631e-01
0.000000000000000000e+00 0.000000000000000000e+00 0.000000000000000000e+00 1.000000000000000000e+00
7.248336076736450195e-01 6.881947517395019531e-01 -3.168582171201705933e-02 -1.282921154052019119e-02
-6.830611824989318848e-01 7.119174003601074219e-01 -1.630968451499938965e-01 8.376019448041915894e-02
-8.968473970890045166e-02 1.398614495992660522e-01 9.861009120941162109e-01 -2.908298671245574951e-01
0.000000000000000000e+00 0.000000000000000000e+00 0.000000000000000000e+00 1.000000000000000000e+00
6.457551121711730957e-01 7.628535628318786621e-01 -3.247018903493881226e-02 -7.229077164083719254e-03
-7.587127685546875000e-01 6.363121271133422852e-01 -1.395031660795211792e-01 7.911239564418792725e-02
-8.575937151908874512e-02 1.147204339504241943e-01 9.896889925003051758e-01 -2.932821214199066162e-01
0.000000000000000000e+00 0.000000000000000000e+00 0.000000000000000000e+00 1.000000000000000000e+00
5.491442084312438965e-01 8.346900939941406250e-01 -4.162318632006645203e-02 1.574911293573677540e-03
-8.336828947067260742e-01 5.436394810676574707e-01 -9.710077941417694092e-02 6.772860884666442871e-02
-5.842108279466629028e-02 8.802286535501480103e-02 9.944037199020385742e-01 -2.983325421810150146e-01
0.000000000000000000e+00 0.000000000000000000e+00 0.000000000000000000e+00 1.000000000000000000e+00
4.593929946422576904e-01 8.833978176116943359e-01 -9.255289286375045776e-02 2.369871176779270172e-02
-8.882113099098205566e-01 4.561526477336883545e-01 -5.482019111514091492e-02 5.521939322352409363e-02
-6.209797225892543793e-03 1.073905527591705322e-01 9.941974878311157227e-01 -3.023183345794677734e-01
0.000000000000000000e+00 0.000000000000000000e+00 0.000000000000000000e+00 1.000000000000000000e+00
3.514605760574340820e-01 9.301835298538208008e-01 -1.059910133481025696e-01 3.224948048591613770e-02
-9.359760284423828125e-01 3.516077697277069092e-01 -1.791622862219810486e-02 4.109863936901092529e-02
2.060187421739101410e-02 1.055019050836563110e-01 9.942057728767395020e-01 -3.037882447242736816e-01
0.000000000000000000e+00 0.000000000000000000e+00 0.000000000000000000e+00 1.000000000000000000e+00
2.729679048061370850e-01 9.540572762489318848e-01 -1.235452815890312195e-01 4.052288457751274109e-02
-9.588004946708679199e-01 2.803035378456115723e-01 4.616791754961013794e-02 1.695852726697921753e-02
7.867702841758728027e-02 1.058529317378997803e-01 9.912644028663635254e-01 -3.034290671348571777e-01
0.000000000000000000e+00 0.000000000000000000e+00 0.000000000000000000e+00 1.000000000000000000e+00
1.926236599683761597e-01 9.691031575202941895e-01 -1.540624648332595825e-01 5.158902332186698914e-02
-9.722914099693298340e-01 2.096869796514511108e-01 1.033479571342468262e-01 -4.129708744585514069e-03
1.324597150087356567e-01 1.298863291740417480e-01 9.826411604881286621e-01 -3.017887473106384277e-01
0.000000000000000000e+00 0.000000000000000000e+00 0.000000000000000000e+00 1.000000000000000000e+00
1.126254424452781677e-01 9.815165996551513672e-01 -1.547278612852096558e-01 5.379503965377807617e-02
-9.710859656333923340e-01 1.417143493890762329e-01 1.921175420284271240e-01 -3.457954898476600647e-02
2.104937285184860229e-01 1.286167353391647339e-01 9.690976142883300781e-01 -2.988962233066558838e-01
0.000000000000000000e+00 0.000000000000000000e+00 0.000000000000000000e+00 1.000000000000000000e+00
1.882747560739517212e-01 9.724238514900207520e-01 -1.376383155584335327e-01 4.749667271971702576e-02
-9.548217058181762695e-01 2.140461653470993042e-01 2.061542570590972900e-01 -3.848601877689361572e-02
2.299302816390991211e-01 9.260644018650054932e-02 9.687910676002502441e-01 -2.967156469821929932e-01
0.000000000000000000e+00 0.000000000000000000e+00 0.000000000000000000e+00 1.000000000000000000e+00
2.711420655250549316e-01 9.510542750358581543e-01 -1.482476592063903809e-01 4.828779771924018860e-02
-9.383693337440490723e-01 2.954776287078857422e-01 1.793202310800552368e-01 -2.780167013406753540e-02
2.143471986055374146e-01 9.048984199762344360e-02 9.725569486618041992e-01 -2.953383028507232666e-01
0.000000000000000000e+00 0.000000000000000000e+00 0.000000000000000000e+00 1.000000000000000000e+00
3.258465230464935303e-01 9.338721632957458496e-01 -1.473317146301269531e-01 4.615181684494018555e-02
-9.340952038764953613e-01 3.420600593090057373e-01 1.022775173187255859e-01 -8.286312804557383060e-04
1.459104120731353760e-01 1.042951121926307678e-01 9.837848544120788574e-01 -2.953941524028778076e-01
0.000000000000000000e+00 0.000000000000000000e+00 0.000000000000000000e+00 1.000000000000000000e+00
3.595309555530548096e-01 9.150668382644653320e-01 -1.827309280633926392e-01 5.580591782927513123e-02
-9.298797845840454102e-01 3.676782548427581787e-01 1.165447197854518890e-02 3.091117553412914276e-02
7.785080373287200928e-02 1.657276898622512817e-01 9.830937385559082031e-01 -2.909814417362213135e-01
0.000000000000000000e+00 0.000000000000000000e+00 0.000000000000000000e+00 1.000000000000000000e+00
4.041065871715545654e-01 8.935483098030090332e-01 -1.956240534782409668e-01 5.764331296086311340e-02
-9.145392179489135742e-01 3.988374471664428711e-01 -6.742919981479644775e-02 5.766298994421958923e-02
1.777092553675174713e-02 2.061544954776763916e-01 9.783581495285034180e-01 -2.859576344490051270e-01
0.000000000000000000e+00 0.000000000000000000e+00 0.000000000000000000e+00 1.000000000000000000e+00
4.593747854232788086e-01 8.602951169013977051e-01 -2.210590839385986328e-01 6.202618405222892761e-02
-8.870800733566284180e-01 4.316108226776123047e-01 -1.637093424797058105e-01 8.700437098741531372e-02
-4.542692378163337708e-02 2.713010311126708984e-01 9.614219069480895996e-01 -2.755650281906127930e-01
0.000000000000000000e+00 0.000000000000000000e+00 0.000000000000000000e+00 1.000000000000000000e+00
5.333530902862548828e-01 8.199563622474670410e-01 -2.078615725040435791e-01 5.230558291077613831e-02
-8.411786556243896484e-01 4.882118403911590576e-01 -2.325246036052703857e-01 1.058633923530578613e-01
-8.917953073978424072e-02 2.988663613796234131e-01 9.501188397407531738e-01 -2.684898674488067627e-01
0.000000000000000000e+00 0.000000000000000000e+00 0.000000000000000000e+00 1.000000000000000000e+00
5.945115685462951660e-01 7.774584889411926270e-01 -2.052179425954818726e-01 4.718586429953575134e-02
-7.950334548950195312e-01 5.301599502563476562e-01 -2.947068512439727783e-01 1.209389120340347290e-01
-1.203241422772407532e-01 3.383617103099822998e-01 9.332918524742126465e-01 -2.599551379680633545e-01
0.000000000000000000e+00 0.000000000000000000e+00 0.000000000000000000e+00 1.000000000000000000e+00
6.758974194526672363e-01 7.160474061965942383e-01 -1.744664758443832397e-01 3.190188109874725342e-02
-7.189815640449523926e-01 5.886152386665344238e-01 -3.695907890796661377e-01 1.365934312343597412e-01
-1.619510352611541748e-01 3.752436041831970215e-01 9.126685857772827148e-01 -2.496499121189117432e-01
0.000000000000000000e+00 0.000000000000000000e+00 0.000000000000000000e+00 1.000000000000000000e+00
7.366917729377746582e-01 6.576200723648071289e-01 -1.575450897216796875e-01 2.350936084985733032e-02
-6.476997733116149902e-01 6.192393898963928223e-01 -4.438774585723876953e-01 1.515467613935470581e-01
-1.943447589874267578e-01 4.290429949760437012e-01 8.821294307708740234e-01 -2.354949265718460083e-01
0.000000000000000000e+00 0.000000000000000000e+00 0.000000000000000000e+00 1.000000000000000000e+00
7.619726061820983887e-01 6.319813132286071777e-01 -1.414102166891098022e-01 1.647651940584182739e-02
-5.974833369255065918e-01 6.017973423004150391e-01 -5.299556851387023926e-01 1.709821522235870361e-01
-2.498221099376678467e-01 4.883020520210266113e-01 8.361519575119018555e-01 -2.146550714969635010e-01
0.000000000000000000e+00 0.000000000000000000e+00 0.000000000000000000e+00 1.000000000000000000e+00
7.924611568450927734e-01 5.924288034439086914e-01 -1.450285762548446655e-01 1.463734824210405350e-02
-5.335496068000793457e-01 5.581402182579040527e-01 -6.354556679725646973e-01 1.982134878635406494e-01
-2.955161631107330322e-01 5.809539556503295898e-01 7.583947181701660156e-01 -1.862268298864364624e-01
0.000000000000000000e+00 0.000000000000000000e+00 0.000000000000000000e+00 1.000000000000000000e+00
8.165038228034973145e-01 5.591407418251037598e-01 -1.438151448965072632e-01 1.230922248214483261e-02
-4.790315926074981689e-01 5.170743465423583984e-01 -7.093394994735717773e-01 2.175337821245193481e-01
-3.222577869892120361e-01 6.480702757835388184e-01 6.900394558906555176e-01 -1.622210144996643066e-01
0.000000000000000000e+00 0.000000000000000000e+00 0.000000000000000000e+00 1.000000000000000000e+00
8.441108465194702148e-01 5.179867744445800781e-01 -1.384438574314117432e-01 7.802162785083055496e-03
-4.147380292415618896e-01 4.671504497528076172e-01 -7.808731794357299805e-01 2.361207604408264160e-01
-3.398078680038452148e-01 7.165612578392028809e-01 6.091554760932922363e-01 -1.390634328126907349e-01
0.000000000000000000e+00 0.000000000000000000e+00 0.000000000000000000e+00 1.000000000000000000e+00
8.770318031311035156e-01 4.692687094211578369e-01 -1.029670163989067078e-01 -4.393905401229858398e-03
-3.287251889705657959e-01 4.298472702503204346e-01 -8.409343361854553223e-01 2.505201697349548340e-01
-3.503643274307250977e-01 7.713738679885864258e-01 5.312504768371582031e-01 -1.186945363879203796e-01
0.000000000000000000e+00 0.000000000000000000e+00 0.000000000000000000e+00 1.000000000000000000e+00
9.000710248947143555e-01 4.296218454837799072e-01 -7.278177142143249512e-02 -1.315096020698547363e-02
-2.317128181457519531e-01 3.304468691349029541e-01 -9.149392247200012207e-01 2.649931311607360840e-01
-3.690272867679595947e-01 8.403747677803039551e-01 3.969745635986328125e-01 -8.265888690948486328e-02
0.000000000000000000e+00 0.000000000000000000e+00 0.000000000000000000e+00 1.000000000000000000e+00
8.944758772850036621e-01 4.466392397880554199e-01 -2.064961753785610199e-02 -3.131375461816787720e-02
-7.447858154773712158e-02 1.032999157905578613e-01 -9.918578267097473145e-01 2.821241319179534912e-01
-4.408694505691528320e-01 8.887305855751037598e-01 1.256643831729888916e-01 -8.638794533908367157e-03
0.000000000000000000e+00 0.000000000000000000e+00 0.000000000000000000e+00 1.000000000000000000e+00
8.880885243415832520e-01 4.583878219127655029e-01 -3.434975817799568176e-02 -2.552526816725730896e-02
-8.061045408248901367e-02 8.173526823520660400e-02 -9.933890104293823242e-01 2.828931808471679688e-01
-4.525497257709503174e-01 8.849859833717346191e-01 1.095389500260353088e-01 -9.265252389013767242e-03
0.000000000000000000e+00 0.000000000000000000e+00 0.000000000000000000e+00 1.000000000000000000e+00
8.530203700065612793e-01 5.210210084915161133e-01 -2.989085391163825989e-02 -2.313893288373947144e-02
-1.003099977970123291e-01 1.074820607900619507e-01 -9.891336560249328613e-01 2.824534177780151367e-01
-5.121465921401977539e-01 8.467494845390319824e-01 1.439479291439056396e-01 -1.636739075183868408e-02
0.000000000000000000e+00 0.000000000000000000e+00 0.000000000000000000e+00 1.000000000000000000e+00
8.375220894813537598e-01 5.419442653656005859e-01 -6.966494768857955933e-02 -1.230885181576013565e-02
-2.240500748157501221e-01 2.243334650993347168e-01 -9.484070539474487305e-01 2.758997678756713867e-01
-4.983556270599365234e-01 8.099200725555419922e-01 3.093068897724151611e-01 -5.481010675430297852e-02
0.000000000000000000e+00 0.000000000000000000e+00 0.000000000000000000e+00 1.000000000000000000e+00
8.360301852226257324e-01 5.393454432487487793e-01 -1.007974520325660706e-01 -3.823511768132448196e-03
-3.053661286830902100e-01 3.047401905059814453e-01 -9.021555185317993164e-01 2.664301097393035889e-01
-4.558565616607666016e-01 7.850093841552734375e-01 4.194698631763458252e-01 -8.458682894706726074e-02
0.000000000000000000e+00 0.000000000000000000e+00 0.000000000000000000e+00 1.000000000000000000e+00
8.210337758064270020e-01 5.598368644714355469e-01 -1.117426082491874695e-01 -9.027966880239546299e-04
-3.658482432365417480e-01 3.657204210758209229e-01 -8.558058142662048340e-01 2.564660608768463135e-01
-4.382449984550476074e-01 7.435262799263000488e-01 5.050841569900512695e-01 -1.087313294410705566e-01
0.000000000000000000e+00 0.000000000000000000e+00 0.000000000000000000e+00 1.000000000000000000e+00
8.364939689636230469e-01 5.422056913375854492e-01 -7.931596040725708008e-02 -1.427671406418085098e-02
-4.485887885093688965e-01 5.944367051124572754e-01 -6.673925518989562988e-01 2.160911411046981812e-01
-3.147158324718475342e-01 5.938499569892883301e-01 7.404700517654418945e-01 -1.805592179298400879e-01
0.000000000000000000e+00 0.000000000000000000e+00 0.000000000000000000e+00 1.000000000000000000e+00
8.404392004013061523e-01 5.380092263221740723e-01 -6.486826390027999878e-02 -1.987276598811149597e-02
-4.621819853782653809e-01 6.491441726684570312e-01 -6.041518449783325195e-01 1.974813938140869141e-01
-2.829306125640869141e-01 5.377338528633117676e-01 7.942245006561279297e-01 -1.978209912776947021e-01
0.000000000000000000e+00 0.000000000000000000e+00 0.000000000000000000e+00 1.000000000000000000e+00
8.595406413078308105e-01 5.078921318054199219e-01 -5.687641352415084839e-02 -2.233510464429855347e-02
-4.559267759323120117e-01 7.117564678192138672e-01 -5.343532562255859375e-01 1.764884144067764282e-01
-2.309118211269378662e-01 4.852299690246582031e-01 8.433453440666198730e-01 -2.136040180921554565e-01
0.000000000000000000e+00 0.000000000000000000e+00 0.000000000000000000e+00 1.000000000000000000e+00
8.741180300712585449e-01 4.851166605949401855e-01 -2.406746335327625275e-02 -3.036154992878437042e-02
-4.546317160129547119e-01 7.997362017631530762e-01 -3.920862376689910889e-01 1.355859488248825073e-01
-1.709601134061813354e-01 3.536714017391204834e-01 9.196135401725769043e-01 -2.368617951869964600e-01
0.000000000000000000e+00 0.000000000000000000e+00 0.000000000000000000e+00 1.000000000000000000e+00
8.806467056274414062e-01 4.732758998870849609e-01 -2.170580439269542694e-02 -2.946468442678451538e-02
-4.627874493598937988e-01 8.495140671730041504e-01 -2.532854676246643066e-01 9.710814058780670166e-02
-1.014345660805702209e-01 2.331001758575439453e-01 9.671478867530822754e-01 -2.529802322387695312e-01
0.000000000000000000e+00 0.000000000000000000e+00 0.000000000000000000e+00 1.000000000000000000e+00
8.819799423217773438e-01 4.710042476654052734e-01 -1.631864532828330994e-02 -2.682066522538661957e-02
-4.712077379226684570e-01 8.806684613227844238e-01 -4.884728789329528809e-02 3.911723196506500244e-02
-8.635981939733028412e-03 5.077180266380310059e-02 9.986729025840759277e-01 -2.658427357673645020e-01
0.000000000000000000e+00 0.000000000000000000e+00 0.000000000000000000e+00 1.000000000000000000e+00
8.876802921295166016e-01 4.601655304431915283e-01 -1.646900363266468048e-02 -2.527466043829917908e-02
-4.590018987655639648e-01 8.871470689773559570e-01 4.782402142882347107e-02 1.093629561364650726e-02
3.661739826202392578e-02 -3.489313274621963501e-02 9.987199306488037109e-01 -2.685457170009613037e-01
0.000000000000000000e+00 0.000000000000000000e+00 0.000000000000000000e+00 1.000000000000000000e+00
8.939681649208068848e-01 4.480151832103729248e-01 -1.015678420662879944e-02 -2.641914784908294678e-02
-4.415549933910369873e-01 8.844932913780212402e-01 1.506673246622085571e-01 -2.051973342895507812e-02
7.648491859436035156e-02 -1.302069872617721558e-01 9.885324239730834961e-01 -2.676513791084289551e-01
0.000000000000000000e+00 0.000000000000000000e+00 0.000000000000000000e+00 1.000000000000000000e+00
8.977134823799133301e-01 4.404269754886627197e-01 -1.160155236721038818e-02 -2.579138986766338348e-02
-4.228299260139465332e-01 8.686471581459045410e-01 2.581993341445922852e-01 -5.459446087479591370e-02
1.237956359982490540e-01 -2.268835008144378662e-01 9.660220146179199219e-01 -2.629456222057342529e-01
0.000000000000000000e+00 0.000000000000000000e+00 0.000000000000000000e+00 1.000000000000000000e+00
9.000431299209594727e-01 4.355894327163696289e-01 -1.356287300586700439e-02 -2.491734176874160767e-02
-4.000621736049652100e-01 8.381766080856323242e-01 3.706883490085601807e-01 -9.192779660224914551e-02
1.728361397981643677e-01 -3.282094895839691162e-01 9.286582469940185547e-01 -2.533456087112426758e-01
0.000000000000000000e+00 0.000000000000000000e+00 0.000000000000000000e+00 1.000000000000000000e+00
9.054498076438903809e-01 4.243402779102325439e-01 -9.789264760911464691e-03 -2.715846523642539978e-02
-3.733166158199310303e-01 8.071275949478149414e-01 4.573614001274108887e-01 -1.205825731158256531e-01
2.019781619310379028e-01 -4.104632735252380371e-01 8.892269134521484375e-01 -2.436396777629852295e-01
0.000000000000000000e+00 0.000000000000000000e+00 0.000000000000000000e+00 1.000000000000000000e+00
9.156906008720397949e-01 4.018245041370391846e-01 -6.914756260812282562e-03 -3.084982559084892273e-02
-3.326668143272399902e-01 7.675212025642395020e-01 5.479450821876525879e-01 -1.507993936538696289e-01
2.254850864410400391e-01 -4.994477629661560059e-01 8.364856243133544922e-01 -2.308290451765060425e-01
0.000000000000000000e+00 0.000000000000000000e+00 0.000000000000000000e+00 1.000000000000000000e+00
9.088390469551086426e-01 4.168886244297027588e-01 1.467372756451368332e-02 -3.832581266760826111e-02
-3.330626785755157471e-01 7.040165066719055176e-01 6.272396445274353027e-01 -1.748636662960052490e-01
2.511586844921112061e-01 -5.749471187591552734e-01 7.786878943443298340e-01 -2.169386148452758789e-01
0.000000000000000000e+00 0.000000000000000000e+00 0.000000000000000000e+00 1.000000000000000000e+00
9.157594442367553711e-01 4.004227519035339355e-01 3.234488144516944885e-02 -4.563693329691886902e-02
-2.974684238433837891e-01 6.217820644378662109e-01 7.244995236396789551e-01 -2.054601311683654785e-01
2.699946463108062744e-01 -6.730889081954956055e-01 6.885159611701965332e-01 -1.921547800302505493e-01
0.000000000000000000e+00 0.000000000000000000e+00 0.000000000000000000e+00 1.000000000000000000e+00
9.240746498107910156e-01 3.780738413333892822e-01 5.609151348471641541e-02 -5.422868207097053528e-02
-2.709444165229797363e-01 5.444603562355041504e-01 7.938210964202880859e-01 -2.281899154186248779e-01
2.695834040641784668e-01 -7.487476468086242676e-01 6.055590510368347168e-01 -1.669831871986389160e-01
0.000000000000000000e+00 0.000000000000000000e+00 0.000000000000000000e+00 1.000000000000000000e+00
9.311841726303100586e-01 3.606681823730468750e-01 5.305168032646179199e-02 -5.516258254647254944e-02
-2.320973277091979980e-01 4.743242263793945312e-01 8.492038846015930176e-01 -2.472015321254730225e-01
2.811171710491180420e-01 -8.030784130096435547e-01 5.253933668136596680e-01 -1.444661170244216919e-01
0.000000000000000000e+00 0.000000000000000000e+00 0.000000000000000000e+00 1.000000000000000000e+00
9.409207701683044434e-01 3.346114158630371094e-01 5.199334397912025452e-02 -5.778708681464195251e-02
-1.939133107662200928e-01 4.065516591072082520e-01 8.928120136260986328e-01 -2.618890702724456787e-01
2.776071131229400635e-01 -8.501476049423217773e-01 4.474185109138488770e-01 -1.227737888693809509e-01
0.000000000000000000e+00 0.000000000000000000e+00 0.000000000000000000e+00 1.000000000000000000e+00
9.525119662284851074e-01 2.995460629463195801e-01 5.470823124051094055e-02 -6.105299293994903564e-02
-1.637092232704162598e-01 3.522771000862121582e-01 9.214662909507751465e-01 -2.724804878234863281e-01
2.567491531372070312e-01 -8.866639733314514160e-01 3.845866322517395020e-01 -1.034325435757637024e-01
0.000000000000000000e+00 0.000000000000000000e+00 0.000000000000000000e+00 1.000000000000000000e+00
