1.000000000000000000e+00 0.000000000000000000e+00 0.000000000000000000e+00 -4.255350477121360719e-01
0.000000000000000000e+00 -1.000000000000000000e+00 0.000000000000000000e+00 3.076616963927396031e-01
0.000000000000000000e+00 0.000000000000000000e+00 -1.000000000000000000e+00 -5.117628744684824760e+00
0.000000000000000000e+00 0.000000000000000000e+00 0.000000000000000000e+00 1.000000000000000000e+00
9.949335455894470215e-01 -5.817512422800064087e-02 8.199308812618255615e-02 3.835719482982679479e-02
-5.999499559402465820e-02 -9.980000257492065430e-01 1.990706473588943481e-02 3.668828665464566874e-01
8.067098259925842285e-02 -2.472542040050029755e-02 -9.964338541030883789e-01 -5.077857575857764871e+00
0.000000000000000000e+00 0.000000000000000000e+00 0.000000000000000000e+00 1.000000000000000000e+00
9.707342386245727539e-01 -7.664706557989120483e-02 2.275976985692977905e-01 8.258799081498091610e-01
-8.293670415878295898e-02 -9.963888525962829590e-01 1.818666234612464905e-02 3.724714895634080869e-01
2.253817915916442871e-01 -3.653057292103767395e-02 -9.735853672027587891e-01 -4.948131146042177519e+00
0.000000000000000000e+00 0.000000000000000000e+00 0.000000000000000000e+00 1.000000000000000000e+00
9.988823533058166504e-01 -4.719348624348640442e-02 -2.633451949805021286e-03 -4.042181377215622873e-01
-4.720195010304450989e-02 -9.988802075386047363e-01 -3.246145788580179214e-03 2.576471698843477709e-01
-2.477296162396669388e-03 3.366873133927583694e-03 -9.999912977218627930e-01 -4.935507544917443923e+00
0.000000000000000000e+00 0.000000000000000000e+00 0.000000000000000000e+00 1.000000000000000000e+00
9.943991899490356445e-01 -5.806833505630493164e-02 8.830763399600982666e-02 1.056643178046060283e-01
-5.495270714163780212e-02 -9.977916479110717773e-01 -3.731394559144973755e-02 1.302332390948200413e-01
9.027937054634094238e-02 3.225212916731834412e-02 -9.953939914703369141e-01 -4.915298751553955015e+00
0.000000000000000000e+00 0.000000000000000000e+00 0.000000000000000000e+00 1.000000000000000000e+00
-1.443278696388006210e-02 -9.003181755542755127e-02 9.958343505859375000e-01 5.261506086548880745e+00
-3.777744621038436890e-02 -9.951778054237365723e-01 -9.051998704671859741e-02 -9.399897182427778553e-02
9.991819262504577637e-01 -3.892652690410614014e-02 1.096198055893182755e-02 6.305841622600440177e-02
0.000000000000000000e+00 0.000000000000000000e+00 0.000000000000000000e+00 1.000000000000000000e+00
-2.814275585114955902e-02 -1.052504628896713257e-01 9.940478205680847168e-01 5.203507837674593794e+00
-2.150817401707172394e-02 -9.941473007202148438e-01 -1.058699190616607666e-01 -1.199323854635503533e-01
9.993724226951599121e-01 -2.435962855815887451e-02 2.571427263319492340e-02 2.216216529698916970e-01
0.000000000000000000e+00 0.000000000000000000e+00 0.000000000000000000e+00 1.000000000000000000e+00
-6.855849176645278931e-02 -1.018157526850700378e-01 9.924378991127014160e-01 5.137147028442496044e+00
-2.133085206151008606e-02 -9.944012761116027832e-01 -1.034907549619674683e-01 -5.052978616963470920e-02
9.974186420440673828e-01 -2.826473861932754517e-02 6.600286066532135010e-02 5.255081540600001766e-01
0.000000000000000000e+00 0.000000000000000000e+00 0.000000000000000000e+00 1.000000000000000000e+00
-4.429170861840248108e-02 -9.430897235870361328e-02 9.945571422576904297e-01 5.072000881697599439e+00
-3.388564661145210266e-02 -9.948195815086364746e-01 -9.584288299083709717e-02 1.503674170265812370e-02
9.984433650970458984e-01 -3.794627636671066284e-02 4.086664691567420959e-02 5.150806972353638713e-01
0.000000000000000000e+00 0.000000000000000000e+00 0.000000000000000000e+00 1.000000000000000000e+00
-5.288257822394371033e-02 -9.536737203598022461e-02 9.940361976623535156e-01 5.013923665872984436e+00
-5.114123597741127014e-02 -9.938646554946899414e-01 -9.807167947292327881e-02 2.969897678444975708e-02
9.972901940345764160e-01 -5.602253600955009460e-02 4.768089205026626587e-02 6.653799521031672493e-01
0.000000000000000000e+00 0.000000000000000000e+00 0.000000000000000000e+00 1.000000000000000000e+00
-3.380789235234260559e-02 -8.452141284942626953e-02 9.958478212356567383e-01 4.968508145782307039e+00
-7.387419790029525757e-02 -9.934802651405334473e-01 -8.682840317487716675e-02 1.156787174660955791e-01
9.966945648193359375e-01 -7.650303095579147339e-02 2.734343335032463074e-02 6.870519157560809331e-01
0.000000000000000000e+00 0.000000000000000000e+00 0.000000000000000000e+00 1.000000000000000000e+00
-4.207430034875869751e-02 -7.099954783916473389e-02 9.965887069702148438e-01 4.927356444190474249e+00
-1.030885204672813416e-01 -9.918396472930908203e-01 -7.501348108053207397e-02 2.180172933675943170e-01
9.937819242477416992e-01 -1.058929935097694397e-01 3.441171348094940186e-02 8.295043259586352136e-01
0.000000000000000000e+00 0.000000000000000000e+00 0.000000000000000000e+00 1.000000000000000000e+00
-2.129928767681121826e-02 -8.476203680038452148e-02 9.961735606193542480e-01 4.927309222747815909e+00
-1.062029451131820679e-01 -9.905700683593750000e-01 -8.655600249767303467e-02 2.140191326854683773e-01
9.941161274909973145e-01 -1.076401621103286743e-01 1.209647860378026962e-02 8.016201632736673632e-01
0.000000000000000000e+00 0.000000000000000000e+00 0.000000000000000000e+00 1.000000000000000000e+00
-1.248950418084859848e-02 -8.413687348365783691e-02 9.963759183883666992e-01 4.939461799902504779e+00
-1.350566297769546509e-01 -9.871806502342224121e-01 -8.505331724882125854e-02 2.625651938529611207e-01
9.907592535018920898e-01 -1.356294453144073486e-01 9.661517688073217869e-04 8.258098432988981719e-01
0.000000000000000000e+00 0.000000000000000000e+00 0.000000000000000000e+00 1.000000000000000000e+00
-3.486939938738942146e-03 -9.401518106460571289e-02 9.955646395683288574e-01 4.952616741461854488e+00
-1.523368805646896362e-01 -9.839009642601013184e-01 -9.344729781150817871e-02 2.602162742972047860e-01
9.883226752281188965e-01 -1.519870460033416748e-01 -1.089112926274538040e-02 8.547746429058743489e-01
0.000000000000000000e+00 0.000000000000000000e+00 0.000000000000000000e+00 1.000000000000000000e+00
7.185485679656267166e-03 -9.880814701318740845e-02 9.950805306434631348e-01 4.967358164766983109e+00
-1.763387173414230347e-01 -9.796368479728698730e-01 -9.600130468606948853e-02 2.725097221421768356e-01
9.843034148216247559e-01 -1.747814118862152100e-01 -2.446280047297477722e-02 9.063770648271824992e-01
0.000000000000000000e+00 0.000000000000000000e+00 0.000000000000000000e+00 1.000000000000000000e+00
3.846515342593193054e-02 -1.063764840364456177e-01 9.935815334320068359e-01 4.999031451406427351e+00
-1.913624107837677002e-01 -9.766985177993774414e-01 -9.716057777404785156e-02 3.050857964571471181e-01
9.807655215263366699e-01 -1.863968521356582642e-01 -5.792530626058578491e-02 8.606071855071448784e-01
0.000000000000000000e+00 0.000000000000000000e+00 0.000000000000000000e+00 1.000000000000000000e+00
9.335833787918090820e-02 -1.057347580790519714e-01 9.900022745132446289e-01 5.024894913323526779e+00
-2.156177610158920288e-01 -9.728943705558776855e-01 -8.357463777065277100e-02 3.925725218090662660e-01
9.720048308372497559e-01 -2.056596279144287109e-01 -1.136260256171226501e-01 7.029560678819561925e-01
0.000000000000000000e+00 0.000000000000000000e+00 0.000000000000000000e+00 1.000000000000000000e+00
1.575912535190582275e-01 -1.328166425228118896e-01 9.785318970680236816e-01 5.108625277076931148e+00
-2.343271076679229736e-01 -9.676412940025329590e-01 -9.360034763813018799e-02 3.350301185839690832e-01
9.592999815940856934e-01 -2.145460098981857300e-01 -1.836145669221878052e-01 5.816390726503469777e-01
0.000000000000000000e+00 0.000000000000000000e+00 0.000000000000000000e+00 1.000000000000000000e+00
1.932368576526641846e-01 -1.835056841373443604e-01 9.638383388519287109e-01 5.321757076011157217e+00
-2.445056587457656860e-01 -9.603681564331054688e-01 -1.338248997926712036e-01 1.428200228710106434e-01
9.501978158950805664e-01 -2.098041176795959473e-01 -2.304468154907226562e-01 6.339242709983257118e-01
0.000000000000000000e+00 0.000000000000000000e+00 0.000000000000000000e+00 1.000000000000000000e+00
1.811069399118423462e-01 -1.944138854742050171e-01 9.640552997589111328e-01 5.420197514380866721e+00
-2.739857733249664307e-01 -9.514306187629699707e-01 -1.403971612453460693e-01 1.304550236278931297e-01
9.445270895957946777e-01 -2.387106716632843018e-01 -2.255774438381195068e-01 6.931880743767957487e-01
0.000000000000000000e+00 0.000000000000000000e+00 0.000000000000000000e+00 1.000000000000000000e+00
1.277371644973754883e-01 -2.169031947851181030e-01 9.677993655204772949e-01 5.281821624181907815e+00
-2.012655436992645264e-01 -9.611595273017883301e-01 -1.888505369424819946e-01 -1.488984499305976983e-01
9.711719751358032227e-01 -1.706615686416625977e-01 -1.664309948682785034e-01 8.614318742735688206e-01
0.000000000000000000e+00 0.000000000000000000e+00 0.000000000000000000e+00 1.000000000000000000e+00
1.232154220342636108e-01 -2.278476804494857788e-01 9.658694267272949219e-01 5.209472421746826676e+00
-1.668934375047683716e-01 -9.641810655593872070e-01 -2.061589062213897705e-01 -2.541819300925788339e-01
9.782455563545227051e-01 -1.357952505350112915e-01 -1.568281501531600952e-01 8.459025671499710297e-01
0.000000000000000000e+00 0.000000000000000000e+00 0.000000000000000000e+00 1.000000000000000000e+00
1.426439285278320312e-01 -2.726230323314666748e-01 9.514885544776916504e-01 4.914016981867795231e+00
-6.878870725631713867e-02 -9.617245793342590332e-01 -2.652433514595031738e-01 -6.531529973740737294e-01
9.873806238174438477e-01 -2.761640958487987518e-02 -1.559372693300247192e-01 6.387808872505410518e-01
0.000000000000000000e+00 0.000000000000000000e+00 0.000000000000000000e+00 1.000000000000000000e+00
1.492910683155059814e-01 -3.179659843444824219e-01 9.362744092941284180e-01 4.630230396970341111e+00
-2.912561222910881042e-02 -9.478890299797058105e-01 -3.172662556171417236e-01 -1.033848944726813546e+00
9.883642196655273438e-01 2.009546943008899689e-02 -1.507723778486251831e-01 5.593725751616125397e-01
0.000000000000000000e+00 0.000000000000000000e+00 0.000000000000000000e+00 1.000000000000000000e+00
1.883786469697952271e-01 -3.805077373981475830e-01 9.053878784179687500e-01 4.378519076203194693e+00
5.403714254498481750e-03 -9.214775562286376953e-01 -3.883940577507019043e-01 -1.410563757406033014e+00
9.820816516876220703e-01 7.805760204792022705e-02 -1.715305596590042114e-01 4.087912812991088551e-01
0.000000000000000000e+00 0.000000000000000000e+00 0.000000000000000000e+00 1.000000000000000000e+00
2.545205354690551758e-01 -4.091815352439880371e-01 8.762359023094177246e-01 4.182703261246084381e+00
5.520691350102424622e-02 -8.984500765800476074e-01 -4.355909824371337891e-01 -1.644623583861883009e+00
9.654901027679443359e-01 1.592410951852798462e-01 -2.060844451189041138e-01 1.890078560633861315e-01
0.000000000000000000e+00 0.000000000000000000e+00 0.000000000000000000e+00 1.000000000000000000e+00
3.283005654811859131e-01 -4.576477408409118652e-01 8.263034224510192871e-01 3.870901265830391402e+00
1.166057288646697998e-01 -8.484629392623901367e-01 -5.162496566772460938e-01 -2.046106340829473069e+00
9.373483061790466309e-01 2.658368051052093506e-01 -2.251865863800048828e-01 2.736227933186808139e-02
0.000000000000000000e+00 0.000000000000000000e+00 0.000000000000000000e+00 1.000000000000000000e+00
3.645952939987182617e-01 -4.921122789382934570e-01 7.905035614967346191e-01 3.664327295142970176e+00
1.387401223182678223e-01 -8.107539415359497070e-01 -5.687083005905151367e-01 -2.308394669523792242e+00
9.207722544670104980e-01 3.170228600502014160e-01 -2.273213416337966919e-01 -3.037652597082923095e-02
0.000000000000000000e+00 0.000000000000000000e+00 0.000000000000000000e+00 1.000000000000000000e+00
3.668458163738250732e-01 -5.470446944236755371e-01 7.524400353431701660e-01 3.415122282206322080e+00
1.600257605314254761e-01 -7.596657276153564453e-01 -6.303171515464782715e-01 -2.576263263238121493e+00
9.164146184921264648e-01 3.516389429569244385e-01 -1.911389380693435669e-01 8.731546245061566625e-02
0.000000000000000000e+00 0.000000000000000000e+00 0.000000000000000000e+00 1.000000000000000000e+00
4.242607057094573975e-01 -5.461775064468383789e-01 7.222832441329956055e-01 3.224903597070171379e+00
1.614449471235275269e-01 -7.392258644104003906e-01 -6.538199782371520996e-01 -2.683618038570819042e+00
8.910322189331054688e-01 3.939990699291229248e-01 -2.254468947649002075e-01 -1.008760736114214795e-01
0.000000000000000000e+00 0.000000000000000000e+00 0.000000000000000000e+00 1.000000000000000000e+00
4.082535207271575928e-01 -5.724908113479614258e-01 7.110436558723449707e-01 3.083149588036343758e+00
1.845771074295043945e-01 -7.110555768013000488e-01 -6.784772872924804688e-01 -2.773964761350793840e+00
8.940135836601257324e-01 4.082331061363220215e-01 -1.846221685409545898e-01 3.517851314333524798e-02
0.000000000000000000e+00 0.000000000000000000e+00 0.000000000000000000e+00 1.000000000000000000e+00
4.082993865013122559e-01 -6.093922853469848633e-01 6.796563863754272461e-01 2.871174317628398143e+00
1.764079779386520386e-01 -6.778358817100524902e-01 -7.137358784675598145e-01 -2.915681469413109905e+00
8.956404328346252441e-01 4.113146960735321045e-01 -1.692582666873931885e-01 3.953926084557803783e-02
0.000000000000000000e+00 0.000000000000000000e+00 0.000000000000000000e+00 1.000000000000000000e+00
2.834481894969940186e-01 -7.097832560539245605e-01 6.448757052421569824e-01 2.570313609840384483e+00
1.405984461307525635e-01 -6.344306468963623047e-01 -7.600854039192199707e-01 -3.065565304551645998e+00
9.486248493194580078e-01 3.061133027076721191e-01 -8.003387600183486938e-02 2.725385951361417591e-01
0.000000000000000000e+00 0.000000000000000000e+00 0.000000000000000000e+00 1.000000000000000000e+00
1.798918396234512329e-01 -7.592192888259887695e-01 6.254800558090209961e-01 2.436788433213309180e+00
1.280326545238494873e-01 -6.123732328414916992e-01 -7.801326513290405273e-01 -3.123192130986201409e+00
9.753186702728271484e-01 2.204212993383407593e-01 -1.295611727982759476e-02 4.585884750858547076e-01
0.000000000000000000e+00 0.000000000000000000e+00 0.000000000000000000e+00 1.000000000000000000e+00
2.676682174205780029e-01 -7.840081453323364258e-01 5.600760579109191895e-01 2.139623894565127138e+00
1.199958622455596924e-01 -5.496358871459960938e-01 -8.267413377761840820e-01 -3.254244332565831233e+00
9.560096859931945801e-01 2.884991765022277832e-01 -5.304239317774772644e-02 1.619855219086976938e-01
0.000000000000000000e+00 0.000000000000000000e+00 0.000000000000000000e+00 1.000000000000000000e+00
3.943205475807189941e-01 -7.667824625968933105e-01 5.065135955810546875e-01 1.890696258001740571e+00
1.069005951285362244e-01 -5.091583132743835449e-01 -8.540082573890686035e-01 -3.295773210470660963e+00
9.127340316772460938e-01 3.908996880054473877e-01 -1.188019663095474243e-01 -1.955644781881540895e-01
0.000000000000000000e+00 0.000000000000000000e+00 0.000000000000000000e+00 1.000000000000000000e+00
5.340806841850280762e-01 -7.365455627441406250e-01 4.150399863719940186e-01 1.476658648774462845e+00
3.277244418859481812e-02 -4.725142419338226318e-01 -8.807135820388793945e-01 -3.297403143880061283e+00
8.447981476783752441e-01 4.839737713336944580e-01 -2.282223552465438843e-01 -6.676886656846914292e-01
0.000000000000000000e+00 0.000000000000000000e+00 0.000000000000000000e+00 1.000000000000000000e+00
6.268954277038574219e-01 -7.055612802505493164e-01 3.304318487644195557e-01 1.194955065203678002e+00
-2.897277288138866425e-02 -4.449366629123687744e-01 -8.950931429862976074e-01 -3.241014987472881081e+00
7.785643935203552246e-01 5.515562891960144043e-01 -2.993709743022918701e-01 -9.306739570794207994e-01
0.000000000000000000e+00 0.000000000000000000e+00 0.000000000000000000e+00 1.000000000000000000e+00
6.294649243354797363e-01 -7.473509907722473145e-01 2.126986384391784668e-01 8.481043428408816531e-01
-1.094827651977539062e-01 -3.563059866428375244e-01 -9.279332756996154785e-01 -3.393513461986837232e+00
7.692773342132568359e-01 5.608143806457519531e-01 -3.061043322086334229e-01 -9.032801632832336836e-01
0.000000000000000000e+00 0.000000000000000000e+00 0.000000000000000000e+00 1.000000000000000000e+00
6.122375726699829102e-01 -7.856386303901672363e-01 8.908690512180328369e-02 4.029552432551966601e-01
-1.833914071321487427e-01 -2.506997287273406982e-01 -9.505350589752197266e-01 -3.599732279807207558e+00
7.691114544868469238e-01 5.656161904335021973e-01 -2.975672483444213867e-01 -8.185965414573439514e-01
0.000000000000000000e+00 0.000000000000000000e+00 0.000000000000000000e+00 1.000000000000000000e+00
6.287764906883239746e-01 -7.770614624023437500e-01 -2.856924384832382202e-02 -9.077486855788975684e-02
-2.020189464092254639e-01 -1.277681738138198853e-01 -9.710111618041992188e-01 -3.792402511773127038e+00
7.508852481842041016e-01 6.163203120231628418e-01 -2.373186945915222168e-01 -5.822175072568220866e-01
0.000000000000000000e+00 0.000000000000000000e+00 0.000000000000000000e+00 1.000000000000000000e+00
6.523603796958923340e-01 -7.450780272483825684e-01 -1.388725340366363525e-01 -6.264243404207283650e-01
-2.331658005714416504e-01 -2.295181900262832642e-02 -9.721661210060119629e-01 -3.879338774982294513e+00
7.211519479751586914e-01 6.665827631950378418e-01 -1.886995285749435425e-01 -4.127288866405630086e-01
0.000000000000000000e+00 0.000000000000000000e+00 0.000000000000000000e+00 1.000000000000000000e+00
6.489164233207702637e-01 -7.178996801376342773e-01 -2.520469129085540771e-01 -1.201564002366280581e+00
-2.512135505676269531e-01 1.105332225561141968e-01 -9.615995883941650391e-01 -3.928865735135004922e+00
7.181916832923889160e-01 6.873155832290649414e-01 -1.086192876100540161e-01 -1.179939953820936249e-01
0.000000000000000000e+00 0.000000000000000000e+00 0.000000000000000000e+00 1.000000000000000000e+00
6.221390962600708008e-01 -7.738817930221557617e-01 -1.185313165187835693e-01 -5.252800280376344055e-01
-3.084950149059295654e-01 -1.031706333160400391e-01 -9.456142783164978027e-01 -3.630059556921469532e+00
7.195649743080139160e-01 6.248698234558105469e-01 -3.029251694679260254e-01 -1.044980403363446220e+00
0.000000000000000000e+00 0.000000000000000000e+00 0.000000000000000000e+00 1.000000000000000000e+00
6.061471104621887207e-01 -7.946107983589172363e-01 -3.434240072965621948e-02 -1.442062750420091966e-01
-3.815247416496276855e-01 -2.526063024997711182e-01 -8.891733884811401367e-01 -3.268668697613111185e+00
6.978714466094970703e-01 5.520722270011901855e-01 -4.562803804874420166e-01 -1.615907684453048887e+00
0.000000000000000000e+00 0.000000000000000000e+00 0.000000000000000000e+00 1.000000000000000000e+00
5.988237261772155762e-01 -7.981719374656677246e-01 6.581488996744155884e-02 2.748398979538315134e-01
-4.525581002235412598e-01 -4.050363898277282715e-01 -7.944412231445312500e-01 -2.718555953855214202e+00
6.607580184936523438e-01 4.459451735019683838e-01 -6.037645936012268066e-01 -2.123574204339182092e+00
0.000000000000000000e+00 0.000000000000000000e+00 0.000000000000000000e+00 1.000000000000000000e+00
6.099443435668945312e-01 -7.822689414024353027e-01 1.265826225280761719e-01 5.101404281336415769e-01
-5.167343020439147949e-01 -5.137284994125366211e-01 -6.848856210708618164e-01 -2.159803670185092450e+00
6.007938385009765625e-01 3.523324429988861084e-01 -7.175713181495666504e-01 -2.457814321394446999e+00
0.000000000000000000e+00 0.000000000000000000e+00 0.000000000000000000e+00 1.000000000000000000e+00
6.095196604728698730e-01 -7.751269340515136719e-01 1.663257777690887451e-01 6.466263197720892864e-01
-5.712972283363342285e-01 -5.749241709709167480e-01 -5.857321023941040039e-01 -1.720015295592941529e+00
5.496412515640258789e-01 2.619936168193817139e-01 -7.932553887367248535e-01 -2.662246065542453355e+00
0.000000000000000000e+00 0.000000000000000000e+00 0.000000000000000000e+00 1.000000000000000000e+00
5.965618491172790527e-01 -7.871577143669128418e-01 1.565112769603729248e-01 5.595179859908826492e-01
-6.625134944915771484e-01 -5.930711627006530762e-01 -4.575393795967102051e-01 -1.247518532401901581e+00
4.529782533645629883e-01 1.692597121000289917e-01 -8.753067851066589355e-01 -2.886413396580251867e+00
0.000000000000000000e+00 0.000000000000000000e+00 0.000000000000000000e+00 1.000000000000000000e+00
5.824387669563293457e-01 -7.904536724090576172e-01 1.896011233329772949e-01 6.184533721720415489e-01
-7.124916911125183105e-01 -6.087133288383483887e-01 -3.490326702594757080e-01 -8.368834463685138614e-01
3.913066685199737549e-01 6.820080429315567017e-02 -9.177294969558715820e-01 -2.975927990240442966e+00
0.000000000000000000e+00 0.000000000000000000e+00 0.000000000000000000e+00 1.000000000000000000e+00
5.747519731521606445e-01 -7.826439142227172852e-01 2.390145510435104370e-01 7.352746578917517262e-01
-7.533302307128906250e-01 -6.201062798500061035e-01 -2.190007120370864868e-01 -3.325954669372734873e-01
3.196140825748443604e-01 -5.418582260608673096e-02 -9.459972381591796875e-01 -3.007293940683762656e+00
0.000000000000000000e+00 0.000000000000000000e+00 0.000000000000000000e+00 1.000000000000000000e+00
5.621966123580932617e-01 -7.891376614570617676e-01 2.473789751529693604e-01 7.425449743763112842e-01
-7.825791835784912109e-01 -6.043586730957031250e-01 -1.494009643793106079e-01 -7.892857949563121533e-02
2.674036622047424316e-01 -1.096009165048599243e-01 -9.573310613632202148e-01 -3.018567564094855271e+00
0.000000000000000000e+00 0.000000000000000000e+00 0.000000000000000000e+00 1.000000000000000000e+00
5.400122404098510742e-01 -8.023678660392761230e-01 2.541502118110656738e-01 7.219535484406945924e-01
-8.269720077514648438e-01 -5.619831085205078125e-01 -1.708589307963848114e-02 3.859480031949780177e-01
1.565372198820114136e-01 -2.009486556053161621e-01 -9.670138359069824219e-01 -3.022037149673697076e+00
0.000000000000000000e+00 0.000000000000000000e+00 0.000000000000000000e+00 1.000000000000000000e+00
5.274853110313415527e-01 -8.101112246513366699e-01 2.558890581130981445e-01 6.914136756297591946e-01
-8.488377928733825684e-01 -5.150146484375000000e-01 1.193101033568382263e-01 8.626791706879134436e-01
3.513214364647865295e-02 -2.801424860954284668e-01 -9.593152999877929688e-01 -2.964715476931613747e+00
0.000000000000000000e+00 0.000000000000000000e+00 0.000000000000000000e+00 1.000000000000000000e+00
5.344981551170349121e-01 -8.014644980430603027e-01 2.682651579380035400e-01 6.918848980092268119e-01
-8.423933982849121094e-01 -4.794877171516418457e-01 2.458953410387039185e-01 1.291150569410060456e+00
-6.844661384820938110e-02 -3.574152588844299316e-01 -9.314339756965637207e-01 -2.816001066931848928e+00
0.000000000000000000e+00 0.000000000000000000e+00 0.000000000000000000e+00 1.000000000000000000e+00
5.012851357460021973e-01 -8.184008598327636719e-01 2.809506058692932129e-01 7.190497273313484206e-01
-8.417865037918090820e-01 -3.861000835895538330e-01 3.772563636302947998e-01 1.739027996970506917e+00
-2.002719640731811523e-01 -4.256133139133453369e-01 -8.824649453163146973e-01 -2.569274386097065488e+00
0.000000000000000000e+00 0.000000000000000000e+00 0.000000000000000000e+00 1.000000000000000000e+00
4.765170812606811523e-01 -8.257712721824645996e-01 3.017174601554870605e-01 7.973384150466620302e-01
-8.270534873008728027e-01 -3.046492934226989746e-01 4.724102616310119629e-01 2.066315054208482938e+00
-2.981847524642944336e-01 -4.746478497982025146e-01 -8.281276226043701172e-01 -2.329416837893670156e+00
0.000000000000000000e+00 0.000000000000000000e+00 0.000000000000000000e+00 1.000000000000000000e+00
4.528592228889465332e-01 -8.359483480453491211e-01 3.100126981735229492e-01 8.727152460710007054e-01
-8.067286014556884766e-01 -2.361449897289276123e-01 5.416861772537231445e-01 2.296701925426984481e+00
-3.796139061450958252e-01 -4.954038858413696289e-01 -7.813246846199035645e-01 -2.118789164286290383e+00
0.000000000000000000e+00 0.000000000000000000e+00 0.000000000000000000e+00 1.000000000000000000e+00
4.083041548728942871e-01 -8.640195131301879883e-01 2.945463955402374268e-01 9.034535283048698018e-01
-7.866306900978088379e-01 -1.693210601806640625e-01 5.937528610229492188e-01 2.443347718783242417e+00
-4.631413519382476807e-01 -4.741313159465789795e-01 -7.487992644309997559e-01 -1.923420762577895182e+00
0.000000000000000000e+00 0.000000000000000000e+00 0.000000000000000000e+00 1.000000000000000000e+00
3.676915764808654785e-01 -8.859395384788513184e-01 2.826900780200958252e-01 9.629434192207727561e-01
-7.776061892509460449e-01 -1.261867284774780273e-01 6.159586906433105469e-01 2.472564101538498260e+00
-5.100303888320922852e-01 -4.463045895099639893e-01 -7.353101968765258789e-01 -1.792277094254293157e+00
0.000000000000000000e+00 0.000000000000000000e+00 0.000000000000000000e+00 1.000000000000000000e+00
2.627234756946563721e-01 -9.364840388298034668e-01 2.323225587606430054e-01 9.316265751096289849e-01
-7.705226540565490723e-01 -5.870741233229637146e-02 6.347033977508544922e-01 2.457335583100068277e+00
-5.807503461837768555e-01 -3.457613885402679443e-01 -7.370061278343200684e-01 -1.721756829879814044e+00
0.000000000000000000e+00 0.000000000000000000e+00 0.000000000000000000e+00 1.000000000000000000e+00
7.535164803266525269e-02 -9.800732135772705078e-01 1.837914437055587769e-01 9.297779945161557258e-01
-7.837649583816528320e-01 5.573707446455955505e-02 6.185515522956848145e-01 2.236747756461416436e+00
-6.164693832397460938e-01 -1.906581073999404907e-01 -7.639470100402832031e-01 -1.786375405969130137e+00
0.000000000000000000e+00 0.000000000000000000e+00 0.000000000000000000e+00 1.000000000000000000e+00
-9.309481829404830933e-02 -9.813890457153320312e-01 1.679555773735046387e-01 9.027041359144492016e-01
-7.876210212707519531e-01 1.757818460464477539e-01 5.905541181564331055e-01 2.018518819452023827e+00
-6.090868115425109863e-01 -7.730776816606521606e-02 -7.893269658088684082e-01 -1.878946496789614784e+00
0.000000000000000000e+00 0.000000000000000000e+00 0.000000000000000000e+00 1.000000000000000000e+00
-2.145702987909317017e-01 -9.583740234375000000e-01 1.883569359779357910e-01 9.492165624998161189e-01
-7.484443783760070801e-01 2.852406799793243408e-01 5.987222194671630859e-01 2.077750579708689926e+00
-6.275273561477661133e-01 -1.250659022480249405e-02 -7.784942984580993652e-01 -1.816641572981128494e+00
0.000000000000000000e+00 0.000000000000000000e+00 0.000000000000000000e+00 1.000000000000000000e+00
-2.654297649860382080e-01 -9.524620771408081055e-01 1.495407819747924805e-01 9.217128498833238037e-01
-7.062566876411437988e-01 2.976673841476440430e-01 6.423361301422119141e-01 2.266335363246981593e+00
-6.563143730163574219e-01 6.488098949193954468e-02 -7.516926527023315430e-01 -1.695384150178755212e+00
0.000000000000000000e+00 0.000000000000000000e+00 0.000000000000000000e+00 1.000000000000000000e+00
-3.702979385852813721e-01 -9.234406948089599609e-01 1.006799936294555664e-01 9.306777812491600077e-01
-6.937493085861206055e-01 3.470005095005035400e-01 6.311119198799133301e-01 2.195260742944825871e+00
-6.177306771278381348e-01 1.638529747724533081e-01 -7.691301703453063965e-01 -1.664930486262084619e+00
0.000000000000000000e+00 0.000000000000000000e+00 0.000000000000000000e+00 1.000000000000000000e+00
2.173743844032287598e-01 -9.244356751441955566e-01 3.133167624473571777e-01 9.379566293389057785e-01
-7.357336282730102539e-01 5.576403066515922546e-02 6.749714016914367676e-01 2.442244959210576827e+00
-6.414394974708557129e-01 -3.772393465042114258e-01 -6.680167317390441895e-01 -1.392442226748878520e+00
0.000000000000000000e+00 0.000000000000000000e+00 0.000000000000000000e+00 1.000000000000000000e+00
5.288060903549194336e-01 -7.877416610717773438e-01 3.159541189670562744e-01 7.273320310775812647e-01
-7.679899930953979492e-01 -2.856251299381256104e-01 5.732449889183044434e-01 2.318550572671020493e+00
-3.613245487213134766e-01 -5.457849502563476562e-01 -7.560180425643920898e-01 -2.160314074002661400e+00
0.000000000000000000e+00 0.000000000000000000e+00 0.000000000000000000e+00 1.000000000000000000e+00
5.870109796524047852e-01 -7.418633699417114258e-01 3.241254091262817383e-01 7.277434330160343912e-01
-7.735184431076049805e-01 -3.957926034927368164e-01 4.949926435947418213e-01 2.085613346730129436e+00
-2.389302551746368408e-01 -5.412827134132385254e-01 -8.061793446540832520e-01 -2.532990064468642277e+00
0.000000000000000000e+00 0.000000000000000000e+00 0.000000000000000000e+00 1.000000000000000000e+00
5.977014899253845215e-01 -7.481891512870788574e-01 2.880374789237976074e-01 5.930436726051914187e-01
-7.722902894020080566e-01 -4.408714771270751953e-01 4.573836922645568848e-01 1.972994174178732019e+00
-2.152220755815505981e-01 -4.958274364471435547e-01 -8.413287401199340820e-01 -2.742754657086260650e+00
0.000000000000000000e+00 0.000000000000000000e+00 0.000000000000000000e+00 1.000000000000000000e+00
6.257037520408630371e-01 -7.484382390975952148e-01 2.198521345853805542e-01 3.249665009850030151e-01
-7.587214708328247070e-01 -5.184442996978759766e-01 3.944067656993865967e-01 1.743143603630420646e+00
-1.812080591917037964e-01 -4.135884940624237061e-01 -8.922494053840637207e-01 -3.006696529911309312e+00
0.000000000000000000e+00 0.000000000000000000e+00 0.000000000000000000e+00 1.000000000000000000e+00
6.368719339370727539e-01 -7.555961608886718750e-01 1.531940996646881104e-01 6.424533391890366318e-02
-7.464240193367004395e-01 -5.545607209205627441e-01 3.678497374057769775e-01 1.659992396982559182e+00
-1.929904818534851074e-01 -3.486207723617553711e-01 -9.171794652938842773e-01 -3.159459087367190389e+00
0.000000000000000000e+00 0.000000000000000000e+00 0.000000000000000000e+00 1.000000000000000000e+00
6.470506191253662109e-01 -7.583714723587036133e-01 7.872465997934341431e-02 -2.401619609049333859e-01
-7.345764040946960449e-01 -5.924046635627746582e-01 3.308383524417877197e-01 1.525914848522036404e+00
-2.042616605758666992e-01 -2.718983590602874756e-01 -9.403979182243347168e-01 -3.298750835462410880e+00
0.000000000000000000e+00 0.000000000000000000e+00 0.000000000000000000e+00 1.000000000000000000e+00
6.671528816223144531e-01 -7.446072101593017578e-01 2.161008305847644806e-02 -4.922902948770251919e-01
-7.202708721160888672e-01 -6.374041438102722168e-01 2.737242877483367920e-01 1.302566948400954105e+00
-1.900428980588912964e-01 -1.981811076402664185e-01 -9.615654349327087402e-01 -3.428873687305018958e+00
0.000000000000000000e+00 0.000000000000000000e+00 0.000000000000000000e+00 1.000000000000000000e+00
7.089303731918334961e-01 -7.034173011779785156e-01 -5.120047554373741150e-02 -8.565948957658761076e-01
-6.814302802085876465e-01 -7.018700838088989258e-01 2.074398249387741089e-01 1.033887058556248739e+00
-1.818529665470123291e-01 -1.121707856655120850e-01 -9.769069552421569824e-01 -3.546043181561977953e+00
0.000000000000000000e+00 0.000000000000000000e+00 0.000000000000000000e+00 1.000000000000000000e+00
7.441530227661132812e-01 -6.618163585662841797e-01 -9.074668586254119873e-02 -1.067925335549287258e+00
-6.470614075660705566e-01 -7.478885650634765625e-01 1.482371389865875244e-01 7.823658140162728092e-01
-1.659741997718811035e-01 -5.159239470958709717e-02 -9.847795367240905762e-01 -3.619521333613552549e+00
0.000000000000000000e+00 0.000000000000000000e+00 0.000000000000000000e+00 1.000000000000000000e+00
7.694246172904968262e-01 -6.193736791610717773e-01 -1.560832709074020386e-01 -1.395676373222793920e+00
-6.177821159362792969e-01 -7.837000489234924316e-01 6.449235230684280396e-02 4.197939226179018823e-01
-1.622673422098159790e-01 4.680357500910758972e-02 -9.856358766555786133e-01 -3.657050079142615928e+00
0.000000000000000000e+00 0.000000000000000000e+00 0.000000000000000000e+00 1.000000000000000000e+00
7.924117445945739746e-01 -5.749643445014953613e-01 -2.037140429019927979e-01 -1.643154628951649876e+00
-5.896753668785095215e-01 -8.075081110000610352e-01 -1.461534108966588974e-02 6.739682604465013771e-02
-1.560973674058914185e-01 1.317065209150314331e-01 -9.789212346076965332e-01 -3.672527998225673773e+00
0.000000000000000000e+00 0.000000000000000000e+00 0.000000000000000000e+00 1.000000000000000000e+00
8.260589838027954102e-01 -5.166602134704589844e-01 -2.251411676406860352e-01 -1.792593630163968443e+00
-5.475500822067260742e-01 -8.303477764129638672e-01 -1.034950092434883118e-01 -3.465057531697322557e-01
-1.334736496210098267e-01 2.087690979242324829e-01 -9.688138961791992188e-01 -3.675006925555807324e+00
0.000000000000000000e+00 0.000000000000000000e+00 0.000000000000000000e+00 1.000000000000000000e+00
8.458650708198547363e-01 -4.875649511814117432e-01 -2.163165807723999023e-01 -1.815218455070521264e+00
-5.277297496795654297e-01 -8.239293098449707031e-01 -2.064986675977706909e-01 -8.155465466285795051e-01
-7.754800468683242798e-02 2.888268232345581055e-01 -9.542356729507446289e-01 -3.664284483521624391e+00
0.000000000000000000e+00 0.000000000000000000e+00 0.000000000000000000e+00 1.000000000000000000e+00
8.532800674438476562e-01 -4.904359579086303711e-01 -1.771586537361145020e-01 -1.701970126239001013e+00
-5.214411020278930664e-01 -8.047575354576110840e-01 -2.836619019508361816e-01 -1.186093851998260673e+00
-3.451605094596743584e-03 3.344210088253021240e-01 -9.424175024032592773e-01 -3.676295793167184911e+00
0.000000000000000000e+00 0.000000000000000000e+00 0.000000000000000000e+00 1.000000000000000000e+00
8.624979853630065918e-01 -4.889601469039916992e-01 -1.304416954517364502e-01 -1.551881631780708926e+00
-5.000440478324890137e-01 -7.838185429573059082e-01 -3.682175278663635254e-01 -1.591507595657725149e+00
7.780114561319351196e-02 3.828136026859283447e-01 -9.205437302589416504e-01 -3.652908084029451885e+00
0.000000000000000000e+00 0.000000000000000000e+00 0.000000000000000000e+00 1.000000000000000000e+00
8.785518407821655273e-01 -4.705407321453094482e-01 -8.208370953798294067e-02 -1.399629085746479040e+00
-4.541886448860168457e-01 -7.697831392288208008e-01 -4.484929442405700684e-01 -2.001106488479841516e+00
1.478477567434310913e-01 4.313059449195861816e-01 -8.900089859962463379e-01 -3.607913985553085290e+00
0.000000000000000000e+00 0.000000000000000000e+00 0.000000000000000000e+00 1.000000000000000000e+00
8.987186551094055176e-01 -4.368187189102172852e-01 -3.864973410964012146e-02 -1.251873588487752764e+00
-3.856863677501678467e-01 -7.454119920730590820e-01 -5.436969995498657227e-01 -2.495079484428071037e+00
2.086872756481170654e-01 5.035375952720642090e-01 -8.383910059928894043e-01 -3.527733563194809907e+00
0.000000000000000000e+00 0.000000000000000000e+00 0.000000000000000000e+00 1.000000000000000000e+00
9.325981736183166504e-01 -3.607175648212432861e-01 -1.195621676743030548e-02 -1.153412118719212565e+00
-2.918403148651123047e-01 -7.342050075531005859e-01 -6.130021810531616211e-01 -2.847280019266140272e+00
2.123425006866455078e-01 5.751742124557495117e-01 -7.899903059005737305e-01 -3.456304583663294849e+00
0.000000000000000000e+00 0.000000000000000000e+00 0.000000000000000000e+00 1.000000000000000000e+00
9.512967467308044434e-01 -3.033133745193481445e-01 5.509231239557266235e-02 -8.764748255108525399e-01
-1.883541792631149292e-01 -7.133520841598510742e-01 -6.750198006629943848e-01 -3.178104121286755124e+00
2.440427839756011963e-01 6.317671537399291992e-01 -7.357398271560668945e-01 -3.360405174773097414e+00
0.000000000000000000e+00 0.000000000000000000e+00 0.000000000000000000e+00 1.000000000000000000e+00
9.322102069854736328e-01 -3.281168639659881592e-01 1.527201235294342041e-01 -4.150488120959556215e-01
-1.214423850178718567e-01 -6.811015605926513672e-01 -7.220470905303955078e-01 -3.410953650262709580e+00
3.409337997436523438e-01 6.545529961585998535e-01 -6.747772097587585449e-01 -3.254168833357477197e+00
0.000000000000000000e+00 0.000000000000000000e+00 0.000000000000000000e+00 1.000000000000000000e+00
8.894329071044921875e-01 -3.855718374252319336e-01 2.454452216625213623e-01 7.272832879643399695e-02
-7.434947788715362549e-02 -6.519002914428710938e-01 -7.546507716178894043e-01 -3.586348373773792009e+00
4.509781002998352051e-01 6.529626250267028809e-01 -6.084886789321899414e-01 -3.057887153075318221e+00
0.000000000000000000e+00 0.000000000000000000e+00 0.000000000000000000e+00 1.000000000000000000e+00
9.667118191719055176e-01 -1.987636685371398926e-01 1.611242443323135376e-01 -4.409242281807868591e-01
-2.719185501337051392e-02 -7.059598565101623535e-01 -7.077295780181884766e-01 -3.322721773521784883e+00
2.544182538986206055e-01 6.797894239425659180e-01 -6.878645420074462891e-01 -3.122931714195673170e+00
0.000000000000000000e+00 0.000000000000000000e+00 0.000000000000000000e+00 1.000000000000000000e+00
9.502649903297424316e-01 -2.191610485315322876e-01 2.212802022695541382e-01 -2.052413165407751261e-01
-1.122681330889463425e-02 -7.341441512107849121e-01 -6.789005994796752930e-01 -3.134958603403861677e+00
3.112401664257049561e-01 6.426512598991394043e-01 -7.000919580459594727e-01 -3.230561088169710882e+00
0.000000000000000000e+00 0.000000000000000000e+00 0.000000000000000000e+00 1.000000000000000000e+00
9.313688278198242188e-01 -2.871733605861663818e-01 2.237941473722457886e-01 -2.167008619817457349e-01
-4.825129359960556030e-02 -7.066280245780944824e-01 -7.059380412101745605e-01 -3.241091573510133550e+00
3.608657121658325195e-01 6.466900110244750977e-01 -6.719876527786254883e-01 -3.122874373872445375e+00
0.000000000000000000e+00 0.000000000000000000e+00 0.000000000000000000e+00 1.000000000000000000e+00
8.637447953224182129e-01 -3.724195957183837891e-01 3.394828140735626221e-01 3.738072125461412432e-01
2.855047024786472321e-02 -6.364240646362304688e-01 -7.708104848861694336e-01 -3.631840876720568101e+00
5.031200647354125977e-01 6.754761338233947754e-01 -5.390753746032714844e-01 -2.603714690548743160e+00
0.000000000000000000e+00 0.000000000000000000e+00 0.000000000000000000e+00 1.000000000000000000e+00
7.630756497383117676e-01 -4.765011370182037354e-01 4.366486668586730957e-01 9.593647084593175389e-01
7.968614995479583740e-02 -6.010849475860595703e-01 -7.952021956443786621e-01 -3.794407637401294942e+00
6.413778662681579590e-01 6.415945291519165039e-01 -4.207028448581695557e-01 -2.149060688352707693e+00
0.000000000000000000e+00 0.000000000000000000e+00 0.000000000000000000e+00 1.000000000000000000e+00
6.417633891105651855e-01 -5.683505535125732422e-01 5.148955583572387695e-01 1.481508965527499999e+00
1.398788541555404663e-01 -5.733851790428161621e-01 -8.072566986083984375e-01 -3.901507456625522785e+00
7.540380358695983887e-01 5.900905132293701172e-01 -2.884773612022399902e-01 -1.574548744218961849e+00
0.000000000000000000e+00 0.000000000000000000e+00 0.000000000000000000e+00 1.000000000000000000e+00
4.705012440681457520e-01 -6.410725712776184082e-01 6.063453555107116699e-01 2.098846194735524140e+00
2.601130008697509766e-01 -5.558590888977050781e-01 -7.895328998565673828e-01 -3.886946585895264317e+00
8.431899547576904297e-01 5.291942358016967773e-01 -9.478117525577545166e-02 -6.817461221066112298e-01
0.000000000000000000e+00 0.000000000000000000e+00 0.000000000000000000e+00 1.000000000000000000e+00
3.812369108200073242e-01 -6.695051789283752441e-01 6.375119686126708984e-01 2.335605976618655877e+00
3.331575393676757812e-01 -5.437604188919067383e-01 -7.702797055244445801e-01 -3.838879919095346427e+00
8.623598814010620117e-01 5.060510039329528809e-01 1.574913971126079559e-02 -1.482595423646452526e-01
0.000000000000000000e+00 0.000000000000000000e+00 0.000000000000000000e+00 1.000000000000000000e+00
3.054446578025817871e-01 -6.925548911094665527e-01 6.535066962242126465e-01 2.492149424037961580e+00
3.805601596832275391e-01 -5.403251647949218750e-01 -7.504816055297851562e-01 -3.767462844129207067e+00
8.728559613227844238e-01 4.779292941093444824e-01 9.851945936679840088e-02 2.779178466095423294e-01
0.000000000000000000e+00 0.000000000000000000e+00 0.000000000000000000e+00 1.000000000000000000e+00
4.657161533832550049e-01 -5.216327905654907227e-01 7.148478627204895020e-01 2.834323735506921960e+00
