1.000000000000000000e+00 0.000000000000000000e+00 0.000000000000000000e+00 -4.255350477121360719e-01
0.000000000000000000e+00 -1.000000000000000000e+00 0.000000000000000000e+00 3.076616963927396031e-01
0.000000000000000000e+00 0.000000000000000000e+00 -1.000000000000000000e+00 -5.117628744684824760e+00
0.000000000000000000e+00 0.000000000000000000e+00 0.000000000000000000e+00 1.000000000000000000e+00
9.964743852615356445e-01 -5.460306629538536072e-02 6.369793415069580078e-02 -6.280119222170656157e-02
-5.585462972521781921e-02 -9.982760548591613770e-01 1.803503744304180145e-02 3.584577824192451412e-01
6.260336935520172119e-02 -2.152922935783863068e-02 -9.978062510490417480e-01 -5.077668293268286170e+00
0.000000000000000000e+00 0.000000000000000000e+00 0.000000000000000000e+00 1.000000000000000000e+00
9.791883230209350586e-01 -6.479483097791671753e-02 1.923323124647140503e-01 6.268118651366809679e-01
-7.026728242635726929e-02 -9.972907900810241699e-01 2.176233567297458649e-02 3.872426990831540072e-01
1.904011517763137817e-01 -3.482413291931152344e-02 -9.810884594917297363e-01 -4.971465284635718795e+00
0.000000000000000000e+00 0.000000000000000000e+00 0.000000000000000000e+00 1.000000000000000000e+00
9.986766576766967773e-01 -4.984133690595626831e-02 1.267521549016237259e-02 -3.175792530356056353e-01
-4.978483915328979492e-02 -9.987486600875854492e-01 -4.734308458864688873e-03 2.510904328893692750e-01
1.289533078670501709e-02 4.096972756087779999e-03 -9.999084472656250000e-01 -4.942188387006467565e+00
0.000000000000000000e+00 0.000000000000000000e+00 0.000000000000000000e+00 1.000000000000000000e+00
9.944838285446166992e-01 -5.658519268035888672e-02 8.831854164600372314e-02 1.075883683823277148e-01
-5.376873910427093506e-02 -9.979760646820068359e-01 -3.395165503025054932e-02 1.448299227259179367e-01
9.006092697381973267e-02 2.901565283536911011e-02 -9.955135583877563477e-01 -4.916570952773805736e+00
0.000000000000000000e+00 0.000000000000000000e+00 0.000000000000000000e+00 1.000000000000000000e+00
1.066647395491600037e-01 -9.590493887662887573e-02 9.896589517593383789e-01 5.176631694062840516e+00
-3.761033713817596436e-02 -9.950141310691833496e-01 -9.237030148506164551e-02 -9.691537953139130190e-02
9.935834407806396484e-01 -2.736875228583812714e-02 -1.097399741411209106e-01 -5.762849167040372533e-01
0.000000000000000000e+00 0.000000000000000000e+00 0.000000000000000000e+00 1.000000000000000000e+00
7.730095088481903076e-02 -1.143912374973297119e-01 9.904239177703857422e-01 5.150437285228287365e+00
-2.697618305683135986e-02 -9.932724237442016602e-01 -1.126148030161857605e-01 -1.442181080500699875e-01
9.966427683830261230e-01 -1.801263168454170227e-02 -7.986681908369064331e-02 -3.297135656462334419e-01
0.000000000000000000e+00 0.000000000000000000e+00 0.000000000000000000e+00 1.000000000000000000e+00
6.296483427286148071e-02 -1.087514236569404602e-01 9.920727610588073730e-01 5.104931290440752001e+00
-3.105168230831623077e-02 -9.937773942947387695e-01 -1.069675013422966003e-01 -5.795435357993628661e-02
9.975323081016540527e-01 -2.407035417854785919e-02 -6.594998389482498169e-02 -1.500466036364201672e-01
0.000000000000000000e+00 0.000000000000000000e+00 0.000000000000000000e+00 1.000000000000000000e+00
7.445770502090454102e-02 -1.032294407486915588e-01 9.918667674064636230e-01 5.045993374539450294e+00
-3.682802245020866394e-02 -9.942338466644287109e-01 -1.007111743092536926e-01 -8.728670698661951215e-04
9.965435266494750977e-01 -2.902977913618087769e-02 -7.783002406358718872e-02 -8.889815875185869132e-02
0.000000000000000000e+00 0.000000000000000000e+00 0.000000000000000000e+00 1.000000000000000000e+00
9.521184861660003662e-02 -1.052087694406509399e-01 9.898816943168640137e-01 5.000302065350894054e+00
-5.846007168292999268e-02 -9.932739138603210449e-01 -9.994638711214065552e-02 2.458090031486903637e-02
9.937387704849243164e-01 -4.835249856114387512e-02 -1.007219627499580383e-01 -8.082875141658088514e-02
0.000000000000000000e+00 0.000000000000000000e+00 0.000000000000000000e+00 1.000000000000000000e+00
1.137586012482643127e-01 -9.494692832231521606e-02 9.889611005783081055e-01 4.954176636344959306e+00
-8.190938830375671387e-02 -9.929302334785461426e-01 -8.590607345104217529e-02 1.265837829735001197e-01
9.901263117790222168e-01 -7.123271375894546509e-02 -1.207314580678939819e-01 -5.016413643134407657e-02
0.000000000000000000e+00 0.000000000000000000e+00 0.000000000000000000e+00 1.000000000000000000e+00
1.178997382521629333e-01 -8.977212011814117432e-02 9.889593124389648438e-01 4.930290919555663010e+00
-1.091467216610908508e-01 -9.910429120063781738e-01 -7.694923877716064453e-02 2.159101728954494759e-01
9.870089888572692871e-01 -9.886938333511352539e-02 -1.266420185565948486e-01 3.637213183111545622e-02
0.000000000000000000e+00 0.000000000000000000e+00 0.000000000000000000e+00 1.000000000000000000e+00
1.326771676540374756e-01 -1.032873690128326416e-01 9.857627749443054199e-01 4.929867910665968189e+00
-1.078571602702140808e-01 -9.901540279388427734e-01 -8.923063427209854126e-02 2.061089210107697745e-01
9.852731823921203613e-01 -9.448269009590148926e-02 -1.425110548734664917e-01 3.029790795182830260e-02
0.000000000000000000e+00 0.000000000000000000e+00 0.000000000000000000e+00 1.000000000000000000e+00
1.420738846063613892e-01 -1.109873205423355103e-01 9.836143851280212402e-01 4.942101438865214469e+00
-1.368505656719207764e-01 -9.863541722297668457e-01 -9.152973443269729614e-02 2.429403938246995354e-01
9.803504347801208496e-01 -1.216042190790176392e-01 -1.553237438201904297e-01 5.107300521043140612e-02
0.000000000000000000e+00 0.000000000000000000e+00 0.000000000000000000e+00 1.000000000000000000e+00
1.605470031499862671e-01 -1.182151213288307190e-01 9.799234271049499512e-01 4.959193220194415552e+00
-1.517731696367263794e-01 -9.839508533477783203e-01 -9.383500367403030396e-02 2.639402951597809577e-01
9.752892851829528809e-01 -1.336611509323120117e-01 -1.759123057126998901e-01 2.996566517283135583e-02
0.000000000000000000e+00 0.000000000000000000e+00 0.000000000000000000e+00 1.000000000000000000e+00
1.716596037149429321e-01 -1.310175508260726929e-01 9.764053225517272949e-01 4.979675024923861493e+00
-1.789795160293579102e-01 -9.787706732749938965e-01 -9.986893087625503540e-02 2.625235030729671792e-01
9.687616825103759766e-01 -1.576130688190460205e-01 -1.914648711681365967e-01 6.686514281647162883e-02
0.000000000000000000e+00 0.000000000000000000e+00 0.000000000000000000e+00 1.000000000000000000e+00
2.061582803726196289e-01 -1.364450901746749878e-01 9.689592123031616211e-01 5.002543695011198999e+00
-1.888519823551177979e-01 -9.771616458892822266e-01 -9.741948544979095459e-02 3.184353528592173688e-01
9.601218104362487793e-01 -1.629060655832290649e-01 -2.272179275751113892e-01 -3.969324580253547237e-03
0.000000000000000000e+00 0.000000000000000000e+00 0.000000000000000000e+00 1.000000000000000000e+00
2.449482530355453491e-01 -1.382517069578170776e-01 9.596285223960876465e-01 5.008390820705055368e+00
-2.189180701971054077e-01 -9.721058607101440430e-01 -8.416981250047683716e-02 3.956642614431085114e-01
9.444974064826965332e-01 -1.894626915454864502e-01 -2.683813571929931641e-01 -9.049990562261352178e-02
0.000000000000000000e+00 0.000000000000000000e+00 0.000000000000000000e+00 1.000000000000000000e+00
3.110798299312591553e-01 -1.650736033916473389e-01 9.359378218650817871e-01 5.068923154729052527e+00
-2.349637150764465332e-01 -9.675869941711425781e-01 -9.256018698215484619e-02 3.541854075140359326e-01
9.208807349205017090e-01 -1.911178827285766602e-01 -3.397832512855529785e-01 -2.450542737758309442e-01
0.000000000000000000e+00 0.000000000000000000e+00 0.000000000000000000e+00 1.000000000000000000e+00
3.610408008098602295e-01 -2.188026010990142822e-01 9.065179824829101562e-01 5.274180877304731396e+00
-2.390496432781219482e-01 -9.613190293312072754e-01 -1.368229836225509644e-01 1.467385345704176058e-01
9.013903737068176270e-01 -1.673041880130767822e-01 -3.993801474571228027e-01 -3.271189904237072898e-01
0.000000000000000000e+00 0.000000000000000000e+00 0.000000000000000000e+00 1.000000000000000000e+00
3.901133835315704346e-01 -2.416373789310455322e-01 8.884945511817932129e-01 5.346673728162016914e+00
-2.712689042091369629e-01 -9.522850513458251953e-01 -1.398793309926986694e-01 1.487189086230746027e-01
8.799001574516296387e-01 -1.864522248506546021e-01 -4.370479583740234375e-01 -5.337188039384658245e-01
0.000000000000000000e+00 0.000000000000000000e+00 0.000000000000000000e+00 1.000000000000000000e+00
3.688596487045288086e-01 -2.504669427871704102e-01 8.951024413108825684e-01 5.231207777210367560e+00
-2.040334641933441162e-01 -9.613398313522338867e-01 -1.849219501018524170e-01 -1.193965312145621599e-01
9.068145751953125000e-01 -1.144206747412681580e-01 -4.057030975818634033e-01 -4.764173193551659025e-01
0.000000000000000000e+00 0.000000000000000000e+00 0.000000000000000000e+00 1.000000000000000000e+00
3.677752017974853516e-01 -2.508653998374938965e-01 8.954373002052307129e-01 5.154749118807482766e+00
-1.733852624893188477e-01 -9.645371437072753906e-01 -1.990113854408264160e-01 -2.189337272718931693e-01
9.136078357696533203e-01 -8.206417411565780640e-02 -3.982293009757995605e-01 -4.843211075247970121e-01
0.000000000000000000e+00 0.000000000000000000e+00 0.000000000000000000e+00 1.000000000000000000e+00
3.306189477443695068e-01 -2.715473473072052002e-01 9.038546681404113770e-01 4.868358608643446495e+00
-7.120429724454879761e-02 -9.621598124504089355e-01 -2.630185186862945557e-01 -6.361030308307563663e-01
9.410743117332458496e-01 2.260049059987068176e-02 -3.374434709548950195e-01 -3.157778086041055365e-01
0.000000000000000000e+00 0.000000000000000000e+00 0.000000000000000000e+00 1.000000000000000000e+00
3.144983649253845215e-01 -3.086773157119750977e-01 8.976686596870422363e-01 4.589596940791211388e+00
-3.737608343362808228e-02 -9.489464759826660156e-01 -3.132151961326599121e-01 -1.018905044605581844e+00
9.485220909118652344e-01 6.495432555675506592e-02 -3.099792897701263428e-01 -2.349852063719575501e-01
0.000000000000000000e+00 0.000000000000000000e+00 0.000000000000000000e+00 1.000000000000000000e+00
3.228203058242797852e-01 -3.639505505561828613e-01 8.736857771873474121e-01 4.338330453950281829e+00
9.497679769992828369e-03 -9.218167662620544434e-01 -3.875096440315246582e-01 -1.399222972405277154e+00
9.464126825332641602e-01 1.333939582109451294e-01 -2.941246032714843750e-01 -1.923687968176724383e-01
0.000000000000000000e+00 0.000000000000000000e+00 0.000000000000000000e+00 1.000000000000000000e+00
3.513611555099487305e-01 -3.868153691291809082e-01 8.525955677032470703e-01 4.142663049241526174e+00
5.661460012197494507e-02 -9.002144932746887207e-01 -4.317509829998016357e-01 -1.627122583097881492e+00
9.345267415046691895e-01 1.999698728322982788e-01 -2.944009006023406982e-01 -2.396416275164328091e-01
0.000000000000000000e+00 0.000000000000000000e+00 0.000000000000000000e+00 1.000000000000000000e+00
4.030758142471313477e-01 -4.286236464977264404e-01 8.085860013961791992e-01 3.834803845878371753e+00
1.205908432602882385e-01 -8.509598970413208008e-01 -5.111995339393615723e-01 -2.025737629471099588e+00
9.071869850158691406e-01 3.035601973533630371e-01 -2.913133203983306885e-01 -2.907874969549815170e-01
0.000000000000000000e+00 0.000000000000000000e+00 0.000000000000000000e+00 1.000000000000000000e+00
4.213643968105316162e-01 -4.660741388797760010e-01 7.779631018638610840e-01 3.637097585939549127e+00
1.442283987998962402e-01 -8.124780654907226562e-01 -5.648694634437561035e-01 -2.289133876383080413e+00
8.953493237495422363e-01 3.502202928066253662e-01 -2.751282453536987305e-01 -2.566057199813867040e-01
0.000000000000000000e+00 0.000000000000000000e+00 0.000000000000000000e+00 1.000000000000000000e+00
4.242145419120788574e-01 -5.159089565277099609e-01 7.442308664321899414e-01 3.403384777564410157e+00
1.647859364748001099e-01 -7.641445994377136230e-01 -6.236417889595031738e-01 -2.549164702663259785e+00
8.904423117637634277e-01 3.871966600418090820e-01 -2.391467243432998657e-01 -1.381291292473185439e-01
0.000000000000000000e+00 0.000000000000000000e+00 0.000000000000000000e+00 1.000000000000000000e+00
4.629141092300415039e-01 -5.231000781059265137e-01 7.155953049659729004e-01 3.208572914287344258e+00
1.669079810380935669e-01 -7.414214611053466797e-01 -6.499503254890441895e-01 -2.670290083994670827e+00
8.705469965934753418e-01 4.203097820281982422e-01 -2.559048533439636230e-01 -2.453792684105963462e-01
0.000000000000000000e+00 0.000000000000000000e+00 0.000000000000000000e+00 1.000000000000000000e+00
4.648906588554382324e-01 -5.394359230995178223e-01 7.020582556724548340e-01 3.062909842802877147e+00
1.828423440456390381e-01 -7.173674702644348145e-01 -6.722738742828369141e-01 -2.757624356506243490e+00
8.662823438644409180e-01 4.408996999263763428e-01 -2.348658740520477295e-01 -1.925221921027780725e-01
0.000000000000000000e+00 0.000000000000000000e+00 0.000000000000000000e+00 1.000000000000000000e+00
4.512163400650024414e-01 -5.821873545646667480e-01 6.763591170310974121e-01 2.865605361945494867e+00
1.809885352849960327e-01 -6.824489235877990723e-01 -7.081714272499084473e-01 -2.894572294088348041e+00
8.738688826560974121e-01 4.419516921043395996e-01 -2.025629580020904541e-01 -1.063602092660204113e-01
0.000000000000000000e+00 0.000000000000000000e+00 0.000000000000000000e+00 1.000000000000000000e+00
3.692598044872283936e-01 -6.724599599838256836e-01 6.414396166801452637e-01 2.569866196591668928e+00
1.462708115577697754e-01 -6.395618915557861328e-01 -7.546951174736022949e-01 -3.051086178503636503e+00
9.177427887916564941e-01 3.725026249885559082e-01 -1.378033012151718140e-01 3.823288980292129102e-02
0.000000000000000000e+00 0.000000000000000000e+00 0.000000000000000000e+00 1.000000000000000000e+00
2.769836783409118652e-01 -7.285813689231872559e-01 6.264576315879821777e-01 2.447869202665310162e+00
1.340903639793395996e-01 -6.162779927253723145e-01 -7.760291695594787598e-01 -3.110602457872789550e+00
9.514726400375366211e-01 2.989493906497955322e-01 -7.300317287445068359e-02 2.229850233195806164e-01
0.000000000000000000e+00 0.000000000000000000e+00 0.000000000000000000e+00 1.000000000000000000e+00
3.323897123336791992e-01 -7.580831646919250488e-01 5.610942244529724121e-01 2.134270213106106873e+00
1.290561854839324951e-01 -5.527656078338623047e-01 -8.232827186584472656e-01 -3.242735593988562037e+00
9.342706799507141113e-01 3.460633754730224609e-01 -8.589837700128555298e-02 3.278795240994070159e-02
0.000000000000000000e+00 0.000000000000000000e+00 0.000000000000000000e+00 1.000000000000000000e+00
4.661430716514587402e-01 -7.269527316093444824e-01 5.042321085929870605e-01 1.864765932109112345e+00
1.162059903144836426e-01 -5.146935582160949707e-01 -8.494626283645629883e-01 -3.285729923891180349e+00
8.770442008972167969e-01 4.545658230781555176e-01 -1.554444432258605957e-01 -3.331166840683922326e-01
0.000000000000000000e+00 0.000000000000000000e+00 0.000000000000000000e+00 1.000000000000000000e+00
5.942497849464416504e-01 -6.905496716499328613e-01 4.123205840587615967e-01 1.442726371650207007e+00
4.664832726120948792e-02 -4.822019636631011963e-01 -8.748171925544738770e-01 -3.282750409586984830e+00
8.029264807701110840e-01 5.390939116477966309e-01 -2.543353140354156494e-01 -7.626130410682367966e-01
0.000000000000000000e+00 0.000000000000000000e+00 0.000000000000000000e+00 1.000000000000000000e+00
6.852533221244812012e-01 -6.548612713813781738e-01 3.187234699726104736e-01 1.130936280799890392e+00
-1.695043593645095825e-02 -4.518453776836395264e-01 -8.919354677200317383e-01 -3.233665505628570802e+00
7.281077504158020020e-01 6.057989001274108887e-01 -3.207287192344665527e-01 -1.011296733246126456e+00
0.000000000000000000e+00 0.000000000000000000e+00 0.000000000000000000e+00 1.000000000000000000e+00
6.851373314857482910e-01 -6.983557343482971191e-01 2.070895880460739136e-01 8.040399909203821416e-01
-9.311842918395996094e-02 -3.659413158893585205e-01 -9.259676933288574219e-01 -3.392124992845147347e+00
7.224375009536743164e-01 6.151312589645385742e-01 -3.157500326633453369e-01 -9.436801907762821795e-01
0.000000000000000000e+00 0.000000000000000000e+00 0.000000000000000000e+00 1.000000000000000000e+00
6.792008280754089355e-01 -7.297843098640441895e-01 7.810619473457336426e-02 3.451337771767432061e-01
-1.666573435068130493e-01 -2.569881975650787354e-01 -9.519358873367309570e-01 -3.610517419219037460e+00
7.147803902626037598e-01 6.335391402244567871e-01 -2.961706221103668213e-01 -8.212021036016650122e-01
0.000000000000000000e+00 0.000000000000000000e+00 0.000000000000000000e+00 1.000000000000000000e+00
6.906762719154357910e-01 -7.221555709838867188e-01 -3.818348422646522522e-02 -1.465079607545183848e-01
-2.043295651674270630e-01 -1.442288011312484741e-01 -9.682183265686035156e-01 -3.785866111743999340e+00
6.936972737312316895e-01 6.765275001525878906e-01 -2.471731007099151611e-01 -6.170294821600100788e-01
0.000000000000000000e+00 0.000000000000000000e+00 0.000000000000000000e+00 1.000000000000000000e+00
7.018892168998718262e-01 -6.973340511322021484e-01 -1.451782882213592529e-01 -6.777504772206013328e-01
-2.395448833703994751e-01 -3.914486989378929138e-02 -9.700959920883178711e-01 -3.877071748915854155e+00
6.707979440689086914e-01 7.156766057014465332e-01 -1.945182234048843384e-01 -4.191841620168887395e-01
0.000000000000000000e+00 0.000000000000000000e+00 0.000000000000000000e+00 1.000000000000000000e+00
7.177860736846923828e-01 -6.561241149902343750e-01 -2.329903841018676758e-01 -1.171134742808630946e+00
-2.447916269302368164e-01 7.545636594295501709e-02 -9.666352868080139160e-01 -3.958689845952706676e+00
6.518131494522094727e-01 7.508712410926818848e-01 -1.064521595835685730e-01 -7.383450304315017365e-02
0.000000000000000000e+00 0.000000000000000000e+00 0.000000000000000000e+00 1.000000000000000000e+00
6.767960786819458008e-01 -7.259069681167602539e-01 -1.225000172853469849e-01 -5.784216606597063493e-01
-2.987604737281799316e-01 -1.187526211142539978e-01 -9.469106793403625488e-01 -3.641914916760603749e+00
6.728219389915466309e-01 6.774635314941406250e-01 -2.972436249256134033e-01 -1.011901485167228332e+00
0.000000000000000000e+00 0.000000000000000000e+00 0.000000000000000000e+00 1.000000000000000000e+00
6.589722633361816406e-01 -7.496473193168640137e-01 -6.151413172483444214e-02 -2.700889222072486162e-01
-3.767931163311004639e-01 -2.582209706306457520e-01 -8.895779252052307129e-01 -3.275863420107532953e+00
6.509855985641479492e-01 6.093854308128356934e-01 -4.526225924491882324e-01 -1.600493256385329799e+00
0.000000000000000000e+00 0.000000000000000000e+00 0.000000000000000000e+00 1.000000000000000000e+00
6.423801779747009277e-01 -7.656517028808593750e-01 3.354800865054130554e-02 1.329840800848610116e-01
-4.461148977279663086e-01 -4.091659486293792725e-01 -7.959678769111633301e-01 -2.734693584269526578e+00
6.231606006622314453e-01 4.963474869728088379e-01 -6.044085621833801270e-01 -2.125048981579848562e+00
0.000000000000000000e+00 0.000000000000000000e+00 0.000000000000000000e+00 1.000000000000000000e+00
6.279556155204772949e-01 -7.693095803260803223e-01 1.176200360059738159e-01 4.650230678032771792e-01
-5.122009515762329102e-01 -5.223262906074523926e-01 -6.817809343338012695e-01 -2.152219866812297600e+00
5.859365463256835938e-01 3.678829967975616455e-01 -7.220386266708374023e-01 -2.472528562608633074e+00
0.000000000000000000e+00 0.000000000000000000e+00 0.000000000000000000e+00 1.000000000000000000e+00
6.302328109741210938e-01 -7.627254724502563477e-01 1.451066285371780396e-01 5.601556242738358060e-01
-5.704109072685241699e-01 -5.816540122032165527e-01 -5.799221396446228027e-01 -1.698076372061470440e+00
5.267234444618225098e-01 2.827156186103820801e-01 -8.016445040702819824e-01 -2.688670232488763467e+00
0.000000000000000000e+00 0.000000000000000000e+00 0.000000000000000000e+00 1.000000000000000000e+00
6.143622994422912598e-01 -7.788929343223571777e-01 1.260329186916351318e-01 4.453710112805400745e-01
-6.632038354873657227e-01 -5.962999463081359863e-01 -4.523124694824218750e-01 -1.226783755658215291e+00
4.274564385414123535e-01 1.942981332540512085e-01 -8.829092979431152344e-01 -2.910091180294313684e+00
0.000000000000000000e+00 0.000000000000000000e+00 0.000000000000000000e+00 1.000000000000000000e+00
5.971100330352783203e-01 -7.866255640983581543e-01 1.570967435836791992e-01 4.991199751462121470e-01
-7.123433947563171387e-01 -6.100296378135681152e-01 -3.470309972763061523e-01 -8.260672558819946998e-01
3.688172399997711182e-01 9.530881792306900024e-02 -9.246025085449218750e-01 -2.995864764285089521e+00
0.000000000000000000e+00 0.000000000000000000e+00 0.000000000000000000e+00 1.000000000000000000e+00
5.863279700279235840e-01 -7.831498384475708008e-01 2.071135491132736206e-01 6.161362477263103710e-01
-7.522843480110168457e-01 -6.212390661239624023e-01 -2.193864881992340088e-01 -3.325445005167573798e-01
3.004794418811798096e-01 -2.717585675418376923e-02 -9.534009099006652832e-01 -3.027655906121756502e+00
0.000000000000000000e+00 0.000000000000000000e+00 0.000000000000000000e+00 1.000000000000000000e+00
5.709031224250793457e-01 -7.916502952575683594e-01 2.176214456558227539e-01 6.330186575119601811e-01
-7.826352119445800781e-01 -6.048448681831359863e-01 -1.471210420131683350e-01 -6.682270295886513778e-02
2.480956763029098511e-01 -8.632638305425643921e-02 -9.648814201354980469e-01 -3.039987646985354619e+00
0.000000000000000000e+00 0.000000000000000000e+00 0.000000000000000000e+00 1.000000000000000000e+00
5.467621088027954102e-01 -8.070250749588012695e-01 2.230730354785919189e-01 6.104954182299495713e-01
-8.259913325309753418e-01 -5.635065436363220215e-01 -1.409008819609880447e-02 3.985604933920274817e-01
1.370741128921508789e-01 -1.765525192022323608e-01 -9.746999144554138184e-01 -3.040166017056571857e+00
0.000000000000000000e+00 0.000000000000000000e+00 0.000000000000000000e+00 1.000000000000000000e+00
5.335848927497863770e-01 -8.158075809478759766e-01 2.230362743139266968e-01 5.721756639340052075e-01
-8.455577492713928223e-01 -5.201531648635864258e-01 1.203033253550529480e-01 8.685169711388915914e-01
1.786862872540950775e-02 -2.527820765972137451e-01 -9.673581719398498535e-01 -2.984369914367425825e+00
0.000000000000000000e+00 0.000000000000000000e+00 0.000000000000000000e+00 1.000000000000000000e+00
5.333272218704223633e-01 -8.138831853866577148e-01 2.305558770895004272e-01 5.617602108794563787e-01
-8.411914706230163574e-01 -4.815298318862915039e-01 2.460196316242218018e-01 1.295746723692319469e+00
-8.921179175376892090e-02 -3.251506090164184570e-01 -9.414447546005249023e-01 -2.839633414888058649e+00
0.000000000000000000e+00 0.000000000000000000e+00 0.000000000000000000e+00 1.000000000000000000e+00
4.956071376800537109e-01 -8.287287950515747070e-01 2.599654197692871094e-01 6.436456150113563091e-01
-8.426038622856140137e-01 -3.861538469791412354e-01 3.753716349601745605e-01 1.736941920297782049e+00
-2.106947153806686401e-01 -4.050846993923187256e-01 -8.896707892417907715e-01 -2.589299650744341097e+00
0.000000000000000000e+00 0.000000000000000000e+00 0.000000000000000000e+00 1.000000000000000000e+00
4.674120545387268066e-01 -8.415827155113220215e-01 2.706739902496337891e-01 6.912582218468906747e-01
-8.249191045761108398e-01 -3.051197230815887451e-01 4.758258163928985596e-01 2.081550318567293001e+00
-3.178588449954986572e-01 -4.456908404827117920e-01 -8.368543982505798340e-01 -2.348226249597207715e+00
0.000000000000000000e+00 0.000000000000000000e+00 0.000000000000000000e+00 1.000000000000000000e+00
4.417984783649444580e-01 -8.502949476242065430e-01 2.860287725925445557e-01 7.937750810154843295e-01
-8.060320019721984863e-01 -2.362504154443740845e-01 5.426766872406005859e-01 2.301728032928740841e+00
-3.938609659671783447e-01 -4.703020751476287842e-01 -7.897401452064514160e-01 -2.140251111565028452e+00
0.000000000000000000e+00 0.000000000000000000e+00 0.000000000000000000e+00 1.000000000000000000e+00
4.100225865840911865e-01 -8.621054291725158691e-01 2.977508008480072021e-01 9.094509491365981857e-01
-7.872483134269714355e-01 -1.696689873933792114e-01 5.928345918655395508e-01 2.444164371968037486e+00
-4.605669081211090088e-01 -4.774793684482574463e-01 -7.482592463493347168e-01 -1.924047339535519985e+00
0.000000000000000000e+00 0.000000000000000000e+00 0.000000000000000000e+00 1.000000000000000000e+00
3.720704913139343262e-01 -8.819973468780517578e-01 2.892127335071563721e-01 9.799920465004852144e-01
-7.778388857841491699e-01 -1.262553334236145020e-01 6.156508922576904297e-01 2.477729294045731390e+00
-5.064878463745117188e-01 -4.540265202522277832e-01 -7.330279350280761719e-01 -1.786541673065548563e+00
0.000000000000000000e+00 0.000000000000000000e+00 0.000000000000000000e+00 1.000000000000000000e+00
2.820709347724914551e-01 -9.244132041931152344e-01 2.567023634910583496e-01 9.945473617669015054e-01
-7.713608741760253906e-01 -5.941849574446678162e-02 6.336180567741394043e-01 2.460361922028075909e+00
-5.704719424247741699e-01 -3.767354488372802734e-01 -7.298164963722229004e-01 -1.694942292393881944e+00
0.000000000000000000e+00 0.000000000000000000e+00 0.000000000000000000e+00 1.000000000000000000e+00
7.858660817146301270e-02 -9.788622856140136719e-01 1.888196319341659546e-01 9.412148096776115080e-01
-7.851385474205017090e-01 5.594280734658241272e-02 6.167883872985839844e-01 2.236166813671066844e+00
-6.143139004707336426e-01 -1.967208534479141235e-01 -7.641462087631225586e-01 -1.784820272912175820e+00
0.000000000000000000e+00 0.000000000000000000e+00 0.000000000000000000e+00 1.000000000000000000e+00
-9.468966722488403320e-02 -9.813973307609558105e-01 1.670126169919967651e-01 8.965746736117583549e-01
-7.872286438941955566e-01 1.765071600675582886e-01 5.908606648445129395e-01 2.024730423255808986e+00
-6.093479394912719727e-01 -7.552871108055114746e-02 -7.892974615097045898e-01 -1.879174072397719719e+00
0.000000000000000000e+00 0.000000000000000000e+00 0.000000000000000000e+00 1.000000000000000000e+00
-2.117858827114105225e-01 -9.585066437721252441e-01 1.908178478479385376e-01 9.550319426860028882e-01
-7.497648596763610840e-01 2.845886945724487305e-01 5.973791480064392090e-01 2.077164676682766498e+00
-6.268965601921081543e-01 -1.655200123786926270e-02 -7.789266705513000488e-01 -1.819256609175394557e+00
0.000000000000000000e+00 0.000000000000000000e+00 0.000000000000000000e+00 1.000000000000000000e+00
-2.427328228950500488e-01 -9.547309875488281250e-01 1.719572246074676514e-01 9.770793961718184928e-01
-7.079299688339233398e-01 2.955235540866851807e-01 6.414832472801208496e-01 2.271020603360137891e+00
-6.632614731788635254e-01 3.397537022829055786e-02 -7.476161122322082520e-01 -1.671686128703554042e+00
0.000000000000000000e+00 0.000000000000000000e+00 0.000000000000000000e+00 1.000000000000000000e+00
-3.402732312679290771e-01 -9.289198517799377441e-01 1.460200399160385132e-01 1.048958665888682029e+00
-6.936278343200683594e-01 3.528039455413818359e-01 6.280206441879272461e-01 2.189813412238180934e+00
-6.348972916603088379e-01 1.124151572585105896e-01 -7.643744349479675293e-01 -1.620994009214665743e+00
0.000000000000000000e+00 0.000000000000000000e+00 0.000000000000000000e+00 1.000000000000000000e+00
2.350532263517379761e-01 -9.168155789375305176e-01 3.227991163730621338e-01 9.535551813511073949e-01
-7.344243526458740234e-01 5.001670867204666138e-02 6.768449544906616211e-01 2.453045574557395803e+00
-6.366874575614929199e-01 -3.961661458015441895e-01 -6.615751385688781738e-01 -1.375060470048060202e+00
0.000000000000000000e+00 0.000000000000000000e+00 0.000000000000000000e+00 1.000000000000000000e+00
5.192644000053405762e-01 -8.022492527961730957e-01 2.945512533187866211e-01 6.552801451627655593e-01
-7.662740349769592285e-01 -2.844540476799011230e-01 5.761162042617797852e-01 2.331176157889983447e+00
-3.784025609493255615e-01 -5.248636007308959961e-01 -7.624497413635253906e-01 -2.169685347866666003e+00
0.000000000000000000e+00 0.000000000000000000e+00 0.000000000000000000e+00 1.000000000000000000e+00
5.791144371032714844e-01 -7.653274536132812500e-01 2.808918058872222900e-01 5.680135798667692582e-01
-7.693866491317749023e-01 -3.991416692733764648e-01 4.987284243106842041e-01 2.102774372947934012e+00
-2.695749402046203613e-01 -5.049352049827575684e-01 -8.199815154075622559e-01 -2.558715830246225842e+00
0.000000000000000000e+00 0.000000000000000000e+00 0.000000000000000000e+00 1.000000000000000000e+00
5.903731584548950195e-01 -7.629231214523315430e-01 2.634531557559967041e-01 5.027072671152091887e-01
-7.719351053237915039e-01 -4.383682012557983398e-01 4.603795707225799561e-01 1.988156225460479654e+00
-2.357448041439056396e-01 -4.751644432544708252e-01 -8.477281332015991211e-01 -2.749378555670902280e+00
0.000000000000000000e+00 0.000000000000000000e+00 0.000000000000000000e+00 1.000000000000000000e+00
6.179192066192626953e-01 -7.598557472229003906e-01 2.019778937101364136e-01 2.576596260220024859e-01
-7.610940933227539062e-01 -5.136304497718811035e-01 3.961304426193237305e-01 1.756754291634249565e+00
-1.972600370645523071e-01 -3.985008001327514648e-01 -8.957039713859558105e-01 -3.005615198556320422e+00
0.000000000000000000e+00 0.000000000000000000e+00 0.000000000000000000e+00 1.000000000000000000e+00
6.339101791381835938e-01 -7.615189552307128906e-01 1.350794434547424316e-01 -6.508297138712197671e-03
-7.466261386871337891e-01 -5.569915771484375000e-01 3.637436926364898682e-01 1.652127645866890315e+00
-2.017597258090972900e-01 -3.314346373081207275e-01 -9.216529130935668945e-01 -3.166907575513544071e+00
0.000000000000000000e+00 0.000000000000000000e+00 0.000000000000000000e+00 1.000000000000000000e+00
6.448609828948974609e-01 -7.611372470855712891e-01 6.945673376321792603e-02 -2.749522843798437588e-01
-7.345579862594604492e-01 -5.920981168746948242e-01 3.314274549484252930e-01 1.537597096139661224e+00
-2.111366540193557739e-01 -2.647445797920227051e-01 -9.409205913543701172e-01 -3.292945177337947893e+00
0.000000000000000000e+00 0.000000000000000000e+00 0.000000000000000000e+00 1.000000000000000000e+00
6.627550721168518066e-01 -7.486097216606140137e-01 1.841591671109199524e-02 -5.057205543118736824e-01
-7.236841320991516113e-01 -6.339803338050842285e-01 2.726720869541168213e-01 1.307507243827291665e+00
-1.924496740102767944e-01 -1.940421015024185181e-01 -9.619307518005371094e-01 -3.427079669302852682e+00
0.000000000000000000e+00 0.000000000000000000e+00 0.000000000000000000e+00 1.000000000000000000e+00
7.071838378906250000e-01 -7.024014592170715332e-01 -8.076470345258712769e-02 -9.696731381195863309e-01
-6.784043908119201660e-01 -7.062854170799255371e-01 2.023069709539413452e-01 1.019452376218976219e+00
-1.991437077522277832e-01 -8.827702701091766357e-02 -9.759861230850219727e-01 -3.523028878958206267e+00
0.000000000000000000e+00 0.000000000000000000e+00 0.000000000000000000e+00 1.000000000000000000e+00
