1.000000000000000000e+00 0.000000000000000000e+00 0.000000000000000000e+00 -4.097584310382009209e-01
0.000000000000000000e+00 -1.000000000000000000e+00 0.000000000000000000e+00 -1.932597221741734483e-02
0.000000000000000000e+00 0.000000000000000000e+00 -1.000000000000000000e+00 -2.664692399556274349e+00
0.000000000000000000e+00 0.000000000000000000e+00 0.000000000000000000e+00 1.000000000000000000e+00
9.964647889137268066e-01 -8.010377734899520874e-02 -2.532522007822990417e-02 -4.636871288580771133e-01
-7.964306324720382690e-02 -9.966479539871215820e-01 1.870653964579105377e-02 6.892669479804029720e-02
-2.673878148198127747e-02 -1.662344112992286682e-02 -9.995042085647583008e-01 -2.712777475707849995e+00
0.000000000000000000e+00 0.000000000000000000e+00 0.000000000000000000e+00 1.000000000000000000e+00
9.848297834396362305e-01 -1.663749516010284424e-01 -4.928998276591300964e-02 -5.117055654335582737e-01
-1.637064963579177856e-01 -9.850304126739501953e-01 5.399296060204505920e-02 2.164448480039892764e-01
-5.753523483872413635e-02 -4.510475695133209229e-02 -9.973240494728088379e-01 -2.701877558957131775e+00
0.000000000000000000e+00 0.000000000000000000e+00 0.000000000000000000e+00 1.000000000000000000e+00
9.650179743766784668e-01 -2.568696141242980957e-01 -5.252004042267799377e-02 -5.019883631883760300e-01
-2.525056004524230957e-01 -9.644816517829895020e-01 7.756197452545166016e-02 3.290446221723112297e-01
-7.057798653841018677e-02 -6.158705428242683411e-02 -9.956033229827880859e-01 -2.697746457119836627e+00
0.000000000000000000e+00 0.000000000000000000e+00 0.000000000000000000e+00 1.000000000000000000e+00
9.358980655670166016e-01 -3.465763330459594727e-01 -6.308321654796600342e-02 -5.045797527910591551e-01
-3.371156156063079834e-01 -9.331172704696655273e-01 1.250806301832199097e-01 5.090330468003134712e-01
-1.022140756249427795e-01 -9.579634666442871094e-02 -9.901391863822937012e-01 -2.672364918866006356e+00
0.000000000000000000e+00 0.000000000000000000e+00 0.000000000000000000e+00 1.000000000000000000e+00
8.882477283477783203e-01 -4.566463828086853027e-01 -4.989777877926826477e-02 -4.362382115812860617e-01
-4.460619091987609863e-01 -8.833730220794677734e-01 1.438081413507461548e-01 6.039104189212635143e-01
-1.097478643059730530e-01 -1.054797470569610596e-01 -9.883468151092529297e-01 -2.675751809785180679e+00
0.000000000000000000e+00 0.000000000000000000e+00 0.000000000000000000e+00 1.000000000000000000e+00
8.394829630851745605e-01 -5.425081849098205566e-01 -3.085761889815330505e-02 -3.560551074368545899e-01
-5.307610034942626953e-01 -8.308262825012207031e-01 1.673915386199951172e-01 7.079714282756970345e-01
-1.164487078785896301e-01 -1.241443753242492676e-01 -9.854080677032470703e-01 -2.669447126412091365e+00
0.000000000000000000e+00 0.000000000000000000e+00 0.000000000000000000e+00 1.000000000000000000e+00
7.877408862113952637e-01 -6.158323287963867188e-01 -1.464832294732332230e-02 -2.811817840087516562e-01
-6.048438549041748047e-01 -7.777538299560546875e-01 1.710634678602218628e-01 7.507536222177859653e-01
-1.167392358183860779e-01 -1.258936822414398193e-01 -9.851509928703308105e-01 -2.678074399068763434e+00
0.000000000000000000e+00 0.000000000000000000e+00 0.000000000000000000e+00 1.000000000000000000e+00
7.216988205909729004e-01 -6.920244097709655762e-01 1.590423099696636200e-02 -1.492671564736380019e-01
-6.845373511314392090e-01 -7.101030349731445312e-01 1.648082286119461060e-01 7.579724267325158582e-01
-1.027577295899391174e-01 -1.298289299011230469e-01 -9.861973524093627930e-01 -2.689309031371457603e+00
0.000000000000000000e+00 0.000000000000000000e+00 0.000000000000000000e+00 1.000000000000000000e+00
6.428510546684265137e-01 -7.658089995384216309e-01 1.670267991721630096e-02 -9.614204846952550954e-02
-7.596626281738281250e-01 -6.345910429954528809e-01 1.421507745981216431e-01 7.156537434651445428e-01
-9.826099872589111328e-02 -1.040701568126678467e-01 -9.897040128707885742e-01 -2.714521694177794764e+00
0.000000000000000000e+00 0.000000000000000000e+00 0.000000000000000000e+00 1.000000000000000000e+00
5.497625470161437988e-01 -8.350408673286437988e-01 2.162691950798034668e-02 -2.985526632675899322e-02
-8.324070572853088379e-01 -5.455006361007690430e-01 9.760806709527969360e-02 6.059623107963638677e-01
-6.970924139022827148e-02 -7.166365534067153931e-02 -9.949899315834045410e-01 -2.763846845919297301e+00
0.000000000000000000e+00 0.000000000000000000e+00 0.000000000000000000e+00 1.000000000000000000e+00
4.587078988552093506e-01 -8.863295316696166992e-01 6.330181658267974854e-02 1.496849580001482494e-01
-8.884047269821166992e-01 -4.560052454471588135e-01 5.287988856434822083e-02 4.817046119455189457e-01
-1.800304464995861053e-02 -8.049406111240386963e-02 -9.965925216674804688e-01 -2.807031774690825543e+00
0.000000000000000000e+00 0.000000000000000000e+00 0.000000000000000000e+00 1.000000000000000000e+00
3.463628888130187988e-01 -9.344378709793090820e-01 8.281726390123367310e-02 2.505424818629368167e-01
-9.379910230636596680e-01 -3.463196158409118652e-01 1.534845028072595596e-02 3.513564628515645771e-01
1.433907262980937958e-02 -8.299797773361206055e-02 -9.964465498924255371e-01 -2.822404131397383775e+00
0.000000000000000000e+00 0.000000000000000000e+00 0.000000000000000000e+00 1.000000000000000000e+00
2.724058628082275391e-01 -9.571003317832946777e-01 9.876106679439544678e-02 3.200313309918789151e-01
-9.596964716911315918e-01 -2.776405215263366699e-01 -4.356872662901878357e-02 1.388352318369858451e-01
6.911971420049667358e-02 -8.291228860616683960e-02 -9.941569566726684570e-01 -2.820044566117127616e+00
0.000000000000000000e+00 0.000000000000000000e+00 0.000000000000000000e+00 1.000000000000000000e+00
1.983545273542404175e-01 -9.707399010658264160e-01 1.353491097688674927e-01 4.400399290458952284e-01
-9.715719819068908691e-01 -2.129477858543395996e-01 -1.034450680017471313e-01 -6.486353326982502443e-02
1.292405426502227783e-01 -1.109826341271400452e-01 -9.853830337524414062e-01 -2.804977123412988327e+00
0.000000000000000000e+00 0.000000000000000000e+00 0.000000000000000000e+00 1.000000000000000000e+00
1.147431805729866028e-01 -9.854903221130371094e-01 1.250704526901245117e-01 4.307579191048439560e-01
-9.712220430374145508e-01 -1.377414464950561523e-01 -1.943050622940063477e-01 -3.524143388924792508e-01
2.087131589651107788e-01 -9.917598217725753784e-02 -9.729351401329040527e-01 -2.782618234917072275e+00
0.000000000000000000e+00 0.000000000000000000e+00 0.000000000000000000e+00 1.000000000000000000e+00
1.878222972154617310e-01 -9.754247069358825684e-01 1.151964887976646423e-01 3.914605058940182625e-01
-9.556783437728881836e-01 -2.085612267255783081e-01 -2.078020274639129639e-01 -3.865990617274538410e-01
2.267205864191055298e-01 -7.106093317270278931e-02 -9.713636040687561035e-01 -2.756603965615688878e+00
0.000000000000000000e+00 0.000000000000000000e+00 0.000000000000000000e+00 1.000000000000000000e+00
2.733585238456726074e-01 -9.544940590858459473e-01 1.192310601472854614e-01 3.829793781047952095e-01
-9.400603175163269043e-01 -2.913586795330047607e-01 -1.771907508373260498e-01 -2.772678001008967441e-01
2.038665413856506348e-01 -6.364781409502029419e-02 -9.769275188446044922e-01 -2.748557271294843840e+00
0.000000000000000000e+00 0.000000000000000000e+00 0.000000000000000000e+00 1.000000000000000000e+00
3.264799714088439941e-01 -9.379101395606994629e-01 1.171974241733551025e-01 3.622178043756223431e-01
-9.350082278251647949e-01 -3.386288583278656006e-01 -1.053092479705810547e-01 -4.052547070616563385e-02
1.384570449590682983e-01 -7.519919425249099731e-02 -9.875093698501586914e-01 -2.747165704494665128e+00
0.000000000000000000e+00 0.000000000000000000e+00 0.000000000000000000e+00 1.000000000000000000e+00
3.620896339416503906e-01 -9.197545051574707031e-01 1.514679193496704102e-01 4.469631325424431867e-01
-9.298964738845825195e-01 -3.676912784576416016e-01 -9.770295582711696625e-03 2.631151093873279057e-01
6.467968225479125977e-02 -1.373117864131927490e-01 -9.884138703346252441e-01 -2.710502900031888096e+00
0.000000000000000000e+00 0.000000000000000000e+00 0.000000000000000000e+00 1.000000000000000000e+00
3.957004547119140625e-01 -9.035419225692749023e-01 1.644170284271240234e-01 4.697418641647666537e-01
-9.183750152587890625e-01 -3.898654580116271973e-01 6.776470690965652466e-02 5.146369453558529150e-01
2.872239099815487862e-03 -1.778110414743423462e-01 -9.840604662895202637e-01 -2.666062718955379829e+00
0.000000000000000000e+00 0.000000000000000000e+00 0.000000000000000000e+00 1.000000000000000000e+00
4.491131007671356201e-01 -8.716863989830017090e-01 1.961122006177902222e-01 5.279327009594029230e-01
-8.916659355163574219e-01 -4.233133792877197266e-01 1.604295969009399414e-01 7.722021837508247222e-01
-5.682746320962905884e-02 -2.469175904989242554e-01 -9.673684239387512207e-01 -2.569880425280187008e+00
0.000000000000000000e+00 0.000000000000000000e+00 0.000000000000000000e+00 1.000000000000000000e+00
5.243048071861267090e-01 -8.322243690490722656e-01 1.802978366613388062e-01 4.312882418183268118e-01
-8.456290960311889648e-01 -4.839816689491271973e-01 2.251058518886566162e-01 9.374781283442454871e-01
-1.000777781009674072e-01 -2.704894244670867920e-01 -9.575071930885314941e-01 -2.505291361359683222e+00
0.000000000000000000e+00 0.000000000000000000e+00 0.000000000000000000e+00 1.000000000000000000e+00
5.865779519081115723e-01 -7.902410626411437988e-01 1.773283928632736206e-01 3.831393544784624239e-01
-7.976056337356567383e-01 -5.256673097610473633e-01 2.958017587661743164e-01 1.101054142881647380e+00
-1.405391991138458252e-01 -3.149488568305969238e-01 -9.386452436447143555e-01 -2.417877345821013879e+00
0.000000000000000000e+00 0.000000000000000000e+00 0.000000000000000000e+00 1.000000000000000000e+00
6.622716784477233887e-01 -7.328746914863586426e-01 1.558539569377899170e-01 2.669736041533462001e-01
-7.275845408439636230e-01 -5.793682336807250977e-01 3.673583567142486572e-01 1.236083239300742820e+00
-1.789310425519943237e-01 -3.566881716251373291e-01 -9.169281125068664551e-01 -2.320112258735980593e+00
0.000000000000000000e+00 0.000000000000000000e+00 0.000000000000000000e+00 1.000000000000000000e+00
7.231106758117675781e-01 -6.758861541748046875e-01 1.424398571252822876e-01 1.986745060069187996e-01
-6.568524241447448730e-01 -6.090722680091857910e-01 4.444951713085174561e-01 1.384366229960270367e+00
-2.136719822883605957e-01 -4.149810969829559326e-01 -8.843842148780822754e-01 -2.181387149306118101e+00
0.000000000000000000e+00 0.000000000000000000e+00 0.000000000000000000e+00 1.000000000000000000e+00
7.482276558876037598e-01 -6.534342169761657715e-01 1.147971600294113159e-01 1.070005590156790087e-01
-6.008208394050598145e-01 -5.939987897872924805e-01 5.349568128585815430e-01 1.576260753054438357e+00
-2.813697159290313721e-01 -4.692419469356536865e-01 -8.370437026023864746e-01 -1.981829764811797068e+00
0.000000000000000000e+00 0.000000000000000000e+00 0.000000000000000000e+00 1.000000000000000000e+00
7.780850529670715332e-01 -6.163136959075927734e-01 1.214123368263244629e-01 9.845205868400971894e-02
-5.374780297279357910e-01 -5.531690716743469238e-01 6.364912986755371094e-01 1.815736485360438079e+00
-3.251168131828308105e-01 -5.605009198188781738e-01 -7.616676688194274902e-01 -1.721663478904563283e+00
0.000000000000000000e+00 0.000000000000000000e+00 0.000000000000000000e+00 1.000000000000000000e+00
8.005784749984741211e-01 -5.858624577522277832e-01 1.258561313152313232e-01 9.414603658260063679e-02
-4.843001365661621094e-01 -5.089141130447387695e-01 7.116600275039672852e-01 1.998545674943621897e+00
-3.528845310211181641e-01 -6.306915283203125000e-01 -6.911593079566955566e-01 -1.493987228641485254e+00
0.000000000000000000e+00 0.000000000000000000e+00 0.000000000000000000e+00 1.000000000000000000e+00
8.265812397003173828e-01 -5.481523871421813965e-01 1.276398599147796631e-01 7.506888851531905160e-02
-4.227909147739410400e-01 -4.550577998161315918e-01 7.836903333663940430e-01 2.173241806570139989e+00
-3.714981377124786377e-01 -7.017485499382019043e-01 -6.078960895538330078e-01 -1.273100488812356268e+00
0.000000000000000000e+00 0.000000000000000000e+00 0.000000000000000000e+00 1.000000000000000000e+00
8.595092296600341797e-01 -5.047067999839782715e-01 8.071287721395492554e-02 -7.138648934967672943e-02
-3.271181881427764893e-01 -4.218496978282928467e-01 8.455979228019714355e-01 2.308867968756415312e+00
-3.927305936813354492e-01 -7.532020211219787598e-01 -5.276825428009033203e-01 -1.072709212810967871e+00
0.000000000000000000e+00 0.000000000000000000e+00 0.000000000000000000e+00 1.000000000000000000e+00
8.713720440864562988e-01 -4.873635470867156982e-01 5.646033212542533875e-02 -1.326448075735668919e-01
-2.299585193395614624e-01 -3.040494024753570557e-01 9.244850873947143555e-01 2.449302804122012400e+00
-4.333936572074890137e-01 -8.185536861419677734e-01 -3.770135045051574707e-01 -6.940409972365566560e-01
0.000000000000000000e+00 0.000000000000000000e+00 0.000000000000000000e+00 1.000000000000000000e+00
8.485278487205505371e-01 -5.284377336502075195e-01 2.745626308023929596e-02 -2.479546946473237812e-01
-1.136505156755447388e-01 -1.313240975141525269e-01 9.848032593727111816e-01 2.595879794039500421e+00
-5.168017148971557617e-01 -8.387538790702819824e-01 -1.714893579483032227e-01 -1.320948212927769150e-01
0.000000000000000000e+00 0.000000000000000000e+00 0.000000000000000000e+00 1.000000000000000000e+00
8.489785194396972656e-01 -5.271968245506286621e-01 3.604429960250854492e-02 -2.061741638987010239e-01
-1.067631021142005920e-01 -1.043237298727035522e-01 9.887960553169250488e-01 2.596908775320061036e+00
-5.175300836563110352e-01 -8.433146476745605469e-01 -1.448537707328796387e-01 -1.277576869255101777e-01
0.000000000000000000e+00 0.000000000000000000e+00 0.000000000000000000e+00 1.000000000000000000e+00
8.067913651466369629e-01 -5.902880430221557617e-01 2.546039223670959473e-02 -1.964294883500203315e-01
-1.063706278800964355e-01 -1.027269214391708374e-01 9.890056848526000977e-01 2.598758127034278775e+00
-5.811826586723327637e-01 -8.006290793418884277e-01 -1.456684768199920654e-01 -1.274685532574926228e-01
0.000000000000000000e+00 0.000000000000000000e+00 0.000000000000000000e+00 1.000000000000000000e+00
7.839465141296386719e-01 -6.185044646263122559e-01 5.366794019937515259e-02 -1.122784579245088149e-01
-2.446976304054260254e-01 -2.283860296010971069e-01 9.423176646232604980e-01 2.525671206445459394e+00
-5.705702304840087891e-01 -7.518590688705444336e-01 -3.303889632225036621e-01 -5.227782179727940015e-01
0.000000000000000000e+00 0.000000000000000000e+00 0.000000000000000000e+00 1.000000000000000000e+00
7.996919155120849609e-01 -5.960493683815002441e-01 7.223524898290634155e-02 -6.651429816860678079e-02
-3.062945306301116943e-01 -3.015157580375671387e-01 9.029237031936645508e-01 2.449539560876831779e+00
-5.164075493812561035e-01 -7.441861629486083984e-01 -4.236865639686584473e-01 -7.674628403325572945e-01
0.000000000000000000e+00 0.000000000000000000e+00 0.000000000000000000e+00 1.000000000000000000e+00
7.987138628959655762e-01 -5.950440764427185059e-01 8.932462334632873535e-02 -3.212786730513730177e-02
-3.662157654762268066e-01 -3.629405796527862549e-01 8.568317294120788574e-01 2.356913585448854320e+00
-4.774327576160430908e-01 -7.170751690864562988e-01 -5.078004002571105957e-01 -9.979087721076512763e-01
0.000000000000000000e+00 0.000000000000000000e+00 0.000000000000000000e+00 1.000000000000000000e+00
8.251534700393676758e-01 -5.609291791915893555e-01 6.692940741777420044e-02 -1.410686777560009320e-01
-4.537626504898071289e-01 -5.875664949417114258e-01 6.699739694595336914e-01 1.988700677859190469e+00
-3.364825248718261719e-01 -5.832017064094543457e-01 -7.393615245819091797e-01 -1.660740143549789716e+00
0.000000000000000000e+00 0.000000000000000000e+00 0.000000000000000000e+00 1.000000000000000000e+00
8.237406611442565918e-01 -5.655488371849060059e-01 4.007286205887794495e-02 -2.271763230539905198e-01
-4.697931706905364990e-01 -6.412833333015441895e-01 6.066706180572509766e-01 1.818400550732702348e+00
-3.174039423465728760e-01 -5.185651779174804688e-01 -7.939423918724060059e-01 -1.815816783747371321e+00
0.000000000000000000e+00 0.000000000000000000e+00 0.000000000000000000e+00 1.000000000000000000e+00
8.518262505531311035e-01 -5.218616724014282227e-01 4.530334472656250000e-02 -2.186073945189351830e-01
-4.622284471988677979e-01 -7.081546783447265625e-01 5.337250828742980957e-01 1.612592981069344233e+00
-2.464486509561538696e-01 -4.755809605121612549e-01 -8.444440960884094238e-01 -1.972387502556804950e+00
0.000000000000000000e+00 0.000000000000000000e+00 0.000000000000000000e+00 1.000000000000000000e+00
8.699111342430114746e-01 -4.930557906627655029e-01 1.228453498333692551e-02 -2.943501022718079119e-01
-4.575093686580657959e-01 -7.973914146423339844e-01 3.935124278068542480e-01 1.236460725595140087e+00
-1.842280477285385132e-01 -3.479409813880920410e-01 -9.192370772361755371e-01 -2.189064911481049869e+00
0.000000000000000000e+00 0.000000000000000000e+00 0.000000000000000000e+00 1.000000000000000000e+00
8.727194666862487793e-01 -4.881462752819061279e-01 8.596209809184074402e-03 -2.872074572726142638e-01
-4.739046990871429443e-01 -8.427623510360717773e-01 2.552736997604370117e-01 8.836092060861556741e-01
-1.173664778470993042e-01 -2.268563210964202881e-01 -9.668304920196533203e-01 -2.336683851871961259e+00
0.000000000000000000e+00 0.000000000000000000e+00 0.000000000000000000e+00 1.000000000000000000e+00
8.770371079444885254e-01 -4.803940653800964355e-01 -5.237936507910490036e-03 -2.865290236172324811e-01
-4.796542525291442871e-01 -8.761986494064331055e-01 4.698514938354492188e-02 3.365401947815443995e-01
-2.716087177395820618e-02 -3.869531303644180298e-02 -9.988818168640136719e-01 -2.457644478362714935e+00
0.000000000000000000e+00 0.000000000000000000e+00 0.000000000000000000e+00 1.000000000000000000e+00
8.861905336380004883e-01 -4.633142650127410889e-01 2.469658618792891502e-03 -2.556670183415342135e-01
-4.627119898796081543e-01 -8.852866291999816895e-01 -4.652973264455795288e-02 7.902736779230515318e-02
2.374425716698169708e-02 4.009145498275756836e-02 -9.989138245582580566e-01 -2.485706224494820038e+00
0.000000000000000000e+00 0.000000000000000000e+00 0.000000000000000000e+00 1.000000000000000000e+00
8.960185050964355469e-01 -4.440020322799682617e-01 -3.582773962989449501e-03 -2.658636495659720822e-01
-4.396131336688995361e-01 -8.859701752662658691e-01 -1.476379036903381348e-01 -2.123374325543822272e-01
6.237735226750373840e-02 1.338613182306289673e-01 -9.890350103378295898e-01 -2.476706156528403202e+00
0.000000000000000000e+00 0.000000000000000000e+00 0.000000000000000000e+00 1.000000000000000000e+00
8.969928026199340820e-01 -4.420373737812042236e-01 2.567864954471588135e-03 -2.479289287242687212e-01
-4.266242682933807373e-01 -8.672079443931579590e-01 -2.567920386791229248e-01 -5.293486910639018106e-01
1.157385930418968201e-01 2.292450815439224243e-01 -9.664631485939025879e-01 -2.434605121151898643e+00
0.000000000000000000e+00 0.000000000000000000e+00 0.000000000000000000e+00 1.000000000000000000e+00
9.028232097625732422e-01 -4.299984574317932129e-01 3.288988023996353149e-03 -2.411816026596589058e-01
-3.984175622463226318e-01 -8.393451571464538574e-01 -3.698144853115081787e-01 -8.739269003022800408e-01
1.617803424596786499e-01 3.325666189193725586e-01 -9.290998578071594238e-01 -2.344940812681351794e+00
0.000000000000000000e+00 0.000000000000000000e+00 0.000000000000000000e+00 1.000000000000000000e+00
9.066997170448303223e-01 -4.217752814292907715e-01 4.721198347397148609e-04 -2.614312037035487757e-01
-3.753206133842468262e-01 -8.073453307151794434e-01 -4.553331136703491211e-01 -1.138353014184481760e+00
1.924296319484710693e-01 4.126732349395751953e-01 -8.903208374977111816e-01 -2.256599637823110349e+00
0.000000000000000000e+00 0.000000000000000000e+00 0.000000000000000000e+00 1.000000000000000000e+00
9.174727797508239746e-01 -3.977880477905273438e-01 -3.032372100278735161e-03 -2.982759390380179121e-01
-3.339042067527770996e-01 -7.659403085708618164e-01 -5.494030117988586426e-01 -1.428077056417587976e+00
2.162232995033264160e-01 5.050742626190185547e-01 -8.355520963668823242e-01 -2.131578688175260972e+00
0.000000000000000000e+00 0.000000000000000000e+00 0.000000000000000000e+00 1.000000000000000000e+00
9.137933254241943359e-01 -4.052046835422515869e-01 -2.811407484114170074e-02 -3.772623247080241216e-01
-3.310134708881378174e-01 -7.027921080589294434e-01 -6.296931505203247070e-01 -1.652063019430577873e+00
2.353964149951934814e-01 5.847154259681701660e-01 -7.763351202011108398e-01 -1.998390182366693635e+00
0.000000000000000000e+00 0.000000000000000000e+00 0.000000000000000000e+00 1.000000000000000000e+00
9.215468168258666992e-01 -3.862541317939758301e-01 -3.949638828635215759e-02 -4.280010494865321702e-01
-2.934339940547943115e-01 -6.262313723564147949e-01 -7.223091721534729004e-01 -1.928255226582586079e+00
2.542611360549926758e-01 6.772310137748718262e-01 -6.904413700103759766e-01 -1.778743656097629078e+00
0.000000000000000000e+00 0.000000000000000000e+00 0.000000000000000000e+00 1.000000000000000000e+00
9.275807142257690430e-01 -3.687837719917297363e-01 -5.993844941258430481e-02 -5.011859633650426193e-01
-2.684532999992370605e-01 -5.462697148323059082e-01 -7.934239506721496582e-01 -2.140912323689418972e+00
2.598592638969421387e-01 7.520552873611450195e-01 -6.057103276252746582e-01 -1.542622529698782996e+00
0.000000000000000000e+00 0.000000000000000000e+00 0.000000000000000000e+00 1.000000000000000000e+00
9.394512176513671875e-01 -3.377162814140319824e-01 -5.813381448388099670e-02 -5.138558300162262560e-01
-2.235821336507797241e-01 -4.754948914051055908e-01 -8.508322238922119141e-01 -2.328841033170227171e+00
2.596975862979888916e-01 8.123130798339843750e-01 -5.222116708755493164e-01 -1.318656986266045550e+00
0.000000000000000000e+00 0.000000000000000000e+00 0.000000000000000000e+00 1.000000000000000000e+00
9.509729743003845215e-01 -3.045955300331115723e-01 -5.358824506402015686e-02 -5.301624515044036645e-01
-1.819105893373489380e-01 -4.107601344585418701e-01 -8.934117555618286133e-01 -2.462011878801278808e+00
2.501172721385955811e-01 8.593586087226867676e-01 -4.460309743881225586e-01 -1.121054914551036230e+00
0.000000000000000000e+00 0.000000000000000000e+00 0.000000000000000000e+00 1.000000000000000000e+00
9.623141288757324219e-01 -2.683373689651489258e-01 -4.412158206105232239e-02 -5.286417791486756057e-01
-1.388034671545028687e-01 -3.451544940471649170e-01 -9.282252192497253418e-01 -2.585243769684710369e+00
2.338486611843109131e-01 8.993681669235229492e-01 -3.693931102752685547e-01 -9.050683221019545366e-01
0.000000000000000000e+00 0.000000000000000000e+00 0.000000000000000000e+00 1.000000000000000000e+00
9.688715934753417969e-01 -2.350459843873977661e-01 -7.772685587406158447e-02 -6.451941562897547389e-01
-1.392845660448074341e-01 -2.579814493656158447e-01 -9.560573697090148926e-01 -2.702510383731681287e+00
2.046653032302856445e-01 9.371226429939270020e-01 -2.826891839504241943e-01 -6.133944858950102219e-01
0.000000000000000000e+00 0.000000000000000000e+00 0.000000000000000000e+00 1.000000000000000000e+00
9.781230688095092773e-01 -2.035207450389862061e-01 -4.306377470493316650e-02 -5.786488827840496896e-01
-7.421199977397918701e-02 -1.479897946119308472e-01 -9.862003922462463379e-01 -2.833009161722531921e+00
1.943392753601074219e-01 9.678213596343994141e-01 -1.598558276891708374e-01 -2.316853222732861706e-01
0.000000000000000000e+00 0.000000000000000000e+00 0.000000000000000000e+00 1.000000000000000000e+00
9.970006942749023438e-01 -7.662303000688552856e-02 -1.086203381419181824e-02 -5.112896544560507905e-01
-2.056476660072803497e-02 -1.270027309656143188e-01 -9.916890859603881836e-01 -2.860361741351273857e+00
7.460673898458480835e-02 9.889382719993591309e-01 -1.281974762678146362e-01 -1.217315566355693102e-01
0.000000000000000000e+00 0.000000000000000000e+00 0.000000000000000000e+00 1.000000000000000000e+00
9.974451661109924316e-01 -7.080601900815963745e-02 9.485118091106414795e-03 -4.653658804980908004e-01
-7.926574908196926117e-03 -2.416467368602752686e-01 -9.703320264816284180e-01 -2.821170220220473368e+00
7.099737226963043213e-02 9.677774906158447266e-01 -2.415905147790908813e-01 -4.676061677722403442e-01
0.000000000000000000e+00 0.000000000000000000e+00 0.000000000000000000e+00 1.000000000000000000e+00
9.987248778343200684e-01 -2.348130010068416595e-02 4.468776285648345947e-02 -3.513382533836005850e-01
3.593751788139343262e-02 -2.909702658653259277e-01 -9.560568332672119141e-01 -2.875587297832232991e+00
3.545226901769638062e-02 9.564439654350280762e-01 -2.897554337978363037e-01 -5.907918731523643663e-01
0.000000000000000000e+00 0.000000000000000000e+00 0.000000000000000000e+00 1.000000000000000000e+00
9.901180267333984375e-01 5.430459976196289062e-02 1.292938590049743652e-01 -4.993481917699225947e-02
1.392752677202224731e-01 -2.730964422225952148e-01 -9.518514871597290039e-01 -2.975257476566767867e+00
-1.638020016252994537e-02 9.604526758193969727e-01 -2.779610753059387207e-01 -5.346565844414546964e-01
0.000000000000000000e+00 0.000000000000000000e+00 0.000000000000000000e+00 1.000000000000000000e+00
9.702710509300231934e-01 7.834719866514205933e-02 2.289884686470031738e-01 2.643578800677777174e-01
2.415063381195068359e-01 -2.517802417278289795e-01 -9.371669292449951172e-01 -3.023424231039353316e+00
-1.576963253319263458e-02 9.646078944206237793e-01 -2.632163763046264648e-01 -4.760848120990002763e-01
0.000000000000000000e+00 0.000000000000000000e+00 0.000000000000000000e+00 1.000000000000000000e+00
9.736960530281066895e-01 3.306607156991958618e-02 2.254391163587570190e-01 2.369595633386731293e-01
2.252601981163024902e-01 -2.884828746318817139e-01 -9.306104183197021484e-01 -3.002760167704392469e+00
3.426369652152061462e-02 9.569137692451477051e-01 -2.883431315422058105e-01 -5.846804859409892030e-01
0.000000000000000000e+00 0.000000000000000000e+00 0.000000000000000000e+00 1.000000000000000000e+00
9.824447631835937500e-01 -3.366430848836898804e-02 1.834915876388549805e-01 7.355546821490871467e-02
1.628433018922805786e-01 -3.251346051692962646e-01 -9.315413832664489746e-01 -2.981054981716829477e+00
9.101916849613189697e-02 9.450680017471313477e-01 -3.139448761940002441e-01 -7.147176848390379700e-01
0.000000000000000000e+00 0.000000000000000000e+00 0.000000000000000000e+00 1.000000000000000000e+00
9.877497553825378418e-01 -1.173776164650917053e-01 1.028248444199562073e-01 -2.021870166529323165e-01
5.278694629669189453e-02 -3.687571585178375244e-01 -9.280256032943725586e-01 -2.913575719369779105e+00
1.468468159437179565e-01 9.220850467681884766e-01 -3.580437004566192627e-01 -9.155764036640439141e-01
0.000000000000000000e+00 0.000000000000000000e+00 0.000000000000000000e+00 1.000000000000000000e+00
9.815269708633422852e-01 -1.908914595842361450e-01 1.285505667328834534e-02 -4.946722552346389246e-01
-4.695688188076019287e-02 -3.054882287979125977e-01 -9.510374665260314941e-01 -2.930616686911292845e+00
1.854719966650009155e-01 9.328651428222656250e-01 -3.088086545467376709e-01 -8.027665699623813822e-01
0.000000000000000000e+00 0.000000000000000000e+00 0.000000000000000000e+00 1.000000000000000000e+00
9.311120510101318359e-01 -3.515944778919219971e-01 -9.701229631900787354e-02 -8.168316969377118486e-01
-2.170470356941223145e-01 -3.203719854354858398e-01 -9.220910072326660156e-01 -2.756795285952347019e+00
2.931223213672637939e-01 8.796266913414001465e-01 -3.746151030063629150e-01 -1.091876990011886983e+00
0.000000000000000000e+00 0.000000000000000000e+00 0.000000000000000000e+00 1.000000000000000000e+00
8.783223628997802734e-01 -4.681043326854705811e-01 -9.710153192281723022e-02 -7.955378689131403780e-01
-2.830796539783477783e-01 -3.455647528171539307e-01 -8.946794271469116211e-01 -2.632149753046841845e+00
3.852484524250030518e-01 8.133043646812438965e-01 -4.360281825065612793e-01 -1.359628046221821762e+00
0.000000000000000000e+00 0.000000000000000000e+00 0.000000000000000000e+00 1.000000000000000000e+00
8.372778892517089844e-01 -5.425528287887573242e-01 -6.783932447433471680e-02 -6.916053097561057905e-01
-3.406577110290527344e-01 -4.205690622329711914e-01 -8.408769965171813965e-01 -2.441465917903454130e+00
4.276889860630035400e-01 7.271573543548583984e-01 -5.369576215744018555e-01 -1.707482908240038455e+00
0.000000000000000000e+00 0.000000000000000000e+00 0.000000000000000000e+00 1.000000000000000000e+00
8.075807094573974609e-01 -5.870633721351623535e-01 -5.630087107419967651e-02 -6.386266398059829985e-01
-4.234489798545837402e-01 -5.107520222663879395e-01 -7.482131719589233398e-01 -2.107128955982515262e+00
4.104930162429809570e-01 6.280829310417175293e-01 -6.610653996467590332e-01 -2.084221404495522290e+00
0.000000000000000000e+00 0.000000000000000000e+00 0.000000000000000000e+00 1.000000000000000000e+00
7.789902091026306152e-01 -6.262626051902770996e-01 -3.113532066345214844e-02 -5.468344869000046904e-01
-5.045635700225830078e-01 -5.965844392776489258e-01 -6.241018772125244141e-01 -1.675239105047003685e+00
3.722766339778900146e-01 5.018789768218994141e-01 -7.807221412658691406e-01 -2.426332707687182122e+00
0.000000000000000000e+00 0.000000000000000000e+00 0.000000000000000000e+00 1.000000000000000000e+00
7.534427046775817871e-01 -6.570675373077392578e-01 -2.421687729656696320e-02 -5.155852511889948975e-01
-5.673764944076538086e-01 -6.311008930206298828e-01 -5.289567112922668457e-01 -1.340341846400352699e+00
3.322771191596984863e-01 4.122784435749053955e-01 -8.483035564422607422e-01 -2.612362258234373069e+00
0.000000000000000000e+00 0.000000000000000000e+00 0.000000000000000000e+00 1.000000000000000000e+00
6.564248800277709961e-01 -7.540873289108276367e-01 -2.143399417400360107e-02 -4.425794915331726087e-01
-6.764542460441589355e-01 -5.757940411567687988e-01 -4.592059850692749023e-01 -1.056470980267523618e+00
3.339396715164184570e-01 3.159330487251281738e-01 -8.880708217620849609e-01 -2.751315294330296979e+00
0.000000000000000000e+00 0.000000000000000000e+00 0.000000000000000000e+00 1.000000000000000000e+00
5.880490541458129883e-01 -8.087460994720458984e-01 1.129419356584548950e-02 -2.948609711959961910e-01
-7.398937940597534180e-01 -5.435215830802917480e-01 -3.964103460311889648e-01 -8.167120642556574550e-01
3.267341554164886475e-01 2.247522324323654175e-01 -9.180039167404174805e-01 -2.852311917960422161e+00
0.000000000000000000e+00 0.000000000000000000e+00 0.000000000000000000e+00 1.000000000000000000e+00
5.419178605079650879e-01 -8.393040895462036133e-01 4.351627081632614136e-02 -1.597912425716010165e-01
-7.837573885917663574e-01 -5.233882069587707520e-01 -3.343487083911895752e-01 -5.878737605150355927e-01
3.033961653709411621e-01 1.470833569765090942e-01 -9.414442777633666992e-01 -2.913174960365395805e+00
0.000000000000000000e+00 0.000000000000000000e+00 0.000000000000000000e+00 1.000000000000000000e+00
5.064936280250549316e-01 -8.555798530578613281e-01 1.069911718368530273e-01 6.409901659365578597e-02
-8.187471628189086914e-01 -5.161395668983459473e-01 -2.515011131763458252e-01 -3.082928860783411551e-01
2.704017162322998047e-01 3.978493064641952515e-02 -9.619252085685729980e-01 -2.962915126278516720e+00
0.000000000000000000e+00 0.000000000000000000e+00 0.000000000000000000e+00 1.000000000000000000e+00
4.359575808048248291e-01 -8.861856460571289062e-01 1.568937748670578003e-01 2.755614173508816322e-01
-8.613777160644531250e-01 -4.613766670227050781e-01 -2.125083357095718384e-01 -1.565211997849176029e-01
2.607089877128601074e-01 -4.250022768974304199e-02 -9.644814729690551758e-01 -2.967629013973828833e+00
0.000000000000000000e+00 0.000000000000000000e+00 0.000000000000000000e+00 1.000000000000000000e+00
3.609443008899688721e-01 -8.985623717308044434e-01 2.496096640825271606e-01 6.229633923949176033e-01
-8.931232094764709473e-01 -4.100958704948425293e-01 -1.848051846027374268e-01 -4.534707211846606550e-02
2.684228122234344482e-01 -1.562277376651763916e-01 -9.505481719970703125e-01 -2.926315788078686531e+00
0.000000000000000000e+00 0.000000000000000000e+00 0.000000000000000000e+00 1.000000000000000000e+00
2.943968176841735840e-01 -8.901432156562805176e-01 3.478141725063323975e-01 9.666725967264022668e-01
-9.147607088088989258e-01 -3.678257465362548828e-01 -1.670856624841690063e-01 2.211061191476097060e-02
2.766651213169097900e-01 -2.689773738384246826e-01 -9.225546121597290039e-01 -2.848038430941906896e+00
0.000000000000000000e+00 0.000000000000000000e+00 0.000000000000000000e+00 1.000000000000000000e+00
2.732706665992736816e-01 -8.621565699577331543e-01 4.266259372234344482e-01 1.219625251999037596e+00
-9.344034194946289062e-01 -3.432670533657073975e-01 -9.517661482095718384e-02 2.609272824349048725e-01
2.285036593675613403e-01 -3.726317286491394043e-01 -8.994069099426269531e-01 -2.742526044732973567e+00
0.000000000000000000e+00 0.000000000000000000e+00 0.000000000000000000e+00 1.000000000000000000e+00
1.801381856203079224e-01 -7.857449054718017578e-01 5.917395353317260742e-01 1.777904578369724931e+00
-9.616208672523498535e-01 -2.672543525695800781e-01 -6.213773414492607117e-02 3.668389542198560727e-01
2.069694697856903076e-01 -5.578354597091674805e-01 -8.037318587303161621e-01 -2.435825053101847715e+00
0.000000000000000000e+00 0.000000000000000000e+00 0.000000000000000000e+00 1.000000000000000000e+00
1.339839547872543335e-01 -6.840358376502990723e-01 7.170380949974060059e-01 2.186322121805012841e+00
-9.740211367607116699e-01 -2.242021411657333374e-01 -3.187987580895423889e-02 4.660098190291632192e-01
1.825683563947677612e-01 -6.941384673118591309e-01 -6.963049173355102539e-01 -2.101281963796467700e+00
0.000000000000000000e+00 0.000000000000000000e+00 0.000000000000000000e+00 1.000000000000000000e+00
1.110217869281768799e-01 -5.908748507499694824e-01 7.990869879722595215e-01 2.444036126500033657e+00
-9.842733144760131836e-01 -1.765413284301757812e-01 6.209478713572025299e-03 5.837146262307415512e-01
1.374028921127319336e-01 -7.872099280357360840e-01 -6.011826992034912109e-01 -1.791207326379303799e+00
0.000000000000000000e+00 0.000000000000000000e+00 0.000000000000000000e+00 1.000000000000000000e+00
7.658404111862182617e-02 -5.132322907447814941e-01 8.548262715339660645e-01 2.633452567966399371e+00
-9.907801747322082520e-01 -1.352691799402236938e-01 7.549342699348926544e-03 5.959140837003656932e-01
1.117569878697395325e-01 -8.475227952003479004e-01 -5.188599228858947754e-01 -1.527780392228105022e+00
0.000000000000000000e+00 0.000000000000000000e+00 0.000000000000000000e+00 1.000000000000000000e+00
1.547082513570785522e-01 -5.244218111038208008e-01 8.372855186462402344e-01 2.516297157849721966e+00
-9.876267313957214355e-01 -1.041098907589912415e-01 1.172794103622436523e-01 9.260018413468737997e-01
2.566580101847648621e-02 -8.450698256492614746e-01 -5.340399742126464844e-01 -1.511014675109588978e+00
0.000000000000000000e+00 0.000000000000000000e+00 0.000000000000000000e+00 1.000000000000000000e+00
2.600075006484985352e-01 -5.883026719093322754e-01 7.656994462013244629e-01 2.234297373727662794e+00
-9.607954025268554688e-01 -7.856109738349914551e-02 2.658957839012145996e-01 1.348560082077139510e+00
-9.627290070056915283e-02 -8.048160076141357422e-01 -5.856648683547973633e-01 -1.569425988182897136e+00
0.000000000000000000e+00 0.000000000000000000e+00 0.000000000000000000e+00 1.000000000000000000e+00
3.156251013278961182e-01 -6.309676766395568848e-01 7.087036967277526855e-01 2.037529607430131229e+00
-9.308013319969177246e-01 -6.076245009899139404e-02 3.604400455951690674e-01 1.602302202472779324e+00
-1.843634098768234253e-01 -7.734262347221374512e-01 -6.064836978912353516e-01 -1.567644793716278961e+00
0.000000000000000000e+00 0.000000000000000000e+00 0.000000000000000000e+00 1.000000000000000000e+00
3.549690842628479004e-01 -6.558477282524108887e-01 6.662290692329406738e-01 1.884685462016775004e+00
-8.906942009925842285e-01 -2.075911313295364380e-02 4.541292786598205566e-01 1.846321429355092469e+00
-2.840091884136199951e-01 -7.546079158782958984e-01 -5.915285944938659668e-01 -1.454058946979953859e+00
0.000000000000000000e+00 0.000000000000000000e+00 0.000000000000000000e+00 1.000000000000000000e+00
4.130484163761138916e-01 -6.523185372352600098e-01 6.355088949203491211e-01 1.747675735298257482e+00
-8.401547074317932129e-01 -3.626587102189660072e-03 5.423350334167480469e-01 2.062904466705738127e+00
-3.514704406261444092e-01 -7.579360604286193848e-01 -5.495460629463195801e-01 -1.265587738921086558e+00
0.000000000000000000e+00 0.000000000000000000e+00 0.000000000000000000e+00 1.000000000000000000e+00
5.127266645431518555e-01 -6.514935493469238281e-01 5.591663122177124023e-01 1.467269368286575837e+00
-7.345796227455139160e-01 4.237566608935594559e-03 6.785093545913696289e-01 2.363844653243202476e+00
-4.444137811660766602e-01 -7.586425542831420898e-01 -4.764010906219482422e-01 -9.567788395393026502e-01
0.000000000000000000e+00 0.000000000000000000e+00 0.000000000000000000e+00 1.000000000000000000e+00
6.118506193161010742e-01 -6.950289011001586914e-01 3.775881826877593994e-01 8.740503464921195453e-01
-5.789182186126708984e-01 -6.821401417255401611e-02 8.125270009040832520e-01 2.666275745079371262e+00
-5.389736294746398926e-01 -7.157378792762756348e-01 -4.441018104553222656e-01 -7.916752886318647597e-01
0.000000000000000000e+00 0.000000000000000000e+00 0.000000000000000000e+00 1.000000000000000000e+00
6.228806972503662109e-01 -7.379459738731384277e-01 2.597225010395050049e-01 5.585800419484435730e-01
-4.899649918079376221e-01 -1.091692298650741577e-01 8.648794889450073242e-01 2.761801300903200307e+00
-6.098802685737609863e-01 -6.659714579582214355e-01 -4.295668900012969971e-01 -7.045374203220829967e-01
0.000000000000000000e+00 0.000000000000000000e+00 0.000000000000000000e+00 1.000000000000000000e+00
5.753481388092041016e-01 -7.973945140838623047e-01 1.820328235626220703e-01 3.935248840665027670e-01
-3.925831019878387451e-01 -7.398579269647598267e-02 9.167358875274658203e-01 2.853238801572428596e+00
-7.175326347351074219e-01 -5.989054441452026367e-01 -3.556112051010131836e-01 -4.727683894272173282e-01
0.000000000000000000e+00 0.000000000000000000e+00 0.000000000000000000e+00 1.000000000000000000e+00
4.282989799976348877e-01 -9.015744924545288086e-01 6.101723015308380127e-02 1.849046379472354951e-01
-2.265424877405166626e-01 -4.176215827465057373e-02 9.731058478355407715e-01 2.926047574365376214e+00
-8.747790455818176270e-01 -4.306031465530395508e-01 -2.221315503120422363e-01 -7.498008689199936461e-02
0.000000000000000000e+00 0.000000000000000000e+00 0.000000000000000000e+00 1.000000000000000000e+00
2.596212625503540039e-01 -9.610255360603332520e-01 -9.500958025455474854e-02 -2.091387972140734686e-01
-2.394566982984542847e-01 -1.593737602233886719e-01 9.577368497848510742e-01 2.954264122991016706e+00
-9.355517625808715820e-01 -2.258983999490737915e-01 -2.715011537075042725e-01 -2.886547784315368625e-01
0.000000000000000000e+00 0.000000000000000000e+00 0.000000000000000000e+00 1.000000000000000000e+00
2.754277288913726807e-01 -9.605839252471923828e-01 3.765185922384262085e-02 1.898101661626196701e-01
-3.644099831581115723e-01 -6.808322668075561523e-02 9.287464618682861328e-01 2.889726659901691530e+00
-8.895756602287292480e-01 -2.695232331752777100e-01 -3.687987029552459717e-01 -5.675371445579391327e-01
0.000000000000000000e+00 0.000000000000000000e+00 0.000000000000000000e+00 1.000000000000000000e+00
2.665172219276428223e-01 -9.633869528770446777e-01 2.922714501619338989e-02 2.197102953830633032e-01
-4.522259235382080078e-01 -9.821262955665588379e-02 8.864797353744506836e-01 2.803492289033013396e+00
-8.511522412300109863e-01 -2.494792193174362183e-01 -4.618439972400665283e-01 -8.666247370829698315e-01
0.000000000000000000e+00 0.000000000000000000e+00 0.000000000000000000e+00 1.000000000000000000e+00
