-0.4706951081752777 -0.6086884737014771 0.6387050151824951 -0.1729792207479477 
-0.8807166814804077 0.3674389123916626 -0.2988756597042084 0.1358988881111145 
-0.05276283249258995 -0.7031975984573364 -0.7090336680412292 0.2175134271383286 
0 0 0 1 

-0.5026549100875854 -0.6527233123779297 0.5668250322341919 -0.1515605896711349 
-0.8641506433486938 0.3976755738258362 -0.3083794713020325 0.137531653046608 
-0.02412606589496136 -0.644830584526062 -0.7639449238777161 0.2337812185287476 
0 0 0 1 

-0.6075898408889771 -0.6711964011192322 0.4246526062488556 -0.1032939851284027 
-0.7928218245506287 0.4804729521274567 -0.3749389946460724 0.1526861935853958 
0.04762360081076622 -0.5644830465316772 -0.824069619178772 0.2491147518157959 
0 0 0 1 

-0.674498438835144 -0.6760995388031006 0.2965492308139801 -0.05977141484618187 
-0.7328499555587769 0.5645409226417542 -0.3797690570354462 0.152326911687851 
0.08934748917818069 -0.473479688167572 -0.8762615323066711 0.2657612562179565 
0 0 0 1 

-0.7251177430152893 -0.6483312249183655 0.2321008592844009 -0.03771767392754555 
-0.6843166947364807 0.6407747864723206 -0.3480205237865448 0.1417789161205292 
0.07690820842981339 -0.4111863672733307 -0.9083011150360107 0.2780900895595551 
0 0 0 1 

-0.7651868462562561 -0.6298158764839172 0.1334958374500275 -0.003708843374624848 
-0.6350526213645935 0.7042950391769409 -0.3172958493232727 0.1312977373600006 
0.1058174967765808 -0.3275674879550934 -0.9388834834098816 0.2876403331756592 
0 0 0 1 

-0.8047370314598083 -0.5909304618835449 0.05656502768397331 0.02243093959987164 
-0.5877737402915955 0.7798174023628235 -0.2154226452112198 0.09773972630500793 
0.08318940550088882 -0.20660600066185 -0.9748814105987549 0.3003597557544708 
0 0 0 1 

-0.8428559303283691 -0.5380964279174805 0.006767378188669682 0.03941085562109947 
-0.5321624279022217 0.8315605521202087 -0.1590916365385056 0.07910409569740295 
0.07997915893793106 -0.1376926898956299 -0.9872404336929321 0.3046112358570099 
0 0 0 1 

-0.8818106651306152 -0.4693366587162018 -0.04618040844798088 0.05656477808952332 
-0.4653552770614624 0.8818333148956299 -0.07625232636928558 0.053388811647892 
0.0765114352107048 -0.04574983194470406 -0.9960184097290039 0.3077884316444397 
0 0 0 1 

-0.9211002588272095 -0.3861840069293976 -0.04936204105615616 0.05835366249084473 
-0.3836404085159302 0.9219127893447876 -0.05382250249385834 0.04666831344366074 
0.06629288196563721 -0.03063864260911942 -0.9973298311233521 0.3077945411205292 
0 0 0 1 

