-0.2299987524747849 0.7042962312698364 0.6716154217720032 -0.2013987749814987 
-0.8937555551528931 0.1202212497591972 -0.4321432113647461 0.1834343820810318 
-0.385099321603775 -0.6996524333953857 0.6018180251121521 -0.1848854571580887 
0 0 0 1 

-0.2007222175598145 0.6757988333702087 0.7092294692993164 -0.2167467176914215 
-0.929709255695343 0.09678952395915985 -0.3553483784198761 0.1584041863679886 
-0.3087899684906006 -0.7307035326957703 0.6088686585426331 -0.1880084723234177 
0 0 0 1 

-0.1496272534132004 0.6462932229042053 0.7482759952545166 -0.2318327277898788 
-0.9588301777839661 0.08989754319190979 -0.2693756520748138 0.1291734129190445 
-0.2413638532161713 -0.7577754855155945 0.6062341928482056 -0.1855320036411285 
0 0 0 1 

-0.1799084395170212 0.5535994172096252 0.8131178021430969 -0.2543578147888184 
-0.9620088934898376 0.07354725897312164 -0.2629252970218658 0.1293421536684036 
-0.2053578346967697 -0.8295290470123291 0.5193358063697815 -0.150992751121521 
0 0 0 1 

-0.2260815054178238 0.5098552703857422 0.8300207257270813 -0.2590053379535675 
-0.9686676263809204 -0.02774079702794552 -0.2468060255050659 0.126617893576622 
-0.1028097793459892 -0.8598126173019409 0.5001522302627563 -0.1432238966226578 
0 0 0 1 

-0.3817889392375946 0.3742803931236267 0.8450745940208435 -0.2340686321258545 
-0.9177234768867493 -0.2619780302047729 -0.2985813319683075 0.1379355937242508 
0.1096379831433296 -0.8895399570465088 0.4435064792633057 -0.1420202106237411 
0 0 0 1 

-0.2015722095966339 0.4840973019599915 0.8514800667762756 -0.2520636320114136 
-0.955948531627655 -0.2866163551807404 -0.06335136294364929 0.07903621345758438 
0.2133798897266388 -0.826741099357605 0.5205460786819458 -0.175250232219696 
0 0 0 1 

-0.1788229495286942 0.4844832718372345 0.8563281893730164 -0.2567930519580841 
-0.979130744934082 -0.1730548590421677 -0.1065584123134613 0.093317911028862 
0.09656616300344467 -0.8575124740600586 0.5053189396858215 -0.1598260104656219 
0 0 0 1 

-0.110944002866745 0.6022784113883972 0.7905387878417969 -0.2429489642381668 
-0.9934328198432922 -0.08959135413169861 -0.07116229832172394 0.07915075868368149 
0.02796606533229351 -0.7932424545288086 0.6082631945610046 -0.1865250766277313 
0 0 0 1 

-0.06558354943990707 0.6324247121810913 0.7718405723571777 -0.2402990758419037 
-0.9977807998657227 -0.05048028007149696 -0.04341968521475792 0.06863719969987869 
0.01150303799659014 -0.7729752659797668 0.6343318819999695 -0.1943371444940567 
0 0 0 1 

