1.000000000000000000e+00 0.000000000000000000e+00 0.000000000000000000e+00 -4.255350477121360719e-01
0.000000000000000000e+00 -1.000000000000000000e+00 0.000000000000000000e+00 3.076616963927396031e-01
0.000000000000000000e+00 0.000000000000000000e+00 -1.000000000000000000e+00 -5.117628744684824760e+00
0.000000000000000000e+00 0.000000000000000000e+00 0.000000000000000000e+00 1.000000000000000000e+00
9.917151927947998047e-01 -4.974005371332168579e-02 1.184343248605728149e-01 2.388377641271756946e-01
-5.247770622372627258e-02 -9.984192848205566406e-01 2.010811679065227509e-02 3.690725873414866243e-01
1.172469481825828552e-01 -2.615673653781414032e-02 -9.927579164505004883e-01 -5.077240125733594844e+00
0.000000000000000000e+00 0.000000000000000000e+00 0.000000000000000000e+00 1.000000000000000000e+00
9.662622809410095215e-01 -6.453027576208114624e-02 2.493446469306945801e-01 9.450342902737967066e-01
-7.145532965660095215e-02 -9.972663521766662598e-01 1.881207898259162903e-02 3.707232297344056349e-01
2.474490851163864136e-01 -3.599445894360542297e-02 -9.682319760322570801e-01 -4.931975063551532479e+00
0.000000000000000000e+00 0.000000000000000000e+00 0.000000000000000000e+00 1.000000000000000000e+00
9.985655546188354492e-01 -4.445534199476242065e-02 2.984720841050148010e-02 -2.228730071115451461e-01
-4.448928311467170715e-02 -9.990094900131225586e-01 4.743257013615220785e-04 2.775331511167236642e-01
2.979657240211963654e-02 -1.801470643840730190e-03 -9.995546340942382812e-01 -4.947785913646272959e+00
0.000000000000000000e+00 0.000000000000000000e+00 0.000000000000000000e+00 1.000000000000000000e+00
9.930864572525024414e-01 -4.726659134030342102e-02 1.074500679969787598e-01 2.116966447310946464e-01
-4.336655139923095703e-02 -9.983230829238891602e-01 -3.834891691803932190e-02 1.184356660001150696e-01
1.090825051069259644e-01 3.342403098940849304e-02 -9.934705495834350586e-01 -4.916233656754818604e+00
0.000000000000000000e+00 0.000000000000000000e+00 0.000000000000000000e+00 1.000000000000000000e+00
-3.267389535903930664e-01 -7.636832445859909058e-02 9.420242309570312500e-01 5.099967483497795939e+00
-4.366508871316909790e-02 -9.944455623626708984e-01 -9.576322883367538452e-02 -1.214967445586710992e-01
9.441053867340087891e-01 -7.242315262556076050e-02 3.215896487236022949e-01 1.696330988011083063e+00
0.000000000000000000e+00 0.000000000000000000e+00 0.000000000000000000e+00 1.000000000000000000e+00
-3.610232770442962646e-01 -9.560274332761764526e-02 9.276438951492309570e-01 4.959275361695509865e+00
-2.124659158289432526e-02 -9.936298131942749023e-01 -1.106720715761184692e-01 -1.415014986318507140e-01
9.323143362998962402e-01 -5.966447666287422180e-02 3.566924333572387695e-01 1.945304060332321505e+00
0.000000000000000000e+00 0.000000000000000000e+00 0.000000000000000000e+00 1.000000000000000000e+00
-3.495443761348724365e-01 -9.428335726261138916e-02 9.321635961532592773e-01 4.884807543442342137e+00
-2.115465700626373291e-02 -9.938756227493286133e-01 -1.084578633308410645e-01 -7.582165534044008059e-02
9.366805553436279297e-01 -5.763046815991401672e-02 3.454092741012573242e-01 1.958057421219653760e+00
0.000000000000000000e+00 0.000000000000000000e+00 0.000000000000000000e+00 1.000000000000000000e+00
-3.370891213417053223e-01 -8.308953046798706055e-02 9.377988576889038086e-01 4.807035811478481691e+00
-3.359663113951683044e-02 -9.944020509719848633e-01 -1.001807898283004761e-01 -7.257864433522612062e-03
9.408726096153259277e-01 -6.527675688266754150e-02 3.324105739593505859e-01 1.982237577592583788e+00
0.000000000000000000e+00 0.000000000000000000e+00 0.000000000000000000e+00 1.000000000000000000e+00
-3.003450334072113037e-01 -8.005855232477188110e-02 9.504645466804504395e-01 4.787825811150041133e+00
-5.555291473865509033e-02 -9.933117032051086426e-01 -1.012222841382026672e-01 1.070764340352049586e-02
9.522112607955932617e-01 -8.320270478725433350e-02 2.938886284828186035e-01 1.886548284281273080e+00
0.000000000000000000e+00 0.000000000000000000e+00 0.000000000000000000e+00 1.000000000000000000e+00
-2.781802713871002197e-01 -6.556374579668045044e-02 9.582885503768920898e-01 4.740970235467710125e+00
-7.870883494615554810e-02 -9.927563071250915527e-01 -9.077023714780807495e-02 9.547952835873541044e-02
9.572988748550415039e-01 -1.006763875484466553e-01 2.710048556327819824e-01 1.878919243560049468e+00
0.000000000000000000e+00 0.000000000000000000e+00 0.000000000000000000e+00 1.000000000000000000e+00
-2.719338238239288330e-01 -4.805226251482963562e-02 9.611155390739440918e-01 4.690427815888425833e+00
-9.937389194965362549e-02 -9.920108914375305176e-01 -7.771338522434234619e-02 2.107105563533374915e-01
9.571714997291564941e-01 -1.166426911950111389e-01 2.649861574172973633e-01 1.940563067171320766e+00
0.000000000000000000e+00 0.000000000000000000e+00 0.000000000000000000e+00 1.000000000000000000e+00
-2.752324938774108887e-01 -5.566699057817459106e-02 9.597646594047546387e-01 4.658516834760306757e+00
-1.044904217123985291e-01 -9.906758666038513184e-01 -8.742469549179077148e-02 2.093324541039957298e-01
9.556820988655090332e-01 -1.243483126163482666e-01 2.668496966361999512e-01 2.023743638413776136e+00
0.000000000000000000e+00 0.000000000000000000e+00 0.000000000000000000e+00 1.000000000000000000e+00
-2.621752619743347168e-01 -5.466921254992485046e-02 9.634705185890197754e-01 4.668780554208667333e+00
-1.318312734365463257e-01 -9.870048165321350098e-01 -9.187786281108856201e-02 2.334551833495753514e-01
9.559736251831054688e-01 -1.511037051677703857e-01 2.515610158443450928e-01 2.033327408769742828e+00
0.000000000000000000e+00 0.000000000000000000e+00 0.000000000000000000e+00 1.000000000000000000e+00
-2.443855851888656616e-01 -5.225163325667381287e-02 9.682692885398864746e-01 4.687777462816876906e+00
-1.452420651912689209e-01 -9.853096008300781250e-01 -8.982945978641510010e-02 2.777805924682998917e-01
9.587390422821044922e-01 -1.625864803791046143e-01 2.332062870264053345e-01 2.028237810252647488e+00
0.000000000000000000e+00 0.000000000000000000e+00 0.000000000000000000e+00 1.000000000000000000e+00
-2.333467900753021240e-01 -5.373627319931983948e-02 9.709075093269348145e-01 4.688606417385893899e+00
-1.760072410106658936e-01 -9.796456098556518555e-01 -9.652120620012283325e-02 2.687403895276381238e-01
9.563319683074951172e-01 -1.934096068143844604e-01 2.191391736268997192e-01 2.078763761849828473e+00
0.000000000000000000e+00 0.000000000000000000e+00 0.000000000000000000e+00 1.000000000000000000e+00
-2.223042249679565430e-01 -5.607903376221656799e-02 9.733633399009704590e-01 4.694767823605677570e+00
-1.874242126941680908e-01 -9.772661924362182617e-01 -9.910924732685089111e-02 3.004964624988012978e-01
9.567933678627014160e-01 -2.044642716646194458e-01 2.067398130893707275e-01 2.138236589555359224e+00
0.000000000000000000e+00 0.000000000000000000e+00 0.000000000000000000e+00 1.000000000000000000e+00
-1.958255618810653687e-01 -4.570184275507926941e-02 9.795731306076049805e-01 4.714277025343902139e+00
-2.152277380228042603e-01 -9.725545644760131836e-01 -8.840034157037734985e-02 3.662533630498437942e-01
9.567286372184753418e-01 -2.281423658132553101e-01 1.806147843599319458e-01 2.133928525755199868e+00
0.000000000000000000e+00 0.000000000000000000e+00 0.000000000000000000e+00 1.000000000000000000e+00
-1.105661466717720032e-01 -7.379680871963500977e-02 9.911252260208129883e-01 4.863970982664691078e+00
-2.289767861366271973e-01 -9.685210585594177246e-01 -9.765748679637908936e-02 3.219254738133325855e-01
9.671327471733093262e-01 -2.377423197031021118e-01 9.018766134977340698e-02 1.939865261230862892e+00
0.000000000000000000e+00 0.000000000000000000e+00 0.000000000000000000e+00 1.000000000000000000e+00
-7.905233651399612427e-02 -1.205639317631721497e-01 9.895522594451904297e-01 5.043645000609607187e+00
-2.408056855201721191e-01 -9.609521627426147461e-01 -1.363166570663452148e-01 1.350298736983647774e-01
9.673483371734619141e-01 -2.490662038326263428e-01 4.693305119872093201e-02 2.077646121570443150e+00
0.000000000000000000e+00 0.000000000000000000e+00 0.000000000000000000e+00 1.000000000000000000e+00
-6.860571354627609253e-02 -1.295633316040039062e-01 9.891944527626037598e-01 5.155862989307832045e+00
-2.683509290218353271e-01 -9.525909423828125000e-01 -1.433806270360946655e-01 1.318335102954918125e-01
9.608746767044067383e-01 -2.752881348133087158e-01 3.058466687798500061e-02 2.053080058869907187e+00
0.000000000000000000e+00 0.000000000000000000e+00 0.000000000000000000e+00 1.000000000000000000e+00
-1.061544790863990784e-01 -1.712709516286849976e-01 9.794883728027343750e-01 5.018685888842239429e+00
-1.981625407934188843e-01 -9.616509675979614258e-01 -1.896283179521560669e-01 -1.401286294310388481e-01
9.744035005569458008e-01 -2.142278701066970825e-01 6.814403086900711060e-02 2.078485988657721606e+00
0.000000000000000000e+00 0.000000000000000000e+00 0.000000000000000000e+00 1.000000000000000000e+00
-8.900879323482513428e-02 -1.880403310060501099e-01 9.781197309494018555e-01 4.989460577662951479e+00
-1.662064939737319946e-01 -9.654444456100463867e-01 -2.007284164428710938e-01 -2.288183607165607814e-01
9.820654988288879395e-01 -1.804364621639251709e-01 5.467971414327621460e-02 1.933968334771850373e+00
0.000000000000000000e+00 0.000000000000000000e+00 0.000000000000000000e+00 1.000000000000000000e+00
-8.478417247533798218e-02 -2.515216469764709473e-01 9.641316533088684082e-01 4.731396583992313332e+00
-7.420517504215240479e-02 -9.633337259292602539e-01 -2.578390240669250488e-01 -6.265875133162790434e-01
9.936321973800659180e-01 -9.340440481901168823e-02 6.301175802946090698e-02 1.725695384195847559e+00
0.000000000000000000e+00 0.000000000000000000e+00 0.000000000000000000e+00 1.000000000000000000e+00
-9.931171685457229614e-02 -3.160120844841003418e-01 9.435432553291320801e-01 4.438917285457288031e+00
-2.976093254983425140e-02 -9.468630552291870117e-01 -3.202564418315887451e-01 -1.047432649049123476e+00
9.946115016937255859e-01 -5.988593772053718567e-02 8.462979644536972046e-02 1.672931969536243013e+00
0.000000000000000000e+00 0.000000000000000000e+00 0.000000000000000000e+00 1.000000000000000000e+00
-7.130809128284454346e-02 -3.919974267482757568e-01 9.171983003616333008e-01 4.218625684087076166e+00
2.294976729899644852e-03 -9.196013808250427246e-01 -3.928458690643310547e-01 -1.435349260928333814e+00
9.974515438079833984e-01 -2.590821497142314911e-02 6.647460907697677612e-02 1.510422350769320854e+00
0.000000000000000000e+00 0.000000000000000000e+00 0.000000000000000000e+00 1.000000000000000000e+00
4.131861776113510132e-02 -4.402653872966766357e-01 8.969163298606872559e-01 4.114131377404814494e+00
5.965512990951538086e-02 -8.949946165084838867e-01 -4.420700967311859131e-01 -1.671145864267833625e+00
9.973635077476501465e-01 7.177134603261947632e-02 -1.071583759039640427e-02 1.079596129811085214e+00
0.000000000000000000e+00 0.000000000000000000e+00 0.000000000000000000e+00 1.000000000000000000e+00
2.838861048221588135e-01 -4.673686921596527100e-01 8.372423648834228516e-01 3.888397405563531084e+00
1.177090331912040710e-01 -8.495754003524780273e-01 -5.141651034355163574e-01 -2.033050603981589877e+00
9.516057372093200684e-01 2.445154339075088501e-01 -1.861692219972610474e-01 2.039196386592806165e-01
0.000000000000000000e+00 0.000000000000000000e+00 0.000000000000000000e+00 1.000000000000000000e+00
3.758901357650756836e-01 -4.841013848781585693e-01 7.901600599288940430e-01 3.671618444616937538e+00
1.408954560756683350e-01 -8.129217028617858887e-01 -5.650724768638610840e-01 -2.291240389226367746e+00
9.158903956413269043e-01 3.237349987030029297e-01 -2.373615652322769165e-01 -7.899977615421124866e-02
0.000000000000000000e+00 0.000000000000000000e+00 0.000000000000000000e+00 1.000000000000000000e+00
4.168812632560729980e-01 -5.204194188117980957e-01 7.452338337898254395e-01 3.414927444153001090e+00
1.659968644380569458e-01 -7.624979615211486816e-01 -6.253335475921630859e-01 -2.556223514702971933e+00
8.936749696731567383e-01 3.843962848186492920e-01 -2.314830124378204346e-01 -9.763311499563141760e-02
0.000000000000000000e+00 0.000000000000000000e+00 0.000000000000000000e+00 1.000000000000000000e+00
4.216783940792083740e-01 -5.424780845642089844e-01 7.265704870223999023e-01 3.244169548855879714e+00
1.626546233892440796e-01 -7.430431246757507324e-01 -6.491765379905700684e-01 -2.666077653536365499e+00
8.920372724533081055e-01 3.919237554073333740e-01 -2.250886112451553345e-01 -9.975819152055175054e-02
0.000000000000000000e+00 0.000000000000000000e+00 0.000000000000000000e+00 1.000000000000000000e+00
4.376035630702972412e-01 -5.543941855430603027e-01 7.079195976257324219e-01 3.084321989316459067e+00
1.731107532978057861e-01 -7.206319570541381836e-01 -6.713584065437316895e-01 -2.757764036739988711e+00
8.823468685150146484e-01 4.163374602794647217e-01 -2.193794846534729004e-01 -1.200531379756552969e-01
0.000000000000000000e+00 0.000000000000000000e+00 0.000000000000000000e+00 1.000000000000000000e+00
4.555450975894927979e-01 -5.808975100517272949e-01 6.745639443397521973e-01 2.872950677191923319e+00
1.767869293689727783e-01 -6.836310625076293945e-01 -7.080925703048706055e-01 -2.894614555295432989e+00
8.724820613861083984e-01 4.418222308158874512e-01 -2.087294906377792358e-01 -1.276326879464459718e-01
0.000000000000000000e+00 0.000000000000000000e+00 0.000000000000000000e+00 1.000000000000000000e+00
4.358959496021270752e-01 -6.415755748748779297e-01 6.311697363853454590e-01 2.558204285939894795e+00
1.424963623285293579e-01 -6.432574987411499023e-01 -7.522727251052856445e-01 -3.041964106874836649e+00
8.886446356773376465e-01 4.178522527217864990e-01 -1.889712661504745483e-01 -1.584136902091904109e-01
0.000000000000000000e+00 0.000000000000000000e+00 0.000000000000000000e+00 1.000000000000000000e+00
3.718717992305755615e-01 -6.895496845245361328e-01 6.214758753776550293e-01 2.454539529054918123e+00
1.382721960544586182e-01 -6.208740472793579102e-01 -7.716190218925476074e-01 -3.092771403033737876e+00
9.179279804229736328e-01 3.728762567043304443e-01 -1.355400234460830688e-01 -1.164572160054010673e-02
0.000000000000000000e+00 0.000000000000000000e+00 0.000000000000000000e+00 1.000000000000000000e+00
3.337885141372680664e-01 -7.569229006767272949e-01 5.618301033973693848e-01 2.151878850982050118e+00
1.169605925679206848e-01 -5.581516623497009277e-01 -8.214542865753173828e-01 -3.235793049870689053e+00
9.353636503219604492e-01 3.399039804935455322e-01 -9.777448326349258423e-02 -6.526598831268136565e-03
0.000000000000000000e+00 0.000000000000000000e+00 0.000000000000000000e+00 1.000000000000000000e+00
3.703174889087677002e-01 -7.766992449760437012e-01 5.095133185386657715e-01 1.909166786410907424e+00
9.547812491655349731e-02 -5.137774348258972168e-01 -8.525939583778381348e-01 -3.291845100715419914e+00
9.239857792854309082e-01 3.643777966499328613e-01 -1.161030381917953491e-01 -1.887805252021496905e-01
0.000000000000000000e+00 0.000000000000000000e+00 0.000000000000000000e+00 1.000000000000000000e+00
5.012115836143493652e-01 -7.532473802566528320e-01 4.259169697761535645e-01 1.528958579022094311e+00
2.687636017799377441e-02 -4.784162044525146484e-01 -8.777216672897338867e-01 -3.284978348997107389e+00
8.649073243141174316e-01 4.513714015483856201e-01 -2.195432186126708984e-01 -6.427679461406613504e-01
0.000000000000000000e+00 0.000000000000000000e+00 0.000000000000000000e+00 1.000000000000000000e+00
5.882292985916137695e-01 -7.314770221710205078e-01 3.448582887649536133e-01 1.264521972300960639e+00
-3.333871811628341675e-02 -4.480104744434356689e-01 -8.934065103530883789e-01 -3.236938665878708044e+00
8.080065250396728516e-01 5.140309333801269531e-01 -2.879194319248199463e-01 -8.932388607979820927e-01
0.000000000000000000e+00 0.000000000000000000e+00 0.000000000000000000e+00 1.000000000000000000e+00
5.935798883438110352e-01 -7.707273364067077637e-01 2.316070199012756348e-01 9.248488100175022986e-01
-1.132754907011985779e-01 -3.649403452873229980e-01 -9.241142272949218750e-01 -3.380635499981902825e+00
7.967631220817565918e-01 5.223003029823303223e-01 -3.039257228374481201e-01 -8.935099872744209915e-01
0.000000000000000000e+00 0.000000000000000000e+00 0.000000000000000000e+00 1.000000000000000000e+00
5.687614083290100098e-01 -8.154531717300415039e-01 1.074543818831443787e-01 4.791613760650424436e-01
-1.850308477878570557e-01 -2.541469335556030273e-01 -9.493011236190795898e-01 -3.599274747677922548e+00
8.014202713966369629e-01 5.200438499450683594e-01 -2.954330742359161377e-01 -8.065622659210790468e-01
0.000000000000000000e+00 0.000000000000000000e+00 0.000000000000000000e+00 1.000000000000000000e+00
5.844805836677551270e-01 -8.113683462142944336e-01 -8.027984760701656342e-03 -8.505176375239485026e-03
-2.060869634151458740e-01 -1.388737410306930542e-01 -9.686286449432373047e-01 -3.786708558153775606e+00
7.847998738288879395e-01 5.677987933158874512e-01 -2.483813762664794922e-01 -6.284929833888505124e-01
0.000000000000000000e+00 0.000000000000000000e+00 0.000000000000000000e+00 1.000000000000000000e+00
5.949742197990417480e-01 -7.932726740837097168e-01 -1.293253004550933838e-01 -5.749455771722636888e-01
-2.505233883857727051e-01 -3.014659509062767029e-02 -9.676408171653747559e-01 -3.865113216176794264e+00
7.637041211128234863e-01 6.081203222274780273e-01 -2.166697978973388672e-01 -5.200792473636001167e-01
0.000000000000000000e+00 0.000000000000000000e+00 0.000000000000000000e+00 1.000000000000000000e+00
6.129386425018310547e-01 -7.585893869400024414e-01 -2.210181206464767456e-01 -1.082306645751790475e+00
-2.327244579792022705e-01 9.398711472749710083e-02 -9.679901599884033203e-01 -3.959472372716757338e+00
7.550800442695617676e-01 6.447550058364868164e-01 -1.189340278506278992e-01 -1.805586991281447617e-01
0.000000000000000000e+00 0.000000000000000000e+00 0.000000000000000000e+00 1.000000000000000000e+00
5.807734727859497070e-01 -8.088923096656799316e-01 -9.162769466638565063e-02 -4.092664670786873571e-01
-3.110776543617248535e-01 -1.165060773491859436e-01 -9.432162642478942871e-01 -3.622842215752833273e+00
7.522852420806884766e-01 5.762979984283447266e-01 -3.192918598651885986e-01 -1.108819131215921461e+00
0.000000000000000000e+00 0.000000000000000000e+00 0.000000000000000000e+00 1.000000000000000000e+00
5.612039566040039062e-01 -8.276525139808654785e-01 -6.456351839005947113e-03 -1.780915224310266817e-02
-3.837975561618804932e-01 -2.533133924007415771e-01 -8.879932165145874023e-01 -3.266934400847247844e+00
7.333140969276428223e-01 5.008232593536376953e-01 -4.598114192485809326e-01 -1.631634408952465698e+00
0.000000000000000000e+00 0.000000000000000000e+00 0.000000000000000000e+00 1.000000000000000000e+00
5.453532338142395020e-01 -8.299835920333862305e-01 1.171195805072784424e-01 4.904512194464600849e-01
-4.513115882873535156e-01 -4.084953069686889648e-01 -7.933782339096069336e-01 -2.721121586103170120e+00
7.063338756561279297e-01 3.798140287399291992e-01 -5.973556041717529297e-01 -2.098441087507901592e+00
0.000000000000000000e+00 0.000000000000000000e+00 0.000000000000000000e+00 1.000000000000000000e+00
5.493705868721008301e-01 -8.125279545783996582e-01 1.949111372232437134e-01 7.833126545300559407e-01
-5.165983438491821289e-01 -5.136210322380065918e-01 -6.850690841674804688e-01 -2.164375023289484723e+00
6.567482352256774902e-01 2.756659388542175293e-01 -7.019187808036804199e-01 -2.399473419446753297e+00
0.000000000000000000e+00 0.000000000000000000e+00 0.000000000000000000e+00 1.000000000000000000e+00
5.739717483520507812e-01 -7.863153815269470215e-01 2.286141812801361084e-01 8.832746947642436952e-01
-5.644262433052062988e-01 -5.821589827537536621e-01 -5.852470993995666504e-01 -1.717743309290927556e+00
5.932786464691162109e-01 2.068793922662734985e-01 -7.779597640037536621e-01 -2.607311456567685148e+00
0.000000000000000000e+00 0.000000000000000000e+00 0.000000000000000000e+00 1.000000000000000000e+00
5.754469037055969238e-01 -7.922558784484863281e-01 2.029571533203125000e-01 7.377381092868965373e-01
-6.623490452766418457e-01 -5.970348715782165527e-01 -4.525957107543945312e-01 -1.230459290218061996e+00
4.797441065311431885e-01 1.260162293910980225e-01 -8.683118820190429688e-01 -2.862235025892128082e+00
0.000000000000000000e+00 0.000000000000000000e+00 0.000000000000000000e+00 1.000000000000000000e+00
5.671293735504150391e-01 -7.926407456398010254e-01 2.237961441278457642e-01 7.493670839744636103e-01
-7.129440307617187500e-01 -6.084983944892883301e-01 -3.484832346439361572e-01 -8.321552506152923856e-01
4.124016761779785156e-01 3.808091953396797180e-02 -9.102060198783874512e-01 -2.953284514848134368e+00
0.000000000000000000e+00 0.000000000000000000e+00 0.000000000000000000e+00 1.000000000000000000e+00
5.709964632987976074e-01 -7.775400876998901367e-01 2.634272277355194092e-01 8.252438075398836892e-01
-7.487082481384277344e-01 -6.248335838317871094e-01 -2.214017957448959351e-01 -3.352761766505307217e-01
3.367469906806945801e-01 -7.081064581871032715e-02 -9.389289021492004395e-01 -2.988299809807473562e+00
0.000000000000000000e+00 0.000000000000000000e+00 0.000000000000000000e+00 1.000000000000000000e+00
5.594940185546875000e-01 -7.829928994178771973e-01 2.718245983123779297e-01 8.323485513610051623e-01
-7.792735099792480469e-01 -6.086511015892028809e-01 -1.492525935173034668e-01 -7.759340808517675714e-02
2.823100388050079346e-01 -1.283198148012161255e-01 -9.507023692131042480e-01 -3.000766865897512847e+00
0.000000000000000000e+00 0.000000000000000000e+00 0.000000000000000000e+00 1.000000000000000000e+00
5.402539372444152832e-01 -7.938329577445983887e-01 2.792037725448608398e-01 8.128947058517788093e-01
-8.242461085319519043e-01 -5.660462379455566406e-01 -1.448381692171096802e-02 3.957125989387707543e-01
1.695400178432464600e-01 -2.223077565431594849e-01 -9.601225256919860840e-01 -3.002129938633067319e+00
0.000000000000000000e+00 0.000000000000000000e+00 0.000000000000000000e+00 1.000000000000000000e+00
5.286313891410827637e-01 -8.004801869392395020e-01 2.824535369873046875e-01 7.886644510995580726e-01
-8.475371003150939941e-01 -5.162454247474670410e-01 1.231723651289939880e-01 8.796603387638284310e-01
4.721827805042266846e-02 -3.045027554035186768e-01 -9.513405561447143555e-01 -2.942621794050254369e+00
0.000000000000000000e+00 0.000000000000000000e+00 0.000000000000000000e+00 1.000000000000000000e+00
5.410411953926086426e-01 -7.830760478973388672e-01 3.067018985748291016e-01 8.250379577635900130e-01
-8.398530483245849609e-01 -4.840877354145050049e-01 2.455725371837615967e-01 1.290931029383584283e+00
-4.383135959506034851e-02 -3.904494047164916992e-01 -9.195803999900817871e-01 -2.789672930146238627e+00
0.000000000000000000e+00 0.000000000000000000e+00 0.000000000000000000e+00 1.000000000000000000e+00
5.100263357162475586e-01 -7.991167902946472168e-01 3.182536661624908447e-01 8.462050686398489008e-01
-8.418512344360351562e-01 -3.878172934055328369e-01 3.753453791141510010e-01 1.734691560622867890e+00
-1.765205413103103638e-01 -4.593582749366760254e-01 -8.705345988273620605e-01 -2.544294838159135708e+00
0.000000000000000000e+00 0.000000000000000000e+00 0.000000000000000000e+00 1.000000000000000000e+00
4.968278110027313232e-01 -8.026462793350219727e-01 3.300319015979766846e-01 8.886738119811155023e-01
-8.217970728874206543e-01 -3.128839135169982910e-01 4.761859476566314697e-01 2.080387044120632911e+00
-2.789473235607147217e-01 -5.078015923500061035e-01 -8.150618672370910645e-01 -2.296797931944523974e+00
0.000000000000000000e+00 0.000000000000000000e+00 0.000000000000000000e+00 1.000000000000000000e+00
4.737433791160583496e-01 -8.126223087310791016e-01 3.394291996955871582e-01 9.694575973945319669e-01
-8.043881654739379883e-01 -2.423790991306304932e-01 5.424132347106933594e-01 2.299353072136224529e+00
-3.585065305233001709e-01 -5.299973487854003906e-01 -7.684892416000366211e-01 -2.087289089073067316e+00
0.000000000000000000e+00 0.000000000000000000e+00 0.000000000000000000e+00 1.000000000000000000e+00
4.393298625946044922e-01 -8.321750164031982422e-01 3.383400142192840576e-01 1.040518428241793858e+00
-7.864438295364379883e-01 -1.742644608020782471e-01 5.925688147544860840e-01 2.443347718783242417e+00
-4.341603815555572510e-01 -5.264186263084411621e-01 -7.310187220573425293e-01 -1.875167789329842405e+00
0.000000000000000000e+00 0.000000000000000000e+00 0.000000000000000000e+00 1.000000000000000000e+00
4.075713455677032471e-01 -8.493484854698181152e-01 3.353992402553558350e-01 1.121000432922928169e+00
-7.772294878959655762e-01 -1.298401504755020142e-01 6.156750321388244629e-01 2.477528900528568556e+00
-4.793743789196014404e-01 -5.116136670112609863e-01 -7.130579352378845215e-01 -1.722361383391493028e+00
0.000000000000000000e+00 0.000000000000000000e+00 0.000000000000000000e+00 1.000000000000000000e+00
2.901388704776763916e-01 -9.219229817390441895e-01 2.566662728786468506e-01 1.002057753653210703e+00
-7.700178623199462891e-01 -6.564810127019882202e-02 6.346359848976135254e-01 2.465423346407114469e+00
-5.682357549667358398e-01 -3.817702233791351318e-01 -7.289441823959350586e-01 -1.689608055058309244e+00
0.000000000000000000e+00 0.000000000000000000e+00 0.000000000000000000e+00 1.000000000000000000e+00
1.021180301904678345e-01 -9.725574851036071777e-01 2.090550065040588379e-01 1.004607909966177548e+00
-7.842190861701965332e-01 5.058880895376205444e-02 6.184182763099670410e-01 2.244267076771758074e+00
-6.120231151580810547e-01 -2.270966321229934692e-01 -7.575320601463317871e-01 -1.755806069358889276e+00
0.000000000000000000e+00 0.000000000000000000e+00 0.000000000000000000e+00 1.000000000000000000e+00
-6.922410428524017334e-02 -9.790077805519104004e-01 1.917072683572769165e-01 9.754744623497078049e-01
-7.903251647949218750e-01 1.710854023694992065e-01 5.883159637451171875e-01 2.020640014592607780e+00
-6.087643504142761230e-01 -1.107854545116424561e-01 -7.855780124664306641e-01 -1.856813330433091824e+00
0.000000000000000000e+00 0.000000000000000000e+00 0.000000000000000000e+00 1.000000000000000000e+00
-1.744580119848251343e-01 -9.580177068710327148e-01 2.275225073099136353e-01 1.064938263197627633e+00
-7.533953189849853516e-01 2.786487936973571777e-01 5.956095457077026367e-01 2.073971078611225760e+00
-6.340032815933227539e-01 -6.750558316707611084e-02 -7.703782916069030762e-01 -1.777086075196797399e+00
0.000000000000000000e+00 0.000000000000000000e+00 0.000000000000000000e+00 1.000000000000000000e+00
-2.208210825920104980e-01 -9.558988809585571289e-01 1.936372071504592896e-01 1.047198675102548604e+00
-7.099337577819824219e-01 2.936702966690063477e-01 6.401184797286987305e-01 2.269924788117275050e+00
-6.687540411949157715e-01 3.882105462253093719e-03 -7.434736490249633789e-01 -1.646332182184548465e+00
0.000000000000000000e+00 0.000000000000000000e+00 0.000000000000000000e+00 1.000000000000000000e+00
-3.334741592407226562e-01 -9.309640526771545410e-01 1.486625969409942627e-01 1.064475076399789000e+00
-6.918364167213439941e-01 3.487769067287445068e-01 6.322315931320190430e-01 2.200775334445844944e+00
-6.404351592063903809e-01 1.079828292131423950e-01 -7.603831291198730469e-01 -1.602565841217295173e+00
0.000000000000000000e+00 0.000000000000000000e+00 0.000000000000000000e+00 1.000000000000000000e+00
2.495796084403991699e-01 -9.091274142265319824e-01 3.334626555442810059e-01 9.874682127613385596e-01
-7.344210743904113770e-01 4.673214256763458252e-02 6.770833730697631836e-01 2.456272108593143599e+00
-6.311384439468383789e-01 -4.138882160186767578e-01 -6.560189127922058105e-01 -1.359116586435242358e+00
0.000000000000000000e+00 0.000000000000000000e+00 0.000000000000000000e+00 1.000000000000000000e+00
5.438910126686096191e-01 -7.654875516891479492e-01 3.438183963298797607e-01 8.277553732200899628e-01
-7.659736871719360352e-01 -2.855348587036132812e-01 5.759808421134948730e-01 2.329050994560940779e+00
-3.427341580390930176e-01 -5.766268968582153320e-01 -7.416433691978454590e-01 -2.126893593984862996e+00
0.000000000000000000e+00 0.000000000000000000e+00 0.000000000000000000e+00 1.000000000000000000e+00
6.045110225677490234e-01 -7.190335988998413086e-01 3.428659141063690186e-01 7.971597473613102336e-01
-7.656455039978027344e-01 -4.056381583213806152e-01 4.992438554763793945e-01 2.098600632327100701e+00
-2.198935151100158691e-01 -5.643122792243957520e-01 -7.957376241683959961e-01 -2.511675336981721074e+00
0.000000000000000000e+00 0.000000000000000000e+00 0.000000000000000000e+00 1.000000000000000000e+00
6.136870980262756348e-01 -7.188428640365600586e-01 3.265777826309204102e-01 7.427996328706466533e-01
-7.675533294677734375e-01 -4.462116658687591553e-01 4.601706266403198242e-01 1.982676752427319666e+00
-1.850676238536834717e-01 -5.330664515495300293e-01 -8.255845904350280762e-01 -2.708524865032315709e+00
0.000000000000000000e+00 0.000000000000000000e+00 0.000000000000000000e+00 1.000000000000000000e+00
6.372855305671691895e-01 -7.191296815872192383e-01 2.769829630851745605e-01 5.441852034007006456e-01
-7.577527165412902832e-01 -5.193365216255187988e-01 3.950950801372528076e-01 1.747090165461994804e+00
-1.402773708105087280e-01 -4.616729617118835449e-01 -8.758883476257324219e-01 -2.981076317946726562e+00
0.000000000000000000e+00 0.000000000000000000e+00 0.000000000000000000e+00 1.000000000000000000e+00
6.524247527122497559e-01 -7.317821383476257324e-01 1.970704197883605957e-01 2.359810156534205561e-01
-7.411714196205139160e-01 -5.618520975112915039e-01 3.674058914184570312e-01 1.657521703643477284e+00
-1.581367403268814087e-01 -3.857674598693847656e-01 -9.089424014091491699e-01 -3.159175163482972337e+00
0.000000000000000000e+00 0.000000000000000000e+00 0.000000000000000000e+00 1.000000000000000000e+00
6.637956500053405762e-01 -7.381915450096130371e-01 1.201996207237243652e-01 -7.460243589073581316e-02
-7.282055616378784180e-01 -6.012519598007202148e-01 3.289568424224853516e-01 1.518024800204943459e+00
-1.705630719661712646e-01 -3.058900237083435059e-01 -9.366639256477355957e-01 -3.312734533181354912e+00
0.000000000000000000e+00 0.000000000000000000e+00 0.000000000000000000e+00 1.000000000000000000e+00
6.798797845840454102e-01 -7.297201156616210938e-01 7.260270416736602783e-02 -2.883901577762973956e-01
-7.172484397888183594e-01 -6.410937309265136719e-01 2.730439603328704834e-01 1.298301046603167919e+00
-1.527007669210433960e-01 -2.377112954854965210e-01 -9.592579603195190430e-01 -3.455283171954032007e+00
0.000000000000000000e+00 0.000000000000000000e+00 0.000000000000000000e+00 1.000000000000000000e+00
7.205206155776977539e-01 -6.934114098548889160e-01 -5.493472330272197723e-03 -6.698556174750022185e-01
-6.778575181961059570e-01 -7.059839367866516113e-01 2.051725983619689941e-01 1.025226586449904165e+00
-1.461474895477294922e-01 -1.441072523593902588e-01 -9.787104129791259766e-01 -3.587984552657086823e+00
0.000000000000000000e+00 0.000000000000000000e+00 0.000000000000000000e+00 1.000000000000000000e+00
7.579032182693481445e-01 -6.509071588516235352e-01 -4.360749572515487671e-02 -8.760869350890171381e-01
-6.399037241935729980e-01 -7.547655701637268066e-01 1.444029808044433594e-01 7.661576490521073701e-01
-1.269064396619796753e-01 -8.153884857892990112e-02 -9.885575771331787109e-01 -3.671942690428019240e+00
0.000000000000000000e+00 0.000000000000000000e+00 0.000000000000000000e+00 1.000000000000000000e+00
7.838891148567199707e-01 -6.110576391220092773e-01 -1.101191565394401550e-01 -1.204512465595786841e+00
-6.082895994186401367e-01 -7.913566231727600098e-01 6.114128604531288147e-02 3.970764901131948466e-01
-1.245044544339179993e-01 1.905648596584796906e-02 -9.920359253883361816e-01 -3.721134338655971430e+00
0.000000000000000000e+00 0.000000000000000000e+00 0.000000000000000000e+00 1.000000000000000000e+00
8.057672977447509766e-01 -5.715382099151611328e-01 -1.551871001720428467e-01 -1.443415565270159906e+00
-5.809500217437744141e-01 -8.137025237083435059e-01 -1.964380405843257904e-02 4.136538885000663746e-02
-1.150488927960395813e-01 1.059842258691787720e-01 -9.876896739006042480e-01 -3.751485028082139461e+00
0.000000000000000000e+00 0.000000000000000000e+00 0.000000000000000000e+00 1.000000000000000000e+00
8.371604084968566895e-01 -5.177872776985168457e-01 -1.762343496084213257e-01 -1.589351449711161157e+00
-5.394835472106933594e-01 -8.347673416137695312e-01 -1.100925281643867493e-01 -3.791124321381900697e-01
-9.011018276214599609e-02 1.872406750917434692e-01 -9.781724214553833008e-01 -3.761584067709464740e+00
0.000000000000000000e+00 0.000000000000000000e+00 0.000000000000000000e+00 1.000000000000000000e+00
8.505195975303649902e-01 -4.980466365814208984e-01 -1.690146327018737793e-01 -1.611394042166114815e+00
-5.246479511260986328e-01 -8.259657025337219238e-01 -2.062169462442398071e-01 -8.218855292818882941e-01
-3.689454123377799988e-02 2.640647590160369873e-01 -9.637987613677978516e-01 -3.752345728158826166e+00
0.000000000000000000e+00 0.000000000000000000e+00 0.000000000000000000e+00 1.000000000000000000e+00
8.590414524078369141e-01 -4.969430863857269287e-01 -1.228619515895843506e-01 -1.468146406996442277e+00
-5.103487372398376465e-01 -8.126891851425170898e-01 -2.812127768993377686e-01 -1.191820146353550269e+00
3.989828005433082581e-02 3.042757213115692139e-01 -9.517480731010437012e-01 -3.769855756551570902e+00
0.000000000000000000e+00 0.000000000000000000e+00 0.000000000000000000e+00 1.000000000000000000e+00
8.595332503318786621e-01 -5.047912001609802246e-01 -7.992040365934371948e-02 -1.329064873684820069e+00
-4.961448311805725098e-01 -7.866253852844238281e-01 -3.675054907798767090e-01 -1.594652583420647085e+00
1.226462274789810181e-01 3.555355668067932129e-01 -9.265811443328857422e-01 -3.733475801581293663e+00
0.000000000000000000e+00 0.000000000000000000e+00 0.000000000000000000e+00 1.000000000000000000e+00
8.708299994468688965e-01 -4.905821681022644043e-01 -3.136629611253738403e-02 -1.167226573200394357e+00
-4.505039453506469727e-01 -7.708972692489624023e-01 -4.502920806407928467e-01 -2.011372192022431005e+00
1.967253834009170532e-01 4.062588214874267578e-01 -8.923298716545104980e-01 -3.677805688875710022e+00
0.000000000000000000e+00 0.000000000000000000e+00 0.000000000000000000e+00 1.000000000000000000e+00
8.868329524993896484e-01 -4.616652727127075195e-01 1.980974897742271423e-02 -9.793502105066873575e-01
-3.778128325939178467e-01 -7.491063475608825684e-01 -5.441474914550781250e-01 -2.506746950543687014e+00
2.660537660121917725e-01 4.750838577747344971e-01 -8.387555480003356934e-01 -3.598670090538603983e+00
0.000000000000000000e+00 0.000000000000000000e+00 0.000000000000000000e+00 1.000000000000000000e+00
9.180478453636169434e-01 -3.946763873100280762e-01 3.765881806612014771e-02 -9.109911207715136738e-01
-2.901851832866668701e-01 -7.336254715919494629e-01 -6.144800186157226562e-01 -2.855001518778450986e+00
2.701483368873596191e-01 5.531942248344421387e-01 -7.880327105522155762e-01 -3.518634507059070771e+00
0.000000000000000000e+00 0.000000000000000000e+00 0.000000000000000000e+00 1.000000000000000000e+00
9.355897307395935059e-01 -3.372101485729217529e-01 1.046938598155975342e-01 -6.193902799565271788e-01
-1.835650652647018433e-01 -7.178137302398681641e-01 -6.716006994247436523e-01 -3.175739279374808710e+00
3.016212582588195801e-01 6.091244220733642578e-01 -7.334792017936706543e-01 -3.421905548371587447e+00
0.000000000000000000e+00 0.000000000000000000e+00 0.000000000000000000e+00 1.000000000000000000e+00
9.126327037811279297e-01 -3.614441454410552979e-01 1.909435242414474487e-01 -2.017372449241098542e-01
-1.198806017637252808e-01 -6.832172870635986328e-01 -7.203072309494018555e-01 -3.411098092322605080e+00
3.908069133758544922e-01 6.344856619834899902e-01 -6.668567061424255371e-01 -3.278568033733325837e+00
0.000000000000000000e+00 0.000000000000000000e+00 0.000000000000000000e+00 1.000000000000000000e+00
8.621177077293395996e-01 -4.187078475952148438e-01 2.853710055351257324e-01 3.019922770846640847e-01
-6.915569305419921875e-02 -6.551442742347717285e-01 -7.523318529129028320e-01 -3.587647558675161719e+00
5.019664764404296875e-01 6.288635730743408203e-01 -5.937677621841430664e-01 -3.053625715489548309e+00
0.000000000000000000e+00 0.000000000000000000e+00 0.000000000000000000e+00 1.000000000000000000e+00
9.403355121612548828e-01 -2.538413405418395996e-01 2.265681028366088867e-01 -1.000375194631325237e-01
-2.152057178318500519e-02 -7.089303135871887207e-01 -7.049499154090881348e-01 -3.322327732407838852e+00
3.395665884017944336e-01 6.580138802528381348e-01 -6.720955967903137207e-01 -3.159172782569896754e+00
0.000000000000000000e+00 0.000000000000000000e+00 0.000000000000000000e+00 1.000000000000000000e+00
9.194489717483520508e-01 -2.701535522937774658e-01 2.857114374637603760e-01 1.332030496842462053e-01
-5.358468275517225266e-03 -7.351542711257934570e-01 -6.778782606124877930e-01 -3.143110254545092630e+00
3.931731283664703369e-01 6.217434406280517578e-01 -6.773843169212341309e-01 -3.236765152415424840e+00
0.000000000000000000e+00 0.000000000000000000e+00 0.000000000000000000e+00 1.000000000000000000e+00
8.964973688125610352e-01 -3.366786539554595947e-01 2.879934906959533691e-01 1.255082362393200035e-01
-3.950814530253410339e-02 -7.081865668296813965e-01 -7.049191594123840332e-01 -3.254649683016884953e+00
4.412841498851776123e-01 6.205796599388122559e-01 -6.481888294219970703e-01 -3.125854681814332459e+00
0.000000000000000000e+00 0.000000000000000000e+00 0.000000000000000000e+00 1.000000000000000000e+00
8.170544505119323730e-01 -4.235901832580566406e-01 3.911435604095458984e-01 6.667561461852508087e-01
3.475501760840415955e-02 -6.409902572631835938e-01 -7.667614817619323730e-01 -3.627371902878409493e+00
5.755119919776916504e-01 6.400801539421081543e-01 -5.090020298957824707e-01 -2.569023199767631382e+00
0.000000000000000000e+00 0.000000000000000000e+00 0.000000000000000000e+00 1.000000000000000000e+00
6.950417160987854004e-01 -5.391692519187927246e-01 4.756189286708831787e-01 1.206181367967401163e+00
8.010056614875793457e-02 -5.993407964706420898e-01 -7.964764833450317383e-01 -3.805038414282082559e+00
7.144935131072998047e-01 5.916816592216491699e-01 -3.733790516853332520e-01 -2.037294279501079330e+00
0.000000000000000000e+00 0.000000000000000000e+00 0.000000000000000000e+00 1.000000000000000000e+00
5.842034220695495605e-01 -6.102367639541625977e-01 5.350863337516784668e-01 1.622787188765132615e+00
1.330164819955825806e-01 -5.783867239952087402e-01 -8.048449754714965820e-01 -3.885537878992435079e+00
8.006327748298645020e-01 5.413682460784912109e-01 -2.567239701747894287e-01 -1.500543219921229410e+00
0.000000000000000000e+00 0.000000000000000000e+00 0.000000000000000000e+00 1.000000000000000000e+00
4.317146539688110352e-01 -6.654768586158752441e-01 6.089029908180236816e-01 2.140823477936184105e+00
2.578463256359100342e-01 -5.558351278305053711e-01 -7.902923822402954102e-01 -3.892056818992344791e+00
8.643712997436523438e-01 4.981843531131744385e-01 -6.837151199579238892e-02 -6.012580659380775128e-01
0.000000000000000000e+00 0.000000000000000000e+00 0.000000000000000000e+00 1.000000000000000000e+00
3.736801147460937500e-01 -6.702620387077331543e-01 6.411802768707275391e-01 2.357289150403965472e+00
3.348983824253082275e-01 -5.471341609954833984e-01 -7.671290636062622070e-01 -3.833550245176501114e+00
8.649889826774597168e-01 5.013910531997680664e-01 2.001640014350414276e-02 -1.421681870717466656e-01
0.000000000000000000e+00 0.000000000000000000e+00 0.000000000000000000e+00 1.000000000000000000e+00
3.164487183094024658e-01 -6.825961470603942871e-01 6.587279438972473145e-01 2.511756640031115762e+00
3.843738734722137451e-01 -5.425868630409240723e-01 -7.468974590301513672e-01 -3.755500740020534245e+00
8.672465682029724121e-01 4.895525574684143066e-01 9.067120403051376343e-02 2.448418053499569758e-01
0.000000000000000000e+00 0.000000000000000000e+00 0.000000000000000000e+00 1.000000000000000000e+00
5.532383322715759277e-01 -4.301275610923767090e-01 7.133846282958984375e-01 2.810895352437488004e+00
