0.9965059161186218 0.08124306797981262 0.01937726326286793 -0.04966041818261147 
-0.08092319965362549 0.9965794682502747 -0.01675770804286003 0.009809724055230618 
-0.02067242935299873 0.0151310870423913 0.9996718168258667 -0.2932839095592499 
0 0 0 1 

0.98505699634552 0.1673133671283722 0.04085004702210426 -0.05424772948026657 
-0.1653400659561157 0.9850828051567078 -0.04768933728337288 0.02448081597685814 
-0.04821979999542236 0.04022250697016716 0.9980265498161316 -0.2922426760196686 
0 0 0 1 

0.9656159281730652 0.2566120326519012 0.04166510701179504 -0.0522313266992569 
-0.252825528383255 0.9642520546913147 -0.07935386151075363 0.03903096169233322 
-0.06053886935114861 0.06609130650758743 0.9959753751754761 -0.2917625308036804 
0 0 0 1 

0.93788081407547 0.3424701690673828 0.05562053620815277 -0.05374506115913391 
-0.334166944026947 0.9347495436668396 -0.1207297444343567 0.05628357455134392 
-0.09333764016628265 0.09464354813098907 0.9911259412765503 -0.2891872227191925 
0 0 0 1 

0.8917316198348999 0.4508737325668335 0.03908300772309303 -0.04539601877331734 
-0.4420954585075378 0.8863166570663452 -0.1378196030855179 0.06610142439603806 
-0.09677919745445251 0.1056196615099907 0.9896859526634216 -0.2897509038448334 
0 0 0 1 

0.8438868522644043 0.5360249876976013 0.02306440100073814 -0.03746445849537849 
-0.525583803653717 0.8345556259155273 -0.1651617288589478 0.07842575758695602 
-0.1077793836593628 0.1272554993629456 0.9859967827796936 -0.2885588407516479 
0 0 0 1 

0.8711383938789368 0.4908108711242676 -0.01491272170096636 -0.03272436559200287 
-0.4570187330245972 0.7993055582046509 -0.390184760093689 0.1355204731225967 
-0.1795872449874878 0.346720278263092 0.9206157326698303 -0.2368093580007553 
0 0 0 1 

-0.2165117263793945 0.8801348209381104 0.4224755465984344 -0.1095347031950951 
-0.8132723569869995 0.07680372148752213 -0.5767923593521118 0.2295384854078293 
-0.5401027202606201 -0.4684699177742004 0.6991602182388306 -0.2094555348157883 
0 0 0 1 

-0.1814709901809692 0.8445265293121338 0.5038284659385681 -0.1409385800361633 
-0.8680164813995361 0.1032322496175766 -0.4856854379177094 0.2012380063533783 
-0.4621855616569519 -0.5254693031311035 0.7143294215202332 -0.2200646251440048 
0 0 0 1 

-0.1353991776704788 0.8133121132850647 0.5658538341522217 -0.1687410473823547 
-0.9077164530754089 0.127092182636261 -0.3998730778694153 0.1727210432291031 
-0.3971371948719025 -0.5677772760391235 0.7210485339164734 -0.2216558009386063 
0 0 0 1 

