0.271424263715744 0.9576529860496521 -0.09607017040252686 0.03276833519339561 
-0.9597832560539246 0.27675661444664 0.04713606834411621 0.01696864701807499 
0.07172805070877075 0.07941267639398575 0.9942578673362732 -0.304325133562088 
0 0 0 1 

0.1945655941963196 0.973014235496521 -0.1240468248724937 0.04309125244617462 
-0.9724220037460327 0.2079184055328369 0.1056671962141991 -0.004624768625944853 
0.128607302904129 0.100066639482975 0.9866340756416321 -0.3031162619590759 
0 0 0 1 

0.1127358675003052 0.9855352640151978 -0.1265348047018051 0.04551145434379578 
-0.9726194143295288 0.1355008035898209 0.188815176486969 -0.03316399082541466 
0.2032295614480972 0.1017839461565018 0.9738263487815857 -0.3003487884998322 
0 0 0 1 

0.1894697844982147 0.975282609462738 -0.1136883869767189 0.04076832160353661 
-0.9559658169746399 0.2096560746431351 0.2053622305393219 -0.03791883215308189 
0.2241216748952866 0.06977228075265884 0.9720603227615356 -0.297694206237793 
0 0 0 1 

0.2686423659324646 0.9554954171180725 -0.1219007298350334 0.04108847305178642 
-0.941274106502533 0.2872777581214905 0.1774107366800308 -0.02716578915715218 
0.2045345157384872 0.06708195060491562 0.9765580296516418 -0.2964923679828644 
0 0 0 1 

0.3253130912780762 0.93837571144104 -0.1167145594954491 0.03771953284740448 
-0.9354084730148315 0.337422251701355 0.1056271567940712 -0.001634774846024811 
0.1385000497102737 0.07481390237808228 0.9875326156616211 -0.2965198159217834 
0 0 0 1 

0.3623644411563873 0.9201953411102295 -0.1480957865715027 0.04597223922610283 
-0.9298896789550781 0.3677148520946503 0.00952465832233429 0.03161347657442093 
0.06322154402732849 0.1342613697052002 0.9889271259307861 -0.2927100360393524 
0 0 0 1 

0.3597560226917267 0.9015002846717834 -0.2405673563480377 0.06345862150192261 
-0.8945545554161072 0.4065448939800262 0.1857234984636307 -0.002243299270048738 
0.2652312219142914 0.1483855396509171 0.9526983499526978 -0.3164157569408417 
0 0 0 1 

0.2922616899013519 0.8886418342590332 -0.3534100651741028 0.1051972284913063 
-0.9150640964508057 0.3672462999820709 0.1666965633630753 0.005800761748105288 
0.2779220938682556 0.2746738493442535 0.92049640417099 -0.3066511750221252 
0 0 0 1 

0.9726701974868774 0.03627420589327812 -0.2293397486209869 0.02203670144081116 
-0.05614189431071281 0.9951555728912354 -0.08070556074380875 0.03433400765061378 
0.2253011912107468 0.09137549251317978 0.9699946641921997 -0.2799954116344452 
0 0 0 1 

