0.985251784324646 0.1649280339479446 0.04557948186993599 -0.05547552928328514 
-0.1625574380159378 0.9853491187095642 -0.05159519612789154 0.02546074613928795 
-0.05342122912406921 0.04342494159936905 0.9976273775100708 -0.2918488681316376 
0 0 0 1 

0.9373872876167297 0.3432095348834991 0.05926218628883362 -0.05478348955512047 
-0.3345477283000946 0.9345974326133728 -0.1208518669009209 0.05614890530705452 
-0.09686386585235596 0.09345892816781998 0.9908999800682068 -0.2889538705348969 
0 0 0 1 

0.8913982510566711 0.4511692225933075 0.0430733785033226 -0.04640999436378479 
-0.4420805871486664 0.8864941596984863 -0.1367211192846298 0.06549227237701416 
-0.09986871480941772 0.1028310284018517 0.9896726608276367 -0.2895547747612 
0 0 0 1 

0.8363063335418701 0.5452020764350891 -0.05784658342599869 -0.02157074585556984 
-0.463561475276947 0.6468216180801392 -0.6055841445922852 0.1982686370611191 
-0.2927495241165161 0.5332692861557007 0.7936758399009705 -0.1969744116067886 
0 0 0 1 

0.8553614616394043 0.5149040222167969 -0.05683771893382072 -0.02197267860174179 
-0.4615919589996338 0.7077664732933044 -0.534788966178894 0.1772048473358154 
-0.2351372689008713 0.4836736917495728 0.8430718183517456 -0.2131182253360748 
0 0 0 1 

0.8707038760185242 0.4915503561496735 -0.01590144820511341 -0.03250418975949287 
-0.458158940076828 0.7989540100097656 -0.3895671367645264 0.135076031088829 
-0.178787499666214 0.3464829325675964 0.9208607077598572 -0.2369590699672699 
0 0 0 1 

0.8764976859092712 0.4810852110385895 -0.01757082529366016 -0.03021253272891045 
-0.4693576991558075 0.8458774089813232 -0.253366619348526 0.09761332720518112 
-0.1070282086730003 0.2303222417831421 0.9672107100486755 -0.2526863813400269 
0 0 0 1 

-0.2296810895204544 0.9223492741584778 0.3106740415096283 -0.07100911438465118 
-0.7189729809761047 0.05435518175363541 -0.692909300327301 0.2634113132953644 
-0.6559911370277405 -0.382514476776123 0.6506599187850952 -0.1838478744029999 
0 0 0 1 

-0.2136233299970627 0.8808658123016357 0.4224221110343933 -0.1095251217484474 
-0.8137260675430298 0.07882379740476608 -0.5758790373802185 0.2290964871644974 
-0.5405690670013428 -0.4667571187019348 0.6999449133872986 -0.2098909914493561 
0 0 0 1 

-0.1852660179138184 0.8775163888931274 0.4423140585422516 -0.1182175502181053 
-0.840723991394043 0.09150266647338867 -0.5336765050888062 0.2162644416093826 
-0.5087827444076538 -0.4707360565662384 0.7207965850830078 -0.2190763056278229 
0 0 0 1 

