0.1920299679040909 0.9695547223091125 -0.1519476324319839 0.05111688375473022 
-0.9725465178489685 0.2087424099445343 0.1028586402535439 -0.004020476713776588 
0.1314449906349182 0.1280242055654526 0.9830218553543091 -0.3018067181110382 
0 0 0 1 

0.1117716580629349 0.9820780158042908 -0.1517564058303833 0.05299437791109085 
-0.9710772633552551 0.1403661072254181 0.1931486874818802 -0.03513602912425995 
0.2109885215759277 0.1257786303758621 0.9693624377250671 -0.2988162934780121 
0 0 0 1 

0.1836701780557632 0.9727813005447388 -0.1412856578826904 0.04885774850845337 
-0.9550571441650391 0.2106176912784576 0.2085805535316467 -0.03930386528372765 
0.2326605319976807 0.09662588685750961 0.9677460789680481 -0.2964231967926025 
0 0 0 1 

0.2688579857349396 0.9527143836021423 -0.1415996104478836 0.04649762809276581 
-0.9389352202415466 0.2920200228691101 0.1820022165775299 -0.02889219671487808 
0.2147460579872131 0.08402013778686523 0.9730492234230042 -0.2955344319343567 
0 0 0 1 

0.3271754086017609 0.9337412118911743 -0.1452016234397888 0.04564044252038002 
-0.9335583448410034 0.3431892991065979 0.1033920422196388 -0.00109591952059418 
0.1463730484247208 0.1017268598079681 0.9839850664138794 -0.2952655851840973 
0 0 0 1 

0.3619458377361298 0.9151199460029602 -0.1776244193315506 0.05442324280738831 
-0.92921382188797 0.3694133460521698 0.009753474965691566 0.03128871694207191 
0.07454241812229156 0.1615208834409714 0.9840500354766846 -0.2911359965801239 
0 0 0 1 

0.4010886549949646 0.8956205248832703 -0.1923322677612305 0.05701333284378052 
-0.9159309267997742 0.395329475402832 -0.06917388737201691 0.05800831690430641 
0.01408103946596384 0.2039079517126083 0.9788888096809387 -0.2860048711299896 
0 0 0 1 

0.3538089096546173 0.8932712078094482 -0.27728271484375 0.07467784732580185 
-0.8930313587188721 0.4107589423656464 0.1837715804576874 -0.001885815290734172 
0.2780542373657227 0.1826021522283554 0.9430494904518127 -0.3138929605484009 
0 0 0 1 

0.2862499952316284 0.8834832906723022 -0.3708342313766479 0.1106453686952591 
-0.915600061416626 0.3662807643413544 0.1658758223056793 0.005708424840122461 
0.2823779881000519 0.2920539379119873 0.9137653708457947 -0.3046969473361969 
0 0 0 1 

0.2743826508522034 0.8619322776794434 -0.4263647198677063 0.1293475180864334 
-0.9335122108459473 0.3451664745807648 0.09703084826469421 0.02937488071620464 
0.2308007925748825 0.3713931143283844 0.8993320465087891 -0.2960256636142731 
0 0 0 1 

