0.7947408556938171 0.6068906188011169 -0.008405005559325218 -0.02513210661709309 
-0.5994817614555359 0.7827225923538208 -0.1672328114509583 0.08189236372709274 
-0.09491326659917831 0.1379453837871552 0.9858816266059875 -0.2898113429546356 
0 0 0 1 

0.7218325734138489 0.691052258014679 -0.03747473284602165 -0.0109219690784812 
-0.6867178082466125 0.7084819674491882 -0.1627016961574554 0.08351919800043106 
-0.08588524162769318 0.1431779563426971 0.9859634041786194 -0.2906112968921661 
0 0 0 1 

0.4588561356067657 0.8567485809326172 -0.2354415208101273 0.06593620777130127 
-0.8876723051071167 0.4305290877819061 -0.1633471697568893 0.08650483191013336 
-0.03858304768800735 0.2839478254318237 0.9580631256103516 -0.2745543420314789 
0 0 0 1 

0.533552885055542 0.8188233971595764 -0.2117765545845032 0.05328559875488281 
-0.8412254452705383 0.4878695011138916 -0.2330726236104965 0.1055962815880775 
-0.08752607554197311 0.3025084137916565 0.949119508266449 -0.2680294811725616 
0 0 0 1 

0.5954018235206604 0.7765288949012756 -0.2061538398265839 0.04732278361916542 
-0.7942344546318054 0.5301761627197266 -0.2968244552612305 0.1211451217532158 
-0.1211949661374092 0.3404642939567566 0.9324139952659607 -0.2595878839492798 
0 0 0 1 

0.6756913065910339 0.7156587243080139 -0.1768437325954437 0.03264367580413818 
-0.7192334532737732 0.587370753288269 -0.3710775971412659 0.1364425122737885 
-0.161692202091217 0.3779258131980896 0.9116072058677673 -0.2492411881685257 
0 0 0 1 

0.7373392581939697 0.6553961634635925 -0.163665771484375 0.02521610260009766 
-0.6477190852165222 0.6171342730522156 -0.4467718601226807 0.1515740305185318 
-0.1918088793754578 0.4354318976402283 0.8795500993728638 -0.2348653674125671 
0 0 0 1 

0.7681606411933899 0.6231236457824707 -0.1471254080533981 0.01800654083490372 
-0.5922482013702393 0.6042426824569702 -0.5330407619476318 0.170960396528244 
-0.2432510703802109 0.4965956509113312 0.8331995606422424 -0.2141948342323303 
0 0 0 1 

0.7966582179069519 0.5849046111106873 -0.1523881703615189 0.0164836123585701 
-0.533210813999176 0.5613566637039185 -0.6329017281532288 0.1965618878602982 
-0.2846431732177734 0.5854613184928894 0.7590870261192322 -0.1869014054536819 
0 0 0 1 

0.8033619523048401 0.5731321573257446 -0.1616446673870087 0.01861459575593472 
-0.524559497833252 0.5526152849197388 -0.6476522088050842 0.2002501040697098 
-0.2818631529808044 0.605091392993927 0.7445921301841736 -0.1817357391119003 
0 0 0 1 

