0.05703531950712204 -0.8431044816970825 -0.5347163081169128 0.1520361304283142 
-0.9940428137779236 0.001867458573542535 -0.1089733317494392 0.07841218262910843 
0.09287442266941071 0.5377463102340698 -0.8379753828048706 0.2721668481826782 
0 0 0 1 

0.03276704996824265 -0.8561450242996216 -0.5156957507133484 0.1499374359846115 
-0.9815171360969543 0.06977355480194092 -0.1782015264034271 0.09246668219566345 
0.188548281788826 0.5120034217834473 -0.8380346298217773 0.2684006989002228 
0 0 0 1 

-0.0401221476495266 -0.8518794775009155 -0.5221987366676331 0.160209521651268 
-0.9943117499351501 0.08564417064189911 -0.06331782788038254 0.05597731098532677 
0.09866241365671158 0.5166878700256348 -0.8504699468612671 0.2873258888721466 
0 0 0 1 

0.1171927452087402 -0.8173027634620667 -0.5641651749610901 0.1598457098007202 
-0.9872599244117737 -0.1574445515871048 0.02300748601555824 0.02846015244722366 
-0.1076287627220154 0.5542812943458557 -0.825341522693634 0.3005958497524261 
0 0 0 1 

0.3215792775154114 -0.7054466605186462 -0.6316103339195251 0.1517497450113297 
-0.9124209880828857 -0.4091830551624298 -0.007534151896834373 0.03540995717048645 
-0.2531294524669647 0.5787174701690674 -0.7752490639686584 0.2859203219413757 
0 0 0 1 

0.3486398160457611 -0.7004553079605103 -0.6227459311485291 0.1459985673427582 
-0.922370433807373 -0.3743667304515839 -0.09530022740364075 0.06408635526895523 
-0.1663818657398224 0.6076279878616333 -0.7765984535217285 0.2778551876544952 
0 0 0 1 

0.3664366006851196 -0.6904710531234741 -0.6236775517463684 0.1453835368156433 
-0.9262099266052246 -0.3345567286014557 -0.1738001108169556 0.08918558061122894 
-0.08865170180797577 0.6413431763648987 -0.7621148824691772 0.266684353351593 
0 0 0 1 

0.5290656685829163 -0.5838645696640015 -0.6157854199409485 0.1375093907117844 
-0.8434348106384277 -0.4416114687919617 -0.3059362769126892 0.1253809779882431 
-0.0933125764131546 0.6812351942062378 -0.7260932326316833 0.2543603777885437 
0 0 0 1 

0.6763141751289368 -0.4037527441978455 -0.6161028742790222 0.1332645416259766 
-0.7123286724090576 -0.5714728236198425 -0.407438725233078 0.1537616699934006 
-0.1875816434621811 0.7144244313240051 -0.6740999221801758 0.2520603835582733 
0 0 0 1 

0.6908752918243408 -0.359309583902359 -0.6273658871650696 0.1325656920671463 
-0.6736633777618408 -0.6349212527275085 -0.3782225549221039 0.1440461724996567 
-0.2624290585517883 0.6839380264282227 -0.6807050704956055 0.2633712887763977 
0 0 0 1 

