1.000000000000000000e+00 0.000000000000000000e+00 0.000000000000000000e+00 -3.619798645377159119e-02
0.000000000000000000e+00 1.000000000000000000e+00 0.000000000000000000e+00 -1.327119767665863037e-03
0.000000000000000000e+00 0.000000000000000000e+00 1.000000000000000000e+00 -2.960163652896881104e-01
0.000000000000000000e+00 0.000000000000000000e+00 0.000000000000000000e+00 1.000000000000000000e+00
9.896401166915893555e-01 1.417171806097030640e-01 2.299269475042819977e-02 -4.609265178442001343e-02
-1.402042359113693237e-01 9.884388446807861328e-01 -5.771502107381820679e-02 2.885361388325691223e-02
-3.090612776577472687e-02 5.389340221881866455e-02 9.980682730674743652e-01 -2.964096367359161377e-01
0.000000000000000000e+00 0.000000000000000000e+00 0.000000000000000000e+00 1.000000000000000000e+00
9.707115888595581055e-01 2.367263287305831909e-01 4.098099470138549805e-02 -5.202212929725646973e-02
-2.318057864904403687e-01 9.676970839500427246e-01 -9.913858026266098022e-02 5.242472887039184570e-02
-6.312593072652816772e-02 8.673531562089920044e-02 9.942293167114257812e-01 -2.945456206798553467e-01
0.000000000000000000e+00 0.000000000000000000e+00 0.000000000000000000e+00 1.000000000000000000e+00
9.378051161766052246e-01 3.408088088035583496e-01 6.610991060733795166e-02 -5.839482694864273071e-02
-3.292405307292938232e-01 9.335119724273681641e-01 -1.419709473848342896e-01 7.453452050685882568e-02
-1.100994423031806946e-01 1.113750040531158447e-01 9.876608252525329590e-01 -2.898756563663482666e-01
0.000000000000000000e+00 0.000000000000000000e+00 0.000000000000000000e+00 1.000000000000000000e+00
8.967462182044982910e-01 4.421125054359436035e-01 1.955968327820301056e-02 -3.899655863642692566e-02
-4.330129623413085938e-01 8.856977224349975586e-01 -1.674480736255645752e-01 8.893397450447082520e-02
-9.135488420724868774e-02 1.416888236999511719e-01 9.856868386268615723e-01 -2.901903986930847168e-01
0.000000000000000000e+00 0.000000000000000000e+00 0.000000000000000000e+00 1.000000000000000000e+00
8.263291716575622559e-01 5.628760457038879395e-01 1.872734725475311279e-02 -3.242772072553634644e-02
-5.502526760101318359e-01 8.139899373054504395e-01 -1.861240118741989136e-01 1.012109220027923584e-01
-1.200086772441864014e-01 1.434948891401290894e-01 9.823477268218994141e-01 -2.886108756065368652e-01
0.000000000000000000e+00 0.000000000000000000e+00 0.000000000000000000e+00 1.000000000000000000e+00
7.494668960571289062e-01 6.613346934318542480e-01 -3.058792650699615479e-02 -1.033479068428277969e-02
-6.558983325958251953e-01 7.354397177696228027e-01 -1.700747013092041016e-01 1.004463508725166321e-01
-8.998077362775802612e-02 1.475278884172439575e-01 9.849563241004943848e-01 -2.922255694866180420e-01
0.000000000000000000e+00 0.000000000000000000e+00 0.000000000000000000e+00 1.000000000000000000e+00
6.937851905822753906e-01 7.178804874420166016e-01 -5.753209441900253296e-02 1.624450320377945900e-03
-7.188158035278320312e-01 6.853371262550354004e-01 -1.166909039020538330e-01 8.270338177680969238e-02
-4.434126615524291992e-02 1.223134100437164307e-01 9.915006160736083984e-01 -2.990591228008270264e-01
0.000000000000000000e+00 0.000000000000000000e+00 0.000000000000000000e+00 1.000000000000000000e+00
5.852202773094177246e-01 8.106449842453002930e-01 -1.928513497114181519e-02 -6.792034488171339035e-03
-8.094269633293151855e-01 5.825899243354797363e-01 -7.359963655471801758e-02 6.940067559480667114e-02
-4.842784628272056580e-02 5.868189781904220581e-02 9.971013069152832031e-01 -3.066589236259460449e-01
0.000000000000000000e+00 0.000000000000000000e+00 0.000000000000000000e+00 1.000000000000000000e+00
5.004972815513610840e-01 8.652851581573486328e-01 -2.799319103360176086e-02 6.244273390620946884e-04
-8.651901483535766602e-01 4.987690746784210205e-01 -5.172199010848999023e-02 6.285268068313598633e-02
-3.079216927289962769e-02 5.010613426566123962e-02 9.982696771621704102e-01 -3.109219968318939209e-01
0.000000000000000000e+00 0.000000000000000000e+00 0.000000000000000000e+00 1.000000000000000000e+00
4.036285281181335449e-01 9.142055511474609375e-01 -3.622483834624290466e-02 8.169237524271011353e-03
-9.148229956626892090e-01 4.038530290126800537e-01 -1.216173055581748486e-03 4.484324157238006592e-02
1.351768057793378830e-02 3.363021090626716614e-02 9.993428587913513184e-01 -3.153079152107238770e-01
0.000000000000000000e+00 0.000000000000000000e+00 0.000000000000000000e+00 1.000000000000000000e+00
2.900993227958679199e-01 9.560719728469848633e-01 -4.205365106463432312e-02 1.502015534788370132e-02
-9.560498595237731934e-01 2.914864122867584229e-01 3.168812766671180725e-02 3.218732029199600220e-02
4.255420342087745667e-02 3.101268969476222992e-02 9.986127614974975586e-01 -3.179093003273010254e-01
0.000000000000000000e+00 0.000000000000000000e+00 0.000000000000000000e+00 1.000000000000000000e+00
1.779490113258361816e-01 9.821697473526000977e-01 -6.063622608780860901e-02 2.585342153906822205e-02
-9.819840788841247559e-01 1.812207400798797607e-01 5.353948473930358887e-02 2.368791401386260986e-02
6.357338279485702515e-02 5.001650378108024597e-02 9.967230558395385742e-01 -3.184719979763031006e-01
0.000000000000000000e+00 0.000000000000000000e+00 0.000000000000000000e+00 1.000000000000000000e+00
9.634602814912796021e-02 9.924666285514831543e-01 -7.568091899156570435e-02 3.413051739335060120e-02
-9.911153912544250488e-01 1.026630699634552002e-01 8.455993235111236572e-02 1.198529172688722610e-02
9.169252216815948486e-02 6.686151772737503052e-02 9.935400485992431641e-01 -3.178371489048004150e-01
0.000000000000000000e+00 0.000000000000000000e+00 0.000000000000000000e+00 1.000000000000000000e+00
1.940719597041606903e-02 9.964018464088439941e-01 -8.250470459461212158e-02 4.099861532449722290e-02
-9.972955584526062012e-01 2.514311298727989197e-02 6.906223297119140625e-02 1.912812516093254089e-02
7.088817656040191650e-02 8.094123750925064087e-02 9.941947460174560547e-01 -3.116533160209655762e-01
0.000000000000000000e+00 0.000000000000000000e+00 0.000000000000000000e+00 1.000000000000000000e+00
-8.955671638250350952e-02 9.105193614959716797e-01 -4.036503732204437256e-01 1.536089181900024414e-01
-9.905555844306945801e-01 -3.917920589447021484e-02 1.313949823379516602e-01 -1.570637221448123455e-03
1.038228720426559448e-01 4.116054773330688477e-01 9.054288268089294434e-01 -2.774746716022491455e-01
0.000000000000000000e+00 0.000000000000000000e+00 0.000000000000000000e+00 1.000000000000000000e+00
-1.584604233503341675e-01 8.845387697219848633e-01 -4.387262165546417236e-01 1.665906161069869995e-01
-9.774916172027587891e-01 -7.785762101411819458e-02 1.960803419351577759e-01 -2.430882863700389862e-02
1.392825990915298462e-01 4.599222540855407715e-01 8.769673109054565430e-01 -2.693753838539123535e-01
0.000000000000000000e+00 0.000000000000000000e+00 0.000000000000000000e+00 1.000000000000000000e+00
-1.327973455190658569e-01 8.306296467781066895e-01 -5.407581329345703125e-01 1.930161267518997192e-01
-9.911211729049682617e-01 -1.149472594261169434e-01 6.683146953582763672e-02 1.759138889610767365e-02
-6.646463647484779358e-03 5.448316931724548340e-01 8.385188579559326172e-01 -2.496871948242187500e-01
0.000000000000000000e+00 0.000000000000000000e+00 0.000000000000000000e+00 1.000000000000000000e+00
-8.386759459972381592e-02 7.527960538864135742e-01 -6.528888940811157227e-01 2.179363369941711426e-01
-9.947114586830139160e-01 -2.426498383283615112e-02 9.979873150587081909e-02 1.040308270603418350e-02
5.928577855229377747e-02 6.578063368797302246e-01 7.508500814437866211e-01 -2.312517017126083374e-01
0.000000000000000000e+00 0.000000000000000000e+00 0.000000000000000000e+00 1.000000000000000000e+00
-5.589696019887924194e-02 5.742346644401550293e-01 -8.167803883552551270e-01 2.662564516067504883e-01
-9.848791956901550293e-01 1.026417538523674011e-01 1.395627409219741821e-01 -2.325802808627486229e-03
1.639776527881622314e-01 8.122313022613525391e-01 5.598143339157104492e-01 -1.713356077671051025e-01
0.000000000000000000e+00 0.000000000000000000e+00 0.000000000000000000e+00 1.000000000000000000e+00
-1.205639317631721497e-01 4.296047985553741455e-01 -8.949325680732727051e-01 2.892715930938720703e-01
-9.854561090469360352e-01 5.695704370737075806e-02 1.601010113954544067e-01 -1.258945651352405548e-02
1.197527050971984863e-01 9.012187719345092773e-01 4.164896011352539062e-01 -1.210062056779861450e-01
0.000000000000000000e+00 0.000000000000000000e+00 0.000000000000000000e+00 1.000000000000000000e+00
-1.916607171297073364e-01 3.243713974952697754e-01 -9.263095259666442871e-01 3.005011379718780518e-01
-9.743862152099609375e-01 5.023022741079330444e-02 2.191976606845855713e-01 -3.156149759888648987e-02
1.176301687955856323e-01 9.445946812629699707e-01 3.064359724521636963e-01 -8.670505136251449585e-02
0.000000000000000000e+00 0.000000000000000000e+00 0.000000000000000000e+00 1.000000000000000000e+00
-2.730525732040405273e-01 2.070870250463485718e-01 -9.394451379776000977e-01 3.081291615962982178e-01
-9.596046209335327148e-01 1.022333186119794846e-02 2.811656296253204346e-01 -5.247971415519714355e-02
6.782995164394378662e-02 9.782692790031433105e-01 1.959303468465805054e-01 -4.922923073172569275e-02
0.000000000000000000e+00 0.000000000000000000e+00 0.000000000000000000e+00 1.000000000000000000e+00
-1.815793812274932861e-01 -8.212149143218994141e-01 -5.409578680992126465e-01 1.764289736747741699e-01
-9.487318992614746094e-01 1.565349055454134941e-03 3.160779476165771484e-01 -6.128097325563430786e-02
-2.587210237979888916e-01 5.706176161766052246e-01 -7.793968319892883301e-01 2.744584381580352783e-01
0.000000000000000000e+00 0.000000000000000000e+00 0.000000000000000000e+00 1.000000000000000000e+00
-1.687910854816436768e-01 -8.680116534233093262e-01 -4.669755697250366211e-01 1.507804095745086670e-01
-9.685649275779724121e-01 5.823400616645812988e-02 2.418481856584548950e-01 -3.811161965131759644e-02
-1.827331632375717163e-01 4.931181967258453369e-01 -8.505547046661376953e-01 2.924013435840606689e-01
0.000000000000000000e+00 0.000000000000000000e+00 0.000000000000000000e+00 1.000000000000000000e+00
-9.162560105323791504e-02 -8.442534208297729492e-01 -5.280531644821166992e-01 1.637085378170013428e-01
-9.898961186408996582e-01 1.959705911576747894e-02 1.404318809509277344e-01 -3.600132418796420097e-03
-1.082119345664978027e-01 5.355849862098693848e-01 -8.375187516212463379e-01 2.836937606334686279e-01
0.000000000000000000e+00 0.000000000000000000e+00 0.000000000000000000e+00 1.000000000000000000e+00
1.942676678299903870e-02 -8.540492057800292969e-01 -5.198282599449157715e-01 1.514813601970672607e-01
-9.993222355842590332e-01 -3.284459933638572693e-02 1.661624386906623840e-02 3.838500380516052246e-02
-3.126473724842071533e-02 5.191535353660583496e-01 -8.541088700294494629e-01 2.835303246974945068e-01
0.000000000000000000e+00 0.000000000000000000e+00 0.000000000000000000e+00 1.000000000000000000e+00
5.342926457524299622e-02 -8.539171814918518066e-01 -5.176581740379333496e-01 1.476411074399948120e-01
-9.944033026695251465e-01 1.816418021917343140e-03 -1.056320667266845703e-01 7.800169289112091064e-02
9.114138036966323853e-02 5.204049348831176758e-01 -8.490412831306457520e-01 2.737876176834106445e-01
0.000000000000000000e+00 0.000000000000000000e+00 0.000000000000000000e+00 1.000000000000000000e+00
3.100920841097831726e-02 -8.666918277740478516e-01 -4.978794455528259277e-01 1.449550539255142212e-01
-9.821635484695434570e-01 6.599958240985870361e-02 -1.760616600513458252e-01 9.215895086526870728e-02
1.854512095451354980e-01 4.944583475589752197e-01 -8.491868972778320312e-01 2.703290581703186035e-01
0.000000000000000000e+00 0.000000000000000000e+00 0.000000000000000000e+00 1.000000000000000000e+00
-3.981684148311614990e-02 -8.662314414978027344e-01 -4.980523586273193359e-01 1.529658734798431396e-01
-9.950143098831176758e-01 7.998662441968917847e-02 -5.956881493330001831e-02 5.436050891876220703e-02
9.143794327974319458e-02 4.931979775428771973e-01 -8.650984764099121094e-01 2.905676066875457764e-01
0.000000000000000000e+00 0.000000000000000000e+00 0.000000000000000000e+00 1.000000000000000000e+00
-4.697500541806221008e-02 -8.682032227516174316e-01 -4.939802885055541992e-01 1.504320800304412842e-01
-9.926045536994934082e-01 -1.484380941838026047e-02 1.204804703593254089e-01 -2.701796358451247215e-03
-1.119341105222702026e-01 4.959867000579833984e-01 -8.610855937004089355e-01 3.071105182170867920e-01
0.000000000000000000e+00 0.000000000000000000e+00 0.000000000000000000e+00 1.000000000000000000e+00
1.310157924890518188e-01 -8.635126352310180664e-01 -4.870119690895080566e-01 1.339823752641677856e-01
-9.857385754585266113e-01 -1.658014357089996338e-01 2.879678457975387573e-02 2.617337927222251892e-02
-1.056137606501579285e-01 4.762936532497406006e-01 -8.729206919670104980e-01 3.124043643474578857e-01
0.000000000000000000e+00 0.000000000000000000e+00 0.000000000000000000e+00 1.000000000000000000e+00
2.290858328342437744e-01 -8.030297160148620605e-01 -5.501479506492614746e-01 1.403540968894958496e-01
-9.446801543235778809e-01 -3.197011053562164307e-01 7.328354567289352417e-02 1.046044752001762390e-02
-2.347318679094314575e-01 5.029256939888000488e-01 -8.318452239036560059e-01 3.050846755504608154e-01
0.000000000000000000e+00 0.000000000000000000e+00 0.000000000000000000e+00 1.000000000000000000e+00
3.395679295063018799e-01 -7.405481934547424316e-01 -5.798982381820678711e-01 1.344958692789077759e-01
-9.098012447357177734e-01 -4.150344431400299072e-01 -2.735010813921689987e-03 3.348974883556365967e-02
-2.386525124311447144e-01 5.285208821296691895e-01 -8.146840929985046387e-01 2.937837541103363037e-01
0.000000000000000000e+00 0.000000000000000000e+00 0.000000000000000000e+00 1.000000000000000000e+00
3.637872636318206787e-01 -7.311394810676574707e-01 -5.771429538726806641e-01 1.312581002712249756e-01
-9.185195565223693848e-01 -3.845767974853515625e-01 -9.177328646183013916e-02 6.234272569417953491e-02
-1.548567712306976318e-01 5.635029077529907227e-01 -8.114699721336364746e-01 2.847270071506500244e-01
0.000000000000000000e+00 0.000000000000000000e+00 0.000000000000000000e+00 1.000000000000000000e+00
3.734396994113922119e-01 -7.137196063995361328e-01 -5.925765633583068848e-01 1.357015222311019897e-01
-9.241269230842590332e-01 -3.418787419795989990e-01 -1.706107854843139648e-01 8.786162734031677246e-02
-8.082117140293121338e-02 6.113290786743164062e-01 -7.872388958930969238e-01 2.711628377437591553e-01
0.000000000000000000e+00 0.000000000000000000e+00 0.000000000000000000e+00 1.000000000000000000e+00
5.406288504600524902e-01 -6.106157302856445312e-01 -5.786777138710021973e-01 1.260461956262588501e-01
-8.376095890998840332e-01 -4.547244608402252197e-01 -3.027136623859405518e-01 1.233733594417572021e-01
-7.829745113849639893e-02 6.483619809150695801e-01 -7.572949528694152832e-01 2.602528333663940430e-01
0.000000000000000000e+00 0.000000000000000000e+00 0.000000000000000000e+00 1.000000000000000000e+00
6.834139227867126465e-01 -4.192807972431182861e-01 -5.976194143295288086e-01 1.274326145648956299e-01
-7.089712619781494141e-01 -5.763925909996032715e-01 -4.063630998134613037e-01 1.535562127828598022e-01
-1.740832328796386719e-01 7.014091610908508301e-01 -6.911727786064147949e-01 2.545760571956634521e-01
0.000000000000000000e+00 0.000000000000000000e+00 0.000000000000000000e+00 1.000000000000000000e+00
7.092875242233276367e-01 -3.412741124629974365e-01 -6.168005466461181641e-01 1.297408342361450195e-01
-6.457724571228027344e-01 -6.654170155525207520e-01 -3.744299411773681641e-01 1.418056637048721313e-01
-2.826464772224426270e-01 6.638914346694946289e-01 -6.923574805259704590e-01 2.653057277202606201e-01
0.000000000000000000e+00 0.000000000000000000e+00 0.000000000000000000e+00 1.000000000000000000e+00
7.564064264297485352e-01 -2.585234045982360840e-01 -6.008452773094177246e-01 1.291440129280090332e-01
-5.680161714553833008e-01 -7.151177525520324707e-01 -4.073867499828338623e-01 1.445278525352478027e-01
-3.243561685085296631e-01 6.494397521018981934e-01 -6.877650022506713867e-01 2.632145583629608154e-01
0.000000000000000000e+00 0.000000000000000000e+00 0.000000000000000000e+00 1.000000000000000000e+00
7.499446868896484375e-01 -2.513605654239654541e-01 -6.118829250335693359e-01 1.396555006504058838e-01
-5.370638370513916016e-01 -7.713868021965026855e-01 -3.413592576980590820e-01 1.158111840486526489e-01
-3.861936330795288086e-01 5.846204757690429688e-01 -7.134935855865478516e-01 2.749108970165252686e-01
0.000000000000000000e+00 0.000000000000000000e+00 0.000000000000000000e+00 1.000000000000000000e+00
7.391026616096496582e-01 -3.473444283008575439e-01 -5.771298408508300781e-01 1.370049118995666504e-01
-5.810858011245727539e-01 -7.621264457702636719e-01 -2.854852080345153809e-01 9.478136152029037476e-02
-3.406842648983001709e-01 5.463655591011047363e-01 -7.651267647743225098e-01 2.885113358497619629e-01
0.000000000000000000e+00 0.000000000000000000e+00 0.000000000000000000e+00 1.000000000000000000e+00
8.152634501457214355e-01 -1.847016811370849609e-01 -5.488452315330505371e-01 1.320667713880538940e-01
-5.243666768074035645e-01 -6.376389861106872559e-01 -5.643193125724792480e-01 1.830068528652191162e-01
-2.457344383001327515e-01 7.478647232055664062e-01 -6.166949868202209473e-01 2.472084462642669678e-01
0.000000000000000000e+00 0.000000000000000000e+00 0.000000000000000000e+00 1.000000000000000000e+00
8.484833836555480957e-01 -1.035543903708457947e-01 -5.189914703369140625e-01 1.217671483755111694e-01
-4.759071469306945801e-01 -5.782609581947326660e-01 -6.626654267311096191e-01 2.154423594474792480e-01
-2.314909696578979492e-01 8.092525005340576172e-01 -5.399273633956909180e-01 2.215957492589950562e-01
0.000000000000000000e+00 0.000000000000000000e+00 0.000000000000000000e+00 1.000000000000000000e+00
8.787589669227600098e-01 -3.357343375682830811e-02 -4.760834872722625732e-01 1.072705835103988647e-01
-4.244057834148406982e-01 -5.112693905830383301e-01 -7.473168969154357910e-01 2.433294653892517090e-01
-2.183170914649963379e-01 8.587640523910522461e-01 -4.635316729545593262e-01 1.956027895212173462e-01
0.000000000000000000e+00 0.000000000000000000e+00 0.000000000000000000e+00 1.000000000000000000e+00
8.806509375572204590e-01 1.358017325401306152e-01 -4.538851678371429443e-01 1.021276116371154785e-01
-3.637419342994689941e-01 -4.200313389301300049e-01 -8.314232826232910156e-01 2.713054418563842773e-01
-3.035548329353332520e-01 8.972908854484558105e-01 -3.205042183399200439e-01 1.530051380395889282e-01
0.000000000000000000e+00 0.000000000000000000e+00 0.000000000000000000e+00 1.000000000000000000e+00
9.446926116943359375e-01 -2.885104119777679443e-01 -1.559419631958007812e-01 -4.111962392926216125e-03
-2.444388568401336670e-01 -3.024164736270904541e-01 -9.212997555732727051e-01 2.949637174606323242e-01
2.186451852321624756e-01 9.084633588790893555e-01 -3.562137782573699951e-01 1.332063823938369751e-01
0.000000000000000000e+00 0.000000000000000000e+00 0.000000000000000000e+00 1.000000000000000000e+00
9.786219000816345215e-01 -1.251740157604217529e-01 -1.631880998611450195e-01 -8.172480156645178795e-04
-1.882194727659225464e-01 -2.252609431743621826e-01 -9.559452533721923828e-01 3.036010861396789551e-01
8.289962261915206909e-02 9.662243127822875977e-01 -2.440054118633270264e-01 1.026993319392204285e-01
0.000000000000000000e+00 0.000000000000000000e+00 0.000000000000000000e+00 1.000000000000000000e+00
9.795373082160949707e-01 -1.562138348817825317e-01 -1.269009262323379517e-01 -1.265907380729913712e-02
-1.454039514064788818e-01 -1.133232563734054565e-01 -9.828608036041259766e-01 3.099262416362762451e-01
1.391556113958358765e-01 9.812004566192626953e-01 -1.337184458971023560e-01 6.146587058901786804e-02
0.000000000000000000e+00 0.000000000000000000e+00 0.000000000000000000e+00 1.000000000000000000e+00
9.460735917091369629e-01 -3.035294413566589355e-01 -1.132021099328994751e-01 -1.849544420838356018e-02
-1.361765116453170776e-01 -5.555270984768867493e-02 -9.891260862350463867e-01 3.102713525295257568e-01
2.939400970935821533e-01 9.512010812759399414e-01 -9.389056265354156494e-02 3.835972398519515991e-02
0.000000000000000000e+00 0.000000000000000000e+00 0.000000000000000000e+00 1.000000000000000000e+00
9.951314926147460938e-01 -1.637815497815608978e-02 -9.718859195709228516e-02 -2.234777435660362244e-02
-9.659704566001892090e-02 3.369925916194915771e-02 -9.947531819343566895e-01 3.089253008365631104e-01
1.956739090383052826e-02 9.992978572845458984e-01 3.195308893918991089e-02 9.247453883290290833e-03
0.000000000000000000e+00 0.000000000000000000e+00 0.000000000000000000e+00 1.000000000000000000e+00
9.978159070014953613e-01 1.900563389062881470e-02 -6.326265633106231689e-02 -3.277722001075744629e-02
-6.516463309526443481e-02 1.264238804578781128e-01 -9.898338317871093750e-01 3.033560812473297119e-01
-1.081465743482112885e-02 9.917939901351928711e-01 1.273862421512603760e-01 -2.357755415141582489e-02
0.000000000000000000e+00 0.000000000000000000e+00 0.000000000000000000e+00 1.000000000000000000e+00
9.840594530105590820e-01 9.750187397003173828e-02 -1.487285494804382324e-01 -8.065856061875820160e-03
-1.632134616374969482e-01 1.630163043737411499e-01 -9.730301499366760254e-01 3.056876957416534424e-01
-7.062707841396331787e-02 9.817935824394226074e-01 1.763312816619873047e-01 -2.515256591141223907e-02
0.000000000000000000e+00 0.000000000000000000e+00 0.000000000000000000e+00 1.000000000000000000e+00
7.508793473243713379e-01 6.538050174713134766e-01 -9.337856620550155640e-02 -2.291144337505102158e-03
-2.681860327720642090e-01 1.726412624120712280e-01 -9.477716088294982910e-01 3.079436719417572021e-01
-6.035368442535400391e-01 7.367045879364013672e-01 3.049740493297576904e-01 -3.558104485273361206e-02
0.000000000000000000e+00 0.000000000000000000e+00 0.000000000000000000e+00 1.000000000000000000e+00
5.156481862068176270e-01 8.567166924476623535e-01 1.201042998582124710e-02 -1.033676508814096451e-02
-3.746468126773834229e-01 2.380581498146057129e-01 -8.960847258567810059e-01 3.071758151054382324e-01
-7.705495953559875488e-01 4.575648605823516846e-01 4.437204301357269287e-01 -7.183001935482025146e-02
0.000000000000000000e+00 0.000000000000000000e+00 0.000000000000000000e+00 1.000000000000000000e+00
9.148252606391906738e-01 2.799352109432220459e-01 -2.910851836204528809e-01 4.496642202138900757e-02
-3.787139654159545898e-01 3.443455696105957031e-01 -8.590695858001708984e-01 3.005865514278411865e-01
-1.402501165866851807e-01 8.961374759674072266e-01 4.210317134857177734e-01 -8.994431048631668091e-02
0.000000000000000000e+00 0.000000000000000000e+00 0.000000000000000000e+00 1.000000000000000000e+00
8.847465515136718750e-01 1.975134909152984619e-01 -4.221520423889160156e-01 8.625432103872299194e-02
-4.656324982643127441e-01 4.139458537101745605e-01 -7.821987271308898926e-01 2.873012721538543701e-01
2.025317959487438202e-02 8.886149525642395020e-01 4.582056999206542969e-01 -1.140929237008094788e-01
0.000000000000000000e+00 0.000000000000000000e+00 0.000000000000000000e+00 1.000000000000000000e+00
8.754842877388000488e-01 1.704552471637725830e-01 -4.521870017051696777e-01 9.562470018863677979e-02
-4.719340503215789795e-01 5.028658509254455566e-01 -7.241571545600891113e-01 2.698214650154113770e-01
1.039528921246528625e-01 8.473907113075256348e-01 5.206949114799499512e-01 -1.418088227510452271e-01
0.000000000000000000e+00 0.000000000000000000e+00 0.000000000000000000e+00 1.000000000000000000e+00
8.639168143272399902e-01 1.559303700923919678e-01 -4.788874983787536621e-01 1.046793907880783081e-01
-4.719111323356628418e-01 5.827662944793701172e-01 -6.615763902664184570e-01 2.527527213096618652e-01
1.759195774793624878e-01 7.975392341613769531e-01 5.770466327667236328e-01 -1.624378114938735962e-01
0.000000000000000000e+00 0.000000000000000000e+00 0.000000000000000000e+00 1.000000000000000000e+00
8.505992889404296875e-01 1.168055459856987000e-01 -5.126764774322509766e-01 1.127665415406227112e-01
-4.441263377666473389e-01 6.815506815910339355e-01 -5.815839767456054688e-01 2.284515500068664551e-01
2.814827263355255127e-01 7.223883867263793945e-01 6.316030025482177734e-01 -1.855584532022476196e-01
0.000000000000000000e+00 0.000000000000000000e+00 0.000000000000000000e+00 1.000000000000000000e+00
8.335919380187988281e-01 1.365730166435241699e-01 -5.352308154106140137e-01 1.217301934957504272e-01
-4.473567008972167969e-01 7.353107929229736328e-01 -5.091055035591125488e-01 2.074695080518722534e-01
3.240310847759246826e-01 6.638260483741760254e-01 6.740468740463256836e-01 -2.026922106742858887e-01
0.000000000000000000e+00 0.000000000000000000e+00 0.000000000000000000e+00 1.000000000000000000e+00
8.060753941535949707e-01 1.651099175214767456e-01 -5.683137774467468262e-01 1.352864503860473633e-01
-4.507922232151031494e-01 7.934864759445190430e-01 -4.088582694530487061e-01 1.778756827116012573e-01
3.834426701068878174e-01 5.857625603675842285e-01 7.140404582023620605e-01 -2.215218842029571533e-01
0.000000000000000000e+00 0.000000000000000000e+00 0.000000000000000000e+00 1.000000000000000000e+00
7.795982360839843750e-01 2.231128364801406860e-01 -5.851894617080688477e-01 1.445990353822708130e-01
-4.603890776634216309e-01 8.376268148422241211e-01 -2.939786612987518311e-01 1.432764828205108643e-01
4.245797991752624512e-01 4.985999763011932373e-01 7.557309865951538086e-01 -2.399056553840637207e-01
0.000000000000000000e+00 0.000000000000000000e+00 0.000000000000000000e+00 1.000000000000000000e+00
7.576961517333984375e-01 2.925252020359039307e-01 -5.833739638328552246e-01 1.480896919965744019e-01
-4.639128148555755615e-01 8.701481223106384277e-01 -1.662133336067199707e-01 1.043529585003852844e-01
4.590003490447998047e-01 3.965741991996765137e-01 7.950143814086914062e-01 -2.571902871131896973e-01
0.000000000000000000e+00 0.000000000000000000e+00 0.000000000000000000e+00 1.000000000000000000e+00
7.334937453269958496e-01 3.629496991634368896e-01 -5.746771097183227539e-01 1.481464505195617676e-01
-4.444783627986907959e-01 8.957878947257995605e-01 -1.559123513288795948e-03 5.257696285843849182e-02
5.142227411270141602e-01 2.565750777721405029e-01 8.183784484863281250e-01 -2.705889344215393066e-01
0.000000000000000000e+00 0.000000000000000000e+00 0.000000000000000000e+00 1.000000000000000000e+00
7.227024435997009277e-01 3.984415233135223389e-01 -5.647529959678649902e-01 1.442730128765106201e-01
-3.724126517772674561e-01 9.128357172012329102e-01 1.674504280090332031e-01 -6.285770796239376068e-03
5.822461247444152832e-01 8.930452913045883179e-02 8.080931305885314941e-01 -2.692909836769104004e-01
0.000000000000000000e+00 0.000000000000000000e+00 0.000000000000000000e+00 1.000000000000000000e+00
7.238788008689880371e-01 4.177326560020446777e-01 -5.490896701812744141e-01 1.378754377365112305e-01
-2.981528043746948242e-01 9.071195721626281738e-01 2.970497608184814453e-01 -5.241693556308746338e-02
6.221772432327270508e-01 -5.131533741950988770e-02 7.811926603317260742e-01 -2.630283236503601074e-01
0.000000000000000000e+00 0.000000000000000000e+00 0.000000000000000000e+00 1.000000000000000000e+00
7.154120802879333496e-01 4.436875581741333008e-01 -5.397469401359558105e-01 1.346669644117355347e-01
-2.394075542688369751e-01 8.813986778259277344e-01 4.072101712226867676e-01 -9.083937853574752808e-02
6.564066410064697266e-01 -1.621035337448120117e-01 7.367855310440063477e-01 -2.505648434162139893e-01
0.000000000000000000e+00 0.000000000000000000e+00 0.000000000000000000e+00 1.000000000000000000e+00
7.124524116516113281e-01 4.674629867076873779e-01 -5.233446359634399414e-01 1.295252889394760132e-01
-1.614273339509963989e-01 8.349821567535400391e-01 5.260661840438842773e-01 -1.344507336616516113e-01
6.829000711441040039e-01 -2.903147935867309570e-01 6.703464984893798828e-01 -2.316562831401824951e-01
0.000000000000000000e+00 0.000000000000000000e+00 0.000000000000000000e+00 1.000000000000000000e+00
6.958027482032775879e-01 4.963851571083068848e-01 -5.190954804420471191e-01 1.290322244167327881e-01
-9.691544622182846069e-02 7.810184955596923828e-01 6.169419884681701660e-01 -1.691615879535675049e-01
7.116641402244567871e-01 -3.789615333080291748e-01 5.915423035621643066e-01 -2.086604982614517212e-01
0.000000000000000000e+00 0.000000000000000000e+00 0.000000000000000000e+00 1.000000000000000000e+00
7.045035958290100098e-01 5.110930800437927246e-01 -4.924006462097167969e-01 1.202671080827713013e-01
-3.644047304987907410e-02 7.189502716064453125e-01 6.941055059432983398e-01 -1.991956233978271484e-01
7.087641954421997070e-01 -4.710565209388732910e-01 5.251275897026062012e-01 -1.886362731456756592e-01
0.000000000000000000e+00 0.000000000000000000e+00 0.000000000000000000e+00 1.000000000000000000e+00
7.084258794784545898e-01 5.183916091918945312e-01 -4.789601266384124756e-01 1.154668256640434265e-01
1.901301741600036621e-02 6.643570661544799805e-01 7.471733093261718750e-01 -2.211625874042510986e-01
7.055290341377258301e-01 -5.384232997894287109e-01 4.607916772365570068e-01 -1.701128333806991577e-01
0.000000000000000000e+00 0.000000000000000000e+00 0.000000000000000000e+00 1.000000000000000000e+00
7.488550543785095215e-01 4.978559315204620361e-01 -4.374417960643768311e-01 9.971729665994644165e-02
6.837663054466247559e-02 5.984938144683837891e-01 7.982039451599121094e-01 -2.423692643642425537e-01
6.591970920562744141e-01 -6.276499629020690918e-01 4.141434729099273682e-01 -1.563299894332885742e-01
0.000000000000000000e+00 0.000000000000000000e+00 0.000000000000000000e+00 1.000000000000000000e+00
7.949332594871520996e-01 4.757240116596221924e-01 -3.765208125114440918e-01 7.695288211107254028e-02
1.042744740843772888e-01 5.042402744293212891e-01 8.572447299957275391e-01 -2.680741548538208008e-01
5.976687073707580566e-01 -7.207137942314147949e-01 3.512314558029174805e-01 -1.361202448606491089e-01
0.000000000000000000e+00 0.000000000000000000e+00 0.000000000000000000e+00 1.000000000000000000e+00
8.360671997070312500e-01 4.540039598941802979e-01 -3.080130517482757568e-01 5.441747233271598816e-02
1.274674832820892334e-01 3.853138089179992676e-01 9.139394164085388184e-01 -2.912013828754425049e-01
5.336137413978576660e-01 -8.033763170242309570e-01 2.642774581909179688e-01 -1.067291945219039917e-01
0.000000000000000000e+00 0.000000000000000000e+00 0.000000000000000000e+00 1.000000000000000000e+00
8.680833578109741211e-01 4.093492031097412109e-01 -2.808290719985961914e-01 4.284193739295005798e-02
1.614852845668792725e-01 3.020831942558288574e-01 9.395041465759277344e-01 -3.034113645553588867e-01
4.694188833236694336e-01 -8.609172105789184570e-01 1.961293220520019531e-01 -8.367883414030075073e-02
0.000000000000000000e+00 0.000000000000000000e+00 0.000000000000000000e+00 1.000000000000000000e+00
8.922451734542846680e-01 3.690405786037445068e-01 -2.602077424526214600e-01 3.449562191963195801e-02
1.941329836845397949e-01 2.067747861146926880e-01 9.589350819587707520e-01 -3.136926293373107910e-01
4.076903164386749268e-01 -9.061198830604553223e-01 1.128509193658828735e-01 -5.476523563265800476e-02
0.000000000000000000e+00 0.000000000000000000e+00 0.000000000000000000e+00 1.000000000000000000e+00
9.630705714225769043e-01 1.520089805126190186e-01 -2.222360819578170776e-01 1.591802760958671570e-02
2.069805264472961426e-01 1.099274232983589172e-01 9.721498489379882812e-01 -3.210170269012451172e-01
1.722054779529571533e-01 -9.822472929954528809e-01 7.440493255853652954e-02 -2.918030507862567902e-02
0.000000000000000000e+00 0.000000000000000000e+00 0.000000000000000000e+00 1.000000000000000000e+00
9.819326996803283691e-01 3.189070895314216614e-02 -1.865241229534149170e-01 6.201195355970412493e-05
1.859019845724105835e-01 2.149903587996959686e-02 9.823329448699951172e-01 -3.270569145679473877e-01
3.533741459250450134e-02 -9.992599487304687500e-01 1.518210954964160919e-02 -9.270111331716179848e-05
0.000000000000000000e+00 0.000000000000000000e+00 0.000000000000000000e+00 1.000000000000000000e+00
9.634403586387634277e-01 2.128682434558868408e-01 -1.626959443092346191e-01 -6.494947709143161774e-03
1.811611354351043701e-01 -7.019457221031188965e-02 9.809451699256896973e-01 -3.308614194393157959e-01
1.973917484283447266e-01 -9.745562076568603516e-01 -1.061918064951896667e-01 3.533449396491050720e-02
0.000000000000000000e+00 0.000000000000000000e+00 0.000000000000000000e+00 1.000000000000000000e+00
9.834272861480712891e-01 3.423817828297615051e-02 -1.780388355255126953e-01 -5.852562026120722294e-04
1.809073686599731445e-01 -1.206269934773445129e-01 9.760742783546447754e-01 -3.312940299510955811e-01
1.194274984300136566e-02 -9.921071529388427734e-01 -1.248218566179275513e-01 5.810759961605072021e-02
0.000000000000000000e+00 0.000000000000000000e+00 0.000000000000000000e+00 1.000000000000000000e+00
9.870761036872863770e-01 8.976181596517562866e-02 -1.327535063028335571e-01 -1.472224667668342590e-02
1.393645554780960083e-01 -7.188162952661514282e-02 9.876287579536437988e-01 -3.328071534633636475e-01
7.910884916782379150e-02 -9.933659434318542480e-01 -8.346223831176757812e-02 3.789711743593215942e-02
0.000000000000000000e+00 0.000000000000000000e+00 0.000000000000000000e+00 1.000000000000000000e+00
9.700694084167480469e-01 2.335088551044464111e-01 -6.662546843290328979e-02 -3.366333991289138794e-02
5.336934700608253479e-02 6.264230608940124512e-02 9.966077208518981934e-01 -3.288461863994598389e-01
2.368904799222946167e-01 -9.703347086906433105e-01 4.830519482493400574e-02 -1.582741364836692810e-02
0.000000000000000000e+00 0.000000000000000000e+00 0.000000000000000000e+00 1.000000000000000000e+00
8.564382195472717285e-01 5.117193460464477539e-01 -6.823875010013580322e-02 -2.514733187854290009e-02
-3.860865905880928040e-02 1.952999234199523926e-01 9.799832105636596680e-01 -3.157168328762054443e-01
5.148035883903503418e-01 -8.366605043411254883e-01 1.870192885398864746e-01 -7.676572352647781372e-02
0.000000000000000000e+00 0.000000000000000000e+00 0.000000000000000000e+00 1.000000000000000000e+00
7.887034416198730469e-01 6.109461784362792969e-01 -6.849900633096694946e-02 -1.784075237810611725e-02
-1.623566150665283203e-01 3.144585192203521729e-01 9.352838993072509766e-01 -2.907010316848754883e-01
5.929481387138366699e-01 -7.265401482582092285e-01 3.472055494785308838e-01 -1.332776695489883423e-01
0.000000000000000000e+00 0.000000000000000000e+00 0.000000000000000000e+00 1.000000000000000000e+00
9.470075964927673340e-01 2.081989794969558716e-01 2.446006089448928833e-01 -1.215905621647834778e-01
-3.107391297817230225e-01 4.009594619274139404e-01 8.617848157882690430e-01 -2.549592852592468262e-01
8.134785294532775879e-02 -8.921235799789428711e-01 4.444071948528289795e-01 -1.395527124404907227e-01
0.000000000000000000e+00 0.000000000000000000e+00 0.000000000000000000e+00 1.000000000000000000e+00
8.822380900382995605e-01 3.957632184028625488e-01 2.550049722194671631e-01 -1.163687780499458313e-01
-4.404005408287048340e-01 5.022433400154113770e-01 7.441765069961547852e-01 -2.070213109254837036e-01
1.664432138204574585e-01 -7.688452005386352539e-01 6.173925995826721191e-01 -1.975542604923248291e-01
0.000000000000000000e+00 0.000000000000000000e+00 0.000000000000000000e+00 1.000000000000000000e+00
8.071650266647338867e-01 5.289998054504394531e-01 2.619995474815368652e-01 -1.090668365359306335e-01
-5.699617862701416016e-01 5.827944278717041016e-01 5.792185664176940918e-01 -1.462327390909194946e-01
1.537146270275115967e-01 -6.168544888496398926e-01 7.719209790229797363e-01 -2.413579523563385010e-01
0.000000000000000000e+00 0.000000000000000000e+00 0.000000000000000000e+00 1.000000000000000000e+00
7.354943752288818359e-01 6.132511496543884277e-01 2.880463302135467529e-01 -1.072776168584823608e-01
-6.725847721099853516e-01 6.095818281173706055e-01 4.195701777935028076e-01 -9.052410721778869629e-02
8.171430975198745728e-02 -5.023271441459655762e-01 8.608075976371765137e-01 -2.628418803215026855e-01
0.000000000000000000e+00 0.000000000000000000e+00 0.000000000000000000e+00 1.000000000000000000e+00
6.576815843582153320e-01 7.226012945175170898e-01 2.128435075283050537e-01 -7.235469669103622437e-02
-7.502900362014770508e-01 6.031481623649597168e-01 2.706973254680633545e-01 -4.027735069394111633e-02
6.723012030124664307e-02 -3.377269804477691650e-01 9.388398528099060059e-01 -2.815161943435668945e-01
0.000000000000000000e+00 0.000000000000000000e+00 0.000000000000000000e+00 1.000000000000000000e+00
6.868851184844970703e-01 7.064000368118286133e-01 1.708433628082275391e-01 -6.027169525623321533e-02
-7.264015674591064453e-01 6.598615050315856934e-01 1.921543627977371216e-01 -1.320598460733890533e-02
2.300495468080043793e-02 -2.560890316963195801e-01 9.663794636726379395e-01 -2.846978008747100830e-01
0.000000000000000000e+00 0.000000000000000000e+00 0.000000000000000000e+00 1.000000000000000000e+00
6.922692656517028809e-01 7.014604210853576660e-01 1.694589257240295410e-01 -6.062218919396400452e-02
-7.164473533630371094e-01 6.961876749992370605e-01 4.500454291701316833e-02 3.218203410506248474e-02
-8.640629798173904419e-02 -1.525637060403823853e-01 9.845091104507446289e-01 -2.800348997116088867e-01
0.000000000000000000e+00 0.000000000000000000e+00 0.000000000000000000e+00 1.000000000000000000e+00
6.779742240905761719e-01 7.178134322166442871e-01 1.584129333496093750e-01 -5.579001456499099731e-02
-7.235646843910217285e-01 6.896721720695495605e-01 -2.839218825101852417e-02 5.231013894081115723e-02
-1.296332478523254395e-01 -9.537288546562194824e-02 9.869645833969116211e-01 -2.755742073059082031e-01
0.000000000000000000e+00 0.000000000000000000e+00 0.000000000000000000e+00 1.000000000000000000e+00
6.663445830345153809e-01 7.337797880172729492e-01 1.324823945760726929e-01 -4.661298543214797974e-02
-7.301709651947021484e-01 6.781431436538696289e-01 -8.349943161010742188e-02 6.652969866991043091e-02
-1.511122137308120728e-01 -4.109544306993484497e-02 9.876620173454284668e-01 -2.719140946865081787e-01
0.000000000000000000e+00 0.000000000000000000e+00 0.000000000000000000e+00 1.000000000000000000e+00
5.860134363174438477e-01 7.956255078315734863e-01 1.535195261240005493e-01 -4.538616538047790527e-02
-7.606087327003479004e-01 6.054396629333496094e-01 -2.343441694974899292e-01 1.097320616245269775e-01
-2.793969810009002686e-01 2.056052163243293762e-02 9.599555134773254395e-01 -2.567398250102996826e-01
0.000000000000000000e+00 0.000000000000000000e+00 0.000000000000000000e+00 1.000000000000000000e+00
5.959742665290832520e-01 7.871334552764892578e-01 1.588573753833770752e-01 -4.678154736757278442e-02
-6.726173162460327148e-01 5.974006652832031250e-01 -4.366901516914367676e-01 1.656375080347061157e-01
-4.386349618434906006e-01 1.534058302640914917e-01 8.854750394821166992e-01 -2.237108647823333740e-01
0.000000000000000000e+00 0.000000000000000000e+00 0.000000000000000000e+00 1.000000000000000000e+00
6.100347042083740234e-01 7.729637026786804199e-01 1.743121445178985596e-01 -5.347386002540588379e-02
-6.075035929679870605e-01 5.974845886230468750e-01 -5.234037041664123535e-01 1.888228654861450195e-01
-5.087209343910217285e-01 2.133991271257400513e-01 8.340646028518676758e-01 -2.033347636461257935e-01
0.000000000000000000e+00 0.000000000000000000e+00 0.000000000000000000e+00 1.000000000000000000e+00
6.733852624893188477e-01 7.192758917808532715e-01 1.708631962537765503e-01 -5.742317438125610352e-02
-4.956040978431701660e-01 6.106941103935241699e-01 -6.175994277000427246e-01 2.116846144199371338e-01
-5.485696196556091309e-01 3.312017917633056641e-01 7.677087187767028809e-01 -1.769674718379974365e-01
0.000000000000000000e+00 0.000000000000000000e+00 0.000000000000000000e+00 1.000000000000000000e+00
7.460887432098388672e-01 6.486674547195434570e-01 1.502727717161178589e-01 -5.680518969893455505e-02
-3.919591307640075684e-01 6.103039979934692383e-01 -6.884016394615173340e-01 2.272178232669830322e-01
