-0.2247148454189301 0.8056856393814087 0.5480635762214661 -0.1541687250137329 
-0.8613717555999756 0.09871367365121841 -0.4982911646366119 0.2051560133695602 
-0.4555673897266388 -0.58406001329422 0.6718125939369202 -0.2073745280504227 
0 0 0 1 

-0.2335807383060455 0.7030170559883118 0.6717194318771362 -0.2014377266168594 
-0.8944305777549744 0.1155969426035881 -0.4320083260536194 0.1834120452404022 
-0.3813579082489014 -0.7017152905464172 0.6017987728118896 -0.1848770827054977 
0 0 0 1 

-0.202533170580864 0.6794673204421997 0.7051981091499329 -0.2150609046220779 
-0.9299006462097168 0.09233369678258896 -0.3560326099395752 0.1587691158056259 
-0.3070260584354401 -0.7278726696968079 0.6131365299224854 -0.1895085722208023 
0 0 0 1 

-0.1428236663341522 0.6478329300880432 0.7482740879058838 -0.2321573048830032 
-0.9585610032081604 0.09775219857692719 -0.2675921618938446 0.1290307343006134 
-0.2465004771947861 -0.7554847598075867 0.6070258617401123 -0.1853565275669098 
0 0 0 1 

-0.177631214261055 0.5505396127700806 0.8156918883323669 -0.2553239166736603 
-0.9617117643356323 0.07867224514484406 -0.2625283002853394 0.129985049366951 
-0.2087046056985855 -0.8310937285423279 0.5154857635498047 -0.1497493535280228 
0 0 0 1 

-0.2019313871860504 0.4932291507720947 0.8461374640464783 -0.2503425776958466 
-0.9551361799240112 -0.2902847230434418 -0.05873170122504234 0.07749517261981964 
0.2166527211666107 -0.8200362920761108 0.5297187566757202 -0.1783439218997955 
0 0 0 1 

-0.1778970509767532 0.4878215789794922 0.8546242713928223 -0.2564067542552948 
-0.9791959524154663 -0.1739007085561752 -0.1045647636055946 0.09237468987703323 
0.09761083871126175 -0.8554463982582092 0.508609414100647 -0.1609625518321991 
0 0 0 1 

-0.1089235693216324 0.6155285239219666 0.7805512547492981 -0.2397784888744354 
-0.993740975856781 -0.08700785785913467 -0.07006078213453293 0.07873144000768661 
0.0247897170484066 -0.7832970023155212 0.6211531758308411 -0.1904374808073044 
0 0 0 1 

0.02040119841694832 0.7494540810585022 0.6617419123649597 -0.2097612321376801 
-0.9997604489326477 0.02054208517074585 0.007557299453765154 0.04952636733651161 
-0.007929684594273567 -0.6617375612258911 0.7496936321258545 -0.2290000319480896 
0 0 0 1 

0.002298233797773719 0.7448098063468933 0.6672728061676025 -0.2099828124046326 
-0.9998554587364197 0.01295275241136551 -0.01101419981569052 0.05481709167361259 
-0.01684650592505932 -0.6671510934829712 0.7447319030761719 -0.2287319004535675 
0 0 0 1 

