0.6957393884658813 0.4996627569198608 -0.5160267949104309 0.1278725415468216 
-0.09876894950866699 0.7781305909156799 0.6202881932258606 -0.1701110899448395 
0.7114711999893188 -0.3805914521217346 0.5907272696495056 -0.2085128128528595 
0 0 0 1 

0.7111324667930603 0.5061951279640198 -0.4879108667373657 0.1183118000626564 
-0.03595778346061707 0.7192621827125549 0.6938075423240662 -0.1992323249578476 
0.7021378874778748 -0.4758448898792267 0.5296923518180847 -0.189740389585495 
0 0 0 1 

0.719113290309906 0.5098224282264709 -0.4721834063529968 0.1128914430737495 
0.01642622798681259 0.6668440103530884 0.7450162768363953 -0.2204412370920181 
0.694698691368103 -0.5435072779655457 0.4711619317531586 -0.1725941300392151 
0 0 0 1 

0.7690721154212952 0.4876595139503479 -0.4131782352924347 0.09111174941062927 
0.05370034649968147 0.5948528647422791 0.8020387887954712 -0.2429156601428986 
0.6369021534919739 -0.639013409614563 0.431297242641449 -0.1603560894727707 
0 0 0 1 

0.8133938908576965 0.4597724080085754 -0.3563700616359711 0.07003103941679001 
0.09598436951637268 0.498146265745163 0.8617638945579529 -0.2691677808761597 
0.5737397074699402 -0.7351594567298889 0.3610581755638123 -0.1379466503858566 
0 0 0 1 

0.8817462921142578 0.3780720829963684 -0.2821080386638641 0.04301835596561432 
0.1243463605642319 0.3906011283397675 0.9121231436729431 -0.2906308472156525 
0.4550400376319885 -0.8393402695655823 0.2973992526531219 -0.112801805138588 
0 0 0 1 

0.8836291432380676 -0.4673934280872345 -0.02725372649729252 -0.06433067470788956 
0.4388796985149384 0.8066390752792358 0.3958759903907776 -0.1779771745204926 
-0.1630460172891617 -0.3617686629295349 0.9178994297981262 -0.2979363203048706 
0 0 0 1 

0.8401412963867188 -0.537237823009491 -0.07441756129264832 -0.046707633882761 
0.5102786421775818 0.7364642024040222 0.4441124796867371 -0.2033309638500214 
-0.1837882995605469 -0.4110909104347229 0.8928751349449158 -0.2907403707504272 
0 0 0 1 

0.8038537502288818 -0.5823957920074463 -0.1209714859724045 -0.03035595826804638 
0.5566328763961792 0.6648167371749878 0.4981750547885895 -0.2289798706769943 
-0.2097112983465195 -0.4677965939044952 0.8585962057113647 -0.2798694968223572 
0 0 0 1 

0.7754017114639282 -0.6107231974601746 -0.1605279892683029 -0.01835084706544876 
0.591831386089325 0.6142088174819946 0.5219990015029907 -0.2439446151256561 
-0.2201992720365524 -0.4997644424438477 0.8377038240432739 -0.2748724520206451 
0 0 0 1 

