0.4546250998973846 0.8597763776779175 -0.2325947284698486 0.05683282017707825 
-0.8235851526260376 0.3063534200191498 -0.4773412942886353 0.1558675318956375 
-0.3391507267951965 0.4085729122161865 0.8473753333091736 -0.1754086762666702 
0 0 0 1 

0.4467698931694031 0.8469648361206055 -0.2881791591644287 0.07391953468322754 
-0.8025898933410645 0.2371165007352829 -0.5473803877830505 0.1732339859008789 
-0.3952798843383789 0.4758427739143372 0.7857019305229187 -0.1569522023200989 
0 0 0 1 

0.4284053444862366 0.8412458896636963 -0.3298092782497406 0.08967308700084686 
-0.7873191833496094 0.1684205830097198 -0.5930960178375244 0.1830843091011047 
-0.4433929622173309 0.5137506723403931 0.7344813942909241 -0.1386978030204773 
0 0 0 1 

0.4071593284606934 0.8453531265258789 -0.3458315134048462 0.1002732738852501 
-0.7789934873580933 0.1237237751483917 -0.6147044897079468 0.1850261837244034 
-0.4768547415733337 0.5196831226348877 0.7088998556137085 -0.1255178898572922 
0 0 0 1 

0.3430794179439545 0.8758823871612549 -0.3393028974533081 0.106246180832386 
-0.7736924886703491 0.05867523699998856 -0.6308384537696838 0.1835661232471466 
-0.5326316356658936 0.478943794965744 0.6977939605712891 -0.1160078048706055 
0 0 0 1 

0.173760250210762 0.9351624250411987 -0.3086723983287811 0.1095820516347885 
-0.7850005626678467 -0.05773006752133369 -0.6167993545532227 0.1673242449760437 
-0.5946272611618042 0.3494832515716553 0.724071741104126 -0.1186883077025414 
0 0 0 1 

0.02529129944741726 0.9435142278671265 -0.3303650617599487 0.1156794503331184 
-0.7878001928329468 -0.1846293956041336 -0.5876075625419617 0.1504361033439636 
-0.6154112815856934 0.2751230001449585 0.7386313080787659 -0.1220288500189781 
0 0 0 1 

-0.08916975557804108 0.9351915121078491 -0.3427323997020721 0.1169915422797203 
-0.7490251064300537 -0.2897742986679077 -0.5958120226860046 0.1547595858573914 
-0.656513512134552 0.203586682677269 0.7263212203979492 -0.1174685508012772 
0 0 0 1 

-0.04968323186039925 0.9230202436447144 -0.3815303146839142 0.1289231032133102 
-0.7107192277908325 -0.3010629117488861 -0.6357982754707336 0.1683840900659561 
-0.7017192244529724 0.2395724356174469 0.6709659099578857 -0.09755416959524155 
0 0 0 1 

0.1109475642442703 0.9603509902954102 -0.2557676136493683 0.07754148542881012 
-0.7443586587905884 -0.09022285044193268 -0.6616570353507996 0.1788774877786636 
-0.6584988832473755 0.2637919485569 0.7048352956771851 -0.1071223616600037 
0 0 0 1 

