0.09690394252538681 0.9544786214828491 0.2820990085601807 -0.08965214341878891 
0.8020352721214294 -0.2427200525999069 0.5457342863082886 -0.2537643313407898 
0.5893629789352417 0.1733696907758713 -0.7890459895133972 0.2312293946743011 
0 0 0 1 

0.2009387612342834 0.9431756138801575 0.2646566033363342 -0.09128428995609283 
0.8225467801094055 -0.3091739416122437 0.4773131310939789 -0.2349657118320465 
0.5320151448249817 0.1217818483710289 -0.8379310965538025 0.2513855993747711 
0 0 0 1 

0.3111104369163513 0.92093825340271 0.2346973121166229 -0.08958716690540314 
0.8340666890144348 -0.3829582929611206 0.3970834910869598 -0.2116239964962006 
0.4555687606334686 0.07221647351980209 -0.8872660994529724 0.2734183371067047 
0 0 0 1 

0.412883996963501 0.8979052901268005 0.1526198536157608 -0.06896338611841202 
0.8468960523605347 -0.4401469826698303 0.2983917593955994 -0.1822340190410614 
0.3351027369499207 0.006051968317478895 -0.9421621561050415 0.300771027803421 
0 0 0 1 

0.04523694515228271 0.9420016407966614 0.3325453400611877 -0.0938408151268959 
0.6396995782852173 0.228367418050766 -0.7339160442352295 0.200751394033432 
-0.7672926187515259 0.2459291368722916 -0.5922672748565674 0.2655583024024963 
0 0 0 1 

-0.01551935169845819 0.9414010047912598 0.3369317650794983 -0.08515787869691849 
0.726536750793457 0.2421292513608932 -0.6430533528327942 0.1667363345623016 
-0.6869521141052246 0.2348135262727737 -0.6877202391624451 0.269569456577301 
0 0 0 1 

-0.1762283444404602 0.9421349763870239 0.2851753234863281 -0.06103662773966789 
0.8019761443138123 0.3054072558879852 -0.5133814215660095 0.1246170252561569 
-0.5707692503929138 0.1382314115762711 -0.8093911409378052 0.2961460947990417 
0 0 0 1 

-0.2540579438209534 0.9242861270904541 0.2848675549030304 -0.05720219016075134 
0.8516354560852051 0.353388786315918 -0.3870831429958344 0.08471813052892685 
-0.4584445655345917 0.1442617624998093 -0.876936137676239 0.3112306594848633 
0 0 0 1 

-0.3392537534236908 0.8957393169403076 0.2873287200927734 -0.05540798977017403 
0.8720765709877014 0.4139948189258575 -0.2609418928623199 0.04742065444588661 
-0.3526885211467743 0.1620471179485321 -0.9216026663780212 0.3214986324310303 
0 0 0 1 

-0.3944157958030701 0.8729578256607056 0.2870204448699951 -0.05649057403206825 
0.8846773505210876 0.4452008306980133 -0.13835509121418 0.01191640738397837 
-0.2485599219799042 0.1993510574102402 -0.9478802084922791 0.3278411626815796 
0 0 0 1 

