1.000000000000000000e+00 0.000000000000000000e+00 0.000000000000000000e+00 -3.619798645377159119e-02
0.000000000000000000e+00 1.000000000000000000e+00 0.000000000000000000e+00 -1.327119767665863037e-03
0.000000000000000000e+00 0.000000000000000000e+00 1.000000000000000000e+00 -2.960163652896881104e-01
0.000000000000000000e+00 0.000000000000000000e+00 0.000000000000000000e+00 1.000000000000000000e+00
9.905175566673278809e-01 1.352725028991699219e-01 2.400301583111286163e-02 -4.646591097116470337e-02
-1.336252987384796143e-01 9.891855716705322266e-01 -6.046470254659652710e-02 2.948296256363391876e-02
-3.192269429564476013e-02 5.668392404913902283e-02 9.978818297386169434e-01 -2.963787615299224854e-01
0.000000000000000000e+00 0.000000000000000000e+00 0.000000000000000000e+00 1.000000000000000000e+00
9.707722663879394531e-01 2.346086055040359497e-01 5.059187859296798706e-02 -5.500828102231025696e-02
-2.286327630281448364e-01 9.681171178817749023e-01 -1.023532450199127197e-01 5.310402810573577881e-02
-7.299187034368515015e-02 8.779472857713699341e-02 9.934605360031127930e-01 -2.938241660594940186e-01
0.000000000000000000e+00 0.000000000000000000e+00 0.000000000000000000e+00 1.000000000000000000e+00
9.367027282714843750e-01 3.453373014926910400e-01 5.770274251699447632e-02 -5.604228377342224121e-02
-3.344666957855224609e-01 9.313106536865234375e-01 -1.441951245069503784e-01 7.528967410326004028e-02
-1.035352423787117004e-01 1.157682910561561584e-01 9.878655076026916504e-01 -2.901976108551025391e-01
0.000000000000000000e+00 0.000000000000000000e+00 0.000000000000000000e+00 1.000000000000000000e+00
8.936018943786621094e-01 4.483689963817596436e-01 2.099571935832500458e-02 -3.946175798773765564e-02
-4.388803541660308838e-01 8.825861811637878418e-01 -1.685981154441833496e-01 8.921543508768081665e-02
-9.412473440170288086e-02 1.414449959993362427e-01 9.854612946510314941e-01 -2.899406552314758301e-01
0.000000000000000000e+00 0.000000000000000000e+00 0.000000000000000000e+00 1.000000000000000000e+00
8.278684020042419434e-01 5.609161853790283203e-01 2.662433078512549400e-03 -2.748239971697330475e-02
-5.498838424682617188e-01 8.125041723251342773e-01 -1.935576647520065308e-01 1.036041751503944397e-01
-1.107329428195953369e-01 1.587761938571929932e-01 9.810853004455566406e-01 -2.885306477546691895e-01
0.000000000000000000e+00 0.000000000000000000e+00 0.000000000000000000e+00 1.000000000000000000e+00
7.522975802421569824e-01 6.583964228630065918e-01 -2.371517382562160492e-02 -1.275767851620912552e-02
-6.517913341522216797e-01 7.385401129722595215e-01 -1.724129021167755127e-01 1.008284911513328552e-01
-9.600143879652023315e-02 1.451630890369415283e-01 9.847392439842224121e-01 -2.920610010623931885e-01
0.000000000000000000e+00 0.000000000000000000e+00 0.000000000000000000e+00 1.000000000000000000e+00
6.960343718528747559e-01 7.160644531250000000e-01 -5.280062183737754822e-02 1.002519093162845820e-05
-7.162953615188598633e-01 6.874163746833801270e-01 -1.199146881699562073e-01 8.371359854936599731e-02
-4.957066848874092102e-02 1.212856099009513855e-01 9.913792014122009277e-01 -2.990469634532928467e-01
0.000000000000000000e+00 0.000000000000000000e+00 0.000000000000000000e+00 1.000000000000000000e+00
5.835435390472412109e-01 8.119442462921142578e-01 -1.494781300425529480e-02 -8.169716224074363708e-03
-8.101482987403869629e-01 5.807859897613525391e-01 -7.967183738946914673e-02 7.103805243968963623e-02
-5.600760132074356079e-02 5.860192328691482544e-02 9.967089295387268066e-01 -3.062910437583923340e-01
0.000000000000000000e+00 0.000000000000000000e+00 0.000000000000000000e+00 1.000000000000000000e+00
5.001372694969177246e-01 8.655182719230651855e-01 -2.720884792506694794e-02 3.363911237102001905e-04
-8.653091192245483398e-01 4.983179271221160889e-01 -5.402928590774536133e-02 6.373549997806549072e-02
-3.320471197366714478e-02 5.056610330939292908e-02 9.981690645217895508e-01 -3.109039068222045898e-01
0.000000000000000000e+00 0.000000000000000000e+00 0.000000000000000000e+00 1.000000000000000000e+00
4.008460342884063721e-01 9.155802726745605469e-01 -3.218160569667816162e-02 6.649254355579614639e-03
-9.161345958709716797e-01 4.007630348205566406e-01 -9.271631948649883270e-03 4.696654528379440308e-02
4.408274777233600616e-03 3.319919109344482422e-02 9.994389414787292480e-01 -3.152253925800323486e-01
0.000000000000000000e+00 0.000000000000000000e+00 0.000000000000000000e+00 1.000000000000000000e+00
2.900947034358978271e-01 9.561133980751037598e-01 -4.113115370273590088e-02 1.444863528013229370e-02
-9.561029672622680664e-01 2.914138734340667725e-01 3.073764592409133911e-02 3.251197189092636108e-02
4.137486964464187622e-02 3.040880337357521057e-02 9.986809492111206055e-01 -3.178257644176483154e-01
0.000000000000000000e+00 0.000000000000000000e+00 0.000000000000000000e+00 1.000000000000000000e+00
1.760773807764053345e-01 9.826557636260986328e-01 -5.817880481481552124e-02 2.487588860094547272e-02
-9.825375080108642578e-01 1.790521293878555298e-01 5.060253664851188660e-02 2.416418865323066711e-02
6.014186888933181763e-02 4.825288057327270508e-02 9.970229268074035645e-01 -3.185914754867553711e-01
0.000000000000000000e+00 0.000000000000000000e+00 0.000000000000000000e+00 1.000000000000000000e+00
9.790142625570297241e-02 9.920293688774108887e-01 -7.932971417903900146e-02 3.523853048682212830e-02
-9.908323884010314941e-01 1.046186015009880066e-01 8.547540754079818726e-02 1.130027137696743011e-02
9.309345483779907227e-02 7.023426145315170288e-02 9.931769967079162598e-01 -3.175789415836334229e-01
0.000000000000000000e+00 0.000000000000000000e+00 0.000000000000000000e+00 1.000000000000000000e+00
1.763580553233623505e-02 9.969469904899597168e-01 -7.606448233127593994e-02 3.889419138431549072e-02
-9.972962141036987305e-01 2.296807430684566498e-02 6.980730593204498291e-02 1.881263218820095062e-02
7.134125381708145142e-02 7.462768256664276123e-02 9.946563243865966797e-01 -3.119992315769195557e-01
0.000000000000000000e+00 0.000000000000000000e+00 0.000000000000000000e+00 1.000000000000000000e+00
-8.872127532958984375e-02 9.077980518341064453e-01 -4.099155366420745850e-01 1.555754095315933228e-01
-9.908854961395263672e-01 -3.856047615408897400e-02 1.290697008371353149e-01 -1.103305141441524029e-03
1.013625860214233398e-01 4.176307022571563721e-01 9.029451012611389160e-01 -2.763585448265075684e-01
0.000000000000000000e+00 0.000000000000000000e+00 0.000000000000000000e+00 1.000000000000000000e+00
-1.635717451572418213e-01 8.844655752182006836e-01 -4.369946420192718506e-01 1.662488132715225220e-01
-9.773640632629394531e-01 -8.503983169794082642e-02 1.937192827463150024e-01 -2.386851236224174500e-02
1.341761648654937744e-01 4.587897658348083496e-01 8.783554434776306152e-01 -2.695989310741424561e-01
0.000000000000000000e+00 0.000000000000000000e+00 0.000000000000000000e+00 1.000000000000000000e+00
-1.278043687343597412e-01 8.283323645591735840e-01 -5.454644560813903809e-01 1.940850317478179932e-01
-9.917661547660827637e-01 -1.112572029232978821e-01 6.342131644487380981e-02 1.852146722376346588e-02
-8.152907714247703552e-03 5.490784645080566406e-01 8.357307910919189453e-01 -2.487296015024185181e-01
0.000000000000000000e+00 0.000000000000000000e+00 0.000000000000000000e+00 1.000000000000000000e+00
-8.338037133216857910e-02 7.578778862953186035e-01 -6.470460295677185059e-01 2.160910367965698242e-01
-9.947149753570556641e-01 -2.426291815936565399e-02 9.976321458816528320e-02 9.979494847357273102e-03
5.990912765264511108e-02 6.519450545310974121e-01 7.558956742286682129e-01 -2.330271601676940918e-01
0.000000000000000000e+00 0.000000000000000000e+00 0.000000000000000000e+00 1.000000000000000000e+00
-5.419043079018592834e-02 5.875550508499145508e-01 -8.073677420616149902e-01 2.632386088371276855e-01
-9.849556684494018555e-01 1.014191433787345886e-01 1.399169266223907471e-01 -2.694622380658984184e-03
1.640915572643280029e-01 8.028035759925842285e-01 5.732196569442749023e-01 -1.755535900592803955e-01
0.000000000000000000e+00 0.000000000000000000e+00 0.000000000000000000e+00 1.000000000000000000e+00
-1.209171712398529053e-01 4.470869898796081543e-01 -8.862801194190979004e-01 2.864413559436798096e-01
-9.864522218704223633e-01 4.559705406427383423e-02 1.575855612754821777e-01 -1.200851611793041229e-02
1.108660548925399780e-01 8.933274745941162109e-01 4.355163574218750000e-01 -1.266498416662216187e-01
0.000000000000000000e+00 0.000000000000000000e+00 0.000000000000000000e+00 1.000000000000000000e+00
-1.901089996099472046e-01 3.277459144592285156e-01 -9.254409670829772949e-01 3.001907169818878174e-01
-9.751911163330078125e-01 4.584119096398353577e-02 2.165636867284774780e-01 -3.092483989894390106e-02
1.134011819958686829e-01 9.436526298522949219e-01 3.109003305435180664e-01 -8.780399709939956665e-02
0.000000000000000000e+00 0.000000000000000000e+00 0.000000000000000000e+00 1.000000000000000000e+00
-2.764667570590972900e-01 2.186428010463714600e-01 -9.358212947845458984e-01 3.071264922618865967e-01
-9.584712982177734375e-01 8.184659294784069061e-03 2.850704491138458252e-01 -5.389032512903213501e-02
6.998793035745620728e-02 9.757707715034484863e-01 2.073002457618713379e-01 -5.323620513081550598e-02
0.000000000000000000e+00 0.000000000000000000e+00 0.000000000000000000e+00 1.000000000000000000e+00
-1.864876598119735718e-01 -8.128414154052734375e-01 -5.518257617950439453e-01 1.795310378074645996e-01
-9.485456943511962891e-01 2.667692489922046661e-03 3.166286647319793701e-01 -6.171996146440505981e-02
-2.558966577053070068e-01 5.824798345565795898e-01 -7.715144157409667969e-01 2.718677520751953125e-01
0.000000000000000000e+00 0.000000000000000000e+00 0.000000000000000000e+00 1.000000000000000000e+00
-1.654868572950363159e-01 -8.727855682373046875e-01 -4.591953754425048828e-01 1.484296172857284546e-01
-9.684166908264160156e-01 5.575851723551750183e-02 2.430225908756256104e-01 -3.859192132949829102e-02
-1.865025460720062256e-01 4.849097132682800293e-01 -8.544470071792602539e-01 2.935862541198730469e-01
0.000000000000000000e+00 0.000000000000000000e+00 0.000000000000000000e+00 1.000000000000000000e+00
-8.723288029432296753e-02 -8.536118865013122559e-01 -5.135527253150939941e-01 1.586315929889678955e-01
-9.894553422927856445e-01 1.441130228340625763e-02 1.441175788640975952e-01 -4.779676906764507294e-03
-1.156196370720863342e-01 5.207093358039855957e-01 -8.458679914474487305e-01 2.865636646747589111e-01
0.000000000000000000e+00 0.000000000000000000e+00 0.000000000000000000e+00 1.000000000000000000e+00
2.532558515667915344e-02 -8.552381396293640137e-01 -5.176151394844055176e-01 1.503493785858154297e-01
-9.989515542984008789e-01 -4.140151664614677429e-02 1.953076757490634918e-02 3.728996217250823975e-02
-3.813361376523971558e-02 5.165780782699584961e-01 -8.553904891014099121e-01 2.841996848583221436e-01
0.000000000000000000e+00 0.000000000000000000e+00 0.000000000000000000e+00 1.000000000000000000e+00
5.893791839480400085e-02 -8.551108837127685547e-01 -5.150836706161499023e-01 1.462436020374298096e-01
-9.946513175964355469e-01 -6.461630109697580338e-03 -1.030847430229187012e-01 7.676663994789123535e-02
8.482065796852111816e-02 5.184043645858764648e-01 -8.509181141853332520e-01 2.746289670467376709e-01
0.000000000000000000e+00 0.000000000000000000e+00 0.000000000000000000e+00 1.000000000000000000e+00
3.222919255495071411e-02 -8.621087670326232910e-01 -5.056976079940795898e-01 1.474818736314773560e-01
-9.826953411102294922e-01 6.500285118818283081e-02 -1.734456866979598999e-01 9.088318049907684326e-02
1.824010163545608521e-01 5.025363564491271973e-01 -8.450958132743835449e-01 2.690739631652832031e-01
0.000000000000000000e+00 0.000000000000000000e+00 0.000000000000000000e+00 1.000000000000000000e+00
-4.298516735434532166e-02 -8.648831844329833984e-01 -5.001278519630432129e-01 1.537821590900421143e-01
-9.947783946990966797e-01 8.343012630939483643e-02 -5.877774208784103394e-02 5.456475913524627686e-02
9.256165474653244019e-02 4.949905276298522949e-01 -8.639543652534484863e-01 2.899810671806335449e-01
0.000000000000000000e+00 0.000000000000000000e+00 0.000000000000000000e+00 1.000000000000000000e+00
-3.972591087222099304e-02 -8.755608797073364258e-01 -4.814716577529907227e-01 1.455372273921966553e-01
-9.923611283302307129e-01 -2.175051532685756683e-02 1.214324384927749634e-01 -2.817909931764006615e-03
-1.167938038706779480e-01 4.826179146766662598e-01 -8.680090308189392090e-01 3.094345033168792725e-01
0.000000000000000000e+00 0.000000000000000000e+00 0.000000000000000000e+00 1.000000000000000000e+00
1.300087571144104004e-01 -8.674866557121276855e-01 -4.801713526248931885e-01 1.315462738275527954e-01
-9.857696294784545898e-01 -1.651360541582107544e-01 3.143608570098876953e-02 2.478038519620895386e-02
-1.065640971064567566e-01 4.692513644695281982e-01 -8.766115307807922363e-01 3.135214447975158691e-01
0.000000000000000000e+00 0.000000000000000000e+00 0.000000000000000000e+00 1.000000000000000000e+00
2.328805923461914062e-01 -8.067572712898254395e-01 -5.430552959442138672e-01 1.375979483127593994e-01
-9.439770579338073730e-01 -3.217833936214447021e-01 7.322880625724792480e-02 1.037726830691099167e-02
-2.338242083787918091e-01 4.955783784389495850e-01 -8.364974856376647949e-01 3.062124252319335938e-01
0.000000000000000000e+00 0.000000000000000000e+00 0.000000000000000000e+00 1.000000000000000000e+00
3.379627168178558350e-01 -7.409191727638244629e-01 -5.803620219230651855e-01 1.345216035842895508e-01
-9.103595614433288574e-01 -4.138133525848388672e-01 -1.835166243836283684e-03 3.302704170346260071e-02
-2.388019710779190063e-01 5.289582014083862305e-01 -8.143563866615295410e-01 2.937715351581573486e-01
0.000000000000000000e+00 0.000000000000000000e+00 0.000000000000000000e+00 1.000000000000000000e+00
3.623247146606445312e-01 -7.297995090484619141e-01 -5.797531008720397949e-01 1.320414245128631592e-01
-9.191591739654541016e-01 -3.828780055046081543e-01 -9.247017651796340942e-02 6.313418596982955933e-02
-1.544900536537170410e-01 5.663895010948181152e-01 -8.095279335975646973e-01 2.842203974723815918e-01
0.000000000000000000e+00 0.000000000000000000e+00 0.000000000000000000e+00 1.000000000000000000e+00
3.721115291118621826e-01 -7.168696522712707520e-01 -5.896022915840148926e-01 1.347248852252960205e-01
-9.246523380279541016e-01 -3.416898548603057861e-01 -1.681244671344757080e-01 8.666423708200454712e-02
-8.093787729740142822e-02 6.077383160591125488e-01 -7.900021076202392578e-01 2.718911468982696533e-01
0.000000000000000000e+00 0.000000000000000000e+00 0.000000000000000000e+00 1.000000000000000000e+00
5.367969870567321777e-01 -6.070699095726013184e-01 -5.859299898147583008e-01 1.282514631748199463e-01
-8.395731449127197266e-01 -4.530416727066040039e-01 -2.997831702232360840e-01 1.227524876594543457e-01
-8.346156030893325806e-02 6.528540849685668945e-01 -7.528713345527648926e-01 2.593692541122436523e-01
0.000000000000000000e+00 0.000000000000000000e+00 0.000000000000000000e+00 1.000000000000000000e+00
6.856560707092285156e-01 -4.148938655853271484e-01 -5.981128215789794922e-01 1.275794357061386108e-01
-7.045816183090209961e-01 -5.846858024597167969e-01 -4.021282792091369629e-01 1.511179655790328979e-01
-1.828675866127014160e-01 6.971408128738403320e-01 -6.932197809219360352e-01 2.553653419017791748e-01
0.000000000000000000e+00 0.000000000000000000e+00 0.000000000000000000e+00 1.000000000000000000e+00
7.075331211090087891e-01 -3.413867950439453125e-01 -6.187500953674316406e-01 1.302287578582763672e-01
-6.474359035491943359e-01 -6.640744209289550781e-01 -3.739408850669860840e-01 1.413475424051284790e-01
-2.832377254962921143e-01 6.651768088340759277e-01 -6.908805370330810547e-01 2.649552524089813232e-01
0.000000000000000000e+00 0.000000000000000000e+00 0.000000000000000000e+00 1.000000000000000000e+00
7.554261088371276855e-01 -2.562419474124908447e-01 -6.030518412590026855e-01 1.299066394567489624e-01
-5.668294429779052734e-01 -7.172503471374511719e-01 -4.052852392196655273e-01 1.435846835374832153e-01
-3.286881446838378906e-01 6.479907035827636719e-01 -6.870749592781066895e-01 2.630988061428070068e-01
0.000000000000000000e+00 0.000000000000000000e+00 0.000000000000000000e+00 1.000000000000000000e+00
7.474057078361511230e-01 -2.499582469463348389e-01 -6.155529022216796875e-01 1.405547112226486206e-01
-5.375871062278747559e-01 -7.719411253929138184e-01 -3.392761349678039551e-01 1.150738075375556946e-01
-3.903653621673583984e-01 5.844899415969848633e-01 -7.113269567489624023e-01 2.746022939682006836e-01
0.000000000000000000e+00 0.000000000000000000e+00 0.000000000000000000e+00 1.000000000000000000e+00
7.383698225021362305e-01 -3.484250009059906006e-01 -5.774162411689758301e-01 1.369189172983169556e-01
-5.820681452751159668e-01 -7.616646885871887207e-01 -2.847149968147277832e-01 9.449681639671325684e-02
-3.405958116054534912e-01 5.463213324546813965e-01 -7.651975154876708984e-01 2.883455455303192139e-01
0.000000000000000000e+00 0.000000000000000000e+00 0.000000000000000000e+00 1.000000000000000000e+00
8.121662735939025879e-01 -1.819219440221786499e-01 -5.543379783630371094e-01 1.339689195156097412e-01
-5.258836746215820312e-01 -6.397257447242736816e-01 -5.605332255363464355e-01 1.816479563713073730e-01
-2.526510357856750488e-01 7.467632293701171875e-01 -6.152333021163940430e-01 2.469527274370193481e-01
0.000000000000000000e+00 0.000000000000000000e+00 0.000000000000000000e+00 1.000000000000000000e+00
8.488602638244628906e-01 -1.065068542957305908e-01 -5.177764296531677246e-01 1.211993694305419922e-01
-4.759152233600616455e-01 -5.803167223930358887e-01 -6.608599424362182617e-01 2.147330641746520996e-01
-2.300885468721389771e-01 8.073956370353698730e-01 -5.432963371276855469e-01 2.223301082849502563e-01
0.000000000000000000e+00 0.000000000000000000e+00 0.000000000000000000e+00 1.000000000000000000e+00
8.794295191764831543e-01 -4.691372439265251160e-02 -4.737118482589721680e-01 1.058037132024765015e-01
-4.291926026344299316e-01 -5.085861086845397949e-01 -7.464136481285095215e-01 2.432764619588851929e-01
-2.059063464403152466e-01 8.597317337989807129e-01 -4.674009978771209717e-01 1.963763982057571411e-01
0.000000000000000000e+00 0.000000000000000000e+00 0.000000000000000000e+00 1.000000000000000000e+00
8.745453953742980957e-01 1.544305533170700073e-01 -4.596972167491912842e-01 1.045166775584220886e-01
-3.631013631820678711e-01 -4.198180139064788818e-01 -8.318111896514892578e-01 2.712922096252441406e-01
-3.214462697505950928e-01 8.943732380867004395e-01 -3.110760152339935303e-01 1.509251147508621216e-01
0.000000000000000000e+00 0.000000000000000000e+00 0.000000000000000000e+00 1.000000000000000000e+00
9.496632814407348633e-01 -2.648770809173583984e-01 -1.672711670398712158e-01 2.361040969844907522e-04
-2.485802471637725830e-01 -3.121947944164276123e-01 -9.169198274612426758e-01 2.934157848358154297e-01
1.906499117612838745e-01 9.123454093933105469e-01 -3.623232841491699219e-01 1.365285217761993408e-01
0.000000000000000000e+00 0.000000000000000000e+00 0.000000000000000000e+00 1.000000000000000000e+00
9.775937199592590332e-01 -1.419638395309448242e-01 -1.554244160652160645e-01 -3.572541521862149239e-03
-1.853500157594680786e-01 -2.305392324924468994e-01 -9.552471637725830078e-01 3.029848039150238037e-01
9.977913647890090942e-02 9.626516103744506836e-01 -2.516866624355316162e-01 1.042228266596794128e-01
0.000000000000000000e+00 0.000000000000000000e+00 0.000000000000000000e+00 1.000000000000000000e+00
9.747646450996398926e-01 -1.859020441770553589e-01 -1.235887780785560608e-01 -1.435377076268196106e-02
-1.471529155969619751e-01 -1.187758743762969971e-01 -9.819564819335937500e-01 3.095152378082275391e-01
1.678683310747146606e-01 9.753630161285400391e-01 -1.431344896554946899e-01 6.271394342184066772e-02
0.000000000000000000e+00 0.000000000000000000e+00 0.000000000000000000e+00 1.000000000000000000e+00
9.512356519699096680e-01 -2.855353057384490967e-01 -1.167061775922775269e-01 -1.738477125763893127e-02
-1.390172243118286133e-01 -5.908589437603950500e-02 -9.885256886482238770e-01 3.100888431072235107e-01
2.753632962703704834e-01 9.565453529357910156e-01 -9.589897841215133667e-02 3.991154581308364868e-02
0.000000000000000000e+00 0.000000000000000000e+00 0.000000000000000000e+00 1.000000000000000000e+00
9.949986934661865234e-01 -1.044962089508771896e-02 -9.934128820896148682e-02 -2.174392901360988617e-02
-9.902949631214141846e-02 2.701764740049839020e-02 -9.947175383567810059e-01 3.089085221290588379e-01
1.307837106287479401e-02 9.995800852775573730e-01 2.584766596555709839e-02 1.140469778329133987e-02
0.000000000000000000e+00 0.000000000000000000e+00 0.000000000000000000e+00 1.000000000000000000e+00
9.959431290626525879e-01 -5.373648554086685181e-02 -7.217986881732940674e-02 -3.076059743762016296e-02
-6.540838629007339478e-02 1.185777559876441956e-01 -9.907881617546081543e-01 3.035140931606292725e-01
6.180039793252944946e-02 9.914897084236145020e-01 1.145817637443542480e-01 -2.338633872568607330e-02
0.000000000000000000e+00 0.000000000000000000e+00 0.000000000000000000e+00 1.000000000000000000e+00
9.838507175445556641e-01 8.854999393224716187e-02 -1.555525511503219604e-01 -5.962047725915908813e-03
-1.681425124406814575e-01 1.592789590358734131e-01 -9.728094935417175293e-01 3.057179152965545654e-01
-6.136604025959968567e-02 9.832543730735778809e-01 1.715957224369049072e-01 -2.442505024373531342e-02
0.000000000000000000e+00 0.000000000000000000e+00 0.000000000000000000e+00 1.000000000000000000e+00
7.785854339599609375e-01 6.185215115547180176e-01 -1.059992685914039612e-01 -4.616451333276927471e-04
-2.641640007495880127e-01 1.698203086853027344e-01 -9.494096040725708008e-01 3.080741167068481445e-01
-5.692295432090759277e-01 7.671974897384643555e-01 2.956107258796691895e-01 -3.403170406818389893e-02
0.000000000000000000e+00 0.000000000000000000e+00 0.000000000000000000e+00 1.000000000000000000e+00
5.242341160774230957e-01 8.514651656150817871e-01 1.365664135664701462e-02 -1.133144553750753403e-02
-3.670745790004730225e-01 2.404147386550903320e-01 -8.985859751701354980e-01 3.074226975440979004e-01
-7.683975696563720703e-01 4.660564661026000977e-01 4.385848343372344971e-01 -7.006096839904785156e-02
0.000000000000000000e+00 0.000000000000000000e+00 0.000000000000000000e+00 1.000000000000000000e+00
5.629776120185852051e-01 8.242929577827453613e-01 5.997592210769653320e-02 -3.004069998860359192e-02
-3.962075710296630859e-01 3.328636884689331055e-01 -8.556985855102539062e-01 3.001095056533813477e-01
-7.253105044364929199e-01 4.579768180847167969e-01 5.139859914779663086e-01 -9.706159681081771851e-02
0.000000000000000000e+00 0.000000000000000000e+00 0.000000000000000000e+00 1.000000000000000000e+00
8.871957063674926758e-01 1.943314671516418457e-01 -4.184724390506744385e-01 8.462972193956375122e-02
-4.609260261058807373e-01 4.141053259372711182e-01 -7.848972678184509277e-01 2.877873182296752930e-01
2.076131105422973633e-02 8.892421722412109375e-01 4.569648802280426025e-01 -1.138002350926399231e-01
0.000000000000000000e+00 0.000000000000000000e+00 0.000000000000000000e+00 1.000000000000000000e+00
8.753108382225036621e-01 1.825678795576095581e-01 -4.477729201316833496e-01 9.448938071727752686e-02
-4.749944210052490234e-01 4.981470108032226562e-01 -7.254165410995483398e-01 2.702138721942901611e-01
9.061887115240097046e-02 8.476546406745910645e-01 5.227522850036621094e-01 -1.417917758226394653e-01
0.000000000000000000e+00 0.000000000000000000e+00 0.000000000000000000e+00 1.000000000000000000e+00
8.639852404594421387e-01 1.616679131984710693e-01 -4.768569767475128174e-01 1.043189838528633118e-01
-4.752875566482543945e-01 5.745050907135009766e-01 -6.663675904273986816e-01 2.540137171745300293e-01
1.662265062332153320e-01 8.023759126663208008e-01 5.732024312019348145e-01 -1.602472811937332153e-01
0.000000000000000000e+00 0.000000000000000000e+00 0.000000000000000000e+00 1.000000000000000000e+00
8.497796654701232910e-01 1.206275597214698792e-01 -5.131506323814392090e-01 1.129842102527618408e-01
-4.475701451301574707e-01 6.793903112411499023e-01 -5.814716219902038574e-01 2.285701185464859009e-01
2.784880101680755615e-01 7.237938046455383301e-01 6.313211917877197266e-01 -1.849419325590133667e-01
0.000000000000000000e+00 0.000000000000000000e+00 0.000000000000000000e+00 1.000000000000000000e+00
8.352000713348388672e-01 1.311480700969696045e-01 -5.340795516967773438e-01 1.210145950317382812e-01
-4.448936283588409424e-01 7.320068478584289551e-01 -5.159786939620971680e-01 2.092976868152618408e-01
3.232803642749786377e-01 6.685544252395629883e-01 6.697198152542114258e-01 -2.015664130449295044e-01
0.000000000000000000e+00 0.000000000000000000e+00 0.000000000000000000e+00 1.000000000000000000e+00
8.057753443717956543e-01 1.690878272056579590e-01 -5.675688982009887695e-01 1.351913213729858398e-01
-4.568987786769866943e-01 7.872370481491088867e-01 -4.141264855861663818e-01 1.794420331716537476e-01
3.767876029014587402e-01 5.930151939392089844e-01 7.115926742553710938e-01 -2.200953960418701172e-01
0.000000000000000000e+00 0.000000000000000000e+00 0.000000000000000000e+00 1.000000000000000000e+00
7.800969481468200684e-01 2.288495451211929321e-01 -5.823027491569519043e-01 1.436665654182434082e-01
-4.633286297321319580e-01 8.367455005645751953e-01 -2.918626964092254639e-01 1.428487002849578857e-01
4.204462170600891113e-01 4.974785149097442627e-01 7.587748169898986816e-01 -2.407093346118927002e-01
0.000000000000000000e+00 0.000000000000000000e+00 0.000000000000000000e+00 1.000000000000000000e+00
7.553070187568664551e-01 2.927342355251312256e-01 -5.863596200942993164e-01 1.488622277975082397e-01
-4.682655632495880127e-01 8.670132160186767578e-01 -1.703387349843978882e-01 1.054408922791481018e-01
4.585177600383758545e-01 4.032303690910339355e-01 7.919387817382812500e-01 -2.561425864696502686e-01
0.000000000000000000e+00 0.000000000000000000e+00 0.000000000000000000e+00 1.000000000000000000e+00
7.374574542045593262e-01 3.622595369815826416e-01 -5.700210928916931152e-01 1.463776826858520508e-01
-4.420890212059020996e-01 8.969689607620239258e-01 -1.905329059809446335e-03 5.276503041386604309e-02
5.106008052825927734e-01 2.534050345420837402e-01 8.216276168823242188e-01 -2.714305818080902100e-01
0.000000000000000000e+00 0.000000000000000000e+00 0.000000000000000000e+00 1.000000000000000000e+00
7.251150608062744141e-01 3.987290859222412109e-01 -5.614477396011352539e-01 1.430352628231048584e-01
-3.740207254886627197e-01 9.126121401786804199e-01 1.650676578283309937e-01 -5.235089920461177826e-03
5.782015323638916016e-01 9.030026197433471680e-02 8.108816742897033691e-01 -2.699900567531585693e-01
0.000000000000000000e+00 0.000000000000000000e+00 0.000000000000000000e+00 1.000000000000000000e+00
7.246481180191040039e-01 4.198771715164184570e-01 -5.464329123497009277e-01 1.372650712728500366e-01
-3.023553788661956787e-01 9.062653779983520508e-01 2.954047024250030518e-01 -5.199769139289855957e-02
6.192466616630554199e-01 -4.884751513600349426e-02 7.836753129959106445e-01 -2.633728384971618652e-01
0.000000000000000000e+00 0.000000000000000000e+00 0.000000000000000000e+00 1.000000000000000000e+00
7.162986993789672852e-01 4.430582821369171143e-01 -5.390874743461608887e-01 1.343671381473541260e-01
-2.401996105909347534e-01 8.819032907485961914e-01 4.056479930877685547e-01 -9.046823531389236450e-02
6.551491618156433105e-01 -1.610765308141708374e-01 7.381287813186645508e-01 -2.511761486530303955e-01
0.000000000000000000e+00 0.000000000000000000e+00 0.000000000000000000e+00 1.000000000000000000e+00
7.119232416152954102e-01 4.665038287639617920e-01 -5.249183177947998047e-01 1.299932599067687988e-01
-1.599067598581314087e-01 8.355241417884826660e-01 5.256700515747070312e-01 -1.346360146999359131e-01
6.838091611862182617e-01 -2.902984917163848877e-01 6.694263219833374023e-01 -2.315512746572494507e-01
0.000000000000000000e+00 0.000000000000000000e+00 0.000000000000000000e+00 1.000000000000000000e+00
7.018608450889587402e-01 4.923908412456512451e-01 -5.147255659103393555e-01 1.274802684783935547e-01
-9.718568623065948486e-02 7.820475101470947266e-01 6.155943274497985840e-01 -1.688487231731414795e-01
7.056528925895690918e-01 -3.820375800132751465e-01 5.967420935630798340e-01 -2.099409848451614380e-01
0.000000000000000000e+00 0.000000000000000000e+00 0.000000000000000000e+00 1.000000000000000000e+00
7.127638459205627441e-01 5.025126338005065918e-01 -4.893348217010498047e-01 1.186836808919906616e-01
-3.531844913959503174e-02 7.224788665771484375e-01 6.904903650283813477e-01 -1.981895714998245239e-01
7.005141377449035645e-01 -4.748739302158355713e-01 5.327047705650329590e-01 -1.905577033758163452e-01
0.000000000000000000e+00 0.000000000000000000e+00 0.000000000000000000e+00 1.000000000000000000e+00
7.183449268341064453e-01 5.099988579750061035e-01 -4.731611311435699463e-01 1.130615696310997009e-01
1.597294025123119354e-02 6.678651571273803711e-01 7.441108226776123047e-01 -2.201240360736846924e-01
6.955035924911499023e-01 -5.420859456062316895e-01 4.716114401817321777e-01 -1.728350818157196045e-01
0.000000000000000000e+00 0.000000000000000000e+00 0.000000000000000000e+00 1.000000000000000000e+00
7.607572078704833984e-01 4.861896336078643799e-01 -4.299626052379608154e-01 9.667336940765380859e-02
6.553824990987777710e-02 6.015321016311645508e-01 7.961557507514953613e-01 -2.416578680276870728e-01
6.457192897796630859e-01 -6.338601708412170410e-01 4.257558286190032959e-01 -1.588858515024185181e-01
0.000000000000000000e+00 0.000000000000000000e+00 0.000000000000000000e+00 1.000000000000000000e+00
8.108015060424804688e-01 4.594652950763702393e-01 -3.626192808151245117e-01 7.175860553979873657e-02
1.010009720921516418e-01 5.004028677940368652e-01 8.598812818527221680e-01 -2.688669562339782715e-01
5.765410661697387695e-01 -7.338176965713500977e-01 3.593209385871887207e-01 -1.374896317720413208e-01
0.000000000000000000e+00 0.000000000000000000e+00 0.000000000000000000e+00 1.000000000000000000e+00
8.604737520217895508e-01 4.146374762058258057e-01 -2.960754334926605225e-01 4.883287101984024048e-02
1.266185194253921509e-01 3.888548612594604492e-01 9.125566482543945312e-01 -2.908505201339721680e-01
4.935105443000793457e-01 -8.227195143699645996e-01 2.820985913276672363e-01 -1.100908145308494568e-01
0.000000000000000000e+00 0.000000000000000000e+00 0.000000000000000000e+00 1.000000000000000000e+00
8.835714459419250488e-01 3.811629116535186768e-01 -2.720596492290496826e-01 3.927024826407432556e-02
1.588441878557205200e-01 3.025753796100616455e-01 9.397958517074584961e-01 -3.033495247364044189e-01
4.405338168144226074e-01 -8.735917210578918457e-01 2.068013399839401245e-01 -8.521953225135803223e-02
0.000000000000000000e+00 0.000000000000000000e+00 0.000000000000000000e+00 1.000000000000000000e+00
8.877217173576354980e-01 3.783487379550933838e-01 -2.623026669025421143e-01 3.529788926243782043e-02
1.951231211423873901e-01 2.068453729152679443e-01 9.587187767028808594e-01 -3.137875199317932129e-01
4.169860780239105225e-01 -9.022566676139831543e-01 1.097966134548187256e-01 -5.397856980562210083e-02
0.000000000000000000e+00 0.000000000000000000e+00 0.000000000000000000e+00 1.000000000000000000e+00
9.476422071456909180e-01 2.180433124303817749e-01 -2.333062291145324707e-01 2.077229879796504974e-02
2.123287469148635864e-01 1.154704168438911438e-01 9.703521132469177246e-01 -3.208350241184234619e-01
2.385189235210418701e-01 -9.690844416618347168e-01 6.312777101993560791e-02 -2.930104359984397888e-02
0.000000000000000000e+00 0.000000000000000000e+00 0.000000000000000000e+00 1.000000000000000000e+00
9.770678281784057617e-01 -1.168032139539718628e-01 -1.780337840318679810e-01 -2.832702593877911568e-03
1.820878684520721436e-01 2.492163702845573425e-02 9.829663038253784180e-01 -3.269587159156799316e-01
-1.103767305612564087e-01 -9.928421974182128906e-01 4.561861976981163025e-02 -1.075010863132774830e-03
0.000000000000000000e+00 0.000000000000000000e+00 0.000000000000000000e+00 1.000000000000000000e+00
9.662255048751831055e-01 1.991108059883117676e-01 -1.635936200618743896e-01 -6.366937421262264252e-03
1.801942586898803711e-01 -6.820268183946609497e-02 9.812638163566589355e-01 -3.310488462448120117e-01
1.842228025197982788e-01 -9.776006340980529785e-01 -1.017778739333152771e-01 3.451826795935630798e-02
0.000000000000000000e+00 0.000000000000000000e+00 0.000000000000000000e+00 1.000000000000000000e+00
9.832211136817932129e-01 2.644340880215167999e-02 -1.804884970188140869e-01 3.796604578383266926e-04
1.823462992906570435e-01 -1.152388229966163635e-01 9.764575362205505371e-01 -3.316059112548828125e-01
5.021640565246343613e-03 -9.929854869842529297e-01 -1.181271448731422424e-01 5.638671666383743286e-02
0.000000000000000000e+00 0.000000000000000000e+00 0.000000000000000000e+00 1.000000000000000000e+00
9.834703803062438965e-01 1.177296787500381470e-01 -1.375703960657119751e-01 -1.296353526413440704e-02
1.463851481676101685e-01 -6.978783011436462402e-02 9.867629408836364746e-01 -3.329844474792480469e-01
1.065705940127372742e-01 -9.905906319618225098e-01 -8.586814254522323608e-02 3.665634989738464355e-02
0.000000000000000000e+00 0.000000000000000000e+00 0.000000000000000000e+00 1.000000000000000000e+00
9.450476169586181641e-01 3.187911510467529297e-01 -7.250671088695526123e-02 -3.054605983197689056e-02
5.449524149298667908e-02 6.507235020399093628e-02 9.963908195495605469e-01 -3.289289772510528564e-01
3.223590850830078125e-01 -9.455886483192443848e-01 4.412390664219856262e-02 -1.979509182274341583e-02
0.000000000000000000e+00 0.000000000000000000e+00 0.000000000000000000e+00 1.000000000000000000e+00
8.668915629386901855e-01 4.947873950004577637e-01 -6.069463863968849182e-02 -2.821952663362026215e-02
-3.995171561837196350e-02 1.903234571218490601e-01 9.809079766273498535e-01 -3.160440623760223389e-01
4.968929290771484375e-01 -8.479161858558654785e-01 1.847575902938842773e-01 -7.553611695766448975e-02
0.000000000000000000e+00 0.000000000000000000e+00 0.000000000000000000e+00 1.000000000000000000e+00
7.808753848075866699e-01 6.210353374481201172e-01 -6.744885444641113281e-02 -1.764992438256740570e-02
-1.697687208652496338e-01 3.148831427097320557e-01 9.338238835334777832e-01 -2.899534702301025391e-01
6.011760234832763672e-01 -7.177490592002868652e-01 3.513166606426239014e-01 -1.347431689500808716e-01
0.000000000000000000e+00 0.000000000000000000e+00 0.000000000000000000e+00 1.000000000000000000e+00
9.482733607292175293e-01 2.148460596799850464e-01 2.337056994438171387e-01 -1.183529570698738098e-01
-3.034062385559082031e-01 3.967942297458648682e-01 8.663135766983032227e-01 -2.568485736846923828e-01
9.339109808206558228e-02 -8.924099802970886230e-01 4.414549767971038818e-01 -1.395563036203384399e-01
0.000000000000000000e+00 0.000000000000000000e+00 0.000000000000000000e+00 1.000000000000000000e+00
8.862010240554809570e-01 3.879917562007904053e-01 2.531994879245758057e-01 -1.162164732813835144e-01
-4.350468218326568604e-01 5.089600682258605957e-01 7.427607178688049316e-01 -2.068853080272674561e-01
1.593167632818222046e-01 -7.683889865875244141e-01 6.198355555534362793e-01 -1.975813508033752441e-01
0.000000000000000000e+00 0.000000000000000000e+00 0.000000000000000000e+00 1.000000000000000000e+00
8.049259185791015625e-01 5.273284912109375000e-01 2.720640599727630615e-01 -1.121012419462203979e-01
-5.754259228706359863e-01 5.817738771438598633e-01 5.748253464698791504e-01 -1.446845531463623047e-01
1.448419690132141113e-01 -6.192443370819091797e-01 7.717235088348388672e-01 -2.409645020961761475e-01
0.000000000000000000e+00 0.000000000000000000e+00 0.000000000000000000e+00 1.000000000000000000e+00
7.392591238021850586e-01 6.079366803169250488e-01 2.896701991558074951e-01 -1.079351827502250671e-01
-6.689186692237854004e-01 6.132549047470092773e-01 4.200782775878906250e-01 -9.072946757078170776e-02
7.773960381746292114e-02 -5.043124556541442871e-01 8.600143790245056152e-01 -2.624001204967498779e-01
0.000000000000000000e+00 0.000000000000000000e+00 0.000000000000000000e+00 1.000000000000000000e+00
6.649112105369567871e-01 7.154659628868103027e-01 2.144798338413238525e-01 -7.332841306924819946e-02
-7.443760633468627930e-01 6.110470294952392578e-01 2.693050503730773926e-01 -4.007534682750701904e-02
6.162131950259208679e-02 -3.387176692485809326e-01 9.388678669929504395e-01 -2.814231514930725098e-01
0.000000000000000000e+00 0.000000000000000000e+00 0.000000000000000000e+00 1.000000000000000000e+00
6.874635815620422363e-01 7.043075561523437500e-01 1.770431548357009888e-01 -6.232008337974548340e-02
-7.260018587112426758e-01 6.605677008628845215e-01 1.912366002798080444e-01 -1.294972002506256104e-02
1.774045079946517944e-02 -2.600020766258239746e-01 9.654452204704284668e-01 -2.843230962753295898e-01
0.000000000000000000e+00 0.000000000000000000e+00 0.000000000000000000e+00 1.000000000000000000e+00
6.959128379821777344e-01 6.985468268394470215e-01 1.665454357862472534e-01 -5.982336401939392090e-02
-7.132856249809265137e-01 6.992577314376831055e-01 4.755720496177673340e-02 3.116661682724952698e-02
-8.323721587657928467e-02 -1.518901586532592773e-01 9.848862290382385254e-01 -2.803021371364593506e-01
0.000000000000000000e+00 0.000000000000000000e+00 0.000000000000000000e+00 1.000000000000000000e+00
6.761858463287353516e-01 7.176041007041931152e-01 1.667831838130950928e-01 -5.826593190431594849e-02
-7.238620519638061523e-01 6.892539858818054199e-01 -3.085572086274623871e-02 5.293889716267585754e-02
-1.370981931686401367e-01 -9.986392408609390259e-02 9.855105876922607422e-01 -2.750555276870727539e-01
0.000000000000000000e+00 0.000000000000000000e+00 0.000000000000000000e+00 1.000000000000000000e+00
6.668826341629028320e-01 7.333133816719055176e-01 1.323579847812652588e-01 -4.662378877401351929e-02
-7.289271354675292969e-01 6.788554787635803223e-01 -8.843279629945755005e-02 6.786107271909713745e-02
-1.547008454799652100e-01 -3.750507161021232605e-02 9.872490763664245605e-01 -2.715368568897247314e-01
0.000000000000000000e+00 0.000000000000000000e+00 0.000000000000000000e+00 1.000000000000000000e+00
5.873481631278991699e-01 7.947563529014587402e-01 1.529196500778198242e-01 -4.533199220895767212e-02
-7.597693204879760742e-01 6.065521836280822754e-01 -2.341898083686828613e-01 1.096566021442413330e-01
-2.788775265216827393e-01 2.136725746095180511e-02 9.600888490676879883e-01 -2.566912770271301270e-01
0.000000000000000000e+00 0.000000000000000000e+00 0.000000000000000000e+00 1.000000000000000000e+00
5.855846405029296875e-01 7.927367687225341797e-01 1.692905277013778687e-01 -4.933905974030494690e-02
-6.770827770233154297e-01 5.931668281555175781e-01 -4.355593025684356689e-01 1.655880212783813477e-01
-4.457014203071594238e-01 1.404329985380172729e-01 8.840977549552917480e-01 -2.236469984054565430e-01
0.000000000000000000e+00 0.000000000000000000e+00 0.000000000000000000e+00 1.000000000000000000e+00
6.070245504379272461e-01 7.759404182434082031e-01 1.715743392705917358e-01 -5.242145434021949768e-02
-6.094496846199035645e-01 5.931099057197570801e-01 -5.261099934577941895e-01 1.893882602453231812e-01
-5.099924206733703613e-01 2.147956639528274536e-01 8.329288959503173828e-01 -2.029688805341720581e-01
0.000000000000000000e+00 0.000000000000000000e+00 0.000000000000000000e+00 1.000000000000000000e+00
6.709805727005004883e-01 7.215571999549865723e-01 1.707042008638381958e-01 -5.739578977227210999e-02
-4.957211017608642578e-01 6.077480316162109375e-01 -6.204049587249755859e-01 2.123283296823501587e-01
-5.514031052589416504e-01 3.316579461097717285e-01 7.654784917831420898e-01 -1.762907207012176514e-01
0.000000000000000000e+00 0.000000000000000000e+00 0.000000000000000000e+00 1.000000000000000000e+00
7.466086149215698242e-01 6.480639576911926270e-01 1.502954363822937012e-01 -5.708289518952369690e-02
-3.880338370800018311e-01 6.077293157577514648e-01 -6.928886771202087402e-01 2.280235886573791504e-01
