1.000000000000000000e+00 0.000000000000000000e+00 0.000000000000000000e+00 -3.619798645377159119e-02
0.000000000000000000e+00 1.000000000000000000e+00 0.000000000000000000e+00 -1.327119767665863037e-03
0.000000000000000000e+00 0.000000000000000000e+00 1.000000000000000000e+00 -2.960163652896881104e-01
0.000000000000000000e+00 0.000000000000000000e+00 0.000000000000000000e+00 1.000000000000000000e+00
9.908493161201477051e-01 1.329370141029357910e-01 2.335016801953315735e-02 -4.647620394825935364e-02
-1.313469409942626953e-01 9.895235896110534668e-01 -5.992356687784194946e-02 2.894637919962406158e-02
-3.107164986431598663e-02 5.630823597311973572e-02 9.979299306869506836e-01 -2.963362634181976318e-01
0.000000000000000000e+00 0.000000000000000000e+00 0.000000000000000000e+00 1.000000000000000000e+00
9.698972105979919434e-01 2.390144467353820801e-01 4.659382998943328857e-02 -5.341148376464843750e-02
-2.333724349737167358e-01 9.669749140739440918e-01 -1.024531722068786621e-01 5.362115055322647095e-02
-6.954290717840194702e-02 8.849532902240753174e-02 9.936457872390747070e-01 -2.940196096897125244e-01
0.000000000000000000e+00 0.000000000000000000e+00 0.000000000000000000e+00 1.000000000000000000e+00
9.394803643226623535e-01 3.366752266883850098e-01 6.344942003488540649e-02 -5.763272196054458618e-02
-3.253714144229888916e-01 9.347896575927734375e-01 -1.424830406904220581e-01 7.434860616922378540e-02
-1.072824820876121521e-01 1.132153719663619995e-01 9.877615571022033691e-01 -2.901271879673004150e-01
0.000000000000000000e+00 0.000000000000000000e+00 0.000000000000000000e+00 1.000000000000000000e+00
8.922163844108581543e-01 4.509114325046539307e-01 2.507471106946468353e-02 -4.047969356179237366e-02
-4.416513144969940186e-01 8.827942609786987305e-01 -1.600563973188400269e-01 8.664943277835845947e-02
-9.430710226297378540e-02 1.317306607961654663e-01 9.867894053459167480e-01 -2.903548777103424072e-01
0.000000000000000000e+00 0.000000000000000000e+00 0.000000000000000000e+00 1.000000000000000000e+00
8.261387348175048828e-01 5.632670521736145020e-01 1.500417198985815048e-02 -3.119271434843540192e-02
-5.505360960960388184e-01 8.125656843185424805e-01 -1.914335936307907104e-01 1.027943640947341919e-01
-1.200201883912086487e-01 1.498903334140777588e-01 9.813908934593200684e-01 -2.882645428180694580e-01
0.000000000000000000e+00 0.000000000000000000e+00 0.000000000000000000e+00 1.000000000000000000e+00
7.511242628097534180e-01 6.596028208732604980e-01 -2.713716030120849609e-02 -1.135608740150928497e-02
-6.531750559806823730e-01 7.365833520889282227e-01 -1.755190789699554443e-01 1.017409861087799072e-01
-9.578410536050796509e-02 1.495618969202041626e-01 9.841019511222839355e-01 -2.917186319828033447e-01
0.000000000000000000e+00 0.000000000000000000e+00 0.000000000000000000e+00 1.000000000000000000e+00
6.925709247589111328e-01 7.184962630271911621e-01 -6.409894675016403198e-02 3.465429879724979401e-03
-7.202978730201721191e-01 6.840276122093200684e-01 -1.152259334921836853e-01 8.260923624038696289e-02
-3.894398733973503113e-02 1.259724944829940796e-01 9.912691116333007812e-01 -2.992441356182098389e-01
0.000000000000000000e+00 0.000000000000000000e+00 0.000000000000000000e+00 1.000000000000000000e+00
5.824533104896545410e-01 8.126889467239379883e-01 -1.687524281442165375e-02 -7.387766148895025253e-03
-8.112646341323852539e-01 5.798800587654113770e-01 -7.476027309894561768e-02 6.980326026678085327e-02
-5.097121745347976685e-02 5.723464116454124451e-02 9.970585703849792480e-01 -3.065539896488189697e-01
0.000000000000000000e+00 0.000000000000000000e+00 0.000000000000000000e+00 1.000000000000000000e+00
5.024830102920532227e-01 8.642567396163940430e-01 -2.388668991625308990e-02 -8.282653288915753365e-04
-8.637781143188476562e-01 5.006266236305236816e-01 -5.709745362401008606e-02 6.457794457674026489e-02
-3.738858178257942200e-02 4.932328313589096069e-02 9.980832934379577637e-01 -3.105837702751159668e-01
0.000000000000000000e+00 0.000000000000000000e+00 0.000000000000000000e+00 1.000000000000000000e+00
4.083412289619445801e-01 9.120917320251464844e-01 -3.669507801532745361e-02 7.931215688586235046e-03
-9.126859903335571289e-01 4.086590707302093506e-01 1.282469835132360458e-03 4.409319534897804260e-02
1.616550423204898834e-02 3.296741098165512085e-02 9.993255734443664551e-01 -3.155225813388824463e-01
0.000000000000000000e+00 0.000000000000000000e+00 0.000000000000000000e+00 1.000000000000000000e+00
2.914769053459167480e-01 9.561691284179687500e-01 -2.795432135462760925e-02 1.011449843645095825e-02
-9.559738636016845703e-01 2.922067642211914062e-01 2.699990198016166687e-02 3.331766650080680847e-02
3.398491814732551575e-02 1.885376498103141785e-02 9.992446303367614746e-01 -3.178977966308593750e-01
0.000000000000000000e+00 0.000000000000000000e+00 0.000000000000000000e+00 1.000000000000000000e+00
1.822693049907684326e-01 9.809979796409606934e-01 -6.649173796176910400e-02 2.730733156204223633e-02
-9.810327291488647461e-01 1.859798282384872437e-01 5.464885383844375610e-02 2.304604835808277130e-02
6.597649306058883667e-02 5.526974797248840332e-02 9.962893128395080566e-01 -3.183509111404418945e-01
0.000000000000000000e+00 0.000000000000000000e+00 0.000000000000000000e+00 1.000000000000000000e+00
1.012956947088241577e-01 9.913558363914489746e-01 -8.338422328233718872e-02 3.613729402422904968e-02
-9.906735420227050781e-01 1.081926599144935608e-01 8.282590657472610474e-02 1.227694004774093628e-02
9.113147854804992676e-02 7.421661168336868286e-02 9.930693507194519043e-01 -3.175280690193176270e-01
0.000000000000000000e+00 0.000000000000000000e+00 0.000000000000000000e+00 1.000000000000000000e+00
1.639919169247150421e-02 9.975962638854980469e-01 -6.732738018035888672e-02 3.625463694334030151e-02
-9.973520040512084961e-01 2.109253592789173126e-02 6.960161030292510986e-02 1.865422911942005157e-02
7.085442543029785156e-02 6.600765883922576904e-02 9.953003525733947754e-01 -3.125213384628295898e-01
0.000000000000000000e+00 0.000000000000000000e+00 0.000000000000000000e+00 1.000000000000000000e+00
-8.141108602285385132e-02 9.089022874832153320e-01 -4.089845418930053711e-01 1.548372358083724976e-01
-9.911057949066162109e-01 -3.048555366694927216e-02 1.295373737812042236e-01 -9.447120828554034233e-04
1.052685976028442383e-01 4.158928394317626953e-01 9.033002257347106934e-01 -2.768999934196472168e-01
0.000000000000000000e+00 0.000000000000000000e+00 0.000000000000000000e+00 1.000000000000000000e+00
-1.621150821447372437e-01 8.862043619155883789e-01 -4.340044558048248291e-01 1.652458161115646362e-01
-9.774469137191772461e-01 -8.389564603567123413e-02 1.938001662492752075e-01 -2.381845936179161072e-02
1.353355646133422852e-01 4.556341767311096191e-01 8.798189759254455566e-01 -2.699476182460784912e-01
0.000000000000000000e+00 0.000000000000000000e+00 0.000000000000000000e+00 1.000000000000000000e+00
-1.345057934522628784e-01 8.300154805183410645e-01 -5.412784814834594727e-01 1.930373460054397583e-01
-9.908306598663330078e-01 -1.197030767798423767e-01 6.266094744205474854e-02 1.838688552379608154e-02
-1.278313901275396347e-02 5.447433590888977051e-01 8.385051488876342773e-01 -2.495485693216323853e-01
0.000000000000000000e+00 0.000000000000000000e+00 0.000000000000000000e+00 1.000000000000000000e+00
-8.256562799215316772e-02 7.554924488067626953e-01 -6.499336957931518555e-01 2.170735448598861694e-01
-9.949003458023071289e-01 -2.457830309867858887e-02 9.781900048255920410e-02 1.062718033790588379e-02
5.792726948857307434e-02 6.546961069107055664e-01 7.536691427230834961e-01 -2.321995049715042114e-01
0.000000000000000000e+00 0.000000000000000000e+00 0.000000000000000000e+00 1.000000000000000000e+00
-5.125848576426506042e-02 5.749810338020324707e-01 -8.165596127510070801e-01 2.658990919589996338e-01
-9.853581786155700684e-01 1.040131375193595886e-01 1.350954174995422363e-01 -1.396854757331311703e-03
1.626103520393371582e-01 8.115284442901611328e-01 5.612306594848632812e-01 -1.716178357601165771e-01
0.000000000000000000e+00 0.000000000000000000e+00 0.000000000000000000e+00 1.000000000000000000e+00
-1.197628006339073181e-01 4.401884675025939941e-01 -8.898826837539672852e-01 2.876549959182739258e-01
-9.865146279335021973e-01 4.795730113983154297e-02 1.564904004335403442e-01 -1.146303676068782806e-02
1.115614771842956543e-01 8.966236710548400879e-01 4.285087287425994873e-01 -1.246840134263038635e-01
0.000000000000000000e+00 0.000000000000000000e+00 0.000000000000000000e+00 1.000000000000000000e+00
-1.892683804035186768e-01 3.361532688140869141e-01 -9.225932359695434570e-01 2.992725074291229248e-01
-9.756206870079040527e-01 4.191946610808372498e-02 2.154205590486526489e-01 -3.076558373868465424e-02
1.110889464616775513e-01 9.408734440803527832e-01 3.200243115425109863e-01 -9.057101607322692871e-02
0.000000000000000000e+00 0.000000000000000000e+00 0.000000000000000000e+00 1.000000000000000000e+00
-2.732592821121215820e-01 1.987308412790298462e-01 -9.411883354187011719e-01 3.086358010768890381e-01
-9.595397114753723145e-01 1.276564784348011017e-02 2.812827825546264648e-01 -5.272861570119857788e-02
6.791438907384872437e-02 9.799711108207702637e-01 1.872019767761230469e-01 -4.661239311099052429e-02
0.000000000000000000e+00 0.000000000000000000e+00 0.000000000000000000e+00 1.000000000000000000e+00
-1.864041984081268311e-01 -8.153170943260192871e-01 -5.481897592544555664e-01 1.786629408597946167e-01
-9.483201503753662109e-01 3.474405268207192421e-03 3.172958195209503174e-01 -6.185294687747955322e-02
-2.567919194698333740e-01 5.790051817893981934e-01 -7.738289833068847656e-01 2.725476920604705811e-01
0.000000000000000000e+00 0.000000000000000000e+00 0.000000000000000000e+00 1.000000000000000000e+00
-1.674527078866958618e-01 -8.695954680442810059e-01 -4.645042419433593750e-01 1.501791179180145264e-01
-9.682209491729736328e-01 5.627898126840591431e-02 2.436815649271011353e-01 -3.921842575073242188e-02
-1.857625544071197510e-01 4.905480742454528809e-01 -8.513842821121215820e-01 2.925272583961486816e-01
0.000000000000000000e+00 0.000000000000000000e+00 0.000000000000000000e+00 1.000000000000000000e+00
-8.326945453882217407e-02 -8.501649498939514160e-01 -5.198893547058105469e-01 1.607214212417602539e-01
-9.898656010627746582e-01 1.034526433795690536e-02 1.416281610727310181e-01 -4.116127267479896545e-03
-1.150290369987487793e-01 5.264139771461486816e-01 -8.424105048179626465e-01 2.854417562484741211e-01
0.000000000000000000e+00 0.000000000000000000e+00 0.000000000000000000e+00 1.000000000000000000e+00
2.275355905294418335e-02 -8.522973060607910156e-01 -5.225615501403808594e-01 1.520611792802810669e-01
-9.991920590400695801e-01 -3.670597448945045471e-02 1.636079698801040649e-02 3.858947381377220154e-02
-3.312549740076065063e-02 5.217673778533935547e-01 -8.524444103240966797e-01 2.831850349903106689e-01
0.000000000000000000e+00 0.000000000000000000e+00 0.000000000000000000e+00 1.000000000000000000e+00
5.657644569873809814e-02 -8.532523512840270996e-01 -5.184196829795837402e-01 1.474982202053070068e-01
-9.946177601814270020e-01 -3.025504294782876968e-03 -1.035655438899993896e-01 7.690691202878952026e-02
8.679911494255065918e-02 5.214889049530029297e-01 -8.488312363624572754e-01 2.739340960979461670e-01
0.000000000000000000e+00 0.000000000000000000e+00 0.000000000000000000e+00 1.000000000000000000e+00
3.340271115303039551e-02 -8.631660342216491699e-01 -5.038143992424011230e-01 1.467735022306442261e-01
-9.832952022552490234e-01 6.186297535896301270e-02 -1.711797118186950684e-01 9.019391238689422607e-02
1.789241582155227661e-01 5.011157989501953125e-01 -8.466811180114746094e-01 2.697200179100036621e-01
0.000000000000000000e+00 0.000000000000000000e+00 0.000000000000000000e+00 1.000000000000000000e+00
-3.666508942842483521e-02 -8.647995591163635254e-01 -5.007753372192382812e-01 1.536179035902023315e-01
-9.954134821891784668e-01 7.591238617897033691e-02 -5.821344628930091858e-02 5.413627624511718750e-02
8.835805952548980713e-02 4.963448047637939453e-01 -8.636174798011779785e-01 2.901096940040588379e-01
0.000000000000000000e+00 0.000000000000000000e+00 0.000000000000000000e+00 1.000000000000000000e+00
-4.198941588401794434e-02 -8.732889890670776367e-01 -4.853897690773010254e-01 1.469369977712631226e-01
-9.923127293586730957e-01 -2.015395276248455048e-02 1.221014335751533508e-01 -3.237535944208502769e-03
-1.164124086499214172e-01 4.867855310440063477e-01 -8.657299876213073730e-01 3.087310194969177246e-01
0.000000000000000000e+00 0.000000000000000000e+00 0.000000000000000000e+00 1.000000000000000000e+00
1.387288272380828857e-01 -8.649746775627136230e-01 -4.822582304477691650e-01 1.320858448743820190e-01
-9.843563437461853027e-01 -1.738448888063430786e-01 2.864210866391658783e-02 2.584177441895008087e-02
-1.086129397153854370e-01 4.707404971122741699e-01 -8.755610585212707520e-01 3.131823539733886719e-01
0.000000000000000000e+00 0.000000000000000000e+00 0.000000000000000000e+00 1.000000000000000000e+00
2.325813770294189453e-01 -8.032513856887817383e-01 -5.483546257019042969e-01 1.392389535903930664e-01
-9.433322548866271973e-01 -3.235348463058471680e-01 7.381801307201385498e-02 1.000927202403545380e-02
-2.367064207792282104e-01 5.001121163368225098e-01 -8.329812288284301758e-01 3.054971992969512939e-01
0.000000000000000000e+00 0.000000000000000000e+00 0.000000000000000000e+00 1.000000000000000000e+00
3.422983586788177490e-01 -7.354737520217895508e-01 -5.847309827804565430e-01 1.357709914445877075e-01
-9.080696105957031250e-01 -4.187908172607421875e-01 -4.824112169444561005e-03 3.336839377880096436e-02
-2.413320839405059814e-01 5.326275825500488281e-01 -8.112128376960754395e-01 2.930726408958435059e-01
0.000000000000000000e+00 0.000000000000000000e+00 0.000000000000000000e+00 1.000000000000000000e+00
3.607829511165618896e-01 -7.276683449745178223e-01 -5.833820700645446777e-01 1.333345770835876465e-01
-9.191959500312805176e-01 -3.832902014255523682e-01 -9.037306904792785645e-02 6.208769977092742920e-02
-1.578430384397506714e-01 5.688473582267761230e-01 -8.071542382240295410e-01 2.836969196796417236e-01
0.000000000000000000e+00 0.000000000000000000e+00 0.000000000000000000e+00 1.000000000000000000e+00
3.742341697216033936e-01 -7.118090987205505371e-01 -5.943706631660461426e-01 1.361837983131408691e-01
-9.236646890640258789e-01 -3.430829346179962158e-01 -1.706968247890472412e-01 8.748926967382431030e-02
-8.241497725248336792e-02 6.128799319267272949e-01 -7.858664989471435547e-01 2.709235548973083496e-01
0.000000000000000000e+00 0.000000000000000000e+00 0.000000000000000000e+00 1.000000000000000000e+00
5.352087020874023438e-01 -6.107860803604125977e-01 -5.835159420967102051e-01 1.275046616792678833e-01
-8.412891030311584473e-01 -4.476123154163360596e-01 -3.031099438667297363e-01 1.236342936754226685e-01
-7.605379819869995117e-02 6.531329751014709473e-01 -7.534139752388000488e-01 2.591882944107055664e-01
0.000000000000000000e+00 0.000000000000000000e+00 0.000000000000000000e+00 1.000000000000000000e+00
6.844899058341979980e-01 -4.177106022834777832e-01 -5.974876880645751953e-01 1.273759603500366211e-01
-7.067193984985351562e-01 -5.813676118850708008e-01 -4.031863212585449219e-01 1.514565050601959229e-01
-1.789448708295822144e-01 6.982329487800598145e-01 -6.931443214416503906e-01 2.552775442600250244e-01
0.000000000000000000e+00 0.000000000000000000e+00 0.000000000000000000e+00 1.000000000000000000e+00
7.094029784202575684e-01 -3.412733972072601318e-01 -6.166682243347167969e-01 1.295063048601150513e-01
-6.457413434982299805e-01 -6.653251051902770996e-01 -3.746470510959625244e-01 1.417092829942703247e-01
-2.824278771877288818e-01 6.639841198921203613e-01 -6.923577785491943359e-01 2.652440667152404785e-01
0.000000000000000000e+00 0.000000000000000000e+00 0.000000000000000000e+00 1.000000000000000000e+00
7.542926669120788574e-01 -2.531203627586364746e-01 -6.057827472686767578e-01 1.307976245880126953e-01
-5.668470859527587891e-01 -7.166163325309753418e-01 -4.063805341720581055e-01 1.439889222383499146e-01
-3.312507271766662598e-01 6.499161720275878906e-01 -6.840188503265380859e-01 2.624305188655853271e-01
0.000000000000000000e+00 0.000000000000000000e+00 0.000000000000000000e+00 1.000000000000000000e+00
7.423953413963317871e-01 -2.435484677553176880e-01 -6.241258978843688965e-01 1.439992785453796387e-01
-5.400669574737548828e-01 -7.688277959823608398e-01 -3.423926830291748047e-01 1.161469295620918274e-01
-3.964557647705078125e-01 5.912601947784423828e-01 -7.023060321807861328e-01 2.722758650779724121e-01
0.000000000000000000e+00 0.000000000000000000e+00 0.000000000000000000e+00 1.000000000000000000e+00
7.339129447937011719e-01 -3.414197266101837158e-01 -5.871999859809875488e-01 1.403785645961761475e-01
-5.820061564445495605e-01 -7.617980837821960449e-01 -2.844848036766052246e-01 9.418684244155883789e-02
-3.501991927623748779e-01 5.505418181419372559e-01 -7.578020691871643066e-01 2.867465615272521973e-01
0.000000000000000000e+00 0.000000000000000000e+00 0.000000000000000000e+00 1.000000000000000000e+00
8.132224082946777344e-01 -1.849880069494247437e-01 -5.517690181732177734e-01 1.329796314239501953e-01
-5.267418622970581055e-01 -6.370673179626464844e-01 -5.627508163452148438e-01 1.825572550296783447e-01
-2.474119067192077637e-01 7.482810616493225098e-01 -6.155181527137756348e-01 2.468806356191635132e-01
0.000000000000000000e+00 0.000000000000000000e+00 0.000000000000000000e+00 1.000000000000000000e+00
8.488729596138000488e-01 -1.016684845089912415e-01 -5.187274217605590820e-01 1.217584386467933655e-01
-4.739736616611480713e-01 -5.808426737785339355e-01 -6.617925763130187988e-01 2.147371470928192139e-01
-2.340158969163894653e-01 8.076411485671997070e-01 -5.412501096725463867e-01 2.218549251556396484e-01
0.000000000000000000e+00 0.000000000000000000e+00 0.000000000000000000e+00 1.000000000000000000e+00
8.788791894912719727e-01 -3.344181925058364868e-02 -4.758709073066711426e-01 1.069377735257148743e-01
-4.233806133270263672e-01 -5.143392086029052734e-01 -7.457904815673828125e-01 2.426570951938629150e-01
-2.198186069726943970e-01 8.569341301918029785e-01 -4.662010073661804199e-01 1.965394765138626099e-01
0.000000000000000000e+00 0.000000000000000000e+00 0.000000000000000000e+00 1.000000000000000000e+00
8.871988654136657715e-01 1.226470917463302612e-01 -4.447874426841735840e-01 9.834196418523788452e-02
-3.599159419536590576e-01 -4.192062318325042725e-01 -8.335024118423461914e-01 2.714886665344238281e-01
-2.886843383312225342e-01 8.995683789253234863e-01 -3.277767002582550049e-01 1.545429825782775879e-01
0.000000000000000000e+00 0.000000000000000000e+00 0.000000000000000000e+00 1.000000000000000000e+00
9.502918720245361328e-01 -2.655719816684722900e-01 -1.625322550535202026e-01 -1.964889466762542725e-03
-2.433072030544281006e-01 -3.076583743095397949e-01 -9.198628664016723633e-01 2.941678166389465332e-01
1.942854225635528564e-01 9.136834740638732910e-01 -3.569809496402740479e-01 1.350759863853454590e-01
0.000000000000000000e+00 0.000000000000000000e+00 0.000000000000000000e+00 1.000000000000000000e+00
9.771192073822021484e-01 -1.416071653366088867e-01 -1.586991399526596069e-01 -2.613508608192205429e-03
-1.880925297737121582e-01 -2.269772440195083618e-01 -9.555640220642089844e-01 3.032572567462921143e-01
9.929361939430236816e-02 9.635501503944396973e-01 -2.484190464019775391e-01 1.030619367957115173e-01
0.000000000000000000e+00 0.000000000000000000e+00 0.000000000000000000e+00 1.000000000000000000e+00
9.754289388656616211e-01 -1.855100393295288086e-01 -1.188458651304244995e-01 -1.563773490488529205e-02
-1.424992680549621582e-01 -1.198327019810676575e-01 -9.825143218040466309e-01 3.093465566635131836e-01
1.680246293544769287e-01 9.753084182739257812e-01 -1.433232724666595459e-01 6.298938393592834473e-02
0.000000000000000000e+00 0.000000000000000000e+00 0.000000000000000000e+00 1.000000000000000000e+00
9.488003849983215332e-01 -2.950057983398437500e-01 -1.129132881760597229e-01 -1.864513754844665527e-02
-1.365204900503158569e-01 -6.062342599034309387e-02 -9.887805581092834473e-01 3.098702728748321533e-01
2.848507761955261230e-01 9.535706043243408203e-01 -9.779390692710876465e-02 3.992582857608795166e-02
0.000000000000000000e+00 0.000000000000000000e+00 0.000000000000000000e+00 1.000000000000000000e+00
9.939594864845275879e-01 -5.022278055548667908e-02 -9.758300334215164185e-02 -2.260966971516609192e-02
-9.613171964883804321e-02 3.054944053292274475e-02 -9.948995709419250488e-01 3.087729513645172119e-01
5.294772982597351074e-02 9.982704520225524902e-01 2.553686685860157013e-02 9.322628378868103027e-03
0.000000000000000000e+00 0.000000000000000000e+00 0.000000000000000000e+00 1.000000000000000000e+00
9.967686533927917480e-01 -3.763381019234657288e-02 -7.096567004919052124e-02 -3.086871095001697540e-02
-6.580390781164169312e-02 1.241099387407302856e-01 -9.900841712951660156e-01 3.032770156860351562e-01
4.606818407773971558e-02 9.915546178817749023e-01 1.212323233485221863e-01 -2.443969994783401489e-02
0.000000000000000000e+00 0.000000000000000000e+00 0.000000000000000000e+00 1.000000000000000000e+00
9.817466735839843750e-01 1.154489219188690186e-01 -1.511455178260803223e-01 -7.047009654343128204e-03
-1.687871515750885010e-01 1.625822186470031738e-01 -9.721512198448181152e-01 3.054690361022949219e-01
-8.766024559736251831e-02 9.799177050590515137e-01 1.791008263826370239e-01 -2.534475177526473999e-02
0.000000000000000000e+00 0.000000000000000000e+00 0.000000000000000000e+00 1.000000000000000000e+00
7.594173550605773926e-01 6.432927250862121582e-01 -9.726115316152572632e-02 -1.664046547375619411e-03
-2.653302252292633057e-01 1.697295159101486206e-01 -9.491005539894104004e-01 3.080088496208190918e-01
-5.940415263175964355e-01 7.465696334838867188e-01 2.995805442333221436e-01 -3.432147577404975891e-02
0.000000000000000000e+00 0.000000000000000000e+00 0.000000000000000000e+00 1.000000000000000000e+00
5.232954621315002441e-01 8.520327806472778320e-01 1.424338761717081070e-02 -1.192726381123065948e-02
-3.692196905612945557e-01 2.417656928300857544e-01 -8.973438143730163574e-01 3.070970177650451660e-01
-7.680095434188842773e-01 4.643170833587646484e-01 4.411021471023559570e-01 -7.105027139186859131e-02
0.000000000000000000e+00 0.000000000000000000e+00 0.000000000000000000e+00 1.000000000000000000e+00
6.087540984153747559e-01 7.926992774009704590e-01 3.234229236841201782e-02 -2.496987208724021912e-02
-3.916315436363220215e-01 3.357069194316864014e-01 -8.566938638687133789e-01 3.000808358192443848e-01
-6.899585127830505371e-01 5.088502764701843262e-01 5.148090720176696777e-01 -9.824630618095397949e-02
0.000000000000000000e+00 0.000000000000000000e+00 0.000000000000000000e+00 1.000000000000000000e+00
8.864201307296752930e-01 1.954186111688613892e-01 -4.196081757545471191e-01 8.502776175737380981e-02
-4.624506831169128418e-01 4.129858911037445068e-01 -7.845901846885681152e-01 2.876264154911041260e-01
1.996861770749092102e-02 8.895244598388671875e-01 4.564504623413085938e-01 -1.137668788433074951e-01
0.000000000000000000e+00 0.000000000000000000e+00 0.000000000000000000e+00 1.000000000000000000e+00
8.745369911193847656e-01 1.790158897638320923e-01 -4.507094919681549072e-01 9.542467445135116577e-02
-4.756444096565246582e-01 4.979018270969390869e-01 -7.251589894294738770e-01 2.700029611587524414e-01
9.459398686885833740e-02 8.485558032989501953e-01 5.205815434455871582e-01 -1.414295732975006104e-01
0.000000000000000000e+00 0.000000000000000000e+00 0.000000000000000000e+00 1.000000000000000000e+00
8.637945055961608887e-01 1.577078551054000854e-01 -4.785256385803222656e-01 1.047516912221908569e-01
-4.730517864227294922e-01 5.807853341102600098e-01 -6.625031828880310059e-01 2.528592646121978760e-01
1.734387278556823730e-01 7.986339926719665527e-01 5.762829780578613281e-01 -1.615141183137893677e-01
0.000000000000000000e+00 0.000000000000000000e+00 0.000000000000000000e+00 1.000000000000000000e+00
8.480415940284729004e-01 1.167484447360038757e-01 -5.169094204902648926e-01 1.141184419393539429e-01
-4.487389326095581055e-01 6.770656108856201172e-01 -5.832794904708862305e-01 2.290252447128295898e-01
2.818845808506011963e-01 7.266027331352233887e-01 6.265692114830017090e-01 -1.838427037000656128e-01
0.000000000000000000e+00 0.000000000000000000e+00 0.000000000000000000e+00 1.000000000000000000e+00
8.352486491203308105e-01 1.273378133773803711e-01 -5.349249839782714844e-01 1.211209967732429504e-01
-4.416610300540924072e-01 7.348664402961730957e-01 -5.146893858909606934e-01 2.086923271417617798e-01
3.275591135025024414e-01 6.661495566368103027e-01 6.700370311737060547e-01 -2.017187029123306274e-01
0.000000000000000000e+00 0.000000000000000000e+00 0.000000000000000000e+00 1.000000000000000000e+00
8.057961463928222656e-01 1.591358482837677002e-01 -5.704099535942077637e-01 1.359416395425796509e-01
-4.494099617004394531e-01 7.915909290313720703e-01 -4.140216410160064697e-01 1.789430826902389526e-01
3.856457173824310303e-01 5.899656414985656738e-01 7.093785405158996582e-01 -2.202097624540328979e-01
0.000000000000000000e+00 0.000000000000000000e+00 0.000000000000000000e+00 1.000000000000000000e+00
7.794991135597229004e-01 2.207173854112625122e-01 -5.862292647361755371e-01 1.448910534381866455e-01
-4.577676355838775635e-01 8.395463228225708008e-01 -2.925937473773956299e-01 1.427515298128128052e-01
4.275857806205749512e-01 4.964331686496734619e-01 7.554625272750854492e-01 -2.401581555604934692e-01
0.000000000000000000e+00 0.000000000000000000e+00 0.000000000000000000e+00 1.000000000000000000e+00
7.535771131515502930e-01 2.908565104007720947e-01 -5.895113348960876465e-01 1.500064432621002197e-01
-4.654007852077484131e-01 8.693984746932983398e-01 -1.659766137599945068e-01 1.042516678571701050e-01
4.642451107501983643e-01 3.994355499744415283e-01 7.905238866806030273e-01 -2.562160789966583252e-01
0.000000000000000000e+00 0.000000000000000000e+00 0.000000000000000000e+00 1.000000000000000000e+00
7.370007038116455078e-01 3.610709607601165771e-01 -5.713643431663513184e-01 1.467980444431304932e-01
-4.421055912971496582e-01 8.969562053680419922e-01 -3.442813875153660774e-03 5.323465913534164429e-02
5.112454891204833984e-01 2.551406025886535645e-01 8.206890821456909180e-01 -2.711716592311859131e-01
0.000000000000000000e+00 0.000000000000000000e+00 0.000000000000000000e+00 1.000000000000000000e+00
7.273532152175903320e-01 3.994690477848052979e-01 -5.580161213874816895e-01 1.419425755739212036e-01
-3.746870458126068115e-01 9.123930335044860840e-01 1.647674292325973511e-01 -5.110233090817928314e-03
5.749498009681701660e-01 8.923751115798950195e-02 8.133078813552856445e-01 -2.706429064273834229e-01
0.000000000000000000e+00 0.000000000000000000e+00 0.000000000000000000e+00 1.000000000000000000e+00
7.206603884696960449e-01 4.170698225498199463e-01 -5.538069009780883789e-01 1.394967734813690186e-01
-2.969719469547271729e-01 9.075213074684143066e-01 2.970056831836700439e-01 -5.264686420559883118e-02
6.264634132385253906e-01 -4.957507550716400146e-02 7.778723835945129395e-01 -2.620619833469390869e-01
0.000000000000000000e+00 0.000000000000000000e+00 0.000000000000000000e+00 1.000000000000000000e+00
7.144629359245300293e-01 4.437291622161865234e-01 -5.409685373306274414e-01 1.350337862968444824e-01
-2.386497259140014648e-01 8.813568949699401855e-01 4.077450037002563477e-01 -9.126086533069610596e-02
6.577150821685791016e-01 -1.622166931629180908e-01 7.355927824974060059e-01 -2.505247890949249268e-01
0.000000000000000000e+00 0.000000000000000000e+00 0.000000000000000000e+00 1.000000000000000000e+00
7.110163569450378418e-01 4.682503342628479004e-01 -5.245923399925231934e-01 1.299111545085906982e-01
-1.624694317579269409e-01 8.352431654930114746e-01 5.253306627273559570e-01 -1.344679147005081177e-01
6.841485500335693359e-01 -2.882882356643676758e-01 6.699480414390563965e-01 -2.316730916500091553e-01
0.000000000000000000e+00 0.000000000000000000e+00 0.000000000000000000e+00 1.000000000000000000e+00
6.961658000946044922e-01 4.962427020072937012e-01 -5.187447667121887207e-01 1.288166046142578125e-01
-9.828381240367889404e-02 7.816860079765319824e-01 6.158790588378906250e-01 -1.689926385879516602e-01
7.111210823059082031e-01 -3.777697086334228516e-01 5.929558873176574707e-01 -2.089901119470596313e-01
0.000000000000000000e+00 0.000000000000000000e+00 0.000000000000000000e+00 1.000000000000000000e+00
7.073227763175964355e-01 5.040041804313659668e-01 -4.956552386283874512e-01 1.208552494645118713e-01
-3.283359110355377197e-02 7.238442897796630859e-01 6.891817450523376465e-01 -1.979658901691436768e-01
7.061275839805603027e-01 -4.711996912956237793e-01 5.285397768020629883e-01 -1.898023784160614014e-01
0.000000000000000000e+00 0.000000000000000000e+00 0.000000000000000000e+00 1.000000000000000000e+00
7.214499115943908691e-01 5.069068670272827148e-01 -4.717575907707214355e-01 1.124584674835205078e-01
1.697663217782974243e-02 6.681193113327026367e-01 7.438604831695556641e-01 -2.202386111021041870e-01
6.922583580017089844e-01 -5.446668267250061035e-01 4.734090566635131836e-01 -1.731836497783660889e-01
0.000000000000000000e+00 0.000000000000000000e+00 0.000000000000000000e+00 1.000000000000000000e+00
7.524663209915161133e-01 4.970048666000366211e-01 -4.321808516979217529e-01 9.799755364656448364e-02
5.992454290390014648e-02 6.017979979515075684e-01 7.963970899581909180e-01 -2.415813058614730835e-01
6.558991074562072754e-01 -6.251602172851562500e-01 4.230499267578125000e-01 -1.585596352815628052e-01
0.000000000000000000e+00 0.000000000000000000e+00 0.000000000000000000e+00 1.000000000000000000e+00
8.203319311141967773e-01 4.462659657001495361e-01 -3.576344847679138184e-01 6.962453573942184448e-02
1.020449325442314148e-01 5.010988712310791016e-01 8.593525886535644531e-01 -2.687588632106781006e-01
5.627097487449645996e-01 -7.414488792419433594e-01 3.655281662940979004e-01 -1.385105848312377930e-01
0.000000000000000000e+00 0.000000000000000000e+00 0.000000000000000000e+00 1.000000000000000000e+00
8.784903287887573242e-01 3.880758583545684814e-01 -2.786607742309570312e-01 4.225406050682067871e-02
1.204969659447669983e-01 3.844353258609771729e-01 9.152539968490600586e-01 -2.914724946022033691e-01
4.623150527477264404e-01 -8.376194834709167480e-01 2.909607291221618652e-01 -1.109237149357795715e-01
0.000000000000000000e+00 0.000000000000000000e+00 0.000000000000000000e+00 1.000000000000000000e+00
8.795096278190612793e-01 3.871164917945861816e-01 -2.767737507820129395e-01 4.034855961799621582e-02
1.624393463134765625e-01 3.024535179138183594e-01 9.392203688621520996e-01 -3.035634756088256836e-01
4.472988247871398926e-01 -8.710122108459472656e-01 2.031277269124984741e-01 -8.477056026458740234e-02
0.000000000000000000e+00 0.000000000000000000e+00 0.000000000000000000e+00 1.000000000000000000e+00
8.968830704689025879e-01 3.602696359157562256e-01 -2.565285563468933105e-01 3.280895948410034180e-02
1.916367262601852417e-01 2.061797529458999634e-01 9.595650434494018555e-01 -3.139198422431945801e-01
3.985930681228637695e-01 -9.097777605056762695e-01 1.158782988786697388e-01 -5.519213527441024780e-02
0.000000000000000000e+00 0.000000000000000000e+00 0.000000000000000000e+00 1.000000000000000000e+00
9.490602612495422363e-01 2.159860283136367798e-01 -2.294233143329620361e-01 1.958569698035717010e-02
2.088440358638763428e-01 1.140277460217475891e-01 9.712785482406616211e-01 -3.210254311561584473e-01
2.359433770179748535e-01 -9.697157740592956543e-01 6.311179697513580322e-02 -2.920655161142349243e-02
0.000000000000000000e+00 0.000000000000000000e+00 0.000000000000000000e+00 1.000000000000000000e+00
9.765064120292663574e-01 -1.226082593202590942e-01 -1.772087514400482178e-01 -2.853709505870938301e-03
1.811932623386383057e-01 2.205955795943737030e-02 9.832000136375427246e-01 -3.271700143814086914e-01
-1.166392937302589417e-01 -9.922097921371459961e-01 4.375712946057319641e-02 2.568973868619650602e-04
0.000000000000000000e+00 0.000000000000000000e+00 0.000000000000000000e+00 1.000000000000000000e+00
9.606826305389404297e-01 2.275298088788986206e-01 -1.591188013553619385e-01 -7.742444053292274475e-03
1.784681975841522217e-01 -6.702771782875061035e-02 9.816601276397705078e-01 -3.311748504638671875e-01
2.126916646957397461e-01 -9.714613556861877441e-01 -1.049992814660072327e-01 3.372868895530700684e-02
0.000000000000000000e+00 0.000000000000000000e+00 0.000000000000000000e+00 1.000000000000000000e+00
9.832001328468322754e-01 4.251142218708992004e-02 -1.775086671113967896e-01 -6.703725666739046574e-04
1.812662184238433838e-01 -1.132417395710945129e-01 9.768921732902526855e-01 -3.318164348602294922e-01
2.142774499952793121e-02 -9.926573038101196289e-01 -1.190452203154563904e-01 5.533789843320846558e-02
0.000000000000000000e+00 0.000000000000000000e+00 0.000000000000000000e+00 1.000000000000000000e+00
9.786142706871032715e-01 1.555340737104415894e-01 -1.346220374107360840e-01 -1.389113627374172211e-02
1.472791731357574463e-01 -7.289481908082962036e-02 9.864052534103393555e-01 -3.330044448375701904e-01
1.436064094305038452e-01 -9.851375222206115723e-01 -9.424284100532531738e-02 3.729249164462089539e-02
0.000000000000000000e+00 0.000000000000000000e+00 0.000000000000000000e+00 1.000000000000000000e+00
9.494854807853698730e-01 3.062046468257904053e-01 -6.867303699254989624e-02 -3.201306611299514771e-02
5.248535424470901489e-02 6.079955399036407471e-02 9.967685341835021973e-01 -3.289872109889984131e-01
3.093907535076141357e-01 -9.500222206115722656e-01 4.165707528591156006e-02 -1.811413839459419250e-02
0.000000000000000000e+00 0.000000000000000000e+00 0.000000000000000000e+00 1.000000000000000000e+00
8.670243024826049805e-01 4.946413636207580566e-01 -5.998521298170089722e-02 -2.825961261987686157e-02
-4.314633458852767944e-02 1.944681107997894287e-01 9.799592494964599609e-01 -3.157164156436920166e-01
4.963939785957336426e-01 -8.470605015754699707e-01 1.899507194757461548e-01 -7.695283740758895874e-02
0.000000000000000000e+00 0.000000000000000000e+00 0.000000000000000000e+00 1.000000000000000000e+00
7.848065495491027832e-01 6.160431504249572754e-01 -6.760292500257492065e-02 -1.755347289144992828e-02
-1.638679802417755127e-01 3.114753067493438721e-01 9.360182881355285645e-01 -2.910747826099395752e-01
5.976842045783996582e-01 -7.235149741172790527e-01 3.453974127769470215e-01 -1.328375935554504395e-01
0.000000000000000000e+00 0.000000000000000000e+00 0.000000000000000000e+00 1.000000000000000000e+00
9.411701560020446777e-01 2.519247531890869141e-01 2.252382338047027588e-01 -1.145658195018768311e-01
-3.133579492568969727e-01 4.010848402976989746e-01 8.607774972915649414e-01 -2.547875046730041504e-01
1.265116184949874878e-01 -8.807184100151062012e-01 4.564316570758819580e-01 -1.456386297941207886e-01
0.000000000000000000e+00 0.000000000000000000e+00 0.000000000000000000e+00 1.000000000000000000e+00
8.846539258956909180e-01 3.909493088722229004e-01 2.540589570999145508e-01 -1.164527982473373413e-01
-4.366278350353240967e-01 5.035369396209716797e-01 7.455241680145263672e-01 -2.077940702438354492e-01
1.635342389345169067e-01 -7.704601287841796875e-01 6.161553263664245605e-01 -1.967487335205078125e-01
0.000000000000000000e+00 0.000000000000000000e+00 0.000000000000000000e+00 1.000000000000000000e+00
8.093078732490539551e-01 5.224394798278808594e-01 2.684728205204010010e-01 -1.112031936645507812e-01
-5.698894858360290527e-01 5.876641869544982910e-01 5.743489861488342285e-01 -1.449791043996810913e-01
1.422906666994094849e-01 -6.178247928619384766e-01 7.733342051506042480e-01 -2.413668781518936157e-01
0.000000000000000000e+00 0.000000000000000000e+00 0.000000000000000000e+00 1.000000000000000000e+00
7.348776459693908691e-01 6.129125356674194336e-01 2.903324663639068604e-01 -1.080153733491897583e-01
-6.734516620635986328e-01 6.089191436767578125e-01 4.191417098045349121e-01 -9.037371724843978882e-02
8.010848611593246460e-02 -5.035427212715148926e-01 8.602480292320251465e-01 -2.624618113040924072e-01
0.000000000000000000e+00 0.000000000000000000e+00 0.000000000000000000e+00 1.000000000000000000e+00
6.586084365844726562e-01 7.213464379310607910e-01 2.142296135425567627e-01 -7.308220118284225464e-02
-7.496167421340942383e-01 6.041094064712524414e-01 2.704183459281921387e-01 -4.060541465878486633e-02
6.564718484878540039e-02 -3.386899828910827637e-01 9.386050105094909668e-01 -2.815678119659423828e-01
0.000000000000000000e+00 0.000000000000000000e+00 0.000000000000000000e+00 1.000000000000000000e+00
6.879970431327819824e-01 7.043371796607971191e-01 1.748392581939697266e-01 -6.183058395981788635e-02
-7.254448533058166504e-01 6.609341502189636230e-01 1.920823752880096436e-01 -1.315619982779026031e-02
1.973357610404491425e-02 -2.589885592460632324e-01 9.656789302825927734e-01 -2.843839526176452637e-01
0.000000000000000000e+00 0.000000000000000000e+00 0.000000000000000000e+00 1.000000000000000000e+00
6.922103166580200195e-01 7.008720040321350098e-01 1.721133440732955933e-01 -6.152310967445373535e-02
-7.165399193763732910e-01 6.958902478218078613e-01 4.802863299846649170e-02 3.133235126733779907e-02
-8.611004799604415894e-02 -1.565720289945602417e-01 9.839055538177490234e-01 -2.800259888172149658e-01
0.000000000000000000e+00 0.000000000000000000e+00 0.000000000000000000e+00 1.000000000000000000e+00
6.785405874252319336e-01 7.164239287376403809e-01 1.622313857078552246e-01 -5.692640319466590881e-02
-7.222434282302856445e-01 6.909645795822143555e-01 -3.052446804940700531e-02 5.266394093632698059e-02
-1.339646279811859131e-01 -9.645857661962509155e-02 9.862804412841796875e-01 -2.752572298049926758e-01
0.000000000000000000e+00 0.000000000000000000e+00 0.000000000000000000e+00 1.000000000000000000e+00
6.622313261032104492e-01 7.368014454841613770e-01 1.362825781106948853e-01 -4.748796671628952026e-02
-7.323827743530273438e-01 6.749138236045837402e-01 -9.003727883100509644e-02 6.833099573850631714e-02
-1.583185493946075439e-01 -4.018555209040641785e-02 9.865698814392089844e-01 -2.714148759841918945e-01
0.000000000000000000e+00 0.000000000000000000e+00 0.000000000000000000e+00 1.000000000000000000e+00
5.859048366546630859e-01 7.956655025482177734e-01 1.537265032529830933e-01 -4.556612670421600342e-02
-7.599741220474243164e-01 6.053428649902343750e-01 -2.366413772106170654e-01 1.102027967572212219e-01
-2.813445627689361572e-01 2.182112634181976318e-02 9.593585729598999023e-01 -2.563615739345550537e-01
0.000000000000000000e+00 0.000000000000000000e+00 0.000000000000000000e+00 1.000000000000000000e+00
5.879795551300048828e-01 7.913953661918640137e-01 1.672530621290206909e-01 -4.892467707395553589e-02
-6.757539510726928711e-01 5.942395925521850586e-01 -4.361602663993835449e-01 1.654238700866699219e-01
-4.445636272430419922e-01 1.434312760829925537e-01 8.841892480850219727e-01 -2.234548032283782959e-01
0.000000000000000000e+00 0.000000000000000000e+00 0.000000000000000000e+00 1.000000000000000000e+00
6.022579073905944824e-01 7.781535387039184570e-01 1.782204359769821167e-01 -5.417913943529129028e-02
-6.093335151672363281e-01 5.923261642456054688e-01 -5.271265506744384766e-01 1.896206885576248169e-01
-5.157499909400939941e-01 2.088703513145446777e-01 8.308881521224975586e-01 -2.024738043546676636e-01
0.000000000000000000e+00 0.000000000000000000e+00 0.000000000000000000e+00 1.000000000000000000e+00
6.663104891777038574e-01 7.251238226890563965e-01 1.738546639680862427e-01 -5.783680453896522522e-02
-4.978367090225219727e-01 6.061696410179138184e-01 -6.202551126480102539e-01 2.122885435819625854e-01
-5.551474690437316895e-01 3.267311751842498779e-01 7.648906707763671875e-01 -1.760571449995040894e-01
0.000000000000000000e+00 0.000000000000000000e+00 0.000000000000000000e+00 1.000000000000000000e+00
7.478458881378173828e-01 6.476089358329772949e-01 1.460451334714889526e-01 -5.610999092459678650e-02
-3.906683027744293213e-01 6.071691513061523438e-01 -6.918986439704895020e-01 2.277486771345138550e-01
