1.000000000000000000e+00 0.000000000000000000e+00 0.000000000000000000e+00 -4.096739311332171507e-01
0.000000000000000000e+00 -1.000000000000000000e+00 0.000000000000000000e+00 -1.964994255000929863e-02
0.000000000000000000e+00 0.000000000000000000e+00 -1.000000000000000000e+00 -2.664639050480994698e+00
0.000000000000000000e+00 0.000000000000000000e+00 0.000000000000000000e+00 1.000000000000000000e+00
9.965347051620483398e-01 -8.008519560098648071e-02 -2.247022278606891632e-02 -4.574340236692552852e-01
-7.972601056098937988e-02 -9.966810941696166992e-01 1.645142585039138794e-02 6.117040513471024010e-02
-2.371315844357013702e-02 -1.460296474397182465e-02 -9.996122121810913086e-01 -2.715762968984768211e+00
0.000000000000000000e+00 0.000000000000000000e+00 0.000000000000000000e+00 1.000000000000000000e+00
9.852720499038696289e-01 -1.668707430362701416e-01 -3.732293471693992615e-02 -4.824228935436152832e-01
-1.650628894567489624e-01 -9.851532578468322754e-01 4.719254374504089355e-02 1.935321314939049964e-01
-4.464389756321907043e-02 -4.033683612942695618e-02 -9.981882572174072266e-01 -2.710963022082774287e+00
0.000000000000000000e+00 0.000000000000000000e+00 0.000000000000000000e+00 1.000000000000000000e+00
9.645888209342956543e-01 -2.600028812885284424e-01 -4.434826225042343140e-02 -4.797925116037901616e-01
-2.561557888984680176e-01 -9.635272622108459473e-01 7.745223492383956909e-02 3.304015688386871541e-01
-6.286861747503280640e-02 -6.334944069385528564e-02 -9.960089921951293945e-01 -2.702222676114354627e+00
0.000000000000000000e+00 0.000000000000000000e+00 0.000000000000000000e+00 1.000000000000000000e+00
9.361207485198974609e-01 -3.463974595069885254e-01 -6.071426719427108765e-02 -4.991055373957217767e-01
-3.377119004726409912e-01 -9.336161613464355469e-01 1.196295171976089478e-01 4.910616139467681718e-01
-9.812320768833160400e-02 -9.148368239402770996e-02 -9.909602403640747070e-01 -2.678753846912774073e+00
0.000000000000000000e+00 0.000000000000000000e+00 0.000000000000000000e+00 1.000000000000000000e+00
8.905016183853149414e-01 -4.531944692134857178e-01 -4.026036337018013000e-02 -4.124098594766072434e-01
-4.443722963333129883e-01 -8.853254318237304688e-01 1.368648260831832886e-01 5.784623832324432557e-01
-9.767000377178192139e-02 -1.039878204464912415e-01 -9.897714853286743164e-01 -2.684940659760696402e+00
0.000000000000000000e+00 0.000000000000000000e+00 0.000000000000000000e+00 1.000000000000000000e+00
8.433300852775573730e-01 -5.368393659591674805e-01 -2.443926222622394562e-02 -3.401519637810961894e-01
-5.263109803199768066e-01 -8.342697620391845703e-01 1.642878651618957520e-01 6.934468427826055992e-01
-1.085851863026618958e-01 -1.256862282752990723e-01 -9.861099720001220703e-01 -2.674739496379275216e+00
0.000000000000000000e+00 0.000000000000000000e+00 0.000000000000000000e+00 1.000000000000000000e+00
7.899412512779235840e-01 -6.130841374397277832e-01 -1.099534332752227783e-02 -2.740461471987395425e-01
-6.033834218978881836e-01 -7.803850173950195312e-01 1.640978604555130005e-01 7.278042666803293814e-01
-1.091863363981246948e-01 -1.229931637644767761e-01 -9.863826036453247070e-01 -2.683983981640017280e+00
0.000000000000000000e+00 0.000000000000000000e+00 0.000000000000000000e+00 1.000000000000000000e+00
7.179089784622192383e-01 -6.959933042526245117e-01 1.415375154465436935e-02 -1.498790987999913393e-01
-6.887800097465515137e-01 -7.072262167930603027e-01 1.594133228063583374e-01 7.399018160970451952e-01
-1.009407341480255127e-01 -1.241930499672889709e-01 -9.871103763580322266e-01 -2.695121679645489099e+00
0.000000000000000000e+00 0.000000000000000000e+00 0.000000000000000000e+00 1.000000000000000000e+00
6.461831331253051758e-01 -7.628910541534423828e-01 2.107820101082324982e-02 -8.644264906681575766e-02
-7.578911781311035156e-01 -6.382121443748474121e-01 1.352244764566421509e-01 6.946718709097341460e-01
-8.970917761325836182e-02 -1.033547818660736084e-01 -9.905905127525329590e-01 -2.720831679800677083e+00
0.000000000000000000e+00 0.000000000000000000e+00 0.000000000000000000e+00 1.000000000000000000e+00
5.506237149238586426e-01 -8.343374133110046387e-01 2.635630406439304352e-02 -1.682990447801759396e-02
-8.322191834449768066e-01 -5.462200641632080078e-01 9.515581279993057251e-02 5.942181158090590332e-01
-6.499572098255157471e-02 -7.432926446199417114e-02 -9.951133728027343750e-01 -2.767753333781859837e+00
0.000000000000000000e+00 0.000000000000000000e+00 0.000000000000000000e+00 1.000000000000000000e+00
4.580360949039459229e-01 -8.854812383651733398e-01 7.826265692710876465e-02 1.950716239442621402e-01
-8.888602256774902344e-01 -4.550878703594207764e-01 5.313182994723320007e-02 4.790591252778382825e-01
-1.143086608499288559e-02 -9.390085190534591675e-02 -9.955159425735473633e-01 -2.805248107279407765e+00
0.000000000000000000e+00 0.000000000000000000e+00 0.000000000000000000e+00 1.000000000000000000e+00
3.520724773406982422e-01 -9.315372705459594727e-01 9.100951999425888062e-02 2.713812253219845538e-01
-9.358375668525695801e-01 -3.520071804523468018e-01 1.730295643210411072e-02 3.489056469826419260e-01
1.591764017939567566e-02 -9.126199781894683838e-02 -9.956995248794555664e-01 -2.819961689843830221e+00
0.000000000000000000e+00 0.000000000000000000e+00 0.000000000000000000e+00 1.000000000000000000e+00
2.752914726734161377e-01 -9.551517963409423828e-01 1.090823411941528320e-01 3.478983150626628884e-01
-9.582327604293823242e-01 -2.817694246768951416e-01 -4.894722625613212585e-02 1.231448388478506295e-01
7.748811691999435425e-02 -9.105153381824493408e-02 -9.928269386291503906e-01 -2.819013289872450478e+00
0.000000000000000000e+00 0.000000000000000000e+00 0.000000000000000000e+00 1.000000000000000000e+00
1.920347660779953003e-01 -9.724897146224975586e-01 1.318576335906982422e-01 4.306677357537379014e-01
-9.724938273429870605e-01 -2.066172212362289429e-01 -1.075438633561134338e-01 -7.782110560217268824e-02
1.318293660879135132e-01 -1.075785905122756958e-01 -9.854179620742797852e-01 -2.804740656727366055e+00
0.000000000000000000e+00 0.000000000000000000e+00 0.000000000000000000e+00 1.000000000000000000e+00
1.162615045905113220e-01 -9.835148453712463379e-01 1.385001242160797119e-01 4.658035816238977334e-01
-9.710260033607482910e-01 -1.418663263320922852e-01 -1.923079490661621094e-01 -3.481481884849631503e-01
2.087861597537994385e-01 -1.121292114257812500e-01 -9.715119600296020508e-01 -2.778585844016500772e+00
0.000000000000000000e+00 0.000000000000000000e+00 0.000000000000000000e+00 1.000000000000000000e+00
1.901604980230331421e-01 -9.736415147781372070e-01 1.259409487247467041e-01 4.209938559903880773e-01
-9.539115428924560547e-01 -2.135747373104095459e-01 -2.108039259910583496e-01 -3.996357246967047194e-01
2.321452200412750244e-01 -8.005000650882720947e-02 -9.693815708160400391e-01 -2.752987598876852182e+00
0.000000000000000000e+00 0.000000000000000000e+00 0.000000000000000000e+00 1.000000000000000000e+00
2.718896865844726562e-01 -9.535308480262756348e-01 1.298259943723678589e-01 4.131877681549621095e-01
-9.379269480705261230e-01 -2.927603125572204590e-01 -1.859667003154754639e-01 -3.051620011729152537e-01
2.153330594301223755e-01 -7.120491564273834229e-02 -9.739414453506469727e-01 -2.744148466993462154e+00
0.000000000000000000e+00 0.000000000000000000e+00 0.000000000000000000e+00 1.000000000000000000e+00
3.236828744411468506e-01 -9.368167519569396973e-01 1.326781660318374634e-01 4.035403784693697982e-01
-9.347749948501586914e-01 -3.383198976516723633e-01 -1.083304211497306824e-01 -5.247477273761798344e-02
1.463734805583953857e-01 -8.895961195230484009e-02 -9.852209091186523438e-01 -2.742944824085356448e+00
0.000000000000000000e+00 0.000000000000000000e+00 0.000000000000000000e+00 1.000000000000000000e+00
3.624569475650787354e-01 -9.175918102264404297e-01 1.632480472326278687e-01 4.775433080371550565e-01
-9.291914105415344238e-01 -3.693666160106658936e-01 -1.308424212038516998e-02 2.553802544456548751e-01
7.230435311794281006e-02 -1.469462662935256958e-01 -9.864982366561889648e-01 -2.708798286041029790e+00
0.000000000000000000e+00 0.000000000000000000e+00 0.000000000000000000e+00 1.000000000000000000e+00
4.020971059799194336e-01 -8.985897898674011230e-01 1.756536215543746948e-01 4.935611130236685073e-01
-9.155225157737731934e-01 -3.970453143119812012e-01 6.460538506507873535e-02 5.001309128729654052e-01
1.168865803629159927e-02 -1.867925226688385010e-01 -9.823300838470458984e-01 -2.662192857363077092e+00
0.000000000000000000e+00 0.000000000000000000e+00 0.000000000000000000e+00 1.000000000000000000e+00
4.574882388114929199e-01 -8.649654388427734375e-01 2.062479406595230103e-01 5.506145663936026224e-01
-8.879261016845703125e-01 -4.318810105323791504e-01 1.583225727081298828e-01 7.625789093027335319e-01
-4.786908999085426331e-02 -2.555636763572692871e-01 -9.656062722206115723e-01 -2.567868864864737422e+00
0.000000000000000000e+00 0.000000000000000000e+00 0.000000000000000000e+00 1.000000000000000000e+00
5.340300202369689941e-01 -8.233342766761779785e-01 1.921797394752502441e-01 4.576416713377605694e-01
-8.404012322425842285e-01 -4.920928180217742920e-01 2.270931601524353027e-01 9.385940935459259338e-01
-9.240312874317169189e-02 -2.827823758125305176e-01 -9.547226428985595703e-01 -2.500663537594001173e+00
0.000000000000000000e+00 0.000000000000000000e+00 0.000000000000000000e+00 1.000000000000000000e+00
5.911085009574890137e-01 -7.841277718544006348e-01 1.890376955270767212e-01 4.101129185823467194e-01
-7.960802912712097168e-01 -5.294407606124877930e-01 2.931702435016632080e-01 1.090314427256630969e+00
-1.297987401485443115e-01 -3.237842321395874023e-01 -9.371853470802307129e-01 -2.416908810182587075e+00
0.000000000000000000e+00 0.000000000000000000e+00 0.000000000000000000e+00 1.000000000000000000e+00
6.698831319808959961e-01 -7.239354252815246582e-01 1.648469269275665283e-01 2.873592262072842685e-01
-7.230498790740966797e-01 -5.856366753578186035e-01 3.663722574710845947e-01 1.228501021631784429e+00
-1.686896085739135742e-01 -3.646187186241149902e-01 -9.157487750053405762e-01 -2.319439948765475989e+00
0.000000000000000000e+00 0.000000000000000000e+00 0.000000000000000000e+00 1.000000000000000000e+00
7.327394485473632812e-01 -6.646866798400878906e-01 1.458921432495117188e-01 2.031907120539202527e-01
-6.501346230506896973e-01 -6.204209923744201660e-01 4.386364817619323730e-01 1.362624700330883565e+00
-2.010412961244583130e-01 -4.162558615207672119e-01 -8.867433071136474609e-01 -2.193391190800294765e+00
0.000000000000000000e+00 0.000000000000000000e+00 0.000000000000000000e+00 1.000000000000000000e+00
7.536353468894958496e-01 -6.454775333404541016e-01 1.240658164024353027e-01 1.259343749577500060e-01
-5.997273325920104980e-01 -5.980234742164611816e-01 5.316907167434692383e-01 1.562333120606242742e+00
-2.690002620220184326e-01 -4.751062989234924316e-01 -8.378022909164428711e-01 -1.989276863529584105e+00
0.000000000000000000e+00 0.000000000000000000e+00 0.000000000000000000e+00 1.000000000000000000e+00
7.837604880332946777e-01 -6.059354543685913086e-01 1.362416446208953857e-01 1.318920986468887502e-01
-5.400577783584594727e-01 -5.566070079803466797e-01 6.312887668609619141e-01 1.798830050274772274e+00
-3.066874444484710693e-01 -5.683573484420776367e-01 -7.634871006011962891e-01 -1.733172447400092242e+00
0.000000000000000000e+00 0.000000000000000000e+00 0.000000000000000000e+00 1.000000000000000000e+00
8.053896427154541016e-01 -5.794311761856079102e-01 1.249287053942680359e-01 8.633644277694244029e-02
-4.831846952438354492e-01 -5.196963548660278320e-01 7.045906186103820801e-01 1.976776319795738868e+00
-3.433368802070617676e-01 -6.278336048126220703e-01 -6.985302567481994629e-01 -1.517012309145785665e+00
0.000000000000000000e+00 0.000000000000000000e+00 0.000000000000000000e+00 1.000000000000000000e+00
8.351414799690246582e-01 -5.364698171615600586e-01 1.214037388563156128e-01 5.153657766839223747e-02
-4.145118296146392822e-01 -4.687646627426147461e-01 7.800252437591552734e-01 2.158016464922862365e+00
-3.615503013134002686e-01 -7.017547488212585449e-01 -6.138579845428466797e-01 -1.293467785778270818e+00
0.000000000000000000e+00 0.000000000000000000e+00 0.000000000000000000e+00 1.000000000000000000e+00
8.664324283599853516e-01 -4.914624094963073730e-01 8.808919042348861694e-02 -5.695047890829182946e-02
-3.318549990653991699e-01 -4.350203573703765869e-01 8.370361924171447754e-01 2.284321707547164237e+00
-3.730513155460357666e-01 -7.544683814048767090e-01 -5.400100946426391602e-01 -1.113296280741098210e+00
0.000000000000000000e+00 0.000000000000000000e+00 0.000000000000000000e+00 1.000000000000000000e+00
8.779842257499694824e-01 -4.757229983806610107e-01 5.321270972490310669e-02 -1.448768718706421599e-01
-2.416494935750961304e-01 -3.445130288600921631e-01 9.071469902992248535e-01 2.414275268536784758e+00
-4.132182896137237549e-01 -8.093197345733642578e-01 -4.174354076385498047e-01 -7.997294361740022728e-01
0.000000000000000000e+00 0.000000000000000000e+00 0.000000000000000000e+00 1.000000000000000000e+00
8.576864004135131836e-01 -5.137689709663391113e-01 2.037827298045158386e-02 -2.659538940897263615e-01
-9.677157551050186157e-02 -1.223720386624336243e-01 9.877550601959228516e-01 2.585427660927886784e+00
-5.049843788146972656e-01 -8.491560816764831543e-01 -1.546749919652938843e-01 -1.182247244734202091e-01
0.000000000000000000e+00 0.000000000000000000e+00 0.000000000000000000e+00 1.000000000000000000e+00
8.588026165962219238e-01 -5.108573436737060547e-01 3.849847987294197083e-02 -2.044420881994014061e-01
-1.037931814789772034e-01 -9.991239011287689209e-02 9.895675182342529297e-01 2.591477332435752068e+00
-5.016816854476928711e-01 -8.538395762443542480e-01 -1.388285607099533081e-01 -1.334643230643022538e-01
0.000000000000000000e+00 0.000000000000000000e+00 0.000000000000000000e+00 1.000000000000000000e+00
8.198696374893188477e-01 -5.721380114555358887e-01 2.172711305320262909e-02 -2.086860883913757569e-01
-1.057673692703247070e-01 -1.140509024262428284e-01 9.878287911415100098e-01 2.588373302386856700e+00
-5.626962184906005859e-01 -8.121885061264038086e-01 -1.540203243494033813e-01 -1.611176446366969495e-01
0.000000000000000000e+00 0.000000000000000000e+00 0.000000000000000000e+00 1.000000000000000000e+00
8.029415011405944824e-01 -5.937613844871520996e-01 5.227762088179588318e-02 -1.257131718197672388e-01
-2.463385015726089478e-01 -2.506950795650482178e-01 9.361995458602905273e-01 2.507908863383570441e+00
-5.427729487419128418e-01 -7.645912766456604004e-01 -3.475595712661743164e-01 -5.759786834120707022e-01
0.000000000000000000e+00 0.000000000000000000e+00 0.000000000000000000e+00 1.000000000000000000e+00
8.177556395530700684e-01 -5.697540044784545898e-01 8.158583939075469971e-02 -5.969649624614035283e-02
-3.090410232543945312e-01 -3.150648772716522217e-01 8.973448872566223145e-01 2.432723676126702372e+00
-4.855608344078063965e-01 -7.590220570564270020e-01 -4.337233603000640869e-01 -8.044574321616706492e-01
0.000000000000000000e+00 0.000000000000000000e+00 0.000000000000000000e+00 1.000000000000000000e+00
8.080083727836608887e-01 -5.815703272819519043e-01 9.433323889970779419e-02 -2.583149719717305753e-02
-3.664477169513702393e-01 -3.707009553909301758e-01 8.534030318260192871e-01 2.343815248899907999e+00
-4.613443911075592041e-01 -7.241251468658447266e-01 -5.126444697380065918e-01 -1.017216078868930174e+00
0.000000000000000000e+00 0.000000000000000000e+00 0.000000000000000000e+00 1.000000000000000000e+00
8.298666477203369141e-01 -5.526448488235473633e-01 7.684528082609176636e-02 -1.245661997420724337e-01
-4.553531706333160400e-01 -5.912085175514221191e-01 6.656769514083862305e-01 1.974215612279182075e+00
-3.224513828754425049e-01 -5.874149203300476074e-01 -7.422726154327392578e-01 -1.674326119353392039e+00
0.000000000000000000e+00 0.000000000000000000e+00 0.000000000000000000e+00 1.000000000000000000e+00
8.285782933235168457e-01 -5.577338933944702148e-01 4.889456555247306824e-02 -2.082893408400665614e-01
-4.698051810264587402e-01 -6.451243758201599121e-01 6.025756597518920898e-01 1.802571773758016915e+00
-3.045339584350585938e-01 -5.222520232200622559e-01 -7.965622544288635254e-01 -1.829533278533503671e+00
0.000000000000000000e+00 0.000000000000000000e+00 0.000000000000000000e+00 1.000000000000000000e+00
8.518843650817871094e-01 -5.218064785003662109e-01 4.484073445200920105e-02 -2.216622943716256011e-01
-4.631631672382354736e-01 -7.106342911720275879e-01 5.296025276184082031e-01 1.598087689151941326e+00
-2.444848120212554932e-01 -4.719285368919372559e-01 -8.470601439476013184e-01 -1.983222225132139194e+00
0.000000000000000000e+00 0.000000000000000000e+00 0.000000000000000000e+00 1.000000000000000000e+00
8.705276250839233398e-01 -4.920581281185150146e-01 7.788015529513359070e-03 -3.096923754654846705e-01
-4.563746452331542969e-01 -8.012743592262268066e-01 3.868864774703979492e-01 1.214140778073283577e+00
-1.841304451227188110e-01 -3.403495252132415771e-01 -9.220944046974182129e-01 -2.196395055242669425e+00
0.000000000000000000e+00 0.000000000000000000e+00 0.000000000000000000e+00 1.000000000000000000e+00
8.755964040756225586e-01 -4.828616380691528320e-01 1.326150633394718170e-02 -2.800204530556932858e-01
-4.703116416931152344e-01 -8.459340333938598633e-01 2.514010369777679443e-01 8.672196143497958865e-01
-1.101736202836036682e-01 -2.263629436492919922e-01 -9.677919745445251465e-01 -2.342873181925070103e+00
0.000000000000000000e+00 0.000000000000000000e+00 0.000000000000000000e+00 1.000000000000000000e+00
8.766888380050659180e-01 -4.809626042842864990e-01 9.578640572726726532e-03 -2.536385948541524660e-01
-4.809008240699768066e-01 -8.757194280624389648e-01 4.300149157643318176e-02 3.245377762748778983e-01
-1.229392737150192261e-02 -4.230530187487602234e-02 -9.990289211273193359e-01 -2.465081568461191086e+00
0.000000000000000000e+00 0.000000000000000000e+00 0.000000000000000000e+00 1.000000000000000000e+00
8.873773813247680664e-01 -4.608714282512664795e-01 1.259047444909811020e-02 -2.319799899505773644e-01
-4.597282707691192627e-01 -8.865773677825927734e-01 -5.128655582666397095e-02 6.496403951251862596e-02
3.479894250631332397e-02 3.972234576940536499e-02 -9.986045360565185547e-01 -2.488298741924075852e+00
0.000000000000000000e+00 0.000000000000000000e+00 0.000000000000000000e+00 1.000000000000000000e+00
8.925803303718566895e-01 -4.508190453052520752e-01 7.896837778389453888e-03 -2.379291681751791177e-01
-4.444369971752166748e-01 -8.826266527175903320e-01 -1.531209647655487061e-01 -2.254449928206259113e-01
7.599990069866180420e-02 1.331631541252136230e-01 -9.881760478019714355e-01 -2.480211265997053882e+00
0.000000000000000000e+00 0.000000000000000000e+00 0.000000000000000000e+00 1.000000000000000000e+00
8.970806002616882324e-01 -4.418091177940368652e-01 7.188173010945320129e-03 -2.385979219155449638e-01
-4.252811372280120850e-01 -8.677076697349548340e-01 -2.573315501213073730e-01 -5.314493858338583676e-01
1.199285984039306641e-01 2.277899384498596191e-01 -9.662964940071105957e-01 -2.436230838461881820e+00
0.000000000000000000e+00 0.000000000000000000e+00 0.000000000000000000e+00 1.000000000000000000e+00
9.016718268394470215e-01 -4.322865903377532959e-01 1.078949123620986938e-02 -2.262540458187444203e-01
-3.976783156394958496e-01 -8.387668728828430176e-01 -3.719162344932556152e-01 -8.825069338084305937e-01
1.698243618011474609e-01 3.310554921627044678e-01 -9.282037019729614258e-01 -2.346473073116988051e+00
0.000000000000000000e+00 0.000000000000000000e+00 0.000000000000000000e+00 1.000000000000000000e+00
9.043034315109252930e-01 -4.267916083335876465e-01 9.124200791120529175e-03 -2.423627897245385909e-01
-3.749111592769622803e-01 -8.042355775833129883e-01 -4.611359834671020508e-01 -1.154529610179112931e+00
2.041472643613815308e-01 4.135864078998565674e-01 -8.872826099395751953e-01 -2.253131972878774647e+00
0.000000000000000000e+00 0.000000000000000000e+00 0.000000000000000000e+00 1.000000000000000000e+00
9.161970019340515137e-01 -4.006716907024383545e-01 6.698735058307647705e-03 -2.756568853447783907e-01
-3.310140073299407959e-01 -7.661241292953491211e-01 -5.508931875228881836e-01 -1.432977510097534823e+00
2.258596122264862061e-01 5.025094151496887207e-01 -8.345489501953125000e-01 -2.133525960544016442e+00
0.000000000000000000e+00 0.000000000000000000e+00 0.000000000000000000e+00 1.000000000000000000e+00
9.113425612449645996e-01 -4.110310971736907959e-01 -2.253182418644428253e-02 -3.653549617839958463e-01
-3.324119448661804199e-01 -7.025336623191833496e-01 -6.292442679405212402e-01 -1.653165243924218819e+00
2.428098022937774658e-01 5.809469223022460938e-01 -7.768807411193847656e-01 -2.002078607513352981e+00
0.000000000000000000e+00 0.000000000000000000e+00 0.000000000000000000e+00 1.000000000000000000e+00
9.185713529586791992e-01 -3.937826454639434814e-01 -3.408830240368843079e-02 -4.155045766075407543e-01
-2.931185662746429443e-01 -6.208110451698303223e-01 -7.271005511283874512e-01 -1.940119425139625209e+00
2.651572227478027344e-01 6.778856515884399414e-01 -6.856843233108520508e-01 -1.770301188729460184e+00
0.000000000000000000e+00 0.000000000000000000e+00 0.000000000000000000e+00 1.000000000000000000e+00
9.294219017028808594e-01 -3.647067546844482422e-01 -5.623842403292655945e-02 -4.919147230069598753e-01
-2.626225054264068604e-01 -5.466637015342712402e-01 -7.951026558876037598e-01 -2.146624481927948747e+00
2.592359483242034912e-01 7.537559270858764648e-01 -6.038619279861450195e-01 -1.537615932905753491e+00
0.000000000000000000e+00 0.000000000000000000e+00 0.000000000000000000e+00 1.000000000000000000e+00
9.363642334938049316e-01 -3.468778729438781738e-01 -5.382853746414184570e-02 -5.043504693148372908e-01
-2.247434854507446289e-01 -4.746128618717193604e-01 -8.510187268257141113e-01 -2.326391530387276863e+00
2.696519494056701660e-01 8.089612126350402832e-01 -5.223691463470458984e-01 -1.325140398904527173e+00
0.000000000000000000e+00 0.000000000000000000e+00 0.000000000000000000e+00 1.000000000000000000e+00
9.480810165405273438e-01 -3.140495717525482178e-01 -5.015068128705024719e-02 -5.226591831353306628e-01
-1.825838834047317505e-01 -4.083791673183441162e-01 -8.943654894828796387e-01 -2.462534801577074273e+00
2.603945136070251465e-01 8.570873737335205078e-01 -4.445170462131500244e-01 -1.123982060779410652e+00
0.000000000000000000e+00 0.000000000000000000e+00 0.000000000000000000e+00 1.000000000000000000e+00
9.596585631370544434e-01 -2.770592272281646729e-01 -4.788955301046371460e-02 -5.410207391421839596e-01
-1.490712910890579224e-01 -3.569492995738983154e-01 -9.221525788307189941e-01 -2.560248420275132109e+00
2.383967489004135132e-01 8.920908570289611816e-01 -3.838512599468231201e-01 -9.497182569896219784e-01
0.000000000000000000e+00 0.000000000000000000e+00 0.000000000000000000e+00 1.000000000000000000e+00
9.663289189338684082e-01 -2.487555295228958130e-01 -6.580144912004470825e-02 -6.140748548311243393e-01
-1.357005536556243896e-01 -2.754025757312774658e-01 -9.517033100128173828e-01 -2.685389755107964849e+00
2.186194211244583130e-01 9.285870790481567383e-01 -2.998855113983154297e-01 -6.761403923039273067e-01
0.000000000000000000e+00 0.000000000000000000e+00 0.000000000000000000e+00 1.000000000000000000e+00
9.761548042297363281e-01 -2.098718136548995972e-01 -5.545993894338607788e-02 -6.139073602769702376e-01
-9.698072820901870728e-02 -1.930613666772842407e-01 -9.763817191123962402e-01 -2.795060608592117024e+00
1.942078620195388794e-01 9.584785103797912598e-01 -2.088114321231842041e-01 -3.740813480005557023e-01
0.000000000000000000e+00 0.000000000000000000e+00 0.000000000000000000e+00 1.000000000000000000e+00
9.953681826591491699e-01 -9.577282518148422241e-02 -8.318971842527389526e-03 -5.052580304163410974e-01
-2.147107012569904327e-02 -1.371284127235412598e-01 -9.903204441070556641e-01 -2.859217645352572390e+00
9.370508044958114624e-02 9.859119653701782227e-01 -1.385496109724044800e-01 -1.611172824676651016e-01
0.000000000000000000e+00 0.000000000000000000e+00 0.000000000000000000e+00 1.000000000000000000e+00
9.971607327461242676e-01 -7.518637180328369141e-02 4.143271129578351974e-03 -4.828782262473607645e-01
-1.462747808545827866e-02 -2.473850101232528687e-01 -9.688065052032470703e-01 -2.811670439222679008e+00
7.386608421802520752e-02 9.659954309463500977e-01 -2.477824836969375610e-01 -4.863450213220877894e-01
0.000000000000000000e+00 0.000000000000000000e+00 0.000000000000000000e+00 1.000000000000000000e+00
9.986508488655090332e-01 -2.222628891468048096e-02 4.693292826414108276e-02 -3.449735718404232099e-01
3.847946599125862122e-02 -2.901801168918609619e-01 -9.561976194381713867e-01 -2.876025323751385976e+00
3.487173467874526978e-02 9.567142128944396973e-01 -2.889334559440612793e-01 -5.915043179304572130e-01
0.000000000000000000e+00 0.000000000000000000e+00 0.000000000000000000e+00 1.000000000000000000e+00
9.888997077941894531e-01 5.415552482008934021e-02 1.383635997772216797e-01 -2.499878651801770713e-02
1.479808241128921509e-01 -2.751175165176391602e-01 -9.499536156654357910e-01 -2.973740874017613667e+00
-1.337902620434761047e-02 9.598841667175292969e-01 -2.800776064395904541e-01 -5.427318077351251935e-01
0.000000000000000000e+00 0.000000000000000000e+00 0.000000000000000000e+00 1.000000000000000000e+00
9.695184826850891113e-01 7.074985653162002563e-02 2.345806807279586792e-01 2.719574017593541782e-01
2.449411302804946899e-01 -2.559267878532409668e-01 -9.351499080657958984e-01 -3.017675495793330054e+00
-6.126311607658863068e-03 9.641038179397583008e-01 -2.654553353786468506e-01 -4.891515208882536436e-01
0.000000000000000000e+00 0.000000000000000000e+00 0.000000000000000000e+00 1.000000000000000000e+00
9.772042036056518555e-01 -6.337305530905723572e-03 2.122068554162979126e-01 1.734882984608767664e-01
1.999058872461318970e-01 -3.090797662734985352e-01 -9.297891259193420410e-01 -2.988531719308828549e+00
7.148118317127227783e-02 9.510148167610168457e-01 -3.007672131061553955e-01 -6.492695196786798517e-01
0.000000000000000000e+00 0.000000000000000000e+00 0.000000000000000000e+00 1.000000000000000000e+00
9.867532253265380859e-01 -1.192432194948196411e-01 1.099963486194610596e-01 -1.818764568247980828e-01
5.848786607384681702e-02 -3.709456920623779297e-01 -9.268110990524291992e-01 -2.912790240419053323e+00
1.513185799121856689e-01 9.209673404693603516e-01 -3.590575456619262695e-01 -9.236350502701946574e-01
0.000000000000000000e+00 0.000000000000000000e+00 0.000000000000000000e+00 1.000000000000000000e+00
9.798099398612976074e-01 -1.988949775695800781e-01 2.032131887972354889e-02 -4.762545340701724861e-01
-4.280646145343780518e-02 -3.079825043678283691e-01 -9.504282474517822266e-01 -2.928994165795644200e+00
1.952940374612808228e-01 9.303694367408752441e-01 -3.102782666683197021e-01 -8.158822439786703740e-01
0.000000000000000000e+00 0.000000000000000000e+00 0.000000000000000000e+00 1.000000000000000000e+00
9.253154397010803223e-01 -3.687510192394256592e-01 -8.839295804500579834e-02 -7.900661014259264814e-01
-2.180140316486358643e-01 -3.266144990921020508e-01 -9.196699857711791992e-01 -2.751096461417233296e+00
3.102588653564453125e-01 8.702560067176818848e-01 -3.826142847537994385e-01 -1.127119824286700212e+00
0.000000000000000000e+00 0.000000000000000000e+00 0.000000000000000000e+00 1.000000000000000000e+00
8.744999170303344727e-01 -4.757715463638305664e-01 -9.429349005222320557e-02 -7.873266548690841526e-01
-2.823320329189300537e-01 -3.412539958953857422e-01 -8.965681195259094238e-01 -2.637308884286582167e+00
3.943836688995361328e-01 8.106710910797119141e-01 -4.327519834041595459e-01 -1.361053218070995774e+00
0.000000000000000000e+00 0.000000000000000000e+00 0.000000000000000000e+00 1.000000000000000000e+00
8.353281617164611816e-01 -5.462281107902526855e-01 -6.214905157685279846e-02 -6.746540064798822733e-01
-3.358754515647888184e-01 -4.175817370414733887e-01 -8.442829251289367676e-01 -2.452556872288422340e+00
4.352181553840637207e-01 7.261269688606262207e-01 -5.322819948196411133e-01 -1.698785429118623735e+00
0.000000000000000000e+00 0.000000000000000000e+00 0.000000000000000000e+00 1.000000000000000000e+00
7.981601953506469727e-01 -6.003247499465942383e-01 -5.048985406756401062e-02 -6.168759736002457084e-01
-4.290128648281097412e-01 -5.075483918190002441e-01 -7.472231388092041016e-01 -2.100785885813412968e+00
4.229508042335510254e-01 6.180646419525146484e-01 -6.626523137092590332e-01 -2.098004973777710891e+00
0.000000000000000000e+00 0.000000000000000000e+00 0.000000000000000000e+00 1.000000000000000000e+00
7.751011252403259277e-01 -6.314187049865722656e-01 -2.298728935420513153e-02 -5.248765889019912922e-01
-5.050151348114013672e-01 -5.972496867179870605e-01 -6.230989098548889160e-01 -1.671609236501176765e+00
3.797071576118469238e-01 4.945734441280364990e-01 -7.818048596382141113e-01 -2.433399159524930688e+00
0.000000000000000000e+00 0.000000000000000000e+00 0.000000000000000000e+00 1.000000000000000000e+00
7.522405982017517090e-01 -6.586079597473144531e-01 -1.923107914626598358e-02 -5.011444110758294102e-01
-5.672160387039184570e-01 -6.324529051780700684e-01 -5.275120735168457031e-01 -1.339462844662348218e+00
3.352608084678649902e-01 4.077240228652954102e-01 -8.493294715881347656e-01 -2.620009891979074190e+00
0.000000000000000000e+00 0.000000000000000000e+00 0.000000000000000000e+00 1.000000000000000000e+00
6.523475050926208496e-01 -7.578451633453369141e-01 -1.063400227576494217e-02 -4.141798312736453824e-01
-6.749206781387329102e-01 -5.744686722755432129e-01 -4.631068110466003418e-01 -1.072017295008355964e+00
3.448544740676879883e-01 3.092836141586303711e-01 -8.862386941909790039e-01 -2.751898194429075684e+00
0.000000000000000000e+00 0.000000000000000000e+00 0.000000000000000000e+00 1.000000000000000000e+00
5.836931467056274414e-01 -8.116176724433898926e-01 2.406310848891735077e-02 -2.609452688408146481e-01
-7.388098835945129395e-01 -5.431591868400573730e-01 -3.989206552505493164e-01 -8.283617667487539471e-01
3.368413746356964111e-01 2.150692194700241089e-01 -9.166699647903442383e-01 -2.854252543624272942e+00
0.000000000000000000e+00 0.000000000000000000e+00 0.000000000000000000e+00 1.000000000000000000e+00
5.377668738365173340e-01 -8.410602211952209473e-01 5.851823464035987854e-02 -1.154757311736568925e-01
-7.823521494865417480e-01 -5.236879587173461914e-01 -3.371588885784149170e-01 -6.006911033399121580e-01
3.142163753509521484e-01 1.355310976505279541e-01 -9.396277070045471191e-01 -2.913492083762685425e+00
0.000000000000000000e+00 0.000000000000000000e+00 0.000000000000000000e+00 1.000000000000000000e+00
5.039803981781005859e-01 -8.549424409866333008e-01 1.227869838476181030e-01 1.112353826314675387e-01
-8.149121403694152832e-01 -5.177841782569885254e-01 -2.604180872440338135e-01 -3.355533637413858350e-01
2.862197756767272949e-01 3.118502534925937653e-02 -9.576563239097595215e-01 -2.959221684244781603e+00
0.000000000000000000e+00 0.000000000000000000e+00 0.000000000000000000e+00 1.000000000000000000e+00
4.379017949104309082e-01 -8.821530938148498535e-01 1.733439117670059204e-01 3.220556575649552444e-01
-8.566337823867797852e-01 -4.679329395294189453e-01 -2.172962278127670288e-01 -1.735511374474479618e-01
2.728017568588256836e-01 -5.333790183067321777e-02 -9.605906605720520020e-01 -2.963559710415879511e+00
0.000000000000000000e+00 0.000000000000000000e+00 0.000000000000000000e+00 1.000000000000000000e+00
3.503960371017456055e-01 -8.969560265541076660e-01 2.696145176887512207e-01 6.827408311436677923e-01
-8.942176103591918945e-01 -4.059954285621643066e-01 -1.885276287794113159e-01 -6.017788168922257042e-02
2.785634398460388184e-01 -1.750349104404449463e-01 -9.443332552909851074e-01 -2.914318519001056984e+00
0.000000000000000000e+00 0.000000000000000000e+00 0.000000000000000000e+00 1.000000000000000000e+00
2.876842319965362549e-01 -8.877167701721191406e-01 3.594390153884887695e-01 1.002544433392791312e+00
-9.147797822952270508e-01 -3.658234477043151855e-01 -1.713224053382873535e-01 6.428786639185056148e-03
2.835768759250640869e-01 -2.795206606388092041e-01 -9.173068404197692871e-01 -2.837246465580588239e+00
0.000000000000000000e+00 0.000000000000000000e+00 0.000000000000000000e+00 1.000000000000000000e+00
2.677796185016632080e-01 -8.528609275817871094e-01 4.482434689998626709e-01 1.282914519578491008e+00
-9.327194690704345703e-01 -3.460856378078460693e-01 -1.012834385037422180e-01 2.370699539798792055e-01
2.415113300085067749e-01 -3.909637928009033203e-01 -8.881550431251525879e-01 -2.714894867061590666e+00
0.000000000000000000e+00 0.000000000000000000e+00 0.000000000000000000e+00 1.000000000000000000e+00
1.746641695499420166e-01 -7.746855020523071289e-01 6.077452898025512695e-01 1.823750985713170403e+00
-9.619360566139221191e-01 -2.660042047500610352e-01 -6.261482089757919312e-02 3.624766379900402624e-01
2.101697027683258057e-01 -5.736755132675170898e-01 -7.916595935821533203e-01 -2.403027733499355723e+00
0.000000000000000000e+00 0.000000000000000000e+00 0.000000000000000000e+00 1.000000000000000000e+00
1.327185630798339844e-01 -6.808460354804992676e-01 7.203015089035034180e-01 2.191581581828654368e+00
-9.731274247169494629e-01 -2.274802327156066895e-01 -3.571696206927299500e-02 4.476505851142268955e-01
1.881720274686813354e-01 -6.962049007415771484e-01 -6.927409768104553223e-01 -2.095641700121940065e+00
0.000000000000000000e+00 0.000000000000000000e+00 0.000000000000000000e+00 1.000000000000000000e+00
1.113225519657135010e-01 -5.752321481704711914e-01 8.103796243667602539e-01 2.470528033288621472e+00
-9.833635687828063965e-01 -1.815433800220489502e-01 6.220445968210697174e-03 5.820866949647939270e-01
1.435408145189285278e-01 -7.975900769233703613e-01 -5.858719944953918457e-01 -1.752449773673171007e+00
0.000000000000000000e+00 0.000000000000000000e+00 0.000000000000000000e+00 1.000000000000000000e+00
7.810962945222854614e-02 -5.164387226104736328e-01 8.527541160583496094e-01 2.619880471376863973e+00
-9.905874133110046387e-01 -1.366482824087142944e-01 7.978652603924274445e-03 5.901140853248189044e-01
1.124068275094032288e-01 -8.453508019447326660e-01 -5.222517848014831543e-01 -1.545623938599502978e+00
0.000000000000000000e+00 0.000000000000000000e+00 0.000000000000000000e+00 1.000000000000000000e+00
1.500224620103836060e-01 -5.244792699813842773e-01 8.381018042564392090e-01 2.514965138726800387e+00
-9.884048700332641602e-01 -9.965687990188598633e-02 1.145622953772544861e-01 9.099893625499581029e-01
2.343702875077724457e-02 -8.455705642700195312e-01 -5.333486795425415039e-01 -1.510246163816073572e+00
0.000000000000000000e+00 0.000000000000000000e+00 0.000000000000000000e+00 1.000000000000000000e+00
2.620655000209808350e-01 -5.796722769737243652e-01 7.715577483177185059e-01 2.243504893616421914e+00
-9.599563479423522949e-01 -7.454767078161239624e-02 2.700487375259399414e-01 1.356049918219138117e+00
-9.902188926935195923e-02 -8.114327192306518555e-01 -5.759966969490051270e-01 -1.542842066527502221e+00
0.000000000000000000e+00 0.000000000000000000e+00 0.000000000000000000e+00 1.000000000000000000e+00
3.179784417152404785e-01 -6.227725744247436523e-01 7.148733735084533691e-01 2.045938582441389375e+00
-9.302598834037780762e-01 -5.936373025178909302e-02 3.620679080486297607e-01 1.602968072071292882e+00
-1.830482035875320435e-01 -7.801473736763000488e-01 -5.982162356376647949e-01 -1.547784949474062532e+00
0.000000000000000000e+00 0.000000000000000000e+00 0.000000000000000000e+00 1.000000000000000000e+00
3.634308278560638428e-01 -6.469104290008544922e-01 6.703914403915405273e-01 1.884596486815630634e+00
-8.901744484901428223e-01 -2.888784557580947876e-02 4.547029137611389160e-01 1.843349937205943201e+00
-2.747859060764312744e-01 -7.620185613632202148e-01 -5.863619446754455566e-01 -1.447704193983894605e+00
0.000000000000000000e+00 0.000000000000000000e+00 0.000000000000000000e+00 1.000000000000000000e+00
4.151160418987274170e-01 -6.465430855751037598e-01 6.400476098060607910e-01 1.751678520561961827e+00
-8.406752347946166992e-01 -3.672907128930091858e-03 5.415273308753967285e-01 2.056155217487588338e+00
-3.477697372436523438e-01 -7.628688812255859375e-01 -5.450575947761535645e-01 -1.260225911483193517e+00
0.000000000000000000e+00 0.000000000000000000e+00 0.000000000000000000e+00 1.000000000000000000e+00
5.140705108642578125e-01 -6.488044857978820801e-01 5.610567331314086914e-01 1.465200608869570154e+00
-7.358404994010925293e-01 2.536876825615763664e-03 6.771501302719116211e-01 2.354623476563271200e+00
-4.407612979412078857e-01 -7.609512805938720703e-01 -4.761122465133666992e-01 -9.659952370337783201e-01
0.000000000000000000e+00 0.000000000000000000e+00 0.000000000000000000e+00 1.000000000000000000e+00
6.268894076347351074e-01 -6.760849952697753906e-01 3.871927261352539062e-01 8.805522445225346662e-01
-5.833753347396850586e-01 -7.792462408542633057e-02 8.084561228752136230e-01 2.653713562620480193e+00
-5.164130926132202148e-01 -7.326914072036743164e-01 -4.432614743709564209e-01 -7.988823745469603166e-01
0.000000000000000000e+00 0.000000000000000000e+00 0.000000000000000000e+00 1.000000000000000000e+00
6.247858405113220215e-01 -7.316511273384094238e-01 2.726342380046844482e-01 5.813989341000532773e-01
-5.028431415557861328e-01 -1.099208816885948181e-01 8.573600649833679199e-01 2.743571217633584247e+00
-5.973200201988220215e-01 -6.727586388587951660e-01 -4.365826845169067383e-01 -7.337311320556691996e-01
0.000000000000000000e+00 0.000000000000000000e+00 0.000000000000000000e+00 1.000000000000000000e+00
5.985447168350219727e-01 -7.746551036834716797e-01 2.040915489196777344e-01 4.324540224033531777e-01
-3.998779952526092529e-01 -6.815800815820693970e-02 9.140306115150451660e-01 2.844587817902028526e+00
-6.941480636596679688e-01 -6.287000775337219238e-01 -3.505631983280181885e-01 -4.646476815782500935e-01
0.000000000000000000e+00 0.000000000000000000e+00 0.000000000000000000e+00 1.000000000000000000e+00
4.300492405891418457e-01 -9.005860090255737305e-01 6.325883418321609497e-02 1.848070464899803367e-01
-2.229330688714981079e-01 -3.803342953324317932e-02 9.740914702415466309e-01 2.920514175459485884e+00
-8.748478889465332031e-01 -4.330098032951354980e-01 -2.171268314123153687e-01 -7.776092374513146610e-02
0.000000000000000000e+00 0.000000000000000000e+00 0.000000000000000000e+00 1.000000000000000000e+00
2.985715270042419434e-01 -9.498083591461181641e-01 -9.337887167930603027e-02 -2.245053385177186722e-01
-2.647273540496826172e-01 -1.764226555824279785e-01 9.480478167533874512e-01 2.932749556062033580e+00
-9.169377684593200684e-01 -2.583400011062622070e-01 -3.041150271892547607e-01 -3.862261518528545823e-01
0.000000000000000000e+00 0.000000000000000000e+00 0.000000000000000000e+00 1.000000000000000000e+00
2.950125932693481445e-01 -9.551559686660766602e-01 2.538961730897426605e-02 1.452453139662124582e-01
-3.748796880245208740e-01 -9.126307070255279541e-02 9.225704669952392578e-01 2.876395778769326839e+00
-8.788815736770629883e-01 -2.816880345344543457e-01 -3.849925398826599121e-01 -6.115645501735090805e-01
0.000000000000000000e+00 0.000000000000000000e+00 0.000000000000000000e+00 1.000000000000000000e+00
2.747941911220550537e-01 -9.611200690269470215e-01 2.714445441961288452e-02 2.044686341058420120e-01
-4.613391757011413574e-01 -1.070272251963615417e-01 8.807448744773864746e-01 2.787178576573671851e+00
-8.435961008071899414e-01 -2.545462846755981445e-01 -4.728125929832458496e-01 -8.989943800507328442e-01
0.000000000000000000e+00 0.000000000000000000e+00 0.000000000000000000e+00 1.000000000000000000e+00
1.701610386371612549e-01 -9.834473133087158203e-01 6.226284801959991455e-02 3.463526811116334203e-01
-4.856072664260864258e-01 -2.870717085897922516e-02 8.737055659294128418e-01 2.766795565492528031e+00
-8.574560284614562988e-01 -1.789058595895767212e-01 -4.824537932872772217e-01 -9.398267653765690621e-01
0.000000000000000000e+00 0.000000000000000000e+00 0.000000000000000000e+00 1.000000000000000000e+00
