0.2366484999656677 0.1564571410417557 -0.9589153528213501 0.3795388042926788 
-0.1078697293996811 0.9850786328315735 0.1341050416231155 -0.0108888354152441 
0.9655887484550476 0.07170218974351883 0.2499943673610687 -0.05825353413820267 
0 0 0 1 

0.2545517385005951 0.1494292020797729 -0.9554444551467896 0.3767129182815552 
-0.1305424273014069 0.9842563271522522 0.1191559061408043 -0.003267610911279917 
0.9582076072692871 0.09439472854137421 0.2700510323047638 -0.05569107457995415 
0 0 0 1 

0.2525231242179871 0.146692767739296 -0.9564063549041748 0.3766088783740997 
-0.1601862162351608 0.981139600276947 0.1081918478012085 0.003805517219007015 
0.9542390704154968 0.1258822083473206 0.2712585926055908 -0.04705677181482315 
0 0 0 1 

0.2617026567459106 0.1584561467170715 -0.9520520567893982 0.3769321143627167 
-0.1630538702011108 0.9795105457305908 0.1182055398821831 0.003424534806981683 
0.9512754082679749 0.1243011131882668 0.2821773588657379 -0.04550931230187416 
0 0 0 1 

0.2629082202911377 0.1731635481119156 -0.9491541385650635 0.3787273168563843 
-0.1922660619020462 0.9734341502189636 0.1243370100855827 0.004101644270122051 
0.9454697370529175 0.1498009264469147 0.2892173528671265 -0.04199709370732307 
0 0 0 1 

0.2682335674762726 0.1791122853755951 -0.9465566277503967 0.3806275129318237 
-0.2067131996154785 0.9703783392906189 0.1250419467687607 0.006542379967868328 
0.9409146308898926 0.1621253341436386 0.2973129153251648 -0.03920527547597885 
0 0 0 1 

0.2660440802574158 0.1926147639751434 -0.9445211887359619 0.3832769095897675 
-0.2316283881664276 0.9638996124267578 0.1313236206769943 0.005401422269642353 
0.9357184171676636 0.1838400214910507 0.3010547757148743 -0.03237082064151764 
0 0 0 1 

0.285539448261261 0.2006348669528961 -0.9371300935745239 0.3853866159915924 
-0.2439755201339722 0.9608418345451355 0.1313731670379639 0.007953362539410591 
0.9267918467521667 0.1911246031522751 0.3233082294464111 -0.03274260088801384 
0 0 0 1 

0.3244830667972565 0.2056165337562561 -0.9232727289199829 0.385351836681366 
-0.2716361880302429 0.955228865146637 0.1172670945525169 0.01377432886511087 
0.9060488343238831 0.2127431184053421 0.365808516740799 -0.04046055302023888 
0 0 0 1 

0.4286953508853912 0.3218311667442322 -0.8441829681396484 0.3675836622714996 
-0.1414338946342468 0.9467861652374268 0.2891235947608948 -0.06323567032814026 
0.8923096656799316 -0.004549814853817225 0.4514006376266479 -0.05529880151152611 
0 0 0 1 

