0.4011314809322357 0.8954848647117615 -0.1928732842206955 0.05715235322713852 
-0.915880024433136 0.3957635462284088 -0.06733981519937515 0.05742409080266953 
0.01603039354085922 0.2036609500646591 0.9789102077484131 -0.2862275540828705 
0 0 0 1 

0.4587269127368927 0.8610727190971375 -0.2193698287010193 0.06169457733631134 
-0.8875160813331604 0.4319358766078949 -0.160456582903862 0.08592300862073898 
-0.04341116175055504 0.2683000266551971 0.9623567461967468 -0.2759959697723389 
0 0 0 1 

0.3549450635910034 0.8950082063674927 -0.2701374292373657 0.07248973101377487 
-0.8933991193771362 0.4098482429981232 0.1840172559022903 -0.002068291651085019 
0.2754123210906982 0.176024541258812 0.9450732469558716 -0.3144637644290924 
0 0 0 1 

0.2935265302658081 0.8828620910644531 -0.366601288318634 0.1089655160903931 
-0.9128818511962891 0.3726837635040283 0.1665933728218079 0.005241570994257927 
0.2837052941322327 0.2857641577720642 0.9153415560722351 -0.3050726056098938 
0 0 0 1 

0.2670544385910034 0.8521521091461182 -0.4500206708908081 0.1376312375068665 
-0.933894157409668 0.344055563211441 0.09730014204978943 0.02981175854802132 
0.2377466112375259 0.3942872881889343 0.8877015709877014 -0.2925074100494385 
0 0 0 1 

0.1790468245744705 0.7675114870071411 -0.6155228018760681 0.1979104429483414 
-0.9611767530441284 0.2699727118015289 0.05704343318939209 0.04382133483886719 
0.2099558264017105 0.5814127922058105 0.7860519886016846 -0.2570897340774536 
0 0 0 1 

0.1333261281251907 0.6737546920776367 -0.72682785987854 0.2374814450740814 
-0.9743880033493042 0.2231128364801407 0.02808360755443573 0.05383104458451271 
0.1810861229896545 0.7044680714607239 0.6862452626228333 -0.2233071327209473 
0 0 0 1 

0.105261854827404 0.5697436928749084 -0.815053403377533 0.267585277557373 
-0.9846430420875549 0.1745028346776962 -0.005181793589144945 0.0648873969912529 
0.1392767876386642 0.8030821084976196 0.579362690448761 -0.1861727386713028 
0 0 0 1 

0.07840704917907715 0.5051727294921875 -0.8594490885734558 0.2838554680347443 
-0.9908238649368286 0.1346920728683472 -0.0112221036106348 0.06747638434171677 
0.1100918054580688 0.8524426221847534 0.5110980868339539 -0.162385568022728 
0 0 0 1 

0.1420741230249405 0.5178111791610718 -0.8436150550842285 0.2722581624984741 
-0.9897034168243408 0.08927233517169952 -0.1118816435337067 0.09857003390789032 
0.01737786270678043 0.850824236869812 0.5251628756523132 -0.1601311564445496 
0 0 0 1 

