-0.2247475683689117 0.8719238042831421 0.4350143373012543 -0.1133627668023109 
-0.8109244704246521 0.08016272634267807 -0.5796339511871338 0.2302010953426361 
-0.5402685403823853 -0.4830350577831268 0.6890479326248169 -0.2065280228853226 
0 0 0 1 

-0.1991522163152695 0.8274922966957092 0.5249711275100708 -0.1474495381116867 
-0.8651821613311768 0.1031098067760468 -0.4907423853874207 0.2024104297161102 
-0.4602151811122894 -0.5519281625747681 0.6953971982002258 -0.214432030916214 
0 0 0 1 

-0.189377173781395 0.7518329620361328 0.6315722465515137 -0.1893563270568848 
-0.8998787403106689 0.1244711950421333 -0.4180013239383698 0.1783010810613632 
-0.3928797245025635 -0.6474983692169189 0.652986466884613 -0.2004912495613098 
0 0 0 1 

-0.1680221110582352 0.725205659866333 0.6677166223526001 -0.2036440223455429 
-0.9347335696220398 0.09794016927480698 -0.3415860831737518 0.1539151519536972 
-0.3131164908409119 -0.6815311312675476 0.6614177823066711 -0.2043748050928116 
0 0 0 1 

-0.1142991706728935 0.7086724042892456 0.6962177157402039 -0.2158018797636032 
-0.9619016051292419 0.0962531566619873 -0.2558920085430145 0.1253393143415451 
-0.2483567595481873 -0.6989412307739258 0.6706714034080505 -0.205437183380127 
0 0 0 1 

-0.145904541015625 0.6194301843643188 0.7713741064071655 -0.2422897964715958 
-0.9651752114295959 0.08200956135988235 -0.2484172880649567 0.1252220720052719 
-0.2171371877193451 -0.7807564735412598 0.5858930945396423 -0.1720500290393829 
0 0 0 1 

-0.2024586051702499 0.5838438868522644 0.786216676235199 -0.2462349981069565 
-0.9730108380317688 -0.02915389835834503 -0.2289102822542191 0.1209686174988747 
-0.1107265874743462 -0.8113422393798828 0.5739890336990356 -0.1667423993349075 
0 0 0 1 

-0.247431293129921 0.4488773941993713 0.8586541414260864 -0.2623765766620636 
-0.9655453562736511 -0.04049230739474297 -0.2570651471614838 0.1305386424064636 
-0.08062183856964111 -0.8926753997802734 0.4434305131435394 -0.1209060922265053 
0 0 0 1 

-0.3357534408569336 0.336648017168045 0.8797371983528137 -0.2581709921360016 
-0.9418721795082092 -0.1319756656885147 -0.3089644610881805 0.1464510560035706 
0.01209171395748854 -0.9323359727859497 0.3613908588886261 -0.09941186755895615 
0 0 0 1 

-0.3659427464008331 0.3377921283245087 0.8671690225601196 -0.2500380277633667 
-0.9301386475563049 -0.1632577031850815 -0.3289212584495544 0.1487443298101425 
0.03046515770256519 -0.9269535541534424 0.3739363551139832 -0.1039554551243782 
0 0 0 1 

