1.000000000000000000e+00 0.000000000000000000e+00 0.000000000000000000e+00 -4.146692231928954531e-01
0.000000000000000000e+00 -1.000000000000000000e+00 0.000000000000000000e+00 -7.693198940031911737e-02
0.000000000000000000e+00 0.000000000000000000e+00 -1.000000000000000000e+00 -3.421550398492883005e+00
0.000000000000000000e+00 0.000000000000000000e+00 0.000000000000000000e+00 1.000000000000000000e+00
9.900823235511779785e-01 -1.369500458240509033e-01 -3.132838383316993713e-02 -5.601907732917936755e-01
-1.349658071994781494e-01 -9.891213774681091309e-01 5.850591510534286499e-02 2.735740763752584903e-01
-3.900000452995300293e-02 -5.369739606976509094e-02 -9.977954626083374023e-01 -3.420449082455394585e+00
0.000000000000000000e+00 0.000000000000000000e+00 0.000000000000000000e+00 1.000000000000000000e+00
9.710943102836608887e-01 -2.349823862314224243e-01 -4.193698242306709290e-02 -6.007573358928564033e-01
-2.296984046697616577e-01 -9.677377343177795410e-01 1.035479381680488586e-01 5.569506640052032109e-01
-6.491599231958389282e-02 -9.092194586992263794e-02 -9.937397241592407227e-01 -3.400000452943053197e+00
0.000000000000000000e+00 0.000000000000000000e+00 0.000000000000000000e+00 1.000000000000000000e+00
9.381385445594787598e-01 -3.405293226242065430e-01 -6.273154914379119873e-02 -6.602689472377081259e-01
-3.294103145599365234e-01 -9.335458874702453613e-01 1.413525938987731934e-01 7.974025542369133079e-01
-1.066975966095924377e-01 -1.119438707828521729e-01 -9.879697561264038086e-01 -3.355737199831962059e+00
0.000000000000000000e+00 0.000000000000000000e+00 0.000000000000000000e+00 1.000000000000000000e+00
8.940722346305847168e-01 -4.472474455833435059e-01 -2.458663843572139740e-02 -4.675345473664389018e-01
-4.372006356716156006e-01 -8.832930922508239746e-01 1.692590862512588501e-01 9.742365099232738190e-01
-9.741794317960739136e-02 -1.405805647373199463e-01 -9.852649569511413574e-01 -3.348701875786534554e+00
0.000000000000000000e+00 0.000000000000000000e+00 0.000000000000000000e+00 1.000000000000000000e+00
8.284963965415954590e-01 -5.598291754722595215e-01 -1.360496878623962402e-02 -3.535277416700280950e-01
-5.471683144569396973e-01 -8.144513964653015137e-01 1.930691301822662354e-01 1.133469487776385787e+00
-1.191663891077041626e-01 -1.525128036737442017e-01 -9.810907840728759766e-01 -3.331216975629538002e+00
0.000000000000000000e+00 0.000000000000000000e+00 0.000000000000000000e+00 1.000000000000000000e+00
7.496792078018188477e-01 -6.615500450134277344e-01 1.823345385491847992e-02 -1.634836487658056225e-01
-6.548231244087219238e-01 -7.375024557113647461e-01 1.652165353298187256e-01 1.080011021326939824e+00
-9.585179388523101807e-02 -1.357990205287933350e-01 -9.860887527465820312e-01 -3.382335964161476749e+00
0.000000000000000000e+00 0.000000000000000000e+00 0.000000000000000000e+00 1.000000000000000000e+00
6.898480057716369629e-01 -7.217812538146972656e-01 5.605036765336990356e-02 1.864818346400441001e-02
-7.224279642105102539e-01 -6.813020706176757812e-01 1.180050969123840332e-01 9.035670935267823278e-01
-4.698666930198669434e-02 -1.218979507684707642e-01 -9.914299249649047852e-01 -3.456826981678038813e+00
0.000000000000000000e+00 0.000000000000000000e+00 0.000000000000000000e+00 1.000000000000000000e+00
5.843791365623474121e-01 -8.113366365432739258e-01 1.528790686279535294e-02 -9.287792643944006721e-02
-8.098911643028259277e-01 -5.819522738456726074e-01 7.353986799716949463e-02 7.388470972030126704e-01
-5.076874420046806335e-02 -5.535669624805450439e-02 -9.971749782562255859e-01 -3.545333840008472848e+00
0.000000000000000000e+00 0.000000000000000000e+00 0.000000000000000000e+00 1.000000000000000000e+00
5.044422745704650879e-01 -8.630533218383789062e-01 2.600870467722415924e-02 -1.426766158686453619e-03
-8.627750277519226074e-01 -5.026354193687438965e-01 5.455827713012695312e-02 6.749394855168163732e-01
-3.401383757591247559e-02 -4.996114596724510193e-02 -9.981723427772521973e-01 -3.590880065980763369e+00
0.000000000000000000e+00 0.000000000000000000e+00 0.000000000000000000e+00 1.000000000000000000e+00
4.062018394470214844e-01 -9.131469130516052246e-01 3.410729393362998962e-02 8.649255160511344631e-02
-9.137459397315979004e-01 -4.062390625476837158e-01 6.143495440483093262e-03 4.701249068687698429e-01
8.245798759162425995e-03 -3.366091474890708923e-02 -9.993992447853088379e-01 -3.642551263680795071e+00
0.000000000000000000e+00 0.000000000000000000e+00 0.000000000000000000e+00 1.000000000000000000e+00
2.930262982845306396e-01 -9.552159905433654785e-01 4.120134189724922180e-02 1.720810032252312605e-01
-9.551883339881896973e-01 -2.943594753742218018e-01 -3.110479190945625305e-02 3.159270459760972205e-01
4.183980822563171387e-02 -3.024053573608398438e-02 -9.986667037010192871e-01 -3.672648731540985700e+00
0.000000000000000000e+00 0.000000000000000000e+00 0.000000000000000000e+00 1.000000000000000000e+00
1.773082315921783447e-01 -9.826842546463012695e-01 5.379476770758628845e-02 2.767519149548678947e-01
-9.821861982345581055e-01 -1.801450103521347046e-01 -5.346204340457916260e-02 2.106616993461009890e-01
6.222712621092796326e-02 -4.335720464587211609e-02 -9.971198439598083496e-01 -3.682728100008028527e+00
0.000000000000000000e+00 0.000000000000000000e+00 0.000000000000000000e+00 1.000000000000000000e+00
9.995086491107940674e-02 -9.917963147163391113e-01 7.968727499246597290e-02 4.107322891318778146e-01
-9.909231066703796387e-01 -1.064581722021102905e-01 -8.208489418029785156e-02 8.419443552949103238e-02
8.989484608173370361e-02 -7.075949013233184814e-02 -9.934343695640563965e-01 -3.670975903143510966e+00
0.000000000000000000e+00 0.000000000000000000e+00 0.000000000000000000e+00 1.000000000000000000e+00
1.754041202366352081e-02 -9.963737726211547852e-01 8.325728029012680054e-02 4.800034305655923594e-01
-9.975787401199340820e-01 -2.304482087492942810e-02 -6.561996042728424072e-02 1.707751649282018280e-01
6.730066984891891479e-02 -8.190465718507766724e-02 -9.943652749061584473e-01 -3.602597792859756787e+00
0.000000000000000000e+00 0.000000000000000000e+00 0.000000000000000000e+00 1.000000000000000000e+00
-8.891615271568298340e-02 -9.122503995895385742e-01 3.998658657073974609e-01 1.766556947686292345e+00
-9.909920096397399902e-01 4.066118597984313965e-02 -1.275982856750488281e-01 -6.710034567806943961e-02
1.001424565911293030e-01 -4.076095521450042725e-01 -9.076483249664306641e-01 -3.212752597580140534e+00
0.000000000000000000e+00 0.000000000000000000e+00 0.000000000000000000e+00 1.000000000000000000e+00
-1.576333642005920410e-01 -8.894566297531127930e-01 4.289732575416564941e-01 1.891869305409794588e+00
-9.779053330421447754e-01 8.020333945751190186e-02 -1.930494755506515503e-01 -3.354826471437246660e-01
1.373041272163391113e-01 -4.499261379241943359e-01 -8.824475407600402832e-01 -3.134154136588550799e+00
0.000000000000000000e+00 0.000000000000000000e+00 0.000000000000000000e+00 1.000000000000000000e+00
-1.358399540185928345e-01 -8.265578746795654297e-01 5.462138056755065918e-01 2.256848370182254371e+00
-9.906439781188964844e-01 1.206277310848236084e-01 -6.382703036069869995e-02 1.495423647889327912e-01
-1.313178986310958862e-02 -5.497735142707824707e-01 -8.352103233337402344e-01 -2.869334164053022551e+00
0.000000000000000000e+00 0.000000000000000000e+00 0.000000000000000000e+00 1.000000000000000000e+00
-8.327855914831161499e-02 -7.567293047904968262e-01 6.484020948410034180e-01 2.508729171901749933e+00
-9.949505329132080078e-01 2.656647190451622009e-02 -9.678321331739425659e-02 6.604347830533838226e-02
5.601295456290245056e-02 -6.531882882118225098e-01 -7.551207542419433594e-01 -2.686993800529147158e+00
0.000000000000000000e+00 0.000000000000000000e+00 0.000000000000000000e+00 1.000000000000000000e+00
-5.513468012213706970e-02 -5.891014933586120605e-01 8.061760067939758301e-01 3.044006338405383705e+00
-9.861907362937927246e-01 -9.415355324745178223e-02 -1.362472027540206909e-01 -7.719633514125692764e-02
1.561678797006607056e-01 -8.025552034378051758e-01 -5.757752656936645508e-01 -2.035471950693926946e+00
0.000000000000000000e+00 0.000000000000000000e+00 0.000000000000000000e+00 1.000000000000000000e+00
-1.196986958384513855e-01 -4.401842951774597168e-01 8.898933529853820801e-01 3.329737355309056124e+00
-9.861601591110229492e-01 -5.085638910531997681e-02 -1.578035801649093628e-01 -2.012615432053122266e-01
1.147192716598510742e-01 -8.964659571647644043e-01 -4.280046820640563965e-01 -1.437790236222865836e+00
0.000000000000000000e+00 0.000000000000000000e+00 0.000000000000000000e+00 1.000000000000000000e+00
-1.914504915475845337e-01 -3.331932425498962402e-01 9.232165217399597168e-01 3.469765122202637997e+00
-9.753634929656982422e-01 -4.044691473245620728e-02 -2.168619036674499512e-01 -4.233861514650444913e-01
1.095981821417808533e-01 -9.419901967048645020e-01 -3.172411918640136719e-01 -1.036419398058588071e+00
0.000000000000000000e+00 0.000000000000000000e+00 0.000000000000000000e+00 1.000000000000000000e+00
-2.726898789405822754e-01 -2.120508700609207153e-01 9.384427070617675781e-01 3.564393849962115723e+00
-9.591708779335021973e-01 -1.615775562822818756e-02 -2.823640406131744385e-01 -6.698737361619889752e-01
7.503861188888549805e-02 -9.771251678466796875e-01 -1.989871561527252197e-01 -5.827535416312595862e-01
0.000000000000000000e+00 0.000000000000000000e+00 0.000000000000000000e+00 1.000000000000000000e+00
-1.744583249092102051e-01 8.209259510040283203e-01 5.437328219413757324e-01 2.045078222417786584e+00
-9.500316381454467773e-01 4.831860773265361786e-03 -3.121159970760345459e-01 -7.552003936279880758e-01
-2.588512301445007324e-01 -5.710151195526123047e-01 7.790622711181640625e-01 3.177339163920606335e+00
0.000000000000000000e+00 0.000000000000000000e+00 0.000000000000000000e+00 1.000000000000000000e+00
-1.678129881620407104e-01 8.759051561355590820e-01 4.523603916168212891e-01 1.694678238022658601e+00
-9.682790637016296387e-01 -6.027574464678764343e-02 -2.424920946359634399e-01 -5.089394059983812779e-01
-1.851336956024169922e-01 -4.787046015262603760e-01 8.582352399826049805e-01 3.413203142166567616e+00
0.000000000000000000e+00 0.000000000000000000e+00 0.000000000000000000e+00 1.000000000000000000e+00
-8.256421983242034912e-02 8.626230955123901367e-01 4.990629255771636963e-01 1.784334153320531469e+00
-9.898032546043395996e-01 -1.265657786279916763e-02 -1.418760716915130615e-01 -1.116153764502203216e-01
-1.160692498087882996e-01 -5.056880116462707520e-01 8.548721671104431152e-01 3.348904209969711498e+00
0.000000000000000000e+00 0.000000000000000000e+00 0.000000000000000000e+00 1.000000000000000000e+00
2.174464985728263855e-02 8.583765625953674316e-01 5.125581622123718262e-01 1.726293074645611103e+00
-9.991080164909362793e-01 3.721747547388076782e-02 -1.994242146611213684e-02 3.721458688662968584e-01
-3.619433194398880005e-02 -5.116676092147827148e-01 8.584207296371459961e-01 3.299139202469151044e+00
0.000000000000000000e+00 0.000000000000000000e+00 0.000000000000000000e+00 1.000000000000000000e+00
5.488972365856170654e-02 8.590252995491027832e-01 5.089814662933349609e-01 1.674773889581739672e+00
-9.948177933692932129e-01 3.358071902766823769e-03 1.016158908605575562e-01 8.194318911104168102e-01
8.558147400617599487e-02 -5.119215846061706543e-01 8.547580838203430176e-01 3.193735157234903088e+00
0.000000000000000000e+00 0.000000000000000000e+00 0.000000000000000000e+00 1.000000000000000000e+00
3.337970748543739319e-02 8.658878803253173828e-01 4.991236031055450439e-01 1.685128500883190661e+00
-9.826099276542663574e-01 -6.283657252788543701e-02 1.747236996889114380e-01 9.936786158583172934e-01
1.826545447111129761e-01 -4.962756633758544922e-01 8.487330079078674316e-01 3.127924026773113209e+00
0.000000000000000000e+00 0.000000000000000000e+00 0.000000000000000000e+00 1.000000000000000000e+00
-3.797577694058418274e-02 8.700013756752014160e-01 4.915831387042999268e-01 1.746046961599718284e+00
-9.951971769332885742e-01 -7.734370231628417969e-02 6.000107526779174805e-02 5.713857460180092884e-01
9.022191911935806274e-02 -4.869442880153656006e-01 8.687610626220703125e-01 3.375558470975919878e+00
0.000000000000000000e+00 0.000000000000000000e+00 0.000000000000000000e+00 1.000000000000000000e+00
-4.342821985483169556e-02 8.742415904998779297e-01 4.835447669029235840e-01 1.698366009423932788e+00
-9.925134778022766113e-01 1.754793711006641388e-02 -1.208660751581192017e-01 -9.295567186237876922e-02
-1.141514182090759277e-01 -4.851738214492797852e-01 8.669349551200866699e-01 3.576006262595353480e+00
0.000000000000000000e+00 0.000000000000000000e+00 0.000000000000000000e+00 1.000000000000000000e+00
1.313703656196594238e-01 8.593437671661376953e-01 4.942368268966674805e-01 1.580467973236693080e+00
-9.854341745376586914e-01 1.675100028514862061e-01 -2.932175621390342712e-02 2.376558128658341484e-01
-1.079871803522109985e-01 -4.831857979297637939e-01 8.688329458236694336e-01 3.603736676549617712e+00
0.000000000000000000e+00 0.000000000000000000e+00 0.000000000000000000e+00 1.000000000000000000e+00
2.359502911567687988e-01 8.035643696784973145e-01 5.464535951614379883e-01 1.605829782135683059e+00
-9.422063231468200684e-01 3.268140256404876709e-01 -7.375261932611465454e-02 5.556039090471753122e-02
-2.378538250923156738e-01 -4.974702894687652588e-01 8.342353105545043945e-01 3.540329138178409440e+00
0.000000000000000000e+00 0.000000000000000000e+00 0.000000000000000000e+00 1.000000000000000000e+00
3.413409292697906494e-01 7.398994565010070801e-01 5.796855092048645020e-01 1.553939527677646870e+00
-9.089676141738891602e-01 4.168539643287658691e-01 3.169898409396409988e-03 3.193485367391992180e-01
-2.392988950014114380e-01 -5.279971957206726074e-01 8.148339986801147461e-01 3.403742854639534077e+00
0.000000000000000000e+00 0.000000000000000000e+00 0.000000000000000000e+00 1.000000000000000000e+00
3.623923957347869873e-01 7.233363986015319824e-01 5.877554416656494141e-01 1.560596371282021888e+00
-9.179721474647521973e-01 3.861066699028015137e-01 9.082190692424774170e-02 6.613247029845152891e-01
-1.612415313720703125e-01 -5.724561214447021484e-01 8.039246797561645508e-01 3.276975691176995831e+00
0.000000000000000000e+00 0.000000000000000000e+00 0.000000000000000000e+00 1.000000000000000000e+00
3.743318319320678711e-01 7.118387818336486816e-01 5.942736268043518066e-01 1.577753978926469181e+00
-9.235725998878479004e-01 3.435656726360321045e-01 1.702231615781784058e-01 9.485886001444354676e-01
-8.300067484378814697e-02 -6.125749349594116211e-01 7.860425114631652832e-01 3.138195737759379433e+00
0.000000000000000000e+00 0.000000000000000000e+00 0.000000000000000000e+00 1.000000000000000000e+00
5.369242429733276367e-01 6.050602197647094727e-01 5.878888368606567383e-01 1.495378813970953624e+00
-8.394165635108947754e-01 4.527271091938018799e-01 3.006954193115234375e-01 1.358256622349206744e+00
-8.421457558870315552e-02 -6.549345850944519043e-01 7.509780526161193848e-01 2.996956695574488183e+00
0.000000000000000000e+00 0.000000000000000000e+00 0.000000000000000000e+00 1.000000000000000000e+00
6.810212135314941406e-01 4.143270552158355713e-01 6.037741899490356445e-01 1.501217167769063776e+00
-7.094407081604003906e-01 5.775737762451171875e-01 4.038591086864471436e-01 1.700759877760664951e+00
-1.813944727182388306e-01 -7.033784985542297363e-01 6.872803568840026855e-01 2.939615529955630358e+00
0.000000000000000000e+00 0.000000000000000000e+00 0.000000000000000000e+00 1.000000000000000000e+00
7.039466500282287598e-01 3.427983820438385010e-01 6.220515966415405273e-01 1.522495834532820558e+00
-6.512808799743652344e-01 6.609567403793334961e-01 3.727857768535614014e-01 1.580912563892048928e+00
-2.833589017391204834e-01 -6.675518155097961426e-01 6.885361075401306152e-01 3.060594148749140597e+00
0.000000000000000000e+00 0.000000000000000000e+00 0.000000000000000000e+00 1.000000000000000000e+00
7.526437640190124512e-01 2.521773874759674072e-01 6.082219481468200684e-01 1.528666306641453199e+00
-5.674899220466613770e-01 7.168835401535034180e-01 4.050098061561584473e-01 1.597257886327625442e+00
-3.338900804519653320e-01 -6.499881148338317871e-01 6.826658844947814941e-01 3.034293549794407685e+00
0.000000000000000000e+00 0.000000000000000000e+00 0.000000000000000000e+00 1.000000000000000000e+00
7.460999488830566406e-01 2.475983202457427979e-01 6.180853843688964844e-01 1.643657488949462842e+00
-5.378758311271667480e-01 7.712850570678710938e-01 3.403089940547943115e-01 1.269741922097066267e+00
-3.924597799777984619e-01 -5.863575339317321777e-01 7.086324095726013184e-01 3.170305563374455016e+00
0.000000000000000000e+00 0.000000000000000000e+00 0.000000000000000000e+00 1.000000000000000000e+00
7.359457612037658691e-01 3.487807810306549072e-01 5.802890658378601074e-01 1.598974391414690555e+00
-5.848966240882873535e-01 7.592118978500366211e-01 2.854684293270111084e-01 1.032714150964854305e+00
-3.409965336322784424e-01 -5.494992136955261230e-01 7.627396583557128906e-01 3.333245184945915263e+00
0.000000000000000000e+00 0.000000000000000000e+00 0.000000000000000000e+00 1.000000000000000000e+00
8.147275447845458984e-01 1.808887422084808350e-01 5.509069561958312988e-01 1.539682396965107891e+00
-5.225892663002014160e-01 6.407260298728942871e-01 5.624684691429138184e-01 2.046092429583924677e+00
-2.512362599372863770e-01 -7.461563348770141602e-01 6.165475249290466309e-01 2.863008917077539461e+00
0.000000000000000000e+00 0.000000000000000000e+00 0.000000000000000000e+00 1.000000000000000000e+00
8.523070216178894043e-01 1.140607446432113647e-01 5.104533433914184570e-01 1.372742016523816222e+00
-4.733382761478424072e-01 5.834311246871948242e-01 6.599679589271545410e-01 2.415450561317340483e+00
-2.225382924079895020e-01 -8.041126728057861328e-01 5.512521266937255859e-01 2.600353659632911985e+00
0.000000000000000000e+00 0.000000000000000000e+00 0.000000000000000000e+00 1.000000000000000000e+00
8.772244453430175781e-01 3.922625258564949036e-02 4.784752726554870605e-01 1.246964486345669032e+00
-4.291942417621612549e-01 5.106371641159057617e-01 7.450109720230102539e-01 2.746681442062774092e+00
-2.151034325361251831e-01 -8.589006662368774414e-01 4.647795259952545166e-01 2.268932332217459269e+00
0.000000000000000000e+00 0.000000000000000000e+00 0.000000000000000000e+00 1.000000000000000000e+00
8.955388665199279785e-01 -9.233119338750839233e-02 4.352987110614776611e-01 1.094182135408535261e+00
-3.609040677547454834e-01 4.215357303619384766e-01 8.318987488746643066e-01 3.075534583206769312e+00
-2.603041827678680420e-01 -9.020986557006835938e-01 3.441790044307708740e-01 1.833333056952842988e+00
0.000000000000000000e+00 0.000000000000000000e+00 0.000000000000000000e+00 1.000000000000000000e+00
9.516332745552062988e-01 2.600516974925994873e-01 1.636065095663070679e-01 -1.410358907913381032e-02
-2.426027804613113403e-01 3.092948198318481445e-01 9.195001125335693359e-01 3.339525035540665154e+00
1.885149627923965454e-01 -9.147182106971740723e-01 3.574246466159820557e-01 1.569939107718438587e+00
0.000000000000000000e+00 0.000000000000000000e+00 0.000000000000000000e+00 1.000000000000000000e+00
9.784718155860900879e-01 1.332535594701766968e-01 1.575958132743835449e-01 -3.062971870713758829e-02
-1.850452125072479248e-01 2.283281981945037842e-01 9.558371901512145996e-01 3.445687075756583617e+00
9.138514846563339233e-02 -9.644221067428588867e-01 2.480705827474594116e-01 1.195704076258137905e+00
0.000000000000000000e+00 0.000000000000000000e+00 0.000000000000000000e+00 1.000000000000000000e+00
9.712001681327819824e-01 2.079575508832931519e-01 1.162920221686363220e-01 -1.896941194802644060e-01
-1.434885263442993164e-01 1.208349615335464478e-01 9.822474718093872070e-01 3.517734171299501167e+00
1.902136206626892090e-01 -9.706455469131469727e-01 1.471943855285644531e-01 7.342153427911248809e-01
0.000000000000000000e+00 0.000000000000000000e+00 0.000000000000000000e+00 1.000000000000000000e+00
9.502341151237487793e-01 2.919107377529144287e-01 1.088268607854843140e-01 -2.338594778324677437e-01
-1.322855949401855469e-01 6.180577352643013000e-02 9.892828464508056641e-01 3.523021177679156679e+00
2.820561528205871582e-01 -9.544468522071838379e-01 9.734558314085006714e-02 4.674243764833402870e-01
0.000000000000000000e+00 0.000000000000000000e+00 0.000000000000000000e+00 1.000000000000000000e+00
9.949480891227722168e-01 -2.279971353709697723e-02 9.776898473501205444e-02 -2.530133931447905438e-01
-9.841959178447723389e-02 -2.941084094345569611e-02 9.947102069854736328e-01 3.512082817172858196e+00
-1.980367302894592285e-02 -9.993071556091308594e-01 -3.150616213679313660e-02 1.364058954799568235e-01
0.000000000000000000e+00 0.000000000000000000e+00 0.000000000000000000e+00 1.000000000000000000e+00
9.978734850883483887e-01 1.842401921749114990e-03 6.515575945377349854e-02 -3.743933718322448034e-01
-6.446129828691482544e-02 -1.203233674168586731e-01 9.906397461891174316e-01 3.449460505071884509e+00
9.664914570748806000e-03 -9.927331209182739258e-01 -1.199486181139945984e-01 -2.562478711326647285e-01
0.000000000000000000e+00 0.000000000000000000e+00 0.000000000000000000e+00 1.000000000000000000e+00
9.816920757293701172e-01 -1.151180937886238098e-01 1.517513692378997803e-01 -7.451826961074592415e-02
-1.692051440477371216e-01 -1.612127721309661865e-01 9.723066091537475586e-01 3.474119298616114460e+00
-8.746583014726638794e-02 -9.801827669143676758e-01 -1.777398586273193359e-01 -2.836000416270273439e-01
0.000000000000000000e+00 0.000000000000000000e+00 0.000000000000000000e+00 1.000000000000000000e+00
8.149116039276123047e-01 -5.661359429359436035e-01 1.241334155201911926e-01 2.500415660762432199e-02
-2.621339857578277588e-01 -1.689955592155456543e-01 9.501191377639770508e-01 3.502635972940179254e+00
-5.169187784194946289e-01 -8.068025112152099609e-01 -2.861199080944061279e-01 -3.831213529568033294e-01
0.000000000000000000e+00 0.000000000000000000e+00 0.000000000000000000e+00 1.000000000000000000e+00
5.312456488609313965e-01 -8.471560478210449219e-01 -1.027004700154066086e-02 -1.243737231217598715e-01
-3.643909990787506104e-01 -2.394171506166458130e-01 8.999435305595397949e-01 3.497178340132180541e+00
-7.648510932922363281e-01 -4.743488430976867676e-01 -4.358853995800018311e-01 -8.023083909264443481e-01
0.000000000000000000e+00 0.000000000000000000e+00 0.000000000000000000e+00 1.000000000000000000e+00
5.607866644859313965e-01 -8.252863883972167969e-01 -6.648690253496170044e-02 -3.618964940179655310e-01
-3.932214975357055664e-01 -3.361408412456512451e-01 8.557949066162109375e-01 3.409435681380811545e+00
-7.286251783370971680e-01 -4.537748694419860840e-01 -5.130237340927124023e-01 -1.113281347354447615e+00
0.000000000000000000e+00 0.000000000000000000e+00 0.000000000000000000e+00 1.000000000000000000e+00
8.887649178504943848e-01 -2.085609585046768188e-01 4.081659317016601562e-01 9.528720850534647679e-01
-4.583571255207061768e-01 -4.090661406517028809e-01 7.890332341194152832e-01 3.278439740094201582e+00
2.405222505331039429e-03 -8.883506059646606445e-01 -4.591589868068695068e-01 -1.310336861523510699e+00
0.000000000000000000e+00 0.000000000000000000e+00 0.000000000000000000e+00 1.000000000000000000e+00
8.776345252990722656e-01 -1.769138425588607788e-01 4.454883038997650146e-01 1.088768020957260552e+00
-4.704659283161163330e-01 -4.958491921424865723e-01 7.299278378486633301e-01 3.074332959511406393e+00
9.176054596900939941e-02 -8.501969575881958008e-01 -5.184063315391540527e-01 -1.626562957570391710e+00
0.000000000000000000e+00 0.000000000000000000e+00 0.000000000000000000e+00 1.000000000000000000e+00
8.660562038421630859e-01 -1.642408818006515503e-01 4.721980690956115723e-01 1.190291866096047313e+00
-4.723179638385772705e-01 -5.784257650375366211e-01 6.650862097740173340e-01 2.871240630602579280e+00
1.638972014188766479e-01 -7.990295886993408203e-01 -5.785229206085205078e-01 -1.866286195395608694e+00
0.000000000000000000e+00 0.000000000000000000e+00 0.000000000000000000e+00 1.000000000000000000e+00
8.521178960800170898e-01 -1.280737817287445068e-01 5.074369311332702637e-01 1.289213916727490306e+00
-4.487680792808532715e-01 -6.776668429374694824e-01 5.825584530830383301e-01 2.586980447981211295e+00
2.692626714706420898e-01 -7.241301536560058594e-01 -6.349273324012756348e-01 -2.144792820383255361e+00
0.000000000000000000e+00 0.000000000000000000e+00 0.000000000000000000e+00 1.000000000000000000e+00
8.353229165077209473e-01 -1.324390619993209839e-01 5.335686802864074707e-01 1.402298564136172931e+00
-4.443883001804351807e-01 -7.340497970581054688e-01 5.135058760643005371e-01 2.350507902140825500e+00
3.236578106880187988e-01 -6.660552620887756348e-01 -6.720237135887145996e-01 -2.336133297127420239e+00
0.000000000000000000e+00 0.000000000000000000e+00 0.000000000000000000e+00 1.000000000000000000e+00
8.074070811271667480e-01 -1.679787933826446533e-01 5.655757188796997070e-01 1.559703771006880624e+00
-4.530823230743408203e-01 -7.905422449111938477e-01 4.120178818702697754e-01 2.005281862572834584e+00
3.779013156890869141e-01 -5.889192819595336914e-01 -7.143981456756591797e-01 -2.554431026050548503e+00
0.000000000000000000e+00 0.000000000000000000e+00 0.000000000000000000e+00 1.000000000000000000e+00
7.799146771430969238e-01 -2.264566123485565186e-01 5.834812521934509277e-01 1.670083731001430705e+00
-4.626791477203369141e-01 -8.364204168319702148e-01 2.938180863857269287e-01 1.595785156196116938e+00
4.214982688426971436e-01 -4.991174042224884033e-01 -7.571129798889160156e-01 -2.774534465165346298e+00
0.000000000000000000e+00 0.000000000000000000e+00 0.000000000000000000e+00 1.000000000000000000e+00
7.578965425491333008e-01 -2.891166508197784424e-01 5.848110318183898926e-01 1.718321373443427058e+00
-4.632314443588256836e-01 -8.697069883346557617e-01 1.703707724809646606e-01 1.160881399064409569e+00
4.593574106693267822e-01 -4.000265896320343018e-01 -7.930761575698852539e-01 -2.965089887989204698e+00
0.000000000000000000e+00 0.000000000000000000e+00 0.000000000000000000e+00 1.000000000000000000e+00
7.397835850715637207e-01 -3.654094934463500977e-01 5.649741291999816895e-01 1.679003184455594155e+00
-4.447938799858093262e-01 -8.956272006034851074e-01 3.151170443743467331e-03 5.535868673803717721e-01
5.048545002937316895e-01 -2.536280751228332520e-01 -8.251023888587951660e-01 -3.147991767577264177e+00
0.000000000000000000e+00 0.000000000000000000e+00 0.000000000000000000e+00 1.000000000000000000e+00
7.309951782226562500e-01 -3.990292549133300781e-01 5.535539984703063965e-01 1.626757199746951432e+00
-3.728690445423126221e-01 -9.129653573036193848e-01 -1.657188683748245239e-01 -1.278036988736060975e-01
5.715025067329406738e-01 -8.526367694139480591e-02 -8.161588311195373535e-01 -3.134739781642601919e+00
0.000000000000000000e+00 0.000000000000000000e+00 0.000000000000000000e+00 1.000000000000000000e+00
7.304216623306274414e-01 -4.142756760120391846e-01 5.430106520652770996e-01 1.572693095651850559e+00
-2.936563193798065186e-01 -9.082906246185302734e-01 -2.979494035243988037e-01 -6.766943552850843702e-01
6.166443824768066406e-01 5.817014351487159729e-02 -7.850894331932067871e-01 -3.051456160218604108e+00
0.000000000000000000e+00 0.000000000000000000e+00 0.000000000000000000e+00 1.000000000000000000e+00
7.197735309600830078e-01 -4.492408037185668945e-01 5.292528867721557617e-01 1.521904846631013219e+00
-2.470542341470718384e-01 -8.782339096069335938e-01 -4.094739854335784912e-01 -1.116349412133924135e+00
6.487606763839721680e-01 1.639743745326995850e-01 -7.431165575981140137e-01 -2.915061529799241491e+00
0.000000000000000000e+00 0.000000000000000000e+00 0.000000000000000000e+00 1.000000000000000000e+00
7.126883268356323242e-01 -4.686482846736907959e-01 5.219615697860717773e-01 1.495284710910473436e+00
-1.629437655210494995e-01 -8.343324661254882812e-01 -5.266293883323669434e-01 -1.620149018731954937e+00
6.822936534881591797e-01 2.902719676494598389e-01 -6.709824800491333008e-01 -2.679789228854797312e+00
0.000000000000000000e+00 0.000000000000000000e+00 0.000000000000000000e+00 1.000000000000000000e+00
6.996104717254638672e-01 -4.921901524066925049e-01 5.179709196090698242e-01 1.489374142492690956e+00
-9.602567553520202637e-02 -7.831062078475952148e-01 -6.144293546676635742e-01 -2.010493339401957513e+00
7.080423235893249512e-01 3.801226913928985596e-01 -5.951324105262756348e-01 -2.418661853518516924e+00
0.000000000000000000e+00 0.000000000000000000e+00 0.000000000000000000e+00 1.000000000000000000e+00
7.116741538047790527e-01 -5.038478970527648926e-01 4.895477294921875000e-01 1.378373981283601779e+00
-3.734664246439933777e-02 -7.230051159858703613e-01 -6.898325085639953613e-01 -2.349843280537689427e+00
7.015160918235778809e-01 4.726529121398925781e-01 -5.333610773086547852e-01 -2.205602011245672234e+00
0.000000000000000000e+00 0.000000000000000000e+00 0.000000000000000000e+00 1.000000000000000000e+00
7.250114679336547852e-01 -5.047320127487182617e-01 4.686190485954284668e-01 1.290119529422166789e+00
1.666392199695110321e-02 -6.673497557640075684e-01 -7.445579767227172852e-01 -2.609973439192764033e+00
6.885350942611694336e-01 5.476220250129699707e-01 -4.754254221916198730e-01 -2.008297882306018245e+00
0.000000000000000000e+00 0.000000000000000000e+00 0.000000000000000000e+00 1.000000000000000000e+00
7.627775669097900391e-01 -4.876988828182220459e-01 4.246409237384796143e-01 1.102968965593395412e+00
6.020551547408103943e-02 -6.002562046051025391e-01 -7.975386381149291992e-01 -2.857703020555616202e+00
6.438523530960083008e-01 6.339102387428283691e-01 -4.284998178482055664e-01 -1.844094591065251532e+00
0.000000000000000000e+00 0.000000000000000000e+00 0.000000000000000000e+00 1.000000000000000000e+00
8.077269196510314941e-01 -4.628402590751647949e-01 3.651798963546752930e-01 8.472195112235894054e-01
9.794388711452484131e-02 -5.054596066474914551e-01 -8.572733998298645020e-01 -3.159492224915450898e+00
5.813640952110290527e-01 7.282096743583679199e-01 -3.629409372806549072e-01 -1.602076686303708808e+00
0.000000000000000000e+00 0.000000000000000000e+00 0.000000000000000000e+00 1.000000000000000000e+00
8.769267201423645020e-01 -3.877251744270324707e-01 2.840222716331481934e-01 5.131012952282285600e-01
1.229938268661499023e-01 -3.902339637279510498e-01 -9.124636650085449219e-01 -3.422958388769528071e+00
4.646202921867370605e-01 8.350966572761535645e-01 -2.945187687873840332e-01 -1.297104351130669464e+00
0.000000000000000000e+00 0.000000000000000000e+00 0.000000000000000000e+00 1.000000000000000000e+00
8.933460116386413574e-01 -3.598569035530090332e-01 2.691395282745361328e-01 4.393119573544873591e-01
1.607285588979721069e-01 -3.034262359142303467e-01 -9.392008781433105469e-01 -3.568781594329242246e+00
4.196418523788452148e-01 8.822896480560302734e-01 -2.132252305746078491e-01 -9.916387504647831141e-01
0.000000000000000000e+00 0.000000000000000000e+00 0.000000000000000000e+00 1.000000000000000000e+00
9.092133045196533203e-01 -3.293288946151733398e-01 2.547034621238708496e-01 3.642480486785181215e-01
1.930074393749237061e-01 -2.086481153964996338e-01 -9.587563872337341309e-01 -3.688855031302895160e+00
3.688895106315612793e-01 9.208737015724182129e-01 -1.261427849531173706e-01 -6.559353029226602239e-01
0.000000000000000000e+00 0.000000000000000000e+00 0.000000000000000000e+00 1.000000000000000000e+00
9.487199783325195312e-01 -2.165512144565582275e-01 2.302964031696319580e-01 2.342425162509735037e-01
2.090183794498443604e-01 -1.168179437518119812e-01 -9.709094166755676270e-01 -3.771127648051476822e+00
2.371545433998107910e-01 9.692574739456176758e-01 -6.556431949138641357e-02 -3.464765483274990232e-01
0.000000000000000000e+00 0.000000000000000000e+00 0.000000000000000000e+00 1.000000000000000000e+00
9.799456596374511719e-01 8.093027025461196899e-02 1.820916086435317993e-01 -1.402022826648598001e-02
1.848505884408950806e-01 -2.795424871146678925e-02 -9.823688864707946777e-01 -3.843844840112979444e+00
-7.441312819719314575e-02 9.963275194168090820e-01 -4.235368967056274414e-02 -1.893455925786913935e-02
0.000000000000000000e+00 0.000000000000000000e+00 0.000000000000000000e+00 1.000000000000000000e+00
9.700018167495727539e-01 -1.798723936080932617e-01 1.635302156209945679e-01 -7.570202815892417003e-02
1.779742836952209473e-01 6.722503900527954102e-02 -9.817363023757934570e-01 -3.890364498476464927e+00
1.655940413475036621e-01 9.813900589942932129e-01 9.722115099430084229e-02 3.981246680491227763e-01
0.000000000000000000e+00 0.000000000000000000e+00 0.000000000000000000e+00 1.000000000000000000e+00
9.838715195655822754e-01 -2.079327963292598724e-02 1.776616722345352173e-01 -3.669991017690232577e-03
1.788716912269592285e-01 1.088476777076721191e-01 -9.778326153755187988e-01 -3.900739964119157577e+00
9.943427285179495811e-04 9.938406348228454590e-01 1.108114868402481079e-01 6.263666861835220923e-01
0.000000000000000000e+00 0.000000000000000000e+00 0.000000000000000000e+00 1.000000000000000000e+00
9.797275066375732422e-01 -1.464350670576095581e-01 1.367140412330627441e-01 -1.490613421913843106e-01
1.478141546249389648e-01 6.776443123817443848e-02 -9.866908788681030273e-01 -3.914168781079557569e+00
1.352218538522720337e-01 9.868967533111572266e-01 8.803585916757583618e-02 4.160154091981814739e-01
0.000000000000000000e+00 0.000000000000000000e+00 0.000000000000000000e+00 1.000000000000000000e+00
9.560981392860412598e-01 -2.848728299140930176e-01 6.873014569282531738e-02 -3.703592632514193239e-01
5.242072045803070068e-02 -6.449551880359649658e-02 -9.965396523475646973e-01 -3.864988039833627376e+00
2.883201837539672852e-01 9.563931822776794434e-01 -4.673084616661071777e-02 -2.104350413660876773e-01
0.000000000000000000e+00 0.000000000000000000e+00 0.000000000000000000e+00 1.000000000000000000e+00
8.585206270217895508e-01 -5.090299248695373535e-01 6.188859790563583374e-02 -3.137893635586588292e-01
-4.476682096719741821e-02 -1.946348845958709717e-01 -9.798534512519836426e-01 -3.709413964768912830e+00
5.108208060264587402e-01 8.384540677070617676e-01 -1.898859143257141113e-01 -8.934815888121153682e-01
0.000000000000000000e+00 0.000000000000000000e+00 0.000000000000000000e+00 1.000000000000000000e+00
7.910135984420776367e-01 -6.088559627532958984e-01 5.993829295039176941e-02 -2.351591470929053351e-01
-1.708044111728668213e-01 -3.138507604598999023e-01 -9.339825510978698730e-01 -3.415450136522713009e+00
5.874724388122558594e-01 7.285548448562622070e-01 -3.522552847862243652e-01 -1.550671079842138589e+00
0.000000000000000000e+00 0.000000000000000000e+00 0.000000000000000000e+00 1.000000000000000000e+00
9.481664896011352539e-01 -1.925639063119888306e-01 -2.527823448181152344e-01 -1.432700734420282451e+00
-3.109331130981445312e-01 -3.980419337749481201e-01 -8.630663156509399414e-01 -3.016580009633230031e+00
6.557756662368774414e-02 8.969290852546691895e-01 -4.372844994068145752e-01 -1.583038223899150054e+00
0.000000000000000000e+00 0.000000000000000000e+00 0.000000000000000000e+00 1.000000000000000000e+00
8.896815776824951172e-01 -3.798714578151702881e-01 -2.533064782619476318e-01 -1.347015589104834765e+00
-4.299378097057342529e-01 -5.102674365043640137e-01 -7.448357343673706055e-01 -2.465879420456855708e+00
1.536879241466522217e-01 7.715727090835571289e-01 -6.172966957092285156e-01 -2.268916825355821398e+00
0.000000000000000000e+00 0.000000000000000000e+00 0.000000000000000000e+00 1.000000000000000000e+00
8.054488897323608398e-01 -5.247274041175842285e-01 -2.755233049392700195e-01 -1.305765615953278891e+00
-5.754988789558410645e-01 -5.813861489295959473e-01 -5.751444697380065918e-01 -1.738383654327835481e+00
1.416085362434387207e-01 6.218126416206359863e-01 -7.702570557594299316e-01 -2.776661607972025880e+00
0.000000000000000000e+00 0.000000000000000000e+00 0.000000000000000000e+00 1.000000000000000000e+00
7.389652729034423828e-01 -6.046194434165954590e-01 -2.972633242607116699e-01 -1.274290813646517195e+00
-6.702763438224792480e-01 -6.150351762771606445e-01 -4.152842462062835693e-01 -1.094294739821060514e+00
6.826181709766387939e-02 5.061291456222534180e-01 -8.597516417503356934e-01 -3.026747385195364348e+00
0.000000000000000000e+00 0.000000000000000000e+00 0.000000000000000000e+00 1.000000000000000000e+00
6.574624180793762207e-01 -7.200893163681030273e-01 -2.218436598777770996e-01 -8.656337961171618467e-01
-7.511413693428039551e-01 -6.031494140625000000e-01 -2.683222889900207520e-01 -5.218771549275111887e-01
5.941112339496612549e-02 3.430477976799011230e-01 -9.374370574951171875e-01 -3.246479410216142281e+00
0.000000000000000000e+00 0.000000000000000000e+00 0.000000000000000000e+00 1.000000000000000000e+00
6.898180842399597168e-01 -7.005189657211303711e-01 -1.828214675188064575e-01 -7.399952661556397082e-01
-7.238244414329528809e-01 -6.620410680770874023e-01 -1.943698376417160034e-01 -2.248923771499968527e-01
1.512448582798242569e-02 2.664107084274291992e-01 -9.637411236763000488e-01 -3.278762964558258108e+00
0.000000000000000000e+00 0.000000000000000000e+00 0.000000000000000000e+00 1.000000000000000000e+00
6.900124549865722656e-01 -7.002207040786743164e-01 -1.832309216260910034e-01 -7.463974627419568408e-01
-7.172226309776306152e-01 -6.955160498619079590e-01 -4.299480840563774109e-02 3.184045761856272860e-01
-9.733415395021438599e-02 1.610843539237976074e-01 -9.821292757987976074e-01 -3.226280688098849048e+00
0.000000000000000000e+00 0.000000000000000000e+00 0.000000000000000000e+00 1.000000000000000000e+00
6.821341514587402344e-01 -7.113469243049621582e-01 -1.693459302186965942e-01 -6.825172116067702577e-01
-7.179319858551025391e-01 -6.954850554466247559e-01 2.955593168735504150e-02 5.453756428662785982e-01
-1.388021111488342285e-01 1.014178618788719177e-01 -9.851133227348327637e-01 -3.176470869617107784e+00
0.000000000000000000e+00 0.000000000000000000e+00 0.000000000000000000e+00 1.000000000000000000e+00
6.675816774368286133e-01 -7.314250469207763672e-01 -1.391104608774185181e-01 -5.603249477104453868e-01
-7.277852296829223633e-01 -6.804809570312500000e-01 8.528885990381240845e-02 7.104447770559234598e-01
-1.570443958044052124e-01 4.430530965328216553e-02 -9.865971207618713379e-01 -3.135814900491092239e+00
0.000000000000000000e+00 0.000000000000000000e+00 0.000000000000000000e+00 1.000000000000000000e+00
5.868911743164062500e-01 -7.939289212226867676e-01 -1.588573306798934937e-01 -5.394258385747886519e-01
-7.579224109649658203e-01 -6.077207326889038086e-01 2.371261417865753174e-01 1.219993029314738298e+00
-2.848021388053894043e-01 -1.876566186547279358e-02 -9.584025144577026367e-01 -2.959418196571102389e+00
0.000000000000000000e+00 0.000000000000000000e+00 0.000000000000000000e+00 1.000000000000000000e+00
5.886056423187255859e-01 -7.912995815277099609e-01 -1.654950529336929321e-01 -5.559871585571544150e-01
-6.761909127235412598e-01 -5.941001772880554199e-01 4.356726706027984619e-01 1.853008978021744024e+00
-4.430682957172393799e-01 -1.445330083370208740e-01 -8.847603201866149902e-01 -2.582488215467579451e+00
0.000000000000000000e+00 0.000000000000000000e+00 0.000000000000000000e+00 1.000000000000000000e+00
5.991505384445190430e-01 -7.791938185691833496e-01 -1.840534657239913940e-01 -6.392002457732738341e-01
-6.106209754943847656e-01 -5.934020280838012695e-01 5.244197845458984375e-01 2.125132968139858303e+00
-5.178423523902893066e-01 -2.018194049596786499e-01 -8.313292264938354492e-01 -2.341202970248347448e+00
0.000000000000000000e+00 0.000000000000000000e+00 0.000000000000000000e+00 1.000000000000000000e+00
6.635217666625976562e-01 -7.269399166107177734e-01 -1.769092679023742676e-01 -6.751391697302715489e-01
-4.968439042568206787e-01 -6.049324274063110352e-01 6.222556829452514648e-01 2.399668306095296799e+00
-5.593609213829040527e-01 -3.249838352203369141e-01 -7.625617384910583496e-01 -2.022219447709481699e+00
0.000000000000000000e+00 0.000000000000000000e+00 0.000000000000000000e+00 1.000000000000000000e+00
7.431235313415527344e-01 -6.520043611526489258e-01 -1.505248546600341797e-01 -6.575856743020823680e-01
