0.4570387005805969 0.8628591299057007 -0.2158459424972534 0.06078897789120674 
-0.8881024122238159 0.4293698370456696 -0.1640589237213135 0.08714521676301956 
-0.04888203740119934 0.2666746079921722 0.962546169757843 -0.2759608626365662 
0 0 0 1 

0.3567087948322296 0.8942674994468689 -0.270267128944397 0.07249944657087326 
-0.892967164516449 0.4113938212394714 0.1826597154140472 -0.001787156797945499 
0.2745328843593597 0.1761834025382996 0.9452994465827942 -0.3144824504852295 
0 0 0 1 

0.291380763053894 0.8822925686836243 -0.3696713447570801 0.1101542711257935 
-0.9138461947441101 0.3709788024425507 0.1651052534580231 0.005839819554239511 
0.2828113734722137 0.2897143065929413 0.914375901222229 -0.3049015998840332 
0 0 0 1 

0.268802285194397 0.8528765439987183 -0.4476011395454407 0.1367533802986145 
-0.9341650009155273 0.344072014093399 0.09460491687059402 0.03072488866746426 
0.2346933484077454 0.3927033245563507 0.8892148733139038 -0.2929627299308777 
0 0 0 1 

0.177836075425148 0.7691532969474792 -0.6138221025466919 0.1974158138036728 
-0.9615548253059387 0.2684587240219116 0.05781273916363716 0.04335356503725052 
0.20925273001194 0.5799424052238464 0.7873246669769287 -0.2575598955154419 
0 0 0 1 

0.1343802213668823 0.6704175472259521 -0.7297139167785645 0.2384116649627686 
-0.9736882448196411 0.2261049598455429 0.02842244692146778 0.05352048203349113 
0.1840468794107437 0.7066944241523743 0.6831616163253784 -0.2224733382463455 
0 0 0 1 

0.1052623093128204 0.566602349281311 -0.817240297794342 0.268259584903717 
-0.9847898483276367 0.1736296415328979 -0.006463547702878714 0.06539034098386765 
0.138234868645668 0.8054903149604797 0.5762608647346497 -0.185085654258728 
0 0 0 1 

0.07446674257516861 0.5016433596611023 -0.8618634343147278 0.285040020942688 
-0.9914494156837463 0.1301130652427673 -0.009931630454957485 0.06720981001853943 
0.1071576103568077 0.8552336096763611 0.507043182849884 -0.1608821153640747 
0 0 0 1 

0.1501383483409882 0.5092617273330688 -0.8474142551422119 0.2734463214874268 
-0.9884711503982544 0.09429191052913666 -0.1184640899300575 0.1019325032830238 
0.01957506313920021 0.855430543422699 0.5175473690032959 -0.1573489904403687 
0 0 0 1 

0.2506522536277771 0.5763983726501465 -0.7777777910232544 0.2435676157474518 
-0.9621514081954956 0.05956717953085899 -0.2659255862236023 0.145894393324852 
-0.1069490760564804 0.8149948716163635 0.569513201713562 -0.1638824790716171 
0 0 0 1 

