0.6740403175354004 0.7172001600265503 -0.1768995821475983 0.03268170729279518 
-0.7205884456634521 0.585690438747406 -0.3711048662662506 0.1368967890739441 
-0.162548154592514 0.3776114284992218 0.91158527135849 -0.2494127154350281 
0 0 0 1 

0.7370367646217346 0.6551422476768494 -0.1660278290510178 0.02579273097217083 
-0.648509681224823 0.6163797974586487 -0.446666419506073 0.1522486656904221 
-0.1902939528226852 0.4368802309036255 0.8791608810424805 -0.2347942441701889 
0 0 0 1 

0.7656077146530151 0.6260087490081787 -0.1481810659170151 0.01822755299508572 
-0.5952385663986206 0.601984977722168 -0.5322638154029846 0.1714467853307724 
-0.2439992278814316 0.4957083761692047 0.833509087562561 -0.214292123913765 
0 0 0 1 

0.7937499284744263 0.590110719203949 -0.1474116146564484 0.01518034841865301 
-0.5339222550392151 0.559897780418396 -0.6335937976837158 0.1975370645523071 
-0.2913552820682526 0.5816214084625244 0.7594922184944153 -0.1865600347518921 
0 0 0 1 

0.81760174036026 0.5579360127449036 -0.1422486454248428 0.01165080163627863 
-0.4772434830665588 0.518454372882843 -0.7095375061035156 0.2173597663640976 
-0.3221272230148315 0.6480063199996948 0.6901606321334839 -0.1621493548154831 
0 0 0 1 

0.849550187587738 0.5095854997634888 -0.1363345980644226 0.006904294714331627 
-0.406291276216507 0.4672625958919525 -0.7852343320846558 0.2367586642503738 
-0.3364399969577789 0.7224875688552856 0.6040031909942627 -0.1377860307693481 
0 0 0 1 

0.8776513338088989 0.4684883654117584 -0.1012261807918549 -0.004984311293810606 
-0.3239980041980743 0.4242606163024902 -0.845593273639679 0.2513966858386993 
-0.3532044291496277 0.7749331593513489 0.5241422057151794 -0.1165573596954346 
0 0 0 1 

0.8383573889732361 0.5384486317634583 -0.08502918481826782 -0.007891862653195858 
-0.2862463593482971 0.3020915687084198 -0.9092873930931091 0.2673664391040802 
-0.4639180302619934 0.7866470217704773 0.4073896408081055 -0.08121697604656219 
0 0 0 1 

0.8220685124397278 0.5587404370307922 -0.1096013858914375 -0.001409471035003662 
-0.361856073141098 0.3640495836734772 -0.8582121133804321 0.2567254900932312 
-0.4396174550056458 0.7451690435409546 0.5014573335647583 -0.1077106595039368 
0 0 0 1 

0.8175375461578369 0.5648957490921021 -0.1119156405329704 -0.0004417118907440454 
-0.3859112560749054 0.3931633532047272 -0.8345627784729004 0.2520541548728943 
-0.4274398684501648 0.7254759073257446 0.5394254922866821 -0.1191737353801727 
0 0 0 1 

