1 0 0 -0.03619798645377159 
0 1 0 -0.001327119767665863 
0 0 1 -0.2960163652896881 
0 0 0 1 

0.9906878471374512 0.1359976530075073 0.006494868546724319 -0.04145753383636475 
-0.1354042291641235 0.9891153573989868 -0.0575885996222496 0.02776878327131271 
-0.01425610668957233 0.05617289245128632 0.9983192682266235 -0.2970617413520813 
0 0 0 1 

0.6923771500587463 0.7171905040740967 -0.07906472682952881 0.007834861986339092 
-0.7209407091140747 0.6831919550895691 -0.1161587983369827 0.08146394044160843 
-0.0292916651815176 0.1374266892671585 0.9900787472724915 -0.2991074621677399 
0 0 0 1 

0.5866903066635132 0.8084005117416382 -0.04778112843632698 0.001716092345304787 
-0.8090877532958984 0.5826511383056641 -0.07677548378705978 0.06917142868041992 
-0.03422562405467033 0.08370255678892136 0.9959028363227844 -0.3066158890724182 
0 0 0 1 

0.5057820677757263 0.8613483905792236 -0.04757523536682129 0.006052886601537466 
-0.8621855974197388 0.5029027462005615 -0.06103038042783737 0.06450559198856354 
-0.02864270657300949 0.07188675552606583 0.9970014691352844 -0.3102914094924927 
0 0 0 1 

0.4072087407112122 0.9109997153282166 -0.0652717798948288 0.01657832600176334 
-0.9132071137428284 0.407306581735611 -0.01240557245910168 0.04664376005530357 
0.0152841480448842 0.06465831398963928 0.9977903962135315 -0.314434677362442 
0 0 0 1 

0.2917229533195496 0.9541818499565125 -0.06659246981143951 0.02211558446288109 
-0.9554572701454163 0.2939512729644775 0.02634109370410442 0.03318992629647255 
0.04470912739634514 0.05594196915626526 0.9974324703216553 -0.3170735836029053 
0 0 0 1 

0.1790994852781296 0.9801698923110962 -0.08479537814855576 0.03283611685037613 
-0.981548547744751 0.1838864833116531 0.05242214724421501 0.02379315346479416 
0.06697532534599304 0.07384201884269714 0.9950184226036072 -0.3175342381000519 
0 0 0 1 

0.101310133934021 0.9916083812713623 -0.08030411601066589 0.03453638032078743 
-0.9903542995452881 0.1081918925046921 0.0865594744682312 0.01110909692943096 
0.09452135115861893 0.07076021283864975 0.9930048584938049 -0.3174827694892883 
0 0 0 1 

0.01403542328625917 0.9966593980789185 -0.08046077191829681 0.04038319736719131 
-0.9962781667709351 0.0207835715264082 0.08365476876497269 0.01601835340261459 
0.08504754304885864 0.07898718863725662 0.993241548538208 -0.3123912513256073 
0 0 0 1 

