-0.8825032711029053 -0.4686995446681976 -0.03883754462003708 0.05459601059556007 
-0.4644762575626373 0.8815495371818542 -0.08445256948471069 0.05586937069892883 
0.07382010668516159 -0.05649056658148766 -0.9956701993942261 0.3082413673400879 
0 0 0 1 

-0.9187397956848145 -0.3922830820083618 -0.04506995901465416 0.05736507475376129 
-0.3893431127071381 0.9189940690994263 -0.0621442012488842 0.04831267148256302 
0.06579714268445969 -0.0395466685295105 -0.9970491528511047 0.3081609308719635 
0 0 0 1 

-0.9945273995399475 -0.1024662628769875 -0.02038278803229332 0.05530811101198196 
-0.1010076925158501 0.992892324924469 -0.06294655054807663 0.03942316025495529 
0.02668781206011772 -0.06054326891899109 -0.9978083968162537 0.3093545138835907 
0 0 0 1 

-0.9032511711120605 -0.400910496711731 -0.1529969573020935 0.09323547035455704 
-0.4018158912658691 0.9153416752815247 -0.02633647806942463 0.03265479952096939 
0.1506030559539795 0.03768815845251083 -0.9878755211830139 0.3093085289001465 
0 0 0 1 

-0.872387170791626 -0.4321368336677551 -0.2284703850746155 0.117146261036396 
-0.4484488070011139 0.8935304284095764 0.02229391969740391 0.02181596495211124 
0.1945112347602844 0.121906191110611 -0.9732956290245056 0.3039421737194061 
0 0 0 1 

-0.8564824461936951 -0.3408647477626801 -0.3876191377639771 0.1702892184257507 
-0.39427250623703 0.9166872501373291 0.06506703048944473 0.00556996650993824 
0.3331464529037476 0.2085563689470291 -0.9195201992988586 0.2813478708267212 
0 0 0 1 

-0.7830739617347717 -0.3309806287288666 -0.5265424847602844 0.2143521457910538 
-0.4086008667945862 0.9120664596557617 0.03435312211513519 0.01771264523267746 
0.4688715040683746 0.2420467436313629 -0.849454402923584 0.2532604336738586 
0 0 0 1 

-0.7022098898887634 -0.3203303515911102 -0.6358375549316406 0.2473381012678146 
-0.4605298638343811 0.8854393362998962 0.06252479553222656 0.01035383902490139 
0.5429669618606567 0.3367277383804321 -0.769286036491394 0.2253708094358444 
0 0 0 1 

-0.6412646174430847 -0.292442798614502 -0.7094057202339172 0.2697053849697113 
-0.5182344913482666 0.846870481967926 0.1193454787135124 -0.007400149945169687 
0.5658730268478394 0.4441706240177155 -0.6946220993995667 0.2006851881742477 
0 0 0 1 

-0.653927206993103 -0.3086991608142853 -0.6907122135162354 0.266266405582428 
-0.5643221139907837 0.8071068525314331 0.1735491454601288 -0.02409910410642624 
0.5039039254188538 0.5032727122306824 -0.7019951343536377 0.2024979889392853 
0 0 0 1 

