1 0 0 -0.01792658120393753 
0 1 0 0.02243540808558464 
0 0 1 -0.3816788792610168 
0 0 0 1 

0.9882867932319641 0.04905965924263 -0.1445070058107376 0.0427517332136631 
-0.05207684636116028 0.9984954595565796 -0.01716869324445724 0.02614367567002773 
0.1434472948312759 0.02449309453368187 0.9893547892570496 -0.3783845603466034 
0 0 0 1 

0.9986052513122559 0.03851734101772308 -0.03610879555344582 -0.0001728247298160568 
-0.03833556920289993 0.9992485642433167 0.005713087506592274 0.01759932562708855 
0.03630172461271286 -0.004320825450122356 0.999331533908844 -0.3693806827068329 
0 0 0 1 

0.9931790828704834 0.0453341156244278 -0.1074251309037209 0.02995425276458263 
-0.04147187620401382 0.9984198808670044 0.03791919350624084 0.008991113863885403 
0.1089744195342064 -0.03320541977882385 0.9934898018836975 -0.3666596114635468 
0 0 0 1 

0.6892222762107849 0.7162677645683289 -0.1092379167675972 0.003405290422961116 
-0.7136176228523254 0.6449724435806274 -0.2734232544898987 0.09695887565612793 
-0.125388890504837 0.2664034962654114 0.9556708335876465 -0.2577813565731049 
0 0 0 1 

0.7250841856002808 0.6874012351036072 -0.04162004590034485 -0.0217591430991888 
-0.6797172427177429 0.7046521306037903 -0.2035915851593018 0.07621199637651443 
-0.1106215119361877 0.1759108901023865 0.9781708717346191 -0.269248753786087 
0 0 0 1 

0.7611299753189087 0.6485985517501831 -0.0009469681535847485 -0.03791156411170959 
-0.6418319940567017 0.7529775500297546 -0.1451770663261414 0.05729252472519875 
-0.09344861656427383 0.1111064031720161 0.9894052147865295 -0.2760471999645233 
0 0 0 1 

0.9596836566925049 0.1161790043115616 -0.2559484839439392 0.0463159941136837 
-0.1348721832036972 0.9892408847808838 -0.05667389184236526 0.006445777602493763 
0.2466103732585907 0.08890936523675919 0.9650276899337769 -0.2214382141828537 
0 0 0 1 

0.9781294465065002 0.1853417456150055 -0.09439915418624878 0.003513025585561991 
-0.1907805502414703 0.9802435636520386 -0.05220400542020798 0.002398734912276268 
0.08285857737064362 0.06907180696725845 0.994164764881134 -0.2358887940645218 
0 0 0 1 

0.9771538972854614 0.2007696181535721 -0.06972664594650269 -0.003373464103788137 
-0.2049653083086014 0.9769693613052368 -0.05932983756065369 0.002938722958788276 
0.05620915815234184 0.07226593792438507 0.995800256729126 -0.2414365708827972 
0 0 0 1 

