0.9835770726203918 -0.07296744734048843 -0.1650817394256592 0.0005910522304475307 
-0.1766500025987625 -0.2015437334775925 -0.9634183645248413 0.3071803450584412 
0.03702699020504951 0.9767578840255737 -0.211123526096344 0.09595247358083725 
0 0 0 1 

0.9887751340866089 -0.08064954727888107 -0.1257749050855637 -0.01226408407092094 
-0.1326929032802582 -0.08707738667726517 -0.9873247146606445 0.3124406337738037 
0.06867512315511703 0.992931604385376 -0.09680161625146866 0.05497727915644646 
0 0 0 1 

0.9886112809181213 -0.09081344306468964 -0.120002917945385 -0.01536194421350956 
-0.1231499910354614 -0.02986276336014271 -0.9919386506080627 0.312233567237854 
0.08649774640798569 0.9954200387001038 -0.04070631042122841 0.03477343171834946 
0 0 0 1 

0.9908890724182129 -0.1068472340703011 -0.0819908082485199 -0.02767207659780979 
-0.07657437026500702 0.05385301262140274 -0.9956084489822388 0.3096469640731812 
0.1107934638857841 0.9928159117698669 0.04518062621355057 0.001600180054083467 
0 0 0 1 

0.9330282211303711 -0.3494797646999359 -0.08556932210922241 -0.02530333399772644 
-0.03965494781732559 0.1364925801753998 -0.9898470044136047 0.3034254908561707 
0.3576111197471619 0.9269484877586365 0.1134927794337273 -0.038411945104599 
0 0 0 1 

0.9700595140457153 -0.1684714555740356 -0.1749341487884521 -0.002932073315605521 
-0.144369512796402 0.1792111098766327 -0.9731600880622864 0.3062289655208588 
0.1952998638153076 0.9692783951759338 0.1495233178138733 -0.0309382937848568 
0 0 0 1 

0.9557299613952637 -0.1465608775615692 -0.2551474273204803 0.02054567262530327 
-0.225535050034523 0.1920415908098221 -0.9551198482513428 0.3094999492168427 
0.1889821290969849 0.9703813195228577 0.1504853218793869 -0.02801612019538879 
0 0 0 1 

0.9384390115737915 0.1579065024852753 -0.3072420656681061 0.04609273746609688 
-0.3401438593864441 0.2671723365783691 -0.9016213417053223 0.3089878857135773 
-0.0602853000164032 0.9506231546401978 0.3044358789920807 -0.05527588725090027 
0 0 0 1 

0.9299970865249634 0.08142220973968506 -0.3584352433681488 0.0599987767636776 
-0.3629501461982727 0.3574934303760529 -0.8605029582977295 0.3016009330749512 
0.05807415023446083 0.930359423160553 0.3620201051235199 -0.08229077607393265 
0 0 0 1 

0.9217314720153809 0.1105450764298439 -0.3717407286167145 0.0662715956568718 
-0.3851780295372009 0.372810959815979 -0.8441858887672424 0.2998877763748169 
0.0452682189643383 0.9212989211082458 0.3862111568450928 -0.08911135792732239 
0 0 0 1 

