0.5448525547981262 0.8381043076515198 -0.02676894888281822 -0.002091304399073124 
-0.8358951210975647 0.5403330326080322 -0.09653635323047638 0.06813373416662216 
-0.06644342094659805 0.07497410476207733 0.9949694275856018 -0.298236072063446 
0 0 0 1 

0.4595334827899933 0.8853489756584167 -0.07061260193586349 0.0173539724200964 
-0.8879863619804382 0.456415206193924 -0.05626117438077927 0.05604485422372818 
-0.01758211851119995 0.0885569229722023 0.995915949344635 -0.3024691939353943 
0 0 0 1 

0.3501076698303223 0.9333617687225342 -0.07912226766347885 0.02485769055783749 
-0.9366347789764404 0.3498952686786652 -0.01698805578052998 0.04133348539471626 
0.01182850264012814 0.0800563171505928 0.9967201352119446 -0.304355651140213 
0 0 0 1 

0.2667717933654785 0.9588693976402283 -0.09696492552757263 0.03315610066056252 
-0.961336076259613 0.2718814611434937 0.04374194890260696 0.0178887452930212 
0.06830578297376633 0.08154676854610443 0.994326114654541 -0.3041569888591766 
0 0 0 1 

0.3313142061233521 0.9360877275466919 -0.1181972250342369 0.03811046853661537 
-0.933807373046875 0.3432492911815643 0.1009142622351646 5.952798346697818e-06 
0.1350357085466385 0.07693912088871002 0.9878490567207336 -0.296434223651886 
0 0 0 1 

0.3621635735034943 0.9196103811264038 -0.1521643251180649 0.04752999916672707 
-0.9298644065856934 0.3677784502506256 0.009528230875730515 0.03210131078958511 
0.06472500413656235 0.1380414515733719 0.9883092641830444 -0.2924350202083588 
0 0 0 1 

0.3990092873573303 0.9017415046691895 -0.1662940829992294 0.04996888339519501 
-0.9169409275054932 0.39304119348526 -0.06883197277784348 0.05862068757414818 
0.003291762201115489 0.1799464672803879 0.9836708903312683 -0.2874294519424438 
0 0 0 1 

0.8090629577636719 0.5803598165512085 -0.09273293614387512 -0.004872026387602091 
-0.586774468421936 0.8065958023071289 -0.07140564918518066 0.06463447958230972 
0.03335698693990707 0.112185001373291 0.9931272864341736 -0.2855121791362762 
0 0 0 1 

0.8543305397033691 0.5066421031951904 -0.1159003376960754 -0.001459812046959996 
-0.515648365020752 0.8541693091392517 -0.06709209084510803 0.05957936495542526 
0.0650068074464798 0.1170826703310013 0.9909923076629639 -0.2850081026554108 
0 0 0 1 

0.8951998353004456 0.4303203523159027 -0.1159380972385406 -0.003030702471733093 
-0.4392086565494537 0.8959758281707764 -0.06574957817792892 0.05674562975764275 
0.07558434456586838 0.1097800359129906 0.9910778999328613 -0.2840920686721802 
0 0 0 1 

