0.9155887365341187 0.402068704366684 -0.006161700468510389 -0.03094988502562046 
-0.33249232172966 0.7655899524688721 0.5507455468177795 -0.1516945511102676 
0.2261549830436707 -0.5022076964378357 0.8346503376960754 -0.2302205711603165 
0 0 0 1 

0.9083436131477356 0.4179339706897736 0.01558682043105364 -0.03850366920232773 
-0.3338251411914825 0.7020819187164307 0.6290002465248108 -0.1750649511814117 
0.2519375085830688 -0.576551616191864 0.7772486209869385 -0.2164665162563324 
0 0 0 1 

0.9151056408882141 0.4019782841205597 0.03154487907886505 -0.04535918310284615 
-0.2974261939525604 0.6201252937316895 0.725935161113739 -0.2058620601892471 
0.2722485363483429 -0.6736896634101868 0.6870390772819519 -0.1917169690132141 
0 0 0 1 

0.9242144227027893 0.3782884478569031 0.0522063635289669 -0.05292100831866264 
-0.2678007483482361 0.544589102268219 0.7947989702224731 -0.2284165173768997 
0.2722322940826416 -0.7485455274581909 0.604623019695282 -0.1668466180562973 
0 0 0 1 

0.93291836977005 0.3570417165756226 0.04673835262656212 -0.05348629131913185 
-0.2236316353082657 0.4727539122104645 0.85234534740448 -0.2485055178403854 
0.2822271287441254 -0.8056207895278931 0.5208866596221924 -0.143216073513031 
0 0 0 1 

0.9424431324005127 0.3304833471775055 0.05081075429916382 -0.05769187957048416 
-0.1913771331310272 0.4085409045219421 0.8924511075019836 -0.2619791626930237 
0.2741820216178894 -0.8508084416389465 0.4482735097408295 -0.122882716357708 
0 0 0 1 

0.9538812041282654 0.2962127923965454 0.04866837710142136 -0.06011321768164635 
-0.1533217132091522 0.3413716554641724 0.9273390173912048 -0.2753219604492188 
0.2580757141113281 -0.8920331597328186 0.371043860912323 -0.09928865730762482 
0 0 0 1 

0.9596506953239441 0.2710326910018921 0.07491225004196167 -0.07009586691856384 
-0.1464299559593201 0.254235178232193 0.9559929966926575 -0.2885054647922516 
0.2400600612163544 -0.928388774394989 0.2836642563343048 -0.06845724582672119 
0 0 0 1 

0.9981564283370972 0.03357570618391037 -0.05056158825755119 -0.03766099736094475 
0.03874298557639122 0.2887848019599915 0.9566097259521484 -0.307694673538208 
0.04672026634216309 -0.9568049907684326 0.2869515717029572 -0.06365101784467697 
0 0 0 1 

0.9906830191612244 -0.03561880439519882 -0.1314478367567062 -0.008689755573868752 
0.1361854374408722 0.265397846698761 0.9544724822044373 -0.3196642398834229 
0.0008889341843314469 -0.9634807109832764 0.26777583360672 -0.05556320771574974 
0 0 0 1 

