0.9155887365341187 0.4020686447620392 -0.006161725614219904 -0.03094987012445927 
-0.3324922621250153 0.7655900716781616 0.55074542760849 -0.1516946107149124 
0.2261549085378647 -0.5022075772285461 0.834650456905365 -0.2302206009626389 
0 0 0 1 

0.9083436131477356 0.4179340302944183 0.01558683905750513 -0.03850369900465012 
-0.3338252007961273 0.7020818591117859 0.6290003657341003 -0.1750649660825729 
0.2519375383853912 -0.5765517354011536 0.7772485613822937 -0.2164664715528488 
0 0 0 1 

0.9151055812835693 0.4019784033298492 0.03154492005705833 -0.04535916447639465 
-0.2974262535572052 0.6201251149177551 0.7259353995323181 -0.2058621495962143 
0.2722486257553101 -0.6736897826194763 0.6870389580726624 -0.1917169392108917 
0 0 0 1 

0.9242144227027893 0.3782884478569031 0.0522063635289669 -0.05292102694511414 
-0.2678007483482361 0.544589102268219 0.7947989702224731 -0.2284165173768997 
0.2722322940826416 -0.7485455274581909 0.604623019695282 -0.1668466180562973 
0 0 0 1 

0.93291836977005 0.3570417165756226 0.04673835262656212 -0.05348629131913185 
-0.2236316353082657 0.4727539122104645 0.85234534740448 -0.2485055178403854 
0.2822271287441254 -0.8056207895278931 0.5208866596221924 -0.1432160884141922 
0 0 0 1 

0.9424431324005127 0.3304833471775055 0.05081075429916382 -0.05769188702106476 
-0.1913771331310272 0.4085409045219421 0.8924511075019836 -0.2619792222976685 
0.2741820216178894 -0.8508084416389465 0.4482735097408295 -0.1228826940059662 
0 0 0 1 

0.9538812041282654 0.2962127923965454 0.04866837710142136 -0.06011322513222694 
-0.1533217132091522 0.3413716554641724 0.9273390173912048 -0.2753220200538635 
0.2580757141113281 -0.8920331597328186 0.371043860912323 -0.09928862750530243 
0 0 0 1 

0.9596506953239441 0.2710326910018921 0.07491225004196167 -0.07009587436914444 
-0.1464299559593201 0.254235178232193 0.9559929966926575 -0.2885055243968964 
0.2400600612163544 -0.928388774394989 0.2836642563343048 -0.0684572160243988 
0 0 0 1 

0.9981564283370972 0.03357571363449097 -0.05056159198284149 -0.03766098991036415 
0.03874299302697182 0.2887847423553467 0.9566097855567932 -0.3076947331428528 
0.04672027006745338 -0.9568050503730774 0.28695148229599 -0.06365099549293518 
0 0 0 1 

0.9906226396560669 -0.02540446817874908 -0.134243905544281 -0.007670809980481863 
0.1361391246318817 0.2664618492126465 0.9541824460029602 -0.3189488351345062 
0.01153037324547768 -0.9635105729103088 0.2674216628074646 -0.05609375610947609 
0 0 0 1 

