-0.1649276614189148 0.8487493991851807 -0.502417266368866 0.1864767074584961 
-0.9780218601226807 -0.07485285401344299 0.1946024000644684 -0.02347516268491745 
0.1275612860918045 0.5234704613685608 0.8424409627914429 -0.2564066350460052 
0 0 0 1 

-0.1935349553823471 0.285426527261734 -0.9386563897132874 0.3038285970687866 
-0.9747124314308167 0.05300199240446091 0.2170859128236771 -0.0305646751075983 
0.1117127686738968 0.956933856010437 0.2679511606693268 -0.07457343488931656 
0 0 0 1 

-0.2742073535919189 0.1667601019144058 -0.947101354598999 0.3099325597286224 
-0.9594835638999939 0.01893911883234978 0.281127005815506 -0.05171656981110573 
0.0648178830742836 0.9858155250549316 0.1548105478286743 -0.03609869629144669 
0 0 0 1 

0.6782486438751221 0.4149925410747528 -0.6064320802688599 0.1577494442462921 
-0.2920682728290558 0.9095220565795898 0.2957461476325989 -0.05189838632941246 
0.6742957830429077 -0.02346979081630707 0.7380882501602173 -0.2521604001522064 
0 0 0 1 

0.6695866584777832 0.4531387686729431 -0.5884885191917419 0.1518761068582535 
-0.2377780079841614 0.8814085721969604 0.4081428050994873 -0.09051717072725296 
0.7036442160606384 -0.1333573013544083 0.697925865650177 -0.2411797195672989 
0 0 0 1 

0.6636104583740234 0.4856796562671661 -0.5689783096313477 0.1458637714385986 
-0.1580662876367569 0.8344491124153137 0.5279296040534973 -0.1343771368265152 
0.7311881184577942 -0.2604033350944519 0.6305187940597534 -0.2217749208211899 
0 0 0 1 

0.650640070438385 0.5187785625457764 -0.5545594692230225 0.1420644819736481 
-0.09337286651134491 0.7793854475021362 0.619547963142395 -0.1688892245292664 
0.7536237835884094 -0.3513218760490417 0.5555392503738403 -0.1997238546609879 
0 0 0 1 

0.6614606380462646 0.5292805433273315 -0.5313490033149719 0.1339687705039978 
-0.02823933772742748 0.7255590558052063 0.6875800490379333 -0.1963392943143845 
0.7494479417800903 -0.4398021697998047 0.4948753714561462 -0.1816049963235855 
0 0 0 1 

0.679024875164032 0.5350865721702576 -0.5026007890701294 0.1240373700857162 
0.02319812774658203 0.6686529517173767 0.7432126998901367 -0.2187927663326263 
0.7337485551834106 -0.516319215297699 0.4416189789772034 -0.1659349650144577 
0 0 0 1 

0.6863872408866882 0.5341158509254456 -0.49355149269104 0.120297372341156 
0.04611431807279587 0.6453354358673096 0.7625062465667725 -0.227525994181633 
0.7257726192474365 -0.5461341738700867 0.4183195829391479 -0.1597657948732376 
0 0 0 1 

