0.1717239916324615 0.7582051157951355 -0.6289958953857422 0.198016569018364 
0.1394836604595184 0.6133354306221008 0.7774085402488708 -0.2339878082275391 
0.9752206206321716 -0.2212343513965607 -0.0004328934010118246 0.04107951000332832 
0 0 0 1 

0.242376297712326 0.7930705547332764 -0.5588316917419434 0.174589142203331 
0.1260470747947693 0.5453836917877197 0.8286547660827637 -0.2454345375299454 
0.9619593620300293 -0.2712853848934174 0.03222380205988884 0.02067206427454948 
0 0 0 1 

0.3762104213237762 0.7759199738502502 -0.5063734650611877 0.1564060747623444 
0.1089262291789055 0.5056954622268677 0.8558079600334167 -0.2488440573215485 
0.9201091527938843 -0.3771212697029114 0.1057298555970192 -0.008236966095864773 
0 0 0 1 

0.3539833426475525 0.6818242073059082 -0.6401650905609131 0.1917136311531067 
0.3368799090385437 0.54558265209198 0.7673665285110474 -0.2882413268089294 
0.8724721074104309 -0.4872937202453613 -0.03656572848558426 -0.002591320779174566 
0 0 0 1 

0.3003212511539459 0.6938056945800781 -0.6545539498329163 0.2019117027521133 
0.3893608450889587 0.5372828245162964 0.7481479644775391 -0.2829912006855011 
0.8707498908042908 -0.4795424044132233 -0.1087832674384117 0.02715498395264149 
0 0 0 1 

0.6162835955619812 0.4913533329963684 -0.6154398322105408 0.193802997469902 
0.3524987697601318 0.5267214775085449 0.7735043168067932 -0.2522275149822235 
0.7042292952537537 -0.6936397552490234 0.1514083594083786 -0.001769131631590426 
0 0 0 1 

0.6485960483551025 0.5341395735740662 -0.5422343015670776 0.1633744984865189 
0.3089333772659302 0.4663381278514862 0.8289082646369934 -0.2681801319122314 
0.6956171989440918 -0.7051408886909485 0.1374515742063522 -0.001095666782930493 
0 0 0 1 

0.7578767538070679 0.5105934739112854 -0.406099945306778 0.116730272769928 
0.2482742667198181 0.349911093711853 0.9032840728759766 -0.2901336848735809 
0.6033098101615906 -0.7854021787643433 0.1384221911430359 -0.00467285281047225 
0 0 0 1 

0.8038463592529297 0.529670238494873 -0.2707035839557648 0.07708867639303207 
0.1750767827033997 0.2242562770843506 0.9586747288703918 -0.3067205250263214 
0.5684884786605835 -0.8180211186408997 0.08753469586372375 0.009233488701283932 
0 0 0 1 

0.8174805641174316 0.5270316004753113 -0.2323008477687836 0.06807533651590347 
0.1620824635028839 0.1765216439962387 0.9708603024482727 -0.3100472092628479 
0.5526799559593201 -0.831311047077179 0.05888031795620918 0.01702361553907394 
0 0 0 1 

