0.0208673533052206 0.9957147836685181 -0.09009279310703278 0.04302148520946503 
-0.9974324703216553 0.02690819837152958 0.0663655698299408 0.01955561526119709 
0.06850540637969971 0.08847660571336746 0.993719756603241 -0.3113487362861633 
0 0 0 1 

-0.09262825548648834 0.8662543296813965 -0.4909411668777466 0.180598646402359 
-0.9908411502838135 -0.03153896704316139 0.1312971115112305 -0.001416128943674266 
0.09825289249420166 0.4986065924167633 0.8612419962882996 -0.2612466514110565 
0 0 0 1 

-0.1628817915916443 0.8417494893074036 -0.5147110819816589 0.1900721192359924 
-0.9784945845603943 -0.07089515030384064 0.1937066912651062 -0.02315721288323402 
0.1265619844198227 0.5351932644844055 0.8351947069168091 -0.2537207007408142 
0 0 0 1 

-0.1297052949666977 0.7738597989082336 -0.619933545589447 0.2170500010251999 
-0.9913764595985413 -0.112994484603405 0.06636987626552582 0.01747148856520653 
-0.01868803054094315 0.6231960654258728 0.7818423509597778 -0.2296628355979919 
0 0 0 1 

-0.08745384961366653 0.681912899017334 -0.7261864542961121 0.2411250174045563 
-0.9948774576187134 -0.02268360368907452 0.09851124882698059 0.01062250789254904 
0.05070364847779274 0.7310816645622253 0.6804034113883972 -0.2077282518148422 
0 0 0 1 

-0.06157569214701653 0.5081027150154114 -0.859092652797699 0.2790769636631012 
-0.9855616688728333 0.1050625368952751 0.1327786445617676 0.0001953181345015764 
0.1577236950397491 0.8548646569252014 0.494297206401825 -0.1501622200012207 
0 0 0 1 

-0.1246794164180756 0.3688843846321106 -0.921075165271759 0.2967504858970642 
-0.9853023886680603 0.06321623921394348 0.1586911380290985 -0.01194968819618225 
0.1167655289173126 0.927323043346405 0.3555809259414673 -0.1023408249020576 
0 0 0 1 

-0.1939738988876343 0.2702373564243317 -0.943051278591156 0.3052141666412354 
-0.9747170805931091 0.05558963119983673 0.2164167463779449 -0.03071355074644089 
0.110907718539238 0.9611875414848328 0.2526221573352814 -0.07027166336774826 
0 0 0 1 

-0.2741869390010834 0.1527503877878189 -0.9494674801826477 0.3105632662773132 
-0.9596060514450073 0.02129011228680611 0.2805400192737579 -0.05152145400643349 
0.06306673586368561 0.9880353212356567 0.1407428681850433 -0.03255847841501236 
0 0 0 1 

-0.340413361787796 0.122636653482914 -0.9322441816329956 0.3148605823516846 
-0.9347341656684875 0.06334687769412994 0.3496558964252472 -0.0711202397942543 
0.1019352898001671 0.9904278516769409 0.09306858479976654 -0.02141312509775162 
0 0 0 1 

