-0.06497599929571152 0.5172813534736633 -0.8533452749252319 0.2776678204536438 
-0.9856719374656677 0.1001224592328072 0.135744035243988 -0.001214220537804067 
0.1556568890810013 0.8499385714530945 0.503364086151123 -0.1527939885854721 
0 0 0 1 

-0.1236181035637856 0.3827940821647644 -0.9155255556106567 0.2953950762748718 
-0.9855576157569885 0.06024198234081268 0.15826216340065 -0.01193177234381437 
0.1157347708940506 0.921867311000824 0.3698187470436096 -0.1061326414346695 
0 0 0 1 

-0.1941845864057541 0.2829298675060272 -0.9392778277397156 0.3043565452098846 
-0.9748287200927734 0.05127324536442757 0.2169789522886276 -0.03096685744822025 
0.1095495522022247 0.9577690958976746 0.2658518254756927 -0.07354108244180679 
0 0 0 1 

-0.275161474943161 0.1580518186092377 -0.9483171701431274 0.3105438351631165 
-0.9593714475631714 0.01886862330138683 0.2815138399600983 -0.05187918245792389 
0.06238709390163422 0.9872503876686096 0.1464386731386185 -0.03324315696954727 
0 0 0 1 

-0.2427310943603516 -0.6591014862060547 -0.7118052840232849 0.234028548002243 
-0.9502014517784119 0.01370626408606768 0.3113347291946411 -0.05910258740186691 
-0.1954450458288193 0.7519290447235107 -0.6296060681343079 0.2255970537662506 
0 0 0 1 

-0.2216746509075165 -0.6751289963722229 -0.703605592250824 0.2290888726711273 
-0.9691088795661926 0.07253258675336838 0.2357260584831238 -0.0357654020190239 
-0.1081112548708916 0.734125018119812 -0.670352041721344 0.2340531200170517 
0 0 0 1 

-0.1193764582276344 -0.6820051074028015 -0.7215389013290405 0.226537749171257 
-0.9902526140213013 0.02926323749125004 0.1361743658781052 -0.00197867932729423 
-0.0717570036649704 0.7307618260383606 -0.6788507103919983 0.2346820831298828 
0 0 0 1 

0.01014321949332952 -0.7079071402549744 -0.7062325477600098 0.2109328955411911 
-0.9995625615119934 -0.02679825760424137 0.01250586379319429 0.0395980142056942 
-0.02777881920337677 0.7057968378067017 -0.7078692317008972 0.240842878818512 
0 0 0 1 

0.07057236135005951 -0.7245484590530396 -0.6856012940406799 0.1995258182287216 
-0.9939215779304504 0.007143397815525532 -0.1098585724830627 0.07811100780963898 
0.08449541032314301 0.6891868710517883 -0.7196401953697205 0.2369295954704285 
0 0 0 1 

0.05177312716841698 -0.7530755400657654 -0.6558937430381775 0.1948556005954742 
-0.9851915836334229 0.0689806267619133 -0.1569671183824539 0.08508117496967316 
0.1634520143270493 0.6543079018592834 -0.7383522987365723 0.2373771220445633 
0 0 0 1 

