-0.06497599929571152 0.5172813534736633 -0.8533452749252319 0.2776678204536438 
-0.9856719374656677 0.1001224592328072 0.135744035243988 -0.001214220537804067 
0.1556568890810013 0.8499385714530945 0.503364086151123 -0.1527940034866333 
0 0 0 1 

-0.1236178502440453 0.3827942311763763 -0.915525496006012 0.2953950166702271 
-0.9855576157569885 0.06024215742945671 0.1582620739936829 -0.01193177979439497 
0.1157349273562431 0.9218672513961792 0.3698189556598663 -0.1061326712369919 
0 0 0 1 

-0.1941844820976257 0.2829300463199615 -0.9392778277397156 0.3043565154075623 
-0.9748287796974182 0.05127333849668503 0.2169788330793381 -0.03096686489880085 
0.1095497235655785 0.9577690958976746 0.2658519744873047 -0.07354110479354858 
0 0 0 1 

-0.2751615345478058 0.1580518484115601 -0.9483172297477722 0.3105438053607941 
-0.9593715667724609 0.01886868663132191 0.281513899564743 -0.05187918245792389 
0.06238717213273048 0.9872504472732544 0.1464385986328125 -0.03324319049715996 
0 0 0 1 

-0.2427310943603516 -0.6591015458106995 -0.7118053436279297 0.2340285629034042 
-0.9502015113830566 0.01370614301413298 0.3113346993923187 -0.05910257250070572 
-0.1954450756311417 0.7519291043281555 -0.6296060681343079 0.2255970239639282 
0 0 0 1 

-0.2216746509075165 -0.6751289963722229 -0.703605592250824 0.2290888577699661 
-0.9691088795661926 0.07253258675336838 0.2357260584831238 -0.0357653871178627 
-0.1081112548708916 0.734125018119812 -0.670352041721344 0.2340530753135681 
0 0 0 1 

-0.119376465678215 -0.6820050477981567 -0.721538782119751 0.2265377044677734 
-0.9902524948120117 0.02926343493163586 0.1361745297908783 -0.00197866908274591 
-0.07175707817077637 0.7307616472244263 -0.678850531578064 0.234682023525238 
0 0 0 1 

0.01014328468590975 -0.7079071402549744 -0.706232488155365 0.2109328806400299 
-0.9995625019073486 -0.02679819241166115 0.01250579860061407 0.03959804028272629 
-0.02777881361544132 0.7057967185974121 -0.7078692317008972 0.240842804312706 
0 0 0 1 

0.07057236135005951 -0.7245483994483948 -0.6856012344360352 0.1995258331298828 
-0.9939215183258057 0.007143533322960138 -0.1098585724830627 0.0781109631061554 
0.08449546992778778 0.6891868114471436 -0.7196400761604309 0.2369295954704285 
0 0 0 1 

0.05872821807861328 -0.745684802532196 -0.6637054085731506 0.1971335262060165 
-0.9832824468612671 0.07157965004444122 -0.1674266904592514 0.08701714128255844 
0.1723552644252777 0.6624426245689392 -0.7290149927139282 0.2343788295984268 
0 0 0 1 

