1.000000000000000000e+00 0.000000000000000000e+00 0.000000000000000000e+00 -3.619798645377159119e-02
0.000000000000000000e+00 1.000000000000000000e+00 0.000000000000000000e+00 -1.327119767665863037e-03
0.000000000000000000e+00 0.000000000000000000e+00 1.000000000000000000e+00 -2.960163652896881104e-01
0.000000000000000000e+00 0.000000000000000000e+00 0.000000000000000000e+00 1.000000000000000000e+00
9.909247756004333496e-01 1.342714726924896240e-01 6.253187078982591629e-03 -4.154898971319198608e-02
-1.337194889783859253e-01 9.894486665725708008e-01 -5.577084049582481384e-02 2.733826264739036560e-02
-1.367567759007215500e-02 5.442852526903152466e-02 9.984239339828491211e-01 -2.970949411392211914e-01
0.000000000000000000e+00 0.000000000000000000e+00 0.000000000000000000e+00 1.000000000000000000e+00
9.726520776748657227e-01 2.302295416593551636e-01 3.069156967103481293e-02 -4.924239590764045715e-02
-2.261210530996322632e-01 9.688094258308410645e-01 -1.013763770461082458e-01 5.174152925610542297e-02
-5.307420715689659119e-02 9.166392683982849121e-02 9.943746328353881836e-01 -2.948120236396789551e-01
0.000000000000000000e+00 0.000000000000000000e+00 0.000000000000000000e+00 1.000000000000000000e+00
9.420426487922668457e-01 3.343411386013031006e-01 2.777489274740219116e-02 -4.708360508084297180e-02
-3.271845579147338867e-01 9.338700175285339355e-01 -1.443502455949783325e-01 7.397538423538208008e-02
-7.420044392347335815e-02 1.268966197967529297e-01 9.891369938850402832e-01 -2.919274568557739258e-01
0.000000000000000000e+00 0.000000000000000000e+00 0.000000000000000000e+00 1.000000000000000000e+00
8.964802622795104980e-01 4.430813491344451904e-01 -1.321343355812132359e-03 -3.288335353136062622e-02
-4.372968375682830811e-01 8.842884302139282227e-01 -1.637235134840011597e-01 8.680302649736404419e-02
-7.137442380189895630e-02 1.473527252674102783e-01 9.865055680274963379e-01 -2.910853624343872070e-01
0.000000000000000000e+00 0.000000000000000000e+00 0.000000000000000000e+00 1.000000000000000000e+00
8.312742710113525391e-01 5.556223392486572266e-01 -1.633699797093868256e-02 -2.222300507128238678e-02
-5.483085513114929199e-01 8.147948384284973145e-01 -1.883257925510406494e-01 1.008496508002281189e-01
-9.132678806781768799e-02 1.655080914497375488e-01 9.819707870483398438e-01 -2.895574569702148438e-01
0.000000000000000000e+00 0.000000000000000000e+00 0.000000000000000000e+00 1.000000000000000000e+00
7.549014091491699219e-01 6.539038419723510742e-01 -5.033253505825996399e-02 -4.920199979096651077e-03
-6.515229344367980957e-01 7.389335632324218750e-01 -1.717400103807449341e-01 9.953489899635314941e-02
-7.510916888713836670e-02 1.624396294355392456e-01 9.838557243347167969e-01 -2.923589050769805908e-01
0.000000000000000000e+00 0.000000000000000000e+00 0.000000000000000000e+00 1.000000000000000000e+00
6.950922608375549316e-01 7.145325541496276855e-01 -7.930752635002136230e-02 7.770803291350603104e-03
-7.184383869171142578e-01 6.863489151000976562e-01 -1.130080819129943848e-01 8.063952624797821045e-02
-2.631537429988384247e-02 1.355286240577697754e-01 9.904240369796752930e-01 -2.994820177555084229e-01
0.000000000000000000e+00 0.000000000000000000e+00 0.000000000000000000e+00 1.000000000000000000e+00
5.882552862167358398e-01 8.075191974639892578e-01 -4.322150349617004395e-02 2.456360671203583479e-04
-8.079382181167602539e-01 5.845980048179626465e-01 -7.403307408094406128e-02 6.845810264348983765e-02
-3.451595082879066467e-02 7.847064733505249023e-02 9.963188171386718750e-01 -3.067611157894134521e-01
0.000000000000000000e+00 0.000000000000000000e+00 0.000000000000000000e+00 1.000000000000000000e+00
5.067763328552246094e-01 8.608463406562805176e-01 -4.605576768517494202e-02 5.839138291776180267e-03
-8.616085052490234375e-01 5.040153861045837402e-01 -5.999332293868064880e-02 6.439696252346038818e-02
-2.843222022056579590e-02 7.008524239063262939e-02 9.971357583999633789e-01 -3.104240894317626953e-01
0.000000000000000000e+00 0.000000000000000000e+00 0.000000000000000000e+00 1.000000000000000000e+00
4.059516489505767822e-01 9.118957519531250000e-01 -6.040731444954872131e-02 1.535643357783555984e-02
-9.137495756149291992e-01 4.061764478683471680e-01 -9.065333753824234009e-03 4.608226567506790161e-02
1.626937836408615112e-02 5.887725204229354858e-02 9.981326460838317871e-01 -3.147205114364624023e-01
0.000000000000000000e+00 0.000000000000000000e+00 0.000000000000000000e+00 1.000000000000000000e+00
2.949443161487579346e-01 9.532705545425415039e-01 -6.544211506843566895e-02 2.191465161740779877e-02
-9.545500278472900391e-01 2.970309257507324219e-01 2.462958917021751404e-02 3.364790976047515869e-02
4.291698709130287170e-02 5.520343407988548279e-02 9.975522756576538086e-01 -3.171286582946777344e-01
0.000000000000000000e+00 0.000000000000000000e+00 0.000000000000000000e+00 1.000000000000000000e+00
1.785511076450347900e-01 9.812766909599304199e-01 -7.221719622611999512e-02 2.945638075470924377e-02
-9.817738533020019531e-01 1.825361549854278564e-01 5.291912704706192017e-02 2.354656718671321869e-02
6.511056423187255859e-02 6.145219877362251282e-02 9.959840774536132812e-01 -3.180571794509887695e-01
0.000000000000000000e+00 0.000000000000000000e+00 0.000000000000000000e+00 1.000000000000000000e+00
1.039246618747711182e-01 9.913225769996643066e-01 -8.049339056015014648e-02 3.510627150535583496e-02
-9.904016852378845215e-01 1.105633825063705444e-01 8.294843882322311401e-02 1.205059885978698730e-02
9.112825989723205566e-02 7.110038399696350098e-02 9.932976961135864258e-01 -3.174238801002502441e-01
0.000000000000000000e+00 0.000000000000000000e+00 0.000000000000000000e+00 1.000000000000000000e+00
1.666131615638732910e-02 9.964250922203063965e-01 -8.282192051410675049e-02 4.105384647846221924e-02
-9.973907470703125000e-01 2.238239347934722900e-02 6.863502413034439087e-02 1.879859156906604767e-02
7.024340331554412842e-02 8.146227151155471802e-02 9.941980838775634766e-01 -3.116818666458129883e-01
0.000000000000000000e+00 0.000000000000000000e+00 0.000000000000000000e+00 1.000000000000000000e+00
-8.986302465200424194e-02 8.639056086540222168e-01 -4.955717623233795166e-01 1.821035295724868774e-01
-9.912690520286560059e-01 -2.937610633671283722e-02 1.285389959812164307e-01 -4.339044680818915367e-04
9.648752957582473755e-02 5.027960538864135742e-01 8.590030670166015625e-01 -2.602361142635345459e-01
0.000000000000000000e+00 0.000000000000000000e+00 0.000000000000000000e+00 1.000000000000000000e+00
-1.673419624567031860e-01 8.392785191535949707e-01 -5.173087120056152344e-01 1.912597119808197021e-01
-9.781429171562194824e-01 -7.564783096313476562e-02 1.936847418546676636e-01 -2.362145856022834778e-02
1.234221458435058594e-01 5.384134650230407715e-01 8.335933685302734375e-01 -2.529206275939941406e-01
0.000000000000000000e+00 0.000000000000000000e+00 0.000000000000000000e+00 1.000000000000000000e+00
-1.306859701871871948e-01 7.715938687324523926e-01 -6.225466132164001465e-01 2.180313766002655029e-01
-9.911161661148071289e-01 -1.173204481601715088e-01 6.264798343181610107e-02 1.857832074165344238e-02
-2.469862625002861023e-02 6.252031922340393066e-01 7.800711393356323242e-01 -2.287374585866928101e-01
0.000000000000000000e+00 0.000000000000000000e+00 0.000000000000000000e+00 1.000000000000000000e+00
-8.760108053684234619e-02 6.834155917167663574e-01 -7.247545719146728516e-01 2.408754080533981323e-01
-9.950147867202758789e-01 -2.522066608071327209e-02 9.648521244525909424e-02 1.100020576268434525e-02
4.766067862510681152e-02 7.295937538146972656e-01 6.822180151939392090e-01 -2.080971151590347290e-01
0.000000000000000000e+00 0.000000000000000000e+00 0.000000000000000000e+00 1.000000000000000000e+00
-6.497599929571151733e-02 5.172813534736633301e-01 -8.533452749252319336e-01 2.776678204536437988e-01
-9.856719374656677246e-01 1.001224592328071594e-01 1.357440352439880371e-01 -1.214220537804067135e-03
1.556568890810012817e-01 8.499385714530944824e-01 5.033640861511230469e-01 -1.527940034866333008e-01
0.000000000000000000e+00 0.000000000000000000e+00 0.000000000000000000e+00 1.000000000000000000e+00
-1.236178502440452576e-01 3.827942311763763428e-01 -9.155254960060119629e-01 2.953950166702270508e-01
-9.855576157569885254e-01 6.024215742945671082e-02 1.582620739936828613e-01 -1.193177979439496994e-02
1.157349273562431335e-01 9.218672513961791992e-01 3.698189556598663330e-01 -1.061326712369918823e-01
0.000000000000000000e+00 0.000000000000000000e+00 0.000000000000000000e+00 1.000000000000000000e+00
-1.941844820976257324e-01 2.829300463199615479e-01 -9.392778277397155762e-01 3.043565154075622559e-01
-9.748287796974182129e-01 5.127333849668502808e-02 2.169788330793380737e-01 -3.096686489880084991e-02
1.095497235655784607e-01 9.577690958976745605e-01 2.658519744873046875e-01 -7.354110479354858398e-02
0.000000000000000000e+00 0.000000000000000000e+00 0.000000000000000000e+00 1.000000000000000000e+00
-2.751615345478057861e-01 1.580518484115600586e-01 -9.483172297477722168e-01 3.105438053607940674e-01
-9.593715667724609375e-01 1.886868663132190704e-02 2.815138995647430420e-01 -5.187918245792388916e-02
6.238717213273048401e-02 9.872504472732543945e-01 1.464385986328125000e-01 -3.324319049715995789e-02
0.000000000000000000e+00 0.000000000000000000e+00 0.000000000000000000e+00 1.000000000000000000e+00
-2.427310943603515625e-01 -6.591015458106994629e-01 -7.118053436279296875e-01 2.340285629034042358e-01
-9.502015113830566406e-01 1.370614301413297653e-02 3.113346993923187256e-01 -5.910257250070571899e-02
-1.954450756311416626e-01 7.519291043281555176e-01 -6.296060681343078613e-01 2.255970239639282227e-01
0.000000000000000000e+00 0.000000000000000000e+00 0.000000000000000000e+00 1.000000000000000000e+00
-2.216746509075164795e-01 -6.751289963722229004e-01 -7.036055922508239746e-01 2.290888577699661255e-01
-9.691088795661926270e-01 7.253258675336837769e-02 2.357260584831237793e-01 -3.576538711786270142e-02
-1.081112548708915710e-01 7.341250181198120117e-01 -6.703520417213439941e-01 2.340530753135681152e-01
0.000000000000000000e+00 0.000000000000000000e+00 0.000000000000000000e+00 1.000000000000000000e+00
-1.193764656782150269e-01 -6.820050477981567383e-01 -7.215387821197509766e-01 2.265377044677734375e-01
-9.902524948120117188e-01 2.926343493163585663e-02 1.361745297908782959e-01 -1.978669082745909691e-03
-7.175707817077636719e-02 7.307616472244262695e-01 -6.788505315780639648e-01 2.346820235252380371e-01
0.000000000000000000e+00 0.000000000000000000e+00 0.000000000000000000e+00 1.000000000000000000e+00
1.014328468590974808e-02 -7.079071402549743652e-01 -7.062324881553649902e-01 2.109328806400299072e-01
-9.995625019073486328e-01 -2.679819241166114807e-02 1.250579860061407089e-02 3.959804028272628784e-02
-2.777881361544132233e-02 7.057967185974121094e-01 -7.078692317008972168e-01 2.408428043127059937e-01
0.000000000000000000e+00 0.000000000000000000e+00 0.000000000000000000e+00 1.000000000000000000e+00
7.057236135005950928e-02 -7.245483994483947754e-01 -6.856012344360351562e-01 1.995258331298828125e-01
-9.939215183258056641e-01 7.143533322960138321e-03 -1.098585724830627441e-01 7.811096310615539551e-02
8.449546992778778076e-02 6.891868114471435547e-01 -7.196400761604309082e-01 2.369295954704284668e-01
0.000000000000000000e+00 0.000000000000000000e+00 0.000000000000000000e+00 1.000000000000000000e+00
5.872821807861328125e-02 -7.456848025321960449e-01 -6.637054085731506348e-01 1.971335262060165405e-01
-9.832824468612670898e-01 7.157965004444122314e-02 -1.674266904592514038e-01 8.701714128255844116e-02
1.723552644252777100e-01 6.624426245689392090e-01 -7.290149927139282227e-01 2.343788295984268188e-01
0.000000000000000000e+00 0.000000000000000000e+00 0.000000000000000000e+00 1.000000000000000000e+00
