-0.3803341686725616 0.04106489941477776 0.9239369630813599 -0.2556321322917938 
-0.9115232229232788 -0.1856212317943573 -0.3669741153717041 0.1575071662664413 
0.1564325988292694 -0.9817629456520081 0.108029805123806 -0.04145766422152519 
0 0 0 1 

-0.4003676772117615 -0.09625072777271271 0.9112855195999146 -0.2503364682197571 
-0.9106414914131165 -0.06908173114061356 -0.4073812663555145 0.1688605546951294 
0.1021640300750732 -0.9929568767547607 -0.05999162048101425 0.01317939255386591 
0 0 0 1 

-0.3890106678009033 -0.1859941482543945 0.9022619724273682 -0.2483022809028625 
-0.9171351790428162 -0.01408595591783524 -0.3983271420001984 0.1675278097391129 
0.08679579943418503 -0.9824498295783997 -0.1651021242141724 0.04473733901977539 
0 0 0 1 

-0.06288475543260574 -0.5088167190551758 0.8585749268531799 -0.2691738605499268 
-0.9942914247512817 0.10624048858881 -0.009864047169685364 0.06198392063379288 
-0.08619634062051773 -0.8542940020561218 -0.5125929713249207 0.1633349657058716 
0 0 0 1 

-0.09497172385454178 -0.4869090020656586 0.8682739734649658 -0.270286351442337 
-0.9954688549041748 0.0505538247525692 -0.08053503930568695 0.08315062522888184 
-0.004681190475821495 -0.8719882965087891 -0.4895038306713104 0.15072101354599 
0 0 0 1 

-0.1156428977847099 -0.4826655089855194 0.8681361675262451 -0.2692146599292755 
-0.9895862340927124 -0.01942877471446991 -0.1426233053207397 0.1018200218677521 
0.08570622652769089 -0.87558913230896 -0.4753922820091248 0.1406389623880386 
0 0 0 1 

-0.1258099973201752 -0.4434001445770264 0.8874503374099731 -0.2741055488586426 
-0.9679805636405945 -0.1410076767206192 -0.2076786607503891 0.1215726807713509 
0.2172220498323441 -0.8851627111434937 -0.4114625155925751 0.1125429645180702 
0 0 0 1 

-0.1516632735729218 -0.2182633578777313 0.9640325307846069 -0.2952311635017395 
-0.9628281593322754 -0.1879277378320694 -0.1940221190452576 0.1153573021292686 
0.223516657948494 -0.9576240181922913 -0.1816481202840805 0.03763523697853088 
0 0 0 1 

-0.1527899205684662 -0.1629670858383179 0.9747288823127747 -0.3025285005569458 
-0.9446872472763062 -0.2655507624149323 -0.1924791038036346 0.1199225634336472 
0.2902080714702606 -0.9502231478691101 -0.113379217684269 0.01208432111889124 
0 0 0 1 

-0.1607773452997208 -0.1841718405485153 0.9696548581123352 -0.3002181053161621 
-0.9317825436592102 -0.29564568400383 -0.2106515914201736 0.1241814568638802 
0.3254707157611847 -0.9373760223388672 -0.1240747720003128 0.0124272033572197 
0 0 0 1 

