0.5309070348739624 -0.587615966796875 -0.6106105446815491 0.136033907532692 
-0.8434624671936035 -0.4360558092594147 -0.3137298822402954 0.1282914280891418 
-0.08190758526325226 0.6815884709358215 -0.72713702917099 0.2536765336990356 
0 0 0 1 

0.6774815320968628 -0.4086363315582275 -0.611583948135376 0.1317649930715561 
-0.7146263718605042 -0.562542736530304 -0.4157574474811554 0.157662957906723 
-0.1741486042737961 0.7187221050262451 -0.6731345057487488 0.2506921589374542 
0 0 0 1 

0.6982391476631165 -0.3227061629295349 -0.6390013694763184 0.1371270418167114 
-0.6530240774154663 -0.6528460383415222 -0.3838635087013245 0.1465972065925598 
-0.2932944893836975 0.6853118538856506 -0.6665774583816528 0.2600071728229523 
0 0 0 1 

0.7416157722473145 -0.2412224113941193 -0.6259534955024719 0.1376892626285553 
-0.5797501802444458 -0.6999098062515259 -0.4171522557735443 0.1493527591228485 
-0.3374845683574677 0.6722633242607117 -0.6589128971099854 0.2570278346538544 
0 0 0 1 

0.8063839673995972 -0.1564231663942337 -0.5703302621841431 0.139893963932991 
-0.5277052521705627 -0.6256650686264038 -0.5745170712471008 0.1873023509979248 
-0.2669680118560791 0.764247715473175 -0.5870717167854309 0.2404937446117401 
0 0 0 1 

0.8439387679100037 -0.0872814804315567 -0.5292912721633911 0.1253875195980072 
-0.4800978899002075 -0.5630703568458557 -0.672649621963501 0.2197255343198776 
-0.2393184304237366 0.8217867612838745 -0.5171005725860596 0.2161917686462402 
0 0 0 1 

0.8805667161941528 -0.03984910622239113 -0.4722439050674438 0.1050716489553452 
-0.4275818765163422 -0.4965510368347168 -0.7553877234458923 0.2470686882734299 
-0.2043917179107666 0.8670921921730042 -0.4542850852012634 0.1936412304639816 
0 0 0 1 

0.9130886793136597 0.02883031405508518 -0.4067405462265015 0.08244328945875168 
-0.3619934618473053 -0.4018440246582031 -0.8411194682121277 0.2752609848976135 
-0.1876960247755051 0.9152540564537048 -0.3564828038215637 0.1599294096231461 
0 0 0 1 

0.946687638759613 0.1153833195567131 -0.3007807731628418 0.05084312334656715 
-0.2590451836585999 -0.2823987603187561 -0.9236593246459961 0.2974804937839508 
-0.1915150135755539 0.9523326754570007 -0.2374539226293564 0.1185296028852463 
0 0 0 1 

0.9519236087799072 0.1725309044122696 -0.2531307637691498 0.03608963638544083 
-0.2131793946027756 -0.2203175127506256 -0.9518481492996216 0.3042357563972473 
-0.2199922949075699 0.9600489139556885 -0.1729453653097153 0.09849014133214951 
0 0 0 1 

