1.000000000000000000e+00 0.000000000000000000e+00 0.000000000000000000e+00 -4.096739311332171507e-01
0.000000000000000000e+00 -1.000000000000000000e+00 0.000000000000000000e+00 -1.964994255000929863e-02
0.000000000000000000e+00 0.000000000000000000e+00 -1.000000000000000000e+00 -2.664639050480994698e+00
0.000000000000000000e+00 0.000000000000000000e+00 0.000000000000000000e+00 1.000000000000000000e+00
9.962713122367858887e-01 -8.411628752946853638e-02 -1.918861642479896545e-02 -4.492740794435766682e-01
-8.380743116140365601e-02 -9.963475465774536133e-01 1.636935397982597351e-02 6.034495292656803095e-02
-2.049546688795089722e-02 -1.470016315579414368e-02 -9.996815919876098633e-01 -2.718108996496165553e+00
0.000000000000000000e+00 0.000000000000000000e+00 0.000000000000000000e+00 1.000000000000000000e+00
9.856655001640319824e-01 -1.625246107578277588e-01 -4.526832699775695801e-02 -5.055165846127865903e-01
-1.604250818490982056e-01 -9.859421253204345703e-01 4.670816287398338318e-02 1.917879599288494219e-01
-5.222323536872863770e-02 -3.877641260623931885e-02 -9.978822469711303711e-01 -2.706358439504241709e+00
0.000000000000000000e+00 0.000000000000000000e+00 0.000000000000000000e+00 1.000000000000000000e+00
9.661858081817626953e-01 -2.540582418441772461e-01 -4.404152184724807739e-02 -4.790606197288734269e-01
-2.501909732818603516e-01 -9.650336503982543945e-01 7.819455862045288086e-02 3.264939029542821003e-01
-6.236752122640609741e-02 -6.453169882297515869e-02 -9.959648847579956055e-01 -2.702396241311328051e+00
0.000000000000000000e+00 0.000000000000000000e+00 0.000000000000000000e+00 1.000000000000000000e+00
9.369461536407470703e-01 -3.448804020881652832e-01 -5.647927150130271912e-02 -4.881071882367865600e-01
-3.362390995025634766e-01 -9.336668848991394043e-01 1.233272179961204529e-01 4.981366377222073427e-01
-9.526598453521728516e-02 -9.656033664941787720e-02 -9.907575845718383789e-01 -2.677902577226504821e+00
0.000000000000000000e+00 0.000000000000000000e+00 0.000000000000000000e+00 1.000000000000000000e+00
8.923629522323608398e-01 -4.496098756790161133e-01 -3.923161700367927551e-02 -4.097511248754323043e-01
-4.411823749542236328e-01 -8.873391151428222656e-01 1.341171413660049438e-01 5.685105990986610847e-01
-9.511218965053558350e-02 -1.023729220032691956e-01 -9.901885986328125000e-01 -2.686030616085092859e+00
0.000000000000000000e+00 0.000000000000000000e+00 0.000000000000000000e+00 1.000000000000000000e+00
8.456006646156311035e-01 -5.334837436676025391e-01 -1.883210800588130951e-02 -3.248169681426129052e-01
-5.236706137657165527e-01 -8.358582258224487305e-01 1.646499484777450562e-01 6.902679644671300130e-01
-1.035791188478469849e-01 -1.293662488460540771e-01 -9.861722588539123535e-01 -2.676556274212142483e+00
0.000000000000000000e+00 0.000000000000000000e+00 0.000000000000000000e+00 1.000000000000000000e+00
7.910393476486206055e-01 -6.117641329765319824e-01 1.246327534317970276e-03 -2.393939349552418605e-01
-6.032136082649230957e-01 -7.796402573585510254e-01 1.682096719741821289e-01 7.362144524608654761e-01
-1.019329652190208435e-01 -1.338122189044952393e-01 -9.857503771781921387e-01 -2.684920792202378337e+00
0.000000000000000000e+00 0.000000000000000000e+00 0.000000000000000000e+00 1.000000000000000000e+00
7.166423797607421875e-01 -6.970583796501159668e-01 2.309275418519973755e-02 -1.266550786177905730e-01
-6.908876895904541016e-01 -7.049911618232727051e-01 1.601915210485458374e-01 7.409147166483814884e-01
-9.538264572620391846e-02 -1.307545006275177002e-01 -9.868155717849731445e-01 -2.694486469655929639e+00
0.000000000000000000e+00 0.000000000000000000e+00 0.000000000000000000e+00 1.000000000000000000e+00
6.459909081459045410e-01 -7.630479335784912109e-01 2.129034698009490967e-02 -8.663159782457030555e-02
-7.577206492424011230e-01 -6.376022100448608398e-01 1.390045732259750366e-01 7.026551801247408191e-01
-9.249242395162582397e-02 -1.059278026223182678e-01 -9.900625944137573242e-01 -2.718943709883836046e+00
0.000000000000000000e+00 0.000000000000000000e+00 0.000000000000000000e+00 1.000000000000000000e+00
5.486232638359069824e-01 -8.352950811386108398e-01 3.597684577107429504e-02 1.025535106060554598e-02
-8.337614536285400391e-01 -5.434067845344543457e-01 9.772771596908569336e-02 5.991328530480022341e-01
-6.208143383264541626e-02 -8.361178636550903320e-02 -9.945625066757202148e-01 -2.763695384995385140e+00
0.000000000000000000e+00 0.000000000000000000e+00 0.000000000000000000e+00 1.000000000000000000e+00
4.554199576377868652e-01 -8.866095542907714844e-01 8.071889728307723999e-02 2.017663874824130732e-01
-8.901979327201843262e-01 -4.522984623908996582e-01 5.453305691480636597e-02 4.812692531715733191e-01
-1.184050645679235458e-02 -9.669125080108642578e-02 -9.952439069747924805e-01 -2.804945402953366695e+00
0.000000000000000000e+00 0.000000000000000000e+00 0.000000000000000000e+00 1.000000000000000000e+00
3.525974154472351074e-01 -9.303219318389892578e-01 1.008766815066337585e-01 2.970297429724812477e-01
-9.355543851852416992e-01 -3.528004884719848633e-01 1.641587167978286743e-02 3.440506503878080768e-01
2.031729184091091156e-02 -1.001638248562812805e-01 -9.947633743286132812e-01 -2.817725761718112842e+00
0.000000000000000000e+00 0.000000000000000000e+00 0.000000000000000000e+00 1.000000000000000000e+00
2.727107703685760498e-01 -9.554648995399475098e-01 1.127619147300720215e-01 3.591188290534157446e-01
-9.592017531394958496e-01 -2.791006863117218018e-01 -4.510661214590072632e-02 1.310791172744038002e-01
7.456969469785690308e-02 -9.586036950349807739e-02 -9.925975203514099121e-01 -2.816131114224774024e+00
0.000000000000000000e+00 0.000000000000000000e+00 0.000000000000000000e+00 1.000000000000000000e+00
1.956375241279602051e-01 -9.700168967247009277e-01 1.441978216171264648e-01 4.647364247023628714e-01
-9.717718362808227539e-01 -2.115237265825271606e-01 -1.044856086373329163e-01 -7.110371943414001139e-02
1.318540722131729126e-01 -1.196860820055007935e-01 -9.840172529220581055e-01 -2.800763557865713960e+00
0.000000000000000000e+00 0.000000000000000000e+00 0.000000000000000000e+00 1.000000000000000000e+00
1.204164549708366394e-01 -9.820891618728637695e-01 1.449158489704132080e-01 4.813638808924746160e-01
-9.695545434951782227e-01 -1.477003246545791626e-01 -1.953169405460357666e-01 -3.591875834675070100e-01
2.132228016853332520e-01 -1.169844418764114380e-01 -9.699745774269104004e-01 -2.772696216728419927e+00
0.000000000000000000e+00 0.000000000000000000e+00 0.000000000000000000e+00 1.000000000000000000e+00
1.877829879522323608e-01 -9.733756184577941895e-01 1.314436644315719604e-01 4.364452286111027979e-01
-9.545590281486511230e-01 -2.123853117227554321e-01 -2.090681344270706177e-01 -3.948665449162727659e-01
2.314184904098510742e-01 -8.621130883693695068e-02 -9.690269231796264648e-01 -2.749947862454181102e+00
0.000000000000000000e+00 0.000000000000000000e+00 0.000000000000000000e+00 1.000000000000000000e+00
2.750512957572937012e-01 -9.516572356224060059e-01 1.367308795452117920e-01 4.276620432200596289e-01
-9.370208382606506348e-01 -2.971857488155364990e-01 -1.835007667541503906e-01 -3.005393791273681114e-01
2.152642756700515747e-01 -7.764756679534912109e-02 -9.734638929367065430e-01 -2.740019602061324111e+00
0.000000000000000000e+00 0.000000000000000000e+00 0.000000000000000000e+00 1.000000000000000000e+00
3.318479359149932861e-01 -9.342221617698669434e-01 1.307880878448486328e-01 3.951610287949732792e-01
-9.323468804359436035e-01 -3.459134399890899658e-01 -1.052285879850387573e-01 -4.682116648047506685e-02
1.435482800006866455e-01 -8.702000975608825684e-02 -9.858099818229675293e-01 -2.742954205987895300e+00
0.000000000000000000e+00 0.000000000000000000e+00 0.000000000000000000e+00 1.000000000000000000e+00
3.617205619812011719e-01 -9.163826107978820801e-01 1.714668422937393188e-01 4.984118670669864248e-01
-9.293141365051269531e-01 -3.690909743309020996e-01 -1.211037021130323410e-02 2.549540504797560003e-01
7.438459247350692749e-02 -1.549660265445709229e-01 -9.851154088973999023e-01 -2.703158934800095725e+00
0.000000000000000000e+00 0.000000000000000000e+00 0.000000000000000000e+00 1.000000000000000000e+00
4.034350514411926270e-01 -8.961559534072875977e-01 1.847822517156600952e-01 5.196909188251925826e-01
-9.149352312088012695e-01 -3.976401686668395996e-01 6.910498440265655518e-02 5.071982448680140143e-01
1.154796779155731201e-02 -1.969431936740875244e-01 -9.803467988967895508e-01 -2.654885183100041512e+00
0.000000000000000000e+00 0.000000000000000000e+00 0.000000000000000000e+00 1.000000000000000000e+00
4.592800438404083252e-01 -8.608375191688537598e-01 2.191358804702758789e-01 5.814877862358648342e-01
-8.871164917945861816e-01 -4.318120777606964111e-01 1.629806160926818848e-01 7.735558042580682470e-01
-4.567437618970870972e-02 -2.692528069019317627e-01 -9.619858860969543457e-01 -2.555298771092191057e+00
0.000000000000000000e+00 0.000000000000000000e+00 0.000000000000000000e+00 1.000000000000000000e+00
5.353971123695373535e-01 -8.207713365554809570e-01 1.992104798555374146e-01 4.742650919300889778e-01
-8.395212888717651367e-01 -4.913340508937835693e-01 2.319374978542327881e-01 9.483492716338517425e-01
-9.248868376016616821e-02 -2.914199829101562500e-01 -9.521134495735168457e-01 -2.491987485251805357e+00
0.000000000000000000e+00 0.000000000000000000e+00 0.000000000000000000e+00 1.000000000000000000e+00
5.933851599693298340e-01 -7.803895473480224609e-01 1.971972733736038208e-01 4.306910180486419049e-01
-7.956661581993103027e-01 -5.316483974456787109e-01 2.902851104736328125e-01 1.076398858284652871e+00
-1.216959059238433838e-01 -3.291537761688232422e-01 -9.364015460014343262e-01 -2.418045951957989104e+00
0.000000000000000000e+00 0.000000000000000000e+00 0.000000000000000000e+00 1.000000000000000000e+00
6.698818206787109375e-01 -7.238897681236267090e-01 1.650523394346237183e-01 2.859139648165077707e-01
-7.229669690132141113e-01 -5.853505730628967285e-01 3.669924736022949219e-01 1.228443074586689887e+00
-1.690487563610076904e-01 -3.651687502861022949e-01 -9.154636263847351074e-01 -2.317842541889037822e+00
0.000000000000000000e+00 0.000000000000000000e+00 0.000000000000000000e+00 1.000000000000000000e+00
7.347394824028015137e-01 -6.612332463264465332e-01 1.514194607734680176e-01 2.159253685360768282e-01
-6.487368345260620117e-01 -6.197045445442199707e-01 4.417088031768798828e-01 1.365896500872242791e+00
-1.982372999191284180e-01 -4.227724671363830566e-01 -8.842880725860595703e-01 -2.185818063883063989e+00
0.000000000000000000e+00 0.000000000000000000e+00 0.000000000000000000e+00 1.000000000000000000e+00
7.608156800270080566e-01 -6.343848705291748047e-01 1.368008852005004883e-01 1.553255473832874101e-01
-5.970806479454040527e-01 -6.016649603843688965e-01 5.305597782135009766e-01 1.553683558341804494e+00
-2.542712092399597168e-01 -4.853395819664001465e-01 -8.365355730056762695e-01 -1.989647724618188951e+00
0.000000000000000000e+00 0.000000000000000000e+00 0.000000000000000000e+00 1.000000000000000000e+00
7.914600968360900879e-01 -5.937610268592834473e-01 1.450464576482772827e-01 1.500342923203850376e-01
-5.349867343902587891e-01 -5.581914782524108887e-01 6.342005133628845215e-01 1.799658555050468678e+00
-2.956002652645111084e-01 -5.795429348945617676e-01 -7.594408988952636719e-01 -1.727336904020766450e+00
0.000000000000000000e+00 0.000000000000000000e+00 0.000000000000000000e+00 1.000000000000000000e+00
8.131563067436218262e-01 -5.649334788322448730e-01 1.400955617427825928e-01 1.174742184738920836e-01
-4.823342561721801758e-01 -5.193229913711547852e-01 7.054483294486999512e-01 1.973188983796924534e+00
-3.257767558097839355e-01 -6.412122845649719238e-01 -6.947775483131408691e-01 -1.514230988950404866e+00
0.000000000000000000e+00 0.000000000000000000e+00 0.000000000000000000e+00 1.000000000000000000e+00
8.405971527099609375e-01 -5.249872803688049316e-01 1.333589851856231689e-01 7.505138940240835277e-02
-4.170126020908355713e-01 -4.701113402843475342e-01 7.778792977333068848e-01 2.147455477985235728e+00
-3.456831574440002441e-01 -7.094954252243041992e-01 -6.141005158424377441e-01 -1.299353825868321710e+00
0.000000000000000000e+00 0.000000000000000000e+00 0.000000000000000000e+00 1.000000000000000000e+00
8.712040781974792480e-01 -4.819592535495758057e-01 9.337301552295684814e-02 -4.899838521460096741e-02
-3.281694054603576660e-01 -4.302911460399627686e-01 8.409244418144226074e-01 2.287442983740432645e+00
-3.651140034198760986e-01 -7.632586956024169922e-01 -5.330359935760498047e-01 -1.098001158188406157e+00
0.000000000000000000e+00 0.000000000000000000e+00 0.000000000000000000e+00 1.000000000000000000e+00
8.927353024482727051e-01 -4.452607929706573486e-01 6.903801113367080688e-02 -1.182846365769628788e-01
-2.395854592323303223e-01 -3.393206894397735596e-01 9.096484780311584473e-01 2.413256228358051647e+00
-3.816047310829162598e-01 -8.286158442497253418e-01 -4.096016287803649902e-01 -7.901441671004428846e-01
0.000000000000000000e+00 0.000000000000000000e+00 0.000000000000000000e+00 1.000000000000000000e+00
8.867175579071044922e-01 -4.619380533695220947e-01 1.856837794184684753e-02 -2.802471708696254726e-01
-7.622110843658447266e-02 -1.064602881669998169e-01 9.913911223411560059e-01 2.579955528302796619e+00
-4.559845626354217529e-01 -8.804990053176879883e-01 -1.296097189188003540e-01 -8.260196820916723692e-02
0.000000000000000000e+00 0.000000000000000000e+00 0.000000000000000000e+00 1.000000000000000000e+00
8.871409296989440918e-01 -4.600064456462860107e-01 3.709353879094123840e-02 -2.176809702046019201e-01
-8.533856272697448730e-02 -8.452538400888442993e-02 9.927603006362915039e-01 2.587474019434652384e+00
-4.535406529903411865e-01 -8.838834166526794434e-01 -1.142421290278434753e-01 -9.650593914905426784e-02
0.000000000000000000e+00 0.000000000000000000e+00 0.000000000000000000e+00 1.000000000000000000e+00
8.410935997962951660e-01 -5.400646924972534180e-01 2.986873872578144073e-02 -1.987794374174186862e-01
-9.834747016429901123e-02 -9.839767962694168091e-02 9.902756214141845703e-01 2.585525619027927213e+00
-5.318737030029296875e-01 -8.358515501022338867e-01 -1.358755379915237427e-01 -1.314522671386952613e-01
0.000000000000000000e+00 0.000000000000000000e+00 0.000000000000000000e+00 1.000000000000000000e+00
8.187142014503479004e-01 -5.706197023391723633e-01 6.403426826000213623e-02 -1.097668262324648231e-01
-2.360495328903198242e-01 -2.328074872493743896e-01 9.434412717819213867e-01 2.515807321568260146e+00
-5.234385728836059570e-01 -7.875237464904785156e-01 -3.252973258495330811e-01 -5.322875427026173556e-01
0.000000000000000000e+00 0.000000000000000000e+00 0.000000000000000000e+00 1.000000000000000000e+00
8.318266868591308594e-01 -5.441967248916625977e-01 1.091502234339714050e-01 -1.716521794732004313e-03
-3.204650580883026123e-01 -3.103357851505279541e-01 8.949825167655944824e-01 2.423873506710913173e+00
-4.531736075878143311e-01 -7.794491648674011230e-01 -4.325416386127471924e-01 -8.134466055011092545e-01
0.000000000000000000e+00 0.000000000000000000e+00 0.000000000000000000e+00 1.000000000000000000e+00
8.174443244934082031e-01 -5.636861920356750488e-01 1.185015067458152771e-01 2.381208664758878782e-02
-3.746815621852874756e-01 -3.641012907028198242e-01 8.526685833930969238e-01 2.339154374906140976e+00
-4.374908506870269775e-01 -7.414097189903259277e-01 -5.088356733322143555e-01 -1.014707109785493611e+00
0.000000000000000000e+00 0.000000000000000000e+00 0.000000000000000000e+00 1.000000000000000000e+00
8.332554101943969727e-01 -5.472211241722106934e-01 7.896021008491516113e-02 -1.197513176790510614e-01
-4.508328735828399658e-01 -5.898114442825317383e-01 6.699790954589843750e-01 1.978004659182587055e+00
-3.200551271438598633e-01 -5.938614606857299805e-01 -7.381688356399536133e-01 -1.665331634201486555e+00
0.000000000000000000e+00 0.000000000000000000e+00 0.000000000000000000e+00 1.000000000000000000e+00
8.328445553779602051e-01 -5.505462884902954102e-01 5.717016384005546570e-02 -1.873557293536588508e-01
-4.680791497230529785e-01 -6.454107165336608887e-01 6.036109328269958496e-01 1.799046661848101802e+00
-2.954178750514984131e-01 -5.294741988182067871e-01 -7.952264547348022461e-01 -1.829116611685443150e+00
0.000000000000000000e+00 0.000000000000000000e+00 0.000000000000000000e+00 1.000000000000000000e+00
8.563358187675476074e-01 -5.132880210876464844e-01 5.677811801433563232e-02 -1.931256683997882306e-01
-4.606939852237701416e-01 -7.096213102340698242e-01 5.331029891967773438e-01 1.600923645132696915e+00
-2.333445549011230469e-01 -4.826726317405700684e-01 -8.441426753997802734e-01 -1.980087703899992002e+00
0.000000000000000000e+00 0.000000000000000000e+00 0.000000000000000000e+00 1.000000000000000000e+00
8.714758157730102539e-01 -4.900966882705688477e-01 1.830579526722431183e-02 -2.841217586491224245e-01
-4.575301408767700195e-01 -7.989917993545532227e-01 3.902276158332824707e-01 1.219142297910713379e+00
-1.766232103109359741e-01 -3.484492897987365723e-01 -9.205364584922790527e-01 -2.194806202453840172e+00
0.000000000000000000e+00 0.000000000000000000e+00 0.000000000000000000e+00 1.000000000000000000e+00
8.791583180427551270e-01 -4.761970639228820801e-01 1.780167222023010254e-02 -2.689246286887597703e-01
-4.645161330699920654e-01 -8.480610251426696777e-01 2.549847364425659180e-01 8.715937194549229217e-01
-1.063261106610298157e-01 -2.324411273002624512e-01 -9.667811393737792969e-01 -2.341337861168375944e+00
0.000000000000000000e+00 0.000000000000000000e+00 0.000000000000000000e+00 1.000000000000000000e+00
8.800296783447265625e-01 -4.747682809829711914e-01 1.193408947438001633e-02 -2.458775367016853286e-01
-4.747442901134490967e-01 -8.787493109703063965e-01 4.915884137153625488e-02 3.344353385307502480e-01
-1.285200566053390503e-02 -4.892690479755401611e-02 -9.987196326255798340e-01 -2.462416832201774319e+00
0.000000000000000000e+00 0.000000000000000000e+00 0.000000000000000000e+00 1.000000000000000000e+00
8.874668478965759277e-01 -4.607489407062530518e-01 1.061123609542846680e-02 -2.350480445423096809e-01
-4.598037600517272949e-01 -8.867429494857788086e-01 -4.761609062552452087e-02 7.000978708719400589e-02
3.134851157665252686e-02 3.737862780690193176e-02 -9.988093376159667969e-01 -2.487908289215462698e+00
0.000000000000000000e+00 0.000000000000000000e+00 0.000000000000000000e+00 1.000000000000000000e+00
8.940816521644592285e-01 -4.478454887866973877e-01 7.223770488053560257e-03 -2.398457149532464416e-01
-4.418874979019165039e-01 -8.845921754837036133e-01 -1.491034030914306641e-01 -2.164932091221887789e-01
7.316544651985168457e-02 1.301184892654418945e-01 -9.887951612472534180e-01 -2.479814742645621628e+00
0.000000000000000000e+00 0.000000000000000000e+00 0.000000000000000000e+00 1.000000000000000000e+00
8.973516821861267090e-01 -4.411948621273040771e-01 1.034977193921804428e-02 -2.302655507384214761e-01
-4.238600730895996094e-01 -8.681506514549255371e-01 -2.581805288791656494e-01 -5.362156682620355941e-01
1.228930950164794922e-01 2.272918075323104858e-01 -9.660411477088928223e-01 -2.435267537821763195e+00
0.000000000000000000e+00 0.000000000000000000e+00 0.000000000000000000e+00 1.000000000000000000e+00
9.011307954788208008e-01 -4.333252906799316406e-01 1.387381926178932190e-02 -2.164841050312349968e-01
-3.977132141590118408e-01 -8.389649391174316406e-01 -3.714317679405212402e-01 -8.836122736936080635e-01
1.725905984640121460e-01 3.291907608509063721e-01 -9.283565878868103027e-01 -2.345815236186010733e+00
0.000000000000000000e+00 0.000000000000000000e+00 0.000000000000000000e+00 1.000000000000000000e+00
9.069393873214721680e-01 -4.212295114994049072e-01 5.118337925523519516e-03 -2.513333544741983006e-01
-3.726949989795684814e-01 -8.079861402511596680e-01 -4.563514292240142822e-01 -1.145366940627278396e+00
1.963644027709960938e-01 4.119755923748016357e-01 -8.897848129272460938e-01 -2.258003387803052320e+00
0.000000000000000000e+00 0.000000000000000000e+00 0.000000000000000000e+00 1.000000000000000000e+00
9.171218872070312500e-01 -3.985815644264221191e-01 4.467428196221590042e-03 -2.797975983781006981e-01
-3.309943079948425293e-01 -7.677553892135620117e-01 -5.486295223236083984e-01 -1.429363821990118133e+00
2.221036553382873535e-01 5.016815662384033203e-01 -8.360537290573120117e-01 -2.135923450550223812e+00
0.000000000000000000e+00 0.000000000000000000e+00 0.000000000000000000e+00 1.000000000000000000e+00
9.117154479026794434e-01 -4.102688729763031006e-01 -2.130924537777900696e-02 -3.610677082619331291e-01
-3.312810659408569336e-01 -7.035297751426696777e-01 -6.287275552749633789e-01 -1.653730917459665051e+00
2.429558932781219482e-01 5.802800059318542480e-01 -7.773334980010986328e-01 -2.003094474401521552e+00
0.000000000000000000e+00 0.000000000000000000e+00 0.000000000000000000e+00 1.000000000000000000e+00
9.187294244766235352e-01 -3.932660222053527832e-01 -3.574791178107261658e-02 -4.189751217166585717e-01
-2.940688431262969971e-01 -6.209414601325988770e-01 -7.266052365303039551e-01 -1.941519260186122198e+00
2.635518610477447510e-01 6.780658960342407227e-01 -6.861245036125183105e-01 -1.769648180718907282e+00
0.000000000000000000e+00 0.000000000000000000e+00 0.000000000000000000e+00 1.000000000000000000e+00
9.259121417999267578e-01 -3.734799027442932129e-01 -5.656278878450393677e-02 -4.918292856077342567e-01
-2.683650553226470947e-01 -5.450195670127868652e-01 -7.943134307861328125e-01 -2.147786458151248468e+00
2.658322453498840332e-01 7.506438493728637695e-01 -6.048692464828491211e-01 -1.543644495132905803e+00
0.000000000000000000e+00 0.000000000000000000e+00 0.000000000000000000e+00 1.000000000000000000e+00
9.339327812194824219e-01 -3.536845445632934570e-01 -5.173486098647117615e-02 -4.983118698316597039e-01
-2.260729670524597168e-01 -4.723495841026306152e-01 -8.519254922866821289e-01 -2.331470174982344545e+00
2.768758833408355713e-01 8.073371052742004395e-01 -5.211013555526733398e-01 -1.324603284984163132e+00
0.000000000000000000e+00 0.000000000000000000e+00 0.000000000000000000e+00 1.000000000000000000e+00
9.456685185432434082e-01 -3.207217454910278320e-01 -5.337185040116310120e-02 -5.295648497730234272e-01
-1.892090588808059692e-01 -4.093668460845947266e-01 -8.925349712371826172e-01 -2.460622825027265925e+00
2.644065618515014648e-01 8.541404604911804199e-01 -4.478088319301605225e-01 -1.133198400332535272e+00
0.000000000000000000e+00 0.000000000000000000e+00 0.000000000000000000e+00 1.000000000000000000e+00
9.544056057929992676e-01 -2.939934730529785156e-01 -5.174877122044563293e-02 -5.474615532044371236e-01
-1.584735363721847534e-01 -3.520904481410980225e-01 -9.224526286125183105e-01 -2.560676124655591579e+00
2.529747188091278076e-01 8.885945677757263184e-01 -3.826272785663604736e-01 -9.510672504025063922e-01
0.000000000000000000e+00 0.000000000000000000e+00 0.000000000000000000e+00 1.000000000000000000e+00
9.614703655242919922e-01 -2.671058475971221924e-01 -6.503475457429885864e-02 -6.099513706960310033e-01
-1.399081051349639893e-01 -2.717862725257873535e-01 -9.521333575248718262e-01 -2.692312219490277325e+00
2.366447597742080688e-01 9.245467185974121094e-01 -2.986845970153808594e-01 -6.818723208478578712e-01
0.000000000000000000e+00 0.000000000000000000e+00 0.000000000000000000e+00 1.000000000000000000e+00
9.747990369796752930e-01 -2.145732194185256958e-01 -6.103371456265449524e-02 -6.261822690424216908e-01
-1.024887934327125549e-01 -1.877441555261611938e-01 -9.768561124801635742e-01 -2.797552331531180325e+00
1.981484442949295044e-01 9.584938883781433105e-01 -2.050042450428009033e-01 -3.622721886100512823e-01
0.000000000000000000e+00 0.000000000000000000e+00 0.000000000000000000e+00 1.000000000000000000e+00
9.937794208526611328e-01 -1.090635657310485840e-01 -2.253680676221847534e-02 -5.413021962183571789e-01
-3.769533336162567139e-02 -1.389920711517333984e-01 -9.895756840705871582e-01 -2.854198327494149368e+00
1.047942861914634705e-01 9.842693209648132324e-01 -1.422386169433593750e-01 -1.760407506091112295e-01
0.000000000000000000e+00 0.000000000000000000e+00 0.000000000000000000e+00 1.000000000000000000e+00
9.954193234443664551e-01 -9.548471868038177490e-02 4.770287778228521347e-03 -4.787924076915788807e-01
-1.884454116225242615e-02 -2.448811233043670654e-01 -9.693695902824401855e-01 -2.816666302324754678e+00
9.372819215059280396e-02 9.648396372795104980e-01 -2.455588579177856445e-01 -4.881480022394564799e-01
0.000000000000000000e+00 0.000000000000000000e+00 0.000000000000000000e+00 1.000000000000000000e+00
9.982766509056091309e-01 -2.927405014634132385e-02 5.086425691843032837e-02 -3.354183455503620959e-01
4.019544646143913269e-02 -2.904438376426696777e-01 -9.560472369194030762e-01 -2.883115282687852332e+00
4.276059195399284363e-02 9.564442038536071777e-01 -2.887666523456573486e-01 -5.929135348794932758e-01
0.000000000000000000e+00 0.000000000000000000e+00 0.000000000000000000e+00 1.000000000000000000e+00
9.891667366027832031e-01 4.591799899935722351e-02 1.394305527210235596e-01 -2.826061663216105843e-02
1.466978043317794800e-01 -2.743068933486938477e-01 -9.503867626190185547e-01 -2.977812067842966925e+00
-5.393129773437976837e-03 9.605450034141540527e-01 -2.780714333057403564e-01 -5.392501216167421285e-01
0.000000000000000000e+00 0.000000000000000000e+00 0.000000000000000000e+00 1.000000000000000000e+00
9.689581394195556641e-01 6.120273843407630920e-02 2.395294159650802612e-01 2.827525223529937515e-01
2.471888512372970581e-01 -2.563653290271759033e-01 -9.344379901885986328e-01 -3.021195640813665761e+00
4.216813482344150543e-03 9.646402597427368164e-01 -2.635359168052673340e-01 -4.865178966732863208e-01
0.000000000000000000e+00 0.000000000000000000e+00 0.000000000000000000e+00 1.000000000000000000e+00
9.755322337150573730e-01 -4.041024483740329742e-03 2.198195606470108032e-01 1.998575842231693767e-01
2.077655941247940063e-01 -3.100571930408477783e-01 -9.277383685111999512e-01 -2.989742812551303697e+00
7.190560549497604370e-02 9.507092833518981934e-01 -3.016311228275299072e-01 -6.494308746054370252e-01
0.000000000000000000e+00 0.000000000000000000e+00 0.000000000000000000e+00 1.000000000000000000e+00
9.845157861709594727e-01 -1.293876469135284424e-01 1.182681620121002197e-01 -1.614925834364356605e-01
6.209781020879745483e-02 -3.735027313232421875e-01 -9.255482554435729980e-01 -2.916280032225291752e+00
1.639280170202255249e-01 9.185612797737121582e-01 -3.596846163272857666e-01 -9.324371374354710751e-01
0.000000000000000000e+00 0.000000000000000000e+00 0.000000000000000000e+00 1.000000000000000000e+00
9.778601527214050293e-01 -2.087713479995727539e-01 1.427907682955265045e-02 -4.894289672338497654e-01
-5.153644084930419922e-02 -3.064012527465820312e-01 -9.505060911178588867e-01 -2.930273139862372478e+00
2.028135806322097778e-01 9.287264943122863770e-01 -3.103769719600677490e-01 -8.196910204712386516e-01
0.000000000000000000e+00 0.000000000000000000e+00 0.000000000000000000e+00 1.000000000000000000e+00
9.178659915924072266e-01 -3.851882815361022949e-01 -9.566415846347808838e-02 -8.037915489023326199e-01
-2.300789505243301392e-01 -3.200020790100097656e-01 -9.190551042556762695e-01 -2.745379019634576423e+00
3.233965933322906494e-01 8.655798435211181641e-01 -3.823426961898803711e-01 -1.133902801853320819e+00
0.000000000000000000e+00 0.000000000000000000e+00 0.000000000000000000e+00 1.000000000000000000e+00
8.699776530265808105e-01 -4.834157824516296387e-01 -9.720019251108169556e-02 -7.911542641513080731e-01
-2.879252135753631592e-01 -3.380013704299926758e-01 -8.960213661193847656e-01 -2.636633111365456195e+00
4.002970159053802490e-01 8.075049519538879395e-01 -4.332411289215087891e-01 -1.364435393936344498e+00
0.000000000000000000e+00 0.000000000000000000e+00 0.000000000000000000e+00 1.000000000000000000e+00
8.278728127479553223e-01 -5.565756559371948242e-01 -6.964475661516189575e-02 -6.878039846108381372e-01
-3.469687998294830322e-01 -4.105812013149261475e-01 -8.432292342185974121e-01 -2.446793072869689833e+00
4.407259225845336914e-01 7.222509384155273438e-01 -5.330232381820678711e-01 -1.703542053705951798e+00
0.000000000000000000e+00 0.000000000000000000e+00 0.000000000000000000e+00 1.000000000000000000e+00
8.034252524375915527e-01 -5.933962464332580566e-01 -4.887007921934127808e-02 -6.133259582578554081e-01
-4.245650768280029297e-01 -5.134197473526000977e-01 -7.457509040832519531e-01 -2.102300925104324314e+00
4.174351394176483154e-01 6.199036240577697754e-01 -6.644297838211059570e-01 -2.097844515650460817e+00
0.000000000000000000e+00 0.000000000000000000e+00 0.000000000000000000e+00 1.000000000000000000e+00
7.775593996047973633e-01 -6.284591555595397949e-01 -2.098308503627777100e-02 -5.223558579480919173e-01
-5.002633333206176758e-01 -5.980432033538818359e-01 -6.261636614799499512e-01 -1.685699474423368205e+00
3.809694945812225342e-01 4.973763823509216309e-01 -7.794089913368225098e-01 -2.428134532508940957e+00
0.000000000000000000e+00 0.000000000000000000e+00 0.000000000000000000e+00 1.000000000000000000e+00
7.524573206901550293e-01 -6.585606336593627930e-01 -1.028465665876865387e-02 -4.738387976432181792e-01
-5.636960268020629883e-01 -6.358337402343750000e-01 -5.272209644317626953e-01 -1.343751339906805731e+00
3.406676948070526123e-01 4.025086760520935059e-01 -8.496657609939575195e-01 -2.622419661240075417e+00
0.000000000000000000e+00 0.000000000000000000e+00 0.000000000000000000e+00 1.000000000000000000e+00
6.498330235481262207e-01 -7.599571347236633301e-01 -1.349134277552366257e-02 -4.175814952821360060e-01
-6.785331368446350098e-01 -5.720269083976745605e-01 -4.608447849750518799e-01 -1.066544886444955820e+00
3.425049781799316406e-01 3.086264431476593018e-01 -8.873780965805053711e-01 -2.752339695725033675e+00
0.000000000000000000e+00 0.000000000000000000e+00 0.000000000000000000e+00 1.000000000000000000e+00
5.863375663757324219e-01 -8.095663785934448242e-01 2.846448682248592377e-02 -2.464601976893393553e-01
-7.367845177650451660e-01 -5.475701689720153809e-01 -3.966299295425415039e-01 -8.249515141603653845e-01
3.366847038269042969e-01 2.115868479013442993e-01 -9.175372719764709473e-01 -2.855720811371643464e+00
0.000000000000000000e+00 0.000000000000000000e+00 0.000000000000000000e+00 1.000000000000000000e+00
5.383418202400207520e-01 -8.405258059501647949e-01 6.086196005344390869e-02 -1.082743276522497300e-01
-7.822543978691101074e-01 -5.252710580825805664e-01 -3.349157273769378662e-01 -5.963461097264874944e-01
3.134743571281433105e-01 1.326896101236343384e-01 -9.402805566787719727e-01 -2.914894402253972228e+00
0.000000000000000000e+00 0.000000000000000000e+00 0.000000000000000000e+00 1.000000000000000000e+00
5.047907233238220215e-01 -8.542256951332092285e-01 1.244372203946113586e-01 1.175854388589558930e-01
-8.170110583305358887e-01 -5.193081498146057129e-01 -2.506224215030670166e-01 -3.123681646301694759e-01
2.787094414234161377e-01 2.484526298940181732e-02 -9.600540399551391602e-01 -2.960035978197514073e+00
0.000000000000000000e+00 0.000000000000000000e+00 0.000000000000000000e+00 1.000000000000000000e+00
4.379933774471282959e-01 -8.820000886917114258e-01 1.738893091678619385e-01 3.227046989623023054e-01
-8.572927117347717285e-01 -4.680140614509582520e-01 -2.145040184259414673e-01 -1.691927004644841470e-01
2.705751955509185791e-01 -5.512275546789169312e-02 -9.611194729804992676e-01 -2.962990449682403771e+00
0.000000000000000000e+00 0.000000000000000000e+00 0.000000000000000000e+00 1.000000000000000000e+00
3.573910892009735107e-01 -8.942013382911682129e-01 2.695836424827575684e-01 6.796606697585854118e-01
-8.924489617347717285e-01 -4.120653271675109863e-01 -1.836761534214019775e-01 -4.865146421264718302e-02
2.753295302391052246e-01 -1.749454438686370850e-01 -9.452977180480957031e-01 -2.914230218741865386e+00
0.000000000000000000e+00 0.000000000000000000e+00 0.000000000000000000e+00 1.000000000000000000e+00
2.912561893463134766e-01 -8.838823437690734863e-01 3.659532964229583740e-01 1.021560446086325014e+00
-9.140139222145080566e-01 -3.700346052646636963e-01 -1.662913262844085693e-01 1.941005220704044784e-02
2.823973000049591064e-01 -2.860530614852905273e-01 -9.156556725502014160e-01 -2.828251704490372553e+00
0.000000000000000000e+00 0.000000000000000000e+00 0.000000000000000000e+00 1.000000000000000000e+00
2.702023983001708984e-01 -8.520063161849975586e-01 4.484148919582366943e-01 1.281413415172233394e+00
-9.323427677154541016e-01 -3.477674126625061035e-01 -9.896822273731231689e-02 2.394279503154714828e-01
2.402656823396682739e-01 -3.913349509239196777e-01 -8.883295655250549316e-01 -2.712945086963316044e+00
0.000000000000000000e+00 0.000000000000000000e+00 0.000000000000000000e+00 1.000000000000000000e+00
1.767726242542266846e-01 -7.712091207504272461e-01 6.115455627441406250e-01 1.833069560410140353e+00
-9.615064859390258789e-01 -2.681115865707397461e-01 -6.017880886793136597e-02 3.666627601214976218e-01
2.103729099035263062e-01 -5.773670673370361328e-01 -7.889173030853271484e-01 -2.392029384340420783e+00
0.000000000000000000e+00 0.000000000000000000e+00 0.000000000000000000e+00 1.000000000000000000e+00
1.340412795543670654e-01 -6.713243126869201660e-01 7.289421558380126953e-01 2.215215284170444221e+00
-9.742169976234436035e-01 -2.239760756492614746e-01 -2.712873369455337524e-02 4.690573273253733633e-01
1.814777851104736328e-01 -7.065114974975585938e-01 -6.840375661849975586e-01 -2.062458048810267286e+00
0.000000000000000000e+00 0.000000000000000000e+00 0.000000000000000000e+00 1.000000000000000000e+00
1.092102751135826111e-01 -5.747364759445190430e-01 8.110185265541076660e-01 2.473867990592544253e+00
-9.836918115615844727e-01 -1.797909736633300781e-01 5.051400978118181229e-03 5.711468447275731553e-01
1.429105252027511597e-01 -7.983440160751342773e-01 -5.849986076354980469e-01 -1.746608987465955831e+00
0.000000000000000000e+00 0.000000000000000000e+00 0.000000000000000000e+00 1.000000000000000000e+00
8.289062976837158203e-02 -5.110511779785156250e-01 8.555440306663513184e-01 2.625488641588771266e+00
-9.905970096588134766e-01 -1.360163092613220215e-01 1.472730003297328949e-02 6.060591115820767039e-01
1.088414490222930908e-01 -8.487202525138854980e-01 -5.175203680992126465e-01 -1.526394349654049520e+00
0.000000000000000000e+00 0.000000000000000000e+00 0.000000000000000000e+00 1.000000000000000000e+00
1.575069874525070190e-01 -5.158709287643432617e-01 8.420622348785400391e-01 2.522458519472448479e+00
-9.872976541519165039e-01 -1.002720370888710022e-01 1.232437416911125183e-01 9.290613907204163802e-01
2.085749432444572449e-02 -8.507777452468872070e-01 -5.251116156578063965e-01 -1.481976008020948976e+00
0.000000000000000000e+00 0.000000000000000000e+00 0.000000000000000000e+00 1.000000000000000000e+00
2.649604678153991699e-01 -5.721336603164672852e-01 7.761823534965515137e-01 2.254992205460630839e+00
-9.595593214035034180e-01 -7.706653326749801636e-02 2.707519829273223877e-01 1.352008525731262178e+00
-9.508859366178512573e-02 -8.165315985679626465e-01 -5.694157481193542480e-01 -1.524749343419140812e+00
0.000000000000000000e+00 0.000000000000000000e+00 0.000000000000000000e+00 1.000000000000000000e+00
3.237749934196472168e-01 -6.131669878959655762e-01 7.205526828765869141e-01 2.058858565990981937e+00
-9.279356598854064941e-01 -5.714261904358863831e-02 3.683345317840576172e-01 1.615126465885357909e+00
-1.846761852502822876e-01 -7.878839969635009766e-01 -5.874807238578796387e-01 -1.514342881935099250e+00
0.000000000000000000e+00 0.000000000000000000e+00 0.000000000000000000e+00 1.000000000000000000e+00
3.690079152584075928e-01 -6.293749213218688965e-01 6.839008331298828125e-01 1.921438114333470892e+00
-8.891012072563171387e-01 -2.464474178850650787e-02 4.570467174053192139e-01 1.843932305009142958e+00
-2.707991898059844971e-01 -7.767109274864196777e-01 -5.686721205711364746e-01 -1.394263773367890868e+00
0.000000000000000000e+00 0.000000000000000000e+00 0.000000000000000000e+00 1.000000000000000000e+00
4.255284070968627930e-01 -6.354525685310363770e-01 6.443025469779968262e-01 1.756902308708075511e+00
-8.390976786613464355e-01 -1.044322922825813293e-02 5.438807010650634766e-01 2.057876658634359757e+00
-3.388816416263580322e-01 -7.720694541931152344e-01 -5.376505851745605469e-01 -1.243151814646100473e+00
0.000000000000000000e+00 0.000000000000000000e+00 0.000000000000000000e+00 1.000000000000000000e+00
4.966154694557189941e-01 -6.607310771942138672e-01 5.628565549850463867e-01 1.482661019340626440e+00
-7.452071905136108398e-01 7.905673235654830933e-03 6.667861342430114746e-01 2.309046469966590465e+00
-4.450161159038543701e-01 -7.505810856819152832e-01 -4.884554445743560791e-01 -1.000838036418745913e+00
0.000000000000000000e+00 0.000000000000000000e+00 0.000000000000000000e+00 1.000000000000000000e+00
