0.9346533417701721 0.07649015635251999 -0.347235232591629 0.1247955858707428 
-0.07408381253480911 0.9970470070838928 0.02022142149507999 0.01377905905246735 
0.347756564617157 0.006824503187090158 0.9375600218772888 -0.3552213907241821 
0 0 0 1 

0.8956580758094788 0.0940450131893158 -0.434686005115509 0.1614552140235901 
-0.07937920093536377 0.9954967498779297 0.05181869864463806 0.005282897967845201 
0.4376018047332764 -0.01190676353871822 0.8990899324417114 -0.3396408557891846 
0 0 0 1 

0.7866502404212952 0.104304127395153 -0.6085243821144104 0.2348097562789917 
-0.07622873038053513 0.9944932460784912 0.07191888242959976 0.001942659495398402 
0.6126748323440552 -0.01018794439733028 0.7902693152427673 -0.2959964573383331 
0 0 0 1 

0.6456809043884277 0.1224164217710495 -0.7537307143211365 0.2966784536838531 
-0.06751734018325806 0.9923525452613831 0.103333406150341 -0.006174655165523291 
0.7606163024902344 -0.01583046279847622 0.6490083336830139 -0.2376253455877304 
0 0 0 1 

0.6201434135437012 0.1207930073142052 -0.7751328945159912 0.3066396415233612 
-0.06489574164152145 0.9925869703292847 0.1027603000402451 -0.002153919311240315 
0.7817994952201843 -0.01342326775193214 0.6233851909637451 -0.2192124426364899 
0 0 0 1 

0.6206897497177124 0.1218075826764107 -0.7745366096496582 0.3082066774368286 
-0.0767422690987587 0.9925534725189209 0.09459511935710907 0.002431093715131283 
0.7802913784980774 0.0007254998781718314 0.625415563583374 -0.2096223682165146 
0 0 0 1 

0.6225070953369141 0.1383555382490158 -0.7702873349189758 0.30967116355896 
-0.09704241156578064 0.9902993440628052 0.09944835305213928 0.002066478598862886 
0.7765742540359497 0.01284325215965509 0.6298947334289551 -0.2020654380321503 
0 0 0 1 

0.6295838356018066 0.1384249925613403 -0.7645014524459839 0.3100219368934631 
-0.1178279519081116 0.989629864692688 0.08215408772230148 0.01081505604088306 
0.7679457068443298 0.03835678845643997 0.6393653154373169 -0.1956834942102432 
0 0 0 1 

0.6271253824234009 0.1518134027719498 -0.7639805674552917 0.3132117390632629 
-0.150583878159523 0.9859489798545837 0.07231244444847107 0.01706594415009022 
0.7642238140106201 0.06969421356916428 0.64117431640625 -0.1877855658531189 
0 0 0 1 

0.5629546642303467 0.1652913093566895 -0.8097905516624451 0.3328933715820312 
-0.1607424169778824 0.9829849004745483 0.0888972207903862 0.01407845132052898 
0.8107059597969055 0.0801226943731308 0.5799450874328613 -0.1577562689781189 
0 0 0 1 

