0.9346534013748169 0.0764901265501976 -0.3472350835800171 0.1247956156730652 
-0.07408378273248672 0.9970470070838928 0.0202214065939188 0.01377905067056417 
0.3477564454078674 0.006824493408203125 0.9375600218772888 -0.3552213311195374 
0 0 0 1 

0.8956581950187683 0.09404496848583221 -0.4346858263015747 0.1614551991224289 
-0.07937917113304138 0.9954967498779297 0.05181866884231567 0.005282871425151825 
0.437601625919342 -0.01190677471458912 0.8990899920463562 -0.3396407067775726 
0 0 0 1 

0.7866502404212952 0.1043041199445724 -0.6085243821144104 0.234809935092926 
-0.07622872292995453 0.9944932460784912 0.07191887497901917 0.001942656701430678 
0.6126748323440552 -0.01018794439733028 0.7902693152427673 -0.2959965169429779 
0 0 0 1 

0.6456807255744934 0.1224164515733719 -0.753730833530426 0.2966786623001099 
-0.06751734018325806 0.9923525452613831 0.1033334359526634 -0.006174678448587656 
0.7606164813041687 -0.01583045348525047 0.6490081548690796 -0.2376252859830856 
0 0 0 1 

0.6201433539390564 0.1207930147647858 -0.7751328945159912 0.3066396117210388 
-0.06489573419094086 0.9925869703292847 0.1027603000402451 -0.00215392536483705 
0.7817995548248291 -0.01342326775193214 0.6233851909637451 -0.2192123979330063 
0 0 0 1 

0.620689868927002 0.1218075752258301 -0.7745365500450134 0.3082067668437958 
-0.07674227654933929 0.9925534725189209 0.09459511190652847 0.002431086031720042 
0.7802913784980774 0.0007254924857988954 0.6254156827926636 -0.2096223682165146 
0 0 0 1 

0.6225070953369141 0.1383555233478546 -0.7702873349189758 0.3096711039543152 
-0.09704240411520004 0.9902993440628052 0.09944834560155869 0.002066475339233875 
0.7765742540359497 0.0128432447090745 0.6298947334289551 -0.2020654082298279 
0 0 0 1 

0.6295837163925171 0.1384250074625015 -0.7645015716552734 0.3100219666957855 
-0.1178279668092728 0.989629864692688 0.08215411007404327 0.01081504672765732 
0.7679457664489746 0.03835680335760117 0.6393651962280273 -0.1956834495067596 
0 0 0 1 

0.6271252036094666 0.1518134325742722 -0.7639806866645813 0.3132117986679077 
-0.1505839079618454 0.9859489798545837 0.07231247425079346 0.01706593483686447 
0.7642239928245544 0.06969424337148666 0.6411741375923157 -0.1877855658531189 
0 0 0 1 

0.5497514605522156 0.1633568853139877 -0.8191993236541748 0.3364444673061371 
-0.1594049483537674 0.9831857681274414 0.08908338844776154 0.0140936803072691 
0.8199775218963623 0.08161076158285141 0.566547691822052 -0.1521105021238327 
0 0 0 1 

