-0.472628265619278 -0.4716989099979401 0.7443944811820984 -0.1991943866014481 
-0.8809546232223511 0.2305718809366226 -0.4132261574268341 0.170092836022377 
0.0232817567884922 -0.8510799407958984 -0.5245202779769897 0.1548826098442078 
0 0 0 1 

-0.4954672753810883 -0.5406742095947266 0.6798404455184937 -0.1807268708944321 
-0.8685634136199951 0.2989655435085297 -0.3952428698539734 0.1645055711269379 
0.01044889818876982 -0.7863146662712097 -0.6177374124526978 0.1862517148256302 
0 0 0 1 

-0.1962149888277054 -0.7509295344352722 0.6305588483810425 -0.1938827782869339 
-0.7315624952316284 0.5403029322624207 0.4157992303371429 -0.0857444703578949 
-0.6529287099838257 -0.3797071576118469 -0.6553674936294556 0.2388507723808289 
0 0 0 1 

-0.1231614798307419 -0.7134116888046265 0.6898368000984192 -0.215476393699646 
-0.780578076839447 0.4988879263401031 0.3765747845172882 -0.07176633924245834 
-0.6128039956092834 -0.4920919835567474 -0.6183173060417175 0.2252949476242065 
0 0 0 1 

-0.07073085755109787 -0.6575844287872314 0.7500532269477844 -0.2361683547496796 
-0.8108904957771301 0.4758078455924988 0.3406809568405151 -0.05918197333812714 
-0.5809077024459839 -0.5841144323348999 -0.5668832659721375 0.2077782452106476 
0 0 0 1 

-0.0275450125336647 -0.5802802443504333 0.813950777053833 -0.2575601935386658 
-0.881938636302948 0.3974098861217499 0.2534746825695038 -0.02777568250894547 
-0.4705584347248077 -0.7108727097511292 -0.5227183103561401 0.1876852959394455 
0 0 0 1 

-0.04792694002389908 -0.5526496767997742 0.8320344090461731 -0.2615929543972015 
-0.928041398525238 0.3326825201511383 0.1675155311822891 0.002522185910493135 
-0.3693807125091553 -0.7641339898109436 -0.5288261771202087 0.1844040602445602 
0 0 0 1 

-0.08220598846673965 -0.5269928574562073 0.8458844423294067 -0.2636755406856537 
-0.9604458808898926 0.2684754133224487 0.07392268627882004 0.0339885950088501 
-0.2660558521747589 -0.8063494563102722 -0.5282183885574341 0.1788174211978912 
0 0 0 1 

-0.0794447734951973 -0.5177727937698364 0.85182124376297 -0.2657724320888519 
-0.9799751043319702 0.1970836669206619 0.02839834429323673 0.04932351410388947 
-0.1825837641954422 -0.8325076103210449 -0.5230616331100464 0.172751247882843 
0 0 0 1 

-0.06421147286891937 -0.5017547607421875 0.8626232147216797 -0.2699550688266754 
-0.993200957775116 0.1162401661276817 -0.006319287698715925 0.05998238921165466 
-0.09710051119327545 -0.8571639657020569 -0.5058070421218872 0.1618908047676086 
0 0 0 1 

