0.5950486063957214 0.7778148651123047 -0.2022898644208908 0.04627260565757751 
-0.7939537763595581 0.5298551917076111 -0.298145592212677 0.12173842638731 
-0.1247177869081497 0.3380199074745178 0.9328386783599854 -0.2596408128738403 
0 0 0 1 

0.674746572971344 0.7169972062110901 -0.1750196367502213 0.03216561302542686 
-0.719694197177887 0.5866401791572571 -0.3713399171829224 0.1365837603807449 
-0.1635762304067612 0.3765209317207336 0.9118523597717285 -0.2494022250175476 
0 0 0 1 

0.7358031272888184 0.6570456624031067 -0.1639654487371445 0.02526784501969814 
-0.6491002440452576 0.6152734756469727 -0.4473335742950439 0.1520490795373917 
-0.1930350512266159 0.4355794787406921 0.8792087435722351 -0.234751969575882 
0 0 0 1 

0.7645664811134338 0.6275924444198608 -0.1468520611524582 0.01809575967490673 
-0.5960731506347656 0.6017888784408569 -0.5315510630607605 0.1708595603704453 
-0.2452237159013748 0.4939406514167786 0.8341988921165466 -0.2143306881189346 
0 0 0 1 

0.7934600114822388 0.5910231471061707 -0.145302027463913 0.01461513247340918 
-0.5336901545524597 0.5608890652656555 -0.6329121589660645 0.1968706697225571 
-0.292567640542984 0.5797367095947266 0.760466456413269 -0.1867175847291946 
0 0 0 1 

0.8157539367675781 0.5614773035049438 -0.1388834118843079 0.01111414190381765 
-0.477764219045639 0.5187661647796631 -0.7089589834213257 0.2167684584856033 
-0.3260164558887482 0.644689679145813 0.6914393901824951 -0.1624179184436798 
0 0 0 1 

0.8454937338829041 0.5161995887756348 -0.1366685628890991 0.007286055944859982 
-0.4123214781284332 0.4684782028198242 -0.7813572287559509 0.235537126660347 
-0.3393099904060364 0.7169840931892395 0.6089355945587158 -0.139180064201355 
0 0 0 1 

0.8771375417709351 0.4707080721855164 -0.09520292282104492 -0.006682935636490583 
-0.3232991099357605 0.4321832954883575 -0.8418402671813965 0.2499004304409027 
-0.3551160097122192 0.7691886425018311 0.5312637686729431 -0.1187214702367783 
0 0 0 1 

0.9008438587188721 0.4290957450866699 -0.0660088062286377 -0.01522309612482786 
-0.2271491289138794 0.3362808525562286 -0.913957417011261 0.2631260752677917 
-0.3699778318405151 0.8383267521858215 0.4004053175449371 -0.08323707431554794 
0 0 0 1 

0.8925419449806213 0.4504407048225403 -0.02172654122114182 -0.03109026700258255 
-0.1622934341430664 0.2758857607841492 -0.947390079498291 0.2738757133483887 
-0.4207489788532257 0.8491114377975464 0.3193431496620178 -0.05416395515203476 
0 0 0 1 

