0.5950486063957214 0.7778148055076599 -0.2022898495197296 0.04627259448170662 
-0.7939537167549133 0.5298551917076111 -0.298145592212677 0.121738389134407 
-0.1247177720069885 0.3380199074745178 0.9328386783599854 -0.2596408128738403 
0 0 0 1 

0.6747466325759888 0.7169970870018005 -0.1750195771455765 0.03216559067368507 
-0.7196940779685974 0.5866402983665466 -0.3713398575782776 0.1365837305784225 
-0.1635761708021164 0.3765208721160889 0.9118524193763733 -0.2494022250175476 
0 0 0 1 

0.7358031272888184 0.6570456624031067 -0.1639654487371445 0.02526784688234329 
-0.6491002440452576 0.6152734756469727 -0.4473335742950439 0.1520490646362305 
-0.1930350512266159 0.4355794787406921 0.8792087435722351 -0.2347519993782043 
0 0 0 1 

0.7645664811134338 0.6275924444198608 -0.1468520611524582 0.01809574104845524 
-0.5960731506347656 0.6017888784408569 -0.5315510630607605 0.1708594858646393 
-0.2452237159013748 0.4939406514167786 0.8341988921165466 -0.2143307328224182 
0 0 0 1 

0.7934600114822388 0.5910231471061707 -0.145302027463913 0.01461509056389332 
-0.5336901545524597 0.5608890652656555 -0.6329121589660645 0.1968706697225571 
-0.292567640542984 0.5797367095947266 0.760466456413269 -0.1867175996303558 
0 0 0 1 

0.8157539367675781 0.5614773035049438 -0.1388834118843079 0.01111412420868874 
-0.477764219045639 0.5187661647796631 -0.7089589834213257 0.2167684435844421 
-0.3260164558887482 0.644689679145813 0.6914393901824951 -0.162417933344841 
0 0 0 1 

0.8454937338829041 0.5161995887756348 -0.1366685628890991 0.007286044768989086 
-0.4123214781284332 0.4684782028198242 -0.7813572287559509 0.235537126660347 
-0.3393099904060364 0.7169840931892395 0.6089355945587158 -0.139180064201355 
0 0 0 1 

0.8771375417709351 0.4707080721855164 -0.09520292282104492 -0.006682955659925938 
-0.3232991099357605 0.4321832954883575 -0.8418402671813965 0.2499004155397415 
-0.3551160097122192 0.7691886425018311 0.5312637686729431 -0.118721529841423 
0 0 0 1 

0.9008438587188721 0.4290957450866699 -0.0660088062286377 -0.01522310357540846 
-0.2271491289138794 0.3362808525562286 -0.913957417011261 0.2631260752677917 
-0.3699778318405151 0.8383267521858215 0.4004053175449371 -0.08323709666728973 
0 0 0 1 

0.8983442187309265 0.4384534060955048 -0.02713763527572155 -0.0299743227660656 
-0.164208248257637 0.2778635621070862 -0.9464815258979797 0.2737982273101807 
-0.4074476361274719 0.8547224998474121 0.3216147720813751 -0.05545840039849281 
0 0 0 1 

