1.000000000000000000e+00 0.000000000000000000e+00 0.000000000000000000e+00 -4.542167112231254578e-02
0.000000000000000000e+00 1.000000000000000000e+00 0.000000000000000000e+00 9.935460984706878662e-04
0.000000000000000000e+00 0.000000000000000000e+00 1.000000000000000000e+00 -2.875000238418579102e-01
0.000000000000000000e+00 0.000000000000000000e+00 0.000000000000000000e+00 1.000000000000000000e+00
9.967138171195983887e-01 7.960779219865798950e-02 1.496928464621305466e-02 -4.845612868666648865e-02
-7.933260500431060791e-02 9.966828227043151855e-01 -1.815748028457164764e-02 9.847195819020271301e-03
-1.636509969830513000e-02 1.691026240587234497e-02 9.997231364250183105e-01 -2.933280169963836670e-01
0.000000000000000000e+00 0.000000000000000000e+00 0.000000000000000000e+00 1.000000000000000000e+00
9.860238432884216309e-01 1.630598455667495728e-01 3.418271988630294800e-02 -5.258869379758834839e-02
-1.613059192895889282e-01 9.856876730918884277e-01 -4.898929223418235779e-02 2.424547821283340454e-02
-4.168172180652618408e-02 4.279067739844322205e-02 9.982143044471740723e-01 -2.925409972667694092e-01
0.000000000000000000e+00 0.000000000000000000e+00 0.000000000000000000e+00 1.000000000000000000e+00
9.667254686355590820e-01 2.536196708679199219e-01 3.344907239079475403e-02 -5.008428171277046204e-02
-2.504860758781433105e-01 9.650089740753173828e-01 -7.755216211080551147e-02 3.816528990864753723e-02
-5.194742232561111450e-02 6.659312546253204346e-02 9.964270591735839844e-01 -2.921499013900756836e-01
0.000000000000000000e+00 0.000000000000000000e+00 0.000000000000000000e+00 1.000000000000000000e+00
9.375071525573730469e-01 3.443672657012939453e-01 4.991585388779640198e-02 -5.209984257817268372e-02
-3.364680707454681396e-01 9.337239265441894531e-01 -1.222634017467498779e-01 5.640200525522232056e-02
-8.871122449636459351e-02 9.782768785953521729e-02 9.912415146827697754e-01 -2.893105745315551758e-01
0.000000000000000000e+00 0.000000000000000000e+00 0.000000000000000000e+00 1.000000000000000000e+00
8.941823244094848633e-01 4.468021094799041748e-01 2.839012630283832550e-02 -4.258751496672630310e-02
-4.391650557518005371e-01 8.876894116401672363e-01 -1.383522897958755493e-01 6.556196510791778564e-02
-8.701773732900619507e-02 1.112441718578338623e-01 9.899761080741882324e-01 -2.900726795196533203e-01
0.000000000000000000e+00 0.000000000000000000e+00 0.000000000000000000e+00 1.000000000000000000e+00
8.464157581329345703e-01 5.323989391326904297e-01 1.146661862730979919e-02 -3.441755846142768860e-02
-5.236566066741943359e-01 8.360439538955688477e-01 -1.637492775917053223e-01 7.741160690784454346e-02
-9.676658362150192261e-02 1.325953751802444458e-01 9.864352941513061523e-01 -2.889922857284545898e-01
0.000000000000000000e+00 0.000000000000000000e+00 0.000000000000000000e+00 1.000000000000000000e+00
7.936855554580688477e-01 6.082382798194885254e-01 -1.045656111091375351e-02 -2.450854331254959106e-02
-6.008054614067077637e-01 7.810598611831665039e-01 -1.702295392751693726e-01 8.297871798276901245e-02
-9.537295997142791748e-02 1.413910686969757080e-01 9.853488802909851074e-01 -2.897102534770965576e-01
0.000000000000000000e+00 0.000000000000000000e+00 0.000000000000000000e+00 1.000000000000000000e+00
7.230024933815002441e-01 6.901370286941528320e-01 -3.127299994230270386e-02 -1.273070927709341049e-02
-6.848721504211425781e-01 7.100768089294433594e-01 -1.635261923074722290e-01 8.383252471685409546e-02
-9.064927697181701660e-02 1.396478414535522461e-01 9.860432744026184082e-01 -2.905509471893310547e-01
0.000000000000000000e+00 0.000000000000000000e+00 0.000000000000000000e+00 1.000000000000000000e+00
6.475067734718322754e-01 7.611659765243530273e-01 -3.689173609018325806e-02 -6.048171315342187881e-03
-7.575976848602294922e-01 6.377300024032592773e-01 -1.390889883041381836e-01 7.883944362401962280e-02
-8.234290033578872681e-02 1.180101409554481506e-01 9.895923733711242676e-01 -2.934567034244537354e-01
0.000000000000000000e+00 0.000000000000000000e+00 0.000000000000000000e+00 1.000000000000000000e+00
5.497500896453857422e-01 8.341370224952697754e-01 -4.461026936769485474e-02 2.447166945785284042e-03
-8.335286378860473633e-01 5.442779064178466797e-01 -9.482367336750030518e-02 6.693089753389358521e-02
-5.481555685400962830e-02 8.931326866149902344e-02 9.944939613342285156e-01 -2.985558807849884033e-01
0.000000000000000000e+00 0.000000000000000000e+00 0.000000000000000000e+00 1.000000000000000000e+00
4.599682390689849854e-01 8.830564618110656738e-01 -9.295482188463211060e-02 2.364424802362918854e-02
-8.879069089889526367e-01 4.565870165824890137e-01 -5.612245574593544006e-02 5.532049760222434998e-02
-7.117342203855514526e-03 1.083497554063796997e-01 9.940872788429260254e-01 -3.022934496402740479e-01
0.000000000000000000e+00 0.000000000000000000e+00 0.000000000000000000e+00 1.000000000000000000e+00
3.522527813911437988e-01 9.292761087417602539e-01 -1.111939102411270142e-01 3.383474424481391907e-02
-9.356516599655151367e-01 3.524271547794342041e-01 -1.874005794525146484e-02 4.111589491367340088e-02
2.177307009696960449e-02 1.106399819254875183e-01 9.936220645904541016e-01 -3.035953938961029053e-01
0.000000000000000000e+00 0.000000000000000000e+00 0.000000000000000000e+00 1.000000000000000000e+00
2.712928056716918945e-01 9.536034464836120605e-01 -1.305393576622009277e-01 4.252911731600761414e-02
-9.589542150497436523e-01 2.794223129749298096e-01 4.826692864298820496e-02 1.624023169279098511e-02
8.250312507152557373e-02 1.120868474245071411e-01 9.902673959732055664e-01 -3.031935393810272217e-01
0.000000000000000000e+00 0.000000000000000000e+00 0.000000000000000000e+00 1.000000000000000000e+00
1.922715902328491211e-01 9.674673080444335938e-01 -1.644343286752700806e-01 5.472644791007041931e-02
-9.721513390541076660e-01 2.106563150882720947e-01 1.026917174458503723e-01 -3.990698605775833130e-03
1.339899748563766479e-01 1.401103436946868896e-01 9.810277223587036133e-01 -3.012381494045257568e-01
0.000000000000000000e+00 0.000000000000000000e+00 0.000000000000000000e+00 1.000000000000000000e+00
1.151035800576210022e-01 9.804776310920715332e-01 -1.594206094741821289e-01 5.499596521258354187e-02
-9.712954759597778320e-01 1.447214335203170776e-01 1.887872964143753052e-01 -3.312866762280464172e-02
2.081732898950576782e-01 1.331143826246261597e-01 9.689914584159851074e-01 -2.988064289093017578e-01
0.000000000000000000e+00 0.000000000000000000e+00 0.000000000000000000e+00 1.000000000000000000e+00
1.896113455295562744e-01 9.714596271514892578e-01 -1.425258517265319824e-01 4.879362508654594421e-02
-9.541842937469482422e-01 2.165364325046539307e-01 2.065046429634094238e-01 -3.845031186938285828e-02
2.314729094505310059e-01 9.684030711650848389e-02 9.680093526840209961e-01 -2.965955436229705811e-01
0.000000000000000000e+00 0.000000000000000000e+00 0.000000000000000000e+00 1.000000000000000000e+00
2.718366384506225586e-01 9.508020281791687012e-01 -1.485941559076309204e-01 4.813582822680473328e-02
-9.378173351287841797e-01 2.963694930076599121e-01 1.807313412427902222e-01 -2.814834378659725189e-02
2.158784717321395874e-01 9.022482484579086304e-02 9.722427725791931152e-01 -2.953256666660308838e-01
0.000000000000000000e+00 0.000000000000000000e+00 0.000000000000000000e+00 1.000000000000000000e+00
3.245787620544433594e-01 9.333454370498657227e-01 -1.533451676368713379e-01 4.810063540935516357e-02
-9.335809946060180664e-01 3.421642482280731201e-01 1.065370067954063416e-01 -2.033918630331754684e-03
1.519050747156143188e-01 1.085804849863052368e-01 9.824129343032836914e-01 -2.949251234531402588e-01
0.000000000000000000e+00 0.000000000000000000e+00 0.000000000000000000e+00 1.000000000000000000e+00
3.629958331584930420e-01 9.126082658767700195e-01 -1.880958974361419678e-01 5.714032799005508423e-02
-9.284791350364685059e-01 3.712632358074188232e-01 9.483261033892631531e-03 3.121994808316230774e-02
7.848759740591049194e-02 1.712007820606231689e-01 9.821048974990844727e-01 -2.907022237777709961e-01
0.000000000000000000e+00 0.000000000000000000e+00 0.000000000000000000e+00 1.000000000000000000e+00
4.003444015979766846e-01 8.949230909347534180e-01 -1.970707327127456665e-01 5.799612775444984436e-02
-9.161757826805114746e-01 3.952622115612030029e-01 -6.625316292047500610e-02 5.718393996357917786e-02
1.860311441123485565e-02 2.070755511522293091e-01 9.781481027603149414e-01 -2.860053479671478271e-01
0.000000000000000000e+00 0.000000000000000000e+00 0.000000000000000000e+00 1.000000000000000000e+00
4.590053260326385498e-01 8.588473200798034668e-01 -2.273655235767364502e-01 6.375721096992492676e-02
-8.874609470367431641e-01 4.312638044357299805e-01 -1.625557690858840942e-01 8.645720779895782471e-02
-4.155614227056503296e-02 2.763920128345489502e-01 9.601461291313171387e-01 -2.752822041511535645e-01
0.000000000000000000e+00 0.000000000000000000e+00 0.000000000000000000e+00 1.000000000000000000e+00
5.332636237144470215e-01 8.195894360542297363e-01 -2.095305025577545166e-01 5.270947888493537903e-02
-8.413147330284118652e-01 4.879261255264282227e-01 -2.326317876577377319e-01 1.055457741022109985e-01
-8.842720091342926025e-02 3.003351390361785889e-01 9.497259855270385742e-01 -2.683580815792083740e-01
0.000000000000000000e+00 0.000000000000000000e+00 0.000000000000000000e+00 1.000000000000000000e+00
5.944792628288269043e-01 7.774044871330261230e-01 -2.055156975984573364e-01 4.719524458050727844e-02
-7.948142290115356445e-01 5.293385982513427734e-01 -2.967675328254699707e-01 1.212978810071945190e-01
-1.219210699200630188e-01 3.397689163684844971e-01 9.325729608535766602e-01 -2.597815692424774170e-01
0.000000000000000000e+00 0.000000000000000000e+00 0.000000000000000000e+00 1.000000000000000000e+00
6.755033731460571289e-01 7.159250974655151367e-01 -1.764831095933914185e-01 3.260592743754386902e-02
-7.195345163345336914e-01 5.877118110656738281e-01 -3.699522912502288818e-01 1.362561285495758057e-01
-1.611370295286178589e-01 3.768896758556365967e-01 9.121342897415161133e-01 -2.495098710060119629e-01
0.000000000000000000e+00 0.000000000000000000e+00 0.000000000000000000e+00 1.000000000000000000e+00
7.379962801933288574e-01 6.550207138061523438e-01 -1.622011214494705200e-01 2.470431104302406311e-02
-6.471548080444335938e-01 6.189061999320983887e-01 -4.451356232166290283e-01 1.514233648777008057e-01
-1.911858469247817993e-01 4.334776997566223145e-01 8.806504011154174805e-01 -2.351387888193130493e-01
0.000000000000000000e+00 0.000000000000000000e+00 0.000000000000000000e+00 1.000000000000000000e+00
7.666702270507812500e-01 6.248716711997985840e-01 -1.474849879741668701e-01 1.810446195304393768e-02
-5.934522747993469238e-01 6.020378470420837402e-01 -5.341950654983520508e-01 1.716305613517761230e-01
-2.450120449066162109e-01 4.970766901969909668e-01 8.323963284492492676e-01 -2.138864994049072266e-01
0.000000000000000000e+00 0.000000000000000000e+00 0.000000000000000000e+00 1.000000000000000000e+00
7.932960391044616699e-01 5.905102491378784180e-01 -1.482528895139694214e-01 1.559955626726150513e-02
-5.354579687118530273e-01 5.607942938804626465e-01 -6.315014362335205078e-01 1.965960711240768433e-01
-2.897689342498779297e-01 5.803507566452026367e-01 7.610694169998168945e-01 -1.869904398918151855e-01
0.000000000000000000e+00 0.000000000000000000e+00 0.000000000000000000e+00 1.000000000000000000e+00
8.193142414093017578e-01 5.558043718338012695e-01 -1.407321393489837646e-01 1.139122713357210159e-02
-4.747665524482727051e-01 5.200781226158142090e-01 -7.100107669830322266e-01 2.168973684310913086e-01
-3.214354515075683594e-01 6.485369205474853516e-01 6.899847984313964844e-01 -1.622868478298187256e-01
0.000000000000000000e+00 0.000000000000000000e+00 0.000000000000000000e+00 1.000000000000000000e+00
8.478234410285949707e-01 5.128302574157714844e-01 -1.349091082811355591e-01 6.564139854162931442e-03
-4.083941876888275146e-01 4.691870808601379395e-01 -7.829927206039428711e-01 2.357894480228424072e-01
-3.382446765899658203e-01 7.189357876777648926e-01 6.072247624397277832e-01 -1.387731879949569702e-01
0.000000000000000000e+00 0.000000000000000000e+00 0.000000000000000000e+00 1.000000000000000000e+00
8.795081377029418945e-01 4.651149511337280273e-01 -1.006651967763900757e-01 -5.314622074365615845e-03
-3.235709071159362793e-01 4.293664991855621338e-01 -8.431761860847473145e-01 2.502353191375732422e-01
-3.489516675472259521e-01 7.741525173187255859e-01 5.281290411949157715e-01 -1.181813031435012817e-01
0.000000000000000000e+00 0.000000000000000000e+00 0.000000000000000000e+00 1.000000000000000000e+00
9.013094902038574219e-01 4.278636276721954346e-01 -6.762999296188354492e-02 -1.486889366060495377e-02
-2.262669205665588379e-01 3.318868279457092285e-01 -9.157806038856506348e-01 2.636548578739166260e-01
-3.693838119506835938e-01 8.407042026519775391e-01 3.959442079067230225e-01 -8.224595338106155396e-02
0.000000000000000000e+00 0.000000000000000000e+00 0.000000000000000000e+00 1.000000000000000000e+00
9.003573060035705566e-01 4.346762597560882568e-01 -2.032672613859176636e-02 -3.291640803217887878e-02
-1.004252433776855469e-01 1.621088534593582153e-01 -9.816493988037109375e-01 2.805967628955841064e-01
-4.234045147895812988e-01 8.858765363693237305e-01 1.896083205938339233e-01 -2.372999489307403564e-02
0.000000000000000000e+00 0.000000000000000000e+00 0.000000000000000000e+00 1.000000000000000000e+00
