0.2545618116855621 0.375682920217514 -0.8911007642745972 0.3420769274234772 
0.001570649910718203 0.9212949872016907 0.3888612985610962 -0.1067600101232529 
0.9670552015304565 -0.1003888249397278 0.2339364290237427 0.01075625326484442 
0 0 0 1 

0.2764968574047089 0.4062511324882507 -0.8709244132041931 0.3274776339530945 
0.04933363944292068 0.8990598917007446 0.43503737449646 -0.1240043714642525 
0.9597476124763489 -0.1632523089647293 0.2285453677177429 0.00895051471889019 
0 0 0 1 

0.3221319913864136 0.4562812745571136 -0.829480767250061 0.3050241768360138 
0.1177896112203598 0.850059986114502 0.5133455395698547 -0.1531042903661728 
0.9393383860588074 -0.2630692422389984 0.2200863212347031 0.006128956098109484 
0 0 0 1 

0.3287825584411621 0.5063854455947876 -0.7971673607826233 0.2893613874912262 
0.1390926688909531 0.8089247941970825 0.5712213516235352 -0.1744510531425476 
0.9341066479682922 -0.298687756061554 0.1955258399248123 0.01117855310440063 
0 0 0 1 

0.3543281257152557 0.5512681603431702 -0.7553507685661316 0.2705642580986023 
0.1570631116628647 0.7611982226371765 0.629212498664856 -0.1939070075750351 
0.9218364953994751 -0.3415853977203369 0.1831300556659698 0.01172699499875307 
0 0 0 1 

0.3623631000518799 0.5944341421127319 -0.7178725004196167 0.2455753087997437 
0.1725388914346695 0.7141236662864685 0.6784229278564453 -0.2095763236284256 
0.915927529335022 -0.3696963489055634 0.1562090218067169 0.01405669655650854 
0 0 0 1 

0.3382983505725861 0.6396889090538025 -0.6901828050613403 0.2304558008909225 
0.1707432270050049 0.679527759552002 0.7135045528411865 -0.2194837331771851 
0.9254193305969238 -0.3592214584350586 0.1206606030464172 0.0203753188252449 
0 0 0 1 

0.2259886115789413 0.696944534778595 -0.6805859804153442 0.2209775745868683 
0.4388578534126282 0.5509023070335388 0.709866464138031 -0.2695668637752533 
0.8696739673614502 -0.4591022431850433 -0.1813619136810303 0.06508933007717133 
0 0 0 1 

0.1821525990962982 0.6769826412200928 -0.713102400302887 0.2428621053695679 
0.4954502880573273 0.5632463693618774 0.6612734794616699 -0.2517232000827789 
0.849323034286499 -0.4737595319747925 -0.2328144013881683 0.09697488695383072 
0 0 0 1 

0.1268797516822815 0.6740810871124268 -0.7276785373687744 0.2546819448471069 
0.5100720524787903 0.5848422646522522 0.630702793598175 -0.2382447421550751 
0.8507219552993774 -0.4511919617652893 -0.2696252465248108 0.1132695525884628 
0 0 0 1 

