0.1782892495393753 0.7700674533843994 -0.6125431060791016 0.1969549804925919 
-0.9603928923606873 0.2716659009456635 0.06199293583631516 0.04210223630070686 
0.214145839214325 0.577229380607605 0.7880023717880249 -0.2581094205379486 
0 0 0 1 

0.1355428546667099 0.6701127886772156 -0.7297787666320801 0.2382681965827942 
-0.9732047319412231 0.2281384170055389 0.0287313349545002 0.05343401059508324 
0.1857437938451767 0.7063298225402832 0.6830794215202332 -0.2225665152072906 
0 0 0 1 

0.1093037128448486 0.5698179602622986 -0.8144692182540894 0.2670966386795044 
-0.9834487438201904 0.1811095476150513 -0.005273486487567425 0.06462929397821426 
0.1445031613111496 0.8015652298927307 0.580182671546936 -0.1868927031755447 
0 0 0 1 

0.1558947712182999 0.5136305093765259 -0.8437302112579346 0.271948367357254 
-0.9875941872596741 0.09733474254608154 -0.1232227310538292 0.1035270914435387 
0.01883336715400219 0.852472722530365 0.5224323868751526 -0.1588567644357681 
0 0 0 1 

0.2684665322303772 0.5687468647956848 -0.7774655818939209 0.2425121665000916 
-0.9583792090415955 0.07631660252809525 -0.2751091122627258 0.1505633145570755 
-0.09713388234376907 0.8189644813537598 0.5655636191368103 -0.1629291176795959 
0 0 0 1 

0.3220804631710052 0.615193247795105 -0.7195844054222107 0.220890536904335 
-0.9285497665405273 0.05710724741220474 -0.3667892217636108 0.1770413368940353 
-0.1845526248216629 0.7863054871559143 0.5896304845809937 -0.1640594899654388 
0 0 0 1 

0.368211030960083 0.6339992880821228 -0.6800482273101807 0.205003947019577 
-0.8890618681907654 0.02610697411000729 -0.4570420384407043 0.2022799551486969 
-0.272010326385498 0.7728928327560425 0.573277473449707 -0.1517731845378876 
0 0 0 1 

0.4233729541301727 0.6361811757087708 -0.6450030207633972 0.1890817582607269 
-0.8373693227767944 0.003052681451663375 -0.5466291308403015 0.2261858284473419 
-0.345786064863205 0.7715338468551636 0.5340110063552856 -0.1324929744005203 
0 0 0 1 

0.5236903429031372 0.6360452771186829 -0.5667405128479004 0.1580633819103241 
-0.7309127449989319 -0.006281932815909386 -0.6824420094490051 0.2580755352973938 
-0.4376242756843567 0.7716261744499207 0.4616037905216217 -0.09963443875312805 
0 0 0 1 

0.5717071890830994 0.6476258635520935 -0.5037176609039307 0.1345863491296768 
-0.6705536842346191 0.01505323965102434 -0.7417080998420715 0.2719875574111938 
-0.4727669060230255 0.7618097066879272 0.4428739845752716 -0.08988270908594131 
0 0 0 1 

