-0.4657442569732666 -0.6001439690589905 0.6503150463104248 -0.1765956282615662 
-0.883014976978302 0.3633717000484467 -0.2970617413520813 0.1349618583917618 
-0.05802631378173828 -0.7125926613807678 -0.6991743445396423 0.2148529440164566 
0 0 0 1 

-0.5012578964233398 -0.6502819657325745 0.5708532929420471 -0.1530511528253555 
-0.8649647235870361 0.3948571681976318 -0.3097155094146729 0.1377006471157074 
-0.02400306239724159 -0.6490154266357422 -0.7603961825370789 0.2326412498950958 
0 0 0 1 

-0.6039666533470154 -0.6652113199234009 0.4389966726303101 -0.1078027114272118 
-0.7959478497505188 0.4749991595745087 -0.3752903342247009 0.1525082439184189 
0.0411243624985218 -0.5760813355445862 -0.8163570761680603 0.2471192479133606 
0 0 0 1 

-0.6712393164634705 -0.6732158064842224 0.3101905882358551 -0.06399986147880554 
-0.7365139126777649 0.5585674643516541 -0.3815096616744995 0.1531203985214233 
0.08357595652341843 -0.4845439791679382 -0.8707653284072876 0.2642976641654968 
0 0 0 1 

-0.716900110244751 -0.6528316140174866 0.2446739673614502 -0.04167706146836281 
-0.6932693719863892 0.630438506603241 -0.3491775095462799 0.1423715353012085 
0.07370218634605408 -0.4199503064155579 -0.9045496582984924 0.2771550416946411 
0 0 0 1 

-0.7679958343505859 -0.6242408156394958 0.1431965231895447 -0.006398810539394617 
-0.6326189637184143 0.70452880859375 -0.3216089308261871 0.1324935406446457 
0.09987539798021317 -0.3375832438468933 -0.9359817504882812 0.2870946228504181 
0 0 0 1 

-0.8019168376922607 -0.5936494469642639 0.06715294718742371 0.01913505047559738 
-0.592399001121521 0.7755531668663025 -0.2181297987699509 0.09879365563392639 
0.07741197943687439 -0.2147033214569092 -0.9736065268516541 0.3003330528736115 
0 0 0 1 

-0.8428011536598206 -0.5376607179641724 0.02463308349251747 0.03401131555438042 
-0.5342066287994385 0.8300510048866272 -0.1601204425096512 0.07970083504915237 
0.06564375758171082 -0.1481088846921921 -0.9867897629737854 0.3052158355712891 
0 0 0 1 

-0.8815708160400391 -0.4709440469741821 -0.0323185957968235 0.05227372795343399 
-0.4674830734729767 0.8804925084114075 -0.07869266718626022 0.05415785685181618 
0.06551612168550491 -0.05426476523280144 -0.9963749051094055 0.3084211647510529 
0 0 0 1 

-0.9192334413528442 -0.3918953239917755 -0.03780299797654152 0.05479031056165695 
-0.3894244134426117 0.9191515445709229 -0.05923575535416603 0.04843016341328621 
0.0579608716070652 -0.03973004221916199 -0.9975283145904541 0.3082790076732635 
0 0 0 1 

