0.8427730202674866 -0.0813170000910759 -0.5320912599563599 0.126391738653183 
-0.4809141755104065 -0.5577682256698608 -0.6764730215072632 0.222002387046814 
-0.2417749613523483 0.8260034322738647 -0.5091785788536072 0.2138986885547638 
0 0 0 1 

0.874066174030304 -0.01690928265452385 -0.4855124950408936 0.1102612540125847 
-0.4313479065895081 -0.4867705702781677 -0.759600818157196 0.2496469169855118 
-0.2234888821840286 0.8733661770820618 -0.432763397693634 0.1879620999097824 
0 0 0 1 

0.8991658687591553 0.08817128092050552 -0.4286333322525024 0.09143476933240891 
-0.3642345368862152 -0.3921200633049011 -0.8447335362434387 0.2776075005531311 
-0.2425570338964462 0.9156786799430847 -0.3204659819602966 0.1514435708522797 
0 0 0 1 

0.9623541831970215 -0.1998108923435211 -0.1842553615570068 0.005864294711500406 
-0.2361856251955032 -0.2793001234531403 -0.9307026863098145 0.2994600832462311 
0.1345019936561584 0.9391840696334839 -0.3159781098365784 0.1268532574176788 
0 0 0 1 

0.9817591905593872 0.009692075662314892 -0.1898814588785172 0.01023317780345678 
-0.1844409555196762 -0.1939004957675934 -0.9635267853736877 0.3077154755592346 
-0.04615668952465057 0.9809731841087341 -0.1885759383440018 0.09346819669008255 
0 0 0 1 

0.9900021553039551 -0.001207340275868773 -0.1410470753908157 -0.006281625013798475 
-0.1406403928995132 -0.08480722457170486 -0.9864217638969421 0.3125912249088287 
-0.01077086478471756 0.9963966012001038 -0.08412913233041763 0.05558004975318909 
0 0 0 1 

0.9888190031051636 -0.07796546071767807 -0.1271157264709473 -0.0126658957451582 
-0.1293077766895294 -0.0237226840108633 -0.991320788860321 0.3123829066753387 
0.07427327334880829 0.9966738820075989 -0.03353896737098694 0.03349427133798599 
0 0 0 1 

0.9915387034416199 -0.09714161604642868 -0.08610763400793076 -0.02641525119543076 
-0.08059749007225037 0.05929460749030113 -0.9949814677238464 0.3098208606243134 
0.1017598286271095 0.993502676486969 0.05096353963017464 0.0005785002140328288 
0 0 0 1 

0.9772778749465942 -0.1979123651981354 -0.07588565349578857 -0.0294758528470993 
-0.0464504212141037 0.1493430137634277 -0.9876937866210938 0.303195983171463 
0.2068098038434982 0.9687762260437012 0.13675656914711 -0.03673833236098289 
0 0 0 1 

0.974359929561615 -0.2078076153993607 -0.08624767512083054 -0.02455106563866138 
-0.05207300558686256 0.164643406867981 -0.9849774241447449 0.2982003092765808 
0.2188859730958939 0.964214026927948 0.1496008336544037 -0.03531641140580177 
0 0 0 1 

