1.000000000000000000e+00 0.000000000000000000e+00 0.000000000000000000e+00 -1.792658120393753052e-02
0.000000000000000000e+00 1.000000000000000000e+00 0.000000000000000000e+00 2.243540808558464050e-02
0.000000000000000000e+00 0.000000000000000000e+00 1.000000000000000000e+00 -3.816788792610168457e-01
0.000000000000000000e+00 0.000000000000000000e+00 0.000000000000000000e+00 1.000000000000000000e+00
9.953814148902893066e-01 5.634792149066925049e-02 -7.772185653448104858e-02 1.478753145784139633e-02
-5.804044753313064575e-02 9.981200098991394043e-01 -1.969065330922603607e-02 2.683797106146812439e-02
7.646618783473968506e-02 2.411076426506042480e-02 9.967805147171020508e-01 -3.788025975227355957e-01
0.000000000000000000e+00 0.000000000000000000e+00 0.000000000000000000e+00 1.000000000000000000e+00
9.712045788764953613e-01 6.866359710693359375e-02 -2.281389385461807251e-01 7.571160793304443359e-02
-7.475596666336059570e-02 9.970363378524780273e-01 -1.816103234887123108e-02 2.670801244676113129e-02
2.262157648801803589e-01 3.469279408454895020e-02 9.734590649604797363e-01 -3.688849210739135742e-01
0.000000000000000000e+00 0.000000000000000000e+00 0.000000000000000000e+00 1.000000000000000000e+00
9.988288879394531250e-01 4.694082960486412048e-02 1.171858329325914383e-02 -1.976552605628967285e-02
-4.702140390872955322e-02 9.988714456558227539e-01 6.696566939353942871e-03 1.753015071153640747e-02
-1.139099616557359695e-02 -7.239800877869129181e-03 9.999088644981384277e-01 -3.677947223186492920e-01
0.000000000000000000e+00 0.000000000000000000e+00 0.000000000000000000e+00 1.000000000000000000e+00
9.954164028167724609e-01 5.628947913646697998e-02 -7.731442898511886597e-02 1.755120791494846344e-02
-5.335360765457153320e-02 9.977930784225463867e-01 3.952885046601295471e-02 8.152275346219539642e-03
7.936888188123703003e-02 -3.522258624434471130e-02 9.962227344512939453e-01 -3.665570020675659180e-01
0.000000000000000000e+00 0.000000000000000000e+00 0.000000000000000000e+00 1.000000000000000000e+00
7.174839824438095093e-02 8.932252228260040283e-02 -9.934150576591491699e-01 4.051965177059173584e-01
-3.672519326210021973e-02 9.955431818962097168e-01 8.686146140098571777e-02 -5.901631433516740799e-03
9.967463612556457520e-01 3.025119192898273468e-02 7.470905780792236328e-02 -2.649961598217487335e-02
0.000000000000000000e+00 0.000000000000000000e+00 0.000000000000000000e+00 1.000000000000000000e+00
5.311224609613418579e-02 1.023365184664726257e-01 -9.933311343193054199e-01 4.021833539009094238e-01
-2.469539456069469452e-02 9.945653676986694336e-01 1.011432409286499023e-01 -7.148385047912597656e-03
9.982831478118896484e-01 1.915876194834709167e-02 5.535089969635009766e-02 -1.239402778446674347e-02
0.000000000000000000e+00 0.000000000000000000e+00 0.000000000000000000e+00 1.000000000000000000e+00
4.217528179287910461e-02 1.022317707538604736e-01 -9.938660264015197754e-01 3.984290957450866699e-01
-2.192644774913787842e-02 9.946060776710510254e-01 1.013774499297142029e-01 -3.451276803389191628e-03
9.988693594932556152e-01 1.751635037362575531e-02 4.418941587209701538e-02 -3.679686924442648888e-04
0.000000000000000000e+00 0.000000000000000000e+00 0.000000000000000000e+00 1.000000000000000000e+00
5.302775278687477112e-02 9.646089375019073486e-02 -9.939231872558593750e-01 3.937119841575622559e-01
-3.242104128003120422e-02 9.949652552604675293e-01 9.483227878808975220e-02 1.368355937302112579e-03
9.980662465095520020e-01 2.719529345631599426e-02 5.588804557919502258e-02 4.603997804224491119e-03
0.000000000000000000e+00 0.000000000000000000e+00 0.000000000000000000e+00 1.000000000000000000e+00
6.287647038698196411e-02 1.025820598006248474e-01 -9.927350282669067383e-01 3.905033171176910400e-01
-5.348245799541473389e-02 9.936207532882690430e-01 9.928622841835021973e-02 1.417001942172646523e-03
9.965870380401611328e-01 4.685117676854133606e-02 6.796170771121978760e-02 9.005296975374221802e-03
0.000000000000000000e+00 0.000000000000000000e+00 0.000000000000000000e+00 1.000000000000000000e+00
8.442541956901550293e-02 8.756764978170394897e-02 -9.925743937492370605e-01 3.869874775409698486e-01
-7.721670717000961304e-02 9.937101602554321289e-01 8.110000938177108765e-02 1.066522672772407532e-02
9.934335947036743164e-01 6.979649513959884644e-02 9.065616875886917114e-02 1.023179106414318085e-02
0.000000000000000000e+00 0.000000000000000000e+00 0.000000000000000000e+00 1.000000000000000000e+00
7.706316560506820679e-02 8.068834245204925537e-02 -9.937559366226196289e-01 3.848796784877777100e-01
-1.034529805183410645e-01 9.919871091842651367e-01 7.252223044633865356e-02 1.711955480277538300e-02
9.916443824768066406e-01 9.721821546554565430e-02 8.479309827089309692e-02 2.109848707914352417e-02
0.000000000000000000e+00 0.000000000000000000e+00 0.000000000000000000e+00 1.000000000000000000e+00
8.973628282546997070e-02 9.215493500232696533e-02 -9.916927218437194824e-01 3.850135505199432373e-01
-1.058552563190460205e-01 9.909527301788330078e-01 8.250754326581954956e-02 1.723589934408664703e-02
9.903241395950317383e-01 9.757194668054580688e-02 9.867949038743972778e-02 2.150267176330089569e-02
0.000000000000000000e+00 0.000000000000000000e+00 0.000000000000000000e+00 1.000000000000000000e+00
9.833946079015731812e-02 1.016824916005134583e-01 -9.899445176124572754e-01 3.860558867454528809e-01
-1.361183077096939087e-01 9.867911338806152344e-01 8.783685415983200073e-02 1.836185716092586517e-02
9.857997894287109375e-01 1.261117756366729736e-01 1.108812913298606873e-01 2.338593453168869019e-02
0.000000000000000000e+00 0.000000000000000000e+00 0.000000000000000000e+00 1.000000000000000000e+00
1.144639179110527039e-01 1.064496859908103943e-01 -9.877078533172607422e-01 3.871584832668304443e-01
-1.501158624887466431e-01 9.846787452697753906e-01 8.872652053833007812e-02 2.078871987760066986e-02
9.820198416709899902e-01 1.381146460771560669e-01 1.286900192499160767e-01 2.284852601587772369e-02
0.000000000000000000e+00 0.000000000000000000e+00 0.000000000000000000e+00 1.000000000000000000e+00
1.198091655969619751e-01 1.141538098454475403e-01 -9.862121343612670898e-01 3.887208402156829834e-01
-1.740328073501586914e-01 9.804008007049560547e-01 9.233885258436203003e-02 2.194786444306373596e-02
9.774242043495178223e-01 1.605702340602874756e-01 1.373275816440582275e-01 2.810498513281345367e-02
0.000000000000000000e+00 0.000000000000000000e+00 0.000000000000000000e+00 1.000000000000000000e+00
1.528592109680175781e-01 1.209913417696952820e-01 -9.808139204978942871e-01 3.904918134212493896e-01
-1.882194280624389648e-01 9.778748750686645508e-01 9.129493683576583862e-02 2.515919506549835205e-02
9.701585769653320312e-01 1.706529706716537476e-01 1.722501963376998901e-01 2.379592508077621460e-02
0.000000000000000000e+00 0.000000000000000000e+00 0.000000000000000000e+00 1.000000000000000000e+00
1.887773722410202026e-01 1.217755377292633057e-01 -9.744403362274169922e-01 3.914615213871002197e-01
-2.159195393323898315e-01 9.731456637382507324e-01 7.978393882513046265e-02 3.064418211579322815e-02
9.579885005950927734e-01 1.953392177820205688e-01 2.100015431642532349e-01 1.873384229838848114e-02
0.000000000000000000e+00 0.000000000000000000e+00 0.000000000000000000e+00 1.000000000000000000e+00
2.548928856849670410e-01 1.478393673896789551e-01 -9.556007385253906250e-01 3.965740501880645752e-01
-2.298970371484756470e-01 9.691718220710754395e-01 8.861713111400604248e-02 2.753011696040630341e-02
9.392429590225219727e-01 1.971020251512527466e-01 2.810230553150177002e-01 7.733939215540885925e-03
0.000000000000000000e+00 0.000000000000000000e+00 0.000000000000000000e+00 1.000000000000000000e+00
3.057232797145843506e-01 2.035179734230041504e-01 -9.301148056983947754e-01 4.126912951469421387e-01
-2.378997951745986938e-01 9.622302055358886719e-01 1.323488950729370117e-01 1.171896886080503464e-02
9.219201207160949707e-01 1.808120459318161011e-01 3.425930142402648926e-01 2.815349958837032318e-03
0.000000000000000000e+00 0.000000000000000000e+00 0.000000000000000000e+00 1.000000000000000000e+00
3.331032395362854004e-01 2.241995781660079956e-01 -9.158472418785095215e-01 4.192012548446655273e-01
-2.735831737518310547e-01 9.525145888328552246e-01 1.336707174777984619e-01 1.207618135958909988e-02
9.023268818855285645e-01 2.060343325138092041e-01 3.786230981349945068e-01 -1.079714298248291016e-02
0.000000000000000000e+00 0.000000000000000000e+00 0.000000000000000000e+00 1.000000000000000000e+00
3.092163503170013428e-01 2.387050837278366089e-01 -9.205457568168640137e-01 4.104364514350891113e-01
-2.017405629158020020e-01 9.624190330505371094e-01 1.817973554134368896e-01 -8.243896067142486572e-03
9.293469786643981934e-01 1.294968277215957642e-01 3.457522392272949219e-01 -7.030962035059928894e-03
0.000000000000000000e+00 0.000000000000000000e+00 0.000000000000000000e+00 1.000000000000000000e+00
3.052626848220825195e-01 2.408843189477920532e-01 -9.212977290153503418e-01 4.048109054565429688e-01
-1.693720668554306030e-01 9.657852053642272949e-01 1.963963806629180908e-01 -1.590080931782722473e-02
9.370847940444946289e-01 9.608960151672363281e-02 3.356173634529113770e-01 -6.856782361865043640e-03
0.000000000000000000e+00 0.000000000000000000e+00 0.000000000000000000e+00 1.000000000000000000e+00
2.663572430610656738e-01 2.653175890445709229e-01 -9.266397356986999512e-01 3.826076686382293701e-01
-6.112368404865264893e-02 9.640839695930480957e-01 2.584691345691680908e-01 -4.628666490316390991e-02
9.619342088699340820e-01 -1.220540329813957214e-02 2.730077207088470459e-01 4.417415242642164230e-03
0.000000000000000000e+00 0.000000000000000000e+00 0.000000000000000000e+00 1.000000000000000000e+00
2.557102143764495850e-01 3.123174011707305908e-01 -9.149153232574462891e-01 3.607792556285858154e-01
-3.254521638154983521e-02 9.486238956451416016e-01 3.147280216217041016e-01 -7.744690775871276855e-02
9.662057161331176758e-01 -5.070305988192558289e-02 2.527373433113098145e-01 6.544869858771562576e-03
0.000000000000000000e+00 0.000000000000000000e+00 0.000000000000000000e+00 1.000000000000000000e+00
2.660202383995056152e-01 3.712040185928344727e-01 -8.896293640136718750e-01 3.418720364570617676e-01
8.813837543129920959e-03 9.219081401824951172e-01 3.873080015182495117e-01 -1.056798696517944336e-01
9.639272689819335938e-01 -1.108728647232055664e-01 2.419747412204742432e-01 7.567946799099445343e-03
0.000000000000000000e+00 0.000000000000000000e+00 0.000000000000000000e+00 1.000000000000000000e+00
2.925779223442077637e-01 3.998022973537445068e-01 -8.686519861221313477e-01 3.271951973438262939e-01
5.801813676953315735e-02 8.993067741394042969e-01 4.334529042243957520e-01 -1.231279671192169189e-01
9.544800519943237305e-01 -1.772163063287734985e-01 2.399214059114456177e-01 4.574431106448173523e-03
0.000000000000000000e+00 0.000000000000000000e+00 0.000000000000000000e+00 1.000000000000000000e+00
3.328113555908203125e-01 4.517555832862854004e-01 -8.277397155761718750e-01 3.048927783966064453e-01
1.283842623233795166e-01 8.478991389274597168e-01 5.143775939941406250e-01 -1.532064527273178101e-01
9.342132210731506348e-01 -2.774594128131866455e-01 2.241921573877334595e-01 4.394374787807464600e-03
0.000000000000000000e+00 0.000000000000000000e+00 0.000000000000000000e+00 1.000000000000000000e+00
3.436554670333862305e-01 4.969979524612426758e-01 -7.968022227287292480e-01 2.895983159542083740e-01
1.454811245203018188e-01 8.100600838661193848e-01 5.680124163627624512e-01 -1.732666641473770142e-01
9.277588725090026855e-01 -3.111203014850616455e-01 2.060778141021728516e-01 7.349758408963680267e-03
0.000000000000000000e+00 0.000000000000000000e+00 0.000000000000000000e+00 1.000000000000000000e+00
3.579582870006561279e-01 5.460507869720458984e-01 -7.574260830879211426e-01 2.709877192974090576e-01
1.707921475172042847e-01 7.592018842697143555e-01 6.280470490455627441e-01 -1.931295990943908691e-01
9.179846048355102539e-01 -3.541769981384277344e-01 1.785014718770980835e-01 1.282045245170593262e-02
0.000000000000000000e+00 0.000000000000000000e+00 0.000000000000000000e+00 1.000000000000000000e+00
3.755917251110076904e-01 5.667579174041748047e-01 -7.332912087440490723e-01 2.572626769542694092e-01
1.652710437774658203e-01 7.375788092613220215e-01 6.547232270240783691e-01 -2.022477686405181885e-01
9.119297862052917480e-01 -3.671003878116607666e-01 1.833598911762237549e-01 8.294972591102123260e-03
0.000000000000000000e+00 0.000000000000000000e+00 0.000000000000000000e+00 1.000000000000000000e+00
3.631618022918701172e-01 5.915127992630004883e-01 -7.198795080184936523e-01 2.461193203926086426e-01
1.831100136041641235e-01 7.122513651847839355e-01 6.776194572448730469e-01 -2.088475823402404785e-01
9.135559201240539551e-01 -3.779025077819824219e-01 1.503507792949676514e-01 1.573191210627555847e-02
0.000000000000000000e+00 0.000000000000000000e+00 0.000000000000000000e+00 1.000000000000000000e+00
3.444175422191619873e-01 6.366267204284667969e-01 -6.899873614311218262e-01 2.304018586874008179e-01
1.801182031631469727e-01 6.764920353889465332e-01 7.140839695930480957e-01 -2.196297347545623779e-01
9.213760495185852051e-01 -3.702223300933837891e-01 1.183277145028114319e-01 2.118447050452232361e-02
0.000000000000000000e+00 0.000000000000000000e+00 0.000000000000000000e+00 1.000000000000000000e+00
2.950866222381591797e-01 7.028927803039550781e-01 -6.471983194351196289e-01 2.074927091598510742e-01
1.433698832988739014e-01 6.371186375617980957e-01 7.573139667510986328e-01 -2.302918434143066406e-01
9.446526765823364258e-01 -3.162620067596435547e-01 8.723154664039611816e-02 2.089630812406539917e-02
0.000000000000000000e+00 0.000000000000000000e+00 0.000000000000000000e+00 1.000000000000000000e+00
1.926995217800140381e-01 7.555614709854125977e-01 -6.260939836502075195e-01 1.968459486961364746e-01
1.372790634632110596e-01 6.110196113586425781e-01 7.796214222908020020e-01 -2.348097711801528931e-01
9.716079235076904297e-01 -2.361823469400405884e-01 1.402037218213081360e-02 3.691603243350982666e-02
0.000000000000000000e+00 0.000000000000000000e+00 0.000000000000000000e+00 1.000000000000000000e+00
2.501130402088165283e-01 7.874950170516967773e-01 -5.632889866828918457e-01 1.752454191446304321e-01
1.320532858371734619e-01 5.485983490943908691e-01 8.255915045738220215e-01 -2.445225268602371216e-01
9.591691493988037109e-01 -2.808754146099090576e-01 3.322039172053337097e-02 2.028000913560390472e-02
0.000000000000000000e+00 0.000000000000000000e+00 0.000000000000000000e+00 1.000000000000000000e+00
4.060507416725158691e-01 7.597997784614562988e-01 -5.077663064002990723e-01 1.558910459280014038e-01
1.146402806043624878e-01 5.088935494422912598e-01 8.531617522239685059e-01 -2.480690032243728638e-01
9.066312313079833984e-01 -4.046374261379241943e-01 1.195328235626220703e-01 -1.218498125672340393e-02
0.000000000000000000e+00 0.000000000000000000e+00 0.000000000000000000e+00 1.000000000000000000e+00
5.503134131431579590e-01 7.232974767684936523e-01 -4.171279966831207275e-01 1.246581748127937317e-01
3.801798447966575623e-02 4.773550331592559814e-01 8.778877258300781250e-01 -2.474001049995422363e-01
8.340921401977539062e-01 -4.989714622497558594e-01 2.351963818073272705e-01 -4.948593303561210632e-02
0.000000000000000000e+00 0.000000000000000000e+00 0.000000000000000000e+00 1.000000000000000000e+00
6.426723003387451172e-01 6.918544769287109375e-01 -3.291042447090148926e-01 1.026752218604087830e-01
-2.506492659449577332e-02 4.483176469802856445e-01 8.935230970382690430e-01 -2.437340468168258667e-01
7.657311558723449707e-01 -5.659933090209960938e-01 3.054627180099487305e-01 -6.911955773830413818e-02
0.000000000000000000e+00 0.000000000000000000e+00 0.000000000000000000e+00 1.000000000000000000e+00
6.441738009452819824e-01 7.344025373458862305e-01 -2.137595713138580322e-01 7.725048810243606567e-02
-1.041778624057769775e-01 3.611058294773101807e-01 9.266877770423889160e-01 -2.550732493400573730e-01
7.577514052391052246e-01 -5.746788382530212402e-01 3.091235458850860596e-01 -6.613054871559143066e-02
0.000000000000000000e+00 0.000000000000000000e+00 0.000000000000000000e+00 1.000000000000000000e+00
6.270641088485717773e-01 7.739223837852478027e-01 -8.851169049739837646e-02 4.329552501440048218e-02
-1.777551174163818359e-01 2.527941167354583740e-01 9.510509967803955078e-01 -2.710520923137664795e-01
7.584149837493896484e-01 -5.806369781494140625e-01 2.960867583751678467e-01 -5.841007828712463379e-02
0.000000000000000000e+00 0.000000000000000000e+00 0.000000000000000000e+00 1.000000000000000000e+00
6.455858349800109863e-01 7.631661891937255859e-01 2.822876907885074615e-02 6.936512421816587448e-03
-2.068183869123458862e-01 1.391325592994689941e-01 9.684354662895202637e-01 -2.847412228584289551e-01
7.351499199867248535e-01 -6.310463547706604004e-01 2.476587146520614624e-01 -4.381116852164268494e-02
0.000000000000000000e+00 0.000000000000000000e+00 0.000000000000000000e+00 1.000000000000000000e+00
6.594357490539550781e-01 7.392364144325256348e-01 1.366537511348724365e-01 -3.369092196226119995e-02
-2.343140691518783569e-01 2.939021028578281403e-02 9.717167615890502930e-01 -2.919434905052185059e-01
7.143118977546691895e-01 -6.728044748306274414e-01 1.925944536924362183e-01 -2.900581248104572296e-02
0.000000000000000000e+00 0.000000000000000000e+00 0.000000000000000000e+00 1.000000000000000000e+00
6.642409563064575195e-01 7.071850895881652832e-01 2.422252446413040161e-01 -7.433842122554779053e-02
-2.520446479320526123e-01 -9.318298101425170898e-02 9.632188081741333008e-01 -2.964790761470794678e-01
7.037451863288879395e-01 -7.008609771728515625e-01 1.163462400436401367e-01 -7.083908654749393463e-03
0.000000000000000000e+00 0.000000000000000000e+00 0.000000000000000000e+00 1.000000000000000000e+00
6.356894969940185547e-01 7.633165717124938965e-01 1.150930970907211304e-01 -2.540974691510200500e-02
-3.070768117904663086e-01 1.132578253746032715e-01 9.449214339256286621e-01 -2.732073366641998291e-01
7.082391977310180664e-01 -6.360189318656921387e-01 3.063936233520507812e-01 -7.606622576713562012e-02
0.000000000000000000e+00 0.000000000000000000e+00 0.000000000000000000e+00 1.000000000000000000e+00
6.242095232009887695e-01 7.801865339279174805e-01 4.087853804230690002e-02 2.589288633316755295e-04
-3.809627592563629150e-01 2.582835555076599121e-01 8.877819776535034180e-01 -2.457097619771957397e-01
6.820773482322692871e-01 -5.697353482246398926e-01 4.584453105926513672e-01 -1.192625164985656738e-01
0.000000000000000000e+00 0.000000000000000000e+00 0.000000000000000000e+00 1.000000000000000000e+00
6.190587282180786133e-01 7.836148142814636230e-01 -5.209611356258392334e-02 2.983628958463668823e-02
-4.505856931209564209e-01 4.087291359901428223e-01 7.936704754829406738e-01 -2.045444101095199585e-01
6.432252526283264160e-01 -4.678547978401184082e-01 6.061130762100219727e-01 -1.572290360927581787e-01
0.000000000000000000e+00 0.000000000000000000e+00 0.000000000000000000e+00 1.000000000000000000e+00
6.228383183479309082e-01 7.741789817810058594e-01 -1.127797216176986694e-01 4.778467863798141479e-02
-5.174137353897094727e-01 5.157430768013000488e-01 6.828557252883911133e-01 -1.624671965837478638e-01
5.868179798126220703e-01 -3.669548928737640381e-01 7.217954993247985840e-01 -1.828534454107284546e-01
0.000000000000000000e+00 0.000000000000000000e+00 0.000000000000000000e+00 1.000000000000000000e+00
6.208878755569458008e-01 7.693782448768615723e-01 -1.501840054988861084e-01 5.759945139288902283e-02
-5.718235373497009277e-01 5.755725502967834473e-01 5.845801234245300293e-01 -1.292676031589508057e-01
5.362051129341125488e-01 -2.770799100399017334e-01 7.973147034645080566e-01 -1.983413696289062500e-01
0.000000000000000000e+00 0.000000000000000000e+00 0.000000000000000000e+00 1.000000000000000000e+00
6.078548431396484375e-01 7.817377448081970215e-01 -1.392782628536224365e-01 5.097442865371704102e-02
-6.615560650825500488e-01 5.955867767333984375e-01 4.556532204151153564e-01 -9.395971894264221191e-02
4.391536712646484375e-01 -1.848306208848953247e-01 8.791937828063964844e-01 -2.150460630655288696e-01
0.000000000000000000e+00 0.000000000000000000e+00 0.000000000000000000e+00 1.000000000000000000e+00
5.904175043106079102e-01 7.885616421699523926e-01 -1.719817817211151123e-01 5.525869876146316528e-02
-7.116532325744628906e-01 6.091595292091369629e-01 3.499630987644195557e-01 -6.345307826995849609e-02
3.807318210601806641e-01 -8.423287421464920044e-02 9.208409786224365234e-01 -2.215716391801834106e-01
0.000000000000000000e+00 0.000000000000000000e+00 0.000000000000000000e+00 1.000000000000000000e+00
5.828353166580200195e-01 7.815313935279846191e-01 -2.225115746259689331e-01 6.430531293153762817e-02
-7.505125999450683594e-01 6.227059364318847656e-01 2.212869226932525635e-01 -2.631973102688789368e-02
3.115019798278808594e-01 3.802393004298210144e-02 9.494844079017639160e-01 -2.240034341812133789e-01
0.000000000000000000e+00 0.000000000000000000e+00 0.000000000000000000e+00 1.000000000000000000e+00
5.708195567131042480e-01 7.890846729278564453e-01 -2.269589453935623169e-01 6.383398920297622681e-02
-7.804821729660034180e-01 6.072959899902343750e-01 1.484557986259460449e-01 -6.433540955185890198e-03
2.549754977226257324e-01 9.239596873521804810e-02 9.625228643417358398e-01 -2.251910567283630371e-01
0.000000000000000000e+00 0.000000000000000000e+00 0.000000000000000000e+00 1.000000000000000000e+00
5.443942546844482422e-01 8.052486181259155273e-01 -2.349673360586166382e-01 6.302270293235778809e-02
-8.256075382232666016e-01 5.639013648033142090e-01 1.968280598521232605e-02 2.778000757098197937e-02
1.483478397130966187e-01 1.832756847143173218e-01 9.718039631843566895e-01 -2.252405881881713867e-01
0.000000000000000000e+00 0.000000000000000000e+00 0.000000000000000000e+00 1.000000000000000000e+00
5.287561416625976562e-01 8.105016350746154785e-01 -2.519997954368591309e-01 6.442104279994964600e-02
-8.481825590133666992e-01 5.156425237655639648e-01 -1.212406978011131287e-01 6.467206031084060669e-02
3.167599439620971680e-02 2.778485715389251709e-01 9.601024985313415527e-01 -2.201270610094070435e-01
0.000000000000000000e+00 0.000000000000000000e+00 0.000000000000000000e+00 1.000000000000000000e+00
5.360711812973022461e-01 7.996205687522888184e-01 -2.706185877323150635e-01 6.615145504474639893e-02
-8.415905237197875977e-01 4.811712205410003662e-01 -2.453560233116149902e-01 9.637799859046936035e-02
-6.597792357206344604e-02 3.592781722545623779e-01 9.308951497077941895e-01 -2.088604271411895752e-01
0.000000000000000000e+00 0.000000000000000000e+00 0.000000000000000000e+00 1.000000000000000000e+00
4.965372681617736816e-01 8.219587206840515137e-01 -2.789883911609649658e-01 6.739071011543273926e-02
-8.444170951843261719e-01 3.829733729362487793e-01 -3.745542764663696289e-01 1.294650286436080933e-01
-2.010231316089630127e-01 4.215627014636993408e-01 8.842366933822631836e-01 -1.906403303146362305e-01
0.000000000000000000e+00 0.000000000000000000e+00 0.000000000000000000e+00 1.000000000000000000e+00
4.740443527698516846e-01 8.296905755996704102e-01 -2.947807908058166504e-01 7.182940840721130371e-02
-8.260117769241333008e-01 3.031014502048492432e-01 -4.752200245857238770e-01 1.552459895610809326e-01
-3.049370944499969482e-01 4.687676429748535156e-01 8.290176987648010254e-01 -1.722034811973571777e-01
0.000000000000000000e+00 0.000000000000000000e+00 0.000000000000000000e+00 1.000000000000000000e+00
4.492454528808593750e-01 8.420755267143249512e-01 -2.984740436077117920e-01 7.629723846912384033e-02
-8.051252961158752441e-01 2.367869019508361816e-01 -5.437875390052795410e-01 1.723555177450180054e-01
-3.872356116771697998e-01 4.846032261848449707e-01 7.843521833419799805e-01 -1.569242328405380249e-01
0.000000000000000000e+00 0.000000000000000000e+00 0.000000000000000000e+00 1.000000000000000000e+00
4.029345214366912842e-01 8.716546297073364258e-01 -2.790369391441345215e-01 7.789080590009689331e-02
-7.843363881111145020e-01 1.717492789030075073e-01 -5.960862040519714355e-01 1.833390891551971436e-01
-4.716570675373077393e-01 4.590426683425903320e-01 7.528743743896484375e-01 -1.425724625587463379e-01
0.000000000000000000e+00 0.000000000000000000e+00 0.000000000000000000e+00 1.000000000000000000e+00
3.596529662609100342e-01 8.924750685691833496e-01 -2.722821235656738281e-01 8.399290591478347778e-02
-7.770192623138427734e-01 1.248996779322624207e-01 -6.169610023498535156e-01 1.853293180465698242e-01
-5.166143774986267090e-01 4.334604144096374512e-01 7.383911013603210449e-01 -1.325608491897583008e-01
0.000000000000000000e+00 0.000000000000000000e+00 0.000000000000000000e+00 1.000000000000000000e+00
2.613846957683563232e-01 9.372668266296386719e-01 -2.306706011295318604e-01 8.328381180763244629e-02
-7.706948518753051758e-01 5.877752974629402161e-02 -6.344877481460571289e-01 1.839816570281982422e-01
-5.811258554458618164e-01 3.436220884323120117e-01 7.377102375030517578e-01 -1.267863363027572632e-01
0.000000000000000000e+00 0.000000000000000000e+00 0.000000000000000000e+00 1.000000000000000000e+00
7.422404736280441284e-02 9.802916049957275391e-01 -1.830832958221435547e-01 8.322580158710479736e-02
-7.826066017150878906e-01 -5.652733892202377319e-02 -6.199450492858886719e-01 1.676615923643112183e-01
-6.180758476257324219e-01 1.892969608306884766e-01 7.629869580268859863e-01 -1.312691271305084229e-01
0.000000000000000000e+00 0.000000000000000000e+00 0.000000000000000000e+00 1.000000000000000000e+00
-1.016111895442008972e-01 9.820027351379394531e-01 -1.592037528753280640e-01 7.966271787881851196e-02
-7.859040498733520508e-01 -1.773558557033538818e-01 -5.923680067062377930e-01 1.514890789985656738e-01
-6.099426746368408203e-01 6.492765992879867554e-02 7.897813320159912109e-01 -1.388303339481353760e-01
0.000000000000000000e+00 0.000000000000000000e+00 0.000000000000000000e+00 1.000000000000000000e+00
-2.219307571649551392e-01 9.585724472999572754e-01 -1.785633414983749390e-01 8.302254229784011841e-02
-7.481526732444763184e-01 -2.848468720912933350e-01 -5.992744565010070801e-01 1.554953008890151978e-01
-6.253114342689514160e-01 5.951410857960581779e-04 7.803750634193420410e-01 -1.345046311616897583e-01
0.000000000000000000e+00 0.000000000000000000e+00 0.000000000000000000e+00 1.000000000000000000e+00
-2.676838338375091553e-01 9.527364969253540039e-01 -1.436598896980285645e-01 8.152850717306137085e-02
-7.059195041656494141e-01 -2.954060435295104980e-01 -6.437490582466125488e-01 1.700910925865173340e-01
-6.557614207267761230e-01 -7.090891152620315552e-02 7.516309022903442383e-01 -1.247710362076759338e-01
0.000000000000000000e+00 0.000000000000000000e+00 0.000000000000000000e+00 1.000000000000000000e+00
-3.645727038383483887e-01 9.243464469909667969e-01 -1.125625595450401306e-01 8.608562499284744263e-02
-6.922965049743652344e-01 -3.499026596546173096e-01 -6.311051249504089355e-01 1.642710566520690918e-01
-6.227457523345947266e-01 -1.521571129560470581e-01 7.674868702888488770e-01 -1.214473247528076172e-01
0.000000000000000000e+00 0.000000000000000000e+00 0.000000000000000000e+00 1.000000000000000000e+00
2.061359286308288574e-01 9.327381253242492676e-01 -2.958171069622039795e-01 8.051155507564544678e-02
-7.321909070014953613e-01 -5.352717638015747070e-02 -6.789928078651428223e-01 1.835735142230987549e-01
-6.491568088531494141e-01 3.565594255924224854e-01 6.719085574150085449e-01 -1.025004312396049500e-01
0.000000000000000000e+00 0.000000000000000000e+00 0.000000000000000000e+00 1.000000000000000000e+00
5.258881449699401855e-01 7.923504710197448730e-01 -3.092279136180877686e-01 6.679666042327880859e-02
-7.663069367408752441e-01 2.836207151412963867e-01 -5.764832496643066406e-01 1.743706613779067993e-01
-3.690734803676605225e-01 5.401290655136108398e-01 7.563365697860717773e-01 -1.592445820569992065e-01
0.000000000000000000e+00 0.000000000000000000e+00 0.000000000000000000e+00 1.000000000000000000e+00
5.902489423751831055e-01 7.391546368598937988e-01 -3.244329988956451416e-01 6.846040487289428711e-02
-7.718139290809631348e-01 3.990414440631866455e-01 -4.950449168682098389e-01 1.561027616262435913e-01
-2.364524453878402710e-01 5.426012873649597168e-01 8.060233592987060547e-01 -1.875632554292678833e-01
0.000000000000000000e+00 0.000000000000000000e+00 0.000000000000000000e+00 1.000000000000000000e+00
5.976675748825073242e-01 7.488685846328735352e-01 -2.863373756408691406e-01 5.796591192483901978e-02
-7.722207307815551758e-01 4.416685700416564941e-01 -4.567319750785827637e-01 1.474053859710693359e-01
-2.155660092830657959e-01 4.940894544124603271e-01 8.422627449035644531e-01 -2.033282369375228882e-01
0.000000000000000000e+00 0.000000000000000000e+00 0.000000000000000000e+00 1.000000000000000000e+00
6.234299540519714355e-01 7.485936880111694336e-01 -2.257045656442642212e-01 3.978958353400230408e-02
-7.617669701576232910e-01 5.164835453033447266e-01 -3.910951316356658936e-01 1.297554373741149902e-01
-1.761986911296844482e-01 4.157547950744628906e-01 8.922455310821533203e-01 -2.233725339174270630e-01
0.000000000000000000e+00 0.000000000000000000e+00 0.000000000000000000e+00 1.000000000000000000e+00
6.383253335952758789e-01 7.557322978973388672e-01 -1.463200896978378296e-01 1.659432239830493927e-02
-7.444713115692138672e-01 5.577650070190429688e-01 -3.669612407684326172e-01 1.238641291856765747e-01
-1.957122981548309326e-01 3.431716263294219971e-01 9.186564683914184570e-01 -2.347040474414825439e-01
0.000000000000000000e+00 0.000000000000000000e+00 0.000000000000000000e+00 1.000000000000000000e+00
6.493643522262573242e-01 7.570254802703857422e-01 -7.237345725297927856e-02 -6.010418292135000229e-03
-7.319926023483276367e-01 5.964018106460571289e-01 -3.293805718421936035e-01 1.134522855281829834e-01
-2.061859816312789917e-01 2.668648064136505127e-01 9.414193630218505859e-01 -2.450466752052307129e-01
0.000000000000000000e+00 0.000000000000000000e+00 0.000000000000000000e+00 1.000000000000000000e+00
6.686627864837646484e-01 7.433656454086303711e-01 -1.724454388022422791e-02 -2.473089098930358887e-02
-7.183147668838500977e-01 6.397893428802490234e-01 -2.733002007007598877e-01 9.690927714109420776e-02
-1.921291947364807129e-01 1.951326280832290649e-01 9.617742300033569336e-01 -2.548276185989379883e-01
0.000000000000000000e+00 0.000000000000000000e+00 0.000000000000000000e+00 1.000000000000000000e+00
7.073670029640197754e-01 7.048592567443847656e-01 5.296135693788528442e-02 -5.117709934711456299e-02
-6.834077835083007812e-01 7.011235356330871582e-01 -2.034190744161605835e-01 7.613420486450195312e-02
-1.805143803358078003e-01 1.076977103948593140e-01 9.776582717895507812e-01 -2.638514041900634766e-01
0.000000000000000000e+00 0.000000000000000000e+00 0.000000000000000000e+00 1.000000000000000000e+00
7.447258234024047852e-01 6.606915593147277832e-01 9.418035298585891724e-02 -6.755243986845016479e-02
-6.457145810127258301e-01 7.490069270133972168e-01 -1.484618932008743286e-01 5.824778974056243896e-02
-1.686293184757232666e-01 4.974971711635589600e-02 9.844232797622680664e-01 -2.687171399593353271e-01
0.000000000000000000e+00 0.000000000000000000e+00 0.000000000000000000e+00 1.000000000000000000e+00
7.714402675628662109e-01 6.161858439445495605e-01 1.587277352809906006e-01 -9.177863597869873047e-02
-6.148923039436340332e-01 7.860807180404663086e-01 -6.312066316604614258e-02 3.023776784539222717e-02
-1.636669337749481201e-01 -4.890676215291023254e-02 9.853026270866394043e-01 -2.717024385929107666e-01
0.000000000000000000e+00 0.000000000000000000e+00 0.000000000000000000e+00 1.000000000000000000e+00
7.941313385963439941e-01 5.718204379081726074e-01 2.058559358119964600e-01 -1.105232909321784973e-01
-5.868926644325256348e-01 8.095182776451110840e-01 1.540244929492473602e-02 4.032253753393888474e-03
-1.578366905450820923e-01 -1.330469250679016113e-01 9.784609675407409668e-01 -2.728541791439056396e-01
0.000000000000000000e+00 0.000000000000000000e+00 0.000000000000000000e+00 1.000000000000000000e+00
8.267723321914672852e-01 5.124762654304504395e-01 2.319812327623367310e-01 -1.231450363993644714e-01
-5.448846817016601562e-01 8.320582509040832520e-01 1.038252264261245728e-01 -2.694314718246459961e-02
-1.398138701915740967e-01 -2.122429162263870239e-01 9.671634435653686523e-01 -2.723727822303771973e-01
0.000000000000000000e+00 0.000000000000000000e+00 0.000000000000000000e+00 1.000000000000000000e+00
8.432562947273254395e-01 4.916070699691772461e-01 2.173506021499633789e-01 -1.229719445109367371e-01
-5.316521525382995605e-01 8.223769068717956543e-01 2.025884091854095459e-01 -6.042051687836647034e-02
-7.915013283491134644e-02 -2.863889038562774658e-01 9.548385739326477051e-01 -2.724998593330383301e-01
0.000000000000000000e+00 0.000000000000000000e+00 0.000000000000000000e+00 1.000000000000000000e+00
8.540557622909545898e-01 4.875953197479248047e-01 1.812158674001693726e-01 -1.152768060564994812e-01
-5.201151967048645020e-01 8.059983253479003906e-01 2.825713455677032471e-01 -8.949258178472518921e-02
-8.279068395495414734e-03 -3.355849087238311768e-01 9.419735670089721680e-01 -2.729015648365020752e-01
0.000000000000000000e+00 0.000000000000000000e+00 0.000000000000000000e+00 1.000000000000000000e+00
8.628172278404235840e-01 4.877160489559173584e-01 1.329636275768280029e-01 -1.035716831684112549e-01
-4.999297559261322021e-01 7.842440605163574219e-01 3.674660325050354004e-01 -1.198925301432609558e-01
7.494322210550308228e-02 -3.835285604000091553e-01 9.204831719398498535e-01 -2.715067565441131592e-01
0.000000000000000000e+00 0.000000000000000000e+00 0.000000000000000000e+00 1.000000000000000000e+00
8.791630864143371582e-01 4.686953723430633545e-01 8.600448071956634521e-02 -9.252232313156127930e-02
-4.542812108993530273e-01 7.698739171028137207e-01 4.482436180114746094e-01 -1.507854312658309937e-01
1.438772529363632202e-01 -4.331493973731994629e-01 8.897644281387329102e-01 -2.677997946739196777e-01
0.000000000000000000e+00 0.000000000000000000e+00 0.000000000000000000e+00 1.000000000000000000e+00
8.981047272682189941e-01 4.385357797145843506e-01 3.307536244392395020e-02 -7.853803783655166626e-02
-3.841170072555541992e-01 7.455844879150390625e-01 5.445709228515625000e-01 -1.879984438419342041e-01
2.141535580158233643e-01 -5.017866492271423340e-01 8.380621671676635742e-01 -2.624867558479309082e-01
0.000000000000000000e+00 0.000000000000000000e+00 0.000000000000000000e+00 1.000000000000000000e+00
9.317505955696105957e-01 3.629479408264160156e-01 1.046039443463087082e-02 -7.222241163253784180e-02
-2.922374904155731201e-01 7.325045466423034668e-01 6.148447990417480469e-01 -2.146568149328231812e-01
2.154944688081741333e-01 -5.759388804435729980e-01 7.885785698890686035e-01 -2.565610408782958984e-01
0.000000000000000000e+00 0.000000000000000000e+00 0.000000000000000000e+00 1.000000000000000000e+00
9.512552618980407715e-01 3.037150204181671143e-01 -5.357776209712028503e-02 -5.237933993339538574e-02
-1.895665377378463745e-01 7.128480076789855957e-01 6.752125620841979980e-01 -2.389563322067260742e-01
2.432651072740554810e-01 -6.321429014205932617e-01 7.356746196746826172e-01 -2.495926469564437866e-01
0.000000000000000000e+00 0.000000000000000000e+00 0.000000000000000000e+00 1.000000000000000000e+00
9.338074922561645508e-01 3.235012888908386230e-01 -1.528083980083465576e-01 -1.729493029415607452e-02
-1.188524141907691956e-01 6.833426356315612793e-01 7.203587889671325684e-01 -2.565583884716033936e-01
3.374575376510620117e-01 -6.545147299766540527e-01 6.765593886375427246e-01 -2.418918162584304810e-01
0.000000000000000000e+00 0.000000000000000000e+00 0.000000000000000000e+00 1.000000000000000000e+00
8.848482370376586914e-01 3.946675062179565430e-01 -2.475503236055374146e-01 1.999380625784397125e-02
-7.892420887947082520e-02 6.506692767143249512e-01 7.552486062049865723e-01 -2.698069810867309570e-01
4.591454863548278809e-01 -6.487426161766052246e-01 6.068923473358154297e-01 -2.272172868251800537e-01
0.000000000000000000e+00 0.000000000000000000e+00 0.000000000000000000e+00 1.000000000000000000e+00
9.678866863250732422e-01 1.959675699472427368e-01 -1.574548929929733276e-01 -2.076582610607147217e-02
-2.867281064391136169e-02 7.083162665367126465e-01 7.053124308586120605e-01 -2.494008690118789673e-01
2.497462779283523560e-01 -6.781478524208068848e-01 6.911888122558593750e-01 -2.324267774820327759e-01
0.000000000000000000e+00 0.000000000000000000e+00 0.000000000000000000e+00 1.000000000000000000e+00
9.514923691749572754e-01 2.113999426364898682e-01 -2.235447913408279419e-01 -1.060903072357177734e-03
-4.527262412011623383e-03 7.361093759536743164e-01 6.768472194671630859e-01 -2.362593561410903931e-01
3.076389431953430176e-01 -6.430028676986694336e-01 7.013595104217529297e-01 -2.397527396678924561e-01
0.000000000000000000e+00 0.000000000000000000e+00 0.000000000000000000e+00 1.000000000000000000e+00
9.332385659217834473e-01 2.837991714477539062e-01 -2.202811241149902344e-01 -3.722824621945619583e-03
-4.773602262139320374e-02 7.056781649589538574e-01 7.069224119186401367e-01 -2.444248348474502563e-01
3.560716509819030762e-01 -6.492118835449218750e-01 6.721135377883911133e-01 -2.313585877418518066e-01
0.000000000000000000e+00 0.000000000000000000e+00 0.000000000000000000e+00 1.000000000000000000e+00
8.779349923133850098e-01 3.498518764972686768e-01 -3.268543481826782227e-01 3.643421828746795654e-02
2.966762892901897430e-02 6.416182518005371094e-01 7.664501667022705078e-01 -2.719393372535705566e-01
4.778597652912139893e-01 -6.825903654098510742e-01 5.529198050498962402e-01 -1.949861049652099609e-01
0.000000000000000000e+00 0.000000000000000000e+00 0.000000000000000000e+00 1.000000000000000000e+00
8.066983222961425781e-01 4.704779386520385742e-01 -3.576146662235260010e-01 5.542642995715141296e-02
1.463840901851654053e-02 5.890445709228515625e-01 8.079677820205688477e-01 -2.844951152801513672e-01
5.907820463180541992e-01 -6.570211648941040039e-01 4.682942628860473633e-01 -1.702359467744827271e-01
0.000000000000000000e+00 0.000000000000000000e+00 0.000000000000000000e+00 1.000000000000000000e+00
