1.000000000000000000e+00 0.000000000000000000e+00 0.000000000000000000e+00 -1.792658120393753052e-02
0.000000000000000000e+00 1.000000000000000000e+00 0.000000000000000000e+00 2.243540808558464050e-02
0.000000000000000000e+00 0.000000000000000000e+00 1.000000000000000000e+00 -3.816788792610168457e-01
0.000000000000000000e+00 0.000000000000000000e+00 0.000000000000000000e+00 1.000000000000000000e+00
9.947524070739746094e-01 5.450319498777389526e-02 -8.658519387245178223e-02 1.827842555940151215e-02
-5.617315694689750671e-02 9.982768297195434570e-01 -1.696713827550411224e-02 2.580347657203674316e-02
8.551121503114700317e-02 2.174190990626811981e-02 9.960998892784118652e-01 -3.788389563560485840e-01
0.000000000000000000e+00 0.000000000000000000e+00 0.000000000000000000e+00 1.000000000000000000e+00
9.716246724128723145e-01 6.574926525354385376e-02 -2.272068560123443604e-01 7.535713911056518555e-02
-7.290165126323699951e-02 9.970685839653015137e-01 -2.322340942919254303e-02 2.885394357144832611e-02
2.250138521194458008e-01 3.912816196680068970e-02 9.735694527626037598e-01 -3.686775267124176025e-01
0.000000000000000000e+00 0.000000000000000000e+00 0.000000000000000000e+00 1.000000000000000000e+00
9.990345239639282227e-01 4.133412986993789673e-02 1.487899199128150940e-02 -2.098283171653747559e-02
-4.134495928883552551e-02 9.991448521614074707e-01 4.198026435915380716e-04 1.963702403008937836e-02
-1.484889630228281021e-02 -1.034619635902345181e-03 9.998891949653625488e-01 -3.674997687339782715e-01
0.000000000000000000e+00 0.000000000000000000e+00 0.000000000000000000e+00 1.000000000000000000e+00
9.949989914894104004e-01 5.394266545772552490e-02 -8.406558632850646973e-02 1.990103907883167267e-02
-5.113773792982101440e-02 9.980722069740295410e-01 3.517057001590728760e-02 9.639520198106765747e-03
8.580074459314346313e-02 -3.069568052887916565e-02 9.958392381668090820e-01 -3.665450215339660645e-01
0.000000000000000000e+00 0.000000000000000000e+00 0.000000000000000000e+00 1.000000000000000000e+00
6.981744617223739624e-02 8.751368522644042969e-02 -9.937136173248291016e-01 4.055015742778778076e-01
-3.477453812956809998e-02 9.957525134086608887e-01 8.525004237890243530e-02 -5.576266907155513763e-03
9.969534277915954590e-01 2.860399335622787476e-02 7.256418466567993164e-02 -2.576543018221855164e-02
0.000000000000000000e+00 0.000000000000000000e+00 0.000000000000000000e+00 1.000000000000000000e+00
6.593013554811477661e-02 1.027451604604721069e-01 -9.925205707550048828e-01 4.017650485038757324e-01
-2.262394130229949951e-02 9.945827722549438477e-01 1.014558076858520508e-01 -7.227884139865636826e-03
9.975677728652954102e-01 1.576573587954044342e-02 6.789753586053848267e-02 -1.728942804038524628e-02
0.000000000000000000e+00 0.000000000000000000e+00 0.000000000000000000e+00 1.000000000000000000e+00
4.302948340773582458e-02 9.973226487636566162e-02 -9.940833449363708496e-01 3.983084261417388916e-01
-2.900694869458675385e-02 9.947099685668945312e-01 9.853956103324890137e-02 -2.104343147948384285e-03
9.986523389816284180e-01 2.459524013102054596e-02 4.569482803344726562e-02 -7.795867277309298515e-04
0.000000000000000000e+00 0.000000000000000000e+00 0.000000000000000000e+00 1.000000000000000000e+00
6.494348496198654175e-02 9.511645883321762085e-02 -9.933454394340515137e-01 3.933929502964019775e-01
-3.623011708259582520e-02 9.950153827667236328e-01 9.290767461061477661e-02 1.724380301311612129e-03
9.972306489944458008e-01 2.995528653264045715e-02 6.806576251983642578e-02 2.065921435132622719e-04
0.000000000000000000e+00 0.000000000000000000e+00 0.000000000000000000e+00 1.000000000000000000e+00
6.711903959512710571e-02 9.863739460706710815e-02 -9.928569793701171875e-01 3.903433382511138916e-01
-5.745908990502357483e-02 9.938321113586425781e-01 9.484997391700744629e-02 2.797085326164960861e-03
9.960889220237731934e-01 5.068246275186538696e-02 7.237267494201660156e-02 7.634749636054039001e-03
0.000000000000000000e+00 0.000000000000000000e+00 0.000000000000000000e+00 1.000000000000000000e+00
8.256994187831878662e-02 8.647295087575912476e-02 -9.928264617919921875e-01 3.868845403194427490e-01
-7.798952609300613403e-02 9.937336444854736328e-01 8.006583154201507568e-02 1.087989751249551773e-02
9.935291409492492676e-01 7.081910222768783569e-02 8.879660069942474365e-02 1.097118016332387924e-02
0.000000000000000000e+00 0.000000000000000000e+00 0.000000000000000000e+00 1.000000000000000000e+00
7.660591602325439453e-02 7.857359200716018677e-02 -9.939606785774230957e-01 3.849619030952453613e-01
-1.051936596632003784e-01 9.919633865356445312e-01 7.030829787254333496e-02 1.798254624009132385e-02
9.914966821670532227e-01 9.917233139276504517e-02 8.425569534301757812e-02 2.113767713308334351e-02
0.000000000000000000e+00 0.000000000000000000e+00 0.000000000000000000e+00 1.000000000000000000e+00
9.237919747829437256e-02 8.983437716960906982e-02 -9.916629791259765625e-01 3.850044310092926025e-01
-1.048775464296340942e-01 9.912599921226501465e-01 8.002792298793792725e-02 1.816287077963352203e-02
9.901851415634155273e-01 9.661024063825607300e-02 1.009934023022651672e-01 2.062630094587802887e-02
0.000000000000000000e+00 0.000000000000000000e+00 0.000000000000000000e+00 1.000000000000000000e+00
9.264147281646728516e-02 9.992221742868423462e-02 -9.906731247901916504e-01 3.860944211483001709e-01
-1.331961154937744141e-01 9.872531890869140625e-01 8.712165057659149170e-02 1.898032054305076599e-02
9.867504239082336426e-01 1.238827630877494812e-01 1.047697737812995911e-01 2.537476457655429840e-02
0.000000000000000000e+00 0.000000000000000000e+00 0.000000000000000000e+00 1.000000000000000000e+00
1.128060445189476013e-01 1.057842001318931580e-01 -9.879700541496276855e-01 3.872050344944000244e-01
-1.533120125532150269e-01 9.842619299888610840e-01 8.788204193115234375e-02 2.116994932293891907e-02
9.817178845405578613e-01 1.415540724992752075e-01 1.272487342357635498e-01 2.355873771011829376e-02
0.000000000000000000e+00 0.000000000000000000e+00 0.000000000000000000e+00 1.000000000000000000e+00
1.203953176736831665e-01 1.166318356990814209e-01 -9.858507513999938965e-01 3.887700140476226807e-01
-1.716461628675460815e-01 9.805630445480346680e-01 9.504421055316925049e-02 2.115585096180438995e-02
9.777741432189941406e-01 1.577746272087097168e-01 1.380746662616729736e-01 2.772077359259128571e-02
0.000000000000000000e+00 0.000000000000000000e+00 0.000000000000000000e+00 1.000000000000000000e+00
1.537775099277496338e-01 1.191791296005249023e-01 -9.808922410011291504e-01 3.904685378074645996e-01
-1.919112801551818848e-01 9.773989319801330566e-01 8.866818994283676147e-02 2.609155513346195221e-02
9.692897796630859375e-01 1.746091097593307495e-01 1.731738746166229248e-01 2.366356365382671356e-02
0.000000000000000000e+00 0.000000000000000000e+00 0.000000000000000000e+00 1.000000000000000000e+00
1.880982220172882080e-01 1.226900443434715271e-01 -9.744569659233093262e-01 3.915365636348724365e-01
-2.143228203058242798e-01 9.733827710151672363e-01 8.118440955877304077e-02 3.021986037492752075e-02
9.584805369377136230e-01 1.935776323080062866e-01 2.093867957592010498e-01 1.863932609558105469e-02
0.000000000000000000e+00 0.000000000000000000e+00 0.000000000000000000e+00 1.000000000000000000e+00
2.555143535137176514e-01 1.512560993432998657e-01 -9.548998475074768066e-01 3.967818915843963623e-01
-2.319040000438690186e-01 9.684398770332336426e-01 9.134738892316818237e-02 2.610647864639759064e-02
9.385805130004882812e-01 1.981046497821807861e-01 2.825274169445037842e-01 7.187572773545980453e-03
0.000000000000000000e+00 0.000000000000000000e+00 0.000000000000000000e+00 1.000000000000000000e+00
3.092552125453948975e-01 2.032346427440643311e-01 -9.290084242820739746e-01 4.126180112361907959e-01
-2.364416718482971191e-01 9.626529812812805176e-01 1.318864822387695312e-01 1.212997827678918839e-02
9.211168885231018066e-01 1.788697987794876099e-01 3.457585573196411133e-01 1.354446983896195889e-03
0.000000000000000000e+00 0.000000000000000000e+00 0.000000000000000000e+00 1.000000000000000000e+00
3.247477710247039795e-01 2.217678576707839966e-01 -9.194331765174865723e-01 4.195210933685302734e-01
-2.664811611175537109e-01 9.541925787925720215e-01 1.360295861959457397e-01 1.262355782091617584e-02
9.074833393096923828e-01 2.008363753557205200e-01 3.689689934253692627e-01 -7.148509845137596130e-03
0.000000000000000000e+00 0.000000000000000000e+00 0.000000000000000000e+00 1.000000000000000000e+00
3.101925849914550781e-01 2.373516708612442017e-01 -9.205672740936279297e-01 4.103037118911743164e-01
-2.018373161554336548e-01 9.626984596252441406e-01 1.802036464214324951e-01 -7.665434852242469788e-03
9.290006160736083984e-01 1.299071311950683594e-01 3.465283811092376709e-01 -7.369080558419227600e-03
0.000000000000000000e+00 0.000000000000000000e+00 0.000000000000000000e+00 1.000000000000000000e+00
3.047364950180053711e-01 2.398130744695663452e-01 -9.217512607574462891e-01 4.049658179283142090e-01
-1.687598973512649536e-01 9.660642743110656738e-01 1.955490112304687500e-01 -1.543843187391757965e-02
9.373664259910583496e-01 9.596372395753860474e-02 3.348659574985504150e-01 -6.639072671532630920e-03
0.000000000000000000e+00 0.000000000000000000e+00 0.000000000000000000e+00 1.000000000000000000e+00
2.661010026931762695e-01 2.659762501716613770e-01 -9.265245199203491211e-01 3.826465010643005371e-01
-6.852085143327713013e-02 9.639672040939331055e-01 2.570455372333526611e-01 -4.645087942481040955e-02
9.615065455436706543e-01 -4.913729149848222733e-03 2.747373282909393311e-01 4.091246984899044037e-03
0.000000000000000000e+00 0.000000000000000000e+00 0.000000000000000000e+00 1.000000000000000000e+00
2.571690082550048828e-01 3.085743188858032227e-01 -9.157760739326477051e-01 3.609872162342071533e-01
-3.171099349856376648e-02 9.498333930969238281e-01 3.111448287963867188e-01 -7.623450458049774170e-02
9.658462405204772949e-01 -5.097664520144462585e-02 2.540529966354370117e-01 6.151626817882061005e-03
0.000000000000000000e+00 0.000000000000000000e+00 0.000000000000000000e+00 1.000000000000000000e+00
2.583935260772705078e-01 3.726706802845001221e-01 -8.912625908851623535e-01 3.419818580150604248e-01
1.125183794647455215e-02 9.213706254959106445e-01 3.885219991207122803e-01 -1.057940125465393066e-01
9.659743309020996094e-01 -1.104199513792991638e-01 2.338832169771194458e-01 1.043238677084445953e-02
0.000000000000000000e+00 0.000000000000000000e+00 0.000000000000000000e+00 1.000000000000000000e+00
2.808311879634857178e-01 4.027020037174224854e-01 -8.711858987808227539e-01 3.274923861026763916e-01
5.506404861807823181e-02 8.994594812393188477e-01 4.335214793682098389e-01 -1.232450902462005615e-01
9.581763744354248047e-01 -1.697173714637756348e-01 2.304217517375946045e-01 7.945423014461994171e-03
0.000000000000000000e+00 0.000000000000000000e+00 0.000000000000000000e+00 1.000000000000000000e+00
3.224106132984161377e-01 4.575919210910797119e-01 -8.286498785018920898e-01 3.047613799571990967e-01
1.197459697723388672e-01 8.486478924751281738e-01 5.152256488800048828e-01 -1.535242646932601929e-01
9.389954805374145508e-01 -2.653416395187377930e-01 2.188183069229125977e-01 6.404254119843244553e-03
0.000000000000000000e+00 0.000000000000000000e+00 0.000000000000000000e+00 1.000000000000000000e+00
3.385864496231079102e-01 5.021916031837463379e-01 -7.957151532173156738e-01 2.890540063381195068e-01
1.405278146266937256e-01 8.091910481452941895e-01 5.704927444458007812e-01 -1.741592884063720703e-01
9.303824305534362793e-01 -3.049812614917755127e-01 2.034092992544174194e-01 8.177111856639385223e-03
0.000000000000000000e+00 0.000000000000000000e+00 0.000000000000000000e+00 1.000000000000000000e+00
3.470648825168609619e-01 5.528353452682495117e-01 -7.575743198394775391e-01 2.705506384372711182e-01
1.624723672866821289e-01 7.601287961006164551e-01 6.291323304176330566e-01 -1.935026347637176514e-01
9.236603975296020508e-01 -3.414345681667327881e-01 1.739935874938964844e-01 1.460552681237459183e-02
0.000000000000000000e+00 0.000000000000000000e+00 0.000000000000000000e+00 1.000000000000000000e+00
3.633954823017120361e-01 5.725324749946594238e-01 -7.349488735198974609e-01 2.572921514511108398e-01
1.665937155485153198e-01 7.362313866615295410e-01 6.559034585952758789e-01 -2.026089578866958618e-01
9.166187047958374023e-01 -3.607901930809020996e-01 1.721629351377487183e-01 1.193696726113557816e-02
0.000000000000000000e+00 0.000000000000000000e+00 0.000000000000000000e+00 1.000000000000000000e+00
3.636869490146636963e-01 5.894393324851989746e-01 -7.213136553764343262e-01 2.464245110750198364e-01
1.776667684316635132e-01 7.162323594093322754e-01 6.748667359352111816e-01 -2.081502526998519897e-01
9.144213795661926270e-01 -3.735935688018798828e-01 1.557607948780059814e-01 1.386901549994945526e-02
0.000000000000000000e+00 0.000000000000000000e+00 0.000000000000000000e+00 1.000000000000000000e+00
3.524251580238342285e-01 6.352101564407348633e-01 -6.872438788414001465e-01 2.298082709312438965e-01
1.800582557916641235e-01 6.746146678924560547e-01 7.158729434013366699e-01 -2.202524840831756592e-01
9.183546900749206543e-01 -3.760355412960052490e-01 1.233763992786407471e-01 1.970168203115463257e-02
0.000000000000000000e+00 0.000000000000000000e+00 0.000000000000000000e+00 1.000000000000000000e+00
2.776646614074707031e-01 7.099706530570983887e-01 -6.471816301345825195e-01 2.071045041084289551e-01
1.401523053646087646e-01 6.365272998809814453e-01 7.584127187728881836e-01 -2.305853217840194702e-01
9.503995776176452637e-01 -3.012884259223937988e-01 7.723713666200637817e-02 2.370809018611907959e-02
0.000000000000000000e+00 0.000000000000000000e+00 0.000000000000000000e+00 1.000000000000000000e+00
1.909010410308837891e-01 7.551369071006774902e-01 -6.271562576293945312e-01 1.972689330577850342e-01
1.291580796241760254e-01 6.140284538269042969e-01 7.786445617675781250e-01 -2.346633374691009521e-01
9.730753302574157715e-01 -2.296464145183563232e-01 1.968659274280071259e-02 3.508739173412322998e-02
0.000000000000000000e+00 0.000000000000000000e+00 0.000000000000000000e+00 1.000000000000000000e+00
2.469007074832916260e-01 7.900583148002624512e-01 -5.611126422882080078e-01 1.745040118694305420e-01
1.259430646896362305e-01 5.479661226272583008e-01 8.269649744033813477e-01 -2.447870969772338867e-01
9.608217477798461914e-01 -2.748465240001678467e-01 3.579095005989074707e-02 1.942962035536766052e-02
0.000000000000000000e+00 0.000000000000000000e+00 0.000000000000000000e+00 1.000000000000000000e+00
4.091054201126098633e-01 7.575918436050415039e-01 -5.086126923561096191e-01 1.560610085725784302e-01
1.109099239110946655e-01 5.119747519493103027e-01 8.518103361129760742e-01 -2.475223392248153687e-01
9.057215452194213867e-01 -4.048904180526733398e-01 1.254270672798156738e-01 -1.405418571084737778e-02
0.000000000000000000e+00 0.000000000000000000e+00 0.000000000000000000e+00 1.000000000000000000e+00
5.500404238700866699e-01 7.244326472282409668e-01 -4.155150651931762695e-01 1.241601258516311646e-01
3.464818373322486877e-02 4.773171544075012207e-01 8.780478239059448242e-01 -2.474826872348785400e-01
8.344189524650573730e-01 -4.973582923412322998e-01 2.374432533979415894e-01 -5.015237629413604736e-02
0.000000000000000000e+00 0.000000000000000000e+00 0.000000000000000000e+00 1.000000000000000000e+00
6.459365487098693848e-01 6.911012530326843262e-01 -3.242606222629547119e-01 1.011552214622497559e-01
-2.652091532945632935e-02 4.448223710060119629e-01 8.952262997627258301e-01 -2.440050244331359863e-01
7.629303932189941406e-01 -5.696594715118408203e-01 3.056557774543762207e-01 -6.906036287546157837e-02
0.000000000000000000e+00 0.000000000000000000e+00 0.000000000000000000e+00 1.000000000000000000e+00
6.438711881637573242e-01 7.353884577751159668e-01 -2.112672924995422363e-01 7.637530565261840820e-02
-1.017367318272590637e-01 3.559509515762329102e-01 9.289506077766418457e-01 -2.554495334625244141e-01
7.583400607109069824e-01 -5.766307115554809570e-01 3.040027320384979248e-01 -6.476721912622451782e-02
0.000000000000000000e+00 0.000000000000000000e+00 0.000000000000000000e+00 1.000000000000000000e+00
6.312825679779052734e-01 7.709047794342041016e-01 -8.478077501058578491e-02 4.247967153787612915e-02
-1.783171594142913818e-01 2.506642341613769531e-01 9.515094757080078125e-01 -2.708559632301330566e-01
7.547747492790222168e-01 -5.855538845062255859e-01 2.957054674625396729e-01 -5.853351205587387085e-02
0.000000000000000000e+00 0.000000000000000000e+00 0.000000000000000000e+00 1.000000000000000000e+00
6.407526135444641113e-01 7.671318054199218750e-01 3.074856474995613098e-02 6.132915150374174118e-03
-2.127097547054290771e-01 1.388999223709106445e-01 9.671919345855712891e-01 -2.843168079853057861e-01
7.376930117607116699e-01 -6.262711882591247559e-01 2.521768212318420410e-01 -4.494369402527809143e-02
0.000000000000000000e+00 0.000000000000000000e+00 0.000000000000000000e+00 1.000000000000000000e+00
6.574926972389221191e-01 7.395476698875427246e-01 1.441280543804168701e-01 -3.519117459654808044e-02
-2.377732098102569580e-01 2.214316278696060181e-02 9.710684418678283691e-01 -2.916879653930664062e-01
7.149596810340881348e-01 -6.727399826049804688e-01 1.904035806655883789e-01 -2.855055220425128937e-02
0.000000000000000000e+00 0.000000000000000000e+00 0.000000000000000000e+00 1.000000000000000000e+00
6.638928651809692383e-01 7.049005627632141113e-01 2.497225552797317505e-01 -7.629394531250000000e-02
-2.465243041515350342e-01 -1.089725643396377563e-01 9.629905819892883301e-01 -2.962029278278350830e-01
7.060254216194152832e-01 -7.008852362632751465e-01 1.014289781451225281e-01 -3.256905591115355492e-03
0.000000000000000000e+00 0.000000000000000000e+00 0.000000000000000000e+00 1.000000000000000000e+00
6.382402181625366211e-01 7.611051201820373535e-01 1.156206876039505005e-01 -2.568082883954048157e-02
-3.080365061759948730e-01 1.148423030972480774e-01 9.444177150726318359e-01 -2.728424668312072754e-01
7.055231928825378418e-01 -6.383805871009826660e-01 3.077451288700103760e-01 -7.661209255456924438e-02
0.000000000000000000e+00 0.000000000000000000e+00 0.000000000000000000e+00 1.000000000000000000e+00
6.269501447677612305e-01 7.777241468429565430e-01 4.558838158845901489e-02 -8.894738275557756424e-04
-3.854763805866241455e-01 2.588297128677368164e-01 8.856720328330993652e-01 -2.449351400136947632e-01
6.770089268684387207e-01 -5.728456377983093262e-01 4.620678722858428955e-01 -1.200859695672988892e-01
0.000000000000000000e+00 0.000000000000000000e+00 0.000000000000000000e+00 1.000000000000000000e+00
6.209272146224975586e-01 7.821496725082397461e-01 -5.187636613845825195e-02 2.992752939462661743e-02
-4.526110291481018066e-01 4.117749035358428955e-01 7.909389734268188477e-01 -2.038213759660720825e-01
6.399942040443420410e-01 -4.676356613636016846e-01 6.096919178962707520e-01 -1.580807268619537354e-01
0.000000000000000000e+00 0.000000000000000000e+00 0.000000000000000000e+00 1.000000000000000000e+00
6.235395073890686035e-01 7.732489109039306641e-01 -1.152583882212638855e-01 4.846302047371864319e-02
-5.150635242462158203e-01 5.172241330146789551e-01 6.835119724273681641e-01 -1.622682809829711914e-01
5.881394147872924805e-01 -3.668313026428222656e-01 7.207821011543273926e-01 -1.826169639825820923e-01
0.000000000000000000e+00 0.000000000000000000e+00 0.000000000000000000e+00 1.000000000000000000e+00
6.216520071029663086e-01 7.680432796478271484e-01 -1.538121551275253296e-01 5.839648097753524780e-02
-5.702368617057800293e-01 5.783752799034118652e-01 5.833625197410583496e-01 -1.291235834360122681e-01
5.370088815689086914e-01 -2.749390602111816406e-01 7.975148558616638184e-01 -1.983651071786880493e-01
0.000000000000000000e+00 0.000000000000000000e+00 0.000000000000000000e+00 1.000000000000000000e+00
6.078376173973083496e-01 7.818394303321838379e-01 -1.387816369533538818e-01 5.107276886701583862e-02
-6.617792248725891113e-01 5.953712463378906250e-01 4.556108117103576660e-01 -9.377248585224151611e-02
4.388411641120910645e-01 -1.850945651531219482e-01 8.792943358421325684e-01 -2.149452269077301025e-01
0.000000000000000000e+00 0.000000000000000000e+00 0.000000000000000000e+00 1.000000000000000000e+00
5.923638939857482910e-01 7.872449755668640137e-01 -1.713196039199829102e-01 5.518936365842819214e-02
-7.105038166046142578e-01 6.107018589973449707e-01 3.496103286743164062e-01 -6.345690786838531494e-02
3.798541724681854248e-01 -8.537324517965316772e-02 9.210983514785766602e-01 -2.215683609247207642e-01
0.000000000000000000e+00 0.000000000000000000e+00 0.000000000000000000e+00 1.000000000000000000e+00
5.835590362548828125e-01 7.804440259933471680e-01 -2.244231253862380981e-01 6.459958851337432861e-02
-7.503544092178344727e-01 6.238862872123718262e-01 2.184808105230331421e-01 -2.528787031769752502e-02
3.105265796184539795e-01 4.090046510100364685e-02 9.496843218803405762e-01 -2.240705639123916626e-01
0.000000000000000000e+00 0.000000000000000000e+00 0.000000000000000000e+00 1.000000000000000000e+00
5.679633617401123047e-01 7.901651859283447266e-01 -2.303400635719299316e-01 6.489532440900802612e-02
-7.826158404350280762e-01 6.051216125488281250e-01 1.460832059383392334e-01 -5.571878980845212936e-03
2.548136711120605469e-01 9.729791432619094849e-02 9.620826244354248047e-01 -2.248501479625701904e-01
0.000000000000000000e+00 0.000000000000000000e+00 0.000000000000000000e+00 1.000000000000000000e+00
5.435021519660949707e-01 8.053580522537231445e-01 -2.366514801979064941e-01 6.346419453620910645e-02
-8.270421624183654785e-01 5.619870424270629883e-01 1.310644391924142838e-02 2.940122969448566437e-02
1.435503512620925903e-01 1.885974556207656860e-01 9.715062379837036133e-01 -2.249558866024017334e-01
0.000000000000000000e+00 0.000000000000000000e+00 0.000000000000000000e+00 1.000000000000000000e+00
5.276295542716979980e-01 8.128597736358642578e-01 -2.467102259397506714e-01 6.321781128644943237e-02
-8.490279912948608398e-01 5.140386223793029785e-01 -1.221308186650276184e-01 6.489770114421844482e-02
2.754332311451435089e-02 2.739036977291107178e-01 9.613626599311828613e-01 -2.202471047639846802e-01
0.000000000000000000e+00 0.000000000000000000e+00 0.000000000000000000e+00 1.000000000000000000e+00
5.394693017005920410e-01 8.000438809394836426e-01 -2.624928355216979980e-01 6.396803259849548340e-02
-8.393949866294860840e-01 4.864673316478729248e-01 -2.424160689115524292e-01 9.542903304100036621e-02
-6.624938547611236572e-02 3.511110246181488037e-01 9.339870214462280273e-01 -2.097083479166030884e-01
0.000000000000000000e+00 0.000000000000000000e+00 0.000000000000000000e+00 1.000000000000000000e+00
4.956490099430084229e-01 8.227501511573791504e-01 -2.782338261604309082e-01 6.710976362228393555e-02
-8.446164131164550781e-01 3.819586038589477539e-01 -3.751406073570251465e-01 1.298078000545501709e-01
-2.023732960224151611e-01 4.209389090538024902e-01 8.842258453369140625e-01 -1.906173229217529297e-01
0.000000000000000000e+00 0.000000000000000000e+00 0.000000000000000000e+00 1.000000000000000000e+00
4.735256433486938477e-01 8.355024456977844238e-01 -2.787639498710632324e-01 6.778234988451004028e-02
-8.234664797782897949e-01 3.076499700546264648e-01 -4.767120778560638428e-01 1.556512266397476196e-01
-3.125323951244354248e-01 4.552880525588989258e-01 8.336884379386901855e-01 -1.731519252061843872e-01
0.000000000000000000e+00 0.000000000000000000e+00 0.000000000000000000e+00 1.000000000000000000e+00
4.486749172210693359e-01 8.454950451850891113e-01 -2.895311713218688965e-01 7.423271983861923218e-02
-8.043172359466552734e-01 2.408034056425094604e-01 -5.432192683219909668e-01 1.721969842910766602e-01
-3.895692825317382812e-01 4.766038954257965088e-01 7.880891561508178711e-01 -1.578237265348434448e-01
0.000000000000000000e+00 0.000000000000000000e+00 0.000000000000000000e+00 1.000000000000000000e+00
4.046698510646820068e-01 8.695246577262878418e-01 -2.831409573554992676e-01 7.878639549016952515e-02
-7.855533361434936523e-01 1.720379143953323364e-01 -5.943980813026428223e-01 1.831671744585037231e-01
-4.681330025196075439e-01 4.629574418067932129e-01 7.526767253875732422e-01 -1.426294893026351929e-01
0.000000000000000000e+00 0.000000000000000000e+00 0.000000000000000000e+00 1.000000000000000000e+00
3.605925440788269043e-01 8.914735913276672363e-01 -2.743127644062042236e-01 8.433967828750610352e-02
-7.774894833564758301e-01 1.248213201761245728e-01 -6.163841485977172852e-01 1.852927058935165405e-01
-5.152501463890075684e-01 4.355389475822448730e-01 7.381212115287780762e-01 -1.325996667146682739e-01
0.000000000000000000e+00 0.000000000000000000e+00 0.000000000000000000e+00 1.000000000000000000e+00
2.583734691143035889e-01 9.391621947288513184e-01 -2.263129651546478271e-01 8.240449428558349609e-02
-7.701767683029174805e-01 5.883916467428207397e-02 -6.351107358932495117e-01 1.843392550945281982e-01
-5.831557512283325195e-01 3.383968174457550049e-01 7.385233640670776367e-01 -1.269881725311279297e-01
0.000000000000000000e+00 0.000000000000000000e+00 0.000000000000000000e+00 1.000000000000000000e+00
7.564378529787063599e-02 9.803133606910705566e-01 -1.823844313621520996e-01 8.332005888223648071e-02
-7.825372219085693359e-01 -5.499795824289321899e-02 -6.201701760292053223e-01 1.677219122648239136e-01
-6.179916262626647949e-01 1.896345466375350952e-01 7.629713416099548340e-01 -1.311059296131134033e-01
0.000000000000000000e+00 0.000000000000000000e+00 0.000000000000000000e+00 1.000000000000000000e+00
-1.010807752609252930e-01 9.823147654533386230e-01 -1.576082110404968262e-01 7.929985970258712769e-02
-7.872655391693115234e-01 -1.758355051279067993e-01 -5.910118818283081055e-01 1.513166576623916626e-01
-6.082727909088134766e-01 6.433957815170288086e-02 7.911162376403808594e-01 -1.391638964414596558e-01
0.000000000000000000e+00 0.000000000000000000e+00 0.000000000000000000e+00 1.000000000000000000e+00
-2.198582291603088379e-01 9.590747356414794922e-01 -1.784300953149795532e-01 8.284082263708114624e-02
-7.482481002807617188e-01 -2.831471860408782959e-01 -5.999603867530822754e-01 1.558717191219329834e-01
-6.259290575981140137e-01 1.603686134330928326e-03 7.798783183097839355e-01 -1.343621611595153809e-01
0.000000000000000000e+00 0.000000000000000000e+00 0.000000000000000000e+00 1.000000000000000000e+00
-2.699564695358276367e-01 9.523997902870178223e-01 -1.416254490613937378e-01 8.124095946550369263e-02
-7.056353688240051270e-01 -2.957613468170166016e-01 -6.438974142074584961e-01 1.700511127710342407e-01
-6.551353335380554199e-01 -7.388836145401000977e-02 7.518898844718933105e-01 -1.248485669493675232e-01
0.000000000000000000e+00 0.000000000000000000e+00 0.000000000000000000e+00 1.000000000000000000e+00
-3.691559135913848877e-01 9.233089089393615723e-01 -1.059453561902046204e-01 8.472109586000442505e-02
-6.931549906730651855e-01 -3.494717776775360107e-01 -6.304011344909667969e-01 1.642768532037734985e-01
-6.190799474716186523e-01 -1.592798382043838501e-01 7.690058946609497070e-01 -1.220768094062805176e-01
0.000000000000000000e+00 0.000000000000000000e+00 0.000000000000000000e+00 1.000000000000000000e+00
2.081702798604965210e-01 9.310027360916137695e-01 -2.998321354389190674e-01 8.137466013431549072e-02
-7.335996627807617188e-01 -5.413446947932243347e-02 -6.774223446846008301e-01 1.834291368722915649e-01
-6.469133496284484863e-01 3.609759509563446045e-01 6.717141270637512207e-01 -1.025071442127227783e-01
0.000000000000000000e+00 0.000000000000000000e+00 0.000000000000000000e+00 1.000000000000000000e+00
5.265433192253112793e-01 7.933486104011535645e-01 -3.055316805839538574e-01 6.583786755800247192e-02
-7.655822634696960449e-01 2.862268388271331787e-01 -5.761579871177673340e-01 1.743600666522979736e-01
-3.696429133415222168e-01 5.372816324234008789e-01 7.580845952033996582e-01 -1.596218645572662354e-01
0.000000000000000000e+00 0.000000000000000000e+00 0.000000000000000000e+00 1.000000000000000000e+00
5.951588153839111328e-01 7.334392666816711426e-01 -3.284098803997039795e-01 6.926330924034118652e-02
-7.689371705055236816e-01 4.010108709335327148e-01 -4.979219138622283936e-01 1.566445529460906982e-01
-2.334994524717330933e-01 5.488688349723815918e-01 8.026335239410400391e-01 -1.869935989379882812e-01
0.000000000000000000e+00 0.000000000000000000e+00 0.000000000000000000e+00 1.000000000000000000e+00
5.985684394836425781e-01 7.463033199310302734e-01 -2.911133170127868652e-01 5.908213555812835693e-02
-7.716082930564880371e-01 4.394828379154205322e-01 -4.598647058010101318e-01 1.481200605630874634e-01
-2.152592539787292480e-01 4.998858571052551270e-01 8.389142751693725586e-01 -2.026336342096328735e-01
0.000000000000000000e+00 0.000000000000000000e+00 0.000000000000000000e+00 1.000000000000000000e+00
6.228368878364562988e-01 7.494738101959228516e-01 -2.244174927473068237e-01 3.951237350702285767e-02
-7.612875103950500488e-01 5.144832134246826172e-01 -3.946491777896881104e-01 1.306366771459579468e-01
-1.803202331066131592e-01 4.166483879089355469e-01 8.910044431686401367e-01 -2.228257805109024048e-01
0.000000000000000000e+00 0.000000000000000000e+00 0.000000000000000000e+00 1.000000000000000000e+00
6.400148868560791016e-01 7.540221214294433594e-01 -1.477555930614471436e-01 1.693532057106494904e-02
-7.435597181320190430e-01 5.593306422233581543e-01 -3.664260804653167725e-01 1.235671043395996094e-01
-1.936491876840591431e-01 3.443831205368041992e-01 9.186403155326843262e-01 -2.348199039697647095e-01
0.000000000000000000e+00 0.000000000000000000e+00 0.000000000000000000e+00 1.000000000000000000e+00
6.499834656715393066e-01 7.562546133995056152e-01 -7.483306527137756348e-02 -5.409942474216222763e-03
-7.318539619445800781e-01 5.963851213455200195e-01 -3.297187387943267822e-01 1.137708947062492371e-01
-2.047221511602401733e-01 2.690785825252532959e-01 9.411086440086364746e-01 -2.450382709503173828e-01
0.000000000000000000e+00 0.000000000000000000e+00 0.000000000000000000e+00 1.000000000000000000e+00
6.669277548789978027e-01 7.448220252990722656e-01 -2.114887721836566925e-02 -2.362301945686340332e-02
-7.207469940185546875e-01 6.376503109931945801e-01 -2.718920409679412842e-01 9.673200547695159912e-02
-1.890257000923156738e-01 1.965752989053726196e-01 9.620953798294067383e-01 -2.550810873508453369e-01
0.000000000000000000e+00 0.000000000000000000e+00 0.000000000000000000e+00 1.000000000000000000e+00
7.064803242683410645e-01 7.056651711463928223e-01 5.405312776565551758e-02 -5.134507268667221069e-02
-6.830292940139770508e-01 6.998319625854492188e-01 -2.090596556663513184e-01 7.782144099473953247e-02
-1.853543370962142944e-01 1.107766330242156982e-01 9.764078259468078613e-01 -2.631823122501373291e-01
0.000000000000000000e+00 0.000000000000000000e+00 0.000000000000000000e+00 1.000000000000000000e+00
7.475404739379882812e-01 6.577781438827514648e-01 9.225461632013320923e-02 -6.711656600236892700e-02
-6.433047056198120117e-01 7.515651583671569824e-01 -1.459740251302719116e-01 5.741616711020469666e-02
-1.653539389371871948e-01 4.977360367774963379e-02 9.849774837493896484e-01 -2.691969871520996094e-01
0.000000000000000000e+00 0.000000000000000000e+00 0.000000000000000000e+00 1.000000000000000000e+00
7.697347998619079590e-01 6.181819438934326172e-01 1.592451483011245728e-01 -9.182599186897277832e-02
-6.169630885124206543e-01 7.844614386558532715e-01 -6.305901706218719482e-02 3.037344478070735931e-02
-1.639036983251571655e-01 -4.970978200435638428e-02 9.852230548858642578e-01 -2.715627551078796387e-01
0.000000000000000000e+00 0.000000000000000000e+00 0.000000000000000000e+00 1.000000000000000000e+00
7.945079207420349121e-01 5.724652409553527832e-01 2.025847882032394409e-01 -1.094923987984657288e-01
-5.869225859642028809e-01 8.095170855522155762e-01 1.428617350757122040e-02 4.596693441271781921e-03
-1.558174788951873779e-01 -1.302520781755447388e-01 9.791603684425354004e-01 -2.732103466987609863e-01
0.000000000000000000e+00 0.000000000000000000e+00 0.000000000000000000e+00 1.000000000000000000e+00
8.273209333419799805e-01 5.135061740875244141e-01 2.277084589004516602e-01 -1.218635961413383484e-01
-5.449575781822204590e-01 8.320330977439880371e-01 1.036443039774894714e-01 -2.658756449818611145e-02
-1.362389326095581055e-01 -2.098386138677597046e-01 9.681977033615112305e-01 -2.729201912879943848e-01
0.000000000000000000e+00 0.000000000000000000e+00 0.000000000000000000e+00 1.000000000000000000e+00
8.451952338218688965e-01 4.891160726547241211e-01 2.154306769371032715e-01 -1.222994104027748108e-01
-5.285459756851196289e-01 8.247224688529968262e-01 2.011760771274566650e-01 -6.021373346447944641e-02
-7.927198708057403564e-02 -2.838981151580810547e-01 9.555720090866088867e-01 -2.728956341743469238e-01
0.000000000000000000e+00 0.000000000000000000e+00 0.000000000000000000e+00 1.000000000000000000e+00
8.531070351600646973e-01 4.905709624290466309e-01 1.776181757450103760e-01 -1.142899617552757263e-01
-5.217217803001403809e-01 8.046088814735412598e-01 2.835677266120910645e-01 -8.958510309457778931e-02
-3.802907420322299004e-03 -3.345809876918792725e-01 9.423593282699584961e-01 -2.732568383216857910e-01
0.000000000000000000e+00 0.000000000000000000e+00 0.000000000000000000e+00 1.000000000000000000e+00
8.642902374267578125e-01 4.861049950122833252e-01 1.292444914579391479e-01 -1.025114357471466064e-01
-4.974015653133392334e-01 7.877787351608276367e-01 3.633126616477966309e-01 -1.185261085629463196e-01
7.479211688041687012e-02 -3.782940804958343506e-01 9.226589798927307129e-01 -2.723027169704437256e-01
0.000000000000000000e+00 0.000000000000000000e+00 0.000000000000000000e+00 1.000000000000000000e+00
8.808417916297912598e-01 4.660056829452514648e-01 8.340439200401306152e-02 -9.162851423025131226e-02
-4.506335258483886719e-01 7.713580131530761719e-01 4.493726789951324463e-01 -1.514322310686111450e-01
1.450757384300231934e-01 -4.334110021591186523e-01 8.894423842430114746e-01 -2.676564455032348633e-01
0.000000000000000000e+00 0.000000000000000000e+00 0.000000000000000000e+00 1.000000000000000000e+00
8.984585404396057129e-01 4.377070665359497070e-01 3.441642969846725464e-02 -7.891270518302917480e-02
-3.844234943389892578e-01 7.463688254356384277e-01 5.432786941528320312e-01 -1.874315738677978516e-01
2.121097743511199951e-01 -5.013439655303955078e-01 8.388465046882629395e-01 -2.626979351043701172e-01
0.000000000000000000e+00 0.000000000000000000e+00 0.000000000000000000e+00 1.000000000000000000e+00
9.322239160537719727e-01 3.617638349533081055e-01 9.237107820808887482e-03 -7.198241353034973145e-02
-2.902021110057830811e-01 7.320811152458190918e-01 6.163114309310913086e-01 -2.151965796947479248e-01
2.161969840526580811e-01 -5.772207975387573242e-01 7.874481081962585449e-01 -2.561518549919128418e-01
0.000000000000000000e+00 0.000000000000000000e+00 0.000000000000000000e+00 1.000000000000000000e+00
9.498561620712280273e-01 3.076556324958801270e-01 -5.586772412061691284e-02 -5.173236131668090820e-02
-1.912075132131576538e-01 7.128610014915466309e-01 6.747360229492187500e-01 -2.387509942054748535e-01
2.474123686552047729e-01 -6.302197575569152832e-01 7.359414696693420410e-01 -2.500512003898620605e-01
0.000000000000000000e+00 0.000000000000000000e+00 0.000000000000000000e+00 1.000000000000000000e+00
9.291713237762451172e-01 3.356710970401763916e-01 -1.548081636428833008e-01 -1.655886881053447723e-02
-1.261995136737823486e-01 6.816977858543395996e-01 7.206674814224243164e-01 -2.557363212108612061e-01
3.474396765232086182e-01 -6.500867605209350586e-01 6.757755875587463379e-01 -2.425470948219299316e-01
0.000000000000000000e+00 0.000000000000000000e+00 0.000000000000000000e+00 1.000000000000000000e+00
8.858385682106018066e-01 3.948506712913513184e-01 -2.436863034963607788e-01 1.863138005137443542e-02
-8.392589539289474487e-02 6.528819203376770020e-01 7.527958750724792480e-01 -2.685335874557495117e-01
4.563403427600860596e-01 -6.464039683341979980e-01 6.114861369132995605e-01 -2.285421490669250488e-01
0.000000000000000000e+00 0.000000000000000000e+00 0.000000000000000000e+00 1.000000000000000000e+00
9.667794108390808105e-01 2.003922462463378906e-01 -1.586836874485015869e-01 -2.006778866052627563e-02
-2.930193580687046051e-02 7.035908102989196777e-01 7.100007534027099609e-01 -2.505512237548828125e-01
2.539270818233489990e-01 -6.817643642425537109e-01 6.860889196395874023e-01 -2.309794127941131592e-01
0.000000000000000000e+00 0.000000000000000000e+00 0.000000000000000000e+00 1.000000000000000000e+00
9.508107900619506836e-01 2.170215547084808350e-01 -2.210440337657928467e-01 -1.784431980922818184e-03
-9.212007746100425720e-03 7.330633997917175293e-01 6.800976991653442383e-01 -2.364555448293685913e-01
3.096351921558380127e-01 -6.446079015731811523e-01 6.990037560462951660e-01 -2.392010688781738281e-01
0.000000000000000000e+00 0.000000000000000000e+00 0.000000000000000000e+00 1.000000000000000000e+00
9.338416457176208496e-01 2.818702161312103271e-01 -2.202021330595016479e-01 -3.870074870064854622e-03
-4.751743003726005554e-02 7.079339623451232910e-01 7.046781778335571289e-01 -2.439115047454833984e-01
3.545164167881011963e-01 -6.475943326950073242e-01 6.744919419288635254e-01 -2.320543676614761353e-01
0.000000000000000000e+00 0.000000000000000000e+00 0.000000000000000000e+00 1.000000000000000000e+00
8.772630691528320312e-01 3.463785350322723389e-01 -3.323120772838592529e-01 3.856745734810829163e-02
3.665594384074211121e-02 6.419391036033630371e-01 7.658789157867431641e-01 -2.723717689514160156e-01
4.786081612110137939e-01 -6.840584874153137207e-01 5.504526495933532715e-01 -1.940477043390274048e-01
0.000000000000000000e+00 0.000000000000000000e+00 0.000000000000000000e+00 1.000000000000000000e+00
7.890574932098388672e-01 4.483793377876281738e-01 -4.199334979057312012e-01 7.812662422657012939e-02
7.990590482950210571e-02 6.028572320938110352e-01 7.938374280929565430e-01 -2.849287688732147217e-01
6.091003417968750000e-01 -6.599385738372802734e-01 4.398609101772308350e-01 -1.616731733083724976e-01
0.000000000000000000e+00 0.000000000000000000e+00 0.000000000000000000e+00 1.000000000000000000e+00
