0.8962938189506531 0.4432429373264313 -0.01389096677303314 -0.02517188526690006 
-0.425238162279129 0.867929220199585 0.2566538751125336 -0.0540405847132206 
0.1258164644241333 -0.2241303026676178 0.9664035439491272 -0.2630763053894043 
0 0 0 1 

0.90021812915802 0.435171514749527 -0.0152620691806078 -0.02429506927728653 
-0.3992103040218353 0.8388095498085022 0.3701747953891754 -0.09153255075216293 
0.1738916337490082 -0.3271452486515045 0.9288366436958313 -0.253418356180191 
0 0 0 1 

0.904036819934845 0.4273237586021423 -0.01056522224098444 -0.02698316611349583 
-0.3760079741477966 0.806744396686554 0.4558301866054535 -0.1200496777892113 
0.2033106684684753 -0.4081146419048309 0.8900039196014404 -0.2439340204000473 
0 0 0 1 

0.9148405194282532 0.4036708772182465 -0.01079516019672155 -0.02986902743577957 
-0.3322154581546783 0.7675602436065674 0.5481640696525574 -0.1507874578237534 
0.2295639365911484 -0.4978963732719421 0.8363010287284851 -0.2309046685695648 
0 0 0 1 

0.9089604616165161 0.4167028367519379 0.01222932245582342 -0.03761286661028862 
-0.3314448297023773 0.704571008682251 0.6274740099906921 -0.1747299432754517 
0.2528539597988129 -0.574402391910553 0.7785412669181824 -0.216962605714798 
0 0 0 1 

0.9164069294929504 0.3991871178150177 0.0291193388402462 -0.04473253339529037 
-0.2944752275943756 0.6231697797775269 0.7245299220085144 -0.2056384086608887 
0.2710767686367035 -0.6725391745567322 0.6886278390884399 -0.1921999305486679 
0 0 0 1 

0.9241697788238525 0.3787095546722412 0.04989273846149445 -0.05235134810209274 
-0.2670738101005554 0.5472416877746582 0.793220043182373 -0.2282556891441345 
0.2730966806411743 -0.7463949918746948 0.6068876385688782 -0.1676235347986221 
0 0 0 1 

0.9315198659896851 0.360492616891861 0.04812313988804817 -0.05375099927186966 
-0.2270020097494125 0.47292760014534 0.8513574004173279 -0.2480336427688599 
0.2841493189334869 -0.8039804100990295 0.5223740339279175 -0.1436374187469482 
0 0 0 1 

0.9413107633590698 0.3331705331802368 0.05414291843771935 -0.05837384238839149 
-0.1954828351736069 0.4073237180709839 0.8921175599098206 -0.2616895437240601 
0.2751736342906952 -0.8503438830375671 0.4485473334789276 -0.1231012046337128 
0 0 0 1 

0.9569072723388672 0.2859227359294891 0.05076085403561592 -0.06011193618178368 
-0.1511086225509644 0.3409978151321411 0.9278396368026733 -0.2758215963840485 
0.2479811757802963 -0.8955268859863281 0.3695086538791656 -0.09861911088228226 
0 0 0 1 

