1.000000000000000000e+00 0.000000000000000000e+00 0.000000000000000000e+00 -4.146692231928954531e-01
0.000000000000000000e+00 -1.000000000000000000e+00 0.000000000000000000e+00 -7.693198940031911737e-02
0.000000000000000000e+00 0.000000000000000000e+00 -1.000000000000000000e+00 -3.421550398492883005e+00
0.000000000000000000e+00 0.000000000000000000e+00 0.000000000000000000e+00 1.000000000000000000e+00
9.901692271232604980e-01 -1.373274475336074829e-01 -2.656654268503189087e-02 -5.438564381641027845e-01
-1.356111764907836914e-01 -9.890517592430114746e-01 5.818909779191017151e-02 2.659090072380504988e-01
-3.426669910550117493e-02 -5.401433631777763367e-02 -9.979522228240966797e-01 -3.423571718444004208e+00
0.000000000000000000e+00 0.000000000000000000e+00 0.000000000000000000e+00 1.000000000000000000e+00
9.703647494316101074e-01 -2.376133501529693604e-01 -4.395830258727073669e-02 -6.084257443099120310e-01
-2.322513759136199951e-01 -9.673089385032653809e-01 1.018455997109413147e-01 5.547401469210375691e-01
-6.672117859125137329e-02 -8.861796557903289795e-02 -9.938281774520874023e-01 -3.397956727501341145e+00
0.000000000000000000e+00 0.000000000000000000e+00 0.000000000000000000e+00 1.000000000000000000e+00
9.380933642387390137e-01 -3.388333618640899658e-01 -7.191751152276992798e-02 -6.949949585790837769e-01
-3.263875842094421387e-01 -9.342014789581298828e-01 1.440076529979705811e-01 8.010905841630788782e-01
-1.159801483154296875e-01 -1.116195991635322571e-01 -9.869597554206848145e-01 -3.344204232075376648e+00
0.000000000000000000e+00 0.000000000000000000e+00 0.000000000000000000e+00 1.000000000000000000e+00
8.945977687835693359e-01 -4.461655914783477783e-01 -2.512349933385848999e-02 -4.685189239780375714e-01
-4.364082217216491699e-01 -8.843630552291870117e-01 1.656781733036041260e-01 9.585940304925293365e-01
-9.613824635744094849e-02 -1.372512429952621460e-01 -9.858599901199340820e-01 -3.351559092886610358e+00
0.000000000000000000e+00 0.000000000000000000e+00 0.000000000000000000e+00 1.000000000000000000e+00
8.225761055946350098e-01 -5.683065652847290039e-01 -1.991554722189903259e-02 -3.768748660901101166e-01
-5.547931194305419922e-01 -8.097174167633056641e-01 1.912120133638381958e-01 1.129805500665123086e+00
-1.247930973768234253e-01 -1.462373882532119751e-01 -9.813467264175415039e-01 -3.331506523507938411e+00
0.000000000000000000e+00 0.000000000000000000e+00 0.000000000000000000e+00 1.000000000000000000e+00
7.534079551696777344e-01 -6.570833921432495117e-01 2.485443465411663055e-02 -1.400485504795443426e-01
-6.504610180854797363e-01 -7.392125725746154785e-01 1.745421290397644043e-01 1.111209201999872276e+00
-9.631602466106414795e-02 -1.476681679487228394e-01 -9.843357205390930176e-01 -3.374373052805601514e+00
0.000000000000000000e+00 0.000000000000000000e+00 0.000000000000000000e+00 1.000000000000000000e+00
6.879796385765075684e-01 -7.234966158866882324e-01 5.689348280429840088e-02 2.399273452222747474e-02
-7.244058847427368164e-01 -6.798765063285827637e-01 1.140349134802818298e-01 8.874835706312597106e-01
-4.382335394620895386e-02 -1.196677014231681824e-01 -9.918466210365295410e-01 -3.461109877379383359e+00
0.000000000000000000e+00 0.000000000000000000e+00 0.000000000000000000e+00 1.000000000000000000e+00
5.903493762016296387e-01 -8.067991137504577637e-01 2.371657826006412506e-02 -6.417318602873114952e-02
-8.059551715850830078e-01 -5.876258611679077148e-01 7.164034992456436157e-02 7.312194064563570794e-01
-4.386288300156593323e-02 -6.140732392668724060e-02 -9.971485733985900879e-01 -3.547417550633392480e+00
0.000000000000000000e+00 0.000000000000000000e+00 0.000000000000000000e+00 1.000000000000000000e+00
5.007355213165283203e-01 -8.653213381767272949e-01 2.197191305458545685e-02 -1.200278888170372600e-02
-8.649162054061889648e-01 -4.991697669029235840e-01 5.243134498596191406e-02 6.659176562056469129e-01
-3.440228104591369629e-02 -4.525809362530708313e-02 -9.983835220336914062e-01 -3.592137531052675303e+00
0.000000000000000000e+00 0.000000000000000000e+00 0.000000000000000000e+00 1.000000000000000000e+00
4.006521403789520264e-01 -9.157617688179016113e-01 2.930122800171375275e-02 7.098075112105128870e-02
-9.162260890007019043e-01 -4.005381464958190918e-01 9.917804040014743805e-03 4.841288124501538781e-01
2.653912873938679695e-03 -3.082013875246047974e-02 -9.995214343070983887e-01 -3.640941860056684298e+00
0.000000000000000000e+00 0.000000000000000000e+00 0.000000000000000000e+00 1.000000000000000000e+00
2.938378453254699707e-01 -9.549989700317382812e-01 4.044250026345252991e-02 1.672330044268341975e-01
-9.550014138221740723e-01 -2.951003611087799072e-01 -2.979357726871967316e-02 3.158443180108398418e-01
4.038745909929275513e-02 -2.986819297075271606e-02 -9.987378716468811035e-01 -3.673503242482123010e+00
0.000000000000000000e+00 0.000000000000000000e+00 0.000000000000000000e+00 1.000000000000000000e+00
1.819042563438415527e-01 -9.816651940345764160e-01 5.696283280849456787e-02 2.879208365768390343e-01
-9.814331531524658203e-01 -1.848344802856445312e-01 -5.123952403664588928e-02 2.173247475478702340e-01
6.082871928811073303e-02 -4.658451303839683533e-02 -9.970603585243225098e-01 -3.681272777219209758e+00
0.000000000000000000e+00 0.000000000000000000e+00 0.000000000000000000e+00 1.000000000000000000e+00
9.751848876476287842e-02 -9.917649030685424805e-01 8.302276581525802612e-02 4.260285606455165297e-01
-9.908562302589416504e-01 -1.045667454600334167e-01 -8.526264131069183350e-02 6.919962558299970479e-02
9.324191510677337646e-02 -7.394892722368240356e-02 -9.928934574127197266e-01 -3.669931807281992420e+00
0.000000000000000000e+00 0.000000000000000000e+00 0.000000000000000000e+00 1.000000000000000000e+00
1.314060483127832413e-02 -9.968240857124328613e-01 7.854613661766052246e-02 4.671440577660473936e-01
-9.973673820495605469e-01 -1.866928115487098694e-02 -7.007350027561187744e-02 1.518427623603519627e-01
7.131737470626831055e-02 -7.741849869489669800e-02 -9.944449663162231445e-01 -3.604330943731898440e+00
0.000000000000000000e+00 0.000000000000000000e+00 0.000000000000000000e+00 1.000000000000000000e+00
-8.681213855743408203e-02 -9.085699319839477539e-01 4.086119532585144043e-01 1.798211941842380091e+00
-9.912884235382080078e-01 3.800144046545028687e-02 -1.261076480150222778e-01 -6.533809998377164419e-02
9.904967993497848511e-02 -4.160001277923583984e-01 -9.039539694786071777e-01 -3.198271411961696398e+00
0.000000000000000000e+00 0.000000000000000000e+00 0.000000000000000000e+00 1.000000000000000000e+00
-1.580204516649246216e-01 -8.879973888397216797e-01 4.318443834781646729e-01 1.904025145804796759e+00
-9.773147702217102051e-01 7.819449901580810547e-02 -1.968281716108322144e-01 -3.487448448115982869e-01
1.410150825977325439e-01 -4.531505703926086426e-01 -8.802095651626586914e-01 -3.126569360973872502e+00
0.000000000000000000e+00 0.000000000000000000e+00 0.000000000000000000e+00 1.000000000000000000e+00
-1.376918107271194458e-01 -8.274768590927124023e-01 5.443556308746337891e-01 2.248203470162788875e+00
-9.903645515441894531e-01 1.232406497001647949e-01 -6.316872686147689819e-02 1.501730793490562987e-01
-1.481606252491474152e-02 -5.478081107139587402e-01 -8.364726901054382324e-01 -2.874278366426642695e+00
0.000000000000000000e+00 0.000000000000000000e+00 0.000000000000000000e+00 1.000000000000000000e+00
-9.276719391345977783e-02 -7.541670203208923340e-01 6.500972509384155273e-01 2.520119261568338764e+00
-9.938565492630004883e-01 3.055932000279426575e-02 -1.063694730401039124e-01 2.825097396427500226e-02
6.035382300615310669e-02 -6.559710502624511719e-01 -7.523691058158874512e-01 -2.678899213828570325e+00
0.000000000000000000e+00 0.000000000000000000e+00 0.000000000000000000e+00 1.000000000000000000e+00
-5.416887626051902771e-02 -5.793988704681396484e-01 8.132421374320983887e-01 3.068992596812091023e+00
-9.858751893043518066e-01 -9.822890162467956543e-02 -1.356513500213623047e-01 -7.186018748848913007e-02
1.584802418947219849e-01 -8.091035485267639160e-01 -5.658941268920898438e-01 -1.998178011605984850e+00
0.000000000000000000e+00 0.000000000000000000e+00 0.000000000000000000e+00 1.000000000000000000e+00
-1.216088682413101196e-01 -4.346144497394561768e-01 8.923687338829040527e-01 3.340285170879368604e+00
-9.865225553512573242e-01 -4.623595252633094788e-02 -1.569583863019943237e-01 -2.001666687463684868e-01
1.094757243990898132e-01 -8.994287848472595215e-01 -4.231339991092681885e-01 -1.420061719443179049e+00
0.000000000000000000e+00 0.000000000000000000e+00 0.000000000000000000e+00 1.000000000000000000e+00
-1.934222280979156494e-01 -3.274675309658050537e-01 9.248527884483337402e-01 3.475020071495755758e+00
-9.745030999183654785e-01 -4.513260349631309509e-02 -2.197864055633544922e-01 -4.292621206348574692e-01
1.137139126658439636e-01 -9.437836408615112305e-01 -3.103886246681213379e-01 -1.011826528361672306e+00
0.000000000000000000e+00 0.000000000000000000e+00 0.000000000000000000e+00 1.000000000000000000e+00
-2.778199017047882080e-01 -1.977330595254898071e-01 9.400627613067626953e-01 3.570209970619562689e+00
-9.583967924118041992e-01 -9.679149836301803589e-03 -2.852741479873657227e-01 -6.841502131539033416e-01
6.550707668066024780e-02 -9.802080988883972168e-01 -1.868178397417068481e-01 -5.297178064667823483e-01
0.000000000000000000e+00 0.000000000000000000e+00 0.000000000000000000e+00 1.000000000000000000e+00
-1.617608368396759033e-01 8.640584349632263184e-01 4.766938984394073486e-01 1.794379396501905699e+00
-9.472816586494445801e-01 -5.787726258859038353e-04 -3.204008638858795166e-01 -7.885345931288725296e-01
-2.765689790248870850e-01 -5.033922195434570312e-01 8.185997009277343750e-01 3.325455657617225391e+00
0.000000000000000000e+00 0.000000000000000000e+00 0.000000000000000000e+00 1.000000000000000000e+00
-1.502868086099624634e-01 9.057559370994567871e-01 3.962590396404266357e-01 1.478558495134857820e+00
-9.681084156036376953e-01 -5.356222763657569885e-02 -2.447377294301986694e-01 -5.197943922271934802e-01
-2.004480957984924316e-01 -4.204028248786926270e-01 8.849194049835205078e-01 3.511949309696874799e+00
0.000000000000000000e+00 0.000000000000000000e+00 0.000000000000000000e+00 1.000000000000000000e+00
-7.848066091537475586e-02 8.918460011482238770e-01 4.454778432846069336e-01 1.585003878631782825e+00
-9.895083308219909668e-01 -1.531704328954219818e-02 -1.436602175235748291e-01 -1.158320359200062516e-01
-1.212994679808616638e-01 -4.520787298679351807e-01 8.836913108825683594e-01 3.450986382699021249e+00
0.000000000000000000e+00 0.000000000000000000e+00 0.000000000000000000e+00 1.000000000000000000e+00
2.303161285817623138e-02 8.757613897323608398e-01 4.821936786174774170e-01 1.616029795552059500e+00
-9.991247057914733887e-01 3.700522333383560181e-02 -1.948718167841434479e-02 3.731348989259412607e-01
-3.490989655256271362e-02 -4.813231527805328369e-01 8.758476972579956055e-01 3.356739927079003483e+00
0.000000000000000000e+00 0.000000000000000000e+00 0.000000000000000000e+00 1.000000000000000000e+00
5.300403758883476257e-02 8.740687370300292969e-01 4.829020202159881592e-01 1.584362736901038238e+00
-9.944974780082702637e-01 2.447495004162192345e-03 1.047274842858314514e-01 8.350244752371153156e-01
9.035716950893402100e-02 -4.857959449291229248e-01 8.693889379501342773e-01 3.237041868247705789e+00
0.000000000000000000e+00 0.000000000000000000e+00 0.000000000000000000e+00 1.000000000000000000e+00
2.795634046196937561e-02 8.858492374420166016e-01 4.631305336952209473e-01 1.558413904148576279e+00
-9.830664396286010742e-01 -5.957449972629547119e-02 1.732924729585647583e-01 9.915631928467157907e-01
1.811020076274871826e-01 -4.601323008537292480e-01 8.691836595535278320e-01 3.196543082255679735e+00
0.000000000000000000e+00 0.000000000000000000e+00 0.000000000000000000e+00 1.000000000000000000e+00
-4.289512336254119873e-02 8.868682980537414551e-01 4.600250124931335449e-01 1.632055408871901925e+00
-9.952861666679382324e-01 -7.801733165979385376e-02 5.760112032294273376e-02 5.603076528078936303e-01
8.697461336851119995e-02 -4.553865790367126465e-01 8.860356211662292480e-01 3.436716498091838545e+00
0.000000000000000000e+00 0.000000000000000000e+00 0.000000000000000000e+00 1.000000000000000000e+00
-4.337603226304054260e-02 8.883206844329833984e-01 4.571707844734191895e-01 1.595240602582741918e+00
-9.921712279319763184e-01 1.533697079867124557e-02 -1.239373609423637390e-01 -1.085475692823344579e-01
-1.171077936887741089e-01 -4.589676856994628906e-01 8.807011842727661133e-01 3.625370039464415495e+00
0.000000000000000000e+00 0.000000000000000000e+00 0.000000000000000000e+00 1.000000000000000000e+00
1.353200525045394897e-01 8.712177276611328125e-01 4.718770384788513184e-01 1.490049409509104139e+00
-9.851064682006835938e-01 1.692955642938613892e-01 -3.006863035261631012e-02 2.321152581989096297e-01
-1.060830950736999512e-01 -4.607802033424377441e-01 8.811517953872680664e-01 3.643616726301490250e+00
0.000000000000000000e+00 0.000000000000000000e+00 0.000000000000000000e+00 1.000000000000000000e+00
2.305434346199035645e-01 8.169725537300109863e-01 5.285878777503967285e-01 1.539155695586302830e+00
-9.460771083831787109e-01 3.152361810207366943e-01 -7.459050416946411133e-02 5.889513579487454936e-02
-2.275686413049697876e-01 -4.828888475894927979e-01 8.455950617790222168e-01 3.571120142147341081e+00
0.000000000000000000e+00 0.000000000000000000e+00 0.000000000000000000e+00 1.000000000000000000e+00
3.487226366996765137e-01 7.523525953292846680e-01 5.588904023170471191e-01 1.473942619373352692e+00
-9.080398082733154297e-01 4.188745915889739990e-01 2.706006169319152832e-03 3.199733483143017421e-01
-2.320691198110580444e-01 -5.084379911422729492e-01 8.292369246482849121e-01 3.440860824451376754e+00
0.000000000000000000e+00 0.000000000000000000e+00 0.000000000000000000e+00 1.000000000000000000e+00
3.694420158863067627e-01 7.457253932952880859e-01 5.544428229331970215e-01 1.432077615505086499e+00
-9.173422455787658691e-01 3.879032731056213379e-01 8.952318131923675537e-02 6.475585110408004219e-01
-1.483104079961776733e-01 -5.416870713233947754e-01 8.273925185203552246e-01 3.337400886400676558e+00
0.000000000000000000e+00 0.000000000000000000e+00 0.000000000000000000e+00 1.000000000000000000e+00
3.781330585479736328e-01 7.344304323196411133e-01 5.635843276977539062e-01 1.463407557697684158e+00
-9.231472611427307129e-01 3.447701334953308105e-01 1.700945794582366943e-01 9.472964927370721711e-01
-6.938453018665313721e-02 -5.845898985862731934e-01 8.083565235137939453e-01 3.194942296127949888e+00
0.000000000000000000e+00 0.000000000000000000e+00 0.000000000000000000e+00 1.000000000000000000e+00
5.417513251304626465e-01 6.282680630683898926e-01 5.583761930465698242e-01 1.383646251744445665e+00
-8.381725549697875977e-01 4.536073803901672363e-01 3.028309941291809082e-01 1.365912664658955666e+00
-6.302469968795776367e-02 -6.320749521255493164e-01 7.723396420478820801e-01 3.049603393864846357e+00
0.000000000000000000e+00 0.000000000000000000e+00 0.000000000000000000e+00 1.000000000000000000e+00
6.888599991798400879e-01 4.356290698051452637e-01 5.793954730033874512e-01 1.404117803797160446e+00
-7.072809338569641113e-01 5.790387392044067383e-01 4.055456519126892090e-01 1.706928626370021407e+00
-1.588251292705535889e-01 -6.891595721244812012e-01 7.069891095161437988e-01 2.985600558843640506e+00
0.000000000000000000e+00 0.000000000000000000e+00 0.000000000000000000e+00 1.000000000000000000e+00
7.206428647041320801e-01 3.557777106761932373e-01 5.950596332550048828e-01 1.411173465134046845e+00
-6.396937370300292969e-01 6.721570491790771484e-01 3.728229105472564697e-01 1.560744864761727246e+00
-2.673315107822418213e-01 -6.493280529975891113e-01 7.119732499122619629e-01 3.121953825280374240e+00
0.000000000000000000e+00 0.000000000000000000e+00 0.000000000000000000e+00 1.000000000000000000e+00
7.678365111351013184e-01 2.653238773345947266e-01 5.831215381622314453e-01 1.426095090992522740e+00
-5.582156777381896973e-01 7.237169146537780762e-01 4.057451188564300537e-01 1.591977773945074892e+00
-3.143611848354339600e-01 -6.370534300804138184e-01 7.038038372993469238e-01 3.089449318331050076e+00
0.000000000000000000e+00 0.000000000000000000e+00 0.000000000000000000e+00 1.000000000000000000e+00
7.617694139480590820e-01 2.692580819129943848e-01 5.892427563667297363e-01 1.521812811769664542e+00
-5.370056033134460449e-01 7.712221145629882812e-01 3.418224751949310303e-01 1.278216540388043887e+00
-3.623983561992645264e-01 -5.768162608146667480e-01 7.320860028266906738e-01 3.231252634178967575e+00
0.000000000000000000e+00 0.000000000000000000e+00 0.000000000000000000e+00 1.000000000000000000e+00
7.483199834823608398e-01 3.679016828536987305e-01 5.519651770591735840e-01 1.481397960192388785e+00
-5.813412666320800781e-01 7.644754648208618164e-01 2.786006331443786621e-01 1.003779872766167758e+00
-3.194663226604461670e-01 -5.293632745742797852e-01 7.859489917755126953e-01 3.395306670382415515e+00
0.000000000000000000e+00 0.000000000000000000e+00 0.000000000000000000e+00 1.000000000000000000e+00
8.222503066062927246e-01 2.104818671941757202e-01 5.287739038467407227e-01 1.443286737747675019e+00
-5.251416563987731934e-01 6.387429237365722656e-01 5.623465180397033691e-01 2.046947457574844975e+00
-2.193868756294250488e-01 -7.400709390640258789e-01 6.357391476631164551e-01 2.913524508512882250e+00
0.000000000000000000e+00 0.000000000000000000e+00 0.000000000000000000e+00 1.000000000000000000e+00
8.551443815231323242e-01 1.308010667562484741e-01 5.016159415245056152e-01 1.333528185417156786e+00
-4.758194983005523682e-01 5.820680856704711914e-01 6.593871116638183594e-01 2.413081611562210682e+00
-2.057264745235443115e-01 -8.025501370429992676e-01 5.599901676177978516e-01 2.619563610215452254e+00
0.000000000000000000e+00 0.000000000000000000e+00 0.000000000000000000e+00 1.000000000000000000e+00
8.758774995803833008e-01 3.424936160445213318e-02 4.813166260719299316e-01 1.263812898219966785e+00
-4.287117123603820801e-01 5.130302309989929199e-01 7.436435818672180176e-01 2.739058404764164401e+00
-2.214608490467071533e-01 -8.576866388320922852e-01 4.640351533889770508e-01 2.268325143422455614e+00
0.000000000000000000e+00 0.000000000000000000e+00 0.000000000000000000e+00 1.000000000000000000e+00
8.719691038131713867e-01 -1.581999063491821289e-01 4.632953703403472900e-01 1.229965009759812489e+00
-3.639807105064392090e-01 4.233800172805786133e-01 8.296187520027160645e-01 3.066082913176116698e+00
-3.273957073688507080e-01 -8.920323252677917480e-01 3.115926384925842285e-01 1.751939597185048214e+00
0.000000000000000000e+00 0.000000000000000000e+00 0.000000000000000000e+00 1.000000000000000000e+00
9.251896142959594727e-01 3.580511212348937988e-01 1.257906556129455566e-01 -1.576535569923508684e-01
-2.457281947135925293e-01 3.125972449779510498e-01 9.175512194633483887e-01 3.332457654408700343e+00
2.892085313796997070e-01 -8.798191547393798828e-01 3.771950602531433105e-01 1.571325835236064838e+00
0.000000000000000000e+00 0.000000000000000000e+00 0.000000000000000000e+00 1.000000000000000000e+00
9.649125337600708008e-01 2.235908210277557373e-01 1.376612037420272827e-01 -1.129120974633384400e-01
-1.886270046234130859e-01 2.255580723285675049e-01 9.557948708534240723e-01 3.447211683216305556e+00
1.826563328504562378e-01 -9.482253789901733398e-01 2.598190903663635254e-01 1.184171711726299314e+00
0.000000000000000000e+00 0.000000000000000000e+00 0.000000000000000000e+00 1.000000000000000000e+00
9.755631685256958008e-01 1.793910115957260132e-01 1.268685311079025269e-01 -1.492481587410533772e-01
-1.484503448009490967e-01 1.124565675854682922e-01 9.825049042701721191e-01 3.520073649217008160e+00
1.619853228330612183e-01 -9.773292541503906250e-01 1.363390833139419556e-01 7.053223854875849685e-01
0.000000000000000000e+00 0.000000000000000000e+00 0.000000000000000000e+00 1.000000000000000000e+00
9.705744385719299316e-01 2.053124159574508667e-01 1.258264631032943726e-01 -1.642429256000627891e-01
-1.407635658979415894e-01 5.978813767433166504e-02 9.882364273071289062e-01 3.522744383695399772e+00
1.953743845224380493e-01 -9.768690466880798340e-01 8.692938089370727539e-02 4.840181413395804322e-01
0.000000000000000000e+00 0.000000000000000000e+00 0.000000000000000000e+00 1.000000000000000000e+00
9.859035611152648926e-01 -1.382198333740234375e-01 9.428576380014419556e-02 -2.440310319670458972e-01
-9.982784092426300049e-02 -3.371227905154228210e-02 9.944333434104919434e-01 3.511383076466723097e+00
-1.342719197273254395e-01 -9.898273944854736328e-01 -4.703520238399505615e-02 1.502679570709100354e-01
0.000000000000000000e+00 0.000000000000000000e+00 0.000000000000000000e+00 1.000000000000000000e+00
9.900210499763488770e-01 -1.306504905223846436e-01 5.281238257884979248e-02 -4.014741127343476879e-01
-6.949017941951751709e-02 -1.265809237957000732e-01 9.895194768905639648e-01 3.446194818643350644e+00
-1.225961446762084961e-01 -9.833146333694458008e-01 -1.343965530395507812e-01 -2.241292987587623631e-01
0.000000000000000000e+00 0.000000000000000000e+00 0.000000000000000000e+00 1.000000000000000000e+00
9.847217202186584473e-01 -7.582930475473403931e-02 1.567578017711639404e-01 -6.627301137188312818e-02
-1.672624796628952026e-01 -1.614755392074584961e-01 9.725991487503051758e-01 3.471850139469076613e+00
-4.843895137310028076e-02 -9.839591383934020996e-01 -1.716918349266052246e-01 -2.861202715311251255e-01
0.000000000000000000e+00 0.000000000000000000e+00 0.000000000000000000e+00 1.000000000000000000e+00
6.005495190620422363e-01 -7.989995479583740234e-01 3.065175749361515045e-02 -1.113047620383591368e-01
-2.705493569374084473e-01 -1.669799089431762695e-01 9.481143951416015625e-01 3.499148299804871076e+00
-7.524250745773315430e-01 -5.776825547218322754e-01 -3.164485096931457520e-01 -3.836978203772085649e-01
0.000000000000000000e+00 0.000000000000000000e+00 0.000000000000000000e+00 1.000000000000000000e+00
5.680184364318847656e-01 -8.228902220726013184e-01 1.440023537725210190e-02 -7.032213055421721037e-02
-3.668932616710662842e-01 -2.375167906284332275e-01 8.994301557540893555e-01 3.494242186765255109e+00
-7.367118000984191895e-01 -5.161763429641723633e-01 -4.368270039558410645e-01 -8.075180121885985329e-01
0.000000000000000000e+00 0.000000000000000000e+00 0.000000000000000000e+00 1.000000000000000000e+00
5.922173261642456055e-01 -8.044736385345458984e-01 -4.583254829049110413e-02 -3.192225657644173764e-01
-3.933860957622528076e-01 -3.382967710494995117e-01 8.548693060874938965e-01 3.404837730011779140e+00
-7.032248377799987793e-01 -4.882391095161437988e-01 -5.168140530586242676e-01 -1.136546691733874015e+00
0.000000000000000000e+00 0.000000000000000000e+00 0.000000000000000000e+00 1.000000000000000000e+00
8.858015537261962891e-01 -1.995470672845840454e-01 4.189713001251220703e-01 9.878293038227419220e-01
-4.638056457042694092e-01 -4.108316004276275635e-01 7.849212884902954102e-01 3.264749640643530793e+00
1.549779251217842102e-02 -8.896054029464721680e-01 -4.564662277698516846e-01 -1.310312904883571550e+00
0.000000000000000000e+00 0.000000000000000000e+00 0.000000000000000000e+00 1.000000000000000000e+00
8.767672777175903320e-01 -1.787251830101013184e-01 4.464719891548156738e-01 1.093961958376001187e+00
-4.715154469013214111e-01 -5.021270513534545898e-01 7.249419689178466797e-01 3.059132729994933353e+00
9.462019801139831543e-02 -8.461238741874694824e-01 -5.245202779769897461e-01 -1.647424709859236946e+00
0.000000000000000000e+00 0.000000000000000000e+00 0.000000000000000000e+00 1.000000000000000000e+00
8.667595982551574707e-01 -1.593912690877914429e-01 4.725691676139831543e-01 1.191153184859325531e+00
-4.695293903350830078e-01 -5.802465081214904785e-01 6.654744148254394531e-01 2.869233788045377764e+00
1.681357920169830322e-01 -7.986913919448852539e-01 -5.777727961540222168e-01 -1.868521056907050504e+00
0.000000000000000000e+00 0.000000000000000000e+00 0.000000000000000000e+00 1.000000000000000000e+00
8.480998873710632324e-01 -1.144119799137115479e-01 5.173355340957641602e-01 1.324581586849393311e+00
-4.464627802371978760e-01 -6.800878047943115234e-01 5.815077424049377441e-01 2.580635902445682639e+00
2.853022515773773193e-01 -7.241479754447937012e-01 -6.278629899024963379e-01 -2.129385943303566897e+00
0.000000000000000000e+00 0.000000000000000000e+00 0.000000000000000000e+00 1.000000000000000000e+00
8.316543698310852051e-01 -1.273669600486755371e-01 5.404893159866333008e-01 1.430142729042666483e+00
-4.459467828273773193e-01 -7.331727743148803711e-01 5.134075284004211426e-01 2.349513615408388656e+00
3.308810591697692871e-01 -6.680074930191040039e-01 -6.665459871292114258e-01 -2.320569926313452935e+00
0.000000000000000000e+00 0.000000000000000000e+00 0.000000000000000000e+00 1.000000000000000000e+00
8.071458935737609863e-01 -1.634566634893417358e-01 5.672708153724670410e-01 1.565159852665530593e+00
-4.495317041873931885e-01 -7.930385470390319824e-01 4.111086726188659668e-01 1.999770111887563484e+00
3.826693594455718994e-01 -5.868316292762756348e-01 -7.135775685310363770e-01 -2.555111808264645568e+00
0.000000000000000000e+00 0.000000000000000000e+00 0.000000000000000000e+00 1.000000000000000000e+00
7.785271406173706055e-01 -2.214515358209609985e-01 5.872435569763183594e-01 1.686577274374760016e+00
-4.582814276218414307e-01 -8.398760557174682617e-01 2.908379435539245605e-01 1.584117755495988433e+00
4.288048446178436279e-01 -4.955476522445678711e-01 -7.553527355194091797e-01 -2.772987107515178185e+00
0.000000000000000000e+00 0.000000000000000000e+00 0.000000000000000000e+00 1.000000000000000000e+00
7.510598897933959961e-01 -2.853348553180694580e-01 5.953928828239440918e-01 1.759023532350044494e+00
-4.648909270763397217e-01 -8.688871264457702637e-01 1.700341403484344482e-01 1.157512216504340108e+00
4.688127338886260986e-01 -4.044988453388214111e-01 -7.852360606193542480e-01 -2.943788126335146860e+00
0.000000000000000000e+00 0.000000000000000000e+00 0.000000000000000000e+00 1.000000000000000000e+00
7.358722686767578125e-01 -3.604716360569000244e-01 5.731943249702453613e-01 1.709747998643923461e+00
-4.395357668399810791e-01 -8.982247710227966309e-01 -5.977145629003643990e-04 5.379448619119283626e-01
5.150725841522216797e-01 -2.514994442462921143e-01 -8.194190859794616699e-01 -3.131471337615225892e+00
0.000000000000000000e+00 0.000000000000000000e+00 0.000000000000000000e+00 1.000000000000000000e+00
7.291167378425598145e-01 -3.971888124942779541e-01 5.573419332504272461e-01 1.642604947941490590e+00
-3.737340271472930908e-01 -9.132906198501586914e-01 -1.619347482919692993e-01 -1.147554844127425672e-01
5.733342170715332031e-01 -9.022854268550872803e-02 -8.143385648727416992e-01 -3.128856099813527969e+00
0.000000000000000000e+00 0.000000000000000000e+00 0.000000000000000000e+00 1.000000000000000000e+00
7.211173772811889648e-01 -4.168532490730285645e-01 5.533749461174011230e-01 1.613490736418369265e+00
-2.993317544460296631e-01 -9.077988266944885254e-01 -2.937709689140319824e-01 -6.601468232969281980e-01
6.248124837875366211e-01 4.620055481791496277e-02 -7.794064879417419434e-01 -3.037515463973174512e+00
0.000000000000000000e+00 0.000000000000000000e+00 0.000000000000000000e+00 1.000000000000000000e+00
7.183523774147033691e-01 -4.450005590915679932e-01 5.347374677658081055e-01 1.543762436801644045e+00
-2.430512905120849609e-01 -8.807552456855773926e-01 -4.064424335956573486e-01 -1.110228145929626598e+00
6.518403887748718262e-01 1.620002985000610352e-01 -7.408508062362670898e-01 -2.908183733587658359e+00
0.000000000000000000e+00 0.000000000000000000e+00 0.000000000000000000e+00 1.000000000000000000e+00
7.132499814033508301e-01 -4.645047187805175781e-01 5.248898267745971680e-01 1.506277016944116642e+00
-1.596712917089462280e-01 -8.368592262268066406e-01 -5.236137509346008301e-01 -1.613862899821889574e+00
6.824802160263061523e-01 2.896574437618255615e-01 -6.710581779479980469e-01 -2.679920904199498910e+00
0.000000000000000000e+00 0.000000000000000000e+00 0.000000000000000000e+00 1.000000000000000000e+00
6.890454292297363281e-01 -5.010813474655151367e-01 5.235777497291564941e-01 1.515222839937205856e+00
-9.731797128915786743e-02 -7.798889279365539551e-01 -6.183059215545654297e-01 -2.022781199841515942e+00
7.181538939476013184e-01 3.750872910022735596e-01 -5.861434340476989746e-01 -2.396309446705690682e+00
0.000000000000000000e+00 0.000000000000000000e+00 0.000000000000000000e+00 1.000000000000000000e+00
7.058584094047546387e-01 -5.046762228012084961e-01 4.970568418502807617e-01 1.407691996596133199e+00
-3.137661889195442200e-02 -7.232953310012817383e-01 -6.898256540298461914e-01 -2.354110837095475528e+00
7.076574563980102539e-01 4.713231623172760010e-01 -5.263791084289550781e-01 -2.182655169532486283e+00
0.000000000000000000e+00 0.000000000000000000e+00 0.000000000000000000e+00 1.000000000000000000e+00
7.181037664413452148e-01 -5.097584724426269531e-01 4.737862050533294678e-01 1.314668880762358549e+00
1.833495497703552246e-02 -6.666961312294006348e-01 -7.451041936874389648e-01 -2.613683960784483507e+00
6.956945657730102539e-01 5.437488555908203125e-01 -4.694106280803680420e-01 -1.988162412612161312e+00
0.000000000000000000e+00 0.000000000000000000e+00 0.000000000000000000e+00 1.000000000000000000e+00
7.481707334518432617e-01 -5.000390410423278809e-01 4.361206293106079102e-01 1.153975237272671484e+00
6.207232549786567688e-02 -6.016657948493957520e-01 -7.963322997093200684e-01 -2.857050676079576412e+00
6.605965495109558105e-01 6.228636503219604492e-01 -4.191103279590606689e-01 -1.818641092004767978e+00
0.000000000000000000e+00 0.000000000000000000e+00 0.000000000000000000e+00 1.000000000000000000e+00
7.893165349960327148e-01 -4.809893667697906494e-01 3.816131055355072021e-01 9.197833980244742857e-01
1.062794551253318787e-01 -5.051180124282836914e-01 -8.564813733100891113e-01 -3.162589008414918190e+00
6.047180891036987305e-01 7.165925502777099609e-01 -3.475787639617919922e-01 -1.560345943029058269e+00
0.000000000000000000e+00 0.000000000000000000e+00 0.000000000000000000e+00 1.000000000000000000e+00
8.692578673362731934e-01 -3.996702432632446289e-01 2.909546494483947754e-01 5.460270254006548418e-01
1.262720674276351929e-01 -3.895228207111358643e-01 -9.123196601867675781e-01 -3.426133763835989665e+00
4.779604673385620117e-01 8.297804594039916992e-01 -2.881285846233367920e-01 -1.285392139449359705e+00
0.000000000000000000e+00 0.000000000000000000e+00 0.000000000000000000e+00 1.000000000000000000e+00
8.880075216293334961e-01 -3.745561838150024414e-01 2.667402625083923340e-01 4.359661712970921976e-01
1.534157842397689819e-01 -3.055180907249450684e-01 -9.397458434104919434e-01 -3.568479292556197890e+00
4.334816038608551025e-01 8.754236698150634766e-01 -2.138395309448242188e-01 -9.974412554779482631e-01
0.000000000000000000e+00 0.000000000000000000e+00 0.000000000000000000e+00 1.000000000000000000e+00
8.956255316734313965e-01 -3.602649271488189697e-01 2.608910202980041504e-01 4.006208635782979033e-01
1.954564601182937622e-01 -2.081138640642166138e-01 -9.583765268325805664e-01 -3.690684008734792965e+00
3.995643854141235352e-01 9.093393087387084961e-01 -1.159759089350700378e-01 -6.375168693827125699e-01
0.000000000000000000e+00 0.000000000000000000e+00 0.000000000000000000e+00 1.000000000000000000e+00
9.699346423149108887e-01 -1.000965163111686707e-01 2.218273878097534180e-01 1.814769288261693370e-01
2.102575302124023438e-01 -1.143343076109886169e-01 -9.709373712539672852e-01 -3.774336803703751908e+00
1.225498989224433899e-01 9.883867502212524414e-01 -8.985082060098648071e-02 -3.588531258922998957e-01
0.000000000000000000e+00 0.000000000000000000e+00 0.000000000000000000e+00 1.000000000000000000e+00
9.794335365295410156e-01 9.791570156812667847e-02 1.764155775308609009e-01 -3.362421252456231774e-02
1.795867681503295898e-01 -2.450826391577720642e-02 -9.834368228912353516e-01 -3.844652816573659315e+00
-9.197026491165161133e-02 9.948928952217102051e-01 -4.158857837319374084e-02 -2.066565132908304396e-03
0.000000000000000000e+00 0.000000000000000000e+00 0.000000000000000000e+00 1.000000000000000000e+00
9.756900072097778320e-01 -1.449143439531326294e-01 1.644045263528823853e-01 -7.314924566224721703e-02
1.759988516569137573e-01 7.111036032438278198e-02 -9.818185567855834961e-01 -3.888881599699226754e+00
1.305887252092361450e-01 9.868853092193603516e-01 9.488645195960998535e-02 4.184521786498295315e-01
0.000000000000000000e+00 0.000000000000000000e+00 0.000000000000000000e+00 1.000000000000000000e+00
9.597429037094116211e-01 -2.329521179199218750e-01 1.569299846887588501e-01 -8.310008955670290798e-02
1.868875175714492798e-01 1.125276312232017517e-01 -9.759148359298706055e-01 -3.899583151404975911e+00
2.096825838088989258e-01 9.659557342529296875e-01 1.515335142612457275e-01 6.357544574785096714e-01
0.000000000000000000e+00 0.000000000000000000e+00 0.000000000000000000e+00 1.000000000000000000e+00
9.165124893188476562e-01 -3.826850950717926025e-01 1.164350062608718872e-01 -1.988099225894684741e-01
1.537971496582031250e-01 6.842025369405746460e-02 -9.857305884361267090e-01 -3.915784044601207103e+00
3.692579269409179688e-01 9.213418364524841309e-01 1.215638667345046997e-01 3.805463973188382698e-01
0.000000000000000000e+00 0.000000000000000000e+00 0.000000000000000000e+00 1.000000000000000000e+00
9.520063400268554688e-01 -2.980322539806365967e-01 6.971903145313262939e-02 -3.659408143320024287e-01
5.370890349149703979e-02 -6.158610805869102478e-02 -9.966557621955871582e-01 -3.868208915280979987e+00
3.013292849063873291e-01 9.525672197341918945e-01 -4.262337833642959595e-02 -2.045392950420803491e-01
0.000000000000000000e+00 0.000000000000000000e+00 0.000000000000000000e+00 1.000000000000000000e+00
8.675785660743713379e-01 -4.937115609645843506e-01 5.963328480720520020e-02 -3.293263648337000915e-01
-4.314969107508659363e-02 -1.941967755556106567e-01 -9.800129532814025879e-01 -3.713278394845997088e+00
4.954245090484619141e-01 8.476650714874267578e-01 -1.897846013307571411e-01 -8.792681488062279449e-01
0.000000000000000000e+00 0.000000000000000000e+00 0.000000000000000000e+00 1.000000000000000000e+00
7.804735898971557617e-01 -6.216249465942382812e-01 6.665934622287750244e-02 -2.084376049837023959e-01
-1.696796268224716187e-01 -3.132379949092864990e-01 -9.343934059143066406e-01 -3.420941205216669889e+00
6.017224788665771484e-01 7.179584503173828125e-01 -3.499510586261749268e-01 -1.552839586631446833e+00
0.000000000000000000e+00 0.000000000000000000e+00 0.000000000000000000e+00 1.000000000000000000e+00
9.461538791656494141e-01 -2.098882496356964111e-01 -2.464545667171478271e-01 -1.408876373050621966e+00
-3.126662671566009521e-01 -3.952873945236206055e-01 -8.637057542800903320e-01 -3.019932215725428915e+00
8.386132866144180298e-02 8.942565321922302246e-01 -4.396276175975799561e-01 -1.597408933213990245e+00
0.000000000000000000e+00 0.000000000000000000e+00 0.000000000000000000e+00 1.000000000000000000e+00
8.810598254203796387e-01 -4.151359796524047852e-01 -2.267060428857803345e-01 -1.240470845874637185e+00
-4.308974742889404297e-01 -5.067473053932189941e-01 -7.466824650764465332e-01 -2.472266708774434107e+00
1.950921267271041870e-01 7.555589079856872559e-01 -6.253556609153747559e-01 -2.318659772065646330e+00
0.000000000000000000e+00 0.000000000000000000e+00 0.000000000000000000e+00 1.000000000000000000e+00
8.054714798927307129e-01 -5.371499061584472656e-01 -2.503702342510223389e-01 -1.216230173254811975e+00
-5.696146488189697266e-01 -5.851004719734191895e-01 -5.772320032119750977e-01 -1.747283459890250468e+00
1.635683029890060425e-01 6.075582504272460938e-01 -7.772502303123474121e-01 -2.808886563338751419e+00
0.000000000000000000e+00 0.000000000000000000e+00 0.000000000000000000e+00 1.000000000000000000e+00
7.374203801155090332e-01 -6.232150793075561523e-01 -2.604109644889831543e-01 -1.140016518211693253e+00
-6.675148606300354004e-01 -6.135668158531188965e-01 -4.218524098396301270e-01 -1.114588082048616702e+00
1.031254827976226807e-01 4.849107265472412109e-01 -8.684619069099426270e-01 -3.072584537845477026e+00
0.000000000000000000e+00 0.000000000000000000e+00 0.000000000000000000e+00 1.000000000000000000e+00
6.591861844062805176e-01 -7.259851694107055664e-01 -1.960084587335586548e-01 -7.751888628506469203e-01
-7.479497790336608887e-01 -6.060393452644348145e-01 -2.707147002220153809e-01 -5.325439781228449299e-01
7.774607092142105103e-02 3.250559866428375244e-01 -9.424935579299926758e-01 -3.265980115126576599e+00
0.000000000000000000e+00 0.000000000000000000e+00 0.000000000000000000e+00 1.000000000000000000e+00
6.871455311775207520e-01 -7.110812664031982422e-01 -1.489760875701904297e-01 -6.176571080455849350e-01
-7.254278659820556641e-01 -6.602979302406311035e-01 -1.943209767341613770e-01 -2.198986672596680292e-01
3.980941697955131531e-02 2.415984570980072021e-01 -9.695594906806945801e-01 -3.302001249999048760e+00
0.000000000000000000e+00 0.000000000000000000e+00 0.000000000000000000e+00 1.000000000000000000e+00
6.933373212814331055e-01 -7.036111950874328613e-01 -1.556106358766555786e-01 -6.502704970616828284e-01
-7.165344953536987305e-01 -6.960890293121337891e-01 -4.514078795909881592e-02 3.078214288801528475e-01
-7.655724883079528809e-02 1.427982300519943237e-01 -9.867865443229675293e-01 -3.244089606119770597e+00
0.000000000000000000e+00 0.000000000000000000e+00 0.000000000000000000e+00 1.000000000000000000e+00
6.798586845397949219e-01 -7.181621193885803223e-01 -1.484409570693969727e-01 -6.067316306963763672e-01
-7.229838967323303223e-01 -6.902825236320495605e-01 2.834828756749629974e-02 5.458087582343863486e-01
-1.228249594569206238e-01 8.804770559072494507e-02 -9.885149002075195312e-01 -3.191556314081785750e+00
0.000000000000000000e+00 0.000000000000000000e+00 0.000000000000000000e+00 1.000000000000000000e+00
6.691887974739074707e-01 -7.335047125816345215e-01 -1.189828217029571533e-01 -4.905078447935142250e-01
-7.294714450836181641e-01 -6.789636611938476562e-01 8.294206112623214722e-02 7.036639276786262887e-01
-1.416233479976654053e-01 3.129072487354278564e-02 -9.894258975982666016e-01 -3.147931100402741933e+00
0.000000000000000000e+00 0.000000000000000000e+00 0.000000000000000000e+00 1.000000000000000000e+00
5.926274657249450684e-01 -7.934181690216064453e-01 -1.388541460037231445e-01 -4.769105988663483453e-01
-7.592701911926269531e-01 -6.078153848648071289e-01 2.325271219015121460e-01 1.199846615400477878e+00
-2.688889503479003906e-01 -3.237412124872207642e-02 -9.626267552375793457e-01 -2.975445361040293779e+00
0.000000000000000000e+00 0.000000000000000000e+00 0.000000000000000000e+00 1.000000000000000000e+00
5.908608436584472656e-01 -7.916560769081115723e-01 -1.554493606090545654e-01 -5.218987557730071503e-01
-6.793807744979858398e-01 -5.921553969383239746e-01 4.333517551422119141e-01 1.845144650824466881e+00
-4.351157248020172119e-01 -1.504411399364471436e-01 -8.877173066139221191e-01 -2.596648485520796523e+00
0.000000000000000000e+00 0.000000000000000000e+00 0.000000000000000000e+00 1.000000000000000000e+00
6.163995862007141113e-01 -7.713473439216613770e-01 -1.583505272865295410e-01 -5.648792514603083736e-01
-6.087357401847839355e-01 -5.943427681922912598e-01 5.255450010299682617e-01 2.125804271107936128e+00
-4.994920492172241211e-01 -2.275519967079162598e-01 -8.358991742134094238e-01 -2.355873740787172821e+00
0.000000000000000000e+00 0.000000000000000000e+00 0.000000000000000000e+00 1.000000000000000000e+00
6.804894208908081055e-01 -7.171778082847595215e-01 -1.502995640039443970e-01 -5.960486496953283364e-01
-4.992067813873291016e-01 -6.038913130760192871e-01 6.213753223419189453e-01 2.395859889744688775e+00
-5.364012122154235840e-01 -3.478087484836578369e-01 -7.689617872238159180e-01 -2.049558627328050164e+00
0.000000000000000000e+00 0.000000000000000000e+00 0.000000000000000000e+00 1.000000000000000000e+00
7.617294788360595703e-01 -6.358185410499572754e-01 -1.245106384158134460e-01 -5.838512298802879252e-01
