0.1717239916324615 0.7582051157951355 -0.628995954990387 0.1980165541172028 
0.1394836902618408 0.6133354902267456 0.7774084806442261 -0.2339877486228943 
0.9752205610275269 -0.2212343364953995 -0.0004327996866777539 0.04107941314578056 
0 0 0 1 

0.242376372218132 0.7930705547332764 -0.5588316321372986 0.174589142203331 
0.1260470300912857 0.545383632183075 0.8286548256874084 -0.2454345673322678 
0.9619593620300293 -0.2712854444980621 0.03222391754388809 0.0206720344722271 
0 0 0 1 

0.3762104213237762 0.7759199738502502 -0.5063734650611877 0.1564060598611832 
0.1089262291789055 0.5056954622268677 0.8558079600334167 -0.2488440424203873 
0.9201091527938843 -0.3771212697029114 0.1057298555970192 -0.008237003348767757 
0 0 0 1 

0.3539837300777435 0.6818239688873291 -0.6401652693748474 0.1917134970426559 
0.3368796110153198 0.5455828905105591 0.7673664689064026 -0.2882412374019623 
0.8724721074104309 -0.4872938692569733 -0.03656520321965218 -0.002591466996818781 
0 0 0 1 

0.300321638584137 0.6938052773475647 -0.6545540690422058 0.2019116580486298 
0.3893604278564453 0.5372831225395203 0.7481478452682495 -0.2829912006855011 
0.870749831199646 -0.479542464017868 -0.1087826117873192 0.02715496905148029 
0 0 0 1 

0.6162834167480469 0.4913535416126251 -0.6154400110244751 0.193802997469902 
0.3524989783763885 0.5267213582992554 0.7735044360160828 -0.2522275149822235 
0.704229474067688 -0.6936399340629578 0.1514080166816711 -0.001769097638316453 
0 0 0 1 

0.6485962867736816 0.5341392159461975 -0.5422342419624329 0.1633744090795517 
0.3089330494403839 0.4663384556770325 0.8289081454277039 -0.2681800425052643 
0.6956170201301575 -0.7051408886909485 0.1374521851539612 -0.001095654908567667 
0 0 0 1 

0.7578765749931335 0.5105937123298645 -0.4060999155044556 0.1167302876710892 
0.2482744604349136 0.3499107956886292 0.9032841324806213 -0.2901337444782257 
0.6033099293708801 -0.7854021191596985 0.1384218633174896 -0.00467279925942421 
0 0 0 1 

0.8038463592529297 0.529670238494873 -0.2707035839557648 0.07708866894245148 
0.1750767827033997 0.2242562770843506 0.9586747288703918 -0.3067205548286438 
0.5684884786605835 -0.8180211186408997 0.08753469586372375 0.009233608841896057 
0 0 0 1 

0.826877236366272 0.5243672728538513 -0.2032558619976044 0.06104762479662895 
0.154822438955307 0.1352039873600006 0.9786469340324402 -0.3125058114528656 
0.5406514406204224 -0.840689480304718 0.03061334602534771 0.0258344616740942 
0 0 0 1 

