-0.4698209166526794 -0.4583946466445923 0.7544154524803162 -0.2021398693323135 
-0.8826013207435608 0.2276277095079422 -0.4113399684429169 0.1694485247135162 
0.01683015190064907 -0.8591042160987854 -0.511523962020874 0.1510635763406754 
0 0 0 1 

-0.4933782815933228 -0.5252200365066528 0.6933410167694092 -0.1848305463790894 
-0.8698071241378784 0.294557511806488 -0.3958174288272858 0.1650522947311401 
0.003662492148578167 -0.7983606457710266 -0.6021683216094971 0.1816770881414413 
0 0 0 1 

-0.4639650881290436 -0.5849615335464478 0.6652489900588989 -0.1806934326887131 
-0.8841271996498108 0.3526346385478973 -0.3065416812896729 0.1383024603128433 
-0.05527472123503685 -0.7303894758224487 -0.6807904839515686 0.2104586362838745 
0 0 0 1 

-0.2456180155277252 -0.7687811851501465 0.5904634594917297 -0.1798411011695862 
-0.6879945397377014 0.5673595666885376 0.4525113105773926 -0.09970174729824066 
-0.6828873157501221 -0.2950907051563263 -0.6682709455490112 0.2445134371519089 
0 0 0 1 

-0.1844379752874374 -0.7434588074684143 0.6428462862968445 -0.1980366408824921 
-0.7346583604812622 0.5387707352638245 0.412314385175705 -0.08476138114929199 
-0.6528854966163635 -0.3962259590625763 -0.6455579996109009 0.2356878221035004 
0 0 0 1 

-0.1132092922925949 -0.7056251168251038 0.6994829773902893 -0.2187934368848801 
-0.780706524848938 0.4986286759376526 0.3766517341136932 -0.07187063246965408 
-0.6145572066307068 -0.5034505128860474 -0.60733562707901 0.2217276841402054 
0 0 0 1 

-0.0631246343255043 -0.6518903374671936 0.7556813359260559 -0.2382481545209885 
-0.8136483430862427 0.4720864593982697 0.3392796814441681 -0.05848167091608047 
-0.5779200792312622 -0.5934420228004456 -0.5602096915245056 0.2054065614938736 
0 0 0 1 

-0.02171140909194946 -0.5733997225761414 0.8189879059791565 -0.2593464851379395 
-0.8823530673980713 0.396166980266571 0.2539777755737305 -0.0278259739279747 
-0.4700866937637329 -0.7171222567558289 -0.5145424008369446 0.1849760115146637 
0 0 0 1 

-0.03845204040408134 -0.5422897338867188 0.8393111824989319 -0.2642864882946014 
-0.9293354153633118 0.3280830979347229 0.1694022566080093 0.002283910987898707 
-0.3672288954257965 -0.7734878063201904 -0.5165843963623047 0.1802783608436584 
0 0 0 1 

-0.07645894587039948 -0.5111645460128784 0.8560754656791687 -0.2670704424381256 
-0.9610647559165955 0.2664371132850647 0.07325421273708344 0.03344285488128662 
-0.2655350863933563 -0.8171427249908447 -0.5116336941719055 0.1734269261360168 
0 0 0 1 

