1.000000000000000000e+00 0.000000000000000000e+00 0.000000000000000000e+00 -4.255350477121360719e-01
0.000000000000000000e+00 -1.000000000000000000e+00 0.000000000000000000e+00 3.076616963927396031e-01
0.000000000000000000e+00 0.000000000000000000e+00 -1.000000000000000000e+00 -5.117628744684824760e+00
0.000000000000000000e+00 0.000000000000000000e+00 0.000000000000000000e+00 1.000000000000000000e+00
9.973361492156982422e-01 -5.085742473602294922e-02 5.228790640830993652e-02 -1.283614938357996449e-01
-5.198846012353897095e-02 -9.984371662139892578e-01 2.050190977752208710e-02 3.719213746371465290e-01
5.116349086165428162e-02 -2.316572330892086029e-02 -9.984215497970581055e-01 -5.076222285393945377e+00
0.000000000000000000e+00 0.000000000000000000e+00 0.000000000000000000e+00 1.000000000000000000e+00
9.752002954483032227e-01 -6.873171031475067139e-02 2.103816568851470947e-01 7.258599323641247159e-01
-7.404530048370361328e-02 -9.971017837524414062e-01 1.747536659240722656e-02 3.640291686175791686e-01
2.085708081722259521e-01 -3.261973336338996887e-02 -9.774631857872009277e-01 -4.960650383810448538e+00
0.000000000000000000e+00 0.000000000000000000e+00 0.000000000000000000e+00 1.000000000000000000e+00
9.477053284645080566e-01 -6.352961808443069458e-02 3.127595186233520508e-01 1.287780814518497907e+00
-6.237585097551345825e-02 -9.979586601257324219e-01 -1.370383612811565399e-02 2.145783620445959605e-01
3.129916489124298096e-01 -6.521457806229591370e-03 -9.497334361076354980e-01 -4.814676999988512840e+00
0.000000000000000000e+00 0.000000000000000000e+00 0.000000000000000000e+00 1.000000000000000000e+00
9.354597330093383789e-01 -7.027868926525115967e-02 3.463753461837768555e-01 1.482202803279499159e+00
-6.047201156616210938e-02 -9.974055886268615723e-01 -3.905364125967025757e-02 1.321361590689993093e-01
3.482213318347930908e-01 1.558708027005195618e-02 -9.372826814651489258e-01 -4.718571443707887170e+00
0.000000000000000000e+00 0.000000000000000000e+00 0.000000000000000000e+00 1.000000000000000000e+00
1.753676235675811768e-01 -9.128900617361068726e-02 9.802612662315368652e-01 5.107370535886298413e+00
-4.265391826629638672e-02 -9.954613447189331055e-01 -8.507378399372100830e-02 -6.025678332778146989e-02
9.835784435272216797e-01 -2.689281851053237915e-02 -1.784655004739761353e-01 -9.217219223260751937e-01
0.000000000000000000e+00 0.000000000000000000e+00 0.000000000000000000e+00 1.000000000000000000e+00
1.538949161767959595e-01 -1.063188910484313965e-01 9.823507666587829590e-01 5.089993044988073478e+00
-3.191901743412017822e-02 -9.942103028297424316e-01 -1.026020273566246033e-01 -9.141736141748148248e-02
9.875715374946594238e-01 -1.556573435664176941e-02 -1.563975811004638672e-01 -7.135363214985189773e-01
0.000000000000000000e+00 0.000000000000000000e+00 0.000000000000000000e+00 1.000000000000000000e+00
1.467441469430923462e-01 -1.036792248487472534e-01 9.837258458137512207e-01 5.051188526869546003e+00
-2.799796685576438904e-02 -9.945287108421325684e-01 -1.006412804126739502e-01 -2.575288245575928572e-02
9.887779951095581055e-01 -1.277382206171751022e-02 -1.488441228866577148e-01 -5.665801166000812294e-01
0.000000000000000000e+00 0.000000000000000000e+00 0.000000000000000000e+00 1.000000000000000000e+00
1.660056561231613159e-01 -1.007879748940467834e-01 9.809607863426208496e-01 4.988171313232728110e+00
-4.073466733098030090e-02 -9.946149587631225586e-01 -9.529743343591690063e-02 2.349529850706644912e-02
9.852827787399291992e-01 -2.413921058177947998e-02 -1.692172139883041382e-01 -5.381153583412536801e-01
0.000000000000000000e+00 0.000000000000000000e+00 0.000000000000000000e+00 1.000000000000000000e+00
1.739224940538406372e-01 -1.061487868428230286e-01 9.790216088294982910e-01 4.955066304197394800e+00
-6.032320111989974976e-02 -9.934549927711486816e-01 -9.699738025665283203e-02 4.023305697288231259e-02
9.829100966453552246e-01 -4.218771681189537048e-02 -1.791874468326568604e-01 -4.632991331414142433e-01
0.000000000000000000e+00 0.000000000000000000e+00 0.000000000000000000e+00 1.000000000000000000e+00
1.945800483226776123e-01 -9.599088877439498901e-02 9.761783480644226074e-01 4.908186125746619943e+00
-8.532441407442092896e-02 -9.930838942527770996e-01 -8.064566552639007568e-02 1.500689111378933627e-01
9.771687388420104980e-01 -6.759986281394958496e-02 -2.014247328042984009e-01 -4.435099509062520595e-01
0.000000000000000000e+00 0.000000000000000000e+00 0.000000000000000000e+00 1.000000000000000000e+00
1.946515440940856934e-01 -9.350953996181488037e-02 9.764047861099243164e-01 4.895715696696391284e+00
-1.145265251398086548e-01 -9.908034801483154297e-01 -7.205702364444732666e-02 2.364173864316197471e-01
9.741634726524353027e-01 -9.779827296733856201e-02 -2.035707533359527588e-01 -3.366444532105091758e-01
0.000000000000000000e+00 0.000000000000000000e+00 0.000000000000000000e+00 1.000000000000000000e+00
2.089454382658004761e-01 -1.027761995792388916e-01 9.725114703178405762e-01 4.894550239746078724e+00
-1.074929386377334595e-01 -9.908500909805297852e-01 -8.161927759647369385e-02 2.451128529999342109e-01
9.720014333724975586e-01 -8.748412132263183594e-02 -2.180812805891036987e-01 -3.372499243657692269e-01
0.000000000000000000e+00 0.000000000000000000e+00 0.000000000000000000e+00 1.000000000000000000e+00
2.190272510051727295e-01 -1.142436116933822632e-01 9.690076708793640137e-01 4.908428185242598829e+00
-1.419482380151748657e-01 -9.862867593765258789e-01 -8.419589698314666748e-02 2.721709132513396301e-01
9.653380513191223145e-01 -1.191077306866645813e-01 -2.322402745485305786e-01 -3.221323167947588995e-01
0.000000000000000000e+00 0.000000000000000000e+00 0.000000000000000000e+00 1.000000000000000000e+00
2.332794517278671265e-01 -1.241850480437278748e-01 9.644473791122436523e-01 4.925006879804093352e+00
-1.548041701316833496e-01 -9.839054942131042480e-01 -8.924665302038192749e-02 2.850921781128296639e-01
9.600085020065307617e-01 -1.284810751676559448e-01 -2.487493902444839478e-01 -3.264288728483881741e-01
0.000000000000000000e+00 0.000000000000000000e+00 0.000000000000000000e+00 1.000000000000000000e+00
2.377459406852722168e-01 -1.336773186922073364e-01 9.620847105979919434e-01 4.952305238667848997e+00
-1.783221662044525146e-01 -9.796568155288696289e-01 -9.205267578363418579e-02 2.996168887257583124e-01
9.548183083534240723e-01 -1.496758908033370972e-01 -2.567470371723175049e-01 -2.576682272423744813e-01
0.000000000000000000e+00 0.000000000000000000e+00 0.000000000000000000e+00 1.000000000000000000e+00
2.692537903785705566e-01 -1.429214179515838623e-01 9.524053931236267090e-01 4.972494984726736789e+00
-1.950300931930541992e-01 -9.765290021896362305e-01 -9.140466898679733276e-02 3.383908765943315355e-01
9.431147575378417969e-01 -1.611366868019104004e-01 -2.908080816268920898e-01 -3.164475644123961318e-01
0.000000000000000000e+00 0.000000000000000000e+00 0.000000000000000000e+00 1.000000000000000000e+00
3.077619969844818115e-01 -1.470695734024047852e-01 9.400284290313720703e-01 4.973556871958277448e+00
-2.208229154348373413e-01 -9.720450043678283691e-01 -7.978210598230361938e-02 4.107840763189489763e-01
9.254836440086364746e-01 -1.830258518457412720e-01 -3.316347897052764893e-01 -4.102263733902781206e-01
0.000000000000000000e+00 0.000000000000000000e+00 0.000000000000000000e+00 1.000000000000000000e+00
3.787575364112854004e-01 -1.734158098697662354e-01 9.091035127639770508e-01 5.015143883824026538e+00
-2.342377901077270508e-01 -9.682686924934387207e-01 -8.711192011833190918e-02 3.794778719131101097e-01
8.953630328178405762e-01 -1.799521744251251221e-01 -4.073596894741058350e-01 -6.054339890625630716e-01
0.000000000000000000e+00 0.000000000000000000e+00 0.000000000000000000e+00 1.000000000000000000e+00
4.174059629440307617e-01 -2.253956645727157593e-01 8.803232312202453613e-01 5.228084019255699211e+00
-2.447569966316223145e-01 -9.608353972434997559e-01 -1.299581527709960938e-01 1.686802358338095886e-01
8.751378655433654785e-01 -1.612200140953063965e-01 -4.562256336212158203e-01 -6.442353326303232874e-01
0.000000000000000000e+00 0.000000000000000000e+00 0.000000000000000000e+00 1.000000000000000000e+00
4.482572972774505615e-01 -2.500492036342620850e-01 8.582192063331604004e-01 5.282706927027038368e+00
-2.744424641132354736e-01 -9.522088170051574707e-01 -1.340895593166351318e-01 1.727843347471931801e-01
8.507330417633056641e-01 -1.754253208637237549e-01 -4.954586327075958252e-01 -8.732075446633071891e-01
0.000000000000000000e+00 0.000000000000000000e+00 0.000000000000000000e+00 1.000000000000000000e+00
4.320272803306579590e-01 -2.527769804000854492e-01 8.657115101814270020e-01 5.169081818701367403e+00
-2.072698920965194702e-01 -9.620514512062072754e-01 -1.774705350399017334e-01 -8.832533656989377535e-02
8.777195811271667480e-01 -1.027638465166091919e-01 -4.680255353450775146e-01 -8.277784831295139645e-01
0.000000000000000000e+00 0.000000000000000000e+00 0.000000000000000000e+00 1.000000000000000000e+00
4.357984066009521484e-01 -2.499126791954040527e-01 8.646522760391235352e-01 5.086181203154671593e+00
-1.729707568883895874e-01 -9.660250544548034668e-01 -1.920327395200729370e-01 -1.838297805022692799e-01
8.832672238349914551e-01 -6.587200611829757690e-02 -4.642198383808135986e-01 -8.539401544092828367e-01
0.000000000000000000e+00 0.000000000000000000e+00 0.000000000000000000e+00 1.000000000000000000e+00
3.892869353294372559e-01 -2.608913183212280273e-01 8.833976984024047852e-01 4.826780326792306397e+00
-7.241421937942504883e-02 -9.647508859634399414e-01 -2.530063688755035400e-01 -5.981749367356831160e-01
9.182655215263366699e-01 3.452145308256149292e-02 -3.944569826126098633e-01 -6.115044741642868820e-01
0.000000000000000000e+00 0.000000000000000000e+00 0.000000000000000000e+00 1.000000000000000000e+00
3.765476047992706299e-01 -3.000310063362121582e-01 8.764663934707641602e-01 4.550436079349094776e+00
-3.459198772907257080e-02 -9.499960541725158691e-01 -3.103402554988861084e-01 -1.006087895088776163e+00
9.257512688636779785e-01 8.653912693262100220e-02 -3.680973351001739502e-01 -5.274585898260617522e-01
0.000000000000000000e+00 0.000000000000000000e+00 0.000000000000000000e+00 1.000000000000000000e+00
3.836721479892730713e-01 -3.498230278491973877e-01 8.546456694602966309e-01 4.308053572829445343e+00
6.407996639609336853e-03 -9.244420528411865234e-01 -3.812687695026397705e-01 -1.376216407769000005e+00
9.234470725059509277e-01 1.517587751150131226e-01 -3.524411320686340332e-01 -4.723640628564090838e-01
0.000000000000000000e+00 0.000000000000000000e+00 0.000000000000000000e+00 1.000000000000000000e+00
4.167631268501281738e-01 -3.675089776515960693e-01 8.314116597175598145e-01 4.103306952927242790e+00
5.625877156853675842e-02 -9.024477601051330566e-01 -4.271100461483001709e-01 -1.604165025589068927e+00
9.072724580764770508e-01 2.247779518365859985e-01 -3.554312884807586670e-01 -5.266654481578842972e-01
0.000000000000000000e+00 0.000000000000000000e+00 0.000000000000000000e+00 1.000000000000000000e+00
4.668571054935455322e-01 -4.023916423320770264e-01 7.874802350997924805e-01 3.792420815407812729e+00
1.191245689988136292e-01 -8.537479639053344727e-01 -5.068765282630920410e-01 -2.004615359124423790e+00
8.762728571891784668e-01 3.304470479488372803e-01 -3.506436347961425781e-01 -5.618188856779412488e-01
0.000000000000000000e+00 0.000000000000000000e+00 0.000000000000000000e+00 1.000000000000000000e+00
4.895827472209930420e-01 -4.339941740036010742e-01 7.562788128852844238e-01 3.590931681411335674e+00
1.411117911338806152e-01 -8.164668679237365723e-01 -5.598830580711364746e-01 -2.273797621627997145e+00
8.604627847671508789e-01 3.808289468288421631e-01 -3.384864032268524170e-01 -5.430615564479236435e-01
0.000000000000000000e+00 0.000000000000000000e+00 0.000000000000000000e+00 1.000000000000000000e+00
4.869532287120819092e-01 -4.859445095062255859e-01 7.257644534111022949e-01 3.368498051911132052e+00
1.626118719577789307e-01 -7.659707665443420410e-01 -6.219696998596191406e-01 -2.540197787203194224e+00
8.581571578979492188e-01 4.208881556987762451e-01 -2.939717173576354980e-01 -3.792562001433553154e-01
0.000000000000000000e+00 0.000000000000000000e+00 0.000000000000000000e+00 1.000000000000000000e+00
5.199291706085205078e-01 -4.924092292785644531e-01 6.980018615722656250e-01 3.172100500525980138e+00
1.631748974323272705e-01 -7.448323369026184082e-01 -6.469920873641967773e-01 -2.660741035287717882e+00
8.384791612625122070e-01 4.502862989902496338e-01 -3.069111406803131104e-01 -4.660529567270225160e-01
0.000000000000000000e+00 0.000000000000000000e+00 0.000000000000000000e+00 1.000000000000000000e+00
5.194128155708312988e-01 -5.072043538093566895e-01 6.877164840698242188e-01 3.037373161205349170e+00
1.786670833826065063e-01 -7.225470542907714844e-01 -6.678346991539001465e-01 -2.739747469090493937e+00
8.356363773345947266e-01 4.697542488574981689e-01 -2.846796810626983643e-01 -3.995396946545788919e-01
0.000000000000000000e+00 0.000000000000000000e+00 0.000000000000000000e+00 1.000000000000000000e+00
4.992831051349639893e-01 -5.559366345405578613e-01 6.645679473876953125e-01 2.845314427080911646e+00
1.743331998586654663e-01 -6.868666410446166992e-01 -7.055651545524597168e-01 -2.888803936935396610e+00
8.487191796302795410e-01 4.681329727172851562e-01 -2.460228204727172852e-01 -2.820852844662873338e-01
0.000000000000000000e+00 0.000000000000000000e+00 0.000000000000000000e+00 1.000000000000000000e+00
4.416232407093048096e-01 -6.373402476310729980e-01 6.314795613288879395e-01 2.553878563701094340e+00
1.430011689662933350e-01 -6.448339223861694336e-01 -7.508257627487182617e-01 -3.039985171290495725e+00
8.857309818267822266e-01 4.218844771385192871e-01 -1.936332583427429199e-01 -1.778790682661247624e-01
0.000000000000000000e+00 0.000000000000000000e+00 0.000000000000000000e+00 1.000000000000000000e+00
3.591468930244445801e-01 -6.954858899116516113e-01 6.223446130752563477e-01 2.452768923364657905e+00
1.310851871967315674e-01 -6.226334571838378906e-01 -7.714560031890869141e-01 -3.092916043503056489e+00
9.240294098854064941e-01 3.586461544036865234e-01 -1.324489265680313110e-01 -7.837939004542777597e-05
0.000000000000000000e+00 0.000000000000000000e+00 0.000000000000000000e+00 1.000000000000000000e+00
4.145036637783050537e-01 -7.193411588668823242e-01 5.574361085891723633e-01 2.130084567919897864e+00
1.268000900745391846e-01 -5.609087347984313965e-01 -8.181095123291015625e-01 -3.225188661443151528e+00
9.011705517768859863e-01 4.097922444343566895e-01 -1.412862837314605713e-01 -1.713929030227659689e-01
0.000000000000000000e+00 0.000000000000000000e+00 0.000000000000000000e+00 1.000000000000000000e+00
5.490406751632690430e-01 -6.757193207740783691e-01 4.918917119503021240e-01 1.813881256275266862e+00
1.182613968849182129e-01 -5.198022127151489258e-01 -8.460614681243896484e-01 -3.274475347784688850e+00
8.273864984512329102e-01 5.226938724517822266e-01 -2.054809927940368652e-01 -5.086356366794089201e-01
0.000000000000000000e+00 0.000000000000000000e+00 0.000000000000000000e+00 1.000000000000000000e+00
6.749821305274963379e-01 -6.273854970932006836e-01 3.883122503757476807e-01 1.342490030388813427e+00
4.734783247113227844e-02 -4.883713424205780029e-01 -8.713504672050476074e-01 -3.271387105116725813e+00
7.363132238388061523e-01 6.065316200256347656e-01 -2.999365329742431641e-01 -9.096847202508220320e-01
0.000000000000000000e+00 0.000000000000000000e+00 0.000000000000000000e+00 1.000000000000000000e+00
7.588601112365722656e-01 -5.838653445243835449e-01 2.885008156299591064e-01 1.004069525997047130e+00
-1.105671934783458710e-02 -4.544796049594879150e-01 -8.906886577606201172e-01 -3.233988714578529766e+00
6.511600017547607422e-01 6.727179288864135742e-01 -3.513420224189758301e-01 -1.108461994254640981e+00
0.000000000000000000e+00 0.000000000000000000e+00 0.000000000000000000e+00 1.000000000000000000e+00
7.602534294128417969e-01 -6.252176761627197266e-01 1.764016747474670410e-01 6.795712124031154655e-01
-8.990827947854995728e-02 -3.701955974102020264e-01 -9.245927333831787109e-01 -3.388296087801372813e+00
6.433749198913574219e-01 6.870648264884948730e-01 -3.376547694206237793e-01 -1.020293707733766597e+00
0.000000000000000000e+00 0.000000000000000000e+00 0.000000000000000000e+00 1.000000000000000000e+00
7.500455975532531738e-01 -6.592601537704467773e-01 5.298414081335067749e-02 2.477592438293895194e-01
-1.633246690034866333e-01 -2.622531056404113770e-01 -9.510774016380310059e-01 -3.607270647422150311e+00
6.409027576446533203e-01 7.046980857849121094e-01 -3.043753206729888916e-01 -8.490251561843692452e-01
0.000000000000000000e+00 0.000000000000000000e+00 0.000000000000000000e+00 1.000000000000000000e+00
7.656825780868530273e-01 -6.410845518112182617e-01 -5.235390365123748779e-02 -2.014248864894675473e-01
-1.971147805452346802e-01 -1.563878953456878662e-01 -9.678265452384948730e-01 -3.781499120345228615e+00
6.122710704803466797e-01 7.513676285743713379e-01 -2.461106628179550171e-01 -6.042345048962174392e-01
0.000000000000000000e+00 0.000000000000000000e+00 0.000000000000000000e+00 1.000000000000000000e+00
7.766225337982177734e-01 -6.108767986297607422e-01 -1.539058089256286621e-01 -7.163116461819002412e-01
-2.308700829744338989e-01 -4.868158698081970215e-02 -9.717660546302795410e-01 -3.880873273459263917e+00
5.861368775367736816e-01 7.902275919914245605e-01 -1.788404136896133423e-01 -3.356517116628603969e-01
0.000000000000000000e+00 0.000000000000000000e+00 0.000000000000000000e+00 1.000000000000000000e+00
7.863357067108154297e-01 -5.720193982124328613e-01 -2.333877086639404297e-01 -1.170982959600086692e+00
-2.361293435096740723e-01 7.081565260887145996e-02 -9.691377878189086914e-01 -3.961483847446459094e+00
5.708931088447570801e-01 8.171774148941040039e-01 -7.938569784164428711e-02 6.354759465824744158e-02
0.000000000000000000e+00 0.000000000000000000e+00 0.000000000000000000e+00 1.000000000000000000e+00
7.512148022651672363e-01 -6.440220475196838379e-01 -1.446099430322647095e-01 -6.865855000167717659e-01
-2.956065833568572998e-01 -1.323702335357666016e-01 -9.460945129394531250e-01 -3.635020189313657557e+00
5.901637077331542969e-01 7.534677386283874512e-01 -2.898156642913818359e-01 -9.570165777529051621e-01
0.000000000000000000e+00 0.000000000000000000e+00 0.000000000000000000e+00 1.000000000000000000e+00
7.284330129623413086e-01 -6.773419380187988281e-01 -1.029216870665550232e-01 -4.537186598186664921e-01
-3.711324036121368408e-01 -2.638450860977172852e-01 -8.903069496154785156e-01 -3.278354450412465759e+00
5.758870244026184082e-01 6.867266297340393066e-01 -4.435771107673645020e-01 -1.551653784883084919e+00
0.000000000000000000e+00 0.000000000000000000e+00 0.000000000000000000e+00 1.000000000000000000e+00
7.142623662948608398e-01 -6.996049284934997559e-01 -1.955450326204299927e-02 -8.892031088055059318e-02
-4.349122643470764160e-01 -4.217871427536010742e-01 -7.955796718597412109e-01 -2.732834289567215080e+00
5.483435392379760742e-01 5.767569541931152344e-01 -6.055333018302917480e-01 -2.122451008595954480e+00
0.000000000000000000e+00 0.000000000000000000e+00 0.000000000000000000e+00 1.000000000000000000e+00
6.952832937240600586e-01 -7.175757288932800293e-01 4.081876948475837708e-02 1.680548800802660614e-01
-5.062801241874694824e-01 -5.292810201644897461e-01 -6.808391213417053223e-01 -2.149563958276906828e+00
5.101582407951354980e-01 4.527103602886199951e-01 -7.312943935394287109e-01 -2.500744168234611653e+00
0.000000000000000000e+00 0.000000000000000000e+00 0.000000000000000000e+00 1.000000000000000000e+00
6.833322644233703613e-01 -7.275798320770263672e-01 6.069948524236679077e-02 2.384807759729622445e-01
-5.700218677520751953e-01 -5.836053490638732910e-01 -5.783421397209167480e-01 -1.693646286466206963e+00
4.562146365642547607e-01 3.605997562408447266e-01 -8.135328292846679688e-01 -2.728292395839200246e+00
0.000000000000000000e+00 0.000000000000000000e+00 0.000000000000000000e+00 1.000000000000000000e+00
6.579064726829528809e-01 -7.521823048591613770e-01 3.715633600950241089e-02 1.176342590854846659e-01
-6.606856584548950195e-01 -6.001514196395874023e-01 -4.509017467498779297e-01 -1.222535909117916209e+00
3.614598512649536133e-01 2.721024751663208008e-01 -8.917998075485229492e-01 -2.932519778281585054e+00
0.000000000000000000e+00 0.000000000000000000e+00 0.000000000000000000e+00 1.000000000000000000e+00
6.382364630699157715e-01 -7.671511173248291016e-01 6.428838521242141724e-02 1.632156990560909848e-01
-7.076475024223327637e-01 -6.175088286399841309e-01 -3.433912098407745361e-01 -8.162063075621898145e-01
3.031316995620727539e-01 1.736712604761123657e-01 -9.369894862174987793e-01 -3.025155947392792033e+00
0.000000000000000000e+00 0.000000000000000000e+00 0.000000000000000000e+00 1.000000000000000000e+00
6.230099201202392578e-01 -7.750898599624633789e-01 1.053292527794837952e-01 2.546613620273398548e-01
-7.469946146011352539e-01 -6.294906139373779297e-01 -2.138702422380447388e-01 -3.149477424050126095e-01
2.320724725723266602e-01 5.456287413835525513e-02 -9.711669683456420898e-01 -3.069897669083187175e+00
0.000000000000000000e+00 0.000000000000000000e+00 0.000000000000000000e+00 1.000000000000000000e+00
5.994156599044799805e-01 -7.927400469779968262e-01 1.107414364814758301e-01 2.609867536351776485e-01
-7.799593210220336914e-01 -6.095579266548156738e-01 -1.417822390794754028e-01 -5.266834213472559173e-02
1.798998117446899414e-01 -1.387375872582197189e-03 -9.836838841438293457e-01 -3.080867924486613951e+00
0.000000000000000000e+00 0.000000000000000000e+00 0.000000000000000000e+00 1.000000000000000000e+00
5.646352171897888184e-01 -8.175954222679138184e-01 1.128032580018043518e-01 2.281172317836884511e-01
-8.222085833549499512e-01 -5.691094994544982910e-01 -9.337902069091796875e-03 4.108549828864698772e-01
7.183201611042022705e-02 -8.747532218694686890e-02 -9.935734868049621582e-01 -3.078326895007102326e+00
0.000000000000000000e+00 0.000000000000000000e+00 0.000000000000000000e+00 1.000000000000000000e+00
5.330559611320495605e-01 -8.389922976493835449e-01 1.092840284109115601e-01 1.831041108038978515e-01
-8.446018099784851074e-01 -5.200358033180236816e-01 1.273195445537567139e-01 8.881656547014388225e-01
-4.998855665326118469e-02 -1.601699292659759521e-01 -9.858228564262390137e-01 -3.015907488961583116e+00
0.000000000000000000e+00 0.000000000000000000e+00 0.000000000000000000e+00 1.000000000000000000e+00
5.241370201110839844e-01 -8.442282676696777344e-01 1.120668798685073853e-01 1.589728871548988787e-01
-8.368240594863891602e-01 -4.861098825931549072e-01 2.518385648727416992e-01 1.309129340064486113e+00
-1.581324189901351929e-01 -2.257781773805618286e-01 -9.612587094306945801e-01 -2.871240234370819877e+00
0.000000000000000000e+00 0.000000000000000000e+00 0.000000000000000000e+00 1.000000000000000000e+00
4.671160578727722168e-01 -8.733405470848083496e-01 1.381251811981201172e-01 2.420436635829384120e-01
-8.391572833061218262e-01 -3.886582553386688232e-01 3.804727792739868164e-01 1.748266138111722823e+00
-2.785989046096801758e-01 -2.936336994171142578e-01 -9.144188761711120605e-01 -2.633295353004505568e+00
0.000000000000000000e+00 0.000000000000000000e+00 0.000000000000000000e+00 1.000000000000000000e+00
4.269581139087677002e-01 -8.923813700675964355e-01 1.461577266454696655e-01 2.876135958070145660e-01
-8.199031949043273926e-01 -3.138613104820251465e-01 4.788001477718353271e-01 2.084120712641399198e+00
-3.813991546630859375e-01 -3.242627680301666260e-01 -8.656721711158752441e-01 -2.407221307412314104e+00
0.000000000000000000e+00 0.000000000000000000e+00 0.000000000000000000e+00 1.000000000000000000e+00
3.969284892082214355e-01 -9.035940170288085938e-01 1.611383408308029175e-01 3.924349308206273590e-01
-7.988362312316894531e-01 -2.536383271217346191e-01 5.454614758491516113e-01 2.305955344093766346e+00
-4.520049393177032471e-01 -3.452323079109191895e-01 -8.224999904632568359e-01 -2.220681728205622818e+00
0.000000000000000000e+00 0.000000000000000000e+00 0.000000000000000000e+00 1.000000000000000000e+00
3.640375435352325439e-01 -9.020188450813293457e-01 2.320317775011062622e-01 7.114933044589184519e-01
-7.937198281288146973e-01 -1.701000630855560303e-01 5.840161442756652832e-01 2.395606641846358631e+00
-4.873249232769012451e-01 -3.967719972133636475e-01 -7.778729796409606934e-01 -2.014004386208852804e+00
0.000000000000000000e+00 0.000000000000000000e+00 0.000000000000000000e+00 1.000000000000000000e+00
