-0.1952237635850906 0.2915883362293243 -0.9364100694656372 0.3035214841365814 
-0.9745716452598572 0.0494009368121624 0.2185626327991486 -0.0315420851111412 
0.1099898293614388 0.9552673697471619 0.2745295166969299 -0.07620737701654434 
0 0 0 1 

-0.2752206921577454 0.1681118756532669 -0.9465683698654175 0.3100070953369141 
-0.95933598279953 0.01616170629858971 0.28180330991745 -0.05200328677892685 
0.06267252564430237 0.9856353402137756 0.1568278670310974 -0.03647740185260773 
0 0 0 1 

-0.2141176611185074 -0.742022693157196 -0.6352604031562805 0.2077444642782211 
-0.949811577796936 0.006318526342511177 0.3127584755420685 -0.05960936844348907 
-0.2280600368976593 0.6703448891639709 -0.7061347365379333 0.2511321604251862 
0 0 0 1 

-0.2078701704740524 -0.7434030175209045 -0.6357218027114868 0.2064313143491745 
-0.9687896966934204 0.06674201041460037 0.2387304306030273 -0.03660673275589943 
-0.1350435465574265 0.6655055284500122 -0.7340747714042664 0.2552160620689392 
0 0 0 1 

-0.1093386709690094 -0.744236946105957 -0.658905565738678 0.2059213519096375 
-0.9902245998382568 0.02379806339740753 0.137437492609024 -0.002421641023829579 
-0.08660534024238586 0.6674916744232178 -0.7395637035369873 0.2539602518081665 
0 0 0 1 

0.0127246854826808 -0.760313093662262 -0.6494321227073669 0.1924948692321777 
-0.9994295239448547 -0.02999073639512062 0.01552892010658979 0.03883187100291252 
-0.03128385171294212 0.6488640308380127 -0.7602609992027283 0.2567636966705322 
0 0 0 1 

0.06677539646625519 -0.766490638256073 -0.638774573802948 0.1846037209033966 
-0.9942004084587097 0.002976038260385394 -0.1075013503432274 0.07775848358869553 
0.08429975062608719 0.6422484517097473 -0.7618465423583984 0.2495822757482529 
0 0 0 1 

0.05239920318126678 -0.7830883264541626 -0.6196991801261902 0.1820609122514725 
-0.9814617037773132 0.07417667657136917 -0.1767225414514542 0.0918913334608078 
0.1843566447496414 0.6174711585044861 -0.7646843791007996 0.2461336702108383 
0 0 0 1 

-0.02799860201776028 -0.7785265445709229 -0.6269868612289429 0.1942686140537262 
-0.9944762587547302 0.08516929298639297 -0.06134506687521935 0.05478597804903984 
0.1011587828397751 0.6218059659004211 -0.7766106724739075 0.2639178335666656 
0 0 0 1 

-0.03570689633488655 -0.78770911693573 -0.61501145362854 0.1976311653852463 
-0.9993354082107544 0.02363990619778633 0.02774263173341751 0.02852327562868595 
-0.007314386777579784 0.6155933737754822 -0.7880297303199768 0.2771429419517517 
0 0 0 1 

