1.000000000000000000e+00 0.000000000000000000e+00 0.000000000000000000e+00 -4.097584310382009209e-01
0.000000000000000000e+00 -1.000000000000000000e+00 0.000000000000000000e+00 -1.932597221741734483e-02
0.000000000000000000e+00 0.000000000000000000e+00 -1.000000000000000000e+00 -2.664692399556274349e+00
0.000000000000000000e+00 0.000000000000000000e+00 0.000000000000000000e+00 1.000000000000000000e+00
9.963326454162597656e-01 -8.423094451427459717e-02 -1.505246292799711227e-02 -4.362910196511619598e-01
-8.395364135503768921e-02 -9.963036179542541504e-01 1.819327659904956818e-02 6.532963224478904873e-02
-1.652923040091991425e-02 -1.686287857592105865e-02 -9.997212886810302734e-01 -2.719284147361274773e+00
0.000000000000000000e+00 0.000000000000000000e+00 0.000000000000000000e+00 1.000000000000000000e+00
9.856103062629699707e-01 -1.656958758831024170e-01 -3.342871740460395813e-02 -4.717584508483479988e-01
-1.640104502439498901e-01 -9.852858781814575195e-01 4.808432236313819885e-02 1.968704383172653616e-01
-4.090425744652748108e-02 -4.190969467163085938e-02 -9.982836246490478516e-01 -2.712623225094861645e+00
0.000000000000000000e+00 0.000000000000000000e+00 0.000000000000000000e+00 1.000000000000000000e+00
9.661828875541687012e-01 -2.543956637382507324e-01 -4.211045429110527039e-02 -4.752024958967089319e-01
-2.507523596286773682e-01 -9.650188088417053223e-01 7.656056433916091919e-02 3.230005643877145727e-01
-6.011411547660827637e-02 -6.341223418712615967e-02 -9.961755275726318359e-01 -2.703146884216069523e+00
0.000000000000000000e+00 0.000000000000000000e+00 0.000000000000000000e+00 1.000000000000000000e+00
9.369366168975830078e-01 -3.461135625839233398e-01 -4.852407425642013550e-02 -4.666536937553653064e-01
-3.382593989372253418e-01 -9.329507350921630859e-01 1.232214197516441345e-01 4.996712901201680879e-01
-8.791924268007278442e-02 -9.903690963983535767e-02 -9.911921620368957520e-01 -2.681332701820402065e+00
0.000000000000000000e+00 0.000000000000000000e+00 0.000000000000000000e+00 1.000000000000000000e+00
8.927385807037353516e-01 -4.494419693946838379e-01 -3.192673623561859131e-02 -3.911896166938431119e-01
-4.415665268898010254e-01 -8.867896199226379395e-01 1.364670246839523315e-01 5.760283099073256752e-01
-8.964631706476211548e-02 -1.077316105365753174e-01 -9.901300668716430664e-01 -2.688291087701844440e+00
0.000000000000000000e+00 0.000000000000000000e+00 0.000000000000000000e+00 1.000000000000000000e+00
8.457527160644531250e-01 -5.333297848701477051e-01 -1.617483235895633698e-02 -3.197594760007458903e-01
-5.239243507385253906e-01 -8.358136415481567383e-01 1.640679836273193359e-01 6.911543862662760107e-01
-1.010215580463409424e-01 -1.302865743637084961e-01 -9.863164424896240234e-01 -2.678691401520716386e+00
0.000000000000000000e+00 0.000000000000000000e+00 0.000000000000000000e+00 1.000000000000000000e+00
7.919902205467224121e-01 -6.105269193649291992e-01 2.866828581318259239e-03 -2.353556584151408615e-01
-6.021931767463684082e-01 -7.803886532783508301e-01 1.683937311172485352e-01 7.379932471568344532e-01
-1.005717217922210693e-01 -1.350926011800765991e-01 -9.857157468795776367e-01 -2.685023402980900364e+00
0.000000000000000000e+00 0.000000000000000000e+00 0.000000000000000000e+00 1.000000000000000000e+00
7.214164137840270996e-01 -6.916784048080444336e-01 3.375462070107460022e-02 -1.001570053210012468e-01
-6.866764426231384277e-01 -7.081889510154724121e-01 1.641447842121124268e-01 7.521821650146383043e-01
-8.963076770305633545e-02 -1.415951848030090332e-01 -9.858583211898803711e-01 -2.693516844604836535e+00
0.000000000000000000e+00 0.000000000000000000e+00 0.000000000000000000e+00 1.000000000000000000e+00
6.460220813751220703e-01 -7.627568244934082031e-01 2.927237376570701599e-02 -6.578439302904975916e-02
-7.582172155380249023e-01 -6.368066668510437012e-01 1.399412155151367188e-01 7.046688371101323956e-01
-8.810032904148101807e-02 -1.125999465584754944e-01 -9.897270202636718750e-01 -2.718182593788735613e+00
0.000000000000000000e+00 0.000000000000000000e+00 0.000000000000000000e+00 1.000000000000000000e+00
5.512101650238037109e-01 -8.331506848335266113e-01 4.502412676811218262e-02 3.617161672651654503e-02
-8.324595093727111816e-01 -5.455028414726257324e-01 9.714861959218978882e-02 5.989363885329377357e-01
-5.637868493795394897e-02 -9.103004634380340576e-02 -9.942509531974792480e-01 -2.765769873686588110e+00
0.000000000000000000e+00 0.000000000000000000e+00 0.000000000000000000e+00 1.000000000000000000e+00
4.609448909759521484e-01 -8.834772109985351562e-01 8.365383744239807129e-02 2.049029263868693551e-01
-8.873496055603027344e-01 -4.575922191143035889e-01 5.674476176500320435e-02 4.874429968919442580e-01
-1.185335591435432434e-02 -1.003863885998725891e-01 -9.948778748512268066e-01 -2.803424683433252795e+00
0.000000000000000000e+00 0.000000000000000000e+00 0.000000000000000000e+00 1.000000000000000000e+00
3.528033196926116943e-01 -9.300717115402221680e-01 1.024520546197891235e-01 3.006183463652590815e-01
-9.354955554008483887e-01 -3.528815805912017822e-01 1.796757057309150696e-02 3.532840091408369632e-01
1.944230683147907257e-02 -1.021824255585670471e-01 -9.945756793022155762e-01 -2.817239357294875290e+00
0.000000000000000000e+00 0.000000000000000000e+00 0.000000000000000000e+00 1.000000000000000000e+00
2.712945938110351562e-01 -9.551972746849060059e-01 1.183100417256355286e-01 3.727204016247723239e-01
-9.595962166786193848e-01 -2.779610455036163330e-01 -4.373570904135704041e-02 1.373278735994629407e-01
7.466178387403488159e-02 -1.016646027565002441e-01 -9.920129776000976562e-01 -2.813494847781008446e+00
0.000000000000000000e+00 0.000000000000000000e+00 0.000000000000000000e+00 1.000000000000000000e+00
1.968002021312713623e-01 -9.672243595123291016e-01 1.604567617177963257e-01 5.059370878337893229e-01
-9.716793894767761230e-01 -2.142444700002670288e-01 -9.968876838684082031e-02 -5.644247207314573300e-02
1.307984739542007446e-01 -1.362938433885574341e-01 -9.819958806037902832e-01 -2.793754908422609429e+00
0.000000000000000000e+00 0.000000000000000000e+00 0.000000000000000000e+00 1.000000000000000000e+00
1.172102764248847961e-01 -9.809740185737609863e-01 1.547642648220062256e-01 5.089244862217405796e-01
-9.705966711044311523e-01 -1.461460590362548828e-01 -1.912686377763748169e-01 -3.460921333120109966e-01
2.102477103471755981e-01 -1.277949959039688110e-01 -9.692596793174743652e-01 -2.770326475425901602e+00
0.000000000000000000e+00 0.000000000000000000e+00 0.000000000000000000e+00 1.000000000000000000e+00
1.897507607936859131e-01 -9.721146821975708008e-01 1.377970576286315918e-01 4.515006254178037803e-01
-9.543252587318420410e-01 -2.155974656343460083e-01 -2.068366259336471558e-01 -3.861282731280178959e-01
2.307775318622589111e-01 -9.225577116012573242e-02 -9.686232209205627441e-01 -2.749169582762144515e+00
0.000000000000000000e+00 0.000000000000000000e+00 0.000000000000000000e+00 1.000000000000000000e+00
2.702417671680450439e-01 -9.512758255004882812e-01 1.484710127115249634e-01 4.592457860045824347e-01
-9.383496642112731934e-01 -2.947574853897094727e-01 -1.806036382913589478e-01 -2.909173237087204766e-01
2.155667096376419067e-01 -9.051109850406646729e-02 -9.722851514816284180e-01 -2.737549737837389863e+00
0.000000000000000000e+00 0.000000000000000000e+00 0.000000000000000000e+00 1.000000000000000000e+00
3.268599510192871094e-01 -9.336242675781250000e-01 1.466560661792755127e-01 4.375929596839504554e-01
-9.336640834808349609e-01 -3.430419862270355225e-01 -1.029274761676788330e-01 -3.720800786889788547e-02
1.464048027992248535e-01 -1.032846495509147644e-01 -9.838181138038635254e-01 -2.737362374391559605e+00
0.000000000000000000e+00 0.000000000000000000e+00 0.000000000000000000e+00 1.000000000000000000e+00
3.611414432525634766e-01 -9.147154092788696289e-01 1.813087016344070435e-01 5.241051679156921717e-01
-9.294757246971130371e-01 -3.687707781791687012e-01 -9.088613092899322510e-03 2.641894828429093289e-01
7.517486065626144409e-02 -1.652398854494094849e-01 -9.833843111991882324e-01 -2.698318757247453181e+00
0.000000000000000000e+00 0.000000000000000000e+00 0.000000000000000000e+00 1.000000000000000000e+00
4.021565020084381104e-01 -8.947945237159729004e-01 1.939401328563690186e-01 5.411997713479032024e-01
-9.154335260391235352e-01 -3.966391384601593018e-01 6.825306266546249390e-02 5.072004584577219921e-01
1.585178077220916748e-02 -2.049877196550369263e-01 -9.786362648010253906e-01 -2.651688438218730237e+00
0.000000000000000000e+00 0.000000000000000000e+00 0.000000000000000000e+00 1.000000000000000000e+00
4.558875560760498047e-01 -8.613202571868896484e-01 2.242633849382400513e-01 5.938085778536893455e-01
-8.889736533164978027e-01 -4.283365905284881592e-01 1.620290875434875488e-01 7.722437817470823029e-01
-4.349875822663307190e-02 -2.732312977313995361e-01 -9.609642028808593750e-01 -2.553370366825237436e+00
0.000000000000000000e+00 0.000000000000000000e+00 0.000000000000000000e+00 1.000000000000000000e+00
5.331066250801086426e-01 -8.192538619041442871e-01 2.112350016832351685e-01 5.057912533991483217e-01
-8.417016863822937012e-01 -4.882965087890625000e-01 2.304447293281555176e-01 9.464830942505199074e-01
-8.564747124910354614e-02 -3.006485104560852051e-01 -9.498814344406127930e-01 -2.487750665982531029e+00
0.000000000000000000e+00 0.000000000000000000e+00 0.000000000000000000e+00 1.000000000000000000e+00
5.923607349395751953e-01 -7.797313332557678223e-01 2.028002142906188965e-01 4.415721564005836708e-01
-7.961204648017883301e-01 -5.278441905975341797e-01 2.959263622760772705e-01 1.095938762088128016e+00
-1.236962080001831055e-01 -3.367485105991363525e-01 -9.334340095520019531e-01 -2.409745937836148766e+00
0.000000000000000000e+00 0.000000000000000000e+00 0.000000000000000000e+00 1.000000000000000000e+00
6.734108328819274902e-01 -7.195594906806945801e-01 1.695635169744491577e-01 2.949382882941833373e-01
-7.201040387153625488e-01 -5.865796208381652832e-01 3.706403374671936035e-01 1.238834363829353746e+00
-1.672353744506835938e-01 -3.716966509819030762e-01 -9.131669402122497559e-01 -2.313490657958567009e+00
0.000000000000000000e+00 0.000000000000000000e+00 0.000000000000000000e+00 1.000000000000000000e+00
7.380384802818298340e-01 -6.555810570716857910e-01 1.597263813018798828e-01 2.333883098241447129e-01
-6.468431353569030762e-01 -6.200135946273803711e-01 4.440465271472930908e-01 1.373416368020015765e+00
-1.920759975910186768e-01 -4.310410618782043457e-01 -8.816517591476440430e-01 -2.183206561500641296e+00
0.000000000000000000e+00 0.000000000000000000e+00 0.000000000000000000e+00 1.000000000000000000e+00
7.598855495452880859e-01 -6.342673301696777344e-01 1.424023211002349854e-01 1.673900361722132080e-01
-6.000544428825378418e-01 -6.001458168029785156e-01 5.289227366447448730e-01 1.551071821111638105e+00
-2.500164508819580078e-01 -4.873698353767395020e-01 -8.366371989250183105e-01 -1.993094888514733487e+00
0.000000000000000000e+00 0.000000000000000000e+00 0.000000000000000000e+00 1.000000000000000000e+00
7.919849753379821777e-01 -5.914234519004821777e-01 1.515845507383346558e-01 1.622998866674685570e-01
-5.365471243858337402e-01 -5.557359457015991211e-01 6.350390315055847168e-01 1.804360019757071054e+00
-2.913360595703125000e-01 -5.842735767364501953e-01 -7.574610114097595215e-01 -1.725255255476946914e+00
0.000000000000000000e+00 0.000000000000000000e+00 0.000000000000000000e+00 1.000000000000000000e+00
8.161085844039916992e-01 -5.600137710571289062e-01 1.426579654216766357e-01 1.204620551963890007e-01
-4.790454804897308350e-01 -5.174971222877502441e-01 7.090219855308532715e-01 1.983808532747080022e+00
-3.232368826866149902e-01 -6.469784379005432129e-01 -6.906058192253112793e-01 -1.504696194722815461e+00
0.000000000000000000e+00 0.000000000000000000e+00 0.000000000000000000e+00 1.000000000000000000e+00
8.451119065284729004e-01 -5.159621834754943848e-01 1.398888379335403442e-01 8.585968813406293088e-02
-4.153787791728973389e-01 -4.690526127815246582e-01 7.793906927108764648e-01 2.153650736989392911e+00
-3.365210890769958496e-01 -7.167792320251464844e-01 -6.107218861579895020e-01 -1.296579004968737792e+00
0.000000000000000000e+00 0.000000000000000000e+00 0.000000000000000000e+00 1.000000000000000000e+00
8.759604692459106445e-01 -4.715587794780731201e-01 1.016129776835441589e-01 -3.486976076928018087e-02
-3.299888670444488525e-01 -4.321349859237670898e-01 8.392654657363891602e-01 2.287353457497966591e+00
-3.518526554107666016e-01 -7.686946988105773926e-01 -5.341423153877258301e-01 -1.107084403419851704e+00
0.000000000000000000e+00 0.000000000000000000e+00 0.000000000000000000e+00 1.000000000000000000e+00
8.977534174919128418e-01 -4.352713227272033691e-01 6.766092777252197266e-02 -1.263233435825841522e-01
-2.230367660522460938e-01 -3.167070448398590088e-01 9.219279885292053223e-01 2.432044395644837209e+00
-3.798602521419525146e-01 -8.427547216415405273e-01 -3.814061284065246582e-01 -7.250747580863549091e-01
0.000000000000000000e+00 0.000000000000000000e+00 0.000000000000000000e+00 1.000000000000000000e+00
8.960358500480651855e-01 -4.434081017971038818e-01 2.256261184811592102e-02 -2.845459788404158252e-01
-7.785422354936599731e-02 -1.068896204233169556e-01 9.912181496620178223e-01 2.589024885760688566e+00
-4.371023774147033691e-01 -8.899234533309936523e-01 -1.302980780601501465e-01 -8.555103540925378114e-02
0.000000000000000000e+00 0.000000000000000000e+00 0.000000000000000000e+00 1.000000000000000000e+00
8.856136202812194824e-01 -4.631709754467010498e-01 3.407976403832435608e-02 -2.262318139897107616e-01
-8.503031730651855469e-02 -8.956759423017501831e-02 9.923447370529174805e-01 2.588950105946520530e+00
-4.565726816654205322e-01 -8.817313909530639648e-01 -1.187058165669441223e-01 -1.102099464482453883e-01
0.000000000000000000e+00 0.000000000000000000e+00 0.000000000000000000e+00 1.000000000000000000e+00
8.526446819305419922e-01 -5.214576721191406250e-01 3.284529596567153931e-02 -1.966527930164976012e-01
-9.964473545551300049e-02 -1.005778163671493530e-01 9.899268150329589844e-01 2.588979907496078425e+00
-5.129016041755676270e-01 -8.473286628723144531e-01 -1.377176493406295776e-01 -1.420482284122310535e-01
0.000000000000000000e+00 0.000000000000000000e+00 0.000000000000000000e+00 1.000000000000000000e+00
8.384434580802917480e-01 -5.400229096412658691e-01 7.339838147163391113e-02 -9.344675873066747573e-02
-2.283280938863754272e-01 -2.257846295833587646e-01 9.470415115356445312e-01 2.524696861339088105e+00
-4.948520064353942871e-01 -8.107998967170715332e-01 -3.126100897789001465e-01 -5.152620188281031854e-01
0.000000000000000000e+00 0.000000000000000000e+00 0.000000000000000000e+00 1.000000000000000000e+00
8.366354107856750488e-01 -5.381875634193420410e-01 1.019562035799026489e-01 -2.510638811127413259e-02
-3.095121681690216064e-01 -3.109099268913269043e-01 8.986303210258483887e-01 2.431172148439727732e+00
-4.519328474998474121e-01 -7.833828330039978027e-01 -4.266939163208007812e-01 -8.006461069292710730e-01
0.000000000000000000e+00 0.000000000000000000e+00 0.000000000000000000e+00 1.000000000000000000e+00
8.202326893806457520e-01 -5.612666606903076172e-01 1.104461997747421265e-01 -1.378688515360849195e-04
-3.679887354373931885e-01 -3.699070513248443604e-01 8.530846238136291504e-01 2.340371241981884065e+00
-4.379530251026153564e-01 -7.403706312179565430e-01 -5.099496841430664062e-01 -1.019521863028873154e+00
0.000000000000000000e+00 0.000000000000000000e+00 0.000000000000000000e+00 1.000000000000000000e+00
8.351118564605712891e-01 -5.441218018531799316e-01 8.074375241994857788e-02 -1.171099220458099860e-01
-4.509265720844268799e-01 -5.930976867675781250e-01 6.670082807540893555e-01 1.972193240836840999e+00
-3.150449693202972412e-01 -5.934359431266784668e-01 -7.406620979309082031e-01 -1.675316412566774993e+00
0.000000000000000000e+00 0.000000000000000000e+00 0.000000000000000000e+00 1.000000000000000000e+00
8.374429345130920410e-01 -5.432134866714477539e-01 6.006762757897377014e-02 -1.823721422639615342e-01
-4.629464149475097656e-01 -6.466645002365112305e-01 6.062218546867370605e-01 1.805399486768031636e+00
-2.904644608497619629e-01 -5.354842543601989746e-01 -7.930235266685485840e-01 -1.827427108732684102e+00
0.000000000000000000e+00 0.000000000000000000e+00 0.000000000000000000e+00 1.000000000000000000e+00
8.575414419174194336e-01 -5.112221837043762207e-01 5.722466856241226196e-02 -1.959400392895766507e-01
-4.589371681213378906e-01 -7.100587487220764160e-01 5.340346097946166992e-01 1.604696260287245657e+00
-2.323775291442871094e-01 -4.842194318771362305e-01 -8.435238003730773926e-01 -1.980960414979561435e+00
0.000000000000000000e+00 0.000000000000000000e+00 0.000000000000000000e+00 1.000000000000000000e+00
8.715872168540954590e-01 -4.896024167537689209e-01 2.500051073729991913e-02 -2.678142023755626377e-01
-4.592329263687133789e-01 -7.975488305091857910e-01 3.911783993244171143e-01 1.225138344285414682e+00
-1.715830117464065552e-01 -3.524270653724670410e-01 -9.199751615524291992e-01 -2.196846979079433382e+00
0.000000000000000000e+00 0.000000000000000000e+00 0.000000000000000000e+00 1.000000000000000000e+00
8.790355920791625977e-01 -4.763713777065277100e-01 1.915425062179565430e-02 -2.669159995384601802e-01
-4.648964405059814453e-01 -8.475708365440368652e-01 2.559190988540649414e-01 8.778699243338409230e-01
-1.056780442595481873e-01 -2.338667362928390503e-01 -9.665086269378662109e-01 -2.341903538088932368e+00
0.000000000000000000e+00 0.000000000000000000e+00 0.000000000000000000e+00 1.000000000000000000e+00
8.803597688674926758e-01 -4.740392565727233887e-01 1.589828357100486755e-02 -2.366592520068165895e-01
-4.742161631584167480e-01 -8.790467977523803711e-01 4.894236847758293152e-02 3.345164488143596015e-01
-9.225291199982166290e-03 -5.062613636255264282e-02 -9.986749291419982910e-01 -2.464398392501359059e+00
0.000000000000000000e+00 0.000000000000000000e+00 0.000000000000000000e+00 1.000000000000000000e+00
8.868404030799865723e-01 -4.617855846881866455e-01 1.638389006257057190e-02 -2.220427819412093551e-01
-4.606073796749114990e-01 -8.862902522087097168e-01 -4.827387630939483643e-02 7.204413003996422427e-02
3.681306540966033936e-02 3.526468947529792786e-02 -9.986997842788696289e-01 -2.489015576197089796e+00
0.000000000000000000e+00 0.000000000000000000e+00 0.000000000000000000e+00 1.000000000000000000e+00
8.922873735427856445e-01 -4.513652324676513672e-01 9.620717726647853851e-03 -2.342398421797058372e-01
-4.450508058071136475e-01 -8.829852342605590820e-01 -1.492201387882232666e-01 -2.153257277482229226e-01
7.584780454635620117e-02 1.288655102252960205e-01 -9.887573122978210449e-01 -2.482065744464131640e+00
0.000000000000000000e+00 0.000000000000000000e+00 0.000000000000000000e+00 1.000000000000000000e+00
8.971097469329833984e-01 -4.416603147983551025e-01 1.140819583088159561e-02 -2.267100529765361250e-01
-4.241281449794769287e-01 -8.681551814079284668e-01 -2.577241659164428711e-01 -5.328877975365462483e-01
1.237306743860244751e-01 2.263683080673217773e-01 -9.661511778831481934e-01 -2.436881904350050032e+00
0.000000000000000000e+00 0.000000000000000000e+00 0.000000000000000000e+00 1.000000000000000000e+00
9.004452824592590332e-01 -4.347712993621826172e-01 1.311926264315843582e-02 -2.201666295279103014e-01
-3.991773724555969238e-01 -8.379568457603454590e-01 -3.721364736557006836e-01 -8.838168756513213875e-01
1.727877408266067505e-01 3.298515677452087402e-01 -9.280852675437927246e-01 -2.345660464915114929e+00
0.000000000000000000e+00 0.000000000000000000e+00 0.000000000000000000e+00 1.000000000000000000e+00
9.055917859077453613e-01 -4.241137504577636719e-01 5.561504513025283813e-03 -2.518007846744396150e-01
-3.749426007270812988e-01 -8.065912127494812012e-01 -4.569774568080902100e-01 -1.143714257761851982e+00
1.982964128255844116e-01 4.117497503757476807e-01 -8.894608020782470703e-01 -2.258180913561445902e+00
0.000000000000000000e+00 0.000000000000000000e+00 0.000000000000000000e+00 1.000000000000000000e+00
9.168957471847534180e-01 -3.990957736968994141e-01 4.967053420841693878e-03 -2.796045438969187447e-01
-3.311316370964050293e-01 -7.675828337669372559e-01 -5.487878918647766113e-01 -1.426698182869998499e+00
2.228316664695739746e-01 5.015365481376647949e-01 -8.359467387199401855e-01 -2.137135297466397965e+00
0.000000000000000000e+00 0.000000000000000000e+00 0.000000000000000000e+00 1.000000000000000000e+00
9.097313284873962402e-01 -4.148263633251190186e-01 -1.754742488265037537e-02 -3.520157902330928734e-01
-3.326286375522613525e-01 -7.028718590736389160e-01 -6.287519931793212891e-01 -1.648055814776165917e+00
2.484894394874572754e-01 5.778321027755737305e-01 -7.774077653884887695e-01 -2.005934803359573859e+00
0.000000000000000000e+00 0.000000000000000000e+00 0.000000000000000000e+00 1.000000000000000000e+00
9.170374274253845215e-01 -3.971409499645233154e-01 -3.635061904788017273e-02 -4.236893102475777773e-01
-2.971728146076202393e-01 -6.197142601013183594e-01 -7.263898849487304688e-01 -1.936762465220206231e+00
2.659522891044616699e-01 6.769291162490844727e-01 -6.863207221031188965e-01 -1.771694347896008326e+00
0.000000000000000000e+00 0.000000000000000000e+00 0.000000000000000000e+00 1.000000000000000000e+00
9.236410260200500488e-01 -3.793040812015533447e-01 -5.491460859775543213e-02 -4.876267412117813449e-01
-2.710765898227691650e-01 -5.452552437782287598e-01 -7.932301163673400879e-01 -2.140926120703102953e+00
2.709329724311828613e-01 7.475458979606628418e-01 -6.064406037330627441e-01 -1.550686884197143289e+00
0.000000000000000000e+00 0.000000000000000000e+00 0.000000000000000000e+00 1.000000000000000000e+00
9.332876205444335938e-01 -3.556398153305053711e-01 -4.994542896747589111e-02 -4.918274489831129248e-01
-2.257637828588485718e-01 -4.728448092937469482e-01 -8.517325520515441895e-01 -2.328645667456460178e+00
2.792935967445373535e-01 8.061873316764831543e-01 -5.215908885002136230e-01 -1.328308687188762383e+00
0.000000000000000000e+00 0.000000000000000000e+00 0.000000000000000000e+00 1.000000000000000000e+00
9.440056681632995605e-01 -3.255021870136260986e-01 -5.386746674776077271e-02 -5.321250767009678695e-01
-1.921803802251815796e-01 -4.097831249237060547e-01 -8.917086124420166016e-01 -2.454813700822006339e+00
2.681792080402374268e-01 8.521302342414855957e-01 -4.493927657604217529e-01 -1.140098380658661315e+00
0.000000000000000000e+00 0.000000000000000000e+00 0.000000000000000000e+00 1.000000000000000000e+00
9.559553265571594238e-01 -2.901799976825714111e-01 -4.410238936543464661e-02 -5.343149387129093597e-01
-1.466129273176193237e-01 -3.419211208820343018e-01 -9.282211065292358398e-01 -2.586951012157981733e+00
2.542716860771179199e-01 8.938038349151611328e-01 -3.694054484367370605e-01 -9.157036811152797773e-01
0.000000000000000000e+00 0.000000000000000000e+00 0.000000000000000000e+00 1.000000000000000000e+00
9.601408243179321289e-01 -2.690020203590393066e-01 -7.594569027423858643e-02 -6.418938416314479145e-01
-1.469930857419967651e-01 -2.548272907733917236e-01 -9.557487964630126953e-01 -2.701709329117182090e+00
2.377454042434692383e-01 9.288167953491210938e-01 -2.842114567756652832e-01 -6.371812963221630266e-01
0.000000000000000000e+00 0.000000000000000000e+00 0.000000000000000000e+00 1.000000000000000000e+00
9.738187193870544434e-01 -2.195302248001098633e-01 -5.902017652988433838e-02 -6.260549389071616844e-01
-9.354503452777862549e-02 -1.503596901893615723e-01 -9.841956496238708496e-01 -2.823386848438961927e+00
2.071864008903503418e-01 9.639495611190795898e-01 -1.669590175151824951e-01 -2.606088126338332311e-01
0.000000000000000000e+00 0.000000000000000000e+00 0.000000000000000000e+00 1.000000000000000000e+00
9.917076230049133301e-01 -1.253765374422073364e-01 -2.822953090071678162e-02 -5.541149295733683866e-01
-4.565138742327690125e-02 -1.383388191461563110e-01 -9.893322587013244629e-01 -2.846494362897377783e+00
1.201337799429893494e-01 9.824168682098388672e-01 -1.429152786731719971e-01 -1.857612206362511120e-01
0.000000000000000000e+00 0.000000000000000000e+00 0.000000000000000000e+00 1.000000000000000000e+00
9.951597452163696289e-01 -9.823992848396301270e-02 2.434933790937066078e-03 -4.873239657464836228e-01
-2.197721041738986969e-02 -2.466404885053634644e-01 -9.688577055931091309e-01 -2.812222856846330110e+00
9.578109532594680786e-02 9.641147255897521973e-01 -2.476057261228561401e-01 -4.969653850711985843e-01
0.000000000000000000e+00 0.000000000000000000e+00 0.000000000000000000e+00 1.000000000000000000e+00
9.976621866226196289e-01 -4.136363044381141663e-02 5.439743772149085999e-02 -3.289724663808423766e-01
4.019260779023170471e-02 -2.886126041412353516e-01 -9.566018581390380859e-01 -2.879999306868136433e+00
5.526830255985260010e-02 9.565519690513610840e-01 -2.862753570079803467e-01 -5.938301825208098794e-01
0.000000000000000000e+00 0.000000000000000000e+00 0.000000000000000000e+00 1.000000000000000000e+00
9.889276027679443359e-01 4.071787372231483459e-02 1.427034735679626465e-01 -2.230008846262713368e-02
1.483982205390930176e-01 -2.741910815238952637e-01 -9.501563906669616699e-01 -2.977526809377529560e+00
4.396534932311624289e-04 9.608127474784851074e-01 -2.771975100040435791e-01 -5.411169326214351205e-01
0.000000000000000000e+00 0.000000000000000000e+00 0.000000000000000000e+00 1.000000000000000000e+00
9.689719676971435547e-01 4.985943436622619629e-02 2.420892566442489624e-01 2.861256182661311431e-01
2.466855198144912720e-01 -2.563942074775695801e-01 -9.345630407333374023e-01 -3.016973023380938645e+00
1.547346636652946472e-02 9.652853608131408691e-01 -2.607383430004119873e-01 -4.855058269529189396e-01
0.000000000000000000e+00 0.000000000000000000e+00 0.000000000000000000e+00 1.000000000000000000e+00
9.729655385017395020e-01 1.407242100685834885e-02 2.305209785699844360e-01 2.380723614773647689e-01
2.244367152452468872e-01 -2.929932177066802979e-01 -9.293993115425109863e-01 -3.002609504314962319e+00
5.446216091513633728e-02 9.560109376907348633e-01 -2.882306575775146484e-01 -5.958129513573529046e-01
0.000000000000000000e+00 0.000000000000000000e+00 0.000000000000000000e+00 1.000000000000000000e+00
9.814326167106628418e-01 -5.235951021313667297e-02 1.845222860574722290e-01 6.590155762738335310e-02
1.568805128335952759e-01 -3.343712091445922852e-01 -9.292923808097839355e-01 -2.973782575803936901e+00
1.103562265634536743e-01 9.409857988357543945e-01 -3.199485838413238525e-01 -7.449619805658317384e-01
0.000000000000000000e+00 0.000000000000000000e+00 0.000000000000000000e+00 1.000000000000000000e+00
9.850009083747863770e-01 -1.234306991100311279e-01 1.205739825963973999e-01 -1.538412459277957445e-01
6.717962771654129028e-02 -3.693148195743560791e-01 -9.268728494644165039e-01 -2.918662954255382580e+00
1.589343249797821045e-01 9.210707545280456543e-01 -3.554834425449371338e-01 -9.178260757303059458e-01
0.000000000000000000e+00 0.000000000000000000e+00 0.000000000000000000e+00 1.000000000000000000e+00
9.757334589958190918e-01 -2.186016142368316650e-01 1.254461146891117096e-02 -4.962439420484639485e-01
-5.593247339129447937e-02 -3.042272925376892090e-01 -9.509559273719787598e-01 -2.927287191569044378e+00
2.116969525814056396e-01 9.271779656410217285e-01 -3.090716898441314697e-01 -8.218234881583487139e-01
0.000000000000000000e+00 0.000000000000000000e+00 0.000000000000000000e+00 1.000000000000000000e+00
9.126508831977844238e-01 -3.970942497253417969e-01 -9.687376022338867188e-02 -8.063091285112541362e-01
-2.357202172279357910e-01 -3.177062571048736572e-01 -9.184216856956481934e-01 -2.738315013943307008e+00
3.339226841926574707e-01 8.610333800315856934e-01 -3.835580945014953613e-01 -1.144444715909428645e+00
0.000000000000000000e+00 0.000000000000000000e+00 0.000000000000000000e+00 1.000000000000000000e+00
8.693409562110900879e-01 -4.867319762706756592e-01 -8.566360920667648315e-02 -7.619080619685405509e-01
-2.810327708721160889e-01 -3.442847132682800293e-01 -8.958172798156738281e-01 -2.637041622218678771e+00
4.065302908420562744e-01 8.028448820114135742e-01 -4.360884130001068115e-01 -1.378120735543177489e+00
0.000000000000000000e+00 0.000000000000000000e+00 0.000000000000000000e+00 1.000000000000000000e+00
8.264867663383483887e-01 -5.589255690574645996e-01 -6.724449247121810913e-02 -6.808036967278869867e-01
-3.460188806056976318e-01 -4.101383686065673828e-01 -8.438348770141601562e-01 -2.446257896696218292e+00
4.440614283084869385e-01 7.206861972808837891e-01 -5.323727726936340332e-01 -1.704928391156425915e+00
0.000000000000000000e+00 0.000000000000000000e+00 0.000000000000000000e+00 1.000000000000000000e+00
7.977235913276672363e-01 -6.015071272850036621e-01 -4.273373261094093323e-02 -5.948851395024381539e-01
-4.255105853080749512e-01 -5.112674236297607422e-01 -7.466902136802673340e-01 -2.103949020268601977e+00
4.272911846637725830e-01 6.138359904289245605e-01 -6.637977361679077148e-01 -2.103381731309051705e+00
0.000000000000000000e+00 0.000000000000000000e+00 0.000000000000000000e+00 1.000000000000000000e+00
7.731000781059265137e-01 -6.337845325469970703e-01 -2.516592107713222504e-02 -5.261388284037076257e-01
-5.064150094985961914e-01 -5.928705334663391113e-01 -6.261374354362487793e-01 -1.683140240873481241e+00
3.819161951541900635e-01 4.968113005161285400e-01 -7.793064117431640625e-01 -2.427281114407827456e+00
0.000000000000000000e+00 0.000000000000000000e+00 0.000000000000000000e+00 1.000000000000000000e+00
