1.000000000000000000e+00 0.000000000000000000e+00 0.000000000000000000e+00 -4.146692231928954531e-01
0.000000000000000000e+00 -1.000000000000000000e+00 0.000000000000000000e+00 -7.693198940031911737e-02
0.000000000000000000e+00 0.000000000000000000e+00 -1.000000000000000000e+00 -3.421550398492883005e+00
0.000000000000000000e+00 0.000000000000000000e+00 0.000000000000000000e+00 1.000000000000000000e+00
9.909750819206237793e-01 -1.340305060148239136e-01 -2.046365058049559593e-03 -4.606595087536976552e-01
-1.337566524744033813e-01 -9.897225499153137207e-01 5.058568716049194336e-02 2.472017152194126155e-01
-8.805370889604091644e-03 -4.985544085502624512e-02 -9.987180829048156738e-01 -3.436783719195458886e+00
0.000000000000000000e+00 0.000000000000000000e+00 0.000000000000000000e+00 1.000000000000000000e+00
9.727308750152587891e-01 -2.306948006153106689e-01 -2.396776713430881500e-02 -5.390341302767914788e-01
-2.272230833768844604e-01 -9.685882925987243652e-01 1.010246276855468750e-01 5.502054479754413530e-01
-4.652080684900283813e-02 -9.282372891902923584e-02 -9.945949316024780273e-01 -3.412607160748708068e+00
0.000000000000000000e+00 0.000000000000000000e+00 0.000000000000000000e+00 1.000000000000000000e+00
9.419818520545959473e-01 -3.348602056503295898e-01 -2.321346290409564972e-02 -5.254322739890617822e-01
-3.286456763744354248e-01 -9.341459870338439941e-01 1.391504853963851929e-01 7.916294348864073571e-01
-6.828077882528305054e-02 -1.234481856226921082e-01 -9.899993538856506348e-01 -3.381006801519675253e+00
0.000000000000000000e+00 0.000000000000000000e+00 0.000000000000000000e+00 1.000000000000000000e+00
8.959664106369018555e-01 -4.441194534301757812e-01 1.458950689993798733e-03 -3.746425898275825839e-01
-4.384010136127471924e-01 -8.838947415351867676e-01 1.628940999507904053e-01 9.525933230626018045e-01
-7.105493545532226562e-02 -1.465872675180435181e-01 -9.866424202919006348e-01 -3.366220211829489273e+00
0.000000000000000000e+00 0.000000000000000000e+00 0.000000000000000000e+00 1.000000000000000000e+00
8.309658169746398926e-01 -5.561301112174987793e-01 1.466549281030893326e-02 -2.545286075334572407e-01
-5.483275651931762695e-01 -8.142840266227722168e-01 1.904659271240234375e-01 1.126884858791683319e+00
-9.398204088211059570e-02 -1.663121432065963745e-01 -9.815841317176818848e-01 -3.343423486903260411e+00
0.000000000000000000e+00 0.000000000000000000e+00 0.000000000000000000e+00 1.000000000000000000e+00
7.506719231605529785e-01 -6.589878201484680176e-01 4.718524217605590820e-02 -5.758661810734302944e-02
-6.561464667320251465e-01 -7.352752685546875000e-01 1.698295772075653076e-01 1.101357680137142525e+00
-7.722158730030059814e-02 -1.584467142820358276e-01 -9.843430519104003906e-01 -3.381083324887538488e+00
0.000000000000000000e+00 0.000000000000000000e+00 0.000000000000000000e+00 1.000000000000000000e+00
6.930606365203857422e-01 -7.167290449142456055e-01 7.724271714687347412e-02 9.160390109291306759e-02
-7.203907370567321777e-01 -6.846585869789123535e-01 1.108138188719749451e-01 8.758230639282358343e-01
-2.653862908482551575e-02 -1.324456781148910522e-01 -9.908350706100463867e-01 -3.463158773318923522e+00
0.000000000000000000e+00 0.000000000000000000e+00 0.000000000000000000e+00 1.000000000000000000e+00
5.853409171104431152e-01 -8.094478249549865723e-01 4.657709598541259766e-02 2.414316907936309500e-02
-8.102807998657226562e-01 -5.819800496101379395e-01 6.887497752904891968e-02 7.237691499601858203e-01
-2.864380367100238800e-02 -7.805588841438293457e-02 -9.965374469757080078e-01 -3.550000386648697770e+00
0.000000000000000000e+00 0.000000000000000000e+00 0.000000000000000000e+00 1.000000000000000000e+00
4.982213675975799561e-01 -8.653982877731323242e-01 5.349058285355567932e-02 1.056266412898247825e-01
-8.668498992919921875e-01 -4.958324134349822998e-01 5.216737464070320129e-02 6.676527891019560235e-01
-1.862320303916931152e-02 -7.235918939113616943e-02 -9.972049593925476074e-01 -3.592188546631250645e+00
0.000000000000000000e+00 0.000000000000000000e+00 0.000000000000000000e+00 1.000000000000000000e+00
4.039523303508758545e-01 -9.129645824432373047e-01 5.760294944047927856e-02 1.760195868586736101e-01
-9.145189523696899414e-01 -4.045403003692626953e-01 1.580223324708640575e-03 4.541424241183141253e-01
2.186002209782600403e-02 -5.331730470061302185e-02 -9.983382821083068848e-01 -3.642099706870432385e+00
0.000000000000000000e+00 0.000000000000000000e+00 0.000000000000000000e+00 1.000000000000000000e+00
2.940119504928588867e-01 -9.539046883583068848e-01 6.019355356693267822e-02 2.431684112836818568e-01
-9.545897841453552246e-01 -2.962267398834228516e-01 -3.174971789121627808e-02 3.105987187012951289e-01
4.811711609363555908e-02 -4.812534898519515991e-02 -9.976813197135925293e-01 -3.668321714258170996e+00
0.000000000000000000e+00 0.000000000000000000e+00 0.000000000000000000e+00 1.000000000000000000e+00
1.787865012884140015e-01 -9.811187386512756348e-01 7.376617938280105591e-02 3.530212174808668446e-01
-9.814678430557250977e-01 -1.831000447273254395e-01 -5.652523413300514221e-02 2.024173190146819901e-01
6.896456331014633179e-02 -6.229319050908088684e-02 -9.956725239753723145e-01 -3.678523451173823400e+00
0.000000000000000000e+00 0.000000000000000000e+00 0.000000000000000000e+00 1.000000000000000000e+00
9.957323968410491943e-02 -9.904615283012390137e-01 9.523964673280715942e-02 4.688212810866764224e-01
-9.900893568992614746e-01 -1.081506758928298950e-01 -8.959181606769561768e-02 6.091408593449109538e-02
9.903751313686370850e-02 -8.537475019693374634e-02 -9.914143681526184082e-01 -3.664099141031493811e+00
0.000000000000000000e+00 0.000000000000000000e+00 0.000000000000000000e+00 1.000000000000000000e+00
1.441556494683027267e-02 -9.952330589294433594e-01 9.645166248083114624e-02 5.289501206098153885e-01
-9.970380067825317383e-01 -2.159564755856990814e-02 -7.381775230169296265e-02 1.451072625577596586e-01
7.554882764816284180e-02 -9.510191529989242554e-02 -9.925968050956726074e-01 -3.598184600613132389e+00
0.000000000000000000e+00 0.000000000000000000e+00 0.000000000000000000e+00 1.000000000000000000e+00
-9.155742079019546509e-02 -8.883691430091857910e-01 4.499080479145050049e-01 1.948739093976612935e+00
-9.907281994819641113e-01 3.572305291891098022e-02 -1.310787498950958252e-01 -7.553202729332890442e-02
1.003741472959518433e-01 -4.577378630638122559e-01 -8.834029436111450195e-01 -3.111258138104012971e+00
0.000000000000000000e+00 0.000000000000000000e+00 0.000000000000000000e+00 1.000000000000000000e+00
-1.660257279872894287e-01 -8.634471297264099121e-01 4.763340353965759277e-01 2.065038412235254306e+00
-9.771186709403991699e-01 7.892414927482604980e-02 -1.975083500146865845e-01 -3.457278377848782558e-01
1.329437196254730225e-01 -4.982265233993530273e-01 -8.567941188812255859e-01 -3.026954894508218530e+00
0.000000000000000000e+00 0.000000000000000000e+00 0.000000000000000000e+00 1.000000000000000000e+00
-1.343280822038650513e-01 -8.056414127349853516e-01 5.769729018211364746e-01 2.364791129850337459e+00
-9.908596873283386230e-01 1.164797022938728333e-01 -6.804376840591430664e-02 1.365299237099207863e-01
-1.238676346838474274e-02 -5.808393955230712891e-01 -8.139238953590393066e-01 -2.783945632963007899e+00
0.000000000000000000e+00 0.000000000000000000e+00 0.000000000000000000e+00 1.000000000000000000e+00
-9.160537272691726685e-02 -7.236996293067932129e-01 6.840081810951232910e-01 2.641995478784891382e+00
-9.943339824676513672e-01 2.927638217806816101e-02 -1.021903306245803833e-01 4.677233272662287972e-02
5.392981320619583130e-02 -6.894937157630920410e-01 -7.222811579704284668e-01 -2.565190314982050079e+00
0.000000000000000000e+00 0.000000000000000000e+00 0.000000000000000000e+00 1.000000000000000000e+00
-6.294962763786315918e-02 -5.547397136688232422e-01 8.296391963958740234e-01 3.129144445050567214e+00
-9.847741723060607910e-01 -1.004451587796211243e-01 -1.418833583593368530e-01 -9.664665328105477571e-02
1.620416194200515747e-01 -8.259388804435729980e-01 -5.399702191352844238e-01 -1.903837625275414336e+00
0.000000000000000000e+00 0.000000000000000000e+00 0.000000000000000000e+00 1.000000000000000000e+00
-1.271802335977554321e-01 -4.004242122173309326e-01 9.074610471725463867e-01 3.392453770470510666e+00
-9.855232834815979004e-01 -5.239552259445190430e-02 -1.612406373023986816e-01 -2.136743142549132057e-01
1.121114268898963928e-01 -9.148305654525756836e-01 -3.879637718200683594e-01 -1.292608861793606678e+00
0.000000000000000000e+00 0.000000000000000000e+00 0.000000000000000000e+00 1.000000000000000000e+00
-1.953410506248474121e-01 -3.033243417739868164e-01 9.326500892639160156e-01 3.499181118449020911e+00
-9.744914174079895020e-01 -4.710485413670539856e-02 -2.194244861602783203e-01 -4.277198042200726080e-01
1.104891151189804077e-01 -9.517220258712768555e-01 -2.863854169845581055e-01 -9.247333703125374393e-01
0.000000000000000000e+00 0.000000000000000000e+00 0.000000000000000000e+00 1.000000000000000000e+00
-2.760013043880462646e-01 -1.828924566507339478e-01 9.435960054397583008e-01 3.578462774553694103e+00
-9.591239094734191895e-01 -1.141235791146755219e-02 -2.827553153038024902e-01 -6.725349052193976274e-01
6.248243898153305054e-02 -9.830667376518249512e-01 -1.722669303417205811e-01 -4.802089109586645255e-01
0.000000000000000000e+00 0.000000000000000000e+00 0.000000000000000000e+00 1.000000000000000000e+00
-1.571695804595947266e-01 8.769361972808837891e-01 4.541815221309661865e-01 1.700963322833158431e+00
-9.487836360931396484e-01 -6.456721574068069458e-03 -3.158603012561798096e-01 -7.745590821980637974e-01
-2.740567326545715332e-01 -4.805638194084167480e-01 8.330373764038085938e-01 3.375931091519432936e+00
0.000000000000000000e+00 0.000000000000000000e+00 0.000000000000000000e+00 1.000000000000000000e+00
-1.552524715662002563e-01 9.002768397331237793e-01 4.066933095455169678e-01 1.512838378688590391e+00
-9.690133333206176758e-01 -5.872039124369621277e-02 -2.399276196956634521e-01 -4.949162403125857423e-01
-1.921199560165405273e-01 -4.313405454158782959e-01 8.814960718154907227e-01 3.496626022332081973e+00
0.000000000000000000e+00 0.000000000000000000e+00 0.000000000000000000e+00 1.000000000000000000e+00
-7.792247086763381958e-02 8.866742253303527832e-01 4.557808339595794678e-01 1.614134635747955571e+00
-9.899529814720153809e-01 -1.471200864762067795e-02 -1.406276077032089233e-01 -1.050077252853426346e-01
-1.179855018854141235e-01 -4.621597230434417725e-01 8.789120912551879883e-01 3.432549421541854606e+00
0.000000000000000000e+00 0.000000000000000000e+00 0.000000000000000000e+00 1.000000000000000000e+00
2.786665782332420349e-02 8.949700593948364258e-01 4.452540576457977295e-01 1.470084566243590629e+00
-9.990943670272827148e-01 3.926123678684234619e-02 -1.638725213706493378e-02 3.864434156368625750e-01
-3.214739263057708740e-02 -4.443943500518798828e-01 8.952541351318359375e-01 3.420924763623775622e+00
0.000000000000000000e+00 0.000000000000000000e+00 0.000000000000000000e+00 1.000000000000000000e+00
4.371428862214088440e-02 8.993064761161804199e-01 4.351279437541961670e-01 1.407516372019889106e+00
-9.945184588432312012e-01 -2.236081287264823914e-03 1.045338511466979980e-01 8.352844651029293077e-01
9.498097747564315796e-02 -4.373126626014709473e-01 8.942795991897583008e-01 3.318318991814357410e+00
0.000000000000000000e+00 0.000000000000000000e+00 0.000000000000000000e+00 1.000000000000000000e+00
1.281605008989572525e-02 9.101884961128234863e-01 4.139958620071411133e-01 1.379738561835529120e+00
-9.821996092796325684e-01 -6.613696366548538208e-02 1.758111864328384399e-01 1.003590632545641403e+00
1.874018311500549316e-01 -4.088796079158782959e-01 8.931393027305603027e-01 3.274713426027062280e+00
0.000000000000000000e+00 0.000000000000000000e+00 0.000000000000000000e+00 1.000000000000000000e+00
-4.876878112554550171e-02 9.070932865142822266e-01 4.180937111377716064e-01 1.466659283782080880e+00
-9.948488473892211914e-01 -8.135886490345001221e-02 6.047033518552780151e-02 5.730702511230801877e-01
8.886789530515670776e-02 -4.129914939403533936e-01 9.063888192176818848e-01 3.507255876467941125e+00
0.000000000000000000e+00 0.000000000000000000e+00 0.000000000000000000e+00 1.000000000000000000e+00
-3.470460698008537292e-02 9.031535387039184570e-01 4.279136657714843750e-01 1.467738883728689325e+00
-9.927219152450561523e-01 1.825439371168613434e-02 -1.190400719642639160e-01 -8.601463938516498708e-02
-1.153227910399436951e-01 -4.289298951625823975e-01 8.959460258483886719e-01 3.677959862278659120e+00
0.000000000000000000e+00 0.000000000000000000e+00 0.000000000000000000e+00 1.000000000000000000e+00
1.355263292789459229e-01 8.872149586677551270e-01 4.410014450550079346e-01 1.362787946454152799e+00
-9.860635399818420410e-01 1.641345620155334473e-01 -2.717715874314308167e-02 2.469712618224444156e-01
-9.649556130170822144e-02 -4.311722218990325928e-01 8.970947861671447754e-01 3.691841959548698426e+00
0.000000000000000000e+00 0.000000000000000000e+00 0.000000000000000000e+00 1.000000000000000000e+00
2.398386448621749878e-01 8.344574570655822754e-01 4.961432814598083496e-01 1.400911233393799860e+00
-9.465634226799011230e-01 3.145140111446380615e-01 -7.140299677848815918e-02 7.151349876438461983e-02
-2.156268209218978882e-01 -4.525061249732971191e-01 8.652997612953186035e-01 3.624798182404574298e+00
0.000000000000000000e+00 0.000000000000000000e+00 0.000000000000000000e+00 1.000000000000000000e+00
3.563373982906341553e-01 7.696395516395568848e-01 5.297911167144775391e-01 1.350370909743843217e+00
-9.089076519012451172e-01 4.169606268405914307e-01 5.603110417723655701e-03 3.338245518598149664e-01
-2.165896147489547729e-01 -4.835277795791625977e-01 8.481100201606750488e-01 3.488481109452640005e+00
0.000000000000000000e+00 0.000000000000000000e+00 0.000000000000000000e+00 1.000000000000000000e+00
3.718098402023315430e-01 7.678516507148742676e-01 5.216908454895019531e-01 1.299134895611050666e+00
-9.197432994842529297e-01 3.808712065219879150e-01 9.491630643606185913e-02 6.765556107881043335e-01
-1.258154660463333130e-01 -5.151124596595764160e-01 8.478379845619201660e-01 3.386127313237401903e+00
0.000000000000000000e+00 0.000000000000000000e+00 0.000000000000000000e+00 1.000000000000000000e+00
3.791773617267608643e-01 7.631525397300720215e-01 5.232806205749511719e-01 1.303028021951083248e+00
-9.240289330482482910e-01 3.421935737133026123e-01 1.705106049776077271e-01 9.552796552094429128e-01
-4.893774539232254028e-02 -5.481803417205810547e-01 8.349272608757019043e-01 3.260797548171209925e+00
0.000000000000000000e+00 0.000000000000000000e+00 0.000000000000000000e+00 1.000000000000000000e+00
5.382571220397949219e-01 6.660917401313781738e-01 5.163341760635375977e-01 1.217947480181724940e+00
-8.423181176185607910e-01 4.454721808433532715e-01 3.034048676490783691e-01 1.381862185485754235e+00
-2.791705541312694550e-02 -5.982273817062377930e-01 8.008396625518798828e-01 3.115933297608770580e+00
0.000000000000000000e+00 0.000000000000000000e+00 0.000000000000000000e+00 1.000000000000000000e+00
7.024872303009033203e-01 4.812509417533874512e-01 5.243173837661743164e-01 1.178069670978911576e+00
-7.032083868980407715e-01 5.827999114990234375e-01 4.072373807430267334e-01 1.712189435560678596e+00
-1.095888093113899231e-01 -6.547833681106567383e-01 7.478291392326354980e-01 3.081116544030503501e+00
0.000000000000000000e+00 0.000000000000000000e+00 0.000000000000000000e+00 1.000000000000000000e+00
7.330841422080993652e-01 4.020038247108459473e-01 5.486170649528503418e-01 1.211429722968938805e+00
-6.458364129066467285e-01 6.643754839897155762e-01 3.761651515960693359e-01 1.586231455008313862e+00
-2.132680863142013550e-01 -6.300776004791259766e-01 7.466716766357421875e-01 3.194557955789358417e+00
0.000000000000000000e+00 0.000000000000000000e+00 0.000000000000000000e+00 1.000000000000000000e+00
7.854418158531188965e-01 3.238683938980102539e-01 5.274373292922973633e-01 1.186038614582253681e+00
-5.681900978088378906e-01 7.152286767959594727e-01 4.069489836692810059e-01 1.612361944584486562e+00
-2.454405426979064941e-01 -6.193195581436157227e-01 7.457893490791320801e-01 3.182320421528664678e+00
0.000000000000000000e+00 0.000000000000000000e+00 0.000000000000000000e+00 1.000000000000000000e+00
7.837173342704772949e-01 3.049460947513580322e-01 5.411052107810974121e-01 1.312373007376539391e+00
-5.377284884452819824e-01 7.691336274147033691e-01 3.453725576400756836e-01 1.297383317313715478e+00
-3.108618259429931641e-01 -5.616422295570373535e-01 7.667614221572875977e-01 3.316103605844736624e+00
0.000000000000000000e+00 0.000000000000000000e+00 0.000000000000000000e+00 1.000000000000000000e+00
7.660045623779296875e-01 3.936272561550140381e-01 5.082268714904785156e-01 1.294221199174619086e+00
-5.806698799133300781e-01 7.628718018531799316e-01 2.843393385410308838e-01 1.037194645858214193e+00
-2.757882177829742432e-01 -5.129174590110778809e-01 8.129308223724365234e-01 3.464115310785363278e+00
0.000000000000000000e+00 0.000000000000000000e+00 0.000000000000000000e+00 1.000000000000000000e+00
8.352347612380981445e-01 2.630259990692138672e-01 4.829077422618865967e-01 1.235831887470943524e+00
-5.262184739112854004e-01 6.372166872024536133e-01 5.630708932876586914e-01 2.055768154520482671e+00
-1.596146374940872192e-01 -7.244113087654113770e-01 6.706345081329345703e-01 3.005569710857344035e+00
0.000000000000000000e+00 0.000000000000000000e+00 0.000000000000000000e+00 1.000000000000000000e+00
8.689031600952148438e-01 1.947124153375625610e-01 4.550762176513671875e-01 1.123370285050605322e+00
-4.764666855335235596e-01 5.781212449073791504e-01 6.623858213424682617e-01 2.434387681964458761e+00
-1.341145187616348267e-01 -7.923776507377624512e-01 5.951052308082580566e-01 2.705221179542480758e+00
0.000000000000000000e+00 0.000000000000000000e+00 0.000000000000000000e+00 1.000000000000000000e+00
8.949739933013916016e-01 1.157829463481903076e-01 4.308313131332397461e-01 1.031092927353639999e+00
-4.256010353565216064e-01 5.110967159271240234e-01 7.467554211616516113e-01 2.756952291299402003e+00
-1.337349414825439453e-01 -8.516890406608581543e-01 5.066959261894226074e-01 2.372663893754087816e+00
0.000000000000000000e+00 0.000000000000000000e+00 0.000000000000000000e+00 1.000000000000000000e+00
8.984848856925964355e-01 -8.140956610441207886e-02 4.313896894454956055e-01 1.065941824193408438e+00
-3.630313277244567871e-01 4.147507250308990479e-01 8.343797922134399414e-01 3.093047404052040594e+00
-2.468456923961639404e-01 -9.062857031822204590e-01 3.430930674076080322e-01 1.823425004313854236e+00
0.000000000000000000e+00 0.000000000000000000e+00 0.000000000000000000e+00 1.000000000000000000e+00
9.167127013206481934e-01 3.809485733509063721e-01 1.204803735017776489e-01 -1.904929398510397665e-01
-2.461788505315780640e-01 3.010324835777282715e-01 9.212900996208190918e-01 3.355621829380614152e+00
3.146955966949462891e-01 -8.742182850837707520e-01 3.697418868541717529e-01 1.529032886497519783e+00
0.000000000000000000e+00 0.000000000000000000e+00 0.000000000000000000e+00 1.000000000000000000e+00
9.806029796600341797e-01 7.804466038942337036e-02 1.797962039709091187e-01 5.382235174412400985e-02
-1.926578879356384277e-01 2.150090634822845459e-01 9.574204087257385254e-01 3.466431802444575272e+00
3.606374934315681458e-02 -9.734885096549987793e-01 2.258745282888412476e-01 1.151136022300051742e+00
0.000000000000000000e+00 0.000000000000000000e+00 0.000000000000000000e+00 1.000000000000000000e+00
9.853731989860534668e-01 8.520944416522979736e-02 1.475791633129119873e-01 -7.024578492221701664e-02
-1.565181612968444824e-01 1.100334972143173218e-01 9.815265536308288574e-01 3.530000315648179843e+00
6.739669293165206909e-02 -9.902685880661010742e-01 1.217608451843261719e-01 7.124331126263457881e-01
0.000000000000000000e+00 0.000000000000000000e+00 0.000000000000000000e+00 1.000000000000000000e+00
9.849450588226318359e-01 1.010063663125038147e-01 1.402899622917175293e-01 -1.113466861582525780e-01
-1.455625444650650024e-01 4.683814570307731628e-02 9.882399439811706543e-01 3.535231135951431458e+00
9.324756264686584473e-02 -9.937826991081237793e-01 6.083576753735542297e-02 4.578257350519102653e-01
0.000000000000000000e+00 0.000000000000000000e+00 0.000000000000000000e+00 1.000000000000000000e+00
9.877421855926513672e-01 1.160776093602180481e-01 1.043639481067657471e-01 -2.481547625102334953e-01
-1.009320765733718872e-01 -3.507655113935470581e-02 9.942749142646789551e-01 3.517919964521475151e+00
1.190737485885620117e-01 -9.926207065582275391e-01 -2.293063141405582428e-02 8.159842998922749169e-02
0.000000000000000000e+00 0.000000000000000000e+00 0.000000000000000000e+00 1.000000000000000000e+00
9.890494346618652344e-01 1.204494386911392212e-01 8.528303354978561401e-02 -3.096657838216579361e-01
-6.900994479656219482e-02 -1.333502978086471558e-01 9.886636137962341309e-01 3.450213329555726460e+00
1.304563879966735840e-01 -9.837222099304199219e-01 -1.235778033733367920e-01 -3.407810726193855611e-01
0.000000000000000000e+00 0.000000000000000000e+00 0.000000000000000000e+00 1.000000000000000000e+00
9.845219850540161133e-01 -5.892575904726982117e-02 1.650567501783370972e-01 -4.458979085458629477e-02
-1.727663576602935791e-01 -1.680103093385696411e-01 9.705279469490051270e-01 3.477250896800960778e+00
-2.945790253579616547e-02 -9.840223193168640137e-01 -1.755902469158172607e-01 -3.149356067360133959e-01
0.000000000000000000e+00 0.000000000000000000e+00 0.000000000000000000e+00 1.000000000000000000e+00
8.099830150604248047e-01 -5.726582407951354980e-01 1.264531910419464111e-01 3.104847395517487674e-02
-2.712844014167785645e-01 -1.747052967548370361e-01 9.465109705924987793e-01 3.503492207380592749e+00
-5.199352502822875977e-01 -8.009622097015380859e-01 -2.968615591526031494e-01 -4.221299152996678683e-01
0.000000000000000000e+00 0.000000000000000000e+00 0.000000000000000000e+00 1.000000000000000000e+00
5.337979197502136230e-01 -8.456115126609802246e-01 -1.029610517434775829e-03 -1.001190039828336459e-01
-3.742328286170959473e-01 -2.373284697532653809e-01 8.964513540267944336e-01 3.494647553795016126e+00
-7.582937479019165039e-01 -4.781385362148284912e-01 -4.431410431861877441e-01 -8.293692254119071627e-01
0.000000000000000000e+00 0.000000000000000000e+00 0.000000000000000000e+00 1.000000000000000000e+00
9.193708300590515137e-01 -2.304617762565612793e-01 3.188169300556182861e-01 6.023542994828090524e-01
-3.834609985351562500e-01 -3.440569937229156494e-01 8.570773005485534668e-01 3.415827106096652521e+00
-8.783247321844100952e-02 -9.102262854576110840e-01 -4.046892225742340088e-01 -1.017661952211012855e+00
0.000000000000000000e+00 0.000000000000000000e+00 0.000000000000000000e+00 1.000000000000000000e+00
8.817192316055297852e-01 -1.640919297933578491e-01 4.423179626464843750e-01 1.061208836656085897e+00
-4.682456254959106445e-01 -4.188446700572967529e-01 7.780199646949768066e-01 3.253415909403273520e+00
5.759564042091369629e-02 -8.931083679199218750e-01 -4.461386799812316895e-01 -1.301044098126123316e+00
0.000000000000000000e+00 0.000000000000000000e+00 0.000000000000000000e+00 1.000000000000000000e+00
8.686825633049011230e-01 -1.367383450269699097e-01 4.761234521865844727e-01 1.192156950837781393e+00
-4.748498201370239258e-01 -5.036190748214721680e-01 7.217236757278442383e-01 3.057588819343318054e+00
1.410974860191345215e-01 -8.530359268188476562e-01 -5.024154782295227051e-01 -1.599070386516242115e+00
0.000000000000000000e+00 0.000000000000000000e+00 0.000000000000000000e+00 1.000000000000000000e+00
8.582499027252197266e-01 -1.287785321474075317e-01 4.968127310276031494e-01 1.271797094791903282e+00
-4.702395796775817871e-01 -5.851405858993530273e-01 6.606703400611877441e-01 2.861250194698187865e+00
2.056250870227813721e-01 -8.006411790847778320e-01 -5.627534389495849609e-01 -1.841314414382821729e+00
0.000000000000000000e+00 0.000000000000000000e+00 0.000000000000000000e+00 1.000000000000000000e+00
8.340803384780883789e-01 -8.969492465257644653e-02 5.443020462989807129e-01 1.422340275469404780e+00
-4.496824741363525391e-01 -6.820662617683410645e-01 5.766894221305847168e-01 2.572626973659132954e+00
3.195240497589111328e-01 -7.257685065269470215e-01 -6.092324256896972656e-01 -2.087438039120115718e+00
0.000000000000000000e+00 0.000000000000000000e+00 0.000000000000000000e+00 1.000000000000000000e+00
8.193746805191040039e-01 -1.032291427254676819e-01 5.638872981071472168e-01 1.512878708571653297e+00
-4.447495937347412109e-01 -7.351028323173522949e-01 5.116841197013854980e-01 2.348895396218017684e+00
3.616945743560791016e-01 -6.700498461723327637e-01 -6.482362747192382812e-01 -2.277120509560580874e+00
0.000000000000000000e+00 0.000000000000000000e+00 0.000000000000000000e+00 1.000000000000000000e+00
7.896521091461181641e-01 -1.412119120359420776e-01 5.970831513404846191e-01 1.675389523523196589e+00
-4.515549540519714355e-01 -7.925994992256164551e-01 4.097363352775573730e-01 2.002533570627014203e+00
4.153879582881927490e-01 -5.931655168533325195e-01 -6.896429061889648438e-01 -2.491404036319524007e+00
0.000000000000000000e+00 0.000000000000000000e+00 0.000000000000000000e+00 1.000000000000000000e+00
7.573350667953491211e-01 -2.048676609992980957e-01 6.200582385063171387e-01 1.810106327397183579e+00
-4.644434452056884766e-01 -8.364623188972473145e-01 2.909006178379058838e-01 1.589536781920200204e+00
4.590590298175811768e-01 -5.082912445068359375e-01 -7.286316156387329102e-01 -2.697229145680685392e+00
0.000000000000000000e+00 0.000000000000000000e+00 0.000000000000000000e+00 1.000000000000000000e+00
7.358853220939636230e-01 -2.679554224014282227e-01 6.218300461769104004e-01 1.859667961983152873e+00
-4.590069651603698730e-01 -8.725576996803283691e-01 1.671995371580123901e-01 1.148671613142062453e+00
4.977806508541107178e-01 -4.084641635417938232e-01 -7.650958299636840820e-01 -2.890890141850319228e+00
0.000000000000000000e+00 0.000000000000000000e+00 0.000000000000000000e+00 1.000000000000000000e+00
7.142682075500488281e-01 -3.534995317459106445e-01 6.040356755256652832e-01 1.834951948262953048e+00
-4.422072470188140869e-01 -8.969104290008544922e-01 -1.991687575355172157e-03 5.380815354045306309e-01
5.424698591232299805e-01 -2.656863033771514893e-01 -7.969547510147094727e-01 -3.068191338190456197e+00
0.000000000000000000e+00 0.000000000000000000e+00 0.000000000000000000e+00 1.000000000000000000e+00
7.011257410049438477e-01 -3.963556587696075439e-01 5.927266478538513184e-01 1.784787433630170783e+00
-3.722916841506958008e-01 -9.124543666839599609e-01 -1.697803735733032227e-01 -1.369152578658425212e-01
6.081296801567077637e-01 -1.016299948096275330e-01 -7.873052358627319336e-01 -3.052279992872625414e+00
0.000000000000000000e+00 0.000000000000000000e+00 0.000000000000000000e+00 1.000000000000000000e+00
6.991977691650390625e-01 -4.219419956207275391e-01 5.771375894546508789e-01 1.714459528615257300e+00
-3.020344376564025879e-01 -9.060226082801818848e-01 -2.964753806591033936e-01 -6.625450725397533658e-01
6.479952335357666016e-01 3.297937661409378052e-02 -7.609300613403320312e-01 -2.980313212395978351e+00
0.000000000000000000e+00 0.000000000000000000e+00 0.000000000000000000e+00 1.000000000000000000e+00
6.857071518898010254e-01 -4.537337422370910645e-01 5.691493749618530273e-01 1.682826595249904855e+00
-2.421918064355850220e-01 -8.796029090881347656e-01 -4.094406366348266602e-01 -1.118471125917883668e+00
6.864026188850402832e-01 1.429131329059600830e-01 -7.130409479141235352e-01 -2.831268959038983013e+00
0.000000000000000000e+00 0.000000000000000000e+00 0.000000000000000000e+00 1.000000000000000000e+00
6.805404424667358398e-01 -4.809909462928771973e-01 5.527319312095642090e-01 1.623217993983285146e+00
-1.604108065366744995e-01 -8.338704109191894531e-01 -5.281369090080261230e-01 -1.624762309244545788e+00
7.149357199668884277e-01 2.707541584968566895e-01 -6.446386575698852539e-01 -2.605763039093025313e+00
0.000000000000000000e+00 0.000000000000000000e+00 0.000000000000000000e+00 1.000000000000000000e+00
6.589664220809936523e-01 -5.150247216224670410e-01 5.481899380683898926e-01 1.617432551612954406e+00
-9.544388204813003540e-02 -7.801719307899475098e-01 -6.182410120964050293e-01 -2.022620742058902188e+00
7.460917830467224121e-01 3.550786375999450684e-01 -5.632628202438354492e-01 -2.330152926988951823e+00
0.000000000000000000e+00 0.000000000000000000e+00 0.000000000000000000e+00 1.000000000000000000e+00
6.745526790618896484e-01 -5.270285010337829590e-01 5.169326663017272949e-01 1.494764386478990348e+00
-3.312462195754051208e-02 -7.211391329765319824e-01 -6.919979453086853027e-01 -2.359913859158423666e+00
7.374830245971679688e-01 4.496659040451049805e-01 -5.039039850234985352e-01 -2.121538678749124163e+00
0.000000000000000000e+00 0.000000000000000000e+00 0.000000000000000000e+00 1.000000000000000000e+00
6.911525726318359375e-01 -5.337414145469665527e-01 4.872656762599945068e-01 1.379341984652076691e+00
1.641346141695976257e-02 -6.624552607536315918e-01 -7.489217519760131836e-01 -2.624672647469646680e+00
7.225222587585449219e-01 5.256170034408569336e-01 -4.490972757339477539e-01 -1.931762277598106037e+00
0.000000000000000000e+00 0.000000000000000000e+00 0.000000000000000000e+00 1.000000000000000000e+00
7.427998781204223633e-01 -5.065786242485046387e-01 4.377520084381103516e-01 1.160503249306150897e+00
6.122562661767005920e-02 -5.996999144554138184e-01 -7.978795170783996582e-01 -2.861318577337217839e+00
6.667080521583557129e-01 6.194664239883422852e-01 -4.144412279129028320e-01 -1.805161776515575855e+00
0.000000000000000000e+00 0.000000000000000000e+00 0.000000000000000000e+00 1.000000000000000000e+00
7.876759171485900879e-01 -4.834779202938079834e-01 3.818581700325012207e-01 9.125588337585206489e-01
1.089771166443824768e-01 -5.006976127624511719e-01 -8.587344884872436523e-01 -3.172000003862652129e+00
6.063749790191650391e-01 7.180188894271850586e-01 -3.416995704174041748e-01 -1.545380626463930929e+00
0.000000000000000000e+00 0.000000000000000000e+00 0.000000000000000000e+00 1.000000000000000000e+00
8.372920155525207520e-01 -4.529330432415008545e-01 3.062583804130554199e-01 6.188414659088165015e-01
1.244777441024780273e-01 -3.875151276588439941e-01 -9.134205579757690430e-01 -3.427345728527009694e+00
5.323979258537292480e-01 8.029220700263977051e-01 -2.680833935737609863e-01 -1.242268291709760941e+00
0.000000000000000000e+00 0.000000000000000000e+00 0.000000000000000000e+00 1.000000000000000000e+00
8.850465416908264160e-01 -3.799476027488708496e-01 2.689463496208190918e-01 4.431721217708628480e-01
1.580352038145065308e-01 -2.981964945793151855e-01 -9.413308501243591309e-01 -3.575370532062135176e+00
4.378551840782165527e-01 8.756244778633117676e-01 -2.038725763559341431e-01 -9.708841136559533957e-01
0.000000000000000000e+00 0.000000000000000000e+00 0.000000000000000000e+00 1.000000000000000000e+00
8.958926200866699219e-01 -3.594734668731689453e-01 2.610662877559661865e-01 3.940555808729707676e-01
1.954959332942962646e-01 -2.086974829435348511e-01 -9.582415223121643066e-01 -3.689210416853646368e+00
3.989461362361907959e-01 9.095185399055480957e-01 -1.166949719190597534e-01 -6.385930223307686449e-01
0.000000000000000000e+00 0.000000000000000000e+00 0.000000000000000000e+00 1.000000000000000000e+00
9.644405841827392578e-01 -1.381355375051498413e-01 2.253302335739135742e-01 1.972909287505065501e-01
2.103611230850219727e-01 -1.149539500474929810e-01 -9.708420634269714355e-01 -3.773344757520373793e+00
1.600103676319122314e-01 9.837195873260498047e-01 -8.180786669254302979e-02 -3.541183286807374486e-01
0.000000000000000000e+00 0.000000000000000000e+00 0.000000000000000000e+00 1.000000000000000000e+00
9.822407364845275879e-01 -2.631713822484016418e-02 1.857701539993286133e-01 -4.747306654515818895e-03
1.850656867027282715e-01 -2.708493359386920929e-02 -9.823527932167053223e-01 -3.843019973359392605e+00
3.088431060314178467e-02 9.992867112159729004e-01 -2.173357829451560974e-02 -1.603214877521035725e-02
0.000000000000000000e+00 0.000000000000000000e+00 0.000000000000000000e+00 1.000000000000000000e+00
9.841877818107604980e-01 -4.254722595214843750e-02 1.719426810741424561e-01 -5.466870690306897124e-02
1.745644658803939819e-01 6.841202080249786377e-02 -9.822661876678466797e-01 -3.890058405005012432e+00
3.002974018454551697e-02 9.967494010925292969e-01 7.475754618644714355e-02 4.125590175747365085e-01
0.000000000000000000e+00 0.000000000000000000e+00 0.000000000000000000e+00 1.000000000000000000e+00
9.840267896652221680e-01 -5.152083002030849457e-03 1.779455840587615967e-01 -1.180509408933751170e-02
1.774394959211349487e-01 1.090554967522621155e-01 -9.780704975128173828e-01 -3.901043644691623236e+00
-1.436685957014560699e-02 9.940222501754760742e-01 1.082277148962020874e-01 6.287164189217222532e-01
0.000000000000000000e+00 0.000000000000000000e+00 0.000000000000000000e+00 1.000000000000000000e+00
9.739174246788024902e-01 1.728941947221755981e-01 1.469440311193466187e-01 -9.344423598598626535e-02
1.365600973367691040e-01 7.055993378162384033e-02 -9.881155490875244141e-01 -3.911261927200327282e+00
-1.812078058719635010e-01 9.824095964431762695e-01 4.510907828807830811e-02 4.732460554259531604e-01
0.000000000000000000e+00 0.000000000000000000e+00 0.000000000000000000e+00 1.000000000000000000e+00
9.470831751823425293e-01 -3.136456310749053955e-01 6.826376169919967651e-02 -3.743882013344162485e-01
5.079587548971176147e-02 -6.354180723428726196e-02 -9.966854453086853027e-01 -3.863901890589769295e+00
3.169437348842620850e-01 9.474115967750549316e-01 -4.424747452139854431e-02 -2.154060441534526582e-01
0.000000000000000000e+00 0.000000000000000000e+00 0.000000000000000000e+00 1.000000000000000000e+00
8.067358732223510742e-01 -5.848686099052429199e-01 8.429650217294692993e-02 -2.137114050501538465e-01
-3.924793750047683716e-02 -1.953745931386947632e-01 -9.799429774284362793e-01 -3.713089844025181385e+00
5.896073579788208008e-01 7.872464060783386230e-01 -1.805706769227981567e-01 -9.012910225574456424e-01
0.000000000000000000e+00 0.000000000000000000e+00 0.000000000000000000e+00 1.000000000000000000e+00
7.567760348320007324e-01 -6.486514210700988770e-01 8.087716251611709595e-02 -1.435791710624409190e-01
-1.672423332929611206e-01 -3.117421269416809082e-01 -9.353321790695190430e-01 -3.423683637264951063e+00
6.319179534912109375e-01 6.943112015724182129e-01 -3.444010913372039795e-01 -1.549273321929144576e+00
0.000000000000000000e+00 0.000000000000000000e+00 0.000000000000000000e+00 1.000000000000000000e+00
9.452846646308898926e-01 -2.193949371576309204e-01 -2.414586991071701050e-01 -1.388978315382061179e+00
-3.123277723789215088e-01 -3.946990370750427246e-01 -8.640972971916198730e-01 -3.019333127377023640e+00
9.427512437105178833e-02 8.922322988510131836e-01 -4.416260719299316406e-01 -1.613825263819746114e+00
0.000000000000000000e+00 0.000000000000000000e+00 0.000000000000000000e+00 1.000000000000000000e+00
8.884844183921813965e-01 -3.608942329883575439e-01 -2.834632098674774170e-01 -1.452834049740043820e+00
-4.415948092937469482e-01 -5.043000578880310059e-01 -7.420753240585327148e-01 -2.448383662254419058e+00
1.248601749539375305e-01 7.844979166984558105e-01 -6.074315309524536133e-01 -2.225576333757204761e+00
0.000000000000000000e+00 0.000000000000000000e+00 0.000000000000000000e+00 1.000000000000000000e+00
8.102607727050781250e-01 -4.986874163150787354e-01 -3.078767955303192139e-01 -1.423113942046376312e+00
-5.756896138191223145e-01 -5.788108706474304199e-01 -5.775461196899414062e-01 -1.744330416230418290e+00
1.098125874996185303e-01 6.452043652534484863e-01 -7.560771703720092773e-01 -2.714366416033673790e+00
0.000000000000000000e+00 0.000000000000000000e+00 0.000000000000000000e+00 1.000000000000000000e+00
7.367479801177978516e-01 -5.880824327468872070e-01 -3.337082564830780029e-01 -1.402106381718764894e+00
-6.748091578483581543e-01 -6.082197427749633789e-01 -4.179725050926208496e-01 -1.099099769628127943e+00
4.283455759286880493e-02 5.331299304962158203e-01 -8.449481725692749023e-01 -2.969997724528096850e+00
0.000000000000000000e+00 0.000000000000000000e+00 0.000000000000000000e+00 1.000000000000000000e+00
6.621280908584594727e-01 -7.026096582412719727e-01 -2.606267631053924561e-01 -1.005669491107413771e+00
-7.486563324928283691e-01 -6.047937870025634766e-01 -2.715466618537902832e-01 -5.293730410670196562e-01
3.316601738333702087e-02 3.749185502529144287e-01 -9.264643192291259766e-01 -3.207311510365193463e+00
0.000000000000000000e+00 0.000000000000000000e+00 0.000000000000000000e+00 1.000000000000000000e+00
6.849138140678405762e-01 -6.935497522354125977e-01 -2.233419567346572876e-01 -8.772721558544865905e-01
-7.285696864128112793e-01 -6.556369066238403320e-01 -1.983072459697723389e-01 -2.303376653944297081e-01
-8.895203471183776855e-03 2.985436320304870605e-01 -9.543545842170715332e-01 -3.245412219464322234e+00
0.000000000000000000e+00 0.000000000000000000e+00 0.000000000000000000e+00 1.000000000000000000e+00
6.873642206192016602e-01 -6.920235753059387207e-01 -2.205311805009841919e-01 -8.708469505528322330e-01
-7.165832519531250000e-01 -6.956728696823120117e-01 -5.047668144106864929e-02 3.001245396375581409e-01
-1.184865087270736694e-01 1.927248090505599976e-01 -9.740728735923767090e-01 -3.198771226751792707e+00
0.000000000000000000e+00 0.000000000000000000e+00 0.000000000000000000e+00 1.000000000000000000e+00
6.689571738243103027e-01 -7.149412035942077637e-01 -2.033599913120269775e-01 -7.894369451919859282e-01
-7.258049845695495605e-01 -6.872994899749755859e-01 2.874771133065223694e-02 5.463600194778772678e-01
-1.603221148252487183e-01 1.283686906099319458e-01 -9.786820411682128906e-01 -3.152842383940186899e+00
0.000000000000000000e+00 0.000000000000000000e+00 0.000000000000000000e+00 1.000000000000000000e+00
6.541841030120849609e-01 -7.332584857940673828e-01 -1.854052990674972534e-01 -7.082437129526030217e-01
-7.323336005210876465e-01 -6.753627061843872070e-01 8.702247589826583862e-02 7.236647920790122424e-01
-1.890257298946380615e-01 7.884977012872695923e-02 -9.788014292716979980e-01 -3.106562291976092460e+00
0.000000000000000000e+00 0.000000000000000000e+00 0.000000000000000000e+00 1.000000000000000000e+00
5.750153064727783203e-01 -7.961093187332153320e-01 -1.885922998189926147e-01 -6.326277243709866882e-01
-7.616293430328369141e-01 -6.050659418106079102e-01 2.319825738668441772e-01 1.204896382104764907e+00
-2.987942993640899658e-01 1.024394202977418900e-02 -9.542626738548278809e-01 -2.947598093835102961e+00
0.000000000000000000e+00 0.000000000000000000e+00 0.000000000000000000e+00 1.000000000000000000e+00
5.720165967941284180e-01 -7.961112260818481445e-01 -1.974924355745315552e-01 -6.526818879864889622e-01
-6.759965419769287109e-01 -5.939247012138366699e-01 4.362133443355560303e-01 1.857219486753487914e+00
-4.645701050758361816e-01 -1.160170510411262512e-01 -8.779033422470092773e-01 -2.562615579413342726e+00
0.000000000000000000e+00 0.000000000000000000e+00 0.000000000000000000e+00 1.000000000000000000e+00
5.853053331375122070e-01 -7.841461896896362305e-01 -2.062326967716217041e-01 -7.066024245918827162e-01
-6.102032065391540527e-01 -5.934945940971374512e-01 5.248011946678161621e-01 2.129917574480502562e+00
-5.339189767837524414e-01 -1.813250631093978882e-01 -8.258643150329589844e-01 -2.322919917576544702e+00
0.000000000000000000e+00 0.000000000000000000e+00 0.000000000000000000e+00 1.000000000000000000e+00
6.483843326568603516e-01 -7.342184782028198242e-01 -2.012988775968551636e-01 -7.439475946958097330e-01
-4.975641369819641113e-01 -6.088018417358398438e-01 6.178916096687316895e-01 2.393354266496956928e+00
-5.762187242507934570e-01 -3.004720807075500488e-01 -7.600582242012023926e-01 -2.016414702147257820e+00
0.000000000000000000e+00 0.000000000000000000e+00 0.000000000000000000e+00 1.000000000000000000e+00
7.274327278137207031e-01 -6.661893129348754883e-01 -1.644186377525329590e-01 -6.926895197722817699e-01
