1.000000000000000000e+00 0.000000000000000000e+00 0.000000000000000000e+00 -4.146692231928954531e-01
0.000000000000000000e+00 -1.000000000000000000e+00 0.000000000000000000e+00 -7.693198940031911737e-02
0.000000000000000000e+00 0.000000000000000000e+00 -1.000000000000000000e+00 -3.421550398492883005e+00
0.000000000000000000e+00 0.000000000000000000e+00 0.000000000000000000e+00 1.000000000000000000e+00
9.901886582374572754e-01 -1.374901980161666870e-01 -2.495528012514114380e-02 -5.395134785129831467e-01
-1.358651220798492432e-01 -9.890241622924804688e-01 5.806405842304229736e-02 2.729597996894816969e-01
-3.266466036438941956e-02 -5.410379916429519653e-02 -9.980008602142333984e-01 -3.425573735203232051e+00
0.000000000000000000e+00 0.000000000000000000e+00 0.000000000000000000e+00 1.000000000000000000e+00
9.697021245956420898e-01 -2.383017838001251221e-01 -5.375668406486511230e-02 -6.425742541313166356e-01
-2.320629805326461792e-01 -9.673336744308471680e-01 1.020407304167747498e-01 5.577390356616166445e-01
-7.631716877222061157e-02 -8.647416532039642334e-02 -9.933266043663024902e-01 -3.394667256782795572e+00
0.000000000000000000e+00 0.000000000000000000e+00 0.000000000000000000e+00 1.000000000000000000e+00
9.386438727378845215e-01 -3.380179703235626221e-01 -6.849113851785659790e-02 -6.799648815286533088e-01
-3.262999355792999268e-01 -9.346837401390075684e-01 1.410471051931381226e-01 7.950460136765721275e-01
-1.116941198706626892e-01 -1.100443452596664429e-01 -9.876309633255004883e-01 -3.351838989169064309e+00
0.000000000000000000e+00 0.000000000000000000e+00 0.000000000000000000e+00 1.000000000000000000e+00
8.956365585327148438e-01 -4.441949129104614258e-01 -2.293306030333042145e-02 -4.587644351245576124e-01
-4.348889887332916260e-01 -8.853582739830017090e-01 1.643529087305068970e-01 9.577650273406796977e-01
-9.330872446298599243e-02 -1.372271329164505005e-01 -9.861349463462829590e-01 -3.354492488654694071e+00
0.000000000000000000e+00 0.000000000000000000e+00 0.000000000000000000e+00 1.000000000000000000e+00
8.278476595878601074e-01 -5.605257153511047363e-01 -2.188972570002079010e-02 -3.842493317056107083e-01
-5.475466847419738770e-01 -8.159275650978088379e-01 1.856195926666259766e-01 1.105910044950319859e+00
-1.219050437211990356e-01 -1.416790485382080078e-01 -9.823778271675109863e-01 -3.337084111865560310e+00
0.000000000000000000e+00 0.000000000000000000e+00 0.000000000000000000e+00 1.000000000000000000e+00
7.528988122940063477e-01 -6.577125191688537598e-01 2.361005544662475586e-02 -1.454433401951846783e-01
-6.512097716331481934e-01 -7.393045425415039062e-01 1.713304817676544189e-01 1.099021821568115564e+00
-9.523123502731323242e-02 -1.443695724010467529e-01 -9.849306344985961914e-01 -3.377064469275307346e+00
0.000000000000000000e+00 0.000000000000000000e+00 0.000000000000000000e+00 1.000000000000000000e+00
6.942749023437500000e-01 -7.177530527114868164e-01 5.303880944848060608e-02 3.888152472680584098e-03
-7.181096076965332031e-01 -6.859352588653564453e-01 1.175214648246765137e-01 8.990836686846528369e-01
-4.797022417187690735e-02 -1.196798905730247498e-01 -9.916530251502990723e-01 -3.457439513320798685e+00
0.000000000000000000e+00 0.000000000000000000e+00 0.000000000000000000e+00 1.000000000000000000e+00
5.893057584762573242e-01 -8.078066110610961914e-01 1.292638480663299561e-02 -1.018461226075084991e-01
-8.061560392379760742e-01 -5.868971943855285645e-01 7.526029646396636963e-02 7.451420921343504533e-01
-5.320930108428001404e-02 -5.477200075984001160e-02 -9.970800876617431641e-01 -3.544329729330161438e+00
0.000000000000000000e+00 0.000000000000000000e+00 0.000000000000000000e+00 1.000000000000000000e+00
5.044372081756591797e-01 -8.630962967872619629e-01 2.464499324560165405e-02 -5.618265568628501815e-03
-8.627225160598754883e-01 -5.026381015777587891e-01 5.535791814327239990e-02 6.800085554129968735e-01
-3.539174050092697144e-02 -4.918637126684188843e-02 -9.981629252433776855e-01 -3.590858694589738498e+00
0.000000000000000000e+00 0.000000000000000000e+00 0.000000000000000000e+00 1.000000000000000000e+00
4.083035588264465332e-01 -9.121837615966796875e-01 3.477078676223754883e-02 8.658599758149464198e-02
-9.128214716911315918e-01 -4.082760214805603027e-01 8.213235065340995789e-03 4.761516822252498948e-01
6.704102270305156708e-03 -3.509302809834480286e-02 -9.993615150451660156e-01 -3.642499558702509521e+00
0.000000000000000000e+00 0.000000000000000000e+00 0.000000000000000000e+00 1.000000000000000000e+00
2.895448803901672363e-01 -9.566754698753356934e-01 3.058704361319541931e-02 1.329453651263587666e-01
-9.564011693000793457e-01 -2.904421091079711914e-01 -3.065905906260013580e-02 3.120805833789674910e-01
3.821453824639320374e-02 -2.037631906569004059e-02 -9.990618228912353516e-01 -3.674540444346537260e+00
0.000000000000000000e+00 0.000000000000000000e+00 0.000000000000000000e+00 1.000000000000000000e+00
1.805099397897720337e-01 -9.813699126243591309e-01 6.579665839672088623e-02 3.198878487331409670e-01
-9.815829396247863770e-01 -1.839946508407592773e-01 -5.139061063528060913e-02 2.174015725281066291e-01
6.253941357135772705e-02 -5.530836060643196106e-02 -9.965088963508605957e-01 -3.679930860682764315e+00
0.000000000000000000e+00 0.000000000000000000e+00 0.000000000000000000e+00 1.000000000000000000e+00
1.019242927432060242e-01 -9.915391206741333008e-01 8.038519322872161865e-02 4.131367429720972373e-01
-9.904919862747192383e-01 -1.086571216583251953e-01 -8.437528461217880249e-02 7.588918335801093928e-02
9.239579737186431885e-02 -7.102099806070327759e-02 -9.931862354278564453e-01 -3.672006211010820476e+00
0.000000000000000000e+00 0.000000000000000000e+00 0.000000000000000000e+00 1.000000000000000000e+00
1.942804455757141113e-02 -9.968131184577941895e-01 7.737161219120025635e-02 4.574187391378170542e-01
-9.974131584167480469e-01 -2.468001656234264374e-02 -6.751316785812377930e-02 1.596272699974002618e-01
6.920756399631500244e-02 -7.585977762937545776e-02 -9.947137832641601562e-01 -3.607321559675951583e+00
0.000000000000000000e+00 0.000000000000000000e+00 0.000000000000000000e+00 1.000000000000000000e+00
-8.344156295061111450e-02 -9.113996028900146484e-01 4.029737114906311035e-01 1.775756297422909746e+00
-9.911363720893859863e-01 3.395418450236320496e-02 -1.284359246492385864e-01 -6.787003352514187071e-02
1.033737137913703918e-01 -4.101188778877258301e-01 -9.061545729637145996e-01 -3.211532360092594462e+00
0.000000000000000000e+00 0.000000000000000000e+00 0.000000000000000000e+00 1.000000000000000000e+00
-1.580971479415893555e-01 -8.857570886611938477e-01 4.363930523395538330e-01 1.921631725010692682e+00
-9.783293008804321289e-01 8.067049086093902588e-02 -1.906917542219161987e-01 -3.224342064735811197e-01
1.337026357650756836e-01 -4.570840001106262207e-01 -8.793165087699890137e-01 -3.119554374219904336e+00
0.000000000000000000e+00 0.000000000000000000e+00 0.000000000000000000e+00 1.000000000000000000e+00
-1.258911788463592529e-01 -8.319682478904724121e-01 5.403521060943603516e-01 2.230185319329737403e+00
-9.920268654823303223e-01 1.088075488805770874e-01 -6.359371542930603027e-02 1.497085532066398939e-01
-5.886427592486143112e-03 -5.440494418144226074e-01 -8.390322923660278320e-01 -2.889691620453653353e+00
0.000000000000000000e+00 0.000000000000000000e+00 0.000000000000000000e+00 1.000000000000000000e+00
-8.193758130073547363e-02 -7.556405067443847656e-01 6.498410105705261230e-01 2.513594438008520449e+00
-9.951130151748657227e-01 2.598212473094463348e-02 -9.526026248931884766e-02 6.643764258980414117e-02
5.509828031063079834e-02 -6.544709205627441406e-01 -7.540767788887023926e-01 -2.681607003541400136e+00
0.000000000000000000e+00 0.000000000000000000e+00 0.000000000000000000e+00 1.000000000000000000e+00
-5.112456530332565308e-02 -5.776278972625732422e-01 8.146977424621582031e-01 3.073266530317198875e+00
-9.852115511894226074e-01 -1.044126674532890320e-01 -1.358541846275329590e-01 -7.693412088418960515e-02
1.635380387306213379e-01 -8.095952272415161133e-01 -5.637475848197937012e-01 -1.993899079952975884e+00
0.000000000000000000e+00 0.000000000000000000e+00 0.000000000000000000e+00 1.000000000000000000e+00
-1.176482811570167542e-01 -4.408485293388366699e-01 8.898379802703857422e-01 3.329172047546464341e+00
-9.858553409576416016e-01 -5.585819482803344727e-02 -1.580167561769485474e-01 -2.024888039524086747e-01
1.193660423159599304e-01 -8.958415985107421875e-01 -4.280411601066589355e-01 -1.439162831046427504e+00
0.000000000000000000e+00 0.000000000000000000e+00 0.000000000000000000e+00 1.000000000000000000e+00
-1.867391616106033325e-01 -3.441092967987060547e-01 9.201724529266357422e-01 3.458131846788177644e+00
-9.763747453689575195e-01 -3.864831849932670593e-02 -2.125978618860244751e-01 -4.049309858467730061e-01
1.087200045585632324e-01 -9.381332993507385254e-01 -3.287626206874847412e-01 -1.078851691713613503e+00
0.000000000000000000e+00 0.000000000000000000e+00 0.000000000000000000e+00 1.000000000000000000e+00
-2.691403925418853760e-01 -2.074393182992935181e-01 9.404957294464111328e-01 3.570211349418983549e+00
-9.604699015617370605e-01 -1.431883778423070908e-02 -2.780146598815917969e-01 -6.509359261151600462e-01
7.113792002201080322e-02 -9.781432747840881348e-01 -1.953856498003005981e-01 -5.677948605383454916e-01
0.000000000000000000e+00 0.000000000000000000e+00 0.000000000000000000e+00 1.000000000000000000e+00
-1.855300813913345337e-01 8.158655762672424316e-01 5.476698875427246094e-01 2.071022746422058081e+00
-9.479389786720275879e-01 -1.798846293240785599e-03 -3.184468448162078857e-01 -7.852508961329023318e-01
-2.588245272636413574e-01 -5.782395601272583008e-01 7.737243175506591797e-01 3.155895730626045115e+00
0.000000000000000000e+00 0.000000000000000000e+00 0.000000000000000000e+00 1.000000000000000000e+00
-1.680853068828582764e-01 8.703155517578125000e-01 4.629243612289428711e-01 1.737029613386666949e+00
-9.684980511665344238e-01 -5.826933681964874268e-02 -2.421074509620666504e-01 -5.050428757472780195e-01
-1.837355792522430420e-01 -4.890362620353698730e-01 8.526927828788757324e-01 3.390347818264947577e+00
0.000000000000000000e+00 0.000000000000000000e+00 0.000000000000000000e+00 1.000000000000000000e+00
-9.014168381690979004e-02 8.491345047950744629e-01 5.204270482063293457e-01 1.868957450731915548e+00
-9.896878004074096680e-01 -1.796609535813331604e-02 -1.421084105968475342e-01 -1.090669888766976764e-01
-1.113192364573478699e-01 -5.278702378273010254e-01 8.419975042343139648e-01 3.300811686166770453e+00
0.000000000000000000e+00 0.000000000000000000e+00 0.000000000000000000e+00 1.000000000000000000e+00
2.634919248521327972e-02 8.513737916946411133e-01 5.238962769508361816e-01 1.768348352833969184e+00
-9.990487694740295410e-01 4.064109921455383301e-02 -1.579880155622959137e-02 3.812590867265865935e-01
-3.474250808358192444e-02 -5.229820609092712402e-01 8.516352772712707520e-01 3.275133959850454080e+00
0.000000000000000000e+00 0.000000000000000000e+00 0.000000000000000000e+00 1.000000000000000000e+00
5.848186090588569641e-02 8.485699295997619629e-01 5.258404016494750977e-01 1.737122509997653941e+00
-9.942057728767395020e-01 1.919850357808172703e-03 1.074734255671501160e-01 8.432772791712467297e-01
9.018924832344055176e-02 -5.290789008140563965e-01 8.437656760215759277e-01 3.153330129603501675e+00
0.000000000000000000e+00 0.000000000000000000e+00 0.000000000000000000e+00 1.000000000000000000e+00
3.211896866559982300e-02 8.615506887435913086e-01 5.066546797752380371e-01 1.712921477861181208e+00
-9.827541112899780273e-01 -6.513572484254837036e-02 1.730623394250869751e-01 9.888581607327279199e-01
1.821034699678421021e-01 -5.034753084182739258e-01 8.446007966995239258e-01 3.113740317129740198e+00
0.000000000000000000e+00 0.000000000000000000e+00 0.000000000000000000e+00 1.000000000000000000e+00
-3.439885750412940979e-02 8.632768988609313965e-01 5.035554170608520508e-01 1.792849446194427321e+00
-9.951767921447753906e-01 -7.590276747941970825e-02 6.214199960231781006e-02 5.774414761623293257e-01
9.186703711748123169e-02 -4.989896714687347412e-01 8.617250919342041016e-01 3.350326096872572101e+00
0.000000000000000000e+00 0.000000000000000000e+00 0.000000000000000000e+00 1.000000000000000000e+00
-3.948030993342399597e-02 8.714426755905151367e-01 4.889059364795684814e-01 1.719929742967972297e+00
-9.923738837242126465e-01 2.298258803784847260e-02 -1.211013346910476685e-01 -9.334937295641404509e-02
-1.167692244052886963e-01 -4.899586439132690430e-01 8.638899922370910645e-01 3.564968973230601801e+00
0.000000000000000000e+00 0.000000000000000000e+00 0.000000000000000000e+00 1.000000000000000000e+00
1.378073990345001221e-01 8.581285476684570312e-01 4.945950806140899658e-01 1.582923097955632574e+00
-9.841759204864501953e-01 1.747954785823822021e-01 -2.905476093292236328e-02 2.333468492379374981e-01
-1.113857999444007874e-01 -4.827646315097808838e-01 8.686379790306091309e-01 3.601122128147630441e+00
0.000000000000000000e+00 0.000000000000000000e+00 0.000000000000000000e+00 1.000000000000000000e+00
2.325538694858551025e-01 8.019652962684631348e-01 5.502455830574035645e-01 1.625693283643756315e+00
-9.438719153404235840e-01 3.225486278533935547e-01 -7.118984311819076538e-02 6.852322752018656649e-02
-2.345728576183319092e-01 -5.028059482574462891e-01 8.319624066352844238e-01 3.529414217262267783e+00
0.000000000000000000e+00 0.000000000000000000e+00 0.000000000000000000e+00 1.000000000000000000e+00
3.415242433547973633e-01 7.344176173210144043e-01 5.865082144737243652e-01 1.583551141091878112e+00
-9.077008366584777832e-01 4.196054041385650635e-01 3.130295313894748688e-03 3.214144522340920962e-01
-2.438032776117324829e-01 -5.334430932998657227e-01 8.099370002746582031e-01 3.389081735696655162e+00
0.000000000000000000e+00 0.000000000000000000e+00 0.000000000000000000e+00 1.000000000000000000e+00
3.600694835186004639e-01 7.228781580924987793e-01 5.897433161735534668e-01 1.571597467161973460e+00
-9.194969534873962402e-01 3.818533718585968018e-01 9.334436804056167603e-02 6.671192799010099428e-01
-1.577189266681671143e-01 -5.758775472640991211e-01 8.021779656410217285e-01 3.268532268222917203e+00
0.000000000000000000e+00 0.000000000000000000e+00 0.000000000000000000e+00 1.000000000000000000e+00
3.752240836620330811e-01 7.040778398513793945e-01 6.028939485549926758e-01 1.612330132005779459e+00
-9.228159785270690918e-01 3.449870645999908447e-01 1.714477986097335815e-01 9.522785259198047747e-01
-8.727813512086868286e-02 -6.206918358802795410e-01 7.791819572448730469e-01 3.117138713002541195e+00
0.000000000000000000e+00 0.000000000000000000e+00 0.000000000000000000e+00 1.000000000000000000e+00
5.373833179473876953e-01 6.014079451560974121e-01 5.912077426910400391e-01 1.508804873332511454e+00
-8.389753103256225586e-01 4.524551331996917725e-01 3.023317456245422363e-01 1.365169405596096563e+00
-8.567050099372863770e-02 -6.584770083427429199e-01 7.477084994316101074e-01 2.986920414589350425e+00
0.000000000000000000e+00 0.000000000000000000e+00 0.000000000000000000e+00 1.000000000000000000e+00
6.844905614852905273e-01 4.155758917331695557e-01 5.989735126495361328e-01 1.484563683662903477e+00
-7.069466114044189453e-01 5.790305137634277344e-01 4.061400890350341797e-01 1.706017584652624874e+00
-1.780420243740081787e-01 -7.014413475990295410e-01 6.901308894157409668e-01 2.943665753254688155e+00
0.000000000000000000e+00 0.000000000000000000e+00 0.000000000000000000e+00 1.000000000000000000e+00
7.130283713340759277e-01 3.406096398830413818e-01 6.128420233726501465e-01 1.488348143373572130e+00
-6.425523757934570312e-01 6.672123074531555176e-01 3.767676055431365967e-01 1.579383475334208864e+00
-2.805651724338531494e-01 -6.624292731285095215e-01 6.946008801460266113e-01 3.076024293069058224e+00
0.000000000000000000e+00 0.000000000000000000e+00 0.000000000000000000e+00 1.000000000000000000e+00
7.564448118209838867e-01 2.575716972351074219e-01 6.012054681777954102e-01 1.500311985949206228e+00
-5.677756071090698242e-01 7.149014472961425781e-01 4.081010222434997559e-01 1.613595797716314451e+00
-3.246875107288360596e-01 -6.500557065010070801e-01 6.870263814926147461e-01 3.042468451561255005e+00
0.000000000000000000e+00 0.000000000000000000e+00 0.000000000000000000e+00 1.000000000000000000e+00
7.481097579002380371e-01 2.505974769592285156e-01 6.144368052482604980e-01 1.627261840335021192e+00
-5.393719673156738281e-01 7.690123319625854492e-01 3.430732488632202148e-01 1.288366572325410742e+00
-3.865356743335723877e-01 -5.880661606788635254e-01 7.104703187942504883e-01 3.173358569992306588e+00
0.000000000000000000e+00 0.000000000000000000e+00 0.000000000000000000e+00 1.000000000000000000e+00
7.361453175544738770e-01 3.415898978710174561e-01 5.842996835708618164e-01 1.618300161148590988e+00
-5.817124247550964355e-01 7.606182694435119629e-01 2.882181107997894287e-01 1.042583166345237400e+00
-3.459766805171966553e-01 -5.520655512809753418e-01 7.586328983306884766e-01 3.319031831114991782e+00
0.000000000000000000e+00 0.000000000000000000e+00 0.000000000000000000e+00 1.000000000000000000e+00
8.149687051773071289e-01 1.769934445619583130e-01 5.518147349357604980e-01 1.546077096329573575e+00
-5.211200714111328125e-01 6.403645873069763184e-01 5.642404556274414062e-01 2.050310004662700969e+00
-2.534958124160766602e-01 -7.473997473716735840e-01 6.141117811203002930e-01 2.855167167720780608e+00
0.000000000000000000e+00 0.000000000000000000e+00 0.000000000000000000e+00 1.000000000000000000e+00
8.515760898590087891e-01 1.036807820200920105e-01 5.138757824897766113e-01 1.392071147081305194e+00
-4.705961942672729492e-01 5.831160545349121094e-01 6.622036695480346680e-01 2.422792840583857910e+00
-2.309917956590652466e-01 -8.057448863983154297e-01 5.453597307205200195e-01 2.581225919965846494e+00
0.000000000000000000e+00 0.000000000000000000e+00 0.000000000000000000e+00 1.000000000000000000e+00
8.755987286567687988e-01 1.696537062525749207e-02 4.827412366867065430e-01 1.275131204141702224e+00
-4.220556318759918213e-01 5.129447579383850098e-01 7.474998235702514648e-01 2.751401761880416519e+00
-2.349381446838378906e-01 -8.582535386085510254e-01 4.562944173812866211e-01 2.249292368565508404e+00
0.000000000000000000e+00 0.000000000000000000e+00 0.000000000000000000e+00 1.000000000000000000e+00
8.818802833557128906e-01 -1.372968703508377075e-01 4.510394036769866943e-01 1.174379745203542269e+00
-3.598988950252532959e-01 4.219512343406677246e-01 8.321232795715332031e-01 3.074673867668237914e+00
-3.045646548271179199e-01 -8.961618542671203613e-01 3.226975202560424805e-01 1.775862456538343181e+00
0.000000000000000000e+00 0.000000000000000000e+00 0.000000000000000000e+00 1.000000000000000000e+00
9.406877160072326660e-01 3.085456192493438721e-01 1.410894989967346191e-01 -1.004339303880763534e-01
-2.389522194862365723e-01 3.073094189167022705e-01 9.211202859878540039e-01 3.344884084190065110e+00
2.408495098352432251e-01 -9.002001285552978516e-01 3.628098070621490479e-01 1.552939717307545875e+00
0.000000000000000000e+00 0.000000000000000000e+00 0.000000000000000000e+00 1.000000000000000000e+00
9.806474447250366211e-01 1.067498326301574707e-01 1.641189903020858765e-01 3.189990708161434194e-03
-1.846091002225875854e-01 2.250498086214065552e-01 9.566983580589294434e-01 3.449242654763373217e+00
6.519243121147155762e-02 -9.684817194938659668e-01 2.404015064239501953e-01 1.185255017196351401e+00
0.000000000000000000e+00 0.000000000000000000e+00 0.000000000000000000e+00 1.000000000000000000e+00
9.812193512916564941e-01 1.461737155914306641e-01 1.258645206689834595e-01 -1.483087654605633743e-01
-1.437474787235260010e-01 1.189968511462211609e-01 9.824339747428894043e-01 3.518179178812614882e+00
1.286285221576690674e-01 -9.820758700370788574e-01 1.377740949392318726e-01 7.312237789224697027e-01
0.000000000000000000e+00 0.000000000000000000e+00 0.000000000000000000e+00 1.000000000000000000e+00
9.580677747726440430e-01 2.635698318481445312e-01 1.124146282672882080e-01 -2.097619633712714537e-01
-1.327987760305404663e-01 6.078456342220306396e-02 9.892773032188415527e-01 3.523331062849016426e+00
2.539105713367462158e-01 -9.627231955528259277e-01 9.323752671480178833e-02 4.678504685918975503e-01
0.000000000000000000e+00 0.000000000000000000e+00 0.000000000000000000e+00 1.000000000000000000e+00
9.954695105552673340e-01 -2.615405432879924774e-02 9.141373634338378906e-02 -2.717319309962056284e-01
-9.222095459699630737e-02 -3.152867779135704041e-02 9.952392578125000000e-01 3.509226289472493043e+00
-2.314738556742668152e-02 -9.991605281829833984e-01 -3.379780054092407227e-02 1.280896560005909957e-01
0.000000000000000000e+00 0.000000000000000000e+00 0.000000000000000000e+00 1.000000000000000000e+00
9.981077909469604492e-01 1.154521107673645020e-02 6.039495766162872314e-02 -3.863310603063626614e-01
-5.845600739121437073e-02 -1.264916062355041504e-01 9.902440309524536133e-01 3.443505815072631204e+00
1.907188259065151215e-02 -9.919002652168273926e-01 -1.255773603916168213e-01 -2.810962280535352908e-01
0.000000000000000000e+00 0.000000000000000000e+00 0.000000000000000000e+00 1.000000000000000000e+00
9.852475523948669434e-01 -7.257833331823348999e-02 1.549819558858871460e-01 -6.896518187252233256e-02
-1.649749875068664551e-01 -1.620246618986129761e-01 9.728986620903015137e-01 3.474092067327550826e+00
-4.550047218799591064e-02 -9.841138720512390137e-01 -1.716079562902450562e-01 -2.911592232774540823e-01
0.000000000000000000e+00 0.000000000000000000e+00 0.000000000000000000e+00 1.000000000000000000e+00
7.267797589302062988e-01 -6.824484467506408691e-01 7.781752943992614746e-02 -5.134721679953293400e-02
-2.662327885627746582e-01 -1.754514873027801514e-01 9.478062391281127930e-01 3.499127617813556856e+00
-6.331757307052612305e-01 -7.095636129379272461e-01 -3.092046678066253662e-01 -4.094176000758641965e-01
0.000000000000000000e+00 0.000000000000000000e+00 0.000000000000000000e+00 1.000000000000000000e+00
5.029561519622802734e-01 -8.639400005340576172e-01 -2.536880224943161011e-02 -1.520070609792927296e-01
-3.676316142082214355e-01 -2.404021322727203369e-01 8.983616828918457031e-01 3.492950941107529683e+00
-7.822289466857910156e-01 -4.425102174282073975e-01 -4.385233819484710693e-01 -8.109130472378108800e-01
0.000000000000000000e+00 0.000000000000000000e+00 0.000000000000000000e+00 1.000000000000000000e+00
8.953225612640380859e-01 -3.686716854572296143e-01 2.499565780162811279e-01 4.187980503070601324e-01
-3.798927962779998779e-01 -3.390579819679260254e-01 8.606507778167724609e-01 3.417572321463727469e+00
-2.325480431318283081e-01 -8.655176758766174316e-01 -4.436222612857818604e-01 -1.079860111140115153e+00
0.000000000000000000e+00 0.000000000000000000e+00 0.000000000000000000e+00 1.000000000000000000e+00
8.883466720581054688e-01 -2.019828408956527710e-01 4.123633503913879395e-01 9.637788193480447685e-01
-4.589913785457611084e-01 -4.159202575683593750e-01 7.850713133811950684e-01 3.267975686588712403e+00
1.293922681361436844e-02 -8.866863250732421875e-01 -4.621896147727966309e-01 -1.329424874532259881e+00
0.000000000000000000e+00 0.000000000000000000e+00 0.000000000000000000e+00 1.000000000000000000e+00
8.772285580635070801e-01 -1.640931963920593262e-01 4.511587321758270264e-01 1.103037991739407087e+00
-4.677274823188781738e-01 -5.038897991180419922e-01 7.261717915534973145e-01 3.064007475347723108e+00
1.081743314862251282e-01 -8.480380773544311523e-01 -5.187776088714599609e-01 -1.635436910643663921e+00
0.000000000000000000e+00 0.000000000000000000e+00 0.000000000000000000e+00 1.000000000000000000e+00
8.663446903228759766e-01 -1.499406248331069946e-01 4.764079153537750244e-01 1.203582544589459902e+00
-4.667283594608306885e-01 -5.826168060302734375e-01 6.653738021850585938e-01 2.871160315536308349e+00
1.777966469526290894e-01 -7.987960577011108398e-01 -5.747282505035400391e-01 -1.864837077204184013e+00
0.000000000000000000e+00 0.000000000000000000e+00 0.000000000000000000e+00 1.000000000000000000e+00
8.517028689384460449e-01 -1.200800165534019470e-01 5.100813508033752441e-01 1.297951541008015353e+00
-4.442954659461975098e-01 -6.815974712371826172e-01 5.813999176025390625e-01 2.581802366755811651e+00
2.778555750846862793e-01 -7.218070626258850098e-01 -6.338695287704467773e-01 -2.145065822668604572e+00
0.000000000000000000e+00 0.000000000000000000e+00 0.000000000000000000e+00 1.000000000000000000e+00
8.352158665657043457e-01 -1.226945593953132629e-01 5.360599160194396973e-01 1.409973306413068617e+00
-4.402610063552856445e-01 -7.332971096038818359e-01 5.181156992912292480e-01 2.362830060215980410e+00
3.295213580131530762e-01 -6.687454581260681152e-01 -6.664798855781555176e-01 -2.323904035663252099e+00
0.000000000000000000e+00 0.000000000000000000e+00 0.000000000000000000e+00 1.000000000000000000e+00
8.095635771751403809e-01 -1.674246639013290405e-01 5.626500248908996582e-01 1.547684604104480499e+00
-4.512343704700469971e-01 -7.905574440956115723e-01 4.140119850635528564e-01 2.011419932895075036e+00
3.754913508892059326e-01 -5.890566706657409668e-01 -7.155545949935913086e-01 -2.556986975477145485e+00
0.000000000000000000e+00 0.000000000000000000e+00 0.000000000000000000e+00 1.000000000000000000e+00
7.832323908805847168e-01 -2.273369133472442627e-01 5.786747336387634277e-01 1.651090424277908308e+00
-4.586963057518005371e-01 -8.395926952362060547e-01 2.910018563270568848e-01 1.586013777049730233e+00
4.196954071521759033e-01 -4.933578968048095703e-01 -7.618746161460876465e-01 -2.792243247878320567e+00
0.000000000000000000e+00 0.000000000000000000e+00 0.000000000000000000e+00 1.000000000000000000e+00
7.561206817626953125e-01 -2.823044955730438232e-01 5.904111266136169434e-01 1.737886881926646199e+00
-4.597135484218597412e-01 -8.712183237075805664e-01 1.721680164337158203e-01 1.163765244228302631e+00
4.657734036445617676e-01 -4.016001522541046143e-01 -7.885257005691528320e-01 -2.954747513532614445e+00
0.000000000000000000e+00 0.000000000000000000e+00 0.000000000000000000e+00 1.000000000000000000e+00
7.347658276557922363e-01 -3.574939370155334473e-01 5.764690637588500977e-01 1.722949658399720807e+00
-4.383588433265686035e-01 -8.987987637519836426e-01 1.345794880762696266e-03 5.469052484739015396e-01
5.176483988761901855e-01 -2.536890804767608643e-01 -8.171175718307495117e-01 -3.128160150805800566e+00
0.000000000000000000e+00 0.000000000000000000e+00 0.000000000000000000e+00 1.000000000000000000e+00
7.245694994926452637e-01 -4.017107188701629639e-01 5.600249171257019043e-01 1.655624261473866321e+00
-3.777888119220733643e-01 -9.111143946647644043e-01 -1.647607684135437012e-01 -1.214522377972319239e-01
5.764331221580505371e-01 -9.219072759151458740e-02 -8.119274377822875977e-01 -3.119172446780299701e+00
0.000000000000000000e+00 0.000000000000000000e+00 0.000000000000000000e+00 1.000000000000000000e+00
7.231686711311340332e-01 -4.182908833026885986e-01 5.496001839637756348e-01 1.600217896142465124e+00
-2.993621528148651123e-01 -9.069474935531616211e-01 -2.963582277297973633e-01 -6.670926977299210803e-01
6.224223375320434570e-01 4.978744685649871826e-02 -7.810963392257690430e-01 -3.040142421569950848e+00
0.000000000000000000e+00 0.000000000000000000e+00 0.000000000000000000e+00 1.000000000000000000e+00
7.177893519401550293e-01 -4.412714242935180664e-01 5.385702252388000488e-01 1.556103725718764652e+00
-2.358429282903671265e-01 -8.818842768669128418e-01 -4.082376658916473389e-01 -1.119471444897787160e+00
6.551005840301513672e-01 1.660106182098388672e-01 -7.370779514312744141e-01 -2.900780614796691026e+00
0.000000000000000000e+00 0.000000000000000000e+00 0.000000000000000000e+00 1.000000000000000000e+00
7.109521627426147461e-01 -4.625018239021301270e-01 5.297535061836242676e-01 1.523850849663764828e+00
-1.538910418748855591e-01 -8.373655080795288086e-01 -5.245342850685119629e-01 -1.616970196666941195e+00
6.861954927444458008e-01 2.913942337036132812e-01 -6.665018200874328613e-01 -2.665303734488162490e+00
0.000000000000000000e+00 0.000000000000000000e+00 0.000000000000000000e+00 1.000000000000000000e+00
6.974655389785766602e-01 -4.908848702907562256e-01 5.220857858657836914e-01 1.504086104664217771e+00
-9.149403870105743408e-02 -7.835774421691894531e-01 -6.145201325416564941e-01 -2.011976755228978231e+00
7.107535004615783691e-01 3.808388710021972656e-01 -5.914314389228820801e-01 -2.411895740060030935e+00
0.000000000000000000e+00 0.000000000000000000e+00 0.000000000000000000e+00 1.000000000000000000e+00
6.982628107070922852e-01 -5.099053978919982910e-01 5.024194717407226562e-01 1.429696428905095740e+00
-3.346407786011695862e-02 -7.243430614471435547e-01 -6.886270642280578613e-01 -2.349208860454122139e+00
7.150588035583496094e-01 4.640296697616577148e-01 -5.228453874588012695e-01 -2.177442101271779951e+00
0.000000000000000000e+00 0.000000000000000000e+00 0.000000000000000000e+00 1.000000000000000000e+00
7.186660170555114746e-01 -5.064483284950256348e-01 4.764757156372070312e-01 1.325662134720603458e+00
1.997974887490272522e-02 -6.699038743972778320e-01 -7.421789169311523438e-01 -2.602951386091763020e+00
6.950682401657104492e-01 5.428985357284545898e-01 -4.713185131549835205e-01 -1.994424402532360086e+00
0.000000000000000000e+00 0.000000000000000000e+00 0.000000000000000000e+00 1.000000000000000000e+00
7.560343742370605469e-01 -4.899815320968627930e-01 4.339697957038879395e-01 1.138619461946521971e+00
6.593689322471618652e-02 -6.026356816291809082e-01 -7.952875494956970215e-01 -2.852676607266521724e+00
6.512022614479064941e-01 6.298794746398925781e-01 -4.233055114746093750e-01 -1.830750397919312933e+00
0.000000000000000000e+00 0.000000000000000000e+00 0.000000000000000000e+00 1.000000000000000000e+00
8.067371249198913574e-01 -4.581606984138488770e-01 3.731810152530670166e-01 8.761300913072284091e-01
1.087149903178215027e-01 -5.056763291358947754e-01 -8.558460474014282227e-01 -3.160555623968863248e+00
5.808236598968505859e-01 7.310131192207336426e-01 -3.581389486789703369e-01 -1.587283892016128517e+00
0.000000000000000000e+00 0.000000000000000000e+00 0.000000000000000000e+00 1.000000000000000000e+00
8.303236365318298340e-01 -4.598374068737030029e-01 3.148210942745208740e-01 6.576094708402061562e-01
1.283926516771316528e-01 -3.918762803077697754e-01 -9.110149741172790527e-01 -3.421109074046170928e+00
5.422896146774291992e-01 7.968578934669494629e-01 -2.663443386554718018e-01 -1.244031862344127326e+00
0.000000000000000000e+00 0.000000000000000000e+00 0.000000000000000000e+00 1.000000000000000000e+00
8.761973977088928223e-01 -3.925497233867645264e-01 2.796125411987304688e-01 4.872898253680793546e-01
1.639251261949539185e-01 -3.028408586978912354e-01 -9.388374090194702148e-01 -3.569961846633580738e+00
4.532183408737182617e-01 8.684420585632324219e-01 -2.009994387626647949e-01 -9.704281619224360833e-01
0.000000000000000000e+00 0.000000000000000000e+00 0.000000000000000000e+00 1.000000000000000000e+00
8.905797004699707031e-01 -3.693554401397705078e-01 2.654144167900085449e-01 4.199099227776153520e-01
1.985112577676773071e-01 -2.093832939863204956e-01 -9.574716091156005859e-01 -3.688548248431732457e+00
4.092206358909606934e-01 9.053922891616821289e-01 -1.131513640284538269e-01 -6.369606099913207586e-01
0.000000000000000000e+00 0.000000000000000000e+00 0.000000000000000000e+00 1.000000000000000000e+00
9.725226163864135742e-01 -7.599893212318420410e-02 2.200555056333541870e-01 1.727122779226195337e-01
2.111347019672393799e-01 -1.103500276803970337e-01 -9.712082147598266602e-01 -3.775561177589560558e+00
9.809406846761703491e-02 9.909831285476684570e-01 -9.127184003591537476e-02 -3.511489333215223052e-01
0.000000000000000000e+00 0.000000000000000000e+00 0.000000000000000000e+00 1.000000000000000000e+00
9.802281856536865234e-01 6.748323142528533936e-02 1.860078722238540649e-01 3.304507304746486223e-03
1.876524239778518677e-01 -1.885310374200344086e-02 -9.820544123649597168e-01 -3.844536997422299152e+00
-6.276538968086242676e-02 9.975420832633972168e-01 -3.114378266036510468e-02 1.503274077244930521e-02
0.000000000000000000e+00 0.000000000000000000e+00 0.000000000000000000e+00 1.000000000000000000e+00
9.627179503440856934e-01 -2.149042487144470215e-01 1.642877012491226196e-01 -7.025116547151988300e-02
1.827047616243362427e-01 6.870836019515991211e-02 -9.807641506195068359e-01 -3.890097356088654479e+00
1.994824856519699097e-01 9.742152094841003418e-01 1.054108738899230957e-01 4.031763306026137084e-01
0.000000000000000000e+00 0.000000000000000000e+00 0.000000000000000000e+00 1.000000000000000000e+00
9.803027510643005371e-01 -8.859072625637054443e-02 1.765144318342208862e-01 -1.195130741973026225e-02
1.858465075492858887e-01 1.113385260105133057e-01 -9.762500524520874023e-01 -3.899791350117540301e+00
6.683389842510223389e-02 9.898257851600646973e-01 1.256097853183746338e-01 6.334622465286523507e-01
0.000000000000000000e+00 0.000000000000000000e+00 0.000000000000000000e+00 1.000000000000000000e+00
9.840442538261413574e-01 -1.123824492096900940e-01 1.379381865262985229e-01 -1.439976582304419717e-01
1.466417759656906128e-01 7.322593033313751221e-02 -9.864756464958190918e-01 -3.912072661259849315e+00
1.007619351148605347e-01 9.909633398056030273e-01 8.853750675916671753e-02 4.426883270840547557e-01
0.000000000000000000e+00 0.000000000000000000e+00 0.000000000000000000e+00 1.000000000000000000e+00
9.744383096694946289e-01 -2.145480662584304810e-01 6.662712991237640381e-02 -3.878688094480656212e-01
5.449463799595832825e-02 -6.198232248425483704e-02 -9.965880513191223145e-01 -3.866043166090513683e+00
2.179459035396575928e-01 9.747446775436401367e-01 -4.870625585317611694e-02 -1.702583450731706416e-01
0.000000000000000000e+00 0.000000000000000000e+00 0.000000000000000000e+00 1.000000000000000000e+00
8.767328262329101562e-01 -4.773329496383666992e-01 5.909582972526550293e-02 -3.319697818485639607e-01
-4.024564847350120544e-02 -1.952398419380187988e-01 -9.799293875694274902e-01 -3.712864755019710472e+00
4.792906343936920166e-01 8.567579388618469238e-01 -1.903839409351348877e-01 -8.762590052449555911e-01
0.000000000000000000e+00 0.000000000000000000e+00 0.000000000000000000e+00 1.000000000000000000e+00
7.759269475936889648e-01 -6.264181733131408691e-01 7.441872358322143555e-02 -1.720070636300405631e-01
-1.649549305438995361e-01 -3.153475821018218994e-01 -9.345296025276184082e-01 -3.421397932524861130e+00
6.088740229606628418e-01 7.128507494926452637e-01 -3.480173349380493164e-01 -1.548158734947229442e+00
0.000000000000000000e+00 0.000000000000000000e+00 0.000000000000000000e+00 1.000000000000000000e+00
9.512948989868164062e-01 -1.786687225103378296e-01 -2.512270510196685791e-01 -1.431196119552164303e+00
-3.033712506294250488e-01 -3.976837098598480225e-01 -8.659179210662841797e-01 -3.031465183482014325e+00
5.480362474918365479e-02 8.999583125114440918e-01 -4.325174093246459961e-01 -1.557191594653766442e+00
0.000000000000000000e+00 0.000000000000000000e+00 0.000000000000000000e+00 1.000000000000000000e+00
8.831936717033386230e-01 -4.023312330245971680e-01 -2.410364449024200439e-01 -1.292280095866692458e+00
-4.342400431632995605e-01 -5.072829127311706543e-01 -7.443785071372985840e-01 -2.460230823929054900e+00
1.772131472826004028e-01 7.620980739593505859e-01 -6.227374076843261719e-01 -2.302515926695456905e+00
0.000000000000000000e+00 0.000000000000000000e+00 0.000000000000000000e+00 1.000000000000000000e+00
8.060961961746215820e-01 -5.325149297714233398e-01 -2.581411004066467285e-01 -1.240357008747444700e+00
-5.707659721374511719e-01 -5.843767523765563965e-01 -5.768275260925292969e-01 -1.747350159312239137e+00
1.563175767660140991e-01 6.123163700103759766e-01 -7.750052213668823242e-01 -2.800250280815666404e+00
0.000000000000000000e+00 0.000000000000000000e+00 0.000000000000000000e+00 1.000000000000000000e+00
7.384615540504455566e-01 -6.102371811866760254e-01 -2.868533134460449219e-01 -1.233209484899137065e+00
-6.694407463073730469e-01 -6.125407218933105469e-01 -4.202884733676910400e-01 -1.110460387457093967e+00
8.076658099889755249e-02 5.023982524871826172e-01 -8.608555793762207031e-01 -3.038068707240833000e+00
0.000000000000000000e+00 0.000000000000000000e+00 0.000000000000000000e+00 1.000000000000000000e+00
6.610550284385681152e-01 -7.192955613136291504e-01 -2.135890573263168335e-01 -8.375877232704621589e-01
-7.473953962326049805e-01 -6.060386896133422852e-01 -2.722443342208862305e-01 -5.382883150354385027e-01
6.638096272945404053e-02 3.396039605140686035e-01 -9.382230043411254883e-01 -3.253235527378826042e+00
0.000000000000000000e+00 0.000000000000000000e+00 0.000000000000000000e+00 1.000000000000000000e+00
6.920812726020812988e-01 -7.011642456054687500e-01 -1.714405268430709839e-01 -6.987068158827427489e-01
-7.214311361312866211e-01 -6.641271710395812988e-01 -1.961425542831420898e-01 -2.265300677059781664e-01
2.366989292204380035e-02 2.594293057918548584e-01 -9.654720425605773926e-01 -3.288888178106047722e+00
0.000000000000000000e+00 0.000000000000000000e+00 0.000000000000000000e+00 1.000000000000000000e+00
6.962222456932067871e-01 -6.966306567192077637e-01 -1.731476932764053345e-01 -7.117710696587453700e-01
-7.123695015907287598e-01 -7.002133131027221680e-01 -4.722831770777702332e-02 3.043111779043268239e-01
-8.833961188793182373e-02 1.562265902757644653e-01 -9.837628006935119629e-01 -3.234806839018184998e+00
0.000000000000000000e+00 0.000000000000000000e+00 0.000000000000000000e+00 1.000000000000000000e+00
6.831749677658081055e-01 -7.126941680908203125e-01 -1.591817289590835571e-01 -6.479702718401912920e-01
-7.182384133338928223e-01 -6.951563358306884766e-01 2.984865009784698486e-02 5.477318387267645639e-01
-1.319291144609451294e-01 9.393863379955291748e-02 -9.867979288101196289e-01 -3.183818491731381428e+00
0.000000000000000000e+00 0.000000000000000000e+00 0.000000000000000000e+00 1.000000000000000000e+00
6.700018048286437988e-01 -7.311348319053649902e-01 -1.286037862300872803e-01 -5.221934310617545316e-01
-7.268884181976318359e-01 -6.813027262687683105e-01 8.637027442455291748e-02 7.159661793371413507e-01
-1.507664024829864502e-01 3.561240807175636292e-02 -9.879277348518371582e-01 -3.141564494076478198e+00
0.000000000000000000e+00 0.000000000000000000e+00 0.000000000000000000e+00 1.000000000000000000e+00
5.901953577995300293e-01 -7.930320501327514648e-01 -1.508956998586654663e-01 -5.127506370523744472e-01
-7.578970193862915039e-01 -6.087011098861694336e-01 2.346807569265365601e-01 1.212215566480981499e+00
-2.779597043991088867e-01 -2.414406836032867432e-02 -9.602892398834228516e-01 -2.965697249134135571e+00
0.000000000000000000e+00 0.000000000000000000e+00 0.000000000000000000e+00 1.000000000000000000e+00
5.903741121292114258e-01 -7.898540496826171875e-01 -1.660996079444885254e-01 -5.563158729566066718e-01
-6.747949719429016113e-01 -5.959232449531555176e-01 4.353471100330352783e-01 1.850801003099010744e+00
-4.428433477878570557e-01 -1.449344307184219360e-01 -8.848072886466979980e-01 -2.585811122072083190e+00
0.000000000000000000e+00 0.000000000000000000e+00 0.000000000000000000e+00 1.000000000000000000e+00
6.094600558280944824e-01 -7.736448049545288086e-01 -1.732973903417587280e-01 -6.089784274403058362e-01
-6.074714064598083496e-01 -5.961453914642333984e-01 5.249657630920410156e-01 2.125709478647745510e+00
-5.094475150108337402e-01 -2.146724313497543335e-01 -8.332939743995666504e-01 -2.347971841305674712e+00
0.000000000000000000e+00 0.000000000000000000e+00 0.000000000000000000e+00 1.000000000000000000e+00
6.754758954048156738e-01 -7.187408804893493652e-01 -1.647531688213348389e-01 -6.426212194865930094e-01
-4.958575069904327393e-01 -6.081141233444213867e-01 6.199373006820678711e-01 2.393656912969856609e+00
-5.457630753517150879e-01 -3.370585441589355469e-01 -7.671597003936767578e-01 -2.041231885274970015e+00
0.000000000000000000e+00 0.000000000000000000e+00 0.000000000000000000e+00 1.000000000000000000e+00
7.460130453109741211e-01 -6.485988497734069824e-01 -1.509433686733245850e-01 -6.577876253297704201e-01
