0.4589627981185913 0.8589041233062744 -0.2272371798753738 0.06354477256536484 
-0.8874070644378662 0.4307523965835571 -0.1641978174448013 0.08686182647943497 
-0.0431472510099411 0.2770125865936279 0.9598970413208008 -0.2751046419143677 
0 0 0 1 

0.5357070565223694 0.8177896738052368 -0.2103281021118164 0.05281713604927063 
-0.8399447202682495 0.49051833152771 -0.2321302145719528 0.1054557859897614 
-0.08666396886110306 0.3010177612304688 0.9496724009513855 -0.2682900726795197 
0 0 0 1 

0.5954317450523376 0.7766844034194946 -0.2054804861545563 0.04715075343847275 
-0.7938811779022217 0.5295374393463135 -0.2989022135734558 0.1216202527284622 
-0.1233431100845337 0.3411029577255249 0.9318987131118774 -0.2594156265258789 
0 0 0 1 

0.6734402179718018 0.716647207736969 -0.1813694834709167 0.03401045128703117 
-0.721290647983551 0.5832647085189819 -0.3735529482364655 0.1371621936559677 
-0.1619193851947784 0.3823857009410858 0.9097050428390503 -0.2488586902618408 
0 0 0 1 

0.7382932901382446 0.6542384624481201 -0.1639967709779739 0.02508172392845154 
-0.64736008644104 0.6190881133079529 -0.4445837438106537 0.1511053889989853 
-0.1893354207277298 0.4343981444835663 0.8805965781211853 -0.2351965010166168 
0 0 0 1 

0.7657268643379211 0.6260655522346497 -0.1473231911659241 0.01818774454295635 
-0.5944139361381531 0.6013895869255066 -0.5338561534881592 0.1714450418949127 
-0.2456304728984833 0.4963589012622833 0.8326423764228821 -0.2139115184545517 
0 0 0 1 

0.794596254825592 0.5891193747520447 -0.1468160599470139 0.01494339015334845 
-0.5328683257102966 0.5608047246932983 -0.6336789727210999 0.1969780325889587 
-0.2909776270389557 0.581752598285675 0.7595365643501282 -0.1868180632591248 
0 0 0 1 

0.8202338814735413 0.5539988875389099 -0.1424833536148071 0.01180664356797934 
-0.4747607111930847 0.5203602910041809 -0.709807813167572 0.2166310399770737 
-0.3190902173519135 0.6498538851737976 0.6898341178894043 -0.1623066365718842 
0 0 0 1 

0.848247766494751 0.5105562806129456 -0.1407407522201538 0.00816003605723381 
-0.4126636385917664 0.4706223905086517 -0.7798866033554077 0.2349146008491516 
-0.3319403231143951 0.7196156978607178 0.6098924279212952 -0.1397343128919601 
0 0 0 1 

0.8608902096748352 0.4935775399208069 -0.1234877035021782 0.002472383202984929 
-0.3805162310600281 0.4634772539138794 -0.8002475500106812 0.2403327524662018 
-0.3377505242824554 0.7359143495559692 0.5868173241615295 -0.1339288204908371 
0 0 0 1 

