0.9964222311973572 0.08033063262701035 0.02626017108559608 -0.05156031623482704 
-0.07991048693656921 0.9966625571250916 -0.01667720638215542 0.009701952338218689 
-0.02751218900084496 0.01451911125332117 0.9995162487030029 -0.2928911745548248 
0 0 0 1 

0.985251784324646 0.1649280339479446 0.04557948186993599 -0.05547552928328514 
-0.1625574380159378 0.9853491187095642 -0.05159519612789154 0.02546074613928795 
-0.05342122912406921 0.04342494159936905 0.9976273775100708 -0.2918488681316376 
0 0 0 1 

0.966086745262146 0.254899799823761 0.04125900566577911 -0.05238325521349907 
-0.2512671053409576 0.9648275971412659 -0.07728093862533569 0.03840675577521324 
-0.05950677394866943 0.0642930194735527 0.9961552619934082 -0.2918901741504669 
0 0 0 1 

0.9373872876167297 0.3432095348834991 0.05926218628883362 -0.05478348955512047 
-0.3345477283000946 0.9345974326133728 -0.1208518669009209 0.05614890530705452 
-0.09686386585235596 0.09345892816781998 0.9908999800682068 -0.2889538705348969 
0 0 0 1 

0.8913982510566711 0.4511692225933075 0.0430733785033226 -0.04640999436378479 
-0.4420805871486664 0.8864941596984863 -0.1367211192846298 0.06549227237701416 
-0.09986871480941772 0.1028310284018517 0.9896726608276367 -0.2895547747612 
0 0 0 1 

0.8707038760185242 0.4915503561496735 -0.01590144820511341 -0.03250418975949287 
-0.458158940076828 0.7989540100097656 -0.3895671367645264 0.135076031088829 
-0.178787499666214 0.3464829325675964 0.9208607077598572 -0.2369590699672699 
0 0 0 1 

0.8764976859092712 0.4810852110385895 -0.01757082529366016 -0.03021253272891045 
-0.4693576991558075 0.8458774089813232 -0.253366619348526 0.09761332720518112 
-0.1070282086730003 0.2303222417831421 0.9672107100486755 -0.2526863813400269 
0 0 0 1 

-0.2296810895204544 0.9223492741584778 0.3106740415096283 -0.07100911438465118 
-0.7189729809761047 0.05435518175363541 -0.692909300327301 0.2634113132953644 
-0.6559911370277405 -0.382514476776123 0.6506599187850952 -0.1838478744029999 
0 0 0 1 

-0.2136233299970627 0.8808658123016357 0.4224221110343933 -0.1095251217484474 
-0.8137260675430298 0.07882379740476608 -0.5758790373802185 0.2290964871644974 
-0.5405690670013428 -0.4667571187019348 0.6999449133872986 -0.2098909914493561 
0 0 0 1 

-0.1743516176939011 0.8649181127548218 0.4706573784351349 -0.1295128166675568 
-0.8564728498458862 0.102635346353054 -0.5058851838111877 0.2077484726905823 
-0.4858552217483521 -0.4913071095943451 0.7228838801383972 -0.2212368100881577 
0 0 0 1 

