0.2738501727581024 0.9569726586341858 -0.09596419334411621 0.03271779417991638 
-0.9592111706733704 0.2790347337722778 0.04531392082571983 0.01768391579389572 
0.07014152407646179 0.07964072376489639 0.9943528175354004 -0.3043235838413239 
0 0 0 1 

0.1894779205322266 0.973557710647583 -0.1276062875986099 0.0441366620361805 
-0.9741976261138916 0.2026305943727493 0.09939663112163544 -0.002530466765165329 
0.1226252913475037 0.1054802909493446 0.9868317842483521 -0.3031353056430817 
0 0 0 1 

0.1131033375859261 0.9852158427238464 -0.1286758929491043 0.0465540736913681 
-0.9719758629798889 0.1365735977888107 0.1913393884897232 -0.03408342599868774 
0.2060843110084534 0.1034287065267563 0.9730527997016907 -0.3000863194465637 
0 0 0 1 

0.1911794245243073 0.9749383926391602 -0.1137780174612999 0.04076839610934258 
-0.9547455310821533 0.211610808968544 0.2090019136667252 -0.03909910097718239 
0.2278406620025635 0.06867218017578125 0.9712737798690796 -0.2975421845912933 
0 0 0 1 

0.2764214873313904 0.9540621042251587 -0.1155701652169228 0.03888553380966187 
-0.9389725923538208 0.2937356531620026 0.1790242195129395 -0.02737221121788025 
0.2047473192214966 0.05903109908103943 0.9770331978797913 -0.296781450510025 
0 0 0 1 

0.3276521563529968 0.9374901056289673 -0.1172871440649033 0.03817883506417274 
-0.9346119165420532 0.339792400598526 0.1050790548324585 -0.001310086692683399 
0.138363853096962 0.07518859952688217 0.9875231981277466 -0.2963047325611115 
0 0 0 1 

0.3642680644989014 0.918208122253418 -0.155571773648262 0.04829194769263268 
-0.9288071393966675 0.3703905045986176 0.01131806429475546 0.03147584199905396 
0.06801463663578033 0.1403733640909195 0.9877597689628601 -0.2923764288425446 
0 0 0 1 

0.4403447806835175 0.8835504651069641 -0.1594831794500351 0.02958039939403534 
-0.8581790328025818 0.4664097130298615 0.2144542634487152 -0.01456638611853123 
0.2638656795024872 0.04243132472038269 0.9636256694793701 -0.3201964199542999 
0 0 0 1 

0.3561649322509766 0.9001732468605042 -0.2506682872772217 0.06669732183218002 
-0.8948257565498352 0.4058353304862976 0.1859689354896545 -0.002092166570946574 
0.2691343128681183 0.1580688655376434 0.9500426054000854 -0.3156290054321289 
0 0 0 1 

0.9746626615524292 0.03356720134615898 -0.2211447954177856 0.01953446492552757 
-0.05358971282839775 0.9949238896369934 -0.0851706936955452 0.03594847023487091 
0.2171634137630463 0.09486382454633713 0.9715145826339722 -0.2800835072994232 
0 0 0 1 

