0.9000434875488281 0.4355888366699219 -0.01356298197060823 -0.02491720020771027 
-0.4000617265701294 0.8381771445274353 0.3706878423690796 -0.09192811697721481 
0.1728357821702957 -0.3282091021537781 0.9286584258079529 -0.2533457279205322 
0 0 0 1 

0.9054498672485352 0.4243401288986206 -0.009789277799427509 -0.0271584615111351 
-0.3733165264129639 0.8071277141571045 0.4573613405227661 -0.1205828040838242 
0.2019780874252319 -0.4104632139205933 0.8892269730567932 -0.2436395883560181 
0 0 0 1 

0.9156908392906189 0.401823878288269 -0.006914951838552952 -0.03084990568459034 
-0.3326663970947266 0.7675219178199768 0.5479442477226257 -0.1507994532585144 
0.2254845798015594 -0.4994471371173859 0.8364861607551575 -0.2308288663625717 
0 0 0 1 

0.9088388085365295 0.4168891608715057 0.01467392966151237 -0.03832592442631721 
-0.3330629765987396 0.7040157914161682 0.6272404193878174 -0.1748637706041336 
0.2511591911315918 -0.574947714805603 0.7786872982978821 -0.2169383615255356 
0 0 0 1 

0.9157594442367554 0.4004227817058563 0.03234490379691124 -0.04563684388995171 
-0.2974683940410614 0.6217819452285767 0.7244995832443237 -0.2054605334997177 
0.269994705915451 -0.6730889081954956 0.688515841960907 -0.192154735326767 
0 0 0 1 

0.9240745902061462 0.3780738413333893 0.0560915470123291 -0.05422867834568024 
-0.2709444463253021 0.5444603562355042 0.7938210964202881 -0.2281902134418488 
0.2695834040641785 -0.7487475872039795 0.6055590510368347 -0.1669831871986389 
0 0 0 1 

0.9311840534210205 0.3606685101985931 0.05305194482207298 -0.05516261979937553 
-0.2320974171161652 0.4743233323097229 0.8492043614387512 -0.2472018897533417 
0.2811175584793091 -0.8030787110328674 0.5253925323486328 -0.1444659978151321 
0 0 0 1 

0.9409207105636597 0.3346115350723267 0.0519934743642807 -0.05778709426522255 
-0.1939133852720261 0.40655118227005 0.892812192440033 -0.2618895173072815 
0.277607262134552 -0.8501476645469666 0.4474180936813354 -0.1227736473083496 
0 0 0 1 

0.9525120258331299 0.2995460629463196 0.05470825731754303 -0.06105301901698112 
-0.1637091934680939 0.3522769510746002 0.9214662909507751 -0.2724806070327759 
0.256749153137207 -0.8866639733314514 0.3845864832401276 -0.1034324392676353 
0 0 0 1 

0.9572664499282837 0.2813630104064941 0.06690167635679245 -0.06639686226844788 
-0.1504502445459366 0.2869158089160919 0.9460675716400146 -0.2840509414672852 
0.2469933182001114 -0.9157041311264038 0.3169860243797302 -0.08077709376811981 
0 0 0 1 

