0.5285102128982544 0.800765335559845 -0.2818718254566193 0.07316721230745316 
-0.847445547580719 0.5172632932662964 -0.1194763854146004 0.06408403068780899 
0.05012937262654305 0.3020155429840088 0.9519840478897095 -0.2187456488609314 
0 0 0 1 

0.5400481820106506 0.7865149974822998 -0.2995696365833282 0.07431720942258835 
-0.8403621912002563 0.4843569993972778 -0.2432891279459 0.09572777897119522 
-0.04625192657113075 0.3831348717212677 0.9225336909294128 -0.2074758410453796 
0 0 0 1 

0.5049183964729309 0.8039261102676392 -0.3142611682415009 0.07704473286867142 
-0.843791127204895 0.3830002844333649 -0.3759349584579468 0.1298239380121231 
-0.1818618923425674 0.4549872875213623 0.8717297911643982 -0.188270092010498 
0 0 0 1 

0.4942052960395813 0.8006719350814819 -0.3386523127555847 0.08318247646093369 
-0.8247134685516357 0.3085853755474091 -0.4739436507225037 0.1549511402845383 
-0.2749702930450439 0.5135166049003601 0.8128296136856079 -0.1693482846021652 
0 0 0 1 

-0.06036736816167831 0.9759718179702759 -0.2093673795461655 0.0908314511179924 
-0.7915239334106445 -0.1745969653129578 -0.5856667757034302 0.1501481086015701 
-0.6081492304801941 0.1303640902042389 0.7830451130867004 -0.1359776109457016 
0 0 0 1 

0.5947153568267822 0.7292174696922302 -0.3384605050086975 0.07290631532669067 
-0.7707437872886658 0.3974456787109375 -0.4979867339134216 0.1569077670574188 
-0.2286210060119629 0.5570266842842102 0.7984069585800171 -0.1862497478723526 
0 0 0 1 

0.6033943295478821 0.7344307899475098 -0.3106872141361237 0.06536249816417694 
-0.7715263366699219 0.4391361176967621 -0.4603328108787537 0.1484568119049072 
-0.2016486972570419 0.5174655914306641 0.8316051363945007 -0.2015069276094437 
0 0 0 1 

0.751220166683197 0.5270199179649353 -0.3973889648914337 0.098079614341259 
-0.6176592707633972 0.7735755443572998 -0.1416957825422287 0.06722088158130646 
0.2327338010072708 0.351895809173584 0.9066445231437683 -0.2249006181955338 
0 0 0 1 

0.7702572345733643 0.4995181262493134 -0.3964658677577972 0.09240850061178207 
-0.6180664300918579 0.737913191318512 -0.2710675895214081 0.1032094731926918 
0.1571540683507919 0.4538341462612152 0.8771185874938965 -0.2131497710943222 
0 0 0 1 

0.7950170040130615 0.4854399561882019 -0.363724946975708 0.07959218323230743 
-0.5976802706718445 0.7292730808258057 -0.3330747783184052 0.1197904571890831 
0.1035668551921844 0.482191413640976 0.8699225187301636 -0.2085522264242172 
0 0 0 1 

