1 0 0 -0.01792658120393753 
0 1 0 0.02243540808558464 
0 0 1 -0.3816788792610168 
0 0 0 1 

0.999328076839447 0.03383150324225426 0.01409729942679405 -0.02000505104660988 
-0.03385690972208977 0.9994254112243652 0.001567526487633586 0.01893012039363384 
-0.01403616555035114 -0.002043781103566289 0.9998993873596191 -0.3678416609764099 
0 0 0 1 

0.9965150952339172 0.04707400128245354 -0.06886007636785507 0.01456459239125252 
-0.04494871571660042 0.998473584651947 0.03209491819143295 0.01090576592832804 
0.07026580721139908 -0.02888787724077702 0.9971098899841309 -0.3667044043540955 
0 0 0 1 

0.7627121210098267 0.6458325386047363 -0.03421040996909142 -0.0272550918161869 
-0.6429136991500854 0.7513965964317322 -0.1485427916049957 0.0583655945956707 
-0.070228211581707 0.13528972864151 0.9883140325546265 -0.2775093615055084 
0 0 0 1 

0.787080705165863 0.6161811947822571 0.02871374785900116 -0.05061019584536552 
-0.6137052178382874 0.7869136929512024 -0.06428446620702744 0.03046889975667 
-0.06220613420009613 0.03297526761889458 0.9975184202194214 -0.2836249768733978 
0 0 0 1 

0.8118143081665039 0.5791295170783997 0.07460738718509674 -0.06849738955497742 
-0.5814877152442932 0.8134520053863525 0.01294721383601427 0.004106711130589247 
-0.0531914047896862 -0.0538940392434597 0.9971289038658142 -0.2874204814434052 
0 0 0 1 

0.9826273322105408 0.1847931295633316 0.01717634126543999 -0.02573240362107754 
-0.1836661547422409 0.9815595746040344 -0.05298551172018051 0.00202166847884655 
-0.02665097266435623 0.04891029000282288 0.9984475374221802 -0.2326284199953079 
0 0 0 1 

0.9633941054344177 0.2403023540973663 -0.1188548132777214 0.001076912274584174 
-0.2459658682346344 0.9686350226402283 -0.03531013429164886 -0.02735554613173008 
0.1066418066620827 0.06325186043977737 0.9922835826873779 -0.3116948306560516 
0 0 0 1 

0.9893431067466736 0.1325206011533737 -0.06031971797347069 -0.01617574132978916 
-0.1350214928388596 0.9900569319725037 -0.0394502691924572 -0.04840489476919174 
0.05449195578694344 0.04717434570193291 0.9973992109298706 -0.3376709818840027 
0 0 0 1 

0.9766571521759033 -0.09205242246389389 0.1940799355506897 -0.02523193694651127 
0.05666600540280342 0.9819279313087463 0.1805726140737534 -0.03071434795856476 
-0.2071946710348129 -0.1653597801923752 0.9642232060432434 -0.1986749172210693 
0 0 0 1 

