1 0 0 -0.01792658120393753 
0 1 0 0.02243540808558464 
0 0 1 -0.3816788792610168 
0 0 0 1 

0.999328076839447 0.03383150324225426 0.01409729942679405 -0.02000491693615913 
-0.03385690972208977 0.9994254112243652 0.001567526487633586 0.01893128454685211 
-0.01403616555035114 -0.002043781103566289 0.9998993873596191 -0.3678412139415741 
0 0 0 1 

0.9965150952339172 0.0470740981400013 -0.06886022537946701 0.01456421706825495 
-0.04494881257414818 0.998473584651947 0.03209498152136803 0.01090532448142767 
0.07026595622301102 -0.02888794057071209 0.9971098899841309 -0.3667034208774567 
0 0 0 1 

0.7627121806144714 0.6458324790000916 -0.03421040251851082 -0.02725506760179996 
-0.6429136395454407 0.751396656036377 -0.1485427767038345 0.05836555361747742 
-0.0702282041311264 0.1352897137403488 0.9883140921592712 -0.2775093615055084 
0 0 0 1 

0.787080705165863 0.6161811947822571 0.02871374785900116 -0.05061016976833344 
-0.6137052178382874 0.7869136929512024 -0.06428446620702744 0.03046887367963791 
-0.06220613420009613 0.03297526761889458 0.9975184202194214 -0.2836249470710754 
0 0 0 1 

0.8118143081665039 0.5791295170783997 0.07460738718509674 -0.06849735230207443 
-0.5814877152442932 0.8134520053863525 0.01294721383601427 0.004106704611331224 
-0.0531914047896862 -0.0538940392434597 0.9971289038658142 -0.2874204516410828 
0 0 0 1 

0.982627272605896 0.1847933083772659 0.01717634685337543 -0.02573231607675552 
-0.1836663335561752 0.9815595149993896 -0.05298556387424469 0.002021670807152987 
-0.02665100805461407 0.04891033470630646 0.9984475374221802 -0.2326283901929855 
0 0 0 1 

0.9633941054344177 0.2403023540973663 -0.1188548058271408 0.001076926942914724 
-0.2459658682346344 0.9686350226402283 -0.03531013429164886 -0.02735569514334202 
0.1066417992115021 0.06325186043977737 0.9922835826873779 -0.3116947710514069 
0 0 0 1 

0.9893431067466736 0.1325206011533737 -0.06031971797347069 -0.01617581397294998 
-0.1350214928388596 0.9900569319725037 -0.0394502691924572 -0.04840489849448204 
0.05449195578694344 0.04717434570193291 0.9973992109298706 -0.3376709818840027 
0 0 0 1 

0.9721734523773193 -0.09557435661554337 0.2138780206441879 -0.02963236905634403 
0.0560213029384613 0.9813495278358459 0.1838866025209427 -0.03052225522696972 
-0.227464035153389 -0.1667879521846771 0.9593964815139771 -0.1975231319665909 
0 0 0 1 

