0.9855678677558899 0.1641314923763275 0.04143158346414566 -0.05443956330418587 
-0.1619898974895477 0.985491931438446 -0.0506427139043808 0.02499589882791042 
-0.04914261400699615 0.04320027679204941 0.9978570342063904 -0.2922453582286835 
0 0 0 1 

0.9656736254692078 0.2556464374065399 0.04603422805666924 -0.05352628231048584 
-0.2519221603870392 0.9649190306663513 -0.07393420487642288 0.03749999776482582 
-0.06332036852836609 0.05979923158884048 0.9962000846862793 -0.2917339205741882 
0 0 0 1 

0.936134934425354 0.3472797870635986 0.05520734935998917 -0.05341881141066551 
-0.3390535116195679 0.9330618381500244 -0.120158776640892 0.05636591836810112 
-0.0932406485080719 0.09376654028892517 0.9912184476852417 -0.2890668511390686 
0 0 0 1 

-0.2236861437559128 0.8734317421913147 0.4325291514396667 -0.1126525923609734 
-0.8120459914207458 0.07841349393129349 -0.5783014893531799 0.2297580689191818 
-0.5390229821205139 -0.4805916249752045 0.6917268037796021 -0.2074865102767944 
0 0 0 1 

-0.1905683130025864 0.8342955112457275 0.5173342227935791 -0.1450371146202087 
-0.8657965660095215 0.1055439934134483 -0.4891388118267059 0.2019767761230469 
-0.4626878201961517 -0.5411205291748047 0.7022168636322021 -0.2164547592401505 
0 0 0 1 

-0.1786559969186783 0.7634015679359436 0.6207255125045776 -0.1859489530324936 
-0.9032322764396667 0.1229406744241714 -0.4111655056476593 0.176133930683136 
-0.3901967704296112 -0.6341164708137512 0.6675648093223572 -0.2053549438714981 
0 0 0 1 

-0.155404731631279 0.7373237609863281 0.6574217677116394 -0.2005642652511597 
-0.9361379146575928 0.1025811806321144 -0.3363377749919891 0.152197390794754 
-0.3154289424419403 -0.6677058339118958 0.6742948889732361 -0.208506315946579 
0 0 0 1 

-0.1025376990437508 0.7171511054039001 0.6893331408500671 -0.2139556854963303 
-0.9636241793632507 0.1003280133008957 -0.247715026140213 0.1224691197276115 
-0.2468085139989853 -0.6896582841873169 0.6807767748832703 -0.208708792924881 
0 0 0 1 

-0.138932392001152 0.6301775574684143 0.7639201283454895 -0.2401472181081772 
-0.9669762253761292 0.08011195808649063 -0.2419481724500656 0.1228886172175407 
-0.2136693894863129 -0.7723070979118347 0.5982366800308228 -0.1762346029281616 
0 0 0 1 

-0.1828125715255737 0.612727165222168 0.7688592076301575 -0.2415937483310699 
-0.9745113849639893 -0.009505066089332104 -0.2241358608007431 0.1189308911561966 
-0.1300260424613953 -0.7902372479438782 0.5988475680351257 -0.1746408343315125 
0 0 0 1 

