1.000000000000000000e+00 0.000000000000000000e+00 0.000000000000000000e+00 -4.096739311332171507e-01
0.000000000000000000e+00 -1.000000000000000000e+00 0.000000000000000000e+00 -1.964994255000929863e-02
0.000000000000000000e+00 0.000000000000000000e+00 -1.000000000000000000e+00 -2.664639050480994698e+00
0.000000000000000000e+00 0.000000000000000000e+00 0.000000000000000000e+00 1.000000000000000000e+00
9.966758489608764648e-01 -7.959778606891632080e-02 -1.736761629581451416e-02 -4.438470972244559221e-01
-7.930861413478851318e-02 -9.967094063758850098e-01 1.674823090434074402e-02 5.850502214487936919e-02
-1.864359155297279358e-02 -1.531515084207057953e-02 -9.997087121009826660e-01 -2.718279526371729204e+00
0.000000000000000000e+00 0.000000000000000000e+00 0.000000000000000000e+00 1.000000000000000000e+00
9.854211807250976562e-01 -1.668169945478439331e-01 -3.342465683817863464e-02 -4.720032904975612897e-01
-1.649923175573348999e-01 -9.849519133567810059e-01 5.145104974508285522e-02 2.069687060520573607e-01
-4.150463268160820007e-02 -4.518610611557960510e-02 -9.981160759925842285e-01 -2.711775384467337346e+00
0.000000000000000000e+00 0.000000000000000000e+00 0.000000000000000000e+00 1.000000000000000000e+00
9.662715196609497070e-01 -2.550304830074310303e-01 -3.576179221272468567e-02 -4.581244213208097160e-01
-2.517197728157043457e-01 -9.646566510200500488e-01 7.793959975242614746e-02 3.256430471754779288e-01
-5.437482520937919617e-02 -6.630887091159820557e-02 -9.963165521621704102e-01 -2.706622236528576586e+00
0.000000000000000000e+00 0.000000000000000000e+00 0.000000000000000000e+00 1.000000000000000000e+00
9.382675886154174805e-01 -3.416800796985626221e-01 -5.393230170011520386e-02 -4.829964658131845612e-01
-3.333455622196197510e-01 -9.347690343856811523e-01 1.228321865200996399e-01 4.968759790608033300e-01
-9.238359332084655762e-02 -9.727130830287933350e-02 -9.909608960151672363e-01 -2.678765712260102738e+00
0.000000000000000000e+00 0.000000000000000000e+00 0.000000000000000000e+00 1.000000000000000000e+00
8.942435383796691895e-01 -4.462650120258331299e-01 -3.429061919450759888e-02 -3.983614607006654706e-01
-4.379129409790039062e-01 -8.881942033767700195e-01 1.390801817178726196e-01 5.814652129061554930e-01
-9.252337366342544556e-02 -1.093552708625793457e-01 -9.896872043609619141e-01 -2.685995295981415953e+00
0.000000000000000000e+00 0.000000000000000000e+00 0.000000000000000000e+00 1.000000000000000000e+00
8.479990959167480469e-01 -5.298192501068115234e-01 -1.375101413577795029e-02 -3.122283175187212656e-01
-5.204516053199768066e-01 -8.373470306396484375e-01 1.672709584236145020e-01 6.969654011576588148e-01
-1.001378074288368225e-01 -1.346888244152069092e-01 -9.858151674270629883e-01 -2.676890711443830728e+00
0.000000000000000000e+00 0.000000000000000000e+00 0.000000000000000000e+00 1.000000000000000000e+00
7.940304279327392578e-01 -6.078419685363769531e-01 6.626534741371870041e-03 -2.274721582419793331e-01
-5.999414324760437012e-01 -7.818609476089477539e-01 1.695980578660964966e-01 7.372489451849572051e-01
-9.790779650211334229e-02 -1.386415362358093262e-01 -9.854910373687744141e-01 -2.684861741404043656e+00
0.000000000000000000e+00 0.000000000000000000e+00 0.000000000000000000e+00 1.000000000000000000e+00
7.210741639137268066e-01 -6.923414468765258789e-01 2.674261853098869324e-02 -1.201046049465393784e-01
-6.865681409835815430e-01 -7.088070511817932129e-01 1.619152277708053589e-01 7.457446028570076102e-01
-9.314527362585067749e-02 -1.351134926080703735e-01 -9.864420294761657715e-01 -2.693924383318512916e+00
0.000000000000000000e+00 0.000000000000000000e+00 0.000000000000000000e+00 1.000000000000000000e+00
6.456366777420043945e-01 -7.630554437637329102e-01 2.998702786862850189e-02 -6.168596403415433499e-02
-7.584368586540222168e-01 -6.361613273620605469e-01 1.416743546724319458e-01 7.083055688980740561e-01
-8.902887254953384399e-02 -1.142134442925453186e-01 -9.894587993621826172e-01 -2.717687914635145585e+00
0.000000000000000000e+00 0.000000000000000000e+00 0.000000000000000000e+00 1.000000000000000000e+00
5.508949756622314453e-01 -8.333150148391723633e-01 4.583078622817993164e-02 3.671723527936832099e-02
-8.326732516288757324e-01 -5.451063513755798340e-01 9.753937274217605591e-02 5.975900819569387457e-01
-5.629839748144149780e-02 -9.189601242542266846e-02 -9.941757321357727051e-01 -2.764200628040947016e+00
0.000000000000000000e+00 0.000000000000000000e+00 0.000000000000000000e+00 1.000000000000000000e+00
4.598005712032318115e-01 -8.836147189140319824e-01 8.836228400468826294e-02 2.194904570086494144e-01
-8.879803419113159180e-01 -4.565319418907165527e-01 5.540333688259124756e-02 4.820085608885706363e-01
-8.615002036094665527e-03 -1.039384678006172180e-01 -9.945462346076965332e-01 -2.802549706546174413e+00
0.000000000000000000e+00 0.000000000000000000e+00 0.000000000000000000e+00 1.000000000000000000e+00
3.493133187294006348e-01 -9.313133358955383301e-01 1.031286492943763733e-01 3.047999588276106286e-01
-9.368014335632324219e-01 -3.494158089160919189e-01 1.766408607363700867e-02 3.506073930325390164e-01
1.958397962152957916e-02 -1.027813926339149475e-01 -9.945112466812133789e-01 -2.817552196521138974e+00
0.000000000000000000e+00 0.000000000000000000e+00 0.000000000000000000e+00 1.000000000000000000e+00
2.703270614147186279e-01 -9.550666809082031250e-01 1.215352490544319153e-01 3.806451905219359055e-01
-9.596805572509765625e-01 -2.774066030979156494e-01 -4.537073895335197449e-02 1.297089800885177224e-01
7.704678177833557129e-02 -1.043700873851776123e-01 -9.915496706962585449e-01 -2.813331720070090025e+00
0.000000000000000000e+00 0.000000000000000000e+00 0.000000000000000000e+00 1.000000000000000000e+00
1.919924467802047729e-01 -9.694352149963378906e-01 1.527561545372009277e-01 4.862950364608611964e-01
-9.726832509040832520e-01 -2.086637318134307861e-01 -1.017188057303428650e-01 -6.272566106480344239e-02
1.304844617843627930e-01 -1.290540695190429688e-01 -9.830150008201599121e-01 -2.797540322466910201e+00
0.000000000000000000e+00 0.000000000000000000e+00 0.000000000000000000e+00 1.000000000000000000e+00
1.180660203099250793e-01 -9.811571836471557617e-01 1.529415249824523926e-01 5.019819224291385273e-01
-9.710279107093811035e-01 -1.463001072406768799e-01 -1.889476180076599121e-01 -3.400364644789524715e-01
2.077627331018447876e-01 -1.262021958827972412e-01 -9.700040221214294434e-01 -2.772081426173798491e+00
0.000000000000000000e+00 0.000000000000000000e+00 0.000000000000000000e+00 1.000000000000000000e+00
1.864528208971023560e-01 -9.727743864059448242e-01 1.376410573720932007e-01 4.515803414362988266e-01
-9.544121623039245605e-01 -2.125815004110336304e-01 -2.095376402139663696e-01 -3.951744575779147506e-01
2.330928295850753784e-01 -9.229746460914611816e-02 -9.680646061897277832e-01 -2.748816791321598618e+00
0.000000000000000000e+00 0.000000000000000000e+00 0.000000000000000000e+00 1.000000000000000000e+00
2.717710733413696289e-01 -9.514208436012268066e-01 1.447007507085800171e-01 4.480776840063578348e-01
-9.386833310127258301e-01 -2.952194213867187500e-01 -1.780978143215179443e-01 -2.848247958512271638e-01
2.121645063161849976e-01 -8.742642402648925781e-02 -9.733155965805053711e-01 -2.738773188715172502e+00
0.000000000000000000e+00 0.000000000000000000e+00 0.000000000000000000e+00 1.000000000000000000e+00
3.250083327293395996e-01 -9.342763423919677734e-01 1.466188281774520874e-01 4.397912910501337036e-01
-9.341883659362792969e-01 -3.412942588329315186e-01 -1.039712652564048767e-01 -4.343948213024099309e-02
1.471780687570571899e-01 -1.031781435012817383e-01 -9.837139844894409180e-01 -2.736220207471295129e+00
0.000000000000000000e+00 0.000000000000000000e+00 0.000000000000000000e+00 1.000000000000000000e+00
3.599637150764465332e-01 -9.152950048446655273e-01 1.807252615690231323e-01 5.227093045211296252e-01
-9.296522140502929688e-01 -3.682034611701965332e-01 -1.313447766005992889e-02 2.544798504940660178e-01
7.856558263301849365e-02 -1.632837355136871338e-01 -9.834457635879516602e-01 -2.699092155987702135e+00
0.000000000000000000e+00 0.000000000000000000e+00 0.000000000000000000e+00 1.000000000000000000e+00
4.024333655834197998e-01 -8.943471312522888184e-01 1.954229176044464111e-01 5.439982210739173762e-01
-9.153257012367248535e-01 -3.966117203235626221e-01 6.984388828277587891e-02 5.097529162340400655e-01
1.504231151193380356e-02 -2.069831639528274536e-01 -9.782289862632751465e-01 -2.650311781550535706e+00
0.000000000000000000e+00 0.000000000000000000e+00 0.000000000000000000e+00 1.000000000000000000e+00
4.567665457725524902e-01 -8.604868054389953613e-01 2.256698906421661377e-01 5.994741006334425304e-01
-8.885797858238220215e-01 -4.292584061622619629e-01 1.617503017187118530e-01 7.705151020513121285e-01
-4.231335595250129700e-02 -2.744077146053314209e-01 -9.606819152832031250e-01 -2.552570844959790364e+00
0.000000000000000000e+00 0.000000000000000000e+00 0.000000000000000000e+00 1.000000000000000000e+00
5.313544273376464844e-01 -8.194654583930969238e-01 2.148008346557617188e-01 5.148292997109193969e-01
-8.429069519042968750e-01 -4.860709011554718018e-01 2.307446748018264771e-01 9.452833210717329626e-01
-8.467879891395568848e-02 -3.036642074584960938e-01 -9.490087628364562988e-01 -2.486140904340080837e+00
0.000000000000000000e+00 0.000000000000000000e+00 0.000000000000000000e+00 1.000000000000000000e+00
5.935764908790588379e-01 -7.788013815879821777e-01 2.028193771839141846e-01 4.420098350623229977e-01
-7.955682873725891113e-01 -5.298264622688293457e-01 2.938622534275054932e-01 1.087358714049346808e+00
-1.214013472199440002e-01 -3.357862234115600586e-01 -9.340822100639343262e-01 -2.410957096774762665e+00
0.000000000000000000e+00 0.000000000000000000e+00 0.000000000000000000e+00 1.000000000000000000e+00
6.726848483085632324e-01 -7.192878127098083496e-01 1.735513508319854736e-01 3.055131213897379072e-01
-7.212361693382263184e-01 -5.850107073783874512e-01 3.709186017513275146e-01 1.237343326805739441e+00
-1.652679592370986938e-01 -3.746827542781829834e-01 -9.123042821884155273e-01 -2.312637655517157054e+00
0.000000000000000000e+00 0.000000000000000000e+00 0.000000000000000000e+00 1.000000000000000000e+00
7.342364788055419922e-01 -6.598113775253295898e-01 1.598283350467681885e-01 2.363384396468633519e-01
-6.506270766258239746e-01 -6.166622042655944824e-01 4.431838095188140869e-01 1.369241701004054956e+00
-1.938577592372894287e-01 -4.293905794620513916e-01 -8.820673823356628418e-01 -2.182762185069259342e+00
0.000000000000000000e+00 0.000000000000000000e+00 0.000000000000000000e+00 1.000000000000000000e+00
7.610697746276855469e-01 -6.324694156646728516e-01 1.440649628639221191e-01 1.709512354082559082e-01
-5.991708040237426758e-01 -6.003447771072387695e-01 5.296978354454040527e-01 1.550902790023043654e+00
-2.485294491052627563e-01 -4.894566833972930908e-01 -8.358621597290039062e-01 -1.990508100268687297e+00
0.000000000000000000e+00 0.000000000000000000e+00 0.000000000000000000e+00 1.000000000000000000e+00
7.919763326644897461e-01 -5.920764207839965820e-01 1.490590274333953857e-01 1.577409475104264158e-01
-5.369622707366943359e-01 -5.592459440231323242e-01 6.315969824790954590e-01 1.793617161691902551e+00
-2.905933558940887451e-01 -5.802491903305053711e-01 -7.608324885368347168e-01 -1.732853462713762394e+00
0.000000000000000000e+00 0.000000000000000000e+00 0.000000000000000000e+00 1.000000000000000000e+00
8.156647086143493652e-01 -5.599254369735717773e-01 1.455145776271820068e-01 1.291164869252955372e-01
-4.819546937942504883e-01 -5.185294747352600098e-01 7.062907218933105469e-01 1.975979685894844406e+00
-3.200168013572692871e-01 -6.462276577949523926e-01 -6.928049325942993164e-01 -1.511988438305247984e+00
0.000000000000000000e+00 0.000000000000000000e+00 0.000000000000000000e+00 1.000000000000000000e+00
8.422827720642089844e-01 -5.210919976234436035e-01 1.379238963127136230e-01 8.340264941915676022e-02
-4.163686037063598633e-01 -4.664445221424102783e-01 7.804274559020996094e-01 2.154634978903288367e+00
-3.423405587673187256e-01 -7.147675752639770508e-01 -6.098444461822509766e-01 -1.291326780431184318e+00
0.000000000000000000e+00 0.000000000000000000e+00 0.000000000000000000e+00 1.000000000000000000e+00
8.783710002899169922e-01 -4.668944180011749268e-01 1.023416668176651001e-01 -3.235708037055739367e-02
-3.278772830963134766e-01 -4.327625930309295654e-01 8.397692441940307617e-01 2.284808876633423136e+00
-3.477942049503326416e-01 -7.711843848228454590e-01 -5.332104563713073730e-01 -1.105885888442174725e+00
0.000000000000000000e+00 0.000000000000000000e+00 0.000000000000000000e+00 1.000000000000000000e+00
8.980710506439208984e-01 -4.338630139827728271e-01 7.232548296451568604e-02 -1.091292966364869471e-01
-2.353507131338119507e-01 -3.350770175457000732e-01 9.123230576515197754e-01 2.417934762403657345e+00
-3.715885877609252930e-01 -8.363529443740844727e-01 -4.030330777168273926e-01 -7.797944799236784519e-01
0.000000000000000000e+00 0.000000000000000000e+00 0.000000000000000000e+00 1.000000000000000000e+00
8.905692696571350098e-01 -4.543839395046234131e-01 2.052734978497028351e-02 -2.801332083476062995e-01
-7.302053272724151611e-02 -9.828014671802520752e-02 9.924760460853576660e-01 2.581560937390224186e+00
-4.489477574825286865e-01 -8.853673934936523438e-01 -1.207047030329704285e-01 -6.624032253074599308e-02
0.000000000000000000e+00 0.000000000000000000e+00 0.000000000000000000e+00 1.000000000000000000e+00
8.837251067161560059e-01 -4.666936695575714111e-01 3.503885492682456970e-02 -2.230771680560162118e-01
-8.346279710531234741e-02 -8.348994702100753784e-02 9.930074214935302734e-01 2.587442286529005209e+00
-4.605047404766082764e-01 -8.804695606231689453e-01 -1.127336546778678894e-01 -9.214661398965524886e-02
0.000000000000000000e+00 0.000000000000000000e+00 0.000000000000000000e+00 1.000000000000000000e+00
8.515063524246215820e-01 -5.235707759857177734e-01 2.847443893551826477e-02 -2.084150134941152588e-01
-9.732376784086227417e-02 -1.044539213180541992e-01 9.897562265396118164e-01 2.584573355920207760e+00
-5.152329802513122559e-01 -8.455548286437988281e-01 -1.398989856243133545e-01 -1.441672371470496261e-01
0.000000000000000000e+00 0.000000000000000000e+00 0.000000000000000000e+00 1.000000000000000000e+00
8.269122838973999023e-01 -5.584245324134826660e-01 6.616862118244171143e-02 -1.043670066907321364e-01
-2.267933934926986694e-01 -2.235105782747268677e-01 9.479492306709289551e-01 2.522983649195748246e+00
-5.145688056945800781e-01 -7.988772988319396973e-01 -3.114706277847290039e-01 -5.058528250685722094e-01
0.000000000000000000e+00 0.000000000000000000e+00 0.000000000000000000e+00 1.000000000000000000e+00
8.403809070587158203e-01 -5.325910449028015137e-01 1.005313023924827576e-01 -2.828676609856716970e-02
-3.055072724819183350e-01 -3.122686743736267090e-01 8.995295166969299316e-01 2.429089844522657415e+00
-4.476888179779052734e-01 -7.866604328155517578e-01 -4.251351058483123779e-01 -7.997623418174667487e-01
0.000000000000000000e+00 0.000000000000000000e+00 0.000000000000000000e+00 1.000000000000000000e+00
8.197226524353027344e-01 -5.608791708946228027e-01 1.160572841763496399e-01 1.441759900409454384e-02
-3.713367283344268799e-01 -3.661516010761260986e-01 8.532537817955017090e-01 2.339490743705999076e+00
-4.360777139663696289e-01 -7.425279021263122559e-01 -5.084179639816284180e-01 -1.015645162070249352e+00
0.000000000000000000e+00 0.000000000000000000e+00 0.000000000000000000e+00 1.000000000000000000e+00
8.346543908119201660e-01 -5.446808934211730957e-01 8.169902116060256958e-02 -1.135126284288536930e-01
-4.515350162982940674e-01 -5.917558670043945312e-01 6.677879691123962402e-01 1.970656421987985185e+00
-3.153855800628662109e-01 -5.942621231079101562e-01 -7.398541569709777832e-01 -1.671066598066826669e+00
0.000000000000000000e+00 0.000000000000000000e+00 0.000000000000000000e+00 1.000000000000000000e+00
8.383659720420837402e-01 -5.414484143257141113e-01 6.305368989706039429e-02 -1.772995025695516258e-01
-4.646691083908081055e-01 -6.493788361549377441e-01 6.019877791404724121e-01 1.794355710578547480e+00
-2.849999368190765381e-01 -5.339853167533874512e-01 -7.960117459297180176e-01 -1.837078259743116782e+00
0.000000000000000000e+00 0.000000000000000000e+00 0.000000000000000000e+00 1.000000000000000000e+00
8.567439913749694824e-01 -5.129493474960327148e-01 5.359117686748504639e-02 -2.026566811031491055e-01
-4.582780003547668457e-01 -7.094995975494384766e-01 5.353424549102783203e-01 1.605666058897061488e+00
-2.365808039903640747e-01 -4.832113087177276611e-01 -8.429329395294189453e-01 -1.976214633781199881e+00
0.000000000000000000e+00 0.000000000000000000e+00 0.000000000000000000e+00 1.000000000000000000e+00
8.725619316101074219e-01 -4.881631135940551758e-01 1.822588592767715454e-02 -2.840729520605457803e-01
-4.556149244308471680e-01 -7.997925281524658203e-01 3.908279240131378174e-01 1.219105598115486799e+00
-1.762110292911529541e-01 -3.493255376815795898e-01 -9.202832579612731934e-01 -2.195716247000134125e+00
0.000000000000000000e+00 0.000000000000000000e+00 0.000000000000000000e+00 1.000000000000000000e+00
8.793024420738220215e-01 -4.758684337139129639e-01 1.940236054360866547e-02 -2.670088752333336646e-01
-4.645979106426239014e-01 -8.480908870697021484e-01 2.547363042831420898e-01 8.730872355576559940e-01
-1.047660484910011292e-01 -2.330045551061630249e-01 -9.668157696723937988e-01 -2.342930301155234485e+00
0.000000000000000000e+00 0.000000000000000000e+00 0.000000000000000000e+00 1.000000000000000000e+00
8.780535459518432617e-01 -4.782325923442840576e-01 1.775166578590869904e-02 -2.336634550874387151e-01
-4.785174727439880371e-01 -8.768616914749145508e-01 4.619831219315528870e-02 3.309234026751363134e-01
-6.527800112962722778e-03 -4.905908927321434021e-02 -9.987744688987731934e-01 -2.464690011999338459e+00
0.000000000000000000e+00 0.000000000000000000e+00 0.000000000000000000e+00 1.000000000000000000e+00
8.861047029495239258e-01 -4.632152915000915527e-01 1.580877043306827545e-02 -2.221483079662113225e-01
-4.620774388313293457e-01 -8.855556845664978027e-01 -4.769799858331680298e-02 7.177041147398176280e-02
3.609399870038032532e-02 3.496054187417030334e-02 -9.987366795539855957e-01 -2.488531909796003472e+00
0.000000000000000000e+00 0.000000000000000000e+00 0.000000000000000000e+00 1.000000000000000000e+00
8.931716084480285645e-01 -4.496291577816009521e-01 8.826225064694881439e-03 -2.369429646553327939e-01
-4.434273540973663330e-01 -8.837833404541015625e-01 -1.493285298347473145e-01 -2.188862841154364525e-01
7.494300603866577148e-02 1.294621825218200684e-01 -9.887483716011047363e-01 -2.481043220001625027e+00
0.000000000000000000e+00 0.000000000000000000e+00 0.000000000000000000e+00 1.000000000000000000e+00
8.973663449287414551e-01 -4.410591423511505127e-01 1.415788661688566208e-02 -2.212242250583978387e-01
-4.231847822666168213e-01 -8.692082762718200684e-01 -2.557183206081390381e-01 -5.278324554512995315e-01
1.250931173563003540e-01 2.234816253185272217e-01 -9.666478037834167480e-01 -2.438550099957211614e+00
0.000000000000000000e+00 0.000000000000000000e+00 0.000000000000000000e+00 1.000000000000000000e+00
9.010546803474426270e-01 -4.335036277770996094e-01 1.321934629231691360e-02 -2.201359071177168558e-01
-3.982380032539367676e-01 -8.390568494796752930e-01 -3.706611096858978271e-01 -8.811331749322259821e-01
1.717748790979385376e-01 3.287214934825897217e-01 -9.286741018295288086e-01 -2.347321583420157509e+00
0.000000000000000000e+00 0.000000000000000000e+00 0.000000000000000000e+00 1.000000000000000000e+00
9.054043292999267578e-01 -4.244858026504516602e-01 7.385156583040952682e-03 -2.455711934391812956e-01
-3.744332194328308105e-01 -8.066024184226989746e-01 -4.573750495910644531e-01 -1.146148190967391622e+00
2.001062780618667603e-01 4.113441407680511475e-01 -8.892431259155273438e-01 -2.258231450816245545e+00
0.000000000000000000e+00 0.000000000000000000e+00 0.000000000000000000e+00 1.000000000000000000e+00
9.155128002166748047e-01 -4.022205173969268799e-01 7.406398653984069824e-03 -2.731617994075623002e-01
-3.325562179088592529e-01 -7.670499086380004883e-01 -5.486716628074645996e-01 -1.427206122375278108e+00
2.263681739568710327e-01 4.998528659343719482e-01 -8.360050320625305176e-01 -2.137909654505415258e+00
0.000000000000000000e+00 0.000000000000000000e+00 0.000000000000000000e+00 1.000000000000000000e+00
9.115555286407470703e-01 -4.109009802341461182e-01 -1.505866087973117828e-02 -3.461000210063137073e-01
-3.281845748424530029e-01 -7.050148248672485352e-01 -6.286880373954772949e-01 -1.652223190533968156e+00
2.477121055126190186e-01 5.780261158943176270e-01 -7.775116562843322754e-01 -2.006174221879139186e+00
0.000000000000000000e+00 0.000000000000000000e+00 0.000000000000000000e+00 1.000000000000000000e+00
9.169194102287292480e-01 -3.976307511329650879e-01 -3.389064595103263855e-02 -4.164800875178756301e-01
-2.967356443405151367e-01 -6.225393414497375488e-01 -7.241495251655578613e-01 -1.933155983918281695e+00
2.668459117412567139e-01 6.740433573722839355e-01 -6.888096332550048828e-01 -1.779839272352014223e+00
0.000000000000000000e+00 0.000000000000000000e+00 0.000000000000000000e+00 1.000000000000000000e+00
9.247264266014099121e-01 -3.764027059078216553e-01 -5.658656731247901917e-02 -4.922477805470982237e-01
-2.699576318264007568e-01 -5.437554121017456055e-01 -7.946400642395019531e-01 -2.145947329315272878e+00
2.683354616165161133e-01 7.501006126403808594e-01 -6.044377684593200684e-01 -1.545412845792373036e+00
0.000000000000000000e+00 0.000000000000000000e+00 0.000000000000000000e+00 1.000000000000000000e+00
9.320580959320068359e-01 -3.585411608219146729e-01 -5.211495608091354370e-02 -4.985794610077567968e-01
-2.292341738939285278e-01 -4.721943140029907227e-01 -8.511663675308227539e-01 -2.325687749727688658e+00
2.805698215961456299e-01 8.052829504013061523e-01 -5.223024487495422363e-01 -1.330163717868444895e+00
0.000000000000000000e+00 0.000000000000000000e+00 0.000000000000000000e+00 1.000000000000000000e+00
9.422140121459960938e-01 -3.308505117893218994e-01 -5.263760685920715332e-02 -5.274230166110068785e-01
-1.931836903095245361e-01 -4.082097709178924561e-01 -8.922134041786193848e-01 -2.453946221679140116e+00
2.737021148204803467e-01 8.508246541023254395e-01 -4.485358893871307373e-01 -1.140590856641310546e+00
0.000000000000000000e+00 0.000000000000000000e+00 0.000000000000000000e+00 1.000000000000000000e+00
9.527938961982727051e-01 -2.994375824928283691e-01 -5.020934715867042542e-02 -5.433861513198566806e-01
-1.597431898117065430e-01 -3.537622988224029541e-01 -9.215934276580810547e-01 -2.556491244246529071e+00
2.581975162029266357e-01 8.861091136932373047e-01 -3.848956525325775146e-01 -9.608584384398837219e-01
0.000000000000000000e+00 0.000000000000000000e+00 0.000000000000000000e+00 1.000000000000000000e+00
9.589765071868896484e-01 -2.768247723579406738e-01 -6.109049171209335327e-02 -5.999691643635742810e-01
-1.403888165950775146e-01 -2.765329480171203613e-01 -9.506947398185729980e-01 -2.684627337557507154e+00
2.462823390960693359e-01 9.202704429626464844e-01 -3.040516972541809082e-01 -7.033147970701459917e-01
0.000000000000000000e+00 0.000000000000000000e+00 0.000000000000000000e+00 1.000000000000000000e+00
9.732187986373901367e-01 -2.219102531671524048e-01 -6.000686809420585632e-02 -6.275084975447332569e-01
-1.020691767334938049e-01 -1.832438260316848755e-01 -9.777542352676391602e-01 -2.796305366308408757e+00
2.059778571128845215e-01 9.576939344406127930e-01 -2.009865641593933105e-01 -3.564505801153792786e-01
0.000000000000000000e+00 0.000000000000000000e+00 0.000000000000000000e+00 1.000000000000000000e+00
9.906582236289978027e-01 -1.341906189918518066e-01 -2.427512966096401215e-02 -5.440705473131691727e-01
-4.316183552145957947e-02 -1.396844536066055298e-01 -9.892549514770507812e-01 -2.847468192113888463e+00
1.293579041957855225e-01 9.810611009597778320e-01 -1.441714465618133545e-01 -1.946100881633748003e-01
0.000000000000000000e+00 0.000000000000000000e+00 0.000000000000000000e+00 1.000000000000000000e+00
9.944188594818115234e-01 -1.054486408829689026e-01 3.391260979697108269e-03 -4.838823657573553816e-01
-2.283661440014839172e-02 -2.465167939662933350e-01 -9.688691496849060059e-01 -2.809684235267487562e+00
1.030019596219062805e-01 9.633845090866088867e-01 -2.475490719079971313e-01 -4.993886942191262390e-01
0.000000000000000000e+00 0.000000000000000000e+00 0.000000000000000000e+00 1.000000000000000000e+00
9.979190826416015625e-01 -3.436496481299400330e-02 5.455813556909561157e-02 -3.239496940343652986e-01
4.213428869843482971e-02 -2.929509878158569336e-01 -9.551985859870910645e-01 -2.877414949080413731e+00
4.880823194980621338e-02 9.555096030235290527e-01 -2.908934652805328369e-01 -6.036962382491840584e-01
0.000000000000000000e+00 0.000000000000000000e+00 0.000000000000000000e+00 1.000000000000000000e+00
9.885835647583007812e-01 4.162333905696868896e-02 1.448106318712234497e-01 -1.349800974658941360e-02
1.506738811731338501e-01 -2.729344666004180908e-01 -9.501599073410034180e-01 -2.976747221904778140e+00
-2.504207805031910539e-05 9.611315727233886719e-01 -2.760901153087615967e-01 -5.376389523170940210e-01
0.000000000000000000e+00 0.000000000000000000e+00 0.000000000000000000e+00 1.000000000000000000e+00
9.681724905967712402e-01 5.114867910742759705e-02 2.450017184019088745e-01 2.949541867432915465e-01
2.498363405466079712e-01 -2.560184597969055176e-01 -9.338287711143493652e-01 -3.017605959339216604e+00
1.496080867946147919e-02 9.653175473213195801e-01 -2.606488466262817383e-01 -4.848924820583857542e-01
0.000000000000000000e+00 0.000000000000000000e+00 0.000000000000000000e+00 1.000000000000000000e+00
9.761484265327453613e-01 -1.760106720030307770e-02 2.163895964622497559e-01 1.806784402500081488e-01
2.002393901348114014e-01 -3.121661543846130371e-01 -9.286853671073913574e-01 -2.986108705008948760e+00
8.389534056186676025e-02 9.498643875122070312e-01 -3.011960387229919434e-01 -6.548007720866819703e-01
0.000000000000000000e+00 0.000000000000000000e+00 0.000000000000000000e+00 1.000000000000000000e+00
9.840531945228576660e-01 -1.326076239347457886e-01 1.185515820980072021e-01 -1.597977185981435400e-01
6.149356812238693237e-02 -3.717710673809051514e-01 -9.262854456901550293e-01 -2.915778652316069586e+00
1.669065654277801514e-01 9.188043475151062012e-01 -3.576880097389221191e-01 -9.287065894537804844e-01
0.000000000000000000e+00 0.000000000000000000e+00 0.000000000000000000e+00 1.000000000000000000e+00
9.763451814651489258e-01 -2.157512754201889038e-01 1.419326290488243103e-02 -4.909363147443703279e-01
-5.399061739444732666e-02 -3.068364560604095459e-01 -9.502295255661010742e-01 -2.926102056368808935e+00
2.093682736158370972e-01 9.269857406616210938e-01 -3.112268149852752686e-01 -8.275932728076904610e-01
0.000000000000000000e+00 0.000000000000000000e+00 0.000000000000000000e+00 1.000000000000000000e+00
9.108928442001342773e-01 -3.992510735988616943e-01 -1.042727306485176086e-01 -8.257084320640432074e-01
-2.431943714618682861e-01 -3.152742087841033936e-01 -9.173104166984558105e-01 -2.729888946665887772e+00
3.333627283573150635e-01 8.609300255775451660e-01 -3.842766880989074707e-01 -1.145501868713068916e+00
0.000000000000000000e+00 0.000000000000000000e+00 0.000000000000000000e+00 1.000000000000000000e+00
8.639015555381774902e-01 -4.957336485385894775e-01 -8.900726586580276489e-02 -7.629702011088953517e-01
-2.878402173519134521e-01 -3.409281373023986816e-01 -8.949391245841979980e-01 -2.632827370194297689e+00
4.133063554763793945e-01 7.987591624259948730e-01 -4.372203946113586426e-01 -1.386856485374954540e+00
0.000000000000000000e+00 0.000000000000000000e+00 0.000000000000000000e+00 1.000000000000000000e+00
