-0.8820679187774658 -0.4683564305305481 -0.05097257718443871 0.0583382323384285 
-0.4635140299797058 0.8820948600769043 -0.08404326438903809 0.05579142272472382 
0.08432485908269882 -0.0505053736269474 -0.9951573014259338 0.3074871599674225 
0 0 0 1 

-0.9220607876777649 -0.3838105797767639 -0.04993435367941856 0.05897070467472076 
-0.3807438611984253 0.92265385389328 -0.06118748709559441 0.04791831225156784 
0.06955652683973312 -0.03740638121962547 -0.9968764781951904 0.3079013526439667 
0 0 0 1 

-0.9946613907814026 -0.09806481748819351 -0.0321313664317131 0.05897874757647514 
-0.0959770530462265 0.9935062527656555 -0.06110408157110214 0.0386258102953434 
0.03791487216949463 -0.05769398808479309 -0.9976141452789307 0.3087519109249115 
0 0 0 1 

-0.8995779156684875 -0.4032046794891357 -0.1678846031427383 0.09791365265846252 
-0.4050112664699554 0.913972795009613 -0.02489117719233036 0.03260241821408272 
0.163478210568428 0.04560359939932823 -0.9854922890663147 0.307956725358963 
0 0 0 1 

-0.8745318055152893 -0.4224798381328583 -0.2381275743246078 0.1201783046126366 
-0.4407090544700623 0.8972548246383667 0.02663296647369862 0.02023192681372166 
0.2024092376232147 0.1282363533973694 -0.9708684682846069 0.3026357591152191 
0 0 0 1 

-0.8567527532577515 -0.3352014124393463 -0.3919375538825989 0.1715727299451828 
-0.3910222947597504 0.9177249073982239 0.06987521797418594 0.003821644000709057 
0.3362685739994049 0.2131220996379852 -0.9173346161842346 0.2805525362491608 
0 0 0 1 

-0.7810420393943787 -0.3257614374160767 -0.5327786207199097 0.2159797698259354 
-0.4067729115486145 0.912728488445282 0.03824278339743614 0.01684125885367393 
0.4738241732120514 0.2465890944004059 -0.845390260219574 0.2516956627368927 
0 0 0 1 

-0.6994485259056091 -0.3158947229385376 -0.6410789489746094 0.2488208711147308 
-0.4587583839893341 0.8862665295600891 0.0638158842921257 0.01033188588917255 
0.5480076670646667 0.3387362658977509 -0.7648170590400696 0.2235612869262695 
0 0 0 1 

-0.6365160346031189 -0.2892993092536926 -0.7149496674537659 0.2710412740707397 
-0.5177799463272095 0.8473210334777832 0.1181143969297409 -0.007016867864876986 
0.5716214776039124 0.4453683495521545 -0.6891266703605652 0.1986646950244904 
0 0 0 1 

-0.6369291543960571 -0.2981205880641937 -0.7109463810920715 0.2702678442001343 
-0.5359615087509155 0.8341113328933716 0.1303948760032654 -0.0104893958196044 
0.5541353821754456 0.4640925526618958 -0.6910510659217834 0.199315994977951 
0 0 0 1 

