-0.2542073130607605 0.4181761741638184 0.8720706105232239 -0.2660400867462158 
-0.9643939733505249 -0.04158163070678711 -0.2611801624298096 0.1317040920257568 
-0.07295707613229752 -0.9074136018753052 0.4138570427894592 -0.1120389997959137 
0 0 0 1 

-0.3365305662155151 0.3092514276504517 0.8894438743591309 -0.2613271176815033 
-0.9414784908294678 -0.1296628266572952 -0.3111359477043152 0.1472986042499542 
0.01910859160125256 -0.9420992136001587 0.3347892165184021 -0.09106941521167755 
0 0 0 1 

-0.3637000024318695 0.3427029848098755 0.8661853075027466 -0.246211051940918 
-0.9265550374984741 -0.2289324998855591 -0.298472136259079 0.1405670642852783 
0.09601069241762161 -0.911122739315033 0.4007959365844727 -0.1195639818906784 
0 0 0 1 

-0.3824965059757233 0.1167930886149406 0.9165454506874084 -0.252724677324295 
-0.915455162525177 -0.1821625381708145 -0.3588291704654694 0.1548399478197098 
0.1250517070293427 -0.9763072729110718 0.1765956431627274 -0.06072863936424255 
0 0 0 1 

-0.3986281752586365 -0.05632996186614037 0.9153808951377869 -0.2517193555831909 
-0.9137362241744995 -0.06117139011621475 -0.4016763865947723 0.1670336872339249 
0.07862168550491333 -0.9965363740921021 -0.02708587795495987 0.003388488199561834 
0 0 0 1 

-0.3858433663845062 -0.1435357630252838 0.9113298058509827 -0.2512592077255249 
-0.9209547638893127 0.001605065073817968 -0.389665812253952 0.1645525991916656 
0.05446828156709671 -0.9896436929702759 -0.1328091472387314 0.03505731746554375 
0 0 0 1 

-0.3932172954082489 -0.2985570728778839 0.8696225881576538 -0.2395284920930862 
-0.9171904921531677 0.06117114424705505 -0.3937250673770905 0.1666839271783829 
0.06435371190309525 -0.9524292945861816 -0.297886997461319 0.08468056470155716 
0 0 0 1 

-0.4197958111763 -0.3850236833095551 0.8219050168991089 -0.2252545803785324 
-0.9071748852729797 0.1496917605400085 -0.3932249248027802 0.1673984825611115 
0.02836863696575165 -0.9106859564781189 -0.4121236503124237 0.1185959726572037 
0 0 0 1 

-0.4649950265884399 -0.4478446841239929 0.7636846899986267 -0.2057017385959625 
-0.8853095769882202 0.2376252263784409 -0.3997010886669159 0.1658452898263931 
-0.002466611098498106 -0.8619566559791565 -0.5069757103919983 0.1493356823921204 
0 0 0 1 

-0.4813864529132843 -0.48284512758255 0.7315239906311035 -0.196065679192543 
-0.8765076994895935 0.2661382555961609 -0.4011290371417999 0.1658940464258194 
-0.001003281329758465 -0.8342846632003784 -0.5513327121734619 0.1631984710693359 
0 0 0 1 

