-0.3979666829109192 -0.071661576628685 0.9145967960357666 -0.2517158687114716 
-0.9137332439422607 -0.05808322131633759 -0.4021417796611786 0.167419821023941 
0.08194080740213394 -0.9957364201545715 -0.04236443713307381 0.007430664729326963 
0 0 0 1 

-0.3878980278968811 -0.1509509235620499 0.9092572927474976 -0.2503401041030884 
-0.9199758172035217 0.003057861933484674 -0.3919630646705627 0.1651984602212906 
0.05638684704899788 -0.9885364770889282 -0.1400572657585144 0.03732717782258987 
0 0 0 1 

-0.3942102789878845 -0.2998952269554138 0.868712306022644 -0.239101380109787 
-0.9166118502616882 0.05991384014487267 -0.3952631056308746 0.16755111515522 
0.06648966670036316 -0.9520887732505798 -0.2985061407089233 0.08475016802549362 
0 0 0 1 

-0.4246864914894104 -0.4004590213298798 0.8119568228721619 -0.2221832424402237 
-0.9046154618263245 0.1518181711435318 -0.3982737362384796 0.1689358949661255 
0.03622253984212875 -0.903650164604187 -0.42673659324646 0.1226085275411606 
0 0 0 1 

-0.4709289371967316 -0.4707895815372467 0.7460449934005737 -0.2003046274185181 
-0.8821265697479248 0.242801159620285 -0.4036091566085815 0.1671574413776398 
0.008874353021383286 -0.8481773734092712 -0.5296379923820496 0.1555051207542419 
0 0 0 1 

-0.4949832856655121 -0.5391042232513428 0.6814380884170532 -0.1817943155765533 
-0.868902325630188 0.3069761991500854 -0.388296514749527 0.1623515486717224 
0.0001470512361265719 -0.7843035459518433 -0.6203770637512207 0.1858528107404709 
0 0 0 1 

-0.4669122397899628 -0.5970443487167358 0.652327299118042 -0.1773544549942017 
-0.8822658061981201 0.3645633161067963 -0.2978264987468719 0.1358485817909241 
-0.05999890714883804 -0.7145849466323853 -0.6969708204269409 0.2140771448612213 
0 0 0 1 

-0.5005684494972229 -0.6431955695152283 0.5794225931167603 -0.155560240149498 
-0.8652024865150452 0.3943170011043549 -0.3097397983074188 0.1379340142011642 
-0.02925285696983337 -0.6563639044761658 -0.7538769245147705 0.2308179587125778 
0 0 0 1 

-0.6019578576087952 -0.6583623290061951 0.4518915712833405 -0.1119024902582169 
-0.7978074550628662 0.4718134105205536 -0.3753603994846344 0.1525028645992279 
0.03391455486416817 -0.5864735841751099 -0.8092581629753113 0.2452606558799744 
0 0 0 1 

-0.6683996915817261 -0.6551758646965027 0.3521165251731873 -0.07749799638986588 
-0.7417083382606506 0.5516059994697571 -0.381574958562851 0.1531487703323364 
0.0557691678404808 -0.5162124633789062 -0.8546425700187683 0.2606672346591949 
0 0 0 1 

