1 0 0 -0.01792658120393753 
0 1 0 0.02243540808558464 
0 0 1 -0.3816788792610168 
0 0 0 1 

0.987208366394043 0.04724670946598053 -0.1522735804319382 0.04592664167284966 
-0.0505809411406517 0.9985560178756714 -0.01809521578252316 0.02605175413191319 
0.1511987596750259 0.02556593157351017 0.9881726503372192 -0.3779964447021484 
0 0 0 1 

0.9986337423324585 0.04091881215572357 -0.03249775618314743 -0.001628227182663977 
-0.0407378152012825 0.9991505146026611 0.006212320178747177 0.01788690127432346 
0.03272436559200287 -0.004879863001406193 0.9994524717330933 -0.3691555559635162 
0 0 0 1 

0.989228367805481 0.05128834024071693 -0.1371009349822998 0.04153493791818619 
-0.04678751900792122 0.9982612133026123 0.03585395216941833 0.00991122517734766 
0.1387014389038086 -0.02905312366783619 0.98990797996521 -0.3661004602909088 
0 0 0 1 

0.6916907429695129 0.7133712768554688 -0.1125386506319046 0.004347115755081177 
-0.7116655111312866 0.6467701196670532 -0.2742631137371063 0.097017802298069 
-0.1228649020195007 0.269795149564743 0.9550470113754272 -0.2578485608100891 
0 0 0 1 

0.7284945249557495 0.683830738067627 -0.0408782847225666 -0.02188306488096714 
-0.6760523319244385 0.7080033421516418 -0.2041671276092529 0.07609584182500839 
-0.1106738224625587 0.1763705015182495 0.9780821800231934 -0.2692899405956268 
0 0 0 1 

0.7607859373092651 0.6490022540092468 -0.0007894790614955127 -0.03765521943569183 
-0.641996443271637 0.7523941397666931 -0.147456482052803 0.05796434730291367 
-0.09510563313961029 0.1126896515488625 0.9890682101249695 -0.2758344411849976 
0 0 0 1 

0.7884423136711121 0.6120868921279907 0.06089487299323082 -0.06106692925095558 
-0.6091428995132446 0.7907143831253052 -0.06095558032393456 0.02922707051038742 
-0.08546057343482971 0.01096626091748476 0.9962812066078186 -0.2813012897968292 
0 0 0 1 

0.9796093702316284 0.1881642490625381 -0.07042454183101654 -0.003129309974610806 
-0.1922779828310013 0.9796820878982544 -0.05702802911400795 0.003034724621102214 
0.05826301127672195 0.06940629333257675 0.9958856105804443 -0.2355583161115646 
0 0 0 1 

0.9857531785964966 0.1674220860004425 -0.01613801345229149 -0.03441479802131653 
-0.1679935455322266 0.9847421646118164 -0.04539556428790092 -0.04063120856881142 
0.008291640318930149 0.04745993390679359 0.9988387227058411 -0.3338398039340973 
0 0 0 1 

