1 0 0 -0.04542167112231255 
0 1 0 0.0009935460984706879 
0 0 1 -0.2875000238418579 
0 0 0 1 

0.9965165853500366 0.08216608315706253 0.01426113210618496 -0.04823547974228859 
-0.08189188688993454 0.9964629411697388 -0.0188504159450531 0.01042323932051659 
-0.01575956307351589 0.0176168717443943 0.999720573425293 -0.2933361530303955 
0 0 0 1 

0.9857186079025269 0.165072113275528 0.03331436961889267 -0.05222823098301888 
-0.1633518040180206 0.9853472113609314 -0.04906027391552925 0.02471177652478218 
-0.04092475026845932 0.04291762784123421 0.998240053653717 -0.2926238477230072 
0 0 0 1 

0.186693087220192 0.9721643328666687 -0.141570121049881 0.04877100139856339 
-0.9549259543418884 0.2134268134832382 0.2063135504722595 -0.03840601444244385 
0.23078553378582 0.0966717004776001 0.9681903719902039 -0.2966475486755371 
0 0 0 1 

0.2707417011260986 0.9517143964767456 -0.1447011381387711 0.04717541113495827 
-0.9381610155105591 0.2945462465286255 0.1819237321615219 -0.02857644483447075 
0.2157606184482574 0.08649866282939911 0.9726074934005737 -0.2956409156322479 
0 0 0 1 

0.8802421092987061 0.4742985665798187 -0.01464822981506586 -0.0272485725581646 
-0.4744243323802948 0.8790015578269958 -0.04772574827075005 0.03915989771485329 
-0.009760444052517414 0.04895969107747078 0.9987530708312988 -0.265800952911377 
0 0 0 1 

0.8880192041397095 0.459402471780777 -0.01926438696682453 -0.02445692382752895 
-0.45813849568367 0.8875865936279297 0.04794831946492195 0.01091805100440979 
0.03912639990448952 -0.03375326469540596 0.9986640214920044 -0.2686988413333893 
0 0 0 1 

0.8937420248985291 0.4483928382396698 -0.01299608498811722 -0.0257654283195734 
-0.4414989650249481 0.8843902349472046 0.1514344811439514 -0.02075123600661755 
0.07939580827951431 -0.1296055912971497 0.9883818626403809 -0.2677774429321289 
0 0 0 1 

0.8962070345878601 0.4433795213699341 -0.01508319284766912 -0.02473821304738522 
-0.4251325130462646 0.8680475354194641 0.2564286887645721 -0.05392467230558395 
0.1267881989479065 -0.223400816321373 0.9664454460144043 -0.2631975114345551 
0 0 0 1 

0.8988030552864075 0.4374529421329498 -0.0280685368925333 -0.02142011746764183 
-0.3980189859867096 0.8412570953369141 0.3658785223960876 -0.0883958637714386 
0.1836676448583603 -0.3176808953285217 0.930239200592041 -0.2545108199119568 
0 0 0 1 

