0.3937742114067078 0.1460236012935638 -0.9075344800949097 0.3604974448680878 
-0.127516895532608 0.9864329695701599 0.103389598429203 0.002500592730939388 
0.9103192687034607 0.07501383870840073 0.4070523381233215 -0.1073753163218498 
0 0 0 1 

0.3902689516544342 0.1492579281330109 -0.9085219502449036 0.3617900907993317 
-0.1574523746967316 0.9830553531646729 0.09386677294969559 0.008879008702933788 
0.9071376919746399 0.1064156666398048 0.4071569740772247 -0.09838369488716125 
0 0 0 1 

0.3952267467975616 0.1592537015676498 -0.9046734571456909 0.362777441740036 
-0.1574695855379105 0.9820241928100586 0.1040760055184364 0.00872440543025732 
0.9049857258796692 0.1013249382376671 0.413199782371521 -0.09540122747421265 
0 0 0 1 

0.4014915823936462 0.1759428977966309 -0.8988039493560791 0.3643538951873779 
-0.1849592328071594 0.9767298698425293 0.1085766404867172 0.01006443798542023 
0.8969919085502625 0.1226494908332825 0.4246910214424133 -0.0940740555524826 
0 0 0 1 

0.4047483801841736 0.1843010038137436 -0.8956627249717712 0.3667661249637604 
-0.198131188750267 0.9738858342170715 0.1108618900179863 0.01190719660371542 
0.8927052617073059 0.1325875669717789 0.4306945204734802 -0.09109319746494293 
0 0 0 1 

0.4004051089286804 0.2004967778921127 -0.8941346406936646 0.3706479668617249 
-0.2262172847986221 0.9671958088874817 0.1155766397714615 0.01153194438666105 
0.8879760503768921 0.1559912413358688 0.4326259791851044 -0.08401305228471756 
0 0 0 1 

0.4142673313617706 0.2075066715478897 -0.8861847519874573 0.3731265068054199 
-0.2389234453439713 0.964310348033905 0.1141101494431496 0.01457053329795599 
0.8782356977462769 0.1644582599401474 0.4490604996681213 -0.08258946985006332 
0 0 0 1 

0.4475038349628448 0.2139169573783875 -0.8683199882507324 0.3723843991756439 
-0.2625763714313507 0.9596020579338074 0.1010816544294357 0.02052901871502399 
0.8548647165298462 0.1827659457921982 0.4855951964855194 -0.0890745222568512 
0 0 0 1 

0.5097566246986389 0.2432894706726074 -0.8252019286155701 0.373132199048996 
-0.2879631519317627 0.9521058201789856 0.1028187200427055 0.0178491584956646 
0.8106942772865295 0.1852152943611145 0.5554006695747375 -0.103298120200634 
0 0 0 1 

0.4329811632633209 0.2390968203544617 -0.8691143989562988 0.3900009393692017 
-0.2730448246002197 0.9536702632904053 0.1263311952352524 0.009431898593902588 
0.859053909778595 0.1826082170009613 0.4782054126262665 -0.06267771124839783 
0 0 0 1 

