1 0 0 -0.04542167112231255 
0 1 0 0.0009935460984706879 
0 0 1 -0.2875000238418579 
0 0 0 1 

0.1130743473768234 0.9809611439704895 -0.1578904688358307 0.05468000471591949 
-0.9709394574165344 0.1428278833627701 0.1920336037874222 -0.03439662605524063 
0.210928663611412 0.1315879970788956 0.9686040282249451 -0.2987062931060791 
0 0 0 1 

0.1897232234477997 0.9717032909393311 -0.1407042443752289 0.04838461056351662 
-0.9541128277778625 0.2162779122591019 0.2071049958467484 -0.03869940340518951 
0.2316758334636688 0.09495510160923004 0.9681475758552551 -0.2966983020305634 
0 0 0 1 

0.2710453867912292 0.9511823654174805 -0.1476020365953445 0.04807776212692261 
-0.938255250453949 0.2953205704689026 0.1801735013723373 -0.02803774178028107 
0.2149677723646164 0.08965324610471725 0.9724973440170288 -0.2954761385917664 
0 0 0 1 

0.8879141807556152 0.4597822725772858 -0.01443972531706095 -0.02573276869952679 
-0.4587206244468689 0.8873388171195984 0.04695905745029449 0.01129600312560797 
0.03440387919545174 -0.03507180511951447 0.9987924695014954 -0.2685001194477081 
0 0 0 1 

0.8936035633087158 0.4486874938011169 -0.0123302610591054 -0.02588687650859356 
-0.4418924748897552 0.8842267990112305 0.1512411832809448 -0.02101456932723522 
0.07876280695199966 -0.1297010034322739 0.9884200096130371 -0.2676946222782135 
0 0 0 1 

0.8954669237136841 0.4448825418949127 -0.01477678678929806 -0.02479633502662182 
-0.4266146719455719 0.8672249913215637 0.2567500472068787 -0.05391889810562134 
0.127038449048996 -0.2236071974039078 0.966364860534668 -0.2631601095199585 
0 0 0 1 

0.900188684463501 0.4351560175418854 -0.01730308867990971 -0.02391857653856277 
-0.3987513482570648 0.8395518660545349 0.3689846992492676 -0.09132880717515945 
0.175092875957489 -0.3252561986446381 0.9292743802070618 -0.2535660266876221 
0 0 0 1 

0.9045829176902771 0.4259647727012634 -0.01684455014765263 -0.02530236355960369 
-0.3725837767124176 0.8091879487037659 0.4543082416057587 -0.1193725243210793 
0.2071498185396194 -0.4046834707260132 0.8906852006912231 -0.2443021088838577 
0 0 0 1 

0.9071553349494934 0.4205608069896698 -0.01407606527209282 -0.02699299156665802 
-0.3613458275794983 0.7956976890563965 0.486101359128952 -0.1288026422262192 
0.2156354933977127 -0.4358830749988556 0.8737891316413879 -0.2403323501348495 
0 0 0 1 

