1.000000000000000000e+00 0.000000000000000000e+00 0.000000000000000000e+00 -4.146692231928954531e-01
0.000000000000000000e+00 -1.000000000000000000e+00 0.000000000000000000e+00 -7.693198940031911737e-02
0.000000000000000000e+00 0.000000000000000000e+00 -1.000000000000000000e+00 -3.421550398492883005e+00
0.000000000000000000e+00 0.000000000000000000e+00 0.000000000000000000e+00 1.000000000000000000e+00
9.904018044471740723e-01 -1.374283581972122192e-01 -1.474686805158853531e-02 -5.034892413418138313e-01
-1.364077925682067871e-01 -9.890643358230590820e-01 5.607943981885910034e-02 2.634271036491070417e-01
-2.229250781238079071e-02 -5.352960154414176941e-02 -9.983175992965698242e-01 -3.431151668260709275e+00
0.000000000000000000e+00 0.000000000000000000e+00 0.000000000000000000e+00 1.000000000000000000e+00
9.711470603942871094e-01 -2.360403388738632202e-01 -3.403160721063613892e-02 -5.706476311878049268e-01
-2.318962514400482178e-01 -9.679697751998901367e-01 9.622050821781158447e-02 5.350047444966675725e-01
-5.565354228019714355e-02 -8.555243909358978271e-02 -9.947779774665832520e-01 -3.411148735661191811e+00
0.000000000000000000e+00 0.000000000000000000e+00 0.000000000000000000e+00 1.000000000000000000e+00
9.411793351173400879e-01 -3.364542126655578613e-01 -3.130721300840377808e-02 -5.536989547431143688e-01
-3.290459513664245605e-01 -9.336336851119995117e-01 1.416218131780624390e-01 7.988977760339761591e-01
-7.687877863645553589e-02 -1.229899823665618896e-01 -9.894256591796875000e-01 -3.375729446735966643e+00
0.000000000000000000e+00 0.000000000000000000e+00 0.000000000000000000e+00 1.000000000000000000e+00
8.955908417701721191e-01 -4.447678029537200928e-01 -9.913838468492031097e-03 -4.124947703310842262e-01
-4.372759461402893066e-01 -8.841699957847595215e-01 1.644175052642822266e-01 9.569592914290585561e-01
-8.189317584037780762e-02 -1.429157555103302002e-01 -9.863410592079162598e-01 -3.363134114025534860e+00
0.000000000000000000e+00 0.000000000000000000e+00 0.000000000000000000e+00 1.000000000000000000e+00
8.321700096130371094e-01 -5.545078516006469727e-01 3.709170967340469360e-03 -2.964016041296166915e-01
-5.450056195259094238e-01 -8.166391849517822266e-01 1.899175345897674561e-01 1.121647058316363355e+00
-1.022817641496658325e-01 -1.600651741027832031e-01 -9.817929863929748535e-01 -3.343337656639305600e+00
0.000000000000000000e+00 0.000000000000000000e+00 0.000000000000000000e+00 1.000000000000000000e+00
7.525995969772338867e-01 -6.577324271202087402e-01 3.132637962698936462e-02 -1.158018132966410069e-01
-6.528029441833496094e-01 -7.390360832214355469e-01 1.663545370101928711e-01 1.084440586816688201e+00
-8.626555651426315308e-02 -1.456483453512191772e-01 -9.855684041976928711e-01 -3.384917421377361624e+00
0.000000000000000000e+00 0.000000000000000000e+00 0.000000000000000000e+00 1.000000000000000000e+00
6.939594149589538574e-01 -7.168954014778137207e-01 6.694152951240539551e-02 5.316414198460996110e-02
-7.191470265388488770e-01 -6.855602860450744629e-01 1.132899150252342224e-01 8.849465796967008746e-01
-3.532459586858749390e-02 -1.267594397068023682e-01 -9.913042783737182617e-01 -3.465232487648041371e+00
0.000000000000000000e+00 0.000000000000000000e+00 0.000000000000000000e+00 1.000000000000000000e+00
5.854151248931884766e-01 -8.100689053535461426e-01 3.281535953283309937e-02 -2.739974641516750020e-02
-8.097484707832336426e-01 -5.822302699089050293e-01 7.290257513523101807e-02 7.382786871417235108e-01
-3.995004296302795410e-02 -6.925047188997268677e-02 -9.967991113662719727e-01 -3.548213462599139056e+00
0.000000000000000000e+00 0.000000000000000000e+00 0.000000000000000000e+00 1.000000000000000000e+00
5.013872981071472168e-01 -8.643741607666015625e-01 3.831629455089569092e-02 4.808042773051707935e-02
-8.648036122322082520e-01 -4.992738366127014160e-01 5.329336598515510559e-02 6.732123668921415893e-01
-2.693508006632328033e-02 -5.985668674111366272e-02 -9.978436231613159180e-01 -3.595732750542817602e+00
0.000000000000000000e+00 0.000000000000000000e+00 0.000000000000000000e+00 1.000000000000000000e+00
4.043403267860412598e-01 -9.135068058967590332e-01 4.488097503781318665e-02 1.283495035001985529e-01
-9.144366383552551270e-01 -4.047288000583648682e-01 4.687723412644118071e-04 4.529568289662196934e-01
1.773639023303985596e-02 -4.123033955693244934e-02 -9.989921450614929199e-01 -3.646902065253621483e+00
0.000000000000000000e+00 0.000000000000000000e+00 0.000000000000000000e+00 1.000000000000000000e+00
2.942756116390228271e-01 -9.543878436088562012e-01 5.045782774686813354e-02 2.073009694591642915e-01
-9.545860886573791504e-01 -2.960879504680633545e-01 -3.312353417277336121e-02 3.103131779587115502e-01
4.655263200402259827e-02 -3.841888904571533203e-02 -9.981765151023864746e-01 -3.675276378537472244e+00
0.000000000000000000e+00 0.000000000000000000e+00 0.000000000000000000e+00 1.000000000000000000e+00
1.819178760051727295e-01 -9.808510541915893555e-01 6.954681873321533203e-02 3.356340612765713605e-01
-9.809654951095581055e-01 -1.859138906002044678e-01 -5.605811625719070435e-02 2.042743033098181338e-01
6.791438907384872437e-02 -5.802505835890769958e-02 -9.960023760795593262e-01 -3.680184215076364840e+00
0.000000000000000000e+00 0.000000000000000000e+00 0.000000000000000000e+00 1.000000000000000000e+00
9.889741241931915283e-02 -9.917331337928771973e-01 8.175661414861679077e-02 4.209771135294351763e-01
-9.904243350028991699e-01 -1.060532778501510620e-01 -8.838645368814468384e-02 6.284465287685027379e-02
9.632636606693267822e-02 -7.223253697156906128e-02 -9.927254319190979004e-01 -3.672026548302279370e+00
0.000000000000000000e+00 0.000000000000000000e+00 0.000000000000000000e+00 1.000000000000000000e+00
1.702570356428623199e-02 -9.958527088165283203e-01 8.937072753906250000e-02 5.048722755841087428e-01
-9.971874356269836426e-01 -2.343735098838806152e-02 -7.119042426347732544e-02 1.513056122671848913e-01
7.298979908227920532e-02 -8.790733665227890015e-02 -9.934509992599487305e-01 -3.603591562542410642e+00
0.000000000000000000e+00 0.000000000000000000e+00 0.000000000000000000e+00 1.000000000000000000e+00
-8.888360112905502319e-02 -8.977515101432800293e-01 4.314413368701934814e-01 1.881828715676466146e+00
-9.902943372726440430e-01 3.318389132618904114e-02 -1.349665224552154541e-01 -9.321126680503845352e-02
1.068494468927383423e-01 -4.392503201961517334e-01 -8.919877409934997559e-01 -3.152755864276521880e+00
0.000000000000000000e+00 0.000000000000000000e+00 0.000000000000000000e+00 1.000000000000000000e+00
-1.636590361595153809e-01 -8.763659596443176270e-01 4.529879391193389893e-01 1.984637860400475295e+00
-9.769084453582763672e-01 8.003895729780197144e-02 -1.980989575386047363e-01 -3.518597250534652443e-01
1.373504847288131714e-01 -4.749486446380615234e-01 -8.692289590835571289e-01 -3.079110395504860875e+00
0.000000000000000000e+00 0.000000000000000000e+00 0.000000000000000000e+00 1.000000000000000000e+00
-1.345949172973632812e-01 -8.141627311706542969e-01 5.648213624954223633e-01 2.322451991331190069e+00
-9.908280372619628906e-01 1.174973919987678528e-01 -6.674394756555557251e-02 1.408060762203468541e-01
-1.202462613582611084e-02 -5.686241388320922852e-01 -8.225093483924865723e-01 -2.821883988430319512e+00
0.000000000000000000e+00 0.000000000000000000e+00 0.000000000000000000e+00 1.000000000000000000e+00
-8.402685075998306274e-02 -7.386310100555419922e-01 6.688523292541503906e-01 2.583697254017962575e+00
-9.945665001869201660e-01 2.076783776283264160e-02 -1.020113527774810791e-01 4.764322768275461306e-02
6.145811825990676880e-02 -6.737898588180541992e-01 -7.363629341125488281e-01 -2.620325056827522925e+00
0.000000000000000000e+00 0.000000000000000000e+00 0.000000000000000000e+00 1.000000000000000000e+00
-5.198135972023010254e-02 -5.620861053466796875e-01 8.254437446594238281e-01 3.111008751566879393e+00
-9.853880405426025391e-01 -1.053802147507667542e-01 -1.338122785091400146e-01 -6.662727744236539296e-02
1.621994674205780029e-01 -8.203381299972534180e-01 -5.483950376510620117e-01 -1.937621485737458071e+00
0.000000000000000000e+00 0.000000000000000000e+00 0.000000000000000000e+00 1.000000000000000000e+00
-1.254655867815017700e-01 -4.168467223644256592e-01 9.002760648727416992e-01 3.368442667954274494e+00
-9.850798845291137695e-01 -5.540186911821365356e-02 -1.629364788532257080e-01 -2.206572439223442317e-01
1.177964210510253906e-01 -9.072868227958679199e-01 -4.036764502525329590e-01 -1.356243385019489711e+00
0.000000000000000000e+00 0.000000000000000000e+00 0.000000000000000000e+00 1.000000000000000000e+00
-1.905589103698730469e-01 -3.174639642238616943e-01 9.289260506629943848e-01 3.486010481680195117e+00
-9.752002358436584473e-01 -4.728926718235015869e-02 -2.162128686904907227e-01 -4.204874195761533762e-01
1.125679910182952881e-01 -9.470900893211364746e-01 -3.005795478820800781e-01 -9.794380990885998006e-01
0.000000000000000000e+00 0.000000000000000000e+00 0.000000000000000000e+00 1.000000000000000000e+00
-2.714409232139587402e-01 -1.950430124998092651e-01 9.424849152565002441e-01 3.574218485236136722e+00
-9.597914218902587891e-01 -1.794505119323730469e-02 -2.801390588283538818e-01 -6.645449780123678929e-01
7.155207544565200806e-02 -9.806306362152099609e-01 -1.823298037052154541e-01 -5.205118643454332839e-01
0.000000000000000000e+00 0.000000000000000000e+00 0.000000000000000000e+00 1.000000000000000000e+00
-1.725514680147171021e-01 8.392044305801391602e-01 5.157151222229003906e-01 1.937139943847821622e+00
-9.526298642158508301e-01 -9.058593772351741791e-03 -3.039968609809875488e-01 -7.257978406759593160e-01
-2.504437565803527832e-01 -5.437408685684204102e-01 8.010140657424926758e-01 3.252814988923586004e+00
0.000000000000000000e+00 0.000000000000000000e+00 0.000000000000000000e+00 1.000000000000000000e+00
-1.710495948791503906e-01 8.556559085845947266e-01 4.884627461433410645e-01 1.825939425847875164e+00
-9.714933633804321289e-01 -6.387862563133239746e-02 -2.282984256744384766e-01 -4.510879553313242307e-01
-1.641424149274826050e-01 -5.135887265205383301e-01 8.421899080276489258e-01 3.346940110194559725e+00
0.000000000000000000e+00 0.000000000000000000e+00 0.000000000000000000e+00 1.000000000000000000e+00
-8.744771778583526611e-02 8.548359870910644531e-01 5.114759802818298340e-01 1.824422057085113069e+00
-9.912355542182922363e-01 -2.363459952175617218e-02 -1.299730688333511353e-01 -6.248874626498823748e-02
-9.901722520589828491e-02 -5.183591842651367188e-01 8.494105339050292969e-01 3.326239505088038673e+00
0.000000000000000000e+00 0.000000000000000000e+00 0.000000000000000000e+00 1.000000000000000000e+00
2.582997642457485199e-02 8.584110736846923828e-01 5.123111605644226074e-01 1.717884121677056619e+00
-9.994581341743469238e-01 3.263239189982414246e-02 -4.287042189389467239e-03 4.317265063571602002e-01
-2.039806731045246124e-02 -5.119230151176452637e-01 8.587890267372131348e-01 3.295244783504660990e+00
0.000000000000000000e+00 0.000000000000000000e+00 0.000000000000000000e+00 1.000000000000000000e+00
5.179152265191078186e-02 8.619949817657470703e-01 5.042636394500732422e-01 1.657635068079402973e+00
-9.930617809295654297e-01 -8.925680071115493774e-03 1.172523349523544312e-01 8.842710541553963077e-01
1.055718511343002319e-01 -5.068377256393432617e-01 8.555524945259094238e-01 3.184472382724921502e+00
0.000000000000000000e+00 0.000000000000000000e+00 0.000000000000000000e+00 1.000000000000000000e+00
2.572290226817131042e-02 8.713276386260986328e-01 4.900270998477935791e-01 1.650508226222409558e+00
-9.795786738395690918e-01 -7.581005990505218506e-02 1.862204521894454956e-01 1.038822577099544064e+00
1.994081437587738037e-01 -4.848102033138275146e-01 8.515841364860534668e-01 3.131251414475735295e+00
0.000000000000000000e+00 0.000000000000000000e+00 0.000000000000000000e+00 1.000000000000000000e+00
-4.306208342313766479e-02 8.702778816223144531e-01 4.906739592552185059e-01 1.739442512373339689e+00
-9.930959343910217285e-01 -9.092710167169570923e-02 7.411614060401916504e-02 6.261944448879080971e-01
1.091171950101852417e-01 -4.840950369834899902e-01 8.681852817535400391e-01 3.368128120896388467e+00
0.000000000000000000e+00 0.000000000000000000e+00 0.000000000000000000e+00 1.000000000000000000e+00
-5.263882502913475037e-02 8.579496741294860840e-01 5.110304355621337891e-01 1.802866079287816614e+00
-9.939594864845275879e-01 4.337457008659839630e-03 -1.096656396985054016e-01 -4.968631365693580021e-02
-9.630424529314041138e-02 -5.137155652046203613e-01 8.525381684303283691e-01 3.523058986031226691e+00
0.000000000000000000e+00 0.000000000000000000e+00 0.000000000000000000e+00 1.000000000000000000e+00
1.216184049844741821e-01 8.398665189743041992e-01 5.289919972419738770e-01 1.713789776796527997e+00
-9.878906607627868652e-01 1.541471481323242188e-01 -1.761399395763874054e-02 2.875998057662273455e-01
-9.633611142635345459e-02 -5.204442143440246582e-01 8.484436869621276855e-01 3.536724956492030891e+00
0.000000000000000000e+00 0.000000000000000000e+00 0.000000000000000000e+00 1.000000000000000000e+00
2.215151339769363403e-01 7.897574901580810547e-01 5.720258355140686035e-01 1.709123402506230516e+00
-9.483506679534912109e-01 3.110623955726623535e-01 -6.221684068441390991e-02 1.094627015052655333e-01
-2.270718961954116821e-01 -5.286993980407714844e-01 8.178721666336059570e-01 3.486265034083309011e+00
0.000000000000000000e+00 0.000000000000000000e+00 0.000000000000000000e+00 1.000000000000000000e+00
3.316645622253417969e-01 7.268383502960205078e-01 6.014180183410644531e-01 1.638148495863033460e+00
-9.140579104423522949e-01 4.053342938423156738e-01 1.421292219310998917e-02 3.713819708996053959e-01
-2.334450036287307739e-01 -5.544449090957641602e-01 7.988075017929077148e-01 3.355914026225851110e+00
0.000000000000000000e+00 0.000000000000000000e+00 0.000000000000000000e+00 1.000000000000000000e+00
3.552988171577453613e-01 7.224696874618530273e-01 5.931274890899658203e-01 1.578163137654637671e+00
-9.236541390419006348e-01 3.688396811485290527e-01 1.040209457278251648e-01 7.172857765579598865e-01
-1.436169743537902832e-01 -5.848034024238586426e-01 7.983602881431579590e-01 3.254036260510697609e+00
0.000000000000000000e+00 0.000000000000000000e+00 0.000000000000000000e+00 1.000000000000000000e+00
3.708152770996093750e-01 7.139205932617187500e-01 5.939803123474121094e-01 1.571613323355314451e+00
-9.262205958366394043e-01 3.310615718364715576e-01 1.803168654441833496e-01 9.943511252758885366e-01
-6.791219860315322876e-02 -6.170209646224975586e-01 7.840105891227722168e-01 3.125232955003262703e+00
0.000000000000000000e+00 0.000000000000000000e+00 0.000000000000000000e+00 1.000000000000000000e+00
5.328254103660583496e-01 6.066721081733703613e-01 5.899547934532165527e-01 1.496972189051795965e+00
-8.434215784072875977e-01 4.374277591705322266e-01 3.119243681430816650e-01 1.408208974221089482e+00
-6.882660090923309326e-02 -6.637815237045288086e-01 7.447527647018432617e-01 2.971665722495749673e+00
0.000000000000000000e+00 0.000000000000000000e+00 0.000000000000000000e+00 1.000000000000000000e+00
6.787265539169311523e-01 4.129748940467834473e-01 6.072742938995361328e-01 1.511373059603969393e+00
-7.139425277709960938e-01 5.648194551467895508e-01 4.138417840003967285e-01 1.751425241283109502e+00
-1.720940619707107544e-01 -7.144443392753601074e-01 6.781982779502868652e-01 2.904017686505391715e+00
0.000000000000000000e+00 0.000000000000000000e+00 0.000000000000000000e+00 1.000000000000000000e+00
7.008830308914184570e-01 3.328037858009338379e-01 6.308760643005371094e-01 1.554744057139774593e+00
-6.540297865867614746e-01 6.527911424636840820e-01 3.822414577007293701e-01 1.616015246000236827e+00
-2.846189439296722412e-01 -6.805183291435241699e-01 6.751936674118041992e-01 3.018890292063198810e+00
0.000000000000000000e+00 0.000000000000000000e+00 0.000000000000000000e+00 1.000000000000000000e+00
7.466717362403869629e-01 2.476426362991333008e-01 6.173771023750305176e-01 1.560989673816849388e+00
-5.774980783462524414e-01 7.019292116165161133e-01 4.168826937675476074e-01 1.660483250825339985e+00
-3.301171064376831055e-01 -6.678085923194885254e-01 6.671237945556640625e-01 2.984832567566167771e+00
0.000000000000000000e+00 0.000000000000000000e+00 0.000000000000000000e+00 1.000000000000000000e+00
7.371268868446350098e-01 2.417383044958114624e-01 6.310360431671142578e-01 1.691114903269125946e+00
-5.492152571678161621e-01 7.583813667297363281e-01 3.510284125804901123e-01 1.331011287266227194e+00
-3.937085866928100586e-01 -6.053271293640136719e-01 6.917895078659057617e-01 3.118914951356587473e+00
0.000000000000000000e+00 0.000000000000000000e+00 0.000000000000000000e+00 1.000000000000000000e+00
7.256056070327758789e-01 3.354763686656951904e-01 6.007931828498840332e-01 1.678744314864309750e+00
-5.924826860427856445e-01 7.486184835433959961e-01 2.975482940673828125e-01 1.094106056932552695e+00
-3.499443829059600830e-01 -5.718617439270019531e-01 7.419657111167907715e-01 3.272518032649045505e+00
0.000000000000000000e+00 0.000000000000000000e+00 0.000000000000000000e+00 1.000000000000000000e+00
8.118864297866821289e-01 1.798731386661529541e-01 5.554152131080627441e-01 1.552086248905954591e+00
-5.293742418289184570e-01 6.279731988906860352e-01 5.704492926597595215e-01 2.088048951263756781e+00
-2.461773902177810669e-01 -7.571625113487243652e-01 6.050631403923034668e-01 2.824352896511620692e+00
0.000000000000000000e+00 0.000000000000000000e+00 0.000000000000000000e+00 1.000000000000000000e+00
8.496245741844177246e-01 1.110592782497406006e-01 5.155616998672485352e-01 1.389676086312140901e+00
-4.799506962299346924e-01 5.680223107337951660e-01 6.685789823532104492e-01 2.461814932396040767e+00
-2.185986638069152832e-01 -8.154853582382202148e-01 5.359086394309997559e-01 2.547558912754728677e+00
0.000000000000000000e+00 0.000000000000000000e+00 0.000000000000000000e+00 1.000000000000000000e+00
8.789523839950561523e-01 4.625057056546211243e-02 4.746615588665008545e-01 1.224647755967859908e+00
-4.315264225006103516e-01 5.008757710456848145e-01 7.502722144126892090e-01 2.774928561100041602e+00
-2.030459493398666382e-01 -8.642825484275817871e-01 4.602043330669403076e-01 2.248519206790207559e+00
0.000000000000000000e+00 0.000000000000000000e+00 0.000000000000000000e+00 1.000000000000000000e+00
9.001539945602416992e-01 -7.379439473152160645e-02 4.292750656604766846e-01 1.057950130399620603e+00
-3.658225834369659424e-01 4.068614244461059570e-01 8.370407819747924805e-01 3.106145998551121057e+00
-2.364244461059570312e-01 -9.105042219161987305e-01 3.392422199249267578e-01 1.803365540938077549e+00
0.000000000000000000e+00 0.000000000000000000e+00 0.000000000000000000e+00 1.000000000000000000e+00
9.502704739570617676e-01 2.602776288986206055e-01 1.710015088319778442e-01 8.490774478466293906e-03
-2.468194365501403809e-01 2.945976257324218750e-01 9.231968522071838379e-01 3.365777721215520213e+00
1.899108588695526123e-01 -9.194932579994201660e-01 3.441890180110931396e-01 1.519830779162060219e+00
0.000000000000000000e+00 0.000000000000000000e+00 0.000000000000000000e+00 1.000000000000000000e+00
9.772388935089111328e-01 1.388249248266220093e-01 1.604111045598983765e-01 -2.192348904311552937e-02
-1.882906407117843628e-01 2.192656695842742920e-01 9.573239088058471680e-01 3.460950730046420176e+00
9.772776067256927490e-02 -9.657381176948547363e-01 2.404144257307052612e-01 1.168245113439874139e+00
0.000000000000000000e+00 0.000000000000000000e+00 0.000000000000000000e+00 1.000000000000000000e+00
9.797313809394836426e-01 1.559015363454818726e-01 1.257824897766113281e-01 -1.532077582937948212e-01
-1.435129195451736450e-01 1.082093566656112671e-01 9.837146997451782227e-01 3.530649385475594926e+00
1.397517919540405273e-01 -9.818275570869445801e-01 1.283899843692779541e-01 6.988625378504790264e-01
0.000000000000000000e+00 0.000000000000000000e+00 0.000000000000000000e+00 1.000000000000000000e+00
9.779805541038513184e-01 1.642604172229766846e-01 1.287350058555603027e-01 -1.557959802443385222e-01
-1.377159208059310913e-01 4.446378722786903381e-02 9.894732832908630371e-01 3.535506206435912180e+00
1.568072438240051270e-01 -9.854144454002380371e-01 6.610602140426635742e-02 4.365391832789649040e-01
0.000000000000000000e+00 0.000000000000000000e+00 0.000000000000000000e+00 1.000000000000000000e+00
9.951264262199401855e-01 1.715619862079620361e-02 9.710395336151123047e-02 -2.612306929938323363e-01
-9.637267887592315674e-02 -3.927015140652656555e-02 9.945703744888305664e-01 3.515485349443922214e+00
2.087633870542049408e-02 -9.990813732147216797e-01 -3.742536902427673340e-02 8.898207323837381555e-02
0.000000000000000000e+00 0.000000000000000000e+00 0.000000000000000000e+00 1.000000000000000000e+00
9.065175652503967285e-01 4.095746278762817383e-01 1.023450121283531189e-01 -2.186732948350959271e-01
-5.357778444886207581e-02 -1.288517713546752930e-01 9.902154803276062012e-01 3.445064203118166635e+00
4.187544882297515869e-01 -9.031311273574829102e-01 -9.486228227615356445e-02 -4.206019039288754202e-01
0.000000000000000000e+00 0.000000000000000000e+00 0.000000000000000000e+00 1.000000000000000000e+00
9.796428680419921875e-01 8.960790932178497314e-02 1.796390861272811890e-01 -1.429438314197619894e-02
-1.626592278480529785e-01 -1.701220721006393433e-01 9.719055891036987305e-01 3.474762163846135010e+00
1.176509931683540344e-01 -9.813402891159057617e-01 -1.520832926034927368e-01 -3.247995377935317118e-01
0.000000000000000000e+00 0.000000000000000000e+00 0.000000000000000000e+00 1.000000000000000000e+00
9.576707482337951660e-01 -1.805675774812698364e-01 2.241923809051513672e-01 2.001725979965633950e-01
-2.564247548580169678e-01 -1.811798214912414551e-01 9.494313597679138184e-01 3.504365332113913212e+00
-1.308174431324005127e-01 -9.667311310768127441e-01 -2.198126465082168579e-01 -3.682379887822589404e-01
0.000000000000000000e+00 0.000000000000000000e+00 0.000000000000000000e+00 1.000000000000000000e+00
5.149861574172973633e-01 -8.570652008056640625e-01 -1.511484012007713318e-02 -1.331452357068030334e-01
-3.768247365951538086e-01 -2.421905398368835449e-01 8.940619826316833496e-01 3.489422593389303717e+00
-7.699301242828369141e-01 -4.547339677810668945e-01 -4.476881027221679688e-01 -8.440418917999367165e-01
0.000000000000000000e+00 0.000000000000000000e+00 0.000000000000000000e+00 1.000000000000000000e+00
9.197860956192016602e-01 -2.359845042228698730e-01 3.135359287261962891e-01 5.832389690105319602e-01
-3.809114992618560791e-01 -3.448204100131988525e-01 8.579072356224060059e-01 3.414596527613449339e+00
-9.433932602405548096e-02 -9.085206985473632812e-01 -4.070502817630767822e-01 -1.023177839294546754e+00
0.000000000000000000e+00 0.000000000000000000e+00 0.000000000000000000e+00 1.000000000000000000e+00
8.848233222961425781e-01 -1.679326444864273071e-01 4.346105754375457764e-01 1.035520166119365593e+00
-4.630704224109649658e-01 -4.200862348079681396e-01 7.804442048072814941e-01 3.257298953272540487e+00
5.151176080107688904e-02 -8.918104171752929688e-01 -4.494666755199432373e-01 -1.311058318320525773e+00
0.000000000000000000e+00 0.000000000000000000e+00 0.000000000000000000e+00 1.000000000000000000e+00
8.736077547073364258e-01 -1.565536111593246460e-01 4.607608616352081299e-01 1.137110710680141024e+00
-4.710696041584014893e-01 -5.095877051353454590e-01 7.200092673301696777e-01 3.048112675622943524e+00
1.220779195427894592e-01 -8.460562825202941895e-01 -5.189275741577148438e-01 -1.650192994396661117e+00
0.000000000000000000e+00 0.000000000000000000e+00 0.000000000000000000e+00 1.000000000000000000e+00
8.606289029121398926e-01 -1.409956216812133789e-01 4.893240630626678467e-01 1.249780856512898941e+00
-4.716387093067169189e-01 -5.830487608909606934e-01 6.615219116210937500e-01 2.862787211352698424e+00
1.920280307531356812e-01 -8.001089096069335938e-01 -5.682874917984008789e-01 -1.858338278483436135e+00
0.000000000000000000e+00 0.000000000000000000e+00 0.000000000000000000e+00 1.000000000000000000e+00
8.446604013442993164e-01 -1.002425849437713623e-01 5.258328914642333984e-01 1.352815951992017096e+00
-4.421189129352569580e-01 -6.844483017921447754e-01 5.797078609466552734e-01 2.576962953138183909e+00
3.017939925193786621e-01 -7.221369743347167969e-01 -6.224454641342163086e-01 -2.128576932743321048e+00
0.000000000000000000e+00 0.000000000000000000e+00 0.000000000000000000e+00 1.000000000000000000e+00
8.251884579658508301e-01 -1.123287230730056763e-01 5.535756945610046387e-01 1.476225911214455566e+00
-4.439232945442199707e-01 -7.349652051925659180e-01 5.125991702079772949e-01 2.349591689925600413e+00
3.492791652679443359e-01 -6.687361598014831543e-01 -6.563503742218017578e-01 -2.301803604444605522e+00
0.000000000000000000e+00 0.000000000000000000e+00 0.000000000000000000e+00 1.000000000000000000e+00
7.949716448783874512e-01 -1.470831632614135742e-01 5.885459184646606445e-01 1.643462388831397503e+00
-4.493616223335266113e-01 -7.945283651351928711e-01 4.084096550941467285e-01 1.993835069780058866e+00
4.075461626052856445e-01 -5.891442894935607910e-01 -6.977213025093078613e-01 -2.520479641458858833e+00
0.000000000000000000e+00 0.000000000000000000e+00 0.000000000000000000e+00 1.000000000000000000e+00
7.688137292861938477e-01 -2.128800451755523682e-01 6.029987335205078125e-01 1.745267250527167802e+00
-4.602099657058715820e-01 -8.389039039611816406e-01 2.905972898006439209e-01 1.586760741636033201e+00
4.439955055713653564e-01 -5.009212493896484375e-01 -7.429303526878356934e-01 -2.742897223051802946e+00
0.000000000000000000e+00 0.000000000000000000e+00 0.000000000000000000e+00 1.000000000000000000e+00
7.410156726837158203e-01 -2.779430449008941650e-01 6.112636327743530273e-01 1.821885066150554344e+00
-4.599404036998748779e-01 -8.733299970626831055e-01 1.604658216238021851e-01 1.124731001746222647e+00
4.892345368862152100e-01 -4.000526666641235352e-01 -7.749885320663452148e-01 -2.923381205505289238e+00
0.000000000000000000e+00 0.000000000000000000e+00 0.000000000000000000e+00 1.000000000000000000e+00
7.259483337402343750e-01 -3.559254407882690430e-01 5.884861350059509277e-01 1.771143006910319118e+00
-4.377658665180206299e-01 -8.990809917449951172e-01 -3.756502643227577209e-03 5.310329835021584399e-01
5.304339528083801270e-01 -2.548921406269073486e-01 -8.084985017776489258e-01 -3.105492688325286021e+00
0.000000000000000000e+00 0.000000000000000000e+00 0.000000000000000000e+00 1.000000000000000000e+00
7.135949134826660156e-01 -3.964315056800842285e-01 5.776020884513854980e-01 1.722660627571102943e+00
-3.704806268215179443e-01 -9.133110642433166504e-01 -1.691345274448394775e-01 -1.380541677312930315e-01
5.945808291435241699e-01 -9.329695254564285278e-02 -7.986044883728027344e-01 -3.089694404559973684e+00
0.000000000000000000e+00 0.000000000000000000e+00 0.000000000000000000e+00 1.000000000000000000e+00
7.101454734802246094e-01 -4.146401286125183105e-01 5.690053105354309082e-01 1.677285889776793715e+00
-2.933075726032257080e-01 -9.089441299438476562e-01 -2.962952852249145508e-01 -6.670113054766027005e-01
6.400499939918518066e-01 4.351911321282386780e-02 -7.670997977256774902e-01 -3.001864881445084343e+00
0.000000000000000000e+00 0.000000000000000000e+00 0.000000000000000000e+00 1.000000000000000000e+00
7.015123963356018066e-01 -4.484999477863311768e-01 5.538303256034851074e-01 1.619565726667100858e+00
-2.379958480596542358e-01 -8.799549341201782227e-01 -4.111416041851043701e-01 -1.124750437005808124e+00
6.717424988746643066e-01 1.566116213798522949e-01 -7.240403890609741211e-01 -2.864593334593993568e+00
0.000000000000000000e+00 0.000000000000000000e+00 0.000000000000000000e+00 1.000000000000000000e+00
6.946865320205688477e-01 -4.765315055847167969e-01 5.388213396072387695e-01 1.567693051901681622e+00
-1.621931940317153931e-01 -8.335583806037902832e-01 -5.280849933624267578e-01 -1.625083052459845634e+00
7.007881999015808105e-01 2.794603109359741211e-01 -6.563521027565002441e-01 -2.639188067005765248e+00
0.000000000000000000e+00 0.000000000000000000e+00 0.000000000000000000e+00 1.000000000000000000e+00
6.768716573715209961e-01 -5.065929889678955078e-01 5.340484976768493652e-01 1.559102097409560850e+00
-9.553407132625579834e-02 -7.798312902450561523e-01 -6.186569333076477051e-01 -2.025460551816288479e+00
7.298749685287475586e-01 3.677314221858978271e-01 -5.762425661087036133e-01 -2.369674833591230989e+00
0.000000000000000000e+00 0.000000000000000000e+00 0.000000000000000000e+00 1.000000000000000000e+00
6.816793680191040039e-01 -5.212565660476684570e-01 5.134243369102478027e-01 1.478240337168472252e+00
-3.217895328998565674e-02 -7.224150300025939941e-01 -6.907104849815368652e-01 -2.356175072178574137e+00
7.309427857398986816e-01 4.543216228485107422e-01 -5.092288851737976074e-01 -2.140166431276165682e+00
0.000000000000000000e+00 0.000000000000000000e+00 0.000000000000000000e+00 1.000000000000000000e+00
7.023850679397583008e-01 -5.207935571670532227e-01 4.852105081081390381e-01 1.362953057684812341e+00
2.202424407005310059e-02 -6.654422283172607422e-01 -7.461244463920593262e-01 -2.617199037558282981e+00
7.114563584327697754e-01 5.347530245780944824e-01 -4.559265375137329102e-01 -1.955362842586752414e+00
0.000000000000000000e+00 0.000000000000000000e+00 0.000000000000000000e+00 1.000000000000000000e+00
7.477998733520507812e-01 -5.004323124885559082e-01 4.363062977790832520e-01 1.150265922130444762e+00
6.508663296699523926e-02 -5.987405776977539062e-01 -7.982942461967468262e-01 -2.863193744549717756e+00
6.607260704040527344e-01 6.253619194030761719e-01 -4.151664674282073975e-01 -1.809639082935274645e+00
0.000000000000000000e+00 0.000000000000000000e+00 0.000000000000000000e+00 1.000000000000000000e+00
7.894670367240905762e-01 -4.842917621135711670e-01 3.770987987518310547e-01 8.995243534325143564e-01
1.047341078519821167e-01 -4.990758597850799561e-01 -8.602053523063659668e-01 -3.173080637908826329e+00
6.047914624214172363e-01 7.185992598533630371e-01 -3.432821631431579590e-01 -1.549393449828695424e+00
0.000000000000000000e+00 0.000000000000000000e+00 0.000000000000000000e+00 1.000000000000000000e+00
8.709002733230590820e-01 -3.951649069786071777e-01 2.921948730945587158e-01 5.424596835113049131e-01
1.289211064577102661e-01 -3.900297880172729492e-01 -9.117323160171508789e-01 -3.423338248010001639e+00
4.742491841316223145e-01 8.316980004310607910e-01 -2.887320518493652344e-01 -1.285998380319761214e+00
0.000000000000000000e+00 0.000000000000000000e+00 0.000000000000000000e+00 1.000000000000000000e+00
8.748630285263061523e-01 -3.954180181026458740e-01 2.797480523586273193e-01 4.871815896135343604e-01
1.648610234260559082e-01 -2.999813854694366455e-01 -9.395914077758789062e-01 -3.573295094233741587e+00
4.554506242275238037e-01 8.681331872940063477e-01 -1.972535103559494019e-01 -9.586254665291261690e-01
0.000000000000000000e+00 0.000000000000000000e+00 0.000000000000000000e+00 1.000000000000000000e+00
9.021852016448974609e-01 -3.419687449932098389e-01 2.629057168960571289e-01 3.956163387300108969e-01
1.988656967878341675e-01 -2.111074328422546387e-01 -9.570192694664001465e-01 -3.686498663092481642e+00
3.827720284461975098e-01 9.156913757324218750e-01 -1.224521771073341370e-01 -6.499960382419289751e-01
0.000000000000000000e+00 0.000000000000000000e+00 0.000000000000000000e+00 1.000000000000000000e+00
9.660617113113403320e-01 -1.257931590080261230e-01 2.256124019622802734e-01 1.972673598979045873e-01
2.122943699359893799e-01 -1.109360828995704651e-01 -9.708884954452514648e-01 -3.774529146222975307e+00
1.471596807241439819e-01 9.858341217041015625e-01 -8.046592026948928833e-02 -3.422823051201741018e-01
0.000000000000000000e+00 0.000000000000000000e+00 0.000000000000000000e+00 1.000000000000000000e+00
9.780524969100952148e-01 -7.409388571977615356e-02 1.947401165962219238e-01 3.257477798449683742e-02
1.929883807897567749e-01 -3.017904423177242279e-02 -9.807368516921997070e-01 -3.844609384391899365e+00
7.854371517896652222e-02 9.967945814132690430e-01 -1.521744485944509506e-02 -2.648495644792255369e-02
0.000000000000000000e+00 0.000000000000000000e+00 0.000000000000000000e+00 1.000000000000000000e+00
9.829786419868469238e-01 2.755455859005451202e-02 1.816411912441253662e-01 -1.565892868532441778e-02
1.793742030858993530e-01 6.981122493743896484e-02 -9.813007712364196777e-01 -3.890439298345051533e+00
-3.971988707780838013e-02 9.971796870231628418e-01 6.368037313222885132e-02 4.228142260554329512e-01
0.000000000000000000e+00 0.000000000000000000e+00 0.000000000000000000e+00 1.000000000000000000e+00
9.823387861251831055e-01 -1.372331660240888596e-02 1.866076588630676270e-01 2.109695008639537669e-02
1.869576871395111084e-01 1.124191582202911377e-01 -9.759142994880676270e-01 -3.900083655594782872e+00
-7.585511077195405960e-03 9.935660362243652344e-01 1.129993051290512085e-01 6.442409679144930346e-01
0.000000000000000000e+00 0.000000000000000000e+00 0.000000000000000000e+00 1.000000000000000000e+00
9.649883508682250977e-01 2.129170596599578857e-01 1.531793028116226196e-01 -6.649030154312940422e-02
1.407639384269714355e-01 7.238821685314178467e-02 -9.873933792114257812e-01 -3.911922716822820334e+00
-2.213212847709655762e-01 9.743850231170654297e-01 3.988273814320564270e-02 4.857209155369790476e-01
0.000000000000000000e+00 0.000000000000000000e+00 0.000000000000000000e+00 1.000000000000000000e+00
9.629538655281066895e-01 -2.605823278427124023e-01 6.940492987632751465e-02 -3.757700168791054396e-01
5.382093042135238647e-02 -6.647989153861999512e-02 -9.963350296020507812e-01 -3.866188284729569435e+00
2.642413079738616943e-01 9.631603360176086426e-01 -4.999229311943054199e-02 -2.062125327706331723e-01
0.000000000000000000e+00 0.000000000000000000e+00 0.000000000000000000e+00 1.000000000000000000e+00
8.481870889663696289e-01 -5.245277285575866699e-01 7.381795346736907959e-02 -2.715464178428642072e-01
-3.641015291213989258e-02 -1.967628300189971924e-01 -9.797748327255249023e-01 -3.715148046860813125e+00
5.284438133239746094e-01 8.283444046974182129e-01 -1.859899014234542847e-01 -8.878326475844591226e-01
0.000000000000000000e+00 0.000000000000000000e+00 0.000000000000000000e+00 1.000000000000000000e+00
7.757014036178588867e-01 -6.270724534988403320e-01 7.118479907512664795e-02 -1.858954193568262137e-01
-1.656063944101333618e-01 -3.110942542552947998e-01 -9.358388781547546387e-01 -3.426237863192271860e+00
6.089842319488525391e-01 7.141430974006652832e-01 -3.451634943485260010e-01 -1.543449273175026892e+00
0.000000000000000000e+00 0.000000000000000000e+00 0.000000000000000000e+00 1.000000000000000000e+00
9.464524984359741211e-01 -2.167420834302902222e-01 -2.392711937427520752e-01 -1.385017110820618846e+00
-3.094134926795959473e-01 -3.974347710609436035e-01 -8.638919591903686523e-01 -3.020771904572791211e+00
9.214708209037780762e-02 8.916661739349365234e-01 -4.432158768177032471e-01 -1.620576382834528983e+00
0.000000000000000000e+00 0.000000000000000000e+00 0.000000000000000000e+00 1.000000000000000000e+00
8.897934556007385254e-01 -3.656705617904663086e-01 -2.730434536933898926e-01 -1.417195100832067789e+00
-4.361165165901184082e-01 -5.050991773605346680e-01 -7.447667717933654785e-01 -2.459698090302782969e+00
1.344253420829772949e-01 7.817671895027160645e-01 -6.089087128639221191e-01 -2.234893398494386396e+00
0.000000000000000000e+00 0.000000000000000000e+00 0.000000000000000000e+00 1.000000000000000000e+00
8.099879026412963867e-01 -5.028660297393798828e-01 -3.017372488975524902e-01 -1.401060131483150784e+00
-5.747767090797424316e-01 -5.785952210426330566e-01 -5.786700248718261719e-01 -1.749009716765287159e+00
1.164098754525184631e-01 6.421473026275634766e-01 -7.576909661293029785e-01 -2.726306129619441077e+00
0.000000000000000000e+00 0.000000000000000000e+00 0.000000000000000000e+00 1.000000000000000000e+00
7.383980154991149902e-01 -5.866134166717529297e-01 -3.326450884342193604e-01 -1.395590175655327503e+00
-6.727773547172546387e-01 -6.069746613502502441e-01 -4.230275452136993408e-01 -1.118686390977480460e+00
4.624669253826141357e-02 5.361589193344116211e-01 -8.428491353988647461e-01 -2.967763035366582702e+00
0.000000000000000000e+00 0.000000000000000000e+00 0.000000000000000000e+00 1.000000000000000000e+00
6.634287834167480469e-01 -7.021675109863281250e-01 -2.585012018680572510e-01 -9.970274348617538251e-01
-7.474122047424316406e-01 -6.056514978408813477e-01 -2.730579376220703125e-01 -5.364208173947175862e-01
3.517096117138862610e-02 3.743616044521331787e-01 -9.266155958175659180e-01 -3.209220802863362199e+00
0.000000000000000000e+00 0.000000000000000000e+00 0.000000000000000000e+00 1.000000000000000000e+00
6.877613663673400879e-01 -6.914740204811096191e-01 -2.210152149200439453e-01 -8.702704400449450262e-01
-7.258788943290710449e-01 -6.589012742042541504e-01 -1.973540335893630981e-01 -2.268218345896969856e-01
-9.161908179521560669e-03 2.961628139019012451e-01 -9.550935029983520508e-01 -3.250421397760654862e+00
0.000000000000000000e+00 0.000000000000000000e+00 0.000000000000000000e+00 1.000000000000000000e+00
6.879997849464416504e-01 -6.913339495658874512e-01 -2.207115888595581055e-01 -8.689258520846215861e-01
-7.153066396713256836e-01 -6.973271369934082031e-01 -4.551172256469726562e-02 3.132314931081284781e-01
-1.224443912506103516e-01 1.891885250806808472e-01 -9.742766618728637695e-01 -3.198436523192355718e+00
0.000000000000000000e+00 0.000000000000000000e+00 0.000000000000000000e+00 1.000000000000000000e+00
6.738471984863281250e-01 -7.109755873680114746e-01 -2.011049836874008179e-01 -7.845039455636610981e-01
-7.213542461395263672e-01 -6.919494271278381348e-01 2.922132238745689392e-02 5.480508584427882246e-01
-1.599301099777221680e-01 1.253772526979446411e-01 -9.791337251663208008e-01 -3.156463455919472416e+00
0.000000000000000000e+00 0.000000000000000000e+00 0.000000000000000000e+00 1.000000000000000000e+00
6.572558283805847168e-01 -7.310000658035278320e-01 -1.834497302770614624e-01 -7.027618649797738870e-01
-7.302728295326232910e-01 -6.778756976127624512e-01 8.477069437503814697e-02 7.130289918706500529e-01
-1.863234788179397583e-01 7.825233042240142822e-02 -9.793673157691955566e-01 -3.112244324389851435e+00
0.000000000000000000e+00 0.000000000000000000e+00 0.000000000000000000e+00 1.000000000000000000e+00
5.722784399986267090e-01 -7.959564328193664551e-01 -1.973591297864913940e-01 -6.596549506205637847e-01
-7.611979842185974121e-01 -6.051221489906311035e-01 2.332485169172286987e-01 1.206278369999381761e+00
-3.050820529460906982e-01 1.674631796777248383e-02 -9.521788954734802246e-01 -2.942251109680636301e+00
0.000000000000000000e+00 0.000000000000000000e+00 0.000000000000000000e+00 1.000000000000000000e+00
5.758463144302368164e-01 -7.923794984817504883e-01 -2.013336420059204102e-01 -6.666858797428367733e-01
-6.738649010658264160e-01 -5.994622707366943359e-01 4.319153130054473877e-01 1.844382864144388678e+00
-4.629329144954681396e-01 -1.130450591444969177e-01 -8.791550993919372559e-01 -2.569661933854137548e+00
0.000000000000000000e+00 0.000000000000000000e+00 0.000000000000000000e+00 1.000000000000000000e+00
5.870918631553649902e-01 -7.834293842315673828e-01 -2.038657367229461670e-01 -6.997366497877510749e-01
-6.106436252593994141e-01 -5.939157605171203613e-01 5.238113999366760254e-01 2.124214170675718716e+00
-5.314483642578125000e-01 -1.830360591411590576e-01 -8.270792961120605469e-01 -2.329929906182611976e+00
0.000000000000000000e+00 0.000000000000000000e+00 0.000000000000000000e+00 1.000000000000000000e+00
6.453031301498413086e-01 -7.355251312255859375e-01 -2.063656300306320190e-01 -7.596292837350875349e-01
-4.975402355194091797e-01 -6.096438765525817871e-01 6.170802116394042969e-01 2.389020872266820028e+00
-5.796875357627868652e-01 -2.955285608768463135e-01 -7.593585252761840820e-01 -2.016506219958823731e+00
0.000000000000000000e+00 0.000000000000000000e+00 0.000000000000000000e+00 1.000000000000000000e+00
7.254257202148437500e-01 -6.661764979362487793e-01 -1.731079369783401489e-01 -7.186938922889191117e-01
