0.02202952653169632 0.09866004437208176 -0.9948772788047791 0.3859731554985046 
-0.1367283463478088 0.9860659837722778 0.09475867450237274 0.01546954177320004 
0.9903635382652283 0.1339404582977295 0.0352121964097023 0.05162245407700539 
0 0 0 1 

0.123358890414238 0.6114709377288818 -0.7815918326377869 0.2850411236286163 
0.611290454864502 0.5736153721809387 0.5452424883842468 -0.2099186480045319 
0.781732976436615 -0.5450400710105896 -0.3030257225036621 0.1397822648286819 
0 0 0 1 

-0.03364904969930649 0.6078265905380249 -0.7933563590049744 0.2939519286155701 
0.6518422365188599 0.6150813698768616 0.4435949325561523 -0.1727258265018463 
0.7576075196266174 -0.5022166967391968 -0.4169039726257324 0.1805300712585449 
0 0 0 1 

-0.1089418530464172 0.5788017511367798 -0.8081584572792053 0.3012617528438568 
0.659426212310791 0.6504358053207397 0.3769486844539642 -0.1475259065628052 
0.7438337206840515 -0.4918554127216339 -0.4525367915630341 0.1931036859750748 
0 0 0 1 

-0.1987269520759583 0.5485184788703918 -0.8121791481971741 0.3047320246696472 
0.6340101361274719 0.7038947939872742 0.3202548921108246 -0.1249867528676987 
0.7473543882369995 -0.4512865245342255 -0.4876491725444794 0.2053781151771545 
0 0 0 1 

-0.294683575630188 0.5106827020645142 -0.8076908588409424 0.3047206401824951 
0.6062127947807312 0.7532781958580017 0.2551038861274719 -0.09860090166330338 
0.7386930584907532 -0.4144576191902161 -0.5315610766410828 0.2208321839570999 
0 0 0 1 

-0.3582814633846283 0.4502892196178436 -0.8178468942642212 0.3090375363826752 
0.5599546432495117 0.8045933246612549 0.1976875811815262 -0.07406929135322571 
0.7470507025718689 -0.3871293962001801 -0.5404124855995178 0.223942831158638 
0 0 0 1 

-0.4929248988628387 0.3554526567459106 -0.794152557849884 0.2995508313179016 
0.4642097055912018 0.8794214129447937 0.1054861322045326 -0.03564022108912468 
0.7358900308609009 -0.3166565895080566 -0.5984932780265808 0.2442091107368469 
0 0 0 1 

-0.5573371648788452 0.2714085280895233 -0.7846736311912537 0.2933714389801025 
0.4021151661872864 0.9150676727294922 0.03089624270796776 -0.00833999365568161 
0.7264149785041809 -0.2983095347881317 -0.6191386580467224 0.2486772686243057 
0 0 0 1 

-0.6026886701583862 0.1887266635894775 -0.7753381729125977 0.2857259213924408 
0.3655471503734589 0.9289827942848206 -0.05802303552627563 0.02029052004218102 
0.7093248963356018 -0.3183923959732056 -0.6288759708404541 0.2489551305770874 
0 0 0 1 

