0.9084534645080566 0.417762964963913 0.01364895049482584 -0.03808011114597321 
-0.3324701488018036 0.7024170160293579 0.6293438076972961 -0.1752324104309082 
0.2533294260501862 -0.576267421245575 0.7770069241523743 -0.2164511382579803 
0 0 0 1 

0.9163911938667297 0.3989683985710144 0.03242496773600578 -0.04556608200073242 
-0.2962969541549683 0.6216341853141785 0.7251061201095581 -0.2056907713413239 
0.2691380679607391 -0.6740882396697998 0.6878732442855835 -0.1917260438203812 
0 0 0 1 

0.9255455732345581 0.3746609687805176 0.05472259595990181 -0.05373283103108406 
-0.2676756381988525 0.5452238321304321 0.7944058179855347 -0.2283728122711182 
0.2677968144416809 -0.7499066591262817 0.6049171090126038 -0.1667696982622147 
0 0 0 1 

0.9331574440002441 0.3560011982917786 0.04980256035923958 -0.05428459122776985 
-0.2254464030265808 0.471690833568573 0.8524561524391174 -0.2485938519239426 
0.2799840569496155 -0.8067036271095276 0.520421028137207 -0.1430200189352036 
0 0 0 1 

0.94197016954422 0.3316365480422974 0.05205190554261208 -0.05802413076162338 
-0.1932565569877625 0.4089377224445343 0.8918641805648804 -0.2617747783660889 
0.2744888067245483 -0.8501688241958618 0.4492980539798737 -0.1232546493411064 
0 0 0 1 

0.9552640914916992 0.2910307347774506 0.05264649912714958 -0.06092868372797966 
-0.1547427326440811 0.3401269912719727 0.9275602102279663 -0.2755009233951569 
0.2520421147346497 -0.8942116498947144 0.3699460029602051 -0.09858781844377518 
0 0 0 1 

0.9611241817474365 0.2647707760334015 0.0783376544713974 -0.07096964865922928 
-0.1481151282787323 0.2549448609352112 0.9555443525314331 -0.2881169021129608 
0.233028456568718 -0.9299997091293335 0.2842502295970917 -0.06821780651807785 
0 0 0 1 

0.9729227423667908 0.221430242061615 0.06625667214393616 -0.0705062597990036 
-0.1010798513889313 0.1498322635889053 0.9835309386253357 -0.3009163737297058 
0.2078561186790466 -0.9635968804359436 0.1681573837995529 -0.02809082344174385 
0 0 0 1 

0.9918017983436584 0.125020295381546 0.02644177153706551 -0.06052666902542114 
-0.04287014901638031 0.1306021213531494 0.9905074834823608 -0.3045719563961029 
0.1203801929950714 -0.9835206270217896 0.1348910480737686 -0.01741010881960392 
0 0 0 1 

0.994791567325592 0.1008477732539177 0.01481400057673454 -0.0578216090798378 
-0.03282151371240616 0.1793279945850372 0.9832416176795959 -0.3021796047687531 
0.09650117158889771 -0.978606641292572 0.1817039549350739 -0.03503931686282158 
0 0 0 1 

