0.3513943254947662 0.9328408241271973 -0.07956011593341827 0.02496876753866673 
-0.9361714124679565 0.3510322868824005 -0.01895561255514622 0.04148385673761368 
0.01024559047073126 0.08114280551671982 0.9966498017311096 -0.3043335676193237 
0 0 0 1 

0.2767723798751831 0.9556767344474792 -0.1003938093781471 0.03399093076586723 
-0.9583180546760559 0.2822137475013733 0.04451621323823929 0.01784533075988293 
0.0708756148815155 0.08388835936784744 0.9939513802528381 -0.3043857514858246 
0 0 0 1 

0.1971117556095123 0.9722729921340942 -0.1258252412080765 0.04344342648983002 
-0.9726220369338989 0.2100494801998138 0.0994250550866127 -0.002816755324602127 
0.1230978146195412 0.1027825847268105 0.9870575666427612 -0.3030276894569397 
0 0 0 1 

0.113075390458107 0.9857431054115295 -0.1245977729558945 0.04519764706492424 
-0.970757782459259 0.1363320797681808 0.1975929886102676 -0.03603533282876015 
0.2117626070976257 0.09861133992671967 0.9723334908485413 -0.3000754714012146 
0 0 0 1 

0.1879422068595886 0.9754557013511658 -0.1147339269518852 0.04125006496906281 
-0.9551100134849548 0.208747535943985 0.2102123498916626 -0.0393807590007782 
0.2290032505989075 0.07007576525211334 0.9709000587463379 -0.2974221706390381 
0 0 0 1 

0.2743358016014099 0.9544495344161987 -0.1173271685838699 0.03945334628224373 
-0.9388444423675537 0.2922379076480865 0.182120680809021 -0.02840229123830795 
0.2081124782562256 0.06018976122140884 0.9762511849403381 -0.2965875267982483 
0 0 0 1 

0.3251638114452362 0.937150239944458 -0.1265610605478287 0.04065712541341782 
-0.9349304437637329 0.3386844098567963 0.1058194562792778 -0.001739848055876791 
0.1420329809188843 0.08391716331243515 0.9862983822822571 -0.2958125174045563 
0 0 0 1 

0.4395432770252228 0.8836019039154053 -0.1613978296518326 0.03001002781093121 
-0.8586493730545044 0.4660865664482117 0.2132706046104431 -0.01418522000312805 
0.2636716961860657 0.04484253004193306 0.9635695815086365 -0.3201127648353577 
0 0 0 1 

0.9781374931335449 0.05369581654667854 -0.2009076029062271 0.02158574014902115 
-0.06699123233556747 0.9959497451782227 -0.05996938794851303 0.03179847821593285 
0.1968737542629242 0.07211735099554062 0.9777728915214539 -0.2860437035560608 
0 0 0 1 

0.9817910194396973 0.05756798014044762 -0.1810310333967209 0.01643803901970387 
-0.07008820027112961 0.9955152869224548 -0.06353682279586792 0.03359983116388321 
0.1765614748001099 0.07506804168224335 0.9814228415489197 -0.2874937057495117 
0 0 0 1 

