1.000000000000000000e+00 0.000000000000000000e+00 0.000000000000000000e+00 -4.096739311332171507e-01
0.000000000000000000e+00 -1.000000000000000000e+00 0.000000000000000000e+00 -1.964994255000929863e-02
0.000000000000000000e+00 0.000000000000000000e+00 -1.000000000000000000e+00 -2.664639050480994698e+00
0.000000000000000000e+00 0.000000000000000000e+00 0.000000000000000000e+00 1.000000000000000000e+00
9.964684247970581055e-01 -8.108491450548171997e-02 -2.181093022227287292e-02 -4.537955356062296497e-01
-8.068549633026123047e-02 -9.965659379959106445e-01 1.860988140106201172e-02 6.519555175458663365e-02
-2.324501238763332367e-02 -1.678434014320373535e-02 -9.995890259742736816e-01 -2.715118928969289414e+00
0.000000000000000000e+00 0.000000000000000000e+00 0.000000000000000000e+00 1.000000000000000000e+00
9.854302406311035156e-01 -1.639098674058914185e-01 -4.539724439382553101e-02 -5.040764280807445985e-01
-1.614337116479873657e-01 -9.854205846786499023e-01 5.371378734707832336e-02 2.143337409912789981e-01
-5.353963002562522888e-02 -4.560251906514167786e-02 -9.975240230560302734e-01 -2.705075326362863741e+00
0.000000000000000000e+00 0.000000000000000000e+00 0.000000000000000000e+00 1.000000000000000000e+00
9.659164547920227051e-01 -2.545296549797058105e-01 -4.711800068616867065e-02 -4.873380791823121450e-01
-2.506568133831024170e-01 -9.651476144790649414e-01 7.523899525403976440e-02 3.208682796442690055e-01
-6.462642550468444824e-02 -6.086407601833343506e-02 -9.960514307022094727e-01 -2.702120854877974043e+00
0.000000000000000000e+00 0.000000000000000000e+00 0.000000000000000000e+00 1.000000000000000000e+00
9.377267956733703613e-01 -3.411892056465148926e-01 -6.525079905986785889e-02 -5.117459264527335350e-01
-3.319839537143707275e-01 -9.355223178863525391e-01 1.207658052444458008e-01 4.911916843676320532e-01
-1.022475883364677429e-01 -9.158305078744888306e-02 -9.905340075492858887e-01 -2.674467421205640960e+00
0.000000000000000000e+00 0.000000000000000000e+00 0.000000000000000000e+00 1.000000000000000000e+00
8.921138048171997070e-01 -4.494096338748931885e-01 -4.650722816586494446e-02 -4.293162548058137573e-01
-4.396350979804992676e-01 -8.871985673904418945e-01 1.399970948696136475e-01 5.877608834173624341e-01
-1.041772887110710144e-01 -1.044472008943557739e-01 -9.890592694282531738e-01 -2.680346286899632613e+00
0.000000000000000000e+00 0.000000000000000000e+00 0.000000000000000000e+00 1.000000000000000000e+00
8.457104563713073730e-01 -5.327458381652832031e-01 -3.090503998100757599e-02 -3.581476945735017625e-01
-5.210453867912292480e-01 -8.368709087371826172e-01 1.678048968315124512e-01 7.038773798841921892e-01
-1.152609363198280334e-01 -1.258114576339721680e-01 -9.853360652923583984e-01 -2.670600973606288342e+00
0.000000000000000000e+00 0.000000000000000000e+00 0.000000000000000000e+00 1.000000000000000000e+00
7.906886339187622070e-01 -6.120708584785461426e-01 -1.343314256519079208e-02 -2.782312345615344795e-01
-6.016641259193420410e-01 -7.809270620346069336e-01 1.677900552749633789e-01 7.356549875373935565e-01
-1.131897196173667908e-01 -1.245873942971229553e-01 -9.857311844825744629e-01 -2.680513781453786937e+00
0.000000000000000000e+00 0.000000000000000000e+00 0.000000000000000000e+00 1.000000000000000000e+00
7.208009958267211914e-01 -6.929650306701660156e-01 1.567966677248477936e-02 -1.493355175754873532e-01
-6.855953335762023926e-01 -7.094410061836242676e-01 1.632547080516815186e-01 7.511162249526899259e-01
-1.020060554146766663e-01 -1.284240782260894775e-01 -9.864592552185058594e-01 -2.692822009770167391e+00
0.000000000000000000e+00 0.000000000000000000e+00 0.000000000000000000e+00 1.000000000000000000e+00
6.453585624694824219e-01 -7.636831998825073242e-01 1.732868142426013947e-02 -9.628836078962955958e-02
-7.580996751785278320e-01 -6.375250220298767090e-01 1.372810304164886475e-01 6.991978110699242910e-01
-9.379174560308456421e-02 -1.017323434352874756e-01 -9.903802275657653809e-01 -2.720303809813696905e+00
0.000000000000000000e+00 0.000000000000000000e+00 0.000000000000000000e+00 1.000000000000000000e+00
5.518215894699096680e-01 -8.335623145103454590e-01 2.583352103829383850e-02 -1.963694514196321142e-02
-8.312667012214660645e-01 -5.472857952117919922e-01 9.733223915100097656e-02 6.017481273653562113e-01
-6.699414551258087158e-02 -7.518456876277923584e-02 -9.949166178703308105e-01 -2.765619226892522597e+00
0.000000000000000000e+00 0.000000000000000000e+00 0.000000000000000000e+00 1.000000000000000000e+00
4.583448767662048340e-01 -8.861088752746582031e-01 6.877458840608596802e-02 1.660666271835330166e-01
-8.886349201202392578e-01 -4.555274546146392822e-01 5.313160642981529236e-02 4.795640234005128510e-01
-1.575169153511524200e-02 -8.546815067529678345e-02 -9.962164163589477539e-01 -2.806125315166814627e+00
0.000000000000000000e+00 0.000000000000000000e+00 0.000000000000000000e+00 1.000000000000000000e+00
3.531305491924285889e-01 -9.313694834709167480e-01 8.859382569789886475e-02 2.641214608480179082e-01
-9.354511499404907227e-01 -3.530344367027282715e-01 1.727779209613800049e-02 3.545148174709228384e-01
1.518464367836713791e-02 -8.897648006677627563e-02 -9.959177970886230469e-01 -2.822047507528921972e+00
0.000000000000000000e+00 0.000000000000000000e+00 0.000000000000000000e+00 1.000000000000000000e+00
2.725081145763397217e-01 -9.561684727668762207e-01 1.071472764015197754e-01 3.437321984586786394e-01
-9.592903256416320801e-01 -2.785920500755310059e-01 -4.635205864906311035e-02 1.296238876121795502e-01
7.417076081037521362e-02 -9.015402197837829590e-02 -9.931620955467224121e-01 -2.819044194963167271e+00
0.000000000000000000e+00 0.000000000000000000e+00 0.000000000000000000e+00 1.000000000000000000e+00
1.969629973173141479e-01 -9.717841744422912598e-01 1.297717094421386719e-01 4.260081379746542551e-01
-9.721055626869201660e-01 -2.107692211866378784e-01 -1.028994023799896240e-01 -6.249702030577359430e-02
1.273478865623474121e-01 -1.058844253420829773e-01 -9.861904978752136230e-01 -2.807545569648249639e+00
0.000000000000000000e+00 0.000000000000000000e+00 0.000000000000000000e+00 1.000000000000000000e+00
1.161327287554740906e-01 -9.844834208488464355e-01 1.315518319606781006e-01 4.466785043133469912e-01
-9.715620279312133789e-01 -1.401149332523345947e-01 -1.908803284168243408e-01 -3.439695166878751209e-01
2.063508331775665283e-01 -1.056433320045471191e-01 -9.727584123611450195e-01 -2.780859575690684871e+00
0.000000000000000000e+00 0.000000000000000000e+00 0.000000000000000000e+00 1.000000000000000000e+00
1.917094737291336060e-01 -9.729732871055603027e-01 1.287263035774230957e-01 4.271350355402984689e-01
-9.540406465530395508e-01 -2.155266702175140381e-01 -2.082168906927108765e-01 -3.872994886418615890e-01
2.303334027528762817e-01 -8.289305865764617920e-02 -9.695748686790466309e-01 -2.752474077681990927e+00
0.000000000000000000e+00 0.000000000000000000e+00 0.000000000000000000e+00 1.000000000000000000e+00
2.788180112838745117e-01 -9.518254995346069336e-01 1.276265084743499756e-01 4.013988212456632287e-01
-9.372074007987976074e-01 -2.986828088760375977e-01 -1.800843626260757446e-01 -2.883158983644380502e-01
2.095288485288619995e-01 -6.940178573131561279e-02 -9.753364920616149902e-01 -2.746633291474775973e+00
0.000000000000000000e+00 0.000000000000000000e+00 0.000000000000000000e+00 1.000000000000000000e+00
3.288891315460205078e-01 -9.358515739440917969e-01 1.265436708927154541e-01 3.859303059574413775e-01
-9.333338141441345215e-01 -3.425394296646118164e-01 -1.074939444661140442e-01 -5.006383936187169120e-02
1.439446508884429932e-01 -8.275397121906280518e-02 -9.861192703247070312e-01 -2.744128323496833666e+00
0.000000000000000000e+00 0.000000000000000000e+00 0.000000000000000000e+00 1.000000000000000000e+00
3.628343641757965088e-01 -9.188080430030822754e-01 1.553789377212524414e-01 4.568347587348197125e-01
-9.293079972267150879e-01 -3.690935075283050537e-01 -1.249421853572130203e-02 2.588337948564205515e-01
6.882912665605545044e-02 -1.398616135120391846e-01 -9.877758622169494629e-01 -2.710548562741193823e+00
0.000000000000000000e+00 0.000000000000000000e+00 0.000000000000000000e+00 1.000000000000000000e+00
4.008158743381500244e-01 -8.998579978942871094e-01 1.720525920391082764e-01 4.888723002760164138e-01
-9.161222577095031738e-01 -3.953466415405273438e-01 6.649447977542877197e-02 5.073403530976505760e-01
8.184754289686679840e-03 -1.842732429504394531e-01 -9.828411936759948730e-01 -2.663126080727408418e+00
0.000000000000000000e+00 0.000000000000000000e+00 0.000000000000000000e+00 1.000000000000000000e+00
4.575134515762329102e-01 -8.663484454154968262e-01 2.003011852502822876e-01 5.358219964879502584e-01
-8.875262737274169922e-01 -4.310902059078216553e-01 1.626594662666320801e-01 7.786662507433603775e-01
-5.457204207777976990e-02 -2.521915435791015625e-01 -9.661371111869812012e-01 -2.567322782949299054e+00
0.000000000000000000e+00 0.000000000000000000e+00 0.000000000000000000e+00 1.000000000000000000e+00
5.269621014595031738e-01 -8.300746679306030273e-01 1.824481934309005737e-01 4.351350735153472482e-01
-8.437147140502929688e-01 -4.851081967353820801e-01 2.298177033662796021e-01 9.466863983933722082e-01
-1.022585704922676086e-01 -2.750392556190490723e-01 -9.559791684150695801e-01 -2.502392291105986821e+00
0.000000000000000000e+00 0.000000000000000000e+00 0.000000000000000000e+00 1.000000000000000000e+00
5.884160995483398438e-01 -7.889075875282287598e-01 1.771775931119918823e-01 3.810963151664543136e-01
-7.966141104698181152e-01 -5.281078815460205078e-01 2.941222488880157471e-01 1.092831881443099507e+00
-1.384664922952651978e-01 -3.142080903053283691e-01 -9.392020106315612793e-01 -2.422234695503391322e+00
0.000000000000000000e+00 0.000000000000000000e+00 0.000000000000000000e+00 1.000000000000000000e+00
6.652829051017761230e-01 -7.312468290328979492e-01 1.505895853042602539e-01 2.501148839721815675e-01
-7.234032154083251953e-01 -5.814905762672424316e-01 3.722320497035980225e-01 1.247728127132447851e+00
-1.846272498369216919e-01 -3.565761148929595947e-01 -9.158410429954528809e-01 -2.315525073992723115e+00
0.000000000000000000e+00 0.000000000000000000e+00 0.000000000000000000e+00 1.000000000000000000e+00
7.288234233856201172e-01 -6.704010963439941406e-01 1.392083168029785156e-01 1.883395225035428833e-01
-6.520017981529235840e-01 -6.174409389495849609e-01 4.400675296783447266e-01 1.369091590563429328e+00
-2.090688496828079224e-01 -4.114956557750701904e-01 -8.871085643768310547e-01 -2.191235836661089564e+00
0.000000000000000000e+00 0.000000000000000000e+00 0.000000000000000000e+00 1.000000000000000000e+00
7.525380849838256836e-01 -6.468688249588012695e-01 1.234787702560424805e-01 1.259311154364634311e-01
-6.013455986976623535e-01 -5.985475778579711914e-01 5.292680263519287109e-01 1.559002131297394289e+00
-2.684590518474578857e-01 -4.725472927093505859e-01 -8.394216299057006836e-01 -1.992319911211975159e+00
0.000000000000000000e+00 0.000000000000000000e+00 0.000000000000000000e+00 1.000000000000000000e+00
7.848445773124694824e-01 -6.059782505035400391e-01 1.296498328447341919e-01 1.163519601210843135e-01
-5.356515645980834961e-01 -5.581911802291870117e-01 6.336399316787719727e-01 1.805566394267007491e+00
-3.116029500961303711e-01 -5.667558908462524414e-01 -7.626871466636657715e-01 -1.729829730713069669e+00
0.000000000000000000e+00 0.000000000000000000e+00 0.000000000000000000e+00 1.000000000000000000e+00
8.040596246719360352e-01 -5.807276964187622070e-01 1.274498701095581055e-01 9.516347649005488241e-02
-4.841805100440979004e-01 -5.151709914207458496e-01 7.072255611419677734e-01 1.985446301495115140e+00
-3.450471162796020508e-01 -6.303603053092956543e-01 -6.954051852226257324e-01 -1.508726019666427831e+00
0.000000000000000000e+00 0.000000000000000000e+00 0.000000000000000000e+00 1.000000000000000000e+00
8.319417238235473633e-01 -5.409998893737792969e-01 1.232562512159347534e-01 5.959973653184754555e-02
-4.189588427543640137e-01 -4.668331146240234375e-01 7.788067460060119629e-01 2.159098557005424635e+00
-3.637944161891937256e-01 -6.995614171028137207e-01 -6.150348782539367676e-01 -1.295568228193791249e+00
0.000000000000000000e+00 0.000000000000000000e+00 0.000000000000000000e+00 1.000000000000000000e+00
8.614234924316406250e-01 -5.006774067878723145e-01 8.527565002441406250e-02 -5.937489014586590230e-02
-3.348349630832672119e-01 -4.336013197898864746e-01 8.365855216979980469e-01 2.286907387480773490e+00
-3.818838596343994141e-01 -7.492077946662902832e-01 -5.411586165428161621e-01 -1.111134786974496080e+00
0.000000000000000000e+00 0.000000000000000000e+00 0.000000000000000000e+00 1.000000000000000000e+00
8.811573386192321777e-01 -4.693759977817535400e-01 5.699322372674942017e-02 -1.348684341525934749e-01
-2.427164167165756226e-01 -3.455859422683715820e-01 9.064537882804870605e-01 2.414758712455859158e+00
-4.057715833187103271e-01 -8.125616908073425293e-01 -4.184410274028778076e-01 -8.027027404485473916e-01
0.000000000000000000e+00 0.000000000000000000e+00 0.000000000000000000e+00 1.000000000000000000e+00
8.534097671508789062e-01 -5.207473635673522949e-01 2.265826426446437836e-02 -2.574440600870009921e-01
-1.047882959246635437e-01 -1.288220435380935669e-01 9.861155152320861816e-01 2.587759339647165202e+00
-5.105985999107360840e-01 -8.439352512359619141e-01 -1.645061373710632324e-01 -1.353001492636300429e-01
0.000000000000000000e+00 0.000000000000000000e+00 0.000000000000000000e+00 1.000000000000000000e+00
8.650174736976623535e-01 -5.004438757896423340e-01 3.605543076992034912e-02 -2.127682507645504706e-01
-1.060341149568557739e-01 -1.120958924293518066e-01 9.880234599113464355e-01 2.591652553262585368e+00
-4.904089868068695068e-01 -8.584813475608825684e-01 -1.500290632247924805e-01 -1.636594331328761198e-01
0.000000000000000000e+00 0.000000000000000000e+00 0.000000000000000000e+00 1.000000000000000000e+00
8.160369992256164551e-01 -5.777757167816162109e-01 1.609715074300765991e-02 -2.192119966713471091e-01
-1.076379790902137756e-01 -1.245450377464294434e-01 9.863582849502563477e-01 2.588202220634673090e+00
-5.678888559341430664e-01 -8.066370487213134766e-01 -1.638239026069641113e-01 -1.776673552079736096e-01
0.000000000000000000e+00 0.000000000000000000e+00 0.000000000000000000e+00 1.000000000000000000e+00
7.985368371009826660e-01 -5.999921560287475586e-01 4.846768826246261597e-02 -1.328805918136866937e-01
-2.416206151247024536e-01 -2.457440048456192017e-01 9.387382864952087402e-01 2.515864164860114549e+00
-5.513244867324829102e-01 -7.613278627395629883e-01 -3.412059545516967773e-01 -5.539151045463203138e-01
0.000000000000000000e+00 0.000000000000000000e+00 0.000000000000000000e+00 1.000000000000000000e+00
8.137984871864318848e-01 -5.760117173194885254e-01 7.708854228258132935e-02 -6.192773773212449651e-02
-3.077854812145233154e-01 -3.146753013134002686e-01 8.979129791259765625e-01 2.434739405481061159e+00
-4.929502308368682861e-01 -7.544468045234680176e-01 -4.333701133728027344e-01 -8.020842247267411240e-01
0.000000000000000000e+00 0.000000000000000000e+00 0.000000000000000000e+00 1.000000000000000000e+00
8.034099936485290527e-01 -5.883790254592895508e-01 9.133855253458023071e-02 -2.994287453891625664e-02
-3.701207339763641357e-01 -3.733308911323547363e-01 8.506669402122497559e-01 2.341943559343355741e+00
-4.664150774478912354e-01 -7.172409892082214355e-01 -5.177092552185058594e-01 -1.026762716579093349e+00
0.000000000000000000e+00 0.000000000000000000e+00 0.000000000000000000e+00 1.000000000000000000e+00
8.252076506614685059e-01 -5.612976551055908203e-01 6.306607276201248169e-02 -1.562000004204165404e-01
-4.534518718719482422e-01 -5.917716622352600098e-01 6.664741039276123047e-01 1.976027285253314947e+00
-3.367697298526763916e-01 -5.785769820213317871e-01 -7.428558468818664551e-01 -1.671101504263038384e+00
0.000000000000000000e+00 0.000000000000000000e+00 0.000000000000000000e+00 1.000000000000000000e+00
8.249146342277526855e-01 -5.639001727104187012e-01 3.914434462785720825e-02 -2.258302390669134352e-01
-4.691956937313079834e-01 -6.444628238677978516e-01 6.037573814392089844e-01 1.810025005479563909e+00
-3.152319490909576416e-01 -5.164145827293395996e-01 -7.962061762809753418e-01 -1.822230985067512243e+00
0.000000000000000000e+00 0.000000000000000000e+00 0.000000000000000000e+00 1.000000000000000000e+00
8.537155389785766602e-01 -5.189546346664428711e-01 4.307057335972785950e-02 -2.244402860611423300e-01
-4.590733647346496582e-01 -7.109981179237365723e-01 5.326663255691528320e-01 1.607498979121062321e+00
-2.458068877458572388e-01 -4.745181500911712646e-01 -8.452287316322326660e-01 -1.976602465075868009e+00
0.000000000000000000e+00 0.000000000000000000e+00 0.000000000000000000e+00 1.000000000000000000e+00
8.681491017341613770e-01 -4.962831437587738037e-01 4.523390904068946838e-03 -3.162366319016892691e-01
-4.583364725112915039e-01 -7.982060313224792480e-01 3.908892273902893066e-01 1.228620778858313001e+00
-1.903813034296035767e-01 -3.414233326911926270e-01 -9.204266071319580078e-01 -2.189401950653003581e+00
0.000000000000000000e+00 0.000000000000000000e+00 0.000000000000000000e+00 1.000000000000000000e+00
8.778821825981140137e-01 -4.788390398025512695e-01 6.006164941936731339e-03 -2.992326233953295223e-01
-4.642293155193328857e-01 -8.478850722312927246e-01 2.560900449752807617e-01 8.784485789512918030e-01
-1.175334751605987549e-01 -2.276052683591842651e-01 -9.666342139244079590e-01 -2.338072407208146242e+00
0.000000000000000000e+00 0.000000000000000000e+00 0.000000000000000000e+00 1.000000000000000000e+00
8.780928850173950195e-01 -4.784856736660003662e-01 2.085242187604308128e-03 -2.705047031901028354e-01
-4.780356585979461670e-01 -8.770598769187927246e-01 4.740511626005172729e-02 3.374494126905939195e-01
-2.085380814969539642e-02 -4.262290522456169128e-02 -9.988732337951660156e-01 -2.460835981623934465e+00
0.000000000000000000e+00 0.000000000000000000e+00 0.000000000000000000e+00 1.000000000000000000e+00
8.868904113769531250e-01 -4.619601070880889893e-01 4.215986002236604691e-03 -2.514241036858909650e-01
-4.612580835819244385e-01 -8.859787583351135254e-01 -4.777458310127258301e-02 7.471144821240426059e-02
2.580522559583187103e-02 4.042618721723556519e-02 -9.988492727279663086e-01 -2.486746312992163421e+00
0.000000000000000000e+00 0.000000000000000000e+00 0.000000000000000000e+00 1.000000000000000000e+00
8.953635692596435547e-01 -4.453340768814086914e-01 1.184510416351258755e-03 -2.546001881259780109e-01
-4.400273263454437256e-01 -8.850975036621093750e-01 -1.515853703022003174e-01 -2.220850644815188513e-01
6.855461001396179199e-02 1.352028101682662964e-01 -9.884436726570129395e-01 -2.478792667145478745e+00
0.000000000000000000e+00 0.000000000000000000e+00 0.000000000000000000e+00 1.000000000000000000e+00
8.995202183723449707e-01 -4.368666410446166992e-01 3.405350726097822189e-03 -2.481065146312204650e-01
-4.214730262756347656e-01 -8.698229193687438965e-01 -2.564544081687927246e-01 -5.296486124229694559e-01
1.149983331561088562e-01 2.292503565549850464e-01 -9.665504097938537598e-01 -2.435164060955523180e+00
0.000000000000000000e+00 0.000000000000000000e+00 0.000000000000000000e+00 1.000000000000000000e+00
9.032672643661499023e-01 -4.290248453617095947e-01 6.805307231843471527e-03 -2.352203162784551882e-01
-3.963103294372558594e-01 -8.402581214904785156e-01 -3.700050413608551025e-01 -8.761046131404187642e-01
1.644596159458160400e-01 3.315162658691406250e-01 -9.290047883987426758e-01 -2.347297024910569796e+00
0.000000000000000000e+00 0.000000000000000000e+00 0.000000000000000000e+00 1.000000000000000000e+00
9.080561995506286621e-01 -4.188446104526519775e-01 1.516635064035654068e-03 -2.615568688587271429e-01
-3.721857070922851562e-01 -8.085498809814453125e-01 -4.557678699493408203e-01 -1.141631287786853077e+00
1.921224892139434814e-01 4.132986664772033691e-01 -8.900973200798034668e-01 -2.256624386098958102e+00
0.000000000000000000e+00 0.000000000000000000e+00 0.000000000000000000e+00 1.000000000000000000e+00
9.184093475341796875e-01 -3.956308364868164062e-01 -9.079974552150815725e-05 -2.910422569709762430e-01
-3.308559656143188477e-01 -7.679162621498107910e-01 -5.484874844551086426e-01 -1.425086640216369549e+00
2.169290781021118164e-01 5.037661790847778320e-01 -8.361586332321166992e-01 -2.135084184180438438e+00
0.000000000000000000e+00 0.000000000000000000e+00 0.000000000000000000e+00 1.000000000000000000e+00
9.142203927040100098e-01 -4.044949114322662354e-01 -2.417732402682304382e-02 -3.669178418793986318e-01
-3.287702798843383789e-01 -7.055476307868957520e-01 -6.277835369110107422e-01 -1.651207875522419766e+00
2.368772178888320923e-01 5.818812251091003418e-01 -7.780119776725769043e-01 -2.002632001794005578e+00
0.000000000000000000e+00 0.000000000000000000e+00 0.000000000000000000e+00 1.000000000000000000e+00
9.216208457946777344e-01 -3.854628801345825195e-01 -4.509467631578445435e-02 -4.417825267892320773e-01
-2.954241335391998291e-01 -6.214541196823120117e-01 -7.256166934967041016e-01 -1.934973451596924132e+00
2.516740560531616211e-01 6.820655465126037598e-01 -6.866201162338256836e-01 -1.767697848744012479e+00
0.000000000000000000e+00 0.000000000000000000e+00 0.000000000000000000e+00 1.000000000000000000e+00
9.315395951271057129e-01 -3.580373227596282959e-01 -6.357836723327636719e-02 -5.096291691846358551e-01
-2.657182812690734863e-01 -5.508527159690856934e-01 -7.911731600761413574e-01 -2.135018930517916136e+00
2.482472509145736694e-01 7.539036273956298828e-01 -6.082786321640014648e-01 -1.546258182804977732e+00
0.000000000000000000e+00 0.000000000000000000e+00 0.000000000000000000e+00 1.000000000000000000e+00
9.403466582298278809e-01 -3.357230424880981445e-01 -5.511898174881935120e-02 -5.071728698261154245e-01
-2.210373133420944214e-01 -4.797063469886779785e-01 -8.491313457489013672e-01 -2.323029498018556183e+00
2.586321532726287842e-01 8.106612563133239746e-01 -5.252975821495056152e-01 -1.327101492473510946e+00
0.000000000000000000e+00 0.000000000000000000e+00 0.000000000000000000e+00 1.000000000000000000e+00
9.522318243980407715e-01 -3.001392781734466553e-01 -5.631069466471672058e-02 -5.393965317573894414e-01
-1.826234310865402222e-01 -4.119059443473815918e-01 -8.927385210990905762e-01 -2.458592470942478680e+00
2.447511851787567139e-01 8.603777289390563965e-01 -4.470424652099609375e-01 -1.123691566723585833e+00
0.000000000000000000e+00 0.000000000000000000e+00 0.000000000000000000e+00 1.000000000000000000e+00
9.628805518150329590e-01 -2.655491232872009277e-01 -4.842131212353706360e-02 -5.415855503704115614e-01
-1.452851146459579468e-01 -3.586657941341400146e-01 -9.220905303955078125e-01 -2.560623972315006824e+00
2.274933159351348877e-01 8.948979973793029785e-01 -3.839326500892639160e-01 -9.446472696826562210e-01
0.000000000000000000e+00 0.000000000000000000e+00 0.000000000000000000e+00 1.000000000000000000e+00
9.690245985984802246e-01 -2.387296706438064575e-01 -6.324128061532974243e-02 -6.054339846234501055e-01
-1.306591629981994629e-01 -2.782784402370452881e-01 -9.515718817710876465e-01 -2.688408796157387926e+00
2.095697820186614990e-01 9.303596615791320801e-01 -3.008509278297424316e-01 -6.749659298721014666e-01
0.000000000000000000e+00 0.000000000000000000e+00 0.000000000000000000e+00 1.000000000000000000e+00
9.806672334671020508e-01 -1.877544224262237549e-01 -5.513627827167510986e-02 -6.094904847337972997e-01
-9.042046964168548584e-02 -1.849049478769302368e-01 -9.785877466201782227e-01 -2.800231692521025550e+00
1.735392510890960693e-01 9.646543860435485840e-01 -1.983070522546768188e-01 -3.339080758203806232e-01
0.000000000000000000e+00 0.000000000000000000e+00 0.000000000000000000e+00 1.000000000000000000e+00
9.952999949455261230e-01 -9.652128815650939941e-02 -7.843090221285820007e-03 -5.036846301728705733e-01
-2.119289152324199677e-02 -1.380742341279983521e-01 -9.901949763298034668e-01 -2.858191706716089797e+00
9.449198096990585327e-02 9.857072830200195312e-01 -1.394708901643753052e-01 -1.643718713569397027e-01
0.000000000000000000e+00 0.000000000000000000e+00 0.000000000000000000e+00 1.000000000000000000e+00
9.967178702354431152e-01 -8.062291890382766724e-02 7.302477490156888962e-03 -4.732659497117125968e-01
-1.255467906594276428e-02 -2.430620193481445312e-01 -9.699295163154602051e-01 -2.815404160494934249e+00
7.997349649667739868e-02 9.666544198989868164e-01 -2.432764619588851929e-01 -4.757406085929288264e-01
0.000000000000000000e+00 0.000000000000000000e+00 0.000000000000000000e+00 1.000000000000000000e+00
9.984310269355773926e-01 -1.963509432971477509e-02 5.243956670165061951e-02 -3.290743168503322824e-01
4.440182819962501526e-02 -2.929658293724060059e-01 -9.550913572311401367e-01 -2.875097895091563771e+00
3.411630913615226746e-02 9.559212923049926758e-01 -2.916343808174133301e-01 -5.989552041763693824e-01
0.000000000000000000e+00 0.000000000000000000e+00 0.000000000000000000e+00 1.000000000000000000e+00
9.890369176864624023e-01 5.989906564354896545e-02 1.349743157625198364e-01 -3.351729317559484084e-02
1.463202238082885742e-01 -2.742915153503417969e-01 -9.504495859146118164e-01 -2.972528677021898602e+00
-1.990875042974948883e-02 9.597792029380798340e-01 -2.800488173961639404e-01 -5.412424651993303915e-01
0.000000000000000000e+00 0.000000000000000000e+00 0.000000000000000000e+00 1.000000000000000000e+00
9.690032601356506348e-01 8.099697530269622803e-02 2.333923578262329102e-01 2.743569957951749738e-01
2.465201169252395630e-01 -2.553171813488006592e-01 -9.349015951156616211e-01 -3.017247239536250625e+00
-1.613511145114898682e-02 9.634587764739990234e-01 -2.673705518245697021e-01 -4.902253348215166451e-01
0.000000000000000000e+00 0.000000000000000000e+00 0.000000000000000000e+00 1.000000000000000000e+00
9.752385616302490234e-01 1.435971702449023724e-03 2.211508452892303467e-01 2.076936631036606362e-01
2.108732163906097412e-01 -3.074038028717041016e-01 -9.279198646545410156e-01 -2.987384091877647752e+00
6.665010005235671997e-02 9.515780210494995117e-01 -3.000948131084442139e-01 -6.424669504920510477e-01
0.000000000000000000e+00 0.000000000000000000e+00 0.000000000000000000e+00 1.000000000000000000e+00
9.877889156341552734e-01 -1.084328144788742065e-01 1.118719950318336487e-01 -1.751843319467362992e-01
6.394372135400772095e-02 -3.726302385330200195e-01 -9.257740974426269531e-01 -2.913549070771481286e+00
1.420711874961853027e-01 9.216229319572448730e-01 -3.611463904380798340e-01 -9.255695157922659844e-01
0.000000000000000000e+00 0.000000000000000000e+00 0.000000000000000000e+00 1.000000000000000000e+00
9.816887378692626953e-01 -1.889213323593139648e-01 2.441201545298099518e-02 -4.609078110535153039e-01
-3.636381402611732483e-02 -3.116492629051208496e-01 -9.495010972023010254e-01 -2.929492234445147059e+00
1.869890093803405762e-01 9.312267303466796875e-01 -3.128124773502349854e-01 -8.207026103156025432e-01
0.000000000000000000e+00 0.000000000000000000e+00 0.000000000000000000e+00 1.000000000000000000e+00
9.257241487503051758e-01 -3.656561374664306641e-01 -9.659025073051452637e-02 -8.122582330518358651e-01
-2.237137705087661743e-01 -3.235066831111907959e-01 -9.193995594978332520e-01 -2.744057551068111778e+00
3.049366176128387451e-01 8.727191686630249023e-01 -3.812802731990814209e-01 -1.120713226574883814e+00
0.000000000000000000e+00 0.000000000000000000e+00 0.000000000000000000e+00 1.000000000000000000e+00
8.774905800819396973e-01 -4.706646800041198730e-01 -9.211297333240509033e-02 -7.834838689798117040e-01
-2.786977291107177734e-01 -3.441207110881805420e-01 -8.966095447540283203e-01 -2.640233278495684122e+00
3.903045654296875000e-01 8.124385476112365723e-01 -4.331357479095458984e-01 -1.357222228544474607e+00
0.000000000000000000e+00 0.000000000000000000e+00 0.000000000000000000e+00 1.000000000000000000e+00
8.370499014854431152e-01 -5.427979230880737305e-01 -6.869617104530334473e-02 -6.935613684638637366e-01
-3.394324481487274170e-01 -4.167135953903198242e-01 -8.432888388633728027e-01 -2.448711120062317725e+00
4.291081130504608154e-01 7.291917204856872559e-01 -5.330529212951660156e-01 -1.698347377051540263e+00
0.000000000000000000e+00 0.000000000000000000e+00 0.000000000000000000e+00 1.000000000000000000e+00
8.065056204795837402e-01 -5.891351103782653809e-01 -4.967024549841880798e-02 -6.195792032539039207e-01
-4.222039580345153809e-01 -5.150923728942871094e-01 -7.459377050399780273e-01 -2.101801200824961580e+00
4.138738214969635010e-01 6.225743293762207031e-01 -6.641607284545898438e-01 -2.095373764022955942e+00
0.000000000000000000e+00 0.000000000000000000e+00 0.000000000000000000e+00 1.000000000000000000e+00
7.762224078178405762e-01 -6.299505233764648438e-01 -2.531829103827476501e-02 -5.310693344235779545e-01
-5.041725039482116699e-01 -5.961259603500366211e-01 -6.248549222946166992e-01 -1.677861722666872835e+00
3.785347938537597656e-01 4.977910220623016357e-01 -7.803296446800231934e-01 -2.428207104284464179e+00
0.000000000000000000e+00 0.000000000000000000e+00 0.000000000000000000e+00 1.000000000000000000e+00
7.551133632659912109e-01 -6.551952362060546875e-01 -2.286987006664276123e-02 -5.100098605755334358e-01
-5.657302141189575195e-01 -6.335837841033935547e-01 -5.277504920959472656e-01 -1.341530450418981779e+00
3.312895298004150391e-01 4.114494323730468750e-01 -8.490910530090332031e-01 -2.615703046837003498e+00
0.000000000000000000e+00 0.000000000000000000e+00 0.000000000000000000e+00 1.000000000000000000e+00
6.544669866561889648e-01 -7.559513449668884277e-01 -1.449613645672798157e-02 -4.252469580563415508e-01
-6.743330955505371094e-01 -5.749195218086242676e-01 -4.634037315845489502e-01 -1.071013017529206302e+00
3.419767320156097412e-01 3.130574822425842285e-01 -8.860289454460144043e-01 -2.749397365525783510e+00
0.000000000000000000e+00 0.000000000000000000e+00 0.000000000000000000e+00 1.000000000000000000e+00
5.880479216575622559e-01 -8.086088895797729492e-01 1.874263212084770203e-02 -2.761189440448295063e-01
-7.382041215896606445e-01 -5.460285544395446777e-01 -3.961150646209716797e-01 -8.200807890818631041e-01
3.305364251136779785e-01 2.190988063812255859e-01 -9.180099964141845703e-01 -2.853964188090350351e+00
0.000000000000000000e+00 0.000000000000000000e+00 0.000000000000000000e+00 1.000000000000000000e+00
5.430155396461486816e-01 -8.380976319313049316e-01 5.221558362245559692e-02 -1.364076870302047551e-01
-7.813929915428161621e-01 -5.270894765853881836e-01 -3.340684473514556885e-01 -5.911924099111069975e-01
3.075044453144073486e-01 1.406035274267196655e-01 -9.411017894744873047e-01 -2.915369843962057228e+00
0.000000000000000000e+00 0.000000000000000000e+00 0.000000000000000000e+00 1.000000000000000000e+00
5.078397989273071289e-01 -8.541128635406494141e-01 1.122036576271057129e-01 7.966894539304580913e-02
-8.172202110290527344e-01 -5.188603997230529785e-01 -2.508681714534759521e-01 -3.082945563446039539e-01
2.724879086017608643e-01 3.570579364895820618e-02 -9.614965319633483887e-01 -2.963340339459450412e+00
0.000000000000000000e+00 0.000000000000000000e+00 0.000000000000000000e+00 1.000000000000000000e+00
4.394510686397552490e-01 -8.840507864952087402e-01 1.591756641864776611e-01 2.794470055993846236e-01
-8.593490123748779297e-01 -4.653528332710266113e-01 -2.120523899793624878e-01 -1.567993279333320666e-01
2.615378797054290771e-01 -4.360087588429450989e-02 -9.642080068588256836e-01 -2.967775771853968791e+00
0.000000000000000000e+00 0.000000000000000000e+00 0.000000000000000000e+00 1.000000000000000000e+00
3.537694215774536133e-01 -8.988133072853088379e-01 2.588076591491699219e-01 6.513936872540255774e-01
-8.947635293006896973e-01 -4.058198034763336182e-01 -1.863015592098236084e-01 -5.144737464616783856e-02
2.724797427654266357e-01 -1.656640619039535522e-01 -9.477921724319458008e-01 -2.921248433717738902e+00
0.000000000000000000e+00 0.000000000000000000e+00 0.000000000000000000e+00 1.000000000000000000e+00
2.933364808559417725e-01 -8.872700929641723633e-01 3.559567332267761230e-01 9.918519618504620938e-01
-9.147117137908935547e-01 -3.687379062175750732e-01 -1.653342843055725098e-01 2.680502645289423169e-02
2.779508233070373535e-01 -2.770990729331970215e-01 -9.197604060173034668e-01 -2.840699833529910290e+00
0.000000000000000000e+00 0.000000000000000000e+00 0.000000000000000000e+00 1.000000000000000000e+00
2.732158303260803223e-01 -8.566111326217651367e-01 4.376873672008514404e-01 1.249715829628924579e+00
-9.327653646469116211e-01 -3.471449315547943115e-01 -9.715121984481811523e-02 2.516797492474626696e-01
2.351617366075515747e-01 -3.817164301872253418e-01 -8.938631415367126465e-01 -2.729409498104522047e+00
0.000000000000000000e+00 0.000000000000000000e+00 0.000000000000000000e+00 1.000000000000000000e+00
1.827203780412673950e-01 -7.801436185836791992e-01 5.983216166496276855e-01 1.795396530764348908e+00
-9.607295393943786621e-01 -2.709464728832244873e-01 -5.988801270723342896e-02 3.728777531693259761e-01
2.088345289230346680e-01 -5.638825297355651855e-01 -7.990149855613708496e-01 -2.422535744199572960e+00
0.000000000000000000e+00 0.000000000000000000e+00 0.000000000000000000e+00 1.000000000000000000e+00
1.373130381107330322e-01 -6.813124418258666992e-01 7.189982533454895020e-01 2.187882076906835671e+00
-9.736630916595458984e-01 -2.262151390314102173e-01 -2.840982377529144287e-02 4.742834264548331791e-01
1.820041686296463013e-01 -6.961607933044433594e-01 -6.944310665130615234e-01 -2.098104587507611196e+00
0.000000000000000000e+00 0.000000000000000000e+00 0.000000000000000000e+00 1.000000000000000000e+00
1.121097505092620850e-01 -5.790616273880004883e-01 8.075387477874755859e-01 2.465313627045046641e+00
-9.827257394790649414e-01 -1.850324124097824097e-01 3.749603871256113052e-03 5.740468873808202144e-01
1.472494900226593018e-01 -7.940090894699096680e-01 -5.898022055625915527e-01 -1.765023592612901648e+00
0.000000000000000000e+00 0.000000000000000000e+00 0.000000000000000000e+00 1.000000000000000000e+00
8.216842263936996460e-02 -5.057231783866882324e-01 8.587735891342163086e-01 2.637814529956990395e+00
-9.901205897331237793e-01 -1.396624296903610229e-01 1.248992141336202621e-02 6.072248129725610344e-01
1.136218681931495667e-01 -8.513156175613403320e-01 -5.122032761573791504e-01 -1.513225745687170498e+00
0.000000000000000000e+00 0.000000000000000000e+00 0.000000000000000000e+00 1.000000000000000000e+00
1.578242331743240356e-01 -5.093109607696533203e-01 8.459869623184204102e-01 2.539110016787816448e+00
-9.871065616607666016e-01 -1.045295372605323792e-01 1.212208122014999390e-01 9.330709813180679824e-01
2.669148333370685577e-02 -8.542103767395019531e-01 -5.192413330078125000e-01 -1.467737591226301541e+00
0.000000000000000000e+00 0.000000000000000000e+00 0.000000000000000000e+00 1.000000000000000000e+00
2.683761119842529297e-01 -5.871334671974182129e-01 7.637067437171936035e-01 2.221529304579264341e+00
-9.583801627159118652e-01 -8.259896188974380493e-02 2.732850909233093262e-01 1.369511154763744409e+00
-9.737347811460494995e-02 -8.052653074264526367e-01 -5.848649144172668457e-01 -1.568641332725966508e+00
0.000000000000000000e+00 0.000000000000000000e+00 0.000000000000000000e+00 1.000000000000000000e+00
3.204092681407928467e-01 -6.234983205795288086e-01 7.131534814834594727e-01 2.044609111663935774e+00
-9.282160997390747070e-01 -5.637562647461891174e-02 3.677457273006439209e-01 1.622374675442594283e+00
-1.890841275453567505e-01 -7.797892093658447266e-01 -5.968039631843566895e-01 -1.539458510970603600e+00
0.000000000000000000e+00 0.000000000000000000e+00 0.000000000000000000e+00 1.000000000000000000e+00
3.658657371997833252e-01 -6.424958109855651855e-01 6.733061671257019043e-01 1.896441276740410409e+00
-8.896291255950927734e-01 -2.897561900317668915e-02 4.557631015777587891e-01 1.846991219144357377e+00
-2.733165025711059570e-01 -7.657411098480224609e-01 -5.821843147277832031e-01 -1.436052836814406319e+00
0.000000000000000000e+00 0.000000000000000000e+00 0.000000000000000000e+00 1.000000000000000000e+00
4.218313097953796387e-01 -6.470066308975219727e-01 6.351696848869323730e-01 1.738102493680406369e+00
-8.370999097824096680e-01 -8.794777095317840576e-03 5.469796657562255859e-01 2.073011323059802180e+00
-3.483130931854248047e-01 -7.624338269233703613e-01 -5.453194379806518555e-01 -1.260637335503364431e+00
0.000000000000000000e+00 0.000000000000000000e+00 0.000000000000000000e+00 1.000000000000000000e+00
5.205185413360595703e-01 -6.459077596664428711e-01 5.584477782249450684e-01 1.457841886019189070e+00
-7.290974855422973633e-01 4.166883416473865509e-03 6.843971610069274902e-01 2.374894732628875627e+00
-4.443842470645904541e-01 -7.634044289588928223e-01 -4.687606096267700195e-01 -9.387617124846477923e-01
0.000000000000000000e+00 0.000000000000000000e+00 0.000000000000000000e+00 1.000000000000000000e+00
6.212182641029357910e-01 -6.882922649383544922e-01 3.746212422847747803e-01 8.555120846148083213e-01
-5.754566192626953125e-01 -7.618755847215652466e-02 8.142759203910827637e-01 2.667424661304767408e+00
-5.319182872772216797e-01 -7.214215993881225586e-01 -4.434114992618560791e-01 -7.979479784448115787e-01
0.000000000000000000e+00 0.000000000000000000e+00 0.000000000000000000e+00 1.000000000000000000e+00
6.354541182518005371e-01 -7.250577211380004883e-01 2.654992043972015381e-01 5.612119771881458608e-01
-4.918794929981231689e-01 -1.150726974010467529e-01 8.630256056785583496e-01 2.755696222912142446e+00
-5.951912999153137207e-01 -6.790066361427307129e-01 -4.297643303871154785e-01 -7.133503974655827085e-01
0.000000000000000000e+00 0.000000000000000000e+00 0.000000000000000000e+00 1.000000000000000000e+00
5.885600447654724121e-01 -7.860233783721923828e-01 1.891135871410369873e-01 4.015395497837498384e-01
-3.902048766613006592e-01 -7.132099568843841553e-02 9.179615974426269531e-01 2.853401011584281388e+00
-7.080516815185546875e-01 -6.140686869621276855e-01 -3.486869037151336670e-01 -4.585188847599998008e-01
0.000000000000000000e+00 0.000000000000000000e+00 0.000000000000000000e+00 1.000000000000000000e+00
4.270466268062591553e-01 -9.024940133094787598e-01 5.599064379930496216e-02 1.696427014500714592e-01
-2.241748720407485962e-01 -4.568182677030563354e-02 9.734776616096496582e-01 2.922973337677972516e+00
-8.760004043579101562e-01 -4.282719790935516357e-01 -2.218249291181564331e-01 -8.796589852445894919e-02
0.000000000000000000e+00 0.000000000000000000e+00 0.000000000000000000e+00 1.000000000000000000e+00
3.045989274978637695e-01 -9.473372697830200195e-01 -9.885434061288833618e-02 -2.388698763661685209e-01
-2.622287869453430176e-01 -1.831820309162139893e-01 9.474601745605468750e-01 2.934664843871561679e+00
-9.156724810600280762e-01 -2.626726031303405762e-01 -3.042160868644714355e-01 -3.811648223867378782e-01
0.000000000000000000e+00 0.000000000000000000e+00 0.000000000000000000e+00 1.000000000000000000e+00
3.022538125514984131e-01 -9.528298377990722656e-01 2.753807976841926575e-02 1.533344455230940540e-01
-3.734470903873443604e-01 -9.178492426872253418e-02 9.230994582176208496e-01 2.882365980043919862e+00
-8.770291805267333984e-01 -2.892944812774658203e-01 -3.835740685462951660e-01 -6.036937548043942448e-01
0.000000000000000000e+00 0.000000000000000000e+00 0.000000000000000000e+00 1.000000000000000000e+00
2.746282815933227539e-01 -9.609982371330261230e-01 3.259409964084625244e-02 2.208007500735599538e-01
-4.664276242256164551e-01 -1.034974753856658936e-01 8.784836530685424805e-01 2.784227692286812328e+00
-8.408476114273071289e-01 -2.564591467380523682e-01 -4.766592383384704590e-01 -9.101314571950074317e-01
0.000000000000000000e+00 0.000000000000000000e+00 0.000000000000000000e+00 1.000000000000000000e+00
1.721823960542678833e-01 -9.840871691703796387e-01 4.388255998492240906e-02 3.038499722109483936e-01
-4.794832766056060791e-01 -4.481268301606178284e-02 8.764060735702514648e-01 2.776397114926376197e+00
-8.604936003684997559e-01 -1.719425767660140991e-01 -4.795691072940826416e-01 -9.315232987374153506e-01
0.000000000000000000e+00 0.000000000000000000e+00 0.000000000000000000e+00 1.000000000000000000e+00
