-0.8843503594398499 -0.4652820825576782 -0.03790420293807983 0.05430229008197784 
-0.461416482925415 0.8835435509681702 -0.08028440922498703 0.05431582033634186 
0.07084491848945618 -0.05350992828607559 -0.9960508346557617 0.3082074522972107 
0 0 0 1 

-0.9221314191818237 -0.3842164874076843 -0.04529092460870743 0.05780649557709694 
-0.3815905451774597 0.9225639700889587 -0.05713402107357979 0.04594192653894424 
0.06373560428619385 -0.03540248796343803 -0.9973387122154236 0.308294266462326 
0 0 0 1 

-0.9571333527565002 -0.2882687449455261 -0.02823404036462307 0.05397525802254677 
-0.2857366800308228 0.955676794052124 -0.07096722722053528 0.04973780363798141 
0.04744024947285652 -0.05985759198665619 -0.9970792531967163 0.3077835142612457 
0 0 0 1 

-0.980429470539093 -0.1964658349752426 -0.01260527782142162 0.05028953030705452 
-0.1947321742773056 0.9772040247917175 -0.0845673605799675 0.05232689529657364 
0.02893252857029438 -0.08045769482851028 -0.9963377118110657 0.3077487349510193 
0 0 0 1 

-0.9945051074028015 -0.102225236594677 -0.02255654707551003 0.05605702102184296 
-0.1007748544216156 0.9932122230529785 -0.05808547511696815 0.03831684961915016 
0.02834124118089676 -0.05549319088459015 -0.9980564713478088 0.3090765178203583 
0 0 0 1 

-0.9999899864196777 -0.003335721325129271 0.00294982735067606 0.04862280935049057 
-0.003397481516003609 0.9997697472572327 -0.02118582651019096 0.01504440791904926 
-0.002878478262573481 -0.02119564078748226 -0.9997711777687073 0.3130012154579163 
0 0 0 1 

-0.9040382504463196 -0.3991794288158417 -0.1528752446174622 0.0932774618268013 
-0.4007687270641327 0.9159237146377563 -0.02163654938340187 0.03112334199249744 
0.1486589163541794 0.04170734062790871 -0.9880086779594421 0.3092448711395264 
0 0 0 1 

-0.8751971125602722 -0.4272980391979218 -0.2268176227807999 0.1167535707354546 
-0.44451704621315 0.8953156471252441 0.02854054793715477 0.0195387601852417 
0.1908780485391617 0.1258029192686081 -0.973518967628479 0.3039335608482361 
0 0 0 1 

-0.860332727432251 -0.3363155424594879 -0.3830394446849823 0.1688728481531143 
-0.390896737575531 0.9175888299942017 0.07232124358415604 0.002771988045424223 
0.3271499872207642 0.2119492143392563 -0.9208964109420776 0.281897634267807 
0 0 0 1 

-0.8510608077049255 -0.2998298704624176 -0.4310420453548431 0.1852462291717529 
-0.3731511831283569 0.9229159951210022 0.09478560835123062 -0.004716041497886181 
0.3693960607051849 0.2415121346712112 -0.8973395228385925 0.2732428014278412 
0 0 0 1 

