1 0 0 -0.04542167112231255 
0 1 0 0.0009935460984706879 
0 0 1 -0.2875000238418579 
0 0 0 1 

0.99635249376297 0.08401872962713242 0.01492090802639723 -0.04800515994429588 
-0.08376947790384293 0.9963467121124268 -0.01661112159490585 0.008998329751193523 
-0.01626203581690788 0.015300621278584 0.9997506737709045 -0.2932538688182831 
0 0 0 1 

0.9847936630249023 0.1711228787899017 0.02997075766324997 -0.05085048452019691 
-0.16954305768013 0.9842994213104248 -0.04908780753612518 0.02390022948384285 
-0.03790029883384705 0.04325998574495316 0.9983447194099426 -0.2926381528377533 
0 0 0 1 

0.9635987877845764 0.2647557854652405 0.03716899082064629 -0.05053428933024406 
-0.2614551782608032 0.9622319936752319 -0.07583237439393997 0.0374799519777298 
-0.05584229901432991 0.06335393339395523 0.996427595615387 -0.291806161403656 
0 0 0 1 

0.9368844628334045 0.3463655412197113 0.04772629216313362 -0.05090602114796638 
-0.3388456404209137 0.9331197142601013 -0.1202962175011635 0.05432768166065216 
-0.08620092272758484 0.09653175622224808 0.9915900230407715 -0.2892628014087677 
0 0 0 1 

