0.7939074635505676 0.5900357365608215 -0.1468622833490372 0.01500778272747993 
-0.5331998467445374 0.5594881176948547 -0.6345632076263428 0.1976410746574402 
-0.2922475039958954 0.5820914506912231 0.7587890028953552 -0.1864460110664368 
0 0 0 1 

0.8172434568405151 0.5588594675064087 -0.1406738460063934 0.01129533722996712 
-0.4764535427093506 0.5179007649421692 -0.7104721069335938 0.2174776792526245 
-0.3241990506649017 0.6476532220840454 0.6895216703414917 -0.1619732528924942 
0 0 0 1 

0.8469191193580627 0.5130051374435425 -0.1398344486951828 0.007853099144995213 
-0.4115888178348541 0.466001033782959 -0.7832225561141968 0.2362468689680099 
-0.3366342484951019 0.7208805084228516 0.6058124303817749 -0.1385208964347839 
0 0 0 1 

0.8784956932067871 0.4667001962661743 -0.1021575927734375 -0.004916387610137463 
-0.324193000793457 0.4252802431583405 -0.8450061678886414 0.2512041926383972 
-0.3509190082550049 0.7754530310630798 0.5249078273773193 -0.1170801371335983 
0 0 0 1 

0.9011189341545105 0.4289122223854065 -0.06339545547962189 -0.01535767037421465 
-0.2171226739883423 0.3198476433753967 -0.9222553968429565 0.26614710688591 
-0.3752897679805756 0.844826340675354 0.3813473582267761 -0.07859896868467331 
0 0 0 1 

0.8998774886131287 0.4359596371650696 -0.01263497490435839 -0.03363391384482384 
-0.04987439513206482 0.07408101856708527 -0.9960042238235474 0.2819175124168396 
-0.4332816600799561 0.8969119787216187 0.08840714395046234 -0.0003258575743529946 
0 0 0 1 

0.8954318761825562 0.4443244934082031 -0.02788477391004562 -0.02706181816756725 
-0.05952160805463791 0.05740892887115479 -0.9965749979019165 0.2827882766723633 
-0.4412017464637756 0.8940247297286987 0.07785265147686005 -0.002218062058091164 
0 0 0 1 

0.8606113195419312 0.5088426470756531 -0.02067399956285954 -0.02592497132718563 
-0.07438361644744873 0.08543788641691208 -0.9935630559921265 0.2824466824531555 
-0.5038008689880371 0.8566093444824219 0.1113783344626427 -0.009107130579650402 
0 0 0 1 

0.8519218564033508 0.5199729800224304 -0.06210632994771004 -0.01431060582399368 
-0.1784697920084 0.176793172955513 -0.9679320454597473 0.2790578305721283 
-0.4923186004161835 0.8356865048408508 0.2434134781360626 -0.03999563306570053 
0 0 0 1 

0.8400765061378479 0.5369049906730652 -0.0774887427687645 -0.00898383092135191 
-0.2432839721441269 0.2452167570590973 -0.9384464025497437 0.2727121114730835 
-0.4848550260066986 0.8072185516357422 0.3366212248802185 -0.06748387962579727 
0 0 0 1 

