0.5353446006774902 0.8171652555465698 -0.2136516273021698 0.05389126017689705 
-0.8404979705810547 0.4903972744941711 -0.230377122759819 0.1049193739891052 
-0.08348200470209122 0.3029049336910248 0.9493573307991028 -0.2683736979961395 
0 0 0 1 

0.5960348844528198 0.7762048244476318 -0.2055440545082092 0.04712606221437454 
-0.7938308715820312 0.5311386585235596 -0.2961826026439667 0.1211071014404297 
-0.1207260191440582 0.3397023677825928 0.9327526092529297 -0.2597371935844421 
0 0 0 1 

0.674150288105011 0.7164571285247803 -0.179472804069519 0.03350533172488213 
-0.7209739685058594 0.5855841040611267 -0.370523601770401 0.1363342553377151 
-0.1603679060935974 0.3791837990283966 0.9113187193870544 -0.2493830770254135 
0 0 0 1 

0.7382888793945312 0.6547132730484009 -0.1621107757091522 0.02481403574347496 
-0.64633709192276 0.6180320978164673 -0.4475314915180206 0.1519860625267029 
-0.1928152441978455 0.4351857304573059 0.8794518113136292 -0.2348188757896423 
0 0 0 1 

0.767733633518219 0.6238452196121216 -0.1462944149971008 0.01779663003981113 
-0.5925205945968628 0.6042590141296387 -0.5327195525169373 0.1712198257446289 
-0.2439349591732025 0.4956691265106201 0.8335512280464172 -0.2140598297119141 
0 0 0 1 

0.7944706678390503 0.5886684656143188 -0.1492840498685837 0.01572181843221188 
-0.5345900058746338 0.5612576007843018 -0.6318254470825195 0.1964390128850937 
-0.2881489396095276 0.5817724466323853 0.7605989575386047 -0.1870353072881699 
0 0 0 1 

0.8176615834236145 0.5581245422363281 -0.1411610245704651 0.0115065285935998 
-0.4768247604370117 0.5191587805747986 -0.7093039155006409 0.2165918946266174 
-0.3225950598716736 0.647279679775238 0.6906238794326782 -0.1623523235321045 
0 0 0 1 

0.8499664664268494 0.5077849626541138 -0.1403970718383789 0.008041367866098881 
-0.4105450510978699 0.4713879823684692 -0.7805421948432922 0.2349671423435211 
-0.3301660716533661 0.7210740447044373 0.6091326475143433 -0.139560654759407 
0 0 0 1 

0.8803444504737854 0.464301198720932 -0.09704645723104477 -0.006276807282119989 
-0.3231620192527771 0.4373220205307007 -0.8392350673675537 0.2489003539085388 
-0.3472173810005188 0.7701777219772339 0.5350385904312134 -0.1200589835643768 
0 0 0 1 

0.8857932090759277 0.4545846283435822 -0.09339745342731476 -0.00780146149918437 
-0.3092154264450073 0.4280546605587006 -0.8492085337638855 0.2510465979576111 
-0.3460581004619598 0.7811030149459839 0.5197325348854065 -0.116019994020462 
0 0 0 1 

