1.000000000000000000e+00 0.000000000000000000e+00 0.000000000000000000e+00 -4.542167112231254578e-02
0.000000000000000000e+00 1.000000000000000000e+00 0.000000000000000000e+00 9.935460984706878662e-04
0.000000000000000000e+00 0.000000000000000000e+00 1.000000000000000000e+00 -2.875000238418579102e-01
0.000000000000000000e+00 0.000000000000000000e+00 0.000000000000000000e+00 1.000000000000000000e+00
9.966762661933898926e-01 8.012977242469787598e-02 1.468327362090349197e-02 -4.839581251144409180e-02
-7.985723763704299927e-02 9.966384172439575195e-01 -1.829378493130207062e-02 9.848570451140403748e-03
-1.609980314970016479e-02 1.706040836870670319e-02 9.997248053550720215e-01 -2.933002114295959473e-01
0.000000000000000000e+00 0.000000000000000000e+00 0.000000000000000000e+00 1.000000000000000000e+00
9.859213232994079590e-01 1.638136953115463257e-01 3.352290764451026917e-02 -5.226617678999900818e-02
-1.620704382658004761e-01 9.855411648750305176e-01 -4.941197857260704041e-02 2.445224486291408539e-02
-4.113264009356498718e-02 4.328319430351257324e-02 9.982157349586486816e-01 -2.924481630325317383e-01
0.000000000000000000e+00 0.000000000000000000e+00 0.000000000000000000e+00 1.000000000000000000e+00
9.664461612701416016e-01 2.543752789497375488e-01 3.570642694830894470e-02 -5.068204924464225769e-02
-2.510573863983154297e-01 9.648116230964660645e-01 -7.815749198198318481e-02 3.818960487842559814e-02
-5.433134362101554871e-02 6.657063961029052734e-02 9.963013529777526855e-01 -2.918730676174163818e-01
0.000000000000000000e+00 0.000000000000000000e+00 0.000000000000000000e+00 1.000000000000000000e+00
9.378978013992309570e-01 3.428395390510559082e-01 5.299398675560951233e-02 -5.303040891885757446e-02
-3.347168564796447754e-01 9.344548583030700684e-01 -1.214834749698638916e-01 5.620969459414482117e-02
-9.116990119218826294e-02 9.620106965303421021e-02 9.911778569221496582e-01 -2.890317738056182861e-01
0.000000000000000000e+00 0.000000000000000000e+00 0.000000000000000000e+00 1.000000000000000000e+00
8.938292264938354492e-01 4.475500583648681641e-01 2.771808765828609467e-02 -4.215718805789947510e-02
-4.400418400764465332e-01 8.873606324195861816e-01 -1.376743167638778687e-01 6.509502977132797241e-02
-8.621211349964141846e-02 1.108602359890937805e-01 9.900897145271301270e-01 -2.900477647781372070e-01
0.000000000000000000e+00 0.000000000000000000e+00 0.000000000000000000e+00 1.000000000000000000e+00
8.465818762779235840e-01 5.321199297904968262e-01 1.213209331035614014e-02 -3.465032950043678284e-02
-5.230801105499267578e-01 8.359821438789367676e-01 -1.658942252397537231e-01 7.773308455944061279e-02
-9.841790795326232910e-02 1.340969651937484741e-01 9.860689043998718262e-01 -2.887482345104217529e-01
0.000000000000000000e+00 0.000000000000000000e+00 0.000000000000000000e+00 1.000000000000000000e+00
7.953378558158874512e-01 6.060883402824401855e-01 -9.721151553094387054e-03 -2.473525702953338623e-02
-5.988003015518188477e-01 7.830795645713806152e-01 -1.680014878511428833e-01 8.199688047170639038e-02
-9.421133249998092651e-02 1.394389569759368896e-01 9.857388138771057129e-01 -2.897924482822418213e-01
0.000000000000000000e+00 0.000000000000000000e+00 0.000000000000000000e+00 1.000000000000000000e+00
7.228803038597106934e-01 6.900414228439331055e-01 -3.587185963988304138e-02 -1.146131288260221481e-02
-6.854910254478454590e-01 7.096513509750366211e-01 -1.627783179283142090e-01 8.352503180503845215e-02
-8.686731755733489990e-02 1.422590762376785278e-01 9.860103726387023926e-01 -2.906190454959869385e-01
0.000000000000000000e+00 0.000000000000000000e+00 0.000000000000000000e+00 1.000000000000000000e+00
6.484304070472717285e-01 7.603842616081237793e-01 -3.678890690207481384e-02 -6.015780381858348846e-03
-7.569147944450378418e-01 6.388004422187805176e-01 -1.378896683454513550e-01 7.821153104305267334e-02
-8.134841173887252808e-02 1.172579154372215271e-01 9.897640943527221680e-01 -2.934142053127288818e-01
0.000000000000000000e+00 0.000000000000000000e+00 0.000000000000000000e+00 1.000000000000000000e+00
5.489288568496704102e-01 8.345709443092346191e-01 -4.656536504626274109e-02 3.105508862063288689e-03
-8.341203331947326660e-01 5.433279275894165039e-01 -9.506796300411224365e-02 6.666620075702667236e-02
-5.404070764780044556e-02 9.102665632963180542e-02 9.943810701370239258e-01 -2.982744276523590088e-01
0.000000000000000000e+00 0.000000000000000000e+00 0.000000000000000000e+00 1.000000000000000000e+00
4.602487385272979736e-01 8.820700049400329590e-01 -1.006158664822578430e-01 2.621800824999809265e-02
-8.877837657928466797e-01 4.568548500537872314e-01 -5.588990449905395508e-02 5.502219498157501221e-02
-3.331959247589111328e-03 1.150484010577201843e-01 9.933543205261230469e-01 -3.018976449966430664e-01
0.000000000000000000e+00 0.000000000000000000e+00 0.000000000000000000e+00 1.000000000000000000e+00
3.541802763938903809e-01 9.287130236625671387e-01 -1.097650229930877686e-01 3.340710699558258057e-02
-9.349319934844970703e-01 3.543275892734527588e-01 -1.881978847086429596e-02 4.105367511510848999e-02
2.141458913683891296e-02 1.092884242534637451e-01 9.937794208526611328e-01 -3.034693896770477295e-01
0.000000000000000000e+00 0.000000000000000000e+00 0.000000000000000000e+00 1.000000000000000000e+00
2.706322968006134033e-01 9.539071321487426758e-01 -1.296883225440979004e-01 4.239011555910110474e-02
-9.591489434242248535e-01 2.787130177021026611e-01 4.849841073155403137e-02 1.611512526869773865e-02
8.240878582000732422e-02 1.112652271986007690e-01 9.903680682182312012e-01 -3.031635880470275879e-01
0.000000000000000000e+00 0.000000000000000000e+00 0.000000000000000000e+00 1.000000000000000000e+00
1.892195194959640503e-01 9.685393571853637695e-01 -1.616401970386505127e-01 5.389245226979255676e-02
-9.731166958808898926e-01 2.069736570119857788e-01 1.010235399007797241e-01 -3.442844143137335777e-03
1.313005238771438599e-01 1.381791532039642334e-01 9.816652536392211914e-01 -3.012419044971466064e-01
0.000000000000000000e+00 0.000000000000000000e+00 0.000000000000000000e+00 1.000000000000000000e+00
1.144720464944839478e-01 9.796264767646789551e-01 -1.650103926658630371e-01 5.665419623255729675e-02
-9.705871343612670898e-01 1.456990242004394531e-01 1.916578114032745361e-01 -3.438093885779380798e-02
2.117949128150939941e-01 1.382174789905548096e-01 9.674911499023437500e-01 -2.983071506023406982e-01
0.000000000000000000e+00 0.000000000000000000e+00 0.000000000000000000e+00 1.000000000000000000e+00
1.869397759437561035e-01 9.708963036537170410e-01 -1.497127711772918701e-01 5.098532512784004211e-02
-9.543094635009765625e-01 2.156440615653991699e-01 2.068601846694946289e-01 -3.871520608663558960e-02
2.331244498491287231e-01 1.042019128799438477e-01 9.668478965759277344e-01 -2.960635423660278320e-01
0.000000000000000000e+00 0.000000000000000000e+00 0.000000000000000000e+00 1.000000000000000000e+00
2.693709433078765869e-01 9.511726498603820801e-01 -1.506975442171096802e-01 4.897366091609001160e-02
-9.387277364730834961e-01 2.942734956741333008e-01 1.794251501560211182e-01 -2.800047025084495544e-02
2.150106281042098999e-01 9.313207864761352539e-02 9.721610546112060547e-01 -2.950469255447387695e-01
0.000000000000000000e+00 0.000000000000000000e+00 0.000000000000000000e+00 1.000000000000000000e+00
3.272332847118377686e-01 9.326756596565246582e-01 -1.517713069915771484e-01 4.742378368973731995e-02
-9.330171942710876465e-01 3.443460166454315186e-01 1.044258102774620056e-01 -1.682751462794840336e-03
1.496572643518447876e-01 1.074336320161819458e-01 9.828839302062988281e-01 -2.949458062648773193e-01
0.000000000000000000e+00 0.000000000000000000e+00 0.000000000000000000e+00 1.000000000000000000e+00
3.602887988090515137e-01 9.128299951553344727e-01 -1.921809166669845581e-01 5.854115262627601624e-02
-9.293785095214843750e-01 3.689846098423004150e-01 1.027970295399427414e-02 3.087530843913555145e-02
8.029540628194808960e-02 1.749051809310913086e-01 9.813056588172912598e-01 -2.904492020606994629e-01
0.000000000000000000e+00 0.000000000000000000e+00 0.000000000000000000e+00 1.000000000000000000e+00
4.023342430591583252e-01 8.916990160942077637e-01 -2.073640674352645874e-01 6.087836250662803650e-02
-9.152073860168457031e-01 3.974098265171051025e-01 -6.678757816553115845e-02 5.734129622578620911e-02
2.285407297313213348e-02 2.166520804166793823e-01 9.759813547134399414e-01 -2.852374911308288574e-01
0.000000000000000000e+00 0.000000000000000000e+00 0.000000000000000000e+00 1.000000000000000000e+00
4.590025246143341064e-01 8.566606044769287109e-01 -2.354761362075805664e-01 6.593978404998779297e-02
-8.876001238822937012e-01 4.306840896606445312e-01 -1.633311659097671509e-01 8.648756146430969238e-02
-3.850362077355384827e-02 2.839781045913696289e-01 9.580574035644531250e-01 -2.745510935783386230e-01
0.000000000000000000e+00 0.000000000000000000e+00 0.000000000000000000e+00 1.000000000000000000e+00
5.337248444557189941e-01 8.186825513839721680e-01 -2.118879109621047974e-01 5.331215634942054749e-02
-8.411395549774169922e-01 4.880719780921936035e-01 -2.329585999250411987e-01 1.055633574724197388e-01
-8.730266243219375610e-02 3.025631308555603027e-01 9.491226673126220703e-01 -2.680313885211944580e-01
0.000000000000000000e+00 0.000000000000000000e+00 0.000000000000000000e+00 1.000000000000000000e+00
5.955440402030944824e-01 7.765119671821594238e-01 -2.058062702417373657e-01 4.722003638744354248e-02
-7.940942645072937012e-01 5.303339362144470215e-01 -2.969174087047576904e-01 1.211713701486587524e-01
-1.214139536023139954e-01 3.402570188045501709e-01 9.324612021446228027e-01 -2.595943510532379150e-01
0.000000000000000000e+00 0.000000000000000000e+00 0.000000000000000000e+00 1.000000000000000000e+00
6.759282946586608887e-01 7.153393030166625977e-01 -1.772297173738479614e-01 3.274109959602355957e-02
-7.191011309623718262e-01 5.875546932220458984e-01 -3.710429668426513672e-01 1.364348679780960083e-01
-1.612895429134368896e-01 3.782445192337036133e-01 9.115463495254516602e-01 -2.492369860410690308e-01
0.000000000000000000e+00 0.000000000000000000e+00 0.000000000000000000e+00 1.000000000000000000e+00
7.375470399856567383e-01 6.552101969718933105e-01 -1.634743213653564453e-01 2.516604028642177582e-02
-6.474984884262084961e-01 6.174136996269226074e-01 -4.467055499553680420e-01 1.515540033578872681e-01
-1.917547881603240967e-01 4.353157579898834229e-01 8.796194195747375488e-01 -2.348813861608505249e-01
0.000000000000000000e+00 0.000000000000000000e+00 0.000000000000000000e+00 1.000000000000000000e+00
7.684685587882995605e-01 6.227349042892456055e-01 -1.471635848283767700e-01 1.801349781453609467e-02
-5.919857025146484375e-01 6.045768260955810547e-01 -5.329535603523254395e-01 1.709321439266204834e-01
-2.429172247648239136e-01 4.966767430305480957e-01 8.332486152648925781e-01 -2.142166495323181152e-01
0.000000000000000000e+00 0.000000000000000000e+00 0.000000000000000000e+00 1.000000000000000000e+00
7.971850037574768066e-01 5.842081904411315918e-01 -1.523054093122482300e-01 1.644806750118732452e-02
-5.326196551322937012e-01 5.617508888244628906e-01 -6.330498456954956055e-01 1.965958476066589355e-01
-2.842752039432525635e-01 5.857786536216735840e-01 7.589802145957946777e-01 -1.868862211704254150e-01
0.000000000000000000e+00 0.000000000000000000e+00 0.000000000000000000e+00 1.000000000000000000e+00
