1 0 0 -0.04542167112231255 
0 1 0 0.0009935460984706879 
0 0 1 -0.2875000238418579 
0 0 0 1 

0.9965333938598633 0.0818939134478569 0.01464990805834532 -0.0482923686504364 
-0.08163639158010483 0.9965105056762695 -0.01738997548818588 0.00969120766967535 
-0.01602290943264961 0.01613373309373856 0.9997414350509644 -0.2934820652008057 
0 0 0 1 

0.9855769276618958 0.1660211831331253 0.03278601542115211 -0.05197880789637566 
-0.1642027050256729 0.985054075717926 -0.05201701447367668 0.0256336759775877 
-0.04093198478221893 0.0458831675350666 0.9981078505516052 -0.292618066072464 
0 0 0 1 

0.1897227913141251 0.9717034101486206 -0.1407042443752289 0.04838463291525841 
-0.9541128873825073 0.2162774652242661 0.2071051001548767 -0.03869942203164101 
0.2316758930683136 0.0949551984667778 0.9681476354598999 -0.2966983318328857 
0 0 0 1 

0.8879144191741943 0.4597819447517395 -0.01443972624838352 -0.02573275752365589 
-0.458720326423645 0.8873389959335327 0.04695902392268181 0.01129602082073689 
0.03440384566783905 -0.03507179394364357 0.9987924695014954 -0.2685001790523529 
0 0 0 1 

0.8936036825180054 0.4486872553825378 -0.01233026478439569 -0.02588686347007751 
-0.4418922066688538 0.88422691822052 0.1512410938739777 -0.02101459354162216 
0.07876274734735489 -0.1297009289264679 0.9884200096130371 -0.2676945626735687 
0 0 0 1 

0.8954669833183289 0.4448824822902679 -0.01477678585797548 -0.02479620464146137 
-0.4266146123409271 0.8672250509262085 0.2567499876022339 -0.0539189875125885 
0.1270384043455124 -0.2236071228981018 0.966364860534668 -0.2631601691246033 
0 0 0 1 

0.9001888036727905 0.4351557791233063 -0.01730312593281269 -0.02391855232417583 
-0.3987511694431305 0.839552104473114 0.3689845502376556 -0.09132890403270721 
0.1750927418470383 -0.3252560794353485 0.9292743802070618 -0.2535660266876221 
0 0 0 1 

0.9045829176902771 0.4259645938873291 -0.01684457436203957 -0.02530238404870033 
-0.3725836277008057 0.8091880679130554 0.4543080627918243 -0.119372621178627 
0.2071496993303299 -0.4046832621097565 0.8906853199005127 -0.2443020939826965 
0 0 0 1 

0.9122514128684998 0.4095230400562286 -0.009388801641762257 -0.02951725013554096 
-0.3458212316036224 0.7822299003601074 0.5181928277015686 -0.1385535597801208 
0.2195562571287155 -0.4694752395153046 0.8552121520042419 -0.235702320933342 
0 0 0 1 

