1.000000000000000000e+00 0.000000000000000000e+00 0.000000000000000000e+00 -4.542167112231254578e-02
0.000000000000000000e+00 1.000000000000000000e+00 0.000000000000000000e+00 9.935460984706878662e-04
0.000000000000000000e+00 0.000000000000000000e+00 1.000000000000000000e+00 -2.875000238418579102e-01
0.000000000000000000e+00 0.000000000000000000e+00 0.000000000000000000e+00 1.000000000000000000e+00
9.957793354988098145e-01 8.555830270051956177e-02 3.321294486522674561e-02 -5.356086790561676025e-02
-8.490639925003051758e-02 9.961766004562377930e-01 -2.056842297315597534e-02 1.101726200431585312e-02
-3.484576195478439331e-02 1.766160316765308380e-02 9.992365837097167969e-01 -2.922574281692504883e-01
0.000000000000000000e+00 0.000000000000000000e+00 0.000000000000000000e+00 1.000000000000000000e+00
9.840710163116455078e-01 1.686454862356185913e-01 5.623857304453849792e-02 -5.845003947615623474e-02
-1.659262180328369141e-01 9.848707318305969238e-01 -4.998032003641128540e-02 2.535141445696353912e-02
-6.381670385599136353e-02 3.985269740223884583e-02 9.971656203269958496e-01 -2.911540269851684570e-01
0.000000000000000000e+00 0.000000000000000000e+00 0.000000000000000000e+00 1.000000000000000000e+00
9.638617038726806641e-01 2.612386941909790039e-01 5.219858884811401367e-02 -5.492744967341423035e-02
-2.569405138492584229e-01 9.633644819259643555e-01 -7.687819004058837891e-02 3.861783817410469055e-02
-7.036986202001571655e-02 6.068797782063484192e-02 9.956731200218200684e-01 -2.910338342189788818e-01
0.000000000000000000e+00 0.000000000000000000e+00 0.000000000000000000e+00 1.000000000000000000e+00
9.352418184280395508e-01 3.473993837833404541e-01 6.809017062187194824e-02 -5.710127949714660645e-02
-3.375332057476043701e-01 9.330596923828125000e-01 -1.243811920285224915e-01 5.776590108871459961e-02
-1.067421957850456238e-01 9.334374219179153442e-02 9.898954629898071289e-01 -2.880520224571228027e-01
0.000000000000000000e+00 0.000000000000000000e+00 0.000000000000000000e+00 1.000000000000000000e+00
8.884138464927673340e-01 4.570424258708953857e-01 4.281311109662055969e-02 -4.613288119435310364e-02
-4.478657543659210205e-01 8.834593892097473145e-01 -1.375346481800079346e-01 6.619320809841156006e-02
-1.006828397512435913e-01 1.030131578445434570e-01 9.895712733268737793e-01 -2.892167866230010986e-01
0.000000000000000000e+00 0.000000000000000000e+00 0.000000000000000000e+00 1.000000000000000000e+00
8.414406180381774902e-01 5.392720103263854980e-01 3.409307450056076050e-02 -4.056124761700630188e-02
-5.274358391761779785e-01 8.334072828292846680e-01 -1.650554239749908447e-01 7.845894992351531982e-02
-1.174232959747314453e-01 1.209024861454963684e-01 9.856954216957092285e-01 -2.880255281925201416e-01
0.000000000000000000e+00 0.000000000000000000e+00 0.000000000000000000e+00 1.000000000000000000e+00
7.860994935035705566e-01 6.179099678993225098e-01 1.533451117575168610e-02 -3.171097487211227417e-02
-6.069681048393249512e-01 7.763906717300415039e-01 -1.697248220443725586e-01 8.363522589206695557e-02
-1.167802661657333374e-01 1.241128295660018921e-01 9.853718876838684082e-01 -2.889097332954406738e-01
0.000000000000000000e+00 0.000000000000000000e+00 0.000000000000000000e+00 1.000000000000000000e+00
7.139620184898376465e-01 7.000933289527893066e-01 -1.128264982253313065e-02 -1.804247125983238220e-02
-6.919161081314086914e-01 7.029708623886108398e-01 -1.645735800266265869e-01 8.491705358028411865e-02
-1.072854697704315186e-01 1.253059655427932739e-01 9.862997531890869141e-01 -2.902062237262725830e-01
0.000000000000000000e+00 0.000000000000000000e+00 0.000000000000000000e+00 1.000000000000000000e+00
6.381804347038269043e-01 7.697789072990417480e-01 -1.285463012754917145e-02 -1.232057064771652222e-02
-7.631328105926513672e-01 6.302872896194458008e-01 -1.427093297243118286e-01 8.102877438068389893e-02
-1.017525419592857361e-01 1.008840799331665039e-01 9.896814227104187012e-01 -2.927243709564208984e-01
0.000000000000000000e+00 0.000000000000000000e+00 0.000000000000000000e+00 1.000000000000000000e+00
5.456445813179016113e-01 8.375861644744873047e-01 -2.686211466789245605e-02 -2.337615471333265305e-03
-8.352255821228027344e-01 5.409333705902099609e-01 -9.894306212663650513e-02 6.865201890468597412e-02
-6.834273040294647217e-02 7.642356306314468384e-02 9.947301745414733887e-01 -2.980726659297943115e-01
0.000000000000000000e+00 0.000000000000000000e+00 0.000000000000000000e+00 1.000000000000000000e+00
4.530209004878997803e-01 8.894549012184143066e-01 -6.034279987215995789e-02 1.427501719444990158e-02
-8.912707567214965820e-01 4.503324627876281738e-01 -5.325757339596748352e-02 5.525702983140945435e-02
-2.019590884447097778e-02 7.790857553482055664e-02 9.967558979988098145e-01 -3.029292523860931396e-01
0.000000000000000000e+00 0.000000000000000000e+00 0.000000000000000000e+00 1.000000000000000000e+00
3.450939357280731201e-01 9.356825351715087891e-01 -7.354988902807235718e-02 2.338621579110622406e-02
-9.385234117507934570e-01 3.447770774364471436e-01 -1.736134290695190430e-02 4.143024608492851257e-02
9.113594889640808105e-03 7.501956075429916382e-02 9.971404075622558594e-01 -3.045864105224609375e-01
0.000000000000000000e+00 0.000000000000000000e+00 0.000000000000000000e+00 1.000000000000000000e+00
2.627989947795867920e-01 9.595196843147277832e-01 -1.012811213731765747e-01 3.442119434475898743e-02
-9.622202515602111816e-01 2.683809399604797363e-01 4.587445780634880066e-02 1.729403808712959290e-02
7.119935750961303711e-02 8.539894968271255493e-02 9.937996864318847656e-01 -3.042603433132171631e-01
0.000000000000000000e+00 0.000000000000000000e+00 0.000000000000000000e+00 1.000000000000000000e+00
1.833357065916061401e-01 9.739325642585754395e-01 -1.335822045803070068e-01 4.597283899784088135e-02
-9.747946262359619141e-01 1.976834237575531006e-01 1.034243479371070862e-01 -4.006352741271257401e-03
1.271351575851440430e-01 1.112537756562232971e-01 9.856258034706115723e-01 -3.025497198104858398e-01
0.000000000000000000e+00 0.000000000000000000e+00 0.000000000000000000e+00 1.000000000000000000e+00
1.123062893748283386e-01 9.850045442581176758e-01 -1.309698820114135742e-01 4.716889187693595886e-02
-9.715009927749633789e-01 1.365302950143814087e-01 1.937647908926010132e-01 -3.514453396201133728e-02
2.087405472993850708e-01 1.054763421416282654e-01 9.722663760185241699e-01 -3.000076711177825928e-01
0.000000000000000000e+00 0.000000000000000000e+00 0.000000000000000000e+00 1.000000000000000000e+00
1.888768821954727173e-01 9.752584695816040039e-01 -1.148791834712028503e-01 4.098271578550338745e-02
-9.548782706260681152e-01 2.097036391496658325e-01 2.103146314620971680e-01 -3.949970379471778870e-02
2.292015403509140015e-01 6.997206807136535645e-02 9.708602428436279297e-01 -2.975312173366546631e-01
0.000000000000000000e+00 0.000000000000000000e+00 0.000000000000000000e+00 1.000000000000000000e+00
2.707592248916625977e-01 9.550914764404296875e-01 -1.203740984201431274e-01 4.060744121670722961e-02
-9.390992522239685059e-01 2.895512878894805908e-01 1.850743144750595093e-01 -2.936104312539100647e-02
2.116173058748245239e-01 6.293267011642456055e-02 9.753242135047912598e-01 -2.963196337223052979e-01
0.000000000000000000e+00 0.000000000000000000e+00 0.000000000000000000e+00 1.000000000000000000e+00
3.243454396724700928e-01 9.390408396720886230e-01 -1.140266284346580505e-01 3.715422749519348145e-02
-9.358967542648315430e-01 3.360800445079803467e-01 1.055796891450881958e-01 -1.311212079599499702e-03
1.374656856060028076e-01 7.247291505336761475e-02 9.878515601158142090e-01 -2.964710593223571777e-01
0.000000000000000000e+00 0.000000000000000000e+00 0.000000000000000000e+00 1.000000000000000000e+00
3.551931977272033691e-01 9.223941564559936523e-01 -1.517447084188461304e-01 4.759400710463523865e-02
-9.325039982795715332e-01 3.609770238399505615e-01 1.149302069097757339e-02 3.108236566185951233e-02
6.537745147943496704e-02 1.374203264713287354e-01 9.883533120155334473e-01 -2.924930155277252197e-01
0.000000000000000000e+00 0.000000000000000000e+00 0.000000000000000000e+00 1.000000000000000000e+00
3.982639014720916748e-01 9.025001525878906250e-01 -1.639470607042312622e-01 4.926451295614242554e-02
-9.172517657279968262e-01 3.929911553859710693e-01 -6.485904008150100708e-02 5.781653150916099548e-02
5.894474685192108154e-03 1.762117743492126465e-01 9.843342900276184082e-01 -2.878432571887969971e-01
0.000000000000000000e+00 0.000000000000000000e+00 0.000000000000000000e+00 1.000000000000000000e+00
4.541653692722320557e-01 8.675070405006408691e-01 -2.028916180133819580e-01 5.761200934648513794e-02
-8.894147872924804688e-01 4.282643795013427734e-01 -1.597843170166015625e-01 8.660735189914703369e-02
-5.172285065054893494e-02 2.530232965946197510e-01 9.660761952400207520e-01 -2.770079076290130615e-01
0.000000000000000000e+00 0.000000000000000000e+00 0.000000000000000000e+00 1.000000000000000000e+00
5.251052379608154297e-01 8.316473960876464844e-01 -1.806307137012481689e-01 4.562005773186683655e-02
-8.445392847061157227e-01 4.830453395843505859e-01 -2.311277538537979126e-01 1.061845943331718445e-01
-1.049640178680419922e-01 2.739163935184478760e-01 9.560086727142333984e-01 -2.697371840476989746e-01
0.000000000000000000e+00 0.000000000000000000e+00 0.000000000000000000e+00 1.000000000000000000e+00
5.853165984153747559e-01 7.916592359542846680e-01 -1.751577854156494141e-01 3.961156681180000305e-02
-7.985701560974121094e-01 5.254851579666137695e-01 -2.935139238834381104e-01 1.214298903942108154e-01
-1.403204500675201416e-01 3.116743862628936768e-01 9.397703409194946289e-01 -2.612562179565429688e-01
0.000000000000000000e+00 0.000000000000000000e+00 0.000000000000000000e+00 1.000000000000000000e+00
6.616365313529968262e-01 7.330874800682067871e-01 -1.575418710708618164e-01 2.817266061902046204e-02
-7.278233170509338379e-01 5.773651599884033203e-01 -3.700295984745025635e-01 1.374073922634124756e-01
-1.803051233291625977e-01 3.594879508018493652e-01 9.155645370483398438e-01 -2.498073428869247437e-01
0.000000000000000000e+00 0.000000000000000000e+00 0.000000000000000000e+00 1.000000000000000000e+00
7.291662096977233887e-01 6.708706021308898926e-01 -1.350906342267990112e-01 1.832986250519752502e-02
-6.502469778060913086e-01 6.176823377609252930e-01 -4.423207342624664307e-01 1.515363007783889771e-01
-2.132968753576278687e-01 4.103673994541168213e-01 8.866246342658996582e-01 -2.360551953315734863e-01
0.000000000000000000e+00 0.000000000000000000e+00 0.000000000000000000e+00 1.000000000000000000e+00
7.458027601242065430e-01 6.549012660980224609e-01 -1.219910755753517151e-01 1.236604154109954834e-02
-6.065505743026733398e-01 5.918575525283813477e-01 -5.308482646942138672e-01 1.724186390638351440e-01
-2.754518985748291016e-01 4.699018895626068115e-01 8.386403322219848633e-01 -2.141091674566268921e-01
0.000000000000000000e+00 0.000000000000000000e+00 0.000000000000000000e+00 1.000000000000000000e+00
7.791248559951782227e-01 6.118119955062866211e-01 -1.365666389465332031e-01 1.366606447845697403e-02
-5.442348122596740723e-01 5.520632266998291016e-01 -6.316918730735778809e-01 1.980686187744140625e-01
-3.110832273960113525e-01 5.664913058280944824e-01 7.630956768989562988e-01 -1.865067481994628906e-01
0.000000000000000000e+00 0.000000000000000000e+00 0.000000000000000000e+00 1.000000000000000000e+00
7.957476377487182617e-01 5.929689407348632812e-01 -1.231826171278953552e-01 9.077657014131546021e-03
-4.899281561374664307e-01 5.107008218765258789e-01 -7.065091729164123535e-01 2.176629006862640381e-01
-3.560281693935394287e-01 6.225534081459045410e-01 6.969013214111328125e-01 -1.626853793859481812e-01
0.000000000000000000e+00 0.000000000000000000e+00 0.000000000000000000e+00 1.000000000000000000e+00
8.242104649543762207e-01 5.540431737899780273e-01 -1.171018257737159729e-01 4.015333950519561768e-03
-4.203780889511108398e-01 4.600715339183807373e-01 -7.820592522621154785e-01 2.373332232236862183e-01
-3.794193267822265625e-01 6.938083171844482422e-01 6.121034622192382812e-01 -1.383169740438461304e-01
0.000000000000000000e+00 0.000000000000000000e+00 0.000000000000000000e+00 1.000000000000000000e+00
8.536034226417541504e-01 5.143073201179504395e-01 -8.275912702083587646e-02 -8.042578585445880890e-03
-3.363304436206817627e-01 4.228040575981140137e-01 -8.414976000785827637e-01 2.518278360366821289e-01
-3.977975845336914062e-01 7.461395859718322754e-01 5.338841080665588379e-01 -1.171570643782615662e-01
0.000000000000000000e+00 0.000000000000000000e+00 0.000000000000000000e+00 1.000000000000000000e+00
8.709470033645629883e-01 4.879017174243927002e-01 -5.833891034126281738e-02 -1.489205285906791687e-02
-2.375114113092422485e-01 3.140672445297241211e-01 -9.192114472389221191e-01 2.665221989154815674e-01
-4.301626384258270264e-01 8.144404888153076172e-01 3.894181549549102783e-01 -7.811683416366577148e-02
0.000000000000000000e+00 0.000000000000000000e+00 0.000000000000000000e+00 1.000000000000000000e+00
8.514715433120727539e-01 5.238837003707885742e-01 -2.328550256788730621e-02 -2.903272584080696106e-02
-1.067315787076950073e-01 1.296548992395401001e-01 -9.857981204986572266e-01 2.836309969425201416e-01
-5.134246945381164551e-01 8.418646454811096191e-01 1.663123518228530884e-01 -1.292254589498043060e-02
0.000000000000000000e+00 0.000000000000000000e+00 0.000000000000000000e+00 1.000000000000000000e+00
8.453055620193481445e-01 5.327323675155639648e-01 -4.067813605070114136e-02 -2.197128534317016602e-02
-1.127223819494247437e-01 1.034017801284790039e-01 -9.882313609123229980e-01 2.838476896286010742e-01
-5.222567915916442871e-01 8.399426937103271484e-01 1.474569588899612427e-01 -1.386476866900920868e-02
0.000000000000000000e+00 0.000000000000000000e+00 0.000000000000000000e+00 1.000000000000000000e+00
8.076294064521789551e-01 5.890856385231018066e-01 -2.670326270163059235e-02 -2.220878750085830688e-02
-1.135593280196189880e-01 1.109333708882331848e-01 -9.873185157775878906e-01 2.833805978298187256e-01
-5.786528587341308594e-01 8.004195690155029297e-01 1.564892381429672241e-01 -1.608752831816673279e-02
0.000000000000000000e+00 0.000000000000000000e+00 0.000000000000000000e+00 1.000000000000000000e+00
7.863046526908874512e-01 6.154896020889282227e-01 -5.382886156439781189e-02 -1.357329357415437698e-02
-2.472903430461883545e-01 2.336810082197189331e-01 -9.403405785560607910e-01 2.758244276046752930e-01
-5.661907792091369629e-01 7.527055144309997559e-01 3.359490334987640381e-01 -5.744552984833717346e-02
0.000000000000000000e+00 0.000000000000000000e+00 0.000000000000000000e+00 1.000000000000000000e+00
8.026554584503173828e-01 5.919213891029357910e-01 -7.330137491226196289e-02 -8.538022637367248535e-03
-3.070008754730224609e-01 3.046433031558990479e-01 -9.016330838203430176e-01 2.674451470375061035e-01
-5.113656520843505859e-01 7.462046146392822266e-01 4.262442588806152344e-01 -8.347128331661224365e-02
0.000000000000000000e+00 0.000000000000000000e+00 0.000000000000000000e+00 1.000000000000000000e+00
7.957400679588317871e-01 5.993719100952148438e-01 -8.689900487661361694e-02 -5.128280259668827057e-03
-3.667540252208709717e-01 3.627038896083831787e-01 -8.567017912864685059e-01 2.577090859413146973e-01
-4.819639623165130615e-01 7.135820984840393066e-01 5.084402561187744141e-01 -1.073032021522521973e-01
0.000000000000000000e+00 0.000000000000000000e+00 0.000000000000000000e+00 1.000000000000000000e+00
8.233827948570251465e-01 5.625858902931213379e-01 -7.441175729036331177e-02 -1.453794911503791809e-02
-4.584277868270874023e-01 5.821161270141601562e-01 -6.715539693832397461e-01 2.184725701808929443e-01
-3.344906568527221680e-01 5.870587825775146484e-01 7.372097969055175781e-01 -1.785522848367691040e-01
0.000000000000000000e+00 0.000000000000000000e+00 0.000000000000000000e+00 1.000000000000000000e+00
8.225877285003662109e-01 5.674220919609069824e-01 -3.717216476798057556e-02 -2.607325464487075806e-02
-4.708456397056579590e-01 6.430124044418334961e-01 -6.040188074111938477e-01 1.985890120267868042e-01
-3.188315331935882568e-01 5.143606662750244141e-01 7.961024641990661621e-01 -1.962762176990509033e-01
0.000000000000000000e+00 0.000000000000000000e+00 0.000000000000000000e+00 1.000000000000000000e+00
8.474815487861633301e-01 5.289254784584045410e-01 -4.486175999045372009e-02 -2.457027323544025421e-02
-4.670116901397705078e-01 7.027589678764343262e-01 -5.366847515106201172e-01 1.784529089927673340e-01
-2.523390352725982666e-01 4.757808744907379150e-01 8.425897955894470215e-01 -2.120486944913864136e-01
0.000000000000000000e+00 0.000000000000000000e+00 0.000000000000000000e+00 1.000000000000000000e+00
8.659278154373168945e-01 5.001110434532165527e-01 -7.636383641511201859e-03 -3.432288020849227905e-02
-4.619961380958557129e-01 7.938966155052185059e-01 -3.953324258327484131e-01 1.374319493770599365e-01
-1.916476935148239136e-01 3.458571434020996094e-01 9.185063242912292480e-01 -2.355550080537796021e-01
0.000000000000000000e+00 0.000000000000000000e+00 0.000000000000000000e+00 1.000000000000000000e+00
8.730841279029846191e-01 4.875560700893402100e-01 -3.625751240178942680e-03 -3.363633900880813599e-02
-4.720763862133026123e-01 8.434573411941528320e-01 -2.563638687133789062e-01 9.882537275552749634e-02
-1.219337359070777893e-01 2.255390584468841553e-01 9.665734171867370605e-01 -2.517004609107971191e-01
0.000000000000000000e+00 0.000000000000000000e+00 0.000000000000000000e+00 1.000000000000000000e+00
8.771669864654541016e-01 4.801833331584930420e-01 1.363181043416261673e-03 -3.102708235383033752e-02
-4.794959425926208496e-01 8.760560154914855957e-01 -5.108342692255973816e-02 4.043468460440635681e-02
-2.572363987565040588e-02 4.415506124496459961e-02 9.986935853958129883e-01 -2.651165723800659180e-01
0.000000000000000000e+00 0.000000000000000000e+00 0.000000000000000000e+00 1.000000000000000000e+00
8.841001987457275391e-01 4.672973752021789551e-01 1.258100674021989107e-04 -2.916673198342323303e-02
-4.667802751064300537e-01 8.831092715263366699e-01 4.726077243685722351e-02 1.165022887289524078e-02
2.197373658418655396e-02 -4.184197634458541870e-02 9.988830089569091797e-01 -2.680490911006927490e-01
0.000000000000000000e+00 0.000000000000000000e+00 0.000000000000000000e+00 1.000000000000000000e+00
8.927953243255615234e-01 4.504482150077819824e-01 3.546431194990873337e-03 -2.973194420337677002e-02
-4.458212256431579590e-01 8.824425339698791504e-01 1.501274257898330688e-01 -2.022410370409488678e-02
6.449520587921142578e-02 -1.356141269207000732e-01 9.886602163314819336e-01 -2.671602964401245117e-01
0.000000000000000000e+00 0.000000000000000000e+00 0.000000000000000000e+00 1.000000000000000000e+00
8.969891667366027832e-01 4.420315623283386230e-01 4.291459452360868454e-03 -3.001672588288784027e-02
-4.281743168830871582e-01 8.663738965988159180e-01 2.570277452468872070e-01 -5.390525981783866882e-02
1.098964139819145203e-01 -2.323885709047317505e-01 9.663944840431213379e-01 -2.625615298748016357e-01
0.000000000000000000e+00 0.000000000000000000e+00 0.000000000000000000e+00 1.000000000000000000e+00
9.012284874916076660e-01 4.333349168300628662e-01 -2.697114599868655205e-03 -2.741726487874984741e-02
-4.019889235496520996e-01 8.383290767669677734e-01 3.682514131069183350e-01 -9.083113819360733032e-02
1.618373394012451172e-01 -3.307943046092987061e-01 9.297223687171936035e-01 -2.532405555248260498e-01
0.000000000000000000e+00 0.000000000000000000e+00 0.000000000000000000e+00 1.000000000000000000e+00
9.075954556465148926e-01 4.198420047760009766e-01 -1.472349511459469795e-03 -2.923019789159297943e-02
-3.734660744667053223e-01 8.089349269866943359e-01 4.540349245071411133e-01 -1.198491156101226807e-01
1.918142139911651611e-01 -4.115302264690399170e-01 8.909824490547180176e-01 -2.437131553888320923e-01
0.000000000000000000e+00 0.000000000000000000e+00 0.000000000000000000e+00 1.000000000000000000e+00
9.175280332565307617e-01 3.976618945598602295e-01 2.884589601308107376e-03 -3.313883766531944275e-02
-3.337850272655487061e-01 7.661604881286621094e-01 5.491683483123779297e-01 -1.512471735477447510e-01
2.161732316017150879e-01 -5.048395991325378418e-01 8.357068300247192383e-01 -2.299572676420211792e-01
0.000000000000000000e+00 0.000000000000000000e+00 0.000000000000000000e+00 1.000000000000000000e+00
9.126116037368774414e-01 4.074236154556274414e-01 3.384511172771453857e-02 -4.353716224431991577e-02
-3.361375331878662109e-01 7.006518244743347168e-01 6.293636560440063477e-01 -1.752350032329559326e-01
2.327041923999786377e-01 -5.857411623001098633e-01 7.763735055923461914e-01 -2.152285724878311157e-01
0.000000000000000000e+00 0.000000000000000000e+00 0.000000000000000000e+00 1.000000000000000000e+00
9.211853742599487305e-01 3.863846659660339355e-01 4.609847068786621094e-02 -4.920672625303268433e-02
-2.967911064624786377e-01 6.210364103317260742e-01 7.254161834716796875e-01 -2.057282775640487671e-01
2.516609430313110352e-01 -6.819241642951965332e-01 6.867650151252746582e-01 -1.906005740165710449e-01
0.000000000000000000e+00 0.000000000000000000e+00 0.000000000000000000e+00 1.000000000000000000e+00
9.300815463066101074e-01 3.614628016948699951e-01 6.551947444677352905e-02 -5.678833276033401489e-02
-2.685978412628173828e-01 5.474715828895568848e-01 7.925461530685424805e-01 -2.279864996671676636e-01
2.506058812141418457e-01 -7.547308802604675293e-01 6.062813401222229004e-01 -1.660552471876144409e-01
0.000000000000000000e+00 0.000000000000000000e+00 0.000000000000000000e+00 1.000000000000000000e+00
9.393739700317382812e-01 3.374322056770324707e-01 6.096325814723968506e-02 -5.743613466620445251e-02
-2.257218211889266968e-01 4.746866226196289062e-01 8.507183790206909180e-01 -2.482094317674636841e-01
2.581214308738708496e-01 -8.129035234451293945e-01 5.220742225646972656e-01 -1.419751346111297607e-01
0.000000000000000000e+00 0.000000000000000000e+00 0.000000000000000000e+00 1.000000000000000000e+00
9.513837695121765137e-01 3.036122620105743408e-01 5.184753611683845520e-02 -5.788624286651611328e-02
-1.791351288557052612e-01 4.084883928298950195e-01 8.950126767158508301e-01 -2.633451521396636963e-01
2.505576908588409424e-01 -8.607882261276245117e-01 4.430169761180877686e-01 -1.199758499860763550e-01
0.000000000000000000e+00 0.000000000000000000e+00 0.000000000000000000e+00 1.000000000000000000e+00
9.606576561927795410e-01 2.731748819351196289e-01 5.012567713856697083e-02 -6.020032614469528198e-02
-1.462429165840148926e-01 3.440988361835479736e-01 9.274744987487792969e-01 -2.756212055683135986e-01
2.361145168542861938e-01 -8.983158469200134277e-01 3.705109655857086182e-01 -9.762129932641983032e-02
0.000000000000000000e+00 0.000000000000000000e+00 0.000000000000000000e+00 1.000000000000000000e+00
9.691714048385620117e-01 2.368600070476531982e-01 6.785600632429122925e-02 -6.847327947616577148e-02
-1.308054476976394653e-01 2.612403631210327148e-01 9.563699960708618164e-01 -2.892840802669525146e-01
2.087990641593933105e-01 -9.357621073722839355e-01 2.841692864894866943e-01 -6.666223704814910889e-02
0.000000000000000000e+00 0.000000000000000000e+00 0.000000000000000000e+00 1.000000000000000000e+00
9.810819029808044434e-01 1.853242218494415283e-01 5.597353354096412659e-02 -6.775073707103729248e-02
-8.467358350753784180e-02 1.507704555988311768e-01 9.849357604980468750e-01 -3.021310269832611084e-01
1.740933358669281006e-01 -9.710422754287719727e-01 1.636101305484771729e-01 -2.477328479290008545e-02
0.000000000000000000e+00 0.000000000000000000e+00 0.000000000000000000e+00 1.000000000000000000e+00
9.953514337539672852e-01 9.574142843484878540e-02 1.041238382458686829e-02 -5.634352937340736389e-02
-2.302540279924869537e-02 1.315975636243820190e-01 9.910357594490051270e-01 -3.057905137538909912e-01
9.351295977830886841e-02 -9.866687655448913574e-01 1.331902444362640381e-01 -1.586837321519851685e-02
0.000000000000000000e+00 0.000000000000000000e+00 0.000000000000000000e+00 1.000000000000000000e+00
9.971349239349365234e-01 7.513245195150375366e-02 -8.790061809122562408e-03 -5.158816650509834290e-02
-9.946828708052635193e-03 2.454215437173843384e-01 9.693655371665954590e-01 -3.011094033718109131e-01
7.498804479837417603e-02 -9.665005803108215332e-01 2.454656213521957397e-01 -5.145937949419021606e-02
0.000000000000000000e+00 0.000000000000000000e+00 0.000000000000000000e+00 1.000000000000000000e+00
9.986388683319091797e-01 1.768091879785060883e-02 -4.906934127211570740e-02 -3.782070428133010864e-02
4.171302914619445801e-02 2.940495312213897705e-01 9.548794627189636230e-01 -3.073187172412872314e-01
3.131196275353431702e-02 -9.556266069412231445e-01 2.929117679595947266e-01 -6.445006281137466431e-02
0.000000000000000000e+00 0.000000000000000000e+00 0.000000000000000000e+00 1.000000000000000000e+00
9.899919033050537109e-01 -5.325866863131523132e-02 -1.306870132684707642e-01 -6.127156782895326614e-03
1.403770148754119873e-01 2.765732109546661377e-01 9.506850242614746094e-01 -3.181853592395782471e-01
-1.448767632246017456e-02 -9.595159292221069336e-01 2.812816202640533447e-01 -5.854326486587524414e-02
0.000000000000000000e+00 0.000000000000000000e+00 0.000000000000000000e+00 1.000000000000000000e+00
9.720469713211059570e-01 -7.879509776830673218e-02 -2.211695313453674316e-01 2.463128976523876190e-02
2.341274321079254150e-01 2.547792494297027588e-01 9.382283091545104980e-01 -3.231891393661499023e-01
-1.757837273180484772e-02 -9.637836217880249023e-01 2.661054432392120361e-01 -5.179549008607864380e-02
0.000000000000000000e+00 0.000000000000000000e+00 0.000000000000000000e+00 1.000000000000000000e+00
9.730920791625976562e-01 -4.127368330955505371e-02 -2.266898751258850098e-01 2.509605698287487030e-02
2.287967354059219360e-01 2.895359098911285400e-01 9.294199347496032715e-01 -3.210483193397521973e-01
2.727427892386913300e-02 -9.562768340110778809e-01 2.911884486675262451e-01 -6.342923641204833984e-02
0.000000000000000000e+00 0.000000000000000000e+00 0.000000000000000000e+00 1.000000000000000000e+00
9.848408102989196777e-01 3.544269502162933350e-02 -1.698012351989746094e-01 2.164077712222933769e-03
1.489371955394744873e-01 3.290146589279174805e-01 9.325057268142700195e-01 -3.186609447002410889e-01
8.891761302947998047e-02 -9.436592459678649902e-01 3.187484145164489746e-01 -7.849784195423126221e-02
0.000000000000000000e+00 0.000000000000000000e+00 0.000000000000000000e+00 1.000000000000000000e+00
9.881980419158935547e-01 1.086779609322547913e-01 -1.079525798559188843e-01 -2.074310742318630219e-02
6.011326611042022705e-02 3.730702102184295654e-01 9.258535504341125488e-01 -3.113766014575958252e-01
1.408937424421310425e-01 -9.214162230491638184e-01 3.621341586112976074e-01 -9.969105571508407593e-02
0.000000000000000000e+00 0.000000000000000000e+00 0.000000000000000000e+00 1.000000000000000000e+00
9.824177026748657227e-01 1.858691871166229248e-01 -1.755098067224025726e-02 -5.329138040542602539e-02
-4.114008322358131409e-02 3.072231411933898926e-01 9.507479667663574219e-01 -3.137409389019012451e-01
1.821068078279495239e-01 -9.333094358444213867e-01 3.094682097434997559e-01 -8.653544634580612183e-02
0.000000000000000000e+00 0.000000000000000000e+00 0.000000000000000000e+00 1.000000000000000000e+00
9.273561835289001465e-01 3.617152869701385498e-01 9.577188640832901001e-02 -8.866793662309646606e-02
-2.217959761619567871e-01 3.252433538436889648e-01 9.192511439323425293e-01 -2.937172055244445801e-01
3.013583719730377197e-01 -8.737155795097351074e-01 3.818438351154327393e-01 -1.203780397772789001e-01
0.000000000000000000e+00 0.000000000000000000e+00 0.000000000000000000e+00 1.000000000000000000e+00
8.792400956153869629e-01 4.651277661323547363e-01 1.029248237609863281e-01 -8.898235857486724854e-02
-2.852543592453002930e-01 3.410106003284454346e-01 8.957354426383972168e-01 -2.813225388526916504e-01
3.815330266952514648e-01 -8.169261813163757324e-01 4.325099885463714600e-01 -1.453685760498046875e-01
0.000000000000000000e+00 0.000000000000000000e+00 0.000000000000000000e+00 1.000000000000000000e+00
8.372430205345153809e-01 5.422003269195556641e-01 7.101437449455261230e-02 -7.674575597047805786e-02
-3.412052094936370850e-01 4.165063798427581787e-01 8.426753282546997070e-01 -2.610003352165222168e-01
4.273207783699035645e-01 -7.297540903091430664e-01 5.337182283401489258e-01 -1.829585433006286621e-01
0.000000000000000000e+00 0.000000000000000000e+00 0.000000000000000000e+00 1.000000000000000000e+00
8.079352974891662598e-01 5.866355895996093750e-01 5.566876754164695740e-02 -6.980851292610168457e-02
-4.225187003612518311e-01 5.108627676963806152e-01 7.486634254455566406e-01 -2.248661071062088013e-01
4.107536971569061279e-01 -6.283925771713256836e-01 6.606090664863586426e-01 -2.244486361742019653e-01
0.000000000000000000e+00 0.000000000000000000e+00 0.000000000000000000e+00 1.000000000000000000e+00
7.785574197769165039e-01 6.269494891166687012e-01 2.798140235245227814e-02 -5.956405773758888245e-02
-5.041030645370483398e-01 5.982027649879455566e-01 6.229236125946044922e-01 -1.773397326469421387e-01
3.738029301166534424e-01 -4.990872740745544434e-01 7.817817330360412598e-01 -2.621712982654571533e-01
0.000000000000000000e+00 0.000000000000000000e+00 0.000000000000000000e+00 1.000000000000000000e+00
7.545052170753479004e-01 6.558737158775329590e-01 2.348888665437698364e-02 -5.649462714791297913e-02
-5.658317804336547852e-01 6.319562792778015137e-01 5.295897722244262695e-01 -1.424475759267807007e-01
3.325002193450927734e-01 -4.128688573837280273e-01 8.479290008544921875e-01 -2.818659245967864990e-01
0.000000000000000000e+00 0.000000000000000000e+00 0.000000000000000000e+00 1.000000000000000000e+00
6.584065556526184082e-01 7.524731755256652832e-01 1.689998432993888855e-02 -4.791326820850372314e-02
-6.727091670036315918e-01 5.782463550567626953e-01 4.616199135780334473e-01 -1.121110767126083374e-01
3.375841081142425537e-01 -3.153020441532135010e-01 8.869164586067199707e-01 -2.967296838760375977e-01
0.000000000000000000e+00 0.000000000000000000e+00 0.000000000000000000e+00 1.000000000000000000e+00
5.879421234130859375e-01 8.088229298591613770e-01 -1.138667855411767960e-02 -3.323560208082199097e-02
-7.391510009765625000e-01 5.429089069366455078e-01 3.986294865608215332e-01 -8.589974045753479004e-02
3.286027610301971436e-01 -2.259545624256134033e-01 9.170411825180053711e-01 -3.074224591255187988e-01
0.000000000000000000e+00 0.000000000000000000e+00 0.000000000000000000e+00 1.000000000000000000e+00
5.385686755180358887e-01 8.416941165924072266e-01 -3.867099061608314514e-02 -1.970288343727588654e-02
-7.863456606864929199e-01 5.185797214508056641e-01 3.357608616352081299e-01 -6.077547371387481689e-02
3.026618957519531250e-01 -1.504214853048324585e-01 9.411533474922180176e-01 -3.141512870788574219e-01
0.000000000000000000e+00 0.000000000000000000e+00 0.000000000000000000e+00 1.000000000000000000e+00
5.031452178955078125e-01 8.569595217704772949e-01 -1.116469204425811768e-01 7.629404310137033463e-03
-8.203621506690979004e-01 5.142433643341064453e-01 2.501200735569000244e-01 -2.947079576551914215e-02
2.717563211917877197e-01 -3.425571694970130920e-02 9.617560505867004395e-01 -3.196720480918884277e-01
0.000000000000000000e+00 0.000000000000000000e+00 0.000000000000000000e+00 1.000000000000000000e+00
4.374389946460723877e-01 8.860129714012145996e-01 -1.537128686904907227e-01 2.747974172234535217e-02
-8.609070181846618652e-01 4.620053172111511230e-01 2.130491584539413452e-01 -1.404067315161228180e-02
2.597805261611938477e-01 3.913646936416625977e-02 9.648743867874145508e-01 -3.204444646835327148e-01
0.000000000000000000e+00 0.000000000000000000e+00 0.000000000000000000e+00 1.000000000000000000e+00
3.566554784774780273e-01 8.997178673744201660e-01 -2.516042292118072510e-01 6.677230447530746460e-02
-8.948683142662048340e-01 4.063600897789001465e-01 1.846148073673248291e-01 -1.579294563271105289e-03
2.683430612087249756e-01 1.593087166547775269e-01 9.500591158866882324e-01 -3.157548904418945312e-01
0.000000000000000000e+00 0.000000000000000000e+00 0.000000000000000000e+00 1.000000000000000000e+00
2.910850942134857178e-01 8.882804512977600098e-01 -3.552834987640380859e-01 1.058111190795898438e-01
-9.152621626853942871e-01 3.666718900203704834e-01 1.668755710124969482e-01 5.602294113487005234e-03
2.785047292709350586e-01 2.766026556491851807e-01 9.197422266006469727e-01 -3.064139485359191895e-01
0.000000000000000000e+00 0.000000000000000000e+00 0.000000000000000000e+00 1.000000000000000000e+00
2.670682966709136963e-01 8.620173335075378418e-01 -4.308141767978668213e-01 1.322548240423202515e-01
-9.355226159095764160e-01 3.391884565353393555e-01 9.873819351196289062e-02 3.002453595399856567e-02
2.312411367893218994e-01 3.766665756702423096e-01 8.970234394073486328e-01 -2.953728735446929932e-01
0.000000000000000000e+00 0.000000000000000000e+00 0.000000000000000000e+00 1.000000000000000000e+00
1.750533133745193481e-01 7.856034636497497559e-01 -5.934512615203857422e-01 1.917515397071838379e-01
-9.635409116744995117e-01 2.605786919593811035e-01 6.073070317506790161e-02 4.307312890887260437e-02
2.023510783910751343e-01 5.611830949783325195e-01 8.025765419006347656e-01 -2.622669339179992676e-01
0.000000000000000000e+00 0.000000000000000000e+00 0.000000000000000000e+00 1.000000000000000000e+00
1.350283473730087280e-01 6.821300387382507324e-01 -7.186560034751892090e-01 2.355258315801620483e-01
-9.739352464675903320e-01 2.247842550277709961e-01 3.036672249436378479e-02 5.384151265025138855e-02
1.822565048933029175e-01 6.958236694335937500e-01 6.947028636932373047e-01 -2.259597629308700562e-01
0.000000000000000000e+00 0.000000000000000000e+00 0.000000000000000000e+00 1.000000000000000000e+00
1.079775691032409668e-01 5.837604999542236328e-01 -8.047133684158325195e-01 2.649163603782653809e-01
-9.841129779815673828e-01 1.775113046169281006e-01 -3.278190968558192253e-03 6.521235406398773193e-02
1.409320682287216187e-01 7.922831177711486816e-01 5.936539173126220703e-01 -1.907875388860702515e-01
0.000000000000000000e+00 0.000000000000000000e+00 0.000000000000000000e+00 1.000000000000000000e+00
7.948604971170425415e-02 5.151078104972839355e-01 -8.534320592880249023e-01 2.825056314468383789e-01
-9.901856184005737305e-01 1.395291388034820557e-01 -8.006871677935123444e-03 6.744877249002456665e-02
1.149541512131690979e-01 8.456922173500061035e-01 5.211430191993713379e-01 -1.656382977962493896e-01
0.000000000000000000e+00 0.000000000000000000e+00 0.000000000000000000e+00 1.000000000000000000e+00
1.515795439481735229e-01 5.234851837158203125e-01 -8.384431600570678711e-01 2.710151672363281250e-01
-9.881629347801208496e-01 1.005184873938560486e-01 -1.158876344561576843e-01 1.021848767995834351e-01
2.361355721950531006e-02 8.460846543312072754e-01 5.325255393981933594e-01 -1.622856706380844116e-01
0.000000000000000000e+00 0.000000000000000000e+00 0.000000000000000000e+00 1.000000000000000000e+00
2.590010166168212891e-01 5.880764722824096680e-01 -7.662142515182495117e-01 2.404444813728332520e-01
-9.609881639480590820e-01 7.717974483966827393e-02 -2.656035721302032471e-01 1.486850380897521973e-01
-9.705888479948043823e-02 8.051149249076843262e-01 5.851240158081054688e-01 -1.689079850912094116e-01
0.000000000000000000e+00 0.000000000000000000e+00 0.000000000000000000e+00 1.000000000000000000e+00
3.156935870647430420e-01 6.334492564201354980e-01 -7.064561247825622559e-01 2.180239111185073853e-01
-9.288879632949829102e-01 5.435947328805923462e-02 -3.663497865200042725e-01 1.781473457813262939e-01
-1.936613470315933228e-01 7.718728184700012207e-01 6.055641770362854004e-01 -1.683117896318435669e-01
0.000000000000000000e+00 0.000000000000000000e+00 0.000000000000000000e+00 1.000000000000000000e+00
3.560472428798675537e-01 6.558007001876831055e-01 -6.656997203826904297e-01 2.022659927606582642e-01
-8.920406103134155273e-01 2.630628086626529694e-02 -4.511897265911102295e-01 2.015359997749328613e-01
-2.783782780170440674e-01 7.544757127761840820e-01 5.943669676780700684e-01 -1.579571962356567383e-01
0.000000000000000000e+00 0.000000000000000000e+00 0.000000000000000000e+00 1.000000000000000000e+00
4.113974273204803467e-01 6.532058715820312500e-01 -6.356683969497680664e-01 1.876711547374725342e-01
-8.411785364151000977e-01 3.557002637535333633e-03 -5.407459735870361328e-01 2.254593372344970703e-01
-3.509572446346282959e-01 7.571718692779541016e-01 5.509256720542907715e-01 -1.370661854743957520e-01
0.000000000000000000e+00 0.000000000000000000e+00 0.000000000000000000e+00 1.000000000000000000e+00
5.065155625343322754e-01 6.549541950225830078e-01 -5.607821941375732422e-01 1.582804173231124878e-01
-7.352169752120971680e-01 -1.169622410088777542e-02 -6.777311563491821289e-01 2.581254541873931885e-01
-4.504415988922119141e-01 7.555782794952392578e-01 4.756090342998504639e-01 -1.026482209563255310e-01
0.000000000000000000e+00 0.000000000000000000e+00 0.000000000000000000e+00 1.000000000000000000e+00
6.109361052513122559e-01 6.930354833602905273e-01 -3.826983273029327393e-01 9.450422227382659912e-02
-5.843564271926879883e-01 6.862293183803558350e-02 -8.085902333259582520e-01 2.902604937553405762e-01
-5.341204404830932617e-01 7.176292538642883301e-01 4.469040632247924805e-01 -8.623197674751281738e-02
0.000000000000000000e+00 0.000000000000000000e+00 0.000000000000000000e+00 1.000000000000000000e+00
6.221094131469726562e-01 7.344772219657897949e-01 -2.711524665355682373e-01 6.199849396944046021e-02
-5.026826858520507812e-01 1.091898903250694275e-01 -8.575475811958312988e-01 3.000017404556274414e-01
-6.002416610717773438e-01 6.697918176651000977e-01 4.371368885040283203e-01 -7.844145596027374268e-02
0.000000000000000000e+00 0.000000000000000000e+00 0.000000000000000000e+00 1.000000000000000000e+00
5.846275091171264648e-01 7.895175218582153320e-01 -1.867408156394958496e-01 4.264044389128684998e-02
-3.894918859004974365e-01 7.121900469064712524e-02 -9.182723164558410645e-01 3.116681873798370361e-01
-7.116929292678833008e-01 6.095814704895019531e-01 3.491472303867340088e-01 -4.883566871285438538e-02
0.000000000000000000e+00 0.000000000000000000e+00 0.000000000000000000e+00 1.000000000000000000e+00
4.103924036026000977e-01 9.104869961738586426e-01 -5.090268328785896301e-02 1.698817126452922821e-02
-2.295748591423034668e-01 4.913393035531044006e-02 -9.720503091812133789e-01 3.190597295761108398e-01
-8.825380206108093262e-01 4.106079339981079102e-01 2.291890680789947510e-01 -1.035600155591964722e-02
0.000000000000000000e+00 0.000000000000000000e+00 0.000000000000000000e+00 1.000000000000000000e+00
2.784168422222137451e-01 9.557114839553833008e-01 9.539323300123214722e-02 -2.449133433401584625e-02
-2.383054643869400024e-01 1.649526655673980713e-01 -9.570792913436889648e-01 3.219319880008697510e-01
-9.304270148277282715e-01 2.437344640493392944e-01 2.736771404743194580e-01 -3.141385316848754883e-02
0.000000000000000000e+00 0.000000000000000000e+00 0.000000000000000000e+00 1.000000000000000000e+00
2.796075940132141113e-01 9.599923491477966309e-01 -1.529481261968612671e-02 1.290887594223022461e-02
-3.601954877376556396e-01 9.011738747358322144e-02 -9.285138845443725586e-01 3.155561983585357666e-01
-8.899880647659301758e-01 2.651286125183105469e-01 3.709827065467834473e-01 -6.120023131370544434e-02
0.000000000000000000e+00 0.000000000000000000e+00 0.000000000000000000e+00 1.000000000000000000e+00
2.623789906501770020e-01 9.644412398338317871e-01 -3.178844228386878967e-02 2.345282584428787231e-02
-4.631734490394592285e-01 9.697125107049942017e-02 -8.809467554092407227e-01 3.046662211418151855e-01
-8.465384840965270996e-01 2.458652853965759277e-01 4.721468985080718994e-01 -9.652111679315567017e-02
0.000000000000000000e+00 0.000000000000000000e+00 0.000000000000000000e+00 1.000000000000000000e+00
1.526215821504592896e-01 9.869929552078247070e-01 -5.051662772893905640e-02 3.468180447816848755e-02
-4.727789163589477539e-01 2.802912145853042603e-02 -8.807352185249328613e-01 3.041166365146636963e-01
-8.678631782531738281e-01 1.583021581172943115e-01 4.709073901176452637e-01 -9.752675145864486694e-02
