0.9953203797340393 0.05734437331557274 -0.07777396589517593 0.0148929413408041 
-0.05862051248550415 0.9981789588928223 -0.01422362774610519 0.02504676580429077 
0.07681667059659958 0.01871627941727638 0.9968695044517517 -0.378710150718689 
0 0 0 1 

0.9707053303718567 0.07776987552642822 -0.227338582277298 0.07565320283174515 
-0.08339995890855789 0.996399462223053 -0.01524996943771839 0.02637750282883644 
0.2253340780735016 0.03376330807805061 0.9736962914466858 -0.3689379990100861 
0 0 0 1 

0.9345467090606689 0.07451820373535156 -0.3479503393173218 0.1249486804008484 
-0.07220111042261124 0.9971967339515686 0.0196407251060009 0.01391886733472347 
0.3484385013580322 0.006767251528799534 0.9373071789741516 -0.3551129996776581 
0 0 0 1 

0.898078978061676 0.09380815923213959 -0.4297139644622803 0.1594001650810242 
-0.08000125735998154 0.9955334067344666 0.05013031885027885 0.005822264589369297 
0.4324972331523895 -0.01064328663051128 0.9015723466873169 -0.3403089940547943 
0 0 0 1 

0.82801353931427 0.09737569838762283 -0.5521879196166992 0.2115970999002457 
-0.07241761684417725 0.9951285123825073 0.06689491122961044 0.003835107898339629 
0.5560118556022644 -0.0154017424210906 0.8310315608978271 -0.3103693425655365 
0 0 0 1 

0.7277463674545288 0.1080096662044525 -0.6772879362106323 0.265103280544281 
-0.06060158833861351 0.9937857985496521 0.09336629509925842 -0.002374169882386923 
0.6831636428833008 -0.02690222673118114 0.7297695279121399 -0.2673250436782837 
0 0 0 1 

0.6866585612297058 0.1132319644093513 -0.7181074023246765 0.2838354110717773 
-0.06489185243844986 0.9933990836143494 0.09459025412797928 0.0009325728751718998 
0.7240778207778931 -0.01835184171795845 0.6894738078117371 -0.2435442060232162 
0 0 0 1 

0.6770858764648438 0.1143752261996269 -0.7269612550735474 0.2898526191711426 
-0.07357574254274368 0.9934198260307312 0.08777014166116714 0.004937241785228252 
0.7322164177894592 -0.005941168870776892 0.6810458302497864 -0.2304019629955292 
0 0 0 1 

0.6800330877304077 0.131647914648056 -0.7212652564048767 0.2914498448371887 
-0.09506512433290482 0.9912753701210022 0.09130053222179413 0.004914865363389254 
0.7269919514656067 0.006479834672063589 0.6866151094436646 -0.2234004437923431 
0 0 0 1 

0.6612974405288696 0.1417259275913239 -0.736613392829895 0.2990115880966187 
-0.110920213162899 0.9896696209907532 0.09083538502454758 0.006133154965937138 
0.7418772578239441 0.0216361191123724 0.6701862215995789 -0.2120851129293442 
0 0 0 1 

