1 0 0 -0.01792658120393753 
0 1 0 0.02243540808558464 
0 0 1 -0.3816788792610168 
0 0 0 1 

0.9953269958496094 0.05727508664131165 -0.07774022221565247 0.01499432791024446 
-0.05865869671106339 0.9981556534767151 -0.01563032530248165 0.02560932189226151 
0.07670159637928009 0.02011752128601074 0.9968510866165161 -0.3787225186824799 
0 0 0 1 

0.9708386659622192 0.07697197049856186 -0.2270407229661942 0.07545459270477295 
-0.08249913901090622 0.9964790940284729 -0.0149417407810688 0.02611821331083775 
0.2250912338495255 0.03323673084378242 0.9737705588340759 -0.3689446151256561 
0 0 0 1 

0.9345265030860901 0.07408937811851501 -0.3480962812900543 0.1248735934495926 
-0.07185329496860504 0.9972275495529175 0.01934857480227947 0.01416481845080853 
0.3485647141933441 0.006930111907422543 0.9372591376304626 -0.3550740778446198 
0 0 0 1 

0.9017215371131897 0.08773656189441681 -0.4233207106590271 0.1564923077821732 
-0.07410117238759995 0.9960658550262451 0.04859853535890579 0.006431310903280973 
0.4259191453456879 -0.01245374511927366 0.9046753644943237 -0.3413891792297363 
0 0 0 1 

0.8711223602294922 0.08932124823331833 -0.4828740358352661 0.1830990016460419 
-0.06749598681926727 0.995764434337616 0.06242961436510086 0.005601330660283566 
0.4864051043987274 -0.02179173566401005 0.8734614849090576 -0.3250407874584198 
0 0 0 1 

0.8217939734458923 0.09620927274227142 -0.5616031885147095 0.21833536028862 
-0.05937487632036209 0.994735062122345 0.083526611328125 0.001443629618734121 
0.5666824579238892 -0.03529651835560799 0.8231798410415649 -0.3009167313575745 
0 0 0 1 

0.7988419532775879 0.09286155551671982 -0.5943295359611511 0.2328423261642456 
-0.05951391905546188 0.9953657388687134 0.07552886754274368 0.006240649148821831 
0.5985890030860901 -0.02496476657688618 0.8006669282913208 -0.2883658707141876 
0 0 0 1 

