0.1177458465099335 0.9822000861167908 -0.1463522166013718 0.05128585547208786 
-0.9708239436149597 0.1448561251163483 0.1910956203937531 -0.03409882634878159 
0.2088941484689713 0.1195815280079842 0.9705995321273804 -0.299310177564621 
0 0 0 1 

0.4007242321968079 0.896428108215332 -0.1893052458763123 0.05598710477352142 
-0.9160948991775513 0.3951415419578552 -0.0680670365691185 0.05759123340249062 
0.01378512103110552 0.2006977051496506 0.9795562028884888 -0.2863766849040985 
0 0 0 1 

0.4587875008583069 0.8610206246376038 -0.2194475829601288 0.06171288341283798 
-0.8874055743217468 0.431496262550354 -0.1622409820556641 0.08643565326929092 
-0.04500206559896469 0.2691731750965118 0.9620398283004761 -0.2758789658546448 
0 0 0 1 

0.3536520898342133 0.894844651222229 -0.2723657190799713 0.07322104275226593 
-0.893416166305542 0.4093850553035736 0.1849628239870071 -0.002205418888479471 
0.2770154476165771 0.1779234856367111 0.9442487359046936 -0.3143390417098999 
0 0 0 1 

0.2946978509426117 0.8819895386695862 -0.3677599728107452 0.1093084290623665 
-0.9128888249397278 0.3736045062541962 0.1644793748855591 0.005996143911033869 
0.2824658453464508 0.2872523367404938 0.915259063243866 -0.3051980137825012 
0 0 0 1 

0.2702972590923309 0.8482323288917542 -0.4554570019245148 0.1390629559755325 
-0.9324623942375183 0.34841588139534 0.09549884498119354 0.03068207763135433 
0.2396936267614365 0.3988835215568542 0.8851208090782166 -0.2919668555259705 
0 0 0 1 

0.1751096546649933 0.7686778903007507 -0.6151999235153198 0.197820246219635 
-0.9614257216453552 0.2681321799755096 0.06136605143547058 0.04239241033792496 
0.2121256738901138 0.5807231664657593 0.785979151725769 -0.2573497891426086 
0 0 0 1 

0.1345263123512268 0.6707486510276794 -0.7293826937675476 0.238062858581543 
-0.9731065630912781 0.2283284068107605 0.03049501031637192 0.05291528627276421 
0.1869933307170868 0.7056645750999451 0.6834259629249573 -0.222718209028244 
0 0 0 1 

0.1079647243022919 0.5746690630912781 -0.8112329840660095 0.2658293545246124 
-0.9843688607215881 0.1760049909353256 -0.006326697766780853 0.06517462432384491 
0.1391452252864838 0.7992356419563293 0.5846887230873108 -0.1880749017000198 
0 0 0 1 

0.07004078477621078 0.5095506906509399 -0.857585072517395 0.2832086384296417 
-0.9909034967422485 0.1345704793930054 -0.0009714711341075599 0.06364647299051285 
0.1149105131626129 0.8498521447181702 0.5143410563468933 -0.1645956486463547 
0 0 0 1 

