1 0 0 -0.04542167112231255 
0 1 0 0.0009935460984706879 
0 0 1 -0.2875000238418579 
0 0 0 1 

0.9966904520988464 0.07966944575309753 0.01615501381456852 -0.04885283857584 
-0.07938371598720551 0.9966884255409241 -0.01761855557560921 0.00957988016307354 
-0.01750516891479492 0.01627780497074127 0.9997142553329468 -0.293194442987442 
0 0 0 1 

0.9863221645355225 0.1620326191186905 0.03022886253893375 -0.05139049515128136 
-0.1604191660881042 0.9857916831970215 -0.0498010627925396 0.02439225278794765 
-0.03786882013082504 0.04427056014537811 0.9983015656471252 -0.2925541400909424 
0 0 0 1 

0.7226088643074036 0.690501868724823 -0.03230208158493042 -0.01244059577584267 
-0.6855170130729675 0.7098162174224854 -0.1619476974010468 0.08295570313930511 
-0.08889669179916382 0.1391684710979462 0.9862704873085022 -0.2906114459037781 
0 0 0 1 

0.6480603218078613 0.7608448266983032 -0.03365587443113327 -0.006872714497148991 
-0.7571064233779907 0.6388291120529175 -0.1367001533508301 0.07764289528131485 
-0.08250730484724045 0.1140710115432739 0.9900406002998352 -0.2935205399990082 
0 0 0 1 

0.5505492687225342 0.8338032364845276 -0.04083563014864922 0.001370642567053437 
-0.8329320549964905 0.5453853011131287 -0.09369605034589767 0.0661473274230957 
-0.05585293099284172 0.08559759706258774 0.9947630167007446 -0.2984940111637115 
0 0 0 1 

0.458576112985611 0.8839061856269836 -0.09174840897321701 0.02350944653153419 
-0.8886289000511169 0.4553180932998657 -0.05499262362718582 0.05451516807079315 
-0.006833611987531185 0.1067485883831978 0.9942625761032104 -0.3021418452262878 
0 0 0 1 

0.3533541560173035 0.9302076697349548 -0.0992685854434967 0.03012123517692089 
-0.9352794289588928 0.3535289764404297 -0.01641527190804482 0.04002116620540619 
0.01982470229268074 0.09864427894353867 0.9949252605438232 -0.3038651049137115 
0 0 0 1 

0.2727075815200806 0.9545673727989197 -0.1201309189200401 0.0392775870859623 
-0.9588480591773987 0.2799123227596283 0.047531858086586 0.01634921878576279 
0.07899848371744156 0.1022250279784203 0.9916195273399353 -0.3035449385643005 
0 0 0 1 

0.1944242268800735 0.968870222568512 -0.1532641500234604 0.05041280016303062 
-0.9726052284240723 0.2107068747282028 0.09819398820400238 -0.001386960502713919 
0.1274309903383255 0.1299741864204407 0.983294665813446 -0.3021242022514343 
0 0 0 1 

