1.000000000000000000e+00 0.000000000000000000e+00 0.000000000000000000e+00 -4.542167112231254578e-02
0.000000000000000000e+00 1.000000000000000000e+00 0.000000000000000000e+00 9.935460984706878662e-04
0.000000000000000000e+00 0.000000000000000000e+00 1.000000000000000000e+00 -2.875000238418579102e-01
0.000000000000000000e+00 0.000000000000000000e+00 0.000000000000000000e+00 1.000000000000000000e+00
9.967248439788818359e-01 7.969609647989273071e-02 1.371695753186941147e-02 -4.816033318638801575e-02
-7.943628728389739990e-02 9.966674447059631348e-01 -1.854590885341167450e-02 9.828685782849788666e-03
-1.514927390962839127e-02 1.739554852247238159e-02 9.997339248657226562e-01 -2.933620512485504150e-01
0.000000000000000000e+00 0.000000000000000000e+00 0.000000000000000000e+00 1.000000000000000000e+00
9.860566258430480957e-01 1.638024896383285522e-01 2.934157475829124451e-02 -5.104520544409751892e-02
-1.622674316167831421e-01 9.855432510375976562e-01 -4.872057586908340454e-02 2.405498363077640533e-02
-3.689798340201377869e-02 4.328003153204917908e-02 9.983813762664794922e-01 -2.927043139934539795e-01
0.000000000000000000e+00 0.000000000000000000e+00 0.000000000000000000e+00 1.000000000000000000e+00
9.664338231086730957e-01 2.543451488018035889e-01 3.625036776065826416e-02 -5.088258907198905945e-02
-2.510300278663635254e-01 9.648758172988891602e-01 -7.745083421468734741e-02 3.787896409630775452e-02
-5.467635393142700195e-02 6.575118005275726318e-02 9.963369965553283691e-01 -2.919127643108367920e-01
0.000000000000000000e+00 0.000000000000000000e+00 0.000000000000000000e+00 1.000000000000000000e+00
9.371953010559082031e-01 3.451893627643585205e-01 5.009132623672485352e-02 -5.217538401484489441e-02
-3.374389708042144775e-01 9.336197972297668457e-01 -1.203686222434043884e-01 5.574603751301765442e-02
-8.831629157066345215e-02 9.590610861778259277e-02 9.914646744728088379e-01 -2.892223298549652100e-01
0.000000000000000000e+00 0.000000000000000000e+00 0.000000000000000000e+00 1.000000000000000000e+00
8.932765126228332520e-01 4.485998153686523438e-01 2.855044417083263397e-02 -4.251053556799888611e-02
-4.411064684391021729e-01 8.870341777801513672e-01 -1.363646686077117920e-01 6.471107155084609985e-02
-8.649842441082000732e-02 1.092175692319869995e-01 9.902472496032714844e-01 -2.901265025138854980e-01
0.000000000000000000e+00 0.000000000000000000e+00 0.000000000000000000e+00 1.000000000000000000e+00
8.451853394508361816e-01 5.342149138450622559e-01 1.660688780248165131e-02 -3.589026629924774170e-02
-5.247952342033386230e-01 8.353669047355651855e-01 -1.635598987340927124e-01 7.702117413282394409e-02
-1.012490615248680115e-01 1.295232027769088745e-01 9.863936901092529297e-01 -2.888225913047790527e-01
0.000000000000000000e+00 0.000000000000000000e+00 0.000000000000000000e+00 1.000000000000000000e+00
7.936253547668457031e-01 6.083698272705078125e-01 -6.693031173199415207e-03 -2.562980540096759796e-02
-6.004640460014343262e-01 7.814456820487976074e-01 -1.696627438068389893e-01 8.222787827253341675e-02
-9.798746556043624878e-02 1.386675685644149780e-01 9.854794144630432129e-01 -2.895636558532714844e-01
0.000000000000000000e+00 0.000000000000000000e+00 0.000000000000000000e+00 1.000000000000000000e+00
7.237876653671264648e-01 6.891583204269409180e-01 -3.452614322304725647e-02 -1.188071537762880325e-02
-6.844536066055297852e-01 7.107025980949401855e-01 -1.625568717718124390e-01 8.308415859937667847e-02
-8.748964965343475342e-02 1.412881910800933838e-01 9.860948920249938965e-01 -2.905747890472412109e-01
0.000000000000000000e+00 0.000000000000000000e+00 0.000000000000000000e+00 1.000000000000000000e+00
6.484688520431518555e-01 7.605817317962646484e-01 -3.167176991701126099e-02 -7.542582228779792786e-03
-7.566342949867248535e-01 6.394163370132446289e-01 -1.365679353475570679e-01 7.770673930644989014e-02
-8.361969888210296631e-02 1.125239804387092590e-01 9.901242852210998535e-01 -2.934907078742980957e-01
0.000000000000000000e+00 0.000000000000000000e+00 0.000000000000000000e+00 1.000000000000000000e+00
5.531268119812011719e-01 8.321590423583984375e-01 -3.952158987522125244e-02 7.506015826947987080e-04
-8.311651349067687988e-01 5.479940772056579590e-01 -9.416441619396209717e-02 6.624784320592880249e-02
-5.670218914747238159e-02 8.493383228778839111e-02 9.947718381881713867e-01 -2.984473407268524170e-01
0.000000000000000000e+00 0.000000000000000000e+00 0.000000000000000000e+00 1.000000000000000000e+00
4.604962170124053955e-01 8.829359412193298340e-01 -9.147327393293380737e-02 2.319502085447311401e-02
-8.876333832740783691e-01 4.572073519229888916e-01 -5.539333820343017578e-02 5.446013808250427246e-02
-7.086521480232477188e-03 1.067031472921371460e-01 9.942656755447387695e-01 -3.020651638507843018e-01
0.000000000000000000e+00 0.000000000000000000e+00 0.000000000000000000e+00 1.000000000000000000e+00
3.524824678897857666e-01 9.301121830940246582e-01 -1.031857505440711975e-01 3.148133680224418640e-02
-9.356011152267456055e-01 3.526277840137481689e-01 -1.744021102786064148e-02 4.040330648422241211e-02
2.016479708254337311e-02 1.026880741119384766e-01 9.945091605186462402e-01 -3.036531209945678711e-01
0.000000000000000000e+00 0.000000000000000000e+00 0.000000000000000000e+00 1.000000000000000000e+00
2.724686264991760254e-01 9.540891647338867188e-01 -1.243966892361640930e-01 4.068463668227195740e-02
-9.587609767913818359e-01 2.800912559032440186e-01 4.823059216141700745e-02 1.618254743516445160e-02
8.085869997739791870e-02 1.061253771185874939e-01 9.910597205162048340e-01 -3.034171760082244873e-01
0.000000000000000000e+00 0.000000000000000000e+00 0.000000000000000000e+00 1.000000000000000000e+00
1.934632807970046997e-01 9.688100814819335938e-01 -1.548518091440200806e-01 5.178451538085937500e-02
-9.724010229110717773e-01 2.103234231472015381e-01 1.009966433048248291e-01 -3.530406160280108452e-03
1.304155141115188599e-01 1.310389190912246704e-01 9.827617406845092773e-01 -3.017670512199401855e-01
0.000000000000000000e+00 0.000000000000000000e+00 0.000000000000000000e+00 1.000000000000000000e+00
