1 0 0 -0.01792658120393753 
0 1 0 0.02243540808558464 
0 0 1 -0.3816788792610168 
0 0 0 1 

0.9955866932868958 0.05356655269861221 -0.07705668359994888 0.01462320983409882 
-0.0551961287856102 0.9982913732528687 -0.01917407847940922 0.02704523876309395 
0.07589792460203171 0.02334271185100079 0.9968423247337341 -0.3787665665149689 
0 0 0 1 

0.9990703463554382 0.04260744899511337 0.006560930050909519 -0.01784422062337399 
-0.04262261837720871 0.9990888833999634 0.00218932144343853 0.01917647384107113 
-0.006461673881858587 -0.00246692169457674 0.9999760985374451 -0.3677213191986084 
0 0 0 1 

0.6489427089691162 0.7562111616134644 -0.08377204090356827 -0.002736663212999701 
-0.7336342334747314 0.5927572250366211 -0.3322941064834595 0.114847294986248 
-0.2016281336545944 0.2770978808403015 0.9394481778144836 -0.24493707716465 
0 0 0 1 

0.6686666011810303 0.7429479956626892 -0.03021354973316193 -0.02071025036275387 
-0.7202056050300598 0.6370235681533813 -0.2747807204723358 0.09769035130739212 
-0.184901162981987 0.2054966241121292 0.9610320925712585 -0.2550970911979675 
0 0 0 1 

0.710369348526001 0.7024908065795898 0.04337876662611961 -0.04806540161371231 
-0.6817061901092529 0.7020640969276428 -0.2058696746826172 0.07713282108306885 
-0.1750763058662415 0.1166718900203705 0.9776175022125244 -0.2642962038516998 
0 0 0 1 

0.7452638745307922 0.6617301106452942 0.08182104676961899 -0.06367738544940948 
-0.6473272442817688 0.7474817037582397 -0.1491250246763229 0.05922084301710129 
-0.159840315580368 0.05817244574427605 0.9854273200035095 -0.2697327435016632 
0 0 0 1 

0.7715549468994141 0.6194180846214294 0.14499631524086 -0.08705821633338928 
-0.6170995831489563 0.7841132879257202 -0.06598570942878723 0.03188216313719749 
-0.1545662879943848 -0.03856564685702324 0.9872294068336487 -0.2730094790458679 
0 0 0 1 

0.7929962873458862 0.5784980058670044 0.1910413950681686 -0.105659119784832 
-0.5911659002304077 0.8064634799957275 0.01180293131619692 0.006064164452254772 
-0.1472399234771729 -0.1222968921065331 0.9815109968185425 -0.2746929526329041 
0 0 0 1 

0.8092403411865234 0.5507131218910217 0.2045600861310959 -0.1116891950368881 
-0.5724063515663147 0.8175013661384583 0.06357819586992264 -0.009861397556960583 
-0.1322147399187088 -0.1685416251420975 0.9767870306968689 -0.2749413847923279 
0 0 0 1 

