0.5950486063957214 0.7778148055076599 -0.2022898644208908 0.04627256840467453 
-0.7939537167549133 0.5298551917076111 -0.298145592212677 0.1217382997274399 
-0.1247177869081497 0.3380199074745178 0.9328386783599854 -0.2596408426761627 
0 0 0 1 

0.6747470498085022 0.7169968485832214 -0.175019383430481 0.03216556459665298 
-0.7196938395500183 0.5866407752037048 -0.3713397085666656 0.1365836411714554 
-0.1635759770870209 0.3765207231044769 0.9118524789810181 -0.2494022399187088 
0 0 0 1 

0.7358031272888184 0.6570456624031067 -0.1639654487371445 0.02526784688234329 
-0.6491002440452576 0.6152734756469727 -0.4473335742950439 0.1520490199327469 
-0.1930350512266159 0.4355794787406921 0.8792087435722351 -0.2347520738840103 
0 0 0 1 

0.7645664811134338 0.6275924444198608 -0.1468520611524582 0.0180957056581974 
-0.5960731506347656 0.6017888784408569 -0.5315510630607605 0.1708593219518661 
-0.2452237159013748 0.4939406514167786 0.8341988921165466 -0.214330792427063 
0 0 0 1 

0.7934600114822388 0.5910231471061707 -0.145302027463913 0.01461500581353903 
-0.5336901545524597 0.5608890652656555 -0.6329121589660645 0.1968706697225571 
-0.292567640542984 0.5797367095947266 0.760466456413269 -0.1867176443338394 
0 0 0 1 

0.8157539367675781 0.5614773035049438 -0.1388834118843079 0.01111409068107605 
-0.477764219045639 0.5187661647796631 -0.7089589834213257 0.2167683988809586 
-0.3260164558887482 0.644689679145813 0.6914393901824951 -0.1624179631471634 
0 0 0 1 

0.8454937338829041 0.5161995887756348 -0.1366685628890991 0.00728602847084403 
-0.4123214781284332 0.4684782028198242 -0.7813572287559509 0.235537126660347 
-0.3393099904060364 0.7169840931892395 0.6089355945587158 -0.139180064201355 
0 0 0 1 

0.8771375417709351 0.4707080721855164 -0.09520292282104492 -0.006683000829070807 
-0.3232991099357605 0.4321832954883575 -0.8418402671813965 0.2499003857374191 
-0.3551160097122192 0.7691886425018311 0.5312637686729431 -0.1187216490507126 
0 0 0 1 

0.9008438587188721 0.4290957450866699 -0.0660088062286377 -0.0152231277897954 
-0.2271491289138794 0.3362808525562286 -0.913957417011261 0.2631261050701141 
-0.3699778318405151 0.8383267521858215 0.4004053175449371 -0.0832371786236763 
0 0 0 1 

0.8968270421028137 0.441283792257309 -0.03114298731088638 -0.02632192149758339 
-0.1843343675136566 0.30877286195755 -0.9331023693084717 0.2680270373821259 
-0.4021468758583069 0.8425720930099487 0.3582596182823181 -0.0657370314002037 
0 0 0 1 

