0.4574866592884064 0.886283278465271 -0.07216503471136093 0.01801928505301476 
-0.8890422582626343 0.4542818367481232 -0.05684908851981163 0.05608721077442169 
-0.0176011361181736 0.09016545861959457 0.9957712292671204 -0.302394300699234 
0 0 0 1 

0.3545467853546143 0.9319196939468384 -0.07630340754985809 0.0238122995942831 
-0.9349739551544189 0.354296863079071 -0.0172433964908123 0.04115863516926765 
0.01096459198743105 0.07745528966188431 0.9969355463981628 -0.3045938014984131 
0 0 0 1 

0.2714138627052307 0.9575246572494507 -0.09737059473991394 0.03324710205197334 
-0.9598363637924194 0.2767532467842102 0.04606300964951515 0.01729279197752476 
0.07105409353971481 0.08095770329236984 0.9941816926002502 -0.3043825328350067 
0 0 0 1 

0.1951257288455963 0.972521185874939 -0.1269981265068054 0.04422278329730034 
-0.9724041223526001 0.2087157517671585 0.1042490601539612 -0.004233636893332005 
0.127890944480896 0.1031518280506134 0.9864094853401184 -0.3027892708778381 
0 0 0 1 

0.327659398317337 0.9370886087417603 -0.1204330399632454 0.03885615989565849 
-0.9344887733459473 0.3402184545993805 0.1047948375344276 -0.001727436319924891 
0.1391755938529968 0.07820632308721542 0.9871746897697449 -0.2962241470813751 
0 0 0 1 

0.3608885407447815 0.9205172061920166 -0.1496910601854324 0.04660908877849579 
-0.9300915598869324 0.3670331835746765 0.01470363233238459 0.03032352030277252 
0.06847653537988663 0.1339200437068939 0.9886234998703003 -0.2926739454269409 
0 0 0 1 

0.4017953276634216 0.9000146985054016 -0.1689195930957794 0.05059614032506943 
-0.9157124757766724 0.3960155248641968 -0.06813398748636246 0.05849215760827065 
0.005573160015046597 0.182057723402977 0.9832720756530762 -0.2872091829776764 
0 0 0 1 

0.4530211985111237 0.8703067302703857 -0.1932298392057419 0.05500974878668785 
-0.889682948589325 0.4275208413600922 -0.1602805405855179 0.08646149188280106 
-0.05688348412513733 0.2445237934589386 0.9679732918739319 -0.27748703956604 
0 0 0 1 

0.5266727209091187 0.8307682275772095 -0.1801109611988068 0.04530187323689461 
-0.8438313603401184 0.4853201806545258 -0.2289387285709381 0.105107381939888 
-0.1027835682034492 0.2725590467453003 0.9566332101821899 -0.2699962556362152 
0 0 0 1 

0.9646585583686829 0.1510496437549591 -0.2159118056297302 0.01742640323936939 
-0.2004764229059219 0.952472984790802 -0.22935551404953 0.09057391434907913 
0.1710060387849808 0.2645350992679596 0.9490933418273926 -0.2700249552726746 
0 0 0 1 

