1 0 0 -0.04542167112231255 
0 1 0 0.0009935460984706879 
0 0 1 -0.2875000238418579 
0 0 0 1 

0.9964192509651184 0.08004483580589294 0.02723048627376556 -0.05193522945046425 
-0.07966084778308868 0.9967105388641357 -0.01490755937993526 0.009427717886865139 
-0.02833417803049088 0.01268500182777643 0.9995180368423462 -0.2926951348781586 
0 0 0 1 

0.7226032614707947 0.6911384463310242 -0.01315257046371698 -0.01764452271163464 
-0.6833780407905579 0.71136474609375 -0.1641774773597717 0.08469631522893906 
-0.1041131168603897 0.1276233643293381 0.9863433241844177 -0.2903138697147369 
0 0 0 1 

0.6445808410644531 0.7645094990730286 -0.006407386157661676 -0.01458011846989393 
-0.7576225996017456 0.6376046538352966 -0.139526292681694 0.07954594492912292 
-0.1025838032364845 0.09479030966758728 0.9901973605155945 -0.2930378317832947 
0 0 0 1 

0.8786176443099976 0.4775163531303406 -0.002994856098666787 -0.02994278259575367 
-0.4771439731121063 0.8776472210884094 -0.04548444226384163 0.03908996284008026 
-0.01909114979207516 0.04139240458607674 0.998960554599762 -0.2655641734600067 
0 0 0 1 

0.8852065801620483 0.4651979506015778 0.000289871939457953 -0.02940523438155651 
-0.4646277129650116 0.8840903043746948 0.05005229264497757 0.01105145178735256 
0.02302795834839344 -0.04444130510091782 0.9987465739250183 -0.2680552303791046 
0 0 0 1 

0.8929498195648193 0.4501530230045319 -0.001651889528147876 -0.02861977182328701 
-0.4448898136615753 0.8830572366714478 0.1492742747068405 -0.01993834972381592 
0.06865504384040833 -0.132559522986412 0.9887944459915161 -0.2674371004104614 
0 0 0 1 

0.5375068187713623 0.8419984579086304 -0.04610003158450127 -0.01740934886038303 
-0.7857699990272522 0.5199533700942993 0.3349843323230743 -0.06076010689139366 
0.3060262799263 -0.1438323706388474 0.9410956501960754 -0.314275711774826 
0 0 0 1 

0.5042271018028259 0.8564297556877136 -0.1108279302716255 0.007278463803231716 
-0.8181730508804321 0.5148327350616455 0.256007581949234 -0.03128562867641449 
0.2763104438781738 -0.03840958327054977 0.960300624370575 -0.3195396661758423 
0 0 0 1 

0.2493197023868561 0.957185685634613 0.1470883190631866 -0.04236556962132454 
-0.9681463241577148 0.249974861741066 0.01431508548557758 0.04910418018698692 
-0.02306617237627506 -0.1459720134735107 0.9890194535255432 -0.2961965799331665 
0 0 0 1 

