0.984616219997406 0.165352076292038 0.05647523701190948 -0.05871598422527313 
-0.1625917553901672 0.9854037761688232 -0.05043020844459534 0.02540906704962254 
-0.06398969143629074 0.04047194123268127 0.9971295595169067 -0.2912823855876923 
0 0 0 1 

-0.2220324873924255 0.8071721792221069 0.5469686985015869 -0.1538157612085342 
-0.8623762130737305 0.09919759631156921 -0.4964545369148254 0.2047623544931412 
-0.4549822807312012 -0.5819218158721924 0.6740609407424927 -0.2079268246889114 
0 0 0 1 

-0.2257783561944962 0.7134290933609009 0.6633574366569519 -0.1986638754606247 
-0.896040678024292 0.1151230335235596 -0.428786426782608 0.1822512596845627 
-0.3822763860225677 -0.6912059783935547 0.6132692098617554 -0.1885920763015747 
0 0 0 1 

-0.1980309039354324 0.6790910959243774 0.7068374156951904 -0.2158016115427017 
-0.9294416904449463 0.09894254803657532 -0.3554554283618927 0.1587467789649963 
-0.3113228678703308 -0.7273553013801575 0.6115818619728088 -0.1888445466756821 
0 0 0 1 

-0.1482436954975128 0.6399240493774414 0.7540034055709839 -0.2339670360088348 
-0.9562115669250488 0.1018034666776657 -0.2744002938270569 0.1311088055372238 
-0.252355545759201 -0.761664867401123 0.5968109965324402 -0.1817338615655899 
0 0 0 1 

-0.200458362698555 0.4893380403518677 0.8487429022789001 -0.25113645195961 
-0.9564923048019409 -0.2852077782154083 -0.06147201731801033 0.07792733609676361 
0.2119875550270081 -0.8241387009620667 0.525220513343811 -0.1767594814300537 
0 0 0 1 

-0.1112066954374313 0.6094159483909607 0.7850128412246704 -0.2410570830106735 
-0.9935516715049744 -0.08573683351278305 -0.07419018447399139 0.08017206937074661 
0.02209186181426048 -0.7882013320922852 0.6150208115577698 -0.1886342763900757 
0 0 0 1 

0.02195254899561405 0.7501955032348633 0.6608517169952393 -0.2100283354520798 
-0.9997110366821289 0.02295146137475967 0.007154588121920824 0.04973050951957703 
-0.009800169616937637 -0.6608177423477173 0.750482439994812 -0.229164332151413 
0 0 0 1 

0.04826684668660164 0.846865177154541 0.5296127796173096 -0.1658200174570084 
-0.9987263679504395 0.04871968179941177 0.0131159508600831 0.04488988220691681 
-0.01469510979950428 -0.5295712947845459 0.848138153553009 -0.2630438208580017 
0 0 0 1 

0.1052166000008583 0.8470203280448914 0.5210431814193726 -0.1593659818172455 
-0.9944490790367126 0.08926580101251602 0.05570102110505104 0.03134624287486076 
0.000668580352794379 -0.5240116119384766 0.8517108559608459 -0.2647161185741425 
0 0 0 1 

