0.6217769384384155 0.7813747525215149 -0.05335534363985062 0.0298310536891222 
-0.448091447353363 0.4107865691184998 0.7940202951431274 -0.204606294631958 
0.6423451900482178 -0.4697953462600708 0.6055450439453125 -0.1572130471467972 
0 0 0 1 

0.6212602257728577 0.7743251323699951 -0.1202342659235001 0.04986802116036415 
-0.5131844282150269 0.5180017352104187 0.6843360662460327 -0.1627853661775589 
0.5921801924705505 -0.3634483814239502 0.7191855311393738 -0.1823948472738266 
0 0 0 1 

0.6180390119552612 0.7703075408935547 -0.1570155322551727 0.05932343006134033 
-0.569929838180542 0.5765990018844604 0.5854172110557556 -0.1293901801109314 
0.5414864420890808 -0.2723227441310883 0.7953820824623108 -0.1979223787784576 
0 0 0 1 

0.6111912727355957 0.7788917422294617 -0.1406151354312897 0.05137498676776886 
-0.6585920453071594 0.599016547203064 0.4554507434368134 -0.0937575101852417 
0.4389777183532715 -0.1857594400644302 0.8790858387947083 -0.2149459719657898 
0 0 0 1 

0.9354147911071777 0.3210039436817169 -0.1481743454933167 -0.01887665130198002 
-0.1199689209461212 0.6824244856834412 0.7210437059402466 -0.2564322352409363 
0.3325757384300232 -0.6566985845565796 0.6768604516983032 -0.2414722442626953 
0 0 0 1 

0.8920062184333801 0.3824109137058258 -0.2410119771957397 0.01758313365280628 
-0.07703959196805954 0.6539990901947021 0.7525622248649597 -0.2690433859825134 
0.4454096853733063 -0.6527226567268372 0.6128320097923279 -0.2278446108102798 
0 0 0 1 

0.9680706262588501 0.1952178925275803 -0.1572552472352982 -0.02036090008914471 
-0.02725335396826267 0.7055651545524597 0.7081206440925598 -0.2502616047859192 
0.2491916865110397 -0.6812250018119812 0.6883572340011597 -0.2314265370368958 
0 0 0 1 

0.9507508277893066 0.2140859961509705 -0.2241427153348923 -0.0007838965393602848 
-0.00449087331071496 0.7325822114944458 0.6806634664535522 -0.2370595186948776 
0.309923529624939 -0.6461347341537476 0.697464644908905 -0.2387293130159378 
0 0 0 1 

0.93135666847229 0.2852371335029602 -0.2263062000274658 -0.001500309561379254 
-0.04475452750921249 0.7065033316612244 0.7062930464744568 -0.2443092316389084 
0.3613471388816833 -0.6476824879646301 0.6707722544670105 -0.2314624637365341 
0 0 0 1 

0.8660950660705566 0.3917707800865173 -0.3104753494262695 0.03228695690631866 
-0.009054596535861492 0.6332940459251404 0.7738581895828247 -0.2709435820579529 
0.4997972548007965 -0.6674234867095947 0.5520402193069458 -0.1970953494310379 
0 0 0 1 

