1.000000000000000000e+00 0.000000000000000000e+00 0.000000000000000000e+00 -4.542167112231254578e-02
0.000000000000000000e+00 1.000000000000000000e+00 0.000000000000000000e+00 9.935460984706878662e-04
0.000000000000000000e+00 0.000000000000000000e+00 1.000000000000000000e+00 -2.875000238418579102e-01
0.000000000000000000e+00 0.000000000000000000e+00 0.000000000000000000e+00 1.000000000000000000e+00
9.964830875396728516e-01 8.186541497707366943e-02 1.787372119724750519e-02 -4.935512319207191467e-02
-8.153263479471206665e-02 9.964967966079711914e-01 -1.861534267663955688e-02 1.024706661701202393e-02
-1.933506131172180176e-02 1.709257811307907104e-02 9.996668696403503418e-01 -2.932492494583129883e-01
0.000000000000000000e+00 0.000000000000000000e+00 0.000000000000000000e+00 1.000000000000000000e+00
9.855542778968811035e-01 1.649024337530136108e-01 3.860007598996162415e-02 -5.374857783317565918e-02
-1.628263294696807861e-01 9.852898716926574707e-01 -5.187793821096420288e-02 2.561722695827484131e-02
-4.658710956573486328e-02 4.484338313341140747e-02 9.979072809219360352e-01 -2.923143506050109863e-01
0.000000000000000000e+00 0.000000000000000000e+00 0.000000000000000000e+00 1.000000000000000000e+00
9.667809605598449707e-01 2.536945044994354248e-01 3.120511211454868317e-02 -4.929445683956146240e-02
-2.505864799022674561e-01 9.647806882858276367e-01 -8.002824336290359497e-02 3.891046345233917236e-02
-5.040881782770156860e-02 6.955021619796752930e-02 9.963041543960571289e-01 -2.922490835189819336e-01
0.000000000000000000e+00 0.000000000000000000e+00 0.000000000000000000e+00 1.000000000000000000e+00
9.376829266548156738e-01 3.441113829612731934e-01 4.835106804966926575e-02 -5.158036202192306519e-02
-3.364612758159637451e-01 9.338659644126892090e-01 -1.211947575211524963e-01 5.638233944773674011e-02
-8.685795962810516357e-02 9.737395495176315308e-02 9.914504885673522949e-01 -2.894684970378875732e-01
0.000000000000000000e+00 0.000000000000000000e+00 0.000000000000000000e+00 1.000000000000000000e+00
8.938090205192565918e-01 4.473488628864288330e-01 3.137305006384849548e-02 -4.331923276185989380e-02
-4.392442703247070312e-01 8.874213099479675293e-01 -1.398136913776397705e-01 6.617727875709533691e-02
-9.038663655519485474e-02 1.111863255500793457e-01 9.896806478500366211e-01 -2.898726463317871094e-01
0.000000000000000000e+00 0.000000000000000000e+00 0.000000000000000000e+00 1.000000000000000000e+00
8.472106456756591797e-01 5.310416817665100098e-01 1.512651331722736359e-02 -3.555282950401306152e-02
-5.216249823570251465e-01 8.369100689888000488e-01 -1.657971888780593872e-01 7.821394503116607666e-02
-1.007047966122627258e-01 1.325747072696685791e-01 9.860438704490661621e-01 -2.889544069766998291e-01
0.000000000000000000e+00 0.000000000000000000e+00 0.000000000000000000e+00 1.000000000000000000e+00
7.944899201393127441e-01 6.072772741317749023e-01 1.150599564425647259e-04 -2.772867493331432343e-02
-5.985493063926696777e-01 7.831032276153564453e-01 -1.687836349010467529e-01 8.270469307899475098e-02
-1.025885939598083496e-01 1.340280175209045410e-01 9.856532216072082520e-01 -2.895324528217315674e-01
0.000000000000000000e+00 0.000000000000000000e+00 0.000000000000000000e+00 1.000000000000000000e+00
7.218138575553894043e-01 6.914165616035461426e-01 -3.045810945332050323e-02 -1.298433355987071991e-02
-6.858004331588745117e-01 7.086458802223205566e-01 -1.658265143632888794e-01 8.486279845237731934e-02
-9.307121485471725464e-02 1.405840814113616943e-01 9.856842756271362305e-01 -2.904911041259765625e-01
0.000000000000000000e+00 0.000000000000000000e+00 0.000000000000000000e+00 1.000000000000000000e+00
6.477644443511962891e-01 7.613407969474792480e-01 -2.758544683456420898e-02 -8.777988143265247345e-03
-7.564905285835266113e-01 6.385103464126586914e-01 -1.415129154920578003e-01 7.966473698616027832e-02
-9.012602269649505615e-02 1.125351637601852417e-01 9.895518422126770020e-01 -2.932550609111785889e-01
0.000000000000000000e+00 0.000000000000000000e+00 0.000000000000000000e+00 1.000000000000000000e+00
5.491764545440673828e-01 8.344041705131530762e-01 -4.662985727190971375e-02 3.054157597944140434e-03
-8.337779641151428223e-01 5.432676672935485840e-01 -9.835764765739440918e-02 6.821055710315704346e-02
-5.673756450414657593e-02 9.289464354515075684e-02 9.940579533576965332e-01 -2.982760369777679443e-01
0.000000000000000000e+00 0.000000000000000000e+00 0.000000000000000000e+00 1.000000000000000000e+00
4.620468020439147949e-01 8.822808265686035156e-01 -8.996061980724334717e-02 2.298464812338352203e-02
-8.868189454078674316e-01 4.587244689464569092e-01 -5.589131265878677368e-02 5.547998100519180298e-02
-8.044702932238578796e-03 1.056032031774520874e-01 9.943757653236389160e-01 -3.022913932800292969e-01
0.000000000000000000e+00 0.000000000000000000e+00 0.000000000000000000e+00 1.000000000000000000e+00
3.497733473777770996e-01 9.311022758483886719e-01 -1.034755036234855652e-01 3.166196122765541077e-02
-9.366536736488342285e-01 3.497357070446014404e-01 -1.910418830811977386e-02 4.159964993596076965e-02
1.840111613273620605e-02 1.036028563976287842e-01 9.944486618041992188e-01 -3.038191795349121094e-01
0.000000000000000000e+00 0.000000000000000000e+00 0.000000000000000000e+00 1.000000000000000000e+00
2.749243974685668945e-01 9.536851644515991211e-01 -1.220710575580596924e-01 4.007981717586517334e-02
-9.584692716598510742e-01 2.818657159805297852e-01 4.345435276627540588e-02 1.789214834570884705e-02
7.584942877292633057e-02 1.050547137856483459e-01 9.915696978569030762e-01 -3.034673631191253662e-01
0.000000000000000000e+00 0.000000000000000000e+00 0.000000000000000000e+00 1.000000000000000000e+00
1.954244077205657959e-01 9.679823517799377441e-01 -1.575422286987304688e-01 5.266227200627326965e-02
-9.720959067344665527e-01 2.124456167221069336e-01 9.948063641786575317e-02 -2.861487446352839470e-03
1.297646462917327881e-01 1.337051987648010254e-01 9.824885725975036621e-01 -3.017403483390808105e-01
0.000000000000000000e+00 0.000000000000000000e+00 0.000000000000000000e+00 1.000000000000000000e+00
1.149149686098098755e-01 9.811472892761230469e-01 -1.553851962089538574e-01 5.388423055410385132e-02
-9.711885452270507812e-01 1.438403129577636719e-01 1.900076270103454590e-01 -3.388126567006111145e-02
2.087761461734771729e-01 1.290736049413681030e-01 9.694083929061889648e-01 -2.989904880523681641e-01
0.000000000000000000e+00 0.000000000000000000e+00 0.000000000000000000e+00 1.000000000000000000e+00
1.907046288251876831e-01 9.719654321670532227e-01 -1.375311166048049927e-01 4.743973165750503540e-02
-9.544736742973327637e-01 2.163331657648086548e-01 2.053772509098052979e-01 -3.824639692902565002e-02
2.293721288442611694e-01 9.210345894098281860e-02 9.689713120460510254e-01 -2.968560755252838135e-01
0.000000000000000000e+00 0.000000000000000000e+00 0.000000000000000000e+00 1.000000000000000000e+00
2.697529196739196777e-01 9.515478610992431641e-01 -1.476132273674011230e-01 4.799855872988700867e-02
-9.384793043136596680e-01 2.941214740276336670e-01 1.809666007757186890e-01 -2.834980189800262451e-02
2.156146615743637085e-01 8.971574157476425171e-02 9.723484516143798828e-01 -2.953547239303588867e-01
0.000000000000000000e+00 0.000000000000000000e+00 0.000000000000000000e+00 1.000000000000000000e+00
3.268507122993469238e-01 9.328920841217041016e-01 -1.512639820575714111e-01 4.739685729146003723e-02
-9.330549836158752441e-01 3.439799249172210693e-01 1.052894964814186096e-01 -1.798454788513481617e-03
1.502555012702941895e-01 1.067236959934234619e-01 9.828699231147766113e-01 -2.949571907520294189e-01
0.000000000000000000e+00 0.000000000000000000e+00 0.000000000000000000e+00 1.000000000000000000e+00
3.606178462505340576e-01 9.140807390213012695e-01 -1.855034232139587402e-01 5.674049258232116699e-02
-9.294425249099731445e-01 3.688159286975860596e-01 1.053349301218986511e-02 3.099189512431621552e-02
7.804508507251739502e-02 1.686162501573562622e-01 9.825870394706726074e-01 -2.907635569572448730e-01
0.000000000000000000e+00 0.000000000000000000e+00 0.000000000000000000e+00 1.000000000000000000e+00
4.025280475616455078e-01 8.951503038406372070e-01 -1.915112882852554321e-01 5.630074441432952881e-02
-9.153013229370117188e-01 3.967632651329040527e-01 -6.929972022771835327e-02 5.823696032166481018e-02
1.395095605403184891e-02 2.031856626272201538e-01 9.790409207344055176e-01 -2.862367331981658936e-01
0.000000000000000000e+00 0.000000000000000000e+00 0.000000000000000000e+00 1.000000000000000000e+00
4.609411954879760742e-01 8.585509657859802246e-01 -2.245519012212753296e-01 6.303526461124420166e-02
-8.863976001739501953e-01 4.332159757614135742e-01 -1.631653457880020142e-01 8.684375137090682983e-02
-4.280636832118034363e-02 2.742518484592437744e-01 9.607046842575073242e-01 -2.754592299461364746e-01
0.000000000000000000e+00 0.000000000000000000e+00 0.000000000000000000e+00 1.000000000000000000e+00
5.333719253540039062e-01 8.184869885444641113e-01 -2.135272473096847534e-01 5.381891131401062012e-02
-8.414161801338195801e-01 4.874728620052337646e-01 -2.332145571708679199e-01 1.061579212546348572e-01
-8.679432421922683716e-02 3.040552735328674316e-01 9.486922621726989746e-01 -2.680104970932006836e-01
0.000000000000000000e+00 0.000000000000000000e+00 0.000000000000000000e+00 1.000000000000000000e+00
5.969963669776916504e-01 7.763848900794982910e-01 -2.020445168018341064e-01 4.624613001942634583e-02
-7.928491830825805664e-01 5.325570702552795410e-01 -2.962650358676910400e-01 1.213039681315422058e-01
-1.224156022071838379e-01 3.370599448680877686e-01 9.334909319877624512e-01 -2.598854601383209229e-01
0.000000000000000000e+00 0.000000000000000000e+00 0.000000000000000000e+00 1.000000000000000000e+00
6.750879287719726562e-01 7.173603773117065430e-01 -1.721922904253005981e-01 3.143068030476570129e-02
-7.187417745590209961e-01 5.869147181510925293e-01 -3.727480769157409668e-01 1.372883617877960205e-01
-1.663326472043991089e-01 3.753994703292846680e-01 9.118160605430603027e-01 -2.492264509201049805e-01
0.000000000000000000e+00 0.000000000000000000e+00 0.000000000000000000e+00 1.000000000000000000e+00
7.385386824607849121e-01 6.547629237174987793e-01 -1.607655137777328491e-01 2.440532855689525604e-02
-6.464070677757263184e-01 6.198866367340087891e-01 -4.448573589324951172e-01 1.516448855400085449e-01
-1.916198730468750000e-01 4.324645400047302246e-01 8.810541033744812012e-01 -2.352988868951797485e-01
0.000000000000000000e+00 0.000000000000000000e+00 0.000000000000000000e+00 1.000000000000000000e+00
7.637985348701477051e-01 6.290358901023864746e-01 -1.446551531553268433e-01 1.753391511738300323e-02
-5.961582064628601074e-01 6.016170978546142578e-01 -5.316499471664428711e-01 1.713319569826126099e-01
-2.474002242088317871e-01 4.923109114170074463e-01 8.345197439193725586e-01 -2.143968641757965088e-01
0.000000000000000000e+00 0.000000000000000000e+00 0.000000000000000000e+00 1.000000000000000000e+00
7.937312126159667969e-01 5.910246372222900391e-01 -1.438069492578506470e-01 1.400894019752740860e-02
-5.312051773071289062e-01 5.583439469337463379e-01 -6.372383236885070801e-01 1.984784007072448730e-01
-2.963300347328186035e-01 5.821870565414428711e-01 7.571305036544799805e-01 -1.857632398605346680e-01
0.000000000000000000e+00 0.000000000000000000e+00 0.000000000000000000e+00 1.000000000000000000e+00
8.177101612091064453e-01 5.576905608177185059e-01 -1.425871849060058594e-01 1.195632386952638626e-02
-4.776991009712219238e-01 5.192375779151916504e-01 -7.086575627326965332e-01 2.172418981790542603e-01
-3.211752772331237793e-01 6.475901007652282715e-01 6.909943222999572754e-01 -1.624780297279357910e-01
0.000000000000000000e+00 0.000000000000000000e+00 0.000000000000000000e+00 1.000000000000000000e+00
8.468686938285827637e-01 5.132634639739990234e-01 -1.391909271478652954e-01 7.829189300537109375e-03
-4.119175970554351807e-01 4.675475358963012695e-01 -7.821274399757385254e-01 2.363778501749038696e-01
-3.363590538501739502e-01 7.196942567825317383e-01 6.073735356330871582e-01 -1.387773156166076660e-01
0.000000000000000000e+00 0.000000000000000000e+00 0.000000000000000000e+00 1.000000000000000000e+00
8.741799592971801758e-01 4.759716391563415527e-01 -9.623108804225921631e-02 -6.149848923087120056e-03
-3.262898325920104980e-01 4.289702475070953369e-01 -8.423294425010681152e-01 2.508110105991363525e-01
-3.596449494361877441e-01 7.677466869354248047e-01 5.303022861480712891e-01 -1.180255115032196045e-01
0.000000000000000000e+00 0.000000000000000000e+00 0.000000000000000000e+00 1.000000000000000000e+00
8.972567915916442871e-01 4.365011453628540039e-01 -6.630935519933700562e-02 -1.477586384862661362e-02
-2.285944670438766479e-01 3.308021426200866699e-01 -9.155950546264648438e-01 2.650397717952728271e-01
-3.777229189872741699e-01 8.366818428039550781e-01 3.965962529182434082e-01 -8.226438611745834351e-02
0.000000000000000000e+00 0.000000000000000000e+00 0.000000000000000000e+00 1.000000000000000000e+00
8.916690945625305176e-01 4.519511759281158447e-01 -2.581575512886047363e-02 -2.981088869273662567e-02
-7.969482243061065674e-02 1.005840748548507690e-01 -9.917315840721130371e-01 2.822080254554748535e-01
-4.456175267696380615e-01 8.863534331321716309e-01 1.257059276103973389e-01 -8.599497377872467041e-03
0.000000000000000000e+00 0.000000000000000000e+00 0.000000000000000000e+00 1.000000000000000000e+00
8.888618350028991699e-01 4.572412371635437012e-01 -2.925163321197032928e-02 -2.694967389106750488e-02
-7.693722099065780640e-02 8.601645380258560181e-02 -9.933187961578369141e-01 2.826112210750579834e-01
-4.516700804233551025e-01 8.851733207702636719e-01 1.116355508565902710e-01 -9.730805642902851105e-03
0.000000000000000000e+00 0.000000000000000000e+00 0.000000000000000000e+00 1.000000000000000000e+00
8.498938679695129395e-01 5.261947512626647949e-01 -2.827712707221508026e-02 -2.346393093466758728e-02
-9.912691265344619751e-02 1.069422587752342224e-01 -9.893114566802978516e-01 2.824280858039855957e-01
-5.175463557243347168e-01 8.436126708984375000e-01 1.430495530366897583e-01 -1.592950150370597839e-02
0.000000000000000000e+00 0.000000000000000000e+00 0.000000000000000000e+00 1.000000000000000000e+00
8.396453857421875000e-01 5.392053723335266113e-01 -6.521671265363693237e-02 -1.346541289240121841e-02
-2.194837182760238647e-01 2.270165979862213135e-01 -9.488362669944763184e-01 2.758660018444061279e-01
-4.968124032020568848e-01 8.109997510910034180e-01 3.089602291584014893e-01 -5.471710860729217529e-02
0.000000000000000000e+00 0.000000000000000000e+00 0.000000000000000000e+00 1.000000000000000000e+00
8.389684557914733887e-01 5.351397395133972168e-01 -9.877970069646835327e-02 -4.374215379357337952e-03
-3.038936853408813477e-01 3.101539611816406250e-01 -9.008067846298217773e-01 2.661184966564178467e-01
-4.514207243919372559e-01 7.857670187950134277e-01 4.228350222110748291e-01 -8.534103631973266602e-02
0.000000000000000000e+00 0.000000000000000000e+00 0.000000000000000000e+00 1.000000000000000000e+00
8.214576840400695801e-01 5.582515597343444824e-01 -1.164587959647178650e-01 2.261101617477834225e-04
-3.687538802623748779e-01 3.642080724239349365e-01 -8.552035093307495117e-01 2.564000487327575684e-01
-4.350033700466156006e-01 7.454581260681152344e-01 5.050389766693115234e-01 -1.087948158383369446e-01
0.000000000000000000e+00 0.000000000000000000e+00 0.000000000000000000e+00 1.000000000000000000e+00
8.369469642639160156e-01 5.408733487129211426e-01 -8.352229744195938110e-02 -1.313153188675642014e-02
-4.494018554687500000e-01 5.921098589897155762e-01 -6.689122915267944336e-01 2.164342403411865234e-01
-3.123425841331481934e-01 5.973790287971496582e-01 7.386339902877807617e-01 -1.803107112646102905e-01
0.000000000000000000e+00 0.000000000000000000e+00 0.000000000000000000e+00 1.000000000000000000e+00
8.426933884620666504e-01 5.346773862838745117e-01 -6.314818561077117920e-02 -2.071011997759342194e-02
-4.573523700237274170e-01 6.490213274955749512e-01 -6.079472899436950684e-01 1.985797882080078125e-01
-2.840713858604431152e-01 5.411942005157470703e-01 7.914621233940124512e-01 -1.969375014305114746e-01
0.000000000000000000e+00 0.000000000000000000e+00 0.000000000000000000e+00 1.000000000000000000e+00
8.604491949081420898e-01 5.062187314033508301e-01 -5.804494768381118774e-02 -2.210600487887859344e-02
-4.549326896667480469e-01 7.119345664978027344e-01 -5.349628925323486328e-01 1.765265166759490967e-01
-2.294842004776000977e-01 4.867151379585266113e-01 8.428791165351867676e-01 -2.134791761636734009e-01
0.000000000000000000e+00 0.000000000000000000e+00 0.000000000000000000e+00 1.000000000000000000e+00
8.742915391921997070e-01 4.847949743270874023e-01 -2.424722164869308472e-02 -3.050871193408966064e-02
-4.541549086570739746e-01 7.993582487106323242e-01 -3.934073150157928467e-01 1.360291242599487305e-01
-1.713398396968841553e-01 3.549646139144897461e-01 9.190444350242614746e-01 -2.367071062326431274e-01
0.000000000000000000e+00 0.000000000000000000e+00 0.000000000000000000e+00 1.000000000000000000e+00
8.786618113517761230e-01 4.770174622535705566e-01 -2.018841914832592010e-02 -2.980568259954452515e-02
-4.657405018806457520e-01 8.470509052276611328e-01 -2.561062276363372803e-01 9.782456606626510620e-02
-1.050665751099586487e-01 2.344333231449127197e-01 9.664376378059387207e-01 -2.524796128273010254e-01
0.000000000000000000e+00 0.000000000000000000e+00 0.000000000000000000e+00 1.000000000000000000e+00
8.804175853729248047e-01 4.738795757293701172e-01 -1.740285381674766541e-02 -2.662128955125808716e-02
-4.741281569004058838e-01 8.790583610534667969e-01 -4.958407580852508545e-02 3.957569226622581482e-02
-8.198775351047515869e-03 5.190588161349296570e-02 9.986183047294616699e-01 -2.657855749130249023e-01
0.000000000000000000e+00 0.000000000000000000e+00 0.000000000000000000e+00 1.000000000000000000e+00
8.880083560943603516e-01 4.594970047473907471e-01 -1.742372475564479828e-02 -2.499774843454360962e-02
-4.583425521850585938e-01 8.875478506088256836e-01 4.669710993766784668e-02 1.118066627532243729e-02
3.692157566547393799e-02 -3.348138183355331421e-02 9.987570047378540039e-01 -2.685191631317138672e-01
0.000000000000000000e+00 0.000000000000000000e+00 0.000000000000000000e+00 1.000000000000000000e+00
8.942529559135437012e-01 4.474760890007019043e-01 -8.753771893680095673e-03 -2.676562406122684479e-02
-4.413095414638519287e-01 8.848499655723571777e-01 1.492858678102493286e-01 -2.048767544329166412e-02
7.454769313335418701e-02 -1.296361833810806274e-01 9.887554049491882324e-01 -2.676733732223510742e-01
0.000000000000000000e+00 0.000000000000000000e+00 0.000000000000000000e+00 1.000000000000000000e+00
8.973485827445983887e-01 4.411708712577819824e-01 -1.156469713896512985e-02 -2.561530657112598419e-02
-4.239248037338256836e-01 8.689628839492797852e-01 2.553257346153259277e-01 -5.387075617909431458e-02
1.226916015148162842e-01 -2.242136001586914062e-01 9.667859077453613281e-01 -2.630974948406219482e-01
0.000000000000000000e+00 0.000000000000000000e+00 0.000000000000000000e+00 1.000000000000000000e+00
8.998932242393493652e-01 4.358587563037872314e-01 -1.480128895491361618e-02 -2.447659708559513092e-02
-4.005316197872161865e-01 8.394294977188110352e-01 3.673312067985534668e-01 -9.095007181167602539e-02
1.725293099880218506e-01 -3.246304392814636230e-01 9.299723505973815918e-01 -2.536906599998474121e-01
0.000000000000000000e+00 0.000000000000000000e+00 0.000000000000000000e+00 1.000000000000000000e+00
9.060742259025573730e-01 4.230364859104156494e-01 -8.335461840033531189e-03 -2.761234343051910400e-02
-3.729489743709564209e-01 8.077897429466247559e-01 4.564915299415588379e-01 -1.203625276684761047e-01
1.998459994792938232e-01 -4.105064868927001953e-01 8.896886110305786133e-01 -2.437261641025543213e-01
0.000000000000000000e+00 0.000000000000000000e+00 0.000000000000000000e+00 1.000000000000000000e+00
9.159758090972900391e-01 4.011732339859008789e-01 -6.950575392693281174e-03 -3.074748069047927856e-02
-3.323695063591003418e-01 7.683566212654113770e-01 5.469536781311035156e-01 -1.505232751369476318e-01
2.247638106346130371e-01 -4.986861646175384521e-01 8.371338844299316406e-01 -2.309413254261016846e-01
0.000000000000000000e+00 0.000000000000000000e+00 0.000000000000000000e+00 1.000000000000000000e+00
9.089915752410888672e-01 4.164623916149139404e-01 1.712597161531448364e-02 -3.897001594305038452e-02
-3.342356383800506592e-01 7.037386894226074219e-01 6.269274353981018066e-01 -1.746019870042800903e-01
2.490396499633789062e-01 -5.755957961082458496e-01 7.788891792297363281e-01 -2.169424444437026978e-01
0.000000000000000000e+00 0.000000000000000000e+00 0.000000000000000000e+00 1.000000000000000000e+00
9.178672432899475098e-01 3.956394493579864502e-01 3.144970163702964783e-02 -4.548374563455581665e-02
-2.934772074222564697e-01 6.232336759567260742e-01 7.248798608779907227e-01 -2.056939601898193359e-01
2.671905755996704102e-01 -6.745733022689819336e-01 6.881570219993591309e-01 -1.917832046747207642e-01
0.000000000000000000e+00 0.000000000000000000e+00 0.000000000000000000e+00 1.000000000000000000e+00
9.260549545288085938e-01 3.732857704162597656e-01 5.549717321991920471e-02 -5.397778004407882690e-02
-2.680841088294982910e-01 5.471836924552917480e-01 7.929191589355468750e-01 -2.279930710792541504e-01
2.656183540821075439e-01 -7.491645812988281250e-01 6.067941188812255859e-01 -1.672991067171096802e-01
0.000000000000000000e+00 0.000000000000000000e+00 0.000000000000000000e+00 1.000000000000000000e+00
9.315544366836547852e-01 3.593826591968536377e-01 5.523055046796798706e-02 -5.577317625284194946e-02
-2.323412597179412842e-01 4.715137183666229248e-01 8.507010340690612793e-01 -2.475995272397994995e-01
2.796852588653564453e-01 -8.053066134452819824e-01 5.227401256561279297e-01 -1.437368690967559814e-01
0.000000000000000000e+00 0.000000000000000000e+00 0.000000000000000000e+00 1.000000000000000000e+00
9.429053068161010742e-01 3.286852240562438965e-01 5.381113663315773010e-02 -5.837092921137809753e-02
-1.933939903974533081e-01 4.087726175785064697e-01 8.919101357460021973e-01 -2.616353332996368408e-01
2.711611688137054443e-01 -8.513935208320617676e-01 4.489996433258056641e-01 -1.230548992753028870e-01
0.000000000000000000e+00 0.000000000000000000e+00 0.000000000000000000e+00 1.000000000000000000e+00
9.531306624412536621e-01 2.972804009914398193e-01 5.627031251788139343e-02 -6.137812882661819458e-02
-1.652187705039978027e-01 3.555928170680999756e-01 9.199219942092895508e-01 -2.719332873821258545e-01
2.534654736518859863e-01 -8.861027956008911133e-01 3.880427181720733643e-01 -1.043562740087509155e-01
0.000000000000000000e+00 0.000000000000000000e+00 0.000000000000000000e+00 1.000000000000000000e+00
9.594232439994812012e-01 2.724685072898864746e-01 7.258038222789764404e-02 -6.918784976005554199e-02
-1.496640443801879883e-01 2.739304304122924805e-01 9.500330090522766113e-01 -2.859847545623779297e-01
2.389721125364303589e-01 -9.223464131355285645e-01 3.035939335823059082e-01 -7.520173490047454834e-02
0.000000000000000000e+00 0.000000000000000000e+00 0.000000000000000000e+00 1.000000000000000000e+00
9.671294689178466797e-01 2.454568296670913696e-01 6.641900539398193359e-02 -6.991102546453475952e-02
-1.169354990124702454e-01 1.973629444837570190e-01 9.733313322067260742e-01 -2.970216870307922363e-01
2.258021831512451172e-01 -9.491041898727416992e-01 2.195781618356704712e-01 -4.528295248746871948e-02
0.000000000000000000e+00 0.000000000000000000e+00 0.000000000000000000e+00 1.000000000000000000e+00
