0.6600213646888733 0.5335696339607239 -0.5288433432579041 0.1331818997859955 
-0.03010018356144428 0.7221714854240417 0.691058874130249 -0.1983540505170822 
0.7506435513496399 -0.4401952922344208 0.4927090704441071 -0.18094302713871 
0 0 0 1 

0.6791929602622986 0.537171483039856 -0.5001435279846191 0.1233377829194069 
0.02442747540771961 0.6645104289054871 0.7468795776367188 -0.2209356427192688 
0.7335530519485474 -0.5194926261901855 0.4382090866565704 -0.1646213382482529 
0 0 0 1 

0.7220150828361511 0.5239942669868469 -0.451801061630249 0.1055498421192169 
0.06527181714773178 0.5985080599784851 0.7984532713890076 -0.2420667260885239 
0.6887915730476379 -0.605985164642334 0.3979297578334808 -0.1528415977954865 
0 0 0 1 

0.7839981317520142 0.4878828227519989 -0.383819192647934 0.07953878492116928 
0.1088331192731857 0.5006967186927795 0.8587538599967957 -0.2686112225055695 
0.6111482381820679 -0.7150335907936096 0.3394474387168884 -0.1331445425748825 
0 0 0 1 

0.8254377841949463 0.4680088758468628 -0.3156265914440155 0.0566316731274128 
0.1297520846128464 0.3868594169616699 0.912964403629303 -0.2909150123596191 
0.5493785738945007 -0.7945484519004822 0.2586032450199127 -0.105572298169136 
0 0 0 1 

0.8586648106575012 0.4262550473213196 -0.2846070826053619 0.04421196132898331 
0.16522316634655 0.2954427301883698 0.9409647583961487 -0.3038945198059082 
0.485176146030426 -0.8549970984458923 0.1832590699195862 -0.08034218102693558 
0 0 0 1 

0.9149526357650757 0.3122551441192627 -0.2556529343128204 0.03035915642976761 
0.1987966448068619 0.2025609165430069 0.9588791131973267 -0.3138704299926758 
0.3512001931667328 -0.9281518459320068 0.1232583969831467 -0.05535745248198509 
0 0 0 1 

0.9393869042396545 0.2495477497577667 -0.235113188624382 0.02127792127430439 
0.2139891684055328 0.1090485155582428 0.9707301259040833 -0.3209205865859985 
0.2678822875022888 -0.9622028470039368 0.04903828352689743 -0.02649293094873428 
0 0 0 1 

0.9621744155883789 0.1901434510946274 -0.1951046735048294 0.003693936392664909 
0.1946088671684265 0.02146239206194878 0.9806460738182068 -0.3268908262252808 
0.1906508505344391 -0.9815217256546021 -0.01635304279625416 0.0005937315872870386 
0 0 0 1 

0.9668062925338745 0.1794523149728775 -0.1818877458572388 -0.002255045808851719 
0.1851114332675934 -0.001241333084180951 0.9827168583869934 -0.3285394906997681 
0.1761249601840973 -0.9837660789489746 -0.03441879525780678 0.008721252903342247 
0 0 0 1 

