0.4639871418476105 0.8223938941955566 -0.3292174339294434 0.08435078710317612 
-0.8067549467086792 0.238800123333931 -0.5404821038246155 0.1713648736476898 
-0.3658720850944519 0.5163745284080505 0.7742705941200256 -0.1553453654050827 
0 0 0 1 

0.426444411277771 0.8449548482894897 -0.3227944672107697 0.08869510889053345 
-0.7872898578643799 0.1710343807935715 -0.5923864245414734 0.1826126128435135 
-0.445330947637558 0.5067526698112488 0.7381612062454224 -0.1396240741014481 
0 0 0 1 

0.3931446671485901 0.8638873100280762 -0.3148585557937622 0.09358133375644684 
-0.7780388593673706 0.1300736516714096 -0.6146025061607361 0.1849042624235153 
-0.489992618560791 0.486599862575531 0.7232757210731506 -0.1292830109596252 
0 0 0 1 

0.2782979607582092 0.926368772983551 -0.2537540197372437 0.08892183005809784 
-0.771887481212616 0.05847795307636261 -0.6330639719963074 0.1837805807590485 
-0.571611762046814 0.3720499575138092 0.7313267588615417 -0.1250413954257965 
0 0 0 1 

0.09291753172874451 0.9749959111213684 -0.2018643319606781 0.08797226846218109 
-0.7839135527610779 -0.05336266756057739 -0.6185723543167114 0.1673911511898041 
-0.6138775944709778 0.2157203704118729 0.7593543529510498 -0.1299592107534409 
0 0 0 1 

-0.1952304691076279 0.9594513177871704 -0.2033176720142365 0.08872134238481522 
-0.7528083324432373 -0.2794734835624695 -0.5959647297859192 0.1550815850496292 
-0.6286211609840393 0.03670870512723923 0.77684485912323 -0.1329968869686127 
0 0 0 1 

-0.2435367852449417 0.9540067315101624 -0.1748155653476715 0.08885553479194641 
-0.706489622592926 -0.297981321811676 -0.6419338583946228 0.1695712059736252 
-0.6645011901855469 -0.03282928094267845 0.7465656995773315 -0.1224827244877815 
0 0 0 1 

-0.3416458070278168 0.9303136467933655 -0.1333965957164764 0.0905546247959137 
-0.6959772706031799 -0.3458237648010254 -0.629302442073822 0.1642735004425049 
-0.6315803527832031 -0.12215755879879 0.7656263709068298 -0.1197821870446205 
0 0 0 1 

0.9130352735519409 0.1436306238174438 -0.3817547559738159 0.08957856148481369 
-0.360465943813324 0.7221192121505737 -0.5904301404953003 0.1766033917665482 
0.1908684819936752 0.6766932010650635 0.7110943198204041 -0.1487691849470139 
0 0 0 1 

0.9117082357406616 0.1504041403532028 -0.3823174238204956 0.09147398173809052 
-0.3762078583240509 0.6795819997787476 -0.6297901272773743 0.1888600736856461 
0.1650928854942322 0.718015730381012 0.6761637926101685 -0.1353085786104202 
0 0 0 1 

