-0.1273094862699509 0.771903932094574 -0.6228617429733276 0.2179903835058212 
-0.9916315674781799 -0.1126206368207932 0.06311486661434174 0.01850008033216 
-0.02142844349145889 0.6256844997406006 0.7797818779945374 -0.2287659794092178 
0 0 0 1 

-0.08882713317871094 0.6851291060447693 -0.7229856252670288 0.2404408901929855 
-0.9949551224708557 -0.02705166861414909 0.09660644829273224 0.01095350366085768 
0.04662999883294106 0.727919340133667 0.6840753555297852 -0.2086057662963867 
0 0 0 1 

-0.06436248123645782 0.515960693359375 -0.8541908860206604 0.2780012190341949 
-0.985727071762085 0.1005620807409286 0.1350165456533432 -0.000730177154764533 
0.1555624604225159 0.8506890535354614 0.5021239519119263 -0.1522178202867508 
0 0 0 1 

-0.1237821355462074 0.3728432357311249 -0.9196010231971741 0.296615868806839 
-0.9857349991798401 0.06030058860778809 0.1571322232484818 -0.01151692774146795 
0.1140381768345833 0.9259329438209534 0.3600603342056274 -0.1031739041209221 
0 0 0 1 

-0.1932689100503922 0.2757883965969086 -0.9415877461433411 0.3050190508365631 
-0.9750989079475403 0.05239057540893555 0.2154924869537354 -0.03051710873842239 
0.1087604984641075 0.9597893953323364 0.2587957084178925 -0.07143808156251907 
0 0 0 1 

-0.2744589447975159 0.148503839969635 -0.9500624537467957 0.3110085129737854 
-0.9595455527305603 0.02223319932818413 0.2806738615036011 -0.05164099112153053 
0.06280398368835449 0.9886617660522461 0.1363942474126816 -0.03027641586959362 
0 0 0 1 

-0.2997221052646637 -0.3758192360401154 -0.8768846392631531 0.2910677492618561 
-0.9489495754241943 0.02274266816675663 0.3146068751811981 -0.06029687449336052 
-0.09829254448413849 0.926413893699646 -0.3634500801563263 0.136685773730278 
0 0 0 1 

-0.2402177602052689 -0.5552549362182617 -0.7962332367897034 0.260305255651474 
-0.9682090282440186 0.07810230553150177 0.2376368343830109 -0.03630733489990234 
-0.06976143270730972 0.828004777431488 -0.5563643574714661 0.1962273865938187 
0 0 0 1 

-0.1309569925069809 -0.5726870894432068 -0.8092464208602905 0.2557410597801208 
-0.989966094493866 0.03183653578162193 0.13767209649086 -0.002633679425343871 
-0.05307942628860474 0.8191556334495544 -0.5711100101470947 0.2002924382686615 
0 0 0 1 

-0.07460533827543259 -0.5627236366271973 -0.8232716917991638 0.2564462125301361 
-0.9966066479682922 0.01328538171947002 0.08123219758272171 0.01523992232978344 
-0.03477384150028229 0.8265383243560791 -0.5618055462837219 0.1959076970815659 
0 0 0 1 

