-0.7680142521858215 -0.6221084594726562 0.1521047502756119 -0.009178373962640762 
-0.6336641907691956 0.7037134766578674 -0.3213365077972412 0.132319763302803 
0.09286796301603317 -0.3431742191314697 -0.9346699714660645 0.2870201468467712 
0 0 0 1 

-0.8034676909446716 -0.5908398032188416 0.0731278583407402 0.01750870607793331 
-0.5909185409545898 0.7764948606491089 -0.2187942713499069 0.09874311834573746 
0.07248897105455399 -0.2190067768096924 -0.9730268120765686 0.3004130721092224 
0 0 0 1 

-0.8393992185592651 -0.542625904083252 0.03108386881649494 0.03177018836140633 
-0.5397680401802063 0.8255430459976196 -0.1647094041109085 0.08164528757333755 
0.06371451169252396 -0.1550350040197372 -0.9858521819114685 0.3049896359443665 
0 0 0 1 

-0.8800644874572754 -0.4741228520870209 -0.02634312957525253 0.05063692480325699 
-0.470791220664978 0.8784323930740356 -0.08192756772041321 0.0556146539747715 
0.06198439374566078 -0.05969943106174469 -0.9962899684906006 0.3085956275463104 
0 0 0 1 

-0.9231188297271729 -0.3836415708065033 -0.02589374966919422 0.05195922031998634 
-0.3818056583404541 0.9225144386291504 -0.0564936175942421 0.04649254679679871 
0.04556065797805786 -0.0422639511525631 -0.9980669021606445 0.3091886639595032 
0 0 0 1 

-0.9577242732048035 -0.287418007850647 -0.01245169248431921 0.0491570457816124 
-0.2859115302562714 0.9557216763496399 -0.069646917283535 0.04929450899362564 
0.03191813081502914 -0.06314246356487274 -0.9974940419197083 0.3086818158626556 
0 0 0 1 

-0.9808961153030396 -0.1945084631443024 0.003019473981112242 0.04570606723427773 
-0.1940675526857376 0.9773651361465454 -0.08423291891813278 0.05213042721152306 
0.01343288831412792 -0.08320973068475723 -0.9964414238929749 0.3085209429264069 
0 0 0 1 

-0.9945636987686157 -0.1040156111121178 -0.00485983258113265 0.0507405698299408 
-0.1035558879375458 0.9929015636444092 -0.05850386247038841 0.03851718455553055 
0.0109106507152319 -0.05768255889415741 -0.9982751607894897 0.3098822832107544 
0 0 0 1 

-0.999790370464325 -0.007197271566838026 0.01917708106338978 0.04364060610532761 
-0.007596859242767096 0.9997538328170776 -0.02084601297974586 0.0155795281752944 
-0.01902232691645622 -0.02098732441663742 -0.9995988607406616 0.3136683702468872 
0 0 0 1 

-0.9339964389801025 -0.3437876403331757 -0.09726175665855408 0.07610700279474258 
-0.3421020209789276 0.9390462636947632 -0.03403520584106445 0.03248874470591545 
0.1030341535806656 0.001484703738242388 -0.9946762919425964 0.312494307756424 
0 0 0 1 

