1 0 0 -0.04542167112231255 
0 1 0 0.0009935460984706879 
0 0 1 -0.2875000238418579 
0 0 0 1 

0.9861224293708801 0.1630329787731171 0.03134723380208015 -0.0516471229493618 
-0.1613965928554535 0.9856669306755066 -0.0491083636879921 0.02418936789035797 
-0.03890427574515343 0.04336747154593468 0.9983014464378357 -0.2925894260406494 
0 0 0 1 

0.9665625095367432 0.2543138265609741 0.03288272768259048 -0.04997222498059273 
-0.2513019740581512 0.9649285674095154 -0.07589448988437653 0.03727428615093231 
-0.05103053525090218 0.0650932565331459 0.9965735077857971 -0.2920666933059692 
0 0 0 1 

0.8937186002731323 0.4477993249893188 0.02725217677652836 -0.04223190248012543 
-0.4404760599136353 0.8873863220214844 -0.1361113786697388 0.0645025447010994 
-0.08513382822275162 0.1096413284540176 0.9903185963630676 -0.2901573479175568 
0 0 0 1 

0.8459521532058716 0.5330492854118347 0.01494114380329847 -0.03553328663110733 
-0.5237557291984558 0.8358166217803955 -0.1645911931991577 0.07723028212785721 
-0.1002233326435089 0.1314107328653336 0.9862487316131592 -0.2887815535068512 
0 0 0 1 

0.7941545248031616 0.6076529622077942 -0.008735966868698597 -0.02504618279635906 
-0.6000951528549194 0.7818456292152405 -0.1691239774227142 0.08197329938411713 
-0.0959385484457016 0.1395529955625534 0.9855560660362244 -0.2896722853183746 
0 0 0 1 

0.7223409414291382 0.6909905076026917 -0.02748470194637775 -0.01392327528446913 
-0.6853447556495667 0.7100006341934204 -0.1618686318397522 0.08280204981565475 
-0.09233558923006058 0.1357608288526535 0.9864294528961182 -0.2905974090099335 
0 0 0 1 

0.6495148539543152 0.7597082257270813 -0.03120278753340244 -0.007757973857223988 
-0.7555516362190247 0.6402707695960999 -0.1385454386472702 0.07806465774774551 
-0.08527591079473495 0.1135626211762428 0.9898643493652344 -0.2933735847473145 
0 0 0 1 

0.5514335632324219 0.8333615660667419 -0.03780432417988777 0.0004213286156300455 
-0.8322960734367371 0.5465225577354431 -0.09271469712257385 0.06567405164241791 
-0.05660399049520493 0.08259038627147675 0.9949747323989868 -0.298517107963562 
0 0 0 1 

0.524809718132019 0.8502294421195984 -0.04103723540902138 0.003331164829432964 
-0.8500253558158875 0.5209115147590637 -0.07815123349428177 0.06211492419242859 
-0.04506978765130043 0.0758972242474556 0.9960966110229492 -0.3001359701156616 
0 0 0 1 

