1 0 0 -0.04542167112231255 
0 1 0 0.0009935460984706879 
0 0 1 -0.2875000238418579 
0 0 0 1 

0.9966412782669067 0.08032238483428955 0.0159549918025732 -0.04873701930046082 
-0.07999718189239502 0.9965929985046387 -0.0200719591230154 0.01045994274318218 
-0.0175128523260355 0.01872820034623146 0.9996712207794189 -0.2933638691902161 
0 0 0 1 

0.9854953289031982 0.1662604957818985 0.03400322794914246 -0.05239683017134666 
-0.1644509136676788 0.98509281873703 -0.05047732219099998 0.02511203289031982 
-0.041888777166605 0.04415325447916985 0.9981461763381958 -0.2925925254821777 
0 0 0 1 

0.8875376582145691 0.4604401290416718 -0.01648245193064213 -0.02518532052636147 
-0.459177553653717 0.8869102001190186 0.05046022310853004 0.01038722228258848 
0.03785237669944763 -0.03721696883440018 0.9985900521278381 -0.2685321271419525 
0 0 0 1 

0.8949073553085327 0.4461443722248077 -0.009785938076674938 -0.02639795653522015 
-0.4399782419204712 0.8857786655426025 0.1476993411779404 -0.01991702988743782 
0.07456347346305847 -0.1278716176748276 0.9889838695526123 -0.2677037715911865 
0 0 0 1 

0.8971750140190125 0.4414899945259094 -0.01278534531593323 -0.02546907775104046 
-0.4238699972629547 0.8687829971313477 0.2560278177261353 -0.05388496071100235 
0.1241414397954941 -0.2242824286222458 0.9665848016738892 -0.2630877494812012 
0 0 0 1 

0.8989450931549072 0.437742680311203 -0.01670172624289989 -0.02402682602405548 
-0.4013063609600067 0.8382088541984558 0.3692678511142731 -0.09115742146968842 
0.1756439656019211 -0.3252489566802979 0.9291728138923645 -0.2536589205265045 
0 0 0 1 

0.9053507447242737 0.424357682466507 -0.01613463088870049 -0.02545721083879471 
-0.3710705935955048 0.8089981079101562 0.4558819532394409 -0.1201303228735924 
0.2065100520849228 -0.406745970249176 0.8898939490318298 -0.2440934032201767 
0 0 0 1 

0.9148966670036316 0.4035413861274719 -0.01087778341025114 -0.02969773672521114 
-0.3325763940811157 0.768733024597168 0.5462986826896667 -0.149846076965332 
0.2288163602352142 -0.496189147233963 0.8375197052955627 -0.2312047779560089 
0 0 0 1 

0.9090284705162048 0.4167313575744629 -0.001461107050999999 -0.03289800509810448 
-0.3404036462306976 0.7445460557937622 0.5742610096931458 -0.1577668637037277 
0.2404005378484726 -0.5215223431587219 0.8186707496643066 -0.22731713950634 
0 0 0 1 

