-0.3814759850502014 0.03410126641392708 0.9237493872642517 -0.2556552290916443 
-0.9109616875648499 -0.1835132837295532 -0.3694204986095428 0.1578893959522247 
0.1569226235151291 -0.9824254512786865 0.1010709628462791 -0.0394628718495369 
0 0 0 1 

-0.4019578397274017 -0.09114617109298706 0.9111102819442749 -0.25017911195755 
-0.9103410243988037 -0.06729470193386078 -0.4083507359027863 0.1689045578241348 
0.09853270649909973 -0.9935610294342041 -0.05592430010437965 0.01237281132489443 
0 0 0 1 

-0.3940511047840118 -0.3085478842258453 0.8657492995262146 -0.2378091067075729 
-0.9150019884109497 0.04296978935599327 -0.4011545479297638 0.1687749773263931 
0.08657435327768326 -0.9502376914024353 -0.2992541193962097 0.08596792817115784 
0 0 0 1 

-0.425422191619873 -0.4031189680099487 0.8102538585662842 -0.2211617082357407 
-0.9037261605262756 0.1418371647596359 -0.4039323627948761 0.1707879155874252 
0.04790858924388885 -0.9040892720222473 -0.4246498644351959 0.1232134699821472 
0 0 0 1 

-0.064903624355793 -0.5011772513389587 0.8629071116447449 -0.2701801359653473 
-0.9938642382621765 0.1100756749510765 -0.01082168333232403 0.06149335950613022 
-0.08956145495176315 -0.8583149313926697 -0.5052464008331299 0.1614789515733719 
0 0 0 1 

-0.09529786556959152 -0.4831133782863617 0.8703559637069702 -0.2709237039089203 
-0.995427668094635 0.05192455276846886 -0.08017044514417648 0.08338978141546249 
-0.00646134652197361 -0.8740166425704956 -0.4858526587486267 0.1498232483863831 
0 0 0 1 

-0.1172691881656647 -0.4787314236164093 0.8700942397117615 -0.2698488533496857 
-0.9899665713310242 -0.01319282408803701 -0.1406842023134232 0.101498506963253 
0.07882905006408691 -0.8778621554374695 -0.4723809063434601 0.1399134546518326 
0 0 0 1 

-0.1272054761648178 -0.4400442242622375 0.8889206051826477 -0.2745287120342255 
-0.9686564207077026 -0.1376683115959167 -0.2067659795284271 0.1211154460906982 
0.2133623957633972 -0.8873604536056519 -0.4087394773960114 0.1119912937283516 
0 0 0 1 

-0.1543560773134232 -0.2038688361644745 0.9667530059814453 -0.295684278011322 
-0.9634892344474792 -0.1856036484241486 -0.192975252866745 0.1154125183820724 
0.2187747955322266 -0.9612431526184082 -0.1677761822938919 0.03334339335560799 
0 0 0 1 

-0.1538420915603638 -0.1374861150979996 0.9784834980964661 -0.3033356964588165 
-0.9445725083351135 -0.2702017724514008 -0.1864764094352722 0.1142740845680237 
0.2900261282920837 -0.9529366493225098 -0.08829706907272339 0.004781844094395638 
0 0 0 1 

