1.000000000000000000e+00 0.000000000000000000e+00 0.000000000000000000e+00 -4.542167112231254578e-02
0.000000000000000000e+00 1.000000000000000000e+00 0.000000000000000000e+00 9.935460984706878662e-04
0.000000000000000000e+00 0.000000000000000000e+00 1.000000000000000000e+00 -2.875000238418579102e-01
0.000000000000000000e+00 0.000000000000000000e+00 0.000000000000000000e+00 1.000000000000000000e+00
9.965087175369262695e-01 8.103561401367187500e-02 2.010994590818881989e-02 -4.977378621697425842e-02
-8.060599118471145630e-02 9.965178966522216797e-01 -2.132591791450977325e-02 1.093009952455759048e-02
-2.176805958151817322e-02 1.963047869503498077e-02 9.995703697204589844e-01 -2.929849028587341309e-01
0.000000000000000000e+00 0.000000000000000000e+00 0.000000000000000000e+00 1.000000000000000000e+00
9.851629137992858887e-01 1.650789976119995117e-01 4.693524539470672607e-02 -5.586787685751914978e-02
-1.625746786594390869e-01 9.852738380432128906e-01 -5.295486003160476685e-02 2.596152201294898987e-02
-5.498589202761650085e-02 4.453866183757781982e-02 9.974932074546813965e-01 -2.916845083236694336e-01
0.000000000000000000e+00 0.000000000000000000e+00 0.000000000000000000e+00 1.000000000000000000e+00
9.647000432014465332e-01 2.584283649921417236e-01 5.068302899599075317e-02 -5.474685877561569214e-02
-2.539947926998138428e-01 9.638760089874267578e-01 -8.018685877323150635e-02 3.921738639473915100e-02
-6.957472860813140869e-02 6.448303163051605225e-02 9.954901337623596191e-01 -2.909917533397674561e-01
0.000000000000000000e+00 0.000000000000000000e+00 0.000000000000000000e+00 1.000000000000000000e+00
9.361223578453063965e-01 3.471821844577789307e-01 5.602705106139183044e-02 -5.369925871491432190e-02
-3.387596905231475830e-01 9.330058097839355469e-01 -1.214148998260498047e-01 5.661980807781219482e-02
-9.442673623561859131e-02 9.467943757772445679e-02 9.910190701484680176e-01 -2.888592183589935303e-01
0.000000000000000000e+00 0.000000000000000000e+00 0.000000000000000000e+00 1.000000000000000000e+00
8.905152082443237305e-01 4.533721208572387695e-01 3.789819777011871338e-02 -4.480763524770736694e-02
-4.446325898170471191e-01 8.849313259124755859e-01 -1.385577619075775146e-01 6.602191179990768433e-02
-9.635560214519500732e-02 1.065369397401809692e-01 9.896288514137268066e-01 -2.894832789897918701e-01
0.000000000000000000e+00 0.000000000000000000e+00 0.000000000000000000e+00 1.000000000000000000e+00
8.440696597099304199e-01 5.357547998428344727e-01 2.263156138360500336e-02 -3.734792768955230713e-02
-5.250926017761230469e-01 8.343562483787536621e-01 -1.677111983299255371e-01 7.902485132217407227e-02
-1.087349727749824524e-01 1.296763271093368530e-01 9.855769276618957520e-01 -2.883130908012390137e-01
0.000000000000000000e+00 0.000000000000000000e+00 0.000000000000000000e+00 1.000000000000000000e+00
7.904005646705627441e-01 6.124813556671142578e-01 1.155894715338945389e-02 -3.065889514982700348e-02
-6.020733714103698730e-01 7.801734805107116699e-01 -1.698126792907714844e-01 8.323941379785537720e-02
-1.130251362919807434e-01 1.272605657577514648e-01 9.854083061218261719e-01 -2.889675498008728027e-01
0.000000000000000000e+00 0.000000000000000000e+00 0.000000000000000000e+00 1.000000000000000000e+00
7.204549908638000488e-01 6.932856440544128418e-01 -1.730863563716411591e-02 -1.650702767074108124e-02
-6.861881613731384277e-01 7.090202569961547852e-01 -1.625924259424209595e-01 8.415987342596054077e-02
-1.004508286714553833e-01 1.290175169706344604e-01 9.865410923957824707e-01 -2.903279066085815430e-01
0.000000000000000000e+00 0.000000000000000000e+00 0.000000000000000000e+00 1.000000000000000000e+00
6.427255868911743164e-01 7.659157514572143555e-01 -1.661450602114200592e-02 -1.156489364802837372e-02
-7.603147029876708984e-01 6.350658535957336426e-01 -1.364268809556961060e-01 7.848464697599411011e-02
-9.394020587205886841e-02 1.003172770142555237e-01 9.905110597610473633e-01 -2.933907508850097656e-01
0.000000000000000000e+00 0.000000000000000000e+00 0.000000000000000000e+00 1.000000000000000000e+00
5.503790974617004395e-01 8.345349431037902832e-01 -2.518648281693458557e-02 -3.161651082336902618e-03
-8.321509361267089844e-01 5.458546876907348633e-01 -9.781385958194732666e-02 6.803771108388900757e-02
-6.788092851638793945e-02 7.479356974363327026e-02 9.948856830596923828e-01 -2.983161211013793945e-01
0.000000000000000000e+00 0.000000000000000000e+00 0.000000000000000000e+00 1.000000000000000000e+00
4.648645818233489990e-01 8.830259442329406738e-01 -6.454148888587951660e-02 1.544680166989564896e-02
-8.852122426033020020e-01 4.621140658855438232e-01 -5.337737128138542175e-02 5.494864657521247864e-02
-1.730807870626449585e-02 8.194618672132492065e-02 9.964865446090698242e-01 -3.029191493988037109e-01
0.000000000000000000e+00 0.000000000000000000e+00 0.000000000000000000e+00 1.000000000000000000e+00
3.542715013027191162e-01 9.309231042861938477e-01 -8.874060213565826416e-02 2.748107351362705231e-02
-9.350400567054748535e-01 3.540360629558563232e-01 -1.890581659972667694e-02 4.166359081864356995e-02
1.381750497967004776e-02 8.967380225658416748e-02 9.958753585815429688e-01 -3.042947351932525635e-01
0.000000000000000000e+00 0.000000000000000000e+00 0.000000000000000000e+00 1.000000000000000000e+00
2.711830437183380127e-01 9.569611549377441406e-01 -1.033653616905212402e-01 3.471679612994194031e-02
-9.597790241241455078e-01 2.769553959369659424e-01 4.604767635464668274e-02 1.717233099043369293e-02
7.269342988729476929e-02 8.672053366899490356e-02 9.935770034790039062e-01 -3.041842877864837646e-01
0.000000000000000000e+00 0.000000000000000000e+00 0.000000000000000000e+00 1.000000000000000000e+00
1.964259147644042969e-01 9.716112017631530762e-01 -1.318689286708831787e-01 4.522965103387832642e-02
-9.720281958580017090e-01 2.106162160634994507e-01 1.039328351616859436e-01 -4.270965699106454849e-03
1.287558674812316895e-01 1.077651455998420715e-01 9.858031272888183594e-01 -3.027226030826568604e-01
0.000000000000000000e+00 0.000000000000000000e+00 0.000000000000000000e+00 1.000000000000000000e+00
1.125956028699874878e-01 9.842917919158935547e-01 -1.359837204217910767e-01 4.853932932019233704e-02
-9.713576436042785645e-01 1.378549784421920776e-01 1.935450583696365356e-01 -3.485690429806709290e-02
2.092508226633071899e-01 1.102964952588081360e-01 9.716215729713439941e-01 -2.999144792556762695e-01
0.000000000000000000e+00 0.000000000000000000e+00 0.000000000000000000e+00 1.000000000000000000e+00
1.866472810506820679e-01 9.748091697692871094e-01 -1.221088767051696777e-01 4.345918446779251099e-02
-9.557643532752990723e-01 2.089342176914215088e-01 2.070295363664627075e-01 -3.848375007510185242e-02
2.273268699645996094e-01 7.806584239006042480e-02 9.706839919090270996e-01 -2.973285913467407227e-01
0.000000000000000000e+00 0.000000000000000000e+00 0.000000000000000000e+00 1.000000000000000000e+00
2.783881723880767822e-01 9.521476626396179199e-01 -1.261551827192306519e-01 4.207488149404525757e-02
-9.376025795936584473e-01 2.978959083557128906e-01 1.793301105499267578e-01 -2.787788026034832001e-02
2.083298265933990479e-01 6.836007535457611084e-02 9.756667017936706543e-01 -2.963006496429443359e-01
0.000000000000000000e+00 0.000000000000000000e+00 0.000000000000000000e+00 1.000000000000000000e+00
3.265364766120910645e-01 9.370312690734863281e-01 -1.238789111375808716e-01 3.949141874909400940e-02
-9.348294138908386230e-01 3.395204842090606689e-01 1.040158346295356750e-01 -1.561714569106698036e-03
1.395255178213119507e-01 8.184075355529785156e-02 9.868306517601013184e-01 -2.961199581623077393e-01
0.000000000000000000e+00 0.000000000000000000e+00 0.000000000000000000e+00 1.000000000000000000e+00
3.643646538257598877e-01 9.167889952659606934e-01 -1.635111421346664429e-01 5.062107741832733154e-02
-9.286255836486816406e-01 3.708795905113220215e-01 1.015207916498184204e-02 3.151485696434974670e-02
6.995027512311935425e-02 1.481416225433349609e-01 9.864897131919860840e-01 -2.921423017978668213e-01
0.000000000000000000e+00 0.000000000000000000e+00 0.000000000000000000e+00 1.000000000000000000e+00
4.033981561660766602e-01 8.982563018798828125e-01 -1.743697375059127808e-01 5.219259485602378845e-02
-9.149810075759887695e-01 3.978410661220550537e-01 -6.731793284416198730e-02 5.777655541896820068e-02
8.902710862457752228e-03 1.867009699344635010e-01 9.823761582374572754e-01 -2.872428596019744873e-01
0.000000000000000000e+00 0.000000000000000000e+00 0.000000000000000000e+00 1.000000000000000000e+00
4.544658958911895752e-01 8.678814768791198730e-01 -2.006051093339920044e-01 5.668653175234794617e-02
-8.889483809471130371e-01 4.275160133838653564e-01 -1.643194705247879028e-01 8.741474896669387817e-02
-5.684798583388328552e-02 2.530051171779632568e-01 9.657930731773376465e-01 -2.765301167964935303e-01
0.000000000000000000e+00 0.000000000000000000e+00 0.000000000000000000e+00 1.000000000000000000e+00
5.305508375167846680e-01 8.275008201599121094e-01 -1.837354898452758789e-01 4.593744128942489624e-02
-8.415985703468322754e-01 4.883767366409301758e-01 -2.306506782770156860e-01 1.055964305996894836e-01
-1.011315509676933289e-01 2.770035862922668457e-01 9.555320739746093750e-01 -2.696554660797119141e-01
0.000000000000000000e+00 0.000000000000000000e+00 0.000000000000000000e+00 1.000000000000000000e+00
5.911652445793151855e-01 7.862228155136108398e-01 -1.799379438161849976e-01 4.061141237616539001e-02
-7.945826649665832520e-01 5.294255614280700684e-01 -2.972314655780792236e-01 1.221934407949447632e-01
-1.384266465902328491e-01 3.186884820461273193e-01 9.376965761184692383e-01 -2.605839967727661133e-01
0.000000000000000000e+00 0.000000000000000000e+00 0.000000000000000000e+00 1.000000000000000000e+00
6.677044034004211426e-01 7.273061871528625488e-01 -1.587330698966979980e-01 2.833195030689239502e-02
-7.235147953033447266e-01 5.838389396667480469e-01 -3.683173954486846924e-01 1.365929394960403442e-01
-1.752052009105682373e-01 3.607731163501739502e-01 9.160491228103637695e-01 -2.499831169843673706e-01
0.000000000000000000e+00 0.000000000000000000e+00 0.000000000000000000e+00 1.000000000000000000e+00
7.313631176948547363e-01 6.657685041427612305e-01 -1.478536278009414673e-01 2.141648344695568085e-02
-6.505426168441772461e-01 6.159759759902954102e-01 -4.442610740661621094e-01 1.519003957509994507e-01
-2.047007679939270020e-01 4.211010038852691650e-01 8.836128115653991699e-01 -2.353345900774002075e-01
0.000000000000000000e+00 0.000000000000000000e+00 0.000000000000000000e+00 1.000000000000000000e+00
7.500746250152587891e-01 6.494733691215515137e-01 -1.247868463397026062e-01 1.267778780311346054e-02
-6.038757562637329102e-01 5.956479907035827637e-01 -5.296569466590881348e-01 1.716023087501525879e-01
-2.696691751480102539e-01 4.726380407810211182e-01 8.389821052551269531e-01 -2.145016342401504517e-01
0.000000000000000000e+00 0.000000000000000000e+00 0.000000000000000000e+00 1.000000000000000000e+00
7.832237482070922852e-01 6.070977449417114258e-01 -1.341378539800643921e-01 1.268308889120817184e-02
-5.385031104087829590e-01 5.545554161071777344e-01 -6.344153285026550293e-01 1.983635425567626953e-01
-3.107651770114898682e-01 5.691229104995727539e-01 7.612651586532592773e-01 -1.861878335475921631e-01
0.000000000000000000e+00 0.000000000000000000e+00 0.000000000000000000e+00 1.000000000000000000e+00
8.044617176055908203e-01 5.801144838333129883e-01 -1.277058571577072144e-01 9.110478684306144714e-03
-4.820910394191741943e-01 5.120275020599365234e-01 -7.109263539314270020e-01 2.184137850999832153e-01
-3.470293879508972168e-01 6.334786415100097656e-01 6.915746927261352539e-01 -1.612985581159591675e-01
0.000000000000000000e+00 0.000000000000000000e+00 0.000000000000000000e+00 1.000000000000000000e+00
8.290199041366577148e-01 5.449510216712951660e-01 -1.255144774913787842e-01 5.648643244057893753e-03
-4.212038815021514893e-01 4.608487188816070557e-01 -7.811567187309265137e-01 2.368568331003189087e-01
-3.678489923477172852e-01 7.004616260528564453e-01 6.115884780883789062e-01 -1.385447680950164795e-01
0.000000000000000000e+00 0.000000000000000000e+00 0.000000000000000000e+00 1.000000000000000000e+00
8.628109693527221680e-01 4.982798695564270020e-01 -8.528925478458404541e-02 -7.751327939331531525e-03
-3.298712372779846191e-01 4.270944595336914062e-01 -8.418877720832824707e-01 2.513653337955474854e-01
-3.830692470073699951e-01 7.545243501663208008e-01 5.328698754310607910e-01 -1.174434050917625427e-01
0.000000000000000000e+00 0.000000000000000000e+00 0.000000000000000000e+00 1.000000000000000000e+00
8.710210323333740234e-01 4.886939227581024170e-01 -5.000508576631546021e-02 -1.732460223138332367e-02
-2.327315062284469604e-01 3.208654224872589111e-01 -9.180855751037597656e-01 2.657127380371093750e-01
-4.326181113719940186e-01 8.113095164299011230e-01 3.932150006294250488e-01 -7.885190099477767944e-02
0.000000000000000000e+00 0.000000000000000000e+00 0.000000000000000000e+00 1.000000000000000000e+00
8.522667884826660156e-01 5.226273536682128906e-01 -2.240690402686595917e-02 -2.941621840000152588e-02
-1.083893328905105591e-01 1.345253437757492065e-01 -9.849642515182495117e-01 2.831288874149322510e-01
-5.117551684379577637e-01 8.418812751770019531e-01 1.712986677885055542e-01 -1.426344178617000580e-02
0.000000000000000000e+00 0.000000000000000000e+00 0.000000000000000000e+00 1.000000000000000000e+00
8.474012017250061035e-01 5.294852852821350098e-01 -3.945513814687728882e-02 -2.247000671923160553e-02
-1.067996099591255188e-01 9.718977659940719604e-02 -9.895187616348266602e-01 2.833682894706726074e-01
-5.201011896133422852e-01 8.427330851554870605e-01 1.389075368642807007e-01 -1.200385577976703644e-02
0.000000000000000000e+00 0.000000000000000000e+00 0.000000000000000000e+00 1.000000000000000000e+00
8.112010955810546875e-01 5.841138958930969238e-01 -2.763910964131355286e-02 -2.165484987199306488e-02
-1.127191483974456787e-01 1.098128259181976318e-01 -9.875400066375732422e-01 2.828573584556579590e-01
-5.738007426261901855e-01 8.042088150978088379e-01 1.549211293458938599e-01 -1.565591059625148773e-02
0.000000000000000000e+00 0.000000000000000000e+00 0.000000000000000000e+00 1.000000000000000000e+00
7.858546376228332520e-01 6.160128116607666016e-01 -5.441183969378471375e-02 -1.351350732147693634e-02
-2.507450580596923828e-01 2.369728237390518188e-01 -9.386003017425537109e-01 2.749607861042022705e-01
-5.652954578399658203e-01 7.512469291687011719e-01 3.406883180141448975e-01 -5.871608108282089233e-02
0.000000000000000000e+00 0.000000000000000000e+00 0.000000000000000000e+00 1.000000000000000000e+00
8.163215517997741699e-01 5.717940330505371094e-01 -8.167351782321929932e-02 -7.119221612811088562e-03
-3.069401979446411133e-01 3.096573054790496826e-01 -8.999443054199218750e-01 2.664782106876373291e-01
-4.892922639846801758e-01 7.597129344940185547e-01 4.282867014408111572e-01 -8.512155711650848389e-02
0.000000000000000000e+00 0.000000000000000000e+00 0.000000000000000000e+00 1.000000000000000000e+00
7.985298037528991699e-01 5.952916741371154785e-01 -8.932009339332580566e-02 -4.904528148472309113e-03
-3.670395016670227051e-01 3.639019727706909180e-01 -8.560712337493896484e-01 2.573415637016296387e-01
-4.771079421043395996e-01 7.163821458816528320e-01 5.090822577476501465e-01 -1.076796650886535645e-01
0.000000000000000000e+00 0.000000000000000000e+00 0.000000000000000000e+00 1.000000000000000000e+00
8.253276944160461426e-01 5.601901412010192871e-01 -7.085406780242919922e-02 -1.574086397886276245e-02
-4.559986293315887451e-01 5.872389078140258789e-01 -6.687418818473815918e-01 2.173231244087219238e-01
-3.330144882202148438e-01 5.842409133911132812e-01 7.401110529899597168e-01 -1.795286983251571655e-01
0.000000000000000000e+00 0.000000000000000000e+00 0.000000000000000000e+00 1.000000000000000000e+00
8.269730210304260254e-01 5.599354505538940430e-01 -5.087264999747276306e-02 -2.280675806105136871e-02
-4.715941548347473145e-01 6.415339708328247070e-01 -6.050062775611877441e-01 1.987846791744232178e-01
-3.061279952526092529e-01 5.243149399757385254e-01 7.945937514305114746e-01 -1.964697986841201782e-01
0.000000000000000000e+00 0.000000000000000000e+00 0.000000000000000000e+00 1.000000000000000000e+00
8.512963652610778809e-01 5.230123996734619141e-01 -4.186094179749488831e-02 -2.564268931746482849e-02
-4.610327184200286865e-01 7.075480222702026367e-01 -5.355606675148010254e-01 1.773885488510131836e-01
-2.504860758781433105e-01 4.752196669578552246e-01 8.434588909149169922e-01 -2.124675065279006958e-01
0.000000000000000000e+00 0.000000000000000000e+00 0.000000000000000000e+00 1.000000000000000000e+00
8.705301880836486816e-01 4.919296205043792725e-01 -1.352010387927293777e-02 -3.263718634843826294e-02
-4.575275778770446777e-01 7.989227175712585449e-01 -3.903726935386657715e-01 1.354378312826156616e-01
-1.812344938516616821e-01 3.460169434547424316e-01 9.205577373504638672e-01 -2.365537434816360474e-01
0.000000000000000000e+00 0.000000000000000000e+00 0.000000000000000000e+00 1.000000000000000000e+00
8.759877085685729980e-01 4.821177124977111816e-01 -1.442572847008705139e-02 -3.091399185359477997e-02
-4.692369103431701660e-01 8.448988199234008789e-01 -2.568302750587463379e-01 9.829461574554443359e-02
-1.116342470049858093e-01 2.317494004964828491e-01 9.663486480712890625e-01 -2.520824670791625977e-01
0.000000000000000000e+00 0.000000000000000000e+00 0.000000000000000000e+00 1.000000000000000000e+00
8.782835602760314941e-01 4.781364798545837402e-01 -1.828485750593245029e-03 -3.049243241548538208e-02
-4.776406884193420410e-01 8.771849870681762695e-01 -4.904884099960327148e-02 3.975594416260719299e-02
-2.184812724590301514e-02 4.395215585827827454e-02 9.987947940826416016e-01 -2.653553187847137451e-01
0.000000000000000000e+00 0.000000000000000000e+00 0.000000000000000000e+00 1.000000000000000000e+00
8.865612149238586426e-01 4.625817537307739258e-01 -5.222325678914785385e-03 -2.797744236886501312e-02
-4.618618190288543701e-01 8.857110142707824707e-01 4.689278826117515564e-02 1.149417087435722351e-02
2.631722949445247650e-02 -3.916133195161819458e-02 9.988867044448852539e-01 -2.682143449783325195e-01
0.000000000000000000e+00 0.000000000000000000e+00 0.000000000000000000e+00 1.000000000000000000e+00
8.937410712242126465e-01 4.485680758953094482e-01 -3.679292974993586540e-03 -2.791504934430122375e-02
-4.430992305278778076e-01 8.840638995170593262e-01 1.486379206180572510e-01 -1.994088478386402130e-02
6.992697715759277344e-02 -1.312134414911270142e-01 9.888846278190612793e-01 -2.675318717956542969e-01
0.000000000000000000e+00 0.000000000000000000e+00 0.000000000000000000e+00 1.000000000000000000e+00
8.970444798469543457e-01 4.418807625770568848e-01 -7.255044765770435333e-03 -2.658009529113769531e-02
-4.255313277244567871e-01 8.680529594421386719e-01 2.557490766048431396e-01 -5.386692285537719727e-02
1.193083822727203369e-01 -2.263309955596923828e-01 9.667160511016845703e-01 -2.628701031208038330e-01
0.000000000000000000e+00 0.000000000000000000e+00 0.000000000000000000e+00 1.000000000000000000e+00
9.018213748931884766e-01 4.320038557052612305e-01 -9.488969109952449799e-03 -2.568393759429454803e-02
-3.982162773609161377e-01 8.394135832786560059e-01 3.698759973049163818e-01 -9.166354686021804810e-02
1.677530854940414429e-01 -3.297832906246185303e-01 9.290326833724975586e-01 -2.532385289669036865e-01
0.000000000000000000e+00 0.000000000000000000e+00 0.000000000000000000e+00 1.000000000000000000e+00
9.062657952308654785e-01 4.226553440093994141e-01 -6.609469652175903320e-03 -2.792107313871383667e-02
-3.732775449752807617e-01 8.075311183929443359e-01 4.566813409328460693e-01 -1.204043477773666382e-01
1.983563750982284546e-01 -4.114075601100921631e-01 8.896055817604064941e-01 -2.434805333614349365e-01
0.000000000000000000e+00 0.000000000000000000e+00 0.000000000000000000e+00 1.000000000000000000e+00
9.169455170631408691e-01 3.989839553833007812e-01 -4.884113557636737823e-03 -3.131329640746116638e-02
-3.308261632919311523e-01 7.670344114303588867e-01 5.497385859489440918e-01 -1.514622718095779419e-01
2.230831384658813477e-01 -5.024638772010803223e-01 8.353225588798522949e-01 -2.301917374134063721e-01
0.000000000000000000e+00 0.000000000000000000e+00 0.000000000000000000e+00 1.000000000000000000e+00
9.137532711029052734e-01 4.056885242462158203e-01 2.170810848474502563e-02 -4.003351181745529175e-02
-3.282911181449890137e-01 7.058386206626892090e-01 6.277075409889221191e-01 -1.752195656299591064e-01
2.393315434455871582e-01 -5.806962847709655762e-01 7.781464457511901855e-01 -2.161392420530319214e-01
0.000000000000000000e+00 0.000000000000000000e+00 0.000000000000000000e+00 1.000000000000000000e+00
9.189429879188537598e-01 3.928629159927368164e-01 3.468753769993782043e-02 -4.600215703248977661e-02
-2.941066622734069824e-01 6.240222454071044922e-01 7.239456176757812500e-01 -2.056785523891448975e-01
2.627657055854797363e-01 -6.754664182662963867e-01 6.889842748641967773e-01 -1.917281597852706909e-01
0.000000000000000000e+00 0.000000000000000000e+00 0.000000000000000000e+00 1.000000000000000000e+00
9.305452704429626465e-01 3.603336811065673828e-01 6.515432894229888916e-02 -5.661613121628761292e-02
-2.674469053745269775e-01 5.472680926322937012e-01 7.930759191513061523e-01 -2.283850312232971191e-01
2.501149475574493408e-01 -7.554182410240173340e-01 6.056277751922607422e-01 -1.659071147441864014e-01
0.000000000000000000e+00 0.000000000000000000e+00 0.000000000000000000e+00 1.000000000000000000e+00
9.395310282707214355e-01 3.382207453250885010e-01 5.374315753579139709e-02 -5.547745153307914734e-02
-2.211597412824630737e-01 4.794026017189025879e-01 8.492709398269653320e-01 -2.480956763029098511e-01
2.614765167236328125e-01 -8.098022937774658203e-01 5.252145528793334961e-01 -1.432451754808425903e-01
0.000000000000000000e+00 0.000000000000000000e+00 0.000000000000000000e+00 1.000000000000000000e+00
9.498016834259033203e-01 3.088060021400451660e-01 5.015435442328453064e-02 -5.744069069623947144e-02
-1.802080273628234863e-01 4.089789390563964844e-01 8.945730924606323242e-01 -2.632988989353179932e-01
2.557374835014343262e-01 -8.587052822113037109e-01 4.440983235836029053e-01 -1.205291524529457092e-01
0.000000000000000000e+00 0.000000000000000000e+00 0.000000000000000000e+00 1.000000000000000000e+00
9.616105556488037109e-01 2.705478072166442871e-01 4.592572525143623352e-02 -5.931833386421203613e-02
-1.410886049270629883e-01 3.438842594623565674e-01 9.283519983291625977e-01 -2.759817242622375488e-01
2.353704720735549927e-01 -8.991926312446594238e-01 3.688538670539855957e-01 -9.726753830909729004e-02
0.000000000000000000e+00 0.000000000000000000e+00 0.000000000000000000e+00 1.000000000000000000e+00
9.694516658782958984e-01 2.380244731903076172e-01 5.922975018620491028e-02 -6.599386781454086304e-02
-1.235144734382629395e-01 2.651040852069854736e-01 9.562762379646301270e-01 -2.895169854164123535e-01
2.119150608777999878e-01 -9.343789219856262207e-01 2.864050567150115967e-01 -6.756149977445602417e-02
0.000000000000000000e+00 0.000000000000000000e+00 0.000000000000000000e+00 1.000000000000000000e+00
9.799746870994567871e-01 1.911468952894210815e-01 5.578852444887161255e-02 -6.731073558330535889e-02
-8.508346229791641235e-02 1.486584991216659546e-01 9.852214455604553223e-01 -3.019618093967437744e-01
1.800286173820495605e-01 -9.702388048171997070e-01 1.619449257850646973e-01 -2.451705373823642731e-02
0.000000000000000000e+00 0.000000000000000000e+00 0.000000000000000000e+00 1.000000000000000000e+00
9.948886632919311523e-01 1.009569913148880005e-01 1.953046303242444992e-03 -5.360544845461845398e-02
-1.580559834837913513e-02 1.365960687398910522e-01 9.905007481575012207e-01 -3.061597645282745361e-01
9.973121434450149536e-02 -9.854689240455627441e-01 1.374934613704681396e-01 -1.744537055492401123e-02
0.000000000000000000e+00 0.000000000000000000e+00 0.000000000000000000e+00 1.000000000000000000e+00
9.976469874382019043e-01 6.738670170307159424e-02 -1.263071596622467041e-02 -5.064941942691802979e-02
-4.237052518874406815e-03 2.444757372140884399e-01 9.696461558341979980e-01 -3.015655279159545898e-01
6.842914968729019165e-02 -9.673110246658325195e-01 2.441859543323516846e-01 -5.057368054986000061e-02
0.000000000000000000e+00 0.000000000000000000e+00 0.000000000000000000e+00 1.000000000000000000e+00
9.979851245880126953e-01 2.702024951577186584e-02 -5.740714445710182190e-02 -3.539541363716125488e-02
4.706519097089767456e-02 2.915164828300476074e-01 9.554072618484497070e-01 -3.079483807086944580e-01
4.255046695470809937e-02 -9.561839699745178223e-01 2.896574139595031738e-01 -6.387457251548767090e-02
0.000000000000000000e+00 0.000000000000000000e+00 0.000000000000000000e+00 1.000000000000000000e+00
9.890890121459960938e-01 -5.942164734005928040e-02 -1.348029375076293945e-01 -5.047956015914678574e-03
1.460648030042648315e-01 2.764282822608947754e-01 9.498698711395263672e-01 -3.177483379840850830e-01
-1.917948201298713684e-02 -9.591957926750183105e-01 2.820915877819061279e-01 -5.854593589901924133e-02
0.000000000000000000e+00 0.000000000000000000e+00 0.000000000000000000e+00 1.000000000000000000e+00
9.686768054962158203e-01 -6.779997795820236206e-02 -2.388900220394134521e-01 3.002664260566234589e-02
2.483174353837966919e-01 2.569761872291564941e-01 9.339711070060729980e-01 -3.226906061172485352e-01
-1.934171887114644051e-03 -9.640365242958068848e-01 2.657627165317535400e-01 -5.242909491062164307e-02
0.000000000000000000e+00 0.000000000000000000e+00 0.000000000000000000e+00 1.000000000000000000e+00
9.742605686187744141e-01 -2.941151149570941925e-02 -2.234973311424255371e-01 2.295921184122562408e-02
2.222253978252410889e-01 2.917436361312866211e-01 9.303235411643981934e-01 -3.210182189941406250e-01
3.784170001745223999e-02 -9.560441970825195312e-01 2.907704114913940430e-01 -6.398493796586990356e-02
0.000000000000000000e+00 0.000000000000000000e+00 0.000000000000000000e+00 1.000000000000000000e+00
9.832081794738769531e-01 3.477399796247482300e-02 -1.791432648897171021e-01 5.133878439664840698e-03
1.581036001443862915e-01 3.279081583023071289e-01 9.313855767250061035e-01 -3.188403248786926270e-01
9.113053977489471436e-02 -9.440691471099853516e-01 3.169041872024536133e-01 -7.800671458244323730e-02
0.000000000000000000e+00 0.000000000000000000e+00 0.000000000000000000e+00 1.000000000000000000e+00
9.873980879783630371e-01 1.114425659179687500e-01 -1.123631075024604797e-01 -2.018997073173522949e-02
6.297162920236587524e-02 3.747056126594543457e-01 9.250026941299438477e-01 -3.114442229270935059e-01
1.451877504587173462e-01 -9.204218387603759766e-01 3.629658222198486328e-01 -1.002305820584297180e-01
0.000000000000000000e+00 0.000000000000000000e+00 0.000000000000000000e+00 1.000000000000000000e+00
9.810790419578552246e-01 1.917209476232528687e-01 -2.696555666625499725e-02 -5.026418343186378479e-02
-3.427745401859283447e-02 3.090817630290985107e-01 9.504175782203674316e-01 -3.139290213584899902e-01
1.905494928359985352e-01 -9.315102100372314453e-01 3.098053634166717529e-01 -8.731948584318161011e-02
0.000000000000000000e+00 0.000000000000000000e+00 0.000000000000000000e+00 1.000000000000000000e+00
9.268112778663635254e-01 3.640400767326354980e-01 9.216869622468948364e-02 -8.777091652154922485e-02
-2.181054353713989258e-01 3.220275044441223145e-01 9.212641716003417969e-01 -2.943780422210693359e-01
3.056965768337249756e-01 -8.739412426948547363e-01 3.778582811355590820e-01 -1.195736452937126160e-01
0.000000000000000000e+00 0.000000000000000000e+00 0.000000000000000000e+00 1.000000000000000000e+00
8.808718919754028320e-01 4.643778204917907715e-01 9.175288677215576172e-02 -8.586741238832473755e-02
-2.754580080509185791e-01 3.452455699443817139e-01 8.971782326698303223e-01 -2.825734913349151611e-01
3.849524557590484619e-01 -8.155730366706848145e-01 4.320337474346160889e-01 -1.456612497568130493e-01
0.000000000000000000e+00 0.000000000000000000e+00 0.000000000000000000e+00 1.000000000000000000e+00
8.378171920776367188e-01 5.426557064056396484e-01 5.988944321870803833e-02 -7.325649261474609375e-02
-3.331085443496704102e-01 4.211925864219665527e-01 8.435848951339721680e-01 -2.618690729141235352e-01
4.325511753559112549e-01 -7.267194986343383789e-01 5.336455702781677246e-01 -1.834762543439865112e-01
0.000000000000000000e+00 0.000000000000000000e+00 0.000000000000000000e+00 1.000000000000000000e+00
8.076771497726440430e-01 5.875187516212463379e-01 4.979323968291282654e-02 -6.791024655103683472e-02
-4.192642867565155029e-01 5.128844976425170898e-01 7.491105198860168457e-01 -2.253368347883224487e-01
4.145784080028533936e-01 -6.259158253669738770e-01 6.605712175369262695e-01 -2.248541265726089478e-01
0.000000000000000000e+00 0.000000000000000000e+00 0.000000000000000000e+00 1.000000000000000000e+00
7.734976410865783691e-01 6.334525346755981445e-01 2.096974290907382965e-02 -5.691070109605789185e-02
-5.040355324745178223e-01 5.947363376617431641e-01 6.262882947921752930e-01 -1.787333339452743530e-01
3.842522501945495605e-01 -4.950018525123596191e-01 7.793091535568237305e-01 -2.619498968124389648e-01
0.000000000000000000e+00 0.000000000000000000e+00 0.000000000000000000e+00 1.000000000000000000e+00
7.528561353683471680e-01 6.580159068107604980e-01 1.492316834628582001e-02 -5.389967933297157288e-02
-5.648374557495117188e-01 6.342762112617492676e-01 5.278751850128173828e-01 -1.419410705566406250e-01
3.378849327564239502e-01 -4.058430194854736328e-01 8.491913676261901855e-01 -2.824124395847320557e-01
0.000000000000000000e+00 0.000000000000000000e+00 0.000000000000000000e+00 1.000000000000000000e+00
6.526054143905639648e-01 7.575461864471435547e-01 1.517685502767562866e-02 -4.705043509602546692e-02
-6.777991056442260742e-01 5.747183561325073242e-01 4.585699439048767090e-01 -1.107887178659439087e-01
3.386654555797576904e-01 -3.095518648624420166e-01 8.885285258293151855e-01 -2.971788644790649414e-01
0.000000000000000000e+00 0.000000000000000000e+00 0.000000000000000000e+00 1.000000000000000000e+00
5.861469507217407227e-01 8.101113438606262207e-01 -1.231308933347463608e-02 -3.296928480267524719e-02
-7.405105829238891602e-01 5.418308973312377930e-01 3.975716531276702881e-01 -8.560901135206222534e-02
3.287490606307983398e-01 -2.239173650741577148e-01 9.174883365631103516e-01 -3.077827990055084229e-01
0.000000000000000000e+00 0.000000000000000000e+00 0.000000000000000000e+00 1.000000000000000000e+00
5.345695614814758301e-01 8.438589572906494141e-01 -4.623710736632347107e-02 -1.710526272654533386e-02
-7.878608107566833496e-01 5.173981785774230957e-01 3.340274989604949951e-01 -6.058232486248016357e-02
3.057951331138610840e-01 -1.421325355768203735e-01 9.414288997650146484e-01 -3.144305348396301270e-01
0.000000000000000000e+00 0.000000000000000000e+00 0.000000000000000000e+00 1.000000000000000000e+00
5.065199136734008789e-01 8.548831343650817871e-01 -1.123039647936820984e-01 7.691372651606798172e-03
-8.173303008079528809e-01 5.175359845161437988e-01 2.532350122928619385e-01 -3.092044033110141754e-02
2.746074497699737549e-01 -3.647904470562934875e-02 9.608638882637023926e-01 -3.196927607059478760e-01
0.000000000000000000e+00 0.000000000000000000e+00 0.000000000000000000e+00 1.000000000000000000e+00
4.375404119491577148e-01 8.846960663795471191e-01 -1.608441174030303955e-01 2.985405921936035156e-02
-8.594422936439514160e-01 4.640507102012634277e-01 2.145124077796936035e-01 -1.475698500871658325e-02
2.644182145595550537e-01 4.437839239835739136e-02 9.633864760398864746e-01 -3.199781179428100586e-01
0.000000000000000000e+00 0.000000000000000000e+00 0.000000000000000000e+00 1.000000000000000000e+00
3.531831800937652588e-01 8.970764875411987305e-01 -2.655474543571472168e-01 7.133787870407104492e-02
-8.950551152229309082e-01 4.066058397293090820e-01 1.831620335578918457e-01 -1.664251787588000298e-03
2.722833454608917236e-01 1.729898750782012939e-01 9.465389251708984375e-01 -3.146298527717590332e-01
0.000000000000000000e+00 0.000000000000000000e+00 0.000000000000000000e+00 1.000000000000000000e+00
2.908682227134704590e-01 8.880383968353271484e-01 -3.560651242733001709e-01 1.060177609324455261e-01
-9.155751466751098633e-01 3.663719594478607178e-01 1.658137738704681396e-01 5.821079481393098831e-03
2.777012288570404053e-01 2.777745723724365234e-01 9.196318984031677246e-01 -3.062700033187866211e-01
0.000000000000000000e+00 0.000000000000000000e+00 0.000000000000000000e+00 1.000000000000000000e+00
2.748924493789672852e-01 8.575481176376342773e-01 -4.347937703132629395e-01 1.328874230384826660e-01
-9.324544072151184082e-01 3.480452299118041992e-01 9.692148864269256592e-02 3.049075044691562653e-02
2.344427108764648438e-01 3.787825405597686768e-01 8.952998518943786621e-01 -2.947314083576202393e-01
0.000000000000000000e+00 0.000000000000000000e+00 0.000000000000000000e+00 1.000000000000000000e+00
1.808729916810989380e-01 7.784003019332885742e-01 -6.011478900909423828e-01 1.936977505683898926e-01
-9.614264369010925293e-01 2.687285244464874268e-01 5.869190394878387451e-02 4.368597641587257385e-02
2.072314620018005371e-01 5.673432946205139160e-01 7.969806194305419922e-01 -2.605374157428741455e-01
0.000000000000000000e+00 0.000000000000000000e+00 0.000000000000000000e+00 1.000000000000000000e+00
1.379103213548660278e-01 6.794435381889343262e-01 -7.206507921218872070e-01 2.357140183448791504e-01
-9.724376201629638672e-01 2.309985905885696411e-01 3.169539198279380798e-02 5.290533602237701416e-02
1.880044490098953247e-01 6.964165568351745605e-01 6.925736665725708008e-01 -2.257916182279586792e-01
0.000000000000000000e+00 0.000000000000000000e+00 0.000000000000000000e+00 1.000000000000000000e+00
1.124341711401939392e-01 5.757036805152893066e-01 -8.098906874656677246e-01 2.659785151481628418e-01
-9.838024973869323730e-01 1.790111511945724487e-01 -9.329201653599739075e-03 6.716079264879226685e-02
1.396086364984512329e-01 7.978217005729675293e-01 5.865061283111572266e-01 -1.884134560823440552e-01
0.000000000000000000e+00 0.000000000000000000e+00 0.000000000000000000e+00 1.000000000000000000e+00
8.276712149381637573e-02 4.993914365768432617e-01 -8.624140024185180664e-01 2.850455343723297119e-01
-9.904186725616455078e-01 1.372141391038894653e-01 -1.559627149254083633e-02 6.978056579828262329e-02
1.105466708540916443e-01 8.554414510726928711e-01 5.059635043144226074e-01 -1.603895723819732666e-01
0.000000000000000000e+00 0.000000000000000000e+00 0.000000000000000000e+00 1.000000000000000000e+00
1.584802418947219849e-01 5.155079960823059082e-01 -8.421018719673156738e-01 2.716112732887268066e-01
-9.869790673255920410e-01 1.064626276493072510e-01 -1.205723583698272705e-01 1.037820875644683838e-01
2.749633602797985077e-02 8.502454161643981934e-01 5.256683230400085449e-01 -1.599985659122467041e-01
0.000000000000000000e+00 0.000000000000000000e+00 0.000000000000000000e+00 1.000000000000000000e+00
2.646317481994628906e-01 5.779983401298522949e-01 -7.719374299049377441e-01 2.415564656257629395e-01
-9.600113630294799805e-01 8.205479383468627930e-02 -2.676666080951690674e-01 1.489894986152648926e-01
-9.136960655450820923e-02 8.119024634361267090e-01 5.765992999076843262e-01 -1.663233339786529541e-01
0.000000000000000000e+00 0.000000000000000000e+00 0.000000000000000000e+00 1.000000000000000000e+00
3.223083019256591797e-01 6.222722530364990234e-01 -7.133690118789672852e-01 2.195986062288284302e-01
-9.285658001899719238e-01 6.129110231995582581e-02 -3.660724461078643799e-01 1.777502149343490601e-01
-1.840735077857971191e-01 7.803980112075805664e-01 5.975751280784606934e-01 -1.661376655101776123e-01
0.000000000000000000e+00 0.000000000000000000e+00 0.000000000000000000e+00 1.000000000000000000e+00
3.598758578300476074e-01 6.492684483528137207e-01 -6.700298190116882324e-01 2.031295150518417358e-01
-8.917151689529418945e-01 2.808898501098155975e-02 -4.517251849174499512e-01 2.014078944921493530e-01
-2.744703590869903564e-01 7.600405216217041016e-01 5.890710353851318359e-01 -1.565621793270111084e-01
0.000000000000000000e+00 0.000000000000000000e+00 0.000000000000000000e+00 1.000000000000000000e+00
4.183295667171478271e-01 6.491202712059020996e-01 -6.353291869163513184e-01 1.868574172258377075e-01
-8.403724431991577148e-01 1.120222266763448715e-02 -5.418937206268310547e-01 2.256847023963928223e-01
-3.446370661258697510e-01 7.606033086776733398e-01 5.501886606216430664e-01 -1.372427791357040405e-01
0.000000000000000000e+00 0.000000000000000000e+00 0.000000000000000000e+00 1.000000000000000000e+00
5.176789164543151855e-01 6.495134234428405762e-01 -5.569026470184326172e-01 1.562247574329376221e-01
-7.325112223625183105e-01 1.407572563039138913e-04 -6.807552576065063477e-01 2.585410177707672119e-01
-4.420810639858245850e-01 7.603502869606018066e-01 4.758487641811370850e-01 -1.028931066393852234e-01
0.000000000000000000e+00 0.000000000000000000e+00 0.000000000000000000e+00 1.000000000000000000e+00
6.162577271461486816e-01 6.934237480163574219e-01 -3.733481168746948242e-01 9.135967493057250977e-02
-5.737466216087341309e-01 7.056025415658950806e-02 -8.159875869750976562e-01 2.916777431964874268e-01
-5.394822955131530762e-01 7.170660495758056641e-01 4.413329958915710449e-01 -8.438366651535034180e-02
0.000000000000000000e+00 0.000000000000000000e+00 0.000000000000000000e+00 1.000000000000000000e+00
6.362186670303344727e-01 7.261147499084472656e-01 -2.607370913028717041e-01 5.791711434721946716e-02
-4.865712523460388184e-01 1.153674572706222534e-01 -8.659900426864624023e-01 3.016071319580078125e-01
-5.987273454666137695e-01 6.778260469436645508e-01 4.267054200172424316e-01 -7.538544386625289917e-02
0.000000000000000000e+00 0.000000000000000000e+00 0.000000000000000000e+00 1.000000000000000000e+00
5.949688553810119629e-01 7.798732519149780273e-01 -1.944466233253479004e-01 4.340751096606254578e-02
-3.906824886798858643e-01 6.918684393167495728e-02 -9.179219007492065430e-01 3.113990128040313721e-01
-7.024097442626953125e-01 6.221018433570861816e-01 3.458467721939086914e-01 -4.803039133548736572e-02
0.000000000000000000e+00 0.000000000000000000e+00 0.000000000000000000e+00 1.000000000000000000e+00
4.293618500232696533e-01 9.011587500572204590e-01 -5.967538431286811829e-02 1.824152469635009766e-02
-2.270672470331192017e-01 4.376154020428657532e-02 -9.728955626487731934e-01 3.188675642013549805e-01
-8.741216659545898438e-01 4.312744736671447754e-01 2.234131097793579102e-01 -8.596833795309066772e-03
0.000000000000000000e+00 0.000000000000000000e+00 0.000000000000000000e+00 1.000000000000000000e+00
2.871800959110260010e-01 9.529346227645874023e-01 9.717703610658645630e-02 -2.577325515449047089e-02
-2.481515258550643921e-01 1.720011681318283081e-01 -9.533290266990661621e-01 3.212344348430633545e-01
-9.251747727394104004e-01 2.496625930070877075e-01 2.858677208423614502e-01 -3.457552939653396606e-02
0.000000000000000000e+00 0.000000000000000000e+00 0.000000000000000000e+00 1.000000000000000000e+00
2.746525108814239502e-01 9.610614180564880371e-01 -3.044075518846511841e-02 1.720217615365982056e-02
-3.695811033248901367e-01 7.628691196441650391e-02 -9.260616302490234375e-01 3.144928514957427979e-01
-8.876800537109375000e-01 2.655954360961914062e-01 3.761427402496337891e-01 -6.340210139751434326e-02
0.000000000000000000e+00 0.000000000000000000e+00 0.000000000000000000e+00 1.000000000000000000e+00
2.776370346546173096e-01 9.599865078926086426e-01 -3.665902093052864075e-02 2.389157004654407501e-02
-4.577008485794067383e-01 9.862861037254333496e-02 -8.836190104484558105e-01 3.049020469188690186e-01
-8.446463346481323242e-01 2.621040642261505127e-01 4.667695760726928711e-01 -9.471943229436874390e-02
0.000000000000000000e+00 0.000000000000000000e+00 0.000000000000000000e+00 1.000000000000000000e+00
1.638320982456207275e-01 9.849812388420104980e-01 -5.450896546244621277e-02 3.489074110984802246e-02
-4.668524861335754395e-01 2.873835526406764984e-02 -8.838682770729064941e-01 3.045383691787719727e-01
-8.690268993377685547e-01 1.702533811330795288e-01 4.645493030548095703e-01 -9.558140486478805542e-02
