0.3736440539360046 0.1505941301584244 -0.915265679359436 0.3634429574012756 
-0.1042727157473564 0.987297534942627 0.1198781132698059 -0.005625708494335413 
0.9216924905776978 0.05064552277326584 0.3846006989479065 -0.1092175617814064 
0 0 0 1 

0.3902689516544342 0.1492579281330109 -0.9085219502449036 0.3617900609970093 
-0.1574523746967316 0.9830553531646729 0.09386677294969559 0.008879006840288639 
0.9071376919746399 0.1064156666398048 0.4071569740772247 -0.09838367998600006 
0 0 0 1 

0.3952267467975616 0.1592537015676498 -0.9046734571456909 0.3627775907516479 
-0.1574695855379105 0.9820241928100586 0.1040760055184364 0.008724396117031574 
0.9049857258796692 0.1013249382376671 0.413199782371521 -0.09540118277072906 
0 0 0 1 

0.4014914333820343 0.1759429126977921 -0.8988040089607239 0.3643538951873779 
-0.1849592477083206 0.9767298698425293 0.1085766702890396 0.01006442960351706 
0.896992027759552 0.1226495206356049 0.4246908724308014 -0.09407401084899902 
0 0 0 1 

0.4047483801841736 0.1843010038137436 -0.8956627249717712 0.3667661845684052 
-0.198131188750267 0.9738858342170715 0.1108618900179863 0.01190719101577997 
0.8927052617073059 0.1325875669717789 0.4306945204734802 -0.09109316766262054 
0 0 0 1 

0.4004048109054565 0.2004967927932739 -0.8941347599029541 0.3706481456756592 
-0.2262173295021057 0.9671958088874817 0.1155767142772675 0.01153193134814501 
0.8879761695861816 0.1559913158416748 0.4326257109642029 -0.08401297777891159 
0 0 0 1 

0.4142673313617706 0.2075066715478897 -0.8861847519874573 0.3731264472007751 
-0.2389234453439713 0.964310348033905 0.1141101494431496 0.01457051746547222 
0.8782356977462769 0.1644582599401474 0.4490604996681213 -0.08258941024541855 
0 0 0 1 

0.4475037157535553 0.2139169573783875 -0.8683200478553772 0.3723845183849335 
-0.2625764012336731 0.9596020579338074 0.1010816842317581 0.0205290075391531 
0.854864776134491 0.1827659755945206 0.4855950474739075 -0.08907443284988403 
0 0 0 1 

0.5097566246986389 0.2432894706726074 -0.8252019286155701 0.373132199048996 
-0.2879631519317627 0.9521058201789856 0.1028187200427055 0.0178491547703743 
0.8106942772865295 0.1852152943611145 0.5554006695747375 -0.1032980680465698 
0 0 0 1 

0.4204890131950378 0.2433034032583237 -0.8740664720535278 0.3946670293807983 
-0.2766644060611725 0.9518759846687317 0.1318667978048325 0.006368236150592566 
0.8640865683555603 0.1863746047019958 0.4675667583942413 -0.05375949293375015 
0 0 0 1 

