1 0 0 -0.04542167112231255 
0 1 0 0.0009935460984706879 
0 0 1 -0.2875000238418579 
0 0 0 1 

0.996895432472229 0.07746712863445282 0.01408119779080153 -0.04815223067998886 
-0.07721127569675446 0.996854305267334 -0.01788666471838951 0.009613020345568657 
-0.01542253885418177 0.01674389839172363 0.9997408390045166 -0.2933635711669922 
0 0 0 1 

0.6493113040924072 0.7598553895950317 -0.03184809535741806 -0.007605199702084064 
-0.7557967901229858 0.6400495171546936 -0.1382296681404114 0.07817376405000687 
-0.08465024828910828 0.113824762403965 0.9898880124092102 -0.293390691280365 
0 0 0 1 

0.5509549975395203 0.8333706855773926 -0.0440630279481411 0.002294131554663181 
-0.832796573638916 0.5456345081329346 -0.09344848990440369 0.06598097085952759 
-0.0538349561393261 0.08818145096302032 0.9946485757827759 -0.2984546422958374 
0 0 0 1 

0.4588032066822052 0.883369505405426 -0.09569687396287918 0.02462492696940899 
-0.8885220885276794 0.455483615398407 -0.05534613877534866 0.05466049909591675 
-0.005302741657942533 0.1104217693209648 0.9938706755638123 -0.3019781708717346 
0 0 0 1 

0.3514080345630646 0.9305210113525391 -0.1031646206974983 0.03142422065138817 
-0.9360126256942749 0.3515221178531647 -0.01767653226852417 0.04038101807236671 
0.01981625519692898 0.1027750670909882 0.9945071935653687 -0.3036700189113617 
0 0 0 1 

0.2705802023410797 0.9542919397354126 -0.1269368827342987 0.04156527295708656 
-0.9592844247817993 0.2783597707748413 0.04784398525953293 0.01622447557747364 
0.08099125325679779 0.1088229566812515 0.9907562732696533 -0.3031775057315826 
0 0 0 1 

0.1950431615114212 0.9673615097999573 -0.1617713421583176 0.05381324142217636 
-0.9717652201652527 0.2129303365945816 0.1016524657607079 -0.003686024341732264 
0.1327807158231735 0.1373771131038666 0.9815787076950073 -0.3013786673545837 
0 0 0 1 

0.1153843700885773 0.9798279404640198 -0.1631675958633423 0.05610037222504616 
-0.9709065556526184 0.1459474861621857 0.1898414194583893 -0.03354990854859352 
0.2098258286714554 0.1365157514810562 0.9681614637374878 -0.2984746694564819 
0 0 0 1 

0.1233070120215416 0.9790610074996948 -0.1619720607995987 0.05519505590200424 
-0.967165470123291 0.1551147401332855 0.2013216018676758 -0.03694133087992668 
0.222230389714241 0.1318294107913971 0.9660407304763794 -0.2980602085590363 
0 0 0 1 

