1.000000000000000000e+00 0.000000000000000000e+00 0.000000000000000000e+00 -4.542167112231254578e-02
0.000000000000000000e+00 1.000000000000000000e+00 0.000000000000000000e+00 9.935460984706878662e-04
0.000000000000000000e+00 0.000000000000000000e+00 1.000000000000000000e+00 -2.875000238418579102e-01
0.000000000000000000e+00 0.000000000000000000e+00 0.000000000000000000e+00 1.000000000000000000e+00
9.967248439788818359e-01 7.969607412815093994e-02 1.371694728732109070e-02 -4.816159605979919434e-02
-7.943625748157501221e-02 9.966673851013183594e-01 -1.854590512812137604e-02 9.828290902078151703e-03
-1.514926925301551819e-02 1.739554293453693390e-02 9.997339248657226562e-01 -2.933624982833862305e-01
0.000000000000000000e+00 0.000000000000000000e+00 0.000000000000000000e+00 1.000000000000000000e+00
9.860566854476928711e-01 1.638021320104598999e-01 2.934151329100131989e-02 -5.104523152112960815e-02
-1.622671037912368774e-01 9.855432510375976562e-01 -4.872046411037445068e-02 2.405514195561408997e-02
-3.689789399504661560e-02 4.327994585037231445e-02 9.983813762664794922e-01 -2.927042245864868164e-01
0.000000000000000000e+00 0.000000000000000000e+00 0.000000000000000000e+00 1.000000000000000000e+00
9.664338231086730957e-01 2.543451488018035889e-01 3.625036776065826416e-02 -5.088258907198905945e-02
-2.510300278663635254e-01 9.648758172988891602e-01 -7.745083421468734741e-02 3.787896409630775452e-02
-5.467635393142700195e-02 6.575118005275726318e-02 9.963369965553283691e-01 -2.919127643108367920e-01
0.000000000000000000e+00 0.000000000000000000e+00 0.000000000000000000e+00 1.000000000000000000e+00
9.371953010559082031e-01 3.451893627643585205e-01 5.009132623672485352e-02 -5.217538401484489441e-02
-3.374389708042144775e-01 9.336197972297668457e-01 -1.203686222434043884e-01 5.574603751301765442e-02
-8.831629157066345215e-02 9.590610861778259277e-02 9.914646744728088379e-01 -2.892223298549652100e-01
0.000000000000000000e+00 0.000000000000000000e+00 0.000000000000000000e+00 1.000000000000000000e+00
8.932765126228332520e-01 4.485998153686523438e-01 2.855044417083263397e-02 -4.251053556799888611e-02
-4.411064684391021729e-01 8.870341777801513672e-01 -1.363646686077117920e-01 6.471107155084609985e-02
-8.649842441082000732e-02 1.092175692319869995e-01 9.902472496032714844e-01 -2.901265025138854980e-01
0.000000000000000000e+00 0.000000000000000000e+00 0.000000000000000000e+00 1.000000000000000000e+00
8.451853394508361816e-01 5.342149138450622559e-01 1.660688780248165131e-02 -3.589026629924774170e-02
-5.247952342033386230e-01 8.353669047355651855e-01 -1.635598987340927124e-01 7.702117413282394409e-02
-1.012490615248680115e-01 1.295232027769088745e-01 9.863936901092529297e-01 -2.888225913047790527e-01
0.000000000000000000e+00 0.000000000000000000e+00 0.000000000000000000e+00 1.000000000000000000e+00
7.936253547668457031e-01 6.083698272705078125e-01 -6.693031173199415207e-03 -2.562980540096759796e-02
-6.004640460014343262e-01 7.814456820487976074e-01 -1.696627438068389893e-01 8.222787827253341675e-02
-9.798746556043624878e-02 1.386675685644149780e-01 9.854794144630432129e-01 -2.895636558532714844e-01
0.000000000000000000e+00 0.000000000000000000e+00 0.000000000000000000e+00 1.000000000000000000e+00
7.237883210182189941e-01 6.891575455665588379e-01 -3.452600538730621338e-02 -1.188069116324186325e-02
-6.844529509544372559e-01 7.107033729553222656e-01 -1.625566780567169189e-01 8.308424055576324463e-02
-8.748946338891983032e-02 1.412880420684814453e-01 9.860949516296386719e-01 -2.905747592449188232e-01
0.000000000000000000e+00 0.000000000000000000e+00 0.000000000000000000e+00 1.000000000000000000e+00
6.484687328338623047e-01 7.605819702148437500e-01 -3.167178854346275330e-02 -7.542517036199569702e-03
-7.566344738006591797e-01 6.394162178039550781e-01 -1.365679651498794556e-01 7.770689576864242554e-02
-8.361973613500595093e-02 1.125240102410316467e-01 9.901242852210998535e-01 -2.934907078742980957e-01
0.000000000000000000e+00 0.000000000000000000e+00 0.000000000000000000e+00 1.000000000000000000e+00
5.531263351440429688e-01 8.321592807769775391e-01 -3.952164575457572937e-02 7.506365654990077019e-04
-8.311654329299926758e-01 5.479935407638549805e-01 -9.416446089744567871e-02 6.624783575534820557e-02
-5.670224502682685852e-02 8.493386209011077881e-02 9.947718977928161621e-01 -2.984473407268524170e-01
0.000000000000000000e+00 0.000000000000000000e+00 0.000000000000000000e+00 1.000000000000000000e+00
4.604961276054382324e-01 8.829359412193298340e-01 -9.147327393293380737e-02 2.319501712918281555e-02
-8.876333832740783691e-01 4.572073221206665039e-01 -5.539333447813987732e-02 5.446008220314979553e-02
-7.086522411555051804e-03 1.067031472921371460e-01 9.942656755447387695e-01 -3.020651936531066895e-01
0.000000000000000000e+00 0.000000000000000000e+00 0.000000000000000000e+00 1.000000000000000000e+00
3.524822294712066650e-01 9.301123023033142090e-01 -1.031857728958129883e-01 3.148141503334045410e-02
-9.356011748313903809e-01 3.526275753974914551e-01 -1.744019426405429840e-02 4.040337353944778442e-02
2.016480639576911926e-02 1.026880964636802673e-01 9.945092201232910156e-01 -3.036530315876007080e-01
0.000000000000000000e+00 0.000000000000000000e+00 0.000000000000000000e+00 1.000000000000000000e+00
2.724688649177551270e-01 9.540891647338867188e-01 -1.243966966867446899e-01 4.068463668227195740e-02
-9.587609767913818359e-01 2.800914645195007324e-01 4.823058098554611206e-02 1.618253812193870544e-02
8.085872977972030640e-02 1.061253696680068970e-01 9.910596609115600586e-01 -3.034171760082244873e-01
0.000000000000000000e+00 0.000000000000000000e+00 0.000000000000000000e+00 1.000000000000000000e+00
1.934628933668136597e-01 9.688101410865783691e-01 -1.548518091440200806e-01 5.178457126021385193e-02
-9.724010825157165527e-01 2.103229910135269165e-01 1.009966805577278137e-01 -3.530425950884819031e-03
1.304154992103576660e-01 1.310389637947082520e-01 9.827617406845092773e-01 -3.017672300338745117e-01
0.000000000000000000e+00 0.000000000000000000e+00 0.000000000000000000e+00 1.000000000000000000e+00
1.205102875828742981e-01 9.796489477157592773e-01 -1.605157256126403809e-01 5.443799495697021484e-02
-9.697595834732055664e-01 1.507439464330673218e-01 1.919443756341934204e-01 -3.393653407692909241e-02
2.122348695993423462e-01 1.325303763151168823e-01 9.681900739669799805e-01 -2.987579107284545898e-01
0.000000000000000000e+00 0.000000000000000000e+00 0.000000000000000000e+00 1.000000000000000000e+00
