1.000000000000000000e+00 0.000000000000000000e+00 0.000000000000000000e+00 -4.097584310382009209e-01
0.000000000000000000e+00 -1.000000000000000000e+00 0.000000000000000000e+00 -1.932597221741734483e-02
0.000000000000000000e+00 0.000000000000000000e+00 -1.000000000000000000e+00 -2.664692399556274349e+00
0.000000000000000000e+00 0.000000000000000000e+00 0.000000000000000000e+00 1.000000000000000000e+00
9.963225126266479492e-01 -8.154656738042831421e-02 -2.630693838000297546e-02 -4.681352515772989054e-01
-8.116921782493591309e-02 -9.965858459472656250e-01 1.510691363364458084e-02 5.640807790936860910e-02
-2.744902856647968292e-02 -1.291605085134506226e-02 -9.995397329330444336e-01 -2.715539085966860444e+00
0.000000000000000000e+00 0.000000000000000000e+00 0.000000000000000000e+00 1.000000000000000000e+00
9.853672385215759277e-01 -1.660390347242355347e-01 -3.850409761071205139e-02 -4.851626635528683007e-01
-1.641492694616317749e-01 -9.852696061134338379e-01 4.794073477387428284e-02 1.982610220802193957e-01
-4.589700326323509216e-02 -4.091877862811088562e-02 -9.981074929237365723e-01 -2.710375415625446927e+00
0.000000000000000000e+00 0.000000000000000000e+00 0.000000000000000000e+00 1.000000000000000000e+00
9.657584428787231445e-01 -2.549270093441009521e-01 -4.819709062576293945e-02 -4.916202523301118621e-01
-2.510165572166442871e-01 -9.650877118110656738e-01 7.480943202972412109e-02 3.202100148925013379e-01
-6.558538228273391724e-02 -6.014956533908843994e-02 -9.960321784019470215e-01 -2.701853276213047828e+00
0.000000000000000000e+00 0.000000000000000000e+00 0.000000000000000000e+00 1.000000000000000000e+00
9.352471232414245605e-01 -3.494809269905090332e-01 -5.635328963398933411e-02 -4.872411836643789629e-01
-3.410948514938354492e-01 -9.322564601898193359e-01 1.206300780177116394e-01 4.949440193215826067e-01
-9.469371289014816284e-02 -9.359706938266754150e-02 -9.910966157913208008e-01 -2.678684778954148360e+00
0.000000000000000000e+00 0.000000000000000000e+00 0.000000000000000000e+00 1.000000000000000000e+00
8.917568325996398926e-01 -4.507244229316711426e-01 -4.021241143345832825e-02 -4.115658398308189025e-01
-4.421324729919433594e-01 -8.867760896682739258e-01 1.347097307443618774e-01 5.715838778892643468e-01
-9.637645632028579712e-02 -1.023490652441978455e-01 -9.900686144828796387e-01 -2.685970430000177434e+00
0.000000000000000000e+00 0.000000000000000000e+00 0.000000000000000000e+00 1.000000000000000000e+00
8.439580798149108887e-01 -5.359136462211608887e-01 -2.303594909608364105e-02 -3.377259817127239439e-01
-5.259096026420593262e-01 -8.351315259933471680e-01 1.611648350954055786e-01 6.805044714035139997e-01
-1.056085824966430664e-01 -1.239015683531761169e-01 -9.866588115692138672e-01 -2.678437812409202756e+00
0.000000000000000000e+00 0.000000000000000000e+00 0.000000000000000000e+00 1.000000000000000000e+00
7.882070541381835938e-01 -6.153934001922607422e-01 -4.560488276183605194e-03 -2.520539253830087478e-01
-6.060068607330322266e-01 -7.774320840835571289e-01 1.683866828680038452e-01 7.383733548838316008e-01
-1.071695387363433838e-01 -1.299598067998886108e-01 -9.857105016708374023e-01 -2.680945557616425834e+00
0.000000000000000000e+00 0.000000000000000000e+00 0.000000000000000000e+00 1.000000000000000000e+00
7.195587754249572754e-01 -6.942320466041564941e-01 1.664331369102001190e-02 -1.434050812995346924e-01
-6.871336698532104492e-01 -7.083266377449035645e-01 1.616191416978836060e-01 7.456702504960136535e-01
-1.004123389720916748e-01 -1.277306377887725830e-01 -9.867124557495117188e-01 -2.691159762787044052e+00
0.000000000000000000e+00 0.000000000000000000e+00 0.000000000000000000e+00 1.000000000000000000e+00
6.445337533950805664e-01 -7.643948793411254883e-01 1.662129163742065430e-02 -9.957911740284243474e-02
-7.590413689613342285e-01 -6.371065974235534668e-01 1.339784860610961914e-01 6.889344467645032166e-01
-9.182296693325042725e-02 -9.896993637084960938e-02 -9.908449649810791016e-01 -2.721712973650224576e+00
0.000000000000000000e+00 0.000000000000000000e+00 0.000000000000000000e+00 1.000000000000000000e+00
5.468964576721191406e-01 -8.367479443550109863e-01 2.751650847494602203e-02 -1.088787781490124611e-02
-8.348942399024963379e-01 -5.426576137542724609e-01 9.205602854490280151e-02 5.856544863547270552e-01
-6.209568306803703308e-02 -7.331844419240951538e-02 -9.953733682632446289e-01 -2.768037550855708240e+00
0.000000000000000000e+00 0.000000000000000000e+00 0.000000000000000000e+00 1.000000000000000000e+00
4.586743712425231934e-01 -8.854770660400390625e-01 7.448615133762359619e-02 1.823335472009350589e-01
-8.885602355003356934e-01 -4.562031328678131104e-01 4.836335778236389160e-02 4.661326469434859954e-01
-8.843821473419666290e-03 -8.836847543716430664e-02 -9.960488677024841309e-01 -2.808880298584222057e+00
0.000000000000000000e+00 0.000000000000000000e+00 0.000000000000000000e+00 1.000000000000000000e+00
3.490658104419708252e-01 -9.323083758354187012e-01 9.462871402502059937e-02 2.824569233424587544e-01
-9.368564486503601074e-01 -3.494839668273925781e-01 1.265787612646818161e-02 3.368134101450239171e-01
2.127017639577388763e-02 -9.307199716567993164e-02 -9.954322576522827148e-01 -2.820950478035626041e+00
0.000000000000000000e+00 0.000000000000000000e+00 0.000000000000000000e+00 1.000000000000000000e+00
2.715193033218383789e-01 -9.564440250396728516e-01 1.071993932127952576e-01 3.441023943934585216e-01
-9.595543146133422852e-01 -2.776313722133636475e-01 -4.665456339716911316e-02 1.274431756081556844e-01
7.438438385725021362e-02 -9.019600600004196167e-02 -9.931421875953674316e-01 -2.817066894623823536e+00
0.000000000000000000e+00 0.000000000000000000e+00 0.000000000000000000e+00 1.000000000000000000e+00
1.916243433952331543e-01 -9.710494875907897949e-01 1.426296681165695190e-01 4.602981532233376694e-01
-9.725632667541503906e-01 -2.074016183614730835e-01 -1.053805276751518250e-01 -7.340425553502991085e-02
1.319112926721572876e-01 -1.185228526592254639e-01 -9.841502904891967773e-01 -2.802572855808395769e+00
0.000000000000000000e+00 0.000000000000000000e+00 0.000000000000000000e+00 1.000000000000000000e+00
1.128755211830139160e-01 -9.833565354347229004e-01 1.423683315515518188e-01 4.769086539379075451e-01
-9.711924791336059570e-01 -1.394543945789337158e-01 -1.932282298803329468e-01 -3.506471483947504186e-01
2.098661810159683228e-01 -1.164563298225402832e-01 -9.707697629928588867e-01 -2.776040094732763919e+00
0.000000000000000000e+00 0.000000000000000000e+00 0.000000000000000000e+00 1.000000000000000000e+00
1.923906803131103516e-01 -9.729291200637817383e-01 1.280421614646911621e-01 4.259553166115431777e-01
-9.529204368591308594e-01 -2.163884043693542480e-01 -2.124109566211700439e-01 -4.025381652636208507e-01
2.343675792217254639e-01 -8.114815503358840942e-02 -9.687548875808715820e-01 -2.751890077920376765e+00
0.000000000000000000e+00 0.000000000000000000e+00 0.000000000000000000e+00 1.000000000000000000e+00
2.781510353088378906e-01 -9.516509175300598145e-01 1.303551495075225830e-01 4.118688760728780318e-01
-9.361313581466674805e-01 -2.989734113216400146e-01 -1.851287186145782471e-01 -3.034884727269944182e-01
2.151506841182708740e-01 -7.053584605455398560e-02 -9.740303158760070801e-01 -2.744052546326983144e+00
0.000000000000000000e+00 0.000000000000000000e+00 0.000000000000000000e+00 1.000000000000000000e+00
3.291099667549133301e-01 -9.346567392349243164e-01 1.345464736223220825e-01 4.082220839084291231e-01
-9.326235055923461914e-01 -3.440566062927246094e-01 -1.088035330176353455e-01 -5.297940654795120496e-02
1.479856073856353760e-01 -8.967292308807373047e-02 -9.849156737327575684e-01 -2.741748169101463795e+00
0.000000000000000000e+00 0.000000000000000000e+00 0.000000000000000000e+00 1.000000000000000000e+00
3.589008152484893799e-01 -9.183863401412963867e-01 1.666029244661331177e-01 4.892326984410991231e-01
-9.305374026298522949e-01 -3.659725189208984375e-01 -1.280508376657962799e-02 2.548527849888676533e-01
7.273208349943161011e-02 -1.504345238208770752e-01 -9.859411716461181641e-01 -2.706338409421477298e+00
0.000000000000000000e+00 0.000000000000000000e+00 0.000000000000000000e+00 1.000000000000000000e+00
4.035102128982543945e-01 -8.979885578155517578e-01 1.754876822233200073e-01 4.952138418432962541e-01
-9.148901104927062988e-01 -3.985948562622070312e-01 6.401456892490386963e-02 4.984991993151690060e-01
1.246414426714181900e-02 -1.863824725151062012e-01 -9.823980927467346191e-01 -2.662719426599446937e+00
0.000000000000000000e+00 0.000000000000000000e+00 0.000000000000000000e+00 1.000000000000000000e+00
4.565700888633728027e-01 -8.639785647392272949e-01 2.123307287693023682e-01 5.658983229318359509e-01
-8.884968161582946777e-01 -4.304408133029937744e-01 1.590408831834793091e-01 7.654988356673330108e-01
-4.601216316223144531e-02 -2.612684369087219238e-01 -9.641686081886291504e-01 -2.562104704308098224e+00
0.000000000000000000e+00 0.000000000000000000e+00 0.000000000000000000e+00 1.000000000000000000e+00
5.339632034301757812e-01 -8.223373293876647949e-01 1.965824663639068604e-01 4.690950601632557504e-01
-8.404848575592041016e-01 -4.909394383430480957e-01 2.292685657739639282e-01 9.427402403782954021e-01
-9.202609211206436157e-02 -2.876456081867218018e-01 -9.533056020736694336e-01 -2.495809501675417597e+00
0.000000000000000000e+00 0.000000000000000000e+00 0.000000000000000000e+00 1.000000000000000000e+00
5.935189127922058105e-01 -7.832633852958679199e-01 1.850249916315078735e-01 3.973904968679816130e-01
-7.940821051597595215e-01 -5.324867963790893555e-01 2.930717468261718750e-01 1.086631365641897995e+00
-1.310291886329650879e-01 -3.208686709403991699e-01 -9.380161166191101074e-01 -2.418943579038521641e+00
0.000000000000000000e+00 0.000000000000000000e+00 0.000000000000000000e+00 1.000000000000000000e+00
6.713244318962097168e-01 -7.245351672172546387e-01 1.561160385608673096e-01 2.653068214227034538e-01
-7.202615737915039062e-01 -5.880842208862304688e-01 3.679396510124206543e-01 1.229790559329558608e+00
-1.747760027647018433e-01 -3.594514131546020508e-01 -9.166502356529235840e-01 -2.321173800968835632e+00
0.000000000000000000e+00 0.000000000000000000e+00 0.000000000000000000e+00 1.000000000000000000e+00
7.329961657524108887e-01 -6.637886166572570801e-01 1.486655324697494507e-01 2.088781392158013117e-01
-6.499375104904174805e-01 -6.189237236976623535e-01 4.410382509231567383e-01 1.366207842280480422e+00
-2.007436007261276245e-01 -4.199024438858032227e-01 -8.850897550582885742e-01 -2.187476185355325065e+00
0.000000000000000000e+00 0.000000000000000000e+00 0.000000000000000000e+00 1.000000000000000000e+00
7.555510401725769043e-01 -6.417959928512573242e-01 1.313019394874572754e-01 1.444099285120366283e-01
-6.020161509513854980e-01 -6.012181043624877930e-01 5.254642367362976074e-01 1.543895166473713276e+00
-2.582997977733612061e-01 -4.760608673095703125e-01 -8.406227231025695801e-01 -1.998505663371229701e+00
0.000000000000000000e+00 0.000000000000000000e+00 0.000000000000000000e+00 1.000000000000000000e+00
7.855477929115295410e-01 -6.041678786277770996e-01 1.337735205888748169e-01 1.246128264013176695e-01
-5.361138582229614258e-01 -5.565260648727416992e-01 6.347129940986633301e-01 1.805250754960517012e+00
-3.090248107910156250e-01 -5.703153610229492188e-01 -7.610808014869689941e-01 -1.726698009197893846e+00
0.000000000000000000e+00 0.000000000000000000e+00 0.000000000000000000e+00 1.000000000000000000e+00
8.051581382751464844e-01 -5.772761106491088867e-01 1.359146088361740112e-01 1.160565480031839625e-01
-4.890497326850891113e-01 -5.166380405426025391e-01 7.027911543846130371e-01 1.971649224587276539e+00
-3.354856669902801514e-01 -6.323269605636596680e-01 -6.982923746109008789e-01 -1.519293573170737321e+00
0.000000000000000000e+00 0.000000000000000000e+00 0.000000000000000000e+00 1.000000000000000000e+00
8.335339426994323730e-01 -5.385442376136779785e-01 1.232503056526184082e-01 5.608847476023014894e-02
-4.181326627731323242e-01 -4.691472351551055908e-01 7.778597474098205566e-01 2.151839051122532709e+00
-3.610894083976745605e-01 -6.999074816703796387e-01 -6.162333488464355469e-01 -1.300461208679171810e+00
0.000000000000000000e+00 0.000000000000000000e+00 0.000000000000000000e+00 1.000000000000000000e+00
8.673622012138366699e-01 -4.896970689296722412e-01 8.876570314168930054e-02 -5.471988652821385690e-02
-3.305099308490753174e-01 -4.334344863891601562e-01 8.383896350860595703e-01 2.287342695827292882e+00
-3.720830678939819336e-01 -7.565256357192993164e-01 -5.377944707870483398e-01 -1.108216793317974735e+00
0.000000000000000000e+00 0.000000000000000000e+00 0.000000000000000000e+00 1.000000000000000000e+00
8.825905919075012207e-01 -4.666003286838531494e-01 5.759959295392036438e-02 -1.378624414847526847e-01
-2.331922054290771484e-01 -3.280876874923706055e-01 9.154122471809387207e-01 2.423108621762188442e+00
-4.082341492176055908e-01 -8.213660120964050293e-01 -3.983746767044067383e-01 -7.553105686497328941e-01
0.000000000000000000e+00 0.000000000000000000e+00 0.000000000000000000e+00 1.000000000000000000e+00
8.680336475372314453e-01 -4.957718253135681152e-01 2.698203735053539276e-02 -2.606442392892744375e-01
-1.060694754123687744e-01 -1.320765167474746704e-01 9.855480194091796875e-01 2.587521563149668413e+00
-4.850432276725769043e-01 -8.583508729934692383e-01 -1.672331094741821289e-01 -1.467541655784075083e-01
0.000000000000000000e+00 0.000000000000000000e+00 0.000000000000000000e+00 1.000000000000000000e+00
8.607097268104553223e-01 -5.078347325325012207e-01 3.581016138195991516e-02 -2.126519653009918132e-01
-1.028444319963455200e-01 -1.045542284846305847e-01 9.891870617866516113e-01 2.587666155853077576e+00
-4.985995590686798096e-01 -8.550859689712524414e-01 -1.422188282012939453e-01 -1.399628356632789672e-01
0.000000000000000000e+00 0.000000000000000000e+00 0.000000000000000000e+00 1.000000000000000000e+00
8.229550123214721680e-01 -5.675811171531677246e-01 2.443216368556022644e-02 -2.054053942962225932e-01
-1.117445454001426697e-01 -1.195564270019531250e-01 9.865186810493469238e-01 2.584578936071121991e+00
-5.570083856582641602e-01 -8.145904541015625000e-01 -1.618136465549468994e-01 -1.789267146914248763e-01
0.000000000000000000e+00 0.000000000000000000e+00 0.000000000000000000e+00 1.000000000000000000e+00
8.008081316947937012e-01 -5.966178774833679199e-01 5.247047543525695801e-02 -1.257795256650915405e-01
-2.458294332027435303e-01 -2.475427538156509399e-01 9.371714591979980469e-01 2.508680735974029297e+00
-5.461446046829223633e-01 -7.633934020996093750e-01 -3.449005484580993652e-01 -5.676662501134881467e-01
0.000000000000000000e+00 0.000000000000000000e+00 0.000000000000000000e+00 1.000000000000000000e+00
8.266666531562805176e-01 -5.565157532691955566e-01 8.314187079668045044e-02 -5.763845937571527439e-02
-3.052209317684173584e-01 -3.193556964397430420e-01 8.971350789070129395e-01 2.428252424403896992e+00
-4.727181494235992432e-01 -7.670084834098815918e-01 -4.338611364364624023e-01 -8.097572408558446622e-01
0.000000000000000000e+00 0.000000000000000000e+00 0.000000000000000000e+00 1.000000000000000000e+00
8.090924024581909180e-01 -5.797914862632751465e-01 9.597489982843399048e-02 -2.377920162619858238e-02
-3.683700561523437500e-01 -3.730998039245605469e-01 8.515282273292541504e-01 2.337067409085087810e+00
-4.579005837440490723e-01 -7.243191003799438477e-01 -5.154501199722290039e-01 -1.024937397855090193e+00
0.000000000000000000e+00 0.000000000000000000e+00 0.000000000000000000e+00 1.000000000000000000e+00
8.293501734733581543e-01 -5.543419718742370605e-01 6.987578421831130981e-02 -1.401153730954975696e-01
-4.528986513614654541e-01 -5.937449932098388672e-01 6.650938391685485840e-01 1.970499105526569483e+00
-3.272010684013366699e-01 -5.832425355911254883e-01 -7.434836626052856445e-01 -1.675463488732647388e+00
0.000000000000000000e+00 0.000000000000000000e+00 0.000000000000000000e+00 1.000000000000000000e+00
8.290882706642150879e-01 -5.568235516548156738e-01 5.059757456183433533e-02 -2.048891445366975150e-01
-4.704003334045410156e-01 -6.457566618919372559e-01 6.014329195022583008e-01 1.799765752170400246e+00
-3.022183775901794434e-01 -5.224419236183166504e-01 -7.973194718360900879e-01 -1.831640992652084021e+00
0.000000000000000000e+00 0.000000000000000000e+00 0.000000000000000000e+00 1.000000000000000000e+00
8.544245362281799316e-01 -5.169994831085205078e-01 5.167346447706222534e-02 -2.050152147492360355e-01
-4.617840945720672607e-01 -7.100396752357482910e-01 5.316007137298583984e-01 1.601836001380393393e+00
-2.381470054388046265e-01 -4.780745208263397217e-01 -8.454174995422363281e-01 -1.981338591124642834e+00
0.000000000000000000e+00 0.000000000000000000e+00 0.000000000000000000e+00 1.000000000000000000e+00
8.691014051437377930e-01 -4.944929182529449463e-01 1.182136125862598419e-02 -2.999950814355917816e-01
-4.595425724983215332e-01 -7.983716726303100586e-01 3.891309797763824463e-01 1.219622022274235107e+00
-1.829848140478134155e-01 -3.436266183853149414e-01 -9.211065173149108887e-01 -2.193797287174698241e+00
0.000000000000000000e+00 0.000000000000000000e+00 0.000000000000000000e+00 1.000000000000000000e+00
8.761078715324401855e-01 -4.819076061248779297e-01 1.414666697382926941e-02 -2.776719099588503825e-01
-4.695769846439361572e-01 -8.463070392608642578e-01 2.515183091163635254e-01 8.670485125909853652e-01
-1.092362552881240845e-01 -2.270001620054244995e-01 -9.677491784095764160e-01 -2.342263916086361419e+00
0.000000000000000000e+00 0.000000000000000000e+00 0.000000000000000000e+00 1.000000000000000000e+00
8.789901733398437500e-01 -4.767280220985412598e-01 1.031869277358055115e-02 -2.505445665785017151e-01
-4.766599535942077637e-01 -8.778585791587829590e-01 4.646848514676094055e-02 3.311192791199903951e-01
-1.309448760002851486e-02 -4.576385393738746643e-02 -9.988663196563720703e-01 -2.464003246029446093e+00
0.000000000000000000e+00 0.000000000000000000e+00 0.000000000000000000e+00 1.000000000000000000e+00
8.874917626380920410e-01 -4.607080817222595215e-01 1.032127905637025833e-02 -2.365430811515964182e-01
-4.598105549812316895e-01 -8.868029117584228516e-01 -4.642111063003540039e-02 7.591888336300878226e-02
3.053952194750308990e-02 3.645250201225280762e-02 -9.988688230514526367e-01 -2.488084277773412456e+00
0.000000000000000000e+00 0.000000000000000000e+00 0.000000000000000000e+00 1.000000000000000000e+00
8.938899636268615723e-01 -4.482345581054687500e-01 6.812863517552614212e-03 -2.409958776092037402e-01
-4.421371221542358398e-01 -8.840350508689880371e-01 -1.516457200050354004e-01 -2.263836203056240060e-01
7.399569451808929443e-02 1.325423419475555420e-01 -9.884114265441894531e-01 -2.480138301652461852e+00
0.000000000000000000e+00 0.000000000000000000e+00 0.000000000000000000e+00 1.000000000000000000e+00
8.976618647575378418e-01 -4.406527578830718994e-01 5.310811102390289307e-03 -2.421805236966553532e-01
-4.241040050983428955e-01 -8.670989871025085449e-01 -2.612954080104827881e-01 -5.431415656439033679e-01
1.197455972433090210e-01 2.323025912046432495e-01 -9.652442932128906250e-01 -2.433972390104345518e+00
0.000000000000000000e+00 0.000000000000000000e+00 0.000000000000000000e+00 1.000000000000000000e+00
9.002278447151184082e-01 -4.352248609066009521e-01 1.298057287931442261e-02 -2.200391106289349419e-01
-3.995434641838073730e-01 -8.375392556190490723e-01 -3.726829290390014648e-01 -8.848715883624029832e-01
1.730727404356002808e-01 3.303132057189941406e-01 -9.278679490089416504e-01 -2.345912674325260294e+00
0.000000000000000000e+00 0.000000000000000000e+00 0.000000000000000000e+00 1.000000000000000000e+00
9.063887000083923340e-01 -4.223494231700897217e-01 8.927946910262107849e-03 -2.429784222442743502e-01
-3.718361258506774902e-01 -8.076581954956054688e-01 -4.576314389705657959e-01 -1.146939240725443510e+00
2.004913091659545898e-01 4.114722311496734619e-01 -8.890969157218933105e-01 -2.258478791086885984e+00
0.000000000000000000e+00 0.000000000000000000e+00 0.000000000000000000e+00 1.000000000000000000e+00
9.169119000434875488e-01 -3.990553617477416992e-01 5.297262687236070633e-03 -2.791222692835907959e-01
-3.300516307353973389e-01 -7.656899690628051758e-01 -5.520735979080200195e-01 -1.435431002681353707e+00
2.243639677762985229e-01 5.044539570808410645e-01 -8.337786197662353516e-01 -2.131176919136779535e+00
0.000000000000000000e+00 0.000000000000000000e+00 0.000000000000000000e+00 1.000000000000000000e+00
9.105421304702758789e-01 -4.130969643592834473e-01 -1.622818596661090851e-02 -3.477651717647590179e-01
-3.303267955780029297e-01 -7.033758759498596191e-01 -6.294019222259521484e-01 -1.654468804706675567e+00
2.485897243022918701e-01 5.784576535224914551e-01 -7.769104838371276855e-01 -2.004026676367061999e+00
0.000000000000000000e+00 0.000000000000000000e+00 0.000000000000000000e+00 1.000000000000000000e+00
9.172812104225158691e-01 -3.971017003059387207e-01 -3.010141104459762573e-02 -4.045886210256976478e-01
-2.924382388591766357e-01 -6.203473806381225586e-01 -7.277695536613464355e-01 -1.941860875686894250e+00
2.703255116939544678e-01 6.763722300529479980e-01 -6.851606369018554688e-01 -1.770539675820785419e+00
0.000000000000000000e+00 0.000000000000000000e+00 0.000000000000000000e+00 1.000000000000000000e+00
9.274992346763610840e-01 -3.699681758880615234e-01 -5.355492234230041504e-02 -4.841865938197861263e-01
-2.643977105617523193e-01 -5.479558706283569336e-01 -7.936233878135681152e-01 -2.142926825657435419e+00
2.642697095870971680e-01 7.502449154853820801e-01 -6.060475111007690430e-01 -1.546369522675112629e+00
0.000000000000000000e+00 0.000000000000000000e+00 0.000000000000000000e+00 1.000000000000000000e+00
9.357081055641174316e-01 -3.489768803119659424e-01 -5.162409693002700806e-02 -4.964878042653305124e-01
-2.241692692041397095e-01 -4.751980304718017578e-01 -8.508432507514953613e-01 -2.326411930941003181e+00
2.723930180072784424e-01 8.077140450477600098e-01 -5.228768587112426758e-01 -1.327652087307535700e+00
0.000000000000000000e+00 0.000000000000000000e+00 0.000000000000000000e+00 1.000000000000000000e+00
9.470031857490539551e-01 -3.177444636821746826e-01 -4.715359956026077271e-02 -5.154437973061986034e-01
-1.812273561954498291e-01 -4.072891771793365479e-01 -8.951378464698791504e-01 -2.466070960227142894e+00
2.652199268341064453e-01 8.562440872192382812e-01 -4.432882964611053467e-01 -1.122713936461481543e+00
0.000000000000000000e+00 0.000000000000000000e+00 0.000000000000000000e+00 1.000000000000000000e+00
9.602645039558410645e-01 -2.759388685226440430e-01 -4.183237627148628235e-02 -5.293273872511731204e-01
-1.391982585191726685e-01 -3.436116576194763184e-01 -9.287378787994384766e-01 -2.589013389763481943e+00
2.419007718563079834e-01 8.976573348045349121e-01 -3.683683872222900391e-01 -9.062770094857506287e-01
0.000000000000000000e+00 0.000000000000000000e+00 0.000000000000000000e+00 1.000000000000000000e+00
9.650295376777648926e-01 -2.542322576045989990e-01 -6.390510499477386475e-02 -6.101691953214180009e-01
-1.320948004722595215e-01 -2.610462903976440430e-01 -9.562454223632812500e-01 -2.705280548139176400e+00
2.264262884855270386e-01 9.312468171119689941e-01 -2.855002880096435547e-01 -6.331570523558510688e-01
0.000000000000000000e+00 0.000000000000000000e+00 0.000000000000000000e+00 1.000000000000000000e+00
9.781216979026794434e-01 -2.035073786973953247e-01 -4.315191134810447693e-02 -5.841122932477507135e-01
-7.543145865201950073e-02 -1.536355614662170410e-01 -9.852440357208251953e-01 -2.831990390232097532e+00
1.938748061656951904e-01 9.669445753097534180e-01 -1.656252294778823853e-01 -2.490138368262440616e-01
0.000000000000000000e+00 0.000000000000000000e+00 0.000000000000000000e+00 1.000000000000000000e+00
9.949145317077636719e-01 -1.006428450345993042e-01 -4.009689670056104660e-03 -4.950926157490594393e-01
-1.708412729203701019e-02 -1.293868124485015869e-01 -9.914470911026000977e-01 -2.863446201730492469e+00
9.926324337720870972e-02 9.864735007286071777e-01 -1.304482817649841309e-01 -1.448679154757183951e-01
0.000000000000000000e+00 0.000000000000000000e+00 0.000000000000000000e+00 1.000000000000000000e+00
9.961750507354736328e-01 -8.621894568204879761e-02 1.421179249882698059e-02 -4.549924922820924311e-01
-7.561685517430305481e-03 -2.470860332250595093e-01 -9.689639210700988770e-01 -2.817244142006523955e+00
8.705459535121917725e-02 9.651497006416320801e-01 -2.467927932739257812e-01 -4.897857985678656934e-01
0.000000000000000000e+00 0.000000000000000000e+00 0.000000000000000000e+00 1.000000000000000000e+00
9.977833032608032227e-01 -2.971576154232025146e-02 5.954634398221969604e-02 -3.103617091148849205e-01
4.842077940702438354e-02 -2.896535694599151611e-01 -9.559058547019958496e-01 -2.880624863468574048e+00
4.565327242016792297e-02 9.566699266433715820e-01 -2.875724434852600098e-01 -5.919907646564447345e-01
0.000000000000000000e+00 0.000000000000000000e+00 0.000000000000000000e+00 1.000000000000000000e+00
9.893057346343994141e-01 4.303338006138801575e-02 1.393613517284393311e-01 -2.742073152339703085e-02
1.458317041397094727e-01 -2.749948203563690186e-01 -9.503217935562133789e-01 -2.974524027319320751e+00
-2.571917837485671043e-03 9.604819416999816895e-01 -2.783296108245849609e-01 -5.439079305195930747e-01
0.000000000000000000e+00 0.000000000000000000e+00 0.000000000000000000e+00 1.000000000000000000e+00
9.688516259193420410e-01 6.873595714569091797e-02 2.379116714000701904e-01 2.818599610528816357e-01
2.476206123828887939e-01 -2.562260031700134277e-01 -9.343619942665100098e-01 -3.016526276077847069e+00
-3.265133360400795937e-03 9.641699194908142090e-01 -2.652652859687805176e-01 -4.906407650133355891e-01
0.000000000000000000e+00 0.000000000000000000e+00 0.000000000000000000e+00 1.000000000000000000e+00
9.729244709014892578e-01 3.651732578873634338e-02 2.282191962003707886e-01 2.406685972811044572e-01
2.289056777954101562e-01 -2.886762022972106934e-01 -9.296601414680480957e-01 -3.002993889116201576e+00
3.193274512887001038e-02 9.567301273345947266e-01 -2.892191410064697266e-01 -5.885693812030600158e-01
0.000000000000000000e+00 0.000000000000000000e+00 0.000000000000000000e+00 1.000000000000000000e+00
9.831455349922180176e-01 -4.321180284023284912e-02 1.776453256607055664e-01 5.117600061076937878e-02
1.537094712257385254e-01 -3.307254314422607422e-01 -9.311252236366271973e-01 -2.976471613770969249e+00
9.898739308118820190e-02 9.427371025085449219e-01 -3.185090422630310059e-01 -7.360279313098936349e-01
0.000000000000000000e+00 0.000000000000000000e+00 0.000000000000000000e+00 1.000000000000000000e+00
9.855592846870422363e-01 -1.226827204227447510e-01 1.167154386639595032e-01 -1.650823455806546547e-01
6.390070915222167969e-02 -3.688476681709289551e-01 -9.272906780242919922e-01 -2.920377095235496157e+00
1.568126976490020752e-01 9.213575720787048340e-01 -3.556815981864929199e-01 -9.167501846032193313e-01
0.000000000000000000e+00 0.000000000000000000e+00 0.000000000000000000e+00 1.000000000000000000e+00
9.785658121109008789e-01 -2.043303698301315308e-01 2.565207146108150482e-02 -4.612824818356083267e-01
-3.943734988570213318e-02 -3.081991374492645264e-01 -9.505038261413574219e-01 -2.933144299818221334e+00
2.021227926015853882e-01 9.291191101074218750e-01 -3.096514642238616943e-01 -8.183662324693852241e-01
0.000000000000000000e+00 0.000000000000000000e+00 0.000000000000000000e+00 1.000000000000000000e+00
9.224768877029418945e-01 -3.769081234931945801e-01 -8.352329581975936890e-02 -7.755473757862380024e-01
-2.169555872678756714e-01 -3.271852135658264160e-01 -9.197171330451965332e-01 -2.751938185254994007e+00
3.193215429782867432e-01 8.665389418601989746e-01 -3.835933208465576172e-01 -1.135490454028443397e+00
0.000000000000000000e+00 0.000000000000000000e+00 0.000000000000000000e+00 1.000000000000000000e+00
8.707998991012573242e-01 -4.830555617809295654e-01 -9.146120399236679077e-02 -7.768359478792651318e-01
-2.841133475303649902e-01 -3.426183164119720459e-01 -8.954843878746032715e-01 -2.633719025383272072e+00
4.012326598167419434e-01 8.057731389999389648e-01 -4.355946183204650879e-01 -1.370341979228077989e+00
0.000000000000000000e+00 0.000000000000000000e+00 0.000000000000000000e+00 1.000000000000000000e+00
8.348109126091003418e-01 -5.468323826789855957e-01 -6.375789642333984375e-02 -6.793765336324030235e-01
-3.380658030509948730e-01 -4.177761971950531006e-01 -8.433116674423217773e-01 -2.451448057303905248e+00
4.345135092735290527e-01 7.255601286888122559e-01 -5.336293578147888184e-01 -1.703467011467005410e+00
0.000000000000000000e+00 0.000000000000000000e+00 0.000000000000000000e+00 1.000000000000000000e+00
7.972192764282226562e-01 -6.020871400833129883e-01 -4.395973309874534607e-02 -5.943792030106419544e-01
-4.273824989795684814e-01 -5.114639997482299805e-01 -7.454853057861328125e-01 -2.099170424579111849e+00
4.263633787631988525e-01 6.131026744842529297e-01 -6.650705933570861816e-01 -2.106531313592859611e+00
0.000000000000000000e+00 0.000000000000000000e+00 0.000000000000000000e+00 1.000000000000000000e+00
7.716915607452392578e-01 -6.357744336128234863e-01 -1.683346554636955261e-02 -5.052592212224672474e-01
-5.031141042709350586e-01 -5.940517783164978027e-01 -6.276773810386657715e-01 -1.688165941078053844e+00
3.890610039234161377e-01 4.928422272205352783e-01 -7.782917022705078125e-01 -2.430270375392626026e+00
0.000000000000000000e+00 0.000000000000000000e+00 0.000000000000000000e+00 1.000000000000000000e+00
7.548558712005615234e-01 -6.557547450065612793e-01 -1.335959229618310928e-02 -4.839101361580908645e-01
-5.604546666145324707e-01 -6.343050003051757812e-01 -5.324917435646057129e-01 -1.359159455393969207e+00
3.407100439071655273e-01 4.094417989253997803e-01 -8.463299870491027832e-01 -2.612673518863086297e+00
0.000000000000000000e+00 0.000000000000000000e+00 0.000000000000000000e+00 1.000000000000000000e+00
6.514312624931335449e-01 -7.586345076560974121e-01 -1.053838804364204407e-02 -4.100995966940746418e-01
-6.754416823387145996e-01 -5.735561847686767578e-01 -4.634770750999450684e-01 -1.072221513119163028e+00
3.455654084682464600e-01 3.090414702892303467e-01 -8.860462307929992676e-01 -2.753372429070597427e+00
0.000000000000000000e+00 0.000000000000000000e+00 0.000000000000000000e+00 1.000000000000000000e+00
5.826225280761718750e-01 -8.121697902679443359e-01 3.052043356001377106e-02 -2.394728425148822948e-01
-7.367171049118041992e-01 -5.436083674430847168e-01 -4.021659791469573975e-01 -8.394451277626865382e-01
3.432184457778930664e-01 2.118259221315383911e-01 -9.150577187538146973e-01 -2.853883673759315176e+00
0.000000000000000000e+00 0.000000000000000000e+00 0.000000000000000000e+00 1.000000000000000000e+00
5.408054590225219727e-01 -8.390364646911621094e-01 5.955743789672851562e-02 -1.134193502323147112e-01
-7.805137634277343750e-01 -5.269578099250793457e-01 -3.363234996795654297e-01 -5.993991648811226591e-01
3.135720193386077881e-01 1.354002058506011963e-01 -9.398615956306457520e-01 -2.914906761523025303e+00
0.000000000000000000e+00 0.000000000000000000e+00 0.000000000000000000e+00 1.000000000000000000e+00
5.035773515701293945e-01 -8.551601171493530273e-01 1.229264587163925171e-01 1.128213811188668314e-01
-8.166639804840087891e-01 -5.175989270210266113e-01 -2.552474141120910645e-01 -3.221420352279067978e-01
2.819038331508636475e-01 2.814714424312114716e-02 -9.590295553207397461e-01 -2.961916222487787298e+00
0.000000000000000000e+00 0.000000000000000000e+00 0.000000000000000000e+00 1.000000000000000000e+00
4.395793974399566650e-01 -8.816879987716674805e-01 1.714525520801544189e-01 3.135945757052983618e-01
-8.564991354942321777e-01 -4.689511656761169434e-01 -2.156234830617904663e-01 -1.704302107276051415e-01
2.705155313014984131e-01 -5.206539481878280640e-02 -9.613068103790283203e-01 -2.965411281994245307e+00
0.000000000000000000e+00 0.000000000000000000e+00 0.000000000000000000e+00 1.000000000000000000e+00
3.602827489376068115e-01 -8.942489027976989746e-01 2.655474841594696045e-01 6.683894390842234356e-01
-8.901457786560058594e-01 -4.147053062915802002e-01 -1.888384521007537842e-01 -6.097305997431414631e-02
2.789923846721649170e-01 -1.683406829833984375e-01 -9.454227685928344727e-01 -2.919139961261582705e+00
0.000000000000000000e+00 0.000000000000000000e+00 0.000000000000000000e+00 1.000000000000000000e+00
2.896182835102081299e-01 -8.863828182220458984e-01 3.611733019351959229e-01 1.007371993482738537e+00
-9.142205715179443359e-01 -3.679129481315612793e-01 -1.698259711265563965e-01 1.297962753474934776e-02
2.834111452102661133e-01 -2.810074388980865479e-01 -9.169039130210876465e-01 -2.834831377562932353e+00
0.000000000000000000e+00 0.000000000000000000e+00 0.000000000000000000e+00 1.000000000000000000e+00
2.680463790893554688e-01 -8.525027632713317871e-01 4.487646222114562988e-01 1.282423049632933854e+00
-9.326652288436889648e-01 -3.463523089885711670e-01 -1.008741632103919983e-01 2.405963824878813995e-01
2.414261698722839355e-01 -3.915083408355712891e-01 -8.879386782646179199e-01 -2.715038806250674952e+00
0.000000000000000000e+00 0.000000000000000000e+00 0.000000000000000000e+00 1.000000000000000000e+00
1.759797036647796631e-01 -7.783294916152954102e-01 6.026898622512817383e-01 1.808315128111412262e+00
-9.616996645927429199e-01 -2.666396498680114746e-01 -6.353845447301864624e-02 3.613986537540759270e-01
2.101549357175827026e-01 -5.684248208999633789e-01 -7.954423427581787109e-01 -2.416081802460164241e+00
0.000000000000000000e+00 0.000000000000000000e+00 0.000000000000000000e+00 1.000000000000000000e+00
1.351956129074096680e-01 -6.753560304641723633e-01 7.249942421913146973e-01 2.203465877098473413e+00
-9.734631776809692383e-01 -2.268904894590377808e-01 -2.982627972960472107e-02 4.652396007402480049e-01
1.846375912427902222e-01 -7.017229199409484863e-01 -6.881089210510253906e-01 -2.079383205706916371e+00
0.000000000000000000e+00 0.000000000000000000e+00 0.000000000000000000e+00 1.000000000000000000e+00
1.088159978389739990e-01 -5.763107538223266602e-01 8.099532723426818848e-01 2.471017290520399090e+00
-9.838122129440307617e-01 -1.791400164365768433e-01 4.709121305495500565e-03 5.753290082687467777e-01
1.423812061548233032e-01 -7.973546981811523438e-01 -5.864750742912292480e-01 -1.750590849675208949e+00
0.000000000000000000e+00 0.000000000000000000e+00 0.000000000000000000e+00 1.000000000000000000e+00
7.938938587903976440e-02 -5.116366147994995117e-01 8.555263280868530273e-01 2.628488954323405125e+00
-9.906516671180725098e-01 -1.360032856464385986e-01 1.059333141893148422e-02 5.978951279101981653e-01
1.109344288706779480e-01 -8.483695387840270996e-01 -5.176509618759155273e-01 -1.528842486341507545e+00
0.000000000000000000e+00 0.000000000000000000e+00 0.000000000000000000e+00 1.000000000000000000e+00
1.531904637813568115e-01 -5.193921923637390137e-01 8.406931161880493164e-01 2.521445927416356980e+00
-9.880259037017822266e-01 -9.631529450416564941e-02 1.205322965979576111e-01 9.272241877742172234e-01
1.836804300546646118e-02 -8.490905761718750000e-01 -5.279275178909301758e-01 -1.490408559232101693e+00
0.000000000000000000e+00 0.000000000000000000e+00 0.000000000000000000e+00 1.000000000000000000e+00
2.638455927371978760e-01 -5.751785039901733398e-01 7.743093371391296387e-01 2.251273909215271818e+00
-9.600865840911865234e-01 -7.933615148067474365e-02 2.682159245014190674e-01 1.349143833726114128e+00
-9.284122288227081299e-02 -8.141719102859497070e-01 -5.731535553932189941e-01 -1.535376476082026764e+00
0.000000000000000000e+00 0.000000000000000000e+00 0.000000000000000000e+00 1.000000000000000000e+00
3.159451484680175781e-01 -6.165537238121032715e-01 7.211384773254394531e-01 2.064783538411031572e+00
-9.304878115653991699e-01 -5.283520743250846863e-02 3.624925613403320312e-01 1.602783718250354816e+00
-1.853945553302764893e-01 -7.855383753776550293e-01 -5.903886556625366211e-01 -1.525321212509049840e+00
0.000000000000000000e+00 0.000000000000000000e+00 0.000000000000000000e+00 1.000000000000000000e+00
3.618847429752349854e-01 -6.389152407646179199e-01 6.788423061370849609e-01 1.911232571986638540e+00
-8.917740583419799805e-01 -2.508677355945110321e-02 4.517853558063507080e-01 1.832619477095269067e+00
-2.716225087642669678e-01 -7.688682675361633301e-01 -5.788466930389404297e-01 -1.425758236570840332e+00
0.000000000000000000e+00 0.000000000000000000e+00 0.000000000000000000e+00 1.000000000000000000e+00
4.181740283966064453e-01 -6.430784463882446289e-01 6.415455341339111328e-01 1.754979598402349961e+00
-8.387793898582458496e-01 -2.263083355501294136e-03 5.444669723510742188e-01 2.062195162232238310e+00
-3.486830890178680420e-01 -7.657971382141113281e-01 -5.403470993041992188e-01 -1.245506323474005805e+00
0.000000000000000000e+00 0.000000000000000000e+00 0.000000000000000000e+00 1.000000000000000000e+00
5.153613686561584473e-01 -6.471624970436096191e-01 5.617679953575134277e-01 1.468343465801883685e+00
-7.325411438941955566e-01 7.511930074542760849e-03 6.806814670562744141e-01 2.361338287737347663e+00
-4.447312653064727783e-01 -7.623152732849121094e-01 -4.702016711235046387e-01 -9.459501153791944894e-01
0.000000000000000000e+00 0.000000000000000000e+00 0.000000000000000000e+00 1.000000000000000000e+00
6.282263398170471191e-01 -6.766511201858520508e-01 3.840239048004150391e-01 8.733425596901248644e-01
-5.784578919410705566e-01 -7.613524794578552246e-02 8.121510148048400879e-01 2.660154561988280264e+00
-5.203056931495666504e-01 -7.323561906814575195e-01 -4.392445683479309082e-01 -7.869244939249478987e-01
0.000000000000000000e+00 0.000000000000000000e+00 0.000000000000000000e+00 1.000000000000000000e+00
6.283456683158874512e-01 -7.263061404228210449e-01 2.786778509616851807e-01 5.939964241949984292e-01
-5.027021169662475586e-01 -1.057029217481613159e-01 8.579729199409484863e-01 2.742560537499892259e+00
-5.936937928199768066e-01 -6.791955828666687012e-01 -4.315336346626281738e-01 -7.207431856402295445e-01
0.000000000000000000e+00 0.000000000000000000e+00 0.000000000000000000e+00 1.000000000000000000e+00
5.899034738540649414e-01 -7.843760848045349121e-01 1.917498707771301270e-01 4.072126943872999005e-01
-3.971547484397888184e-01 -7.508403062820434570e-02 9.146751165390014648e-01 2.843770187021299911e+00
-7.030521631240844727e-01 -6.157243847846984863e-01 -3.558109700679779053e-01 -4.810546688906865986e-01
0.000000000000000000e+00 0.000000000000000000e+00 0.000000000000000000e+00 1.000000000000000000e+00
4.274505376815795898e-01 -9.023978114128112793e-01 5.444451048970222473e-02 1.671286345017006791e-01
-2.203705757856369019e-01 -4.560017958283424377e-02 9.743496179580688477e-01 2.919931082258937938e+00
-8.767684698104858398e-01 -4.284842014312744141e-01 -2.183537483215332031e-01 -8.390640550870759329e-02
0.000000000000000000e+00 0.000000000000000000e+00 0.000000000000000000e+00 1.000000000000000000e+00
3.129672706127166748e-01 -9.447097182273864746e-01 -9.785141050815582275e-02 -2.437148723421977692e-01
-2.624177038669586182e-01 -1.850284636020660400e-01 9.470486640930175781e-01 2.930175364919387349e+00
-9.127914905548095703e-01 -2.707172930240631104e-01 -3.058166503906250000e-01 -3.851345529680260671e-01
0.000000000000000000e+00 0.000000000000000000e+00 0.000000000000000000e+00 1.000000000000000000e+00
3.160582780838012695e-01 -9.481853246688842773e-01 3.242540359497070312e-02 1.601494151295952684e-01
-3.800410926342010498e-01 -9.521559625864028931e-02 9.200560450553894043e-01 2.869563152223190361e+00
-8.692961335182189941e-01 -3.031142652034759521e-01 -3.904432356357574463e-01 -6.263258749405761217e-01
0.000000000000000000e+00 0.000000000000000000e+00 0.000000000000000000e+00 1.000000000000000000e+00
2.756855487823486328e-01 -9.606939554214477539e-01 3.262403234839439392e-02 2.199908231637954237e-01
-4.674034714698791504e-01 -1.043170839548110962e-01 8.778677582740783691e-01 2.779241554020732252e+00
-8.399589657783508301e-01 -2.572639286518096924e-01 -4.777904748916625977e-01 -9.115536773692373140e-01
0.000000000000000000e+00 0.000000000000000000e+00 0.000000000000000000e+00 1.000000000000000000e+00
