0.06573451310396194 0.4347286224365234 -0.8981590867042542 0.334515780210495 
0.6608563661575317 0.6554361581802368 0.3656120896339417 -0.1433460861444473 
0.7476279735565186 -0.6175875663757324 -0.2442084103822708 0.1204119920730591 
0 0 0 1 

-0.02954713255167007 0.4229975938796997 -0.9056488275527954 0.3389264345169067 
0.6412948966026306 0.7030128836631775 0.3074306845664978 -0.1196870654821396 
0.7667252421379089 -0.5717043280601501 -0.2920382618904114 0.1367770582437515 
0 0 0 1 

-0.125380277633667 0.3916458189487457 -0.9115333557128906 0.3424547910690308 
0.60812908411026 0.756278395652771 0.2412920743227005 -0.09377562999725342 
0.7838740348815918 -0.5240767598152161 -0.3329936265945435 0.1508140414953232 
0 0 0 1 

-0.1811850965023041 0.3404012620449066 -0.9226585030555725 0.3471506237983704 
0.5623621344566345 0.8055257201194763 0.1867540627717972 -0.0701623260974884 
0.8067964911460876 -0.4850311577320099 -0.3373780846595764 0.1520379781723022 
0 0 0 1 

-0.3164705038070679 0.2626167237758636 -0.9115253686904907 0.3420151770114899 
0.4625298976898193 0.8816671371459961 0.09342952072620392 -0.03125303983688354 
0.8281981348991394 -0.3920400738716125 -0.4004897475242615 0.1742364764213562 
0 0 0 1 

-0.4081188440322876 0.1958943456411362 -0.8916639089584351 0.3313792049884796 
0.4039155840873718 0.9146550893783569 0.01607132889330387 -0.002783602569252253 
0.8187131881713867 -0.3535979390144348 -0.4524126946926117 0.1906722635030746 
0 0 0 1 

-0.3772258162498474 0.4721301794052124 -0.796739399433136 0.2723625302314758 
0.3478713929653168 0.8695348501205444 0.3505632281303406 -0.1206926181912422 
0.8583042025566101 -0.1449213027954102 -0.4922516644001007 0.2049806267023087 
0 0 0 1 

-0.2339425683021545 0.5126776099205017 -0.8260946273803711 0.2797414064407349 
0.3852471709251404 0.829004168510437 0.4053846299648285 -0.1358794420957565 
0.8926675319671631 -0.2234138548374176 -0.3914469480514526 0.1720733493566513 
0 0 0 1 

-0.08388736099004745 0.5384396910667419 -0.8384780883789062 0.2799330353736877 
0.420075535774231 0.7821298837661743 0.4602274894714355 -0.1520315259695053 
0.9036034941673279 -0.3136168718338013 -0.2917961478233337 0.1392804831266403 
0 0 0 1 

-0.01485814899206161 0.5553913116455078 -0.8314562439918518 0.2754537463188171 
0.4430568218231201 0.749114453792572 0.4924714863300323 -0.1608506590127945 
0.8963702321052551 -0.3610651195049286 -0.2572003602981567 0.1281571388244629 
0 0 0 1 

