0.795337975025177 0.6060882210731506 -0.009721148759126663 -0.0247354581952095 
-0.5988002419471741 0.7830796241760254 -0.1680014878511429 0.08199717104434967 
-0.09421131014823914 0.1394389718770981 0.9857388138771057 -0.2897924780845642 
0 0 0 1 

0.7228808403015137 0.6900408267974854 -0.03587174043059349 -0.0114612765610218 
-0.6854904890060425 0.7096519470214844 -0.1627781689167023 0.08352511376142502 
-0.08686716854572296 0.1422589421272278 0.9860103726387024 -0.2906190156936646 
0 0 0 1 

0.4590023159980774 0.8566607236862183 -0.2354762703180313 0.06593985110521317 
-0.8876001834869385 0.430683821439743 -0.1633312404155731 0.0864875391125679 
-0.03850371390581131 0.2839782238006592 0.9580572843551636 -0.274551123380661 
0 0 0 1 

0.5337249040603638 0.8186824917793274 -0.2118878960609436 0.05331222340464592 
-0.8411396145820618 0.4880720376968384 -0.2329586148262024 0.1055634468793869 
-0.08730264753103256 0.3025631308555603 0.9491226077079773 -0.2680314183235168 
0 0 0 1 

0.5955434441566467 0.7765123844146729 -0.2058065533638 0.04722012579441071 
-0.7940946817398071 0.5303331613540649 -0.2969175577163696 0.1211715340614319 
-0.1214141920208931 0.3402572274208069 0.9324610233306885 -0.2595943808555603 
0 0 0 1 

0.6759278774261475 0.7153396606445312 -0.1772299557924271 0.03274120017886162 
-0.7191014289855957 0.5875540971755981 -0.3710430860519409 0.1364349573850632 
-0.1612897664308548 0.3782446980476379 0.9115462303161621 -0.2492369711399078 
0 0 0 1 

0.7375470399856567 0.6552100777626038 -0.1634743362665176 0.02516613155603409 
-0.6474984288215637 0.6174136996269226 -0.4467055201530457 0.1515541523694992 
-0.1917548030614853 0.435315728187561 0.8796193599700928 -0.2348813861608505 
0 0 0 1 

0.7684685587882996 0.6227349042892456 -0.1471636593341827 0.01801359094679356 
-0.5919857025146484 0.6045766472816467 -0.532953679561615 0.1709324568510056 
-0.2429172992706299 0.49667689204216 0.833248496055603 -0.2142166197299957 
0 0 0 1 

0.7971848845481873 0.5842081904411316 -0.1523055136203766 0.01644824258983135 
-0.5326196551322937 0.5617507100105286 -0.6330498456954956 0.1965958625078201 
-0.2842752933502197 0.5857787132263184 0.7589800953865051 -0.1868860274553299 
0 0 0 1 

0.812694787979126 0.5617139339447021 -0.1549340635538101 0.01541933231055737 
-0.4908344745635986 0.5166436433792114 -0.7015416026115417 0.2150289416313171 
-0.3140201270580292 0.6461861729621887 0.6955822110176086 -0.1644031703472137 
0 0 0 1 

