0.3108789324760437 0.1491063684225082 -0.9386807084083557 0.3713744580745697 
-0.1603405028581619 0.9816902279853821 0.1028355956077576 0.005682969465851784 
0.9368271231651306 0.1185391396284103 0.3290946483612061 -0.06882011145353317 
0 0 0 1 

0.3184704184532166 0.158978283405304 -0.9345064163208008 0.371918648481369 
-0.1611990928649902 0.9805601239204407 0.111877903342247 0.005970744881778955 
0.9341259002685547 0.1150118336081505 0.337906539440155 -0.0666152760386467 
0 0 0 1 

0.3219705820083618 0.1741613447666168 -0.9305926561355591 0.3736177980899811 
-0.1876239478588104 0.9751768112182617 0.1175903454422951 0.00672230776399374 
0.9279720187187195 0.1367408484220505 0.3466550707817078 -0.06411727517843246 
0 0 0 1 

0.3259165585041046 0.1823759227991104 -0.9276407957077026 0.3757849335670471 
-0.2027892023324966 0.9718637466430664 0.1198224425315857 0.008522284217178822 
0.9233931303024292 0.1490634083747864 0.3537303805351257 -0.06107208132743835 
0 0 0 1 

0.3220413625240326 0.1947343945503235 -0.9264814257621765 0.3789066076278687 
-0.2284658253192902 0.9656792879104614 0.1235594525933266 0.008538300171494484 
0.9187451601028442 0.1718780994415283 0.3554787933826447 -0.05363243445754051 
0 0 0 1 

0.3379923701286316 0.2042132019996643 -0.9187263250350952 0.3813058435916901 
-0.242479532957077 0.9621152281761169 0.124651275575161 0.01050616335123777 
0.9093760251998901 0.1806411743164062 0.3747051060199738 -0.05298670008778572 
0 0 0 1 

0.3770915865898132 0.2104787826538086 -0.9019425511360168 0.3807135820388794 
-0.270367294549942 0.956434428691864 0.1101577281951904 0.01658082194626331 
0.8858347535133362 0.2023162841796875 0.4175699651241302 -0.06123525649309158 
0 0 0 1 

0.4830063879489899 0.2852466106414795 -0.8278520703315735 0.3970198035240173 
-0.2981419563293457 0.9425323605537415 0.1508116275072098 -0.001704355352558196 
0.8232958316802979 0.1739745140075684 0.5402931571006775 -0.08204146474599838 
0 0 0 1 

0.4732632040977478 0.3081333637237549 -0.8252730965614319 0.4046953022480011 
-0.3303714394569397 0.9305359125137329 0.1579798460006714 -0.003223634324967861 
0.8166251182556152 0.1978806406259537 0.5421868562698364 -0.08278940618038177 
0 0 0 1 

0.4190123081207275 0.3050274550914764 -0.8552114963531494 0.4048376679420471 
-0.291294664144516 0.9372557997703552 0.1915697902441025 -0.0167936235666275 
0.8599859476089478 0.1688484847545624 0.4815745949745178 -0.05887193232774734 
0 0 0 1 

