1.000000000000000000e+00 0.000000000000000000e+00 0.000000000000000000e+00 -4.146692231928954531e-01
0.000000000000000000e+00 -1.000000000000000000e+00 0.000000000000000000e+00 -7.693198940031911737e-02
0.000000000000000000e+00 0.000000000000000000e+00 -1.000000000000000000e+00 -3.421550398492883005e+00
0.000000000000000000e+00 0.000000000000000000e+00 0.000000000000000000e+00 1.000000000000000000e+00
9.905449748039245605e-01 -1.345640718936920166e-01 -2.670069411396980286e-02 -5.440991499496729000e-01
-1.329215914011001587e-01 -9.895484447479248047e-01 5.591103434562683105e-02 2.625341155866285914e-01
-3.394524380564689636e-02 -5.183330550789833069e-02 -9.980788826942443848e-01 -3.424430710483259865e+00
0.000000000000000000e+00 0.000000000000000000e+00 0.000000000000000000e+00 1.000000000000000000e+00
9.719945192337036133e-01 -2.314793914556503296e-01 -4.054204747080802917e-02 -5.975042310090387110e-01
-2.265930324792861938e-01 -9.688972830772399902e-01 9.946561604738235474e-02 5.431785259889854167e-01
-6.230537593364715576e-02 -8.749347180128097534e-02 -9.942145943641662598e-01 -3.403131361728188864e+00
0.000000000000000000e+00 0.000000000000000000e+00 0.000000000000000000e+00 1.000000000000000000e+00
9.417483806610107422e-01 -3.344326913356781006e-01 -3.556580469012260437e-02 -5.681742373765377163e-01
-3.268136382102966309e-01 -9.349648952484130859e-01 1.379610449075698853e-01 7.828455346503164769e-01
-7.939152419567108154e-02 -1.183011755347251892e-01 -9.897989630699157715e-01 -3.375042115224620165e+00
0.000000000000000000e+00 0.000000000000000000e+00 0.000000000000000000e+00 1.000000000000000000e+00
8.953179121017456055e-01 -4.452590644359588623e-01 -1.223962940275669098e-02 -4.222364622024384340e-01
-4.374051988124847412e-01 -8.840531110763549805e-01 1.647022366523742676e-01 9.562571378239368425e-01
-8.415568619966506958e-02 -1.421072036027908325e-01 -9.862673878669738770e-01 -3.361123479769926092e+00
0.000000000000000000e+00 0.000000000000000000e+00 0.000000000000000000e+00 1.000000000000000000e+00
8.314748406410217285e-01 -5.555434823036193848e-01 4.547751508653163910e-03 -2.921483957033049750e-01
-5.460755825042724609e-01 -8.157430887222290039e-01 1.906933784484863281e-01 1.124690758038123573e+00
-1.022287234663963318e-01 -1.610401421785354614e-01 -9.816390872001647949e-01 -3.340185031763290180e+00
0.000000000000000000e+00 0.000000000000000000e+00 0.000000000000000000e+00 1.000000000000000000e+00
7.507972717285156250e-01 -6.595123410224914551e-01 3.669366240501403809e-02 -9.543383277855511937e-02
-6.549515724182128906e-01 -7.360982894897460938e-01 1.708729416131973267e-01 1.100549962201353926e+00
-8.568278700113296509e-02 -1.523235440254211426e-01 -9.846096634864807129e-01 -3.380174696069128792e+00
0.000000000000000000e+00 0.000000000000000000e+00 0.000000000000000000e+00 1.000000000000000000e+00
6.913509368896484375e-01 -7.194902300834655762e-01 6.608793884515762329e-02 5.290384512048739579e-02
-7.215804457664489746e-01 -6.828973293304443359e-01 1.138984337449073792e-01 8.889595754113929216e-01
-3.681756556034088135e-02 -1.264315843582153320e-01 -9.912918210029602051e-01 -3.461382534964877244e+00
0.000000000000000000e+00 0.000000000000000000e+00 0.000000000000000000e+00 1.000000000000000000e+00
5.876262784004211426e-01 -8.084214925765991211e-01 3.390226885676383972e-02 -2.404616152354757327e-02
-8.082255721092224121e-01 -5.844696760177612305e-01 7.187498360872268677e-02 7.347773983621337379e-01
-3.829045593738555908e-02 -6.963633000850677490e-02 -9.968373775482177734e-01 -3.548058002964426194e+00
0.000000000000000000e+00 0.000000000000000000e+00 0.000000000000000000e+00 1.000000000000000000e+00
5.031817555427551270e-01 -8.633216023445129395e-01 3.852218389511108398e-02 4.858310245222501739e-02
-8.637375831604003906e-01 -5.009964704513549805e-01 5.440403893589973450e-02 6.751231243646950153e-01
-2.766869962215423584e-02 -6.064817681908607483e-02 -9.977757930755615234e-01 -3.593447045802728113e+00
0.000000000000000000e+00 0.000000000000000000e+00 0.000000000000000000e+00 1.000000000000000000e+00
4.066270291805267334e-01 -9.123832583427429199e-01 4.702395200729370117e-02 1.349500963969466893e-01
-9.134382605552673340e-01 -4.069697260856628418e-01 2.472858410328626633e-03 4.587313271161467254e-01
1.688112691044807434e-02 -4.395899921655654907e-02 -9.988906383514404297e-01 -3.645456738760604498e+00
0.000000000000000000e+00 0.000000000000000000e+00 0.000000000000000000e+00 1.000000000000000000e+00
2.943467199802398682e-01 -9.540772438049316406e-01 5.565031245350837708e-02 2.250476476124740333e-01
-9.545221924781799316e-01 -2.963739037513732910e-01 -3.240034356713294983e-02 3.074261874086394730e-01
4.740570858120918274e-02 -4.358252137899398804e-02 -9.979242086410522461e-01 -3.671756648315627203e+00
0.000000000000000000e+00 0.000000000000000000e+00 0.000000000000000000e+00 1.000000000000000000e+00
1.767278015613555908e-01 -9.815668463706970215e-01 7.275679707527160645e-02 3.468297833122873652e-01
-9.819140434265136719e-01 -1.809246093034744263e-01 -5.577616766095161438e-02 2.053545064811732601e-01
6.791154295206069946e-02 -6.158372014760971069e-02 -9.957889318466186523e-01 -3.679964641268577807e+00
0.000000000000000000e+00 0.000000000000000000e+00 0.000000000000000000e+00 1.000000000000000000e+00
1.002842634916305542e-01 -9.921291470527648926e-01 7.498160004615783691e-02 3.952631506408366691e-01
-9.900920391082763672e-01 -1.069546863436698914e-01 -9.098564088344573975e-02 5.227655387443111423e-02
9.828917682170867920e-02 -6.511423736810684204e-02 -9.930254220962524414e-01 -3.674970285066020192e+00
0.000000000000000000e+00 0.000000000000000000e+00 0.000000000000000000e+00 1.000000000000000000e+00
1.447249483317136765e-02 -9.955237507820129395e-01 9.339498728513717651e-02 5.169340990935944458e-01
-9.974115490913391113e-01 -2.095294743776321411e-02 -6.878454983234405518e-02 1.572887615482362333e-01
7.043355703353881836e-02 -9.215779602527618408e-02 -9.932503700256347656e-01 -3.598852284232730181e+00
0.000000000000000000e+00 0.000000000000000000e+00 0.000000000000000000e+00 1.000000000000000000e+00
-9.077582508325576782e-02 -8.968343734741210938e-01 4.329521656036376953e-01 1.885832921544849716e+00
-9.904782772064208984e-01 3.612215444445610046e-02 -1.328460723161697388e-01 -8.395236612897689910e-02
1.035017147660255432e-01 -4.408889710903167725e-01 -8.915739059448242188e-01 -3.151410156041668742e+00
0.000000000000000000e+00 0.000000000000000000e+00 0.000000000000000000e+00 1.000000000000000000e+00
-1.653299778699874878e-01 -8.737118840217590332e-01 4.574857354164123535e-01 1.999040282101997468e+00
-9.767965078353881836e-01 8.103169500827789307e-02 -1.982473731040954590e-01 -3.513813893730983184e-01
1.361402124166488647e-01 -4.796468913555145264e-01 -8.668361902236938477e-01 -3.069104792806839566e+00
0.000000000000000000e+00 0.000000000000000000e+00 0.000000000000000000e+00 1.000000000000000000e+00
-1.324791908264160156e-01 -8.131756782531738281e-01 5.667403936386108398e-01 2.326658191314743718e+00
-9.911466240882873535e-01 1.137833371758460999e-01 -6.842719018459320068e-02 1.347142387661904583e-01
-8.842308074235916138e-03 -5.707878470420837402e-01 -8.210497498512268066e-01 -2.817515607164875924e+00
0.000000000000000000e+00 0.000000000000000000e+00 0.000000000000000000e+00 1.000000000000000000e+00
-8.832900226116180420e-02 -7.337179183959960938e-01 6.736881136894226074e-01 2.600785059941724153e+00
-9.943568110466003418e-01 2.505321614444255829e-02 -1.030870974063873291e-01 4.197385221680501044e-02
5.875878408551216125e-02 -6.789920926094055176e-01 -7.317906022071838379e-01 -2.603074380222161199e+00
0.000000000000000000e+00 0.000000000000000000e+00 0.000000000000000000e+00 1.000000000000000000e+00
-5.705067515373229980e-02 -5.617445707321166992e-01 8.253414034843444824e-01 3.110971868682368857e+00
-9.854472875595092773e-01 -1.009027361869812012e-01 -1.367942243814468384e-01 -7.891759925432795253e-02
1.601226329803466797e-01 -8.211346268653869629e-01 -5.478129982948303223e-01 -1.936430892437462692e+00
0.000000000000000000e+00 0.000000000000000000e+00 0.000000000000000000e+00 1.000000000000000000e+00
-1.226755902171134949e-01 -4.293248951435089111e-01 8.947796225547790527e-01 3.346417036604214967e+00
-9.852602481842041016e-01 -5.561956390738487244e-02 -1.617675870656967163e-01 -2.143242458319662702e-01
1.192180067300796509e-01 -9.014357924461364746e-01 -4.161737263202667236e-01 -1.400115489969848470e+00
0.000000000000000000e+00 0.000000000000000000e+00 0.000000000000000000e+00 1.000000000000000000e+00
-1.926998496055603027e-01 -3.213236629962921143e-01 9.271556735038757324e-01 3.479316410491454459e+00
-9.748349785804748535e-01 -4.524080082774162292e-02 -2.182886153459548950e-01 -4.279142580259093220e-01
1.120865270495414734e-01 -9.458878040313720703e-01 -3.045196235179901123e-01 -9.953485826567924910e-01
0.000000000000000000e+00 0.000000000000000000e+00 0.000000000000000000e+00 1.000000000000000000e+00
-2.738315761089324951e-01 -2.001178711652755737e-01 9.407278299331665039e-01 3.568929410657350143e+00
-9.592652320861816406e-01 -1.382160279899835587e-02 -2.821678519248962402e-01 -6.711315459337560130e-01
6.946917623281478882e-02 -9.796744585037231445e-01 -1.881815344095230103e-01 -5.438782057824449456e-01
0.000000000000000000e+00 0.000000000000000000e+00 0.000000000000000000e+00 1.000000000000000000e+00
-1.649864763021469116e-01 8.523823022842407227e-01 4.962095916271209717e-01 1.857561845867642836e+00
-9.529168009757995605e-01 -7.982647977769374847e-03 -3.031263649463653564e-01 -7.183971778714605128e-01
-2.544183731079101562e-01 -5.228583812713623047e-01 8.135662674903869629e-01 3.300880281437962971e+00
0.000000000000000000e+00 0.000000000000000000e+00 0.000000000000000000e+00 1.000000000000000000e+00
-1.662940531969070435e-01 8.676391243934631348e-01 4.685610532760620117e-01 1.745683475602368917e+00
-9.713650941848754883e-01 -6.236368417739868164e-02 -2.292613089084625244e-01 -4.574544323951422742e-01
-1.696947365999221802e-01 -4.932686686515808105e-01 8.531644940376281738e-01 3.390642536641176985e+00
0.000000000000000000e+00 0.000000000000000000e+00 0.000000000000000000e+00 1.000000000000000000e+00
-8.717381209135055542e-02 8.649432659149169922e-01 4.942401349544525146e-01 1.761737526660268616e+00
-9.909974336624145508e-01 -2.469105087220668793e-02 -1.315821856260299683e-01 -6.880859198566996460e-02
-1.016078963875770569e-01 -5.012613534927368164e-01 8.593088984489440918e-01 3.360916999924789206e+00
0.000000000000000000e+00 0.000000000000000000e+00 0.000000000000000000e+00 1.000000000000000000e+00
2.211706899106502533e-02 8.639639616012573242e-01 5.030671358108520508e-01 1.682958787644388998e+00
-9.995347857475280762e-01 2.967677451670169830e-02 -7.023226469755172729e-03 4.166274462482000285e-01
-2.099730633199214935e-02 -5.026779770851135254e-01 8.642185926437377930e-01 3.315589658360575509e+00
0.000000000000000000e+00 0.000000000000000000e+00 0.000000000000000000e+00 1.000000000000000000e+00
5.021240189671516418e-02 8.621875643730163574e-01 5.040940642356872559e-01 1.656296598541510123e+00
-9.931519627571105957e-01 -1.020450424402952194e-02 1.163805872201919556e-01 8.779809711969955854e-01
1.054859682917594910e-01 -5.064858794212341309e-01 8.557714223861694336e-01 3.186485429879517106e+00
0.000000000000000000e+00 0.000000000000000000e+00 0.000000000000000000e+00 1.000000000000000000e+00
2.384609542787075043e-02 8.703963160514831543e-01 4.917740225791931152e-01 1.655320236201545558e+00
-9.799937009811401367e-01 -7.687482237815856934e-02 1.835815757513046265e-01 1.031208760522061896e+00
1.975938975811004639e-01 -4.863131344318389893e-01 8.511499762535095215e-01 3.131008745777646762e+00
0.000000000000000000e+00 0.000000000000000000e+00 0.000000000000000000e+00 1.000000000000000000e+00
-4.091296344995498657e-02 8.701773881912231445e-01 4.910359084606170654e-01 1.740367686784801027e+00
-9.937228560447692871e-01 -8.665119856595993042e-02 7.075972110033035278e-02 6.109577202742618729e-01
1.041223555803298950e-01 -4.850589334964752197e-01 8.682607412338256836e-01 3.370490693704196516e+00
0.000000000000000000e+00 0.000000000000000000e+00 0.000000000000000000e+00 1.000000000000000000e+00
-5.112888291478157043e-02 8.607416749000549316e-01 5.064683556556701660e-01 1.783041011813602639e+00
-9.938322305679321289e-01 6.118888035416603088e-03 -1.107287630438804626e-01 -5.675116878527369790e-02
-9.840795397758483887e-02 -5.090053677558898926e-01 8.551192283630371094e-01 3.534368243581762048e+00
0.000000000000000000e+00 0.000000000000000000e+00 0.000000000000000000e+00 1.000000000000000000e+00
1.228804737329483032e-01 8.410992026329040527e-01 5.267374515533447266e-01 1.702638391779692117e+00
-9.874584078788757324e-01 1.566371321678161621e-01 -1.975966617465019226e-02 2.747374168429490560e-01
-9.912655502557754517e-02 -5.177032947540283203e-01 8.497981429100036621e-01 3.543790958824574400e+00
0.000000000000000000e+00 0.000000000000000000e+00 0.000000000000000000e+00 1.000000000000000000e+00
2.191900461912155151e-01 7.888886928558349609e-01 5.741167664527893066e-01 1.717492542641505082e+00
-9.486198425292968750e-01 3.099366724491119385e-01 -6.371140480041503906e-02 1.055087248689126483e-01
-2.282011955976486206e-01 -5.306537747383117676e-01 8.162905573844909668e-01 3.483778714027470080e+00
0.000000000000000000e+00 0.000000000000000000e+00 0.000000000000000000e+00 1.000000000000000000e+00
3.315955698490142822e-01 7.268185615539550781e-01 6.014807224273681641e-01 1.637668846014468604e+00
-9.138989448547363281e-01 4.057143330574035645e-01 1.357300020754337311e-02 3.703085755503912613e-01
-2.341643869876861572e-01 -5.541933774948120117e-01 7.987717986106872559e-01 3.356186683811344995e+00
0.000000000000000000e+00 0.000000000000000000e+00 0.000000000000000000e+00 1.000000000000000000e+00
3.522176146507263184e-01 7.212467789649963379e-01 5.964442491531372070e-01 1.592357877693378443e+00
-9.243664145469665527e-01 3.678966462612152100e-01 1.009881347417831421e-01 7.070004499274119558e-01
-1.465924978256225586e-01 -5.869028568267822266e-01 7.962760329246520996e-01 3.249675462642069412e+00
0.000000000000000000e+00 0.000000000000000000e+00 0.000000000000000000e+00 1.000000000000000000e+00
3.703368902206420898e-01 7.110204696655273438e-01 5.977461338043212891e-01 1.585103324540019232e+00
-9.262472987174987793e-01 3.312385380268096924e-01 1.798524707555770874e-01 9.938731989265997546e-01
-7.011779397726058960e-02 -6.202667355537414551e-01 7.812506556510925293e-01 3.119945603923752309e+00
0.000000000000000000e+00 0.000000000000000000e+00 0.000000000000000000e+00 1.000000000000000000e+00
5.300067067146301270e-01 6.041042208671569824e-01 5.951057076454162598e-01 1.516100962818427211e+00
-8.449206948280334473e-01 4.358922243118286133e-01 3.100107610225677490e-01 1.403829562560278355e+00
-7.212319970130920410e-02 -6.671249866485595703e-01 7.414459586143493652e-01 2.964314653382923659e+00
0.000000000000000000e+00 0.000000000000000000e+00 0.000000000000000000e+00 1.000000000000000000e+00
6.768520474433898926e-01 4.095955193042755127e-01 6.116393208503723145e-01 1.529151471687702157e+00
-7.147258520126342773e-01 5.645322203636169434e-01 4.128799438476562500e-01 1.746598926259981033e+00
-1.761764436960220337e-01 -7.166131138801574707e-01 6.748533844947814941e-01 2.896299512046736080e+00
0.000000000000000000e+00 0.000000000000000000e+00 0.000000000000000000e+00 1.000000000000000000e+00
7.002783417701721191e-01 3.301189839839935303e-01 6.329547166824340820e-01 1.563418946046646107e+00
-6.528427004814147949e-01 6.548526287078857422e-01 3.807415962219238281e-01 1.610531760703095339e+00
-2.888021171092987061e-01 -6.798449754714965820e-01 6.740947961807250977e-01 3.021071208047295897e+00
0.000000000000000000e+00 0.000000000000000000e+00 0.000000000000000000e+00 1.000000000000000000e+00
7.451969981193542480e-01 2.474795281887054443e-01 6.192213892936706543e-01 1.569278326535925805e+00
-5.772224068641662598e-01 7.043601274490356445e-01 4.131470620632171631e-01 1.641135075600849147e+00
-3.339096009731292725e-01 -6.653044819831848145e-01 6.677376627922058105e-01 2.988751804920235067e+00
0.000000000000000000e+00 0.000000000000000000e+00 0.000000000000000000e+00 1.000000000000000000e+00
7.400997877120971680e-01 2.483951449394226074e-01 6.249416470527648926e-01 1.664894274680807973e+00
-5.498397946357727051e-01 7.585642933845520020e-01 3.496528863906860352e-01 1.323476234605667212e+00
-3.872059583663940430e-01 -6.023958325386047363e-01 6.979906558990478516e-01 3.137754521944673414e+00
0.000000000000000000e+00 0.000000000000000000e+00 0.000000000000000000e+00 1.000000000000000000e+00
7.246152758598327637e-01 3.380438983440399170e-01 6.005488634109497070e-01 1.676653537892357715e+00
-5.931956768035888672e-01 7.495149970054626465e-01 2.938473820686340332e-01 1.080111673684669649e+00
-3.507870137691497803e-01 -5.691693425178527832e-01 7.436361908912658691e-01 3.277412425893583503e+00
0.000000000000000000e+00 0.000000000000000000e+00 0.000000000000000000e+00 1.000000000000000000e+00
8.092546463012695312e-01 1.757283061742782593e-01 5.605590343475341797e-01 1.573185671744987024e+00
-5.306159853935241699e-01 6.281368136405944824e-01 5.691140890121459961e-01 2.083201781899386429e+00
-2.520983517169952393e-01 -7.579997777938842773e-01 6.015667915344238281e-01 2.815719543937305502e+00
0.000000000000000000e+00 0.000000000000000000e+00 0.000000000000000000e+00 1.000000000000000000e+00
8.479596376419067383e-01 1.006004363298416138e-01 5.204268097877502441e-01 1.412150516873721839e+00
-4.785425364971160889e-01 5.675228238105773926e-01 6.700109243392944336e-01 2.466172800315899583e+00
-2.279507517814636230e-01 -8.171886205673217773e-01 5.293779373168945312e-01 2.528129733064256701e+00
0.000000000000000000e+00 0.000000000000000000e+00 0.000000000000000000e+00 1.000000000000000000e+00
8.774386048316955566e-01 4.043092206120491028e-02 4.779821932315826416e-01 1.240173813022497518e+00
-4.316341578960418701e-01 5.012543797492980957e-01 7.499573826789855957e-01 2.773570271320472624e+00
-2.092691957950592041e-01 -8.643548488616943359e-01 4.572713077068328857e-01 2.241823929151973260e+00
0.000000000000000000e+00 0.000000000000000000e+00 0.000000000000000000e+00 1.000000000000000000e+00
8.901047110557556152e-01 -1.106691956520080566e-01 4.421151876449584961e-01 1.119446135723600966e+00
-3.646499812602996826e-01 4.089798927307128906e-01 8.365198373794555664e-01 3.102110942045694042e+00
-2.733932733535766602e-01 -9.058076739311218262e-01 3.236793577671051025e-01 1.767891100036014462e+00
0.000000000000000000e+00 0.000000000000000000e+00 0.000000000000000000e+00 1.000000000000000000e+00
9.479665160179138184e-01 2.734381258487701416e-01 1.630674153566360474e-01 -2.500545044880714621e-02
-2.437199503183364868e-01 2.937245070934295654e-01 9.242978692054748535e-01 3.366824919375735803e+00
2.048414051532745361e-01 -9.159462451934814453e-01 3.450833261013031006e-01 1.515250062785789442e+00
0.000000000000000000e+00 0.000000000000000000e+00 0.000000000000000000e+00 1.000000000000000000e+00
9.761077165603637695e-01 1.440223008394241333e-01 1.626999080181121826e-01 -1.745161837855562642e-02
-1.916275620460510254e-01 2.175931334495544434e-01 9.570433497428894043e-01 3.459732560758005615e+00
1.024331972002983093e-01 -9.653551578521728516e-01 2.399930059909820557e-01 1.161984329969168783e+00
0.000000000000000000e+00 0.000000000000000000e+00 0.000000000000000000e+00 1.000000000000000000e+00
9.808554053306579590e-01 1.407127380371093750e-01 1.346208602190017700e-01 -1.202035119574673960e-01
-1.508495062589645386e-01 1.118263155221939087e-01 9.822114109992980957e-01 3.527708751010551147e+00
1.231554895639419556e-01 -9.837147593498229980e-01 1.309118717908859253e-01 7.151071217533621072e-01
0.000000000000000000e+00 0.000000000000000000e+00 0.000000000000000000e+00 1.000000000000000000e+00
9.733128547668457031e-01 1.898957043886184692e-01 1.288483589887619019e-01 -1.568805352513660267e-01
-1.404522806406021118e-01 4.891438409686088562e-02 9.888784885406494141e-01 3.533052977566176089e+00
1.814812123775482178e-01 -9.805850982666015625e-01 7.428031414747238159e-02 4.469264548916997981e-01
0.000000000000000000e+00 0.000000000000000000e+00 0.000000000000000000e+00 1.000000000000000000e+00
9.947987794876098633e-01 1.821856759488582611e-02 1.002183109521865845e-01 -2.567128843411428107e-01
-9.951757639646530151e-02 -3.598637878894805908e-02 9.943848848342895508e-01 3.515894508172090926e+00
2.172276563942432404e-02 -9.991862177848815918e-01 -3.398612886667251587e-02 1.011072945915473947e-01
0.000000000000000000e+00 0.000000000000000000e+00 0.000000000000000000e+00 1.000000000000000000e+00
8.945311307907104492e-01 4.347289204597473145e-01 1.040426343679428101e-01 -2.104201031136274103e-01
-5.514889210462570190e-02 -1.236455589532852173e-01 9.907928705215454102e-01 3.446924548236891539e+00
4.435907006263732910e-01 -8.920328021049499512e-01 -8.662997186183929443e-02 -4.077345168576961276e-01
0.000000000000000000e+00 0.000000000000000000e+00 0.000000000000000000e+00 1.000000000000000000e+00
9.766856431961059570e-01 1.129847988486289978e-01 1.825363039970397949e-01 -7.718273360336680086e-03
-1.626578420400619507e-01 -1.654245555400848389e-01 9.727163314819335938e-01 3.475614606588141253e+00
1.400981396436691284e-01 -9.797289967536926270e-01 -1.431898921728134155e-01 -3.095448026124492658e-01
0.000000000000000000e+00 0.000000000000000000e+00 0.000000000000000000e+00 1.000000000000000000e+00
9.592697620391845703e-01 -1.705286949872970581e-01 2.252148091793060303e-01 1.989271112446211742e-01
-2.544319629669189453e-01 -1.751461923122406006e-01 9.510982632637023926e-01 3.506558657292798475e+00
-1.227440908551216125e-01 -9.696615934371948242e-01 -2.114004194736480713e-01 -3.479353396586112868e-01
0.000000000000000000e+00 0.000000000000000000e+00 0.000000000000000000e+00 1.000000000000000000e+00
5.549033880233764648e-01 -8.318485021591186523e-01 1.049415394663810730e-02 -7.466055524786628650e-02
-3.751049339771270752e-01 -2.389229685068130493e-01 8.956629037857055664e-01 3.491577656884258030e+00
-7.425486445426940918e-01 -5.009428858757019043e-01 -4.446096122264862061e-01 -8.389544666364647796e-01
0.000000000000000000e+00 0.000000000000000000e+00 0.000000000000000000e+00 1.000000000000000000e+00
9.157508611679077148e-01 -2.677742242813110352e-01 2.994948923587799072e-01 5.390808062678067447e-01
-3.813149034976959229e-01 -3.446182012557983398e-01 8.578092455863952637e-01 3.414538962737624583e+00
-1.264879405498504639e-01 -8.997415304183959961e-01 -4.176907837390899658e-01 -1.041304484407034714e+00
0.000000000000000000e+00 0.000000000000000000e+00 0.000000000000000000e+00 1.000000000000000000e+00
8.874539136886596680e-01 -1.850285083055496216e-01 4.221256971359252930e-01 9.886913981606945123e-01
-4.598792493343353271e-01 -4.163030385971069336e-01 7.843485474586486816e-01 3.268012914173077821e+00
3.060525469481945038e-02 -8.901998996734619141e-01 -4.545404911041259766e-01 -1.320397357673478878e+00
0.000000000000000000e+00 0.000000000000000000e+00 0.000000000000000000e+00 1.000000000000000000e+00
8.728206753730773926e-01 -1.565431803464889526e-01 4.622537791728973389e-01 1.143050664760582702e+00
-4.725104868412017822e-01 -5.080966949462890625e-01 7.201188802719116211e-01 3.049200203666222908e+00
1.221398264169692993e-01 -8.469545245170593262e-01 -5.174457430839538574e-01 -1.640250299422220781e+00
0.000000000000000000e+00 0.000000000000000000e+00 0.000000000000000000e+00 1.000000000000000000e+00
8.610432744026184082e-01 -1.395820230245590210e-01 4.890002906322479248e-01 1.246011735945788512e+00
-4.703069627285003662e-01 -5.843386650085449219e-01 6.613318324089050293e-01 2.862099535141497064e+00
1.934316754341125488e-01 -7.994154691696166992e-01 -5.687871575355529785e-01 -1.856382796204665508e+00
0.000000000000000000e+00 0.000000000000000000e+00 0.000000000000000000e+00 1.000000000000000000e+00
8.451561927795410156e-01 -1.060341447591781616e-01 5.238968133926391602e-01 1.344438711410144371e+00
-4.456465542316436768e-01 -6.809744834899902344e-01 5.810960531234741211e-01 2.582576390280750367e+00
2.951442897319793701e-01 -7.245897054672241211e-01 -6.227835416793823242e-01 -2.122793386222193934e+00
0.000000000000000000e+00 0.000000000000000000e+00 0.000000000000000000e+00 1.000000000000000000e+00
8.256070017814636230e-01 -1.133501827716827393e-01 5.527428388595581055e-01 1.470926840339866981e+00
-4.447690546512603760e-01 -7.335406541824340820e-01 5.139048099517822266e-01 2.354870940558512871e+00
3.472080528736114502e-01 -6.701264381408691406e-01 -6.560311913490295410e-01 -2.299835712971046053e+00
0.000000000000000000e+00 0.000000000000000000e+00 0.000000000000000000e+00 1.000000000000000000e+00
7.995207905769348145e-01 -1.539074778556823730e-01 5.805846452713012695e-01 1.614000030454484813e+00
-4.498359858989715576e-01 -7.939580082893371582e-01 4.089962840080261230e-01 1.996927716881262915e+00
3.980121612548828125e-01 -5.881691575050354004e-01 -7.040192484855651855e-01 -2.533920522914191675e+00
0.000000000000000000e+00 0.000000000000000000e+00 0.000000000000000000e+00 1.000000000000000000e+00
7.702805399894714355e-01 -2.113897353410720825e-01 6.016495823860168457e-01 1.736701803824334700e+00
-4.588686823844909668e-01 -8.388956189155578613e-01 2.927345931529998779e-01 1.592142368125951668e+00
4.428399503231048584e-01 -5.015659332275390625e-01 -7.431850433349609375e-01 -2.742002037527747405e+00
0.000000000000000000e+00 0.000000000000000000e+00 0.000000000000000000e+00 1.000000000000000000e+00
7.434747815132141113e-01 -2.784398794174194336e-01 6.080430150032043457e-01 1.806677942636976786e+00
-4.607830941677093506e-01 -8.722290992736816406e-01 1.639968007802963257e-01 1.136860989652082043e+00
4.846896529197692871e-01 -4.021036028861999512e-01 -7.767809033393859863e-01 -2.925762736805135322e+00
0.000000000000000000e+00 0.000000000000000000e+00 0.000000000000000000e+00 1.000000000000000000e+00
7.258304953575134277e-01 -3.570779263973236084e-01 5.879330635070800781e-01 1.768263556669580350e+00
-4.372372031211853027e-01 -8.993232250213623047e-01 -6.409985944628715515e-03 5.199007724147702847e-01
5.310308933258056641e-01 -2.524136602878570557e-01 -8.088840842247009277e-01 -3.109387451989630957e+00
0.000000000000000000e+00 0.000000000000000000e+00 0.000000000000000000e+00 1.000000000000000000e+00
7.132537961006164551e-01 -3.961651623249053955e-01 5.782058835029602051e-01 1.725144707077882478e+00
-3.713135719299316406e-01 -9.132409691810607910e-01 -1.676802188158035278e-01 -1.328092793651997339e-01
5.944705605506896973e-01 -9.509726613759994507e-02 -7.984742522239685059e-01 -3.085972680222958342e+00
0.000000000000000000e+00 0.000000000000000000e+00 0.000000000000000000e+00 1.000000000000000000e+00
7.077763080596923828e-01 -4.208049476146697998e-01 5.674293637275695801e-01 1.673426974897393338e+00
-3.004515767097473145e-01 -9.062707424163818359e-01 -2.973244786262512207e-01 -6.693893897778964153e-01
6.393602490425109863e-01 3.995409607887268066e-02 -7.678685784339904785e-01 -3.002204066102639679e+00
0.000000000000000000e+00 0.000000000000000000e+00 0.000000000000000000e+00 1.000000000000000000e+00
7.008436322212219238e-01 -4.531479477882385254e-01 5.508856177330017090e-01 1.609746951290618844e+00
-2.441405802965164185e-01 -8.780306577682495117e-01 -4.116523861885070801e-01 -1.126836129654895435e+00
6.702337265014648438e-01 1.540104299783706665e-01 -7.259939908981323242e-01 -2.869861899531393590e+00
0.000000000000000000e+00 0.000000000000000000e+00 0.000000000000000000e+00 1.000000000000000000e+00
7.017015814781188965e-01 -4.734993278980255127e-01 5.323658585548400879e-01 1.541970686954111880e+00
-1.606428176164627075e-01 -8.331168293952941895e-01 -5.292544364929199219e-01 -1.629066576336914762e+00
6.941245198249816895e-01 2.858577966690063477e-01 -6.606637239456176758e-01 -2.651106064500652337e+00
0.000000000000000000e+00 0.000000000000000000e+00 0.000000000000000000e+00 1.000000000000000000e+00
6.797398328781127930e-01 -5.054851174354553223e-01 5.314490199089050293e-01 1.547647376520114637e+00
-9.837117046117782593e-02 -7.808693647384643555e-01 -6.169002652168273926e-01 -2.015717782757886933e+00
7.268261909484863281e-01 3.670523464679718018e-01 -5.805131196975708008e-01 -2.382504734553152925e+00
0.000000000000000000e+00 0.000000000000000000e+00 0.000000000000000000e+00 1.000000000000000000e+00
6.912691593170166016e-01 -5.166265964508056641e-01 5.052163600921630859e-01 1.444350136801087148e+00
-3.284635022282600403e-02 -7.209105491638183594e-01 -6.922492384910583496e-01 -2.359982626779543846e+00
7.218502163887023926e-01 4.619360566139221191e-01 -5.153124928474426270e-01 -2.155936794353203734e+00
0.000000000000000000e+00 0.000000000000000000e+00 0.000000000000000000e+00 1.000000000000000000e+00
7.119151949882507324e-01 -5.146203041076660156e-01 4.778521358966827393e-01 1.330286886503381005e+00
1.888901181519031525e-02 -6.661656498908996582e-01 -7.455646395683288574e-01 -2.613671551589695330e+00
7.020114064216613770e-01 5.398048758506774902e-01 -4.645327031612396240e-01 -1.978417403004700370e+00
0.000000000000000000e+00 0.000000000000000000e+00 0.000000000000000000e+00 1.000000000000000000e+00
7.547744512557983398e-01 -4.941057264804840088e-01 4.314805567264556885e-01 1.129099972219351322e+00
6.398209184408187866e-02 -5.991732478141784668e-01 -7.980588674545288086e-01 -2.861923008533379331e+00
6.528565883636474609e-01 6.299613118171691895e-01 -4.206265211105346680e-01 -1.825047166464456527e+00
0.000000000000000000e+00 0.000000000000000000e+00 0.000000000000000000e+00 1.000000000000000000e+00
7.996810674667358398e-01 -4.733617901802062988e-01 3.693766593933105469e-01 8.658543300976633272e-01
1.007472798228263855e-01 -5.006841421127319336e-01 -8.597468137741088867e-01 -3.169107282677486648e+00
5.919125080108642578e-01 7.247372865676879883e-01 -3.526978194713592529e-01 -1.571390815790625339e+00
0.000000000000000000e+00 0.000000000000000000e+00 0.000000000000000000e+00 1.000000000000000000e+00
8.610547184944152832e-01 -4.151857793331146240e-01 2.936086654663085938e-01 5.533231579740524042e-01
1.239599213004112244e-01 -3.885926306247711182e-01 -9.130330681800842285e-01 -3.424965231326729587e+00
4.931723475456237793e-01 8.225671052932739258e-01 -2.831332385540008545e-01 -1.273784371824187467e+00
0.000000000000000000e+00 0.000000000000000000e+00 0.000000000000000000e+00 1.000000000000000000e+00
8.765412569046020508e-01 -3.940335214138031006e-01 2.764284610748291016e-01 4.671821040125693769e-01
1.614293158054351807e-01 -3.003801107406616211e-01 -9.400597214698791504e-01 -3.573137221700041888e+00
4.534487128257751465e-01 8.686246871948242188e-01 -1.996869146823883057e-01 -9.648828030012791546e-01
0.000000000000000000e+00 0.000000000000000000e+00 0.000000000000000000e+00 1.000000000000000000e+00
9.107396602630615234e-01 -3.244268894195556641e-01 2.555401921272277832e-01 3.622461180942539993e-01
1.944345682859420776e-01 -2.090605795383453369e-01 -9.583781957626342773e-01 -3.688882607291314120e+00
3.643470108509063721e-01 9.225186109542846680e-01 -1.273199766874313354e-01 -6.535256354971302750e-01
0.000000000000000000e+00 0.000000000000000000e+00 0.000000000000000000e+00 1.000000000000000000e+00
9.740074872970581055e-01 -6.095429137349128723e-02 2.181607931852340698e-01 1.558602682435825393e-01
2.105782330036163330e-01 -1.112212836742401123e-01 -9.712295532226562500e-01 -3.773954531564291948e+00
8.346471935510635376e-02 9.919244050979614258e-01 -9.549470990896224976e-02 -3.492483014072165215e-01
0.000000000000000000e+00 0.000000000000000000e+00 0.000000000000000000e+00 1.000000000000000000e+00
9.793470501899719238e-01 -6.834676861763000488e-02 1.902850121259689331e-01 1.120928051931508601e-02
1.887474805116653442e-01 -2.835004962980747223e-02 -9.816163778305053711e-01 -3.844438068563845512e+00
7.248494029045104980e-02 9.972588419914245605e-01 -1.486427150666713715e-02 -1.556967736708727949e-02
0.000000000000000000e+00 0.000000000000000000e+00 0.000000000000000000e+00 1.000000000000000000e+00
9.840095639228820801e-01 -1.062930468469858170e-02 1.777971833944320679e-01 -3.454645698725417741e-02
1.781100034713745117e-01 6.592189520597457886e-02 -9.817999005317687988e-01 -3.892318946655669798e+00
-1.284868805669248104e-03 9.977682828903198242e-01 6.676096469163894653e-02 4.068037795292209768e-01
0.000000000000000000e+00 0.000000000000000000e+00 0.000000000000000000e+00 1.000000000000000000e+00
9.821003079414367676e-01 -4.386972263455390930e-02 1.831793040037155151e-01 6.888214694938423789e-03
1.869611293077468872e-01 1.087712273001670837e-01 -9.763269424438476562e-01 -3.901007451206823351e+00
2.290654182434082031e-02 9.930982589721679688e-01 1.150261238217353821e-01 6.304585750775819619e-01
0.000000000000000000e+00 0.000000000000000000e+00 0.000000000000000000e+00 1.000000000000000000e+00
9.697762131690979004e-01 1.919063925743103027e-01 1.506854891777038574e-01 -7.791553982308216386e-02
1.399481147527694702e-01 6.840705871582031250e-02 -9.877930879592895508e-01 -3.912901319711843851e+00
-1.998717784881591797e-01 9.790262579917907715e-01 3.948259726166725159e-02 4.661942719624381226e-01
0.000000000000000000e+00 0.000000000000000000e+00 0.000000000000000000e+00 1.000000000000000000e+00
9.697356820106506348e-01 -2.339493036270141602e-01 6.986264884471893311e-02 -3.778581655146612261e-01
5.560890212655067444e-02 -6.698645651340484619e-02 -9.962028861045837402e-01 -3.865974570819321166e+00
2.377407848834991455e-01 9.699386954307556152e-01 -5.194949731230735779e-02 -1.951522131468032273e-01
0.000000000000000000e+00 0.000000000000000000e+00 0.000000000000000000e+00 1.000000000000000000e+00
8.172792792320251465e-01 -5.694927573204040527e-01 8.793354034423828125e-02 -2.015970363564850432e-01
-3.587004169821739197e-02 -2.025808095932006836e-01 -9.786084294319152832e-01 -3.711490091997017071e+00
5.751241445541381836e-01 7.966420054435729980e-01 -1.859929263591766357e-01 -9.158021970632956865e-01
0.000000000000000000e+00 0.000000000000000000e+00 0.000000000000000000e+00 1.000000000000000000e+00
7.698474526405334473e-01 -6.331118345260620117e-01 8.064780384302139282e-02 -1.508939497436327659e-01
-1.602977663278579712e-01 -3.141171634197235107e-01 -9.357534050941467285e-01 -3.427898627094812856e+00
6.177697777748107910e-01 7.074599862098693848e-01 -3.433088064193725586e-01 -1.533763724292594777e+00
0.000000000000000000e+00 0.000000000000000000e+00 0.000000000000000000e+00 1.000000000000000000e+00
9.475612640380859375e-01 -2.107411772012710571e-01 -2.402414083480834961e-01 -1.392055881864598499e+00
-3.076392412185668945e-01 -3.979985415935516357e-01 -8.642660379409790039e-01 -3.023444362550458564e+00
8.652073889970779419e-02 8.928524255752563477e-01 -4.419600963592529297e-01 -1.609446713908573301e+00
0.000000000000000000e+00 0.000000000000000000e+00 0.000000000000000000e+00 1.000000000000000000e+00
8.879181146621704102e-01 -3.695648908615112305e-01 -2.739038169384002686e-01 -1.416059831858838436e+00
-4.388696253299713135e-01 -5.021799802780151367e-01 -7.451235055923461914e-01 -2.460019350567865803e+00
1.378225386142730713e-01 7.818165421485900879e-01 -6.080853343009948730e-01 -2.234231747122255474e+00
0.000000000000000000e+00 0.000000000000000000e+00 0.000000000000000000e+00 1.000000000000000000e+00
8.103367686271667480e-01 -5.023195147514343262e-01 -3.017107844352722168e-01 -1.398550371837155915e+00
-5.743383169174194336e-01 -5.788218975067138672e-01 -5.788785815238952637e-01 -1.750678408764499094e+00
1.161453202366828918e-01 6.423707008361816406e-01 -7.575421929359436035e-01 -2.725394915552116881e+00
0.000000000000000000e+00 0.000000000000000000e+00 0.000000000000000000e+00 1.000000000000000000e+00
7.364940643310546875e-01 -5.877667069435119629e-01 -3.348229825496673584e-01 -1.401436285200180265e+00
-6.749184727668762207e-01 -6.052803993225097656e-01 -4.220433831214904785e-01 -1.114301894993804609e+00
4.540146142244338989e-02 5.368108153343200684e-01 -8.424800634384155273e-01 -2.965206741240130395e+00
0.000000000000000000e+00 0.000000000000000000e+00 0.000000000000000000e+00 1.000000000000000000e+00
6.614605784416198730e-01 -7.035573720932006836e-01 -2.597629427909851074e-01 -9.986987982848437584e-01
-7.491517663002014160e-01 -6.035599112510681152e-01 -2.729222476482391357e-01 -5.363540317977649741e-01
3.523412719368934631e-02 3.751292526721954346e-01 -9.263026714324951172e-01 -3.208964001471208860e+00
0.000000000000000000e+00 0.000000000000000000e+00 0.000000000000000000e+00 1.000000000000000000e+00
6.862536072731018066e-01 -6.927502751350402832e-01 -2.217043042182922363e-01 -8.734915740171893539e-01
-7.273165583610534668e-01 -6.569740772247314453e-01 -1.984826922416687012e-01 -2.313327277015407857e-01
-8.154925890266895294e-03 2.974587082862854004e-01 -9.546998739242553711e-01 -3.247972649989037564e+00
0.000000000000000000e+00 0.000000000000000000e+00 0.000000000000000000e+00 1.000000000000000000e+00
6.900659799575805664e-01 -6.903889179229736328e-01 -2.171910852193832397e-01 -8.594689253811766960e-01
-7.139071226119995117e-01 -6.986267566680908203e-01 -4.751098528504371643e-02 3.076537324005791385e-01
-1.189344599843025208e-01 1.878399997949600220e-01 -9.749721288681030273e-01 -3.200529885413221809e+00
0.000000000000000000e+00 0.000000000000000000e+00 0.000000000000000000e+00 1.000000000000000000e+00
6.700728535652160645e-01 -7.134510278701782227e-01 -2.049136161804199219e-01 -7.950510717342630373e-01
-7.247326374053955078e-01 -6.884915232658386230e-01 2.723741903901100159e-02 5.401708474020977535e-01
-1.605138331651687622e-01 1.302565336227416992e-01 -9.784009456634521484e-01 -3.153771005350200607e+00
0.000000000000000000e+00 0.000000000000000000e+00 0.000000000000000000e+00 1.000000000000000000e+00
6.544068455696105957e-01 -7.332838177680969238e-01 -1.845173537731170654e-01 -7.051569257489380682e-01
-7.325051426887512207e-01 -6.753224134445190430e-01 8.588182926177978516e-02 7.175871304064025402e-01
-1.875844448804855347e-01 7.895826548337936401e-02 -9.790699481964111328e-01 -3.109081703218034232e+00
0.000000000000000000e+00 0.000000000000000000e+00 0.000000000000000000e+00 1.000000000000000000e+00
5.765970945358276367e-01 -7.942900061607360840e-01 -1.914134174585342407e-01 -6.428953851339537229e-01
-7.592201232910156250e-01 -6.074462532997131348e-01 2.336533814668655396e-01 1.207006117568754977e+00
-3.018619120121002197e-01 1.060110609978437424e-02 -9.532928466796875000e-01 -2.943275902350261486e+00
0.000000000000000000e+00 0.000000000000000000e+00 0.000000000000000000e+00 1.000000000000000000e+00
5.766741037368774414e-01 -7.923542261123657227e-01 -1.990507245063781738e-01 -6.602424915238185310e-01
-6.742416024208068848e-01 -5.991694927215576172e-01 4.317336976528167725e-01 1.842652987920871954e+00
-4.613512754440307617e-01 -1.147612482309341431e-01 -8.797639608383178711e-01 -2.569273284767355392e+00
0.000000000000000000e+00 0.000000000000000000e+00 0.000000000000000000e+00 1.000000000000000000e+00
5.894221067428588867e-01 -7.814971804618835449e-01 -2.045564204454421997e-01 -7.013280428444255143e-01
-6.080912947654724121e-01 -5.959232449531555176e-01 5.245001316070556641e-01 2.127239428955223666e+00
-5.317954421043395996e-01 -1.847629994153976440e-01 -8.264720439910888672e-01 -2.325875718835218819e+00
0.000000000000000000e+00 0.000000000000000000e+00 0.000000000000000000e+00 1.000000000000000000e+00
6.524271368980407715e-01 -7.318577766418457031e-01 -1.967822462320327759e-01 -7.329874319236676650e-01
-4.963764250278472900e-01 -6.088785529136657715e-01 6.187707185745239258e-01 2.393612274338603019e+00
-5.726686716079711914e-01 -3.060247004032135010e-01 -7.605258822441101074e-01 -2.020071105861704908e+00
0.000000000000000000e+00 0.000000000000000000e+00 0.000000000000000000e+00 1.000000000000000000e+00
7.326964735984802246e-01 -6.603318452835083008e-01 -1.646744757890701294e-01 -6.999829809218012233e-01
