0.5472759604454041 0.8367263078689575 -0.01944518089294434 -0.004705023020505905 
-0.8342218399047852 0.5434682369232178 -0.0933600440621376 0.0670659989118576 
-0.0675489753484726 0.06731530278921127 0.9954425096511841 -0.2985586225986481 
0 0 0 1 

0.4607139527797699 0.885359525680542 -0.06229748204350471 0.01486619841307402 
-0.8873504400253296 0.4579917788505554 -0.05340984463691711 0.05516939237713814 
-0.01875519193708897 0.07988636195659637 0.9966275095939636 -0.3027884364128113 
0 0 0 1 

0.3515363335609436 0.9329246282577515 -0.07793498039245605 0.0243343748152256 
-0.9361405372619629 0.3510099947452545 -0.02080678381025791 0.04260150715708733 
0.007944796234369278 0.08027243614196777 0.9967412948608398 -0.3045485317707062 
0 0 0 1 

0.2707485854625702 0.9583035707473755 -0.09137438237667084 0.03141623362898827 
-0.9601840972900391 0.2756252884864807 0.04557327553629875 0.01730970852077007 
0.06885812431573868 0.07539734989404678 0.9947732090950012 -0.3044710159301758 
0 0 0 1 

0.438653439283371 0.8843470811843872 -0.1597285568714142 0.0293127316981554 
-0.8596616983413696 0.4647278785705566 0.2121548056602478 -0.01376296114176512 
0.2618488073348999 0.04425009340047836 0.9640939235687256 -0.3201532363891602 
0 0 0 1 

0.3942875564098358 0.9184644818305969 0.03098855912685394 -0.01540698949247599 
-0.9185381531715393 0.39492467045784 -0.01794584468007088 0.06004969030618668 
-0.02872076630592346 -0.02138835377991199 0.999358594417572 -0.2910628616809845 
0 0 0 1 

0.5848668813705444 0.8110177516937256 -0.01343740988522768 -0.01257448643445969 
-0.8109948635101318 0.5843884944915771 -0.02787693031132221 0.06207925081253052 
-0.0147560304030776 0.02720196358859539 0.999521017074585 -0.2899967133998871 
0 0 0 1 

0.6432544589042664 0.765394389629364 -0.01986991800367832 -0.0145597392693162 
-0.765613853931427 0.6427456736564636 -0.02670431695878506 0.05971315130591393 
-0.007668040692806244 0.03239035978913307 0.9994458556175232 -0.2896761298179626 
0 0 0 1 

0.729491651058197 0.6822070479393005 -0.04934865981340408 -0.01191992126405239 
-0.6839807629585266 0.7279464602470398 -0.04758201166987419 0.06259358674287796 
0.003462377935647964 0.06846422702074051 0.9976475834846497 -0.2877458930015564 
0 0 0 1 

0.8118656873703003 0.5791879892349243 -0.07358681410551071 -0.01020758040249348 
-0.5834504365921021 0.8094754815101624 -0.06583885103464127 0.06316671520471573 
0.02143360674381256 0.09638658910989761 0.9951131939888 -0.286014050245285 
0 0 0 1 

