0.5472760796546936 0.8367261290550232 -0.01944516971707344 -0.004705023486167192 
-0.8342217206954956 0.5434683561325073 -0.09336002171039581 0.0670659989118576 
-0.0675489529967308 0.06731528788805008 0.9954425096511841 -0.2985586225986481 
0 0 0 1 

0.4607141613960266 0.8853594064712524 -0.06229746341705322 0.01486619655042887 
-0.8873502612113953 0.4579920172691345 -0.05340984091162682 0.05516939610242844 
-0.01875517889857292 0.07988634705543518 0.9966275691986084 -0.3027884364128113 
0 0 0 1 

0.351536363363266 0.9329246282577515 -0.07793497294187546 0.02433436177670956 
-0.9361404776573181 0.3510099947452545 -0.02080677822232246 0.04260148853063583 
0.0079448027536273 0.08027242869138718 0.9967412948608398 -0.3045485615730286 
0 0 0 1 

0.2707486152648926 0.9583035707473755 -0.09137438982725143 0.03141623362898827 
-0.9601841568946838 0.2756253480911255 0.04557327553629875 0.01730971410870552 
0.06885813176631927 0.07539734989404678 0.994773268699646 -0.3044710457324982 
0 0 0 1 

0.4386534988880157 0.8843470215797424 -0.1597285568714142 0.02931271493434906 
-0.8596616387367249 0.4647279381752014 0.212154820561409 -0.01376296393573284 
0.2618488073348999 0.04425010830163956 0.9640939235687256 -0.3201532363891602 
0 0 0 1 

0.3942875564098358 0.9184644818305969 0.03098855912685394 -0.01540699135512114 
-0.9185381531715393 0.39492467045784 -0.01794584468007088 0.06004967540502548 
-0.02872076630592346 -0.02138835377991199 0.999358594417572 -0.2910628616809845 
0 0 0 1 

0.5848670601844788 0.811017632484436 -0.01343740336596966 -0.01257450133562088 
-0.8109947443008423 0.5843886733055115 -0.02787692658603191 0.06207923218607903 
-0.01475602388381958 0.02720195986330509 0.999521017074585 -0.2899966835975647 
0 0 0 1 

0.6432545185089111 0.765394389629364 -0.01986991800367832 -0.01455975510179996 
-0.765613853931427 0.6427456736564636 -0.02670431695878506 0.05971313267946243 
-0.007668041624128819 0.03239035978913307 0.9994458556175232 -0.2896761000156403 
0 0 0 1 

0.7294915318489075 0.6822071671485901 -0.04934867471456528 -0.01191993895918131 
-0.6839808821678162 0.7279463410377502 -0.04758202284574509 0.06259361654520035 
0.003462373744696379 0.0684642419219017 0.9976475834846497 -0.2877459228038788 
0 0 0 1 

0.8078029155731201 0.584068775177002 -0.07948383688926697 -0.00854993611574173 
-0.5888622999191284 0.8056564331054688 -0.06448961794376373 0.06270918995141983 
0.02637021988630295 0.09889991581439972 0.9947478771209717 -0.2861391305923462 
0 0 0 1 

