0.5346860289573669 0.8221721649169922 -0.1953036785125732 0.04692129790782928 
-0.8379625082015991 0.4859754145145416 -0.2482870221138 0.09696079790592194 
-0.1092219725251198 0.2964127659797668 0.9487940073013306 -0.2116940170526505 
0 0 0 1 

0.4849291443824768 0.8464505672454834 -0.2199203819036484 0.05277897790074348 
-0.842560887336731 0.3847838640213013 -0.376871794462204 0.1300929337739944 
-0.2343816012144089 0.3680524528026581 0.899779200553894 -0.1931901574134827 
0 0 0 1 

0.4664305150508881 0.8470057249069214 -0.2549974322319031 0.06198085844516754 
-0.8229559659957886 0.3098284900188446 -0.4761824011802673 0.1556385010480881 
-0.324323832988739 0.4319576621055603 0.8415619730949402 -0.1745278537273407 
0 0 0 1 

0.4513232409954071 0.8423722982406616 -0.2944761216640472 0.0754711776971817 
-0.8049705028533936 0.2418942451477051 -0.5417652130126953 0.1720600873231888 
-0.3851359784603119 0.4815558195114136 0.7872574329376221 -0.1576424241065979 
0 0 0 1 

0.433175265789032 0.8379400968551636 -0.3319872319698334 0.09015084803104401 
-0.7877521514892578 0.1730002462863922 -0.591200053691864 0.1826835870742798 
-0.4379563629627228 0.5176169276237488 0.7350285649299622 -0.139015793800354 
0 0 0 1 

0.4106134474277496 0.8434374332427979 -0.3464243710041046 0.1002002954483032 
-0.7804766893386841 0.1286784112453461 -0.611798882484436 0.1845885813236237 
-0.4714367687702179 0.5215890407562256 0.7111204266548157 -0.126320868730545 
0 0 0 1 

0.1443033963441849 0.9525516629219055 -0.2679959237575531 0.1010805293917656 
-0.7859219908714294 -0.05423209816217422 -0.6159427762031555 0.1672276854515076 
-0.6012513041496277 0.2995065152645111 0.740805447101593 -0.1237014755606651 
0 0 0 1 

-0.03236528858542442 0.9685593843460083 -0.2466682493686676 0.09818950295448303 
-0.7909456491470337 -0.1757000982761383 -0.586118221282959 0.1506574749946594 
-0.6110299229621887 0.1761312782764435 0.77176433801651 -0.1320554316043854 
0 0 0 1 

0.5081472992897034 0.8163625597953796 -0.2744785249233246 0.058477733284235 
-0.7658135294914246 0.2824424207210541 -0.577716052532196 0.1749791949987411 
-0.3941014111042023 0.5037642121315002 0.7687038779258728 -0.1608932912349701 
0 0 0 1 

0.5189294815063477 0.8278968334197998 -0.2128353267908096 0.03945547714829445 
-0.7803995609283447 0.3572269976139069 -0.513191282749176 0.1594728976488113 
-0.3488389551639557 0.4324066936969757 0.831466019153595 -0.1835518032312393 
0 0 0 1 

