1.000000000000000000e+00 0.000000000000000000e+00 0.000000000000000000e+00 -3.619798645377159119e-02
0.000000000000000000e+00 1.000000000000000000e+00 0.000000000000000000e+00 -1.327119767665863037e-03
0.000000000000000000e+00 0.000000000000000000e+00 1.000000000000000000e+00 -2.960163652896881104e-01
0.000000000000000000e+00 0.000000000000000000e+00 0.000000000000000000e+00 1.000000000000000000e+00
9.903212785720825195e-01 1.378835737705230713e-01 1.586102880537509918e-02 -4.415463283658027649e-02
-1.368758529424667358e-01 9.891729950904846191e-01 -5.293318629264831543e-02 2.715482935309410095e-02
-2.298795431852340698e-02 5.024987086653709412e-02 9.984719753265380859e-01 -2.967710793018341064e-01
0.000000000000000000e+00 0.000000000000000000e+00 0.000000000000000000e+00 1.000000000000000000e+00
9.713965654373168945e-01 2.351851016283035278e-01 3.280887007713317871e-02 -4.971652105450630188e-02
-2.310514301061630249e-01 9.679936170578002930e-01 -9.799523651599884033e-02 5.146597325801849365e-02
-5.480588972568511963e-02 8.761167526245117188e-02 9.946460127830505371e-01 -2.948055565357208252e-01
0.000000000000000000e+00 0.000000000000000000e+00 0.000000000000000000e+00 1.000000000000000000e+00
9.421233534812927246e-01 3.342079520225524902e-01 2.661967091262340546e-02 -4.690570011734962463e-02
-3.274537324905395508e-01 9.343048334121704102e-01 -1.408843100070953369e-01 7.344081997871398926e-02
-7.195564359426498413e-02 1.240136921405792236e-01 9.896683096885681152e-01 -2.921183705329895020e-01
0.000000000000000000e+00 0.000000000000000000e+00 0.000000000000000000e+00 1.000000000000000000e+00
8.964459896087646484e-01 4.431508481502532959e-01 1.326369820162653923e-03 -3.372406587004661560e-02
-4.371246397495269775e-01 8.847396373748779297e-01 -1.617320626974105835e-01 8.659771829843521118e-02
-7.284521311521530151e-02 1.444042772054672241e-01 9.868339300155639648e-01 -2.912068963050842285e-01
0.000000000000000000e+00 0.000000000000000000e+00 0.000000000000000000e+00 1.000000000000000000e+00
8.317736387252807617e-01 5.550612807273864746e-01 -7.693859748542308807e-03 -2.475338615477085114e-02
-5.464645028114318848e-01 8.162969946861267090e-01 -1.871771663427352905e-01 1.009515225887298584e-01
-9.761440008878707886e-02 1.598934531211853027e-01 9.822961091995239258e-01 -2.893573045730590820e-01
0.000000000000000000e+00 0.000000000000000000e+00 0.000000000000000000e+00 1.000000000000000000e+00
7.560591101646423340e-01 6.529453992843627930e-01 -4.513059929013252258e-02 -6.528196856379508972e-03
-6.500923633575439453e-01 7.411846518516540527e-01 -1.674076616764068604e-01 9.873630106449127197e-02
-7.585804909467697144e-02 1.559091359376907349e-01 9.848542809486389160e-01 -2.927893102169036865e-01
0.000000000000000000e+00 0.000000000000000000e+00 0.000000000000000000e+00 1.000000000000000000e+00
6.931277513504028320e-01 7.174203991889953613e-01 -6.986939162015914917e-02 5.136561580002307892e-03
-7.200638055801391602e-01 6.847232580184936523e-01 -1.125233694911003113e-01 8.102735131978988647e-02
-3.288542479276657104e-02 1.283035129308700562e-01 9.911897182464599609e-01 -2.994770407676696777e-01
0.000000000000000000e+00 0.000000000000000000e+00 0.000000000000000000e+00 1.000000000000000000e+00
5.880208611488342285e-01 8.079113960266113281e-01 -3.885785117745399475e-02 -1.029294915497303009e-03
-8.080762624740600586e-01 5.846889019012451172e-01 -7.177477329969406128e-02 6.839850544929504395e-02
-3.526792675256729126e-02 7.360516488552093506e-02 9.966638684272766113e-01 -3.068863749504089355e-01
0.000000000000000000e+00 0.000000000000000000e+00 0.000000000000000000e+00 1.000000000000000000e+00
5.049371123313903809e-01 8.617889881134033203e-01 -4.855879768729209900e-02 6.515977438539266586e-03
-8.628762960433959961e-01 5.025422573089599609e-01 -5.381235480308532715e-02 6.315518915653228760e-02
-2.197205834090709686e-02 6.907211989164352417e-02 9.973697662353515625e-01 -3.107195794582366943e-01
0.000000000000000000e+00 0.000000000000000000e+00 0.000000000000000000e+00 1.000000000000000000e+00
4.052076339721679688e-01 9.124801754951477051e-01 -5.644665658473968506e-02 1.411301735788583755e-02
-9.139488339424133301e-01 4.058290719985961914e-01 -4.974394687451422215e-04 4.421046003699302673e-02
2.245378121733665466e-02 5.179093405604362488e-02 9.984054565429687500e-01 -3.150788843631744385e-01
0.000000000000000000e+00 0.000000000000000000e+00 0.000000000000000000e+00 1.000000000000000000e+00
2.929387688636779785e-01 9.543660283088684082e-01 -5.806754902005195618e-02 1.972487010061740875e-02
-9.550248384475708008e-01 2.949802279472351074e-01 3.023191913962364197e-02 3.227296471595764160e-02
4.598109051585197449e-02 4.659986495971679688e-02 9.978544116020202637e-01 -3.174277245998382568e-01
0.000000000000000000e+00 0.000000000000000000e+00 0.000000000000000000e+00 1.000000000000000000e+00
1.790392696857452393e-01 9.818353056907653809e-01 -6.280022114515304565e-02 2.647016756236553192e-02
-9.814400076866149902e-01 1.826955080032348633e-01 5.828932672739028931e-02 2.212285250425338745e-02
6.870383769273757935e-02 5.119861289858818054e-02 9.963224530220031738e-01 -3.183534741401672363e-01
0.000000000000000000e+00 0.000000000000000000e+00 0.000000000000000000e+00 1.000000000000000000e+00
1.024458408355712891e-01 9.921608567237854004e-01 -7.156661152839660645e-02 3.230132907629013062e-02
-9.903281927108764648e-01 1.084947660565376282e-01 8.648207783699035645e-02 1.135724410414695740e-02
9.356869012117385864e-02 6.201468035578727722e-02 9.936796426773071289e-01 -3.178392052650451660e-01
0.000000000000000000e+00 0.000000000000000000e+00 0.000000000000000000e+00 1.000000000000000000e+00
1.922166161239147186e-02 9.968804121017456055e-01 -7.655007392168045044e-02 3.903490304946899414e-02
-9.972959160804748535e-01 2.454889193177223206e-02 6.926929950714111328e-02 1.893295906484127045e-02
7.093243300914764404e-02 7.501161098480224609e-02 9.946566820144653320e-01 -3.118075430393218994e-01
0.000000000000000000e+00 0.000000000000000000e+00 0.000000000000000000e+00 1.000000000000000000e+00
-9.418377280235290527e-02 8.687227964401245117e-01 -4.862612485885620117e-01 1.796145588159561157e-01
-9.900912046432495117e-01 -3.063390776515007019e-02 1.370419859886169434e-01 -2.804138464853167534e-03
1.041553243994712830e-01 4.943503439426422119e-01 8.630002140998840332e-01 -2.619904875755310059e-01
0.000000000000000000e+00 0.000000000000000000e+00 0.000000000000000000e+00 1.000000000000000000e+00
-1.670468896627426147e-01 8.410194516181945801e-01 -5.145696997642517090e-01 1.905492097139358521e-01
-9.771920442581176758e-01 -7.182168215513229370e-02 1.998436450958251953e-01 -2.483921311795711517e-02
1.311150640249252319e-01 5.362166762351989746e-01 8.338348269462585449e-01 -2.533549070358276367e-01
0.000000000000000000e+00 0.000000000000000000e+00 0.000000000000000000e+00 1.000000000000000000e+00
-1.306076347827911377e-01 7.730844616889953613e-01 -6.207113265991210938e-01 2.175928950309753418e-01
-9.912706613540649414e-01 -1.131959632039070129e-01 6.759595870971679688e-02 1.760022342205047607e-02
-1.800461113452911377e-02 6.241213083267211914e-01 7.811200618743896484e-01 -2.293815016746520996e-01
0.000000000000000000e+00 0.000000000000000000e+00 0.000000000000000000e+00 1.000000000000000000e+00
-8.792334049940109253e-02 6.875128149986267090e-01 -7.208299636840820312e-01 2.398565262556076050e-01
-9.948499202728271484e-01 -2.397279627621173859e-02 9.848211705684661865e-02 1.096982136368751526e-02
5.042737349867820740e-02 7.257763147354125977e-01 6.860798001289367676e-01 -2.093709409236907959e-01
0.000000000000000000e+00 0.000000000000000000e+00 0.000000000000000000e+00 1.000000000000000000e+00
-6.366565823554992676e-02 5.191313624382019043e-01 -8.523203730583190918e-01 2.775864601135253906e-01
-9.849396347999572754e-01 1.048826798796653748e-01 1.374539136886596680e-01 -8.046495495364069939e-04
1.607502102851867676e-01 8.482348322868347168e-01 5.046355128288269043e-01 -1.534163653850555420e-01
0.000000000000000000e+00 0.000000000000000000e+00 0.000000000000000000e+00 1.000000000000000000e+00
-1.241842508316040039e-01 3.786651790142059326e-01 -9.171645641326904297e-01 2.961105406284332275e-01
-9.847016930580139160e-01 6.683382391929626465e-02 1.609221845865249634e-01 -1.231830008327960968e-02
1.222332045435905457e-01 9.231174588203430176e-01 3.645726144313812256e-01 -1.045210063457489014e-01
0.000000000000000000e+00 0.000000000000000000e+00 0.000000000000000000e+00 1.000000000000000000e+00
-1.964124739170074463e-01 2.873927652835845947e-01 -9.374579787254333496e-01 3.039694428443908691e-01
-9.736855030059814453e-01 5.553256720304489136e-02 2.210270911455154419e-01 -3.173356130719184875e-02
1.155810728669166565e-01 9.562017321586608887e-01 2.689227461814880371e-01 -7.455246150493621826e-02
0.000000000000000000e+00 0.000000000000000000e+00 0.000000000000000000e+00 1.000000000000000000e+00
-2.756541967391967773e-01 1.699513792991638184e-01 -9.461137056350708008e-01 3.099389672279357910e-01
-9.585854411125183105e-01 2.472689375281333923e-02 2.837295830249786377e-01 -5.222883075475692749e-02
7.161467522382736206e-02 9.851422309875488281e-01 1.560969948768615723e-01 -3.631423786282539368e-02
0.000000000000000000e+00 0.000000000000000000e+00 0.000000000000000000e+00 1.000000000000000000e+00
-1.903752535581588745e-01 -8.102121949195861816e-01 -5.543586611747741699e-01 1.802635490894317627e-01
-9.539785981178283691e-01 1.940798945724964142e-02 2.992456257343292236e-01 -5.413535609841346741e-02
-2.316934317350387573e-01 5.858153700828552246e-01 -7.766199111938476562e-01 2.737825214862823486e-01
0.000000000000000000e+00 0.000000000000000000e+00 0.000000000000000000e+00 1.000000000000000000e+00
-1.906515955924987793e-01 -8.171944618225097656e-01 -5.439166426658630371e-01 1.757300347089767456e-01
-9.712088108062744141e-01 7.639255374670028687e-02 2.256500273942947388e-01 -3.123791329562664032e-02
-1.428487449884414673e-01 5.712771415710449219e-01 -8.082307577133178711e-01 2.791455388069152832e-01
0.000000000000000000e+00 0.000000000000000000e+00 0.000000000000000000e+00 1.000000000000000000e+00
-9.690705686807632446e-02 -8.209815025329589844e-01 -5.626702308654785156e-01 1.741617918014526367e-01
-9.917128086090087891e-01 3.173970803618431091e-02 1.244898512959480286e-01 2.759442431852221489e-03
-8.434502035379409790e-02 5.700715184211730957e-01 -8.172535300254821777e-01 2.780036628246307373e-01
0.000000000000000000e+00 0.000000000000000000e+00 0.000000000000000000e+00 1.000000000000000000e+00
1.892490126192569733e-02 -8.338378071784973145e-01 -5.516848564147949219e-01 1.608770936727523804e-01
-9.997279644012451172e-01 -2.329890616238117218e-02 9.208400151692330837e-04 4.452351480722427368e-02
-1.362156122922897339e-02 5.515173673629760742e-01 -8.340517878532409668e-01 2.782298326492309570e-01
0.000000000000000000e+00 0.000000000000000000e+00 0.000000000000000000e+00 1.000000000000000000e+00
5.381575971841812134e-02 -8.399028182029724121e-01 -5.400619506835937500e-01 1.539433300495147705e-01
-9.924123883247375488e-01 1.489070896059274673e-02 -1.220493093132972717e-01 8.375374972820281982e-02
1.105514615774154663e-01 5.425322651863098145e-01 -8.327285647392272949e-01 2.694188356399536133e-01
0.000000000000000000e+00 0.000000000000000000e+00 0.000000000000000000e+00 1.000000000000000000e+00
3.314859047532081604e-02 -8.532577157020568848e-01 -5.204348564147949219e-01 1.514722704887390137e-01
-9.783034324645996094e-01 7.884889096021652222e-02 -1.915857195854187012e-01 9.765106439590454102e-02
2.045077681541442871e-01 5.154939889907836914e-01 -8.321313858032226562e-01 2.655573189258575439e-01
0.000000000000000000e+00 0.000000000000000000e+00 0.000000000000000000e+00 1.000000000000000000e+00
-4.046734794974327087e-02 -8.502686023712158203e-01 -5.247909426689147949e-01 1.611348539590835571e-01
-9.924051165580749512e-01 9.526539593935012817e-02 -7.782328873872756958e-02 6.154358014464378357e-02
1.161650493741035461e-01 5.176560282707214355e-01 -8.476660251617431641e-01 2.854184806346893311e-01
0.000000000000000000e+00 0.000000000000000000e+00 0.000000000000000000e+00 1.000000000000000000e+00
-5.241877213120460510e-02 -8.364120125770568848e-01 -5.455887317657470703e-01 1.672548353672027588e-01
-9.945725798606872559e-01 -5.443873815238475800e-03 1.039022207260131836e-01 3.998451866209506989e-03
-8.987528830766677856e-02 5.480741262435913086e-01 -8.315868973731994629e-01 2.988060414791107178e-01
0.000000000000000000e+00 0.000000000000000000e+00 0.000000000000000000e+00 1.000000000000000000e+00
1.185905709862709045e-01 -8.194199800491333008e-01 -5.607913136482238770e-01 1.589238196611404419e-01
-9.883783459663391113e-01 -1.515089571475982666e-01 1.237083133310079575e-02 3.285557776689529419e-02
-9.510192275047302246e-02 5.528069734573364258e-01 -8.278643488883972168e-01 3.003675937652587891e-01
0.000000000000000000e+00 0.000000000000000000e+00 0.000000000000000000e+00 1.000000000000000000e+00
2.081515043973922729e-01 -7.712491750717163086e-01 -6.015378236770629883e-01 1.578513681888580322e-01
-9.519367814064025879e-01 -3.010278046131134033e-01 5.655554682016372681e-02 1.828153803944587708e-02
-2.246980071067810059e-01 5.608538985252380371e-01 -7.968399524688720703e-01 2.965203523635864258e-01
0.000000000000000000e+00 0.000000000000000000e+00 0.000000000000000000e+00 1.000000000000000000e+00
3.196017742156982422e-01 -7.065445184707641602e-01 -6.313869357109069824e-01 1.518257558345794678e-01
-9.168949723243713379e-01 -3.987252116203308105e-01 -1.793513447046279907e-02 4.017119482159614563e-02
-2.390779703855514526e-01 5.846476554870605469e-01 -7.752603888511657715e-01 2.849849462509155273e-01
0.000000000000000000e+00 0.000000000000000000e+00 0.000000000000000000e+00 1.000000000000000000e+00
3.499377369880676270e-01 -6.999753713607788086e-01 -6.225577592849731445e-01 1.459382921457290649e-01
-9.243679046630859375e-01 -3.658132255077362061e-01 -1.082805842161178589e-01 6.943081319332122803e-02
-1.519461423158645630e-01 6.133638620376586914e-01 -7.750464677810668945e-01 2.765854299068450928e-01
0.000000000000000000e+00 0.000000000000000000e+00 0.000000000000000000e+00 1.000000000000000000e+00
3.688193261623382568e-01 -6.876052021980285645e-01 -6.254368424415588379e-01 1.459007561206817627e-01
-9.262927174568176270e-01 -3.277533650398254395e-01 -1.859013289213180542e-01 9.394886344671249390e-02
-7.716239988803863525e-02 6.479015350341796875e-01 -7.578055262565612793e-01 2.645937204360961914e-01
0.000000000000000000e+00 0.000000000000000000e+00 0.000000000000000000e+00 1.000000000000000000e+00
5.296066403388977051e-01 -5.875680446624755859e-01 -6.117847561836242676e-01 1.362444907426834106e-01
-8.446838855743408203e-01 -4.313169121742248535e-01 -3.169779479503631592e-01 1.297127157449722290e-01
-7.762692123651504517e-02 6.846383810043334961e-01 -7.247375249862670898e-01 2.528288662433624268e-01
0.000000000000000000e+00 0.000000000000000000e+00 0.000000000000000000e+00 1.000000000000000000e+00
6.763934493064880371e-01 -4.010257124900817871e-01 -6.177945733070373535e-01 1.339406073093414307e-01
-7.145774364471435547e-01 -5.606004595756530762e-01 -4.184564948081970215e-01 1.588538289070129395e-01
-1.785242259502410889e-01 7.245033383369445801e-01 -6.657503843307495117e-01 2.487412989139556885e-01
0.000000000000000000e+00 0.000000000000000000e+00 0.000000000000000000e+00 1.000000000000000000e+00
6.938284039497375488e-01 -3.181696534156799316e-01 -6.460419297218322754e-01 1.396496146917343140e-01
-6.571338176727294922e-01 -6.466933488845825195e-01 -3.872502446174621582e-01 1.479802578687667847e-01
-2.945797741413116455e-01 6.932212114334106445e-01 -6.577742695808410645e-01 2.577051818370819092e-01
0.000000000000000000e+00 0.000000000000000000e+00 0.000000000000000000e+00 1.000000000000000000e+00
7.407763004302978516e-01 -2.344116270542144775e-01 -6.295248866081237793e-01 1.390852481126785278e-01
-5.782274007797241211e-01 -6.994984149932861328e-01 -4.199461638927459717e-01 1.502722501754760742e-01
-3.419114649295806885e-01 6.750947237014770508e-01 -6.537150740623474121e-01 2.557668387889862061e-01
0.000000000000000000e+00 0.000000000000000000e+00 0.000000000000000000e+00 1.000000000000000000e+00
7.233679294586181641e-01 -2.226151078939437866e-01 -6.535911560058593750e-01 1.543736010789871216e-01
-5.533165335655212402e-01 -7.531242966651916504e-01 -3.558716177940368652e-01 1.232247278094291687e-01
-4.130129218101501465e-01 6.190688610076904297e-01 -6.679624915122985840e-01 2.645448446273803711e-01
0.000000000000000000e+00 0.000000000000000000e+00 0.000000000000000000e+00 1.000000000000000000e+00
7.125416398048400879e-01 -3.151985406875610352e-01 -6.268448233604431152e-01 1.543405205011367798e-01
-5.948317646980285645e-01 -7.451879978179931641e-01 -3.014465868473052979e-01 1.019584983587265015e-01
-3.721017241477966309e-01 5.876604318618774414e-01 -7.184674739837646484e-01 2.776966691017150879e-01
0.000000000000000000e+00 0.000000000000000000e+00 0.000000000000000000e+00 1.000000000000000000e+00
8.048139810562133789e-01 -1.559276580810546875e-01 -5.726787447929382324e-01 1.406185328960418701e-01
-5.302787423133850098e-01 -6.223151683807373047e-01 -5.757843255996704102e-01 1.883005648851394653e-01
-2.666061520576477051e-01 7.670786380767822266e-01 -5.835329890251159668e-01 2.393920123577117920e-01
0.000000000000000000e+00 0.000000000000000000e+00 0.000000000000000000e+00 1.000000000000000000e+00
8.452586531639099121e-01 -8.528535068035125732e-02 -5.275074839591979980e-01 1.247782409191131592e-01
-4.784353971481323242e-01 -5.604472756385803223e-01 -6.760163307189941406e-01 2.212350815534591675e-01
-2.379859536886215210e-01 8.237869739532470703e-01 -5.145264267921447754e-01 2.152957171201705933e-01
0.000000000000000000e+00 0.000000000000000000e+00 0.000000000000000000e+00 1.000000000000000000e+00
8.784428238868713379e-01 -3.003739193081855774e-02 -4.769024848937988281e-01 1.069168895483016968e-01
-4.287963509559631348e-01 -4.899975657463073730e-01 -7.589702606201171875e-01 2.488063722848892212e-01
-2.108836323022842407e-01 8.712060451507568359e-01 -4.433148801326751709e-01 1.904323101043701172e-01
0.000000000000000000e+00 0.000000000000000000e+00 0.000000000000000000e+00 1.000000000000000000e+00
9.093971252441406250e-01 4.679022729396820068e-02 -4.132887125015258789e-01 8.497551828622817993e-02
-3.626882731914520264e-01 -3.971980810165405273e-01 -8.430247306823730469e-01 2.764619886875152588e-01
-2.036028355360031128e-01 9.165391921997070312e-01 -3.442404866218566895e-01 1.568731367588043213e-01
0.000000000000000000e+00 0.000000000000000000e+00 0.000000000000000000e+00 1.000000000000000000e+00
9.673918485641479492e-01 -1.125856675207614899e-02 -2.530340254306793213e-01 3.177710622549057007e-02
-2.462622970342636108e-01 -2.754141986370086670e-01 -9.292479753494262695e-01 2.992366850376129150e-01
-5.922716856002807617e-02 9.612597227096557617e-01 -2.692060172557830811e-01 1.220148578286170959e-01
0.000000000000000000e+00 0.000000000000000000e+00 0.000000000000000000e+00 1.000000000000000000e+00
9.791958928108215332e-01 4.064357280731201172e-02 -1.988050937652587891e-01 1.394620444625616074e-02
-1.871999949216842651e-01 -1.971338689327239990e-01 -9.623379707336425781e-01 3.071269690990447998e-01
-7.830408215522766113e-02 9.795336723327636719e-01 -1.854241341352462769e-01 9.393933415412902832e-02
0.000000000000000000e+00 0.000000000000000000e+00 0.000000000000000000e+00 1.000000000000000000e+00
9.875972270965576172e-01 5.009826645255088806e-02 -1.488015651702880859e-01 -2.940918551757931709e-03
-1.442206650972366333e-01 -8.518137782812118530e-02 -9.858724474906921387e-01 3.123889565467834473e-01
-6.206563860177993774e-02 9.951050877571105957e-01 -7.689973711967468262e-02 5.576375499367713928e-02
0.000000000000000000e+00 0.000000000000000000e+00 0.000000000000000000e+00 1.000000000000000000e+00
9.901443123817443848e-01 -3.025744110345840454e-02 -1.367432624101638794e-01 -8.261083625257015228e-03
-1.376707702875137329e-01 -3.104214183986186981e-02 -9.899914860725402832e-01 3.121224939823150635e-01
2.570980042219161987e-02 9.990599751472473145e-01 -3.490178659558296204e-02 3.984040394425392151e-02
0.000000000000000000e+00 0.000000000000000000e+00 0.000000000000000000e+00 1.000000000000000000e+00
