0.7567868232727051 0.6391375660896301 -0.1370284557342529 0.01577688939869404 
-0.6017363667488098 0.5993083119392395 -0.5279608368873596 0.1708128154277802 
-0.2553174197673798 0.4820087552070618 0.8381410837173462 -0.2150215804576874 
0 0 0 1 

0.7923019528388977 0.593416690826416 -0.1418240517377853 0.01394350454211235 
-0.5327759981155396 0.5596229434013367 -0.6348003149032593 0.1981781721115112 
-0.2973333299160004 0.5785139799118042 0.7595486640930176 -0.1863123029470444 
0 0 0 1 

0.8104940056800842 0.5692811608314514 -0.1379070430994034 0.01122027728706598 
-0.483461320400238 0.5172328352928162 -0.7062117457389832 0.2171222865581512 
-0.3307031691074371 0.6390530467033386 0.6944396495819092 -0.1629112809896469 
0 0 0 1 

0.8416501879692078 0.5225760340690613 -0.1361589282751083 0.007852113805711269 
-0.4153717458248138 0.4653355777263641 -0.7816195487976074 0.2367203533649445 
-0.3450960218906403 0.7144068479537964 0.6087130904197693 -0.1386198401451111 
0 0 0 1 

0.8717089295387268 0.4802670776844025 -0.09729853272438049 -0.005488520953804255 
-0.3293804228305817 0.4272600114345551 -0.841995894908905 0.2512257695198059 
-0.3628112375736237 0.766023576259613 0.5306370258331299 -0.1175776869058609 
0 0 0 1 

0.8157564401626587 0.5688682794570923 -0.1045480072498322 -0.002148381201550364 
-0.3657477200031281 0.3673175871372223 -0.8551644682884216 0.256831169128418 
-0.4480737149715424 0.7358440756797791 0.507703959941864 -0.1085349172353745 
0 0 0 1 

0.8324544429779053 0.5488582253456116 -0.07598772644996643 -0.01486923266202211 
-0.4511991143226624 0.5918632745742798 -0.667919933795929 0.2166359126567841 
-0.3216190934181213 0.5902984738349915 0.7403436899185181 -0.1801352649927139 
0 0 0 1 

0.8353710174560547 0.5465272068977356 -0.05884832888841629 -0.02116423659026623 
-0.4652784168720245 0.6460244059562683 -0.6051182150840759 0.1983191221952438 
-0.2926963269710541 0.5328790545463562 0.793957531452179 -0.1972532868385315 
0 0 0 1 

0.8555241823196411 0.5150099992752075 -0.05331945046782494 -0.02300873957574368 
-0.4605887532234192 0.7099663615226746 -0.5327340960502625 0.1763787269592285 
-0.2365084588527679 0.4803252518177032 0.8446012735366821 -0.2134934961795807 
0 0 0 1 

-0.1356590539216995 0.9853898286819458 0.1029718145728111 -0.006815891247242689 
-0.4835110902786255 0.02486948855221272 -0.8749847412109375 0.3088714778423309 
-0.864762008190155 -0.1684877276420593 0.4730733036994934 -0.1140082329511642 
0 0 0 1 

