1.000000000000000000e+00 0.000000000000000000e+00 0.000000000000000000e+00 -4.096739311332171507e-01
0.000000000000000000e+00 -1.000000000000000000e+00 0.000000000000000000e+00 -1.964994255000929863e-02
0.000000000000000000e+00 0.000000000000000000e+00 -1.000000000000000000e+00 -2.664639050480994698e+00
0.000000000000000000e+00 0.000000000000000000e+00 0.000000000000000000e+00 1.000000000000000000e+00
9.963837265968322754e-01 -8.178677409887313843e-02 -2.303856611251831055e-02 -4.580719930419147046e-01
-8.139914274215698242e-02 -9.965316057205200195e-01 1.728936284780502319e-02 6.077723615835852605e-02
-2.437270432710647583e-02 -1.535151619464159012e-02 -9.995848536491394043e-01 -2.715173840692974405e+00
0.000000000000000000e+00 0.000000000000000000e+00 0.000000000000000000e+00 1.000000000000000000e+00
9.850474596023559570e-01 -1.675669103860855103e-01 -4.003562033176422119e-02 -4.893954062368991997e-01
-1.654954552650451660e-01 -9.849199056625366211e-01 5.043355375528335571e-02 2.038914420192296795e-01
-4.788294062018394470e-02 -4.305370151996612549e-02 -9.979245662689208984e-01 -2.708384378576069285e+00
0.000000000000000000e+00 0.000000000000000000e+00 0.000000000000000000e+00 1.000000000000000000e+00
9.660332798957824707e-01 -2.551783621311187744e-01 -4.078640043735504150e-02 -4.696488813599987155e-01
-2.514353990554809570e-01 -9.645921587944030762e-01 7.963704317808151245e-02 3.303929802587892151e-01
-5.966390669345855713e-02 -6.667691469192504883e-02 -9.959892034530639648e-01 -2.704423560074705524e+00
0.000000000000000000e+00 0.000000000000000000e+00 0.000000000000000000e+00 1.000000000000000000e+00
9.370493292808532715e-01 -3.454257845878601074e-01 -5.118716880679130554e-02 -4.748541126547667357e-01
-3.372497856616973877e-01 -9.332282543182373047e-01 1.238860338926315308e-01 5.018340041221236447e-01
-9.056276828050613403e-02 -9.882435202598571777e-02 -9.909755587577819824e-01 -2.680179344222098692e+00
0.000000000000000000e+00 0.000000000000000000e+00 0.000000000000000000e+00 1.000000000000000000e+00
8.923550844192504883e-01 -4.499525129795074463e-01 -3.528187796473503113e-02 -3.983049278394096282e-01
-4.415752887725830078e-01 -8.865573406219482422e-01 1.379394829273223877e-01 5.820062589474366277e-01
-9.334568679332733154e-02 -1.075114607810974121e-01 -9.898120760917663574e-01 -2.685736741784970683e+00
0.000000000000000000e+00 0.000000000000000000e+00 0.000000000000000000e+00 1.000000000000000000e+00
8.463358283042907715e-01 -5.321648716926574707e-01 -2.272379770874977112e-02 -3.367876894136070387e-01
-5.215699076652526855e-01 -8.366321921348571777e-01 1.673646420240402222e-01 7.000416994064015963e-01
-1.080771386623382568e-01 -1.297946125268936157e-01 -9.856332540512084961e-01 -2.673562343548927078e+00
0.000000000000000000e+00 0.000000000000000000e+00 0.000000000000000000e+00 1.000000000000000000e+00
7.913476228713989258e-01 -6.113591790199279785e-01 -2.974512521177530289e-03 -2.507811501775076279e-01
-6.021084189414978027e-01 -7.801981568336486816e-01 1.695769429206848145e-01 7.396796857575163031e-01
-1.059931591153144836e-01 -1.324033141136169434e-01 -9.855123758316040039e-01 -2.682439554919093805e+00
0.000000000000000000e+00 0.000000000000000000e+00 0.000000000000000000e+00 1.000000000000000000e+00
7.219582796096801758e-01 -6.914094686508178711e-01 2.700652927160263062e-02 -1.188339262752544506e-01
-6.857925653457641602e-01 -7.098124027252197266e-01 1.607937365770339966e-01 7.430494443989161812e-01
-9.200472384691238403e-02 -1.346072107553482056e-01 -9.866182804107666016e-01 -2.696469086413091354e+00
0.000000000000000000e+00 0.000000000000000000e+00 0.000000000000000000e+00 1.000000000000000000e+00
6.456676721572875977e-01 -7.632299065589904785e-01 2.435344643890857697e-02 -7.690156461514084663e-02
-7.582846283912658691e-01 -6.370686888694763184e-01 1.383747607469558716e-01 7.033513724808047041e-01
-9.009697288274765015e-02 -1.078109443187713623e-01 -9.900801777839660645e-01 -2.719104581918550867e+00
0.000000000000000000e+00 0.000000000000000000e+00 0.000000000000000000e+00 1.000000000000000000e+00
5.503570437431335449e-01 -8.340933322906494141e-01 3.735060989856719971e-02 1.556116954928270062e-02
-8.328199386596679688e-01 -5.452393889427185059e-01 9.552290290594100952e-02 5.973775404736814121e-01
-5.931000784039497375e-02 -8.367802947759628296e-02 -9.947261810302734375e-01 -2.766812384144849091e+00
0.000000000000000000e+00 0.000000000000000000e+00 0.000000000000000000e+00 1.000000000000000000e+00
4.571836590766906738e-01 -8.852823376655578613e-01 8.519244939088821411e-02 2.139628262909657463e-01
-8.893017172813415527e-01 -4.538390338420867920e-01 5.632651969790458679e-02 4.878572458299088033e-01
-1.120122428983449936e-02 -1.015133708715438843e-01 -9.947709441184997559e-01 -2.803087786250622937e+00
0.000000000000000000e+00 0.000000000000000000e+00 0.000000000000000000e+00 1.000000000000000000e+00
3.492202758789062500e-01 -9.323329925537109375e-01 9.380965679883956909e-02 2.802502447735739088e-01
-9.368453621864318848e-01 -3.494375050067901611e-01 1.463768165558576584e-02 3.444444143561407046e-01
1.913341507315635681e-02 -9.299690276384353638e-02 -9.954823851585388184e-01 -2.821519913480252217e+00
0.000000000000000000e+00 0.000000000000000000e+00 0.000000000000000000e+00 1.000000000000000000e+00
2.733383178710937500e-01 -9.554321169853210449e-01 1.115131750702857971e-01 3.555765399837047536e-01
-9.589862227439880371e-01 -2.797120511531829834e-01 -4.589775949716567993e-02 1.303933760818301868e-01
7.504375278949737549e-02 -9.439399093389511108e-02 -9.927024245262145996e-01 -2.817236799032839301e+00
0.000000000000000000e+00 0.000000000000000000e+00 0.000000000000000000e+00 1.000000000000000000e+00
1.943428665399551392e-01 -9.699475169181823730e-01 1.463987529277801514e-01 4.713597374643749283e-01
-9.727560281753540039e-01 -2.097953706979751587e-01 -9.865065664052963257e-02 -5.391622273048792685e-02
1.263997256755828857e-01 -1.232382059097290039e-01 -9.842945933341979980e-01 -2.800215820320416160e+00
0.000000000000000000e+00 0.000000000000000000e+00 0.000000000000000000e+00 1.000000000000000000e+00
1.150398850440979004e-01 -9.826818704605102539e-01 1.452666521072387695e-01 4.838386681177632709e-01
-9.705040454864501953e-01 -1.423746645450592041e-01 -1.945545673370361328e-01 -3.559812492901890946e-01
2.118675261735916138e-01 -1.186003088951110840e-01 -9.700753092765808105e-01 -2.774003612441076072e+00
0.000000000000000000e+00 0.000000000000000000e+00 0.000000000000000000e+00 1.000000000000000000e+00
1.911424994468688965e-01 -9.721219539642333984e-01 1.358070969581604004e-01 4.468379276719343651e-01
-9.528316259384155273e-01 -2.169933021068572998e-01 -2.121926397085189819e-01 -4.014361186924174651e-01
2.357462942600250244e-01 -8.884228020906448364e-02 -9.677451848983764648e-01 -2.749363149175346521e+00
0.000000000000000000e+00 0.000000000000000000e+00 0.000000000000000000e+00 1.000000000000000000e+00
2.752050161361694336e-01 -9.512803554534912109e-01 1.390251815319061279e-01 4.339287057164306072e-01
-9.382039308547973633e-01 -2.973105609416961670e-01 -1.771425753831863403e-01 -2.799487762064022389e-01
2.098459303379058838e-01 -8.168346434831619263e-02 -9.743164777755737305e-01 -2.741650673411579309e+00
0.000000000000000000e+00 0.000000000000000000e+00 0.000000000000000000e+00 1.000000000000000000e+00
3.254882991313934326e-01 -9.351145029067993164e-01 1.400635391473770142e-01 4.200227945853015621e-01
-9.339799880981445312e-01 -3.410581648349761963e-01 -1.065864190459251404e-01 -4.983446995324206791e-02
1.474403887987136841e-01 -9.612394869327545166e-02 -9.843888282775878906e-01 -2.740049127460491452e+00
0.000000000000000000e+00 0.000000000000000000e+00 0.000000000000000000e+00 1.000000000000000000e+00
3.618341386318206787e-01 -9.157777428627014160e-01 1.744333356618881226e-01 5.077820422279213375e-01
-9.290886521339416504e-01 -3.696188330650329590e-01 -1.325842831283807755e-02 2.545840516983698953e-01
7.661560922861099243e-02 -1.572667211294174194e-01 -9.845797419548034668e-01 -2.702714674121037941e+00
0.000000000000000000e+00 0.000000000000000000e+00 0.000000000000000000e+00 1.000000000000000000e+00
4.015566408634185791e-01 -8.976369500160217285e-01 1.816594153642654419e-01 5.102001241305104129e-01
-9.157863259315490723e-01 -3.955827951431274414e-01 6.963770836591720581e-02 5.122518480614515202e-01
9.351921267807483673e-03 -1.943247020244598389e-01 -9.808925986289978027e-01 -2.657094621148001323e+00
0.000000000000000000e+00 0.000000000000000000e+00 0.000000000000000000e+00 1.000000000000000000e+00
4.571984708309173584e-01 -8.611523509025573730e-01 2.222292423248291016e-01 5.915029327040747242e-01
-8.882604837417602539e-01 -4.296988248825073242e-01 1.623336523771286011e-01 7.750188291775492733e-01
-4.430245235562324524e-02 -2.716161608695983887e-01 -9.613853693008422852e-01 -2.555264554741754512e+00
0.000000000000000000e+00 0.000000000000000000e+00 0.000000000000000000e+00 1.000000000000000000e+00
5.333843827247619629e-01 -8.220577239990234375e-01 1.993051916360855103e-01 4.754996744212004467e-01
-8.407578468322753906e-01 -4.893586635589599609e-01 2.316348850727081299e-01 9.495104890267989095e-01
-9.288542717695236206e-02 -2.911176979541778564e-01 -9.521672129631042480e-01 -2.493055366511403914e+00
0.000000000000000000e+00 0.000000000000000000e+00 0.000000000000000000e+00 1.000000000000000000e+00
5.936622619628906250e-01 -7.808848023414611816e-01 1.943826377391815186e-01 4.224838538796690246e-01
-7.945257425308227539e-01 -5.304709076881408691e-01 2.955160737037658691e-01 1.094557875571985583e+00
-1.276497095823287964e-01 -3.298784792423248291e-01 -9.353533387184143066e-01 -2.414124316696641959e+00
0.000000000000000000e+00 0.000000000000000000e+00 0.000000000000000000e+00 1.000000000000000000e+00
6.747378706932067871e-01 -7.181552052497863770e-01 1.702417135238647461e-01 2.980437472770574581e-01
-7.187219262123107910e-01 -5.868901610374450684e-01 3.728254437446594238e-01 1.243779725855032936e+00
-1.678334623575210571e-01 -3.739156126976013184e-01 -9.121503233909606934e-01 -2.310824740820629497e+00
0.000000000000000000e+00 0.000000000000000000e+00 0.000000000000000000e+00 1.000000000000000000e+00
7.343847751617431641e-01 -6.611865162849426270e-01 1.533338725566864014e-01 2.213917064566575665e-01
-6.486884951591491699e-01 -6.172608137130737305e-01 4.451879262924194336e-01 1.378766677556885201e+00
-1.997053325176239014e-01 -4.264051616191864014e-01 -8.822111487388610840e-01 -2.181418779407152009e+00
0.000000000000000000e+00 0.000000000000000000e+00 0.000000000000000000e+00 1.000000000000000000e+00
7.586430311203002930e-01 -6.362767219543457031e-01 1.400447040796279907e-01 1.651771055490437734e-01
-6.000516414642333984e-01 -5.986658930778503418e-01 5.306005477905273438e-01 1.560299869169200937e+00
-2.537689208984375000e-01 -4.865704476833343506e-01 -8.359727263450622559e-01 -1.988394964690907818e+00
0.000000000000000000e+00 0.000000000000000000e+00 0.000000000000000000e+00 1.000000000000000000e+00
7.888164520263671875e-01 -5.987908244132995605e-01 1.386290788650512695e-01 1.339953349377976943e-01
-5.345310568809509277e-01 -5.570071339607238770e-01 6.356251239776611328e-01 1.806808944476819390e+00
-3.033892512321472168e-01 -5.754930973052978516e-01 -7.594488263130187988e-01 -1.724945484657378625e+00
0.000000000000000000e+00 0.000000000000000000e+00 0.000000000000000000e+00 1.000000000000000000e+00
8.124145865440368652e-01 -5.656263232231140137e-01 1.415959298610687256e-01 1.248079085457151349e-01
-4.839264750480651855e-01 -5.186122655868530273e-01 7.048804163932800293e-01 1.976918290056220329e+00
-3.252656161785125732e-01 -6.411771178245544434e-01 -6.950497627258300781e-01 -1.514840122769672170e+00
0.000000000000000000e+00 0.000000000000000000e+00 0.000000000000000000e+00 1.000000000000000000e+00
8.439446687698364258e-01 -5.198299288749694824e-01 1.324169933795928955e-01 7.210398021363989551e-02
-4.125689566135406494e-01 -4.712246358394622803e-01 7.795730233192443848e-01 2.155811027980396588e+00
-3.428472876548767090e-01 -7.125476002693176270e-01 -6.121532320976257324e-01 -1.294812847070238027e+00
0.000000000000000000e+00 0.000000000000000000e+00 0.000000000000000000e+00 1.000000000000000000e+00
8.710800409317016602e-01 -4.818305373191833496e-01 9.517781436443328857e-02 -4.331359038324286009e-02
-3.288329839706420898e-01 -4.282134175300598145e-01 8.417255282402038574e-01 2.294359929356545535e+00
-3.648127615451812744e-01 -7.645079493522644043e-01 -5.314500331878662109e-01 -1.095176308724627123e+00
0.000000000000000000e+00 0.000000000000000000e+00 0.000000000000000000e+00 1.000000000000000000e+00
8.907732963562011719e-01 -4.493605196475982666e-01 6.780984252691268921e-02 -1.184797939466918498e-01
-2.376583069562911987e-01 -3.334407508373260498e-01 9.123243689537048340e-01 2.425250714815992303e+00
-3.873520195484161377e-01 -8.287895917892456055e-01 -4.038143754005432129e-01 -7.731253269099219727e-01
0.000000000000000000e+00 0.000000000000000000e+00 0.000000000000000000e+00 1.000000000000000000e+00
8.679233789443969727e-01 -4.961603283882141113e-01 2.310888841748237610e-02 -2.626296825156165249e-01
-8.486906439065933228e-02 -1.022977083921432495e-01 9.911268353462219238e-01 2.591066460292200890e+00
-4.893938302993774414e-01 -8.621831536293029785e-01 -1.308951526880264282e-01 -7.085975835112015564e-02
0.000000000000000000e+00 0.000000000000000000e+00 0.000000000000000000e+00 1.000000000000000000e+00
8.652724027633666992e-01 -5.003473162651062012e-01 3.092303685843944550e-02 -2.258180287966971012e-01
-8.281328529119491577e-02 -8.182971924543380737e-02 9.931997060775756836e-01 2.594327775177781348e+00
-4.944144189357757568e-01 -8.619492053985595703e-01 -1.122404113411903381e-01 -8.050166376280173952e-02
0.000000000000000000e+00 0.000000000000000000e+00 0.000000000000000000e+00 1.000000000000000000e+00
8.256924152374267578e-01 -5.635676980018615723e-01 2.497030235826969147e-02 -2.042010560856392931e-01
-1.018717885017395020e-01 -1.054253354668617249e-01 9.891954660415649414e-01 2.590570047272558352e+00
-5.548460483551025391e-01 -8.193148374557495117e-01 -1.444605141878128052e-01 -1.399051543726997915e-01
0.000000000000000000e+00 0.000000000000000000e+00 0.000000000000000000e+00 1.000000000000000000e+00
8.143189549446105957e-01 -5.776323676109313965e-01 5.679373443126678467e-02 -1.216780396822986637e-01
-2.318512946367263794e-01 -2.340195327997207642e-01 9.441820979118347168e-01 2.521201363651627503e+00
-5.320992469787597656e-01 -7.820332050323486328e-01 -3.244912922382354736e-01 -5.278375200699587655e-01
0.000000000000000000e+00 0.000000000000000000e+00 0.000000000000000000e+00 1.000000000000000000e+00
8.288303613662719727e-01 -5.515782833099365234e-01 9.381683170795440674e-02 -3.797405905070335569e-02
-3.076900839805603027e-01 -3.093044757843017578e-01 8.998096585273742676e-01 2.436515896320672336e+00
-4.672974944114685059e-01 -7.746560573577880859e-01 -4.260760843753814697e-01 -7.934200377318741948e-01
0.000000000000000000e+00 0.000000000000000000e+00 0.000000000000000000e+00 1.000000000000000000e+00
8.174971938133239746e-01 -5.661552548408508301e-01 1.056722849607467651e-01 -8.574356251005247828e-03
-3.657972216606140137e-01 -3.686898052692413330e-01 8.545526862144470215e-01 2.347189422554267324e+00
-4.448491334915161133e-01 -7.372490763664245605e-01 -5.085008740425109863e-01 -1.010474561033383178e+00
0.000000000000000000e+00 0.000000000000000000e+00 0.000000000000000000e+00 1.000000000000000000e+00
8.321924209594726562e-01 -5.491106510162353516e-01 7.702758908271789551e-02 -1.244309037394634027e-01
-4.513530731201171875e-01 -5.901460051536560059e-01 6.693339347839355469e-01 1.981196851521518809e+00
-3.220809400081634521e-01 -5.917812585830688477e-01 -7.389578819274902344e-01 -1.665587015107367286e+00
0.000000000000000000e+00 0.000000000000000000e+00 0.000000000000000000e+00 1.000000000000000000e+00
8.360797166824340820e-01 -5.453814268112182617e-01 5.941011756658554077e-02 -1.846682281836691253e-01
-4.641534090042114258e-01 -6.454812884330749512e-01 6.065600514411926270e-01 1.810846473828355840e+00
-2.924587130546569824e-01 -5.347079634666442871e-01 -7.928146719932556152e-01 -1.824230985938202210e+00
0.000000000000000000e+00 0.000000000000000000e+00 0.000000000000000000e+00 1.000000000000000000e+00
8.584466576576232910e-01 -5.099272727966308594e-01 5.516669154167175293e-02 -1.991715974943245593e-01
-4.566398561000823975e-01 -7.108677029609680176e-01 5.349271297454833984e-01 1.608901021674039145e+00
-2.335577905178070068e-01 -4.843977391719818115e-01 -8.430951833724975586e-01 -1.978181935962158189e+00
0.000000000000000000e+00 0.000000000000000000e+00 0.000000000000000000e+00 1.000000000000000000e+00
8.710814118385314941e-01 -4.908532798290252686e-01 1.673720404505729675e-02 -2.861891574520235015e-01
-4.572502970695495605e-01 -7.980675697326660156e-01 3.924407958984375000e-01 1.232093048581868189e+00
-1.792736053466796875e-01 -3.495008647441864014e-01 -9.196250438690185547e-01 -2.192472592166391898e+00
0.000000000000000000e+00 0.000000000000000000e+00 0.000000000000000000e+00 1.000000000000000000e+00
8.779332041740417480e-01 -4.784364998340606689e-01 1.821555942296981812e-02 -2.692342314725503782e-01
-4.669118523597717285e-01 -8.471261858940124512e-01 2.537139356136322021e-01 8.738947690217943043e-01
-1.059551537036895752e-01 -2.312489897012710571e-01 -9.671077728271484375e-01 -2.342879528506199627e+00
0.000000000000000000e+00 0.000000000000000000e+00 0.000000000000000000e+00 1.000000000000000000e+00
8.788508772850036621e-01 -4.770205318927764893e-01 8.500678464770317078e-03 -2.549928655872150673e-01
-4.768432080745697021e-01 -8.776647448539733887e-01 4.820735380053520203e-02 3.360720321240709962e-01
-1.553517580032348633e-02 -4.642058536410331726e-02 -9.988011121749877930e-01 -2.462483609272787977e+00
0.000000000000000000e+00 0.000000000000000000e+00 0.000000000000000000e+00 1.000000000000000000e+00
8.862485885620117188e-01 -4.630963504314422607e-01 1.022816076874732971e-02 -2.353396078590857254e-01
-4.621511995792388916e-01 -8.855003118515014648e-01 -4.801300540566444397e-02 7.198241832676349761e-02
3.129170089960098267e-02 3.782451525330543518e-02 -9.987942576408386230e-01 -2.487638145609998741e+00
0.000000000000000000e+00 0.000000000000000000e+00 0.000000000000000000e+00 1.000000000000000000e+00
8.939929008483886719e-01 -4.480232596397399902e-01 7.191512268036603928e-03 -2.381214971772308564e-01
-4.420756697654724121e-01 -8.845165967941284180e-01 -1.489936560392379761e-01 -2.157986379036959945e-01
7.311370968818664551e-02 1.300200521945953369e-01 -9.888120889663696289e-01 -2.480476718651248635e+00
0.000000000000000000e+00 0.000000000000000000e+00 0.000000000000000000e+00 1.000000000000000000e+00
8.967063426971435547e-01 -4.424855411052703857e-01 1.114872004836797714e-02 -2.266916667322184664e-01
-4.251846373081207275e-01 -8.680998086929321289e-01 -2.561654150485992432e-01 -5.296243988362692168e-01
1.230276972055435181e-01 2.249648422002792358e-01 -9.665685892105102539e-01 -2.437625154742179223e+00
0.000000000000000000e+00 0.000000000000000000e+00 0.000000000000000000e+00 1.000000000000000000e+00
8.998614549636840820e-01 -4.361012578010559082e-01 8.073630742728710175e-03 -2.319681935878259993e-01
-4.027638733386993408e-01 -8.378921747207641602e-01 -3.683985173702239990e-01 -8.724246998386082641e-01
1.674240678548812866e-01 3.282558321952819824e-01 -9.296329021453857422e-01 -2.348337588277480847e+00
0.000000000000000000e+00 0.000000000000000000e+00 0.000000000000000000e+00 1.000000000000000000e+00
9.062473177909851074e-01 -4.227454066276550293e-01 1.271673943847417831e-03 -2.611459104844543466e-01
-3.753819167613983154e-01 -8.060898184776306152e-01 -4.575012326240539551e-01 -1.147258980634191072e+00
1.944318115711212158e-01 4.141320884227752686e-01 -8.892079591751098633e-01 -2.255179297169625396e+00
0.000000000000000000e+00 0.000000000000000000e+00 0.000000000000000000e+00 1.000000000000000000e+00
9.159253239631652832e-01 -4.013309776782989502e-01 3.748130286112427711e-03 -2.813867271052397090e-01
-3.331791460514068604e-01 -7.655285000801086426e-01 -5.504158735275268555e-01 -1.431156041313397909e+00
2.237684130668640137e-01 5.028911232948303223e-01 -8.348823189735412598e-01 -2.133728775201847228e+00
0.000000000000000000e+00 0.000000000000000000e+00 0.000000000000000000e+00 1.000000000000000000e+00
9.111597537994384766e-01 -4.115270972251892090e-01 -2.081304416060447693e-02 -3.578887609618801036e-01
-3.323231041431427002e-01 -7.040540575981140137e-01 -6.275896430015563965e-01 -1.649664966462201177e+00
2.436168640851974487e-01 5.787510275840759277e-01 -7.782658338546752930e-01 -2.005973614727788235e+00
0.000000000000000000e+00 0.000000000000000000e+00 0.000000000000000000e+00 1.000000000000000000e+00
9.165793061256408691e-01 -3.982130885124206543e-01 -3.617452457547187805e-02 -4.208420513373637428e-01
-2.979691028594970703e-01 -6.199021935462951660e-01 -7.259034514427185059e-01 -1.935691994956095785e+00
2.666396498680114746e-01 6.761268377304077148e-01 -6.868447661399841309e-01 -1.774328646332682613e+00
0.000000000000000000e+00 0.000000000000000000e+00 0.000000000000000000e+00 1.000000000000000000e+00
9.254407286643981934e-01 -3.747754693031311035e-01 -5.569853633642196655e-02 -4.888754349840423452e-01
-2.692071199417114258e-01 -5.469487905502319336e-01 -7.927005887031555176e-01 -2.140573154790223587e+00
2.666205167770385742e-01 7.485920786857604980e-01 -6.070612072944641113e-01 -1.551094001687268298e+00
0.000000000000000000e+00 0.000000000000000000e+00 0.000000000000000000e+00 1.000000000000000000e+00
9.342914819717407227e-01 -3.524544835090637207e-01 -5.361729860305786133e-02 -5.006264403757197945e-01
-2.278265953063964844e-01 -4.745871424674987793e-01 -8.502130508422851562e-01 -2.323870006110736686e+00
2.742152810096740723e-01 8.065624833106994629e-01 -5.237013697624206543e-01 -1.329884882206216590e+00
0.000000000000000000e+00 0.000000000000000000e+00 0.000000000000000000e+00 1.000000000000000000e+00
9.452525377273559570e-01 -3.217908143997192383e-01 -5.429790914058685303e-02 -5.324876918291320260e-01
-1.904313713312149048e-01 -4.087828397750854492e-01 -8.925427794456481934e-01 -2.457132205406097558e+00
2.650158703327178955e-01 8.540180921554565430e-01 -4.476820528507232666e-01 -1.134164115432866105e+00
0.000000000000000000e+00 0.000000000000000000e+00 0.000000000000000000e+00 1.000000000000000000e+00
9.555960297584533691e-01 -2.900610268115997314e-01 -5.197168141603469849e-02 -5.497078635090674181e-01
-1.578369140625000000e-01 -3.548800051212310791e-01 -9.214923381805419922e-01 -2.559080097470703308e+00
2.488452345132827759e-01 8.887773156166076660e-01 -3.849042952060699463e-01 -9.563296009274390164e-01
0.000000000000000000e+00 0.000000000000000000e+00 0.000000000000000000e+00 1.000000000000000000e+00
9.634014964103698730e-01 -2.588130831718444824e-01 -6.981295347213745117e-02 -6.213669385796466438e-01
-1.422547101974487305e-01 -2.728731036186218262e-01 -9.514745473861694336e-01 -2.688078498000349370e+00
2.272039055824279785e-01 9.265830516815185547e-01 -2.997035980224609375e-01 -6.806884765134928461e-01
0.000000000000000000e+00 0.000000000000000000e+00 0.000000000000000000e+00 1.000000000000000000e+00
9.757387638092041016e-01 -2.092537283897399902e-01 -6.439456343650817871e-02 -6.351958629222930197e-01
-1.044283881783485413e-01 -1.863107234239578247e-01 -9.769250154495239258e-01 -2.796250178646413787e+00
1.924277991056442261e-01 9.599485397338867188e-01 -2.036426961421966553e-01 -3.567965032792201341e-01
0.000000000000000000e+00 0.000000000000000000e+00 0.000000000000000000e+00 1.000000000000000000e+00
9.934774637222290039e-01 -1.120654344558715820e-01 -2.107570320367813110e-02 -5.329999368093095713e-01
-3.672715276479721069e-02 -1.394927203655242920e-01 -9.895415902137756348e-01 -2.853248547831219284e+00
1.079535707831382751e-01 9.838611483573913574e-01 -1.426986604928970337e-01 -1.789413623851225654e-01
0.000000000000000000e+00 0.000000000000000000e+00 0.000000000000000000e+00 1.000000000000000000e+00
9.955371618270874023e-01 -9.414076060056686401e-02 6.562691181898117065e-03 -4.741005941148058178e-01
-1.683660782873630524e-02 -2.456128299236297607e-01 -9.692214131355285645e-01 -2.815389535764505791e+00
9.285518527030944824e-02 9.647856354713439941e-01 -2.461017817258834839e-01 -4.905030322382165076e-01
0.000000000000000000e+00 0.000000000000000000e+00 0.000000000000000000e+00 1.000000000000000000e+00
9.983068108558654785e-01 -2.481961436569690704e-02 5.261023715138435364e-02 -3.284803941304024200e-01
4.302781447768211365e-02 -2.935671210289001465e-01 -9.549694061279296875e-01 -2.879624111190064006e+00
3.914660960435867310e-02 9.556162953376770020e-01 -2.920021414756774902e-01 -6.013787703528691297e-01
0.000000000000000000e+00 0.000000000000000000e+00 0.000000000000000000e+00 1.000000000000000000e+00
9.886469841003417969e-01 5.176384747028350830e-02 1.410592794418334961e-01 -2.269563076576469260e-02
1.498771607875823975e-01 -2.730067074298858643e-01 -9.502651095390319824e-01 -2.979370843356008880e+00
-1.067929528653621674e-02 9.606182575225830078e-01 -2.776655256748199463e-01 -5.370721750284077611e-01
0.000000000000000000e+00 0.000000000000000000e+00 0.000000000000000000e+00 1.000000000000000000e+00
9.687023758888244629e-01 5.636241659522056580e-02 2.417419403791427612e-01 2.884522868376679372e-01
2.480690926313400269e-01 -2.543791234493255615e-01 -9.347475171089172363e-01 -3.021399007348116506e+00
8.809433318674564362e-03 9.654607176780700684e-01 -2.603994607925415039e-01 -4.794479777565816558e-01
0.000000000000000000e+00 0.000000000000000000e+00 0.000000000000000000e+00 1.000000000000000000e+00
9.769862890243530273e-01 -2.349876333028078079e-03 2.132885754108428955e-01 1.758243577008261060e-01
2.020255178213119507e-01 -3.106195628643035889e-01 -9.288172721862792969e-01 -2.988854567131498108e+00
6.843417882919311523e-02 9.505313634872436523e-01 -3.029963374137878418e-01 -6.532236466760268367e-01
0.000000000000000000e+00 0.000000000000000000e+00 0.000000000000000000e+00 1.000000000000000000e+00
9.849389195442199707e-01 -1.263141632080078125e-01 1.180673688650131226e-01 -1.593237255661860419e-01
6.348834186792373657e-02 -3.709425628185272217e-01 -9.264830946922302246e-01 -2.916890131828643984e+00
1.608241349458694458e-01 9.200253486633300781e-01 -3.573361933231353760e-01 -9.227003782297359402e-01
0.000000000000000000e+00 0.000000000000000000e+00 0.000000000000000000e+00 1.000000000000000000e+00
9.757212996482849121e-01 -2.187621295452117920e-01 1.052743382751941681e-02 -4.988607111301975872e-01
-5.819334462285041809e-02 -3.052932620048522949e-01 -9.504784941673278809e-01 -2.924960775518757217e+00
2.111426740884780884e-01 9.267898201942443848e-01 -3.106116056442260742e-01 -8.251832965929568608e-01
0.000000000000000000e+00 0.000000000000000000e+00 0.000000000000000000e+00 1.000000000000000000e+00
9.199233055114746094e-01 -3.806378543376922607e-01 -9.410366415977478027e-02 -8.000073309193521665e-01
-2.281367033720016479e-01 -3.244072496891021729e-01 -9.179943203926086426e-01 -2.741719249829393856e+00
3.188954889774322510e-01 8.659529685974121094e-01 -3.852671980857849121e-01 -1.141286014228712009e+00
0.000000000000000000e+00 0.000000000000000000e+00 0.000000000000000000e+00 1.000000000000000000e+00
8.722695112228393555e-01 -4.800190031528472900e-01 -9.342024475336074829e-02 -7.844549648771870221e-01
-2.833997309207916260e-01 -3.405039012432098389e-01 -8.965163826942443848e-01 -2.639005077077991146e+00
3.985349535942077637e-01 8.084793686866760254e-01 -4.330483973026275635e-01 -1.363409455299861905e+00
0.000000000000000000e+00 0.000000000000000000e+00 0.000000000000000000e+00 1.000000000000000000e+00
8.284558653831481934e-01 -5.561376214027404785e-01 -6.612121313810348511e-02 -6.818024643380632410e-01
-3.445753157138824463e-01 -4.130733609199523926e-01 -8.429936170578002930e-01 -2.448183801951957506e+00
4.415073394775390625e-01 7.211664319038391113e-01 -5.338441133499145508e-01 -1.708388910120641313e+00
0.000000000000000000e+00 0.000000000000000000e+00 0.000000000000000000e+00 1.000000000000000000e+00
7.972015738487243652e-01 -6.016507744789123535e-01 -4.985349997878074646e-02 -6.145349819630055999e-01
-4.288762509822845459e-01 -5.062775611877441406e-01 -7.481630444526672363e-01 -2.108167235605212131e+00
4.248934090137481689e-01 6.178175806999206543e-01 -6.616390943527221680e-01 -2.096021253267309259e+00
0.000000000000000000e+00 0.000000000000000000e+00 0.000000000000000000e+00 1.000000000000000000e+00
7.722392082214355469e-01 -6.350852847099304199e-01 -1.769700087606906891e-02 -5.059981314559796051e-01
-5.046631097793579102e-01 -5.962535142898559570e-01 -6.243370175361633301e-01 -1.678158908226714541e+00
3.859554231166839600e-01 4.910684823989868164e-01 -7.809542417526245117e-01 -2.435540440810327389e+00
0.000000000000000000e+00 0.000000000000000000e+00 0.000000000000000000e+00 1.000000000000000000e+00
7.511652708053588867e-01 -6.599001884460449219e-01 -1.680745370686054230e-02 -4.932447111687447983e-01
-5.671877861022949219e-01 -6.321864128112792969e-01 -5.278618335723876953e-01 -1.342436769798090568e+00
3.377107381820678711e-01 4.060444533824920654e-01 -8.491637706756591797e-01 -2.619670763796116297e+00
0.000000000000000000e+00 0.000000000000000000e+00 0.000000000000000000e+00 1.000000000000000000e+00
6.519481539726257324e-01 -7.581034302711486816e-01 -1.557463221251964569e-02 -4.245280697742823683e-01
-6.768571734428405762e-01 -5.725744962692260742e-01 -4.626259505748748779e-01 -1.069935064521293722e+00
3.418007791042327881e-01 3.121498525142669678e-01 -8.864166736602783203e-01 -2.750961935743334585e+00
0.000000000000000000e+00 0.000000000000000000e+00 0.000000000000000000e+00 1.000000000000000000e+00
5.866601467132568359e-01 -8.094251155853271484e-01 2.570317499339580536e-02 -2.540710419243145113e-01
-7.377817034721374512e-01 -5.472826957702636719e-01 -3.951703011989593506e-01 -8.185360864226297606e-01
3.339278399944305420e-01 2.128673642873764038e-01 -9.182482957839965820e-01 -2.857917280319034692e+00
0.000000000000000000e+00 0.000000000000000000e+00 0.000000000000000000e+00 1.000000000000000000e+00
5.374308824539184570e-01 -8.409799337387084961e-01 6.261377036571502686e-02 -1.038415597870367413e-01
-7.835058569908142090e-01 -5.254030823707580566e-01 -3.317683041095733643e-01 -5.848126471999355314e-01
3.119080364704132080e-01 1.292442828416824341e-01 -9.412807226181030273e-01 -2.917746224687551404e+00
0.000000000000000000e+00 0.000000000000000000e+00 0.000000000000000000e+00 1.000000000000000000e+00
5.052390098571777344e-01 -8.543702960014343262e-01 1.215926706790924072e-01 1.077783153841775088e-01
-8.174523711204528809e-01 -5.189701318740844727e-01 -2.498824298381805420e-01 -3.075036481636415631e-01
2.765952050685882568e-01 2.685411274433135986e-02 -9.606112837791442871e-01 -2.961921188731255317e+00
0.000000000000000000e+00 0.000000000000000000e+00 0.000000000000000000e+00 1.000000000000000000e+00
4.337346255779266357e-01 -8.848642110824584961e-01 1.699688285589218140e-01 3.150495493824320148e-01
-8.605562448501586914e-01 -4.627181589603424072e-01 -2.129199951887130737e-01 -1.609905031850908108e-01
2.670529186725616455e-01 -5.391703546047210693e-02 -9.621723890304565430e-01 -2.965218375597131750e+00
0.000000000000000000e+00 0.000000000000000000e+00 0.000000000000000000e+00 1.000000000000000000e+00
3.559623658657073975e-01 -8.950880169868469238e-01 2.685292363166809082e-01 6.782176503665774403e-01
-8.934046030044555664e-01 -4.102329313755035400e-01 -1.831317543983459473e-01 -4.457107819234291252e-02
2.740785777568817139e-01 -1.747172474861145020e-01 -9.457033872604370117e-01 -2.915617084687793792e+00
0.000000000000000000e+00 0.000000000000000000e+00 0.000000000000000000e+00 1.000000000000000000e+00
2.880314290523529053e-01 -8.828899860382080078e-01 3.708679378032684326e-01 1.036257886259613903e+00
-9.152381420135498047e-01 -3.677417933940887451e-01 -1.646359860897064209e-01 2.768490749267877443e-02
2.817389965057373047e-01 -2.920121550559997559e-01 -9.139758348464965820e-01 -2.824227972054334845e+00
0.000000000000000000e+00 0.000000000000000000e+00 0.000000000000000000e+00 1.000000000000000000e+00
2.719040215015411377e-01 -8.513494133949279785e-01 4.486339390277862549e-01 1.280251990825553854e+00
-9.328008294105529785e-01 -3.477593958377838135e-01 -9.458156675100326538e-02 2.592887308988454653e-01
2.365386635065078735e-01 -3.927690684795379639e-01 -8.886967897415161133e-01 -2.713135208458887782e+00
0.000000000000000000e+00 0.000000000000000000e+00 0.000000000000000000e+00 1.000000000000000000e+00
1.750071197748184204e-01 -7.740975022315979004e-01 6.083960533142089844e-01 1.824909788645905362e+00
-9.619655609130859375e-01 -2.660799622535705566e-01 -6.183638423681259155e-02 3.618959948012779315e-01
2.097494751214981079e-01 -5.744342207908630371e-01 -7.912210226058959961e-01 -2.399892522421433583e+00
0.000000000000000000e+00 0.000000000000000000e+00 0.000000000000000000e+00 1.000000000000000000e+00
1.364878565073013306e-01 -6.756728887557983398e-01 7.244563698768615723e-01 2.200954102465224160e+00
-9.735260605812072754e-01 -2.268360257148742676e-01 -2.814872749149799347e-02 4.721712566611388495e-01
1.833520978689193726e-01 -7.014351487159729004e-01 -6.887456774711608887e-01 -2.080928117557518053e+00
0.000000000000000000e+00 0.000000000000000000e+00 0.000000000000000000e+00 1.000000000000000000e+00
1.072150617837905884e-01 -5.749210119247436523e-01 8.111540079116821289e-01 2.475034105890493219e+00
-9.841948747634887695e-01 -1.770291924476623535e-01 4.614027682691812515e-03 5.732073450727248609e-01
1.409451961517333984e-01 -7.988283038139343262e-01 -5.848145484924316406e-01 -1.745988954083444789e+00
0.000000000000000000e+00 0.000000000000000000e+00 0.000000000000000000e+00 1.000000000000000000e+00
7.997515797615051270e-02 -5.056174397468566895e-01 8.590428829193115234e-01 2.637121924798956130e+00
-9.907154440879821777e-01 -1.353700459003448486e-01 1.255710329860448837e-02 6.035982937337305287e-01
1.099394857883453369e-01 -8.520713448524475098e-01 -5.117495059967041016e-01 -1.510894204937046847e+00
0.000000000000000000e+00 0.000000000000000000e+00 0.000000000000000000e+00 1.000000000000000000e+00
1.546212136745452881e-01 -5.118188261985778809e-01 8.450643420219421387e-01 2.532151128548587593e+00
-9.878415465354919434e-01 -9.408647567033767700e-02 1.237609237432479858e-01 9.341238929243504963e-01
1.616592705249786377e-02 -8.539256453514099121e-01 -5.201438069343566895e-01 -1.467094930902372640e+00
0.000000000000000000e+00 0.000000000000000000e+00 0.000000000000000000e+00 1.000000000000000000e+00
2.640332579612731934e-01 -5.719070434570312500e-01 7.766652107238769531e-01 2.256613756939191529e+00
-9.591818451881408691e-01 -7.114148885011672974e-02 2.736952602863311768e-01 1.364083310237405033e+00
-1.012750938534736633e-01 -8.172278404235839844e-01 -5.673465132713317871e-01 -1.513932837606478232e+00
0.000000000000000000e+00 0.000000000000000000e+00 0.000000000000000000e+00 1.000000000000000000e+00
3.206413388252258301e-01 -6.191644668579101562e-01 7.168154716491699219e-01 2.050702243455621687e+00
-9.287663102149963379e-01 -5.694016069173812866e-02 3.662666082382202148e-01 1.614891918321880171e+00
-1.859636753797531128e-01 -7.831943035125732422e-01 -5.933163166046142578e-01 -1.531117309767560997e+00
0.000000000000000000e+00 0.000000000000000000e+00 0.000000000000000000e+00 1.000000000000000000e+00
3.674155175685882568e-01 -6.297186017036437988e-01 6.844416260719299316e-01 1.923993854960448058e+00
-8.903641700744628906e-01 -2.545517869293689728e-02 4.545369744300842285e-01 1.840677474673847236e+00
-2.688077092170715332e-01 -7.764062285423278809e-01 -5.700314640998840332e-01 -1.399140707058367683e+00
0.000000000000000000e+00 0.000000000000000000e+00 0.000000000000000000e+00 1.000000000000000000e+00
4.239691197872161865e-01 -6.361919045448303223e-01 6.446007490158081055e-01 1.758461636097737424e+00
-8.373505473136901855e-01 -4.148693755269050598e-03 5.466506481170654297e-01 2.067866039362876052e+00
-3.451003730297088623e-01 -7.715198397636413574e-01 -5.344744920730590820e-01 -1.231961412423423496e+00
0.000000000000000000e+00 0.000000000000000000e+00 0.000000000000000000e+00 1.000000000000000000e+00
5.238842964172363281e-01 -6.352581977844238281e-01 5.674436688423156738e-01 1.476015045144907889e+00
-7.277784943580627441e-01 1.231822744011878967e-02 6.857016086578369141e-01 2.374409633079941795e+00
-4.425874054431915283e-01 -7.722016572952270508e-01 -4.558739066123962402e-01 -9.052487977845987688e-01
0.000000000000000000e+00 0.000000000000000000e+00 0.000000000000000000e+00 1.000000000000000000e+00
6.336888670921325684e-01 -6.685629487037658691e-01 3.891812562942504883e-01 8.835007143491820925e-01
-5.725626945495605469e-01 -6.704019010066986084e-02 8.171153664588928223e-01 2.671113404632497357e+00
-5.202022790908813477e-01 -7.406275868415832520e-01 -4.252767860889434814e-01 -7.476266955001742431e-01
0.000000000000000000e+00 0.000000000000000000e+00 0.000000000000000000e+00 1.000000000000000000e+00
6.397609710693359375e-01 -7.157927155494689941e-01 2.799047529697418213e-01 5.915659846079037720e-01
-4.928131401538848877e-01 -1.025800704956054688e-01 8.640674352645874023e-01 2.754948706030423633e+00
-5.897804498672485352e-01 -6.907374858856201172e-01 -4.183788001537322998e-01 -6.857640857871506457e-01
0.000000000000000000e+00 0.000000000000000000e+00 0.000000000000000000e+00 1.000000000000000000e+00
6.033717989921569824e-01 -7.736383676528930664e-01 1.934583038091659546e-01 4.049434212987202408e-01
-3.761324584484100342e-01 -6.217357516288757324e-02 9.244775176048278809e-01 2.860849966262023703e+00
-7.031833529472351074e-01 -6.305696368217468262e-01 -3.285043537616729736e-01 -4.028646455753652766e-01
0.000000000000000000e+00 0.000000000000000000e+00 0.000000000000000000e+00 1.000000000000000000e+00
4.532099962234497070e-01 -8.893713951110839844e-01 6.015788763761520386e-02 1.613161422236017994e-01
-2.031498253345489502e-01 -3.733986616134643555e-02 9.784353375434875488e-01 2.924407113136596070e+00
-8.679463863372802734e-01 -4.556577503681182861e-01 -1.975985318422317505e-01 -2.527469996078531705e-02
0.000000000000000000e+00 0.000000000000000000e+00 0.000000000000000000e+00 1.000000000000000000e+00
3.160752356052398682e-01 -9.443126320838928223e-01 -9.148745983839035034e-02 -2.258224265635122852e-01
-2.462958544492721558e-01 -1.747971624135971069e-01 9.533017873764038086e-01 2.940011700503923908e+00
-9.162066578865051270e-01 -2.787820696830749512e-01 -2.878293991088867188e-01 -3.374220812133193470e-01
0.000000000000000000e+00 0.000000000000000000e+00 0.000000000000000000e+00 1.000000000000000000e+00
3.219632804393768311e-01 -9.462209939956665039e-01 3.170976415276527405e-02 1.519586774710700583e-01
-3.730530738830566406e-01 -9.600997716188430786e-02 9.228291511535644531e-01 2.878460625142860607e+00
-8.701558113098144531e-01 -3.089465498924255371e-01 -3.839023113250732422e-01 -6.025345379641943167e-01
0.000000000000000000e+00 0.000000000000000000e+00 0.000000000000000000e+00 1.000000000000000000e+00
3.001309335231781006e-01 -9.529486894607543945e-01 4.254623875021934509e-02 2.360796440043966826e-01
-4.598839282989501953e-01 -1.054753810167312622e-01 8.816924691200256348e-01 2.788005563688663369e+00
-8.357201814651489258e-01 -2.841894924640655518e-01 -4.699022471904754639e-01 -8.868162566475047415e-01
0.000000000000000000e+00 0.000000000000000000e+00 0.000000000000000000e+00 1.000000000000000000e+00
1.847100704908370972e-01 -9.809936881065368652e-01 5.944316089153289795e-02 3.336052279903518603e-01
-4.733320772647857666e-01 -3.579014167189598083e-02 8.801568150520324707e-01 2.781150704192294487e+00
-8.613007068634033203e-01 -1.907102912664413452e-01 -4.709465205669403076e-01 -9.025912359212412417e-01
0.000000000000000000e+00 0.000000000000000000e+00 0.000000000000000000e+00 1.000000000000000000e+00
