0.2953473627567291 0.9528632760047913 -0.06943681091070175 0.02320366539061069 
-0.9541666507720947 0.2978658378124237 0.02901647426187992 0.03231829777359962 
0.04833158850669861 0.05768435448408127 0.997164249420166 -0.3170950710773468 
0 0 0 1 

0.177988201379776 0.9803569912910461 -0.08497259020805359 0.03345522284507751 
-0.9816245436668396 0.1829267293214798 0.05432209745049477 0.02312150225043297 
0.06879879534244537 0.07374250143766403 0.9949013590812683 -0.3177137970924377 
0 0 0 1 

0.1006438285112381 0.9913008809089661 -0.08481144905090332 0.03659910336136818 
-0.9904480576515198 0.1079019084572792 0.08584601432085037 0.01142553705722094 
0.09425054490566254 0.07536148279905319 0.9926919937133789 -0.3174333274364471 
0 0 0 1 

0.01732950285077095 0.996018648147583 -0.08744489401578903 0.04234546050429344 
-0.9972874522209167 0.02347637712955475 0.06976225227117538 0.01859290152788162 
0.07153739035129547 0.08599873632192612 0.9937236309051514 -0.3115215599536896 
0 0 0 1 

-0.09426324069499969 0.8758137226104736 -0.47335484623909 0.1749190241098404 
-0.9905675053596497 -0.03501401469111443 0.1324763894081116 -0.001681527472101152 
0.09945056587457657 0.4813776016235352 0.8708531856536865 -0.264741837978363 
0 0 0 1 

-0.1661701649427414 0.8495534658432007 -0.5006460547447205 0.1852859556674957 
-0.9772905707359314 -0.07418087869882584 0.1984952986240387 -0.02478479780256748 
0.1314940005540848 0.5222606062889099 0.8425871729850769 -0.2568331956863403 
0 0 0 1 

-0.1301563829183578 0.7871176600456238 -0.6029136776924133 0.2113039642572403 
-0.991397500038147 -0.1117772459983826 0.06809411942958832 0.01706363260746002 
-0.01379391923546791 0.6065900921821594 0.7948951125144958 -0.2346527129411697 
0 0 0 1 

-0.08927883952856064 0.7091799378395081 -0.6993520259857178 0.2321923971176147 
-0.9945670962333679 -0.02573817223310471 0.1008659824728966 0.009816229343414307 
0.05353212356567383 0.7045576572418213 0.7076247930526733 -0.217143639922142 
0 0 0 1 

-0.0572843924164772 0.5673869252204895 -0.821456253528595 0.2666824460029602 
-0.9847432971000671 0.1033090576529503 0.1400277316570282 -0.002147978404536843 
0.1643137633800507 0.8169450759887695 0.5528126358985901 -0.1697487831115723 
0 0 0 1 

-0.1014425754547119 0.5608642101287842 -0.8216691613197327 0.269035279750824 
-0.9746367931365967 0.1095818653702736 0.1951275318861008 -0.02144811674952507 
0.1994801014661789 0.8206233978271484 0.5355228185653687 -0.165016695857048 
0 0 0 1 

