0.939755916595459 0.3371004164218903 0.05676083639264107 -0.05626207962632179 
-0.2218489795923233 0.4750848412513733 0.8515143394470215 -0.2483559995889664 
0.2600797414779663 -0.8128085732460022 0.521249532699585 -0.1420659124851227 
0 0 0 1 

0.9496798515319824 0.3089024722576141 0.05184172838926315 -0.05794309079647064 
-0.1825305223464966 0.4112908244132996 0.8930411338806152 -0.2627418637275696 
0.2545405626296997 -0.8575658202171326 0.4469787776470184 -0.1213821023702621 
0 0 0 1 

0.998230516910553 0.02312197349965572 -0.0547836646437645 -0.03621950745582581 
0.04563787207007408 0.2926939725875854 0.955116331577301 -0.3079797625541687 
0.03811902552843094 -0.9559264779090881 0.291120857000351 -0.0643516406416893 
0 0 0 1 

0.9904541969299316 -0.04984496533870697 -0.128514364361763 -0.006865871604532003 
0.1373424530029297 0.2775435149669647 0.9508451819419861 -0.3178163766860962 
-0.01172653306275606 -0.9594190716743469 0.2817399799823761 -0.05898911133408546 
0 0 0 1 

0.969773530960083 -0.07711566984653473 -0.2315005660057068 0.02778948470950127 
0.2436445206403732 0.2543480396270752 0.9359190464019775 -0.3228964507579803 
-0.01329231262207031 -0.9640333652496338 0.2654488086700439 -0.05190372094511986 
0 0 0 1 

0.9729375243186951 -0.04026732593774796 -0.2275326550006866 0.02462308295071125 
0.2293020635843277 0.2897728383541107 0.9292212128639221 -0.3211372792720795 
0.02851548977196217 -0.956247866153717 0.291164219379425 -0.0636807382106781 
0 0 0 1 

0.9835374355316162 0.02851471118628979 -0.178440660238266 0.005158004816621542 
0.1592876017093658 0.3294987380504608 0.9306223392486572 -0.3185992240905762 
0.08533237874507904 -0.9437252283096313 0.3195322751998901 -0.07846525311470032 
0 0 0 1 

0.9871132969856262 0.1168110817670822 -0.1093732118606567 -0.02057057246565819 
0.0588226243853569 0.3707639873027802 0.926862359046936 -0.3113230764865875 
0.1488194465637207 -0.9213517904281616 0.359114944934845 -0.09937480092048645 
0 0 0 1 

0.9801560640335083 0.1954938471317291 -0.03280626982450485 -0.04861705005168915 
-0.03018064610660076 0.3107422888278961 0.9500148296356201 -0.313810408115387 
0.1959163844585419 -0.9301726818084717 0.3104760944843292 -0.08805204927921295 
0 0 0 1 

-0.97470623254776 -0.1705056875944138 0.1444837152957916 -0.006802739109843969 
0.1349823921918869 0.06612188369035721 0.9886391162872314 -0.3318080008029938 
-0.1781222373247147 0.9831354022026062 -0.04143394529819489 0.005828907713294029 
0 0 0 1 

