0.9397560358047485 0.3371005058288574 0.05676088482141495 -0.05626208707690239 
-0.2218490839004517 0.475084662437439 0.8515147566795349 -0.2483560740947723 
0.2600798606872559 -0.8128084540367126 0.5212491750717163 -0.1420659124851227 
0 0 0 1 

0.9496797919273376 0.3089024424552917 0.05184175819158554 -0.05794309079647064 
-0.1825305074453354 0.4112907648086548 0.8930411338806152 -0.2627418339252472 
0.2545405626296997 -0.8575657606124878 0.4469786286354065 -0.1213820800185204 
0 0 0 1 

0.998230516910553 0.02312197908759117 -0.05478366836905479 -0.0362195111811161 
0.04563787952065468 0.2926939725875854 0.9551163911819458 -0.3079797327518463 
0.03811902925372124 -0.9559265375137329 0.2911208271980286 -0.06435166299343109 
0 0 0 1 

0.9904541969299316 -0.04984496533870697 -0.1285143792629242 -0.006865866016596556 
0.1373424679040909 0.2775433957576752 0.9508452415466309 -0.317816436290741 
-0.01172653492540121 -0.9594191312789917 0.2817398607730865 -0.05898908525705338 
0 0 0 1 

0.969773530960083 -0.07711568474769592 -0.2315005660057068 0.02778949588537216 
0.2436445355415344 0.2543480396270752 0.9359190464019775 -0.3228965401649475 
-0.01329231262207031 -0.9640333652496338 0.2654488086700439 -0.05190369486808777 
0 0 0 1 

0.9729375243186951 -0.04026731848716736 -0.2275326699018478 0.02462308667600155 
0.2293020784854889 0.2897726595401764 0.9292212724685669 -0.3211372494697571 
0.02851547673344612 -0.9562479257583618 0.2911641001701355 -0.0636807382106781 
0 0 0 1 

0.9835374355316162 0.02851470746099949 -0.1784406304359436 0.005158000625669956 
0.1592875868082047 0.3294987678527832 0.9306222796440125 -0.3185991942882538 
0.08533237129449844 -0.9437251687049866 0.3195323050022125 -0.07846521586179733 
0 0 0 1 

0.9871132969856262 0.1168110817670822 -0.1093732118606567 -0.02057056874036789 
0.0588226243853569 0.3707639873027802 0.926862359046936 -0.3113231062889099 
0.1488194465637207 -0.9213517904281616 0.359114944934845 -0.09937480092048645 
0 0 0 1 

0.9801560640335083 0.1954938471317291 -0.03280626982450485 -0.04861703887581825 
-0.03018064610660076 0.3107422888278961 0.9500148296356201 -0.3138104975223541 
0.1959163844585419 -0.9301726818084717 0.3104760944843292 -0.08805201202630997 
0 0 0 1 

-0.9766552448272705 -0.1679559797048569 0.1339215487241745 -0.002887136768549681 
0.1258838027715683 0.05767233297228813 0.9903671145439148 -0.3314937949180603 
-0.1740616410970688 0.9841059446334839 -0.03518307954072952 0.004309274256229401 
0 0 0 1 

