-0.8411778807640076 -0.5399628877639771 0.02930855751037598 0.03256052732467651 
-0.5370097160339355 0.8277500867843628 -0.1626351922750473 0.08035971224308014 
0.06355684250593185 -0.1525441855192184 -0.9862504005432129 0.3053992092609406 
0 0 0 1 

-0.8816595673561096 -0.4712706208229065 -0.02409529313445091 0.0498587042093277 
-0.4681331217288971 0.8799335360527039 -0.0810454785823822 0.05516707524657249 
0.05939660221338272 -0.06017471104860306 -0.9964192509651184 0.3089468777179718 
0 0 0 1 

-0.9218717217445374 -0.3864455819129944 -0.02850878238677979 0.0526142492890358 
-0.3843812346458435 0.9212929010391235 -0.05891041085124016 0.04691620543599129 
0.049030601978302 -0.04334959015250206 -0.9978563189506531 0.3091484904289246 
0 0 0 1 

-0.9574303030967712 -0.2884337604045868 -0.01153145916759968 0.04893680289387703 
-0.2869774103164673 0.9553882479667664 -0.06983709335327148 0.04952739551663399 
0.03116039745509624 -0.06355489045381546 -0.9974917769432068 0.3087580502033234 
0 0 0 1 

-0.980322539806366 -0.1974027007818222 -0.0002700129989534616 0.04691683128476143 
-0.1966729909181595 0.976814329624176 -0.08457870036363602 0.05218563228845596 
0.01695981435477734 -0.08286129683256149 -0.9964170455932617 0.3085429668426514 
0 0 0 1 

-0.994795560836792 -0.1018623635172844 -0.002416918519884348 0.05002499744296074 
-0.1015347316861153 0.9930199384689331 -0.06001721322536469 0.0389644019305706 
0.008513543754816055 -0.05945945903658867 -0.9981945753097534 0.3101720213890076 
0 0 0 1 

-0.999799907207489 -0.008234028704464436 0.0182223953306675 0.04388555511832237 
-0.008628915064036846 0.9997273087501526 -0.02169892564415932 0.01581565849483013 
-0.01803875714540482 -0.02185182645916939 -0.9995983839035034 0.3137558102607727 
0 0 0 1 

-0.9037867188453674 -0.4065840542316437 -0.1336389482021332 0.08742354810237885 
-0.4072781801223755 0.913005530834198 -0.02335386909544468 0.03214804083108902 
0.1315084099769592 0.0333213172852993 -0.990755021572113 0.3110612332820892 
0 0 0 1 

-0.8763682246208191 -0.43093341588974 -0.2151161879301071 0.1135236024856567 
-0.4468024671077728 0.8941623568534851 0.02900325506925583 0.0195838026702404 
0.1798503249883652 0.1215319782495499 -0.9761576056480408 0.3053915500640869 
0 0 0 1 

-0.8741120100021362 -0.346901148557663 -0.3399815559387207 0.1552436053752899 
-0.3920291662216187 0.9171196222305298 0.07214393466711044 0.003303819103166461 
0.2867769300937653 0.1963445842266083 -0.9376605749130249 0.2892238795757294 
0 0 0 1 

