0.9896066188812256 0.0532924085855484 -0.1335612684488297 0.03849246725440025 
-0.05616231262683868 0.9982627630233765 -0.0178102720528841 0.02610339596867561 
0.1323800832033157 0.02512629516422749 0.9908804893493652 -0.3785958290100098 
0 0 0 1 

0.9659057855606079 0.05964178219437599 -0.2519299685955048 0.08627521246671677 
-0.06696222722530365 0.9975432753562927 -0.02057682722806931 0.02786419354379177 
0.2500838041305542 0.0367451086640358 0.9675266146659851 -0.3675210773944855 
0 0 0 1 

0.9908248782157898 0.05816915258765221 -0.1219947934150696 0.03583979234099388 
-0.05437813699245453 0.9979353547096252 0.03418046236038208 0.01073653995990753 
0.1237311437726021 -0.02723297663033009 0.9919419288635254 -0.3661405742168427 
0 0 0 1 

0.5346551537513733 0.7949405312538147 -0.2867286801338196 0.07418559491634369 
-0.8434662222862244 0.5228803753852844 -0.1231293007731438 0.06548326462507248 
0.05204430967569351 0.307677686214447 0.9500662088394165 -0.2184004485607147 
0 0 0 1 

0.5442324876785278 0.7731430530548096 -0.3256696760654449 0.08094413578510284 
-0.8383837938308716 0.4871612787246704 -0.2445124238729477 0.09634826332330704 
-0.03038946539163589 0.4061077833175659 0.9133197069168091 -0.2059233039617538 
0 0 0 1 

0.6378814578056335 0.7117972373962402 -0.2940267622470856 0.05998845770955086 
-0.7593481540679932 0.5176310539245605 -0.3942692875862122 0.1310198605060577 
-0.1284424811601639 0.4747657775878906 0.870689332485199 -0.2205899804830551 
0 0 0 1 

0.6545664668083191 0.7249336838722229 -0.2145080864429474 0.03702978789806366 
-0.7419219613075256 0.5614627599716187 -0.3664848208427429 0.1237417906522751 
-0.145238995552063 0.3990369439125061 0.9053590893745422 -0.2345262318849564 
0 0 0 1 

0.6679093837738037 0.731150209903717 -0.1389825344085693 0.01425447128713131 
-0.7267854809761047 0.6005599498748779 -0.3333320319652557 0.11455387622118 
-0.1602485775947571 0.3236460983753204 0.9325093030929565 -0.245883047580719 
0 0 0 1 

0.9788002967834473 0.04782389476895332 -0.199155405163765 0.03345192596316338 
-0.1217898726463318 0.9176764488220215 -0.3782023787498474 0.1004359796643257 
0.1646731048822403 0.394439697265625 0.9040464162826538 -0.1791441440582275 
0 0 0 1 

0.9878721833229065 0.04597366228699684 -0.1483070254325867 0.02159277535974979 
-0.08376313745975494 0.962043821811676 -0.2597213387489319 0.06689710915088654 
0.1307373940944672 0.2689940929412842 0.9542271494865417 -0.1953936815261841 
0 0 0 1 

