1.000000000000000000e+00 0.000000000000000000e+00 0.000000000000000000e+00 -1.792658120393753052e-02
0.000000000000000000e+00 1.000000000000000000e+00 0.000000000000000000e+00 2.243540808558464050e-02
0.000000000000000000e+00 0.000000000000000000e+00 1.000000000000000000e+00 -3.816788792610168457e-01
0.000000000000000000e+00 0.000000000000000000e+00 0.000000000000000000e+00 1.000000000000000000e+00
9.898125529289245605e-01 4.842305555939674377e-02 -1.338889896869659424e-01 3.855973482131958008e-02
-5.088980868458747864e-02 9.985907077789306641e-01 -1.506129559129476547e-02 2.515680715441703796e-02
1.329709887504577637e-01 2.172148600220680237e-02 9.908818602561950684e-01 -3.784515857696533203e-01
0.000000000000000000e+00 0.000000000000000000e+00 0.000000000000000000e+00 1.000000000000000000e+00
9.597507715225219727e-01 6.809972971677780151e-02 -2.724713981151580811e-01 9.494044631719589233e-02
-7.685658335685729980e-02 9.968085885047912598e-01 -2.158302254974842072e-02 2.868102677166461945e-02
2.701320052146911621e-01 4.165557771921157837e-02 9.619216918945312500e-01 -3.658331036567687988e-01
0.000000000000000000e+00 0.000000000000000000e+00 0.000000000000000000e+00 1.000000000000000000e+00
9.992575645446777344e-01 3.792226314544677734e-02 -6.823263131082057953e-03 -1.189326029270887375e-02
-3.786244615912437439e-02 9.992447495460510254e-01 8.688393048942089081e-03 1.658448204398155212e-02
7.147605530917644501e-03 -8.423645049333572388e-03 9.999393224716186523e-01 -3.685682713985443115e-01
0.000000000000000000e+00 0.000000000000000000e+00 0.000000000000000000e+00 1.000000000000000000e+00
9.927902221679687500e-01 5.357405543327331543e-02 -1.072258427739143372e-01 3.014914505183696747e-02
-4.989775642752647400e-02 9.980804920196533203e-01 3.668139129877090454e-02 9.199246764183044434e-03
1.089851930737495422e-01 -3.106656111776828766e-02 9.935577511787414551e-01 -3.666407465934753418e-01
0.000000000000000000e+00 0.000000000000000000e+00 0.000000000000000000e+00 1.000000000000000000e+00
-2.967261075973510742e-01 7.434217631816864014e-02 -9.520646333694458008e-01 3.999733030796051025e-01
-4.730033501982688904e-02 9.945970773696899414e-01 9.240528196096420288e-02 -8.478492498397827148e-03
9.537905454635620117e-01 7.245203107595443726e-02 -2.916066944599151611e-01 1.179625466465950012e-01
0.000000000000000000e+00 0.000000000000000000e+00 0.000000000000000000e+00 1.000000000000000000e+00
-3.292916715145111084e-01 1.002031266689300537e-01 -9.388968944549560547e-01 3.903225958347320557e-01
-1.592815481126308441e-02 9.936220645904541016e-01 1.116300374269485474e-01 -1.149140950292348862e-02
9.440934062004089355e-01 5.171374231576919556e-02 -3.255956172943115234e-01 1.358684897422790527e-01
0.000000000000000000e+00 0.000000000000000000e+00 0.000000000000000000e+00 1.000000000000000000e+00
-3.409282565116882324e-01 8.843321353197097778e-02 -9.359204173088073730e-01 3.819365501403808594e-01
-2.515698038041591644e-02 9.943503737449645996e-01 1.031181290745735168e-01 -4.141436424106359482e-03
9.397521018981933594e-01 5.870085209608078003e-02 -3.367776870727539062e-01 1.462563574314117432e-01
0.000000000000000000e+00 0.000000000000000000e+00 0.000000000000000000e+00 1.000000000000000000e+00
-3.157650530338287354e-01 8.336178958415985107e-02 -9.451683163642883301e-01 3.779871761798858643e-01
-3.257205337285995483e-02 9.945938587188720703e-01 9.860277920961380005e-02 -7.949404534883797169e-04
9.482776522636413574e-01 6.192139163613319397e-02 -3.113427460193634033e-01 1.431058049201965332e-01
0.000000000000000000e+00 0.000000000000000000e+00 0.000000000000000000e+00 1.000000000000000000e+00
-2.882145047187805176e-01 7.603811472654342651e-02 -9.545416831970214844e-01 3.751493394374847412e-01
-5.858089029788970947e-02 9.935752153396606445e-01 9.683548659086227417e-02 1.921634422615170479e-03
9.557721018791198730e-01 8.382730185985565186e-02 -2.819082736968994141e-01 1.397887766361236572e-01
0.000000000000000000e+00 0.000000000000000000e+00 0.000000000000000000e+00 1.000000000000000000e+00
-2.629413604736328125e-01 5.852470174431800842e-02 -9.630349874496459961e-01 3.717920482158660889e-01
-8.107198774814605713e-02 9.932876825332641602e-01 8.249861001968383789e-02 9.673867374658584595e-03
9.613997936248779297e-01 9.976756572723388672e-02 -2.564318180084228516e-01 1.382446140050888062e-01
0.000000000000000000e+00 0.000000000000000000e+00 0.000000000000000000e+00 1.000000000000000000e+00
-2.643468976020812988e-01 4.382394254207611084e-02 -9.634313583374023438e-01 3.670343160629272461e-01
-1.040897741913795471e-01 9.918353557586669922e-01 7.367623597383499146e-02 1.656972058117389679e-02
9.587942957878112793e-01 1.197594404220581055e-01 -2.576270401477813721e-01 1.456829756498336792e-01
0.000000000000000000e+00 0.000000000000000000e+00 0.000000000000000000e+00 1.000000000000000000e+00
-2.468428462743759155e-01 5.969297885894775391e-02 -9.672151803970336914e-01 3.678221702575683594e-01
-1.066791638731956482e-01 9.903606772422790527e-01 8.834703266620635986e-02 1.473200414329767227e-02
9.631651639938354492e-01 1.249895319342613220e-01 -2.380956113338470459e-01 1.440369486808776855e-01
0.000000000000000000e+00 0.000000000000000000e+00 0.000000000000000000e+00 1.000000000000000000e+00
-2.344021797180175781e-01 5.439037084579467773e-02 -9.706169962882995605e-01 3.681966960430145264e-01
-1.375041157007217407e-01 9.865401983261108398e-01 8.848958462476730347e-02 1.790375262498855591e-02
9.623662829399108887e-01 1.542060822248458862e-01 -2.237681299448013306e-01 1.454350501298904419e-01
0.000000000000000000e+00 0.000000000000000000e+00 0.000000000000000000e+00 1.000000000000000000e+00
-2.168468534946441650e-01 5.531528964638710022e-02 -9.746372699737548828e-01 3.696796596050262451e-01
-1.495687961578369141e-01 9.847224950790405273e-01 8.916521817445755005e-02 2.032520622014999390e-02
9.646794795989990234e-01 1.651104986667633057e-01 -2.052604556083679199e-01 1.450335681438446045e-01
0.000000000000000000e+00 0.000000000000000000e+00 0.000000000000000000e+00 1.000000000000000000e+00
-2.194641381502151489e-01 5.342865735292434692e-02 -9.741564989089965820e-01 3.679758012294769287e-01
-1.810445040464401245e-01 9.789266586303710938e-01 9.447706490755081177e-02 2.007392793893814087e-02
9.586753845214843750e-01 1.970999389886856079e-01 -2.051663249731063843e-01 1.538265049457550049e-01
0.000000000000000000e+00 0.000000000000000000e+00 0.000000000000000000e+00 1.000000000000000000e+00
-1.982318609952926636e-01 5.972189083695411682e-02 -9.783341288566589355e-01 3.698521852493286133e-01
-1.879118978977203369e-01 9.773109555244445801e-01 9.773446619510650635e-02 2.256949804723262787e-02
9.619739055633544922e-01 2.032147198915481567e-01 -1.825116723775863647e-01 1.545106023550033569e-01
0.000000000000000000e+00 0.000000000000000000e+00 0.000000000000000000e+00 1.000000000000000000e+00
-1.654181778430938721e-01 5.077632144093513489e-02 -9.849153161048889160e-01 3.722443282604217529e-01
-2.122728079557418823e-01 9.734333157539367676e-01 8.583590388298034668e-02 2.822624891996383667e-02
9.631081819534301758e-01 2.232695966958999634e-01 -1.502451598644256592e-01 1.516434699296951294e-01
0.000000000000000000e+00 0.000000000000000000e+00 0.000000000000000000e+00 1.000000000000000000e+00
-7.615014910697937012e-02 7.571939378976821899e-02 -9.942171573638916016e-01 3.829960525035858154e-01
-2.334688454866409302e-01 9.680397510528564453e-01 9.160777926445007324e-02 2.561628445982933044e-02
9.693782925605773926e-01 2.390946894884109497e-01 -5.603803321719169617e-02 1.358874738216400146e-01
0.000000000000000000e+00 0.000000000000000000e+00 0.000000000000000000e+00 1.000000000000000000e+00
-5.130642652511596680e-02 1.221491917967796326e-01 -9.911839365959167480e-01 3.960979282855987549e-01
-2.414759695529937744e-01 9.615243077278137207e-01 1.309935599565505981e-01 1.156491320580244064e-02
9.690493345260620117e-01 2.460681796073913574e-01 -1.983629912137985229e-02 1.482603698968887329e-01
0.000000000000000000e+00 0.000000000000000000e+00 0.000000000000000000e+00 1.000000000000000000e+00
-1.307798735797405243e-02 1.391995251178741455e-01 -9.901776313781738281e-01 4.080293476581573486e-01
-2.724373340606689453e-01 9.523017406463623047e-01 1.374732702970504761e-01 1.118559297174215317e-02
9.620843529701232910e-01 2.715592980384826660e-01 2.546903118491172791e-02 1.350697875022888184e-01
0.000000000000000000e+00 0.000000000000000000e+00 0.000000000000000000e+00 1.000000000000000000e+00
-7.155814766883850098e-02 1.722016483545303345e-01 -9.824591875076293945e-01 3.952493369579315186e-01
-2.025296092033386230e-01 9.619568586349487305e-01 1.833594739437103271e-01 -9.426069445908069611e-03
9.766578674316406250e-01 2.120980322360992432e-01 -3.395984694361686707e-02 1.457434147596359253e-01
0.000000000000000000e+00 0.000000000000000000e+00 0.000000000000000000e+00 1.000000000000000000e+00
-6.507928669452667236e-02 1.919300109148025513e-01 -9.792484045028686523e-01 3.917317092418670654e-01
-1.689013540744781494e-01 9.650506377220153809e-01 2.003722637891769409e-01 -1.789251901209354401e-02
9.834818840026855469e-01 1.784364581108093262e-01 -3.038775734603404999e-02 1.385985910892486572e-01
0.000000000000000000e+00 0.000000000000000000e+00 0.000000000000000000e+00 1.000000000000000000e+00
-5.911490693688392639e-02 2.592577338218688965e-01 -9.639980196952819824e-01 3.717621564865112305e-01
-6.524949520826339722e-02 9.626170992851257324e-01 2.628876566886901855e-01 -4.853168502449989319e-02
9.961161613464355469e-01 7.844114303588867188e-02 -3.998908028006553650e-02 1.231089755892753601e-01
0.000000000000000000e+00 0.000000000000000000e+00 0.000000000000000000e+00 1.000000000000000000e+00
-6.432546675205230713e-02 3.121840357780456543e-01 -9.478415846824645996e-01 3.512606620788574219e-01
-2.697234787046909332e-02 9.489174485206604004e-01 3.143689036369323730e-01 -7.681903988122940063e-02
9.975647926330566406e-01 4.578743875026702881e-02 -5.261923372745513916e-02 1.168403923511505127e-01
0.000000000000000000e+00 0.000000000000000000e+00 0.000000000000000000e+00 1.000000000000000000e+00
-5.688276141881942749e-02 3.851455152034759521e-01 -9.211008548736572266e-01 3.330751061439514160e-01
-1.421591587131842971e-04 9.225917458534240723e-01 3.857774436473846436e-01 -1.056000515818595886e-01
9.983807206153869629e-01 2.207510173320770264e-02 -5.242477357387542725e-02 1.109968945384025574e-01
0.000000000000000000e+00 0.000000000000000000e+00 0.000000000000000000e+00 1.000000000000000000e+00
2.358600683510303497e-02 4.346697926521301270e-01 -9.002809524536132812e-01 3.230567276477813721e-01
5.186848342418670654e-02 8.987865447998046875e-01 4.353070259094238281e-01 -1.239673942327499390e-01
9.983753561973571777e-01 -5.696331337094306946e-02 -1.346882316283881664e-03 8.801917731761932373e-02
0.000000000000000000e+00 0.000000000000000000e+00 0.000000000000000000e+00 1.000000000000000000e+00
3.495917618274688721e-01 4.454831779003143311e-01 -8.242148160934448242e-01 3.053361177444458008e-01
1.271480172872543335e-01 8.490259647369384766e-01 5.128232240676879883e-01 -1.524962037801742554e-01
9.282343983650207520e-01 -2.840762436389923096e-01 2.401703298091888428e-01 -1.218822202645242214e-03
0.000000000000000000e+00 0.000000000000000000e+00 0.000000000000000000e+00 1.000000000000000000e+00
4.274892210960388184e-01 4.590903222560882568e-01 -7.787740826606750488e-01 2.885238826274871826e-01
1.402835398912429810e-01 8.173331618309020996e-01 5.588262677192687988e-01 -1.708407253026962280e-01
8.930696845054626465e-01 -3.481413125991821289e-01 2.849984467029571533e-01 -1.955952122807502747e-02
0.000000000000000000e+00 0.000000000000000000e+00 0.000000000000000000e+00 1.000000000000000000e+00
4.688658416271209717e-01 4.900372326374053955e-01 -7.348659634590148926e-01 2.694553732872009277e-01
1.619151532649993896e-01 7.702012658119201660e-01 6.169068217277526855e-01 -1.902636587619781494e-01
8.683019280433654785e-01 -4.082323908805847168e-01 2.817765176296234131e-01 -2.182315848767757416e-02
0.000000000000000000e+00 0.000000000000000000e+00 0.000000000000000000e+00 1.000000000000000000e+00
4.881071150302886963e-01 5.088645219802856445e-01 -7.090897560119628906e-01 2.549553811550140381e-01
1.630097180604934692e-01 7.449981570243835449e-01 6.468424797058105469e-01 -2.003679573535919189e-01
8.574259281158447266e-01 -4.313169419765472412e-01 2.806890606880187988e-01 -2.346460893750190735e-02
0.000000000000000000e+00 0.000000000000000000e+00 0.000000000000000000e+00 1.000000000000000000e+00
5.074024796485900879e-01 5.120950937271118164e-01 -6.930376887321472168e-01 2.438549995422363281e-01
1.795696318149566650e-01 7.237660884857177734e-01 6.662709116935729980e-01 -2.058130204677581787e-01
8.427915573120117188e-01 -4.625162780284881592e-01 2.752840220928192139e-01 -2.444549649953842163e-02
0.000000000000000000e+00 0.000000000000000000e+00 0.000000000000000000e+00 1.000000000000000000e+00
5.126576423645019531e-01 5.450337529182434082e-01 -6.634155511856079102e-01 2.283126413822174072e-01
1.798841655254364014e-01 6.873472929000854492e-01 7.037010192871093750e-01 -2.167336046695709229e-01
8.395378589630126953e-01 -4.800957739353179932e-01 2.543307542800903320e-01 -2.135965414345264435e-02
0.000000000000000000e+00 0.000000000000000000e+00 0.000000000000000000e+00 1.000000000000000000e+00
4.843720197677612305e-01 6.106089949607849121e-01 -6.265301108360290527e-01 2.057803422212600708e-01
1.480873525142669678e-01 6.485890150070190430e-01 7.465937137603759766e-01 -2.273373603820800781e-01
8.622375726699829102e-01 -4.544104635715484619e-01 2.237349897623062134e-01 -1.967944949865341187e-02
0.000000000000000000e+00 0.000000000000000000e+00 0.000000000000000000e+00 1.000000000000000000e+00
5.020111799240112305e-01 6.230871677398681641e-01 -5.997889041900634766e-01 1.941904127597808838e-01
1.342099308967590332e-01 6.289835572242736816e-01 7.657461762428283691e-01 -2.315357625484466553e-01
8.543839454650878906e-01 -4.649108946323394775e-01 2.321322709321975708e-01 -2.636918984353542328e-02
0.000000000000000000e+00 0.000000000000000000e+00 0.000000000000000000e+00 1.000000000000000000e+00
4.806018769741058350e-01 6.841164827346801758e-01 -5.486405491828918457e-01 1.719345748424530029e-01
1.230798810720443726e-01 5.668174624443054199e-01 8.145978450775146484e-01 -2.418830841779708862e-01
8.682586550712585449e-01 -4.590238630771636963e-01 1.882125586271286011e-01 -2.327792719006538391e-02
0.000000000000000000e+00 0.000000000000000000e+00 0.000000000000000000e+00 1.000000000000000000e+00
3.815720975399017334e-01 7.685624957084655762e-01 -5.135320425033569336e-01 1.585147827863693237e-01
1.001673638820648193e-01 5.179135799407958984e-01 8.495481014251708984e-01 -2.467119097709655762e-01
9.188960790634155273e-01 -3.756029903888702393e-01 1.206365451216697693e-01 -1.293415762484073639e-02
0.000000000000000000e+00 0.000000000000000000e+00 0.000000000000000000e+00 1.000000000000000000e+00
4.971065521240234375e-01 7.546780109405517578e-01 -4.281892478466033936e-01 1.296565234661102295e-01
2.185566350817680359e-02 4.824349880218505859e-01 8.756589293479919434e-01 -2.469986081123352051e-01
8.674141168594360352e-01 -4.446541666984558105e-01 2.233276665210723877e-01 -4.688162729144096375e-02
0.000000000000000000e+00 0.000000000000000000e+00 0.000000000000000000e+00 1.000000000000000000e+00
5.948143601417541504e-01 7.262576222419738770e-01 -3.445947170257568359e-01 1.091748848557472229e-01
-3.454078361392021179e-02 4.513682723045349121e-01 8.916690349578857422e-01 -2.430012226104736328e-01
8.031207323074340820e-01 -5.184748172760009766e-01 2.935658097267150879e-01 -6.625294685363769531e-02
0.000000000000000000e+00 0.000000000000000000e+00 0.000000000000000000e+00 1.000000000000000000e+00
5.843689441680908203e-01 7.774354219436645508e-01 -2.326086759567260742e-01 8.387165516614913940e-02
-1.177420392632484436e-01 3.648418188095092773e-01 9.235947132110595703e-01 -2.543449103832244873e-01
8.029008507728576660e-01 -5.123322010040283203e-01 3.047390878200531006e-01 -6.477258354425430298e-02
0.000000000000000000e+00 0.000000000000000000e+00 0.000000000000000000e+00 1.000000000000000000e+00
5.733149051666259766e-01 8.119414448738098145e-01 -1.098223477602005005e-01 5.092314630746841431e-02
-1.832850426435470581e-01 2.577346563339233398e-01 9.486721754074096680e-01 -2.705541849136352539e-01
7.985718250274658203e-01 -5.237594842910766602e-01 2.965798974037170410e-01 -5.850915238261222839e-02
0.000000000000000000e+00 0.000000000000000000e+00 0.000000000000000000e+00 1.000000000000000000e+00
5.873675346374511719e-01 8.092997074127197266e-01 5.814538337290287018e-03 1.454159058630466461e-02
-2.043897211551666260e-01 1.413813084363937378e-01 9.686255455017089844e-01 -2.849002182483673096e-01
7.830866575241088867e-01 -5.701273679733276367e-01 2.484553307294845581e-01 -4.484714567661285400e-02
0.000000000000000000e+00 0.000000000000000000e+00 0.000000000000000000e+00 1.000000000000000000e+00
5.843760967254638672e-01 8.018883466720581055e-01 1.244217753410339355e-01 -2.779412269592285156e-02
-2.478574216365814209e-01 3.038060292601585388e-02 9.683197736740112305e-01 -2.909337282180786133e-01
7.727042436599731445e-01 -5.967017412185668945e-01 2.165077328681945801e-01 -3.692807629704475403e-02
0.000000000000000000e+00 0.000000000000000000e+00 0.000000000000000000e+00 1.000000000000000000e+00
6.081098914146423340e-01 7.614453434944152832e-01 2.245087474584579468e-01 -6.836682558059692383e-02
-2.401600480079650879e-01 -9.309901297092437744e-02 9.662582278251647949e-01 -2.974564135074615479e-01
7.566542625427246094e-01 -6.415092945098876953e-01 1.262543797492980957e-01 -1.245328597724437714e-02
0.000000000000000000e+00 0.000000000000000000e+00 0.000000000000000000e+00 1.000000000000000000e+00
5.760101675987243652e-01 8.133863210678100586e-01 8.133379369974136353e-02 -1.343655120581388474e-02
-3.057019710540771484e-01 1.220654025673866272e-01 9.442701339721679688e-01 -2.730684876441955566e-01
7.581284642219543457e-01 -5.687727928161621094e-01 3.189647495746612549e-01 -8.078041672706604004e-02
0.000000000000000000e+00 0.000000000000000000e+00 0.000000000000000000e+00 1.000000000000000000e+00
5.596892833709716797e-01 8.286522030830383301e-01 -9.143525734543800354e-03 1.715376786887645721e-02
-3.751911222934722900e-01 2.632191777229309082e-01 8.887897729873657227e-01 -2.460719048976898193e-01
7.389042973518371582e-01 -4.940157830715179443e-01 4.582239985466003418e-01 -1.197063550353050232e-01
0.000000000000000000e+00 0.000000000000000000e+00 0.000000000000000000e+00 1.000000000000000000e+00
5.373887419700622559e-01 8.324193954467773438e-01 -1.352450996637344360e-01 5.616886168718338013e-02
-4.438645839691162109e-01 4.155380427837371826e-01 7.939217686653137207e-01 -2.049146592617034912e-01
7.170755267143249512e-01 -3.666142225265502930e-01 5.927871465682983398e-01 -1.537869721651077271e-01
0.000000000000000000e+00 0.000000000000000000e+00 0.000000000000000000e+00 1.000000000000000000e+00
5.411508083343505859e-01 8.128544688224792480e-01 -2.154611200094223022e-01 7.856222987174987793e-02
-5.100683569908142090e-01 5.209857225418090820e-01 6.844006180763244629e-01 -1.628762781620025635e-01
6.685702204704284668e-01 -2.604640722274780273e-01 6.965429782867431641e-01 -1.763891428709030151e-01
0.000000000000000000e+00 0.000000000000000000e+00 0.000000000000000000e+00 1.000000000000000000e+00
5.618346333503723145e-01 7.902864217758178711e-01 -2.445182204246520996e-01 8.491308242082595825e-02
-5.661754012107849121e-01 5.828495621681213379e-01 5.828654170036315918e-01 -1.291475147008895874e-01
6.031479835510253906e-01 -1.890337169170379639e-01 7.749055624008178711e-01 -1.924480646848678589e-01
0.000000000000000000e+00 0.000000000000000000e+00 0.000000000000000000e+00 1.000000000000000000e+00
5.743952989578247070e-01 7.902073264122009277e-01 -2.136412858963012695e-01 7.236002385616302490e-02
-6.583874225616455078e-01 6.010623574256896973e-01 4.530452191829681396e-01 -9.328424930572509766e-02
4.864112734794616699e-01 -1.195682063698768616e-01 8.655099868774414062e-01 -2.117555886507034302e-01
0.000000000000000000e+00 0.000000000000000000e+00 0.000000000000000000e+00 1.000000000000000000e+00
5.685767531394958496e-01 7.869350314140319824e-01 -2.396948188543319702e-01 7.419193536043167114e-02
-7.074953317642211914e-01 6.164484024047851562e-01 3.456036150455474854e-01 -6.248532980680465698e-02
4.197270572185516357e-01 -2.691919170320034027e-02 9.072512984275817871e-01 -2.186203896999359131e-01
0.000000000000000000e+00 0.000000000000000000e+00 0.000000000000000000e+00 1.000000000000000000e+00
5.647578239440917969e-01 7.758486866950988770e-01 -2.812596261501312256e-01 8.071705698966979980e-02
-7.502533793449401855e-01 6.246557831764221191e-01 2.166213393211364746e-01 -2.489210292696952820e-02
3.437558412551879883e-01 8.867748081684112549e-02 9.348628520965576172e-01 -2.208499461412429810e-01
0.000000000000000000e+00 0.000000000000000000e+00 0.000000000000000000e+00 1.000000000000000000e+00
5.611272454261779785e-01 7.780537605285644531e-01 -2.824333012104034424e-01 7.904135435819625854e-02
-7.764022350311279297e-01 6.130301356315612793e-01 1.462642848491668701e-01 -5.466781556606292725e-03
2.869415283203125000e-01 1.372090131044387817e-01 9.480705857276916504e-01 -2.222970873117446899e-01
0.000000000000000000e+00 0.000000000000000000e+00 0.000000000000000000e+00 1.000000000000000000e+00
5.364103317260742188e-01 7.925956249237060547e-01 -2.899236679077148438e-01 7.828096300363540649e-02
-8.255244493484497070e-01 5.641680955886840820e-01 1.496026478707790375e-02 2.894880808889865875e-02
1.754231601953506470e-01 2.313143163919448853e-01 9.569327831268310547e-01 -2.222022861242294312e-01
0.000000000000000000e+00 0.000000000000000000e+00 0.000000000000000000e+00 1.000000000000000000e+00
5.285048484802246094e-01 7.946932315826416016e-01 -2.985720336437225342e-01 7.746259868144989014e-02
-8.469841480255126953e-01 5.174062252044677734e-01 -1.221010386943817139e-01 6.501981616020202637e-02
5.745012685656547546e-02 3.174167573451995850e-01 9.465442895889282227e-01 -2.177288681268692017e-01
0.000000000000000000e+00 0.000000000000000000e+00 0.000000000000000000e+00 1.000000000000000000e+00
5.466741919517517090e-01 7.742882370948791504e-01 -3.187866210937500000e-01 7.895351946353912354e-02
-8.366867899894714355e-01 4.900133907794952393e-01 -2.446260154247283936e-01 9.611809998750686646e-02
-3.320137038826942444e-02 4.004553556442260742e-01 9.157146215438842773e-01 -2.064747363328933716e-01
0.000000000000000000e+00 0.000000000000000000e+00 0.000000000000000000e+00 1.000000000000000000e+00
5.111385583877563477e-01 7.905861139297485352e-01 -3.372103273868560791e-01 8.267781138420104980e-02
-8.431366086006164551e-01 3.850192129611968994e-01 -3.753407001495361328e-01 1.300792098045349121e-01
-1.669067591428756714e-01 4.761655628681182861e-01 8.633704185485839844e-01 -1.869382858276367188e-01
0.000000000000000000e+00 0.000000000000000000e+00 0.000000000000000000e+00 1.000000000000000000e+00
5.013955235481262207e-01 7.878619432449340820e-01 -3.575974404811859131e-01 8.782274276018142700e-02
-8.238906264305114746e-01 3.085501492023468018e-01 -4.753954410552978516e-01 1.554686874151229858e-01
-2.642093598842620850e-01 5.329824090003967285e-01 8.038179278373718262e-01 -1.677529662847518921e-01
0.000000000000000000e+00 0.000000000000000000e+00 0.000000000000000000e+00 1.000000000000000000e+00
4.893394410610198975e-01 7.878349423408508301e-01 -3.739825785160064697e-01 9.520099312067031860e-02
-8.045406341552734375e-01 2.423312366008758545e-01 -5.422081947326660156e-01 1.720966398715972900e-01
-3.365429341793060303e-01 5.662079453468322754e-01 7.524275779724121094e-01 -1.508502662181854248e-01
0.000000000000000000e+00 0.000000000000000000e+00 0.000000000000000000e+00 1.000000000000000000e+00
4.558693766593933105e-01 8.109575510025024414e-01 -3.667843937873840332e-01 9.871226549148559570e-02
-7.869840264320373535e-01 1.747752875089645386e-01 -5.917006731033325195e-01 1.828295588493347168e-01
-4.157393276691436768e-01 5.583916902542114258e-01 7.178853750228881836e-01 -1.354316323995590210e-01
0.000000000000000000e+00 0.000000000000000000e+00 0.000000000000000000e+00 1.000000000000000000e+00
4.329865872859954834e-01 8.196284770965576172e-01 -3.751420378684997559e-01 1.070789098739624023e-01
-7.780137658119201660e-01 1.296445131301879883e-01 -6.147249937057495117e-01 1.852287948131561279e-01
-4.552110433578491211e-01 5.580334067344665527e-01 6.938166618347167969e-01 -1.223463788628578186e-01
0.000000000000000000e+00 0.000000000000000000e+00 0.000000000000000000e+00 1.000000000000000000e+00
2.963930964469909668e-01 9.148275256156921387e-01 -2.743026018142700195e-01 9.337660670280456543e-02
-7.708301544189453125e-01 5.956579744815826416e-02 -6.342497467994689941e-01 1.843359917402267456e-01
-5.638900399208068848e-01 3.994278907775878906e-01 7.228315472602844238e-01 -1.226883009076118469e-01
0.000000000000000000e+00 0.000000000000000000e+00 0.000000000000000000e+00 1.000000000000000000e+00
1.385256648063659668e-01 9.573361873626708984e-01 -2.536107003688812256e-01 9.882424771785736084e-02
-7.844163179397583008e-01 -5.026343837380409241e-02 -6.181948184967041016e-01 1.677413433790206909e-01
-6.045675277709960938e-01 2.845722436904907227e-01 7.439872026443481445e-01 -1.247537061572074890e-01
0.000000000000000000e+00 0.000000000000000000e+00 0.000000000000000000e+00 1.000000000000000000e+00
-3.101675771176815033e-02 9.711432456970214844e-01 -2.364716529846191406e-01 9.665021300315856934e-02
-7.911680936813354492e-01 -1.684331595897674561e-01 -5.879485607147216797e-01 1.510630846023559570e-01
-6.108119487762451172e-01 1.688526123762130737e-01 7.735616564750671387e-01 -1.327771097421646118e-01
0.000000000000000000e+00 0.000000000000000000e+00 0.000000000000000000e+00 1.000000000000000000e+00
-1.424787491559982300e-01 9.530304074287414551e-01 -2.672688364982604980e-01 1.023029386997222900e-01
-7.531643509864807129e-01 -2.795901298522949219e-01 -5.954601168632507324e-01 1.551990807056427002e-01
-6.422173976898193359e-01 1.164568811655044556e-01 7.576243281364440918e-01 -1.268423199653625488e-01
0.000000000000000000e+00 0.000000000000000000e+00 0.000000000000000000e+00 1.000000000000000000e+00
-1.492355763912200928e-01 9.515362977981567383e-01 -2.689000070095062256e-01 1.077002882957458496e-01
-7.115198373794555664e-01 -2.921814918518066406e-01 -6.390377283096313477e-01 1.697294563055038452e-01
-6.866351962089538574e-01 9.596037119626998901e-02 7.206410765647888184e-01 -1.128989234566688538e-01
0.000000000000000000e+00 0.000000000000000000e+00 0.000000000000000000e+00 1.000000000000000000e+00
-2.541607022285461426e-01 9.370073080062866211e-01 -2.396235913038253784e-01 1.110834032297134399e-01
-6.958848237991333008e-01 -3.492340743541717529e-01 -6.275186538696289062e-01 1.639159619808197021e-01
-6.716743111610412598e-01 7.259786128997802734e-03 7.408108115196228027e-01 -1.087913513183593750e-01
0.000000000000000000e+00 0.000000000000000000e+00 0.000000000000000000e+00 1.000000000000000000e+00
2.446952462196350098e-01 9.111619591712951660e-01 -3.315232694149017334e-01 8.820684999227523804e-02
-7.341159582138061523e-01 -4.926061257719993591e-02 -6.772348284721374512e-01 1.837778091430664062e-01
-6.334018707275390625e-01 4.090928137302398682e-01 6.568450331687927246e-01 -9.950853884220123291e-02
0.000000000000000000e+00 0.000000000000000000e+00 0.000000000000000000e+00 1.000000000000000000e+00
5.591708421707153320e-01 7.460051774978637695e-01 -3.616690337657928467e-01 8.044536411762237549e-02
-7.621358633041381836e-01 2.908437252044677734e-01 -5.784106254577636719e-01 1.750099062919616699e-01
-3.263080418109893799e-01 5.990712046623229980e-01 7.311885952949523926e-01 -1.552153229713439941e-01
0.000000000000000000e+00 0.000000000000000000e+00 0.000000000000000000e+00 1.000000000000000000e+00
6.041306257247924805e-01 7.042107582092285156e-01 -3.729788959026336670e-01 8.247391879558563232e-02
-7.708364129066467285e-01 3.977294862270355225e-01 -4.976165592670440674e-01 1.570143699645996094e-01
-2.020822912454605103e-01 5.881311297416687012e-01 7.831119894981384277e-01 -1.836488246917724609e-01
0.000000000000000000e+00 0.000000000000000000e+00 0.000000000000000000e+00 1.000000000000000000e+00
6.148844361305236816e-01 7.076700925827026367e-01 -3.480229079723358154e-01 7.600614428520202637e-02
-7.698326110839843750e-01 4.428810775279998779e-01 -4.595800638198852539e-01 1.483853757381439209e-01
-1.710984259843826294e-01 5.505079627037048340e-01 8.171083927154541016e-01 -1.994571089744567871e-01
0.000000000000000000e+00 0.000000000000000000e+00 0.000000000000000000e+00 1.000000000000000000e+00
6.409848332405090332e-01 7.102562785148620605e-01 -2.909884154796600342e-01 5.923218652606010437e-02
-7.566173672676086426e-01 5.209164023399353027e-01 -3.951912224292755127e-01 1.306366920471191406e-01
-1.291064769029617310e-01 4.734784960746765137e-01 8.712918758392333984e-01 -2.207149416208267212e-01
0.000000000000000000e+00 0.000000000000000000e+00 0.000000000000000000e+00 1.000000000000000000e+00
6.542465090751647949e-01 7.246403098106384277e-01 -2.164662927389144897e-01 3.787408396601676941e-02
-7.427040934562683105e-01 5.616291761398315430e-01 -3.646409511566162109e-01 1.234221681952476501e-01
-1.426598578691482544e-01 3.993355333805084229e-01 9.056375026702880859e-01 -2.344995141029357910e-01
0.000000000000000000e+00 0.000000000000000000e+00 0.000000000000000000e+00 1.000000000000000000e+00
6.686901450157165527e-01 7.311906218528747559e-01 -1.349574923515319824e-01 1.301956363022327423e-02
-7.253873348236083984e-01 6.016651988029479980e-01 -3.343827128410339355e-01 1.148415952920913696e-01
-1.632984131574630737e-01 3.214949071407318115e-01 9.327243566513061523e-01 -2.456780821084976196e-01
0.000000000000000000e+00 0.000000000000000000e+00 0.000000000000000000e+00 1.000000000000000000e+00
6.824138760566711426e-01 7.258938550949096680e-01 -8.595984429121017456e-02 -3.413011552765965462e-03
-7.162362337112426758e-01 6.405342817306518555e-01 -2.769857347011566162e-01 9.827625751495361328e-02
-1.460021436214447021e-01 2.505864500999450684e-01 9.570212960243225098e-01 -2.569065690040588379e-01
0.000000000000000000e+00 0.000000000000000000e+00 0.000000000000000000e+00 1.000000000000000000e+00
7.274073958396911621e-01 6.861026287078857422e-01 -1.188713870942592621e-02 -3.094655275344848633e-02
-6.728094220161437988e-01 7.096936106681823730e-01 -2.089552134275436401e-01 7.718348503112792969e-02
-1.349287033081054688e-01 1.599933505058288574e-01 9.778530597686767578e-01 -2.674975693225860596e-01
0.000000000000000000e+00 0.000000000000000000e+00 0.000000000000000000e+00 1.000000000000000000e+00
7.617764472961425781e-01 6.473630666732788086e-01 2.483290992677211761e-02 -4.574939981102943420e-02
-6.374387741088867188e-01 7.558372020721435547e-01 -1.496062129735946655e-01 5.830358713865280151e-02
-1.156192794442176819e-01 9.813699126243591309e-02 9.884337782859802246e-01 -2.741940617561340332e-01
0.000000000000000000e+00 0.000000000000000000e+00 0.000000000000000000e+00 1.000000000000000000e+00
7.868942022323608398e-01 6.103875041007995605e-01 9.068735688924789429e-02 -7.018518447875976562e-02
-6.073047518730163574e-01 7.920754551887512207e-01 -6.162140890955924988e-02 2.925827167928218842e-02
-1.094442456960678101e-01 -6.585471797734498978e-03 9.939709901809692383e-01 -2.787211835384368896e-01
0.000000000000000000e+00 0.000000000000000000e+00 0.000000000000000000e+00 1.000000000000000000e+00
8.101835250854492188e-01 5.716077685356140137e-01 1.298740655183792114e-01 -8.642891794443130493e-02
-5.782622098922729492e-01 8.156661391258239746e-01 1.738114468753337860e-02 2.990445354953408241e-03
-9.599865972995758057e-02 -8.918313682079315186e-02 9.913780093193054199e-01 -2.819903194904327393e-01
0.000000000000000000e+00 0.000000000000000000e+00 0.000000000000000000e+00 1.000000000000000000e+00
8.392179608345031738e-01 5.211718678474426270e-01 1.552193164825439453e-01 -9.842812269926071167e-02
-5.386687517166137695e-01 8.358231782913208008e-01 1.059954091906547546e-01 -2.770338393747806549e-02
-7.449406385421752930e-02 -1.725650429725646973e-01 9.821771979331970215e-01 -2.825488448143005371e-01
0.000000000000000000e+00 0.000000000000000000e+00 0.000000000000000000e+00 1.000000000000000000e+00
8.545607328414916992e-01 4.993728697299957275e-01 1.426621973514556885e-01 -9.855409711599349976e-02
-5.190840959548950195e-01 8.300780057907104492e-01 2.037705630064010620e-01 -6.182797998189926147e-02
-1.666316576302051544e-02 -2.481880635023117065e-01 9.685683250427246094e-01 -2.824835777282714844e-01
0.000000000000000000e+00 0.000000000000000000e+00 0.000000000000000000e+00 1.000000000000000000e+00
8.561647534370422363e-01 5.064033269882202148e-01 1.026519387960433960e-01 -8.943964540958404541e-02
-5.132214426994323730e-01 8.104208111763000488e-01 2.825284898281097412e-01 -9.025692939758300781e-02
5.988220125436782837e-02 -2.945738732814788818e-01 9.537507295608520508e-01 -2.828364968299865723e-01
0.000000000000000000e+00 0.000000000000000000e+00 0.000000000000000000e+00 1.000000000000000000e+00
8.583992719650268555e-01 5.105965137481689453e-01 4.940298572182655334e-02 -7.574312388896942139e-02
-4.911776483058929443e-01 7.903146147727966309e-01 3.662605881690979004e-01 -1.200839206576347351e-01
1.479676514863967896e-01 -3.386638462543487549e-01 9.292000532150268555e-01 -2.811346650123596191e-01
0.000000000000000000e+00 0.000000000000000000e+00 0.000000000000000000e+00 1.000000000000000000e+00
8.677369356155395508e-01 4.969899952411651611e-01 5.748801399022340775e-03 -6.495851278305053711e-02
-4.471212625503540039e-01 7.755114436149597168e-01 4.457174539566040039e-01 -1.506783813238143921e-01
2.170591354370117188e-01 -3.893362283706665039e-01 8.951548933982849121e-01 -2.767625451087951660e-01
0.000000000000000000e+00 0.000000000000000000e+00 0.000000000000000000e+00 1.000000000000000000e+00
8.811669945716857910e-01 4.712173044681549072e-01 -3.871497139334678650e-02 -5.242132395505905151e-02
-3.774550855159759521e-01 7.504129409790039062e-01 5.425932407379150391e-01 -1.886996179819107056e-01
2.847317159175872803e-01 -4.635024666786193848e-01 8.391028046607971191e-01 -2.696690559387207031e-01
0.000000000000000000e+00 0.000000000000000000e+00 0.000000000000000000e+00 1.000000000000000000e+00
9.147843718528747559e-01 3.999900519847869873e-01 -5.636404454708099365e-02 -4.722667858004570007e-02
-2.846084237098693848e-01 7.372496724128723145e-01 6.127481460571289062e-01 -2.152740508317947388e-01
2.866477668285369873e-01 -5.444911718368530273e-01 7.882652878761291504e-01 -2.632160484790802002e-01
0.000000000000000000e+00 0.000000000000000000e+00 0.000000000000000000e+00 1.000000000000000000e+00
9.292892813682556152e-01 3.496305942535400391e-01 -1.190763786435127258e-01 -2.677000313997268677e-02
-1.829919815063476562e-01 7.158690094947814941e-01 6.738292574882507324e-01 -2.393985688686370850e-01
3.208343088626861572e-01 -6.043921113014221191e-01 7.292289137840270996e-01 -2.548334896564483643e-01
0.000000000000000000e+00 0.000000000000000000e+00 0.000000000000000000e+00 1.000000000000000000e+00
9.017855525016784668e-01 3.744027912616729736e-01 -2.158821821212768555e-01 8.972445502877235413e-03
-1.129326075315475464e-01 6.862983703613281250e-01 7.184987068176269531e-01 -2.568117082118988037e-01
4.171677529811859131e-01 -6.235517859458923340e-01 6.611763238906860352e-01 -2.441851049661636353e-01
0.000000000000000000e+00 0.000000000000000000e+00 0.000000000000000000e+00 1.000000000000000000e+00
8.430838584899902344e-01 4.412690997123718262e-01 -3.073939681053161621e-01 4.619413241744041443e-02
-6.673204153776168823e-02 6.530193686485290527e-01 7.543954253196716309e-01 -2.709892392158508301e-01
5.336254835128784180e-01 -6.155054569244384766e-01 5.799970626831054688e-01 -2.248490899801254272e-01
0.000000000000000000e+00 0.000000000000000000e+00 0.000000000000000000e+00 1.000000000000000000e+00
9.380143880844116211e-01 2.539741396903991699e-01 -2.358507663011550903e-01 1.026305463165044785e-02
-1.530474890023469925e-02 7.101662158966064453e-01 7.038673758506774902e-01 -2.502171993255615234e-01
3.462575674057006836e-01 -6.566285490989685059e-01 6.700336337089538574e-01 -2.346436679363250732e-01
0.000000000000000000e+00 0.000000000000000000e+00 0.000000000000000000e+00 1.000000000000000000e+00
9.098129272460937500e-01 2.840383946895599365e-01 -3.025939762592315674e-01 3.100022301077842712e-02
-5.109407007694244385e-03 7.367190718650817871e-01 6.761791706085205078e-01 -2.359621077775955200e-01
4.149875938892364502e-01 -6.136506199836730957e-01 6.717276573181152344e-01 -2.406094968318939209e-01
0.000000000000000000e+00 0.000000000000000000e+00 0.000000000000000000e+00 1.000000000000000000e+00
8.928083777427673340e-01 3.397178649902343750e-01 -2.957792580127716064e-01 2.652161940932273865e-02
-3.506024181842803955e-02 7.070686817169189453e-01 7.062752842903137207e-01 -2.458597421646118164e-01
4.490703046321868896e-01 -6.201979517936706543e-01 6.431873440742492676e-01 -2.314469069242477417e-01
0.000000000000000000e+00 0.000000000000000000e+00 0.000000000000000000e+00 1.000000000000000000e+00
8.035326600074768066e-01 4.425827562808990479e-01 -3.980647623538970947e-01 6.761397421360015869e-02
2.820150181651115417e-02 6.396682858467102051e-01 7.681334018707275391e-01 -2.727747857570648193e-01
5.945920944213867188e-01 -6.284463405609130859e-01 5.015127658843994141e-01 -1.897770017385482788e-01
0.000000000000000000e+00 0.000000000000000000e+00 0.000000000000000000e+00 1.000000000000000000e+00
6.891674399375915527e-01 5.424382090568542480e-01 -4.804256856441497803e-01 1.069635897874832153e-01
7.645019143819808960e-02 6.048876047134399414e-01 7.926326990127563477e-01 -2.847819030284881592e-01
7.205580472946166992e-01 -5.829851627349853516e-01 3.753992915153503418e-01 -1.518505066633224487e-01
0.000000000000000000e+00 0.000000000000000000e+00 0.000000000000000000e+00 1.000000000000000000e+00
5.779207944869995117e-01 6.103056073188781738e-01 -5.417882204055786133e-01 1.387891620397567749e-01
1.360636353492736816e-01 5.825311541557312012e-01 8.013390302658081055e-01 -2.917639613151550293e-01
8.046700954437255859e-01 -5.368279814720153809e-01 2.536165416240692139e-01 -1.095054149627685547e-01
0.000000000000000000e+00 0.000000000000000000e+00 0.000000000000000000e+00 1.000000000000000000e+00
4.412592351436614990e-01 6.508563160896301270e-01 -6.177992820739746094e-01 1.772804260253906250e-01
2.637791633605957031e-01 5.639607310295104980e-01 7.825394868850708008e-01 -2.908861637115478516e-01
8.577358722686767578e-01 -5.082656145095825195e-01 7.717061787843704224e-02 -4.526941105723381042e-02
0.000000000000000000e+00 0.000000000000000000e+00 0.000000000000000000e+00 1.000000000000000000e+00
4.133777618408203125e-01 6.436212062835693359e-01 -6.441044807434082031e-01 1.902265846729278564e-01
3.363096714019775391e-01 5.494362711906433105e-01 7.648629546165466309e-01 -2.875412106513977051e-01
8.461763262748718262e-01 -5.327959060668945312e-01 1.066878717392683029e-02 -1.619350723922252655e-02
0.000000000000000000e+00 0.000000000000000000e+00 0.000000000000000000e+00 1.000000000000000000e+00
3.385985791683197021e-01 6.679916381835937500e-01 -6.626749038696289062e-01 2.031091451644897461e-01
3.824753463268280029e-01 5.457554459571838379e-01 7.455625534057617188e-01 -2.820394635200500488e-01
8.596878647804260254e-01 -5.059031844139099121e-01 -7.069823890924453735e-02 1.510917581617832184e-02
0.000000000000000000e+00 0.000000000000000000e+00 0.000000000000000000e+00 1.000000000000000000e+00
6.005894541740417480e-01 3.712486624717712402e-01 -7.081431746482849121e-01 2.228848338127136230e-01
4.620027244091033936e-01 5.617150664329528809e-01 6.863161921501159668e-01 -2.633125483989715576e-01
6.525686383247375488e-01 -7.393580675125122070e-01 1.658422350883483887e-01 -3.602578118443489075e-02
