1.000000000000000000e+00 0.000000000000000000e+00 0.000000000000000000e+00 -1.792658120393753052e-02
0.000000000000000000e+00 1.000000000000000000e+00 0.000000000000000000e+00 2.243540808558464050e-02
0.000000000000000000e+00 0.000000000000000000e+00 1.000000000000000000e+00 -3.816788792610168457e-01
0.000000000000000000e+00 0.000000000000000000e+00 0.000000000000000000e+00 1.000000000000000000e+00
9.896066188812255859e-01 5.329233407974243164e-02 -1.335610896348953247e-01 3.849262744188308716e-02
-5.616223812103271484e-02 9.982627630233764648e-01 -1.781024225056171417e-02 2.610346302390098572e-02
1.323799192905426025e-01 2.512626536190509796e-02 9.908804893493652344e-01 -3.785959184169769287e-01
0.000000000000000000e+00 0.000000000000000000e+00 0.000000000000000000e+00 1.000000000000000000e+00
9.659058451652526855e-01 5.964174494147300720e-02 -2.519297897815704346e-01 8.627518266439437866e-02
-6.696217507123947144e-02 9.975433349609375000e-01 -2.057682164013385773e-02 2.786409854888916016e-02
2.500836551189422607e-01 3.674507513642311096e-02 9.675266742706298828e-01 -3.675206601619720459e-01
0.000000000000000000e+00 0.000000000000000000e+00 0.000000000000000000e+00 1.000000000000000000e+00
9.990962743759155273e-01 3.941808268427848816e-02 -1.591088250279426575e-02 -8.242419920861721039e-03
-3.935337811708450317e-02 9.992154240608215332e-01 4.358090925961732864e-03 1.847656257450580597e-02
1.607020013034343719e-02 -3.728057956323027611e-03 9.998642802238464355e-01 -3.687449991703033447e-01
0.000000000000000000e+00 0.000000000000000000e+00 0.000000000000000000e+00 1.000000000000000000e+00
9.908246994018554688e-01 5.816907435655593872e-02 -1.219946071505546570e-01 3.584011271595954895e-02
-5.437805503606796265e-02 9.979352355003356934e-01 3.418041393160820007e-02 1.073678489774465561e-02
1.237309649586677551e-01 -2.723293378949165344e-02 9.919419884681701660e-01 -3.661412596702575684e-01
0.000000000000000000e+00 0.000000000000000000e+00 0.000000000000000000e+00 1.000000000000000000e+00
-3.044156432151794434e-01 7.657097280025482178e-02 -9.494568109512329102e-01 3.993225693702697754e-01
-3.989157080650329590e-02 9.948641657829284668e-01 9.302306920289993286e-02 -8.615962229669094086e-03
9.517036676406860352e-01 6.619299948215484619e-02 -2.997978627681732178e-01 1.210519745945930481e-01
0.000000000000000000e+00 0.000000000000000000e+00 0.000000000000000000e+00 1.000000000000000000e+00
-3.352540731430053711e-01 9.641896188259124756e-02 -9.371814727783203125e-01 3.895617127418518066e-01
-2.155319042503833771e-02 9.937039017677307129e-01 1.099442765116691589e-01 -1.074145268648862839e-02
9.418807029724121094e-01 5.705852061510086060e-02 -3.310653567314147949e-01 1.382337510585784912e-01
0.000000000000000000e+00 0.000000000000000000e+00 0.000000000000000000e+00 1.000000000000000000e+00
-3.346123099327087402e-01 9.456672519445419312e-02 -9.375987052917480469e-01 3.830142319202423096e-01
-2.116593159735202789e-02 9.939463138580322266e-01 1.078037694096565247e-01 -5.856254138052463531e-03
9.421176314353942871e-01 5.591765418648719788e-02 -3.305853307247161865e-01 1.436233073472976685e-01
0.000000000000000000e+00 0.000000000000000000e+00 0.000000000000000000e+00 1.000000000000000000e+00
-3.253384828567504883e-01 8.426580578088760376e-02 -9.418354630470275879e-01 3.768179416656494141e-01
-3.033673763275146484e-02 9.945787787437438965e-01 9.946394711732864380e-02 -1.011396409012377262e-03
9.451103806495666504e-01 6.093167513608932495e-02 -3.210184574127197266e-01 1.467784643173217773e-01
0.000000000000000000e+00 0.000000000000000000e+00 0.000000000000000000e+00 1.000000000000000000e+00
-2.832885384559631348e-01 8.141634613275527954e-02 -9.555721879005432129e-01 3.757466673851013184e-01
-5.552850291132926941e-02 9.933261871337890625e-01 1.010950654745101929e-01 6.756671937182545662e-04
9.574255943298339844e-01 8.170057088136672974e-02 -2.768768668174743652e-01 1.379104852676391602e-01
0.000000000000000000e+00 0.000000000000000000e+00 0.000000000000000000e+00 1.000000000000000000e+00
-2.606530785560607910e-01 6.185821443796157837e-02 -9.634486436843872070e-01 3.721342980861663818e-01
-8.116054534912109375e-02 9.930081963539123535e-01 8.571340888738632202e-02 8.577866479754447937e-03
9.620152711868286133e-01 1.005355939269065857e-01 -2.538102865219116211e-01 1.371841132640838623e-01
0.000000000000000000e+00 0.000000000000000000e+00 0.000000000000000000e+00 1.000000000000000000e+00
-2.662742733955383301e-01 4.165200144052505493e-02 -9.629968404769897461e-01 3.668054044246673584e-01
-1.087042689323425293e-01 9.913948178291320801e-01 7.293771207332611084e-02 1.670543476939201355e-02
9.577483534812927246e-01 1.241033151745796204e-01 -2.594552636146545410e-01 1.463338732719421387e-01
0.000000000000000000e+00 0.000000000000000000e+00 0.000000000000000000e+00 1.000000000000000000e+00
-2.533203363418579102e-01 5.611975491046905518e-02 -9.657531976699829102e-01 3.667594194412231445e-01
-1.081768944859504700e-01 9.904110431671142578e-01 8.592781424522399902e-02 1.567926630377769470e-02
9.613144993782043457e-01 1.262394338846206665e-01 -2.448205649852752686e-01 1.467085182666778564e-01
0.000000000000000000e+00 0.000000000000000000e+00 0.000000000000000000e+00 1.000000000000000000e+00
-2.387782186269760132e-01 5.119742453098297119e-02 -9.697235822677612305e-01 3.674007952213287354e-01
-1.393520981073379517e-01 9.864666461944580078e-01 8.639445155858993530e-02 1.898542046546936035e-02
9.610236883163452148e-01 1.557622104883193970e-01 -2.284121215343475342e-01 1.470941156148910522e-01
0.000000000000000000e+00 0.000000000000000000e+00 0.000000000000000000e+00 1.000000000000000000e+00
-2.299086302518844604e-01 5.613045766949653625e-02 -9.715923070907592773e-01 3.681075870990753174e-01
-1.503952443599700928e-01 9.842934012413024902e-01 9.245237708091735840e-02 1.884214766323566437e-02
9.615213274955749512e-01 1.673784404993057251e-01 -2.178557217121124268e-01 1.494548022747039795e-01
0.000000000000000000e+00 0.000000000000000000e+00 0.000000000000000000e+00 1.000000000000000000e+00
-2.203862667083740234e-01 5.949494242668151855e-02 -9.735965132713317871e-01 3.681974709033966064e-01
-1.779680401086807251e-01 9.789313077926635742e-01 1.001062542200088501e-01 1.822447218000888824e-02
9.590398073196411133e-01 1.953310370445251465e-01 -2.051548212766647339e-01 1.539082527160644531e-01
0.000000000000000000e+00 0.000000000000000000e+00 0.000000000000000000e+00 1.000000000000000000e+00
-2.006062567234039307e-01 5.690153315663337708e-02 -9.780182242393493652e-01 3.697361350059509277e-01
-1.935586184263229370e-01 9.763305783271789551e-01 9.650511294603347778e-02 2.232578583061695099e-02
9.603607654571533203e-01 2.086633890867233276e-01 -1.848442107439041138e-01 1.556527316570281982e-01
0.000000000000000000e+00 0.000000000000000000e+00 0.000000000000000000e+00 1.000000000000000000e+00
-1.680220663547515869e-01 5.182517319917678833e-02 -9.844197630882263184e-01 3.720547556877136230e-01
-2.185448706150054932e-01 9.718088507652282715e-01 8.846274763345718384e-02 2.655475772917270660e-02
9.612528085708618164e-01 2.300036400556564331e-01 -1.519592404365539551e-01 1.525328159332275391e-01
0.000000000000000000e+00 0.000000000000000000e+00 0.000000000000000000e+00 1.000000000000000000e+00
-8.777770400047302246e-02 7.979616522789001465e-02 -9.929388761520385742e-01 3.821124136447906494e-01
-2.323953211307525635e-01 9.676408171653747559e-01 9.830726683139801025e-02 2.304190583527088165e-02
9.686528444290161133e-01 2.393835633993148804e-01 -6.639280915260314941e-02 1.396299451589584351e-01
0.000000000000000000e+00 0.000000000000000000e+00 0.000000000000000000e+00 1.000000000000000000e+00
-4.659515991806983948e-02 1.256915926933288574e-01 -9.909737110137939453e-01 3.966841995716094971e-01
-2.413222193717956543e-01 9.612502455711364746e-01 1.332684606313705444e-01 1.071143988519906998e-02
9.693256020545959473e-01 2.453539073467254639e-01 -1.445745397359132767e-02 1.463747024536132812e-01
0.000000000000000000e+00 0.000000000000000000e+00 0.000000000000000000e+00 1.000000000000000000e+00
-3.291255980730056763e-02 1.418136209249496460e-01 -9.893456697463989258e-01 4.058637619018554688e-01
-2.624630630016326904e-01 9.539141654968261719e-01 1.454662680625915527e-01 9.301539510488510132e-03
9.643803238868713379e-01 2.644544541835784912e-01 5.825154017657041550e-03 1.422481089830398560e-01
0.000000000000000000e+00 0.000000000000000000e+00 0.000000000000000000e+00 1.000000000000000000e+00
-9.371700882911682129e-02 1.684301793575286865e-01 -9.812484383583068848e-01 3.926393091678619385e-01
-2.098786085844039917e-01 9.600955843925476074e-01 1.848443895578384399e-01 -1.121714059263467789e-02
9.732252955436706543e-01 2.232661992311477661e-01 -5.462733283638954163e-02 1.542299240827560425e-01
0.000000000000000000e+00 0.000000000000000000e+00 0.000000000000000000e+00 1.000000000000000000e+00
-7.833634316921234131e-02 1.900652498006820679e-01 -9.786411523818969727e-01 3.901164233684539795e-01
-1.722566187381744385e-01 9.643119573593139648e-01 2.010708451271057129e-01 -1.850634813308715820e-02
9.819321036338806152e-01 1.843285709619522095e-01 -4.280086979269981384e-02 1.433466672897338867e-01
0.000000000000000000e+00 0.000000000000000000e+00 0.000000000000000000e+00 1.000000000000000000e+00
-6.813307851552963257e-02 2.556791901588439941e-01 -9.643585085868835449e-01 3.710892498493194580e-01
-7.323007285594940186e-02 9.627146124839782715e-01 2.604171633720397949e-01 -4.861176386475563049e-02
9.949848055839538574e-01 8.836324512958526611e-02 -4.686981067061424255e-02 1.261169910430908203e-01
0.000000000000000000e+00 0.000000000000000000e+00 0.000000000000000000e+00 1.000000000000000000e+00
-7.907751947641372681e-02 3.134819567203521729e-01 -9.462960362434387207e-01 3.495133519172668457e-01
-3.440858423709869385e-02 9.478443264961242676e-01 3.168702721595764160e-01 -7.872388511896133423e-02
9.962748885154724121e-01 5.761801451444625854e-02 -6.416672468185424805e-02 1.214395835995674133e-01
0.000000000000000000e+00 0.000000000000000000e+00 0.000000000000000000e+00 1.000000000000000000e+00
-6.246395409107208252e-02 3.918463885784149170e-01 -9.179075360298156738e-01 3.317607641220092773e-01
3.736632643267512321e-03 9.197890162467956543e-01 3.923950493335723877e-01 -1.077544912695884705e-01
9.980400800704956055e-01 2.108073607087135315e-02 -5.891780555248260498e-02 1.134095191955566406e-01
0.000000000000000000e+00 0.000000000000000000e+00 0.000000000000000000e+00 1.000000000000000000e+00
1.894402876496315002e-02 4.395151734352111816e-01 -8.980353474617004395e-01 3.220882117748260498e-01
4.710257425904273987e-02 8.968068957328796387e-01 4.399074614048004150e-01 -1.256265491247177124e-01
9.987103939056396484e-01 -5.063334479928016663e-02 -3.713166341185569763e-03 8.898796886205673218e-02
0.000000000000000000e+00 0.000000000000000000e+00 0.000000000000000000e+00 1.000000000000000000e+00
3.439365625381469727e-01 4.446101784706115723e-01 -8.270605802536010742e-01 3.058868348598480225e-01
1.174821779131889343e-01 8.534988760948181152e-01 5.076780319213867188e-01 -1.514290720224380493e-01
9.316145181655883789e-01 -2.717740833759307861e-01 2.413158267736434937e-01 -1.501539372839033604e-03
0.000000000000000000e+00 0.000000000000000000e+00 0.000000000000000000e+00 1.000000000000000000e+00
4.215725064277648926e-01 4.625417292118072510e-01 -7.799562811851501465e-01 2.887015640735626221e-01
1.403279453516006470e-01 8.164854049682617188e-01 5.600531101226806641e-01 -1.709153056144714355e-01
8.958708643913269043e-01 -3.455525636672973633e-01 2.793003916740417480e-01 -1.779906637966632843e-02
0.000000000000000000e+00 0.000000000000000000e+00 0.000000000000000000e+00 1.000000000000000000e+00
4.636529386043548584e-01 4.973116219043731689e-01 -7.332849502563476562e-01 2.688417136669158936e-01
1.613199263811111450e-01 7.664029002189636230e-01 6.217740774154663086e-01 -1.911283731460571289e-01
8.712071180343627930e-01 -4.065807759761810303e-01 2.751185894012451172e-01 -1.940970681607723236e-02
0.000000000000000000e+00 0.000000000000000000e+00 0.000000000000000000e+00 1.000000000000000000e+00
4.905431866645812988e-01 5.057774782180786133e-01 -7.096171379089355469e-01 2.553340494632720947e-01
1.636548936367034912e-01 7.463655471801757812e-01 6.451009511947631836e-01 -1.995526701211929321e-01
8.559114336967468262e-01 -4.325821697711944580e-01 2.833515703678131104e-01 -2.444359846413135529e-02
0.000000000000000000e+00 0.000000000000000000e+00 0.000000000000000000e+00 1.000000000000000000e+00
5.038640499114990234e-01 5.160909891128540039e-01 -6.926550269126892090e-01 2.435789853334426880e-01
1.755534112453460693e-01 7.239655256271362305e-01 6.671240329742431641e-01 -2.063722312450408936e-01
8.457553386688232422e-01 -4.577380120754241943e-01 2.741786837577819824e-01 -2.404923364520072937e-02
0.000000000000000000e+00 0.000000000000000000e+00 0.000000000000000000e+00 1.000000000000000000e+00
5.049852728843688965e-01 5.528416633605957031e-01 -6.628392338752746582e-01 2.277881056070327759e-01
1.727778017520904541e-01 6.876603364944458008e-01 7.051743865013122559e-01 -2.174234837293624878e-01
8.456581234931945801e-01 -4.706267118453979492e-01 2.517394423484802246e-01 -2.047600597143173218e-02
0.000000000000000000e+00 0.000000000000000000e+00 0.000000000000000000e+00 1.000000000000000000e+00
4.979903399944305420e-01 6.049696803092956543e-01 -6.213026046752929688e-01 2.046530097723007202e-01
1.425091624259948730e-01 6.496285796165466309e-01 7.467754483222961426e-01 -2.274907082319259644e-01
8.553925752639770508e-01 -4.604284465312957764e-01 2.372951060533523560e-01 -2.364320494234561920e-02
0.000000000000000000e+00 0.000000000000000000e+00 0.000000000000000000e+00 1.000000000000000000e+00
4.847553372383117676e-01 6.322620511054992676e-01 -6.043645739555358887e-01 1.952683478593826294e-01
1.360642313957214355e-01 6.280548572540283203e-01 7.661811113357543945e-01 -2.312758564949035645e-01
8.640013337135314941e-01 -4.536428451538085938e-01 2.184246629476547241e-01 -2.228215895593166351e-02
0.000000000000000000e+00 0.000000000000000000e+00 0.000000000000000000e+00 1.000000000000000000e+00
4.699545800685882568e-01 6.898700594902038574e-01 -5.506559610366821289e-01 1.724809557199478149e-01
1.208138018846511841e-01 5.676957368850708008e-01 8.143253922462463379e-01 -2.418911606073379517e-01
8.743835687637329102e-01 -4.492227733135223389e-01 1.834453940391540527e-01 -2.199183404445648193e-02
0.000000000000000000e+00 0.000000000000000000e+00 0.000000000000000000e+00 1.000000000000000000e+00
3.754971027374267578e-01 7.717391252517700195e-01 -5.132458806037902832e-01 1.585529744625091553e-01
9.593345969915390015e-02 5.184305310249328613e-01 8.497214317321777344e-01 -2.470073550939559937e-01
9.218456745147705078e-01 -3.683053851127624512e-01 1.206336095929145813e-01 -1.304431539028882980e-02
0.000000000000000000e+00 0.000000000000000000e+00 0.000000000000000000e+00 1.000000000000000000e+00
4.940157830715179443e-01 7.564710974693298340e-01 -4.286021888256072998e-01 1.297800689935684204e-01
2.109867893159389496e-02 4.823805987834930420e-01 8.757074475288391113e-01 -2.468397915363311768e-01
8.691968321800231934e-01 -4.416562318801879883e-01 2.223431468009948730e-01 -4.641849175095558167e-02
0.000000000000000000e+00 0.000000000000000000e+00 0.000000000000000000e+00 1.000000000000000000e+00
5.858594775199890137e-01 7.324162721633911133e-01 -3.468931317329406738e-01 1.094899773597717285e-01
-3.915644809603691101e-02 4.531275629997253418e-01 8.905853629112243652e-01 -2.429354041814804077e-01
8.094662427902221680e-01 -5.081746578216552734e-01 2.941478788852691650e-01 -6.622657924890518188e-02
0.000000000000000000e+00 0.000000000000000000e+00 0.000000000000000000e+00 1.000000000000000000e+00
5.920331478118896484e-01 7.723701596260070801e-01 -2.300886213779449463e-01 8.300901949405670166e-02
-1.166012734174728394e-01 3.645879328250885010e-01 9.238396883010864258e-01 -2.544520497322082520e-01
7.974339723587036133e-01 -5.201150178909301758e-01 3.059074878692626953e-01 -6.517294794321060181e-02
0.000000000000000000e+00 0.000000000000000000e+00 0.000000000000000000e+00 1.000000000000000000e+00
5.699607133865356445e-01 8.146543502807617188e-01 -1.071583405137062073e-01 4.973217844963073730e-02
-1.899399310350418091e-01 2.575111389160156250e-01 9.474229812622070312e-01 -2.702781558036804199e-01
7.994172573089599609e-01 -5.196406245231628418e-01 3.015066683292388916e-01 -5.975942686200141907e-02
0.000000000000000000e+00 0.000000000000000000e+00 0.000000000000000000e+00 1.000000000000000000e+00
5.857216119766235352e-01 8.104606270790100098e-01 9.179387241601943970e-03 1.304298173636198044e-02
-2.082404643297195435e-01 1.395313739776611328e-01 9.680734872817993164e-01 -2.848089337348937988e-01
7.833049297332763672e-01 -5.689327716827392578e-01 2.504972219467163086e-01 -4.534833133220672607e-02
0.000000000000000000e+00 0.000000000000000000e+00 0.000000000000000000e+00 1.000000000000000000e+00
5.808938741683959961e-01 8.046297430992126465e-01 1.230221018195152283e-01 -2.794123440980911255e-02
-2.475893497467041016e-01 3.068630769848823547e-02 9.683786630630493164e-01 -2.911584973335266113e-01
7.754111289978027344e-01 -5.929841399192810059e-01 2.170433104038238525e-01 -3.684265911579132080e-02
0.000000000000000000e+00 0.000000000000000000e+00 0.000000000000000000e+00 1.000000000000000000e+00
6.080800890922546387e-01 7.636606097221374512e-01 2.169375270605087280e-01 -6.616746634244918823e-02
-2.318658381700515747e-01 -9.050759673118591309e-02 9.685276746749877930e-01 -2.980792522430419922e-01
7.592608332633972168e-01 -6.392428874969482422e-01 1.220309957861900330e-01 -1.130142621695995331e-02
0.000000000000000000e+00 0.000000000000000000e+00 0.000000000000000000e+00 1.000000000000000000e+00
5.732197165489196777e-01 8.145839571952819824e-01 8.872655034065246582e-02 -1.549179200083017349e-02
-3.112151622772216797e-01 1.162651032209396362e-01 9.432005882263183594e-01 -2.729220986366271973e-01
7.580003142356872559e-01 -5.682739019393920898e-01 3.201563358306884766e-01 -8.103738725185394287e-02
0.000000000000000000e+00 0.000000000000000000e+00 0.000000000000000000e+00 1.000000000000000000e+00
5.555377602577209473e-01 8.314881920814514160e-01 2.328090369701385498e-03 1.413772441446781158e-02
-3.871146738529205322e-01 2.561609148979187012e-01 8.857334852218627930e-01 -2.454161643981933594e-01
7.358804345130920410e-01 -4.929598271846771240e-01 4.641884267330169678e-01 -1.214269623160362244e-01
0.000000000000000000e+00 0.000000000000000000e+00 0.000000000000000000e+00 1.000000000000000000e+00
5.367818474769592285e-01 8.341156244277954102e-01 -1.269497871398925781e-01 5.400502309203147888e-02
-4.500829577445983887e-01 4.103537201881408691e-01 7.931169867515563965e-01 -2.048973888158798218e-01
7.136457562446594238e-01 -3.685929775238037109e-01 5.956918597221374512e-01 -1.546259522438049316e-01
0.000000000000000000e+00 0.000000000000000000e+00 0.000000000000000000e+00 1.000000000000000000e+00
5.429311990737915039e-01 8.129239082336425781e-01 -2.106667309999465942e-01 7.750883698463439941e-02
-5.132631063461303711e-01 5.197748541831970215e-01 6.829313039779663086e-01 -1.623843908309936523e-01
6.646704673767089844e-01 -2.626572847366333008e-01 6.994456648826599121e-01 -1.768626123666763306e-01
0.000000000000000000e+00 0.000000000000000000e+00 0.000000000000000000e+00 1.000000000000000000e+00
5.686548352241516113e-01 7.897191643714904785e-01 -2.301635593175888062e-01 8.108146488666534424e-02
-5.698411464691162109e-01 5.799921751022338867e-01 5.821429491043090820e-01 -1.283368915319442749e-01
5.932225584983825684e-01 -1.998816728591918945e-01 7.798296213150024414e-01 -1.937041282653808594e-01
0.000000000000000000e+00 0.000000000000000000e+00 0.000000000000000000e+00 1.000000000000000000e+00
5.762882232666015625e-01 7.902184724807739258e-01 -2.084390223026275635e-01 7.079214602708816528e-02
-6.596170663833618164e-01 6.003295183181762695e-01 4.522275030612945557e-01 -9.243677556514739990e-02
4.824905097484588623e-01 -1.231233477592468262e-01 8.672044873237609863e-01 -2.121358960866928101e-01
0.000000000000000000e+00 0.000000000000000000e+00 0.000000000000000000e+00 1.000000000000000000e+00
5.651655197143554688e-01 7.898202538490295410e-01 -2.382683902978897095e-01 7.410337030887603760e-02
-7.111586928367614746e-01 6.128173470497131348e-01 3.445407450199127197e-01 -6.177407130599021912e-02
4.181402325630187988e-01 -2.527588419616222382e-02 9.080309867858886719e-01 -2.187608331441879272e-01
0.000000000000000000e+00 0.000000000000000000e+00 0.000000000000000000e+00 1.000000000000000000e+00
5.672751665115356445e-01 7.759881019592285156e-01 -2.757551670074462891e-01 7.929951697587966919e-02
-7.486509680747985840e-01 6.254333853721618652e-01 2.198969125747680664e-01 -2.551073208451271057e-02
3.431038856506347656e-01 8.170241862535476685e-02 9.357375502586364746e-01 -2.212150245904922485e-01
0.000000000000000000e+00 0.000000000000000000e+00 0.000000000000000000e+00 1.000000000000000000e+00
5.560277104377746582e-01 7.820942401885986328e-01 -2.813570797443389893e-01 7.902887463569641113e-02
-7.805529236793518066e-01 6.076617240905761719e-01 1.465740203857421875e-01 -5.471985787153244019e-03
2.856045663356781006e-01 1.381149291992187500e-01 9.483427405357360840e-01 -2.222235202789306641e-01
0.000000000000000000e+00 0.000000000000000000e+00 0.000000000000000000e+00 1.000000000000000000e+00
5.460023880004882812e-01 7.882632613182067871e-01 -2.837641537189483643e-01 7.615140825510025024e-02
-8.197989463806152344e-01 5.725051760673522949e-01 1.294248644262552261e-02 2.924478799104690552e-02
1.726585626602172852e-01 2.255630046129226685e-01 9.588066935539245605e-01 -2.227022796869277954e-01
0.000000000000000000e+00 0.000000000000000000e+00 0.000000000000000000e+00 1.000000000000000000e+00
5.346550941467285156e-01 7.949405908584594727e-01 -2.867287099361419678e-01 7.418560236692428589e-02
-8.434662818908691406e-01 5.228803157806396484e-01 -1.231293082237243652e-01 6.548326462507247925e-02
5.204427987337112427e-02 3.076777160167694092e-01 9.500662088394165039e-01 -2.184004336595535278e-01
0.000000000000000000e+00 0.000000000000000000e+00 0.000000000000000000e+00 1.000000000000000000e+00
5.442324280738830566e-01 7.731430530548095703e-01 -3.256696760654449463e-01 8.094415068626403809e-02
-8.383837938308715820e-01 4.871613085269927979e-01 -2.445124536752700806e-01 9.634825587272644043e-02
-3.038947284221649170e-02 4.061078429222106934e-01 9.133197069168090820e-01 -2.059233039617538452e-01
0.000000000000000000e+00 0.000000000000000000e+00 0.000000000000000000e+00 1.000000000000000000e+00
5.130794048309326172e-01 7.898072004318237305e-01 -3.360861241817474365e-01 8.222692459821701050e-02
-8.417263627052307129e-01 3.863069713115692139e-01 -3.771783411502838135e-01 1.303994059562683105e-01
-1.680658310651779175e-01 4.764150679111480713e-01 8.630078434944152832e-01 -1.868470162153244019e-01
0.000000000000000000e+00 0.000000000000000000e+00 0.000000000000000000e+00 1.000000000000000000e+00
5.013852715492248535e-01 7.888900637626647949e-01 -3.553380966186523438e-01 8.726641535758972168e-02
-8.233776092529296875e-01 3.088645935058593750e-01 -4.760796129703521729e-01 1.556969732046127319e-01
-2.658232152462005615e-01 5.312768220901489258e-01 8.044147491455078125e-01 -1.678870767354965210e-01
0.000000000000000000e+00 0.000000000000000000e+00 0.000000000000000000e+00 1.000000000000000000e+00
4.875647127628326416e-01 7.934147715568542480e-01 -3.643811643123626709e-01 9.283679723739624023e-02
-8.042562603950500488e-01 2.457216978073120117e-01 -5.411030054092407227e-01 1.717886179685592651e-01
-3.397828042507171631e-01 5.568785071372985840e-01 7.579141855239868164e-01 -1.521085947751998901e-01
0.000000000000000000e+00 0.000000000000000000e+00 0.000000000000000000e+00 1.000000000000000000e+00
4.487189948558807373e-01 8.187533617019653320e-01 -3.581816256046295166e-01 9.689549356698989868e-02
-7.868568897247314453e-01 1.719499230384826660e-01 -5.926966667175292969e-01 1.830974966287612915e-01
-4.236831367015838623e-01 5.477918982505798340e-01 7.213989496231079102e-01 -1.361142396926879883e-01
0.000000000000000000e+00 0.000000000000000000e+00 0.000000000000000000e+00 1.000000000000000000e+00
4.303228557109832764e-01 8.230118155479431152e-01 -3.707743883132934570e-01 1.060624569654464722e-01
-7.776756286621093750e-01 1.294696927070617676e-01 -6.151894927024841309e-01 1.853710412979125977e-01
-4.583041965961456299e-01 5.530723333358764648e-01 6.957500576972961426e-01 -1.228111162781715393e-01
0.000000000000000000e+00 0.000000000000000000e+00 0.000000000000000000e+00 1.000000000000000000e+00
2.978601157665252686e-01 9.126752614974975586e-01 -2.798274457454681396e-01 9.457699209451675415e-02
-7.711686491966247559e-01 5.727789178490638733e-02 -6.340489983558654785e-01 1.842026561498641968e-01
-5.626528263092041016e-01 4.046519696712493896e-01 7.208873629570007324e-01 -1.222411692142486572e-01
0.000000000000000000e+00 0.000000000000000000e+00 0.000000000000000000e+00 1.000000000000000000e+00
1.296071559190750122e-01 9.625437259674072266e-01 -2.381425648927688599e-01 9.542065113782882690e-02
-7.848858237266540527e-01 -4.717469960451126099e-02 -6.178422570228576660e-01 1.678932905197143555e-01
-6.059343814849853516e-01 2.669915258884429932e-01 7.493726015090942383e-01 -1.265064328908920288e-01
0.000000000000000000e+00 0.000000000000000000e+00 0.000000000000000000e+00 1.000000000000000000e+00
-4.006019607186317444e-02 9.721757173538208008e-01 -2.308023124933242798e-01 9.555013477802276611e-02
-7.871930599212646484e-01 -1.729720532894134521e-01 -5.919526219367980957e-01 1.515410691499710083e-01
-6.154043078422546387e-01 1.579722762107849121e-01 7.722191214561462402e-01 -1.326458156108856201e-01
0.000000000000000000e+00 0.000000000000000000e+00 0.000000000000000000e+00 1.000000000000000000e+00
-1.524621993303298950e-01 9.529965519905090332e-01 -2.618256807327270508e-01 1.011737734079360962e-01
-7.503093481063842773e-01 -2.840430140495300293e-01 -5.969550609588623047e-01 1.552110314369201660e-01
-6.432659029960632324e-01 1.054370999336242676e-01 7.583481669425964355e-01 -1.272599548101425171e-01
0.000000000000000000e+00 0.000000000000000000e+00 0.000000000000000000e+00 1.000000000000000000e+00
-1.640559434890747070e-01 9.523941278457641602e-01 -2.569647729396820068e-01 1.053173467516899109e-01
-7.101854681968688965e-01 -2.948251068592071533e-01 -6.393077969551086426e-01 1.696291416883468628e-01
-6.846326589584350586e-01 7.761026173830032349e-02 7.247445583343505859e-01 -1.143769770860671997e-01
0.000000000000000000e+00 0.000000000000000000e+00 0.000000000000000000e+00 1.000000000000000000e+00
-2.745019495487213135e-01 9.358371496200561523e-01 -2.210368216037750244e-01 1.079505458474159241e-01
-6.921308040618896484e-01 -3.518642783164978027e-01 -6.301954388618469238e-01 1.641845256090164185e-01
-6.675353050231933594e-01 -2.000353112816810608e-02 7.443092465400695801e-01 -1.104577928781509399e-01
0.000000000000000000e+00 0.000000000000000000e+00 0.000000000000000000e+00 1.000000000000000000e+00
2.331095933914184570e-01 9.168857932090759277e-01 -3.240061402320861816e-01 8.693458139896392822e-02
-7.335476875305175781e-01 -5.294087156653404236e-02 -6.775727868080139160e-01 1.837659478187561035e-01
-6.384102106094360352e-01 3.956228196620941162e-01 6.602387428283691406e-01 -1.002158597111701965e-01
0.000000000000000000e+00 0.000000000000000000e+00 0.000000000000000000e+00 1.000000000000000000e+00
5.548164844512939453e-01 7.452735304832458496e-01 -3.697921037673950195e-01 8.277513831853866577e-02
-7.666221857070922852e-01 2.852840721607208252e-01 -5.752419829368591309e-01 1.745142191648483276e-01
-3.232167661190032959e-01 6.026445627212524414e-01 7.296235561370849609e-01 -1.550916135311126709e-01
0.000000000000000000e+00 0.000000000000000000e+00 0.000000000000000000e+00 1.000000000000000000e+00
6.068853139877319336e-01 6.987655162811279297e-01 -3.787041604518890381e-01 8.378449082374572754e-02
-7.690987586975097656e-01 3.961494863033294678e-01 -5.015500783920288086e-01 1.577322781085968018e-01
-2.004425078630447388e-01 5.956442952156066895e-01 7.778370976448059082e-01 -1.827584356069564819e-01
0.000000000000000000e+00 0.000000000000000000e+00 0.000000000000000000e+00 1.000000000000000000e+00
6.101358532905578613e-01 7.072667479515075684e-01 -3.570822775363922119e-01 7.842301577329635620e-02
-7.737390398979187012e-01 4.349244832992553711e-01 -4.606173336505889893e-01 1.489337533712387085e-01
-1.704756170511245728e-01 5.573276281356811523e-01 8.126031160354614258e-01 -1.985085010528564453e-01
0.000000000000000000e+00 0.000000000000000000e+00 0.000000000000000000e+00 1.000000000000000000e+00
6.378814578056335449e-01 7.117972373962402344e-01 -2.940267622470855713e-01 5.998848006129264832e-02
-7.593481540679931641e-01 5.176310539245605469e-01 -3.942692875862121582e-01 1.310198903083801270e-01
-1.284424960613250732e-01 4.747657775878906250e-01 8.706893324851989746e-01 -2.205899655818939209e-01
0.000000000000000000e+00 0.000000000000000000e+00 0.000000000000000000e+00 1.000000000000000000e+00
6.545663475990295410e-01 7.249337434768676758e-01 -2.145081460475921631e-01 3.702980279922485352e-02
-7.419220209121704102e-01 5.614626407623291016e-01 -3.664848804473876953e-01 1.237418130040168762e-01
-1.452390551567077637e-01 3.990370035171508789e-01 9.053590893745422363e-01 -2.345262020826339722e-01
0.000000000000000000e+00 0.000000000000000000e+00 0.000000000000000000e+00 1.000000000000000000e+00
6.679093837738037109e-01 7.311502099037170410e-01 -1.389825344085693359e-01 1.425449457019567490e-02
-7.267854809761047363e-01 6.005599498748779297e-01 -3.333320319652557373e-01 1.145539060235023499e-01
-1.602485775947570801e-01 3.236460983753204346e-01 9.325093030929565430e-01 -2.458830475807189941e-01
0.000000000000000000e+00 0.000000000000000000e+00 0.000000000000000000e+00 1.000000000000000000e+00
6.865314841270446777e-01 7.217075228691101074e-01 -8.838842809200286865e-02 -3.138940548524260521e-03
-7.135425209999084473e-01 6.453686952590942383e-01 -2.726828455924987793e-01 9.666875749826431274e-02
-1.397542506456375122e-01 2.502742409706115723e-01 9.580352306365966797e-01 -2.575444877147674561e-01
0.000000000000000000e+00 0.000000000000000000e+00 0.000000000000000000e+00 1.000000000000000000e+00
7.241969704627990723e-01 6.894053220748901367e-01 -1.608344539999961853e-02 -2.980834618210792542e-02
-6.771551966667175293e-01 7.065319418907165527e-01 -2.056046426296234131e-01 7.665526866912841797e-02
-1.303816884756088257e-01 1.597892493009567261e-01 9.785030484199523926e-01 -2.680415809154510498e-01
0.000000000000000000e+00 0.000000000000000000e+00 0.000000000000000000e+00 1.000000000000000000e+00
7.617709040641784668e-01 6.474554538726806641e-01 2.248335815966129303e-02 -4.523801058530807495e-02
-6.382582187652587891e-01 7.559940814971923828e-01 -1.452568471431732178e-01 5.706960707902908325e-02
-1.110447272658348083e-01 9.630221128463745117e-02 9.891384840011596680e-01 -2.747136056423187256e-01
0.000000000000000000e+00 0.000000000000000000e+00 0.000000000000000000e+00 1.000000000000000000e+00
7.855049967765808105e-01 6.124606132507324219e-01 8.873257786035537720e-02 -6.963834166526794434e-02
-6.091408133506774902e-01 7.904911637306213379e-01 -6.380385160446166992e-02 3.029198385775089264e-02
-1.092197448015213013e-01 -3.932530991733074188e-03 9.940096735954284668e-01 -2.789215743541717529e-01
0.000000000000000000e+00 0.000000000000000000e+00 0.000000000000000000e+00 1.000000000000000000e+00
8.086695075035095215e-01 5.729256272315979004e-01 1.334538608789443970e-01 -8.756034821271896362e-02
-5.798580050468444824e-01 8.145450353622436523e-01 1.678257994353771210e-02 3.222146071493625641e-03
-9.908898174762725830e-02 -9.095580130815505981e-02 9.909127950668334961e-01 -2.815496325492858887e-01
0.000000000000000000e+00 0.000000000000000000e+00 0.000000000000000000e+00 1.000000000000000000e+00
8.396833539009094238e-01 5.205120444297790527e-01 1.549160182476043701e-01 -9.844843298196792603e-02
-5.379297733306884766e-01 8.363469243049621582e-01 1.056161820888519287e-01 -2.770870737731456757e-02
-7.458902895450592041e-02 -1.720180958509445190e-01 9.822659492492675781e-01 -2.826515734195709229e-01
0.000000000000000000e+00 0.000000000000000000e+00 0.000000000000000000e+00 1.000000000000000000e+00
8.509058356285095215e-01 5.057627558708190918e-01 1.419968456029891968e-01 -9.847168624401092529e-02
-5.250869989395141602e-01 8.268896341323852539e-01 2.013389766216278076e-01 -6.108275800943374634e-02
-1.558586303144693375e-02 -2.458812743425369263e-01 9.691743850708007812e-01 -2.828081548213958740e-01
0.000000000000000000e+00 0.000000000000000000e+00 0.000000000000000000e+00 1.000000000000000000e+00
8.578659892082214355e-01 5.045400857925415039e-01 9.749425202608108521e-02 -8.780519664287567139e-02
-5.100547075271606445e-01 8.129382133483886719e-01 2.810268402099609375e-01 -9.012503176927566528e-02
6.253259629011154175e-02 -2.908105254173278809e-01 9.547350406646728516e-01 -2.834582328796386719e-01
0.000000000000000000e+00 0.000000000000000000e+00 0.000000000000000000e+00 1.000000000000000000e+00
8.597456812858581543e-01 5.076298117637634277e-01 5.610763654112815857e-02 -7.749179750680923462e-02
-4.912885427474975586e-01 7.920098900794982910e-01 3.624297678470611572e-01 -1.193421259522438049e-01
1.395425200462341309e-01 -3.391628563404083252e-01 9.303207993507385254e-01 -2.809023559093475342e-01
0.000000000000000000e+00 0.000000000000000000e+00 0.000000000000000000e+00 1.000000000000000000e+00
8.656903505325317383e-01 5.004274249076843262e-01 1.233385410159826279e-02 -6.706117093563079834e-02
-4.524921774864196777e-01 7.717548012733459473e-01 4.468162953853607178e-01 -1.510354429483413696e-01
2.140807062387466431e-01 -3.923858702182769775e-01 8.945403695106506348e-01 -2.762510776519775391e-01
0.000000000000000000e+00 0.000000000000000000e+00 0.000000000000000000e+00 1.000000000000000000e+00
8.799983859062194824e-01 4.730761349201202393e-01 -4.244602099061012268e-02 -5.155613273382186890e-02
-3.783379197120666504e-01 7.521783113479614258e-01 5.395253300666809082e-01 -1.875842660665512085e-01
2.871637046337127686e-01 -4.587228596210479736e-01 8.408986330032348633e-01 -2.707461416721343994e-01
0.000000000000000000e+00 0.000000000000000000e+00 0.000000000000000000e+00 1.000000000000000000e+00
9.145863652229309082e-01 3.997750282287597656e-01 -6.091897562146186829e-02 -4.580066353082656860e-02
-2.829279601573944092e-01 7.402150034904479980e-01 6.099448800086975098e-01 -2.140088528394699097e-01
2.889341115951538086e-01 -5.406120419502258301e-01 7.900983691215515137e-01 -2.642958462238311768e-01
0.000000000000000000e+00 0.000000000000000000e+00 0.000000000000000000e+00 1.000000000000000000e+00
9.298540949821472168e-01 3.480650186538696289e-01 -1.192535087466239929e-01 -2.661602571606636047e-02
-1.833964586257934570e-01 7.194580435752868652e-01 6.698852181434631348e-01 -2.386413663625717163e-01
3.189614117145538330e-01 -6.010246872901916504e-01 7.328248620033264160e-01 -2.558626234531402588e-01
0.000000000000000000e+00 0.000000000000000000e+00 0.000000000000000000e+00 1.000000000000000000e+00
9.022024869918823242e-01 3.741381466388702393e-01 -2.145950049161911011e-01 8.166974410414695740e-03
-1.141423135995864868e-01 6.869097948074340820e-01 7.177228331565856934e-01 -2.565039396286010742e-01
4.159351289272308350e-01 -6.230370998382568359e-01 6.624368429183959961e-01 -2.445258051156997681e-01
0.000000000000000000e+00 0.000000000000000000e+00 0.000000000000000000e+00 1.000000000000000000e+00
8.452137112617492676e-01 4.421192109584808350e-01 -3.002402186393737793e-01 4.361779615283012390e-02
-7.537181675434112549e-02 6.547951698303222656e-01 7.520387172698974609e-01 -2.692781388759613037e-01
5.290865302085876465e-01 -6.130037307739257812e-01 5.867654085159301758e-01 -2.270399034023284912e-01
0.000000000000000000e+00 0.000000000000000000e+00 0.000000000000000000e+00 1.000000000000000000e+00
9.388069510459899902e-01 2.557161450386047363e-01 -2.307599931955337524e-01 8.493690751492977142e-03
-1.994897797703742981e-02 7.091932892799377441e-01 7.047314643859863281e-01 -2.499189823865890503e-01
3.438648581504821777e-01 -6.570038199424743652e-01 6.708973646163940430e-01 -2.345942705869674683e-01
0.000000000000000000e+00 0.000000000000000000e+00 0.000000000000000000e+00 1.000000000000000000e+00
9.134874343872070312e-01 2.760627269744873047e-01 -2.988821566104888916e-01 2.896795980632305145e-02
-1.078032306395471096e-03 7.362329959869384766e-01 6.767268180847167969e-01 -2.366126328706741333e-01
4.068659543991088867e-01 -6.178593635559082031e-01 6.728370785713195801e-01 -2.401743680238723755e-01
0.000000000000000000e+00 0.000000000000000000e+00 0.000000000000000000e+00 1.000000000000000000e+00
8.944514989852905273e-01 3.390744626522064209e-01 -2.915225028991699219e-01 2.485244907438755035e-02
-3.974181786179542542e-02 7.096335887908935547e-01 7.034492492675781250e-01 -2.444378584623336792e-01
4.453955888748168945e-01 -6.176152229309082031e-01 6.482082009315490723e-01 -2.326790392398834229e-01
0.000000000000000000e+00 0.000000000000000000e+00 0.000000000000000000e+00 1.000000000000000000e+00
7.999894022941589355e-01 4.391327798366546631e-01 -4.088755249977111816e-01 7.157148420810699463e-02
3.739638626575469971e-02 6.436274647712707520e-01 7.644245624542236328e-01 -2.726218104362487793e-01
5.988475084304809570e-01 -6.268220543861389160e-01 4.984731078147888184e-01 -1.892611384391784668e-01
0.000000000000000000e+00 0.000000000000000000e+00 0.000000000000000000e+00 1.000000000000000000e+00
6.991849541664123535e-01 5.351159572601318359e-01 -4.741214215755462646e-01 1.040163636207580566e-01
7.630215585231781006e-02 6.035226583480834961e-01 7.936867475509643555e-01 -2.849423587322235107e-01
7.108576893806457520e-01 -5.911102294921875000e-01 3.811433911323547363e-01 -1.526904404163360596e-01
0.000000000000000000e+00 0.000000000000000000e+00 0.000000000000000000e+00 1.000000000000000000e+00
5.903478860855102539e-01 6.042086482048034668e-01 -5.351832509040832520e-01 1.357964724302291870e-01
1.291927248239517212e-01 5.837717652320861816e-01 8.015733361244201660e-01 -2.911497652530670166e-01
7.967423200607299805e-01 -5.423486828804016113e-01 2.665691375732421875e-01 -1.130208373069763184e-01
0.000000000000000000e+00 0.000000000000000000e+00 0.000000000000000000e+00 1.000000000000000000e+00
4.395537078380584717e-01 6.554325222969055176e-01 -6.141663789749145508e-01 1.761483997106552124e-01
2.591668069362640381e-01 5.621353387832641602e-01 7.853888869285583496e-01 -2.915042638778686523e-01
8.600145578384399414e-01 -5.043923854827880859e-01 7.722236961126327515e-02 -4.531694948673248291e-02
0.000000000000000000e+00 0.000000000000000000e+00 0.000000000000000000e+00 1.000000000000000000e+00
4.101068973541259766e-01 6.471385359764099121e-01 -6.426694989204406738e-01 1.898851692676544189e-01
3.334494829177856445e-01 5.494787096977233887e-01 7.660837173461914062e-01 -2.878472208976745605e-01
8.488954901695251465e-01 -5.284740328788757324e-01 9.557095356285572052e-03 -1.619643531739711761e-02
0.000000000000000000e+00 0.000000000000000000e+00 0.000000000000000000e+00 1.000000000000000000e+00
3.292191028594970703e-01 6.746577620506286621e-01 -6.606447696685791016e-01 2.027353942394256592e-01
3.828887641429901123e-01 5.441650748252868652e-01 7.465122342109680176e-01 -2.824450433254241943e-01
8.631399869918823242e-01 -4.987194836139678955e-01 -7.916926592588424683e-02 1.762792095541954041e-02
0.000000000000000000e+00 0.000000000000000000e+00 0.000000000000000000e+00 1.000000000000000000e+00
5.884187221527099609e-01 3.879024982452392578e-01 -7.094328999519348145e-01 2.234384417533874512e-01
4.539922773838043213e-01 5.675398111343383789e-01 6.868695616722106934e-01 -2.632146179676055908e-01
6.690698266029357910e-01 -7.262437343597412109e-01 1.578463166952133179e-01 -3.407062217593193054e-02
