-0.4932819306850433 -0.5436418652534485 0.6790627241134644 -0.1811583340167999 
-0.8698693513870239 0.3081827163696289 -0.3851631283760071 0.1611179560422897 
0.0001154565179604106 -0.7806899547576904 -0.6249184012413025 0.1873504519462585 
0 0 0 1 

-0.4661960601806641 -0.6039777398109436 0.6464301347732544 -0.1754326671361923 
-0.8829138278961182 0.3638046979904175 -0.296831876039505 0.1349256932735443 
-0.05589444190263748 -0.7091240286827087 -0.7028646469116211 0.2159100472927094 
0 0 0 1 

-0.4997961819171906 -0.6508697271347046 0.5714650750160217 -0.1531273424625397 
-0.8658186197280884 0.3934904634952545 -0.3090684711933136 0.1374097019433975 
-0.023702722042799 -0.6492563486099243 -0.7602001428604126 0.2326855659484863 
0 0 0 1 

-0.6058642268180847 -0.6678383946418762 0.4323429465293884 -0.1057644560933113 
-0.7943581938743591 0.4778593778610229 -0.3750272989273071 0.1520628780126572 
0.04385849833488464 -0.5706508159637451 -0.8200207352638245 0.2482073754072189 
0 0 0 1 

-0.6711009740829468 -0.674075186252594 0.3086185455322266 -0.06355268508195877 
-0.7364910244941711 0.5585184693336487 -0.3816255033016205 0.153052344918251 
0.08487518131732941 -0.4834042191505432 -0.8712725639343262 0.2645774185657501 
0 0 0 1 

-0.7238746285438538 -0.6468663215637207 0.2399359196424484 -0.04012558609247208 
-0.6859535574913025 0.6374875903129578 -0.3508237302303314 0.1425018608570099 
0.07397989183664322 -0.4185373485088348 -0.905181348323822 0.277336061000824 
0 0 0 1 

-0.7662146687507629 -0.6275128722190857 0.1383565217256546 -0.004936541430652142 
-0.6342731714248657 0.7040472030639648 -0.319398045539856 0.1320075243711472 
0.1030168607831001 -0.3324833512306213 -0.9374658465385437 0.2874442040920258 
0 0 0 1 

-0.805489718914032 -0.5891147255897522 0.06426875293254852 0.0200977697968483 
-0.5874912738800049 0.7795987725257874 -0.2169789224863052 0.09814063459634781 
0.07772162556648254 -0.2125315964221954 -0.9740586280822754 0.300502210855484 
0 0 0 1 

-0.8375154733657837 -0.5461125373840332 0.0181448832154274 0.03573921322822571 
-0.5415764451026917 0.8252338767051697 -0.1602624356746674 0.08003009110689163 
0.072547547519207 -0.1440490931272507 -0.9869076609611511 0.3049383461475372 
0 0 0 1 

-0.8812834024429321 -0.4715345799922943 -0.03153914213180542 0.05211509019136429 
-0.4680557250976562 0.8801060914993286 -0.07960601896047592 0.05577316135168076 
0.0652947872877121 -0.05539338663220406 -0.9963273406028748 0.3083345293998718 
0 0 0 1 

