-0.451892614364624 0.2223542630672455 -0.8639162182807922 0.3214988112449646 
0.4029285907745361 0.9148976802825928 0.02471400424838066 -0.006030239164829254 
0.795890212059021 -0.336928516626358 -0.5030284523963928 0.2085534930229187 
0 0 0 1 

-0.5040804743766785 0.1360586136579514 -0.8528720140457153 0.3124436438083649 
0.370108962059021 0.9262726902961731 -0.07098058611154556 0.02575897052884102 
0.7803345322608948 -0.3514355421066284 -0.5172724723815918 0.2110874056816101 
0 0 0 1 

-0.570085346698761 0.07383423298597336 -0.8182609677314758 0.2955800890922546 
0.3080859482288361 0.9424896240234375 -0.1296008378267288 0.0454639308154583 
0.7616334557533264 -0.3259782791137695 -0.5600467920303345 0.2259468734264374 
0 0 0 1 

-0.7346777319908142 -0.17325359582901 -0.6559205055236816 0.2318804413080215 
-0.1752936989068985 0.9824874401092529 -0.0631709098815918 0.01024353224784136 
0.6553782820701599 0.06856846809387207 -0.7521819472312927 0.2817776501178741 
0 0 0 1 

-0.7318020462989807 -0.08138309419155121 -0.6766403913497925 0.2313689440488815 
-0.1293867230415344 0.9913781881332397 0.02069645747542381 -0.02476453594863415 
0.6691221594810486 0.1026940047740936 -0.7360225319862366 0.274123340845108 
0 0 0 1 

-0.6911176443099976 -0.02194986678659916 -0.7224084734916687 0.2441094666719437 
-0.07569688558578491 0.9962396621704102 0.04214810207486153 -0.02962574921548367 
0.7187668681144714 0.0838133916258812 -0.6901804208755493 0.2586036026477814 
0 0 0 1 

-0.6795607209205627 0.09364152699708939 -0.7276179790496826 0.245964303612709 
0.02140289917588234 0.9939286112785339 0.1079253107309341 -0.05122046917676926 
0.7333065867424011 0.05776869505643845 -0.6774389743804932 0.2556641697883606 
0 0 0 1 

-0.6667866706848145 0.2203319221735001 -0.7119332551956177 0.2421463280916214 
0.1450187563896179 0.9753963351249695 0.1660469174385071 -0.07096457481384277 
0.7310025095939636 0.007474234327673912 -0.6823335886001587 0.2609719336032867 
0 0 0 1 

-0.6356135606765747 0.3205115497112274 -0.7023299932479858 0.2405266314744949 
0.2469855546951294 0.9463553428649902 0.2083499133586884 -0.08273039758205414 
0.731432318687439 -0.04103533551096916 -0.6806779503822327 0.2630425989627838 
0 0 0 1 

-0.5616892576217651 0.3864990174770355 -0.7315211296081543 0.2499512881040573 
0.3024239838123322 0.918903648853302 0.2532899379730225 -0.09299205243587494 
0.7700937390327454 -0.07895927131175995 -0.6330248713493347 0.2502148151397705 
0 0 0 1 

