0.9012030363082886 0.4331591427326202 -0.01435800082981586 -0.02461559139192104 
-0.3975230753421783 0.8393508195877075 0.3707631826400757 -0.09199542552232742 
0.172651007771492 -0.328425258398056 0.9286163449287415 -0.2533695995807648 
0 0 0 1 

0.9060453176498413 0.4230337142944336 -0.01114434469491243 -0.02684623561799526 
-0.3714422583580017 0.8076140284538269 0.4580283164978027 -0.1207187846302986 
0.2027618885040283 -0.4108548760414124 0.8888676762580872 -0.2436291426420212 
0 0 0 1 

0.9162006974220276 0.4006406962871552 -0.007954365573823452 -0.0305034015327692 
-0.33055779337883 0.7668552398681641 0.5501493811607361 -0.1514401584863663 
0.2265121936798096 -0.5014178156852722 0.8350282311439514 -0.2302843630313873 
0 0 0 1 

0.9082923531532288 0.4181585609912872 0.01217769458889961 -0.03752546012401581 
-0.3320194780826569 0.7028675675392151 0.6290786266326904 -0.1752111315727234 
0.2544954419136047 -0.5754305124282837 0.7772461175918579 -0.2165135741233826 
0 0 0 1 

0.9165031909942627 0.3988165259361267 0.03110111318528652 -0.04523280635476112 
-0.2952719330787659 0.6219972372055054 0.7252128720283508 -0.2056949287652969 
0.2698821425437927 -0.6738432049751282 0.6878218054771423 -0.1918430775403976 
0 0 0 1 

0.9253393411636353 0.3749590218067169 0.05615030229091644 -0.05433528870344162 
-0.2689731419086456 0.5448472499847412 0.7942259311676025 -0.2283609956502914 
0.2672089040279388 -0.7500313520431519 0.6050224900245667 -0.1667068600654602 
0 0 0 1 

0.9330785870552063 0.3562269508838654 0.04966546967625618 -0.0542018860578537 
-0.2257722467184067 0.4726063311100006 0.8518626093864441 -0.2481411844491959 
0.2799842357635498 -0.8060678839683533 0.521405041217804 -0.1432301551103592 
0 0 0 1 

0.9426717758178711 0.3297107219696045 0.0515822172164917 -0.0578475221991539 
-0.1914578229188919 0.4077172875404358 0.8928104639053345 -0.2620783150196075 
0.2733382284641266 -0.8515030145645142 0.4474692642688751 -0.1225266754627228 
0 0 0 1 

0.9552249908447266 0.2919832766056061 0.04786404967308044 -0.05979308858513832 
-0.150147870182991 0.3389636874198914 0.9287405610084534 -0.2758899331092834 
0.2549525797367096 -0.894342839717865 0.3676272332668304 -0.09815416485071182 
0 0 0 1 

0.9825807809829712 0.06149023398756981 -0.1753685474395752 0.00292687863111496 
0.1427458375692368 0.3544983565807343 0.924096405506134 -0.3142367601394653 
0.1189908161759377 -0.9330324530601501 0.3395454585552216 -0.08757704496383667 
0 0 0 1 

