0.9052963256835938 0.4246837496757507 -0.009064617566764355 -0.02731785923242569 
-0.3738141059875488 0.8066299557685852 0.4578327834606171 -0.120807372033596 
0.2017460912466049 -0.4110858142375946 0.8889920115470886 -0.243545725941658 
0 0 0 1 

0.91496741771698 0.4034965634346008 -0.005010103806853294 -0.03138674795627594 
-0.3347182869911194 0.7658237218856812 0.5490697026252747 -0.1508993655443192 
0.2253846675157547 -0.5007038712501526 0.8357614874839783 -0.2305176258087158 
0 0 0 1 

0.9100215435028076 0.4141905307769775 0.01751813292503357 -0.03911050036549568 
-0.3324613571166992 0.7039061188697815 0.6276824474334717 -0.1747549921274185 
0.2476491630077362 -0.5770286321640015 0.7782722115516663 -0.2167083472013474 
0 0 0 1 

0.9154272079467773 0.4010542035102844 0.03388957306742668 -0.04607177525758743 
-0.2987590432167053 0.6206769943237305 0.7249158024787903 -0.20550836622715 
0.2696961462497711 -0.6737324595451355 0.6880031824111938 -0.1919902861118317 
0 0 0 1 

0.9253230690956116 0.3749891519546509 0.05621696636080742 -0.05421878769993782 
-0.2694619297981262 0.5460004210472107 0.7932677268981934 -0.2281241714954376 
0.2667723596096039 -0.7491772174835205 0.6062721014022827 -0.1671289205551147 
0 0 0 1 

0.9314467310905457 0.3603568077087402 0.05049675330519676 -0.05443887040019035 
-0.229302778840065 0.4735326766967773 0.8504039645195007 -0.2478296756744385 
0.282537043094635 -0.8036850094795227 0.5237013101577759 -0.144069716334343 
0 0 0 1 

0.9426934719085693 0.3290439248085022 0.05530906841158867 -0.05874959006905556 
-0.1949021071195602 0.4084968268871307 0.8917081356048584 -0.2616693675518036 
0.2708176076412201 -0.8513872623443604 0.4492186605930328 -0.1230158358812332 
0 0 0 1 

0.9556816816329956 0.2900324165821075 0.05053378269076347 -0.06013529002666473 
-0.1529953926801682 0.3426296412944794 0.9269288182258606 -0.2753168046474457 
0.2515251040458679 -0.8935803771018982 0.3718185424804688 -0.09923072904348373 
0 0 0 1 

0.9611573815345764 0.2639825344085693 0.08055879175662994 -0.07138151675462723 
-0.150734007358551 0.2575593590736389 0.9544329047203064 -0.2876139581203461 
0.2312050014734268 -0.9295031428337097 0.2873462438583374 -0.06901887804269791 
0 0 0 1 

0.9628124237060547 0.260068416595459 0.07319044321775436 -0.06964510679244995 
-0.1420068740844727 0.2566842138767242 0.9560059905052185 -0.2886795103549957 
0.2298399209976196 -0.9308478832244873 0.2840703427791595 -0.06753183156251907 
0 0 0 1 

