-0.1951563656330109 0.9799179434776306 0.04092172905802727 0.01390762347728014 
0.8998416066169739 0.1623001992702484 0.4048994481563568 -0.1947443634271622 
0.3901267051696777 0.1158418357372284 -0.9134449362754822 0.2720468640327454 
0 0 0 1 

-0.3114192187786102 0.9362675547599792 0.1625461876392365 -0.01763349026441574 
0.8197910189628601 0.1781920790672302 0.5442337393760681 -0.2325679212808609 
0.4805838763713837 0.3027387261390686 -0.8230360746383667 0.242548018693924 
0 0 0 1 

-0.4162836372852325 0.8855237364768982 0.2062898427248001 -0.02640824392437935 
0.7361958026885986 0.1951210349798203 0.6480304598808289 -0.2592598497867584 
0.5335949063301086 0.4216342568397522 -0.7331444025039673 0.2144802510738373 
0 0 0 1 

-0.5071192383766174 0.8370246291160583 0.2054745107889175 -0.02148701623082161 
0.6495791077613831 0.2144967168569565 0.7294094562530518 -0.2792951762676239 
0.566460132598877 0.5033695697784424 -0.6524890661239624 0.1896479725837708 
0 0 0 1 

-0.6326290965080261 0.7417675852775574 0.2226229459047318 -0.02154415473341942 
0.5742114782333374 0.2563694715499878 0.7775318622589111 -0.2905082404613495 
0.5196743011474609 0.6197220683097839 -0.5881181955337524 0.1742125451564789 
0 0 0 1 

-0.7393327355384827 0.6470223665237427 0.1864097714424133 -0.00438402546569705 
0.4742042124271393 0.3037859499454498 0.8263438940048218 -0.3008429110050201 
0.4780344367027283 0.6993395686149597 -0.5314194560050964 0.1600931286811829 
0 0 0 1 

-0.6998699307441711 0.713996410369873 0.01976585946977139 0.04676986858248711 
0.3510406315326691 0.3197318911552429 0.8800805807113647 -0.3124475181102753 
0.6220546960830688 0.622880756855011 -0.4744123220443726 0.131719708442688 
0 0 0 1 

-0.6808001399040222 0.7234475612640381 0.1146054640412331 0.01415372826159 
0.3201689720153809 0.153193473815918 0.9348921179771423 -0.3397513926029205 
0.6587887406349182 0.6731679439544678 -0.3359194099903107 0.08168734610080719 
0 0 0 1 

-0.6284048557281494 0.7403888702392578 0.2386024445295334 -0.02929147891700268 
0.4396596252918243 0.08501248061656952 0.8941320180892944 -0.3355799317359924 
0.6417213082313538 0.6667810082435608 -0.3789412081241608 0.09658742696046829 
0 0 0 1 

-0.4915784895420074 0.7877057790756226 0.3713084757328033 -0.07809107005596161 
0.5847846269607544 -0.01734737679362297 0.8110029697418213 -0.3196389675140381 
0.6452730298042297 0.6158071756362915 -0.4521107077598572 0.1209554225206375 
0 0 0 1 

