0.685363233089447 0.5024610757827759 -0.5270768404006958 0.1319864839315414 
-0.09625563770532608 0.7799649834632874 0.6183764338493347 -0.1696043312549591 
0.7218115925788879 -0.3730782866477966 0.5829240679740906 -0.2065267860889435 
0 0 0 1 

0.7089499235153198 0.5082157850265503 -0.4889853596687317 0.1189459785819054 
-0.03868866339325905 0.7203230261802673 0.6925589442253113 -0.1986732184886932 
0.7041968703269958 -0.4720714092254639 0.5303351879119873 -0.1899404078722 
0 0 0 1 

0.7090746164321899 0.5196138024330139 -0.4766704440116882 0.1147494837641716 
0.01301860436797142 0.666238009929657 0.7456254959106445 -0.2204869091510773 
0.7050132751464844 -0.5349096655845642 0.46564781665802 -0.1716231852769852 
0 0 0 1 

0.7601677775382996 0.4925828874111176 -0.423682689666748 0.0948970839381218 
0.06018472462892532 0.5959056615829468 0.8007959127426147 -0.2427898049354553 
0.6469333171844482 -0.6342384815216064 0.4233423471450806 -0.1584983319044113 
0 0 0 1 

0.8358277678489685 0.4264636933803558 -0.3457174599170685 0.06517206132411957 
0.09988517314195633 0.5010888576507568 0.8596119284629822 -0.2687034904956818 
0.5398284196853638 -0.7530195713043213 0.3762265741825104 -0.1410263627767563 
0 0 0 1 

0.8756762742996216 0.3940432071685791 -0.2791434526443481 0.0425725057721138 
0.118029922246933 0.3858757615089417 0.914969265460968 -0.2911405861377716 
0.4682520925998688 -0.8341641426086426 0.2913933396339417 -0.1119240820407867 
0 0 0 1 

0.8393906950950623 -0.537723183631897 -0.07922612130641937 -0.04492755234241486 
0.511924147605896 0.7331598401069641 0.4476718306541443 -0.2045947313308716 
-0.1826382875442505 -0.4163293242454529 0.8906812071800232 -0.290073424577713 
0 0 0 1 

0.8044403195381165 -0.5822157263755798 -0.1178999394178391 -0.03120882995426655 
0.5545246005058289 0.6648258566856384 0.5005086064338684 -0.229453057050705 
-0.2130211889743805 -0.4680077433586121 0.8576657772064209 -0.2789496779441833 
0 0 0 1 

0.7611174583435059 -0.6243626475334167 -0.1757023483514786 -0.0147657124325633 
0.6090890169143677 0.5948960781097412 0.5245083570480347 -0.2449322491884232 
-0.2229589521884918 -0.5062308311462402 0.8330783247947693 -0.2736476063728333 
0 0 0 1 

0.763163685798645 -0.6228155493736267 -0.1722841411828995 -0.01617222093045712 
0.6062344908714294 0.5977331399917603 0.5245901346206665 -0.243454784154892 
-0.2237432450056076 -0.5047926306724548 0.8337406516075134 -0.2733746767044067 
0 0 0 1 

