1.000000000000000000e+00 0.000000000000000000e+00 0.000000000000000000e+00 -4.255350477121360719e-01
0.000000000000000000e+00 -1.000000000000000000e+00 0.000000000000000000e+00 3.076616963927396031e-01
0.000000000000000000e+00 0.000000000000000000e+00 -1.000000000000000000e+00 -5.117628744684824760e+00
0.000000000000000000e+00 0.000000000000000000e+00 0.000000000000000000e+00 1.000000000000000000e+00
9.951289296150207520e-01 -5.816145986318588257e-02 7.959622144699096680e-02 2.156605337872644773e-02
-5.960655957460403442e-02 -9.980952739715576172e-01 1.589909568428993225e-02 3.524940167858818807e-01
7.851988077163696289e-02 -2.056617289781570435e-02 -9.967003464698791504e-01 -5.078267489725545758e+00
0.000000000000000000e+00 0.000000000000000000e+00 0.000000000000000000e+00 1.000000000000000000e+00
9.712010622024536133e-01 -7.602146267890930176e-02 2.258076369762420654e-01 8.113113986567678237e-01
-8.109843730926513672e-02 -9.966176152229309082e-01 1.327923592180013657e-02 3.497418796803685170e-01
2.240343540906906128e-01 -3.120949864387512207e-02 -9.740813374519348145e-01 -4.949790245636749297e+00
0.000000000000000000e+00 0.000000000000000000e+00 0.000000000000000000e+00 1.000000000000000000e+00
9.356279373168945312e-01 -7.163307070732116699e-02 3.456428945064544678e-01 1.462879213556428803e+00
-6.920588016510009766e-02 -9.974142313003540039e-01 -1.937518455088138580e-02 1.951532611005171447e-01
3.461370468139648438e-01 -5.792573094367980957e-03 -9.381660223007202148e-01 -4.767765869667760725e+00
0.000000000000000000e+00 0.000000000000000000e+00 0.000000000000000000e+00 1.000000000000000000e+00
9.003256559371948242e-01 -8.732707053422927856e-02 4.263653755187988281e-01 1.912551651166156219e+00
-7.335000485181808472e-02 -9.960954189300537109e-01 -4.912965372204780579e-02 9.263097047397074457e-02
4.289909303188323975e-01 1.295874826610088348e-02 -9.032157063484191895e-01 -4.574845641828944487e+00
0.000000000000000000e+00 0.000000000000000000e+00 0.000000000000000000e+00 1.000000000000000000e+00
8.611589670181274414e-01 -8.990623801946640015e-02 5.003218650817871094e-01 2.345715333535973723e+00
-6.688294559717178345e-02 -9.957184791564941406e-01 -6.380780786275863647e-02 7.630338783837711802e-02
5.039164423942565918e-01 2.148563414812088013e-02 -8.634850382804870605e-01 -4.317677268293429904e+00
0.000000000000000000e+00 0.000000000000000000e+00 0.000000000000000000e+00 1.000000000000000000e+00
7.999092340469360352e-01 -9.602092951536178589e-02 5.923890471458435059e-01 2.883116183975931612e+00
-5.565511435270309448e-02 -9.947320222854614258e-01 -8.608534932136535645e-02 1.506388426672281532e-02
5.975343585014343262e-01 3.589093685150146484e-02 -8.010393977165222168e-01 -3.938397021775677409e+00
0.000000000000000000e+00 0.000000000000000000e+00 0.000000000000000000e+00 1.000000000000000000e+00
7.726429104804992676e-01 -9.870007634162902832e-02 6.271210312843322754e-01 3.110337432851525641e+00
-5.761733651161193848e-02 -9.946656823158264160e-01 -8.555911481380462646e-02 6.590365873059578217e-02
6.322205066680908203e-01 2.997355349361896515e-02 -7.742082476615905762e-01 -3.694178037637353196e+00
0.000000000000000000e+00 0.000000000000000000e+00 0.000000000000000000e+00 1.000000000000000000e+00
7.036386132240295410e-01 -1.213449612259864807e-01 7.001198530197143555e-01 3.557343347021735713e+00
-9.218726307153701782e-02 -9.925723671913146973e-01 -7.938230782747268677e-02 1.122641346994678740e-01
7.045522928237915039e-01 -8.685716427862644196e-03 -7.095987796783447266e-01 -3.224149686077031340e+00
0.000000000000000000e+00 0.000000000000000000e+00 0.000000000000000000e+00 1.000000000000000000e+00
