0.4585023522377014 0.3991119861602783 -0.7940309047698975 0.3000240921974182 
0.1406309902667999 0.8496389389038086 0.5082681775093079 -0.1487961560487747 
0.8774955272674561 -0.3447074890136719 0.3334339559078217 -0.03449049964547157 
0 0 0 1 

0.486907958984375 0.4313364028930664 -0.7595192790031433 0.2843931615352631 
0.1603581160306931 0.8106347322463989 0.5631665587425232 -0.1693228334188461 
0.8586069345474243 -0.3960053622722626 0.3255361914634705 -0.03456910699605942 
0 0 0 1 

0.5017271637916565 0.4718849956989288 -0.7249787449836731 0.2670190334320068 
0.1841648519039154 0.7606152892112732 0.6225331425666809 -0.1890263855457306 
0.8451940417289734 -0.4458573460578918 0.2947167158126831 -0.02700177207589149 
0 0 0 1 

0.5411939024925232 0.4764573276042938 -0.6928905248641968 0.2512837946414948 
0.183392733335495 0.7372779846191406 0.650221586227417 -0.1984496861696243 
0.8206558227539062 -0.4789670407772064 0.3116315603256226 -0.03457148000597954 
0 0 0 1 

0.5642321109771729 0.4744496047496796 -0.6756771802902222 0.2397687882184982 
0.2027406692504883 0.7137109637260437 0.6704572439193726 -0.2043299973011017 
0.8003363609313965 -0.5152807235717773 0.3065084218978882 -0.03518734499812126 
0 0 0 1 

0.5622909069061279 0.5110909342765808 -0.650088369846344 0.2249852567911148 
0.2081311643123627 0.6733627915382385 0.7094109058380127 -0.2154866755008698 
0.8003187775611877 -0.5341989994049072 0.2722518444061279 -0.0275586936622858 
0 0 0 1 

0.5565530061721802 0.5618574619293213 -0.6120170950889587 0.2021359801292419 
0.1778943836688995 0.6389727592468262 0.7483764886856079 -0.2254247963428497 
0.8115431666374207 -0.5253856182098389 0.2556709349155426 -0.02940749749541283 
0 0 0 1 

0.6057687401771545 0.5471753478050232 -0.5776186585426331 0.1885954886674881 
0.1738189160823822 0.6174317598342896 0.7671798467636108 -0.2288147658109665 
0.7764220237731934 -0.5651346445083618 0.2789114713668823 -0.03999005258083344 
0 0 0 1 

0.6677572727203369 0.5452960133552551 -0.5067073702812195 0.160036638379097 
0.1667513400316238 0.5538316965103149 0.8157599568367004 -0.2397599667310715 
0.7254613041877747 -0.6292237639427185 0.278896301984787 -0.04782062396407127 
0 0 0 1 

0.7314277291297913 0.5104954838752747 -0.4521148800849915 0.1387046724557877 
0.1949015259742737 0.4788472950458527 0.8559898734092712 -0.2482371777296066 
0.6534729599952698 -0.7142125964164734 0.2507458627223969 -0.04655902832746506 
0 0 0 1 

