1.000000000000000000e+00 0.000000000000000000e+00 0.000000000000000000e+00 -4.096739311332171507e-01
0.000000000000000000e+00 -1.000000000000000000e+00 0.000000000000000000e+00 -1.964994255000929863e-02
0.000000000000000000e+00 0.000000000000000000e+00 -1.000000000000000000e+00 -2.664639050480994698e+00
0.000000000000000000e+00 0.000000000000000000e+00 0.000000000000000000e+00 1.000000000000000000e+00
9.962058067321777344e-01 -8.114471286535263062e-02 -3.145394474267959595e-02 -4.800759347404219834e-01
-8.061076700687408447e-02 -9.965851306915283203e-01 1.788959465920925140e-02 6.533358127107884161e-02
-3.279817476868629456e-02 -1.528619602322578430e-02 -9.993451237678527832e-01 -2.709941774397561343e+00
0.000000000000000000e+00 0.000000000000000000e+00 0.000000000000000000e+00 1.000000000000000000e+00
9.853748679161071777e-01 -1.643851846456527710e-01 -4.487575590610504150e-02 -5.016353743138501908e-01
-1.621657311916351318e-01 -9.855307936668395996e-01 4.930482804775238037e-02 2.023611916289812795e-01
-5.233147367835044861e-02 -4.130642116069793701e-02 -9.977753162384033203e-01 -2.705686805657765426e+00
0.000000000000000000e+00 0.000000000000000000e+00 0.000000000000000000e+00 1.000000000000000000e+00
9.646385908126831055e-01 -2.590028345584869385e-01 -4.888930916786193848e-02 -4.908022432180118022e-01
-2.548837065696716309e-01 -9.638803601264953613e-01 7.725861668586730957e-02 3.281231117209448267e-01
-6.713368743658065796e-02 -6.206549704074859619e-02 -9.958114624023437500e-01 -2.698658105026113141e+00
0.000000000000000000e+00 0.000000000000000000e+00 0.000000000000000000e+00 1.000000000000000000e+00
9.354161024093627930e-01 -3.487929701805114746e-01 -5.778885632753372192e-02 -4.890607965437672178e-01
-3.402021825313568115e-01 -9.324858784675598145e-01 1.213759183883666992e-01 5.007435649056847238e-01
-9.622239321470260620e-02 -9.387706220149993896e-02 -9.909229278564453125e-01 -2.677630502052870565e+00
0.000000000000000000e+00 0.000000000000000000e+00 0.000000000000000000e+00 1.000000000000000000e+00
8.909776806831359863e-01 -4.521430432796478271e-01 -4.152631387114524841e-02 -4.165308601669107658e-01
-4.430583417415618896e-01 -8.857715129852294922e-01 1.382304579019546509e-01 5.841007686892926154e-01
-9.928283095359802246e-02 -1.047616973519325256e-01 -9.895293116569519043e-01 -2.682601530707048543e+00
0.000000000000000000e+00 0.000000000000000000e+00 0.000000000000000000e+00 1.000000000000000000e+00
8.429771065711975098e-01 -5.371940135955810547e-01 -2.848578989505767822e-02 -3.515454565999139303e-01
-5.260986089706420898e-01 -8.343040347099304199e-01 1.647922992706298828e-01 6.951914627474148345e-01
-1.122912839055061340e-01 -1.239298284053802490e-01 -9.859172105789184570e-01 -2.671272883391074604e+00
0.000000000000000000e+00 0.000000000000000000e+00 0.000000000000000000e+00 1.000000000000000000e+00
7.910475134849548340e-01 -6.116895079612731934e-01 -8.929534815251827240e-03 -2.656523625015024814e-01
-6.016841530799865723e-01 -7.805799841880798340e-01 1.693255752325057983e-01 7.427127306761706071e-01
-1.105449274182319641e-01 -1.285718083381652832e-01 -9.855197668075561523e-01 -2.680595735131849011e+00
0.000000000000000000e+00 0.000000000000000000e+00 0.000000000000000000e+00 1.000000000000000000e+00
7.204121947288513184e-01 -6.933588385581970215e-01 1.613760553300380707e-02 -1.462815875759968243e-01
-6.860098242759704590e-01 -7.089692950248718262e-01 1.635619103908538818e-01 7.535366868232024062e-01
-1.019660681486129761e-01 -1.289025843143463135e-01 -9.864012002944946289e-01 -2.690862295892733957e+00
0.000000000000000000e+00 0.000000000000000000e+00 0.000000000000000000e+00 1.000000000000000000e+00
6.435335278511047363e-01 -7.652872800827026367e-01 1.415348425507545471e-02 -1.035407180445878234e-01
-7.593886256217956543e-01 -6.360384225845336914e-01 1.370527744293212891e-01 7.015034826034877158e-01
-9.588255733251571655e-02 -9.894599765539169312e-02 -9.904623627662658691e-01 -2.717996413665696220e+00
0.000000000000000000e+00 0.000000000000000000e+00 0.000000000000000000e+00 1.000000000000000000e+00
5.482873916625976562e-01 -8.356963992118835449e-01 3.151197358965873718e-02 -7.209590079110677089e-04
-8.340159058570861816e-01 -5.436315536499023438e-01 9.424433857202529907e-02 5.961069825254071697e-01
-6.162874773144721985e-02 -7.795447856187820435e-02 -9.950504302978515625e-01 -2.766307141099287215e+00
0.000000000000000000e+00 0.000000000000000000e+00 0.000000000000000000e+00 1.000000000000000000e+00
4.570066332817077637e-01 -8.864606618881225586e-01 7.301758974790573120e-02 1.791660051268974263e-01
-8.893809914588928223e-01 -4.543047249317169189e-01 5.107626318931579590e-02 4.770126632942064404e-01
-1.210488285869359970e-02 -8.828270435333251953e-02 -9.960221052169799805e-01 -2.807248660026717690e+00
0.000000000000000000e+00 0.000000000000000000e+00 0.000000000000000000e+00 1.000000000000000000e+00
3.535179197788238525e-01 -9.316830635070800781e-01 8.361064642667770386e-02 2.496980619088217945e-01
-9.353010654449462891e-01 -3.535274267196655273e-01 1.518997829407453537e-02 3.481606480380014523e-01
1.540639530867338181e-02 -8.357105404138565063e-02 -9.963822364807128906e-01 -2.823373391108346286e+00
0.000000000000000000e+00 0.000000000000000000e+00 0.000000000000000000e+00 1.000000000000000000e+00
2.727540731430053711e-01 -9.573073983192443848e-01 9.574676305055618286e-02 3.115327156218160587e-01
-9.594388008117675781e-01 -2.780284881591796875e-01 -4.666281864047050476e-02 1.296333729915848942e-01
7.129098474979400635e-02 -7.913564890623092651e-02 -9.943112134933471680e-01 -2.819795574981226238e+00
0.000000000000000000e+00 0.000000000000000000e+00 0.000000000000000000e+00 1.000000000000000000e+00
1.954201310873031616e-01 -9.712408185005187988e-01 1.360209137201309204e-01 4.434217424098813587e-01
-9.726007580757141113e-01 -2.097391635179519653e-01 -1.002898514270782471e-01 -5.444624848551445767e-02
1.259345412254333496e-01 -1.126954033970832825e-01 -9.856169819831848145e-01 -2.804531219550096210e+00
0.000000000000000000e+00 0.000000000000000000e+00 0.000000000000000000e+00 1.000000000000000000e+00
1.144724115729331970e-01 -9.839622378349304199e-01 1.368022859096527100e-01 4.624695569936394524e-01
-9.710304141044616699e-01 -1.399013549089431763e-01 -1.937205940485000610e-01 -3.503123726500875779e-01
2.097525298595428467e-01 -1.106635183095932007e-01 -9.714717864990234375e-01 -2.778047212435431845e+00
0.000000000000000000e+00 0.000000000000000000e+00 0.000000000000000000e+00 1.000000000000000000e+00
1.914897114038467407e-01 -9.740735292434692383e-01 1.204683482646942139e-01 4.041661375718128557e-01
-9.544085860252380371e-01 -2.134332209825515747e-01 -2.086862921714782715e-01 -3.890732545906618323e-01
2.289877235889434814e-01 -7.501484453678131104e-02 -9.705346226692199707e-01 -2.755502500633953300e+00
0.000000000000000000e+00 0.000000000000000000e+00 0.000000000000000000e+00 1.000000000000000000e+00
2.749250829219818115e-01 -9.538632035255432129e-01 1.206693276762962341e-01 3.858842932442532181e-01
-9.385547637939453125e-01 -2.934868931770324707e-01 -1.816034466028213501e-01 -2.910673827300528926e-01
2.086398303508758545e-01 -6.332746893167495728e-02 -9.759400486946105957e-01 -2.748677994351681697e+00
0.000000000000000000e+00 0.000000000000000000e+00 0.000000000000000000e+00 1.000000000000000000e+00
3.281301856040954590e-01 -9.374715089797973633e-01 1.160916462540626526e-01 3.598714852861580327e-01
-9.347828030586242676e-01 -3.399485051631927490e-01 -1.030351370573043823e-01 -3.548544123906197806e-02
1.360577642917633057e-01 -7.471162825822830200e-02 -9.878793954849243164e-01 -2.746500565147678596e+00
0.000000000000000000e+00 0.000000000000000000e+00 0.000000000000000000e+00 1.000000000000000000e+00
3.614984154701232910e-01 -9.184120297431945801e-01 1.607417613267898560e-01 4.722657809051739042e-01
-9.298844933509826660e-01 -3.677215576171875000e-01 -9.756061248481273651e-03 2.643945036790123493e-01
6.806827336549758911e-02 -1.459445208311080933e-01 -9.869483113288879395e-01 -2.708198672093456771e+00
0.000000000000000000e+00 0.000000000000000000e+00 0.000000000000000000e+00 1.000000000000000000e+00
3.968785107135772705e-01 -9.015759825706481934e-01 1.721853315830230713e-01 4.865555567177652363e-01
-9.178328514099121094e-01 -3.915336430072784424e-01 6.545694172382354736e-02 5.043075496250173373e-01
8.401847444474697113e-03 -1.840157955884933472e-01 -9.828876852989196777e-01 -2.663359524537646461e+00
0.000000000000000000e+00 0.000000000000000000e+00 0.000000000000000000e+00 1.000000000000000000e+00
4.540749192237854004e-01 -8.672741651535034180e-01 2.040831446647644043e-01 5.470235052276036791e-01
-8.895135521888732910e-01 -4.282220304012298584e-01 1.593462675809860229e-01 7.690942956932571573e-01
-5.080414190888404846e-02 -2.538899183273315430e-01 -9.658976197242736816e-01 -2.567219857959678997e+00
0.000000000000000000e+00 0.000000000000000000e+00 0.000000000000000000e+00 1.000000000000000000e+00
5.295072793960571289e-01 -8.282867074012756348e-01 1.832036077976226807e-01 4.363306452278862269e-01
-8.425682187080383301e-01 -4.884394705295562744e-01 2.269502580165863037e-01 9.425327679979141893e-01
-9.849579632282257080e-02 -2.745330631732940674e-01 -9.565193653106689453e-01 -2.504087104205845904e+00
0.000000000000000000e+00 0.000000000000000000e+00 0.000000000000000000e+00 1.000000000000000000e+00
5.898979306221008301e-01 -7.874810695648193359e-01 1.785904616117477417e-01 3.847434263016665801e-01
-7.961859107017517090e-01 -5.303844809532165527e-01 2.911698520183563232e-01 1.087287797903683684e+00
-1.345692723989486694e-01 -3.139513731002807617e-01 -9.398540258407592773e-01 -2.425080171355840974e+00
0.000000000000000000e+00 0.000000000000000000e+00 0.000000000000000000e+00 1.000000000000000000e+00
6.631576418876647949e-01 -7.327286005020141602e-01 1.527441740036010742e-01 2.564954400059942241e-01
-7.255045771598815918e-01 -5.790996551513671875e-01 3.718693554401397705e-01 1.248669904584388535e+00
-1.840254515409469604e-01 -3.574242293834686279e-01 -9.156315922737121582e-01 -2.315212435887522791e+00
0.000000000000000000e+00 0.000000000000000000e+00 0.000000000000000000e+00 1.000000000000000000e+00
7.343541979789733887e-01 -6.650133728981018066e-01 1.359461247920989990e-01 1.792102414872151217e-01
-6.461900472640991211e-01 -6.236418485641479492e-01 4.398953616619110107e-01 1.368152296556278458e+00
-2.077546566724777222e-01 -4.108861386775970459e-01 -8.876995444297790527e-01 -2.193729767106632700e+00
0.000000000000000000e+00 0.000000000000000000e+00 0.000000000000000000e+00 1.000000000000000000e+00
7.512608170509338379e-01 -6.493105292320251465e-01 1.183335930109024048e-01 1.124625406574262798e-01
-6.004400253295898438e-01 -5.979500412940979004e-01 5.309689640998840332e-01 1.565378099856803651e+00
-2.740063071250915527e-01 -4.699479937553405762e-01 -8.390884399414062500e-01 -1.990066323034419105e+00
0.000000000000000000e+00 0.000000000000000000e+00 0.000000000000000000e+00 1.000000000000000000e+00
7.819024324417114258e-01 -6.103526353836059570e-01 1.268775612115859985e-01 1.118871489196256314e-01
-5.383620262145996094e-01 -5.584929585456848145e-01 6.310716867446899414e-01 1.801662143119188375e+00
-3.143162131309509277e-01 -5.617425441741943359e-01 -7.652782797813415527e-01 -1.733348496041855480e+00
0.000000000000000000e+00 0.000000000000000000e+00 0.000000000000000000e+00 1.000000000000000000e+00
8.018065690994262695e-01 -5.846223235130310059e-01 1.237851083278656006e-01 8.759161716443571166e-02
-4.855700731277465820e-01 -5.166415572166442871e-01 7.051969766616821289e-01 1.982917464853360512e+00
-3.483215272426605225e-01 -6.255379915237426758e-01 -6.981219053268432617e-01 -1.513431733635565823e+00
0.000000000000000000e+00 0.000000000000000000e+00 0.000000000000000000e+00 1.000000000000000000e+00
8.302072882652282715e-01 -5.428829789161682129e-01 1.266252845525741577e-01 6.719532224058837044e-02
-4.219821095466613770e-01 -4.635951817035675049e-01 7.791084051132202148e-01 2.161239424383356145e+00
-3.642618954181671143e-01 -7.002554535865783691e-01 -6.139671206474304199e-01 -1.292516764392946271e+00
0.000000000000000000e+00 0.000000000000000000e+00 0.000000000000000000e+00 1.000000000000000000e+00
8.599692583084106445e-01 -5.045024752616882324e-01 7.700937986373901367e-02 -8.078387866731705225e-02
-3.267435431480407715e-01 -4.283668994903564453e-01 8.424608707427978516e-01 2.303091997175666261e+00
-3.920353055000305176e-01 -7.496527433395385742e-01 -5.332251787185668945e-01 -1.086733700192669128e+00
0.000000000000000000e+00 0.000000000000000000e+00 0.000000000000000000e+00 1.000000000000000000e+00
8.776711821556091309e-01 -4.766874909400939941e-01 4.962624236941337585e-02 -1.513459868558119925e-01
-2.344415783882141113e-01 -3.367108106613159180e-01 9.119553565979003906e-01 2.427901930098220529e+00
-4.180079102516174316e-01 -8.120314478874206543e-01 -4.072767794132232666e-01 -7.733818115690426209e-01
0.000000000000000000e+00 0.000000000000000000e+00 0.000000000000000000e+00 1.000000000000000000e+00
8.442138433456420898e-01 -5.355008840560913086e-01 2.325890026986598969e-02 -2.533632774053761194e-01
-1.106640323996543884e-01 -1.316746771335601807e-01 9.850963950157165527e-01 2.590515135548873360e+00
-5.244577527046203613e-01 -8.342061638832092285e-01 -1.704222112894058228e-01 -1.405517813098346169e-01
0.000000000000000000e+00 0.000000000000000000e+00 0.000000000000000000e+00 1.000000000000000000e+00
8.440775871276855469e-01 -5.345906615257263184e-01 4.177335277199745178e-02 -1.922917483347587053e-01
-1.134755611419677734e-01 -1.019427552819252014e-01 9.882965087890625000e-01 2.597759344000615034e+00
-5.240759849548339844e-01 -8.389399051666259766e-01 -1.467106044292449951e-01 -1.321222798476003601e-01
0.000000000000000000e+00 0.000000000000000000e+00 0.000000000000000000e+00 1.000000000000000000e+00
8.056393265724182129e-01 -5.916640162467956543e-01 2.965095825493335724e-02 -1.851340120509049059e-01
-1.136837899684906006e-01 -1.052884012460708618e-01 9.879224300384521484e-01 2.595674906007073179e+00
-5.813959836959838867e-01 -7.992791533470153809e-01 -1.520870029926300049e-01 -1.449316811194710508e-01
0.000000000000000000e+00 0.000000000000000000e+00 0.000000000000000000e+00 1.000000000000000000e+00
7.886692881584167480e-01 -6.127208471298217773e-01 5.074115097522735596e-02 -1.232334263279712266e-01
-2.483648657798767090e-01 -2.420109957456588745e-01 9.379475712776184082e-01 2.518366097516647084e+00
-5.624198317527770996e-01 -7.523327469825744629e-01 -3.430448472499847412e-01 -5.543039706096508645e-01
0.000000000000000000e+00 0.000000000000000000e+00 0.000000000000000000e+00 1.000000000000000000e+00
8.080525398254394531e-01 -5.835693478584289551e-01 8.060906082391738892e-02 -5.010759685919029260e-02
-3.134344220161437988e-01 -3.100205659866333008e-01 8.975780606269836426e-01 2.439869926478403617e+00
-4.988084435462951660e-01 -7.505556344985961914e-01 -4.334235489368438721e-01 -7.960476602885995234e-01
0.000000000000000000e+00 0.000000000000000000e+00 0.000000000000000000e+00 1.000000000000000000e+00
8.006417751312255859e-01 -5.922213196754455566e-01 9.081337600946426392e-02 -3.197829899014915933e-02
-3.705654144287109375e-01 -3.703652620315551758e-01 8.517688512802124023e-01 2.346062490496334529e+00
-4.708016216754913330e-01 -7.156145572662353516e-01 -5.159866809844970703e-01 -1.020073420068708714e+00
0.000000000000000000e+00 0.000000000000000000e+00 0.000000000000000000e+00 1.000000000000000000e+00
8.251991868019104004e-01 -5.609178543090820312e-01 6.646349281072616577e-02 -1.459316977989500719e-01
-4.551710188388824463e-01 -5.906823873519897461e-01 6.662685871124267578e-01 1.979732722848797977e+00
-3.344631195068359375e-01 -5.800563693046569824e-01 -7.427439689636230469e-01 -1.671622475792268858e+00
0.000000000000000000e+00 0.000000000000000000e+00 0.000000000000000000e+00 1.000000000000000000e+00
8.245421051979064941e-01 -5.642319321632385254e-01 4.210228472948074341e-02 -2.208681956539541580e-01
-4.717136919498443604e-01 -6.444326043128967285e-01 6.018241643905639648e-01 1.806241891249823261e+00
-3.124364614486694336e-01 -5.160895586013793945e-01 -7.975176572799682617e-01 -1.827823564764905928e+00
0.000000000000000000e+00 0.000000000000000000e+00 0.000000000000000000e+00 1.000000000000000000e+00
8.515716195106506348e-01 -5.221578478813171387e-01 4.664987325668334961e-02 -2.137704242140865130e-01
-4.631279110908508301e-01 -7.076248526573181152e-01 5.336475968360900879e-01 1.614091559253801211e+00
-2.456380575895309448e-01 -4.760441482067108154e-01 -8.444194793701171875e-01 -1.973538446081919195e+00
0.000000000000000000e+00 0.000000000000000000e+00 0.000000000000000000e+00 1.000000000000000000e+00
8.708378672599792480e-01 -4.914385080337524414e-01 1.139544695615768433e-02 -2.981754692375311877e-01
-4.562193453311920166e-01 -7.993619441986083984e-01 3.910036385059356689e-01 1.228960045010425661e+00
-1.830453723669052124e-01 -3.456995189189910889e-01 -9.203183054924011230e-01 -2.192784678394972264e+00
0.000000000000000000e+00 0.000000000000000000e+00 0.000000000000000000e+00 1.000000000000000000e+00
8.764543533325195312e-01 -4.813755750656127930e-01 1.027955114841461182e-02 -2.843390255759380425e-01
-4.677504897117614746e-01 -8.461954593658447266e-01 2.552698552608489990e-01 8.793221306560913275e-01
-1.141822114586830139e-01 -2.285407185554504395e-01 -9.668150544166564941e-01 -2.337079029292240318e+00
0.000000000000000000e+00 0.000000000000000000e+00 0.000000000000000000e+00 1.000000000000000000e+00
8.785247206687927246e-01 -4.776808619499206543e-01 3.919559065252542496e-03 -2.649592054668483687e-01
-4.772869050502777100e-01 -8.774006962776184082e-01 4.863375425338745117e-02 3.419094035947002341e-01
-1.979240588843822479e-02 -4.459667950868606567e-02 -9.988086819648742676e-01 -2.459416554957429391e+00
0.000000000000000000e+00 0.000000000000000000e+00 0.000000000000000000e+00 1.000000000000000000e+00
8.878353238105773926e-01 -4.601449966430664062e-01 3.807282773777842522e-03 -2.504235513739260233e-01
-4.594860970973968506e-01 -8.869513869285583496e-01 -4.679318517446517944e-02 7.826298983857157832e-02
2.490852400660514832e-02 3.979527577757835388e-02 -9.988974332809448242e-01 -2.485109170999088679e+00
0.000000000000000000e+00 0.000000000000000000e+00 0.000000000000000000e+00 1.000000000000000000e+00
8.947266340255737305e-01 -4.465921819210052490e-01 -4.433311056345701218e-03 -2.690775330047739944e-01
-4.420917034149169922e-01 -8.842138648033142090e-01 -1.507335603237152100e-01 -2.201375608743013357e-01
6.339649111032485962e-02 1.368252187967300415e-01 -9.885646700859069824e-01 -2.476045149393069966e+00
0.000000000000000000e+00 0.000000000000000000e+00 0.000000000000000000e+00 1.000000000000000000e+00
8.979274630546569824e-01 -4.401387870311737061e-01 2.120789140462875366e-03 -2.508098822540336670e-01
-4.246616959571838379e-01 -8.675988316535949707e-01 -2.587178647518157959e-01 -5.320163355839883090e-01
1.157116889953613281e-01 2.314089983701705933e-01 -9.659507274627685547e-01 -2.433975594654465890e+00
0.000000000000000000e+00 0.000000000000000000e+00 0.000000000000000000e+00 1.000000000000000000e+00
9.017050266265869141e-01 -4.322509765625000000e-01 9.340645745396614075e-03 -2.294180234654813744e-01
-3.983945846557617188e-01 -8.390818834304809570e-01 -3.704352378845214844e-01 -8.749005563248480888e-01
1.679586172103881836e-01 3.303020298480987549e-01 -9.288113117218017578e-01 -2.346425887665982479e+00
0.000000000000000000e+00 0.000000000000000000e+00 0.000000000000000000e+00 1.000000000000000000e+00
9.079395532608032227e-01 -4.190738499164581299e-01 4.714114591479301453e-03 -2.516500281771820169e-01
-3.711914420127868652e-01 -8.093211054801940918e-01 -4.552099108695983887e-01 -1.139924195432200360e+00
1.945820152759552002e-01 4.115534126758575439e-01 -8.903717398643493652e-01 -2.259084514101529440e+00
0.000000000000000000e+00 0.000000000000000000e+00 0.000000000000000000e+00 1.000000000000000000e+00
9.189028739929199219e-01 -3.944822251796722412e-01 -8.855428895913064480e-04 -2.942053378182057921e-01
-3.295493721961975098e-01 -7.664111852645874023e-01 -5.513716936111450195e-01 -1.431013381207141499e+00
2.168278098106384277e-01 5.069488883018493652e-01 -8.342593312263488770e-01 -2.130175517584314893e+00
0.000000000000000000e+00 0.000000000000000000e+00 0.000000000000000000e+00 1.000000000000000000e+00
9.133343696594238281e-01 -4.061875939369201660e-01 -2.883769199252128601e-02 -3.786906463975640569e-01
-3.319561481475830078e-01 -7.016610503196716309e-01 -6.304572224617004395e-01 -1.655814389669121978e+00
2.358497828245162964e-01 5.853911638259887695e-01 -7.756876349449157715e-01 -1.996376618276054726e+00
0.000000000000000000e+00 0.000000000000000000e+00 0.000000000000000000e+00 1.000000000000000000e+00
9.198439717292785645e-01 -3.908827006816864014e-01 -3.313711285591125488e-02 -4.133045204621197399e-01
-2.911851704120635986e-01 -6.237374544143676758e-01 -7.253708243370056152e-01 -1.936180267795594379e+00
2.628660202026367188e-01 6.768772006034851074e-01 -6.875604987144470215e-01 -1.774424810833708399e+00
0.000000000000000000e+00 0.000000000000000000e+00 0.000000000000000000e+00 1.000000000000000000e+00
9.302821159362792969e-01 -3.615043461322784424e-01 -6.235917285084724426e-02 -5.061823547701758130e-01
-2.656155526638031006e-01 -5.465271472930908203e-01 -7.942017316818237305e-01 -2.143647107563331655e+00
2.530264556407928467e-01 7.553958892822265625e-01 -6.044461727142333984e-01 -1.539108759162711726e+00
0.000000000000000000e+00 0.000000000000000000e+00 0.000000000000000000e+00 1.000000000000000000e+00
9.405044317245483398e-01 -3.353355228900909424e-01 -5.478537455201148987e-02 -5.033395693162483475e-01
-2.196727246046066284e-01 -4.770832359790802002e-01 -8.509614467620849609e-01 -2.326607314145676675e+00
2.592206299304962158e-01 8.123679757118225098e-01 -5.223630666732788086e-01 -1.320371771000715233e+00
0.000000000000000000e+00 0.000000000000000000e+00 0.000000000000000000e+00 1.000000000000000000e+00
9.486146569252014160e-01 -3.121414184570312500e-01 -5.193634331226348877e-02 -5.272888416077821105e-01
-1.833260357379913330e-01 -4.083503782749176025e-01 -8.942266106605529785e-01 -2.460753895724503426e+00
2.579169273376464844e-01 8.577979803085327148e-01 -4.445909261703491211e-01 -1.123075603431146874e+00
0.000000000000000000e+00 0.000000000000000000e+00 0.000000000000000000e+00 1.000000000000000000e+00
9.608075618743896484e-01 -2.728657126426696777e-01 -4.891760647296905518e-02 -5.414034655781175820e-01
-1.486802846193313599e-01 -3.582937419414520264e-01 -9.216940402984619141e-01 -2.556884732276551997e+00
2.339718490839004517e-01 8.928434848785400391e-01 -3.848209977149963379e-01 -9.500284806346099842e-01
0.000000000000000000e+00 0.000000000000000000e+00 0.000000000000000000e+00 1.000000000000000000e+00
9.674258232116699219e-01 -2.458259016275405884e-01 -6.047334894537925720e-02 -6.030896817264903564e-01
-1.293023973703384399e-01 -2.744518220424652100e-01 -9.528676867485046387e-01 -2.688570496007032684e+00
2.176425307989120483e-01 9.296480417251586914e-01 -2.972977757453918457e-01 -6.691105879190351047e-01
0.000000000000000000e+00 0.000000000000000000e+00 0.000000000000000000e+00 1.000000000000000000e+00
9.798655509948730469e-01 -1.910409331321716309e-01 -5.802502110600471497e-02 -6.220729957302920665e-01
-9.361347556114196777e-02 -1.829012185335159302e-01 -9.786639809608459473e-01 -2.797221481497521811e+00
1.763521134853363037e-01 9.643910527229309082e-01 -1.971026510000228882e-01 -3.305022727372404212e-01
0.000000000000000000e+00 0.000000000000000000e+00 0.000000000000000000e+00 1.000000000000000000e+00
9.940087199211120605e-01 -1.091961562633514404e-01 -4.766351077705621719e-03 -4.987520604206454045e-01
-1.829530298709869385e-02 -1.232321709394454956e-01 -9.922090768814086914e-01 -2.862077469997140966e+00
1.077580824494361877e-01 9.863514900207519531e-01 -1.244916915893554688e-01 -1.336658615074493572e-01
0.000000000000000000e+00 0.000000000000000000e+00 0.000000000000000000e+00 1.000000000000000000e+00
9.965506792068481445e-01 -8.237902075052261353e-02 1.002399995923042297e-02 -4.670647880716716771e-01
-1.029946934431791306e-02 -2.426329106092453003e-01 -9.700635075569152832e-01 -2.816390088076470732e+00
8.234500885009765625e-02 9.666140079498291016e-01 -2.426444888114929199e-01 -4.755791846815942137e-01
0.000000000000000000e+00 0.000000000000000000e+00 0.000000000000000000e+00 1.000000000000000000e+00
9.980290532112121582e-01 -2.370944432914257050e-02 5.810134112834930420e-02 -3.142660874455889264e-01
4.874528944492340088e-02 -2.901791036128997803e-01 -9.557301998138427734e-01 -2.877847896288762808e+00
3.951963037252426147e-02 9.566785097122192383e-01 -2.884514927864074707e-01 -5.891462181179986102e-01
0.000000000000000000e+00 0.000000000000000000e+00 0.000000000000000000e+00 1.000000000000000000e+00
9.884285330772399902e-01 6.156940385699272156e-02 1.386292129755020142e-01 -1.976383149342217371e-02
1.501687169075012207e-01 -2.682184278964996338e-01 -9.515818357467651367e-01 -2.976575864214284106e+00
-2.140545286238193512e-02 9.613883495330810547e-01 -2.743605375289916992e-01 -5.197879511682697018e-01
0.000000000000000000e+00 0.000000000000000000e+00 0.000000000000000000e+00 1.000000000000000000e+00
9.694522619247436523e-01 8.435056358575820923e-02 2.303196489810943604e-01 2.648200504181497106e-01
2.443639189004898071e-01 -2.510741651058197021e-01 -9.366151690483093262e-01 -3.019513796814375706e+00
-2.117669023573398590e-02 9.642857909202575684e-01 -2.640166282653808594e-01 -4.751386836620097864e-01
0.000000000000000000e+00 0.000000000000000000e+00 0.000000000000000000e+00 1.000000000000000000e+00
9.768542051315307617e-01 -3.126895986497402191e-03 2.138846516609191895e-01 1.847474610611703760e-01
2.025059163570404053e-01 -3.085686564445495605e-01 -9.293959140777587891e-01 -2.985099598609374461e+00
6.890416890382766724e-02 9.511968493461608887e-01 -3.007933199405670166e-01 -6.463778931438870501e-01
0.000000000000000000e+00 0.000000000000000000e+00 0.000000000000000000e+00 1.000000000000000000e+00
9.871219992637634277e-01 -1.156463623046875000e-01 1.105280220508575439e-01 -1.792707713637156086e-01
6.056671589612960815e-02 -3.693096339702606201e-01 -9.273307323455810547e-01 -2.913793828052428037e+00
1.480614691972732544e-01 9.220827221870422363e-01 -3.575491905212402344e-01 -9.166898899618869390e-01
0.000000000000000000e+00 0.000000000000000000e+00 0.000000000000000000e+00 1.000000000000000000e+00
9.827652573585510254e-01 -1.830744892358779907e-01 2.561410702764987946e-02 -4.592111008777752246e-01
-3.233212977647781372e-02 -3.066559433937072754e-01 -9.512709379196166992e-01 -2.935829709610314975e+00
1.820081472396850586e-01 9.340476393699645996e-01 -3.072900176048278809e-01 -7.993943090965391907e-01
0.000000000000000000e+00 0.000000000000000000e+00 0.000000000000000000e+00 1.000000000000000000e+00
9.262570142745971680e-01 -3.654640614986419678e-01 -9.210289269685745239e-02 -8.007007638923162585e-01
-2.198314219713211060e-01 -3.253829777240753174e-01 -9.196736812591552734e-01 -2.747530234699131935e+00
3.061391115188598633e-01 8.721017241477966309e-01 -3.817288279533386230e-01 -1.121978541695268561e+00
0.000000000000000000e+00 0.000000000000000000e+00 0.000000000000000000e+00 1.000000000000000000e+00
8.747375607490539551e-01 -4.759526848793029785e-01 -9.111957997083663940e-02 -7.768232700536644719e-01
-2.796223461627960205e-01 -3.421681225299835205e-01 -8.970687389373779297e-01 -2.639144149986217602e+00
3.957841694355010986e-01 8.101792931556701660e-01 -4.323943555355072021e-01 -1.360172147047249425e+00
0.000000000000000000e+00 0.000000000000000000e+00 0.000000000000000000e+00 1.000000000000000000e+00
8.392256498336791992e-01 -5.403452515602111816e-01 -6.106212362647056580e-02 -6.747605876521096668e-01
-3.305262625217437744e-01 -4.177101850509643555e-01 -8.463280797004699707e-01 -2.465169184622394205e+00
4.318023622035980225e-01 7.304421067237854004e-01 -5.291510224342346191e-01 -1.687130208812795740e+00
0.000000000000000000e+00 0.000000000000000000e+00 0.000000000000000000e+00 1.000000000000000000e+00
8.110674023628234863e-01 -5.830988287925720215e-01 -4.651977866888046265e-02 -6.113750054217632623e-01
-4.136089384555816650e-01 -5.154385566711425781e-01 -7.505002021789550781e-01 -2.119628057371663044e+00
4.136380553245544434e-01 6.279474496841430664e-01 -6.592305898666381836e-01 -2.081856098093959773e+00
0.000000000000000000e+00 0.000000000000000000e+00 0.000000000000000000e+00 1.000000000000000000e+00
7.795054316520690918e-01 -6.257963776588439941e-01 -2.738661319017410278e-02 -5.386266638725626388e-01
-5.021182298660278320e-01 -5.981151461601257324e-01 -6.246082186698913574e-01 -1.676107444861214324e+00
3.744971454143524170e-01 5.006366968154907227e-01 -7.804574370384216309e-01 -2.426116595648102781e+00
0.000000000000000000e+00 0.000000000000000000e+00 0.000000000000000000e+00 1.000000000000000000e+00
7.544206976890563965e-01 -6.560207009315490723e-01 -2.205157093703746796e-02 -5.079768850768016097e-01
-5.654491186141967773e-01 -6.324691176414489746e-01 -5.293866395950317383e-01 -1.345979403790689144e+00
3.333414494991302490e-01 4.118489325046539307e-01 -8.480936288833618164e-01 -2.614062041707589046e+00
0.000000000000000000e+00 0.000000000000000000e+00 0.000000000000000000e+00 1.000000000000000000e+00
6.581180691719055176e-01 -7.526752352714538574e-01 -1.897678524255752563e-02 -4.380717083967045622e-01
-6.737671494483947754e-01 -5.774996876716613770e-01 -4.610124826431274414e-01 -1.061319856576447229e+00
3.360337316989898682e-01 3.161864280700683594e-01 -8.871910572052001953e-01 -2.751681582855746377e+00
0.000000000000000000e+00 0.000000000000000000e+00 0.000000000000000000e+00 1.000000000000000000e+00
5.897886753082275391e-01 -8.073647618293762207e-01 1.764777302742004395e-02 -2.783790685111029450e-01
-7.379761934280395508e-01 -5.477161407470703125e-01 -3.942049741744995117e-01 -8.135973425507189161e-01
3.279335498809814453e-01 2.194741070270538330e-01 -9.188534617424011230e-01 -2.855367886273187050e+00
0.000000000000000000e+00 0.000000000000000000e+00 0.000000000000000000e+00 1.000000000000000000e+00
5.373946428298950195e-01 -8.416095376014709473e-01 5.385465547442436218e-02 -1.301667212889500991e-01
-7.857926487922668457e-01 -5.228918194770812988e-01 -3.303246796131134033e-01 -5.772930868071285415e-01
3.061646819114685059e-01 1.351961493492126465e-01 -9.423300623893737793e-01 -2.917275749869046031e+00
0.000000000000000000e+00 0.000000000000000000e+00 0.000000000000000000e+00 1.000000000000000000e+00
5.056672096252441406e-01 -8.553993105888366699e-01 1.122155934572219849e-01 8.103103725258173351e-02
-8.178930878639221191e-01 -5.167014598846435547e-01 -2.531214654445648193e-01 -3.132662403522679107e-01
2.745019495487213135e-01 3.621492534875869751e-02 -9.609043598175048828e-01 -2.962951266442387155e+00
0.000000000000000000e+00 0.000000000000000000e+00 0.000000000000000000e+00 1.000000000000000000e+00
4.416766762733459473e-01 -8.834094405174255371e-01 1.565554440021514893e-01 2.738838133320030677e-01
-8.582645654678344727e-01 -4.668710827827453613e-01 -2.131051868200302124e-01 -1.581675680433370923e-01
2.613503038883209229e-01 -4.024245962500572205e-02 -9.644050002098083496e-01 -2.967239071841070164e+00
0.000000000000000000e+00 0.000000000000000000e+00 0.000000000000000000e+00 1.000000000000000000e+00
3.565049171447753906e-01 -8.980271220207214355e-01 2.577814161777496338e-01 6.471615524093801142e-01
-8.939834833145141602e-01 -4.080522656440734863e-01 -1.851663589477539062e-01 -4.794937798674371587e-02
2.714729011058807373e-01 -1.644397825002670288e-01 -9.482940435409545898e-01 -2.921072385075975664e+00
0.000000000000000000e+00 0.000000000000000000e+00 0.000000000000000000e+00 1.000000000000000000e+00
2.962450683116912842e-01 -8.885829448699951172e-01 3.502259850502014160e-01 9.719912330055211491e-01
-9.139991998672485352e-01 -3.701725602149963379e-01 -1.660681664943695068e-01 2.550865533802909590e-02
2.772093713283538818e-01 -2.709092497825622559e-01 -9.218258857727050781e-01 -2.847701492207185048e+00
0.000000000000000000e+00 0.000000000000000000e+00 0.000000000000000000e+00 1.000000000000000000e+00
2.698470354080200195e-01 -8.584206700325012207e-01 4.362299144268035889e-01 1.249077860256265105e+00
-9.340065717697143555e-01 -3.434997200965881348e-01 -9.817799180746078491e-02 2.527926256977313102e-01
2.341227829456329346e-01 -3.809486627578735352e-01 -8.944633007049560547e-01 -2.730597964405579336e+00
0.000000000000000000e+00 0.000000000000000000e+00 0.000000000000000000e+00 1.000000000000000000e+00
1.810087114572525024e-01 -7.831844687461853027e-01 5.948591232299804688e-01 1.784994622262422004e+00
-9.617236256599426270e-01 -2.674794495105743408e-01 -5.951888859272003174e-02 3.748617151257487845e-01
2.057269811630249023e-01 -5.613165497779846191e-01 -8.016235828399658203e-01 -2.428726420183834556e+00
0.000000000000000000e+00 0.000000000000000000e+00 0.000000000000000000e+00 1.000000000000000000e+00
1.356663554906845093e-01 -6.803728938102722168e-01 7.201994657516479492e-01 2.194192924025091251e+00
-9.733285307884216309e-01 -2.272638380527496338e-01 -3.134724497795104980e-02 4.667277871279971735e-01
1.850030273199081421e-01 -6.967377662658691406e-01 -6.930586695671081543e-01 -2.092820782779078126e+00
0.000000000000000000e+00 0.000000000000000000e+00 0.000000000000000000e+00 1.000000000000000000e+00
1.092674955725669861e-01 -5.830915570259094238e-01 8.050245046615600586e-01 2.461618813074497591e+00
-9.832564592361450195e-01 -1.822248548269271851e-01 1.470967894420027733e-03 5.669563075831561827e-01
1.458376348018646240e-01 -7.917057275772094727e-01 -5.932393074035644531e-01 -1.774702404773542019e+00
0.000000000000000000e+00 0.000000000000000000e+00 0.000000000000000000e+00 1.000000000000000000e+00
8.246373385190963745e-02 -5.107913613319396973e-01 8.557403087615966797e-01 2.629131027280425137e+00
-9.898816943168640137e-01 -1.414744406938552856e-01 1.094407401978969574e-02 6.065270339712147685e-01
1.154751330614089966e-01 -8.479840755462646484e-01 -5.172900557518005371e-01 -1.528397937722769218e+00
0.000000000000000000e+00 0.000000000000000000e+00 0.000000000000000000e+00 1.000000000000000000e+00
1.519615054130554199e-01 -5.186582803726196289e-01 8.413687348365783691e-01 2.528400023162804100e+00
-9.881081581115722656e-01 -9.992671757936477661e-02 1.168649047613143921e-01 9.199996456054546634e-01
2.346222847700119019e-02 -8.491219282150268555e-01 -5.276754498481750488e-01 -1.492575902260282028e+00
0.000000000000000000e+00 0.000000000000000000e+00 0.000000000000000000e+00 1.000000000000000000e+00
2.612877190113067627e-01 -5.848575234413146973e-01 7.678997516632080078e-01 2.238680940081460236e+00
-9.605775475502014160e-01 -7.927592843770980835e-02 2.664696276187896729e-01 1.350868900511070336e+00
-9.497084468603134155e-02 -8.072531223297119141e-01 -5.825151801109313965e-01 -1.558470660527797591e+00
0.000000000000000000e+00 0.000000000000000000e+00 0.000000000000000000e+00 1.000000000000000000e+00
3.220142126083374023e-01 -6.214620471000671387e-01 7.142069339752197266e-01 2.046303648825484434e+00
-9.300714731216430664e-01 -6.674276292324066162e-02 3.612654805183410645e-01 1.602990423074400761e+00
-1.768444329500198364e-01 -7.805956602096557617e-01 -5.994959473609924316e-01 -1.551993146670317847e+00
0.000000000000000000e+00 0.000000000000000000e+00 0.000000000000000000e+00 1.000000000000000000e+00
3.619659245014190674e-01 -6.454272270202636719e-01 6.726099848747253418e-01 1.898510814065213825e+00
-8.919432163238525391e-01 -3.006994538009166718e-02 4.511457681655883789e-01 1.838398362202618763e+00
-2.709565162658691406e-01 -7.632296085357666016e-01 -5.865689516067504883e-01 -1.445760346559284093e+00
0.000000000000000000e+00 0.000000000000000000e+00 0.000000000000000000e+00 1.000000000000000000e+00
4.201105237007141113e-01 -6.472702622413635254e-01 6.360408067703247070e-01 1.742906579657049981e+00
-8.399204015731811523e-01 -1.198554132133722305e-02 5.425781011581420898e-01 2.063262146630118199e+00
-3.435710966587066650e-01 -7.621665596961975098e-01 -5.486912131309509277e-01 -1.271176247376193391e+00
0.000000000000000000e+00 0.000000000000000000e+00 0.000000000000000000e+00 1.000000000000000000e+00
5.139753222465515137e-01 -6.528754830360412598e-01 5.564020276069641113e-01 1.457911836380767490e+00
-7.329238653182983398e-01 2.785391407087445259e-03 6.803052425384521484e-01 2.369013659428404583e+00
-4.457042515277862549e-01 -7.574604749679565430e-01 -4.770761728286743164e-01 -9.608067689913412091e-01
0.000000000000000000e+00 0.000000000000000000e+00 0.000000000000000000e+00 1.000000000000000000e+00
6.142905354499816895e-01 -6.906523704528808594e-01 3.816356658935546875e-01 8.787494015743209097e-01
-5.831381082534790039e-01 -7.151142507791519165e-02 8.092194795608520508e-01 2.658332218052821272e+00
-5.315978527069091797e-01 -7.196422815322875977e-01 -4.466745257377624512e-01 -8.005918813618253527e-01
0.000000000000000000e+00 0.000000000000000000e+00 0.000000000000000000e+00 1.000000000000000000e+00
6.244495511054992676e-01 -7.323566675186157227e-01 2.715091407299041748e-01 5.823367794310767565e-01
-5.021321773529052734e-01 -1.101513206958770752e-01 8.577471971511840820e-01 2.747851572697897815e+00
-5.982693433761596680e-01 -6.719530820846557617e-01 -4.365237951278686523e-01 -7.308577864339120822e-01
0.000000000000000000e+00 0.000000000000000000e+00 0.000000000000000000e+00 1.000000000000000000e+00
5.944174528121948242e-01 -7.795318961143493652e-01 1.974783688783645630e-01 4.221335157028685559e-01
-4.004333913326263428e-01 -7.396809756755828857e-02 9.133352637290954590e-01 2.849188537344221395e+00
-6.973670721054077148e-01 -6.219795346260070801e-01 -3.561184704303741455e-01 -4.769530470346649564e-01
0.000000000000000000e+00 0.000000000000000000e+00 0.000000000000000000e+00 1.000000000000000000e+00
4.273632466793060303e-01 -9.025506973266601562e-01 5.255739763379096985e-02 1.567843901127579098e-01
-2.282890230417251587e-01 -5.148129537701606750e-02 9.722313880920410156e-01 2.925473062828024773e+00
-8.747826814651489258e-01 -4.274942278861999512e-01 -2.280437499284744263e-01 -9.893516206090850751e-02
0.000000000000000000e+00 0.000000000000000000e+00 0.000000000000000000e+00 1.000000000000000000e+00
2.920186519622802734e-01 -9.519480466842651367e-01 -9.230744093656539917e-02 -2.155193384688447733e-01
-2.584062814712524414e-01 -1.714548766613006592e-01 9.506996870040893555e-01 2.943805576327753304e+00
-9.208430647850036621e-01 -2.537689805030822754e-01 -2.960573732852935791e-01 -3.567896738060483131e-01
0.000000000000000000e+00 0.000000000000000000e+00 0.000000000000000000e+00 1.000000000000000000e+00
2.855328917503356934e-01 -9.580527544021606445e-01 2.462216094136238098e-02 1.502232583242839592e-01
-3.708100616931915283e-01 -8.675055950880050659e-02 9.246480464935302734e-01 2.885557206598766466e+00
-8.837255835533142090e-01 -2.731477022171020508e-01 -3.800258636474609375e-01 -5.970688209048110595e-01
0.000000000000000000e+00 0.000000000000000000e+00 0.000000000000000000e+00 1.000000000000000000e+00
2.742305397987365723e-01 -9.612941741943359375e-01 2.668511681258678436e-02 2.067279824956186340e-01
-4.603218138217926025e-01 -1.068526357412338257e-01 8.812982439994812012e-01 2.792885808638859491e+00
-8.443349003791809082e-01 -2.539624273777008057e-01 -4.718066751956939697e-01 -8.959818925361715536e-01
0.000000000000000000e+00 0.000000000000000000e+00 0.000000000000000000e+00 1.000000000000000000e+00
1.552217304706573486e-01 -9.867531657218933105e-01 4.716171696782112122e-02 3.190045731792863215e-01
-4.784426689147949219e-01 -3.332230821251869202e-02 8.774863481521606445e-01 2.781525152478928842e+00
-8.642911314964294434e-01 -1.587690860033035278e-01 -4.772769510746002197e-01 -9.247647417112273560e-01
0.000000000000000000e+00 0.000000000000000000e+00 0.000000000000000000e+00 1.000000000000000000e+00
