0.3520863652229309 0.9301483035087585 -0.1042081341147423 0.03185200318694115 
-0.9357583522796631 0.3521733582019806 -0.01817872375249863 0.04114982485771179 
0.0197904109954834 0.1039140820503235 0.9943894147872925 -0.303910493850708 
0 0 0 1 

0.2737177610397339 0.9538695812225342 -0.1233342066407204 0.0405605174601078 
-0.9585838317871094 0.2810416519641876 0.04618016630411148 0.01680398918688297 
0.07871187478303909 0.1055858433246613 0.9912900328636169 -0.3034369051456451 
0 0 0 1 

0.1945086270570755 0.9691082835197449 -0.1516415625810623 0.05098086595535278 
-0.9719820022583008 0.2112223654985428 0.1031274721026421 -0.00419331481680274 
0.1319718807935715 0.1273337751626968 0.983040988445282 -0.3018496632575989 
0 0 0 1 

0.115434855222702 0.9810037016868591 -0.1559064537286758 0.0540686696767807 
-0.9706648588180542 0.1447315216064453 0.1919968575239182 -0.03467907384037971 
0.2109141498804092 0.1291697770357132 0.968932569026947 -0.2987564206123352 
0 0 0 1 

0.1923782974481583 0.9717196226119995 -0.1369352787733078 0.04722293838858604 
-0.953683614730835 0.2180147767066956 0.2072602361440659 -0.0388621874153614 
0.2312527596950531 0.09072062373161316 0.9686546325683594 -0.2966887354850769 
0 0 0 1 

0.2745653986930847 0.9507957696914673 -0.1435305625200272 0.04709237441420555 
-0.9365933537483215 0.2982368767261505 0.1839766055345535 -0.02926867827773094 
0.2177302986383438 0.08391621708869934 0.9723948240280151 -0.2955294549465179 
0 0 0 1 

0.3258905708789825 0.9339739084243774 -0.1465870141983032 0.04617130756378174 
-0.9337303638458252 0.3422673642635345 0.1048855632543564 -0.001884253928437829 
0.1481323540210724 0.1026915535330772 0.9836215376853943 -0.2952419817447662 
0 0 0 1 

0.8955438137054443 0.4447702467441559 -0.01344360690563917 -0.02515550702810287 
-0.4267855882644653 0.8670967817306519 0.2568991184234619 -0.05425898358225822 
0.1259180158376694 -0.224326878786087 0.9663447141647339 -0.2630635797977448 
0 0 0 1 

0.5823466181755066 0.8125159740447998 -0.02627026848495007 -0.02841158211231232 
-0.7398208975791931 0.5430850386619568 0.3971441388130188 -0.08588057011365891 
0.3369530439376831 -0.2118401974439621 0.917380154132843 -0.3082783818244934 
0 0 0 1 

0.5436812043190002 0.8367703557014465 -0.06500503420829773 -0.01184825506061316 
-0.778282105922699 0.5316358804702759 0.3341258764266968 -0.06240984052419662 
0.3141457736492157 -0.1310657858848572 0.9402840137481689 -0.314667284488678 
0 0 0 1 

