-0.4710084497928619 -0.4561113119125366 0.7550583481788635 -0.2023337483406067 
-0.8819928169250488 0.2284880727529526 -0.4121671319007874 0.1696835309267044 
0.01547239441424608 -0.8600903153419495 -0.509906530380249 0.1507773995399475 
0 0 0 1 

-0.4924554824829102 -0.5243071317672729 0.6946868300437927 -0.1853331327438354 
-0.8703259825706482 0.2925240397453308 -0.3961848020553589 0.1645130664110184 
0.004509950522333384 -0.799707293510437 -0.6003731489181519 0.1811092793941498 
0 0 0 1 

-0.467415988445282 -0.5852574706077576 0.6625675559043884 -0.1797066628932953 
-0.8823463320732117 0.3551847636699677 -0.3087207973003387 0.1391429305076599 
-0.05465269833803177 -0.7289152145385742 -0.6824188232421875 0.2109573483467102 
0 0 0 1 

-0.3178449273109436 -0.7732753753662109 0.5486525297164917 -0.16439388692379 
-0.6354339718818665 0.6032058000564575 0.4820438325405121 -0.1107100024819374 
-0.703702986240387 -0.1954171806573868 -0.683091402053833 0.2507782280445099 
0 0 0 1 

-0.2444657683372498 -0.7659159898757935 0.5946502089500427 -0.1811358481645584 
-0.6869615316390991 0.5696114897727966 0.451249897480011 -0.09964997321367264 
-0.6843391060829163 -0.2981866598129272 -0.6654054522514343 0.2436550706624985 
0 0 0 1 

-0.1830705851316452 -0.742851197719574 0.6439386010169983 -0.1985425353050232 
-0.7340768575668335 0.538981020450592 0.4130744636058807 -0.08495558798313141 
-0.6539235711097717 -0.3970786333084106 -0.643981397151947 0.235122874379158 
0 0 0 1 

-0.1160347387194633 -0.7055049538612366 0.6991410851478577 -0.218665212392807 
-0.7798835635185242 0.500608503818512 0.3757294714450836 -0.07154759764671326 
-0.6150749921798706 -0.5016509890556335 -0.6082996726036072 0.2220510989427567 
0 0 0 1 

-0.06110424920916557 -0.6508760452270508 0.7567207813262939 -0.2386674582958221 
-0.8124247193336487 0.4728655517101288 0.3411218822002411 -0.05933122336864471 
-0.5798552632331848 -0.5939346551895142 -0.5576819181442261 0.2047156393527985 
0 0 0 1 

-0.02104881778359413 -0.5753698945045471 0.8176222443580627 -0.2590579390525818 
-0.8832255005836487 0.3939073979854584 0.2544591128826141 -0.02770093455910683 
-0.4684755206108093 -0.7167888283729553 -0.5164727568626404 0.1853855550289154 
0 0 0 1 

-0.03510042279958725 -0.5436225533485413 0.838595449924469 -0.2642536461353302 
-0.9293867349624634 0.3262649178504944 0.1726016104221344 0.000152663211338222 
-0.3674343526363373 -0.7733211517333984 -0.5166877508163452 0.1806592345237732 
0 0 0 1 

