0.9915661215782166 -0.08347693085670471 -0.09913952648639679 -0.02295641414821148 
-0.09609363228082657 0.03975793346762657 -0.9945776462554932 0.3091593086719513 
0.08696582168340683 0.9957162737846375 0.03140094876289368 0.005847841035574675 
0 0 0 1 

0.8567658662796021 -0.5038268566131592 -0.1100500822067261 -0.01487279124557972 
-0.0534704178571701 0.1254602372646332 -0.9906565546989441 0.3031773865222931 
0.5129265189170837 0.8546449542045593 0.08055024594068527 -0.03750969842076302 
0 0 0 1 

0.9707513451576233 -0.1500022411346436 -0.1874586939811707 0.0005227963556535542 
-0.1617015600204468 0.168651282787323 -0.9723214507102966 0.3057278990745544 
0.1774656027555466 0.9741949439048767 0.1394629329442978 -0.02786596119403839 
0 0 0 1 

0.9642917513847351 0.1162367090582848 -0.2379715591669083 0.01923671923577785 
-0.256216287612915 0.1819766163825989 -0.9493351578712463 0.3081967234611511 
-0.06704232841730118 0.9764084815979004 0.2052602916955948 -0.03104165382683277 
0 0 0 1 

0.6104582548141479 0.7908353805541992 -0.04381930828094482 -0.001075976877473295 
-0.377898097038269 0.2421915680170059 -0.8936086297035217 0.3068608343601227 
-0.6960847973823547 0.562069833278656 0.4467029869556427 -0.07454477250576019 
0 0 0 1 

0.9211256504058838 0.2197388857603073 -0.321313738822937 0.05221877992153168 
-0.3816972672939301 0.3478853702545166 -0.8563193678855896 0.3001261055469513 
-0.07638633996248245 0.9114223122596741 0.4043198227882385 -0.08860105276107788 
0 0 0 1 

0.8882704973220825 0.455059677362442 0.06241881102323532 -0.04450716078281403 
-0.2589497864246368 0.6083714365959167 -0.7502192258834839 0.2312432378530502 
-0.3793684244155884 0.6502342820167542 0.658236026763916 -0.1466791331768036 
0 0 0 1 

0.8577121496200562 0.5053777098655701 0.09446223080158234 -0.0518542043864727 
-0.2656995058059692 0.5930097699165344 -0.7600941061973572 0.2334083020687103 
-0.4401516914367676 0.6268433928489685 0.6429104208946228 -0.1381936073303223 
0 0 0 1 

0.7401682734489441 0.6644768714904785 0.1030594483017921 -0.0443933978676796 
-0.3633204698562622 0.5241675972938538 -0.7702249884605408 0.2353086322546005 
-0.5658171772956848 0.5326525568962097 0.6293903589248657 -0.1305029839277267 
0 0 0 1 

0.7397847175598145 0.6665036082267761 0.09215138107538223 -0.04120464622974396 
-0.3242331743240356 0.4731390476226807 -0.8191534876823425 0.246681272983551 
-0.5895692110061646 0.5761184692382812 0.5661234855651855 -0.1102586910128593 
0 0 0 1 

