1.000000000000000000e+00 0.000000000000000000e+00 0.000000000000000000e+00 -3.619798645377159119e-02
0.000000000000000000e+00 1.000000000000000000e+00 0.000000000000000000e+00 -1.327119767665863037e-03
0.000000000000000000e+00 0.000000000000000000e+00 1.000000000000000000e+00 -2.960163652896881104e-01
0.000000000000000000e+00 0.000000000000000000e+00 0.000000000000000000e+00 1.000000000000000000e+00
9.899736046791076660e-01 1.405760794878005981e-01 1.380000449717044830e-02 -4.351273924112319946e-02
-1.396199762821197510e-01 9.886631369590759277e-01 -5.524221435189247131e-02 2.843558788299560547e-02
-2.140929363667964935e-02 5.276159197092056274e-02 9.983777403831481934e-01 -2.969388365745544434e-01
0.000000000000000000e+00 0.000000000000000000e+00 0.000000000000000000e+00 1.000000000000000000e+00
9.716129302978515625e-01 2.351510375738143921e-01 2.592364884912967682e-02 -4.738956689834594727e-02
-2.315193116664886475e-01 9.676548838615417480e-01 -1.002116501331329346e-01 5.242103338241577148e-02
-4.865007475018501282e-02 9.136509150266647339e-02 9.946283102035522461e-01 -2.952418327331542969e-01
0.000000000000000000e+00 0.000000000000000000e+00 0.000000000000000000e+00 1.000000000000000000e+00
9.411073923110961914e-01 3.367001712322235107e-01 3.082214482128620148e-02 -4.780928790569305420e-02
-3.296033740043640137e-01 9.339327216148376465e-01 -1.383149921894073486e-01 7.303561270236968994e-02
-7.535655796527862549e-02 1.200101450085639954e-01 9.899085760116577148e-01 -2.922284305095672607e-01
0.000000000000000000e+00 0.000000000000000000e+00 0.000000000000000000e+00 1.000000000000000000e+00
8.941054940223693848e-01 4.477232694625854492e-01 1.091147307306528091e-02 -3.621896356344223022e-02
-4.401803016662597656e-01 8.830118775367736816e-01 -1.628843545913696289e-01 8.760924637317657471e-02
-8.256211876869201660e-02 1.408328115940093994e-01 9.865849018096923828e-01 -2.909487783908843994e-01
0.000000000000000000e+00 0.000000000000000000e+00 0.000000000000000000e+00 1.000000000000000000e+00
8.289764523506164551e-01 5.592457056045532227e-01 -6.480765063315629959e-03 -2.494799345731735229e-02
-5.501605868339538574e-01 8.133155107498168945e-01 -1.893163174390792847e-01 1.021573469042778015e-01
-1.006034761667251587e-01 1.605042070150375366e-01 9.818947911262512207e-01 -2.890701889991760254e-01
0.000000000000000000e+00 0.000000000000000000e+00 0.000000000000000000e+00 1.000000000000000000e+00
7.521847486495971680e-01 6.576098203659057617e-01 -4.203676059842109680e-02 -6.870904937386512756e-03
-6.539717912673950195e-01 7.371510863304138184e-01 -1.700847893953323364e-01 1.000856161117553711e-01
-8.086208254098892212e-02 1.554260402917861938e-01 9.845324754714965820e-01 -2.925538420677185059e-01
0.000000000000000000e+00 0.000000000000000000e+00 0.000000000000000000e+00 1.000000000000000000e+00
6.887438297271728516e-01 7.217011451721191406e-01 -6.913165003061294556e-02 5.096484906971454620e-03
-7.241485714912414551e-01 6.801635026931762695e-01 -1.139575541019439697e-01 8.209643512964248657e-02
-3.522250801324844360e-02 1.285491734743118286e-01 9.910774230957031250e-01 -2.995141744613647461e-01
0.000000000000000000e+00 0.000000000000000000e+00 0.000000000000000000e+00 1.000000000000000000e+00
5.869706273078918457e-01 8.089913725852966309e-01 -3.158899024128913879e-02 -3.061595838516950607e-03
-8.086195588111877441e-01 5.838804244995117188e-01 -7.223226130008697510e-02 6.862724572420120239e-02
-3.999110683798789978e-02 6.794171035289764404e-02 9.968875050544738770e-01 -3.070178031921386719e-01
0.000000000000000000e+00 0.000000000000000000e+00 0.000000000000000000e+00 1.000000000000000000e+00
5.004799365997314453e-01 8.647588491439819336e-01 -4.137478023767471313e-02 4.805796314030885696e-03
-8.654112815856933594e-01 4.983804821968078613e-01 -5.177033320069313049e-02 6.296612322330474854e-02
-2.414846234023571014e-02 6.171621754765510559e-02 9.978015422821044922e-01 -3.110723197460174561e-01
0.000000000000000000e+00 0.000000000000000000e+00 0.000000000000000000e+00 1.000000000000000000e+00
3.994895815849304199e-01 9.150953888893127441e-01 -5.484831705689430237e-02 1.395845320075750351e-02
-9.165291190147399902e-01 3.999592363834381104e-01 -2.605286426842212677e-03 4.514175653457641602e-02
1.955300383269786835e-02 5.131087079644203186e-02 9.984912872314453125e-01 -3.151480257511138916e-01
0.000000000000000000e+00 0.000000000000000000e+00 0.000000000000000000e+00 1.000000000000000000e+00
2.907205522060394287e-01 9.556719660758972168e-01 -4.661189764738082886e-02 1.614892110228538513e-02
-9.557597637176513672e-01 2.923369407653808594e-01 3.259200230240821838e-02 3.191211074590682983e-02
4.477362707257270813e-02 3.507460653781890869e-02 9.983810782432556152e-01 -3.178558051586151123e-01
0.000000000000000000e+00 0.000000000000000000e+00 0.000000000000000000e+00 1.000000000000000000e+00
1.747692376375198364e-01 9.818956255912780762e-01 -7.305093109607696533e-02 2.982662618160247803e-02
-9.821361303329467773e-01 1.791050583124160767e-01 5.770302191376686096e-02 2.235806733369827271e-02
6.974214315414428711e-02 6.166127324104309082e-02 9.956576228141784668e-01 -3.182792961597442627e-01
0.000000000000000000e+00 0.000000000000000000e+00 0.000000000000000000e+00 1.000000000000000000e+00
9.772752970457077026e-02 9.916729331016540527e-01 -8.386613428592681885e-02 3.642551600933074951e-02
-9.904873371124267578e-01 1.051198989152908325e-01 8.879285305738449097e-02 1.024703681468963623e-02
9.686950594186782837e-02 7.439086586236953735e-02 9.925132393836975098e-01 -3.175970613956451416e-01
0.000000000000000000e+00 0.000000000000000000e+00 0.000000000000000000e+00 1.000000000000000000e+00
1.657433994114398956e-02 9.961720108985900879e-01 -8.582703024148941040e-02 4.199602827429771423e-02
-9.971153140068054199e-01 2.282682433724403381e-02 7.238887250423431396e-02 1.804872043430805206e-02
7.407093048095703125e-02 8.437966555356979370e-02 9.936768412590026855e-01 -3.118345737457275391e-01
0.000000000000000000e+00 0.000000000000000000e+00 0.000000000000000000e+00 1.000000000000000000e+00
-9.228111803531646729e-02 8.957753777503967285e-01 -4.348224699497222900e-01 1.633642911911010742e-01
-9.903392791748046875e-01 -3.717713803052902222e-02 1.335886716842651367e-01 -2.307515824213624001e-03
1.034999638795852661e-01 4.429495632648468018e-01 8.905522227287292480e-01 -2.723049819469451904e-01
0.000000000000000000e+00 0.000000000000000000e+00 0.000000000000000000e+00 1.000000000000000000e+00
-1.659907102584838867e-01 8.719077706336975098e-01 -4.606772065162658691e-01 1.736739575862884521e-01
-9.765260219573974609e-01 -8.030605316162109375e-02 1.998682320117950439e-01 -2.570030465722084045e-02
1.372714936733245850e-01 4.830398261547088623e-01 8.647713065147399902e-01 -2.647679150104522705e-01
0.000000000000000000e+00 0.000000000000000000e+00 0.000000000000000000e+00 1.000000000000000000e+00
-1.348057091236114502e-01 8.138487935066223145e-01 -5.652235746383666992e-01 2.004026770591735840e-01
-9.908274412155151367e-01 -1.161480247974395752e-01 6.907402724027633667e-02 1.673950254917144775e-02
-9.433804079890251160e-03 5.693504810333251953e-01 8.220406770706176758e-01 -2.441203445196151733e-01
0.000000000000000000e+00 0.000000000000000000e+00 0.000000000000000000e+00 1.000000000000000000e+00
-8.852223306894302368e-02 7.357805371284484863e-01 -6.714093685150146484e-01 2.239641547203063965e-01
-9.944897890090942383e-01 -2.728277817368507385e-02 1.012203991413116455e-01 9.511432610452175140e-03
5.615808069705963135e-02 6.766701936721801758e-01 7.341415882110595703e-01 -2.258864343166351318e-01
0.000000000000000000e+00 0.000000000000000000e+00 0.000000000000000000e+00 1.000000000000000000e+00
-6.318212300539016724e-02 5.601337552070617676e-01 -8.259893059730529785e-01 2.690848112106323242e-01
-9.852187037467956543e-01 9.703788161277770996e-02 1.411668956279754639e-01 -3.015523543581366539e-03
1.592246294021606445e-01 8.226992487907409668e-01 5.457231402397155762e-01 -1.667784899473190308e-01
0.000000000000000000e+00 0.000000000000000000e+00 0.000000000000000000e+00 1.000000000000000000e+00
-1.244268864393234253e-01 4.276517033576965332e-01 -8.953389525413513184e-01 2.891671955585479736e-01
-9.849324822425842285e-01 5.599501356482505798e-02 1.636235862970352173e-01 -1.385870017111301422e-02
1.201083362102508545e-01 9.022076129913330078e-01 4.142409563064575195e-01 -1.206482127308845520e-01
0.000000000000000000e+00 0.000000000000000000e+00 0.000000000000000000e+00 1.000000000000000000e+00
-1.952398419380187988e-01 3.217820525169372559e-01 -9.264650344848632812e-01 3.004629015922546387e-01
-9.738067984580993652e-01 4.864449799060821533e-02 2.221118807792663574e-01 -3.273797780275344849e-02
1.165390014648437500e-01 9.455630779266357422e-01 3.038562834262847900e-01 -8.636441081762313843e-02
0.000000000000000000e+00 0.000000000000000000e+00 0.000000000000000000e+00 1.000000000000000000e+00
-2.773032486438751221e-01 2.081478536128997803e-01 -9.379644393920898438e-01 3.074544072151184082e-01
-9.576854705810546875e-01 1.843630708754062653e-02 2.872250080108642578e-01 -5.421448498964309692e-02
7.707782834768295288e-02 9.779236316680908203e-01 1.942279040813446045e-01 -4.920547828078269958e-02
0.000000000000000000e+00 0.000000000000000000e+00 0.000000000000000000e+00 1.000000000000000000e+00
-1.723505258560180664e-01 -8.448412418365478516e-01 -5.064966678619384766e-01 1.639381051063537598e-01
-9.518283605575561523e-01 1.045289728790521622e-02 3.064524829387664795e-01 -5.802717059850692749e-02
-2.536092102527618408e-01 5.349153280258178711e-01 -8.059452176094055176e-01 2.830086350440979004e-01
0.000000000000000000e+00 0.000000000000000000e+00 0.000000000000000000e+00 1.000000000000000000e+00
-1.801482588052749634e-01 -8.554461598396301270e-01 -4.855504035949707031e-01 1.566646546125411987e-01
-9.695373177528381348e-01 7.113700360059738159e-02 2.343864738941192627e-01 -3.571052476763725281e-02
-1.659642755985260010e-01 5.129836201667785645e-01 -8.422017097473144531e-01 2.895621359348297119e-01
0.000000000000000000e+00 0.000000000000000000e+00 0.000000000000000000e+00 1.000000000000000000e+00
-9.220474213361740112e-02 -8.584703803062438965e-01 -5.045060515403747559e-01 1.553562283515930176e-01
-9.905740022659301758e-01 2.753881178796291351e-02 1.341804862022399902e-01 -1.518539502285420895e-03
-1.012965738773345947e-01 5.121226906776428223e-01 -8.529173731803894043e-01 2.885890305042266846e-01
0.000000000000000000e+00 0.000000000000000000e+00 0.000000000000000000e+00 1.000000000000000000e+00
1.690487936139106750e-02 -8.586562871932983398e-01 -5.122726559638977051e-01 1.484137475490570068e-01
-9.996237158775329590e-01 -2.558103390038013458e-02 9.891343303024768829e-03 4.105771332979202271e-02
-2.159780636429786682e-02 5.119127631187438965e-01 -8.587657213211059570e-01 2.849244177341461182e-01
0.000000000000000000e+00 0.000000000000000000e+00 0.000000000000000000e+00 1.000000000000000000e+00
4.995153844356536865e-02 -8.611702919006347656e-01 -5.058557391166687012e-01 1.434020102024078369e-01
-9.936766624450683594e-01 8.141201920807361603e-03 -1.119818314909934998e-01 7.988252490758895874e-02
1.005537435412406921e-01 5.082509517669677734e-01 -8.553186655044555664e-01 2.755835652351379395e-01
0.000000000000000000e+00 0.000000000000000000e+00 0.000000000000000000e+00 1.000000000000000000e+00
2.297351695597171783e-02 -8.685346841812133789e-01 -4.950956702232360840e-01 1.440418213605880737e-01
-9.800847768783569336e-01 7.814048230648040771e-02 -1.825581789016723633e-01 9.391488879919052124e-02
1.972452551126480103e-01 4.894298315048217773e-01 -8.494427800178527832e-01 2.701404392719268799e-01
0.000000000000000000e+00 0.000000000000000000e+00 0.000000000000000000e+00 1.000000000000000000e+00
-4.467198625206947327e-02 -8.677355051040649414e-01 -4.950137138366699219e-01 1.515698134899139404e-01
-9.935230612754821777e-01 9.041347354650497437e-02 -6.883063912391662598e-02 5.791501700878143311e-02
1.044826954603195190e-01 4.887331128120422363e-01 -8.661545515060424805e-01 2.907259166240692139e-01
0.000000000000000000e+00 0.000000000000000000e+00 0.000000000000000000e+00 1.000000000000000000e+00
-5.537403747439384460e-02 -8.553216457366943359e-01 -5.151303410530090332e-01 1.569347232580184937e-01
-9.935826063156127930e-01 -3.760306164622306824e-03 1.130495592951774597e-01 8.362357766600325704e-05
-9.863085299730300903e-02 5.180838704109191895e-01 -8.496237397193908691e-01 3.037634789943695068e-01
0.000000000000000000e+00 0.000000000000000000e+00 0.000000000000000000e+00 1.000000000000000000e+00
1.178871616721153259e-01 -8.337531089782714844e-01 -5.394052863121032715e-01 1.515062600374221802e-01
-9.879136681556701660e-01 -1.535207182168960571e-01 2.138719893991947174e-02 2.870666794478893280e-02
-1.006416380405426025e-01 5.303647518157958984e-01 -8.417743444442749023e-01 3.039263784885406494e-01
0.000000000000000000e+00 0.000000000000000000e+00 0.000000000000000000e+00 1.000000000000000000e+00
2.169866263866424561e-01 -7.825648188591003418e-01 -5.835312604904174805e-01 1.513416171073913574e-01
-9.479451179504394531e-01 -3.116371929645538330e-01 6.543731689453125000e-02 1.378148049116134644e-02
-2.330588400363922119e-01 5.389567017555236816e-01 -8.094496726989746094e-01 2.994354367256164551e-01
0.000000000000000000e+00 0.000000000000000000e+00 0.000000000000000000e+00 1.000000000000000000e+00
3.250802159309387207e-01 -7.216815948486328125e-01 -6.111443638801574707e-01 1.446728557348251343e-01
-9.148616790771484375e-01 -4.036439657211303711e-01 -9.982540272176265717e-03 3.624387457966804504e-02
-2.394806593656539917e-01 5.623577833175659180e-01 -7.914556860923767090e-01 2.884838879108428955e-01
0.000000000000000000e+00 0.000000000000000000e+00 0.000000000000000000e+00 1.000000000000000000e+00
3.540427088737487793e-01 -7.170124650001525879e-01 -6.004555821418762207e-01 1.384412199258804321e-01
-9.228891134262084961e-01 -3.718068003654479980e-01 -1.001772433519363403e-01 6.587316840887069702e-02
-1.514250934123992920e-01 5.896209478378295898e-01 -7.933582663536071777e-01 2.804173529148101807e-01
0.000000000000000000e+00 0.000000000000000000e+00 0.000000000000000000e+00 1.000000000000000000e+00
3.655860126018524170e-01 -7.058595418930053711e-01 -6.067194938659667969e-01 1.398732364177703857e-01
-9.276930689811706543e-01 -3.293501138687133789e-01 -1.758249253034591675e-01 9.036071598529815674e-02
-7.571545988321304321e-02 6.271286010742187500e-01 -7.752267718315124512e-01 2.682226002216339111e-01
0.000000000000000000e+00 0.000000000000000000e+00 0.000000000000000000e+00 1.000000000000000000e+00
5.305841565132141113e-01 -5.995646715164184570e-01 -5.991687774658203125e-01 1.320439577102661133e-01
-8.441383242607116699e-01 -4.378713369369506836e-01 -3.093524575233459473e-01 1.266132593154907227e-01
-7.688185572624206543e-02 6.699187159538269043e-01 -7.384429574012756348e-01 2.556281387805938721e-01
0.000000000000000000e+00 0.000000000000000000e+00 0.000000000000000000e+00 1.000000000000000000e+00
6.763067245483398438e-01 -4.179545044898986816e-01 -6.065669059753417969e-01 1.299939900636672974e-01
-7.162477970123291016e-01 -5.654409527778625488e-01 -4.089810550212860107e-01 1.550007760524749756e-01
-1.720424592494964600e-01 7.110487222671508789e-01 -6.817707419395446777e-01 2.521746456623077393e-01
0.000000000000000000e+00 0.000000000000000000e+00 0.000000000000000000e+00 1.000000000000000000e+00
6.958261132240295410e-01 -3.331346511840820312e-01 -6.362760663032531738e-01 1.360142529010772705e-01
-6.585499644279479980e-01 -6.494612693786621094e-01 -3.801467716693878174e-01 1.452404260635375977e-01
-2.865967452526092529e-01 6.835358738899230957e-01 -6.712980270385742188e-01 2.602331638336181641e-01
0.000000000000000000e+00 0.000000000000000000e+00 0.000000000000000000e+00 1.000000000000000000e+00
7.446182966232299805e-01 -2.547871768474578857e-01 -6.169493198394775391e-01 1.342661231756210327e-01
-5.809655189514160156e-01 -7.024947404861450195e-01 -4.110725522041320801e-01 1.467944085597991943e-01
-3.286676108837127686e-01 6.645183563232421875e-01 -6.711129546165466309e-01 2.591685354709625244e-01
0.000000000000000000e+00 0.000000000000000000e+00 0.000000000000000000e+00 1.000000000000000000e+00
7.341421842575073242e-01 -2.432960718870162964e-01 -6.339102983474731445e-01 1.469783782958984375e-01
-5.519667267799377441e-01 -7.575531601905822754e-01 -3.484915196895599365e-01 1.201054900884628296e-01
-3.954338431358337402e-01 6.057397723197937012e-01 -6.904429793357849121e-01 2.693988680839538574e-01
0.000000000000000000e+00 0.000000000000000000e+00 0.000000000000000000e+00 1.000000000000000000e+00
7.176627516746520996e-01 -3.348383307456970215e-01 -6.106093525886535645e-01 1.482479721307754517e-01
-5.967530608177185059e-01 -7.476475238800048828e-01 -2.913916110992431641e-01 9.799587726593017578e-02
-3.589515388011932373e-01 5.735035538673400879e-01 -7.363746762275695801e-01 2.814894020557403564e-01
0.000000000000000000e+00 0.000000000000000000e+00 0.000000000000000000e+00 1.000000000000000000e+00
8.083672523498535156e-01 -1.799851953983306885e-01 -5.604884624481201172e-01 1.355869323015213013e-01
-5.325546860694885254e-01 -6.293143033981323242e-01 -5.659929513931274414e-01 1.842701584100723267e-01
-2.508534491062164307e-01 7.560209631919860840e-01 -6.045694947242736816e-01 2.441982030868530273e-01
0.000000000000000000e+00 0.000000000000000000e+00 0.000000000000000000e+00 1.000000000000000000e+00
8.483936786651611328e-01 -1.121454387903213501e-01 -5.173503160476684570e-01 1.203361749649047852e-01
-4.815156459808349609e-01 -5.695205926895141602e-01 -6.661748290061950684e-01 2.173329442739486694e-01
-2.199332118034362793e-01 8.142907619476318359e-01 -5.371775627136230469e-01 2.204757928848266602e-01
0.000000000000000000e+00 0.000000000000000000e+00 0.000000000000000000e+00 1.000000000000000000e+00
8.764985799789428711e-01 -4.863756895065307617e-02 -4.789410233497619629e-01 1.068699806928634644e-01
-4.362592697143554688e-01 -5.008884668350219727e-01 -7.475212812423706055e-01 2.445774972438812256e-01
-2.035385817289352417e-01 8.641439080238342285e-01 -4.602468609809875488e-01 1.943952739238739014e-01
0.000000000000000000e+00 0.000000000000000000e+00 0.000000000000000000e+00 1.000000000000000000e+00
9.082585573196411133e-01 3.872833400964736938e-02 -4.166131317615509033e-01 8.556351810693740845e-02
-3.657780587673187256e-01 -4.099680781364440918e-01 -8.355433344841003418e-01 2.731980383396148682e-01
-2.031573802232742310e-01 9.112775921821594238e-01 -3.581911027431488037e-01 1.602652370929718018e-01
0.000000000000000000e+00 0.000000000000000000e+00 0.000000000000000000e+00 1.000000000000000000e+00
9.582432508468627930e-01 -2.122748494148254395e-01 -1.915974467992782593e-01 7.708433549851179123e-03
-2.493794113397598267e-01 -2.924838662147521973e-01 -9.231809377670288086e-01 2.962857782840728760e-01
1.399290114641189575e-01 9.324122667312622070e-01 -3.332075178623199463e-01 1.307783722877502441e-01
0.000000000000000000e+00 0.000000000000000000e+00 0.000000000000000000e+00 1.000000000000000000e+00
9.803444743156433105e-01 -7.266435772180557251e-02 -1.834237724542617798e-01 6.204430013895034790e-03
-1.949704140424728394e-01 -2.145945876836776733e-01 -9.570453763008117676e-01 3.047668933868408203e-01
3.018133714795112610e-02 9.739962816238403320e-01 -2.245440334081649780e-01 9.948877245187759399e-02
0.000000000000000000e+00 0.000000000000000000e+00 0.000000000000000000e+00 1.000000000000000000e+00
9.770733118057250977e-01 -1.741019040346145630e-01 -1.225415244698524475e-01 -1.465012971311807632e-02
-1.420695036649703979e-01 -1.044872775673866272e-01 -9.843263626098632812e-01 3.105472028255462646e-01
1.585690677165985107e-01 9.791688323020935059e-01 -1.268263012170791626e-01 5.825016275048255920e-02
0.000000000000000000e+00 0.000000000000000000e+00 0.000000000000000000e+00 1.000000000000000000e+00
9.759476184844970703e-01 -1.735275387763977051e-01 -1.319643557071685791e-01 -1.247315667569637299e-02
-1.420809626579284668e-01 -4.717652127146720886e-02 -9.887302517890930176e-01 3.108530044555664062e-01
1.653463244438171387e-01 9.836983680725097656e-01 -7.069671899080276489e-02 3.848992660641670227e-02
0.000000000000000000e+00 0.000000000000000000e+00 0.000000000000000000e+00 1.000000000000000000e+00
9.915659427642822266e-01 -8.347687125205993652e-02 -9.913951903581619263e-02 -2.295641787350177765e-02
-9.609357267618179321e-02 3.975793719291687012e-02 -9.945779442787170410e-01 3.091592788696289062e-01
8.696583658456802368e-02 9.957162737846374512e-01 3.140100836753845215e-02 5.847823340445756912e-03
0.000000000000000000e+00 0.000000000000000000e+00 0.000000000000000000e+00 1.000000000000000000e+00
8.567656874656677246e-01 -5.038268566131591797e-01 -1.100502088665962219e-01 -1.487279497087001801e-02
-5.347045138478279114e-02 1.254604160785675049e-01 -9.906566143035888672e-01 3.031773567199707031e-01
5.129263997077941895e-01 8.546450138092041016e-01 8.055034279823303223e-02 -3.750971332192420959e-02
0.000000000000000000e+00 0.000000000000000000e+00 0.000000000000000000e+00 1.000000000000000000e+00
9.707515239715576172e-01 -1.500023454427719116e-01 -1.874587237834930420e-01 5.228002555668354034e-04
-1.617016643285751343e-01 1.686510443687438965e-01 -9.723215103149414062e-01 3.057279288768768311e-01
1.774656176567077637e-01 9.741950035095214844e-01 1.394626498222351074e-01 -2.786593139171600342e-02
0.000000000000000000e+00 0.000000000000000000e+00 0.000000000000000000e+00 1.000000000000000000e+00
9.642916917800903320e-01 1.162367388606071472e-01 -2.379716336727142334e-01 1.923671923577785492e-02
-2.562162876129150391e-01 1.819766461849212646e-01 -9.493353366851806641e-01 3.081967234611511230e-01
-6.704238802194595337e-02 9.764083623886108398e-01 2.052602916955947876e-01 -3.104162774980068207e-02
0.000000000000000000e+00 0.000000000000000000e+00 0.000000000000000000e+00 1.000000000000000000e+00
6.104581952095031738e-01 7.908353805541992188e-01 -4.381923377513885498e-02 -1.075964886695146561e-03
-3.778979778289794922e-01 2.421916276216506958e-01 -8.936084508895874023e-01 3.068608343601226807e-01
-6.960846185684204102e-01 5.620697736740112305e-01 4.467030167579650879e-01 -7.454472780227661133e-02
0.000000000000000000e+00 0.000000000000000000e+00 0.000000000000000000e+00 1.000000000000000000e+00
9.211255311965942383e-01 2.197388261556625366e-01 -3.213137388229370117e-01 5.221879482269287109e-02
-3.816972672939300537e-01 3.478852510452270508e-01 -8.563194274902343750e-01 3.001261353492736816e-01
-7.638635486364364624e-02 9.114222526550292969e-01 4.043197035789489746e-01 -8.860100805759429932e-02
0.000000000000000000e+00 0.000000000000000000e+00 0.000000000000000000e+00 1.000000000000000000e+00
8.844857215881347656e-01 1.693562865257263184e-01 -4.347450733184814453e-01 8.911160379648208618e-02
-4.637904465198516846e-01 4.206495285034179688e-01 -7.797128558158874512e-01 2.866277992725372314e-01
5.082595720887184143e-02 8.912756443023681641e-01 4.506043791770935059e-01 -1.142295151948928833e-01
0.000000000000000000e+00 0.000000000000000000e+00 0.000000000000000000e+00 1.000000000000000000e+00
8.713340759277343750e-01 1.483024060726165771e-01 -4.677426815032958984e-01 1.001531481742858887e-01
-4.735121726989746094e-01 5.041392445564270020e-01 -7.222392559051513672e-01 2.694359123706817627e-01
1.286974847316741943e-01 8.507936596870422363e-01 5.094967484474182129e-01 -1.404667347669601440e-01
0.000000000000000000e+00 0.000000000000000000e+00 0.000000000000000000e+00 1.000000000000000000e+00
8.595227003097534180e-01 1.358724385499954224e-01 -4.927061200141906738e-01 1.084331870079040527e-01
-4.716514945030212402e-01 5.822309851646423340e-01 -6.622325778007507324e-01 2.529293894767761230e-01
1.968895643949508667e-01 8.015894889831542969e-01 5.645251870155334473e-01 -1.598421186208724976e-01
0.000000000000000000e+00 0.000000000000000000e+00 0.000000000000000000e+00 1.000000000000000000e+00
8.414121866226196289e-01 9.686209261417388916e-02 -5.316420793533325195e-01 1.183122023940086365e-01
-4.447583854198455811e-01 6.829311847686767578e-01 -5.794781446456909180e-01 2.280998229980468750e-01
3.069454431533813477e-01 7.240322232246398926e-01 6.177067756652832031e-01 -1.830262690782546997e-01
0.000000000000000000e+00 0.000000000000000000e+00 0.000000000000000000e+00 1.000000000000000000e+00
8.228071331977844238e-01 1.102062612771987915e-01 -5.575327873229980469e-01 1.284148246049880981e-01
-4.442966878414154053e-01 7.364646792411804199e-01 -5.101174712181091309e-01 2.076910734176635742e-01
3.543849587440490723e-01 6.674383878707885742e-01 6.549327373504638672e-01 -1.989921927452087402e-01
0.000000000000000000e+00 0.000000000000000000e+00 0.000000000000000000e+00 1.000000000000000000e+00
7.941968441009521484e-01 1.484926939010620117e-01 -5.892375707626342773e-01 1.419729590415954590e-01
-4.508017003536224365e-01 7.941986918449401855e-01 -4.074628353118896484e-01 1.774048954248428345e-01
4.074663519859313965e-01 5.892352461814880371e-01 6.976910829544067383e-01 -2.178778499364852905e-01
0.000000000000000000e+00 0.000000000000000000e+00 0.000000000000000000e+00 1.000000000000000000e+00
7.657477259635925293e-01 2.124547958374023438e-01 -6.070364713668823242e-01 1.517448276281356812e-01
-4.601629972457885742e-01 8.403894901275634766e-01 -2.863484323024749756e-01 1.410275697708129883e-01
4.493108689785003662e-01 4.986063539981842041e-01 7.412902116775512695e-01 -2.370189577341079712e-01
0.000000000000000000e+00 0.000000000000000000e+00 0.000000000000000000e+00 1.000000000000000000e+00
7.408828139305114746e-01 2.767465412616729736e-01 -6.119673252105712891e-01 1.573521643877029419e-01
-4.610086679458618164e-01 8.721639513969421387e-01 -1.637095957994461060e-01 1.034066155552864075e-01
4.884296953678131104e-01 4.034119248390197754e-01 7.737538218498229980e-01 -2.522960305213928223e-01
0.000000000000000000e+00 0.000000000000000000e+00 0.000000000000000000e+00 1.000000000000000000e+00
7.230621576309204102e-01 3.554404973983764648e-01 -5.923199653625488281e-01 1.539656221866607666e-01
-4.378898143768310547e-01 8.990149497985839844e-01 4.938172642141580582e-03 5.077898874878883362e-02
5.342599153518676758e-01 2.558003664016723633e-01 8.056876063346862793e-01 -2.680196762084960938e-01
0.000000000000000000e+00 0.000000000000000000e+00 0.000000000000000000e+00 1.000000000000000000e+00
7.092039585113525391e-01 3.997927010059356689e-01 -5.806852579116821289e-01 1.498027294874191284e-01
-3.742304146289825439e-01 9.115239977836608887e-01 1.705143302679061890e-01 -6.782189011573791504e-03
5.974789857864379883e-01 9.638074040412902832e-02 7.960711717605590820e-01 -2.665883004665374756e-01
0.000000000000000000e+00 0.000000000000000000e+00 0.000000000000000000e+00 1.000000000000000000e+00
7.056277990341186523e-01 4.211340248584747314e-01 -5.698559880256652832e-01 1.450839340686798096e-01
-2.994323968887329102e-01 9.061048030853271484e-01 2.988541424274444580e-01 -5.300660431385040283e-02
6.422069072723388672e-01 -4.024640843272209167e-02 7.654739022254943848e-01 -2.592580616474151611e-01
0.000000000000000000e+00 0.000000000000000000e+00 0.000000000000000000e+00 1.000000000000000000e+00
6.945855617523193359e-01 4.534976780414581299e-01 -5.584718585014343262e-01 1.415298581123352051e-01
-2.432965189218521118e-01 8.786265254020690918e-01 4.108798205852508545e-01 -9.172650426626205444e-02
6.770210266113281250e-01 -1.495168656110763550e-01 7.206156253814697266e-01 -2.469928562641143799e-01
0.000000000000000000e+00 0.000000000000000000e+00 0.000000000000000000e+00 1.000000000000000000e+00
6.861893534660339355e-01 4.812982380390167236e-01 -5.454319715499877930e-01 1.375154256820678711e-01
-1.646394282579421997e-01 8.331151008605957031e-01 5.280274152755737305e-01 -1.349418759346008301e-01
7.085464000701904297e-01 -2.725271582603454590e-01 6.509156227111816406e-01 -2.269652336835861206e-01
0.000000000000000000e+00 0.000000000000000000e+00 0.000000000000000000e+00 1.000000000000000000e+00
6.695179343223571777e-01 5.129739642143249512e-01 -5.372177958488464355e-01 1.357691138982772827e-01
-9.840559214353561401e-02 7.781174778938293457e-01 6.203622817993164062e-01 -1.699923723936080933e-01
7.362484335899353027e-01 -3.624784648418426514e-01 5.714431405067443848e-01 -2.039096951484680176e-01
0.000000000000000000e+00 0.000000000000000000e+00 0.000000000000000000e+00 1.000000000000000000e+00
6.897100210189819336e-01 5.192255973815917969e-01 -5.046826601028442383e-01 1.244133785367012024e-01
-3.525196015834808350e-02 7.202452421188354492e-01 6.928232312202453613e-01 -1.987605839967727661e-01
7.232268452644348145e-01 -4.600560665130615234e-01 5.150640606880187988e-01 -1.864148676395416260e-01
0.000000000000000000e+00 0.000000000000000000e+00 0.000000000000000000e+00 1.000000000000000000e+00
6.987211704254150391e-01 5.274604558944702148e-01 -4.832949936389923096e-01 1.171367838978767395e-01
1.974284462630748749e-02 6.610902547836303711e-01 7.500464916229248047e-01 -2.220495939254760742e-01
7.151215672492980957e-01 -5.336149334907531738e-01 4.515042901039123535e-01 -1.680372059345245361e-01
0.000000000000000000e+00 0.000000000000000000e+00 0.000000000000000000e+00 1.000000000000000000e+00
7.501863241195678711e-01 5.007123351097106934e-01 -4.318655431270599365e-01 9.754788130521774292e-02
6.204778701066970825e-02 5.969392061233520508e-01 7.998836040496826172e-01 -2.426388263702392578e-01
6.583088040351867676e-01 -6.268579363822937012e-01 4.167474508285522461e-01 -1.571556925773620605e-01
0.000000000000000000e+00 0.000000000000000000e+00 0.000000000000000000e+00 1.000000000000000000e+00
8.141176104545593262e-01 4.531619846820831299e-01 -3.631208837032318115e-01 7.124524563550949097e-02
1.037297844886779785e-01 5.017728209495544434e-01 8.587569594383239746e-01 -2.685332596302032471e-01
5.713602900505065918e-01 -7.367959618568420410e-01 3.614957630634307861e-01 -1.381992250680923462e-01
0.000000000000000000e+00 0.000000000000000000e+00 0.000000000000000000e+00 1.000000000000000000e+00
8.437013626098632812e-01 4.449923634529113770e-01 -3.002498745918273926e-01 5.049007758498191833e-02
1.234934404492378235e-01 3.834240734577178955e-01 9.152786731719970703e-01 -2.915624082088470459e-01
5.224149823188781738e-01 -8.093007802963256836e-01 2.685418426990509033e-01 -1.072233691811561584e-01
0.000000000000000000e+00 0.000000000000000000e+00 0.000000000000000000e+00 1.000000000000000000e+00
8.534085750579833984e-01 4.367519021034240723e-01 -2.845019102096557617e-01 4.446815326809883118e-02
1.613840758800506592e-01 2.975971400737762451e-01 9.409523010253906250e-01 -3.038608431816101074e-01
4.956296980381011963e-01 -8.489307165145874023e-01 1.834871023893356323e-01 -8.094957470893859863e-02
0.000000000000000000e+00 0.000000000000000000e+00 0.000000000000000000e+00 1.000000000000000000e+00
9.148706793785095215e-01 3.137980699539184570e-01 -2.540522217750549316e-01 3.014386631548404694e-02
1.956975013017654419e-01 2.057307958602905273e-01 9.588415026664733887e-01 -3.138239681720733643e-01
3.531489968299865723e-01 -9.269332289695739746e-01 1.268076300621032715e-01 -5.602287501096725464e-02
0.000000000000000000e+00 0.000000000000000000e+00 0.000000000000000000e+00 1.000000000000000000e+00
9.655459523200988770e-01 1.325823217630386353e-01 -2.239267230033874512e-01 1.575217396020889282e-02
2.098122239112854004e-01 1.124338656663894653e-01 9.712556600570678711e-01 -3.210177421569824219e-01
1.539482921361923218e-01 -9.847742319107055664e-01 8.074266463518142700e-02 -2.997855842113494873e-02
0.000000000000000000e+00 0.000000000000000000e+00 0.000000000000000000e+00 1.000000000000000000e+00
9.820717573165893555e-01 -4.821342602372169495e-02 -1.822380572557449341e-01 -2.250209450721740723e-03
1.835433095693588257e-01 2.415550872683525085e-02 9.827147126197814941e-01 -3.269984424114227295e-01
-4.297797009348869324e-02 -9.985449314117431641e-01 3.257170692086219788e-02 -6.192958098836243153e-04
0.000000000000000000e+00 0.000000000000000000e+00 0.000000000000000000e+00 1.000000000000000000e+00
9.844119548797607422e-01 5.555270239710807800e-03 -1.757902801036834717e-01 -3.913795575499534607e-03
1.757630258798599243e-01 -6.720726191997528076e-02 9.821356534957885742e-01 -3.310880959033966064e-01
-6.358344107866287231e-03 -9.977236986160278320e-01 -6.713604927062988281e-02 3.539605066180229187e-02
0.000000000000000000e+00 0.000000000000000000e+00 0.000000000000000000e+00 1.000000000000000000e+00
9.829080700874328613e-01 -2.685292623937129974e-03 -1.840777397155761719e-01 8.430627058260142803e-04
1.825671046972274780e-01 -1.144315376877784729e-01 9.765114188194274902e-01 -3.316992223262786865e-01
-2.368651889264583588e-02 -9.934275150299072266e-01 -1.119853705167770386e-01 5.605704337358474731e-02
0.000000000000000000e+00 0.000000000000000000e+00 0.000000000000000000e+00 1.000000000000000000e+00
9.760342240333557129e-01 -1.583334803581237793e-01 -1.492908149957656860e-01 -7.988882251083850861e-03
1.391552239656448364e-01 -7.333947718143463135e-02 9.875512123107910156e-01 -3.327683210372924805e-01
-1.673113405704498291e-01 -9.846582412719726562e-01 -4.954890534281730652e-02 4.166730120778083801e-02
0.000000000000000000e+00 0.000000000000000000e+00 0.000000000000000000e+00 1.000000000000000000e+00
9.543259739875793457e-01 2.905565798282623291e-01 -6.956221163272857666e-02 -3.270473331212997437e-02
5.310509726405143738e-02 6.415604054927825928e-02 9.965257644653320312e-01 -3.288802802562713623e-01
2.940099537372589111e-01 -9.547048211097717285e-01 4.579575732350349426e-02 -1.823151670396327972e-02
0.000000000000000000e+00 0.000000000000000000e+00 0.000000000000000000e+00 1.000000000000000000e+00
8.682783246040344238e-01 4.924510419368743896e-01 -5.987186357378959656e-02 -2.915970236063003540e-02
-4.075944423675537109e-02 1.911018043756484985e-01 9.807236790657043457e-01 -3.158305585384368896e-01
4.944000244140625000e-01 -8.491004705429077148e-01 1.860015988349914551e-01 -7.539606839418411255e-02
0.000000000000000000e+00 0.000000000000000000e+00 0.000000000000000000e+00 1.000000000000000000e+00
7.766979336738586426e-01 6.260623931884765625e-01 -6.918050348758697510e-02 -1.714399084448814392e-02
-1.661825031042098999e-01 3.096211850643157959e-01 9.362251758575439453e-01 -2.908420860767364502e-01
6.075553894042968750e-01 -7.156677842140197754e-01 3.445228040218353271e-01 -1.332290619611740112e-01
0.000000000000000000e+00 0.000000000000000000e+00 0.000000000000000000e+00 1.000000000000000000e+00
9.450743794441223145e-01 2.142519056797027588e-01 2.468411624431610107e-01 -1.222492456436157227e-01
-3.150011897087097168e-01 3.954840898513793945e-01 8.627670407295227051e-01 -2.551612257957458496e-01
8.722776174545288086e-02 -8.931340575218200684e-01 4.412513673305511475e-01 -1.391802281141281128e-01
0.000000000000000000e+00 0.000000000000000000e+00 0.000000000000000000e+00 1.000000000000000000e+00
8.867979645729064941e-01 3.640635311603546143e-01 2.846876680850982666e-01 -1.262511610984802246e-01
-4.438032507896423340e-01 4.989563524723052979e-01 7.443663477897644043e-01 -2.069793194532394409e-01
1.289499253034591675e-01 -7.864478230476379395e-01 6.040461063385009766e-01 -1.919098198413848877e-01
0.000000000000000000e+00 0.000000000000000000e+00 0.000000000000000000e+00 1.000000000000000000e+00
8.087392449378967285e-01 4.948357939720153809e-01 3.179281353950500488e-01 -1.262311637401580811e-01
-5.795140266418457031e-01 5.780161619186401367e-01 5.745089650154113770e-01 -1.444462239742279053e-01
1.005201339721679688e-01 -6.488717794418334961e-01 7.542287707328796387e-01 -2.341145724058151245e-01
0.000000000000000000e+00 0.000000000000000000e+00 0.000000000000000000e+00 1.000000000000000000e+00
7.347904443740844727e-01 5.854922533035278320e-01 3.424640893936157227e-01 -1.239804103970527649e-01
-6.772702932357788086e-01 6.055719256401062012e-01 4.178366661071777344e-01 -8.977538347244262695e-02
3.725363686680793762e-02 -5.389632582664489746e-01 8.415049910545349121e-01 -2.560262084007263184e-01
0.000000000000000000e+00 0.000000000000000000e+00 0.000000000000000000e+00 1.000000000000000000e+00
6.577585339546203613e-01 7.012656331062316895e-01 2.749180197715759277e-01 -9.125580638647079468e-02
-7.527546286582946777e-01 5.990489721298217773e-01 2.729478180408477783e-01 -4.113862290978431702e-02
2.671978622674942017e-02 -3.864796459674835205e-01 9.219107627868652344e-01 -2.761920690536499023e-01
0.000000000000000000e+00 0.000000000000000000e+00 0.000000000000000000e+00 1.000000000000000000e+00
6.847808361053466797e-01 6.891893148422241211e-01 2.368392348289489746e-01 -8.026035875082015991e-02
-7.284833788871765137e-01 6.561450958251953125e-01 1.969401240348815918e-01 -1.434205472469329834e-02
-1.967178098857402802e-02 -3.073942661285400391e-01 9.513788223266601562e-01 -2.798292338848114014e-01
0.000000000000000000e+00 0.000000000000000000e+00 0.000000000000000000e+00 1.000000000000000000e+00
6.828346252441406250e-01 6.924018263816833496e-01 2.330593019723892212e-01 -7.907682657241821289e-02
-7.190682888031005859e-01 6.933571696281433105e-01 4.686796665191650391e-02 3.152009472250938416e-02
-1.291418522596359253e-01 -1.995886415243148804e-01 9.713324904441833496e-01 -2.757391333580017090e-01
0.000000000000000000e+00 0.000000000000000000e+00 0.000000000000000000e+00 1.000000000000000000e+00
6.659597754478454590e-01 7.134782671928405762e-01 2.178210169076919556e-01 -7.273163646459579468e-02
-7.269132137298583984e-01 6.862586736679077148e-01 -2.541396580636501312e-02 5.179507285356521606e-02
-1.676138788461685181e-01 -1.414123326539993286e-01 9.756578803062438965e-01 -2.721219956874847412e-01
0.000000000000000000e+00 0.000000000000000000e+00 0.000000000000000000e+00 1.000000000000000000e+00
6.547605991363525391e-01 7.303539514541625977e-01 1.946063637733459473e-01 -6.433015316724777222e-02
-7.311350703239440918e-01 6.772941350936889648e-01 -8.193949609994888306e-02 6.644523143768310547e-02
-1.916505843400955200e-01 -8.863282948732376099e-02 9.774529933929443359e-01 -2.686440050601959229e-01
0.000000000000000000e+00 0.000000000000000000e+00 0.000000000000000000e+00 1.000000000000000000e+00
5.721332430839538574e-01 7.939088344573974609e-01 2.058452665805816650e-01 -6.007341295480728149e-02
-7.603535652160644531e-01 6.075196862220764160e-01 -2.297439575195312500e-01 1.083501502871513367e-01
-3.074508309364318848e-01 -2.507105469703674316e-02 9.512336850166320801e-01 -2.543003857135772705e-01
0.000000000000000000e+00 0.000000000000000000e+00 0.000000000000000000e+00 1.000000000000000000e+00
5.719190835952758789e-01 7.946645617485046387e-01 2.035105824470520020e-01 -5.838799104094505310e-02
-6.754965186119079590e-01 5.969898700714111328e-01 -4.327899515628814697e-01 1.648107171058654785e-01
-4.654166698455810547e-01 1.100500077009201050e-01 8.782232999801635742e-01 -2.220510691404342651e-01
0.000000000000000000e+00 0.000000000000000000e+00 0.000000000000000000e+00 1.000000000000000000e+00
5.800126791000366211e-01 7.869249582290649414e-01 2.105569690465927124e-01 -6.229260936379432678e-02
-6.122601032257080078e-01 5.916198492050170898e-01 -5.245220661163330078e-01 1.891240924596786499e-01
-5.373292565345764160e-01 1.753137707710266113e-01 8.249498605728149414e-01 -2.009739726781845093e-01
0.000000000000000000e+00 0.000000000000000000e+00 0.000000000000000000e+00 1.000000000000000000e+00
6.414481997489929199e-01 7.386373877525329590e-01 2.072654366493225098e-01 -6.610225886106491089e-02
-4.990403950214385986e-01 6.069404482841491699e-01 -6.185321211814880371e-01 2.120657265186309814e-01
-5.826687812805175781e-01 2.933225035667419434e-01 7.579307556152343750e-01 -1.740422546863555908e-01
0.000000000000000000e+00 0.000000000000000000e+00 0.000000000000000000e+00 1.000000000000000000e+00
7.251290678977966309e-01 6.671806573867797852e-01 1.704633086919784546e-01 -6.188267469406127930e-02
-3.956875801086425781e-01 6.062994003295898438e-01 -6.898059248924255371e-01 2.276119589805603027e-01
