-0.9227339625358582 -0.3817429840564728 -0.05323677137494087 0.06000665202736855 
-0.3785218298435211 0.9235396981239319 -0.06160829588770866 0.0477740652859211 
0.07268480956554413 -0.03669679164886475 -0.9966795444488525 0.3078541159629822 
0 0 0 1 

-0.994645893573761 -0.09874062985181808 -0.03049248829483986 0.05855441093444824 
-0.09663521498441696 0.9932499527931213 -0.06415712088346481 0.03979424759745598 
0.0366215780377388 -0.06086696684360504 -0.9974738955497742 0.3087218105792999 
0 0 0 1 

-0.9008774757385254 -0.4009928107261658 -0.1662047207355499 0.09724389016628265 
-0.4022803604602814 0.915107786655426 -0.02735323086380959 0.03321333602070808 
0.1630636900663376 0.04221899434924126 -0.9857115149497986 0.3080984652042389 
0 0 0 1 

-0.8727436661720276 -0.4244905710220337 -0.2410928159952164 0.1210798397660255 
-0.4426745474338531 0.8963542580604553 0.02425453253090382 0.02132120728492737 
0.2058087438344955 0.1278936564922333 -0.9701987504959106 0.3024055361747742 
0 0 0 1 

-0.8549125194549561 -0.3320428133010864 -0.3985872268676758 0.1737760007381439 
-0.3887897431850433 0.9187755584716797 0.06851315498352051 0.004261183086782694 
0.3434628844261169 0.2135393917560577 -0.9145675897598267 0.2793029546737671 
0 0 0 1 

-0.7828394174575806 -0.3226452469825745 -0.5320358872413635 0.2160777151584625 
-0.4035130143165588 0.9141263961791992 0.03937223553657532 0.01578101329505444 
0.4736447632312775 0.2455055564641953 -0.8458057641983032 0.2519120573997498 
0 0 0 1 

-0.6978364586830139 -0.3154186606407166 -0.6430665254592896 0.2494080811738968 
-0.4592875838279724 0.8859909772872925 0.06383433192968369 0.0102414283901453 
0.5496165752410889 0.3398984968662262 -0.7631447315216064 0.223107174038887 
0 0 0 1 

-0.6378234624862671 -0.2910045981407166 -0.7130899429321289 0.2705537974834442 
-0.5192011594772339 0.8463234305381775 0.119023896753788 -0.007094244938343763 
0.5688682198524475 0.4461534321308136 -0.6908948421478271 0.1995118409395218 
0 0 0 1 

-0.6313957571983337 -0.2832608819007874 -0.7218745946884155 0.275517076253891 
-0.5673685073852539 0.8033174276351929 0.1810364574193954 -0.02731722220778465 
0.5286139249801636 0.5238744616508484 -0.6679245233535767 0.1897410154342651 
0 0 0 1 

-0.6720558404922485 -0.3334460854530334 -0.6611765623092651 0.2583286762237549 
-0.6040775775909424 0.7632931470870972 0.2290716171264648 -0.03904043138027191 
0.428288459777832 0.5533509254455566 -0.7144028544425964 0.2084391415119171 
0 0 0 1 

