0.4512720108032227 0.8897364735603333 -0.06871908903121948 0.01733389683067799 
-0.8922272324562073 0.4483977556228638 -0.05357072502374649 0.05513289198279381 
-0.01685037091374397 0.08548801392316818 0.9961966872215271 -0.3027538061141968 
0 0 0 1 

0.3474624156951904 0.9346131086349487 -0.07594892382621765 0.02393049001693726 
-0.9376050233840942 0.3474032580852509 -0.0144157474860549 0.04053469374775887 
0.01291175931692123 0.07621902227401733 0.9970074892044067 -0.3046876788139343 
0 0 0 1 

0.2692229747772217 0.958169162273407 -0.09711094945669174 0.03297201171517372 
-0.9602863192558289 0.2747460901737213 0.04862590879201889 0.01656416989862919 
0.073272705078125 0.08016312122344971 0.9940850138664246 -0.3042839765548706 
0 0 0 1 

0.1950367838144302 0.9718307852745056 -0.1323089301586151 0.04541042447090149 
-0.9728444218635559 0.2088300138711929 0.09981930255889893 -0.003068358171731234 
0.124637559056282 0.1092475354671478 0.9861695766448975 -0.3026620447635651 
0 0 0 1 

0.2777730524539948 0.953188955783844 -0.1194685325026512 0.04038906469941139 
-0.937356173992157 0.2961529493331909 0.1834575235843658 -0.02876403741538525 
0.2102506458759308 0.06102504581212997 0.9757410287857056 -0.296372264623642 
0 0 0 1 

0.32977694272995 0.9369853734970093 -0.1153490394353867 0.03731433302164078 
-0.9344491958618164 0.3413634300231934 0.1013682708144188 -0.000676818483043462 
0.1343565285205841 0.07435891777276993 0.9881392121315002 -0.2963992953300476 
0 0 0 1 

0.3588596284389496 0.9216098785400391 -0.147833526134491 0.04632486030459404 
-0.9311715364456177 0.3644041419029236 0.01135464478284121 0.03117982856929302 
0.06433568894863129 0.133583664894104 0.9889470934867859 -0.2926628291606903 
0 0 0 1 

0.4027388989925385 0.8994218707084656 -0.1698278039693832 0.05050716921687126 
-0.9152440428733826 0.3980233371257782 -0.06249556690454483 0.05670839175581932 
0.01138552371412516 0.1806032806634903 0.9834901094436646 -0.2875316441059113 
0 0 0 1 

0.4418256282806396 0.884594202041626 -0.1492752581834793 0.02617532014846802 
-0.8589000701904297 0.4651543796062469 0.2142938822507858 -0.01457650121301413 
0.2589991688728333 0.0335320346057415 0.9652953147888184 -0.320342093706131 
0 0 0 1 

0.8403184413909912 0.534137487411499 -0.09253048896789551 -0.005888305604457855 
-0.5406484603881836 0.8382324576377869 -0.07117129862308502 0.06158613413572311 
0.03954676538705826 0.1098330467939377 0.993162989616394 -0.2851099669933319 
0 0 0 1 

