1.000000000000000000e+00 0.000000000000000000e+00 0.000000000000000000e+00 -4.096739311332171507e-01
0.000000000000000000e+00 -1.000000000000000000e+00 0.000000000000000000e+00 -1.964994255000929863e-02
0.000000000000000000e+00 0.000000000000000000e+00 -1.000000000000000000e+00 -2.664639050480994698e+00
0.000000000000000000e+00 0.000000000000000000e+00 0.000000000000000000e+00 1.000000000000000000e+00
9.966033697128295898e-01 -7.960027456283569336e-02 -2.110725268721580505e-02 -4.527525232868174765e-01
-7.919119298458099365e-02 -9.966675639152526855e-01 1.955725997686386108e-02 6.878969998042834544e-02
-2.259367890655994415e-02 -1.781932264566421509e-02 -9.995859265327453613e-01 -2.716283112699068969e+00
0.000000000000000000e+00 0.000000000000000000e+00 0.000000000000000000e+00 1.000000000000000000e+00
9.853988289833068848e-01 -1.662377417087554932e-01 -3.679564222693443298e-02 -4.798434912065577818e-01
-1.642142236232757568e-01 -9.850261807441711426e-01 5.250659957528114319e-02 2.114057940764358656e-01
-4.497330635786056519e-02 -4.569752886891365051e-02 -9.979424476623535156e-01 -2.709732337220291054e+00
0.000000000000000000e+00 0.000000000000000000e+00 0.000000000000000000e+00 1.000000000000000000e+00
9.653990268707275391e-01 -2.574686706066131592e-01 -4.140576720237731934e-02 -4.702011373951224815e-01
-2.537704408168792725e-01 -9.641015529632568359e-01 7.815743982791900635e-02 3.313169596897364566e-01
-6.004251167178153992e-02 -6.494551897048950195e-02 -9.960808157920837402e-01 -2.704159211173750688e+00
0.000000000000000000e+00 0.000000000000000000e+00 0.000000000000000000e+00 1.000000000000000000e+00
9.361822009086608887e-01 -3.474717438220977783e-01 -5.316109955310821533e-02 -4.790392345098504756e-01
-3.390948474407196045e-01 -9.325625896453857422e-01 1.238609477877616882e-01 5.036517132467871471e-01
-9.261429309844970703e-02 -9.792970865964889526e-02 -9.908745288848876953e-01 -2.678988394476251589e+00
0.000000000000000000e+00 0.000000000000000000e+00 0.000000000000000000e+00 1.000000000000000000e+00
8.912244439125061035e-01 -4.521501064300537109e-01 -3.576499223709106445e-02 -4.013658080350825941e-01
-4.439758658409118652e-01 -8.857975602149963379e-01 1.350851356983184814e-01 5.759291315777288478e-01
-9.275934100151062012e-02 -1.045123562216758728e-01 -9.901883006095886230e-01 -2.687921897261653204e+00
0.000000000000000000e+00 0.000000000000000000e+00 0.000000000000000000e+00 1.000000000000000000e+00
8.418157696723937988e-01 -5.395188331604003906e-01 -1.628895662724971771e-02 -3.181345700899776974e-01
-5.298640727996826172e-01 -8.317519426345825195e-01 1.656273156404495239e-01 6.977856967686334455e-01
-1.029075011610984802e-01 -1.307967156171798706e-01 -9.860538840293884277e-01 -2.676456384543932199e+00
0.000000000000000000e+00 0.000000000000000000e+00 0.000000000000000000e+00 1.000000000000000000e+00
7.893198728561401367e-01 -6.139780879020690918e-01 -2.243860857561230659e-03 -2.485555697384140561e-01
-6.049814224243164062e-01 -7.783667445182800293e-01 1.677582859992980957e-01 7.382901294130658210e-01
-1.047464758157730103e-01 -1.310574263334274292e-01 -9.858254194259643555e-01 -2.683948937474650354e+00
0.000000000000000000e+00 0.000000000000000000e+00 0.000000000000000000e+00 1.000000000000000000e+00
7.190210223197937012e-01 -6.945872306823730469e-01 2.361483685672283173e-02 -1.269946896927908186e-01
-6.884675025939941406e-01 -7.072193026542663574e-01 1.607881039381027222e-01 7.449199612176510277e-01
-9.498047083616256714e-02 -1.318680495023727417e-01 -9.867061972618103027e-01 -2.694255509290481410e+00
0.000000000000000000e+00 0.000000000000000000e+00 0.000000000000000000e+00 1.000000000000000000e+00
6.448774337768554688e-01 -7.639018893241882324e-01 2.422340400516986847e-02 -7.675016933675928021e-02
-7.587981224060058594e-01 -6.361340880393981934e-01 1.398525387048721313e-01 7.091516647410311958e-01
-9.142429381608963013e-02 -1.085683852434158325e-01 -9.898756742477416992e-01 -2.718587197587349902e+00
0.000000000000000000e+00 0.000000000000000000e+00 0.000000000000000000e+00 1.000000000000000000e+00
5.488195419311523438e-01 -8.350418210029602051e-01 3.875623270869255066e-02 1.788179402895989645e-02
-8.339739441871643066e-01 -5.437613725662231445e-01 9.386469423770904541e-02 5.935167496096831474e-01
-5.730681121349334717e-02 -8.383645862340927124e-02 -9.948302507400512695e-01 -2.767982362579137767e+00
0.000000000000000000e+00 0.000000000000000000e+00 0.000000000000000000e+00 1.000000000000000000e+00
4.573490619659423828e-01 -8.861695528030395508e-01 7.439520955085754395e-02 1.828933280795902450e-01
-8.892123103141784668e-01 -4.546219706535339355e-01 5.119059607386589050e-02 4.733753134767094695e-01
-1.154185645282268524e-02 -8.956512063741683960e-02 -9.959140419960021973e-01 -2.807267699770106262e+00
0.000000000000000000e+00 0.000000000000000000e+00 0.000000000000000000e+00 1.000000000000000000e+00
3.512420952320098877e-01 -9.307742714881896973e-01 1.014296486973762512e-01 3.011444660662329076e-01
-9.360179901123046875e-01 -3.516606092453002930e-01 1.431632135063409805e-02 3.431128740413622036e-01
2.234355546534061432e-02 -9.996849298477172852e-02 -9.947395920753479004e-01 -2.818237903221424201e+00
0.000000000000000000e+00 0.000000000000000000e+00 0.000000000000000000e+00 1.000000000000000000e+00
2.717698514461517334e-01 -9.549626708030700684e-01 1.191086396574974060e-01 3.756985479159020702e-01
-9.591144919395446777e-01 -2.789299190044403076e-01 -4.793356731534004211e-02 1.244146379657725121e-01
7.899771630764007568e-02 -1.012119203805923462e-01 -9.917234778404235840e-01 -2.815476036676896499e+00
0.000000000000000000e+00 0.000000000000000000e+00 0.000000000000000000e+00 1.000000000000000000e+00
1.924354881048202515e-01 -9.700795412063598633e-01 1.480340957641601562e-01 4.739436927835469771e-01
-9.725691676139831543e-01 -2.086284458637237549e-01 -1.028773784637451172e-01 -6.526166132377730911e-02
1.306833624839782715e-01 -1.241761445999145508e-01 -9.836171269416809082e-01 -2.798918358386919270e+00
0.000000000000000000e+00 0.000000000000000000e+00 0.000000000000000000e+00 1.000000000000000000e+00
1.118117496371269226e-01 -9.819256663322448730e-01 1.527105420827865601e-01 5.054203897097219178e-01
-9.710642099380493164e-01 -1.405977904796600342e-01 -1.930458098649978638e-01 -3.505872416991102081e-01
2.110273540019989014e-01 -1.267069429159164429e-01 -9.692330956459045410e-01 -2.770734847221126618e+00
0.000000000000000000e+00 0.000000000000000000e+00 0.000000000000000000e+00 1.000000000000000000e+00
1.918041259050369263e-01 -9.718255400657653809e-01 1.369904130697250366e-01 4.529961464124855897e-01
-9.532595872879028320e-01 -2.176787406206130981e-01 -2.095517367124557495e-01 -3.932367497807013335e-01
2.334675937891006470e-01 -9.039452672004699707e-02 -9.681538343429565430e-01 -2.749555202239088558e+00
0.000000000000000000e+00 0.000000000000000000e+00 0.000000000000000000e+00 1.000000000000000000e+00
2.726904749870300293e-01 -9.513716697692871094e-01 1.432901620864868164e-01 4.473434121635175842e-01
-9.378955960273742676e-01 -2.960628271102905273e-01 -1.808258593082427979e-01 -2.910636575628682832e-01
2.144555598497390747e-01 -8.508175611495971680e-02 -9.730210900306701660e-01 -2.738837206403086366e+00
0.000000000000000000e+00 0.000000000000000000e+00 0.000000000000000000e+00 1.000000000000000000e+00
3.264565765857696533e-01 -9.349998235702514648e-01 1.385677754878997803e-01 4.185197586108743706e-01
-9.337856769561767578e-01 -3.417518138885498047e-01 -1.060662418603897095e-01 -4.609984218052311927e-02
1.465277671813964844e-01 -9.476664662361145020e-02 -9.846565723419189453e-01 -2.741108454632480651e+00
0.000000000000000000e+00 0.000000000000000000e+00 0.000000000000000000e+00 1.000000000000000000e+00
3.631078600883483887e-01 -9.155579209327697754e-01 1.729342937469482422e-01 5.028300878094205117e-01
-9.289541840553283691e-01 -3.700888752937316895e-01 -8.831491693854331970e-03 2.645658613695060501e-01
7.208678126335144043e-02 -1.574412882328033447e-01 -9.848938584327697754e-01 -2.701766550087967733e+00
0.000000000000000000e+00 0.000000000000000000e+00 0.000000000000000000e+00 1.000000000000000000e+00
4.028565883636474609e-01 -8.969085812568664551e-01 1.823771744966506958e-01 5.113384041514410505e-01
-9.151755571365356445e-01 -3.974941670894622803e-01 6.672246754169464111e-02 5.024364809296626433e-01
1.264984626322984695e-02 -1.937867403030395508e-01 -9.809622168540954590e-01 -2.658455548892792120e+00
0.000000000000000000e+00 0.000000000000000000e+00 0.000000000000000000e+00 1.000000000000000000e+00
4.527786374092102051e-01 -8.644664883613586426e-01 2.183772623538970947e-01 5.841563856316213110e-01
-8.905140161514282227e-01 -4.262319803237915039e-01 1.590944677591323853e-01 7.674810223639954021e-01
-4.445254802703857422e-02 -2.665026187896728516e-01 -9.628085494041442871e-01 -2.559546565435927956e+00
0.000000000000000000e+00 0.000000000000000000e+00 0.000000000000000000e+00 1.000000000000000000e+00
5.326681137084960938e-01 -8.225211501121520996e-01 1.993085294961929321e-01 4.756858637958552571e-01
-8.411923646926879883e-01 -4.886520802974700928e-01 2.315492480993270874e-01 9.494475750921248514e-01
-9.306153655052185059e-02 -2.909955680370330811e-01 -9.521874189376831055e-01 -2.493871040155686281e+00
0.000000000000000000e+00 0.000000000000000000e+00 0.000000000000000000e+00 1.000000000000000000e+00
5.908251404762268066e-01 -7.848204970359802246e-01 1.870380043983459473e-01 4.028456347894333045e-01
-7.959407567977905273e-01 -5.290856957435607910e-01 2.941883504390716553e-01 1.091914110624126577e+00
-1.319259405136108398e-01 -3.226847052574157715e-01 -9.372674226760864258e-01 -2.417761183622096244e+00
0.000000000000000000e+00 0.000000000000000000e+00 0.000000000000000000e+00 1.000000000000000000e+00
6.733037829399108887e-01 -7.197889685630798340e-01 1.690151840448379517e-01 2.961615030801487136e-01
-7.204784750938415527e-01 -5.873913168907165527e-01 3.686220645904541016e-01 1.234605328925024503e+00
-1.660521626472473145e-01 -3.699660897254943848e-01 -9.140846729278564453e-01 -2.315924080788945183e+00
0.000000000000000000e+00 0.000000000000000000e+00 0.000000000000000000e+00 1.000000000000000000e+00
7.311290502548217773e-01 -6.642383933067321777e-01 1.556844860315322876e-01 2.283431788538059781e-01
-6.531354784965515137e-01 -6.155322790145874023e-01 4.410598278045654297e-01 1.369924234413775199e+00
-1.971400827169418335e-01 -4.241547286510467529e-01 -8.838713765144348145e-01 -2.186121320085725461e+00
0.000000000000000000e+00 0.000000000000000000e+00 0.000000000000000000e+00 1.000000000000000000e+00
7.600725889205932617e-01 -6.354479789733886719e-01 1.359976381063461304e-01 1.540792030217132957e-01
-5.979548096656799316e-01 -6.019589304924011230e-01 5.292401909828186035e-01 1.554803040065368069e+00
-2.544398009777069092e-01 -4.835813343524932861e-01 -8.375018835067749023e-01 -1.991526864509110428e+00
0.000000000000000000e+00 0.000000000000000000e+00 0.000000000000000000e+00 1.000000000000000000e+00
7.899724245071411133e-01 -5.969389677047729492e-01 1.400259435176849365e-01 1.373352749955760732e-01
-5.347688198089599609e-01 -5.590700507164001465e-01 6.336107254028320312e-01 1.802798319110505476e+00
-2.999428212642669678e-01 -5.754165053367614746e-01 -7.608744502067565918e-01 -1.729506331013780374e+00
0.000000000000000000e+00 0.000000000000000000e+00 0.000000000000000000e+00 1.000000000000000000e+00
8.134893178939819336e-01 -5.640403628349304199e-01 1.417522877454757690e-01 1.248950274440171621e-01
-4.812076091766357422e-01 -5.159127116203308105e-01 7.087121605873107910e-01 1.986677262295908353e+00
-3.266105055809020996e-01 -6.447420120239257812e-01 -6.911100149154663086e-01 -1.504725466048427940e+00
0.000000000000000000e+00 0.000000000000000000e+00 0.000000000000000000e+00 1.000000000000000000e+00
8.409938812255859375e-01 -5.241262912750244141e-01 1.342423409223556519e-01 7.946730778456854993e-02
-4.155156910419464111e-01 -4.667666256427764893e-01 7.806892395019531250e-01 2.159179130991936812e+00
-3.465198874473571777e-01 -7.123346328735351562e-01 -6.103305220603942871e-01 -1.290729649928400891e+00
0.000000000000000000e+00 0.000000000000000000e+00 0.000000000000000000e+00 1.000000000000000000e+00
8.721948862075805664e-01 -4.806797802448272705e-01 9.068103134632110596e-02 -5.872310230002734943e-02
-3.242683112621307373e-01 -4.293702244758605957e-01 8.429062962532043457e-01 2.298558606681107008e+00
-3.662323951721191406e-01 -7.645837068557739258e-01 -5.303637981414794922e-01 -1.090864910600441551e+00
0.000000000000000000e+00 0.000000000000000000e+00 0.000000000000000000e+00 1.000000000000000000e+00
8.919479250907897949e-01 -4.468929767608642578e-01 6.866983324289321899e-02 -1.171180383869711988e-01
-2.369849681854248047e-01 -3.327408432960510254e-01 9.127548336982727051e-01 2.426432834535920069e+00
-3.850544989109039307e-01 -8.304034471511840820e-01 -4.026944637298583984e-01 -7.737997891240754322e-01
0.000000000000000000e+00 0.000000000000000000e+00 0.000000000000000000e+00 1.000000000000000000e+00
8.732401132583618164e-01 -4.869744777679443359e-01 1.753539219498634338e-02 -2.774664197970089785e-01
-7.680645585060119629e-02 -1.020149812102317810e-01 9.918133020401000977e-01 2.588591017713426368e+00
-4.811989367008209229e-01 -8.674377799034118652e-01 -1.264862716197967529e-01 -6.581185500839810409e-02
0.000000000000000000e+00 0.000000000000000000e+00 0.000000000000000000e+00 1.000000000000000000e+00
8.717908263206481934e-01 -4.886277318000793457e-01 3.498103469610214233e-02 -2.144581142209743274e-01
-8.729700744152069092e-02 -8.469306677579879761e-02 9.925753474235534668e-01 2.594214916409002036e+00
-4.820373356342315674e-01 -8.683720827102661133e-01 -1.164904013276100159e-01 -9.073712972538132415e-02
0.000000000000000000e+00 0.000000000000000000e+00 0.000000000000000000e+00 1.000000000000000000e+00
8.327313065528869629e-01 -5.532166361808776855e-01 2.258194051682949066e-02 -2.130568822367830406e-01
-1.006342470645904541e-01 -1.111221536993980408e-01 9.886985421180725098e-01 2.589853159543246353e+00
-5.444549322128295898e-01 -8.255926370620727539e-01 -1.482073813676834106e-01 -1.508642771762578327e-01
0.000000000000000000e+00 0.000000000000000000e+00 0.000000000000000000e+00 1.000000000000000000e+00
8.190529942512512207e-01 -5.705241560935974121e-01 6.045315787196159363e-02 -1.149173786264971187e-01
-2.384111732244491577e-01 -2.426244616508483887e-01 9.403688311576843262e-01 2.515628237605087136e+00
-5.218354463577270508e-01 -7.846246361732482910e-01 -3.347415328025817871e-01 -5.532908286122933950e-01
0.000000000000000000e+00 0.000000000000000000e+00 0.000000000000000000e+00 1.000000000000000000e+00
8.330069780349731445e-01 -5.452196598052978516e-01 9.399282932281494141e-02 -3.834363961308840524e-02
-3.075260818004608154e-01 -3.150627911090850830e-01 8.978658318519592285e-01 2.431849503560705283e+00
-4.599204957485198975e-01 -7.768337726593017578e-01 -4.301187694072723389e-01 -8.067099165859866750e-01
0.000000000000000000e+00 0.000000000000000000e+00 0.000000000000000000e+00 1.000000000000000000e+00
8.133393526077270508e-01 -5.718281865119934082e-01 1.071988269686698914e-01 -3.116929115548667693e-04
-3.702089786529541016e-01 -3.665499389171600342e-01 8.535726666450500488e-01 2.345348638088432303e+00
-4.488033056259155273e-01 -7.339303493499755859e-01 -5.098254680633544922e-01 -1.014108047714540550e+00
0.000000000000000000e+00 0.000000000000000000e+00 0.000000000000000000e+00 1.000000000000000000e+00
8.360365629196166992e-01 -5.429674983024597168e-01 7.892412692308425903e-02 -1.216781517822370928e-01
-4.487657248973846436e-01 -5.939306616783142090e-01 6.677241325378417969e-01 1.976386694902055874e+00
-3.156771361827850342e-01 -5.936602950096130371e-01 -7.402130365371704102e-01 -1.672721676050049622e+00
0.000000000000000000e+00 0.000000000000000000e+00 0.000000000000000000e+00 1.000000000000000000e+00
8.347095847129821777e-01 -5.468189120292663574e-01 6.518278270959854126e-02 -1.691235194296057676e-01
-4.683369994163513184e-01 -6.426263451576232910e-01 6.063756942749023438e-01 1.811869101205118682e+00
-2.896897494792938232e-01 -5.366751551628112793e-01 -7.925019860267639160e-01 -1.824579496023699177e+00
0.000000000000000000e+00 0.000000000000000000e+00 0.000000000000000000e+00 1.000000000000000000e+00
8.554255962371826172e-01 -5.152252912521362305e-01 5.281792953610420227e-02 -2.035071057283439622e-01
-4.603774547576904297e-01 -7.096932530403137207e-01 5.332802534103393555e-01 1.606746219411453902e+00
-2.372750788927078247e-01 -4.804977476596832275e-01 -8.442880511283874512e-01 -1.979685109905740203e+00
0.000000000000000000e+00 0.000000000000000000e+00 0.000000000000000000e+00 1.000000000000000000e+00
8.701747059822082520e-01 -4.924238324165344238e-01 1.773581281304359436e-02 -2.844778225458548526e-01
-4.594854712486267090e-01 -7.979170680046081543e-01 3.901296257972717285e-01 1.223304137470893060e+00
-1.779575645923614502e-01 -3.476302623748779297e-01 -9.205890297889709473e-01 -2.196053581584076930e+00
0.000000000000000000e+00 0.000000000000000000e+00 0.000000000000000000e+00 1.000000000000000000e+00
8.774108886718750000e-01 -4.794976711273193359e-01 1.523745059967041016e-02 -2.752601722857579425e-01
-4.674640297889709473e-01 -8.473889231681823730e-01 2.518122494220733643e-01 8.701742238038402411e-01
-1.078313142061233521e-01 -2.280657738447189331e-01 -9.676561355590820312e-01 -2.344283502627346305e+00
0.000000000000000000e+00 0.000000000000000000e+00 0.000000000000000000e+00 1.000000000000000000e+00
8.799980878829956055e-01 -4.747546613216400146e-01 1.453425642102956772e-02 -2.407223192256000288e-01
-4.748905897140502930e-01 -8.788422346115112305e-01 4.597704857587814331e-02 3.306405659074131975e-01
-9.054517373442649841e-03 -4.736191034317016602e-02 -9.988365769386291504e-01 -2.464994923831859364e+00
0.000000000000000000e+00 0.000000000000000000e+00 0.000000000000000000e+00 1.000000000000000000e+00
8.880273103713989258e-01 -4.596759676933288574e-01 1.024977583438158035e-02 -2.376449344697617316e-01
-4.587925672531127930e-01 -8.873481154441833496e-01 -4.607300460338592529e-02 7.722635859257755142e-02
3.027378208935260773e-02 3.621158376336097717e-02 -9.988853931427001953e-01 -2.488114139194703256e+00
0.000000000000000000e+00 0.000000000000000000e+00 0.000000000000000000e+00 1.000000000000000000e+00
8.947702646255493164e-01 -4.464889764785766602e-01 5.786597728729248047e-03 -2.428705507071791114e-01
-4.406001865863800049e-01 -8.849251270294189453e-01 -1.509261727333068848e-01 -2.234284011590487451e-01
7.250765711069107056e-02 1.324946731328964233e-01 -9.885281920433044434e-01 -2.478690569970788626e+00
0.000000000000000000e+00 0.000000000000000000e+00 0.000000000000000000e+00 1.000000000000000000e+00
8.974686861038208008e-01 -4.408577382564544678e-01 1.395057886838912964e-02 -2.209310578501950673e-01
-4.230342209339141846e-01 -8.692771196365356445e-01 -2.557330131530761719e-01 -5.309245511682882945e-01
1.248687729239463806e-01 2.236106842756271362e-01 -9.666467905044555664e-01 -2.438490497282256975e+00
0.000000000000000000e+00 0.000000000000000000e+00 0.000000000000000000e+00 1.000000000000000000e+00
9.019007682800292969e-01 -4.318283796310424805e-01 9.968427009880542755e-03 -2.268378622980714576e-01
-3.977141380310058594e-01 -8.392118215560913086e-01 -3.708725273609161377e-01 -8.798026004015324641e-01
1.685190498828887939e-01 3.305255770683288574e-01 -9.286302924156188965e-01 -2.346865457393771059e+00
0.000000000000000000e+00 0.000000000000000000e+00 0.000000000000000000e+00 1.000000000000000000e+00
9.041962623596191406e-01 -4.269431233406066895e-01 1.216568797826766968e-02 -2.342579641762772280e-01
-3.748094141483306885e-01 -8.067998886108398438e-01 -4.567180871963500977e-01 -1.141520843478286196e+00
2.048081457614898682e-01 4.084032475948333740e-01 -8.895282149314880371e-01 -2.260467654880272903e+00
0.000000000000000000e+00 0.000000000000000000e+00 0.000000000000000000e+00 1.000000000000000000e+00
9.177534580230712891e-01 -3.970500230789184570e-01 8.925201371312141418e-03 -2.676537603098867457e-01
-3.265537321567535400e-01 -7.672153711318969727e-01 -5.520353317260742188e-01 -1.438943296359168178e+00
2.260333746671676636e-01 5.037177801132202148e-01 -8.337730765342712402e-01 -2.131546103169954520e+00
0.000000000000000000e+00 0.000000000000000000e+00 0.000000000000000000e+00 1.000000000000000000e+00
9.096065163612365723e-01 -4.150844812393188477e-01 -1.790463365614414215e-02 -3.533373310003061762e-01
-3.328851461410522461e-01 -7.023355960845947266e-01 -6.292153596878051758e-01 -1.652464360616885397e+00
2.486026883125305176e-01 5.782984495162963867e-01 -7.770245671272277832e-01 -2.005105788742920669e+00
0.000000000000000000e+00 0.000000000000000000e+00 0.000000000000000000e+00 1.000000000000000000e+00
9.157681465148925781e-01 -4.002024233341217041e-01 -3.473311662673950195e-02 -4.161546527735502932e-01
-2.983479797840118408e-01 -6.196963787078857422e-01 -7.259234786033630371e-01 -1.936616802201972964e+00
2.689924538135528564e-01 6.751401424407958984e-01 -6.868979930877685547e-01 -1.775805882075127240e+00
0.000000000000000000e+00 0.000000000000000000e+00 0.000000000000000000e+00 1.000000000000000000e+00
9.248411655426025391e-01 -3.769751787185668945e-01 -5.057497695088386536e-02 -4.751202896470252401e-01
-2.658118903636932373e-01 -5.454846620559692383e-01 -7.948522567749023438e-01 -2.148075641500100996e+00
2.720517814159393311e-01 7.485558986663818359e-01 -6.046915054321289062e-01 -1.546023773210654984e+00
0.000000000000000000e+00 0.000000000000000000e+00 0.000000000000000000e+00 1.000000000000000000e+00
9.326839447021484375e-01 -3.567880988121032715e-01 -5.293945968151092529e-02 -4.993766122929823026e-01
-2.298682481050491333e-01 -4.748521149158477783e-01 -8.495153188705444336e-01 -2.322665535387701041e+00
2.779585123062133789e-01 8.044984340667724609e-01 -5.249012708663940430e-01 -1.335299343724522192e+00
0.000000000000000000e+00 0.000000000000000000e+00 0.000000000000000000e+00 1.000000000000000000e+00
9.450019598007202148e-01 -3.236435353755950928e-01 -4.717893153429031372e-02 -5.142058130092835855e-01
-1.839821636676788330e-01 -4.067659378051757812e-01 -8.948141336441040039e-01 -2.466031215902752205e+00
2.704098522663116455e-01 8.542810082435607910e-01 -4.439392983913421631e-01 -1.127577536958369153e+00
0.000000000000000000e+00 0.000000000000000000e+00 0.000000000000000000e+00 1.000000000000000000e+00
9.560836553573608398e-01 -2.892664074897766113e-01 -4.721272364258766174e-02 -5.372454891542775002e-01
-1.519623845815658569e-01 -3.514919877052307129e-01 -9.237755537033081055e-01 -2.566248422887202452e+00
2.506223022937774658e-01 8.903812170028686523e-01 -3.800134360790252686e-01 -9.445657299120588934e-01
0.000000000000000000e+00 0.000000000000000000e+00 0.000000000000000000e+00 1.000000000000000000e+00
9.624519348144531250e-01 -2.635433077812194824e-01 -6.505119055509567261e-02 -6.118892164623994656e-01
-1.398506462574005127e-01 -2.760101854801177979e-01 -9.509258270263671875e-01 -2.686367404540201953e+00
2.326552718877792358e-01 9.243178367614746094e-01 -3.025031387805938721e-01 -6.921831007229158894e-01
0.000000000000000000e+00 0.000000000000000000e+00 0.000000000000000000e+00 1.000000000000000000e+00
9.752766489982604980e-01 -2.124952077865600586e-01 -6.067268922924995422e-02 -6.266777852625571299e-01
-1.013620346784591675e-01 -1.861796677112579346e-01 -9.772729277610778809e-01 -2.797316404276152468e+00
1.963697522878646851e-01 9.592617154121398926e-01 -2.031157314777374268e-01 -3.575314994601240803e-01
0.000000000000000000e+00 0.000000000000000000e+00 0.000000000000000000e+00 1.000000000000000000e+00
9.917302131652832031e-01 -1.255290359258651733e-01 -2.671189606189727783e-02 -5.513208264077305021e-01
-4.416599497199058533e-02 -1.383919715881347656e-01 -9.893921017646789551e-01 -2.848288280771130498e+00
1.205008178949356079e-01 9.823898673057556152e-01 -1.427916288375854492e-01 -1.837804235425554156e-01
0.000000000000000000e+00 0.000000000000000000e+00 0.000000000000000000e+00 1.000000000000000000e+00
9.952515363693237305e-01 -9.702381491661071777e-02 7.776446174830198288e-03 -4.737776773075589865e-01
-1.617620512843132019e-02 -2.436559498310089111e-01 -9.697265625000000000e-01 -2.816847317856097099e+00
9.598139673471450806e-02 9.649961590766906738e-01 -2.440684735774993896e-01 -4.863320867138077319e-01
0.000000000000000000e+00 0.000000000000000000e+00 0.000000000000000000e+00 1.000000000000000000e+00
9.978646636009216309e-01 -3.636020421981811523e-02 5.426149442791938782e-02 -3.276731366045740890e-01
4.160080477595329285e-02 -2.866646945476531982e-01 -9.571269750595092773e-01 -2.884251596648324423e+00
5.035619437694549561e-02 9.573408365249633789e-01 -2.845399975776672363e-01 -5.879938307509706696e-01
0.000000000000000000e+00 0.000000000000000000e+00 0.000000000000000000e+00 1.000000000000000000e+00
9.895777702331542969e-01 4.642147943377494812e-02 1.363117992877960205e-01 -3.625514015254648059e-02
1.438453644514083862e-01 -2.748843729496002197e-01 -9.506559371948242188e-01 -2.976344076033906383e+00
-6.660910323262214661e-03 9.603558778762817383e-01 -2.786970138549804688e-01 -5.420359947942375856e-01
0.000000000000000000e+00 0.000000000000000000e+00 0.000000000000000000e+00 1.000000000000000000e+00
9.685441851615905762e-01 5.980807170271873474e-02 2.415474057197570801e-01 2.847884124501247061e-01
2.487961798906326294e-01 -2.512995898723602295e-01 -9.353870153427124023e-01 -3.022913080854942702e+00
4.757029470056295395e-03 9.660598635673522949e-01 -2.582748532295227051e-01 -4.732819637587736827e-01
0.000000000000000000e+00 0.000000000000000000e+00 0.000000000000000000e+00 1.000000000000000000e+00
9.764758348464965820e-01 -1.183151174336671829e-02 2.153017073869705200e-01 1.798572650856705146e-01
2.011283189058303833e-01 -3.099723756313323975e-01 -9.292281866073608398e-01 -2.989013507598042629e+00
7.773172110319137573e-02 9.506719112396240234e-01 -3.003008961677551270e-01 -6.502451685581697172e-01
0.000000000000000000e+00 0.000000000000000000e+00 0.000000000000000000e+00 1.000000000000000000e+00
9.855143427848815918e-01 -1.262720227241516113e-01 1.132119968533515930e-01 -1.780382929022176763e-01
5.956507846713066101e-02 -3.673039376735687256e-01 -9.281918406486511230e-01 -2.919712152924745840e+00
1.587878167629241943e-01 9.214898943901062012e-01 -3.544617593288421631e-01 -9.148063350580059039e-01
0.000000000000000000e+00 0.000000000000000000e+00 0.000000000000000000e+00 1.000000000000000000e+00
9.764162898063659668e-01 -2.150522470474243164e-01 1.906655915081501007e-02 -4.768364189813297238e-01
-4.903795942664146423e-02 -3.069193363189697266e-01 -9.504712820053100586e-01 -2.929904486280247689e+00
2.102529108524322510e-01 9.271209239959716797e-01 -3.102266788482666016e-01 -8.242326891150971724e-01
0.000000000000000000e+00 0.000000000000000000e+00 0.000000000000000000e+00 1.000000000000000000e+00
9.162653088569641113e-01 -3.882974684238433838e-01 -9.840017557144165039e-02 -8.107756165123467529e-01
-2.328909188508987427e-01 -3.165252208709716797e-01 -9.195507764816284180e-01 -2.743837352296752741e+00
3.259131312370300293e-01 8.654690980911254883e-01 -3.804519474506378174e-01 -1.130255863179552289e+00
0.000000000000000000e+00 0.000000000000000000e+00 0.000000000000000000e+00 1.000000000000000000e+00
8.695150613784790039e-01 -4.849499166011810303e-01 -9.363018721342086792e-02 -7.824412360755758078e-01
-2.864594161510467529e-01 -3.407347798347473145e-01 -8.954556584358215332e-01 -2.633945472226311590e+00
4.023481011390686035e-01 8.054336905479431152e-01 -4.351924955844879150e-01 -1.371204988494931332e+00
0.000000000000000000e+00 0.000000000000000000e+00 0.000000000000000000e+00 1.000000000000000000e+00
8.267352581024169922e-01 -5.587776899337768555e-01 -6.539493799209594727e-02 -6.785725374352424843e-01
-3.451466858386993408e-01 -4.119656980037689209e-01 -8.433020114898681641e-01 -2.450286727812267973e+00
4.442776441574096680e-01 7.197580337524414062e-01 -5.334465503692626953e-01 -1.708488385881387073e+00
0.000000000000000000e+00 0.000000000000000000e+00 0.000000000000000000e+00 1.000000000000000000e+00
7.965649366378784180e-01 -6.026219725608825684e-01 -4.827371984720230103e-02 -6.079305364829379332e-01
-4.280126988887786865e-01 -5.057607293128967285e-01 -7.490066885948181152e-01 -2.111406889333458992e+00
4.269532263278961182e-01 6.172940731048583984e-01 -6.608012914657592773e-01 -2.093781324036096958e+00
0.000000000000000000e+00 0.000000000000000000e+00 0.000000000000000000e+00 1.000000000000000000e+00
7.761577963829040527e-01 -6.302328705787658691e-01 -1.963195204734802246e-02 -5.163397819294659463e-01
-5.026681423187255859e-01 -5.996600985527038574e-01 -6.226815581321716309e-01 -1.672245826182286121e+00
3.806618750095367432e-01 4.931674897670745850e-01 -7.822286486625671387e-01 -2.436836798990584363e+00
0.000000000000000000e+00 0.000000000000000000e+00 0.000000000000000000e+00 1.000000000000000000e+00
7.513019442558288574e-01 -6.597437858581542969e-01 -1.684422418475151062e-02 -4.924947108422360054e-01
-5.667952299118041992e-01 -6.319596767425537109e-01 -5.285544395446777344e-01 -1.343903381915601214e+00
3.380657136440277100e-01 4.066511392593383789e-01 -8.487320542335510254e-01 -2.617980917585836842e+00
0.000000000000000000e+00 0.000000000000000000e+00 0.000000000000000000e+00 1.000000000000000000e+00
6.496245861053466797e-01 -7.601881623268127441e-01 -1.007925532758235931e-02 -4.064890511594996814e-01
-6.764225363731384277e-01 -5.718885660171508789e-01 -4.641077220439910889e-01 -1.073879119770326573e+00
3.470450937747955322e-01 3.083134889602661133e-01 -8.857213854789733887e-01 -2.751325898374190171e+00
0.000000000000000000e+00 0.000000000000000000e+00 0.000000000000000000e+00 1.000000000000000000e+00
5.849630832672119141e-01 -8.104076981544494629e-01 3.251631185412406921e-02 -2.331902898704111549e-01
-7.367475032806396484e-01 -5.477037429809570312e-01 -3.965143263339996338e-01 -8.233579704202667049e-01
3.391477167606353760e-01 2.079899460077285767e-01 -9.174526929855346680e-01 -2.858121198730105395e+00
0.000000000000000000e+00 0.000000000000000000e+00 0.000000000000000000e+00 1.000000000000000000e+00
5.374923348426818848e-01 -8.407937884330749512e-01 6.455662846565246582e-02 -9.823400181325472880e-02
-7.826930284500122070e-01 -5.259093046188354492e-01 -3.328829407691955566e-01 -5.888674226958453550e-01
3.138369619846343994e-01 1.283940523862838745e-01 -9.407559037208557129e-01 -2.917732979648672842e+00
0.000000000000000000e+00 0.000000000000000000e+00 0.000000000000000000e+00 1.000000000000000000e+00
5.047002434730529785e-01 -8.548207283020019531e-01 1.206595003604888916e-01 1.049661763288015082e-01
-8.170059919357299805e-01 -5.181024670600891113e-01 -2.531219124794006348e-01 -3.156916346200712709e-01
2.788879871368408203e-01 2.917117625474929810e-02 -9.598805308341979980e-01 -2.962372623806372118e+00
0.000000000000000000e+00 0.000000000000000000e+00 0.000000000000000000e+00 1.000000000000000000e+00
4.367769062519073486e-01 -8.821546435356140137e-01 1.761504411697387695e-01 3.288440159286203923e-01
-8.579120635986328125e-01 -4.673851728439331055e-01 -2.133963555097579956e-01 -1.640200643825817650e-01
2.705786228179931641e-01 -5.791505798697471619e-02 -9.609541893005371094e-01 -2.962248727505194079e+00
0.000000000000000000e+00 0.000000000000000000e+00 0.000000000000000000e+00 1.000000000000000000e+00
3.539367020130157471e-01 -8.946401476860046387e-01 2.726671695709228516e-01 6.890248432612783303e-01
-8.938503265380859375e-01 -4.093666076660156250e-01 -1.828949600458145142e-01 -4.292048851819330046e-02
2.752460539340972900e-01 -1.789904087781906128e-01 -9.445644021034240723e-01 -2.912235736637375005e+00
0.000000000000000000e+00 0.000000000000000000e+00 0.000000000000000000e+00 1.000000000000000000e+00
2.938419878482818604e-01 -8.812555074691772461e-01 3.701964616775512695e-01 1.030623294954526648e+00
-9.123870134353637695e-01 -3.740536570549011230e-01 -1.662339270114898682e-01 2.215575049121806459e-02
2.849678397178649902e-01 -2.889159321784973145e-01 -9.139587283134460449e-01 -2.826420853803696787e+00
0.000000000000000000e+00 0.000000000000000000e+00 0.000000000000000000e+00 1.000000000000000000e+00
2.658656835556030273e-01 -8.504934310913085938e-01 4.538460373878479004e-01 1.299111546497332403e+00
-9.335547685623168945e-01 -3.445500433444976807e-01 -9.879422932863235474e-02 2.481551202295899650e-01
2.403965443372726440e-01 -3.974242210388183594e-01 -8.855863809585571289e-01 -2.705933218568572052e+00
0.000000000000000000e+00 0.000000000000000000e+00 0.000000000000000000e+00 1.000000000000000000e+00
1.740965545177459717e-01 -7.672818303108215332e-01 6.172270178794860840e-01 1.849824534591748559e+00
-9.616627693176269531e-01 -2.673437297344207764e-01 -6.108899414539337158e-02 3.691412035293934468e-01
2.118843048810958862e-01 -5.829288363456726074e-01 -7.844099998474121094e-01 -2.381691079618942553e+00
0.000000000000000000e+00 0.000000000000000000e+00 0.000000000000000000e+00 1.000000000000000000e+00
1.342796832323074341e-01 -6.721294522285461426e-01 7.281557321548461914e-01 2.212550547911027454e+00
-9.730186462402343750e-01 -2.285604625940322876e-01 -3.153945133090019226e-02 4.640659137285462754e-01
1.876261532306671143e-01 -7.042740583419799805e-01 -6.846857070922851562e-01 -2.070608024764498456e+00
0.000000000000000000e+00 0.000000000000000000e+00 0.000000000000000000e+00 1.000000000000000000e+00
1.068072393536567688e-01 -5.691667199134826660e-01 8.152555227279663086e-01 2.485664629282233751e+00
-9.840651750564575195e-01 -1.777429580688476562e-01 4.832721315324306488e-03 5.720811718451443983e-01
1.421552747488021851e-01 -8.027807474136352539e-01 -5.790812373161315918e-01 -1.729824625854335274e+00
0.000000000000000000e+00 0.000000000000000000e+00 0.000000000000000000e+00 1.000000000000000000e+00
7.791515439748764038e-02 -5.042482018470764160e-01 8.600363731384277344e-01 2.640958846999141851e+00
-9.912561178207397461e-01 -1.313280910253524780e-01 1.280391030013561249e-02 6.059103118484233663e-01
1.064905226230621338e-01 -8.535141348838806152e-01 -5.100718736648559570e-01 -1.503918898368374446e+00
0.000000000000000000e+00 0.000000000000000000e+00 0.000000000000000000e+00 1.000000000000000000e+00
1.542380452156066895e-01 -5.123597383499145508e-01 8.448064327239990234e-01 2.531560344626933912e+00
-9.876794815063476562e-01 -1.028505936264991760e-01 1.179455444216728210e-01 9.197706857927540058e-01
2.645826898515224457e-02 -8.525895476341247559e-01 -5.219107270240783691e-01 -1.478021950008179486e+00
0.000000000000000000e+00 0.000000000000000000e+00 0.000000000000000000e+00 1.000000000000000000e+00
2.653710544109344482e-01 -5.694529414176940918e-01 7.780113220214843750e-01 2.259221649906753893e+00
-9.592996239662170410e-01 -7.513825595378875732e-02 2.722102701663970947e-01 1.361057784637697443e+00
-9.655249863862991333e-02 -8.185827136039733887e-01 -5.662155151367187500e-01 -1.514907313748150797e+00
0.000000000000000000e+00 0.000000000000000000e+00 0.000000000000000000e+00 1.000000000000000000e+00
3.225944042205810547e-01 -6.145482063293457031e-01 7.199051380157470703e-01 2.057925342626650611e+00
-9.287872314453125000e-01 -5.891744792461395264e-02 3.659009635448455811e-01 1.614424202886474591e+00
-1.824487596750259399e-01 -7.866761684417724609e-01 -5.897907018661499023e-01 -1.524578951512731928e+00
0.000000000000000000e+00 0.000000000000000000e+00 0.000000000000000000e+00 1.000000000000000000e+00
3.716028034687042236e-01 -6.257247328758239746e-01 6.858424544334411621e-01 1.922791039867272289e+00
-8.865481615066528320e-01 -1.988313905894756317e-02 4.622087776660919189e-01 1.863527098307846686e+00
-2.755787372589111328e-01 -7.797905206680297852e-01 -5.621238946914672852e-01 -1.373062053321054909e+00
0.000000000000000000e+00 0.000000000000000000e+00 0.000000000000000000e+00 1.000000000000000000e+00
4.237633347511291504e-01 -6.348090171813964844e-01 6.460978388786315918e-01 1.761767652989533417e+00
-8.371796011924743652e-01 -2.205242635682225227e-03 5.469238162040710449e-01 2.071573408526528937e+00
-3.457671701908111572e-01 -7.726662158966064453e-01 -5.323835611343383789e-01 -1.226420985066614788e+00
0.000000000000000000e+00 0.000000000000000000e+00 0.000000000000000000e+00 1.000000000000000000e+00
5.231971144676208496e-01 -6.372054219245910645e-01 5.658923387527465820e-01 1.471841340237399320e+00
-7.274802923202514648e-01 1.192803308367729187e-02 6.860247850418090820e-01 2.375733309152886275e+00
-4.438886642456054688e-01 -7.706018686294555664e-01 -4.573135972023010254e-01 -9.122265188134833780e-01
0.000000000000000000e+00 0.000000000000000000e+00 0.000000000000000000e+00 1.000000000000000000e+00
6.347092390060424805e-01 -6.641442179679870605e-01 3.950397968292236328e-01 8.955456975178479606e-01
-5.787539482116699219e-01 -6.981510668992996216e-02 8.125083446502685547e-01 2.660920243462065571e+00
-5.120429992675781250e-01 -7.443374991416931152e-01 -4.286883473396301270e-01 -7.630963490339246480e-01
0.000000000000000000e+00 0.000000000000000000e+00 0.000000000000000000e+00 1.000000000000000000e+00
6.445957422256469727e-01 -7.119811177253723145e-01 2.785307466983795166e-01 5.843293989519748877e-01
-4.889516532421112061e-01 -1.038492545485496521e-01 8.661072850227355957e-01 2.762076468515356265e+00
-5.877265930175781250e-01 -6.944771409034729004e-01 -4.150649905204772949e-01 -6.755407093717767930e-01
0.000000000000000000e+00 0.000000000000000000e+00 0.000000000000000000e+00 1.000000000000000000e+00
6.142870783805847168e-01 -7.628286480903625488e-01 2.018512934446334839e-01 4.161645561506706059e-01
-3.915046751499176025e-01 -7.254000753164291382e-02 9.173123240470886230e-01 2.849312709583709413e+00
-6.851099133491516113e-01 -6.425188183784484863e-01 -3.432114720344543457e-01 -4.502199021183831418e-01
0.000000000000000000e+00 0.000000000000000000e+00 0.000000000000000000e+00 1.000000000000000000e+00
4.550843834877014160e-01 -8.881862759590148926e-01 6.342637538909912109e-02 1.698182499536479151e-01
-2.030292600393295288e-01 -3.414592519402503967e-02 9.785769581794738770e-01 2.924882278906371091e+00
-8.669933676719665527e-01 -4.582126736640930176e-01 -1.958672255277633667e-01 -2.282610100572760384e-02
0.000000000000000000e+00 0.000000000000000000e+00 0.000000000000000000e+00 1.000000000000000000e+00
3.313933908939361572e-01 -9.394163489341735840e-01 -8.760926127433776855e-02 -2.221775056886354238e-01
-2.542259097099304199e-01 -1.783307045698165894e-01 9.505616426467895508e-01 2.939034051071686804e+00
-9.085965752601623535e-01 -2.927372157573699951e-01 -2.979216277599334717e-01 -3.630088749131037962e-01
0.000000000000000000e+00 0.000000000000000000e+00 0.000000000000000000e+00 1.000000000000000000e+00
3.227435648441314697e-01 -9.456334114074707031e-01 4.017457738518714905e-02 1.697564742645025215e-01
-3.702465295791625977e-01 -8.707331120967864990e-02 9.248437881469726562e-01 2.881557480795696513e+00
-8.710650205612182617e-01 -3.133618831634521484e-01 -3.782198429107666016e-01 -5.923788354193415540e-01
0.000000000000000000e+00 0.000000000000000000e+00 0.000000000000000000e+00 1.000000000000000000e+00
3.020241260528564453e-01 -9.524611234664916992e-01 3.998987376689910889e-02 2.262100722408423581e-01
-4.541405141353607178e-01 -1.068710386753082275e-01 8.844969868659973145e-01 2.796313238387043931e+00
-8.381752967834472656e-01 -2.853004932403564453e-01 -4.648288786411285400e-01 -8.711966996268609709e-01
0.000000000000000000e+00 0.000000000000000000e+00 0.000000000000000000e+00 1.000000000000000000e+00
1.849031299352645874e-01 -9.807963371276855469e-01 6.204225867986679077e-02 3.434098335280517666e-01
-4.716598689556121826e-01 -3.317958861589431763e-02 8.811560869216918945e-01 2.783963343385857048e+00
-8.621762394905090332e-01 -1.921913176774978638e-01 -4.687372446060180664e-01 -8.968519950120964479e-01
0.000000000000000000e+00 0.000000000000000000e+00 0.000000000000000000e+00 1.000000000000000000e+00
