1 0 0 -0.01792658120393753 
0 1 0 0.02243540808558464 
0 0 1 -0.3816788792610168 
0 0 0 1 

0.987208366394043 0.04724670946598053 -0.1522735804319382 0.04592664167284966 
-0.0505809411406517 0.9985560178756714 -0.01809521578252316 0.02605175413191319 
0.1511987596750259 0.02556593157351017 0.9881726503372192 -0.3779964447021484 
0 0 0 1 

0.9986337423324585 0.04091881215572357 -0.03249775618314743 -0.00162877410184592 
-0.0407378152012825 0.9991505146026611 0.006212320178747177 0.01788610592484474 
0.03272436559200287 -0.004879863001406193 0.9994524717330933 -0.3691548705101013 
0 0 0 1 

0.9892283082008362 0.05128840729594231 -0.1371010988950729 0.0415349155664444 
-0.0467875637114048 0.9982612133026123 0.03585400432348251 0.009911254048347473 
0.1387016028165817 -0.02905314229428768 0.9899079203605652 -0.3661005198955536 
0 0 0 1 

0.6916907429695129 0.7133712768554688 -0.1125386506319046 0.004347103647887707 
-0.7116655111312866 0.6467701196670532 -0.2742631137371063 0.09701773524284363 
-0.1228649020195007 0.269795149564743 0.9550470113754272 -0.2578485906124115 
0 0 0 1 

0.7284945249557495 0.683830738067627 -0.0408782847225666 -0.02188306115567684 
-0.6760523319244385 0.7080034017562866 -0.2041671127080917 0.0760958194732666 
-0.1106738224625587 0.1763704866170883 0.9780821800231934 -0.2692899405956268 
0 0 0 1 

0.7607859373092651 0.6490022540092468 -0.0007894756854511797 -0.03765519335865974 
-0.641996443271637 0.7523941397666931 -0.147456482052803 0.05796429514884949 
-0.09510563313961029 0.1126896515488625 0.9890682101249695 -0.2758343815803528 
0 0 0 1 

0.7884423136711121 0.6120868921279907 0.06089487299323082 -0.06106691434979439 
-0.6091428995132446 0.7907143831253052 -0.06095558032393456 0.02922705188393593 
-0.08546057343482971 0.01096626091748476 0.9962812066078186 -0.2813013195991516 
0 0 0 1 

0.9796093702316284 0.1881643980741501 -0.07042459398508072 -0.003129261080175638 
-0.1922781318426132 0.9796820878982544 -0.05702807381749153 0.00303463963791728 
0.05826306715607643 0.06940633803606033 0.9958856105804443 -0.2355582565069199 
0 0 0 1 

0.9796203970909119 0.200456976890564 -0.01267867907881737 -0.03729770705103874 
-0.2008538842201233 0.9780294895172119 -0.0558205246925354 -0.03304587677121162 
0.001210483722388744 0.05722948908805847 0.9983603358268738 -0.3292465209960938 
0 0 0 1 

