0.3543512523174286 0.3027458786964417 -0.8847485780715942 0.3566416203975677 
-0.02958284132182598 0.9492971897125244 0.3129850625991821 -0.07547826319932938 
0.9346442818641663 -0.0847332552075386 0.345340758562088 -0.02882415801286697 
0 0 0 1 

0.3789264261722565 0.3534135222434998 -0.8552857041358948 0.3369586765766144 
0.01055939588695765 0.922495424747467 0.3858635127544403 -0.1037239208817482 
0.9253665804862976 -0.1552451550960541 0.3458260595798492 -0.03100154921412468 
0 0 0 1 

0.4071539640426636 0.3727439045906067 -0.8338390588760376 0.3219228088855743 
0.06286236643791199 0.8993354439735413 0.4327171146869659 -0.1212554574012756 
0.9111936688423157 -0.2285995632410049 0.3427364230155945 -0.03303597494959831 
0 0 0 1 

0.4520408511161804 0.4113872945308685 -0.7914666533470154 0.2990319430828094 
0.1288827806711197 0.8478636145591736 0.5143117308616638 -0.1516588181257248 
0.882637083530426 -0.3344963490962982 0.3302482068538666 -0.03308451920747757 
0 0 0 1 

0.4661598205566406 0.4499166011810303 -0.76175457239151 0.2841163575649261 
0.1510530412197113 0.8079112768173218 0.56961590051651 -0.1719052195549011 
0.8717098236083984 -0.3805973827838898 0.3086545169353485 -0.02854373678565025 
0 0 0 1 

0.4780537486076355 0.4920965135097504 -0.7275338768959045 0.2666436731815338 
0.1751161813735962 0.7582853436470032 0.627963125705719 -0.1911384463310242 
0.8606967329978943 -0.4276030659675598 0.2763270735740662 -0.02062264829874039 
0 0 0 1 

0.5207083821296692 0.4956007897853851 -0.695156455039978 0.2511130273342133 
0.1774310618638992 0.7336527705192566 0.6559510827064514 -0.2003916651010513 
0.8350933194160461 -0.4649015367031097 0.2940841615200043 -0.02874412946403027 
0 0 0 1 

0.540219783782959 0.4974095523357391 -0.6787829399108887 0.2397520989179611 
0.1948469281196594 0.7107579112052917 0.6759125590324402 -0.2062438577413559 
0.8186557292938232 -0.4974001049995422 0.2870467901229858 -0.02873996086418629 
0 0 0 1 

0.5509703755378723 0.5239395499229431 -0.6495528817176819 0.2244721204042435 
0.2014591097831726 0.6718242764472961 0.7127876877784729 -0.216746911406517 
0.8098430633544922 -0.5235832333564758 0.2646028697490692 -0.02501625195145607 
0 0 0 1 

0.6483250856399536 0.4799834787845612 -0.5910083055496216 0.1976482570171356 
0.2217289805412292 0.6235724687576294 0.7496625185012817 -0.2230308055877686 
0.7283617854118347 -0.6170684695243835 0.2978512942790985 -0.04452333226799965 
0 0 0 1 

