-0.2194871455430984 0.8094910383224487 0.544563889503479 -0.1531957685947418 
-0.8644566535949707 0.09738618135452271 -0.4931842684745789 0.2035160660743713 
-0.4522612690925598 -0.578999400138855 0.6783947944641113 -0.2095110863447189 
0 0 0 1 

-0.2328794002532959 0.7056385278701782 0.6692094802856445 -0.2006326615810394 
-0.8935384154319763 0.1163664013147354 -0.4336449205875397 0.1838227510452271 
-0.3838700354099274 -0.6989513635635376 0.6034159064292908 -0.1853415369987488 
0 0 0 1 

-0.2016722708940506 0.680891752243042 0.7040700316429138 -0.2147785574197769 
-0.9265977144241333 0.1003167405724525 -0.3624268472194672 0.1609072089195251 
-0.3174034357070923 -0.7254811525344849 0.6106817126274109 -0.188463032245636 
0 0 0 1 

-0.1426574140787125 0.6529493927955627 0.7438454627990723 -0.230799674987793 
-0.9570593237876892 0.1006176322698593 -0.2718706130981445 0.1299266368150711 
-0.2523617148399353 -0.7506885528564453 0.6105573773384094 -0.1860886812210083 
0 0 0 1 

-0.177937388420105 0.5558260083198547 0.8120319247245789 -0.2542407214641571 
-0.961753249168396 0.07640702277421951 -0.2630448341369629 0.1295487284660339 
-0.2082521468400955 -0.8277798295021057 0.5209718346595764 -0.1514711529016495 
0 0 0 1 

-0.2042061984539032 0.4878972172737122 0.8486790060997009 -0.251138836145401 
-0.9547474980354309 -0.2907607555389404 -0.06257252395153046 0.07825777679681778 
0.2162336558103561 -0.8230518698692322 0.5251938700675964 -0.1768366992473602 
0 0 0 1 

-0.1800434291362762 0.4836089015007019 0.8565666675567627 -0.2570349276065826 
-0.9788869023323059 -0.1737548112869263 -0.1076539680361748 0.09343790262937546 
0.09677033126354218 -0.8578644394874573 0.5046820640563965 -0.1596439629793167 
0 0 0 1 

-0.1145631596446037 0.6035494208335876 0.7890520095825195 -0.2423814386129379 
-0.9929539561271667 -0.09378848224878311 -0.0724286362528801 0.07921931892633438 
0.03028987161815166 -0.7917900681495667 0.6100417375564575 -0.1875740140676498 
0 0 0 1 

0.02156376466155052 0.7545862793922424 0.6558462977409363 -0.208489254117012 
-0.9997410178184509 0.02103636413812637 0.008667257614433765 0.04921523854136467 
-0.007256391923874617 -0.6558634638786316 0.7548446655273438 -0.2306619733572006 
0 0 0 1 

0.009416778571903706 0.7519886493682861 0.6591088771820068 -0.2086692303419113 
-0.9997583627700806 0.02016943134367466 -0.008728086017072201 0.05375012382864952 
-0.01985722407698631 -0.6588675975799561 0.7519968748092651 -0.2310681790113449 
0 0 0 1 

