1.000000000000000000e+00 0.000000000000000000e+00 0.000000000000000000e+00 -4.255350477121360719e-01
0.000000000000000000e+00 -1.000000000000000000e+00 0.000000000000000000e+00 3.076616963927396031e-01
0.000000000000000000e+00 0.000000000000000000e+00 -1.000000000000000000e+00 -5.117628744684824760e+00
0.000000000000000000e+00 0.000000000000000000e+00 0.000000000000000000e+00 1.000000000000000000e+00
9.937932491302490234e-01 -5.760583654046058655e-02 9.516432136297225952e-02 1.093527985792992346e-01
-5.955478176474571228e-02 -9.980666041374206543e-01 1.776571758091449738e-02 3.553527989562220712e-01
9.395691752433776855e-02 -2.332298830151557922e-02 -9.953027367591857910e-01 -5.080043254060802482e+00
0.000000000000000000e+00 0.000000000000000000e+00 0.000000000000000000e+00 1.000000000000000000e+00
9.661263227462768555e-01 -6.342515349388122559e-02 2.501538395881652832e-01 9.482864191251029196e-01
-6.953950226306915283e-02 -9.974560737609863281e-01 1.567085087299346924e-02 3.488690022253495560e-01
2.485235482454299927e-01 -3.253564983606338501e-02 -9.680791497230529785e-01 -4.930568340742932598e+00
0.000000000000000000e+00 0.000000000000000000e+00 0.000000000000000000e+00 1.000000000000000000e+00
9.985888600349426270e-01 -5.051810294389724731e-02 1.638737879693508148e-02 -2.961726371846879480e-01
-5.041935667395591736e-02 -9.987075924873352051e-01 -6.383361760526895523e-03 2.440988568428536787e-01
1.668868958950042725e-02 5.548164248466491699e-03 -9.998455643653869629e-01 -4.943485984632453700e+00
0.000000000000000000e+00 0.000000000000000000e+00 0.000000000000000000e+00 1.000000000000000000e+00
9.921198487281799316e-01 -5.780279263854026794e-02 1.111611351370811462e-01 2.328799259753225603e-01
-5.323698371648788452e-02 -9.976294040679931641e-01 -4.361441358923912048e-02 9.531701244046930643e-02
1.134186014533042908e-01 3.735275194048881531e-02 -9.928447604179382324e-01 -4.916777695392502423e+00
0.000000000000000000e+00 0.000000000000000000e+00 0.000000000000000000e+00 1.000000000000000000e+00
-3.306130170822143555e-01 -8.730389177799224854e-02 9.397196769714355469e-01 5.089830349261267983e+00
-3.443824127316474915e-02 -9.939327239990234375e-01 -1.044566631317138672e-01 -1.789504339705390856e-01
9.431378841400146484e-01 -6.689702719449996948e-02 3.256005942821502686e-01 1.720858162464723895e+00
0.000000000000000000e+00 0.000000000000000000e+00 0.000000000000000000e+00 1.000000000000000000e+00
-3.800997138023376465e-01 -9.943484514951705933e-02 9.195855855941772461e-01 4.922947786812887472e+00
-1.945943199098110199e-02 -9.931249618530273438e-01 -1.154300123453140259e-01 -1.682049764432957673e-01
9.247404932975769043e-01 -6.176953390240669250e-02 3.755517899990081787e-01 2.048078554136594231e+00
0.000000000000000000e+00 0.000000000000000000e+00 0.000000000000000000e+00 1.000000000000000000e+00
-3.708321750164031982e-01 -9.723018854856491089e-02 9.235958456993103027e-01 4.847095467606488128e+00
-2.214831300079822540e-02 -9.932951331138610840e-01 -1.134604737162590027e-01 -1.037438010293107171e-01
9.284355044364929199e-01 -6.253091990947723389e-02 3.661925494670867920e-01 2.068835552735649230e+00
0.000000000000000000e+00 0.000000000000000000e+00 0.000000000000000000e+00 1.000000000000000000e+00
-3.579404354095458984e-01 -9.230623394250869751e-02 9.291704297065734863e-01 4.768563827552791956e+00
-2.915287017822265625e-02 -9.935120940208435059e-01 -1.099284887313842773e-01 -5.985019281783458822e-02
9.332886338233947754e-01 -6.643585115671157837e-02 3.529271781444549561e-01 2.091168120562220789e+00
0.000000000000000000e+00 0.000000000000000000e+00 0.000000000000000000e+00 1.000000000000000000e+00
-3.234732151031494141e-01 -8.391464501619338989e-02 9.425087571144104004e-01 4.748736377100181372e+00
-5.583237856626510620e-02 -9.926320314407348633e-01 -1.075392737984657288e-01 -2.127492128677118191e-02
9.445884227752685547e-01 -8.740858733654022217e-02 3.164046108722686768e-01 2.005154262760271866e+00
0.000000000000000000e+00 0.000000000000000000e+00 0.000000000000000000e+00 1.000000000000000000e+00
-2.968252897262573242e-01 -7.032433897256851196e-02 9.523388147354125977e-01 4.712050871618585823e+00
-7.648868858814239502e-02 -9.923292398452758789e-01 -9.711742401123046875e-02 5.820656667745306712e-02
9.518637061119079590e-01 -1.016701459884643555e-01 2.891693413257598877e-01 1.968988391557340067e+00
0.000000000000000000e+00 0.000000000000000000e+00 0.000000000000000000e+00 1.000000000000000000e+00
-2.981526851654052734e-01 -5.186053737998008728e-02 9.531084895133972168e-01 4.646314655249884851e+00
-1.026547253131866455e-01 -9.909895658493041992e-01 -8.603436499834060669e-02 1.611677978503262554e-01
9.489822983741760254e-01 -1.234924569725990295e-01 2.901424765586853027e-01 2.068259371771449917e+00
0.000000000000000000e+00 0.000000000000000000e+00 0.000000000000000000e+00 1.000000000000000000e+00
-2.900788486003875732e-01 -6.076490506529808044e-02 9.550716876983642578e-01 4.634589451992194853e+00
-1.070742085576057434e-01 -9.896553158760070801e-01 -9.548634290695190430e-02 1.614773537518696123e-01
9.509936571121215820e-01 -1.299620866775512695e-01 2.805718481540679932e-01 2.096599578515030871e+00
0.000000000000000000e+00 0.000000000000000000e+00 0.000000000000000000e+00 1.000000000000000000e+00
-2.764347195625305176e-01 -5.918322876095771790e-02 9.592087268829345703e-01 4.644944439775104073e+00
-1.314323991537094116e-01 -9.863954782485961914e-01 -9.873814880847930908e-02 1.952303927636826197e-01
9.520032405853271484e-01 -1.533658206462860107e-01 2.648952901363372803e-01 2.103318912032103416e+00
0.000000000000000000e+00 0.000000000000000000e+00 0.000000000000000000e+00 1.000000000000000000e+00
-2.431593537330627441e-01 -6.188903376460075378e-02 9.680098891258239746e-01 4.692200802491760747e+00
-1.463928371667861938e-01 -9.841898083686828613e-01 -9.969666600227355957e-02 2.247462001393235320e-01
9.588757753372192383e-01 -1.659518927335739136e-01 2.302548438310623169e-01 2.020670276452533276e+00
0.000000000000000000e+00 0.000000000000000000e+00 0.000000000000000000e+00 1.000000000000000000e+00
-2.395343035459518433e-01 -6.313398480415344238e-02 9.688329696655273438e-01 4.684391407605090762e+00
-1.708418726921081543e-01 -9.795724153518676758e-01 -1.060727313160896301e-01 2.222961661814046030e-01
9.557388424873352051e-01 -1.909252405166625977e-01 2.238552868366241455e-01 2.102462378553298539e+00
0.000000000000000000e+00 0.000000000000000000e+00 0.000000000000000000e+00 1.000000000000000000e+00
-2.313435822725296021e-01 -6.330218911170959473e-02 9.708104729652404785e-01 4.685805273152916506e+00
-1.830161213874816895e-01 -9.772330522537231445e-01 -1.073336005210876465e-01 2.594709244987764563e-01
9.555028080940246582e-01 -2.025049179792404175e-01 2.144912630319595337e-01 2.177056782018297998e+00
0.000000000000000000e+00 0.000000000000000000e+00 0.000000000000000000e+00 1.000000000000000000e+00
-1.972978413105010986e-01 -5.328623950481414795e-02 9.788943529129028320e-01 4.716751587666731638e+00
-2.101854383945465088e-01 -9.730026721954345703e-01 -9.532874822616577148e-02 3.370721979671584267e-01
9.575468897819519043e-01 -2.245575040578842163e-01 1.807713806629180908e-01 2.134278916796100933e+00
0.000000000000000000e+00 0.000000000000000000e+00 0.000000000000000000e+00 1.000000000000000000e+00
-1.221650615334510803e-01 -7.721310108900070190e-02 9.895018935203552246e-01 4.843936392774537580e+00
-2.324081063270568848e-01 -9.670258760452270508e-01 -1.041525825858116150e-01 2.855938067363617550e-01
9.649159312248229980e-01 -2.426920533180236816e-01 1.001915931701660156e-01 1.997789304980972958e+00
0.000000000000000000e+00 0.000000000000000000e+00 0.000000000000000000e+00 1.000000000000000000e+00
-7.417604327201843262e-02 -1.281380355358123779e-01 9.889780879020690918e-01 5.055540042333328543e+00
-2.421951293945312500e-01 -9.597036838531494141e-01 -1.425103843212127686e-01 9.091918077702131062e-02
9.673874974250793457e-01 -2.500966191291809082e-01 4.015261679887771606e-02 2.047236306136241080e+00
0.000000000000000000e+00 0.000000000000000000e+00 0.000000000000000000e+00 1.000000000000000000e+00
3.819980891421437263e-03 -1.580324620008468628e-01 9.874262213706970215e-01 5.275284430515088552e+00
-2.695258557796478271e-01 -9.510539770126342773e-01 -1.511686295270919800e-01 7.990970851109238660e-02
9.629852175712585449e-01 -2.655595541000366211e-01 -4.622692987322807312e-02 1.657361194843252061e+00
0.000000000000000000e+00 0.000000000000000000e+00 0.000000000000000000e+00 1.000000000000000000e+00
5.780736915767192841e-03 -2.012337446212768555e-01 9.795259237289428711e-01 5.180902655300910986e+00
-2.010878622531890869e-01 -9.597668051719665527e-01 -1.959876865148544312e-01 -1.867719566331863257e-01
9.795557260513305664e-01 -1.958379149436950684e-01 -4.601388052105903625e-02 1.501558608209180745e+00
0.000000000000000000e+00 0.000000000000000000e+00 0.000000000000000000e+00 1.000000000000000000e+00
4.120328521821647882e-04 -2.075258493423461914e-01 9.782295227050781250e-01 5.112642274253646590e+00
-1.676316708326339722e-01 -9.644014239311218262e-01 -2.045217305421829224e-01 -2.545193997198111902e-01
9.858494997024536133e-01 -1.638979613780975342e-01 -3.518511727452278137e-02 1.482690368111743373e+00
0.000000000000000000e+00 0.000000000000000000e+00 0.000000000000000000e+00 1.000000000000000000e+00
-1.418524533510208130e-01 -2.584415376186370850e-01 9.555558562278747559e-01 4.638635813763504423e+00
-6.937579810619354248e-02 -9.603472352027893066e-01 -2.700363397598266602e-01 -6.834782407917505687e-01
9.874535202980041504e-01 -1.045979484915733337e-01 1.182985752820968628e-01 1.990738826137024020e+00
0.000000000000000000e+00 0.000000000000000000e+00 0.000000000000000000e+00 1.000000000000000000e+00
-1.204435527324676514e-01 -3.206014931201934814e-01 9.395253658294677734e-01 4.402949228449021035e+00
-3.041769005358219147e-02 -9.447786808013916016e-01 -3.262936472892761230e-01 -1.082357469311605147e+00
9.922541975975036621e-01 -6.787813454866409302e-02 1.040405631065368652e-01 1.763350119708473995e+00
0.000000000000000000e+00 0.000000000000000000e+00 0.000000000000000000e+00 1.000000000000000000e+00
-8.580935746431350708e-02 -3.995452523231506348e-01 9.126882553100585938e-01 4.189531719945770227e+00
3.525293199345469475e-03 -9.161833524703979492e-01 -4.007437527179718018e-01 -1.472646760274967992e+00
9.963051676750183105e-01 -3.117014281451702118e-02 8.002559095621109009e-02 1.574806506125440819e+00
0.000000000000000000e+00 0.000000000000000000e+00 0.000000000000000000e+00 1.000000000000000000e+00
1.083537004888057709e-03 -4.460124969482421875e-01 8.950259685516357422e-01 4.072982453544902626e+00
5.274023488163948059e-02 -8.937555551528930664e-01 -4.454431533813476562e-01 -1.688568989333333548e+00
9.986076951026916504e-01 4.768649861216545105e-02 2.255438081920146942e-02 1.238362854019074533e+00
0.000000000000000000e+00 0.000000000000000000e+00 0.000000000000000000e+00 1.000000000000000000e+00
1.935558915138244629e-01 -4.961336255073547363e-01 8.463966846466064453e-01 3.867912426283318439e+00
1.118942797183990479e-01 -8.459184765815734863e-01 -5.214415192604064941e-01 -2.079851815482037125e+00
9.746875166893005371e-01 1.956350803375244141e-01 -1.082180440425872803e-01 5.581063758268054453e-01
0.000000000000000000e+00 0.000000000000000000e+00 0.000000000000000000e+00 1.000000000000000000e+00
2.906998395919799805e-01 -5.197920203208923340e-01 8.033118247985839844e-01 3.674924739240704952e+00
1.343351751565933228e-01 -8.090811967849731445e-01 -5.721378922462463379e-01 -2.328874291749585712e+00
9.473370313644409180e-01 2.742334008216857910e-01 -1.653733998537063599e-01 2.499973750001777129e-01
0.000000000000000000e+00 0.000000000000000000e+00 0.000000000000000000e+00 1.000000000000000000e+00
3.212568163871765137e-01 -5.670468807220458984e-01 7.584537267684936523e-01 3.414670702359725141e+00
1.590961217880249023e-01 -7.572071552276611328e-01 -6.335027813911437988e-01 -2.595389137971238380e+00
9.335321784019470215e-01 3.241840898990631104e-01 -1.530430167913436890e-01 2.544130015087450736e-01
0.000000000000000000e+00 0.000000000000000000e+00 0.000000000000000000e+00 1.000000000000000000e+00
3.690920174121856689e-01 -5.745048522949218750e-01 7.305582165718078613e-01 3.231779674031361793e+00
1.582219749689102173e-01 -7.357432842254638672e-01 -6.585192680358886719e-01 -2.710435452993384065e+00
9.158257246017456055e-01 3.586445152759552002e-01 -1.806576400995254517e-01 9.486876037463441713e-02
0.000000000000000000e+00 0.000000000000000000e+00 0.000000000000000000e+00 1.000000000000000000e+00
3.814766108989715576e-01 -5.867681503295898438e-01 7.142680883407592773e-01 3.084558096529749882e+00
1.686936467885971069e-01 -7.155338525772094727e-01 -6.779038310050964355e-01 -2.787675447703781284e+00
9.088554382324218750e-01 3.790970146656036377e-01 -1.739753931760787964e-01 7.693778158995784322e-02
0.000000000000000000e+00 0.000000000000000000e+00 0.000000000000000000e+00 1.000000000000000000e+00
3.676927387714385986e-01 -6.299113035202026367e-01 6.841151714324951172e-01 2.871940376410345053e+00
1.718902885913848877e-01 -6.769373416900634766e-01 -7.156882286071777344e-01 -2.931906201564090431e+00
9.139233231544494629e-01 3.807461559772491455e-01 -1.406292170286178589e-01 1.579400157780242175e-01
0.000000000000000000e+00 0.000000000000000000e+00 0.000000000000000000e+00 1.000000000000000000e+00
3.327832818031311035e-01 -6.938408017158508301e-01 6.386235952377319336e-01 2.560498692506699925e+00
1.376816481351852417e-01 -6.342165470123291016e-01 -7.607976198196411133e-01 -3.080006534399875484e+00
9.328980445861816406e-01 3.411075472831726074e-01 -1.155275776982307434e-01 1.349458765318582998e-01
0.000000000000000000e+00 0.000000000000000000e+00 0.000000000000000000e+00 1.000000000000000000e+00
1.924526840448379517e-01 -7.586051225662231445e-01 6.224787235260009766e-01 2.431033369491693907e+00
1.288536936044692993e-01 -6.093091964721679688e-01 -7.823930978775024414e-01 -3.138209541798630209e+00
9.728096127510070801e-01 2.307823151350021362e-01 -1.951414346694946289e-02 4.312915546904149688e-01
0.000000000000000000e+00 0.000000000000000000e+00 0.000000000000000000e+00 1.000000000000000000e+00
2.494716644287109375e-01 -7.914777398109436035e-01 5.579666495323181152e-01 2.134766633482287013e+00
1.131578534841537476e-01 -5.484113097190856934e-01 -8.285170197486877441e-01 -3.263051925259281116e+00
9.617478251457214355e-01 2.698297798633575439e-01 -4.725115001201629639e-02 1.825578385367681022e-01
0.000000000000000000e+00 0.000000000000000000e+00 0.000000000000000000e+00 1.000000000000000000e+00
3.747314214706420898e-01 -7.787428498268127441e-01 5.031263232231140137e-01 1.882746587653055803e+00
1.005063205957412720e-01 -5.053494572639465332e-01 -8.570417761802673340e-01 -3.313039592092043240e+00
9.216698408126831055e-01 3.717278540134429932e-01 -1.111017689108848572e-01 -1.669412280021693451e-01
0.000000000000000000e+00 0.000000000000000000e+00 0.000000000000000000e+00 1.000000000000000000e+00
5.069009661674499512e-01 -7.547050714492797852e-01 4.164991974830627441e-01 1.487532477198344250e+00
2.577944099903106689e-02 -4.696865975856781006e-01 -8.824566006660461426e-01 -3.308670616599043157e+00
8.616186380386352539e-01 4.580552875995635986e-01 -2.186287343502044678e-01 -6.375700160786442749e-01
0.000000000000000000e+00 0.000000000000000000e+00 0.000000000000000000e+00 1.000000000000000000e+00
5.994518995285034180e-01 -7.268287539482116699e-01 3.352270126342773438e-01 1.226394625542906125e+00
-3.515234217047691345e-02 -4.423210918903350830e-01 -8.961675167083740234e-01 -3.251671954397496123e+00
7.996384501457214355e-01 5.254254937171936035e-01 -2.907000184059143066e-01 -9.044863933699591740e-01
0.000000000000000000e+00 0.000000000000000000e+00 0.000000000000000000e+00 1.000000000000000000e+00
5.998846292495727539e-01 -7.691223025321960449e-01 2.204299718141555786e-01 8.808722542666510558e-01
-1.171306073665618896e-01 -3.569621443748474121e-01 -9.267460703849792480e-01 -3.393918614028467839e+00
7.914662957191467285e-01 5.301215052604675293e-01 -3.042238354682922363e-01 -8.932833045087192891e-01
0.000000000000000000e+00 0.000000000000000000e+00 0.000000000000000000e+00 1.000000000000000000e+00
5.838400721549987793e-01 -8.063607215881347656e-01 9.440857917070388794e-02 4.299144708128032621e-01
-1.894512921571731567e-01 -2.483912110328674316e-01 -9.499525427818298340e-01 -3.601498520490163280e+00
7.894549965858459473e-01 5.367348194122314453e-01 -2.977868318557739258e-01 -8.173294988824894025e-01
0.000000000000000000e+00 0.000000000000000000e+00 0.000000000000000000e+00 1.000000000000000000e+00
5.916740298271179199e-01 -8.060694932937622070e-01 -1.321001257747411728e-02 -3.151616802176585019e-02
-2.111213952302932739e-01 -1.391124129295349121e-01 -9.675095081329345703e-01 -3.785325247657082226e+00
7.780423760414123535e-01 5.752388834953308105e-01 -2.524876296520233154e-01 -6.400021683873213796e-01
0.000000000000000000e+00 0.000000000000000000e+00 0.000000000000000000e+00 1.000000000000000000e+00
6.023886203765869141e-01 -7.874004244804382324e-01 -1.308789551258087158e-01 -5.958412143555934515e-01
-2.451697140932083130e-01 -2.647977694869041443e-02 -9.691181182861328125e-01 -3.870961532327187982e+00
7.596183419227600098e-01 6.158732175827026367e-01 -2.089978605508804321e-01 -4.928287547731268758e-01
0.000000000000000000e+00 0.000000000000000000e+00 0.000000000000000000e+00 1.000000000000000000e+00
6.287582516670227051e-01 -7.420097589492797852e-01 -2.325619608163833618e-01 -1.129312615776705053e+00
-2.480408251285552979e-01 9.206998348236083984e-02 -9.643642306327819824e-01 -3.943123833085866448e+00
7.369797229766845703e-01 6.640368103981018066e-01 -1.261589676141738892e-01 -1.925692275366022721e-01
0.000000000000000000e+00 0.000000000000000000e+00 0.000000000000000000e+00 1.000000000000000000e+00
5.950739979743957520e-01 -7.978401184082031250e-01 -9.663456678390502930e-02 -4.368832730662519648e-01
-3.081516027450561523e-01 -1.154623553156852722e-01 -9.443042874336242676e-01 -3.628261173911998316e+00
7.422463893890380859e-01 5.917088985443115234e-01 -3.145642876625061035e-01 -1.089122333368312878e+00
0.000000000000000000e+00 0.000000000000000000e+00 0.000000000000000000e+00 1.000000000000000000e+00
5.760646462440490723e-01 -8.171488046646118164e-01 -2.043549716472625732e-02 -8.004564960185467370e-02
-3.865035474300384521e-01 -2.502735555171966553e-01 -8.876813054084777832e-01 -3.269356979901268279e+00
7.202531099319458008e-01 5.192602276802062988e-01 -4.600046575069427490e-01 -1.630528375624321846e+00
0.000000000000000000e+00 0.000000000000000000e+00 0.000000000000000000e+00 1.000000000000000000e+00
5.570737719535827637e-01 -8.237939476966857910e-01 1.050346344709396362e-01 4.381123513495778776e-01
-4.490443468093872070e-01 -4.051929414272308350e-01 -7.963527441024780273e-01 -2.737598893449544768e+00
6.985899209976196289e-01 3.964619636535644531e-01 -5.956424474716186523e-01 -2.091736237878702998e+00
0.000000000000000000e+00 0.000000000000000000e+00 0.000000000000000000e+00 1.000000000000000000e+00
5.705329179763793945e-01 -8.034484982490539551e-01 1.701840460300445557e-01 6.845135911283939389e-01
-5.183757543563842773e-01 -5.130212903022766113e-01 -6.841751933097839355e-01 -2.164585535687217455e+00
6.370075941085815430e-01 3.021251261234283447e-01 -7.091837525367736816e-01 -2.426729913922270221e+00
0.000000000000000000e+00 0.000000000000000000e+00 0.000000000000000000e+00 1.000000000000000000e+00
5.770378112792968750e-01 -7.884222269058227539e-01 2.131141871213912964e-01 8.254465819701219953e-01
-5.713247060775756836e-01 -5.761415958404541016e-01 -5.845072865486145020e-01 -1.721389479256180133e+00
5.836225748062133789e-01 2.155253738164901733e-01 -7.829006910324096680e-01 -2.624724661162038508e+00
0.000000000000000000e+00 0.000000000000000000e+00 0.000000000000000000e+00 1.000000000000000000e+00
5.846758484840393066e-01 -7.885361909866333008e-01 1.906951963901519775e-01 6.893392059082759094e-01
-6.573376655578613281e-01 -5.982269048690795898e-01 -4.582919776439666748e-01 -1.255690123690137439e+00
4.754588901996612549e-01 1.426010429859161377e-01 -8.681035041809082031e-01 -2.862428871898334393e+00
0.000000000000000000e+00 0.000000000000000000e+00 0.000000000000000000e+00 1.000000000000000000e+00
5.678308606147766113e-01 -7.940262556076049805e-01 2.170029729604721069e-01 7.223809223376937982e-01
-7.147828340530395508e-01 -6.063798666000366211e-01 -3.484090864658355713e-01 -8.373908784676667993e-01
4.082322120666503906e-01 4.272738471627235413e-02 -9.118776321411132812e-01 -2.958791765200504909e+00
0.000000000000000000e+00 0.000000000000000000e+00 0.000000000000000000e+00 1.000000000000000000e+00
5.649883747100830078e-01 -7.810800075531005859e-01 2.658985853195190430e-01 8.323289088281347059e-01
-7.530220746994018555e-01 -6.198508143424987793e-01 -2.207773625850677490e-01 -3.377022526706303651e-01
3.372622430324554443e-01 -7.549092918634414673e-02 -9.383790493011474609e-01 -2.986234169305310715e+00
0.000000000000000000e+00 0.000000000000000000e+00 0.000000000000000000e+00 1.000000000000000000e+00
5.570754408836364746e-01 -7.838410139083862305e-01 2.743353545665740967e-01 8.378551072803955835e-01
-7.813600301742553711e-01 -6.066187024116516113e-01 -1.465948671102523804e-01 -7.206298103208960693e-02
2.813240289688110352e-01 -1.326903551816940308e-01 -9.503946900367736816e-01 -2.999229192869776295e+00
0.000000000000000000e+00 0.000000000000000000e+00 0.000000000000000000e+00 1.000000000000000000e+00
5.330203771591186523e-01 -7.997737526893615723e-01 2.761357426643371582e-01 8.044246075867391710e-01
-8.296868205070495605e-01 -5.580351352691650391e-01 -1.470988243818283081e-02 3.945126683512234500e-01
1.658580005168914795e-01 -2.212655842304229736e-01 -9.610060453414916992e-01 -3.003688047831365449e+00
0.000000000000000000e+00 0.000000000000000000e+00 0.000000000000000000e+00 1.000000000000000000e+00
5.278629064559936523e-01 -8.013176918029785156e-01 2.815150320529937744e-01 7.834186051619025370e-01
-8.478296995162963867e-01 -5.168334245681762695e-01 1.186085864901542664e-01 8.619972375012903143e-01
5.045322328805923462e-02 -3.012858629226684570e-01 -9.521981477737426758e-01 -2.948340548847472320e+00
0.000000000000000000e+00 0.000000000000000000e+00 0.000000000000000000e+00 1.000000000000000000e+00
5.383186936378479004e-01 -7.862292528152465820e-01 3.034086227416992188e-01 8.114434401277302866e-01
-8.414990305900573730e-01 -4.819372892379760742e-01 2.441633641719818115e-01 1.285108308048749093e+00
-4.574441537261009216e-02 -3.867556154727935791e-01 -9.210468530654907227e-01 -2.794841694023084244e+00
0.000000000000000000e+00 0.000000000000000000e+00 0.000000000000000000e+00 1.000000000000000000e+00
4.987102150917053223e-01 -8.070505857467651367e-01 3.161610960960388184e-01 8.439565938544526524e-01
-8.466451764106750488e-01 -3.754269480705261230e-01 3.771559894084930420e-01 1.739510528687081781e+00
-1.856886595487594604e-01 -4.557674527168273926e-01 -8.705143332481384277e-01 -2.537039005562450544e+00
0.000000000000000000e+00 0.000000000000000000e+00 0.000000000000000000e+00 1.000000000000000000e+00
4.875813126564025879e-01 -8.103200197219848633e-01 3.250316083431243896e-01 8.748266199451496528e-01
-8.250008821487426758e-01 -3.057813048362731934e-01 4.752590954303741455e-01 2.073571482033437441e+00
-2.857234179973602295e-01 -4.998786747455596924e-01 -8.176082968711853027e-01 -2.302105582417423246e+00
0.000000000000000000e+00 0.000000000000000000e+00 0.000000000000000000e+00 1.000000000000000000e+00
4.702743887901306152e-01 -8.114066123962402344e-01 3.470740318298339844e-01 9.944133362017097966e-01
-8.072207570075988770e-01 -2.365319877862930298e-01 5.407831668853759766e-01 2.290533971696244286e+00
-3.567011356353759766e-01 -5.344820022583007812e-01 -7.662200927734375000e-01 -2.080172936710127374e+00
0.000000000000000000e+00 0.000000000000000000e+00 0.000000000000000000e+00 1.000000000000000000e+00
4.259918034076690674e-01 -8.435012102127075195e-01 3.271645307540893555e-01 1.008420545437271665e+00
-7.893724441528320312e-01 -1.698319166898727417e-01 5.899564027786254883e-01 2.432534405233355734e+00
-4.420661330223083496e-01 -5.095714926719665527e-01 -7.381839156150817871e-01 -1.895356146522769292e+00
0.000000000000000000e+00 0.000000000000000000e+00 0.000000000000000000e+00 1.000000000000000000e+00
3.865939974784851074e-01 -8.677427172660827637e-01 3.123575150966644287e-01 1.055198047011677964e+00
-7.784701585769653320e-01 -1.254356801509857178e-01 6.150196194648742676e-01 2.469716529500554092e+00
-4.944980144500732422e-01 -4.809241890907287598e-01 -7.240050435066223145e-01 -1.757878058962585754e+00
0.000000000000000000e+00 0.000000000000000000e+00 0.000000000000000000e+00 1.000000000000000000e+00
2.837106883525848389e-01 -9.222328066825866699e-01 2.626688778400421143e-01 1.019817182690583302e+00
-7.724382877349853516e-01 -5.748615786433219910e-02 6.324825882911682129e-01 2.453682270395590059e+00
-5.681961774826049805e-01 -3.823377788066864014e-01 -7.286776900291442871e-01 -1.689247346727415833e+00
0.000000000000000000e+00 0.000000000000000000e+00 0.000000000000000000e+00 1.000000000000000000e+00
1.032507792115211487e-01 -9.709687232971191406e-01 2.157774269580841064e-01 1.022539955201502426e+00
-7.849181294441223145e-01 5.370805785059928894e-02 6.172673702239990234e-01 2.232388503030140026e+00
-6.109358072280883789e-01 -2.331009209156036377e-01 -7.565852999687194824e-01 -1.749594663964526786e+00
0.000000000000000000e+00 0.000000000000000000e+00 0.000000000000000000e+00 1.000000000000000000e+00
-6.168129667639732361e-02 -9.751833677291870117e-01 2.126340121030807495e-01 1.031820952778072176e+00
-7.887496352195739746e-01 1.781712174415588379e-01 5.883276462554931641e-01 2.012570108133625357e+00
-6.116124987602233887e-01 -1.314260810613632202e-01 -7.801651358604431152e-01 -1.834282154774163676e+00
0.000000000000000000e+00 0.000000000000000000e+00 0.000000000000000000e+00 1.000000000000000000e+00
-1.794563829898834229e-01 -9.566408991813659668e-01 2.294189929962158203e-01 1.067863413319939170e+00
-7.510803937911987305e-01 2.838450074195861816e-01 5.960787534713745117e-01 2.068779497650742538e+00
-6.353530883789062500e-01 -6.534182280302047729e-02 -7.694523334503173828e-01 -1.773365104879098597e+00
0.000000000000000000e+00 0.000000000000000000e+00 0.000000000000000000e+00 1.000000000000000000e+00
-2.238801121711730957e-01 -9.540024995803833008e-01 1.993901580572128296e-01 1.060307585675778208e+00
-7.073104977607727051e-01 2.997890412807464600e-01 6.401863694190979004e-01 2.260584862942093931e+00
-6.705146431922912598e-01 2.294318284839391708e-03 -7.418929934501647949e-01 -1.639238549291111235e+00
0.000000000000000000e+00 0.000000000000000000e+00 0.000000000000000000e+00 1.000000000000000000e+00
-3.311850428581237793e-01 -9.306703805923461914e-01 1.554617732763290405e-01 1.077713746735617262e+00
-6.930605769157409668e-01 3.517405688762664795e-01 6.292420029640197754e-01 2.187232700874082614e+00
-6.402993798255920410e-01 1.006513386964797974e-01 -7.615024447441101074e-01 -1.603466619997414355e+00
0.000000000000000000e+00 0.000000000000000000e+00 0.000000000000000000e+00 1.000000000000000000e+00
2.284148037433624268e-01 -9.193696379661560059e-01 3.202906548976898193e-01 9.561681342464327660e-01
-7.339093089103698730e-01 5.356211960315704346e-02 6.771323680877685547e-01 2.449053180149123765e+00
-6.396903991699218750e-01 -3.897314965724945068e-01 -6.624998450279235840e-01 -1.374429825697265350e+00
0.000000000000000000e+00 0.000000000000000000e+00 0.000000000000000000e+00 1.000000000000000000e+00
5.445520877838134766e-01 -7.586271166801452637e-01 3.576983511447906494e-01 8.713934424954163926e-01
-7.684364318847656250e-01 -2.803633511066436768e-01 5.752409100532531738e-01 2.323449896551522453e+00
-3.361078202724456787e-01 -5.881169438362121582e-01 -7.356289625167846680e-01 -2.111231749366745625e+00
0.000000000000000000e+00 0.000000000000000000e+00 0.000000000000000000e+00 1.000000000000000000e+00
5.996133089065551758e-01 -7.198235988616943359e-01 3.497405350208282471e-01 8.211883189351188994e-01
-7.699932456016540527e-01 -3.997989594936370850e-01 4.972640573978424072e-01 2.091204127449555195e+00
-2.181161791086196899e-01 -5.674636363983154297e-01 -7.939837574958801270e-01 -2.506242291753527418e+00
0.000000000000000000e+00 0.000000000000000000e+00 0.000000000000000000e+00 1.000000000000000000e+00
6.035420298576354980e-01 -7.364296913146972656e-01 3.056272864341735840e-01 6.611578259077535158e-01
-7.709716558456420898e-01 -4.412673413753509521e-01 4.592230319976806641e-01 1.977644295824029230e+00
-2.033222317695617676e-01 -5.127903223037719727e-01 -8.340895771980285645e-01 -2.725098996177082622e+00
0.000000000000000000e+00 0.000000000000000000e+00 0.000000000000000000e+00 1.000000000000000000e+00
6.285302042961120605e-01 -7.409594655036926270e-01 2.364928424358367920e-01 3.909663042720721293e-01
-7.594166398048400879e-01 -5.189398527145385742e-01 3.924126625061035156e-01 1.735303653692618520e+00
-1.680363863706588745e-01 -4.262399971485137939e-01 -8.888669013977050781e-01 -3.003545589865699306e+00
0.000000000000000000e+00 0.000000000000000000e+00 0.000000000000000000e+00 1.000000000000000000e+00
6.434339880943298340e-01 -7.477492690086364746e-01 1.639009863138198853e-01 1.053786578379372341e-01
-7.433378100395202637e-01 -5.591659545898437500e-01 3.671271502971649170e-01 1.653470183227171209e+00
-1.828712970018386841e-01 -3.580557107925415039e-01 -9.156167507171630859e-01 -3.161574727043932498e+00
0.000000000000000000e+00 0.000000000000000000e+00 0.000000000000000000e+00 1.000000000000000000e+00
6.546897292137145996e-01 -7.511149644851684570e-01 8.489337563514709473e-02 -2.164554791279325041e-01
-7.298116087913513184e-01 -5.988481640815734863e-01 3.297814428806304932e-01 1.517722424244392521e+00
-1.968657225370407104e-01 -2.778605222702026367e-01 -9.402326345443725586e-01 -3.304234475093452250e+00
0.000000000000000000e+00 0.000000000000000000e+00 0.000000000000000000e+00 1.000000000000000000e+00
6.702801585197448730e-01 -7.414816021919250488e-01 3.047665953636169434e-02 -4.565890985426040438e-01
-7.190880179405212402e-01 -6.387911438941955566e-01 2.736013233661651611e-01 1.296164573937018005e+00
-1.834023594856262207e-01 -2.053049951791763306e-01 -9.613602757453918457e-01 -3.435417626892218301e+00
0.000000000000000000e+00 0.000000000000000000e+00 0.000000000000000000e+00 1.000000000000000000e+00
7.112285494804382324e-01 -7.014907598495483398e-01 -4.543573409318923950e-02 -8.315846439697472947e-01
-6.808338165283203125e-01 -7.034899592399597168e-01 2.038797587156295776e-01 1.019369639489612789e+00
-1.749835163354873657e-01 -1.140708699822425842e-01 -9.779409766197204590e-01 -3.556298964633420656e+00
0.000000000000000000e+00 0.000000000000000000e+00 0.000000000000000000e+00 1.000000000000000000e+00
7.486988306045532227e-01 -6.575602293014526367e-01 -8.404470235109329224e-02 -1.041453054317915683e+00
-6.435607075691223145e-01 -7.513887286186218262e-01 1.457567363977432251e-01 7.673893251473240529e-01
-1.589941233396530151e-01 -5.504001677036285400e-02 -9.857441186904907227e-01 -3.630166395972791449e+00
0.000000000000000000e+00 0.000000000000000000e+00 0.000000000000000000e+00 1.000000000000000000e+00
7.751989960670471191e-01 -6.135124564170837402e-01 -1.505610644817352295e-01 -1.370483039131652925e+00
-6.120195388793945312e-01 -7.884374856948852539e-01 6.163101270794868469e-02 3.988896050223187384e-01
-1.565194129943847656e-01 4.437013342976570129e-02 -9.866774678230285645e-01 -3.666211832656002478e+00
0.000000000000000000e+00 0.000000000000000000e+00 0.000000000000000000e+00 1.000000000000000000e+00
7.972748875617980957e-01 -5.722755789756774902e-01 -1.919721215963363647e-01 -1.600209702995342154e+00
-5.857187509536743164e-01 -8.103386163711547852e-01 -1.688745059072971344e-02 4.962935212520709627e-02
-1.458981037139892578e-01 1.259056031703948975e-01 -9.812549352645874023e-01 -3.692897106402893037e+00
0.000000000000000000e+00 0.000000000000000000e+00 0.000000000000000000e+00 1.000000000000000000e+00
8.304561972618103027e-01 -5.117074847221374512e-01 -2.202221155166625977e-01 -1.773813186236179007e+00
-5.419370532035827637e-01 -8.336275815963745117e-01 -1.066255196928977966e-01 -3.669949734513602291e-01
-1.290221512317657471e-01 2.078943550586700439e-01 -9.696049094200134277e-01 -3.682811558616327474e+00
0.000000000000000000e+00 0.000000000000000000e+00 0.000000000000000000e+00 1.000000000000000000e+00
8.444244265556335449e-01 -4.950240254402160645e-01 -2.046918123960494995e-01 -1.767134526650807835e+00
-5.314675569534301758e-01 -8.220136761665344238e-01 -2.045390903949737549e-01 -8.077678059977523306e-01
-6.700761616230010986e-02 2.815048098564147949e-01 -9.572169780731201172e-01 -3.688627732440205698e+00
0.000000000000000000e+00 0.000000000000000000e+00 0.000000000000000000e+00 1.000000000000000000e+00
8.544278740882873535e-01 -4.913983643054962158e-01 -1.687607020139694214e-01 -1.665919332501370809e+00
-5.195555090904235840e-01 -8.056800365447998047e-01 -2.845027744770050049e-01 -1.203626995088777241e+00
3.837271826341748238e-03 3.307676613330841064e-01 -9.437044262886047363e-01 -3.689994773364218883e+00
0.000000000000000000e+00 0.000000000000000000e+00 0.000000000000000000e+00 1.000000000000000000e+00
8.620452880859375000e-01 -4.928718507289886475e-01 -1.181289032101631165e-01 -1.502354770832710296e+00
-4.989008903503417969e-01 -7.841200828552246094e-01 -3.691248595714569092e-01 -1.597159387274702969e+00
8.930410444736480713e-02 3.771371841430664062e-01 -9.218418598175048828e-01 -3.672209749511288202e+00
0.000000000000000000e+00 0.000000000000000000e+00 0.000000000000000000e+00 1.000000000000000000e+00
8.766177296638488770e-01 -4.757109880447387695e-01 -7.238971441984176636e-02 -1.356140617176044616e+00
-4.541786909103393555e-01 -7.683049440383911133e-01 -4.510304629802703857e-01 -2.016772301286417601e+00
1.589430272579193115e-01 4.282593429088592529e-01 -8.895676732063293457e-01 -3.618540794245414194e+00
0.000000000000000000e+00 0.000000000000000000e+00 0.000000000000000000e+00 1.000000000000000000e+00
8.943963050842285156e-01 -4.466583728790283203e-01 -2.347782999277114868e-02 -1.184127881483578504e+00
-3.850413858890533447e-01 -7.421797513961791992e-01 -5.485540628433227539e-01 -2.520189784175713932e+00
2.275917381048202515e-01 4.996651113033294678e-01 -8.357852101325988770e-01 -3.533526324706782518e+00
0.000000000000000000e+00 0.000000000000000000e+00 0.000000000000000000e+00 1.000000000000000000e+00
9.303068518638610840e-01 -3.667809069156646729e-01 -4.653579089790582657e-04 -1.099496937359477844e+00
-2.889806032180786133e-01 -7.321910262107849121e-01 -6.167542338371276855e-01 -2.871115538471434192e+00
2.258731722831726074e-01 5.739053487777709961e-01 -7.871552109718322754e-01 -3.457670830949616025e+00
0.000000000000000000e+00 0.000000000000000000e+00 0.000000000000000000e+00 1.000000000000000000e+00
9.476941823959350586e-01 -3.126618862152099609e-01 6.416941434144973755e-02 -8.293770415254754225e-01
-1.894425749778747559e-01 -7.128047943115234375e-01 -6.752934455871582031e-01 -3.185013729440421493e+00
2.568787932395935059e-01 6.278150677680969238e-01 -7.347524166107177734e-01 -3.371171465289748870e+00
0.000000000000000000e+00 0.000000000000000000e+00 0.000000000000000000e+00 1.000000000000000000e+00
9.289270043373107910e-01 -3.330474793910980225e-01 1.617832928895950317e-01 -3.653695603105549528e-01
-1.182968094944953918e-01 -6.809974908828735352e-01 -7.226672768592834473e-01 -3.426300222307785415e+00
3.508566319942474365e-01 6.521667242050170898e-01 -6.719956398010253906e-01 -3.250560758001427963e+00
0.000000000000000000e+00 0.000000000000000000e+00 0.000000000000000000e+00 1.000000000000000000e+00
8.838298916816711426e-01 -3.943244814872741699e-01 2.516998946666717529e-01 1.091430054157247198e-01
-7.731916755437850952e-02 -6.537737250328063965e-01 -7.527294158935546875e-01 -3.582195664551789616e+00
4.613744318485260010e-01 6.458234786987304688e-01 -6.083136796951293945e-01 -3.067059223878697338e+00
0.000000000000000000e+00 0.000000000000000000e+00 0.000000000000000000e+00 1.000000000000000000e+00
9.505067467689514160e-01 -2.369867414236068726e-01 2.009323537349700928e-01 -2.361804511135977280e-01
-2.653250284492969513e-02 -7.062502503395080566e-01 -7.074645161628723145e-01 -3.331487501826996045e+00
3.095684051513671875e-01 6.671190261840820312e-01 -6.775837540626525879e-01 -3.145473603963439668e+00
0.000000000000000000e+00 0.000000000000000000e+00 0.000000000000000000e+00 1.000000000000000000e+00
9.311897754669189453e-01 -2.515055239200592041e-01 2.638765573501586914e-01 1.173397362995842567e-02
-5.561371333897113800e-03 -7.335886359214782715e-01 -6.795706748962402344e-01 -3.152586090174983369e+00
3.644925355911254883e-01 6.313416957855224609e-01 -6.845089197158813477e-01 -3.229341465446937232e+00
0.000000000000000000e+00 0.000000000000000000e+00 0.000000000000000000e+00 1.000000000000000000e+00
9.121574163436889648e-01 -3.178587853908538818e-01 2.587184011936187744e-01 -3.096137807347642407e-02
-4.489199817180633545e-02 -7.049573063850402832e-01 -7.078277468681335449e-01 -3.257491898000409947e+00
4.073744118213653564e-01 6.340353488922119141e-01 -6.573008894920349121e-01 -3.120160529785558357e+00
0.000000000000000000e+00 0.000000000000000000e+00 0.000000000000000000e+00 1.000000000000000000e+00
8.258619904518127441e-01 -4.168883860111236572e-01 3.796786963939666748e-01 6.009127887281648928e-01
3.211269527673721313e-02 -6.374759674072265625e-01 -7.698005437850952148e-01 -3.640972075182822731e+00
5.629570484161376953e-01 6.479415297508239746e-01 -5.130797624588012695e-01 -2.569240458085743750e+00
0.000000000000000000e+00 0.000000000000000000e+00 0.000000000000000000e+00 1.000000000000000000e+00
7.145768404006958008e-01 -5.250415205955505371e-01 4.622891843318939209e-01 1.124191550876682211e+00
7.445025444030761719e-02 -6.000012159347534180e-01 -7.965273857116699219e-01 -3.801737675122157878e+00
6.955839991569519043e-01 6.035975813865661621e-01 -3.896574974060058594e-01 -2.084446278861272983e+00
0.000000000000000000e+00 0.000000000000000000e+00 0.000000000000000000e+00 1.000000000000000000e+00
5.958610773086547852e-01 -6.076209545135498047e-01 5.251156687736511230e-01 1.568726374888964603e+00
1.246780082583427429e-01 -5.759521722793579102e-01 -8.079198002815246582e-01 -3.896571030182932383e+00
7.933504581451416016e-01 5.468782186508178711e-01 -2.674304842948913574e-01 -1.533143177770485366e+00
0.000000000000000000e+00 0.000000000000000000e+00 0.000000000000000000e+00 1.000000000000000000e+00
4.253988265991210938e-01 -6.736428737640380859e-01 6.043517589569091797e-01 2.124609856712888156e+00
2.545022070407867432e-01 -5.517926812171936035e-01 -7.941998839378356934e-01 -3.908555356146973470e+00
8.684840202331542969e-01 4.916605651378631592e-01 -6.328839808702468872e-02 -5.820910212497019121e-01
0.000000000000000000e+00 0.000000000000000000e+00 0.000000000000000000e+00 1.000000000000000000e+00
3.529588878154754639e-01 -6.861616373062133789e-01 6.360834836959838867e-01 2.346047074091119011e+00
3.324871063232421875e-01 -5.434823036193847656e-01 -7.707651853561401367e-01 -3.848050799442187753e+00
8.745696544647216797e-01 4.835379421710968018e-01 3.631290420889854431e-02 -7.748473420127845179e-02
0.000000000000000000e+00 0.000000000000000000e+00 0.000000000000000000e+00 1.000000000000000000e+00
2.820084095001220703e-01 -7.066007852554321289e-01 6.489886641502380371e-01 2.488200084474466500e+00
3.783950209617614746e-01 -5.396936535835266113e-01 -7.520291805267333984e-01 -3.777098002525713039e+00
8.816394209861755371e-01 4.576526284217834473e-01 1.151760518550872803e-01 3.357720750439577295e-01
0.000000000000000000e+00 0.000000000000000000e+00 0.000000000000000000e+00 1.000000000000000000e+00
5.117979049682617188e-01 -4.809938371181488037e-01 7.118341922760009766e-01 2.812442549117524671e+00
