1.000000000000000000e+00 0.000000000000000000e+00 0.000000000000000000e+00 -4.097584310382009209e-01
0.000000000000000000e+00 -1.000000000000000000e+00 0.000000000000000000e+00 -1.932597221741734483e-02
0.000000000000000000e+00 0.000000000000000000e+00 -1.000000000000000000e+00 -2.664692399556274349e+00
0.000000000000000000e+00 0.000000000000000000e+00 0.000000000000000000e+00 1.000000000000000000e+00
9.964179992675781250e-01 -7.975147664546966553e-02 -2.813382446765899658e-02 -4.729345082947812862e-01
-7.934997230768203735e-02 -9.967322349548339844e-01 1.511087827384471893e-02 5.430021327437853373e-02
-2.924699336290359497e-02 -1.282433699816465378e-02 -9.994899034500122070e-01 -2.712852255522017586e+00
0.000000000000000000e+00 0.000000000000000000e+00 0.000000000000000000e+00 1.000000000000000000e+00
9.849030971527099609e-01 -1.663893312215805054e-01 -4.775616154074668884e-02 -5.105519971194301121e-01
-1.640109121799468994e-01 -9.851880073547363281e-01 5.004482343792915344e-02 2.031076025546382224e-01
-5.537578463554382324e-02 -4.145673289895057678e-02 -9.976043701171875000e-01 -2.703109908219396118e+00
0.000000000000000000e+00 0.000000000000000000e+00 0.000000000000000000e+00 1.000000000000000000e+00
9.654396176338195801e-01 -2.561034858226776123e-01 -4.834688827395439148e-02 -4.913042662242115832e-01
-2.520601451396942139e-01 -9.646700024604797363e-01 7.666607201099395752e-02 3.228944308599496216e-01
-6.627324968576431274e-02 -6.183012947440147400e-02 -9.958837032318115234e-01 -2.701897978537384226e+00
0.000000000000000000e+00 0.000000000000000000e+00 0.000000000000000000e+00 1.000000000000000000e+00
9.357118010520935059e-01 -3.476592004299163818e-01 -5.980200320482254028e-02 -4.964119551826021715e-01
-3.391180336475372314e-01 -9.331894516944885254e-01 1.189785897731781006e-01 4.891239560541473796e-01
-9.717067331075668335e-02 -9.104967862367630005e-02 -9.910940527915954590e-01 -2.678447746259055240e+00
0.000000000000000000e+00 0.000000000000000000e+00 0.000000000000000000e+00 1.000000000000000000e+00
8.919881582260131836e-01 -4.496472477912902832e-01 -4.662862792611122131e-02 -4.314077391203434142e-01
-4.404064714908599854e-01 -8.876295685768127441e-01 1.347425282001495361e-01 5.738919803084785443e-01
-1.019756421446800232e-01 -9.965315461158752441e-02 -9.897827506065368652e-01 -2.682936742631316207e+00
0.000000000000000000e+00 0.000000000000000000e+00 0.000000000000000000e+00 1.000000000000000000e+00
8.454127907752990723e-01 -5.331808328628540039e-01 -3.153815492987632751e-02 -3.602024897502971168e-01
-5.221753120422363281e-01 -8.374901413917541504e-01 1.610679775476455688e-01 6.779399514849806518e-01
-1.122913360595703125e-01 -1.197005212306976318e-01 -9.864395260810852051e-01 -2.674039600386983295e+00
0.000000000000000000e+00 0.000000000000000000e+00 0.000000000000000000e+00 1.000000000000000000e+00
7.900792956352233887e-01 -6.128861308097839355e-01 -1.205880753695964813e-02 -2.771648869522265746e-01
-6.026265025138854980e-01 -7.801569104194641113e-01 1.679154336452484131e-01 7.340337801697695008e-01
-1.123208254575729370e-01 -1.253994554281234741e-01 -9.857276678085327148e-01 -2.680136500733989902e+00
0.000000000000000000e+00 0.000000000000000000e+00 0.000000000000000000e+00 1.000000000000000000e+00
7.177703380584716797e-01 -6.961979269981384277e-01 1.069292984902858734e-02 -1.622534231411325023e-01
-6.885979771614074707e-01 -7.074924707412719727e-01 1.590204834938049316e-01 7.392742308923353489e-01
-1.031445711851119995e-01 -1.215032786130905151e-01 -9.872168898582458496e-01 -2.694679656918133048e+00
0.000000000000000000e+00 0.000000000000000000e+00 0.000000000000000000e+00 1.000000000000000000e+00
6.448299288749694824e-01 -7.641328573226928711e-01 1.716818101704120636e-02 -9.687116890392923063e-02
-7.586219310760498047e-01 -6.371173858642578125e-01 1.362840086221694946e-01 6.966957498572923235e-01
-9.320098906755447388e-02 -1.009041815996170044e-01 -9.905211329460144043e-01 -2.720645636671622292e+00
0.000000000000000000e+00 0.000000000000000000e+00 0.000000000000000000e+00 1.000000000000000000e+00
5.488036274909973145e-01 -8.354506492614746094e-01 2.893173322081565857e-02 -1.041575478554805124e-02
-8.335696458816528320e-01 -5.443013906478881836e-01 9.432730078697204590e-02 5.915291168112828402e-01
-6.305824965238571167e-02 -7.588373124599456787e-02 -9.951205849647521973e-01 -2.766467174758183045e+00
0.000000000000000000e+00 0.000000000000000000e+00 0.000000000000000000e+00 1.000000000000000000e+00
4.559933543205261230e-01 -8.869606256484985352e-01 7.328640669584274292e-02 1.794555073926974997e-01
-8.899049758911132812e-01 -4.533142149448394775e-01 5.074433982372283936e-02 4.701979025329738882e-01
-1.178645342588424683e-02 -8.835702389478683472e-02 -9.960193037986755371e-01 -2.805507204678731714e+00
0.000000000000000000e+00 0.000000000000000000e+00 0.000000000000000000e+00 1.000000000000000000e+00
3.493716716766357422e-01 -9.320969581604003906e-01 9.557838737964630127e-02 2.848312169348224954e-01
-9.367480874061584473e-01 -3.497501015663146973e-01 1.331170462071895599e-02 3.385649410322212893e-01
2.102075144648551941e-02 -9.418364614248275757e-02 -9.953330159187316895e-01 -2.820802022168384937e+00
0.000000000000000000e+00 0.000000000000000000e+00 0.000000000000000000e+00 1.000000000000000000e+00
2.719415128231048584e-01 -9.564799666404724121e-01 1.057998836040496826e-01 3.410803310086259477e-01
-9.595053195953369141e-01 -2.778977751731872559e-01 -4.607112333178520203e-02 1.288738396958620247e-01
7.346766442060470581e-02 -8.898689597845077515e-02 -9.933195114135742188e-01 -2.818568285652928385e+00
0.000000000000000000e+00 0.000000000000000000e+00 0.000000000000000000e+00 1.000000000000000000e+00
1.950492411851882935e-01 -9.714217185974121094e-01 1.352628618478775024e-01 4.407596157721924146e-01
-9.717769622802734375e-01 -2.100665867328643799e-01 -1.073380187153816223e-01 -7.770675077481598025e-02
1.326846331357955933e-01 -1.105090603232383728e-01 -9.849783778190612793e-01 -2.804420000000424018e+00
0.000000000000000000e+00 0.000000000000000000e+00 0.000000000000000000e+00 1.000000000000000000e+00
1.178659424185752869e-01 -9.833962321281433105e-01 1.379821002483367920e-01 4.639099354655631391e-01
-9.696549773216247559e-01 -1.439454108476638794e-01 -1.976062655448913574e-01 -3.635925414092057162e-01
2.141872048377990723e-01 -1.105040013790130615e-01 -9.705218672752380371e-01 -2.777262786085449076e+00
0.000000000000000000e+00 0.000000000000000000e+00 0.000000000000000000e+00 1.000000000000000000e+00
1.915156692266464233e-01 -9.741600751876831055e-01 1.197254061698913574e-01 4.033735718520945479e-01
-9.529249072074890137e-01 -2.137681692838668823e-01 -2.150282263755798340e-01 -4.099729965201097115e-01
2.350653111934661865e-01 -7.290811091661453247e-02 -9.692409038543701172e-01 -2.755273657556267075e+00
0.000000000000000000e+00 0.000000000000000000e+00 0.000000000000000000e+00 1.000000000000000000e+00
2.778630852699279785e-01 -9.522187113761901855e-01 1.267741024494171143e-01 3.992638208934753963e-01
-9.373435974121093750e-01 -2.976344823837280273e-01 -1.811093389987945557e-01 -2.922356628587711169e-01
2.101880609989166260e-01 -6.850732862949371338e-02 -9.752576947212219238e-01 -2.746603062276627316e+00
0.000000000000000000e+00 0.000000000000000000e+00 0.000000000000000000e+00 1.000000000000000000e+00
3.272513449192047119e-01 -9.363556504249572754e-01 1.270600706338882446e-01 3.863326732956489651e-01
-9.340221285820007324e-01 -3.409122526645660400e-01 -1.066824570298194885e-01 -4.709313054953262467e-02
1.432090997695922852e-01 -8.376499265432357788e-02 -9.861411452293395996e-01 -2.744191068344371764e+00
0.000000000000000000e+00 0.000000000000000000e+00 0.000000000000000000e+00 1.000000000000000000e+00
3.646763563156127930e-01 -9.156789779663085938e-01 1.689465641975402832e-01 4.924515072410670102e-01
-9.281535148620605469e-01 -3.719817101955413818e-01 -1.266736537218093872e-02 2.535455351885656516e-01
7.444424927234649658e-02 -1.521888822317123413e-01 -9.855440855026245117e-01 -2.705161800094496360e+00
0.000000000000000000e+00 0.000000000000000000e+00 0.000000000000000000e+00 1.000000000000000000e+00
4.022228419780731201e-01 -8.990512490272521973e-01 1.729842871427536011e-01 4.870327301166340606e-01
-9.154809713363647461e-01 -3.971271812915802002e-01 6.468529254198074341e-02 4.962925739316013662e-01
1.054138038307428360e-02 -1.843817085027694702e-01 -9.827979803085327148e-01 -2.662950388608519070e+00
0.000000000000000000e+00 0.000000000000000000e+00 0.000000000000000000e+00 1.000000000000000000e+00
4.567099809646606445e-01 -8.640886545181274414e-01 2.115806639194488525e-01 5.646626968788215351e-01
-8.884490132331848145e-01 -4.308470487594604492e-01 1.582058072090148926e-01 7.621355376415582805e-01
-4.554499685764312744e-02 -2.602326869964599609e-01 -9.644708633422851562e-01 -2.564656875899384403e+00
0.000000000000000000e+00 0.000000000000000000e+00 0.000000000000000000e+00 1.000000000000000000e+00
5.330635309219360352e-01 -8.261499404907226562e-01 1.825370043516159058e-01 4.328955594199910273e-01
-8.402648568153381348e-01 -4.916937351226806641e-01 2.284565567970275879e-01 9.398462477729855324e-01
-9.898714721202850342e-02 -2.751613557338714600e-01 -9.562886357307434082e-01 -2.502336592909094826e+00
0.000000000000000000e+00 0.000000000000000000e+00 0.000000000000000000e+00 1.000000000000000000e+00
5.904785394668579102e-01 -7.842929959297180176e-01 1.903159469366073608e-01 4.151261440484904086e-01
-7.967323064804077148e-01 -5.288945436477661133e-01 2.923830151557922363e-01 1.085600866689832023e+00
-1.286571025848388672e-01 -3.242767453193664551e-01 -9.371721148490905762e-01 -2.416942736114052526e+00
0.000000000000000000e+00 0.000000000000000000e+00 0.000000000000000000e+00 1.000000000000000000e+00
6.701539158821105957e-01 -7.248312234878540039e-01 1.597290784120559692e-01 2.740698222014928409e-01
-7.222480773925781250e-01 -5.872499346733093262e-01 3.653692603111267090e-01 1.222872736668347393e+00
-1.710303276777267456e-01 -3.602178096771240234e-01 -9.170558452606201172e-01 -2.323068406887937254e+00
0.000000000000000000e+00 0.000000000000000000e+00 0.000000000000000000e+00 1.000000000000000000e+00
7.310129404067993164e-01 -6.666849255561828613e-01 1.454359889030456543e-01 2.031939075480861667e-01
-6.516634821891784668e-01 -6.188718080520629883e-01 4.385573863983154297e-01 1.360265468486735685e+00
-2.023733407258987427e-01 -4.153662025928497314e-01 -8.868572711944580078e-01 -2.192145784636710726e+00
0.000000000000000000e+00 0.000000000000000000e+00 0.000000000000000000e+00 1.000000000000000000e+00
7.526578903198242188e-01 -6.466249823570251465e-01 1.240238100290298462e-01 1.253285809787149097e-01
-6.019419431686401367e-01 -5.994622111320495605e-01 5.275509357452392578e-01 1.550366931682517269e+00
-2.667801380157470703e-01 -4.717204272747039795e-01 -8.404210805892944336e-01 -1.994802268958141722e+00
0.000000000000000000e+00 0.000000000000000000e+00 0.000000000000000000e+00 1.000000000000000000e+00
7.840715050697326660e-01 -6.064245700836181641e-01 1.322152167558670044e-01 1.241518336815974483e-01
-5.393273830413818359e-01 -5.602496862411499023e-01 6.286861896514892578e-01 1.790190624673630104e+00
-3.071772754192352295e-01 -5.642422437667846680e-01 -7.663373351097106934e-01 -1.741578364396476841e+00
0.000000000000000000e+00 0.000000000000000000e+00 0.000000000000000000e+00 1.000000000000000000e+00
8.089596033096313477e-01 -5.733934640884399414e-01 1.296327412128448486e-01 9.629680993014828883e-02
-4.810395836830139160e-01 -5.189080834388732910e-01 7.066366076469421387e-01 1.981753743499105935e+00
-3.379130661487579346e-01 -6.339988112449645996e-01 -6.956008672714233398e-01 -1.511261089773987099e+00
0.000000000000000000e+00 0.000000000000000000e+00 0.000000000000000000e+00 1.000000000000000000e+00
8.326236009597778320e-01 -5.409392118453979492e-01 1.188359037041664124e-01 4.394842852499986074e-02
-4.150835871696472168e-01 -4.674370884895324707e-01 7.805178761482238770e-01 2.160007711044344969e+00
-3.666644394397735596e-01 -6.992043852806091309e-01 -6.137344837188720703e-01 -1.291179405693325677e+00
0.000000000000000000e+00 0.000000000000000000e+00 0.000000000000000000e+00 1.000000000000000000e+00
8.634208440780639648e-01 -4.972649514675140381e-01 8.504018932580947876e-02 -6.358797743560837268e-02
-3.336658179759979248e-01 -4.364626109600067139e-01 8.355638384819030762e-01 2.281308433922411893e+00
-3.783799707889556885e-01 -7.498184442520141602e-01 -5.427712798118591309e-01 -1.120109957083811558e+00
0.000000000000000000e+00 0.000000000000000000e+00 0.000000000000000000e+00 1.000000000000000000e+00
8.807853460311889648e-01 -4.709400832653045654e-01 4.931992664933204651e-02 -1.582477016656915481e-01
-2.249352782964706421e-01 -3.244709670543670654e-01 9.187613129615783691e-01 2.429694212333886494e+00
-4.166788756847381592e-01 -8.203253746032714844e-01 -3.917203247547149658e-01 -7.333230267771244648e-01
0.000000000000000000e+00 0.000000000000000000e+00 0.000000000000000000e+00 1.000000000000000000e+00
8.726720809936523438e-01 -4.876728057861328125e-01 2.487238124012947083e-02 -2.647352952943515803e-01
-1.041547134518623352e-01 -1.361336410045623779e-01 9.852001667022705078e-01 2.586756932651295138e+00
-4.770693480968475342e-01 -8.623473644256591797e-01 -1.695934385061264038e-01 -1.539739013915611132e-01
0.000000000000000000e+00 0.000000000000000000e+00 0.000000000000000000e+00 1.000000000000000000e+00
8.556879162788391113e-01 -5.165088176727294922e-01 3.188009560108184814e-02 -2.237481618176333786e-01
-1.009469032287597656e-01 -1.061801612377166748e-01 9.892093539237976074e-01 2.586548321804391648e+00
-5.075504183769226074e-01 -8.496729135513305664e-01 -1.429970562458038330e-01 -1.384669289471139042e-01
0.000000000000000000e+00 0.000000000000000000e+00 0.000000000000000000e+00 1.000000000000000000e+00
8.230080008506774902e-01 -5.676723718643188477e-01 2.015609666705131531e-02 -2.141261417206044015e-01
-1.055471822619438171e-01 -1.179628074169158936e-01 9.873926043510437012e-01 2.587169187420176097e+00
-5.581378340721130371e-01 -8.147593140602111816e-01 -1.570005416870117188e-01 -1.710075737620896652e-01
0.000000000000000000e+00 0.000000000000000000e+00 0.000000000000000000e+00 1.000000000000000000e+00
7.999219298362731934e-01 -5.981486439704895020e-01 4.840376600623130798e-02 -1.364390725680317829e-01
-2.442165613174438477e-01 -2.507956624031066895e-01 9.367280602455139160e-01 2.508570635804830307e+00
-5.481632947921752930e-01 -7.611306309700012207e-01 -3.466948270797729492e-01 -5.697673283423724255e-01
0.000000000000000000e+00 0.000000000000000000e+00 0.000000000000000000e+00 1.000000000000000000e+00
8.165773749351501465e-01 -5.732277035713195801e-01 6.790733337402343750e-02 -8.776099214517996128e-02
-3.030394613742828369e-01 -3.255861699581146240e-01 8.956339359283447266e-01 2.426076083465366295e+00
-4.912926852703094482e-01 -7.519331574440002441e-01 -4.395771026611328125e-01 -8.158537272924408779e-01
0.000000000000000000e+00 0.000000000000000000e+00 0.000000000000000000e+00 1.000000000000000000e+00
8.049099445343017578e-01 -5.868386626243591309e-01 8.797731995582580566e-02 -4.363692652157546287e-02
-3.665129840373992920e-01 -3.750607073307037354e-01 8.514682650566101074e-01 2.340214507906432484e+00
-4.666775763034820557e-01 -7.175999879837036133e-01 -5.169741511344909668e-01 -1.023596880005542387e+00
0.000000000000000000e+00 0.000000000000000000e+00 0.000000000000000000e+00 1.000000000000000000e+00
8.283920884132385254e-01 -5.559252500534057617e-01 6.865241378545761108e-02 -1.424727825923653990e-01
-4.531667232513427734e-01 -5.930867195129394531e-01 6.654985547065734863e-01 1.970431776099791144e+00
-3.292506337165832520e-01 -5.824049115180969238e-01 -7.432354688644409180e-01 -1.673916015677838098e+00
0.000000000000000000e+00 0.000000000000000000e+00 0.000000000000000000e+00 1.000000000000000000e+00
8.244341015815734863e-01 -5.636059641838073730e-01 5.154294893145561218e-02 -1.981679293204848813e-01
-4.762338995933532715e-01 -6.416428685188293457e-01 6.012448072433471680e-01 1.801209609652442145e+00
-3.057930171489715576e-01 -5.202329754829406738e-01 -7.974007725715637207e-01 -1.831042064288056936e+00
0.000000000000000000e+00 0.000000000000000000e+00 0.000000000000000000e+00 1.000000000000000000e+00
8.530787229537963867e-01 -5.189663767814636230e-01 5.413350462913513184e-02 -1.951445379730852581e-01
-4.653802216053009033e-01 -7.098430991172790527e-01 5.287195444107055664e-01 1.596713308169621426e+00
-2.359613478183746338e-01 -4.762319624423980713e-01 -8.470687270164489746e-01 -1.985998532496449975e+00
0.000000000000000000e+00 0.000000000000000000e+00 0.000000000000000000e+00 1.000000000000000000e+00
8.712347745895385742e-01 -4.907778203487396240e-01 9.337149560451507568e-03 -3.040392620866771978e-01
-4.548438489437103271e-01 -8.000000715255737305e-01 3.913012146949768066e-01 1.224010990297286217e+00
-1.845723688602447510e-01 -3.451620936393737793e-01 -9.202152490615844727e-01 -2.190181641768641274e+00
0.000000000000000000e+00 0.000000000000000000e+00 0.000000000000000000e+00 1.000000000000000000e+00
8.751528263092041016e-01 -4.837156236171722412e-01 1.125724241137504578e-02 -2.836953239617222011e-01
-4.703567028045654297e-01 -8.450671434402465820e-01 2.542158961296081543e-01 8.726636212201431819e-01
-1.134551763534545898e-01 -2.277727574110031128e-01 -9.670820236206054688e-01 -2.338890822180871076e+00
0.000000000000000000e+00 0.000000000000000000e+00 0.000000000000000000e+00 1.000000000000000000e+00
8.794727325439453125e-01 -4.758749008178710938e-01 8.396996185183525085e-03 -2.548700165998046829e-01
-4.757111370563507080e-01 -8.783383965492248535e-01 4.712349176406860352e-02 3.323552156058126594e-01
-1.504949666559696198e-02 -4.543837904930114746e-02 -9.988537430763244629e-01 -2.462700256057118953e+00
0.000000000000000000e+00 0.000000000000000000e+00 0.000000000000000000e+00 1.000000000000000000e+00
8.888773918151855469e-01 -4.580981731414794922e-01 6.556511856615543365e-03 -2.466840586720859818e-01
-4.572512805461883545e-01 -8.879460692405700684e-01 -4.973077774047851562e-02 6.859345380190134955e-02
2.860341407358646393e-02 4.120657593011856079e-02 -9.987414479255676270e-01 -2.487672023004531496e+00
0.000000000000000000e+00 0.000000000000000000e+00 0.000000000000000000e+00 1.000000000000000000e+00
8.951882123947143555e-01 -4.456679224967956543e-01 4.262784030288457870e-03 -2.465042490912478512e-01
-4.399290382862091064e-01 -8.851125836372375488e-01 -1.517818272113800049e-01 -2.274980740859577355e-01
7.141736149787902832e-02 1.339979171752929688e-01 -9.884048104286193848e-01 -2.479451486311266883e+00
0.000000000000000000e+00 0.000000000000000000e+00 0.000000000000000000e+00 1.000000000000000000e+00
8.974664211273193359e-01 -4.410712122917175293e-01 3.150640754029154778e-03 -2.480968728733385087e-01
-4.252827167510986328e-01 -8.671911954879760742e-01 -2.590641975402832031e-01 -5.380246326863444839e-01
1.169980317354202271e-01 2.311615347862243652e-01 -9.658550024032592773e-01 -2.434320074849185112e+00
0.000000000000000000e+00 0.000000000000000000e+00 0.000000000000000000e+00 1.000000000000000000e+00
9.014183282852172852e-01 -4.328136742115020752e-01 1.079467684030532837e-02 -2.261655538314928382e-01
-3.978990614414215088e-01 -8.380144834518432617e-01 -3.733734488487243652e-01 -8.857116195405597692e-01
1.706473082304000854e-01 3.322704434394836426e-01 -9.276182651519775391e-01 -2.344803670365331882e+00
0.000000000000000000e+00 0.000000000000000000e+00 0.000000000000000000e+00 1.000000000000000000e+00
9.060675501823425293e-01 -4.230847060680389404e-01 6.335583049803972244e-03 -2.496228398330678222e-01
-3.728713393211364746e-01 -8.054313063621520996e-01 -4.607034921646118164e-01 -1.155595280155646831e+00
2.000196427106857300e-01 4.150660932064056396e-01 -8.875311613082885742e-01 -2.252470743508004691e+00
0.000000000000000000e+00 0.000000000000000000e+00 0.000000000000000000e+00 1.000000000000000000e+00
9.182468652725219727e-01 -3.959957063198089600e-01 3.266480751335620880e-03 -2.824259297177159622e-01
-3.291138410568237305e-01 -7.676945924758911133e-01 -5.498446822166442871e-01 -1.430383089284749554e+00
2.202438414096832275e-01 5.038177371025085449e-01 -8.352605700492858887e-01 -2.134226473071378027e+00
0.000000000000000000e+00 0.000000000000000000e+00 0.000000000000000000e+00 1.000000000000000000e+00
9.139507412910461426e-01 -4.053223729133605957e-01 -2.017840184271335602e-02 -3.576362796975874336e-01
-3.254552185535430908e-01 -7.023432254791259766e-01 -6.330820918083190918e-01 -1.668518303741201692e+00
2.424304187297821045e-01 5.851730108261108398e-01 -7.738215923309326172e-01 -1.992347504283465520e+00
0.000000000000000000e+00 0.000000000000000000e+00 0.000000000000000000e+00 1.000000000000000000e+00
9.203037619590759277e-01 -3.894042670726776123e-01 -3.749561309814453125e-02 -4.271686411584358356e-01
-2.921086847782135010e-01 -6.202619671821594238e-01 -7.279745936393737793e-01 -1.944504383508769196e+00
2.602196335792541504e-01 6.809106469154357910e-01 -6.845777630805969238e-01 -1.764689742018724194e+00
0.000000000000000000e+00 0.000000000000000000e+00 0.000000000000000000e+00 1.000000000000000000e+00
9.267995357513427734e-01 -3.718113899230957031e-01 -5.290182307362556458e-02 -4.833784337432395772e-01
-2.647339701652526855e-01 -5.468849539756774902e-01 -7.942496538162231445e-01 -2.147101939968382833e+00
2.663798332214355469e-01 7.501150965690612793e-01 -6.052838563919067383e-01 -1.544342741364917337e+00
0.000000000000000000e+00 0.000000000000000000e+00 0.000000000000000000e+00 1.000000000000000000e+00
9.366444945335388184e-01 -3.460243344306945801e-01 -5.444255471229553223e-02 -5.041700504697096408e-01
-2.248630970716476440e-01 -4.748009443283081055e-01 -8.508818745613098145e-01 -2.328936508504920955e+00
2.685765326023101807e-01 8.092163801193237305e-01 -5.225281119346618652e-01 -1.324142816876983098e+00
0.000000000000000000e+00 0.000000000000000000e+00 0.000000000000000000e+00 1.000000000000000000e+00
9.494593143463134766e-01 -3.087266981601715088e-01 -5.670174211263656616e-02 -5.431047056982458709e-01
-1.859502345323562622e-01 -4.076786935329437256e-01 -8.939911723136901855e-01 -2.463199525739206752e+00
2.528828680515289307e-01 8.593520522117614746e-01 -4.444822072982788086e-01 -1.119301590052059758e+00
0.000000000000000000e+00 0.000000000000000000e+00 0.000000000000000000e+00 1.000000000000000000e+00
9.604129791259765625e-01 -2.742348909378051758e-01 -4.901137948036193848e-02 -5.487626885474270466e-01
-1.451586037874221802e-01 -3.424711525440216064e-01 -9.282465577125549316e-01 -2.587603886845513568e+00
2.377726435661315918e-01 8.986147642135620117e-01 -3.687214255332946777e-01 -9.052870737539160384e-01
0.000000000000000000e+00 0.000000000000000000e+00 0.000000000000000000e+00 1.000000000000000000e+00
9.676083922386169434e-01 -2.442969381809234619e-01 -6.366154551506042480e-02 -6.104212667614266064e-01
-1.288916170597076416e-01 -2.612221837043762207e-01 -9.566344618797302246e-01 -2.710616957091914969e+00
2.170730680227279663e-01 9.338532686233520508e-01 -2.842487692832946777e-01 -6.264163833503438861e-01
0.000000000000000000e+00 0.000000000000000000e+00 0.000000000000000000e+00 1.000000000000000000e+00
9.792087078094482422e-01 -1.970468163490295410e-01 -4.818958416581153870e-02 -5.945704296203037087e-01
-7.894256711006164551e-02 -1.513284146785736084e-01 -9.853259325027465820e-01 -2.832089728730622813e+00
1.868629753589630127e-01 9.686450362205505371e-01 -1.637375950813293457e-01 -2.401496004595475298e-01
0.000000000000000000e+00 0.000000000000000000e+00 0.000000000000000000e+00 1.000000000000000000e+00
9.949304461479187012e-01 -1.005088239908218384e-01 -3.353108419105410576e-03 -4.977411939734632251e-01
-1.619602181017398834e-02 -1.272376626729965210e-01 -9.917400479316711426e-01 -2.867335579888042218e+00
9.925198554992675781e-02 9.867666959762573242e-01 -1.282205581665039062e-01 -1.378496850474211777e-01
0.000000000000000000e+00 0.000000000000000000e+00 0.000000000000000000e+00 1.000000000000000000e+00
9.962067604064941406e-01 -8.539952337741851807e-02 1.672322861850261688e-02 -4.509008843964679158e-01
-4.953437484800815582e-03 -2.475112676620483398e-01 -9.688722491264343262e-01 -2.821420773988976727e+00
8.688041567802429199e-02 9.651136994361877441e-01 -2.469952851533889771e-01 -4.897993886263445340e-01
0.000000000000000000e+00 0.000000000000000000e+00 0.000000000000000000e+00 1.000000000000000000e+00
9.980227351188659668e-01 -2.293504588305950165e-02 5.852207913994789124e-02 -3.142870629856159281e-01
4.925664514303207397e-02 -2.930044829845428467e-01 -9.548413157463073730e-01 -2.880910461651835064e+00
3.904654830694198608e-02 9.558357000350952148e-01 -2.912952005863189697e-01 -5.996017492851454245e-01
0.000000000000000000e+00 0.000000000000000000e+00 0.000000000000000000e+00 1.000000000000000000e+00
9.894008040428161621e-01 4.446416720747947693e-02 1.382326930761337280e-01 -2.857267437685054312e-02
1.451530903577804565e-01 -2.766578495502471924e-01 -9.499430060386657715e-01 -2.974019056618482537e+00
-3.995269536972045898e-03 9.599390625953674316e-01 -2.801796793937683105e-01 -5.466251143945410895e-01
0.000000000000000000e+00 0.000000000000000000e+00 0.000000000000000000e+00 1.000000000000000000e+00
9.679919481277465820e-01 6.779477745294570923e-02 2.416516095399856567e-01 2.959626993139611861e-01
2.509702742099761963e-01 -2.523877620697021484e-01 -9.345129728317260742e-01 -3.019127013157301143e+00
-2.365204505622386932e-03 9.652484059333801270e-01 -2.613237500190734863e-01 -4.779816945253597127e-01
0.000000000000000000e+00 0.000000000000000000e+00 0.000000000000000000e+00 1.000000000000000000e+00
9.725463986396789551e-01 3.339439630508422852e-02 2.302999347448348999e-01 2.455261636276692416e-01
2.300002127885818481e-01 -2.884856462478637695e-01 -9.294492006301879883e-01 -3.005751912151654270e+00
3.539983928203582764e-02 9.569017291069030762e-01 -2.882463335990905762e-01 -5.879707287793065618e-01
0.000000000000000000e+00 0.000000000000000000e+00 0.000000000000000000e+00 1.000000000000000000e+00
9.820861220359802246e-01 -3.760480508208274841e-02 1.846423894166946411e-01 7.089101911320144778e-02
1.624654233455657959e-01 -3.274077475070953369e-01 -9.308111071586608887e-01 -2.978450381473543906e+00
9.545627981424331665e-02 9.441343545913696289e-01 -3.154329359531402588e-01 -7.245908968164532782e-01
0.000000000000000000e+00 0.000000000000000000e+00 0.000000000000000000e+00 1.000000000000000000e+00
9.856706261634826660e-01 -1.255828142166137695e-01 1.126185134053230286e-01 -1.762596685377587902e-01
5.801232904195785522e-02 -3.745383322238922119e-01 -9.253948330879211426e-01 -2.912481064304081713e+00
1.583935618400573730e-01 9.186672568321228027e-01 -3.618859350681304932e-01 -9.350811039391289103e-01
0.000000000000000000e+00 0.000000000000000000e+00 0.000000000000000000e+00 1.000000000000000000e+00
9.800398945808410645e-01 -1.969065517187118530e-01 2.737938985228538513e-02 -4.548127861788569537e-01
-3.519506007432937622e-02 -3.073968887329101562e-01 -9.509300589561462402e-01 -2.938550797600475217e+00
1.956607401371002197e-01 9.309861063957214355e-01 -3.081914782524108887e-01 -8.087757902874257443e-01
0.000000000000000000e+00 0.000000000000000000e+00 0.000000000000000000e+00 1.000000000000000000e+00
9.240652918815612793e-01 -3.716864883899688721e-01 -8.917447179555892944e-02 -7.912217491223412225e-01
-2.196426391601562500e-01 -3.254074156284332275e-01 -9.197099804878234863e-01 -2.752241995496317983e+00
3.128260374069213867e-01 8.694589138031005859e-01 -3.823361396789550781e-01 -1.125981690167493943e+00
0.000000000000000000e+00 0.000000000000000000e+00 0.000000000000000000e+00 1.000000000000000000e+00
8.728435635566711426e-01 -4.797109961509704590e-01 -8.956360071897506714e-02 -7.714765668987422220e-01
-2.792172729969024658e-01 -3.404068350791931152e-01 -8.978646397590637207e-01 -2.645638541445245462e+00
4.002276360988616943e-01 8.087032437324523926e-01 -4.310655891895294189e-01 -1.356976398161873210e+00
0.000000000000000000e+00 0.000000000000000000e+00 0.000000000000000000e+00 1.000000000000000000e+00
8.345293998718261719e-01 -5.471388697624206543e-01 -6.480521708726882935e-02 -6.782404185405852548e-01
-3.389260172843933105e-01 -4.170652925968170166e-01 -8.433182239532470703e-01 -2.452962969406420335e+00
4.343840777873992920e-01 7.257379293441772461e-01 -5.334928035736083984e-01 -1.701880492863469874e+00
0.000000000000000000e+00 0.000000000000000000e+00 0.000000000000000000e+00 1.000000000000000000e+00
8.019858598709106445e-01 -5.953466296195983887e-01 -4.879766330122947693e-02 -6.147027560478786068e-01
-4.242608547210693359e-01 -5.101967453956604004e-01 -7.481319904327392578e-01 -2.108434015506894799e+00
4.205015301704406738e-01 6.206941008567810059e-01 -6.617528796195983887e-01 -2.092920835533762070e+00
0.000000000000000000e+00 0.000000000000000000e+00 0.000000000000000000e+00 1.000000000000000000e+00
7.766020894050598145e-01 -6.294352412223815918e-01 -2.647395245730876923e-02 -5.364998682924586593e-01
-5.034387707710266113e-01 -5.947868824005126953e-01 -6.267200708389282227e-01 -1.685992911422807161e+00
3.787330687046051025e-01 5.000399351119995117e-01 -7.787946462631225586e-01 -2.423865249759916463e+00
0.000000000000000000e+00 0.000000000000000000e+00 0.000000000000000000e+00 1.000000000000000000e+00
7.538273334503173828e-01 -6.568287014961242676e-01 -1.790087483823299408e-02 -4.978003141770995787e-01
-5.635775327682495117e-01 -6.323181390762329102e-01 -5.315577983856201172e-01 -1.356314787112580023e+00
3.378235995769500732e-01 4.107912778854370117e-01 -8.468331694602966309e-01 -2.612253261826268602e+00
0.000000000000000000e+00 0.000000000000000000e+00 0.000000000000000000e+00 1.000000000000000000e+00
6.564494967460632324e-01 -7.541781067848205566e-01 -1.701875776052474976e-02 -4.341779380203725780e-01
-6.744796037673950195e-01 -5.766756534576416016e-01 -4.610008001327514648e-01 -1.066945811026634328e+00
3.378624022006988525e-01 3.141024112701416016e-01 -8.872365355491638184e-01 -2.751005137462678274e+00
0.000000000000000000e+00 0.000000000000000000e+00 0.000000000000000000e+00 1.000000000000000000e+00
5.919495820999145508e-01 -8.058004379272460938e-01 1.678391359746456146e-02 -2.827407085849188983e-01
-7.349255084991455078e-01 -5.481990575790405273e-01 -3.992020189762115479e-01 -8.318556664753330443e-01
3.308783173561096191e-01 2.239724397659301758e-01 -9.167091846466064453e-01 -2.852136971826907619e+00
0.000000000000000000e+00 0.000000000000000000e+00 0.000000000000000000e+00 1.000000000000000000e+00
5.406474471092224121e-01 -8.397583365440368652e-01 5.006194859743118286e-02 -1.407144221833943887e-01
-7.824364304542541504e-01 -5.238187313079833984e-01 -3.367593288421630859e-01 -6.000224449743021271e-01
3.090199232101440430e-01 1.428977996110916138e-01 -9.402592182159423828e-01 -2.912877772690640299e+00
0.000000000000000000e+00 0.000000000000000000e+00 0.000000000000000000e+00 1.000000000000000000e+00
5.022035241127014160e-01 -8.568125963211059570e-01 1.168911680579185486e-01 9.628266799112207563e-02
-8.187418580055236816e-01 -5.146235823631286621e-01 -2.546059489250183105e-01 -3.204404150377117011e-01
2.783043980598449707e-01 3.216024488210678101e-02 -9.599542021751403809e-01 -2.961401317937096600e+00
0.000000000000000000e+00 0.000000000000000000e+00 0.000000000000000000e+00 1.000000000000000000e+00
4.384209811687469482e-01 -8.832335472106933594e-01 1.663891226053237915e-01 2.994047955341392342e-01
-8.580870628356933594e-01 -4.664086699485778809e-01 -2.148235440254211426e-01 -1.677663350642791262e-01
2.673447132110595703e-01 -4.859326779842376709e-02 -9.623751044273376465e-01 -2.965250132874415190e+00
0.000000000000000000e+00 0.000000000000000000e+00 0.000000000000000000e+00 1.000000000000000000e+00
3.570008575916290283e-01 -8.959764838218688965e-01 2.641530036926269531e-01 6.652333032189156059e-01
-8.929077386856079102e-01 -4.103817641735076904e-01 -1.852091103792190552e-01 -4.993314233880338099e-02
2.743464708328247070e-01 -1.697444617748260498e-01 -9.465307593345642090e-01 -2.918219424508579074e+00
0.000000000000000000e+00 0.000000000000000000e+00 0.000000000000000000e+00 1.000000000000000000e+00
2.939227521419525146e-01 -8.843885660171508789e-01 3.625817596912384033e-01 1.008943749281631774e+00
-9.129964113235473633e-01 -3.720520138740539551e-01 -1.673774421215057373e-01 1.799768333142774332e-02
2.829259335994720459e-01 -2.818398773670196533e-01 -9.167982935905456543e-01 -2.832822532370526503e+00
0.000000000000000000e+00 0.000000000000000000e+00 0.000000000000000000e+00 1.000000000000000000e+00
2.717799246311187744e-01 -8.554297685623168945e-01 4.408797621726989746e-01 1.258781866685216855e+00
-9.320628046989440918e-01 -3.480230867862701416e-01 -1.006925851106643677e-01 2.392661951523295527e-01
2.395717799663543701e-01 -3.835615515708923340e-01 -8.919005393981933594e-01 -2.725690928635626342e+00
0.000000000000000000e+00 0.000000000000000000e+00 0.000000000000000000e+00 1.000000000000000000e+00
1.780134141445159912e-01 -7.773019671440124512e-01 6.034182906150817871e-01 1.809697174972149103e+00
-9.610353112220764160e-01 -2.691159546375274658e-01 -6.315243244171142578e-02 3.587947088689402708e-01
2.114780694246292114e-01 -5.686638355255126953e-01 -7.949208021163940430e-01 -2.413562191821172931e+00
0.000000000000000000e+00 0.000000000000000000e+00 0.000000000000000000e+00 1.000000000000000000e+00
1.346911042928695679e-01 -6.782217025756835938e-01 7.224085927009582520e-01 2.198399751643806077e+00
-9.731361865997314453e-01 -2.279180586338043213e-01 -3.253859281539916992e-02 4.563212800799097413e-01
1.867182701826095581e-01 -6.986193060874938965e-01 -6.907006502151489258e-01 -2.086214107181917576e+00
0.000000000000000000e+00 0.000000000000000000e+00 0.000000000000000000e+00 1.000000000000000000e+00
1.089427173137664795e-01 -5.726581215858459473e-01 8.125228285789489746e-01 2.480135736864225393e+00
-9.833521842956542969e-01 -1.816693395376205444e-01 3.808622015640139580e-03 5.708791954153485948e-01
1.454295068979263306e-01 -7.994113564491271973e-01 -5.829164385795593262e-01 -1.742038494802841786e+00
0.000000000000000000e+00 0.000000000000000000e+00 0.000000000000000000e+00 1.000000000000000000e+00
8.006326109170913696e-02 -5.088548660278320312e-01 8.571211099624633789e-01 2.633012443229876265e+00
-9.906335473060607910e-01 -1.360382884740829468e-01 1.177141070365905762e-02 6.015744465344072811e-01
1.106113418936729431e-01 -8.500354290008544922e-01 -5.149804949760437012e-01 -1.521715362982708486e+00
0.000000000000000000e+00 0.000000000000000000e+00 0.000000000000000000e+00 1.000000000000000000e+00
1.559420526027679443e-01 -5.201192498207092285e-01 8.397372364997863770e-01 2.518435143090210993e+00
-9.874546527862548828e-01 -1.034344881772994995e-01 1.193080097436904907e-01 9.210868621771159948e-01
2.480337396264076233e-02 -8.478072285652160645e-01 -5.297240018844604492e-01 -1.499336744757224116e+00
0.000000000000000000e+00 0.000000000000000000e+00 0.000000000000000000e+00 1.000000000000000000e+00
2.622901499271392822e-01 -5.836185216903686523e-01 7.685005664825439453e-01 2.235983230829723833e+00
-9.604557156562805176e-01 -8.078097552061080933e-02 2.664574980735778809e-01 1.342300238998523465e+00
-9.342920035123825073e-02 -8.080001473426818848e-01 -5.817276835441589355e-01 -1.559210817221321488e+00
0.000000000000000000e+00 0.000000000000000000e+00 0.000000000000000000e+00 1.000000000000000000e+00
3.213934004306793213e-01 -6.215571761131286621e-01 7.144043445587158203e-01 2.045550501335386961e+00
-9.293478727340698242e-01 -6.226679682731628418e-02 3.639170229434967041e-01 1.607691453987928343e+00
-1.817114651203155518e-01 -7.808905243873596191e-01 -5.976547598838806152e-01 -1.545455746458814339e+00
0.000000000000000000e+00 0.000000000000000000e+00 0.000000000000000000e+00 1.000000000000000000e+00
3.631950914859771729e-01 -6.451092958450317383e-01 6.722524762153625488e-01 1.893610612198886711e+00
-8.913118243217468262e-01 -3.040190227329730988e-02 4.523707926273345947e-01 1.837448569854843283e+00
-2.713907957077026367e-01 -7.634854316711425781e-01 -5.860354900360107422e-01 -1.446879394969155186e+00
0.000000000000000000e+00 0.000000000000000000e+00 0.000000000000000000e+00 1.000000000000000000e+00
4.224541485309600830e-01 -6.448053121566772461e-01 6.369918584823608398e-01 1.741548895431556110e+00
-8.398965597152709961e-01 -1.428695395588874817e-02 5.425586700439453125e-01 2.058592210078770357e+00
-3.407439291477203369e-01 -7.642133831977844238e-01 -5.476051568984985352e-01 -1.269556035996909360e+00
0.000000000000000000e+00 0.000000000000000000e+00 0.000000000000000000e+00 1.000000000000000000e+00
5.206821560859680176e-01 -6.411861777305603027e-01 5.637114048004150391e-01 1.470151150534775297e+00
-7.323721647262573242e-01 3.889765124768018723e-03 6.808935403823852539e-01 2.362839678766452067e+00
-4.387719929218292236e-01 -7.673757672309875488e-01 -4.675614237785339355e-01 -9.381092725025166335e-01
0.000000000000000000e+00 0.000000000000000000e+00 0.000000000000000000e+00 1.000000000000000000e+00
6.209492683410644531e-01 -6.826899647712707520e-01 3.851695060729980469e-01 8.795002358824102195e-01
-5.815045237541198730e-01 -7.170499116182327271e-02 8.103767037391662598e-01 2.657508846644216050e+00
-5.256181955337524414e-01 -7.271806001663208008e-01 -4.415127336978912354e-01 -7.921503887980769765e-01
0.000000000000000000e+00 0.000000000000000000e+00 0.000000000000000000e+00 1.000000000000000000e+00
6.426756381988525391e-01 -7.173913717269897461e-01 2.689200639724731445e-01 5.617153788156226124e-01
-4.898540079593658447e-01 -1.148829832673072815e-01 8.642020225524902344e-01 2.756195850183621232e+00
-5.890765786170959473e-01 -6.871330142021179199e-01 -4.252496063709259033e-01 -7.045505274850828448e-01
0.000000000000000000e+00 0.000000000000000000e+00 0.000000000000000000e+00 1.000000000000000000e+00
6.033644676208496094e-01 -7.711590528488159180e-01 2.031381875276565552e-01 4.319436689533902585e-01
-3.993000686168670654e-01 -7.164772599935531616e-02 9.140163064002990723e-01 2.843402082696207867e+00
-6.902978420257568359e-01 -6.325981616973876953e-01 -3.511535227298736572e-01 -4.665462121959588204e-01
0.000000000000000000e+00 0.000000000000000000e+00 0.000000000000000000e+00 1.000000000000000000e+00
4.337365329265594482e-01 -8.995853066444396973e-01 5.117281526327133179e-02 1.500217431041773186e-01
-2.210560739040374756e-01 -5.118134617805480957e-02 9.739171266555786133e-01 2.921063541142129516e+00
-8.735026121139526367e-01 -4.337354898452758789e-01 -2.210580408573150635e-01 -8.678815326437276656e-02
0.000000000000000000e+00 0.000000000000000000e+00 0.000000000000000000e+00 1.000000000000000000e+00
3.052448928356170654e-01 -9.474828839302062988e-01 -9.540351480245590210e-02 -2.305542114217361827e-01
-2.637011110782623291e-01 -1.803693920373916626e-01 9.475908279418945312e-01 2.931114941551275166e+00
-9.150339961051940918e-01 -2.640892863273620605e-01 -3.049094080924987793e-01 -3.857189944676848170e-01
0.000000000000000000e+00 0.000000000000000000e+00 0.000000000000000000e+00 1.000000000000000000e+00
2.966814935207366943e-01 -9.546084403991699219e-01 2.650140784680843353e-02 1.483763026290771669e-01
-3.758792877197265625e-01 -9.121829271316528320e-02 9.221683144569396973e-01 2.874552980192184304e+00
-8.778921365737915039e-01 -2.835515439510345459e-01 -3.858805000782012939e-01 -6.168525694047947150e-01
0.000000000000000000e+00 0.000000000000000000e+00 0.000000000000000000e+00 1.000000000000000000e+00
2.794865369796752930e-01 -9.596063494682312012e-01 3.229127451777458191e-02 2.179903424109354559e-01
-4.707581102848052979e-01 -1.076420769095420837e-01 8.756710886955261230e-01 2.774795328390891935e+00
-8.368235826492309570e-01 -2.599395513534545898e-01 -4.818270504474639893e-01 -9.256763005762890240e-01
0.000000000000000000e+00 0.000000000000000000e+00 0.000000000000000000e+00 1.000000000000000000e+00
