-0.4321627914905548 0.8258435726165771 0.3622398376464844 -0.07278937101364136 
0.8147343993186951 0.1853628158569336 0.549407422542572 -0.2333869338035583 
0.3865787982940674 0.5325627326965332 -0.7529500722885132 0.2295217216014862 
0 0 0 1 

-0.6138535141944885 0.7869367003440857 0.062563456594944 0.02985275723040104 
0.4771706461906433 0.3067459464073181 0.823538064956665 -0.2997629642486572 
0.6288812756538391 0.5353853702545166 -0.5638000965118408 0.1587990671396255 
0 0 0 1 

0.05123039707541466 0.9710719585418701 0.2332262694835663 -0.07061925530433655 
0.764032781124115 -0.1885012239217758 0.6170259118080139 -0.2721390724182129 
0.6431400775909424 0.1465820372104645 -0.7515879273414612 0.2148447483778 
0 0 0 1 

0.1354161500930786 0.9651283025741577 0.2240298390388489 -0.07272271066904068 
0.8036765456199646 -0.2392370700836182 0.5448567867279053 -0.2533654570579529 
0.57945317029953 0.1062652692198753 -0.8080475926399231 0.2376612424850464 
0 0 0 1 

0.2471835762262344 0.9497867226600647 0.1918469965457916 -0.07033719122409821 
0.8230497241020203 -0.3102899789810181 0.4757192730903625 -0.2340834736824036 
0.5113601684570312 0.04030974209308624 -0.8584201335906982 0.2589959800243378 
0 0 0 1 

-0.6354631185531616 0.7382221817970276 0.2263066917657852 -0.02505430020391941 
0.7206934690475464 0.4618951380252838 0.5169659852981567 -0.19837786257267 
0.2771057784557343 0.4916105568408966 -0.825549304485321 0.276739090681076 
0 0 0 1 

-0.6878114342689514 0.6749393939971924 0.2671568691730499 -0.03668327629566193 
0.6626504063606262 0.4335731267929077 0.6106626987457275 -0.2268844097852707 
0.2963281571865082 0.5970522165298462 -0.7454653978347778 0.2523469626903534 
0 0 0 1 

-0.7238139510154724 0.6415762305259705 0.2539162933826447 -0.03105339594185352 
0.5950222015380859 0.3940674960613251 0.7004708647727966 -0.2542908191680908 
0.3493452966213226 0.6580963730812073 -0.6669836640357971 0.2258458882570267 
0 0 0 1 

-0.7552218437194824 0.6200117468833923 0.2126623839139938 -0.01581201702356339 
0.492792546749115 0.3231451809406281 0.8079187273979187 -0.2887505888938904 
0.4321982860565186 0.7149563431739807 -0.5495834946632385 0.1837938874959946 
0 0 0 1 

-0.6492875218391418 0.7493650913238525 0.1299124658107758 0.009084436111152172 
0.3931144177913666 0.1844485998153687 0.9007993936538696 -0.3249301016330719 
0.6510655879974365 0.6359484195709229 -0.4143463969230652 0.1206956133246422 
0 0 0 1 

