1.000000000000000000e+00 0.000000000000000000e+00 0.000000000000000000e+00 -3.619798645377159119e-02
0.000000000000000000e+00 1.000000000000000000e+00 0.000000000000000000e+00 -1.327119767665863037e-03
0.000000000000000000e+00 0.000000000000000000e+00 1.000000000000000000e+00 -2.960163652896881104e-01
0.000000000000000000e+00 0.000000000000000000e+00 0.000000000000000000e+00 1.000000000000000000e+00
9.899965524673461914e-01 1.381547749042510986e-01 2.863323502242565155e-02 -4.804596677422523499e-02
-1.364037394523620605e-01 9.890662431716918945e-01 -5.605219677090644836e-02 2.812319435179233551e-02
-3.606409579515457153e-02 5.158578976988792419e-02 9.980173110961914062e-01 -2.961895763874053955e-01
0.000000000000000000e+00 0.000000000000000000e+00 0.000000000000000000e+00 1.000000000000000000e+00
9.696056246757507324e-01 2.373202592134475708e-01 5.953098833560943604e-02 -5.768205225467681885e-02
-2.303621619939804077e-01 9.674514532089233398e-01 -1.047414988279342651e-01 5.393435806035995483e-02
-8.245067298412322998e-02 8.784423023462295532e-02 9.927157759666442871e-01 -2.932060360908508301e-01
0.000000000000000000e+00 0.000000000000000000e+00 0.000000000000000000e+00 1.000000000000000000e+00
9.376797676086425781e-01 3.390916287899017334e-01 7.598055154085159302e-02 -6.157429143786430359e-02
-3.262612521648406982e-01 9.343362450599670410e-01 -1.434189230203628540e-01 7.471732050180435181e-02
-1.196236386895179749e-01 1.096914857625961304e-01 9.867411255836486816e-01 -2.892344892024993896e-01
0.000000000000000000e+00 0.000000000000000000e+00 0.000000000000000000e+00 1.000000000000000000e+00
8.911228775978088379e-01 4.531385004520416260e-01 2.377867512404918671e-02 -3.999744355678558350e-02
-4.429822266101837158e-01 8.801125288009643555e-01 -1.707875430583953857e-01 8.997899293899536133e-02
-9.831838309764862061e-02 1.416591703891754150e-01 9.850210547447204590e-01 -2.894982099533081055e-01
0.000000000000000000e+00 0.000000000000000000e+00 0.000000000000000000e+00 1.000000000000000000e+00
8.294650316238403320e-01 5.584069490432739258e-01 1.302446983754634857e-02 -3.100761398673057556e-02
-5.462351441383361816e-01 8.158149719238281250e-01 -1.899292469024658203e-01 1.023173332214355469e-01
-1.166834458708763123e-01 1.504251956939697266e-01 9.817114472389221191e-01 -2.884718775749206543e-01
0.000000000000000000e+00 0.000000000000000000e+00 0.000000000000000000e+00 1.000000000000000000e+00
7.459330558776855469e-01 6.656054258346557617e-01 -2.352477423846721649e-02 -1.248967181891202927e-02
-6.586788892745971680e-01 7.320193648338317871e-01 -1.740391552448272705e-01 1.014866754412651062e-01
-9.862079471349716187e-02 1.453166902065277100e-01 9.844575524330139160e-01 -2.919597923755645752e-01
0.000000000000000000e+00 0.000000000000000000e+00 0.000000000000000000e+00 1.000000000000000000e+00
6.890807747840881348e-01 7.225223779678344727e-01 -5.594028905034065247e-02 1.220799051225185394e-03
-7.231808900833129883e-01 6.806284785270690918e-01 -1.172779500484466553e-01 8.284971117973327637e-02
-4.666141793131828308e-02 1.212689504027366638e-01 9.915225505828857422e-01 -2.990687787532806396e-01
0.000000000000000000e+00 0.000000000000000000e+00 0.000000000000000000e+00 1.000000000000000000e+00
5.875779390335083008e-01 8.090717196464538574e-01 -1.245137862861156464e-02 -9.115963242948055267e-03
-8.077041506767272949e-01 5.855207443237304688e-01 -6.913631409406661987e-02 6.802301108837127686e-02
-4.864567518234252930e-02 5.067998543381690979e-02 9.975294470787048340e-01 -3.070140779018402100e-01
0.000000000000000000e+00 0.000000000000000000e+00 0.000000000000000000e+00 1.000000000000000000e+00
5.023025870323181152e-01 8.645773530006408691e-01 -1.405867561697959900e-02 -4.048960283398628235e-03
-8.636978268623352051e-01 5.008795857429504395e-01 -5.608377233147621155e-02 6.361510604619979858e-02
-4.144708439707756042e-02 4.031346365809440613e-02 9.983276128768920898e-01 -3.106407523155212402e-01
0.000000000000000000e+00 0.000000000000000000e+00 0.000000000000000000e+00 1.000000000000000000e+00
4.015744924545288086e-01 9.150813221931457520e-01 -3.694014996290206909e-02 8.190386928617954254e-03
-9.157604575157165527e-01 4.017017781734466553e-01 -4.234855994582176208e-03 4.564305022358894348e-02
1.096368394792079926e-02 3.552895039319992065e-02 9.993084669113159180e-01 -3.152561187744140625e-01
0.000000000000000000e+00 0.000000000000000000e+00 0.000000000000000000e+00 1.000000000000000000e+00
2.950250804424285889e-01 9.546909332275390625e-01 -3.904892131686210632e-02 1.361651252955198288e-02
-9.546591639518737793e-01 2.962257862091064453e-01 2.959545515477657318e-02 3.254120424389839172e-02
3.982182592153549194e-02 2.854702994227409363e-02 9.987990856170654297e-01 -3.176760673522949219e-01
0.000000000000000000e+00 0.000000000000000000e+00 0.000000000000000000e+00 1.000000000000000000e+00
1.769938021898269653e-01 9.825285673141479492e-01 -5.754252523183822632e-02 2.477623522281646729e-02
-9.822738170623779297e-01 1.800103932619094849e-01 5.229188501834869385e-02 2.370147965848445892e-02
6.173649430274963379e-02 4.726716503500938416e-02 9.969725608825683594e-01 -3.183394372463226318e-01
0.000000000000000000e+00 0.000000000000000000e+00 0.000000000000000000e+00 1.000000000000000000e+00
1.006820723414421082e-01 9.923070669174194336e-01 -7.204198837280273438e-02 3.253825008869171143e-02
-9.908840656280517578e-01 1.065250933170318604e-01 8.246926218271255493e-02 1.252642739564180374e-02
8.950909972190856934e-02 6.308206170797348022e-02 9.939861297607421875e-01 -3.180418610572814941e-01
0.000000000000000000e+00 0.000000000000000000e+00 0.000000000000000000e+00 1.000000000000000000e+00
1.374164596199989319e-02 9.966382384300231934e-01 -8.076786994934082031e-02 4.044615104794502258e-02
-9.974182248115539551e-01 1.935679279267787933e-02 6.915597617626190186e-02 1.855287514626979828e-02
7.048691809177398682e-02 7.960899919271469116e-02 9.943311214447021484e-01 -3.118076622486114502e-01
0.000000000000000000e+00 0.000000000000000000e+00 0.000000000000000000e+00 1.000000000000000000e+00
-8.364579081535339355e-02 9.143568277359008789e-01 -3.961749076843261719e-01 1.509603112936019897e-01
-9.907985329627990723e-01 -3.386132046580314636e-02 1.310405284166336060e-01 -1.651010825298726559e-03
1.064026802778244019e-01 4.034906327724456787e-01 9.087756872177124023e-01 -2.788999676704406738e-01
0.000000000000000000e+00 0.000000000000000000e+00 0.000000000000000000e+00 1.000000000000000000e+00
-1.587001830339431763e-01 8.866999745368957520e-01 -4.342542886734008789e-01 1.650896370410919189e-01
-9.766739010810852051e-01 -7.655304670333862305e-02 2.006167620420455933e-01 -2.574945613741874695e-02
1.446434557437896729e-01 4.559626281261444092e-01 8.781661987304687500e-01 -2.700763344764709473e-01
0.000000000000000000e+00 0.000000000000000000e+00 0.000000000000000000e+00 1.000000000000000000e+00
-1.325510442256927490e-01 8.299418687820434570e-01 -5.418733358383178711e-01 1.930900961160659790e-01
-9.911381602287292480e-01 -1.157945469021797180e-01 6.509571522474288940e-02 1.805276796221733093e-02
-8.720309473574161530e-03 5.456995964050292969e-01 8.379353284835815430e-01 -2.493647783994674683e-01
0.000000000000000000e+00 0.000000000000000000e+00 0.000000000000000000e+00 1.000000000000000000e+00
-8.199910819530487061e-02 7.529914379119873047e-01 -6.529011130332946777e-01 2.179201245307922363e-01
-9.949056506156921387e-01 -2.330284193158149719e-02 9.807695448398590088e-02 1.090826839208602905e-02
5.863666534423828125e-02 6.576173901557922363e-01 7.510663866996765137e-01 -2.311529517173767090e-01
0.000000000000000000e+00 0.000000000000000000e+00 0.000000000000000000e+00 1.000000000000000000e+00
-5.555402860045433044e-02 5.844029188156127930e-01 -8.095597028732299805e-01 2.638622224330902100e-01
-9.846050739288330078e-01 1.025197505950927734e-01 1.415726542472839355e-01 -3.173929406329989433e-03
1.657314449548721313e-01 8.049616217613220215e-01 5.697107315063476562e-01 -1.744266897439956665e-01
0.000000000000000000e+00 0.000000000000000000e+00 0.000000000000000000e+00 1.000000000000000000e+00
-1.197935864329338074e-01 4.520136713981628418e-01 -8.839306831359863281e-01 2.858051657676696777e-01
-9.850940108299255371e-01 5.659043788909912109e-02 1.624422669410705566e-01 -1.338758692145347595e-02
1.234479844570159912e-01 8.902139067649841309e-01 4.384966194629669189e-01 -1.283868700265884399e-01
0.000000000000000000e+00 0.000000000000000000e+00 0.000000000000000000e+00 1.000000000000000000e+00
-1.904558837413787842e-01 3.336050808429718018e-01 -9.232735633850097656e-01 2.996150553226470947e-01
-9.756141304969787598e-01 4.020005464553833008e-02 2.157783210277557373e-01 -3.075633384287357330e-02
1.091003939509391785e-01 9.418550133705139160e-01 3.178136944770812988e-01 -8.982983231544494629e-02
0.000000000000000000e+00 0.000000000000000000e+00 0.000000000000000000e+00 1.000000000000000000e+00
-2.729276716709136963e-01 2.000631541013717651e-01 -9.410023093223571777e-01 3.085485398769378662e-01
-9.596141576766967773e-01 1.272169500589370728e-02 2.810305356979370117e-01 -5.238451808691024780e-02
6.819495558738708496e-02 9.797005653381347656e-01 1.885115355253219604e-01 -4.692773893475532532e-02
0.000000000000000000e+00 0.000000000000000000e+00 0.000000000000000000e+00 1.000000000000000000e+00
-1.857228726148605347e-01 -8.152137994766235352e-01 -5.485743880271911621e-01 1.785841584205627441e-01
-9.486431479454040527e-01 3.255483927205204964e-03 3.163307905197143555e-01 -6.182024627923965454e-02
-2.560912370681762695e-01 5.791518092155456543e-01 -7.739512324333190918e-01 2.726433873176574707e-01
0.000000000000000000e+00 0.000000000000000000e+00 0.000000000000000000e+00 1.000000000000000000e+00
-1.643044501543045044e-01 -8.650502562522888184e-01 -4.740177690982818604e-01 1.532384157180786133e-01
-9.691484570503234863e-01 5.206271633505821228e-02 2.409158796072006226e-01 -3.817339241504669189e-02
-1.837256848812103271e-01 4.989774227142333984e-01 -8.469160199165344238e-01 2.911085784435272217e-01
0.000000000000000000e+00 0.000000000000000000e+00 0.000000000000000000e+00 1.000000000000000000e+00
-8.783048391342163086e-02 -8.508247137069702148e-01 -5.180561542510986328e-01 1.603866070508956909e-01
-9.899933338165283203e-01 1.689438894391059875e-02 1.400968581438064575e-01 -3.654738655313849449e-03
-1.104457527399063110e-01 5.251770615577697754e-01 -8.437948226928710938e-01 2.856129407882690430e-01
0.000000000000000000e+00 0.000000000000000000e+00 0.000000000000000000e+00 1.000000000000000000e+00
2.280266582965850830e-02 -8.564217686653137207e-01 -5.157722234725952148e-01 1.497552096843719482e-01
-9.990926384925842285e-01 -3.808147832751274109e-02 1.906292699277400970e-02 3.743957728147506714e-02
-3.596737235784530640e-02 5.148698091506958008e-01 -8.565135002136230469e-01 2.845364809036254883e-01
0.000000000000000000e+00 0.000000000000000000e+00 0.000000000000000000e+00 1.000000000000000000e+00
5.535615608096122742e-02 -8.578582406044006348e-01 -5.108960270881652832e-01 1.451696902513504028e-01
-9.944991469383239746e-01 -1.804307335987687111e-03 -1.047254502773284912e-01 7.737278193235397339e-02
8.891782164573669434e-02 5.138829350471496582e-01 -8.532391786575317383e-01 2.751360535621643066e-01
0.000000000000000000e+00 0.000000000000000000e+00 0.000000000000000000e+00 1.000000000000000000e+00
3.102834522724151611e-02 -8.686110377311706543e-01 -4.945224225521087646e-01 1.440100967884063721e-01
-9.833458065986633301e-01 6.211289763450622559e-02 -1.707983165979385376e-01 9.007317572832107544e-02
1.790737360715866089e-01 4.915857315063476562e-01 -8.522182703018188477e-01 2.713330388069152832e-01
0.000000000000000000e+00 0.000000000000000000e+00 0.000000000000000000e+00 1.000000000000000000e+00
-3.936304152011871338e-02 -8.668317198753356934e-01 -4.970432519912719727e-01 1.525868624448776245e-01
-9.951645731925964355e-01 7.880523800849914551e-02 -5.862257257103919983e-02 5.397193878889083862e-02
8.998556435108184814e-02 4.923330545425415039e-01 -8.657432794570922852e-01 2.907353937625885010e-01
0.000000000000000000e+00 0.000000000000000000e+00 0.000000000000000000e+00 1.000000000000000000e+00
-4.470333456993103027e-02 -8.627792596817016602e-01 -5.036005377769470215e-01 1.532981842756271362e-01
-9.923229217529296875e-01 -1.983685046434402466e-02 1.220707446336746216e-01 -3.185687353834509850e-03
-1.153100132942199707e-01 5.051915049552917480e-01 -8.552692532539367676e-01 3.055679798126220703e-01
0.000000000000000000e+00 0.000000000000000000e+00 0.000000000000000000e+00 1.000000000000000000e+00
1.279383599758148193e-01 -8.464472889900207520e-01 -5.168741345405578613e-01 1.442905366420745850e-01
-9.857286810874938965e-01 -1.660169959068298340e-01 2.788335457444190979e-02 2.621472068130970001e-02
-1.094117388129234314e-01 5.059301257133483887e-01 -8.556074500083923340e-01 3.075944185256958008e-01
0.000000000000000000e+00 0.000000000000000000e+00 0.000000000000000000e+00 1.000000000000000000e+00
2.233153581619262695e-01 -7.966374754905700684e-01 -5.616926550865173340e-01 1.441192030906677246e-01
-9.452864527702331543e-01 -3.175937831401824951e-01 7.461430132389068604e-02 1.023309025913476944e-02
-2.378308326005935669e-01 5.142981410026550293e-01 -8.239743709564208984e-01 3.031141161918640137e-01
0.000000000000000000e+00 0.000000000000000000e+00 0.000000000000000000e+00 1.000000000000000000e+00
3.369186520576477051e-01 -7.270561456680297852e-01 -5.982269048690795898e-01 1.406463086605072021e-01
-9.089440107345581055e-01 -4.168846309185028076e-01 -5.251157563179731369e-03 3.404882550239562988e-02
-2.455737888813018799e-01 5.455236434936523438e-01 -8.013094067573547363e-01 2.906364500522613525e-01
0.000000000000000000e+00 0.000000000000000000e+00 0.000000000000000000e+00 1.000000000000000000e+00
3.576092720031738281e-01 -7.147131562232971191e-01 -6.010833978652954102e-01 1.391877532005310059e-01
-9.193851351737976074e-01 -3.823699951171875000e-01 -9.232623130083084106e-02 6.284981966018676758e-02
-1.638494580984115601e-01 5.856435298919677734e-01 -7.938352823257446289e-01 2.806089520454406738e-01
0.000000000000000000e+00 0.000000000000000000e+00 0.000000000000000000e+00 1.000000000000000000e+00
3.684777319431304932e-01 -7.120392918586730957e-01 -5.976821780204772949e-01 1.375462412834167480e-01
-9.262077212333679199e-01 -3.363552689552307129e-01 -1.703055799007415771e-01 8.796709030866622925e-02
-7.976938784122467041e-02 6.163318753242492676e-01 -7.834358215332031250e-01 2.701516449451446533e-01
0.000000000000000000e+00 0.000000000000000000e+00 0.000000000000000000e+00 1.000000000000000000e+00
5.386812686920166016e-01 -6.016098260879516602e-01 -5.898196101188659668e-01 1.294393986463546753e-01
-8.381443023681640625e-01 -4.538355171680450439e-01 -3.025675714015960693e-01 1.231340542435646057e-01
-8.565359562635421753e-02 6.573416590690612793e-01 -7.487087845802307129e-01 2.583574056625366211e-01
0.000000000000000000e+00 0.000000000000000000e+00 0.000000000000000000e+00 1.000000000000000000e+00
6.839839220046997070e-01 -4.183600842952728271e-01 -5.976126194000244141e-01 1.273078322410583496e-01
-7.082620263099670410e-01 -5.770595073699951172e-01 -4.066532552242279053e-01 1.529415398836135864e-01
-1.747306436300277710e-01 7.014105319976806641e-01 -6.910079717636108398e-01 2.545163333415985107e-01
0.000000000000000000e+00 0.000000000000000000e+00 0.000000000000000000e+00 1.000000000000000000e+00
7.095837593078613281e-01 -3.370395898818969727e-01 -6.187852025032043457e-01 1.303133517503738403e-01
-6.444407701492309570e-01 -6.655423045158386230e-01 -3.764962852001190186e-01 1.421192884445190430e-01
-2.849336862564086914e-01 6.659261584281921387e-01 -6.894595623016357422e-01 2.645431458950042725e-01
0.000000000000000000e+00 0.000000000000000000e+00 0.000000000000000000e+00 1.000000000000000000e+00
7.542945146560668945e-01 -2.505271136760711670e-01 -6.068575978279113770e-01 1.314770877361297607e-01
-5.659304857254028320e-01 -7.166689634323120117e-01 -4.075636863708496094e-01 1.441963016986846924e-01
-3.328103423118591309e-01 6.508623361587524414e-01 -6.823600530624389648e-01 2.619630694389343262e-01
0.000000000000000000e+00 0.000000000000000000e+00 0.000000000000000000e+00 1.000000000000000000e+00
7.517132759094238281e-01 -2.497849315404891968e-01 -6.103557944297790527e-01 1.390309631824493408e-01
-5.347586274147033691e-01 -7.724962234497070312e-01 -3.424675762653350830e-01 1.156836748123168945e-01
-3.859539628028869629e-01 5.838302969932556152e-01 -7.142697572708129883e-01 2.750638723373413086e-01
0.000000000000000000e+00 0.000000000000000000e+00 0.000000000000000000e+00 1.000000000000000000e+00
7.360257506370544434e-01 -3.438825607299804688e-01 -5.831042528152465820e-01 1.389305591583251953e-01
-5.818752646446228027e-01 -7.615786194801330566e-01 -2.853384017944335938e-01 9.430562704801559448e-02
-3.459569513797760010e-01 5.493112206459045410e-01 -7.606385350227355957e-01 2.874206900596618652e-01
0.000000000000000000e+00 0.000000000000000000e+00 0.000000000000000000e+00 1.000000000000000000e+00
8.138905167579650879e-01 -1.871680915355682373e-01 -5.500458478927612305e-01 1.324107944965362549e-01
-5.266559123992919922e-01 -6.374829411506652832e-01 -5.623601675033569336e-01 1.821934431791305542e-01
-2.453890442848205566e-01 7.473844289779663086e-01 -6.174144148826599121e-01 2.473102658987045288e-01
0.000000000000000000e+00 0.000000000000000000e+00 0.000000000000000000e+00 1.000000000000000000e+00
8.532450795173645020e-01 -1.161283329129219055e-01 -5.084157586097717285e-01 1.176176816225051880e-01
-4.730964004993438721e-01 -5.825656056404113770e-01 -6.609053611755371094e-01 2.143318206071853638e-01
-2.194360643625259399e-01 8.044440150260925293e-01 -5.520113706588745117e-01 2.246261090040206909e-01
0.000000000000000000e+00 0.000000000000000000e+00 0.000000000000000000e+00 1.000000000000000000e+00
8.749890327453613281e-01 -2.733455039560794830e-02 -4.833707809448242188e-01 1.097478270530700684e-01
-4.277536273002624512e-01 -5.112789273262023926e-01 -7.453992962837219238e-01 2.426695674657821655e-01
-2.267623096704483032e-01 8.589796423912048340e-01 -4.590562880039215088e-01 1.947487741708755493e-01
0.000000000000000000e+00 0.000000000000000000e+00 0.000000000000000000e+00 1.000000000000000000e+00
8.869866728782653809e-01 1.142764165997505188e-01 -4.474319219589233398e-01 9.901730716228485107e-02
-3.649566471576690674e-01 -4.201957285404205322e-01 -8.308081030845642090e-01 2.709866762161254883e-01
-2.829507887363433838e-01 9.002087712287902832e-01 -3.310021162033081055e-01 1.553823053836822510e-01
0.000000000000000000e+00 0.000000000000000000e+00 0.000000000000000000e+00 1.000000000000000000e+00
9.435448050498962402e-01 -2.911321818828582764e-01 -1.580034494400024414e-01 -3.576569491997361183e-03
-2.487431913614273071e-01 -3.077400624752044678e-01 -9.183803796768188477e-01 2.939647138118743896e-01
2.187461853027343750e-01 9.058353900909423828e-01 -3.627837896347045898e-01 1.353066116571426392e-01
0.000000000000000000e+00 0.000000000000000000e+00 0.000000000000000000e+00 1.000000000000000000e+00
9.692456126213073730e-01 -2.005694657564163208e-01 -1.425998955965042114e-01 -8.469448424875736237e-03
-1.876844018697738647e-01 -2.276539951562881470e-01 -9.554833769798278809e-01 3.031718730926513672e-01
1.591773480176925659e-01 9.528619050979614258e-01 -2.582964003086090088e-01 1.030120253562927246e-01
0.000000000000000000e+00 0.000000000000000000e+00 0.000000000000000000e+00 1.000000000000000000e+00
9.847403764724731445e-01 -1.114178299903869629e-01 -1.336878836154937744e-01 -9.954533539712429047e-03
-1.465916037559509277e-01 -1.170356422662734985e-01 -9.822492599487304688e-01 3.095135688781738281e-01
9.379385411739349365e-02 9.868581295013427734e-01 -1.315825879573822021e-01 6.349978595972061157e-02
0.000000000000000000e+00 0.000000000000000000e+00 0.000000000000000000e+00 1.000000000000000000e+00
9.457748532295227051e-01 -3.048710525035858154e-01 -1.120878085494041443e-01 -1.873656362295150757e-02
-1.365062743425369263e-01 -5.992364138364791870e-02 -9.888252615928649902e-01 3.099835515022277832e-01
2.947475016117095947e-01 9.505069851875305176e-01 -9.829114377498626709e-02 3.965789824724197388e-02
0.000000000000000000e+00 0.000000000000000000e+00 0.000000000000000000e+00 1.000000000000000000e+00
9.894334077835083008e-01 1.082304492592811584e-01 -9.647875279188156128e-02 -2.120164036750793457e-02
-1.002316325902938843e-01 2.977540716528892517e-02 -9.945183992385864258e-01 3.088697493076324463e-01
-1.047645583748817444e-01 9.936795830726623535e-01 4.030885919928550720e-02 1.336517091840505600e-02
0.000000000000000000e+00 0.000000000000000000e+00 0.000000000000000000e+00 1.000000000000000000e+00
9.975275397300720215e-01 -5.849547684192657471e-03 -7.003454864025115967e-02 -3.124958649277687073e-02
-6.878934055566787720e-02 1.227832958102226257e-01 -9.900467395782470703e-01 3.034363985061645508e-01
1.439039967954158783e-02 9.924162626266479492e-01 1.220772042870521545e-01 -2.318373881280422211e-02
0.000000000000000000e+00 0.000000000000000000e+00 0.000000000000000000e+00 1.000000000000000000e+00
9.770255684852600098e-01 1.565764099359512329e-01 -1.445855200290679932e-01 -8.103857748210430145e-03
-1.701908707618713379e-01 1.648568660020828247e-01 -9.715231657028198242e-01 3.054720759391784668e-01
-1.282816976308822632e-01 9.738100171089172363e-01 1.877172291278839111e-01 -2.588721364736557007e-02
0.000000000000000000e+00 0.000000000000000000e+00 0.000000000000000000e+00 1.000000000000000000e+00
6.931772828102111816e-01 7.174274921417236328e-01 -6.930332630872726440e-02 -5.285677965730428696e-03
-2.707749307155609131e-01 1.700943112373352051e-01 -9.474961161613464355e-01 3.077950477600097656e-01
-6.679719686508178711e-01 6.755482554435729980e-01 3.121668696403503418e-01 -3.527449443936347961e-02
0.000000000000000000e+00 0.000000000000000000e+00 0.000000000000000000e+00 1.000000000000000000e+00
5.524981021881103516e-01 8.334988355636596680e-01 -5.138061475008726120e-03 -7.919264025986194611e-03
-3.690699338912963867e-01 2.391076385974884033e-01 -8.981171846389770508e-01 3.072533309459686279e-01
-7.473508119583129883e-01 4.981044232845306396e-01 4.397259354591369629e-01 -7.060392200946807861e-02
0.000000000000000000e+00 0.000000000000000000e+00 0.000000000000000000e+00 1.000000000000000000e+00
5.373476743698120117e-01 8.397510051727294922e-01 7.794525474309921265e-02 -3.381599113345146179e-02
-3.981035649776458740e-01 3.340432047843933105e-01 -8.543579578399658203e-01 2.996625304222106934e-01
-7.434852719306945801e-01 4.280575513839721680e-01 5.138052105903625488e-01 -9.657701849937438965e-02
0.000000000000000000e+00 0.000000000000000000e+00 0.000000000000000000e+00 1.000000000000000000e+00
8.837761282920837402e-01 2.007357925176620483e-01 -4.226642251014709473e-01 8.609619736671447754e-02
-4.675108790397644043e-01 4.161246418952941895e-01 -7.799189090728759766e-01 2.865729033946990967e-01
1.932322047650814056e-02 8.868736624717712402e-01 4.616071581840515137e-01 -1.151260957121849060e-01
0.000000000000000000e+00 0.000000000000000000e+00 0.000000000000000000e+00 1.000000000000000000e+00
8.757836222648620605e-01 1.942143440246582031e-01 -4.419100880622863770e-01 9.306182712316513062e-02
-4.758750498294830322e-01 5.008360743522644043e-01 -7.229835987091064453e-01 2.693831324577331543e-01
8.091060072183609009e-02 8.434712886810302734e-01 5.310457944869995117e-01 -1.434707492589950562e-01
0.000000000000000000e+00 0.000000000000000000e+00 0.000000000000000000e+00 1.000000000000000000e+00
8.631135821342468262e-01 1.622413247823715210e-01 -4.782385528087615967e-01 1.044915840029716492e-01
-4.756489694118499756e-01 5.793573856353759766e-01 -6.618937253952026367e-01 2.527646422386169434e-01
1.696844995021820068e-01 7.987630367279052734e-01 5.772208571434020996e-01 -1.614845693111419678e-01
0.000000000000000000e+00 0.000000000000000000e+00 0.000000000000000000e+00 1.000000000000000000e+00
8.474476337432861328e-01 1.196570843458175659e-01 -5.172179937362670898e-01 1.140556931495666504e-01
-4.507665038108825684e-01 6.768333315849304199e-01 -5.819845199584960938e-01 2.287760823965072632e-01
2.804317772388458252e-01 7.263460755348205566e-01 6.275179982185363770e-01 -1.840550154447555542e-01
0.000000000000000000e+00 0.000000000000000000e+00 0.000000000000000000e+00 1.000000000000000000e+00
8.350623846054077148e-01 1.288708746433258057e-01 -5.348486304283142090e-01 1.212469786405563354e-01
-4.429391622543334961e-01 7.341014742851257324e-01 -5.146826505661010742e-01 2.087638527154922485e-01
3.263056874275207520e-01 6.666979193687438965e-01 6.701032519340515137e-01 -2.017451077699661255e-01
0.000000000000000000e+00 0.000000000000000000e+00 0.000000000000000000e+00 1.000000000000000000e+00
8.068429231643676758e-01 1.742603629827499390e-01 -5.644791722297668457e-01 1.341871917247772217e-01
-4.563370943069458008e-01 7.906587123870849609e-01 -4.081844389438629150e-01 1.776779890060424805e-01
3.751801252365112305e-01 5.869343280792236328e-01 7.174594998359680176e-01 -2.218227982521057129e-01
0.000000000000000000e+00 0.000000000000000000e+00 0.000000000000000000e+00 1.000000000000000000e+00
7.793962955474853516e-01 2.162365615367889404e-01 -5.880334973335266113e-01 1.453938782215118408e-01
-4.545989334583282471e-01 8.410317301750183105e-01 -2.932672500610351562e-01 1.427526175975799561e-01
4.311393201351165771e-01 4.958904385566711426e-01 7.537973523139953613e-01 -2.398007363080978394e-01
0.000000000000000000e+00 0.000000000000000000e+00 0.000000000000000000e+00 1.000000000000000000e+00
7.534343600273132324e-01 2.871454954147338867e-01 -5.915097594261169434e-01 1.504922062158584595e-01
-4.623082280158996582e-01 8.710381984710693359e-01 -1.660228967666625977e-01 1.041569784283638000e-01
4.675549566745758057e-01 3.985474109649658203e-01 7.890199422836303711e-01 -2.557920813560485840e-01
0.000000000000000000e+00 0.000000000000000000e+00 0.000000000000000000e+00 1.000000000000000000e+00
7.385522127151489258e-01 3.587582111358642578e-01 -5.708175301551818848e-01 1.464092433452606201e-01
-4.377079308032989502e-01 8.991162180900573730e-01 -1.234367373399436474e-03 5.237629264593124390e-02
5.127882957458496094e-01 2.507629692554473877e-01 8.210757374763488770e-01 -2.716774344444274902e-01
0.000000000000000000e+00 0.000000000000000000e+00 0.000000000000000000e+00 1.000000000000000000e+00
7.256826758384704590e-01 4.002330303192138672e-01 -5.596413612365722656e-01 1.425311714410781860e-01
-3.732657730579376221e-01 9.123061895370483398e-01 1.684337258338928223e-01 -6.369031965732574463e-03
5.779772996902465820e-01 8.666577190160751343e-02 8.114380240440368652e-01 -2.700632810592651367e-01
0.000000000000000000e+00 0.000000000000000000e+00 0.000000000000000000e+00 1.000000000000000000e+00
7.270317077636718750e-01 4.162218570709228516e-01 -5.460631847381591797e-01 1.367086619138717651e-01
-2.956467270851135254e-01 9.075783491134643555e-01 2.981511056423187256e-01 -5.314184725284576416e-02
6.196918487548828125e-01 -5.532345175743103027e-02 7.828925251960754395e-01 -2.635360062122344971e-01
0.000000000000000000e+00 0.000000000000000000e+00 0.000000000000000000e+00 1.000000000000000000e+00
7.174869775772094727e-01 4.465111494064331055e-01 -5.346401929855346680e-01 1.329880803823471069e-01
-2.415728121995925903e-01 8.793967962265014648e-01 4.102479815483093262e-01 -9.184572845697402954e-02
6.533415317535400391e-01 -1.651930212974548340e-01 7.388208508491516113e-01 -2.514860332012176514e-01
0.000000000000000000e+00 0.000000000000000000e+00 0.000000000000000000e+00 1.000000000000000000e+00
7.125422358512878418e-01 4.663559496402740479e-01 -5.242092013359069824e-01 1.296331733465194702e-01
-1.595484614372253418e-01 8.352558612823486328e-01 5.262049436569213867e-01 -1.350103467702865601e-01
6.832479834556579590e-01 -2.913062572479248047e-01 6.695616841316223145e-01 -2.313957363367080688e-01
0.000000000000000000e+00 0.000000000000000000e+00 0.000000000000000000e+00 1.000000000000000000e+00
6.954413056373596191e-01 4.973920881748199463e-01 -5.186157822608947754e-01 1.287383437156677246e-01
-9.620209038257598877e-02 7.796683311462402344e-01 6.187584996223449707e-01 -1.698109805583953857e-01
7.121138572692871094e-01 -3.804182708263397217e-01 5.900640487670898438e-01 -2.083809375762939453e-01
0.000000000000000000e+00 0.000000000000000000e+00 0.000000000000000000e+00 1.000000000000000000e+00
7.106359004974365234e-01 5.050656795501708984e-01 -4.898009598255157471e-01 1.190093457698822021e-01
-3.361790254712104797e-02 7.197562456130981445e-01 6.934124231338500977e-01 -1.992677152156829834e-01
7.027560472488403320e-01 -4.762976169586181641e-01 5.284640192985534668e-01 -1.894759982824325562e-01
0.000000000000000000e+00 0.000000000000000000e+00 0.000000000000000000e+00 1.000000000000000000e+00
7.256268858909606934e-01 5.055276155471801758e-01 -4.668055772781372070e-01 1.108751595020294189e-01
1.521085575222969055e-02 6.664590239524841309e-01 7.453865408897399902e-01 -2.206323593854904175e-01
6.879202723503112793e-01 -5.479729175567626953e-01 4.759111404418945312e-01 -1.738047450780868530e-01
0.000000000000000000e+00 0.000000000000000000e+00 0.000000000000000000e+00 1.000000000000000000e+00
7.667090892791748047e-01 4.813039898872375488e-01 -4.248568415641784668e-01 9.466265141963958740e-02
6.354511529207229614e-02 6.016325354576110840e-01 7.962414026260375977e-01 -2.417284995317459106e-01
6.388421058654785156e-01 -6.374830603599548340e-01 4.306926727294921875e-01 -1.603326946496963501e-01
0.000000000000000000e+00 0.000000000000000000e+00 0.000000000000000000e+00 1.000000000000000000e+00
8.065475821495056152e-01 4.636168181896209717e-01 -3.667979240417480469e-01 7.366938889026641846e-02
1.016164198517799377e-01 5.025017261505126953e-01 8.585838675498962402e-01 -2.684209644794464111e-01
5.823703408241271973e-01 -7.297611236572265625e-01 3.581804037094116211e-01 -1.374155431985855103e-01
0.000000000000000000e+00 0.000000000000000000e+00 0.000000000000000000e+00 1.000000000000000000e+00
8.659910559654235840e-01 4.070475995540618896e-01 -2.904680371284484863e-01 4.703973606228828430e-02
1.236649826169013977e-01 3.884989023208618164e-01 9.131131172180175781e-01 -2.908762693405151367e-01
4.845269918441772461e-01 -8.266683816909790039e-01 2.860989868640899658e-01 -1.104372292757034302e-01
0.000000000000000000e+00 0.000000000000000000e+00 0.000000000000000000e+00 1.000000000000000000e+00
8.955267071723937988e-01 3.565867543220520020e-01 -2.662288844585418701e-01 3.650970757007598877e-02
1.604719012975692749e-01 2.992391586303710938e-01 9.405871033668518066e-01 -3.038183450698852539e-01
4.150670170783996582e-01 -8.850430250167846680e-01 2.107544094324111938e-01 -8.531592786312103271e-02
0.000000000000000000e+00 0.000000000000000000e+00 0.000000000000000000e+00 1.000000000000000000e+00
8.951348066329956055e-01 3.612450361251831055e-01 -2.612206637859344482e-01 3.486772626638412476e-02
1.966752409934997559e-01 2.058436423540115356e-01 9.586172699928283691e-01 -3.139058649539947510e-01
4.000662267208099365e-01 -9.094670414924621582e-01 1.132098808884620667e-01 -5.463054031133651733e-02
0.000000000000000000e+00 0.000000000000000000e+00 0.000000000000000000e+00 1.000000000000000000e+00
9.419349431991577148e-01 2.414296567440032959e-01 -2.333891093730926514e-01 2.116740308701992035e-02
2.120794951915740967e-01 1.111502870917320251e-01 9.709110856056213379e-01 -3.210305273532867432e-01
2.603481709957122803e-01 -9.640323519706726074e-01 5.349407717585563660e-02 -2.738401480019092560e-02
0.000000000000000000e+00 0.000000000000000000e+00 0.000000000000000000e+00 1.000000000000000000e+00
9.808030128479003906e-01 -6.535241007804870605e-02 -1.837255358695983887e-01 -8.827967103570699692e-04
1.856792867183685303e-01 2.514446526765823364e-02 9.822885394096374512e-01 -3.270417153835296631e-01
-5.957521125674247742e-02 -9.975452423095703125e-01 3.679639846086502075e-02 -8.875025669112801552e-04
0.000000000000000000e+00 0.000000000000000000e+00 0.000000000000000000e+00 1.000000000000000000e+00
9.782565236091613770e-01 1.141087114810943604e-01 -1.731853485107421875e-01 -3.767622169107198715e-03
1.814205199480056763e-01 -6.616841256618499756e-02 9.811771512031555176e-01 -3.311289846897125244e-01
1.005015522241592407e-01 -9.912621378898620605e-01 -8.543139696121215820e-02 3.420279920101165771e-02
0.000000000000000000e+00 0.000000000000000000e+00 0.000000000000000000e+00 1.000000000000000000e+00
9.823294878005981445e-01 6.785620748996734619e-02 -1.744231581687927246e-01 -2.170016057789325714e-03
1.813813298940658569e-01 -1.154151856899261475e-01 9.766163825988769531e-01 -3.316685259342193604e-01
4.613847285509109497e-02 -9.909965991973876953e-01 -1.256836205720901489e-01 5.626774951815605164e-02
0.000000000000000000e+00 0.000000000000000000e+00 0.000000000000000000e+00 1.000000000000000000e+00
9.753041267395019531e-01 1.757781505584716797e-01 -1.337307542562484741e-01 -1.415480487048625946e-02
1.479119956493377686e-01 -7.016015797853469849e-02 9.865087270736694336e-01 -3.330107033252716064e-01
1.640241593122482300e-01 -9.819266796112060547e-01 -9.442719817161560059e-02 3.632629662752151489e-02
0.000000000000000000e+00 0.000000000000000000e+00 0.000000000000000000e+00 1.000000000000000000e+00
9.755600690841674805e-01 2.088602632284164429e-01 -6.826456636190414429e-02 -3.313095122575759888e-02
5.687289685010910034e-02 6.007689237594604492e-02 9.965717196464538574e-01 -3.290192186832427979e-01
2.122456431388854980e-01 -9.760985970497131348e-01 4.673017188906669617e-02 -1.388722192496061325e-02
0.000000000000000000e+00 0.000000000000000000e+00 0.000000000000000000e+00 1.000000000000000000e+00
8.554859757423400879e-01 5.136098861694335938e-01 -6.593803316354751587e-02 -2.640514820814132690e-02
-4.159584268927574158e-02 1.950849592685699463e-01 9.799035787582397461e-01 -3.157425522804260254e-01
5.161520838737487793e-01 -8.355512619018554688e-01 1.882566958665847778e-01 -7.720690965652465820e-02
0.000000000000000000e+00 0.000000000000000000e+00 0.000000000000000000e+00 1.000000000000000000e+00
7.734506726264953613e-01 6.297860145568847656e-01 -7.172458618879318237e-02 -1.605460420250892639e-02
-1.695795506238937378e-01 3.146277666091918945e-01 9.339443445205688477e-01 -2.902272939682006836e-01
6.107515096664428711e-01 -7.101964354515075684e-01 3.501476645469665527e-01 -1.348282098770141602e-01
0.000000000000000000e+00 0.000000000000000000e+00 0.000000000000000000e+00 1.000000000000000000e+00
9.508322477340698242e-01 1.627933531999588013e-01 2.634689509868621826e-01 -1.280342042446136475e-01
-3.076784014701843262e-01 3.993477225303649902e-01 8.636293411254882812e-01 -2.558901906013488770e-01
3.537751361727714539e-02 -9.022303819656372070e-01 4.298006892204284668e-01 -1.334076821804046631e-01
0.000000000000000000e+00 0.000000000000000000e+00 0.000000000000000000e+00 1.000000000000000000e+00
8.853086829185485840e-01 3.856560289859771729e-01 2.598037421703338623e-01 -1.183418855071067810e-01
-4.383828938007354736e-01 5.058772563934326172e-01 7.429052591323852539e-01 -2.068342417478561401e-01
1.550771296024322510e-01 -7.715939283370971680e-01 6.169226765632629395e-01 -1.964437812566757202e-01
0.000000000000000000e+00 0.000000000000000000e+00 0.000000000000000000e+00 1.000000000000000000e+00
8.084712624549865723e-01 5.275458097457885742e-01 2.609015405178070068e-01 -1.088079437613487244e-01
-5.689251422882080078e-01 5.870596766471862793e-01 5.759212970733642578e-01 -1.454502493143081665e-01
1.506599485874176025e-01 -6.140489578247070312e-01 7.747548818588256836e-01 -2.419610321521759033e-01
0.000000000000000000e+00 0.000000000000000000e+00 0.000000000000000000e+00 1.000000000000000000e+00
7.390332818031311035e-01 6.080686450004577637e-01 2.899691462516784668e-01 -1.079548373818397522e-01
-6.693553328514099121e-01 6.141669154167175293e-01 4.180455207824707031e-01 -9.020284563302993774e-02
7.611115276813507080e-02 -5.030419230461120605e-01 8.609037399291992188e-01 -2.624467611312866211e-01
0.000000000000000000e+00 0.000000000000000000e+00 0.000000000000000000e+00 1.000000000000000000e+00
6.599917411804199219e-01 7.185314893722534180e-01 2.193706333637237549e-01 -7.448498159646987915e-02
-7.487712502479553223e-01 6.053177714347839355e-01 2.700580060482025146e-01 -4.038716852664947510e-02
6.125621497631072998e-02 -3.424945473670959473e-01 9.375207424163818359e-01 -2.810456752777099609e-01
0.000000000000000000e+00 0.000000000000000000e+00 0.000000000000000000e+00 1.000000000000000000e+00
6.862155795097351074e-01 7.068055272102355957e-01 1.718534082174301147e-01 -6.073887273669242859e-02
-7.270115017890930176e-01 6.587355136871337891e-01 1.937048435211181641e-01 -1.375443115830421448e-02
2.370573952794075012e-02 -2.578629553318023682e-01 9.658908247947692871e-01 -2.846060991287231445e-01
0.000000000000000000e+00 0.000000000000000000e+00 0.000000000000000000e+00 1.000000000000000000e+00
6.934695243835449219e-01 6.992329955101013184e-01 1.737044155597686768e-01 -6.201266124844551086e-02
-7.152996063232421875e-01 6.970439553260803223e-01 4.975458234548568726e-02 3.082682378590106964e-02
-8.628951758146286011e-02 -1.587540060281753540e-01 9.835402369499206543e-01 -2.799810767173767090e-01
0.000000000000000000e+00 0.000000000000000000e+00 0.000000000000000000e+00 1.000000000000000000e+00
6.753904819488525391e-01 7.200091481208801270e-01 1.594800651073455811e-01 -5.602794513106346130e-02
-7.259116768836975098e-01 6.872034668922424316e-01 -2.833611518144607544e-02 5.244276672601699829e-02
-1.299975812435150146e-01 -9.663064032793045044e-02 9.867944121360778809e-01 -2.755640447139739990e-01
0.000000000000000000e+00 0.000000000000000000e+00 0.000000000000000000e+00 1.000000000000000000e+00
6.623272895812988281e-01 7.375456690788269043e-01 1.317141205072402954e-01 -4.602269083261489868e-02
-7.338240742683410645e-01 6.740686893463134766e-01 -8.446019142866134644e-02 6.655574589967727661e-02
-1.510775685310363770e-01 -4.071476310491561890e-02 9.876829981803894043e-01 -2.717803716659545898e-01
0.000000000000000000e+00 0.000000000000000000e+00 0.000000000000000000e+00 1.000000000000000000e+00
5.898236632347106934e-01 7.929830551147460938e-01 1.525974720716476440e-01 -4.530318081378936768e-02
-7.583945989608764648e-01 6.088644266128540039e-01 -2.326400429010391235e-01 1.090436354279518127e-01
-2.773908078670501709e-01 2.148747071623802185e-02 9.605169296264648438e-01 -2.567614614963531494e-01
0.000000000000000000e+00 0.000000000000000000e+00 0.000000000000000000e+00 1.000000000000000000e+00
5.823799967765808105e-01 7.941721081733703613e-01 1.735637634992599487e-01 -5.023496225476264954e-02
-6.767522692680358887e-01 5.919397473335266113e-01 -4.377370178699493408e-01 1.659501641988754272e-01
-4.503778219223022461e-01 1.374694705009460449e-01 8.821916580200195312e-01 -2.229588776826858521e-01
0.000000000000000000e+00 0.000000000000000000e+00 0.000000000000000000e+00 1.000000000000000000e+00
6.053864359855651855e-01 7.769032716751098633e-01 1.729995012283325195e-01 -5.281831324100494385e-02
-6.102333664894104004e-01 5.925928950309753418e-01 -5.257841348648071289e-01 1.892201751470565796e-01
-5.110015869140625000e-01 2.127324193716049194e-01 8.328398466110229492e-01 -2.029934972524642944e-01
0.000000000000000000e+00 0.000000000000000000e+00 0.000000000000000000e+00 1.000000000000000000e+00
6.659105420112609863e-01 7.246934771537780762e-01 1.771507859230041504e-01 -5.872638523578643799e-02
-4.962730109691619873e-01 6.076025962829589844e-01 -6.201059818267822266e-01 2.121828198432922363e-01
-5.570241808891296387e-01 3.250198662281036377e-01 7.642548680305480957e-01 -1.758185029029846191e-01
0.000000000000000000e+00 0.000000000000000000e+00 0.000000000000000000e+00 1.000000000000000000e+00
7.384333610534667969e-01 6.569937467575073242e-01 1.519060432910919189e-01 -5.724074691534042358e-02
-3.945872187614440918e-01 6.036698222160339355e-01 -6.927362680435180664e-01 2.280537337064743042e-01
