1.000000000000000000e+00 0.000000000000000000e+00 0.000000000000000000e+00 -4.542167112231254578e-02
0.000000000000000000e+00 1.000000000000000000e+00 0.000000000000000000e+00 9.935460984706878662e-04
0.000000000000000000e+00 0.000000000000000000e+00 1.000000000000000000e+00 -2.875000238418579102e-01
0.000000000000000000e+00 0.000000000000000000e+00 0.000000000000000000e+00 1.000000000000000000e+00
9.967349767684936523e-01 7.871150225400924683e-02 1.800483651459217072e-02 -4.933050274848937988e-02
-7.845586538314819336e-02 9.968123435974121094e-01 -1.449097320437431335e-02 9.003608487546443939e-03
-1.908801682293415070e-02 1.303110457956790924e-02 9.997328519821166992e-01 -2.931667268276214600e-01
0.000000000000000000e+00 0.000000000000000000e+00 0.000000000000000000e+00 1.000000000000000000e+00
9.858434796333312988e-01 1.638182699680328369e-01 3.572607040405273438e-02 -5.283256992697715759e-02
-1.619992405176162720e-01 9.855752587318420410e-01 -4.896461963653564453e-02 2.468877099454402924e-02
-4.323206841945648193e-02 4.248382151126861572e-02 9.981612563133239746e-01 -2.925461232662200928e-01
0.000000000000000000e+00 0.000000000000000000e+00 0.000000000000000000e+00 1.000000000000000000e+00
9.668118953704833984e-01 2.531251311302185059e-01 3.467614948749542236e-02 -5.034182220697402954e-02
-2.500295341014862061e-01 9.653049111366271973e-01 -7.530944794416427612e-02 3.754692524671554565e-02
-5.253580212593078613e-02 6.413999944925308228e-02 9.965572357177734375e-01 -2.921923995018005371e-01
0.000000000000000000e+00 0.000000000000000000e+00 0.000000000000000000e+00 1.000000000000000000e+00
9.384800791740417480e-01 3.416000604629516602e-01 5.063663050532341003e-02 -5.227069929242134094e-02
-3.336203694343566895e-01 9.347152113914489746e-01 -1.224939227104187012e-01 5.647692829370498657e-02
-8.917482942342758179e-02 9.806468337774276733e-02 9.911766052246093750e-01 -2.893079221248626709e-01
0.000000000000000000e+00 0.000000000000000000e+00 0.000000000000000000e+00 1.000000000000000000e+00
8.933524489402770996e-01 4.483006298542022705e-01 3.078386560082435608e-02 -4.311376437544822693e-02
-4.405684471130371094e-01 8.873060345649719238e-01 -1.363353133201599121e-01 6.516500562429428101e-02
-8.843394368886947632e-02 1.082330942153930664e-01 9.901844263076782227e-01 -2.900498807430267334e-01
0.000000000000000000e+00 0.000000000000000000e+00 0.000000000000000000e+00 1.000000000000000000e+00
8.468497991561889648e-01 5.314537286758422852e-01 2.005259692668914795e-02 -3.687383979558944702e-02
-5.215132832527160645e-01 8.372200131416320801e-01 -1.645789593458175659e-01 7.782030105590820312e-02
-1.042546108365058899e-01 1.289159655570983887e-01 9.861600995063781738e-01 -2.887553274631500244e-01
0.000000000000000000e+00 0.000000000000000000e+00 0.000000000000000000e+00 1.000000000000000000e+00
7.939648628234863281e-01 6.079452037811279297e-01 -4.702663514763116837e-03 -2.628432027995586395e-02
-5.997040867805480957e-01 7.818843722343444824e-01 -1.703282147645950317e-01 8.315417170524597168e-02
-9.987331926822662354e-02 1.380548328161239624e-01 9.853761792182922363e-01 -2.895177900791168213e-01
0.000000000000000000e+00 0.000000000000000000e+00 0.000000000000000000e+00 1.000000000000000000e+00
7.232958078384399414e-01 6.898196339607238770e-01 -3.149521350860595703e-02 -1.271002739667892456e-02
-6.845696568489074707e-01 7.103141546249389648e-01 -1.637624353170394897e-01 8.415377885103225708e-02
-9.059506654739379883e-02 1.400093138217926025e-01 9.859967827796936035e-01 -2.905575037002563477e-01
0.000000000000000000e+00 0.000000000000000000e+00 0.000000000000000000e+00 1.000000000000000000e+00
6.478040814399719238e-01 7.612966299057006836e-01 -2.787235379219055176e-02 -8.601600304245948792e-03
-7.566672563552856445e-01 6.387603282928466797e-01 -1.394260674715042114e-01 7.918586581945419312e-02
-8.834090083837509155e-02 1.114108860492706299e-01 9.898400902748107910e-01 -2.933081388473510742e-01
0.000000000000000000e+00 0.000000000000000000e+00 0.000000000000000000e+00 1.000000000000000000e+00
5.492527484893798828e-01 8.345862627029418945e-01 -4.227234423160552979e-02 1.858309027738869190e-03
-8.335382342338562012e-01 5.435599088668823242e-01 -9.877424687147140503e-02 6.828075647354125977e-02
-5.945811048150062561e-02 8.948764204978942871e-02 9.942116141319274902e-01 -2.982212007045745850e-01
0.000000000000000000e+00 0.000000000000000000e+00 0.000000000000000000e+00 1.000000000000000000e+00
4.592458605766296387e-01 8.835986852645874023e-01 -9.135925769805908203e-02 2.345702983438968658e-02
-8.882833123207092285e-01 4.560120403766632080e-01 -5.482464283704757690e-02 5.528550595045089722e-02
-6.782053504139184952e-03 1.063308939337730408e-01 9.943075776100158691e-01 -3.023194372653961182e-01
0.000000000000000000e+00 0.000000000000000000e+00 0.000000000000000000e+00 1.000000000000000000e+00
3.518774211406707764e-01 9.305270314216613770e-01 -1.014982610940933228e-01 3.103995509445667267e-02
-9.358370900154113770e-01 3.520166575908660889e-01 -1.713259890675544739e-02 4.093628004193305969e-02
1.978672668337821960e-02 1.010143682360649109e-01 9.946881532669067383e-01 -3.040268123149871826e-01
0.000000000000000000e+00 0.000000000000000000e+00 0.000000000000000000e+00 1.000000000000000000e+00
2.723305225372314453e-01 9.543261528015136719e-01 -1.228718981146812439e-01 4.052231833338737488e-02
-9.590669870376586914e-01 2.795231938362121582e-01 4.535632953047752380e-02 1.720397174358367920e-02
7.763025164604187012e-02 1.054904684424400330e-01 9.913855195045471191e-01 -3.034950494766235352e-01
0.000000000000000000e+00 0.000000000000000000e+00 0.000000000000000000e+00 1.000000000000000000e+00
1.892518997192382812e-01 9.687177538871765137e-01 -1.605284810066223145e-01 5.383818224072456360e-02
-9.729071855545043945e-01 2.070998996496200562e-01 1.027655825018882751e-01 -3.892013104632496834e-03
1.327963322401046753e-01 1.367307901382446289e-01 9.816668629646301270e-01 -3.014569282531738281e-01
0.000000000000000000e+00 0.000000000000000000e+00 0.000000000000000000e+00 1.000000000000000000e+00
1.150250956416130066e-01 9.813781976699829102e-01 -1.538383513689041138e-01 5.347752943634986877e-02
-9.710927605628967285e-01 1.436981409788131714e-01 1.906035989522933960e-01 -3.399284556508064270e-02
2.091604620218276978e-01 1.274670958518981934e-01 9.695379137992858887e-01 -2.990617156028747559e-01
0.000000000000000000e+00 0.000000000000000000e+00 0.000000000000000000e+00 1.000000000000000000e+00
1.883101761341094971e-01 9.716450572013854980e-01 -1.429863870143890381e-01 4.914664477109909058e-02
-9.540497660636901855e-01 2.155340164899826050e-01 2.081684768199920654e-01 -3.885642811655998230e-02
2.330842763185501099e-01 9.721589088439941406e-02 9.675852060317993164e-01 -2.965863049030303955e-01
0.000000000000000000e+00 0.000000000000000000e+00 0.000000000000000000e+00 1.000000000000000000e+00
2.709799110889434814e-01 9.512871503829956055e-01 -1.470457762479782104e-01 4.800333827733993530e-02
-9.386158585548400879e-01 2.950087785720825195e-01 1.788016110658645630e-01 -2.762859873473644257e-02
2.134714275598526001e-01 8.956785500049591064e-02 9.728347063064575195e-01 -2.955260574817657471e-01
0.000000000000000000e+00 0.000000000000000000e+00 0.000000000000000000e+00 1.000000000000000000e+00
3.265958428382873535e-01 9.335880279541015625e-01 -1.474726349115371704e-01 4.633036255836486816e-02
-9.333807826042175293e-01 3.431350290775299072e-01 1.051619276404380798e-01 -1.774129690602421761e-03
1.487809717655181885e-01 1.033027023077011108e-01 9.834596514701843262e-01 -2.952526509761810303e-01
0.000000000000000000e+00 0.000000000000000000e+00 0.000000000000000000e+00 1.000000000000000000e+00
3.644953370094299316e-01 9.129645824432373047e-01 -1.834093183279037476e-01 5.593870207667350769e-02
-9.282236695289611816e-01 3.719595372676849365e-01 6.828955840319395065e-03 3.217410296201705933e-02
7.445545494556427002e-02 1.677558571100234985e-01 9.830129742622375488e-01 -2.908611893653869629e-01
0.000000000000000000e+00 0.000000000000000000e+00 0.000000000000000000e+00 1.000000000000000000e+00
4.030065238475799561e-01 8.951804637908935547e-01 -1.903614848852157593e-01 5.623948574066162109e-02
-9.151012301445007324e-01 3.971607387065887451e-01 -6.966347992420196533e-02 5.841637402772903442e-02
1.324270572513341904e-02 2.022748738527297974e-01 9.792394042015075684e-01 -2.862688302993774414e-01
0.000000000000000000e+00 0.000000000000000000e+00 0.000000000000000000e+00 1.000000000000000000e+00
4.564917683601379395e-01 8.602312803268432617e-01 -2.271947413682937622e-01 6.398469954729080200e-02
-8.887024521827697754e-01 4.285962879657745361e-01 -1.628274619579315186e-01 8.678711950778961182e-02
-4.269449040293693542e-02 2.762379050254821777e-01 9.601403474807739258e-01 -2.753724753856658936e-01
0.000000000000000000e+00 0.000000000000000000e+00 0.000000000000000000e+00 1.000000000000000000e+00
5.303372740745544434e-01 8.202515244483947754e-01 -2.143117338418960571e-01 5.423601344227790833e-02
-8.434740900993347168e-01 4.850377142429351807e-01 -2.308454513549804688e-01 1.052498295903205872e-01
-8.540208637714385986e-02 3.031924068927764893e-01 9.490947127342224121e-01 -2.682268321514129639e-01
0.000000000000000000e+00 0.000000000000000000e+00 0.000000000000000000e+00 1.000000000000000000e+00
5.948663949966430664e-01 7.772821187973022461e-01 -2.048569768667221069e-01 4.723698273301124573e-02
-7.946500182151794434e-01 5.302640199661254883e-01 -2.955519855022430420e-01 1.212553083896636963e-01
-1.210990473628044128e-01 3.386034965515136719e-01 9.331035614013671875e-01 -2.598091661930084229e-01
0.000000000000000000e+00 0.000000000000000000e+00 0.000000000000000000e+00 1.000000000000000000e+00
6.746015548706054688e-01 7.175156474113464355e-01 -1.734470576047897339e-01 3.187502175569534302e-02
-7.202292680740356445e-01 5.882638096809387207e-01 -3.677161633968353271e-01 1.360268890857696533e-01
-1.618095785379409790e-01 3.729836344718933105e-01 9.136196970939636230e-01 -2.499060183763504028e-01
0.000000000000000000e+00 0.000000000000000000e+00 0.000000000000000000e+00 1.000000000000000000e+00
7.359154224395751953e-01 6.579527258872985840e-01 -1.597703546285629272e-01 2.427652664482593536e-02
-6.487033367156982422e-01 6.175771951675415039e-01 -4.447273612022399902e-01 1.517966985702514648e-01
-1.939390897750854492e-01 4.309250712394714355e-01 8.813005685806274414e-01 -2.352179437875747681e-01
0.000000000000000000e+00 0.000000000000000000e+00 0.000000000000000000e+00 1.000000000000000000e+00
7.627512812614440918e-01 6.306673884391784668e-01 -1.430681198835372925e-01 1.700965128839015961e-02
-5.971821546554565430e-01 6.020091176033020020e-01 -5.300547480583190918e-01 1.709569245576858521e-01
-2.481602430343627930e-01 4.897377192974090576e-01 8.358068466186523438e-01 -2.146506458520889282e-01
0.000000000000000000e+00 0.000000000000000000e+00 0.000000000000000000e+00 1.000000000000000000e+00
7.926840782165527344e-01 5.912256836891174316e-01 -1.486739218235015869e-01 1.576726138591766357e-02
-5.355231761932373047e-01 5.587603449821472168e-01 -6.332468390464782715e-01 1.975235790014266968e-01
-2.913188636302947998e-01 5.815830826759338379e-01 7.595354318618774414e-01 -1.867144107818603516e-01
0.000000000000000000e+00 0.000000000000000000e+00 0.000000000000000000e+00 1.000000000000000000e+00
8.147446513175964355e-01 5.632805824279785156e-01 -1.374989748001098633e-01 1.077574305236339569e-02
-4.776082634925842285e-01 5.175181031227111816e-01 -7.099755406379699707e-01 2.175530940294265747e-01
-3.287571966648101807e-01 6.441193819046020508e-01 6.906725764274597168e-01 -1.621177494525909424e-01
0.000000000000000000e+00 0.000000000000000000e+00 0.000000000000000000e+00 1.000000000000000000e+00
8.445777893066406250e-01 5.171788334846496582e-01 -1.386163383722305298e-01 7.779221516102552414e-03
-4.128908514976501465e-01 4.642535448074340820e-01 -7.835748791694641113e-01 2.367812544107437134e-01
-3.408953845500946045e-01 7.190234065055847168e-01 6.056367158889770508e-01 -1.382124274969100952e-01
0.000000000000000000e+00 0.000000000000000000e+00 0.000000000000000000e+00 1.000000000000000000e+00
8.760553002357482910e-01 4.718158543109893799e-01 -9.958262741565704346e-02 -5.476822610944509506e-03
-3.270158767700195312e-01 4.295300543308258057e-01 -8.417626619338989258e-01 2.506199777126312256e-01
-3.543833494186401367e-01 7.699958086013793945e-01 5.305833816528320312e-01 -1.183551326394081116e-01
0.000000000000000000e+00 0.000000000000000000e+00 0.000000000000000000e+00 1.000000000000000000e+00
8.950502872467041016e-01 4.416072666645050049e-01 -6.219485402107238770e-02 -1.608652807772159576e-02
-2.198514938354492188e-01 3.155919015407562256e-01 -9.230748414993286133e-01 2.660301327705383301e-01
-3.880084156990051270e-01 8.398718237876892090e-01 3.795583844184875488e-01 -7.730773091316223145e-02
0.000000000000000000e+00 0.000000000000000000e+00 0.000000000000000000e+00 1.000000000000000000e+00
8.925653696060180664e-01 4.502565562725067139e-01 -2.441804669797420502e-02 -3.124670684337615967e-02
-8.130899816751480103e-02 1.074459180235862732e-01 -9.908806085586547852e-01 2.826842963695526123e-01
-4.435267746448516846e-01 8.864108920097351074e-01 1.325123757123947144e-01 -9.274981915950775146e-03
0.000000000000000000e+00 0.000000000000000000e+00 0.000000000000000000e+00 1.000000000000000000e+00
8.811885118484497070e-01 4.714922010898590088e-01 -3.466733545064926147e-02 -2.516493760049343109e-02
-8.388833701610565186e-02 8.377350866794586182e-02 -9.929477572441101074e-01 2.828195691108703613e-01
-4.652628302574157715e-01 8.778821229934692383e-01 1.133729219436645508e-01 -9.642340242862701416e-03
0.000000000000000000e+00 0.000000000000000000e+00 0.000000000000000000e+00 1.000000000000000000e+00
8.512785434722900391e-01 5.235927104949951172e-01 -3.428469598293304443e-02 -2.217332459986209869e-02
-1.050326973199844360e-01 1.060200184583663940e-01 -9.888014197349548340e-01 2.825151085853576660e-01
-5.140943527221679688e-01 8.453463315963745117e-01 1.452469080686569214e-01 -1.668933033943176270e-02
0.000000000000000000e+00 0.000000000000000000e+00 0.000000000000000000e+00 1.000000000000000000e+00
8.313965201377868652e-01 5.515553951263427734e-01 -6.757275015115737915e-02 -1.294612977653741837e-02
-2.308203577995300293e-01 2.321695238351821899e-01 -9.448910951614379883e-01 2.752988636493682861e-01
-5.054715871810913086e-01 8.011764883995056152e-01 3.203351497650146484e-01 -5.669872090220451355e-02
0.000000000000000000e+00 0.000000000000000000e+00 0.000000000000000000e+00 1.000000000000000000e+00
8.339076638221740723e-01 5.412935614585876465e-01 -1.076995059847831726e-01 -2.442582743242383003e-03
-3.116215765476226807e-01 3.007382750511169434e-01 -9.013589620590209961e-01 2.664704918861389160e-01
-4.555106759071350098e-01 7.852116823196411133e-01 4.194667339324951172e-01 -8.456696569919586182e-02
0.000000000000000000e+00 0.000000000000000000e+00 0.000000000000000000e+00 1.000000000000000000e+00
8.221659064292907715e-01 5.576533675193786621e-01 -1.143062710762023926e-01 -2.817076456267386675e-04
-3.664699792861938477e-01 3.648565113544464111e-01 -8.559086918830871582e-01 2.565784454345703125e-01
-4.355949163436889648e-01 7.455887198448181152e-01 5.043358802795410156e-01 -1.087139993906021118e-01
0.000000000000000000e+00 0.000000000000000000e+00 0.000000000000000000e+00 1.000000000000000000e+00
8.355684280395507812e-01 5.431446433067321777e-01 -8.257892727851867676e-02 -1.322373561561107635e-02
-4.512049257755279541e-01 5.926921367645263672e-01 -6.671806573867797852e-01 2.161787450313568115e-01
-3.134318888187408447e-01 5.947350263595581055e-01 7.403044700622558594e-01 -1.806321591138839722e-01
0.000000000000000000e+00 0.000000000000000000e+00 0.000000000000000000e+00 1.000000000000000000e+00
8.364201784133911133e-01 5.447168350219726562e-01 -6.070021539926528931e-02 -2.077540569007396698e-02
-4.650507271289825439e-01 6.467247605323791504e-01 -6.045445203781127930e-01 1.979777961969375610e-01
-2.900494635105133057e-01 5.338820219039916992e-01 7.942550182342529297e-01 -1.973419487476348877e-01
0.000000000000000000e+00 0.000000000000000000e+00 0.000000000000000000e+00 1.000000000000000000e+00
8.584787249565124512e-01 5.094842910766601562e-01 -5.865092575550079346e-02 -2.177174761891365051e-02
-4.589184522628784180e-01 7.121123075485229492e-01 -5.313093662261962891e-01 1.756937354803085327e-01
-2.289277911186218262e-01 4.830338954925537109e-01 8.451451659202575684e-01 -2.142836749553680420e-01
0.000000000000000000e+00 0.000000000000000000e+00 0.000000000000000000e+00 1.000000000000000000e+00
8.728171586990356445e-01 4.873329699039459229e-01 -2.639155834913253784e-02 -2.980069443583488464e-02
-4.580830335617065430e-01 7.993751168251037598e-01 -3.887915909290313721e-01 1.347484886646270752e-01
-1.683744490146636963e-01 3.514334261417388916e-01 9.209474921226501465e-01 -2.374579012393951416e-01
0.000000000000000000e+00 0.000000000000000000e+00 0.000000000000000000e+00 1.000000000000000000e+00
8.796904683113098145e-01 4.751359522342681885e-01 -1.976715587079524994e-02 -2.984148077666759491e-02
-4.640134274959564209e-01 8.485140204429626465e-01 -2.543920278549194336e-01 9.763533622026443481e-02
-1.040981635451316833e-01 2.329584211111068726e-01 9.668993353843688965e-01 -2.528641819953918457e-01
0.000000000000000000e+00 0.000000000000000000e+00 0.000000000000000000e+00 1.000000000000000000e+00
8.798202872276306152e-01 4.749662578105926514e-01 -1.796946302056312561e-02 -2.628791891038417816e-02
-4.752660095691680908e-01 8.786264657974243164e-01 -4.623396322131156921e-02 3.878284245729446411e-02
-6.171146873384714127e-03 4.921786487102508545e-02 9.987689256668090820e-01 -2.659530341625213623e-01
0.000000000000000000e+00 0.000000000000000000e+00 0.000000000000000000e+00 1.000000000000000000e+00
8.878379464149475098e-01 4.599643945693969727e-01 -1.329076569527387619e-02 -2.594602480530738831e-02
-4.589730799198150635e-01 8.872553110122680664e-01 4.606182873249053955e-02 1.143729127943515778e-02
3.297910839319229126e-02 -3.479534760117530823e-02 9.988501667976379395e-01 -2.684375047683715820e-01
0.000000000000000000e+00 0.000000000000000000e+00 0.000000000000000000e+00 1.000000000000000000e+00
8.939555287361145020e-01 4.480060338973999023e-01 -1.157302130013704300e-02 -2.593900635838508606e-02
-4.413140118122100830e-01 8.845099806785583496e-01 1.512744277715682983e-01 -2.075059711933135986e-02
7.800836861133575439e-02 -1.301252692937850952e-01 9.884241223335266113e-01 -2.677354216575622559e-01
0.000000000000000000e+00 0.000000000000000000e+00 0.000000000000000000e+00 1.000000000000000000e+00
8.976992964744567871e-01 4.404587447643280029e-01 -1.148894336074590683e-02 -2.568593807518482208e-02
-4.232703745365142822e-01 8.693239092826843262e-01 2.551820576190948486e-01 -5.373331904411315918e-02
1.223848387598991394e-01 -2.242137938737869263e-01 9.668247103691101074e-01 -2.631601393222808838e-01
0.000000000000000000e+00 0.000000000000000000e+00 0.000000000000000000e+00 1.000000000000000000e+00
8.996621370315551758e-01 4.363259971141815186e-01 -1.508103217929601669e-02 -2.436169050633907318e-02
-4.003474414348602295e-01 8.382722735404968262e-01 3.701637387275695801e-01 -9.166426956653594971e-02
1.741542220115661621e-01 -3.269846737384796143e-01 9.288440346717834473e-01 -2.534528970718383789e-01
0.000000000000000000e+00 0.000000000000000000e+00 0.000000000000000000e+00 1.000000000000000000e+00
9.057580828666687012e-01 4.236461818218231201e-01 -1.122739911079406738e-02 -2.676123380661010742e-02
-3.723088800907135010e-01 8.080960512161254883e-01 4.564718008041381836e-01 -1.203096657991409302e-01
2.024555504322052002e-01 -4.092729389667510986e-01 8.896668553352355957e-01 -2.438276410102844238e-01
0.000000000000000000e+00 0.000000000000000000e+00 0.000000000000000000e+00 1.000000000000000000e+00
9.154436588287353516e-01 4.023844003677368164e-01 -7.047823164612054825e-03 -3.072926960885524750e-02
-3.325139284133911133e-01 7.661182880401611328e-01 5.499973893165588379e-01 -1.511030644178390503e-01
2.267099171876907349e-01 -5.011480450630187988e-01 8.351365923881530762e-01 -2.304982393980026245e-01
0.000000000000000000e+00 0.000000000000000000e+00 0.000000000000000000e+00 1.000000000000000000e+00
9.084534049034118652e-01 4.177629351615905762e-01 1.364899054169654846e-02 -3.808006644248962402e-02
-3.324701786041259766e-01 7.024170160293579102e-01 6.293438673019409180e-01 -1.752324402332305908e-01
2.533294260501861572e-01 -5.762674212455749512e-01 7.770069837570190430e-01 -2.164512276649475098e-01
0.000000000000000000e+00 0.000000000000000000e+00 0.000000000000000000e+00 1.000000000000000000e+00
9.163911938667297363e-01 3.989683985710144043e-01 3.242490813136100769e-02 -4.556609317660331726e-02
-2.962969541549682617e-01 6.216342449188232422e-01 7.251061201095581055e-01 -2.056906074285507202e-01
2.691380083560943604e-01 -6.740882396697998047e-01 6.878732442855834961e-01 -1.917260587215423584e-01
0.000000000000000000e+00 0.000000000000000000e+00 0.000000000000000000e+00 1.000000000000000000e+00
9.255455732345581055e-01 3.746609091758728027e-01 5.472258105874061584e-02 -5.373282358050346375e-02
-2.676756680011749268e-01 5.452238917350769043e-01 7.944058179855346680e-01 -2.283727526664733887e-01
2.677967846393585205e-01 -7.499066591262817383e-01 6.049171686172485352e-01 -1.667697429656982422e-01
0.000000000000000000e+00 0.000000000000000000e+00 0.000000000000000000e+00 1.000000000000000000e+00
9.331575036048889160e-01 3.560011982917785645e-01 4.980253428220748901e-02 -5.428459122776985168e-02
-2.254464030265808105e-01 4.716908931732177734e-01 8.524561524391174316e-01 -2.485937923192977905e-01
2.799840569496154785e-01 -8.067036271095275879e-01 5.204211473464965820e-01 -1.430200487375259399e-01
0.000000000000000000e+00 0.000000000000000000e+00 0.000000000000000000e+00 1.000000000000000000e+00
9.419702291488647461e-01 3.316364586353302002e-01 5.205186456441879272e-02 -5.802413821220397949e-02
-1.932565271854400635e-01 4.089379310607910156e-01 8.918640613555908203e-01 -2.617746293544769287e-01
2.744887173175811768e-01 -8.501687645912170410e-01 4.492983520030975342e-01 -1.232547014951705933e-01
0.000000000000000000e+00 0.000000000000000000e+00 0.000000000000000000e+00 1.000000000000000000e+00
9.552640914916992188e-01 2.910307049751281738e-01 5.264644324779510498e-02 -6.092866510152816772e-02
-1.547427475452423096e-01 3.401271700859069824e-01 9.275603294372558594e-01 -2.755008935928344727e-01
2.520420551300048828e-01 -8.942117691040039062e-01 3.699462115764617920e-01 -9.858790785074234009e-02
0.000000000000000000e+00 0.000000000000000000e+00 0.000000000000000000e+00 1.000000000000000000e+00
9.611241817474365234e-01 2.647707462310791016e-01 7.833765447139739990e-02 -7.096964120864868164e-02
-1.481151133775711060e-01 2.549448907375335693e-01 9.555441737174987793e-01 -2.881167829036712646e-01
2.330284267663955688e-01 -9.299996495246887207e-01 2.842502892017364502e-01 -6.821792572736740112e-02
0.000000000000000000e+00 0.000000000000000000e+00 0.000000000000000000e+00 1.000000000000000000e+00
9.729227423667907715e-01 2.214301973581314087e-01 6.625658273696899414e-02 -7.050624489784240723e-02
-1.010799035429954529e-01 1.498330533504486084e-01 9.835308194160461426e-01 -3.009162843227386475e-01
2.078560143709182739e-01 -9.635967016220092773e-01 1.681580990552902222e-01 -2.809095196425914764e-02
0.000000000000000000e+00 0.000000000000000000e+00 0.000000000000000000e+00 1.000000000000000000e+00
9.918017983436584473e-01 1.250202953815460205e-01 2.644179016351699829e-02 -6.052667275071144104e-02
-4.287015274167060852e-02 1.306021213531494141e-01 9.905074238777160645e-01 -3.045721352100372314e-01
1.203802153468132019e-01 -9.835206270217895508e-01 1.348910033702850342e-01 -1.740996912121772766e-02
0.000000000000000000e+00 0.000000000000000000e+00 0.000000000000000000e+00 1.000000000000000000e+00
