1.000000000000000000e+00 0.000000000000000000e+00 0.000000000000000000e+00 -4.255350477121360719e-01
0.000000000000000000e+00 -1.000000000000000000e+00 0.000000000000000000e+00 3.076616963927396031e-01
0.000000000000000000e+00 0.000000000000000000e+00 -1.000000000000000000e+00 -5.117628744684824760e+00
0.000000000000000000e+00 0.000000000000000000e+00 0.000000000000000000e+00 1.000000000000000000e+00
9.956552386283874512e-01 -5.992025136947631836e-02 7.127432525157928467e-02 -2.267981836257952979e-02
-6.110069528222084045e-02 -9.980263710021972656e-01 1.449651177972555161e-02 3.439286819978340515e-01
7.026499509811401367e-02 -1.878850720822811127e-02 -9.973512291908264160e-01 -5.078211935087123763e+00
0.000000000000000000e+00 0.000000000000000000e+00 0.000000000000000000e+00 1.000000000000000000e+00
9.727266430854797363e-01 -7.495972514152526855e-02 2.195083945989608765e-01 7.768398447209783342e-01
-7.999287545680999756e-02 -9.966955184936523438e-01 1.411861367523670197e-02 3.535492821029326271e-01
2.177246809005737305e-01 -3.129271417856216431e-02 -9.755082726478576660e-01 -4.953567961049406776e+00
0.000000000000000000e+00 0.000000000000000000e+00 0.000000000000000000e+00 1.000000000000000000e+00
9.363821744918823242e-01 -7.421839982271194458e-02 3.430451452732086182e-01 1.450203430753463474e+00
-7.162074744701385498e-02 -9.972262978553771973e-01 -2.025428600609302521e-02 1.914298602673875915e-01
3.435968458652496338e-01 -5.603410769253969193e-03 -9.391005039215087891e-01 -4.771793580953314518e+00
0.000000000000000000e+00 0.000000000000000000e+00 0.000000000000000000e+00 1.000000000000000000e+00
9.077277779579162598e-01 -9.129965305328369141e-02 4.095051288604736328e-01 1.825206466136322536e+00
-7.903371751308441162e-02 -9.957718253135681152e-01 -4.681873694062232971e-02 1.011997774269199069e-01
4.120482206344604492e-01 1.013391092419624329e-02 -9.111055135726928711e-01 -4.608795875005975873e+00
0.000000000000000000e+00 0.000000000000000000e+00 0.000000000000000000e+00 1.000000000000000000e+00
4.352971315383911133e-01 -1.362589746713638306e-01 8.899155259132385254e-01 4.540452514005917095e+00
-8.835189044475555420e-02 -9.901741743087768555e-01 -1.083931773900985718e-01 -1.556730156707795409e-01
8.959408402442932129e-01 -3.144251182675361633e-02 -4.430586397647857666e-01 -2.271770567335666957e+00
0.000000000000000000e+00 0.000000000000000000e+00 0.000000000000000000e+00 1.000000000000000000e+00
3.910436034202575684e-01 -1.480327397584915161e-01 9.083892703056335449e-01 4.643069867547226615e+00
-7.529747486114501953e-02 -9.888175725936889648e-01 -1.287253797054290771e-01 -2.061429910095156914e-01
9.172868132591247559e-01 -1.806219108402729034e-02 -3.978173434734344482e-01 -1.943285514002017322e+00
0.000000000000000000e+00 0.000000000000000000e+00 0.000000000000000000e+00 1.000000000000000000e+00
3.812949955463409424e-01 -1.449711322784423828e-01 9.130154848098754883e-01 4.651865357265877243e+00
-7.311422377824783325e-02 -9.892628192901611328e-01 -1.265438050031661987e-01 -1.421791164135250418e-01
9.215574264526367188e-01 -1.850393041968345642e-02 -3.878004848957061768e-01 -1.775531537368111756e+00
0.000000000000000000e+00 0.000000000000000000e+00 0.000000000000000000e+00 1.000000000000000000e+00
4.004168808460235596e-01 -1.414763927459716797e-01 9.053455591201782227e-01 4.598749170652296492e+00
-8.525360375642776489e-02 -9.894757270812988281e-01 -1.169171929359436035e-01 -7.192306518715455010e-02
9.123584628105163574e-01 -3.036837466061115265e-02 -4.082641303539276123e-01 -1.737270462659000092e+00
0.000000000000000000e+00 0.000000000000000000e+00 0.000000000000000000e+00 1.000000000000000000e+00
4.154833853244781494e-01 -1.492108851671218872e-01 8.972789049148559570e-01 4.563483879820060984e+00
-1.062714010477066040e-01 -9.876608848571777344e-01 -1.150319650769233704e-01 -4.439133343996724129e-02
9.033712744712829590e-01 -4.756126552820205688e-02 -4.262135326862335205e-01 -1.696422823507813149e+00
0.000000000000000000e+00 0.000000000000000000e+00 0.000000000000000000e+00 1.000000000000000000e+00
4.375514686107635498e-01 -1.461720913648605347e-01 8.872329592704772949e-01 4.519246911701609193e+00
-1.270677596330642700e-01 -9.868485331535339355e-01 -9.991855174303054810e-02 6.157716765528139374e-02
8.901698589324951172e-01 -6.901920586824417114e-02 -4.503708481788635254e-01 -1.683120959770780578e+00
0.000000000000000000e+00 0.000000000000000000e+00 0.000000000000000000e+00 1.000000000000000000e+00
4.305716454982757568e-01 -1.522360593080520630e-01 8.896246552467346191e-01 4.548903168147509390e+00
-1.556807309389114380e-01 -9.834255576133728027e-01 -9.293932467699050903e-02 1.346683593291906345e-01
8.890283107757568359e-01 -9.848041832447052002e-02 -4.471354186534881592e-01 -1.548102454621994584e+00
0.000000000000000000e+00 0.000000000000000000e+00 0.000000000000000000e+00 1.000000000000000000e+00
4.361980557441711426e-01 -1.606702655553817749e-01 8.853904008865356445e-01 4.563052934553448736e+00
-1.574263423681259155e-01 -9.823817014694213867e-01 -1.007131487131118774e-01 1.435501571468177084e-01
8.859729170799255371e-01 -9.545292705297470093e-02 -4.538066983222961426e-01 -1.511656528518591891e+00
0.000000000000000000e+00 0.000000000000000000e+00 0.000000000000000000e+00 1.000000000000000000e+00
4.430766105651855469e-01 -1.799927800893783569e-01 8.782286047935485840e-01 4.581566120988546764e+00
-1.835246533155441284e-01 -9.771011471748352051e-01 -1.076663434505462646e-01 1.489105597250396096e-01
8.774973154067993164e-01 -1.134722009301185608e-01 -4.659637808799743652e-01 -1.500488558125211203e+00
0.000000000000000000e+00 0.000000000000000000e+00 0.000000000000000000e+00 1.000000000000000000e+00
4.462503790855407715e-01 -1.888776421546936035e-01 8.747488856315612793e-01 4.616079043289017747e+00
-1.996334791183471680e-01 -9.738523960113525391e-01 -1.084339022636413574e-01 1.789173560189078194e-01
8.723570704460144043e-01 -1.262405365705490112e-01 -4.722883403301239014e-01 -1.464236180413880373e+00
0.000000000000000000e+00 0.000000000000000000e+00 0.000000000000000000e+00 1.000000000000000000e+00
4.414217174053192139e-01 -2.041991800069808960e-01 8.737559318542480469e-01 4.673293574942717576e+00
-2.234088927507400513e-01 -9.681078195571899414e-01 -1.133832558989524841e-01 1.762601330210903927e-01
8.690426945686340332e-01 -1.451550424098968506e-01 -4.729637205600738525e-01 -1.366593050310230151e+00
0.000000000000000000e+00 0.000000000000000000e+00 0.000000000000000000e+00 1.000000000000000000e+00
4.527887701988220215e-01 -2.136264443397521973e-01 8.656477928161621094e-01 4.710474310343954585e+00
-2.391020655632019043e-01 -9.644047021865844727e-01 -1.129323467612266541e-01 2.087389247158785155e-01
8.589601516723632812e-01 -1.558436900377273560e-01 -4.877501428127288818e-01 -1.343625671534982358e+00
0.000000000000000000e+00 0.000000000000000000e+00 0.000000000000000000e+00 1.000000000000000000e+00
4.857326149940490723e-01 -2.226660698652267456e-01 8.452711701393127441e-01 4.695162658357315166e+00
-2.649416923522949219e-01 -9.590250253677368164e-01 -1.003837734460830688e-01 2.835345153357329284e-01
8.329882621765136719e-01 -1.751879751682281494e-01 -5.248232483863830566e-01 -1.434157807920688699e+00
0.000000000000000000e+00 0.000000000000000000e+00 0.000000000000000000e+00 1.000000000000000000e+00
3.743762075901031494e-01 -2.247843891382217407e-01 8.996189832687377930e-01 5.002889324225949785e+00
-2.768206596374511719e-01 -9.530259966850280762e-01 -1.229301542043685913e-01 1.654866005605019619e-01
8.849930167198181152e-01 -2.030110210180282593e-01 -4.190151989459991455e-01 -6.325644935545171599e-01
0.000000000000000000e+00 0.000000000000000000e+00 0.000000000000000000e+00 1.000000000000000000e+00
