0.4568293988704681 0.8868693113327026 -0.06906343996524811 0.01720736548304558 
-0.8893548250198364 0.4537040293216705 -0.056574746966362 0.05613663047552109 
-0.01884004659950733 0.08726690709590912 0.9960067868232727 -0.3026540875434875 
0 0 0 1 

0.3537352383136749 0.9319747686386108 -0.07933678478002548 0.0245292279869318 
-0.9352718591690063 0.3534974157810211 -0.01749429292976856 0.04131969064474106 
0.01174109987914562 0.08038981258869171 0.9966943264007568 -0.3045232594013214 
0 0 0 1 

0.2717783153057098 0.9565988779067993 -0.1051422208547592 0.03527463972568512 
-0.9596908092498779 0.2775333523750305 0.04436815530061722 0.017816212028265 
0.07162299007177353 0.08884574472904205 0.9934669733047485 -0.3040871918201447 
0 0 0 1 

0.1932542473077774 0.972748339176178 -0.1281150728464127 0.04442653059959412 
-0.9731661677360535 0.2066633552312851 0.1011818945407867 -0.003259851830080152 
0.1249012127518654 0.1051234304904938 0.9865843653678894 -0.3027164340019226 
0 0 0 1 

0.2720327079296112 0.9549556970596313 -0.1185647174715996 0.03998207300901413 
-0.9398902654647827 0.2901049852371216 0.1801252961158752 -0.02783422544598579 
0.206407904624939 0.06243788823485374 0.9764718413352966 -0.2965485453605652 
0 0 0 1 

0.3306231200695038 0.9361631870269775 -0.1195266544818878 0.0386362336575985 
-0.9335402250289917 0.3429987132549286 0.10418401658535 -0.001281075063161552 
0.1385307312011719 0.07713732868432999 0.9873495101928711 -0.2961714863777161 
0 0 0 1 

0.3643150627613068 0.9191961288452148 -0.1495088785886765 0.04654647409915924 
-0.9291326999664307 0.3696469068527222 0.008568154647946358 0.03222953900694847 
0.06314130127429962 0.1357920914888382 0.9887232780456543 -0.2926491796970367 
0 0 0 1 

0.3953239917755127 0.9041576981544495 -0.1619186103343964 0.04866829514503479 
-0.9185413718223572 0.3892595171928406 -0.06898211687803268 0.05911100283265114 
0.0006576267769560218 0.175999253988266 0.9843900799751282 -0.2875519394874573 
0 0 0 1 

0.4368035495281219 0.8857769370079041 -0.1568492650985718 0.0287388451397419 
-0.861693799495697 0.462063193321228 0.2097171396017075 -0.01284878142178059 
0.2582368850708008 0.04355090111494064 0.9650995135307312 -0.3202378749847412 
0 0 0 1 

0.8403325080871582 0.5336117148399353 -0.09539212286472321 -0.005116567015647888 
-0.5406318306922913 0.8378373384475708 -0.07579994946718216 0.06300214678049088 
0.03947529941797256 0.1152692064642906 0.9925495982170105 -0.2848985195159912 
0 0 0 1 

