1.000000000000000000e+00 0.000000000000000000e+00 0.000000000000000000e+00 -4.542167112231254578e-02
0.000000000000000000e+00 1.000000000000000000e+00 0.000000000000000000e+00 9.935460984706878662e-04
0.000000000000000000e+00 0.000000000000000000e+00 1.000000000000000000e+00 -2.875000238418579102e-01
0.000000000000000000e+00 0.000000000000000000e+00 0.000000000000000000e+00 1.000000000000000000e+00
9.962031841278076172e-01 8.221051096916198730e-02 2.864709123969078064e-02 -5.200377851724624634e-02
-8.165369182825088501e-02 9.964581727981567383e-01 -2.009506896138191223e-02 1.081883348524570465e-02
-3.019765019416809082e-02 1.767964288592338562e-02 9.993875622749328613e-01 -2.925002276897430420e-01
0.000000000000000000e+00 0.000000000000000000e+00 0.000000000000000000e+00 1.000000000000000000e+00
9.849774837493896484e-01 1.647914052009582520e-01 5.160389095544815063e-02 -5.712004750967025757e-02
-1.622138172388076782e-01 9.854515790939331055e-01 -5.071241036057472229e-02 2.534201368689537048e-02
-5.921013653278350830e-02 4.157968237996101379e-02 9.973791837692260742e-01 -2.914206981658935547e-01
0.000000000000000000e+00 0.000000000000000000e+00 0.000000000000000000e+00 1.000000000000000000e+00
9.649649858474731445e-01 2.562196552753448486e-01 5.651512742042541504e-02 -5.640763044357299805e-02
-2.516057193279266357e-01 9.647113084793090820e-01 -7.763031870126724243e-02 3.839313238859176636e-02
-7.441125065088272095e-02 6.069096922874450684e-02 9.953791499137878418e-01 -2.907155454158782959e-01
0.000000000000000000e+00 0.000000000000000000e+00 0.000000000000000000e+00 1.000000000000000000e+00
9.355025887489318848e-01 3.481106162071228027e-01 6.044616922736167908e-02 -5.474291369318962097e-02
-3.388857841491699219e-01 9.324563145637512207e-01 -1.252255737781524658e-01 5.802796781063079834e-02
-9.995581954717636108e-02 9.666445851325988770e-02 9.902852773666381836e-01 -2.884931862354278564e-01
0.000000000000000000e+00 0.000000000000000000e+00 0.000000000000000000e+00 1.000000000000000000e+00
8.907951712608337402e-01 4.521200656890869141e-01 4.551047831773757935e-02 -4.708167910575866699e-02
-4.428654015064239502e-01 8.862359523773193359e-01 -1.358529329299926758e-01 6.563146412372589111e-02
-1.017548963427543640e-01 1.008621007204055786e-01 9.896832108497619629e-01 -2.895257174968719482e-01
0.000000000000000000e+00 0.000000000000000000e+00 0.000000000000000000e+00 1.000000000000000000e+00
8.411895632743835449e-01 5.394425392150878906e-01 3.742769360542297363e-02 -4.135061427950859070e-02
-5.271501541137695312e-01 8.335028886795043945e-01 -1.654845774173736572e-01 7.858750969171524048e-02
-1.204656213521957397e-01 1.194739341735839844e-01 9.855024814605712891e-01 -2.878880798816680908e-01
0.000000000000000000e+00 0.000000000000000000e+00 0.000000000000000000e+00 1.000000000000000000e+00
7.873303890228271484e-01 6.161172986030578613e-01 2.259777486324310303e-02 -3.382603451609611511e-02
-6.044560670852661133e-01 7.786090373992919922e-01 -1.685236394405364990e-01 8.348633348941802979e-02
-1.214251965284347534e-01 1.190242096781730652e-01 9.854382872581481934e-01 -2.888143658638000488e-01
0.000000000000000000e+00 0.000000000000000000e+00 0.000000000000000000e+00 1.000000000000000000e+00
7.178297638893127441e-01 6.961388587951660156e-01 -1.052777655422687531e-02 -1.846327446401119232e-02
-6.878726482391357422e-01 7.068095803260803223e-01 -1.650789380073547363e-01 8.506853133440017700e-02
-1.074767783284187317e-01 1.257403343915939331e-01 9.862241744995117188e-01 -2.899993360042572021e-01
0.000000000000000000e+00 0.000000000000000000e+00 0.000000000000000000e+00 1.000000000000000000e+00
6.420595049858093262e-01 7.666161656379699707e-01 -7.687555626034736633e-03 -1.417138800024986267e-02
-7.598835229873657227e-01 6.350270509719848633e-01 -1.389873176813125610e-01 7.955437898635864258e-02
-1.016681343317031860e-01 9.507976472377777100e-02 9.902642965316772461e-01 -2.932662665843963623e-01
0.000000000000000000e+00 0.000000000000000000e+00 0.000000000000000000e+00 1.000000000000000000e+00
5.425871610641479492e-01 8.396063446998596191e-01 -2.569610625505447388e-02 -2.625995548442006111e-03
-8.373412489891052246e-01 5.381852388381958008e-01 -9.600168466567993164e-02 6.798835098743438721e-02
-6.677436083555221558e-02 7.360568642616271973e-02 9.950494170188903809e-01 -2.983738183975219727e-01
0.000000000000000000e+00 0.000000000000000000e+00 0.000000000000000000e+00 1.000000000000000000e+00
4.462489783763885498e-01 8.926092982292175293e-01 -6.411149352788925171e-02 1.593680679798126221e-02
-8.947171568870544434e-01 4.435246884822845459e-01 -5.260115489363670349e-02 5.503930896520614624e-02
-1.851726695895195007e-02 8.083487302064895630e-02 9.965555071830749512e-01 -3.029293417930603027e-01
0.000000000000000000e+00 0.000000000000000000e+00 0.000000000000000000e+00 1.000000000000000000e+00
3.513599932193756104e-01 9.332005381584167480e-01 -7.538527250289916992e-02 2.369746379554271698e-02
-9.361774325370788574e-01 3.511293828487396240e-01 -1.672988571226596832e-02 4.118553176522254944e-02
1.085764076560735703e-02 7.645221054553985596e-02 9.970141053199768066e-01 -3.046013712882995605e-01
0.000000000000000000e+00 0.000000000000000000e+00 0.000000000000000000e+00 1.000000000000000000e+00
2.702215015888214111e-01 9.580932259559631348e-01 -9.506590664386749268e-02 3.244487568736076355e-02
-9.603565335273742676e-01 2.752464711666107178e-01 4.420907795429229736e-02 1.798393577337265015e-02
6.852295994758605957e-02 7.935094833374023438e-02 9.944888353347778320e-01 -3.043897449970245361e-01
0.000000000000000000e+00 0.000000000000000000e+00 0.000000000000000000e+00 1.000000000000000000e+00
1.974371969699859619e-01 9.719344377517700195e-01 -1.279172003269195557e-01 4.430619999766349792e-02
-9.718697667121887207e-01 2.111539840698242188e-01 1.043219789862632751e-01 -4.118509590625762939e-03
1.284041702747344971e-01 1.037217453122138977e-01 9.862824082374572754e-01 -3.030439615249633789e-01
0.000000000000000000e+00 0.000000000000000000e+00 0.000000000000000000e+00 1.000000000000000000e+00
1.123713925480842590e-01 9.851291775703430176e-01 -1.299726665019989014e-01 4.684416949748992920e-02
-9.720091819763183594e-01 1.361374855041503906e-01 1.914791166782379150e-01 -3.364809229969978333e-02
2.063258141279220581e-01 1.048178300261497498e-01 9.728528857231140137e-01 -3.001933991909027100e-01
0.000000000000000000e+00 0.000000000000000000e+00 0.000000000000000000e+00 1.000000000000000000e+00
1.921757459640502930e-01 9.751195311546325684e-01 -1.105042546987533569e-01 3.975592553615570068e-02
-9.548362493515014648e-01 2.117951810359954834e-01 2.084011435508728027e-01 -3.887863457202911377e-02
2.266201078891754150e-01 6.546381860971450806e-02 9.717803001403808594e-01 -2.976312637329101562e-01
0.000000000000000000e+00 0.000000000000000000e+00 0.000000000000000000e+00 1.000000000000000000e+00
2.711474001407623291e-01 9.559722542762756348e-01 -1.122315376996994019e-01 3.832889348268508911e-02
-9.401004910469055176e-01 2.880493998527526855e-01 1.823142617940902710e-01 -2.858274430036544800e-02
2.066156268119812012e-01 5.607489868998527527e-02 9.768139719963073730e-01 -2.968994975090026855e-01
0.000000000000000000e+00 0.000000000000000000e+00 0.000000000000000000e+00 1.000000000000000000e+00
3.279741704463958740e-01 9.375109672546386719e-01 -1.162142902612686157e-01 3.761446848511695862e-02
-9.352512955665588379e-01 3.395755290985107422e-01 9.996517747640609741e-02 1.587803999427706003e-04
1.331819593906402588e-01 7.590362429618835449e-02 9.881805777549743652e-01 -2.965033054351806641e-01
0.000000000000000000e+00 0.000000000000000000e+00 0.000000000000000000e+00 1.000000000000000000e+00
3.624133169651031494e-01 9.190988540649414062e-01 -1.546397358179092407e-01 4.809356108307838440e-02
-9.294880628585815430e-01 3.686359822750091553e-01 1.263591833412647247e-02 3.111851774156093597e-02
6.861943006515502930e-02 1.391563862562179565e-01 9.878904819488525391e-01 -2.924877405166625977e-01
0.000000000000000000e+00 0.000000000000000000e+00 0.000000000000000000e+00 1.000000000000000000e+00
3.934225440025329590e-01 9.043920636177062988e-01 -1.652062088251113892e-01 4.983335360884666443e-02
-9.193490743637084961e-01 3.877885043621063232e-01 -6.645981222391128540e-02 5.776880308985710144e-02
3.959360532462596893e-03 1.780289858579635620e-01 9.840169548988342285e-01 -2.874616384506225586e-01
0.000000000000000000e+00 0.000000000000000000e+00 0.000000000000000000e+00 1.000000000000000000e+00
4.523832798004150391e-01 8.700214028358459473e-01 -1.959890574216842651e-01 5.594625696539878845e-02
-8.900402784347534180e-01 4.265505969524383545e-01 -1.608816981315612793e-01 8.686015009880065918e-02
-5.637136846780776978e-02 2.472183406352996826e-01 9.673182964324951172e-01 -2.772358059883117676e-01
0.000000000000000000e+00 0.000000000000000000e+00 0.000000000000000000e+00 1.000000000000000000e+00
5.267589688301086426e-01 8.296078443527221680e-01 -1.851383000612258911e-01 4.682822525501251221e-02
-8.438819646835327148e-01 4.842875599861145020e-01 -2.309290170669555664e-01 1.062763631343841553e-01
-1.019203886389732361e-01 2.778790593147277832e-01 9.551939964294433594e-01 -2.694822251796722412e-01
0.000000000000000000e+00 0.000000000000000000e+00 0.000000000000000000e+00 1.000000000000000000e+00
5.877499580383300781e-01 7.897602319717407227e-01 -1.755812615156173706e-01 3.996662795543670654e-02
-7.970882654190063477e-01 5.280950069427490234e-01 -2.928572595119476318e-01 1.213948354125022888e-01
-1.385636627674102783e-01 3.120806217193603516e-01 9.398961663246154785e-01 -2.614057660102844238e-01
0.000000000000000000e+00 0.000000000000000000e+00 0.000000000000000000e+00 1.000000000000000000e+00
6.644676923751831055e-01 7.326697111129760742e-01 -1.472324579954147339e-01 2.553222142159938812e-02
-7.243494391441345215e-01 5.829557180404663086e-01 -3.680756986141204834e-01 1.369035542011260986e-01
-1.838481575250625610e-01 3.512223660945892334e-01 9.180645942687988281e-01 -2.501493096351623535e-01
0.000000000000000000e+00 0.000000000000000000e+00 0.000000000000000000e+00 1.000000000000000000e+00
7.263502478599548340e-01 6.742600798606872559e-01 -1.333753168582916260e-01 1.774036884307861328e-02
-6.516640186309814453e-01 6.138815283775329590e-01 -4.455150663852691650e-01 1.525962948799133301e-01
-2.185163944959640503e-01 4.105156660079956055e-01 8.852840065956115723e-01 -2.354396134614944458e-01
0.000000000000000000e+00 0.000000000000000000e+00 0.000000000000000000e+00 1.000000000000000000e+00
7.462486624717712402e-01 6.556121110916137695e-01 -1.152604371309280396e-01 1.058657467365264893e-02
-6.048721671104431152e-01 5.955597162246704102e-01 -5.286182761192321777e-01 1.714765429496765137e-01
-2.779241204261779785e-01 4.641984999179840088e-01 8.409976959228515625e-01 -2.148682326078414917e-01
0.000000000000000000e+00 0.000000000000000000e+00 0.000000000000000000e+00 1.000000000000000000e+00
7.823739647865295410e-01 6.100986003875732422e-01 -1.251825988292694092e-01 1.055604405701160431e-02
-5.355246663093566895e-01 5.563812851905822754e-01 -6.353370547294616699e-01 1.987474113702774048e-01
-3.179689645767211914e-01 5.641096234321594238e-01 7.620211243629455566e-01 -1.860106736421585083e-01
0.000000000000000000e+00 0.000000000000000000e+00 0.000000000000000000e+00 1.000000000000000000e+00
8.013301491737365723e-01 5.851622223854064941e-01 -1.243203058838844299e-01 8.686457760632038116e-03
-4.835452437400817871e-01 5.112218856811523438e-01 -7.105183005332946777e-01 2.186869531869888306e-01
-3.522128462791442871e-01 6.294739842414855957e-01 6.926102042198181152e-01 -1.613861173391342163e-01
0.000000000000000000e+00 0.000000000000000000e+00 0.000000000000000000e+00 1.000000000000000000e+00
8.279334306716918945e-01 5.478144884109497070e-01 -1.201042085886001587e-01 5.008524749428033829e-03
-4.183859825134277344e-01 4.607108831405639648e-01 -7.827508449554443359e-01 2.374644726514816284e-01
-3.734689056873321533e-01 6.983153820037841797e-01 6.106358766555786133e-01 -1.380638331174850464e-01
0.000000000000000000e+00 0.000000000000000000e+00 0.000000000000000000e+00 1.000000000000000000e+00
8.559935092926025391e-01 5.102177262306213379e-01 -8.338361978530883789e-02 -7.641950156539678574e-03
-3.349870145320892334e-01 4.245398640632629395e-01 -8.411594033241271973e-01 2.516365051269531250e-01
-3.937749266624450684e-01 7.479594349861145020e-01 5.343196392059326172e-01 -1.175019592046737671e-01
0.000000000000000000e+00 0.000000000000000000e+00 0.000000000000000000e+00 1.000000000000000000e+00
8.732502460479736328e-01 4.842323958873748779e-01 -5.434298887848854065e-02 -1.647436805069446564e-02
-2.324755936861038208e-01 3.160111606121063232e-01 -9.198324084281921387e-01 2.664273083209991455e-01
-4.282398223876953125e-01 8.158771395683288574e-01 3.885290324687957764e-01 -7.762084156274795532e-02
0.000000000000000000e+00 0.000000000000000000e+00 0.000000000000000000e+00 1.000000000000000000e+00
8.505217432975769043e-01 5.250490903854370117e-01 -3.059757687151432037e-02 -2.762086875736713409e-02
-1.153312772512435913e-01 1.294306963682174683e-01 -9.848585128784179688e-01 2.835375368595123291e-01
-5.131390094757080078e-01 8.411728739738464355e-01 1.706381738185882568e-01 -1.388164702802896500e-02
0.000000000000000000e+00 0.000000000000000000e+00 0.000000000000000000e+00 1.000000000000000000e+00
8.515849709510803223e-01 5.228009223937988281e-01 -3.850034624338150024e-02 -2.259383909404277802e-02
-1.112560108304023743e-01 1.084758415818214417e-01 -9.878535270690917969e-01 2.833984196186065674e-01
-5.122745633125305176e-01 8.455244898796081543e-01 1.505411416292190552e-01 -1.524123270064592361e-02
0.000000000000000000e+00 0.000000000000000000e+00 0.000000000000000000e+00 1.000000000000000000e+00
7.986625432968139648e-01 6.012817025184631348e-01 -2.447102405130863190e-02 -2.226262912154197693e-02
-1.088828593492507935e-01 1.043931245803833008e-01 -9.885576963424682617e-01 2.833837866783142090e-01
-5.918470025062561035e-01 7.921881675720214844e-01 1.488441377878189087e-01 -1.394261047244071960e-02
0.000000000000000000e+00 0.000000000000000000e+00 0.000000000000000000e+00 1.000000000000000000e+00
7.856096029281616211e-01 6.165820360183715820e-01 -5.142055079340934753e-02 -1.421822328120470047e-02
-2.483929395675659180e-01 2.381845414638519287e-01 -9.389189481735229492e-01 2.753109037876129150e-01
-5.666726827621459961e-01 7.503962516784667969e-01 3.402746617794036865e-01 -5.833849683403968811e-02
0.000000000000000000e+00 0.000000000000000000e+00 0.000000000000000000e+00 1.000000000000000000e+00
8.041282892227172852e-01 5.904663801193237305e-01 -6.875285506248474121e-02 -9.494072757661342621e-03
-3.031811714172363281e-01 3.078809678554534912e-01 -9.018257856369018555e-01 2.672142088413238525e-01
-5.113306641578674316e-01 7.460284233093261719e-01 4.265943765640258789e-01 -8.356763422489166260e-02
0.000000000000000000e+00 0.000000000000000000e+00 0.000000000000000000e+00 1.000000000000000000e+00
7.974683642387390137e-01 5.976451635360717773e-01 -8.285362273454666138e-02 -6.209605373442173004e-03
-3.662048876285552979e-01 3.702971339225769043e-01 -8.536829948425292969e-01 2.568315267562866211e-01
-4.795186519622802734e-01 7.111262083053588867e-01 5.141610503196716309e-01 -1.091332882642745972e-01
0.000000000000000000e+00 0.000000000000000000e+00 0.000000000000000000e+00 1.000000000000000000e+00
8.238397240638732910e-01 5.630134344100952148e-01 -6.559852510690689087e-02 -1.662084273993968964e-02
-4.533052742481231689e-01 5.849440693855285645e-01 -6.725732088088989258e-01 2.185031175613403320e-01
-3.402964472770690918e-01 5.838291049003601074e-01 7.371175289154052734e-01 -1.780786216259002686e-01
0.000000000000000000e+00 0.000000000000000000e+00 0.000000000000000000e+00 1.000000000000000000e+00
8.208759427070617676e-01 5.696388483047485352e-01 -4.092007875442504883e-02 -2.517918497323989868e-02
-4.738298356533050537e-01 6.393065452575683594e-01 -6.056167483329772949e-01 1.991653144359588623e-01
-3.188224434852600098e-01 5.165252089500427246e-01 7.947033643722534180e-01 -1.958123594522476196e-01
0.000000000000000000e+00 0.000000000000000000e+00 0.000000000000000000e+00 1.000000000000000000e+00
8.478301167488098145e-01 5.284202098846435547e-01 -4.422617331147193909e-02 -2.463849447667598724e-02
-4.676527678966522217e-01 7.057949304580688477e-01 -5.321231484413146973e-01 1.769685894250869751e-01
-2.499697655439376831e-01 4.718319773674011230e-01 8.455114364624023438e-01 -2.131553888320922852e-01
0.000000000000000000e+00 0.000000000000000000e+00 0.000000000000000000e+00 1.000000000000000000e+00
8.680554032325744629e-01 4.964630007743835449e-01 -2.155913738533854485e-03 -3.587017580866813660e-02
-4.573084712028503418e-01 7.978892922401428223e-01 -3.927360177040100098e-01 1.366692334413528442e-01
-1.932587921619415283e-01 3.419023752212524414e-01 9.196486473083496094e-01 -2.358072996139526367e-01
0.000000000000000000e+00 0.000000000000000000e+00 0.000000000000000000e+00 1.000000000000000000e+00
8.749472498893737793e-01 4.841909706592559814e-01 -5.137282889336347580e-03 -3.321896493434906006e-02
-4.690088927745819092e-01 8.447789549827575684e-01 -2.576391696929931641e-01 9.904323518276214600e-02
-1.204068288207054138e-01 2.278303205966949463e-01 9.662274122238159180e-01 -2.518681287765502930e-01
0.000000000000000000e+00 0.000000000000000000e+00 0.000000000000000000e+00 1.000000000000000000e+00
8.764386177062988281e-01 4.815111160278320312e-01 -1.501133199781179428e-03 -3.015669621527194977e-02
-4.811144769191741943e-01 8.755812644958496094e-01 -4.342880472540855408e-02 3.873304277658462524e-02
-1.959710568189620972e-02 3.878489509224891663e-02 9.990553855895996094e-01 -2.656826972961425781e-01
0.000000000000000000e+00 0.000000000000000000e+00 0.000000000000000000e+00 1.000000000000000000e+00
8.881468176841735840e-01 4.595570564270019531e-01 1.553489593788981438e-03 -2.969417721033096313e-02
-4.591271877288818359e-01 8.871592879295349121e-01 4.637389257550239563e-02 1.133404858410358429e-02
1.993326470255851746e-02 -4.190007224678993225e-02 9.989229440689086914e-01 -2.680486440658569336e-01
0.000000000000000000e+00 0.000000000000000000e+00 0.000000000000000000e+00 1.000000000000000000e+00
8.950886130332946777e-01 4.458386898040771484e-01 6.642360240221023560e-03 -3.065812774002552032e-02
-4.418282508850097656e-01 8.848345279693603516e-01 1.478359997272491455e-01 -1.987300254404544830e-02
6.003366783261299133e-02 -1.352610886096954346e-01 9.889895915985107422e-01 -2.671280503273010254e-01
0.000000000000000000e+00 0.000000000000000000e+00 0.000000000000000000e+00 1.000000000000000000e+00
8.977600932121276855e-01 4.404829144477844238e-01 1.162416301667690277e-03 -2.906517684459686279e-02
-4.261557161808013916e-01 8.678857684135437012e-01 2.552753984928131104e-01 -5.344804376363754272e-02
1.114356592297554016e-01 -2.296714335680007935e-01 9.668676257133483887e-01 -2.627284228801727295e-01
0.000000000000000000e+00 0.000000000000000000e+00 0.000000000000000000e+00 1.000000000000000000e+00
9.013150930404663086e-01 4.331621527671813965e-01 9.149547549895942211e-04 -2.853470481932163239e-02
-4.030886292457580566e-01 8.379620313644409180e-01 3.678844273090362549e-01 -9.066463261842727661e-02
1.585869938135147095e-01 -3.319484889507293701e-01 9.298710823059082031e-01 -2.532389760017395020e-01
0.000000000000000000e+00 0.000000000000000000e+00 0.000000000000000000e+00 1.000000000000000000e+00
9.092440009117126465e-01 4.162521064281463623e-01 2.910902258008718491e-03 -3.014892525970935822e-02
-3.715816140174865723e-01 8.084765672683715820e-01 4.563913345336914062e-01 -1.200190037488937378e-01
1.876207143068313599e-01 -4.160527586936950684e-01 8.897741436958312988e-01 -2.432678341865539551e-01
0.000000000000000000e+00 0.000000000000000000e+00 0.000000000000000000e+00 1.000000000000000000e+00
9.189377427101135254e-01 3.944030702114105225e-01 7.861827034503221512e-04 -3.249989449977874756e-02
-3.297000229358673096e-01 7.670857310295104980e-01 5.503432750701904297e-01 -1.513992697000503540e-01
2.164539694786071777e-01 -5.059897899627685547e-01 8.349381685256958008e-01 -2.297518849372863770e-01
0.000000000000000000e+00 0.000000000000000000e+00 0.000000000000000000e+00 1.000000000000000000e+00
9.137008786201477051e-01 4.056956470012664795e-01 2.368955872952938080e-02 -4.059951379895210266e-02
-3.288528025150299072e-01 7.038716673851013184e-01 6.296193599700927734e-01 -1.753942966461181641e-01
2.387596070766448975e-01 -5.830740928649902344e-01 7.765424847602844238e-01 -2.157130986452102661e-01
0.000000000000000000e+00 0.000000000000000000e+00 0.000000000000000000e+00 1.000000000000000000e+00
9.213775992393493652e-01 3.860653042793273926e-01 4.491776973009109497e-02 -4.883155226707458496e-02
-2.957974672317504883e-01 6.215488910675048828e-01 7.253830432891845703e-01 -2.060769498348236084e-01
2.521267235279083252e-01 -6.816380023956298828e-01 6.868782639503479004e-01 -1.905417740345001221e-01
0.000000000000000000e+00 0.000000000000000000e+00 0.000000000000000000e+00 1.000000000000000000e+00
9.301547408103942871e-01 3.624175786972045898e-01 5.886866524815559387e-02 -5.476541072130203247e-02
-2.640786170959472656e-01 5.489482879638671875e-01 7.930431962013244629e-01 -2.284345775842666626e-01
2.550969123840332031e-01 -7.531988024711608887e-01 6.063136458396911621e-01 -1.663684248924255371e-01
0.000000000000000000e+00 0.000000000000000000e+00 0.000000000000000000e+00 1.000000000000000000e+00
9.398327469825744629e-01 3.371591567993164062e-01 5.512248724699020386e-02 -5.574356392025947571e-02
-2.204232662916183472e-01 4.751622974872589111e-01 8.518415093421936035e-01 -2.487980872392654419e-01
2.610141336917877197e-01 -8.127388954162597656e-01 5.208909511566162109e-01 -1.420557349920272827e-01
0.000000000000000000e+00 0.000000000000000000e+00 0.000000000000000000e+00 1.000000000000000000e+00
9.508504867553710938e-01 3.053949475288391113e-01 5.115674436092376709e-02 -5.778529495000839233e-02
-1.802616566419601440e-01 4.115999042987823486e-01 8.933594822883605957e-01 -2.628773152828216553e-01
2.517713308334350586e-01 -8.586727380752563477e-01 4.464210569858551025e-01 -1.209554001688957214e-01
0.000000000000000000e+00 0.000000000000000000e+00 0.000000000000000000e+00 1.000000000000000000e+00
9.622945189476013184e-01 2.679672837257385254e-01 4.672237485647201538e-02 -5.923696234822273254e-02
-1.414555162191390991e-01 3.462786376476287842e-01 9.274057745933532715e-01 -2.758854329586029053e-01
2.323353886604309082e-01 -8.990464210510253906e-01 3.711273670196533203e-01 -9.774310886859893799e-02
0.000000000000000000e+00 0.000000000000000000e+00 0.000000000000000000e+00 1.000000000000000000e+00
9.687545299530029297e-01 2.400022000074386597e-01 6.256180256605148315e-02 -6.657923758029937744e-02
-1.272665858268737793e-01 2.645153105258941650e-01 9.559471607208251953e-01 -2.894257903099060059e-01
2.128808647394180298e-01 -9.340399503707885742e-01 2.867946922779083252e-01 -6.761701405048370361e-02
0.000000000000000000e+00 0.000000000000000000e+00 0.000000000000000000e+00 1.000000000000000000e+00
9.829350113868713379e-01 1.775893121957778931e-01 4.796369746327400208e-02 -6.516979634761810303e-02
-7.453572005033493042e-02 1.461225450038909912e-01 9.864544272422790527e-01 -3.031874597072601318e-01
1.681752204895019531e-01 -9.731958508491516113e-01 1.568656265735626221e-01 -2.243541739881038666e-02
0.000000000000000000e+00 0.000000000000000000e+00 0.000000000000000000e+00 1.000000000000000000e+00
9.970815777778625488e-01 7.618310302495956421e-02 -4.868644289672374725e-03 -5.191183462738990784e-02
-4.239445552229881287e-03 1.189386546611785889e-01 9.928925037384033203e-01 -3.070788085460662842e-01
7.622072845697402954e-02 -9.899743795394897461e-01 1.189144551753997803e-01 -1.059555821120738983e-02
0.000000000000000000e+00 0.000000000000000000e+00 0.000000000000000000e+00 1.000000000000000000e+00
9.970148801803588867e-01 7.695970684289932251e-02 -6.231242325156927109e-03 -5.214205384254455566e-02
-1.281214226037263870e-02 2.444853484630584717e-01 9.695684909820556641e-01 -3.008902072906494141e-01
7.614112645387649536e-02 -9.665940999984741211e-01 2.447414398193359375e-01 -5.120771750807762146e-02
0.000000000000000000e+00 0.000000000000000000e+00 0.000000000000000000e+00 1.000000000000000000e+00
9.986225962638854980e-01 2.134628035128116608e-02 -4.792883992195129395e-02 -3.775447979569435120e-02
3.962859138846397400e-02 2.918205559253692627e-01 9.556517004966735840e-01 -3.076115250587463379e-01
3.438623249530792236e-02 -9.562348127365112305e-01 2.905727028846740723e-01 -6.389465183019638062e-02
0.000000000000000000e+00 0.000000000000000000e+00 0.000000000000000000e+00 1.000000000000000000e+00
9.898049831390380859e-01 -5.638734251260757446e-02 -1.307901740074157715e-01 -5.811510141938924789e-03
1.413441300392150879e-01 2.758328020572662354e-01 9.507568478584289551e-01 -3.178759813308715820e-01
-1.753441616892814636e-02 -9.595502614974975586e-01 2.809907793998718262e-01 -5.823921784758567810e-02
0.000000000000000000e+00 0.000000000000000000e+00 0.000000000000000000e+00 1.000000000000000000e+00
9.679906368255615234e-01 -8.054614812135696411e-02 -2.377106696367263794e-01 3.022745065391063690e-02
2.505322098731994629e-01 2.531464993953704834e-01 9.344254732131958008e-01 -3.229178190231323242e-01
-1.508873701095581055e-02 -9.640690684318542480e-01 2.652228176593780518e-01 -5.172688141465187073e-02
0.000000000000000000e+00 0.000000000000000000e+00 0.000000000000000000e+00 1.000000000000000000e+00
9.727658629417419434e-01 -3.164688870310783386e-02 -2.296195775270462036e-01 2.529193647205829620e-02
2.287753969430923462e-01 2.903414666652679443e-01 9.291738867759704590e-01 -3.213035762310028076e-01
3.726262226700782776e-02 -9.563995599746704102e-01 2.896743416786193848e-01 -6.346780061721801758e-02
0.000000000000000000e+00 0.000000000000000000e+00 0.000000000000000000e+00 1.000000000000000000e+00
9.845579266548156738e-01 2.626590989530086517e-02 -1.730774194002151489e-01 3.369215875864028931e-03
1.550486683845520020e-01 3.281773924827575684e-01 9.318043589591979980e-01 -3.185662925243377686e-01
8.127477765083312988e-02 -9.442505836486816406e-01 3.190372288227081299e-01 -7.819484919309616089e-02
0.000000000000000000e+00 0.000000000000000000e+00 0.000000000000000000e+00 1.000000000000000000e+00
9.878080487251281738e-01 1.108903959393501282e-01 -1.092635318636894226e-01 -2.057593874633312225e-02
6.068184971809387207e-02 3.720763325691223145e-01 9.262163639068603516e-01 -3.114378154277801514e-01
1.433628499507904053e-01 -9.215544462203979492e-01 3.608108758926391602e-01 -9.929891675710678101e-02
0.000000000000000000e+00 0.000000000000000000e+00 0.000000000000000000e+00 1.000000000000000000e+00
9.828040599822998047e-01 1.839142441749572754e-01 -1.648271642625331879e-02 -5.360812321305274963e-02
-4.155370965600013733e-02 3.072605133056640625e-01 9.507179260253906250e-01 -3.136938810348510742e-01
1.799150258302688599e-01 -9.336843490600585938e-01 3.096192479133605957e-01 -8.649804443120956421e-02
0.000000000000000000e+00 0.000000000000000000e+00 0.000000000000000000e+00 1.000000000000000000e+00
9.273259043693542480e-01 3.631240129470825195e-01 9.059407562017440796e-02 -8.723451197147369385e-02
-2.174553126096725464e-01 3.257741034030914307e-01 9.200998544692993164e-01 -2.942016124725341797e-01
3.045974969863891602e-01 -8.729331493377685547e-01 3.810624182224273682e-01 -1.202131509780883789e-01
0.000000000000000000e+00 0.000000000000000000e+00 0.000000000000000000e+00 1.000000000000000000e+00
8.824911117553710938e-01 4.608213007450103760e-01 9.409425407648086548e-02 -8.665059506893157959e-02
-2.757836580276489258e-01 3.449395895004272461e-01 8.971958160400390625e-01 -2.821128368377685547e-01
3.809901475906372070e-01 -8.177168965339660645e-01 4.314931929111480713e-01 -1.452958136796951294e-01
0.000000000000000000e+00 0.000000000000000000e+00 0.000000000000000000e+00 1.000000000000000000e+00
8.443555831909179688e-01 5.316703915596008301e-01 6.626010686159133911e-02 -7.581434398889541626e-02
-3.303704261779785156e-01 4.192826151847839355e-01 8.456108570098876953e-01 -2.629366219043731689e-01
4.218043386936187744e-01 -7.358862161636352539e-01 5.296713709831237793e-01 -1.815655082464218140e-01
0.000000000000000000e+00 0.000000000000000000e+00 0.000000000000000000e+00 1.000000000000000000e+00
8.088744878768920898e-01 5.858364701271057129e-01 5.017353594303131104e-02 -6.816510111093521118e-02
-4.201950132846832275e-01 5.162563323974609375e-01 7.462674975395202637e-01 -2.242719382047653198e-01
4.112885296344757080e-01 -6.247193217277526855e-01 6.637527346611022949e-01 -2.256336957216262817e-01
0.000000000000000000e+00 0.000000000000000000e+00 0.000000000000000000e+00 1.000000000000000000e+00
7.791142463684082031e-01 6.259939670562744141e-01 3.336004912853240967e-02 -6.096741184592247009e-02
-5.050090551376342773e-01 5.952270030975341797e-01 6.250367760658264160e-01 -1.781847774982452393e-01
3.714122474193572998e-01 -5.038221478462219238e-01 7.798817753791809082e-01 -2.613858580589294434e-01
0.000000000000000000e+00 0.000000000000000000e+00 0.000000000000000000e+00 1.000000000000000000e+00
7.558152079582214355e-01 6.545040607452392578e-01 1.918230950832366943e-02 -5.531722679734230042e-02
-5.631115436553955078e-01 6.347681879997253418e-01 5.291261672973632812e-01 -1.422442793846130371e-01
3.341390490531921387e-01 -4.107232093811035156e-01 8.483266830444335938e-01 -2.821562290191650391e-01
0.000000000000000000e+00 0.000000000000000000e+00 0.000000000000000000e+00 1.000000000000000000e+00
6.573075652122497559e-01 7.532638907432556152e-01 2.325977385044097900e-02 -4.984205588698387146e-02
-6.761640906333923340e-01 5.758383274078369141e-01 4.595777690410614014e-01 -1.110186353325843811e-01
3.327893614768981934e-01 -3.178111016750335693e-01 8.878325819969177246e-01 -2.966097593307495117e-01
0.000000000000000000e+00 0.000000000000000000e+00 0.000000000000000000e+00 1.000000000000000000e+00
5.859763622283935547e-01 8.102366328239440918e-01 -1.216902863234281540e-02 -3.274719044566154480e-02
-7.424573898315429688e-01 5.428524613380432129e-01 3.925149440765380859e-01 -8.396454155445098877e-02
3.246361017227172852e-01 -2.209694683551788330e-01 9.196650385856628418e-01 -3.081129789352416992e-01
0.000000000000000000e+00 0.000000000000000000e+00 0.000000000000000000e+00 1.000000000000000000e+00
5.427986979484558105e-01 8.389644026756286621e-01 -3.883583098649978638e-02 -1.999843306839466095e-02
-7.841244339942932129e-01 5.227980017662048340e-01 3.344116210937500000e-01 -6.056178361177444458e-02
3.008627593517303467e-01 -1.510660797357559204e-01 9.416266083717346191e-01 -3.141440451145172119e-01
0.000000000000000000e+00 0.000000000000000000e+00 0.000000000000000000e+00 1.000000000000000000e+00
5.083152651786804199e-01 8.550410270690917969e-01 -1.025689989328384399e-01 4.483387339860200882e-03
-8.173171281814575195e-01 5.165192484855651855e-01 2.553437650203704834e-01 -3.125517442822456360e-02
2.713082730770111084e-01 -4.596368595957756042e-02 9.613943696022033691e-01 -3.196146786212921143e-01
0.000000000000000000e+00 0.000000000000000000e+00 0.000000000000000000e+00 1.000000000000000000e+00
4.461221694946289062e-01 8.820321559906005859e-01 -1.516384482383728027e-01 2.647020854055881500e-02
-8.572902679443359375e-01 4.698069691658020020e-01 2.105579078197479248e-01 -1.336084306240081787e-02
2.569596469402313232e-01 3.606367111206054688e-02 9.657490253448486328e-01 -3.205311596393585205e-01
0.000000000000000000e+00 0.000000000000000000e+00 0.000000000000000000e+00 1.000000000000000000e+00
3.566752672195434570e-01 9.010775685310363770e-01 -2.466616928577423096e-01 6.525990366935729980e-02
-8.964483737945556641e-01 4.044313430786132812e-01 1.811517775058746338e-01 -5.877655348740518093e-04
2.629894614219665527e-01 1.565070748329162598e-01 9.520198106765747070e-01 -3.160798549652099609e-01
0.000000000000000000e+00 0.000000000000000000e+00 0.000000000000000000e+00 1.000000000000000000e+00
2.964128255844116211e-01 8.893218636512756348e-01 -3.482027947902679443e-01 1.035426780581474304e-01
-9.138119220733642578e-01 3.700798153877258301e-01 1.672999560832977295e-01 5.370642989873886108e-03
2.776462733745574951e-01 2.686021327972412109e-01 9.223692417144775391e-01 -3.072140216827392578e-01
0.000000000000000000e+00 0.000000000000000000e+00 0.000000000000000000e+00 1.000000000000000000e+00
2.721271514892578125e-01 8.597373366355895996e-01 -4.322022199630737305e-01 1.324683278799057007e-01
-9.336632490158081055e-01 3.445956408977508545e-01 9.760835021734237671e-02 3.027919866144657135e-02
2.328524440526962280e-01 3.769694268703460693e-01 8.964791893959045410e-01 -2.951148152351379395e-01
0.000000000000000000e+00 0.000000000000000000e+00 0.000000000000000000e+00 1.000000000000000000e+00
1.778465807437896729e-01 7.871610522270202637e-01 -5.905496478080749512e-01 1.909521073102951050e-01
-9.628651142120361328e-01 2.630746662616729736e-01 6.068932637572288513e-02 4.303680360317230225e-02
2.031309753656387329e-01 5.578259229660034180e-01 8.047170639038085938e-01 -2.629006803035736084e-01
0.000000000000000000e+00 0.000000000000000000e+00 0.000000000000000000e+00 1.000000000000000000e+00
1.359486132860183716e-01 6.875241994857788086e-01 -7.133223414421081543e-01 2.338875830173492432e-01
-9.735871553421020508e-01 2.260201722383499146e-01 3.229467943310737610e-02 5.310807377099990845e-02
1.834285259246826172e-01 6.900907158851623535e-01 7.000920176506042480e-01 -2.278245240449905396e-01
0.000000000000000000e+00 0.000000000000000000e+00 0.000000000000000000e+00 1.000000000000000000e+00
1.073681786656379700e-01 5.826293826103210449e-01 -8.056141734123229980e-01 2.652768492698669434e-01
-9.837657213211059570e-01 1.794509142637252808e-01 -1.330324914306402206e-03 6.468281149864196777e-02
1.437931358814239502e-01 7.926787734031677246e-01 5.924385190010070801e-01 -1.905471384525299072e-01
0.000000000000000000e+00 0.000000000000000000e+00 0.000000000000000000e+00 1.000000000000000000e+00
7.909750193357467651e-02 5.210886597633361816e-01 -8.498296737670898438e-01 2.816207110881805420e-01
-9.904917478561401367e-01 1.373410969972610474e-01 -7.976256310939788818e-03 6.750382483005523682e-02
1.125601306557655334e-01 8.423798680305480957e-01 5.269974470138549805e-01 -1.674737334251403809e-01
0.000000000000000000e+00 0.000000000000000000e+00 0.000000000000000000e+00 1.000000000000000000e+00
1.516387164592742920e-01 5.187113881111145020e-01 -8.413941264152526855e-01 2.722437381744384766e-01
-9.882000088691711426e-01 9.815762937068939209e-02 -1.175831183791160583e-01 1.031646281480789185e-01
2.159753628075122833e-02 8.492959141731262207e-01 5.274754166603088379e-01 -1.604850143194198608e-01
0.000000000000000000e+00 0.000000000000000000e+00 0.000000000000000000e+00 1.000000000000000000e+00
2.606950402259826660e-01 5.868796706199645996e-01 -7.665572762489318848e-01 2.404664307832717896e-01
-9.602165818214416504e-01 7.528468221426010132e-02 -2.689173519611358643e-01 1.496629565954208374e-01
-1.001120135188102722e-01 8.061668872833251953e-01 5.831578373908996582e-01 -1.681194007396697998e-01
0.000000000000000000e+00 0.000000000000000000e+00 0.000000000000000000e+00 1.000000000000000000e+00
3.131470084190368652e-01 6.356581449508666992e-01 -7.056047916412353516e-01 2.182505875825881958e-01
-9.309626817703247070e-01 5.858487635850906372e-02 -3.603834211826324463e-01 1.760963946580886841e-01
-1.877428591251373291e-01 7.697447538375854492e-01 6.101196408271789551e-01 -1.701373606920242310e-01
0.000000000000000000e+00 0.000000000000000000e+00 0.000000000000000000e+00 1.000000000000000000e+00
3.563673496246337891e-01 6.523874998092651367e-01 -6.688745617866516113e-01 2.033011019229888916e-01
-8.921824693679809570e-01 2.497348748147487640e-02 -4.509848356246948242e-01 2.015722990036010742e-01
-2.775125801563262939e-01 7.574741244316101074e-01 5.909483432769775391e-01 -1.569109261035919189e-01
0.000000000000000000e+00 0.000000000000000000e+00 0.000000000000000000e+00 1.000000000000000000e+00
4.091895520687103271e-01 6.575310826301574707e-01 -6.326268911361694336e-01 1.869533956050872803e-01
-8.432363271713256836e-01 7.624440360814332962e-03 -5.374891161918640137e-01 2.245867252349853516e-01
-3.485922813415527344e-01 7.533886432647705078e-01 5.575735569000244141e-01 -1.393751353025436401e-01
0.000000000000000000e+00 0.000000000000000000e+00 0.000000000000000000e+00 1.000000000000000000e+00
5.048789381980895996e-01 6.601935029029846191e-01 -5.560949444770812988e-01 1.571571826934814453e-01
-7.347926497459411621e-01 -9.356848895549774170e-03 -6.782274842262268066e-01 2.581157684326171875e-01
-4.529643654823303223e-01 7.510375380516052246e-01 4.803811609745025635e-01 -1.036170646548271179e-01
0.000000000000000000e+00 0.000000000000000000e+00 0.000000000000000000e+00 1.000000000000000000e+00
6.075524091720581055e-01 7.034653425216674805e-01 -3.688031435012817383e-01 9.083991497755050659e-02
-5.758395195007324219e-01 7.029402256011962891e-02 -8.145350217819213867e-01 2.912782132625579834e-01
-5.470731258392333984e-01 7.072441577911376953e-01 4.477905333042144775e-01 -8.602289110422134399e-02
0.000000000000000000e+00 0.000000000000000000e+00 0.000000000000000000e+00 1.000000000000000000e+00
6.250945329666137695e-01 7.384158372879028320e-01 -2.529810369014739990e-01 5.704399198293685913e-02
-4.855758845806121826e-01 1.141208782792091370e-01 -8.667137622833251953e-01 3.017890751361846924e-01
-6.111243367195129395e-01 6.646192669868469238e-01 4.298930764198303223e-01 -7.619634270668029785e-02
0.000000000000000000e+00 0.000000000000000000e+00 0.000000000000000000e+00 1.000000000000000000e+00
5.750393867492675781e-01 7.973076105117797852e-01 -1.833841204643249512e-01 4.218371957540512085e-02
-3.888551294803619385e-01 6.914757192134857178e-02 -9.187003970146179199e-01 3.116668462753295898e-01
-7.198064923286437988e-01 5.995989441871643066e-01 3.497996926307678223e-01 -4.886293783783912659e-02
0.000000000000000000e+00 0.000000000000000000e+00 0.000000000000000000e+00 1.000000000000000000e+00
4.324504733085632324e-01 8.995407819747924805e-01 -6.174608692526817322e-02 1.872383244335651398e-02
-2.303033173084259033e-01 4.398900642991065979e-02 -9.721244573593139648e-01 3.189657926559448242e-01
-8.717492818832397461e-01 4.346158802509307861e-01 2.261902391910552979e-01 -9.424191899597644806e-03
0.000000000000000000e+00 0.000000000000000000e+00 0.000000000000000000e+00 1.000000000000000000e+00
2.707019150257110596e-01 9.583568572998046875e-01 9.095533937215805054e-02 -2.276377566158771515e-02
-2.495539784431457520e-01 1.611140072345733643e-01 -9.548636674880981445e-01 3.214842975139617920e-01
-9.297543764114379883e-01 2.357853651046752930e-01 2.827759385108947754e-01 -3.437172621488571167e-02
0.000000000000000000e+00 0.000000000000000000e+00 0.000000000000000000e+00 1.000000000000000000e+00
2.847740948200225830e-01 9.582122564315795898e-01 -2.706607803702354431e-02 1.660641282796859741e-02
-3.714694976806640625e-01 8.428125828504562378e-02 -9.246118068695068359e-01 3.146425187587738037e-01
-8.836933970451354980e-01 2.733596861362457275e-01 3.799480497837066650e-01 -6.400530040264129639e-02
0.000000000000000000e+00 0.000000000000000000e+00 0.000000000000000000e+00 1.000000000000000000e+00
2.724794149398803711e-01 9.615792632102966309e-01 -3.347102180123329163e-02 2.324043586850166321e-02
-4.576563239097595215e-01 9.892754256725311279e-02 -8.836086392402648926e-01 3.051813542842864990e-01
-8.463482260704040527e-01 2.560831904411315918e-01 4.670286774635314941e-01 -9.438211470842361450e-02
0.000000000000000000e+00 0.000000000000000000e+00 0.000000000000000000e+00 1.000000000000000000e+00
1.500152647495269775e-01 9.874281883239746094e-01 -4.981390014290809631e-02 3.406075015664100647e-02
-4.781059622764587402e-01 2.835080958902835846e-02 -8.778444528579711914e-01 3.033334314823150635e-01
-8.653957247734069824e-01 1.555061638355255127e-01 4.763484299182891846e-01 -9.939223527908325195e-02
