0.1767726689577103 0.7712091207504272 -0.6115455627441406 0.1968025863170624 
-0.9615064859390259 0.2681115865707397 0.06017878279089928 0.04271665960550308 
0.2103728652000427 0.5773670077323914 0.7889173626899719 -0.2580572366714478 
0 0 0 1 

0.134041503071785 0.6713243722915649 -0.7289421558380127 0.2380756735801697 
-0.9742170572280884 0.2239762842655182 0.02712861634790897 0.05377563461661339 
0.181477889418602 0.7065114378929138 0.6840376257896423 -0.2224623262882233 
0 0 0 1 

0.1092100590467453 0.5747364163398743 -0.8110185861587524 0.2660112082958221 
-0.9836918711662292 0.1797908544540405 -0.005051312036812305 0.06480173021554947 
0.1429104954004288 0.7983440756797791 0.5849985480308533 -0.1883495002985001 
0 0 0 1 

0.08289049565792084 0.5110512375831604 -0.8555440902709961 0.2823866903781891 
-0.9905970692634583 0.1360161602497101 -0.01472727116197348 0.06857236474752426 
0.1088414043188095 0.8487202525138855 0.5175204277038574 -0.1645655483007431 
0 0 0 1 

0.1575069725513458 0.5158708691596985 -0.84206223487854 0.2712591886520386 
-0.9872975945472717 0.1002720296382904 -0.1232436820864677 0.1034577488899231 
0.02085744775831699 0.8507777452468872 0.5251116156578064 -0.1597681939601898 
0 0 0 1 

0.2649602293968201 0.5721336007118225 -0.7761825323104858 0.2423717975616455 
-0.9595593810081482 0.07706631720066071 -0.2707518935203552 0.149137556552887 
-0.09508872777223587 0.8165317177772522 0.5694156289100647 -0.1643878817558289 
0 0 0 1 

0.3237749934196472 0.6131669878959656 -0.7205526828765869 0.2211887240409851 
-0.9279356598854065 0.05714261904358864 -0.3683345317840576 0.1775552332401276 
-0.1846761852502823 0.787883996963501 0.5874807238578796 -0.1632639020681381 
0 0 0 1 

0.3690079152584076 0.6293749213218689 -0.6839008331298828 0.2063468247652054 
-0.8891012072563171 0.0246446467936039 -0.4570467174053192 0.2022671103477478 
-0.2707991898059845 0.7767109274864197 0.5686720609664917 -0.1502949148416519 
0 0 0 1 

0.4255284070968628 0.6354525685310364 -0.6443025469779968 0.188576340675354 
-0.8390976786613464 0.01044322922825813 -0.5438807010650635 0.225373849272728 
-0.338881641626358 0.7720694541931152 0.5376505851745605 -0.1339743137359619 
0 0 0 1 

0.4493484497070312 0.6488410234451294 -0.6140775680541992 0.1779776811599731 
-0.7974386215209961 -0.01854325830936432 -0.6031150221824646 0.2367492020130157 
-0.4027128219604492 0.7606979012489319 0.5090785622596741 -0.1182634755969048 
0 0 0 1 

