-0.4438831806182861 -0.1763983070850372 -0.8785504698753357 0.314330130815506 
0.1010397374629974 0.964327335357666 -0.2446706593036652 0.08495918661355972 
0.890369713306427 -0.1973737478256226 -0.4102254509925842 0.1753100454807281 
0 0 0 1 

0.8917084336280823 0.04820692539215088 -0.4500356614589691 0.1097736060619354 
-0.4004616439342499 0.5473853349685669 -0.7348467111587524 0.2205885350704193 
0.2109182178974152 0.8354910612106323 0.5074132084846497 -0.08158567547798157 
0 0 0 1 

0.906000554561615 0.1827739328145981 -0.3817809224128723 0.09869931638240814 
-0.4228420853614807 0.4316695332527161 -0.7967846989631653 0.2374844253063202 
0.01917167939245701 0.8833203911781311 0.4683773815631866 -0.05826046317815781 
0 0 0 1 

0.8946660757064819 0.2776298522949219 -0.3499918580055237 0.09670871496200562 
-0.431914210319519 0.3374278247356415 -0.8364164233207703 0.2448806166648865 
-0.1141172498464584 0.8994798064231873 0.421797513961792 -0.03807614743709564 
0 0 0 1 

0.8552462458610535 0.3526293039321899 -0.3797452449798584 0.1110236719250679 
-0.4727190732955933 0.2305972129106522 -0.8505067229270935 0.2457281351089478 
-0.2123453766107559 0.906905472278595 0.3639119565486908 -0.01876835152506828 
0 0 0 1 

0.8097627758979797 0.409375011920929 -0.4203526973724365 0.124225065112114 
-0.5075198411941528 0.1291468441486359 -0.8519064784049988 0.2442139387130737 
-0.2944620251655579 0.9031794667243958 0.3123441934585571 -0.002095774048939347 
0 0 0 1 

0.7523156404495239 0.465337872505188 -0.4663494527339935 0.1388479322195053 
-0.5377887487411499 0.0249039139598608 -0.8427117466926575 0.240172803401947 
-0.3805316984653473 0.8847827315330505 0.2689890563488007 0.01091115083545446 
0 0 0 1 

0.6998116970062256 0.4632931053638458 -0.5437123775482178 0.1600490212440491 
-0.5740232467651367 -0.08829966187477112 -0.8140642642974854 0.2319092154502869 
-0.4251599311828613 0.8817951679229736 0.2041478604078293 0.03027828596532345 
0 0 0 1 

0.6253030896186829 0.4718359112739563 -0.6215841770172119 0.1837109327316284 
-0.6108919978141785 -0.1996781826019287 -0.7661198973655701 0.2146507650613785 
-0.4855996370315552 0.8587779402732849 0.1633814126253128 0.04249530658125877 
0 0 0 1 

0.6094602346420288 0.4807240962982178 -0.6304464340209961 0.185272604227066 
-0.6201675534248352 -0.2063256949186325 -0.7568499445915222 0.2112819999456406 
-0.4939133524894714 0.8522523045539856 0.1723822057247162 0.04042370617389679 
0 0 0 1 

