0.457486480474472 0.8862833380699158 -0.07216504216194153 0.01801928505301476 
-0.8890423178672791 0.4542816579341888 -0.05684908106923103 0.0560871995985508 
-0.01760114543139935 0.09016546607017517 0.9957712292671204 -0.302394300699234 
0 0 0 1 

0.3545464873313904 0.9319198131561279 -0.07630342245101929 0.02381232008337975 
-0.9349740743637085 0.3542966544628143 -0.01724338345229626 0.04115865379571915 
0.0109645863994956 0.0774553045630455 0.9969355463981628 -0.3045938313007355 
0 0 0 1 

0.2714139223098755 0.9575245380401611 -0.09737058728933334 0.03324710577726364 
-0.9598362445831299 0.276753306388855 0.04606300592422485 0.01729278825223446 
0.07105409353971481 0.08095769584178925 0.9941816329956055 -0.3043825328350067 
0 0 0 1 

0.3608884811401367 0.9205170273780823 -0.1496910601854324 0.04660911113023758 
-0.9300914406776428 0.3670331537723541 0.01470364071428776 0.03032351657748222 
0.06847650557756424 0.1339200437068939 0.9886234998703003 -0.2926739454269409 
0 0 0 1 

0.401795506477356 0.9000146389007568 -0.168919563293457 0.05059613659977913 
-0.9157123565673828 0.3960157632827759 -0.06813400238752365 0.05849213898181915 
0.005573165137320757 0.1820576786994934 0.9832720756530762 -0.2872091829776764 
0 0 0 1 

0.4530209600925446 0.8703067898750305 -0.1932299137115479 0.05500977858901024 
-0.8896830677986145 0.4275205731391907 -0.1602805405855179 0.08646151423454285 
-0.0568835511803627 0.2445238381624222 0.9679732918739319 -0.2774870693683624 
0 0 0 1 

0.5266726016998291 0.8307681679725647 -0.1801109313964844 0.04530190676450729 
-0.8438312411308289 0.4853200912475586 -0.2289386540651321 0.1051074042916298 
-0.1027835533022881 0.2725589871406555 0.9566332101821899 -0.2699962556362152 
0 0 0 1 

0.3552926182746887 0.8996660113334656 -0.2537086606025696 0.06751880049705505 
-0.8952237963676453 0.4055908024311066 0.1845813691616058 -0.002054066397249699 
0.2689635157585144 0.1615456789731979 0.9495059847831726 -0.3154820799827576 
0 0 0 1 

0.2946397662162781 0.8883709907531738 -0.3521139621734619 0.1048804000020027 
-0.9152109622955322 0.3683318793773651 0.1634635329246521 0.006866179872304201 
0.2749110162258148 0.2740957736968994 0.921572208404541 -0.3069336712360382 
0 0 0 1 

0.968364417552948 0.1573475450277328 -0.1936812996864319 0.01186973415315151 
-0.1985371112823486 0.9559988379478455 -0.2159846872091293 0.08579456806182861 
0.1511744409799576 0.2476048320531845 0.9569945335388184 -0.2717123031616211 
0 0 0 1 

