0.4574863612651825 0.8862834572792053 -0.07216505706310272 0.01801928505301476 
-0.8890424370765686 0.4542815089225769 -0.05684908851981163 0.0560871995985508 
-0.01760115474462509 0.09016548097133636 0.9957712292671204 -0.3023943305015564 
0 0 0 1 

0.3545463681221008 0.9319198131561279 -0.07630342990159988 0.02381233125925064 
-0.9349740743637085 0.3542965054512024 -0.01724337972700596 0.04115866497159004 
0.01096458453685045 0.0774553120136261 0.9969355463981628 -0.3045938611030579 
0 0 0 1 

0.2714139521121979 0.9575245380401611 -0.09737059473991394 0.03324710950255394 
-0.9598362445831299 0.2767533361911774 0.04606300592422485 0.01729278825223446 
0.07105409353971481 0.08095769584178925 0.9941816329956055 -0.3043825328350067 
0 0 0 1 

0.3608885109424591 0.9205170869827271 -0.1496910750865936 0.04660913720726967 
-0.9300915002822876 0.3670331537723541 0.01470364443957806 0.03032351471483707 
0.06847652047872543 0.1339200586080551 0.9886234998703003 -0.2926739752292633 
0 0 0 1 

0.4017955660820007 0.9000145792961121 -0.1689195483922958 0.05059615522623062 
-0.915712296962738 0.3960157930850983 -0.06813401728868484 0.05849215015769005 
0.005573175847530365 0.1820576786994934 0.9832720756530762 -0.2872091829776764 
0 0 0 1 

0.4530208706855774 0.8703069090843201 -0.1932299584150314 0.05500979349017143 
-0.8896831870079041 0.4275204837322235 -0.1602805554866791 0.08646151423454285 
-0.0568835586309433 0.2445238828659058 0.9679732918739319 -0.2774870991706848 
0 0 0 1 

0.5266724824905396 0.830768346786499 -0.1801110059022903 0.04530191794037819 
-0.8438314199447632 0.4853198826313019 -0.2289386987686157 0.105107419192791 
-0.1027836054563522 0.2725590467453003 0.9566332101821899 -0.2699962556362152 
0 0 0 1 

0.3552924990653992 0.8996660113334656 -0.2537086606025696 0.06751884520053864 
-0.8952237963676453 0.4055907726287842 0.1845813989639282 -0.002054068492725492 
0.2689635157585144 0.1615457087755203 0.9495059847831726 -0.3154820799827576 
0 0 0 1 

0.2946395576000214 0.8883711099624634 -0.3521140217781067 0.1048803925514221 
-0.9152110815048218 0.3683317005634308 0.1634635627269745 0.006866181269288063 
0.2749110758304596 0.2740958333015442 0.921572208404541 -0.3069336414337158 
0 0 0 1 

0.9668439626693726 0.1539098024368286 -0.203775629401207 0.01468880474567413 
-0.1988307535648346 0.954442024230957 -0.2225010693073273 0.08762287348508835 
0.1602468937635422 0.2556406855583191 0.9533985257148743 -0.2709683179855347 
0 0 0 1 

