1 0 0 -0.03619798645377159 
0 1 0 -0.001327119767665863 
0 0 1 -0.2960163652896881 
0 0 0 1 

0.9903383255004883 0.1381117701530457 0.01244808174669743 -0.04322651401162148 
-0.1371757686138153 0.9888499975204468 -0.05795150995254517 0.02794743329286575 
-0.02031312324106693 0.05568401515483856 0.9982417821884155 -0.2968446910381317 
0 0 0 1 

0.9713521599769592 0.2355157136917114 0.03173596411943436 -0.04932248964905739 
-0.2312041223049164 0.9674426317214966 -0.1029526591300964 0.05217863619327545 
-0.05494976788759232 0.09266576170921326 0.9941798448562622 -0.2946268320083618 
0 0 0 1 

0.9412720203399658 0.3365084528923035 0.02773020230233669 -0.04699902608990669 
-0.3294299840927124 0.9332674741744995 -0.1431349217891693 0.07351095974445343 
-0.07404586672782898 0.1255937218666077 0.9893146157264709 -0.2920500040054321 
0 0 0 1 

0.8943588137626648 0.4473452866077423 0.002103571547195315 -0.03371177613735199 
-0.4409943521022797 0.8824319243431091 -0.163822278380394 0.08666424453258514 
-0.07514142245054245 0.1455882340669632 0.9864876270294189 -0.2911505997180939 
0 0 0 1 

0.8309799432754517 0.556225597858429 -0.009235597215592861 -0.02447184920310974 
-0.5479366183280945 0.8155026435852051 -0.1863348484039307 0.09997051954269409 
-0.09611261636018753 0.1599010229110718 0.9824428558349609 -0.2896197438240051 
0 0 0 1 

0.7537798881530762 0.6560201644897461 -0.03811955824494362 -0.0086636021733284 
-0.6517894268035889 0.7390199899673462 -0.1703517138957977 0.09890592843294144 
-0.08358314633369446 0.1532536149024963 0.9846457242965698 -0.2925545573234558 
0 0 0 1 

0.6921114921569824 0.717631995677948 -0.07736799865961075 0.007254871539771557 
-0.721150815486908 0.6830026507377625 -0.115968145430088 0.08139576762914658 
-0.03037993796169758 0.1360568851232529 0.9902350902557373 -0.2992176115512848 
0 0 0 1 

0.6505130529403687 0.7576485872268677 -0.05293366312980652 0.0003931541577912867 
-0.7587903141975403 0.6453268527984619 -0.08826418966054916 0.07160674035549164 
-0.03271375596523285 0.09758250415325165 0.99468994140625 -0.3046357035636902 
0 0 0 1 

