1.000000000000000000e+00 0.000000000000000000e+00 0.000000000000000000e+00 -4.255350477121360719e-01
0.000000000000000000e+00 -1.000000000000000000e+00 0.000000000000000000e+00 3.076616963927396031e-01
0.000000000000000000e+00 0.000000000000000000e+00 -1.000000000000000000e+00 -5.117628744684824760e+00
0.000000000000000000e+00 0.000000000000000000e+00 0.000000000000000000e+00 1.000000000000000000e+00
9.909085631370544434e-01 -5.013250932097434998e-02 1.248457357287406921e-01 2.783092851232502052e-01
-5.294520035386085510e-02 -9.984102845191955566e-01 1.931191980838775635e-02 3.602166571523744976e-01
1.236791387200355530e-01 -2.574637904763221741e-02 -9.919878244400024414e-01 -5.080355153673654200e+00
0.000000000000000000e+00 0.000000000000000000e+00 0.000000000000000000e+00 1.000000000000000000e+00
9.613127708435058594e-01 -6.799309700727462769e-02 2.669352889060974121e-01 1.045804749701727765e+00
-7.575824111700057983e-02 -9.969472885131835938e-01 1.888774149119853973e-02 3.761098967599884046e-01
2.648361921310424805e-01 -3.837962821125984192e-02 -9.635292291641235352e-01 -4.913055137799420713e+00
0.000000000000000000e+00 0.000000000000000000e+00 0.000000000000000000e+00 1.000000000000000000e+00
9.984538555145263672e-01 -4.948575049638748169e-02 2.532284148037433624e-02 -2.463286993779578160e-01
-4.921559244394302368e-02 -9.987251758575439453e-01 -1.118250843137502670e-02 2.196792698987984349e-01
2.584394626319408417e-02 9.918986819684505463e-03 -9.996170997619628906e-01 -4.950743007685677100e+00
0.000000000000000000e+00 0.000000000000000000e+00 0.000000000000000000e+00 1.000000000000000000e+00
9.931791424751281738e-01 -4.605503380298614502e-02 1.071189492940902710e-01 2.101737532053670199e-01
-4.244280979037284851e-02 -9.984588027000427246e-01 -3.576155379414558411e-02 1.313324520990506172e-01
1.086008399724960327e-01 3.097117692232131958e-02 -9.936027526855468750e-01 -4.916480478076947769e+00
0.000000000000000000e+00 0.000000000000000000e+00 0.000000000000000000e+00 1.000000000000000000e+00
-2.990204989910125732e-01 -8.011402189731597900e-02 9.508778452873229980e-01 5.133727243628810832e+00
-4.305808246135711670e-02 -9.943214654922485352e-01 -9.731470793485641479e-02 -1.337699422419149631e-01
9.532747268676757812e-01 -7.004207372665405273e-02 2.938731014728546143e-01 1.548329562272630522e+00
0.000000000000000000e+00 0.000000000000000000e+00 0.000000000000000000e+00 1.000000000000000000e+00
-3.456543684005737305e-01 -9.770812839269638062e-02 9.332615137100219727e-01 4.987436801549027798e+00
-1.995486393570899963e-02 -9.935736656188964844e-01 -1.114133000373840332e-01 -1.463279938535469726e-01
9.381492733955383301e-01 -5.713360756635665894e-02 3.414835035800933838e-01 1.862411579571965570e+00
0.000000000000000000e+00 0.000000000000000000e+00 0.000000000000000000e+00 1.000000000000000000e+00
-3.460438847541809082e-01 -1.014407500624656677e-01 9.327180981636047363e-01 4.892653842481678339e+00
-1.642666943371295929e-02 -9.933298826217651367e-01 -1.141272336244583130e-01 -1.092464011608314106e-01
9.380741119384765625e-01 -5.481451749801635742e-02 3.420696258544921875e-01 1.936641108108190235e+00
0.000000000000000000e+00 0.000000000000000000e+00 0.000000000000000000e+00 1.000000000000000000e+00
-3.226354718208312988e-01 -8.450040221214294434e-02 9.427438378334045410e-01 4.831996113702387241e+00
-3.358538448810577393e-02 -9.943580031394958496e-01 -1.006206274032592773e-01 -1.418584870991432267e-02
9.459267854690551758e-01 -6.412620842456817627e-02 3.179772198200225830e-01 1.910290749467211446e+00
0.000000000000000000e+00 0.000000000000000000e+00 0.000000000000000000e+00 1.000000000000000000e+00
-2.905603647232055664e-01 -8.223243057727813721e-02 9.533162713050842285e-01 4.805460440660388244e+00
-5.555173009634017944e-02 -9.931703209877014160e-01 -1.026018336415290833e-01 4.702372223960463692e-03
9.552424550056457520e-01 -8.277039974927902222e-02 2.840076088905334473e-01 1.840016314367747263e+00
0.000000000000000000e+00 0.000000000000000000e+00 0.000000000000000000e+00 1.000000000000000000e+00
-2.633281052112579346e-01 -6.577925384044647217e-02 9.624609351158142090e-01 4.768588430321235805e+00
-7.832226157188415527e-02 -9.929209351539611816e-01 -8.928991854190826416e-02 1.039367610127566871e-01
9.615218639373779297e-01 -9.889478236436843872e-02 2.563121318817138672e-01 1.802967918051606278e+00
0.000000000000000000e+00 0.000000000000000000e+00 0.000000000000000000e+00 1.000000000000000000e+00
-2.675442695617675781e-01 -4.867458716034889221e-02 9.623152613639831543e-01 4.698724504317821626e+00
-1.045875251293182373e-01 -9.913554787635803223e-01 -7.922108471393585205e-02 2.002041945813182178e-01
9.578528404235839844e-01 -1.218413338065147400e-01 2.601407766342163086e-01 1.919620952580668671e+00
0.000000000000000000e+00 0.000000000000000000e+00 0.000000000000000000e+00 1.000000000000000000e+00
-2.577476501464843750e-01 -5.898982658982276917e-02 9.644097685813903809e-01 4.692130565556042576e+00
-1.074947267770767212e-01 -9.901874065399169922e-01 -8.929558098316192627e-02 1.932877909049166287e-01
9.602135419845581055e-01 -1.266846805810928345e-01 2.488775402307510376e-01 1.939884705354310235e+00
0.000000000000000000e+00 0.000000000000000000e+00 0.000000000000000000e+00 1.000000000000000000e+00
-2.535044848918914795e-01 -5.706863477826118469e-02 9.656493067741394043e-01 4.685290995928672153e+00
-1.363008320331573486e-01 -9.861913919448852539e-01 -9.406459331512451172e-02 2.197264913414566645e-01
9.576837420463562012e-01 -1.554646790027618408e-01 2.422253042459487915e-01 1.991953091805378273e+00
0.000000000000000000e+00 0.000000000000000000e+00 0.000000000000000000e+00 1.000000000000000000e+00
-2.267292588949203491e-01 -5.898259952664375305e-02 9.721702933311462402e-01 4.720513430325554260e+00
-1.501732170581817627e-01 -9.841106534004211426e-01 -9.473039209842681885e-02 2.475589931729280657e-01
9.623106718063354492e-01 -1.674720793962478638e-01 2.142689973115921021e-01 1.938139297660762539e+00
0.000000000000000000e+00 0.000000000000000000e+00 0.000000000000000000e+00 1.000000000000000000e+00
-2.133849859237670898e-01 -5.743116512894630432e-02 9.752786159515380859e-01 4.727630773145031995e+00
-1.708020120859146118e-01 -9.807034134864807129e-01 -9.512098878622055054e-02 2.796848517060839256e-01
9.619217514991760254e-01 -1.868768632411956787e-01 1.994580328464508057e-01 1.978499544064512783e+00
0.000000000000000000e+00 0.000000000000000000e+00 0.000000000000000000e+00 1.000000000000000000e+00
-2.124508023262023926e-01 -5.762724205851554871e-02 9.754711389541625977e-01 4.715584940259881286e+00
-1.872818320989608765e-01 -9.773523807525634766e-01 -9.852702915668487549e-02 3.018876101677009371e-01
9.590572714805603027e-01 -2.036201953887939453e-01 1.968467235565185547e-01 2.091052646278073190e+00
0.000000000000000000e+00 0.000000000000000000e+00 0.000000000000000000e+00 1.000000000000000000e+00
-1.664148569107055664e-01 -5.409350618720054626e-02 9.845708012580871582e-01 4.770831250438078541e+00
-2.160732597112655640e-01 -9.722261428833007812e-01 -8.993653208017349243e-02 3.557231797464835421e-01
9.620907306671142578e-01 -2.277062237262725830e-01 1.501047462224960327e-01 1.987122020766365571e+00
0.000000000000000000e+00 0.000000000000000000e+00 0.000000000000000000e+00 1.000000000000000000e+00
-8.436749875545501709e-02 -7.710702717304229736e-02 9.934468269348144531e-01 4.902806055834349586e+00
-2.281429320573806763e-01 -9.690226316452026367e-01 -9.458608925342559814e-02 3.406502390968111915e-01
9.699658751487731934e-01 -2.346279025077819824e-01 6.416236609220504761e-02 1.812631250586169251e+00
0.000000000000000000e+00 0.000000000000000000e+00 0.000000000000000000e+00 1.000000000000000000e+00
-6.228202581405639648e-02 -1.202831268310546875e-01 9.907832741737365723e-01 5.069103707303921347e+00
-2.416002154350280762e-01 -9.613690972328186035e-01 -1.318995505571365356e-01 1.587439787374124445e-01
9.683748483657836914e-01 -2.475886940956115723e-01 3.081560879945755005e-02 1.993845124062473939e+00
0.000000000000000000e+00 0.000000000000000000e+00 0.000000000000000000e+00 1.000000000000000000e+00
-1.585166342556476593e-02 -1.440745294094085693e-01 9.894394278526306152e-01 5.243446860873455684e+00
-2.683399319648742676e-01 -9.526488184928894043e-01 -1.430164575576782227e-01 1.349111132581500283e-01
9.631935358047485352e-01 -2.677732706069946289e-01 -2.355995588004589081e-02 1.769134944843528956e+00
0.000000000000000000e+00 0.000000000000000000e+00 0.000000000000000000e+00 1.000000000000000000e+00
-6.457674503326416016e-02 -1.781853288412094116e-01 9.818757176399230957e-01 5.088875999936957051e+00
-1.976617574691772461e-01 -9.621506929397583008e-01 -1.876056939363479614e-01 -1.340751951390984631e-01
9.781405925750732422e-01 -2.061943113803863525e-01 2.691207081079483032e-02 1.866763888673439231e+00
0.000000000000000000e+00 0.000000000000000000e+00 0.000000000000000000e+00 1.000000000000000000e+00
-7.941813766956329346e-02 -1.898751854896545410e-01 9.785907864570617676e-01 5.006283712633499583e+00
-1.732558310031890869e-01 -9.641209244728088379e-01 -2.011283785104751587e-01 -2.452653610235826231e-01
9.816694259643554688e-01 -1.855198144912719727e-01 4.367189109325408936e-02 1.882798346187826155e+00
0.000000000000000000e+00 0.000000000000000000e+00 0.000000000000000000e+00 1.000000000000000000e+00
-5.309184268116950989e-02 -2.625468671321868896e-01 9.634582400321960449e-01 4.771785996581234812e+00
-6.300103664398193359e-02 -9.620152115821838379e-01 -2.656253874301910400e-01 -6.544621027465903351e-01
9.966001510620117188e-01 -7.480158656835556030e-02 3.453491628170013428e-02 1.576584849783195574e+00
0.000000000000000000e+00 0.000000000000000000e+00 0.000000000000000000e+00 1.000000000000000000e+00
-8.494326472282409668e-02 -3.130435943603515625e-01 9.459328055381774902e-01 4.463430769660746478e+00
-3.507452458143234253e-02 -9.478356838226318359e-01 -3.168230056762695312e-01 -1.040708057682343091e+00
9.957686066627502441e-01 -6.009011343121528625e-02 6.953241676092147827e-02 1.603630732656268654e+00
0.000000000000000000e+00 0.000000000000000000e+00 0.000000000000000000e+00 1.000000000000000000e+00
-4.641251266002655029e-02 -3.934499621391296387e-01 9.181734919548034668e-01 4.244357798966193585e+00
4.914810415357351303e-03 -9.192430377006530762e-01 -3.936596214771270752e-01 -1.432810909976031555e+00
9.989100694656372070e-01 -1.375815272331237793e-02 4.459807649254798889e-02 1.411300276827123001e+00
0.000000000000000000e+00 0.000000000000000000e+00 0.000000000000000000e+00 1.000000000000000000e+00
4.083206132054328918e-02 -4.348473846912384033e-01 8.995778560638427734e-01 4.125789518277552581e+00
5.435831472277641296e-02 -8.980285525321960449e-01 -4.365656971931457520e-01 -1.646234271557258655e+00
9.976862668991088867e-01 6.672537326812744141e-02 -1.303078420460224152e-02 1.071820563731025189e+00
0.000000000000000000e+00 0.000000000000000000e+00 0.000000000000000000e+00 1.000000000000000000e+00
2.920470833778381348e-01 -4.601384699344635010e-01 8.384395837783813477e-01 3.900282923634951437e+00
1.214740946888923645e-01 -8.517124056816101074e-01 -5.097346305847167969e-01 -2.009828765121429939e+00
9.486582875251770020e-01 2.507153153419494629e-01 -1.928453296422958374e-01 1.682921018231236243e-01
0.000000000000000000e+00 0.000000000000000000e+00 0.000000000000000000e+00 1.000000000000000000e+00
4.011458754539489746e-01 -4.725629091262817383e-01 7.847078442573547363e-01 3.666129249522053879e+00
1.457400470972061157e-01 -8.128167986869812012e-01 -5.639933943748474121e-01 -2.281659793421168203e+00
9.043459892272949219e-01 3.406068980693817139e-01 -2.571868598461151123e-01 -1.699093213639570887e-01
0.000000000000000000e+00 0.000000000000000000e+00 0.000000000000000000e+00 1.000000000000000000e+00
4.478954374790191650e-01 -5.055043697357177734e-01 7.374650239944458008e-01 3.400507840931871861e+00
1.616798639297485352e-01 -7.654348015785217285e-01 -6.228719949722290039e-01 -2.547989722060646667e+00
8.793458938598632812e-01 3.982147276401519775e-01 -2.611047625541687012e-01 -2.316190169036422553e-01
0.000000000000000000e+00 0.000000000000000000e+00 0.000000000000000000e+00 1.000000000000000000e+00
4.705263972282409668e-01 -5.180450081825256348e-01 7.143068313598632812e-01 3.220851283016173294e+00
1.638964861631393433e-01 -7.441202998161315918e-01 -6.476284265518188477e-01 -2.661536061845413137e+00
8.670309782028198242e-01 4.217986464500427246e-01 -2.652224600315093994e-01 -2.805200077275855075e-01
0.000000000000000000e+00 0.000000000000000000e+00 0.000000000000000000e+00 1.000000000000000000e+00
4.770957529544830322e-01 -5.347303152084350586e-01 6.974546909332275391e-01 3.064950285308327249e+00
1.767742037773132324e-01 -7.189899682998657227e-01 -6.721636056900024414e-01 -2.756568619966813127e+00
8.608894944190979004e-01 4.439786076545715332e-01 -2.485005706548690796e-01 -2.440113594453578172e-01
0.000000000000000000e+00 0.000000000000000000e+00 0.000000000000000000e+00 1.000000000000000000e+00
4.773789942264556885e-01 -5.681021213531494141e-01 6.703499555587768555e-01 2.866005355342129413e+00
1.762266606092453003e-01 -6.854919791221618652e-01 -7.064310908317565918e-01 -2.889316031655988493e+00
8.608446121215820312e-01 4.553690254688262939e-01 -2.271245718002319336e-01 -2.047782645727049544e-01
0.000000000000000000e+00 0.000000000000000000e+00 0.000000000000000000e+00 1.000000000000000000e+00
4.787419736385345459e-01 -6.152753233909606934e-01 6.262922286987304688e-01 2.553129766538942302e+00
1.473549604415893555e-01 -6.469231247901916504e-01 -7.481822371482849121e-01 -3.027577638027337148e+00
8.655012249946594238e-01 4.504737555980682373e-01 -2.190455347299575806e-01 -2.774907422605895069e-01
0.000000000000000000e+00 0.000000000000000000e+00 0.000000000000000000e+00 1.000000000000000000e+00
4.805009365081787109e-01 -6.363005638122558594e-01 6.035230755805969238e-01 2.409365076413104934e+00
1.380239427089691162e-01 -6.247285604476928711e-01 -7.685463428497314453e-01 -3.080070819052906028e+00
8.660644888877868652e-01 4.525879621505737305e-01 -2.123579382896423340e-01 -3.063087436957726006e-01
0.000000000000000000e+00 0.000000000000000000e+00 0.000000000000000000e+00 1.000000000000000000e+00
4.452463388442993164e-01 -7.054722309112548828e-01 5.514204502105712891e-01 2.114752082943850198e+00
1.241479814052581787e-01 -5.612454414367675781e-01 -8.182855248451232910e-01 -3.224069235478959516e+00
8.867596983909606934e-01 4.327963590621948242e-01 -1.623095273971557617e-01 -2.467906538406352268e-01
0.000000000000000000e+00 0.000000000000000000e+00 0.000000000000000000e+00 1.000000000000000000e+00
3.699105381965637207e-01 -7.746128439903259277e-01 5.129735469818115234e-01 1.925123467431504309e+00
9.983535856008529663e-02 -5.157992243766784668e-01 -8.508724570274353027e-01 -3.285319414795130566e+00
9.236882328987121582e-01 3.659595549106597900e-01 -1.134658753871917725e-01 -1.828649358567925043e-01
0.000000000000000000e+00 0.000000000000000000e+00 0.000000000000000000e+00 1.000000000000000000e+00
4.951536357402801514e-01 -7.564124464988708496e-01 4.273910224437713623e-01 1.536007867409505678e+00
2.432549372315406799e-02 -4.796663224697113037e-01 -8.771136403083801270e-01 -3.286826334362311641e+00
8.684647679328918457e-01 4.447024762630462646e-01 -2.191084474325180054e-01 -6.423894801664153942e-01
0.000000000000000000e+00 0.000000000000000000e+00 0.000000000000000000e+00 1.000000000000000000e+00
5.892493724822998047e-01 -7.306095957756042480e-01 3.449558317661285400e-01 1.262307127912751792e+00
-3.627890348434448242e-02 -4.504466056823730469e-01 -8.920660018920898438e-01 -3.233078808964955808e+00
8.071362376213073730e-01 5.131347179412841797e-01 -2.919310629367828369e-01 -9.094751999002040899e-01
0.000000000000000000e+00 0.000000000000000000e+00 0.000000000000000000e+00 1.000000000000000000e+00
5.932502150535583496e-01 -7.713938951492309570e-01 2.302287220954895020e-01 9.202429336735193921e-01
-1.161461174488067627e-01 -3.650175631046295166e-01 -9.237273335456848145e-01 -3.378285935595521927e+00
7.965953946113586426e-01 5.212612748146057129e-01 -3.061411678791046143e-01 -9.014208685809219634e-01
0.000000000000000000e+00 0.000000000000000000e+00 0.000000000000000000e+00 1.000000000000000000e+00
5.748554468154907227e-01 -8.116586804389953613e-01 1.036887243390083313e-01 4.664259216281299025e-01
-1.862161010503768921e-01 -2.531635165214538574e-01 -9.493320584297180176e-01 -3.599865610939418925e+00
7.967842817306518555e-01 5.264205932617187500e-01 -2.966764271259307861e-01 -8.118801344792595520e-01
0.000000000000000000e+00 0.000000000000000000e+00 0.000000000000000000e+00 1.000000000000000000e+00
5.928840637207031250e-01 -8.052353262901306152e-01 -9.219541214406490326e-03 -1.459949540889314036e-02
-2.072394937276840210e-01 -1.415046304464340210e-01 -9.680019021034240723e-01 -3.784872477353947495e+00
7.781648635864257812e-01 5.758231878280639648e-01 -2.507723569869995117e-01 -6.394679510160723446e-01
0.000000000000000000e+00 0.000000000000000000e+00 0.000000000000000000e+00 1.000000000000000000e+00
6.040551066398620605e-01 -7.877451181411743164e-01 -1.207315549254417419e-01 -5.550835042753512472e-01
-2.283128947019577026e-01 -2.591249532997608185e-02 -9.732426404953002930e-01 -3.887859666059605424e+00
7.635385990142822266e-01 6.154567003250122070e-01 -1.955050230026245117e-01 -4.493099047598057005e-01
0.000000000000000000e+00 0.000000000000000000e+00 0.000000000000000000e+00 1.000000000000000000e+00
6.182246804237365723e-01 -7.509952783584594727e-01 -2.319595962762832642e-01 -1.120119414369783684e+00
-2.396587282419204712e-01 1.009539067745208740e-01 -9.655937552452087402e-01 -3.950266969130325379e+00
7.485734224319458008e-01 6.525450348854064941e-01 -1.175704151391983032e-01 -1.663780304545831035e-01
0.000000000000000000e+00 0.000000000000000000e+00 0.000000000000000000e+00 1.000000000000000000e+00
5.775417089462280273e-01 -8.119861483573913574e-01 -8.440653234720230103e-02 -3.830744019554428448e-01
-3.040325343608856201e-01 -1.179817989468574524e-01 -9.453276395797729492e-01 -3.633631323353121889e+00
7.576345801353454590e-01 5.716281533241271973e-01 -3.150095641613006592e-01 -1.095638694045724337e+00
0.000000000000000000e+00 0.000000000000000000e+00 0.000000000000000000e+00 1.000000000000000000e+00
5.608713626861572266e-01 -8.278945684432983398e-01 -3.756427904590964317e-03 -4.489692070373670421e-03
-3.866803646087646484e-01 -2.579458355903625488e-01 -8.854051232337951660e-01 -3.260449190449236756e+00
7.320529818534851074e-01 4.980510771274566650e-01 -4.648050069808959961e-01 -1.652091610913467790e+00
0.000000000000000000e+00 0.000000000000000000e+00 0.000000000000000000e+00 1.000000000000000000e+00
5.465897321701049805e-01 -8.281639814376831055e-01 1.240320876240730286e-01 5.180663885562855064e-01
-4.445295333862304688e-01 -4.124772846698760986e-01 -7.951449155807495117e-01 -2.728201231132290072e+00
7.096710205078125000e-01 3.794822394847869873e-01 -5.935993194580078125e-01 -2.086790684602657819e+00
0.000000000000000000e+00 0.000000000000000000e+00 0.000000000000000000e+00 1.000000000000000000e+00
5.539748668670654297e-01 -8.084614276885986328e-01 1.987512409687042236e-01 7.991919558757086817e-01
-5.140367746353149414e-01 -5.199449658393859863e-01 -6.822195649147033691e-01 -2.155026169690271942e+00
6.548879146575927734e-01 2.757670283317565918e-01 -7.036151885986328125e-01 -2.404609842587660751e+00
0.000000000000000000e+00 0.000000000000000000e+00 0.000000000000000000e+00 1.000000000000000000e+00
5.684775114059448242e-01 -7.904319763183593750e-01 2.281456738710403442e-01 8.859675074522999072e-01
-5.703646540641784668e-01 -5.785093903541564941e-01 -5.831048488616943359e-01 -1.711560871672313633e+00
5.928892493247985840e-01 2.013557106256484985e-01 -7.797040343284606934e-01 -2.615383743939742711e+00
0.000000000000000000e+00 0.000000000000000000e+00 0.000000000000000000e+00 1.000000000000000000e+00
5.784267783164978027e-01 -7.902554869651794434e-01 2.022845149040222168e-01 7.354587818362341434e-01
-6.596959829330444336e-01 -5.990323424339294434e-01 -4.538295567035675049e-01 -1.235277663054006991e+00
4.798161685466766357e-01 1.290607601404190063e-01 -8.678247332572937012e-01 -2.861135440870229640e+00
0.000000000000000000e+00 0.000000000000000000e+00 0.000000000000000000e+00 1.000000000000000000e+00
5.700829029083251953e-01 -7.888578772544860840e-01 2.295832037925720215e-01 7.690095176401884336e-01
-7.100438475608825684e-01 -6.136412024497985840e-01 -3.453728258609771729e-01 -8.254492105295562210e-01
4.133318066596984863e-01 3.387698158621788025e-02 -9.099502563476562500e-01 -2.951972234924850724e+00
0.000000000000000000e+00 0.000000000000000000e+00 0.000000000000000000e+00 1.000000000000000000e+00
5.636984109878540039e-01 -7.793475389480590820e-01 2.736072838306427002e-01 8.607063173385156585e-01
-7.523918747901916504e-01 -6.211655139923095703e-01 -2.192251384258270264e-01 -3.300231879736495455e-01
3.408079743385314941e-01 -8.228317648172378540e-02 -9.365252852439880371e-01 -2.982928271500389528e+00
0.000000000000000000e+00 0.000000000000000000e+00 0.000000000000000000e+00 1.000000000000000000e+00
5.589492321014404297e-01 -7.822780609130859375e-01 2.749853432178497314e-01 8.441386344999943780e-01
-7.796213030815124512e-01 -6.087418198585510254e-01 -1.470498740673065186e-01 -6.769279648166853791e-02
2.824289202690124512e-01 -1.321910619735717773e-01 -9.501364231109619141e-01 -3.000105964109720524e+00
0.000000000000000000e+00 0.000000000000000000e+00 0.000000000000000000e+00 1.000000000000000000e+00
5.420741438865661621e-01 -7.911564707756042480e-01 2.832432687282562256e-01 8.281408827288501140e-01
-8.225485086441040039e-01 -5.685272216796875000e-01 -1.381041668355464935e-02 3.943408705921407353e-01
1.719577163457870483e-01 -2.254951149225234985e-01 -9.589484930038452148e-01 -2.999531965649173237e+00
0.000000000000000000e+00 0.000000000000000000e+00 0.000000000000000000e+00 1.000000000000000000e+00
5.275505185127258301e-01 -7.960259318351745605e-01 2.967033386230468750e-01 8.384612480674580315e-01
-8.476597666740417480e-01 -5.163670778274536133e-01 1.218110695481300354e-01 8.736048831758920219e-01
5.624305829405784607e-02 -3.157651126384735107e-01 -9.471691846847534180e-01 -2.934037411957604924e+00
0.000000000000000000e+00 0.000000000000000000e+00 0.000000000000000000e+00 1.000000000000000000e+00
5.429403185844421387e-01 -7.768598198890686035e-01 3.189112544059753418e-01 8.704865130231864701e-01
-8.390187621116638184e-01 -4.857435524463653564e-01 2.451543360948562622e-01 1.291128942782960642e+00
-3.554149717092514038e-02 -4.006767868995666504e-01 -9.155300855636596680e-01 -2.781428820213920350e+00
0.000000000000000000e+00 0.000000000000000000e+00 0.000000000000000000e+00 1.000000000000000000e+00
5.115278959274291992e-01 -7.962217926979064941e-01 3.230632543563842773e-01 8.667253647973438557e-01
-8.415049314498901367e-01 -3.881497979164123535e-01 3.757777214050292969e-01 1.736064553829569146e+00
-1.738055348396301270e-01 -4.640802443027496338e-01 -8.685742616653442383e-01 -2.537756850854624435e+00
0.000000000000000000e+00 0.000000000000000000e+00 0.000000000000000000e+00 1.000000000000000000e+00
4.962321817874908447e-01 -7.968598604202270508e-01 3.446274399757385254e-01 9.393844827510481332e-01
-8.244563937187194824e-01 -3.081221282482147217e-01 4.746915400028228760e-01 2.074898841072863931e+00
-2.720753550529479980e-01 -5.196874141693115234e-01 -8.098763823509216309e-01 -2.286931824979722805e+00
0.000000000000000000e+00 0.000000000000000000e+00 0.000000000000000000e+00 1.000000000000000000e+00
4.842493236064910889e-01 -7.980204820632934570e-01 3.587001860141754150e-01 1.030586945372136132e+00
-8.033398389816284180e-01 -2.431207448244094849e-01 5.436334609985351562e-01 2.305375591759954101e+00
-3.466232120990753174e-01 -5.514123439788818359e-01 -7.588127255439758301e-01 -2.061416103503666886e+00
0.000000000000000000e+00 0.000000000000000000e+00 0.000000000000000000e+00 1.000000000000000000e+00
4.510556161403656006e-01 -8.143014907836914062e-01 3.653242886066436768e-01 1.125294012835213353e+00
-7.882578372955322266e-01 -1.715032905340194702e-01 5.909619927406311035e-01 2.440412251370938090e+00
-4.185669720172882080e-01 -5.545265078544616699e-01 -7.192371487617492676e-01 -1.842422694987710496e+00
0.000000000000000000e+00 0.000000000000000000e+00 0.000000000000000000e+00 1.000000000000000000e+00
4.225079417228698730e-01 -8.322576284408569336e-01 3.589347898960113525e-01 1.191081617244454716e+00
-7.764279842376708984e-01 -1.280397027730941772e-01 6.170618534088134766e-01 2.481869503474088745e+00
-4.675965607166290283e-01 -5.394005775451660156e-01 -7.002860307693481445e-01 -1.680770502541996558e+00
0.000000000000000000e+00 0.000000000000000000e+00 0.000000000000000000e+00 1.000000000000000000e+00
3.024624884128570557e-01 -9.100648164749145508e-01 2.833696007728576660e-01 1.078642203630235441e+00
-7.719898223876953125e-01 -5.952312424778938293e-02 6.328417062759399414e-01 2.461739280242081662e+00
-5.590600371360778809e-01 -4.101693332195281982e-01 -7.205643653869628906e-01 -1.660899798835186569e+00
0.000000000000000000e+00 0.000000000000000000e+00 0.000000000000000000e+00 1.000000000000000000e+00
1.234396323561668396e-01 -9.625159502029418945e-01 2.415068149566650391e-01 1.098029780392201893e+00
-7.841703891754150391e-01 5.453258380293846130e-02 6.181448101997375488e-01 2.239801277480366171e+00
-6.081442236900329590e-01 -2.656861245632171631e-01 -7.480450868606567383e-01 -1.714431752394524722e+00
0.000000000000000000e+00 0.000000000000000000e+00 0.000000000000000000e+00 1.000000000000000000e+00
-5.455601587891578674e-02 -9.764229059219360352e-01 2.088578939437866211e-01 1.025572147207486795e+00
-7.883968353271484375e-01 1.704812645912170410e-01 5.910722017288208008e-01 2.023982419731348958e+00
-6.127430796623229980e-01 -1.324163675308227539e-01 -7.791098356246948242e-01 -1.830615350228925964e+00
0.000000000000000000e+00 0.000000000000000000e+00 0.000000000000000000e+00 1.000000000000000000e+00
-1.558832526206970215e-01 -9.543963074684143066e-01 2.546134889125823975e-01 1.141943043537137381e+00
-7.521787881851196289e-01 2.817697227001190186e-01 5.956786870956420898e-01 2.072849470143381723e+00
-6.402558684349060059e-01 -9.865859150886535645e-02 -7.617996931076049805e-01 -1.741638049286039491e+00
0.000000000000000000e+00 0.000000000000000000e+00 0.000000000000000000e+00 1.000000000000000000e+00
-1.907256692647933960e-01 -9.529362320899963379e-01 2.356610447168350220e-01 1.163298742569894628e+00
-7.068437933921813965e-01 2.999036014080047607e-01 6.406477093696594238e-01 2.267462527178667919e+00
-6.811720728874206543e-01 -4.438757151365280151e-02 -7.307765483856201172e-01 -1.587044172856480362e+00
0.000000000000000000e+00 0.000000000000000000e+00 0.000000000000000000e+00 1.000000000000000000e+00
-2.906153798103332520e-01 -9.359432458877563477e-01 1.988788694143295288e-01 1.193134460338838299e+00
-6.940742135047912598e-01 3.492758870124816895e-01 6.294975876808166504e-01 2.197081347809665353e+00
-6.586376428604125977e-01 4.490502178668975830e-02 -7.511191368103027344e-01 -1.541050686116796520e+00
0.000000000000000000e+00 0.000000000000000000e+00 0.000000000000000000e+00 1.000000000000000000e+00
2.499928772449493408e-01 -9.053334593772888184e-01 3.433288931846618652e-01 1.021230552214851484e+00
-7.338068485260009766e-01 5.418308451771736145e-02 6.771939396858215332e-01 2.454200714217715795e+00
-6.316890120506286621e-01 -4.212307929992675781e-01 -6.507946252822875977e-01 -1.343275578108215962e+00
0.000000000000000000e+00 0.000000000000000000e+00 0.000000000000000000e+00 1.000000000000000000e+00
5.506621599197387695e-01 -7.565134763717651367e-01 3.527868092060089111e-01 8.560957783730938075e-01
-7.651416063308715820e-01 -2.885225415229797363e-01 5.755979418754577637e-01 2.329868044564581631e+00
-3.336606323719024658e-01 -5.868918299674987793e-01 -7.377184629440307617e-01 -2.119844900825720302e+00
0.000000000000000000e+00 0.000000000000000000e+00 0.000000000000000000e+00 1.000000000000000000e+00
6.048245429992675781e-01 -7.109298110008239746e-01 3.588395714759826660e-01 8.573075639236613643e-01
-7.677461504936218262e-01 -4.008430540561676025e-01 4.998905062675476074e-01 2.104396568389840017e+00
-2.115486264228820801e-01 -5.778439640998840332e-01 -7.882533669471740723e-01 -2.494051818399058096e+00
0.000000000000000000e+00 0.000000000000000000e+00 0.000000000000000000e+00 1.000000000000000000e+00
6.103584766387939453e-01 -7.174953222274780273e-01 3.356530368328094482e-01 7.768928200369016324e-01
-7.707762122154235840e-01 -4.402389824390411377e-01 4.605362415313720703e-01 1.986948110484236363e+00
-1.826651543378829956e-01 -5.398052930831909180e-01 -8.217319250106811523e-01 -2.700592257894003811e+00
0.000000000000000000e+00 0.000000000000000000e+00 0.000000000000000000e+00 1.000000000000000000e+00
6.387848854064941406e-01 -7.224232554435729980e-01 2.646849751472473145e-01 5.033221875192364081e-01
-7.550027370452880859e-01 -5.223753452301025391e-01 3.963516056537628174e-01 1.750015513993729455e+00
-1.480688452720642090e-01 -4.530213773250579834e-01 -8.791173696517944336e-01 -2.986769676337809098e+00
0.000000000000000000e+00 0.000000000000000000e+00 0.000000000000000000e+00 1.000000000000000000e+00
6.490883827209472656e-01 -7.342844009399414062e-01 1.987730115652084351e-01 2.468619868165276010e-01
-7.441580295562744141e-01 -5.586856603622436523e-01 3.661955893039703369e-01 1.653689524844224268e+00
-1.578401327133178711e-01 -3.856115937232971191e-01 -9.090600609779357910e-01 -3.159825747980771649e+00
0.000000000000000000e+00 0.000000000000000000e+00 0.000000000000000000e+00 1.000000000000000000e+00
6.624119877815246582e-01 -7.388509511947631836e-01 1.237302571535110474e-01 -5.885244788648006514e-02
-7.292832136154174805e-01 -5.982233285903930664e-01 3.320765197277069092e-01 1.530380846222850977e+00
-1.713368892669677734e-01 -3.102056682109832764e-01 -9.351021051406860352e-01 -3.308914358152189372e+00
0.000000000000000000e+00 0.000000000000000000e+00 0.000000000000000000e+00 1.000000000000000000e+00
6.786702871322631836e-01 -7.305416464805603027e-01 7.559325546026229858e-02 -2.754823103520332439e-01
-7.187576293945312500e-01 -6.394914984703063965e-01 2.728323638439178467e-01 1.302418736562022561e+00
-1.509744375944137573e-01 -2.394965589046478271e-01 -9.590870738029479980e-01 -3.455673641698365550e+00
0.000000000000000000e+00 0.000000000000000000e+00 0.000000000000000000e+00 1.000000000000000000e+00
7.212370634078979492e-01 -6.926854252815246582e-01 -1.859430107288062572e-03 -6.531453774661030165e-01
-6.781427860260009766e-01 -7.066369652748107910e-01 2.019566446542739868e-01 1.013698899772744744e+00
-1.412065625190734863e-01 -1.443976461887359619e-01 -9.793928265571594238e-01 -3.595399906429810777e+00
0.000000000000000000e+00 0.000000000000000000e+00 0.000000000000000000e+00 1.000000000000000000e+00
7.570198774337768555e-01 -6.520951986312866211e-01 -4.112908989191055298e-02 -8.632110563830233119e-01
-6.406462192535400391e-01 -7.531542181968688965e-01 1.494362354278564453e-01 7.834105388327301522e-01
-1.284232884645462036e-01 -8.677697926759719849e-02 -9.879155755043029785e-01 -3.672897436571176399e+00
0.000000000000000000e+00 0.000000000000000000e+00 0.000000000000000000e+00 1.000000000000000000e+00
7.849504947662353516e-01 -6.102352738380432129e-01 -1.070759594440460205e-01 -1.190306450118445492e+00
-6.075349450111389160e-01 -7.920179367065429688e-01 6.007218733429908752e-02 3.934130089257912855e-01
-1.214643344283103943e-01 1.789883710443973541e-02 -9.924343228340148926e-01 -3.725925529400974323e+00
0.000000000000000000e+00 0.000000000000000000e+00 0.000000000000000000e+00 1.000000000000000000e+00
8.050797581672668457e-01 -5.747627019882202148e-01 -1.466091871261596680e-01 -1.407382925994727918e+00
-5.828335881233215332e-01 -8.124451041221618652e-01 -1.544533669948577881e-02 5.811689801887597040e-02
-1.102344691753387451e-01 9.788344800472259521e-02 -9.890738129615783691e-01 -3.766051057457394435e+00
0.000000000000000000e+00 0.000000000000000000e+00 0.000000000000000000e+00 1.000000000000000000e+00
8.356469869613647461e-01 -5.216618180274963379e-01 -1.719386726617813110e-01 -1.566511548990148217e+00
-5.422640442848205566e-01 -8.333571553230285645e-01 -1.070749461650848389e-01 -3.634406422477480803e-01
-8.742942661046981812e-02 1.827130317687988281e-01 -9.792712926864624023e-01 -3.770615267822560845e+00
0.000000000000000000e+00 0.000000000000000000e+00 0.000000000000000000e+00 1.000000000000000000e+00
8.507530689239501953e-01 -5.010580420494079590e-01 -1.586187481880187988e-01 -1.568205866257290637e+00
-5.247120857238769531e-01 -8.269588947296142578e-01 -2.020307630300521851e-01 -8.032122264424831348e-01
-2.994193881750106812e-02 2.551075220108032227e-01 -9.664486646652221680e-01 -3.773957276142456241e+00
0.000000000000000000e+00 0.000000000000000000e+00 0.000000000000000000e+00 1.000000000000000000e+00
8.580709695816040039e-01 -4.991694688796997070e-01 -1.205984130501747131e-01 -1.454833432331725573e+00
-5.118022561073303223e-01 -8.120110630989074707e-01 -2.805294394493103027e-01 -1.191295254225179123e+00
4.210457950830459595e-02 3.024365007877349854e-01 -9.522391557693481445e-01 -3.775192573209641633e+00
0.000000000000000000e+00 0.000000000000000000e+00 0.000000000000000000e+00 1.000000000000000000e+00
8.598632812500000000e-01 -5.052117705345153809e-01 -7.345007359981536865e-02 -1.302916198222253463e+00
-4.944450259208679199e-01 -7.882958054542541504e-01 -3.662147819995880127e-01 -1.593205682703903170e+00
1.271157860755920410e-01 3.512120246887207031e-01 -9.276270866394042969e-01 -3.744595856099035558e+00
0.000000000000000000e+00 0.000000000000000000e+00 0.000000000000000000e+00 1.000000000000000000e+00
8.681992888450622559e-01 -4.955645501613616943e-01 -2.540202997624874115e-02 -1.139882877783497950e+00
-4.530760943889617920e-01 -7.708054184913635254e-01 -4.478619396686553955e-01 -2.002303095709554448e+00
2.023647725582122803e-01 4.003428220748901367e-01 -8.937414288520812988e-01 -3.693385193583309967e+00
0.000000000000000000e+00 0.000000000000000000e+00 0.000000000000000000e+00 1.000000000000000000e+00
8.840366601943969727e-01 -4.667747616767883301e-01 2.450414001941680908e-02 -9.568323282790959228e-01
-3.799447119235992432e-01 -7.481447458267211914e-01 -5.439860224723815918e-01 -2.504774165651457274e+00
2.722517251968383789e-01 4.715937077999114990e-01 -8.387362957000732422e-01 -3.609656813924134511e+00
0.000000000000000000e+00 0.000000000000000000e+00 0.000000000000000000e+00 1.000000000000000000e+00
9.170948863029479980e-01 -3.961385786533355713e-01 4.483994469046592712e-02 -8.759674926164110476e-01
-2.874501347541809082e-01 -7.349879741668701172e-01 -6.141371726989746094e-01 -2.857762187489150563e+00
2.762404382228851318e-01 5.503331422805786133e-01 -7.879239916801452637e-01 -3.526125653231355184e+00
0.000000000000000000e+00 0.000000000000000000e+00 0.000000000000000000e+00 1.000000000000000000e+00
9.358931779861450195e-01 -3.373188674449920654e-01 1.015831455588340759e-01 -6.324707187775656658e-01
-1.861253380775451660e-01 -7.182914018630981445e-01 -6.703843474388122559e-01 -3.167962622042922227e+00
2.990995347499847412e-01 6.085008382797241211e-01 -7.350276708602905273e-01 -3.429060985800268302e+00
0.000000000000000000e+00 0.000000000000000000e+00 0.000000000000000000e+00 1.000000000000000000e+00
9.075610041618347168e-01 -3.696460425853729248e-01 1.992347389459609985e-01 -1.594755170144965817e-01
-1.208892092108726501e-01 -6.843664646148681641e-01 -7.190466523170471191e-01 -3.405590246741965643e+00
4.021425247192382812e-01 6.284934878349304199e-01 -6.657906174659729004e-01 -3.289284126665974917e+00
0.000000000000000000e+00 0.000000000000000000e+00 0.000000000000000000e+00 1.000000000000000000e+00
8.588309884071350098e-01 -4.267244637012481689e-01 2.833997309207916260e-01 3.004728577238378051e-01
-7.628665119409561157e-02 -6.536090373992919922e-01 -7.529776096343994141e-01 -3.582534151027314540e+00
5.065466165542602539e-01 6.250609159469604492e-01 -5.938932895660400391e-01 -3.060433539609249465e+00
0.000000000000000000e+00 0.000000000000000000e+00 0.000000000000000000e+00 1.000000000000000000e+00
9.416298866271972656e-01 -2.551642656326293945e-01 2.195991128683090210e-01 -1.300813005134944800e-01
-2.621431276202201843e-02 -7.059037685394287109e-01 -7.078220844268798828e-01 -3.329290712696273857e+00
3.356269598007202148e-01 6.607503294944763184e-01 -6.713895201683044434e-01 -3.151028472577314332e+00
0.000000000000000000e+00 0.000000000000000000e+00 0.000000000000000000e+00 1.000000000000000000e+00
9.171127676963806152e-01 -2.726027965545654297e-01 2.908474802970886230e-01 1.576828042858060830e-01
-3.604647470638155937e-03 -7.352621555328369141e-01 -6.777728199958801270e-01 -3.144183847932587206e+00
3.986118733882904053e-01 6.205457448959350586e-01 -6.753008365631103516e-01 -3.234683639159427138e+00
0.000000000000000000e+00 0.000000000000000000e+00 0.000000000000000000e+00 1.000000000000000000e+00
8.944148421287536621e-01 -3.384750485420227051e-01 2.923303842544555664e-01 1.436720980841650064e-01
-3.855975717306137085e-02 -7.095612883567810059e-01 -7.035879492759704590e-01 -3.249533894455962191e+00
4.455730617046356201e-01 6.180269122123718262e-01 -6.476935744285583496e-01 -3.130938129639316614e+00
0.000000000000000000e+00 0.000000000000000000e+00 0.000000000000000000e+00 1.000000000000000000e+00
8.250443935394287109e-01 -4.156039655208587646e-01 3.828510940074920654e-01 6.229752717277677876e-01
3.162861615419387817e-02 -6.425037384033203125e-01 -7.656292319297790527e-01 -3.620391859379601840e+00
5.641819834709167480e-01 6.437872648239135742e-01 -5.169491171836853027e-01 -2.588354428253484940e+00
0.000000000000000000e+00 0.000000000000000000e+00 0.000000000000000000e+00 1.000000000000000000e+00
7.027522921562194824e-01 -5.297783613204956055e-01 4.748409688472747803e-01 1.199620662783963843e+00
7.946570217609405518e-02 -6.048120856285095215e-01 -7.923937439918518066e-01 -3.787027203687007404e+00
7.069827318191528320e-01 5.945899486541748047e-01 -3.829337954521179199e-01 -2.072999840842804975e+00
0.000000000000000000e+00 0.000000000000000000e+00 0.000000000000000000e+00 1.000000000000000000e+00
5.745102763175964355e-01 -6.145457625389099121e-01 5.406212210655212402e-01 1.660234388021370355e+00
1.299194544553756714e-01 -5.836622118949890137e-01 -8.015356659889221191e-01 -3.869002437685140627e+00
8.081204295158386230e-01 5.307273864746093750e-01 -2.554785907268524170e-01 -1.505299788221930557e+00
0.000000000000000000e+00 0.000000000000000000e+00 0.000000000000000000e+00 1.000000000000000000e+00
4.317382574081420898e-01 -6.591167449951171875e-01 6.157652139663696289e-01 2.172089628439768383e+00
2.625868916511535645e-01 -5.612567663192749023e-01 -7.848809957504272461e-01 -3.873851167162794429e+00
8.629311323165893555e-01 5.005552768707275391e-01 -6.924065947532653809e-02 -6.063473668410384043e-01
0.000000000000000000e+00 0.000000000000000000e+00 0.000000000000000000e+00 1.000000000000000000e+00
3.994564116001129150e-01 -6.530054807662963867e-01 6.434427499771118164e-01 2.352389826523463512e+00
3.382439613342285156e-01 -5.473705530166625977e-01 -7.654908299446105957e-01 -3.823365492678468591e+00
8.520712256431579590e-01 5.234208106994628906e-01 2.224371535703539848e-03 -2.000810578912278759e-01
0.000000000000000000e+00 0.000000000000000000e+00 0.000000000000000000e+00 1.000000000000000000e+00
3.449214696884155273e-01 -6.650057435035705566e-01 6.624171733856201172e-01 2.512942533151990343e+00
3.810517191886901855e-01 -5.457490682601928711e-01 -7.462958097457885742e-01 -3.750516695316439719e+00
8.578044772148132324e-01 5.098285675048828125e-01 6.516095995903015137e-02 1.442653407352992301e-01
0.000000000000000000e+00 0.000000000000000000e+00 0.000000000000000000e+00 1.000000000000000000e+00
5.705438852310180664e-01 -4.086256027221679688e-01 7.123936414718627930e-01 2.803614123434666983e+00
