0.9763696789741516 -0.1979030072689056 -0.08681394159793854 -0.02678073383867741 
-0.0779515877366066 0.05215543508529663 -0.9955918788909912 0.3096002638339996 
0.201558455824852 0.9788329601287842 0.03549608960747719 -0.0007068610866554081 
0 0 0 1 

0.9271363019943237 -0.3635668158531189 -0.09076043218374252 -0.0234555471688509 
-0.0432361513376236 0.1367992460727692 -0.9896548986434937 0.3034222722053528 
0.3722216188907623 0.9214690923690796 0.1111122965812683 -0.03836098313331604 
0 0 0 1 

0.9655792713165283 -0.1870576143264771 -0.1807375848293304 -0.001649129902943969 
-0.1467972546815872 0.1817215234041214 -0.9723311066627502 0.3060477674007416 
0.2147258520126343 0.9653945565223694 0.1480070501565933 -0.03180915117263794 
0 0 0 1 

0.958066999912262 -0.1213730126619339 -0.2595692574977875 0.02215905673801899 
-0.2336783707141876 0.1933236420154572 -0.9529009461402893 0.309134304523468 
0.1658373177051544 0.9735986590385437 0.1568547189235687 -0.02863986976444721 
0 0 0 1 

0.9229748845100403 0.2657817900180817 -0.27834752202034 0.04034850746393204 
-0.3476323783397675 0.2654196918010712 -0.8992797136306763 0.3084207773208618 
-0.1651333123445511 0.9267752170562744 0.3373700678348541 -0.0604594349861145 
0 0 0 1 

0.9278178811073303 0.1685024201869965 -0.3328076004981995 0.05428530275821686 
-0.3721596300601959 0.3570904135704041 -0.8567284345626831 0.3008592426776886 
-0.0255183819681406 0.9187455177307129 0.394024670124054 -0.08812551200389862 
0 0 0 1 

0.8864763379096985 0.1470611989498138 -0.4387854337692261 0.08993412554264069 
-0.4568224847316742 0.4296567142009735 -0.778914749622345 0.2870767414569855 
0.07397891581058502 0.890936553478241 0.4480613768100739 -0.114171639084816 
0 0 0 1 

0.8724849224090576 0.1236031278967857 -0.4727497100830078 0.1011885851621628 
-0.4632550179958344 0.5170138478279114 -0.7197855710983276 0.2691862285137177 
0.155450314283371 0.8470057249069214 0.5083465576171875 -0.1409632414579391 
0 0 0 1 

0.8572285175323486 0.1035295724868774 -0.5044212937355042 0.1116675287485123 
-0.461937427520752 0.5874610543251038 -0.6644571423530579 0.2537120580673218 
0.2275368720293045 0.8026027083396912 0.5514125823974609 -0.1570108830928802 
0 0 0 1 

0.8346488475799561 0.05200864374637604 -0.5483213067054749 0.1222013980150223 
-0.4302901923656464 0.6830201148986816 -0.5901980400085449 0.2313663214445114 
0.3438190221786499 0.7285454273223877 0.5924608111381531 -0.176345020532608 
0 0 0 1 

