0.9763696789741516 -0.197903037071228 -0.08681393414735794 -0.02678072825074196 
-0.07795161753892899 0.0521552786231041 -0.9955918788909912 0.3096002638339996 
0.2015584707260132 0.9788329601287842 0.03549593687057495 -0.000706896185874939 
0 0 0 1 

0.9271363019943237 -0.3635668456554413 -0.09076045453548431 -0.02345555834472179 
-0.04323617368936539 0.1367992460727692 -0.9896548986434937 0.3034222722053528 
0.3722216188907623 0.9214690923690796 0.1111122965812683 -0.03836098313331604 
0 0 0 1 

0.9655792713165283 -0.1870576143264771 -0.1807375848293304 -0.001649132580496371 
-0.1467972546815872 0.1817215234041214 -0.9723311066627502 0.3060477375984192 
0.2147258520126343 0.9653945565223694 0.1480070501565933 -0.03180916607379913 
0 0 0 1 

0.958066999912262 -0.1213730201125145 -0.2595692574977875 0.02215905115008354 
-0.2336783856153488 0.1933236569166183 -0.9529009461402893 0.309134304523468 
0.1658373326063156 0.9735986590385437 0.1568547487258911 -0.02863987535238266 
0 0 0 1 

0.9229749441146851 0.2657817900180817 -0.2783474624156952 0.04034848511219025 
-0.3476323783397675 0.2654197514057159 -0.8992797136306763 0.3084206879138947 
-0.1651332676410675 0.9267752170562744 0.3373701274394989 -0.06045951321721077 
0 0 0 1 

0.9278178811073303 0.1685024499893188 -0.3328075706958771 0.05428528785705566 
-0.3721596002578735 0.3570906519889832 -0.8567283749580383 0.3008591830730438 
-0.02551835216581821 0.9187454581260681 0.3940248489379883 -0.08812553435564041 
0 0 0 1 

0.8864763379096985 0.1470611989498138 -0.4387854337692261 0.0899340808391571 
-0.4568224847316742 0.4296567142009735 -0.778914749622345 0.2870766520500183 
0.07397891581058502 0.890936553478241 0.4480613768100739 -0.114171676337719 
0 0 0 1 

0.8724848628044128 0.1236031129956245 -0.4727497696876526 0.1011885777115822 
-0.4632551074028015 0.5170137882232666 -0.7197855710983276 0.26918625831604 
0.1554503440856934 0.8470058441162109 0.5083464980125427 -0.1409632712602615 
0 0 0 1 

0.8572285175323486 0.1035295724868774 -0.5044212937355042 0.1116675287485123 
-0.461937427520752 0.5874610543251038 -0.6644571423530579 0.2537120580673218 
0.2275368720293045 0.8026027083396912 0.5514125823974609 -0.1570109128952026 
0 0 0 1 

0.8392825126647949 0.07990403473377228 -0.5377920269966125 0.1198962852358818 
-0.4401251971721649 0.680584728717804 -0.5857430100440979 0.2303549200296402 
0.3192097544670105 0.7282993793487549 0.6063703894615173 -0.1791457235813141 
0 0 0 1 

