1.000000000000000000e+00 0.000000000000000000e+00 0.000000000000000000e+00 -3.619798645377159119e-02
0.000000000000000000e+00 1.000000000000000000e+00 0.000000000000000000e+00 -1.327119767665863037e-03
0.000000000000000000e+00 0.000000000000000000e+00 1.000000000000000000e+00 -2.960163652896881104e-01
0.000000000000000000e+00 0.000000000000000000e+00 0.000000000000000000e+00 1.000000000000000000e+00
9.904984831809997559e-01 1.367741376161575317e-01 1.433921512216329575e-02 -4.381600767374038696e-02
-1.357521414756774902e-01 9.890916943550109863e-01 -5.718008056282997131e-02 2.822625078260898590e-02
-2.200356125831604004e-02 5.469019711017608643e-02 9.982614517211914062e-01 -2.968112826347351074e-01
0.000000000000000000e+00 0.000000000000000000e+00 0.000000000000000000e+00 1.000000000000000000e+00
9.703934192657470703e-01 2.382406890392303467e-01 3.972441330552101135e-02 -5.144449695944786072e-02
-2.333154380321502686e-01 9.671535491943359375e-01 -1.008838266134262085e-01 5.300977081060409546e-02
-6.245429441332817078e-02 8.862866461277008057e-02 9.941045045852661133e-01 -2.943525612354278564e-01
0.000000000000000000e+00 0.000000000000000000e+00 0.000000000000000000e+00 1.000000000000000000e+00
9.411546587944030762e-01 3.360322713851928711e-01 3.619900718331336975e-02 -4.945120587944984436e-02
-3.279196918010711670e-01 9.338300228118896484e-01 -1.429324150085449219e-01 7.456771284341812134e-02
-8.183366060256958008e-02 1.226510703563690186e-01 9.890703558921813965e-01 -2.915847301483154297e-01
0.000000000000000000e+00 0.000000000000000000e+00 0.000000000000000000e+00 1.000000000000000000e+00
8.955636620521545410e-01 4.448605477809906006e-01 8.061355911195278168e-03 -3.545893356204032898e-02
-4.373812675476074219e-01 8.835419416427612305e-01 -1.674855500459671021e-01 8.882056921720504761e-02
-8.163030445575714111e-02 1.464681178331375122e-01 9.858415722846984863e-01 -2.906204760074615479e-01
0.000000000000000000e+00 0.000000000000000000e+00 0.000000000000000000e+00 1.000000000000000000e+00
8.277620673179626465e-01 5.610744357109069824e-01 2.374771051108837128e-03 -2.773252315819263458e-02
-5.501421689987182617e-01 8.124500513076782227e-01 -1.930472254753112793e-01 1.033838689327239990e-01
-1.102433428168296814e-01 1.584907174110412598e-01 9.811865091323852539e-01 -2.885623872280120850e-01
0.000000000000000000e+00 0.000000000000000000e+00 0.000000000000000000e+00 1.000000000000000000e+00
7.527720928192138672e-01 6.572527289390563965e-01 -3.677773848176002502e-02 -8.825452998280525208e-03
-6.521531939506530762e-01 7.369946837425231934e-01 -1.775815784931182861e-01 1.022616699337959290e-01
-8.961106836795806885e-02 1.576631367206573486e-01 9.834185838699340820e-01 -2.918595969676971436e-01
0.000000000000000000e+00 0.000000000000000000e+00 0.000000000000000000e+00 1.000000000000000000e+00
6.885234117507934570e-01 7.220814824104309082e-01 -6.733269244432449341e-02 4.608064889907836914e-03
-7.242664694786071777e-01 6.799083352088928223e-01 -1.147284135222434998e-01 8.234778791666030884e-02
-3.706324100494384766e-02 1.277600675821304321e-01 9.911125302314758301e-01 -2.993353307247161865e-01
0.000000000000000000e+00 0.000000000000000000e+00 0.000000000000000000e+00 1.000000000000000000e+00
5.864296555519104004e-01 8.095501661300659180e-01 -2.697942033410072327e-02 -4.560181405395269394e-03
-8.088891506195068359e-01 5.835569500923156738e-01 -7.182943820953369141e-02 6.845206767320632935e-02
-4.240554571151733398e-02 6.394628435373306274e-02 9.970520734786987305e-01 -3.066425919532775879e-01
0.000000000000000000e+00 0.000000000000000000e+00 0.000000000000000000e+00 1.000000000000000000e+00
5.017977356910705566e-01 8.642704486846923828e-01 -3.515276312828063965e-02 2.821737434715032578e-03
-8.643984198570251465e-01 4.995466470718383789e-01 -5.716858059167861938e-02 6.455136090517044067e-02
-3.184868022799491882e-02 5.907304212450981140e-02 9.977456927299499512e-01 -3.105696737766265869e-01
0.000000000000000000e+00 0.000000000000000000e+00 0.000000000000000000e+00 1.000000000000000000e+00
4.059577882289886475e-01 9.125435948371887207e-01 -4.962239786982536316e-02 1.215244829654693604e-02
-9.137552380561828613e-01 4.062378704547882080e-01 -4.759135190397500992e-03 4.538750648498535156e-02
1.581556722521781921e-02 4.727470502257347107e-02 9.987566471099853516e-01 -3.151265084743499756e-01
0.000000000000000000e+00 0.000000000000000000e+00 0.000000000000000000e+00 1.000000000000000000e+00
2.912833392620086670e-01 9.555298089981079102e-01 -4.601217061281204224e-02 1.605597697198390961e-02
-9.556825757026672363e-01 2.928036153316497803e-01 3.060324862599372864e-02 3.222344070672988892e-02
4.271482303738594055e-02 3.505881503224372864e-02 9.984716176986694336e-01 -3.177709281444549561e-01
0.000000000000000000e+00 0.000000000000000000e+00 0.000000000000000000e+00 1.000000000000000000e+00
1.737594306468963623e-01 9.821525216102600098e-01 -7.200229167938232422e-02 2.956363558769226074e-02
-9.824951291084289551e-01 1.778774559497833252e-01 5.534527078270912170e-02 2.315287478268146515e-02
6.716508418321609497e-02 6.112514063715934753e-02 9.958679676055908203e-01 -3.182534277439117432e-01
0.000000000000000000e+00 0.000000000000000000e+00 0.000000000000000000e+00 1.000000000000000000e+00
9.572225064039230347e-02 9.924098253250122070e-01 -7.719843834638595581e-02 3.441806137561798096e-02
-9.908055067062377930e-01 1.024421975016593933e-01 8.837629854679107666e-02 1.049182191491127014e-02
9.561390429735183716e-02 6.802898645401000977e-02 9.930908679962158203e-01 -3.176173865795135498e-01
0.000000000000000000e+00 0.000000000000000000e+00 0.000000000000000000e+00 1.000000000000000000e+00
1.822120882570743561e-02 9.967460632324218750e-01 -7.851654291152954102e-02 3.953598067164421082e-02
-9.971703290939331055e-01 2.384502068161964417e-02 7.129442691802978516e-02 1.828634738922119141e-02
7.293467968702316284e-02 7.699538022279739380e-02 9.943605661392211914e-01 -3.119561672210693359e-01
0.000000000000000000e+00 0.000000000000000000e+00 0.000000000000000000e+00 1.000000000000000000e+00
-9.171102941036224365e-02 8.963441848754882812e-01 -4.337691068649291992e-01 1.631330549716949463e-01
-9.904782772064208984e-01 -3.719775006175041199e-02 1.325496137142181396e-01 -2.160353818908333778e-03
1.026747822761535645e-01 4.417952001094818115e-01 8.912208676338195801e-01 -2.722277045249938965e-01
0.000000000000000000e+00 0.000000000000000000e+00 0.000000000000000000e+00 1.000000000000000000e+00
-1.635759621858596802e-01 8.738350868225097656e-01 -4.578806459903717041e-01 1.727985292673110962e-01
-9.775041341781616211e-01 -8.092314004898071289e-02 1.947726607322692871e-01 -2.419271878898143768e-02
1.331460624933242798e-01 4.794404804706573486e-01 8.674149513244628906e-01 -2.654581665992736816e-01
0.000000000000000000e+00 0.000000000000000000e+00 0.000000000000000000e+00 1.000000000000000000e+00
-1.359417736530303955e-01 8.085608482360839844e-01 -5.724935531616210938e-01 2.028402239084243774e-01
-9.906172752380371094e-01 -1.191346049308776855e-01 6.696790456771850586e-02 1.723948493599891663e-02
-1.405616663396358490e-02 5.762257575988769531e-01 8.171696662902832031e-01 -2.419106960296630859e-01
0.000000000000000000e+00 0.000000000000000000e+00 0.000000000000000000e+00 1.000000000000000000e+00
-8.896777778863906860e-02 7.312301993370056152e-01 -6.763038635253906250e-01 2.257004827260971069e-01
-9.946246743202209473e-01 -2.910998649895191193e-02 9.936871379613876343e-02 9.790385141968727112e-03
5.297421291470527649e-02 6.815091967582702637e-01 7.298895716667175293e-01 -2.240370064973831177e-01
0.000000000000000000e+00 0.000000000000000000e+00 0.000000000000000000e+00 1.000000000000000000e+00
-5.930486321449279785e-02 5.661928057670593262e-01 -8.221366405487060547e-01 2.678614854812622070e-01
-9.859181642532348633e-01 9.578094631433486938e-02 1.370820105075836182e-01 -1.698050531558692455e-03
1.563599556684494019e-01 8.186894059181213379e-01 5.525393486022949219e-01 -1.686860471963882446e-01
0.000000000000000000e+00 0.000000000000000000e+00 0.000000000000000000e+00 1.000000000000000000e+00
-1.266109496355056763e-01 4.168281555175781250e-01 -9.001243114471435547e-01 2.907450795173645020e-01
-9.858563542366027832e-01 4.757168889045715332e-02 1.606994867324829102e-01 -1.322911307215690613e-02
1.098043918609619141e-01 9.077394008636474609e-01 4.049096405506134033e-01 -1.171686500310897827e-01
0.000000000000000000e+00 0.000000000000000000e+00 0.000000000000000000e+00 1.000000000000000000e+00
-1.965961009263992310e-01 3.120341002941131592e-01 -9.295077323913574219e-01 3.014322221279144287e-01
-9.746943712234497070e-01 4.067692905664443970e-02 2.198085635900497437e-01 -3.218736127018928528e-02
1.063972637057304382e-01 9.491991996765136719e-01 2.961409389972686768e-01 -8.305145800113677979e-02
0.000000000000000000e+00 0.000000000000000000e+00 0.000000000000000000e+00 1.000000000000000000e+00
-2.741154730319976807e-01 1.963048428297042847e-01 -9.414483904838562012e-01 3.085169792175292969e-01
-9.593263864517211914e-01 1.287437416613101959e-02 2.820054888725280762e-01 -5.252329632639884949e-02
6.747953593730926514e-02 9.804583787918090820e-01 1.847914904356002808e-01 -4.561176896095275879e-02
0.000000000000000000e+00 0.000000000000000000e+00 0.000000000000000000e+00 1.000000000000000000e+00
-1.725825667381286621e-01 -8.468230366706848145e-01 -5.030965805053710938e-01 1.629757583141326904e-01
-9.475753903388977051e-01 3.292609471827745438e-03 3.195149600505828857e-01 -6.292530894279479980e-02
-2.689159810543060303e-01 5.318649411201477051e-01 -8.029968142509460449e-01 2.822737097740173340e-01
0.000000000000000000e+00 0.000000000000000000e+00 0.000000000000000000e+00 1.000000000000000000e+00
-1.659477949142456055e-01 -8.757914304733276367e-01 -4.532681107521057129e-01 1.460007280111312866e-01
-9.682030081748962402e-01 5.744376778602600098e-02 2.434812337160110474e-01 -3.898575156927108765e-02
-1.872012466192245483e-01 4.792607128620147705e-01 -8.574759364128112793e-01 2.947065830230712891e-01
0.000000000000000000e+00 0.000000000000000000e+00 0.000000000000000000e+00 1.000000000000000000e+00
-8.810593187808990479e-02 -8.624836206436157227e-01 -4.983558952808380127e-01 1.533208489418029785e-01
-9.894471168518066406e-01 1.800418645143508911e-02 1.437695473432540894e-01 -4.638445563614368439e-03
-1.150264814496040344e-01 5.057638883590698242e-01 -8.549681901931762695e-01 2.894621193408966064e-01
0.000000000000000000e+00 0.000000000000000000e+00 0.000000000000000000e+00 1.000000000000000000e+00
2.372300624847412109e-02 -8.678014278411865234e-01 -4.963437318801879883e-01 1.433132737874984741e-01
-9.991335868835449219e-01 -3.755918517708778381e-02 1.791451685130596161e-02 3.794559836387634277e-02
-3.418860211968421936e-02 4.954887926578521729e-01 -8.679410219192504883e-01 2.878285348415374756e-01
0.000000000000000000e+00 0.000000000000000000e+00 0.000000000000000000e+00 1.000000000000000000e+00
5.240299180150032043e-02 -8.740479350090026855e-01 -4.830046594142913818e-01 1.362095028162002563e-01
-9.946087598800659180e-01 -2.343450672924518585e-03 -1.036681532859802246e-01 7.729281485080718994e-02
8.947908133268356323e-02 4.858334362506866455e-01 -8.694590330123901367e-01 2.798486351966857910e-01
0.000000000000000000e+00 0.000000000000000000e+00 0.000000000000000000e+00 1.000000000000000000e+00
2.342928200960159302e-02 -8.842117190361022949e-01 -4.664984643459320068e-01 1.351503878831863403e-01
-9.827647805213928223e-01 6.521735340356826782e-02 -1.729726791381835938e-01 9.092956781387329102e-02
1.833684146404266357e-01 4.625107645988464355e-01 -8.674443960189819336e-01 2.755793929100036621e-01
0.000000000000000000e+00 0.000000000000000000e+00 0.000000000000000000e+00 1.000000000000000000e+00
-4.030946642160415649e-02 -8.849844336509704590e-01 -4.638711214065551758e-01 1.412335038185119629e-01
-9.954116344451904297e-01 7.588811963796615601e-02 -5.828140303492546082e-02 5.419059470295906067e-02
8.678046613931655884e-02 4.593939185142517090e-01 -8.839832544326782227e-01 2.964796125888824463e-01
0.000000000000000000e+00 0.000000000000000000e+00 0.000000000000000000e+00 1.000000000000000000e+00
-3.676357492804527283e-02 -8.857263326644897461e-01 -4.627499282360076904e-01 1.387240737676620483e-01
-9.922581315040588379e-01 -2.261457592248916626e-02 1.221160739660263062e-01 -3.522258950397372246e-03
-1.186263114213943481e-01 4.636568427085876465e-01 -8.780377507209777832e-01 3.125425279140472412e-01
0.000000000000000000e+00 0.000000000000000000e+00 0.000000000000000000e+00 1.000000000000000000e+00
1.361037492752075195e-01 -8.656977415084838867e-01 -4.817084372043609619e-01 1.312023103237152100e-01
-9.847191572189331055e-01 -1.715373098850250244e-01 3.005043044686317444e-02 2.532920986413955688e-02
-1.086456179618835449e-01 4.702575802803039551e-01 -8.758161664009094238e-01 3.135952949523925781e-01
0.000000000000000000e+00 0.000000000000000000e+00 0.000000000000000000e+00 1.000000000000000000e+00
2.398694753646850586e-01 -8.159060478210449219e-01 -5.260795950889587402e-01 1.310679465532302856e-01
-9.427092671394348145e-01 -3.251888453960418701e-01 7.450683414936065674e-02 9.808614850044250488e-03
-2.318658679723739624e-01 4.780682325363159180e-01 -8.471651077270507812e-01 3.091451525688171387e-01
0.000000000000000000e+00 0.000000000000000000e+00 0.000000000000000000e+00 1.000000000000000000e+00
3.460073769092559814e-01 -7.461645603179931641e-01 -5.687857270240783691e-01 1.300204545259475708e-01
-9.077141284942626953e-01 -4.195849299430847168e-01 -1.751250587403774261e-03 3.260690718889236450e-02
-2.373473495244979858e-01 5.169008970260620117e-01 -8.224834799766540527e-01 2.956617176532745361e-01
0.000000000000000000e+00 0.000000000000000000e+00 0.000000000000000000e+00 1.000000000000000000e+00
3.667978346347808838e-01 -7.452415823936462402e-01 -5.568434000015258789e-01 1.238294392824172974e-01
-9.188076257705688477e-01 -3.839992880821228027e-01 -9.130823612213134766e-02 6.246599182486534119e-02
-1.457808017730712891e-01 5.451233983039855957e-01 -8.255833387374877930e-01 2.879499495029449463e-01
0.000000000000000000e+00 0.000000000000000000e+00 0.000000000000000000e+00 1.000000000000000000e+00
3.735247552394866943e-01 -7.377071380615234375e-01 -5.623764991760253906e-01 1.253878325223922729e-01
-9.252337813377380371e-01 -3.397470712661743164e-01 -1.688616126775741577e-01 8.735735714435577393e-02
-6.649546325206756592e-02 5.834035873413085938e-01 -8.094556927680969238e-01 2.762750387191772461e-01
0.000000000000000000e+00 0.000000000000000000e+00 0.000000000000000000e+00 1.000000000000000000e+00
5.385190844535827637e-01 -6.335053443908691406e-01 -5.555788278579711914e-01 1.179815381765365601e-01
-8.403574228286743164e-01 -4.520085155963897705e-01 -2.991447448730468750e-01 1.227116957306861877e-01
-6.161666288971900940e-02 6.279799342155456543e-01 -7.757860422134399414e-01 2.643211781978607178e-01
0.000000000000000000e+00 0.000000000000000000e+00 0.000000000000000000e+00 1.000000000000000000e+00
6.891981363296508789e-01 -4.473237693309783936e-01 -5.700064301490783691e-01 1.172098964452743530e-01
-7.091528177261352539e-01 -5.778625607490539551e-01 -4.039515256881713867e-01 1.524876356124877930e-01
-1.486883312463760376e-01 6.826243400573730469e-01 -7.154826521873474121e-01 2.598840594291687012e-01
0.000000000000000000e+00 0.000000000000000000e+00 0.000000000000000000e+00 1.000000000000000000e+00
7.205410003662109375e-01 -3.720204830169677734e-01 -5.851679444313049316e-01 1.177220568060874939e-01
-6.460930109024047852e-01 -6.665947437286376953e-01 -3.717727363109588623e-01 1.411348581314086914e-01
-2.517628967761993408e-01 6.459504365921020508e-01 -7.206686139106750488e-01 2.712614536285400391e-01
0.000000000000000000e+00 0.000000000000000000e+00 0.000000000000000000e+00 1.000000000000000000e+00
7.651603221893310547e-01 -2.837195694446563721e-01 -5.779555439949035645e-01 1.204216778278350830e-01
-5.700017213821411133e-01 -7.159195542335510254e-01 -4.031837582588195801e-01 1.433682590723037720e-01
-2.993785440921783447e-01 6.379359364509582520e-01 -7.095138430595397949e-01 2.678673565387725830e-01
0.000000000000000000e+00 0.000000000000000000e+00 0.000000000000000000e+00 1.000000000000000000e+00
7.625187039375305176e-01 -2.704055905342102051e-01 -5.877465605735778809e-01 1.302610784769058228e-01
-5.379524827003479004e-01 -7.696764469146728516e-01 -3.438114225864410400e-01 1.170008629560470581e-01
-3.594056665897369385e-01 5.783422589302062988e-01 -7.323576211929321289e-01 2.791908681392669678e-01
0.000000000000000000e+00 0.000000000000000000e+00 0.000000000000000000e+00 1.000000000000000000e+00
7.472954988479614258e-01 -3.681350648403167725e-01 -5.531961917877197266e-01 1.277872025966644287e-01
-5.845102071762084961e-01 -7.601593732833862305e-01 -2.837345004081726074e-01 9.448979049921035767e-02
-3.160645961761474609e-01 5.353825688362121582e-01 -7.832423448562622070e-01 2.926432490348815918e-01
0.000000000000000000e+00 0.000000000000000000e+00 0.000000000000000000e+00 1.000000000000000000e+00
8.213265538215637207e-01 -2.088432312011718750e-01 -5.308552384376525879e-01 1.246470734477043152e-01
-5.255249142646789551e-01 -6.390061974525451660e-01 -5.616887807846069336e-01 1.822338253259658813e-01
-2.219149768352508545e-01 7.403075098991394043e-01 -6.345850825309753418e-01 2.517170011997222900e-01
0.000000000000000000e+00 0.000000000000000000e+00 0.000000000000000000e+00 1.000000000000000000e+00
8.549326062202453613e-01 -1.378608345985412598e-01 -5.000845789909362793e-01 1.137782558798789978e-01
-4.789430797100067139e-01 -5.800834298133850098e-01 -6.588748693466186523e-01 2.144070416688919067e-01
-1.992578953504562378e-01 8.028057217597961426e-01 -5.619597434997558594e-01 2.268825769424438477e-01
0.000000000000000000e+00 0.000000000000000000e+00 0.000000000000000000e+00 1.000000000000000000e+00
8.840194940567016602e-01 -7.211455702781677246e-02 -4.618539214134216309e-01 1.005945950746536255e-01
-4.299080073833465576e-01 -5.133765935897827148e-01 -7.427134513854980469e-01 2.422223538160324097e-01
-1.835446059703826904e-01 8.551278710365295410e-01 -4.848375618457794189e-01 2.008360028266906738e-01
0.000000000000000000e+00 0.000000000000000000e+00 0.000000000000000000e+00 1.000000000000000000e+00
8.969277143478393555e-01 7.394297420978546143e-02 -4.359508156776428223e-01 9.318822622299194336e-02
-3.685758113861083984e-01 -4.196452796459197998e-01 -8.294873237609863281e-01 2.709767222404479980e-01
-2.442795187234878540e-01 9.046710729598999023e-01 -3.491378724575042725e-01 1.593862622976303101e-01
0.000000000000000000e+00 0.000000000000000000e+00 0.000000000000000000e+00 1.000000000000000000e+00
9.400987029075622559e-01 -3.048009276390075684e-01 -1.526788771152496338e-01 -5.709256045520305634e-03
-2.483332604169845581e-01 -3.054711520671844482e-01 -9.192484617233276367e-01 2.944859564304351807e-01
2.335487902164459229e-01 9.020994901657104492e-01 -3.628652989864349365e-01 1.346874833106994629e-01
0.000000000000000000e+00 0.000000000000000000e+00 0.000000000000000000e+00 1.000000000000000000e+00
9.758540391921997070e-01 -1.476382762193679810e-01 -1.609716713428497314e-01 -2.537868916988372803e-03
-1.918107122182846069e-01 -2.266939580440521240e-01 -9.548918604850769043e-01 3.033303320407867432e-01
1.044872775673866272e-01 9.627111554145812988e-01 -2.495388239622116089e-01 1.029969751834869385e-01
0.000000000000000000e+00 0.000000000000000000e+00 0.000000000000000000e+00 1.000000000000000000e+00
9.807555675506591797e-01 -1.372736841440200806e-01 -1.388325095176696777e-01 -9.478548541665077209e-03
-1.549613028764724731e-01 -1.147487983107566833e-01 -9.812337160110473633e-01 3.099013566970825195e-01
1.187667027115821838e-01 9.838640689849853516e-01 -1.338126659393310547e-01 6.271567940711975098e-02
0.000000000000000000e+00 0.000000000000000000e+00 0.000000000000000000e+00 1.000000000000000000e+00
9.638165831565856934e-01 -2.340851128101348877e-01 -1.275211870670318604e-01 -1.487816032022237778e-02
-1.448094695806503296e-01 -5.814436450600624084e-02 -9.877499341964721680e-01 3.102745115756988525e-01
2.238028645515441895e-01 9.704758524894714355e-01 -8.993827551603317261e-02 4.086190089583396912e-02
0.000000000000000000e+00 0.000000000000000000e+00 0.000000000000000000e+00 1.000000000000000000e+00
9.902530908584594727e-01 9.686423838138580322e-02 -1.000820994377136230e-01 -2.101097255945205688e-02
-1.033753156661987305e-01 2.958627603948116302e-02 -9.942024946212768555e-01 3.090578019618988037e-01
-9.334161877632141113e-02 9.948579072952270508e-01 3.931125625967979431e-02 1.273126341402530670e-02
0.000000000000000000e+00 0.000000000000000000e+00 0.000000000000000000e+00 1.000000000000000000e+00
9.946413636207580566e-01 -6.621823459863662720e-02 -7.939845323562622070e-02 -2.868670038878917694e-02
-7.071366161108016968e-02 1.245196908712387085e-01 -9.896942973136901855e-01 3.036811351776123047e-01
7.542236894369125366e-02 9.900048375129699707e-01 1.191698461771011353e-01 -2.538822405040264130e-02
0.000000000000000000e+00 0.000000000000000000e+00 0.000000000000000000e+00 1.000000000000000000e+00
9.841549396514892578e-01 -1.115100085735321045e-02 -1.769588440656661987e-01 -1.577046699821949005e-03
-1.728517115116119385e-01 1.620548963546752930e-01 -9.715248346328735352e-01 3.057578206062316895e-01
3.951048851013183594e-02 9.867184758186340332e-01 1.575596481561660767e-01 -2.571672946214675903e-02
0.000000000000000000e+00 0.000000000000000000e+00 0.000000000000000000e+00 1.000000000000000000e+00
7.392230033874511719e-01 6.666616797447204590e-01 -9.545540064573287964e-02 -1.092698425054550171e-03
-2.719276249408721924e-01 1.657968163490295410e-01 -9.479275941848754883e-01 3.081095814704895020e-01
-6.161206960678100586e-01 7.266864776611328125e-01 3.038445115089416504e-01 -3.483320027589797974e-02
0.000000000000000000e+00 0.000000000000000000e+00 0.000000000000000000e+00 1.000000000000000000e+00
4.717082679271697998e-01 8.811436891555786133e-01 3.282525017857551575e-02 -1.443759072571992874e-02
-3.734425604343414307e-01 2.333639115095138550e-01 -8.978205919265747070e-01 3.074443936347961426e-01
-7.987689375877380371e-01 4.112510681152343750e-01 4.391362369060516357e-01 -7.016210258007049561e-02
0.000000000000000000e+00 0.000000000000000000e+00 0.000000000000000000e+00 1.000000000000000000e+00
9.101219177246093750e-01 2.873519957065582275e-01 -2.985074222087860107e-01 4.728299751877784729e-02
-3.881303071975708008e-01 3.390906453132629395e-01 -8.569547533988952637e-01 3.003155291080474854e-01
-1.450266689062118530e-01 8.957935571670532227e-01 4.201439917087554932e-01 -8.997979760169982910e-02
0.000000000000000000e+00 0.000000000000000000e+00 0.000000000000000000e+00 1.000000000000000000e+00
8.841951489448547363e-01 1.661158800125122070e-01 -4.365832209587097168e-01 8.974121510982513428e-02
-4.642429053783416748e-01 4.160391092300415039e-01 -7.819140553474426270e-01 2.871826887130737305e-01
5.174726992845535278e-02 8.940450549125671387e-01 4.449777901172637939e-01 -1.120981201529502869e-01
0.000000000000000000e+00 0.000000000000000000e+00 0.000000000000000000e+00 1.000000000000000000e+00
8.707604408264160156e-01 1.535673141479492188e-01 -4.671121239662170410e-01 1.001006215810775757e-01
-4.760566651821136475e-01 5.010687708854675293e-01 -7.227029800415039062e-01 2.695776522159576416e-01
1.230716481804847717e-01 8.516732454299926758e-01 5.094178318977355957e-01 -1.394592672586441040e-01
0.000000000000000000e+00 0.000000000000000000e+00 0.000000000000000000e+00 1.000000000000000000e+00
8.587367534637451172e-01 1.333575546741485596e-01 -4.947590529918670654e-01 1.091669201850891113e-01
-4.721587300300598145e-01 5.810742974281311035e-01 -6.628867983818054199e-01 2.530354857444763184e-01
1.990908235311508179e-01 8.028500676155090332e-01 5.619556903839111328e-01 -1.588041335344314575e-01
0.000000000000000000e+00 0.000000000000000000e+00 0.000000000000000000e+00 1.000000000000000000e+00
8.400192260742187500e-01 9.790395945310592651e-02 -5.336500406265258789e-01 1.191571205854415894e-01
-4.480800032615661621e-01 6.797931790351867676e-01 -5.806074738502502441e-01 2.284708023071289062e-01
3.059279024600982666e-01 7.268395423889160156e-01 6.149082183837890625e-01 -1.815247684717178345e-01
0.000000000000000000e+00 0.000000000000000000e+00 0.000000000000000000e+00 1.000000000000000000e+00
8.249250054359436035e-01 1.087112277746200562e-01 -5.546896457672119141e-01 1.275216490030288696e-01
-4.439275860786437988e-01 7.320662140846252441e-01 -5.167263746261596680e-01 2.095147818326950073e-01
3.498957157135009766e-01 6.725028753280639648e-01 6.521602869033813477e-01 -1.975607275962829590e-01
0.000000000000000000e+00 0.000000000000000000e+00 0.000000000000000000e+00 1.000000000000000000e+00
7.945644259452819824e-01 1.498152613639831543e-01 -5.884066224098205566e-01 1.419002711772918701e-01
-4.530218839645385742e-01 7.915130853652954102e-01 -4.102166295051574707e-01 1.782364845275878906e-01
4.042746126651763916e-01 5.925051569938659668e-01 6.967778801918029785e-01 -2.170860320329666138e-01
0.000000000000000000e+00 0.000000000000000000e+00 0.000000000000000000e+00 1.000000000000000000e+00
7.665459513664245605e-01 2.114969640970230103e-01 -6.063627600669860840e-01 1.515259593725204468e-01
-4.623768627643585205e-01 8.370238542556762695e-01 -2.925727367401123047e-01 1.429860889911651611e-01
4.456615447998046875e-01 5.046385526657104492e-01 7.394083142280578613e-01 -2.356930375099182129e-01
0.000000000000000000e+00 0.000000000000000000e+00 0.000000000000000000e+00 1.000000000000000000e+00
7.404012680053710938e-01 2.778406143188476562e-01 -6.120542287826538086e-01 1.574966311454772949e-01
-4.632291197776794434e-01 8.707233667373657227e-01 -1.651043742895126343e-01 1.037543639540672302e-01
4.870573580265045166e-01 4.057650864124298096e-01 7.733886837959289551e-01 -2.519381642341613770e-01
0.000000000000000000e+00 0.000000000000000000e+00 0.000000000000000000e+00 1.000000000000000000e+00
7.202273011207580566e-01 3.538472056388854980e-01 -5.967116355895996094e-01 1.556107848882675171e-01
-4.404515027999877930e-01 8.977757692337036133e-01 7.547970162704586983e-04 5.170633271336555481e-02
5.359801650047302246e-01 2.622787952423095703e-01 8.024552464485168457e-01 -2.668673992156982422e-01
0.000000000000000000e+00 0.000000000000000000e+00 0.000000000000000000e+00 1.000000000000000000e+00
7.109882235527038574e-01 3.948579728603363037e-01 -5.818788409233093262e-01 1.500824540853500366e-01
-3.700273633003234863e-01 9.137204885482788086e-01 1.679126620292663574e-01 -6.073359400033950806e-03
5.979762673377990723e-01 9.592732787132263184e-02 7.957525849342346191e-01 -2.661866843700408936e-01
0.000000000000000000e+00 0.000000000000000000e+00 0.000000000000000000e+00 1.000000000000000000e+00
7.055308222770690918e-01 4.187607169151306152e-01 -5.717220306396484375e-01 1.458184123039245605e-01
-2.997649312019348145e-01 9.073616862297058105e-01 2.946781814098358154e-01 -5.203587189316749573e-02
6.421584486961364746e-01 -3.652219474315643311e-02 7.657014727592468262e-01 -2.592312991619110107e-01
0.000000000000000000e+00 0.000000000000000000e+00 0.000000000000000000e+00 1.000000000000000000e+00
6.986386775970458984e-01 4.514530599117279053e-01 -5.550619959831237793e-01 1.402661204338073730e-01
-2.444792091846466064e-01 8.797317147254943848e-01 4.078011810779571533e-01 -9.076482802629470825e-02
6.724089384078979492e-01 -1.492045968770980835e-01 7.249858379364013672e-01 -2.478741854429244995e-01
0.000000000000000000e+00 0.000000000000000000e+00 0.000000000000000000e+00 1.000000000000000000e+00
6.897230744361877441e-01 4.778633415699005127e-01 -5.439934134483337402e-01 1.368715763092041016e-01
-1.627584695816040039e-01 8.343889117240905762e-01 5.265975594520568848e-01 -1.350081712007522583e-01
7.055435776710510254e-01 -2.746667563915252686e-01 6.532734632492065430e-01 -2.275014966726303101e-01
0.000000000000000000e+00 0.000000000000000000e+00 0.000000000000000000e+00 1.000000000000000000e+00
6.709980964660644531e-01 5.126612782478332520e-01 -5.356669425964355469e-01 1.353426128625869751e-01
-1.004576832056045532e-01 7.786468863487243652e-01 6.193682551383972168e-01 -1.699590384960174561e-01
7.346215844154357910e-01 -3.617829680442810059e-01 5.739711523056030273e-01 -2.043005228042602539e-01
0.000000000000000000e+00 0.000000000000000000e+00 0.000000000000000000e+00 1.000000000000000000e+00
6.801905035972595215e-01 5.253084897994995117e-01 -5.112645626068115234e-01 1.272026449441909790e-01
-3.606872633099555969e-02 7.206022739410400391e-01 6.924099922180175781e-01 -1.988565027713775635e-01
7.321472764015197754e-01 -4.525300562381744385e-01 5.090940594673156738e-01 -1.850027143955230713e-01
0.000000000000000000e+00 0.000000000000000000e+00 0.000000000000000000e+00 1.000000000000000000e+00
6.921760439872741699e-01 5.292347073554992676e-01 -4.907162785530090332e-01 1.198391988873481750e-01
2.170051448047161102e-02 6.643498539924621582e-01 7.471067309379577637e-01 -2.214146852493286133e-01
7.214021682739257812e-01 -5.277782678604125977e-01 4.483626484870910645e-01 -1.670489311218261719e-01
0.000000000000000000e+00 0.000000000000000000e+00 0.000000000000000000e+00 1.000000000000000000e+00
7.385994195938110352e-01 5.106037855148315430e-01 -4.401760399341583252e-01 1.011221706867218018e-01
6.168294697999954224e-02 5.990153551101684570e-01 7.983583211898803711e-01 -2.423696368932723999e-01
6.713164448738098145e-01 -6.168183684349060059e-01 4.109367430210113525e-01 -1.553709656000137329e-01
0.000000000000000000e+00 0.000000000000000000e+00 0.000000000000000000e+00 1.000000000000000000e+00
7.746942639350891113e-01 4.992637932300567627e-01 -3.880516588687896729e-01 8.176340162754058838e-02
1.056435331702232361e-01 5.028646588325500488e-01 8.578844666481018066e-01 -2.686502933502197266e-01
6.234484910964965820e-01 -7.055938243865966797e-01 3.368225395679473877e-01 -1.330080330371856689e-01
0.000000000000000000e+00 0.000000000000000000e+00 0.000000000000000000e+00 1.000000000000000000e+00
8.323763012886047363e-01 4.593622088432312012e-01 -3.100589513778686523e-01 5.448151007294654846e-02
1.276937574148178101e-01 3.854449093341827393e-01 9.138524532318115234e-01 -2.915672659873962402e-01
5.392997264862060547e-01 -8.002616167068481445e-01 2.621776163578033447e-01 -1.059937924146652222e-01
0.000000000000000000e+00 0.000000000000000000e+00 0.000000000000000000e+00 1.000000000000000000e+00
8.846325278282165527e-01 3.790674805641174316e-01 -2.715383768081665039e-01 3.877888992428779602e-02
1.602196097373962402e-01 2.997762262821197510e-01 9.404594898223876953e-01 -3.037949800491333008e-01
4.378982782363891602e-01 -8.754664659500122070e-01 2.044576406478881836e-01 -8.446588367223739624e-02
0.000000000000000000e+00 0.000000000000000000e+00 0.000000000000000000e+00 1.000000000000000000e+00
8.996489048004150391e-01 3.508229255676269531e-01 -2.599146664142608643e-01 3.314064815640449524e-02
1.953775435686111450e-01 2.088944464921951294e-01 9.582226872444152832e-01 -3.138672709465026855e-01
3.904610574245452881e-01 -9.128450751304626465e-01 1.193887367844581604e-01 -5.593159422278404236e-02
0.000000000000000000e+00 0.000000000000000000e+00 0.000000000000000000e+00 1.000000000000000000e+00
9.448723196983337402e-01 2.288588434457778931e-01 -2.341800779104232788e-01 2.095808461308479309e-02
2.129485011100769043e-01 1.137932240962982178e-01 9.704145789146423340e-01 -3.210454285144805908e-01
2.487360835075378418e-01 -9.667859673500061035e-01 5.878490582108497620e-02 -2.813896164298057556e-02
0.000000000000000000e+00 0.000000000000000000e+00 0.000000000000000000e+00 1.000000000000000000e+00
9.823084473609924316e-01 3.194648399949073792e-02 -1.845254749059677124e-01 -9.962224867194890976e-04
1.837033480405807495e-01 2.702327817678451538e-02 9.826102852821350098e-01 -3.272903859615325928e-01
3.637744486331939697e-02 -9.991242289543151855e-01 2.067656442523002625e-02 -1.731902244500815868e-03
0.000000000000000000e+00 0.000000000000000000e+00 0.000000000000000000e+00 1.000000000000000000e+00
9.589581489562988281e-01 2.343820929527282715e-01 -1.595760285854339600e-01 -7.941429503262042999e-03
1.796806156635284424e-01 -6.694705784320831299e-02 9.814442396163940430e-01 -3.312439620494842529e-01
2.193498462438583374e-01 -9.698366522789001465e-01 -1.063133776187896729e-01 3.415709361433982849e-02
0.000000000000000000e+00 0.000000000000000000e+00 0.000000000000000000e+00 1.000000000000000000e+00
9.833711385726928711e-01 -1.069590914994478226e-02 -1.812910735607147217e-01 3.417239640839397907e-04
1.789762228727340698e-01 -1.122027784585952759e-01 9.774342775344848633e-01 -3.320468664169311523e-01
-3.079592064023017883e-02 -9.936279058456420898e-01 -1.084226891398429871e-01 5.507861077785491943e-02
0.000000000000000000e+00 0.000000000000000000e+00 0.000000000000000000e+00 1.000000000000000000e+00
9.894043803215026855e-01 -7.457003928720951080e-03 -1.449931859970092773e-01 -1.070538256317377090e-02
1.441115736961364746e-01 -7.076533138751983643e-02 9.870280027389526367e-01 -3.331315517425537109e-01
-1.762072741985321045e-02 -9.974651336669921875e-01 -6.894089281558990479e-02 3.901246935129165649e-02
0.000000000000000000e+00 0.000000000000000000e+00 0.000000000000000000e+00 1.000000000000000000e+00
9.167963266372680664e-01 3.908679485321044922e-01 -8.189447969198226929e-02 -2.675580233335494995e-02
6.150292977690696716e-02 6.442924588918685913e-02 9.960251450538635254e-01 -3.293702602386474609e-01
3.945908844470977783e-01 -9.181891083717346191e-01 3.502898290753364563e-02 -2.028161287307739258e-02
0.000000000000000000e+00 0.000000000000000000e+00 0.000000000000000000e+00 1.000000000000000000e+00
8.103731274604797363e-01 5.795854330062866211e-01 -8.588322252035140991e-02 -1.870389468967914581e-02
-3.867040574550628662e-02 1.991673260927200317e-01 9.792021512985229492e-01 -3.158427774906158447e-01
5.846365690231323242e-01 -7.901978492736816406e-01 1.838127821683883667e-01 -7.918594032526016235e-02
0.000000000000000000e+00 0.000000000000000000e+00 0.000000000000000000e+00 1.000000000000000000e+00
7.686984539031982422e-01 6.356198787689208984e-01 -7.134658098220825195e-02 -1.603544875979423523e-02
-1.719839125871658325e-01 3.128424286842346191e-01 9.341040849685668945e-01 -2.902123332023620605e-01
6.160559654235839844e-01 -7.057742476463317871e-01 3.497979342937469482e-01 -1.350627988576889038e-01
0.000000000000000000e+00 0.000000000000000000e+00 0.000000000000000000e+00 1.000000000000000000e+00
9.472180604934692383e-01 1.981078684329986572e-01 2.520531713962554932e-01 -1.239514276385307312e-01
-3.127295076847076416e-01 3.979554176330566406e-01 8.624567985534667969e-01 -2.555023133754730225e-01
7.055361568927764893e-02 -8.957592248916625977e-01 4.389047622680664062e-01 -1.376479864120483398e-01
0.000000000000000000e+00 0.000000000000000000e+00 0.000000000000000000e+00 1.000000000000000000e+00
8.900067806243896484e-01 3.323576748371124268e-01 3.121329247951507568e-01 -1.347943991422653198e-01
-4.466011226177215576e-01 4.975560605525970459e-01 7.436300516128540039e-01 -2.068947255611419678e-01
9.184750914573669434e-02 -8.012343645095825195e-01 5.912594199180603027e-01 -1.862457245588302612e-01
0.000000000000000000e+00 0.000000000000000000e+00 0.000000000000000000e+00 1.000000000000000000e+00
8.125991821289062500e-01 4.787375926971435547e-01 3.324043750762939453e-01 -1.312040090560913086e-01
-5.770508050918579102e-01 5.807990431785583496e-01 5.741822719573974609e-01 -1.446332484483718872e-01
8.182266354560852051e-02 -6.583940982818603516e-01 7.482126951217651367e-01 -2.316480427980422974e-01
0.000000000000000000e+00 0.000000000000000000e+00 0.000000000000000000e+00 1.000000000000000000e+00
7.395218014717102051e-01 5.685240626335144043e-01 3.603995144367218018e-01 -1.298228651285171509e-01
-6.727995276451110840e-01 6.074491143226623535e-01 4.223100543022155762e-01 -9.111674875020980835e-02
2.116928063333034515e-02 -5.547843575477600098e-01 8.317248821258544922e-01 -2.525621354579925537e-01
0.000000000000000000e+00 0.000000000000000000e+00 0.000000000000000000e+00 1.000000000000000000e+00
6.597295999526977539e-01 6.936597824096679688e-01 2.891250550746917725e-01 -9.568237513303756714e-02
-7.513819336891174316e-01 6.019468307495117188e-01 2.703412175178527832e-01 -4.030501842498779297e-02
1.348701119422912598e-02 -3.955955207347869873e-01 9.183257818222045898e-01 -2.747628390789031982e-01
0.000000000000000000e+00 0.000000000000000000e+00 0.000000000000000000e+00 1.000000000000000000e+00
6.856670975685119629e-01 6.807153224945068359e-01 2.578507363796234131e-01 -8.655891567468643188e-02
-7.269751429557800293e-01 6.583754420280456543e-01 1.950598955154418945e-01 -1.361823454499244690e-02
-3.698227927088737488e-02 -3.211973011493682861e-01 9.462900161743164062e-01 -2.778728008270263672e-01
0.000000000000000000e+00 0.000000000000000000e+00 0.000000000000000000e+00 1.000000000000000000e+00
6.810771822929382324e-01 6.871645450592041016e-01 2.528614997863769531e-01 -8.496765792369842529e-02
-7.178020477294921875e-01 6.947716474533081055e-01 4.530632123351097107e-02 3.230736404657363892e-02
-1.445480138063430786e-01 -2.123615741729736328e-01 9.664409756660461426e-01 -2.738525569438934326e-01
0.000000000000000000e+00 0.000000000000000000e+00 0.000000000000000000e+00 1.000000000000000000e+00
6.655925512313842773e-01 7.086330056190490723e-01 2.341491729021072388e-01 -7.744474709033966064e-02
-7.235419154167175293e-01 6.896144747734069824e-01 -3.031916916370391846e-02 5.263179168105125427e-02
-1.829577088356018066e-01 -1.492365002632141113e-01 9.717278480529785156e-01 -2.704074084758758545e-01
0.000000000000000000e+00 0.000000000000000000e+00 0.000000000000000000e+00 1.000000000000000000e+00
6.503983736038208008e-01 7.267295718193054199e-01 2.210115194320678711e-01 -7.179948687553405762e-02
-7.294386625289916992e-01 6.787237524986267090e-01 -8.516670763492584229e-02 6.693764775991439819e-02
-2.118988335132598877e-01 -1.058220192790031433e-01 9.715455770492553711e-01 -2.663137614727020264e-01
0.000000000000000000e+00 0.000000000000000000e+00 0.000000000000000000e+00 1.000000000000000000e+00
5.658234953880310059e-01 7.933892607688903809e-01 2.244479060173034668e-01 -6.495120376348495483e-02
-7.589553594589233398e-01 6.075402498245239258e-01 -2.342683374881744385e-01 1.096339672803878784e-01
-3.222271800041198730e-01 -3.779142722487449646e-02 9.459079504013061523e-01 -2.524387538433074951e-01
0.000000000000000000e+00 0.000000000000000000e+00 0.000000000000000000e+00 1.000000000000000000e+00
5.542128086090087891e-01 7.991477251052856445e-01 2.328317463397979736e-01 -6.608701497316360474e-02
-6.756834983825683594e-01 5.952823758125305176e-01 -4.348454475402832031e-01 1.654184609651565552e-01
-4.861063659191131592e-01 8.367627114057540894e-02 8.698842525482177734e-01 -2.193782031536102295e-01
0.000000000000000000e+00 0.000000000000000000e+00 0.000000000000000000e+00 1.000000000000000000e+00
5.672703981399536133e-01 7.905798554420471191e-01 2.306238412857055664e-01 -6.718091666698455811e-02
-6.108741760253906250e-01 5.917605161666870117e-01 -5.259776711463928223e-01 1.895016431808471680e-01
-5.523015856742858887e-01 1.574894189834594727e-01 8.186331987380981445e-01 -1.988110095262527466e-01
0.000000000000000000e+00 0.000000000000000000e+00 0.000000000000000000e+00 1.000000000000000000e+00
6.257191300392150879e-01 7.474847435951232910e-01 2.230297774076461792e-01 -6.990402191877365112e-02
-4.993389844894409180e-01 6.034846305847167969e-01 -6.216644048690795898e-01 2.128704786300659180e-01
-5.992798209190368652e-01 2.776197791099548340e-01 7.508601546287536621e-01 -1.714446842670440674e-01
0.000000000000000000e+00 0.000000000000000000e+00 0.000000000000000000e+00 1.000000000000000000e+00
7.074702978134155273e-01 6.809380054473876953e-01 1.892338991165161133e-01 -6.606748700141906738e-02
-3.930433988571166992e-01 6.016109585762023926e-01 -6.953999400138854980e-01 2.288769036531448364e-01
