0.9162657856941223 0.4004579484462738 -0.009505585767328739 -0.02999866381287575 
-0.3299026787281036 0.7678669095039368 0.5491306185722351 -0.1512584090232849 
0.2272028177976608 -0.5000135898590088 0.8356824517250061 -0.2305448949337006 
0 0 0 1 

0.9099230170249939 0.4145302176475525 0.01430907659232616 -0.03829831629991531 
-0.3303611874580383 0.7034432888031006 0.6293081045150757 -0.1756183356046677 
0.2508017420768738 -0.5773491263389587 0.77702397108078 -0.2163956016302109 
0 0 0 1 

0.9149699807167053 0.4020514190196991 0.03441766649484634 -0.04622893407940865 
-0.2993301749229431 0.6190462708473206 0.7260735630989075 -0.2060649991035461 
0.270612895488739 -0.6746378540992737 0.6867549419403076 -0.191414549946785 
0 0 0 1 

0.9245793223381042 0.3774113059043884 0.05209359526634216 -0.05311547964811325 
-0.2673462927341461 0.5452823042869568 0.7944765686988831 -0.2285264730453491 
0.2714387774467468 -0.7484836578369141 0.6050562858581543 -0.1668863296508789 
0 0 0 1 

0.9326032400131226 0.3577409982681274 0.0476711317896843 -0.05378749221563339 
-0.2254387140274048 0.4742993414402008 0.8510096073150635 -0.2481454610824585 
0.2818306982517242 -0.8044012784957886 0.5229817628860474 -0.143817737698555 
0 0 0 1 

0.9419071674346924 0.3320788443088531 0.05034361407160759 -0.05749240890145302 
-0.191291406750679 0.4071848690509796 0.8930889964103699 -0.2622725367546082 
0.2760768532752991 -0.850837230682373 0.4470542073249817 -0.122575506567955 
0 0 0 1 

0.9536823034286499 0.2963764071464539 0.05148795247077942 -0.06050695478916168 
-0.1594863086938858 0.3530364632606506 0.921916127204895 -0.2729126513004303 
0.2550570666790009 -0.8874267339706421 0.3839525878429413 -0.1031969860196114 
0 0 0 1 

0.9593575596809387 0.2745754420757294 0.06512714922428131 -0.06697535514831543 
-0.1423097103834152 0.2714484930038452 0.9518737196922302 -0.2872288525104523 
0.2436824589967728 -0.922455370426178 0.2994908690452576 -0.07414897531270981 
0 0 0 1 

0.9981117248535156 0.03701930493116379 -0.04901671409606934 -0.03797749802470207 
0.03616728633642197 0.2908131778240204 0.9560959339141846 -0.3075760006904602 
0.0496487058699131 -0.9560633301734924 0.2889251410961151 -0.06436440348625183 
0 0 0 1 

0.998124897480011 0.009912050329148769 -0.06040272489190102 -0.03344693407416344 
0.05498006939888 0.2885808944702148 0.9558757543563843 -0.3106548190116882 
0.02690570428967476 -0.9574043750762939 0.2874946892261505 -0.06318312883377075 
0 0 0 1 

