1.000000000000000000e+00 0.000000000000000000e+00 0.000000000000000000e+00 -4.146692231928954531e-01
0.000000000000000000e+00 -1.000000000000000000e+00 0.000000000000000000e+00 -7.693198940031911737e-02
0.000000000000000000e+00 0.000000000000000000e+00 -1.000000000000000000e+00 -3.421550398492883005e+00
0.000000000000000000e+00 0.000000000000000000e+00 0.000000000000000000e+00 1.000000000000000000e+00
9.907457232475280762e-01 -1.351063996553421021e-01 -1.300425548106431961e-02 -4.982801802169244398e-01
-1.341926008462905884e-01 -9.893950223922729492e-01 5.558543652296066284e-02 2.622509446555497670e-01
-2.037630975246429443e-02 -5.332595109939575195e-02 -9.983692169189453125e-01 -3.431349181277761229e+00
0.000000000000000000e+00 0.000000000000000000e+00 0.000000000000000000e+00 1.000000000000000000e+00
9.710289835929870605e-01 -2.357598096132278442e-01 -3.898480534553527832e-02 -5.908747479556732962e-01
-2.310015410184860229e-01 -9.678644537925720215e-01 9.938066452741622925e-02 5.423453433513909516e-01
-6.116205081343650818e-02 -8.749591559171676636e-02 -9.942854642868041992e-01 -3.404022755553836710e+00
0.000000000000000000e+00 0.000000000000000000e+00 0.000000000000000000e+00 1.000000000000000000e+00
9.415442347526550293e-01 -3.350533545017242432e-01 -3.512106090784072876e-02 -5.682126714103968856e-01
-3.273324966430664062e-01 -9.345049262046813965e-01 1.398364156484603882e-01 7.888132370691048889e-01
-7.967357337474822998e-02 -1.201658993959426880e-01 -9.895514249801635742e-01 -3.374266540550332483e+00
0.000000000000000000e+00 0.000000000000000000e+00 0.000000000000000000e+00 1.000000000000000000e+00
8.965055942535400391e-01 -4.430219233036041260e-01 -3.014740534126758575e-03 -3.885654909429854809e-01
-4.365804791450500488e-01 -8.845868110656738281e-01 1.640225946903228760e-01 9.518900491829505039e-01
-7.533237338066101074e-02 -1.457309722900390625e-01 -9.864519238471984863e-01 -3.364129607207464900e+00
0.000000000000000000e+00 0.000000000000000000e+00 0.000000000000000000e+00 1.000000000000000000e+00
8.328116536140441895e-01 -5.533751249313354492e-01 1.415143255144357681e-02 -2.591901560257814374e-01
-5.457550883293151855e-01 -8.165308237075805664e-01 1.882238388061523438e-01 1.114305726974447630e+00
-9.260336309671401978e-02 -1.644781827926635742e-01 -9.820243716239929199e-01 -3.345437223457566223e+00
0.000000000000000000e+00 0.000000000000000000e+00 0.000000000000000000e+00 1.000000000000000000e+00
7.541086077690124512e-01 -6.548686027526855469e-01 4.966656118631362915e-02 -4.985287290991391451e-02
-6.525270342826843262e-01 -7.385528087615966797e-01 1.695531308650970459e-01 1.095141276772799266e+00
-7.435373961925506592e-02 -1.602702438831329346e-01 -9.842686057090759277e-01 -3.382907476521463064e+00
0.000000000000000000e+00 0.000000000000000000e+00 0.000000000000000000e+00 1.000000000000000000e+00
6.920606493949890137e-01 -7.174413204193115234e-01 7.956034690141677856e-02 1.020803153197738927e-01
-7.214202880859375000e-01 -6.836915016174316406e-01 1.100828349590301514e-01 8.710356999887494123e-01
-2.458330243825912476e-02 -1.335804462432861328e-01 -9.907330870628356934e-01 -3.464628573501662423e+00
0.000000000000000000e+00 0.000000000000000000e+00 0.000000000000000000e+00 1.000000000000000000e+00
5.851193666458129883e-01 -8.099240660667419434e-01 4.071218892931938171e-02 1.277056307908968442e-03
-8.103829026222229004e-01 -5.821037888526916504e-01 6.659295409917831421e-02 7.125096153637687779e-01
-3.023652359843254089e-02 -7.195726782083511353e-02 -9.969493746757507324e-01 -3.551938289234851442e+00
0.000000000000000000e+00 0.000000000000000000e+00 0.000000000000000000e+00 1.000000000000000000e+00
5.015380978584289551e-01 -8.634605407714843750e-01 5.380494520068168640e-02 1.061231275719441425e-01
-8.649352192878723145e-01 -4.991148114204406738e-01 5.264033004641532898e-02 6.656009632136460352e-01
-1.859802752733230591e-02 -7.293897122144699097e-02 -9.971633553504943848e-01 -3.591852464272392353e+00
0.000000000000000000e+00 0.000000000000000000e+00 0.000000000000000000e+00 1.000000000000000000e+00
4.035346210002899170e-01 -9.128184318542480469e-01 6.262667477130889893e-02 1.930579498969491603e-01
-9.145945310592651367e-01 -4.043716192245483398e-01 -7.530275615863502026e-04 4.419602141843861354e-01
2.601180225610733032e-02 -5.697414651513099670e-02 -9.980365037918090820e-01 -3.644784574042888359e+00
0.000000000000000000e+00 0.000000000000000000e+00 0.000000000000000000e+00 1.000000000000000000e+00
2.940662205219268799e-01 -9.533461332321166992e-01 6.823308765888214111e-02 2.722620700779346259e-01
-9.543468356132507324e-01 -2.967890799045562744e-01 -3.373300656676292419e-02 3.002721573505642283e-01
5.241007730364799500e-02 -5.519833043217658997e-02 -9.970983266830444336e-01 -3.668885643221341919e+00
0.000000000000000000e+00 0.000000000000000000e+00 0.000000000000000000e+00 1.000000000000000000e+00
1.799874901771545410e-01 -9.802948832511901855e-01 8.140011876821517944e-02 3.832569961579719853e-01
-9.809784293174743652e-01 -1.849959045648574829e-01 -5.880488082766532898e-02 1.923421946646069469e-01
7.270477712154388428e-02 -6.926763802766799927e-02 -9.949451684951782227e-01 -3.675707942756231805e+00
0.000000000000000000e+00 0.000000000000000000e+00 0.000000000000000000e+00 1.000000000000000000e+00
9.730166196823120117e-02 -9.909144043922424316e-01 9.285207092761993408e-02 4.652591096951549932e-01
-9.904442429542541504e-01 -1.055708453059196472e-01 -8.874041587114334106e-02 5.801816550379423204e-02
9.773656725883483887e-02 -8.333020657300949097e-02 -9.917176961898803711e-01 -3.665263881842346194e+00
0.000000000000000000e+00 0.000000000000000000e+00 0.000000000000000000e+00 1.000000000000000000e+00
1.524986140429973602e-02 -9.941695928573608398e-01 1.067442744970321655e-01 5.721581182015743616e-01
-9.969896078109741211e-01 -2.323565445840358734e-02 -7.397279143333435059e-02 1.384806448219409458e-01
7.602176070213317871e-02 -1.052948758006095886e-01 -9.915311932563781738e-01 -3.593322609154986580e+00
0.000000000000000000e+00 0.000000000000000000e+00 0.000000000000000000e+00 1.000000000000000000e+00
-8.982069045305252075e-02 -8.808979988098144531e-01 4.647049903869628906e-01 2.000092823109969498e+00
-9.910047650337219238e-01 3.257275745272636414e-02 -1.298018097877502441e-01 -7.434639982562303573e-02
9.920543432235717773e-02 -4.721838533878326416e-01 -8.758997917175292969e-01 -3.081317508677956063e+00
0.000000000000000000e+00 0.000000000000000000e+00 0.000000000000000000e+00 1.000000000000000000e+00
-1.635850667953491211e-01 -8.573607802391052246e-01 4.880287349224090576e-01 2.108693787151631582e+00
-9.783924221992492676e-01 7.758946716785430908e-02 -1.916448622941970825e-01 -3.279574615165208318e-01
1.264428794384002686e-01 -5.088340640068054199e-01 -8.515282869338989258e-01 -2.999255503540925183e+00
0.000000000000000000e+00 0.000000000000000000e+00 0.000000000000000000e+00 1.000000000000000000e+00
-1.285887956619262695e-01 -7.972201108932495117e-01 5.898348689079284668e-01 2.408380322394509054e+00
-9.916266202926635742e-01 1.105121895670890808e-01 -6.681454926729202271e-02 1.379994222802864157e-01
-1.191804185509681702e-02 -5.934873819351196289e-01 -8.047549724578857422e-01 -2.749775363963241404e+00
0.000000000000000000e+00 0.000000000000000000e+00 0.000000000000000000e+00 1.000000000000000000e+00
-8.644450455904006958e-02 -7.163156270980834961e-01 6.924011707305908203e-01 2.669566469056107838e+00
-9.947175979614257812e-01 2.344184927642345428e-02 -9.993645548820495605e-02 5.283396585596395606e-02
5.535487085580825806e-02 -6.973825097084045410e-01 -7.145582437515258789e-01 -2.532417803895277597e+00
0.000000000000000000e+00 0.000000000000000000e+00 0.000000000000000000e+00 1.000000000000000000e+00
-5.990167707204818726e-02 -5.371496677398681641e-01 8.413572311401367188e-01 3.169727682507127220e+00
-9.858043193817138672e-01 -1.006085351109504700e-01 -1.344174742698669434e-01 -6.974950409989710831e-02
1.568500697612762451e-01 -8.374654650688171387e-01 -5.234977602958679199e-01 -1.845074572753695907e+00
0.000000000000000000e+00 0.000000000000000000e+00 0.000000000000000000e+00 1.000000000000000000e+00
-1.232507601380348206e-01 -4.024583995342254639e-01 9.071033596992492676e-01 3.390313529069331810e+00
-9.857879877090454102e-01 -5.549421906471252441e-02 -1.585633605718612671e-01 -2.047876503744792409e-01
1.141540706157684326e-01 -9.137545824050903320e-01 -3.898991048336029053e-01 -1.305022020630544732e+00
0.000000000000000000e+00 0.000000000000000000e+00 0.000000000000000000e+00 1.000000000000000000e+00
-1.937802731990814209e-01 -3.037434220314025879e-01 9.328391551971435547e-01 3.499479283823802689e+00
-9.748851656913757324e-01 -4.676569998264312744e-02 -2.177421450614929199e-01 -4.267221566640472252e-01
1.097625866532325745e-01 -9.516052603721618652e-01 -2.870528399944305420e-01 -9.274471922728337869e-01
0.000000000000000000e+00 0.000000000000000000e+00 0.000000000000000000e+00 1.000000000000000000e+00
-2.761357426643371582e-01 -1.795647144317626953e-01 9.441956281661987305e-01 3.580492367301341350e+00
-9.588663578033447266e-01 -1.574504747986793518e-02 -2.834206521511077881e-01 -6.757590553153753898e-01
6.575871258974075317e-02 -9.836202859878540039e-01 -1.678309440612792969e-01 -4.620924775793881500e-01
0.000000000000000000e+00 0.000000000000000000e+00 0.000000000000000000e+00 1.000000000000000000e+00
-1.907143443822860718e-01 8.067231774330139160e-01 5.593085289001464844e-01 2.107000621462697509e+00
-9.510409235954284668e-01 -1.068305969238281250e-02 -3.088795244693756104e-01 -7.421455760105226673e-01
-2.432050853967666626e-01 -5.908333063125610352e-01 7.692641019821166992e-01 3.140108477256100539e+00
0.000000000000000000e+00 0.000000000000000000e+00 0.000000000000000000e+00 1.000000000000000000e+00
-1.846461296081542969e-01 8.182609677314758301e-01 5.443851351737976074e-01 2.035214636060123539e+00
-9.701737165451049805e-01 -6.323444098234176636e-02 -2.340188473463058472e-01 -4.731255219138714718e-01
-1.570644527673721313e-01 -5.713587999343872070e-01 8.055309057235717773e-01 3.219718287622961306e+00
0.000000000000000000e+00 0.000000000000000000e+00 0.000000000000000000e+00 1.000000000000000000e+00
-9.496356546878814697e-02 8.148130774497985840e-01 5.718922615051269531e-01 2.050608931595095719e+00
-9.910626411437988281e-01 -2.332003042101860046e-02 -1.313426494598388672e-01 -6.656020100490997460e-02
-9.368329495191574097e-02 -5.792539119720458984e-01 8.097449541091918945e-01 3.188647042671720389e+00
0.000000000000000000e+00 0.000000000000000000e+00 0.000000000000000000e+00 1.000000000000000000e+00
1.875899359583854675e-02 8.307039141654968262e-01 5.563982129096984863e-01 1.880725331439846215e+00
-9.995626807212829590e-01 2.830099314451217651e-02 -8.553621359169483185e-03 4.156038600280679285e-01
-2.285223640501499176e-02 -5.559945106506347656e-01 8.308713436126708984e-01 3.206154348319307790e+00
0.000000000000000000e+00 0.000000000000000000e+00 0.000000000000000000e+00 1.000000000000000000e+00
5.808019265532493591e-02 8.355405330657958984e-01 5.463499426841735840e-01 1.804092349022829334e+00
-9.934825301170349121e-01 -5.390379577875137329e-03 1.138565689325332642e-01 8.686676119832577037e-01
9.807683527469635010e-02 -5.494021177291870117e-01 8.297820091247558594e-01 3.107600523308223561e+00
0.000000000000000000e+00 0.000000000000000000e+00 0.000000000000000000e+00 1.000000000000000000e+00
3.594293072819709778e-02 8.470729589462280273e-01 5.302596092224121094e-01 1.790578563548113067e+00
-9.804636836051940918e-01 -7.278809696435928345e-02 1.827361434698104858e-01 1.026661393856785676e+00
1.933875679969787598e-01 -5.264685750007629395e-01 8.279084563255310059e-01 3.057822761913019605e+00
0.000000000000000000e+00 0.000000000000000000e+00 0.000000000000000000e+00 1.000000000000000000e+00
-3.794429823756217957e-02 8.449555635452270508e-01 5.334879159927368164e-01 1.898746067521811964e+00
-9.938290119171142578e-01 -8.759655058383941650e-02 6.805184483528137207e-02 6.028663651348280528e-01
1.042324677109718323e-01 -5.276139378547668457e-01 8.430655002593994141e-01 3.285393261641931240e+00
0.000000000000000000e+00 0.000000000000000000e+00 0.000000000000000000e+00 1.000000000000000000e+00
-5.049094930291175842e-02 8.332003951072692871e-01 5.506615638732910156e-01 1.956599629475482383e+00
-9.935307502746582031e-01 1.425450295209884644e-02 -1.126671507954597473e-01 -6.030982846286462445e-02
-1.017238199710845947e-01 -5.527874231338500977e-01 8.270899057388305664e-01 3.439230049436241110e+00
0.000000000000000000e+00 0.000000000000000000e+00 0.000000000000000000e+00 1.000000000000000000e+00
1.191233098506927490e-01 8.186087608337402344e-01 5.618623495101928711e-01 1.842973630944146901e+00
-9.873378872871398926e-01 1.573699563741683960e-01 -1.995109394192695618e-02 2.766201674522643095e-01
-1.047524884343147278e-01 -5.523713827133178711e-01 8.269898891448974609e-01 3.471160286426737240e+00
0.000000000000000000e+00 0.000000000000000000e+00 0.000000000000000000e+00 1.000000000000000000e+00
2.131929695606231689e-01 7.694264054298400879e-01 6.021060347557067871e-01 1.831285203552848628e+00
-9.476818442344665527e-01 3.127206265926361084e-01 -6.406892836093902588e-02 1.038310275859826853e-01
-2.375871390104293823e-01 -5.569459199905395508e-01 7.958412170410156250e-01 3.425322444376914355e+00
0.000000000000000000e+00 0.000000000000000000e+00 0.000000000000000000e+00 1.000000000000000000e+00
3.232284486293792725e-01 7.052415013313293457e-01 6.309970021247863770e-01 1.755469504492603194e+00
-9.131097793579101562e-01 4.075289070606231689e-01 1.226086169481277466e-02 3.660492056141670947e-01
-2.485027611255645752e-01 -5.801328420639038086e-01 7.756879925727844238e-01 3.296506729674690828e+00
0.000000000000000000e+00 0.000000000000000000e+00 0.000000000000000000e+00 1.000000000000000000e+00
3.508187830448150635e-01 6.964861750602722168e-01 6.259657144546508789e-01 1.704098885066339664e+00
-9.219333529472351074e-01 3.740974366664886475e-01 1.004492715001106262e-01 7.017504987821948648e-01
-1.642106771469116211e-01 -6.123383641242980957e-01 7.733539938926696777e-01 3.194609660767643966e+00
0.000000000000000000e+00 0.000000000000000000e+00 0.000000000000000000e+00 1.000000000000000000e+00
3.678955137729644775e-01 6.840020418167114258e-01 6.299155354499816895e-01 1.708283196609085453e+00
-9.255449175834655762e-01 3.346046507358551025e-01 1.772195398807525635e-01 9.843403520800384499e-01
-8.955418318510055542e-02 -6.482133865356445312e-01 7.561740279197692871e-01 3.057089585320926339e+00
0.000000000000000000e+00 0.000000000000000000e+00 0.000000000000000000e+00 1.000000000000000000e+00
5.306882858276367188e-01 5.814580917358398438e-01 6.166658997535705566e-01 1.597953562793400284e+00
-8.426331281661987305e-01 4.403408467769622803e-01 3.099504709243774414e-01 1.404012942883265502e+00
-9.131984412670135498e-02 -6.841101050376892090e-01 7.236393690109252930e-01 2.924360148462319398e+00
0.000000000000000000e+00 0.000000000000000000e+00 0.000000000000000000e+00 1.000000000000000000e+00
6.744957566261291504e-01 3.957016468048095703e-01 6.232784390449523926e-01 1.573752703006855214e+00
-7.134491205215454102e-01 5.664615035057067871e-01 4.124456048011779785e-01 1.742034410776906572e+00
-1.898579746484756470e-01 -7.228701114654541016e-01 6.643891334533691406e-01 2.876497539462823383e+00
0.000000000000000000e+00 0.000000000000000000e+00 0.000000000000000000e+00 1.000000000000000000e+00
6.934761404991149902e-01 3.151969611644744873e-01 6.478747725486755371e-01 1.627575689553216298e+00
-6.526172757148742676e-01 6.557959914207458496e-01 3.795018494129180908e-01 1.607511500571491503e+00
-3.052560687065124512e-01 -6.859899759292602539e-01 6.604819893836975098e-01 2.988573595095076474e+00
0.000000000000000000e+00 0.000000000000000000e+00 0.000000000000000000e+00 1.000000000000000000e+00
7.354035973548889160e-01 2.279121577739715576e-01 6.381514668464660645e-01 1.647971062937923170e+00
-5.770830512046813965e-01 7.042654752731323242e-01 4.135042726993560791e-01 1.646416394432892893e+00
-3.551853597164154053e-01 -6.723588109016418457e-01 6.494432687759399414e-01 2.945571254054449195e+00
0.000000000000000000e+00 0.000000000000000000e+00 0.000000000000000000e+00 1.000000000000000000e+00
7.236976027488708496e-01 2.198316752910614014e-01 6.541681885719299316e-01 1.791206779034286045e+00
-5.476831197738647461e-01 7.596841454505920410e-01 3.506044447422027588e-01 1.330511558651094495e+00
-4.198870360851287842e-01 -6.120083332061767578e-01 6.701796054840087891e-01 3.065359624247819603e+00
0.000000000000000000e+00 0.000000000000000000e+00 0.000000000000000000e+00 1.000000000000000000e+00
7.120063304901123047e-01 3.144455552101135254e-01 6.278306841850280762e-01 1.792088004214204444e+00
-5.906887054443359375e-01 7.516589760780334473e-01 2.934204041957855225e-01 1.074928421961441227e+00
-3.796499073505401611e-01 -5.797693133354187012e-01 7.209255695343017578e-01 3.216926908195235857e+00
0.000000000000000000e+00 0.000000000000000000e+00 0.000000000000000000e+00 1.000000000000000000e+00
8.008038997650146484e-01 1.538757979869842529e-01 5.788220167160034180e-01 1.654958990753255144e+00
-5.312597155570983887e-01 6.287283301353454590e-01 5.678580999374389648e-01 2.077892887078923057e+00
-2.765424847602844238e-01 -7.622478008270263672e-01 5.852364301681518555e-01 2.772774940122431087e+00
0.000000000000000000e+00 0.000000000000000000e+00 0.000000000000000000e+00 1.000000000000000000e+00
8.419173359870910645e-01 8.035507798194885254e-02 5.335894823074340820e-01 1.470579899935569035e+00
-4.777184426784515381e-01 5.708115696907043457e-01 6.678014993667602539e-01 2.456318520854327669e+00
-2.509180009365081787e-01 -8.171393871307373047e-01 5.189636349678039551e-01 2.506453282667554294e+00
0.000000000000000000e+00 0.000000000000000000e+00 0.000000000000000000e+00 1.000000000000000000e+00
8.734064698219299316e-01 1.636393740773200989e-02 4.867168068885803223e-01 1.280776612195842157e+00
-4.286369681358337402e-01 5.002165436744689941e-01 7.523651719093322754e-01 2.782792888297318967e+00
-2.311522662639617920e-01 -8.657454252243041992e-01 4.439066946506500244e-01 2.210228395720914119e+00
0.000000000000000000e+00 0.000000000000000000e+00 0.000000000000000000e+00 1.000000000000000000e+00
9.004208445549011230e-01 -7.636330276727676392e-02 4.282651841640472412e-01 1.052307738469213882e+00
-3.643797636032104492e-01 4.053840339183807373e-01 8.383861780166625977e-01 3.112182727115921477e+00
-2.376338392496109009e-01 -9.109516739845275879e-01 3.371910452842712402e-01 1.803158893374861904e+00
0.000000000000000000e+00 0.000000000000000000e+00 0.000000000000000000e+00 1.000000000000000000e+00
9.616945981979370117e-01 1.991933882236480713e-01 1.883228719234466553e-01 8.285462703446803967e-02
-2.423042953014373779e-01 2.964440584182739258e-01 9.238016009330749512e-01 3.364356523712369818e+00
1.281880587339401245e-01 -9.340464472770690918e-01 3.333539962768554688e-01 1.525572961700558450e+00
0.000000000000000000e+00 0.000000000000000000e+00 0.000000000000000000e+00 1.000000000000000000e+00
9.817001223564147949e-01 7.922458648681640625e-02 1.731702238321304321e-01 3.567404978604373639e-02
-1.864695698022842407e-01 2.153678089380264282e-01 9.585644006729125977e-01 3.465623825983894957e+00
3.864657878875732422e-02 -9.733138680458068848e-01 2.261996120214462280e-01 1.153985483653384714e+00
0.000000000000000000e+00 0.000000000000000000e+00 0.000000000000000000e+00 1.000000000000000000e+00
9.811227917671203613e-01 1.466273963451385498e-01 1.260902434587478638e-01 -1.499575618150056355e-01
-1.422186344861984253e-01 1.052529364824295044e-01 9.842233657836914062e-01 3.532634511941916244e+00
1.310427039861679077e-01 -9.835765361785888672e-01 1.241191923618316650e-01 6.869772437543575361e-01
0.000000000000000000e+00 0.000000000000000000e+00 0.000000000000000000e+00 1.000000000000000000e+00
9.852145910263061523e-01 1.125078350305557251e-01 1.292060762643814087e-01 -1.485900297705678996e-01
-1.347592771053314209e-01 4.320606216788291931e-02 9.899359941482543945e-01 3.535691310258175513e+00
1.057930588722229004e-01 -9.927108287811279297e-01 5.772866308689117432e-02 4.429405181156439442e-01
0.000000000000000000e+00 0.000000000000000000e+00 0.000000000000000000e+00 1.000000000000000000e+00
9.807361364364624023e-01 1.726297885179519653e-01 9.141062945127487183e-02 -2.898880694900572985e-01
-8.627180010080337524e-02 -3.705596178770065308e-02 9.955820441246032715e-01 3.513377165129280666e+00
1.752544045448303223e-01 -9.842894077301025391e-01 -2.144898101687431335e-02 5.327959722426430650e-02
0.000000000000000000e+00 0.000000000000000000e+00 0.000000000000000000e+00 1.000000000000000000e+00
9.018908143043518066e-01 4.213550388813018799e-01 9.514831751585006714e-02 -2.416057884168073822e-01
-4.841944575309753418e-02 -1.202696263790130615e-01 9.915596842765808105e-01 3.447168251034545161e+00
4.292422235012054443e-01 -8.988854289054870605e-01 -8.806832879781723022e-02 -3.995508683320220800e-01
0.000000000000000000e+00 0.000000000000000000e+00 0.000000000000000000e+00 1.000000000000000000e+00
9.401643872261047363e-01 2.790614068508148193e-01 1.954867392778396606e-01 3.449979472059314795e-02
-1.538893878459930420e-01 -1.641009300947189331e-01 9.743657112121582031e-01 3.477289503184747499e+00
3.039875030517578125e-01 -9.461476802825927734e-01 -1.113372966647148132e-01 -3.030626572034575972e-01
0.000000000000000000e+00 0.000000000000000000e+00 0.000000000000000000e+00 1.000000000000000000e+00
9.679304361343383789e-01 1.774569600820541382e-02 2.505906522274017334e-01 2.419672830943607189e-01
-2.434737831354141235e-01 -1.795027703046798706e-01 9.531521201133728027e-01 3.509517905550024963e+00
6.189605966210365295e-02 -9.835974574089050293e-01 -1.694256067276000977e-01 -3.107788280942047621e-01
0.000000000000000000e+00 0.000000000000000000e+00 0.000000000000000000e+00 1.000000000000000000e+00
8.885466456413269043e-01 -3.878971040248870850e-01 2.449915260076522827e-01 4.103096009343910056e-01
-3.573149144649505615e-01 -2.501499950885772705e-01 8.998616933822631836e-01 3.499604337713352553e+00
-2.877691984176635742e-01 -8.871081471443176270e-01 -3.608713150024414062e-01 -7.164646405901050619e-01
0.000000000000000000e+00 0.000000000000000000e+00 0.000000000000000000e+00 1.000000000000000000e+00
9.257209300994873047e-01 -1.821637600660324097e-01 3.314471244812011719e-01 6.318678888757066625e-01
-3.759096562862396240e-01 -3.467113971710205078e-01 8.593500256538391113e-01 3.417851183646615887e+00
-4.162598773837089539e-02 -9.201126694679260254e-01 -3.894352018833160400e-01 -9.916197057977811369e-01
0.000000000000000000e+00 0.000000000000000000e+00 0.000000000000000000e+00 1.000000000000000000e+00
8.849008679389953613e-01 -1.512645930051803589e-01 4.405332207679748535e-01 1.052139524939857296e+00
-4.607647359371185303e-01 -4.226965904235839844e-01 7.803994417190551758e-01 3.256590250370169137e+00
6.816503405570983887e-02 -8.935582041740417480e-01 -4.437418282032012939e-01 -1.299546463430073739e+00
0.000000000000000000e+00 0.000000000000000000e+00 0.000000000000000000e+00 1.000000000000000000e+00
8.704023957252502441e-01 -1.318237781524658203e-01 4.743654429912567139e-01 1.182702092333467903e+00
-4.703984558582305908e-01 -5.070975422859191895e-01 7.222030758857727051e-01 3.054293488727233719e+00
1.453459858894348145e-01 -8.517479896545410156e-01 -5.033883452415466309e-01 -1.606644821135263301e+00
0.000000000000000000e+00 0.000000000000000000e+00 0.000000000000000000e+00 1.000000000000000000e+00
8.556470870971679688e-01 -1.112607419490814209e-01 5.054590106010437012e-01 1.300797555362795732e+00
-4.678873121738433838e-01 -5.837686061859130859e-01 6.635473370552062988e-01 2.866974280494286376e+00
2.212442159652709961e-01 -8.042606115341186523e-01 -5.515575408935546875e-01 -1.811798282828491535e+00
0.000000000000000000e+00 0.000000000000000000e+00 0.000000000000000000e+00 1.000000000000000000e+00
8.342784047126770020e-01 -7.511141151189804077e-02 5.462030172348022461e-01 1.423789738360684565e+00
-4.411078691482543945e-01 -6.852583289146423340e-01 5.795208215713500977e-01 2.574628818068433134e+00
3.307614326477050781e-01 -7.244163751602172852e-01 -6.048285961151123047e-01 -2.082880245284218557e+00
0.000000000000000000e+00 0.000000000000000000e+00 0.000000000000000000e+00 1.000000000000000000e+00
8.186370134353637695e-01 -9.272678941488265991e-02 5.667761564254760742e-01 1.522037211375425025e+00
-4.389019906520843506e-01 -7.375013828277587891e-01 5.132806301116943359e-01 2.347929374873710451e+00
3.704032301902770996e-01 -6.689495444297790527e-01 -6.444439291954040527e-01 -2.273072871510437576e+00
0.000000000000000000e+00 0.000000000000000000e+00 0.000000000000000000e+00 1.000000000000000000e+00
7.885039448738098145e-01 -1.344360411167144775e-01 6.001570224761962891e-01 1.685780673009302788e+00
-4.470127522945404053e-01 -7.954945564270019531e-01 4.091066122055053711e-01 1.993373344323966290e+00
4.224230051040649414e-01 -5.908603668212890625e-01 -6.873454451560974121e-01 -2.489986458164853644e+00
0.000000000000000000e+00 0.000000000000000000e+00 0.000000000000000000e+00 1.000000000000000000e+00
7.579007148742675781e-01 -1.931675672531127930e-01 6.231150627136230469e-01 1.818934263039781118e+00
-4.512088298797607422e-01 -8.450650572776794434e-01 2.868365347385406494e-01 1.563926272075655266e+00
4.711654484272003174e-01 -4.985487461090087891e-01 -7.276346683502197266e-01 -2.703474590007832745e+00
0.000000000000000000e+00 0.000000000000000000e+00 0.000000000000000000e+00 1.000000000000000000e+00
7.286841869354248047e-01 -2.594949007034301758e-01 6.337833404541015625e-01 1.906344458780772078e+00
-4.558230340480804443e-01 -8.744450211524963379e-01 1.660456061363220215e-01 1.140553414501401797e+00
5.111204981803894043e-01 -4.098879098892211914e-01 -7.554780244827270508e-01 -2.861977752092439875e+00
0.000000000000000000e+00 0.000000000000000000e+00 0.000000000000000000e+00 1.000000000000000000e+00
7.059152126312255859e-01 -3.438940346240997314e-01 6.192092299461364746e-01 1.892851699997225579e+00
-4.346112906932830811e-01 -9.006057381629943848e-01 -4.706529434770345688e-03 5.201340049543212718e-01
5.592821240425109863e-01 -2.657930254936218262e-01 -7.852117419242858887e-01 -3.037114578041531843e+00
0.000000000000000000e+00 0.000000000000000000e+00 0.000000000000000000e+00 1.000000000000000000e+00
6.921697854995727539e-01 -3.902244567871093750e-01 6.071456074714660645e-01 1.839823246617190211e+00
-3.671758770942687988e-01 -9.146232008934020996e-01 -1.692517399787902832e-01 -1.382281011238725155e-01
6.213556528091430664e-01 -1.057783663272857666e-01 -7.763556241989135742e-01 -3.019286012128861607e+00
0.000000000000000000e+00 0.000000000000000000e+00 0.000000000000000000e+00 1.000000000000000000e+00
6.924009919166564941e-01 -4.126795828342437744e-01 5.918416380882263184e-01 1.767420593173593568e+00
-2.903183400630950928e-01 -9.102962613105773926e-01 -2.950857877731323242e-01 -6.684568474070292643e-01
6.605271100997924805e-01 3.249521180987358093e-02 -7.500985860824584961e-01 -2.950999936706456328e+00
0.000000000000000000e+00 0.000000000000000000e+00 0.000000000000000000e+00 1.000000000000000000e+00
6.784067153930664062e-01 -4.519556760787963867e-01 5.792238116264343262e-01 1.721813182976997814e+00
-2.374673634767532349e-01 -8.809690475463867188e-01 -4.092709124088287354e-01 -1.120660228523542523e+00
6.952505707740783691e-01 1.401052772998809814e-01 -7.049800753593444824e-01 -2.807967248824828843e+00
0.000000000000000000e+00 0.000000000000000000e+00 0.000000000000000000e+00 1.000000000000000000e+00
6.730154156684875488e-01 -4.817447066307067871e-01 5.612238049507141113e-01 1.658956130274606311e+00
-1.590865850448608398e-01 -8.353177905082702637e-01 -5.262467265129089355e-01 -1.620630047379940875e+00
7.223168015480041504e-01 2.648889422416687012e-01 -6.388209462165832520e-01 -2.587177856998105874e+00
0.000000000000000000e+00 0.000000000000000000e+00 0.000000000000000000e+00 1.000000000000000000e+00
6.580719351768493652e-01 -5.096681118011474609e-01 5.542379021644592285e-01 1.639765310534031961e+00
-8.769436925649642944e-02 -7.829536795616149902e-01 -6.158677935600280762e-01 -2.016171752467236455e+00
7.478308081626892090e-01 3.566817939281463623e-01 -5.599349141120910645e-01 -2.319705763776369167e+00
0.000000000000000000e+00 0.000000000000000000e+00 0.000000000000000000e+00 1.000000000000000000e+00
6.739042997360229492e-01 -5.258944630622863770e-01 5.189295411109924316e-01 1.501431571079022476e+00
-3.025738149881362915e-02 -7.214333415031433105e-01 -6.918224692344665527e-01 -2.359005747389796515e+00
7.381987571716308594e-01 4.505206048488616943e-01 -5.020892024040222168e-01 -2.116326644587983363e+00
0.000000000000000000e+00 0.000000000000000000e+00 0.000000000000000000e+00 1.000000000000000000e+00
6.834538578987121582e-01 -5.325846076011657715e-01 4.992439150810241699e-01 1.421523250637524605e+00
2.328054420650005341e-02 -6.676517724990844727e-01 -7.441095709800720215e-01 -2.610291597159149379e+00
7.296223640441894531e-01 5.201871991157531738e-01 -4.439103007316589355e-01 -1.919880645937946495e+00
0.000000000000000000e+00 0.000000000000000000e+00 0.000000000000000000e+00 1.000000000000000000e+00
7.278925180435180664e-01 -5.164933800697326660e-01 4.510066509246826172e-01 1.215982346307007633e+00
6.769881397485733032e-02 -6.003944277763366699e-01 -7.968333363533020020e-01 -2.858568734242048937e+00
6.823410391807556152e-01 6.105416417121887207e-01 -4.020566344261169434e-01 -1.773877334703869879e+00
0.000000000000000000e+00 0.000000000000000000e+00 0.000000000000000000e+00 1.000000000000000000e+00
7.903571128845214844e-01 -4.824576973915100098e-01 3.775846362113952637e-01 8.984595755796811467e-01
1.074004322290420532e-01 -4.976620972156524658e-01 -8.606958389282226562e-01 -3.175746201889389386e+00
6.031589508056640625e-01 7.208099365234375000e-01 -3.415146172046661377e-01 -1.539163275174985523e+00
0.000000000000000000e+00 0.000000000000000000e+00 0.000000000000000000e+00 1.000000000000000000e+00
8.371155261993408203e-01 -4.524880647659301758e-01 3.073957264423370361e-01 6.212806913469332004e-01
1.236089989542961121e-01 -3.909371197223663330e-01 -9.120793342590332031e-01 -3.419860226470640363e+00
5.328774452209472656e-01 8.015125989913940430e-01 -2.713279724121093750e-01 -1.251719961740413556e+00
0.000000000000000000e+00 0.000000000000000000e+00 0.000000000000000000e+00 1.000000000000000000e+00
8.626093864440917969e-01 -4.196873605251312256e-01 2.824314534664154053e-01 5.047264244578607562e-01
1.622079163789749146e-01 -2.993538379669189453e-01 -9.402531385421752930e-01 -3.572340620334584660e+00
4.791593253612518311e-01 8.568837046623229980e-01 -1.901487708091735840e-01 -9.444135776725872677e-01
0.000000000000000000e+00 0.000000000000000000e+00 0.000000000000000000e+00 1.000000000000000000e+00
9.329820275306701660e-01 -2.629584968090057373e-01 2.457589060068130493e-01 3.039583635854282706e-01
1.948593705892562866e-01 -2.050555795431137085e-01 -9.591568708419799805e-01 -3.691346866556417528e+00
3.026126623153686523e-01 9.427644610404968262e-01 -1.400732845067977905e-01 -6.601232338138860456e-01
0.000000000000000000e+00 0.000000000000000000e+00 0.000000000000000000e+00 1.000000000000000000e+00
9.669601917266845703e-01 -1.248799487948417664e-01 2.222455739974975586e-01 1.739391293386378656e-01
2.086762189865112305e-01 -1.130267083644866943e-01 -9.714314937591552734e-01 -3.773120357914613532e+00
1.464319974184036255e-01 9.857128262519836426e-01 -8.323284238576889038e-02 -3.456569382467045703e-01
0.000000000000000000e+00 0.000000000000000000e+00 0.000000000000000000e+00 1.000000000000000000e+00
9.704715013504028320e-01 -1.463316828012466431e-01 1.917600780725479126e-01 2.589296922380943111e-02
1.897295862436294556e-01 -2.784207090735435486e-02 -9.814414978027343750e-01 -3.842506370575086372e+00
1.489549875259399414e-01 9.888436794281005859e-01 7.434848230332136154e-04 -1.130790126429552858e-02
0.000000000000000000e+00 0.000000000000000000e+00 0.000000000000000000e+00 1.000000000000000000e+00
9.843241572380065918e-01 -2.272340096533298492e-02 1.748987734317779541e-01 -4.680052876209665758e-02
1.760426163673400879e-01 6.630927324295043945e-02 -9.821466803550720215e-01 -3.890232478431908447e+00
1.072030514478683472e-02 9.975402951240539551e-01 6.927009671926498413e-02 4.115124226392671836e-01
0.000000000000000000e+00 0.000000000000000000e+00 0.000000000000000000e+00 1.000000000000000000e+00
9.793163537979125977e-01 6.865868717432022095e-02 1.903298348188400269e-01 4.315178801676744502e-02
1.818999052047729492e-01 1.132062897086143494e-01 -9.767788052558898926e-01 -3.897939622495196321e+00
-8.861087262630462646e-02 9.911963939666748047e-01 9.837570786476135254e-02 6.510731344827389577e-01
0.000000000000000000e+00 0.000000000000000000e+00 0.000000000000000000e+00 1.000000000000000000e+00
9.701192975044250488e-01 1.898750960826873779e-01 1.510497629642486572e-01 -7.726915757735099144e-02
1.399015635251998901e-01 7.088512927293777466e-02 -9.876249432563781738e-01 -3.911012709204989335e+00
-1.982325166463851929e-01 9.792460203170776367e-01 4.220320284366607666e-02 4.825252031790585594e-01
0.000000000000000000e+00 0.000000000000000000e+00 0.000000000000000000e+00 1.000000000000000000e+00
9.797710776329040527e-01 -1.898728758096694946e-01 6.322082877159118652e-02 -4.092123228720891959e-01
5.163045227527618408e-02 -6.538587063550949097e-02 -9.965233206748962402e-01 -3.863973588159658856e+00
1.933465451002120972e-01 9.796290397644042969e-01 -5.425998196005821228e-02 -1.694695856294200775e-01
0.000000000000000000e+00 0.000000000000000000e+00 0.000000000000000000e+00 1.000000000000000000e+00
9.923653006553649902e-01 -1.195558533072471619e-01 -3.028991818428039551e-02 -7.397309675416352537e-01
-5.255099385976791382e-02 -1.877017319202423096e-01 -9.808192849159240723e-01 -3.707197199999871184e+00
1.115772128105163574e-01 9.749227762222290039e-01 -1.925514787435531616e-01 -6.433951221890665817e-01
0.000000000000000000e+00 0.000000000000000000e+00 0.000000000000000000e+00 1.000000000000000000e+00
9.217975139617919922e-01 -3.844965994358062744e-01 -4.951421543955802917e-02 -7.263551481839785051e-01
-1.769340485334396362e-01 -3.036207556724548340e-01 -9.362202882766723633e-01 -3.419807142692933510e+00
3.449401259422302246e-01 8.717662692070007324e-01 -3.479074239730834961e-01 -1.391830111899396982e+00
0.000000000000000000e+00 0.000000000000000000e+00 0.000000000000000000e+00 1.000000000000000000e+00
9.121554493904113770e-01 -3.853100538253784180e-01 -1.396731734275817871e-01 -9.965553684100040277e-01
-3.016865253448486328e-01 -4.005686640739440918e-01 -8.651762604713439941e-01 -3.028492491930433239e+00
2.774124443531036377e-01 8.313127160072326660e-01 -4.816237092018127441e-01 -1.854291329833003044e+00
0.000000000000000000e+00 0.000000000000000000e+00 0.000000000000000000e+00 1.000000000000000000e+00
8.671137094497680664e-01 -4.608495831489562988e-01 -1.890277713537216187e-01 -1.102167784706743925e+00
-4.318547844886779785e-01 -5.064278841018676758e-01 -7.463458776473999023e-01 -2.467353184687929968e+00
2.482242733240127563e-01 7.287992238998413086e-01 -6.381506919860839844e-01 -2.393194911163678995e+00
0.000000000000000000e+00 0.000000000000000000e+00 0.000000000000000000e+00 1.000000000000000000e+00
7.965152859687805176e-01 -5.633748769760131836e-01 -2.194811701774597168e-01 -1.101880477377402245e+00
-5.716853141784667969e-01 -5.835854411125183105e-01 -5.767180323600769043e-01 -1.739526334347952785e+00
1.968225538730621338e-01 5.848389267921447754e-01 -7.869080305099487305e-01 -2.859134667686428877e+00
0.000000000000000000e+00 0.000000000000000000e+00 0.000000000000000000e+00 1.000000000000000000e+00
7.283541560173034668e-01 -6.357151865959167480e-01 -2.556680738925933838e-01 -1.119356932387945758e+00
-6.755209565162658691e-01 -6.037091016769409180e-01 -4.233278334140777588e-01 -1.118784199561404513e+00
1.147669404745101929e-01 4.810417592525482178e-01 -8.691532015800476074e-01 -3.078217278179936844e+00
0.000000000000000000e+00 0.000000000000000000e+00 0.000000000000000000e+00 1.000000000000000000e+00
6.788377165794372559e-01 -6.734883785247802734e-01 -2.925620377063751221e-01 -1.133891460308988242e+00
-7.326451539993286133e-01 -5.945975184440612793e-01 -3.311866819858551025e-01 -7.269865381267508475e-01
4.909385368227958679e-02 4.391662180423736572e-01 -8.970634341239929199e-01 -3.136738696103132717e+00
0.000000000000000000e+00 0.000000000000000000e+00 0.000000000000000000e+00 1.000000000000000000e+00
