1.000000000000000000e+00 0.000000000000000000e+00 0.000000000000000000e+00 -4.542167112231254578e-02
0.000000000000000000e+00 1.000000000000000000e+00 0.000000000000000000e+00 9.935460984706878662e-04
0.000000000000000000e+00 0.000000000000000000e+00 1.000000000000000000e+00 -2.875000238418579102e-01
0.000000000000000000e+00 0.000000000000000000e+00 0.000000000000000000e+00 1.000000000000000000e+00
9.968323111534118652e-01 7.784827053546905518e-02 1.628251560032367706e-02 -4.889481142163276672e-02
-7.756051421165466309e-02 9.968320727348327637e-01 -1.761555485427379608e-02 9.410616010427474976e-03
-1.760226860642433167e-02 1.629687659442424774e-02 9.997122883796691895e-01 -2.931492626667022705e-01
0.000000000000000000e+00 0.000000000000000000e+00 0.000000000000000000e+00 1.000000000000000000e+00
9.859969019889831543e-01 1.636205464601516724e-01 3.222251683473587036e-02 -5.185386165976524353e-02
-1.618756949901580811e-01 9.854992628097534180e-01 -5.086460709571838379e-02 2.478287182748317719e-02
-4.007780924439430237e-02 4.493625834584236145e-02 9.981855750083923340e-01 -2.924723923206329346e-01
0.000000000000000000e+00 0.000000000000000000e+00 0.000000000000000000e+00 1.000000000000000000e+00
9.661260247230529785e-01 2.552747130393981934e-01 3.788198903203010559e-02 -5.139343068003654480e-02
-2.518558502197265625e-01 9.646674990653991699e-01 -7.736336439847946167e-02 3.765933588147163391e-02
-5.629247426986694336e-02 6.520193070173263550e-02 9.962829947471618652e-01 -2.917712032794952393e-01
0.000000000000000000e+00 0.000000000000000000e+00 0.000000000000000000e+00 1.000000000000000000e+00
9.367169737815856934e-01 3.459621369838714600e-01 5.358481034636497498e-02 -5.323208868503570557e-02
-3.378660976886749268e-01 9.334537982940673828e-01 -1.204588711261749268e-01 5.565809085965156555e-02
-9.169320017099380493e-02 9.473134577274322510e-02 9.912710785865783691e-01 -2.890436947345733643e-01
0.000000000000000000e+00 0.000000000000000000e+00 0.000000000000000000e+00 1.000000000000000000e+00
8.929890990257263184e-01 4.489947855472564697e-01 3.120712935924530029e-02 -4.330626875162124634e-02
-4.413746297359466553e-01 8.871830701828002930e-01 -1.345156729221343994e-01 6.409224122762680054e-02
-8.808331936597824097e-02 1.063469871878623962e-01 9.904199242591857910e-01 -2.900750339031219482e-01
0.000000000000000000e+00 0.000000000000000000e+00 0.000000000000000000e+00 1.000000000000000000e+00
8.453049659729003906e-01 5.339507460594177246e-01 1.885983906686306000e-02 -3.665674105286598206e-02
-5.241048932075500488e-01 8.355414271354675293e-01 -1.648766398429870605e-01 7.719743996858596802e-02
-1.037942618131637573e-01 1.294865012168884277e-01 9.861338734626770020e-01 -2.886278629302978516e-01
0.000000000000000000e+00 0.000000000000000000e+00 0.000000000000000000e+00 1.000000000000000000e+00
