-0.2776259779930115 0.3471187353134155 0.8957860469818115 -0.2719498872756958 
-0.9589036703109741 -0.04330284148454666 -0.2804079055786133 0.138098806142807 
-0.05854475498199463 -0.9368205666542053 0.3448753952980042 -0.0907459631562233 
0 0 0 1 

-0.3476006686687469 0.2179411202669144 0.9119622707366943 -0.2668350040912628 
-0.9363602995872498 -0.1315362453460693 -0.3254654705524445 0.1513755619525909 
0.04902381077408791 -0.9670572876930237 0.2497933954000473 -0.06655025482177734 
0 0 0 1 

-0.3681567907333374 0.2712514996528625 0.8893157243728638 -0.2529983222484589 
-0.9229251146316528 -0.2224107980728149 -0.3142327666282654 0.1454532891511917 
0.1125574707984924 -0.9364591836929321 0.3322270512580872 -0.09989601373672485 
0 0 0 1 

-0.3834166824817657 0.03258030116558075 0.9230007529258728 -0.2552459239959717 
-0.910656750202179 -0.1799058467149734 -0.371938556432724 0.1587605178356171 
0.1539353430271149 -0.9831441640853882 0.09864833205938339 -0.03885195031762123 
0 0 0 1 

-0.4020834267139435 -0.08750163018703461 0.9114120602607727 -0.2503645122051239 
-0.9099971652030945 -0.07178927958011627 -0.4083516597747803 0.1692322641611099 
0.1011612191796303 -0.9935740828514099 -0.05076074972748756 0.01062034443020821 
0 0 0 1 

-0.1279423236846924 -0.4431869089603424 0.8872517943382263 -0.2740528881549835 
-0.9676327705383301 -0.1404315382242203 -0.2096797972917557 0.1224192529916763 
0.2175256162881851 -0.8853609561920166 -0.4108749628067017 0.1122675836086273 
0 0 0 1 

-0.1492773592472076 -0.2199071198701859 0.9640317559242249 -0.2953901290893555 
-0.9630467891693115 -0.1887091100215912 -0.1921716332435608 0.1152531132102013 
0.2241814434528351 -0.9570944905281067 -0.1836108416318893 0.03809868916869164 
0 0 0 1 

-0.1511674374341965 -0.1689259856939316 0.9739671349525452 -0.3025301992893219 
-0.9456194639205933 -0.2623636424541473 -0.1922724843025208 0.1197227463126183 
0.2880136668682098 -0.9500677585601807 -0.1200786232948303 0.01457375846803188 
0 0 0 1 

-0.1849543750286102 -0.2361595034599304 0.953950047492981 -0.2913693189620972 
-0.9182050824165344 -0.304452121257782 -0.2533939778804779 0.1350527852773666 
0.3502734899520874 -0.9227880239486694 -0.1605332046747208 0.02406707033514977 
0 0 0 1 

-0.213096484541893 -0.2466980963945389 0.9453734159469604 -0.2860162258148193 
-0.8995042443275452 -0.3282019793987274 -0.2884023189544678 0.144167885184288 
0.3814215660095215 -0.9118245244026184 -0.1519673764705658 0.02004953846335411 
0 0 0 1 

