0.9901188015937805 0.1398525089025497 0.01029000710695982 -0.04246560856699944 
-0.1390283852815628 0.9885721206665039 -0.0582769438624382 0.02799526415765285 
-0.01832261867821217 0.05627048760652542 0.9982474446296692 -0.296928882598877 
0 0 0 1 

0.9715880751609802 0.2351686060428619 0.02668734826147556 -0.04776592925190926 
-0.2313128411769867 0.9673801064491272 -0.1032943651080132 0.05211467668414116 
-0.05010848492383957 0.09418640285730362 0.9942927360534668 -0.2949307560920715 
0 0 0 1 

0.9419354200363159 0.3345249891281128 0.02916518226265907 -0.04751605167984962 
-0.32728511095047 0.934026300907135 -0.1431055814027786 0.07331990450620651 
-0.07511349022388458 0.1252508759498596 0.9892776012420654 -0.2919794619083405 
0 0 0 1 

0.894287109375 0.4474890828132629 0.002014304278418422 -0.03373835980892181 
-0.4410324096679688 0.8821280598640442 -0.1653496772050858 0.08716919273138046 
-0.0757690817117691 0.1469817012548447 0.9862329363822937 -0.2910010516643524 
0 0 0 1 

0.8308411836624146 0.5563578009605408 -0.01298826560378075 -0.02335617691278458 
-0.5487015843391418 0.8150658011436462 -0.185994878411293 0.09990075975656509 
-0.09289346635341644 0.1616588830947876 0.9824647903442383 -0.2896932661533356 
0 0 0 1 

0.7547628283500671 0.6543633341789246 -0.04627460241317749 -0.006404907442629337 
-0.6512277722358704 0.7389174103736877 -0.1729251742362976 0.09972028434276581 
-0.07896286249160767 0.1606527715921402 0.9838473200798035 -0.2923533916473389 
0 0 0 1 

0.6916595697402954 0.7183589935302734 -0.0746132880449295 0.006457604002207518 
-0.7214873433113098 0.6825940608978271 -0.1162805557250977 0.08142445981502533 
-0.03260064125061035 0.1342591196298599 0.9904099106788635 -0.2991560697555542 
0 0 0 1 

0.5881546139717102 0.8075637817382812 -0.04375887662172318 0.000308969960315153 
-0.8079596757888794 0.5843311548233032 -0.07588177919387817 0.06886798888444901 
-0.03570971265435219 0.07998562604188919 0.9961561560630798 -0.3066078126430511 
0 0 0 1 

0.5011889338493347 0.8644827008247375 -0.03846211358904839 0.003362750634551048 
-0.8646935820579529 0.4986059963703156 -0.06080318242311478 0.0644005760550499 
-0.03338586166501045 0.06373181939125061 0.9974084496498108 -0.3103362917900085 
0 0 0 1 

0.3797841966152191 0.9231985807418823 -0.05889011174440384 0.01608577556908131 
-0.9248665571212769 0.3802790939807892 -0.002999607240781188 0.04302994161844254 
0.01962543092668056 0.05560470744967461 0.9982598423957825 -0.3155063688755035 
0 0 0 1 

