1 0 0 -0.01792658120393753 
0 1 0 0.02243540808558464 
0 0 1 -0.3816788792610168 
0 0 0 1 

0.999328076839447 0.03383150324225426 0.01409729942679405 -0.02000491693615913 
-0.03385690972208977 0.9994254112243652 0.001567526487633586 0.01893128454685211 
-0.01403616555035114 -0.002043781103566289 0.9998993873596191 -0.3678412139415741 
0 0 0 1 

0.9965150952339172 0.0470740981400013 -0.06886022537946701 0.01456421706825495 
-0.04494881257414818 0.998473584651947 0.03209498152136803 0.01090532448142767 
0.07026595622301102 -0.02888794057071209 0.9971098899841309 -0.3667034208774567 
0 0 0 1 

0.7245849370956421 0.6850109100341797 -0.07573898881673813 -0.01108744088560343 
-0.6838096380233765 0.7008793950080872 -0.2029091566801071 0.07613108307123184 
-0.08591117709875107 0.1988159567117691 0.9762640595436096 -0.2706555724143982 
0 0 0 1 

0.7627121806144714 0.6458324790000916 -0.03421040251851082 -0.02725506760179996 
-0.6429136395454407 0.751396656036377 -0.1485427767038345 0.05836555361747742 
-0.0702282041311264 0.1352897137403488 0.9883140921592712 -0.2775093615055084 
0 0 0 1 

0.787080705165863 0.6161811947822571 0.02871374785900116 -0.05061016976833344 
-0.6137052178382874 0.7869136929512024 -0.06428446620702744 0.03046887367963791 
-0.06220613420009613 0.03297526761889458 0.9975184202194214 -0.2836249470710754 
0 0 0 1 

0.8118143081665039 0.5791295170783997 0.07460738718509674 -0.06849735230207443 
-0.5814877152442932 0.8134520053863525 0.01294721383601427 0.004106704611331224 
-0.0531914047896862 -0.0538940392434597 0.9971289038658142 -0.2874204516410828 
0 0 0 1 

0.8406049013137817 0.5333064198493958 0.09469663351774216 -0.07908140867948532 
-0.5411763787269592 0.8342352509498596 0.1057326793670654 -0.02741231210529804 
-0.02261130698025227 -0.1401270180940628 0.989875316619873 -0.2893346548080444 
0 0 0 1 

0.982627272605896 0.1847933083772659 0.01717634685337543 -0.02573231607675552 
-0.1836663335561752 0.9815595149993896 -0.05298556387424469 0.002021670807152987 
-0.02665100805461407 0.04891033470630646 0.9984475374221802 -0.2326283901929855 
0 0 0 1 

0.9740419387817383 -0.1052094921469688 0.2004323154687881 -0.02545985952019691 
0.06853380054235458 0.9809349179267883 0.1818508207798004 -0.02902366034686565 
-0.2157435268163681 -0.1633938848972321 0.9626821875572205 -0.198903352022171 
0 0 0 1 

