0.4655613601207733 0.8489996790885925 -0.2499038726091385 0.0607222206890583 
-0.822632372379303 0.3109975755214691 -0.4759791493415833 0.1555724143981934 
-0.3263867199420929 0.4271765351295471 0.8432033061981201 -0.1748655587434769 
0 0 0 1 

0.4517713487148285 0.8430109620094299 -0.2919503748416901 0.07483647763729095 
-0.8033749461174011 0.2421239465475082 -0.544026255607605 0.1726473569869995 
-0.3879319727420807 0.480321079492569 0.7866386771202087 -0.1575245261192322 
0 0 0 1 

0.4345500767230988 0.8363499641418457 -0.3341928720474243 0.09059096127748489 
-0.7875118255615234 0.1727873831987381 -0.5915822982788086 0.1828251779079437 
-0.4370255470275879 0.5202529430389404 0.7337203025817871 -0.1387911140918732 
0 0 0 1 

0.4162769019603729 0.8383684754371643 -0.3519257307052612 0.1012706309556961 
-0.7791338562965393 0.1293931305408478 -0.6133576631546021 0.1849413216114044 
-0.4686830043792725 0.5295238494873047 0.7070648074150085 -0.1253293007612228 
0 0 0 1 

0.3443455100059509 0.874134361743927 -0.3425130844116211 0.1070440486073494 
-0.7752390503883362 0.05896136909723282 -0.6289101839065552 0.1830627024173737 
-0.529556930065155 0.4820919334888458 0.6979662179946899 -0.1161124184727669 
0 0 0 1 

0.1657795608043671 0.9402140974998474 -0.2975137233734131 0.1073238924145699 
-0.7843177914619446 -0.05717422813177109 -0.6177188754081726 0.1674570143222809 
-0.5977981686592102 0.3357504308223724 0.7279484272003174 -0.1198511645197868 
0 0 0 1 

0.0003307483275420964 0.9559546113014221 -0.293514609336853 0.1079485416412354 
-0.7884748578071594 -0.180281862616539 -0.5880526304244995 0.1508687436580658 
-0.6150669455528259 0.2316233962774277 0.7536864280700684 -0.1265199482440948 
0 0 0 1 

-0.1119493171572685 0.9429447054862976 -0.3135640919208527 0.1111860945820808 
-0.7507044672966003 -0.2869991958141327 -0.5950411558151245 0.1548699289560318 
-0.6510836482048035 0.1687794923782349 0.7400023937225342 -0.1214528605341911 
0 0 0 1 

-0.09741926938295364 0.9372036457061768 -0.3349015414714813 0.1200143098831177 
-0.7108227014541626 -0.3010462522506714 -0.6356905698776245 0.1684847325086594 
-0.6965922117233276 0.176127165555954 0.695513129234314 -0.1049607321619987 
0 0 0 1 

0.3925392925739288 0.8582286834716797 -0.3306906521320343 0.08049367368221283 
-0.7510644197463989 0.09158593416213989 -0.6538456082344055 0.1834298819303513 
-0.5308624505996704 0.50503009557724 0.6805362105369568 -0.1138989925384521 
0 0 0 1 

