0.2697370648384094 0.9573559165000916 -0.1034955382347107 0.03513798117637634 
-0.9605245590209961 0.275101900100708 0.04136771708726883 0.01898192428052425 
0.06807544827461243 0.08825162053108215 0.9937692880630493 -0.3042919337749481 
0 0 0 1 

0.1903693079948425 0.9733746647834778 -0.1276767551898956 0.04411386698484421 
-0.9740732908248901 0.203476682305336 0.09888593852519989 -0.002414292423054576 
0.1222323179244995 0.1055416688323021 0.986873984336853 -0.3029972016811371 
0 0 0 1 

0.1134058907628059 0.9849241375923157 -0.1306263357400894 0.0467999055981636 
-0.9718711376190186 0.1372824013233185 0.191361740231514 -0.03409658372402191 
0.2064095288515091 0.105250395834446 0.972788393497467 -0.3000608384609222 
0 0 0 1 

0.2783028781414032 0.9537199735641479 -0.1138664484024048 0.03835047408938408 
-0.9393509030342102 0.2949942648410797 0.1749233603477478 -0.02605296485126019 
0.2004178613424301 0.05827891081571579 0.9779755473136902 -0.2968519926071167 
0 0 0 1 

0.3252584338188171 0.9381545186042786 -0.1186292991042137 0.03839848563075066 
-0.9356743097305298 0.3374447226524353 0.1031731069087982 -0.0007693350780755281 
0.1368231475353241 0.07744047045707703 0.9875638484954834 -0.2964561581611633 
0 0 0 1 

0.3579174280166626 0.9208073616027832 -0.1549480706453323 0.04848036170005798 
-0.9315261840820312 0.3635672628879547 0.008815557695925236 0.03235306963324547 
0.06445147097110748 0.1411829590797424 0.9878832697868347 -0.2922818660736084 
0 0 0 1 

0.3966805338859558 0.9026574492454529 -0.1668950021266937 0.05023634061217308 
-0.9179470539093018 0.3908950686454773 -0.06763166189193726 0.05819592997431755 
0.004190184641629457 0.1800289452075958 0.9836524128913879 -0.287384420633316 
0 0 0 1 

0.4376321136951447 0.8862960934638977 -0.1515162289142609 0.02701311558485031 
-0.8623683452606201 0.461432009935379 0.2083297222852707 -0.01234014704823494 
0.2545562386512756 0.03949106112122536 0.9662513136863708 -0.3205820024013519 
0 0 0 1 

0.3545578718185425 0.8996381163597107 -0.2548329532146454 0.06795228272676468 
-0.8960519433021545 0.4047869443893433 0.182313546538353 -0.000785319076385349 
0.2671692669391632 0.1637029200792313 0.9496430158615112 -0.315511167049408 
0 0 0 1 

0.9677844047546387 0.09507260471582413 -0.2331408262252808 0.02106972225010395 
-0.134672224521637 0.9778415560722351 -0.1602792888879776 0.06717821210622787 
0.2127365469932556 0.1865133494138718 0.9591434001922607 -0.2781030833721161 
0 0 0 1 

