1 0 0 -0.04542167112231255 
0 1 0 0.0009935460984706879 
0 0 1 -0.2875000238418579 
0 0 0 1 

0.1870366781949997 0.9724245071411133 -0.1393108814954758 0.04815420880913734 
-0.9540024995803833 0.213626816868782 0.210338830947876 -0.03987948969006538 
0.2342991977930069 0.09356190264225006 0.9676518440246582 -0.2964285016059875 
0 0 0 1 

0.2751135528087616 0.9503074884414673 -0.1456977874040604 0.04764086380600929 
-0.9372642040252686 0.298857569694519 0.1794984340667725 -0.02804773859679699 
0.2141216099262238 0.0871749222278595 0.9729092717170715 -0.295486181974411 
0 0 0 1 

0.8946117758750916 0.4467434287071228 -0.0094800665974617 -0.02658307552337646 
-0.4404295682907104 0.88515305519104 0.1500853002071381 -0.020940151065588 
0.07544100284576416 -0.1300927400588989 0.9886276125907898 -0.2675758898258209 
0 0 0 1 

0.896811306476593 0.4422261118888855 -0.0128660136833787 -0.02541149593889713 
-0.4243165850639343 0.8679964542388916 0.2579488158226013 -0.05470927804708481 
0.125239372253418 -0.2258721590042114 0.9660729169845581 -0.2629981935024261 
0 0 0 1 

0.8996871113777161 0.4362813532352448 -0.01488246116787195 -0.0244405847042799 
-0.4002616703510284 0.8380553722381592 0.3707471489906311 -0.09183599054813385 
0.17422254383564 -0.3275995254516602 0.9286144971847534 -0.253280907869339 
0 0 0 1 

0.9069249033927917 0.421211838722229 -0.008224574849009514 -0.02749544754624367 
-0.3710407018661499 0.8078418374061584 0.4579521715641022 -0.1209959387779236 
0.1995391547679901 -0.4122765362262726 0.8889387249946594 -0.2433822005987167 
0 0 0 1 

0.7513021230697632 0.6598774194717407 0.01033664215356112 -0.05232085287570953 
-0.5647506713867188 0.6347340941429138 0.5274174213409424 -0.1418258398771286 
0.3414699137210846 -0.4020874202251434 0.8495433330535889 -0.2830286026000977 
0 0 0 1 

0.6528759002685547 0.7574397325515747 0.006154918111860752 -0.04421938583254814 
-0.6740585565567017 0.5772603154182434 0.4608854055404663 -0.1119150593876839 
0.3455400466918945 -0.3050497174263 0.8874382376670837 -0.2972899973392487 
0 0 0 1 

0.591892421245575 0.8059318065643311 -0.01171086356043816 -0.03339013084769249 
-0.7342731952667236 0.5451433658599854 0.4045509696006775 -0.08889540284872055 
0.3324246406555176 -0.2308516502380371 0.9144404530525208 -0.306515246629715 
0 0 0 1 

