0.9157922863960266 0.4015563428401947 -0.008773530833423138 -0.03031522408127785 
-0.3310230076313019 0.7669447064399719 0.5497449040412903 -0.1513174921274185 
0.2274824380874634 -0.5005478262901306 0.8352864980697632 -0.2304674535989761 
0 0 0 1 

0.9099416732788086 0.4142596423625946 0.01987312734127045 -0.03989874199032784 
-0.3332837522029877 0.7018746137619019 0.6295186281204224 -0.175297275185585 
0.2468358725309372 -0.5794485807418823 0.7767310738563538 -0.216239869594574 
0 0 0 1 

0.9176322221755981 0.3961378335952759 0.03202944248914719 -0.04554258659482002 
-0.2939549684524536 0.6222701668739319 0.725513756275177 -0.2057443857192993 
0.267472505569458 -0.6751700043678284 0.6874618530273438 -0.1915795356035233 
0 0 0 1 

0.9242768287658691 0.3780083954334259 0.05312222987413406 -0.05340024083852768 
-0.2689376771450043 0.5460898280143738 0.7933841347694397 -0.2281438857316971 
0.2708963751792908 -0.747593104839325 0.60639888048172 -0.1673341691493988 
0 0 0 1 

0.9319970011711121 0.3590317666530609 0.04977767169475555 -0.05427991598844528 
-0.2275994569063187 0.472792774438858 0.8512728214263916 -0.2481814920902252 
0.2820994853973389 -0.8047130107879639 0.5223568677902222 -0.1436224728822708 
0 0 0 1 

0.9421893954277039 0.3306299448013306 0.05443334579467773 -0.05861997976899147 
-0.1951293796300888 0.4093199968338013 0.8912808299064636 -0.2615444660186768 
0.2724035382270813 -0.8503769040107727 0.450172632932663 -0.1232817694544792 
0 0 0 1 

0.9540882706642151 0.2941685914993286 0.05639516562223434 -0.0621621161699295 
-0.1589877903461456 0.3378030955791473 0.9276916980743408 -0.2750344276428223 
0.2538473010063171 -0.8940658569335938 0.3690631985664368 -0.09845314919948578 
0 0 0 1 

0.9605550765991211 0.2665132582187653 0.07940185070037842 -0.07115106284618378 
-0.1499281227588654 0.2558357715606689 0.9550232291221619 -0.2877770364284515 
0.2342125773429871 -0.9292569756507874 0.2857021987438202 -0.06883960217237473 
0 0 0 1 

0.9729061126708984 0.2206156253814697 0.0691550076007843 -0.07147253304719925 
-0.1034445986151695 0.1478692591190338 0.9835821390151978 -0.3007606267929077 
0.2067677080631256 -0.9640867710113525 0.1666843742132187 -0.02771686017513275 
0 0 0 1 

0.9827022552490234 0.1792812496423721 0.04641628637909889 -0.06551091372966766 
-0.07156022638082504 0.1364352703094482 0.9880608916282654 -0.3027672171592712 
0.1708080023527145 -0.9742912650108337 0.1469046175479889 -0.02197125554084778 
0 0 0 1 

