0.454625278711319 0.8597763180732727 -0.2325946390628815 0.05683278292417526 
-0.8235851526260376 0.3063536584377289 -0.4773413240909576 0.1558674722909927 
-0.3391506373882294 0.4085728824138641 0.8473753333091736 -0.1754087060689926 
0 0 0 1 

0.4467698931694031 0.8469648361206055 -0.2881791591644287 0.07391953468322754 
-0.8025898933410645 0.2371165007352829 -0.5473803877830505 0.1732339709997177 
-0.3952798843383789 0.4758427739143372 0.7857019305229187 -0.1569521874189377 
0 0 0 1 

0.4284053444862366 0.8412458896636963 -0.3298092782497406 0.08967304974794388 
-0.7873191833496094 0.1684205830097198 -0.5930960178375244 0.1830842643976212 
-0.4433929622173309 0.5137506723403931 0.7344813942909241 -0.1386978626251221 
0 0 0 1 

0.4071592688560486 0.8453531861305237 -0.3458315432071686 0.1002732589840889 
-0.778993546962738 0.1237237602472305 -0.6147044897079468 0.185026153922081 
-0.4768547713756561 0.5196831226348877 0.7088998556137085 -0.1255178898572922 
0 0 0 1 

0.3430793583393097 0.8758823871612549 -0.3393029272556305 0.1062462106347084 
-0.7736923694610596 0.05867527425289154 -0.6308383941650391 0.183566153049469 
-0.5326316356658936 0.4789437055587769 0.6977939605712891 -0.1160078123211861 
0 0 0 1 

0.173760250210762 0.9351624250411987 -0.3086723983287811 0.1095820516347885 
-0.7850005626678467 -0.05773006752133369 -0.6167993545532227 0.1673242449760437 
-0.5946272611618042 0.3494832515716553 0.724071741104126 -0.1186883077025414 
0 0 0 1 

0.02529096603393555 0.9435142874717712 -0.3303652703762054 0.1156794875860214 
-0.787800133228302 -0.1846298575401306 -0.5876076221466064 0.1504361182451248 
-0.6154114603996277 0.2751229405403137 0.7386311888694763 -0.1220288425683975 
0 0 0 1 

-0.08916975557804108 0.9351915121078491 -0.3427323997020721 0.1169915571808815 
-0.7490251064300537 -0.2897743880748749 -0.5958120822906494 0.1547596007585526 
-0.656513512134552 0.2035867124795914 0.7263211607933044 -0.1174685433506966 
0 0 0 1 

-0.04968314990401268 0.92302006483078 -0.3815302550792694 0.1289231330156326 
-0.7107191681861877 -0.3010627627372742 -0.6357981562614441 0.1683840900659561 
-0.7017191052436829 0.2395723909139633 0.6709659099578857 -0.09755416214466095 
0 0 0 1 

0.03617343306541443 0.9529038667678833 -0.3011080026626587 0.0941786915063858 
-0.7373732924461365 -0.1779181212186813 -0.6516335606575012 0.174805760383606 
-0.674516499042511 0.2456004023551941 0.6962099671363831 -0.1018933951854706 
0 0 0 1 

