0.4540890753269196 0.8611919283866882 -0.2283665835857391 0.05567538738250732 
-0.822766125202179 0.3069817125797272 -0.4783490896224976 0.15614253282547 
-0.3418461382389069 0.4051053524017334 0.8479568362236023 -0.1753963083028793 
0 0 0 1 

0.4402722716331482 0.8548856973648071 -0.2744643688201904 0.07082667946815491 
-0.8039474487304688 0.2392387986183167 -0.5444567203521729 0.1726382374763489 
-0.3997857570648193 0.4603641331195831 0.7926135063171387 -0.1585251092910767 
0 0 0 1 

0.423054963350296 0.8489746451377869 -0.3166489005088806 0.0866519883275032 
-0.786328136920929 0.170339822769165 -0.5938621759414673 0.1832892596721649 
-0.4502360820770264 0.5002262592315674 0.7396358251571655 -0.1396935433149338 
0 0 0 1 

0.3978402614593506 0.8577699661254883 -0.3255054950714111 0.09571801126003265 
-0.7777206897735596 0.1270951926708221 -0.615627646446228 0.1852946728467941 
-0.4866966605186462 0.4980738461017609 0.7176690101623535 -0.1277075856924057 
0 0 0 1 

0.3397479057312012 0.8802642226219177 -0.331219345331192 0.1045522466301918 
-0.7738146185874939 0.06145107746124268 -0.6304242014884949 0.1834041029214859 
-0.5345860719680786 0.470487654209137 0.7020392417907715 -0.1170640364289284 
0 0 0 1 

0.1748570501804352 0.9338488578796387 -0.3120118379592896 0.1102716326713562 
-0.7849588394165039 -0.05907792598009109 -0.6167248487472534 0.1671325117349625 
-0.5943607687950134 0.3527551293373108 0.7227026224136353 -0.1183311194181442 
0 0 0 1 

0.04820072650909424 0.9335012435913086 -0.3553197383880615 0.1206971481442451 
-0.788496732711792 -0.1828093677759171 -0.5872423648834229 0.1505172848701477 
-0.6131471991539001 0.3084739744663239 0.7272511720657349 -0.1186323910951614 
0 0 0 1 

-0.05309225991368294 0.922921895980835 -0.3813087940216064 0.1248125955462456 
-0.752405047416687 -0.2880309522151947 -0.5923890471458435 0.1542389690876007 
-0.656557559967041 0.2554473876953125 0.709703266620636 -0.1126958876848221 
0 0 0 1 

0.003668231656774879 0.901037335395813 -0.4337261915206909 0.1387538462877274 
-0.7141611576080322 -0.3012396693229675 -0.6318454146385193 0.1676032096147537 
-0.6999717950820923 0.3120681345462799 0.6423807740211487 -0.089464470744133 
0 0 0 1 

0.06690264493227005 0.8857417106628418 -0.459331601858139 0.1487918794155121 
-0.7298370599746704 -0.2704629004001617 -0.62784343957901 0.1704592406749725 
-0.6803393959999084 0.3772415816783905 0.6283526420593262 -0.07188267260789871 
0 0 0 1 

