0.9157922267913818 0.4015563726425171 -0.008773511275649071 -0.03031525947153568 
-0.3310229778289795 0.7669446468353271 0.5497449040412903 -0.151317372918129 
0.2274824678897858 -0.5005478262901306 0.8352864384651184 -0.2304674237966537 
0 0 0 1 

0.9099417328834534 0.4142595231533051 0.01987306028604507 -0.03989864513278008 
-0.3332836925983429 0.7018747925758362 0.6295183897018433 -0.1752972900867462 
0.2468357235193253 -0.5794484615325928 0.7767312526702881 -0.2162400037050247 
0 0 0 1 

0.9176322221755981 0.3961378335952759 0.03202944248914719 -0.04554266110062599 
-0.2939549684524536 0.6222701668739319 0.725513756275177 -0.2057440131902695 
0.267472505569458 -0.6751700043678284 0.6874618530273438 -0.1915795356035233 
0 0 0 1 

0.9242768287658691 0.3780083954334259 0.05312221869826317 -0.05340021848678589 
-0.2689376771450043 0.5460898280143738 0.7933841347694397 -0.2281439602375031 
0.2708963751792908 -0.747593104839325 0.60639888048172 -0.1673342287540436 
0 0 0 1 

0.9319970607757568 0.3590315878391266 0.0497775562107563 -0.05427990853786469 
-0.2275993973016739 0.4727932512760162 0.8512725234031677 -0.2481814026832581 
0.2820992767810822 -0.8047128319740295 0.5223572850227356 -0.143622562289238 
0 0 0 1 

0.9421893954277039 0.3306299448013306 0.05443332344293594 -0.05861995741724968 
-0.19512939453125 0.4093201458454132 0.8912807703018188 -0.2615443170070648 
0.2724035084247589 -0.8503768444061279 0.4501727223396301 -0.1232818216085434 
0 0 0 1 

0.9540882706642151 0.2941685020923615 0.05639505013823509 -0.06216208636760712 
-0.1589878350496292 0.3378037810325623 0.9276914000511169 -0.2750343382358551 
0.2538471519947052 -0.8940656781196594 0.3690638542175293 -0.09845319390296936 
0 0 0 1 

0.9605550765991211 0.2665132582187653 0.07940185070037842 -0.0711510181427002 
-0.1499281227588654 0.2558357715606689 0.9550232291221619 -0.2877768874168396 
0.2342125773429871 -0.9292569756507874 0.2857021987438202 -0.06883978098630905 
0 0 0 1 

0.9729061126708984 0.2206156104803085 0.06915495544672012 -0.07147251069545746 
-0.1034446209669113 0.1478694677352905 0.9835821390151978 -0.3007605671882629 
0.206767663359642 -0.9640867710113525 0.166684627532959 -0.02771697007119656 
0 0 0 1 

0.9739356637001038 0.219700813293457 0.05640129745006561 -0.06840753555297852 
-0.08781015127897263 0.135928601026535 0.9868196249008179 -0.302107036113739 
0.2091384679079056 -0.9660511016845703 0.1516775190830231 -0.02358939498662949 
0 0 0 1 

