1.000000000000000000e+00 0.000000000000000000e+00 0.000000000000000000e+00 -4.255350477121360719e-01
0.000000000000000000e+00 -1.000000000000000000e+00 0.000000000000000000e+00 3.076616963927396031e-01
0.000000000000000000e+00 0.000000000000000000e+00 -1.000000000000000000e+00 -5.117628744684824760e+00
0.000000000000000000e+00 0.000000000000000000e+00 0.000000000000000000e+00 1.000000000000000000e+00
9.956664443016052246e-01 -5.758765339851379395e-02 7.301758974790573120e-02 -1.295283360502169981e-02
-5.897854641079902649e-02 -9.981138706207275391e-01 1.703586243093013763e-02 3.580497038386262765e-01
7.189878821372985840e-02 -2.126858755946159363e-02 -9.971852898597717285e-01 -5.076720689864354874e+00
0.000000000000000000e+00 0.000000000000000000e+00 0.000000000000000000e+00 1.000000000000000000e+00
9.734867215156555176e-01 -6.639119982719421387e-02 2.188974022865295410e-01 7.757165497730391657e-01
-7.148265093564987183e-02 -9.973227977752685547e-01 1.541322562843561172e-02 3.568935721311916054e-01
2.172880470752716064e-01 -3.065199963748455048e-02 -9.756260514259338379e-01 -4.953158444000472116e+00
0.000000000000000000e+00 0.000000000000000000e+00 0.000000000000000000e+00 1.000000000000000000e+00
9.398102164268493652e-01 -6.194703280925750732e-02 3.360353410243988037e-01 1.416616584434535309e+00
-6.032312661409378052e-02 -9.980618953704833984e-01 -1.528012752532958984e-02 2.116093510392271504e-01
3.363305926322937012e-01 -5.910295061767101288e-03 -9.417254328727722168e-01 -4.779406153692434600e+00
0.000000000000000000e+00 0.000000000000000000e+00 0.000000000000000000e+00 1.000000000000000000e+00
9.118820428848266602e-01 -7.452075928449630737e-02 4.036304056644439697e-01 1.793838928417619272e+00
-6.212974712252616882e-02 -9.971095919609069824e-01 -4.372899979352951050e-02 1.128625189181525074e-01
4.057225286960601807e-01 1.479818951338529587e-02 -9.138763546943664551e-01 -4.620260765100776545e+00
0.000000000000000000e+00 0.000000000000000000e+00 0.000000000000000000e+00 1.000000000000000000e+00
1.319948434829711914e-01 -7.778935134410858154e-02 9.881932735443115234e-01 5.153529694494132229e+00
-2.121664211153984070e-02 -9.969093203544616699e-01 -7.564152032136917114e-02 -7.303455198736095652e-03
9.910232424736022949e-01 -1.098186429589986801e-02 -1.332373321056365967e-01 -7.018025370332872104e-01
0.000000000000000000e+00 0.000000000000000000e+00 0.000000000000000000e+00 1.000000000000000000e+00
1.092461273074150085e-01 -9.319788962602615356e-02 9.896360039710998535e-01 5.126345222639139720e+00
-9.602771140635013580e-03 -9.956474304199218750e-01 -9.270397573709487915e-02 -3.121421032716253582e-02
9.939683675765991211e-01 6.242989329621195793e-04 -1.096656545996665955e-01 -4.900322235592320941e-01
0.000000000000000000e+00 0.000000000000000000e+00 0.000000000000000000e+00 1.000000000000000000e+00
1.034337058663368225e-01 -8.890377730131149292e-02 9.906550049781799316e-01 5.080209476343212849e+00
-9.336680173873901367e-03 -9.960402250289916992e-01 -8.841223269701004028e-02 4.183716615582894205e-02
9.945924282073974609e-01 -1.046354445861652493e-04 -1.038542538881301880e-01 -3.548338106662011771e-01
0.000000000000000000e+00 0.000000000000000000e+00 0.000000000000000000e+00 1.000000000000000000e+00
1.205483898520469666e-01 -8.396486192941665649e-02 9.891501069068908691e-01 5.018122406081107378e+00
-1.627100259065628052e-02 -9.964497685432434082e-01 -8.260154724121093750e-02 9.941465064701861254e-02
9.925738573074340820e-01 -6.136986427009105682e-03 -1.214865893125534058e-01 -3.167700293270191425e-01
0.000000000000000000e+00 0.000000000000000000e+00 0.000000000000000000e+00 1.000000000000000000e+00
1.366998851299285889e-01 -8.865556865930557251e-02 9.866374135017395020e-01 4.974221146706259589e+00
-3.710894659161567688e-02 -9.957463741302490234e-01 -8.433261513710021973e-02 1.185719484724926526e-01
9.899171590805053711e-01 -2.508483454585075378e-02 -1.394083648920059204e-01 -2.840723300357904657e-01
0.000000000000000000e+00 0.000000000000000000e+00 0.000000000000000000e+00 1.000000000000000000e+00
1.614138931035995483e-01 -8.070524781942367554e-02 9.835811853408813477e-01 4.926377492097718580e+00
-5.771122500300407410e-02 -9.957169890403747559e-01 -7.223009318113327026e-02 2.123865703512141656e-01
9.851979613304138184e-01 -4.510475322604179382e-02 -1.653801500797271729e-01 -2.842341577213707837e-01
0.000000000000000000e+00 0.000000000000000000e+00 0.000000000000000000e+00 1.000000000000000000e+00
1.607719361782073975e-01 -7.378664612770080566e-02 9.842295050621032715e-01 4.906323854902963966e+00
-8.867987245321273804e-02 -9.942483901977539062e-01 -6.005208566784858704e-02 3.174462322835371331e-01
9.829995632171630859e-01 -7.762667536735534668e-02 -1.663906127214431763e-01 -1.717356180991171377e-01
0.000000000000000000e+00 0.000000000000000000e+00 0.000000000000000000e+00 1.000000000000000000e+00
1.733358800411224365e-01 -8.622686564922332764e-02 9.810807108879089355e-01 4.906677023675785954e+00
-8.822477608919143677e-02 -9.935144186019897461e-01 -7.173226028680801392e-02 3.125236696993741736e-01
9.809029698371887207e-01 -7.412184029817581177e-02 -1.798190176486968994e-01 -1.645352657373195804e-01
0.000000000000000000e+00 0.000000000000000000e+00 0.000000000000000000e+00 1.000000000000000000e+00
1.796084046363830566e-01 -9.819069504737854004e-02 9.788256287574768066e-01 4.922443033240943677e+00
-1.185176596045494080e-01 -9.899184107780456543e-01 -7.755623757839202881e-02 3.283670341382980973e-01
9.765726923942565918e-01 -1.020783632993698120e-01 -1.894349306821823120e-01 -1.305717267283628413e-01
0.000000000000000000e+00 0.000000000000000000e+00 0.000000000000000000e+00 1.000000000000000000e+00
1.882434934377670288e-01 -1.043978258967399597e-01 9.765579700469970703e-01 4.941264547919280048e+00
-1.307247281074523926e-01 -9.881499409675598145e-01 -8.043822646141052246e-02 3.551673357481348048e-01
9.733834862709045410e-01 -1.125182658433914185e-01 -1.996602267026901245e-01 -1.043144717090956908e-01
0.000000000000000000e+00 0.000000000000000000e+00 0.000000000000000000e+00 1.000000000000000000e+00
1.898907124996185303e-01 -1.149038299918174744e-01 9.750583171844482422e-01 4.966887934434629948e+00
-1.551132500171661377e-01 -9.841663837432861328e-01 -8.576913177967071533e-02 3.605821273094184098e-01
9.694748520851135254e-01 -1.349576711654663086e-01 -2.047071009874343872e-01 -1.710956369134959687e-02
0.000000000000000000e+00 0.000000000000000000e+00 0.000000000000000000e+00 1.000000000000000000e+00
2.142450660467147827e-01 -1.205252185463905334e-01 9.693155288696289062e-01 4.991913314949257163e+00
-1.706454455852508545e-01 -9.817155599594116211e-01 -8.434978127479553223e-02 4.057956170051941758e-01
9.617582559585571289e-01 -1.473378241062164307e-01 -2.308948487043380737e-01 -3.257227035193351744e-02
0.000000000000000000e+00 0.000000000000000000e+00 0.000000000000000000e+00 1.000000000000000000e+00
2.579774856567382812e-01 -1.263104826211929321e-01 9.578587412834167480e-01 4.996935851081401481e+00
-1.958387941122055054e-01 -9.776724576950073242e-01 -7.617855817079544067e-02 4.658095320082428770e-01
9.460945129394531250e-01 -1.679335385560989380e-01 -2.769540548324584961e-01 -1.521575186887785813e-01
0.000000000000000000e+00 0.000000000000000000e+00 0.000000000000000000e+00 1.000000000000000000e+00
3.346874117851257324e-01 -1.553696244955062866e-01 9.294322133064270020e-01 5.046300909144997071e+00
-2.154121547937393188e-01 -9.728122353553771973e-01 -8.505161851644515991e-02 4.225056834058482091e-01
9.173775911331176758e-01 -1.717453151941299438e-01 -3.590565919876098633e-01 -3.628218484370455132e-01
0.000000000000000000e+00 0.000000000000000000e+00 0.000000000000000000e+00 1.000000000000000000e+00
3.878304064273834229e-01 -2.074380218982696533e-01 8.980851173400878906e-01 5.249408270394921416e+00
-2.190118730068206787e-01 -9.671810269355773926e-01 -1.288193315267562866e-01 2.298479512335734887e-01
8.953331708908081055e-01 -1.467313021421432495e-01 -4.205336570739746094e-01 -4.647425120909011720e-01
0.000000000000000000e+00 0.000000000000000000e+00 0.000000000000000000e+00 1.000000000000000000e+00
4.186567962169647217e-01 -2.320643663406372070e-01 8.779932856559753418e-01 5.316094867899475496e+00
-2.488138973712921143e-01 -9.591161608695983887e-01 -1.348633170127868652e-01 2.260218735240757670e-01
8.733946084976196289e-01 -1.619955897331237793e-01 -4.592812955379486084e-01 -6.840510939751878183e-01
0.000000000000000000e+00 0.000000000000000000e+00 0.000000000000000000e+00 1.000000000000000000e+00
3.939085900783538818e-01 -2.372567057609558105e-01 8.880007266998291016e-01 5.210472802057258157e+00
-1.794701069593429565e-01 -9.673689007759094238e-01 -1.788511872291564941e-01 -3.704262353231823485e-02
9.014579653739929199e-01 -8.891858905553817749e-02 -4.236354231834411621e-01 -6.000000013896106266e-01
0.000000000000000000e+00 0.000000000000000000e+00 0.000000000000000000e+00 1.000000000000000000e+00
3.930528461933135986e-01 -2.375944703817367554e-01 8.882895112037658691e-01 5.134337947832601223e+00
-1.490336209535598755e-01 -9.697282314300537109e-01 -1.934323906898498535e-01 -1.436829606346509969e-01
9.073578715324401855e-01 -5.635587871074676514e-02 -4.165640473365783691e-01 -6.050636578746573235e-01
0.000000000000000000e+00 0.000000000000000000e+00 0.000000000000000000e+00 1.000000000000000000e+00
3.435512781143188477e-01 -2.531625032424926758e-01 9.043679237365722656e-01 4.867329657376112451e+00
-5.018887296319007874e-02 -9.665539860725402832e-01 -2.515046298503875732e-01 -5.470508799330682237e-01
9.377918243408203125e-01 4.101550579071044922e-02 -3.447667360305786133e-01 -3.659686218847739703e-01
0.000000000000000000e+00 0.000000000000000000e+00 0.000000000000000000e+00 1.000000000000000000e+00
3.309065103530883789e-01 -2.922441661357879639e-01 8.972705006599426270e-01 4.591877061879564792e+00
-9.384243749082088470e-03 -9.518093466758728027e-01 -3.065468370914459229e-01 -9.434452784424568472e-01
9.436168074607849121e-01 9.301810711622238159e-02 -3.177023828029632568e-01 -2.890073924135982408e-01
0.000000000000000000e+00 0.000000000000000000e+00 0.000000000000000000e+00 1.000000000000000000e+00
3.650095462799072266e-01 -3.421874046325683594e-01 8.658381104469299316e-01 4.331586914483611217e+00
2.456103637814521790e-02 -9.261421561241149902e-01 -3.763741850852966309e-01 -1.317523130686175881e+00
9.306796789169311523e-01 1.586460471153259277e-01 -3.296462595462799072e-01 -3.728996582561169282e-01
0.000000000000000000e+00 0.000000000000000000e+00 0.000000000000000000e+00 1.000000000000000000e+00
3.978313803672790527e-01 -3.641189634799957275e-01 8.421089649200439453e-01 4.126535537707782808e+00
7.623969018459320068e-02 -9.015762805938720703e-01 -4.258494079113006592e-01 -1.563503792090728206e+00
9.142852425575256348e-01 2.336183637380599976e-01 -3.309149742126464844e-01 -4.227010186407443304e-01
0.000000000000000000e+00 0.000000000000000000e+00 0.000000000000000000e+00 1.000000000000000000e+00
4.656271636486053467e-01 -3.941636383533477783e-01 7.923548221588134766e-01 3.806378124673506669e+00
1.422329246997833252e-01 -8.503655195236206055e-01 -5.066046118736267090e-01 -1.966091391929924992e+00
8.734763860702514648e-01 3.485877513885498047e-01 -3.398902416229248047e-01 -5.251274775160137409e-01
0.000000000000000000e+00 0.000000000000000000e+00 0.000000000000000000e+00 1.000000000000000000e+00
4.863747656345367432e-01 -4.278306663036346436e-01 7.618401050567626953e-01 3.608726228916567802e+00
1.631870120763778687e-01 -8.120989203453063965e-01 -5.602367520332336426e-01 -2.232501676385691525e+00
8.583760857582092285e-01 3.968074619770050049e-01 -3.251680135726928711e-01 -4.934255207149557121e-01
0.000000000000000000e+00 0.000000000000000000e+00 0.000000000000000000e+00 1.000000000000000000e+00
4.982205629348754883e-01 -4.694235324859619141e-01 7.289839982986450195e-01 3.383216062904353727e+00
1.868813186883926392e-01 -7.628632187843322754e-01 -6.189628243446350098e-01 -2.491496805478157217e+00
8.466708660125732422e-01 4.446134865283966064e-01 -2.923477292060852051e-01 -3.840311709180334598e-01
0.000000000000000000e+00 0.000000000000000000e+00 0.000000000000000000e+00 1.000000000000000000e+00
5.490491986274719238e-01 -4.658147692680358887e-01 6.939462423324584961e-01 3.166788683455199038e+00
1.888762712478637695e-01 -7.396565079689025879e-01 -6.459364891052246094e-01 -2.614001529117802924e+00
8.141686320304870605e-01 4.857208728790283203e-01 -3.181264996528625488e-01 -5.244819524584989345e-01
0.000000000000000000e+00 0.000000000000000000e+00 0.000000000000000000e+00 1.000000000000000000e+00
5.679687857627868652e-01 -4.679617285728454590e-01 6.770695447921752930e-01 3.014786430907999915e+00
2.057950794696807861e-01 -7.157589793205261230e-01 -6.673359870910644531e-01 -2.697774154078292685e+00
7.969063520431518555e-01 5.183635950088500977e-01 -3.102245032787322998e-01 -5.195111515833852334e-01
0.000000000000000000e+00 0.000000000000000000e+00 0.000000000000000000e+00 1.000000000000000000e+00
5.600565671920776367e-01 -5.077009797096252441e-01 6.546573638916015625e-01 2.827157782378825424e+00
2.083400636911392212e-01 -6.785069704055786133e-01 -7.044307589530944824e-01 -2.841363648683679966e+00
8.018297553062438965e-01 5.309123396873474121e-01 -2.742278277873992920e-01 -4.104450949778846724e-01
0.000000000000000000e+00 0.000000000000000000e+00 0.000000000000000000e+00 1.000000000000000000e+00
5.454966425895690918e-01 -5.662992000579833984e-01 6.178499460220336914e-01 2.526315526667144873e+00
1.785214096307754517e-01 -6.417645215988159180e-01 -7.458340525627136230e-01 -2.984275376700325833e+00
8.188793659210205078e-01 5.171493887901306152e-01 -2.489838451147079468e-01 -3.991189178708922647e-01
0.000000000000000000e+00 0.000000000000000000e+00 0.000000000000000000e+00 1.000000000000000000e+00
5.311250090599060059e-01 -5.981568694114685059e-01 6.000953912734985352e-01 2.394073265368758641e+00
1.682988405227661133e-01 -6.196599602699279785e-01 -7.666139602661132812e-01 -3.035989403922034313e+00
8.304104804992675781e-01 5.081632137298583984e-01 -2.284477800130844116e-01 -3.740630815098444084e-01
0.000000000000000000e+00 0.000000000000000000e+00 0.000000000000000000e+00 1.000000000000000000e+00
5.910885930061340332e-01 -6.051977872848510742e-01 5.332447290420532227e-01 2.040907468688117010e+00
1.616062074899673462e-01 -5.588362812995910645e-01 -8.133790493011474609e-01 -3.174663503483662108e+00
7.902516722679138184e-01 5.669547319412231445e-01 -2.325180023908615112e-01 -5.059165347428139503e-01
0.000000000000000000e+00 0.000000000000000000e+00 0.000000000000000000e+00 1.000000000000000000e+00
7.163404822349548340e-01 -5.309382081031799316e-01 4.527260363101959229e-01 1.650830575012004697e+00
1.592378020286560059e-01 -5.073171854019165039e-01 -8.469194173812866211e-01 -3.253469345359852216e+00
6.793375611305236816e-01 6.787737607955932617e-01 -2.788664102554321289e-01 -7.631155625341722315e-01
0.000000000000000000e+00 0.000000000000000000e+00 0.000000000000000000e+00 1.000000000000000000e+00
7.970303893089294434e-01 -4.960778355598449707e-01 3.444549441337585449e-01 1.153193453045747052e+00
8.289016038179397583e-02 -4.750950038433074951e-01 -8.760215044021606445e-01 -3.265347522282624038e+00
5.982238054275512695e-01 7.267676591873168945e-01 -3.375451862812042236e-01 -1.020893896238141085e+00
0.000000000000000000e+00 0.000000000000000000e+00 0.000000000000000000e+00 1.000000000000000000e+00
8.431593775749206543e-01 -4.624460637569427490e-01 2.742734253406524658e-01 9.371721184806258709e-01
4.807446897029876709e-02 -4.432344138622283936e-01 -8.951156735420227051e-01 -3.223515673188974695e+00
5.355101823806762695e-01 7.679106593132019043e-01 -3.514853715896606445e-01 -1.079832605777134136e+00
0.000000000000000000e+00 0.000000000000000000e+00 0.000000000000000000e+00 1.000000000000000000e+00
