1.000000000000000000e+00 0.000000000000000000e+00 0.000000000000000000e+00 -4.146692231928954531e-01
0.000000000000000000e+00 -1.000000000000000000e+00 0.000000000000000000e+00 -7.693198940031911737e-02
0.000000000000000000e+00 0.000000000000000000e+00 -1.000000000000000000e+00 -3.421550398492883005e+00
0.000000000000000000e+00 0.000000000000000000e+00 0.000000000000000000e+00 1.000000000000000000e+00
9.904376864433288574e-01 -1.376242637634277344e-01 -9.613914415240287781e-03 -4.861576895329165482e-01
-1.368710249662399292e-01 -9.889706373214721680e-01 5.660089105367660522e-02 2.661340531560396072e-01
-1.729753986001014709e-02 -5.474380403757095337e-02 -9.983507990837097168e-01 -3.434389434000968855e+00
0.000000000000000000e+00 0.000000000000000000e+00 0.000000000000000000e+00 1.000000000000000000e+00
9.712902307510375977e-01 -2.350626736879348755e-01 -3.661382570862770081e-02 -5.826086730771151689e-01
-2.306452989578247070e-01 -9.681734442710876465e-01 9.717347472906112671e-02 5.355156327696136698e-01
-5.829044431447982788e-02 -8.593881875276565552e-02 -9.945936203002929688e-01 -3.409031933850169338e+00
0.000000000000000000e+00 0.000000000000000000e+00 0.000000000000000000e+00 1.000000000000000000e+00
9.408240318298339844e-01 -3.376066982746124268e-01 -2.952919341623783112e-02 -5.451460464975155240e-01
-3.303459584712982178e-01 -9.330492615699768066e-01 1.424448192119598389e-01 8.006065393913596173e-01
-7.564256340265274048e-02 -1.242606267333030701e-01 -9.893621802330017090e-01 -3.375371992986083924e+00
0.000000000000000000e+00 0.000000000000000000e+00 0.000000000000000000e+00 1.000000000000000000e+00
8.969924449920654297e-01 -4.420180022716522217e-01 -4.936041776090860367e-03 -3.981176409814401462e-01
-4.353616833686828613e-01 -8.853089809417724609e-01 1.633650809526443481e-01 9.487743933664092300e-01
-7.658026367425918579e-02 -1.443882882595062256e-01 -9.865533709526062012e-01 -3.365080978807924783e+00
0.000000000000000000e+00 0.000000000000000000e+00 0.000000000000000000e+00 1.000000000000000000e+00
8.287616968154907227e-01 -5.595988631248474121e-01 1.666538650169968605e-03 -3.006068346448273476e-01
-5.498900413513183594e-01 -8.138232231140136719e-01 1.879151165485382080e-01 1.113852188139917043e+00
-1.038008704781532288e-01 -1.566532403230667114e-01 -9.821838140487670898e-01 -3.344138049703170523e+00
0.000000000000000000e+00 0.000000000000000000e+00 0.000000000000000000e+00 1.000000000000000000e+00
7.546076774597167969e-01 -6.552802920341491699e-01 3.426929935812950134e-02 -1.077266805941443500e-01
-6.503397822380065918e-01 -7.399256825447082520e-01 1.719532310962677002e-01 1.100679569346923570e+00
-8.732094615697860718e-02 -1.520439684391021729e-01 -9.845089912414550781e-01 -3.380971297434586020e+00
0.000000000000000000e+00 0.000000000000000000e+00 0.000000000000000000e+00 1.000000000000000000e+00
6.936187148094177246e-01 -7.166123986244201660e-01 7.320930063724517822e-02 7.627555094899612920e-02
-7.196904420852661133e-01 -6.850801706314086914e-01 1.127420961856842041e-01 8.845487098887913069e-01
-3.063817508518695831e-02 -1.308880895376205444e-01 -9.909235835075378418e-01 -3.464168054495063487e+00
0.000000000000000000e+00 0.000000000000000000e+00 0.000000000000000000e+00 1.000000000000000000e+00
5.864406228065490723e-01 -8.091198801994323730e-01 3.757375478744506836e-02 -1.005019211773687353e-02
-8.092142939567565918e-01 -5.832148194313049316e-01 7.093777507543563843e-02 7.325161673117660532e-01
-3.548362106084823608e-02 -7.200602442026138306e-02 -9.967728853225708008e-01 -3.549610531112422418e+00
0.000000000000000000e+00 0.000000000000000000e+00 0.000000000000000000e+00 1.000000000000000000e+00
5.032747983932495117e-01 -8.627842068672180176e-01 4.814545810222625732e-02 8.184274983754356858e-02
-8.637700676918029785e-01 -5.006857514381408691e-01 5.669961869716644287e-02 6.834216872046092739e-01
-2.481378056108951569e-02 -7.012209296226501465e-02 -9.972298741340637207e-01 -3.592156834244568664e+00
0.000000000000000000e+00 0.000000000000000000e+00 0.000000000000000000e+00 1.000000000000000000e+00
4.046976864337921143e-01 -9.128580093383789062e-01 5.394581705331802368e-02 1.613378613275735507e-01
-9.142885208129882812e-01 -4.050316214561462402e-01 5.079832859337329865e-03 4.660627914247062464e-01
1.721259206533432007e-02 -5.137782916426658630e-02 -9.985308647155761719e-01 -3.642861493550510144e+00
0.000000000000000000e+00 0.000000000000000000e+00 0.000000000000000000e+00 1.000000000000000000e+00
2.889983057975769043e-01 -9.558240771293640137e-01 5.367151647806167603e-02 2.213465406355503706e-01
-9.561417698860168457e-01 -2.909775972366333008e-01 -3.353854641318321228e-02 3.045821119905446905e-01
4.767413809895515442e-02 -4.162498936057090759e-02 -9.979950189590454102e-01 -3.672284728493853567e+00
0.000000000000000000e+00 0.000000000000000000e+00 0.000000000000000000e+00 1.000000000000000000e+00
1.732039451599121094e-01 -9.824902415275573730e-01 6.865111738443374634e-02 3.360622646717419948e-01
-9.827398657798767090e-01 -1.770051717758178711e-01 -5.377056449651718140e-02 2.105313597133387504e-01
6.498066335916519165e-02 -5.815292522311210632e-02 -9.961906671524047852e-01 -3.679770919949933550e+00
0.000000000000000000e+00 0.000000000000000000e+00 0.000000000000000000e+00 1.000000000000000000e+00
9.979631751775741577e-02 -9.914197921752929688e-01 8.442087471485137939e-02 4.275914297891700300e-01
-9.905292987823486328e-01 -1.070297583937644958e-01 -8.600097894668579102e-02 7.063216586576143152e-02
9.429865330457687378e-02 -7.503876090049743652e-02 -9.927119612693786621e-01 -3.671241666731900555e+00
0.000000000000000000e+00 0.000000000000000000e+00 0.000000000000000000e+00 1.000000000000000000e+00
1.524189859628677368e-02 -9.966360926628112793e-01 8.052203059196472168e-02 4.690643806595836685e-01
-9.974516034126281738e-01 -2.076912671327590942e-02 -6.825724989175796509e-02 1.602367424289446451e-01
6.970001757144927979e-02 -7.927649468183517456e-02 -9.944129586219787598e-01 -3.607876871142741582e+00
0.000000000000000000e+00 0.000000000000000000e+00 0.000000000000000000e+00 1.000000000000000000e+00
-8.772128075361251831e-02 -8.977982401847839355e-01 4.315820336341857910e-01 1.879792401281642045e+00
-9.904296994209289551e-01 3.226343914866447449e-02 -1.341941803693771362e-01 -8.651563908101388145e-02
1.065549328923225403e-01 -4.392234385013580322e-01 -8.920361995697021484e-01 -3.153839255921537799e+00
0.000000000000000000e+00 0.000000000000000000e+00 0.000000000000000000e+00 1.000000000000000000e+00
-1.659082621335983276e-01 -8.718784451484680176e-01 4.607624113559722900e-01 2.011195950147071976e+00
-9.773211479187011719e-01 8.302222937345504761e-02 -1.948082447052001953e-01 -3.413733522323491032e-01
1.315955817699432373e-01 -4.826333522796630859e-01 -8.658798933029174805e-01 -3.063558227436189441e+00
0.000000000000000000e+00 0.000000000000000000e+00 0.000000000000000000e+00 1.000000000000000000e+00
-1.345557123422622681e-01 -8.108233213424682617e-01 5.696141123771667480e-01 2.338000540051381915e+00
-9.908402562141418457e-01 1.167336255311965942e-01 -6.789308786392211914e-02 1.371803077055338549e-01
-1.144384313374757767e-02 -5.735318660736083984e-01 -8.191030621528625488e-01 -2.809398614973708685e+00
0.000000000000000000e+00 0.000000000000000000e+00 0.000000000000000000e+00 1.000000000000000000e+00
-9.022192656993865967e-02 -7.308437824249267578e-01 6.765552759170532227e-01 2.612904706851926218e+00
-9.944826960563659668e-01 2.960646711289882660e-02 -1.006369292736053467e-01 4.961744224428342454e-02
5.351945385336875916e-02 -6.819022297859191895e-01 -7.294828891754150391e-01 -2.592215128332640450e+00
0.000000000000000000e+00 0.000000000000000000e+00 0.000000000000000000e+00 1.000000000000000000e+00
-5.982708558440208435e-02 -5.581199526786804199e-01 8.276007771492004395e-01 3.121976066861017696e+00
-9.854871034622192383e-01 -9.891981631517410278e-02 -1.379504501819610596e-01 -8.410124953676395565e-02
1.588590145111083984e-01 -8.238430619239807129e-01 -5.441018939018249512e-01 -1.921849916210926601e+00
0.000000000000000000e+00 0.000000000000000000e+00 0.000000000000000000e+00 1.000000000000000000e+00
-1.224257424473762512e-01 -4.160958230495452881e-01 9.010416269302368164e-01 3.368659484163219808e+00
-9.853447675704956055e-01 -5.769192799925804138e-02 -1.605220437049865723e-01 -2.079167279416338499e-01
1.187752932310104370e-01 -9.074887633323669434e-01 -4.029350280761718750e-01 -1.353841688778112173e+00
0.000000000000000000e+00 0.000000000000000000e+00 0.000000000000000000e+00 1.000000000000000000e+00
-1.937869936227798462e-01 -3.164531588554382324e-01 9.286031126976013184e-01 3.487094907424777013e+00
-9.746028184890747070e-01 -4.618475586175918579e-02 -2.191255837678909302e-01 -4.291318671770590343e-01
1.122302561998367310e-01 -9.474828243255615234e-01 -2.994661629199981689e-01 -9.765432235293391994e-01
0.000000000000000000e+00 0.000000000000000000e+00 0.000000000000000000e+00 1.000000000000000000e+00
-2.737634479999542236e-01 -2.020955532789230347e-01 9.403248429298400879e-01 3.568968017041136864e+00
-9.594907760620117188e-01 -1.027435716241598129e-02 -2.815516591072082520e-01 -6.691834316143910888e-01
6.656154245138168335e-02 -9.793120026588439941e-01 -1.910962909460067749e-01 -5.523273162841348949e-01
0.000000000000000000e+00 0.000000000000000000e+00 0.000000000000000000e+00 1.000000000000000000e+00
-1.815031021833419800e-01 8.300440311431884766e-01 5.273364186286926270e-01 1.984096336927894777e+00
-9.514772891998291016e-01 -1.272679772228002548e-02 -3.074553012847900391e-01 -7.360267227052118555e-01
-2.484900504350662231e-01 -5.575528740882873535e-01 7.920777797698974609e-01 3.219591438076233381e+00
0.000000000000000000e+00 0.000000000000000000e+00 0.000000000000000000e+00 1.000000000000000000e+00
-1.769930273294448853e-01 8.530688285827636719e-01 4.908644258975982666e-01 1.835805252754597161e+00
-9.699858427047729492e-01 -6.669982522726058960e-02 -2.338345348834991455e-01 -4.740705596544910194e-01
-1.667362302541732788e-01 -5.175186991691589355e-01 8.392695784568786621e-01 3.338235404750209856e+00
0.000000000000000000e+00 0.000000000000000000e+00 0.000000000000000000e+00 1.000000000000000000e+00
-9.377231448888778687e-02 8.510530591011047363e-01 5.166379213333129883e-01 1.847293064830146214e+00
-9.907458424568176270e-01 -2.862286940217018127e-02 -1.326760202646255493e-01 -7.215956469869941325e-02
-9.812678396701812744e-02 -5.242983698844909668e-01 8.458612561225891113e-01 3.312761396048339524e+00
0.000000000000000000e+00 0.000000000000000000e+00 0.000000000000000000e+00 1.000000000000000000e+00
2.033161185681819916e-02 8.583246469497680664e-01 5.127034783363342285e-01 1.719872522792002423e+00
-9.995601177215576172e-01 2.852179482579231262e-02 -8.111045695841312408e-03 4.153683869394577677e-01
-2.158521860837936401e-02 -5.123132467269897461e-01 8.585272431373596191e-01 3.295328200869628965e+00
0.000000000000000000e+00 0.000000000000000000e+00 0.000000000000000000e+00 1.000000000000000000e+00
4.988998547196388245e-02 8.604927659034729004e-01 5.070135593414306641e-01 1.667636017329378717e+00
-9.934579133987426758e-01 -9.455896914005279541e-03 1.138043552637100220e-01 8.701752429751091755e-01
1.027221232652664185e-01 -5.093743801116943359e-01 8.543920516967773438e-01 3.182288019742272045e+00
0.000000000000000000e+00 0.000000000000000000e+00 0.000000000000000000e+00 1.000000000000000000e+00
2.601129934191703796e-02 8.698086738586425781e-01 4.927030801773071289e-01 1.659468354259491463e+00
-9.794208407402038574e-01 -7.650431245565414429e-02 1.867660135030746460e-01 1.042651416916574814e+00
2.001447379589080811e-01 -4.874216616153717041e-01 8.499190211296081543e-01 3.124286753900631819e+00
0.000000000000000000e+00 0.000000000000000000e+00 0.000000000000000000e+00 1.000000000000000000e+00
-4.138714075088500977e-02 8.698645234107971191e-01 4.915502369403839111e-01 1.743869147914318463e+00
-9.938296079635620117e-01 -8.651237189769744873e-02 6.941725313663482666e-02 6.057057009299133821e-01
1.029087826609611511e-01 -4.856445491313934326e-01 8.680779933929443359e-01 3.368840615497167512e+00
0.000000000000000000e+00 0.000000000000000000e+00 0.000000000000000000e+00 1.000000000000000000e+00
-4.502559080719947815e-02 8.605263233184814453e-01 5.074128508567810059e-01 1.782187362622103199e+00
-9.935870170593261719e-01 1.416117791086435318e-02 -1.121832355856895447e-01 -5.924743666349716747e-02
-1.037222594022750854e-01 -5.092092752456665039e-01 8.543694019317626953e-01 3.533943573360107671e+00
0.000000000000000000e+00 0.000000000000000000e+00 0.000000000000000000e+00 1.000000000000000000e+00
1.238380968570709229e-01 8.448260426521301270e-01 5.205117464065551758e-01 1.681040360600056571e+00
-9.875532984733581543e-01 1.561859548091888428e-01 -1.854628324508666992e-02 2.799381620838308216e-01
-9.696510434150695801e-02 -5.117365121841430664e-01 8.536527752876281738e-01 3.551346434951557551e+00
0.000000000000000000e+00 0.000000000000000000e+00 0.000000000000000000e+00 1.000000000000000000e+00
2.146381288766860962e-01 7.920256853103637695e-01 5.715113282203674316e-01 1.711275880752270329e+00
-9.506947398185729980e-01 3.035348951816558838e-01 -6.360661983489990234e-02 1.072794157096638029e-01
-2.238516658544540405e-01 -5.296807289123535156e-01 8.181249499320983887e-01 3.485118217664928686e+00
0.000000000000000000e+00 0.000000000000000000e+00 0.000000000000000000e+00 1.000000000000000000e+00
3.332224786281585693e-01 7.282045483589172363e-01 5.988989472389221191e-01 1.628028452813072624e+00
-9.125210046768188477e-01 4.088936746120452881e-01 1.054279226809740067e-02 3.569807987350583911e-01
-2.372088283300399780e-01 -5.500210523605346680e-01 8.007546663284301758e-01 3.360854264551135895e+00
0.000000000000000000e+00 0.000000000000000000e+00 0.000000000000000000e+00 1.000000000000000000e+00
3.571953475475311279e-01 7.266114950180053711e-01 5.868961811065673828e-01 1.553351125024754031e+00
-9.224425554275512695e-01 3.730937242507934570e-01 9.950298070907592773e-02 6.973940096617571305e-01
-1.466672718524932861e-01 -5.769202709197998047e-01 8.035245537757873535e-01 3.270251975800704258e+00
0.000000000000000000e+00 0.000000000000000000e+00 0.000000000000000000e+00 1.000000000000000000e+00
3.707678318023681641e-01 7.107321619987487793e-01 5.978212356567382812e-01 1.587034850178850709e+00
-9.260867238044738770e-01 3.314268589019775391e-01 1.803332567214965820e-01 9.931322665877635458e-01
-6.996542960405349731e-02 -6.204960346221923828e-01 7.810820341110229492e-01 3.117223853866785355e+00
0.000000000000000000e+00 0.000000000000000000e+00 0.000000000000000000e+00 1.000000000000000000e+00
5.343174338340759277e-01 6.025410294532775879e-01 5.928319692611694336e-01 1.509085976064458823e+00
-8.418465852737426758e-01 4.425112605094909668e-01 3.089950978755950928e-01 1.398644587337773970e+00
-7.615240663290023804e-02 -6.641747355461120605e-01 7.436884045600891113e-01 2.970665058815991078e+00
0.000000000000000000e+00 0.000000000000000000e+00 0.000000000000000000e+00 1.000000000000000000e+00
6.816074848175048828e-01 4.256870150566101074e-01 5.951484441757202148e-01 1.462958758486162969e+00
-7.134648561477661133e-01 5.671799182891845703e-01 4.114294946193695068e-01 1.739758702332618867e+00
-1.624162495136260986e-01 -7.050510048866271973e-01 6.903068423271179199e-01 2.934206155127365268e+00
0.000000000000000000e+00 0.000000000000000000e+00 0.000000000000000000e+00 1.000000000000000000e+00
7.037022113800048828e-01 3.364259600639343262e-01 6.257961392402648926e-01 1.532656724515627289e+00
-6.520487070083618164e-01 6.556348204612731934e-01 3.807559907436370850e-01 1.612384522425004851e+00
-2.821975946426391602e-01 -6.759884953498840332e-01 6.807378530502319336e-01 3.035553772465161337e+00
0.000000000000000000e+00 0.000000000000000000e+00 0.000000000000000000e+00 1.000000000000000000e+00
7.506041526794433594e-01 2.589512169361114502e-01 6.078960895538330078e-01 1.521928803270952368e+00
-5.773215889930725098e-01 7.045163512229919434e-01 4.127425849437713623e-01 1.643693782626287847e+00
-3.213925957679748535e-01 -6.607578396797180176e-01 6.783110499382019043e-01 3.014310609786494233e+00
0.000000000000000000e+00 0.000000000000000000e+00 0.000000000000000000e+00 1.000000000000000000e+00
7.396151423454284668e-01 2.474805265665054321e-01 6.258776187896728516e-01 1.669050320835424150e+00
-5.502044558525085449e-01 7.579068541526794434e-01 3.505036830902099609e-01 1.331853389012576105e+00
-3.876137435436248779e-01 -6.035985350608825684e-01 6.967241168022155762e-01 3.131199709497449302e+00
0.000000000000000000e+00 0.000000000000000000e+00 0.000000000000000000e+00 1.000000000000000000e+00
7.257392406463623047e-01 3.416399955749511719e-01 5.971474051475524902e-01 1.664129558051960389e+00
-5.941597819328308105e-01 7.488090395927429199e-01 2.936996519565582275e-01 1.080854674222637257e+00
-3.468097746372222900e-01 -5.679498314857482910e-01 7.464288473129272461e-01 3.282251667161283581e+00
0.000000000000000000e+00 0.000000000000000000e+00 0.000000000000000000e+00 1.000000000000000000e+00
8.112918734550476074e-01 1.849998831748962402e-01 5.545994639396667480e-01 1.548486375967766282e+00
-5.321404337882995605e-01 6.265536546707153320e-01 5.694358944892883301e-01 2.084404612044242544e+00
-2.421407103538513184e-01 -7.571035027503967285e-01 6.067637801170349121e-01 2.826841801816373678e+00
0.000000000000000000e+00 0.000000000000000000e+00 0.000000000000000000e+00 1.000000000000000000e+00
8.484528660774230957e-01 1.109988093376159668e-01 5.175006985664367676e-01 1.396695554164227415e+00
-4.809984862804412842e-01 5.696739554405212402e-01 6.664171218872070312e-01 2.452418759042081842e+00
-2.208352386951446533e-01 -8.143405914306640625e-01 5.367316603660583496e-01 2.549735692340563187e+00
0.000000000000000000e+00 0.000000000000000000e+00 0.000000000000000000e+00 1.000000000000000000e+00
8.817282915115356445e-01 5.193834751844406128e-02 4.688898324966430664e-01 1.199934758371393517e+00
-4.289337396621704102e-01 5.020370483398437500e-01 7.509824037551879883e-01 2.777967779723683694e+00
-1.963952928781509399e-01 -8.632850646972656250e-01 4.649383425712585449e-01 2.262563657692064023e+00
0.000000000000000000e+00 0.000000000000000000e+00 0.000000000000000000e+00 1.000000000000000000e+00
9.059188961982727051e-01 -4.837454110383987427e-02 4.206789731979370117e-01 1.015571609922012231e+00
-3.669526576995849609e-01 4.060948789119720459e-01 8.369183540344238281e-01 3.107816758749464725e+00
-2.113211750984191895e-01 -9.125494956970214844e-01 3.501377999782562256e-01 1.828010546488098242e+00
0.000000000000000000e+00 0.000000000000000000e+00 0.000000000000000000e+00 1.000000000000000000e+00
9.477198719978332520e-01 2.752269208431243896e-01 1.614841371774673462e-01 -2.611325653825757181e-02
-2.431175410747528076e-01 2.949818074703216553e-01 9.240560531616210938e-01 3.365699819048236119e+00
2.066902369260787964e-01 -9.150059223175048828e-01 3.464726209640502930e-01 1.516384642359308588e+00
0.000000000000000000e+00 0.000000000000000000e+00 0.000000000000000000e+00 1.000000000000000000e+00
9.788004159927368164e-01 1.200508922338485718e-01 1.659442335367202759e-01 6.227922508882631231e-04
-1.891926527023315430e-01 2.195818126201629639e-01 9.570735692977905273e-01 3.460000047845670945e+00
7.845918834209442139e-02 -9.681794643402099609e-01 2.376395612955093384e-01 1.168211332854060647e+00
0.000000000000000000e+00 0.000000000000000000e+00 0.000000000000000000e+00 1.000000000000000000e+00
9.761460423469543457e-01 1.772555261850357056e-01 1.253769993782043457e-01 -1.537867247881505861e-01
-1.460199356079101562e-01 1.086200699210166931e-01 9.833004474639892578e-01 3.529931720376987325e+00
1.606769710779190063e-01 -9.781523346900939941e-01 1.319118887186050415e-01 6.935385624113493686e-01
0.000000000000000000e+00 0.000000000000000000e+00 0.000000000000000000e+00 1.000000000000000000e+00
9.717124700546264648e-01 1.971676498651504517e-01 1.299998164176940918e-01 -1.506089475945729950e-01
-1.421919316053390503e-01 4.893342405557632446e-02 9.886289238929748535e-01 3.534056054144921521e+00
1.885642856359481812e-01 -9.791478514671325684e-01 7.558488845825195312e-02 4.477150850730046150e-01
0.000000000000000000e+00 0.000000000000000000e+00 0.000000000000000000e+00 1.000000000000000000e+00
9.949495196342468262e-01 -1.295236125588417053e-02 9.953746944665908813e-02 -2.491902408753713660e-01
-9.995654225349426270e-02 -3.721670061349868774e-02 9.942955970764160156e-01 3.515739393237233390e+00
-9.174014441668987274e-03 -9.992232918739318848e-01 -3.832340240478515625e-02 1.022507286425979045e-01
0.000000000000000000e+00 0.000000000000000000e+00 0.000000000000000000e+00 1.000000000000000000e+00
9.223904013633728027e-01 3.731594979763031006e-01 9.973897039890289307e-02 -2.365074621204135141e-01
-5.667382851243019104e-02 -1.246754005551338196e-01 9.905776977539062500e-01 3.449069270736188297e+00
3.820784986019134521e-01 -9.193519949913024902e-01 -9.385101497173309326e-02 -3.976614391630115541e-01
0.000000000000000000e+00 0.000000000000000000e+00 0.000000000000000000e+00 1.000000000000000000e+00
9.751726388931274414e-01 1.202626973390579224e-01 1.859439164400100708e-01 3.787224885244614217e-03
-1.649567484855651855e-01 -1.657075434923171997e-01 9.722809791564941406e-01 3.476635952259214069e+00
1.477414369583129883e-01 -9.788144826889038086e-01 -1.417552977800369263e-01 -3.134577061066763370e-01
0.000000000000000000e+00 0.000000000000000000e+00 0.000000000000000000e+00 1.000000000000000000e+00
9.568510651588439941e-01 -1.831679046154022217e-01 2.255783826112747192e-01 2.066127546544387628e-01
-2.578084468841552734e-01 -1.769933700561523438e-01 9.498462677001953125e-01 3.505626244184377072e+00
-1.340555250644683838e-01 -9.670174121856689453e-01 -2.165785580873489380e-01 -3.580086543344463412e-01
0.000000000000000000e+00 0.000000000000000000e+00 0.000000000000000000e+00 1.000000000000000000e+00
4.739581346511840820e-01 -8.798359036445617676e-01 -3.538949415087699890e-02 -1.681368059710288410e-01
-3.767563402652740479e-01 -2.389524281024932861e-01 8.949616551399230957e-01 3.491735874117812610e+00
-7.958758473396301270e-01 -4.108411967754364014e-01 -4.447371661663055420e-01 -8.327810645790625355e-01
0.000000000000000000e+00 0.000000000000000000e+00 0.000000000000000000e+00 1.000000000000000000e+00
9.204887747764587402e-01 -2.221591472625732422e-01 3.214742243289947510e-01 6.050102118674253182e-01
-3.828713893890380859e-01 -3.481790423393249512e-01 8.556753993034362793e-01 3.409998920944272260e+00
-7.816563546657562256e-02 -9.107229709625244141e-01 -4.055533111095428467e-01 -1.020762355058959736e+00
0.000000000000000000e+00 0.000000000000000000e+00 0.000000000000000000e+00 1.000000000000000000e+00
8.824166059494018555e-01 -1.679210960865020752e-01 4.394809305667877197e-01 1.052735597164529135e+00
-4.674646854400634766e-01 -4.183395802974700928e-01 7.787609100341796875e-01 3.253957088175998713e+00
5.308179184794425964e-02 -8.926332592964172363e-01 -4.476469159126281738e-01 -1.308633785713738673e+00
0.000000000000000000e+00 0.000000000000000000e+00 0.000000000000000000e+00 1.000000000000000000e+00
8.711020946502685547e-01 -1.541139185428619385e-01 4.662940204143524170e-01 1.158839555454839854e+00
-4.751001894474029541e-01 -5.048559904098510742e-01 7.206939458847045898e-01 3.053000174870377226e+00
1.243422478437423706e-01 -8.493345975875854492e-01 -5.130008459091186523e-01 -1.626995038838933816e+00
0.000000000000000000e+00 0.000000000000000000e+00 0.000000000000000000e+00 1.000000000000000000e+00
8.611797690391540527e-01 -1.340748220682144165e-01 4.902990758419036865e-01 1.250102720002728374e+00
-4.693990349769592285e-01 -5.798580646514892578e-01 6.659049391746520996e-01 2.876092625764922861e+00
1.950227171182632446e-01 -8.036096692085266113e-01 -5.622965097427368164e-01 -1.838104914030691539e+00
0.000000000000000000e+00 0.000000000000000000e+00 0.000000000000000000e+00 1.000000000000000000e+00
8.418279886245727539e-01 -9.619627147912979126e-02 5.311045050621032715e-01 1.372655152160295877e+00
-4.443997442722320557e-01 -6.819788813591003418e-01 5.808730721473693848e-01 2.581286523422446244e+00
3.063242137432098389e-01 -7.250179052352905273e-01 -6.168584227561950684e-01 -2.108789265203400376e+00
0.000000000000000000e+00 0.000000000000000000e+00 0.000000000000000000e+00 1.000000000000000000e+00
8.252054452896118164e-01 -1.133441179990768433e-01 5.533433556556701660e-01 1.474574454208005703e+00
-4.444479644298553467e-01 -7.348696589469909668e-01 5.122813582420349121e-01 2.349041893656494295e+00
3.485710918903350830e-01 -6.686698198318481445e-01 -6.567942500114440918e-01 -2.302351677214435455e+00
0.000000000000000000e+00 0.000000000000000000e+00 0.000000000000000000e+00 1.000000000000000000e+00
7.981847524642944336e-01 -1.546625643968582153e-01 5.822200775146484375e-01 1.621484153711433285e+00
-4.523395597934722900e-01 -7.921752333641052246e-01 4.096913337707519531e-01 1.999132072455516163e+00
3.978563249111175537e-01 -5.903707742691040039e-01 -7.022624611854553223e-01 -2.528431867119221632e+00
0.000000000000000000e+00 0.000000000000000000e+00 0.000000000000000000e+00 1.000000000000000000e+00
7.673556208610534668e-01 -2.087058275938034058e-01 6.063061356544494629e-01 1.754816298266925312e+00
-4.579512774944305420e-01 -8.402175903320312500e-01 2.903700768947601318e-01 1.581362569553063313e+00
4.488270580768585205e-01 -5.004758238792419434e-01 -7.403228282928466797e-01 -2.736197636665378408e+00
0.000000000000000000e+00 0.000000000000000000e+00 0.000000000000000000e+00 1.000000000000000000e+00
7.406799793243408203e-01 -2.723542451858520508e-01 6.141791939735412598e-01 1.831098720931164436e+00
-4.592247307300567627e-01 -8.724993467330932617e-01 1.669049263000488281e-01 1.145739251473544495e+00
4.904137253761291504e-01 -4.056695401668548584e-01 -7.713147401809692383e-01 -2.909997544225925825e+00
0.000000000000000000e+00 0.000000000000000000e+00 0.000000000000000000e+00 1.000000000000000000e+00
7.210918664932250977e-01 -3.544670343399047852e-01 5.952978134155273438e-01 1.797665937271681447e+00
-4.421657323837280273e-01 -8.969318866729736328e-01 1.527115353383123875e-03 5.517262206492737908e-01
5.334005355834960938e-01 -2.643215358257293701e-01 -8.035036325454711914e-01 -3.088133948315306743e+00
0.000000000000000000e+00 0.000000000000000000e+00 0.000000000000000000e+00 1.000000000000000000e+00
7.104482054710388184e-01 -3.973372876644134521e-01 5.808495879173278809e-01 1.736809350179169265e+00
-3.730112016201019287e-01 -9.124960899353027344e-01 -1.679675132036209106e-01 -1.340560802853400513e-01
5.967628955841064453e-01 -9.733128547668457031e-02 -7.964925765991210938e-01 -3.081499510201522352e+00
0.000000000000000000e+00 0.000000000000000000e+00 0.000000000000000000e+00 1.000000000000000000e+00
7.052556872367858887e-01 -4.201352298259735107e-01 5.710524320602416992e-01 1.687528645975219677e+00
-2.981160581111907959e-01 -9.065576791763305664e-01 -2.987969219684600830e-01 -6.727785649295696668e-01
6.432271003723144531e-01 4.048827290534973145e-02 -7.646042108535766602e-01 -2.994158426781506677e+00
0.000000000000000000e+00 0.000000000000000000e+00 0.000000000000000000e+00 1.000000000000000000e+00
7.001568078994750977e-01 -4.501340687274932861e-01 5.542198419570922852e-01 1.622100994102383398e+00
-2.425757050514221191e-01 -8.800266385078430176e-01 -4.083017408847808838e-01 -1.110566037962724684e+00
6.715185642242431641e-01 1.514349579811096191e-01 -7.253481745719909668e-01 -2.868865027550042246e+00
0.000000000000000000e+00 0.000000000000000000e+00 0.000000000000000000e+00 1.000000000000000000e+00
6.893552541732788086e-01 -4.791465401649475098e-01 5.433304309844970703e-01 1.586995037345570569e+00
-1.655615270137786865e-01 -8.343719840049743652e-01 -5.257496833801269531e-01 -1.614248791309829567e+00
7.052508592605590820e-01 2.724736332893371582e-01 -6.545071005821228027e-01 -2.634796935549875929e+00
0.000000000000000000e+00 0.000000000000000000e+00 0.000000000000000000e+00 1.000000000000000000e+00
6.737927794456481934e-01 -5.100632309913635254e-01 5.346384048461914062e-01 1.563740551011584046e+00
-9.843429923057556152e-02 -7.790502905845642090e-01 -6.191860437393188477e-01 -2.023427339720161644e+00
7.323342561721801758e-01 3.645762503147125244e-01 -5.751261711120605469e-01 -2.368033372880582910e+00
0.000000000000000000e+00 0.000000000000000000e+00 0.000000000000000000e+00 1.000000000000000000e+00
6.861726641654968262e-01 -5.206048488616943359e-01 5.080721974372863770e-01 1.457826177641654786e+00
-3.323562070727348328e-02 -7.201473116874694824e-01 -6.930246353149414062e-01 -2.362436372699062481e+00
7.266787886619567871e-01 4.586484730243682861e-01 -5.114480257034301758e-01 -2.145221971703027641e+00
0.000000000000000000e+00 0.000000000000000000e+00 0.000000000000000000e+00 1.000000000000000000e+00
7.048940658569335938e-01 -5.208989381790161133e-01 4.814443290233612061e-01 1.346921239767575607e+00
1.715063303709030151e-02 -6.660329699516296387e-01 -7.457252144813537598e-01 -2.612970949133921916e+00
7.091052532196044922e-01 5.339142680168151855e-01 -4.605488777160644531e-01 -1.970135127232946148e+00
0.000000000000000000e+00 0.000000000000000000e+00 0.000000000000000000e+00 1.000000000000000000e+00
7.415964007377624512e-01 -5.083155632019042969e-01 4.377789199352264404e-01 1.162127475024036904e+00
5.991194769740104675e-02 -5.997850298881530762e-01 -7.979152202606201172e-01 -2.858714197580960015e+00
6.681655645370483398e-01 6.179591417312622070e-01 -4.143440723419189453e-01 -1.811093026924672778e+00
0.000000000000000000e+00 0.000000000000000000e+00 0.000000000000000000e+00 1.000000000000000000e+00
7.914338111877441406e-01 -4.803406298160552979e-01 3.780286014080047607e-01 9.027262703878291550e-01
1.049429550766944885e-01 -5.024880170822143555e-01 -8.581910729408264160e-01 -3.165471733304281443e+00
6.021790504455566406e-01 7.188732624053955078e-01 -3.472777605056762695e-01 -1.560408333702856476e+00
0.000000000000000000e+00 0.000000000000000000e+00 0.000000000000000000e+00 1.000000000000000000e+00
8.470228314399719238e-01 -4.368093013763427734e-01 3.029031455516815186e-01 5.958411526305867900e-01
1.259895861148834229e-01 -3.886270821094512939e-01 -9.127405285835266113e-01 -3.424931106041060769e+00
5.164098143577575684e-01 8.112747073173522949e-01 -2.741427123546600342e-01 -1.256248025213796415e+00
0.000000000000000000e+00 0.000000000000000000e+00 0.000000000000000000e+00 1.000000000000000000e+00
8.690302371978759766e-01 -4.059748351573944092e-01 2.827907502651214600e-01 4.980155491511770172e-01
1.641007214784622192e-01 -3.027033805847167969e-01 -9.388512372970581055e-01 -3.570843933563137007e+00
4.667517542839050293e-01 8.622961044311523438e-01 -1.964375376701354980e-01 -9.618137678401589286e-01
0.000000000000000000e+00 0.000000000000000000e+00 0.000000000000000000e+00 1.000000000000000000e+00
9.036844968795776367e-01 -3.397902548313140869e-01 2.605705261230468750e-01 3.875472167312399852e-01
1.980140507221221924e-01 -2.079385221004486084e-01 -9.578892588615417480e-01 -3.689221791948869456e+00
3.796640932559967041e-01 9.172261953353881836e-01 -1.206276118755340576e-01 -6.418553048482321666e-01
0.000000000000000000e+00 0.000000000000000000e+00 0.000000000000000000e+00 1.000000000000000000e+00
9.666511416435241699e-01 -1.250281631946563721e-01 2.235030829906463623e-01 1.866117394478661595e-01
2.105675786733627319e-01 -1.087075620889663696e-01 -9.715164303779602051e-01 -3.775289554103632206e+00
1.457633823156356812e-01 9.861796498298645020e-01 -7.875540852546691895e-02 -3.330568012820402379e-01
0.000000000000000000e+00 0.000000000000000000e+00 0.000000000000000000e+00 1.000000000000000000e+00
9.807781577110290527e-01 -4.423391073942184448e-02 1.900470852851867676e-01 9.211657336757644171e-03
1.889838278293609619e-01 -2.712996490299701691e-02 -9.816054105758666992e-01 -3.844421178270938988e+00
4.857625067234039307e-02 9.986528158187866211e-01 -1.824899576604366302e-02 -1.533837568531907364e-02
0.000000000000000000e+00 0.000000000000000000e+00 0.000000000000000000e+00 1.000000000000000000e+00
9.826356768608093262e-01 4.588902369141578674e-02 1.797807812690734863e-01 -2.257012712077050010e-02
1.762761324644088745e-01 7.153028994798660278e-02 -9.817382693290710449e-01 -3.888995695351310733e+00
-5.791076645255088806e-02 9.963823556900024414e-01 6.219908595085144043e-02 4.317293276739241348e-01
0.000000000000000000e+00 0.000000000000000000e+00 0.000000000000000000e+00 1.000000000000000000e+00
9.814962744712829590e-01 -5.728215724229812622e-02 1.827131509780883789e-01 1.767856388900688070e-03
1.881477236747741699e-01 1.112128570675849915e-01 -9.758238196372985840e-01 -3.898418410594123085e+00
3.557723388075828552e-02 9.921442866325378418e-01 1.199324354529380798e-01 6.444820854632327123e-01
0.000000000000000000e+00 0.000000000000000000e+00 0.000000000000000000e+00 1.000000000000000000e+00
9.661955833435058594e-01 2.085510045289993286e-01 1.515674442052841187e-01 -7.053778340115107737e-02
1.395502090454101562e-01 7.126510888338088989e-02 -9.876472949981689453e-01 -3.911058554285736122e+00
-2.167763262987136841e-01 9.754115343093872070e-01 3.975269198417663574e-02 4.793119111285208955e-01
0.000000000000000000e+00 0.000000000000000000e+00 0.000000000000000000e+00 1.000000000000000000e+00
9.705203771591186523e-01 -2.302076816558837891e-01 7.137872278690338135e-02 -3.720613480491074543e-01
5.889929085969924927e-02 -6.064192578196525574e-02 -9.964201450347900391e-01 -3.867382325028116963e+00
2.337121218442916870e-01 9.712505340576171875e-01 -4.529516771435737610e-02 -1.626164139137455666e-01
0.000000000000000000e+00 0.000000000000000000e+00 0.000000000000000000e+00 1.000000000000000000e+00
8.525014519691467285e-01 -5.181306600570678711e-01 6.914900243282318115e-02 -2.878953811706618238e-01
-3.872320055961608887e-02 -1.945201158523559570e-01 -9.801338911056518555e-01 -3.714663054164491829e+00
5.212884545326232910e-01 8.328877091407775879e-01 -1.858924478292465210e-01 -8.879086539025393687e-01
0.000000000000000000e+00 0.000000000000000000e+00 0.000000000000000000e+00 1.000000000000000000e+00
7.615463733673095703e-01 -6.427293419837951660e-01 8.334225416183471680e-02 -1.334060657785141879e-01
-1.615759432315826416e-01 -3.128120899200439453e-01 -9.359707832336425781e-01 -3.427396744105585036e+00
6.276466250419616699e-01 6.993192434310913086e-01 -3.420705497264862061e-01 -1.540430391842844138e+00
0.000000000000000000e+00 0.000000000000000000e+00 0.000000000000000000e+00 1.000000000000000000e+00
9.476728439331054688e-01 -2.016202360391616821e-01 -2.475188374519348145e-01 -1.414882423328305938e+00
-3.100086450576782227e-01 -3.960625231266021729e-01 -8.643087148666381836e-01 -3.022478858255934320e+00
7.622921466827392578e-02 8.958145976066589355e-01 -4.378415346145629883e-01 -1.593012458910344931e+00
0.000000000000000000e+00 0.000000000000000000e+00 0.000000000000000000e+00 1.000000000000000000e+00
8.894252777099609375e-01 -3.688432276248931885e-01 -2.699582278728485107e-01 -1.403193134187369573e+00
-4.354486465454101562e-01 -5.042135715484619141e-01 -7.457569837570190430e-01 -2.464470287448639052e+00
1.389508843421936035e-01 7.808478474617004395e-01 -6.090723872184753418e-01 -2.241485438525976370e+00
0.000000000000000000e+00 0.000000000000000000e+00 0.000000000000000000e+00 1.000000000000000000e+00
8.103509545326232910e-01 -5.012507438659667969e-01 -3.034451007843017578e-01 -1.406519315440498019e+00
-5.748515129089355469e-01 -5.798031091690063477e-01 -5.773853063583374023e-01 -1.745268689236378679e+00
1.134765073657035828e-01 6.423206329345703125e-01 -7.579889297485351562e-01 -2.727649597305235041e+00
0.000000000000000000e+00 0.000000000000000000e+00 0.000000000000000000e+00 1.000000000000000000e+00
7.394967079162597656e-01 -5.859139561653137207e-01 -3.314350247383117676e-01 -1.392468918466138517e+00
-6.717920303344726562e-01 -6.109724640846252441e-01 -4.188173711299896240e-01 -1.103397918298066438e+00
4.289346933364868164e-02 5.323696136474609375e-01 -8.454244732856750488e-01 -2.974275794431467723e+00
0.000000000000000000e+00 0.000000000000000000e+00 0.000000000000000000e+00 1.000000000000000000e+00
6.622043251991271973e-01 -7.039067149162292480e-01 -2.569057345390319824e-01 -9.900370941474351261e-01
-7.484676241874694824e-01 -6.049791574478149414e-01 -2.716539502143859863e-01 -5.322579634179603891e-01
3.579661995172500610e-02 3.721761703491210938e-01 -9.274715781211853027e-01 -3.211900844237844943e+00
0.000000000000000000e+00 0.000000000000000000e+00 0.000000000000000000e+00 1.000000000000000000e+00
6.877519488334655762e-01 -6.910464763641357422e-01 -2.223775535821914673e-01 -8.752274824881728366e-01
-7.258567214012145996e-01 -6.594036817550659180e-01 -1.957512199878692627e-01 -2.208098597832512666e-01
-1.136327441781759262e-02 2.960425615310668945e-01 -9.551071524620056152e-01 -3.250963265933090707e+00
0.000000000000000000e+00 0.000000000000000000e+00 0.000000000000000000e+00 1.000000000000000000e+00
6.864611506462097168e-01 -6.931909322738647461e-01 -2.196755409240722656e-01 -8.658668132193033662e-01
-7.169886231422424316e-01 -6.955957412719726562e-01 -4.554095491766929626e-02 3.123155394177947186e-01
-1.212367936968803406e-01 1.887669563293457031e-01 -9.745094180107116699e-01 -3.198483057672813157e+00
0.000000000000000000e+00 0.000000000000000000e+00 0.000000000000000000e+00 1.000000000000000000e+00
6.711816787719726562e-01 -7.135117650032043457e-01 -2.010364234447479248e-01 -7.813313280960415552e-01
-7.242664694786071777e-01 -6.889807581901550293e-01 2.726592309772968292e-02 5.430087182227982812e-01
-1.579647660255432129e-01 1.273035854101181030e-01 -9.792042374610900879e-01 -3.157506517681425429e+00
0.000000000000000000e+00 0.000000000000000000e+00 0.000000000000000000e+00 1.000000000000000000e+00
6.559956073760986328e-01 -7.329082489013671875e-01 -1.803202629089355469e-01 -6.924789943356945976e-01
-7.318230867385864258e-01 -6.760930418968200684e-01 8.563358336687088013e-02 7.154633484233114959e-01
-1.846748143434524536e-01 7.578728348016738892e-02 -9.798732995986938477e-01 -3.113358394321983802e+00
0.000000000000000000e+00 0.000000000000000000e+00 0.000000000000000000e+00 1.000000000000000000e+00
5.744504332542419434e-01 -7.942426204681396484e-01 -1.979525983333587646e-01 -6.632659832165652691e-01
-7.602491378784179688e-01 -6.073328852653503418e-01 2.305819690227508545e-01 1.195158266494408705e+00
-3.033611774444580078e-01 1.803542487323284149e-02 -9.527050256729125977e-01 -2.944796028711865521e+00
0.000000000000000000e+00 0.000000000000000000e+00 0.000000000000000000e+00 1.000000000000000000e+00
5.715358257293701172e-01 -7.962285280227661133e-01 -1.984097361564636230e-01 -6.540354812305304577e-01
-6.771178841590881348e-01 -5.942060947418212891e-01 4.340855479240417480e-01 1.850992483868596050e+00
-4.635277092456817627e-01 -1.137485727667808533e-01 -8.787508606910705566e-01 -2.567635788105042671e+00
0.000000000000000000e+00 0.000000000000000000e+00 0.000000000000000000e+00 1.000000000000000000e+00
5.877107381820678711e-01 -7.840334177017211914e-01 -1.997182518243789673e-01 -6.846812803854424034e-01
-6.125682592391967773e-01 -5.924595594406127930e-01 5.232129693031311035e-01 2.122836922404111260e+00
-5.285415053367614746e-01 -1.851567924022674561e-01 -8.284688591957092285e-01 -2.335639514584790355e+00
0.000000000000000000e+00 0.000000000000000000e+00 0.000000000000000000e+00 1.000000000000000000e+00
6.487137675285339355e-01 -7.346271276473999023e-01 -1.987295299768447876e-01 -7.377696253653255321e-01
-4.978213608264923096e-01 -6.071386933326721191e-01 6.193192601203918457e-01 2.394408186304350039e+00
-5.756251811981201172e-01 -3.028291463851928711e-01 -7.595724463462829590e-01 -2.018307276702447250e+00
0.000000000000000000e+00 0.000000000000000000e+00 0.000000000000000000e+00 1.000000000000000000e+00
7.292145490646362305e-01 -6.635742187500000000e-01 -1.670789271593093872e-01 -7.017298767006703297e-01
