0.9850569367408752 0.1673137098550797 0.04085012897849083 -0.05424753203988075 
-0.1653404086828232 0.985082745552063 -0.04768944531679153 0.02448070235550404 
-0.04821990802884102 0.04022258520126343 0.9980265498161316 -0.2922426164150238 
0 0 0 1 

0.9656159281730652 0.2566120326519012 0.04166510701179504 -0.0522310882806778 
-0.252825528383255 0.9642520546913147 -0.07935386151075363 0.03903087228536606 
-0.06053886935114861 0.06609130650758743 0.9959753751754761 -0.2917625904083252 
0 0 0 1 

0.93788081407547 0.3424701690673828 0.05562053248286247 -0.05374476686120033 
-0.334166944026947 0.9347495436668396 -0.1207297593355179 0.05628346651792526 
-0.09333764016628265 0.09464356303215027 0.9911259412765503 -0.2891871631145477 
0 0 0 1 

0.8917314410209656 0.4508740901947021 0.03908301144838333 -0.04539602622389793 
-0.4420958161354065 0.8863164782524109 -0.1378197222948074 0.06610136479139328 
-0.09677930176258087 0.1056197211146355 0.9896859526634216 -0.289750874042511 
0 0 0 1 

0.8711382150650024 0.4908111691474915 -0.01491279993206263 -0.03272446990013123 
-0.4570189714431763 0.7993053197860718 -0.3901849687099457 0.1355204582214355 
-0.1795874238014221 0.346720427274704 0.9206156134605408 -0.2368094325065613 
0 0 0 1 

0.8764286637306213 0.4813514947891235 -0.01317108515650034 -0.0314205028116703 
-0.4685333967208862 0.8461393713951111 -0.2540169656276703 0.09780697524547577 
-0.1111268848180771 0.2287988513708115 0.9671100974082947 -0.2526434063911438 
0 0 0 1 

-0.2307341694831848 0.9237645268440247 0.3056480884552002 -0.06938234716653824 
-0.7170343995094299 0.0509163923561573 -0.6951755285263062 0.2641549706459045 
-0.6577410101890564 -0.3795610368251801 0.6506229043006897 -0.1839358508586884 
0 0 0 1 

-0.216511532664299 0.8801347613334656 0.4224754869937897 -0.1095346733927727 
-0.8132722973823547 0.07680384814739227 -0.576792299747467 0.2295385450124741 
-0.5401027202606201 -0.4684698283672333 0.6991602778434753 -0.2094555497169495 
0 0 0 1 

-0.1814715415239334 0.8445264101028442 0.5038284063339233 -0.1409385949373245 
-0.8680163621902466 0.1032318398356438 -0.4856857061386108 0.2012380361557007 
-0.4621855020523071 -0.5254695415496826 0.7143293023109436 -0.2200645953416824 
0 0 0 1 

-0.1600009948015213 0.8185839653015137 0.5516521334648132 -0.1604728102684021 
-0.8994894027709961 0.1092862486839294 -0.4230548441410065 0.1804142892360687 
-0.4065938889980316 -0.5638943910598755 0.71882164478302 -0.224283903837204 
0 0 0 1 

