0.9850569367408752 0.1673138737678528 0.04085016995668411 -0.05424748733639717 
-0.1653405725955963 0.985082745552063 -0.04768948256969452 0.02448062598705292 
-0.0482199490070343 0.04022262990474701 0.9980265498161316 -0.2922426164150238 
0 0 0 1 

0.9656159281730652 0.2566120326519012 0.04166510701179504 -0.05223096162080765 
-0.252825528383255 0.9642520546913147 -0.07935386151075363 0.03903082385659218 
-0.06053886935114861 0.06609130650758743 0.9959753751754761 -0.2917626202106476 
0 0 0 1 

0.93788081407547 0.3424701690673828 0.05562053620815277 -0.05374462530016899 
-0.334166944026947 0.9347495436668396 -0.1207297667860985 0.05628341808915138 
-0.09333764761686325 0.09464357048273087 0.9911259412765503 -0.289187103509903 
0 0 0 1 

0.891731321811676 0.4508742392063141 0.03908300772309303 -0.04539605230093002 
-0.4420959651470184 0.8863163590431213 -0.1378197818994522 0.06610135734081268 
-0.09677935391664505 0.1056197509169579 0.9896858930587769 -0.289750874042511 
0 0 0 1 

0.8711381554603577 0.4908111989498138 -0.01491284742951393 -0.032724529504776 
-0.4570190012454987 0.799305260181427 -0.3901850283145905 0.1355204731225967 
-0.1795874834060669 0.3467204868793488 0.9206156134605408 -0.2368094772100449 
0 0 0 1 

0.8764286041259766 0.4813515543937683 -0.01317112520337105 -0.03142049163579941 
-0.468533456325531 0.8461392521858215 -0.2540170252323151 0.09780694544315338 
-0.1111269369721413 0.2287988811731339 0.9671100974082947 -0.2526434063911438 
0 0 0 1 

-0.2307345867156982 0.9237644076347351 0.3056479394435883 -0.06938234716653824 
-0.7170342803001404 0.05091608315706253 -0.6951757073402405 0.2641550004482269 
-0.6577409505844116 -0.3795612156391144 0.6506227850914001 -0.1839358359575272 
0 0 0 1 

-0.2165116965770721 0.8801347613334656 0.4224754869937897 -0.1095346584916115 
-0.8132722973823547 0.07680373638868332 -0.5767923593521118 0.2295385301113129 
-0.5401027202606201 -0.4684698581695557 0.6991602182388306 -0.2094555199146271 
0 0 0 1 

-0.1814718097448349 0.844526469707489 0.5038284063339233 -0.1409386247396469 
-0.8680164217948914 0.1032316312193871 -0.485685795545578 0.2012380510568619 
-0.4621855020523071 -0.5254696011543274 0.7143292427062988 -0.2200646102428436 
0 0 0 1 

-0.1658928394317627 0.8218664526939392 0.5449907183647156 -0.15767902135849 
-0.8969558477401733 0.1039135605096817 -0.4297350347042084 0.1826577186584473 
-0.4098168015480042 -0.5601227283477783 0.719939649105072 -0.2243188321590424 
0 0 0 1 

