0.1768632829189301 0.1400312632322311 -0.9742229580879211 0.3928292393684387 
-0.06074270978569984 0.9894934296607971 0.1311987638473511 -0.01723318360745907 
0.9823591709136963 0.0359727218747139 0.1835109442472458 -0.06131978332996368 
0 0 0 1 

0.1574581265449524 0.1384944468736649 -0.9777658581733704 0.3912536799907684 
-0.06333189457654953 0.9894949793815613 0.1299569010734558 -0.01283829938620329 
0.9854927062988281 0.04146100580692291 0.1645751744508743 -0.04566385596990585 
0 0 0 1 

0.173788771033287 0.1331478357315063 -0.9757401943206787 0.3870224356651306 
-0.07118580490350723 0.9899240732192993 0.1224044561386108 -0.008054378442466259 
0.9822065830230713 0.04818635061383247 0.1815159320831299 -0.04234553128480911 
0 0 0 1 

0.4041151404380798 0.2870300114154816 -0.8685070276260376 0.4025111794471741 
-0.2396938651800156 0.949541449546814 0.2022815644741058 -0.01914268173277378 
0.882744312286377 0.1264308393001556 0.452523410320282 -0.05224285647273064 
0 0 0 1 

0.4052935540676117 0.2858934104442596 -0.8683328628540039 0.3965921103954315 
-0.2101667672395706 0.9535396099090576 0.2158520668745041 -0.0260155014693737 
0.8897004723548889 0.09501129388809204 0.4465487599372864 -0.05283510684967041 
0 0 0 1 

0.3926614224910736 0.296487033367157 -0.8705815672874451 0.3733367919921875 
-0.107332780957222 0.9549151659011841 0.2767971754074097 -0.0554167665541172 
0.9133983254432678 -0.01524559408426285 0.4067811369895935 -0.04773429408669472 
0 0 0 1 

0.3900921642780304 0.3298411071300507 -0.8596701622009277 0.3509810268878937 
-0.06904371827840805 0.941486656665802 0.3299027681350708 -0.08378327637910843 
0.918183445930481 -0.0693376362323761 0.3900400400161743 -0.04504241049289703 
0 0 0 1 

0.4115517139434814 0.3761744201183319 -0.8301311731338501 0.3308363258838654 
-0.02026799507439137 0.9143968820571899 0.4043112099170685 -0.1119267866015434 
0.9111608862876892 -0.1495698392391205 0.3839459121227264 -0.044908806681633 
0 0 0 1 

0.4295236766338348 0.3959024250507355 -0.8116469383239746 0.3160917460918427 
0.03201268240809441 0.8915382623672485 0.4518126845359802 -0.1292780488729477 
0.9024880528450012 -0.2200472354888916 0.3702628910541534 -0.04269116371870041 
0 0 0 1 

0.4901444017887115 0.3949735760688782 -0.7770162224769592 0.3019391596317291 
0.06038948521018028 0.8739106059074402 0.4823207855224609 -0.141047403216362 
0.86954665184021 -0.2833303809165955 0.4044901728630066 -0.05926588177680969 
0 0 0 1 

