0.9156233668327332 0.4019423425197601 -0.008721373975276947 -0.03030245378613472 
-0.3319298923015594 0.7680192589759827 0.5476939678192139 -0.1508092880249023 
0.2268397212028503 -0.498586505651474 0.8366331458091736 -0.2307963669300079 
0 0 0 1 

0.9103047251701355 0.4135734736919403 0.01738174632191658 -0.03911127150058746 
-0.3314906060695648 0.7031995058059692 0.6289864778518677 -0.1753434836864471 
0.2479094713926315 -0.5783312320709229 0.7772216796875 -0.2162623554468155 
0 0 0 1 

0.917790412902832 0.3956871330738068 0.03305047750473022 -0.04561910405755043 
-0.2949443757534027 0.6236521601676941 0.7239237427711487 -0.2053841352462769 
0.2658354043960571 -0.6741582751274109 0.6890877485275269 -0.1920508444309235 
0 0 0 1 

0.9237976670265198 0.3787811696529388 0.05588126555085182 -0.05400272086262703 
-0.2714243829250336 0.5449283123016357 0.7933358550071716 -0.2278744578361511 
0.2700494527816772 -0.7480493187904358 0.6062139868736267 -0.1672395169734955 
0 0 0 1 

0.9319757223129272 0.3588368892669678 0.0515497699379921 -0.05472158268094063 
-0.2282403111457825 0.4703249335289001 0.8524674773216248 -0.2483920603990555 
0.281651645898819 -0.8062446713447571 0.5202324986457825 -0.1428941041231155 
0 0 0 1 

0.9425780773162842 0.3292975723743439 0.05576461553573608 -0.05902662128210068 
-0.1947525441646576 0.4062749147415161 0.8927553296089172 -0.2620462775230408 
0.2713264226913452 -0.8523518443107605 0.4470773637294769 -0.1224000751972198 
0 0 0 1 

0.9566046595573425 0.2877742648124695 0.04575439170002937 -0.0589093416929245 
-0.1471075564622879 0.341408371925354 0.9283315539360046 -0.2759932279586792 
0.2515290379524231 -0.8947771191596985 0.3689266443252563 -0.09831226617097855 
0 0 0 1 

0.9609553217887878 0.2659983336925507 0.07622185349464417 -0.0704255998134613 
-0.1470262557268143 0.257488340139389 0.9550303816795349 -0.2881959080696106 
0.2344102561473846 -0.9289481043815613 0.2865435183048248 -0.06900238245725632 
0 0 0 1 

0.9979934692382812 0.03759947791695595 -0.05094457417726517 -0.037619948387146 
0.03785489499568939 0.2906478047370911 0.9560808539390564 -0.3077585697174072 
0.05075507238507271 -0.9560909867286682 0.2886412739753723 -0.06434185802936554 
0 0 0 1 

0.9750940203666687 -0.0150366285815835 -0.2212822437286377 0.0206604041159153 
0.2158114016056061 0.2944592833518982 0.9309774041175842 -0.3206652104854584 
0.05115994438529015 -0.9555457234382629 0.2903705537319183 -0.06522075086832047 
0 0 0 1 

