-0.4018397331237793 -0.1008687317371368 0.9101372957229614 -0.2499381601810455 
-0.9095404148101807 -0.07121357321739197 -0.4094687402248383 0.1696202754974365 
0.1061167493462563 -0.9923475980758667 -0.06312757730484009 0.01397707778960466 
0 0 0 1 

-0.3914617300033569 -0.1853727698326111 0.9013292193412781 -0.2477583289146423 
-0.9159873723983765 -0.01505458541214466 -0.4009242951869965 0.1680865883827209 
0.08788970112800598 -0.9825528264045715 -0.1639057248830795 0.04436977580189705 
0 0 0 1 

-0.39450404047966 -0.3123895823955536 0.864163875579834 -0.2372413277626038 
-0.9147592186927795 0.04439634829759598 -0.4015526473522186 0.1691753715276718 
0.0870751217007637 -0.9489160180091858 -0.3032757937908173 0.08700060844421387 
0 0 0 1 

-0.4238432943820953 -0.4097432494163513 0.8077545762062073 -0.2205912172794342 
-0.9040421843528748 0.1368725597858429 -0.404936820268631 0.1708779633045197 
0.05536065250635147 -0.9018738865852356 -0.4284376800060272 0.1240384057164192 
0 0 0 1 

-0.06593277305364609 -0.5182212591171265 0.8527011275291443 -0.2672088444232941 
-0.9943749904632568 0.1051138266921043 -0.01300567854195833 0.06320815533399582 
-0.08289075642824173 -0.8487623333930969 -0.5222366452217102 0.1661524325609207 
0 0 0 1 

-0.09780261665582657 -0.4876427054405212 0.8675476908683777 -0.2699180543422699 
-0.9951803088188171 0.05414696037769318 -0.08175575733184814 0.08353805541992188 
-0.007107346318662167 -0.8713624477386475 -0.4905880391597748 0.1513867527246475 
0 0 0 1 

-0.1170723587274551 -0.4838064014911652 0.867309033870697 -0.2689902484416962 
-0.9892718195915222 -0.02002526260912418 -0.1447062492370605 0.1028581857681274 
0.0873781219124794 -0.8749457001686096 -0.4762715399265289 0.1407651156187057 
0 0 0 1 

-0.1234129816293716 -0.4470422863960266 0.8859584331512451 -0.2738324105739594 
-0.968654453754425 -0.1396870017051697 -0.2054166048765182 0.120826356112957 
0.2155867964029312 -0.8835387229919434 -0.415790319442749 0.1140007227659225 
0 0 0 1 

-0.1553189903497696 -0.2149110585451126 0.9642038345336914 -0.2950090169906616 
-0.9607272744178772 -0.1943420320749283 -0.1980758756399155 0.1166757568717003 
0.2299541383981705 -0.9571020007133484 -0.1762857884168625 0.03559423983097076 
0 0 0 1 

-0.1647247970104218 -0.1930081248283386 0.9672717452049255 -0.2991393506526947 
-0.9507671594619751 -0.2299220561981201 -0.2077925056219101 0.1212248280644417 
0.2625026404857635 -0.9538784027099609 -0.1456317752599716 0.02646336331963539 
0 0 0 1 

