1.000000000000000000e+00 0.000000000000000000e+00 0.000000000000000000e+00 -3.619798645377159119e-02
0.000000000000000000e+00 1.000000000000000000e+00 0.000000000000000000e+00 -1.327119767665863037e-03
0.000000000000000000e+00 0.000000000000000000e+00 1.000000000000000000e+00 -2.960163652896881104e-01
0.000000000000000000e+00 0.000000000000000000e+00 0.000000000000000000e+00 1.000000000000000000e+00
9.905813932418823242e-01 1.355435103178024292e-01 1.939452439546585083e-02 -4.509057104587554932e-02
-1.342473924160003662e-01 9.892951250076293945e-01 -5.720750987529754639e-02 2.827136218547821045e-02
-2.694107219576835632e-02 5.406502261757850647e-02 9.981740713119506836e-01 -2.965509295463562012e-01
0.000000000000000000e+00 0.000000000000000000e+00 0.000000000000000000e+00 1.000000000000000000e+00
9.715918302536010742e-01 2.341520935297012329e-01 3.438170254230499268e-02 -5.002919211983680725e-02
-2.295589596033096313e-01 9.677567481994628906e-01 -1.036791726946830750e-01 5.366741120815277100e-02
-5.754986032843589783e-02 9.284117817878723145e-02 9.940160512924194336e-01 -2.944670021533966064e-01
0.000000000000000000e+00 0.000000000000000000e+00 0.000000000000000000e+00 1.000000000000000000e+00
9.405522346496582031e-01 3.359413743019104004e-01 5.004249513149261475e-02 -5.362800508737564087e-02
-3.261030316352844238e-01 9.343811869621276855e-01 -1.434859484434127808e-01 7.485863566398620605e-02
-9.496173262596130371e-02 1.186369806528091431e-01 9.883862733840942383e-01 -2.907487154006958008e-01
0.000000000000000000e+00 0.000000000000000000e+00 0.000000000000000000e+00 1.000000000000000000e+00
8.961265087127685547e-01 4.434241056442260742e-01 1.823106408119201660e-02 -3.842940926551818848e-02
-4.347066879272460938e-01 8.852996826171875000e-01 -1.651491373777389526e-01 8.811137825250625610e-02
-8.937112987041473389e-02 1.400693655014038086e-01 9.861002564430236816e-01 -2.902549803256988525e-01
0.000000000000000000e+00 0.000000000000000000e+00 0.000000000000000000e+00 1.000000000000000000e+00
8.261449933052062988e-01 5.632818341255187988e-01 1.408232655376195908e-02 -3.083409927785396576e-02
-5.505748391151428223e-01 8.123176693916320801e-01 -1.923728585243225098e-01 1.031180694699287415e-01
-1.197995319962501526e-01 1.511744558811187744e-01 9.812209606170654297e-01 -2.881782948970794678e-01
0.000000000000000000e+00 0.000000000000000000e+00 0.000000000000000000e+00 1.000000000000000000e+00
7.529287338256835938e-01 6.573143601417541504e-01 -3.219095990061759949e-02 -1.026916876435279846e-02
-6.519873142242431641e-01 7.383872866630554199e-01 -1.723272949457168579e-01 1.005557253956794739e-01
-8.950378745794296265e-02 1.507381349802017212e-01 9.845134615898132324e-01 -2.919858098030090332e-01
0.000000000000000000e+00 0.000000000000000000e+00 0.000000000000000000e+00 1.000000000000000000e+00
6.922282576560974121e-01 7.190849184989929199e-01 -6.113198399543762207e-02 2.823864109814167023e-03
-7.204430103302001953e-01 6.836038231849670410e-01 -1.168225109577178955e-01 8.265773206949234009e-02
-4.221527650952339172e-02 1.249099820852279663e-01 9.912697672843933105e-01 -2.991192936897277832e-01
0.000000000000000000e+00 0.000000000000000000e+00 0.000000000000000000e+00 1.000000000000000000e+00
5.907207131385803223e-01 8.063408732414245605e-01 -2.938197553157806396e-02 -3.955733962357044220e-03
-8.057487010955810547e-01 5.875796079635620117e-01 -7.429455220699310303e-02 6.951355189085006714e-02
-4.264247044920921326e-02 6.756179779767990112e-02 9.968033432960510254e-01 -3.067295849323272705e-01
0.000000000000000000e+00 0.000000000000000000e+00 0.000000000000000000e+00 1.000000000000000000e+00
4.984921514987945557e-01 8.666007518768310547e-01 -2.254594676196575165e-02 -9.706245618872344494e-04
-8.660846948623657227e-01 4.967347383499145508e-01 -5.613854154944419861e-02 6.396321952342987061e-02
-3.745038807392120361e-02 4.751131311058998108e-02 9.981689453125000000e-01 -3.105903267860412598e-01
0.000000000000000000e+00 0.000000000000000000e+00 0.000000000000000000e+00 1.000000000000000000e+00
4.037179350852966309e-01 9.138706922531127930e-01 -4.304148629307746887e-02 1.025000493973493576e-02
-9.147944450378417969e-01 4.038870036602020264e-01 -5.079319700598716736e-03 4.590906575322151184e-02
1.274205278605222702e-02 4.142473638057708740e-02 9.990602731704711914e-01 -3.151195943355560303e-01
0.000000000000000000e+00 0.000000000000000000e+00 0.000000000000000000e+00 1.000000000000000000e+00
2.880479395389556885e-01 9.560192227363586426e-01 -5.527176707983016968e-02 1.919973269104957581e-02
-9.566200375556945801e-01 2.899002432823181152e-01 2.890737913548946381e-02 3.270425274968147278e-02
4.365932568907737732e-02 4.454739019274711609e-02 9.980530142784118652e-01 -3.173373341560363770e-01
0.000000000000000000e+00 0.000000000000000000e+00 0.000000000000000000e+00 1.000000000000000000e+00
1.778135746717453003e-01 9.817107915878295898e-01 -6.801826506853103638e-02 2.823692746460437775e-02
-9.818844795227050781e-01 1.815933585166931152e-01 5.410031601786613464e-02 2.316351421177387238e-02
6.546249985694885254e-02 5.716630071401596069e-02 9.962160587310791016e-01 -3.181883990764617920e-01
0.000000000000000000e+00 0.000000000000000000e+00 0.000000000000000000e+00 1.000000000000000000e+00
1.003123745322227478e-01 9.910662174224853516e-01 -8.789382874965667725e-02 3.788992762565612793e-02
-9.907025098800659180e-01 1.076528131961822510e-01 8.318296819925308228e-02 1.212003547698259354e-02
9.190184623003005981e-02 7.873234152793884277e-02 9.926505684852600098e-01 -3.172017633914947510e-01
0.000000000000000000e+00 0.000000000000000000e+00 0.000000000000000000e+00 1.000000000000000000e+00
2.033774554729461670e-02 9.964361786842346191e-01 -8.186301589012145996e-02 4.072951897978782654e-02
-9.971624016761779785e-01 2.615236677229404449e-02 7.059548050165176392e-02 1.833166554570198059e-02
7.248481363058090210e-02 8.019492030143737793e-02 9.941403865814208984e-01 -3.118337690830230713e-01
0.000000000000000000e+00 0.000000000000000000e+00 0.000000000000000000e+00 1.000000000000000000e+00
-8.574512600898742676e-02 9.075929522514343262e-01 -4.110015332698822021e-01 1.559314578771591187e-01
-9.910491108894348145e-01 -3.533145412802696228e-02 1.287373155355453491e-01 -5.917911184951663017e-04
1.023197025060653687e-01 4.183614552021026611e-01 9.024987220764160156e-01 -2.764296829700469971e-01
0.000000000000000000e+00 0.000000000000000000e+00 0.000000000000000000e+00 1.000000000000000000e+00
-1.525844037532806396e-01 8.863947987556457520e-01 -4.370601773262023926e-01 1.657561063766479492e-01
-9.786177873611450195e-01 -7.379219681024551392e-02 1.919935494661331177e-01 -2.308675833046436310e-02
1.379304975271224976e-01 4.570099115371704102e-01 8.787016272544860840e-01 -2.695888280868530273e-01
0.000000000000000000e+00 0.000000000000000000e+00 0.000000000000000000e+00 1.000000000000000000e+00
-1.346552819013595581e-01 8.228825926780700684e-01 -5.520255565643310547e-01 1.964556723833084106e-01
-9.908446073532104492e-01 -1.173117756843566895e-01 6.682412326335906982e-02 1.754990592598915100e-02
-9.770673699676990509e-03 5.559694766998291016e-01 8.311450481414794922e-01 -2.470990419387817383e-01
0.000000000000000000e+00 0.000000000000000000e+00 0.000000000000000000e+00 1.000000000000000000e+00
-8.942960202693939209e-02 7.485041618347167969e-01 -6.570720672607421875e-01 2.195990234613418579e-01
-9.946407079696655273e-01 -3.275287896394729614e-02 9.806334972381591797e-02 1.070351805537939072e-02
5.187983810901641846e-02 6.623205542564392090e-01 7.474219799041748047e-01 -2.298981845378875732e-01
0.000000000000000000e+00 0.000000000000000000e+00 0.000000000000000000e+00 1.000000000000000000e+00
-5.549218878149986267e-02 5.685473084449768066e-01 -8.207767605781555176e-01 2.675148844718933105e-01
-9.853972792625427246e-01 1.013474985957145691e-01 1.368247866630554199e-01 -1.533693051896989346e-03
1.609751582145690918e-01 8.163841962814331055e-01 5.546210408210754395e-01 -1.693237125873565674e-01
0.000000000000000000e+00 0.000000000000000000e+00 0.000000000000000000e+00 1.000000000000000000e+00
-1.232881695032119751e-01 4.282785952091217041e-01 -8.951972126960754395e-01 2.895346283912658691e-01
-9.855144023895263672e-01 5.301861464977264404e-02 1.610919982194900513e-01 -1.313741505146026611e-02
1.164541915059089661e-01 9.020898938179016113e-01 4.155379533767700195e-01 -1.206203550100326538e-01
0.000000000000000000e+00 0.000000000000000000e+00 0.000000000000000000e+00 1.000000000000000000e+00
-1.980310678482055664e-01 3.092650473117828369e-01 -9.301283359527587891e-01 3.020341098308563232e-01
-9.745277166366577148e-01 3.977705538272857666e-02 2.207098156213760376e-01 -3.243272751569747925e-02
1.052555963397026062e-01 9.501433372497558594e-01 2.935104668140411377e-01 -8.179024606943130493e-02
0.000000000000000000e+00 0.000000000000000000e+00 0.000000000000000000e+00 1.000000000000000000e+00
-2.737517952919006348e-01 1.881314218044281006e-01 -9.432213902473449707e-01 3.092810809612274170e-01
-9.594897031784057617e-01 1.451419759541749954e-02 2.813682854175567627e-01 -5.284767225384712219e-02
6.662426888942718506e-02 9.820367097854614258e-01 1.765370666980743408e-01 -4.310045391321182251e-02
0.000000000000000000e+00 0.000000000000000000e+00 0.000000000000000000e+00 1.000000000000000000e+00
-1.696503609418869019e-01 -8.449960947036743164e-01 -5.071496963500976562e-01 1.646377891302108765e-01
-9.477768540382385254e-01 -1.130420016124844551e-03 3.189315497875213623e-01 -6.289204210042953491e-02
-2.700690925121307373e-01 5.347721576690673828e-01 -8.006755113601684570e-01 2.815002501010894775e-01
0.000000000000000000e+00 0.000000000000000000e+00 0.000000000000000000e+00 1.000000000000000000e+00
-1.674328446388244629e-01 -8.730676174163818359e-01 -4.579519629478454590e-01 1.481086909770965576e-01
-9.685835242271423340e-01 5.903444066643714905e-02 2.415789514780044556e-01 -3.838695213198661804e-02
-1.838798075914382935e-01 4.840132296085357666e-01 -8.555230498313903809e-01 2.937519550323486328e-01
0.000000000000000000e+00 0.000000000000000000e+00 0.000000000000000000e+00 1.000000000000000000e+00
-8.389025926589965820e-02 -8.664401173591613770e-01 -4.921819567680358887e-01 1.517660021781921387e-01
-9.895930886268615723e-01 1.449254434555768967e-02 1.431602984666824341e-01 -4.710368812084197998e-03
-1.169069632887840271e-01 4.990697801113128662e-01 -8.586390614509582520e-01 2.904662191867828369e-01
0.000000000000000000e+00 0.000000000000000000e+00 0.000000000000000000e+00 1.000000000000000000e+00
2.617188170552253723e-02 -8.657510280609130859e-01 -4.997893273830413818e-01 1.448268592357635498e-01
-9.988582134246826172e-01 -4.263404011726379395e-02 2.154661156237125397e-02 3.623189032077789307e-02
-3.996213153004646301e-02 4.986550509929656982e-01 -8.658787608146667480e-01 2.873080670833587646e-01
0.000000000000000000e+00 0.000000000000000000e+00 0.000000000000000000e+00 1.000000000000000000e+00
5.026214569807052612e-02 -8.708200454711914062e-01 -4.890255630016326904e-01 1.386886686086654663e-01
-9.947279691696166992e-01 1.720300060696899891e-04 -1.025446951389312744e-01 7.688701152801513672e-02
8.938214927911758423e-02 4.916015863418579102e-01 -8.662204146385192871e-01 2.788525223731994629e-01
0.000000000000000000e+00 0.000000000000000000e+00 0.000000000000000000e+00 1.000000000000000000e+00
2.117119543254375458e-02 -8.821138143539428711e-01 -4.705605506896972656e-01 1.369245350360870361e-01
-9.826348423957824707e-01 6.842048466205596924e-02 -1.724714636802673340e-01 9.106563031673431396e-02
1.843356788158416748e-01 4.660402238368988037e-01 -8.653477430343627930e-01 2.749617993831634521e-01
0.000000000000000000e+00 0.000000000000000000e+00 0.000000000000000000e+00 1.000000000000000000e+00
-4.304889962077140808e-02 -8.808791637420654297e-01 -4.713781774044036865e-01 1.442706584930419922e-01
-9.951651096343994141e-01 7.949642091989517212e-02 -5.767293274402618408e-02 5.373544991016387939e-02
8.827582746744155884e-02 4.666171669960021973e-01 -8.800435066223144531e-01 2.951417267322540283e-01
0.000000000000000000e+00 0.000000000000000000e+00 0.000000000000000000e+00 1.000000000000000000e+00
-3.808606415987014771e-02 -8.752387166023254395e-01 -4.821893870830535889e-01 1.457924097776412964e-01
-9.922134280204772949e-01 -2.413884177803993225e-02 1.221857592463493347e-01 -3.497729776427149773e-03
-1.185812652111053467e-01 4.830884635448455811e-01 -8.675045967102050781e-01 3.093272745609283447e-01
0.000000000000000000e+00 0.000000000000000000e+00 0.000000000000000000e+00 1.000000000000000000e+00
1.329215168952941895e-01 -8.576563596725463867e-01 -4.967468678951263428e-01 1.374448686838150024e-01
-9.848892688751220703e-01 -1.704375147819519043e-01 3.072774782776832581e-02 2.493228204548358917e-02
-1.110182330012321472e-01 4.851561486721038818e-01 -8.673516511917114258e-01 3.108878731727600098e-01
0.000000000000000000e+00 0.000000000000000000e+00 0.000000000000000000e+00 1.000000000000000000e+00
2.336912900209426880e-01 -8.060336709022521973e-01 -5.437808036804199219e-01 1.378563940525054932e-01
-9.431462287902832031e-01 -3.238652944564819336e-01 7.473868876695632935e-02 9.927105158567428589e-03
-2.363538593053817749e-01 4.953993558883666992e-01 -8.358924984931945801e-01 3.061301410198211670e-01
0.000000000000000000e+00 0.000000000000000000e+00 0.000000000000000000e+00 1.000000000000000000e+00
3.432155251502990723e-01 -7.373446822166442871e-01 -5.818300843238830566e-01 1.349890530109405518e-01
-9.075779914855957031e-01 -4.198702871799468994e-01 -3.274921094998717308e-03 3.286348655819892883e-02
-2.418784499168395996e-01 5.291798114776611328e-01 -8.133035898208618164e-01 2.935515940189361572e-01
0.000000000000000000e+00 0.000000000000000000e+00 0.000000000000000000e+00 1.000000000000000000e+00
3.627462089061737061e-01 -7.395416498184204102e-01 -5.670043230056762695e-01 1.280171871185302734e-01
-9.197313189506530762e-01 -3.820768296718597412e-01 -9.006506949663162231e-02 6.207606196403503418e-02
-1.500323116779327393e-01 5.541619658470153809e-01 -8.187759518623352051e-01 2.861970067024230957e-01
0.000000000000000000e+00 0.000000000000000000e+00 0.000000000000000000e+00 1.000000000000000000e+00
3.770300149917602539e-01 -7.304320931434631348e-01 -5.694884657859802246e-01 1.280629932880401611e-01
-9.235245585441589355e-01 -3.431874215602874756e-01 -1.712435334920883179e-01 8.766878396272659302e-02
-7.035961747169494629e-02 5.905007123947143555e-01 -8.039640784263610840e-01 2.750242054462432861e-01
0.000000000000000000e+00 0.000000000000000000e+00 0.000000000000000000e+00 1.000000000000000000e+00
5.418456792831420898e-01 -6.265063881874084473e-01 -5.602606534957885742e-01 1.197769939899444580e-01
-8.379012942314147949e-01 -4.548188447952270508e-01 -3.017627894878387451e-01 1.228673830628395081e-01
-6.576093286275863647e-02 6.329523324966430664e-01 -7.713924646377563477e-01 2.634667158126831055e-01
0.000000000000000000e+00 0.000000000000000000e+00 0.000000000000000000e+00 1.000000000000000000e+00
6.927536129951477051e-01 -4.424713551998138428e-01 -5.694836378097534180e-01 1.176662966609001160e-01
-7.050139904022216797e-01 -5.817409753799438477e-01 -4.056257009506225586e-01 1.522995382547378540e-01
-1.518143117427825928e-01 6.824925541877746582e-01 -7.149516940116882324e-01 2.596615850925445557e-01
0.000000000000000000e+00 0.000000000000000000e+00 0.000000000000000000e+00 1.000000000000000000e+00
7.186223864555358887e-01 -3.658462762832641602e-01 -5.913866162300109863e-01 1.203098297119140625e-01
-6.461371183395385742e-01 -6.656681895256042480e-01 -3.733532428741455078e-01 1.410646140575408936e-01
-2.570774853229522705e-01 6.504169702529907227e-01 -7.147504091262817383e-01 2.699470818042755127e-01
0.000000000000000000e+00 0.000000000000000000e+00 0.000000000000000000e+00 1.000000000000000000e+00
7.661531567573547363e-01 -2.701204717159271240e-01 -5.831333398818969727e-01 1.229266375303268433e-01
-5.629921555519104004e-01 -7.196855545043945312e-01 -4.063157737255096436e-01 1.438309848308563232e-01
-3.099184930324554443e-01 6.395996809005737305e-01 -7.034646868705749512e-01 2.665248811244964600e-01
0.000000000000000000e+00 0.000000000000000000e+00 0.000000000000000000e+00 1.000000000000000000e+00
7.659859061241149902e-01 -2.741459310054779053e-01 -5.814715027809143066e-01 1.284855455160140991e-01
-5.355117917060852051e-01 -7.725269794464111328e-01 -3.412191271781921387e-01 1.156611964106559753e-01
-3.556582629680633545e-01 5.727536082267761230e-01 -7.385526299476623535e-01 2.805469632148742676e-01
0.000000000000000000e+00 0.000000000000000000e+00 0.000000000000000000e+00 1.000000000000000000e+00
7.507655024528503418e-01 -3.628651499748229980e-01 -5.519782900810241699e-01 1.279372423887252808e-01
-5.788339376449584961e-01 -7.640017271041870117e-01 -2.850462496280670166e-01 9.398956596851348877e-02
-3.182791173458099365e-01 5.335074067115783691e-01 -7.836251258850097656e-01 2.927410602569580078e-01
0.000000000000000000e+00 0.000000000000000000e+00 0.000000000000000000e+00 1.000000000000000000e+00
8.250726461410522461e-01 -2.149530798196792603e-01 -5.225421190261840820e-01 1.220813766121864319e-01
-5.224247574806213379e-01 -6.425077915191650391e-01 -5.605853796005249023e-01 1.812674105167388916e-01
-2.152378559112548828e-01 7.355126738548278809e-01 -6.424123048782348633e-01 2.536349594593048096e-01
0.000000000000000000e+00 0.000000000000000000e+00 0.000000000000000000e+00 1.000000000000000000e+00
8.600638508796691895e-01 -1.442682892084121704e-01 -4.893631935119628906e-01 1.104353368282318115e-01
-4.742939472198486328e-01 -5.795031785964965820e-01 -6.627367734909057617e-01 2.150120884180068970e-01
-1.879760026931762695e-01 8.020981550216674805e-01 -5.668355822563171387e-01 2.276905775070190430e-01
0.000000000000000000e+00 0.000000000000000000e+00 0.000000000000000000e+00 1.000000000000000000e+00
8.866836428642272949e-01 -5.948427319526672363e-02 -4.585346281528472900e-01 1.002620086073875427e-01
-4.201908111572265625e-01 -5.175078511238098145e-01 -7.454023957252502441e-01 2.422396540641784668e-01
-1.929557174444198608e-01 8.536080121994018555e-01 -4.838608801364898682e-01 2.007756531238555908e-01
0.000000000000000000e+00 0.000000000000000000e+00 0.000000000000000000e+00 1.000000000000000000e+00
8.932101726531982422e-01 1.011881977319717407e-01 -4.381055235862731934e-01 9.554961323738098145e-02
-3.601574301719665527e-01 -4.223109185695648193e-01 -8.318294286727905273e-01 2.710454463958740234e-01
-2.691880762577056885e-01 9.007851481437683105e-01 -3.407687544822692871e-01 1.576410233974456787e-01
0.000000000000000000e+00 0.000000000000000000e+00 0.000000000000000000e+00 1.000000000000000000e+00
9.433897733688354492e-01 -2.962261140346527100e-01 -1.492167711257934570e-01 -6.089418195188045502e-03
-2.437175661325454712e-01 -3.139308393001556396e-01 -9.176322221755981445e-01 2.933910489082336426e-01
2.249829620122909546e-01 9.020515680313110352e-01 -3.683547675609588623e-01 1.364493966102600098e-01
0.000000000000000000e+00 0.000000000000000000e+00 0.000000000000000000e+00 1.000000000000000000e+00
9.702606201171875000e-01 -1.985811293125152588e-01 -1.384185254573822021e-01 -9.656432084739208221e-03
-1.829883754253387451e-01 -2.273883521556854248e-01 -9.564570784568786621e-01 3.031872212886810303e-01
1.584595441818237305e-01 9.533417820930480957e-01 -2.569639980792999268e-01 1.024789363145828247e-01
0.000000000000000000e+00 0.000000000000000000e+00 0.000000000000000000e+00 1.000000000000000000e+00
9.790078401565551758e-01 -1.621345281600952148e-01 -1.235154643654823303e-01 -1.389433257281780243e-02
-1.431864500045776367e-01 -1.158163845539093018e-01 -9.828958511352539062e-01 3.096237480640411377e-01
1.450562179088592529e-01 9.799485206604003906e-01 -1.366005688905715942e-01 6.238369643688201904e-02
0.000000000000000000e+00 0.000000000000000000e+00 0.000000000000000000e+00 1.000000000000000000e+00
9.673559069633483887e-01 -2.205410897731781006e-01 -1.248373314738273621e-01 -1.494042668491601944e-02
-1.405662447214126587e-01 -5.706516280770301819e-02 -9.884254336357116699e-01 3.099940419197082520e-01
2.108646482229232788e-01 9.737073183059692383e-01 -8.620300143957138062e-02 4.047970846295356750e-02
0.000000000000000000e+00 0.000000000000000000e+00 0.000000000000000000e+00 1.000000000000000000e+00
9.828763604164123535e-01 1.585915535688400269e-01 -9.382535517215728760e-02 -2.130296826362609863e-02
-1.001082211732864380e-01 3.208560869097709656e-02 -9.944589734077453613e-01 3.088371753692626953e-01
-1.547024548053741455e-01 9.868224859237670898e-01 4.741246625781059265e-02 1.364247407764196396e-02
0.000000000000000000e+00 0.000000000000000000e+00 0.000000000000000000e+00 1.000000000000000000e+00
9.977000951766967773e-01 2.400849573314189911e-02 -6.339205801486968994e-02 -3.274596109986305237e-02
-6.589376181364059448e-02 1.240729838609695435e-01 -9.900828599929809570e-01 3.033359646797180176e-01
-1.590515114367008209e-02 9.919825792312622070e-01 1.253694891929626465e-01 -2.271801047027111053e-02
0.000000000000000000e+00 0.000000000000000000e+00 0.000000000000000000e+00 1.000000000000000000e+00
9.804399013519287109e-01 1.258134692907333374e-01 -1.513560563325881958e-01 -6.630831398069858551e-03
-1.707206517457962036e-01 1.609573513269424438e-01 -9.720840454101562500e-01 3.056465983390808105e-01
-9.793939441442489624e-02 9.789094328880310059e-01 1.792879253625869751e-01 -2.460687234997749329e-02
0.000000000000000000e+00 0.000000000000000000e+00 0.000000000000000000e+00 1.000000000000000000e+00
6.745930910110473633e-01 7.358074188232421875e-01 -5.925888195633888245e-02 -6.886336486786603928e-03
-2.688278257846832275e-01 1.701112091541290283e-01 -9.480474591255187988e-01 3.078497052192687988e-01
-6.875000000000000000e-01 6.554765701293945312e-01 3.125613033771514893e-01 -3.460959345102310181e-02
0.000000000000000000e+00 0.000000000000000000e+00 0.000000000000000000e+00 1.000000000000000000e+00
5.133470892906188965e-01 8.579802513122558594e-01 1.858756504952907562e-02 -1.210523862391710281e-02
-3.678404986858367920e-01 2.395520359277725220e-01 -8.985030651092529297e-01 3.073076009750366211e-01
-7.753503322601318359e-01 4.544066786766052246e-01 4.385733306407928467e-01 -7.001002877950668335e-02
0.000000000000000000e+00 0.000000000000000000e+00 0.000000000000000000e+00 1.000000000000000000e+00
5.471048355102539062e-01 8.338277935981750488e-01 7.353426516056060791e-02 -3.311978653073310852e-02
-3.978275656700134277e-01 3.363068997859954834e-01 -8.535981774330139160e-01 2.996083796024322510e-01
-7.364840507507324219e-01 4.377542436122894287e-01 5.157148241996765137e-01 -9.732473641633987427e-02
0.000000000000000000e+00 0.000000000000000000e+00 0.000000000000000000e+00 1.000000000000000000e+00
8.869169950485229492e-01 1.958391666412353516e-01 -4.183605611324310303e-01 8.462901413440704346e-02
-4.615332186222076416e-01 4.131800830364227295e-01 -7.850279808044433594e-01 2.875809371471405029e-01
1.911888457834720612e-02 8.893417119979858398e-01 4.568426311016082764e-01 -1.137112304568290710e-01
0.000000000000000000e+00 0.000000000000000000e+00 0.000000000000000000e+00 1.000000000000000000e+00
8.736672401428222656e-01 1.648044288158416748e-01 -4.577617347240447998e-01 9.759522229433059692e-02
-4.743246138095855713e-01 4.979040026664733887e-01 -7.260213494300842285e-01 2.702559530735015869e-01
1.082697585225105286e-01 8.514287471771240234e-01 5.131731629371643066e-01 -1.395543515682220459e-01
0.000000000000000000e+00 0.000000000000000000e+00 0.000000000000000000e+00 1.000000000000000000e+00
8.617910742759704590e-01 1.488384604454040527e-01 -4.849357604980468750e-01 1.064746603369712830e-01
-4.733319878578186035e-01 5.797140598297119141e-01 -6.632409691810607910e-01 2.530028820037841797e-01
1.824082732200622559e-01 8.011106848716735840e-01 5.700421333312988281e-01 -1.599935591220855713e-01
0.000000000000000000e+00 0.000000000000000000e+00 0.000000000000000000e+00 1.000000000000000000e+00
8.490882515907287598e-01 1.169190555810928345e-01 -5.151494145393371582e-01 1.135854497551918030e-01
-4.469677805900573730e-01 6.787749528884887695e-01 -5.826526284217834473e-01 2.289307415485382080e-01
2.815473079681396484e-01 7.249787449836730957e-01 6.285986900329589844e-01 -1.843847930431365967e-01
0.000000000000000000e+00 0.000000000000000000e+00 0.000000000000000000e+00 1.000000000000000000e+00
8.311159610748291016e-01 1.236083284020423889e-01 -5.421874523162841797e-01 1.238034889101982117e-01
-4.457519948482513428e-01 7.310239076614379883e-01 -5.166308283805847168e-01 2.092784941196441650e-01
3.324922621250152588e-01 6.710616350173950195e-01 6.626650691032409668e-01 -1.996434032917022705e-01
0.000000000000000000e+00 0.000000000000000000e+00 0.000000000000000000e+00 1.000000000000000000e+00
8.056589365005493164e-01 1.619592308998107910e-01 -5.698084235191345215e-01 1.359464526176452637e-01
-4.515711367130279541e-01 7.904755473136901855e-01 -4.138009250164031982e-01 1.790523529052734375e-01
3.834008872509002686e-01 5.906922817230224609e-01 7.099905610084533691e-01 -2.197915166616439819e-01
0.000000000000000000e+00 0.000000000000000000e+00 0.000000000000000000e+00 1.000000000000000000e+00
7.758412957191467285e-01 2.204866707324981689e-01 -5.911482572555541992e-01 1.466078460216522217e-01
-4.606536030769348145e-01 8.381916880607604980e-01 -2.919471561908721924e-01 1.425035297870635986e-01
4.311246871948242188e-01 4.988188743591308594e-01 7.518711090087890625e-01 -2.392848432064056396e-01
0.000000000000000000e+00 0.000000000000000000e+00 0.000000000000000000e+00 1.000000000000000000e+00
7.532963156700134277e-01 2.847967743873596191e-01 -5.928196907043457031e-01 1.511236578226089478e-01
-4.615939557552337646e-01 8.710183501243591309e-01 -1.681012511253356934e-01 1.045530736446380615e-01
4.684822857379913330e-01 4.002722799777984619e-01 7.875955104827880859e-01 -2.552169263362884521e-01
0.000000000000000000e+00 0.000000000000000000e+00 0.000000000000000000e+00 1.000000000000000000e+00
7.339552044868469238e-01 3.568254709243774414e-01 -5.779141783714294434e-01 1.490059942007064819e-01
-4.362074136734008789e-01 8.998446464538574219e-01 1.611008541658520699e-03 5.141554400324821472e-02
5.206076502799987793e-01 2.509079575538635254e-01 8.160957098007202148e-01 -2.702925801277160645e-01
0.000000000000000000e+00 0.000000000000000000e+00 0.000000000000000000e+00 1.000000000000000000e+00
7.257079482078552246e-01 3.965380191802978516e-01 -5.622329115867614746e-01 1.433558166027069092e-01
-3.724841773509979248e-01 9.135205745697021484e-01 1.635102033615112305e-01 -5.244302563369274139e-03
5.784496665000915527e-01 9.076245874166488647e-02 8.106532096862792969e-01 -2.697540819644927979e-01
0.000000000000000000e+00 0.000000000000000000e+00 0.000000000000000000e+00 1.000000000000000000e+00
7.177919149398803711e-01 4.159681499004364014e-01 -5.583422780036926270e-01 1.409385800361633301e-01
-2.981987297534942627e-01 9.083110094070434570e-01 2.933393716812133789e-01 -5.176755413413047791e-02
6.291680932044982910e-01 -4.405959695577621460e-02 7.760191559791564941e-01 -2.617384493350982666e-01
0.000000000000000000e+00 0.000000000000000000e+00 0.000000000000000000e+00 1.000000000000000000e+00
7.151156067848205566e-01 4.466118514537811279e-01 -5.377243161201477051e-01 1.343141943216323853e-01
-2.426735609769821167e-01 8.800462484359741211e-01 4.082005321979522705e-01 -9.106654673814773560e-02
6.555297970771789551e-01 -1.614190787076950073e-01 7.377157807350158691e-01 -2.508206367492675781e-01
0.000000000000000000e+00 0.000000000000000000e+00 0.000000000000000000e+00 1.000000000000000000e+00
7.055103778839111328e-01 4.704982042312622070e-01 -5.299867987632751465e-01 1.318226903676986694e-01
-1.635069251060485840e-01 8.357171416282653809e-01 5.242537856101989746e-01 -1.342383474111557007e-01
6.895798444747924805e-01 -2.832097411155700684e-01 6.665371656417846680e-01 -2.306533455848693848e-01
0.000000000000000000e+00 0.000000000000000000e+00 0.000000000000000000e+00 1.000000000000000000e+00
6.831563711166381836e-01 5.036549568176269531e-01 -5.287994146347045898e-01 1.325586140155792236e-01
-9.694198518991470337e-02 7.802498340606689453e-01 6.179094314575195312e-01 -1.696493923664093018e-01
7.238087654113769531e-01 -3.708658516407012939e-01 5.818582773208618164e-01 -2.061881870031356812e-01
0.000000000000000000e+00 0.000000000000000000e+00 0.000000000000000000e+00 1.000000000000000000e+00
6.934114694595336914e-01 5.182294845581054688e-01 -5.006180405616760254e-01 1.232669129967689514e-01
-3.808164969086647034e-02 7.201670408248901367e-01 6.927548050880432129e-01 -1.989470571279525757e-01
7.195345163345336914e-01 -4.612996876239776611e-01 5.191072821617126465e-01 -1.870914101600646973e-01
0.000000000000000000e+00 0.000000000000000000e+00 0.000000000000000000e+00 1.000000000000000000e+00
7.176136970520019531e-01 5.106318593025207520e-01 -4.735881984233856201e-01 1.134741976857185364e-01
1.472255494445562363e-02 6.687371134757995605e-01 7.433532476425170898e-01 -2.199713289737701416e-01
6.962858438491821289e-01 -5.404127240180969238e-01 4.723771214485168457e-01 -1.727931201457977295e-01
0.000000000000000000e+00 0.000000000000000000e+00 0.000000000000000000e+00 1.000000000000000000e+00
7.605611681938171387e-01 4.890045225620269775e-01 -4.271076917648315430e-01 9.584881365299224854e-02
6.091429293155670166e-02 6.011872291564941406e-01 7.967832088470458984e-01 -2.418393045663833618e-01
6.464025378227233887e-01 -6.320193409919738770e-01 4.274523854255676270e-01 -1.591592878103256226e-01
0.000000000000000000e+00 0.000000000000000000e+00 0.000000000000000000e+00 1.000000000000000000e+00
8.287839889526367188e-01 4.281207621097564697e-01 -3.603187501430511475e-01 6.984148919582366943e-02
1.109334975481033325e-01 5.054336190223693848e-01 8.557047247886657715e-01 -2.682886719703674316e-01
5.484621524810791016e-01 -7.491658329963684082e-01 3.714023232460021973e-01 -1.396393775939941406e-01
0.000000000000000000e+00 0.000000000000000000e+00 0.000000000000000000e+00 1.000000000000000000e+00
8.980919122695922852e-01 3.515749573707580566e-01 -2.642460167407989502e-01 3.681304305791854858e-02
1.181948706507682800e-01 3.857834637165069580e-01 9.149868488311767578e-01 -2.912210524082183838e-01
4.236282110214233398e-01 -8.529747724533081055e-01 3.049147129058837891e-01 -1.134518235921859741e-01
0.000000000000000000e+00 0.000000000000000000e+00 0.000000000000000000e+00 1.000000000000000000e+00
8.873046636581420898e-01 3.766314983367919922e-01 -2.661563456058502197e-01 3.707607090473175049e-02
1.564877033233642578e-01 2.969973385334014893e-01 9.419683218002319336e-01 -3.040836453437805176e-01
4.338226616382598877e-01 -8.774630427360534668e-01 2.045888900756835938e-01 -8.393857628107070923e-02
0.000000000000000000e+00 0.000000000000000000e+00 0.000000000000000000e+00 1.000000000000000000e+00
8.985938429832458496e-01 3.526521921157836914e-01 -2.610850334167480469e-01 3.398777544498443604e-02
1.957797855138778687e-01 2.102673649787902832e-01 9.578401446342468262e-01 -3.136954307556152344e-01
3.926821053028106689e-01 -9.118245244026184082e-01 1.199028491973876953e-01 -5.592903867363929749e-02
0.000000000000000000e+00 0.000000000000000000e+00 0.000000000000000000e+00 1.000000000000000000e+00
9.565979838371276855e-01 1.796716302633285522e-01 -2.294305115938186646e-01 1.879391819238662720e-02
2.119990140199661255e-01 1.111126244068145752e-01 9.709326624870300293e-01 -3.211462497711181641e-01
1.999416947364807129e-01 -9.774312973022460938e-01 6.819996982812881470e-02 -2.849637717008590698e-02
0.000000000000000000e+00 0.000000000000000000e+00 0.000000000000000000e+00 1.000000000000000000e+00
9.813691377639770508e-01 -6.134957447648048401e-02 -1.820740103721618652e-01 -1.589824911206960678e-03
1.837998628616333008e-01 2.372467517852783203e-02 9.826774597167968750e-01 -3.272153139114379883e-01
-5.596717819571495056e-02 -9.978343844413757324e-01 3.455863893032073975e-02 -6.542522460222244263e-04
0.000000000000000000e+00 0.000000000000000000e+00 0.000000000000000000e+00 1.000000000000000000e+00
9.776964783668518066e-01 1.264546513557434082e-01 -1.676865816116333008e-01 -5.567064974457025528e-03
1.774909496307373047e-01 -7.064936310052871704e-02 9.815831184387207031e-01 -3.310505151748657227e-01
1.122787818312644958e-01 -9.894531965255737305e-01 -9.151823073625564575e-02 3.571156039834022522e-02
0.000000000000000000e+00 0.000000000000000000e+00 0.000000000000000000e+00 1.000000000000000000e+00
9.775321483612060547e-01 1.252222508192062378e-01 -1.695589572191238403e-01 -3.867992199957370758e-03
1.838930547237396240e-01 -1.134633868932723999e-01 9.763754010200500488e-01 -3.318407237529754639e-01
1.030251830816268921e-01 -9.856191277503967285e-01 -1.339416652917861938e-01 5.550432577729225159e-02
0.000000000000000000e+00 0.000000000000000000e+00 0.000000000000000000e+00 1.000000000000000000e+00
9.566028118133544922e-01 2.620063126087188721e-01 -1.275298893451690674e-01 -1.541643869131803513e-02
1.499824523925781250e-01 -6.748037040233612061e-02 9.863829612731933594e-01 -3.332358896732330322e-01
2.498328089714050293e-01 -9.627040028572082520e-01 -1.038482561707496643e-01 3.414044529199600220e-02
0.000000000000000000e+00 0.000000000000000000e+00 0.000000000000000000e+00 1.000000000000000000e+00
9.667268991470336914e-01 2.481031715869903564e-01 -6.232031807303428650e-02 -3.491992130875587463e-02
4.867562279105186462e-02 6.076156347990036011e-02 9.969648122787475586e-01 -3.288693428039550781e-01
2.511367797851562500e-01 -9.668261408805847168e-01 4.666326940059661865e-02 -1.587063632905483246e-02
0.000000000000000000e+00 0.000000000000000000e+00 0.000000000000000000e+00 1.000000000000000000e+00
7.699142098426818848e-01 6.301226019859313965e-01 -1.008836627006530762e-01 -1.130345184355974197e-02
-3.603374212980270386e-02 2.007635235786437988e-01 9.789767861366271973e-01 -3.158475756645202637e-01
6.371291875839233398e-01 -7.500929832458496094e-01 1.772763580083847046e-01 -8.009366691112518311e-02
0.000000000000000000e+00 0.000000000000000000e+00 0.000000000000000000e+00 1.000000000000000000e+00
7.744942307472229004e-01 6.281244158744812012e-01 -7.495687901973724365e-02 -1.467860490083694458e-02
-1.645323634147644043e-01 3.144397437572479248e-01 9.349100589752197266e-01 -2.908381521701812744e-01
6.108091473579406738e-01 -7.117496132850646973e-01 3.468785881996154785e-01 -1.336932778358459473e-01
0.000000000000000000e+00 0.000000000000000000e+00 0.000000000000000000e+00 1.000000000000000000e+00
9.445747733116149902e-01 2.204800248146057129e-01 2.432429045438766479e-01 -1.211363822221755981e-01
-3.148083090782165527e-01 3.981060683727264404e-01 8.616304397583007812e-01 -2.551313340663909912e-01
9.313587844371795654e-02 -8.904492855072021484e-01 4.454498887062072754e-01 -1.411798894405364990e-01
0.000000000000000000e+00 0.000000000000000000e+00 0.000000000000000000e+00 1.000000000000000000e+00
8.820139765739440918e-01 3.969133496284484863e-01 2.539903819561004639e-01 -1.160886064171791077e-01
-4.409077167510986328e-01 5.049231648445129395e-01 7.420597076416015625e-01 -2.066190987825393677e-01
1.662878096103668213e-01 -7.664933204650878906e-01 6.203516125679016113e-01 -1.981286257505416870e-01
0.000000000000000000e+00 0.000000000000000000e+00 0.000000000000000000e+00 1.000000000000000000e+00
8.036953210830688477e-01 5.321288108825683594e-01 2.662943005561828613e-01 -1.100977435708045959e-01
-5.756115913391113281e-01 5.818291902542114258e-01 5.745834708213806152e-01 -1.449916064739227295e-01
1.508145183324813843e-01 -6.150718331336975098e-01 7.739129066467285156e-01 -2.417023181915283203e-01
0.000000000000000000e+00 0.000000000000000000e+00 0.000000000000000000e+00 1.000000000000000000e+00
7.390375733375549316e-01 6.087695956230163574e-01 2.884835898876190186e-01 -1.077404469251632690e-01
-6.687864661216735840e-01 6.115728020668029785e-01 4.227327406406402588e-01 -9.159658849239349365e-02
8.091834932565689087e-02 -5.053493380546569824e-01 8.591121435165405273e-01 -2.621832489967346191e-01
0.000000000000000000e+00 0.000000000000000000e+00 0.000000000000000000e+00 1.000000000000000000e+00
6.589465737342834473e-01 7.181803584098815918e-01 2.236211150884628296e-01 -7.550224661827087402e-02
-7.497968673706054688e-01 6.034572720527648926e-01 2.713726162910461426e-01 -4.090655595064163208e-02
5.994866788387298584e-02 -3.464905619621276855e-01 9.361359477043151855e-01 -2.805621325969696045e-01
0.000000000000000000e+00 0.000000000000000000e+00 0.000000000000000000e+00 1.000000000000000000e+00
6.860157251358032227e-01 7.052088379859924316e-01 1.790597140789031982e-01 -6.301192194223403931e-02
-7.273301482200622559e-01 6.581527590751647949e-01 1.944876909255981445e-01 -1.405238360166549683e-02
1.930583827197551727e-02 -2.636574208736419678e-01 9.644232988357543945e-01 -2.840400934219360352e-01
0.000000000000000000e+00 0.000000000000000000e+00 0.000000000000000000e+00 1.000000000000000000e+00
6.907116174697875977e-01 6.996955275535583496e-01 1.826023012399673462e-01 -6.429661810398101807e-02
-7.168087959289550781e-01 6.958003044128417969e-01 4.523517936468124390e-02 3.220621123909950256e-02
-9.540385007858276367e-02 -1.621354520320892334e-01 9.821457862854003906e-01 -2.792310416698455811e-01
0.000000000000000000e+00 0.000000000000000000e+00 0.000000000000000000e+00 1.000000000000000000e+00
6.786730885505676270e-01 7.164171934127807617e-01 1.617056578397750854e-01 -5.661060288548469543e-02
-7.222915291786193848e-01 6.909487843513488770e-01 -2.973213233053684235e-02 5.241534858942031860e-02
-1.330309957265853882e-01 -9.662035852670669556e-02 9.863910079002380371e-01 -2.752542197704315186e-01
0.000000000000000000e+00 0.000000000000000000e+00 0.000000000000000000e+00 1.000000000000000000e+00
6.661873459815979004e-01 7.331733107566833496e-01 1.365688145160675049e-01 -4.781322553753852844e-02
-7.296369671821594238e-01 6.786419749259948730e-01 -8.411195129156112671e-02 6.691906601190567017e-02
-1.543498933315277100e-01 -4.361140355467796326e-02 9.870531558990478516e-01 -2.714866399765014648e-01
0.000000000000000000e+00 0.000000000000000000e+00 0.000000000000000000e+00 1.000000000000000000e+00
5.853645801544189453e-01 7.962903380393981934e-01 1.525454372167587280e-01 -4.501869529485702515e-02
-7.618593573570251465e-01 6.045882701873779297e-01 -2.324714958667755127e-01 1.091208308935165405e-01
-2.773420214653015137e-01 1.986235752701759338e-02 9.605659246444702148e-01 -2.568023204803466797e-01
0.000000000000000000e+00 0.000000000000000000e+00 0.000000000000000000e+00 1.000000000000000000e+00
5.904848575592041016e-01 7.891968488693237305e-01 1.688082069158554077e-01 -4.931135848164558411e-02
-6.731424331665039062e-01 5.970023870468139648e-01 -4.364257454872131348e-01 1.656597107648849487e-01
-4.452047348022460938e-01 1.440707147121429443e-01 8.837627768516540527e-01 -2.232984304428100586e-01
0.000000000000000000e+00 0.000000000000000000e+00 0.000000000000000000e+00 1.000000000000000000e+00
6.018813848495483398e-01 7.775867581367492676e-01 1.819282323122024536e-01 -5.491916462779045105e-02
-6.092524528503417969e-01 5.943905711174011230e-01 -5.248916745185852051e-01 1.890259534120559692e-01
-5.162851214408874512e-01 2.050822377204895020e-01 8.314991593360900879e-01 -2.025558054447174072e-01
0.000000000000000000e+00 0.000000000000000000e+00 0.000000000000000000e+00 1.000000000000000000e+00
6.662358641624450684e-01 7.243749499320983887e-01 1.772301495075225830e-01 -5.878115445375442505e-02
-4.950697124004364014e-01 6.073496341705322266e-01 -6.213145852088928223e-01 2.125183343887329102e-01
-5.577054619789123535e-01 3.262006938457489014e-01 7.632542848587036133e-01 -1.754372566938400269e-01
0.000000000000000000e+00 0.000000000000000000e+00 0.000000000000000000e+00 1.000000000000000000e+00
7.434841394424438477e-01 6.516041755676269531e-01 1.504773497581481934e-01 -5.684439837932586670e-02
-3.916161060333251953e-01 6.066089272499084473e-01 -6.918541789054870605e-01 2.276890873908996582e-01
