1.000000000000000000e+00 0.000000000000000000e+00 0.000000000000000000e+00 -4.097584310382009209e-01
0.000000000000000000e+00 -1.000000000000000000e+00 0.000000000000000000e+00 -1.932597221741734483e-02
0.000000000000000000e+00 0.000000000000000000e+00 -1.000000000000000000e+00 -2.664692399556274349e+00
0.000000000000000000e+00 0.000000000000000000e+00 0.000000000000000000e+00 1.000000000000000000e+00
9.966439008712768555e-01 -8.072938770055770874e-02 -1.356190163642168045e-02 -4.344585692787073516e-01
-8.047252893447875977e-02 -9.965847730636596680e-01 1.852511055767536163e-02 6.496888345261742082e-02
-1.501107309013605118e-02 -1.737160794436931610e-02 -9.997364282608032227e-01 -2.719789945882933768e+00
0.000000000000000000e+00 0.000000000000000000e+00 0.000000000000000000e+00 1.000000000000000000e+00
9.856477975845336914e-01 -1.650967150926589966e-01 -3.523731231689453125e-02 -4.772186879989017139e-01
-1.631929874420166016e-01 -9.852539896965026855e-01 5.140473693609237671e-02 2.048475094578067202e-01
-4.320449754595756531e-02 -4.491644725203514099e-02 -9.980559349060058594e-01 -2.710835408061675000e+00
0.000000000000000000e+00 0.000000000000000000e+00 0.000000000000000000e+00 1.000000000000000000e+00
9.663745760917663574e-01 -2.546549737453460693e-01 -3.565130382776260376e-02 -4.568462245481548223e-01
-2.514328360557556152e-01 -9.648503065109252930e-01 7.645429670810699463e-02 3.227816747656162555e-01
-5.386767163872718811e-02 -6.491957604885101318e-02 -9.964356422424316406e-01 -2.707964249514012156e+00
0.000000000000000000e+00 0.000000000000000000e+00 0.000000000000000000e+00 1.000000000000000000e+00
9.383543133735656738e-01 -3.424428701400756836e-01 -4.715451598167419434e-02 -4.647054864381010009e-01
-3.348359167575836182e-01 -9.343277215957641602e-01 1.221326515078544617e-01 4.950566719383133196e-01
-8.588130027055740356e-02 -9.881466627120971680e-02 -9.913929700851440430e-01 -2.683193918966388036e+00
0.000000000000000000e+00 0.000000000000000000e+00 0.000000000000000000e+00 1.000000000000000000e+00
8.923699259757995605e-01 -4.500823318958282471e-01 -3.318871185183525085e-02 -3.942005734826599661e-01
-4.420763850212097168e-01 -8.865518569946289062e-01 1.363602876663208008e-01 5.764900959553327375e-01
-9.079690277576446533e-02 -1.070118919014930725e-01 -9.901033043861389160e-01 -2.687973204506562741e+00
0.000000000000000000e+00 0.000000000000000000e+00 0.000000000000000000e+00 1.000000000000000000e+00
8.479163050651550293e-01 -5.298360586166381836e-01 -1.764683797955513000e-02 -3.246325812339723726e-01
-5.199723243713378906e-01 -8.376940488815307617e-01 1.670242547988891602e-01 6.988401507091446252e-01
-1.032781973481178284e-01 -1.324467211961746216e-01 -9.857949018478393555e-01 -2.676197177386903547e+00
0.000000000000000000e+00 0.000000000000000000e+00 0.000000000000000000e+00 1.000000000000000000e+00
7.927762269973754883e-01 -6.094464063644409180e-01 8.975073695182800293e-03 -2.189962978421559625e-01
-6.020183563232421875e-01 -7.806417346000671387e-01 1.678455919027328491e-01 7.341451910552686533e-01
-9.528661519289016724e-02 -1.384671777486801147e-01 -9.857724905014038086e-01 -2.686721539425140470e+00
0.000000000000000000e+00 0.000000000000000000e+00 0.000000000000000000e+00 1.000000000000000000e+00
7.234176993370056152e-01 -6.895990967750549316e-01 3.346359729766845703e-02 -1.017353923095966201e-01
-6.843436360359191895e-01 -7.098066806793212891e-01 1.668778508901596069e-01 7.599107691849960045e-01
-9.132614731788635254e-02 -1.436229646205902100e-01 -9.854093790054321289e-01 -2.692216889975520111e+00
0.000000000000000000e+00 0.000000000000000000e+00 0.000000000000000000e+00 1.000000000000000000e+00
6.474819779396057129e-01 -7.614222764968872070e-01 3.166569396853446960e-02 -5.841101022225650419e-02
-7.572672367095947266e-01 -6.381742954254150391e-01 1.388510316610336304e-01 7.040914320874525067e-01
-8.551610261201858521e-02 -1.138829514384269714e-01 -9.898068308830261230e-01 -2.719468751404368057e+00
0.000000000000000000e+00 0.000000000000000000e+00 0.000000000000000000e+00 1.000000000000000000e+00
5.507370829582214355e-01 -8.335671424865722656e-01 4.306164756417274475e-02 2.886710365373255580e-02
-8.326727151870727539e-01 -5.451070666313171387e-01 9.754092246294021606e-02 6.017028277467380004e-01
-5.783373489975929260e-02 -8.957565575838088989e-02 -9.942995309829711914e-01 -2.766307129399447451e+00
0.000000000000000000e+00 0.000000000000000000e+00 0.000000000000000000e+00 1.000000000000000000e+00
4.599028825759887695e-01 -8.834801316261291504e-01 8.917437493801116943e-02 2.202988414942931017e-01
-8.879504203796386719e-01 -4.569148719310760498e-01 5.265720933675765991e-02 4.770351851268040400e-01
-5.776494741439819336e-03 -1.033996269106864929e-01 -9.946230649948120117e-01 -2.804091355134468611e+00
0.000000000000000000e+00 0.000000000000000000e+00 0.000000000000000000e+00 1.000000000000000000e+00
3.536509871482849121e-01 -9.299614429473876953e-01 1.005131304264068604e-01 2.962131496048618917e-01
-9.351899623870849609e-01 -3.536852896213531494e-01 1.807893998920917511e-02 3.537265483547546441e-01
1.873729005455970764e-02 -1.003924533724784851e-01 -9.947714209556579590e-01 -2.817635331587609038e+00
0.000000000000000000e+00 0.000000000000000000e+00 0.000000000000000000e+00 1.000000000000000000e+00
2.737493515014648438e-01 -9.536916017532348633e-01 1.246335059404373169e-01 3.908001808190969539e-01
-9.588392376899719238e-01 -2.807670235633850098e-01 -4.239212349057197571e-02 1.402759332521473778e-01
7.542195916175842285e-02 -1.078986749053001404e-01 -9.912967681884765625e-01 -2.812040090658156188e+00
0.000000000000000000e+00 0.000000000000000000e+00 0.000000000000000000e+00 1.000000000000000000e+00
1.942379921674728394e-01 -9.684024453163146973e-01 1.564226001501083374e-01 4.953696446203240122e-01
-9.724147915840148926e-01 -2.110779732465744019e-01 -9.927286952733993530e-02 -5.617126158821718340e-02
1.291535198688507080e-01 -1.328251510858535767e-01 -9.826886057853698730e-01 -2.795733952065457828e+00
0.000000000000000000e+00 0.000000000000000000e+00 0.000000000000000000e+00 1.000000000000000000e+00
1.149544715881347656e-01 -9.811021685600280762e-01 1.556412428617477417e-01 5.114648958588609018e-01
-9.705443382263183594e-01 -1.443209350109100342e-01 -1.929124444723129272e-01 -3.506676369600713050e-01
2.117290496826171875e-01 -1.288805603981018066e-01 -9.687932133674621582e-01 -2.770395184554048207e+00
0.000000000000000000e+00 0.000000000000000000e+00 0.000000000000000000e+00 1.000000000000000000e+00
1.868715584278106689e-01 -9.725081324577331543e-01 1.389493942260742188e-01 4.536782080875663703e-01
-9.544768929481506348e-01 -2.132113277912139893e-01 -2.086020410060882568e-01 -3.900853946227565983e-01
2.324927300214767456e-01 -9.364220499992370605e-02 -9.680798649787902832e-01 -2.749554795384204997e+00
0.000000000000000000e+00 0.000000000000000000e+00 0.000000000000000000e+00 1.000000000000000000e+00
2.724677324295043945e-01 -9.510574340820312500e-01 1.457768827676773071e-01 4.508525451925270988e-01
-9.381325244903564453e-01 -2.962464094161987305e-01 -1.792911887168884277e-01 -2.863723976922375458e-01
2.137020528316497803e-01 -8.790697157382965088e-02 -9.729355573654174805e-01 -2.738541467181003330e+00
0.000000000000000000e+00 0.000000000000000000e+00 0.000000000000000000e+00 1.000000000000000000e+00
3.249777257442474365e-01 -9.340106248855590820e-01 1.483687609434127808e-01 4.430789972500934204e-01
-9.344001412391662598e-01 -3.413140773773193359e-01 -1.019875332713127136e-01 -3.717383007906228942e-02
1.458978056907653809e-01 -1.054921373724937439e-01 -9.836592078208923340e-01 -2.735347458513132768e+00
0.000000000000000000e+00 0.000000000000000000e+00 0.000000000000000000e+00 1.000000000000000000e+00
3.641956150531768799e-01 -9.136164188385009766e-01 1.807396113872528076e-01 5.198923187723186734e-01
-9.281575083732604980e-01 -3.720429241657257080e-01 -1.036531943827867508e-02 2.608705422161289866e-01
7.671283185482025146e-02 -1.639799326658248901e-01 -9.834764599800109863e-01 -2.699093873476226424e+00
0.000000000000000000e+00 0.000000000000000000e+00 0.000000000000000000e+00 1.000000000000000000e+00
4.040504693984985352e-01 -8.937000632286071777e-01 1.950465589761734009e-01 5.437080339431396014e-01
-9.145865440368652344e-01 -3.985564112663269043e-01 6.844130158424377441e-02 5.070325488011864223e-01
1.657104678452014923e-02 -2.060407102108001709e-01 -9.784032702445983887e-01 -2.651156425371071101e+00
0.000000000000000000e+00 0.000000000000000000e+00 0.000000000000000000e+00 1.000000000000000000e+00
4.603919684886932373e-01 -8.591966629028320312e-01 2.232047021389007568e-01 5.912044605058826008e-01
-8.866987824440002441e-01 -4.330602884292602539e-01 1.619372516870498657e-01 7.743385823347401775e-01
-4.247488826513290405e-02 -2.724699378013610840e-01 -9.612261652946472168e-01 -2.554994827216404474e+00
0.000000000000000000e+00 0.000000000000000000e+00 0.000000000000000000e+00 1.000000000000000000e+00
5.304061770439147949e-01 -8.205472230911254883e-01 2.130052596330642700e-01 5.099882704693193824e-01
-8.432958722114562988e-01 -4.849929809570312500e-01 2.315893173217773438e-01 9.498664669312049114e-01
-8.672394603490829468e-02 -3.024629354476928711e-01 -9.492076039314270020e-01 -2.487072404789820279e+00
0.000000000000000000e+00 0.000000000000000000e+00 0.000000000000000000e+00 1.000000000000000000e+00
5.932225584983825684e-01 -7.800582051277160645e-01 1.989876031875610352e-01 4.315020955304304517e-01
-7.950692176818847656e-01 -5.289179086685180664e-01 2.968339323997497559e-01 1.096703599541706486e+00
-1.262996941804885864e-01 -3.342974483966827393e-01 -9.339663386344909668e-01 -2.410305268770902565e+00
0.000000000000000000e+00 0.000000000000000000e+00 0.000000000000000000e+00 1.000000000000000000e+00
6.730040311813354492e-01 -7.184733152389526367e-01 1.756743341684341431e-01 3.113035470905182178e-01
-7.215124964714050293e-01 -5.854643583297729492e-01 3.696632087230682373e-01 1.237370776617743751e+00
-1.627421826124191284e-01 -3.755361735820770264e-01 -9.124076366424560547e-01 -2.313687541343839360e+00
0.000000000000000000e+00 0.000000000000000000e+00 0.000000000000000000e+00 1.000000000000000000e+00
7.330050468444824219e-01 -6.613751053810119629e-01 1.590173542499542236e-01 2.328249260166213030e-01
-6.513031125068664551e-01 -6.149542927742004395e-01 4.445621371269226074e-01 1.377427435838259218e+00
-1.962339431047439575e-01 -4.294345676898956299e-01 -8.815200924873352051e-01 -2.181851832726998897e+00
0.000000000000000000e+00 0.000000000000000000e+00 0.000000000000000000e+00 1.000000000000000000e+00
7.616080045700073242e-01 -6.311369538307189941e-01 1.470330953598022461e-01 1.790629478608504466e-01
-5.996900796890258789e-01 -6.004143357276916504e-01 5.290310978889465332e-01 1.553624130673061154e+00
-2.456106096506118774e-01 -4.910886585712432861e-01 -8.357672691345214844e-01 -1.991166066001695434e+00
0.000000000000000000e+00 0.000000000000000000e+00 0.000000000000000000e+00 1.000000000000000000e+00
7.935143709182739258e-01 -5.905857682228088379e-01 1.467761099338531494e-01 1.509182299377028191e-01
-5.338860750198364258e-01 -5.598495006561279297e-01 6.336670517921447754e-01 1.799766579991221249e+00
-2.920624017715454102e-01 -5.811856985092163086e-01 -7.595540881156921387e-01 -1.732672943943933230e+00
0.000000000000000000e+00 0.000000000000000000e+00 0.000000000000000000e+00 1.000000000000000000e+00
8.162955045700073242e-01 -5.589517951011657715e-01 1.457204073667526245e-01 1.289100442833695792e-01
-4.820374846458435059e-01 -5.201662778854370117e-01 7.050296068191528320e-01 1.975117793827461110e+00
-3.182786703109741211e-01 -6.457551717758178711e-01 -6.940451264381408691e-01 -1.515556376074123301e+00
0.000000000000000000e+00 0.000000000000000000e+00 0.000000000000000000e+00 1.000000000000000000e+00
8.435662984848022461e-01 -5.181308984756469727e-01 1.411961019039154053e-01 9.006015445765504224e-02
-4.158763587474822998e-01 -4.639325439929962158e-01 7.821848988533020020e-01 2.160955427914306171e+00
-3.397688567638397217e-01 -7.185450196266174316e-01 -6.068363189697265625e-01 -1.286035878991890646e+00
0.000000000000000000e+00 0.000000000000000000e+00 0.000000000000000000e+00 1.000000000000000000e+00
8.758317828178405762e-01 -4.723267555236816406e-01 9.912585467100143433e-02 -4.018915627951979985e-02
-3.274259567260742188e-01 -4.306374490261077881e-01 8.410371541976928711e-01 2.289720473165612002e+00
-3.545571565628051758e-01 -7.690635323524475098e-01 -5.318180322647094727e-01 -1.100854223920656461e+00
0.000000000000000000e+00 0.000000000000000000e+00 0.000000000000000000e+00 1.000000000000000000e+00
8.961083889007568359e-01 -4.385662078857421875e-01 6.818871945142745972e-02 -1.228988902936546390e-01
-2.241943329572677612e-01 -3.146828114986419678e-01 9.223403334617614746e-01 2.433731770418403162e+00
-3.830495476722717285e-01 -8.418042063713073730e-01 -3.803137242794036865e-01 -7.217065621207223725e-01
0.000000000000000000e+00 0.000000000000000000e+00 0.000000000000000000e+00 1.000000000000000000e+00
8.941729068756103516e-01 -4.471149146556854248e-01 2.330635115504264832e-02 -2.832029430358706801e-01
-7.908222079277038574e-02 -1.064888685941696167e-01 9.911640882492065430e-01 2.589222183056371307e+00
-4.406822919845581055e-01 -8.881149888038635254e-01 -1.305782645940780640e-01 -8.372495753249448169e-02
0.000000000000000000e+00 0.000000000000000000e+00 0.000000000000000000e+00 1.000000000000000000e+00
8.870639204978942871e-01 -4.602997004985809326e-01 3.523842990398406982e-02 -2.258715567161516391e-01
-8.407821506261825562e-02 -8.603127300739288330e-02 9.927386641502380371e-01 2.589695420625736322e+00
-4.539255797863006592e-01 -8.835851550102233887e-01 -1.150163784623146057e-01 -1.007434186954362793e-01
0.000000000000000000e+00 0.000000000000000000e+00 0.000000000000000000e+00 1.000000000000000000e+00
8.537659049034118652e-01 -5.195276141166687012e-01 3.427370265126228333e-02 -1.971826155882344112e-01
-1.019658967852592468e-01 -1.022864356637001038e-01 9.895154237747192383e-01 2.588440168320756296e+00
-5.105748772621154785e-01 -8.483092188835144043e-01 -1.403027623891830444e-01 -1.474524669334943694e-01
0.000000000000000000e+00 0.000000000000000000e+00 0.000000000000000000e+00 1.000000000000000000e+00
8.343762159347534180e-01 -5.469323992729187012e-01 6.841648370027542114e-02 -1.060712935687653374e-01
-2.281187772750854492e-01 -2.296514809131622314e-01 9.461616873741149902e-01 2.522692155250787049e+00
-5.017746686935424805e-01 -8.050621151924133301e-01 -3.163813054561614990e-01 -5.196513662690306345e-01
0.000000000000000000e+00 0.000000000000000000e+00 0.000000000000000000e+00 1.000000000000000000e+00
8.373901247978210449e-01 -5.353910923004150391e-01 1.101545393466949463e-01 -7.865823053202252585e-03
-3.116181790828704834e-01 -3.020309209823608398e-01 9.009277820587158203e-01 2.438926897951017025e+00
-4.490789175033569336e-01 -7.887542247772216797e-01 -4.197553694248199463e-01 -7.859885045166180584e-01
0.000000000000000000e+00 0.000000000000000000e+00 0.000000000000000000e+00 1.000000000000000000e+00
8.213807940483093262e-01 -5.599014163017272949e-01 1.088303402066230774e-01 -4.723326829391171107e-03
-3.640900254249572754e-01 -3.678051233291625977e-01 8.556623458862304688e-01 2.345697165204223111e+00
-4.390581250190734863e-01 -7.424485683441162109e-01 -5.059626102447509766e-01 -1.009856365092472119e+00
0.000000000000000000e+00 0.000000000000000000e+00 0.000000000000000000e+00 1.000000000000000000e+00
8.336213827133178711e-01 -5.464742779731750488e-01 8.025693148374557495e-02 -1.191273127635665424e-01
-4.517051279544830322e-01 -5.908858180046081543e-01 6.684432029724121094e-01 1.976092000963695972e+00
-3.178645074367523193e-01 -5.934809446334838867e-01 -7.394203543663024902e-01 -1.671162131746490420e+00
0.000000000000000000e+00 0.000000000000000000e+00 0.000000000000000000e+00 1.000000000000000000e+00
8.397530317306518555e-01 -5.392463803291320801e-01 6.346572190523147583e-02 -1.751089458577029523e-01
-4.619921445846557617e-01 -6.482072472572326660e-01 6.053013801574707031e-01 1.803648507761381747e+00
-2.852678596973419189e-01 -5.376244187355041504e-01 -7.934619784355163574e-01 -1.831199074303782037e+00
0.000000000000000000e+00 0.000000000000000000e+00 0.000000000000000000e+00 1.000000000000000000e+00
8.582414388656616211e-01 -5.099610686302185059e-01 5.797634646296501160e-02 -1.916480987652589008e-01
-4.586852490901947021e-01 -7.114143371582031250e-01 5.324445962905883789e-01 1.602545581794166951e+00
-2.302808612585067749e-01 -4.835590124130249023e-01 -8.444770574569702148e-01 -1.982352809600561594e+00
0.000000000000000000e+00 0.000000000000000000e+00 0.000000000000000000e+00 1.000000000000000000e+00
8.761746883392333984e-01 -4.812028110027313232e-01 2.759633399546146393e-02 -2.627341246908074246e-01
-4.525372385978698730e-01 -8.015705943107604980e-01 3.907610177993774414e-01 1.223595424245121022e+00
-1.659151315689086914e-01 -3.548631966114044189e-01 -9.200782179832458496e-01 -2.199512010242655524e+00
0.000000000000000000e+00 0.000000000000000000e+00 0.000000000000000000e+00 1.000000000000000000e+00
8.790267109870910645e-01 -4.761147201061248779e-01 2.504060044884681702e-02 -2.531965250712580606e-01
-4.661232233047485352e-01 -8.471672534942626953e-01 2.550227344036102295e-01 8.749226752557104358e-01
-1.002065688371658325e-01 -2.358437478542327881e-01 -9.666109085083007812e-01 -2.344005099213295473e+00
0.000000000000000000e+00 0.000000000000000000e+00 0.000000000000000000e+00 1.000000000000000000e+00
8.795953392982482910e-01 -4.754015207290649414e-01 1.746653392910957336e-02 -2.349320556025045748e-01
-4.756542742252349854e-01 -8.782557249069213867e-01 4.919007793068885803e-02 3.385783241354948792e-01
-8.044974878430366516e-03 -5.157540738582611084e-02 -9.986366629600524902e-01 -2.464823616463103217e+00
0.000000000000000000e+00 0.000000000000000000e+00 0.000000000000000000e+00 1.000000000000000000e+00
8.865267634391784668e-01 -4.625143110752105713e-01 1.228704117238521576e-02 -2.320685888899708393e-01
-4.615470468997955322e-01 -8.859039545059204102e-01 -4.635081812739372253e-02 7.741989497423697186e-02
3.232305869460105896e-02 3.542020544409751892e-02 -9.988496303558349609e-01 -2.488283782591284687e+00
0.000000000000000000e+00 0.000000000000000000e+00 0.000000000000000000e+00 1.000000000000000000e+00
8.946759700775146484e-01 -4.465647041797637939e-01 1.160452794283628464e-02 -2.312831938860030745e-01
-4.399815201759338379e-01 -8.853855133056640625e-01 -1.500291228294372559e-01 -2.187846735713627200e-01
7.727225124835968018e-02 1.291216611862182617e-01 -9.886135458946228027e-01 -2.482193504810846107e+00
0.000000000000000000e+00 0.000000000000000000e+00 0.000000000000000000e+00 1.000000000000000000e+00
8.976674675941467285e-01 -4.404229223728179932e-01 1.485655736178159714e-02 -2.183235899474531005e-01
-4.223684370517730713e-01 -8.695062994956970215e-01 -2.560536861419677734e-01 -5.290439840166882846e-01
1.256898343563079834e-01 2.235760837793350220e-01 -9.665483236312866211e-01 -2.439056589646939166e+00
0.000000000000000000e+00 0.000000000000000000e+00 0.000000000000000000e+00 1.000000000000000000e+00
9.000684022903442383e-01 -4.354205727577209473e-01 1.689997315406799316e-02 -2.116322797584007931e-01
-3.992896378040313721e-01 -8.396698236465454102e-01 -3.681332468986511230e-01 -8.710131779674018526e-01
1.744833290576934814e-01 3.245971202850341797e-01 -9.296193718910217285e-01 -2.351951627214793561e+00
0.000000000000000000e+00 0.000000000000000000e+00 0.000000000000000000e+00 1.000000000000000000e+00
9.053183197975158691e-01 -4.245481491088867188e-01 1.254790741950273514e-02 -2.334310612375435079e-01
-3.719866275787353516e-01 -8.068013787269592285e-01 -4.590175151824951172e-01 -1.149079502473190573e+00
2.049989104270935059e-01 4.108892679214477539e-01 -8.883384466171264648e-01 -2.256758165510341030e+00
0.000000000000000000e+00 0.000000000000000000e+00 0.000000000000000000e+00 1.000000000000000000e+00
9.153829813003540039e-01 -4.024962782859802246e-01 8.403145708143711090e-03 -2.708074989868638482e-01
-3.321989178657531738e-01 -7.669700980186462402e-01 -5.489995479583740234e-01 -1.427314495471267541e+00
2.274153530597686768e-01 4.997533261775970459e-01 -8.357802629470825195e-01 -2.138219052891284555e+00
0.000000000000000000e+00 0.000000000000000000e+00 0.000000000000000000e+00 1.000000000000000000e+00
9.092058539390563965e-01 -4.161619544029235840e-01 -1.240280922502279282e-02 -3.378604681036098123e-01
-3.308861851692199707e-01 -7.041780948638916016e-01 -6.282095313072204590e-01 -1.649884057059447073e+00
2.527032494544982910e-01 5.752757191658020020e-01 -7.779452204704284668e-01 -2.009308035235201295e+00
0.000000000000000000e+00 0.000000000000000000e+00 0.000000000000000000e+00 1.000000000000000000e+00
9.155632257461547852e-01 -4.011182188987731934e-01 -2.912198565900325775e-02 -4.043894611331675937e-01
-2.960070371627807617e-01 -6.230816841125488281e-01 -7.239813208580017090e-01 -1.928723497227024630e+00
2.722567617893218994e-01 6.714709401130676270e-01 -6.892045140266418457e-01 -1.782572603335242256e+00
0.000000000000000000e+00 0.000000000000000000e+00 0.000000000000000000e+00 1.000000000000000000e+00
9.254384636878967285e-01 -3.752234876155853271e-01 -5.263980478048324585e-02 -4.822331091447876750e-01
-2.672382891178131104e-01 -5.478986501693725586e-01 -7.927108407020568848e-01 -2.139234606825431761e+00
2.686025202274322510e-01 7.476724982261657715e-01 -6.073206067085266113e-01 -1.553206080925724430e+00
0.000000000000000000e+00 0.000000000000000000e+00 0.000000000000000000e+00 1.000000000000000000e+00
9.328464865684509277e-01 -3.570902347564697266e-01 -4.779043421149253845e-02 -4.864930061048240995e-01
-2.251164764165878296e-01 -4.741699993610382080e-01 -8.511670231819152832e-01 -2.326908899373904660e+00
2.812826633453369141e-01 8.047665953636169434e-01 -5.227147340774536133e-01 -1.332005872945692504e+00
0.000000000000000000e+00 0.000000000000000000e+00 0.000000000000000000e+00 1.000000000000000000e+00
9.428504705429077148e-01 -3.288938701152801514e-01 -5.349557474255561829e-02 -5.295807694074817773e-01
-1.927281916141510010e-01 -4.072949588298797607e-01 -8.927298188209533691e-01 -2.454176002849527194e+00
2.718249261379241943e-01 8.520208001136779785e-01 -4.474053680896759033e-01 -1.136827867549912385e+00
0.000000000000000000e+00 0.000000000000000000e+00 0.000000000000000000e+00 1.000000000000000000e+00
9.547111988067626953e-01 -2.929261922836303711e-01 -5.216096714138984680e-02 -5.529549801404113341e-01
-1.548113524913787842e-01 -3.393462002277374268e-01 -9.278347492218017578e-01 -2.578527935303834173e+00
2.540865242481231689e-01 8.938893079757690430e-01 -3.693259656429290771e-01 -9.153846251738347872e-01
0.000000000000000000e+00 0.000000000000000000e+00 0.000000000000000000e+00 1.000000000000000000e+00
9.600074887275695801e-01 -2.685551643371582031e-01 -7.914351671934127808e-02 -6.489256276256898381e-01
-1.500809490680694580e-01 -2.549903392791748047e-01 -9.552253484725952148e-01 -2.693524940599770101e+00
2.363499253988265991e-01 9.289014339447021484e-01 -2.850976586341857910e-01 -6.389583516846759625e-01
0.000000000000000000e+00 0.000000000000000000e+00 0.000000000000000000e+00 1.000000000000000000e+00
9.737724661827087402e-01 -2.187430858612060547e-01 -6.259834021329879761e-02 -6.334722134637376101e-01
-9.738320112228393555e-02 -1.520487219095230103e-01 -9.835637807846069336e-01 -2.816989173193641616e+00
2.056297659873962402e-01 9.638634920120239258e-01 -1.693627834320068359e-01 -2.657815372654772079e-01
0.000000000000000000e+00 0.000000000000000000e+00 0.000000000000000000e+00 1.000000000000000000e+00
9.915612339973449707e-01 -1.262163519859313965e-01 -2.959404513239860535e-02 -5.596439793296715814e-01
-4.652543365955352783e-02 -1.333865076303482056e-01 -9.899713397026062012e-01 -2.843975304138933513e+00
1.210031211376190186e-01 9.829940199851989746e-01 -1.381331533193588257e-01 -1.763777681520874441e-01
0.000000000000000000e+00 0.000000000000000000e+00 0.000000000000000000e+00 1.000000000000000000e+00
9.949916601181030273e-01 -9.995811432600021362e-02 7.975934568094089627e-05 -4.940871583768301489e-01
-2.444930747151374817e-02 -2.441441118717193604e-01 -9.694306254386901855e-01 -2.808853350164397522e+00
9.692194312810897827e-02 9.645734429359436035e-01 -2.453652322292327881e-01 -4.900477348726584581e-01
0.000000000000000000e+00 0.000000000000000000e+00 0.000000000000000000e+00 1.000000000000000000e+00
9.969452619552612305e-01 -4.678884148597717285e-02 6.253786385059356689e-02 -2.964875011392155146e-01
4.569787159562110901e-02 -2.999084591865539551e-01 -9.528726339340209961e-01 -2.855909996915959592e+00
6.333944201469421387e-02 9.528197050094604492e-01 -2.968541383743286133e-01 -6.328880105890110075e-01
0.000000000000000000e+00 0.000000000000000000e+00 0.000000000000000000e+00 1.000000000000000000e+00
