1.000000000000000000e+00 0.000000000000000000e+00 0.000000000000000000e+00 -4.542167112231254578e-02
0.000000000000000000e+00 1.000000000000000000e+00 0.000000000000000000e+00 9.935460984706878662e-04
0.000000000000000000e+00 0.000000000000000000e+00 1.000000000000000000e+00 -2.875000238418579102e-01
0.000000000000000000e+00 0.000000000000000000e+00 0.000000000000000000e+00 1.000000000000000000e+00
9.962661862373352051e-01 8.108072727918624878e-02 2.965706028044223785e-02 -5.226727575063705444e-02
-8.051390945911407471e-02 9.965561628341674805e-01 -1.983396336436271667e-02 1.077092066407203674e-02
-3.116307221353054047e-02 1.737210527062416077e-02 9.993633031845092773e-01 -2.923796176910400391e-01
0.000000000000000000e+00 0.000000000000000000e+00 0.000000000000000000e+00 1.000000000000000000e+00
9.840123653411865234e-01 1.689136177301406860e-01 5.646322667598724365e-02 -5.845146998763084412e-02
-1.661067605018615723e-01 9.847772121429443359e-01 -5.120418593287467957e-02 2.568299882113933563e-02
-6.425283849239349365e-02 4.100661352276802063e-02 9.970909953117370605e-01 -2.911389470100402832e-01
0.000000000000000000e+00 0.000000000000000000e+00 0.000000000000000000e+00 1.000000000000000000e+00
9.639064073562622070e-01 2.612630724906921387e-01 5.124644935131072998e-02 -5.494239926338195801e-02
-2.567909061908721924e-01 9.631348848342895508e-01 -8.018510788679122925e-02 3.956582769751548767e-02
-7.030669599771499634e-02 6.413125991821289062e-02 9.954615235328674316e-01 -2.908812463283538818e-01
0.000000000000000000e+00 0.000000000000000000e+00 0.000000000000000000e+00 1.000000000000000000e+00
9.353668689727783203e-01 3.477289080619812012e-01 6.459796428680419922e-02 -5.608718097209930420e-02
-3.383554518222808838e-01 9.329686164855957031e-01 -1.228203549981117249e-01 5.714456364512443542e-02
-1.029760837554931641e-01 9.302496910095214844e-02 9.903241991996765137e-01 -2.883160710334777832e-01
0.000000000000000000e+00 0.000000000000000000e+00 0.000000000000000000e+00 1.000000000000000000e+00
8.874089121818542480e-01 4.580623209476470947e-01 5.180094018578529358e-02 -4.898569732904434204e-02
-4.474225640296936035e-01 8.829054236412048340e-01 -1.424446851015090942e-01 6.774686276912689209e-02
-1.109839379787445068e-01 1.032298058271408081e-01 9.884465932846069336e-01 -2.886150777339935303e-01
0.000000000000000000e+00 0.000000000000000000e+00 0.000000000000000000e+00 1.000000000000000000e+00
8.423591852188110352e-01 5.377138853073120117e-01 3.597389534115791321e-02 -4.095653817057609558e-02
-5.253881812095642090e-01 8.342451453208923340e-01 -1.673376411199569702e-01 7.913244515657424927e-02
-1.199908554553985596e-01 1.220581680536270142e-01 9.852434992790222168e-01 -2.876352667808532715e-01
0.000000000000000000e+00 0.000000000000000000e+00 0.000000000000000000e+00 1.000000000000000000e+00
7.901775836944580078e-01 6.125808358192443848e-01 1.908551715314388275e-02 -3.294253349304199219e-02
-6.008462309837341309e-01 7.804292440414428711e-01 -1.729568094015121460e-01 8.415891230106353760e-02
-1.208449676632881165e-01 1.251991242170333862e-01 9.847446084022521973e-01 -2.884958386421203613e-01
0.000000000000000000e+00 0.000000000000000000e+00 0.000000000000000000e+00 1.000000000000000000e+00
7.166724801063537598e-01 6.973764896392822266e-01 -6.879366002976894379e-03 -1.950899697840213776e-02
-6.888683438301086426e-01 7.063205838203430176e-01 -1.630069315433502197e-01 8.424670249223709106e-02
-1.088181957602500916e-01 1.215615794062614441e-01 9.866010546684265137e-01 -2.901484072208404541e-01
0.000000000000000000e+00 0.000000000000000000e+00 0.000000000000000000e+00 1.000000000000000000e+00
6.445021629333496094e-01 7.644644379615783691e-01 -1.453976146876811981e-02 -1.218414679169654846e-02
-7.585235834121704102e-01 6.368690729141235352e-01 -1.379823386669158936e-01 7.902117073535919189e-02
-9.622264653444290161e-02 9.995862841606140137e-02 9.903277158737182617e-01 -2.931257784366607666e-01
0.000000000000000000e+00 0.000000000000000000e+00 0.000000000000000000e+00 1.000000000000000000e+00
5.477182865142822266e-01 8.361952304840087891e-01 -2.797863073647022247e-02 -2.050947397947311401e-03
-8.341364264488220215e-01 5.431624054908752441e-01 -9.586893022060394287e-02 6.783686578273773193e-02
-6.496820598840713501e-02 7.584717869758605957e-02 9.950008988380432129e-01 -2.982545197010040283e-01
0.000000000000000000e+00 0.000000000000000000e+00 0.000000000000000000e+00 1.000000000000000000e+00
4.560512900352478027e-01 8.875992298126220703e-01 -6.468347460031509399e-02 1.581643708050251007e-02
-8.896774649620056152e-01 4.528935849666595459e-01 -5.797883495688438416e-02 5.637793242931365967e-02
-2.216726541519165039e-02 8.398881554603576660e-02 9.962203502655029297e-01 -3.025662004947662354e-01
0.000000000000000000e+00 0.000000000000000000e+00 0.000000000000000000e+00 1.000000000000000000e+00
3.521141409873962402e-01 9.326520562171936035e-01 -7.857967913150787354e-02 2.440366894006729126e-02
-9.358779788017272949e-01 3.519349694252014160e-01 -1.658031344413757324e-02 4.087331146001815796e-02
1.219125650823116302e-02 7.937915623188018799e-02 9.967694878578186035e-01 -3.045825362205505371e-01
0.000000000000000000e+00 0.000000000000000000e+00 0.000000000000000000e+00 1.000000000000000000e+00
2.691265642642974854e-01 9.573200345039367676e-01 -1.053986549377441406e-01 3.547935932874679565e-02
-9.605073928833007812e-01 2.748207747936248779e-01 4.358046874403953552e-02 1.814871095120906830e-02
7.068617641925811768e-02 8.950749039649963379e-02 9.934743642807006836e-01 -3.039621114730834961e-01
0.000000000000000000e+00 0.000000000000000000e+00 0.000000000000000000e+00 1.000000000000000000e+00
1.924676448106765747e-01 9.734218716621398926e-01 -1.241182759404182434e-01 4.312588274478912354e-02
-9.734038114547729492e-01 2.054019868373870850e-01 1.014683991670608521e-01 -3.366549266502261162e-03
1.242657303810119629e-01 1.012878715991973877e-01 9.870661497116088867e-01 -3.029727637767791748e-01
0.000000000000000000e+00 0.000000000000000000e+00 0.000000000000000000e+00 1.000000000000000000e+00
1.156323105096817017e-01 9.847598075866699219e-01 -1.299152225255966187e-01 4.670231416821479797e-02
-9.717716574668884277e-01 1.392334550619125366e-01 1.904567629098892212e-01 -3.401590511202812195e-02
2.056426554918289185e-01 1.042249947786331177e-01 9.730613231658935547e-01 -3.001270890235900879e-01
0.000000000000000000e+00 0.000000000000000000e+00 0.000000000000000000e+00 1.000000000000000000e+00
1.917613595724105835e-01 9.747378230094909668e-01 -1.145156994462013245e-01 4.110564664006233215e-02
-9.541977643966674805e-01 2.124659270048141479e-01 2.106276005506515503e-01 -3.982370719313621521e-02
2.296373844146728516e-01 6.888049095869064331e-02 9.708358049392700195e-01 -2.974207401275634766e-01
0.000000000000000000e+00 0.000000000000000000e+00 0.000000000000000000e+00 1.000000000000000000e+00
2.751467823982238770e-01 9.546375274658203125e-01 -1.138472184538841248e-01 3.854621946811676025e-02
-9.393236041069030762e-01 2.921688854694366455e-01 1.797441542148590088e-01 -2.770984172821044922e-02
2.048532813787460327e-01 5.748339369893074036e-02 9.771032333374023438e-01 -2.969791591167449951e-01
0.000000000000000000e+00 0.000000000000000000e+00 0.000000000000000000e+00 1.000000000000000000e+00
3.267833292484283447e-01 9.376791119575500488e-01 -1.181946769356727600e-01 3.828419744968414307e-02
-9.345994591712951660e-01 3.392058908939361572e-01 1.070664972066879272e-01 -1.932459534145891666e-03
1.404864341020584106e-01 7.547722756862640381e-02 9.872010350227355957e-01 -2.963806688785552979e-01
0.000000000000000000e+00 0.000000000000000000e+00 0.000000000000000000e+00 1.000000000000000000e+00
3.602954745292663574e-01 9.200304746627807617e-01 -1.540483683347702026e-01 4.797586426138877869e-02
-9.305780529975891113e-01 3.659757077693939209e-01 9.255611337721347809e-03 3.180744126439094543e-02
6.489337980747222900e-02 1.400193125009536743e-01 9.880199432373046875e-01 -2.923877239227294922e-01
0.000000000000000000e+00 0.000000000000000000e+00 0.000000000000000000e+00 1.000000000000000000e+00
3.959067165851593018e-01 9.034116268157958984e-01 -1.646357178688049316e-01 4.962484166026115417e-02
-9.182884097099304199e-01 3.899073898792266846e-01 -6.869477033615112305e-02 5.862173810601234436e-02
2.132937312126159668e-03 1.783797889947891235e-01 9.839597344398498535e-01 -2.873690128326416016e-01
0.000000000000000000e+00 0.000000000000000000e+00 0.000000000000000000e+00 1.000000000000000000e+00
4.509281516075134277e-01 8.700850009918212891e-01 -1.990337371826171875e-01 5.666252970695495605e-02
-8.909950256347656250e-01 4.256047010421752930e-01 -1.580763459205627441e-01 8.597960323095321655e-02
-5.283030495047569275e-02 2.486192137002944946e-01 9.671591520309448242e-01 -2.773677706718444824e-01
0.000000000000000000e+00 0.000000000000000000e+00 0.000000000000000000e+00 1.000000000000000000e+00
5.236641764640808105e-01 8.326328396797180176e-01 -1.802738457918167114e-01 4.560036957263946533e-02
-8.450452089309692383e-01 4.808343350887298584e-01 -2.338748276233673096e-01 1.068470329046249390e-01
-1.080498024821281433e-01 2.748111784458160400e-01 9.554073214530944824e-01 -2.693954408168792725e-01
0.000000000000000000e+00 0.000000000000000000e+00 0.000000000000000000e+00 1.000000000000000000e+00
5.873273611068725586e-01 7.915237545967102051e-01 -1.689300984144210815e-01 3.767424449324607849e-02
-7.967939376831054688e-01 5.288571715354919434e-01 -2.922830283641815186e-01 1.207883208990097046e-01
-1.420091837644577026e-01 3.062679469585418701e-01 9.412934780120849609e-01 -2.616943120956420898e-01
0.000000000000000000e+00 0.000000000000000000e+00 0.000000000000000000e+00 1.000000000000000000e+00
6.694702506065368652e-01 7.264050841331481934e-01 -1.553879529237747192e-01 2.749938890337944031e-02
-7.212861776351928711e-01 5.856419205665588379e-01 -3.698243200778961182e-01 1.373319327831268311e-01
-1.776407659053802490e-01 3.596651554107666016e-01 9.160149693489074707e-01 -2.500578761100769043e-01
0.000000000000000000e+00 0.000000000000000000e+00 0.000000000000000000e+00 1.000000000000000000e+00
7.247345447540283203e-01 6.751597523689270020e-01 -1.375476568937301636e-01 1.889300718903541565e-02
-6.548380255699157715e-01 6.128067374229431152e-01 -4.423278570175170898e-01 1.518591046333312988e-01
-2.143518775701522827e-01 4.106417894363403320e-01 8.862429261207580566e-01 -2.358229011297225952e-01
0.000000000000000000e+00 0.000000000000000000e+00 0.000000000000000000e+00 1.000000000000000000e+00
7.472947239875793457e-01 6.541078686714172363e-01 -1.170185357332229614e-01 1.116322539746761322e-02
-6.050589084625244141e-01 5.970224142074584961e-01 -5.267526507377624512e-01 1.709253638982772827e-01
-2.746904790401458740e-01 4.644421339035034180e-01 8.419255018234252930e-01 -2.149903178215026855e-01
0.000000000000000000e+00 0.000000000000000000e+00 0.000000000000000000e+00 1.000000000000000000e+00
7.765531539916992188e-01 6.169287562370300293e-01 -1.279207020998001099e-01 1.165235228836536407e-02
-5.422719120979309082e-01 5.510683655738830566e-01 -6.342433094978332520e-01 1.987739950418472290e-01
-3.207899928092956543e-01 5.618913173675537109e-01 7.624775171279907227e-01 -1.859840601682662964e-01
0.000000000000000000e+00 0.000000000000000000e+00 0.000000000000000000e+00 1.000000000000000000e+00
7.981629371643066406e-01 5.897902250289916992e-01 -1.228138655424118042e-01 8.307250216603279114e-03
-4.878991842269897461e-01 5.132468342781066895e-01 -7.060678005218505859e-01 2.175273746252059937e-01
-3.533981740474700928e-01 6.234779357910156250e-01 6.974129080772399902e-01 -1.625669598579406738e-01
0.000000000000000000e+00 0.000000000000000000e+00 0.000000000000000000e+00 1.000000000000000000e+00
8.307770490646362305e-01 5.424346923828125000e-01 -1.247960701584815979e-01 5.370008759200572968e-03
-4.178082644939422607e-01 4.595968425273895264e-01 -7.837132215499877930e-01 2.377759218215942383e-01
-3.677574396133422852e-01 7.032320499420166016e-01 6.084563732147216797e-01 -1.375247091054916382e-01
0.000000000000000000e+00 0.000000000000000000e+00 0.000000000000000000e+00 1.000000000000000000e+00
8.552047610282897949e-01 5.134387612342834473e-01 -7.075079530477523804e-02 -1.112614758312702179e-02
-3.272987604141235352e-01 4.291585087776184082e-01 -8.418422341346740723e-01 2.515266537666320801e-01
-4.018711149692535400e-01 7.431041598320007324e-01 5.350661873817443848e-01 -1.172344610095024109e-01
0.000000000000000000e+00 0.000000000000000000e+00 0.000000000000000000e+00 1.000000000000000000e+00
8.763280510902404785e-01 4.789701104164123535e-01 -5.135560035705566406e-02 -1.641404256224632263e-02
-2.390010058879852295e-01 3.397459089756011963e-01 -9.096431732177734375e-01 2.648667097091674805e-01
-4.182438850402832031e-01 8.094198703765869141e-01 4.122032523155212402e-01 -8.412535488605499268e-02
0.000000000000000000e+00 0.000000000000000000e+00 0.000000000000000000e+00 1.000000000000000000e+00
8.398721218109130859e-01 5.421987175941467285e-01 -2.519015967845916748e-02 -2.740583941340446472e-02
-1.116364598274230957e-01 1.271368265151977539e-01 -9.855825901031494141e-01 2.831301987171173096e-01
-5.311794877052307129e-01 8.305757045745849609e-01 1.673077493906021118e-01 -1.309466455131769180e-02
0.000000000000000000e+00 0.000000000000000000e+00 0.000000000000000000e+00 1.000000000000000000e+00
8.464745879173278809e-01 5.306326150894165039e-01 -4.369227960705757141e-02 -2.107953093945980072e-02
-1.180847734212875366e-01 1.070837378501892090e-01 -9.872123599052429199e-01 2.835817039012908936e-01
-5.191686749458312988e-01 8.408102393150329590e-01 1.533033400774002075e-01 -1.568527705967426300e-02
0.000000000000000000e+00 0.000000000000000000e+00 0.000000000000000000e+00 1.000000000000000000e+00
7.948656082153320312e-01 6.063485145568847656e-01 -2.303035371005535126e-02 -2.226662077009677887e-02
-1.219807639718055725e-01 1.224951595067977905e-01 -9.849446415901184082e-01 2.830223441123962402e-01
-5.943983793258666992e-01 7.857070565223693848e-01 1.713299751281738281e-01 -1.902936026453971863e-02
0.000000000000000000e+00 0.000000000000000000e+00 0.000000000000000000e+00 1.000000000000000000e+00
7.759739160537719727e-01 6.291199326515197754e-01 -4.553594067692756653e-02 -1.546555571258068085e-02
-2.489696890115737915e-01 2.391556948423385620e-01 -9.385193586349487305e-01 2.751851677894592285e-01
-5.795507431030273438e-01 7.396034598350524902e-01 3.422102332115173340e-01 -5.840633809566497803e-02
0.000000000000000000e+00 0.000000000000000000e+00 0.000000000000000000e+00 1.000000000000000000e+00
7.980597019195556641e-01 5.984869003295898438e-01 -7.010146975517272949e-02 -9.171204641461372375e-03
-3.082821965217590332e-01 3.055608272552490234e-01 -9.008855819702148438e-01 2.673149406909942627e-01
-5.177478194236755371e-01 7.405713796615600586e-01 4.283585846424102783e-01 -8.357940614223480225e-02
0.000000000000000000e+00 0.000000000000000000e+00 0.000000000000000000e+00 1.000000000000000000e+00
7.888409495353698730e-01 6.087424159049987793e-01 -8.463388681411743164e-02 -5.739664658904075623e-03
-3.722741007804870605e-01 3.636950254440307617e-01 -8.538953661918640137e-01 2.571388781070709229e-01
-4.890215396881103516e-01 7.050951719284057617e-01 5.135166049003601074e-01 -1.084356904029846191e-01
0.000000000000000000e+00 0.000000000000000000e+00 0.000000000000000000e+00 1.000000000000000000e+00
8.243632912635803223e-01 5.621507763862609863e-01 -6.642051041126251221e-02 -1.699650473892688751e-02
-4.561194777488708496e-01 5.901754498481750488e-01 -6.660690307617187500e-01 2.167757898569107056e-01
-3.352315127849578857e-01 5.793783664703369141e-01 7.429266571998596191e-01 -1.799922883510589600e-01
0.000000000000000000e+00 0.000000000000000000e+00 0.000000000000000000e+00 1.000000000000000000e+00
8.216351270675659180e-01 5.682982206344604492e-01 -4.419003054499626160e-02 -2.415369264781475067e-02
-4.737771153450012207e-01 6.377559900283813477e-01 -6.072908043861389160e-01 1.995808631181716919e-01
-3.169399201869964600e-01 5.199075341224670410e-01 7.932491898536682129e-01 -1.955354362726211548e-01
0.000000000000000000e+00 0.000000000000000000e+00 0.000000000000000000e+00 1.000000000000000000e+00
8.464053869247436523e-01 5.312554836273193359e-01 -3.694446757435798645e-02 -2.644238062202930450e-02
-4.661469757556915283e-01 7.055544257164001465e-01 -5.337603688240051270e-01 1.773674190044403076e-01
-2.574971914291381836e-01 4.689992964267730713e-01 8.448286056518554688e-01 -2.123429775238037109e-01
0.000000000000000000e+00 0.000000000000000000e+00 0.000000000000000000e+00 1.000000000000000000e+00
8.680995106697082520e-01 4.963262081146240234e-01 -7.999990135431289673e-03 -3.390551730990409851e-02
-4.590803086757659912e-01 7.966156005859375000e-01 -3.932536840438842773e-01 1.365606337785720825e-01
-1.888093948364257812e-01 3.450558483600616455e-01 9.193949103355407715e-01 -2.357367277145385742e-01
0.000000000000000000e+00 0.000000000000000000e+00 0.000000000000000000e+00 1.000000000000000000e+00
8.758245706558227539e-01 4.825688302516937256e-01 -7.669042330235242844e-03 -3.244848176836967468e-02
-4.683779180049896240e-01 8.460214138031005859e-01 -2.546957135200500488e-01 9.805824607610702515e-02
-1.164200827479362488e-01 2.266608327627182007e-01 9.669906497001647949e-01 -2.521733343601226807e-01
0.000000000000000000e+00 0.000000000000000000e+00 0.000000000000000000e+00 1.000000000000000000e+00
8.768962025642395020e-01 4.806677103042602539e-01 3.373744199052453041e-03 -3.171569481492042542e-02
-4.799050092697143555e-01 8.758596181869506836e-01 -5.060952156782150269e-02 4.042765498161315918e-02
-2.728130854666233063e-02 4.276019334793090820e-02 9.987125396728515625e-01 -2.650854885578155518e-01
0.000000000000000000e+00 0.000000000000000000e+00 0.000000000000000000e+00 1.000000000000000000e+00
8.853973150253295898e-01 4.648340344429016113e-01 4.705878673121333122e-04 -2.906324155628681183e-02
-4.643658995628356934e-01 8.844595551490783691e-01 4.577510803937911987e-02 1.193691045045852661e-02
2.086161077022552490e-02 -4.074771329760551453e-02 9.989517331123352051e-01 -2.679018974304199219e-01
0.000000000000000000e+00 0.000000000000000000e+00 0.000000000000000000e+00 1.000000000000000000e+00
8.935804367065429688e-01 4.488962292671203613e-01 2.469673752784729004e-03 -2.955549955368041992e-02
-4.442651569843292236e-01 8.835461139678955078e-01 1.482373625040054321e-01 -1.999223791062831879e-02
6.436118483543395996e-02 -1.335591673851013184e-01 9.889489412307739258e-01 -2.672524154186248779e-01
0.000000000000000000e+00 0.000000000000000000e+00 0.000000000000000000e+00 1.000000000000000000e+00
8.987241983413696289e-01 4.384911358356475830e-01 4.528271034359931946e-03 -2.968116663396358490e-02
-4.252956211566925049e-01 8.690690994262695312e-01 2.526710629463195801e-01 -5.297690629959106445e-02
1.068586111068725586e-01 -2.290072739124298096e-01 9.675417542457580566e-01 -2.626345455646514893e-01
0.000000000000000000e+00 0.000000000000000000e+00 0.000000000000000000e+00 1.000000000000000000e+00
9.012760519981384277e-01 4.332225322723388672e-01 -4.449500702321529388e-03 -2.702320553362369537e-02
-4.012842476367950439e-01 8.386138081550598145e-01 3.683705627918243408e-01 -9.109263122081756592e-02
1.633178740739822388e-01 -3.302180171012878418e-01 9.296683669090270996e-01 -2.531738281250000000e-01
0.000000000000000000e+00 0.000000000000000000e+00 0.000000000000000000e+00 1.000000000000000000e+00
9.075183272361755371e-01 4.200103282928466797e-01 1.110350363887846470e-03 -3.000776655972003937e-02
-3.742913305759429932e-01 8.075280785560607910e-01 4.558552503585815430e-01 -1.198456510901451111e-01
1.905674934387207031e-01 -4.141127765178680420e-01 8.900533318519592285e-01 -2.433330118656158447e-01
0.000000000000000000e+00 0.000000000000000000e+00 0.000000000000000000e+00 1.000000000000000000e+00
9.165328145027160645e-01 3.999514579772949219e-01 -2.449578139930963516e-03 -3.176931291818618774e-02
-3.332822322845458984e-01 7.671101689338684082e-01 5.481465458869934082e-01 -1.503934860229492188e-01
2.211112529039382935e-01 -5.015778541564941406e-01 8.363788127899169922e-01 -2.302698343992233276e-01
0.000000000000000000e+00 0.000000000000000000e+00 0.000000000000000000e+00 1.000000000000000000e+00
9.122060537338256836e-01 4.088661074638366699e-01 2.661032602190971375e-02 -4.144963249564170837e-02
-3.336450755596160889e-01 7.035461664199829102e-01 6.274577975273132324e-01 -1.749791651964187622e-01
2.378247827291488647e-01 -5.812492370605468750e-01 7.781952619552612305e-01 -2.159227430820465088e-01
0.000000000000000000e+00 0.000000000000000000e+00 0.000000000000000000e+00 1.000000000000000000e+00
9.199441671371459961e-01 3.896071612834930420e-01 4.369628056883811951e-02 -4.853846132755279541e-02
-2.980450093746185303e-01 6.225954294204711914e-01 7.235634922981262207e-01 -2.052550464868545532e-01
2.547004222869873047e-01 -6.786617040634155273e-01 6.888735890388488770e-01 -1.913785040378570557e-01
0.000000000000000000e+00 0.000000000000000000e+00 0.000000000000000000e+00 1.000000000000000000e+00
9.310104250907897949e-01 3.594237864017486572e-01 6.350587308406829834e-02 -5.600167438387870789e-02
-2.659964859485626221e-01 5.490069389343261719e-01 7.923617959022521973e-01 -2.280418276786804199e-01
2.499285936355590820e-01 -7.545900940895080566e-01 6.067372560501098633e-01 -1.662012934684753418e-01
0.000000000000000000e+00 0.000000000000000000e+00 0.000000000000000000e+00 1.000000000000000000e+00
9.415560960769653320e-01 3.317397832870483398e-01 5.848664045333862305e-02 -5.693167448043823242e-02
-2.211931347846984863e-01 4.779244661331176758e-01 8.500950336456298828e-01 -2.480478584766387939e-01
2.540584504604339600e-01 -8.133491873741149902e-01 5.233713388442993164e-01 -1.422058492898941040e-01
0.000000000000000000e+00 0.000000000000000000e+00 0.000000000000000000e+00 1.000000000000000000e+00
9.508233070373535156e-01 3.049810826778411865e-01 5.404609441757202148e-02 -5.841866508126258850e-02
-1.820746958255767822e-01 4.092016220092773438e-01 8.940931558609008789e-01 -2.629776000976562500e-01
2.505657374858856201e-01 -8.599652647972106934e-01 4.446079134941101074e-01 -1.202004253864288330e-01
0.000000000000000000e+00 0.000000000000000000e+00 0.000000000000000000e+00 1.000000000000000000e+00
9.617941975593566895e-01 2.689560353755950928e-01 5.112934112548828125e-02 -5.994150415062904358e-02
-1.486467719078063965e-01 3.561923801898956299e-01 9.225136041641235352e-01 -2.734423279762268066e-01
2.299037724733352661e-01 -8.948683142662048340e-01 3.825631737709045410e-01 -1.012661233544349670e-01
0.000000000000000000e+00 0.000000000000000000e+00 0.000000000000000000e+00 1.000000000000000000e+00
9.694705009460449219e-01 2.382222265005111694e-01 5.811627581715583801e-02 -6.519691646099090576e-02
-1.266602575778961182e-01 2.835622131824493408e-01 9.505521655082702637e-01 -2.873950004577636719e-01
2.099630385637283325e-01 -9.288930892944335938e-01 3.050785660743713379e-01 -7.397162169218063354e-02
0.000000000000000000e+00 0.000000000000000000e+00 0.000000000000000000e+00 1.000000000000000000e+00
9.811794757843017578e-01 1.856119185686111450e-01 5.324694141745567322e-02 -6.647781282663345337e-02
-8.940263092517852783e-02 1.922486722469329834e-01 9.772651791572570801e-01 -2.990228533744812012e-01
1.711554825305938721e-01 -9.636328220367431641e-01 2.052246928215026855e-01 -3.733790665864944458e-02
0.000000000000000000e+00 0.000000000000000000e+00 0.000000000000000000e+00 1.000000000000000000e+00
9.967418909072875977e-01 8.061649650335311890e-02 2.561314729973673820e-03 -5.299364775419235229e-02
-1.381731592118740082e-02 1.393788307905197144e-01 9.901425838470458984e-01 -3.060523271560668945e-01
7.946485280990600586e-02 -9.869517683982849121e-01 1.400386989116668701e-01 -1.660298928618431091e-02
0.000000000000000000e+00 0.000000000000000000e+00 0.000000000000000000e+00 1.000000000000000000e+00
9.973161816596984863e-01 7.252401113510131836e-02 -1.003025285899639130e-02 -5.135826766490936279e-02
-8.014803752303123474e-03 2.443223893642425537e-01 9.696609377861022949e-01 -3.012828826904296875e-01
7.277429103851318359e-02 -9.669780135154724121e-01 2.442480176687240601e-01 -5.089385434985160828e-02
0.000000000000000000e+00 0.000000000000000000e+00 0.000000000000000000e+00 1.000000000000000000e+00
9.983350038528442383e-01 1.689051091670989990e-02 -5.515173822641372681e-02 -3.576333075761795044e-02
4.772382602095603943e-02 2.951322495937347412e-01 9.542639255523681641e-01 -3.076252043247222900e-01
3.239507228136062622e-02 -9.553070664405822754e-01 2.938348352909088135e-01 -6.471414119005203247e-02
0.000000000000000000e+00 0.000000000000000000e+00 0.000000000000000000e+00 1.000000000000000000e+00
9.897723197937011719e-01 -6.120288744568824768e-02 -1.288598775863647461e-01 -6.475216243416070938e-03
1.407375335693359375e-01 2.712962031364440918e-01 9.521508216857910156e-01 -3.182362616062164307e-01
-2.331520989537239075e-02 -9.605478048324584961e-01 2.771350443363189697e-01 -5.671378225088119507e-02
0.000000000000000000e+00 0.000000000000000000e+00 0.000000000000000000e+00 1.000000000000000000e+00
9.688918590545654297e-01 -8.155504614114761353e-02 -2.336602360010147095e-01 2.886104397475719452e-02
2.468966245651245117e-01 2.535157203674316406e-01 9.352922439575195312e-01 -3.228048384189605713e-01
-1.704126223921775818e-02 -9.638873338699340820e-01 2.657649815082550049e-01 -5.175188556313514709e-02
0.000000000000000000e+00 0.000000000000000000e+00 0.000000000000000000e+00 1.000000000000000000e+00
9.763051271438598633e-01 -2.593706129118800163e-03 -2.163841426372528076e-01 1.972473226487636566e-02
2.065284997224807739e-01 3.097278177738189697e-01 9.281243085861206055e-01 -3.194643259048461914e-01
6.461285799741744995e-02 -9.508215785026550293e-01 3.029244840145111084e-01 -6.970269232988357544e-02
0.000000000000000000e+00 0.000000000000000000e+00 0.000000000000000000e+00 1.000000000000000000e+00
9.878330826759338379e-01 1.094439551234245300e-01 -1.104907393455505371e-01 -1.987975277006626129e-02
6.245144456624984741e-02 3.715059459209442139e-01 9.263279438018798828e-01 -3.115867376327514648e-01
1.424289345741271973e-01 -9.219575524330139160e-01 3.601507544517517090e-01 -9.916216135025024414e-02
0.000000000000000000e+00 0.000000000000000000e+00 0.000000000000000000e+00 1.000000000000000000e+00
9.812819957733154297e-01 1.915164589881896973e-01 -2.017540298402309418e-02 -5.243648961186408997e-02
-4.043623805046081543e-02 3.073413670063018799e-01 9.507396221160888672e-01 -3.134227991104125977e-01
1.882830113172531128e-01 -9.321276545524597168e-01 3.093327879905700684e-01 -8.698293566703796387e-02
0.000000000000000000e+00 0.000000000000000000e+00 0.000000000000000000e+00 1.000000000000000000e+00
9.280540943145751953e-01 3.610401153564453125e-01 9.145813435316085815e-02 -8.758369088172912598e-02
-2.185085266828536987e-01 3.289476335048675537e-01 9.187203645706176758e-01 -2.934026718139648438e-01
3.016101121902465820e-01 -8.726070523262023926e-01 3.841716647148132324e-01 -1.213851869106292725e-01
0.000000000000000000e+00 0.000000000000000000e+00 0.000000000000000000e+00 1.000000000000000000e+00
8.829347491264343262e-01 4.594695270061492920e-01 9.650654345750808716e-02 -8.703614771366119385e-02
-2.770103514194488525e-01 3.438606560230255127e-01 8.972319960594177246e-01 -2.821984291076660156e-01
3.790660798549652100e-01 -8.189311027526855469e-01 4.308844208717346191e-01 -1.449414342641830444e-01
0.000000000000000000e+00 0.000000000000000000e+00 0.000000000000000000e+00 1.000000000000000000e+00
8.416966199874877930e-01 5.351906418800354004e-01 7.154607027769088745e-02 -7.713192701339721680e-02
-3.378138542175292969e-01 4.185850322246551514e-01 8.430117368698120117e-01 -2.616471350193023682e-01
4.212232530117034912e-01 -7.337287068367004395e-01 5.331160426139831543e-01 -1.823407560586929321e-01
0.000000000000000000e+00 0.000000000000000000e+00 0.000000000000000000e+00 1.000000000000000000e+00
8.096874952316284180e-01 5.843093991279602051e-01 5.465641617774963379e-02 -6.971785426139831543e-02
-4.193925559520721436e-01 5.109720826148986816e-01 7.503447532653808594e-01 -2.255271226167678833e-01
4.105059504508972168e-01 -6.304674744606018066e-01 6.587829589843750000e-01 -2.241334170103073120e-01
0.000000000000000000e+00 0.000000000000000000e+00 0.000000000000000000e+00 1.000000000000000000e+00
7.831942439079284668e-01 6.210178732872009277e-01 3.071657754480838776e-02 -6.059862673282623291e-02
-5.001485943794250488e-01 5.998718738555908203e-01 6.245038509368896484e-01 -1.781063675880432129e-01
3.694019913673400879e-01 -5.044705271720886230e-01 7.804169654846191406e-01 -2.614516913890838623e-01
0.000000000000000000e+00 0.000000000000000000e+00 0.000000000000000000e+00 1.000000000000000000e+00
7.553670406341552734e-01 6.547557115554809570e-01 2.675045281648635864e-02 -5.725891888141632080e-02
-5.677794218063354492e-01 6.335530281066894531e-01 5.255829095840454102e-01 -1.409847140312194824e-01
3.271803259849548340e-01 -4.121959805488586426e-01 8.503213524818420410e-01 -2.821676731109619141e-01
0.000000000000000000e+00 0.000000000000000000e+00 0.000000000000000000e+00 1.000000000000000000e+00
6.555665731430053711e-01 7.548406720161437988e-01 2.115930430591106415e-02 -4.901893064379692078e-02
-6.764687895774841309e-01 5.745878815650939941e-01 4.606942534446716309e-01 -1.116860359907150269e-01
3.355929553508758545e-01 -3.163291811943054199e-01 8.873069286346435547e-01 -2.965608537197113037e-01
0.000000000000000000e+00 0.000000000000000000e+00 0.000000000000000000e+00 1.000000000000000000e+00
5.876693129539489746e-01 8.090581297874450684e-01 -8.338127285242080688e-03 -3.410202264785766602e-02
-7.411045432090759277e-01 5.423882603645324707e-01 3.956998884677886963e-01 -8.495862782001495361e-02
3.246670663356781006e-01 -2.263613641262054443e-01 9.183424115180969238e-01 -3.076597154140472412e-01
0.000000000000000000e+00 0.000000000000000000e+00 0.000000000000000000e+00 1.000000000000000000e+00
5.426278710365295410e-01 8.389852643013000488e-01 -4.072966426610946655e-02 -1.914362609386444092e-02
-7.839709520339965820e-01 5.232635736465454102e-01 3.340436816215515137e-01 -6.050110980868339539e-02
3.015702068805694580e-01 -1.493305563926696777e-01 9.416775703430175781e-01 -3.142249286174774170e-01
0.000000000000000000e+00 0.000000000000000000e+00 0.000000000000000000e+00 1.000000000000000000e+00
5.026517510414123535e-01 8.577576279640197754e-01 -1.076696515083312988e-01 6.478093564510345459e-03
-8.210492134094238281e-01 5.126611590385437012e-01 2.511104047298431396e-01 -3.003800287842750549e-02
2.705899775028228760e-01 -3.781905770301818848e-02 9.619515538215637207e-01 -3.197422027587890625e-01
0.000000000000000000e+00 0.000000000000000000e+00 0.000000000000000000e+00 1.000000000000000000e+00
4.367853105068206787e-01 8.860769867897033691e-01 -1.551972925662994385e-01 2.811187878251075745e-02
-8.615336418151855469e-01 4.616810977458953857e-01 2.112127244472503662e-01 -1.345066819339990616e-02
2.588023543357849121e-01 4.145312309265136719e-02 9.650406241416931152e-01 -3.203502297401428223e-01
0.000000000000000000e+00 0.000000000000000000e+00 0.000000000000000000e+00 1.000000000000000000e+00
3.565941154956817627e-01 8.962411880493164062e-01 -2.638032138347625732e-01 7.079773396253585815e-02
-8.939924836158752441e-01 4.093434810638427734e-01 1.822495162487030029e-01 -9.933449327945709229e-04
2.713258564472198486e-01 1.708491891622543335e-01 9.472023844718933105e-01 -3.148179650306701660e-01
0.000000000000000000e+00 0.000000000000000000e+00 0.000000000000000000e+00 1.000000000000000000e+00
2.925803959369659424e-01 8.898767828941345215e-01 -3.500210642814636230e-01 1.042086780071258545e-01
-9.153983592987060547e-01 3.664810061454772949e-01 1.665484011173248291e-01 5.870085675269365311e-03
2.764836549758911133e-01 2.716798484325408936e-01 9.218170642852783203e-01 -3.072100579738616943e-01
0.000000000000000000e+00 0.000000000000000000e+00 0.000000000000000000e+00 1.000000000000000000e+00
2.705512046813964844e-01 8.623439669609069824e-01 -4.279777407646179199e-01 1.312415748834609985e-01
-9.340910315513610840e-01 3.427240550518035889e-01 1.000668630003929138e-01 2.965813316404819489e-02
2.329702228307723999e-01 3.726970255374908447e-01 8.982325792312622070e-01 -2.957777082920074463e-01
0.000000000000000000e+00 0.000000000000000000e+00 0.000000000000000000e+00 1.000000000000000000e+00
1.790965795516967773e-01 7.851744294166564941e-01 -5.928110480308532715e-01 1.912717521190643311e-01
-9.621598124504089355e-01 2.655589878559112549e-01 6.104900687932968140e-02 4.307675734162330627e-02
2.053605020046234131e-01 5.594452023506164551e-01 8.030244708061218262e-01 -2.625487148761749268e-01
0.000000000000000000e+00 0.000000000000000000e+00 0.000000000000000000e+00 1.000000000000000000e+00
1.355992257595062256e-01 6.827621459960937500e-01 -7.179475426673889160e-01 2.352333217859268188e-01
-9.741116762161254883e-01 2.241729199886322021e-01 2.920553088188171387e-02 5.401691049337387085e-02
1.808847039937973022e-01 6.954005956649780273e-01 6.954843997955322266e-01 -2.261072099208831787e-01
0.000000000000000000e+00 0.000000000000000000e+00 0.000000000000000000e+00 1.000000000000000000e+00
1.068915277719497681e-01 5.850618481636047363e-01 -8.039131760597229004e-01 2.646113932132720947e-01
-9.839631915092468262e-01 1.783726960420608521e-01 -1.017851755023002625e-03 6.416990607976913452e-02
1.428004950284957886e-01 7.911291718482971191e-01 5.947453379631042480e-01 -1.911010742187500000e-01
0.000000000000000000e+00 0.000000000000000000e+00 0.000000000000000000e+00 1.000000000000000000e+00
7.525204122066497803e-02 5.199477076530456543e-01 -8.508765697479248047e-01 2.820346653461456299e-01
-9.912601113319396973e-01 1.317288428544998169e-01 -7.171534001827239990e-03 6.745808571577072144e-02
1.083560734987258911e-01 8.439797163009643555e-01 5.253168940544128418e-01 -1.669439524412155151e-01
0.000000000000000000e+00 0.000000000000000000e+00 0.000000000000000000e+00 1.000000000000000000e+00
1.507414728403091431e-01 5.226031541824340820e-01 -8.391443490982055664e-01 2.714437544345855713e-01
-9.883491992950439453e-01 9.774443507194519043e-02 -1.166707128286361694e-01 1.023855358362197876e-01
2.104917168617248535e-02 8.469545245170593262e-01 5.312485694885253906e-01 -1.616471558809280396e-01
0.000000000000000000e+00 0.000000000000000000e+00 0.000000000000000000e+00 1.000000000000000000e+00
2.600142061710357666e-01 5.876504778861999512e-01 -7.661978602409362793e-01 2.403337061405181885e-01
-9.610165953636169434e-01 8.022688329219818115e-02 -2.645955681800842285e-01 1.480835527181625366e-01
-9.402009099721908569e-02 8.051279783248901367e-01 5.856022834777832031e-01 -1.690798699855804443e-01
0.000000000000000000e+00 0.000000000000000000e+00 0.000000000000000000e+00 1.000000000000000000e+00
3.115044832229614258e-01 6.262090206146240234e-01 -7.147216796875000000e-01 2.208674550056457520e-01
-9.321398735046386719e-01 5.524697527289390564e-02 -3.578593134880065918e-01 1.753493547439575195e-01
-1.846082955598831177e-01 7.776948213577270508e-01 6.009237766265869141e-01 -1.672127097845077515e-01
0.000000000000000000e+00 0.000000000000000000e+00 0.000000000000000000e+00 1.000000000000000000e+00
3.600587844848632812e-01 6.479729413986206055e-01 -6.711845993995666504e-01 2.036776542663574219e-01
-8.928493857383728027e-01 3.072899207472801208e-02 -4.493052363395690918e-01 2.010083645582199097e-01
-2.705128788948059082e-01 7.610432505607604980e-01 5.896066427230834961e-01 -1.567519009113311768e-01
0.000000000000000000e+00 0.000000000000000000e+00 0.000000000000000000e+00 1.000000000000000000e+00
4.145602285861968994e-01 6.537441611289978027e-01 -6.330546736717224121e-01 1.867355555295944214e-01
-8.389206528663635254e-01 4.978884011507034302e-03 -5.442318916320800781e-01 2.263447493314743042e-01
-3.526362180709838867e-01 7.566995620727539062e-01 5.505039691925048828e-01 -1.368092149496078491e-01
0.000000000000000000e+00 0.000000000000000000e+00 0.000000000000000000e+00 1.000000000000000000e+00
5.091020464897155762e-01 6.555623412132263184e-01 -5.577216148376464844e-01 1.570494920015335083e-01
-7.354862689971923828e-01 -5.231797229498624802e-03 -6.775195002555847168e-01 2.579047679901123047e-01
-4.470740854740142822e-01 7.551233768463134766e-01 4.794934093952178955e-01 -1.040159165859222412e-01
0.000000000000000000e+00 0.000000000000000000e+00 0.000000000000000000e+00 1.000000000000000000e+00
6.084659099578857422e-01 6.995065808296203613e-01 -3.747788965702056885e-01 9.250667691230773926e-02
-5.819727778434753418e-01 7.225521653890609741e-02 -8.099920153617858887e-01 2.902773916721343994e-01
-5.395147800445556641e-01 7.109636068344116211e-01 4.510586261749267578e-01 -8.743580430746078491e-02
0.000000000000000000e+00 0.000000000000000000e+00 0.000000000000000000e+00 1.000000000000000000e+00
6.179728507995605469e-01 7.395117878913879395e-01 -2.668940424919128418e-01 6.111427024006843567e-02
-4.984538555145263672e-01 1.060057729482650757e-01 -8.604107499122619629e-01 3.005244731903076172e-01
-6.079912185668945312e-01 6.647447347640991211e-01 4.341212213039398193e-01 -7.708246260881423950e-02
0.000000000000000000e+00 0.000000000000000000e+00 0.000000000000000000e+00 1.000000000000000000e+00
5.832613110542297363e-01 7.895326018333435059e-01 -1.909038424491882324e-01 4.368247836828231812e-02
-4.000946581363677979e-01 7.470691204071044922e-02 -9.134235978126525879e-01 3.108475506305694580e-01
-7.069160938262939453e-01 6.091443896293640137e-01 3.594613671302795410e-01 -5.183823034167289734e-02
0.000000000000000000e+00 0.000000000000000000e+00 0.000000000000000000e+00 1.000000000000000000e+00
4.048320353031158447e-01 9.124872088432312012e-01 -5.897150561213493347e-02 1.993407309055328369e-02
-2.367975562810897827e-01 4.232764616608619690e-02 -9.706366062164306641e-01 3.189079165458679199e-01
-8.831974864006042480e-01 4.069089889526367188e-01 2.332104146480560303e-01 -1.149839814752340317e-02
0.000000000000000000e+00 0.000000000000000000e+00 0.000000000000000000e+00 1.000000000000000000e+00
2.663354575634002686e-01 9.595730304718017578e-01 9.102565050125122070e-02 -2.243937365710735321e-02
-2.528608441352844238e-01 1.606863588094711304e-01 -9.540659189224243164e-01 3.215742409229278564e-01
-9.301223754882812500e-01 2.310844957828521729e-01 2.854349315166473389e-01 -3.485977277159690857e-02
0.000000000000000000e+00 0.000000000000000000e+00 0.000000000000000000e+00 1.000000000000000000e+00
2.892608046531677246e-01 9.568042755126953125e-01 -2.922435663640499115e-02 1.636844873428344727e-02
-3.807811737060546875e-01 8.700020611286163330e-02 -9.205631613731384277e-01 3.138083219528198242e-01
-8.782563209533691406e-01 2.774109840393066406e-01 3.894989788532257080e-01 -6.688957661390304565e-02
0.000000000000000000e+00 0.000000000000000000e+00 0.000000000000000000e+00 1.000000000000000000e+00
2.623387277126312256e-01 9.646661877632141113e-01 -2.446477115154266357e-02 2.133396640419960022e-02
-4.574017524719238281e-01 1.019857972860336304e-01 -8.833927512168884277e-01 3.050384223461151123e-01
-8.496835231781005859e-01 2.429381608963012695e-01 4.679945707321166992e-01 -9.520661830902099609e-02
0.000000000000000000e+00 0.000000000000000000e+00 0.000000000000000000e+00 1.000000000000000000e+00
1.526737958192825317e-01 9.869830608367919922e-01 -5.054540932178497314e-02 3.399738669395446777e-02
-4.711072742938995361e-01 2.772371470928192139e-02 -8.816400766372680664e-01 3.042077422142028809e-01
-8.687627911567687988e-01 1.584156155586242676e-01 4.692074060440063477e-01 -9.701124578714370728e-02
0.000000000000000000e+00 0.000000000000000000e+00 0.000000000000000000e+00 1.000000000000000000e+00
4.081925377249717712e-02 9.984119534492492676e-01 -3.881884366273880005e-02 3.569972515106201172e-02
-4.683850407600402832e-01 -1.519730500876903534e-02 -8.833938241004943848e-01 3.054673373699188232e-01
-8.825807571411132812e-01 5.424160137772560120e-02 4.670208990573883057e-01 -9.933482110500335693e-02
