0.2767723798751831 0.9556767344474792 -0.1003938093781471 0.03399091586470604 
-0.9583180546760559 0.2822137475013733 0.04451621323823929 0.01784532517194748 
0.0708756148815155 0.08388835936784744 0.9939513802528381 -0.3043857514858246 
0 0 0 1 

0.1971116214990616 0.9722729921340942 -0.1258252412080765 0.04344344139099121 
-0.9726220369338989 0.2100493311882019 0.09942507743835449 -0.002816770458593965 
0.1230978146195412 0.1027826070785522 0.9870575666427612 -0.3030276894569397 
0 0 0 1 

0.113075390458107 0.9857431054115295 -0.1245977878570557 0.04519769549369812 
-0.970757782459259 0.1363320797681808 0.1975930035114288 -0.03603535518050194 
0.2117626070976257 0.09861135482788086 0.9723334908485413 -0.300075501203537 
0 0 0 1 

0.1879422068595886 0.9754557013511658 -0.1147339269518852 0.0412500873208046 
-0.9551100134849548 0.208747535943985 0.2102123498916626 -0.03938077390193939 
0.2290032505989075 0.07007576525211334 0.9709000587463379 -0.2974221408367157 
0 0 0 1 

0.2743358016014099 0.9544495344161987 -0.1173271685838699 0.03945335000753403 
-0.9388444423675537 0.2922379076480865 0.182120680809021 -0.02840230241417885 
0.2081124782562256 0.06018976122140884 0.9762511849403381 -0.2965875267982483 
0 0 0 1 

0.3251638114452362 0.937150239944458 -0.1265610605478287 0.04065713658928871 
-0.9349304437637329 0.3386844098567963 0.1058194562792778 -0.001739862724207342 
0.1420329809188843 0.08391716331243515 0.9862983822822571 -0.2958125174045563 
0 0 0 1 

0.507883608341217 0.854261577129364 -0.1108653545379639 0.007182422559708357 
-0.8170616030693054 0.5184904932975769 0.2521462738513947 -0.03039200603961945 
0.2728815376758575 -0.03747708722949028 0.9613173604011536 -0.3195246756076813 
0 0 0 1 

0.4395432770252228 0.8836019039154053 -0.1613978296518326 0.03001009486615658 
-0.8586493730545044 0.4660865664482117 0.2132706046104431 -0.0141852255910635 
0.2636716961860657 0.04484253004193306 0.9635695815086365 -0.3201128244400024 
0 0 0 1 

0.9781374931335449 0.05369581654667854 -0.2009076029062271 0.02158574014902115 
-0.06699123233556747 0.9959497451782227 -0.05996938794851303 0.03179847821593285 
0.1968737542629242 0.07211735099554062 0.9777728915214539 -0.2860437035560608 
0 0 0 1 

0.9829261302947998 0.05586147308349609 -0.1753154844045639 0.01604738831520081 
-0.06853445619344711 0.9953911304473877 -0.06708019971847534 0.03467848896980286 
0.1707602143287659 0.07795007526874542 0.9822242856025696 -0.2879638373851776 
0 0 0 1 

