1.000000000000000000e+00 0.000000000000000000e+00 0.000000000000000000e+00 -4.096739311332171507e-01
0.000000000000000000e+00 -1.000000000000000000e+00 0.000000000000000000e+00 -1.964994255000929863e-02
0.000000000000000000e+00 0.000000000000000000e+00 -1.000000000000000000e+00 -2.664639050480994698e+00
0.000000000000000000e+00 0.000000000000000000e+00 0.000000000000000000e+00 1.000000000000000000e+00
9.960586428642272949e-01 -8.417817950248718262e-02 -2.794840000569820404e-02 -4.721457436500852700e-01
-8.377917110919952393e-02 -9.963691234588623047e-01 1.515557430684566498e-02 5.833230200898015250e-02
-2.912268601357936859e-02 -1.275435183197259903e-02 -9.994945526123046875e-01 -2.712611477546557737e+00
0.000000000000000000e+00 0.000000000000000000e+00 0.000000000000000000e+00 1.000000000000000000e+00
9.849609136581420898e-01 -1.656173765659332275e-01 -4.922284558415412903e-02 -5.152524125267254895e-01
-1.630703955888748169e-01 -9.852467775344848633e-01 5.192718654870986938e-02 2.100068213371575065e-01
-5.709674954414367676e-02 -4.311945289373397827e-02 -9.974372386932373047e-01 -2.702177698169828890e+00
0.000000000000000000e+00 0.000000000000000000e+00 0.000000000000000000e+00 1.000000000000000000e+00
9.644331336021423340e-01 -2.595091760158538818e-01 -5.023948475718498230e-02 -4.963771628635672006e-01
-2.553012371063232422e-01 -9.637644290924072266e-01 7.732537388801574707e-02 3.281051412385078137e-01
-6.848572194576263428e-02 -6.174889206886291504e-02 -9.957390427589416504e-01 -2.699022067656968726e+00
0.000000000000000000e+00 0.000000000000000000e+00 0.000000000000000000e+00 1.000000000000000000e+00
9.350998401641845703e-01 -3.477251827716827393e-01 -6.837268918752670288e-02 -5.175994403144962286e-01
-3.382127881050109863e-01 -9.332789182662963867e-01 1.208390966057777405e-01 4.950168102050661600e-01
-1.058296188712120056e-01 -8.987207710742950439e-02 -9.903146028518676758e-01 -2.671362563341816099e+00
0.000000000000000000e+00 0.000000000000000000e+00 0.000000000000000000e+00 1.000000000000000000e+00
8.884974718093872070e-01 -4.559510350227355957e-01 -5.176737159490585327e-02 -4.400017589058162204e-01
-4.460355937480926514e-01 -8.846189975738525391e-01 1.360183805227279663e-01 5.779496898525119386e-01
-1.078121885657310486e-01 -9.776192903518676758e-02 -9.893531203269958496e-01 -2.679237014893538049e+00
0.000000000000000000e+00 0.000000000000000000e+00 0.000000000000000000e+00 1.000000000000000000e+00
8.433529138565063477e-01 -5.362638235092163086e-01 -3.429680690169334412e-02 -3.656873294783593020e-01
-5.246739387512207031e-01 -8.355509042739868164e-01 1.630075126886367798e-01 6.890440400932412723e-01
-1.160717979073524475e-01 -1.194782480597496033e-01 -9.860289096832275391e-01 -2.670373048562249885e+00
0.000000000000000000e+00 0.000000000000000000e+00 0.000000000000000000e+00 1.000000000000000000e+00
7.879654765129089355e-01 -6.155549287796020508e-01 -1.422848738729953766e-02 -2.773797579215328546e-01
-6.044568419456481934e-01 -7.777451872825622559e-01 1.724658757448196411e-01 7.479942589136464592e-01
-1.172283962368965149e-01 -1.272966414690017700e-01 -9.849128723144531250e-01 -2.675957488079499402e+00
0.000000000000000000e+00 0.000000000000000000e+00 0.000000000000000000e+00 1.000000000000000000e+00
7.205289602279663086e-01 -6.933795809745788574e-01 7.964025251567363739e-03 -1.683033790339305558e-01
-6.849387884140014648e-01 -7.098721265792846680e-01 1.641340255737304688e-01 7.540186130815716981e-01
-1.081537678837776184e-01 -1.237181946635246277e-01 -9.864059686660766602e-01 -2.689383542489584222e+00
0.000000000000000000e+00 0.000000000000000000e+00 0.000000000000000000e+00 1.000000000000000000e+00
6.427702307701110840e-01 -7.659802436828613281e-01 1.100393757224082947e-02 -1.131284619398648661e-01
-7.599424719810485840e-01 -6.357603073120117188e-01 1.352613121271133423e-01 6.962892833136455906e-01
-9.661161154508590698e-02 -9.530425816774368286e-02 -9.907485842704772949e-01 -2.719501105269983121e+00
0.000000000000000000e+00 0.000000000000000000e+00 0.000000000000000000e+00 1.000000000000000000e+00
5.468611717224121094e-01 -8.367829918861389160e-01 2.716061845421791077e-02 -1.232976023827398251e-02
-8.349044322967529297e-01 -5.426468253135681152e-01 9.202568978071212769e-02 5.867374972102471498e-01
-6.226690858602523804e-02 -7.300180196762084961e-02 -9.953863024711608887e-01 -2.766622814525896867e+00
0.000000000000000000e+00 0.000000000000000000e+00 0.000000000000000000e+00 1.000000000000000000e+00
4.540272653102874756e-01 -8.883507847785949707e-01 6.849152594804763794e-02 1.704335578926007011e-01
-8.907927274703979492e-01 -4.509759843349456787e-01 5.575956404209136963e-02 4.893335502805573056e-01
-1.864604465663433075e-02 -8.632818609476089478e-02 -9.960924386978149414e-01 -2.805227135967849783e+00
0.000000000000000000e+00 0.000000000000000000e+00 0.000000000000000000e+00 1.000000000000000000e+00
3.524493575096130371e-01 -9.317921996116638184e-01 8.684275299310684204e-02 2.602318171844830164e-01
-9.356600642204284668e-01 -3.526389598846435547e-01 1.366153266280889511e-02 3.407235242152991672e-01
1.789441518485546112e-02 -8.607028424739837646e-02 -9.961279034614562988e-01 -2.821904847422665785e+00
0.000000000000000000e+00 0.000000000000000000e+00 0.000000000000000000e+00 1.000000000000000000e+00
2.727834582328796387e-01 -9.567581415176391602e-01 1.010084673762321472e-01 3.246337836873290916e-01
-9.591406583786010742e-01 -2.786428034305572510e-01 -4.906499758362770081e-02 1.213181272358241497e-01
7.508862018585205078e-02 -8.349718153476715088e-02 -9.936748147010803223e-01 -2.819763014260649125e+00
0.000000000000000000e+00 0.000000000000000000e+00 0.000000000000000000e+00 1.000000000000000000e+00
1.916647255420684814e-01 -9.722310304641723633e-01 1.342792063951492310e-01 4.404984174617302961e-01
-9.728083014488220215e-01 -2.063157111406326294e-01 -1.052549406886100769e-01 -7.135709116420124731e-02
1.300360709428787231e-01 -1.104542911052703857e-01 -9.853380322456359863e-01 -2.803824541538253001e+00
0.000000000000000000e+00 0.000000000000000000e+00 0.000000000000000000e+00 1.000000000000000000e+00
1.142085716128349304e-01 -9.848268628120422363e-01 1.306632161140441895e-01 4.464919700158047067e-01
-9.713168740272521973e-01 -1.383055001497268677e-01 -1.934303194284439087e-01 -3.507905047566946544e-01
2.085667699575424194e-01 -1.048239842057228088e-01 -9.723742604255676270e-01 -2.780298041229888106e+00
0.000000000000000000e+00 0.000000000000000000e+00 0.000000000000000000e+00 1.000000000000000000e+00
1.876298785209655762e-01 -9.754645228385925293e-01 1.151692196726799011e-01 3.912405317791544102e-01
-9.556691646575927734e-01 -2.083825469017028809e-01 -2.080206274986267090e-01 -3.883826844776636644e-01
2.269159853458404541e-01 -7.103288173675537109e-02 -9.713204503059387207e-01 -2.757423583147990964e+00
0.000000000000000000e+00 0.000000000000000000e+00 0.000000000000000000e+00 1.000000000000000000e+00
2.719454467296600342e-01 -9.551951885223388672e-01 1.168234124779701233e-01 3.767799156604005884e-01
-9.403707981109619141e-01 -2.895553708076477051e-01 -1.784934699535369873e-01 -2.833779133228795932e-01
2.043230533599853516e-01 -6.131688132882118225e-02 -9.769812226295471191e-01 -2.750722421290277442e+00
0.000000000000000000e+00 0.000000000000000000e+00 0.000000000000000000e+00 1.000000000000000000e+00
3.284798562526702881e-01 -9.365823864936828613e-01 1.221227645874023438e-01 3.750183944741053987e-01
-9.338022470474243164e-01 -3.414446115493774414e-01 -1.069066748023033142e-01 -4.395903085256069875e-02
1.418251395225524902e-01 -7.892192155122756958e-02 -9.867401719093322754e-01 -2.745666679574937596e+00
0.000000000000000000e+00 0.000000000000000000e+00 0.000000000000000000e+00 1.000000000000000000e+00
3.635473847389221191e-01 -9.183589816093444824e-01 1.563638597726821899e-01 4.582600145981230999e-01
-9.292573332786560059e-01 -3.693315386772155762e-01 -8.633625693619251251e-03 2.684196158066000093e-01
6.567885726690292358e-02 -1.421635895967483521e-01 -9.876618385314941406e-01 -2.708262965719680615e+00
0.000000000000000000e+00 0.000000000000000000e+00 0.000000000000000000e+00 1.000000000000000000e+00
4.016170799732208252e-01 -9.003825783729553223e-01 1.673756241798400879e-01 4.733091381474734960e-01
-9.157794713973999023e-01 -3.962812125682830811e-01 6.564790010452270508e-02 5.045236093217269069e-01
7.219500839710235596e-03 -1.796444654464721680e-01 -9.837054610252380371e-01 -2.664475143124870105e+00
0.000000000000000000e+00 0.000000000000000000e+00 0.000000000000000000e+00 1.000000000000000000e+00
4.516107439994812012e-01 -8.691240549087524414e-01 2.016668766736984253e-01 5.425556500816630656e-01
-8.907151222229003906e-01 -4.260843992233276367e-01 1.583615988492965698e-01 7.649683281133740076e-01
-5.170892179012298584e-02 -2.511455714702606201e-01 -9.665668606758117676e-01 -2.568876315634451402e+00
0.000000000000000000e+00 0.000000000000000000e+00 0.000000000000000000e+00 1.000000000000000000e+00
5.271106958389282227e-01 -8.308655023574829102e-01 1.783736795186996460e-01 4.258679268208988566e-01
-8.432792425155639648e-01 -4.854684770107269287e-01 2.306538671255111694e-01 9.500133176121486889e-01
-1.050473377108573914e-01 -2.719986736774444580e-01 -9.565463066101074219e-01 -2.500380700826278169e+00
0.000000000000000000e+00 0.000000000000000000e+00 0.000000000000000000e+00 1.000000000000000000e+00
5.909693837165832520e-01 -7.874696254730224609e-01 1.750636398792266846e-01 3.753945328828884320e-01
-7.944847941398620605e-01 -5.305402278900146484e-01 2.955004572868347168e-01 1.097856166191102156e+00
-1.398194730281829834e-01 -3.137167990207672119e-01 -9.391657114028930664e-01 -2.419761460431096189e+00
0.000000000000000000e+00 0.000000000000000000e+00 0.000000000000000000e+00 1.000000000000000000e+00
6.629206538200378418e-01 -7.330805063247680664e-01 1.520828753709793091e-01 2.578259972905434516e-01
-7.256683111190795898e-01 -5.791546702384948730e-01 3.714638650417327881e-01 1.245437287283045480e+00
-1.842336505651473999e-01 -3.566124141216278076e-01 -9.159061908721923828e-01 -2.314945879480088120e+00
0.000000000000000000e+00 0.000000000000000000e+00 0.000000000000000000e+00 1.000000000000000000e+00
7.301229238510131836e-01 -6.696326732635498047e-01 1.360612958669662476e-01 1.808722179281872233e-01
-6.505746841430664062e-01 -6.203218698501586914e-01 4.381233155727386475e-01 1.362694512723306994e+00
-2.089799642562866211e-01 -4.084020555019378662e-01 -8.885578513145446777e-01 -2.193295164268423747e+00
0.000000000000000000e+00 0.000000000000000000e+00 0.000000000000000000e+00 1.000000000000000000e+00
7.481119632720947266e-01 -6.520906090736389160e-01 1.229069977998733521e-01 1.263212404683332624e-01
-6.063682436943054199e-01 -5.965580344200134277e-01 5.257723331451416016e-01 1.551228535197967551e+00
-2.695302069187164307e-01 -4.678630828857421875e-01 -8.416992425918579102e-01 -1.997158903384830486e+00
0.000000000000000000e+00 0.000000000000000000e+00 0.000000000000000000e+00 1.000000000000000000e+00
7.793026566505432129e-01 -6.137818098068237305e-01 1.263284832239151001e-01 1.104542788835814332e-01
-5.393829941749572754e-01 -5.543889999389648438e-01 6.338126063346862793e-01 1.809263139805726395e+00
-3.189876675605773926e-01 -5.620712637901306152e-01 -7.631009221076965332e-01 -1.729146093550109731e+00
0.000000000000000000e+00 0.000000000000000000e+00 0.000000000000000000e+00 1.000000000000000000e+00
8.031959533691406250e-01 -5.818973779678344727e-01 1.275593489408493042e-01 9.677554258921049202e-02
-4.849571883678436279e-01 -5.143398046493530273e-01 7.072982192039489746e-01 1.987201131177393387e+00
-3.459662795066833496e-01 -6.299600005149841309e-01 -6.953111886978149414e-01 -1.507292796084424014e+00
0.000000000000000000e+00 0.000000000000000000e+00 0.000000000000000000e+00 1.000000000000000000e+00
8.278076648712158203e-01 -5.474846959114074707e-01 1.224536150693893433e-01 5.980009792564117133e-02
-4.216348230838775635e-01 -4.631606638431549072e-01 7.795547246932983398e-01 2.161640086809438088e+00
-3.700786828994750977e-01 -6.969525218009948730e-01 -6.142467260360717773e-01 -1.291007519806544490e+00
0.000000000000000000e+00 0.000000000000000000e+00 0.000000000000000000e+00 1.000000000000000000e+00
8.615172505378723145e-01 -5.008827447891235352e-01 8.309570699930191040e-02 -6.451042545968509179e-02
-3.325179815292358398e-01 -4.329314827919006348e-01 8.378555774688720703e-01 2.290783492920975384e+00
-3.836926221847534180e-01 -7.494578361511230469e-01 -5.395303368568420410e-01 -1.106214875892240990e+00
0.000000000000000000e+00 0.000000000000000000e+00 0.000000000000000000e+00 1.000000000000000000e+00
8.662294745445251465e-01 -4.968340694904327393e-01 5.294195190072059631e-02 -1.367945870330767588e-01
-2.465731650590896606e-01 -3.329161405563354492e-01 9.101473093032836914e-01 2.424193319212172959e+00
-4.345668554306030273e-01 -8.014504909515380859e-01 -4.108877480030059814e-01 -7.742688842510309088e-01
0.000000000000000000e+00 0.000000000000000000e+00 0.000000000000000000e+00 1.000000000000000000e+00
8.510366082191467285e-01 -5.246362090110778809e-01 2.219919301569461823e-02 -2.542148575222439866e-01
-1.092965900897979736e-01 -1.356285214424133301e-01 9.847124814987182617e-01 2.586362263983768006e+00
-5.136053562164306641e-01 -8.404529094696044922e-01 -1.727657169103622437e-01 -1.453548152716714892e-01
0.000000000000000000e+00 0.000000000000000000e+00 0.000000000000000000e+00 1.000000000000000000e+00
8.464449048042297363e-01 -5.307969450950622559e-01 4.224638268351554871e-02 -1.902336279575304601e-01
-1.138968467712402344e-01 -1.029809638857841492e-01 9.881403446197509766e-01 2.596293835636344305e+00
-5.201516747474670410e-01 -8.412188887596130371e-01 -1.476238518953323364e-01 -1.370772350952221830e-01
0.000000000000000000e+00 0.000000000000000000e+00 0.000000000000000000e+00 1.000000000000000000e+00
8.086875677108764648e-01 -5.873986482620239258e-01 3.142331168055534363e-02 -1.798810261823670098e-01
-1.207422092556953430e-01 -1.134729161858558655e-01 9.861772060394287109e-01 2.593060942396691715e+00
-5.757132172584533691e-01 -8.013026714324951172e-01 -1.626878827810287476e-01 -1.695562520631603565e-01
0.000000000000000000e+00 0.000000000000000000e+00 0.000000000000000000e+00 1.000000000000000000e+00
7.856765985488891602e-01 -6.168547272682189941e-01 4.693846404552459717e-02 -1.305697723060277593e-01
-2.436413466930389404e-01 -2.387932091951370239e-01 9.400088787078857422e-01 2.519999928250001631e+00
-5.686401128768920898e-01 -7.499791979789733887e-01 -3.379054367542266846e-01 -5.390991143766090676e-01
0.000000000000000000e+00 0.000000000000000000e+00 0.000000000000000000e+00 1.000000000000000000e+00
8.092525005340576172e-01 -5.806786417961120605e-01 8.900869637727737427e-02 -3.229961190596925685e-02
-3.154768347740173340e-01 -3.017525374889373779e-01 8.996777534484863281e-01 2.444587919702335466e+00
-4.955648779869079590e-01 -7.561464309692382812e-01 -4.273845255374908447e-01 -7.829726683933790898e-01
0.000000000000000000e+00 0.000000000000000000e+00 0.000000000000000000e+00 1.000000000000000000e+00
8.034906983375549316e-01 -5.894811749458312988e-01 8.315696567296981812e-02 -5.119750144515362866e-02
-3.614030480384826660e-01 -3.719980120658874512e-01 8.549881577491760254e-01 2.349248750161601951e+00
-4.730651974678039551e-01 -7.170286774635314941e-01 -5.119372606277465820e-01 -1.008159852520168043e+00
0.000000000000000000e+00 0.000000000000000000e+00 0.000000000000000000e+00 1.000000000000000000e+00
8.208729028701782227e-01 -5.672571063041687012e-01 6.623450666666030884e-02 -1.426545509528351074e-01
-4.587857127189636230e-01 -5.859070420265197754e-01 6.680036187171936035e-01 1.984639595845906879e+00
-3.401224911212921143e-01 -5.787333250045776367e-01 -7.412044405937194824e-01 -1.662345567780105116e+00
0.000000000000000000e+00 0.000000000000000000e+00 0.000000000000000000e+00 1.000000000000000000e+00
8.259268403053283691e-01 -5.622864961624145508e-01 4.097196087241172791e-02 -2.231339251171489402e-01
-4.681309163570404053e-01 -6.434950828552246094e-01 6.056129932403564453e-01 1.814258726969491642e+00
-3.141628503799438477e-01 -5.193721652030944824e-01 -7.947034835815429688e-01 -1.817094393427350241e+00
0.000000000000000000e+00 0.000000000000000000e+00 0.000000000000000000e+00 1.000000000000000000e+00
8.473852872848510742e-01 -5.293325781822204590e-01 4.176776483654975891e-02 -2.250503511722056482e-01
-4.671417474746704102e-01 -7.058041095733642578e-01 5.325591564178466797e-01 1.610759742130022598e+00
-2.524214088916778564e-01 -4.707943797111511230e-01 -8.453617095947265625e-01 -1.972588804388144323e+00
0.000000000000000000e+00 0.000000000000000000e+00 0.000000000000000000e+00 1.000000000000000000e+00
8.676312565803527832e-01 -4.971701204776763916e-01 6.179097574204206467e-03 -3.094408576959435386e-01
-4.598890542984008789e-01 -7.977223992347717285e-01 3.900519013404846191e-01 1.227540480374765597e+00
-1.889931559562683105e-01 -3.412628173828125000e-01 -9.207718968391418457e-01 -2.189707828269609635e+00
0.000000000000000000e+00 0.000000000000000000e+00 0.000000000000000000e+00 1.000000000000000000e+00
8.742867112159729004e-01 -4.853821396827697754e-01 5.218479316681623459e-03 -2.976997860834251219e-01
-4.703181087970733643e-01 -8.443949222564697266e-01 2.565112411975860596e-01 8.837102396304494789e-01
-1.200995743274688721e-01 -2.267188131809234619e-01 -9.665270447731018066e-01 -2.334930021734164640e+00
0.000000000000000000e+00 0.000000000000000000e+00 0.000000000000000000e+00 1.000000000000000000e+00
8.769528269767761230e-01 -4.805737733840942383e-01 -1.616017194464802742e-03 -2.790592219528995610e-01
-4.799591898918151855e-01 -8.759913444519042969e-01 4.773135855793952942e-02 3.363440728054163942e-01
-2.435407601296901703e-02 -4.108249396085739136e-02 -9.988585710525512695e-01 -2.458484987222957940e+00
0.000000000000000000e+00 0.000000000000000000e+00 0.000000000000000000e+00 1.000000000000000000e+00
8.864901065826416016e-01 -4.627380669116973877e-01 2.852753968909382820e-03 -2.516500281771820169e-01
-4.620171487331390381e-01 -8.854216337203979492e-01 -5.068080872297286987e-02 6.849169522872883276e-02
2.597782947123050690e-02 4.361004009842872620e-02 -9.987109303474426270e-01 -2.485585716460413597e+00
0.000000000000000000e+00 0.000000000000000000e+00 0.000000000000000000e+00 1.000000000000000000e+00
8.936402797698974609e-01 -4.487830102443695068e-01 9.147735545411705971e-04 -2.543562414138167971e-01
-4.434183835983276367e-01 -8.832685351371765137e-01 -1.523700803518295288e-01 -2.238834924167729945e-01
6.918915361166000366e-02 1.357583701610565186e-01 -9.883232116699218750e-01 -2.476560602156100632e+00
0.000000000000000000e+00 0.000000000000000000e+00 0.000000000000000000e+00 1.000000000000000000e+00
8.980261087417602539e-01 -4.399259686470031738e-01 3.838785225525498390e-03 -2.458644641242503370e-01
-4.241337180137634277e-01 -8.680409193038940430e-01 -2.581001520156860352e-01 -5.321535459086227382e-01
1.168771162629127502e-01 2.301522493362426758e-01 -9.661106467247009277e-01 -2.435497118495661528e+00
0.000000000000000000e+00 0.000000000000000000e+00 0.000000000000000000e+00 1.000000000000000000e+00
9.015730023384094238e-01 -4.326166808605194092e-01 3.008960513398051262e-03 -2.430557398054602469e-01
-4.005658328533172607e-01 -8.373650312423706055e-01 -3.719754517078399658e-01 -8.790619129929853059e-01
1.634424477815628052e-01 3.341577351093292236e-01 -9.282376766204833984e-01 -2.344254805043108902e+00
0.000000000000000000e+00 0.000000000000000000e+00 0.000000000000000000e+00 1.000000000000000000e+00
9.055120348930358887e-01 -4.242295324802398682e-01 8.755740709602832794e-03 -2.430038806493295678e-01
-3.737978935241699219e-01 -8.072919249534606934e-01 -4.566779434680938721e-01 -1.145780089261886570e+00
2.008049190044403076e-01 4.102546572685241699e-01 -8.895890712738037109e-01 -2.257352035422358849e+00
0.000000000000000000e+00 0.000000000000000000e+00 0.000000000000000000e+00 1.000000000000000000e+00
9.174779057502746582e-01 -3.977808058261871338e-01 2.061250619590282440e-03 -2.833398874478116891e-01
-3.316738903522491455e-01 -7.678430676460266113e-01 -5.480958819389343262e-01 -1.428081260725360124e+00
2.196048945188522339e-01 5.021822452545166016e-01 -8.364130854606628418e-01 -2.136095911993957319e+00
0.000000000000000000e+00 0.000000000000000000e+00 0.000000000000000000e+00 1.000000000000000000e+00
9.139415621757507324e-01 -4.048675894737243652e-01 -2.815359272062778473e-02 -3.770787527598521982e-01
-3.304038643836975098e-01 -7.019754052162170410e-01 -6.309224963188171387e-01 -1.657156829547144605e+00
2.356771379709243774e-01 5.859284400939941406e-01 -7.753343582153320312e-01 -1.993938427369126298e+00
0.000000000000000000e+00 0.000000000000000000e+00 0.000000000000000000e+00 1.000000000000000000e+00
9.202843904495239258e-01 -3.893371820449829102e-01 -3.864508494734764099e-02 -4.241106440958695156e-01
-2.931146919727325439e-01 -6.206568479537963867e-01 -7.272337079048156738e-01 -1.940712692506068926e+00
2.591537833213806152e-01 6.805894374847412109e-01 -6.853014230728149414e-01 -1.765646661316822463e+00
0.000000000000000000e+00 0.000000000000000000e+00 0.000000000000000000e+00 1.000000000000000000e+00
9.297951459884643555e-01 -3.619608283042907715e-01 -6.681521236896514893e-02 -5.177810077224590524e-01
-2.689629793167114258e-01 -5.442172288894653320e-01 -7.946612238883972168e-01 -2.143614822781064522e+00
2.512742877006530762e-01 7.568435668945312500e-01 -6.033651828765869141e-01 -1.533560329594913840e+00
0.000000000000000000e+00 0.000000000000000000e+00 0.000000000000000000e+00 1.000000000000000000e+00
9.388951659202575684e-01 -3.394037783145904541e-01 -5.727965384721755981e-02 -5.136430023338033335e-01
-2.228464335203170776e-01 -4.725627005100250244e-01 -8.526569604873657227e-01 -2.331147327159674987e+00
2.623269557952880859e-01 8.133201003074645996e-01 -5.193218588829040527e-01 -1.313054162958520177e+00
0.000000000000000000e+00 0.000000000000000000e+00 0.000000000000000000e+00 1.000000000000000000e+00
9.525662660598754883e-01 -2.991039454936981201e-01 -5.615823715925216675e-02 -5.387089279812234954e-01
-1.809350103139877319e-01 -4.082333445549011230e-01 -8.947668671607971191e-01 -2.463352406789526494e+00
2.447026222944259644e-01 8.624860048294067383e-01 -4.429878294467926025e-01 -1.111215843853050833e+00
0.000000000000000000e+00 0.000000000000000000e+00 0.000000000000000000e+00 1.000000000000000000e+00
9.604979157447814941e-01 -2.729718387126922607e-01 -5.412896722555160522e-02 -5.536034570924110998e-01
-1.529598981142044067e-01 -3.553619086742401123e-01 -9.221287369728088379e-01 -2.558761664660993418e+00
2.324798107147216797e-01 8.939820528030395508e-01 -3.830780386924743652e-01 -9.430576580634747463e-01
0.000000000000000000e+00 0.000000000000000000e+00 0.000000000000000000e+00 1.000000000000000000e+00
9.673600792884826660e-01 -2.442457079887390137e-01 -6.751818954944610596e-02 -6.166901981330559224e-01
-1.363850533962249756e-01 -2.772584855556488037e-01 -9.510660767555236816e-01 -2.685106090525311906e+00
2.135737985372543335e-01 9.292316436767578125e-01 -3.015203475952148438e-01 -6.792286938691539655e-01
0.000000000000000000e+00 0.000000000000000000e+00 0.000000000000000000e+00 1.000000000000000000e+00
9.806535840034484863e-01 -1.849014461040496826e-01 -6.426601111888885498e-02 -6.319958063415269667e-01
-9.964369982481002808e-02 -1.889279782772064209e-01 -9.769220948219299316e-01 -2.791829370982323866e+00
1.684927493333816528e-01 9.644259214401245117e-01 -2.036972194910049438e-01 -3.453109850340261855e-01
0.000000000000000000e+00 0.000000000000000000e+00 0.000000000000000000e+00 1.000000000000000000e+00
9.960204958915710449e-01 -8.890102058649063110e-02 -6.295999977737665176e-03 -4.966488931143139274e-01
-1.784142293035984039e-02 -1.296790987253189087e-01 -9.913953542709350586e-01 -2.858730062358848745e+00
8.731962740421295166e-02 9.875622987747192383e-01 -1.307492256164550781e-01 -1.401178079558955403e-01
0.000000000000000000e+00 0.000000000000000000e+00 0.000000000000000000e+00 1.000000000000000000e+00
9.971381425857543945e-01 -7.559084147214889526e-02 -1.233707647770643234e-03 -4.957839989739898368e-01
-1.929152570664882660e-02 -2.386332750320434570e-01 -9.709181189537048340e-01 -2.816618013120509190e+00
7.309808582067489624e-02 9.681630730628967285e-01 -2.394086271524429321e-01 -4.606398155950358064e-01
0.000000000000000000e+00 0.000000000000000000e+00 0.000000000000000000e+00 1.000000000000000000e+00
9.984393119812011719e-01 -2.477925829589366913e-02 5.004883557558059692e-02 -3.370021279727454244e-01
4.063921421766281128e-02 -2.923260331153869629e-01 -9.554549455642700195e-01 -2.874564782276694430e+00
3.830604627728462219e-02 9.559975266456604004e-01 -2.908628284931182861e-01 -5.959162955686280183e-01
0.000000000000000000e+00 0.000000000000000000e+00 0.000000000000000000e+00 1.000000000000000000e+00
9.900510907173156738e-01 5.743798241019248962e-02 1.284504234790802002e-01 -5.212758169967293687e-02
1.392815858125686646e-01 -2.704141736030578613e-01 -9.526156187057495117e-01 -2.976624981233459533e+00
-1.998154073953628540e-02 9.610289335250854492e-01 -2.757239043712615967e-01 -5.252526334589905366e-01
0.000000000000000000e+00 0.000000000000000000e+00 0.000000000000000000e+00 1.000000000000000000e+00
9.685187339782714844e-01 8.625432848930358887e-02 2.335198521614074707e-01 2.768341974806759476e-01
2.479899823665618896e-01 -2.524040639400482178e-01 -9.353037476539611816e-01 -3.017958884437673017e+00
-2.173261716961860657e-02 9.637700915336608887e-01 -2.658482491970062256e-01 -4.815287595675165067e-01
0.000000000000000000e+00 0.000000000000000000e+00 0.000000000000000000e+00 1.000000000000000000e+00
9.773339033126831055e-01 -1.283471821807324886e-03 2.117011547088623047e-01 1.780783080474138969e-01
2.010759264230728149e-01 -3.072464764118194580e-01 -9.301441311836242676e-01 -2.988713838593411332e+00
6.623818725347518921e-02 9.516290426254272461e-01 -3.000242710113525391e-01 -6.425363489770095082e-01
0.000000000000000000e+00 0.000000000000000000e+00 0.000000000000000000e+00 1.000000000000000000e+00
9.880700111389160156e-01 -1.079878583550453186e-01 1.098027825355529785e-01 -1.813163537939844194e-01
6.242965906858444214e-02 -3.709174692630767822e-01 -9.265651702880859375e-01 -2.914768442163255369e+00
1.407855302095413208e-01 9.223659634590148926e-01 -3.597506284713745117e-01 -9.175269488251924788e-01
0.000000000000000000e+00 0.000000000000000000e+00 0.000000000000000000e+00 1.000000000000000000e+00
9.819627404212951660e-01 -1.885247528553009033e-01 1.440455671399831772e-02 -4.915321000478924951e-01
-4.463497549295425415e-02 -3.051708340644836426e-01 -9.512507915496826172e-01 -2.930457190715125115e+00
1.837301701307296753e-01 9.334496855735778809e-01 -3.080812096595764160e-01 -8.016692135085405901e-01
0.000000000000000000e+00 0.000000000000000000e+00 0.000000000000000000e+00 1.000000000000000000e+00
9.285528659820556641e-01 -3.601535260677337646e-01 -8.987839519977569580e-02 -7.933539753738416689e-01
-2.151505947113037109e-01 -3.248732984066009521e-01 -9.209598898887634277e-01 -2.754738571170577188e+00
3.024880290031433105e-01 8.744977712631225586e-01 -3.791493475437164307e-01 -1.111549039362344171e+00
0.000000000000000000e+00 0.000000000000000000e+00 0.000000000000000000e+00 1.000000000000000000e+00
8.810514807701110840e-01 -4.629082679748535156e-01 -9.728240221738815308e-02 -7.987130422764200377e-01
-2.801592051982879639e-01 -3.449633717536926270e-01 -8.958297967910766602e-01 -2.636336201743924690e+00
3.811282813549041748e-01 8.165272474288940430e-01 -4.336185157299041748e-01 -1.351881442554931922e+00
0.000000000000000000e+00 0.000000000000000000e+00 0.000000000000000000e+00 1.000000000000000000e+00
8.436450958251953125e-01 -5.338109731674194336e-01 -5.753237754106521606e-02 -6.657179512651135722e-01
-3.266320824623107910e-01 -4.252432286739349365e-01 -8.440854549407958984e-01 -2.459230164376828398e+00
4.261161386966705322e-01 7.308997511863708496e-01 -5.331138372421264648e-01 -1.695603722435470972e+00
0.000000000000000000e+00 0.000000000000000000e+00 0.000000000000000000e+00 1.000000000000000000e+00
8.095546364784240723e-01 -5.849010944366455078e-01 -5.010683089494705200e-02 -6.213147862390615561e-01
-4.181418120861053467e-01 -5.146191120147705078e-01 -7.485481500625610352e-01 -2.114621570644653836e+00
4.120410382747650146e-01 6.269426345825195312e-01 -6.611842513084411621e-01 -2.083720061377832611e+00
0.000000000000000000e+00 0.000000000000000000e+00 0.000000000000000000e+00 1.000000000000000000e+00
7.747913599014282227e-01 -6.316381096839904785e-01 -2.704637497663497925e-02 -5.343682114116033999e-01
-5.065859556198120117e-01 -5.946661829948425293e-01 -6.242938041687011719e-01 -1.674438707931647841e+00
3.782441020011901855e-01 4.973986148834228516e-01 -7.807208299636840820e-01 -2.429302303436749799e+00
0.000000000000000000e+00 0.000000000000000000e+00 0.000000000000000000e+00 1.000000000000000000e+00
7.522927522659301758e-01 -6.585769653320312500e-01 -1.822220720350742340e-02 -4.967708578473223335e-01
-5.643575787544250488e-01 -6.299019455909729004e-01 -5.335953831672668457e-01 -1.358431533935721136e+00
3.399352133274078369e-01 4.117034375667572021e-01 -8.455431461334228516e-01 -2.609772028802426647e+00
0.000000000000000000e+00 0.000000000000000000e+00 0.000000000000000000e+00 1.000000000000000000e+00
6.543435454368591309e-01 -7.558629512786865234e-01 -2.248047851026058197e-02 -4.454722014087578175e-01
-6.769024133682250977e-01 -5.722177028656005859e-01 -4.630016684532165527e-01 -1.067255772516025880e+00
3.371022045612335205e-01 3.181790411472320557e-01 -8.860725760459899902e-01 -2.746248081594052426e+00
0.000000000000000000e+00 0.000000000000000000e+00 0.000000000000000000e+00 1.000000000000000000e+00
5.913284420967102051e-01 -8.064212203025817871e-01 3.931721672415733337e-03 -3.178018919650155705e-01
-7.402581572532653809e-01 -5.447338223457336426e-01 -3.940587341785430908e-01 -8.130272540023131267e-01
3.199194073677062988e-01 2.301077544689178467e-01 -9.190772175788879395e-01 -2.851569595436397542e+00
0.000000000000000000e+00 0.000000000000000000e+00 0.000000000000000000e+00 1.000000000000000000e+00
5.438854098320007324e-01 -8.381920456886291504e-01 4.028229787945747375e-02 -1.713107444436129945e-01
-7.824047207832336426e-01 -5.238705873489379883e-01 -3.367533981800079346e-01 -5.965984553109584532e-01
3.033668696880340576e-01 1.516382396221160889e-01 -9.407312273979187012e-01 -2.910063826199571047e+00
0.000000000000000000e+00 0.000000000000000000e+00 0.000000000000000000e+00 1.000000000000000000e+00
5.061184167861938477e-01 -8.558306097984313965e-01 1.067605540156364441e-01 6.715275875627491065e-02
-8.191108107566833496e-01 -5.157331824302673340e-01 -2.511509656906127930e-01 -3.068219770611400610e-01
2.700027227401733398e-01 3.966346383094787598e-02 -9.620423316955566406e-01 -2.962263628173932517e+00
0.000000000000000000e+00 0.000000000000000000e+00 0.000000000000000000e+00 1.000000000000000000e+00
4.346646070480346680e-01 -8.869476318359375000e-01 1.561753004789352417e-01 2.752741457529503943e-01
-8.613498806953430176e-01 -4.600586295127868652e-01 -2.154598534107208252e-01 -1.666009498880553497e-01
2.629513442516326904e-01 -4.086886718869209290e-02 -9.639433622360229492e-01 -2.965874832836559616e+00
0.000000000000000000e+00 0.000000000000000000e+00 0.000000000000000000e+00 1.000000000000000000e+00
3.527460992336273193e-01 -9.001784324645996094e-01 2.554382085800170898e-01 6.407388812910076448e-01
-8.952820897102355957e-01 -4.040663242340087891e-01 -1.876168996095657349e-01 -5.742699662712466568e-02
2.721028923988342285e-01 -1.625082939863204956e-01 -9.484465122222900391e-01 -2.921034029650888986e+00
0.000000000000000000e+00 0.000000000000000000e+00 0.000000000000000000e+00 1.000000000000000000e+00
2.946770787239074707e-01 -8.881449699401855469e-01 3.526514470577239990e-01 9.820696728235812634e-01
-9.142966866493225098e-01 -3.693609833717346191e-01 -1.662375181913375854e-01 2.486540002211926059e-02
2.778986692428588867e-01 -2.734415531158447266e-01 -9.208702445030212402e-01 -2.843645474988880650e+00
0.000000000000000000e+00 0.000000000000000000e+00 0.000000000000000000e+00 1.000000000000000000e+00
2.730160951614379883e-01 -8.614666461944580078e-01 4.281792044639587402e-01 1.223624206791043001e+00
-9.333152174949645996e-01 -3.450856208801269531e-01 -9.918628633022308350e-02 2.486168857451867276e-01
2.332040667533874512e-01 -3.725467920303344727e-01 -8.982341885566711426e-01 -2.742506358110807785e+00
0.000000000000000000e+00 0.000000000000000000e+00 0.000000000000000000e+00 1.000000000000000000e+00
1.772854477167129517e-01 -7.819038629531860352e-01 5.976584553718566895e-01 1.797405499630112979e+00
-9.619714021682739258e-01 -2.658995389938354492e-01 -6.251780688762664795e-02 3.649905049784789579e-01
2.078001499176025391e-01 -5.638468265533447266e-01 -7.993097901344299316e-01 -2.423697444484562258e+00
0.000000000000000000e+00 0.000000000000000000e+00 0.000000000000000000e+00 1.000000000000000000e+00
1.401997208595275879e-01 -6.819542050361633301e-01 7.178317904472351074e-01 2.184812815084997251e+00
-9.721820354461669922e-01 -2.322033792734146118e-01 -3.072094917297363281e-02 4.675042430399746762e-01
1.876331418752670288e-01 -6.935558915138244629e-01 -6.955386400222778320e-01 -2.101910742586234893e+00
0.000000000000000000e+00 0.000000000000000000e+00 0.000000000000000000e+00 1.000000000000000000e+00
1.096043586730957031e-01 -5.798841118812561035e-01 8.072923421859741211e-01 2.468937248931622364e+00
-9.835798144340515137e-01 -1.804342269897460938e-01 3.931256942451000214e-03 5.758879477849653261e-01
1.433833688497543335e-01 -7.944668531417846680e-01 -5.901381969451904297e-01 -1.761052012517448917e+00
0.000000000000000000e+00 0.000000000000000000e+00 0.000000000000000000e+00 1.000000000000000000e+00
7.707650959491729736e-02 -5.097927451133728027e-01 8.568373322486877441e-01 2.637468227377973484e+00
-9.900047183036804199e-01 -1.409401148557662964e-01 5.200213752686977386e-03 5.827065903781500911e-01
1.181116178631782532e-01 -8.486737608909606934e-01 -5.155609250068664551e-01 -1.523096059034932948e+00
0.000000000000000000e+00 0.000000000000000000e+00 0.000000000000000000e+00 1.000000000000000000e+00
1.548455059528350830e-01 -5.209965109825134277e-01 8.393959403038024902e-01 2.520347591401149057e+00
-9.877426028251647949e-01 -9.858058393001556396e-02 1.210242360830307007e-01 9.330053769848717371e-01
1.969490200281143188e-02 -8.478468656539916992e-01 -5.298750996589660645e-01 -1.495713872721303961e+00
0.000000000000000000e+00 0.000000000000000000e+00 0.000000000000000000e+00 1.000000000000000000e+00
2.659734785556793213e-01 -5.843669176101684570e-01 7.666635513305664062e-01 2.232747162663784035e+00
-9.599692225456237793e-01 -8.808639645576477051e-02 2.658943831920623779e-01 1.346504384262214860e+00
-8.784729987382888794e-02 -8.066948652267456055e-01 -5.844032168388366699e-01 -1.569460041691658647e+00
0.000000000000000000e+00 0.000000000000000000e+00 0.000000000000000000e+00 1.000000000000000000e+00
3.155382573604583740e-01 -6.273581981658935547e-01 7.119389176368713379e-01 2.044615872152530045e+00
-9.317924380302429199e-01 -6.297358870506286621e-02 3.574876189231872559e-01 1.592545882103582722e+00
-1.794392317533493042e-01 -7.761799097061157227e-01 -6.044379472732543945e-01 -1.566546409076645441e+00
0.000000000000000000e+00 0.000000000000000000e+00 0.000000000000000000e+00 1.000000000000000000e+00
3.618604838848114014e-01 -6.477656960487365723e-01 6.704150438308715820e-01 1.892422097286487137e+00
-8.915140628814697266e-01 -3.023974969983100891e-02 4.519819021224975586e-01 1.838028604867253835e+00
-2.725053131580352783e-01 -7.612391710281372070e-01 -5.884350538253784180e-01 -1.449940949924542144e+00
0.000000000000000000e+00 0.000000000000000000e+00 0.000000000000000000e+00 1.000000000000000000e+00
4.173738062381744385e-01 -6.499865055084228516e-01 6.350717544555664062e-01 1.743089250818252722e+00
-8.408498764038085938e-01 -1.119681727141141891e-02 5.411533713340759277e-01 2.058667221892434895e+00
-3.446313142776489258e-01 -7.598634362220764160e-01 -5.512148141860961914e-01 -1.278578154572085346e+00
0.000000000000000000e+00 0.000000000000000000e+00 0.000000000000000000e+00 1.000000000000000000e+00
5.119617581367492676e-01 -6.526501178741455078e-01 5.585187673568725586e-01 1.465723649936125472e+00
-7.360824346542358398e-01 1.853299676440656185e-03 6.768895983695983887e-01 2.358324085238329815e+00
-4.428070485591888428e-01 -7.576575279235839844e-01 -4.794553220272064209e-01 -9.662320610883132765e-01
0.000000000000000000e+00 0.000000000000000000e+00 0.000000000000000000e+00 1.000000000000000000e+00
6.153346300125122070e-01 -6.889204382896423340e-01 3.830813169479370117e-01 8.815226505741350360e-01
-5.842937231063842773e-01 -7.241769134998321533e-02 8.083047866821289062e-01 2.656626091482253482e+00
-5.291156172752380371e-01 -7.212100625038146973e-01 -4.470930397510528564e-01 -8.027478563622281182e-01
0.000000000000000000e+00 0.000000000000000000e+00 0.000000000000000000e+00 1.000000000000000000e+00
6.294281482696533203e-01 -7.296111583709716797e-01 2.673733532428741455e-01 5.731724887416710379e-01
-4.958599507808685303e-01 -1.122062280774116516e-01 8.611230254173278809e-01 2.752606265717056022e+00
-5.982835292816162109e-01 -6.745945811271667480e-01 -4.324106872081756592e-01 -7.177329186891638901e-01
0.000000000000000000e+00 0.000000000000000000e+00 0.000000000000000000e+00 1.000000000000000000e+00
5.854613780975341797e-01 -7.862389683723449707e-01 1.976436078548431396e-01 4.316515248133719340e-01
-3.958647847175598145e-01 -6.450187414884567261e-02 9.160404801368713379e-01 2.851304156366790465e+00
-7.074785232543945312e-01 -6.145466566085815430e-01 -3.490076363086700439e-01 -4.570515483044254035e-01
0.000000000000000000e+00 0.000000000000000000e+00 0.000000000000000000e+00 1.000000000000000000e+00
4.097929000854492188e-01 -9.102634787559509277e-01 5.907225236296653748e-02 1.900199695651388909e-01
-2.303759902715682983e-01 -4.061827436089515686e-02 9.722536206245422363e-01 2.922984375210371244e+00
-8.826078772544860840e-01 -4.120314717292785645e-01 -2.263480573892593384e-01 -9.370449270318975676e-02
0.000000000000000000e+00 0.000000000000000000e+00 0.000000000000000000e+00 1.000000000000000000e+00
2.742049694061279297e-01 -9.572113752365112305e-01 -9.251289814710617065e-02 -2.082275306586324204e-01
-2.623026072978973389e-01 -1.669969409704208374e-01 9.504261612892150879e-01 2.941259769479935393e+00
-9.252078533172607422e-01 -2.363449782133102417e-01 -2.968704104423522949e-01 -3.600974498045703687e-01
0.000000000000000000e+00 0.000000000000000000e+00 0.000000000000000000e+00 1.000000000000000000e+00
2.892315685749053955e-01 -9.570856690406799316e-01 1.823557354509830475e-02 1.346325885954656187e-01
-3.797514438629150391e-01 -9.723269194364547729e-02 9.199643135070800781e-01 2.874381429106518393e+00
-8.787115216255187988e-01 -2.730078101158142090e-01 -3.915775418281555176e-01 -6.285345492831645453e-01
0.000000000000000000e+00 0.000000000000000000e+00 0.000000000000000000e+00 1.000000000000000000e+00
2.706430554389953613e-01 -9.622669816017150879e-01 2.820541337132453918e-02 2.124685168655914558e-01
-4.635671377182006836e-01 -1.045908108353614807e-01 8.798673152923583984e-01 2.790210586723663955e+00
-8.437166810035705566e-01 -2.512049078941345215e-01 -4.743818640708923340e-01 -9.016493205001456790e-01
0.000000000000000000e+00 0.000000000000000000e+00 0.000000000000000000e+00 1.000000000000000000e+00
1.575741022825241089e-01 -9.864042997360229492e-01 4.665577784180641174e-02 3.179920865354149973e-01
-4.733219742774963379e-01 -3.397717326879501343e-02 8.802340626716613770e-01 2.784345242006860843e+00
-8.666816353797912598e-01 -1.607852429151535034e-01 -4.722405374050140381e-01 -9.114926608781080963e-01
0.000000000000000000e+00 0.000000000000000000e+00 0.000000000000000000e+00 1.000000000000000000e+00
