1 0 0 -0.01792658120393753 
0 1 0 0.02243540808558464 
0 0 1 -0.3816788792610168 
0 0 0 1 

0.999328076839447 0.03383150324225426 0.01409729942679405 -0.02000398188829422 
-0.03385690972208977 0.9994254112243652 0.001567526487633586 0.01893945224583149 
-0.01403616555035114 -0.002043781103566289 0.9998993873596191 -0.3678381443023682 
0 0 0 1 

0.7627121210098267 0.6458325386047363 -0.03421041741967201 -0.02725495025515556 
-0.6429136991500854 0.7513965964317322 -0.1485427916049957 0.05836525559425354 
-0.0702282190322876 0.13528972864151 0.9883140325546265 -0.2775093019008636 
0 0 0 1 

0.787080705165863 0.6161811947822571 0.02871374785900116 -0.05060997605323792 
-0.6137052178382874 0.7869136929512024 -0.06428446620702744 0.03046868555247784 
-0.06220613420009613 0.03297526761889458 0.9975184202194214 -0.283624678850174 
0 0 0 1 

0.8118143081665039 0.5791295170783997 0.07460738718509674 -0.06849709898233414 
-0.5814877152442932 0.8134520053863525 0.01294721383601427 0.004106645938009024 
-0.0531914047896862 -0.0538940392434597 0.9971289038658142 -0.287420392036438 
0 0 0 1 

0.8406043648719788 0.5333071947097778 0.09469684958457947 -0.07908127456903458 
-0.5411772727966309 0.8342347145080566 0.1057328209280968 -0.02741227485239506 
-0.02261126972734928 -0.1401272714138031 0.9898752570152283 -0.289334625005722 
0 0 0 1 

0.8499311804771423 0.5199646353721619 0.08516840636730194 -0.07974731177091599 
-0.525795042514801 0.8265728354454041 0.2007902711629868 -0.06049679964780807 
0.03400600329041481 -0.215439036488533 0.9759249687194824 -0.2891717553138733 
0 0 0 1 

0.9826270341873169 0.184794545173645 0.01717642694711685 -0.02573202177882195 
-0.1836675405502319 0.9815592765808105 -0.05298593267798424 0.002021635649725795 
-0.02665121108293533 0.04891065135598183 0.9984475374221802 -0.2326283752918243 
0 0 0 1 

0.9893431067466736 0.1325206011533737 -0.06031971797347069 -0.01617588475346565 
-0.1350214928388596 0.9900569319725037 -0.0394502691924572 -0.04840490221977234 
0.05449195578694344 0.04717434570193291 0.9973992109298706 -0.3376710116863251 
0 0 0 1 

0.9376887679100037 -0.09586496651172638 0.3339903056621552 -0.05601049587130547 
0.03969867900013924 0.9844516515731812 0.1711107939481735 -0.02786356396973133 
-0.3452008664608002 -0.147189661860466 0.9269149899482727 -0.1962653547525406 
0 0 0 1 

