0.9630529880523682 0.05425290763378143 -0.2637902796268463 0.09038015455007553 
-0.05375230312347412 0.9985126256942749 0.009120489470660686 0.01676769554615021 
0.2638927400112152 0.00539587065577507 0.9645367860794067 -0.3630455136299133 
0 0 0 1 

0.9589635729789734 0.06725043803453445 -0.2754381000995636 0.09654141217470169 
-0.06003833189606667 0.9975981712341309 0.03454254940152168 0.01074657775461674 
0.2770995497703552 -0.01658818311989307 0.9606979489326477 -0.3588007986545563 
0 0 0 1 

0.5343207120895386 0.835160493850708 -0.1304147839546204 0.03339935839176178 
-0.844390869140625 0.5202852487564087 -0.1276992410421371 0.06614015996456146 
-0.03879652917385101 0.178353413939476 0.9832013249397278 -0.2234259098768234 
0 0 0 1 

0.5282328724861145 0.8380241990089417 -0.1366935670375824 0.03209437057375908 
-0.8368388414382935 0.4865562319755554 -0.2509255707263947 0.0973522886633873 
-0.1437726765871048 0.24693763256073 0.9583064913749695 -0.2127242833375931 
0 0 0 1 

0.4746821522712708 0.8653044104576111 -0.1610121428966522 0.03800405561923981 
-0.8393056988716125 0.3899262547492981 -0.378844678401947 0.1303048878908157 
-0.2650331854820251 0.3149692416191101 0.9113461375236511 -0.1947712153196335 
0 0 0 1 

0.4423862397670746 0.8787531852722168 -0.1791283935308456 0.04350101575255394 
-0.8203921914100647 0.3158427476882935 -0.4766547679901123 0.1554276347160339 
-0.3622855842113495 0.3578210175037384 0.8606469631195068 -0.1777048408985138 
0 0 0 1 

0.4122053384780884 0.8885222673416138 -0.2015314102172852 0.0531928539276123 
-0.80119389295578 0.2481879740953445 -0.5445098280906677 0.1723137944936752 
-0.4337914884090424 0.385915607213974 0.8141831159591675 -0.1626980602741241 
0 0 0 1 

0.386637419462204 0.8881708383560181 -0.2483225613832474 0.07090160250663757 
-0.7841272354125977 0.1748626679182053 -0.5954556465148926 0.1833587139844894 
-0.4854439496994019 0.4249418973922729 0.7640474438667297 -0.1450516581535339 
0 0 0 1 

0.3667987883090973 0.890480637550354 -0.2692637741565704 0.08298347145318985 
-0.7763533592224121 0.1335244923830032 -0.6159926056861877 0.1853256672620773 
-0.5125761032104492 0.4349892139434814 0.7403041124343872 -0.1331747621297836 
0 0 0 1 

0.3551212847232819 0.8861163854598999 -0.2978032529354095 0.09297692775726318 
-0.7763022184371948 0.102057471871376 -0.6220443248748779 0.1843020170927048 
-0.520810604095459 0.4520864188671112 0.724137008190155 -0.1259220689535141 
0 0 0 1 

