0.7243257761001587 0.6887139678001404 -0.0320143885910511 -0.01257580518722534 
-0.6837418675422668 0.711579442024231 -0.1617138981819153 0.08287440985441208 
-0.08859390765428543 0.139023095369339 0.9863182306289673 -0.2906463444232941 
0 0 0 1 

0.6483830213546753 0.7605077028274536 -0.03502987325191498 -0.006676813587546349 
-0.7568914890289307 0.6389814019203186 -0.1371779441833496 0.07793351262807846 
-0.08194150030612946 0.1154576539993286 0.989926815032959 -0.2934853136539459 
0 0 0 1 

0.5525554418563843 0.8322559595108032 -0.04507944360375404 0.00238003907725215 
-0.8317478895187378 0.5471215844154358 -0.09409110993146896 0.0663420706987381 
-0.05364398285746574 0.0894852802157402 0.9945424795150757 -0.2984263002872467 
0 0 0 1 

0.4575890004634857 0.8836926817893982 -0.09848637133836746 0.02551497891545296 
-0.8891577124595642 0.4543608725070953 -0.05435721948742867 0.0542963333427906 
-0.00328673142939806 0.1124431863427162 0.9936527013778687 -0.3021673262119293 
0 0 0 1 

0.350720077753067 0.9304354190826416 -0.1062329858541489 0.03233511373400688 
-0.9362468719482422 0.350902646780014 -0.01758657395839691 0.0406453013420105 
0.02091426774859428 0.1056282520294189 0.994185745716095 -0.303741842508316 
0 0 0 1 

0.2712707817554474 0.9538803696632385 -0.128545805811882 0.04194707795977592 
-0.9589998126029968 0.2792463898658752 0.04837953299283981 0.01603938266634941 
0.08204422891139984 0.1101514846086502 0.9905228018760681 -0.3032419383525848 
0 0 0 1 

0.3613000214099884 0.912716805934906 -0.1908146291971207 0.05799085646867752 
-0.9291236996650696 0.3696611523628235 0.008927923627197742 0.03117074072360992 
0.07868541032075882 0.1740647554397583 0.9815855026245117 -0.2905119061470032 
0 0 0 1 

0.4028836786746979 0.8926644325256348 -0.2020764946937561 0.05936901271343231 
-0.9150512218475342 0.397469699382782 -0.06854923069477081 0.05750969424843788 
0.01912779361009598 0.2125277370214462 0.9769678115844727 -0.2854963541030884 
0 0 0 1 

0.4585404992103577 0.8579086065292358 -0.2318041622638702 0.06493222713470459 
-0.8878331184387207 0.4309078752994537 -0.1614633798599243 0.08586990833282471 
-0.03863465785980225 0.2798409461975098 0.9592686891555786 -0.2749856114387512 
0 0 0 1 

0.5432487726211548 0.8161696791648865 -0.1968443840742111 0.04835178703069687 
-0.8351065516471863 0.5011493563652039 -0.2268175780773163 0.1028691828250885 
-0.0864732414484024 0.287604421377182 0.953837513923645 -0.2695578038692474 
0 0 0 1 

