1.000000000000000000e+00 0.000000000000000000e+00 0.000000000000000000e+00 -4.542167112231254578e-02
0.000000000000000000e+00 1.000000000000000000e+00 0.000000000000000000e+00 9.935460984706878662e-04
0.000000000000000000e+00 0.000000000000000000e+00 1.000000000000000000e+00 -2.875000238418579102e-01
0.000000000000000000e+00 0.000000000000000000e+00 0.000000000000000000e+00 1.000000000000000000e+00
9.965745806694030762e-01 8.176808804273605347e-02 1.236427668482065201e-02 -4.771270230412483215e-02
-8.152672648429870605e-02 9.964917898178100586e-01 -1.890684291720390320e-02 1.010892447084188461e-02
-1.386688929051160812e-02 1.783405430614948273e-02 9.997448325157165527e-01 -2.934033870697021484e-01
0.000000000000000000e+00 0.000000000000000000e+00 0.000000000000000000e+00 1.000000000000000000e+00
9.860532283782958984e-01 1.631389111280441284e-01 3.292948007583618164e-02 -5.223589390516281128e-02
-1.613249033689498901e-01 9.855416417121887207e-01 -5.178481712937355042e-02 2.517279423773288727e-02
-4.090156778693199158e-02 4.575018957257270813e-02 9.981151819229125977e-01 -2.924852967262268066e-01
0.000000000000000000e+00 0.000000000000000000e+00 0.000000000000000000e+00 1.000000000000000000e+00
9.660715460777282715e-01 2.558062970638275146e-01 3.562030941247940063e-02 -5.074141547083854675e-02
-2.526054382324218750e-01 9.645749926567077637e-01 -7.606294751167297363e-02 3.765664249658584595e-02
-5.381587147712707520e-02 6.448435038328170776e-02 9.964665174484252930e-01 -2.919696271419525146e-01
0.000000000000000000e+00 0.000000000000000000e+00 0.000000000000000000e+00 1.000000000000000000e+00
9.379892945289611816e-01 3.427066504955291748e-01 5.223006382584571838e-02 -5.281808972358703613e-02
-3.348714709281921387e-01 9.347015023231506348e-01 -1.191380247473716736e-01 5.542574077844619751e-02
-8.964897692203521729e-02 9.425979107618331909e-02 9.915030598640441895e-01 -2.892065346240997314e-01
0.000000000000000000e+00 0.000000000000000000e+00 0.000000000000000000e+00 1.000000000000000000e+00
8.929546475410461426e-01 4.491829276084899902e-01 2.944104373455047607e-02 -4.271425306797027588e-02
-4.415221810340881348e-01 8.867122530937194824e-01 -1.371110826730728149e-01 6.509380787611007690e-02
-8.769370615482330322e-02 1.094351261854171753e-01 9.901180863380432129e-01 -2.900320291519165039e-01
0.000000000000000000e+00 0.000000000000000000e+00 0.000000000000000000e+00 1.000000000000000000e+00
8.465234041213989258e-01 5.321466326713562012e-01 1.476231031119823456e-02 -3.535829856991767883e-02
-5.228543281555175781e-01 8.363167047500610352e-01 -1.649162769317626953e-01 7.752508670091629028e-02
-1.001056656241416931e-01 1.318869441747665405e-01 9.861970543861389160e-01 -2.887873947620391846e-01
0.000000000000000000e+00 0.000000000000000000e+00 0.000000000000000000e+00 1.000000000000000000e+00
7.939787507057189941e-01 6.078962683677673340e-01 -7.755580823868513107e-03 -2.540588192641735077e-02
-6.004966497421264648e-01 7.821958065032958984e-01 -1.660520285367965698e-01 8.122374862432479858e-02
-9.487602114677429199e-02 1.364989578723907471e-01 9.860866069793701172e-01 -2.898825407028198242e-01
0.000000000000000000e+00 0.000000000000000000e+00 0.000000000000000000e+00 1.000000000000000000e+00
7.243257761001586914e-01 6.887139678001403809e-01 -3.201438859105110168e-02 -1.257580518722534180e-02
-6.837418675422668457e-01 7.115794420242309570e-01 -1.617138981819152832e-01 8.287440985441207886e-02
-8.859390765428543091e-02 1.390230953693389893e-01 9.863182306289672852e-01 -2.906463444232940674e-01
0.000000000000000000e+00 0.000000000000000000e+00 0.000000000000000000e+00 1.000000000000000000e+00
6.483830213546752930e-01 7.605077028274536133e-01 -3.502987325191497803e-02 -6.676813587546348572e-03
-7.568914890289306641e-01 6.389814019203186035e-01 -1.371779441833496094e-01 7.793351262807846069e-02
-8.194150030612945557e-02 1.154576539993286133e-01 9.899268150329589844e-01 -2.934853136539459229e-01
0.000000000000000000e+00 0.000000000000000000e+00 0.000000000000000000e+00 1.000000000000000000e+00
5.525554418563842773e-01 8.322559595108032227e-01 -4.507944360375404358e-02 2.380039077252149582e-03
-8.317478895187377930e-01 5.471215844154357910e-01 -9.409110993146896362e-02 6.634207069873809814e-02
-5.364398285746574402e-02 8.948528021574020386e-02 9.945424795150756836e-01 -2.984263002872467041e-01
0.000000000000000000e+00 0.000000000000000000e+00 0.000000000000000000e+00 1.000000000000000000e+00
4.575890004634857178e-01 8.836926817893981934e-01 -9.848637133836746216e-02 2.551497891545295715e-02
-8.891577124595642090e-01 4.543608725070953369e-01 -5.435721948742866516e-02 5.429633334279060364e-02
-3.286731429398059845e-03 1.124431863427162170e-01 9.936527013778686523e-01 -3.021673262119293213e-01
0.000000000000000000e+00 0.000000000000000000e+00 0.000000000000000000e+00 1.000000000000000000e+00
3.507200777530670166e-01 9.304354190826416016e-01 -1.062329858541488647e-01 3.233511373400688171e-02
-9.362468719482421875e-01 3.509026467800140381e-01 -1.758657395839691162e-02 4.064530134201049805e-02
2.091426774859428406e-02 1.056282520294189453e-01 9.941857457160949707e-01 -3.037418425083160400e-01
0.000000000000000000e+00 0.000000000000000000e+00 0.000000000000000000e+00 1.000000000000000000e+00
2.712707817554473877e-01 9.538803696632385254e-01 -1.285458058118820190e-01 4.194707795977592468e-02
-9.589998126029968262e-01 2.792463898658752441e-01 4.837953299283981323e-02 1.603938266634941101e-02
8.204422891139984131e-02 1.101514846086502075e-01 9.905228018760681152e-01 -3.032419383525848389e-01
0.000000000000000000e+00 0.000000000000000000e+00 0.000000000000000000e+00 1.000000000000000000e+00
1.932632029056549072e-01 9.676177501678466797e-01 -1.623738706111907959e-01 5.394291505217552185e-02
-9.718549251556396484e-01 2.115156352519989014e-01 1.037266850471496582e-01 -4.454375710338354111e-03
1.347123831510543823e-01 1.377572864294052124e-01 9.812622070312500000e-01 -3.012996017932891846e-01
0.000000000000000000e+00 0.000000000000000000e+00 0.000000000000000000e+00 1.000000000000000000e+00
1.158232539892196655e-01 9.806928634643554688e-01 -1.575648039579391479e-01 5.425493419170379639e-02
-9.709760546684265137e-01 1.452105790376663208e-01 1.900512129068374634e-01 -3.395399078726768494e-02
2.092619389295578003e-01 1.309792697429656982e-01 9.690479636192321777e-01 -2.986859083175659180e-01
0.000000000000000000e+00 0.000000000000000000e+00 0.000000000000000000e+00 1.000000000000000000e+00
1.860195100307464600e-01 9.714755415916442871e-01 -1.470785588026046753e-01 5.012204125523567200e-02
-9.545167088508605957e-01 2.141761779785156250e-01 2.074277997016906738e-01 -3.899322450160980225e-02
2.330117523670196533e-01 1.018033176660537720e-01 9.671305418014526367e-01 -2.961732149124145508e-01
0.000000000000000000e+00 0.000000000000000000e+00 0.000000000000000000e+00 1.000000000000000000e+00
2.709958255290985107e-01 9.507971405982971191e-01 -1.501527428627014160e-01 4.862916469573974609e-02
-9.382800459861755371e-01 2.957499325275421143e-01 1.793387979269027710e-01 -2.781361527740955353e-02
2.149225026369094849e-01 9.228528290987014771e-02 9.722611308097839355e-01 -2.951780855655670166e-01
0.000000000000000000e+00 0.000000000000000000e+00 0.000000000000000000e+00 1.000000000000000000e+00
3.276655972003936768e-01 9.324138164520263672e-01 -1.524458080530166626e-01 4.753907024860382080e-02
-9.327198863029479980e-01 3.449527621269226074e-01 1.050765961408615112e-01 -1.872252323664724827e-03
1.505614817142486572e-01 1.077592521905899048e-01 9.827101826667785645e-01 -2.950242459774017334e-01
0.000000000000000000e+00 0.000000000000000000e+00 0.000000000000000000e+00 1.000000000000000000e+00
3.613000214099884033e-01 9.127168059349060059e-01 -1.908146291971206665e-01 5.799085646867752075e-02
-9.291236996650695801e-01 3.696611523628234863e-01 8.927923627197742462e-03 3.117074072360992432e-02
7.868541032075881958e-02 1.740647554397583008e-01 9.815855026245117188e-01 -2.905119061470031738e-01
0.000000000000000000e+00 0.000000000000000000e+00 0.000000000000000000e+00 1.000000000000000000e+00
4.028836786746978760e-01 8.926644325256347656e-01 -2.020764946937561035e-01 5.936901271343231201e-02
-9.150512218475341797e-01 3.974696993827819824e-01 -6.854923069477081299e-02 5.750969424843788147e-02
1.912779361009597778e-02 2.125277370214462280e-01 9.769678115844726562e-01 -2.854963541030883789e-01
0.000000000000000000e+00 0.000000000000000000e+00 0.000000000000000000e+00 1.000000000000000000e+00
4.585404992103576660e-01 8.579086065292358398e-01 -2.318041622638702393e-01 6.493222713470458984e-02
-8.878331184387207031e-01 4.309078752994537354e-01 -1.614633798599243164e-01 8.586990833282470703e-02
-3.863465785980224609e-02 2.798409461975097656e-01 9.592686891555786133e-01 -2.749856114387512207e-01
0.000000000000000000e+00 0.000000000000000000e+00 0.000000000000000000e+00 1.000000000000000000e+00
5.432487726211547852e-01 8.161696791648864746e-01 -1.968443840742111206e-01 4.835178703069686890e-02
-8.351065516471862793e-01 5.011493563652038574e-01 -2.268175780773162842e-01 1.028691828250885010e-01
-8.647324144840240479e-02 2.876044213771820068e-01 9.538375139236450195e-01 -2.695578038692474365e-01
0.000000000000000000e+00 0.000000000000000000e+00 0.000000000000000000e+00 1.000000000000000000e+00
