1 0 0 -0.03619798645377159 
0 1 0 -0.001327119767665863 
0 0 1 -0.2960163652896881 
0 0 0 1 

0.9900684952735901 0.1399479955434799 0.01337352581322193 -0.04340837150812149 
-0.138951912522316 0.9885858297348022 -0.05822646990418434 0.0280364528298378 
-0.02136958576738834 0.05578990653157234 0.9982138276100159 -0.2967813611030579 
0 0 0 1 

0.9715009331703186 0.2350789159536362 0.0303923673927784 -0.04884751513600349 
-0.2309588342905045 0.9676286578178406 -0.1017481684684753 0.05174174904823303 
-0.05332743376493454 0.09182903170585632 0.9943457841873169 -0.2947842478752136 
0 0 0 1 

0.9409331679344177 0.3373810052871704 0.02861222252249718 -0.04732793569564819 
-0.3301419615745544 0.9329301118850708 -0.1436927914619446 0.0735345184803009 
-0.07517246901988983 0.1257592141628265 0.9892086386680603 -0.291938304901123 
0 0 0 1 

0.8944587707519531 0.4471477568149567 -0.001551769091747701 -0.03267111256718636 
-0.4413128793239594 0.8822173476219177 -0.1641205102205276 0.08673866838216782 
-0.0720171183347702 0.1474838405847549 0.986439049243927 -0.291183203458786 
0 0 0 1 

0.8290711641311646 0.5590354204177856 -0.01096177380532026 -0.02380827628076077 
-0.5508275032043457 0.8132160902023315 -0.1877985298633575 0.1004480049014091 
-0.09607183188199997 0.1617363691329956 0.9821463823318481 -0.289372593164444 
0 0 0 1 

0.7551085948944092 0.6543950438499451 -0.03972165286540985 -0.008340162225067616 
-0.650335967540741 0.7400079369544983 -0.1716131418943405 0.09929411113262177 
-0.08290854096412659 0.1554189771413803 0.984363317489624 -0.2923597991466522 
0 0 0 1 

0.5853412747383118 0.8099094033241272 -0.03771059960126877 -0.001471469993703067 
-0.8098462224006653 0.5817896723747253 -0.075297512114048 0.06879121065139771 
-0.03904455155134201 0.07461453229188919 0.9964478015899658 -0.3066913783550262 
0 0 0 1 

0.5014930367469788 0.8642429113388062 -0.0398588702082634 0.003885844489559531 
-0.8645811080932617 0.4989370703697205 -0.05967530235648155 0.06420659273862839 
-0.03168689459562302 0.0643879771232605 0.9974217414855957 -0.3103504478931427 
0 0 0 1 

0.4365769922733307 0.8990445733070374 -0.03345269709825516 0.006172729656100273 
-0.8996531367301941 0.4360648393630981 -0.02170851640403271 0.0510028675198555 
-0.004929374437779188 0.03957317396998405 0.9992042779922485 -0.3146200478076935 
0 0 0 1 

