0.3837478458881378 0.8723503351211548 -0.302890419960022 0.09113489091396332 
-0.7765074968338013 0.1273180842399597 -0.6171112656593323 0.18557108938694 
-0.4997737407684326 0.4720117747783661 0.7262445092201233 -0.1299149096012115 
0 0 0 1 

0.2655773758888245 0.9352895021438599 -0.2338852733373642 0.08457686007022858 
-0.7704108953475952 0.06003843247890472 -0.6347144842147827 0.1843385696411133 
-0.5795996189117432 0.3487535715103149 0.7365019917488098 -0.1264840662479401 
0 0 0 1 

-0.23358353972435 0.9547658562660217 -0.1840134859085083 0.09072265774011612 
-0.7068986296653748 -0.2966920733451843 -0.642081081867218 0.1698983162641525 
-0.6676324605941772 -0.01990070752799511 0.744225025177002 -0.1216211467981339 
0 0 0 1 

-0.3467011749744415 0.9283556938171387 -0.1339916437864304 0.09092769771814346 
-0.6934689283370972 -0.3498851656913757 -0.6298261880874634 0.1640224307775497 
-0.6315844655036926 -0.1254424452781677 0.765091598033905 -0.119966134428978 
0 0 0 1 

0.2227291315793991 0.9218957424163818 -0.3170174360275269 0.08573447912931442 
-0.7349178791046143 -0.05488095432519913 -0.6759317517280579 0.1831707358360291 
-0.6405368447303772 0.3835314810276031 0.6652940511703491 -0.1014545783400536 
0 0 0 1 

0.9118676781654358 0.1246107071638107 -0.3911130726337433 0.09540451318025589 
-0.3729830980300903 0.6493971943855286 -0.6626964211463928 0.1997713893651962 
0.1714085638523102 0.7501700520515442 0.6386420130729675 -0.1215543448925018 
0 0 0 1 

0.9089003801345825 0.1406073719263077 -0.3925935328006744 0.09739302843809128 
-0.4018959105014801 0.5465394258499146 -0.7346932888031006 0.2206006199121475 
0.1112644970417023 0.8255447149276733 0.5532594323158264 -0.09080244600772858 
0 0 0 1 

0.9080143570899963 0.200245663523674 -0.3679831027984619 0.09561353176832199 
-0.4189389050006866 0.4334289133548737 -0.7978906035423279 0.2379189282655716 
-0.0002796451444737613 0.8786585927009583 0.4774504005908966 -0.06017924472689629 
0 0 0 1 

0.9006617665290833 0.224592998623848 -0.3719762563705444 0.09993523359298706 
-0.4306924045085907 0.3480406701564789 -0.8326893448829651 0.2444027364253998 
-0.05755339190363884 0.9101788401603699 0.4101974666118622 -0.03641146793961525 
0 0 0 1 

0.878035843372345 0.2364080101251602 -0.4161302447319031 0.1141224429011345 
-0.4685434103012085 0.2473433762788773 -0.8481086492538452 0.2455835491418839 
-0.09757250547409058 0.9396452903747559 0.3279438018798828 -0.01192385610193014 
0 0 0 1 

